time,x,y,z
1754121600.02246,1,-6,-74
1754121600.0594602,5,-5,-71
1754121600.0984602,-2,3,-67
1754121600.13646,4,0,-68
1754121600.17246,0,-4,-66
1754121600.20946,4,-8,-61
1754121600.24846,1,-6,-59
1754121600.2864602,0,-3,-49
1754121600.3224602,2,-1,-61
1754121600.35946,-1,4,-63
1754121600.39846,-10,-1,-69
1754121600.43646,4,3,-63
1754121600.47246,1,-2,-68
1754121600.5094602,-1,6,-71
1754121600.54846,0,0,-57
1754121600.58646,-2,5,-53
1754121600.62246,-5,-3,-68
1754121600.66046,1,0,-61
1754121600.69846,8,-1,-57
1754121600.73746,-3,0,-62
1754121600.77346,0,0,-63
1754121600.81046,7,-2,-65
1754121600.8484602,6,6,-57
1754121600.88746,1,2,-61
1754121600.92346,0,-2,-62
1754121600.96146,-2,1,-62
1754121600.99846,-4,2,-61
1754121601.03746,3,-1,-68
1754121601.07346,3,3,-64
1754121601.11046,10,0,-60
1754121601.14846,-1,-1,-54
1754121601.1874602,0,-2,-60
1754121601.2234602,-4,-2,-60
1754121601.26146,-6,0,-67
1754121601.2994602,2,2,-65
1754121601.3384602,1,3,-67
1754121601.37446,-1,-4,-64
1754121601.41246,0,0,-63
1754121601.4504602,0,-1,-58
1754121601.48846,0,2,-57
1754121601.52746,5,0,-59
1754121601.56346,4,1,-67
1754121601.60046,6,1,-74
1754121601.6384602,0,6,-61
1754121601.6774602,1,-1,-63
1754121601.7134602,-1,-4,-62
1754121601.75146,3,-1,-68
1754121601.7894602,1,0,-66
1754121601.82846,-2,-2,-63
1754121601.86446,-1,-2,-61
1754121601.90346,2,-4,-63
1754121601.9404602,2,2,-54
1754121601.97946,-6,3,-59
1754121602.01746,-3,1,-57
1754121602.05346,5,0,-59
1754121602.09046,0,1,-64
1754121602.12946,0,0,-53
1754121602.1674602,1,-5,-41
1754121602.20346,-1,-5,-54
1754121602.24146,-3,-1,-69
1754121602.2794602,-10,-1,-62
1754121602.31846,-5,-3,-53
1754121602.35446,-2,0,-59
1754121602.39246,-1,5,-58
1754121602.43046,-3,-6,-57
1754121602.46946,1,-9,-53
1754121602.50746,4,-1,-56
1754121602.54346,0,1,-68
1754121602.58046,1,0,-61
1754121602.61946,-2,2,-51
1754121602.6574602,0,4,-72
1754121602.69346,2,0,-71
1754121602.7304602,2,1,-68
1754121602.7694602,8,3,-63
1754121602.80746,-1,-2,-73
1754121602.84346,3,-2,-72
1754121602.8814602,2,-5,-67
1754121602.92046,2,-7,-55
1754121602.95846,-3,-7,-54
1754121602.99446,-4,0,-66
1754121603.0324602,-6,6,-50
1754121603.07046,-1,1,-54
1754121603.10946,-6,-9,-59
1754121603.14546,-3,-4,-66
1754121603.18346,0,-4,-64
1754121603.22146,-1,-3,-71
1754121603.26046,0,0,-59
1754121603.29846,-1,-1,-55
1754121603.33446,4,-5,-66
1754121603.37246,-6,0,-64
1754121603.41046,0,-1,-55
1754121603.44946,0,-2,-61
1754121603.48546,0,-3,-58
1754121603.52446,0,0,-61
1754121603.56146,0,-4,-70
1754121603.59946,1,5,-58
1754121603.63546,1,-2,-72
1754121603.6744602,-2,-7,-69
1754121603.71146,1,-8,-67
1754121603.74946,-7,0,-64
1754121603.78846,-5,0,-62
1754121603.82446,0,0,-56
1754121603.8614602,-3,-2,-60
1754121603.89946,2,-6,-69
1754121603.93846,-1,-1,-65
1754121603.97446,1,5,-61
1754121604.01146,4,4,-60
1754121604.05046,6,-6,-55
1754121604.0884602,9,-5,-58
1754121604.12446,-1,-5,-62
1754121604.16246,2,1,-73
1754121604.2004602,9,0,-66
1754121604.23946,-1,-7,-73
1754121604.27546,-1,-8,-65
1754121604.31346,-1,-1,-63
1754121604.35146,-4,1,-62
1754121604.39046,2,7,-65
1754121604.42846,0,0,-65
1754121604.46446,9,-1,-63
1754121604.50146,-1,1,-77
1754121604.54046,-2,0,-72
1754121604.57846,-1,1,-67
1754121604.61446,5,-1,-59
1754121604.65246,3,-3,-66
1754121604.69146,3,-2,-60
1754121604.72946,3,0,-62
1754121604.76546,-2,-3,-65
1754121604.80446,0,1,-70
1754121604.84146,5,1,-65
1754121604.88046,2,-3,-63
1754121604.91846,-3,-8,-61
1754121604.95446,5,0,-62
1754121604.99146,-2,4,-68
1754121605.03046,-5,2,-68
1754121605.06846,1,-2,-63
1754121605.10446,-4,1,-60
1754121605.14246,1,-4,-66
1754121605.18046,1,3,-70
1754121605.21946,0,2,-62
1754121605.25546,-1,0,-69
1754121605.29446,9,1,-59
1754121605.33146,5,-2,-69
1754121605.37046,-1,-1,-70
1754121605.40846,-1,4,-58
1754121605.44546,-3,6,-60
1754121605.48246,1,-2,-67
1754121605.52146,9,-1,-58
1754121605.5594602,0,0,-51
1754121605.5954602,-8,0,-61
1754121605.63346,-3,6,-60
1754121605.6714602,-3,-3,-55
1754121605.7104602,0,-1,-66
1754121605.7464602,0,0,-71
1754121605.78346,-7,0,-68
1754121605.82146,1,0,-61
1754121605.86046,-5,-1,-53
1754121605.89646,-2,-2,-61
1754121605.9344602,-11,-2,-70
1754121605.97246,-5,-1,-74
1754121606.01046,1,0,-60
1754121606.0494602,-2,4,-56
1754121606.0854602,0,7,-55
1754121606.12346,-1,5,-67
1754121606.1614602,-2,5,-64
1754121606.2004602,8,1,-63
1754121606.2364602,1,-2,-63
1754121606.27346,-3,-1,-65
1754121606.31146,0,-7,-61
1754121606.35046,1,-5,-42
1754121606.38646,6,-1,-47
1754121606.42546,6,-3,-50
1754121606.46246,0,0,-62
1754121606.50146,7,-2,-62
1754121606.5394602,4,-6,-60
1754121606.5754602,8,-5,-59
1754121606.61246,0,-7,-61
1754121606.6514602,4,-3,-61
1754121606.68946,-4,5,-77
1754121606.72546,2,3,-71
1754121606.76246,-3,0,-73
1754121606.80146,-1,-1,-59
1754121606.83946,5,2,-52
1754121606.87546,-1,0,-58
1754121606.91246,-6,1,-57
1754121606.95146,-4,7,-52
1754121606.98946,-2,1,-54
1754121607.02546,-1,-1,-53
1754121607.06346,1,0,-66
1754121607.10146,-1,-2,-66
1754121607.14046,-3,-2,-66
1754121607.17646,-4,-1,-63
1754121607.21446,-6,-3,-60
1754121607.25246,-3,-1,-66
1754121607.29146,-3,-3,-71
1754121607.32946,0,2,-59
1754121607.3654602,2,4,-58
1754121607.40246,-7,-1,-59
1754121607.44146,-3,-8,-68
1754121607.47946,0,-3,-57
1754121607.5164602,-4,2,-63
1754121607.55546,1,3,-73
1754121607.5924602,4,-2,-75
1754121607.6314602,3,-3,-59
1754121607.6674602,-3,-8,-58
1754121607.70546,-7,3,-69
1754121607.7434602,-6,3,-63
1754121607.78146,-11,1,-69
1754121607.82046,-2,-4,-61
1754121607.85646,4,-5,-67
1754121607.8944602,-2,0,-59
1754121607.93246,0,3,-54
1754121607.97146,0,0,-56
1754121608.00746,-1,1,-69
1754121608.04546,1,-1,-63
1754121608.08346,-5,0,-61
1754121608.12246,-8,-1,-66
1754121608.16046,-8,1,-59
1754121608.19646,-2,1,-55
1754121608.23446,1,2,-48
1754121608.27246,2,2,-52
1754121608.31146,0,0,-68
1754121608.34746,1,11,-62
1754121608.3844602,3,2,-60
1754121608.42246,4,-3,-54
1754121608.46146,-7,4,-55
1754121608.49746,-2,-3,-51
1754121608.53546,-3,-4,-53
1754121608.57346,7,-2,-72
1754121608.61246,-3,-2,-58
1754121608.65046,5,1,-57
1754121608.68646,2,0,-63
1754121608.73246,-4,-4,-72
1754121608.77046,-1,-2,-64
1754121608.80646,-4,-5,-61
1754121608.8454602,-2,-9,-60
1754121608.88246,-8,-1,-64
1754121608.9214602,8,-3,-61
1754121608.9574602,0,1,-64
1754121608.99546,-6,3,-66
1754121609.0324602,-3,6,-63
1754121609.07146,4,10,-63
1754121609.10746,1,0,-68
1754121609.1444602,-1,-5,-76
1754121609.18246,-4,-3,-57
1754121609.22146,-8,-1,-54
1754121609.25746,-5,0,-58
1754121609.29546,9,-4,-65
1754121609.33346,-7,0,-68
1754121609.37246,-6,-6,-59
1754121609.41046,-5,-3,-61
1754121609.4474602,-6,1,-62
1754121609.48446,-5,-5,-68
1754121609.52346,-4,-4,-57
1754121609.56146,1,-6,-69
1754121609.59746,-3,-3,-65
1754121609.63546,-1,-2,-58
1754121609.67346,-1,4,-61
1754121609.71246,-1,-1,-69
1754121609.75046,3,0,-61
1754121609.7864602,5,-2,-52
1754121609.82446,0,-4,-72
1754121609.86246,1,-7,-69
1754121609.9014602,6,2,-68
1754121609.9374602,5,1,-45
1754121609.97546,3,-2,-62
1754121610.01446,-4,-5,-61
1754121610.0524602,0,-1,-66
1754121610.0884602,2,-1,-62
1754121610.12746,0,1,-64
1754121610.1644602,-3,0,-63
1754121610.20246,2,0,-60
1754121610.24146,-6,4,-64
1754121610.27746,5,0,-71
1754121610.31446,0,5,-66
1754121610.35246,0,0,-67
1754121610.3914602,1,-8,-69
1754121610.42846,-2,-12,-63
1754121610.46646,4,-9,-61
1754121610.50546,8,0,-56
1754121610.5424602,-3,-4,-66
1754121610.58146,0,0,-69
1754121610.61746,-3,-1,-70
1754121610.65546,-1,0,-70
1754121610.69346,2,2,-63
1754121610.73246,-3,3,-70
1754121610.76846,1,1,-69
1754121610.80546,3,-2,-70
1754121610.84346,-2,-5,-69
1754121610.88246,-5,-7,-64
1754121610.91846,-3,-4,-55
1754121610.95646,-6,0,-63
1754121610.99446,0,0,-58
1754121611.03346,0,2,-63
1754121611.07146,5,-1,-76
1754121611.10746,3,-7,-67
1754121611.14546,0,-7,-77
1754121611.18346,3,-2,-71
1754121611.22246,-1,2,-63
1754121611.25846,7,-2,-53
1754121611.2964602,2,-5,-58
1754121611.33446,-4,-1,-64
1754121611.37346,-4,0,-64
1754121611.4114602,-3,5,-59
1754121611.44846,3,-4,-61
1754121611.48546,10,0,-60
1754121611.52346,5,1,-59
1754121611.5624602,0,1,-67
1754121611.5984602,3,0,-65
1754121611.63546,2,4,-64
1754121611.67346,0,-3,-78
1754121611.71246,2,0,-73
1754121611.74846,0,0,-64
1754121611.78546,-4,-3,-54
1754121611.82346,-8,-3,-65
1754121611.86246,-2,0,-68
1754121611.89846,-3,0,-53
1754121611.93646,-3,-6,-54
1754121611.97446,-10,1,-63
1754121612.0134602,-8,-1,-68
1754121612.05146,-4,1,-58
1754121612.08746,-1,-7,-54
1754121612.12546,-4,-1,-65
1754121612.16346,0,4,-63
1754121612.20146,3,0,-68
1754121612.23746,9,-4,-63
1754121612.27446,4,3,-60
1754121612.31346,8,-5,-53
1754121612.34946,3,-1,-53
1754121612.38746,-12,-2,-66
1754121612.42546,3,-6,-65
1754121612.4634602,-3,0,-59
1754121612.50246,-4,1,-60
1754121612.53846,-2,0,-65
1754121612.57646,-5,-1,-59
1754121612.6154602,4,1,-61
1754121612.65346,0,-1,-54
1754121612.68946,0,-7,-61
1754121612.72746,4,2,-64
1754121612.76546,2,0,-71
1754121612.80346,0,1,-76
1754121612.8424602,3,3,-86
1754121612.8784602,0,2,-66
1754121612.91546,-3,1,-59
1754121612.95346,-1,-3,-53
1754121612.99246,-5,3,-69
1754121613.02846,-3,5,-62
1754121613.06646,0,6,-66
1754121613.10446,5,0,-62
1754121613.14346,1,-3,-57
1754121613.17946,0,3,-62
1754121613.2174602,4,-11,-63
1754121613.25546,0,4,-59
1754121613.29446,-3,8,-71
1754121613.3324602,0,-7,-67
1754121613.3684602,0,-4,-64
1754121613.40546,0,-7,-58
1754121613.4444602,2,0,-65
1754121613.48246,0,1,-61
1754121613.51846,4,-1,-57
1754121613.55746,-2,-2,-64
1754121613.59446,5,-3,-53
1754121613.63346,6,0,-59
1754121613.66946,4,-2,-71
1754121613.7074602,-2,-3,-61
1754121613.74446,-4,5,-56
1754121613.78346,8,2,-57
1754121613.8194602,4,-3,-58
1754121613.85746,0,-5,-62
1754121613.8944602,2,1,-70
1754121613.93346,8,7,-67
1754121613.96946,3,3,-71
1754121614.00746,0,1,-72
1754121614.04446,0,-2,-74
1754121614.08346,0,-2,-71
1754121614.11946,-2,-7,-68
1754121614.1574602,0,-11,-68
1754121614.19546,0,-1,-68
1754121614.23446,1,-4,-67
1754121614.27246,3,0,-68
1754121614.30846,11,0,-71
1754121614.3454602,0,-4,-62
1754121614.3844602,-3,2,-70
1754121614.42246,10,1,-62
1754121614.45846,11,-2,-66
1754121614.49746,0,-1,-65
1754121614.53546,7,-4,-68
1754121614.57346,4,-1,-71
1754121614.60946,2,2,-68
1754121614.64846,1,-3,-67
1754121614.68546,-10,-6,-71
1754121614.72446,1,-4,-62
1754121614.76046,4,-4,-64
1754121614.79846,-6,-7,-58
1754121614.83646,6,-8,-65
1754121614.87446,-3,-3,-57
1754121614.91346,-7,-7,-54
1754121614.94946,1,-2,-60
1754121614.98746,-6,-2,-67
1754121615.02546,-2,-8,-58
1754121615.06446,-4,-12,-71
1754121615.10046,-1,-11,-75
1754121615.13946,3,-3,-74
1754121615.17646,5,-1,-70
1754121615.21546,-5,-1,-66
1754121615.2534602,-3,2,-62
1754121615.2894602,4,7,-60
1754121615.32646,-1,4,-63
1754121615.3654602,-7,-2,-70
1754121615.40346,-1,2,-57
1754121615.43946,0,-2,-50
1754121615.47746,-8,0,-50
1754121615.51546,-2,-3,-55
1754121615.55446,-5,1,-54
1754121615.59046,0,0,-56
1754121615.62746,2,2,-50
1754121615.66546,-3,5,-68
1754121615.70446,-1,-3,-70
1754121615.7404602,0,-1,-66
1754121615.77846,-3,2,-61
1754121615.81646,-4,0,-64
1754121615.8554602,-2,1,-74
1754121615.89346,-3,0,-65
1754121615.92946,-2,0,-61
1754121615.9674602,-3,0,-69
1754121616.00546,-4,-4,-56
1754121616.04446,-1,0,-68
1754121616.08046,-4,-10,-59
1754121616.1184602,-4,-4,-56
1754121616.1574602,0,0,-53
1754121616.19546,-1,-2,-62
1754121616.2334602,3,-10,-53
1754121616.2694602,1,-4,-69
1754121616.30746,-12,-5,-68
1754121616.3454602,-4,0,-71
1754121616.3844602,0,0,-67
1754121616.42046,-5,0,-67
1754121616.45846,-7,5,-48
1754121616.4964602,-3,0,-56
1754121616.53546,-3,1,-63
1754121616.57346,-3,-5,-56
1754121616.60946,5,0,-62
1754121616.64746,5,-1,-61
1754121616.68546,5,-1,-71
1754121616.72446,0,1,-66
1754121616.76046,4,-7,-65
1754121616.79846,8,-1,-61
1754121616.83646,0,-2,-61
1754121616.87546,0,3,-54
1754121616.9114602,-1,-5,-67
1754121616.94946,0,0,-58
1754121616.98746,2,9,-62
1754121617.02546,-4,-2,-54
1754121617.06446,-1,-5,-62
1754121617.10046,-1,-5,-56
1754121617.13946,0,6,-63
1754121617.17646,-1,0,-74
1754121617.21546,2,-1,-56
1754121617.25146,0,-2,-51
1754121617.29046,6,-1,-70
1754121617.32746,-5,-4,-75
1754121617.3654602,5,-8,-72
1754121617.4044602,5,-2,-68
1754121617.4404602,2,1,-72
1754121617.47746,3,-5,-64
1754121617.51546,0,6,-64
1754121617.55446,-3,4,-54
1754121617.59046,-2,2,-58
1754121617.62746,-3,-3,-71
1754121617.66546,3,0,-74
1754121617.70446,5,-1,-69
1754121617.7404602,3,2,-72
1754121617.77746,0,0,-72
1754121617.81646,0,-1,-63
1754121617.85446,5,-6,-59
1754121617.89046,1,0,-58
1754121617.9274602,5,0,-56
1754121617.96646,2,1,-58
1754121618.00446,6,0,-59
1754121618.04046,0,-4,-59
1754121618.07846,-1,-5,-67
1754121618.11646,-8,-9,-66
1754121618.15546,-6,-3,-55
1754121618.19146,-4,-3,-56
1754121618.2304602,3,0,-60
1754121618.26846,6,3,-62
1754121618.30646,-4,-6,-64
1754121618.34446,-5,-9,-60
1754121618.38046,-6,-4,-67
1754121618.41846,-4,0,-65
1754121618.4574602,0,0,-62
1754121618.49546,-1,0,-55
1754121618.53146,-1,2,-69
1754121618.5694602,-4,-2,-68
1754121618.60746,0,-8,-64
1754121618.64646,0,-8,-57
1754121618.6844602,3,0,-68
1754121618.7204602,4,5,-55
1754121618.7664602,4,8,-63
1754121618.80446,7,6,-62
1754121618.84046,0,6,-57
1754121618.87746,-2,2,-61
1754121618.91646,3,-3,-61
1754121618.95446,-1,-3,-60
1754121618.99146,1,-4,-57
1754121619.0294602,0,-4,-65
1754121619.06746,0,-5,-63
1754121619.10646,-4,-3,-70
1754121619.14246,-2,-6,-72
1754121619.18146,2,-6,-63
1754121619.21846,-4,-3,-60
1754121619.2564602,-4,-3,-52
1754121619.29546,-3,-6,-63
1754121619.33146,1,-1,-57
1754121619.36946,2,0,-60
1754121619.4074602,-1,2,-68
1754121619.44646,5,-3,-66
1754121619.48246,0,-8,-68
1754121619.52046,4,-6,-71
1754121619.55846,0,-3,-71
1754121619.59646,2,-1,-75
1754121619.63546,2,-3,-75
1754121619.6714602,5,-6,-66
1754121619.70946,2,1,-71
1754121619.74746,0,-6,-72
1754121619.7864602,3,-1,-63
1754121619.8224602,4,-2,-77
1754121619.86046,0,0,-53
1754121619.89846,3,0,-56
1754121619.93646,8,-5,-57
1754121619.97546,-2,0,-57
1754121620.01146,-2,-6,-71
1754121620.0494602,8,-6,-64
1754121620.08746,1,-2,-63
1754121620.12646,3,-3,-70
1754121620.16246,2,0,-62
1754121620.19946,1,0,-71
1754121620.23746,-6,0,-63
1754121620.2764602,-5,1,-58
1754121620.3124602,-8,0,-61
1754121620.35046,-4,5,-67
1754121620.3884602,-1,-4,-66
1754121620.4274602,0,0,-60
1754121620.46546,5,-2,-64
1754121620.50146,-5,2,-63
1754121620.5394602,-3,1,-65
1754121620.57746,-2,-8,-67
1754121620.61646,-5,-6,-56
1754121620.65246,-4,-5,-64
1754121620.6904602,-2,-1,-64
1754121620.72846,-4,-2,-63
1754121620.76746,-3,-4,-53
1754121620.80546,-5,0,-55
1754121620.8424602,-4,4,-54
1754121620.87946,-6,2,-51
1754121620.9174602,-7,-8,-51
1754121620.95646,-10,-12,-63
1754121620.99246,-8,-3,-66
1754121621.03046,0,-1,-61
1754121621.06846,4,-3,-68
1754121621.10746,8,0,-62
1754121621.14546,5,0,-59
1754121621.18146,2,1,-60
1754121621.21846,2,0,-65
1754121621.25746,3,-2,-64
1754121621.29546,-2,-12,-64
1754121621.33146,2,-7,-70
1754121621.36946,0,0,-68
1754121621.4074602,0,-2,-59
1754121621.44646,0,0,-75
1754121621.48246,0,-5,-73
1754121621.52146,-9,-2,-67
1754121621.55846,-4,-3,-62
1754121621.59746,0,4,-56
1754121621.63346,-3,-2,-64
1754121621.6714602,6,-5,-52
1754121621.70946,-3,0,-61
1754121621.74746,1,0,-53
1754121621.7864602,-5,-2,-61
1754121621.8224602,-5,-4,-70
1754121621.86046,-1,-5,-72
1754121621.89846,4,-8,-55
1754121621.9374602,6,-2,-51
1754121621.9734602,1,-2,-57
1754121622.01146,0,0,-63
1754121622.0494602,0,5,-69
1754121622.08746,-1,3,-62
1754121622.12646,-1,-4,-50
1754121622.16246,-3,0,-55
1754121622.2004602,0,-4,-76
1754121622.23946,0,-6,-63
1754121622.27746,2,-7,-62
1754121622.31346,9,0,-73
1754121622.35046,4,4,-69
1754121622.38946,2,-1,-64
1754121622.4274602,-3,-4,-54
1754121622.4634602,1,1,-60
1754121622.50046,1,-6,-69
1754121622.5394602,-1,0,-71
1754121622.57746,1,-11,-85
1754121622.61346,5,-2,-70
1754121622.6514602,2,1,-70
1754121622.68946,2,-3,-70
1754121622.72846,4,-8,-66
1754121622.7664602,1,4,-58
1754121622.8024602,-1,-1,-59
1754121622.84046,2,2,-56
1754121622.8784602,5,4,-73
1754121622.9174602,1,2,-64
1754121622.95346,-1,11,-68
1754121622.99146,0,-7,-63
1754121623.0294602,1,0,-67
1754121623.06846,4,0,-55
1754121623.10646,6,2,-66
1754121623.14246,0,6,-55
1754121623.18046,2,3,-67
1754121623.21846,4,0,-61
1754121623.2564602,2,6,-67
1754121623.2924602,-2,3,-62
1754121623.33046,5,1,-63
1754121623.3684602,5,1,-67
1754121623.4074602,-1,4,-67
1754121623.44346,-3,0,-69
1754121623.48146,-7,-7,-61
1754121623.5194602,-11,4,-60
1754121623.55846,-14,0,-63
1754121623.59646,-6,4,-63
1754121623.63246,0,1,-71
1754121623.66946,-1,-2,-77
1754121623.70846,2,-1,-68
1754121623.74446,12,-3,-61
1754121623.78346,3,-2,-62
1754121623.82046,-4,7,-62
1754121623.85946,-4,0,-72
1754121623.89746,-8,0,-60
1754121623.93346,-6,1,-63
1754121623.9704602,3,1,-75
1754121624.0094602,4,9,-66
1754121624.04746,4,1,-58
1754121624.08346,2,1,-69
1754121624.12046,8,0,-70
1754121624.15946,-3,-5,-65
1754121624.1974602,3,-4,-66
1754121624.2334602,-2,0,-66
1754121624.27046,-5,-5,-65
1754121624.3094602,-2,-4,-68
1754121624.34746,3,-6,-65
1754121624.38346,2,-4,-57
1754121624.42046,-4,-5,-58
1754121624.45946,-6,-7,-50
1754121624.49746,-6,-10,-60
1754121624.53346,6,-10,-65
1754121624.5724602,7,-2,-64
1754121624.60946,6,1,-59
1754121624.64846,4,0,-57
1754121624.6844602,0,0,-56
1754121624.72246,-1,-2,-62
1754121624.7594602,-2,-2,-61
1754121624.79846,0,0,-58
1754121624.83446,-3,-5,-53
1754121624.87246,0,-7,-60
1754121624.91046,0,-9,-59
1754121624.94946,-1,-8,-83
1754121624.98746,5,-9,-89
1754121625.02346,-1,-3,-77
1754121625.06146,1,0,-62
1754121625.09946,-1,-2,-63
1754121625.1384602,6,1,-67
1754121625.1744602,7,-2,-75
1754121625.21246,0,5,-67
1754121625.25046,0,3,-66
1754121625.2894602,2,2,-58
1754121625.32746,0,1,-71
1754121625.36346,-1,2,-63
1754121625.4014602,-2,-2,-64
1754121625.43946,-1,0,-62
1754121625.47846,4,-3,-66
1754121625.51446,1,0,-66
1754121625.5524602,5,-3,-59
1754121625.59046,1,8,-75
1754121625.62946,-5,0,-72
1754121625.6674602,-3,0,-59
1754121625.70346,-6,0,-59
1754121625.74246,2,-4,-57
1754121625.7794602,1,-12,-61
1754121625.81846,2,-6,-55
1754121625.8554602,0,-3,-65
1754121625.89246,0,1,-62
1754121625.93046,2,1,-64
1754121625.96946,-4,0,-64
1754121626.00546,0,2,-63
1754121626.0424602,-1,0,-67
1754121626.08046,3,4,-77
1754121626.11946,1,2,-65
1754121626.15546,1,-1,-68
1754121626.19346,-6,1,-59
1754121626.23146,-6,6,-61
1754121626.2694602,-3,0,-64
1754121626.30846,0,-2,-70
1754121626.34446,-5,-4,-66
1754121626.38246,4,2,-62
1754121626.42046,-3,3,-62
1754121626.45946,0,4,-72
1754121626.49546,0,-2,-63
1754121626.53346,-4,-5,-71
1754121626.57146,-6,0,-62
1754121626.60946,0,-9,-54
1754121626.64846,-1,-2,-60
1754121626.6844602,1,-8,-53
1754121626.72246,-2,-6,-55
1754121626.76146,-3,-1,-62
1754121626.7994602,-1,-2,-75
1754121626.8354602,-5,0,-72
1754121626.87346,-2,-2,-68
1754121626.9114602,-6,0,-73
1754121626.94946,-7,0,-70
1754121626.98846,1,1,-62
1754121627.02446,1,0,-63
1754121627.06146,-1,-1,-61
1754121627.10046,-6,2,-54
1754121627.1384602,-10,8,-54
1754121627.1744602,-6,4,-56
1754121627.21246,6,-8,-57
1754121627.25046,3,0,-53
1754121627.2894602,-8,0,-60
1754121627.3254602,-7,-1,-71
1754121627.36346,2,0,-75
1754121627.4014602,0,-1,-61
1754121627.4404602,2,-1,-61
1754121627.47846,5,-4,-46
1754121627.51446,-6,-1,-53
1754121627.5524602,-4,-2,-58
1754121627.59046,-5,1,-64
1754121627.62946,-6,3,-72
1754121627.66546,0,1,-60
1754121627.70246,-5,-1,-57
1754121627.7404602,-9,1,-63
1754121627.7794602,-5,1,-63
1754121627.8154602,0,3,-53
1754121627.85246,2,-1,-45
1754121627.89046,-4,1,-75
1754121627.92946,-6,0,-56
1754121627.96546,-3,-1,-61
1754121628.0034602,-4,-3,-62
1754121628.0424602,-8,-7,-64
1754121628.08046,-2,-6,-71
1754121628.1184602,4,1,-71
1754121628.1544602,1,0,-64
1754121628.19246,0,-3,-68
1754121628.2304602,3,-2,-61
1754121628.2694602,-6,-1,-61
1754121628.30546,-3,-4,-61
1754121628.34346,-4,-5,-69
1754121628.3814602,-3,-5,-64
1754121628.42046,1,-1,-58
1754121628.45646,7,-4,-65
1754121628.49446,4,2,-67
1754121628.5324602,-3,-3,-61
1754121628.57046,-2,2,-65
1754121628.60946,-10,6,-69
1754121628.64546,-6,3,-70
1754121628.68346,0,1,-71
1754121628.72246,-3,3,-80
1754121628.76546,-7,-4,-71
1754121628.80346,-1,5,-60
1754121628.8424602,-8,-1,-47
1754121628.88046,-4,0,-62
1754121628.91646,0,-2,-68
1754121628.95446,3,0,-58
1754121628.99246,0,-1,-54
1754121629.03046,0,-2,-60
1754121629.0694602,-2,-5,-57
1754121629.1054602,-6,-8,-54
1754121629.14346,1,-4,-59
1754121629.18146,-3,-2,-58
1754121629.2204602,1,-2,-72
1754121629.2564602,-10,0,-61
1754121629.29446,-2,-4,-62
1754121629.3324602,-4,-1,-56
1754121629.3714602,-5,6,-52
1754121629.40946,-4,0,-60
1754121629.44546,-5,-1,-65
1754121629.4834602,-1,2,-64
1754121629.52246,0,-1,-74
1754121629.56046,-2,3,-57
1754121629.59646,2,-1,-54
1754121629.6344602,6,0,-73
1754121629.67246,6,0,-69
1754121629.71146,-1,-5,-67
1754121629.74946,-2,-3,-75
1754121629.78546,-2,-3,-61
1754121629.82346,-3,-10,-74
1754121629.86246,7,-2,-70
1754121629.90046,3,-3,-64
1754121629.93646,3,-2,-64
1754121629.97446,4,-1,-51
1754121630.01246,3,-2,-48
1754121630.05146,0,-3,-56
1754121630.08946,6,4,-63
1754121630.12546,2,-3,-64
1754121630.16346,0,-1,-61
1754121630.20146,3,-6,-74
1754121630.2404602,0,-2,-77
1754121630.2764602,1,-5,-79
1754121630.31446,7,-7,-69
1754121630.35246,0,-4,-78
1754121630.3914602,0,-2,-64
1754121630.42946,0,0,-63
1754121630.46546,-4,-6,-62
1754121630.5034602,8,-1,-63
1754121630.54146,1,0,-59
1754121630.58046,6,1,-61
1754121630.61646,3,-2,-63
1754121630.6544602,0,3,-65
1754121630.69346,4,1,-59
1754121630.73146,1,3,-67
1754121630.76746,-4,0,-67
1754121630.80646,-10,-4,-62
1754121630.84346,-11,-11,-65
1754121630.8814602,-9,1,-59
1754121630.92046,-7,2,-70
1754121630.95646,-1,7,-55
1754121630.99446,9,1,-66
1754121631.0324602,-2,1,-63
1754121631.07146,2,0,-64
1754121631.10746,5,1,-60
1754121631.1444602,0,2,-58
1754121631.18246,0,-1,-60
1754121631.22146,5,0,-65
1754121631.25746,11,2,-63
1754121631.29446,0,-2,-63
1754121631.3324602,-5,4,-60
1754121631.3714602,-4,2,-58
1754121631.4074602,0,-6,-61
1754121631.44546,-1,0,-64
1754121631.4834602,3,2,-57
1754121631.52246,2,-1,-57
1754121631.56046,1,3,-58
1754121631.59646,6,0,-52
1754121631.6344602,-2,3,-43
1754121631.67246,5,0,-66
1754121631.7104602,2,0,-66
1754121631.7464602,-3,-2,-57
1754121631.78446,-7,-3,-53
1754121631.82346,-2,-5,-52
1754121631.8614602,1,-4,-55
1754121631.89746,0,-2,-69
1754121631.93546,2,-1,-68
1754121631.9734602,-3,0,-62
1754121632.01246,0,0,-58
1754121632.05046,5,-4,-61
1754121632.08646,1,2,-66
1754121632.12346,5,6,-66
1754121632.16246,0,0,-55
1754121632.2004602,6,3,-68
1754121632.2364602,-5,-1,-63
1754121632.27446,0,-3,-62
1754121632.3124602,-2,3,-61
1754121632.35146,-10,-3,-65
1754121632.38746,-2,0,-67
1754121632.42546,0,1,-72
1754121632.46446,-5,0,-57
1754121632.50246,-2,-7,-62
1754121632.54046,1,-3,-55
1754121632.57646,-8,-3,-66
1754121632.61446,-9,0,-74
1754121632.65246,-4,3,-75
1754121632.69146,3,-6,-71
1754121632.72746,5,0,-73
1754121632.76446,0,2,-62
1754121632.8024602,-3,3,-52
1754121632.84146,0,-3,-60
1754121632.87746,2,-6,-69
1754121632.91546,-2,-4,-58
1754121632.95446,0,-10,-58
1754121632.99246,5,-4,-60
1754121633.02846,-1,-4,-55
1754121633.06646,-8,0,-58
1754121633.10446,-5,-3,-57
1754121633.14246,0,2,-55
1754121633.18146,-8,2,-65
1754121633.2174602,-1,-5,-66
1754121633.25546,2,-8,-65
1754121633.29446,-5,1,-71
1754121633.3324602,6,4,-63
1754121633.3684602,0,5,-68
1754121633.40546,5,-2,-73
1754121633.4444602,1,-3,-70
1754121633.48246,5,-10,-55
1754121633.51846,-3,0,-67
1754121633.55546,0,-2,-59
1754121633.59446,0,0,-66
1754121633.63246,2,1,-63
1754121633.66846,-1,4,-57
1754121633.70646,3,-4,-63
1754121633.74446,-2,-4,-67
1754121633.7824602,5,0,-68
1754121633.82146,0,-3,-66
1754121633.85746,-9,3,-67
1754121633.89546,12,-2,-68
1754121633.93346,-7,5,-54
1754121633.97246,-8,-2,-54
1754121634.00846,-6,-1,-67
1754121634.0464602,-5,-2,-62
1754121634.0854602,-2,-3,-54
1754121634.12346,0,-1,-56
1754121634.1614602,-8,0,-61
1754121634.1974602,0,-5,-62
1754121634.23546,1,-2,-67
1754121634.27346,-3,1,-63
1754121634.3124602,0,4,-67
1754121634.3484602,1,4,-59
1754121634.38546,0,0,-66
1754121634.42346,-4,3,-69
1754121634.46246,-9,1,-61
1754121634.49846,-3,-1,-57
1754121634.5364602,-5,-1,-68
1754121634.57446,-3,1,-61
1754121634.61346,1,-2,-63
1754121634.6514602,1,-8,-61
1754121634.6874602,3,-11,-56
1754121634.72546,-2,-8,-70
1754121634.7634602,-3,-4,-62
1754121634.8024602,0,-3,-66
1754121634.8384602,-4,-1,-62
1754121634.87646,-4,2,-58
1754121634.91546,2,7,-64
1754121634.95346,4,0,-67
1754121634.99146,5,4,-78
1754121635.02746,-5,0,-71
1754121635.06446,-4,1,-66
1754121635.10346,5,0,-67
1754121635.1414602,1,-3,-72
1754121635.17846,0,2,-72
1754121635.21546,0,-3,-68
1754121635.2534602,1,-7,-65
1754121635.2924602,1,0,-66
1754121635.32846,0,1,-72
1754121635.3654602,4,-3,-63
1754121635.40346,4,-2,-61
1754121635.44246,3,-1,-63
1754121635.47846,0,-3,-55
1754121635.51546,-2,-2,-57
1754121635.55346,0,-3,-64
1754121635.5924602,-9,-5,-68
1754121635.6284602,-11,1,-71
1754121635.66646,2,-6,-61
1754121635.70446,3,-1,-45
1754121635.7434602,3,4,-58
1754121635.7794602,1,1,-60
1754121635.81746,14,2,-67
1754121635.8554602,5,-3,-54
1754121635.89346,-2,0,-55
1754121635.93246,0,-2,-54
1754121635.96846,-1,-1,-60
1754121636.0064602,-1,-2,-63
1754121636.04446,-3,-3,-58
1754121636.08346,0,-7,-64
1754121636.11946,0,-6,-63
1754121636.1574602,-2,0,-70
1754121636.19546,1,4,-70
1754121636.23446,3,4,-66
1754121636.27246,10,-3,-68
1754121636.30846,1,-5,-62
1754121636.3454602,-1,-7,-59
1754121636.3844602,4,-2,-76
1754121636.42246,0,0,-69
1754121636.45846,3,-9,-68
1754121636.49546,2,2,-52
1754121636.53446,-9,-2,-64
1754121636.5724602,-7,1,-63
1754121636.6084602,-12,1,-61
1754121636.64746,-10,3,-60
1754121636.6844602,-8,1,-52
1754121636.7234602,0,0,-60
1754121636.7594602,3,3,-70
1754121636.79746,0,0,-66
1754121636.8354602,-2,0,-60
1754121636.87446,-2,-5,-65
1754121636.91246,0,-4,-64
1754121636.94846,-8,-5,-61
1754121636.9864602,-1,2,-65
1754121637.02446,-2,2,-75
1754121637.06346,0,4,-67
1754121637.09946,6,2,-67
1754121637.13646,-2,5,-60
1754121637.1744602,3,1,-69
1754121637.2134602,-2,3,-67
1754121637.24946,-5,-2,-73
1754121637.28746,3,5,-70
1754121637.3254602,3,3,-56
1754121637.36446,-1,3,-63
1754121637.40046,6,3,-56
1754121637.4374602,0,-1,-59
1754121637.47546,-1,-11,-58
1754121637.51446,-2,-5,-58
1754121637.55046,-6,-3,-77
1754121637.5884602,-1,-2,-63
1754121637.62646,0,2,-69
1754121637.6644602,-3,4,-67
1754121637.70346,5,-2,-64
1754121637.73946,-1,0,-64
1754121637.77846,6,-2,-68
1754121637.8154602,0,-6,-52
1754121637.85446,-1,0,-64
1754121637.89046,-8,-1,-53
1754121637.92846,-2,-2,-58
1754121637.96646,0,-2,-60
1754121638.00446,3,-3,-65
1754121638.04346,-1,0,-58
1754121638.07946,-2,-1,-63
1754121638.11746,-8,1,-57
1754121638.15546,0,1,-60
1754121638.1944602,3,2,-67
1754121638.2304602,3,0,-66
1754121638.26846,0,0,-59
1754121638.30646,0,-3,-62
1754121638.3454602,0,0,-59
1754121638.38346,0,-2,-68
1754121638.41946,-3,5,-65
1754121638.45646,-2,0,-67
1754121638.49546,4,2,-63
1754121638.53346,0,-3,-59
1754121638.5694602,-2,0,-70
1754121638.60646,-7,4,-65
1754121638.64546,-4,7,-56
1754121638.68346,2,5,-54
1754121638.71946,3,-2,-65
1754121638.7564602,-5,-3,-77
1754121638.80146,3,1,-62
1754121638.8384602,0,-2,-59
1754121638.87646,6,-3,-55
1754121638.91546,2,-3,-57
1754121638.95346,6,-4,-74
1754121638.98946,-1,1,-61
1754121639.02746,-1,10,-67
1754121639.06646,-2,3,-68
1754121639.10446,-1,3,-64
1754121639.14046,-3,-3,-60
1754121639.17946,3,-1,-59
1754121639.21646,1,3,-65
1754121639.25546,1,4,-62
1754121639.29346,4,-3,-70
1754121639.32946,-7,-3,-60
1754121639.36746,-1,0,-65
1754121639.40546,-1,-3,-65
1754121639.4444602,0,-1,-65
1754121639.4804602,-8,3,-56
1754121639.51846,-2,0,-59
1754121639.55646,-5,-1,-59
1754121639.5954602,-2,-4,-63
1754121639.63346,-1,-6,-58
1754121639.67046,0,-3,-53
1754121639.70846,0,-1,-62
1754121639.7464602,1,3,-69
1754121639.78546,9,2,-67
1754121639.82146,0,3,-65
1754121639.8584602,-13,4,-69
1754121639.89646,-7,0,-57
1754121639.93546,-6,-2,-66
1754121639.97146,2,-1,-61
1754121640.0094602,-1,1,-57
1754121640.04746,-3,-1,-63
1754121640.0854602,-2,2,-64
1754121640.12446,0,1,-61
1754121640.16046,1,-1,-74
1754121640.19846,0,-5,-58
1754121640.2364602,1,-11,-69
1754121640.27546,-6,0,-62
1754121640.31146,0,0,-70
1754121640.3484602,2,1,-64
1754121640.38746,2,-2,-64
1754121640.42546,0,-3,-65
1754121640.46146,-2,5,-64
1754121640.50046,8,2,-64
1754121640.53746,2,-4,-58
1754121640.5754602,6,-1,-60
1754121640.61446,4,-2,-59
1754121640.65046,2,3,-63
1754121640.68846,0,7,-50
1754121640.72646,5,3,-66
1754121640.76546,-3,-2,-57
1754121640.80146,-1,0,-62
1754121640.83946,-5,2,-66
1754121640.87746,5,-4,-64
1754121640.91646,-2,2,-63
1754121640.95446,-3,0,-62
1754121640.9904602,2,0,-71
1754121641.02846,4,-1,-64
1754121641.06746,1,3,-66
1754121641.1054602,4,-5,-56
1754121641.1414602,1,-8,-67
1754121641.17946,6,0,-65
1754121641.2174602,-2,-5,-63
1754121641.2564602,-3,2,-64
1754121641.29446,1,-3,-76
1754121641.33046,0,-3,-72
1754121641.3684602,-2,-4,-64
1754121641.40646,4,-1,-56
1754121641.44546,-1,-1,-73
1754121641.48146,-1,0,-67
1754121641.5194602,-4,-2,-66
1754121641.55746,-7,-2,-73
1754121641.59646,-7,2,-63
1754121641.6344602,-2,0,-65
1754121641.67046,-5,-4,-51
1754121641.70946,-4,2,-66
1754121641.7464602,1,0,-57
1754121641.78546,2,0,-67
1754121641.82146,-6,-9,-65
1754121641.85946,-2,2,-71
1754121641.89746,0,-5,-69
1754121641.93646,-3,-1,-73
1754121641.97446,1,-8,-59
1754121642.01046,-8,0,-75
1754121642.0494602,-2,2,-76
1754121642.08646,-3,0,-68
1754121642.12546,0,-1,-70
1754121642.1614602,-2,-7,-65
1754121642.2004602,-2,-3,-72
1754121642.23746,0,0,-69
1754121642.2764602,1,4,-61
1754121642.3124602,12,0,-70
1754121642.34946,2,-4,-68
1754121642.38746,3,1,-63
1754121642.42646,-3,0,-69
1754121642.46246,0,7,-57
1754121642.49946,-10,2,-66
1754121642.53746,-9,-5,-59
1754121642.57646,0,-5,-57
1754121642.61246,0,-8,-54
1754121642.65046,-2,-4,-62
1754121642.68846,0,-1,-51
1754121642.72646,-2,0,-54
1754121642.76546,-3,-2,-60
1754121642.80146,0,3,-66
1754121642.8384602,2,-2,-68
1754121642.87646,5,-6,-57
1754121642.91546,5,0,-62
1754121642.95146,1,0,-62
1754121642.98846,2,0,-69
1754121643.02746,-1,3,-67
1754121643.0654602,1,-3,-59
1754121643.10146,-7,0,-66
1754121643.13946,-4,0,-60
1754121643.1774602,-4,-2,-63
1754121643.21646,2,0,-63
1754121643.25246,-4,2,-60
1754121643.29046,-1,-3,-61
1754121643.32846,0,2,-63
1754121643.36746,-2,-2,-65
1754121643.40546,2,-2,-70
1754121643.44146,1,0,-79
1754121643.47846,4,4,-61
1754121643.51746,-1,4,-60
1754121643.55546,-2,0,-63
1754121643.59146,1,-3,-51
1754121643.63046,-3,0,-56
1754121643.6674602,-5,-6,-62
1754121643.70646,-2,-9,-70
1754121643.74246,-4,-6,-60
1754121643.78046,1,2,-67
1754121643.81846,0,-2,-59
1754121643.85746,-12,0,-52
1754121643.89546,-9,-3,-64
1754121643.93146,-2,-4,-51
1754121643.96946,1,-6,-55
1754121644.00746,-4,-5,-67
1754121644.0464602,4,-3,-65
1754121644.0824602,-1,0,-62
1754121644.1214602,2,-2,-65
1754121644.15846,-2,-2,-63
1754121644.1974602,0,-6,-67
1754121644.23546,0,-5,-58
1754121644.27246,2,-6,-52
1754121644.31046,3,-10,-55
1754121644.3484602,-2,-7,-63
1754121644.38746,4,1,-69
1754121644.42346,2,0,-69
1754121644.4604602,2,-5,-66
1754121644.49846,0,-2,-57
1754121644.53746,-3,-3,-68
1754121644.57346,-2,-4,-68
1754121644.6114602,0,-9,-59
1754121644.64946,-4,-2,-65
1754121644.6874602,1,-2,-65
1754121644.72646,-3,0,-66
1754121644.76246,-5,-2,-61
1754121644.80046,0,0,-67
1754121644.8384602,2,0,-65
1754121644.87746,-5,-5,-55
1754121644.91346,-1,0,-57
1754121644.95146,-1,0,-56
1754121644.98846,1,0,-58
1754121645.02746,-2,-2,-66
1754121645.06346,-6,0,-55
1754121645.10146,0,0,-51
1754121645.1384602,-6,8,-65
1754121645.1774602,-6,2,-55
1754121645.2134602,-4,-4,-61
1754121645.25146,-9,-7,-55
1754121645.2894602,-3,3,-52
1754121645.32846,-1,-1,-47
1754121645.36646,6,-3,-67
1754121645.40246,1,-5,-78
1754121645.4404602,2,2,-64
1754121645.47846,-2,-1,-70
1754121645.51746,11,-2,-67
1754121645.55346,0,0,-60
1754121645.59046,2,4,-62
1754121645.6284602,3,-3,-55
1754121645.6674602,-5,-1,-67
1754121645.70346,1,0,-65
1754121645.7404602,1,0,-64
1754121645.77846,5,-7,-57
1754121645.81746,6,-9,-57
1754121645.85346,-1,-1,-68
1754121645.8914602,2,-8,-69
1754121645.93046,2,-9,-55
1754121645.96846,-5,0,-65
1754121646.0064602,-3,-1,-73
1754121646.0424602,0,-3,-71
1754121646.08046,-10,-1,-61
1754121646.1184602,-3,-5,-64
1754121646.1574602,-1,-2,-63
1754121646.19346,0,-2,-62
1754121646.23146,-9,-3,-60
1754121646.2694602,0,4,-61
1754121646.30846,1,-2,-65
1754121646.34646,-6,-2,-70
1754121646.38246,-1,-3,-63
1754121646.4214602,0,0,-70
1754121646.45846,5,-5,-62
1754121646.49746,0,-4,-69
1754121646.53346,4,-2,-57
1754121646.57146,3,-1,-66
1754121646.60946,-2,-4,-71
1754121646.64846,0,-3,-62
1754121646.68646,-5,-8,-66
1754121646.7234602,-10,-5,-58
1754121646.76146,-8,0,-56
1754121646.7994602,1,-7,-61
1754121646.8384602,2,2,-62
1754121646.87446,-4,4,-63
1754121646.91346,2,1,-73
1754121646.9504602,-1,-6,-68
1754121646.98846,-2,-1,-61
1754121647.02746,-2,-4,-60
1754121647.06346,4,-3,-68
1754121647.10146,8,-1,-65
1754121647.13946,-2,-4,-73
1754121647.17846,4,1,-61
1754121647.21446,2,4,-57
1754121647.25246,-1,1,-49
1754121647.29146,-1,2,-66
1754121647.32846,-1,-3,-67
1754121647.36746,-4,-2,-63
1754121647.40346,-1,-1,-54
1754121647.44146,-3,1,-63
1754121647.47946,3,4,-68
1754121647.51846,-6,-6,-57
1754121647.55446,1,-2,-61
1754121647.59146,-8,3,-70
1754121647.62946,-1,-2,-71
1754121647.66846,-5,-1,-62
1754121647.70446,0,7,-60
1754121647.74246,5,6,-56
1754121647.78046,-3,1,-58
1754121647.8194602,-6,3,-61
1754121647.85746,-3,0,-72
1754121647.89346,-9,2,-69
1754121647.93146,-2,-3,-74
1754121647.9704602,-4,2,-67
1754121648.00846,0,1,-61
1754121648.04546,-11,-1,-63
1754121648.08346,-4,0,-61
1754121648.12046,-3,1,-67
1754121648.15946,-3,3,-61
1754121648.1974602,-7,-6,-68
1754121648.2334602,-1,-6,-60
1754121648.27146,5,-2,-73
1754121648.3094602,9,3,-67
1754121648.3484602,1,0,-64
1754121648.3844602,0,0,-57
1754121648.4214602,8,4,-63
1754121648.45946,0,-1,-65
1754121648.49846,-4,-9,-77
1754121648.53446,-1,-7,-71
1754121648.5724602,-1,0,-58
1754121648.61046,-7,-1,-53
1754121648.64946,-5,-4,-63
1754121648.6874602,2,-8,-72
1754121648.7234602,3,-6,-64
1754121648.76246,2,-7,-62
1754121648.80746,6,-7,-53
1754121648.84346,0,-5,-64
1754121648.8814602,2,-1,-69
1754121648.91946,3,-9,-52
1754121648.95846,0,-7,-65
1754121648.99446,3,-3,-67
1754121649.0324602,-1,-1,-61
1754121649.07046,-6,0,-57
1754121649.10946,6,-4,-67
1754121649.14546,1,0,-66
1754121649.18246,-3,-6,-64
1754121649.2204602,-4,-3,-68
1754121649.2594602,-2,-1,-67
1754121649.29546,-1,-1,-67
1754121649.33346,2,-10,-56
1754121649.3714602,1,-3,-57
1754121649.40946,2,-1,-54
1754121649.44846,3,0,-55
1754121649.48446,1,-1,-67
1754121649.52346,2,-5,-66
1754121649.56046,2,-10,-62
1754121649.59946,-1,-4,-66
1754121649.63546,0,-5,-64
1754121649.67346,2,-1,-62
1754121649.71146,-6,-5,-57
1754121649.74946,0,1,-71
1754121649.78846,4,3,-69
1754121649.82446,3,-2,-66
1754121649.8614602,0,-1,-62
1754121649.90046,0,1,-75
1754121649.93846,-1,3,-59
1754121649.97446,4,2,-55
1754121650.01146,3,1,-63
1754121650.05046,-10,5,-75
1754121650.0884602,-3,2,-67
1754121650.12446,1,6,-59
1754121650.1614602,1,3,-56
1754121650.19946,0,5,-71
1754121650.23546,7,2,-61
1754121650.27246,5,0,-74
1754121650.31146,3,-3,-57
1754121650.34946,4,-5,-63
1754121650.38546,0,1,-68
1754121650.42246,1,3,-64
1754121650.46146,0,3,-76
1754121650.49946,2,1,-62
1754121650.53546,6,-1,-64
1754121650.57446,-3,0,-71
1754121650.6114602,-5,1,-64
1754121650.65046,-1,0,-70
1754121650.68846,-2,1,-75
1754121650.72446,4,-1,-60
1754121650.76246,9,10,-72
1754121650.80046,4,3,-72
1754121650.83946,-2,-9,-73
1754121650.87546,1,-7,-62
1754121650.91346,-3,-5,-70
1754121650.95146,-2,-4,-68
1754121650.9904602,-9,-3,-58
1754121651.02846,0,0,-63
1754121651.06446,-4,0,-50
1754121651.10246,-1,-7,-56
1754121651.14046,-4,2,-74
1754121651.17946,-4,0,-64
1754121651.21546,3,7,-72
1754121651.25246,2,-2,-60
1754121651.29046,-2,7,-62
1754121651.32946,-5,2,-68
1754121651.3654602,0,0,-66
1754121651.40246,0,2,-65
1754121651.4404602,-7,-1,-68
1754121651.47946,0,-2,-72
1754121651.51546,-8,-3,-60
1754121651.55346,-1,0,-65
1754121651.59146,4,-9,-60
1754121651.63046,0,-3,-57
1754121651.66646,1,3,-63
1754121651.70346,-3,6,-69
1754121651.74146,-4,2,-75
1754121651.78046,5,0,-70
1754121651.81646,-1,-4,-74
1754121651.85446,4,0,-65
1754121651.89346,3,0,-64
1754121651.93146,-3,2,-53
1754121651.96946,0,2,-62
1754121652.0064602,3,4,-74
1754121652.04346,3,5,-59
1754121652.08146,2,-4,-57
1754121652.12046,-4,-4,-55
1754121652.15646,1,1,-59
1754121652.19346,-1,-1,-70
1754121652.23146,-3,0,-65
1754121652.27046,0,-6,-66
1754121652.30646,0,-3,-65
1754121652.34446,2,0,-66
1754121652.38246,0,-3,-59
1754121652.4214602,1,-4,-64
1754121652.45946,1,-2,-66
1754121652.49546,-4,-2,-61
1754121652.53346,-1,-2,-55
1754121652.57146,-2,-2,-61
1754121652.61046,2,-3,-62
1754121652.64646,0,-5,-67
1754121652.6844602,7,0,-51
1754121652.72246,2,1,-54
1754121652.76146,2,2,-62
1754121652.7994602,4,0,-52
1754121652.8354602,3,2,-56
1754121652.87246,-4,-4,-63
1754121652.9114602,0,-7,-59
1754121652.94946,-2,1,-61
1754121652.98546,-6,4,-60
1754121653.02246,-6,0,-60
1754121653.06046,-4,-1,-58
1754121653.09646,-1,-3,-53
1754121653.1344602,-1,-1,-61
1754121653.17246,-1,-5,-57
1754121653.21146,5,-7,-49
1754121653.24946,-1,-2,-58
1754121653.28546,5,-4,-71
1754121653.3224602,6,-1,-64
1754121653.3614602,3,-1,-57
1754121653.39946,8,-6,-56
1754121653.43546,5,1,-68
1754121653.47246,0,3,-57
1754121653.51146,0,0,-66
1754121653.54746,-4,5,-64
1754121653.5854602,0,0,-73
1754121653.62346,-1,3,-64
1754121653.6614602,0,0,-58
1754121653.7004602,-4,3,-62
1754121653.7364602,-2,-2,-62
1754121653.77546,-5,0,-66
1754121653.81346,-9,-3,-67
1754121653.85146,4,0,-69
1754121653.8884602,0,3,-68
1754121653.92546,-4,1,-73
1754121653.9634602,-4,1,-71
1754121654.00146,0,4,-60
1754121654.04046,2,-5,-66
1754121654.07646,4,0,-66
1754121654.11346,0,-1,-57
1754121654.1514602,1,-2,-67
1754121654.1904602,0,0,-67
1754121654.22646,0,3,-72
1754121654.2634602,0,0,-68
1754121654.30146,2,0,-62
1754121654.34046,3,0,-62
1754121654.37646,3,0,-58
1754121654.41346,4,3,-58
1754121654.45246,-7,-4,-55
1754121654.4904602,4,-6,-69
1754121654.5264602,3,-4,-69
1754121654.56446,3,-2,-63
1754121654.60246,4,4,-70
1754121654.6414602,4,0,-66
1754121654.6774602,2,5,-59
1754121654.71446,-8,2,-68
1754121654.75246,0,0,-60
1754121654.79146,-3,0,-63
1754121654.82746,-3,5,-65
1754121654.8654602,-4,0,-72
1754121654.9044602,9,-5,-56
1754121654.94246,-1,0,-58
1754121654.9804602,2,0,-80
1754121655.0164602,-1,0,-67
1754121655.05446,-5,-1,-69
1754121655.0924602,-4,4,-63
1754121655.13046,-5,2,-59
1754121655.16646,-4,4,-56
1754121655.20446,-4,-4,-51
1754121655.24246,-4,6,-59
1754121655.28046,-3,3,-77
1754121655.31646,-6,-1,-65
1754121655.35446,-1,-2,-68
1754121655.39246,-6,0,-63
1754121655.43146,-2,-5,-54
1754121655.4674602,2,-5,-52
1754121655.50446,2,-4,-60
1754121655.5424602,-1,-2,-49
1754121655.58146,-3,-3,-62
1754121655.61746,-6,-4,-62
1754121655.65546,-3,-2,-55
1754121655.6944602,-5,0,-62
1754121655.73246,-2,-2,-58
1754121655.77046,1,4,-54
1754121655.80646,3,0,-55
1754121655.84346,-3,2,-57
1754121655.88246,2,7,-70
1754121655.91846,7,3,-66
1754121655.95546,-3,5,-59
1754121655.9934602,-9,1,-69
1754121656.0324602,0,3,-64
1754121656.06846,-1,0,-53
1754121656.10746,7,0,-65
1754121656.1444602,-1,2,-60
1754121656.18246,3,0,-69
1754121656.22146,1,1,-61
1754121656.25746,-9,-3,-60
1754121656.29546,-1,-3,-61
1754121656.33346,1,-3,-67
1754121656.37246,4,1,-63
1754121656.40846,8,4,-64
1754121656.44646,-3,-2,-60
1754121656.48446,6,0,-64
1754121656.52246,4,0,-69
1754121656.56146,2,-3,-55
1754121656.59746,2,-3,-60
1754121656.6344602,1,-1,-63
1754121656.67346,-4,-1,-57
1754121656.71146,0,-7,-58
1754121656.74746,-3,1,-56
1754121656.78546,7,0,-53
1754121656.82446,0,-7,-62
1754121656.86246,-7,-8,-56
1754121656.89846,0,0,-68
1754121656.93646,9,-1,-66
1754121656.9734602,2,-1,-62
1754121657.01246,0,0,-61
1754121657.04846,0,-3,-56
1754121657.08646,-4,3,-64
1754121657.12446,0,1,-63
1754121657.16346,5,-6,-64
1754121657.20146,3,-2,-65
1754121657.23746,3,-4,-63
1754121657.27546,2,0,-57
1754121657.31346,6,5,-52
1754121657.35246,0,-1,-58
1754121657.3884602,-4,-2,-62
1754121657.4274602,3,1,-61
1754121657.46446,0,0,-62
1754121657.5034602,0,-7,-52
1754121657.54146,-1,-2,-55
1754121657.57746,-9,-2,-60
1754121657.6154602,-12,1,-58
1754121657.65346,-9,-1,-63
1754121657.69246,-10,0,-70
1754121657.72846,-5,-2,-67
1754121657.7664602,-2,-3,-59
1754121657.80446,1,1,-65
1754121657.84346,1,-3,-66
1754121657.8814602,-1,0,-67
1754121657.9174602,0,-4,-62
1754121657.95646,7,-1,-64
1754121657.9934602,0,0,-46
1754121658.0324602,-2,-3,-57
1754121658.06846,-3,-4,-62
1754121658.10646,10,-3,-68
1754121658.1444602,-2,-6,-65
1754121658.18346,-4,-4,-68
1754121658.21946,-6,0,-64
1754121658.25846,-2,4,-55
1754121658.29546,-7,3,-59
1754121658.33346,3,3,-60
1754121658.37246,3,0,-58
1754121658.40846,-1,3,-54
1754121658.44646,-1,3,-71
1754121658.48446,0,-3,-71
1754121658.52346,-2,0,-65
1754121658.5594602,-1,-6,-67
1754121658.59746,0,-2,-65
1754121658.63546,-9,1,-71
1754121658.67346,-1,-4,-74
1754121658.71246,0,-4,-61
1754121658.74846,-8,-5,-63
1754121658.7864602,-4,-1,-68
1754121658.8324602,-3,-9,-68
1754121658.8684602,-2,-6,-58
1754121658.90646,6,-2,-56
1754121658.9444602,0,1,-54
1754121658.9834602,-6,-1,-65
1754121659.0194602,-3,-1,-58
1754121659.05846,-2,-3,-52
1754121659.09646,0,0,-59
1754121659.1344602,-3,5,-60
1754121659.17246,-1,2,-57
1754121659.20846,1,-5,-63
1754121659.2464602,5,-1,-67
1754121659.28446,2,1,-62
1754121659.32346,0,0,-72
1754121659.35946,-5,-6,-71
1754121659.39746,-2,-1,-60
1754121659.43546,-6,0,-66
1754121659.47446,-4,3,-64
1754121659.51246,1,-3,-49
1754121659.54846,2,0,-68
1754121659.5854602,-8,-1,-60
1754121659.62446,-5,3,-68
1754121659.66246,-4,-1,-68
1754121659.69846,4,2,-67
1754121659.73546,0,0,-71
1754121659.77446,-4,-7,-65
1754121659.8124602,-5,-4,-61
1754121659.8484602,-1,2,-58
1754121659.88646,3,0,-55
1754121659.9244602,0,3,-66
1754121659.9634602,-3,6,-76
1754121659.99946,-4,1,-57
1754121660.03846,-4,6,-56
1754121660.0754602,-3,4,-70
1754121660.11446,-4,-1,-55
1754121660.15246,-1,-2,-59
1754121660.18846,3,-2,-70
1754121660.22646,2,0,-71
1754121660.26446,-1,0,-66
1754121660.30346,-3,3,-75
1754121660.33946,4,4,-71
1754121660.37646,2,-4,-72
1754121660.4144602,2,-1,-59
1754121660.45346,-3,-5,-68
1754121660.48946,0,-6,-61
1754121660.52846,-2,-5,-63
1754121660.56646,4,-1,-60
1754121660.60446,0,-5,-64
1754121660.64046,-2,-1,-75
1754121660.67946,-5,3,-72
1754121660.71646,-1,-3,-65
1754121660.75446,-7,-3,-61
1754121660.79346,3,-4,-57
1754121660.82946,8,-2,-62
1754121660.86746,2,2,-57
1754121660.9044602,-9,-4,-59
1754121660.94346,-8,-3,-54
1754121660.97946,-6,0,-68
1754121661.01746,-1,3,-68
1754121661.05446,1,4,-66
1754121661.09346,6,4,-61
1754121661.12946,1,0,-61
1754121661.1674602,0,-2,-51
1754121661.20446,-4,-5,-63
1754121661.2434602,-5,-1,-64
1754121661.2794602,-6,-4,-74
1754121661.31746,-4,9,-47
1754121661.3554602,-9,1,-60
1754121661.3944602,-1,1,-59
1754121661.43046,0,3,-63
1754121661.46846,-2,0,-46
1754121661.5064602,-2,-2,-56
1754121661.54546,-2,0,-64
1754121661.58346,-9,1,-68
1754121661.61946,3,-4,-63
1754121661.65846,5,-10,-62
1754121661.69546,0,0,-67
1754121661.73446,-1,6,-60
1754121661.77046,0,2,-51
1754121661.80846,-1,-4,-61
1754121661.8454602,0,-4,-57
1754121661.8844602,1,-1,-46
1754121661.92046,-1,0,-55
1754121661.95846,-6,-6,-60
1754121661.9964602,3,-5,-63
1754121662.03546,-8,0,-63
1754121662.07346,-5,-1,-69
1754121662.10946,-4,-1,-68
1754121662.14746,1,1,-58
1754121662.18546,-1,0,-59
1754121662.22446,-4,-6,-62
1754121662.26046,-1,-2,-51
1754121662.29846,4,-3,-47
1754121662.33746,2,1,-59
1754121662.37546,0,-6,-61
1754121662.41346,-2,-5,-57
1754121662.44946,-3,0,-48
1754121662.48746,-3,-2,-56
1754121662.52546,2,-3,-64
1754121662.56446,-4,-1,-63
1754121662.60046,0,-3,-60
1754121662.6384602,0,4,-65
1754121662.67646,1,2,-73
1754121662.71546,-1,0,-77
1754121662.7534602,-1,-4,-67
1754121662.79046,-7,2,-65
1754121662.82846,-2,2,-63
1754121662.86646,-6,-1,-58
1754121662.90546,-3,0,-58
1754121662.94146,-3,-5,-65
1754121662.97946,-2,1,-58
1754121663.01746,-1,1,-49
1754121663.05546,-1,-2,-60
1754121663.09446,0,-4,-69
1754121663.13046,-2,-6,-63
1754121663.16846,2,-1,-66
1754121663.2074602,4,4,-65
1754121663.24546,3,-2,-66
1754121663.28146,-4,2,-61
1754121663.3194602,-6,0,-60
1754121663.35746,-2,0,-67
1754121663.39546,1,-6,-61
1754121663.4344602,4,-6,-62
1754121663.4704602,-4,-4,-51
1754121663.50846,0,-1,-44
1754121663.5464602,-3,2,-66
1754121663.5854602,5,-3,-71
1754121663.6214602,0,-5,-73
1754121663.65946,4,-7,-68
1754121663.6974602,-5,-7,-60
1754121663.7364602,-3,2,-68
1754121663.77446,3,1,-62
1754121663.81046,3,-2,-67
1754121663.84946,-9,1,-71
1754121663.88646,-3,0,-63
1754121663.92546,-5,-5,-74
1754121663.96146,1,-5,-58
1754121663.99946,0,-3,-63
1754121664.03746,0,3,-62
1754121664.07646,-1,-3,-65
1754121664.11446,-2,-2,-65
1754121664.15046,0,0,-64
1754121664.1874602,-5,3,-78
1754121664.22646,1,-1,-65
1754121664.26446,0,0,-60
1754121664.30046,-1,-1,-63
1754121664.3384602,-1,-3,-64
1754121664.37646,4,-4,-67
1754121664.41546,2,-2,-74
1754121664.45146,0,-2,-77
1754121664.48846,-3,-2,-65
1754121664.5264602,-6,0,-61
1754121664.5654602,-2,-4,-65
1754121664.60146,-7,-1,-70
1754121664.63946,2,-2,-65
1754121664.6774602,2,7,-66
1754121664.71646,5,1,-70
1754121664.75446,-9,-1,-60
1754121664.79046,-4,4,-57
1754121664.82846,0,6,-56
1754121664.86646,-3,4,-60
1754121664.90546,-4,0,-64
1754121664.94146,0,-5,-62
1754121664.97946,0,0,-69
1754121665.01746,-2,-8,-66
1754121665.05646,-2,-11,-64
1754121665.0924602,2,-3,-60
1754121665.13046,0,-3,-62
1754121665.16846,4,-1,-60
1754121665.20646,12,-4,-60
1754121665.24546,2,0,-60
1754121665.28146,-1,7,-54
1754121665.3194602,-5,1,-55
1754121665.35746,5,1,-64
1754121665.39646,-3,0,-58
1754121665.43246,6,2,-61
1754121665.46946,1,5,-56
1754121665.50746,4,5,-60
1754121665.5464602,2,4,-68
1754121665.5824602,3,-4,-69
1754121665.61946,-2,5,-61
1754121665.6574602,-3,5,-64
1754121665.69646,1,-1,-61
1754121665.73246,0,-1,-61
1754121665.77146,1,0,-61
1754121665.80846,0,-1,-64
1754121665.84646,-4,-4,-74
1754121665.88546,-8,-3,-69
1754121665.9214602,-10,0,-70
1754121665.95946,3,-2,-63
1754121665.99846,1,-5,-61
1754121666.0364602,2,-7,-56
1754121666.0724602,1,-9,-60
1754121666.11046,2,-3,-70
1754121666.14846,-5,7,-68
1754121666.1874602,-1,-3,-64
1754121666.22546,0,-1,-58
1754121666.26146,-3,1,-58
1754121666.2994602,0,-6,-68
1754121666.33746,3,0,-66
1754121666.37646,0,-3,-60
1754121666.41246,3,-5,-68
1754121666.45146,-1,-6,-63
1754121666.48946,0,-7,-62
1754121666.52746,-3,-3,-60
1754121666.5654602,-1,-10,-57
1754121666.60146,-4,-4,-67
1754121666.63946,-3,-5,-61
1754121666.6774602,-1,-4,-62
1754121666.71646,-5,-4,-68
1754121666.75246,6,-3,-59
1754121666.79046,-4,-8,-74
1754121666.82846,-4,-1,-76
1754121666.86746,0,7,-69
1754121666.90546,-4,3,-60
1754121666.94146,-11,-3,-58
1754121666.97946,-9,-4,-54
1754121667.01846,-1,-2,-61
1754121667.05646,2,-7,-69
1754121667.0924602,5,-4,-60
1754121667.12946,4,-3,-73
1754121667.1674602,4,-5,-60
1754121667.20646,4,2,-61
1754121667.24246,-4,0,-53
1754121667.2794602,-8,4,-67
1754121667.31746,-1,-9,-55
1754121667.35646,-3,-9,-54
1754121667.39246,7,1,-60
1754121667.43046,0,2,-66
1754121667.46846,0,-2,-71
1754121667.50746,-1,1,-57
1754121667.54346,-8,-3,-60
1754121667.58146,0,0,-64
1754121667.61946,-5,1,-59
1754121667.6574602,-6,0,-54
1754121667.69646,-9,-3,-66
1754121667.73246,-7,-8,-74
1754121667.77046,0,-4,-67
1754121667.80846,-4,-1,-48
1754121667.84746,-2,-3,-53
1754121667.88346,1,1,-60
1754121667.92046,-1,3,-63
1754121667.95846,-2,3,-77
1754121667.99746,0,-4,-69
1754121668.03346,-2,0,-64
1754121668.07146,-8,3,-55
1754121668.10946,-2,-1,-58
1754121668.14746,-1,2,-50
1754121668.18646,4,-2,-60
1754121668.22246,-1,0,-60
1754121668.26046,-6,1,-59
1754121668.29846,-4,2,-64
1754121668.33746,-12,-3,-52
1754121668.37346,0,-2,-58
1754121668.4114602,0,-8,-54
1754121668.44946,8,-5,-51
1754121668.48846,3,-3,-45
1754121668.5264602,-2,-5,-58
1754121668.5624602,0,2,-72
1754121668.59946,1,-1,-58
1754121668.6384602,2,-2,-66
1754121668.67646,-3,0,-48
1754121668.71246,0,0,-58
1754121668.74946,-4,0,-60
1754121668.78846,-3,-3,-46
1754121668.8324602,1,-3,-51
1754121668.8714602,5,-7,-64
1754121668.90846,-2,0,-65
1754121668.9474602,-2,-6,-70
1754121668.9834602,0,-14,-67
1754121669.02146,-3,-6,-61
1754121669.05846,2,1,-61
1754121669.09746,-4,-6,-66
1754121669.13346,-8,-5,-59
1754121669.1714602,0,-3,-60
1754121669.20946,1,2,-54
1754121669.24846,-2,6,-49
1754121669.2864602,5,7,-59
1754121669.3224602,-3,0,-59
1754121669.36046,0,0,-56
1754121669.39846,-4,0,-75
1754121669.4374602,1,0,-70
1754121669.4734602,-8,-4,-65
1754121669.51146,-5,-5,-69
1754121669.55046,-5,-3,-67
1754121669.5884602,0,-2,-64
1754121669.62446,1,0,-61
1754121669.66246,7,2,-71
1754121669.7004602,5,0,-67
1754121669.73846,-3,-2,-60
1754121669.77446,-3,-2,-76
1754121669.81346,-8,-3,-69
1754121669.85046,0,-3,-63
1754121669.8884602,-3,0,-68
1754121669.9274602,-3,0,-68
1754121669.9634602,-3,-6,-60
1754121670.00146,-3,-4,-64
1754121670.0394602,1,-3,-67
1754121670.07846,4,0,-60
1754121670.11446,-5,-2,-55
1754121670.15246,-7,-3,-60
1754121670.19146,1,-3,-66
1754121670.22946,-1,1,-58
1754121670.26746,0,-3,-68
1754121670.30446,2,0,-66
1754121670.34146,0,-7,-56
1754121670.37946,0,-4,-63
1754121670.41846,6,-4,-76
1754121670.45446,3,-1,-63
1754121670.49246,2,4,-63
1754121670.53046,6,2,-60
1754121670.5694602,0,1,-67
1754121670.60746,-4,-2,-81
1754121670.64346,1,-4,-68
1754121670.68146,0,2,-67
1754121670.71946,4,-4,-52
1754121670.75846,0,0,-55
1754121670.79446,-1,5,-56
1754121670.83346,4,1,-63
1754121670.87046,-2,4,-67
1754121670.90946,-5,4,-70
1754121670.9474602,0,-5,-68
1754121670.9834602,1,-9,-58
1754121671.02146,-1,2,-71
1754121671.0594602,-3,1,-66
1754121671.0984602,-8,7,-70
1754121671.1344602,0,-4,-51
1754121671.17246,-8,-3,-69
1754121671.2104602,-5,-1,-59
1754121671.24946,-4,1,-65
1754121671.28746,-3,0,-65
1754121671.32346,-5,1,-69
1754121671.36046,-5,0,-71
1754121671.39946,-2,0,-69
1754121671.4374602,7,-5,-63
1754121671.4734602,2,-8,-60
1754121671.51146,-8,-8,-66
1754121671.5494602,-2,-1,-68
1754121671.5884602,1,4,-62
1754121671.62446,-6,4,-62
1754121671.66246,-5,4,-70
1754121671.7004602,2,0,-68
1754121671.73946,1,-1,-69
1754121671.77746,2,1,-73
1754121671.81346,2,0,-73
1754121671.85046,8,-4,-71
1754121671.88946,9,2,-61
1754121671.92546,-5,0,-63
1754121671.96246,-8,5,-64
1754121672.00046,-6,3,-55
1754121672.0394602,0,-2,-62
1754121672.0754602,0,-3,-61
1754121672.11246,-1,0,-78
1754121672.15046,-5,4,-71
1754121672.18946,3,-2,-60
1754121672.22546,0,-9,-69
1754121672.26246,-3,-5,-60
1754121672.30046,-3,-3,-57
1754121672.33946,-5,-9,-75
1754121672.37546,3,-4,-82
1754121672.41346,-1,-4,-77
1754121672.45146,5,-8,-68
1754121672.48946,0,-1,-66
1754121672.52846,8,-5,-57
1754121672.56446,0,-6,-53
1754121672.60346,0,-10,-54
1754121672.64046,-3,0,-55
1754121672.67946,-7,0,-62
1754121672.71546,-8,1,-54
1754121672.7534602,-2,0,-60
1754121672.79146,4,-1,-61
1754121672.83046,10,-5,-66
1754121672.8684602,-2,-4,-71
1754121672.90546,-1,1,-68
1754121672.94246,1,-4,-59
1754121672.9804602,3,-3,-69
1754121673.0194602,2,-1,-68
1754121673.05546,4,-2,-73
1754121673.0924602,2,0,-61
1754121673.13046,4,0,-68
1754121673.16946,0,-2,-55
1754121673.20546,0,-2,-68
1754121673.2434602,-2,3,-64
1754121673.2824602,0,-2,-62
1754121673.32046,-4,-8,-61
1754121673.3584602,-6,-3,-64
1754121673.3944602,-10,-5,-66
1754121673.43246,4,-3,-72
1754121673.4704602,0,3,-83
1754121673.5094602,-4,2,-66
1754121673.54546,3,-1,-68
1754121673.58346,4,8,-60
1754121673.6214602,0,1,-58
1754121673.66046,-3,0,-59
1754121673.69846,-4,-1,-70
1754121673.73446,0,2,-58
1754121673.77246,2,-6,-54
1754121673.81046,2,0,-58
1754121673.8484602,-1,0,-64
1754121673.8844602,6,0,-63
1754121673.9214602,0,-4,-66
1754121673.9604602,0,-4,-62
1754121673.99846,-6,-2,-57
1754121674.03446,0,-2,-60
1754121674.0724602,-4,0,-61
1754121674.1114602,-6,-3,-65
1754121674.14946,-3,1,-65
1754121674.18546,2,-1,-57
1754121674.2234602,0,-2,-59
1754121674.26146,-4,-2,-52
1754121674.30046,-2,1,-62
1754121674.33646,-1,3,-65
1754121674.37446,-6,1,-62
1754121674.41246,0,-1,-67
1754121674.4504602,4,2,-70
1754121674.48946,6,-1,-63
1754121674.52546,5,1,-68
1754121674.56446,4,4,-60
1754121674.60146,7,0,-58
1754121674.64046,5,0,-63
1754121674.67646,5,0,-70
1754121674.7134602,-5,1,-69
1754121674.75246,0,2,-61
1754121674.79046,5,9,-65
1754121674.82646,2,9,-54
1754121674.86446,1,-3,-63
1754121674.90246,-3,6,-67
1754121674.9404602,5,6,-63
1754121674.97946,-4,-3,-55
1754121675.01546,-2,-2,-59
1754121675.05346,-3,0,-63
1754121675.09146,-8,-2,-66
1754121675.13046,-4,5,-74
1754121675.16646,-3,2,-67
1754121675.20546,0,2,-65
1754121675.24246,6,-3,-78
1754121675.28146,-2,-5,-72
1754121675.3194602,1,2,-54
1754121675.3554602,3,1,-55
1754121675.39246,-2,-5,-58
1754121675.43146,-4,-4,-65
1754121675.46946,1,-3,-61
1754121675.50546,2,-7,-70
1754121675.54346,2,-4,-87
1754121675.58146,-3,-1,-71
1754121675.62046,0,3,-72
1754121675.65646,6,1,-70
1754121675.69346,1,0,-71
1754121675.73146,5,4,-66
1754121675.77046,4,-4,-73
1754121675.80646,5,-3,-77
1754121675.84446,4,-5,-64
1754121675.88246,1,2,-55
1754121675.9214602,6,0,-57
1754121675.95946,2,-5,-65
1754121675.99546,1,-4,-61
1754121676.03346,1,1,-68
1754121676.07146,-4,1,-65
1754121676.11046,-8,1,-71
1754121676.14646,-4,-3,-71
1754121676.1844602,3,-4,-61
1754121676.22246,0,0,-73
1754121676.26146,1,1,-57
1754121676.2994602,-8,-2,-52
1754121676.3354602,-7,0,-58
1754121676.37346,-8,-1,-64
1754121676.4114602,-10,0,-60
1754121676.4504602,-5,10,-61
1754121676.4864602,-9,7,-57
1754121676.52446,1,1,-55
1754121676.5624602,1,-1,-57
1754121676.60146,-3,4,-68
1754121676.63746,5,2,-56
1754121676.6744602,-5,0,-68
1754121676.7134602,-2,3,-58
1754121676.75146,-6,1,-55
1754121676.78746,-6,-1,-56
1754121676.8254602,-2,1,-57
1754121676.86346,1,0,-63
1754121676.9014602,-2,1,-56
1754121676.9404602,-1,-2,-57
1754121676.97646,4,-7,-62
1754121677.01446,1,-4,-63
1754121677.0524602,-1,-7,-68
1754121677.09146,0,-3,-61
1754121677.12746,-2,-2,-55
1754121677.16546,-1,-4,-55
1754121677.20446,-6,-2,-59
1754121677.24146,1,-1,-55
1754121677.28046,-2,-3,-61
1754121677.31646,-5,-2,-62
1754121677.35446,-9,-4,-60
1754121677.39246,-5,-5,-59
1754121677.43146,2,-5,-58
1754121677.4674602,0,-3,-59
1754121677.50546,-2,0,-52
1754121677.54346,-3,-9,-59
1754121677.5824602,-1,-2,-70
1754121677.62046,4,-1,-69
1754121677.65646,8,0,-53
1754121677.69346,4,4,-53
1754121677.73246,-6,-1,-53
1754121677.77046,-3,-3,-66
1754121677.80646,-9,-6,-60
1754121677.84446,-5,0,-69
1754121677.88246,0,-1,-68
1754121677.9214602,1,-2,-69
1754121677.9574602,-5,-1,-80
1754121677.9964602,-3,-2,-63
1754121678.03346,2,1,-70
1754121678.0724602,7,4,-61
1754121678.11046,4,1,-63
1754121678.14646,-1,-4,-56
1754121678.1844602,-2,0,-51
1754121678.22246,1,1,-60
1754121678.26146,7,7,-69
1754121678.29746,1,-2,-65
1754121678.3354602,1,-3,-58
1754121678.37346,-1,-1,-55
1754121678.41246,0,3,-56
1754121678.4504602,1,0,-67
1754121678.4864602,2,0,-74
1754121678.52446,0,0,-62
1754121678.5624602,0,1,-64
1754121678.60046,1,0,-57
1754121678.63646,10,-6,-63
1754121678.6744602,3,-3,-57
1754121678.71246,1,0,-57
1754121678.75146,1,-1,-66
1754121678.78746,1,0,-68
1754121678.82446,6,-8,-61
1754121678.87046,4,-8,-68
1754121678.90646,0,-4,-52
1754121678.9444602,0,-2,-47
1754121678.98246,-4,0,-53
1754121679.02146,7,-1,-68
1754121679.05746,8,-2,-67
1754121679.09646,7,0,-54
1754121679.13346,0,1,-69
1754121679.17246,5,0,-61
1754121679.20846,0,-3,-63
1754121679.2464602,-1,0,-50
1754121679.28446,-3,-2,-58
1754121679.3224602,6,10,-64
1754121679.3614602,-1,-1,-65
1754121679.39746,-2,-9,-55
1754121679.43546,-5,-12,-64
1754121679.4734602,-3,-3,-57
1754121679.51246,1,-5,-61
1754121679.5494602,-8,-5,-57
1754121679.58646,-7,-2,-63
1754121679.62546,-2,-5,-69
1754121679.66246,-3,-6,-67
1754121679.70146,-10,1,-66
1754121679.73746,0,3,-66
1754121679.77546,-1,3,-67
1754121679.81346,7,-3,-59
1754121679.85146,-6,-2,-62
1754121679.88746,-5,0,-63
1754121679.92546,-9,5,-68
1754121679.9634602,-2,-3,-58
1754121680.00246,1,-3,-63
1754121680.03846,-2,-1,-66
1754121680.07646,-1,-4,-62
1754121680.11446,1,-3,-65
1754121680.15346,2,5,-60
1754121680.19146,-1,0,-64
1754121680.22746,0,-6,-74
1754121680.26546,0,-4,-68
1754121680.30346,1,0,-68
1754121680.3424602,-6,-1,-66
1754121680.3784602,0,-2,-59
1754121680.41546,2,0,-51
1754121680.45346,-7,1,-47
1754121680.49246,-1,-3,-61
1754121680.52846,-1,1,-61
1754121680.5654602,0,1,-58
1754121680.60346,1,0,-67
1754121680.64246,0,-2,-63
1754121680.67846,-5,2,-62
1754121680.71646,-6,0,-62
1754121680.75446,1,0,-76
1754121680.79346,2,4,-63
1754121680.83146,9,-9,-52
1754121680.86746,10,-3,-52
1754121680.90546,-1,-7,-64
1754121680.94346,-3,-1,-78
1754121680.98246,0,-1,-58
1754121681.01846,-3,1,-62
1754121681.05646,-1,-2,-56
1754121681.0954602,3,4,-61
1754121681.13346,5,-3,-61
1754121681.16946,4,-1,-59
1754121681.20846,0,-4,-61
1754121681.24546,-3,-1,-58
1754121681.28346,1,-4,-62
1754121681.3224602,1,0,-70
1754121681.3584602,-1,-1,-63
1754121681.39746,-10,-8,-72
1754121681.4344602,-2,-2,-76
1754121681.4734602,1,0,-62
1754121681.5094602,-3,-1,-63
1754121681.54846,0,-4,-61
1754121681.5854602,2,-2,-45
1754121681.62446,-3,-4,-61
1754121681.66246,5,0,-55
1754121681.69846,2,0,-66
1754121681.73546,-4,8,-60
1754121681.77446,-3,4,-66
1754121681.8124602,0,5,-61
1754121681.8484602,-4,-5,-64
1754121681.88646,0,3,-59
1754121681.9244602,-5,0,-58
1754121681.9634602,1,-2,-56
1754121681.99946,2,2,-62
1754121682.0364602,1,0,-63
1754121682.07446,0,-1,-71
1754121682.11346,-1,-2,-66
1754121682.14946,9,-4,-62
1754121682.1874602,10,-7,-66
1754121682.22546,2,-7,-60
1754121682.26446,-1,0,-67
1754121682.3024602,-8,2,-64
1754121682.3384602,-13,10,-62
1754121682.37646,2,-1,-65
1754121682.41546,3,1,-60
1754121682.45346,6,0,-64
1754121682.48946,-8,-1,-60
1754121682.52746,-7,2,-60
1754121682.5654602,0,3,-62
1754121682.60446,-1,3,-58
1754121682.64246,4,-1,-56
1754121682.67846,5,-1,-63
1754121682.71646,1,-1,-62
1754121682.75446,-5,0,-61
1754121682.79346,-1,-2,-56
1754121682.82946,0,0,-63
1754121682.86746,-1,-1,-55
1754121682.90546,5,-8,-67
1754121682.9444602,0,0,-70
1754121682.98246,9,3,-63
1754121683.01846,8,-3,-71
1754121683.05546,3,-1,-58
1754121683.09446,2,0,-59
1754121683.13246,-3,0,-49
1754121683.16846,2,1,-50
1754121683.20546,0,-1,-65
1754121683.24446,0,0,-70
1754121683.2824602,-2,-2,-60
1754121683.31846,0,-2,-53
1754121683.3554602,-3,-2,-66
1754121683.3944602,1,1,-65
1754121683.43046,0,-7,-58
1754121683.46846,-1,-5,-62
1754121683.5064602,4,9,-62
1754121683.54546,-5,2,-56
1754121683.58346,0,4,-55
1754121683.61946,-4,-2,-64
1754121683.6574602,0,0,-67
1754121683.69546,3,1,-62
1754121683.73446,-1,3,-53
1754121683.77046,2,2,-54
1754121683.80746,-1,-1,-64
1754121683.84646,0,0,-72
1754121683.8844602,0,2,-64
1754121683.92046,-3,5,-75
1754121683.95846,-8,3,-68
1754121683.9964602,-8,2,-67
1754121684.03446,-3,-5,-66
1754121684.07346,1,-1,-70
1754121684.10946,4,0,-75
1754121684.14646,4,7,-63
1754121684.1844602,6,3,-63
1754121684.2234602,1,-1,-59
1754121684.2594602,-1,6,-68
1754121684.29746,-4,1,-62
1754121684.3354602,0,2,-65
1754121684.37446,0,5,-60
1754121684.41046,0,0,-72
1754121684.4474602,0,1,-74
1754121684.48546,0,-4,-68
1754121684.52446,-5,-5,-60
1754121684.56046,0,-2,-60
1754121684.5984602,-5,-2,-64
1754121684.63646,0,1,-57
1754121684.67546,-4,0,-65
1754121684.7134602,-3,2,-68
1754121684.74946,1,4,-70
1754121684.78846,3,2,-66
1754121684.8254602,0,-2,-73
1754121684.86446,0,0,-64
1754121684.90046,0,7,-73
1754121684.93846,-4,6,-66
1754121684.97546,-9,7,-68
1754121685.01446,-7,7,-70
1754121685.05046,0,2,-71
1754121685.08746,7,1,-61
1754121685.12546,3,2,-65
1754121685.1644602,2,-2,-69
1754121685.2004602,-4,-1,-51
1754121685.23846,-3,-2,-60
1754121685.2764602,-6,1,-64
1754121685.3154602,-9,-1,-71
1754121685.35346,-10,-3,-65
1754121685.38946,-2,2,-62
1754121685.4274602,-9,4,-67
1754121685.46546,5,-1,-69
1754121685.50446,-3,3,-64
1754121685.54046,-2,-6,-63
1754121685.57846,9,-4,-60
1754121685.61746,6,0,-58
1754121685.65546,5,-7,-58
1754121685.69346,2,0,-59
1754121685.72946,0,-3,-65
1754121685.76746,2,-6,-54
1754121685.80646,7,3,-58
1754121685.84446,2,6,-63
1754121685.88046,-7,0,-58
1754121685.9174602,2,-5,-63
1754121685.95646,-1,2,-57
1754121685.99446,2,3,-66
1754121686.03046,4,4,-56
1754121686.06746,1,-2,-61
1754121686.1054602,-1,0,-64
1754121686.1444602,1,-1,-69
1754121686.18046,-4,1,-67
1754121686.2174602,-4,4,-68
1754121686.25546,-2,-2,-65
1754121686.29446,5,-2,-70
1754121686.33046,5,3,-65
1754121686.36746,0,-2,-77
1754121686.40546,3,-2,-72
1754121686.4444602,0,0,-75
1754121686.4804602,5,0,-56
1754121686.51746,-4,-1,-58
1754121686.55546,0,-2,-49
1754121686.59446,0,0,-55
1754121686.63046,2,0,-57
1754121686.6674602,-1,-7,-60
1754121686.70646,-4,-2,-75
1754121686.74446,0,-10,-63
1754121686.78046,-5,-9,-67
1754121686.81846,-2,0,-64
1754121686.85646,-2,-2,-54
1754121686.89546,-4,-8,-66
1754121686.93146,-2,-6,-54
1754121686.96946,0,-5,-70
1754121687.00746,5,-4,-68
1754121687.0464602,2,4,-64
1754121687.08446,7,4,-60
1754121687.12046,9,1,-62
1754121687.1574602,-1,-4,-71
1754121687.19646,2,-5,-64
1754121687.23446,1,-2,-71
1754121687.27046,-4,1,-59
1754121687.3094602,-4,5,-63
1754121687.34646,-1,-1,-74
1754121687.38546,3,2,-67
1754121687.4214602,7,4,-66
1754121687.45946,0,3,-68
1754121687.49746,-1,-4,-67
1754121687.5364602,7,-6,-57
1754121687.57446,4,-8,-64
1754121687.61046,1,0,-57
1754121687.64746,4,-3,-62
1754121687.68646,-4,0,-72
1754121687.72446,-7,-2,-65
1754121687.76046,-1,-2,-70
1754121687.79846,0,0,-73
1754121687.83746,-1,4,-64
1754121687.87546,-2,3,-58
1754121687.9114602,0,2,-59
1754121687.94846,6,4,-58
1754121687.9864602,-1,-2,-61
1754121688.02546,1,1,-72
1754121688.06146,-7,-2,-73
1754121688.09946,-1,0,-74
1754121688.13746,0,0,-70
1754121688.17646,9,-2,-67
1754121688.2134602,3,-2,-66
1754121688.25046,1,4,-64
1754121688.28846,6,-2,-63
1754121688.32646,0,-3,-62
1754121688.3654602,7,0,-54
1754121688.4014602,0,1,-67
1754121688.43846,6,-5,-65
1754121688.47646,7,0,-46
1754121688.51546,0,-5,-58
1754121688.55146,2,3,-61
1754121688.5884602,-3,2,-66
1754121688.62646,-2,2,-56
1754121688.66546,-2,-4,-62
1754121688.70146,-6,-6,-63
1754121688.73946,-2,-3,-60
1754121688.77846,5,-1,-63
1754121688.81646,2,-4,-68
1754121688.85246,3,-2,-65
1754121688.89846,-2,-2,-62
1754121688.93646,0,4,-65
1754121688.97246,-2,-6,-57
1754121689.01046,0,-2,-57
1754121689.04846,4,3,-57
1754121689.08746,4,0,-61
1754121689.12546,-2,-3,-67
1754121689.1614602,-3,3,-69
1754121689.19946,2,2,-76
1754121689.23846,0,-1,-61
1754121689.2764602,-7,-6,-61
1754121689.3124602,-5,3,-61
1754121689.35046,0,1,-58
1754121689.3884602,1,6,-78
1754121689.4274602,3,0,-55
1754121689.46546,1,-2,-66
1754121689.50146,5,4,-65
1754121689.53846,1,-1,-64
1754121689.57746,-3,0,-59
1754121689.6154602,-1,-4,-60
1754121689.6514602,0,0,-62
1754121689.68846,-1,1,-54
1754121689.72746,-3,5,-69
1754121689.76546,-8,3,-68
1754121689.80146,-6,0,-64
1754121689.8384602,-4,-5,-65
1754121689.87746,0,-5,-69
1754121689.91546,-4,4,-66
1754121689.95146,-2,0,-64
1754121689.98946,-1,1,-61
1754121690.02746,-10,-1,-65
1754121690.06646,-9,-2,-53
1754121690.10246,1,0,-60
1754121690.1414602,3,4,-72
1754121690.17846,3,4,-71
1754121690.2174602,3,5,-75
1754121690.25446,5,0,-72
1754121690.29146,4,-4,-65
1754121690.32946,7,-1,-46
1754121690.36746,-1,0,-50
1754121690.40646,0,0,-70
1754121690.44246,0,2,-66
1754121690.47946,-7,-2,-67
1754121690.51746,3,1,-72
1754121690.55646,3,0,-58
1754121690.5924602,3,-1,-67
1754121690.63046,-7,0,-67
1754121690.66846,-4,0,-64
1754121690.7074602,-4,2,-64
1754121690.7434602,1,0,-69
1754121690.78046,-2,0,-66
1754121690.81846,0,0,-64
1754121690.85746,1,-2,-60
1754121690.89346,0,1,-63
1754121690.93046,-2,3,-66
1754121690.96846,5,-4,-72
1754121691.00746,8,2,-66
1754121691.04346,4,0,-60
1754121691.08046,2,2,-63
1754121691.11946,-2,-3,-62
1754121691.1574602,9,0,-59
1754121691.19346,0,0,-60
1754121691.2304602,0,-6,-73
1754121691.2694602,-1,0,-67
1754121691.30746,3,2,-69
1754121691.34346,-2,1,-56
1754121691.3814602,-2,0,-59
1754121691.41946,3,-4,-64
1754121691.45846,7,-1,-64
1754121691.4964602,-5,0,-66
1754121691.5324602,-5,-3,-60
1754121691.57046,-8,-7,-64
1754121691.6084602,-2,-1,-65
1754121691.64746,0,2,-57
1754121691.68346,2,8,-53
1754121691.7204602,2,-5,-55
1754121691.75846,-2,-6,-67
1754121691.79746,-1,-5,-62
1754121691.83346,3,-2,-69
1754121691.8714602,-6,-6,-59
1754121691.91046,-8,-2,-64
1754121691.94846,3,2,-54
1754121691.9864602,4,4,-61
1754121692.02346,-5,5,-56
1754121692.06146,-2,5,-66
1754121692.0984602,2,0,-75
1754121692.13746,-2,5,-62
1754121692.17346,-3,1,-67
1754121692.21146,-9,0,-69
1754121692.24946,-2,-4,-60
1754121692.28846,0,-6,-76
1754121692.32646,0,-2,-72
1754121692.36246,-1,-8,-60
1754121692.40046,-1,-3,-63
1754121692.43846,0,-1,-75
1754121692.47746,-5,-1,-65
1754121692.5134602,-7,-3,-63
1754121692.55146,-1,-2,-78
1754121692.59046,-7,-1,-61
1754121692.6284602,0,-5,-63
1754121692.6644602,0,0,-65
1754121692.70146,-8,-5,-64
1754121692.7404602,-4,3,-58
1754121692.77846,0,-4,-60
1754121692.81446,1,-5,-67
1754121692.85146,-3,-2,-71
1754121692.89046,-7,-2,-82
1754121692.92846,-4,-3,-70
1754121692.96446,-4,0,-63
1754121693.0034602,-3,-2,-65
1754121693.04046,-4,-4,-54
1754121693.07846,-8,-2,-58
1754121693.11746,-8,0,-55
1754121693.15346,-2,-6,-68
1754121693.19146,2,-8,-65
1754121693.22946,4,-15,-48
1754121693.26846,3,-2,-63
1754121693.30446,0,-6,-57
1754121693.3424602,-1,-1,-54
1754121693.3814602,3,6,-63
1754121693.41846,-3,6,-63
1754121693.4574602,1,-2,-66
1754121693.4934602,4,1,-59
1754121693.53046,0,-1,-64
1754121693.5694602,-3,-1,-75
1754121693.60746,10,-3,-70
1754121693.64346,0,-3,-62
1754121693.68146,-3,-4,-69
1754121693.71946,1,0,-68
1754121693.75846,-2,-3,-56
1754121693.79446,-6,-4,-62
1754121693.8324602,2,0,-63
1754121693.87046,4,0,-48
1754121693.90946,-1,-5,-66
1754121693.9474602,-2,-2,-70
1754121693.9834602,1,4,-72
1754121694.02146,-2,3,-46
1754121694.0594602,0,1,-52
1754121694.0984602,-5,0,-56
1754121694.1344602,-2,1,-63
1754121694.17246,-6,-7,-65
1754121694.2104602,2,-7,-61
1754121694.24946,-2,-2,-60
1754121694.28746,-2,-6,-58
1754121694.32346,-1,-8,-64
1754121694.3614602,2,-1,-53
1754121694.39946,0,0,-62
1754121694.43846,-7,0,-69
1754121694.47446,-1,0,-61
1754121694.51246,3,-7,-69
1754121694.55046,4,-7,-71
1754121694.58946,1,0,-62
1754121694.62746,8,-2,-59
1754121694.66346,-3,-1,-62
1754121694.70246,-5,-3,-62
1754121694.73946,-2,0,-61
1754121694.77846,0,0,-61
1754121694.81446,-3,-10,-59
1754121694.85246,-9,-5,-65
1754121694.89046,-2,-5,-64
1754121694.92946,-2,-3,-67
1754121694.96546,0,-3,-60
1754121695.0034602,-2,-1,-58
1754121695.04146,2,-2,-76
1754121695.08046,-2,0,-77
1754121695.1184602,7,8,-67
1754121695.1544602,4,8,-61
1754121695.19346,-6,2,-62
1754121695.2304602,1,0,-50
1754121695.2694602,0,-5,-72
1754121695.30546,1,0,-61
1754121695.34346,6,0,-59
1754121695.38046,7,1,-68
1754121695.41946,5,-4,-61
1754121695.45546,0,8,-63
1754121695.4934602,1,3,-59
1754121695.53046,-1,-1,-65
1754121695.5694602,-9,7,-69
1754121695.6054602,2,4,-58
1754121695.64346,10,4,-56
1754121695.68046,1,-4,-59
1754121695.71946,0,0,-59
1754121695.75546,-4,-1,-57
1754121695.79346,-5,-4,-61
1754121695.83146,-3,-2,-61
1754121695.87046,4,0,-61
1754121695.90846,5,-1,-62
1754121695.9444602,5,-4,-64
1754121695.98246,9,-7,-52
1754121696.02046,8,-5,-58
1754121696.0594602,4,-8,-57
1754121696.0954602,-1,-1,-59
1754121696.13346,-1,-2,-63
1754121696.17246,1,-7,-62
1754121696.2104602,-4,-3,-48
1754121696.24846,0,6,-56
1754121696.28446,3,0,-56
1754121696.3224602,-5,-5,-67
1754121696.36046,-2,0,-61
1754121696.39946,-7,6,-72
1754121696.43546,-2,0,-68
1754121696.47246,-7,-2,-63
1754121696.51046,-1,0,-64
1754121696.5494602,-3,0,-67
1754121696.5854602,-7,-1,-67
1754121696.62346,-3,-3,-56
1754121696.6614602,0,0,-65
1754121696.7004602,6,4,-75
1754121696.73846,0,-4,-79
1754121696.77446,4,-3,-70
1754121696.8124602,-2,0,-65
1754121696.85046,4,7,-63
1754121696.88946,2,-1,-74
1754121696.92546,-1,-4,-67
1754121696.9634602,-1,-5,-57
1754121697.00146,5,1,-63
1754121697.04046,-3,1,-71
1754121697.07646,-1,1,-67
1754121697.11446,4,2,-74
1754121697.15246,5,1,-66
1754121697.1904602,1,-4,-66
1754121697.22946,0,0,-75
1754121697.26546,1,1,-78
1754121697.30346,0,-4,-71
1754121697.34146,-6,-1,-65
1754121697.38046,1,-8,-56
1754121697.41646,0,-5,-54
1754121697.45546,-7,-2,-63
1754121697.49246,-3,-2,-62
1754121697.53046,0,-3,-71
1754121697.5694602,3,3,-69
1754121697.6054602,3,6,-78
1754121697.64246,0,4,-56
1754121697.68046,2,1,-62
1754121697.71946,-4,0,-62
1754121697.75546,-2,-6,-65
1754121697.79346,9,0,-65
1754121697.83146,-4,-6,-50
1754121697.87046,-1,-4,-50
1754121697.90646,5,-3,-57
1754121697.9444602,7,3,-62
1754121697.98246,-4,-1,-66
1754121698.02046,-1,-2,-66
1754121698.0594602,1,-1,-59
1754121698.0954602,0,-1,-64
1754121698.13246,1,-5,-63
1754121698.1714602,-2,-2,-60
1754121698.20946,-2,0,-61
1754121698.24546,1,1,-63
1754121698.2824602,3,6,-64
1754121698.32146,0,-4,-59
1754121698.35946,1,-4,-73
1754121698.39546,2,-1,-59
1754121698.4344602,0,6,-79
1754121698.47146,-2,-2,-66
1754121698.51046,1,-3,-63
1754121698.5464602,4,-3,-65
1754121698.58446,5,-4,-62
1754121698.6214602,-6,2,-68
1754121698.66046,0,0,-62
1754121698.69646,0,-3,-49
1754121698.73446,-2,3,-68
1754121698.77246,5,9,-66
1754121698.81146,4,0,-58
1754121698.84946,2,-2,-71
1754121698.88546,0,0,-74
1754121698.93146,2,0,-62
1754121698.96946,-1,0,-58
1754121699.00546,-3,0,-48
1754121699.04346,-1,0,-59
1754121699.08146,-1,-4,-68
1754121699.12046,9,-8,-66
1754121699.15646,1,-6,-65
1754121699.1944602,3,-2,-57
1754121699.2334602,8,7,-55
1754121699.27146,7,-4,-56
1754121699.3094602,-1,-2,-65
1754121699.3454602,-2,0,-57
1754121699.38346,1,4,-53
1754121699.4214602,1,-2,-51
1754121699.4604602,3,0,-61
1754121699.4964602,3,2,-51
1754121699.53346,9,4,-55
1754121699.57146,0,0,-67
1754121699.61046,-3,-6,-65
1754121699.64646,-6,-4,-61
1754121699.6844602,-6,4,-61
1754121699.7234602,0,-5,-59
1754121699.76146,1,-8,-81
1754121699.79746,0,2,-69
1754121699.83446,0,-4,-70
1754121699.87246,4,-1,-67
1754121699.9114602,0,-2,-66
1754121699.9474602,0,-2,-58
1754121699.98546,0,4,-64
1754121700.02346,-5,2,-55
1754121700.06146,-2,-5,-65
1754121700.10046,4,0,-60
1754121700.13646,0,0,-74
1754121700.17346,1,-3,-62
1754121700.21146,0,3,-61
1754121700.25046,1,4,-62
1754121700.2864602,-2,1,-58
1754121700.32346,2,0,-54
1754121700.36246,6,0,-58
1754121700.40046,-1,-7,-62
1754121700.43646,5,-4,-66
1754121700.47446,3,-4,-63
1754121700.51246,1,-6,-65
1754121700.55146,3,0,-54
1754121700.58746,1,-5,-63
1754121700.62446,1,0,-65
1754121700.66246,1,1,-57
1754121700.70146,-1,0,-64
1754121700.73746,-4,0,-59
1754121700.77446,-5,1,-62
1754121700.8124602,-2,-1,-57
1754121700.85146,2,-8,-57
1754121700.88746,7,-2,-54
1754121700.92546,0,0,-59
1754121700.9634602,-1,2,-58
1754121701.00246,0,1,-59
1754121701.04046,-6,3,-56
1754121701.07646,-2,5,-64
1754121701.11446,9,0,-71
1754121701.15246,0,-2,-65
1754121701.1904602,3,0,-64
1754121701.22646,4,-6,-67
1754121701.26446,0,-7,-63
1754121701.30346,3,-2,-68
1754121701.34146,5,2,-59
1754121701.37746,2,-1,-52
1754121701.41546,-4,-6,-60
1754121701.45346,1,-2,-62
1754121701.49246,-8,-1,-61
1754121701.53046,-2,-3,-74
1754121701.56746,-9,-1,-71
1754121701.60646,1,-8,-66
1754121701.6444602,0,0,-67
1754121701.68246,-4,-3,-57
1754121701.7204602,-1,-5,-73
1754121701.7564602,0,-6,-72
1754121701.79446,-1,-1,-62
1754121701.83346,-1,-4,-54
1754121701.8714602,1,5,-48
1754121701.9074602,2,-2,-54
1754121701.94546,-12,-5,-61
1754121701.9834602,0,-5,-50
1754121702.02246,0,-2,-62
1754121702.05846,3,-2,-57
1754121702.09646,6,0,-52
1754121702.1344602,0,0,-62
1754121702.17246,1,0,-62
1754121702.21146,-2,3,-61
1754121702.24746,0,0,-66
1754121702.28546,0,2,-60
1754121702.32446,-7,0,-57
1754121702.36246,-11,-7,-57
1754121702.39846,-11,-5,-54
1754121702.43646,-8,0,-50
1754121702.47446,-1,-5,-65
1754121702.51246,5,-5,-69
1754121702.55146,3,-7,-66
1754121702.58746,4,-12,-76
1754121702.62546,3,-9,-68
1754121702.66346,1,-9,-73
1754121702.70246,1,-4,-67
1754121702.73846,-2,-3,-68
1754121702.7764602,6,3,-59
1754121702.81446,2,4,-56
1754121702.85346,2,-3,-63
1754121702.8914602,-5,-2,-53
1754121702.9274602,-5,-2,-57
1754121702.96646,0,-4,-54
1754121703.0034602,-7,-8,-55
1754121703.0424602,1,-5,-56
1754121703.07846,0,-5,-60
1754121703.11646,0,0,-72
1754121703.15346,1,-2,-67
1754121703.19246,0,0,-63
1754121703.22846,3,2,-66
1754121703.2664602,-8,-2,-69
1754121703.30346,-9,0,-62
1754121703.3424602,-7,-1,-67
1754121703.3784602,-4,-3,-67
1754121703.41646,9,-7,-63
1754121703.45446,4,-6,-57
1754121703.4934602,0,-4,-61
1754121703.53146,0,-1,-65
1754121703.56746,-4,-5,-58
1754121703.6054602,0,1,-60
1754121703.6444602,-4,0,-70
1754121703.68246,-3,-2,-64
1754121703.71846,-3,-3,-61
1754121703.7564602,0,-2,-70
1754121703.79446,4,-3,-70
1754121703.83346,-6,-9,-60
1754121703.8714602,-1,0,-65
1754121703.9074602,6,5,-59
1754121703.9444602,0,0,-62
1754121703.9834602,-1,0,-73
1754121704.0194602,0,0,-66
1754121704.05646,-1,1,-62
1754121704.09446,-2,1,-63
1754121704.13346,-5,0,-61
1754121704.16946,2,0,-61
1754121704.20646,-4,-1,-44
1754121704.24446,-3,-4,-59
1754121704.28346,0,-6,-66
1754121704.3194602,1,-5,-72
1754121704.35746,1,-9,-59
1754121704.39546,1,-4,-72
1754121704.43346,-1,-2,-69
1754121704.47246,-5,0,-65
1754121704.50846,1,0,-64
1754121704.54546,-8,0,-59
1754121704.58346,-2,5,-64
1754121704.62246,-5,1,-60
1754121704.65846,-5,0,-71
1754121704.6974602,-12,-3,-63
1754121704.73446,-3,-3,-72
1754121704.77346,-1,0,-55
1754121704.8094602,-4,-1,-51
1754121704.84746,0,-2,-56
1754121704.88546,3,-11,-53
1754121704.92346,0,-5,-62
1754121704.96246,0,-7,-60
1754121704.99846,-6,-1,-60
1754121705.0364602,0,-3,-49
1754121705.07446,0,-3,-53
1754121705.11346,0,0,-52
1754121705.14946,-2,-4,-65
1754121705.1874602,-6,-4,-64
1754121705.22646,7,1,-69
1754121705.26446,10,-2,-48
1754121705.3024602,11,-3,-72
1754121705.3384602,6,0,-62
1754121705.37646,-9,-2,-59
1754121705.41546,-13,-1,-72
1754121705.45346,4,3,-64
1754121705.48946,-4,-2,-54
1754121705.52746,4,-2,-57
1754121705.5654602,1,-5,-58
1754121705.60446,5,-3,-65
1754121705.64246,0,0,-68
1754121705.67846,1,0,-61
1754121705.71546,2,-2,-52
1754121705.75446,6,-9,-65
1754121705.7924602,2,-9,-57
1754121705.82846,-3,-2,-61
1754121705.86646,0,-4,-72
1754121705.9044602,0,-1,-57
1754121705.94346,4,-3,-68
1754121705.97946,0,0,-75
1754121706.01746,0,5,-70
1754121706.05546,0,0,-69
1754121706.09446,1,0,-72
1754121706.13246,-3,0,-64
1754121706.16846,-8,3,-59
1754121706.20546,-9,0,-54
1754121706.24446,-4,2,-54
1754121706.2824602,-5,5,-59
1754121706.31846,-6,2,-61
1754121706.3554602,1,5,-46
1754121706.3944602,-5,-2,-65
1754121706.43046,0,-6,-73
1754121706.46846,6,0,-62
1754121706.5064602,6,-4,-71
1754121706.54446,5,0,-69
1754121706.58346,2,-4,-64
1754121706.61946,4,-3,-65
1754121706.6574602,4,-4,-65
1754121706.69546,-5,-1,-46
1754121706.73446,0,3,-55
1754121706.77046,-2,-1,-66
1754121706.80846,0,1,-63
1754121706.84646,-3,-1,-58
1754121706.8844602,0,-8,-61
1754121706.92346,0,-7,-61
1754121706.95946,0,-10,-61
1754121706.99746,-3,-4,-62
1754121707.03546,0,2,-60
1754121707.07446,-4,-1,-63
1754121707.11046,-10,-2,-61
1754121707.14846,-4,-3,-65
1754121707.18646,-8,-6,-61
1754121707.22446,-1,-5,-63
1754121707.2634602,5,-1,-57
1754121707.2994602,0,-4,-61
1754121707.33746,4,-5,-56
1754121707.37546,1,8,-68
1754121707.4144602,-1,6,-73
1754121707.4504602,2,-2,-75
1754121707.48746,-6,-1,-61
1754121707.52546,8,0,-53
1754121707.56446,2,-5,-57
1754121707.60046,-3,-5,-55
1754121707.6384602,-2,-8,-56
1754121707.67646,-6,-7,-57
1754121707.71546,0,-4,-54
1754121707.7534602,5,-2,-58
1754121707.7894602,1,-3,-66
1754121707.82746,1,-4,-65
1754121707.8654602,3,-3,-57
1754121707.9044602,0,-2,-59
1754121707.9404602,-6,-5,-68
1754121707.97846,2,-6,-68
1754121708.0164602,1,-5,-49
1754121708.05546,-6,-6,-62
1754121708.09346,1,-6,-60
1754121708.12946,-7,-4,-61
1754121708.1674602,3,0,-73
1754121708.20546,-5,2,-59
1754121708.24446,0,4,-63
1754121708.28046,0,-5,-64
1754121708.31846,-5,5,-60
1754121708.35646,-4,2,-58
1754121708.39546,-9,1,-65
1754121708.43346,-1,-2,-64
1754121708.46946,0,-1,-65
1754121708.50846,0,4,-64
1754121708.54546,0,0,-58
1754121708.58446,0,-1,-76
1754121708.62046,-3,0,-63
1754121708.65846,-1,-2,-66
1754121708.69646,3,3,-67
1754121708.73546,-3,-1,-76
1754121708.77146,-3,-4,-65
1754121708.8094602,-7,-5,-82
1754121708.84746,-3,-4,-72
1754121708.88546,-3,-3,-64
1754121708.9244602,-6,-3,-59
1754121708.96846,-3,0,-58
1754121709.00746,-1,-3,-55
1754121709.04546,0,-6,-62
1754121709.08146,1,-4,-55
1754121709.11946,1,-1,-56
1754121709.15846,-2,-4,-77
1754121709.19546,1,0,-74
1754121709.23446,0,-1,-67
1754121709.27146,0,0,-61
1754121709.30846,4,1,-66
1754121709.34646,-5,-4,-66
1754121709.38546,2,0,-65
1754121709.4214602,0,4,-65
1754121709.45846,4,-1,-80
1754121709.4964602,2,0,-61
1754121709.53546,0,10,-71
1754121709.57146,1,4,-69
1754121709.6084602,2,-2,-60
1754121709.64646,-4,3,-57
1754121709.68546,2,-3,-69
1754121709.72146,9,2,-74
1754121709.75846,4,-3,-81
1754121709.7964602,3,-4,-63
1754121709.8354602,2,-5,-57
1754121709.8714602,0,-5,-60
1754121709.90946,2,-10,-59
1754121709.9474602,-3,-3,-60
1754121709.9864602,-1,2,-71
1754121710.02446,2,-3,-61
1754121710.06046,3,-3,-72
1754121710.0984602,-2,0,-58
1754121710.13746,-2,-2,-62
1754121710.17546,-5,0,-62
1754121710.21146,-3,-4,-71
1754121710.24946,-8,-1,-74
1754121710.28746,5,3,-60
1754121710.32646,-4,1,-73
1754121710.36446,-1,6,-66
1754121710.40046,0,4,-58
1754121710.4374602,11,0,-57
1754121710.47646,9,-2,-67
1754121710.51446,2,-5,-54
1754121710.55046,2,0,-58
1754121710.58746,1,0,-55
1754121710.62646,7,-2,-59
1754121710.6644602,8,5,-55
1754121710.7004602,5,4,-71
1754121710.73746,2,-2,-65
1754121710.7764602,5,-1,-62
1754121710.81446,-1,0,-61
1754121710.85046,4,0,-64
1754121710.88746,5,2,-63
1754121710.92646,1,3,-63
1754121710.96246,4,-2,-55
1754121711.00046,3,2,-66
1754121711.03846,-1,1,-69
1754121711.07646,0,6,-55
1754121711.1154602,0,-4,-56
1754121711.1514602,5,0,-70
1754121711.18946,6,-1,-71
1754121711.22746,0,1,-65
1754121711.2664602,-4,1,-74
1754121711.3024602,2,-3,-72
1754121711.34046,-1,-1,-66
1754121711.37946,0,-3,-63
1754121711.41646,-7,-3,-67
1754121711.45546,-3,-4,-61
1754121711.49146,0,-3,-65
1754121711.5294602,-2,-1,-64
1754121711.56746,1,4,-66
1754121711.60646,-4,-2,-67
1754121711.64246,-2,3,-58
1754121711.68046,-7,0,-56
1754121711.71846,-4,0,-68
1754121711.7564602,0,7,-60
1754121711.79546,-2,0,-53
1754121711.83146,5,-1,-52
1754121711.87046,2,4,-58
1754121711.9074602,0,0,-60
1754121711.94646,-2,1,-58
1754121711.98246,1,2,-49
1754121712.0194602,5,2,-57
1754121712.05746,0,-2,-57
1754121712.09646,-4,1,-65
1754121712.13246,-9,0,-70
1754121712.17046,-1,0,-75
1754121712.20846,2,0,-68
1754121712.24746,0,-6,-65
1754121712.28546,0,-4,-64
1754121712.32146,3,0,-59
1754121712.35946,-4,5,-64
1754121712.39746,1,3,-58
1754121712.43646,-1,-1,-72
1754121712.47246,-2,3,-62
1754121712.51046,-6,-2,-55
1754121712.5494602,-9,-1,-61
1754121712.58746,-9,-2,-67
1754121712.62546,-4,0,-65
1754121712.6614602,-6,0,-59
1754121712.69946,1,-2,-60
1754121712.73746,-2,3,-65
1754121712.7764602,1,-5,-70
1754121712.8124602,1,-11,-61
1754121712.85046,0,0,-57
1754121712.8884602,2,-1,-55
1754121712.9274602,-1,2,-57
1754121712.96546,0,8,-66
1754121713.00146,-6,4,-61
1754121713.04046,0,-1,-59
1754121713.07746,5,-6,-57
1754121713.11646,6,-9,-62
1754121713.15346,5,-3,-60
1754121713.1904602,0,10,-62
1754121713.22846,3,-1,-63
1754121713.26746,1,0,-66
1754121713.30346,-3,-3,-68
1754121713.34146,3,-5,-59
1754121713.37946,-3,-1,-65
1754121713.41846,2,7,-50
1754121713.45646,1,-2,-60
1754121713.49246,2,-9,-56
1754121713.53046,4,0,-70
1754121713.56846,3,-3,-62
1754121713.60746,1,0,-68
1754121713.64346,-7,-5,-68
1754121713.68146,-3,-1,-65
1754121713.71946,-1,-6,-66
1754121713.75746,-1,2,-73
1754121713.7964602,-3,5,-71
1754121713.8324602,-7,6,-64
1754121713.87046,-8,-1,-63
1754121713.90846,-11,0,-66
1754121713.9474602,-3,-2,-58
1754121713.9834602,-3,4,-51
1754121714.02146,0,-1,-60
1754121714.0594602,3,0,-71
1754121714.09746,-2,-2,-60
1754121714.13646,-4,-2,-60
1754121714.17246,0,4,-58
1754121714.20946,-5,6,-58
1754121714.24846,-7,-3,-63
1754121714.2864602,4,-7,-64
1754121714.3224602,-4,1,-61
1754121714.36046,-3,-7,-55
1754121714.39846,-6,-8,-66
1754121714.4374602,-7,0,-58
1754121714.4734602,-1,3,-59
1754121714.51146,2,4,-56
1754121714.5494602,4,3,-67
1754121714.5884602,0,-5,-65
1754121714.62646,-6,-3,-71
1754121714.66246,-7,0,-66
1754121714.70146,-6,-4,-65
1754121714.73946,3,-7,-56
1754121714.77746,-2,0,-58
1754121714.81346,-2,-2,-58
1754121714.85146,0,-6,-58
1754121714.88946,4,-2,-60
1754121714.92846,3,-2,-48
1754121714.96646,-2,-3,-63
1754121715.00246,-6,3,-65
1754121715.04046,-3,8,-61
1754121715.07846,0,6,-70
1754121715.11746,-7,8,-63
1754121715.15346,0,2,-62
1754121715.1904602,3,0,-70
1754121715.22846,9,0,-76
1754121715.26746,6,0,-62
1754121715.30346,2,-1,-72
1754121715.34046,-4,1,-68
1754121715.3784602,-1,-6,-70
1754121715.4174602,2,-5,-64
1754121715.45346,1,-2,-62
1754121715.4904602,-6,-3,-69
1754121715.52846,-8,0,-58
1754121715.56746,-3,-2,-55
1754121715.60346,-4,0,-50
1754121715.6414602,-6,1,-49
1754121715.67946,2,7,-60
1754121715.71846,0,0,-65
1754121715.75446,3,3,-73
1754121715.79146,0,3,-66
1754121715.82946,3,5,-62
1754121715.8684602,3,1,-82
1754121715.9044602,4,-1,-80
1754121715.94246,-1,-6,-65
1754121715.9804602,-3,-1,-59
1754121716.01846,-6,-2,-64
1754121716.05746,-1,0,-64
1754121716.09346,3,0,-59
1754121716.1314602,-4,-1,-64
1754121716.16846,-1,-8,-65
1754121716.2074602,1,-2,-63
1754121716.2434602,2,0,-61
1754121716.28146,5,2,-63
1754121716.3194602,0,0,-60
1754121716.3584602,-4,-4,-64
1754121716.3944602,-1,0,-69
1754121716.43246,2,-5,-65
1754121716.4704602,5,1,-67
1754121716.5094602,4,2,-67
1754121716.54746,-1,1,-70
1754121716.58346,0,6,-65
1754121716.62046,-13,-2,-60
1754121716.65946,-2,0,-70
1754121716.6974602,2,-2,-70
1754121716.7334602,0,-3,-57
1754121716.77246,1,-1,-58
1754121716.8094602,4,2,-59
1754121716.8484602,3,-2,-54
1754121716.8844602,5,0,-62
1754121716.92246,0,0,-64
1754121716.9604602,-5,0,-63
1754121716.99946,-5,-5,-52
1754121717.03746,-1,2,-54
1754121717.07346,0,1,-61
1754121717.11046,-1,-4,-60
1754121717.14946,-4,0,-64
1754121717.1874602,-2,-2,-63
1754121717.2234602,-7,0,-67
1754121717.26146,-1,1,-63
1754121717.2994602,-3,1,-71
1754121717.3384602,-12,2,-64
1754121717.37446,-7,2,-60
1754121717.41246,-4,-1,-52
1754121717.45146,-8,0,-50
1754121717.48946,-10,5,-55
1754121717.52746,0,0,-49
1754121717.56346,7,4,-48
1754121717.60146,7,0,-58
1754121717.63946,-4,-7,-64
1754121717.6774602,-2,-4,-59
1754121717.7134602,-1,-7,-63
1754121717.75146,-6,-5,-73
1754121717.7894602,5,3,-61
1754121717.82846,-2,0,-60
1754121717.86446,-1,-12,-63
1754121717.90246,-3,-1,-60
1754121717.9404602,-7,6,-59
1754121717.97946,-10,-1,-67
1754121718.01546,2,-3,-69
1754121718.05346,3,-1,-65
1754121718.09146,2,1,-69
1754121718.13046,-4,8,-74
1754121718.16846,-6,6,-69
1754121718.20446,-4,6,-70
1754121718.2434602,-8,0,-72
1754121718.28046,-2,2,-66
1754121718.3194602,5,5,-63
1754121718.3554602,0,2,-70
1754121718.39246,4,0,-63
1754121718.43046,-2,-3,-66
1754121718.46946,0,-2,-65
1754121718.50546,-2,-1,-69
1754121718.54346,-2,5,-70
1754121718.58146,1,0,-65
1754121718.61946,1,-4,-66
1754121718.65846,-3,-2,-70
1754121718.6944602,-6,2,-63
1754121718.73246,0,9,-70
1754121718.77046,4,9,-69
1754121718.8094602,-4,3,-59
1754121718.8454602,0,1,-58
1754121718.8844602,0,0,-61
1754121718.9214602,1,1,-70
1754121718.9604602,-1,6,-67
1754121719.0034602,-6,1,-69
1754121719.0424602,-5,-3,-64
1754121719.08046,1,-2,-54
1754121719.1184602,4,-1,-68
1754121719.1544602,4,-4,-72
1754121719.19346,3,-3,-64
1754121719.2304602,0,-5,-64
1754121719.2694602,-2,1,-73
1754121719.30546,-6,-2,-72
1754121719.34346,-5,-1,-71
1754121719.3814602,-6,-7,-54
1754121719.42046,-10,-3,-60
1754121719.45846,-1,5,-62
1754121719.49446,0,10,-61
1754121719.53146,0,7,-61
1754121719.57046,-5,6,-58
1754121719.6084602,-4,7,-63
1754121719.6444602,-1,-2,-60
1754121719.68246,4,-2,-59
1754121719.7204602,-6,-2,-65
1754121719.7594602,-9,1,-57
1754121719.79546,-7,1,-55
1754121719.83346,0,-6,-50
1754121719.8714602,-2,-2,-60
1754121719.91046,1,-2,-56
1754121719.94846,4,-3,-57
1754121719.98446,-1,7,-67
1754121720.02246,0,2,-74
1754121720.06046,2,1,-71
1754121720.09946,5,1,-64
1754121720.13546,6,4,-64
1754121720.17246,-5,3,-66
1754121720.2104602,-1,0,-76
1754121720.24946,4,6,-65
1754121720.28546,3,2,-74
1754121720.32346,1,7,-69
1754121720.3614602,3,2,-52
1754121720.40046,-1,0,-49
1754121720.43646,-2,-7,-53
1754121720.47446,1,-2,-60
1754121720.5134602,2,-2,-67
1754121720.55046,-2,3,-68
1754121720.58946,-9,-3,-68
1754121720.62546,0,-2,-71
1754121720.66346,-5,1,-69
1754121720.70146,2,4,-58
1754121720.7404602,-9,0,-62
1754121720.7764602,-7,4,-64
1754121720.81446,-8,0,-68
1754121720.85246,1,2,-65
1754121720.89046,0,1,-70
1754121720.92946,-2,3,-68
1754121720.96546,0,-1,-64
1754121721.00246,-7,4,-60
1754121721.04046,3,-3,-61
1754121721.07946,-4,-3,-59
1754121721.1154602,-3,-5,-75
1754121721.15346,-2,3,-76
1754121721.19146,-1,0,-75
1754121721.23146,1,1,-69
1754121721.2694602,-4,0,-59
1754121721.30546,-4,-2,-65
1754121721.34346,-8,-3,-65
1754121721.3814602,3,-4,-58
1754121721.42046,1,5,-59
1754121721.45646,1,0,-59
1754121721.49446,3,2,-65
1754121721.53346,-5,0,-61
1754121721.57146,1,0,-55
1754121721.60946,2,-8,-63
1754121721.64546,3,-8,-60
1754121721.68346,-1,-6,-56
1754121721.72146,0,2,-59
1754121721.76046,0,1,-58
1754121721.7964602,3,0,-64
1754121721.83346,1,3,-60
1754121721.8714602,-4,4,-65
1754121721.91046,-3,0,-70
1754121721.94646,-3,0,-70
1754121721.9834602,1,-1,-63
1754121722.02146,4,4,-74
1754121722.06046,8,2,-49
1754121722.09646,5,0,-48
1754121722.13346,5,1,-54
1754121722.1714602,2,-4,-62
1754121722.2104602,-5,0,-59
1754121722.2464602,-1,3,-65
1754121722.28446,-7,6,-58
1754121722.3224602,-7,0,-60
1754121722.3614602,-4,-2,-64
1754121722.39846,-5,0,-61
1754121722.43546,-3,-3,-64
1754121722.4734602,2,0,-69
1754121722.51246,-1,6,-66
1754121722.55046,-1,4,-50
1754121722.58646,2,-2,-63
1754121722.62546,-2,-3,-67
1754121722.66246,-6,6,-62
1754121722.70146,-1,-1,-59
1754121722.73746,0,-2,-56
1754121722.77546,-2,0,-68
1754121722.81346,-4,7,-73
1754121722.85146,-4,1,-61
1754121722.89046,2,0,-70
1754121722.92646,-3,2,-69
1754121722.96446,-3,-1,-63
1754121723.00146,-2,-4,-58
1754121723.04046,2,-7,-54
1754121723.07646,0,-9,-66
1754121723.11446,0,-6,-68
1754121723.15246,4,-1,-64
1754121723.19146,5,0,-61
1754121723.22746,-1,1,-66
1754121723.26446,-3,0,-66
1754121723.3024602,-7,-1,-59
1754121723.34146,0,-10,-62
1754121723.37746,0,-7,-58
1754121723.41646,0,-6,-66
1754121723.45346,0,-3,-69
1754121723.49246,10,-7,-61
1754121723.53046,0,-1,-56
1754121723.56646,-8,0,-57
1754121723.60446,-7,-1,-64
1754121723.64246,-10,1,-68
1754121723.68146,0,4,-68
1754121723.71846,1,0,-57
1754121723.75546,1,-2,-67
1754121723.79346,-7,2,-60
1754121723.8324602,-1,-3,-68
1754121723.87046,0,0,-66
1754121723.90646,3,4,-58
1754121723.94346,0,3,-65
1754121723.98246,-1,-3,-62
1754121724.02046,-6,-7,-56
1754121724.05646,-4,2,-60
1754121724.0954602,-2,1,-73
1754121724.13246,2,1,-52
1754121724.1714602,0,3,-64
1754121724.2074602,-10,1,-69
1754121724.24546,-1,2,-76
1754121724.28346,-5,7,-58
1754121724.3224602,0,2,-67
1754121724.36046,-6,0,-61
1754121724.39646,0,-1,-61
1754121724.4344602,-4,0,-75
1754121724.47246,-6,0,-70
1754121724.51146,3,-3,-66
1754121724.54746,-2,2,-66
1754121724.5854602,3,6,-62
1754121724.62446,2,0,-49
1754121724.66246,0,-2,-55
1754121724.69846,5,0,-52
1754121724.73546,-1,-2,-56
1754121724.77446,-10,3,-60
1754121724.8124602,2,-2,-68
1754121724.8484602,3,-7,-63
1754121724.88646,0,-3,-57
1754121724.9244602,0,-5,-59
1754121724.96246,-4,-11,-52
1754121725.00146,-6,-4,-63
1754121725.03746,-5,-1,-59
1754121725.0754602,-4,-6,-66
1754121725.11346,-5,4,-63
1754121725.15246,0,3,-67
1754121725.18846,3,-1,-66
1754121725.22646,-6,-2,-73
1754121725.26546,-1,0,-70
1754121725.3024602,0,0,-67
1754121725.34146,-6,-1,-65
1754121725.37746,-10,1,-65
1754121725.41546,4,3,-51
1754121725.45346,4,2,-64
1754121725.49246,3,4,-52
1754121725.52846,3,2,-62
1754121725.5654602,6,-1,-65
1754121725.60346,1,3,-55
1754121725.64246,-4,5,-57
1754121725.67846,-1,2,-55
1754121725.71646,2,0,-61
1754121725.75446,1,-1,-75
1754121725.79346,7,0,-65
1754121725.83146,-1,-2,-66
1754121725.86746,0,0,-64
1754121725.9044602,-13,0,-60
1754121725.94346,-6,0,-54
1754121725.98146,0,-8,-63
1754121726.01746,4,2,-66
1754121726.05446,3,-1,-73
1754121726.09346,1,2,-55
1754121726.1314602,1,-6,-58
1754121726.1674602,-7,-4,-64
1754121726.20546,-2,-1,-60
1754121726.24446,1,-3,-64
1754121726.2824602,3,-3,-64
1754121726.31846,-1,2,-65
1754121726.3554602,0,6,-73
1754121726.3944602,4,5,-65
1754121726.43246,0,3,-60
1754121726.46846,5,5,-57
1754121726.50746,5,3,-55
1754121726.54446,2,0,-63
1754121726.58346,2,0,-64
1754121726.6214602,1,1,-76
1754121726.6574602,-9,-4,-72
1754121726.69546,-2,-7,-63
1754121726.7334602,1,0,-51
1754121726.77246,-3,3,-54
1754121726.80846,3,-3,-58
1754121726.84646,2,0,-51
1754121726.8844602,-3,2,-69
1754121726.92346,-6,0,-74
1754121726.95946,-5,-3,-71
1754121726.99846,4,-1,-62
1754121727.03546,2,5,-64
1754121727.07346,0,0,-66
1754121727.11246,-6,-1,-65
1754121727.14846,-2,-3,-68
1754121727.18646,0,-2,-63
1754121727.22446,2,-5,-52
1754121727.2634602,2,0,-63
1754121727.2994602,5,0,-56
1754121727.33646,4,2,-74
1754121727.37446,3,-11,-67
1754121727.41346,-1,-4,-70
1754121727.44946,8,-5,-58
1754121727.48746,0,0,-65
1754121727.52546,8,-2,-62
1754121727.56346,0,-5,-74
1754121727.60246,1,-4,-63
1754121727.6384602,-3,-7,-57
1754121727.6774602,-2,2,-56
1754121727.71446,-4,7,-58
1754121727.7534602,1,5,-61
1754121727.79046,-1,-4,-66
1754121727.82746,-7,-2,-59
1754121727.8654602,3,-1,-52
1754121727.90346,-1,2,-66
1754121727.94246,9,1,-58
1754121727.97846,1,0,-54
1754121728.0164602,8,-5,-52
1754121728.05546,-1,-5,-49
1754121728.09346,-3,-1,-60
1754121728.12946,2,-7,-62
1754121728.1674602,-6,-2,-69
1754121728.20546,-8,7,-58
1754121728.24446,1,-1,-61
1754121728.2824602,2,-7,-58
1754121728.31846,2,-1,-55
1754121728.35646,0,-4,-49
1754121728.3944602,-3,-7,-64
1754121728.43346,-6,-4,-67
1754121728.46946,0,-1,-71
1754121728.50746,-2,-3,-58
1754121728.54546,0,-1,-61
1754121728.58446,1,0,-66
1754121728.62246,0,4,-67
1754121728.65946,-1,1,-61
1754121728.69646,-1,0,-59
1754121728.73446,-2,0,-55
1754121728.77346,-7,-6,-62
1754121728.8094602,-8,-3,-54
1754121728.84746,-6,4,-54
1754121728.88546,0,2,-68
1754121728.9244602,3,-1,-58
1754121728.96246,-2,0,-53
1754121729.0064602,2,3,-50
1754121729.04446,-2,0,-57
1754121729.08346,-1,0,-57
1754121729.11946,2,-7,-55
1754121729.1574602,1,-1,-64
1754121729.19546,-7,-6,-73
1754121729.23446,-8,2,-77
1754121729.27046,-6,0,-68
1754121729.30846,-4,3,-60
1754121729.34746,-2,-4,-64
1754121729.3844602,5,-2,-65
1754121729.42346,-9,-9,-61
1754121729.45946,-2,-5,-64
1754121729.49746,0,2,-60
1754121729.53546,9,0,-62
1754121729.57446,0,-6,-61
1754121729.61046,4,0,-66
1754121729.64746,-6,-1,-68
1754121729.68546,-2,-2,-50
1754121729.72446,2,-3,-60
1754121729.76046,0,1,-54
1754121729.79746,2,5,-57
1754121729.8354602,4,-2,-64
1754121729.87446,-3,-3,-67
1754121729.91046,-2,-2,-73
1754121729.94846,-3,0,-65
1754121729.9864602,-4,-2,-50
1754121730.02446,-4,0,-66
1754121730.06346,-5,0,-71
1754121730.09946,-7,0,-74
1754121730.13746,-1,0,-62
1754121730.17646,8,5,-65
1754121730.21446,6,-1,-54
1754121730.25046,4,-3,-56
1754121730.28746,11,-1,-65
1754121730.32646,4,-3,-55
1754121730.36446,0,2,-53
1754121730.40046,2,3,-62
1754121730.4374602,-4,-7,-63
1754121730.47646,-2,-6,-69
1754121730.51446,3,-5,-66
1754121730.55046,-1,1,-64
1754121730.5884602,-1,-4,-60
1754121730.62646,4,0,-59
1754121730.66546,0,-4,-69
1754121730.70346,0,-2,-69
1754121730.73946,-1,1,-56
1754121730.77746,-3,-2,-61
1754121730.8154602,1,-9,-64
1754121730.85446,2,-12,-62
1754121730.89046,2,-5,-62
1754121730.92846,2,-6,-65
1754121730.9674602,-6,-7,-63
1754121731.00546,-3,-8,-64
1754121731.04346,-7,5,-58
1754121731.08046,-6,2,-61
1754121731.11746,1,0,-74
1754121731.15546,2,-1,-67
1754121731.1944602,-6,3,-66
1754121731.2304602,-14,-1,-61
1754121731.26846,-8,1,-70
1754121731.30646,-1,-2,-66
1754121731.3454602,-9,0,-71
1754121731.38346,-6,0,-68
1754121731.41946,-2,1,-64
1754121731.4574602,-4,1,-71
1754121731.49546,-8,-5,-60
1754121731.53446,-5,-1,-52
1754121731.57046,0,-5,-69
1754121731.60946,7,-1,-70
1754121731.64646,3,1,-60
1754121731.68546,3,-2,-67
1754121731.72146,4,4,-53
1754121731.75846,1,4,-61
1754121731.7964602,2,5,-65
1754121731.8354602,9,2,-67
1754121731.8714602,3,2,-62
1754121731.90946,0,0,-58
1754121731.9474602,-2,-2,-59
1754121731.98546,-2,1,-58
1754121732.02446,-1,-2,-60
1754121732.06046,2,-3,-67
1754121732.0984602,2,0,-61
1754121732.13646,-1,-1,-61
1754121732.17546,-4,0,-57
1754121732.21146,-5,-1,-66
1754121732.24946,-1,4,-57
1754121732.28746,-1,0,-68
1754121732.3254602,-6,1,-56
1754121732.36446,5,0,-64
1754121732.40046,8,-5,-55
1754121732.43846,5,-4,-56
1754121732.47646,0,-4,-65
1754121732.51546,-4,-2,-60
1754121732.55146,1,-2,-62
1754121732.58946,2,0,-59
1754121732.62746,0,-1,-70
1754121732.66646,2,-1,-76
1754121732.70446,-1,-2,-72
1754121732.7404602,1,-2,-62
1754121732.77846,-2,4,-65
1754121732.81646,-3,0,-54
1754121732.8554602,6,-5,-66
1754121732.8914602,5,-7,-73
1754121732.92946,1,2,-73
1754121732.9674602,1,3,-67
1754121733.0064602,-1,-1,-65
1754121733.04446,3,-5,-57
1754121733.08046,0,-3,-58
1754121733.1184602,0,0,-61
1754121733.15646,3,1,-65
1754121733.19546,0,-5,-69
1754121733.23146,-1,-4,-68
1754121733.2694602,3,-5,-68
1754121733.30746,2,8,-70
1754121733.34646,-12,4,-56
1754121733.3844602,-10,-1,-52
1754121733.42046,-1,-3,-57
1754121733.45846,0,2,-61
1754121733.4964602,-2,1,-69
1754121733.53546,-3,3,-70
1754121733.57146,3,9,-63
1754121733.6084602,-6,1,-58
1754121733.64646,-6,1,-60
1754121733.68546,2,-1,-56
1754121733.72246,3,1,-58
1754121733.7594602,4,2,-55
1754121733.79746,4,5,-65
1754121733.83646,1,3,-74
1754121733.87246,-5,5,-69
1754121733.90946,-3,4,-59
1754121733.9474602,1,5,-57
1754121733.9864602,1,0,-55
1754121734.02246,-2,6,-60
1754121734.0594602,-6,0,-67
1754121734.09746,0,0,-81
1754121734.13646,0,4,-71
1754121734.17246,4,0,-70
1754121734.20946,-2,3,-71
1754121734.24746,-4,-3,-68
1754121734.2864602,1,3,-61
1754121734.3224602,3,3,-62
1754121734.35946,-3,-2,-64
1754121734.39746,-3,-6,-58
1754121734.43646,3,0,-62
1754121734.47246,0,0,-54
1754121734.5094602,6,3,-59
1754121734.54746,7,0,-59
1754121734.58646,-2,5,-67
1754121734.62246,0,1,-75
1754121734.65946,-2,-2,-73
1754121734.6974602,2,-7,-67
1754121734.7364602,-4,-6,-62
1754121734.77246,-3,2,-67
1754121734.8094602,-10,0,-64
1754121734.84746,-2,-2,-58
1754121734.88646,-4,3,-55
1754121734.92246,0,-2,-63
1754121734.96146,6,0,-70
1754121734.99946,7,5,-61
1754121735.03746,-4,4,-65
1754121735.0754602,-1,0,-67
1754121735.1114602,-2,-2,-66
1754121735.14946,-2,-5,-69
1754121735.18846,-4,0,-72
1754121735.22646,2,-1,-66
1754121735.26246,5,-2,-69
1754121735.30046,3,-2,-62
1754121735.3384602,6,-1,-60
1754121735.37746,-2,6,-60
1754121735.41546,8,8,-61
1754121735.45146,-1,0,-65
1754121735.48846,5,-1,-81
1754121735.52746,8,0,-70
1754121735.5654602,12,1,-69
1754121735.60146,-1,-3,-68
1754121735.63946,-7,3,-63
1754121735.6774602,0,-1,-66
1754121735.71646,-1,2,-63
1754121735.75246,-3,0,-64
1754121735.79046,0,-1,-67
1754121735.82946,5,-5,-63
1754121735.86746,-6,-5,-64
1754121735.90546,1,-7,-57
1754121735.94146,0,0,-65
1754121735.97946,-7,0,-71
1754121736.01746,0,0,-72
1754121736.05546,-2,0,-56
1754121736.09146,-3,-1,-65
1754121736.12946,0,0,-68
1754121736.1674602,-9,-2,-66
1754121736.20646,-2,4,-71
1754121736.24246,-8,2,-61
1754121736.28046,-7,0,-50
1754121736.31846,-3,5,-56
1754121736.35746,0,3,-64
1754121736.39346,-1,9,-63
1754121736.43246,0,8,-60
1754121736.46946,-2,-1,-54
1754121736.50846,-1,-4,-60
1754121736.5464602,0,0,-52
1754121736.5824602,0,5,-69
1754121736.61946,0,1,-60
1754121736.65846,0,7,-62
1754121736.69646,0,-3,-65
1754121736.73246,-5,-2,-61
1754121736.77146,3,-14,-68
1754121736.80846,1,-6,-63
1754121736.84746,1,5,-60
1754121736.88346,-1,-7,-74
1754121736.9214602,4,-2,-59
1754121736.95946,1,0,-68
1754121736.99746,-2,0,-63
1754121737.0364602,-1,2,-61
1754121737.0724602,-8,-1,-60
1754121737.11046,3,3,-56
1754121737.14946,-1,2,-58
1754121737.1874602,6,8,-58
1754121737.2234602,8,7,-62
1754121737.26046,0,3,-55
1754121737.2994602,0,5,-50
1754121737.33746,1,6,-62
1754121737.37346,-3,-1,-61
1754121737.41246,5,-3,-69
1754121737.44946,8,-3,-65
1754121737.48846,6,2,-68
1754121737.5264602,4,-4,-54
1754121737.5624602,6,-1,-61
1754121737.60046,1,0,-62
1754121737.6384602,0,1,-70
1754121737.6774602,3,-7,-65
1754121737.7134602,-2,0,-63
1754121737.75146,-3,4,-63
1754121737.7894602,-5,7,-71
1754121737.82846,-3,4,-56
1754121737.86646,-1,1,-55
1754121737.90246,0,3,-59
1754121737.93946,0,-1,-53
1754121737.97846,3,-9,-61
1754121738.0164602,-4,-2,-58
1754121738.0524602,-1,5,-52
1754121738.09146,2,0,-54
1754121738.1284602,-1,-6,-39
1754121738.1674602,-4,-9,-63
1754121738.20346,1,0,-66
1754121738.24146,0,6,-67
1754121738.2794602,1,9,-59
1754121738.31846,-12,2,-55
1754121738.35646,-5,-3,-59
1754121738.39246,-2,-4,-56
1754121738.43046,1,0,-61
1754121738.46846,3,3,-59
1754121738.50746,7,-5,-70
1754121738.54346,7,-3,-66
1754121738.58046,-3,10,-69
1754121738.6184602,3,6,-61
1754121738.6574602,0,-2,-61
1754121738.69346,-2,-2,-51
1754121738.73246,-3,-6,-64
1754121738.7694602,0,-1,-65
1754121738.80846,-1,0,-58
1754121738.84446,1,-1,-59
1754121738.88246,7,-2,-57
1754121738.92046,0,-5,-59
1754121738.95846,-3,2,-59
1754121738.99746,-4,2,-62
1754121739.04046,-8,6,-74
1754121739.07846,1,-2,-67
1754121739.11746,4,-2,-57
1754121739.15346,2,1,-63
1754121739.19146,6,0,-64
1754121739.22946,5,2,-62
1754121739.26846,0,0,-65
1754121739.30446,-1,1,-58
1754121739.3424602,-2,-1,-52
1754121739.38046,0,0,-74
1754121739.41946,-5,4,-70
1754121739.4574602,-3,1,-59
1754121739.4934602,-3,-2,-62
1754121739.5324602,-1,0,-68
1754121739.5694602,3,0,-65
1754121739.6084602,-6,-3,-80
1754121739.6444602,1,2,-71
1754121739.68146,-5,7,-77
1754121739.7204602,-8,0,-74
1754121739.75846,-2,2,-65
1754121739.79446,3,-4,-54
1754121739.8324602,0,-4,-57
1754121739.87046,-2,0,-59
1754121739.90946,5,2,-51
1754121739.9474602,5,2,-63
1754121739.9834602,0,3,-70
1754121740.02046,0,-1,-55
1754121740.0594602,-7,-4,-60
1754121740.09746,-5,-3,-64
1754121740.13346,-1,-2,-58
1754121740.1714602,1,7,-66
1754121740.2104602,0,6,-73
1754121740.24846,0,5,-61
1754121740.28446,-3,5,-73
1754121740.3224602,2,1,-71
1754121740.36046,-1,-4,-77
1754121740.39946,5,4,-71
1754121740.4374602,0,1,-52
1754121740.4734602,2,0,-69
1754121740.51146,4,5,-63
1754121740.5494602,0,0,-68
1754121740.58746,-5,6,-68
1754121740.62346,-3,8,-74
1754121740.6614602,-7,-3,-76
1754121740.69946,-3,0,-70
1754121740.73846,-3,-2,-60
1754121740.77446,-1,0,-64
1754121740.8124602,-6,0,-61
1754121740.85046,-6,0,-70
1754121740.88946,-2,-5,-69
1754121740.92546,0,-6,-59
1754121740.9634602,-8,-5,-57
1754121741.00146,-1,1,-65
1754121741.04046,-4,3,-57
1754121741.07846,-2,4,-59
1754121741.11446,-6,1,-62
1754121741.1514602,-6,-6,-57
1754121741.1904602,-1,0,-58
1754121741.22846,-2,0,-75
1754121741.26446,-1,8,-67
1754121741.30346,0,6,-61
1754121741.34046,-3,-4,-58
1754121741.37946,0,-2,-60
1754121741.41546,3,-6,-59
1754121741.45346,-2,-5,-56
1754121741.49146,-7,-2,-57
1754121741.5294602,0,2,-60
1754121741.56846,0,-5,-64
1754121741.60446,-1,-2,-61
1754121741.64246,-3,0,-73
1754121741.68046,2,0,-66
1754121741.71946,0,0,-70
1754121741.75546,0,-2,-74
1754121741.79446,0,-6,-72
1754121741.83146,2,-2,-66
1754121741.87046,0,-3,-66
1754121741.90846,2,-4,-57
1754121741.9444602,0,-5,-64
1754121741.98146,-5,-10,-63
1754121742.02046,-2,-3,-61
1754121742.05846,0,-1,-58
1754121742.09446,5,0,-72
1754121742.1314602,10,3,-65
1754121742.17046,3,-1,-56
1754121742.20846,-2,2,-54
1754121742.24446,-3,8,-53
1754121742.2824602,0,-2,-59
1754121742.32046,-1,-7,-63
1754121742.35946,-4,-1,-62
1754121742.39546,0,-3,-70
1754121742.43346,0,-3,-67
1754121742.47146,-1,4,-71
1754121742.51046,-5,6,-68
1754121742.54846,-6,-3,-70
1754121742.58446,-6,-10,-71
1754121742.62346,0,1,-61
1754121742.66046,5,0,-60
1754121742.69946,-1,0,-67
1754121742.73546,-3,0,-56
1754121742.77346,-6,4,-60
1754121742.81146,-3,1,-71
1754121742.85046,-8,5,-64
1754121742.8884602,-2,1,-71
1754121742.9244602,1,5,-62
1754121742.96246,3,6,-62
1754121743.00046,0,6,-55
1754121743.0394602,3,8,-62
1754121743.0754602,1,6,-71
1754121743.11246,0,6,-64
1754121743.15046,1,7,-59
1754121743.18946,-1,5,-65
1754121743.22546,0,1,-60
1754121743.26246,2,-3,-60
1754121743.30046,4,-3,-61
1754121743.33946,0,-3,-62
1754121743.37546,0,-4,-65
1754121743.41246,-6,-5,-71
1754121743.45146,-7,0,-68
1754121743.48946,-4,-4,-64
1754121743.52546,-4,0,-55
1754121743.5624602,-1,1,-52
1754121743.60046,7,3,-60
1754121743.63946,-9,4,-55
1754121743.67546,-2,-6,-58
1754121743.7134602,1,-2,-67
1754121743.75146,-2,-4,-49
1754121743.79046,5,-4,-58
1754121743.82646,2,-6,-59
1754121743.86446,3,0,-66
1754121743.90246,7,-1,-64
1754121743.9404602,5,-1,-56
1754121743.97946,7,4,-75
1754121744.01546,0,2,-73
1754121744.0524602,3,1,-74
1754121744.09146,-4,0,-68
1754121744.12946,-2,0,-57
1754121744.16546,1,0,-60
1754121744.20246,-1,-1,-61
1754121744.24146,-1,-6,-64
1754121744.2794602,-7,-6,-65
1754121744.3154602,-3,-10,-66
1754121744.35346,-7,0,-69
1754121744.3914602,-3,1,-64
1754121744.43046,0,-1,-69
1754121744.46646,-3,0,-62
1754121744.50446,0,1,-68
1754121744.5424602,-2,2,-61
1754121744.58146,2,0,-60
1754121744.61946,-1,-6,-64
1754121744.65546,0,-2,-65
1754121744.69246,2,-2,-64
1754121744.73146,2,-3,-56
1754121744.7694602,4,-3,-77
1754121744.80546,0,-9,-59
1754121744.8424602,0,-5,-64
1754121744.8814602,3,2,-61
1754121744.91946,0,-1,-57
1754121744.95546,2,-2,-55
1754121744.99246,-5,0,-59
1754121745.03146,0,-4,-61
1754121745.0694602,-4,-2,-64
1754121745.1054602,0,4,-68
1754121745.14246,5,4,-66
1754121745.18146,0,4,-64
1754121745.21946,0,0,-55
1754121745.25546,-4,-3,-69
1754121745.29346,-2,-1,-56
1754121745.33146,-4,0,-59
1754121745.37046,5,-2,-54
1754121745.40646,0,-3,-51
1754121745.44346,-2,-6,-66
1754121745.48146,-1,0,-60
1754121745.52046,0,3,-48
1754121745.55646,-4,0,-58
1754121745.59346,-11,0,-72
1754121745.6314602,0,3,-70
1754121745.67046,-1,3,-61
1754121745.70646,0,-1,-68
1754121745.74446,0,-2,-74
1754121745.7824602,2,-2,-60
1754121745.82146,3,1,-70
1754121745.85746,-1,-2,-75
1754121745.89546,0,-1,-67
1754121745.93346,0,1,-65
1754121745.97146,-2,-3,-56
1754121746.01046,-6,1,-68
1754121746.0464602,3,2,-65
1754121746.08346,0,1,-61
1754121746.1214602,-6,1,-57
1754121746.16046,0,0,-51
1754121746.19646,0,0,-61
1754121746.2334602,-5,1,-48
1754121746.27246,0,5,-47
1754121746.31046,0,3,-55
1754121746.34646,0,0,-73
1754121746.38346,-1,4,-69
1754121746.42246,-5,-3,-57
1754121746.4604602,5,-7,-54
1754121746.4964602,-2,-2,-53
1754121746.53446,-1,-2,-59
1754121746.5724602,1,-1,-69
1754121746.6114602,0,-5,-65
1754121746.64746,1,-7,-74
1754121746.68546,-6,2,-61
1754121746.7234602,1,8,-54
1754121746.76246,3,4,-59
1754121746.80046,5,2,-61
1754121746.83646,1,-2,-51
1754121746.87346,1,1,-68
1754121746.91246,0,-1,-69
1754121746.9504602,4,-5,-55
1754121746.9864602,4,-1,-74
1754121747.02346,0,1,-68
1754121747.0624602,0,3,-65
1754121747.10046,-3,-2,-58
1754121747.13646,-2,-2,-63
1754121747.17546,-1,-4,-65
1754121747.21246,6,-1,-56
1754121747.25146,2,-7,-55
1754121747.28746,-1,-1,-54
1754121747.3254602,5,0,-56
1754121747.36346,1,1,-56
1754121747.40246,-2,-4,-67
1754121747.4404602,-3,-2,-67
1754121747.47746,1,-4,-56
1754121747.51446,1,-8,-56
1754121747.5524602,1,2,-54
1754121747.59146,0,-3,-58
1754121747.62746,-1,0,-56
1754121747.66546,-2,-2,-47
1754121747.70346,0,3,-58
1754121747.74246,0,6,-60
1754121747.77846,-1,3,-59
1754121747.81646,-4,-2,-57
1754121747.85646,0,3,-66
1754121747.89346,0,-1,-75
1754121747.93246,6,-4,-73
1754121747.96946,2,-8,-70
1754121748.0064602,-1,-10,-65
1754121748.04446,2,-10,-75
1754121748.0824602,12,-3,-62
1754121748.1214602,4,-5,-69
1754121748.1574602,-2,-8,-67
1754121748.19546,-2,-5,-68
1754121748.2334602,0,0,-71
1754121748.27246,-5,-9,-73
1754121748.30846,-11,-6,-64
1754121748.34746,-4,-6,-60
1754121748.3844602,-3,-1,-64
1754121748.42346,-6,-2,-56
1754121748.46146,6,-7,-59
1754121748.49746,2,-2,-67
1754121748.53446,-2,-7,-58
1754121748.57346,2,-5,-67
1754121748.6114602,-4,0,-56
1754121748.64746,-2,0,-58
1754121748.68646,0,1,-58
1754121748.7234602,1,0,-58
1754121748.76246,4,0,-42
1754121748.79846,0,-4,-55
1754121748.83646,1,-5,-61
1754121748.87346,-1,1,-61
1754121748.91246,5,0,-61
1754121748.94846,5,4,-69
1754121748.9864602,0,1,-76
1754121749.02346,2,-2,-58
1754121749.06746,-2,-3,-65
1754121749.10646,0,6,-71
1754121749.14346,0,-6,-74
1754121749.18246,3,-7,-59
1754121749.21846,1,-2,-56
1754121749.2564602,2,0,-62
1754121749.29446,7,2,-64
1754121749.33346,1,0,-75
1754121749.3714602,-1,2,-65
1754121749.4074602,-4,3,-61
1754121749.44546,-6,0,-75
1754121749.4834602,-1,2,-71
1754121749.52246,2,0,-73
1754121749.55846,-2,-10,-74
1754121749.59646,-9,-1,-69
1754121749.6344602,-2,0,-67
1754121749.67346,1,4,-67
1754121749.71146,1,5,-58
1754121749.74746,5,-2,-60
1754121749.7864602,0,-1,-62
1754121749.82346,-3,-3,-60
1754121749.86246,-4,0,-64
1754121749.89846,1,1,-59
1754121749.93646,-2,-1,-50
1754121749.9734602,0,1,-70
1754121750.01246,-7,0,-69
1754121750.04846,-1,-4,-63
1754121750.08646,-9,0,-66
1754121750.12446,-3,-5,-68
1754121750.16346,-4,-3,-64
1754121750.19946,-6,-2,-56
1754121750.23746,-2,-10,-62
1754121750.2764602,1,0,-58
1754121750.31446,7,-6,-63
1754121750.35246,-2,2,-70
1754121750.38946,-2,-3,-65
1754121750.42646,1,0,-66
1754121750.46446,4,-1,-57
1754121750.5034602,-3,1,-69
1754121750.5394602,-8,-5,-57
1754121750.57746,0,0,-69
1754121750.6154602,-4,0,-66
1754121750.65346,-4,-4,-55
1754121750.69246,0,-5,-61
1754121750.72846,-3,0,-71
1754121750.7664602,-1,-5,-70
1754121750.80446,1,-6,-67
1754121750.84346,-4,-2,-67
1754121750.87946,1,-1,-64
1754121750.9174602,-2,0,-63
1754121750.95546,3,5,-67
1754121750.99446,-1,2,-63
1754121751.0324602,2,-1,-64
1754121751.06846,-1,0,-65
1754121751.1054602,1,3,-75
1754121751.1444602,1,-1,-71
1754121751.18246,1,1,-66
1754121751.21846,0,6,-65
1754121751.25546,0,8,-63
1754121751.29446,0,0,-60
1754121751.3324602,7,1,-72
1754121751.3684602,3,-1,-68
1754121751.40646,0,-5,-67
1754121751.4444602,-2,-9,-54
1754121751.4834602,3,-1,-51
1754121751.5194602,4,0,-56
1754121751.55746,-2,-3,-54
1754121751.5954602,5,3,-61
1754121751.6344602,5,2,-55
1754121751.67246,-1,-1,-63
1754121751.70846,3,-2,-74
1754121751.7464602,-1,2,-75
1754121751.78446,4,6,-64
1754121751.82346,10,-1,-57
1754121751.85946,0,0,-60
1754121751.89746,-3,1,-50
1754121751.93546,0,2,-54
1754121751.97446,-1,-8,-65
1754121752.01246,1,-3,-67
1754121752.04846,1,-1,-56
1754121752.0854602,8,2,-52
1754121752.12446,-3,0,-50
1754121752.16246,0,-2,-64
1754121752.19846,-1,-7,-64
1754121752.23746,-4,-1,-66
1754121752.27446,2,0,-65
1754121752.31346,5,-8,-64
1754121752.34946,5,-6,-62
1754121752.38746,3,-2,-65
1754121752.4244602,0,0,-64
1754121752.4634602,0,-2,-68
1754121752.49946,-3,-3,-62
1754121752.53746,0,-5,-63
1754121752.5754602,-6,-3,-56
1754121752.61446,-2,4,-56
1754121752.65046,0,-2,-56
1754121752.6874602,-4,-7,-49
1754121752.72546,-5,-6,-60
1754121752.76446,-1,0,-61
1754121752.80046,-4,2,-67
1754121752.8384602,-2,-1,-62
1754121752.87646,-3,0,-64
1754121752.9144602,2,-2,-75
1754121752.95346,3,1,-65
1754121752.98946,-1,-4,-61
1754121753.02746,-4,-1,-54
1754121753.0654602,-4,7,-58
1754121753.10446,-4,3,-70
1754121753.14046,0,4,-61
1754121753.1774602,-6,4,-52
1754121753.21546,0,-2,-58
1754121753.25446,1,-5,-49
1754121753.29046,1,-6,-60
1754121753.32946,-2,-4,-66
1754121753.36646,-2,-4,-61
1754121753.40546,2,0,-78
1754121753.44346,-1,-1,-71
1754121753.47946,-3,-1,-71
1754121753.51746,1,0,-66
1754121753.55546,-4,-1,-69
1754121753.59446,-5,0,-75
1754121753.63046,-3,0,-83
1754121753.66846,-3,3,-69
1754121753.70646,-1,8,-62
1754121753.74546,2,4,-75
1754121753.78346,1,0,-73
1754121753.8194602,0,-2,-70
1754121753.85746,-2,1,-65
1754121753.89646,2,0,-57
1754121753.9344602,0,-1,-63
1754121753.9704602,4,-3,-63
1754121754.00846,6,5,-73
1754121754.0464602,0,-4,-64
1754121754.0854602,-2,1,-58
1754121754.12346,3,4,-57
1754121754.15946,3,3,-60
1754121754.19646,4,6,-64
1754121754.23546,3,0,-65
1754121754.27346,-3,-2,-65
1754121754.3094602,-6,7,-60
1754121754.34746,-2,-1,-60
1754121754.38546,-10,-2,-63
1754121754.4244602,0,-1,-72
1754121754.4604602,-6,-3,-75
1754121754.49846,-11,1,-71
1754121754.5364602,-3,1,-64
1754121754.5754602,-5,3,-69
1754121754.6114602,-3,1,-66
1754121754.64946,1,1,-61
1754121754.6874602,-4,4,-71
1754121754.72546,0,-3,-78
1754121754.76446,2,-5,-64
1754121754.80046,2,-5,-70
1754121754.8384602,0,-4,-63
1754121754.87646,2,-8,-64
1754121754.91546,12,-2,-57
1754121754.95146,5,3,-57
1754121754.98846,-1,6,-65
1754121755.0264602,0,0,-66
1754121755.0654602,2,-1,-67
1754121755.10146,2,-1,-60
1754121755.13946,5,1,-58
1754121755.1774602,-4,7,-64
1754121755.21546,-1,1,-61
1754121755.25446,0,0,-66
1754121755.29046,-2,2,-60
1754121755.32846,7,-3,-72
1754121755.36646,0,-5,-72
1754121755.40546,3,-4,-78
1754121755.44146,0,4,-65
1754121755.47846,-2,3,-69
1754121755.51746,6,2,-65
1754121755.55546,7,-1,-61
1754121755.59146,-2,0,-57
1754121755.63046,1,4,-70
1754121755.6674602,3,-1,-62
1754121755.70646,-1,-3,-62
1754121755.74446,-1,-12,-69
1754121755.78046,-4,-1,-66
1754121755.81846,-3,-2,-59
1754121755.85646,3,-2,-54
1754121755.89546,8,-2,-53
1754121755.93146,6,-6,-65
1754121755.96946,1,0,-63
1754121756.00746,0,-7,-68
1754121756.0464602,5,-6,-74
1754121756.08446,2,0,-59
1754121756.12046,-1,2,-58
1754121756.15846,-2,0,-60
1754121756.1974602,-10,-7,-66
1754121756.23546,-3,-4,-63
1754121756.27146,-2,0,-66
1754121756.31046,0,3,-62
1754121756.34746,-2,-4,-61
1754121756.38646,-6,-2,-63
1754121756.4244602,-4,2,-63
1754121756.4604602,-2,1,-72
1754121756.49846,0,-3,-80
1754121756.5364602,-1,-1,-72
1754121756.5754602,-4,-7,-56
1754121756.6114602,-6,0,-59
1754121756.64946,0,0,-52
1754121756.6874602,-2,-4,-66
1754121756.72646,-3,-1,-79
1754121756.76446,1,0,-62
1754121756.80046,0,-1,-47
1754121756.83746,-8,-3,-65
1754121756.87646,-2,-5,-63
1754121756.91246,8,-3,-68
1754121756.9504602,8,-3,-59
1754121756.98846,1,-4,-60
1754121757.02746,-2,0,-67
1754121757.0654602,-7,1,-62
1754121757.10146,0,-2,-60
1754121757.14046,4,-1,-63
1754121757.1774602,5,0,-63
1754121757.21646,-4,-5,-61
1754121757.25246,-4,0,-56
1754121757.29046,1,2,-54
1754121757.32746,0,-7,-56
1754121757.36646,-1,0,-50
1754121757.40246,-1,3,-64
1754121757.4404602,-9,-1,-62
1754121757.47846,-8,-1,-57
1754121757.5164602,-3,-7,-58
1754121757.55546,5,-1,-61
1754121757.59146,0,-4,-64
1754121757.62946,-3,0,-59
1754121757.6674602,6,-2,-58
1754121757.70646,5,-4,-66
1754121757.74246,4,-1,-69
1754121757.78046,-3,-2,-63
1754121757.81846,-6,-2,-68
1754121757.85746,-5,-1,-62
1754121757.89546,-2,0,-85
1754121757.93146,4,-3,-73
1754121757.96846,-1,0,-65
1754121758.00746,-6,9,-58
1754121758.04546,-4,3,-66
1754121758.08146,-1,0,-70
1754121758.11946,-4,-6,-66
1754121758.1574602,-4,1,-63
1754121758.19646,2,-1,-64
1754121758.23246,2,4,-65
1754121758.2694602,5,1,-65
1754121758.30746,-2,0,-64
1754121758.34646,-6,-3,-53
1754121758.38246,-3,0,-50
1754121758.42046,6,-7,-63
1754121758.45846,-1,-3,-69
1754121758.49746,-6,-4,-64
1754121758.53546,1,-9,-69
1754121758.57146,0,-1,-73
1754121758.60946,2,-6,-66
1754121758.64846,-1,-3,-55
1754121758.68646,-2,1,-72
1754121758.72246,-2,0,-63
1754121758.76146,-4,-1,-56
1754121758.79846,-4,-2,-62
1754121758.83746,2,-3,-57
1754121758.87546,2,0,-54
1754121758.9114602,13,0,-52
1754121758.94846,7,-5,-51
1754121758.98746,-9,-5,-61
1754121759.02546,-1,0,-68
1754121759.0694602,-5,-4,-60
1754121759.10746,-1,-13,-53
1754121759.14646,5,-3,-62
1754121759.18246,6,-2,-53
1754121759.2204602,-2,0,-65
1754121759.25846,1,7,-61
1754121759.29746,-2,0,-65
1754121759.33346,-4,-4,-57
1754121759.3714602,-2,-7,-58
1754121759.40946,5,-3,-62
1754121759.44846,-4,-7,-63
1754121759.4864602,-3,-1,-71
1754121759.52246,-7,-3,-70
1754121759.56046,-2,-11,-68
1754121759.59946,-9,-3,-66
1754121759.63746,-12,-11,-66
1754121759.67346,-8,-1,-72
1754121759.71146,5,-3,-61
1754121759.74946,2,-2,-51
1754121759.78746,0,-3,-53
1754121759.82646,-2,2,-62
1754121759.86246,1,0,-56
1754121759.89946,5,-2,-51
1754121759.9374602,6,-3,-52
1754121759.97646,1,-1,-59
1754121760.01246,0,0,-61
1754121760.0494602,5,-2,-57
1754121760.0884602,1,-6,-57
1754121760.12646,-2,0,-54
1754121760.16246,-3,-6,-55
1754121760.2004602,-8,-6,-60
1754121760.23846,0,-12,-65
1754121760.27746,-1,-5,-68
1754121760.31346,-2,0,-71
1754121760.35146,1,-3,-73
1754121760.38946,1,0,-82
1754121760.42846,2,7,-72
1754121760.46646,-6,6,-82
1754121760.50246,-2,3,-71
1754121760.5394602,4,3,-61
1754121760.57846,-5,0,-57
1754121760.61646,1,1,-50
1754121760.65246,0,4,-62
1754121760.68946,-1,-4,-69
1754121760.72846,0,1,-67
1754121760.7664602,1,-4,-68
1754121760.8024602,-2,-5,-73
1754121760.84046,0,0,-66
1754121760.87946,-2,0,-72
1754121760.9174602,0,-4,-54
1754121760.95346,0,-1,-52
1754121760.9904602,0,-3,-66
1754121761.0294602,0,-1,-67
1754121761.06746,-2,0,-58
1754121761.10346,0,0,-64
1754121761.14046,4,-2,-62
1754121761.17946,-2,-1,-56
1754121761.2174602,-1,1,-56
1754121761.2534602,-4,0,-61
1754121761.29046,-7,2,-58
1754121761.32946,5,2,-60
1754121761.36746,2,-1,-66
1754121761.40346,-5,2,-60
1754121761.4404602,-4,0,-60
1754121761.47946,-8,-1,-65
1754121761.51746,-3,-7,-64
1754121761.55346,0,-7,-64
1754121761.59046,-4,0,-54
1754121761.62946,8,4,-55
1754121761.6674602,3,-2,-57
1754121761.70346,1,4,-69
1754121761.7404602,-3,1,-62
1754121761.77846,-3,-2,-67
1754121761.81746,7,-6,-66
1754121761.85346,2,-10,-61
1754121761.8914602,-5,-8,-57
1754121761.92946,2,-8,-63
1754121761.96846,2,0,-69
1754121762.00446,6,-4,-57
1754121762.04146,1,-3,-62
1754121762.07946,0,-2,-66
1754121762.1184602,2,4,-69
1754121762.1544602,0,-3,-67
1754121762.19146,-4,-2,-70
1754121762.22946,-3,-1,-67
1754121762.26846,5,-2,-59
1754121762.30446,-3,1,-59
1754121762.34146,-2,0,-43
1754121762.37946,-4,0,-49
1754121762.41846,1,3,-57
1754121762.45446,1,-1,-78
1754121762.49146,1,-1,-78
1754121762.53046,0,1,-62
1754121762.56846,8,0,-62
1754121762.60446,1,0,-64
1754121762.6414602,4,-1,-67
1754121762.68046,0,-1,-64
1754121762.71846,1,0,-63
1754121762.75446,0,-2,-66
1754121762.79146,-1,-3,-61
1754121762.83046,3,-4,-65
1754121762.8684602,0,-7,-60
1754121762.9044602,5,0,-55
1754121762.94146,-1,0,-57
1754121762.9804602,2,1,-63
1754121763.01846,2,-10,-68
1754121763.05446,0,-2,-62
1754121763.09146,-1,2,-67
1754121763.13046,-7,-2,-54
1754121763.16846,-4,-6,-69
1754121763.20446,-7,-9,-59
1754121763.2434602,-1,0,-69
1754121763.28046,-3,1,-63
1754121763.3194602,0,1,-76
1754121763.35746,3,-1,-73
1754121763.39346,3,2,-59
1754121763.43046,-2,5,-69
1754121763.46946,-1,-4,-70
1754121763.50746,2,-1,-64
1754121763.54446,0,0,-71
1754121763.58146,4,-2,-76
1754121763.61946,0,0,-71
1754121763.65846,-12,0,-67
1754121763.6944602,2,4,-68
1754121763.73146,-5,-1,-63
1754121763.7694602,-2,-2,-63
1754121763.80846,4,1,-67
1754121763.84446,4,0,-66
1754121763.8814602,0,-5,-69
1754121763.91946,4,0,-70
1754121763.95846,1,0,-81
1754121763.99446,-6,-3,-68
1754121764.0324602,-2,-10,-65
1754121764.07046,0,0,-57
1754121764.10946,2,-1,-74
1754121764.14546,10,-3,-63
1754121764.18346,6,-3,-71
1754121764.22146,-6,0,-65
1754121764.26046,-6,-1,-65
1754121764.29846,-1,1,-62
1754121764.33446,-8,3,-64
1754121764.3714602,2,-1,-71
1754121764.41046,-2,0,-67
1754121764.44846,1,2,-56
1754121764.48446,2,1,-66
1754121764.52146,1,0,-70
1754121764.56046,0,-7,-60
1754121764.5984602,0,-1,-63
1754121764.6344602,-6,3,-64
1754121764.67246,-7,1,-66
1754121764.7104602,0,-9,-61
1754121764.74946,0,-8,-69
1754121764.78546,0,-5,-72
1754121764.82346,-2,-2,-66
1754121764.8614602,-6,-5,-61
1754121764.90046,0,-13,-47
1754121764.93846,4,-10,-64
1754121764.97446,-5,-6,-64
1754121765.01246,1,-5,-57
1754121765.05046,-1,1,-61
1754121765.08946,2,-4,-64
1754121765.12546,-5,-2,-61
1754121765.1644602,2,-4,-58
1754121765.20146,0,1,-62
1754121765.2404602,2,0,-64
1754121765.27846,-3,1,-60
1754121765.31446,-6,0,-59
1754121765.35146,-4,-2,-62
1754121765.39046,2,1,-65
1754121765.42846,1,-2,-76
1754121765.46446,6,3,-81
1754121765.50246,0,-1,-68
1754121765.54046,7,6,-61
1754121765.57946,3,2,-62
1754121765.6154602,-8,2,-53
1754121765.65246,-2,3,-59
1754121765.6904602,-4,0,-63
1754121765.72946,-4,0,-60
1754121765.76546,-8,-1,-64
1754121765.80346,-3,2,-53
1754121765.84146,-1,1,-64
1754121765.88046,-3,5,-61
1754121765.91846,-1,0,-63
1754121765.95446,3,-6,-58
1754121765.99246,7,-2,-60
1754121766.03146,2,4,-62
1754121766.0694602,3,1,-61
1754121766.1054602,3,0,-64
1754121766.14246,0,-4,-63
1754121766.18146,-8,-8,-70
1754121766.21946,-3,-2,-59
1754121766.25546,0,0,-57
1754121766.2924602,6,0,-56
1754121766.33146,3,3,-66
1754121766.36946,4,2,-61
1754121766.40546,-3,5,-69
1754121766.4444602,0,-2,-78
1754121766.48146,-2,-3,-72
1754121766.52046,0,-7,-55
1754121766.55646,4,0,-54
1754121766.59446,4,3,-67
1754121766.6314602,0,4,-59
1754121766.67046,9,3,-57
1754121766.70646,0,-8,-60
1754121766.74446,-2,-6,-65
1754121766.7824602,0,-5,-67
1754121766.82046,2,2,-72
1754121766.85946,-8,1,-68
1754121766.89546,-8,0,-69
1754121766.9344602,-9,-1,-69
1754121766.97246,-2,-3,-67
1754121767.01046,-6,-4,-68
1754121767.0464602,-2,-8,-77
1754121767.0854602,-3,5,-62
1754121767.12246,-1,1,-67
1754121767.1614602,0,4,-65
1754121767.19946,0,1,-57
1754121767.23546,2,-5,-63
1754121767.27346,-5,-8,-71
1754121767.31146,-5,-6,-57
1754121767.35046,-4,0,-59
1754121767.38646,2,0,-62
1754121767.42346,0,-3,-67
1754121767.46146,-1,-6,-61
1754121767.50046,4,-5,-64
1754121767.5364602,6,2,-67
1754121767.57346,4,2,-64
1754121767.6114602,1,0,-61
1754121767.65046,3,-8,-64
1754121767.68646,-3,-4,-53
1754121767.72446,5,-2,-52
1754121767.76246,1,-2,-63
1754121767.80146,-9,0,-69
1754121767.83946,-8,-4,-63
1754121767.87546,-5,0,-68
1754121767.91346,0,-6,-61
1754121767.95146,3,3,-56
1754121767.9904602,0,0,-65
1754121768.0264602,3,-4,-69
1754121768.06446,2,-2,-62
1754121768.10246,-1,-2,-61
1754121768.1414602,-1,1,-63
1754121768.17946,-1,-1,-72
1754121768.21546,0,0,-66
1754121768.25246,4,-5,-63
1754121768.29146,2,2,-66
1754121768.32946,-1,0,-73
1754121768.3654602,0,1,-65
1754121768.40246,-1,1,-64
1754121768.44146,5,3,-66
1754121768.47846,0,5,-64
1754121768.51546,0,0,-62
1754121768.55346,0,0,-66
1754121768.59146,1,-2,-65
1754121768.63046,4,-5,-55
1754121768.66646,2,0,-64
1754121768.70446,5,0,-62
1754121768.74246,5,4,-67
1754121768.78146,0,4,-72
1754121768.81746,5,-2,-65
1754121768.8554602,4,0,-65
1754121768.89346,7,-4,-54
1754121768.93246,0,-7,-60
1754121768.9704602,-3,-2,-53
1754121769.0064602,0,0,-60
1754121769.04346,0,-4,-60
1754121769.08746,2,0,-68
1754121769.12546,-1,3,-67
1754121769.16346,2,0,-76
1754121769.20146,-10,0,-70
1754121769.2404602,-2,-3,-64
1754121769.2764602,4,-3,-68
1754121769.3154602,-1,0,-71
1754121769.35246,-5,-3,-60
1754121769.3914602,0,-2,-58
1754121769.4274602,-2,-4,-65
1754121769.46546,-2,-4,-61
1754121769.5034602,1,-1,-65
1754121769.5424602,-3,7,-56
1754121769.58046,0,4,-67
1754121769.61646,0,2,-70
1754121769.65346,-3,-2,-67
1754121769.69246,-3,-2,-71
1754121769.7304602,-4,2,-66
1754121769.7664602,0,3,-58
1754121769.80346,0,1,-63
1754121769.8424602,6,0,-68
1754121769.88046,2,-2,-51
1754121769.91646,1,-8,-58
1754121769.95446,0,-8,-61
1754121769.99246,2,-3,-73
1754121770.03146,5,-4,-62
1754121770.06746,3,-2,-55
1754121770.10646,-1,0,-63
1754121770.14346,-2,-1,-59
1754121770.18246,-2,-5,-64
1754121770.2204602,-2,-14,-55
1754121770.2564602,-3,-8,-66
1754121770.29546,-3,2,-70
1754121770.3324602,-3,-6,-67
1754121770.3714602,-1,-1,-70
1754121770.4074602,-4,-1,-60
1754121770.44546,-2,3,-48
1754121770.4834602,-7,0,-61
1754121770.52246,-6,-4,-56
1754121770.55846,-3,-2,-58
1754121770.59646,1,-6,-68
1754121770.6344602,5,-2,-76
1754121770.67346,-1,-4,-60
1754121770.71146,-2,-1,-53
1754121770.74746,-7,-1,-55
1754121770.7864602,-3,0,-64
1754121770.82346,0,-7,-67
1754121770.86246,3,-2,-62
1754121770.89846,0,-3,-62
1754121770.93646,4,-1,-64
1754121770.97446,9,0,-69
1754121771.01246,5,6,-64
1754121771.05146,1,2,-54
1754121771.08746,4,1,-57
1754121771.12446,0,0,-62
1754121771.16246,0,-4,-55
1754121771.20146,-4,-3,-49
1754121771.23746,-4,-5,-62
1754121771.27546,0,1,-69
1754121771.31346,-4,-1,-63
1754121771.35246,-1,1,-60
1754121771.3884602,0,2,-54
1754121771.42546,-2,-3,-61
1754121771.4634602,0,-1,-63
1754121771.50246,10,-3,-74
1754121771.53846,3,0,-75
1754121771.5754602,-1,0,-65
1754121771.61346,-4,-3,-67
1754121771.65246,-5,-5,-61
1754121771.68846,-2,-2,-62
1754121771.72746,1,6,-58
1754121771.76446,-1,4,-56
1754121771.80346,1,8,-60
1754121771.84146,-6,3,-59
1754121771.87746,-3,1,-58
1754121771.91546,-2,-1,-71
1754121771.95346,4,0,-69
1754121771.99246,0,-2,-62
1754121772.02846,3,3,-65
1754121772.0654602,1,-3,-64
1754121772.10346,-2,-5,-60
1754121772.14246,4,7,-61
1754121772.17846,0,2,-61
1754121772.21546,-15,0,-68
1754121772.2534602,-7,-1,-65
1754121772.2924602,2,0,-66
1754121772.32846,3,-2,-61
1754121772.36646,2,0,-59
1754121772.4044602,-7,-3,-63
1754121772.44346,-8,2,-67
1754121772.48146,-6,-1,-66
1754121772.51746,-4,-3,-66
1754121772.55546,0,0,-58
1754121772.59346,-4,-2,-66
1754121772.63246,-1,-6,-72
1754121772.66846,-5,-2,-71
1754121772.70646,-2,3,-63
1754121772.74546,2,6,-57
1754121772.78346,-5,2,-56
1754121772.82146,0,7,-56
1754121772.85746,1,1,-67
1754121772.89546,0,2,-65
1754121772.93346,0,1,-54
1754121772.96946,-1,1,-56
1754121773.00746,-4,-4,-62
1754121773.0464602,-9,0,-55
1754121773.08346,1,-3,-63
1754121773.12246,1,-1,-67
1754121773.15846,0,1,-61
1754121773.19546,3,-3,-59
1754121773.2334602,-4,0,-62
1754121773.27246,0,0,-60
1754121773.30846,3,0,-60
1754121773.3454602,2,-1,-60
1754121773.38346,-6,-1,-49
1754121773.42246,8,-1,-55
1754121773.45846,8,3,-52
1754121773.49546,-2,-1,-58
1754121773.53346,-8,0,-68
1754121773.5724602,-3,2,-60
1754121773.6084602,0,4,-59
1754121773.64546,-1,-7,-59
1754121773.68346,0,-4,-64
1754121773.72246,1,-2,-68
1754121773.75846,0,-2,-63
1754121773.7964602,3,-1,-63
1754121773.8354602,-1,-3,-65
1754121773.87346,-2,0,-65
1754121773.90946,0,-4,-70
1754121773.9474602,-3,-4,-73
1754121773.98546,-2,-4,-74
1754121774.02446,1,0,-72
1754121774.0624602,3,-1,-65
1754121774.0984602,3,2,-57
1754121774.13646,-3,-7,-66
1754121774.1744602,-1,-4,-66
1754121774.21246,-1,-1,-62
1754121774.24846,-7,-4,-55
1754121774.2864602,1,2,-50
1754121774.32446,0,-5,-53
1754121774.36346,-2,0,-66
1754121774.39946,-7,-1,-52
1754121774.4374602,-10,-5,-61
1754121774.47546,-4,7,-65
1754121774.51446,-1,5,-70
1754121774.5524602,1,0,-76
1754121774.5884602,7,-2,-68
1754121774.62646,1,-1,-59
1754121774.6644602,5,3,-59
1754121774.70346,4,-1,-62
1754121774.73946,3,1,-56
1754121774.7764602,0,0,-62
1754121774.81446,-3,0,-63
1754121774.85346,1,-5,-61
1754121774.88946,1,-4,-54
1754121774.9274602,-7,-9,-60
1754121774.96546,-4,-10,-61
1754121775.00446,-6,-4,-65
1754121775.0424602,-1,-4,-76
1754121775.07846,-1,-2,-67
1754121775.11646,7,2,-55
1754121775.1544602,1,-4,-66
1754121775.19346,2,2,-72
1754121775.22946,0,-1,-68
1754121775.26746,-7,-1,-62
1754121775.30546,-7,1,-66
1754121775.34446,-2,0,-73
1754121775.38046,-1,0,-67
1754121775.41846,-3,3,-66
1754121775.45646,-9,-3,-67
1754121775.49546,3,-2,-67
1754121775.53346,1,6,-53
1754121775.5694602,3,5,-62
1754121775.60746,0,4,-63
1754121775.64546,-7,0,-68
1754121775.6844602,-12,0,-64
1754121775.7204602,-5,1,-69
1754121775.75846,-9,-1,-71
1754121775.7964602,-4,1,-64
1754121775.83446,0,0,-59
1754121775.87346,4,2,-62
1754121775.90946,1,-6,-62
1754121775.9474602,4,-6,-70
1754121775.98546,-1,-1,-70
1754121776.02446,4,7,-62
1754121776.06046,4,3,-61
1754121776.09746,-5,-1,-62
1754121776.13546,2,2,-75
1754121776.1744602,1,1,-65
1754121776.2104602,-2,-1,-56
1754121776.24946,-4,0,-61
1754121776.2864602,-2,-1,-62
1754121776.3254602,-4,-8,-58
1754121776.36346,-4,2,-64
1754121776.39946,-3,4,-62
1754121776.4374602,-2,8,-56
1754121776.47546,0,10,-62
1754121776.51446,0,-1,-61
1754121776.55046,3,-4,-64
1754121776.5884602,-1,-3,-65
1754121776.62646,-6,-3,-65
1754121776.66546,-3,0,-62
1754121776.70346,0,-1,-57
1754121776.73946,1,-2,-54
1754121776.77746,3,-9,-45
1754121776.81646,-2,-5,-60
1754121776.85446,-5,0,-64
1754121776.89046,-5,-5,-55
1754121776.92946,-1,-3,-65
1754121776.96646,0,-3,-64
1754121777.00546,0,0,-51
1754121777.04346,-6,1,-64
1754121777.07946,-10,0,-69
1754121777.11646,-6,-1,-68
1754121777.15546,-5,-4,-56
1754121777.19346,-4,-10,-59
1754121777.22946,4,-2,-66
1754121777.2664602,-1,-1,-63
1754121777.30546,-7,-5,-57
1754121777.34346,-6,-1,-60
1754121777.38046,-5,0,-72
1754121777.41846,-1,3,-61
1754121777.45646,-11,-4,-52
1754121777.49546,-3,-1,-55
1754121777.53146,-3,-4,-74
1754121777.57046,-4,-1,-69
1754121777.60746,-5,1,-57
1754121777.64546,2,1,-67
1754121777.6844602,0,-1,-66
1754121777.7204602,1,-1,-61
1754121777.75846,-4,1,-54
1754121777.7964602,-1,-1,-66
1754121777.8354602,-2,0,-70
1754121777.8714602,1,-2,-56
1754121777.90946,1,-1,-65
1754121777.9474602,0,4,-57
1754121777.98546,3,6,-45
1754121778.02446,-2,3,-62
1754121778.06046,-1,-1,-61
1754121778.09946,4,-1,-65
1754121778.13746,7,-6,-63
1754121778.17546,1,-3,-55
1754121778.21146,0,0,-63
1754121778.24946,-1,-3,-65
1754121778.28746,3,2,-60
1754121778.3254602,3,0,-63
1754121778.3614602,-2,0,-68
1754121778.39946,1,-1,-67
1754121778.4374602,-3,-3,-73
1754121778.47646,2,0,-59
1754121778.51446,1,3,-52
1754121778.55046,0,1,-51
1754121778.58746,-7,3,-56
1754121778.62646,-4,4,-66
1754121778.6644602,-7,-6,-61
1754121778.7004602,3,-12,-65
1754121778.73846,3,-6,-54
1754121778.7764602,5,-2,-57
1754121778.8154602,8,-8,-59
1754121778.85146,1,-7,-59
1754121778.88946,-1,-1,-63
1754121778.9274602,0,-3,-63
1754121778.96646,-1,-6,-56
1754121779.00446,-3,-2,-51
1754121779.04046,4,-1,-60
1754121779.07746,-1,-4,-60
1754121779.1214602,-1,-3,-72
1754121779.15946,-4,-6,-69
1754121779.1974602,0,-2,-61
1754121779.2364602,1,0,-56
1754121779.27446,-1,4,-62
1754121779.31046,-2,1,-53
1754121779.3484602,0,0,-56
1754121779.38646,1,-4,-62
1754121779.42546,-2,-3,-59
1754121779.46146,-9,1,-58
1754121779.49946,-8,-1,-58
1754121779.53746,-6,-4,-46
1754121779.57646,5,0,-61
1754121779.61446,0,-5,-72
1754121779.65046,5,-3,-62
1754121779.68846,6,-1,-48
1754121779.72646,6,2,-58
1754121779.76546,0,0,-68
1754121779.80146,0,-2,-56
1754121779.83946,-2,-1,-54
1754121779.87746,-3,1,-59
1754121779.91646,-4,2,-66
1754121779.95246,-3,5,-72
1754121779.9904602,-4,-1,-47
1754121780.0294602,12,-4,-62
1754121780.06646,3,0,-57
1754121780.1054602,2,-2,-57
1754121780.1414602,3,-3,-66
1754121780.17946,6,2,-67
1754121780.2174602,-2,0,-59
1754121780.2564602,6,-2,-59
1754121780.2924602,5,2,-59
1754121780.32946,0,4,-46
1754121780.36746,3,4,-55
1754121780.40646,2,6,-67
1754121780.44246,0,5,-58
1754121780.47946,-2,4,-54
1754121780.51846,0,6,-65
1754121780.55646,3,5,-68
1754121780.5924602,0,1,-65
1754121780.62946,13,-3,-58
1754121780.6674602,2,5,-58
1754121780.70646,3,1,-61
1754121780.74246,0,-3,-59
1754121780.78046,-1,7,-58
1754121780.81846,0,0,-64
1754121780.85746,2,-5,-66
1754121780.89546,5,-6,-66
1754121780.93246,0,-3,-54
1754121780.9704602,-2,3,-66
1754121781.00746,-3,0,-53
1754121781.0464602,3,0,-65
1754121781.0824602,4,-3,-62
1754121781.11946,2,-4,-68
1754121781.1574602,0,-2,-73
1754121781.19646,2,-6,-69
1754121781.23246,2,0,-66
1754121781.27046,4,1,-66
1754121781.30846,2,1,-63
1754121781.34746,2,-3,-61
1754121781.38546,8,5,-56
1754121781.4214602,4,-1,-56
1754121781.45946,0,-4,-66
1754121781.49746,-3,0,-67
1754121781.5364602,0,6,-59
1754121781.5724602,0,3,-63
1754121781.60946,7,-2,-60
1754121781.64846,6,1,-60
1754121781.68646,-5,2,-61
1754121781.72246,1,5,-61
1754121781.7594602,0,0,-67
1754121781.79746,8,-6,-79
1754121781.83646,6,-6,-67
1754121781.87246,6,-5,-64
1754121781.91046,1,-1,-68
1754121781.94846,-3,-1,-63
1754121781.98746,-7,2,-56
1754121782.02546,-5,0,-47
1754121782.06146,0,2,-52
1754121782.0984602,-6,3,-55
1754121782.13746,6,3,-70
1754121782.17346,2,1,-66
1754121782.2104602,-1,0,-61
1754121782.24846,0,5,-60
1754121782.28746,10,4,-59
1754121782.32346,11,-3,-72
1754121782.36246,4,-6,-75
1754121782.39946,3,-2,-74
1754121782.4374602,-6,4,-69
1754121782.47646,-5,4,-66
1754121782.51246,-4,1,-72
1754121782.5494602,-6,-4,-69
1754121782.58746,-6,0,-70
1754121782.62646,-5,-1,-70
1754121782.66246,-7,1,-63
1754121782.7004602,0,2,-74
1754121782.73846,0,0,-73
1754121782.77746,0,3,-68
1754121782.81346,0,5,-56
1754121782.85046,5,0,-57
1754121782.8884602,5,0,-75
1754121782.9274602,-1,1,-71
1754121782.9634602,1,-1,-68
1754121783.00046,-4,-7,-65
1754121783.03846,-5,-6,-63
1754121783.07746,-3,-6,-69
1754121783.11346,-3,-3,-62
1754121783.15246,-6,-3,-69
1754121783.1904602,3,0,-68
1754121783.22846,2,4,-63
1754121783.2664602,-1,7,-63
1754121783.3024602,1,3,-58
1754121783.34046,-6,2,-48
1754121783.3784602,0,0,-73
1754121783.41646,0,-6,-80
1754121783.45246,-3,-4,-76
1754121783.4904602,-3,-2,-63
1754121783.5294602,-3,0,-64
1754121783.56746,2,-6,-68
1754121783.60346,-4,0,-76
1754121783.6414602,5,0,-56
1754121783.67946,-1,-3,-55
1754121783.71846,-5,1,-59
1754121783.7564602,-10,-2,-53
1754121783.7924602,0,-8,-62
1754121783.82946,1,0,-56
1754121783.8684602,-1,4,-70
1754121783.90646,0,-1,-64
1754121783.94246,0,-7,-83
1754121783.97946,1,-2,-75
1754121784.01846,-6,-4,-67
1754121784.05646,-4,-3,-58
1754121784.0924602,4,-1,-62
1754121784.12946,6,2,-61
1754121784.16846,0,2,-59
1754121784.20646,-4,-5,-66
1754121784.24246,-4,0,-68
1754121784.2794602,4,-1,-67
1754121784.31846,-1,1,-70
1754121784.35446,-3,-2,-74
1754121784.39246,-9,0,-67
1754121784.43046,0,1,-64
1754121784.46846,-2,1,-63
1754121784.50746,1,2,-68
1754121784.54346,-2,2,-65
1754121784.5824602,1,-11,-70
1754121784.61946,-1,-12,-67
1754121784.65846,-1,0,-75
1754121784.6944602,-3,2,-71
1754121784.73246,-6,0,-67
1754121784.77046,6,0,-61
1754121784.80846,7,-2,-48
1754121784.84746,4,-8,-60
1754121784.88346,1,-4,-70
1754121784.9214602,-2,1,-70
1754121784.95946,5,1,-68
1754121784.99846,-5,-2,-59
1754121785.03446,1,-1,-58
1754121785.0724602,3,-8,-63
1754121785.11046,6,-7,-59
1754121785.14946,3,2,-61
1754121785.1874602,5,-1,-57
1754121785.2234602,-3,1,-65
1754121785.26046,6,-1,-62
1754121785.2994602,-4,-2,-56
1754121785.33746,0,-6,-58
1754121785.37346,4,-3,-59
1754121785.41246,4,-4,-60
1754121785.44946,0,-3,-59
1754121785.48846,3,-4,-49
1754121785.52446,4,0,-56
1754121785.56146,0,-1,-58
1754121785.59946,2,-3,-54
1754121785.6384602,5,-1,-51
1754121785.6744602,6,-5,-63
1754121785.71146,-2,-4,-64
1754121785.74946,-7,-7,-68
1754121785.78846,-1,-2,-61
1754121785.82446,-2,0,-69
1754121785.8614602,4,-2,-66
1754121785.89946,3,-9,-65
1754121785.93846,2,-6,-50
1754121785.97446,-2,-3,-56
1754121786.01246,-1,-3,-61
1754121786.05046,-2,3,-58
1754121786.08946,-1,-2,-62
1754121786.12746,5,-2,-65
1754121786.16346,-1,-1,-78
1754121786.20146,-5,-3,-63
1754121786.23946,2,0,-72
1754121786.27846,0,0,-80
1754121786.31446,-2,3,-80
1754121786.35246,-3,5,-63
1754121786.38946,0,1,-68
1754121786.42846,0,-3,-57
1754121786.46446,-3,-2,-57
1754121786.50246,4,-1,-57
1754121786.54046,3,-2,-64
1754121786.57946,0,-8,-59
1754121786.6154602,1,-2,-68
1754121786.65346,0,5,-61
1754121786.69146,3,0,-61
1754121786.72946,-1,0,-61
1754121786.76846,0,-2,-61
1754121786.80446,-9,-2,-65
1754121786.8424602,2,2,-59
1754121786.88046,-6,3,-66
1754121786.91946,0,-2,-75
1754121786.95546,-2,-5,-57
1754121786.9934602,-8,7,-58
1754121787.03146,4,-6,-63
1754121787.0694602,12,-2,-65
1754121787.1084602,-1,0,-55
1754121787.1444602,-2,3,-58
1754121787.18246,-1,4,-79
1754121787.2204602,1,-1,-70
1754121787.2594602,2,-6,-72
1754121787.29546,7,-5,-65
1754121787.33346,7,-2,-67
1754121787.3714602,2,-3,-71
1754121787.40946,-1,0,-62
1754121787.44846,0,-3,-64
1754121787.48546,4,-4,-66
1754121787.52246,4,-5,-67
1754121787.56146,-2,-4,-66
1754121787.59946,-4,-4,-65
1754121787.63546,-1,-1,-55
1754121787.67346,5,-3,-53
1754121787.71146,7,-7,-53
1754121787.75046,4,-7,-73
1754121787.78846,1,-5,-56
1754121787.82446,-2,-4,-53
1754121787.86246,-5,-5,-61
1754121787.9014602,3,0,-66
1754121787.93946,4,0,-66
1754121787.97546,3,-3,-68
1754121788.0134602,0,-1,-73
1754121788.0524602,0,2,-76
1754121788.09046,-1,-2,-66
1754121788.1284602,-4,-9,-67
1754121788.1644602,1,-3,-68
1754121788.20246,4,1,-52
1754121788.2404602,2,0,-57
1754121788.27846,1,3,-57
1754121788.31446,4,-1,-62
1754121788.35246,6,2,-63
1754121788.39046,1,0,-74
1754121788.42846,-8,0,-68
1754121788.46446,4,-1,-57
1754121788.50246,2,-1,-60
1754121788.54046,2,-9,-68
1754121788.57846,-3,-1,-72
1754121788.61446,2,-1,-61
1754121788.65246,-1,-4,-71
1754121788.6904602,0,-5,-73
1754121788.72946,3,3,-65
1754121788.76546,4,1,-52
1754121788.8024602,1,0,-56
1754121788.84046,-1,1,-56
1754121788.87946,-1,4,-69
1754121788.91546,1,0,-68
1754121788.95246,5,-4,-56
1754121788.9904602,-5,-2,-62
1754121789.0294602,-13,-4,-68
1754121789.0654602,-2,0,-70
1754121789.10246,4,-3,-64
1754121789.14746,3,0,-68
1754121789.18546,0,0,-62
1754121789.2234602,-2,-5,-72
1754121789.26046,1,-2,-84
1754121789.2994602,-1,0,-69
1754121789.3354602,-1,-8,-64
1754121789.37346,0,-6,-63
1754121789.4114602,-3,0,-56
1754121789.4504602,4,1,-64
1754121789.48746,-2,-1,-69
1754121789.52446,1,-2,-64
1754121789.5624602,-1,0,-67
1754121789.60046,-7,4,-51
1754121789.63946,-7,-6,-54
1754121789.67546,-6,2,-62
1754121789.71446,0,-3,-55
1754121789.75146,0,2,-68
1754121789.79046,-7,-7,-69
1754121789.82646,5,-3,-69
1754121789.86446,1,-1,-58
1754121789.90246,1,5,-57
1754121789.94146,-1,4,-62
1754121789.97946,0,-2,-49
1754121790.01546,0,-1,-55
1754121790.05346,-3,-4,-52
1754121790.09146,-6,-6,-49
1754121790.13046,-6,-2,-65
1754121790.16646,-4,-9,-64
1754121790.20446,4,-6,-67
1754121790.24246,-3,-6,-66
1754121790.28146,-4,0,-68
1754121790.3194602,2,3,-68
1754121790.3554602,4,-2,-63
1754121790.39346,-5,4,-58
1754121790.43146,4,-2,-69
1754121790.4704602,5,-1,-74
1754121790.5064602,1,1,-72
1754121790.54346,0,0,-66
1754121790.58146,3,4,-66
1754121790.62046,0,4,-74
1754121790.65646,3,1,-64
1754121790.69346,0,2,-73
1754121790.73146,0,-2,-64
1754121790.77046,1,-4,-68
1754121790.80646,-10,4,-70
1754121790.84446,-4,0,-69
1754121790.88246,-6,1,-59
1754121790.9214602,-2,0,-60
1754121790.95946,0,-6,-52
1754121790.99546,-1,-4,-61
1754121791.03446,0,0,-64
1754121791.07146,-4,2,-56
1754121791.11046,0,4,-59
1754121791.14646,-3,0,-65
1754121791.1844602,-3,-1,-59
1754121791.22246,0,-4,-63
1754121791.26146,0,-3,-64
1754121791.29746,0,-4,-54
1754121791.3354602,0,2,-62
1754121791.37346,2,-1,-64
1754121791.4114602,4,-2,-53
1754121791.4504602,1,-5,-60
1754121791.4864602,3,-9,-65
1754121791.52346,11,-9,-59
1754121791.56146,7,0,-67
1754121791.60046,8,-8,-69
1754121791.63646,2,-2,-71
1754121791.6744602,4,-4,-67
1754121791.7134602,0,-4,-56
1754121791.75146,-1,-4,-49
1754121791.78746,5,-2,-49
1754121791.82646,3,-1,-55
1754121791.86346,0,4,-58
1754121791.9014602,-1,-3,-62
1754121791.9404602,0,-2,-68
1754121791.97646,2,-6,-75
1754121792.01446,-1,-7,-57
1754121792.0524602,2,-1,-54
1754121792.09146,3,-4,-64
1754121792.12746,2,0,-62
1754121792.1644602,4,-2,-73
1754121792.20246,5,-3,-60
1754121792.24146,2,-6,-66
1754121792.27746,2,-5,-60
1754121792.3154602,-6,-2,-55
1754121792.35346,-3,-5,-64
1754121792.39246,-6,0,-60
1754121792.43046,-3,-4,-63
1754121792.46646,0,-5,-64
1754121792.50446,-3,-7,-58
1754121792.5424602,0,-1,-68
1754121792.58146,-2,0,-68
1754121792.61746,-1,3,-62
1754121792.6544602,1,-2,-71
1754121792.69246,5,-1,-68
1754121792.73146,1,1,-63
1754121792.76746,5,-2,-65
1754121792.80446,-2,-4,-63
1754121792.8424602,-7,1,-65
1754121792.8814602,2,7,-72
1754121792.9174602,0,0,-73
1754121792.95446,-4,1,-66
1754121792.99246,-3,0,-70
1754121793.03146,-1,-3,-54
1754121793.06746,-11,1,-65
1754121793.1054602,-8,0,-61
1754121793.14346,-12,-7,-72
1754121793.18246,-4,0,-62
1754121793.22146,0,-8,-56
1754121793.25746,0,-4,-63
1754121793.29546,3,-3,-51
1754121793.33346,5,-6,-55
1754121793.37246,-2,-2,-58
1754121793.41046,2,0,-61
1754121793.44646,5,-5,-64
1754121793.4834602,2,0,-63
1754121793.52246,-1,0,-65
1754121793.56046,-3,5,-61
1754121793.59746,-5,2,-65
1754121793.63646,-2,-7,-68
1754121793.67346,-8,4,-69
1754121793.71246,5,3,-68
1754121793.74846,-4,5,-69
1754121793.7864602,2,1,-65
1754121793.8254602,0,1,-66
1754121793.86246,2,-5,-52
1754121793.9014602,-5,0,-51
1754121793.9374602,-5,4,-56
1754121793.97546,0,1,-59
1754121794.0134602,0,-3,-67
1754121794.0524602,2,-5,-67
1754121794.0884602,4,-3,-64
1754121794.12646,-7,6,-62
1754121794.16546,-3,2,-60
1754121794.20246,4,-1,-58
1754121794.24146,5,2,-60
1754121794.27746,0,2,-61
1754121794.3154602,-5,-1,-66
1754121794.35346,-4,-8,-76
1754121794.39246,-7,-6,-65
1754121794.42846,-2,-6,-69
1754121794.46646,0,0,-61
1754121794.50446,8,1,-55
1754121794.54346,3,0,-51
1754121794.58146,0,2,-59
1754121794.61746,0,4,-66
1754121794.6544602,-1,-2,-66
1754121794.69346,1,1,-62
1754121794.73146,5,-6,-55
1754121794.76746,4,-1,-54
1754121794.80546,3,-1,-65
1754121794.84346,-3,-11,-59
1754121794.88246,1,-8,-72
1754121794.91846,3,-6,-55
1754121794.9574602,0,-4,-46
1754121794.99546,-2,2,-49
1754121795.03346,0,-3,-67
1754121795.07146,3,-1,-68
1754121795.10746,2,-4,-62
1754121795.14546,5,0,-71
1754121795.18346,4,-3,-64
1754121795.22246,6,-7,-50
1754121795.25846,4,-7,-49
1754121795.2964602,-1,8,-56
1754121795.33446,1,6,-65
1754121795.37346,0,-8,-61
1754121795.4114602,-4,0,-53
1754121795.44846,-4,-4,-47
1754121795.48546,-1,1,-56
1754121795.52346,-5,0,-69
1754121795.5624602,-6,-1,-68
1754121795.5984602,2,0,-68
1754121795.63646,3,3,-64
1754121795.67546,-1,-3,-72
1754121795.7134602,-8,2,-68
1754121795.74946,0,0,-58
1754121795.7864602,1,-3,-72
1754121795.82446,1,0,-71
1754121795.86346,2,2,-62
1754121795.89946,6,0,-64
1754121795.93646,0,0,-69
1754121795.97446,0,2,-81
1754121796.0134602,-3,-2,-58
1754121796.0494602,-8,-3,-65
1754121796.08746,-1,0,-57
1754121796.12546,-2,0,-63
1754121796.16346,0,0,-71
1754121796.20246,6,-5,-63
1754121796.23846,2,-1,-67
1754121796.2764602,0,0,-64
1754121796.31446,1,-1,-56
1754121796.35346,0,-3,-71
1754121796.38946,-5,0,-67
1754121796.42846,2,-2,-64
1754121796.46546,-8,-4,-60
1754121796.5034602,-3,0,-54
1754121796.5424602,-6,0,-54
1754121796.57846,-8,12,-58
1754121796.61646,-2,2,-56
1754121796.6544602,-1,0,-51
1754121796.69346,-6,0,-56
1754121796.72946,-2,-2,-64
1754121796.76746,1,1,-59
1754121796.80546,-1,0,-59
1754121796.84446,1,-4,-57
1754121796.88246,-5,4,-51
1754121796.91846,-7,2,-58
1754121796.95646,-3,1,-62
1754121796.99446,-4,3,-69
1754121797.03346,2,1,-71
1754121797.0694602,4,0,-73
1754121797.10646,-1,-4,-67
1754121797.1444602,-7,2,-69
1754121797.18346,0,-3,-62
1754121797.21946,8,-2,-65
1754121797.2564602,0,-2,-59
1754121797.29446,0,-2,-54
1754121797.33346,-4,0,-51
1754121797.36946,4,0,-63
1754121797.40646,3,-1,-63
1754121797.4444602,4,8,-69
1754121797.4834602,1,1,-63
1754121797.52246,5,-3,-56
1754121797.55846,-4,-1,-64
1754121797.59646,-8,0,-62
1754121797.63546,-2,-1,-67
1754121797.67346,1,3,-57
1754121797.70946,-3,2,-51
1754121797.74746,5,8,-56
1754121797.78546,0,4,-57
1754121797.82446,0,3,-72
1754121797.86246,1,2,-67
1754121797.89846,-2,2,-57
1754121797.93646,3,2,-62
1754121797.97446,-10,-4,-65
1754121798.0134602,-1,-3,-59
1754121798.0494602,-2,-5,-68
1754121798.08746,0,0,-53
1754121798.12546,-7,-6,-60
1754121798.1644602,0,-8,-52
1754121798.2004602,0,-3,-53
1754121798.23946,-3,-1,-62
1754121798.2764602,1,-5,-58
1754121798.3154602,-5,-7,-55
1754121798.35346,-1,-8,-50
1754121798.38946,2,0,-55
1754121798.42646,3,-2,-57
1754121798.46446,-2,-6,-55
1754121798.5034602,-4,-3,-73
1754121798.5394602,0,-4,-63
1754121798.57746,-5,-6,-68
1754121798.6154602,0,-6,-70
1754121798.6544602,-2,0,-70
1754121798.6904602,0,3,-66
1754121798.72746,-2,0,-59
1754121798.76546,-4,4,-59
1754121798.80446,4,-6,-67
1754121798.84046,3,0,-64
1754121798.87746,3,-5,-48
1754121798.91546,5,-4,-62
1754121798.95446,-3,0,-59
1754121798.9904602,0,-5,-65
1754121799.02846,5,-7,-64
1754121799.06646,9,-6,-67
1754121799.1054602,6,2,-59
1754121799.14846,0,-1,-48
1754121799.18646,5,3,-55
1754121799.22546,0,-10,-57
1754121799.2634602,-2,-4,-69
1754121799.2994602,-1,-1,-71
1754121799.33746,-3,-4,-73
1754121799.37546,-1,2,-74
1754121799.4144602,0,-1,-71
1754121799.4504602,1,2,-64
1754121799.48746,0,3,-52
1754121799.52546,-7,-9,-57
1754121799.56446,3,-7,-56
1754121799.60046,3,0,-53
1754121799.63746,1,-1,-70
1754121799.67546,0,1,-61
1754121799.71446,0,4,-59
1754121799.75046,4,-2,-57
1754121799.78846,0,2,-62
1754121799.82746,-5,8,-65
1754121799.8654602,1,6,-67
1754121799.90346,1,3,-62
1754121799.9404602,-4,0,-66
1754121799.97746,2,-5,-76
1754121800.01546,-2,0,-63
1754121800.05446,7,-3,-56
1754121800.09046,0,-5,-70
1754121800.12746,-4,-9,-74
1754121800.16546,-2,-5,-70
1754121800.20446,-2,-2,-75
1754121800.2404602,6,-4,-77
1754121800.27746,0,0,-70
1754121800.3154602,-5,-4,-80
1754121800.35446,2,0,-77
1754121800.39046,0,4,-72
1754121800.4274602,4,-3,-66
1754121800.46546,-3,-3,-64
1754121800.50446,-4,-1,-56
1754121800.54046,5,-1,-69
1754121800.57746,0,-4,-60
1754121800.6154602,1,-1,-62
1754121800.6544602,-4,-2,-57
1754121800.6904602,-9,-2,-65
1754121800.72846,-4,-2,-57
1754121800.7664602,2,-3,-65
1754121800.80546,-5,-1,-65
1754121800.84146,0,1,-56
1754121800.87946,-8,-2,-59
1754121800.9174602,-6,-5,-50
1754121800.95646,0,-5,-61
1754121800.99446,-8,-2,-65
1754121801.03046,-2,-4,-46
1754121801.06846,-2,-2,-61
1754121801.10646,0,0,-66
1754121801.14546,-2,1,-45
1754121801.18146,-3,2,-56
1754121801.21946,-5,0,-63
1754121801.25746,0,0,-75
1754121801.29546,2,-2,-71
1754121801.33446,0,-5,-60
1754121801.37046,-2,0,-64
1754121801.40846,-1,4,-66
1754121801.4474602,10,4,-62
1754121801.48546,4,-4,-62
1754121801.52146,9,-3,-65
1754121801.55846,-1,3,-72
1754121801.59646,-4,-1,-65
1754121801.63546,0,0,-62
1754121801.6714602,-4,-4,-54
1754121801.70946,-3,-1,-60
1754121801.74746,-2,-1,-57
1754121801.7864602,0,-3,-68
1754121801.82446,-2,0,-62
1754121801.86046,-5,-1,-62
1754121801.89846,0,2,-59
1754121801.93646,4,0,-64
1754121801.97546,-3,-4,-65
1754121802.01146,-2,-2,-63
1754121802.0494602,3,-2,-64
1754121802.08746,4,0,-66
1754121802.12646,-1,-6,-59
1754121802.1644602,0,-3,-68
1754121802.2004602,-2,-1,-72
1754121802.23946,-6,7,-66
1754121802.2764602,0,-3,-73
1754121802.3154602,-6,-2,-58
1754121802.35146,-2,-1,-59
1754121802.38946,-4,0,-59
1754121802.4274602,-11,-4,-79
1754121802.46646,-5,-6,-75
1754121802.50446,4,0,-72
1754121802.54046,0,-1,-71
1754121802.57846,0,-6,-62
1754121802.61746,2,1,-65
1754121802.65546,-2,0,-61
1754121802.69146,-14,-2,-58
1754121802.7304602,-7,7,-66
1754121802.76746,-3,2,-54
1754121802.80646,-3,2,-54
1754121802.8424602,0,2,-52
1754121802.87946,3,4,-68
1754121802.9174602,4,-5,-58
1754121802.95646,-1,-5,-63
1754121802.99246,0,-5,-68
1754121803.03046,1,3,-72
1754121803.06846,-3,-3,-64
1754121803.10646,-2,-4,-71
1754121803.14546,-9,-4,-72
1754121803.18146,-7,-5,-66
1754121803.21946,-3,-7,-64
1754121803.25846,0,-9,-65
1754121803.2964602,1,-4,-63
1754121803.3324602,-6,-4,-64
1754121803.37046,1,6,-63
1754121803.40946,0,2,-58
1754121803.44646,5,2,-61
1754121803.48546,0,0,-69
1754121803.52246,0,-7,-63
1754121803.5594602,2,-8,-71
1754121803.59746,2,-5,-65
1754121803.63646,-5,4,-69
1754121803.67246,-11,1,-61
1754121803.7104602,0,0,-63
1754121803.74846,-2,0,-59
1754121803.78746,2,-3,-70
1754121803.8254602,2,-6,-63
1754121803.8614602,13,-4,-65
1754121803.90046,1,-5,-63
1754121803.93846,2,-2,-77
1754121803.97646,-1,-1,-79
1754121804.0134602,1,-2,-70
1754121804.05046,-4,4,-63
1754121804.0884602,-3,-3,-65
1754121804.12746,-5,-4,-54
1754121804.16546,0,2,-67
1754121804.20146,10,0,-62
1754121804.23846,0,-6,-64
1754121804.27746,5,-2,-56
1754121804.3154602,2,2,-70
1754121804.35146,-2,-1,-71
1754121804.38946,-7,6,-63
1754121804.4274602,0,0,-70
1754121804.46646,1,1,-68
1754121804.50246,4,-5,-66
1754121804.54046,3,-5,-71
1754121804.57946,3,-2,-61
1754121804.61746,0,-6,-49
1754121804.65546,4,-5,-61
1754121804.69146,-1,-3,-74
1754121804.72946,-1,0,-67
1754121804.76746,-2,-9,-72
1754121804.80646,-2,-8,-71
1754121804.8424602,0,-3,-56
1754121804.87946,-7,0,-59
1754121804.9174602,-2,1,-66
1754121804.95646,-3,5,-67
1754121804.99246,-4,1,-60
1754121805.03046,-1,0,-66
1754121805.06846,-3,3,-61
1754121805.10746,-3,5,-65
1754121805.14346,1,2,-57
1754121805.18146,1,4,-57
1754121805.21946,-2,-1,-59
1754121805.25846,-1,0,-57
1754121805.2964602,0,2,-73
1754121805.3324602,5,2,-66
1754121805.36946,2,-1,-70
1754121805.40846,3,2,-62
1754121805.44646,-5,3,-55
1754121805.48246,-9,0,-65
1754121805.52146,-1,4,-67
1754121805.55846,2,4,-63
1754121805.59746,-7,-9,-72
1754121805.63346,-1,-1,-70
1754121805.6714602,-1,-4,-74
1754121805.70946,-1,-3,-65
1754121805.74746,-1,-2,-77
1754121805.7864602,-2,6,-66
1754121805.8224602,-2,-1,-64
1754121805.86046,1,3,-64
1754121805.89846,-4,-1,-59
1754121805.9374602,1,-5,-51
1754121805.9734602,2,-1,-60
1754121806.01146,0,0,-60
1754121806.0494602,-8,-4,-72
1754121806.0884602,-1,6,-68
1754121806.12646,0,-1,-68
1754121806.16246,9,-5,-66
1754121806.2004602,5,-7,-74
1754121806.23846,1,-8,-66
1754121806.27746,-8,-4,-65
1754121806.31346,-11,-7,-63
1754121806.35146,0,-2,-63
1754121806.38946,-5,-1,-68
1754121806.42846,2,-4,-65
1754121806.46646,0,0,-64
1754121806.50246,0,-4,-52
1754121806.54146,0,-1,-60
1754121806.57846,-3,0,-66
1754121806.61746,6,-1,-54
1754121806.6544602,0,-1,-60
1754121806.69146,0,2,-65
1754121806.72946,-5,1,-70
1754121806.76846,0,-1,-68
1754121806.80646,2,-1,-60
1754121806.8424602,-2,-6,-63
1754121806.88046,0,4,-62
1754121806.91846,1,3,-55
1754121806.9574602,-7,-1,-55
1754121806.9934602,-13,6,-59
1754121807.03146,-1,-1,-59
1754121807.07046,-1,-5,-60
1754121807.1084602,0,-1,-57
1754121807.14646,5,0,-62
1754121807.18246,-1,-3,-72
1754121807.2204602,5,-4,-69
1754121807.25846,-1,-4,-62
1754121807.29746,-1,0,-65
1754121807.33346,3,1,-67
1754121807.37046,-6,-3,-58
1754121807.40846,-6,-2,-59
1754121807.4474602,-2,3,-76
1754121807.4834602,-6,0,-71
1754121807.52046,-10,-2,-73
1754121807.55846,0,0,-69
1754121807.59746,-1,-4,-64
1754121807.63346,-3,-3,-66
1754121807.6714602,2,-6,-61
1754121807.70946,-5,-10,-67
1754121807.74846,1,-5,-74
1754121807.78446,-1,-6,-73
1754121807.8224602,-5,-3,-73
1754121807.8614602,-1,1,-62
1754121807.89846,4,2,-61
1754121807.9374602,3,0,-63
1754121807.9734602,2,-3,-65
1754121808.01146,1,1,-62
1754121808.0494602,-4,4,-56
1754121808.0884602,0,-2,-63
1754121808.12446,4,-6,-67
1754121808.16246,0,-1,-73
1754121808.2004602,-1,3,-68
1754121808.23946,5,-2,-68
1754121808.27746,1,1,-69
1754121808.31346,1,6,-58
1754121808.35046,0,4,-58
1754121808.38946,0,-2,-69
1754121808.4274602,3,1,-62
1754121808.4634602,0,2,-67
1754121808.50046,7,0,-69
1754121808.5394602,1,2,-65
1754121808.57746,5,0,-54
1754121808.61346,-1,-6,-59
1754121808.6514602,-1,-8,-61
1754121808.68946,0,-5,-64
1754121808.72846,-6,-6,-56
1754121808.76446,-9,2,-54
1754121808.80346,-5,-1,-58
1754121808.84046,0,-7,-56
1754121808.87946,8,-2,-54
1754121808.9174602,4,0,-54
1754121808.95346,-8,-1,-55
1754121808.99146,1,-1,-59
1754121809.0294602,-4,-3,-51
1754121809.06846,0,0,-59
1754121809.10446,-4,0,-58
1754121809.14246,2,0,-66
1754121809.18846,-5,2,-58
1754121809.22446,2,-1,-58
1754121809.26246,-2,5,-63
1754121809.30146,-4,0,-70
1754121809.33946,1,5,-63
1754121809.37746,4,-2,-61
1754121809.41346,-8,3,-59
1754121809.45146,0,-1,-65
1754121809.48946,-1,-1,-72
1754121809.52846,1,-4,-73
1754121809.56446,4,-2,-79
1754121809.60246,-4,6,-72
1754121809.64046,1,0,-71
1754121809.67946,1,-11,-64
1754121809.71546,-1,-5,-57
1754121809.7534602,-3,7,-63
1754121809.79146,-2,3,-74
1754121809.82946,-1,0,-73
1754121809.8684602,-2,-3,-69
1754121809.9044602,2,1,-69
1754121809.94246,-5,3,-66
1754121809.9804602,-4,0,-57
1754121810.0194602,-2,1,-52
1754121810.05546,-3,1,-62
1754121810.09346,-4,-3,-61
1754121810.13046,0,-4,-60
1754121810.16946,2,0,-51
1754121810.20546,5,-2,-62
1754121810.2434602,-6,0,-61
1754121810.28046,-1,1,-68
1754121810.3194602,-3,0,-59
1754121810.3554602,-1,-1,-56
1754121810.39346,6,-8,-52
1754121810.43146,6,0,-65
1754121810.46946,3,4,-64
1754121810.50846,-1,-2,-66
1754121810.54446,6,-3,-63
1754121810.5824602,-4,-4,-67
1754121810.62046,-2,2,-65
1754121810.65946,6,0,-63
1754121810.69546,6,5,-57
1754121810.73246,5,0,-57
1754121810.77046,5,4,-66
1754121810.8094602,5,-3,-60
1754121810.8454602,2,-2,-65
1754121810.88346,3,1,-65
1754121810.92246,7,4,-64
1754121810.9604602,1,0,-60
1754121810.99846,10,-5,-62
1754121811.03446,13,-3,-62
1754121811.0724602,0,1,-58
1754121811.11046,4,0,-59
1754121811.14946,3,4,-69
1754121811.18546,6,3,-63
1754121811.22246,7,-1,-62
1754121811.26046,6,-4,-69
1754121811.2994602,-1,4,-72
1754121811.3354602,0,3,-58
1754121811.37246,-5,0,-56
1754121811.41046,-2,-3,-62
1754121811.44946,-3,-7,-62
1754121811.48546,4,2,-66
1754121811.52246,1,-1,-59
1754121811.56046,-2,4,-54
1754121811.59946,-1,-4,-57
1754121811.63546,4,-1,-48
1754121811.67346,2,2,-69
1754121811.71146,-2,-6,-80
1754121811.75046,0,0,-71
1754121811.78846,-3,1,-57
1754121811.82446,-2,-4,-58
1754121811.86346,0,-5,-50
1754121811.90046,-2,1,-59
1754121811.93946,-2,-1,-59
1754121811.97646,3,1,-67
1754121812.0134602,-1,5,-72
1754121812.05146,-4,3,-67
1754121812.09046,0,1,-70
1754121812.12646,-9,4,-67
1754121812.1644602,-5,-7,-75
1754121812.20246,-4,3,-60
1754121812.2404602,-2,6,-66
1754121812.2794602,-4,3,-57
1754121812.3154602,-5,2,-61
1754121812.35346,6,-1,-63
1754121812.3914602,5,-1,-71
1754121812.43046,0,-2,-63
1754121812.46646,1,0,-78
1754121812.5034602,-7,1,-69
1754121812.5424602,0,0,-67
1754121812.58046,0,-9,-65
1754121812.61646,-9,-6,-68
1754121812.6544602,-12,0,-66
1754121812.69246,-2,1,-66
1754121812.7304602,1,3,-74
1754121812.7694602,0,-1,-74
1754121812.80546,2,-4,-73
1754121812.84346,4,2,-71
1754121812.8814602,1,-4,-58
1754121812.92046,5,0,-59
1754121812.95646,0,4,-57
1754121812.9934602,4,4,-68
1754121813.03146,0,2,-77
1754121813.07046,-7,0,-67
1754121813.10646,-8,0,-75
1754121813.1444602,-2,1,-65
1754121813.18246,-6,-6,-64
1754121813.22146,-4,-4,-68
1754121813.2594602,-1,1,-74
1754121813.29546,-4,-2,-73
1754121813.33446,-2,-1,-75
1754121813.3714602,4,0,-74
1754121813.41046,-3,0,-64
1754121813.44646,-4,-6,-60
1754121813.48446,3,0,-61
1754121813.52246,1,-3,-65
1754121813.56146,1,-3,-49
1754121813.59946,4,0,-63
1754121813.63546,0,-3,-54
1754121813.67346,-1,-8,-63
1754121813.71146,1,-3,-80
1754121813.75046,-1,0,-74
1754121813.7864602,-3,7,-71
1754121813.8254602,-5,6,-66
1754121813.86246,6,4,-61
1754121813.9014602,-2,5,-66
1754121813.93946,-5,3,-55
1754121813.97546,3,5,-57
1754121814.01246,-6,2,-65
1754121814.05146,-6,3,-73
1754121814.08946,-2,7,-63
1754121814.12546,-3,4,-64
1754121814.16246,-4,-5,-69
1754121814.20146,-5,3,-69
1754121814.23746,3,-2,-58
1754121814.27546,-5,-4,-53
1754121814.31346,-2,-1,-65
1754121814.35146,3,-6,-58
1754121814.39046,-1,-6,-64
1754121814.42646,4,-7,-66
1754121814.46446,-2,-4,-65
1754121814.50246,0,0,-60
1754121814.54146,2,-1,-67
1754121814.57746,-4,0,-68
1754121814.61446,-7,-5,-45
1754121814.65246,-2,-5,-50
1754121814.69146,0,-2,-59
1754121814.72746,1,-2,-55
1754121814.76546,0,4,-64
1754121814.80346,2,2,-56
1754121814.84146,4,-2,-68
1754121814.88046,-3,0,-66
1754121814.91646,0,0,-61
1754121814.95346,-3,0,-57
1754121814.99146,-5,2,-66
1754121815.03046,3,6,-64
1754121815.06646,5,-2,-73
1754121815.10446,7,0,-58
1754121815.14246,-2,2,-63
1754121815.18146,-2,0,-67
1754121815.2174602,-5,-4,-61
1754121815.2564602,6,-7,-68
1754121815.29346,6,-1,-57
1754121815.3324602,3,9,-49
1754121815.37046,6,4,-60
1754121815.40646,7,2,-65
1754121815.4444602,-1,-5,-68
1754121815.48246,-1,-1,-57
1754121815.52046,0,-1,-53
1754121815.55746,-2,-5,-57
1754121815.59446,0,-2,-70
1754121815.63246,-5,-7,-60
1754121815.6714602,-3,-6,-61
1754121815.7074602,-4,0,-66
1754121815.74446,6,-3,-66
1754121815.7824602,-1,-1,-65
1754121815.82146,-7,-3,-57
1754121815.85746,-3,2,-65
1754121815.8944602,-3,6,-65
1754121815.93246,2,0,-57
1754121815.97146,4,-1,-54
1754121816.00746,4,4,-53
1754121816.04446,-4,5,-55
1754121816.0824602,-8,-1,-63
1754121816.1214602,-3,0,-52
1754121816.1574602,-8,-7,-58
1754121816.19546,-1,0,-66
1754121816.2334602,3,0,-42
1754121816.27246,-3,0,-50
1754121816.31046,-2,0,-59
1754121816.34646,-4,2,-59
1754121816.3844602,0,1,-53
1754121816.42346,-2,0,-62
1754121816.46146,-3,-3,-62
1754121816.49746,3,-7,-61
1754121816.5364602,3,-1,-57
1754121816.57346,5,-1,-64
1754121816.61246,11,-5,-61
1754121816.64846,5,1,-57
1754121816.68646,13,-2,-64
1754121816.72446,5,4,-54
1754121816.76246,2,7,-58
1754121816.80146,3,-1,-75
1754121816.83746,4,-1,-63
1754121816.87546,5,-1,-68
1754121816.91346,-2,-1,-69
1754121816.95246,-3,1,-68
1754121816.98846,-1,4,-62
1754121817.02546,1,-2,-64
1754121817.06346,-1,-1,-61
1754121817.10246,0,-1,-63
1754121817.13946,6,1,-63
1754121817.17646,3,-1,-54
1754121817.21446,-1,0,-59
1754121817.25246,-4,-6,-67
1754121817.29146,0,-1,-65
1754121817.32746,-5,6,-57
1754121817.3654602,-4,5,-58
1754121817.40346,-1,3,-59
1754121817.44246,1,-6,-63
1754121817.47846,2,0,-72
1754121817.51546,4,4,-63
1754121817.55346,9,0,-72
1754121817.5924602,10,3,-66
1754121817.6284602,6,5,-60
1754121817.66546,-1,1,-52
1754121817.70346,-4,2,-62
1754121817.74246,0,4,-64
1754121817.77846,-2,-5,-64
1754121817.81646,6,-1,-64
1754121817.85446,2,-4,-58
1754121817.89346,7,-5,-63
1754121817.93146,9,0,-56
1754121817.9674602,7,-5,-59
1754121818.00446,-3,-2,-66
1754121818.04346,-3,-6,-62
1754121818.08146,2,-3,-76
1754121818.11746,-9,-5,-67
1754121818.15546,0,1,-68
1754121818.19346,2,1,-65
1754121818.23246,-1,0,-68
1754121818.26846,-2,2,-73
1754121818.30646,1,3,-60
1754121818.34446,1,5,-49
1754121818.38346,-8,3,-60
1754121818.4214602,0,-2,-57
1754121818.4574602,4,-2,-64
1754121818.49546,3,-7,-64
1754121818.53346,4,-5,-58
1754121818.5724602,3,-7,-72
1754121818.6084602,2,-2,-65
1754121818.64646,0,0,-76
1754121818.6844602,-2,-1,-59
1754121818.7234602,2,-4,-61
1754121818.7594602,-3,-6,-67
1754121818.79746,-6,-4,-65
1754121818.8354602,5,-4,-59
1754121818.87346,3,5,-61
1754121818.91246,5,3,-67
1754121818.94846,2,1,-75
1754121818.98546,0,2,-63
1754121819.02346,0,6,-79
1754121819.0624602,-5,0,-72
1754121819.0984602,-1,0,-62
1754121819.13546,-6,-1,-56
1754121819.17346,-5,-3,-51
1754121819.2174602,-1,0,-61
1754121819.25546,0,-7,-76
1754121819.29446,-4,-8,-71
1754121819.3324602,-7,-1,-69
1754121819.3684602,1,-2,-63
1754121819.40646,-2,0,-53
1754121819.4444602,-1,1,-50
1754121819.4834602,3,-4,-55
1754121819.5194602,3,0,-61
1754121819.55746,5,-4,-61
1754121819.5954602,4,-1,-60
1754121819.6344602,8,0,-62
1754121819.67246,4,-1,-67
1754121819.70846,-3,-3,-57
1754121819.74746,0,0,-64
1754121819.78446,1,1,-65
1754121819.82346,3,1,-65
1754121819.85946,0,0,-60
1754121819.89746,-1,1,-71
1754121819.9344602,0,0,-66
1754121819.9734602,-3,3,-65
1754121820.0094602,0,0,-74
1754121820.04746,1,0,-68
1754121820.08446,-3,-1,-60
1754121820.12346,0,-8,-55
1754121820.15946,-5,0,-58
1754121820.1974602,-5,0,-71
1754121820.23446,-4,-2,-67
1754121820.27346,2,0,-80
1754121820.3094602,6,0,-72
1754121820.34746,2,-7,-67
1754121820.3844602,0,0,-71
1754121820.42346,14,-2,-77
1754121820.45946,0,2,-59
1754121820.4964602,-7,2,-70
1754121820.53446,-1,5,-73
1754121820.57346,-10,-2,-68
1754121820.60946,-4,-5,-70
1754121820.64746,-2,0,-63
1754121820.68546,1,0,-69
1754121820.72446,0,2,-62
1754121820.76246,-2,1,-59
1754121820.7994602,-1,1,-50
1754121820.83646,-1,-1,-55
1754121820.87446,-3,-5,-67
1754121820.91346,5,4,-67
1754121820.94946,6,0,-65
1754121820.9864602,3,0,-73
1754121821.02446,1,5,-60
1754121821.06346,1,0,-72
1754121821.09946,3,4,-58
1754121821.13646,-4,3,-70
1754121821.1744602,4,4,-71
1754121821.2134602,0,3,-68
1754121821.24946,0,0,-65
1754121821.28746,2,-3,-48
1754121821.32446,-9,1,-52
1754121821.36346,4,0,-61
1754121821.39946,-2,0,-69
1754121821.4374602,-2,0,-61
1754121821.47546,-2,1,-69
1754121821.51446,-1,2,-59
1754121821.55046,-2,-2,-54
1754121821.5884602,4,0,-59
1754121821.62646,-4,1,-62
1754121821.6644602,-7,-2,-64
1754121821.70346,-3,5,-75
1754121821.73946,0,0,-66
1754121821.77746,-3,-3,-70
1754121821.81646,-7,0,-49
1754121821.85446,5,-1,-58
1754121821.89046,7,-1,-68
1754121821.92946,5,7,-81
1754121821.96646,2,1,-66
1754121822.00446,1,1,-59
1754121822.04346,2,-5,-66
1754121822.07946,-1,-2,-62
1754121822.11746,-5,1,-70
1754121822.15546,-1,0,-64
1754121822.1944602,-6,2,-72
1754121822.2304602,1,0,-59
1754121822.26746,7,-2,-67
1754121822.30546,7,-2,-68
1754121822.34446,0,-5,-77
1754121822.38046,0,-3,-67
1754121822.41846,-4,-2,-59
1754121822.45646,-2,-4,-65
1754121822.49546,0,-5,-73
1754121822.53346,0,-3,-69
1754121822.5694602,6,-6,-60
1754121822.60746,6,-3,-57
1754121822.64546,7,1,-61
1754121822.6844602,8,-1,-68
1754121822.7204602,-1,4,-74
1754121822.75846,1,0,-63
1754121822.7964602,6,0,-66
1754121822.8354602,6,4,-66
1754121822.87346,3,3,-66
1754121822.90946,-3,-3,-73
1754121822.9474602,-2,1,-60
1754121822.9864602,3,2,-61
1754121823.02446,0,-11,-64
1754121823.06046,4,-9,-55
1754121823.09946,0,-7,-63
1754121823.13646,-2,0,-63
1754121823.17546,-2,-4,-65
1754121823.2134602,-1,-4,-62
1754121823.24946,-8,-5,-70
1754121823.28746,-3,-6,-66
1754121823.3254602,9,-8,-74
1754121823.36446,4,-2,-68
1754121823.40046,0,-7,-60
1754121823.43846,1,-1,-59
1754121823.47646,2,-3,-67
1754121823.51546,3,-5,-58
1754121823.55146,5,-5,-55
1754121823.5884602,4,1,-61
1754121823.62646,5,0,-55
1754121823.66546,0,6,-59
1754121823.70146,-7,0,-66
1754121823.73846,-12,-2,-69
1754121823.7764602,-3,2,-65
1754121823.8154602,-10,6,-60
1754121823.85146,-3,3,-63
1754121823.88946,-3,2,-68
1754121823.92846,-2,7,-51
1754121823.96546,-6,4,-72
1754121824.00446,-3,-9,-63
1754121824.04046,0,-10,-69
1754121824.07846,-2,0,-66
1754121824.11646,-4,0,-65
1754121824.15546,1,6,-66
1754121824.19146,8,-2,-76
1754121824.22946,0,0,-65
1754121824.26746,-3,2,-62
1754121824.30546,-3,4,-69
1754121824.34446,-4,2,-59
1754121824.38046,0,2,-63
1754121824.4174602,-2,-2,-66
1754121824.45646,0,-4,-64
1754121824.49446,2,-3,-74
1754121824.53046,2,0,-73
1754121824.56746,0,-5,-64
1754121824.60646,-2,-8,-66
1754121824.6444602,3,-10,-66
1754121824.68046,-2,4,-69
1754121824.7174602,-2,-4,-55
1754121824.7564602,-2,-3,-58
1754121824.79446,-7,-3,-63
1754121824.83046,4,-1,-60
1754121824.86746,1,-5,-60
1754121824.90646,1,-1,-62
1754121824.9444602,-2,2,-71
1754121824.9804602,-2,0,-74
1754121825.01746,-6,-4,-61
1754121825.05646,0,-9,-59
1754121825.09446,-5,-2,-58
1754121825.13046,2,1,-63
1754121825.1674602,-1,-3,-73
1754121825.20646,-1,-2,-62
1754121825.24446,-7,1,-65
1754121825.28046,-6,7,-64
1754121825.31746,6,-1,-59
1754121825.35646,-4,-2,-61
1754121825.3944602,1,-7,-66
1754121825.43046,-6,-5,-75
1754121825.46846,-9,1,-67
1754121825.5064602,0,-7,-70
1754121825.54546,-8,-5,-70
1754121825.58146,-1,-7,-63
1754121825.61946,-5,4,-68
1754121825.6574602,-3,-3,-66
1754121825.69646,0,0,-69
1754121825.73246,-2,0,-66
1754121825.77046,0,-1,-61
1754121825.80846,-8,-4,-71
1754121825.84746,-4,0,-65
1754121825.88546,-11,-2,-67
1754121825.9214602,-5,-4,-69
1754121825.9604602,8,1,-66
1754121825.99746,-4,0,-62
1754121826.0364602,-6,1,-57
1754121826.0724602,-5,0,-55
1754121826.11046,0,1,-69
1754121826.14846,-1,-2,-68
1754121826.18646,1,-9,-61
1754121826.22546,-7,-10,-52
1754121826.26146,-2,-3,-64
1754121826.2994602,5,-7,-74
1754121826.33746,0,-1,-71
1754121826.37646,0,-6,-67
1754121826.41246,1,1,-62
1754121826.45146,1,3,-58
1754121826.48846,4,0,-69
1754121826.5264602,-4,-1,-62
1754121826.5654602,0,0,-68
1754121826.60146,0,3,-73
1754121826.6384602,2,-2,-68
1754121826.6774602,-1,5,-63
1754121826.71546,0,6,-70
1754121826.75146,2,-2,-59
1754121826.7894602,-2,-4,-55
1754121826.82746,3,1,-48
1754121826.86646,0,1,-53
1754121826.90346,-8,0,-66
1754121826.9404602,-4,-1,-63
1754121826.97846,0,2,-66
1754121827.01746,-1,-3,-60
1754121827.05546,7,-5,-59
1754121827.09146,0,-10,-62
1754121827.13046,-4,-5,-66
1754121827.1674602,-2,1,-71
1754121827.20646,3,-2,-55
1754121827.2434602,0,-6,-61
1754121827.28046,1,1,-64
1754121827.31846,2,0,-53
1754121827.35746,0,3,-53
1754121827.39546,2,5,-58
1754121827.43146,3,-1,-68
1754121827.46946,-1,-1,-58
1754121827.50846,-5,-1,-62
1754121827.5464602,-6,5,-56
1754121827.5824602,-8,3,-57
1754121827.62046,-6,-1,-51
1754121827.65846,-9,1,-58
1754121827.6974602,-7,-5,-60
1754121827.73546,7,-5,-67
1754121827.77146,4,2,-59
1754121827.8094602,2,0,-56
1754121827.84746,-3,1,-58
1754121827.88646,-4,0,-61
1754121827.92246,-6,0,-62
1754121827.95946,-9,-2,-72
1754121827.99746,-2,2,-66
1754121828.0364602,3,0,-68
1754121828.0724602,3,0,-68
1754121828.10946,4,3,-68
1754121828.14746,3,2,-68
1754121828.18646,4,-2,-57
1754121828.22246,9,-7,-68
1754121828.2594602,2,-4,-67
1754121828.29746,-4,1,-64
1754121828.33646,0,-6,-59
1754121828.37246,2,-6,-64
1754121828.40946,-6,-3,-63
1754121828.4474602,0,0,-71
1754121828.4864602,6,1,-67
1754121828.52246,-3,-1,-72
1754121828.56046,-4,-7,-61
1754121828.5984602,-2,2,-61
1754121828.63746,-2,-3,-64
1754121828.67346,0,0,-64
1754121828.71146,-1,1,-58
1754121828.74946,-1,0,-55
1754121828.78746,-1,-1,-68
1754121828.82646,-6,0,-68
1754121828.86246,-7,-5,-67
1754121828.90046,-3,0,-63
1754121828.93846,0,3,-60
1754121828.97746,-2,0,-65
1754121829.0134602,4,-7,-67
1754121829.05146,0,1,-67
1754121829.08946,7,-3,-77
1754121829.1284602,4,0,-75
1754121829.16646,8,0,-68
1754121829.20246,4,0,-75
1754121829.24846,-1,0,-63
1754121829.2864602,-5,3,-81
1754121829.3224602,-1,2,-68
1754121829.36046,-1,2,-67
1754121829.39946,-7,-5,-58
1754121829.4374602,2,-2,-67
1754121829.4734602,3,0,-64
1754121829.51046,2,2,-62
1754121829.54846,-5,-3,-73
1754121829.58746,1,2,-67
1754121829.62346,-4,1,-59
1754121829.66246,0,1,-62
1754121829.69946,-2,-3,-52
1754121829.73846,1,-1,-63
1754121829.7764602,-1,2,-66
1754121829.8124602,-6,0,-69
1754121829.84946,-10,-1,-72
1754121829.8884602,-2,-8,-74
1754121829.92646,0,-2,-62
1754121829.96246,-4,-2,-68
1754121830.00046,-6,6,-60
1754121830.03846,-3,3,-75
1754121830.07746,-10,0,-73
1754121830.11346,1,1,-74
1754121830.1514602,-1,-1,-68
1754121830.18946,0,-3,-67
1754121830.22846,3,-5,-63
1754121830.26446,2,-3,-67
1754121830.3024602,-4,7,-59
1754121830.34146,-2,-5,-71
1754121830.3784602,-3,1,-66
1754121830.4174602,-4,-2,-77
1754121830.45346,0,-5,-63
1754121830.49146,0,-6,-59
1754121830.5294602,1,-1,-54
1754121830.56846,-4,-1,-65
1754121830.60446,-6,0,-66
1754121830.64246,-2,1,-58
1754121830.68046,-5,-2,-58
1754121830.71946,-6,4,-59
1754121830.75746,0,0,-62
1754121830.79346,2,0,-66
1754121830.83146,0,4,-63
1754121830.86946,-2,-4,-73
1754121830.90846,-1,0,-68
1754121830.9444602,0,0,-66
1754121830.98146,-1,0,-73
1754121831.0194602,5,-2,-69
1754121831.05846,9,-1,-64
1754121831.09446,-1,5,-74
1754121831.13246,-11,-1,-60
1754121831.16946,-7,-2,-62
1754121831.20846,-2,0,-66
1754121831.24446,-9,-8,-74
1754121831.2824602,3,-5,-69
1754121831.32046,-4,0,-63
1754121831.35946,-8,3,-64
1754121831.39746,3,3,-60
1754121831.43346,-2,-3,-64
1754121831.47146,-6,3,-60
1754121831.5094602,-3,2,-58
1754121831.54846,-3,-4,-58
1754121831.58446,-5,-3,-68
1754121831.62246,-2,0,-62
1754121831.6614602,8,-4,-51
1754121831.69946,-4,-6,-67
1754121831.73746,-5,0,-67
1754121831.77446,-7,1,-73
1754121831.81146,5,0,-77
1754121831.84946,0,0,-76
1754121831.8884602,1,-1,-70
1754121831.9244602,-1,-1,-63
1754121831.96246,3,1,-64
1754121832.00046,0,-10,-68
1754121832.0394602,0,-7,-60
1754121832.07746,3,-5,-65
1754121832.11346,3,-3,-62
1754121832.1514602,4,-2,-57
1754121832.1904602,-4,-2,-55
1754121832.22846,-5,-3,-64
1754121832.26446,-4,-1,-63
1754121832.3024602,-3,-2,-75
1754121832.34046,0,-7,-71
1754121832.37946,-3,0,-60
1754121832.4174602,0,-2,-71
1754121832.45346,0,-2,-71
1754121832.49146,2,0,-68
1754121832.5294602,8,0,-59
1754121832.56846,8,1,-65
1754121832.60446,10,1,-81
1754121832.64246,5,5,-67
1754121832.68146,5,7,-68
1754121832.71946,-5,1,-65
1754121832.75546,0,4,-78
1754121832.7924602,-1,1,-71
1754121832.83046,-4,11,-74
1754121832.86946,-6,-2,-61
1754121832.90546,-9,-2,-62
1754121832.94346,0,-5,-55
1754121832.98146,-5,-4,-73
1754121833.0194602,-3,-7,-64
1754121833.05846,1,-9,-69
1754121833.09446,-3,-12,-65
1754121833.13246,0,-5,-72
1754121833.17046,5,0,-73
1754121833.20946,8,-1,-67
1754121833.24546,3,-5,-68
1754121833.28346,-4,-1,-69
1754121833.32146,-1,0,-81
1754121833.36046,-9,-3,-62
1754121833.39846,-2,0,-63
1754121833.4344602,0,-2,-59
1754121833.47146,-5,-2,-75
1754121833.51046,0,-1,-64
1754121833.54846,1,0,-69
1754121833.58446,-4,0,-77
1754121833.6214602,1,-7,-60
1754121833.66046,5,-3,-58
1754121833.69846,3,-10,-71
1754121833.73446,-2,-3,-68
1754121833.77346,4,-3,-67
1754121833.81046,7,-5,-66
1754121833.84946,0,-7,-69
1754121833.88546,0,-2,-65
1754121833.92346,6,0,-67
1754121833.9604602,2,3,-63
1754121833.99946,3,-2,-58
1754121834.03546,0,3,-54
1754121834.0724602,-2,5,-57
1754121834.11046,2,-6,-47
1754121834.14946,-1,-4,-56
1754121834.18546,-2,-2,-57
1754121834.2234602,6,0,-63
1754121834.26146,0,-1,-71
1754121834.30046,1,1,-67
1754121834.3384602,1,6,-70
1754121834.37446,0,12,-77
1754121834.41246,-1,7,-64
1754121834.4504602,-6,0,-69
1754121834.48946,2,-1,-65
1754121834.52546,-2,-1,-62
1754121834.56346,-1,0,-61
1754121834.60146,-4,-2,-67
1754121834.64046,-3,-3,-70
1754121834.67846,-4,0,-71
1754121834.71446,0,4,-66
1754121834.75146,0,-2,-65
1754121834.79046,-10,-5,-66
1754121834.82646,-4,-7,-58
1754121834.86446,-2,-6,-69
1754121834.90246,0,-4,-60
1754121834.9404602,5,-5,-62
1754121834.97946,0,1,-69
1754121835.01546,8,-1,-63
1754121835.05446,-2,-2,-59
1754121835.09146,-5,-5,-58
1754121835.13046,-8,-7,-64
1754121835.16646,-1,-3,-59
1754121835.20546,0,4,-54
1754121835.24246,2,-2,-65
1754121835.28046,6,-3,-64
1754121835.3194602,1,-4,-68
1754121835.3554602,5,-3,-74
1754121835.39346,2,-3,-63
1754121835.43146,3,-3,-60
1754121835.4704602,4,-1,-62
1754121835.5064602,0,7,-74
1754121835.54346,2,1,-75
1754121835.58146,-1,10,-66
1754121835.62046,9,0,-64
1754121835.65646,2,0,-66
1754121835.69346,0,-4,-69
1754121835.73146,2,-1,-69
1754121835.77046,-2,-1,-71
1754121835.80646,0,3,-69
1754121835.84346,3,-4,-69
1754121835.8814602,1,-1,-63
1754121835.92046,-1,0,-71
1754121835.95646,-5,-3,-69
1754121835.99446,-4,1,-61
1754121836.0324602,0,-1,-61
1754121836.07146,-5,-3,-67
1754121836.10946,0,-1,-75
1754121836.14546,0,5,-73
1754121836.18246,-1,2,-73
1754121836.22146,-1,1,-65
1754121836.2594602,-5,9,-53
1754121836.29546,-1,4,-63
1754121836.33346,0,0,-70
1754121836.3714602,0,0,-70
1754121836.41046,-2,-1,-72
1754121836.44646,0,0,-73
1754121836.4834602,-1,-3,-65
1754121836.52146,3,-6,-69
1754121836.56046,3,-1,-65
1754121836.59646,4,0,-61
1754121836.63346,3,-5,-63
1754121836.6714602,-5,-2,-63
1754121836.7104602,-3,2,-71
1754121836.7464602,-2,5,-73
1754121836.78446,-2,3,-64
1754121836.8224602,-6,-1,-56
1754121836.8614602,-1,-2,-61
1754121836.89946,-4,-2,-66
1754121836.93546,-4,0,-75
1754121836.9734602,-11,-2,-56
1754121837.01246,-2,3,-62
1754121837.05046,8,-1,-59
1754121837.08646,-2,0,-59
1754121837.12546,-1,-6,-68
1754121837.16246,2,-3,-61
1754121837.20146,-3,1,-70
1754121837.23746,-7,0,-65
1754121837.27546,-4,-4,-67
1754121837.31346,1,-1,-66
1754121837.35146,-1,0,-57
1754121837.39046,-2,-4,-54
1754121837.4274602,0,-1,-68
1754121837.46546,2,-4,-85
1754121837.50246,-2,-6,-59
1754121837.54146,-5,0,-61
1754121837.57746,-3,-3,-71
1754121837.6154602,-3,1,-56
1754121837.6544602,0,3,-67
1754121837.69146,3,3,-67
1754121837.7304602,2,3,-58
1754121837.7664602,-2,-1,-56
1754121837.80446,-7,-5,-60
1754121837.8424602,1,0,-62
1754121837.8814602,-10,6,-64
1754121837.9174602,-7,4,-58
1754121837.95546,1,-2,-55
1754121837.9934602,1,6,-65
1754121838.03146,2,1,-73
1754121838.07046,-2,-2,-65
1754121838.10646,-1,2,-61
1754121838.14546,-5,4,-50
1754121838.18246,-7,-2,-53
1754121838.22146,-3,6,-58
1754121838.25746,-1,2,-66
1754121838.29546,-1,8,-58
1754121838.33346,1,7,-67
1754121838.37246,-3,-3,-66
1754121838.41046,0,-16,-56
1754121838.44646,4,-8,-47
1754121838.48446,0,-2,-62
1754121838.52246,1,3,-69
1754121838.56146,-2,5,-72
1754121838.59746,-3,-2,-72
1754121838.63546,0,0,-71
1754121838.6744602,3,1,-64
1754121838.71246,-2,-3,-58
1754121838.75046,-6,-7,-68
1754121838.78746,-4,-3,-64
1754121838.82446,-3,-5,-63
1754121838.86246,-1,-8,-49
1754121838.9014602,-8,2,-55
1754121838.9374602,-3,0,-49
1754121838.97446,-5,0,-66
1754121839.01246,1,0,-63
1754121839.05146,-4,-5,-62
1754121839.08746,-12,2,-55
1754121839.12546,-1,-1,-61
1754121839.16346,-1,0,-73
1754121839.20246,3,3,-72
1754121839.2404602,3,0,-70
1754121839.28546,1,-2,-62
1754121839.3224602,5,-1,-75
1754121839.3614602,0,0,-68
1754121839.39746,0,-9,-66
1754121839.43546,0,-2,-73
1754121839.4734602,1,-4,-62
1754121839.51246,2,0,-69
1754121839.54846,0,2,-69
1754121839.5854602,-2,-2,-56
1754121839.62446,-4,0,-59
1754121839.66246,-8,-2,-53
1754121839.69846,-4,3,-69
1754121839.73546,-3,0,-68
1754121839.77346,2,0,-62
1754121839.8124602,-1,-2,-71
1754121839.8484602,1,1,-70
1754121839.88546,3,0,-67
1754121839.92346,-2,1,-57
1754121839.96246,4,5,-61
1754121839.99846,-2,-4,-68
1754121840.0364602,0,-3,-69
1754121840.07446,1,-6,-67
1754121840.11246,-3,-5,-66
1754121840.1514602,1,2,-64
1754121840.1874602,0,0,-71
1754121840.22446,5,-3,-73
1754121840.26246,0,1,-69
1754121840.30146,7,1,-59
1754121840.33746,3,0,-66
1754121840.37546,-4,1,-60
1754121840.41346,0,-1,-55
1754121840.45246,5,-3,-64
1754121840.48846,-6,-1,-69
1754121840.52746,-3,-2,-63
1754121840.56446,-5,0,-68
1754121840.60346,2,-1,-60
1754121840.6414602,3,3,-70
1754121840.6774602,8,2,-71
1754121840.71446,-2,-3,-64
1754121840.7534602,-1,-3,-53
1754121840.79146,2,-5,-57
1754121840.82746,2,-9,-66
1754121840.86446,7,0,-68
1754121840.90346,-5,-1,-74
1754121840.94146,2,2,-58
1754121840.97746,-1,0,-65
1754121841.01546,-1,3,-74
1754121841.05346,2,5,-58
1754121841.0924602,0,0,-59
1754121841.1284602,-2,-5,-55
1754121841.16646,-4,4,-54
1754121841.20446,0,0,-54
1754121841.2434602,0,2,-57
1754121841.28146,-3,-3,-63
1754121841.31746,-7,-1,-69
1754121841.35646,-4,-6,-73
1754121841.39346,-6,1,-78
1754121841.43246,0,-4,-62
1754121841.46846,-5,2,-63
1754121841.5064602,-1,-1,-60
1754121841.54446,-1,-8,-63
1754121841.58346,2,-1,-69
1754121841.6214602,5,1,-72
1754121841.6574602,0,4,-56
1754121841.69546,1,-4,-66
1754121841.7334602,6,0,-69
1754121841.77246,0,-2,-69
1754121841.80846,-2,-6,-67
1754121841.84646,-4,-2,-58
1754121841.8844602,-2,0,-63
1754121841.92346,-3,-3,-70
1754121841.95946,-4,-4,-67
1754121841.99746,1,-4,-68
1754121842.03546,3,3,-69
1754121842.07346,3,3,-60
1754121842.11246,8,0,-55
1754121842.14846,11,-1,-59
1754121842.18646,0,2,-56
1754121842.22546,-3,0,-53
1754121842.2634602,-2,4,-61
1754121842.2994602,-4,3,-66
1754121842.33746,0,-2,-63
1754121842.37646,0,-4,-62
1754121842.41346,-2,3,-64
1754121842.45246,-2,6,-64
1754121842.48846,0,1,-51
1754121842.5264602,-3,-3,-58
1754121842.56346,-5,0,-59
1754121842.60246,0,-2,-63
1754121842.6384602,-4,0,-69
1754121842.67646,-1,-1,-67
1754121842.71446,-1,1,-65
1754121842.75246,-6,-4,-64
1754121842.78846,0,-1,-55
1754121842.82646,-4,-2,-54
1754121842.86446,0,-1,-55
1754121842.90346,2,2,-57
1754121842.93946,2,-2,-58
1754121842.97646,-1,2,-55
1754121843.01446,9,-1,-66
1754121843.05346,10,0,-70
1754121843.08946,9,0,-66
1754121843.12646,6,-5,-64
1754121843.1644602,-1,-5,-66
1754121843.20346,-6,-7,-64
1754121843.23946,-4,0,-57
1754121843.2764602,-5,-1,-60
1754121843.31446,-3,-3,-60
1754121843.35346,-6,0,-62
1754121843.38946,-1,-1,-66
1754121843.4274602,1,2,-66
1754121843.46546,-2,4,-73
1754121843.50446,0,0,-83
1754121843.5424602,-2,0,-60
1754121843.57846,3,-1,-63
1754121843.61746,1,3,-64
1754121843.65546,10,5,-66
1754121843.69346,4,-1,-60
1754121843.72946,5,-2,-60
1754121843.76846,0,0,-71
1754121843.80546,4,3,-70
1754121843.84446,0,0,-67
1754121843.88246,-5,-6,-70
1754121843.91946,5,-1,-64
1754121843.95646,3,5,-63
1754121843.99446,3,1,-63
1754121844.03346,3,-1,-75
1754121844.0694602,-3,-6,-68
1754121844.10746,-1,1,-68
1754121844.14546,-3,-1,-58
1754121844.1844602,0,-4,-65
1754121844.2204602,1,-2,-70
1754121844.25846,3,3,-70
1754121844.2964602,-9,10,-66
1754121844.33446,-12,12,-58
1754121844.37346,-4,0,-61
1754121844.40946,-3,-6,-58
1754121844.4474602,-5,-5,-62
1754121844.48546,3,-6,-57
1754121844.52446,-1,-4,-50
1754121844.56046,-4,3,-61
1754121844.5984602,-4,5,-64
1754121844.63646,-2,2,-73
1754121844.67546,7,-5,-67
1754121844.7134602,6,-8,-70
1754121844.74946,5,-2,-75
1754121844.78846,1,-7,-56
1754121844.8254602,-5,-5,-59
1754121844.86446,-1,-4,-60
1754121844.9014602,-2,0,-61
1754121844.93846,0,0,-59
1754121844.97646,0,3,-66
1754121845.01546,2,1,-65
1754121845.05346,-2,-6,-54
1754121845.08946,-9,0,-69
1754121845.12746,-1,-11,-76
1754121845.16546,2,-13,-64
1754121845.20446,-6,-4,-62
1754121845.2404602,-1,-4,-62
1754121845.27846,0,2,-62
1754121845.31746,2,-4,-54
1754121845.3554602,1,0,-56
1754121845.39346,2,-5,-59
1754121845.42946,6,-5,-66
1754121845.4674602,5,-2,-66
1754121845.50546,2,-3,-65
1754121845.54346,3,0,-71
1754121845.57946,-1,-4,-59
1754121845.61746,0,-4,-63
1754121845.65546,0,-3,-72
1754121845.6944602,-9,-8,-59
1754121845.7304602,-10,-2,-72
1754121845.76846,-4,-2,-67
1754121845.80646,2,-5,-74
1754121845.8454602,0,-3,-65
1754121845.88346,-3,0,-69
1754121845.91946,-4,-6,-57
1754121845.95846,-6,1,-60
1754121845.9964602,-6,3,-56
1754121846.03546,-3,1,-57
1754121846.07346,-2,0,-62
1754121846.10946,1,-2,-64
1754121846.14646,-2,-3,-65
1754121846.18546,-10,-1,-64
1754121846.2234602,-1,0,-57
1754121846.2594602,-1,0,-56
1754121846.29746,-4,-4,-47
1754121846.3354602,-6,1,-51
1754121846.37446,-6,0,-55
1754121846.41046,1,1,-61
1754121846.4474602,-3,-1,-60
1754121846.48546,2,-6,-61
1754121846.52446,-2,0,-67
1754121846.56046,0,-2,-64
1754121846.59746,-2,-2,-65
1754121846.63546,1,0,-61
1754121846.6744602,4,-4,-65
1754121846.7104602,2,3,-70
1754121846.74746,0,4,-71
1754121846.78546,5,-6,-63
1754121846.82446,0,-5,-59
1754121846.86046,-4,-1,-57
1754121846.89846,0,-1,-56
1754121846.9374602,-4,-2,-64
1754121846.97546,-2,5,-68
1754121847.01146,-4,1,-61
1754121847.04846,2,5,-69
1754121847.08746,3,7,-62
1754121847.12546,-1,0,-69
1754121847.1614602,-5,0,-59
1754121847.19846,3,3,-61
1754121847.23746,-2,-4,-65
1754121847.27546,-5,-1,-66
1754121847.31146,-6,0,-75
1754121847.35046,1,-4,-73
1754121847.38746,-7,-1,-62
1754121847.42646,1,-4,-56
1754121847.46446,3,-1,-51
1754121847.50046,-4,-2,-65
1754121847.53846,5,-3,-51
1754121847.57646,2,3,-56
1754121847.6154602,0,0,-57
1754121847.6514602,-6,1,-59
1754121847.68946,-2,-5,-60
1754121847.72746,3,0,-61
1754121847.7664602,6,-2,-72
1754121847.80446,7,1,-73
1754121847.84046,10,3,-69
1754121847.8784602,2,-2,-68
1754121847.91646,5,-2,-56
1754121847.95546,2,-1,-44
1754121847.99146,0,-5,-53
1754121848.0294602,0,-2,-48
1754121848.06746,-5,3,-57
1754121848.10646,3,3,-57
1754121848.1444602,-5,7,-68
1754121848.18046,-7,1,-67
1754121848.21846,-1,-2,-63
1754121848.2564602,-5,-2,-61
1754121848.29546,0,-1,-53
1754121848.33146,0,2,-61
1754121848.3684602,-2,2,-71
1754121848.4074602,0,0,-56
1754121848.44546,1,7,-54
1754121848.48146,-1,4,-58
1754121848.52046,0,3,-59
1754121848.55746,-4,5,-60
1754121848.59646,-1,5,-67
1754121848.63246,-4,4,-57
1754121848.67046,3,0,-71
1754121848.70846,3,-3,-64
1754121848.7464602,-1,-4,-57
1754121848.78546,-2,2,-52
1754121848.82146,4,-3,-57
1754121848.85946,4,0,-65
1754121848.89746,4,0,-65
1754121848.93646,1,4,-65
1754121848.97246,0,2,-62
1754121849.01046,-4,1,-64
1754121849.04746,1,2,-66
1754121849.08646,-3,3,-66
1754121849.12246,-3,-9,-60
1754121849.16046,-5,1,-59
1754121849.19946,1,2,-66
1754121849.2364602,4,-3,-62
1754121849.27546,-3,0,-60
1754121849.3194602,0,4,-59
1754121849.35746,0,0,-54
1754121849.39646,-6,-2,-63
1754121849.43246,-1,0,-72
1754121849.4704602,-3,-2,-64
1754121849.50846,2,0,-68
1754121849.54746,3,0,-70
1754121849.5854602,2,3,-72
1754121849.6214602,0,-1,-72
1754121849.65946,2,-6,-63
1754121849.6974602,1,-6,-51
1754121849.7364602,-3,-5,-58
1754121849.77246,-3,-1,-57
1754121849.81046,1,1,-53
1754121849.84946,-3,-9,-61
1754121849.88746,-1,2,-65
1754121849.92546,-1,1,-69
1754121849.96146,0,-3,-71
1754121849.99946,-3,3,-62
1754121850.03746,-4,0,-67
1754121850.0754602,0,-5,-61
1754121850.1114602,7,-1,-63
1754121850.14846,-2,-7,-60
1754121850.1874602,3,-9,-56
1754121850.22546,7,-7,-69
1754121850.26146,5,-9,-74
1754121850.2994602,2,5,-65
1754121850.33746,-3,2,-56
1754121850.37646,-2,0,-64
1754121850.41246,1,1,-61
1754121850.44946,0,0,-61
1754121850.48746,-2,0,-59
1754121850.5264602,-7,2,-59
1754121850.5624602,-1,7,-67
1754121850.60046,0,5,-57
1754121850.6384602,4,8,-69
1754121850.6774602,4,0,-58
1754121850.71546,-7,0,-64
1754121850.75146,-8,-5,-57
1754121850.7894602,1,1,-51
1754121850.82746,-3,-4,-65
1754121850.86646,3,4,-61
1754121850.90246,4,2,-62
1754121850.93946,0,3,-73
1754121850.97746,0,-4,-60
1754121851.0164602,-1,2,-71
1754121851.0524602,0,0,-67
1754121851.08946,-3,2,-60
1754121851.12746,-1,0,-68
1754121851.16646,2,1,-62
1754121851.20246,5,3,-58
1754121851.23946,1,3,-64
1754121851.27746,1,0,-61
1754121851.31646,-3,2,-68
1754121851.35246,3,0,-67
1754121851.38946,1,-5,-62
1754121851.4274602,2,-1,-65
1754121851.46646,1,-3,-67
1754121851.50246,-3,-1,-55
1754121851.54046,3,1,-68
1754121851.57846,1,-1,-72
1754121851.61746,-1,0,-67
1754121851.65346,5,-6,-71
1754121851.69146,5,-9,-68
1754121851.72946,9,2,-66
1754121851.76846,3,3,-62
1754121851.80646,3,-1,-60
1754121851.8424602,-2,-3,-64
1754121851.8814602,-5,3,-54
1754121851.91846,-5,0,-58
1754121851.9574602,-6,-6,-61
1754121851.9934602,0,-3,-61
1754121852.03046,-2,-5,-62
1754121852.06846,-2,-2,-56
1754121852.10746,0,0,-57
1754121852.14346,3,-1,-55
1754121852.18146,8,-5,-64
1754121852.21946,-9,1,-62
1754121852.25846,4,0,-69
1754121852.2964602,-3,6,-53
1754121852.3324602,-1,7,-49
1754121852.37046,-6,0,-56
1754121852.40946,-2,-1,-55
1754121852.4474602,0,-4,-53
1754121852.4834602,2,-4,-64
1754121852.52246,-1,1,-64
1754121852.5594602,1,1,-62
1754121852.5984602,0,0,-56
1754121852.63646,3,-4,-52
1754121852.67246,0,0,-65
1754121852.70946,-2,4,-60
1754121852.74846,0,-3,-51
1754121852.7864602,3,-2,-50
1754121852.8224602,4,0,-67
1754121852.85946,6,1,-64
1754121852.89846,-2,-4,-55
1754121852.93646,6,0,-55
1754121852.97246,8,3,-67
1754121853.0094602,-1,0,-59
1754121853.04846,4,0,-72
1754121853.08646,0,0,-63
1754121853.12246,4,-1,-61
1754121853.16046,-4,-4,-60
1754121853.19846,-1,0,-69
1754121853.23746,2,2,-65
1754121853.27346,-4,4,-66
1754121853.31146,-3,-2,-63
1754121853.34946,0,2,-61
1754121853.3884602,5,5,-72
1754121853.4244602,5,1,-58
1754121853.46146,5,-6,-56
1754121853.49946,0,-3,-61
1754121853.53846,-2,1,-56
1754121853.57446,0,-2,-55
1754121853.61246,4,3,-63
1754121853.6514602,1,7,-59
1754121853.68846,1,4,-73
1754121853.72746,0,-1,-64
1754121853.76446,-1,-1,-65
1754121853.80146,-2,0,-62
1754121853.83946,6,-5,-63
1754121853.8784602,3,0,-65
1754121853.9144602,3,-3,-71
1754121853.95246,-5,3,-60
1754121853.9904602,-2,2,-65
1754121854.0294602,-13,2,-66
1754121854.06746,-4,0,-56
1754121854.10346,-3,1,-66
1754121854.14246,-1,-4,-55
1754121854.17946,2,-4,-62
1754121854.21846,-1,-5,-66
1754121854.25546,3,-1,-58
1754121854.2924602,-3,-3,-57
1754121854.33046,0,3,-66
1754121854.36946,-2,0,-60
1754121854.4074602,-4,4,-62
1754121854.44346,-2,-4,-67
1754121854.48146,-2,-4,-59
1754121854.5194602,-7,0,-52
1754121854.55846,-4,-7,-67
1754121854.59446,2,-2,-71
1754121854.63246,3,0,-61
1754121854.67046,0,-7,-55
1754121854.70946,0,-3,-69
1754121854.74746,-9,4,-65
1754121854.78346,-5,-6,-58
1754121854.82146,-5,-8,-68
1754121854.85946,-9,-6,-65
1754121854.89846,-1,-6,-66
1754121854.9344602,4,5,-70
1754121854.97146,1,5,-68
1754121855.0094602,0,1,-70
1754121855.04846,-4,-1,-72
1754121855.08446,4,0,-69
1754121855.1214602,-8,4,-72
1754121855.15946,2,0,-54
1754121855.19846,8,-1,-64
1754121855.23446,-6,-1,-61
1754121855.27246,-3,-1,-68
1754121855.31046,-2,-1,-67
1754121855.34946,-2,-3,-81
1754121855.38746,-4,-3,-73
1754121855.42346,-3,-2,-58
1754121855.46146,-2,-5,-59
1754121855.49946,-4,4,-57
1754121855.53846,-3,0,-74
1754121855.57446,0,0,-62
1754121855.6114602,-4,-1,-63
1754121855.64946,1,5,-66
1754121855.68846,5,4,-70
1754121855.72446,-1,2,-56
1754121855.76246,1,0,-67
1754121855.80046,1,-1,-59
1754121855.83946,-3,1,-61
1754121855.87546,-2,0,-62
1754121855.91346,-3,-2,-59
1754121855.95146,1,0,-67
1754121855.98946,3,0,-58
1754121856.02846,-1,-3,-63
1754121856.06446,-3,-5,-74
1754121856.10346,2,-6,-66
1754121856.14046,2,1,-66
1754121856.17946,0,-3,-56
1754121856.21546,3,2,-75
1754121856.25446,0,-2,-72
1754121856.29146,6,-9,-74
1754121856.33046,-5,-6,-57
1754121856.3684602,-9,4,-69
1754121856.4044602,-2,0,-71
1754121856.44246,4,-6,-58
1754121856.4804602,4,-4,-70
1754121856.5194602,-3,0,-64
1754121856.55546,3,-2,-69
1754121856.59346,0,0,-70
1754121856.6314602,0,0,-65
1754121856.67046,0,6,-58
1754121856.70846,0,7,-63
1754121856.74446,8,1,-59
1754121856.7824602,-4,6,-66
1754121856.82146,1,-4,-68
1754121856.85946,11,0,-67
1754121856.89546,2,-2,-67
1754121856.93346,-9,-15,-75
1754121856.97146,-3,-8,-66
1754121857.01046,3,-6,-74
1754121857.04846,0,-5,-60
1754121857.08446,-7,3,-65
1754121857.12246,-2,6,-66
1754121857.16046,9,3,-51
1754121857.19946,9,3,-57
1754121857.23546,-2,0,-56
1754121857.27346,3,-2,-64
1754121857.31146,-5,2,-60
1754121857.35046,-10,7,-54
1754121857.3884602,0,7,-59
1754121857.4244602,-1,3,-55
1754121857.4634602,5,-3,-68
1754121857.50046,-4,-2,-69
1754121857.5394602,0,-12,-57
1754121857.5754602,-5,-6,-63
1754121857.61346,-2,-8,-52
1754121857.6514602,-1,-4,-51
1754121857.6904602,2,-2,-42
1754121857.72846,0,-5,-55
1754121857.76446,1,-1,-69
1754121857.8024602,6,-3,-66
1754121857.84046,-4,0,-61
1754121857.87946,-3,3,-62
1754121857.91546,2,-2,-62
1754121857.95346,0,-6,-59
1754121857.99146,-3,-2,-64
1754121858.03046,-8,-1,-73
1754121858.06646,0,-3,-70
1754121858.10446,-3,2,-57
1754121858.14246,0,-3,-71
1754121858.18046,4,-1,-69
1754121858.21946,-1,-5,-61
1754121858.25546,-2,3,-68
1754121858.29346,3,-1,-66
1754121858.33146,-1,-4,-68
1754121858.37046,-8,-8,-55
1754121858.40646,2,0,-54
1754121858.44346,5,-4,-60
1754121858.48146,5,-6,-58
1754121858.52046,-4,-3,-63
1754121858.55646,7,-1,-65
1754121858.59446,-1,2,-65
1754121858.63346,3,6,-63
1754121858.67046,-1,1,-59
1754121858.70946,0,-1,-58
1754121858.7464602,0,-4,-53
1754121858.78346,1,-2,-57
1754121858.82146,1,-5,-56
1754121858.86046,-1,1,-54
1754121858.89646,-2,0,-61
1754121858.9344602,-3,2,-65
1754121858.97246,-6,8,-60
1754121859.01146,-1,1,-65
1754121859.0494602,4,-5,-70
1754121859.0854602,1,-2,-71
1754121859.12346,0,-1,-60
1754121859.1614602,-2,-7,-55
1754121859.19946,-3,3,-65
1754121859.23546,-2,0,-66
1754121859.27246,3,3,-59
1754121859.31146,-2,-2,-74
1754121859.35446,0,3,-67
1754121859.39246,-7,-2,-68
1754121859.43146,-2,3,-65
1754121859.46946,-4,-5,-66
1754121859.5064602,-2,-6,-73
1754121859.54346,2,-5,-64
1754121859.58146,-1,0,-58
1754121859.62046,-1,-1,-58
1754121859.65646,-2,-4,-70
1754121859.6944602,4,3,-60
1754121859.7334602,4,1,-57
1754121859.77146,0,-4,-69
1754121859.8094602,7,1,-69
1754121859.8454602,3,0,-62
1754121859.88346,-6,3,-69
1754121859.9214602,0,4,-58
1754121859.9604602,0,-2,-71
1754121859.9964602,-4,-4,-64
1754121860.03446,1,-1,-64
1754121860.0724602,-3,-3,-60
1754121860.1114602,0,-4,-68
1754121860.14746,0,8,-74
1754121860.1844602,-7,0,-77
1754121860.22246,1,-1,-75
1754121860.26146,0,-2,-75
1754121860.29746,-4,5,-66
1754121860.3354602,2,0,-51
1754121860.37346,-4,-2,-65
1754121860.41246,0,-5,-61
1754121860.4504602,4,-3,-62
1754121860.4864602,-3,-8,-64
1754121860.52446,-6,-4,-60
1754121860.5624602,-8,1,-75
1754121860.60146,-7,6,-71
1754121860.63746,0,1,-73
1754121860.6744602,0,4,-64
1754121860.71246,5,7,-57
1754121860.75146,0,-4,-58
1754121860.78746,3,-9,-54
1754121860.8254602,-1,8,-69
1754121860.86346,2,5,-68
1754121860.9014602,-5,0,-70
1754121860.9404602,-4,2,-67
1754121860.97646,2,5,-57
1754121861.01446,0,2,-62
1754121861.0524602,-4,2,-54
1754121861.09146,-5,0,-54
1754121861.12746,-8,-1,-58
1754121861.16646,-1,0,-65
1754121861.20346,3,0,-66
1754121861.24246,2,1,-62
1754121861.28046,0,-4,-56
1754121861.31646,-1,-9,-55
1754121861.35446,3,-3,-50
1754121861.39246,-1,-1,-58
1754121861.43146,-1,0,-67
1754121861.4674602,-4,4,-61
1754121861.50546,0,0,-59
1754121861.54346,4,2,-59
1754121861.5824602,-4,0,-56
1754121861.62046,2,-2,-79
1754121861.65646,0,-3,-87
1754121861.69346,2,-4,-77
1754121861.73246,2,-3,-68
1754121861.77046,-3,-4,-62
1754121861.80646,-8,-1,-64
1754121861.8454602,2,-3,-66
1754121861.88246,0,0,-61
1754121861.9214602,-1,-6,-50
1754121861.9574602,0,-5,-62
1754121861.99546,0,0,-66
1754121862.0324602,-2,-5,-64
1754121862.07146,1,-7,-70
1754121862.10746,-5,-4,-72
1754121862.14546,-2,-2,-74
1754121862.18346,3,-8,-65
1754121862.22246,1,-5,-62
1754121862.26046,-5,0,-66
1754121862.2964602,-1,0,-72
1754121862.33446,-1,2,-71
1754121862.37246,3,-4,-69
1754121862.4114602,-3,-4,-59
1754121862.44846,-9,-3,-65
1754121862.48546,1,-6,-64
1754121862.52346,0,-6,-69
1754121862.5624602,-2,-5,-52
1754121862.5984602,-5,0,-61
1754121862.63646,-6,2,-69
1754121862.6744602,-10,3,-65
1754121862.71246,-6,-2,-73
1754121862.75146,2,-3,-62
1754121862.78746,2,-5,-62
1754121862.82446,6,0,-62
1754121862.86246,1,-1,-59
1754121862.9014602,4,2,-57
1754121862.9374602,0,-2,-65
1754121862.97446,0,-2,-65
1754121863.01246,-1,5,-73
1754121863.05146,3,3,-68
1754121863.08746,0,4,-73
1754121863.12446,2,-1,-66
1754121863.16246,3,1,-71
1754121863.20146,0,0,-62
1754121863.23746,1,-2,-58
1754121863.27546,0,4,-61
1754121863.31346,-3,3,-73
1754121863.35246,0,5,-63
1754121863.3884602,2,-8,-74
1754121863.42646,-9,1,-70
1754121863.46546,0,1,-70
1754121863.5034602,0,-2,-65
1754121863.54146,-6,-7,-70
1754121863.57746,-8,0,-60
1754121863.6154602,2,3,-57
1754121863.65346,0,3,-59
1754121863.69246,-3,-4,-65
1754121863.72846,2,-5,-62
1754121863.7664602,1,-3,-63
1754121863.80446,-3,-3,-62
1754121863.84346,8,-5,-57
1754121863.8814602,5,0,-64
1754121863.91846,4,0,-60
1754121863.95646,3,3,-69
1754121863.9934602,2,1,-73
1754121864.0324602,1,-1,-65
1754121864.06846,1,0,-68
1754121864.10646,-1,1,-65
1754121864.14546,-6,1,-64
1754121864.18346,-4,-4,-68
1754121864.22146,-5,-3,-75
1754121864.25746,-3,0,-72
1754121864.29546,6,-4,-66
1754121864.33346,0,-4,-64
1754121864.37246,5,-7,-69
1754121864.40846,-2,0,-71
1754121864.44646,-3,1,-59
1754121864.48446,-5,3,-59
1754121864.52346,-10,-2,-53
1754121864.56146,-3,-2,-72
1754121864.5984602,9,2,-63
1754121864.63646,1,2,-64
1754121864.67346,0,5,-70
1754121864.71246,2,2,-64
1754121864.74846,-1,-5,-63
1754121864.7864602,0,-6,-57
1754121864.82446,-5,2,-58
1754121864.86346,-4,2,-63
1754121864.89946,0,0,-55
1754121864.93646,2,7,-60
1754121864.97446,9,5,-57
1754121865.0134602,3,4,-66
1754121865.0494602,3,4,-71
1754121865.08646,-7,-1,-69
1754121865.12446,0,0,-71
1754121865.16346,0,-4,-70
1754121865.19946,-5,-2,-68
1754121865.23746,-2,-5,-73
1754121865.27546,-3,10,-64
1754121865.31346,-2,-5,-62
1754121865.35246,-4,-6,-66
1754121865.3884602,-5,-8,-67
1754121865.42646,-4,3,-64
1754121865.46546,0,0,-54
1754121865.5034602,5,4,-62
1754121865.5394602,4,-1,-57
1754121865.57846,-5,-3,-59
1754121865.6154602,-3,0,-62
1754121865.6544602,-8,-6,-62
1754121865.69246,1,3,-74
1754121865.72846,-4,-1,-72
1754121865.7664602,-1,2,-54
1754121865.80446,0,0,-57
1754121865.84346,3,-3,-52
1754121865.87946,0,4,-55
1754121865.91646,-2,5,-65
1754121865.95446,1,-3,-74
1754121865.9934602,6,-4,-76
1754121866.0294602,-1,0,-73
1754121866.06746,1,0,-70
1754121866.1054602,-1,-3,-66
1754121866.1444602,-7,0,-64
1754121866.18246,-2,2,-75
1754121866.21846,-3,0,-67
1754121866.2564602,4,-1,-55
1754121866.29446,6,1,-63
1754121866.33346,1,-3,-69
1754121866.36946,1,-2,-68
1754121866.4074602,1,-6,-68
1754121866.44546,-3,-6,-63
1754121866.48446,0,0,-68
1754121866.52246,-6,-6,-61
1754121866.55846,-13,-11,-66
1754121866.59646,-4,1,-69
1754121866.6344602,1,0,-64
1754121866.67346,2,-6,-71
1754121866.70946,1,-1,-69
1754121866.74846,-3,-3,-47
1754121866.78546,-5,-9,-52
1754121866.82446,-3,-3,-60
1754121866.86246,6,0,-63
1754121866.89846,7,-2,-57
1754121866.93646,-2,1,-60
1754121866.97446,1,-3,-56
1754121867.0134602,2,-4,-69
1754121867.0494602,0,-1,-78
1754121867.08746,-1,-3,-68
1754121867.12546,-1,5,-62
1754121867.1644602,1,1,-48
1754121867.2004602,-2,0,-51
1754121867.23846,0,0,-67
1754121867.2764602,-4,0,-61
1754121867.3154602,3,0,-77
1754121867.35346,5,0,-73
1754121867.38946,-3,-1,-77
1754121867.42846,4,-4,-71
1754121867.46546,7,0,-63
1754121867.50446,4,1,-66
1754121867.54046,-3,-1,-64
1754121867.57846,-3,0,-64
1754121867.61646,0,-6,-67
1754121867.6544602,2,-7,-62
1754121867.69346,-4,-6,-71
1754121867.72946,2,2,-57
1754121867.7664602,0,2,-64
1754121867.80446,-3,3,-64
1754121867.84346,4,1,-72
1754121867.87946,-2,-3,-67
1754121867.9174602,0,-2,-73
1754121867.95546,-2,4,-66
1754121867.99446,1,8,-66
1754121868.03046,-6,-5,-64
1754121868.0694602,-1,4,-64
1754121868.10646,1,-4,-55
1754121868.14546,3,0,-64
1754121868.18346,-2,-1,-63
1754121868.21946,5,-2,-62
1754121868.25746,-2,0,-54
1754121868.29546,0,-4,-62
1754121868.33446,0,-1,-62
1754121868.37046,0,-3,-58
1754121868.40846,-3,0,-56
1754121868.44646,0,1,-64
1754121868.48546,0,5,-63
1754121868.52346,2,0,-61
1754121868.5594602,-2,0,-58
1754121868.5984602,-1,-7,-67
1754121868.63546,0,-5,-71
1754121868.6744602,1,-1,-66
1754121868.71146,-1,-3,-72
1754121868.74846,-1,-2,-69
1754121868.7864602,-6,3,-59
1754121868.8254602,-5,5,-61
1754121868.86346,-3,8,-62
1754121868.89946,-1,7,-49
1754121868.9374602,0,2,-50
1754121868.97646,4,2,-69
1754121869.01446,0,-9,-66
1754121869.05046,1,-4,-64
1754121869.08746,-11,-3,-64
1754121869.12646,-1,4,-67
1754121869.1644602,-2,-4,-62
1754121869.2004602,-3,-1,-56
1754121869.23846,-4,0,-65
1754121869.2764602,-7,4,-66
1754121869.3154602,-2,1,-74
1754121869.35946,0,0,-66
1754121869.39746,-5,-4,-71
1754121869.43546,-2,-6,-69
1754121869.47446,-2,0,-66
1754121869.51046,4,0,-54
1754121869.54846,0,0,-57
1754121869.58646,-2,-4,-62
1754121869.62546,0,0,-62
1754121869.6614602,-1,6,-63
1754121869.69846,0,3,-71
1754121869.7364602,0,8,-68
1754121869.77546,0,0,-62
1754121869.81146,0,-1,-64
1754121869.84946,-5,1,-65
1754121869.8884602,-2,-4,-68
1754121869.92546,-4,-2,-74
1754121869.96446,-4,4,-70
1754121870.00046,-6,0,-58
1754121870.03846,-5,3,-61
1754121870.07746,3,5,-63
1754121870.1154602,2,5,-63
1754121870.1514602,2,0,-54
1754121870.18946,0,0,-60
1754121870.22746,-1,-9,-59
1754121870.2664602,-7,-8,-67
1754121870.30446,-12,-1,-57
1754121870.34046,-5,0,-59
1754121870.37746,-4,-5,-57
1754121870.41646,-3,-8,-64
1754121870.45446,5,-4,-61
1754121870.4904602,13,2,-63
1754121870.52746,4,3,-66
1754121870.56646,2,-2,-73
1754121870.60446,1,-1,-68
1754121870.64046,3,0,-65
1754121870.6774602,0,2,-59
1754121870.71646,-3,5,-57
1754121870.75446,-7,-2,-65
1754121870.79046,2,-1,-59
1754121870.82746,3,0,-57
1754121870.86646,-6,2,-60
1754121870.9044602,-8,1,-57
1754121870.9404602,-1,-1,-52
1754121870.97846,2,2,-55
1754121871.0164602,-2,-1,-48
1754121871.05546,0,-1,-61
1754121871.09146,-2,-4,-78
1754121871.12946,-7,-1,-68
1754121871.16846,2,-4,-67
1754121871.20646,3,-4,-73
1754121871.24446,10,-2,-56
1754121871.28046,4,-1,-53
1754121871.31846,4,-3,-66
1754121871.35646,7,1,-64
1754121871.39546,-3,-3,-48
1754121871.43146,1,0,-67
1754121871.46846,-3,-3,-72
1754121871.5064602,-1,-6,-65
1754121871.54546,4,-3,-64
1754121871.58146,0,-4,-63
1754121871.61946,-10,4,-60
1754121871.6574602,-1,3,-58
1754121871.69646,-4,-2,-61
1754121871.73246,-5,1,-65
1754121871.77146,-7,-1,-60
1754121871.80846,-3,1,-53
1754121871.84746,2,3,-57
1754121871.88546,-6,0,-57
1754121871.9214602,-4,-2,-53
1754121871.9604602,-3,-1,-58
1754121871.99746,4,-1,-53
1754121872.0364602,-1,0,-53
1754121872.0724602,0,-1,-58
1754121872.11046,3,0,-58
1754121872.14846,0,-6,-61
1754121872.18646,0,-2,-59
1754121872.22546,4,-3,-66
1754121872.26146,-2,-8,-54
1754121872.30046,1,-2,-60
1754121872.3384602,3,-9,-61
1754121872.37646,-3,0,-59
1754121872.41246,-2,-3,-56
1754121872.4504602,2,-4,-56
1754121872.48846,2,-5,-61
1754121872.52746,-1,0,-72
1754121872.5654602,2,4,-64
1754121872.60146,-2,1,-53
1754121872.63946,8,8,-63
1754121872.6774602,0,0,-62
1754121872.71646,-4,-3,-66
1754121872.75246,-7,4,-73
1754121872.7894602,0,4,-83
1754121872.82746,2,1,-71
1754121872.86646,-5,3,-58
1754121872.90246,-1,9,-58
1754121872.9404602,-3,0,-57
1754121872.97846,-8,-4,-57
1754121873.01746,-2,-7,-55
1754121873.05546,2,-4,-57
1754121873.09146,-1,-1,-62
1754121873.12946,-3,-6,-58
1754121873.16846,-1,-1,-60
1754121873.20646,-3,0,-69
1754121873.24246,-1,-1,-68
1754121873.28046,-3,-5,-70
1754121873.31846,-1,-2,-66
1754121873.35746,-2,0,-59
1754121873.39546,3,2,-58
1754121873.43146,1,-2,-59
1754121873.46846,0,5,-71
1754121873.50746,-4,-1,-65
1754121873.54546,-3,-2,-60
1754121873.58146,0,-1,-70
1754121873.6184602,-2,2,-61
1754121873.6574602,-5,1,-57
1754121873.69546,-3,-7,-57
1754121873.73146,-4,0,-56
1754121873.76846,-2,-6,-57
1754121873.80746,-2,-5,-61
1754121873.84346,0,-3,-51
1754121873.8814602,-1,-9,-55
1754121873.91946,1,-3,-64
1754121873.9574602,3,1,-64
1754121873.9964602,-4,4,-61
1754121874.0324602,0,1,-54
1754121874.07046,1,-4,-63
1754121874.1084602,-1,0,-59
1754121874.14746,4,-1,-61
1754121874.18346,2,-1,-61
1754121874.22146,2,-4,-64
1754121874.26046,-6,-2,-62
1754121874.29746,0,-4,-53
1754121874.33646,4,-7,-64
1754121874.37246,4,-3,-55
1754121874.41046,-1,0,-55
1754121874.44846,-3,-1,-60
1754121874.48746,1,-5,-63
1754121874.52346,1,0,-64
1754121874.56046,-1,-3,-58
1754121874.5984602,3,-1,-63
1754121874.63746,3,-6,-70
1754121874.67346,4,-2,-60
1754121874.71146,2,-2,-57
1754121874.74946,4,1,-67
1754121874.78846,2,-1,-73
1754121874.82646,-5,6,-70
1754121874.86246,-6,3,-69
1754121874.9014602,-8,4,-66
1754121874.93846,2,-1,-56
1754121874.97746,4,-1,-64
1754121875.0134602,4,3,-60
1754121875.05146,4,6,-57
1754121875.0884602,4,5,-62
1754121875.12746,-2,-4,-58
1754121875.16346,-5,-3,-67
1754121875.20146,-6,-1,-61
1754121875.23946,-1,1,-59
1754121875.27846,0,-3,-69
1754121875.31646,0,-5,-65
1754121875.35246,-2,-7,-62
1754121875.39046,1,-3,-58
1754121875.42846,6,-7,-59
1754121875.4674602,3,-4,-71
1754121875.5034602,-2,0,-71
1754121875.54146,0,-2,-65
1754121875.58046,-2,6,-62
1754121875.6184602,-4,0,-54
1754121875.65646,0,0,-58
1754121875.69246,-3,4,-59
1754121875.7304602,-2,2,-63
1754121875.76846,6,2,-74
1754121875.80746,0,4,-56
1754121875.84346,0,0,-65
1754121875.88046,-4,4,-64
1754121875.91846,-7,3,-67
1754121875.9574602,-9,0,-63
1754121875.9934602,1,1,-70
1754121876.03046,3,0,-63
1754121876.06846,3,-2,-70
1754121876.10746,1,4,-74
1754121876.14346,0,1,-70
1754121876.18046,-9,0,-54
1754121876.21846,-4,-4,-66
1754121876.25746,0,-9,-58
1754121876.29346,-5,3,-61
1754121876.33146,-2,3,-68
1754121876.36946,0,-1,-68
1754121876.40846,-3,1,-57
1754121876.4444602,-2,-3,-58
1754121876.48246,1,0,-69
1754121876.52146,-5,1,-67
1754121876.55846,-3,-6,-56
1754121876.59746,6,-2,-62
1754121876.6344602,3,-8,-59
1754121876.6714602,1,-7,-59
1754121876.70946,0,-3,-54
1754121876.74846,0,-3,-60
1754121876.78446,1,4,-72
1754121876.82146,2,3,-73
1754121876.86046,-1,3,-72
1754121876.89846,-2,-1,-71
1754121876.9344602,10,-4,-64
1754121876.97246,-5,-3,-63
1754121877.01046,4,1,-72
1754121877.0494602,5,1,-63
1754121877.08746,3,0,-61
1754121877.12346,-2,-8,-67
1754121877.1614602,-5,-15,-66
1754121877.19946,-4,-7,-61
1754121877.23846,-3,-6,-65
1754121877.27446,2,0,-67
1754121877.3124602,4,-2,-64
1754121877.35146,3,2,-66
1754121877.38946,-5,7,-70
1754121877.4274602,-7,-1,-68
1754121877.4634602,-3,4,-69
1754121877.50146,2,8,-66
1754121877.5394602,6,0,-68
1754121877.57846,4,4,-70
1754121877.61446,-1,4,-67
1754121877.65246,6,-4,-57
1754121877.6904602,4,-1,-64
1754121877.72946,-1,0,-65
1754121877.76746,0,0,-67
1754121877.80346,-6,-1,-54
1754121877.84146,2,-1,-60
1754121877.88046,-1,-1,-63
1754121877.91846,5,2,-64
1754121877.95446,-2,4,-60
1754121877.99146,3,1,-68
1754121878.03046,6,-8,-60
1754121878.06846,5,-2,-65
1754121878.10446,-2,4,-59
1754121878.1414602,2,0,-60
1754121878.18046,-2,4,-63
1754121878.21846,-7,6,-69
1754121878.25446,-2,2,-50
1754121878.29146,0,2,-62
1754121878.33046,5,-1,-72
1754121878.3684602,-3,2,-75
1754121878.4044602,-3,0,-69
1754121878.44146,-1,-4,-53
1754121878.4804602,-2,-9,-52
1754121878.51846,-1,-7,-55
1754121878.55446,2,0,-67
1754121878.59146,0,2,-63
1754121878.63046,-6,-1,-65
1754121878.66846,-3,5,-63
1754121878.70446,0,-4,-66
1754121878.74146,-5,-6,-59
1754121878.78046,3,-8,-76
1754121878.81846,0,0,-70
1754121878.85446,-3,-2,-71
1754121878.89346,-1,0,-53
1754121878.93046,-2,0,-64
1754121878.96946,-6,-1,-53
1754121879.00546,-4,5,-61
1754121879.04346,-2,4,-54
1754121879.08046,-1,4,-67
1754121879.11946,0,0,-63
1754121879.15546,-6,3,-62
1754121879.19346,-5,3,-63
1754121879.23146,-1,0,-67
1754121879.2694602,-8,-3,-67
1754121879.30846,-7,3,-71
1754121879.34446,-4,6,-61
1754121879.39046,-3,-1,-63
1754121879.42846,0,-5,-65
1754121879.46446,2,-5,-60
1754121879.50146,0,1,-67
1754121879.54046,6,-2,-55
1754121879.57846,2,-3,-67
1754121879.61446,1,-2,-57
1754121879.65246,3,-2,-67
1754121879.6904602,0,0,-63
1754121879.72946,2,-1,-64
1754121879.76546,-5,-5,-78
1754121879.80346,-3,-4,-68
1754121879.84146,0,-8,-64
1754121879.88046,-7,-2,-74
1754121879.91846,-5,2,-65
1754121879.95546,-1,5,-74
1754121879.9934602,2,-2,-75
1754121880.03146,0,-3,-63
1754121880.07046,-4,5,-59
1754121880.1084602,4,5,-65
1754121880.1444602,1,0,-76
1754121880.18146,4,2,-66
1754121880.2204602,1,5,-68
1754121880.25846,3,-2,-61
1754121880.29446,0,1,-51
1754121880.33146,-1,0,-61
1754121880.37046,0,0,-62
1754121880.40846,-1,-7,-73
1754121880.4444602,-1,-5,-64
1754121880.48246,-2,-1,-53
1754121880.52046,3,-3,-49
1754121880.5594602,7,-2,-51
1754121880.5954602,0,-5,-63
1754121880.6344602,1,2,-77
1754121880.6714602,0,-2,-75
1754121880.7104602,-7,0,-64
1754121880.7464602,-5,1,-62
1754121880.78346,6,2,-64
1754121880.82146,-1,0,-74
1754121880.86046,4,0,-58
1754121880.89646,-5,0,-62
1754121880.9344602,-1,-3,-63
1754121880.97246,-2,-3,-60
1754121881.01046,4,-2,-66
1754121881.0494602,0,2,-65
1754121881.0854602,-2,0,-63
1754121881.12346,-3,2,-63
1754121881.1614602,2,2,-66
1754121881.2004602,1,0,-61
1754121881.23746,-2,0,-62
1754121881.27446,-3,-1,-67
1754121881.3124602,2,-5,-74
1754121881.35146,3,-2,-60
1754121881.38946,4,-7,-58
1754121881.42546,1,-7,-62
1754121881.46446,-6,-3,-65
1754121881.50146,-8,-6,-74
1754121881.54046,1,1,-49
1754121881.57646,3,0,-62
1754121881.61446,0,3,-66
1754121881.65246,0,-2,-70
1754121881.69146,4,-2,-68
1754121881.72946,10,0,-59
1754121881.76546,2,2,-63
1754121881.80346,-4,6,-56
1754121881.84146,-3,6,-68
1754121881.88046,-3,0,-63
1754121881.91646,-2,-1,-76
1754121881.95446,-3,-4,-75
1754121881.99246,0,4,-71
1754121882.03146,0,-2,-69
1754121882.0694602,-3,1,-68
1754121882.1054602,0,2,-65
1754121882.14246,5,-2,-70
1754121882.18146,-7,-4,-59
1754121882.21946,-5,-5,-63
1754121882.25546,-5,0,-55
1754121882.2924602,-3,-1,-68
1754121882.33146,0,0,-61
1754121882.36946,4,-2,-51
1754121882.40546,1,0,-48
1754121882.44246,-2,-5,-54
1754121882.48146,-3,0,-58
1754121882.5194602,6,-1,-68
1754121882.55546,1,0,-68
1754121882.5924602,-5,1,-75
1754121882.6314602,-5,1,-73
1754121882.66946,1,4,-77
1754121882.70546,-4,-4,-70
1754121882.7434602,-7,-6,-61
1754121882.78146,-10,0,-52
1754121882.82046,-6,3,-61
1754121882.85646,0,3,-65
1754121882.89346,-3,2,-61
1754121882.93146,-2,3,-76
1754121882.9704602,-2,-6,-56
1754121883.0064602,0,-6,-66
1754121883.04346,13,-4,-65
1754121883.08146,2,-2,-60
1754121883.12046,0,2,-54
1754121883.15646,0,-1,-60
1754121883.1944602,8,-4,-55
1754121883.2334602,9,-5,-68
1754121883.27246,1,-1,-62
1754121883.31046,1,-2,-73
1754121883.34646,4,-3,-74
1754121883.38546,3,-3,-72
1754121883.42246,0,2,-70
1754121883.46146,6,-3,-56
1754121883.49746,3,-2,-68
1754121883.53546,-4,-3,-66
1754121883.57346,-8,-6,-60
1754121883.6114602,0,-3,-68
1754121883.65046,-1,-2,-62
1754121883.68646,0,-7,-79
1754121883.72446,-4,1,-74
1754121883.76246,1,3,-59
1754121883.80146,4,8,-71
1754121883.83746,0,-3,-60
1754121883.87446,-2,0,-65
1754121883.91246,4,0,-74
1754121883.95146,2,8,-64
1754121883.98746,2,5,-51
1754121884.02446,6,3,-52
1754121884.0624602,1,0,-57
1754121884.10146,-2,3,-61
1754121884.13746,-5,0,-55
1754121884.1744602,0,0,-62
1754121884.21246,-6,-1,-73
1754121884.25146,0,1,-64
1754121884.28746,-6,-7,-66
1754121884.3254602,2,-2,-68
1754121884.36446,6,-7,-59
1754121884.40246,8,-5,-61
1754121884.4404602,-2,0,-66
1754121884.47746,-4,-10,-65
1754121884.51446,1,0,-63
1754121884.5524602,-1,-3,-69
1754121884.59146,8,-1,-72
1754121884.62746,1,-8,-70
1754121884.66546,1,-7,-57
1754121884.70346,3,0,-68
1754121884.74246,5,2,-62
1754121884.78046,0,0,-64
1754121884.81646,-7,0,-62
1754121884.85446,1,-5,-65
1754121884.89246,6,-9,-51
1754121884.93146,9,-6,-61
1754121884.9674602,6,2,-61
1754121885.00446,4,-5,-63
1754121885.0424602,2,-3,-56
1754121885.08146,6,-8,-60
1754121885.11746,-2,0,-72
1754121885.1544602,-1,3,-65
1754121885.19246,-2,9,-56
1754121885.23146,0,1,-63
1754121885.26746,-9,4,-63
1754121885.30646,0,3,-47
1754121885.34446,2,0,-55
1754121885.38246,1,5,-76
1754121885.41846,-3,0,-68
1754121885.45646,0,4,-63
1754121885.49446,0,-1,-59
1754121885.5324602,-2,-8,-66
1754121885.57146,-4,0,-62
1754121885.60746,-5,3,-72
1754121885.64546,0,2,-60
1754121885.68346,6,0,-65
1754121885.72246,5,1,-63
1754121885.75846,4,-2,-58
1754121885.7964602,0,-2,-67
1754121885.83446,0,-3,-64
1754121885.87246,-8,5,-59
1754121885.9114602,-3,2,-59
1754121885.9474602,2,0,-60
1754121885.98446,1,0,-66
1754121886.02246,-5,-3,-61
1754121886.06146,-6,-1,-59
1754121886.09746,-5,2,-52
1754121886.13546,-9,6,-52
1754121886.17346,-3,-5,-53
1754121886.21246,-6,1,-55
1754121886.24846,-2,4,-58
1754121886.2864602,2,2,-64
1754121886.32446,-2,5,-58
1754121886.36346,-5,3,-59
1754121886.4014602,-3,-2,-61
1754121886.4374602,-2,5,-69
1754121886.47546,7,0,-58
1754121886.5134602,7,4,-56
1754121886.5524602,3,2,-56
1754121886.5884602,-2,-7,-62
1754121886.62646,1,-4,-64
1754121886.66546,-1,-3,-66
1754121886.70346,7,0,-68
1754121886.74146,2,0,-63
1754121886.77746,-1,0,-60
1754121886.8154602,0,1,-62
1754121886.85346,-5,-7,-60
1754121886.89246,-3,-2,-66
1754121886.92846,0,0,-73
1754121886.96546,-3,2,-75
1754121887.0034602,2,-1,-66
1754121887.0424602,-9,-3,-55
1754121887.07846,3,-3,-57
1754121887.11646,-1,-3,-56
1754121887.1544602,0,-1,-60
1754121887.19346,6,0,-62
1754121887.23146,5,-2,-59
1754121887.26746,4,-6,-56
1754121887.30546,0,-4,-65
1754121887.34346,-5,0,-65
1754121887.38246,1,-1,-70
1754121887.41846,-1,-4,-57
1754121887.45646,-9,-7,-59
1754121887.49546,1,1,-75
1754121887.53346,3,0,-62
1754121887.57146,-4,0,-71
1754121887.60746,-5,-2,-62
1754121887.64546,1,3,-73
1754121887.68346,4,1,-57
1754121887.72246,0,-1,-60
1754121887.75846,-4,-6,-55
1754121887.7964602,-6,-2,-72
1754121887.83446,0,-5,-68
1754121887.87346,5,-2,-73
1754121887.90946,2,-4,-67
1754121887.9474602,0,-7,-58
1754121887.98546,-5,-6,-62
1754121888.02346,0,-9,-57
1754121888.0624602,-4,0,-61
1754121888.0984602,-2,-5,-61
1754121888.13646,2,-5,-70
1754121888.1744602,1,-6,-71
1754121888.2134602,-1,-8,-67
1754121888.24946,-2,-3,-67
1754121888.28746,2,-4,-70
1754121888.3254602,-5,-1,-59
1754121888.36346,-10,-2,-71
1754121888.40246,-1,-5,-61
1754121888.43846,4,-10,-65
1754121888.47646,9,-1,-60
1754121888.51446,2,-5,-65
1754121888.55346,1,-5,-66
1754121888.58946,-1,-6,-64
1754121888.62746,4,1,-60
1754121888.66646,0,3,-55
1754121888.70446,5,-4,-68
1754121888.74246,-1,-7,-62
1754121888.77846,-1,-6,-66
1754121888.81646,-2,7,-65
1754121888.85446,-4,2,-67
1754121888.89346,-3,4,-58
1754121888.92946,-4,1,-69
1754121888.9674602,-1,0,-62
1754121889.00546,-4,-1,-66
1754121889.04446,0,-4,-57
1754121889.0824602,-3,-9,-58
1754121889.1184602,-2,-11,-58
1754121889.15646,-5,-2,-50
1754121889.1944602,-3,-7,-64
1754121889.2334602,1,4,-68
1754121889.2694602,0,5,-70
1754121889.30746,0,-2,-64
1754121889.34446,-5,2,-66
1754121889.38346,6,-1,-66
1754121889.4274602,-3,1,-70
1754121889.46646,-6,1,-68
1754121889.50446,6,1,-77
1754121889.5424602,0,-4,-68
1754121889.57846,1,0,-62
1754121889.6154602,-4,3,-70
1754121889.6544602,-3,11,-76
1754121889.69246,-6,4,-70
1754121889.72846,-3,2,-59
1754121889.76546,-5,0,-64
1754121889.80446,4,0,-57
1754121889.8424602,5,0,-70
1754121889.8784602,0,1,-67
1754121889.91546,-3,-9,-53
1754121889.95446,-4,-12,-53
1754121889.9904602,-2,-1,-54
1754121890.02846,-4,1,-58
1754121890.06746,0,3,-59
1754121890.10446,-5,-4,-81
1754121890.14346,-4,-1,-67
1754121890.17946,-11,-5,-72
1754121890.2174602,-10,4,-68
1754121890.25546,0,7,-76
1754121890.29446,-8,5,-68
1754121890.33046,0,0,-61
1754121890.36746,1,-3,-55
1754121890.40546,4,2,-58
1754121890.4444602,1,1,-66
1754121890.4804602,2,2,-64
1754121890.51746,-9,5,-67
1754121890.55546,-3,-2,-74
1754121890.59446,4,-1,-67
1754121890.63046,-3,-2,-68
1754121890.66846,-1,5,-57
1754121890.70646,-10,-3,-61
1754121890.74446,-4,-9,-56
1754121890.78346,2,-5,-69
1754121890.8194602,3,-8,-69
1754121890.85746,-5,-6,-62
1754121890.89546,-1,0,-62
1754121890.9344602,-3,-6,-60
1754121890.97146,0,-7,-76
1754121891.00846,2,-7,-80
1754121891.04746,0,0,-69
1754121891.0854602,-8,0,-65
1754121891.12346,-9,-5,-65
1754121891.15946,-1,5,-57
1754121891.1974602,-4,-2,-59
1754121891.23546,-7,-6,-68
1754121891.27346,0,-3,-57
1754121891.3094602,-4,0,-69
1754121891.34746,-1,-3,-68
1754121891.38546,-6,2,-59
1754121891.42346,5,2,-62
1754121891.45946,8,1,-61
1754121891.49746,5,-2,-63
1754121891.53546,2,0,-64
1754121891.57346,5,0,-61
1754121891.60946,4,-3,-66
1754121891.64746,8,0,-63
1754121891.68546,0,-3,-60
1754121891.7234602,-3,-4,-69
1754121891.7594602,-2,1,-78
1754121891.79746,0,-3,-60
1754121891.8354602,1,-5,-70
1754121891.87446,4,4,-57
1754121891.91046,3,-3,-71
1754121891.94846,-3,1,-72
1754121891.9864602,2,-3,-68
1754121892.02546,9,0,-68
1754121892.06346,-3,-2,-75
1754121892.10046,3,1,-75
1754121892.1384602,0,0,-64
1754121892.17546,0,2,-63
1754121892.21446,1,1,-55
1754121892.25046,-5,0,-67
1754121892.28846,0,-4,-62
1754121892.32646,1,-3,-59
1754121892.3654602,0,-1,-59
1754121892.4014602,-1,3,-74
1754121892.43946,0,4,-64
1754121892.47746,4,0,-69
1754121892.51546,-3,-6,-65
1754121892.55446,0,-5,-60
1754121892.59046,9,7,-64
1754121892.6284602,1,1,-61
1754121892.66646,2,-3,-68
1754121892.70546,-4,-3,-76
1754121892.74146,-4,-5,-64
1754121892.7794602,-2,6,-59
1754121892.81746,-5,1,-64
1754121892.8554602,-1,-4,-61
1754121892.8944602,0,5,-62
1754121892.93046,0,0,-72
1754121892.96846,3,-1,-64
1754121893.0064602,4,-3,-62
1754121893.04546,4,1,-70
1754121893.08146,-5,-1,-58
1754121893.11946,3,2,-67
1754121893.1574602,-3,-4,-55
1754121893.19646,3,-8,-52
1754121893.23446,3,-5,-45
1754121893.27046,2,-1,-50
1754121893.30846,0,-1,-64
1754121893.34646,-1,-4,-54
1754121893.38546,-7,0,-47
1754121893.4214602,-5,-7,-63
1754121893.45946,0,-4,-73
1754121893.49846,-7,-4,-65
1754121893.5364602,-6,4,-53
1754121893.57446,-4,-1,-64
1754121893.61046,-2,0,-59
1754121893.64846,6,-5,-58
1754121893.68646,-4,-6,-66
1754121893.72546,-6,-4,-57
1754121893.76146,-3,0,-67
1754121893.7994602,-5,0,-55
1754121893.83746,-2,-3,-69
1754121893.87646,-1,1,-69
1754121893.9144602,5,1,-64
1754121893.9504602,1,5,-62
1754121893.98846,0,5,-57
1754121894.0264602,-1,-5,-62
1754121894.0654602,0,-7,-57
1754121894.10146,1,0,-57
1754121894.1384602,3,0,-58
1754121894.17646,5,7,-52
1754121894.21546,7,0,-50
1754121894.25146,-2,6,-52
1754121894.28846,2,5,-63
1754121894.32746,-4,4,-60
1754121894.3654602,-2,0,-54
1754121894.4014602,8,1,-61
1754121894.43846,-5,-4,-56
1754121894.47646,-6,2,-57
1754121894.51546,-3,0,-63
1754121894.55146,0,-1,-58
1754121894.59046,-1,3,-53
1754121894.62746,4,2,-63
1754121894.66646,-1,1,-63
1754121894.70246,-1,-6,-54
1754121894.7404602,-1,-1,-53
1754121894.77846,-3,-1,-65
1754121894.81646,0,-1,-58
1754121894.8554602,10,0,-64
1754121894.8914602,0,3,-56
1754121894.92846,-5,1,-63
1754121894.96646,0,-6,-62
1754121895.00546,-6,-1,-71
1754121895.04146,-2,2,-73
1754121895.07946,0,-2,-55
1754121895.11746,-2,0,-65
1754121895.15646,0,4,-53
1754121895.19246,8,1,-68
1754121895.2304602,0,-7,-74
1754121895.26846,-8,0,-63
1754121895.30746,-4,4,-59
1754121895.3454602,-2,3,-57
1754121895.3814602,0,-1,-60
1754121895.42046,-2,3,-64
1754121895.4574602,0,0,-61
1754121895.4964602,0,4,-65
1754121895.5324602,-4,0,-70
1754121895.57046,-1,4,-60
1754121895.6084602,-3,6,-67
1754121895.64746,6,2,-52
1754121895.68546,-2,0,-62
1754121895.72146,3,0,-64
1754121895.75846,1,-2,-60
1754121895.79746,-2,2,-68
1754121895.8354602,-6,-1,-53
1754121895.8714602,-5,-2,-58
1754121895.90946,-4,0,-55
1754121895.9474602,3,-2,-44
1754121895.9864602,0,-2,-59
1754121896.02246,-4,0,-64
1754121896.06046,3,5,-62
1754121896.0984602,-4,0,-51
1754121896.13746,-4,-3,-60
1754121896.17546,-3,0,-58
1754121896.21146,-5,-5,-63
1754121896.25046,-2,-1,-74
1754121896.28746,-6,-1,-69
1754121896.32646,-4,-1,-65
1754121896.36246,5,-1,-62
1754121896.40046,-1,6,-58
1754121896.43846,3,2,-52
1754121896.47746,5,7,-54
1754121896.51546,-1,4,-53
1754121896.55146,-6,7,-62
1754121896.58946,5,6,-67
1754121896.62746,0,7,-56
1754121896.66646,-6,-2,-72
1754121896.70246,-8,1,-63
1754121896.7404602,-7,0,-66
1754121896.77846,-2,2,-57
1754121896.81746,-1,-3,-69
1754121896.85346,5,-6,-72
1754121896.8914602,4,-3,-69
1754121896.92946,0,1,-61
1754121896.9674602,-2,2,-69
1754121897.0064602,1,2,-60
1754121897.0424602,0,0,-71
1754121897.07946,0,0,-60
1754121897.11746,-6,-2,-60
1754121897.15646,0,-3,-61
1754121897.19246,2,0,-65
1754121897.22946,2,0,-67
1754121897.26746,4,-2,-59
1754121897.30646,2,2,-67
1754121897.3424602,2,-1,-58
1754121897.37946,7,0,-65
1754121897.4174602,0,-1,-58
1754121897.45646,0,1,-69
1754121897.49246,-1,0,-66
1754121897.5294602,1,3,-58
1754121897.56746,-9,7,-54
1754121897.60646,-1,5,-49
1754121897.64246,-4,8,-57
1754121897.67946,0,0,-58
1754121897.71846,0,0,-70
1754121897.7564602,0,1,-56
1754121897.7924602,-4,0,-46
1754121897.82946,1,-9,-58
1754121897.8684602,1,-7,-65
1754121897.90646,2,-9,-66
1754121897.94246,1,-2,-71
1754121897.97946,-9,0,-65
1754121898.01846,-7,2,-69
1754121898.05646,-7,-3,-64
1754121898.0924602,-9,2,-56
1754121898.12946,0,0,-79
1754121898.16846,-2,4,-69
1754121898.20646,-4,-2,-65
1754121898.24246,-4,0,-73
1754121898.2794602,-1,-5,-65
1754121898.31846,-5,0,-65
1754121898.35646,-3,-1,-61
1754121898.39246,0,1,-57
1754121898.42946,-2,0,-50
1754121898.46846,-1,7,-57
1754121898.5064602,5,-2,-67
1754121898.5424602,-6,-1,-70
1754121898.58046,-2,2,-52
1754121898.6184602,-2,3,-70
1754121898.6574602,8,-1,-68
1754121898.69346,6,3,-71
1754121898.7304602,1,-2,-66
1754121898.76846,-1,-1,-66
1754121898.80746,0,-1,-64
1754121898.84346,4,-1,-69
1754121898.8814602,-1,-6,-64
1754121898.91946,-1,-2,-60
1754121898.95846,-5,-5,-72
1754121898.9964602,2,-1,-79
1754121899.0324602,2,5,-64
1754121899.07046,0,3,-53
1754121899.1084602,5,1,-65
1754121899.14746,0,-1,-67
1754121899.18346,3,-5,-60
1754121899.22246,0,-5,-66
1754121899.2594602,-1,2,-60
1754121899.29846,-5,-2,-59
1754121899.3354602,-4,4,-61
1754121899.37246,-2,6,-55
1754121899.41046,-6,2,-64
1754121899.45646,0,4,-68
1754121899.4934602,-3,-6,-65
1754121899.5324602,0,-5,-64
1754121899.5694602,-4,-3,-64
1754121899.6084602,-1,-2,-65
1754121899.64546,0,3,-59
1754121899.68246,-4,-5,-72
1754121899.7204602,-6,-5,-53
1754121899.7594602,-2,0,-60
1754121899.79746,1,6,-59
1754121899.83346,-1,7,-59
1754121899.87246,-2,-1,-53
1754121899.90946,-2,-3,-65
1754121899.94846,0,-3,-67
1754121899.98446,0,1,-76
1754121900.02246,0,-7,-66
1754121900.0594602,-1,-3,-71
1754121900.0984602,-2,0,-69
1754121900.1344602,-1,2,-62
1754121900.17246,-4,0,-74
1754121900.2104602,4,4,-56
1754121900.24946,4,3,-63
1754121900.28746,8,4,-53
1754121900.32346,1,8,-65
1754121900.36046,-7,0,-75
1754121900.39946,-8,3,-70
1754121900.4374602,-4,4,-58
1754121900.4734602,-8,2,-55
1754121900.51146,-4,-3,-55
1754121900.5494602,0,-2,-58
1754121900.5884602,0,-4,-65
1754121900.62446,-7,-5,-56
1754121900.66246,1,-3,-58
1754121900.7004602,3,-1,-58
1754121900.73946,3,0,-71
1754121900.77746,7,1,-61
1754121900.81346,-6,-4,-59
1754121900.85146,-4,0,-63
1754121900.88946,-4,2,-73
1754121900.92846,-2,1,-77
1754121900.96446,-2,-2,-63
1754121901.00246,-1,3,-69
1754121901.04046,0,1,-74
1754121901.07946,-5,3,-70
1754121901.11746,-4,-2,-66
1754121901.15346,-1,-1,-68
1754121901.19146,-6,-3,-64
1754121901.22946,4,-1,-63
1754121901.26846,0,4,-54
1754121901.30446,-2,-3,-66
1754121901.3424602,-10,1,-68
1754121901.3814602,-3,0,-72
1754121901.41946,-1,-3,-60
1754121901.45546,0,-5,-66
1754121901.49446,-2,-4,-62
1754121901.53146,0,-4,-61
1754121901.5694602,2,0,-59
1754121901.6084602,0,-3,-64
1754121901.6444602,3,-1,-62
1754121901.68246,3,-4,-73
1754121901.7204602,2,0,-65
1754121901.7594602,-5,-1,-62
1754121901.79546,-1,-3,-65
1754121901.83346,0,5,-65
1754121901.8714602,-5,0,-64
1754121901.90946,-5,0,-59
1754121901.94846,1,1,-69
1754121901.98446,-5,0,-57
1754121902.02246,0,6,-56
1754121902.06046,-5,-1,-65
1754121902.09946,-2,-1,-59
1754121902.13546,-3,0,-62
1754121902.17346,-3,-1,-60
1754121902.21146,4,0,-63
1754121902.24946,0,2,-78
1754121902.28846,-4,-5,-71
1754121902.32446,-5,0,-63
1754121902.3614602,0,0,-51
1754121902.40046,-2,2,-53
1754121902.43846,5,6,-61
1754121902.47446,3,5,-65
1754121902.51146,0,5,-56
1754121902.55046,0,0,-60
1754121902.5884602,1,1,-64
1754121902.62446,2,-3,-71
1754121902.6614602,-7,0,-60
1754121902.7004602,5,-5,-61
1754121902.73846,11,3,-62
1754121902.77446,7,0,-61
1754121902.81146,1,0,-68
1754121902.85046,-2,2,-65
1754121902.8884602,4,4,-60
1754121902.9244602,4,0,-54
1754121902.96146,-2,-2,-64
1754121903.00046,-1,7,-67
1754121903.03846,0,7,-67
1754121903.07446,2,0,-66
1754121903.1114602,0,-6,-68
1754121903.15046,4,-3,-72
1754121903.18846,-2,-11,-76
1754121903.22446,-7,-3,-71
1754121903.26246,-4,-2,-71
1754121903.30046,-11,0,-68
1754121903.33946,-1,2,-54
1754121903.37546,-1,1,-55
1754121903.41246,-5,0,-54
1754121903.4504602,1,0,-68
1754121903.48946,-10,3,-65
1754121903.52546,-11,5,-53
1754121903.56346,0,5,-57
1754121903.60146,0,-1,-67
1754121903.64046,-2,-3,-56
1754121903.67646,0,1,-66
1754121903.71446,2,1,-74
1754121903.75246,4,-7,-64
1754121903.79046,-1,-3,-56
1754121903.82946,-1,3,-52
1754121903.8654602,-9,-2,-46
1754121903.90346,1,-4,-56
1754121903.94146,0,1,-60
1754121903.9804602,0,-2,-55
1754121904.0164602,-2,0,-64
1754121904.05446,2,-1,-68
1754121904.0924602,-2,-6,-60
1754121904.13046,-6,-1,-59
1754121904.16946,-4,-3,-63
1754121904.20546,-3,-5,-58
1754121904.24446,3,-3,-66
1754121904.28146,1,-3,-61
1754121904.32046,-3,-2,-60
1754121904.35646,-1,0,-66
1754121904.3944602,2,-2,-64
1754121904.43346,0,-4,-63
1754121904.4704602,-1,-3,-66
1754121904.5094602,-6,-1,-65
1754121904.54546,-3,0,-66
1754121904.58346,0,-3,-69
1754121904.6214602,0,0,-62
1754121904.66046,0,-3,-63
1754121904.69646,-3,0,-60
1754121904.73446,-1,0,-59
1754121904.77246,-1,-1,-57
1754121904.81146,0,-2,-54
1754121904.84946,3,0,-65
1754121904.88546,1,-7,-57
1754121904.92246,-2,-4,-70
1754121904.96146,0,0,-64
1754121904.99946,0,2,-59
1754121905.03546,-1,4,-59
1754121905.0724602,0,-1,-55
1754121905.1114602,4,1,-64
1754121905.14946,0,4,-60
1754121905.18546,0,0,-66
1754121905.22246,0,-6,-62
1754121905.26146,-5,-8,-62
1754121905.2994602,-4,0,-53
1754121905.3354602,-4,1,-52
1754121905.37346,0,-1,-60
1754121905.41246,2,-8,-64
1754121905.4504602,-3,-5,-59
1754121905.4864602,-4,-3,-55
1754121905.52446,0,0,-57
1754121905.5624602,0,1,-67
1754121905.60146,-9,1,-58
1754121905.63946,-6,-5,-60
1754121905.67546,4,-2,-54
1754121905.7134602,-1,-3,-68
1754121905.75146,5,-5,-72
1754121905.79046,0,-6,-66
1754121905.82646,-7,-3,-70
1754121905.86446,3,1,-73
1754121905.90246,3,1,-60
1754121905.94146,-6,0,-60
1754121905.97746,-6,-6,-62
1754121906.01546,1,-9,-64
1754121906.05346,6,3,-60
1754121906.09146,8,-3,-69
1754121906.13046,6,-7,-51
1754121906.16646,5,-1,-47
1754121906.20446,0,0,-51
1754121906.2434602,3,-1,-66
1754121906.28146,-4,-1,-65
1754121906.31746,-11,-5,-63
1754121906.35646,-12,0,-77
1754121906.39346,-4,4,-64
1754121906.43146,-2,-2,-72
1754121906.4704602,1,-3,-63
1754121906.5064602,4,3,-57
1754121906.54346,4,3,-57
1754121906.58146,7,3,-69
1754121906.62046,-2,6,-63
1754121906.65646,1,3,-79
1754121906.69346,1,3,-70
1754121906.73146,5,0,-73
1754121906.77046,-1,0,-75
1754121906.80646,-2,-8,-73
1754121906.84446,2,0,-61
1754121906.88246,2,-1,-57
1754121906.9214602,3,-3,-63
1754121906.9574602,3,-4,-59
1754121906.99546,7,-2,-63
1754121907.03346,3,-3,-64
1754121907.0724602,4,1,-74
1754121907.11046,0,-2,-52
1754121907.14646,-1,-4,-65
1754121907.18546,-12,-5,-68
1754121907.22246,-4,-15,-68
1754121907.26146,4,-1,-66
1754121907.29746,-1,4,-62
1754121907.3354602,-1,1,-56
1754121907.37446,-2,-1,-52
1754121907.41246,-3,-6,-68
1754121907.4504602,5,-1,-69
1754121907.4864602,0,1,-60
1754121907.52446,10,-3,-64
1754121907.5624602,8,-1,-67
1754121907.60046,4,5,-60
1754121907.63646,0,-2,-62
1754121907.6744602,2,-2,-61
1754121907.71246,0,0,-62
1754121907.75146,-6,0,-71
1754121907.78746,-3,-1,-67
1754121907.8254602,-7,-5,-69
1754121907.86346,0,0,-74
1754121907.90246,0,-2,-68
1754121907.9404602,-2,-6,-60
1754121907.97646,-2,-5,-59
1754121908.01446,-4,-6,-60
1754121908.0524602,1,-5,-54
1754121908.09146,-6,0,-62
1754121908.12746,4,-4,-68
1754121908.1644602,-6,0,-67
1754121908.20246,-3,0,-67
1754121908.24146,2,3,-60
1754121908.27746,3,-5,-71
1754121908.31446,1,1,-79
1754121908.35246,-5,-2,-75
1754121908.3914602,-7,-3,-50
1754121908.4274602,-3,-7,-55
1754121908.46646,-1,-2,-55
1754121908.5034602,-3,-2,-60
1754121908.5424602,-2,6,-62
1754121908.57846,-2,1,-63
1754121908.6154602,-4,8,-70
1754121908.65346,7,3,-77
1754121908.69246,-6,4,-66
1754121908.72846,-5,0,-63
1754121908.7664602,-3,7,-60
1754121908.80446,0,0,-63
1754121908.8424602,4,-5,-71
1754121908.8814602,6,-6,-66
1754121908.9174602,7,-2,-64
1754121908.95546,-5,-4,-70
1754121908.9934602,-3,-4,-65
1754121909.0324602,2,4,-66
1754121909.06846,2,0,-56
1754121909.10746,2,3,-57
1754121909.1444602,1,7,-54
1754121909.18346,6,2,-53
1754121909.22146,0,-8,-59
1754121909.25746,-2,-4,-56
1754121909.29546,-5,-3,-63
1754121909.33346,-1,-1,-64
1754121909.37246,-2,-2,-64
1754121909.40846,0,-1,-69
1754121909.44646,4,4,-66
1754121909.49246,4,2,-70
1754121909.52846,-1,0,-72
1754121909.56646,4,-1,-70
1754121909.60446,5,-5,-60
1754121909.64346,2,0,-65
1754121909.68146,3,-9,-64
1754121909.7174602,5,-1,-64
1754121909.75446,-5,2,-56
1754121909.79346,-5,-1,-64
1754121909.83146,-1,0,-70
1754121909.86746,0,-2,-70
1754121909.9044602,-1,0,-73
1754121909.94346,-2,6,-63
1754121909.98146,-3,6,-60
1754121910.01746,-3,-3,-65
1754121910.05546,-2,-3,-78
1754121910.09346,-5,-4,-61
1754121910.13246,-1,1,-66
1754121910.16846,-5,-1,-70
1754121910.20646,-5,1,-72
1754121910.24446,-3,-3,-68
1754121910.28346,-5,4,-61
1754121910.32146,-6,-1,-59
1754121910.35746,-8,-2,-60
1754121910.39546,-5,0,-77
1754121910.4344602,1,-2,-66
1754121910.47246,1,-4,-65
1754121910.50846,-1,-3,-61
1754121910.5464602,-5,3,-60
1754121910.58446,5,-1,-70
1754121910.62346,5,0,-69
1754121910.6614602,10,3,-74
1754121910.6974602,0,-4,-70
1754121910.73446,1,-4,-65
1754121910.77346,6,1,-58
1754121910.81046,6,3,-65
1754121910.84746,0,0,-61
1754121910.88546,-4,2,-68
1754121910.92346,3,3,-64
1754121910.96246,2,-3,-59
1754121910.99846,-1,-2,-56
1754121911.0364602,2,0,-73
1754121911.07446,-3,-6,-60
1754121911.11346,-3,0,-67
1754121911.14946,5,-3,-69
1754121911.18846,-2,-6,-63
1754121911.22546,-2,0,-66
1754121911.26446,0,-5,-61
1754121911.3024602,-4,2,-64
1754121911.3384602,2,-1,-66
1754121911.37746,0,0,-64
1754121911.4144602,-3,-1,-63
1754121911.45346,-8,-9,-66
1754121911.48946,2,-3,-62
1754121911.52746,6,-5,-66
1754121911.5654602,3,-4,-57
1754121911.60446,3,-2,-58
1754121911.64246,6,1,-56
1754121911.67846,2,0,-52
1754121911.71546,0,3,-49
1754121911.75446,-2,-1,-59
1754121911.7924602,0,-5,-60
1754121911.82846,2,-2,-53
1754121911.86646,-6,-1,-49
1754121911.9044602,0,0,-59
1754121911.94346,-9,0,-65
1754121911.97946,-2,0,-59
1754121912.01746,3,3,-62
1754121912.05546,4,6,-51
1754121912.09446,2,0,-50
1754121912.13246,5,-2,-66
1754121912.16846,-1,-2,-64
1754121912.20646,-7,1,-76
1754121912.24446,0,-2,-73
1754121912.28346,-1,-3,-71
1754121912.3194602,7,0,-60
1754121912.35646,5,0,-64
1754121912.3944602,-1,-2,-62
1754121912.43346,8,-2,-49
1754121912.46946,2,0,-57
1754121912.5064602,9,0,-51
1754121912.54446,6,-2,-65
1754121912.58346,-2,-2,-69
1754121912.61946,1,0,-70
1754121912.65646,4,-2,-76
1754121912.6944602,-4,-2,-69
1754121912.7334602,1,0,-68
1754121912.7694602,9,0,-73
1754121912.80646,6,-2,-73
1754121912.8454602,2,2,-56
1754121912.88346,5,3,-64
1754121912.91946,9,0,-64
1754121912.95646,5,0,-59
1754121912.99546,1,6,-63
1754121913.03346,8,1,-58
1754121913.0694602,2,0,-59
1754121913.10646,6,-7,-58
1754121913.14546,-4,0,-59
1754121913.18346,-1,0,-62
1754121913.21946,-1,1,-67
1754121913.25746,9,0,-67
1754121913.29546,0,-1,-66
1754121913.33446,3,1,-75
1754121913.37046,-2,1,-62
1754121913.40846,-2,0,-66
1754121913.44646,3,-4,-62
1754121913.48546,-5,-3,-63
1754121913.52346,-1,0,-57
1754121913.5594602,0,4,-48
1754121913.59746,-1,7,-63
1754121913.63546,0,11,-62
1754121913.6744602,0,0,-60
1754121913.7104602,-3,-2,-52
1754121913.74946,0,-2,-65
1754121913.7864602,5,-3,-63
1754121913.8254602,1,-1,-73
1754121913.86346,6,0,-58
1754121913.89946,3,-8,-59
1754121913.9374602,6,1,-67
1754121913.97546,-1,0,-66
1754121914.01446,-1,0,-51
1754121914.05046,9,-1,-66
1754121914.0884602,-5,0,-66
1754121914.12646,-1,3,-70
1754121914.16546,-1,-2,-62
1754121914.20346,-4,-4,-57
1754121914.23946,-13,-2,-57
1754121914.27746,-9,0,-70
1754121914.31646,0,2,-64
1754121914.35446,-4,4,-60
1754121914.39046,0,3,-60
1754121914.4274602,0,-1,-60
1754121914.46646,-2,5,-52
1754121914.50446,-2,3,-62
1754121914.54046,1,-1,-57
1754121914.57746,0,0,-55
1754121914.61646,2,-5,-71
1754121914.6544602,-2,-3,-68
1754121914.6904602,-2,-4,-71
1754121914.72946,-2,2,-50
1754121914.7664602,-6,3,-57
1754121914.80546,-8,6,-64
1754121914.84346,-6,3,-65
1754121914.87946,-7,1,-59
1754121914.9174602,0,-2,-52
1754121914.95546,-1,1,-68
1754121914.99446,-9,4,-66
1754121915.03046,-4,2,-62
1754121915.06846,2,2,-55
1754121915.10646,-9,0,-66
1754121915.14546,-3,-4,-67
1754121915.1844602,-9,-2,-45
1754121915.2204602,-10,0,-52
1754121915.25746,1,-1,-57
1754121915.29546,-6,-5,-60
1754121915.33446,-3,1,-53
1754121915.37046,0,3,-55
1754121915.4074602,-4,-2,-61
1754121915.44546,-2,-4,-71
1754121915.48446,-6,-8,-57
1754121915.52046,-8,-2,-61
1754121915.55846,3,3,-68
1754121915.59646,4,6,-63
1754121915.63546,0,-1,-67
1754121915.6714602,5,-4,-59
1754121915.70946,3,2,-63
1754121915.74746,-8,1,-57
1754121915.78546,-2,-1,-63
1754121915.82446,-2,-2,-68
1754121915.86046,-1,-1,-66
1754121915.89846,-6,0,-73
1754121915.93646,0,-7,-63
1754121915.97546,-1,-3,-69
1754121916.01146,-2,-11,-73
1754121916.0494602,2,-5,-62
1754121916.0884602,0,0,-62
1754121916.12646,-1,2,-66
1754121916.1644602,8,2,-48
1754121916.2004602,13,8,-51
1754121916.23846,6,-1,-65
1754121916.2764602,7,-1,-69
1754121916.31446,8,1,-58
1754121916.35046,1,-4,-62
1754121916.38746,0,2,-62
1754121916.42646,6,2,-70
1754121916.46446,3,5,-57
1754121916.50046,-3,6,-57
1754121916.53846,-1,0,-60
1754121916.57646,-5,0,-63
1754121916.6154602,0,-1,-63
1754121916.6514602,-1,-4,-64
1754121916.68946,-7,0,-60
1754121916.72746,-1,0,-54
1754121916.7664602,-2,-5,-66
1754121916.80446,1,-2,-69
1754121916.84046,-2,-3,-62
1754121916.8784602,-11,0,-56
1754121916.91646,-1,1,-55
1754121916.95546,2,0,-63
1754121916.99146,3,-6,-56
1754121917.0294602,-4,3,-60
1754121917.06846,-1,3,-62
1754121917.10646,9,2,-65
1754121917.1444602,6,8,-59
1754121917.18046,4,4,-58
1754121917.21846,3,11,-60
1754121917.2564602,-2,0,-66
1754121917.29446,3,0,-58
1754121917.33146,0,0,-49
1754121917.3684602,-5,2,-69
1754121917.40646,-5,-12,-64
1754121917.44546,0,-4,-66
1754121917.48146,0,-4,-61
1754121917.5194602,-7,3,-70
1754121917.55746,0,-2,-72
1754121917.59646,-10,0,-68
1754121917.63246,-5,1,-65
1754121917.66946,0,-1,-61
1754121917.7074602,2,-6,-59
1754121917.7464602,-3,-6,-66
1754121917.7824602,0,0,-73
1754121917.8194602,1,-7,-66
1754121917.85746,0,-8,-61
1754121917.89646,0,-9,-69
1754121917.93246,-7,2,-62
1754121917.9704602,-3,1,-57
1754121918.00846,-6,-2,-60
1754121918.0464602,-1,-5,-56
1754121918.0854602,2,-4,-69
1754121918.1214602,0,-4,-63
1754121918.15946,-2,-2,-69
1754121918.19846,7,0,-65
1754121918.2364602,1,-5,-68
1754121918.27346,-2,-4,-67
1754121918.31046,0,-1,-73
1754121918.3484602,-2,-4,-66
1754121918.38646,3,-3,-70
1754121918.42546,-9,-1,-73
1754121918.46146,-3,-1,-66
1754121918.49946,0,-1,-65
1754121918.53746,0,0,-61
1754121918.57646,-1,-1,-59
1754121918.61246,11,5,-55
1754121918.64946,0,0,-63
1754121918.6874602,0,7,-62
1754121918.72646,0,0,-69
1754121918.76246,-1,-4,-62
1754121918.80046,2,-3,-48
1754121918.8384602,-3,-5,-51
1754121918.87746,0,-5,-57
1754121918.91546,10,-4,-60
1754121918.95146,3,-3,-64
1754121918.9904602,0,-4,-68
1754121919.02746,-4,4,-58
1754121919.06646,4,6,-57
1754121919.10246,-4,4,-62
1754121919.14046,1,-5,-66
1754121919.17846,0,-4,-67
1754121919.2174602,-1,-8,-69
1754121919.25546,3,-10,-69
1754121919.29146,0,-3,-84
1754121919.32946,-8,-2,-70
1754121919.36746,-4,0,-67
1754121919.40646,-2,3,-55
1754121919.44246,-2,-1,-65
1754121919.4804602,-7,0,-53
1754121919.5264602,3,-1,-49
1754121919.5624602,3,0,-42
1754121919.60046,3,0,-56
1754121919.6384602,9,0,-72
1754121919.6774602,7,-2,-60
1754121919.7134602,5,-8,-59
1754121919.75146,1,0,-57
1754121919.7894602,2,-1,-63
1754121919.82746,2,0,-60
1754121919.86646,0,-2,-57
1754121919.90246,-4,0,-67
1754121919.9404602,2,1,-61
1754121919.97746,4,-5,-61
1754121920.0164602,0,0,-69
1754121920.0524602,2,5,-67
1754121920.09046,10,-3,-56
1754121920.12746,5,-3,-66
1754121920.16646,-7,0,-65
1754121920.20246,-1,-7,-66
1754121920.2404602,-1,-3,-67
1754121920.27846,-3,-2,-63
1754121920.31746,-1,-5,-56
1754121920.35346,-1,-4,-64
1754121920.3914602,-2,0,-66
1754121920.42946,-5,-2,-75
1754121920.4674602,-3,-2,-73
1754121920.5064602,-6,1,-64
1754121920.5424602,-1,-1,-67
1754121920.58046,-1,0,-56
1754121920.6184602,-2,-4,-58
1754121920.6574602,6,-8,-57
1754121920.69346,5,0,-62
1754121920.7304602,-4,-2,-70
1754121920.76846,1,1,-71
1754121920.80746,-2,-2,-67
1754121920.84346,4,-2,-68
1754121920.8814602,0,0,-56
1754121920.92046,-8,2,-71
1754121920.95846,1,-1,-61
1754121920.9964602,0,-1,-70
1754121921.0324602,5,-2,-69
1754121921.07046,3,-1,-70
1754121921.1084602,4,6,-65
1754121921.14746,5,2,-63
1754121921.18346,0,6,-49
1754121921.22146,-1,-1,-59
1754121921.25846,3,-2,-58
1754121921.29746,-1,3,-56
1754121921.33346,-2,1,-64
1754121921.3714602,0,-1,-63
1754121921.40946,0,-1,-63
1754121921.44846,0,4,-57
1754121921.4864602,0,-3,-63
1754121921.52246,3,-5,-54
1754121921.56046,-1,-1,-59
1754121921.5984602,-1,-2,-65
1754121921.63746,0,4,-61
1754121921.67346,0,0,-73
1754121921.7104602,-6,0,-68
1754121921.74946,-5,-4,-68
1754121921.78746,-2,2,-69
1754121921.82346,0,3,-75
1754121921.86046,-1,0,-66
1754121921.89946,0,-3,-63
1754121921.9374602,5,-8,-59
1754121921.9734602,10,0,-52
1754121922.01046,3,-8,-60
1754121922.04846,5,0,-70
1754121922.08746,0,0,-74
1754121922.12346,-2,-3,-66
1754121922.1614602,-7,-7,-62
1754121922.19946,-3,0,-63
1754121922.23846,-4,-5,-68
1754121922.2764602,0,7,-53
1754121922.31346,0,5,-50
1754121922.35146,8,-1,-61
1754121922.3884602,-9,-1,-58
1754121922.4274602,-5,0,-65
1754121922.4634602,0,0,-66
1754121922.50146,2,2,-55
1754121922.53846,6,-1,-70
1754121922.57746,1,6,-66
1754121922.61346,0,-5,-63
1754121922.6514602,2,-4,-64
1754121922.68846,0,-8,-60
1754121922.72746,-5,-3,-63
1754121922.7634602,5,-1,-71
1754121922.80146,0,-14,-63
1754121922.83946,0,-7,-60
1754121922.8784602,-6,-9,-58
1754121922.9144602,-12,0,-57
1754121922.95146,5,-8,-68
1754121922.98946,5,0,-60
1754121923.02846,4,3,-67
1754121923.06446,2,-2,-66
1754121923.10246,2,0,-64
1754121923.14046,7,2,-59
1754121923.17946,0,0,-60
1754121923.2174602,4,-1,-63
1754121923.2534602,0,-1,-52
1754121923.29146,2,0,-55
1754121923.32946,4,-1,-63
1754121923.3684602,3,2,-65
1754121923.4044602,-1,2,-71
1754121923.44246,1,1,-64
1754121923.4804602,0,-2,-52
1754121923.5194602,9,-3,-56
1754121923.55746,3,3,-57
1754121923.59346,2,-3,-68
1754121923.6314602,2,1,-71
1754121923.66946,-2,5,-73
1754121923.70846,-2,1,-77
1754121923.74446,1,1,-66
1754121923.7824602,-9,3,-64
1754121923.82046,-6,3,-65
1754121923.85946,4,0,-57
1754121923.89746,6,1,-60
1754121923.93346,1,1,-60
1754121923.9704602,-3,3,-51
1754121924.0094602,2,3,-61
1754121924.04746,-4,-2,-52
1754121924.08346,1,-5,-62
1754121924.1214602,0,2,-60
1754121924.15946,-13,-1,-65
1754121924.19846,-3,1,-71
1754121924.23446,-1,3,-64
1754121924.27246,-9,4,-73
1754121924.31046,-2,0,-58
1754121924.34946,0,1,-66
1754121924.38546,3,3,-67
1754121924.42246,0,0,-68
1754121924.4604602,-9,-2,-71
1754121924.49946,-6,0,-59
1754121924.53546,1,5,-49
1754121924.5724602,0,-5,-64
1754121924.61046,-4,-12,-64
1754121924.64946,3,-7,-68
1754121924.68546,6,-5,-62
1754121924.7234602,2,-3,-52
1754121924.76146,0,-4,-55
1754121924.7994602,-9,0,-57
1754121924.8384602,-6,7,-68
1754121924.87446,0,-1,-65
1754121924.91246,1,-4,-68
1754121924.9504602,3,-3,-82
1754121924.98946,-5,0,-61
1754121925.02546,-2,4,-63
1754121925.0624602,0,1,-67
1754121925.10146,4,7,-56
1754121925.13946,-3,6,-60
1754121925.17546,-6,5,-54
1754121925.21246,-9,2,-62
1754121925.25046,-6,1,-68
1754121925.2894602,-2,-2,-60
1754121925.3254602,0,2,-55
1754121925.36346,3,0,-61
1754121925.4014602,5,2,-60
1754121925.4404602,1,-3,-67
1754121925.47846,-1,-2,-68
1754121925.51446,-2,-1,-68
1754121925.55346,-1,-5,-61
1754121925.59046,-1,-1,-66
1754121925.62946,1,0,-57
1754121925.66546,-4,4,-69
1754121925.70346,-1,-4,-65
1754121925.74146,-2,2,-69
1754121925.78046,1,-1,-60
1754121925.81846,3,4,-50
1754121925.85446,2,7,-52
1754121925.8914602,2,6,-59
1754121925.93046,0,6,-60
1754121925.96846,-2,5,-58
1754121926.00446,-3,-3,-72
1754121926.0424602,-9,-4,-60
1754121926.08146,2,3,-69
1754121926.11946,-6,-2,-66
1754121926.15546,0,-3,-64
1754121926.19346,0,-3,-65
1754121926.23146,-3,-8,-53
1754121926.27046,-2,-3,-61
1754121926.30846,-5,2,-69
1754121926.34446,0,1,-68
1754121926.3814602,-1,0,-80
1754121926.42046,10,0,-83
1754121926.45846,0,2,-76
1754121926.49446,3,4,-73
1754121926.53146,-6,0,-53
1754121926.57046,0,0,-48
1754121926.60646,1,-5,-53
1754121926.64346,2,-6,-62
1754121926.68146,6,-6,-57
1754121926.7204602,-2,0,-58
1754121926.7564602,7,0,-63
1754121926.79346,-2,4,-59
1754121926.83146,-5,1,-57
1754121926.87046,4,2,-58
1754121926.90646,4,3,-55
1754121926.94346,10,-2,-63
1754121926.98146,6,-4,-74
1754121927.02046,-3,0,-66
1754121927.05646,-2,-6,-59
1754121927.0954602,-3,-10,-62
1754121927.13246,-4,-5,-65
1754121927.17046,0,-5,-65
1754121927.20946,3,-1,-69
1754121927.24546,-3,-1,-80
1754121927.28346,-3,0,-77
1754121927.32146,2,-5,-59
1754121927.36046,-1,-6,-59
1754121927.39646,-5,-6,-67
1754121927.4344602,0,2,-58
1754121927.47246,-4,0,-71
1754121927.51046,-6,0,-60
1754121927.5494602,-1,-2,-60
1754121927.5854602,0,-2,-53
1754121927.62346,-3,0,-62
1754121927.66246,-3,-3,-67
1754121927.7004602,1,-6,-58
1754121927.7364602,-4,-10,-66
1754121927.77546,4,-6,-63
1754121927.8124602,5,-8,-61
1754121927.85146,0,0,-61
1754121927.88946,0,0,-66
1754121927.92546,6,-9,-73
1754121927.9634602,1,0,-65
1754121928.00146,3,0,-75
1754121928.04046,5,2,-70
1754121928.07646,0,0,-66
1754121928.11446,-6,-3,-75
1754121928.15246,-1,0,-68
1754121928.19146,-2,5,-61
1754121928.22946,0,3,-58
1754121928.26546,2,2,-58
1754121928.3024602,0,0,-68
1754121928.34146,8,0,-63
1754121928.37946,9,0,-62
1754121928.41546,3,-1,-58
1754121928.45346,4,-2,-64
1754121928.49146,-5,-3,-61
1754121928.53046,-6,0,-57
1754121928.56646,-1,-1,-57
1754121928.6054602,-1,0,-65
1754121928.64246,5,3,-65
1754121928.68146,-2,4,-68
1754121928.71946,5,-1,-62
1754121928.75546,0,0,-63
1754121928.7924602,3,-3,-74
1754121928.83146,-1,3,-68
1754121928.86946,0,0,-68
1754121928.90546,0,-5,-59
1754121928.94346,-2,-7,-68
1754121928.98146,-5,-4,-66
1754121929.02046,-2,-4,-66
1754121929.05646,6,-2,-66
1754121929.09446,0,0,-62
1754121929.13246,0,4,-62
1754121929.1714602,-2,0,-54
1754121929.2074602,-2,1,-57
1754121929.2464602,0,-6,-63
1754121929.28346,-6,4,-51
1754121929.3224602,-7,2,-57
1754121929.36046,-6,-1,-51
1754121929.39646,1,-6,-49
1754121929.4344602,4,-6,-65
1754121929.47246,-1,-6,-65
1754121929.51146,0,-8,-55
1754121929.55546,1,-2,-60
1754121929.59346,-1,-6,-56
1754121929.6314602,-6,1,-64
1754121929.67046,-11,0,-73
1754121929.70646,-2,0,-63
1754121929.74546,4,0,-67
1754121929.7824602,4,4,-67
1754121929.82146,4,-4,-63
1754121929.85746,3,-4,-59
1754121929.8944602,-9,-5,-56
1754121929.93246,-4,3,-58
1754121929.97146,-6,3,-62
1754121930.00746,-1,-4,-68
1754121930.04546,3,-3,-71
1754121930.08346,-1,-1,-80
1754121930.12246,-3,1,-68
1754121930.16046,3,-3,-69
1754121930.1974602,0,2,-60
1754121930.23446,0,-1,-70
1754121930.27346,-5,-2,-61
1754121930.31146,-2,2,-57
1754121930.34746,-1,3,-62
1754121930.38546,2,9,-55
1754121930.42346,3,4,-54
1754121930.46246,-3,2,-62
1754121930.50046,-2,-7,-66
1754121930.5364602,0,-5,-64
1754121930.57346,0,-1,-52
1754121930.61246,0,-5,-67
1754121930.65046,8,-8,-63
1754121930.68646,0,0,-59
1754121930.7234602,-4,-5,-59
1754121930.76246,-8,2,-66
1754121930.80046,0,2,-63
1754121930.83646,4,-5,-61
1754121930.87346,2,1,-72
1754121930.91246,3,-3,-66
1754121930.9504602,-4,-2,-64
1754121930.9864602,-5,0,-52
1754121931.02346,-3,3,-61
1754121931.0624602,0,1,-63
1754121931.10046,1,5,-64
1754121931.13646,0,5,-66
1754121931.17346,9,5,-68
1754121931.21246,-2,2,-73
1754121931.25046,5,2,-65
1754121931.2864602,-2,4,-73
1754121931.32346,-2,7,-50
1754121931.36246,-2,0,-56
1754121931.39846,3,-1,-67
1754121931.43646,2,-1,-74
1754121931.47446,3,-4,-74
1754121931.51246,-1,-7,-62
1754121931.55146,-1,-11,-68
1754121931.58746,-6,0,-64
1754121931.62446,-6,1,-72
1754121931.66246,-3,0,-64
1754121931.70146,-5,-1,-59
1754121931.73746,-5,-1,-61
1754121931.77546,2,-4,-60
1754121931.81346,5,-2,-57
1754121931.85246,-2,-4,-75
1754121931.8884602,-4,0,-75
1754121931.92646,-6,-1,-61
1754121931.96446,-5,2,-52
1754121932.00246,-7,-2,-58
1754121932.04146,0,-2,-62
1754121932.07746,-1,-5,-74
1754121932.1154602,-2,-6,-66
1754121932.15346,1,0,-67
1754121932.19246,1,2,-55
1754121932.22846,-2,-1,-54
1754121932.2664602,-1,10,-54
1754121932.30446,0,-1,-69
1754121932.34346,3,-5,-68
1754121932.3814602,2,0,-51
1754121932.4174602,-2,1,-61
1754121932.45646,-4,0,-64
1754121932.4934602,-1,-3,-67
1754121932.5324602,-2,-6,-62
1754121932.56846,0,-1,-57
1754121932.6054602,-6,3,-66
1754121932.64346,2,-2,-66
1754121932.68246,6,-1,-55
1754121932.71846,2,0,-52
1754121932.75546,6,-6,-67
1754121932.79346,-5,-5,-61
1754121932.8324602,-2,-4,-70
1754121932.8684602,4,-3,-65
1754121932.90546,4,1,-76
1754121932.94346,6,0,-64
1754121932.98246,1,-3,-62
1754121933.01846,5,0,-65
1754121933.05546,5,0,-75
1754121933.09346,3,8,-70
1754121933.13246,-3,9,-59
1754121933.16846,-3,3,-54
1754121933.20646,-4,1,-56
1754121933.24546,-5,4,-64
1754121933.28346,-4,-5,-55
1754121933.32146,1,0,-64
1754121933.3584602,-2,-3,-59
1754121933.39546,6,-5,-62
1754121933.43346,-2,-6,-71
1754121933.47246,-5,-1,-67
1754121933.50846,-1,-9,-73
1754121933.5464602,0,-11,-68
1754121933.58446,2,-7,-62
1754121933.62346,-1,-7,-65
1754121933.65946,-3,1,-66
1754121933.6974602,-2,3,-58
1754121933.7364602,2,1,-55
1754121933.77346,2,-1,-56
1754121933.8124602,6,0,-63
1754121933.8484602,0,0,-72
1754121933.88646,-7,-3,-69
1754121933.92546,-12,0,-66
1754121933.9634602,1,5,-57
1754121933.99946,5,0,-69
1754121934.0364602,8,-3,-56
1754121934.0754602,-2,-6,-63
1754121934.11346,-4,0,-69
1754121934.14946,-3,8,-72
1754121934.1874602,7,5,-76
1754121934.22546,10,4,-68
1754121934.2634602,-2,0,-67
1754121934.3024602,0,0,-62
1754121934.3384602,0,0,-67
1754121934.37546,2,0,-69
1754121934.41346,5,0,-69
1754121934.45246,7,-1,-75
1754121934.48846,4,-10,-66
1754121934.5264602,-2,-6,-56
1754121934.56446,-3,-1,-56
1754121934.60346,2,-2,-64
1754121934.63946,2,-2,-59
1754121934.6774602,-3,5,-56
1754121934.71546,7,3,-61
1754121934.75446,6,-6,-55
1754121934.7924602,-6,-7,-71
1754121934.82846,3,-1,-70
1754121934.8654602,-10,7,-62
1754121934.9044602,4,-2,-65
1754121934.94246,6,5,-67
1754121934.97846,2,5,-63
1754121935.01546,-1,7,-66
1754121935.05446,0,-1,-61
1754121935.0924602,-2,-3,-63
1754121935.1284602,-10,2,-60
1754121935.16646,-3,0,-69
1754121935.20446,-7,0,-60
1754121935.2434602,-1,-3,-43
1754121935.2794602,1,-2,-66
1754121935.31746,-5,0,-64
1754121935.3554602,-5,-2,-65
1754121935.3944602,-2,1,-61
1754121935.43246,8,-6,-69
1754121935.46846,0,-1,-64
1754121935.5064602,-6,0,-60
1754121935.54446,-4,-1,-70
1754121935.58346,3,-4,-64
1754121935.61946,-8,2,-66
1754121935.6574602,-6,0,-79
1754121935.69646,-7,0,-66
1754121935.73446,-13,0,-62
1754121935.77246,-8,-2,-64
1754121935.80846,-4,2,-60
1754121935.84646,-6,4,-59
1754121935.8844602,-7,0,-62
1754121935.92346,1,-1,-52
1754121935.95946,-4,3,-64
1754121935.99746,-1,-1,-62
1754121936.03546,4,-3,-65
1754121936.07446,6,1,-62
1754121936.11046,1,7,-57
1754121936.14746,0,0,-58
1754121936.18546,-7,-3,-71
1754121936.22446,-6,3,-65
1754121936.26046,-1,1,-63
1754121936.29846,-4,1,-58
1754121936.33646,0,2,-58
1754121936.37446,-3,2,-62
1754121936.41346,0,2,-61
1754121936.44946,-2,4,-58
1754121936.48746,-5,-6,-60
1754121936.5264602,-4,-8,-55
1754121936.56446,1,4,-62
1754121936.60046,4,3,-68
1754121936.6384602,-1,3,-70
1754121936.67646,-2,0,-63
1754121936.71546,0,-6,-67
1754121936.7534602,2,-1,-58
1754121936.7894602,-4,0,-63
1754121936.82646,1,-1,-65
1754121936.8654602,0,1,-69
1754121936.90346,0,6,-65
1754121936.93946,2,-9,-51
1754121936.97646,-6,-3,-54
1754121937.01546,-2,1,-61
1754121937.05346,3,-2,-66
1754121937.08946,-5,1,-66
1754121937.12646,-9,1,-63
1754121937.16546,-8,1,-60
1754121937.20346,-2,4,-75
1754121937.23946,0,0,-65
1754121937.27746,-2,-3,-57
1754121937.3154602,-7,1,-63
1754121937.35346,1,-4,-58
1754121937.38946,-2,3,-62
1754121937.4274602,0,1,-61
1754121937.46546,-7,-6,-57
1754121937.50446,-5,-6,-55
1754121937.54046,0,-6,-49
1754121937.57746,3,4,-50
1754121937.6154602,-4,4,-63
1754121937.6544602,-4,7,-61
1754121937.6904602,-1,0,-62
1754121937.72746,-4,-1,-62
1754121937.76546,1,2,-55
1754121937.80446,4,-3,-57
1754121937.84046,-3,-3,-57
1754121937.8784602,-1,4,-55
1754121937.91646,0,0,-46
1754121937.95546,0,-7,-37
1754121937.9934602,-1,0,-51
1754121938.0294602,3,2,-53
1754121938.06746,8,0,-51
1754121938.1054602,10,0,-52
1754121938.1444602,5,1,-59
1754121938.18046,12,-2,-61
1754121938.21846,-1,1,-58
1754121938.2564602,1,-2,-54
1754121938.29546,0,-6,-55
1754121938.33146,1,-6,-54
1754121938.36946,-3,-5,-57
1754121938.4074602,11,0,-55
1754121938.44546,-1,-3,-58
1754121938.48446,-7,0,-64
1754121938.52046,0,-3,-69
1754121938.55846,-1,-6,-64
1754121938.59646,-2,2,-67
1754121938.63546,-6,1,-69
1754121938.6714602,-11,-2,-70
1754121938.70946,2,0,-72
1754121938.74846,-2,2,-58
1754121938.78546,-3,-4,-54
1754121938.82446,-1,-1,-62
1754121938.86046,-2,0,-64
1754121938.89846,2,0,-54
1754121938.93646,-3,-2,-68
1754121938.97546,2,1,-70
1754121939.01146,-2,0,-72
1754121939.0494602,-1,-1,-74
1754121939.08746,2,-1,-60
1754121939.12646,6,-2,-60
1754121939.1644602,0,-1,-68
1754121939.2004602,-1,-2,-78
1754121939.23946,2,3,-71
1754121939.2764602,10,1,-73
1754121939.3154602,8,0,-69
1754121939.35146,6,2,-67
1754121939.38946,1,0,-61
1754121939.42646,0,0,-69
1754121939.46546,-2,-3,-60
1754121939.50146,-3,1,-67
1754121939.5394602,3,3,-56
1754121939.58446,2,2,-70
1754121939.62046,0,0,-62
1754121939.65846,-6,-3,-67
1754121939.69646,-4,-3,-57
1754121939.73546,-1,-2,-59
1754121939.77146,-1,1,-70
1754121939.8094602,-4,-2,-65
1754121939.84746,3,-2,-71
1754121939.88646,-1,6,-68
1754121939.9244602,0,2,-67
1754121939.9604602,4,1,-70
1754121939.99746,-6,-3,-73
1754121940.0364602,-6,-2,-63
1754121940.07446,1,5,-67
1754121940.11046,-4,5,-61
1754121940.14846,2,4,-63
1754121940.18646,3,-5,-58
1754121940.22546,5,-3,-58
1754121940.26246,2,5,-62
1754121940.2994602,5,-2,-58
1754121940.33746,4,-3,-72
1754121940.37646,-2,-3,-62
1754121940.41246,-5,0,-54
1754121940.4504602,6,1,-66
1754121940.48846,4,0,-57
1754121940.5264602,6,-1,-66
1754121940.5654602,2,-3,-64
1754121940.60146,-1,-2,-69
1754121940.63946,4,-1,-62
1754121940.6774602,3,-6,-66
1754121940.71646,-5,-4,-70
1754121940.75246,-1,-7,-63
1754121940.79046,6,-11,-62
1754121940.82946,4,-1,-64
1754121940.86646,-1,-4,-64
1754121940.90546,-1,-2,-66
1754121940.94146,-1,1,-61
1754121940.97946,0,0,-49
1754121941.0164602,0,1,-58
1754121941.05546,-11,-5,-70
1754121941.09146,-9,-5,-69
1754121941.12946,-2,-8,-63
1754121941.1674602,0,-4,-67
1754121941.20646,1,0,-60
1754121941.24246,0,1,-59
1754121941.2794602,-8,4,-59
1754121941.31746,-2,0,-78
1754121941.35646,-5,3,-69
1754121941.39246,-1,0,-73
1754121941.43046,-1,1,-68
1754121941.46846,-7,4,-69
1754121941.50746,2,-4,-59
1754121941.54546,0,1,-64
1754121941.58146,1,0,-62
1754121941.61946,-1,6,-73
1754121941.6574602,3,0,-58
1754121941.69646,0,0,-61
1754121941.73246,-1,0,-59
1754121941.77146,0,-8,-64
1754121941.80846,-1,-3,-59
1754121941.84746,-1,-4,-56
1754121941.88546,-3,-7,-63
1754121941.9214602,-1,-2,-66
1754121941.95946,-3,-1,-74
1754121941.99746,6,-1,-70
1754121942.0364602,-2,0,-83
1754121942.07346,2,-5,-71
1754121942.11046,-7,-2,-69
1754121942.14846,-3,-2,-66
1754121942.1874602,0,0,-66
1754121942.22546,11,-3,-68
1754121942.26146,4,4,-64
1754121942.30046,0,4,-58
1754121942.33746,2,-3,-58
1754121942.37646,0,-5,-54
1754121942.41246,3,-1,-59
1754121942.4504602,1,0,-60
1754121942.48846,-1,1,-64
1754121942.52746,1,-3,-59
1754121942.5654602,2,-2,-59
1754121942.60146,1,-6,-65
1754121942.6384602,4,-7,-64
1754121942.6774602,4,-4,-61
1754121942.71546,0,-1,-59
1754121942.75146,-2,-7,-62
1754121942.7894602,-5,-3,-55
1754121942.82746,-4,-1,-55
1754121942.86646,-1,-2,-79
1754121942.90246,-3,0,-68
1754121942.9404602,-5,2,-74
1754121942.97846,-4,0,-65
1754121943.01746,-4,-2,-62
1754121943.05346,-8,0,-58
1754121943.09046,-8,5,-54
1754121943.12946,-2,2,-47
1754121943.1674602,6,0,-56
1754121943.20346,8,2,-73
1754121943.2404602,5,0,-72
1754121943.27846,1,-3,-78
1754121943.31746,-6,4,-84
1754121943.35346,-1,-4,-68
1754121943.3914602,-6,3,-62
1754121943.42946,-1,1,-59
1754121943.46846,-2,-1,-57
1754121943.5064602,-2,-3,-52
1754121943.5424602,0,1,-57
1754121943.57946,1,-2,-65
1754121943.61746,-3,-2,-64
1754121943.65646,2,-1,-59
1754121943.69246,-1,1,-48
1754121943.73146,-2,5,-55
1754121943.76846,-10,0,-63
1754121943.80746,-3,-1,-76
1754121943.84346,-6,-5,-66
1754121943.8814602,-7,-3,-69
1754121943.91946,0,-4,-66
1754121943.95846,0,-10,-56
1754121943.9964602,-1,-6,-71
1754121944.0324602,1,-2,-65
1754121944.07046,0,-1,-62
1754121944.10946,3,1,-56
1754121944.14746,1,-5,-67
1754121944.1844602,0,-1,-59
1754121944.22146,3,-4,-58
1754121944.2594602,-2,0,-57
1754121944.29846,-3,2,-67
1754121944.33646,0,6,-63
1754121944.37246,-5,-1,-59
1754121944.41046,-7,0,-50
1754121944.44846,4,-2,-45
1754121944.48746,6,-6,-46
1754121944.52346,4,-5,-56
1754121944.56146,-7,-1,-62
1754121944.59946,2,-6,-58
1754121944.6384602,0,-4,-68
1754121944.67646,5,0,-60
1754121944.71246,-1,-2,-61
1754121944.75046,-5,6,-59
1754121944.78846,0,-1,-63
1754121944.82746,1,-2,-64
1754121944.86346,-9,-4,-56
1754121944.90246,-4,-5,-68
1754121944.93946,5,-3,-71
1754121944.97846,0,0,-58
1754121945.01546,1,-3,-62
1754121945.0524602,2,0,-56
1754121945.09146,4,2,-62
1754121945.1284602,0,-5,-55
1754121945.1674602,3,1,-58
1754121945.20346,4,-1,-60
1754121945.24146,5,3,-53
1754121945.2794602,-7,0,-66
1754121945.31846,5,-5,-63
1754121945.35446,2,-3,-63
1754121945.39246,3,-3,-60
1754121945.43046,0,-8,-57
1754121945.46846,-1,2,-59
1754121945.50746,-2,1,-55
1754121945.54346,0,3,-61
1754121945.58046,1,0,-70
1754121945.61946,4,-6,-70
1754121945.6574602,0,-8,-62
1754121945.69346,5,-1,-46
1754121945.73146,8,-3,-60
1754121945.7694602,5,-5,-63
1754121945.80846,-1,0,-52
1754121945.84446,6,0,-50
1754121945.8814602,-1,-3,-66
1754121945.91946,0,-3,-55
1754121945.95846,0,-3,-51
1754121945.99446,0,-4,-56
1754121946.0324602,1,3,-58
1754121946.07046,1,2,-56
1754121946.10946,2,2,-68
1754121946.14846,3,4,-52
1754121946.1844602,0,1,-66
1754121946.22146,5,-4,-67
1754121946.2594602,0,-4,-62
1754121946.29846,2,-7,-65
1754121946.33446,0,-5,-69
1754121946.37246,2,1,-77
1754121946.4114602,-1,3,-54
1754121946.44946,0,-3,-58
1754121946.48746,-2,-4,-61
1754121946.52346,-5,-10,-73
1754121946.56146,-1,0,-46
1754121946.59946,2,0,-46
1754121946.6384602,-4,-1,-60
1754121946.6744602,-3,-1,-59
1754121946.71246,-2,1,-58
1754121946.75046,-6,0,-60
1754121946.7894602,-1,3,-67
1754121946.82746,-2,2,-62
1754121946.86346,-7,0,-56
1754121946.9014602,-8,-7,-57
1754121946.93946,-2,0,-66
1754121946.97846,-4,-5,-53
1754121947.01446,0,0,-66
1754121947.0524602,1,-4,-67
1754121947.09046,9,1,-67
1754121947.12946,-7,2,-69
1754121947.1674602,0,-2,-59
1754121947.20346,-5,-1,-57
1754121947.24146,0,3,-61
1754121947.2794602,3,-5,-66
1754121947.31846,-2,-5,-62
1754121947.35446,-5,-7,-62
1754121947.39246,2,-2,-60
1754121947.43046,-1,2,-60
1754121947.46946,7,0,-67
1754121947.50546,6,3,-59
1754121947.54346,0,-7,-65
1754121947.58146,-11,-9,-52
1754121947.61946,-5,-6,-54
1754121947.65846,-1,-3,-65
1754121947.6944602,2,0,-69
1754121947.73146,3,0,-61
1754121947.7694602,3,2,-56
1754121947.80846,3,2,-64
1754121947.84446,-2,4,-56
1754121947.88246,4,1,-68
1754121947.9214602,4,-3,-64
1754121947.95946,-1,0,-70
1754121947.99546,-7,-1,-70
1754121948.03346,-4,-2,-75
1754121948.07146,-1,-1,-66
1754121948.10946,2,-7,-65
1754121948.14846,6,2,-60
1754121948.1844602,4,2,-53
1754121948.22146,6,-3,-65
1754121948.26046,-5,2,-70
1754121948.29846,-3,-3,-70
1754121948.33446,3,-9,-74
1754121948.37246,6,-8,-61
1754121948.41046,-8,-1,-70
1754121948.44946,-11,0,-74
1754121948.48546,1,2,-72
1754121948.52246,-2,-3,-63
1754121948.56046,3,2,-61
1754121948.59946,1,1,-68
1754121948.63546,3,4,-65
1754121948.67246,1,3,-61
1754121948.7104602,-5,2,-64
1754121948.74946,0,-1,-60
1754121948.78546,-2,1,-67
1754121948.8224602,0,-3,-55
1754121948.86046,1,-1,-63
1754121948.89946,2,-4,-51
1754121948.93546,0,4,-57
1754121948.97246,0,-7,-55
1754121949.01046,2,-3,-63
1754121949.0494602,-2,4,-58
1754121949.0854602,-4,1,-63
1754121949.12346,-2,0,-63
1754121949.1614602,-3,-2,-70
1754121949.2004602,-4,0,-64
1754121949.23846,-1,3,-65
1754121949.27446,-3,4,-65
1754121949.3124602,-4,-1,-68
1754121949.35046,-5,-5,-61
1754121949.38946,-8,5,-49
1754121949.42546,-4,5,-62
1754121949.4634602,-8,-3,-63
1754121949.50246,2,4,-67
1754121949.54046,5,4,-74
1754121949.5854602,8,-3,-70
1754121949.62246,-2,-1,-70
1754121949.66046,2,-1,-55
1754121949.69946,-2,2,-60
1754121949.73546,-6,0,-75
1754121949.77346,-7,1,-73
1754121949.81146,-5,-1,-65
1754121949.85046,-5,-10,-62
1754121949.88646,-11,-10,-62
1754121949.9244602,-9,-2,-68
1754121949.96246,-1,3,-65
1754121950.00046,1,-1,-53
1754121950.0394602,-9,-5,-60
1754121950.0754602,-6,-7,-57
1754121950.11346,3,-3,-74
1754121950.15246,4,-8,-71
1754121950.1904602,0,-6,-64
1754121950.22746,-2,0,-66
1754121950.26446,6,-5,-68
1754121950.3024602,9,-3,-62
1754121950.34046,-2,-4,-59
1754121950.37946,-8,6,-65
1754121950.41546,-7,5,-65
1754121950.45346,-8,-3,-63
1754121950.49146,-4,-1,-56
1754121950.53046,-3,-6,-64
1754121950.56646,-4,-7,-63
1754121950.60446,0,-3,-65
1754121950.64246,1,-2,-61
1754121950.68146,1,-6,-57
1754121950.71946,-1,-3,-54
1754121950.75546,1,-4,-60
1754121950.79446,7,-4,-52
1754121950.83146,9,0,-56
1754121950.87046,1,-6,-60
1754121950.90646,0,-3,-66
1754121950.94346,0,-7,-61
1754121950.98146,-5,-7,-60
1754121951.02046,-3,-3,-66
1754121951.05646,-2,-2,-57
1754121951.09446,1,-1,-68
1754121951.13246,7,2,-63
1754121951.1714602,7,-5,-65
1754121951.20946,6,4,-69
1754121951.24546,3,0,-71
1754121951.2824602,6,0,-63
1754121951.32146,0,4,-69
1754121951.35946,-6,0,-73
1754121951.39546,-1,-4,-65
1754121951.43546,1,-3,-66
1754121951.47246,0,0,-61
1754121951.51146,5,-1,-60
1754121951.5494602,0,-4,-69
1754121951.5854602,0,2,-70
1754121951.62246,0,-7,-67
1754121951.6614602,6,0,-59
1754121951.69946,1,3,-72
1754121951.73546,0,-6,-74
1754121951.77446,1,0,-62
1754121951.81146,-1,0,-61
1754121951.85046,-4,0,-66
1754121951.88746,-6,1,-64
1754121951.9244602,-4,2,-74
1754121951.96246,0,-5,-66
1754121952.00146,-8,-8,-63
1754121952.03746,-10,-7,-62
1754121952.0754602,-9,3,-70
1754121952.11346,-4,1,-68
1754121952.1514602,-1,-2,-73
1754121952.1904602,0,1,-61
1754121952.22646,0,3,-70
1754121952.2634602,0,-5,-64
1754121952.30146,-4,-6,-58
1754121952.34046,2,-1,-62
1754121952.37646,4,-3,-68
1754121952.41546,6,-4,-70
1754121952.45246,-1,-6,-64
1754121952.49146,2,-4,-61
1754121952.52746,-5,0,-66
1754121952.5654602,-8,2,-54
1754121952.60446,0,0,-61
1754121952.6414602,1,-1,-49
1754121952.68046,1,1,-62
1754121952.71646,-1,3,-56
1754121952.75446,-9,0,-57
1754121952.79146,-1,2,-65
1754121952.83046,3,-1,-68
1754121952.86646,5,-4,-64
1754121952.9044602,9,0,-62
1754121952.94246,5,-1,-78
1754121952.9804602,3,-1,-64
1754121953.0164602,0,7,-65
1754121953.05446,3,-1,-58
1754121953.0924602,-5,0,-72
1754121953.13046,-9,1,-70
1754121953.16646,-8,0,-63
1754121953.20346,-3,5,-71
1754121953.24246,-5,6,-69
1754121953.28046,6,6,-63
1754121953.31646,-4,3,-65
1754121953.35446,-4,-6,-62
1754121953.39246,-8,-2,-65
1754121953.43146,-6,-2,-59
1754121953.4674602,0,-2,-61
1754121953.50446,6,-1,-56
1754121953.5424602,-1,0,-73
1754121953.58146,0,0,-65
1754121953.61746,2,0,-66
1754121953.6544602,1,2,-56
1754121953.69246,6,3,-54
1754121953.73146,2,-3,-65
1754121953.76746,2,1,-61
1754121953.80546,0,-3,-73
1754121953.8424602,-1,-2,-61
1754121953.8814602,-2,-2,-61
1754121953.9174602,-2,-2,-66
1754121953.95546,-1,1,-72
1754121953.9934602,-3,-1,-72
1754121954.0324602,1,-1,-60
1754121954.07046,1,-1,-60
1754121954.10646,-4,0,-53
1754121954.1444602,-4,0,-56
1754121954.18346,-4,7,-61
1754121954.22146,-6,-3,-64
1754121954.25746,-5,2,-57
1754121954.2964602,-4,0,-59
1754121954.33346,0,1,-68
1754121954.37246,-5,-3,-66
1754121954.40846,0,-7,-68
1754121954.44646,-3,-3,-70
1754121954.48446,1,-1,-60
1754121954.52246,1,-6,-65
1754121954.56146,4,-2,-61
1754121954.59746,4,1,-69
1754121954.6344602,2,-2,-60
1754121954.67246,1,1,-74
1754121954.71146,-1,-1,-76
1754121954.74746,8,-4,-78
1754121954.78546,4,-2,-71
1754121954.82346,0,4,-68
1754121954.86246,-7,2,-55
1754121954.89946,-3,1,-63
1754121954.93646,-4,-1,-66
1754121954.97446,2,-1,-71
1754121955.0134602,-4,2,-61
1754121955.05146,-2,-2,-65
1754121955.08746,4,1,-74
1754121955.12446,-1,-1,-64
1754121955.16346,4,3,-55
1754121955.20146,-3,4,-57
1754121955.23746,-11,5,-61
1754121955.2764602,-9,-3,-55
1754121955.31346,-4,-1,-65
1754121955.35246,1,-5,-60
1754121955.38946,-1,-3,-60
1754121955.42646,-1,-3,-66
1754121955.46446,-5,2,-57
1754121955.5034602,-7,-1,-57
1754121955.54146,-15,3,-60
1754121955.57746,-6,1,-64
1754121955.61446,10,-1,-56
1754121955.65346,4,-5,-65
1754121955.69146,-2,3,-68
1754121955.72746,-2,2,-62
1754121955.76546,0,-13,-68
1754121955.80346,-9,-1,-68
1754121955.8424602,5,8,-60
1754121955.8784602,3,6,-62
1754121955.9174602,1,0,-56
1754121955.95446,-4,-5,-64
1754121955.9934602,1,-1,-69
1754121956.03146,2,-2,-66
1754121956.06746,-6,-1,-64
1754121956.10646,-3,-1,-54
1754121956.14346,-3,0,-59
1754121956.18246,-4,2,-61
1754121956.21846,1,-4,-67
1754121956.2564602,6,-1,-67
1754121956.29446,4,-2,-70
1754121956.33346,-3,-6,-66
1754121956.3714602,-1,0,-59
1754121956.4074602,0,1,-55
1754121956.4444602,0,-3,-66
1754121956.4834602,0,-2,-64
1754121956.5194602,1,0,-72
1754121956.55646,-7,0,-64
1754121956.59446,-4,-3,-65
1754121956.63346,-11,-4,-61
1754121956.66946,-5,-1,-67
1754121956.7074602,0,2,-71
1754121956.74546,-2,-5,-58
1754121956.78346,-7,-5,-56
1754121956.8224602,-6,-1,-64
1754121956.8584602,-6,0,-65
1754121956.89746,-2,0,-68
1754121956.9344602,4,1,-82
1754121956.9734602,3,4,-73
1754121957.0094602,8,2,-67
1754121957.0464602,8,0,-71
1754121957.08446,5,-2,-57
1754121957.12346,9,-4,-62
1754121957.15946,3,2,-55
1754121957.19646,-4,0,-49
1754121957.23446,5,2,-60
1754121957.27346,0,-7,-55
1754121957.3094602,2,-5,-67
1754121957.3484602,0,-9,-75
1754121957.38546,5,-2,-55
1754121957.4244602,0,-1,-52
1754121957.46246,-2,3,-59
1754121957.49846,-3,-3,-62
1754121957.5364602,0,2,-73
1754121957.57446,-1,-8,-67
1754121957.61346,3,-6,-70
1754121957.64946,2,-1,-75
1754121957.6874602,-8,2,-67
1754121957.72546,-4,-5,-65
1754121957.76446,-1,-7,-57
1754121957.8024602,-1,-3,-62
1754121957.8384602,-3,0,-62
1754121957.87646,-5,-7,-62
1754121957.91546,0,5,-56
1754121957.95346,-1,0,-58
1754121957.98946,0,2,-66
1754121958.0264602,-4,-1,-64
1754121958.06446,-8,5,-56
1754121958.10346,-2,-2,-56
1754121958.13946,-4,3,-62
1754121958.17846,-7,-2,-69
1754121958.21546,-6,-7,-68
1754121958.25446,-3,-5,-59
1754121958.2924602,0,-6,-64
1754121958.32846,-6,-6,-60
1754121958.36646,-2,-3,-59
1754121958.4044602,-8,-4,-59
1754121958.44346,-1,-3,-48
1754121958.47946,1,5,-57
1754121958.51746,-4,3,-59
1754121958.55546,0,-3,-62
1754121958.59446,3,-3,-55
1754121958.63246,6,-4,-52
1754121958.66846,2,-2,-67
1754121958.70646,1,-3,-58
1754121958.74546,-3,-3,-70
1754121958.78346,0,-1,-63
1754121958.8194602,0,-2,-66
1754121958.85646,-3,-5,-56
1754121958.89546,-2,-4,-65
1754121958.93346,-4,0,-58
1754121958.96946,-1,2,-67
1754121959.0064602,3,3,-59
1754121959.04546,8,-3,-67
1754121959.08346,-1,-2,-70
1754121959.11946,-4,-1,-65
1754121959.15846,-2,0,-62
1754121959.19546,-5,-11,-59
1754121959.23446,-1,-1,-68
1754121959.27046,2,4,-62
1754121959.30846,-6,-1,-62
1754121959.3454602,-3,-1,-51
1754121959.3844602,-1,1,-66
1754121959.42046,1,-2,-63
1754121959.45846,-3,-5,-67
1754121959.4964602,-3,-3,-67
1754121959.53446,3,2,-61
1754121959.57346,1,1,-70
1754121959.61646,-6,2,-58
1754121959.6544602,-5,-4,-62
1754121959.69346,-2,0,-63
1754121959.72946,-5,0,-75
1754121959.76746,-2,-5,-72
1754121959.80546,-1,-3,-58
1754121959.84446,-6,-6,-61
1754121959.88046,-3,0,-69
1754121959.91846,6,-8,-59
1754121959.9574602,-1,-6,-56
1754121959.99546,-5,0,-68
1754121960.03346,0,0,-68
1754121960.0694602,4,0,-61
1754121960.10646,-3,-1,-67
1754121960.14546,3,-5,-66
1754121960.18346,5,-2,-55
1754121960.21946,-1,-4,-59
1754121960.25746,-2,-5,-60
1754121960.2964602,-1,0,-63
1754121960.33446,-1,-1,-62
1754121960.37046,4,-1,-56
1754121960.40946,5,-11,-52
1754121960.44646,7,-1,-69
1754121960.48546,-1,6,-68
1754121960.52346,0,4,-71
1754121960.5594602,3,2,-65
1754121960.59646,-4,-6,-67
1754121960.63546,-4,-1,-63
1754121960.67346,1,-1,-60
1754121960.70946,-6,4,-55
1754121960.74746,1,0,-65
1754121960.78546,2,0,-62
1754121960.82446,5,-3,-53
1754121960.86046,6,0,-55
1754121960.89746,8,0,-60
1754121960.93546,7,2,-63
1754121960.97446,-1,8,-68
1754121961.01046,2,8,-63
1754121961.04746,0,3,-66
1754121961.0854602,-9,2,-67
1754121961.12446,1,0,-63
1754121961.16046,-1,-2,-61
1754121961.19846,7,2,-67
1754121961.2364602,3,5,-69
1754121961.27546,5,-3,-68
1754121961.31146,-2,-4,-71
1754121961.34946,-7,-8,-66
1754121961.38746,-6,-3,-62
1754121961.42546,-3,0,-58
1754121961.46446,-5,-2,-58
1754121961.50046,-2,1,-53
1754121961.53846,-1,0,-56
1754121961.57646,-2,-2,-50
1754121961.6154602,-3,5,-56
1754121961.6514602,-2,6,-58
1754121961.68946,-3,8,-58
1754121961.72746,4,-2,-72
1754121961.76546,5,-1,-71
1754121961.80446,-1,-1,-64
1754121961.84046,-3,0,-71
1754121961.8784602,1,-1,-65
1754121961.91646,-12,-7,-60
1754121961.95546,-12,-9,-66
1754121961.99146,-7,-5,-62
1754121962.0294602,-6,-2,-62
1754121962.06746,-4,-3,-61
1754121962.10646,6,-8,-60
1754121962.1444602,5,-3,-60
1754121962.18046,3,-2,-68
1754121962.21846,0,0,-78
1754121962.2564602,-7,-5,-73
1754121962.29546,-2,-4,-63
1754121962.33146,0,-3,-58
1754121962.36946,-4,-3,-54
1754121962.4074602,-1,-1,-72
1754121962.44646,1,0,-64
1754121962.48446,-2,1,-66
1754121962.52046,-7,1,-63
1754121962.55846,1,4,-57
1754121962.59746,0,3,-75
1754121962.63546,-2,3,-63
1754121962.6714602,6,-5,-61
1754121962.70846,1,-5,-64
1754121962.74746,3,-2,-65
1754121962.78546,6,-3,-54
1754121962.82146,2,-6,-58
1754121962.85946,-4,3,-59
1754121962.89746,-6,-6,-61
1754121962.93646,-6,-10,-63
1754121962.97446,-1,-4,-62
1754121963.01046,-6,0,-70
1754121963.04846,-2,1,-64
1754121963.08646,-1,0,-60
1754121963.12546,0,-2,-63
1754121963.1614602,-3,-2,-59
1754121963.19946,0,-2,-57
1754121963.23746,-1,-4,-66
1754121963.2764602,3,-3,-68
1754121963.31446,-8,3,-69
1754121963.35046,-6,3,-70
1754121963.3884602,0,3,-66
1754121963.4274602,-2,-2,-72
1754121963.46546,-1,-5,-61
1754121963.50146,-7,-1,-67
1754121963.5394602,5,-7,-62
1754121963.57746,3,-8,-56
1754121963.61646,-1,-7,-64
1754121963.65246,-2,-4,-69
1754121963.6904602,2,-1,-56
1754121963.72846,-1,0,-52
1754121963.7664602,-3,1,-69
1754121963.80546,6,-1,-72
1754121963.84146,-1,-2,-75
1754121963.87946,2,5,-76
1754121963.9174602,5,-3,-69
1754121963.95646,3,-7,-66
1754121963.99246,0,-4,-63
1754121964.03146,0,1,-64
1754121964.0694602,0,-2,-66
1754121964.10646,3,0,-78
1754121964.14546,1,-2,-62
1754121964.18146,2,0,-69
1754121964.21846,-1,0,-66
1754121964.25746,-9,3,-54
1754121964.29546,5,3,-59
1754121964.33146,4,6,-60
1754121964.3684602,2,-7,-61
1754121964.4074602,-1,-5,-59
1754121964.44546,-1,-3,-66
1754121964.48146,-1,-4,-64
1754121964.5194602,-3,-1,-74
1754121964.55746,-3,-1,-65
1754121964.59646,1,-1,-61
1754121964.63246,4,1,-56
1754121964.66946,5,-2,-64
1754121964.7074602,0,4,-68
1754121964.7464602,-5,4,-67
1754121964.7824602,-4,-3,-69
1754121964.82046,4,-5,-55
1754121964.8584602,6,0,-61
1754121964.89746,1,-8,-51
1754121964.93546,0,-1,-56
1754121964.97246,-2,-1,-51
1754121965.0094602,-1,-2,-65
1754121965.04746,3,3,-76
1754121965.08646,-3,-3,-62
1754121965.12246,-1,1,-65
1754121965.16046,-6,-1,-63
1754121965.19946,-4,-3,-62
1754121965.23746,-5,-4,-58
1754121965.27546,-2,1,-65
1754121965.31146,-3,2,-65
1754121965.34946,-10,-5,-66
1754121965.38746,-9,-9,-69
1754121965.42646,-1,0,-72
1754121965.46246,-1,2,-79
1754121965.50046,-4,0,-68
1754121965.53846,7,-3,-73
1754121965.57746,-4,-4,-70
1754121965.61346,5,1,-68
1754121965.65046,3,2,-66
1754121965.68846,2,0,-69
1754121965.72746,0,1,-66
1754121965.7634602,7,1,-74
1754121965.80046,4,-4,-68
1754121965.8384602,-1,-1,-63
1754121965.87746,-4,7,-61
1754121965.91346,-4,1,-68
1754121965.95146,-6,0,-62
1754121965.98946,-3,0,-63
1754121966.02746,1,0,-59
1754121966.06646,2,0,-59
1754121966.10246,2,-5,-65
1754121966.14046,1,-2,-68
1754121966.17946,0,-2,-65
1754121966.2174602,1,3,-57
1754121966.2534602,0,0,-70
1754121966.29046,1,1,-75
1754121966.32946,9,-7,-48
1754121966.36746,-4,-7,-61
1754121966.40346,-2,-12,-67
1754121966.44146,-2,-5,-70
1754121966.47946,-2,-4,-70
1754121966.51746,-1,-5,-60
1754121966.55646,-6,2,-64
1754121966.5924602,0,6,-63
1754121966.62946,-1,-2,-53
1754121966.66846,0,0,-70
1754121966.70646,-2,-2,-60
1754121966.74246,1,0,-59
1754121966.7794602,2,-2,-56
1754121966.81846,0,1,-58
1754121966.85646,0,1,-58
1754121966.89246,3,-5,-59
1754121966.93046,-1,0,-63
1754121966.96846,2,-2,-60
1754121967.00746,-3,-2,-65
1754121967.04346,-1,1,-64
1754121967.08046,3,-1,-61
1754121967.11946,6,-2,-55
1754121967.1574602,6,-9,-63
1754121967.19346,4,-4,-68
1754121967.2304602,-7,3,-57
1754121967.26846,6,-2,-64
1754121967.30746,3,4,-58
1754121967.34346,5,2,-67
1754121967.38046,0,-1,-69
1754121967.41846,2,0,-65
1754121967.4574602,0,-8,-75
1754121967.4934602,5,-5,-74
1754121967.53046,3,-4,-79
1754121967.56846,0,-4,-71
1754121967.60746,0,-3,-70
1754121967.64346,-4,-2,-61
1754121967.68146,1,-6,-61
1754121967.71946,3,5,-60
1754121967.75846,-1,0,-63
1754121967.7964602,0,0,-56
1754121967.83346,-5,-1,-57
1754121967.87046,-7,-1,-62
1754121967.90846,0,-4,-60
1754121967.9474602,2,0,-70
1754121967.9834602,1,0,-59
1754121968.02146,6,0,-62
1754121968.05846,-2,0,-60
1754121968.09746,-2,2,-56
1754121968.13346,-1,-3,-61
1754121968.1714602,0,1,-69
1754121968.20946,0,-3,-73
1754121968.24846,0,0,-71
1754121968.28446,0,-9,-68
1754121968.3224602,3,-3,-69
1754121968.36046,-2,4,-70
1754121968.39846,8,-2,-60
1754121968.4374602,-2,-2,-56
1754121968.4734602,-4,0,-69
1754121968.51146,-6,0,-69
1754121968.5494602,-2,-9,-64
1754121968.5884602,4,-4,-55
1754121968.62446,-6,-1,-67
1754121968.66246,6,1,-64
1754121968.7004602,0,-1,-55
1754121968.73846,1,-4,-61
1754121968.77746,0,1,-67
1754121968.81346,1,1,-63
1754121968.85146,1,0,-50
1754121968.88946,-5,-5,-60
1754121968.92846,0,-6,-71
1754121968.96446,1,-3,-69
1754121969.00246,0,0,-65
1754121969.04046,8,-4,-64
1754121969.07946,0,-3,-72
1754121969.11746,2,1,-60
1754121969.15346,-5,6,-63
1754121969.19246,2,-5,-54
1754121969.22946,-2,-1,-58
1754121969.26846,-6,3,-64
1754121969.30446,-5,2,-59
1754121969.3424602,-3,0,-62
1754121969.3814602,0,-2,-61
1754121969.41946,0,-2,-62
1754121969.4574602,-4,5,-58
1754121969.4934602,-8,8,-61
1754121969.53146,-5,3,-57
1754121969.5694602,2,2,-73
1754121969.6084602,3,4,-66
1754121969.65246,-10,5,-59
1754121969.6904602,-2,2,-61
1754121969.72946,-2,3,-70
1754121969.76746,-1,0,-63
1754121969.80346,0,-4,-59
1754121969.84146,0,2,-62
1754121969.87946,0,0,-68
1754121969.91846,3,4,-67
1754121969.95446,0,4,-73
1754121969.99146,0,-1,-69
1754121970.03046,-2,-3,-60
1754121970.06846,-7,1,-64
1754121970.10446,-7,-2,-69
1754121970.14346,-6,-6,-65
1754121970.18046,-7,-4,-72
1754121970.21946,-3,3,-65
1754121970.25746,-4,0,-59
1754121970.29346,6,5,-60
1754121970.33046,2,-1,-76
1754121970.36946,-5,-2,-73
1754121970.40646,-3,-4,-74
1754121970.44346,-8,-2,-74
1754121970.48146,-4,-5,-64
1754121970.5194602,1,-6,-72
1754121970.55846,0,0,-69
1754121970.59446,1,-2,-67
1754121970.6314602,1,-3,-71
1754121970.66946,0,-1,-64
1754121970.70846,5,0,-64
1754121970.74446,7,-6,-64
1754121970.7824602,0,2,-71
1754121970.82046,0,0,-61
1754121970.85946,4,1,-58
1754121970.89546,1,6,-54
1754121970.93346,4,0,-61
1754121970.97146,-2,-3,-69
1754121971.01046,1,-6,-71
1754121971.04846,9,1,-65
1754121971.08446,9,0,-71
1754121971.1214602,0,-1,-62
1754121971.15946,2,2,-63
1754121971.19946,0,5,-65
1754121971.23546,-8,-3,-64
1754121971.27346,-5,0,-75
1754121971.31146,3,-8,-62
1754121971.35046,8,-3,-59
1754121971.3884602,4,-4,-63
1754121971.4244602,2,-2,-58
1754121971.46246,5,-1,-64
1754121971.50046,3,0,-65
1754121971.5394602,0,4,-68
1754121971.5754602,4,-2,-61
1754121971.61246,2,0,-61
1754121971.65046,3,0,-63
1754121971.68946,1,-4,-67
1754121971.72546,5,-8,-65
1754121971.76446,6,1,-74
1754121971.80146,1,0,-69
1754121971.84046,-1,2,-69
1754121971.8784602,-4,0,-66
1754121971.9144602,-2,1,-61
1754121971.95246,-1,6,-64
1754121971.9904602,-1,4,-67
1754121972.0294602,0,3,-51
1754121972.0654602,5,3,-52
1754121972.10346,0,4,-63
1754121972.1414602,3,-1,-67
1754121972.18046,3,0,-76
1754121972.21846,3,-1,-75
1754121972.25446,-2,-5,-64
1754121972.2924602,-3,0,-61
1754121972.33046,-4,0,-69
1754121972.36946,-6,-4,-66
1754121972.40546,-2,2,-72
1754121972.44246,1,2,-59
1754121972.48146,0,-10,-74
1754121972.5194602,1,0,-65
1754121972.55546,0,-5,-60
1754121972.59446,-4,-7,-70
1754121972.6314602,-1,-3,-67
1754121972.67046,0,-7,-61
1754121972.70646,4,-3,-65
1754121972.74446,3,-4,-62
1754121972.7824602,3,-7,-65
1754121972.82046,2,-6,-69
1754121972.85946,4,-5,-68
1754121972.89546,-2,-9,-74
1754121972.93346,3,-5,-61
1754121972.97146,1,1,-67
1754121973.01046,-5,2,-68
1754121973.0464602,-3,0,-76
1754121973.08446,-3,5,-57
1754121973.12246,4,-7,-56
1754121973.16046,2,0,-47
1754121973.19946,-6,-2,-50
1754121973.23546,0,-3,-61
1754121973.27446,0,0,-65
1754121973.31146,3,0,-62
1754121973.35046,0,4,-60
1754121973.38646,-5,0,-56
1754121973.4244602,-1,-5,-59
1754121973.46246,4,0,-56
1754121973.50146,3,-1,-55
1754121973.5394602,-6,-8,-54
1754121973.5754602,4,-1,-64
1754121973.61346,-3,-5,-70
1754121973.6514602,-4,-3,-62
1754121973.6904602,-4,-7,-62
1754121973.72646,-8,-2,-72
1754121973.76446,1,3,-61
1754121973.8024602,-7,6,-64
1754121973.84146,-2,-2,-68
1754121973.87946,1,-2,-55
1754121973.91546,1,-3,-66
1754121973.95346,-1,0,-55
1754121973.99146,0,-3,-53
1754121974.03046,2,1,-66
1754121974.06646,3,0,-67
1754121974.10346,0,1,-63
1754121974.1414602,-2,1,-61
1754121974.18046,2,1,-60
1754121974.21646,-6,2,-61
1754121974.25446,-6,1,-63
1754121974.2924602,5,-7,-65
1754121974.33146,-1,-3,-70
1754121974.36946,0,2,-68
1754121974.40546,-9,-1,-65
1754121974.44346,0,-2,-67
1754121974.48246,-3,-6,-68
1754121974.52046,-10,-8,-67
1754121974.55646,-3,-8,-61
1754121974.59446,0,-8,-62
1754121974.63246,-3,-1,-60
1754121974.6714602,7,-6,-66
1754121974.70946,4,-4,-62
1754121974.74546,2,-1,-59
1754121974.78346,0,-1,-63
1754121974.82146,-2,0,-65
1754121974.86046,-6,3,-61
1754121974.89646,-4,0,-66
1754121974.93346,-3,-2,-71
1754121974.97146,-4,-2,-75
1754121975.01046,-3,-3,-77
1754121975.0464602,-9,0,-65
1754121975.08446,-5,-6,-58
1754121975.1214602,-3,-2,-67
1754121975.16046,2,-7,-79
1754121975.19646,-4,-4,-74
1754121975.23446,-7,-4,-73
1754121975.27246,-6,-3,-60
1754121975.31146,1,-12,-59
1754121975.34746,3,-10,-58
1754121975.3844602,3,-3,-67
1754121975.42246,-1,-1,-68
1754121975.46146,2,-5,-62
1754121975.49746,1,-10,-61
1754121975.53546,-1,-6,-69
1754121975.57346,5,-1,-73
1754121975.6114602,4,0,-71
1754121975.65046,0,0,-75
1754121975.68646,2,-3,-66
1754121975.72546,-5,-6,-55
1754121975.76246,0,1,-67
1754121975.80146,-6,0,-62
1754121975.83746,-7,-4,-64
1754121975.87546,0,-3,-62
1754121975.91346,1,-7,-61
1754121975.95246,1,-5,-66
1754121975.9904602,4,-5,-61
1754121976.0264602,8,-6,-70
1754121976.06446,5,-8,-65
1754121976.10246,1,0,-64
1754121976.1414602,7,1,-58
1754121976.1774602,6,2,-60
1754121976.21546,3,-1,-60
1754121976.2534602,5,-7,-60
1754121976.2924602,8,2,-62
1754121976.33046,6,-4,-59
1754121976.36646,2,-7,-61
1754121976.40546,0,-2,-64
1754121976.44246,-5,-5,-72
1754121976.48146,-2,-5,-66
1754121976.51846,-1,-1,-61
1754121976.55546,-4,-2,-67
1754121976.59346,-6,0,-69
1754121976.63246,0,0,-72
1754121976.67046,1,0,-57
1754121976.70646,-5,-2,-64
1754121976.74446,-5,0,-64
1754121976.7824602,5,-1,-68
1754121976.82146,6,0,-61
1754121976.85746,2,0,-60
1754121976.8944602,0,-4,-55
1754121976.93246,-9,-4,-63
1754121976.97146,-4,-3,-54
1754121977.00746,-10,-10,-64
1754121977.04546,-1,-10,-66
1754121977.08346,-1,-5,-69
1754121977.12246,9,0,-65
1754121977.15846,-1,-3,-71
1754121977.19646,7,2,-63
1754121977.23546,-5,1,-58
1754121977.27246,-5,3,-63
1754121977.31146,-5,-4,-56
1754121977.34746,-4,-6,-49
1754121977.38546,3,2,-63
1754121977.42346,5,4,-62
1754121977.46246,-3,-2,-58
1754121977.49846,2,-1,-75
1754121977.5364602,-1,1,-71
1754121977.57446,0,-5,-61
1754121977.61246,-6,-2,-72
1754121977.6514602,-2,-10,-62
1754121977.6874602,2,-10,-57
1754121977.72546,-2,-1,-63
1754121977.7634602,0,-2,-67
1754121977.8024602,1,-4,-67
1754121977.8384602,-2,-4,-66
1754121977.87646,0,-9,-60
1754121977.9144602,-2,-2,-65
1754121977.95246,3,-7,-70
1754121977.99146,-6,0,-70
1754121978.02746,-3,0,-63
1754121978.0654602,0,1,-67
1754121978.10346,2,0,-76
1754121978.14246,0,-4,-74
1754121978.17846,-1,0,-60
1754121978.21646,0,-1,-66
1754121978.25446,-5,3,-55
1754121978.29346,-3,1,-44
1754121978.33146,0,-5,-57
1754121978.36746,0,0,-61
1754121978.4044602,0,1,-60
1754121978.44346,-1,-1,-53
1754121978.48146,0,5,-63
1754121978.51746,-6,-2,-70
1754121978.55646,-2,-2,-58
1754121978.59346,3,-2,-64
1754121978.63246,1,0,-61
1754121978.66846,6,0,-67
1754121978.70646,0,-1,-69
1754121978.74446,-5,-2,-67
1754121978.78346,-4,0,-54
1754121978.82146,-2,-2,-60
1754121978.85746,0,6,-59
1754121978.8944602,-9,-6,-60
1754121978.93346,-7,-6,-63
1754121978.97146,-6,-5,-61
1754121979.00746,0,-8,-64
1754121979.04546,-2,-1,-71
1754121979.08346,5,0,-74
1754121979.12246,7,-4,-70
1754121979.15846,2,-6,-59
1754121979.19646,8,3,-79
1754121979.23446,4,-2,-69
1754121979.27346,-4,0,-70
1754121979.31146,-3,0,-72
1754121979.34746,-7,-1,-74
1754121979.38646,-4,-9,-54
1754121979.42346,2,-8,-61
1754121979.46246,-8,1,-63
1754121979.49846,-2,-5,-69
1754121979.5364602,-3,0,-67
1754121979.57446,-1,1,-65
1754121979.61346,0,-4,-66
1754121979.65646,1,-7,-66
1754121979.6944602,3,-4,-58
1754121979.7334602,3,5,-62
1754121979.7694602,1,2,-56
1754121979.80646,-3,2,-58
1754121979.84446,-5,2,-76
1754121979.88346,0,0,-70
1754121979.91946,-3,0,-66
1754121979.9574602,4,-2,-60
1754121979.99546,5,-5,-67
1754121980.03346,0,-1,-72
1754121980.0724602,1,4,-58
1754121980.1084602,1,5,-71
1754121980.14646,4,0,-59
1754121980.1844602,-1,-3,-63
1754121980.2234602,-8,-1,-56
1754121980.2594602,-1,-2,-66
1754121980.29746,4,-4,-74
1754121980.3354602,7,-1,-67
1754121980.37446,-3,8,-60
1754121980.41246,-8,6,-73
1754121980.44846,0,3,-76
1754121980.48546,0,4,-68
1754121980.52446,2,-3,-77
1754121980.5624602,-3,-1,-63
1754121980.5984602,-1,0,-65
1754121980.63746,2,0,-65
1754121980.6744602,-1,0,-65
1754121980.7134602,3,-2,-62
1754121980.74946,-7,-6,-62
1754121980.78746,-4,-7,-62
1754121980.8254602,-5,0,-57
1754121980.86446,-1,0,-53
1754121980.90246,-3,4,-59
1754121980.93846,2,0,-66
1754121980.97546,2,-5,-65
1754121981.01446,2,-1,-66
1754121981.0524602,-4,-7,-65
1754121981.0884602,0,-3,-68
1754121981.12646,-4,-1,-56
1754121981.16546,-4,-3,-48
1754121981.20346,-1,6,-53
1754121981.23946,3,2,-52
1754121981.27846,-1,-1,-61
1754121981.3154602,2,-1,-58
1754121981.35446,4,1,-56
1754121981.39246,5,0,-66
1754121981.42846,3,5,-76
1754121981.46546,0,2,-77
1754121981.50446,-10,-5,-68
1754121981.5424602,-2,-3,-69
1754121981.57846,-5,-5,-81
1754121981.61646,-1,-4,-80
1754121981.6544602,-4,2,-75
1754121981.69346,2,6,-66
1754121981.72946,-2,1,-65
1754121981.76746,0,4,-60
1754121981.80546,-3,3,-58
1754121981.84446,-4,0,-61
1754121981.88046,0,1,-60
1754121981.9174602,1,-1,-55
1754121981.95546,5,3,-60
1754121981.99446,-4,2,-50
1754121982.03046,-1,-2,-64
1754121982.06846,-5,7,-72
1754121982.10646,-10,0,-62
1754121982.1444602,-3,4,-65
1754121982.18346,-10,0,-72
1754121982.21946,-5,0,-67
1754121982.25846,0,1,-60
1754121982.2964602,-6,0,-59
1754121982.33446,-7,-2,-64
1754121982.37046,-9,-1,-62
1754121982.40846,-6,-6,-67
1754121982.44646,0,-1,-58
1754121982.48446,-3,0,-64
1754121982.52346,10,1,-67
1754121982.5594602,9,3,-56
1754121982.59646,-3,-5,-51
1754121982.6344602,-4,-4,-50
1754121982.67346,3,-5,-63
1754121982.70946,3,0,-59
1754121982.7464602,5,-2,-58
1754121982.78546,5,2,-58
1754121982.82346,0,-1,-53
1754121982.85946,-2,-4,-54
1754121982.89746,10,-5,-67
1754121982.93546,4,-4,-71
1754121982.97446,5,0,-66
1754121983.01146,-2,0,-65
1754121983.04846,-1,-2,-61
1754121983.08646,1,0,-55
1754121983.12546,-6,-1,-64
1754121983.16346,-7,0,-75
1754121983.19946,-2,0,-60
1754121983.23746,-1,-3,-60
1754121983.27546,0,-4,-65
1754121983.31346,2,3,-54
1754121983.34946,-4,6,-59
1754121983.38646,0,2,-67
1754121983.42546,-1,2,-50
1754121983.4634602,1,0,-56
1754121983.49946,0,-6,-56
1754121983.5364602,1,-4,-56
1754121983.5754602,-10,-2,-74
1754121983.61346,-5,-6,-62
1754121983.64946,-4,-10,-59
1754121983.6874602,-6,-1,-69
1754121983.72646,3,-1,-66
1754121983.76446,0,-3,-57
1754121983.80046,0,0,-54
1754121983.83746,0,-4,-56
1754121983.87646,4,0,-63
1754121983.9144602,-1,0,-62
1754121983.9504602,-13,-3,-73
1754121983.98946,-4,-1,-70
1754121984.0264602,-1,0,-64
1754121984.0654602,-1,1,-75
1754121984.10146,1,-3,-71
1754121984.13946,-4,-1,-68
1754121984.1774602,-4,3,-47
1754121984.21546,-2,4,-59
1754121984.25446,-2,-8,-55
1754121984.29046,-5,-5,-50
1754121984.32846,-7,-4,-62
1754121984.36746,-7,-2,-72
1754121984.40546,-1,-4,-68
1754121984.44146,3,-3,-62
1754121984.47946,3,1,-66
1754121984.51746,5,-4,-73
1754121984.55646,0,3,-65
1754121984.59446,1,1,-59
1754121984.63046,0,2,-62
1754121984.6674602,3,7,-61
1754121984.70646,4,0,-68
1754121984.74446,0,2,-57
1754121984.78046,0,0,-57
1754121984.81746,4,-3,-57
1754121984.85646,3,5,-64
1754121984.8944602,1,0,-58
1754121984.93046,3,-2,-62
1754121984.96846,3,-3,-59
1754121985.0064602,-2,-3,-66
1754121985.04546,-3,-4,-58
1754121985.08146,4,-2,-57
1754121985.1184602,1,11,-60
1754121985.15646,-4,-2,-68
1754121985.1944602,2,0,-70
1754121985.2304602,-5,4,-72
1754121985.26846,-5,1,-71
1754121985.30646,-4,0,-61
1754121985.3454602,-4,-7,-64
1754121985.3814602,-1,-3,-67
1754121985.41946,-5,2,-66
1754121985.4574602,-7,5,-58
1754121985.4964602,0,6,-56
1754121985.53446,-1,-2,-58
1754121985.57046,-8,1,-61
1754121985.6084602,-12,-5,-75
1754121985.64646,-3,-4,-69
1754121985.68546,-2,-5,-65
1754121985.72146,-1,-11,-65
1754121985.7594602,3,-6,-61
1754121985.79846,-1,-6,-56
1754121985.83646,-3,4,-65
1754121985.87446,2,6,-73
1754121985.91046,-1,-1,-78
1754121985.94846,0,-6,-64
1754121985.9864602,0,-8,-61
1754121986.02546,4,-8,-64
1754121986.06146,2,-5,-61
1754121986.09946,-5,-1,-67
1754121986.13746,-2,-5,-73
1754121986.17646,0,-5,-71
1754121986.21446,1,0,-61
1754121986.25046,0,3,-78
1754121986.28746,-8,7,-54
1754121986.32646,-6,1,-53
1754121986.36246,1,-2,-49
1754121986.40046,1,-3,-51
1754121986.43946,0,0,-49
1754121986.47646,2,0,-59
1754121986.51546,2,1,-61
1754121986.55146,-2,0,-57
1754121986.58946,6,0,-62
1754121986.62746,4,1,-61
1754121986.66646,-2,0,-55
1754121986.70246,-4,5,-52
1754121986.7404602,-1,4,-60
1754121986.77846,-2,-1,-64
1754121986.81646,0,-5,-52
1754121986.8554602,1,2,-54
1754121986.8914602,8,3,-65
1754121986.92846,4,-4,-66
1754121986.96646,4,4,-61
1754121987.00546,-6,-1,-55
1754121987.04146,0,-6,-57
1754121987.07946,-7,-3,-53
1754121987.11746,-10,-5,-67
1754121987.15646,4,-2,-60
1754121987.19246,-4,-4,-67
1754121987.2304602,-3,-3,-72
1754121987.26846,-6,-1,-67
1754121987.30746,-5,0,-55
1754121987.3454602,8,0,-59
1754121987.3814602,0,0,-52
1754121987.41946,0,-1,-60
1754121987.4574602,4,-4,-65
1754121987.49546,-4,0,-51
1754121987.53146,0,0,-69
1754121987.56846,4,1,-64
1754121987.60746,0,-1,-62
1754121987.64546,6,-4,-66
1754121987.68146,-2,-8,-57
1754121987.71946,6,-6,-61
1754121987.75846,1,2,-53
1754121987.7964602,3,0,-57
1754121987.8324602,1,-1,-71
1754121987.87046,0,-3,-65
1754121987.90846,4,-2,-71
1754121987.9474602,3,4,-67
1754121987.98546,-2,-2,-76
1754121988.02146,4,-2,-66
1754121988.05846,0,-2,-65
1754121988.09746,-9,1,-57
1754121988.13546,-10,2,-55
1754121988.1714602,-9,-5,-68
1754121988.20946,-8,1,-52
1754121988.24746,0,-1,-68
1754121988.2864602,0,-7,-54
1754121988.3224602,0,-6,-60
1754121988.36046,-1,-1,-64
1754121988.39846,-3,0,-64
1754121988.4374602,-5,-4,-56
1754121988.47546,-6,-2,-56
1754121988.51246,0,3,-64
1754121988.5494602,-1,-1,-60
1754121988.58746,4,-7,-63
1754121988.62646,-2,-5,-65
1754121988.66246,3,-5,-66
1754121988.7004602,-1,-3,-82
1754121988.73846,-2,-3,-71
1754121988.77746,-8,-8,-70
1754121988.81346,-1,-10,-64
1754121988.85146,6,-2,-66
1754121988.88946,1,0,-63
1754121988.9274602,-9,0,-62
1754121988.96646,-3,-2,-56
1754121989.00246,3,-6,-54
1754121989.0394602,1,4,-59
1754121989.07746,-3,1,-65
1754121989.11646,7,0,-64
1754121989.15246,-2,0,-64
1754121989.1904602,7,-3,-67
1754121989.22946,-1,-4,-59
1754121989.26746,-7,-4,-66
1754121989.30346,-4,0,-54
1754121989.34046,-3,-2,-53
1754121989.37946,1,-6,-74
1754121989.4174602,2,0,-58
1754121989.45346,4,4,-64
1754121989.4904602,7,1,-55
1754121989.5294602,-4,1,-70
1754121989.56746,-7,10,-73
1754121989.60346,-12,5,-67
1754121989.6414602,-3,0,-70
1754121989.6874602,-2,-3,-58
1754121989.7234602,-2,0,-70
1754121989.76146,-3,0,-63
1754121989.7994602,7,-6,-62
1754121989.8384602,0,-6,-67
1754121989.87646,-1,-2,-65
1754121989.91246,-3,0,-67
1754121989.9504602,2,0,-68
1754121989.98846,-2,0,-77
1754121990.02746,1,-1,-77
1754121990.06346,6,1,-73
1754121990.10046,1,1,-65
1754121990.1384602,-1,4,-61
1754121990.1774602,-5,3,-53
1754121990.2134602,2,-3,-55
1754121990.25146,8,0,-57
1754121990.2894602,4,5,-60
1754121990.32846,-3,14,-59
1754121990.36646,6,0,-66
1754121990.40346,7,-3,-64
1754121990.4404602,-2,-1,-64
1754121990.47846,3,0,-69
1754121990.51746,4,-4,-67
1754121990.55346,0,-4,-66
1754121990.59146,-1,-6,-60
1754121990.62946,1,-2,-74
1754121990.66846,0,0,-63
1754121990.70646,-7,-1,-61
1754121990.74246,-6,-3,-65
1754121990.78046,-6,1,-69
1754121990.81846,0,-5,-62
1754121990.85746,11,0,-72
1754121990.89346,7,0,-73
1754121990.93046,4,-6,-71
1754121990.96846,0,-1,-63
1754121991.00746,4,1,-53
1754121991.04346,0,1,-63
1754121991.08046,0,6,-59
1754121991.1184602,-3,-2,-68
1754121991.1574602,-1,-7,-68
1754121991.19346,0,-2,-76
1754121991.23146,1,-3,-76
1754121991.2694602,0,-3,-71
1754121991.30846,-8,-6,-67
1754121991.34446,-1,-2,-69
1754121991.38346,1,0,-54
1754121991.42046,-3,0,-71
1754121991.45846,-2,-1,-65
1754121991.49746,3,-1,-64
1754121991.53346,-4,4,-63
1754121991.57146,-2,2,-67
1754121991.60946,-1,9,-75
1754121991.64846,0,5,-69
1754121991.6844602,-6,2,-68
1754121991.72246,-3,6,-65
1754121991.76046,-1,-1,-65
1754121991.79846,-7,-4,-62
1754121991.83746,-1,-7,-60
1754121991.87346,-2,-6,-60
1754121991.9114602,-4,0,-53
1754121991.94946,-3,1,-70
1754121991.98846,-3,-2,-58
1754121992.02446,-1,-2,-61
1754121992.0624602,4,1,-68
1754121992.10046,6,5,-74
1754121992.13946,5,4,-64
1754121992.1774602,0,1,-71
1754121992.2134602,3,2,-70
1754121992.25046,1,1,-64
1754121992.2894602,5,-3,-57
1754121992.32746,5,-7,-62
1754121992.36346,0,-9,-63
1754121992.4014602,-6,-3,-63
1754121992.43946,-2,-5,-63
1754121992.47846,-6,0,-57
1754121992.51446,-9,2,-67
1754121992.5524602,0,0,-65
1754121992.59046,-2,0,-83
1754121992.62946,-6,1,-74
1754121992.6674602,-3,3,-63
1754121992.70446,4,1,-71
1754121992.74146,0,3,-64
1754121992.7794602,-4,8,-59
1754121992.81846,-4,2,-65
1754121992.85446,-11,-3,-64
1754121992.89246,-9,-3,-68
1754121992.93146,-3,1,-55
1754121992.96946,2,-2,-66
1754121993.00746,-5,-1,-69
1754121993.04346,1,-8,-71
1754121993.08146,0,0,-68
1754121993.11946,-1,0,-68
1754121993.15846,6,1,-64
1754121993.1944602,3,-2,-74
1754121993.23246,0,-1,-70
1754121993.27046,-1,-4,-66
1754121993.3094602,-4,-3,-60
1754121993.3454602,-3,-5,-68
1754121993.38346,-4,-2,-58
1754121993.4214602,-5,4,-57
1754121993.45946,-1,0,-60
1754121993.49846,-6,0,-71
1754121993.53446,-2,0,-75
1754121993.5724602,-2,3,-70
1754121993.6114602,0,-1,-62
1754121993.64946,-5,-2,-62
1754121993.68546,-1,-3,-70
1754121993.7234602,0,0,-70
1754121993.76146,-9,1,-59
1754121993.7994602,3,0,-73
1754121993.8384602,0,-3,-70
1754121993.87446,0,0,-69
1754121993.9114602,-8,-1,-66
1754121993.94946,-7,4,-78
1754121993.98846,-6,0,-76
1754121994.02446,-2,2,-70
1754121994.0624602,-4,5,-63
1754121994.10046,-6,0,-64
1754121994.13946,0,-2,-58
1754121994.17546,2,0,-56
1754121994.21246,0,2,-58
1754121994.25146,-2,-5,-55
1754121994.2894602,-2,-2,-52
1754121994.3254602,3,1,-64
1754121994.36246,0,3,-64
1754121994.40046,0,0,-67
1754121994.43946,-4,1,-61
1754121994.47546,-7,1,-66
1754121994.5134602,1,-4,-61
1754121994.55146,4,2,-59
1754121994.59046,5,3,-64
1754121994.6284602,-1,0,-63
1754121994.6644602,-1,-2,-59
1754121994.70246,6,2,-73
1754121994.7404602,2,2,-74
1754121994.7794602,0,-4,-72
1754121994.8154602,-2,-4,-66
1754121994.85346,-1,0,-53
1754121994.8914602,-4,-2,-67
1754121994.93046,5,-3,-64
1754121994.96846,2,-3,-67
1754121995.00446,1,-3,-74
1754121995.0424602,4,-9,-75
1754121995.08046,0,-12,-63
1754121995.11946,3,-2,-59
1754121995.15546,3,4,-53
1754121995.1944602,6,-1,-60
1754121995.23146,-4,1,-67
1754121995.27046,-1,0,-65
1754121995.30846,-3,3,-68
1754121995.34446,-4,5,-73
1754121995.3814602,-6,-1,-73
1754121995.42046,11,-4,-69
1754121995.45846,2,-6,-62
1754121995.49446,2,0,-53
1754121995.53146,0,0,-51
1754121995.57046,0,4,-50
1754121995.60946,4,-1,-56
1754121995.64546,3,-10,-66
1754121995.68346,0,-2,-61
1754121995.72146,1,4,-62
1754121995.76046,2,-4,-58
1754121995.7964602,0,-2,-60
1754121995.83346,-7,3,-65
1754121995.8714602,4,7,-62
1754121995.91046,5,0,-63
1754121995.94646,0,-2,-69
1754121995.98446,-6,5,-65
1754121996.02246,-5,-3,-61
1754121996.06046,-5,-2,-68
1754121996.09946,0,4,-61
1754121996.13546,2,1,-60
1754121996.17246,2,1,-67
1754121996.2104602,0,-1,-61
1754121996.24946,0,1,-52
1754121996.2864602,3,3,-56
1754121996.32346,-1,-9,-72
1754121996.3614602,-8,-5,-55
1754121996.40046,-2,-5,-54
1754121996.43646,4,-5,-50
1754121996.47446,-2,4,-63
1754121996.5134602,0,1,-58
1754121996.55146,0,-1,-61
1754121996.58946,-4,-4,-57
1754121996.62546,0,1,-60
1754121996.66346,-2,6,-59
1754121996.70146,2,0,-48
1754121996.73946,8,0,-69
1754121996.77546,9,0,-59
1754121996.81346,-1,-1,-73
1754121996.85146,-7,-4,-73
1754121996.88946,-1,-7,-53
1754121996.92546,2,4,-57
1754121996.9634602,1,2,-75
1754121997.00146,0,2,-53
1754121997.0394602,-7,1,-62
1754121997.0754602,-1,-8,-72
1754121997.11346,3,-6,-63
1754121997.1514602,-5,-1,-60
1754121997.1904602,-1,-2,-62
1754121997.22646,-7,-5,-57
1754121997.26446,-7,-3,-65
1754121997.3024602,0,0,-66
1754121997.34146,3,1,-67
1754121997.37946,3,-1,-64
1754121997.41646,-5,-2,-57
1754121997.45346,-6,-1,-60
1754121997.49146,3,-8,-69
1754121997.53046,-4,-7,-68
1754121997.56646,0,-4,-61
1754121997.6054602,2,-2,-67
1754121997.64246,-2,-1,-63
1754121997.68146,-1,-4,-61
1754121997.71946,-1,-2,-69
1754121997.7564602,4,-3,-70
1754121997.79446,-3,-5,-73
1754121997.8324602,-4,-8,-60
1754121997.8714602,-2,2,-67
1754121997.9074602,-2,-2,-64
1754121997.94546,1,3,-55
1754121997.9834602,-1,0,-57
1754121998.02246,-2,1,-61
1754121998.06046,-7,-6,-55
1754121998.09646,6,-2,-56
1754121998.1344602,0,-2,-59
1754121998.17246,3,-2,-54
1754121998.21146,1,-2,-63
1754121998.24746,4,-5,-68
1754121998.28546,1,-2,-69
1754121998.32346,4,0,-69
1754121998.3614602,1,-3,-63
1754121998.40046,0,-4,-67
1754121998.43646,0,6,-58
1754121998.47446,5,-3,-67
1754121998.51246,-1,-7,-70
1754121998.55146,-2,2,-64
1754121998.58746,0,4,-77
1754121998.62446,-5,5,-52
1754121998.66346,3,0,-58
1754121998.70146,4,-6,-57
1754121998.73746,0,-8,-65
1754121998.77446,-3,-1,-62
1754121998.8124602,0,-1,-61
1754121998.85146,-3,-8,-60
1754121998.88746,-1,1,-69
1754121998.92546,2,0,-62
1754121998.9634602,1,2,-68
1754121999.00246,2,3,-54
1754121999.04046,3,3,-67
1754121999.07646,0,-1,-81
1754121999.1154602,-1,-1,-65
1754121999.15246,0,0,-66
1754121999.19146,-7,-6,-58
1754121999.22746,-6,-1,-70
1754121999.26546,1,0,-67
1754121999.30346,5,0,-66
1754121999.3424602,6,-3,-62
1754121999.38046,-1,0,-61
1754121999.41646,0,-1,-62
1754121999.45346,2,0,-64
1754121999.49246,-1,-3,-69
1754121999.53046,1,-3,-74
1754121999.56646,-1,-10,-60
1754121999.60446,0,-1,-70
1754121999.64346,-3,-4,-67
1754121999.68646,-2,-3,-66
1754121999.72446,-1,-2,-70
1754121999.76246,-7,-1,-57
1754121999.80146,0,4,-64
1754121999.83746,0,3,-68
1754121999.87546,1,1,-60
1754121999.91346,2,-1,-67
1754121999.95246,-2,7,-66
1754121999.9904602,0,-1,-68
1754122000.02746,0,3,-57
1754122000.06446,-4,5,-60
1754122000.10246,0,0,-76
1754122000.1414602,2,-2,-65
1754122000.1774602,0,-3,-64
1754122000.21446,-1,-1,-74
1754122000.2534602,1,0,-66
1754122000.29146,-2,0,-56
1754122000.32746,1,1,-54
1754122000.36446,-2,-5,-60
1754122000.40346,-2,0,-60
1754122000.44146,0,-1,-66
1754122000.47746,-6,0,-60
1754122000.51446,0,0,-63
1754122000.55346,0,-6,-61
1754122000.59146,-4,3,-54
1754122000.62746,-2,-1,-51
1754122000.66646,-9,2,-57
1754122000.70346,-4,6,-74
1754122000.74246,0,0,-64
1754122000.77846,-5,-3,-60
1754122000.81646,-5,0,-63
1754122000.85446,1,-3,-59
1754122000.89246,0,-7,-55
1754122000.93146,-8,2,-66
1754122000.9674602,0,0,-64
1754122001.00446,-1,3,-67
1754122001.04346,0,0,-47
1754122001.08146,-3,0,-64
1754122001.11746,-1,-1,-66
1754122001.15546,3,0,-65
1754122001.19346,-7,6,-64
1754122001.23246,-12,-3,-72
1754122001.26846,-6,-8,-67
1754122001.30646,0,-4,-61
1754122001.34446,0,-13,-75
1754122001.38346,0,-3,-72
1754122001.4214602,-1,-6,-64
1754122001.4574602,-1,-7,-63
1754122001.49546,-2,-1,-64
1754122001.53346,5,0,-68
1754122001.5724602,5,-3,-53
1754122001.6084602,2,-5,-60
1754122001.64646,4,-4,-57
1754122001.6844602,-1,-1,-59
1754122001.7234602,-6,-5,-53
1754122001.76146,0,-1,-64
1754122001.79746,0,-1,-65
1754122001.8354602,-5,0,-72
1754122001.87346,-3,-8,-68
1754122001.91246,-2,-4,-60
1754122001.94846,0,-2,-62
1754122001.9864602,0,-2,-71
1754122002.02446,-1,0,-62
1754122002.06346,0,0,-73
1754122002.10146,-4,2,-61
1754122002.13746,0,2,-69
1754122002.17546,-5,-5,-74
1754122002.2134602,-3,2,-69
1754122002.25146,3,0,-67
1754122002.28746,4,0,-58
1754122002.3254602,3,5,-57
1754122002.36346,-3,3,-55
1754122002.39946,-5,4,-52
1754122002.4374602,1,0,-62
1754122002.47546,6,1,-58
1754122002.5134602,0,4,-55
1754122002.5524602,0,4,-67
1754122002.5884602,-1,5,-56
1754122002.62546,-2,3,-66
1754122002.66346,2,-3,-67
1754122002.70246,1,-4,-70
1754122002.73846,0,-1,-71
1754122002.7764602,4,-3,-73
1754122002.81446,3,-2,-59
1754122002.85346,0,-1,-69
1754122002.88946,8,6,-71
1754122002.92646,-2,2,-76
1754122002.96446,-5,0,-65
1754122003.0034602,2,-1,-73
1754122003.0394602,0,-3,-68
1754122003.07746,-7,-4,-70
1754122003.1154602,-9,0,-69
1754122003.1544602,-6,0,-68
1754122003.19246,0,1,-50
1754122003.22846,0,-3,-62
1754122003.2664602,11,3,-62
1754122003.30546,-3,2,-75
1754122003.34346,1,-2,-69
1754122003.37946,0,3,-65
1754122003.41646,-1,-2,-54
1754122003.45546,-6,2,-59
1754122003.4934602,-3,1,-58
1754122003.5294602,8,2,-65
1754122003.56746,1,-4,-56
1754122003.60446,-2,-4,-47
1754122003.64346,0,0,-63
1754122003.67946,-2,-2,-71
1754122003.7174602,0,-6,-65
1754122003.75546,-1,-4,-71
1754122003.79446,3,-2,-61
1754122003.8324602,7,3,-55
1754122003.8684602,4,0,-61
1754122003.90646,3,4,-70
1754122003.9444602,0,-5,-57
1754122003.9834602,-2,-4,-59
1754122004.0194602,-4,-6,-51
1754122004.05746,1,-6,-61
1754122004.0954602,-6,-2,-63
1754122004.1344602,-6,0,-73
1754122004.17346,-4,-5,-75
1754122004.2104602,0,4,-71
1754122004.24746,3,0,-71
1754122004.28546,3,4,-62
1754122004.32446,0,1,-70
1754122004.36246,-5,4,-60
1754122004.39846,-4,0,-53
1754122004.43646,-5,8,-61
1754122004.47446,3,0,-71
1754122004.51246,4,4,-81
1754122004.54846,1,-2,-76
1754122004.58646,0,-1,-60
1754122004.62446,1,3,-53
1754122004.66046,0,0,-49
1754122004.6974602,-7,8,-64
1754122004.7364602,-3,0,-63
1754122004.77446,0,4,-70
1754122004.81046,0,2,-70
1754122004.84746,0,3,-66
1754122004.88646,-4,0,-80
1754122004.9244602,-2,3,-69
1754122004.9604602,-5,1,-65
1754122004.99846,-6,-5,-68
1754122005.0364602,5,1,-62
1754122005.07446,0,2,-57
1754122005.11346,-2,2,-56
1754122005.14946,0,1,-55
1754122005.18646,-2,2,-60
1754122005.22446,0,4,-60
1754122005.2634602,-1,0,-64
1754122005.2994602,-2,0,-61
1754122005.33746,-4,6,-58
1754122005.37546,0,-5,-71
1754122005.4144602,0,-6,-69
1754122005.4504602,0,0,-58
1754122005.48746,-4,-1,-56
1754122005.52546,-1,0,-72
1754122005.56446,2,-3,-66
1754122005.60046,-4,5,-64
1754122005.63746,0,1,-64
1754122005.67546,5,0,-62
1754122005.71446,4,1,-74
1754122005.75046,0,1,-71
1754122005.78746,-3,1,-63
1754122005.8254602,-1,-2,-70
1754122005.86446,-4,2,-60
1754122005.90046,-2,3,-62
1754122005.93846,-1,1,-58
1754122005.97646,0,2,-55
1754122006.01546,-1,4,-70
1754122006.05346,0,2,-60
1754122006.08946,-1,0,-56
1754122006.1284602,4,0,-71
1754122006.16546,2,-2,-76
1754122006.20446,-4,0,-72
1754122006.2404602,-3,-3,-77
1754122006.27846,2,-1,-72
1754122006.31646,-6,-1,-64
1754122006.3554602,-2,0,-67
1754122006.39346,0,2,-60
1754122006.42946,-1,0,-76
1754122006.4674602,2,4,-68
1754122006.50546,-3,7,-57
1754122006.54446,-11,4,-70
1754122006.58146,-5,3,-62
1754122006.6184602,1,1,-61
1754122006.65646,0,2,-66
1754122006.69546,-1,1,-62
1754122006.7334602,-5,0,-60
1754122006.7694602,4,0,-54
1754122006.80646,0,0,-50
1754122006.8454602,7,0,-65
1754122006.88346,3,8,-61
1754122006.91946,2,0,-55
1754122006.95646,3,2,-50
1754122006.99546,2,0,-64
1754122007.03146,-1,1,-66
1754122007.06846,4,11,-79
1754122007.10646,1,3,-71
1754122007.14546,-5,-4,-61
1754122007.18146,-5,-1,-63
1754122007.21946,-4,7,-66
1754122007.25846,1,0,-64
1754122007.29546,1,-2,-65
1754122007.33446,-2,4,-62
1754122007.37046,-8,-2,-56
1754122007.40846,-2,-1,-67
1754122007.44646,4,3,-56
1754122007.48546,4,0,-62
1754122007.52146,0,-1,-66
1754122007.5594602,-4,0,-64
1754122007.59746,1,-2,-63
1754122007.63546,0,2,-74
1754122007.6744602,0,3,-56
1754122007.7104602,0,-3,-71
1754122007.74946,0,7,-66
1754122007.7864602,5,2,-61
1754122007.8254602,2,-4,-51
1754122007.8614602,0,-1,-55
1754122007.89946,-2,-2,-70
1754122007.93846,-3,0,-60
1754122007.97646,-2,0,-65
1754122008.01446,1,0,-62
1754122008.05046,-5,-3,-72
1754122008.0884602,1,-2,-68
1754122008.12646,0,-6,-58
1754122008.16546,-9,3,-63
1754122008.20146,-4,0,-71
1754122008.23946,-5,9,-67
1754122008.27746,-10,7,-70
1754122008.31646,-4,-1,-64
1754122008.35446,-3,1,-67
1754122008.3914602,0,5,-60
1754122008.42846,-5,3,-61
1754122008.46646,3,1,-57
1754122008.50446,0,6,-68
1754122008.54046,0,4,-61
1754122008.57846,-2,-8,-51
1754122008.61646,0,2,-65
1754122008.65546,0,4,-60
1754122008.69146,3,3,-70
1754122008.72846,6,4,-64
1754122008.7664602,1,1,-69
1754122008.80546,-4,-2,-68
1754122008.84146,-7,-4,-72
1754122008.87946,0,0,-57
1754122008.9174602,-1,3,-70
1754122008.95646,2,6,-60
1754122008.99446,-2,2,-63
1754122009.03046,-3,-2,-51
1754122009.06846,-3,3,-60
1754122009.10646,1,5,-66
1754122009.14546,-5,-1,-70
1754122009.18146,-4,-1,-72
1754122009.21946,-1,4,-59
1754122009.25746,-4,-3,-64
1754122009.2964602,-2,0,-62
1754122009.3324602,-2,-5,-63
1754122009.37046,2,-6,-62
1754122009.40946,0,-5,-58
1754122009.4474602,1,-3,-61
1754122009.48546,7,0,-66
1754122009.52146,7,-3,-61
1754122009.5594602,-3,-2,-78
1754122009.59746,0,5,-72
1754122009.63646,-1,-9,-68
1754122009.67246,2,-11,-59
1754122009.71846,0,-5,-65
1754122009.7564602,6,-7,-53
1754122009.7924602,-1,-4,-52
1754122009.83046,-2,2,-66
1754122009.8684602,-2,-1,-59
1754122009.90646,-1,-4,-60
1754122009.94546,-7,5,-50
1754122009.98146,0,3,-63
1754122010.01846,-4,2,-60
1754122010.05646,-6,-4,-63
1754122010.0954602,-2,-1,-69
1754122010.1314602,-5,0,-59
1754122010.16946,2,0,-56
1754122010.2074602,0,5,-62
1754122010.24546,2,5,-72
1754122010.28146,0,0,-67
1754122010.31846,1,-4,-56
1754122010.35746,9,-2,-66
1754122010.39546,5,-3,-66
1754122010.43146,-1,-7,-61
1754122010.46946,-7,0,-66
1754122010.50746,4,0,-67
1754122010.5464602,7,6,-74
1754122010.5824602,3,6,-65
1754122010.61946,11,-1,-61
1754122010.6574602,0,1,-73
1754122010.69646,4,-1,-74
1754122010.73246,-4,2,-69
1754122010.77046,0,-2,-63
1754122010.80846,2,0,-68
1754122010.84746,-3,-8,-58
1754122010.88546,-2,-6,-55
1754122010.9214602,-6,-3,-64
1754122010.9604602,3,5,-66
1754122010.99846,-3,8,-59
1754122011.0364602,-4,2,-63
1754122011.0724602,1,0,-70
1754122011.10946,-2,-5,-62
1754122011.14846,-5,1,-60
1754122011.18646,0,0,-56
1754122011.22246,-5,-9,-55
1754122011.26046,-5,-1,-52
1754122011.29846,-2,-2,-67
1754122011.33746,-8,3,-67
1754122011.37546,0,-1,-61
1754122011.4114602,-2,0,-74
1754122011.44846,0,-2,-74
1754122011.48746,2,-2,-77
1754122011.52546,-3,3,-69
1754122011.56146,-3,3,-64
1754122011.59946,0,0,-68
1754122011.63746,-5,-3,-72
1754122011.67646,-6,0,-63
1754122011.71246,-5,-1,-65
1754122011.75046,-4,-3,-62
1754122011.7894602,0,0,-61
1754122011.82746,-3,0,-71
1754122011.86346,-3,0,-83
1754122011.9014602,-1,0,-69
1754122011.93946,-7,-4,-65
1754122011.97746,-3,-6,-63
1754122012.0164602,2,-1,-50
1754122012.0524602,-2,-2,-60
1754122012.09146,4,-1,-72
1754122012.1284602,1,-4,-70
1754122012.1674602,-2,0,-55
1754122012.20346,-9,-1,-53
1754122012.24146,-3,-3,-54
1754122012.2794602,1,-3,-66
1754122012.31746,0,0,-68
1754122012.35646,-1,-1,-60
1754122012.39246,1,0,-51
1754122012.42946,1,5,-54
1754122012.46846,-5,5,-69
1754122012.5064602,4,2,-57
1754122012.5424602,0,0,-66
1754122012.57946,0,1,-60
1754122012.6184602,1,-7,-66
1754122012.65646,2,-8,-67
1754122012.69246,0,-3,-64
1754122012.73146,0,-4,-67
1754122012.7694602,-9,-4,-66
1754122012.80746,-4,0,-66
1754122012.84346,0,2,-68
1754122012.88246,3,0,-67
1754122012.91946,-1,-1,-57
1754122012.95846,-7,-7,-70
1754122012.9964602,0,-2,-70
1754122013.0324602,5,-3,-75
1754122013.07046,5,0,-64
1754122013.1084602,0,0,-69
1754122013.14746,-6,1,-59
1754122013.18346,-9,1,-63
1754122013.22146,-3,-8,-58
1754122013.2594602,5,-5,-70
1754122013.29846,0,-9,-62
1754122013.33646,2,-4,-65
1754122013.37246,-4,0,-55
1754122013.41046,-1,-6,-57
1754122013.44846,-1,0,-66
1754122013.48746,-1,-4,-62
1754122013.52346,-8,-4,-71
1754122013.5624602,3,-1,-69
1754122013.59946,5,-5,-67
1754122013.6384602,-1,-4,-64
1754122013.67646,-2,0,-66
1754122013.71246,-4,-2,-57
1754122013.75046,-2,-5,-59
1754122013.78846,0,-6,-57
1754122013.82746,-5,-1,-72
1754122013.86346,-7,-3,-58
1754122013.9014602,1,-1,-66
1754122013.93946,-5,-5,-58
1754122013.97846,0,0,-62
1754122014.01446,5,-2,-60
1754122014.0524602,-7,-2,-58
1754122014.09046,-2,0,-55
1754122014.12946,0,-1,-60
1754122014.1674602,4,3,-70
1754122014.20346,-6,1,-62
1754122014.24246,2,1,-71
1754122014.2794602,3,-1,-78
1754122014.31846,-1,0,-54
1754122014.35446,0,0,-58
1754122014.39246,-1,-2,-67
1754122014.42946,2,-2,-62
1754122014.46846,-2,-6,-58
1754122014.50446,0,-10,-59
1754122014.5424602,-1,-1,-61
1754122014.58046,1,-4,-68
1754122014.6184602,0,-1,-65
1754122014.6574602,-5,-6,-67
1754122014.69346,0,-6,-69
1754122014.73146,4,-8,-55
1754122014.7694602,3,-9,-60
1754122014.80846,-2,-2,-65
1754122014.84446,-2,-2,-61
1754122014.88246,-2,0,-67
1754122014.92046,1,0,-63
1754122014.95946,0,4,-64
1754122014.99746,-5,5,-55
1754122015.03346,4,-3,-62
1754122015.07146,2,0,-67
1754122015.10946,4,-3,-76
1754122015.14846,7,-4,-70
1754122015.1844602,0,-1,-68
1754122015.22146,-3,0,-57
1754122015.2594602,3,1,-60
1754122015.29846,0,3,-72
1754122015.33446,2,-1,-62
1754122015.37246,1,4,-59
1754122015.41046,0,1,-61
1754122015.44946,-2,-4,-69
1754122015.48746,1,4,-73
1754122015.52346,4,1,-65
1754122015.56046,-3,-7,-62
1754122015.59946,0,-8,-61
1754122015.63746,-5,-2,-64
1754122015.67346,-1,0,-77
1754122015.71146,1,3,-72
1754122015.74946,-6,3,-68
1754122015.78846,-6,-3,-66
1754122015.82446,-5,-5,-66
1754122015.86246,0,-5,-58
1754122015.9014602,-5,-11,-62
1754122015.93946,-1,-3,-70
1754122015.97746,-4,-3,-68
1754122016.0134602,0,-3,-64
1754122016.05146,5,-5,-71
1754122016.08946,4,-3,-71
1754122016.12546,4,-1,-68
1754122016.1644602,7,2,-64
1754122016.20146,0,-3,-58
1754122016.23946,-5,-1,-60
1754122016.27846,0,-3,-64
1754122016.31446,2,0,-76
1754122016.35146,4,-2,-69
1754122016.38946,-3,-4,-58
1754122016.42846,-8,-3,-55
1754122016.46446,-1,-4,-59
1754122016.50246,-1,-11,-62
1754122016.54046,-4,-3,-57
1754122016.57946,-1,-2,-61
1754122016.6154602,-1,1,-56
1754122016.65246,-3,-5,-61
1754122016.6904602,-3,0,-66
1754122016.72946,-4,-1,-59
1754122016.76546,0,0,-60
1754122016.8024602,-3,2,-62
1754122016.84046,-3,0,-66
1754122016.87946,-5,3,-64
1754122016.91546,-1,3,-58
1754122016.95246,-2,5,-60
1754122016.9904602,-2,0,-62
1754122017.0294602,-2,-1,-57
1754122017.0654602,5,0,-62
1754122017.10246,7,-2,-64
1754122017.14046,0,0,-69
1754122017.17946,4,0,-64
1754122017.21546,3,-3,-59
1754122017.25246,-6,-2,-61
1754122017.29046,-1,3,-59
1754122017.32946,-2,-1,-61
1754122017.3654602,1,0,-63
1754122017.40246,2,-1,-64
1754122017.4404602,1,-4,-62
1754122017.47946,0,-5,-60
1754122017.51546,0,-9,-61
1754122017.5524602,0,-2,-73
1754122017.59046,-2,1,-64
1754122017.62946,1,-2,-71
1754122017.66546,3,-3,-71
1754122017.70346,0,0,-70
1754122017.74146,-1,5,-67
1754122017.78046,-8,-1,-65
1754122017.81846,-2,-11,-65
1754122017.85446,-3,-7,-66
1754122017.89246,4,-5,-62
1754122017.93046,1,1,-69
1754122017.96946,-3,-1,-58
1754122018.00546,-2,-4,-64
1754122018.04346,1,-6,-57
1754122018.0824602,0,-4,-66
1754122018.12046,-6,5,-55
1754122018.15846,1,2,-65
1754122018.19546,3,-3,-68
1754122018.23246,-8,-1,-60
1754122018.27046,1,4,-48
1754122018.3094602,0,7,-51
1754122018.3454602,-4,-4,-53
1754122018.38346,-2,-1,-64
1754122018.4214602,-1,-2,-67
1754122018.4604602,0,-1,-66
1754122018.4964602,-4,-4,-73
1754122018.53446,0,-10,-86
1754122018.5724602,4,-6,-71
1754122018.61246,3,-5,-70
1754122018.65046,3,-4,-56
1754122018.68846,6,-11,-65
1754122018.72546,2,-5,-62
1754122018.76246,-1,-2,-64
1754122018.80046,-2,-1,-61
1754122018.83946,0,2,-70
1754122018.87546,0,0,-61
1754122018.91246,-3,-7,-60
1754122018.9504602,0,-6,-66
1754122018.98946,-2,0,-44
1754122019.02546,0,-5,-53
1754122019.06346,3,-2,-56
1754122019.10146,1,-7,-62
1754122019.14046,-1,2,-61
1754122019.17646,-4,8,-62
1754122019.2134602,-8,2,-69
1754122019.25146,1,0,-60
1754122019.29046,-7,-1,-62
1754122019.32646,-1,0,-59
1754122019.36446,-4,-1,-66
1754122019.40246,-1,-4,-62
1754122019.44146,0,-8,-63
1754122019.47946,-2,-5,-56
1754122019.51546,0,-3,-67
1754122019.55446,-3,-3,-56
1754122019.59146,-4,-1,-55
1754122019.63046,1,0,-60
1754122019.66646,2,0,-62
1754122019.70346,4,2,-61
1754122019.74946,0,-3,-60
1754122019.78546,0,-2,-66
1754122019.82446,3,1,-57
1754122019.8614602,-4,3,-72
1754122019.90046,-2,2,-70
1754122019.93646,5,-3,-67
1754122019.97446,3,-3,-61
1754122020.01246,-4,3,-65
1754122020.05146,1,1,-62
1754122020.08946,6,-5,-66
1754122020.12546,2,0,-46
1754122020.16246,-2,2,-51
1754122020.20146,-4,-3,-53
1754122020.23946,-6,2,-61
1754122020.27546,-8,-6,-64
1754122020.31446,-2,1,-76
1754122020.35146,0,2,-79
1754122020.39046,1,-2,-75
1754122020.42646,4,-2,-78
1754122020.46446,7,-7,-77
1754122020.50246,-3,-4,-59
1754122020.54146,5,-5,-55
1754122020.57946,-1,5,-72
1754122020.6154602,-6,-1,-67
1754122020.65346,-1,0,-71
1754122020.69246,-6,-4,-60
1754122020.7304602,0,-1,-72
1754122020.7664602,3,-3,-67
1754122020.80546,-1,-3,-64
1754122020.8424602,0,-5,-62
1754122020.8814602,0,-1,-71
1754122020.9174602,-3,-1,-75
1754122020.95546,0,-9,-57
1754122020.9934602,-5,-9,-58
1754122021.03146,-7,-1,-69
1754122021.07046,1,-1,-72
1754122021.10646,6,0,-61
1754122021.14346,-1,-5,-56
1754122021.18146,0,-1,-71
1754122021.2204602,4,-3,-60
1754122021.2564602,0,-13,-67
1754122021.29446,3,-4,-68
1754122021.3324602,0,0,-59
1754122021.3714602,5,1,-51
1754122021.4074602,7,0,-57
1754122021.4444602,7,-4,-62
1754122021.48246,3,0,-67
1754122021.52146,1,-3,-63
1754122021.55746,-2,-4,-68
1754122021.5954602,-7,2,-57
1754122021.63346,-6,-2,-57
1754122021.67246,-7,-10,-58
1754122021.7104602,3,-3,-61
1754122021.7464602,8,-2,-57
1754122021.78546,2,0,-70
1754122021.8224602,0,0,-70
1754122021.8614602,0,-3,-67
1754122021.89746,-6,2,-66
1754122021.9344602,1,0,-63
1754122021.9734602,-4,1,-73
1754122022.01146,2,0,-61
1754122022.04746,-3,3,-60
1754122022.08446,0,0,-63
1754122022.12246,2,1,-63
1754122022.1614602,4,2,-59
1754122022.1974602,8,1,-64
1754122022.23446,3,-1,-58
1754122022.27246,0,-6,-61
1754122022.31146,-3,-1,-57
1754122022.34746,0,4,-66
1754122022.3844602,-4,5,-63
1754122022.42246,-7,2,-67
1754122022.46146,-1,-7,-64
1754122022.49746,2,0,-62
1754122022.53446,-1,-5,-61
1754122022.5724602,-3,-6,-67
1754122022.6114602,-6,0,-64
1754122022.64746,4,0,-64
1754122022.6844602,6,-8,-57
1754122022.72246,0,-7,-66
1754122022.76146,1,-11,-58
1754122022.79746,6,-2,-61
1754122022.8354602,4,2,-63
1754122022.87446,-8,-5,-69
1754122022.91246,-6,-4,-76
1754122022.9504602,-4,-2,-67
1754122022.9864602,0,-4,-58
1754122023.02446,0,4,-62
1754122023.0624602,-1,1,-67
1754122023.10146,-4,-3,-60
1754122023.13746,-5,0,-57
1754122023.17546,4,-3,-65
1754122023.2134602,1,0,-60
1754122023.25246,0,-1,-55
1754122023.28846,-2,5,-63
1754122023.32646,-1,1,-72
1754122023.3654602,-1,1,-56
1754122023.40246,1,-2,-60
1754122023.44146,-5,-6,-66
1754122023.47746,-1,-9,-59
1754122023.51546,-6,-11,-72
1754122023.55446,-3,-10,-69
1754122023.5924602,2,-7,-63
1754122023.6284602,1,-8,-81
1754122023.6674602,-1,-1,-54
1754122023.70446,1,-4,-66
1754122023.74246,4,-5,-55
1754122023.78146,8,-4,-69
1754122023.81746,0,1,-71
1754122023.85446,0,2,-67
1754122023.89246,3,1,-60
1754122023.93146,-3,7,-66
1754122023.9674602,0,10,-65
1754122024.00446,8,3,-64
1754122024.04346,-2,1,-67
1754122024.08146,-8,1,-66
1754122024.11746,-10,0,-57
1754122024.15546,-3,2,-60
1754122024.19346,-6,2,-66
1754122024.23246,-2,0,-70
1754122024.26846,1,-3,-73
1754122024.30646,-3,-1,-62
1754122024.3454602,0,0,-68
1754122024.38346,-1,9,-63
1754122024.4214602,-5,6,-62
1754122024.4574602,-3,2,-71
1754122024.49546,-2,4,-76
1754122024.53446,-1,0,-67
1754122024.5724602,0,1,-66
1754122024.6084602,0,6,-61
1754122024.64546,3,5,-72
1754122024.6844602,-2,4,-60
1754122024.72246,-4,10,-69
1754122024.75846,-7,2,-75
1754122024.7964602,-4,-4,-80
1754122024.83446,-7,-3,-65
1754122024.87346,-5,-6,-72
1754122024.9114602,0,-7,-70
1754122024.9474602,4,-2,-71
1754122024.98546,3,-1,-52
1754122025.02346,-8,-7,-52
1754122025.0624602,-13,-4,-54
1754122025.0984602,-8,0,-61
1754122025.13646,-12,4,-59
1754122025.1744602,0,0,-51
1754122025.2134602,4,0,-62
1754122025.25146,4,-1,-59
1754122025.28746,-2,3,-62
1754122025.32646,-2,0,-64
1754122025.36346,-2,-2,-58
1754122025.40246,3,-10,-63
1754122025.43846,0,-2,-60
1754122025.47646,2,-8,-61
1754122025.51446,1,-3,-68
1754122025.55346,-3,-4,-64
1754122025.58946,-5,-7,-55
1754122025.62746,1,0,-57
1754122025.66546,0,5,-53
1754122025.70346,-6,-1,-60
1754122025.74246,-11,5,-65
1754122025.77846,-5,-3,-59
1754122025.81746,-3,0,-68
1754122025.85446,4,6,-63
1754122025.89346,6,2,-63
1754122025.92946,0,-2,-70
1754122025.9674602,-5,1,-64
1754122026.00546,-8,8,-63
1754122026.04346,-8,4,-62
1754122026.0824602,0,1,-58
1754122026.1184602,-3,6,-59
1754122026.15646,0,3,-63
1754122026.1944602,0,0,-66
1754122026.2334602,-8,-4,-64
1754122026.2694602,-5,2,-63
1754122026.30646,-3,2,-57
1754122026.34446,-6,-1,-72
1754122026.38346,-5,6,-73
1754122026.41946,-4,5,-67
1754122026.4574602,0,3,-68
1754122026.49746,-6,-1,-63
1754122026.53446,1,4,-55
1754122026.57346,12,0,-63
1754122026.60946,4,3,-71
1754122026.64746,0,3,-72
1754122026.68646,-2,0,-74
1754122026.72446,4,1,-70
1754122026.76246,1,5,-60
1754122026.79846,2,0,-64
1754122026.83646,4,2,-65
1754122026.87446,0,2,-66
1754122026.91246,0,0,-70
1754122026.94846,0,3,-67
1754122026.9864602,0,-4,-73
1754122027.02446,8,0,-68
1754122027.0624602,7,-1,-63
1754122027.0984602,2,-3,-61
1754122027.13646,4,-4,-60
1754122027.1744602,6,-1,-55
1754122027.21246,1,0,-62
1754122027.24846,0,4,-60
1754122027.28546,-4,5,-63
1754122027.32446,-4,4,-63
1754122027.36246,0,3,-67
1754122027.39846,-4,-1,-69
1754122027.43646,-4,-2,-63
1754122027.47446,6,0,-61
1754122027.5134602,8,-2,-73
1754122027.5494602,0,0,-64
1754122027.58646,-10,3,-58
1754122027.62446,-5,5,-63
1754122027.66346,-7,0,-58
1754122027.69946,0,5,-50
1754122027.7364602,-9,4,-58
1754122027.77446,-10,2,-80
1754122027.81346,-3,8,-77
1754122027.84946,2,8,-67
1754122027.88746,-2,7,-68
1754122027.9244602,0,2,-66
1754122027.9634602,1,3,-61
1754122027.99946,-5,4,-63
1754122028.03746,0,0,-71
1754122028.07446,-1,3,-71
1754122028.11346,-4,0,-72
1754122028.14946,-6,6,-70
1754122028.1874602,-4,0,-65
1754122028.22446,-1,0,-57
1754122028.2634602,-3,-2,-53
1754122028.2994602,0,-2,-64
1754122028.33746,0,0,-64
1754122028.37546,0,-4,-67
1754122028.4144602,-1,-4,-63
1754122028.4504602,-3,-3,-75
1754122028.48846,-1,-2,-68
1754122028.5264602,-2,1,-62
1754122028.5654602,-1,-2,-65
1754122028.60346,-1,2,-69
1754122028.63946,-5,2,-78
1754122028.6774602,2,5,-74
1754122028.71546,0,-2,-64
1754122028.75446,-1,2,-67
1754122028.79046,1,3,-63
1754122028.82746,3,-1,-67
1754122028.86646,16,-3,-50
1754122028.9044602,2,1,-58
1754122028.9404602,2,1,-61
1754122028.97746,2,-7,-59
1754122029.0164602,1,-3,-61
1754122029.05446,-3,-6,-46
1754122029.09046,-6,0,-48
1754122029.12946,2,-6,-59
1754122029.16646,0,0,-50
1754122029.20546,-1,2,-56
1754122029.2434602,0,0,-58
1754122029.2794602,0,-4,-59
1754122029.31746,-3,0,-69
1754122029.3554602,0,-3,-70
1754122029.3944602,0,-6,-66
1754122029.43046,0,-7,-53
1754122029.4674602,0,1,-61
1754122029.50546,-3,7,-65
1754122029.54446,0,-1,-58
1754122029.58046,-1,-3,-57
1754122029.6184602,-6,-1,-55
1754122029.65646,-7,-2,-60
1754122029.69546,1,0,-70
1754122029.7334602,-2,-2,-76
1754122029.77746,-1,0,-69
1754122029.81646,0,1,-63
1754122029.85446,6,-2,-68
1754122029.89046,6,2,-62
1754122029.92846,2,3,-65
1754122029.96646,3,-2,-64
1754122030.00546,-2,-4,-52
1754122030.04146,-7,-8,-62
1754122030.08046,0,-2,-55
1754122030.11746,-1,7,-66
1754122030.15546,-1,3,-67
1754122030.1944602,-3,1,-63
1754122030.2304602,-2,6,-56
1754122030.26846,-1,0,-66
1754122030.30646,-2,9,-65
1754122030.3454602,-6,8,-65
1754122030.3814602,-7,0,-60
1754122030.41946,-3,-4,-61
1754122030.4574602,-2,2,-66
1754122030.49546,-3,3,-72
1754122030.53446,-2,-8,-70
1754122030.57046,0,-1,-65
1754122030.6084602,-1,-3,-67
1754122030.64746,-9,-7,-57
1754122030.68546,-5,-6,-73
1754122030.72146,0,-3,-62
1754122030.75846,0,-1,-61
1754122030.79746,9,7,-59
1754122030.83646,0,-1,-61
1754122030.87446,-2,-6,-54
1754122030.91046,-2,0,-59
1754122030.94846,0,4,-65
1754122030.9864602,0,-1,-59
1754122031.02546,2,1,-56
1754122031.06146,0,0,-53
1754122031.09946,-2,-5,-57
1754122031.1384602,-2,-2,-48
1754122031.17646,1,-3,-60
1754122031.21446,0,1,-69
1754122031.25046,0,-3,-63
1754122031.28846,-2,-5,-65
1754122031.32646,0,4,-59
1754122031.36446,-2,1,-68
1754122031.40046,5,2,-57
1754122031.4374602,15,2,-57
1754122031.47646,3,-1,-59
1754122031.51446,2,-1,-48
1754122031.55046,2,-1,-50
1754122031.58746,0,-3,-58
1754122031.62646,3,-1,-65
1754122031.6644602,-2,3,-62
1754122031.7004602,-4,-2,-59
1754122031.73846,-4,-5,-48
1754122031.77746,0,-5,-67
1754122031.8154602,1,-8,-62
1754122031.85146,6,-4,-63
1754122031.8884602,5,5,-63
1754122031.9274602,0,0,-58
1754122031.96546,4,0,-56
1754122032.00146,7,-1,-68
1754122032.03846,1,-2,-64
1754122032.07746,-6,-3,-63
1754122032.1154602,-3,-9,-61
1754122032.1514602,2,-1,-53
1754122032.18946,1,2,-60
1754122032.22746,-1,-5,-76
1754122032.2664602,0,0,-65
1754122032.3024602,-1,4,-65
1754122032.34046,-7,1,-70
1754122032.37746,-4,1,-61
1754122032.41646,3,3,-61
1754122032.45246,5,0,-51
1754122032.48946,-1,4,-56
1754122032.52746,0,-4,-52
1754122032.56646,7,-6,-62
1754122032.60246,6,-3,-69
1754122032.64046,4,4,-61
1754122032.6774602,0,4,-56
1754122032.71646,1,5,-52
1754122032.75246,4,-2,-54
1754122032.79046,-1,-1,-56
1754122032.82846,2,0,-54
1754122032.86646,-4,-3,-57
1754122032.90546,-6,-2,-71
1754122032.94146,-7,-7,-69
1754122032.97946,-6,-5,-73
1754122033.01746,-4,-2,-62
1754122033.05646,-3,-3,-65
1754122033.0924602,0,0,-59
1754122033.12946,-2,4,-57
1754122033.1674602,2,6,-68
1754122033.20646,1,0,-64
1754122033.24246,1,4,-69
1754122033.2794602,-2,1,-61
1754122033.31746,-1,-1,-54
1754122033.35646,-6,0,-61
1754122033.39246,-2,-1,-65
1754122033.43046,-2,4,-58
1754122033.46946,-6,4,-68
1754122033.50746,-3,-2,-76
1754122033.54546,0,0,-56
1754122033.58146,2,-3,-51
1754122033.61946,0,0,-58
1754122033.65846,-2,-8,-64
1754122033.69646,-8,-9,-73
1754122033.73246,-4,-8,-70
1754122033.77046,-2,0,-59
1754122033.80846,-5,-4,-60
1754122033.84746,1,0,-56
1754122033.88546,-8,0,-60
1754122033.9214602,-3,2,-61
1754122033.95946,-1,-6,-73
1754122033.99746,-7,0,-65
1754122034.0364602,2,-1,-45
1754122034.0724602,0,0,-50
1754122034.11046,1,-3,-66
1754122034.14946,-2,0,-64
1754122034.1874602,-4,2,-75
1754122034.22546,-7,2,-63
1754122034.26146,0,-6,-58
1754122034.29846,0,-7,-55
1754122034.33746,0,-8,-55
1754122034.37546,5,-2,-64
1754122034.4114602,5,-2,-68
1754122034.44946,0,-1,-72
1754122034.48746,-3,-2,-62
1754122034.5264602,-1,0,-57
1754122034.5624602,0,5,-66
1754122034.59946,2,-5,-54
1754122034.63746,1,4,-48
1754122034.67646,0,-2,-65
1754122034.71246,0,-7,-63
1754122034.75046,-5,-5,-65
1754122034.78746,4,-1,-54
1754122034.82646,2,8,-56
1754122034.86246,0,1,-61
1754122034.90046,0,-1,-67
1754122034.9374602,0,0,-62
1754122034.97646,0,-1,-67
1754122035.01246,-1,-4,-63
1754122035.05046,0,-1,-67
1754122035.0884602,0,-3,-60
1754122035.12746,1,4,-63
1754122035.16346,-2,-1,-58
1754122035.20146,0,-2,-56
1754122035.23946,4,-1,-54
1754122035.27746,-1,-4,-63
1754122035.31646,-5,1,-57
1754122035.35246,0,6,-60
1754122035.38946,-4,1,-70
1754122035.42846,-4,12,-63
1754122035.46646,2,3,-70
1754122035.50246,0,-2,-56
1754122035.54146,1,-6,-60
1754122035.57846,1,-3,-62
1754122035.61746,1,-7,-65
1754122035.65346,6,-3,-67
1754122035.69146,-2,-3,-61
1754122035.72946,-1,2,-71
1754122035.76846,0,8,-54
1754122035.80646,-3,1,-54
1754122035.8424602,-3,-5,-48
1754122035.88046,0,1,-49
1754122035.91846,2,0,-60
1754122035.9574602,4,0,-53
1754122035.9934602,1,-4,-56
1754122036.03146,1,9,-73
1754122036.0694602,0,7,-73
1754122036.1084602,1,-1,-69
1754122036.14646,5,-3,-74
1754122036.18246,4,2,-59
1754122036.21946,1,3,-67
1754122036.25846,9,2,-78
1754122036.2964602,4,3,-61
1754122036.3324602,-1,1,-60
1754122036.37046,0,-1,-70
1754122036.40846,3,-5,-62
1754122036.4474602,3,-2,-65
1754122036.4834602,0,-4,-74
1754122036.52146,-4,4,-61
1754122036.56046,-6,0,-62
1754122036.5984602,-3,-2,-52
1754122036.63646,0,2,-55
1754122036.67246,-4,0,-68
1754122036.7104602,0,1,-72
1754122036.74846,-2,1,-61
1754122036.78446,-8,-2,-53
1754122036.8224602,-8,0,-62
1754122036.86046,-2,0,-41
1754122036.89846,1,-10,-59
1754122036.9374602,-2,-10,-57
1754122036.9734602,2,-4,-58
1754122037.01046,0,3,-65
1754122037.04846,2,2,-72
1754122037.08746,0,-3,-73
1754122037.12346,-2,-1,-74
1754122037.1614602,-8,0,-67
1754122037.19946,-7,-3,-70
1754122037.23846,3,-2,-57
1754122037.27446,-6,-8,-54
1754122037.3124602,-4,-3,-56
1754122037.35046,-5,4,-57
1754122037.3884602,0,-2,-61
1754122037.4274602,-10,-2,-62
1754122037.4634602,2,-8,-60
1754122037.50146,4,0,-58
1754122037.5394602,-4,-3,-55
1754122037.57846,0,5,-51
1754122037.61446,1,1,-52
1754122037.65246,-2,1,-55
1754122037.68946,-4,0,-62
1754122037.72846,0,1,-71
1754122037.76446,-2,-2,-61
1754122037.8024602,-2,-1,-59
1754122037.84046,-4,2,-67
1754122037.87946,-1,3,-68
1754122037.9174602,-3,2,-60
1754122037.95346,-4,0,-60
1754122037.99146,-6,0,-63
1754122038.0294602,-4,2,-60
1754122038.06846,0,-1,-57
1754122038.10446,1,-1,-67
1754122038.14246,-2,-1,-53
1754122038.18146,-3,-4,-63
1754122038.21946,-3,-3,-73
1754122038.25746,-1,-3,-64
1754122038.29346,0,0,-71
1754122038.33046,1,0,-62
1754122038.36946,4,-3,-68
1754122038.4074602,0,1,-66
1754122038.44346,-4,3,-65
1754122038.48146,-2,1,-67
1754122038.5194602,1,1,-62
1754122038.55846,0,0,-65
1754122038.59446,2,8,-72
1754122038.6314602,5,2,-74
1754122038.66946,-1,0,-69
1754122038.70846,-2,-1,-69
1754122038.74446,-8,-4,-75
1754122038.7824602,-1,-3,-69
1754122038.82046,-2,0,-56
1754122038.85946,-3,-9,-60
1754122038.89746,-6,0,-63
1754122038.93346,-7,0,-58
1754122038.97146,1,0,-58
1754122039.0094602,5,5,-70
1754122039.04846,4,-2,-50
1754122039.08446,9,-5,-55
1754122039.12246,0,-2,-58
1754122039.16046,-7,-3,-60
1754122039.19946,-3,1,-60
1754122039.23546,-4,1,-58
1754122039.27346,-12,1,-65
1754122039.31146,-1,3,-51
1754122039.34946,-3,1,-60
1754122039.3884602,3,3,-67
1754122039.4244602,-1,5,-69
1754122039.46246,-2,5,-68
1754122039.50146,-1,-1,-67
1754122039.5394602,0,1,-63
1754122039.5754602,0,-2,-68
1754122039.61346,-5,-2,-61
1754122039.6514602,-3,0,-62
1754122039.68946,3,0,-70
1754122039.72846,0,-3,-66
1754122039.76446,2,-4,-71
1754122039.81046,0,-1,-62
1754122039.8484602,-3,-1,-61
1754122039.88546,6,-2,-60
1754122039.92246,-2,-3,-66
1754122039.9604602,3,-5,-74
1754122039.99946,0,-5,-68
1754122040.03546,2,0,-71
1754122040.0724602,5,-4,-60
1754122040.11046,6,-3,-61
1754122040.14946,4,-2,-68
1754122040.18546,4,-4,-68
1754122040.22446,6,0,-65
1754122040.26246,0,0,-48
1754122040.30046,-5,-4,-68
1754122040.3384602,-9,-1,-69
1754122040.37446,0,-2,-75
1754122040.41246,4,5,-74
1754122040.4504602,3,2,-58
1754122040.48846,1,0,-66
1754122040.52446,0,3,-72
1754122040.5624602,0,2,-66
1754122040.60046,-5,-1,-71
1754122040.6384602,-2,-2,-55
1754122040.6744602,-4,-2,-50
1754122040.71246,-1,0,-60
1754122040.75046,-9,5,-65
1754122040.7894602,-7,0,-66
1754122040.8254602,-1,-2,-62
1754122040.86346,-4,1,-58
1754122040.9014602,4,2,-61
1754122040.9404602,-8,-2,-73
1754122040.97846,2,3,-65
1754122041.01446,2,2,-64
1754122041.0524602,9,-4,-74
1754122041.09046,-4,0,-53
1754122041.12946,5,0,-57
1754122041.16546,0,-1,-66
1754122041.20346,-5,2,-68
1754122041.24146,-1,4,-65
1754122041.28046,7,0,-69
1754122041.31846,2,-2,-64
1754122041.3554602,0,0,-64
1754122041.39346,0,3,-58
1754122041.43146,-1,9,-59
1754122041.4704602,4,10,-70
1754122041.5064602,1,5,-67
1754122041.54346,0,5,-66
1754122041.58146,10,0,-67
1754122041.62046,3,-4,-59
1754122041.65646,0,2,-72
1754122041.69346,4,0,-65
1754122041.73146,-2,1,-60
1754122041.77046,1,-4,-69
1754122041.80646,3,-1,-68
1754122041.84446,-6,-4,-69
1754122041.88246,0,-3,-61
1754122041.92046,0,-5,-67
1754122041.9604602,3,-8,-72
1754122041.9964602,1,-4,-71
1754122042.03446,-2,2,-61
1754122042.0724602,-4,5,-66
1754122042.11046,0,3,-65
1754122042.14946,-7,-7,-62
1754122042.18546,-3,-3,-59
1754122042.2234602,-4,-7,-63
1754122042.26146,-3,1,-63
1754122042.30046,3,0,-69
1754122042.33646,-1,-5,-55
1754122042.37446,6,-5,-69
1754122042.41346,0,0,-62
1754122042.45146,-9,1,-51
1754122042.48946,-4,-1,-68
1754122042.52546,-2,-6,-63
1754122042.56346,-5,-5,-61
1754122042.60146,-3,-2,-51
1754122042.64046,-7,-2,-70
1754122042.67646,-2,-4,-67
1754122042.71446,-1,2,-76
1754122042.7534602,-2,0,-70
1754122042.79146,-3,-3,-77
1754122042.82946,-6,-2,-68
1754122042.8654602,-1,-4,-63
1754122042.90346,-3,-8,-58
1754122042.94146,0,-4,-49
1754122042.9804602,5,2,-67
1754122043.0164602,5,-4,-68
1754122043.05446,-5,-3,-66
1754122043.0924602,-2,0,-70
1754122043.1314602,-2,2,-68
1754122043.16946,9,-4,-53
1754122043.20546,12,0,-67
1754122043.24246,1,2,-60
1754122043.28146,2,0,-64
1754122043.3194602,1,0,-56
1754122043.3554602,0,1,-63
1754122043.39246,-1,0,-62
1754122043.43146,5,-3,-67
1754122043.46946,0,-3,-63
1754122043.5064602,-3,-2,-63
1754122043.54546,-1,0,-62
1754122043.5824602,-2,0,-67
1754122043.6214602,0,1,-69
1754122043.6574602,-3,0,-61
1754122043.69646,-4,-4,-63
1754122043.7334602,-2,-5,-73
1754122043.77146,0,-11,-68
1754122043.81046,-5,-7,-63
1754122043.84646,-4,-9,-67
1754122043.8844602,-2,-4,-71
1754122043.92246,1,-2,-62
1754122043.96146,4,0,-70
1754122043.99746,0,-1,-71
1754122044.03546,0,-7,-68
1754122044.07346,-5,-5,-71
1754122044.1114602,-7,-5,-75
1754122044.15046,-1,-6,-70
1754122044.18646,4,0,-66
1754122044.22446,1,-10,-57
1754122044.26246,-4,-6,-66
1754122044.30146,-5,-9,-63
1754122044.33746,-1,-4,-73
1754122044.37546,-3,-3,-67
1754122044.4144602,-4,-1,-69
1754122044.45146,2,7,-65
1754122044.4904602,1,-6,-62
1754122044.5264602,0,-1,-66
1754122044.56346,-2,2,-70
1754122044.60246,0,1,-70
1754122044.64046,5,-7,-68
1754122044.67646,0,-5,-59
1754122044.71446,1,-2,-50
1754122044.75246,6,-9,-72
1754122044.79046,-2,-7,-66
1754122044.82646,-3,-4,-73
1754122044.86446,3,-2,-64
1754122044.90246,-4,2,-62
1754122044.94146,2,-8,-76
1754122044.97746,1,-1,-68
1754122045.01446,-6,1,-66
1754122045.0524602,-4,-5,-67
1754122045.09146,-2,0,-67
1754122045.12746,3,-5,-73
1754122045.16546,1,-4,-67
1754122045.20346,-9,0,-67
1754122045.24246,1,2,-70
1754122045.28046,6,-2,-64
1754122045.31646,-1,-1,-67
1754122045.35446,0,-6,-74
1754122045.39346,5,-4,-71
1754122045.43146,3,-6,-66
1754122045.4674602,3,-2,-61
1754122045.5064602,-2,-2,-59
1754122045.54346,2,0,-58
1754122045.5824602,6,1,-66
1754122045.62046,3,-3,-72
1754122045.65646,4,2,-73
1754122045.69346,7,-2,-65
1754122045.73246,0,-2,-64
1754122045.77046,-8,-8,-67
1754122045.80746,-5,-5,-78
1754122045.8454602,-1,-4,-61
1754122045.88346,5,-7,-64
1754122045.92246,6,-4,-69
1754122045.95846,1,0,-67
1754122045.99546,-1,-4,-76
1754122046.03346,-1,1,-64
1754122046.0724602,6,-5,-64
1754122046.1084602,-1,2,-65
1754122046.14546,-2,2,-63
1754122046.18346,2,-6,-54
1754122046.22246,0,4,-59
1754122046.26146,1,8,-61
1754122046.29746,0,1,-66
1754122046.33446,0,-2,-73
1754122046.37246,0,-9,-74
1754122046.4114602,-4,-7,-74
1754122046.4474602,-8,0,-58
1754122046.48546,-6,-4,-60
1754122046.52346,6,-6,-59
1754122046.5624602,1,2,-66
1754122046.5984602,-5,4,-64
1754122046.63646,1,-4,-65
1754122046.6744602,-2,4,-74
1754122046.71246,0,1,-75
1754122046.75146,0,3,-87
1754122046.78746,-4,0,-71
1754122046.8254602,-3,0,-63
1754122046.86446,7,0,-61
1754122046.90246,0,0,-67
1754122046.93846,-1,1,-67
1754122046.97746,-6,-3,-68
1754122047.01446,-5,-1,-68
1754122047.05346,-3,4,-58
1754122047.09146,0,2,-63
1754122047.12746,1,-1,-70
1754122047.16546,9,0,-68
1754122047.20346,-3,1,-61
1754122047.24246,0,-4,-58
1754122047.27846,-2,-2,-68
1754122047.31646,0,-1,-74
1754122047.35446,2,0,-73
1754122047.39346,0,6,-64
1754122047.43146,7,0,-60
1754122047.4674602,4,-10,-58
1754122047.50546,11,1,-53
1754122047.54446,8,-3,-60
1754122047.5824602,3,-3,-71
1754122047.6184602,-1,0,-70
1754122047.6574602,0,-3,-66
1754122047.6944602,-1,-2,-61
1754122047.7334602,5,0,-64
1754122047.77146,7,-2,-64
1754122047.80746,8,0,-51
1754122047.84446,4,0,-72
1754122047.88346,3,-2,-69
1754122047.9214602,4,1,-68
1754122047.9574602,-6,-2,-68
1754122047.99546,1,-6,-69
1754122048.03346,0,-5,-77
1754122048.0724602,-2,1,-71
1754122048.1084602,2,-2,-71
1754122048.14646,4,-7,-67
1754122048.1844602,5,-5,-82
1754122048.2234602,7,-5,-59
1754122048.26146,-3,-7,-56
1754122048.29746,-1,-7,-54
1754122048.3354602,0,-3,-59
1754122048.37446,-6,-3,-53
1754122048.41246,1,4,-68
1754122048.44846,1,5,-71
1754122048.48546,0,0,-68
1754122048.52346,3,-4,-65
1754122048.5624602,-1,-6,-67
1754122048.5984602,-3,-10,-64
1754122048.63646,1,-11,-58
1754122048.6744602,0,1,-57
1754122048.7134602,0,4,-72
1754122048.74946,0,-2,-68
1754122048.78746,-4,-2,-57
1754122048.8254602,0,-7,-52
1754122048.86346,-1,-5,-62
1754122048.90246,-4,-4,-62
1754122048.93846,-1,0,-68
1754122048.97646,-4,0,-62
1754122049.01446,0,-3,-65
1754122049.05346,12,0,-72
1754122049.08946,10,-3,-68
1754122049.12746,6,-2,-72
1754122049.16546,-4,-3,-82
1754122049.20346,0,2,-74
1754122049.24246,0,-4,-67
1754122049.27846,3,-5,-61
1754122049.3154602,9,-2,-66
1754122049.35446,-2,-9,-64
1754122049.39246,0,-7,-59
1754122049.42846,1,0,-57
1754122049.4674602,0,-3,-69
1754122049.50446,-2,-4,-61
1754122049.54346,12,0,-53
1754122049.57946,2,-1,-62
1754122049.61746,1,-3,-60
1754122049.6544602,-1,0,-48
1754122049.69346,0,-1,-60
1754122049.72946,6,4,-65
1754122049.76746,-8,1,-70
1754122049.8124602,-2,-2,-63
1754122049.8484602,-5,4,-63
1754122049.88746,2,-2,-70
1754122049.92546,-6,6,-69
1754122049.9634602,1,-5,-64
1754122049.99946,-3,-2,-67
1754122050.03746,0,-4,-67
1754122050.0754602,-2,-8,-65
1754122050.11446,3,-3,-67
1754122050.15246,4,-1,-59
1754122050.18846,-1,-7,-54
1754122050.22646,0,-9,-60
1754122050.26446,-4,-2,-62
1754122050.30346,0,-5,-53
1754122050.33946,1,-6,-57
1754122050.37746,7,-3,-59
1754122050.41546,-1,1,-61
1754122050.45446,1,2,-64
1754122050.49246,-2,1,-62
1754122050.52846,0,2,-63
1754122050.5654602,6,-4,-59
1754122050.60446,12,2,-50
1754122050.64046,4,1,-63
1754122050.6774602,0,-4,-70
1754122050.71546,-5,0,-66
1754122050.75446,0,-4,-59
1754122050.79046,-2,-2,-65
1754122050.82946,-3,3,-63
1754122050.86646,-5,3,-77
1754122050.9044602,-8,3,-58
1754122050.94346,-2,0,-57
1754122050.97946,0,0,-55
1754122051.0164602,0,2,-64
1754122051.05446,3,0,-67
1754122051.09346,0,0,-68
1754122051.12946,6,-5,-66
1754122051.1674602,2,0,-65
1754122051.20546,6,2,-67
1754122051.24446,0,-9,-62
1754122051.28046,1,-5,-69
1754122051.31846,0,-3,-56
1754122051.35646,0,-5,-60
1754122051.3944602,0,-2,-59
1754122051.43346,0,0,-63
1754122051.46946,1,-1,-59
1754122051.50746,-3,0,-61
1754122051.54546,-1,-1,-62
1754122051.58446,0,-4,-61
1754122051.62046,0,-1,-62
1754122051.65946,0,1,-68
1754122051.69646,4,0,-75
1754122051.73546,0,-2,-60
1754122051.77346,2,-5,-64
1754122051.8094602,1,-10,-66
1754122051.84746,5,-10,-73
1754122051.88546,5,0,-68
1754122051.9244602,2,-6,-62
1754122051.9604602,7,-2,-61
1754122051.99846,-2,-3,-72
1754122052.0364602,2,0,-65
1754122052.0754602,2,5,-62
1754122052.11346,2,0,-76
1754122052.14946,3,3,-69
1754122052.1874602,-2,3,-69
1754122052.22546,-5,-3,-54
1754122052.26446,0,-1,-67
1754122052.30046,-3,2,-70
1754122052.3384602,-10,-1,-63
1754122052.37646,-3,-5,-70
1754122052.41546,7,-2,-66
1754122052.45346,-2,-7,-63
1754122052.48946,-5,-6,-59
1754122052.52746,-3,1,-68
1754122052.5654602,-2,7,-72
1754122052.60446,6,6,-71
1754122052.64046,0,0,-60
1754122052.67846,3,0,-72
1754122052.71646,4,0,-66
1754122052.75546,2,-1,-68
1754122052.79346,1,0,-65
1754122052.82946,0,-7,-68
1754122052.8684602,-2,-1,-60
1754122052.90546,4,1,-56
1754122052.9444602,-3,1,-55
1754122052.9804602,-2,-2,-65
1754122053.01846,0,0,-67
1754122053.05646,0,3,-64
1754122053.0954602,4,7,-66
1754122053.1314602,-1,2,-68
1754122053.16846,0,0,-74
1754122053.20646,-1,0,-58
1754122053.24546,4,2,-59
1754122053.28146,4,-1,-62
1754122053.31846,1,1,-62
1754122053.35646,1,-1,-68
1754122053.39546,-1,0,-68
1754122053.43146,-1,0,-58
1754122053.46946,-12,-7,-57
1754122053.50746,-3,0,-53
1754122053.54546,2,-6,-58
1754122053.58446,3,0,-51
1754122053.62046,-4,0,-68
1754122053.65846,2,-2,-65
1754122053.69646,3,0,-62
1754122053.73546,1,-3,-64
1754122053.77146,0,-5,-53
1754122053.81046,1,1,-65
1754122053.84746,1,0,-65
1754122053.88646,12,-2,-65
1754122053.9244602,7,-2,-62
1754122053.9604602,3,1,-51
1754122053.99746,5,5,-54
1754122054.0364602,2,2,-60
1754122054.07446,1,-5,-57
1754122054.11046,0,-2,-51
1754122054.14746,3,5,-62
1754122054.18646,-1,0,-75
1754122054.22446,1,4,-68
1754122054.26046,-1,0,-68
1754122054.29746,-4,-1,-71
1754122054.33646,-3,-1,-62
1754122054.37446,1,0,-64
1754122054.41046,4,4,-65
1754122054.4474602,8,5,-73
1754122054.4864602,3,-3,-64
1754122054.52446,6,-3,-60
1754122054.56046,-2,1,-69
1754122054.5984602,-3,-1,-71
1754122054.63646,2,3,-58
1754122054.67546,1,3,-60
1754122054.71146,12,3,-57
1754122054.74846,2,-2,-68
1754122054.7864602,3,-7,-62
1754122054.8254602,3,-2,-63
1754122054.8614602,3,2,-67
1754122054.89846,-6,1,-59
1754122054.93646,0,-1,-56
1754122054.97546,7,4,-72
1754122055.01146,-2,2,-59
1754122055.04846,2,0,-59
1754122055.08646,-6,-4,-74
1754122055.12546,0,-2,-64
1754122055.1614602,-3,0,-62
1754122055.19946,-2,-3,-59
1754122055.23746,-1,-3,-65
1754122055.2764602,0,-4,-68
1754122055.3124602,0,-8,-70
1754122055.35046,2,1,-64
1754122055.3884602,0,-6,-72
1754122055.4274602,1,-4,-68
1754122055.46546,1,6,-65
1754122055.50146,-8,11,-63
1754122055.54046,-5,4,-65
1754122055.57746,-5,-1,-75
1754122055.61646,-9,3,-61
1754122055.65346,-1,-7,-70
1754122055.6904602,5,-4,-72
1754122055.72846,-3,4,-83
1754122055.7664602,2,5,-63
1754122055.80546,0,0,-51
1754122055.84146,-1,-2,-63
1754122055.87946,1,4,-63
1754122055.91646,0,-1,-55
1754122055.95546,1,2,-61
1754122055.99146,-1,3,-59
1754122056.0294602,1,0,-69
1754122056.06746,4,1,-60
1754122056.10646,5,-10,-60
1754122056.14246,-2,-1,-57
1754122056.18146,-5,-2,-57
1754122056.21846,4,-6,-71
1754122056.25746,1,-9,-69
1754122056.29546,4,0,-63
1754122056.33146,-1,-3,-71
1754122056.37046,-8,-3,-67
1754122056.4074602,-2,0,-46
1754122056.44646,1,0,-48
1754122056.48246,-1,0,-56
1754122056.52046,1,4,-55
1754122056.55846,-5,2,-56
1754122056.59746,-5,4,-61
1754122056.63546,-5,4,-68
1754122056.6714602,-5,1,-67
1754122056.70946,0,0,-61
1754122056.74746,4,6,-67
1754122056.7864602,5,-1,-63
1754122056.8224602,2,2,-58
1754122056.86046,6,0,-52
1754122056.89846,2,3,-56
1754122056.9374602,-2,7,-53
1754122056.97546,-3,2,-66
1754122057.01146,6,5,-63
1754122057.04846,0,-1,-65
1754122057.08746,0,0,-72
1754122057.12546,4,2,-62
1754122057.1614602,6,0,-51
1754122057.19846,-1,-4,-70
1754122057.23746,4,1,-68
1754122057.27546,1,0,-68
1754122057.31146,6,3,-62
1754122057.3484602,4,-4,-67
1754122057.38746,7,-4,-54
1754122057.42346,0,0,-61
1754122057.4604602,4,-4,-62
1754122057.49846,0,-6,-67
1754122057.53746,-1,-1,-68
1754122057.57346,3,-3,-66
1754122057.61046,5,-1,-61
1754122057.64846,1,-3,-66
1754122057.6874602,-5,7,-62
1754122057.7234602,-7,5,-63
1754122057.76146,-3,0,-62
1754122057.7994602,-4,0,-61
1754122057.83746,-3,5,-67
1754122057.87646,0,1,-51
1754122057.91246,-2,2,-72
1754122057.9504602,8,6,-72
1754122057.98846,2,7,-67
1754122058.02746,3,4,-60
1754122058.06346,8,-1,-42
1754122058.10146,1,0,-57
1754122058.13946,-3,2,-60
1754122058.17846,1,3,-69
1754122058.21646,2,6,-71
1754122058.25246,9,5,-76
1754122058.2894602,3,-2,-56
1754122058.32746,2,-1,-64
1754122058.36646,2,1,-59
1754122058.40246,3,1,-78
1754122058.43946,-8,3,-72
1754122058.47846,-5,0,-65
1754122058.5164602,-1,-1,-63
1754122058.5524602,5,0,-65
1754122058.59146,-1,-8,-63
1754122058.62946,0,3,-68
1754122058.6674602,1,2,-64
1754122058.70346,0,1,-64
1754122058.7404602,3,0,-62
1754122058.7794602,-6,0,-71
1754122058.81746,3,4,-69
1754122058.85346,3,1,-72
1754122058.8914602,2,0,-51
1754122058.92946,1,-1,-54
1754122058.96846,-1,2,-60
1754122059.0064602,0,0,-64
1754122059.0424602,1,1,-65
1754122059.07946,-10,-4,-59
1754122059.1184602,-9,-2,-75
1754122059.15646,0,-6,-63
1754122059.19246,5,-11,-58
1754122059.2304602,-3,-6,-65
1754122059.26846,-4,-6,-64
1754122059.30746,-5,-1,-63
1754122059.34346,-10,-3,-65
1754122059.3814602,0,-5,-63
1754122059.41946,-5,1,-61
1754122059.45846,2,-1,-58
1754122059.4964602,-1,-1,-54
1754122059.5324602,-1,-6,-57
1754122059.57046,-6,-2,-53
1754122059.6084602,-3,-1,-64
1754122059.64746,-1,3,-63
1754122059.68346,1,-2,-62
1754122059.72146,0,0,-66
1754122059.7594602,-4,4,-70
1754122059.79846,-6,0,-68
1754122059.8424602,-4,0,-70
1754122059.87946,0,0,-57
1754122059.91846,-4,-9,-68
1754122059.95646,-5,-7,-65
1754122059.9934602,-2,-3,-73
1754122060.03146,2,0,-58
1754122060.0694602,-4,4,-51
1754122060.1084602,-1,-3,-62
1754122060.1444602,-1,0,-51
1754122060.18346,0,-4,-57
1754122060.2204602,1,0,-56
1754122060.2594602,-4,0,-55
1754122060.29746,-1,-5,-61
1754122060.33346,0,-3,-59
1754122060.37246,-3,0,-67
1754122060.40946,-1,-7,-83
1754122060.44846,1,-6,-68
1754122060.48446,0,-4,-69
1754122060.52246,11,-3,-64
1754122060.56046,6,4,-59
1754122060.5984602,2,-3,-66
1754122060.63746,-3,3,-63
1754122060.67346,-1,-4,-60
1754122060.71146,-9,-1,-59
1754122060.74946,-1,1,-55
1754122060.78846,-5,-8,-50
1754122060.82446,0,-2,-58
1754122060.86346,-5,2,-65
1754122060.90046,-2,-3,-71
1754122060.93946,-5,-4,-68
1754122060.97746,-8,2,-52
1754122061.0134602,-5,3,-61
1754122061.05146,-3,-2,-72
1754122061.08946,0,0,-69
1754122061.1284602,-1,3,-73
1754122061.1644602,-1,-1,-70
1754122061.20246,-3,-5,-65
1754122061.2404602,-6,-4,-51
1754122061.2794602,0,-2,-63
1754122061.31746,4,-2,-71
1754122061.35346,4,-5,-69
1754122061.3914602,4,-1,-63
1754122061.43046,1,-6,-67
1754122061.46846,-4,2,-70
1754122061.50446,-1,-4,-58
1754122061.54346,0,6,-66
1754122061.58046,-6,3,-61
1754122061.61946,1,1,-54
1754122061.6574602,3,3,-66
1754122061.69346,0,0,-73
1754122061.7304602,0,-4,-69
1754122061.7694602,5,-2,-61
1754122061.80746,1,-2,-69
1754122061.84346,4,2,-66
1754122061.88046,-1,0,-68
1754122061.91946,0,0,-71
1754122061.9574602,-5,-1,-73
1754122061.99446,-4,-6,-74
1754122062.0324602,-4,-1,-68
1754122062.07046,-6,3,-62
1754122062.10946,2,2,-80
1754122062.14546,-3,0,-67
1754122062.18346,-1,-7,-59
1754122062.22146,-4,0,-67
1754122062.26046,1,2,-67
1754122062.29846,1,-3,-65
1754122062.33446,1,2,-64
1754122062.3714602,-3,0,-61
1754122062.41046,-1,3,-63
1754122062.44846,4,5,-64
1754122062.48446,1,3,-65
1754122062.52146,0,5,-71
1754122062.56046,6,2,-62
1754122062.5984602,-5,-3,-69
1754122062.6344602,-3,-5,-58
1754122062.67346,0,1,-58
1754122062.7104602,-2,3,-65
1754122062.74946,-9,0,-51
1754122062.78546,-7,1,-56
1754122062.82346,1,-2,-64
1754122062.86046,0,1,-65
1754122062.89946,-4,2,-79
1754122062.93546,0,-1,-76
1754122062.9734602,-1,-6,-68
1754122063.01146,-3,-5,-68
1754122063.05046,-5,0,-69
1754122063.0884602,-2,-5,-64
1754122063.12446,2,-5,-70
1754122063.16346,-4,2,-64
1754122063.20146,-3,0,-55
1754122063.23946,-7,2,-67
1754122063.27546,-5,4,-58
1754122063.31346,-1,0,-64
1754122063.35146,-7,0,-69
1754122063.39046,-2,4,-65
1754122063.42846,-2,6,-66
1754122063.46446,5,-2,-58
1754122063.50246,2,1,-64
1754122063.54046,2,3,-60
1754122063.57946,-2,-1,-67
1754122063.6154602,4,-3,-79
1754122063.65346,-1,-6,-65
1754122063.69146,-3,2,-72
1754122063.7304602,-3,-2,-59
1754122063.76846,-1,-6,-66
1754122063.80446,5,-2,-63
1754122063.8424602,4,-1,-70
1754122063.88046,5,1,-66
1754122063.91946,-2,-8,-64
1754122063.95546,0,-8,-65
1754122063.99446,2,-3,-73
1754122064.03146,-1,-3,-71
1754122064.07046,-5,-5,-70
1754122064.1084602,-1,-2,-66
1754122064.1444602,0,0,-55
1754122064.18146,0,0,-54
1754122064.2204602,-5,-2,-69
1754122064.25846,-6,0,-73
1754122064.29446,-4,-4,-62
1754122064.3324602,-3,0,-62
1754122064.37046,-2,0,-62
1754122064.40946,0,4,-59
1754122064.44546,-3,2,-63
1754122064.48446,-1,0,-75
1754122064.52146,-1,2,-66
1754122064.56046,-3,1,-72
1754122064.59746,0,3,-60
1754122064.63546,0,-1,-57
1754122064.67246,0,-3,-58
1754122064.71146,-4,2,-58
1754122064.74946,2,-2,-59
1754122064.78546,2,1,-67
1754122064.8224602,0,-5,-58
1754122064.8614602,2,-12,-69
1754122064.89946,-4,-4,-70
1754122064.93546,-8,-7,-73
1754122064.97446,-4,2,-72
1754122065.01146,-1,0,-64
1754122065.05046,-4,-1,-60
1754122065.08646,1,-3,-54
1754122065.12446,-1,-2,-61
1754122065.16246,-4,1,-62
1754122065.2004602,-4,-2,-52
1754122065.23946,1,-8,-56
1754122065.27546,3,-7,-58
1754122065.31346,1,-6,-50
1754122065.35246,-6,2,-62
1754122065.39046,-8,0,-50
1754122065.42646,0,0,-46
1754122065.46446,1,-9,-64
1754122065.50246,-2,-6,-62
1754122065.54146,2,-7,-65
1754122065.57946,2,3,-65
1754122065.6154602,-2,-2,-73
1754122065.65346,0,3,-71
1754122065.69146,0,1,-63
1754122065.7304602,-4,2,-65
1754122065.7664602,0,3,-65
1754122065.80346,-1,6,-79
1754122065.84146,-1,6,-73
1754122065.88046,-3,-1,-66
1754122065.91646,-2,0,-75
1754122065.95446,-5,3,-64
1754122065.99246,-2,-2,-60
1754122066.03146,1,-1,-65
1754122066.0694602,0,0,-70
1754122066.1054602,-1,-1,-61
1754122066.14346,1,-1,-63
1754122066.18246,-3,-6,-59
1754122066.2204602,-4,-4,-59
1754122066.2564602,1,-4,-63
1754122066.29546,1,-3,-54
1754122066.3324602,0,-3,-64
1754122066.3714602,-6,1,-57
1754122066.40946,0,-2,-62
1754122066.44546,1,-9,-60
1754122066.4834602,1,-4,-60
1754122066.52146,4,4,-60
1754122066.56046,3,5,-67
1754122066.59646,4,4,-69
1754122066.63346,4,2,-60
1754122066.6714602,-2,-7,-58
1754122066.7104602,0,0,-62
1754122066.7464602,1,-4,-60
1754122066.78446,-2,0,-64
1754122066.8224602,-9,1,-68
1754122066.8614602,-8,-1,-75
1754122066.89746,-5,-3,-62
1754122066.93546,0,-5,-57
1754122066.9734602,3,-1,-60
1754122067.01146,-1,-2,-65
1754122067.05046,0,4,-69
1754122067.08646,-3,2,-66
1754122067.12346,-5,1,-59
1754122067.1614602,-3,2,-57
1754122067.2004602,0,7,-57
1754122067.2364602,-3,0,-72
1754122067.27546,-5,-1,-59
1754122067.3124602,1,-1,-55
1754122067.35146,-2,0,-64
1754122067.38746,-3,2,-61
1754122067.42546,0,5,-58
1754122067.46246,-5,0,-49
1754122067.50146,3,0,-55
1754122067.53746,-1,-4,-64
1754122067.5754602,-5,-8,-68
1754122067.61346,-5,1,-61
1754122067.65246,-1,0,-65
1754122067.6904602,0,6,-71
1754122067.72646,-2,5,-65
1754122067.76446,-1,-1,-68
1754122067.80346,0,-2,-74
1754122067.84146,2,-2,-69
1754122067.87746,-1,2,-60
1754122067.91646,-5,6,-58
1754122067.95346,1,0,-66
1754122067.99246,-1,0,-67
1754122068.03046,5,0,-78
1754122068.06646,2,0,-66
1754122068.10346,-3,-4,-65
1754122068.14246,-2,1,-69
1754122068.18046,1,0,-65
1754122068.21646,-1,-6,-62
1754122068.25446,-1,0,-58
1754122068.2924602,-5,3,-61
1754122068.33146,0,-1,-71
1754122068.36746,0,-3,-70
1754122068.4044602,1,-7,-68
1754122068.44246,0,-3,-59
1754122068.48146,-1,-5,-62
1754122068.51746,-3,0,-67
1754122068.55446,-2,-2,-67
1754122068.5924602,0,-3,-57
1754122068.6314602,0,0,-65
1754122068.6674602,0,1,-62
1754122068.70446,-1,-1,-59
1754122068.74246,-4,4,-66
1754122068.78146,-10,-3,-64
1754122068.81746,-8,-2,-54
1754122068.8554602,-5,1,-60
1754122068.89346,-13,4,-76
1754122068.93246,-6,0,-65
1754122068.96846,0,0,-60
1754122069.00546,-7,-1,-62
1754122069.04346,3,0,-59
1754122069.0824602,-3,-2,-62
1754122069.1184602,0,-2,-59
1754122069.15646,1,-4,-64
1754122069.1944602,0,-8,-66
1754122069.2334602,1,0,-68
1754122069.27146,-4,-7,-63
1754122069.30746,1,-4,-76
1754122069.3454602,2,-4,-76
1754122069.38346,4,1,-53
1754122069.42246,6,8,-60
1754122069.45846,1,1,-58
1754122069.4964602,-2,0,-69
1754122069.53446,5,1,-59
1754122069.5724602,-2,-5,-70
1754122069.6114602,-1,-1,-69
1754122069.64746,9,-2,-66
1754122069.68546,-5,-3,-70
1754122069.7234602,-6,-8,-56
1754122069.76246,1,-1,-55
1754122069.79846,-5,-2,-60
1754122069.83646,-5,-4,-58
1754122069.88246,-4,-1,-63
1754122069.91846,-5,-2,-55
1754122069.9574602,0,-12,-62
1754122069.99446,2,-9,-45
1754122070.03346,3,0,-55
1754122070.07146,4,1,-53
1754122070.10746,0,0,-49
1754122070.14546,-4,-6,-51
1754122070.18346,-2,-2,-54
1754122070.22146,4,1,-64
1754122070.25746,2,-2,-68
1754122070.29446,-8,-1,-68
1754122070.33346,-3,-2,-59
1754122070.3714602,-7,-5,-52
1754122070.4074602,0,-8,-62
1754122070.44546,2,-3,-61
1754122070.4834602,-3,-5,-58
1754122070.52246,1,-2,-63
1754122070.55846,-3,0,-66
1754122070.59646,3,1,-73
1754122070.6344602,-7,0,-70
1754122070.67346,0,2,-69
1754122070.71146,4,1,-73
1754122070.74746,7,-4,-63
1754122070.78546,6,-5,-74
1754122070.82346,0,-8,-71
1754122070.86246,-3,1,-58
1754122070.89846,1,0,-65
1754122070.93646,-9,-1,-63
1754122070.9734602,-6,5,-56
1754122071.01246,1,0,-60
1754122071.04846,-2,0,-66
1754122071.08646,-1,0,-59
1754122071.12546,-1,8,-54
1754122071.16346,0,4,-70
1754122071.19946,0,-2,-71
1754122071.23746,5,-10,-65
1754122071.27546,11,-4,-57
1754122071.31346,4,-2,-59
1754122071.35246,14,-6,-60
1754122071.3884602,0,0,-63
1754122071.42546,4,0,-64
1754122071.4634602,7,-3,-61
1754122071.50246,0,-6,-56
1754122071.53846,4,-1,-68
1754122071.5754602,-3,0,-68
1754122071.61346,1,-1,-65
1754122071.65246,0,7,-61
1754122071.68846,1,3,-70
1754122071.72546,-1,0,-68
1754122071.7634602,-3,-6,-66
1754122071.8024602,0,0,-66
1754122071.8384602,-4,0,-67
1754122071.87546,-3,0,-58
1754122071.91346,0,-3,-45
1754122071.95246,-7,-4,-58
1754122071.98846,-2,-4,-62
1754122072.0264602,-2,-9,-67
1754122072.0654602,2,-6,-64
1754122072.10346,2,-7,-53
1754122072.13946,3,0,-63
1754122072.1774602,0,-1,-57
1754122072.21646,2,6,-71
1754122072.25446,-2,1,-70
1754122072.2924602,-3,0,-56
1754122072.32846,0,-3,-55
1754122072.36646,-5,0,-60
1754122072.4044602,-3,-2,-70
1754122072.44246,-5,-3,-72
1754122072.47846,-6,-7,-62
1754122072.5164602,4,0,-65
1754122072.55446,-1,-4,-66
1754122072.59346,6,0,-60
1754122072.62946,-1,-8,-57
1754122072.6674602,-1,-3,-61
1754122072.70546,-3,-2,-76
1754122072.74446,6,-4,-66
1754122072.7824602,0,0,-64
1754122072.81846,-2,-1,-57
1754122072.85746,-4,0,-63
1754122072.8944602,0,2,-66
1754122072.93346,4,6,-60
1754122072.96946,0,5,-50
1754122073.00746,4,-2,-63
1754122073.04446,-4,-6,-48
1754122073.08346,0,-5,-58
1754122073.11946,2,-1,-62
1754122073.1574602,0,-1,-62
1754122073.1944602,-3,1,-72
1754122073.2334602,-1,-1,-60
1754122073.2694602,-3,-3,-56
1754122073.30746,0,-2,-54
1754122073.3454602,0,0,-59
1754122073.3844602,-8,0,-59
1754122073.42246,-4,-2,-62
1754122073.45846,-6,0,-68
1754122073.4964602,-7,-5,-71
1754122073.53446,-2,-2,-68
1754122073.57346,-6,0,-74
1754122073.60946,-3,-5,-73
1754122073.64746,4,-1,-61
1754122073.68546,-4,0,-63
1754122073.72446,8,0,-54
1754122073.76046,11,0,-49
1754122073.79846,2,-2,-66
1754122073.83646,2,-4,-65
1754122073.87546,0,0,-63
1754122073.91346,-9,5,-69
1754122073.94946,-2,0,-71
1754122073.9864602,2,-3,-67
1754122074.02546,6,0,-73
1754122074.06346,3,-6,-72
1754122074.09946,-5,-9,-70
1754122074.13746,4,-2,-76
1754122074.17546,-3,-8,-67
1754122074.21446,-8,-7,-65
1754122074.25046,-4,0,-67
1754122074.28746,-5,-4,-63
1754122074.3254602,0,-2,-59
1754122074.36446,3,4,-69
1754122074.40046,-1,-6,-79
1754122074.43846,-2,0,-78
1754122074.47646,0,-2,-67
1754122074.51546,-1,-2,-62
1754122074.55346,-3,-3,-58
1754122074.58946,-9,-7,-71
1754122074.62746,-6,-5,-65
1754122074.66546,-2,-3,-68
1754122074.70446,-3,-2,-65
1754122074.7404602,-7,2,-64
1754122074.7794602,1,0,-50
1754122074.81646,-4,2,-66
1754122074.8554602,-4,0,-65
1754122074.89346,-2,-5,-67
1754122074.92946,-2,3,-65
1754122074.9674602,2,3,-56
1754122075.00546,-9,-5,-70
1754122075.04446,-1,2,-55
1754122075.08046,1,2,-61
1754122075.11746,0,-2,-56
1754122075.15546,3,3,-66
1754122075.1944602,-3,-3,-62
1754122075.2304602,-3,2,-64
1754122075.26846,-2,-3,-59
1754122075.30746,-1,-1,-67
1754122075.3454602,0,-3,-64
1754122075.38346,-3,5,-67
1754122075.41946,3,5,-66
1754122075.4574602,-2,0,-67
1754122075.49546,-9,-2,-81
1754122075.53346,-3,-3,-65
1754122075.5694602,1,-3,-70
1754122075.60746,7,-1,-74
1754122075.64646,0,0,-64
1754122075.6844602,7,0,-60
1754122075.7204602,5,1,-51
1754122075.75746,0,-6,-63
1754122075.79546,-2,-3,-68
1754122075.83446,4,0,-66
1754122075.87046,-1,0,-67
1754122075.90846,-1,-1,-66
1754122075.94646,0,-7,-61
1754122075.98546,0,-4,-56
1754122076.02146,1,0,-52
1754122076.0594602,4,-3,-62
1754122076.09646,-3,-1,-68
1754122076.13546,-10,-3,-73
1754122076.1714602,-7,-4,-61
1754122076.20946,-6,-4,-55
1754122076.24846,3,0,-62
1754122076.28546,3,-1,-68
1754122076.32446,-6,-3,-68
1754122076.36046,-4,-1,-64
1754122076.39846,0,-2,-71
1754122076.43646,-2,0,-55
1754122076.47546,8,-1,-53
1754122076.51146,1,-2,-56
1754122076.54846,-2,0,-61
1754122076.58646,3,1,-63
1754122076.62546,8,1,-60
1754122076.6614602,-1,-1,-61
1754122076.7004602,-7,-6,-61
1754122076.73746,4,0,-67
1754122076.7764602,0,-5,-60
1754122076.81446,1,-5,-52
1754122076.85046,-1,-7,-55
1754122076.8884602,-1,1,-52
1754122076.92646,0,-6,-61
1754122076.96546,-3,-5,-58
1754122077.00146,-5,3,-46
1754122077.0394602,-7,0,-58
1754122077.07746,-3,-2,-70
1754122077.11646,-4,0,-67
1754122077.1544602,-1,-2,-73
1754122077.1904602,4,0,-69
1754122077.22946,2,3,-63
1754122077.2664602,-1,4,-64
1754122077.30546,-5,-2,-64
1754122077.34146,-1,-5,-65
1754122077.37946,-1,-4,-65
1754122077.4174602,-1,0,-69
1754122077.45646,-2,8,-60
1754122077.49446,-6,10,-56
1754122077.53046,-2,6,-60
1754122077.56846,-2,0,-69
1754122077.60646,0,-2,-62
1754122077.64546,1,-2,-60
1754122077.68146,0,-5,-58
1754122077.7204602,3,0,-50
1754122077.75746,-1,0,-66
1754122077.7964602,0,-3,-52
1754122077.83446,2,-2,-68
1754122077.87046,0,3,-65
1754122077.9074602,-3,0,-56
1754122077.94646,-5,0,-65
1754122077.98446,1,-3,-61
1754122078.02046,0,-3,-69
1754122078.05746,-5,3,-61
1754122078.09646,-1,0,-62
1754122078.13246,-5,-5,-61
1754122078.17046,1,-4,-66
1754122078.20946,0,-2,-58
1754122078.2464602,-5,-3,-63
1754122078.28546,0,-8,-63
1754122078.32146,-2,-8,-65
1754122078.35946,1,0,-64
1754122078.39746,5,4,-75
1754122078.43646,7,2,-66
1754122078.47246,3,1,-55
1754122078.5094602,0,0,-76
1754122078.54746,2,7,-69
1754122078.58646,9,-3,-71
1754122078.62246,3,-7,-66
1754122078.66046,0,-10,-70
1754122078.69846,0,-8,-66
1754122078.73746,-2,0,-61
1754122078.77546,-2,-1,-56
1754122078.81146,-2,-2,-72
1754122078.84946,-3,1,-69
1754122078.88746,3,-1,-65
1754122078.92646,8,-2,-63
1754122078.96246,5,-1,-72
1754122079.00046,4,-2,-74
1754122079.03846,4,-5,-76
1754122079.07746,-3,0,-60
1754122079.1154602,-6,-3,-70
1754122079.1514602,0,0,-67
1754122079.18846,3,0,-77
1754122079.22746,1,-1,-62
1754122079.26546,0,2,-56
1754122079.30146,-6,0,-50
1754122079.33946,4,-3,-54
1754122079.37746,1,-2,-61
1754122079.41646,-11,6,-58
1754122079.45246,-5,-2,-56
1754122079.4904602,-6,-1,-66
1754122079.52846,0,-1,-64
1754122079.56746,0,-5,-66
1754122079.6054602,3,-2,-62
1754122079.6414602,4,-5,-53
1754122079.67946,1,-4,-71
1754122079.7174602,-2,-1,-73
1754122079.7564602,-3,-3,-74
1754122079.7924602,-4,1,-73
1754122079.83046,-3,4,-72
1754122079.8684602,-2,-3,-64
1754122079.91246,3,3,-54
1754122079.95146,0,5,-62
1754122079.98846,1,10,-66
1754122080.02746,7,2,-65
1754122080.0654602,10,0,-70
1754122080.10146,1,3,-69
1754122080.1384602,-4,-10,-57
1754122080.1774602,1,-5,-67
1754122080.21546,0,4,-62
1754122080.25146,0,1,-65
1754122080.2894602,-1,-5,-65
1754122080.32746,-5,-4,-71
1754122080.36646,-5,0,-67
1754122080.40246,-5,-1,-67
1754122080.4404602,1,-3,-58
1754122080.47846,1,0,-57
1754122080.51746,-3,3,-67
1754122080.55346,5,0,-68
1754122080.59046,5,3,-57
1754122080.6284602,4,2,-71
1754122080.6674602,2,5,-62
1754122080.70346,-7,0,-52
1754122080.74146,-4,1,-50
1754122080.7794602,4,0,-50
1754122080.81746,-9,-8,-66
1754122080.85646,-3,-2,-62
1754122080.89246,-3,-1,-55
1754122080.93046,0,1,-56
1754122080.96846,-2,-2,-64
1754122081.0064602,4,5,-71
1754122081.0424602,-1,7,-75
1754122081.08046,-4,6,-47
1754122081.1184602,-4,-1,-70
1754122081.1574602,-10,0,-67
1754122081.19346,-3,-1,-63
1754122081.23146,3,0,-63
1754122081.2694602,-6,0,-59
1754122081.30746,-4,2,-73
1754122081.34646,-3,-3,-71
1754122081.38246,-1,-1,-77
1754122081.42046,0,5,-74
1754122081.45846,0,-5,-76
1754122081.49746,-5,6,-74
1754122081.53346,1,2,-58
1754122081.57146,4,0,-59
1754122081.60946,12,2,-57
1754122081.64846,6,0,-55
1754122081.68646,4,0,-64
1754122081.72246,2,1,-72
1754122081.7594602,-5,12,-69
1754122081.79846,0,2,-61
1754122081.83646,-6,-5,-55
1754122081.87246,-6,0,-63
1754122081.90946,-3,-1,-63
1754122081.94846,-3,-1,-63
1754122081.9864602,-2,0,-61
1754122082.02246,-2,0,-61
1754122082.06046,5,-1,-71
1754122082.0984602,4,0,-78
1754122082.13746,3,4,-72
1754122082.17346,3,-4,-60
1754122082.21146,1,6,-65
1754122082.24946,-3,0,-63
1754122082.28846,2,-2,-68
1754122082.32646,0,-7,-59
1754122082.36246,-2,-2,-57
1754122082.40046,0,-11,-59
1754122082.43846,0,-3,-67
1754122082.47746,3,-1,-72
1754122082.5134602,11,0,-65
1754122082.55146,8,0,-61
1754122082.5884602,0,-4,-70
1754122082.62746,-5,3,-66
1754122082.66346,0,9,-72
1754122082.7004602,15,0,-70
1754122082.73846,1,0,-67
1754122082.77746,-3,-1,-59
1754122082.81346,3,0,-59
1754122082.85146,6,6,-66
1754122082.8884602,0,-1,-65
1754122082.9274602,6,-2,-64
1754122082.9634602,6,-5,-56
1754122083.00146,-1,-1,-56
1754122083.0394602,-4,0,-69
1754122083.07846,-8,0,-61
1754122083.11446,0,0,-65
1754122083.1514602,4,-4,-68
1754122083.18946,-5,2,-65
1754122083.22846,1,-1,-70
1754122083.26446,1,0,-65
1754122083.30146,1,-2,-59
1754122083.33946,1,-7,-63
1754122083.3784602,-2,-4,-66
1754122083.4144602,0,1,-67
1754122083.45146,-10,2,-57
1754122083.48946,-3,1,-50
1754122083.52846,1,-2,-55
1754122083.56446,0,5,-51
1754122083.60146,0,3,-48
1754122083.63946,-5,0,-45
1754122083.67846,4,3,-59
1754122083.71446,2,5,-66
1754122083.75146,2,0,-56
1754122083.7894602,-3,-5,-70
1754122083.82846,1,-2,-73
1754122083.86446,0,-1,-65
1754122083.90246,-2,-1,-76
1754122083.9404602,7,2,-74
1754122083.97946,5,-1,-65
1754122084.01746,2,1,-64
1754122084.05346,1,-6,-59
1754122084.09146,0,0,-51
1754122084.12946,-1,4,-62
1754122084.16846,-2,5,-59
1754122084.20446,-4,2,-69
1754122084.24146,2,-3,-80
1754122084.2794602,0,-3,-66
1754122084.31846,5,1,-67
1754122084.35446,2,-1,-64
1754122084.39246,3,0,-64
1754122084.43146,-6,5,-61
1754122084.46946,0,-5,-69
1754122084.50746,0,-4,-70
1754122084.54446,-2,-4,-63
1754122084.58146,2,-4,-76
1754122084.61946,6,-2,-69
1754122084.65846,7,3,-69
1754122084.6944602,6,-1,-69
1754122084.73246,1,0,-70
1754122084.77046,6,-5,-77
1754122084.8094602,0,-2,-63
1754122084.84746,-2,-1,-65
1754122084.88346,-9,2,-69
1754122084.92246,-1,0,-69
1754122084.95946,-1,-4,-60
1754122084.99846,1,-7,-60
1754122085.03446,-3,-1,-64
1754122085.0724602,3,-1,-58
1754122085.1114602,3,-3,-55
1754122085.14946,0,4,-69
1754122085.18546,3,6,-64
1754122085.22246,1,3,-54
1754122085.26146,-2,1,-71
1754122085.2994602,-8,6,-60
1754122085.3354602,-5,4,-53
1754122085.37346,0,2,-66
1754122085.4114602,-1,0,-77
1754122085.44946,0,-3,-67
1754122085.48846,6,0,-62
1754122085.52446,-1,2,-68
1754122085.5624602,3,-3,-54
1754122085.60046,3,3,-67
1754122085.63946,1,3,-78
1754122085.67546,1,0,-83
1754122085.7134602,2,1,-75
1754122085.75146,-3,0,-67
1754122085.7894602,-3,-3,-64
1754122085.82846,0,-1,-69
1754122085.86446,0,-2,-74
1754122085.9014602,-3,-8,-69
1754122085.9404602,-2,-8,-63
1754122085.97846,5,2,-64
1754122086.01446,5,1,-60
1754122086.05146,-5,-5,-56
1754122086.09046,-6,-3,-71
1754122086.1284602,0,-4,-71
1754122086.1644602,0,3,-59
1754122086.20146,-1,-2,-60
1754122086.2404602,3,-4,-68
1754122086.27846,-1,2,-63
1754122086.31446,0,-7,-57
1754122086.35246,6,-5,-58
1754122086.39046,4,-5,-73
1754122086.42946,1,1,-67
1754122086.46546,4,6,-63
1754122086.50246,0,3,-67
1754122086.54046,-1,-1,-65
1754122086.57946,0,1,-65
1754122086.6154602,2,0,-70
1754122086.65346,0,-10,-71
1754122086.6904602,-2,-4,-66
1754122086.72946,13,0,-62
1754122086.76546,12,2,-65
1754122086.8024602,4,-1,-65
1754122086.84046,3,2,-63
1754122086.87946,2,-3,-61
1754122086.91546,-1,3,-66
1754122086.95346,0,-4,-68
1754122086.99146,0,2,-72
1754122087.03046,4,5,-62
1754122087.06846,0,0,-68
1754122087.10446,0,0,-58
1754122087.1414602,2,-4,-59
1754122087.18046,-2,-3,-71
1754122087.21646,1,-3,-65
1754122087.2534602,-2,-3,-58
1754122087.29146,2,0,-62
1754122087.33046,0,-1,-58
1754122087.36646,-4,-7,-57
1754122087.4044602,-4,-8,-59
1754122087.44246,-3,-6,-57
1754122087.4804602,-6,-9,-69
1754122087.5194602,-2,-2,-67
1754122087.55546,-4,5,-69
1754122087.59446,2,-2,-69
1754122087.6314602,-3,7,-64
1754122087.67046,1,5,-68
1754122087.70646,-11,0,-66
1754122087.74446,-4,-1,-73
1754122087.7824602,0,-8,-63
1754122087.82046,-4,4,-68
1754122087.85946,1,0,-57
1754122087.89546,-1,-5,-50
1754122087.93346,-2,2,-60
1754122087.97146,0,-1,-60
1754122088.01046,0,-7,-68
1754122088.0464602,0,-9,-63
1754122088.08346,-9,-4,-54
1754122088.1214602,0,-5,-63
1754122088.16046,0,-4,-66
1754122088.19646,4,-8,-63
1754122088.2334602,3,-4,-71
1754122088.27146,0,3,-79
1754122088.31046,0,3,-69
1754122088.34946,2,-5,-74
1754122088.38546,0,-5,-69
1754122088.42346,1,8,-69
1754122088.46146,-3,5,-62
1754122088.50046,1,-5,-60
1754122088.5364602,5,-10,-63
1754122088.57446,8,2,-74
1754122088.61246,-2,8,-81
1754122088.6514602,0,5,-68
1754122088.68946,-3,5,-55
1754122088.72546,-8,1,-65
1754122088.76246,-10,1,-62
1754122088.80146,-3,2,-58
1754122088.83946,-4,0,-78
1754122088.87546,-1,-1,-78
1754122088.91346,7,-6,-68
1754122088.95146,3,0,-61
1754122088.9904602,1,1,-64
1754122089.0264602,0,-5,-55
1754122089.06346,-1,-8,-67
1754122089.10146,6,-1,-67
1754122089.14046,0,0,-68
1754122089.17646,-2,3,-70
1754122089.21446,9,-2,-65
1754122089.25246,3,-4,-72
1754122089.29146,-3,-7,-65
1754122089.32946,2,-4,-71
1754122089.3654602,-3,0,-59
1754122089.40246,3,0,-59
1754122089.44146,-3,0,-70
1754122089.47946,5,0,-73
1754122089.51546,1,-2,-69
1754122089.55446,0,1,-81
1754122089.59146,4,4,-68
1754122089.63046,2,-2,-63
1754122089.66646,0,-3,-66
1754122089.70446,4,-1,-68
1754122089.74246,3,6,-54
1754122089.78146,-4,-5,-65
1754122089.81746,4,3,-67
1754122089.85446,-5,2,-70
1754122089.89246,-4,0,-66
1754122089.93646,1,-3,-64
1754122089.97546,1,-3,-58
1754122090.0134602,1,-2,-57
1754122090.05146,0,0,-58
1754122090.0884602,-5,-2,-71
1754122090.12546,3,0,-55
1754122090.16346,7,1,-59
1754122090.20146,3,-5,-49
1754122090.2404602,-3,-2,-62
1754122090.2764602,1,-1,-67
1754122090.31446,-3,-2,-56
1754122090.35246,-1,-1,-63
1754122090.3914602,-5,-2,-68
1754122090.4274602,1,1,-57
1754122090.46446,2,1,-56
1754122090.50246,5,0,-64
1754122090.54146,2,1,-57
1754122090.57746,6,0,-61
1754122090.61446,0,2,-72
1754122090.65246,0,1,-69
1754122090.69146,-2,1,-66
1754122090.72746,0,1,-62
1754122090.76446,-2,8,-63
1754122090.8024602,-3,3,-55
1754122090.84146,-4,0,-52
1754122090.87746,0,0,-58
1754122090.9144602,3,-1,-58
1754122090.95246,0,-1,-68
1754122090.99146,1,3,-60
1754122091.02746,0,0,-65
1754122091.06446,3,3,-65
1754122091.10246,-3,3,-59
1754122091.1414602,0,2,-61
1754122091.1774602,0,0,-65
1754122091.21546,1,0,-62
1754122091.25246,0,-4,-69
1754122091.29146,2,3,-73
1754122091.32746,0,-1,-67
1754122091.3654602,-6,-5,-72
1754122091.4044602,-6,-2,-74
1754122091.44246,0,-1,-59
1754122091.4804602,-7,7,-68
1754122091.51746,-1,-2,-69
1754122091.55546,0,-3,-64
1754122091.5924602,-2,-2,-60
1754122091.6314602,-2,2,-63
1754122091.6674602,1,2,-61
1754122091.70446,-1,6,-65
1754122091.74246,-5,5,-67
1754122091.78146,-4,0,-57
1754122091.81746,3,0,-53
1754122091.85446,4,2,-51
1754122091.89246,4,0,-60
1754122091.93146,5,-10,-56
1754122091.9674602,0,-5,-57
1754122092.00446,2,-1,-61
1754122092.0424602,-2,1,-67
1754122092.08146,-7,0,-72
1754122092.11746,-9,-3,-66
1754122092.15546,-6,-4,-65
1754122092.19346,-3,2,-68
1754122092.23246,-1,0,-71
1754122092.26846,0,-4,-72
1754122092.30646,0,0,-72
1754122092.34346,8,-4,-71
1754122092.38246,4,-4,-68
1754122092.41846,6,-4,-69
1754122092.45646,-2,-5,-63
1754122092.4934602,-7,0,-56
1754122092.5324602,0,-5,-57
1754122092.56846,-1,-10,-59
1754122092.60646,-4,-4,-62
1754122092.6444602,-1,-3,-66
1754122092.68246,-5,0,-63
1754122092.72146,0,1,-69
1754122092.75746,1,0,-63
1754122092.79446,-1,4,-57
1754122092.83346,-6,5,-60
1754122092.8714602,-5,0,-73
1754122092.9074602,-2,-2,-69
1754122092.94546,2,-4,-70
1754122092.9834602,-5,1,-69
1754122093.02246,-2,-2,-62
1754122093.05846,-2,-1,-69
1754122093.09746,9,-5,-72
1754122093.1344602,10,-5,-71
1754122093.17346,6,4,-60
1754122093.21146,4,-4,-63
1754122093.24746,2,-1,-68
1754122093.28546,4,-3,-69
1754122093.32346,-3,-4,-62
1754122093.36246,-8,-2,-68
1754122093.39846,-3,-1,-60
1754122093.43646,-2,-6,-63
1754122093.47446,-3,0,-62
1754122093.5134602,3,-1,-60
1754122093.55146,0,0,-74
1754122093.58746,-1,1,-65
1754122093.62546,-4,0,-45
1754122093.66346,-8,-2,-72
1754122093.70246,-3,3,-67
1754122093.73846,1,-2,-63
1754122093.7764602,1,0,-66
1754122093.81446,0,-2,-68
1754122093.85346,-3,1,-67
1754122093.8914602,-4,2,-68
1754122093.9274602,-5,-5,-64
1754122093.96546,-5,0,-59
1754122094.0034602,-2,-1,-65
1754122094.0424602,0,0,-63
1754122094.07846,3,3,-57
1754122094.1154602,0,-3,-60
1754122094.15346,6,0,-60
1754122094.19246,0,2,-68
1754122094.22846,-4,4,-69
1754122094.2664602,-6,0,-62
1754122094.30346,-11,2,-56
1754122094.3424602,-5,-3,-53
1754122094.3784602,-5,0,-49
1754122094.41646,-4,1,-57
1754122094.45346,-5,-11,-54
1754122094.49246,-5,-3,-51
1754122094.52846,-4,0,-48
1754122094.56646,-9,-6,-50
1754122094.60346,-6,-4,-64
1754122094.64246,2,-3,-67
1754122094.67846,3,7,-62
1754122094.71646,6,-2,-66
1754122094.7534602,0,4,-62
1754122094.7924602,-1,1,-70
1754122094.82846,2,3,-75
1754122094.86646,4,-1,-67
1754122094.90346,4,-1,-69
1754122094.94246,10,-5,-64
1754122094.97846,0,-7,-64
1754122095.0164602,0,1,-60
1754122095.05346,-2,-4,-58
1754122095.0924602,4,-2,-57
1754122095.1284602,5,2,-62
1754122095.16546,9,0,-60
1754122095.20446,9,2,-64
1754122095.24246,-4,1,-70
1754122095.27846,-7,3,-72
1754122095.31646,-3,5,-67
1754122095.35446,4,0,-70
1754122095.39346,3,-3,-61
1754122095.42946,4,-2,-57
1754122095.46646,4,1,-71
1754122095.50446,-7,-1,-75
1754122095.54346,2,1,-71
1754122095.57946,2,-5,-69
1754122095.61646,0,2,-60
1754122095.6544602,3,2,-67
1754122095.69346,2,0,-68
1754122095.72946,0,-1,-64
1754122095.76746,-6,-5,-55
1754122095.80546,-2,-2,-53
1754122095.84446,0,-2,-47
1754122095.88246,4,-5,-54
1754122095.91846,0,-6,-49
1754122095.95646,-4,0,-66
1754122095.99446,2,-4,-63
1754122096.03346,0,-1,-70
1754122096.0694602,-5,-1,-62
1754122096.10746,0,-9,-66
1754122096.14546,1,-1,-63
1754122096.1844602,-1,4,-71
1754122096.22246,0,-1,-72
1754122096.25846,3,3,-64
1754122096.29546,2,3,-60
1754122096.33446,9,-2,-65
1754122096.37246,6,0,-58
1754122096.40946,8,2,-64
1754122096.44646,0,-2,-59
1754122096.48446,0,-1,-56
1754122096.52346,1,-1,-51
1754122096.5594602,3,0,-58
1754122096.59646,0,-3,-62
1754122096.6344602,-1,-10,-61
1754122096.67346,-2,-9,-69
1754122096.70946,-1,-3,-65
1754122096.74746,-5,-5,-52
1754122096.78546,3,-3,-64
1754122096.82446,-1,-3,-59
1754122096.86046,-2,-10,-69
1754122096.89846,-5,-2,-67
1754122096.93646,0,1,-63
1754122096.97446,3,-5,-65
1754122097.0134602,-5,-10,-58
1754122097.0494602,-1,-6,-71
1754122097.0884602,-4,-8,-67
1754122097.12546,-9,-6,-61
1754122097.1644602,-1,0,-61
1754122097.2004602,5,-6,-72
1754122097.23846,5,-1,-68
1754122097.2764602,-5,-1,-59
1754122097.31446,4,0,-72
1754122097.35346,-6,-3,-66
1754122097.38946,-10,-5,-68
1754122097.4274602,-5,3,-53
1754122097.46646,1,2,-51
1754122097.50446,-6,1,-61
1754122097.54046,-9,-4,-66
1754122097.57946,2,-1,-51
1754122097.61646,-1,-1,-67
1754122097.65546,4,-2,-65
1754122097.69346,1,-5,-59
1754122097.72946,-3,-4,-53
1754122097.76746,5,-5,-53
1754122097.80546,2,-3,-63
1754122097.84446,-3,-2,-61
1754122097.88046,1,-1,-68
1754122097.91846,2,0,-57
1754122097.95646,-1,-1,-68
1754122097.99546,7,0,-60
1754122098.03346,6,5,-74
1754122098.0694602,-3,-7,-69
1754122098.10746,-7,-5,-62
1754122098.14646,-2,-8,-61
1754122098.1844602,-4,-3,-63
1754122098.2204602,-3,2,-54
1754122098.2594602,1,0,-72
1754122098.2964602,1,1,-65
1754122098.3354602,-3,0,-64
1754122098.37346,-4,-3,-67
1754122098.40946,-5,0,-55
1754122098.4474602,3,0,-63
1754122098.4864602,-1,0,-65
1754122098.52546,3,4,-67
1754122098.56346,1,-2,-64
1754122098.59946,4,-4,-64
1754122098.63746,3,-4,-62
1754122098.67646,3,2,-65
1754122098.71446,0,-1,-58
1754122098.75046,-3,-5,-58
1754122098.7894602,-4,1,-74
1754122098.82646,1,-1,-61
1754122098.8654602,8,-2,-65
1754122098.9014602,1,0,-64
1754122098.93946,-1,0,-59
1754122098.97746,-3,-8,-70
1754122099.01546,-5,-3,-71
1754122099.05446,1,0,-69
1754122099.09046,-1,-7,-74
1754122099.1284602,5,-2,-70
1754122099.16646,2,0,-70
1754122099.20546,-1,5,-59
1754122099.24146,-4,-1,-59
1754122099.28046,-3,-1,-66
1754122099.31746,5,1,-64
1754122099.3554602,-1,5,-61
1754122099.3944602,-2,0,-69
1754122099.43046,-2,0,-60
1754122099.4674602,-3,-2,-58
1754122099.5064602,-5,-1,-55
1754122099.54446,3,-3,-63
1754122099.58046,1,-5,-59
1754122099.61746,-4,-6,-60
1754122099.65646,-3,-2,-53
1754122099.6944602,-4,-1,-62
1754122099.7304602,2,1,-57
1754122099.76746,2,0,-56
1754122099.80646,-1,-10,-73
1754122099.84446,-1,-8,-68
1754122099.88046,-4,-8,-68
1754122099.91946,-7,-2,-52
1754122099.96446,-7,4,-72
1754122100.00046,-5,6,-61
1754122100.0394602,-2,2,-71
1754122100.07746,-3,-2,-64
1754122100.1154602,2,-3,-66
1754122100.1514602,0,-1,-70
1754122100.18946,3,7,-64
1754122100.22746,6,0,-69
1754122100.2664602,0,-3,-68
1754122100.30446,5,-10,-60
1754122100.34046,7,-9,-67
1754122100.37746,8,-3,-54
1754122100.41646,6,-8,-60
1754122100.45446,1,3,-70
1754122100.4904602,4,4,-67
1754122100.52746,4,-3,-63
1754122100.56646,2,0,-62
1754122100.60446,-1,0,-57
1754122100.64046,1,-2,-50
1754122100.67846,0,0,-64
1754122100.71646,1,0,-68
1754122100.75546,10,6,-63
1754122100.79146,2,3,-67
1754122100.82946,3,2,-70
1754122100.86746,8,-2,-65
1754122100.90646,-1,-2,-59
1754122100.9444602,-4,-5,-54
1754122100.98146,0,-9,-59
1754122101.0194602,1,-5,-63
1754122101.05746,-1,-1,-67
1754122101.09646,0,-7,-64
1754122101.13246,-1,-1,-72
1754122101.17046,3,-1,-74
1754122101.20846,2,3,-68
1754122101.24746,4,3,-57
1754122101.28546,1,0,-57
1754122101.32146,5,2,-61
1754122101.3584602,4,-3,-69
1754122101.39746,3,-3,-67
1754122101.43546,1,-7,-60
1754122101.47146,4,0,-61
1754122101.50846,2,-1,-66
1754122101.5464602,-1,0,-72
1754122101.5854602,0,2,-71
1754122101.6214602,6,7,-75
1754122101.65846,0,8,-66
1754122101.69646,3,2,-67
1754122101.73546,4,1,-70
1754122101.77146,4,-2,-63
1754122101.8094602,-3,2,-69
1754122101.8484602,-10,7,-65
1754122101.88646,0,0,-62
1754122101.92246,0,0,-63
1754122101.96146,3,4,-63
1754122101.99846,0,3,-55
1754122102.03746,-10,-10,-55
1754122102.0754602,-5,-5,-58
1754122102.1114602,0,-4,-62
1754122102.14946,5,-2,-59
1754122102.1874602,1,3,-61
1754122102.22646,-1,-1,-68
1754122102.26246,6,-5,-64
1754122102.30046,-1,-4,-70
1754122102.3384602,-5,-3,-66
1754122102.37746,-6,-1,-67
1754122102.41546,-4,-3,-74
1754122102.45146,-11,10,-67
1754122102.48946,-5,-2,-74
1754122102.52846,-2,-1,-70
1754122102.56646,9,-3,-75
1754122102.60246,4,-3,-63
1754122102.6414602,9,-10,-70
1754122102.67846,6,-2,-64
1754122102.7174602,1,-3,-64
1754122102.75546,1,-1,-70
1754122102.79146,-5,-6,-59
1754122102.82946,-1,-9,-60
1754122102.86746,-1,1,-57
1754122102.90646,-4,-3,-50
1754122102.94246,-7,-1,-52
1754122102.9804602,1,4,-60
1754122103.01846,5,-1,-57
1754122103.05746,2,4,-73
1754122103.0954602,-7,-3,-72
1754122103.1314602,-1,0,-64
1754122103.16846,-1,-6,-64
1754122103.2074602,-3,0,-55
1754122103.24546,-3,-1,-55
1754122103.2824602,-3,0,-60
1754122103.3194602,-2,-7,-57
1754122103.3584602,2,1,-72
1754122103.39646,1,1,-64
1754122103.43246,9,0,-65
1754122103.46946,7,7,-64
1754122103.50846,1,0,-73
1754122103.5464602,0,-2,-74
1754122103.5824602,-2,4,-56
1754122103.61946,-10,5,-51
1754122103.65846,2,0,-62
1754122103.69646,5,-3,-62
1754122103.73246,-4,-4,-64
1754122103.77146,-1,0,-61
1754122103.80846,1,4,-55
1754122103.84746,-2,-3,-62
1754122103.88346,1,0,-65
1754122103.9214602,0,-7,-75
1754122103.95846,0,-2,-71
1754122103.99746,-2,2,-65
1754122104.03346,1,4,-65
1754122104.07146,-4,0,-66
1754122104.1084602,5,4,-73
1754122104.14746,-5,1,-64
1754122104.18346,-1,1,-63
1754122104.22146,-1,4,-65
1754122104.2594602,0,3,-53
1754122104.29846,0,-6,-51
1754122104.33646,-11,1,-56
1754122104.37246,-10,-2,-59
1754122104.41046,-5,-2,-66
1754122104.44846,5,0,-68
1754122104.48746,5,-6,-66
1754122104.52346,-1,-3,-58
1754122104.56146,0,0,-66
1754122104.59946,-2,0,-56
1754122104.6384602,-6,0,-62
1754122104.67646,-1,-4,-68
1754122104.71246,5,0,-62
1754122104.74946,9,-4,-72
1754122104.78846,2,-2,-63
1754122104.82646,1,-5,-63
1754122104.86346,0,-1,-71
1754122104.90046,4,-3,-71
1754122104.93846,0,-8,-65
1754122104.97746,-1,-5,-69
1754122105.0134602,3,-1,-71
1754122105.05046,5,-1,-66
1754122105.0884602,7,2,-69
1754122105.12746,4,4,-65
1754122105.16346,2,3,-60
1754122105.2004602,3,-2,-59
1754122105.23846,0,1,-61
1754122105.27746,-3,-3,-62
1754122105.31346,-5,4,-68
1754122105.35146,-4,10,-57
1754122105.38946,-3,3,-57
1754122105.42846,4,-5,-66
1754122105.46646,-6,-4,-64
1754122105.50246,0,1,-78
1754122105.5394602,3,2,-72
1754122105.57846,6,5,-81
1754122105.61446,7,-2,-77
1754122105.6514602,2,4,-77
1754122105.68946,3,1,-69
1754122105.72846,2,-2,-73
1754122105.76446,-6,0,-73
1754122105.80146,1,-1,-62
1754122105.83946,0,0,-64
1754122105.8784602,3,-5,-62
1754122105.9144602,4,-4,-67
1754122105.95146,3,-4,-64
1754122105.98946,0,2,-61
1754122106.02846,-3,0,-58
1754122106.06446,0,6,-59
1754122106.10246,0,0,-58
1754122106.14046,-6,2,-74
1754122106.17846,-8,-2,-60
1754122106.2174602,-5,-2,-63
1754122106.2534602,-5,-8,-63
1754122106.29146,-1,0,-60
1754122106.33046,-2,0,-67
1754122106.3684602,-4,-1,-66
1754122106.4044602,-8,0,-64
1754122106.44346,6,1,-65
1754122106.4804602,-4,-1,-69
1754122106.5194602,-4,3,-60
1754122106.55746,0,0,-52
1754122106.59346,-1,0,-61
1754122106.63046,0,0,-64
1754122106.66946,-1,-1,-74
1754122106.7074602,0,0,-63
1754122106.7434602,-2,6,-68
1754122106.78046,1,9,-64
1754122106.8194602,-1,0,-66
1754122106.85746,5,-6,-71
1754122106.89346,4,4,-67
1754122106.93046,9,7,-55
1754122106.96946,5,-5,-54
1754122107.00746,6,0,-60
1754122107.04346,1,0,-51
1754122107.08146,6,5,-71
1754122107.11946,1,6,-68
1754122107.1574602,-2,8,-61
1754122107.19346,0,4,-59
1754122107.2304602,5,0,-62
1754122107.2694602,-1,-4,-57
1754122107.30746,-5,-2,-56
1754122107.34346,5,-2,-61
1754122107.3814602,5,2,-59
1754122107.41946,4,5,-53
1754122107.4574602,6,3,-61
1754122107.4934602,-5,4,-57
1754122107.53146,0,5,-64
1754122107.5694602,-2,7,-66
1754122107.6084602,-4,-4,-73
1754122107.6444602,6,-1,-64
1754122107.68146,4,1,-61
1754122107.71946,0,4,-68
1754122107.75846,-2,-1,-69
1754122107.79446,3,0,-63
1754122107.83146,8,-1,-55
1754122107.86946,5,3,-68
1754122107.90846,0,-8,-59
1754122107.9444602,-4,0,-53
1754122107.98146,-11,0,-64
1754122108.0194602,-3,1,-70
1754122108.05846,-1,-2,-80
1754122108.09446,3,-1,-76
1754122108.1314602,-4,2,-67
1754122108.16946,-5,-1,-75
1754122108.20846,-11,0,-65
1754122108.24446,-6,-1,-71
1754122108.2824602,0,0,-65
1754122108.32046,1,-2,-68
1754122108.35946,-1,-6,-67
1754122108.39546,0,-1,-58
1754122108.43346,0,2,-68
1754122108.47146,-4,1,-66
1754122108.5094602,0,4,-61
1754122108.54846,-3,3,-59
1754122108.58446,-2,2,-61
1754122108.62246,-6,0,-59
1754122108.6614602,3,3,-62
1754122108.69946,-3,2,-56
1754122108.73546,1,-4,-53
1754122108.77446,0,0,-53
1754122108.81146,-2,2,-57
1754122108.84946,-2,5,-62
1754122108.8884602,-2,-9,-61
1754122108.9244602,-2,3,-63
1754122108.96246,2,3,-47
1754122109.00046,4,-3,-54
1754122109.0394602,0,0,-62
1754122109.0754602,-1,3,-65
1754122109.11346,-1,0,-66
1754122109.1514602,-8,2,-68
1754122109.1904602,-5,2,-66
1754122109.22846,1,-2,-70
1754122109.26446,0,0,-74
1754122109.3024602,-1,0,-62
1754122109.34046,-2,2,-59
1754122109.3784602,0,0,-65
1754122109.4144602,-3,3,-63
1754122109.45246,-5,0,-70
1754122109.49146,-1,-4,-66
1754122109.5294602,0,-5,-64
1754122109.5654602,0,0,-71
1754122109.60246,0,-3,-80
1754122109.6414602,0,-1,-56
1754122109.67946,-4,0,-54
1754122109.71546,3,-2,-59
1754122109.7534602,-6,-4,-68
1754122109.79146,4,0,-68
1754122109.83046,-2,0,-49
1754122109.8684602,-4,-7,-68
1754122109.9044602,3,-2,-61
1754122109.94246,9,-9,-62
1754122109.98846,8,-4,-65
1754122110.02446,3,-6,-62
1754122110.0624602,0,-2,-67
1754122110.10046,-1,1,-73
1754122110.13946,0,0,-64
1754122110.17546,-3,0,-65
1754122110.2134602,-2,-5,-66
1754122110.25146,10,-3,-61
1754122110.29046,3,-11,-64
1754122110.32646,-2,-6,-61
1754122110.36446,-16,-3,-62
1754122110.40246,-5,3,-70
1754122110.4404602,-3,0,-65
1754122110.47946,-4,-2,-73
1754122110.51546,-12,0,-72
1754122110.55346,-1,1,-64
1754122110.59146,3,2,-61
1754122110.63046,1,-3,-46
1754122110.66646,3,-1,-51
1754122110.70446,0,0,-63
1754122110.74246,-1,-1,-54
1754122110.78046,3,2,-63
1754122110.8194602,3,0,-63
1754122110.8554602,6,5,-59
1754122110.89246,0,2,-61
1754122110.93046,-9,-1,-64
1754122110.96946,-11,-2,-71
1754122111.00546,-4,0,-65
1754122111.04346,-5,2,-52
1754122111.08146,0,-3,-60
1754122111.12046,-4,-7,-66
1754122111.15646,0,-4,-63
1754122111.1944602,3,1,-71
1754122111.23246,0,-1,-57
1754122111.27146,7,-1,-67
1754122111.3094602,6,1,-64
1754122111.3454602,0,2,-61
1754122111.38346,-2,-6,-64
1754122111.4214602,0,-3,-68
1754122111.45946,-3,0,-58
1754122111.49546,-3,-1,-63
1754122111.53346,3,1,-74
1754122111.57146,-1,-5,-57
1754122111.61046,-4,-2,-57
1754122111.64646,-7,5,-61
1754122111.68346,-1,-2,-59
1754122111.72146,-2,0,-67
1754122111.76046,-2,-2,-67
1754122111.7964602,1,-6,-63
1754122111.83446,4,-7,-56
1754122111.87246,-2,-1,-64
1754122111.9114602,-4,0,-51
1754122111.94946,-8,-2,-50
1754122111.98546,-3,2,-60
1754122112.02346,-3,8,-53
1754122112.06146,-3,-3,-57
1754122112.10046,-1,-3,-62
1754122112.13646,-2,-10,-53
1754122112.1744602,-2,2,-63
1754122112.2134602,-2,-2,-70
1754122112.25146,-3,-3,-61
1754122112.2894602,-2,1,-54
1754122112.32646,-2,-1,-52
1754122112.36346,0,-3,-65
1754122112.4014602,0,0,-50
1754122112.4404602,-1,-6,-62
1754122112.47646,-7,3,-63
1754122112.51546,-1,0,-68
1754122112.5524602,-1,0,-75
1754122112.59146,5,2,-66
1754122112.62746,7,0,-73
1754122112.6644602,2,-4,-71
1754122112.70246,-3,0,-62
1754122112.74146,-6,6,-71
1754122112.77746,-7,0,-62
1754122112.8154602,-3,-1,-67
1754122112.85346,-4,-2,-64
1754122112.8914602,-4,-7,-69
1754122112.93046,-6,-6,-58
1754122112.96646,-1,-2,-58
1754122113.00446,-4,4,-67
1754122113.04346,0,2,-62
1754122113.08146,-1,1,-55
1754122113.11746,5,0,-63
1754122113.1544602,-2,5,-70
1754122113.19346,-3,6,-56
1754122113.23146,0,-2,-69
1754122113.26746,0,4,-68
1754122113.30546,0,-6,-64
1754122113.34346,0,-9,-61
1754122113.3814602,0,-1,-64
1754122113.42046,-3,0,-67
1754122113.45646,-1,-2,-69
1754122113.49446,0,-6,-61
1754122113.5324602,0,-9,-61
1754122113.57146,0,-5,-62
1754122113.60746,3,0,-59
1754122113.6444602,1,-7,-63
1754122113.68246,2,-5,-62
1754122113.72146,-1,-5,-68
1754122113.75746,2,4,-76
1754122113.79446,0,0,-63
1754122113.8324602,-5,-1,-67
1754122113.8714602,0,2,-65
1754122113.9074602,0,4,-72
1754122113.9444602,-2,-7,-68
1754122113.98246,0,-7,-63
1754122114.02146,1,-1,-60
1754122114.05746,2,0,-64
1754122114.09446,1,-1,-51
1754122114.13246,4,-10,-58
1754122114.1714602,-4,-4,-58
1754122114.2074602,-3,-2,-70
1754122114.24546,-10,-1,-67
1754122114.28346,-5,-4,-62
1754122114.3224602,-2,-1,-62
1754122114.36046,-1,2,-67
1754122114.39646,-3,4,-65
1754122114.43546,4,4,-64
1754122114.47246,4,3,-59
1754122114.51146,-2,-2,-62
1754122114.54746,1,0,-66
1754122114.58446,-6,7,-60
1754122114.62246,-3,3,-56
1754122114.6614602,-6,2,-49
1754122114.6974602,-6,0,-56
1754122114.73546,-6,2,-67
1754122114.77346,-4,-5,-66
1754122114.8124602,-9,0,-63
1754122114.8484602,-7,0,-67
1754122114.88646,-1,-1,-54
1754122114.9244602,1,0,-56
1754122114.96246,3,-2,-61
1754122115.00146,7,0,-65
1754122115.03746,0,0,-71
1754122115.0754602,-2,2,-71
1754122115.11346,0,-3,-66
1754122115.15246,0,-2,-65
1754122115.18846,3,3,-73
1754122115.22546,-4,-4,-56
1754122115.2634602,5,-4,-69
1754122115.3024602,4,-2,-61
1754122115.3384602,-4,6,-68
1754122115.37646,0,7,-58
1754122115.4144602,3,11,-66
1754122115.45246,0,0,-70
1754122115.49146,0,-3,-61
1754122115.52746,3,-1,-60
1754122115.5654602,-3,1,-64
1754122115.60346,1,1,-65
1754122115.64246,-7,-3,-63
1754122115.67846,-6,1,-53
1754122115.71646,-7,-3,-67
1754122115.75446,-5,0,-61
1754122115.79346,0,-3,-63
1754122115.83146,-1,-2,-58
1754122115.8684602,2,-6,-57
1754122115.90546,1,-1,-61
1754122115.94346,2,3,-64
1754122115.98246,3,6,-65
1754122116.01846,0,6,-68
1754122116.05646,-4,1,-64
1754122116.09346,-2,3,-51
1754122116.13246,7,-2,-69
1754122116.16846,0,-4,-65
1754122116.20646,-9,-1,-61
1754122116.24546,-3,-1,-71
1754122116.28346,-1,-1,-62
1754122116.32146,-3,3,-64
1754122116.35746,1,5,-59
1754122116.39546,1,4,-68
1754122116.43346,3,4,-62
1754122116.47146,3,2,-63
1754122116.50746,-2,-1,-59
1754122116.54546,3,-3,-49
1754122116.58346,1,-4,-65
1754122116.62246,0,1,-60
1754122116.65846,1,0,-73
1754122116.69546,5,0,-64
1754122116.7334602,3,-3,-61
1754122116.77246,0,-3,-74
1754122116.80846,1,1,-58
1754122116.8454602,0,3,-63
1754122116.88346,0,1,-67
1754122116.92246,0,7,-73
1754122116.95846,1,1,-66
1754122116.99546,7,1,-56
1754122117.03346,0,-2,-57
1754122117.0724602,4,-2,-53
1754122117.1084602,0,-2,-74
1754122117.14646,7,2,-73
1754122117.1844602,0,1,-77
1754122117.2234602,2,-2,-71
1754122117.2594602,3,-1,-72
1754122117.29746,4,-9,-60
1754122117.3354602,-2,-7,-64
1754122117.37346,-10,-2,-71
1754122117.41246,-4,1,-63
1754122117.44846,-3,3,-73
1754122117.48746,-7,1,-82
1754122117.52446,0,2,-65
1754122117.56346,-5,5,-62
1754122117.59946,-12,6,-72
1754122117.63746,-5,2,-67
1754122117.67546,0,-8,-57
1754122117.7134602,0,-3,-57
1754122117.75246,-3,-8,-62
1754122117.78846,0,-6,-68
1754122117.82646,-1,-8,-72
1754122117.86446,0,2,-65
1754122117.90346,-1,-2,-67
1754122117.93946,5,-1,-59
1754122117.97746,1,-3,-66
1754122118.01546,0,4,-69
1754122118.05446,-7,0,-70
1754122118.0924602,5,4,-58
1754122118.1284602,5,2,-59
1754122118.16546,7,-8,-57
1754122118.20446,2,-3,-61
1754122118.24246,1,-5,-62
1754122118.27846,5,-9,-74
1754122118.31646,5,-3,-73
1754122118.35446,1,0,-68
1754122118.39346,-5,1,-57
1754122118.42946,-3,0,-59
1754122118.4674602,-3,-1,-65
1754122118.50546,-5,6,-63
1754122118.54446,-5,2,-61
1754122118.5824602,2,7,-61
1754122118.6184602,-2,0,-56
1754122118.65646,-12,4,-53
1754122118.6944602,3,8,-63
1754122118.7334602,-8,-1,-55
1754122118.7694602,0,-1,-69
1754122118.80746,0,-1,-64
1754122118.8454602,1,1,-63
1754122118.8844602,-2,-3,-62
1754122118.92246,-3,1,-55
1754122118.95846,3,2,-60
1754122118.99546,-5,7,-64
1754122119.03446,-3,7,-60
1754122119.0724602,2,2,-74
1754122119.1084602,2,-3,-67
1754122119.14546,1,-4,-71
1754122119.1844602,2,0,-63
1754122119.22246,-2,0,-56
1754122119.25846,6,0,-66
1754122119.29546,6,-3,-73
1754122119.33446,1,1,-67
1754122119.37246,0,5,-73
1754122119.40846,6,3,-74
1754122119.44546,3,4,-60
1754122119.48446,2,2,-56
1754122119.52046,0,-4,-57
1754122119.55846,0,-2,-61
1754122119.59646,4,0,-76
1754122119.6344602,-3,3,-73
1754122119.67346,3,-3,-63
1754122119.70946,2,1,-57
1754122119.7464602,4,-2,-65
1754122119.78446,-5,-5,-57
1754122119.82346,1,-6,-66
1754122119.85946,-1,0,-59
1754122119.89746,3,3,-55
1754122119.9344602,5,1,-57
1754122119.9734602,0,6,-62
1754122120.01746,-4,10,-61
1754122120.05446,0,-1,-57
1754122120.09346,-2,-5,-73
1754122120.13046,-1,-7,-73
1754122120.16846,2,-3,-61
1754122120.20546,2,2,-65
1754122120.24446,0,-3,-55
1754122120.28046,3,0,-63
1754122120.31746,1,0,-58
1754122120.3554602,-4,-11,-63
1754122120.3944602,-6,-1,-66
1754122120.43046,2,4,-69
1754122120.46846,-1,1,-73
1754122120.5064602,-1,-1,-59
1754122120.54546,0,2,-69
1754122120.58346,-4,-1,-61
1754122120.61946,-9,-6,-63
1754122120.6574602,-3,-2,-65
1754122120.69546,0,0,-63
1754122120.73446,1,-2,-63
1754122120.77046,0,3,-67
1754122120.80846,2,-3,-59
1754122120.8454602,-3,-5,-54
1754122120.8844602,4,-4,-63
1754122120.92046,7,-1,-63
1754122120.95846,6,0,-56
1754122120.99746,3,5,-54
1754122121.03546,3,0,-60
1754122121.07346,4,-5,-60
1754122121.10946,2,0,-65
1754122121.14746,-3,-5,-58
1754122121.18546,0,2,-61
1754122121.2234602,6,0,-63
1754122121.2594602,5,-4,-62
1754122121.29746,2,0,-61
1754122121.3354602,1,-1,-51
1754122121.37446,0,0,-58
1754122121.41046,0,0,-71
1754122121.4474602,-3,-4,-52
1754122121.48546,2,-5,-56
1754122121.52446,6,-2,-71
1754122121.56046,4,-7,-60
1754122121.5984602,4,-7,-56
1754122121.63746,5,-4,-62
1754122121.67546,1,-3,-66
1754122121.71146,-1,-2,-54
1754122121.74946,0,0,-65
1754122121.78746,-4,2,-61
1754122121.8254602,-4,5,-64
1754122121.86446,2,7,-70
1754122121.90046,4,4,-57
1754122121.9374602,1,3,-53
1754122121.97546,2,7,-61
1754122122.01446,-3,0,-59
1754122122.05046,-3,-3,-56
1754122122.0884602,2,-5,-66
1754122122.12646,-5,-8,-51
1754122122.16546,-3,1,-56
1754122122.20146,-1,-1,-63
1754122122.23946,5,2,-67
1754122122.27746,2,5,-74
1754122122.3154602,2,4,-66
1754122122.35446,0,1,-68
1754122122.39046,-1,3,-67
1754122122.42846,0,3,-58
1754122122.46646,-5,0,-51
1754122122.50546,1,-4,-56
1754122122.54146,5,-8,-58
1754122122.57946,0,-3,-64
1754122122.6184602,8,-1,-57
1754122122.65646,0,0,-62
1754122122.6944602,-8,-5,-56
1754122122.73146,-2,-11,-57
1754122122.76846,4,-2,-58
1754122122.80646,7,0,-66
1754122122.8454602,2,0,-66
1754122122.8814602,-3,0,-61
1754122122.91946,3,0,-62
1754122122.9574602,-6,0,-64
1754122122.9964602,-3,-1,-57
1754122123.03446,-5,-5,-59
1754122123.07046,0,-3,-58
1754122123.10946,4,-2,-64
1754122123.14646,6,4,-59
1754122123.18546,-2,-2,-52
1754122123.22146,3,2,-45
1754122123.2594602,-2,0,-52
1754122123.29746,0,-1,-64
1754122123.33646,3,0,-60
1754122123.37446,1,-3,-56
1754122123.41046,1,0,-76
1754122123.4474602,-2,-7,-66
1754122123.4864602,11,1,-75
1754122123.52446,-1,0,-63
1754122123.56046,1,-3,-70
1754122123.59746,0,-1,-67
1754122123.63646,0,7,-61
1754122123.6744602,0,2,-53
1754122123.7104602,-2,-5,-73
1754122123.74846,-7,-7,-60
1754122123.7864602,0,-1,-59
1754122123.8254602,-6,-2,-57
1754122123.8614602,-5,-1,-55
1754122123.89946,0,-4,-62
1754122123.9374602,10,-3,-61
1754122123.97646,-3,-4,-66
1754122124.01246,-4,-3,-75
1754122124.05046,-8,0,-66
1754122124.08946,-4,2,-60
1754122124.12646,-3,0,-69
1754122124.16546,-4,-1,-56
1754122124.20146,-5,-5,-61
1754122124.23946,0,-6,-68
1754122124.27746,4,-3,-58
1754122124.31646,1,-5,-56
1754122124.35246,0,-8,-58
1754122124.39046,0,1,-68
1754122124.42846,-3,1,-62
1754122124.46646,-3,-4,-58
1754122124.50546,-1,-5,-59
1754122124.54146,2,-1,-60
1754122124.57846,3,-2,-76
1754122124.61646,0,1,-64
1754122124.65546,0,1,-55
1754122124.69146,-1,-6,-47
1754122124.72946,0,-3,-61
1754122124.76846,-2,-1,-64
1754122124.80646,-3,-3,-64
1754122124.8424602,-3,0,-59
1754122124.87946,0,1,-59
1754122124.91846,-5,0,-71
1754122124.95646,-6,0,-62
1754122124.99246,-4,0,-77
1754122125.0294602,0,-3,-62
1754122125.06846,-9,-5,-59
1754122125.10646,-6,-2,-61
1754122125.14246,-14,-3,-60
1754122125.18146,-4,-1,-63
1754122125.21846,-3,2,-67
1754122125.25746,-8,-1,-68
1754122125.29546,-3,-1,-67
1754122125.33146,0,-4,-57
1754122125.36946,-1,1,-57
1754122125.4074602,-5,0,-63
1754122125.44646,-3,-8,-63
1754122125.48246,-9,0,-62
1754122125.52046,0,4,-53
1754122125.5594602,-6,4,-65
1754122125.59746,-5,0,-59
1754122125.63546,-3,2,-69
1754122125.6714602,-5,-5,-62
1754122125.70946,-11,-2,-52
1754122125.74846,-11,-5,-60
1754122125.7864602,-7,-5,-63
1754122125.8224602,-6,-4,-65
1754122125.86046,0,-3,-71
1754122125.89846,-1,-4,-64
1754122125.9374602,-8,-2,-64
1754122125.97546,3,0,-63
1754122126.01146,4,-2,-55
1754122126.0494602,-3,3,-56
1754122126.08746,0,0,-55
1754122126.12646,-2,-3,-55
1754122126.16246,-2,-3,-58
1754122126.2004602,0,-1,-60
1754122126.23846,-3,-8,-75
1754122126.27746,-8,-5,-64
1754122126.31346,0,-3,-62
1754122126.35146,-3,-2,-64
1754122126.38946,-1,-5,-65
1754122126.4274602,-4,-1,-69
1754122126.46646,1,0,-62
1754122126.50246,-2,-2,-64
1754122126.54046,-3,-2,-58
1754122126.57846,-2,-3,-66
1754122126.61746,-2,-1,-73
1754122126.65346,-1,0,-66
1754122126.69146,0,-7,-75
1754122126.72946,-2,0,-71
1754122126.76846,3,-5,-56
1754122126.80646,-3,-8,-65
1754122126.8424602,-4,1,-67
1754122126.8814602,-3,0,-62
1754122126.91846,-5,2,-69
1754122126.9574602,0,0,-70
1754122126.9934602,1,0,-62
1754122127.03146,-1,0,-63
1754122127.06846,3,-5,-72
1754122127.10746,4,-6,-64
1754122127.14346,11,-9,-59
1754122127.18146,19,-6,-63
1754122127.21946,5,-3,-59
1754122127.25846,3,-3,-61
1754122127.2964602,4,0,-59
1754122127.3324602,8,0,-69
1754122127.36946,9,-7,-66
1754122127.40846,3,-2,-61
1754122127.44646,2,-4,-61
1754122127.48246,3,-4,-63
1754122127.52046,2,-4,-55
1754122127.55846,4,-4,-59
1754122127.59746,1,-2,-50
1754122127.63346,2,-6,-55
1754122127.6714602,-6,0,-57
1754122127.70946,-7,-5,-70
1754122127.74846,-1,2,-72
1754122127.7864602,-1,-1,-59
1754122127.8224602,-10,-3,-59
1754122127.86046,-4,-6,-66
1754122127.89846,-13,0,-71
1754122127.9374602,-1,3,-68
1754122127.9734602,-9,3,-77
1754122128.01146,-6,0,-69
1754122128.0494602,0,-9,-60
1754122128.0884602,-2,-2,-62
1754122128.12646,-2,-3,-62
1754122128.16246,-2,-1,-67
1754122128.2004602,-3,-4,-75
1754122128.23946,-4,4,-71
1754122128.27746,-1,4,-64
1754122128.31346,5,0,-64
1754122128.35046,3,-4,-66
1754122128.3884602,-9,-8,-68
1754122128.4274602,2,-5,-62
1754122128.4634602,1,-6,-67
1754122128.50246,4,-1,-65
1754122128.5394602,6,4,-51
1754122128.57846,-1,3,-64
1754122128.61646,-1,-2,-74
1754122128.65246,-5,0,-71
1754122128.6904602,-8,-7,-59
1754122128.72846,-2,-4,-59
1754122128.76746,1,-3,-67
1754122128.80346,0,2,-73
1754122128.84046,1,-3,-71
1754122128.8784602,-2,-11,-68
1754122128.9174602,-7,-4,-69
1754122128.95346,2,-3,-60
1754122128.99146,1,-6,-59
1754122129.03046,-4,-3,-52
1754122129.06846,-9,-3,-52
1754122129.10446,0,-7,-47
1754122129.14346,-4,-1,-60
1754122129.18046,1,-2,-48
1754122129.21846,6,-2,-58
1754122129.25746,0,-6,-55
1754122129.29346,-3,-6,-58
1754122129.33146,0,-9,-64
1754122129.36946,-2,-12,-54
1754122129.40846,-3,-9,-66
1754122129.4444602,5,-3,-71
1754122129.48246,-4,1,-69
1754122129.52146,-7,-1,-69
1754122129.5594602,-2,-5,-74
1754122129.59746,0,-4,-59
1754122129.63346,-1,-8,-52
1754122129.6714602,-2,-4,-70
1754122129.70946,-1,-6,-66
1754122129.74846,2,-1,-71
1754122129.78446,5,3,-68
1754122129.82146,-7,4,-70
1754122129.85946,-9,0,-77
1754122129.89846,-1,0,-65
1754122129.9344602,-1,0,-64
1754122129.97246,4,-4,-76
1754122130.01046,1,-2,-61
1754122130.05446,-1,-4,-59
1754122130.09346,-7,-2,-64
1754122130.13046,-5,-2,-62
1754122130.16946,-1,-2,-63
1754122130.2074602,-5,-9,-65
1754122130.2434602,-1,-11,-60
1754122130.28146,-1,-7,-58
1754122130.3194602,0,-3,-65
1754122130.3584602,-4,-3,-52
1754122130.3944602,-3,2,-58
1754122130.43246,-3,-6,-69
1754122130.47146,0,-1,-68
1754122130.5094602,-5,3,-67
1754122130.54746,-8,-2,-74
1754122130.58346,-9,-4,-63
1754122130.62246,-2,0,-76
1754122130.65946,-6,0,-60
1754122130.69846,-2,-3,-63
1754122130.73446,-4,1,-70
1754122130.77346,4,3,-61
1754122130.81046,0,-5,-60
1754122130.84946,2,-5,-64
1754122130.88546,6,-3,-75
1754122130.92346,-1,-7,-63
1754122130.9604602,2,6,-69
1754122130.99946,-1,-3,-70
1754122131.03546,0,0,-63
1754122131.07346,-3,-7,-67
1754122131.11046,3,-10,-59
1754122131.14946,-1,-3,-54
1754122131.18546,-3,0,-55
1754122131.2234602,-7,-2,-62
1754122131.26046,1,4,-54
1754122131.2994602,3,6,-50
1754122131.3354602,3,3,-62
1754122131.37346,-1,1,-55
1754122131.41046,1,0,-63
1754122131.44946,4,0,-59
1754122131.48546,-5,-3,-59
1754122131.52346,1,-10,-63
1754122131.56146,-1,-4,-75
1754122131.59946,3,0,-78
1754122131.6384602,-2,0,-70
1754122131.6744602,-4,0,-70
1754122131.71246,2,0,-65
1754122131.75046,1,-3,-59
1754122131.7894602,-4,-1,-63
1754122131.8254602,5,-2,-64
1754122131.86346,5,-5,-54
1754122131.9014602,4,0,-59
1754122131.9404602,0,3,-65
1754122131.97846,0,-5,-67
1754122132.01446,-1,0,-62
1754122132.0524602,-3,2,-60
1754122132.09046,10,6,-64
1754122132.12946,-8,5,-70
1754122132.16546,-1,5,-72
1754122132.20346,0,4,-77
1754122132.24146,1,0,-66
1754122132.28046,0,-5,-68
1754122132.31846,-4,0,-50
1754122132.3554602,-2,0,-56
1754122132.39246,1,2,-61
1754122132.43046,-5,1,-67
1754122132.46946,-2,-8,-58
1754122132.50546,4,0,-61
1754122132.54346,0,0,-66
1754122132.5824602,4,1,-65
1754122132.62046,6,-4,-64
1754122132.65846,2,-5,-67
1754122132.6944602,0,-4,-70
1754122132.73246,3,-2,-74
1754122132.77046,-1,4,-65
1754122132.8094602,0,-3,-57
1754122132.8454602,-4,1,-68
1754122132.88246,-3,2,-63
1754122132.92046,4,1,-70
1754122132.95946,7,-7,-52
1754122132.99546,8,-5,-58
1754122133.0324602,0,-1,-64
1754122133.07046,0,1,-69
1754122133.10946,-2,-3,-62
1754122133.14546,1,0,-64
1754122133.18246,1,6,-68
1754122133.2204602,4,-1,-65
1754122133.2594602,0,-5,-63
1754122133.29546,-5,-2,-64
1754122133.33346,-4,0,-78
1754122133.3714602,2,5,-77
1754122133.41046,-5,-6,-65
1754122133.44646,-3,0,-76
1754122133.48446,0,4,-66
1754122133.52346,10,4,-73
1754122133.56046,1,-1,-63
1754122133.59946,0,1,-70
1754122133.63546,1,2,-66
1754122133.67246,3,1,-63
1754122133.7104602,0,0,-77
1754122133.74946,1,1,-54
1754122133.78546,2,-1,-63
1754122133.82346,1,0,-72
1754122133.8614602,-6,2,-69
1754122133.90046,-9,2,-64
1754122133.93646,0,4,-59
1754122133.9734602,2,3,-61
1754122134.01146,6,-5,-62
1754122134.05046,0,-7,-76
1754122134.08646,2,-10,-68
1754122134.12446,-3,0,-65
1754122134.16246,0,-1,-71
1754122134.20146,2,-3,-69
1754122134.23946,0,0,-58
1754122134.27546,-1,1,-60
1754122134.31346,1,2,-58
1754122134.35246,-1,-5,-58
1754122134.39046,-3,0,-63
1754122134.42646,3,1,-66
1754122134.4634602,0,-1,-57
1754122134.50246,5,-1,-64
1754122134.54046,0,6,-70
1754122134.57646,4,2,-65
1754122134.61346,1,-2,-73
1754122134.65246,3,1,-71
1754122134.6904602,3,4,-61
1754122134.72646,6,0,-57
1754122134.7634602,-4,-1,-60
1754122134.80146,-5,-7,-62
1754122134.84046,0,-1,-66
1754122134.87646,1,0,-72
1754122134.91346,3,-3,-67
1754122134.95246,-5,0,-55
1754122134.9904602,1,-1,-62
1754122135.0264602,-2,1,-61
1754122135.06346,-2,0,-67
1754122135.10246,3,0,-66
1754122135.14046,2,-5,-62
1754122135.17646,8,-2,-66
1754122135.21546,1,-8,-70
1754122135.25246,-2,-6,-64
1754122135.29146,2,2,-64
1754122135.32946,0,5,-68
1754122135.36646,-4,8,-65
1754122135.4044602,-3,1,-61
1754122135.44246,-5,0,-59
1754122135.48146,0,0,-69
1754122135.51746,0,-6,-64
1754122135.55646,3,1,-63
1754122135.59346,2,-1,-67
1754122135.6314602,2,-4,-69
1754122135.67046,-1,-1,-60
1754122135.70646,2,-2,-65
1754122135.7434602,-3,-1,-57
1754122135.78146,-3,-1,-59
1754122135.82046,1,-1,-59
1754122135.85646,-3,0,-58
1754122135.89346,3,4,-57
1754122135.93146,0,-2,-71
1754122135.9704602,0,-5,-72
1754122136.0064602,5,-4,-66
1754122136.04346,11,-4,-69
1754122136.08146,4,0,-59
1754122136.12046,3,-5,-74
1754122136.15646,0,-5,-68
1754122136.19346,-4,-6,-79
1754122136.23146,-4,-5,-62
1754122136.27046,-7,3,-62
1754122136.30646,4,3,-66
1754122136.34346,8,-10,-70
1754122136.3814602,0,-4,-60
1754122136.42046,-4,-2,-68
1754122136.45646,2,0,-59
1754122136.4934602,-6,0,-53
1754122136.5324602,-5,-2,-59
1754122136.57046,2,-9,-66
1754122136.60646,0,-1,-57
1754122136.64346,-4,6,-57
1754122136.68246,1,0,-70
1754122136.7204602,-3,-3,-72
1754122136.7564602,0,0,-62
1754122136.79346,0,2,-64
1754122136.8324602,-2,-3,-59
1754122136.87046,0,-6,-70
1754122136.90646,2,-1,-67
1754122136.9444602,5,0,-61
1754122136.98246,6,-1,-61
1754122137.02146,6,5,-58
1754122137.05746,2,-1,-62
1754122137.0954602,7,-1,-74
1754122137.13346,2,-5,-51
1754122137.17246,-3,1,-64
1754122137.2104602,-9,0,-62
1754122137.2464602,-2,-4,-57
1754122137.28546,0,-2,-69
1754122137.3224602,-1,-1,-62
1754122137.3614602,2,-5,-70
1754122137.39846,0,-5,-64
1754122137.43546,7,-4,-58
1754122137.4734602,-5,-9,-56
1754122137.51246,0,-2,-63
1754122137.55046,-3,-5,-77
1754122137.58646,-1,1,-66
1754122137.62446,0,6,-63
1754122137.66346,-1,0,-68
1754122137.70146,-2,0,-65
1754122137.73746,1,-1,-67
1754122137.77546,-2,0,-73
1754122137.81346,4,0,-65
1754122137.85246,8,6,-62
1754122137.89046,1,-2,-73
1754122137.9274602,-3,3,-64
1754122137.96546,0,-1,-68
1754122138.0034602,-1,1,-65
1754122138.0424602,-1,-1,-63
1754122138.07846,2,4,-68
1754122138.11646,3,-4,-62
1754122138.1544602,2,-2,-68
1754122138.19246,8,0,-59
1754122138.23146,0,-4,-66
1754122138.26746,2,0,-63
1754122138.30446,-1,-1,-60
1754122138.3424602,-5,2,-58
1754122138.3814602,-12,7,-69
1754122138.4174602,-2,0,-71
1754122138.45546,1,2,-66
1754122138.4934602,-3,0,-63
1754122138.5324602,-3,0,-66
1754122138.56846,3,1,-72
1754122138.6054602,-1,4,-64
1754122138.64346,0,-5,-67
1754122138.68246,0,-4,-60
1754122138.71846,4,0,-60
1754122138.75546,-2,-1,-58
1754122138.79346,-3,-7,-75
1754122138.8324602,-1,0,-69
1754122138.8684602,-2,1,-70
1754122138.90546,-1,3,-58
1754122138.94346,1,4,-66
1754122138.98246,5,-2,-61
1754122139.01846,0,-2,-62
1754122139.05546,0,-4,-60
1754122139.09346,0,-3,-71
1754122139.13246,-5,-3,-62
1754122139.16846,-4,-8,-56
1754122139.20646,-3,-2,-57
1754122139.24446,1,0,-56
1754122139.28346,2,-5,-72
1754122139.32146,-2,3,-74
1754122139.35746,1,6,-66
1754122139.3944602,-2,4,-70
1754122139.43346,2,-3,-65
1754122139.47146,2,0,-64
1754122139.50746,0,2,-71
1754122139.5464602,2,1,-51
1754122139.58446,0,2,-61
1754122139.62246,0,-5,-66
1754122139.65846,4,0,-61
1754122139.69546,1,4,-64
1754122139.73446,0,-1,-64
1754122139.77246,-2,-3,-66
1754122139.80846,-4,-1,-67
1754122139.84746,-7,7,-63
1754122139.8844602,1,5,-58
1754122139.92346,0,-3,-65
1754122139.96146,-2,0,-52
1754122139.99846,-2,3,-52
1754122140.03746,-9,-1,-62
1754122140.0824602,-8,-3,-61
1754122140.1184602,-5,-2,-71
1754122140.15646,0,-3,-60
1754122140.1944602,2,-2,-73
1754122140.2334602,-1,-3,-64
1754122140.2694602,1,0,-67
1754122140.30846,0,2,-73
1754122140.3454602,-5,-2,-68
1754122140.3844602,5,-2,-58
1754122140.42246,0,2,-54
1754122140.45846,-5,2,-60
1754122140.49546,0,1,-74
1754122140.53446,-3,0,-59
1754122140.5724602,1,4,-66
1754122140.6084602,-6,0,-66
1754122140.64746,-8,0,-56
1754122140.6844602,-3,2,-61
1754122140.7234602,2,-1,-62
1754122140.7594602,0,2,-56
1754122140.79746,2,0,-68
1754122140.83446,-4,6,-67
1754122140.87346,0,3,-55
1754122140.90946,4,0,-65
1754122140.9474602,0,-6,-62
1754122140.98446,1,-5,-57
1754122141.02346,-9,0,-50
1754122141.0594602,-5,-2,-50
1754122141.09746,-5,-5,-61
1754122141.13546,-3,2,-70
1754122141.1744602,0,-1,-65
1754122141.21246,8,1,-60
1754122141.24846,0,0,-58
1754122141.2864602,-3,-2,-65
1754122141.32446,-7,-2,-50
1754122141.36346,-1,-1,-59
1754122141.39946,-1,-3,-61
1754122141.4374602,1,-10,-59
1754122141.47546,2,-3,-52
1754122141.51446,1,-2,-61
1754122141.5524602,-2,-1,-59
1754122141.5884602,-3,0,-68
1754122141.62646,-2,1,-67
1754122141.6644602,-3,6,-53
1754122141.70346,3,-4,-62
1754122141.73946,2,-2,-72
1754122141.77746,3,2,-63
1754122141.8154602,-5,-4,-63
1754122141.85446,-7,-5,-61
1754122141.89246,-4,0,-62
1754122141.92846,0,0,-52
1754122141.96546,4,-5,-70
1754122142.00446,-3,-7,-64
1754122142.0424602,-9,0,-73
1754122142.07846,-6,-1,-68
1754122142.11646,4,8,-66
1754122142.1544602,6,1,-62
1754122142.19346,-3,-2,-60
1754122142.22946,7,-1,-63
1754122142.26746,5,1,-67
1754122142.30546,2,0,-68
1754122142.34446,1,-4,-65
1754122142.38046,0,-6,-72
1754122142.41846,-4,-8,-71
1754122142.45646,-5,2,-69
1754122142.49446,0,-2,-64
1754122142.53346,3,1,-64
1754122142.5694602,0,-7,-73
1754122142.60746,0,-3,-76
1754122142.64646,-5,-5,-61
1754122142.6844602,-9,-4,-67
1754122142.7204602,-5,0,-71
1754122142.75846,-9,3,-58
1754122142.7964602,1,2,-67
1754122142.83446,-1,-7,-58
1754122142.87346,0,-8,-61
1754122142.90946,-4,-2,-62
1754122142.9474602,-4,-4,-63
1754122142.98546,0,-4,-65
1754122143.02446,-1,-1,-65
1754122143.06046,3,-4,-54
1754122143.0984602,1,-5,-73
1754122143.13746,0,-1,-66
1754122143.1744602,8,1,-60
1754122143.2134602,1,-12,-50
1754122143.24946,2,-9,-44
1754122143.28746,5,-8,-53
1754122143.3254602,3,0,-60
1754122143.36446,-3,-2,-54
1754122143.40046,-2,0,-69
1754122143.4374602,4,-1,-59
1754122143.47546,0,-8,-72
1754122143.51446,-2,-1,-62
1754122143.55046,0,0,-59
1754122143.58746,0,4,-60
1754122143.62546,-8,2,-53
1754122143.6644602,-4,1,-64
1754122143.7004602,4,1,-68
1754122143.73746,-3,3,-52
1754122143.77546,-2,2,-61
1754122143.81446,-2,7,-58
1754122143.85046,0,2,-60
1754122143.88746,1,5,-56
1754122143.92546,-8,0,-65
1754122143.96446,-4,-3,-71
1754122144.00046,-1,-4,-71
1754122144.03846,5,3,-74
1754122144.07646,2,0,-74
1754122144.1154602,-2,-4,-68
1754122144.15346,1,-2,-70
1754122144.18946,-1,1,-57
1754122144.22746,0,2,-61
1754122144.26546,4,-1,-60
1754122144.30446,-5,-1,-58
1754122144.34046,2,3,-62
1754122144.3784602,3,0,-79
1754122144.41646,0,0,-77
1754122144.45546,2,-1,-53
1754122144.4934602,8,-4,-46
1754122144.5294602,1,-3,-54
1754122144.56646,4,-4,-64
1754122144.6054602,2,2,-68
1754122144.6414602,10,0,-69
1754122144.67846,3,-4,-57
1754122144.71646,2,0,-61
1754122144.75546,5,-1,-63
1754122144.79146,0,-6,-64
1754122144.82946,4,-3,-65
1754122144.86746,1,2,-69
1754122144.90546,3,-1,-62
1754122144.9444602,-4,0,-70
1754122144.9804602,5,-2,-66
1754122145.01846,1,-1,-79
1754122145.05646,-3,-4,-63
1754122145.0954602,-6,0,-66
1754122145.1314602,-5,3,-68
1754122145.16846,-2,3,-69
1754122145.20646,-5,-7,-56
1754122145.24546,1,-4,-75
1754122145.28146,2,-1,-70
1754122145.3194602,0,-1,-63
1754122145.35746,-4,-5,-61
1754122145.39546,5,4,-60
1754122145.4344602,2,0,-70
1754122145.4704602,1,4,-58
1754122145.50746,6,0,-59
1754122145.54546,3,4,-65
1754122145.58446,7,1,-59
1754122145.62046,4,-2,-67
1754122145.65846,7,-5,-64
1754122145.69646,-3,-3,-74
1754122145.73546,-2,-2,-55
1754122145.77146,-5,-3,-54
1754122145.81046,7,-4,-60
1754122145.8484602,5,0,-70
1754122145.88646,2,-5,-65
1754122145.9244602,0,-1,-71
1754122145.9604602,3,2,-58
1754122145.99846,1,3,-65
1754122146.0364602,3,5,-63
1754122146.0754602,0,7,-53
1754122146.1114602,8,1,-61
1754122146.14846,2,2,-72
1754122146.18646,0,-1,-62
1754122146.22546,-2,0,-65
1754122146.26146,-6,0,-75
1754122146.2994602,-3,-4,-68
1754122146.33746,3,1,-63
1754122146.37646,2,1,-58
1754122146.4144602,8,2,-57
1754122146.4504602,-5,0,-45
1754122146.48946,-4,1,-58
1754122146.5264602,-2,0,-46
1754122146.5654602,-1,-2,-65
1754122146.60246,2,-1,-68
1754122146.63946,-1,0,-59
1754122146.67846,4,-3,-63
1754122146.71646,4,0,-65
1754122146.75446,8,0,-62
1754122146.79046,-2,1,-68
1754122146.82846,7,-1,-65
1754122146.86646,7,-1,-77
1754122146.9044602,2,-7,-62
1754122146.9404602,-2,-2,-53
1754122146.97846,2,-5,-60
1754122147.0164602,5,-4,-74
1754122147.05546,-1,-2,-62
1754122147.09146,-2,-5,-70
1754122147.12946,2,6,-66
1754122147.1674602,0,-3,-65
1754122147.20646,0,1,-54
1754122147.24246,-3,0,-62
1754122147.28146,-3,-9,-61
1754122147.31846,2,-4,-68
1754122147.35646,-6,-5,-74
1754122147.39546,1,-1,-72
1754122147.43146,0,4,-56
1754122147.46946,-2,-1,-61
1754122147.5064602,-4,-3,-76
1754122147.54546,-1,-7,-71
1754122147.58146,-4,0,-63
1754122147.61946,-1,-4,-55
1754122147.6574602,3,-2,-58
1754122147.69646,2,1,-61
1754122147.73246,6,-2,-57
1754122147.77046,-6,-4,-66
1754122147.80846,0,-3,-77
1754122147.84746,0,-1,-68
1754122147.88546,-5,0,-54
1754122147.9214602,-8,0,-56
1754122147.95846,-6,0,-62
1754122147.99746,-4,-2,-61
1754122148.03546,-4,-6,-68
1754122148.07146,-5,0,-67
1754122148.1084602,-4,-2,-69
1754122148.14746,-8,3,-56
1754122148.18546,1,-6,-62
1754122148.22146,0,-4,-51
1754122148.25846,-2,1,-59
1754122148.29746,-1,0,-59
1754122148.3354602,0,0,-71
1754122148.3714602,1,0,-75
1754122148.40846,2,-7,-59
1754122148.4474602,-1,-1,-67
1754122148.48546,-4,-2,-71
1754122148.52146,-11,1,-64
1754122148.5594602,-16,2,-66
1754122148.5984602,-5,1,-59
1754122148.63646,-4,-3,-63
1754122148.67246,-7,1,-71
1754122148.7104602,3,0,-64
1754122148.74846,0,-3,-53
1754122148.78746,-3,-3,-59
1754122148.8254602,2,-3,-65
1754122148.8614602,1,0,-69
1754122148.89846,-5,-1,-64
1754122148.9374602,0,0,-58
1754122148.97546,-4,3,-64
1754122149.01146,1,1,-64
1754122149.04846,-2,-4,-69
1754122149.08746,-1,0,-59
1754122149.12546,3,-2,-62
1754122149.1614602,0,-1,-67
1754122149.19946,-2,-3,-54
1754122149.23846,0,4,-72
1754122149.2764602,-7,-1,-69
1754122149.3124602,-7,2,-67
1754122149.35046,0,-1,-64
1754122149.3884602,-1,-2,-55
1754122149.4274602,0,-7,-63
1754122149.4634602,4,2,-60
1754122149.50046,-3,0,-66
1754122149.53846,-1,2,-58
1754122149.57746,-2,3,-63
1754122149.61346,0,-2,-69
1754122149.6514602,0,-1,-75
1754122149.68946,4,-4,-80
1754122149.72746,0,0,-70
1754122149.7664602,0,0,-68
1754122149.8024602,2,-2,-64
1754122149.83946,3,-1,-68
1754122149.87746,-4,-7,-65
1754122149.91646,-5,-3,-65
1754122149.95246,-3,-4,-64
1754122149.9904602,0,6,-50
1754122150.02846,-2,-1,-57
1754122150.06746,-2,-4,-68
1754122150.1114602,0,2,-57
1754122150.15046,3,-1,-69
1754122150.18846,5,-2,-70
1754122150.22646,-4,5,-66
1754122150.2634602,0,4,-79
1754122150.30146,-3,4,-65
1754122150.3384602,2,1,-73
1754122150.37746,4,0,-73
1754122150.41346,3,-1,-77
1754122150.45146,-3,-1,-73
1754122150.48946,0,-2,-57
1754122150.52846,-2,4,-69
1754122150.56646,0,7,-65
1754122150.60246,1,6,-68
1754122150.64046,0,0,-72
1754122150.67846,2,1,-63
1754122150.7174602,3,0,-72
1754122150.7534602,0,0,-66
1754122150.79146,0,0,-62
1754122150.83046,-1,-2,-64
1754122150.8684602,0,-1,-61
1754122150.90646,0,3,-63
1754122150.94246,1,4,-66
1754122150.9804602,4,-7,-73
1754122151.01846,1,0,-66
1754122151.05646,0,0,-78
1754122151.0924602,-3,-2,-65
1754122151.13046,-2,0,-61
1754122151.16846,-2,0,-48
1754122151.2074602,-4,4,-49
1754122151.2434602,-7,3,-45
1754122151.28146,0,0,-62
1754122151.3194602,0,-4,-66
1754122151.3584602,0,0,-69
1754122151.39646,1,4,-67
1754122151.43246,-4,0,-66
1754122151.47146,0,-4,-58
1754122151.50846,-3,-2,-69
1754122151.54746,4,2,-68
1754122151.58346,6,-3,-62
1754122151.6214602,-2,-4,-69
1754122151.66046,-2,4,-72
1754122151.69846,-1,-5,-72
1754122151.73746,-5,-10,-61
1754122151.77346,-3,-6,-53
1754122151.81146,-7,-2,-54
1754122151.84946,-9,-6,-55
1754122151.8884602,3,1,-46
1754122151.9244602,-2,0,-63
1754122151.96246,-4,1,-74
1754122152.00146,-7,1,-71
1754122152.03846,-6,0,-62
1754122152.07746,-1,5,-56
1754122152.11346,-1,6,-62
1754122152.1514602,-3,-1,-64
1754122152.18946,0,-3,-67
1754122152.22846,2,3,-61
1754122152.26446,7,1,-65
1754122152.3024602,-2,-1,-69
1754122152.34046,2,-3,-60
1754122152.3784602,-2,-10,-58
1754122152.4174602,-6,-5,-63
1754122152.45346,-8,0,-66
1754122152.49146,-9,0,-61
1754122152.53046,-2,-4,-67
1754122152.56846,0,-7,-68
1754122152.60446,-1,0,-64
1754122152.6414602,2,-6,-50
1754122152.68046,4,0,-53
1754122152.71846,4,4,-61
1754122152.75446,0,1,-58
1754122152.7924602,0,6,-51
1754122152.83046,10,-4,-66
1754122152.86946,-1,5,-84
1754122152.9074602,0,6,-61
1754122152.94346,2,0,-59
1754122152.9804602,0,5,-63
1754122153.0194602,-7,1,-59
1754122153.05746,0,0,-63
1754122153.09346,-7,-3,-61
1754122153.1314602,-7,0,-62
1754122153.16946,-5,-1,-57
1754122153.20846,-2,1,-65
1754122153.24446,0,1,-55
1754122153.2824602,4,-3,-56
1754122153.32046,5,-6,-58
1754122153.35946,0,-3,-64
1754122153.39746,-4,-8,-64
1754122153.43346,-2,-9,-53
1754122153.47146,2,0,-57
1754122153.5094602,0,0,-52
1754122153.54846,0,1,-56
1754122153.58446,-5,6,-56
1754122153.62246,5,3,-53
1754122153.66046,4,0,-68
1754122153.69946,2,-2,-58
1754122153.73746,5,-5,-61
1754122153.77346,-3,-11,-63
1754122153.81146,-2,-10,-62
1754122153.85046,0,-2,-76
1754122153.8884602,3,-3,-67
1754122153.9244602,4,-2,-56
1754122153.96246,5,-2,-67
1754122154.00046,2,8,-59
1754122154.0394602,3,7,-63
1754122154.0754602,2,3,-66
1754122154.11346,4,-2,-64
1754122154.1514602,-4,-1,-71
1754122154.18946,2,5,-64
1754122154.22846,-2,0,-65
1754122154.26446,-3,4,-56
1754122154.3024602,-5,-5,-55
1754122154.34046,-6,-1,-62
1754122154.37946,-5,-2,-64
1754122154.41546,0,-4,-62
1754122154.45246,8,-3,-61
1754122154.4904602,1,-4,-61
1754122154.5294602,6,0,-57
1754122154.5654602,-6,2,-63
1754122154.60346,-3,-3,-55
1754122154.6414602,0,-2,-56
1754122154.67946,5,-3,-66
1754122154.71846,3,-3,-55
1754122154.75446,1,-3,-67
1754122154.7924602,2,-2,-65
1754122154.83046,2,-1,-69
1754122154.86946,-1,2,-62
1754122154.90546,1,-2,-62
1754122154.94346,4,0,-56
1754122154.98146,-2,-1,-67
1754122155.02046,-1,-2,-67
1754122155.05846,1,-2,-66
1754122155.09446,-2,7,-68
1754122155.13246,-1,3,-59
1754122155.17046,-2,-2,-60
1754122155.20946,0,0,-54
1754122155.24546,-7,-7,-64
1754122155.28346,-5,0,-71
1754122155.32146,5,-2,-69
1754122155.36046,1,-6,-70
1754122155.39846,-1,-7,-54
1754122155.4344602,0,-1,-60
1754122155.47246,2,4,-66
1754122155.51046,0,1,-65
1754122155.5494602,2,-1,-66
1754122155.5854602,3,-4,-71
1754122155.62346,-1,-7,-72
1754122155.66246,2,-4,-63
1754122155.7004602,0,2,-69
1754122155.73846,0,-4,-63
1754122155.77446,0,-1,-71
1754122155.8124602,0,-5,-67
1754122155.85046,-4,0,-57
1754122155.88946,0,1,-73
1754122155.92546,0,-2,-70
1754122155.96246,-3,2,-69
1754122156.00046,2,-2,-65
1754122156.0394602,10,3,-51
1754122156.0754602,12,4,-56
1754122156.11246,0,-2,-57
1754122156.15046,-1,-2,-57
1754122156.18946,-6,-8,-64
1754122156.22546,-3,0,-68
1754122156.2634602,0,2,-56
1754122156.30146,-7,2,-71
1754122156.34046,-1,-5,-63
1754122156.37646,-4,-6,-64
1754122156.4144602,-10,0,-61
1754122156.45246,-5,-7,-68
1754122156.4904602,1,-4,-78
1754122156.5294602,-3,-12,-69
1754122156.56646,-2,-10,-74
1754122156.60346,-5,-2,-69
1754122156.6414602,6,-4,-59
1754122156.68046,2,0,-55
1754122156.71646,-2,0,-60
1754122156.75446,3,-6,-67
1754122156.7924602,8,-3,-73
1754122156.83046,-2,-7,-87
1754122156.86946,0,-4,-68
1754122156.90546,-6,1,-66
1754122156.94346,2,-1,-66
1754122156.98146,0,0,-67
1754122157.02046,1,0,-60
1754122157.05646,1,-7,-55
1754122157.0954602,-2,-2,-50
1754122157.13246,-1,1,-66
1754122157.1714602,-6,4,-69
1754122157.20946,3,1,-71
1754122157.24546,-3,-2,-76
1754122157.28346,-13,-2,-67
1754122157.32146,1,-3,-64
1754122157.36046,3,7,-63
1754122157.39646,-1,2,-58
1754122157.4344602,-2,4,-67
1754122157.4734602,0,-1,-66
1754122157.51146,-6,-1,-75
1754122157.5494602,-4,1,-64
1754122157.5854602,-6,-2,-54
1754122157.62346,0,0,-65
1754122157.6614602,-4,-3,-65
1754122157.7004602,-2,-3,-64
1754122157.7364602,0,0,-74
1754122157.77446,-2,-1,-63
1754122157.81146,5,-3,-56
1754122157.85046,10,-3,-61
1754122157.88646,3,0,-62
1754122157.92346,-2,5,-61
1754122157.96146,1,4,-58
1754122158.00046,0,5,-72
1754122158.0364602,-3,1,-57
1754122158.07446,-4,5,-72
1754122158.1114602,-3,1,-66
1754122158.15046,0,-3,-66
1754122158.18646,-1,-2,-65
1754122158.22446,-1,0,-64
1754122158.26246,0,-4,-59
1754122158.30146,-3,-1,-60
1754122158.33946,-8,0,-67
1754122158.37546,0,0,-67
1754122158.41246,2,3,-65
1754122158.45146,-1,6,-64
1754122158.48746,-3,-4,-54
1754122158.52546,-4,-2,-57
1754122158.56346,-6,-5,-59
1754122158.60246,-3,1,-74
1754122158.64046,0,2,-63
1754122158.67646,0,5,-74
1754122158.71446,0,-1,-57
1754122158.75246,4,0,-56
1754122158.79146,0,0,-55
1754122158.82746,0,0,-61
1754122158.86446,-2,1,-63
1754122158.90246,3,-10,-58
1754122158.94146,-3,-2,-64
1754122158.97746,7,1,-68
1754122159.01446,1,-3,-59
1754122159.0524602,0,2,-77
1754122159.09146,-3,1,-67
1754122159.12746,0,0,-76
1754122159.1644602,3,1,-58
1754122159.20246,4,-4,-50
1754122159.24146,2,0,-56
1754122159.27746,4,-4,-47
1754122159.3154602,1,3,-64
1754122159.35346,0,2,-67
1754122159.39246,-3,2,-73
1754122159.43046,2,-1,-77
1754122159.46646,2,-5,-56
1754122159.50446,-1,-6,-59
1754122159.5424602,0,-5,-53
1754122159.58146,-5,-7,-50
1754122159.61746,0,-3,-64
1754122159.65546,-4,1,-72
1754122159.6944602,-7,0,-74
1754122159.73246,-6,-3,-59
1754122159.77046,2,0,-65
1754122159.80746,0,0,-56
1754122159.84446,7,-8,-72
1754122159.88246,0,-3,-62
1754122159.9214602,-3,-2,-65
1754122159.9574602,-2,-2,-65
1754122159.99546,1,1,-57
1754122160.03346,2,-7,-63
1754122160.0724602,3,0,-60
1754122160.1154602,-3,-1,-55
1754122160.15346,0,3,-57
1754122160.19246,-6,2,-60
1754122160.2304602,-2,4,-55
1754122160.2664602,-5,0,-57
1754122160.30446,-4,-5,-71
1754122160.3424602,-6,-9,-75
1754122160.3814602,-13,-2,-72
1754122160.4174602,-13,-2,-69
1754122160.45546,0,-9,-59
1754122160.49446,4,-6,-50
1754122160.5324602,5,0,-52
1754122160.57046,0,5,-59
1754122160.60646,-1,6,-66
1754122160.6444602,-4,-4,-57
1754122160.68246,-4,-6,-74
1754122160.72146,-8,-2,-54
1754122160.75746,-3,-4,-57
1754122160.79546,2,1,-58
1754122160.83346,4,0,-70
1754122160.87246,3,-6,-62
1754122160.90846,2,0,-58
1754122160.94646,4,1,-57
1754122160.98446,6,-1,-62
1754122161.02346,3,3,-59
1754122161.06146,0,3,-65
1754122161.09746,-9,-1,-61
1754122161.13546,2,-1,-61
1754122161.17346,2,-4,-63
1754122161.21246,9,-4,-62
1754122161.24846,5,0,-57
1754122161.28546,-1,-3,-69
1754122161.32346,1,-1,-58
1754122161.36246,-10,3,-62
1754122161.4014602,-2,1,-55
1754122161.4374602,0,-2,-54
1754122161.47546,-5,2,-58
1754122161.51446,-3,2,-62
1754122161.5524602,4,2,-73
1754122161.5884602,1,1,-69
1754122161.62546,0,-3,-68
1754122161.6644602,-6,0,-66
1754122161.70246,-7,-1,-66
1754122161.73846,-9,0,-66
1754122161.77546,-6,2,-65
1754122161.81446,-5,1,-69
1754122161.85246,-1,1,-69
1754122161.8884602,8,3,-72
1754122161.92546,0,-2,-67
1754122161.9634602,-1,0,-60
1754122162.00246,0,0,-72
1754122162.03846,-5,0,-63
1754122162.0754602,-5,5,-68
1754122162.11446,-8,5,-70
1754122162.15246,-3,7,-62
1754122162.18846,-5,0,-66
1754122162.22646,-2,3,-72
1754122162.26446,-9,-1,-66
1754122162.30346,-7,-7,-72
1754122162.34146,-6,-4,-60
1754122162.37746,-5,-8,-60
1754122162.41546,0,0,-65
1754122162.45346,0,2,-67
1754122162.49246,2,-5,-66
1754122162.52846,-1,-3,-58
1754122162.56746,9,0,-51
1754122162.60446,10,0,-59
1754122162.64346,3,-1,-70
1754122162.68146,2,-1,-55
1754122162.7174602,0,3,-48
1754122162.75446,3,-3,-63
1754122162.79346,-4,-1,-63
1754122162.83146,-7,7,-65
1754122162.86746,3,5,-68
1754122162.9044602,0,0,-64
1754122162.94346,4,-5,-63
1754122162.97946,6,-5,-61
1754122163.01746,8,-3,-63
1754122163.05646,3,0,-65
1754122163.09346,4,3,-64
1754122163.13246,4,-2,-70
1754122163.16846,4,-3,-72
1754122163.20546,9,-2,-65
1754122163.2434602,7,-2,-59
1754122163.2824602,5,4,-61
1754122163.31846,0,4,-58
1754122163.3554602,-6,4,-61
1754122163.39346,2,1,-64
1754122163.43246,-3,0,-74
1754122163.46846,-6,5,-65
1754122163.50546,-6,-5,-62
1754122163.54346,-3,-1,-64
1754122163.5824602,-7,3,-58
1754122163.6184602,-3,1,-50
1754122163.65646,-2,0,-59
1754122163.6944602,2,-1,-69
1754122163.7334602,-5,-4,-66
1754122163.7694602,-9,-6,-71
1754122163.80746,-8,0,-63
1754122163.8454602,-5,1,-57
1754122163.88346,2,3,-60
1754122163.92246,1,3,-60
1754122163.95846,-1,2,-64
1754122163.9964602,-1,0,-64
1754122164.03446,-3,-6,-71
1754122164.07346,-3,6,-64
1754122164.10946,-2,2,-62
1754122164.14746,8,-2,-64
1754122164.18546,0,-3,-61
1754122164.22446,-8,-3,-70
1754122164.26246,-6,-6,-65
1754122164.2994602,-12,-8,-57
1754122164.33646,-5,-7,-67
1754122164.37446,-2,-8,-61
1754122164.41346,4,-3,-67
1754122164.44946,8,-1,-64
1754122164.48746,1,-2,-73
1754122164.52446,-12,-5,-58
1754122164.56346,-6,-6,-70
1754122164.59946,1,-1,-63
1754122164.63646,-1,0,-66
1754122164.6744602,1,0,-60
1754122164.7134602,6,0,-70
1754122164.74946,3,-2,-55
1754122164.78746,-4,-1,-63
1754122164.8254602,3,-4,-66
1754122164.86446,-1,0,-63
1754122164.90246,2,1,-59
1754122164.93846,0,1,-58
1754122164.97546,-1,3,-64
1754122165.01446,-2,-3,-64
1754122165.0524602,5,-4,-62
1754122165.0884602,-6,-2,-62
1754122165.12646,-3,0,-66
1754122165.1644602,1,-1,-62
1754122165.20346,0,2,-58
1754122165.23946,-2,-1,-65
1754122165.27846,3,0,-59
1754122165.31646,0,8,-64
1754122165.35446,9,-4,-56
1754122165.39246,5,2,-54
1754122165.42846,-4,0,-62
1754122165.46646,-2,-10,-55
1754122165.50546,-9,-1,-52
1754122165.54346,-3,2,-54
1754122165.57946,2,0,-61
1754122165.61646,-3,3,-69
1754122165.65546,-6,1,-56
1754122165.69346,1,5,-69
1754122165.72946,3,7,-67
1754122165.7664602,4,5,-55
1754122165.80546,-3,2,-69
1754122165.84346,-10,4,-75
1754122165.87946,-2,-1,-77
1754122165.9174602,5,3,-68
1754122165.95546,3,-2,-60
1754122165.99446,-7,-4,-61
1754122166.03046,5,-2,-53
1754122166.06846,0,-3,-55
1754122166.10646,0,-3,-76
1754122166.1444602,-4,1,-72
1754122166.18346,-8,3,-63
1754122166.21946,-4,0,-65
1754122166.25746,0,2,-59
1754122166.2964602,8,5,-71
1754122166.33446,1,1,-74
1754122166.37046,-2,7,-67
1754122166.40846,-1,3,-66
1754122166.44646,-8,0,-64
1754122166.48546,4,10,-63
1754122166.52346,2,3,-66
1754122166.5594602,4,0,-65
1754122166.59646,-3,-1,-75
1754122166.63546,-6,-3,-70
1754122166.67346,-5,-1,-65
1754122166.70946,0,3,-68
1754122166.7464602,-4,1,-53
1754122166.78546,-6,0,-59
1754122166.82346,-6,-3,-54
1754122166.85946,0,-4,-60
1754122166.89646,0,-8,-66
1754122166.93546,-3,2,-65
1754122166.9734602,1,-2,-65
1754122167.0094602,1,-4,-61
1754122167.04746,-1,-4,-65
1754122167.0854602,-6,-5,-66
1754122167.12446,-4,-5,-68
1754122167.16046,-5,-6,-79
1754122167.19946,-3,-12,-68
1754122167.23846,-2,-7,-60
1754122167.27546,5,-1,-68
1754122167.31446,-6,-3,-63
1754122167.35046,-1,-2,-68
1754122167.3884602,-4,0,-57
1754122167.42646,0,-5,-55
1754122167.46546,1,0,-56
1754122167.5034602,3,2,-63
1754122167.5394602,2,3,-59
1754122167.57646,-2,2,-71
1754122167.6154602,7,-1,-68
1754122167.6514602,5,1,-63
1754122167.68846,-1,0,-57
1754122167.72646,-12,0,-68
1754122167.76546,-1,-4,-54
1754122167.80146,0,-3,-65
1754122167.83946,1,1,-66
1754122167.87746,3,7,-59
1754122167.91546,5,1,-52
1754122167.95446,3,-5,-52
1754122167.9904602,-2,-7,-64
1754122168.02846,-2,-4,-51
1754122168.06646,0,2,-47
1754122168.1054602,0,0,-63
1754122168.1414602,-2,-5,-64
1754122168.17946,-4,-4,-64
1754122168.2174602,-5,2,-61
1754122168.25546,-1,-4,-73
1754122168.29446,-6,-1,-72
1754122168.33046,-7,0,-56
1754122168.3684602,-7,0,-50
1754122168.40646,-2,1,-53
1754122168.44546,3,-7,-66
1754122168.48146,5,-6,-63
1754122168.5194602,5,-8,-64
1754122168.55846,0,1,-66
1754122168.59646,1,-1,-57
1754122168.6344602,-1,6,-61
1754122168.67046,-2,0,-51
1754122168.70846,-6,0,-70
1754122168.7464602,0,-1,-70
1754122168.78546,-3,-2,-69
1754122168.82146,-4,5,-70
1754122168.85946,-4,0,-66
1754122168.89746,-5,-3,-65
1754122168.93646,-4,-2,-58
1754122168.97446,-5,-5,-53
1754122169.01046,-3,-4,-63
1754122169.04846,-3,-1,-58
1754122169.08646,9,-3,-62
1754122169.12546,2,0,-63
1754122169.16246,5,-3,-66
1754122169.19946,-1,1,-65
1754122169.23746,0,-4,-66
1754122169.2764602,-8,-6,-54
1754122169.31446,-10,2,-62
1754122169.35046,-3,0,-65
1754122169.3884602,0,3,-68
1754122169.42646,1,-1,-69
1754122169.46546,2,-3,-70
1754122169.50146,0,-1,-68
1754122169.53846,6,-4,-63
1754122169.57646,-6,0,-74
1754122169.6154602,-6,2,-71
1754122169.6514602,-3,-2,-62
1754122169.68946,-2,-2,-62
1754122169.72746,-2,0,-69
1754122169.7664602,0,-3,-72
1754122169.80446,-1,-9,-64
1754122169.84046,7,-3,-59
1754122169.8784602,3,-5,-63
1754122169.91646,-1,0,-58
1754122169.95546,0,-1,-50
1754122169.99146,-4,0,-61
1754122170.0294602,-2,4,-66
1754122170.06746,-4,-8,-72
1754122170.10646,-1,-3,-69
1754122170.15046,2,-1,-62
1754122170.18846,6,0,-73
1754122170.22646,2,-6,-67
1754122170.26546,0,-1,-61
1754122170.30146,2,1,-57
1754122170.3384602,-1,6,-53
1754122170.37646,0,7,-68
1754122170.41546,0,0,-71
1754122170.45146,-4,0,-61
1754122170.48946,-8,-2,-66
1754122170.52746,-1,0,-63
1754122170.56646,4,0,-57
1754122170.60246,3,-1,-56
1754122170.64046,-5,-9,-54
1754122170.67946,1,0,-54
1754122170.71646,-2,1,-61
1754122170.75546,-3,4,-62
1754122170.79146,-3,0,-48
1754122170.82946,-6,-2,-64
1754122170.86746,9,1,-62
1754122170.90546,2,0,-67
1754122170.94146,-1,5,-61
1754122170.97946,-4,-4,-60
1754122171.01746,0,0,-44
1754122171.05546,-1,-1,-62
1754122171.09146,1,-1,-64
1754122171.12946,-3,-1,-52
1754122171.1674602,1,7,-53
1754122171.20546,-2,1,-65
1754122171.24146,-1,0,-60
1754122171.2794602,-4,-2,-60
1754122171.31746,-2,-1,-70
1754122171.35646,4,0,-62
1754122171.39246,4,0,-67
1754122171.42946,7,-5,-65
1754122171.4674602,4,-9,-66
1754122171.5064602,0,-6,-60
1754122171.5424602,-4,-7,-54
1754122171.58046,-8,-2,-59
1754122171.6184602,3,-1,-57
1754122171.6574602,12,5,-63
1754122171.69546,3,-2,-66
1754122171.73146,2,-5,-59
1754122171.7694602,-2,-1,-68
1754122171.80846,-3,-5,-58
1754122171.84646,5,2,-69
1754122171.88246,0,4,-64
1754122171.91946,-6,2,-74
1754122171.95846,2,-4,-65
1754122171.9964602,0,0,-57
1754122172.0324602,-1,3,-58
1754122172.07146,5,3,-56
1754122172.1084602,3,0,-64
1754122172.14746,0,-4,-62
1754122172.18346,-3,1,-66
1754122172.22146,-1,-4,-72
1754122172.2594602,0,0,-68
1754122172.29746,4,0,-74
1754122172.33646,0,0,-67
1754122172.37246,-5,1,-62
1754122172.41046,-3,2,-56
1754122172.44946,-2,0,-59
1754122172.48746,0,-5,-60
1754122172.52446,0,-2,-63
1754122172.5624602,-6,2,-59
1754122172.59946,0,2,-65
1754122172.6384602,1,0,-51
1754122172.67646,1,-3,-59
1754122172.71246,-1,-7,-61
1754122172.75046,-2,-1,-70
1754122172.78846,1,0,-61
1754122172.82746,5,-1,-68
1754122172.86346,1,2,-75
1754122172.90046,-7,2,-63
1754122172.93846,-4,-1,-63
1754122172.97746,-3,1,-54
1754122173.0134602,-4,0,-66
1754122173.05146,-5,-2,-69
1754122173.08946,-3,4,-62
1754122173.1284602,3,5,-68
1754122173.16646,6,11,-71
1754122173.20246,0,0,-59
1754122173.2404602,-1,-1,-71
1754122173.27846,5,0,-73
1754122173.31746,-1,1,-70
1754122173.35346,0,0,-62
1754122173.39046,1,0,-63
1754122173.42946,0,0,-70
1754122173.4674602,0,4,-79
1754122173.5034602,0,-1,-69
1754122173.54046,-3,7,-62
1754122173.57846,3,0,-68
1754122173.61746,-6,2,-65
1754122173.65346,1,-3,-58
1754122173.69146,-1,1,-67
1754122173.72946,0,-3,-65
1754122173.76846,6,-9,-51
1754122173.80646,0,-9,-68
1754122173.8424602,-3,-10,-72
1754122173.88046,0,-3,-68
1754122173.91846,-1,0,-55
1754122173.9574602,0,-1,-71
1754122173.9934602,4,-4,-72
1754122174.03146,0,-2,-67
1754122174.0694602,-4,-1,-62
1754122174.1084602,0,6,-51
1754122174.14646,6,-4,-54
1754122174.18246,5,0,-54
1754122174.21946,1,-3,-56
1754122174.25846,0,4,-51
1754122174.2964602,2,-3,-54
1754122174.3324602,2,0,-71
1754122174.36946,4,2,-60
1754122174.40846,7,2,-66
1754122174.44646,1,-2,-67
1754122174.48246,-5,2,-71
1754122174.5194602,-6,-3,-64
1754122174.55846,1,-7,-53
1754122174.59446,-4,-7,-59
1754122174.63246,0,0,-59
1754122174.6714602,0,-1,-71
1754122174.70846,0,3,-70
1754122174.74746,1,4,-68
1754122174.78346,9,2,-53
1754122174.82146,0,-4,-63
1754122174.8584602,2,-5,-59
1754122174.89746,3,4,-62
1754122174.93346,8,2,-58
1754122174.97146,-2,-8,-64
1754122175.00846,-3,-5,-54
1754122175.04746,0,3,-65
1754122175.08346,-2,-1,-67
1754122175.1214602,2,-3,-60
1754122175.15946,-6,-4,-70
1754122175.19846,0,-4,-63
1754122175.23446,-1,1,-51
1754122175.27246,4,1,-59
1754122175.31046,0,-7,-61
1754122175.3484602,-3,-4,-65
1754122175.38746,-6,-9,-57
1754122175.42346,-6,-2,-59
1754122175.46146,-7,-3,-60
1754122175.49946,-7,-3,-58
1754122175.53846,1,1,-63
1754122175.57446,4,5,-54
1754122175.6114602,0,4,-61
1754122175.64946,2,2,-68
1754122175.68846,1,-3,-66
1754122175.72446,0,-4,-66
1754122175.76246,-3,-1,-64
1754122175.80146,5,2,-67
1754122175.83946,10,3,-67
1754122175.8784602,3,0,-54
1754122175.9144602,0,1,-65
1754122175.95246,0,2,-60
1754122175.9904602,6,0,-62
1754122176.0294602,3,-4,-59
1754122176.06746,1,-2,-63
1754122176.10346,-3,-2,-60
1754122176.1414602,0,-1,-65
1754122176.17946,0,-3,-67
1754122176.21846,0,-5,-56
1754122176.25446,-1,0,-58
1754122176.2924602,0,-4,-64
1754122176.33046,0,-6,-55
1754122176.36946,-10,-2,-57
1754122176.4074602,-1,4,-62
1754122176.44346,-1,-2,-48
1754122176.48146,2,-6,-58
1754122176.52046,1,0,-56
1754122176.55846,5,1,-43
1754122176.59446,4,1,-59
1754122176.6314602,1,5,-72
1754122176.66946,0,-1,-66
1754122176.70846,0,-5,-55
1754122176.74446,7,-6,-63
1754122176.7824602,-5,-3,-68
1754122176.82146,-2,0,-62
1754122176.85946,-2,-1,-67
1754122176.89546,-6,-1,-65
1754122176.93346,-9,2,-55
1754122176.97146,-6,0,-62
1754122177.0094602,1,1,-61
1754122177.04846,1,-5,-57
1754122177.08446,4,-2,-71
1754122177.12246,-3,-7,-82
1754122177.1614602,-1,-2,-78
1754122177.19946,7,3,-69
1754122177.23546,0,0,-61
1754122177.27346,0,1,-57
1754122177.31146,-3,-4,-60
1754122177.34946,-6,-1,-64
1754122177.3884602,-3,-2,-65
1754122177.4244602,-3,-3,-65
1754122177.46246,-2,-3,-58
1754122177.50046,-1,2,-60
1754122177.5394602,4,0,-60
1754122177.5754602,0,0,-72
1754122177.61246,2,1,-53
1754122177.65046,6,4,-57
1754122177.68946,4,-1,-58
1754122177.72546,6,8,-65
1754122177.76246,1,4,-69
1754122177.80046,0,-1,-57
1754122177.83946,-7,0,-52
1754122177.87546,-4,-2,-57
1754122177.91346,4,-3,-67
1754122177.95146,0,-3,-62
1754122177.9904602,-3,-8,-58
1754122178.02846,-2,-8,-53
1754122178.06446,-2,-1,-62
1754122178.10346,3,-7,-62
1754122178.14046,0,0,-74
1754122178.17946,0,-4,-56
1754122178.21546,0,-7,-64
1754122178.2534602,-4,-7,-44
1754122178.29146,-4,-6,-55
1754122178.33046,-3,0,-71
1754122178.3684602,-1,-1,-59
1754122178.4044602,-3,0,-62
1754122178.44246,1,0,-63
1754122178.4804602,-3,3,-52
1754122178.5194602,-5,5,-69
1754122178.55546,0,6,-71
1754122178.5924602,-6,0,-67
1754122178.63046,-2,0,-68
1754122178.66946,-1,3,-65
1754122178.70546,0,-3,-70
1754122178.7434602,-2,1,-69
1754122178.78146,-2,2,-63
1754122178.82046,0,2,-66
1754122178.8584602,2,1,-63
1754122178.8944602,7,2,-66
1754122178.93146,3,-6,-56
1754122178.9704602,-8,0,-62
1754122179.00846,-1,-1,-62
1754122179.04446,-4,0,-72
1754122179.0824602,-3,-3,-57
1754122179.1214602,-5,8,-58
1754122179.15946,-14,1,-56
1754122179.19546,-7,1,-70
1754122179.2334602,0,3,-66
1754122179.27146,0,2,-67
1754122179.31046,-1,-5,-63
1754122179.34646,-2,-6,-68
1754122179.38646,0,-1,-64
1754122179.42346,-1,0,-71
1754122179.46246,1,-2,-64
1754122179.50046,-1,-3,-62
1754122179.5364602,0,-4,-68
1754122179.57346,-1,-5,-60
1754122179.61246,1,-7,-56
1754122179.65046,0,-6,-64
1754122179.68646,3,-5,-62
1754122179.72446,2,-2,-63
1754122179.76246,7,0,-70
1754122179.80046,8,1,-67
1754122179.83946,8,7,-63
1754122179.87546,1,5,-51
1754122179.91246,0,0,-63
1754122179.95146,-1,0,-59
1754122179.98946,-1,-2,-61
1754122180.02546,0,1,-61
1754122180.0624602,-1,7,-59
1754122180.10146,0,3,-64
1754122180.13946,4,1,-53
1754122180.18246,-1,0,-53
1754122180.22146,-1,-4,-63
1754122180.2594602,2,0,-66
1754122180.29546,1,-3,-73
1754122180.33346,0,0,-59
1754122180.3714602,-10,-1,-54
1754122180.41046,-8,6,-54
1754122180.44646,-7,1,-53
1754122180.48446,4,-3,-65
1754122180.52246,2,-7,-62
1754122180.56146,6,-8,-63
1754122180.59946,3,-5,-50
1754122180.63546,-1,0,-57
1754122180.6744602,0,3,-71
1754122180.71246,-7,3,-53
1754122180.75046,0,8,-57
1754122180.7864602,0,0,-59
1754122180.82446,4,-4,-54
1754122180.86246,-2,0,-65
1754122180.9014602,-9,0,-55
1754122180.93946,-4,2,-66
1754122180.97546,-15,0,-66
1754122181.01246,-5,0,-69
1754122181.05146,-2,-2,-70
1754122181.08946,1,-1,-69
1754122181.12546,0,0,-64
1754122181.16246,-3,-2,-61
1754122181.20146,2,3,-70
1754122181.23946,-2,-3,-68
1754122181.2764602,-2,-3,-66
1754122181.3154602,-7,-3,-65
1754122181.35246,-1,3,-70
1754122181.3914602,-5,4,-64
1754122181.4274602,0,1,-61
1754122181.46546,0,-5,-70
1754122181.5034602,-5,-2,-67
1754122181.54146,0,3,-61
1754122181.58046,2,3,-75
1754122181.61646,0,7,-75
1754122181.65346,0,1,-60
1754122181.69146,-1,-1,-74
1754122181.7304602,-2,-4,-64
1754122181.7664602,-1,-5,-59
1754122181.80446,0,3,-57
1754122181.8424602,0,2,-56
1754122181.8814602,-1,6,-57
1754122181.9174602,-1,8,-60
1754122181.95546,0,3,-55
1754122181.9934602,-3,5,-63
1754122182.03146,-5,0,-51
1754122182.07046,-11,-3,-59
1754122182.10646,-9,4,-52
1754122182.14346,-3,-1,-63
1754122182.18146,-3,-4,-68
1754122182.2174602,7,1,-66
1754122182.25546,-7,7,-65
1754122182.29346,0,-3,-61
1754122182.3324602,-7,0,-63
1754122182.37046,-8,0,-62
1754122182.40646,0,2,-66
1754122182.44346,0,5,-57
1754122182.48246,5,-4,-63
1754122182.52046,-4,-1,-60
1754122182.55646,1,1,-63
1754122182.59346,4,0,-72
1754122182.63246,-3,-3,-73
1754122182.67046,-1,0,-60
1754122182.70646,-2,-1,-62
1754122182.74446,-3,-6,-54
1754122182.7824602,-3,0,-75
1754122182.82146,4,4,-64
1754122182.85746,1,0,-58
1754122182.8944602,1,-3,-67
1754122182.93246,-1,-2,-65
1754122182.97146,-9,0,-64
1754122183.00746,-3,0,-62
1754122183.04446,-1,4,-63
1754122183.0824602,4,3,-63
1754122183.1214602,7,4,-58
1754122183.1574602,-2,-1,-60
1754122183.19546,-2,0,-71
1754122183.2334602,-2,0,-65
1754122183.27246,4,-5,-64
1754122183.31046,1,-1,-62
1754122183.34646,1,0,-64
1754122183.38346,-2,0,-63
1754122183.42246,0,1,-46
1754122183.4604602,-5,-1,-53
1754122183.4964602,-1,1,-48
1754122183.53446,-7,0,-68
1754122183.57346,-3,0,-70
1754122183.6114602,-3,0,-71
1754122183.64746,-4,-2,-66
1754122183.68646,7,-3,-69
1754122183.72446,5,-8,-60
1754122183.76246,5,-9,-56
1754122183.80146,2,-4,-58
1754122183.83746,1,-1,-52
1754122183.87446,0,-4,-47
1754122183.91246,0,0,-54
1754122183.95146,2,-1,-48
1754122183.98746,0,-5,-59
1754122184.02546,-5,-5,-55
1754122184.06446,0,3,-58
1754122184.10246,8,0,-65
1754122184.1384602,2,2,-59
1754122184.17546,1,0,-67
1754122184.21446,-4,2,-63
1754122184.25246,0,-1,-67
1754122184.28846,0,0,-60
1754122184.3254602,-3,-3,-51
1754122184.36346,3,-5,-57
1754122184.40246,1,1,-52
1754122184.43846,6,-1,-57
1754122184.47646,2,-5,-56
1754122184.51446,-2,4,-71
1754122184.5524602,0,-1,-68
1754122184.59146,-2,-7,-78
1754122184.62746,0,-4,-68
1754122184.66546,1,-5,-63
1754122184.70346,4,0,-62
1754122184.74246,-2,-2,-62
1754122184.77846,-2,-6,-69
1754122184.81646,-3,-4,-71
1754122184.85446,1,3,-60
1754122184.89346,0,0,-52
1754122184.93146,-2,0,-62
1754122184.9674602,-3,7,-66
1754122185.00546,-7,0,-56
1754122185.04346,-2,-4,-64
1754122185.0824602,1,-6,-53
1754122185.11946,-1,-3,-63
1754122185.15646,-3,1,-64
1754122185.1944602,3,1,-62
1754122185.2334602,2,-4,-71
1754122185.27146,-3,0,-68
1754122185.30746,0,-2,-67
1754122185.3454602,0,2,-68
1754122185.38346,-3,-3,-63
1754122185.42246,-4,-3,-59
1754122185.45846,-2,-4,-52
1754122185.4964602,9,-3,-60
1754122185.53546,-1,-5,-49
1754122185.57346,0,-1,-61
1754122185.6114602,4,-7,-66
1754122185.64746,0,-3,-70
1754122185.68546,0,1,-67
1754122185.7234602,-1,2,-59
1754122185.76246,0,7,-58
1754122185.79846,-1,7,-71
1754122185.8354602,5,2,-73
1754122185.87346,4,-2,-78
1754122185.91246,8,1,-60
1754122185.94846,0,0,-59
1754122185.98546,1,-5,-59
1754122186.02346,-3,-3,-64
1754122186.0624602,0,-1,-60
1754122186.0984602,-9,-2,-66
1754122186.13646,-6,-1,-66
1754122186.1744602,0,0,-67
1754122186.2134602,0,-4,-61
1754122186.24946,3,0,-59
1754122186.28746,0,-1,-59
1754122186.3254602,2,1,-53
1754122186.36346,2,1,-50
1754122186.40246,-3,-7,-60
1754122186.43846,0,0,-63
1754122186.47646,5,-7,-58
1754122186.5134602,9,0,-69
1754122186.5524602,2,0,-75
1754122186.5884602,0,-1,-67
1754122186.62646,0,5,-63
1754122186.6644602,3,-4,-69
1754122186.70346,1,-5,-76
1754122186.73946,1,-4,-69
1754122186.77746,0,-11,-69
1754122186.8154602,-4,-10,-68
1754122186.85346,0,-5,-72
1754122186.89246,1,-6,-74
1754122186.92846,8,-4,-72
1754122186.96646,3,-3,-67
1754122187.00546,7,4,-73
1754122187.04346,-2,-1,-62
1754122187.07946,-5,-2,-68
1754122187.1184602,3,0,-63
1754122187.15546,-3,-3,-64
1754122187.1944602,1,-2,-67
1754122187.23246,-1,1,-66
1754122187.26846,0,0,-62
1754122187.30646,0,-3,-58
1754122187.34446,3,4,-52
1754122187.38346,0,4,-57
1754122187.41946,-1,4,-53
1754122187.4574602,1,1,-66
1754122187.4964602,-4,-2,-61
1754122187.53446,-7,0,-62
1754122187.5724602,-5,-4,-59
1754122187.6084602,-6,-2,-64
1754122187.64646,6,-5,-60
1754122187.6844602,3,2,-64
1754122187.7234602,-4,2,-56
1754122187.7594602,-5,-3,-57
1754122187.79746,2,-9,-61
1754122187.8354602,1,-5,-59
1754122187.87446,2,-3,-64
1754122187.91246,0,3,-62
1754122187.94846,-2,0,-70
1754122187.98846,0,2,-57
1754122188.02546,0,-2,-64
1754122188.06446,-1,2,-50
1754122188.10246,2,8,-52
1754122188.1384602,9,0,-62
1754122188.17546,-2,-4,-63
1754122188.21446,-1,-7,-61
1754122188.25246,-2,-9,-66
1754122188.28846,1,-4,-58
1754122188.32646,-4,-13,-61
1754122188.36446,-5,-2,-64
1754122188.40346,0,-6,-59
1754122188.43946,0,-4,-60
1754122188.47746,1,-2,-59
1754122188.5164602,0,2,-62
1754122188.55446,1,0,-63
1754122188.59046,-2,0,-58
1754122188.62746,2,1,-67
1754122188.66546,-2,-4,-67
1754122188.70446,-2,-2,-63
1754122188.7404602,0,-6,-70
1754122188.77846,-4,-3,-59
1754122188.81646,3,-1,-60
1754122188.85446,4,-7,-62
1754122188.89346,-1,2,-65
1754122188.92946,-10,1,-73
1754122188.9674602,-2,0,-63
1754122189.00546,1,-3,-68
1754122189.04446,0,-2,-77
1754122189.08046,1,1,-63
1754122189.11746,2,-1,-66
1754122189.15546,-5,1,-59
1754122189.1944602,-3,6,-67
1754122189.2304602,2,-2,-65
1754122189.26846,-3,2,-75
1754122189.30746,-5,0,-75
1754122189.3454602,0,3,-73
1754122189.38346,0,6,-73
1754122189.42046,-7,-4,-63
1754122189.4574602,3,-3,-63
1754122189.49546,1,2,-70
1754122189.53446,6,0,-69
1754122189.57046,6,-1,-71
1754122189.6084602,1,3,-64
1754122189.64546,-1,6,-60
1754122189.6844602,0,0,-62
1754122189.7204602,1,3,-60
1754122189.75846,0,0,-60
1754122189.79546,0,6,-65
1754122189.83446,0,3,-65
1754122189.87046,5,0,-59
1754122189.90846,3,0,-56
1754122189.94546,0,-4,-59
1754122189.98446,0,0,-72
1754122190.02046,0,2,-59
1754122190.05746,0,-2,-59
1754122190.0954602,0,1,-50
1754122190.1344602,1,0,-54
1754122190.17046,0,0,-53
1754122190.21646,3,-2,-57
1754122190.25446,1,-11,-61
1754122190.29146,-2,-8,-60
1754122190.32846,1,-6,-61
1754122190.36646,0,-2,-52
1754122190.40546,1,3,-59
1754122190.44346,-1,-2,-58
1754122190.47946,3,0,-59
1754122190.51746,3,-3,-58
1754122190.55546,4,-12,-58
1754122190.59146,0,-4,-65
1754122190.62946,-5,-6,-65
1754122190.6674602,3,-5,-72
1754122190.70546,2,-1,-50
1754122190.74446,-2,-4,-69
1754122190.78046,1,-2,-64
1754122190.81846,9,0,-55
1754122190.85646,2,-2,-52
1754122190.89546,1,1,-60
1754122190.93146,0,0,-60
1754122190.96846,-5,-3,-59
1754122191.0064602,-1,0,-70
1754122191.04546,0,0,-69
1754122191.08146,1,0,-71
1754122191.1184602,-1,-1,-62
1754122191.15646,3,4,-60
1754122191.19546,0,2,-61
1754122191.23146,-1,0,-65
1754122191.27046,-5,2,-55
1754122191.30746,-5,0,-69
1754122191.3454602,-6,5,-81
1754122191.3844602,0,-9,-59
1754122191.42046,-2,-5,-66
1754122191.45846,0,-4,-57
1754122191.4964602,-3,-1,-61
1754122191.53546,-2,5,-68
1754122191.57146,-4,1,-56
1754122191.60946,2,0,-53
1754122191.64746,1,0,-61
1754122191.68646,6,4,-64
1754122191.72446,9,0,-64
1754122191.76046,8,0,-57
1754122191.79846,1,2,-57
1754122191.83646,2,-6,-49
1754122191.87446,1,0,-52
1754122191.91046,-3,6,-58
1754122191.94846,-1,3,-63
1754122191.9864602,-1,0,-64
1754122192.02546,-3,0,-72
1754122192.06146,-6,-1,-66
1754122192.09946,2,-2,-66
1754122192.13746,2,0,-78
1754122192.17646,0,-3,-70
1754122192.21446,2,-3,-69
1754122192.25046,-2,-3,-71
1754122192.2894602,-5,9,-63
1754122192.32646,-4,0,-62
1754122192.3654602,-7,1,-56
1754122192.4014602,-8,0,-63
1754122192.43946,-6,-2,-69
1754122192.47746,-1,-2,-64
1754122192.5164602,0,3,-63
1754122192.55446,-4,-1,-65
1754122192.59046,-1,4,-58
1754122192.6284602,-2,-2,-48
1754122192.66646,-5,0,-78
1754122192.70546,-8,-6,-66
1754122192.74146,-2,-5,-59
1754122192.7794602,-1,0,-57
1754122192.81746,6,-4,-62
1754122192.85646,3,-9,-65
1754122192.89246,-5,-9,-62
1754122192.93046,1,-4,-58
1754122192.96946,-7,-5,-67
1754122193.00746,-1,0,-64
1754122193.04546,3,1,-60
1754122193.08146,6,5,-59
1754122193.11946,1,1,-51
1754122193.1574602,7,0,-58
1754122193.19646,7,-2,-62
1754122193.23246,6,-2,-63
1754122193.27046,3,0,-57
1754122193.30846,5,2,-52
1754122193.34646,0,-1,-56
1754122193.38546,2,0,-54
1754122193.4214602,-2,-4,-70
1754122193.4604602,0,-7,-68
1754122193.49746,0,-7,-64
1754122193.5364602,6,-1,-61
1754122193.5724602,2,-5,-62
1754122193.61046,5,-4,-66
1754122193.64846,-4,1,-62
1754122193.68646,2,-1,-64
1754122193.72546,1,-1,-77
1754122193.76146,0,-7,-71
1754122193.7994602,-2,-5,-56
1754122193.83746,0,5,-65
1754122193.87646,1,1,-60
1754122193.91246,6,0,-60
1754122193.94946,-3,-1,-66
1754122193.98746,0,0,-54
1754122194.0264602,0,2,-53
1754122194.0624602,-1,-1,-59
1754122194.10046,0,-4,-55
1754122194.1384602,0,6,-56
1754122194.1774602,-4,1,-62
1754122194.21546,-3,-1,-66
1754122194.25146,4,-1,-62
1754122194.2894602,-3,-3,-62
1754122194.32746,0,-5,-67
1754122194.36646,-5,-3,-56
1754122194.40246,3,-5,-64
1754122194.43946,1,-2,-82
1754122194.47746,-5,0,-68
1754122194.5164602,-1,-4,-73
1754122194.5524602,-3,-3,-68
1754122194.59046,-2,0,-66
1754122194.6284602,-2,-4,-64
1754122194.6674602,0,-6,-68
1754122194.70546,-3,-4,-69
1754122194.74246,-2,2,-64
1754122194.7794602,-4,0,-56
1754122194.81746,0,-2,-70
1754122194.85646,4,1,-69
1754122194.89246,1,-1,-71
1754122194.93046,4,0,-66
1754122194.96846,0,2,-55
1754122195.00746,-5,0,-65
1754122195.04546,-2,1,-53
1754122195.08146,1,-4,-67
1754122195.11946,2,-5,-69
1754122195.1574602,0,1,-77
1754122195.19646,-3,4,-67
1754122195.23246,-1,-1,-59
1754122195.27046,-1,-1,-65
1754122195.30846,0,1,-59
1754122195.34746,0,-4,-63
1754122195.38346,4,0,-69
1754122195.4214602,0,7,-66
1754122195.45946,-1,-1,-66
1754122195.49846,-6,-7,-51
1754122195.5364602,4,-9,-59
1754122195.5724602,-2,0,-63
1754122195.61046,7,-4,-71
1754122195.64846,5,0,-75
1754122195.6874602,-3,-2,-78
1754122195.7234602,-4,0,-66
1754122195.76146,-14,-3,-76
1754122195.7994602,-4,-8,-72
1754122195.83746,-6,-3,-71
1754122195.87646,0,-4,-63
1754122195.91246,3,0,-61
1754122195.9504602,5,-4,-62
1754122195.98946,-4,0,-59
1754122196.02746,7,-6,-58
1754122196.06346,6,-2,-67
1754122196.10046,-2,0,-62
1754122196.13946,2,2,-67
1754122196.1774602,3,0,-64
1754122196.2134602,-3,-1,-63
1754122196.25146,-3,-1,-63
1754122196.2894602,0,0,-60
1754122196.32846,-4,-1,-63
1754122196.36646,-1,-2,-54
1754122196.40246,7,-5,-53
1754122196.4404602,-6,-8,-65
1754122196.47846,-5,0,-58
1754122196.51746,-5,0,-58
1754122196.55346,0,-4,-67
1754122196.59146,0,-2,-74
1754122196.62946,0,-1,-70
1754122196.66846,1,3,-65
1754122196.70646,-3,-3,-62
1754122196.74246,-1,0,-58
1754122196.7794602,3,1,-61
1754122196.81846,2,-2,-62
1754122196.85646,-2,-5,-70
1754122196.89246,0,-3,-68
1754122196.93146,0,0,-60
1754122196.96846,2,1,-55
1754122197.00746,-8,3,-60
1754122197.04346,-4,-2,-61
1754122197.08146,-7,-1,-72
1754122197.11946,-3,-1,-68
1754122197.15846,0,3,-63
1754122197.19646,0,5,-56
1754122197.23246,-3,-1,-59
1754122197.27046,-4,3,-61
1754122197.3094602,-2,2,-64
1754122197.34746,-1,-9,-56
1754122197.38346,0,4,-61
1754122197.42046,2,3,-66
1754122197.45846,0,3,-67
1754122197.49746,-1,1,-69
1754122197.53346,11,0,-68
1754122197.57046,1,-1,-57
1754122197.6084602,-4,0,-55
1754122197.64746,-5,0,-58
1754122197.68346,-2,1,-59
1754122197.72146,2,-4,-61
1754122197.7594602,5,-6,-65
1754122197.79846,0,-2,-60
1754122197.83446,0,0,-65
1754122197.8714602,4,-3,-67
1754122197.90946,0,-10,-73
1754122197.94846,0,-5,-69
1754122197.98446,2,-4,-64
1754122198.02246,0,-7,-70
1754122198.06046,2,-4,-68
1754122198.0984602,-3,4,-74
1754122198.13746,-2,4,-70
1754122198.17346,-6,1,-75
1754122198.21146,1,-1,-59
1754122198.24946,0,-2,-74
1754122198.28846,7,6,-65
1754122198.32446,7,3,-67
1754122198.3614602,-5,-5,-67
1754122198.39946,1,-3,-70
1754122198.43846,3,0,-69
1754122198.47446,0,1,-62
1754122198.51246,-5,0,-74
1754122198.5494602,4,-2,-75
1754122198.5884602,0,-4,-57
1754122198.62446,0,1,-65
1754122198.66246,-2,8,-75
1754122198.69946,3,-1,-59
1754122198.73846,-3,-4,-58
1754122198.77446,0,-1,-57
1754122198.8124602,2,-4,-68
1754122198.85046,0,-3,-60
1754122198.88946,-3,-6,-63
1754122198.9274602,2,1,-69
1754122198.9634602,5,0,-57
1754122199.00046,7,-1,-50
1754122199.0394602,2,-4,-63
1754122199.07746,0,0,-63
1754122199.11346,3,-4,-65
1754122199.1514602,9,1,-63
1754122199.18946,6,-4,-51
1754122199.22846,-8,1,-60
1754122199.26446,4,4,-65
1754122199.30146,0,2,-65
1754122199.33946,0,1,-58
1754122199.3784602,3,-3,-64
1754122199.4144602,7,2,-67
1754122199.45146,0,-5,-62
1754122199.48946,-3,0,-60
1754122199.52846,4,0,-62
1754122199.56446,0,0,-62
1754122199.60146,-1,-1,-65
1754122199.63946,1,2,-70
1754122199.67846,-5,-1,-48
1754122199.71446,5,1,-49
1754122199.75146,0,4,-58
1754122199.7894602,4,0,-54
1754122199.82846,0,-3,-63
1754122199.86446,-5,-10,-60
1754122199.90246,-2,-8,-69
1754122199.9404602,-3,-2,-67
1754122199.97946,-2,-1,-63
1754122200.01546,-2,-6,-62
1754122200.05346,3,-7,-63
1754122200.09146,2,-5,-65
1754122200.12946,-1,0,-55
1754122200.16846,-1,-2,-60
1754122200.20446,0,-8,-64
1754122200.25046,3,-9,-65
1754122200.28846,4,-9,-64
1754122200.32446,1,-7,-69
1754122200.36346,-2,-2,-71
1754122200.40046,-3,-1,-65
1754122200.43946,-3,-2,-56
1754122200.47546,-3,-3,-55
1754122200.5134602,1,-3,-59
1754122200.55146,1,0,-78
1754122200.58946,3,0,-58
1754122200.6284602,-8,0,-70
1754122200.6644602,-4,0,-69
1754122200.70246,-1,-1,-72
1754122200.7404602,-6,-2,-68
1754122200.7794602,-4,3,-70
1754122200.8154602,3,-4,-60
1754122200.85246,1,-4,-63
1754122200.89046,9,-1,-60
1754122200.92946,3,-2,-55
1754122200.96546,0,-16,-53
1754122201.00246,6,-6,-58
1754122201.04046,5,3,-64
1754122201.07946,3,0,-63
1754122201.1154602,0,-2,-66
1754122201.15346,0,3,-63
1754122201.19146,-4,-4,-64
1754122201.2304602,-5,-10,-58
1754122201.26846,-5,-1,-63
1754122201.30446,-4,0,-71
1754122201.3424602,-8,-4,-65
1754122201.38046,-9,4,-58
1754122201.41946,-9,1,-61
1754122201.45546,-9,1,-60
1754122201.4934602,1,5,-66
1754122201.53146,6,-2,-68
1754122201.57046,5,1,-67
1754122201.6084602,7,-1,-73
1754122201.6444602,6,-1,-69
1754122201.68146,2,-3,-63
1754122201.7204602,-4,-3,-64
1754122201.75846,-3,1,-69
1754122201.79446,0,1,-68
1754122201.83146,2,0,-65
1754122201.87046,-5,-2,-74
1754122201.90846,-5,-2,-74
1754122201.9444602,-2,-4,-62
1754122201.98246,-1,0,-59
1754122202.02046,-9,-3,-57
1754122202.0594602,-4,-7,-62
1754122202.0954602,-2,-2,-68
1754122202.13346,-6,-4,-64
1754122202.1714602,-3,-3,-53
1754122202.2104602,1,4,-51
1754122202.2464602,1,3,-65
1754122202.28346,4,2,-61
1754122202.32146,0,-4,-58
1754122202.36046,0,-4,-60
1754122202.39646,1,-10,-51
1754122202.4344602,-1,-5,-63
1754122202.4734602,-2,-6,-61
1754122202.51046,3,-9,-46
1754122202.5494602,-2,-8,-52
1754122202.5854602,-2,-6,-62
1754122202.62346,-8,-2,-59
1754122202.6614602,-3,-2,-65
1754122202.7004602,4,0,-77
1754122202.7364602,0,-3,-70
1754122202.77446,0,4,-76
1754122202.8124602,-5,8,-77
1754122202.85046,4,1,-74
1754122202.88946,-6,-1,-70
1754122202.92546,-2,1,-66
1754122202.9634602,-3,-4,-59
1754122203.00146,3,2,-63
1754122203.04046,0,0,-67
1754122203.07646,5,5,-60
1754122203.11346,1,-4,-74
1754122203.1514602,-3,0,-59
1754122203.1904602,-7,6,-52
1754122203.22646,3,0,-67
1754122203.2634602,-5,3,-46
1754122203.30146,0,0,-56
1754122203.34046,0,-2,-61
1754122203.37646,2,4,-69
1754122203.41346,0,4,-66
1754122203.45246,-2,-3,-53
1754122203.4904602,-5,6,-54
1754122203.5264602,-3,-3,-60
1754122203.5654602,0,-3,-46
1754122203.60246,-3,-5,-63
1754122203.6414602,-1,0,-62
1754122203.67946,1,-3,-61
1754122203.71546,1,-4,-55
1754122203.7534602,-4,-7,-66
1754122203.79146,-5,0,-67
1754122203.83046,-10,-4,-69
1754122203.86646,-10,-3,-69
1754122203.9044602,2,-5,-60
1754122203.94346,4,-6,-63
1754122203.98146,0,-1,-67
1754122204.0194602,0,0,-78
1754122204.05546,1,1,-65
1754122204.0924602,1,-5,-73
1754122204.1314602,-1,-2,-62
1754122204.16946,2,-5,-68
1754122204.20546,0,-11,-54
1754122204.24246,-6,2,-59
1754122204.28146,-3,4,-67
1754122204.31746,-1,8,-59
1754122204.35646,0,4,-61
1754122204.3944602,0,5,-63
1754122204.43146,-4,0,-57
1754122204.4704602,-10,5,-69
1754122204.5064602,-2,9,-57
1754122204.54446,-8,2,-54
1754122204.5824602,-5,2,-67
1754122204.6214602,-6,6,-59
1754122204.6574602,2,1,-65
1754122204.6944602,4,-1,-64
1754122204.73246,6,3,-58
1754122204.77146,0,1,-63
1754122204.80746,-4,-5,-69
1754122204.8454602,3,-7,-67
1754122204.88346,0,-7,-57
1754122204.9214602,2,1,-72
1754122204.9604602,-2,0,-69
1754122204.9964602,0,2,-58
1754122205.03346,-4,-6,-67
1754122205.07146,0,0,-57
1754122205.11046,7,-6,-67
1754122205.14646,1,-3,-56
1754122205.18546,-5,-1,-65
1754122205.22246,-2,-3,-63
1754122205.26146,-2,-4,-63
1754122205.29746,-4,0,-57
1754122205.3354602,2,-2,-54
1754122205.37346,5,2,-63
1754122205.41246,4,3,-60
1754122205.4504602,4,-1,-53
1754122205.4864602,0,-7,-62
1754122205.52446,0,0,-55
1754122205.5624602,-2,-2,-67
1754122205.60146,0,-2,-69
1754122205.63746,5,2,-61
1754122205.6744602,-1,-1,-68
1754122205.71246,0,-9,-60
1754122205.75146,0,0,-65
1754122205.78746,0,0,-64
1754122205.82446,3,0,-66
1754122205.86246,-1,-3,-54
1754122205.9014602,0,-2,-57
1754122205.9374602,-2,0,-60
1754122205.97546,3,0,-74
1754122206.01446,5,-7,-65
1754122206.0524602,-6,4,-62
1754122206.09046,-10,-3,-67
1754122206.12646,-4,-4,-54
1754122206.1644602,-2,0,-59
1754122206.20246,-1,4,-66
1754122206.24146,5,0,-68
1754122206.27746,9,0,-63
1754122206.31446,-1,0,-74
1754122206.35246,-2,-2,-67
1754122206.3914602,-1,0,-61
1754122206.4274602,4,5,-62
1754122206.46446,3,-3,-55
1754122206.50246,-2,-6,-66
1754122206.54146,-6,1,-69
1754122206.57746,-2,4,-62
1754122206.6154602,-6,1,-62
1754122206.6544602,-4,-4,-64
1754122206.69246,0,0,-62
1754122206.7304602,-2,2,-56
1754122206.76746,-6,3,-68
1754122206.80546,0,4,-67
1754122206.84346,-4,-3,-61
1754122206.88246,-3,-2,-60
1754122206.91846,-1,-4,-62
1754122206.95646,0,-2,-70
1754122206.99446,1,-1,-56
1754122207.0324602,10,-2,-66
1754122207.07146,6,-3,-64
1754122207.10746,0,0,-57
1754122207.14546,0,0,-63
1754122207.1844602,-1,-5,-61
1754122207.22246,-1,-5,-65
1754122207.25846,0,1,-66
1754122207.29546,-5,2,-65
1754122207.33346,0,3,-62
1754122207.37246,2,-2,-66
1754122207.40846,2,-2,-54
1754122207.44646,6,0,-59
1754122207.48446,-1,0,-75
1754122207.52246,-6,1,-75
1754122207.56146,-5,-1,-66
1754122207.59746,-7,2,-68
1754122207.6344602,-1,1,-69
1754122207.67346,-4,6,-52
1754122207.71146,2,2,-57
1754122207.74746,-1,2,-61
1754122207.78546,-3,-3,-67
1754122207.82346,-8,0,-67
1754122207.86246,0,-1,-57
1754122207.89846,1,-1,-66
1754122207.93646,1,-5,-70
1754122207.97446,-1,3,-64
1754122208.0134602,1,7,-61
1754122208.05146,-5,4,-59
1754122208.08746,-7,0,-64
1754122208.12646,-3,4,-66
1754122208.16346,-1,0,-69
1754122208.20246,-3,-1,-62
1754122208.23846,-2,1,-56
1754122208.2764602,-5,5,-49
1754122208.31446,0,10,-65
1754122208.35346,0,-5,-60
1754122208.3914602,5,-2,-59
1754122208.4274602,4,-1,-66
1754122208.46546,-2,2,-69
1754122208.5034602,-5,2,-65
1754122208.5424602,4,2,-69
1754122208.57846,4,0,-68
1754122208.6154602,2,-2,-56
1754122208.65346,0,-1,-52
1754122208.69246,4,-4,-59
1754122208.72846,-3,1,-58
1754122208.76546,1,-5,-57
1754122208.80346,2,0,-69
1754122208.8424602,1,-3,-63
1754122208.8784602,0,1,-68
1754122208.91546,0,2,-59
1754122208.95346,-1,-2,-69
1754122208.99246,1,-4,-59
1754122209.02846,-5,-5,-59
1754122209.06646,-7,-8,-65
1754122209.10446,-1,-2,-59
1754122209.14346,-2,-4,-68
1754122209.17946,0,-1,-74
1754122209.21646,0,0,-70
1754122209.25446,1,-1,-68
1754122209.29346,1,2,-76
1754122209.32946,-6,4,-69
1754122209.36746,-1,8,-59
1754122209.40546,-4,4,-61
1754122209.44346,0,4,-65
1754122209.48246,7,-2,-66
1754122209.51846,-1,1,-75
1754122209.55646,4,3,-68
1754122209.59446,1,0,-62
1754122209.63346,1,0,-63
1754122209.66946,4,4,-52
1754122209.7074602,-3,11,-56
1754122209.74446,-9,6,-66
1754122209.78346,-10,10,-60
1754122209.8194602,2,8,-65
1754122209.85646,1,5,-66
1754122209.8944602,-4,-4,-77
1754122209.93346,-6,-4,-71
1754122209.96946,-2,0,-72
1754122210.00846,-10,-6,-61
1754122210.04546,-10,-5,-50
1754122210.08446,-4,-1,-52
1754122210.12246,-3,0,-60
1754122210.15846,0,-3,-60
1754122210.19646,2,-2,-67
1754122210.23446,0,-10,-66
1754122210.27846,-1,-1,-63
1754122210.31646,-5,-1,-66
1754122210.35446,-2,-8,-70
1754122210.39346,-1,-2,-69
1754122210.42946,3,-5,-70
1754122210.4674602,-5,-4,-60
1754122210.50546,-2,-9,-67
1754122210.54446,4,-5,-67
1754122210.5824602,0,-2,-68
1754122210.6184602,4,1,-68
1754122210.65546,1,1,-72
1754122210.6944602,0,0,-69
1754122210.73246,-3,0,-64
1754122210.76846,-6,-5,-63
1754122210.80646,0,0,-58
1754122210.8454602,4,0,-67
1754122210.88346,1,0,-83
1754122210.91946,-3,-4,-66
1754122210.95846,-5,-4,-60
1754122210.99546,1,2,-60
1754122211.03446,4,0,-60
1754122211.0724602,0,7,-61
1754122211.10946,2,2,-70
1754122211.14646,7,0,-61
1754122211.1844602,0,4,-65
1754122211.2234602,-5,6,-61
1754122211.2594602,-3,2,-66
1754122211.29746,-6,3,-71
1754122211.3354602,-3,0,-72
1754122211.37446,5,0,-72
1754122211.41046,-1,5,-73
1754122211.44946,1,1,-67
1754122211.4864602,-3,-4,-68
1754122211.52446,2,0,-63
1754122211.56346,0,-2,-65
1754122211.59946,3,1,-55
1754122211.63646,0,0,-59
1754122211.6744602,-1,-7,-67
1754122211.7134602,0,-3,-64
1754122211.74946,-3,3,-67
1754122211.78746,-5,-2,-52
1754122211.8254602,2,3,-53
1754122211.86446,4,0,-61
1754122211.90046,-5,-1,-67
1754122211.93846,-4,0,-77
1754122211.97646,-5,-3,-61
1754122212.01546,-3,-5,-65
1754122212.05346,-5,-4,-76
1754122212.08946,4,-2,-78
1754122212.12746,0,-2,-66
1754122212.16546,0,-11,-61
1754122212.20446,1,-6,-63
1754122212.2404602,-3,-5,-67
1754122212.27846,-5,-2,-52
1754122212.31646,-9,-1,-48
1754122212.3554602,0,0,-58
1754122212.39346,0,0,-55
1754122212.42946,-1,0,-65
1754122212.4674602,-2,-2,-68
1754122212.50546,-5,0,-72
1754122212.54446,-4,1,-65
1754122212.58046,0,3,-63
1754122212.61746,-2,1,-60
1754122212.65546,-3,4,-59
1754122212.6944602,-10,0,-61
1754122212.7304602,0,-2,-65
1754122212.76846,-3,-6,-61
1754122212.80746,0,-2,-67
1754122212.8454602,0,3,-69
1754122212.88346,0,0,-80
1754122212.91946,-2,3,-73
1754122212.9574602,-1,-3,-54
1754122212.99546,-1,-2,-69
1754122213.03446,-1,0,-64
1754122213.07046,-3,3,-58
1754122213.1084602,-2,3,-57
1754122213.14646,-3,-2,-60
1754122213.18546,-5,3,-55
1754122213.2234602,-4,3,-60
1754122213.2594602,0,5,-61
1754122213.2964602,2,1,-63
1754122213.3354602,1,-11,-62
1754122213.37346,-4,-8,-75
1754122213.40946,-8,-6,-75
1754122213.44846,-3,-6,-65
1754122213.48546,-11,-1,-69
1754122213.52446,-3,-4,-70
1754122213.56046,-2,-4,-80
1754122213.5984602,2,-6,-85
1754122213.63646,-3,-3,-61
1754122213.67546,0,-1,-67
1754122213.71146,-2,3,-57
1754122213.74946,3,-4,-55
1754122213.78746,-1,2,-68
1754122213.8254602,4,1,-68
1754122213.86446,-1,2,-75
1754122213.90046,-3,1,-63
1754122213.93846,-7,3,-64
1754122213.97746,-7,6,-51
1754122214.01546,-2,0,-58
1754122214.05146,3,-2,-61
1754122214.09046,0,-4,-59
1754122214.12746,-4,0,-62
1754122214.16546,-2,-5,-52
1754122214.20446,-5,0,-63
1754122214.2404602,-4,3,-71
1754122214.27846,0,-2,-68
1754122214.31646,0,0,-74
1754122214.3554602,-1,-7,-70
1754122214.3914602,6,0,-61
1754122214.42946,-7,1,-67
1754122214.46846,1,-1,-68
1754122214.5064602,-3,0,-60
1754122214.54446,-6,0,-60
1754122214.58046,-2,0,-61
1754122214.6184602,0,-2,-60
1754122214.65646,3,-8,-72
1754122214.69546,0,-1,-60
1754122214.73146,0,-4,-55
1754122214.7694602,0,1,-63
1754122214.80746,-7,0,-72
1754122214.84646,-5,-4,-61
1754122214.8844602,-6,-2,-69
1754122214.92046,-3,-1,-79
1754122214.95846,-2,-4,-74
1754122214.99746,9,-3,-72
1754122215.03546,0,-5,-67
1754122215.07146,1,-4,-63
1754122215.11046,3,0,-69
1754122215.14746,1,-5,-65
1754122215.18646,0,-8,-59
1754122215.22446,0,-3,-63
1754122215.26046,-1,-1,-67
1754122215.29846,1,-4,-63
1754122215.33646,0,4,-62
1754122215.37546,-5,3,-54
1754122215.4114602,-1,-2,-57
1754122215.44946,-10,0,-70
1754122215.48746,1,6,-63
1754122215.5264602,-5,0,-65
1754122215.56446,0,2,-57
1754122215.60046,-2,0,-55
1754122215.63746,0,-1,-58
1754122215.67646,0,3,-56
1754122215.71446,0,3,-60
1754122215.75046,5,2,-64
1754122215.78746,-1,-3,-69
1754122215.82646,2,-2,-54
1754122215.86246,-3,-7,-65
1754122215.90046,-7,-3,-64
1754122215.93946,-8,-3,-59
1754122215.97646,-7,-7,-69
1754122216.01546,-8,-4,-60
1754122216.05146,-3,-7,-62
1754122216.08946,-3,-4,-53
1754122216.12746,-3,-2,-65
1754122216.16646,0,3,-61
1754122216.20246,-2,-2,-68
1754122216.2404602,0,-7,-71
1754122216.27846,3,3,-67
1754122216.31746,0,-2,-67
1754122216.3554602,6,-3,-62
1754122216.3914602,0,0,-66
1754122216.42846,-4,-4,-70
1754122216.46646,-2,-8,-61
1754122216.50546,1,-4,-57
1754122216.54146,-2,-3,-60
1754122216.57946,-6,0,-52
1754122216.61746,-11,0,-49
1754122216.65646,0,0,-61
1754122216.69246,1,7,-65
1754122216.72946,0,5,-64
1754122216.76746,-3,-2,-66
1754122216.80646,7,-2,-60
1754122216.8424602,9,-1,-63
1754122216.88046,4,-1,-57
1754122216.91846,2,-3,-58
1754122216.9574602,-5,1,-54
1754122216.99546,-5,-1,-57
1754122217.0324602,-4,-6,-53
1754122217.07046,9,-5,-57
1754122217.10746,0,-5,-58
1754122217.14646,-2,-1,-72
1754122217.18246,-5,0,-67
1754122217.21946,-8,-3,-62
1754122217.25746,-3,-9,-66
1754122217.2964602,1,-5,-71
1754122217.3324602,3,-3,-66
1754122217.37046,0,4,-65
1754122217.4074602,4,6,-74
1754122217.44646,3,3,-71
1754122217.48246,5,1,-65
1754122217.5194602,0,1,-56
1754122217.55746,-5,-2,-58
1754122217.59646,2,-3,-44
1754122217.63246,3,0,-58
1754122217.66946,0,-5,-57
1754122217.7074602,2,-4,-68
1754122217.7464602,3,-4,-65
1754122217.7824602,-1,3,-68
1754122217.82146,4,-2,-65
1754122217.8584602,-4,-4,-62
1754122217.89746,3,-7,-69
1754122217.93546,1,0,-66
1754122217.97146,3,-1,-71
1754122218.0094602,-2,-2,-59
1754122218.04746,-8,-2,-67
1754122218.08646,-4,-1,-61
1754122218.12246,-2,0,-78
1754122218.16046,-2,6,-70
1754122218.19946,-3,0,-67
1754122218.23746,-9,-8,-64
1754122218.27346,-4,0,-57
1754122218.3124602,-1,-1,-66
1754122218.34946,2,0,-72
1754122218.38746,0,-4,-71
1754122218.42646,-5,-1,-71
1754122218.46246,2,-2,-64
1754122218.49946,1,-8,-59
1754122218.53746,5,-4,-62
1754122218.57646,9,3,-68
1754122218.61246,-2,1,-68
1754122218.64946,1,-2,-65
1754122218.6874602,4,1,-56
1754122218.72646,-2,-6,-66
1754122218.76246,3,0,-57
1754122218.7994602,0,1,-69
1754122218.83746,-1,4,-61
1754122218.87646,0,-1,-64
1754122218.91246,0,1,-62
1754122218.94946,-2,-3,-57
1754122218.98746,0,2,-57
1754122219.0264602,-5,0,-76
1754122219.0624602,0,0,-61
1754122219.09946,0,-1,-62
1754122219.1384602,3,-2,-64
1754122219.17646,1,-9,-65
1754122219.21246,-2,-5,-56
1754122219.25046,-2,4,-53
1754122219.28846,5,2,-62
1754122219.32746,6,-10,-61
1754122219.36346,0,-4,-66
1754122219.4014602,0,-1,-74
1754122219.43946,4,-1,-70
1754122219.47846,6,3,-67
1754122219.5164602,4,-2,-52
1754122219.5524602,-5,0,-62
1754122219.59146,-8,-2,-54
1754122219.6284602,0,-3,-49
1754122219.6674602,5,2,-59
1754122219.70346,-3,1,-64
1754122219.74146,-2,1,-62
1754122219.7794602,1,1,-65
1754122219.81846,7,5,-72
1754122219.85646,0,5,-71
1754122219.89246,-1,2,-80
1754122219.93046,2,0,-67
1754122219.96846,4,0,-61
1754122220.0064602,-4,-2,-68
1754122220.0424602,0,-2,-69
1754122220.08046,-4,-3,-59
1754122220.1184602,-2,-3,-64
1754122220.1574602,-5,-5,-73
1754122220.19346,0,-4,-72
1754122220.2304602,-8,-2,-58
1754122220.26846,0,0,-49
1754122220.3124602,-3,-2,-57
1754122220.35046,-5,-2,-70
1754122220.3884602,-9,-2,-70
1754122220.4274602,-2,1,-57
1754122220.4634602,-1,5,-56
1754122220.50246,0,-1,-67
1754122220.5394602,2,4,-68
1754122220.57846,-4,-5,-72
1754122220.61446,-4,-1,-68
1754122220.65346,3,-2,-64
1754122220.6904602,0,-9,-70
1754122220.72846,-6,-1,-66
1754122220.76746,0,1,-63
1754122220.80346,0,-1,-75
1754122220.84146,6,-6,-64
1754122220.87946,1,-4,-56
1754122220.91846,4,-1,-59
1754122220.95446,0,-1,-58
1754122220.99146,-1,-3,-59
1754122221.0294602,-3,-2,-82
1754122221.06846,-1,0,-64
1754122221.10446,-1,-3,-62
1754122221.14246,0,2,-66
1754122221.18146,3,4,-63
1754122221.21846,2,-5,-66
1754122221.25746,-1,-5,-57
1754122221.29346,-2,0,-60
1754122221.33146,2,-2,-68
1754122221.37046,-6,0,-57
1754122221.40846,-5,-6,-62
1754122221.4444602,-4,-8,-57
1754122221.48246,0,0,-63
1754122221.52046,-5,0,-69
1754122221.5594602,5,4,-76
1754122221.59746,6,1,-60
1754122221.63346,1,5,-67
1754122221.67046,3,2,-62
1754122221.70946,-7,4,-65
1754122221.74746,-7,-2,-72
1754122221.78346,0,-1,-73
1754122221.82146,-1,-3,-80
1754122221.85946,-4,-7,-61
1754122221.89846,-3,-3,-70
1754122221.9344602,-3,-7,-74
1754122221.97246,7,3,-69
1754122222.01046,5,0,-55
1754122222.0494602,4,-2,-61
1754122222.08746,-1,5,-71
1754122222.12346,-2,3,-77
1754122222.1614602,-1,0,-69
1754122222.19946,2,3,-74
1754122222.23846,0,6,-72
1754122222.27446,-4,0,-77
1754122222.3124602,0,-2,-77
1754122222.35046,1,-4,-76
1754122222.38946,-1,-1,-72
1754122222.4274602,-8,-5,-72
1754122222.4634602,-5,-11,-68
1754122222.50146,1,0,-67
1754122222.5394602,3,-2,-73
1754122222.57846,-5,0,-72
1754122222.61446,3,-4,-64
1754122222.6514602,-4,-5,-56
1754122222.6904602,-1,1,-69
1754122222.72846,-2,0,-64
1754122222.76446,4,-3,-58
1754122222.8024602,-3,-1,-57
1754122222.84046,0,-5,-62
1754122222.87946,3,1,-71
1754122222.91546,0,2,-70
1754122222.95346,-2,-3,-68
1754122222.9904602,2,-2,-58
1754122223.0294602,-4,-4,-62
1754122223.0654602,1,1,-65
1754122223.10246,-1,3,-70
1754122223.14046,-8,-3,-63
1754122223.17946,2,0,-58
1754122223.21546,0,2,-65
1754122223.25246,0,2,-60
1754122223.29046,1,0,-64
1754122223.32946,-2,1,-59
1754122223.3654602,0,-3,-63
1754122223.40246,-7,0,-60
1754122223.4404602,-9,4,-61
1754122223.47946,-14,1,-64
1754122223.51546,-12,0,-75
1754122223.55346,-5,1,-64
1754122223.59146,1,-6,-61
1754122223.63046,0,-2,-55
1754122223.66846,-3,4,-60
1754122223.70546,-8,0,-60
1754122223.74246,0,4,-72
1754122223.78046,0,-1,-66
1754122223.8194602,0,-2,-61
1754122223.8554602,-1,2,-55
1754122223.89346,-3,-4,-62
1754122223.93146,-4,-4,-65
1754122223.9704602,-6,0,-60
1754122224.00846,-3,0,-64
1754122224.04446,3,-5,-60
1754122224.0824602,0,3,-60
1754122224.12046,3,0,-73
1754122224.15946,0,-9,-77
1754122224.19546,3,-6,-73
1754122224.23446,-3,-2,-62
1754122224.27146,-3,-5,-61
1754122224.31046,1,-3,-66
1754122224.3484602,3,-7,-61
1754122224.3844602,-2,-8,-66
1754122224.42246,-2,-6,-64
1754122224.4604602,-13,-5,-68
1754122224.49946,0,-7,-55
1754122224.53546,0,0,-59
1754122224.5724602,7,-1,-61
1754122224.61046,2,1,-63
1754122224.64946,-4,1,-58
1754122224.68546,-3,2,-58
1754122224.7234602,-1,-3,-66
1754122224.76146,0,1,-51
1754122224.80046,-4,3,-56
1754122224.8384602,1,1,-63
1754122224.87446,0,1,-63
1754122224.91246,-1,1,-58
1754122224.9504602,3,0,-55
1754122224.98946,-2,-4,-60
1754122225.02546,3,-7,-68
1754122225.06346,1,0,-64
1754122225.10246,-8,-2,-50
1754122225.14046,0,-6,-58
1754122225.17646,-5,-11,-68
1754122225.21446,1,-2,-65
1754122225.25246,5,-4,-66
1754122225.29046,-2,-4,-70
1754122225.32946,2,-2,-63
1754122225.3654602,-3,-1,-62
1754122225.40346,-8,0,-62
1754122225.44146,-7,-2,-64
1754122225.4804602,0,-11,-62
1754122225.5164602,2,-6,-70
1754122225.55446,5,-9,-62
1754122225.59346,4,-2,-77
1754122225.63046,-4,-7,-56
1754122225.66946,0,1,-55
1754122225.70546,3,0,-63
1754122225.7434602,-4,-1,-60
1754122225.78046,0,-3,-71
1754122225.8194602,2,-2,-60
1754122225.8554602,0,0,-61
1754122225.89246,-3,-5,-67
1754122225.93146,0,0,-69
1754122225.96946,-3,-4,-65
1754122226.00546,5,2,-61
1754122226.0424602,-3,3,-47
1754122226.08146,-5,1,-62
1754122226.11946,-7,0,-75
1754122226.15546,-2,4,-69
1754122226.19346,0,-2,-58
1754122226.23146,1,4,-70
1754122226.27046,2,2,-66
1754122226.30646,5,-5,-69
1754122226.34446,-3,-1,-74
1754122226.38246,0,0,-61
1754122226.4214602,-4,-13,-67
1754122226.45946,3,-7,-70
1754122226.49546,9,-4,-63
1754122226.53346,5,-7,-55
1754122226.5724602,1,2,-59
1754122226.61046,-4,-4,-54
1754122226.64646,2,-7,-64
1754122226.68546,8,-2,-65
1754122226.72246,2,1,-66
1754122226.76146,8,-3,-49
1754122226.7994602,0,-2,-53
1754122226.8354602,-4,-4,-65
1754122226.87346,0,0,-69
1754122226.9114602,-3,-1,-68
1754122226.9504602,-2,0,-57
1754122226.9864602,-6,-3,-58
1754122227.02446,2,-3,-60
1754122227.0624602,1,0,-61
1754122227.10146,-1,-3,-68
1754122227.13946,-5,-1,-64
1754122227.17546,-5,-2,-64
1754122227.2134602,-8,-1,-58
1754122227.25146,-2,0,-66
1754122227.29046,-3,0,-67
1754122227.32646,-2,-1,-71
1754122227.36446,3,-3,-70
1754122227.40246,-7,-5,-73
1754122227.44146,2,-8,-68
1754122227.47746,2,-3,-57
1754122227.51546,-8,-5,-61
1754122227.55346,-1,-1,-65
1754122227.59146,0,-5,-70
1754122227.63046,8,0,-61
1754122227.66646,0,-3,-57
1754122227.70546,-4,-1,-54
1754122227.74246,1,0,-57
1754122227.78146,-4,2,-68
1754122227.81846,-1,3,-61
1754122227.8554602,2,-2,-75
1754122227.89346,-3,0,-77
1754122227.93146,0,-4,-75
1754122227.9704602,4,-5,-65
1754122228.0064602,-2,-2,-58
1754122228.04446,1,-6,-67
1754122228.0824602,-4,-2,-73
1754122228.1214602,0,1,-75
1754122228.15846,-2,0,-62
1754122228.19646,4,-2,-63
1754122228.2334602,5,0,-57
1754122228.27246,5,-1,-70
1754122228.31046,-3,0,-59
1754122228.34646,1,4,-67
1754122228.38346,-2,-5,-66
1754122228.42246,-1,-5,-65
1754122228.4604602,-2,0,-64
1754122228.4964602,0,0,-59
1754122228.53346,-2,-2,-64
1754122228.5724602,0,-4,-64
1754122228.61046,7,-4,-60
1754122228.64646,2,-6,-54
1754122228.68346,-3,0,-63
1754122228.72246,3,1,-50
1754122228.76046,-3,0,-73
1754122228.7964602,0,-10,-65
1754122228.83346,-9,-4,-55
1754122228.87246,-2,-1,-62
1754122228.91046,-7,-5,-66
1754122228.94646,0,5,-78
1754122228.98446,0,2,-64
1754122229.02246,1,-2,-64
1754122229.06146,-1,-2,-61
1754122229.09746,-2,4,-62
1754122229.1344602,-8,3,-61
1754122229.17246,-4,0,-57
1754122229.21146,0,-7,-61
1754122229.24746,-2,-5,-56
1754122229.28546,2,-5,-55
1754122229.32346,3,3,-61
1754122229.36246,2,-3,-69
1754122229.40046,0,-4,-66
1754122229.43646,-1,2,-50
1754122229.47446,-3,-4,-64
1754122229.51246,-6,-1,-68
1754122229.55146,-5,-9,-71
1754122229.58746,-9,-3,-64
1754122229.62546,-2,-2,-75
1754122229.66346,0,5,-54
1754122229.70246,1,8,-67
1754122229.73846,5,5,-62
1754122229.77546,6,0,-61
1754122229.81346,-1,-7,-54
1754122229.85246,-4,-6,-64
1754122229.8884602,-2,1,-57
1754122229.92646,-3,-1,-73
1754122229.96446,-1,-4,-65
1754122230.00246,4,-6,-51
1754122230.04146,-5,-6,-53
1754122230.07746,3,-1,-60
1754122230.1154602,4,-2,-55
1754122230.15346,2,1,-64
1754122230.19246,0,0,-55
1754122230.22846,6,0,-58
1754122230.26546,4,-3,-57
1754122230.30346,0,-2,-53
1754122230.34746,0,-2,-59
1754122230.38546,3,2,-59
1754122230.42346,5,-6,-66
1754122230.46246,-3,4,-69
1754122230.49846,0,1,-69
1754122230.5364602,3,3,-66
1754122230.57446,8,8,-59
1754122230.61346,13,2,-66
1754122230.6514602,-3,0,-70
1754122230.6874602,-7,-1,-73
1754122230.72546,4,-2,-66
1754122230.7634602,-1,-3,-70
1754122230.8024602,4,2,-70
1754122230.8384602,4,5,-69
1754122230.87546,-3,-1,-63
1754122230.91346,-1,1,-70
1754122230.95246,0,-1,-68
1754122230.98846,0,4,-53
1754122231.02546,-1,0,-58
1754122231.06346,1,0,-65
1754122231.10246,-2,1,-63
1754122231.1384602,-2,5,-66
1754122231.17546,-1,0,-54
1754122231.2134602,0,-1,-65
1754122231.25246,0,-9,-62
1754122231.28846,0,2,-73
1754122231.3254602,2,2,-66
1754122231.36346,-4,-3,-58
1754122231.40246,-5,1,-62
1754122231.43846,-3,-4,-65
1754122231.47646,2,-9,-63
1754122231.51446,0,-2,-58
1754122231.55346,-5,0,-57
1754122231.59146,3,-8,-67
1754122231.62746,2,-12,-58
1754122231.66546,0,-2,-68
1754122231.70346,-4,2,-65
1754122231.74246,3,-5,-60
1754122231.77846,0,-3,-61
1754122231.81746,7,2,-68
1754122231.85446,1,-2,-69
1754122231.89346,-1,-4,-67
1754122231.92946,-5,0,-64
1754122231.9674602,1,4,-64
1754122232.00546,2,0,-62
1754122232.04346,1,-2,-70
1754122232.0824602,0,2,-73
1754122232.1184602,-1,0,-62
1754122232.15646,2,-1,-68
1754122232.1944602,3,5,-65
1754122232.2334602,4,9,-66
1754122232.2694602,0,1,-64
1754122232.30746,-1,5,-65
1754122232.3454602,-1,-5,-65
1754122232.3844602,-6,-3,-70
1754122232.42246,-6,-1,-65
1754122232.45846,4,-2,-63
1754122232.4964602,3,-1,-65
1754122232.53446,5,0,-59
1754122232.57346,1,1,-55
1754122232.60946,-3,-5,-59
1754122232.64746,-5,-5,-58
1754122232.68546,0,-10,-64
1754122232.7234602,3,-8,-68
1754122232.76246,-7,-2,-56
1754122232.79846,-14,-1,-58
1754122232.83646,-9,-6,-64
1754122232.87546,-2,-3,-75
1754122232.91346,2,-4,-68
1754122232.94946,-5,-7,-69
1754122232.98746,-5,-2,-69
1754122233.02546,-5,-1,-60
1754122233.06446,1,-4,-59
1754122233.10246,3,-2,-66
1754122233.1384602,3,-2,-64
1754122233.17646,-3,0,-62
1754122233.21446,2,0,-71
1754122233.2534602,1,-2,-74
1754122233.2894602,1,-7,-71
1754122233.32846,-2,-2,-67
1754122233.3654602,0,-3,-51
1754122233.4044602,-1,0,-67
1754122233.44246,-8,0,-69
1754122233.47846,-8,-7,-55
1754122233.51746,-1,-1,-56
1754122233.55446,-2,2,-61
1754122233.59346,0,-4,-74
1754122233.62946,5,0,-71
1754122233.6674602,-1,-1,-68
1754122233.70446,0,0,-52
1754122233.7434602,0,0,-68
1754122233.7794602,2,-9,-64
1754122233.81746,0,-8,-62
1754122233.85446,-2,-3,-62
1754122233.89346,-1,6,-60
1754122233.92946,1,4,-66
1754122233.9674602,0,7,-66
1754122234.00446,1,0,-69
1754122234.04346,-1,-2,-68
1754122234.07946,4,6,-63
1754122234.11746,2,0,-57
1754122234.1544602,-4,3,-56
1754122234.19346,-5,-5,-48
1754122234.22946,3,-3,-51
1754122234.26746,0,-1,-63
1754122234.30546,4,-4,-66
1754122234.34446,1,-4,-67
1754122234.38046,2,-8,-57
1754122234.41846,1,-6,-62
1754122234.45646,3,-4,-64
1754122234.49546,2,0,-70
1754122234.53346,4,3,-74
1754122234.5694602,0,1,-72
1754122234.60646,-4,-2,-68
1754122234.64546,0,11,-74
1754122234.68346,-2,-3,-68
1754122234.71946,-6,-5,-64
1754122234.75846,-4,-16,-60
1754122234.79546,2,-4,-67
1754122234.83446,-8,-5,-70
1754122234.87046,-12,1,-61
1754122234.90846,-5,2,-62
1754122234.94646,-4,0,-50
1754122234.98446,3,3,-64
1754122235.02346,1,1,-71
1754122235.06046,0,0,-84
1754122235.09746,2,-2,-75
1754122235.13546,0,0,-58
1754122235.1744602,-6,3,-66
1754122235.2104602,-3,3,-68
1754122235.24746,-7,0,-68
1754122235.28546,-10,4,-56
1754122235.32446,-4,1,-57
1754122235.36046,-3,-1,-66
1754122235.39846,-3,0,-69
1754122235.4374602,0,-10,-59
1754122235.47546,3,-5,-58
1754122235.5134602,3,-2,-60
1754122235.55046,0,0,-60
1754122235.58746,-3,1,-65
1754122235.62546,0,-1,-57
1754122235.6644602,0,-1,-57
1754122235.7004602,3,-3,-66
1754122235.73846,-5,-1,-66
1754122235.7764602,-7,-6,-69
1754122235.8154602,-5,2,-66
1754122235.85346,-4,-6,-63
1754122235.88946,-5,-2,-63
1754122235.9274602,-4,-1,-61
1754122235.96546,-1,-3,-61
1754122236.00446,0,0,-61
1754122236.04146,-1,-1,-63
1754122236.07846,-1,5,-63
1754122236.11646,0,-6,-58
1754122236.15546,0,-10,-62
1754122236.19346,0,0,-47
1754122236.22946,-3,1,-55
1754122236.26746,4,-3,-64
1754122236.30546,0,-5,-71
1754122236.34446,-9,2,-62
1754122236.38046,1,-3,-67
1754122236.41846,0,0,-69
1754122236.45646,0,-5,-66
1754122236.49546,2,-8,-62
1754122236.53146,-2,0,-64
1754122236.57046,-2,-2,-64
1754122236.60746,-2,1,-73
1754122236.64546,3,-4,-69
1754122236.6844602,0,-4,-69
1754122236.7204602,-1,-4,-70
1754122236.75846,-1,1,-63
1754122236.7964602,-1,4,-66
1754122236.8354602,0,5,-65
1754122236.8714602,-2,5,-61
1754122236.90846,-9,4,-73
1754122236.94646,-8,0,-75
1754122236.98546,-3,5,-64
1754122237.02146,-2,2,-58
1754122237.0594602,3,-1,-54
1754122237.09746,4,-3,-58
1754122237.13546,0,3,-65
1754122237.1744602,4,-4,-75
1754122237.2104602,0,-6,-58
1754122237.24846,6,-3,-72
1754122237.2864602,-3,3,-75
1754122237.3254602,-10,1,-70
1754122237.3614602,-10,5,-61
1754122237.39946,-6,-1,-64
1754122237.4374602,-3,-2,-57
1754122237.47646,-4,1,-47
1754122237.51446,-4,1,-57
1754122237.55046,-5,-3,-63
1754122237.5884602,3,-8,-71
1754122237.62646,-2,-3,-61
1754122237.66546,1,3,-67
1754122237.70146,0,0,-67
1754122237.73946,-3,3,-63
1754122237.77746,-2,2,-60
1754122237.81646,-4,3,-59
1754122237.85446,-5,-1,-58
1754122237.89046,-5,-2,-70
1754122237.92846,0,-7,-63
1754122237.96646,5,4,-64
1754122238.00546,0,10,-69
1754122238.04146,0,5,-75
1754122238.07846,-2,5,-61
1754122238.11646,-1,0,-56
1754122238.15546,-1,-5,-63
1754122238.19146,0,-5,-60
1754122238.22946,-6,4,-69
1754122238.26746,0,5,-58
1754122238.30646,-2,2,-64
1754122238.34446,-2,0,-66
1754122238.38046,-3,-3,-52
1754122238.41846,0,4,-60
1754122238.45646,0,7,-51
1754122238.49546,0,0,-60
1754122238.53146,0,-1,-60
1754122238.56846,2,1,-61
1754122238.60646,-2,-4,-54
1754122238.64546,0,-1,-59
1754122238.68146,0,2,-62
1754122238.7204602,5,9,-64
1754122238.75746,0,2,-64
1754122238.7964602,-2,6,-61
1754122238.8324602,-1,-2,-68
1754122238.87046,-5,0,-66
1754122238.90846,3,-6,-59
1754122238.94646,-2,-1,-54
1754122238.98546,1,-5,-60
1754122239.02146,-1,0,-74
1754122239.0594602,-8,-7,-74
1754122239.09746,-6,-4,-62
1754122239.13646,0,0,-57
1754122239.17246,9,1,-52
1754122239.20946,4,3,-67
1754122239.24746,0,0,-67
1754122239.2864602,0,-2,-62
1754122239.3224602,-6,-3,-74
1754122239.36046,0,-1,-75
1754122239.39946,1,-3,-67
1754122239.43646,0,-7,-65
1754122239.47546,-4,2,-61
1754122239.51146,-4,2,-65
1754122239.5494602,4,2,-64
1754122239.58646,7,3,-64
1754122239.62546,4,-5,-65
1754122239.6614602,-3,0,-75
1754122239.69946,3,-1,-57
1754122239.73746,5,2,-59
1754122239.77546,-2,0,-69
1754122239.81146,0,0,-62
1754122239.84946,0,2,-67
1754122239.88746,-5,1,-72
1754122239.92546,2,0,-71
1754122239.96146,-1,3,-67
1754122239.99946,-6,7,-73
1754122240.03746,0,0,-66
1754122240.07646,-4,1,-65
1754122240.11246,2,3,-62
1754122240.15046,-1,-1,-60
1754122240.18946,-8,0,-57
1754122240.22746,-5,0,-63
1754122240.26546,-1,-2,-67
1754122240.30146,-4,1,-65
1754122240.34046,-3,-2,-66
1754122240.38546,1,-2,-67
1754122240.4214602,1,5,-81
1754122240.45946,-2,0,-66
1754122240.49746,2,-5,-63
1754122240.5364602,-2,-2,-64
1754122240.5724602,-3,-1,-54
1754122240.61046,0,-2,-54
1754122240.64846,7,0,-68
1754122240.6874602,2,-3,-76
1754122240.72546,-1,-5,-72
1754122240.76146,-1,-4,-73
1754122240.7994602,-3,-4,-63
1754122240.83746,-2,-6,-73
1754122240.87646,-3,-1,-67
1754122240.91246,0,3,-62
1754122240.94946,1,0,-64
1754122240.98746,2,-2,-61
1754122241.0264602,7,-7,-62
1754122241.0624602,4,0,-57
1754122241.09946,2,7,-58
1754122241.13746,0,-3,-63
1754122241.17646,-2,-1,-62
1754122241.21246,-3,-5,-66
1754122241.25046,0,-2,-60
1754122241.28846,-2,3,-61
1754122241.32746,0,-1,-61
1754122241.36346,0,-2,-65
1754122241.4014602,-5,0,-60
1754122241.4404602,-4,0,-73
1754122241.47746,-6,-3,-61
1754122241.5164602,-4,-4,-48
1754122241.5524602,-2,-4,-53
1754122241.59046,-9,-8,-65
1754122241.6284602,-9,-7,-69
1754122241.6674602,0,-3,-66
1754122241.70346,-1,0,-79
1754122241.74146,2,0,-72
1754122241.7794602,0,-7,-69
1754122241.81746,6,-5,-63
1754122241.85646,3,0,-56
1754122241.89246,3,-8,-60
1754122241.93146,1,-4,-63
1754122241.96846,-2,-5,-60
1754122242.00746,-2,0,-69
1754122242.04346,5,0,-68
1754122242.08146,8,-2,-61
1754122242.1184602,5,-1,-70
1754122242.1574602,3,-3,-62
1754122242.19346,0,-4,-59
1754122242.23146,2,-4,-53
1754122242.2694602,-4,-1,-65
1754122242.30846,-9,-2,-63
1754122242.34646,-9,0,-60
1754122242.38246,-9,1,-64
1754122242.42046,1,0,-63
1754122242.45846,1,0,-58
1754122242.49746,6,2,-60
1754122242.53346,0,4,-57
1754122242.57046,0,0,-62
1754122242.6084602,5,4,-57
1754122242.64746,-2,0,-65
1754122242.68346,-8,-3,-64
1754122242.72146,-1,1,-67
1754122242.7594602,-9,0,-64
1754122242.79846,-2,-2,-58
1754122242.83646,0,-1,-61
1754122242.87246,-5,-1,-60
1754122242.91046,2,-10,-58
1754122242.94946,0,-7,-54
1754122242.98746,3,0,-66
1754122243.02346,-5,0,-61
1754122243.06146,-3,9,-71
1754122243.09946,-1,3,-65
1754122243.1384602,0,-3,-64
1754122243.17646,0,4,-61
1754122243.21246,-1,-1,-63
1754122243.25046,-1,0,-59
1754122243.2894602,3,-6,-56
1754122243.32746,1,-2,-55
1754122243.36346,1,1,-59
1754122243.4014602,8,-1,-63
1754122243.4404602,2,-1,-61
1754122243.47846,-1,-4,-61
1754122243.51446,0,-3,-55
1754122243.55346,4,6,-65
1754122243.59046,0,-1,-53
1754122243.6284602,5,2,-61
1754122243.6674602,3,-4,-62
1754122243.70346,-5,1,-72
1754122243.74146,-4,0,-71
1754122243.7794602,6,0,-65
1754122243.81846,-5,0,-61
1754122243.85446,-6,-1,-63
1754122243.89246,3,-2,-67
1754122243.93046,-4,1,-72
1754122243.96846,0,0,-67
1754122244.00746,1,0,-64
1754122244.04346,6,-2,-61
1754122244.08146,4,-5,-69
1754122244.1184602,6,-3,-57
1754122244.1574602,3,0,-64
1754122244.19346,1,2,-64
1754122244.23146,3,1,-67
1754122244.2694602,6,-3,-78
1754122244.30746,0,4,-69
1754122244.34346,0,6,-65
1754122244.38046,5,5,-74
1754122244.41946,0,-1,-69
1754122244.4574602,-6,0,-61
1754122244.4934602,-4,-2,-64
1754122244.53146,-2,-3,-67
1754122244.5694602,1,0,-63
1754122244.6084602,6,-3,-69
1754122244.6444602,8,0,-65
1754122244.68246,6,0,-58
1754122244.7204602,4,0,-56
1754122244.7594602,-3,5,-66
1754122244.79746,-2,0,-63
1754122244.83346,-8,-1,-64
1754122244.87246,-1,0,-60
1754122244.91046,0,0,-54
1754122244.94846,-1,0,-60
1754122244.98446,8,2,-62
1754122245.02246,15,-2,-60
1754122245.06046,1,0,-42
1754122245.09946,-3,0,-48
1754122245.13746,-8,-1,-57
1754122245.17346,-2,3,-55
1754122245.21146,-5,7,-74
1754122245.24946,-4,2,-66
1754122245.28846,-1,3,-61
1754122245.32446,-3,9,-60
1754122245.3614602,-12,-3,-60
1754122245.39946,-5,1,-59
1754122245.43846,0,-7,-59
1754122245.47446,-5,-2,-53
1754122245.51246,1,-3,-59
1754122245.55046,0,-3,-61
1754122245.58946,-6,-5,-71
1754122245.62746,-10,5,-71
1754122245.66346,-2,1,-62
1754122245.70146,-4,1,-53
1754122245.73946,2,2,-58
1754122245.77846,5,2,-63
1754122245.81446,1,1,-63
1754122245.85146,-2,0,-64
1754122245.88946,0,5,-61
1754122245.92846,2,0,-58
1754122245.96446,0,-7,-58
1754122246.0034602,0,-2,-63
1754122246.04046,-6,2,-63
1754122246.07946,0,-8,-59
1754122246.1154602,4,1,-68
1754122246.15346,5,-1,-62
1754122246.19146,-3,-1,-73
1754122246.22946,1,-2,-65
1754122246.26846,-6,5,-59
1754122246.30446,-6,1,-64
1754122246.3424602,-5,-4,-61
1754122246.38046,-6,0,-51
1754122246.41946,-5,0,-68
1754122246.45546,0,6,-70
1754122246.49446,-4,-2,-69
1754122246.53146,-1,2,-64
1754122246.5694602,1,-7,-51
1754122246.6084602,-5,-5,-66
1754122246.6444602,0,-2,-62
1754122246.68246,-4,-9,-67
1754122246.7204602,-8,-6,-65
1754122246.7594602,-6,-4,-71
1754122246.79546,-5,-5,-65
1754122246.83346,-5,-12,-63
1754122246.8714602,0,-4,-59
1754122246.91046,1,-2,-59
1754122246.94846,3,-4,-62
1754122246.98446,-3,0,-65
1754122247.02246,0,-1,-62
1754122247.06046,7,-1,-52
1754122247.09946,7,0,-69
1754122247.13546,0,1,-52
1754122247.17246,2,-1,-62
1754122247.2104602,-8,0,-52
1754122247.24946,1,1,-59
1754122247.28546,2,0,-57
1754122247.3224602,-2,0,-62
1754122247.36046,2,-2,-54
1754122247.39946,1,-1,-63
1754122247.43546,-5,2,-71
1754122247.4734602,2,2,-68
1754122247.51146,3,0,-65
1754122247.55046,-5,-4,-68
1754122247.5884602,-1,0,-59
1754122247.62446,-6,-1,-50
1754122247.66246,-11,-5,-65
1754122247.7004602,-2,0,-75
1754122247.73946,2,-7,-72
1754122247.77546,0,-7,-66
1754122247.81346,-7,-3,-58
1754122247.85146,9,-3,-68
1754122247.89046,6,-2,-63
1754122247.92646,4,-1,-55
1754122247.96446,0,-3,-69
1754122248.0034602,2,-6,-59
1754122248.04046,4,-3,-57
1754122248.07946,15,2,-61
1754122248.1154602,5,-6,-55
1754122248.15346,1,-5,-51
1754122248.19146,6,-6,-64
1754122248.2304602,5,-7,-59
1754122248.2664602,0,-3,-63
1754122248.30346,1,-5,-65
1754122248.34146,-2,-3,-57
1754122248.38046,-1,6,-66
1754122248.41646,-1,2,-68
1754122248.45446,-7,0,-66
1754122248.49246,-2,-4,-69
1754122248.53046,-1,-2,-73
1754122248.5694602,-1,0,-63
1754122248.60646,2,1,-66
1754122248.6444602,-6,-2,-62
1754122248.68146,-6,-4,-65
1754122248.7204602,-5,-2,-60
1754122248.7564602,-2,2,-54
1754122248.79446,0,-3,-57
1754122248.83346,-5,-4,-61
1754122248.8714602,4,2,-61
1754122248.90946,6,0,-53
1754122248.94546,6,4,-60
1754122248.9834602,0,-3,-63
1754122249.02146,-5,-1,-60
1754122249.06046,-2,-7,-70
1754122249.09646,3,-10,-64
1754122249.1344602,-7,-3,-49
1754122249.17246,-4,-3,-50
1754122249.21146,-5,-1,-67
1754122249.24946,-2,-1,-67
1754122249.28546,-1,0,-68
1754122249.32446,-5,0,-67
1754122249.3614602,0,-4,-66
1754122249.40046,-1,-3,-76
1754122249.43646,-12,-5,-62
1754122249.47446,-4,0,-58
1754122249.51246,4,1,-65
1754122249.55146,0,-4,-69
1754122249.58946,0,-6,-73
1754122249.62546,7,0,-70
1754122249.66346,1,4,-52
1754122249.70146,2,-5,-55
1754122249.7404602,4,-1,-66
1754122249.7764602,-5,0,-61
1754122249.81446,-3,0,-68
1754122249.85246,2,-6,-69
1754122249.8914602,-4,-7,-65
1754122249.92946,-5,-5,-69
1754122249.96546,4,-11,-77
1754122250.0034602,4,-1,-60
1754122250.04146,-2,2,-59
1754122250.08046,-1,4,-63
1754122250.11646,-2,6,-54
1754122250.1544602,-9,0,-72
1754122250.19246,-4,-4,-69
1754122250.23146,-4,-3,-61
1754122250.26746,-5,-2,-67
1754122250.30546,0,-5,-68
1754122250.34346,0,-9,-71
1754122250.38746,-2,-8,-73
1754122250.42546,3,-5,-64
1754122250.4634602,6,-1,-59
1754122250.50146,1,0,-49
1754122250.54046,-2,3,-66
1754122250.57646,0,-2,-70
1754122250.6154602,-3,-4,-64
1754122250.65246,-2,-1,-59
1754122250.69146,0,-2,-70
1754122250.72746,0,-5,-63
1754122250.76546,0,-1,-68
1754122250.80346,2,1,-64
1754122250.84146,7,-8,-65
1754122250.88046,0,-4,-61
1754122250.91646,-5,0,-60
1754122250.95446,-1,0,-57
1754122250.99246,1,4,-69
1754122251.03146,-3,1,-57
1754122251.06746,-4,2,-56
1754122251.1054602,0,5,-56
1754122251.14346,7,4,-55
1754122251.18246,5,0,-61
1754122251.2204602,0,-5,-55
1754122251.2564602,-2,-8,-63
1754122251.29446,-3,-3,-55
1754122251.3324602,-11,-5,-49
1754122251.3714602,-8,-5,-52
1754122251.4074602,-6,-3,-55
1754122251.44546,-4,-6,-61
1754122251.4834602,-2,-6,-65
1754122251.52246,-4,-11,-63
1754122251.56046,-2,-1,-66
1754122251.59646,-1,-5,-67
1754122251.6344602,6,0,-72
1754122251.67246,0,1,-64
1754122251.71146,1,-1,-68
1754122251.74746,6,0,-64
1754122251.78446,-6,5,-61
1754122251.8224602,-13,0,-56
1754122251.8614602,-4,0,-58
1754122251.89746,-5,-2,-65
1754122251.93546,-3,0,-71
1754122251.9734602,-5,1,-76
1754122252.01246,0,-4,-77
1754122252.05046,-2,-3,-64
1754122252.08646,5,-7,-69
1754122252.12546,0,-4,-56
1754122252.16246,-4,0,-60
1754122252.20146,3,-3,-65
1754122252.23746,0,0,-60
1754122252.27546,-1,0,-60
1754122252.3124602,0,-3,-68
1754122252.35146,-1,0,-53
1754122252.38746,3,-7,-57
1754122252.42546,4,-3,-74
1754122252.4634602,0,-6,-63
1754122252.50246,-1,-3,-67
1754122252.53846,3,-3,-74
1754122252.57646,1,-2,-63
1754122252.61446,-4,-2,-62
1754122252.65246,-2,-1,-62
1754122252.69146,-1,0,-68
1754122252.72746,-3,2,-77
1754122252.76446,-7,-5,-81
1754122252.8024602,-9,-5,-65
1754122252.84146,-7,-3,-69
1754122252.87746,-1,3,-58
1754122252.9144602,0,2,-65
1754122252.95246,1,-3,-58
1754122252.99146,2,1,-72
1754122253.02746,3,7,-61
1754122253.0654602,-1,-3,-62
1754122253.10446,0,1,-70
1754122253.14246,7,2,-63
1754122253.17846,5,-1,-64
1754122253.2174602,0,1,-62
1754122253.25446,2,2,-46
1754122253.2924602,1,-2,-49
1754122253.33146,0,0,-56
1754122253.36746,-3,2,-66
1754122253.40546,-5,-8,-63
1754122253.44346,-4,-2,-56
1754122253.48246,2,0,-65
1754122253.51846,-2,-3,-69
1754122253.55646,-4,-11,-64
1754122253.59446,-2,-8,-61
1754122253.63346,1,-1,-59
1754122253.6714602,-1,-4,-61
1754122253.7074602,2,-6,-58
1754122253.74546,-7,0,-70
1754122253.78446,-3,-4,-76
1754122253.8224602,-6,-1,-61
1754122253.8584602,2,-2,-57
1754122253.89646,0,-2,-57
1754122253.9344602,2,0,-58
1754122253.9734602,1,-2,-66
1754122254.01146,0,-2,-65
1754122254.04746,-6,-3,-66
1754122254.0854602,-2,-2,-65
1754122254.12446,1,0,-60
1754122254.16246,9,0,-67
1754122254.19846,4,0,-54
1754122254.2364602,-4,-4,-62
1754122254.27446,-3,-1,-61
1754122254.31346,-6,-3,-67
1754122254.35146,-6,-1,-71
1754122254.38746,-4,1,-71
1754122254.4244602,0,0,-70
1754122254.4634602,4,0,-63
1754122254.50146,2,0,-68
1754122254.53746,9,1,-64
1754122254.57446,-7,-4,-65
1754122254.61346,-4,-2,-57
1754122254.6514602,1,0,-57
1754122254.6874602,2,2,-56
1754122254.72446,0,1,-64
1754122254.7634602,3,-2,-63
1754122254.7994602,-6,2,-61
1754122254.8384602,0,3,-68
1754122254.87546,1,-7,-64
1754122254.91346,1,0,-70
1754122254.95246,4,3,-73
1754122254.98846,1,0,-60
1754122255.02546,0,0,-65
1754122255.06346,0,0,-66
1754122255.10246,-2,1,-66
1754122255.1384602,-3,1,-76
1754122255.17546,-1,-7,-66
1754122255.2134602,-1,0,-65
1754122255.25246,5,-3,-64
1754122255.28846,-1,3,-65
1754122255.3254602,0,5,-62
1754122255.36346,0,0,-67
1754122255.40246,1,-1,-64
1754122255.43846,-1,2,-62
1754122255.47746,-1,-1,-64
1754122255.51446,-8,-1,-76
1754122255.55346,-2,-12,-72
1754122255.58946,-6,-5,-69
1754122255.62746,-4,0,-82
1754122255.66546,-4,0,-62
1754122255.70346,0,4,-65
1754122255.74246,0,-1,-62
1754122255.77846,-2,0,-61
1754122255.81646,0,4,-59
1754122255.8554602,0,5,-68
1754122255.89346,-4,3,-68
1754122255.92946,0,-1,-70
1754122255.96846,4,-2,-72
1754122256.00546,1,4,-59
1754122256.04446,-1,7,-67
1754122256.0824602,-9,0,-69
1754122256.1184602,-3,1,-64
1754122256.15646,2,2,-67
1754122256.1944602,-5,4,-69
1754122256.2334602,-1,3,-64
1754122256.2694602,3,-1,-62
1754122256.30746,-2,-6,-70
1754122256.3454602,-2,-8,-66
1754122256.3844602,3,2,-58
1754122256.42246,0,-3,-67
1754122256.45846,5,-3,-61
1754122256.4964602,5,3,-53
1754122256.53546,2,2,-67
1754122256.57346,1,4,-67
1754122256.60946,2,3,-63
1754122256.64646,4,0,-62
1754122256.68546,-3,0,-68
1754122256.7234602,1,2,-64
1754122256.7594602,-2,-6,-63
1754122256.79746,-1,-3,-63
1754122256.8354602,-3,-5,-70
1754122256.87446,0,-4,-59
1754122256.91246,8,-4,-52
1754122256.94846,-2,-6,-66
1754122256.9864602,2,-8,-59
1754122257.02446,1,2,-57
1754122257.06346,4,0,-74
1754122257.09946,-3,-2,-56
1754122257.13746,-6,-7,-60
1754122257.17646,1,-7,-52
1754122257.21446,4,1,-61
1754122257.25046,5,-2,-61
1754122257.28846,1,0,-63
1754122257.32646,-2,0,-57
1754122257.36446,-1,0,-67
1754122257.40346,2,-2,-64
1754122257.43946,-3,3,-59
1754122257.47746,-2,2,-59
1754122257.51546,-2,0,-52
1754122257.55446,-10,-2,-57
1754122257.59046,-6,-4,-54
1754122257.6284602,1,1,-65
1754122257.66646,6,0,-62
1754122257.70546,0,0,-63
1754122257.7434602,6,-3,-65
1754122257.7794602,1,0,-62
1754122257.81646,2,-2,-65
1754122257.85446,3,-3,-78
1754122257.89346,0,-6,-67
1754122257.92946,2,-7,-68
1754122257.96846,0,-2,-54
1754122258.00546,3,0,-53
1754122258.04446,-2,-1,-53
1754122258.08046,2,-3,-67
1754122258.11746,1,3,-58
1754122258.15546,1,0,-63
1754122258.1944602,4,4,-60
1754122258.2304602,4,2,-66
1754122258.26846,6,-3,-58
1754122258.30546,-3,-1,-63
1754122258.34446,-3,2,-66
1754122258.38046,-4,3,-55
1754122258.41846,2,1,-63
1754122258.45546,-1,0,-71
1754122258.49446,1,-2,-54
1754122258.53046,-4,2,-56
1754122258.56846,0,-4,-59
1754122258.6054602,-2,2,-59
1754122258.6444602,-2,-1,-56
1754122258.68046,-10,0,-55
1754122258.71846,-4,5,-76
1754122258.75546,1,8,-76
1754122258.79446,2,0,-64
1754122258.83046,-10,-3,-74
1754122258.8684602,0,-1,-59
1754122258.90646,2,5,-65
1754122258.94546,6,5,-56
1754122258.9834602,8,-1,-58
1754122259.0194602,6,1,-63
1754122259.05646,-6,-2,-60
1754122259.0954602,1,-3,-58
1754122259.13346,-5,-1,-64
1754122259.16946,0,0,-67
1754122259.20646,-6,-4,-67
1754122259.24546,2,1,-56
1754122259.28346,6,0,-68
1754122259.3194602,4,0,-67
1754122259.35646,0,-7,-62
1754122259.39546,3,-3,-62
1754122259.43146,1,-2,-56
1754122259.46946,-4,-8,-48
1754122259.50746,-1,-4,-50
1754122259.5464602,-5,1,-51
1754122259.58446,-4,-2,-55
1754122259.62046,-3,0,-73
1754122259.65946,-5,-3,-66
1754122259.69646,0,-2,-62
1754122259.73546,0,2,-65
1754122259.77146,6,5,-62
1754122259.80846,2,2,-64
1754122259.84646,8,0,-69
1754122259.88546,-2,0,-70
1754122259.9214602,3,0,-75
1754122259.95946,0,-1,-67
1754122259.9964602,-1,1,-69
1754122260.03546,1,0,-60
1754122260.07146,1,3,-60
1754122260.10946,-3,0,-67
1754122260.14646,1,-2,-63
1754122260.18546,3,1,-73
1754122260.22146,4,0,-57
1754122260.2594602,0,-5,-52
1754122260.2964602,0,-3,-54
1754122260.3354602,1,-6,-68
1754122260.3714602,4,-13,-61
1754122260.4174602,0,-4,-61
1754122260.45546,-1,0,-67
1754122260.49246,2,0,-68
1754122260.5294602,-4,-3,-58
1754122260.56746,-3,-7,-64
1754122260.60646,3,-1,-62
1754122260.6444602,5,-1,-56
1754122260.68046,2,-4,-63
1754122260.71846,-4,0,-56
1754122260.7564602,0,0,-59
1754122260.79546,3,0,-58
1754122260.83146,-6,-4,-71
1754122260.86946,-7,-6,-75
1754122260.9074602,-6,-2,-67
1754122260.94646,-8,-1,-66
1754122260.98446,0,2,-61
1754122261.02046,2,0,-70
1754122261.05746,-3,-5,-73
1754122261.09646,0,-5,-65
1754122261.1344602,-7,2,-53
1754122261.17046,-9,7,-64
1754122261.20846,-1,7,-70
1754122261.2464602,-1,3,-67
1754122261.28546,0,-1,-64
1754122261.32146,0,3,-66
1754122261.3584602,1,3,-55
1754122261.39646,3,4,-70
1754122261.43546,6,-2,-69
1754122261.47146,-5,0,-62
1754122261.5094602,-4,-3,-64
1754122261.54746,-4,-8,-61
1754122261.58646,5,-2,-62
1754122261.62446,-4,-9,-72
1754122261.66046,-3,-2,-72
1754122261.69846,0,-2,-69
1754122261.7364602,-1,0,-58
1754122261.77546,-2,-2,-72
1754122261.81146,4,0,-63
1754122261.8484602,6,-5,-55
1754122261.88646,6,-1,-66
1754122261.92546,3,6,-65
1754122261.96146,1,-1,-75
1754122261.99946,-1,1,-69
1754122262.03746,-2,0,-76
1754122262.07646,-5,-5,-71
1754122262.11246,0,-1,-56
1754122262.15046,-5,0,-58
1754122262.18846,-9,0,-65
1754122262.22646,4,-5,-60
1754122262.26546,-6,-1,-62
1754122262.30146,-4,1,-61
1754122262.3384602,-8,7,-64
1754122262.37646,0,0,-74
1754122262.41546,4,9,-70
1754122262.45146,-4,3,-63
1754122262.48946,0,-2,-61
1754122262.52846,6,-2,-64
1754122262.56646,1,2,-60
1754122262.60246,3,0,-54
1754122262.6414602,0,0,-62
1754122262.67846,1,2,-56
1754122262.7174602,3,-1,-65
1754122262.75546,4,-6,-64
1754122262.79146,0,0,-61
1754122262.82846,0,-6,-62
1754122262.86746,-3,-3,-57
1754122262.90546,3,1,-59
1754122262.94146,-3,-2,-55
1754122262.97946,-3,0,-65
1754122263.01746,-1,-6,-61
1754122263.05646,-3,-8,-65
1754122263.0924602,-4,-3,-65
1754122263.13046,0,0,-64
1754122263.16846,-6,-2,-64
1754122263.2074602,-4,1,-51
1754122263.24546,-1,0,-59
1754122263.28146,-10,3,-71
1754122263.3194602,-6,10,-52
1754122263.35746,-4,1,-50
1754122263.39646,3,-4,-60
1754122263.43246,0,-7,-73
1754122263.4704602,0,-6,-63
1754122263.50846,-2,-8,-68
1754122263.54746,0,-5,-67
1754122263.5854602,0,4,-69
1754122263.6214602,-5,4,-64
1754122263.65946,-5,4,-59
1754122263.6974602,-3,0,-55
1754122263.7364602,4,-5,-64
1754122263.77246,0,0,-70
1754122263.8094602,3,-2,-72
1754122263.8484602,-1,1,-67
1754122263.88646,-7,1,-65
1754122263.92246,-4,-4,-72
1754122263.96146,-4,-4,-72
1754122263.99846,0,-2,-53
1754122264.03746,-2,-8,-61
1754122264.07346,2,-9,-62
1754122264.1114602,-3,-1,-68
1754122264.14946,2,-1,-79
1754122264.1874602,0,2,-78
1754122264.22646,2,2,-65
1754122264.26246,-5,-1,-60
1754122264.30046,1,0,-65
1754122264.3384602,6,-1,-68
1754122264.37746,-1,0,-72
1754122264.41346,-1,0,-65
1754122264.45146,-4,-2,-77
1754122264.48946,1,7,-81
1754122264.52746,2,1,-71
1754122264.56646,0,2,-66
1754122264.60246,0,-2,-62
1754122264.64046,0,0,-56
1754122264.67846,3,-2,-65
1754122264.7174602,6,-3,-63
1754122264.7534602,-1,-3,-54
1754122264.79146,3,-4,-64
1754122264.82946,4,-2,-82
1754122264.86746,6,-6,-71
1754122264.90646,0,-2,-67
1754122264.94246,4,-6,-67
1754122264.9804602,2,-6,-61
1754122265.0194602,2,-2,-61
1754122265.05746,2,-3,-67
1754122265.09346,6,0,-60
1754122265.13046,1,-5,-63
1754122265.16946,-2,0,-68
1754122265.2074602,-8,-1,-68
1754122265.2434602,-8,4,-71
1754122265.28146,-8,-3,-58
1754122265.3194602,-6,-4,-57
1754122265.3584602,2,-5,-56
1754122265.39646,2,0,-61
1754122265.43246,2,-3,-55
1754122265.4704602,-1,0,-65
1754122265.50846,-7,2,-60
1754122265.54746,0,0,-65
1754122265.58346,2,-1,-69
1754122265.6214602,-1,0,-72
1754122265.66046,0,-1,-65
1754122265.69846,-3,0,-68
1754122265.7364602,-4,6,-66
1754122265.77246,-3,1,-73
1754122265.81046,-1,-7,-71
1754122265.8484602,-4,-1,-68
1754122265.88746,-1,1,-71
1754122265.92346,2,3,-67
1754122265.9604602,4,3,-82
1754122265.99846,-2,-5,-82
1754122266.03746,4,1,-59
1754122266.07346,0,5,-73
1754122266.11046,0,0,-70
1754122266.14846,0,-7,-64
1754122266.1874602,2,2,-68
1754122266.2234602,3,8,-57
1754122266.26046,-4,-3,-59
1754122266.29846,0,0,-72
1754122266.33746,-3,2,-73
1754122266.37346,2,-2,-61
1754122266.4114602,0,-4,-69
1754122266.44946,0,-1,-67
1754122266.48846,0,-1,-59
1754122266.52446,0,-3,-63
1754122266.5624602,3,0,-61
1754122266.60046,-2,0,-65
1754122266.63946,-5,1,-57
1754122266.6774602,-5,0,-71
1754122266.7134602,-5,0,-71
1754122266.75246,-13,-1,-64
1754122266.7894602,-1,1,-65
1754122266.82846,4,4,-76
1754122266.8654602,3,4,-77
1754122266.90246,5,0,-72
1754122266.9404602,4,-2,-81
1754122266.97846,4,3,-79
1754122267.01746,0,4,-61
1754122267.05346,0,5,-49
1754122267.09046,0,-3,-62
1754122267.1284602,0,0,-51
1754122267.1674602,-6,0,-51
1754122267.20346,-4,-2,-55
1754122267.24146,-8,0,-52
1754122267.2794602,-2,-4,-50
1754122267.31846,0,-4,-60
1754122267.35446,5,0,-59
1754122267.39246,-3,0,-72
1754122267.43146,-6,3,-66
1754122267.46946,-8,5,-63
1754122267.50746,-1,2,-61
1754122267.54346,1,0,-52
1754122267.58146,-5,-1,-73
1754122267.61946,-10,0,-68
1754122267.6574602,3,3,-67
1754122267.69346,1,-1,-65
1754122267.73146,2,1,-53
1754122267.7694602,0,0,-60
1754122267.80846,-6,2,-64
1754122267.84446,-2,2,-56
1754122267.88246,0,5,-61
1754122267.92046,-4,0,-66
1754122267.95946,-1,0,-56
1754122267.99746,-3,-2,-66
1754122268.03446,1,1,-73
1754122268.0724602,2,1,-60
1754122268.10946,0,-1,-48
1754122268.14846,-12,-9,-58
1754122268.1844602,-2,-3,-61
1754122268.22246,-3,-2,-47
1754122268.26046,-7,-6,-66
1754122268.2994602,-3,-5,-68
1754122268.33746,3,-1,-60
1754122268.37346,2,-2,-64
1754122268.4114602,0,-5,-70
1754122268.44946,2,1,-65
1754122268.48846,4,4,-67
1754122268.52446,-2,7,-68
1754122268.5624602,2,2,-66
1754122268.60146,2,-1,-47
1754122268.63946,-6,-6,-64
1754122268.67546,1,0,-63
1754122268.71446,0,3,-65
1754122268.75146,-1,-6,-56
1754122268.7894602,0,0,-59
1754122268.82846,2,0,-59
1754122268.86446,1,-2,-62
1754122268.90246,-2,0,-70
1754122268.9404602,0,1,-70
1754122268.97946,-5,1,-69
1754122269.01546,-2,0,-64
1754122269.05446,-3,-2,-68
1754122269.0924602,0,-5,-62
1754122269.12946,3,0,-67
1754122269.16846,1,-3,-66
1754122269.20446,-8,-5,-70
1754122269.24246,-7,-4,-65
1754122269.28146,-1,-9,-72
1754122269.3194602,-6,0,-66
1754122269.3554602,-3,2,-73
1754122269.39346,-6,0,-67
1754122269.43146,4,-7,-71
1754122269.46946,1,2,-65
1754122269.50846,2,-2,-75
1754122269.54446,1,-2,-68
1754122269.58146,2,-2,-46
1754122269.62046,0,3,-71
1754122269.65846,-10,0,-61
1754122269.6944602,-10,3,-65
1754122269.73246,-3,-1,-58
1754122269.77046,0,4,-58
1754122269.8094602,6,0,-72
1754122269.8454602,1,1,-58
1754122269.8844602,-7,-1,-60
1754122269.92246,0,-1,-60
1754122269.9604602,-2,0,-68
1754122269.99846,1,3,-62
1754122270.03446,0,1,-64
1754122270.0724602,0,1,-67
1754122270.11046,5,0,-66
1754122270.14846,-1,0,-69
1754122270.1844602,0,-3,-66
1754122270.22246,-1,0,-57
1754122270.26046,0,-2,-57
1754122270.2994602,-3,-5,-62
1754122270.3354602,-2,1,-57
1754122270.37346,-6,-3,-64
1754122270.41946,-3,0,-63
1754122270.45546,1,0,-55
1754122270.49246,7,-4,-63
1754122270.53046,0,-8,-58
1754122270.5694602,4,-7,-65
1754122270.6054602,5,-2,-69
1754122270.64246,4,2,-73
1754122270.68046,1,-5,-69
1754122270.71946,1,-4,-67
1754122270.75546,-1,-1,-67
1754122270.79346,2,-3,-67
1754122270.83146,2,-1,-64
1754122270.87046,-3,1,-63
1754122270.90846,-1,0,-62
1754122270.9444602,-1,-3,-53
1754122270.98246,6,-3,-51
1754122271.02046,10,-3,-62
1754122271.0594602,6,3,-61
1754122271.0954602,0,3,-68
1754122271.13246,-1,3,-63
1754122271.17046,1,1,-61
1754122271.20646,2,4,-65
1754122271.24446,-3,5,-71
1754122271.2824602,-4,3,-59
1754122271.32046,2,2,-61
1754122271.35946,0,-4,-58
1754122271.39546,0,1,-69
1754122271.43246,0,2,-72
1754122271.4704602,1,-4,-73
1754122271.5094602,0,0,-65
1754122271.54546,2,2,-66
1754122271.5824602,-10,5,-65
1754122271.6214602,6,1,-73
1754122271.65946,10,0,-59
1754122271.69546,5,-1,-64
1754122271.73446,3,0,-71
1754122271.77146,1,4,-53
1754122271.81046,8,8,-61
1754122271.84746,6,0,-69
1754122271.8844602,1,3,-72
1754122271.92246,2,-2,-64
1754122271.96146,0,0,-62
1754122271.99946,1,-3,-57
1754122272.03546,0,2,-68
1754122272.0724602,-3,-3,-68
1754122272.1114602,2,-3,-79
1754122272.14946,-7,-5,-67
1754122272.18546,-2,0,-68
1754122272.2234602,-2,0,-61
1754122272.26246,2,0,-66
1754122272.30046,-2,3,-66
1754122272.33646,-3,3,-70
1754122272.37446,-1,-5,-71
1754122272.41246,0,-2,-69
1754122272.45146,6,4,-66
1754122272.48946,11,1,-59
1754122272.52546,0,2,-66
1754122272.56346,-6,0,-63
1754122272.60146,2,2,-62
1754122272.64046,0,-2,-62
1754122272.67646,-1,-4,-68
1754122272.71446,0,0,-66
1754122272.75246,-5,-2,-63
1754122272.79146,4,4,-64
1754122272.82946,0,5,-64
1754122272.8654602,1,0,-54
1754122272.9044602,9,0,-56
1754122272.94146,-2,1,-56
1754122272.9804602,0,1,-61
1754122273.0164602,4,-1,-57
1754122273.05446,-1,6,-70
1754122273.09146,0,0,-62
1754122273.13046,0,8,-70
1754122273.16646,0,0,-67
1754122273.20346,-1,5,-58
1754122273.24146,-3,1,-52
1754122273.28046,3,-3,-56
1754122273.31646,-2,-2,-65
1754122273.3554602,-2,8,-52
1754122273.39246,2,1,-59
1754122273.43146,-5,-4,-65
1754122273.4674602,-4,0,-62
1754122273.50446,3,0,-62
1754122273.5424602,-6,7,-66
1754122273.58146,0,0,-69
1754122273.61746,-3,0,-64
1754122273.65546,-2,-1,-58
1754122273.69346,-6,3,-51
1754122273.73146,-8,-1,-66
1754122273.77046,-5,-1,-60
1754122273.80646,-2,0,-62
1754122273.84446,-5,-5,-59
1754122273.88246,5,2,-62
1754122273.9214602,6,0,-64
1754122273.9574602,4,5,-63
1754122273.99446,-1,1,-51
1754122274.0324602,-6,-2,-60
1754122274.07146,-10,1,-73
1754122274.10746,-4,-3,-66
1754122274.14546,-8,-3,-63
1754122274.18346,-6,2,-66
1754122274.22246,0,0,-67
1754122274.26046,1,0,-57
1754122274.2964602,-4,1,-71
1754122274.33446,-6,0,-58
1754122274.37246,-1,-4,-50
1754122274.4114602,-4,-4,-52
1754122274.4474602,-7,0,-69
1754122274.48446,-9,-11,-59
1754122274.52246,-1,0,-63
1754122274.56146,0,3,-68
1754122274.59746,0,-4,-61
1754122274.6344602,1,-7,-63
1754122274.67246,5,-3,-66
1754122274.71146,1,0,-70
1754122274.74746,3,1,-72
1754122274.78446,-2,-1,-69
1754122274.8224602,2,1,-77
1754122274.8614602,1,-2,-76
1754122274.89746,-1,0,-82
1754122274.9344602,-4,3,-69
1754122274.97246,-5,2,-59
1754122275.01146,-4,-2,-67
1754122275.04746,2,2,-64
1754122275.08446,1,2,-63
1754122275.12246,0,5,-63
1754122275.1614602,8,-2,-61
1754122275.1974602,4,0,-76
1754122275.23446,-1,4,-66
1754122275.27246,-2,0,-53
1754122275.31146,-11,2,-59
1754122275.34746,-8,-3,-64
1754122275.38546,-3,0,-66
1754122275.42346,0,0,-74
1754122275.46246,0,2,-62
1754122275.50046,2,-1,-62
1754122275.5364602,3,-5,-62
1754122275.5754602,0,-6,-64
1754122275.61246,7,-6,-64
1754122275.6514602,-1,-4,-61
1754122275.6874602,-1,1,-67
1754122275.72546,2,1,-66
1754122275.7634602,0,-1,-75
1754122275.8024602,-3,-6,-73
1754122275.8384602,-2,-4,-62
1754122275.87646,4,-2,-61
1754122275.9144602,5,1,-55
1754122275.95346,-2,1,-52
1754122275.99146,-1,-4,-65
1754122276.02746,-3,-2,-72
1754122276.0654602,0,-3,-61
1754122276.10346,-2,-1,-71
1754122276.14246,8,2,-66
1754122276.17846,3,3,-66
1754122276.21546,-4,0,-63
1754122276.2534602,1,-1,-67
1754122276.2924602,-1,0,-70
1754122276.32846,-5,0,-67
1754122276.36746,-12,0,-67
1754122276.4044602,-6,2,-67
1754122276.44346,-2,-2,-69
1754122276.48146,-1,-2,-61
1754122276.51746,1,0,-57
1754122276.55446,2,-8,-54
1754122276.59346,1,4,-54
1754122276.6314602,-8,7,-65
1754122276.6674602,-5,3,-66
1754122276.70546,-2,-2,-55
1754122276.7434602,-4,3,-60
1754122276.7824602,-3,1,-53
1754122276.81846,-5,0,-59
1754122276.85646,-8,3,-57
1754122276.89546,-2,-1,-64
1754122276.93346,1,0,-62
1754122276.97146,-5,1,-69
1754122277.00746,-1,0,-69
1754122277.04546,3,0,-61
1754122277.08346,2,0,-61
1754122277.1214602,0,0,-63
1754122277.1574602,-2,0,-69
1754122277.1944602,-2,-1,-71
1754122277.2334602,0,3,-63
1754122277.27146,-1,2,-70
1754122277.30746,0,-6,-71
1754122277.3454602,0,-9,-57
1754122277.38346,2,-5,-66
1754122277.4214602,5,-3,-60
1754122277.4574602,-5,-2,-62
1754122277.49546,-1,-4,-60
1754122277.53346,0,0,-67
1754122277.5724602,-3,5,-68
1754122277.6084602,-5,1,-68
1754122277.64546,-2,3,-50
1754122277.68346,3,0,-63
1754122277.72246,7,4,-57
1754122277.75846,2,1,-60
1754122277.79546,0,-3,-65
1754122277.83346,0,-5,-60
1754122277.87246,-4,-2,-66
1754122277.90846,-7,2,-75
1754122277.94646,-6,-6,-65
1754122277.98446,1,-2,-61
1754122278.02346,2,1,-60
1754122278.0594602,1,0,-59
1754122278.09646,-1,6,-76
1754122278.1344602,0,0,-78
1754122278.17346,0,-1,-69
1754122278.20946,2,-4,-62
1754122278.24746,-2,-8,-57
1754122278.28546,-4,-6,-51
1754122278.32346,1,-3,-59
1754122278.36246,-8,0,-67
1754122278.39846,-7,9,-64
1754122278.43646,2,3,-65
1754122278.47446,3,-4,-69
1754122278.5134602,4,-9,-73
1754122278.5494602,0,-4,-77
1754122278.5884602,-6,1,-80
1754122278.62546,-1,-3,-72
1754122278.6644602,3,-6,-61
1754122278.70246,2,1,-49
1754122278.73846,2,0,-54
1754122278.77546,-2,-1,-56
1754122278.81446,-6,-6,-60
1754122278.85246,-3,-6,-59
1754122278.8884602,0,-7,-61
1754122278.92546,1,-7,-60
1754122278.96446,0,-3,-64
1754122279.00246,3,-5,-60
1754122279.03846,0,-11,-61
1754122279.0754602,-1,-1,-59
1754122279.11446,4,-1,-59
1754122279.15246,6,-2,-73
1754122279.18846,4,-2,-68
1754122279.22646,3,-3,-63
1754122279.26446,5,0,-51
1754122279.30346,0,0,-67
1754122279.33946,2,-5,-56
1754122279.37746,4,-5,-60
1754122279.41546,0,0,-66
1754122279.45446,6,-2,-62
1754122279.49246,10,-1,-62
1754122279.52846,8,0,-64
1754122279.5654602,3,3,-62
1754122279.60446,-5,-7,-52
1754122279.64246,0,-4,-55
1754122279.67846,8,0,-53
1754122279.71546,0,1,-58
1754122279.75446,-7,-3,-52
1754122279.7924602,-5,3,-64
1754122279.82846,1,-2,-61
1754122279.86746,12,-2,-60
1754122279.90546,1,-4,-56
1754122279.94346,-1,-1,-58
1754122279.9804602,1,-3,-64
1754122280.01746,1,-2,-64
1754122280.05546,5,0,-61
1754122280.09446,-4,-5,-61
1754122280.13046,-4,-3,-61
1754122280.16846,0,-1,-68
1754122280.20646,-4,-1,-60
1754122280.24446,-1,-5,-57
1754122280.28346,5,-4,-56
1754122280.3194602,2,6,-53
1754122280.35746,-8,0,-63
1754122280.39546,-1,3,-69
1754122280.43946,-1,1,-66
1754122280.47746,-3,4,-57
1754122280.51546,3,-4,-54
1754122280.55446,0,-2,-70
1754122280.59046,1,1,-60
1754122280.62746,-1,0,-56
1754122280.66546,-8,5,-71
1754122280.70446,-3,-5,-76
1754122280.7404602,0,-1,-63
1754122280.77846,3,4,-56
1754122280.81646,4,7,-57
1754122280.8554602,-5,0,-58
1754122280.89346,-4,-1,-58
1754122280.92946,-3,5,-61
1754122280.96646,0,4,-70
1754122281.00546,-1,0,-56
1754122281.04346,0,1,-54
1754122281.07946,3,0,-56
1754122281.11646,6,0,-60
1754122281.15546,8,-6,-70
1754122281.19346,3,0,-68
1754122281.22946,-7,-5,-68
1754122281.26746,-6,-2,-56
1754122281.30546,-11,-4,-52
1754122281.34446,2,2,-60
1754122281.38046,1,1,-75
1754122281.4174602,-2,6,-65
1754122281.45546,-7,0,-63
1754122281.49446,5,0,-62
1754122281.53046,-7,-1,-63
1754122281.56846,-2,4,-74
1754122281.60646,4,3,-64
1754122281.64546,-1,5,-52
1754122281.68346,2,4,-57
1754122281.71946,-4,0,-67
1754122281.75746,0,-5,-73
1754122281.79546,3,1,-72
1754122281.83446,3,1,-66
1754122281.87046,-2,2,-62
1754122281.90846,-1,0,-67
1754122281.9474602,0,-3,-53
1754122281.98546,3,6,-60
1754122282.02346,5,5,-67
1754122282.0594602,-5,5,-69
1754122282.09746,1,-4,-68
1754122282.13546,0,-10,-57
1754122282.17346,0,-5,-71
1754122282.20946,3,-6,-66
1754122282.24746,0,0,-55
1754122282.28546,0,5,-53
1754122282.32146,2,6,-65
1754122282.3584602,0,10,-74
1754122282.39746,-1,5,-69
1754122282.43546,-1,-3,-58
1754122282.47146,2,-3,-75
1754122282.5094602,-8,0,-64
1754122282.54746,-11,-1,-63
1754122282.5854602,-5,0,-65
1754122282.62446,-7,3,-60
1754122282.66046,-6,0,-65
1754122282.6974602,3,0,-74
1754122282.73546,3,-1,-68
1754122282.77446,6,-2,-67
1754122282.81046,4,-4,-70
1754122282.84746,1,-5,-60
1754122282.88546,-3,-3,-57
1754122282.9244602,-3,2,-60
1754122282.9604602,-2,1,-69
1754122282.99746,-9,0,-65
1754122283.03546,-1,-8,-68
1754122283.07446,0,-2,-62
1754122283.11046,1,0,-58
1754122283.14746,5,5,-59
1754122283.18546,-2,-2,-65
1754122283.22446,-3,1,-60
1754122283.26046,-2,-1,-60
1754122283.29846,-1,4,-67
1754122283.33646,-2,0,-69
1754122283.37546,0,6,-62
1754122283.4114602,-1,-1,-63
1754122283.44946,-1,-3,-55
1754122283.48746,5,-5,-59
1754122283.5264602,0,-2,-49
1754122283.56446,-7,-2,-58
1754122283.60046,3,0,-66
1754122283.63746,1,-4,-56
1754122283.67646,1,-8,-64
1754122283.71446,-6,-3,-69
1754122283.75046,-5,0,-56
1754122283.78846,-4,2,-52
1754122283.82646,8,3,-62
1754122283.8654602,0,3,-63
1754122283.9014602,-5,-2,-63
1754122283.93946,0,-1,-77
1754122283.97746,4,4,-63
1754122284.0164602,1,3,-66
1754122284.05446,0,1,-83
1754122284.09046,-8,0,-74
1754122284.1284602,-8,-6,-76
1754122284.16646,0,-3,-62
1754122284.20546,-3,-3,-69
1754122284.24146,-6,-4,-71
1754122284.2794602,4,-2,-62
1754122284.31846,4,-9,-68
1754122284.35646,-7,-7,-62
1754122284.3944602,-5,-4,-73
1754122284.43146,2,0,-64
1754122284.46946,-5,-5,-58
1754122284.5064602,-3,-2,-64
1754122284.54546,3,0,-70
1754122284.58146,0,0,-73
1754122284.6184602,-5,-4,-69
1754122284.65646,-8,3,-62
1754122284.69546,1,-8,-72
1754122284.73146,-2,4,-62
1754122284.7694602,-3,4,-70
1754122284.80746,-5,-1,-73
1754122284.84646,-4,1,-79
1754122284.88246,2,4,-64
1754122284.91946,1,-5,-55
1754122284.9574602,0,4,-71
1754122284.9964602,5,-1,-59
1754122285.0324602,-3,0,-68
1754122285.07046,0,-1,-60
1754122285.10946,3,0,-58
1754122285.14646,4,-3,-57
1754122285.18546,-7,-3,-64
1754122285.22146,-2,0,-65
1754122285.2594602,-4,-6,-63
1754122285.29746,0,-3,-57
1754122285.33646,4,0,-71
1754122285.37246,6,4,-72
1754122285.40946,1,-1,-62
1754122285.44846,0,-1,-66
1754122285.4864602,2,-6,-68
1754122285.52246,-2,0,-69
1754122285.5594602,-3,4,-66
1754122285.59746,-1,2,-61
1754122285.63646,-2,3,-59
1754122285.67246,-6,3,-68
1754122285.7104602,-5,3,-68
1754122285.74846,2,0,-70
1754122285.78746,0,2,-68
1754122285.8254602,-4,1,-54
1754122285.8614602,-6,1,-55
1754122285.89946,-2,0,-66
1754122285.9374602,-2,-3,-65
1754122285.97646,-1,-4,-60
1754122286.01246,1,2,-67
1754122286.05046,3,6,-61
1754122286.08946,0,1,-68
1754122286.12746,1,0,-61
1754122286.16546,2,8,-60
1754122286.20146,0,3,-63
1754122286.23846,0,0,-59
1754122286.27746,-2,5,-73
1754122286.3154602,3,4,-69
1754122286.35146,2,2,-69
1754122286.3884602,3,-4,-64
1754122286.4274602,-6,1,-68
1754122286.46546,-5,0,-58
1754122286.50146,0,-4,-52
1754122286.5394602,-1,-3,-65
1754122286.57746,8,-4,-70
1754122286.61646,-3,0,-57
1754122286.65246,-1,2,-60
1754122286.68946,0,0,-57
1754122286.72746,-4,-1,-70
1754122286.7664602,-6,-3,-72
1754122286.8024602,0,0,-68
1754122286.83946,2,-4,-57
1754122286.87746,-2,-1,-65
1754122286.91646,-1,0,-67
1754122286.95246,0,1,-65
1754122286.98946,-3,0,-60
1754122287.02746,-3,0,-62
1754122287.06646,0,-3,-46
1754122287.10246,0,-4,-67
1754122287.13946,1,-3,-66
1754122287.1774602,-3,-6,-76
1754122287.21646,2,-2,-61
1754122287.25246,-6,6,-66
1754122287.29046,-10,3,-64
1754122287.32846,-6,1,-62
1754122287.36746,0,-4,-54
1754122287.40346,-4,-1,-55
1754122287.44146,0,-4,-48
1754122287.47946,-7,-2,-60
1754122287.51746,-6,3,-70
1754122287.55646,0,0,-74
1754122287.5924602,4,0,-65
1754122287.62946,2,2,-60
1754122287.6674602,0,-3,-61
1754122287.70646,3,-3,-58
1754122287.74246,-1,-2,-63
1754122287.78046,-1,-6,-67
1754122287.81846,1,-5,-60
1754122287.85746,5,2,-60
1754122287.89346,3,4,-68
1754122287.93046,-4,10,-60
1754122287.96846,0,3,-62
1754122288.00746,0,4,-57
1754122288.04346,-3,1,-64
1754122288.08146,-1,1,-61
1754122288.11946,1,-1,-73
1754122288.15846,1,-4,-66
1754122288.19646,0,-5,-56
1754122288.23246,-3,-1,-64
1754122288.27046,2,-1,-66
1754122288.30846,-2,-7,-57
1754122288.34746,-5,0,-56
1754122288.3844602,0,2,-56
1754122288.4214602,-7,2,-60
1754122288.45946,8,-4,-69
1754122288.49846,4,0,-67
1754122288.5364602,-1,0,-60
1754122288.57346,4,1,-62
1754122288.61046,7,-2,-70
1754122288.64846,-5,0,-62
1754122288.6874602,-9,0,-68
1754122288.7234602,-3,5,-69
1754122288.76146,-8,0,-76
1754122288.7994602,-5,2,-57
1754122288.8384602,0,-2,-59
1754122288.87646,-2,-6,-75
1754122288.91246,-2,-4,-68
1754122288.9504602,-3,-4,-68
1754122288.98846,-2,-2,-49
1754122289.02746,-3,-3,-58
1754122289.06346,-2,-2,-63
1754122289.10246,0,-4,-69
1754122289.13946,-4,-10,-65
1754122289.17846,-3,-2,-66
1754122289.21446,-6,-1,-60
1754122289.25246,-1,4,-59
1754122289.29046,0,0,-78
1754122289.32846,3,-3,-75
1754122289.36746,1,4,-64
1754122289.40346,0,2,-74
1754122289.4404602,-3,-1,-68
1754122289.47846,-10,4,-54
1754122289.51746,-4,-7,-57
1754122289.55346,-1,0,-61
1754122289.59146,0,6,-59
1754122289.62946,2,-4,-75
1754122289.66846,1,1,-76
1754122289.70446,-1,0,-62
1754122289.74246,5,2,-63
1754122289.78046,0,2,-53
1754122289.8194602,4,6,-58
1754122289.85746,-5,0,-57
1754122289.89346,-7,5,-50
1754122289.93046,-7,4,-65
1754122289.96946,-2,1,-63
1754122290.00746,1,-1,-68
1754122290.04346,-3,-6,-60
1754122290.0824602,2,-5,-62
1754122290.11946,0,-3,-65
1754122290.15846,-6,-2,-62
1754122290.1944602,0,-3,-60
1754122290.23246,2,4,-68
1754122290.2694602,1,6,-69
1754122290.30846,0,0,-65
1754122290.34446,-6,-3,-62
1754122290.38246,-4,-4,-67
1754122290.42046,1,2,-59
1754122290.46546,3,0,-43
1754122290.50246,-6,4,-69
1754122290.54046,-2,4,-68
1754122290.57946,0,1,-62
1754122290.61746,-1,-1,-67
1754122290.65346,5,-3,-66
1754122290.6904602,0,-2,-58
1754122290.72946,4,-1,-60
1754122290.76746,4,4,-63
1754122290.80346,0,0,-61
1754122290.84046,2,2,-67
1754122290.87946,-6,4,-63
1754122290.9174602,0,6,-61
1754122290.95346,4,5,-64
1754122290.9904602,-2,0,-55
1754122291.0294602,-5,3,-62
1754122291.06746,6,-3,-62
1754122291.10346,2,-5,-62
1754122291.1414602,10,-8,-64
1754122291.17946,-6,-1,-62
1754122291.21846,-2,0,-62
1754122291.25446,-4,0,-69
1754122291.2924602,-3,2,-74
1754122291.33046,1,2,-67
1754122291.36946,-6,0,-73
1754122291.4074602,-1,-2,-68
1754122291.44346,-9,-3,-68
1754122291.48146,0,-4,-58
1754122291.5194602,1,-4,-67
1754122291.55846,8,1,-68
1754122291.59446,8,0,-68
1754122291.6314602,-3,-2,-60
1754122291.66946,-2,1,-59
1754122291.70846,5,1,-55
1754122291.74446,-2,0,-63
1754122291.7824602,4,0,-58
1754122291.82046,4,3,-66
1754122291.85946,-2,0,-51
1754122291.89546,0,3,-52
1754122291.93346,6,-2,-55
1754122291.9704602,-1,3,-58
1754122292.0094602,-8,-8,-62
1754122292.04546,-2,-5,-54
1754122292.08346,-1,-1,-55
1754122292.1214602,-7,-2,-67
1754122292.15946,-9,7,-62
1754122292.19846,-4,0,-69
1754122292.23446,-1,0,-68
1754122292.27246,-4,-1,-62
1754122292.31046,0,-8,-62
1754122292.34946,0,-4,-58
1754122292.38546,-1,-3,-59
1754122292.4244602,-4,-5,-55
1754122292.46146,-3,5,-68
1754122292.50046,0,5,-69
1754122292.53846,6,5,-70
1754122292.57446,4,1,-67
1754122292.61246,3,4,-57
1754122292.65046,-2,8,-68
1754122292.68946,-5,4,-64
1754122292.72546,-7,7,-60
1754122292.7634602,-3,8,-74
1754122292.80146,0,3,-74
1754122292.84046,-4,-4,-68
1754122292.8784602,2,-3,-65
1754122292.9144602,7,-4,-58
1754122292.95346,-4,-7,-51
1754122292.99146,-2,2,-44
1754122293.0294602,1,-11,-56
1754122293.0654602,4,-6,-67
1754122293.10346,5,4,-67
1754122293.1414602,2,2,-59
1754122293.18046,0,-2,-68
1754122293.21846,-4,-2,-73
1754122293.25446,-13,0,-63
1754122293.2924602,0,-2,-68
1754122293.33046,-5,-2,-51
1754122293.36946,7,2,-61
1754122293.40546,0,4,-62
1754122293.44346,-1,3,-55
1754122293.48146,10,3,-67
1754122293.52046,-4,3,-70
1754122293.55846,0,3,-60
1754122293.59446,-2,2,-56
1754122293.6314602,0,1,-65
1754122293.67046,-4,-6,-65
1754122293.70846,2,1,-59
1754122293.74446,3,-1,-68
1754122293.78146,-5,2,-68
1754122293.82046,-3,0,-74
1754122293.85646,0,-4,-63
1754122293.8944602,-4,-4,-63
1754122293.93346,4,-4,-64
1754122293.9704602,3,-4,-62
1754122294.0094602,4,-6,-61
1754122294.04546,7,-1,-70
1754122294.08346,-6,0,-72
1754122294.12046,0,6,-60
1754122294.15946,-11,3,-58
1754122294.19546,-4,5,-56
1754122294.2334602,-6,-5,-59
1754122294.27146,-1,3,-57
1754122294.31046,-1,1,-61
1754122294.34646,5,0,-63
1754122294.38346,-8,1,-74
1754122294.4214602,-9,-1,-62
1754122294.4604602,-9,-1,-68
1754122294.4964602,0,1,-64
1754122294.53346,-5,0,-53
1754122294.57146,-2,2,-59
1754122294.61046,4,-1,-56
1754122294.64646,-1,-9,-67
1754122294.6844602,-1,-6,-77
1754122294.72246,-3,-7,-62
1754122294.76146,-4,-6,-59
1754122294.7994602,-1,-1,-71
1754122294.83646,2,-6,-73
1754122294.87346,0,1,-63
1754122294.91246,3,-2,-71
1754122294.9504602,1,8,-61
1754122294.9864602,0,3,-69
1754122295.02346,-5,-9,-63
1754122295.06146,0,3,-73
1754122295.10046,-5,0,-70
1754122295.13646,0,0,-76
1754122295.17346,6,5,-80
1754122295.21146,0,2,-65
1754122295.25046,4,4,-65
1754122295.2864602,2,9,-64
1754122295.32346,3,8,-58
1754122295.3614602,3,1,-65
1754122295.40046,-3,-1,-65
1754122295.43646,-1,-4,-59
1754122295.47546,-7,-7,-62
1754122295.51246,1,-5,-66
1754122295.55146,-4,0,-67
1754122295.58946,-2,-4,-67
1754122295.62546,-4,-1,-66
1754122295.66346,-1,-8,-71
1754122295.70146,-2,-3,-62
1754122295.7404602,-3,-3,-59
1754122295.7764602,2,-7,-55
1754122295.81446,5,0,-54
1754122295.85246,-1,0,-58
1754122295.8914602,1,-2,-48
1754122295.92946,-10,-3,-47
1754122295.96546,-5,-2,-64
1754122296.0034602,-4,0,-66
1754122296.0424602,-4,2,-73
1754122296.08046,-6,2,-64
1754122296.11646,-11,5,-67
1754122296.1544602,-6,4,-60
1754122296.19246,6,1,-56
1754122296.23146,-4,9,-55
1754122296.26746,-8,3,-54
1754122296.30546,-4,-2,-61
1754122296.34346,0,-7,-60
1754122296.3814602,0,-4,-66
1754122296.42046,0,-3,-64
1754122296.45646,0,2,-54
1754122296.49446,-1,3,-56
1754122296.5324602,-3,0,-63
1754122296.57146,-5,1,-60
1754122296.60746,-5,0,-62
1754122296.6444602,-5,2,-60
1754122296.68346,0,3,-62
1754122296.72146,-7,-3,-62
1754122296.75746,-4,1,-58
1754122296.7964602,-4,5,-72
1754122296.83346,-6,4,-49
1754122296.8714602,1,-4,-61
1754122296.91046,-7,-1,-53
1754122296.94646,0,-3,-55
1754122296.98446,3,-6,-54
1754122297.02246,-1,-1,-65
1754122297.06146,1,0,-60
1754122297.09746,2,0,-57
1754122297.1344602,8,0,-80
1754122297.17246,0,0,-60
1754122297.21146,0,0,-64
1754122297.24746,2,-2,-55
1754122297.28546,4,-1,-65
1754122297.32346,5,-2,-67
1754122297.36246,4,-2,-64
1754122297.40046,-3,-2,-60
1754122297.43646,0,-4,-60
1754122297.47446,-4,0,-65
1754122297.51246,-2,-1,-64
1754122297.55146,-3,-1,-64
1754122297.58746,-3,0,-68
1754122297.62546,1,-1,-65
1754122297.66346,-7,-1,-71
1754122297.70246,0,-2,-72
1754122297.7404602,-2,1,-58
1754122297.7764602,-4,0,-68
1754122297.81446,-3,-6,-61
1754122297.85246,-2,2,-60
1754122297.8914602,-1,1,-65
1754122297.9274602,3,1,-71
1754122297.96446,-6,-1,-55
1754122298.00246,-4,3,-56
1754122298.04146,-1,-2,-58
1754122298.07746,-3,-1,-55
1754122298.1154602,-2,0,-58
1754122298.15346,0,-1,-59
1754122298.19246,-2,-1,-65
1754122298.2304602,0,-4,-63
1754122298.2664602,-1,-1,-64
1754122298.30446,0,-6,-66
1754122298.3424602,-4,-6,-71
1754122298.3814602,-9,-1,-56
1754122298.4174602,-9,7,-73
1754122298.45446,-2,6,-76
1754122298.49246,-5,12,-79
1754122298.53146,0,1,-71
1754122298.56746,-9,6,-77
1754122298.6054602,-8,3,-61
1754122298.64346,-3,1,-67
1754122298.68246,-3,-2,-62
1754122298.71846,0,1,-57
1754122298.7564602,-2,3,-57
1754122298.79446,-7,1,-62
1754122298.8324602,-1,5,-66
1754122298.8714602,1,-5,-74
1754122298.9074602,2,-7,-68
1754122298.94546,10,0,-62
1754122298.9834602,5,0,-73
1754122299.02246,1,1,-75
1754122299.05846,-6,0,-60
1754122299.09646,-5,5,-56
1754122299.1344602,-4,7,-66
1754122299.17246,-1,1,-63
1754122299.21146,2,-5,-63
1754122299.24746,8,0,-72
1754122299.28446,9,-5,-71
1754122299.32346,10,-3,-75
1754122299.3614602,4,-3,-73
1754122299.39746,10,0,-56
1754122299.4344602,4,0,-57
1754122299.4734602,-5,-7,-67
1754122299.51146,-3,-4,-69
1754122299.54746,-3,-2,-67
1754122299.5854602,0,3,-73
1754122299.62346,6,-3,-68
1754122299.66246,2,-2,-62
1754122299.69846,7,-1,-71
1754122299.73546,-5,2,-69
1754122299.77346,-2,3,-56
1754122299.81346,0,-3,-70
1754122299.85146,-7,3,-58
1754122299.88746,-1,-2,-53
1754122299.92546,1,-6,-55
1754122299.96446,-2,-1,-57
1754122300.00246,6,-5,-71
1754122300.03846,-2,-3,-72
1754122300.07746,-6,-7,-62
1754122300.11446,-3,0,-55
1754122300.15346,-7,0,-55
1754122300.19146,1,-6,-53
1754122300.22746,0,0,-49
1754122300.26446,0,0,-56
1754122300.30346,0,6,-58
1754122300.34146,0,0,-53
1754122300.37746,-1,0,-62
1754122300.4144602,-17,-1,-65
1754122300.45346,-4,7,-62
1754122300.4964602,-9,6,-59
1754122300.53546,-6,3,-57
1754122300.57346,-9,1,-71
1754122300.6114602,0,-2,-65
1754122300.64746,2,0,-58
1754122300.6844602,0,-4,-53
1754122300.7234602,0,3,-51
1754122300.7594602,-3,3,-59
1754122300.79746,6,-3,-59
1754122300.83646,-4,5,-62
1754122300.87346,7,2,-66
1754122300.91246,-6,5,-72
1754122300.94846,-6,0,-61
1754122300.9864602,3,-3,-60
1754122301.02446,-3,-5,-46
1754122301.06346,-2,-5,-68
1754122301.09946,2,-2,-66
1754122301.13746,3,0,-64
1754122301.17546,-2,-1,-68
1754122301.21446,0,-7,-64
1754122301.25246,-2,2,-62
1754122301.28846,0,0,-63
1754122301.32746,-5,-1,-69
1754122301.36446,1,5,-63
1754122301.40346,-10,0,-71
1754122301.43946,-9,-1,-77
1754122301.47746,1,3,-71
1754122301.51546,0,2,-70
1754122301.55346,1,-3,-72
1754122301.5924602,4,0,-63
1754122301.6284602,4,3,-70
1754122301.66546,0,2,-66
1754122301.70446,-4,-3,-58
1754122301.74246,-5,-1,-83
1754122301.77846,-6,4,-75
1754122301.81646,-4,3,-63
1754122301.85446,0,-4,-61
1754122301.89346,0,-6,-60
1754122301.92946,2,2,-50
1754122301.96646,-7,-2,-62
1754122302.00446,-4,-2,-50
1754122302.04346,1,-2,-59
1754122302.07946,0,0,-66
1754122302.1184602,2,1,-65
1754122302.15546,-3,0,-73
1754122302.1944602,-5,3,-72
1754122302.23246,-3,-7,-59
1754122302.26846,0,-5,-65
1754122302.30546,0,-3,-63
1754122302.34446,0,-1,-62
1754122302.38246,2,-7,-69
1754122302.41846,3,-8,-74
1754122302.45646,-1,-3,-71
1754122302.49446,-2,-3,-64
1754122302.53346,0,-2,-54
1754122302.5694602,4,-6,-53
1754122302.60746,-8,5,-69
1754122302.64546,-1,0,-64
1754122302.6844602,-3,0,-55
1754122302.72246,-1,-3,-72
1754122302.75846,1,-3,-65
1754122302.7964602,-6,-3,-59
1754122302.83446,-3,2,-63
1754122302.87346,0,0,-67
1754122302.90946,1,-1,-65
1754122302.9474602,-2,2,-58
1754122302.9864602,-2,0,-59
1754122303.02446,0,6,-66
1754122303.0624602,6,5,-66
1754122303.0984602,2,0,-77
1754122303.13546,4,5,-73
1754122303.1744602,8,1,-85
1754122303.21246,-4,6,-77
1754122303.24946,-3,-2,-71
1754122303.28746,-2,7,-74
1754122303.3254602,-5,1,-63
1754122303.36446,-1,-7,-60
1754122303.40046,-5,-2,-52
1754122303.43846,-2,-3,-51
1754122303.47646,-2,-2,-55
1754122303.51446,0,-1,-57
1754122303.55346,1,2,-66
1754122303.58946,2,-3,-69
1754122303.62746,2,-1,-59
1754122303.66546,-4,1,-58
1754122303.70446,4,-7,-58
1754122303.7404602,-2,-5,-68
1754122303.77846,1,-3,-60
1754122303.81646,0,-1,-59
1754122303.85446,0,-2,-62
1754122303.89346,5,-4,-55
1754122303.92946,4,0,-64
1754122303.9674602,-2,-2,-56
1754122304.00546,-4,-3,-56
1754122304.04446,-6,-3,-53
1754122304.08046,-13,-3,-65
1754122304.1184602,-9,0,-69
1754122304.1574602,-5,-4,-73
1754122304.19546,5,2,-74
1754122304.2334602,0,-1,-68
1754122304.27046,-4,-2,-57
1754122304.30746,4,0,-55
1754122304.3454602,4,-2,-63
1754122304.3844602,3,0,-57
1754122304.42046,4,0,-70
1754122304.4574602,-5,-3,-76
1754122304.49546,-3,-4,-62
1754122304.53446,0,-3,-64
1754122304.57046,4,-2,-61
1754122304.6084602,2,-10,-59
1754122304.64646,7,-5,-61
1754122304.68546,-2,-2,-64
1754122304.7234602,-5,1,-60
1754122304.7594602,3,-2,-51
1754122304.79846,0,5,-70
1754122304.8354602,-2,4,-73
1754122304.87446,3,-7,-71
1754122304.91046,1,-1,-69
1754122304.94846,-1,-4,-69
1754122304.9864602,-12,-4,-74
1754122305.02546,-6,0,-61
1754122305.06346,3,1,-71
1754122305.09946,0,0,-58
1754122305.13746,-1,2,-54
1754122305.17646,5,0,-58
1754122305.21446,5,-3,-64
1754122305.25046,-1,-6,-63
1754122305.28846,1,0,-55
1754122305.32646,6,1,-59
1754122305.3654602,-8,-6,-62
1754122305.4014602,-4,0,-65
1754122305.4404602,6,-3,-69
1754122305.47846,8,-5,-52
1754122305.51546,-2,-3,-58
1754122305.55446,-5,-2,-60
1754122305.59046,2,1,-57
1754122305.6284602,0,-4,-66
1754122305.66546,4,-3,-60
1754122305.70446,5,2,-54
1754122305.7404602,3,0,-61
1754122305.77846,-4,2,-63
1754122305.8154602,2,2,-67
1754122305.85446,0,1,-55
1754122305.89046,-4,-4,-64
1754122305.92846,8,4,-65
1754122305.96646,-6,0,-56
1754122306.00546,-2,2,-69
1754122306.04146,-1,-2,-76
1754122306.07946,0,-2,-73
1754122306.11746,2,-1,-79
1754122306.15546,-7,-1,-69
1754122306.1944602,-1,-1,-70
1754122306.2304602,-1,-3,-72
1754122306.26846,7,-2,-58
1754122306.30746,0,-2,-59
1754122306.3454602,5,0,-68
1754122306.3814602,0,1,-66
1754122306.41846,0,-6,-50
1754122306.4574602,-1,1,-55
1754122306.49546,-1,0,-63
1754122306.53146,-6,4,-72
1754122306.57046,-7,3,-67
1754122306.60746,0,0,-72
1754122306.64646,4,1,-62
1754122306.6844602,6,4,-76
1754122306.7204602,9,2,-75
1754122306.75746,6,0,-72
1754122306.7964602,-1,3,-65
1754122306.83446,2,8,-55
1754122306.87046,2,2,-56
1754122306.9074602,-1,0,-63
1754122306.94646,-8,0,-71
1754122306.98446,-5,0,-62
1754122307.02046,-1,5,-59
1754122307.05846,4,5,-63
1754122307.09646,-9,-4,-59
1754122307.13546,0,-6,-70
1754122307.1714602,-4,2,-66
1754122307.20846,3,1,-60
1754122307.2464602,5,0,-58
1754122307.28546,-6,-4,-68
1754122307.32146,-4,-3,-72
1754122307.35946,1,4,-61
1754122307.39846,6,0,-63
1754122307.43646,1,0,-62
1754122307.47446,-14,-1,-61
1754122307.51046,-2,0,-70
1754122307.54846,-7,2,-61
1754122307.58646,-3,7,-65
1754122307.62546,-3,0,-73
1754122307.6614602,0,1,-66
1754122307.69846,-7,0,-66
1754122307.7364602,0,6,-67
1754122307.77546,4,6,-56
1754122307.81146,3,7,-65
1754122307.8484602,-4,2,-58
1754122307.88646,2,0,-66
1754122307.92546,1,0,-69
1754122307.96146,0,-4,-68
1754122307.99946,-2,-5,-63
1754122308.03746,-3,-3,-63
1754122308.07646,-4,-1,-56
1754122308.11246,3,-5,-61
1754122308.15046,0,-6,-63
1754122308.18846,-8,-3,-75
1754122308.22646,2,0,-71
1754122308.26546,4,-3,-64
1754122308.30146,-6,-1,-62
1754122308.33946,-7,2,-67
1754122308.37746,0,0,-61
1754122308.41646,-4,-3,-61
1754122308.45246,0,0,-64
1754122308.4904602,2,-2,-69
1754122308.52846,8,3,-66
1754122308.56746,7,0,-61
1754122308.6054602,-5,1,-65
1754122308.6414602,-9,3,-63
1754122308.67946,-6,0,-59
1754122308.7174602,-2,1,-61
1754122308.7564602,-5,-3,-64
1754122308.7924602,0,2,-66
1754122308.83146,-4,2,-65
1754122308.8684602,-1,-1,-60
1754122308.9074602,0,1,-54
1754122308.94546,2,5,-58
1754122308.98146,0,-2,-57
1754122309.01846,3,1,-64
1754122309.05746,-3,-1,-67
1754122309.0954602,0,-2,-59
1754122309.1314602,2,-3,-64
1754122309.17046,4,-2,-71
1754122309.2074602,-1,0,-58
1754122309.2464602,0,-8,-59
1754122309.2824602,-5,-2,-61
1754122309.32046,-11,4,-63
1754122309.3584602,-8,0,-66
1754122309.39746,-4,-6,-60
1754122309.43546,0,-1,-63
1754122309.47146,-5,-2,-63
1754122309.5094602,-6,1,-65
1754122309.54746,-1,5,-59
1754122309.58646,2,4,-74
1754122309.62246,0,-1,-68
1754122309.6614602,2,1,-61
1754122309.69846,-3,-1,-54
1754122309.73746,-4,-2,-53
1754122309.77546,0,-3,-60
1754122309.8124602,4,-1,-60
1754122309.85046,2,-3,-60
1754122309.8884602,-4,0,-66
1754122309.9274602,-11,0,-63
1754122309.9634602,-9,-3,-50
1754122310.00146,-7,-3,-68
1754122310.04046,-4,3,-68
1754122310.07746,0,3,-64
1754122310.11646,-1,6,-68
1754122310.15246,-1,0,-62
1754122310.1904602,-5,-2,-53
1754122310.22846,4,-2,-64
1754122310.26746,8,-3,-68
1754122310.30346,0,-1,-62
1754122310.34146,-4,0,-58
1754122310.37946,-3,2,-57
1754122310.4174602,0,7,-48
1754122310.45646,6,-1,-63
1754122310.50046,9,7,-65
1754122310.53846,11,3,-58
1754122310.57746,0,-6,-62
1754122310.61346,5,0,-75
1754122310.65046,-2,-7,-55
1754122310.68846,-3,-2,-59
1754122310.72746,-5,-4,-54
1754122310.7634602,-7,0,-52
1754122310.80146,-3,2,-72
1754122310.83946,-3,0,-67
1754122310.87746,-3,-2,-65
1754122310.91646,-6,-4,-64
1754122310.95246,-4,0,-59
1754122310.9904602,0,-8,-68
1754122311.02846,0,0,-77
1754122311.06746,4,-2,-64
1754122311.10346,-3,-1,-68
1754122311.1414602,-1,1,-66
1754122311.17946,-5,1,-65
1754122311.21846,-4,0,-76
1754122311.2564602,2,0,-59
1754122311.29346,-4,-1,-59
1754122311.33046,0,1,-61
1754122311.3684602,-3,2,-61
1754122311.4074602,3,-1,-58
1754122311.44346,3,2,-62
1754122311.4804602,-1,4,-60
1754122311.51846,-5,0,-57
1754122311.55746,-3,-5,-52
1754122311.59346,3,-4,-64
1754122311.6314602,1,0,-58
1754122311.67046,2,-8,-65
1754122311.70846,8,0,-69
1754122311.7464602,7,-6,-66
1754122311.7824602,4,0,-61
1754122311.82046,-1,-4,-59
1754122311.8584602,1,0,-60
1754122311.89646,-4,-6,-69
1754122311.93246,-8,0,-66
1754122311.9704602,-9,1,-61
1754122312.00846,0,0,-51
1754122312.0464602,-1,-4,-53
1754122312.0824602,-2,-3,-63
1754122312.12046,0,0,-75
1754122312.15846,0,5,-74
1754122312.1974602,-5,-3,-70
1754122312.2334602,-3,-1,-62
1754122312.27146,-3,-1,-56
1754122312.3094602,0,-3,-62
1754122312.3484602,-1,-8,-55
1754122312.3844602,0,-9,-65
1754122312.42246,-1,2,-74
1754122312.46146,0,-3,-66
1754122312.49846,0,-4,-74
1754122312.53746,-5,-3,-59
1754122312.57346,-9,-5,-59
1754122312.6114602,-13,-2,-58
1754122312.64946,-6,-4,-53
1754122312.68846,0,-5,-52
1754122312.72446,-5,1,-54
1754122312.76246,-10,-6,-66
1754122312.80046,-7,-5,-59
1754122312.8384602,-1,2,-72
1754122312.87746,-3,3,-60
1754122312.91346,0,1,-63
1754122312.95146,3,-1,-68
1754122312.98946,-2,-7,-66
1754122313.02846,2,3,-69
1754122313.06446,0,2,-59
1754122313.10146,-6,2,-71
1754122313.13946,-2,0,-69
1754122313.17846,3,-9,-62
1754122313.21446,1,-2,-64
1754122313.25146,0,2,-71
1754122313.2894602,-2,0,-62
1754122313.32846,-3,3,-63
1754122313.36446,-1,-1,-56
1754122313.40246,-2,8,-54
1754122313.44146,5,4,-59
1754122313.47946,-4,-4,-66
1754122313.51746,-1,0,-67
1754122313.55446,2,3,-69
1754122313.59146,-6,1,-66
1754122313.62946,-6,-1,-67
1754122313.66846,-1,-2,-61
1754122313.70446,-5,2,-52
1754122313.74246,2,-2,-55
1754122313.78046,2,-2,-63
1754122313.8194602,-5,-4,-68
1754122313.85746,-5,5,-75
1754122313.89346,5,4,-64
1754122313.93046,-11,-2,-55
1754122313.96946,0,-3,-61
1754122314.00746,0,-1,-59
1754122314.04346,3,-3,-55
1754122314.0824602,0,-2,-66
1754122314.11946,2,-1,-57
1754122314.15846,7,-2,-53
1754122314.1944602,0,-2,-67
1754122314.23246,4,-3,-69
1754122314.27146,4,-11,-73
1754122314.3094602,-6,0,-62
1754122314.34746,4,-5,-66
1754122314.38346,1,1,-57
1754122314.4214602,5,-3,-59
1754122314.45946,-2,-1,-66
1754122314.49546,0,-2,-69
1754122314.5324602,-3,-1,-73
1754122314.57146,-1,0,-67
1754122314.60946,-5,0,-65
1754122314.64546,-3,-7,-73
1754122314.68346,-4,3,-68
1754122314.72146,-6,6,-64
1754122314.7594602,4,-6,-63
1754122314.79846,4,-1,-59
1754122314.83446,-2,-2,-61
1754122314.87246,-7,-4,-70
1754122314.91046,-6,-2,-79
1754122314.94946,1,-5,-69
1754122314.98546,-2,0,-67
1754122315.02346,-5,-5,-60
1754122315.06146,-7,-3,-71
1754122315.09946,-5,-1,-65
1754122315.1384602,2,-2,-57
1754122315.1744602,4,2,-65
1754122315.21246,-2,-4,-59
1754122315.25046,-5,2,-59
1754122315.2894602,4,1,-63
1754122315.3254602,-8,2,-68
1754122315.36246,1,-3,-71
1754122315.40046,0,2,-62
1754122315.43946,4,2,-58
1754122315.47546,1,0,-68
1754122315.5134602,-10,-1,-72
1754122315.55146,3,-1,-57
1754122315.59046,8,2,-65
1754122315.6284602,4,0,-57
1754122315.6644602,1,-3,-51
1754122315.70246,-6,-2,-50
1754122315.7404602,-6,-3,-59
1754122315.7794602,-6,-2,-65
1754122315.8154602,0,-3,-69
1754122315.85346,0,-3,-65
1754122315.89246,-1,0,-65
1754122315.93046,-4,4,-70
1754122315.96846,-5,-4,-67
1754122316.00446,-3,-3,-65
1754122316.0424602,-1,-1,-54
1754122316.08046,1,-1,-61
1754122316.11946,-1,-4,-77
1754122316.15546,0,-6,-61
1754122316.19246,0,0,-60
1754122316.2304602,2,-6,-56
1754122316.2694602,1,-6,-62
1754122316.30546,-1,-1,-69
1754122316.34346,-6,-3,-71
1754122316.3814602,-2,-2,-63
1754122316.42046,-1,-11,-62
1754122316.45846,-3,-2,-55
1754122316.49446,-1,-2,-61
1754122316.5324602,-3,4,-69
1754122316.57046,0,0,-68
1754122316.60946,0,-4,-69
1754122316.64546,0,-4,-72
1754122316.68346,-3,4,-61
1754122316.72246,-1,-7,-67
1754122316.76046,-2,-3,-63
1754122316.7964602,1,-4,-66
1754122316.83446,3,-2,-65
1754122316.87246,3,0,-62
1754122316.91046,0,-5,-61
1754122316.94946,-8,-6,-59
1754122316.98546,-5,-6,-60
1754122317.02346,2,-3,-61
1754122317.06146,-3,1,-59
1754122317.10046,-8,-9,-55
1754122317.13646,-5,-11,-56
1754122317.1744602,1,-10,-56
1754122317.2134602,-3,-6,-64
1754122317.25046,-3,-5,-62
1754122317.2894602,-4,-3,-61
1754122317.3254602,5,-1,-66
1754122317.36346,0,1,-65
1754122317.4014602,-2,-5,-60
1754122317.4404602,-3,-2,-62
1754122317.47646,3,-2,-69
1754122317.51446,-1,-6,-65
1754122317.5524602,2,2,-70
1754122317.59046,0,0,-69
1754122317.62946,-4,0,-64
1754122317.66546,2,-1,-69
1754122317.70346,0,-5,-72
1754122317.74146,-1,0,-69
1754122317.78046,0,0,-64
1754122317.81646,-3,-1,-54
1754122317.85446,2,-6,-46
1754122317.89246,0,-4,-55
1754122317.93146,-4,-2,-60
1754122317.96946,-5,1,-56
1754122318.00546,-3,-2,-60
1754122318.04346,-4,-3,-70
1754122318.08146,0,2,-59
1754122318.12046,7,4,-60
1754122318.15646,5,0,-69
1754122318.19346,4,-2,-59
1754122318.23146,-1,-4,-54
1754122318.27046,5,1,-63
1754122318.30646,-11,0,-63
1754122318.34446,-2,-1,-60
1754122318.38246,8,-2,-67
1754122318.4214602,-1,-2,-70
1754122318.45946,-6,-6,-56
1754122318.49546,-7,-2,-66
1754122318.53346,-6,-1,-67
1754122318.57146,0,1,-79
1754122318.61046,-1,4,-60
1754122318.64646,-10,3,-47
1754122318.6844602,-5,2,-57
1754122318.72246,0,0,-58
1754122318.76146,3,-6,-61
1754122318.7994602,-3,-1,-65
1754122318.8354602,-9,0,-61
1754122318.87346,-10,-1,-60
1754122318.9114602,0,-12,-67
1754122318.9504602,0,-2,-57
1754122318.9864602,6,-2,-63
1754122319.02446,7,-7,-58
1754122319.0624602,5,-1,-57
1754122319.10146,-2,2,-53
1754122319.13746,0,7,-47
1754122319.17546,1,-1,-66
1754122319.21446,-4,0,-74
1754122319.25146,-4,0,-66
1754122319.29046,-5,-2,-65
1754122319.32646,2,0,-68
1754122319.36446,6,0,-65
1754122319.4014602,4,-2,-69
1754122319.4404602,0,0,-64
1754122319.47646,0,1,-54
1754122319.5134602,-5,0,-56
1754122319.55146,-9,0,-48
1754122319.59046,-11,4,-58
1754122319.62646,-6,-3,-62
1754122319.6644602,-1,-6,-66
1754122319.70246,-4,-2,-68
1754122319.74146,3,-2,-71
1754122319.77746,-2,-3,-79
1754122319.8154602,1,-7,-68
1754122319.85346,0,3,-64
1754122319.8914602,0,-4,-62
1754122319.93046,0,-4,-64
1754122319.96646,-4,-3,-61
1754122320.00546,-4,-1,-65
1754122320.0424602,6,1,-54
1754122320.08146,-9,-4,-58
1754122320.11746,-7,-3,-57
1754122320.15546,2,-2,-64
1754122320.19346,2,0,-60
1754122320.23246,2,0,-65
1754122320.27046,-3,-8,-57
1754122320.30646,-1,0,-56
1754122320.34446,-3,0,-58
1754122320.38246,3,0,-67
1754122320.4214602,0,-1,-73
1754122320.4574602,0,-2,-67
1754122320.49546,-3,-3,-62
1754122320.54146,-1,-8,-70
1754122320.57746,-4,-9,-62
1754122320.6154602,1,-5,-59
1754122320.65346,0,-3,-67
1754122320.69246,-4,-4,-67
1754122320.7304602,-2,-3,-68
1754122320.7664602,0,-3,-68
1754122320.80546,1,-7,-70
1754122320.84446,0,4,-59
1754122320.88246,-3,-3,-64
1754122320.92046,-5,-5,-66
1754122320.95646,-6,-8,-65
1754122320.99446,-1,1,-62
1754122321.0324602,-1,0,-72
1754122321.07146,-3,5,-63
1754122321.10746,0,1,-59
1754122321.14546,-5,-4,-55
1754122321.18346,3,-4,-64
1754122321.22246,2,-6,-55
1754122321.26046,-1,-2,-62
1754122321.2964602,1,-2,-71
1754122321.33346,2,-1,-61
1754122321.37246,1,4,-64
1754122321.40846,-2,-3,-67
1754122321.44646,2,1,-61
1754122321.48546,-5,1,-66
1754122321.52246,0,-3,-64
1754122321.56146,0,3,-70
1754122321.59746,-5,-1,-66
1754122321.63546,0,-4,-70
1754122321.67346,9,-13,-72
1754122321.71246,1,-2,-65
1754122321.74846,-5,0,-66
1754122321.7864602,1,-3,-68
1754122321.8254602,-9,2,-66
1754122321.86246,-5,9,-66
1754122321.9014602,5,5,-69
1754122321.9374602,3,-4,-62
1754122321.97546,5,0,-54
1754122322.0134602,2,-4,-58
1754122322.0524602,5,-10,-64
1754122322.0884602,-4,-5,-73
1754122322.12646,0,-1,-63
1754122322.16546,4,-7,-69
1754122322.20246,2,-9,-69
1754122322.24146,0,1,-61
1754122322.27746,0,-3,-68
1754122322.31446,0,-5,-65
1754122322.35346,2,0,-65
1754122322.3914602,2,0,-64
1754122322.4274602,0,0,-71
1754122322.46446,1,-4,-70
1754122322.5034602,0,-1,-68
1754122322.54146,6,0,-72
1754122322.57746,2,-1,-70
1754122322.61446,-3,0,-73
1754122322.65346,-4,-1,-63
1754122322.69146,0,5,-62
1754122322.72746,0,0,-63
1754122322.76446,2,-3,-65
1754122322.80346,-3,-12,-55
1754122322.84146,3,-2,-64
1754122322.87746,3,3,-61
1754122322.91546,-3,-6,-69
1754122322.95346,0,-3,-70
1754122322.99146,0,0,-62
1754122323.02746,-5,6,-75
1754122323.0654602,-4,6,-60
1754122323.10346,6,-1,-63
1754122323.1414602,1,-2,-58
1754122323.1774602,0,-2,-66
1754122323.21546,-5,-4,-62
1754122323.2534602,-4,-3,-67
1754122323.2924602,1,-1,-63
1754122323.32846,2,4,-61
1754122323.3654602,0,7,-62
1754122323.40346,-2,-2,-66
1754122323.44246,-5,0,-76
1754122323.47846,0,2,-66
1754122323.51546,3,0,-60
1754122323.55346,4,-6,-78
1754122323.5924602,6,1,-70
1754122323.6284602,-4,4,-61
1754122323.66546,0,-2,-62
1754122323.70346,-8,3,-64
1754122323.74246,-10,0,-73
1754122323.77846,-5,0,-76
1754122323.81646,-3,1,-70
1754122323.85446,1,0,-58
1754122323.89346,1,0,-67
1754122323.92946,7,1,-69
1754122323.9674602,5,3,-60
1754122324.00546,3,0,-54
1754122324.04346,-1,2,-73
1754122324.0824602,2,0,-57
1754122324.1184602,-4,0,-62
1754122324.15646,-6,0,-58
1754122324.1944602,6,1,-68
1754122324.2334602,-2,0,-67
1754122324.2694602,-3,2,-76
1754122324.30746,0,2,-68
1754122324.3454602,0,-3,-66
1754122324.38346,-9,-4,-69
1754122324.42246,-6,0,-66
1754122324.45846,-4,-1,-54
1754122324.49746,-4,-5,-59
1754122324.53446,-7,-5,-64
1754122324.57346,-4,1,-63
1754122324.60946,0,-1,-63
1754122324.64746,9,0,-59
1754122324.68546,3,0,-60
1754122324.72446,1,4,-70
1754122324.76246,0,4,-73
1754122324.7994602,8,0,-74
1754122324.83646,1,0,-70
1754122324.87446,-3,-4,-63
1754122324.91346,-2,-7,-59
1754122324.94946,-3,-4,-56
1754122324.98746,-6,0,-61
1754122325.02546,5,1,-66
1754122325.06446,2,3,-77
1754122325.10246,2,2,-70
1754122325.1384602,-1,-2,-64
1754122325.17646,1,-1,-61
1754122325.21446,0,3,-62
1754122325.2534602,-3,5,-62
1754122325.2894602,-10,3,-64
1754122325.32846,-3,0,-63
1754122325.3654602,0,-3,-63
1754122325.4044602,-1,3,-78
1754122325.44246,-2,0,-79
1754122325.47846,0,0,-69
1754122325.51546,6,2,-69
1754122325.55446,-1,0,-64
1754122325.5924602,-8,-2,-61
1754122325.6284602,-1,4,-67
1754122325.66646,1,3,-67
1754122325.70446,0,0,-68
1754122325.7434602,3,-4,-64
1754122325.7794602,6,-2,-52
1754122325.81746,0,-1,-55
1754122325.8554602,-4,-2,-59
1754122325.8944602,2,-4,-50
1754122325.93146,-3,-1,-54
1754122325.96846,-1,0,-56
1754122326.0064602,2,-1,-63
1754122326.04546,0,2,-64
1754122326.08346,4,-1,-68
1754122326.11946,0,1,-61
1754122326.15646,2,-6,-66
1754122326.19546,4,1,-76
1754122326.2334602,2,-11,-75
1754122326.2694602,-1,-7,-67
1754122326.30846,-2,-5,-75
1754122326.3454602,4,-8,-72
1754122326.3844602,1,0,-65
1754122326.42046,4,-2,-52
1754122326.45846,-8,3,-62
1754122326.4964602,-4,-1,-66
1754122326.53446,0,-3,-72
1754122326.57346,0,-3,-70
1754122326.60946,1,-3,-69
1754122326.64846,0,3,-60
1754122326.68546,6,0,-60
1754122326.72446,6,0,-68
1754122326.76046,0,0,-68
1754122326.79846,3,-1,-65
1754122326.83646,3,1,-66
1754122326.87546,0,0,-62
1754122326.91346,-6,0,-70
1754122326.94946,0,-7,-66
1754122326.98746,1,-6,-65
1754122327.02546,-1,-8,-60
1754122327.06446,2,-7,-67
1754122327.10046,4,-3,-62
1754122327.1384602,0,1,-63
1754122327.17646,-1,-3,-77
1754122327.21546,-1,-8,-67
1754122327.2534602,4,-3,-68
1754122327.2894602,3,-5,-58
1754122327.32746,1,0,-71
1754122327.36646,0,-1,-64
1754122327.4044602,-1,1,-64
1754122327.4404602,-2,-2,-72
1754122327.47946,-5,-4,-65
1754122327.5164602,3,-5,-53
1754122327.55546,3,-7,-64
1754122327.59346,5,-4,-66
1754122327.62946,3,-1,-70
1754122327.66646,0,-8,-67
1754122327.70546,0,-8,-62
1754122327.7434602,-4,2,-59
1754122327.7794602,-3,4,-66
1754122327.81646,-1,-8,-63
1754122327.8554602,3,-7,-55
1754122327.89346,-3,-2,-71
1754122327.92946,-3,0,-68
1754122327.96646,2,4,-81
1754122328.00546,5,-4,-66
1754122328.04346,0,-4,-69
1754122328.07946,0,-7,-63
1754122328.11746,0,-1,-69
1754122328.15546,0,1,-65
1754122328.1944602,-4,1,-50
1754122328.2304602,-1,0,-57
1754122328.26846,2,-7,-52
1754122328.30646,4,-1,-56
1754122328.3454602,4,-5,-68
1754122328.3814602,3,1,-62
1754122328.41846,-3,5,-61
1754122328.45646,-1,3,-67
1754122328.49546,1,3,-71
1754122328.53146,5,3,-86
1754122328.57046,0,-5,-85
1754122328.60746,4,3,-67
1754122328.64646,-2,-2,-65
1754122328.6844602,-1,-6,-57
1754122328.7204602,1,-3,-67
1754122328.7594602,2,4,-61
1754122328.7964602,-8,5,-61
1754122328.8354602,1,-1,-58
1754122328.8714602,3,-4,-58
1754122328.90946,2,-8,-52
1754122328.9474602,-2,-7,-59
1754122328.98546,0,-8,-57
1754122329.02446,-2,-4,-76
1754122329.06046,-1,0,-70
1754122329.09946,-2,4,-65
1754122329.13646,-4,2,-71
1754122329.17546,-4,-2,-67
1754122329.21146,0,0,-63
1754122329.25046,0,-8,-71
1754122329.28746,-3,2,-76
1754122329.32646,-4,1,-51
1754122329.36446,0,0,-59
1754122329.40046,-6,2,-64
1754122329.43846,-10,0,-67
1754122329.47646,-5,0,-64
1754122329.51546,0,0,-62
1754122329.55146,-6,-6,-68
1754122329.58946,1,-1,-55
1754122329.62746,9,0,-68
1754122329.66646,0,-1,-71
1754122329.70446,1,3,-63
1754122329.7404602,-2,5,-70
1754122329.77846,-9,-4,-67
1754122329.81646,0,-5,-68
1754122329.8554602,3,4,-67
1754122329.8914602,-1,0,-68
1754122329.93046,-1,2,-68
1754122329.9674602,-4,-3,-61
1754122330.0064602,4,-2,-69
1754122330.04446,5,-1,-60
1754122330.08046,0,-9,-58
1754122330.1184602,0,-5,-68
1754122330.15646,-7,-2,-67
1754122330.19546,0,-3,-67
1754122330.23146,3,3,-74
1754122330.26846,0,1,-59
1754122330.30646,-2,0,-58
1754122330.3454602,3,2,-55
1754122330.3814602,5,-2,-60
1754122330.41946,-1,-3,-62
1754122330.4574602,3,-7,-70
1754122330.4964602,3,-6,-58
1754122330.5324602,3,-3,-65
1754122330.58346,-7,-3,-60
1754122330.62046,-1,-6,-62
1754122330.6574602,-1,6,-63
1754122330.69646,4,-1,-74
1754122330.73246,3,1,-73
1754122330.7694602,-5,-4,-71
1754122330.80746,-3,-1,-65
1754122330.84646,-5,-5,-61
1754122330.88246,-5,-1,-67
1754122330.92046,-6,-1,-64
1754122330.95846,-3,-5,-63
1754122330.99746,-1,-1,-70
1754122331.03546,-3,0,-60
1754122331.07146,-6,0,-66
1754122331.11046,0,-5,-64
1754122331.14746,-3,1,-61
1754122331.18646,0,-9,-58
1754122331.22246,-5,0,-55
1754122331.26046,0,-2,-63
1754122331.29846,0,1,-66
1754122331.33646,-1,0,-62
1754122331.37546,-4,-5,-59
1754122331.4114602,-3,1,-64
1754122331.4504602,-6,1,-69
1754122331.48746,-2,7,-68
1754122331.5264602,-2,3,-70
1754122331.5624602,3,3,-66
1754122331.60146,3,5,-57
1754122331.6384602,0,3,-52
1754122331.6774602,-9,3,-47
1754122331.71546,1,3,-42
1754122331.75146,-3,0,-60
1754122331.7894602,0,1,-58
1754122331.82746,-4,-6,-65
1754122331.86646,-2,-1,-68
1754122331.90246,6,0,-61
1754122331.93946,1,0,-64
1754122331.97746,3,-2,-58
1754122332.0164602,2,-2,-63
1754122332.0524602,1,-1,-54
1754122332.09046,4,0,-57
1754122332.1284602,-4,0,-63
1754122332.1674602,-7,-2,-68
1754122332.20546,2,-5,-73
1754122332.24146,-4,0,-63
1754122332.2794602,4,2,-66
1754122332.31746,-1,-2,-73
1754122332.35646,-7,-6,-65
1754122332.39246,1,1,-69
1754122332.42946,2,-2,-70
1754122332.46846,-3,0,-61
1754122332.5064602,0,-2,-64
1754122332.5424602,5,5,-56
1754122332.57946,-1,-4,-52
1754122332.61746,-1,-1,-64
1754122332.65646,-5,0,-70
1754122332.69246,1,7,-67
1754122332.73146,0,1,-77
1754122332.76846,4,0,-58
1754122332.80746,3,5,-52
1754122332.84346,6,4,-58
1754122332.8814602,-6,0,-52
1754122332.91946,-6,-3,-58
1754122332.9574602,-3,-1,-62
1754122332.9964602,-1,-1,-56
1754122333.0324602,0,-3,-54
1754122333.07046,-1,-1,-67
1754122333.1084602,-2,1,-69
1754122333.14746,0,2,-56
1754122333.18346,1,0,-59
1754122333.22246,5,-2,-63
1754122333.2594602,-3,-3,-61
1754122333.29846,-5,-3,-64
1754122333.33646,-3,3,-63
1754122333.37246,-3,1,-73
1754122333.40946,3,-5,-63
1754122333.44846,-5,0,-68
1754122333.4864602,-13,-8,-71
1754122333.52246,-3,-1,-66
1754122333.56146,1,-3,-61
1754122333.5984602,3,6,-70
1754122333.63746,2,4,-58
1754122333.67346,1,2,-60
1754122333.71146,0,0,-66
1754122333.74846,2,0,-70
1754122333.78746,2,2,-68
1754122333.82346,0,2,-66
1754122333.8614602,-4,-1,-63
1754122333.89846,-3,0,-66
1754122333.9374602,-3,0,-73
1754122333.9734602,-1,2,-69
1754122334.01146,6,0,-69
1754122334.04846,1,1,-67
1754122334.08746,-4,-2,-77
1754122334.12346,-6,-4,-58
1754122334.1614602,-8,-4,-55
1754122334.19946,2,0,-66
1754122334.23846,-2,4,-65
1754122334.2764602,5,2,-60
1754122334.3124602,5,2,-65
1754122334.34946,3,-3,-60
1754122334.3884602,-2,3,-72
1754122334.42646,1,1,-80
1754122334.46246,-4,-5,-64
1754122334.50146,0,3,-66
1754122334.53846,4,0,-69
1754122334.57746,0,-6,-60
1754122334.61446,-3,-6,-60
1754122334.6514602,4,-7,-64
1754122334.68946,-1,-3,-62
1754122334.72846,-2,-3,-71
1754122334.7664602,0,-2,-63
1754122334.8024602,0,0,-60
1754122334.84046,1,0,-65
1754122334.8784602,0,0,-79
1754122334.91646,-4,4,-62
1754122334.95246,0,4,-58
1754122334.9904602,-1,4,-62
1754122335.02846,-7,0,-64
1754122335.06746,2,0,-78
1754122335.10346,-8,4,-56
1754122335.14046,0,0,-57
1754122335.17846,-4,-2,-65
1754122335.2174602,0,-1,-64
1754122335.2534602,-1,3,-68
1754122335.29046,-7,1,-63
1754122335.32846,0,-2,-60
1754122335.36746,6,1,-55
1754122335.40346,3,0,-56
1754122335.4404602,-2,-7,-53
1754122335.47846,-1,4,-56
1754122335.51746,-5,5,-64
1754122335.55346,-4,0,-64
1754122335.59146,-1,5,-60
1754122335.62946,0,2,-70
1754122335.66846,-2,1,-67
1754122335.70446,0,-1,-68
1754122335.74146,0,0,-58
1754122335.7794602,7,3,-63
1754122335.81846,1,2,-57
1754122335.85446,-5,3,-62
1754122335.89246,0,-1,-77
1754122335.93046,-2,0,-55
1754122335.96846,1,-5,-63
1754122336.00746,4,5,-61
1754122336.04346,0,0,-67
1754122336.08146,-1,-3,-63
1754122336.12046,4,1,-62
1754122336.15846,-2,8,-66
1754122336.1944602,0,3,-63
1754122336.23146,2,3,-67
1754122336.27046,5,0,-53
1754122336.30846,2,-3,-59
1754122336.34446,3,-2,-68
1754122336.38346,0,1,-61
1754122336.42046,-2,-4,-56
1754122336.45946,-10,2,-60
1754122336.49746,4,-6,-61
1754122336.53346,5,-3,-60
1754122336.57046,3,3,-62
1754122336.60946,-2,1,-72
1754122336.64746,-3,-1,-70
1754122336.68346,-2,-10,-57
1754122336.72146,-6,-5,-55
1754122336.7594602,-1,-4,-73
1754122336.79846,-4,-1,-59
1754122336.83446,0,0,-57
1754122336.8714602,0,-3,-62
1754122336.90946,-6,-6,-74
1754122336.94846,-2,-6,-66
1754122336.98446,1,0,-64
1754122337.02246,3,4,-63
1754122337.06046,4,10,-62
1754122337.09946,1,-1,-67
1754122337.13746,0,2,-68
1754122337.17346,2,0,-56
1754122337.2104602,0,1,-71
1754122337.24946,-7,-6,-73
1754122337.28746,-8,-2,-55
1754122337.32446,-6,0,-53
1754122337.36346,-1,3,-64
1754122337.40046,-1,8,-66
1754122337.43946,0,4,-76
1754122337.47546,6,4,-73
1754122337.5134602,3,3,-66
1754122337.55046,5,3,-76
1754122337.58946,0,5,-63
1754122337.62546,-4,5,-62
1754122337.66346,-7,3,-61
1754122337.70146,0,1,-68
1754122337.73946,1,3,-50
1754122337.77846,-3,1,-54
1754122337.81446,0,4,-58
1754122337.85146,-6,0,-62
1754122337.88946,-7,0,-61
1754122337.92846,-4,7,-54
1754122337.96446,-8,3,-54
1754122338.00246,-3,-2,-67
1754122338.04046,3,-1,-64
1754122338.07946,0,-2,-55
1754122338.11646,1,1,-60
1754122338.15346,3,0,-59
1754122338.19146,-2,5,-72
1754122338.2304602,0,3,-66
1754122338.26846,1,-4,-76
1754122338.30446,-1,-7,-71
1754122338.3424602,-11,-4,-69
1754122338.38046,-9,-3,-63
1754122338.41946,0,-4,-70
1754122338.45546,7,-2,-75
1754122338.4934602,3,-2,-62
1754122338.53146,3,0,-58
1754122338.57046,1,-6,-60
1754122338.6084602,2,0,-61
1754122338.6444602,1,4,-62
1754122338.68246,-1,0,-70
1754122338.72146,1,-3,-57
1754122338.7594602,2,-5,-62
1754122338.79546,-1,-6,-66
1754122338.83446,2,0,-63
1754122338.8714602,7,0,-56
1754122338.91046,-2,4,-53
1754122338.94846,0,6,-68
1754122338.98446,-1,0,-57
1754122339.02246,-6,3,-67
1754122339.06046,-6,0,-63
1754122339.09946,7,-2,-61
1754122339.13546,8,-3,-63
1754122339.17346,0,1,-60
1754122339.21246,0,6,-76
1754122339.25046,-7,1,-70
1754122339.28846,-1,-1,-52
1754122339.32446,-9,0,-51
1754122339.36246,0,-2,-65
1754122339.40046,-1,-7,-64
1754122339.43846,-3,-6,-53
1754122339.47446,0,-3,-58
1754122339.51146,0,-1,-47
1754122339.55046,0,-6,-51
1754122339.5884602,4,0,-55
1754122339.62446,-2,-2,-62
1754122339.66246,-5,-2,-62
1754122339.7004602,-7,7,-55
1754122339.73946,-2,-2,-62
1754122339.77546,-4,0,-72
1754122339.81346,-2,0,-80
1754122339.85246,1,-1,-72
1754122339.8914602,-6,-6,-69
1754122339.92946,0,-2,-70
1754122339.96646,0,-3,-65
1754122340.0034602,-4,-12,-62
1754122340.04146,0,-6,-59
1754122340.08046,5,-4,-60
1754122340.11646,4,2,-70
1754122340.15346,-1,2,-65
1754122340.19146,-4,1,-65
1754122340.2304602,0,2,-66
1754122340.2664602,1,-4,-60
1754122340.30546,4,-2,-58
1754122340.3424602,4,-2,-69
1754122340.38046,5,-6,-70
1754122340.41946,2,-5,-51
1754122340.45546,-6,-3,-58
1754122340.4934602,9,-1,-65
1754122340.53146,-3,5,-74
1754122340.57046,-6,0,-68
1754122340.61346,-7,-2,-57
1754122340.6514602,0,2,-55
1754122340.6904602,2,-5,-57
1754122340.72646,3,1,-63
1754122340.76446,2,-1,-44
1754122340.80146,-1,1,-55
1754122340.84046,1,1,-62
1754122340.87646,2,-1,-60
1754122340.9144602,-8,2,-70
1754122340.95246,-6,2,-71
1754122340.99146,-3,4,-55
1754122341.0294602,-1,4,-56
1754122341.0654602,-1,2,-64
1754122341.10246,-2,-1,-67
1754122341.1414602,6,-3,-60
1754122341.17946,-2,-1,-62
1754122341.21546,9,1,-62
1754122341.25246,4,-2,-61
1754122341.29146,4,5,-66
1754122341.32946,0,8,-65
1754122341.3654602,-3,3,-66
1754122341.40346,-3,-1,-65
1754122341.44246,-6,3,-60
1754122341.4804602,-6,-8,-61
1754122341.5164602,-5,-5,-60
1754122341.55546,0,3,-62
1754122341.5924602,-1,3,-65
1754122341.6314602,2,6,-68
1754122341.66946,-2,-5,-73
1754122341.70546,4,-2,-61
1754122341.7434602,8,-7,-54
1754122341.78146,2,-1,-66
1754122341.82046,-8,-3,-62
1754122341.85646,-3,0,-54
1754122341.8944602,-3,1,-52
1754122341.93246,-5,-8,-50
1754122341.97146,-3,-4,-56
1754122342.0094602,2,-5,-62
1754122342.04546,0,0,-72
1754122342.08346,-2,-2,-60
1754122342.1214602,-2,-1,-68
1754122342.16046,-1,4,-65
1754122342.19646,-1,3,-59
1754122342.23546,0,4,-58
1754122342.27246,3,0,-60
1754122342.31146,1,-4,-73
1754122342.34746,5,1,-61
1754122342.38546,2,1,-51
1754122342.42346,-2,-5,-63
1754122342.46146,2,-2,-71
1754122342.50046,4,-6,-72
1754122342.5364602,0,-8,-69
1754122342.57446,-4,-6,-65
1754122342.61346,0,3,-61
1754122342.6514602,2,5,-68
1754122342.6874602,-4,-1,-73
1754122342.72546,-2,-7,-67
1754122342.7634602,-2,0,-67
1754122342.80146,-4,2,-60
1754122342.84046,0,0,-66
1754122342.87646,4,-3,-65
1754122342.91346,0,2,-73
1754122342.95146,-3,4,-71
1754122342.9904602,-6,-6,-64
1754122343.0264602,-6,-6,-63
1754122343.06446,-7,-3,-66
1754122343.10246,-6,0,-57
1754122343.1414602,3,2,-49
1754122343.1774602,-2,2,-55
1754122343.21546,-1,0,-63
1754122343.2534602,-1,-9,-74
1754122343.2924602,-6,-1,-76
1754122343.33046,1,3,-72
1754122343.36646,3,-4,-75
1754122343.4044602,2,-2,-70
1754122343.44246,0,0,-54
1754122343.48146,-7,-3,-57
1754122343.51746,-4,-4,-73
1754122343.55646,-3,-7,-72
1754122343.59346,-12,3,-55
1754122343.63246,-1,8,-75
1754122343.67046,2,2,-66
1754122343.70646,0,1,-71
1754122343.7434602,0,-2,-71
1754122343.7824602,-2,4,-53
1754122343.82046,-1,5,-64
1754122343.85646,-8,7,-63
1754122343.89346,-5,4,-64
1754122343.93246,-7,4,-61
1754122343.9704602,1,5,-43
1754122344.0064602,-4,-4,-41
1754122344.04446,-13,-4,-57
1754122344.0824602,-8,1,-65
1754122344.1214602,-7,-5,-69
1754122344.15846,-3,-6,-62
1754122344.19546,-7,-7,-68
1754122344.2334602,-4,2,-60
1754122344.27246,-2,-2,-56
1754122344.30846,2,-3,-52
1754122344.3454602,0,-6,-72
1754122344.38346,0,-2,-68
1754122344.42246,0,-2,-58
1754122344.45846,1,-6,-67
1754122344.49746,0,-7,-61
1754122344.53446,0,-6,-60
1754122344.57346,-5,5,-61
1754122344.6114602,-3,2,-53
1754122344.64746,-10,-2,-57
1754122344.68546,-13,-4,-64
1754122344.7234602,-3,-3,-53
1754122344.76246,5,1,-60
1754122344.79846,5,4,-62
1754122344.8354602,4,0,-56
1754122344.87346,-3,-3,-54
1754122344.91246,-3,0,-60
1754122344.94846,-1,4,-65
1754122344.9864602,-1,0,-58
1754122345.02446,0,0,-77
1754122345.0624602,-3,0,-67
1754122345.10146,6,-9,-62
1754122345.13746,5,-7,-59
1754122345.17646,3,-3,-65
1754122345.2134602,4,-4,-72
1754122345.25246,1,-3,-65
1754122345.28846,0,1,-66
1754122345.3254602,-4,-7,-56
1754122345.36346,-5,-4,-62
1754122345.40246,-4,-2,-67
1754122345.43846,-2,-2,-67
1754122345.47646,-6,-6,-71
1754122345.51546,-4,-6,-73
1754122345.55346,-10,-2,-62
1754122345.59146,-5,-1,-66
1754122345.62746,3,2,-55
1754122345.6644602,0,-1,-77
1754122345.70346,6,-4,-65
1754122345.74146,3,-3,-58
1754122345.77746,11,-5,-58
1754122345.8154602,7,0,-63
1754122345.85346,-1,0,-55
1754122345.89246,0,1,-67
1754122345.92846,0,0,-69
1754122345.96546,0,4,-74
1754122346.0034602,-4,0,-63
1754122346.0424602,-9,-3,-64
1754122346.07846,-3,-5,-61
1754122346.11646,-5,1,-62
1754122346.1544602,-6,-1,-61
1754122346.19346,-2,1,-72
1754122346.23146,3,0,-69
1754122346.26746,2,-2,-65
1754122346.30546,0,4,-65
1754122346.34346,0,3,-59
1754122346.38246,0,0,-66
1754122346.41846,7,5,-61
1754122346.45546,-7,0,-58
1754122346.4934602,0,-5,-58
1754122346.5324602,-4,-1,-60
1754122346.56846,-4,0,-75
1754122346.6054602,-4,4,-65
1754122346.6444602,6,5,-59
1754122346.68246,7,1,-55
1754122346.71846,2,0,-68
1754122346.75546,1,2,-72
1754122346.79346,0,0,-71
1754122346.8324602,-7,-5,-72
1754122346.8684602,2,-2,-71
1754122346.90546,-7,0,-67
1754122346.94346,2,0,-61
1754122346.98246,0,-6,-64
1754122347.01846,0,-6,-71
1754122347.05746,0,0,-68
1754122347.09446,5,-5,-53
1754122347.13346,0,-3,-66
1754122347.16946,-1,-2,-59
1754122347.2074602,0,4,-73
1754122347.24546,-2,0,-71
1754122347.28346,-2,0,-69
1754122347.3224602,3,1,-63
1754122347.3584602,-4,-1,-65
1754122347.39646,-4,0,-60
1754122347.4344602,1,1,-56
1754122347.4734602,0,-5,-58
1754122347.5094602,0,0,-56
1754122347.5464602,0,0,-60
1754122347.58446,-1,3,-62
1754122347.62346,7,-2,-67
1754122347.65946,1,-3,-70
1754122347.6974602,-1,-5,-70
1754122347.73546,1,0,-61
1754122347.77446,-2,-3,-53
1754122347.8124602,1,0,-60
1754122347.8484602,-1,0,-58
1754122347.88646,-5,-3,-66
1754122347.9244602,-9,-2,-67
1754122347.9634602,6,-4,-62
1754122347.99946,2,-2,-67
1754122348.03746,1,-8,-66
1754122348.0754602,1,-3,-68
1754122348.11446,2,6,-68
1754122348.15246,0,5,-69
1754122348.18846,-1,5,-73
1754122348.22646,-1,1,-72
1754122348.26446,-2,-8,-68
1754122348.30346,12,4,-67
1754122348.33946,11,6,-63
1754122348.37646,11,3,-62
1754122348.4144602,2,-3,-63
1754122348.45346,2,-2,-58
1754122348.48946,3,7,-69
1754122348.5264602,2,5,-54
1754122348.56446,2,-1,-76
1754122348.60346,9,0,-64
1754122348.63946,5,0,-72
1754122348.67646,0,2,-67
1754122348.71446,3,0,-71
1754122348.7534602,6,-1,-57
1754122348.7894602,0,2,-52
1754122348.82646,-4,2,-59
1754122348.86446,2,-2,-64
1754122348.90346,0,1,-47
1754122348.93946,2,-4,-60
1754122348.97746,-1,0,-69
1754122349.0164602,-4,3,-53
1754122349.05446,-2,-4,-66
1754122349.09046,0,-4,-68
1754122349.1284602,4,-3,-75
1754122349.16646,1,9,-73
1754122349.20446,-3,10,-64
1754122349.2434602,-3,4,-60
1754122349.2794602,-2,-4,-61
1754122349.31746,-1,-7,-71
1754122349.3554602,-2,-2,-71
1754122349.3944602,-2,3,-56
1754122349.43046,-4,3,-62
1754122349.46846,-2,0,-61
1754122349.50746,0,0,-62
1754122349.54446,-2,-2,-63
1754122349.58346,-2,-3,-58
1754122349.61946,-5,2,-63
1754122349.6574602,7,1,-67
1754122349.69546,10,-1,-58
1754122349.73446,7,-5,-63
1754122349.77046,6,-1,-57
1754122349.80846,-1,8,-69
1754122349.84646,-2,2,-62
1754122349.88546,-5,-1,-53
1754122349.92346,-1,0,-55
1754122349.95946,0,-4,-51
1754122349.99746,-7,3,-61
1754122350.03546,0,1,-57
1754122350.07446,-4,-4,-65
1754122350.11046,-5,-2,-68
1754122350.14846,-5,2,-63
1754122350.1874602,3,-2,-63
1754122350.22546,19,0,-67
1754122350.2634602,3,0,-65
1754122350.30046,4,-2,-60
1754122350.33746,0,2,-69
1754122350.37546,-9,-1,-67
1754122350.4144602,-1,1,-63
1754122350.4504602,-2,-8,-65
1754122350.48846,0,-2,-61
1754122350.5264602,-1,0,-58
1754122350.5654602,0,0,-56
1754122350.60346,-1,2,-56
1754122350.64746,-5,7,-72
1754122350.68546,-8,0,-71
1754122350.72446,-5,3,-62
1754122350.76046,-7,-3,-65
1754122350.79846,1,0,-70
1754122350.83746,0,4,-75
1754122350.87546,-1,7,-59
1754122350.91346,4,0,-59
1754122350.9504602,-6,-4,-59
1754122350.98746,0,0,-53
1754122351.02546,2,-1,-68
1754122351.06446,0,-1,-66
1754122351.10046,-12,-1,-56
1754122351.1384602,-4,1,-54
1754122351.17646,-4,-2,-56
1754122351.21546,0,0,-68
1754122351.25146,0,-2,-68
1754122351.28846,5,-11,-64
1754122351.32646,-1,-3,-65
1754122351.3654602,-5,-2,-55
1754122351.4014602,-9,-4,-58
1754122351.43946,-4,-1,-54
1754122351.47846,-3,-2,-74
1754122351.51546,0,-1,-76
1754122351.55446,9,-2,-69
1754122351.59046,9,-3,-56
1754122351.6284602,3,-8,-63
1754122351.66646,-2,-3,-73
1754122351.70546,8,-2,-71
1754122351.74146,3,-1,-69
1754122351.7794602,0,0,-75
1754122351.81746,-4,-3,-75
1754122351.8554602,-5,-3,-74
1754122351.8944602,4,1,-76
1754122351.93046,1,5,-63
1754122351.9674602,2,6,-63
1754122352.00546,1,3,-67
1754122352.04446,4,0,-64
1754122352.08046,10,-8,-62
1754122352.1184602,0,-2,-59
1754122352.15646,-3,1,-65
1754122352.19546,7,-3,-62
1754122352.23146,2,-5,-64
1754122352.27046,3,0,-60
1754122352.30846,2,-4,-68
1754122352.34646,0,0,-68
1754122352.3844602,0,0,-71
1754122352.42046,-5,0,-63
1754122352.45846,3,2,-58
1754122352.4964602,8,3,-71
1754122352.53546,4,1,-64
1754122352.57146,5,6,-72
1754122352.6084602,-1,0,-61
1754122352.64646,-1,1,-69
1754122352.68546,0,-3,-66
1754122352.72146,-2,2,-67
1754122352.7594602,-3,7,-56
1754122352.79746,-1,3,-59
1754122352.83646,-3,-9,-55
1754122352.87446,6,1,-69
1754122352.91046,-1,-3,-75
1754122352.94846,2,0,-74
1754122352.98746,4,-3,-66
1754122353.02546,0,-2,-75
1754122353.06146,-2,-8,-78
1754122353.10046,-7,-11,-64
1754122353.13746,-5,-2,-72
1754122353.17646,-1,3,-51
1754122353.21446,-6,1,-61
1754122353.25046,-6,0,-68
1754122353.28846,0,8,-71
1754122353.32646,0,-2,-74
1754122353.3654602,0,-4,-68
1754122353.4014602,1,-3,-67
1754122353.43946,-2,-2,-64
1754122353.47846,0,2,-55
1754122353.5164602,1,6,-73
1754122353.5524602,3,0,-66
1754122353.59146,5,-5,-67
1754122353.6284602,3,1,-68
1754122353.66646,-2,0,-66
1754122353.70546,1,0,-70
1754122353.74146,2,4,-76
1754122353.77846,0,-6,-64
1754122353.81646,-3,-7,-63
1754122353.8554602,-1,2,-57
1754122353.8914602,-1,-1,-64
1754122353.92946,5,-1,-70
1754122353.9674602,5,3,-70
1754122354.0064602,7,6,-61
1754122354.0424602,0,6,-69
1754122354.07946,-1,0,-76
1754122354.11746,0,0,-65
1754122354.15646,0,5,-64
1754122354.19246,-3,0,-63
1754122354.2304602,6,-2,-63
1754122354.26846,7,2,-70
1754122354.30746,0,0,-73
1754122354.3454602,2,-3,-64
1754122354.3814602,-5,-2,-65
1754122354.41946,0,0,-71
1754122354.4574602,0,3,-66
1754122354.4964602,-5,-2,-61
1754122354.5324602,-2,-1,-59
1754122354.57046,-4,0,-79
1754122354.6084602,0,0,-70
1754122354.64746,-3,0,-71
1754122354.68546,-1,1,-62
1754122354.72146,11,6,-66
1754122354.75846,-2,1,-65
1754122354.79746,-2,-2,-59
1754122354.8354602,-3,-4,-71
1754122354.8714602,-4,-3,-65
1754122354.90946,-1,-1,-63
1754122354.9474602,2,-5,-60
1754122354.9864602,0,3,-60
1754122355.02246,1,-2,-58
1754122355.06046,-2,-3,-61
1754122355.0984602,-4,0,-59
1754122355.13746,1,0,-62
1754122355.17546,3,-2,-58
1754122355.21146,1,-3,-55
1754122355.25046,-5,-6,-56
1754122355.28746,-5,0,-60
1754122355.32646,4,0,-72
1754122355.36246,3,-1,-78
1754122355.40046,2,-1,-61
1754122355.43846,-1,4,-62
1754122355.47746,-7,0,-71
1754122355.51546,-2,-13,-70
1754122355.55146,-2,-9,-66
1754122355.58946,-4,-8,-67
1754122355.6284602,5,-8,-71
1754122355.66646,0,2,-62
1754122355.70246,-3,-5,-69
1754122355.74146,-2,-3,-66
1754122355.77846,-7,2,-62
1754122355.81746,0,-1,-69
1754122355.85346,0,-2,-68
1754122355.89046,2,0,-65
1754122355.92846,0,4,-65
1754122355.9674602,6,6,-79
1754122356.0034602,3,3,-68
1754122356.04046,-2,1,-60
1754122356.07846,1,0,-61
1754122356.11746,-3,0,-67
1754122356.15346,0,0,-60
1754122356.1904602,-9,0,-70
1754122356.22846,-5,-1,-62
1754122356.26746,-13,-6,-57
1754122356.30346,-5,-3,-55
1754122356.34146,1,-3,-56
1754122356.37946,6,1,-66
1754122356.4174602,5,1,-55
1754122356.45646,1,2,-56
1754122356.49246,-2,9,-56
1754122356.53046,-3,7,-68
1754122356.5694602,-6,1,-68
1754122356.60746,-7,4,-59
1754122356.64346,1,5,-71
1754122356.68046,6,2,-60
1754122356.71846,3,0,-55
1754122356.75746,0,2,-65
1754122356.79346,-3,4,-57
1754122356.83146,-4,3,-69
1754122356.87046,0,-2,-65
1754122356.90846,1,4,-66
1754122356.94646,1,-6,-67
1754122356.98246,-4,0,-66
1754122357.02046,-4,-4,-56
1754122357.05846,0,-3,-68
1754122357.09746,-1,-3,-56
1754122357.13346,-6,1,-59
1754122357.1714602,0,2,-64
1754122357.20946,0,0,-50
1754122357.24846,2,6,-55
1754122357.2864602,-4,2,-75
1754122357.3224602,-2,5,-65
1754122357.3614602,-1,1,-74
1754122357.39846,-1,0,-69
1754122357.4374602,-3,-4,-63
1754122357.47446,-7,-5,-51
1754122357.51146,-4,5,-60
1754122357.5494602,-2,3,-66
1754122357.5884602,-2,-3,-60
1754122357.62646,0,-3,-62
1754122357.66246,2,0,-67
1754122357.69946,2,-5,-71
1754122357.73846,-3,-2,-64
1754122357.7764602,-5,-2,-66
1754122357.8124602,-4,-1,-58
1754122357.85046,2,-10,-58
1754122357.8884602,0,-8,-70
1754122357.9274602,0,0,-61
1754122357.9634602,-6,0,-60
1754122358.00146,-1,-7,-63
1754122358.0394602,5,-5,-59
1754122358.07846,3,-3,-65
1754122358.11446,2,-1,-65
1754122358.15346,8,-7,-63
1754122358.1904602,-6,-2,-70
1754122358.22846,-10,0,-70
1754122358.26746,-5,0,-72
1754122358.30346,0,-5,-68
1754122358.34146,0,-3,-59
1754122358.37946,0,-3,-60
1754122358.41846,-6,0,-67
1754122358.45446,-1,-1,-58
1754122358.49246,3,2,-56
1754122358.53146,2,-1,-59
1754122358.5694602,1,1,-56
1754122358.60746,2,3,-48
1754122358.64346,5,-1,-54
1754122358.68046,2,1,-54
1754122358.71946,2,-2,-60
1754122358.75746,-1,1,-56
1754122358.79346,0,2,-58
1754122358.83046,-4,1,-69
1754122358.8684602,-6,1,-69
1754122358.9074602,-1,12,-67
1754122358.94346,4,7,-69
1754122358.9804602,11,4,-80
1754122359.0194602,5,3,-74
1754122359.05746,9,12,-65
1754122359.09346,1,3,-62
1754122359.13046,-6,3,-63
1754122359.16946,2,-2,-63
1754122359.2074602,2,-4,-66
1754122359.2434602,1,-2,-61
1754122359.2824602,0,-2,-64
1754122359.3194602,3,-3,-73
1754122359.3584602,-2,-4,-65
1754122359.3944602,-2,0,-54
1754122359.43246,-5,5,-62
1754122359.46946,-5,0,-61
1754122359.50846,3,0,-65
1754122359.54446,10,-2,-61
1754122359.5824602,8,-1,-62
1754122359.62046,2,1,-71
1754122359.65946,0,0,-61
1754122359.6974602,-8,-8,-60
1754122359.7334602,-6,-11,-55
1754122359.77146,-5,2,-51
1754122359.8094602,-1,-2,-66
1754122359.8484602,-1,-2,-64
1754122359.8844602,-2,2,-56
1754122359.92246,-5,-3,-59
1754122359.9604602,0,2,-64
1754122359.99946,-3,4,-66
1754122360.03746,-7,1,-72
1754122360.07346,-4,2,-65
1754122360.11046,0,2,-79
1754122360.14946,-1,4,-59
1754122360.1874602,5,-6,-52
1754122360.2234602,3,-8,-58
1754122360.26046,-2,-5,-58
1754122360.2994602,1,4,-64
1754122360.3354602,1,0,-68
1754122360.37246,2,2,-61
1754122360.41046,2,-5,-60
1754122360.44946,-3,-1,-58
1754122360.48546,-4,-6,-64
1754122360.52346,-2,3,-59
1754122360.56146,6,-4,-58
1754122360.59946,1,-2,-58
1754122360.6384602,0,1,-55
1754122360.68146,4,7,-69
1754122360.71946,0,4,-62
1754122360.75846,-4,3,-64
1754122360.79446,-4,-2,-58
1754122360.8324602,0,6,-64
1754122360.87046,-5,0,-51
1754122360.90946,0,2,-53
1754122360.94646,1,-5,-63
1754122360.9834602,-2,-2,-66
1754122361.02146,1,5,-66
1754122361.0594602,-3,-2,-69
1754122361.0984602,-3,2,-66
1754122361.1344602,2,-4,-66
1754122361.17246,-2,-1,-58
1754122361.20946,-9,-4,-56
1754122361.24846,4,-6,-64
1754122361.28446,1,-5,-69
1754122361.3224602,6,-5,-59
1754122361.36046,5,-7,-50
1754122361.39846,6,-10,-56
1754122361.4344602,-4,-4,-63
1754122361.47246,-8,3,-71
1754122361.51046,-4,-3,-61
1754122361.5494602,-4,-1,-61
1754122361.5854602,-6,-3,-63
1754122361.62346,-4,-5,-61
1754122361.6614602,9,-6,-67
1754122361.7004602,0,-7,-63
1754122361.73846,7,-2,-65
1754122361.77446,-1,-1,-66
1754122361.8124602,1,-7,-72
1754122361.85046,-6,-6,-57
1754122361.88946,0,-2,-63
1754122361.92546,-4,-1,-63
1754122361.9634602,-5,3,-68
1754122362.00146,1,-3,-63
1754122362.04046,-5,-8,-55
1754122362.07846,-7,-3,-59
1754122362.11446,-1,-5,-58
1754122362.15246,-3,-5,-56
1754122362.1904602,-1,0,-55
1754122362.22946,-4,-1,-64
1754122362.26546,-3,-5,-59
1754122362.30446,-3,0,-55
1754122362.34146,2,-1,-52
1754122362.38046,2,1,-52
1754122362.41846,0,9,-50
1754122362.45446,-1,0,-66
1754122362.49246,-1,-2,-51
1754122362.53046,6,-7,-50
1754122362.5694602,0,-3,-73
1754122362.6054602,-1,5,-68
1754122362.64346,-4,1,-60
1754122362.68146,-3,0,-66
1754122362.71946,-6,5,-66
1754122362.75546,-8,-8,-68
1754122362.79346,2,-1,-58
1754122362.83146,3,-3,-71
1754122362.87046,-3,-3,-76
1754122362.90646,-3,-1,-77
1754122362.9444602,-1,-5,-58
1754122362.98246,-2,-2,-60
1754122363.02046,-4,-5,-58
1754122363.0594602,-2,-4,-64
1754122363.09646,-3,-4,-65
1754122363.13346,-2,-3,-62
1754122363.1714602,4,-6,-62
1754122363.2104602,3,-11,-52
1754122363.2464602,5,-3,-57
1754122363.28446,1,4,-50
1754122363.3224602,3,1,-59
1754122363.36046,7,2,-50
1754122363.39946,2,1,-60
1754122363.43546,8,1,-64
1754122363.47246,6,2,-54
1754122363.51146,-1,0,-59
1754122363.5494602,-4,-3,-61
1754122363.5854602,-6,1,-65
1754122363.62346,-9,0,-67
1754122363.6614602,0,0,-59
1754122363.7004602,0,-3,-63
1754122363.7364602,-2,2,-71
1754122363.77446,0,1,-82
1754122363.8124602,0,-1,-62
1754122363.85146,0,-6,-68
1754122363.88946,-3,-4,-59
1754122363.92546,-3,-2,-66
1754122363.9634602,-7,-11,-69
1754122364.00246,0,0,-80
1754122364.04046,-1,4,-71
1754122364.07646,-1,-3,-72
1754122364.11446,-5,1,-59
1754122364.15346,-1,-1,-58
1754122364.19146,0,-2,-53
1754122364.22946,-7,0,-51
1754122364.26546,-4,-3,-59
1754122364.30346,-2,-7,-61
1754122364.34146,1,0,-60
1754122364.38046,2,-1,-63
1754122364.41646,-2,-3,-57
1754122364.45446,0,8,-59
1754122364.49246,-2,-1,-56
1754122364.53146,0,-3,-53
1754122364.5694602,-3,2,-54
1754122364.6054602,-2,-3,-56
1754122364.64346,-5,3,-66
1754122364.68246,-5,0,-65
1754122364.7204602,0,4,-64
1754122364.7564602,2,-2,-72
1754122364.79546,-4,-1,-63
1754122364.8324602,-6,-1,-62
1754122364.8714602,-4,-2,-63
1754122364.9074602,1,2,-64
1754122364.94546,5,-6,-59
1754122364.98246,5,0,-60
1754122365.02146,0,-3,-62
1754122365.05746,-1,2,-69
1754122365.0954602,-8,-2,-63
1754122365.13246,-9,-3,-66
1754122365.1714602,-6,-2,-58
1754122365.2074602,-1,0,-59
1754122365.24546,7,1,-56
1754122365.2824602,-2,2,-65
1754122365.32146,-10,0,-63
1754122365.35746,-7,0,-61
1754122365.39546,0,5,-58
1754122365.43246,2,0,-68
1754122365.47146,-6,-6,-73
1754122365.50746,-1,-3,-67
1754122365.54546,-6,5,-72
1754122365.58346,2,-3,-71
1754122365.6214602,-1,-3,-54
1754122365.66046,-4,-9,-61
1754122365.69646,-2,-5,-71
1754122365.73446,-3,2,-64
1754122365.77246,-1,3,-67
1754122365.81146,-4,0,-71
1754122365.84746,-5,0,-54
1754122365.88546,-1,2,-67
1754122365.92346,-1,4,-72
1754122365.96246,2,3,-79
1754122366.00046,3,0,-71
1754122366.0364602,5,0,-65
1754122366.07346,6,1,-62
1754122366.11246,-3,-4,-59
1754122366.15046,-3,-1,-58
1754122366.18646,-6,2,-60
1754122366.2234602,-3,1,-62
1754122366.26246,3,-1,-59
1754122366.30046,-3,-3,-64
1754122366.33646,-7,-4,-68
1754122366.37446,-1,-8,-53
1754122366.41246,3,-1,-55
1754122366.45146,-1,0,-68
1754122366.48746,0,-2,-77
1754122366.5264602,0,-4,-64
1754122366.56346,-2,2,-58
1754122366.60246,-2,1,-54
1754122366.64046,-5,-1,-63
1754122366.67646,1,-4,-65
1754122366.71446,-1,-2,-58
1754122366.75246,-1,-2,-65
1754122366.79146,2,-8,-60
1754122366.82746,0,-7,-57
1754122366.8654602,-5,2,-55
1754122366.90346,7,-1,-69
1754122366.94246,5,-4,-70
1754122366.9804602,-3,-3,-59
1754122367.0164602,1,2,-64
1754122367.05346,-1,1,-57
1754122367.0924602,5,-1,-58
1754122367.13046,0,3,-65
1754122367.16646,8,3,-64
1754122367.20346,4,-2,-66
1754122367.24246,-4,0,-60
1754122367.27846,4,-6,-58
1754122367.31646,-6,0,-50
1754122367.3554602,0,-1,-51
1754122367.39246,2,0,-57
1754122367.43146,0,1,-48
1754122367.4674602,0,0,-60
1754122367.50546,-6,-3,-67
1754122367.54346,-4,-2,-60
1754122367.5824602,7,-2,-59
1754122367.6184602,1,0,-63
1754122367.65546,2,-4,-51
1754122367.69346,0,-2,-57
1754122367.73246,-1,2,-53
1754122367.76846,1,0,-76
1754122367.80546,1,0,-76
1754122367.84346,-1,2,-64
1754122367.88246,-1,0,-57
1754122367.91846,1,0,-70
1754122367.95546,-2,1,-76
1754122367.9934602,-3,-2,-66
1754122368.0324602,4,-1,-67
1754122368.06846,1,-1,-62
1754122368.1054602,0,0,-72
1754122368.14346,0,-7,-58
1754122368.18246,-5,0,-61
1754122368.21846,1,0,-77
1754122368.2564602,-3,0,-67
1754122368.29446,-3,-2,-75
1754122368.33346,1,-4,-70
1754122368.3714602,3,-7,-70
1754122368.4074602,0,3,-65
1754122368.44546,3,2,-73
1754122368.48446,-4,-6,-78
1754122368.52246,-10,-5,-73
1754122368.55846,0,-5,-73
1754122368.59646,3,-7,-67
1754122368.6344602,-1,-5,-58
1754122368.67346,-4,0,-57
1754122368.71146,-5,-1,-67
1754122368.74746,2,0,-65
1754122368.78446,-3,-3,-61
1754122368.82346,-11,2,-60
1754122368.8614602,-6,-1,-65
1754122368.89746,-4,2,-66
1754122368.9344602,1,-2,-71
1754122368.9734602,-1,-2,-69
1754122369.01146,0,0,-71
1754122369.04746,-2,9,-73
1754122369.0854602,-3,0,-62
1754122369.12346,-7,0,-71
1754122369.16246,2,1,-57
1754122369.19946,-4,0,-57
1754122369.23746,-5,0,-64
1754122369.27446,1,-2,-70
1754122369.31346,-5,-5,-66
1754122369.35146,-3,-4,-70
1754122369.38746,2,-3,-74
1754122369.42646,8,-8,-74
1754122369.4634602,10,-2,-71
1754122369.50246,2,-2,-61
1754122369.53846,0,0,-63
1754122369.5754602,6,-3,-58
1754122369.61346,3,0,-65
1754122369.65246,0,6,-60
1754122369.68846,-3,3,-55
1754122369.72646,6,1,-58
1754122369.76546,-3,-4,-59
1754122369.80346,-8,-5,-66
1754122369.83946,-8,0,-62
1754122369.87746,-4,3,-59
1754122369.91546,0,3,-72
1754122369.95346,1,-1,-52
1754122369.99246,2,-6,-70
1754122370.02846,0,2,-60
1754122370.0654602,-4,7,-64
1754122370.10346,0,1,-72
1754122370.14246,2,0,-65
1754122370.17846,1,2,-49
1754122370.21546,-6,0,-57
1754122370.2534602,0,-5,-56
1754122370.2924602,-5,-5,-53
1754122370.32846,-9,-2,-62
1754122370.36646,-3,-2,-76
1754122370.4044602,-4,-3,-66
1754122370.44346,-1,-6,-75
1754122370.47946,-2,0,-70
1754122370.5164602,-3,-1,-57
1754122370.55446,-2,-2,-60
1754122370.59346,-2,0,-66
1754122370.62946,-4,0,-70
1754122370.66646,-6,2,-65
1754122370.71246,-6,-3,-67
1754122370.74846,0,5,-72
1754122370.7864602,2,1,-65
1754122370.8254602,0,-1,-72
1754122370.86346,0,0,-62
1754122370.89946,5,-4,-57
1754122370.9374602,4,1,-56
1754122370.97546,-3,-2,-51
1754122371.01446,-2,-6,-55
1754122371.0524602,-1,0,-56
1754122371.0884602,1,5,-61
1754122371.12546,0,1,-58
1754122371.1644602,0,-4,-62
1754122371.20246,9,-10,-67
1754122371.23846,2,-11,-60
1754122371.2764602,1,-2,-70
1754122371.31446,-3,-2,-68
1754122371.35346,0,3,-69
1754122371.38946,-1,0,-70
1754122371.42846,1,1,-55
1754122371.46546,6,0,-63
1754122371.50446,4,0,-61
1754122371.5424602,1,1,-68
1754122371.57846,5,5,-58
1754122371.6154602,-2,7,-64
1754122371.6544602,-3,3,-75
1754122371.69246,4,5,-72
1754122371.72846,-4,5,-62
1754122371.7664602,-3,0,-63
1754122371.80446,-7,5,-70
1754122371.84346,-2,0,-72
1754122371.87946,-7,-2,-70
1754122371.9174602,6,0,-59
1754122371.95546,0,-3,-55
1754122371.99446,0,-1,-45
1754122372.03046,1,-6,-53
1754122372.06846,0,-2,-58
1754122372.10746,11,-4,-65
1754122372.1444602,2,0,-56
1754122372.18346,-7,3,-56
1754122372.21946,-4,-4,-60
1754122372.25746,-7,-4,-60
1754122372.29546,-2,-8,-64
1754122372.33446,0,-2,-64
1754122372.37046,0,1,-68
1754122372.4074602,-5,-3,-61
1754122372.44546,0,-3,-52
1754122372.48446,2,-6,-54
1754122372.52046,-5,-5,-53
1754122372.55846,3,-3,-63
1754122372.59646,-1,0,-76
1754122372.6344602,1,-4,-65
1754122372.67346,3,0,-55
1754122372.70946,-6,2,-63
1754122372.74746,-7,-10,-64
1754122372.78546,-5,-1,-65
1754122372.82446,-6,0,-67
1754122372.86046,4,-7,-63
1754122372.89846,-2,2,-67
1754122372.93646,1,1,-63
1754122372.97546,0,-6,-63
1754122373.0134602,-6,1,-73
1754122373.05046,-3,-3,-73
1754122373.08746,0,-1,-62
1754122373.12546,-2,5,-63
1754122373.1644602,1,-3,-63
1754122373.2004602,0,2,-71
1754122373.23746,-1,-2,-66
1754122373.27546,-7,-1,-60
1754122373.31446,-4,2,-66
1754122373.35046,-3,4,-67
1754122373.3884602,1,-1,-56
1754122373.42646,6,10,-66
1754122373.46546,3,12,-70
1754122373.5034602,-7,7,-64
1754122373.54046,-10,4,-63
1754122373.57746,-5,-1,-46
1754122373.6154602,-1,3,-59
1754122373.6544602,0,-2,-61
1754122373.6904602,2,-6,-72
1754122373.72846,7,-9,-59
1754122373.7664602,4,2,-66
1754122373.80546,0,-2,-70
1754122373.84346,2,1,-60
1754122373.87946,2,-2,-68
1754122373.91646,4,1,-61
1754122373.95546,6,4,-65
1754122373.9934602,7,2,-73
1754122374.0294602,5,2,-68
1754122374.06646,1,2,-65
1754122374.1054602,-3,3,-66
1754122374.14346,-6,-2,-67
1754122374.17946,-8,0,-62
1754122374.21646,-4,-2,-69
1754122374.25546,0,-4,-68
1754122374.29346,7,0,-67
1754122374.32946,0,0,-58
1754122374.36646,-5,-2,-55
1754122374.40546,-1,-2,-69
1754122374.44146,-2,-5,-62
1754122374.47946,-2,-1,-61
1754122374.51746,0,-4,-52
1754122374.55646,0,-5,-51
1754122374.59446,-1,0,-53
1754122374.63046,1,-4,-60
1754122374.66946,-4,-4,-72
1754122374.70646,2,-3,-60
1754122374.74546,0,-5,-56
1754122374.78146,-1,-4,-61
1754122374.8194602,-5,-1,-52
1754122374.85746,2,8,-59
1754122374.89546,0,3,-55
1754122374.9344602,0,5,-70
1754122374.9704602,-1,2,-77
1754122375.0094602,-4,1,-74
1754122375.04746,-11,-8,-71
1754122375.0854602,-4,-5,-71
1754122375.1214602,3,0,-66
1754122375.15946,-6,2,-78
1754122375.1974602,0,3,-68
1754122375.2364602,0,-1,-64
1754122375.27446,-3,-6,-74
1754122375.31046,-4,-3,-69
1754122375.3484602,-3,2,-49
1754122375.38646,-5,2,-65
1754122375.42546,-5,7,-57
1754122375.46146,-2,0,-59
1754122375.49846,0,-1,-67
1754122375.5364602,-4,-1,-66
1754122375.5754602,4,-8,-66
1754122375.6114602,1,-6,-72
1754122375.64846,1,0,-78
1754122375.68646,0,0,-62
1754122375.72546,0,-6,-53
1754122375.76146,1,-4,-68
1754122375.7994602,4,-3,-66
1754122375.83746,-1,0,-69
1754122375.87646,0,-4,-59
1754122375.9144602,0,-4,-63
1754122375.9504602,0,-8,-64
1754122375.98846,3,-3,-65
1754122376.0264602,5,1,-75
1754122376.0654602,2,3,-80
1754122376.10446,-9,-1,-73
1754122376.14046,-11,-8,-71
1754122376.17846,-6,-1,-60
1754122376.21646,-3,0,-66
1754122376.25546,-4,0,-72
1754122376.29146,-2,2,-63
1754122376.32946,-4,0,-70
1754122376.36646,-5,0,-64
1754122376.40546,6,1,-60
1754122376.44146,1,0,-64
1754122376.47946,5,1,-70
1754122376.5164602,-2,-5,-48
1754122376.55546,3,0,-58
1754122376.59146,8,4,-60
1754122376.62946,6,3,-57
1754122376.66646,5,0,-53
1754122376.70546,0,-6,-62
1754122376.74146,-3,-5,-60
1754122376.7794602,-1,-2,-67
1754122376.81746,3,1,-65
1754122376.85646,1,-3,-52
1754122376.89246,2,2,-46
1754122376.92946,-5,0,-58
1754122376.9674602,-2,-1,-61
1754122377.0064602,-4,0,-68
1754122377.0424602,2,-1,-66
1754122377.07946,-1,1,-66
1754122377.11746,-3,-3,-63
1754122377.15646,-1,0,-66
1754122377.19246,-4,0,-68
1754122377.22946,-1,-2,-68
1754122377.26746,-2,0,-62
1754122377.30646,-7,-4,-59
1754122377.3424602,0,-6,-63
1754122377.38046,1,-4,-74
1754122377.41846,-1,2,-58
1754122377.4574602,-4,-3,-64
1754122377.49546,1,-6,-66
1754122377.53146,4,-4,-64
1754122377.5694602,8,-6,-61
1754122377.6084602,0,-2,-60
1754122377.64646,4,-12,-70
1754122377.68246,2,-6,-64
1754122377.7204602,0,2,-65
1754122377.75846,4,-2,-57
1754122377.79746,0,-2,-70
1754122377.8354602,-4,-6,-71
1754122377.8714602,1,-3,-65
1754122377.90846,4,1,-58
1754122377.9474602,-2,0,-57
1754122377.98546,2,-2,-58
1754122378.02146,-4,-2,-62
1754122378.0594602,-1,-4,-66
1754122378.09746,-1,-5,-70
1754122378.13646,-8,3,-71
1754122378.17246,-2,4,-67
1754122378.2104602,-3,2,-63
1754122378.24846,4,2,-57
1754122378.28746,0,3,-63
1754122378.3254602,-1,0,-70
1754122378.3614602,-1,2,-79
1754122378.39946,0,4,-64
1754122378.4374602,1,0,-72
1754122378.47646,-1,0,-73
1754122378.51246,-2,-2,-66
1754122378.55046,0,-6,-72
1754122378.5884602,5,-3,-81
1754122378.62746,0,0,-65
1754122378.66546,2,0,-57
1754122378.70146,2,7,-64
1754122378.73946,-4,6,-61
1754122378.77846,0,0,-63
1754122378.81646,3,-3,-69
1754122378.85246,7,-5,-58
1754122378.88946,1,-4,-63
1754122378.92846,-4,-3,-62
1754122378.96646,0,0,-68
1754122379.00246,-2,-2,-60
1754122379.04046,-3,-2,-62
1754122379.07846,1,-2,-60
1754122379.11746,0,-8,-65
1754122379.15346,0,-11,-56
1754122379.19146,6,-8,-61
1754122379.22946,1,0,-67
1754122379.26746,0,0,-58
1754122379.30646,-2,-5,-64
1754122379.3424602,4,0,-63
1754122379.37946,-1,-1,-49
1754122379.4174602,-3,-3,-49
1754122379.45646,0,-4,-61
1754122379.4934602,0,0,-57
1754122379.53046,0,0,-63
1754122379.56846,-2,-3,-67
1754122379.60746,0,-8,-59
1754122379.64346,-4,-9,-66
1754122379.68146,-4,2,-65
1754122379.7204602,-3,3,-63
1754122379.75846,0,-7,-69
1754122379.7964602,0,-8,-71
1754122379.8324602,0,-5,-58
1754122379.86946,-1,-5,-71
1754122379.90846,-6,0,-66
1754122379.94646,0,1,-64
1754122379.98246,-1,-3,-56
1754122380.02046,-6,4,-66
1754122380.0594602,-1,0,-66
1754122380.09746,-3,0,-69
1754122380.13346,1,-2,-62
1754122380.1714602,-4,-4,-54
1754122380.2104602,0,-8,-67
1754122380.24846,-4,-4,-59
1754122380.2864602,-7,-4,-63
1754122380.3224602,-4,0,-71
1754122380.36046,3,3,-68
1754122380.39846,-3,5,-77
1754122380.4374602,-2,1,-54
1754122380.4734602,0,4,-58
1754122380.51046,-6,7,-70
1754122380.54846,1,5,-64
1754122380.58746,-4,-2,-56
1754122380.62346,-2,2,-57
1754122380.6614602,0,-3,-61
1754122380.69946,-1,-2,-63
1754122380.7434602,0,1,-70
1754122380.7824602,-1,-3,-60
1754122380.8194602,-1,0,-59
1754122380.8584602,-1,6,-70
1754122380.89646,7,-4,-73
1754122380.93246,5,-6,-65
1754122380.9704602,-2,-3,-63
1754122381.00846,4,0,-68
1754122381.04746,-2,-1,-65
1754122381.08346,-2,-7,-64
1754122381.1214602,0,0,-62
1754122381.16046,-1,-7,-64
1754122381.19846,1,-2,-75
1754122381.23446,-8,6,-71
1754122381.27346,-7,5,-71
1754122381.31046,1,-3,-64
1754122381.3484602,3,-8,-62
1754122381.38746,2,2,-61
1754122381.42346,-2,4,-60
1754122381.46146,-7,5,-58
1754122381.49946,-3,1,-67
1754122381.53846,-3,0,-58
1754122381.57446,0,0,-54
1754122381.61346,0,0,-65
1754122381.65046,-5,-5,-69
1754122381.68946,0,-2,-71
1754122381.72746,1,2,-72
1754122381.7634602,-1,-3,-70
1754122381.8024602,-2,-5,-60
1754122381.83946,-1,-1,-59
1754122381.8784602,-5,2,-63
1754122381.9144602,-1,0,-53
1754122381.95246,0,0,-75
1754122381.9904602,-5,1,-88
1754122382.0294602,-5,-3,-79
1754122382.06746,-11,-4,-73
1754122382.10346,-4,-7,-66
1754122382.1414602,-5,2,-58
1754122382.18046,0,4,-60
1754122382.21846,5,0,-59
1754122382.25446,-1,-7,-69
1754122382.29346,3,-8,-79
1754122382.33046,-6,-7,-71
1754122382.36946,0,-3,-65
1754122382.4074602,-5,-1,-72
1754122382.44346,-5,-7,-72
1754122382.48146,-3,-2,-64
1754122382.5194602,-3,-7,-50
1754122382.55846,0,-2,-51
1754122382.59446,0,-11,-58
1754122382.63246,-2,-6,-66
1754122382.67046,0,3,-62
1754122382.70946,-2,1,-58
1754122382.74746,-8,-1,-73
1754122382.78346,-7,-7,-76
1754122382.8224602,-3,-10,-51
1754122382.85946,-8,-7,-56
1754122382.89846,-4,-8,-61
1754122382.9344602,-3,1,-59
1754122382.97246,-7,1,-58
1754122383.01046,4,-3,-66
1754122383.0494602,6,-3,-60
1754122383.08746,4,3,-64
1754122383.12346,2,0,-66
1754122383.16046,0,-3,-58
1754122383.19946,0,-6,-61
1754122383.23746,0,-8,-54
1754122383.27346,1,-2,-59
1754122383.31146,3,-4,-52
1754122383.34946,7,-6,-55
1754122383.3884602,4,-2,-63
1754122383.4244602,-2,-6,-67
1754122383.46246,0,4,-66
1754122383.50046,1,-2,-69
1754122383.5394602,10,-2,-68
1754122383.57746,5,0,-58
1754122383.61446,8,-6,-63
1754122383.6514602,2,0,-61
1754122383.68946,-6,-2,-72
1754122383.72846,-11,-9,-88
1754122383.76446,-10,-2,-78
1754122383.8024602,-3,-3,-66
1754122383.84046,-1,0,-62
1754122383.87946,-6,-1,-65
1754122383.91546,-1,-8,-72
1754122383.95346,7,-4,-58
1754122383.99146,1,-4,-57
1754122384.0294602,0,-4,-70
1754122384.06846,0,-7,-61
1754122384.10446,-2,-4,-68
1754122384.14246,-1,0,-56
1754122384.18046,-8,1,-54
1754122384.21946,2,-2,-56
1754122384.25546,0,-1,-68
1754122384.29346,12,-3,-66
1754122384.33146,2,7,-70
1754122384.37046,2,-1,-57
1754122384.40846,-12,-2,-65
1754122384.4444602,-5,0,-66
1754122384.4834602,1,3,-63
1754122384.52046,-3,-9,-58
1754122384.5594602,-6,0,-65
1754122384.5954602,0,1,-63
1754122384.63346,-3,-1,-60
1754122384.67046,-2,-4,-55
1754122384.70946,-7,3,-55
1754122384.74546,5,0,-60
1754122384.78346,0,1,-62
1754122384.82046,7,-1,-63
1754122384.85946,3,0,-55
1754122384.89546,3,8,-56
1754122384.93246,-1,0,-54
1754122384.9704602,-1,-7,-49
1754122385.0094602,4,-10,-64
1754122385.04546,3,-6,-66
1754122385.0824602,-3,-5,-65
1754122385.1214602,2,0,-67
1754122385.15946,-1,-2,-67
1754122385.19546,3,-2,-49
1754122385.23446,6,2,-62
1754122385.27146,-6,-6,-69
1754122385.31046,-7,8,-85
1754122385.3484602,-3,4,-70
1754122385.3844602,4,-4,-62
1754122385.42246,5,-6,-64
1754122385.4604602,5,0,-65
1754122385.49946,4,0,-53
1754122385.53546,-1,0,-59
1754122385.57346,-1,0,-63
1754122385.61246,-4,4,-62
1754122385.65046,-1,3,-69
1754122385.68846,1,0,-61
1754122385.72546,2,-9,-62
1754122385.76246,2,-1,-58
1754122385.80046,1,0,-65
1754122385.83946,1,-3,-77
1754122385.87546,0,-4,-81
1754122385.91246,0,-1,-69
1754122385.9504602,-3,-6,-53
1754122385.98946,-1,-6,-51
1754122386.02546,-2,-5,-52
1754122386.06346,0,-2,-60
1754122386.10146,0,-4,-61
1754122386.14046,6,-4,-57
1754122386.17646,3,0,-50
1754122386.2134602,5,0,-54
1754122386.25146,0,3,-63
1754122386.29046,0,1,-65
1754122386.32646,4,1,-70
1754122386.36446,3,0,-65
1754122386.40246,5,-2,-56
1754122386.4404602,0,4,-71
1754122386.47946,4,-3,-61
1754122386.51546,4,-9,-61
1754122386.55446,3,-3,-65
1754122386.59146,3,-2,-60
1754122386.63046,7,0,-61
1754122386.66646,0,3,-73
1754122386.70446,-5,1,-62
1754122386.74246,0,2,-59
1754122386.78146,3,-1,-69
1754122386.8194602,-3,0,-54
1754122386.8554602,0,0,-73
1754122386.89346,3,2,-70
1754122386.93146,-1,-1,-65
1754122386.9704602,1,-1,-64
1754122387.0064602,0,0,-61
1754122387.04346,7,-5,-53
1754122387.0824602,3,1,-58
1754122387.12046,0,-1,-64
1754122387.15646,0,-1,-62
1754122387.1944602,0,0,-68
1754122387.23246,5,-4,-57
1754122387.27146,-2,0,-71
1754122387.3094602,0,-4,-68
1754122387.3454602,7,-1,-59
1754122387.38346,1,-5,-67
1754122387.4214602,7,-7,-62
1754122387.4604602,-5,-9,-47
1754122387.4964602,-6,-8,-68
1754122387.53446,-7,-2,-60
1754122387.57346,-6,2,-66
1754122387.6114602,5,0,-62
1754122387.64946,0,0,-76
1754122387.68646,2,-3,-72
1754122387.7234602,3,-2,-69
1754122387.76146,-1,-1,-63
1754122387.80046,-1,-8,-65
1754122387.83646,-5,-5,-59
1754122387.87446,2,-5,-65
1754122387.91246,0,1,-71
1754122387.95146,-2,-4,-58
1754122387.98746,7,0,-64
1754122388.02446,2,0,-60
1754122388.0624602,-1,-5,-60
1754122388.10146,-7,4,-56
1754122388.13746,3,1,-56
1754122388.1744602,2,2,-62
1754122388.21246,9,-1,-77
1754122388.25146,6,1,-64
1754122388.29046,-1,4,-68
1754122388.32646,0,3,-68
1754122388.36346,-3,-1,-65
1754122388.4014602,-2,-2,-61
1754122388.4404602,-10,-6,-58
1754122388.47646,-5,-5,-56
1754122388.51446,-8,-3,-60
1754122388.5524602,3,-5,-52
1754122388.59146,2,-3,-57
1754122388.62746,-1,-1,-54
1754122388.66646,-7,0,-55
1754122388.70346,1,0,-69
1754122388.74146,5,-3,-73
1754122388.78046,7,0,-68
1754122388.81646,0,2,-65
1754122388.85346,-1,-2,-59
1754122388.89246,-1,1,-61
1754122388.93046,-2,-2,-60
1754122388.96646,-5,-5,-53
1754122389.00446,-5,1,-82
1754122389.0424602,3,-4,-70
1754122389.08146,1,2,-74
1754122389.11746,-3,0,-72
1754122389.15546,0,1,-66
1754122389.19346,1,-3,-64
1754122389.23246,0,-4,-46
1754122389.27046,0,-2,-49
1754122389.30646,-1,2,-46
1754122389.34346,-3,0,-61
1754122389.38246,10,-7,-59
1754122389.42046,4,-6,-60
1754122389.4574602,3,0,-59
1754122389.49446,0,4,-72
1754122389.5324602,3,3,-64
1754122389.57146,0,0,-68
1754122389.60746,-2,5,-64
1754122389.64546,-6,5,-65
1754122389.68346,-2,-1,-71
1754122389.72246,-8,2,-71
1754122389.76046,-2,-7,-65
1754122389.7964602,-3,-6,-63
1754122389.83446,0,0,-75
1754122389.87246,-1,-1,-69
1754122389.9114602,-1,0,-66
1754122389.9474602,3,-4,-59
1754122389.9864602,0,1,-57
1754122390.02346,4,0,-62
1754122390.06146,2,-8,-66
1754122390.09746,-3,-4,-60
1754122390.13646,0,3,-65
1754122390.17346,1,1,-58
1754122390.21246,2,0,-59
1754122390.24846,-8,-2,-68
1754122390.2864602,-2,-5,-74
1754122390.32446,0,-6,-66
1754122390.36246,6,-4,-55
1754122390.4014602,2,1,-66
1754122390.4374602,5,-2,-61
1754122390.47546,0,-4,-74
1754122390.5134602,4,-4,-70
1754122390.5524602,-3,-4,-67
1754122390.5884602,0,4,-64
1754122390.62546,-4,-1,-64
1754122390.66346,4,-1,-50
1754122390.70246,0,-4,-61
1754122390.7464602,2,0,-64
1754122390.78446,2,-4,-68
1754122390.8224602,-3,-1,-66
1754122390.8614602,0,-2,-67
1754122390.89746,0,1,-74
1754122390.9344602,1,-1,-78
1754122390.9734602,0,-10,-65
1754122391.01146,-4,-4,-67
1754122391.04746,-1,0,-76
1754122391.08446,5,0,-66
1754122391.12346,1,-4,-55
1754122391.1614602,0,-1,-69
1754122391.1974602,1,-5,-59
1754122391.2364602,1,-9,-63
1754122391.27346,-3,-5,-66
1754122391.3124602,-2,-2,-63
1754122391.3484602,-1,-5,-69
1754122391.38646,0,0,-70
1754122391.4244602,3,-4,-60
1754122391.4634602,-3,-2,-58
1754122391.50146,5,6,-61
1754122391.53746,-2,3,-54
1754122391.57646,-4,2,-68
1754122391.61346,-1,-1,-61
1754122391.65246,0,-7,-61
1754122391.68846,5,-11,-64
1754122391.72646,0,-2,-60
1754122391.76446,-2,-7,-67
1754122391.80346,2,-2,-60
1754122391.84146,6,3,-66
1754122391.87746,0,2,-59
1754122391.91546,0,-1,-55
1754122391.95346,3,0,-62
1754122391.99246,2,0,-73
1754122392.02846,3,0,-61
1754122392.0654602,0,1,-71
1754122392.10346,6,3,-69
1754122392.14246,6,6,-63
1754122392.17846,0,2,-57
1754122392.21646,0,-5,-67
1754122392.25446,1,-5,-72
1754122392.29346,0,-5,-68
1754122392.33146,-3,-1,-66
1754122392.36746,1,3,-62
1754122392.40646,0,7,-60
1754122392.44346,0,2,-62
1754122392.48246,-2,0,-62
1754122392.51846,-4,1,-61
1754122392.55646,-6,-8,-61
1754122392.59346,-5,-9,-69
1754122392.63246,-3,-1,-66
1754122392.66846,-2,-1,-61
1754122392.70646,-6,0,-66
1754122392.74446,-11,0,-70
1754122392.78346,-12,0,-74
1754122392.8194602,-6,-3,-66
1754122392.85746,-1,-6,-68
1754122392.89546,-10,-1,-58
1754122392.93346,1,-2,-66
1754122392.97246,7,0,-59
1754122393.00846,3,0,-63
1754122393.04546,-4,3,-69
1754122393.08346,-2,-1,-60
1754122393.12246,-1,0,-50
1754122393.15846,1,-3,-60
1754122393.19646,0,-5,-60
1754122393.23546,-5,9,-63
1754122393.27346,-2,0,-62
1754122393.3094602,-3,-1,-71
1754122393.3484602,2,-1,-62
1754122393.38546,1,6,-69
1754122393.42346,-2,5,-61
1754122393.46246,-4,-2,-57
1754122393.49846,-3,-2,-62
1754122393.5364602,-1,0,-66
1754122393.57446,-2,4,-61
1754122393.61346,0,9,-62
1754122393.64946,-2,2,-57
1754122393.68646,-1,-1,-43
1754122393.72446,-3,-7,-58
1754122393.7634602,9,-3,-57
1754122393.7994602,0,4,-55
1754122393.83646,4,0,-58
1754122393.87446,-1,-5,-66
1754122393.91346,1,-5,-71
1754122393.94946,0,0,-64
1754122393.98746,-2,4,-63
1754122394.02546,-8,0,-57
1754122394.06446,-3,-5,-67
1754122394.10246,-4,3,-58
1754122394.1384602,-2,2,-62
1754122394.17646,0,0,-72
1754122394.21446,-2,4,-64
1754122394.2534602,1,2,-57
1754122394.2894602,0,3,-71
1754122394.32746,2,0,-72
1754122394.36446,3,-7,-58
1754122394.40346,-3,-10,-62
1754122394.43946,-2,-8,-66
1754122394.47746,-2,-5,-75
1754122394.51546,1,-6,-60
1754122394.55446,5,-2,-71
1754122394.5924602,5,7,-63
1754122394.6284602,1,5,-64
1754122394.66546,4,-1,-69
1754122394.70446,0,-1,-70
1754122394.74246,2,0,-65
1754122394.77846,-2,4,-56
1754122394.81646,5,-2,-49
1754122394.85446,3,-2,-53
1754122394.89346,3,0,-54
1754122394.92946,0,4,-62
1754122394.96646,-6,-1,-59
1754122395.00446,-2,-4,-74
1754122395.04346,3,2,-75
1754122395.07946,2,0,-72
1754122395.11646,1,-3,-55
1754122395.1544602,0,-5,-53
1754122395.19346,-1,1,-65
1754122395.22946,-2,8,-71
1754122395.26846,-2,3,-76
1754122395.30546,3,1,-67
1754122395.34446,-7,-2,-74
1754122395.38046,-6,-4,-75
1754122395.41846,0,0,-64
1754122395.4574602,1,0,-66
1754122395.49446,-4,0,-74
1754122395.53346,-7,3,-78
1754122395.5694602,-1,-2,-76
1754122395.60746,-8,1,-68
1754122395.64546,-3,3,-54
1754122395.6844602,-3,3,-61
1754122395.7204602,-3,4,-73
1754122395.75846,-3,-3,-70
1754122395.7964602,-5,-6,-74
1754122395.8354602,-6,-1,-59
1754122395.87346,1,-10,-62
1754122395.90946,4,-3,-66
1754122395.94646,-1,-1,-59
1754122395.98546,-8,1,-55
1754122396.02346,4,1,-57
1754122396.0594602,-1,-5,-55
1754122396.0984602,-2,2,-51
1754122396.13546,-3,4,-62
1754122396.1744602,-5,-1,-69
1754122396.2104602,-5,-1,-64
1754122396.24846,0,-1,-63
1754122396.2864602,-1,4,-56
1754122396.3254602,0,-2,-66
1754122396.36346,3,-3,-67
1754122396.39946,1,-7,-56
1754122396.4374602,0,-5,-67
1754122396.47546,0,0,-55
1754122396.51446,-9,0,-55
1754122396.55046,-2,-1,-70
1754122396.5884602,-3,6,-62
1754122396.62646,0,3,-51
1754122396.66546,3,3,-66
1754122396.70346,2,1,-61
1754122396.73946,-2,1,-61
1754122396.77746,-3,0,-60
1754122396.8154602,-3,0,-67
1754122396.85446,-6,1,-73
1754122396.89046,-1,5,-80
1754122396.92846,-4,1,-66
1754122396.96646,0,-3,-67
1754122397.00546,0,0,-63
1754122397.04146,0,3,-69
1754122397.07846,3,-2,-67
1754122397.11646,0,-2,-52
1754122397.15546,-8,-5,-70
1754122397.19146,0,-1,-61
1754122397.22946,-3,-2,-71
1754122397.26846,-5,0,-65
1754122397.30546,-2,4,-61
1754122397.34446,6,-1,-71
1754122397.38046,5,3,-66
1754122397.41846,3,-2,-63
1754122397.45646,3,-7,-63
1754122397.49546,-1,0,-74
1754122397.53146,-2,0,-65
1754122397.5694602,0,0,-72
1754122397.60746,-2,-2,-63
1754122397.64546,-2,0,-69
1754122397.6844602,2,-9,-63
1754122397.7204602,0,0,-66
1754122397.75746,3,0,-71
1754122397.79546,0,-2,-68
1754122397.83446,-2,0,-64
1754122397.87046,-3,-2,-60
1754122397.90846,-1,-4,-72
1754122397.94546,4,0,-60
1754122397.98446,2,3,-51
1754122398.02046,-2,-1,-66
1754122398.05846,5,-2,-49
1754122398.09646,2,-6,-53
1754122398.13546,-6,-1,-51
1754122398.1714602,-9,0,-60
1754122398.20946,-10,0,-66
1754122398.24746,-2,-2,-69
1754122398.2864602,-8,2,-72
1754122398.32446,-3,-3,-59
1754122398.36046,-4,0,-63
1754122398.39846,-1,1,-69
1754122398.43646,1,5,-67
1754122398.47546,5,3,-75
1754122398.51146,-1,0,-75
1754122398.5494602,0,0,-75
1754122398.58746,3,-9,-66
1754122398.62646,6,-1,-60
1754122398.6644602,-2,2,-61
1754122398.7004602,-2,-2,-62
1754122398.73946,0,-4,-68
1754122398.7764602,0,-7,-68
1754122398.8154602,0,-4,-56
1754122398.85146,-5,1,-59
1754122398.88946,-3,4,-65
1754122398.92646,9,-1,-50
1754122398.96546,0,0,-64
1754122399.00146,-3,-2,-61
1754122399.0394602,4,-7,-67
1754122399.07746,-1,1,-63
1754122399.11646,4,1,-63
1754122399.1544602,0,-6,-67
1754122399.1904602,9,-4,-65
1754122399.22846,-3,-5,-53
1754122399.2664602,-1,5,-61
1754122399.30546,0,1,-59
1754122399.34146,-3,3,-57
1754122399.37946,-8,0,-58
1754122399.41846,0,-2,-71
1754122399.45646,5,4,-75
1754122399.49246,2,-3,-62
1754122399.53146,1,-8,-63
1754122399.56846,-2,0,-57
1754122399.60646,-1,-7,-64
1754122399.64546,1,-6,-58
1754122399.68146,-6,-4,-58
1754122399.71946,-10,-4,-59
1754122399.75746,-3,0,-60
1754122399.7964602,-6,1,-68
1754122399.8324602,6,-1,-67
1754122399.8714602,5,3,-70
1754122399.90846,1,-1,-70
1754122399.94646,-5,-2,-60
1754122399.98546,3,-6,-66
1754122400.02146,4,-1,-69
1754122400.0594602,-3,5,-53
1754122400.0984602,-8,3,-61
1754122400.13646,-5,3,-63
1754122400.17246,-4,4,-67
1754122400.2104602,-13,-3,-66
1754122400.24846,-2,0,-58
1754122400.2864602,1,-1,-66
1754122400.3254602,2,1,-73
1754122400.3614602,-1,1,-65
1754122400.39946,0,0,-74
1754122400.4374602,0,7,-69
1754122400.47646,2,3,-60
1754122400.51246,-2,-1,-62
1754122400.55046,-5,0,-53
1754122400.5884602,-4,-1,-54
1754122400.62746,0,-2,-65
1754122400.66546,-2,0,-65
1754122400.70146,4,1,-69
1754122400.73846,1,-7,-57
1754122400.7824602,2,6,-67
1754122400.82146,-3,0,-49
1754122400.85946,1,1,-74
1754122400.89746,1,-1,-63
1754122400.93546,0,4,-63
1754122400.97146,-8,0,-73
1754122401.0094602,1,-1,-61
1754122401.04846,6,-8,-70
1754122401.08646,9,0,-54
1754122401.12246,0,1,-62
1754122401.16046,0,4,-63
1754122401.19846,-1,-4,-70
1754122401.23746,-4,-5,-69
1754122401.27546,-3,-2,-74
1754122401.31146,0,-8,-58
1754122401.34946,0,-2,-55
1754122401.38746,4,1,-59
1754122401.42646,1,3,-61
1754122401.46246,-1,-8,-72
1754122401.50046,-3,2,-66
1754122401.53846,-9,4,-66
1754122401.57746,-2,-3,-71
1754122401.6154602,-1,-7,-64
1754122401.6514602,4,3,-71
1754122401.68946,-2,2,-60
1754122401.72746,-2,3,-63
1754122401.7634602,2,3,-57
1754122401.80046,0,-2,-50
1754122401.8384602,3,-9,-69
1754122401.87746,2,-9,-65
1754122401.91346,3,-7,-69
1754122401.95246,-2,-3,-78
1754122401.98946,-7,9,-63
1754122402.02746,-1,1,-55
1754122402.06646,1,0,-63
1754122402.10246,-3,4,-54
1754122402.13946,-2,3,-54
1754122402.1774602,-3,5,-67
1754122402.2174602,2,-1,-66
1754122402.2534602,7,0,-64
1754122402.29146,6,1,-65
1754122402.32946,-9,-5,-66
1754122402.3684602,-4,0,-68
1754122402.40646,1,1,-61
1754122402.44246,0,-2,-58
1754122402.4804602,1,2,-57
1754122402.51846,6,-7,-63
1754122402.55746,0,-5,-60
1754122402.59346,-1,-1,-64
1754122402.6314602,1,-3,-67
1754122402.66946,-6,0,-65
1754122402.70846,-4,-1,-66
1754122402.7464602,-8,-1,-62
1754122402.7824602,-1,-1,-66
1754122402.82046,2,4,-64
1754122402.85946,-1,3,-73
1754122402.89746,0,3,-65
1754122402.9344602,-3,0,-77
1754122402.97146,0,2,-70
1754122403.0094602,-2,0,-68
1754122403.04846,-8,1,-60
1754122403.08646,0,-1,-56
1754122403.12246,0,0,-56
1754122403.15946,4,-4,-58
1754122403.19846,-3,0,-61
1754122403.2364602,-8,0,-62
1754122403.27246,-5,2,-68
1754122403.31046,-7,3,-58
1754122403.3484602,-1,1,-65
1754122403.38746,10,2,-55
1754122403.42346,4,0,-59
1754122403.4604602,1,0,-62
1754122403.49846,-7,-7,-66
1754122403.53746,0,-8,-69
1754122403.57346,0,-6,-56
1754122403.6114602,-7,2,-70
1754122403.64946,-4,3,-63
1754122403.68846,5,-3,-71
1754122403.72646,2,0,-68
1754122403.76246,-2,2,-58
1754122403.80046,-6,1,-64
1754122403.83946,0,0,-64
1754122403.87746,0,2,-55
1754122403.91346,-10,2,-64
1754122403.95246,-3,-3,-73
1754122403.98946,-2,-2,-65
1754122404.02846,3,-7,-71
1754122404.06646,7,4,-60
1754122404.10246,-2,0,-59
1754122404.14046,-2,-4,-67
1754122404.17946,2,-3,-65
1754122404.2174602,-1,-2,-52
1754122404.2534602,-3,-5,-61
1754122404.29146,0,-3,-61
1754122404.32946,2,-2,-69
1754122404.3684602,0,-2,-69
1754122404.4044602,-3,-3,-51
1754122404.44246,-1,-1,-59
1754122404.48146,-6,-6,-57
1754122404.51846,-3,-2,-67
1754122404.55746,-4,5,-69
1754122404.59346,2,9,-77
1754122404.6314602,-3,0,-75
1754122404.66846,0,-5,-72
1754122404.7074602,-4,0,-75
1754122404.7434602,-2,0,-67
1754122404.7824602,-8,3,-59
1754122404.8194602,0,0,-64
1754122404.8584602,2,1,-60
1754122404.8944602,-6,1,-46
1754122404.93146,-6,6,-78
1754122404.96946,-6,0,-64
1754122405.00846,-7,1,-65
1754122405.04446,-2,2,-66
1754122405.08346,-4,2,-65
1754122405.12046,7,2,-53
1754122405.15946,4,5,-52
1754122405.1974602,-1,0,-66
1754122405.2334602,-3,-1,-74
1754122405.27146,-10,5,-67
1754122405.3094602,-5,-5,-71
1754122405.3484602,-1,2,-70
1754122405.3844602,4,4,-69
1754122405.42246,3,0,-74
1754122405.4604602,-5,-2,-54
1754122405.49946,2,3,-59
1754122405.53746,1,0,-59
1754122405.57346,5,-4,-71
1754122405.6114602,4,-3,-67
1754122405.64946,2,-5,-62
1754122405.68846,1,1,-67
1754122405.72446,-1,5,-52
1754122405.7634602,-12,0,-60
1754122405.80046,-5,1,-63
1754122405.83946,-9,-1,-58
1754122405.87746,-2,4,-56
1754122405.91346,-3,-5,-67
1754122405.95146,-1,-2,-66
1754122405.98946,-5,0,-71
1754122406.02846,-4,-3,-71
1754122406.06446,0,2,-74
1754122406.10146,0,0,-59
1754122406.13946,-1,0,-65
1754122406.17846,0,-7,-65
1754122406.21446,3,1,-61
1754122406.25246,2,-13,-59
1754122406.29046,-3,-3,-57
1754122406.32946,0,5,-65
1754122406.3654602,0,3,-66
1754122406.40246,-2,5,-58
1754122406.4404602,-3,5,-59
1754122406.47946,6,-8,-59
1754122406.51546,0,-6,-62
1754122406.55346,4,-6,-62
1754122406.59146,-5,-7,-60
1754122406.62946,-4,-7,-69
1754122406.66846,4,-6,-60
1754122406.70446,0,-5,-53
1754122406.74246,-3,-3,-55
1754122406.7794602,7,0,-69
1754122406.81846,0,-4,-60
1754122406.85446,0,-4,-62
1754122406.89246,0,0,-63
1754122406.93146,-2,1,-60
1754122406.96946,-8,-1,-69
1754122407.00546,-6,1,-69
1754122407.04346,-3,0,-56
1754122407.08146,-3,0,-56
1754122407.11946,4,1,-58
1754122407.15846,-4,-1,-53
1754122407.1944602,-10,0,-53
1754122407.23246,0,1,-49
1754122407.27046,8,0,-66
1754122407.3094602,5,-1,-60
1754122407.3454602,4,-2,-63
1754122407.38346,1,-3,-65
1754122407.42246,6,-2,-70
1754122407.4604602,0,-2,-66
1754122407.49846,10,-1,-71
1754122407.53446,1,0,-63
1754122407.5724602,-6,0,-60
1754122407.61046,1,0,-67
1754122407.64846,0,-5,-73
1754122407.6844602,1,-3,-68
1754122407.72246,-1,7,-60
1754122407.76046,-3,3,-58
1754122407.79846,-2,2,-55
1754122407.83446,2,-1,-60
1754122407.8714602,9,1,-59
1754122407.91046,-4,0,-60
1754122407.94846,-6,-2,-60
1754122407.98446,-4,0,-59
1754122408.02246,-1,2,-68
1754122408.06046,-12,-3,-67
1754122408.0984602,-2,1,-59
1754122408.1344602,-1,3,-55
1754122408.17246,-1,-2,-63
1754122408.2104602,0,7,-53
1754122408.24846,-2,5,-63
1754122408.28446,-8,5,-65
1754122408.32146,-6,-5,-64
1754122408.36046,-4,-1,-61
1754122408.39846,0,0,-56
1754122408.4344602,5,0,-61
1754122408.47246,4,-3,-66
1754122408.51046,7,-3,-58
1754122408.5464602,-4,3,-54
1754122408.58446,1,4,-61
1754122408.62246,-4,0,-68
1754122408.66046,10,0,-61
1754122408.69946,7,-5,-63
1754122408.73546,0,-1,-65
1754122408.77346,-1,0,-71
1754122408.81146,1,0,-55
1754122408.85046,0,0,-61
1754122408.88646,-8,-2,-68
1754122408.9244602,-2,-5,-64
1754122408.96246,-6,-4,-58
1754122409.00146,-5,-9,-56
1754122409.0394602,0,1,-62
1754122409.07646,2,5,-60
1754122409.11346,4,4,-60
1754122409.1514602,-1,-2,-55
1754122409.1904602,-1,-4,-60
1754122409.22646,0,0,-58
1754122409.2634602,4,1,-60
1754122409.30146,1,2,-56
1754122409.34046,-1,-4,-64
1754122409.37646,1,2,-73
1754122409.4144602,0,-3,-55
1754122409.45146,-1,3,-60
1754122409.4904602,-3,0,-62
1754122409.5264602,-4,-2,-65
1754122409.56446,-5,-2,-69
1754122409.60246,-3,-1,-69
1754122409.6414602,0,-1,-72
1754122409.67946,-4,-2,-59
1754122409.71546,-1,6,-67
1754122409.75246,0,0,-57
1754122409.79146,-2,0,-66
1754122409.82946,-6,-3,-56
1754122409.8654602,1,-5,-65
1754122409.90346,2,-4,-76
1754122409.94246,-3,0,-77
1754122409.9804602,3,-1,-70
1754122410.0164602,0,0,-60
1754122410.05346,2,1,-60
1754122410.0924602,-6,-1,-61
1754122410.13046,-3,3,-64
1754122410.16646,7,0,-71
1754122410.20346,8,-1,-59
1754122410.24246,4,0,-58
1754122410.28046,5,-3,-63
1754122410.31646,0,-1,-65
1754122410.3554602,-1,-6,-60
1754122410.39246,-3,-3,-63
1754122410.43146,-5,0,-72
1754122410.46946,-6,-2,-69
1754122410.50546,-1,2,-60
1754122410.54346,1,2,-64
1754122410.58146,-1,0,-66
1754122410.62046,2,-3,-67
1754122410.65646,2,-4,-75
1754122410.6944602,-1,-1,-67
1754122410.73246,7,0,-57
1754122410.77146,1,0,-65
1754122410.8154602,4,0,-74
1754122410.85446,4,4,-79
1754122410.89246,0,0,-66
1754122410.93046,1,-2,-53
1754122410.96646,2,0,-52
1754122411.0034602,3,-4,-58
1754122411.04146,2,-1,-74
1754122411.08046,-1,-1,-65
1754122411.11646,-7,0,-58
1754122411.15546,0,7,-58
1754122411.19346,0,2,-51
1754122411.23146,3,0,-57
1754122411.26746,0,2,-61
1754122411.30446,5,0,-55
1754122411.3424602,-5,-4,-74
1754122411.3814602,-5,7,-58
1754122411.4174602,1,5,-48
1754122411.45546,0,6,-57
1754122411.49246,-8,2,-61
1754122411.53146,-1,0,-56
1754122411.56746,-3,-5,-73
1754122411.6054602,1,-1,-68
1754122411.64346,5,4,-53
1754122411.68146,8,0,-66
1754122411.7204602,-1,0,-52
1754122411.7564602,5,6,-66
1754122411.79346,3,5,-68
1754122411.8324602,6,0,-63
1754122411.87046,3,-1,-66
1754122411.9074602,-4,-7,-72
1754122411.9444602,0,1,-52
1754122411.98246,-8,1,-54
1754122412.02146,-2,0,-48
1754122412.05746,-2,-3,-65
1754122412.0954602,1,-5,-67
1754122412.13346,-4,0,-65
1754122412.17246,1,-1,-73
1754122412.2104602,-5,0,-74
1754122412.2464602,-6,4,-70
1754122412.28446,-1,-3,-66
1754122412.3224602,-5,1,-57
1754122412.3614602,1,5,-58
1754122412.39746,2,5,-63
1754122412.43546,5,-2,-57
1754122412.4734602,5,-2,-57
1754122412.51246,-1,-1,-65
1754122412.55046,0,2,-58
1754122412.58646,-1,-1,-65
1754122412.62546,-2,-1,-61
1754122412.66246,-3,3,-65
1754122412.70146,-3,-1,-57
1754122412.73746,-1,-3,-70
1754122412.77546,-2,1,-67
1754122412.81446,1,4,-67
1754122412.85246,-1,4,-57
1754122412.89046,-3,-6,-61
1754122412.92646,-3,-5,-55
1754122412.96446,1,3,-59
1754122413.00246,-3,6,-67
1754122413.04146,3,2,-71
1754122413.07746,7,0,-60
1754122413.11446,0,-2,-59
1754122413.15246,3,-6,-69
1754122413.19146,-1,-4,-63
1754122413.22746,2,-3,-59
1754122413.26546,6,-3,-72
1754122413.30346,4,0,-64
1754122413.3424602,5,-6,-74
1754122413.3784602,8,-8,-70
1754122413.41646,6,0,-67
1754122413.45446,-3,2,-73
1754122413.49246,-1,-7,-64
1754122413.53146,0,-6,-66
1754122413.56746,1,-5,-61
1754122413.6054602,-2,-6,-59
1754122413.64246,-1,-1,-64
1754122413.68146,-3,2,-59
1754122413.7174602,-5,3,-58
1754122413.75446,0,0,-66
1754122413.7924602,-4,-2,-61
1754122413.83146,-1,-3,-57
1754122413.86746,0,-2,-54
1754122413.90546,4,-5,-60
1754122413.94246,0,-4,-59
1754122413.98146,0,-3,-59
1754122414.01746,4,-2,-56
1754122414.05546,4,-7,-63
1754122414.09346,4,-11,-63
1754122414.13246,4,-8,-56
1754122414.16846,6,-6,-62
1754122414.20646,1,0,-59
1754122414.24446,11,-1,-71
1754122414.28346,7,1,-67
1754122414.32146,1,-1,-70
1754122414.35746,-1,0,-65
1754122414.39546,0,0,-72
1754122414.43346,-2,4,-60
1754122414.47146,0,-1,-52
1754122414.50746,3,2,-57
1754122414.54546,-3,-5,-58
1754122414.58346,-7,-4,-64
1754122414.62246,-7,-3,-64
1754122414.65846,-4,0,-66
1754122414.69646,-6,-3,-71
1754122414.73546,-7,-3,-61
1754122414.77346,2,-5,-65
1754122414.81146,-1,-1,-60
1754122414.84746,-3,2,-69
1754122414.88546,-8,1,-60
1754122414.92346,-5,-1,-53
1754122414.96246,-2,0,-70
1754122414.99846,-3,1,-59
1754122415.0364602,-8,0,-67
1754122415.07446,-7,-3,-60
1754122415.11346,-5,0,-66
1754122415.1514602,-1,-5,-66
1754122415.1874602,-2,-1,-60
1754122415.22546,-4,1,-61
1754122415.2634602,-1,0,-63
1754122415.3024602,-8,0,-71
1754122415.3384602,0,0,-68
1754122415.37646,3,4,-63
1754122415.4144602,0,-6,-69
1754122415.45346,1,-5,-66
1754122415.48946,7,-7,-65
1754122415.52846,-1,-4,-67
1754122415.5654602,5,2,-64
1754122415.60346,0,-1,-57
1754122415.64246,-1,4,-72
1754122415.67846,6,0,-68
1754122415.71546,7,0,-67
1754122415.7534602,1,0,-67
1754122415.7924602,-1,5,-67
1754122415.82846,2,0,-62
1754122415.8654602,-4,-4,-62
1754122415.90346,-4,-4,-62
1754122415.94246,-5,-5,-65
1754122415.97846,-5,-3,-59
1754122416.0164602,1,0,-51
1754122416.05446,-1,6,-64
1754122416.09346,-11,6,-63
1754122416.12946,-2,7,-53
1754122416.1674602,-8,2,-59
1754122416.20546,-4,-2,-56
1754122416.2434602,6,-4,-69
1754122416.2824602,1,-1,-59
1754122416.31846,-4,-2,-58
1754122416.35646,1,-3,-48
1754122416.3944602,4,0,-55
1754122416.43346,4,0,-56
1754122416.46946,0,0,-55
1754122416.5064602,1,0,-60
1754122416.54446,1,-2,-54
1754122416.58346,0,1,-59
1754122416.61946,-3,0,-56
1754122416.6574602,-2,-2,-66
1754122416.69546,-1,1,-61
1754122416.73446,-1,4,-72
1754122416.77246,-2,3,-66
1754122416.80846,1,4,-63
1754122416.8454602,2,0,-77
1754122416.8844602,0,2,-68
1754122416.92246,-5,2,-66
1754122416.95846,1,-3,-65
1754122416.99746,5,-8,-51
1754122417.03446,3,-14,-56
1754122417.07346,1,-9,-66
1754122417.10946,4,-8,-67
1754122417.14746,2,3,-67
1754122417.1844602,2,4,-56
1754122417.2234602,2,8,-60
1754122417.2594602,4,2,-74
1754122417.2964602,-3,-5,-76
1754122417.33446,-7,-2,-64
1754122417.37346,-3,0,-57
1754122417.40946,0,0,-57
1754122417.44646,-1,-2,-60
1754122417.48446,-2,3,-59
1754122417.52346,-3,3,-64
1754122417.5594602,0,1,-70
1754122417.59746,-2,5,-66
1754122417.6344602,-6,6,-63
1754122417.67346,-3,0,-59
1754122417.70946,-5,-4,-59
1754122417.74746,0,-1,-69
1754122417.7864602,1,2,-66
1754122417.82446,5,-2,-68
1754122417.86046,-2,-8,-73
1754122417.89946,-4,-6,-71
1754122417.93646,-3,-9,-67
1754122417.97446,-1,-2,-58
1754122418.0134602,2,4,-67
1754122418.0494602,9,0,-62
1754122418.08646,1,9,-48
1754122418.12446,0,6,-56
1754122418.16346,2,0,-61
1754122418.19946,3,0,-58
1754122418.2364602,4,-2,-61
1754122418.27446,2,-1,-66
1754122418.31346,0,-2,-59
1754122418.34946,-4,-1,-57
1754122418.38746,-5,-5,-69
1754122418.42546,-1,0,-68
1754122418.46446,2,-1,-64
1754122418.50046,-2,0,-56
1754122418.53846,0,-7,-65
1754122418.57646,1,-1,-69
1754122418.61446,-11,-2,-59
1754122418.65346,-9,0,-59
1754122418.6904602,0,-3,-68
1754122418.72746,1,-3,-72
1754122418.76546,4,1,-60
1754122418.80446,6,0,-59
1754122418.84046,1,-4,-61
1754122418.8784602,-5,2,-66
1754122418.91646,-1,6,-60
1754122418.95546,3,-1,-61
1754122418.9934602,-4,-5,-60
1754122419.0294602,-1,-6,-68
1754122419.06746,-1,0,-73
1754122419.1054602,2,2,-63
1754122419.1444602,-8,-1,-60
1754122419.18046,-6,-6,-52
1754122419.21846,-6,-7,-62
1754122419.2564602,-8,0,-72
1754122419.29546,-5,-8,-71
1754122419.33346,0,-2,-75
1754122419.36946,0,-1,-65
1754122419.4074602,1,-5,-65
1754122419.44546,-3,4,-68
1754122419.48446,-2,-2,-69
1754122419.52046,-4,-7,-66
1754122419.55846,6,-7,-61
1754122419.59646,-2,-4,-56
1754122419.63546,-2,-3,-59
1754122419.67346,-4,2,-63
1754122419.70946,-5,5,-62
1754122419.74746,0,-3,-63
1754122419.78546,2,-1,-60
1754122419.82446,-1,-2,-56
1754122419.86046,-5,-9,-48
1754122419.89846,-3,-3,-63
1754122419.93646,-1,2,-49
1754122419.97546,1,-2,-55
1754122420.0134602,3,-5,-65
1754122420.0494602,-3,-1,-63
1754122420.08746,-3,-1,-49
1754122420.12546,-7,-3,-63
1754122420.1644602,0,3,-70
1754122420.2004602,1,1,-74
1754122420.23746,0,2,-74
1754122420.27546,0,2,-73
1754122420.31446,-2,3,-64
1754122420.35046,-4,2,-67
1754122420.38746,1,-1,-64
1754122420.42546,-2,0,-58
1754122420.46446,-5,-1,-68
1754122420.50046,-4,-1,-62
1754122420.53846,0,-1,-75
1754122420.57646,0,-6,-61
1754122420.6154602,1,-1,-62
1754122420.6514602,-13,-10,-61
1754122420.68946,0,0,-51
1754122420.72746,5,0,-51
1754122420.76546,4,-3,-54
1754122420.80446,3,-4,-49
1754122420.8484602,-1,0,-70
1754122420.88546,-4,-2,-66
1754122420.9244602,0,-5,-62
1754122420.9604602,0,-8,-69
1754122420.99846,3,-3,-71
1754122421.03746,2,1,-72
1754122421.0754602,-4,-5,-67
1754122421.1114602,0,-1,-73
1754122421.14846,-2,-3,-66
1754122421.1874602,-4,0,-69
1754122421.22546,-1,-5,-66
1754122421.26146,0,-2,-59
1754122421.29846,-2,-1,-62
1754122421.33746,4,-6,-55
1754122421.37546,2,5,-67
1754122421.4114602,1,2,-69
1754122421.44846,1,-2,-62
1754122421.48746,-10,-4,-61
1754122421.52546,-7,4,-56
1754122421.56146,-4,8,-53
1754122421.5984602,0,0,-57
1754122421.63746,0,0,-60
1754122421.67546,0,-4,-65
1754122421.71146,-1,1,-59
1754122421.75046,-2,0,-54
1754122421.78746,0,0,-61
1754122421.82646,0,2,-67
1754122421.86446,6,2,-58
1754122421.90046,-5,-5,-65
1754122421.93846,-3,0,-60
1754122421.97646,0,-5,-51
1754122422.01546,-1,-1,-54
1754122422.05146,-2,1,-61
1754122422.08946,0,1,-67
1754122422.12746,0,-5,-69
1754122422.16646,0,0,-61
1754122422.20446,3,0,-64
1754122422.2404602,0,-7,-60
1754122422.27846,2,-14,-50
1754122422.31746,-1,-6,-58
1754122422.3554602,1,1,-53
1754122422.3914602,-5,6,-55
1754122422.42946,2,-1,-59
1754122422.4674602,0,-4,-57
1754122422.5064602,0,3,-48
1754122422.5424602,-4,1,-52
1754122422.57946,-4,3,-60
1754122422.61746,0,-1,-64
1754122422.65646,0,5,-49
1754122422.69246,-6,-4,-61
1754122422.7304602,-2,-7,-63
1754122422.76846,-6,-9,-68
1754122422.80646,-9,-3,-56
1754122422.8454602,2,-4,-62
1754122422.8814602,-2,-2,-56
1754122422.91946,0,-4,-63
1754122422.9574602,1,-2,-61
1754122422.9964602,-5,-7,-62
1754122423.0324602,-7,-5,-59
1754122423.07146,-11,-6,-66
1754122423.1084602,-2,6,-59
1754122423.14646,0,1,-59
1754122423.18546,0,3,-65
1754122423.22146,1,-8,-53
1754122423.25846,-1,4,-72
1754122423.29746,-1,6,-55
1754122423.3354602,0,0,-69
1754122423.3714602,1,0,-67
1754122423.40846,4,3,-72
1754122423.4474602,2,-4,-67
1754122423.48546,-4,1,-67
1754122423.52146,-7,0,-69
1754122423.55846,0,1,-69
1754122423.59746,-8,8,-63
1754122423.63546,0,1,-61
1754122423.6714602,4,2,-68
1754122423.70846,-1,3,-67
1754122423.74746,1,2,-56
1754122423.78546,4,0,-65
1754122423.82146,7,-5,-78
1754122423.85946,-9,0,-62
1754122423.89746,-2,3,-65
1754122423.93646,-3,1,-70
1754122423.97246,4,0,-65
1754122424.0094602,0,-5,-63
1754122424.04746,-3,1,-58
1754122424.08646,1,6,-56
1754122424.12246,-4,5,-62
1754122424.15946,-6,0,-59
1754122424.1974602,-2,-1,-57
1754122424.2364602,2,-5,-65
1754122424.27246,0,4,-70
1754122424.3094602,-6,1,-70
1754122424.34746,-7,-3,-62
1754122424.38646,-4,-6,-62
1754122424.42246,-5,-2,-50
1754122424.4604602,2,-1,-62
1754122424.49846,1,-1,-61
1754122424.53746,-10,3,-62
1754122424.5754602,-4,1,-64
1754122424.6114602,0,-1,-52
1754122424.64946,1,0,-59
1754122424.68846,2,0,-58
1754122424.72646,-2,1,-64
1754122424.76246,-2,-3,-71
1754122424.80146,6,5,-53
1754122424.8384602,-2,0,-70
1754122424.87746,-8,2,-54
1754122424.91346,-1,-3,-47
1754122424.95146,4,-1,-71
1754122424.98946,-7,-6,-66
1754122425.02746,0,-5,-62
1754122425.06646,1,-11,-61
1754122425.10246,2,-9,-64
1754122425.14046,2,-10,-63
1754122425.17946,-1,-5,-64
1754122425.2174602,5,-3,-69
1754122425.2534602,2,0,-61
1754122425.29146,1,0,-68
1754122425.32946,0,0,-64
1754122425.3684602,-8,1,-65
1754122425.40646,-5,-1,-60
1754122425.44246,0,3,-57
1754122425.47946,2,3,-60
1754122425.51846,2,0,-60
1754122425.55646,-1,-2,-68
1754122425.5924602,-7,0,-70
1754122425.63046,0,1,-77
1754122425.66946,-2,4,-64
1754122425.7074602,-1,-4,-55
1754122425.7434602,10,-5,-46
1754122425.78146,0,-5,-55
1754122425.8194602,2,-8,-65
1754122425.8584602,-9,-2,-59
1754122425.89646,-4,0,-65
1754122425.93246,0,-1,-65
1754122425.9704602,1,-2,-66
1754122426.00846,2,-1,-67
1754122426.04746,0,-3,-73
1754122426.08346,-1,-1,-75
1754122426.1214602,0,-2,-69
1754122426.15946,-2,-5,-65
1754122426.19846,2,3,-65
1754122426.2364602,1,-1,-68
1754122426.27246,6,1,-60
1754122426.3094602,0,0,-63
1754122426.3484602,1,0,-66
1754122426.38646,-4,-3,-77
1754122426.42246,2,-2,-77
1754122426.4604602,0,0,-69
1754122426.49846,-2,-3,-66
1754122426.53746,0,-1,-62
1754122426.57346,-2,-5,-60
1754122426.6114602,0,-4,-53
1754122426.64946,6,-2,-67
1754122426.68846,6,-10,-68
1754122426.72646,7,0,-67
1754122426.76246,6,-5,-66
1754122426.80046,3,-10,-72
1754122426.8384602,-1,-3,-68
1754122426.87746,3,0,-69
1754122426.91346,4,-2,-68
1754122426.9504602,9,0,-64
1754122426.98846,6,-2,-65
1754122427.02746,3,-1,-64
1754122427.06346,-1,-3,-65
1754122427.10146,2,-2,-64
1754122427.13946,5,-3,-60
1754122427.17846,6,0,-73
1754122427.21446,5,0,-71
1754122427.25146,0,-4,-62
1754122427.2894602,-1,1,-68
1754122427.32846,-3,0,-62
1754122427.36446,-8,0,-70
1754122427.4014602,-5,-4,-75
1754122427.43946,-5,-1,-74
1754122427.47846,0,2,-70
1754122427.51446,-1,6,-69
1754122427.5524602,-3,4,-63
1754122427.59046,4,-5,-64
1754122427.6284602,0,-7,-65
1754122427.6674602,4,-1,-55
1754122427.70346,7,-3,-54
1754122427.74146,-2,-1,-63
1754122427.7794602,0,-2,-57
1754122427.81846,-4,-1,-62
1754122427.85446,-4,5,-62
1754122427.89246,4,10,-53
1754122427.93046,4,5,-43
1754122427.96946,-5,-1,-61
1754122428.00746,-1,5,-58
1754122428.04346,-3,7,-56
1754122428.08046,0,1,-69
1754122428.11946,-1,6,-66
1754122428.1574602,-2,0,-53
1754122428.19346,-3,-5,-61
1754122428.23146,-2,-1,-56
1754122428.2694602,6,0,-51
1754122428.30846,0,0,-72
1754122428.34446,1,1,-61
1754122428.38246,4,-2,-71
1754122428.42046,1,-3,-64
1754122428.45946,1,3,-52
1754122428.49746,6,-2,-62
1754122428.53346,2,-3,-55
1754122428.5724602,-7,-5,-68
1754122428.60946,-6,-2,-70
1754122428.64846,-8,-6,-61
1754122428.6844602,-5,0,-64
1754122428.72246,-3,2,-61
1754122428.76046,-3,2,-65
1754122428.7994602,4,-3,-57
1754122428.83746,1,1,-59
1754122428.87346,0,2,-58
1754122428.91046,-5,-2,-64
1754122428.94946,1,-1,-59
1754122428.98746,5,-8,-61
1754122429.02346,-2,-13,-64
1754122429.06146,0,-3,-68
1754122429.09946,3,-2,-58
1754122429.1384602,4,0,-56
1754122429.1744602,0,-6,-44
1754122429.21146,-7,-1,-50
1754122429.25046,-4,1,-58
1754122429.28846,3,-2,-59
1754122429.32446,0,-3,-58
1754122429.36346,3,-4,-58
1754122429.40046,2,0,-56
1754122429.43946,4,2,-63
1754122429.47546,5,-1,-50
1754122429.5134602,5,-2,-67
1754122429.55146,0,-2,-67
1754122429.58946,-4,-2,-66
1754122429.6284602,0,-1,-84
1754122429.6644602,6,-1,-80
1754122429.70246,0,3,-76
1754122429.7404602,-5,-9,-63
1754122429.7794602,-3,-1,-69
1754122429.8154602,5,5,-68
1754122429.85246,0,1,-62
1754122429.89046,4,-7,-49
1754122429.92946,7,0,-54
1754122429.96546,2,4,-78
1754122430.0034602,5,-6,-76
1754122430.04146,2,5,-66
1754122430.07946,1,4,-65
1754122430.1184602,0,-2,-74
1754122430.1544602,-2,-4,-72
1754122430.19346,-4,3,-65
1754122430.2304602,-7,-2,-64
1754122430.2694602,-5,0,-63
1754122430.30546,-8,0,-60
1754122430.34346,-3,-1,-68
1754122430.38046,-5,-3,-70
1754122430.41946,-4,0,-63
1754122430.45546,-4,0,-66
1754122430.4934602,-7,6,-68
1754122430.53146,-1,0,-64
1754122430.57046,-1,1,-69
1754122430.6084602,6,0,-67
1754122430.6444602,0,-6,-60
1754122430.68246,-3,-2,-62
1754122430.7204602,-5,-2,-67
1754122430.7594602,0,0,-59
1754122430.79546,-2,3,-66
1754122430.83346,0,-2,-72
1754122430.87946,7,-1,-68
1754122430.91546,1,-5,-68
1754122430.95246,3,0,-62
1754122430.9904602,3,-1,-67
1754122431.0294602,0,-2,-60
1754122431.0654602,-2,-2,-70
1754122431.10346,2,6,-74
1754122431.1414602,-8,5,-66
1754122431.18046,2,1,-63
1754122431.21846,0,-3,-60
1754122431.25546,-2,-3,-58
1754122431.29346,0,-5,-58
1754122431.33046,3,-3,-71
1754122431.36946,-2,-4,-70
1754122431.40546,-11,-1,-63
1754122431.44346,-14,2,-73
1754122431.48146,-6,1,-73
1754122431.52046,2,-1,-62
1754122431.55646,1,2,-62
1754122431.59346,5,0,-69
1754122431.6314602,3,1,-61
1754122431.67046,-4,6,-60
1754122431.70646,2,4,-62
1754122431.74446,0,1,-65
1754122431.7824602,1,0,-74
1754122431.82046,2,-1,-63
1754122431.85946,2,-1,-64
1754122431.89546,3,0,-66
1754122431.93246,5,-3,-70
1754122431.9704602,3,-4,-58
1754122432.0094602,8,-5,-60
1754122432.04546,1,-4,-70
1754122432.0824602,4,-5,-64
1754122432.12046,4,-3,-68
1754122432.15946,4,-6,-61
1754122432.19546,0,-3,-57
1754122432.23246,0,2,-61
1754122432.27046,-1,-5,-77
1754122432.3094602,0,4,-69
1754122432.3454602,-2,1,-60
1754122432.38346,-1,0,-64
1754122432.42246,0,0,-70
1754122432.4604602,0,-12,-71
1754122432.4964602,2,-6,-67
1754122432.53346,1,-8,-65
1754122432.5724602,2,-10,-59
1754122432.61046,-8,-6,-52
1754122432.64646,-4,-5,-58
1754122432.68546,-9,1,-68
1754122432.72246,-7,1,-62
1754122432.76146,0,0,-62
1754122432.7994602,0,3,-68
1754122432.8354602,5,0,-69
1754122432.87246,2,-3,-56
1754122432.9114602,2,-7,-61
1754122432.94946,8,-9,-60
1754122432.98546,0,-5,-67
1754122433.02346,-5,-4,-69
1754122433.06146,-2,0,-67
1754122433.10046,-5,-4,-74
1754122433.13646,-6,-1,-72
1754122433.17546,-7,0,-70
1754122433.2134602,-3,0,-75
1754122433.25146,-4,2,-62
1754122433.2894602,-3,0,-60
1754122433.3254602,-2,-4,-61
1754122433.36346,-2,3,-57
1754122433.40246,0,-4,-60
1754122433.4404602,0,0,-75
1754122433.47646,-1,-1,-66
1754122433.51446,-1,-1,-61
1754122433.5524602,-2,-7,-65
1754122433.59146,0,0,-55
1754122433.62946,2,0,-57
1754122433.66546,6,-3,-69
1754122433.70346,-2,-2,-64
1754122433.74146,-7,0,-53
1754122433.78046,-3,-2,-55
1754122433.81646,2,2,-62
1754122433.85446,0,-5,-71
1754122433.89246,4,1,-68
1754122433.93146,3,4,-71
1754122433.9674602,5,3,-59
1754122434.00446,0,-1,-71
1754122434.04346,-4,0,-69
1754122434.08146,0,11,-64
1754122434.11746,-3,13,-57
1754122434.15646,-2,2,-64
1754122434.19346,-4,0,-72
1754122434.23146,1,1,-78
1754122434.27046,5,-1,-69
1754122434.30646,-2,-2,-63
1754122434.34446,5,-6,-68
1754122434.38246,-7,-3,-64
1754122434.4214602,-9,-1,-63
1754122434.4574602,1,6,-59
1754122434.49546,1,3,-60
1754122434.53346,1,0,-59
1754122434.57146,-3,-2,-61
1754122434.61046,-3,1,-61
1754122434.64646,-5,2,-67
1754122434.6844602,5,0,-69
1754122434.72246,-2,0,-67
1754122434.76146,0,-3,-56
1754122434.79746,0,1,-68
1754122434.83446,1,0,-62
1754122434.87246,-8,-2,-56
1754122434.9114602,1,-2,-65
1754122434.9474602,2,-3,-60
1754122434.98546,5,-5,-65
1754122435.02346,0,-1,-62
1754122435.0624602,-4,0,-64
1754122435.10046,7,0,-67
1754122435.13646,4,0,-69
1754122435.1744602,-4,1,-69
1754122435.21246,1,-4,-67
1754122435.25146,8,-6,-64
1754122435.28846,7,-3,-69
1754122435.3254602,-2,-7,-61
1754122435.36346,0,0,-65
1754122435.40246,3,3,-68
1754122435.4404602,0,0,-59
1754122435.47646,3,4,-52
1754122435.5134602,1,4,-54
1754122435.5524602,1,-2,-67
1754122435.59046,-2,0,-56
1754122435.62646,1,1,-62
1754122435.66346,0,-5,-75
1754122435.70246,0,-1,-76
1754122435.74146,-3,-4,-57
1754122435.77746,-5,-9,-63
1754122435.8154602,0,0,-59
1754122435.85346,6,-3,-50
1754122435.89246,1,1,-58
1754122435.93046,0,3,-61
1754122435.96646,-3,-5,-62
1754122436.00446,-2,-6,-61
1754122436.04346,0,-1,-63
1754122436.08146,0,-4,-62
1754122436.11746,-3,-5,-62
1754122436.15546,1,-1,-58
1754122436.19346,3,-3,-69
1754122436.23246,-4,-7,-66
1754122436.26846,-4,-2,-65
1754122436.30646,-8,-4,-67
1754122436.34446,0,-4,-60
1754122436.38246,1,-3,-58
1754122436.4214602,4,-6,-72
1754122436.4574602,1,-8,-68
1754122436.49546,4,-4,-77
1754122436.53346,2,1,-60
1754122436.5724602,0,-1,-54
1754122436.6084602,1,-4,-58
1754122436.64646,-4,-7,-61
1754122436.68546,-5,-4,-60
1754122436.72246,0,-7,-63
1754122436.76146,1,-6,-59
1754122436.79746,-1,-2,-59
1754122436.8354602,-1,3,-49
1754122436.87346,3,-4,-55
1754122436.91246,5,-9,-67
1754122436.94846,0,-2,-78
1754122436.98546,6,-4,-77
1754122437.02346,0,-5,-71
1754122437.0624602,7,1,-50
1754122437.0984602,8,0,-64
1754122437.13546,-2,5,-60
1754122437.17346,0,1,-71
1754122437.21246,2,-2,-76
1754122437.24846,4,1,-69
1754122437.28546,2,-1,-65
1754122437.32346,1,0,-66
1754122437.36246,-1,-6,-72
1754122437.39846,1,-11,-59
1754122437.43646,-10,0,-66
1754122437.4734602,-8,0,-64
1754122437.51246,-4,3,-52
1754122437.54846,-1,1,-59
1754122437.58646,-2,0,-63
1754122437.62446,0,3,-67
1754122437.66346,-4,4,-64
1754122437.70146,0,-1,-77
1754122437.73846,1,6,-71
1754122437.7764602,0,2,-56
1754122437.81346,1,-2,-65
1754122437.85246,-1,-5,-63
1754122437.8884602,-6,-8,-65
1754122437.92646,-2,0,-63
1754122437.96446,-6,5,-58
1754122438.0034602,-1,4,-57
1754122438.04146,-4,-6,-64
1754122438.07746,-6,1,-66
1754122438.11446,-2,8,-68
1754122438.15346,-5,0,-67
1754122438.19146,1,2,-74
1754122438.22746,-1,2,-63
1754122438.26546,-2,0,-75
1754122438.30346,0,2,-58
1754122438.3424602,1,-2,-70
1754122438.3784602,5,-2,-65
1754122438.41646,-2,-3,-57
1754122438.45546,0,2,-59
1754122438.4934602,2,0,-65
1754122438.5294602,1,-8,-54
1754122438.56646,-4,-6,-61
1754122438.6054602,-1,-10,-67
1754122438.64346,-1,-3,-66
1754122438.67946,-6,0,-54
1754122438.71646,0,2,-47
1754122438.75546,2,0,-55
1754122438.79346,-2,-5,-61
1754122438.82946,-5,-8,-58
1754122438.8684602,-2,-5,-69
1754122438.90546,4,5,-62
1754122438.94346,4,5,-68
1754122438.98246,10,3,-73
1754122439.01846,4,1,-70
1754122439.05546,1,-6,-70
1754122439.09346,7,0,-60
1754122439.13246,-3,4,-63
1754122439.16846,0,-2,-59
1754122439.20646,-3,-4,-72
1754122439.24446,-7,-8,-82
1754122439.28346,-7,-3,-62
1754122439.3194602,-3,0,-70
1754122439.35746,-9,4,-66
1754122439.39546,2,3,-71
1754122439.4344602,-5,0,-76
1754122439.47246,-1,3,-63
1754122439.5094602,-4,1,-66
1754122439.5464602,6,0,-63
1754122439.58446,8,-1,-61
1754122439.62346,7,-7,-65
1754122439.65946,8,-2,-71
1754122439.69646,8,2,-64
1754122439.73446,4,-7,-57
1754122439.77346,1,-6,-62
1754122439.8094602,-4,-6,-57
1754122439.84746,-5,-5,-67
1754122439.88546,-5,-6,-65
1754122439.9244602,0,-10,-56
1754122439.96246,5,-7,-64
1754122439.99846,6,0,-79
1754122440.0364602,0,1,-65
1754122440.07446,-2,-4,-68
1754122440.11346,0,-3,-67
1754122440.14946,1,-7,-67
1754122440.18846,0,0,-53
1754122440.22546,7,1,-66
1754122440.26446,2,3,-68
1754122440.3024602,-1,-3,-65
1754122440.3384602,-2,0,-70
1754122440.37546,0,2,-66
1754122440.4144602,2,-8,-55
1754122440.45246,2,1,-63
1754122440.48846,3,6,-65
1754122440.52546,-4,-2,-67
1754122440.56446,0,-1,-63
1754122440.60246,5,0,-65
1754122440.6384602,-6,-1,-58
1754122440.67646,-6,-3,-58
1754122440.71446,-2,4,-64
1754122440.7534602,0,7,-63
1754122440.7894602,7,9,-65
1754122440.82646,3,2,-61
1754122440.86446,4,-4,-66
1754122440.90946,-9,-1,-73
1754122440.94646,-5,1,-65
1754122440.98446,-7,0,-65
1754122441.02346,-7,-4,-66
1754122441.0594602,-2,-6,-74
1754122441.09746,-1,-1,-70
1754122441.13546,0,-8,-64
1754122441.1744602,2,-4,-54
1754122441.2104602,6,-1,-74
1754122441.24846,-5,-4,-66
1754122441.2864602,0,1,-66
1754122441.32446,-4,-4,-58
1754122441.36346,2,-5,-61
1754122441.39946,2,-9,-73
1754122441.43846,-1,-6,-56
1754122441.47546,-4,-2,-50
1754122441.51446,-1,-1,-62
1754122441.55046,1,3,-66
1754122441.5884602,1,1,-66
1754122441.62646,0,-2,-74
1754122441.66546,-5,1,-66
1754122441.70346,-2,0,-52
1754122441.7404602,0,0,-61
1754122441.77846,0,3,-67
1754122441.8154602,0,0,-47
1754122441.85446,-2,4,-57
1754122441.89046,-8,-4,-60
1754122441.92846,-5,5,-57
1754122441.96646,0,0,-64
1754122442.00546,-9,6,-64
1754122442.04346,-3,2,-74
1754122442.07946,-5,1,-72
1754122442.11746,-9,-2,-68
1754122442.15546,-3,0,-67
1754122442.19346,-6,2,-55
1754122442.22946,-5,5,-59
1754122442.26746,-4,-2,-62
1754122442.30546,0,0,-62
1754122442.34446,-3,6,-45
1754122442.38046,-2,0,-46
1754122442.4174602,0,-4,-58
1754122442.45546,-4,0,-62
1754122442.49446,-5,3,-68
1754122442.53046,-1,5,-71
1754122442.56746,0,-1,-53
1754122442.6054602,0,0,-59
1754122442.6444602,-3,-1,-67
1754122442.68046,2,1,-63
1754122442.7174602,-2,0,-62
1754122442.75546,-7,-3,-60
1754122442.79446,-7,-9,-68
1754122442.83046,-5,2,-68
1754122442.86746,-4,4,-62
1754122442.90546,1,0,-56
1754122442.9444602,-2,-4,-66
1754122442.9804602,6,-8,-68
1754122443.01746,1,-9,-64
1754122443.05546,-5,-4,-59
1754122443.09446,-2,-6,-49
1754122443.13046,0,-3,-68
1754122443.1674602,3,-3,-70
1754122443.20546,5,0,-60
1754122443.24446,0,0,-70
1754122443.28046,-1,-1,-63
1754122443.31846,-6,-3,-59
1754122443.35646,-3,-6,-75
1754122443.39546,7,0,-69
1754122443.43146,6,-1,-64
1754122443.46946,0,-4,-66
1754122443.50846,-2,-6,-58
1754122443.54546,-1,0,-68
1754122443.58446,2,-3,-62
1754122443.62046,-6,3,-64
1754122443.65846,1,2,-66
1754122443.69646,2,-4,-63
1754122443.73546,-2,-7,-54
1754122443.77146,-5,-4,-56
1754122443.8094602,-3,-5,-62
1754122443.84746,-7,-2,-70
1754122443.88546,1,1,-68
1754122443.9244602,4,-3,-69
1754122443.9604602,5,-6,-68
1754122443.99846,6,-5,-60
1754122444.03746,-1,0,-70
1754122444.0754602,0,-3,-70
1754122444.1114602,1,-4,-70
1754122444.15046,2,-2,-68
1754122444.1874602,3,1,-60
1754122444.22646,-9,2,-56
1754122444.26446,-7,-4,-62
1754122444.30046,1,8,-58
1754122444.33746,16,0,-59
1754122444.37646,-2,-2,-63
1754122444.4144602,1,1,-56
1754122444.4504602,-8,-5,-61
1754122444.48846,0,-3,-60
1754122444.5264602,0,0,-66
1754122444.5654602,0,6,-58
1754122444.60146,-1,4,-56
1754122444.63946,3,2,-59
1754122444.6774602,-3,5,-66
1754122444.71646,0,0,-68
1754122444.75446,-2,5,-64
1754122444.79046,-2,-4,-58
1754122444.82846,-6,-4,-60
1754122444.86646,-6,-1,-65
1754122444.90546,2,0,-67
1754122444.94146,-2,-4,-60
1754122444.97946,0,0,-62
1754122445.01746,2,0,-61
1754122445.05646,2,0,-57
1754122445.09446,-2,0,-60
1754122445.13046,4,-3,-57
1754122445.16846,-1,-9,-51
1754122445.20646,0,-5,-57
1754122445.24546,0,0,-59
1754122445.28146,0,-6,-65
1754122445.32046,0,-6,-64
1754122445.35746,3,-8,-76
1754122445.39646,3,-4,-61
1754122445.43246,3,5,-55
1754122445.4704602,4,-4,-62
1754122445.50846,-3,4,-67
1754122445.5464602,1,0,-65
1754122445.5854602,2,0,-66
1754122445.6214602,2,-7,-76
1754122445.65946,-1,1,-77
1754122445.6974602,0,-2,-62
1754122445.7364602,8,2,-62
1754122445.77246,1,-3,-53
1754122445.81046,0,2,-51
1754122445.84946,0,0,-53
1754122445.88646,0,-3,-62
1754122445.92546,2,-5,-67
1754122445.96146,3,-2,-61
1754122445.99946,3,6,-64
1754122446.03746,0,1,-62
1754122446.07646,1,-1,-68
1754122446.11246,-1,0,-59
1754122446.15046,0,1,-53
1754122446.18846,2,0,-50
1754122446.22746,0,1,-56
1754122446.26546,6,1,-65
1754122446.30146,12,0,-59
1754122446.34046,5,0,-68
1754122446.37746,-1,4,-59
1754122446.41646,-4,-2,-61
1754122446.45246,-3,-2,-58
1754122446.4904602,1,1,-74
1754122446.52846,6,0,-54
1754122446.56746,0,0,-43
1754122446.6054602,-1,-7,-57
1754122446.6414602,5,-5,-62
1754122446.67946,-5,-3,-61
1754122446.7174602,0,-4,-62
1754122446.7564602,2,-4,-66
1754122446.7924602,4,-5,-80
1754122446.83046,1,-3,-76
1754122446.86946,-1,-4,-68
1754122446.9074602,4,-2,-55
1754122446.94546,8,-5,-58
1754122446.98146,0,-6,-59
1754122447.0194602,0,-3,-58
1754122447.05746,-2,-1,-63
1754122447.09646,0,-1,-72
1754122447.13246,2,6,-73
1754122447.16946,0,-1,-66
1754122447.2074602,1,1,-61
1754122447.2464602,-2,4,-67
1754122447.2824602,-9,3,-58
1754122447.32046,-1,0,-54
1754122447.3584602,4,-2,-61
1754122447.39746,7,-3,-69
1754122447.43546,1,0,-72
1754122447.47146,-1,-5,-66
1754122447.51046,2,0,-57
1754122447.54746,7,-9,-64
1754122447.58646,6,-3,-62
1754122447.62246,4,0,-61
1754122447.66046,-4,-1,-63
1754122447.6974602,-1,-2,-63
1754122447.7364602,-7,1,-63
1754122447.77246,1,-2,-70
1754122447.81046,3,-12,-61
1754122447.8484602,-1,-7,-54
1754122447.88746,-4,-10,-56
1754122447.92346,4,-11,-51
1754122447.96146,3,-1,-63
1754122447.99946,-3,-1,-61
1754122448.03746,-4,-5,-73
1754122448.07646,-2,6,-64
1754122448.11246,-2,9,-76
1754122448.14946,-2,8,-58
1754122448.18846,4,1,-60
1754122448.22646,-4,4,-55
1754122448.26246,-7,8,-63
1754122448.2994602,-1,1,-63
1754122448.33746,0,-1,-49
1754122448.37646,0,0,-64
1754122448.41246,0,4,-61
1754122448.44946,-3,0,-50
1754122448.48746,1,-2,-54
1754122448.5264602,-3,0,-52
1754122448.5624602,2,-6,-63
1754122448.59946,2,-1,-66
1754122448.6384602,1,3,-57
1754122448.67646,0,-2,-67
1754122448.71246,-3,-4,-74
1754122448.75046,1,-8,-73
1754122448.78846,0,-4,-72
1754122448.82746,-5,-7,-71
1754122448.86346,-1,-6,-61
1754122448.90246,4,1,-75
1754122448.9404602,3,-3,-68
1754122448.97846,5,1,-75
1754122449.0164602,1,-4,-82
1754122449.0524602,-1,-5,-75
1754122449.09046,1,-5,-67
1754122449.1284602,3,-2,-68
1754122449.1674602,1,-1,-58
1754122449.20346,-2,-2,-63
1754122449.24146,1,-8,-62
1754122449.2794602,-4,-3,-71
1754122449.31846,-4,-4,-61
1754122449.35646,0,-2,-63
1754122449.39246,4,-3,-63
1754122449.42946,4,-2,-58
1754122449.46846,-1,0,-50
1754122449.5064602,-3,10,-58
1754122449.5424602,-2,4,-68
1754122449.57946,1,-1,-64
1754122449.6184602,-1,2,-56
1754122449.65646,0,4,-66
1754122449.69246,-5,1,-67
1754122449.73146,-3,-1,-60
1754122449.7694602,-7,1,-64
1754122449.80746,-4,2,-57
1754122449.84346,-8,7,-68
1754122449.88046,1,2,-69
1754122449.91946,4,-2,-66
1754122449.9574602,12,7,-62
1754122449.9934602,1,1,-70
1754122450.03046,0,-5,-69
1754122450.0694602,-8,2,-69
1754122450.10746,-7,-1,-59
1754122450.14346,-5,2,-67
1754122450.18246,-5,0,-70
1754122450.21946,4,-4,-64
1754122450.25846,0,-4,-55
1754122450.29446,2,-5,-60
1754122450.3324602,6,-6,-57
1754122450.36946,1,-10,-57
1754122450.40846,0,-5,-66
1754122450.4444602,-3,-3,-70
1754122450.48246,-4,1,-68
1754122450.52046,-8,0,-65
1754122450.55846,-4,2,-74
1754122450.59746,0,-2,-68
1754122450.63346,-8,-3,-59
1754122450.6714602,1,5,-58
1754122450.7104602,8,5,-58
1754122450.74846,4,4,-71
1754122450.78446,3,8,-70
1754122450.82146,4,0,-76
1754122450.86046,-5,0,-85
1754122450.89846,0,4,-77
1754122450.94346,-2,6,-71
1754122450.9804602,-6,8,-67
1754122451.0194602,-7,5,-63
1754122451.05746,1,1,-72
1754122451.09346,0,-4,-68
1754122451.13246,6,-5,-57
1754122451.16946,-6,-2,-61
1754122451.20846,-8,-7,-56
1754122451.24446,-9,-2,-67
1754122451.2824602,0,4,-68
1754122451.32146,-1,6,-63
1754122451.35946,-1,0,-65
1754122451.39746,1,-1,-63
1754122451.43346,-2,-1,-64
1754122451.47246,-2,4,-75
1754122451.51046,-7,-2,-67
1754122451.54846,-7,2,-62
1754122451.58446,-6,2,-62
1754122451.62246,-7,0,-65
1754122451.66046,-1,-1,-63
1754122451.69946,-2,6,-64
1754122451.73746,4,7,-68
1754122451.77346,2,-1,-68
1754122451.81146,-2,-3,-66
1754122451.84946,0,0,-67
1754122451.8884602,-5,-4,-66
1754122451.9244602,-2,-4,-76
1754122451.96246,-6,5,-66
1754122452.00046,-3,-2,-76
1754122452.0394602,-3,-4,-66
1754122452.07746,-6,-5,-60
1754122452.11346,-1,-5,-58
1754122452.15246,0,-1,-58
1754122452.1904602,2,-1,-69
1754122452.22846,-8,-4,-58
1754122452.26446,-3,-6,-62
1754122452.3024602,-2,-5,-56
1754122452.34046,0,-7,-63
1754122452.37946,-2,0,-67
1754122452.41546,-1,-6,-57
1754122452.45346,6,0,-52
1754122452.49146,-3,-3,-52
1754122452.5294602,6,-3,-62
1754122452.56846,4,-1,-65
1754122452.6054602,4,-3,-55
1754122452.64246,1,2,-67
1754122452.68046,-2,-3,-74
1754122452.71946,0,1,-62
1754122452.75546,0,-6,-57
1754122452.79346,-5,1,-62
1754122452.8324602,-7,-1,-64
1754122452.86946,-4,0,-69
1754122452.90846,1,-3,-71
1754122452.9444602,0,-2,-70
1754122452.98246,0,7,-71
1754122453.02046,6,3,-63
1754122453.0594602,0,0,-62
1754122453.0954602,-3,-4,-63
1754122453.13346,-2,2,-50
1754122453.1714602,-4,-2,-60
1754122453.2104602,1,-2,-63
1754122453.24846,-1,-2,-68
1754122453.28446,-2,-3,-72
1754122453.32346,-6,-5,-69
1754122453.36046,0,0,-71
1754122453.39946,-3,-5,-70
1754122453.43546,-9,-8,-71
1754122453.4734602,-3,-1,-68
1754122453.51146,3,0,-67
1754122453.55046,-1,0,-65
1754122453.5884602,-5,0,-68
1754122453.62446,-4,-2,-63
1754122453.66246,-2,-1,-47
1754122453.7004602,1,0,-62
1754122453.73946,3,-1,-70
1754122453.77546,-5,-4,-67
1754122453.81346,4,-5,-74
1754122453.85146,-2,0,-64
1754122453.89046,0,-7,-70
1754122453.92846,-2,-8,-64
1754122453.96446,0,1,-64
1754122454.00246,-2,9,-69
1754122454.04046,-8,-7,-69
1754122454.07846,2,4,-68
1754122454.11446,4,0,-57
1754122454.15246,1,1,-48
1754122454.1904602,-1,7,-51
1754122454.22846,2,5,-67
1754122454.26446,-1,0,-76
1754122454.3024602,-7,-3,-68
1754122454.34046,0,0,-66
1754122454.37946,5,2,-58
1754122454.41546,8,2,-50
1754122454.45246,1,1,-58
1754122454.4904602,-8,0,-63
1754122454.5294602,-2,-3,-66
1754122454.5654602,-3,2,-72
1754122454.60346,7,-3,-63
1754122454.6414602,0,0,-68
1754122454.68046,5,0,-66
1754122454.71646,1,-1,-68
1754122454.75546,-1,-4,-81
1754122454.7924602,9,-1,-71
1754122454.83046,5,2,-68
1754122454.86946,2,5,-56
1754122454.90546,-4,1,-66
1754122454.94346,-11,1,-64
1754122454.98246,3,0,-58
1754122455.02046,0,-5,-64
1754122455.05646,-1,0,-66
1754122455.09446,6,0,-69
1754122455.13246,0,-6,-66
1754122455.17046,-7,-5,-70
1754122455.20946,-1,-1,-60
1754122455.24546,-5,-4,-62
1754122455.28346,-3,0,-58
1754122455.32146,4,0,-71
1754122455.36046,3,0,-57
1754122455.39646,-2,-2,-60
1754122455.4344602,2,1,-54
1754122455.47246,1,-5,-55
1754122455.51146,0,-2,-58
1754122455.5494602,9,-4,-67
1754122455.5854602,4,2,-68
1754122455.62346,1,-2,-65
1754122455.6614602,-1,-1,-64
1754122455.69946,-2,0,-67
1754122455.73546,-4,-4,-79
1754122455.77346,4,3,-74
1754122455.81146,-5,3,-71
1754122455.85046,-1,-3,-72
1754122455.88646,-1,0,-72
1754122455.92346,-4,-4,-60
1754122455.96146,-10,-1,-65
1754122456.00046,-3,-3,-64
1754122456.0364602,-3,-2,-65
1754122456.07446,-5,0,-58
1754122456.11246,-3,5,-69
1754122456.1514602,0,2,-68
1754122456.18946,0,0,-60
1754122456.22546,1,0,-68
1754122456.26246,-3,4,-71
1754122456.30146,-2,-3,-69
1754122456.33946,7,0,-70
1754122456.37546,4,-7,-70
1754122456.4144602,-5,-1,-75
1754122456.45246,-9,2,-71
1754122456.49146,-8,0,-61
1754122456.5294602,-7,0,-63
1754122456.5654602,-3,-1,-62
1754122456.60346,-2,0,-72
1754122456.6414602,-3,1,-63
1754122456.68046,0,-1,-60
1754122456.71646,-1,0,-51
1754122456.7534602,-6,-4,-55
1754122456.79146,-7,-4,-51
1754122456.83046,-9,-5,-65
1754122456.86646,-1,-3,-68
1754122456.9044602,-3,-2,-71
1754122456.94346,8,0,-69
1754122456.98146,-4,0,-59
1754122457.01746,0,2,-62
1754122457.05546,-4,-2,-67
1754122457.09346,-4,-5,-57
1754122457.13246,-3,-1,-71
1754122457.17046,4,-5,-57
1754122457.20646,-5,-1,-48
1754122457.24446,0,-1,-58
1754122457.2824602,-4,-6,-63
1754122457.32146,7,0,-62
1754122457.35746,-2,0,-61
1754122457.39546,-7,-5,-59
1754122457.43346,-7,-11,-73
1754122457.47146,-10,2,-72
1754122457.51046,-6,4,-64
1754122457.5464602,-2,4,-60
1754122457.58446,0,5,-58
1754122457.62346,-4,3,-56
1754122457.6614602,3,-7,-55
1754122457.6974602,-3,-1,-54
1754122457.73546,6,1,-73
1754122457.77346,0,1,-68
1754122457.8124602,-4,0,-71
1754122457.85046,-2,-3,-64
1754122457.88646,0,0,-68
1754122457.92346,1,0,-63
1754122457.96246,0,-6,-75
1754122458.00046,3,-5,-67
1754122458.0364602,2,-7,-66
1754122458.07446,-3,1,-70
1754122458.11246,-7,1,-66
1754122458.1514602,1,-1,-74
1754122458.1874602,6,1,-70
1754122458.22646,2,-2,-72
1754122458.26446,5,5,-59
1754122458.3024602,1,7,-64
1754122458.34046,6,-4,-65
1754122458.37646,-1,4,-52
1754122458.41346,-2,-2,-64
1754122458.45246,0,3,-66
1754122458.4904602,-11,-4,-62
1754122458.5264602,-3,0,-70
1754122458.56346,-3,1,-68
1754122458.60246,-2,5,-68
1754122458.64046,5,5,-63
1754122458.67646,0,5,-56
1754122458.7134602,1,2,-67
1754122458.75246,0,1,-61
1754122458.79046,-5,6,-58
1754122458.82646,1,3,-56
1754122458.86446,9,3,-56
1754122458.90246,0,0,-64
1754122458.9404602,0,0,-67
1754122458.97646,-1,1,-54
1754122459.01546,0,6,-65
1754122459.0524602,-7,4,-58
1754122459.09146,-9,9,-61
1754122459.12746,-6,7,-62
1754122459.16546,-4,4,-67
1754122459.20246,1,-2,-65
1754122459.24146,3,-1,-65
1754122459.27746,2,-2,-62
1754122459.3154602,-1,-5,-58
1754122459.35246,-4,0,-56
1754122459.3914602,-5,-3,-72
1754122459.4274602,0,-6,-61
1754122459.46546,1,-1,-67
1754122459.50246,2,0,-63
1754122459.54146,1,-4,-76
1754122459.57746,0,-5,-72
1754122459.6154602,0,-7,-66
1754122459.65246,2,-2,-54
1754122459.69146,4,-4,-56
1754122459.72746,2,-4,-68
1754122459.76546,0,0,-59
1754122459.8024602,-3,0,-64
1754122459.84146,3,-3,-61
1754122459.87746,3,0,-64
1754122459.91546,0,1,-69
1754122459.95246,1,-1,-62
1754122459.99146,1,-4,-69
1754122460.02746,-4,1,-55
1754122460.0654602,4,-5,-60
1754122460.10346,7,-8,-57
1754122460.14246,0,-4,-56
1754122460.17846,-1,-1,-60
1754122460.21646,1,3,-64
1754122460.25446,1,-1,-59
1754122460.29346,2,1,-63
1754122460.33146,-3,1,-69
1754122460.36746,2,-2,-61
1754122460.40546,3,-6,-73
1754122460.44346,0,-2,-73
1754122460.48246,0,0,-76
1754122460.51846,1,6,-70
1754122460.55546,-2,-4,-57
1754122460.59346,0,-1,-69
1754122460.63246,1,3,-66
1754122460.66846,-3,0,-66
1754122460.70646,-3,-4,-56
1754122460.74446,2,-2,-57
1754122460.78346,0,0,-72
1754122460.82146,2,-2,-63
1754122460.85746,-2,-8,-65
1754122460.89546,1,0,-74
1754122460.93346,-6,5,-61
1754122460.97746,-7,-2,-73
1754122461.01546,-2,2,-73
1754122461.05346,9,0,-74
1754122461.0924602,-1,1,-58
1754122461.1284602,0,1,-68
1754122461.16546,1,2,-66
1754122461.20346,-6,6,-55
1754122461.24246,-8,2,-75
1754122461.27846,-6,2,-67
1754122461.31646,3,3,-69
1754122461.35446,0,0,-58
1754122461.39346,0,-5,-58
1754122461.42946,0,-1,-67
1754122461.46846,-4,-3,-67
1754122461.50546,5,-4,-58
1754122461.54346,5,-2,-64
1754122461.5824602,2,-1,-67
1754122461.6184602,0,-5,-70
1754122461.65546,8,0,-62
1754122461.69346,1,0,-66
1754122461.73246,-2,8,-68
1754122461.76846,1,7,-73
1754122461.80546,4,0,-65
1754122461.84346,0,1,-59
1754122461.88246,3,1,-65
1754122461.91846,6,-4,-66
1754122461.95646,-6,-2,-67
1754122461.99446,-1,0,-69
1754122462.03346,-4,10,-74
1754122462.0694602,0,10,-66
1754122462.10746,0,4,-61
1754122462.14646,0,0,-67
1754122462.18346,3,-6,-60
1754122462.22246,1,-2,-60
1754122462.25846,2,-1,-56
1754122462.2964602,0,0,-55
1754122462.33446,7,0,-59
1754122462.37346,1,-5,-60
1754122462.40946,1,1,-50
1754122462.4474602,-5,-4,-60
1754122462.48446,-1,-3,-53
1754122462.52346,6,-3,-52
1754122462.5594602,-1,-4,-63
1754122462.59746,2,0,-69
1754122462.63546,0,8,-70
1754122462.6744602,-4,-1,-62
1754122462.71246,0,-8,-63
1754122462.74846,-4,-5,-66
1754122462.7864602,0,-14,-68
1754122462.8254602,3,-3,-66
1754122462.86346,-4,3,-77
1754122462.90046,-6,0,-79
1754122462.93846,0,0,-71
1754122462.97546,4,-6,-59
1754122463.01446,-3,1,-64
1754122463.0524602,2,8,-54
1754122463.0884602,5,4,-55
1754122463.12646,4,0,-50
1754122463.1644602,-1,1,-59
1754122463.20346,6,-2,-59
1754122463.23946,-1,-6,-60
1754122463.27746,-7,-5,-60
1754122463.3154602,-10,-6,-66
1754122463.35446,-4,-7,-52
1754122463.39246,0,-6,-54
1754122463.42846,2,-8,-64
1754122463.4674602,-2,1,-67
1754122463.50446,1,-5,-63
1754122463.54346,0,-6,-54
1754122463.58046,-2,-2,-54
1754122463.61746,3,-2,-61
1754122463.65546,-3,4,-59
1754122463.6944602,1,5,-76
1754122463.7304602,-1,-1,-62
1754122463.76846,-6,-1,-63
1754122463.80646,-3,0,-62
1754122463.84446,-1,-3,-60
1754122463.88346,2,0,-62
1754122463.91946,1,1,-57
1754122463.95646,0,2,-59
1754122463.99446,0,-1,-63
1754122464.03346,0,-2,-55
1754122464.0694602,-1,-8,-59
1754122464.1084602,-1,-7,-65
1754122464.14546,-5,-1,-74
1754122464.1844602,-7,4,-78
1754122464.2204602,-1,-3,-69
1754122464.25846,-3,-7,-55
1754122464.2964602,-1,0,-73
1754122464.33446,-1,4,-68
1754122464.37346,1,0,-70
1754122464.40946,4,-1,-64
1754122464.44646,-1,-5,-69
1754122464.48446,5,-4,-67
1754122464.52346,0,-2,-74
1754122464.5594602,0,-2,-69
1754122464.59646,2,1,-67
1754122464.63546,-5,-5,-59
1754122464.67346,-1,1,-62
1754122464.70946,-1,-6,-60
1754122464.74746,-2,-3,-68
1754122464.7864602,3,6,-56
1754122464.82446,2,4,-63
1754122464.86046,-3,0,-69
1754122464.89846,2,5,-64
1754122464.93646,-1,3,-65
1754122464.97546,-8,2,-60
1754122465.0134602,1,3,-65
1754122465.0494602,0,0,-67
1754122465.08746,1,0,-61
1754122465.12546,3,0,-66
1754122465.16346,-5,1,-45
1754122465.19946,-2,-4,-65
1754122465.23746,4,-6,-70
1754122465.27546,0,5,-56
1754122465.31446,2,-7,-62
1754122465.35046,3,-4,-58
1754122465.3884602,0,-6,-63
1754122465.42646,-3,0,-72
1754122465.46546,-1,0,-61
1754122465.5034602,-1,0,-65
1754122465.5394602,4,-2,-56
1754122465.57646,5,-1,-63
1754122465.6154602,0,3,-73
1754122465.65346,0,-4,-68
1754122465.68946,0,-3,-70
1754122465.72646,2,-11,-67
1754122465.76546,5,-4,-61
1754122465.80346,3,0,-59
1754122465.83946,6,0,-65
1754122465.87646,7,2,-66
1754122465.91546,0,-1,-81
1754122465.95146,1,-6,-76
1754122465.98946,-1,2,-69
1754122466.02746,5,1,-62
1754122466.06646,-4,-6,-64
1754122466.10446,-8,-3,-63
1754122466.14046,-3,-3,-61
1754122466.17946,-3,-8,-65
1754122466.21646,-8,0,-76
1754122466.25546,-6,-1,-62
1754122466.29146,-1,2,-60
1754122466.32946,-4,-2,-63
1754122466.36646,-1,2,-64
1754122466.40546,2,5,-56
1754122466.44146,-2,7,-51
1754122466.47946,-1,-1,-53
1754122466.51746,3,-3,-63
1754122466.55546,-2,1,-55
1754122466.59446,-7,1,-51
1754122466.63046,-3,0,-65
1754122466.66846,1,2,-65
1754122466.70646,5,2,-69
1754122466.74546,1,0,-67
1754122466.78146,2,-4,-60
1754122466.8194602,3,-1,-53
1754122466.85746,2,0,-43
1754122466.89546,0,-1,-61
1754122466.9344602,-3,0,-61
1754122466.9704602,-6,-7,-58
1754122467.00846,0,-6,-69
1754122467.0464602,-1,-3,-66
1754122467.0854602,2,3,-71
1754122467.1214602,-2,3,-59
1754122467.15946,-6,3,-67
1754122467.1974602,-2,-5,-55
1754122467.2364602,-2,-2,-64
1754122467.27446,1,1,-61
1754122467.31046,0,0,-59
1754122467.34746,1,-1,-53
1754122467.38646,0,-1,-64
1754122467.4244602,7,-5,-51
1754122467.4604602,8,1,-58
1754122467.49746,0,0,-66
1754122467.5364602,0,2,-77
1754122467.57446,4,0,-68
1754122467.61046,1,-1,-63
1754122467.64846,0,-7,-59
1754122467.68646,-2,-4,-55
1754122467.72546,1,-12,-62
1754122467.76146,-4,-12,-64
1754122467.7994602,0,-6,-64
1754122467.83746,0,-2,-55
1754122467.87646,0,-2,-76
1754122467.9144602,-8,1,-74
1754122467.95146,-6,1,-56
1754122467.98846,-2,-2,-57
1754122468.0264602,-5,-10,-61
1754122468.0654602,0,-7,-61
1754122468.10146,2,-9,-64
1754122468.13946,0,-4,-54
1754122468.17846,4,-1,-57
1754122468.21646,12,-1,-66
1754122468.25246,6,-1,-73
1754122468.29046,3,2,-68
1754122468.32846,2,0,-58
1754122468.36646,0,0,-65
1754122468.40546,4,-2,-59
1754122468.44146,-4,-2,-65
1754122468.47946,-2,-3,-64
1754122468.51746,-2,-5,-59
1754122468.55646,-2,-4,-63
1754122468.5924602,-7,-3,-68
1754122468.63046,-1,-3,-72
1754122468.66946,-11,-1,-64
1754122468.70646,5,5,-57
1754122468.74546,0,1,-60
1754122468.78146,-2,7,-64
1754122468.8194602,-2,2,-55
1754122468.85746,-1,-4,-64
1754122468.89646,4,-3,-71
1754122468.93246,-1,-4,-74
1754122468.9704602,5,-2,-75
1754122469.00846,-4,5,-62
1754122469.0464602,1,0,-62
1754122469.0854602,-4,4,-59
1754122469.1214602,0,2,-59
1754122469.15846,0,-3,-62
1754122469.19646,-1,-3,-62
1754122469.23546,-2,-8,-66
1754122469.27146,-7,-2,-59
1754122469.3094602,0,0,-56
1754122469.34746,2,-7,-65
1754122469.38646,1,-9,-69
1754122469.42246,-1,0,-67
1754122469.4604602,0,-7,-62
1754122469.49846,4,0,-59
1754122469.53746,0,2,-60
1754122469.5754602,-1,-3,-61
1754122469.6114602,0,-6,-69
1754122469.65046,-1,3,-62
1754122469.68846,0,1,-69
1754122469.72646,-3,0,-63
1754122469.7634602,1,3,-45
1754122469.80146,0,4,-59
1754122469.8384602,-8,4,-59
1754122469.87746,0,-1,-62
1754122469.91546,2,4,-63
1754122469.95146,-2,-2,-62
1754122469.98946,0,-2,-65
1754122470.02746,-6,0,-59
1754122470.06646,3,0,-61
1754122470.10246,4,2,-62
1754122470.13946,6,-1,-63
1754122470.1774602,-1,5,-63
1754122470.21646,-2,-2,-60
1754122470.25246,-8,-3,-64
1754122470.29046,-9,-1,-67
1754122470.32846,-9,0,-68
1754122470.36746,-4,-4,-68
1754122470.40546,-1,0,-66
1754122470.44146,-1,-1,-55
1754122470.4804602,1,-4,-56
1754122470.51746,2,2,-57
1754122470.55646,-6,-4,-65
1754122470.59346,-7,0,-62
1754122470.63046,2,-3,-61
1754122470.66846,-5,-1,-62
1754122470.7074602,-2,-2,-53
1754122470.7434602,-5,0,-63
1754122470.78146,1,7,-73
1754122470.8194602,-4,0,-77
1754122470.85746,-3,2,-63
1754122470.89646,-2,4,-67
1754122470.93246,-8,0,-64
1754122470.97146,-9,-7,-70
1754122471.0164602,-5,-4,-74
1754122471.05346,-11,1,-70
1754122471.09146,3,-3,-68
1754122471.1284602,3,0,-67
1754122471.1674602,-3,0,-64
1754122471.20346,0,-2,-55
1754122471.24246,0,-3,-61
1754122471.2794602,-2,-6,-60
1754122471.31746,-12,-8,-75
1754122471.35646,-6,2,-70
1754122471.39246,-3,0,-60
1754122471.43046,0,0,-59
1754122471.46846,-2,4,-61
1754122471.50746,0,2,-66
1754122471.54346,4,-7,-71
1754122471.5824602,-2,-6,-76
1754122471.61946,-2,-5,-67
1754122471.65846,0,1,-70
1754122471.69646,0,5,-64
1754122471.73246,1,-4,-58
1754122471.77046,1,-6,-65
1754122471.8094602,1,-2,-64
1754122471.84746,6,-3,-81
1754122471.88346,-3,-6,-69
1754122471.9214602,-1,-2,-74
1754122471.95946,3,-1,-64
1754122471.99846,-2,-4,-53
1754122472.0364602,-3,-6,-60
1754122472.0724602,-1,-5,-47
1754122472.11046,7,3,-47
1754122472.14846,6,4,-57
1754122472.1874602,5,-3,-57
1754122472.2234602,7,-3,-66
1754122472.26246,-5,-1,-72
1754122472.2994602,4,0,-80
1754122472.3384602,7,-11,-64
1754122472.37646,8,-11,-57
1754122472.41246,8,-7,-62
1754122472.44946,10,-6,-68
1754122472.48846,4,-7,-69
1754122472.5264602,0,-3,-61
1754122472.5624602,0,0,-61
1754122472.59946,-1,-5,-59
1754122472.6384602,-6,-1,-59
1754122472.67646,-2,-6,-62
1754122472.71246,3,-2,-58
1754122472.74946,-1,2,-46
1754122472.78846,3,-1,-64
1754122472.82646,1,0,-55
1754122472.86246,-1,-1,-57
1754122472.90046,-2,0,-64
1754122472.93846,-6,0,-59
1754122472.97846,-5,2,-65
1754122473.01446,-3,-7,-71
1754122473.0524602,-4,-6,-65
1754122473.09146,-3,0,-53
1754122473.1284602,-3,-5,-62
1754122473.1674602,0,4,-67
1754122473.20346,-4,2,-66
1754122473.24146,-1,4,-62
1754122473.2794602,2,4,-54
1754122473.31846,0,3,-54
1754122473.35446,0,-3,-58
1754122473.39246,0,1,-62
1754122473.43046,-1,2,-65
1754122473.46946,-3,3,-61
1754122473.50746,-1,4,-64
1754122473.54446,-3,-4,-61
1754122473.5824602,-9,-7,-60
1754122473.61946,3,-4,-68
1754122473.65846,4,1,-65
1754122473.6944602,1,3,-69
1754122473.73246,-1,7,-67
1754122473.77046,5,-1,-63
1754122473.8094602,-1,0,-61
1754122473.84746,4,-2,-60
1754122473.88346,-10,3,-62
1754122473.9214602,-6,-3,-64
1754122473.95946,0,0,-67
1754122473.99846,0,-1,-70
1754122474.03446,-9,4,-72
1754122474.0724602,-5,2,-67
1754122474.1114602,4,6,-65
1754122474.14946,-8,5,-59
1754122474.1874602,0,2,-71
1754122474.22446,3,0,-71
1754122474.26146,-3,2,-57
1754122474.2994602,0,0,-70
1754122474.3384602,-4,-7,-65
1754122474.37446,0,-7,-60
1754122474.4114602,-1,-10,-68
1754122474.44946,0,-3,-64
1754122474.48846,-6,4,-72
1754122474.52446,0,0,-73
1754122474.56146,-2,0,-60
1754122474.59946,-1,-5,-67
1754122474.6384602,0,-7,-66
1754122474.6744602,1,-5,-58
1754122474.71146,-2,-1,-62
1754122474.74946,-7,0,-66
1754122474.78746,-3,2,-66
1754122474.82346,-6,-2,-72
1754122474.8614602,4,-7,-65
1754122474.89946,-2,0,-68
1754122474.93846,-6,2,-65
1754122474.97446,-7,3,-74
1754122475.01146,-3,-1,-74
1754122475.0494602,-3,1,-75
1754122475.0884602,0,0,-72
1754122475.12446,0,-2,-76
1754122475.16246,-2,0,-74
1754122475.2004602,4,0,-68
1754122475.23946,4,0,-68
1754122475.27746,-3,-2,-53
1754122475.31446,-4,4,-53
1754122475.35246,-4,1,-54
1754122475.39046,4,4,-48
1754122475.42946,0,4,-65
1754122475.46546,-4,-4,-70
1754122475.5034602,3,0,-59
1754122475.54146,-1,-2,-68
1754122475.57946,0,-3,-49
1754122475.6184602,2,2,-64
1754122475.6544602,0,-2,-63
1754122475.69246,-3,-4,-62
1754122475.73146,0,-4,-60
1754122475.7694602,-5,-2,-74
1754122475.80546,-5,-2,-64
1754122475.84446,-3,-4,-61
1754122475.8814602,-3,-1,-64
1754122475.91946,0,0,-67
1754122475.95846,-2,-1,-72
1754122475.99446,8,2,-74
1754122476.03146,4,5,-77
1754122476.0694602,0,0,-76
1754122476.1084602,6,4,-55
1754122476.1444602,-2,-1,-66
1754122476.18246,-1,-1,-63
1754122476.2204602,7,-3,-58
1754122476.2594602,-1,2,-71
1754122476.29546,6,-4,-61
1754122476.33446,0,2,-65
1754122476.3714602,-3,0,-71
1754122476.41046,-4,-2,-59
1754122476.44846,-3,-1,-58
1754122476.48446,2,-8,-58
1754122476.52146,5,1,-49
1754122476.56046,2,3,-53
1754122476.5984602,3,-2,-56
1754122476.6344602,2,3,-49
1754122476.6714602,1,0,-51
1754122476.7104602,3,-2,-45
1754122476.74846,0,2,-62
1754122476.78446,6,5,-53
1754122476.82146,5,0,-52
1754122476.86046,-3,4,-61
1754122476.89846,0,3,-64
1754122476.9344602,-3,6,-55
1754122476.97246,-2,0,-62
1754122477.01046,0,0,-73
1754122477.0494602,6,1,-70
1754122477.0854602,6,0,-60
1754122477.12246,0,0,-52
1754122477.16046,-3,2,-67
1754122477.19946,-4,3,-60
1754122477.23546,-5,4,-53
1754122477.27346,-4,1,-61
1754122477.3124602,0,2,-55
1754122477.35046,-2,-3,-70
1754122477.3884602,2,-6,-64
1754122477.42546,0,-7,-66
1754122477.4634602,-4,-6,-53
1754122477.50146,-2,0,-65
1754122477.54046,0,-1,-62
1754122477.57646,9,1,-58
1754122477.61346,-2,0,-65
1754122477.6514602,0,0,-68
1754122477.6904602,-4,0,-67
1754122477.72646,-4,-4,-77
1754122477.76446,-4,0,-63
1754122477.8024602,-2,-1,-54
1754122477.84046,-2,3,-61
1754122477.87946,-7,-3,-53
1754122477.91546,-1,-8,-49
1754122477.95346,0,-6,-62
1754122477.99246,-4,0,-53
1754122478.03046,0,4,-46
1754122478.06646,3,4,-68
1754122478.10346,-2,-3,-62
1754122478.14246,-1,4,-57
1754122478.18046,0,1,-66
1754122478.21646,4,2,-66
1754122478.2534602,-2,-1,-65
1754122478.2924602,-5,2,-64
1754122478.33046,0,1,-63
1754122478.36646,1,2,-53
1754122478.40346,3,-1,-60
1754122478.44246,-1,-7,-62
1754122478.4804602,-5,-3,-58
1754122478.5164602,-1,-10,-60
1754122478.55546,-1,-6,-61
1754122478.5924602,1,-1,-70
1754122478.6314602,-2,-3,-66
1754122478.66946,-4,-2,-67
1754122478.70546,-2,-1,-71
1754122478.7434602,-6,-8,-52
1754122478.78146,-4,-1,-62
1754122478.82046,0,-2,-55
1754122478.85646,-5,-3,-63
1754122478.8944602,-3,-4,-68
1754122478.93346,-6,6,-59
1754122478.97146,0,3,-74
1754122479.0094602,-3,3,-70
1754122479.0464602,0,-3,-61
1754122479.08346,3,-3,-66
1754122479.1214602,11,-1,-71
1754122479.16046,2,-2,-69
1754122479.19646,7,0,-72
1754122479.2334602,2,7,-72
1754122479.27146,0,0,-60
1754122479.31046,-6,2,-72
1754122479.34646,2,9,-57
1754122479.38346,0,-1,-78
1754122479.4214602,-5,-8,-67
1754122479.4604602,-2,1,-64
1754122479.4964602,0,0,-65
1754122479.53346,7,-1,-71
1754122479.57146,-2,2,-69
1754122479.61046,0,-3,-65
1754122479.64646,-5,-2,-63
1754122479.6844602,0,-4,-66
1754122479.72246,-2,1,-63
1754122479.76146,-6,0,-66
1754122479.7994602,-2,-4,-57
1754122479.83646,1,-2,-63
1754122479.87446,6,0,-62
1754122479.91246,-2,-3,-75
1754122479.95146,3,-2,-62
1754122479.98746,0,-3,-59
1754122480.02546,1,-7,-64
1754122480.06346,-5,1,-70
1754122480.10146,-7,0,-60
1754122480.14046,-5,0,-65
1754122480.17646,3,-4,-58
1754122480.21446,-1,-3,-69
1754122480.25246,-3,0,-67
1754122480.29146,3,-6,-70
1754122480.32746,0,-1,-67
1754122480.3654602,1,0,-61
1754122480.40246,-1,3,-70
1754122480.44146,0,0,-63
1754122480.47746,1,0,-71
1754122480.51546,5,-4,-65
1754122480.55446,9,2,-72
1754122480.59146,0,-2,-73
1754122480.63046,0,-1,-60
1754122480.66646,3,2,-56
1754122480.70446,-1,-3,-65
1754122480.74246,-10,-1,-60
1754122480.78046,-1,-6,-61
1754122480.81646,0,-8,-72
1754122480.85446,1,-5,-71
1754122480.89246,-3,3,-74
1754122480.93146,-5,-7,-65
1754122480.9674602,-4,3,-69
1754122481.00546,-2,0,-73
1754122481.05146,0,0,-59
1754122481.08746,4,-3,-44
1754122481.12546,-1,-6,-51
1754122481.16346,-2,-4,-51
1754122481.20246,3,-2,-55
1754122481.2404602,-4,-2,-61
1754122481.2764602,-1,0,-60
1754122481.31446,-3,2,-53
1754122481.35246,-1,5,-44
1754122481.3914602,-3,0,-64
1754122481.4274602,-2,-1,-69
1754122481.46546,5,0,-75
1754122481.5034602,-4,-2,-66
1754122481.5424602,-5,0,-60
1754122481.58046,-1,-1,-61
1754122481.61646,-3,1,-60
1754122481.65346,-1,1,-66
1754122481.69246,-3,-3,-55
1754122481.7304602,8,2,-59
1754122481.7664602,13,1,-64
1754122481.80346,2,0,-67
1754122481.8424602,0,-2,-57
1754122481.88046,-2,-3,-56
1754122481.91646,-3,-9,-61
1754122481.95446,7,-6,-55
1754122481.99246,3,3,-70
1754122482.03146,-1,-4,-65
1754122482.06746,4,0,-71
1754122482.1054602,-3,0,-62
1754122482.1444602,-4,0,-59
1754122482.18246,3,-1,-63
1754122482.21846,-3,-3,-52
1754122482.2564602,-2,4,-52
1754122482.29446,-4,6,-63
1754122482.3324602,-4,3,-68
1754122482.3714602,9,-2,-61
1754122482.4074602,5,-8,-65
1754122482.44546,-10,-3,-60
1754122482.4834602,-3,-1,-63
1754122482.52246,-3,7,-63
1754122482.55846,8,6,-63
1754122482.59646,0,3,-74
1754122482.63346,0,5,-71
1754122482.67246,-4,0,-68
1754122482.70846,-10,-1,-71
1754122482.7464602,2,-1,-53
1754122482.78446,1,2,-65
1754122482.82346,2,0,-65
1754122482.8614602,0,0,-64
1754122482.89746,-2,-1,-48
1754122482.93646,-8,5,-69
1754122482.9734602,-5,0,-73
1754122483.01246,-4,4,-60
1754122483.04846,-2,-2,-60
1754122483.08646,4,0,-61
1754122483.12446,1,-2,-60
1754122483.16346,-11,3,-68
1754122483.20146,-2,0,-61
1754122483.23746,-6,1,-66
1754122483.27546,-8,2,-68
1754122483.31346,-1,4,-67
1754122483.35246,1,0,-65
1754122483.3884602,4,0,-53
1754122483.42546,-6,4,-59
1754122483.46446,-7,0,-62
1754122483.50246,-2,-7,-67
1754122483.53846,3,-4,-72
1754122483.57646,3,-3,-59
1754122483.61446,-9,-13,-57
1754122483.65346,-4,-6,-63
1754122483.69146,-2,0,-60
1754122483.72746,3,-3,-62
1754122483.76546,0,-5,-59
1754122483.80346,1,-7,-61
1754122483.8424602,2,0,-67
1754122483.8784602,5,-4,-61
1754122483.91646,0,-6,-62
1754122483.95446,0,-2,-64
1754122483.9934602,1,0,-60
1754122484.03146,6,-7,-66
1754122484.06746,9,-5,-72
1754122484.10646,4,-1,-65
1754122484.14346,0,-7,-62
1754122484.18246,1,0,-65
1754122484.21846,1,3,-60
1754122484.2564602,-4,2,-67
1754122484.29446,-2,6,-67
1754122484.33346,-8,0,-61
1754122484.36946,0,1,-63
1754122484.40646,0,3,-54
1754122484.4444602,7,-1,-58
1754122484.4834602,11,0,-57
1754122484.5194602,8,3,-57
1754122484.55646,3,6,-61
1754122484.59446,0,2,-67
1754122484.63346,-3,-1,-67
1754122484.66946,-1,-6,-62
1754122484.7074602,2,-1,-54
1754122484.74546,-1,-2,-66
1754122484.78346,0,0,-80
1754122484.8224602,-5,1,-59
1754122484.8584602,-1,4,-56
1754122484.89646,1,-2,-71
1754122484.93546,0,1,-77
1754122484.9734602,-7,1,-62
1754122485.0094602,-10,0,-60
1754122485.04746,0,-1,-64
1754122485.0854602,0,3,-67
1754122485.12346,-3,0,-74
1754122485.16246,-1,-9,-70
1754122485.19846,-5,0,-60
1754122485.2364602,-4,-8,-78
1754122485.27446,3,2,-67
1754122485.31346,0,-5,-70
1754122485.34946,7,8,-66
1754122485.38746,2,4,-55
1754122485.42646,-7,9,-62
1754122485.46446,-4,0,-66
1754122485.50246,-7,6,-61
1754122485.53846,-4,4,-51
1754122485.5754602,-8,4,-57
1754122485.61446,-3,0,-54
1754122485.65246,-12,-1,-58
1754122485.68846,-5,-3,-57
1754122485.72646,-6,0,-51
1754122485.76446,-1,1,-61
1754122485.80346,1,-1,-59
1754122485.83946,0,0,-62
1754122485.87646,-4,3,-57
1754122485.9144602,0,-1,-61
1754122485.95346,-4,2,-69
1754122485.98946,3,-6,-59
1754122486.02746,2,-4,-66
1754122486.0654602,0,-4,-58
1754122486.10446,2,6,-61
1754122486.14246,0,0,-64
1754122486.17846,4,-2,-66
1754122486.21646,1,-1,-63
1754122486.25546,0,0,-64
1754122486.29346,-6,1,-60
1754122486.32946,-4,2,-73
1754122486.36746,1,0,-68
1754122486.40546,9,1,-66
1754122486.4444602,2,2,-58
1754122486.48246,-3,3,-59
1754122486.51846,5,1,-59
1754122486.55546,0,-3,-68
1754122486.59446,0,-3,-55
1754122486.63046,3,3,-60
1754122486.6674602,3,-5,-61
1754122486.70546,0,0,-68
1754122486.74446,3,0,-64
1754122486.78046,-2,-5,-69
1754122486.81846,1,0,-70
1754122486.85646,-5,9,-69
1754122486.89546,-10,4,-68
1754122486.93346,-4,0,-77
1754122486.9704602,-3,1,-73
1754122487.00746,-3,0,-67
1754122487.04546,1,7,-58
1754122487.08446,-2,2,-71
1754122487.12046,-2,3,-71
1754122487.1574602,-3,2,-59
1754122487.19546,-8,1,-59
1754122487.23446,0,0,-58
1754122487.27046,3,-8,-49
1754122487.30746,2,-2,-47
1754122487.3454602,-1,-7,-54
1754122487.3844602,4,-2,-53
1754122487.42046,2,-2,-72
1754122487.45846,7,1,-67
1754122487.4964602,1,2,-57
1754122487.53546,1,0,-67
1754122487.57346,-3,-2,-75
1754122487.60946,0,0,-77
1754122487.64646,-4,0,-66
1754122487.68546,-7,-2,-65
1754122487.7234602,2,-4,-64
1754122487.7594602,3,0,-72
1754122487.7964602,3,-4,-71
1754122487.8354602,-1,3,-60
1754122487.87346,3,3,-71
1754122487.90946,9,0,-65
1754122487.94646,-3,2,-64
1754122487.98546,7,-6,-59
1754122488.02346,2,-2,-66
1754122488.0594602,4,0,-66
1754122488.09646,4,-2,-61
1754122488.13546,-2,0,-62
1754122488.17346,-8,1,-66
1754122488.20946,-4,0,-74
1754122488.24746,-1,-6,-67
1754122488.28546,-3,3,-61
1754122488.32446,-3,4,-56
1754122488.36046,1,-2,-59
1754122488.39846,-1,0,-74
1754122488.4374602,2,-3,-70
1754122488.47546,3,-5,-66
1754122488.5134602,-2,-10,-63
1754122488.5494602,0,-1,-60
1754122488.58746,-2,-2,-69
1754122488.62546,2,-7,-65
1754122488.6644602,0,-3,-66
1754122488.7004602,0,-2,-60
1754122488.73846,-3,0,-58
1754122488.7764602,5,0,-63
1754122488.8154602,6,0,-71
1754122488.85346,-3,0,-59
1754122488.88946,1,0,-63
1754122488.92646,7,0,-67
1754122488.96546,4,-10,-67
1754122489.00146,-12,-8,-61
1754122489.0394602,-3,-4,-61
1754122489.07846,1,-3,-58
1754122489.1154602,3,0,-57
1754122489.1544602,0,-2,-61
1754122489.1904602,-3,0,-65
1754122489.22846,-6,2,-74
1754122489.2664602,-2,0,-71
1754122489.30546,7,-7,-69
1754122489.34146,0,-4,-72
1754122489.37946,2,-1,-61
1754122489.4174602,0,0,-70
1754122489.45546,-5,0,-66
1754122489.49446,1,-1,-61
1754122489.53046,-6,1,-51
1754122489.56846,2,2,-50
1754122489.60646,2,1,-49
1754122489.64546,4,-1,-53
1754122489.68146,-5,-7,-57
1754122489.7204602,0,0,-61
1754122489.75746,-1,-2,-62
1754122489.79546,2,2,-67
1754122489.83446,-1,-1,-62
1754122489.87046,-3,-2,-71
1754122489.90846,-5,1,-56
1754122489.94646,5,1,-65
1754122489.98546,2,1,-66
1754122490.02146,4,0,-57
1754122490.05846,3,3,-64
1754122490.09646,3,-3,-63
1754122490.13546,1,-10,-64
1754122490.1714602,-5,-1,-59
1754122490.20946,-6,1,-65
1754122490.24846,0,0,-66
1754122490.2864602,0,-4,-66
1754122490.32446,4,1,-60
1754122490.36046,5,7,-63
1754122490.39846,3,2,-72
1754122490.43646,4,0,-71
1754122490.47446,5,-3,-61
1754122490.51046,6,-1,-61
1754122490.54746,-3,0,-69
1754122490.58646,-7,-1,-66
1754122490.62446,0,-11,-69
1754122490.66046,6,-5,-57
1754122490.69946,-2,-2,-72
1754122490.7364602,-12,-6,-69
1754122490.77546,5,-3,-64
1754122490.81146,-3,-10,-61
1754122490.84946,0,-3,-68
1754122490.88746,-6,0,-62
1754122490.92646,-5,-4,-61
1754122490.96446,-5,-2,-66
1754122491.00046,-8,-4,-72
1754122491.03846,-6,1,-62
1754122491.08446,-1,1,-63
1754122491.12046,6,1,-64
1754122491.1574602,4,-1,-59
1754122491.19646,0,-4,-59
1754122491.23246,-9,2,-60
1754122491.27046,-2,0,-64
1754122491.30846,1,0,-70
1754122491.34646,0,-8,-67
1754122491.38546,0,3,-63
1754122491.4214602,-3,3,-60
1754122491.4604602,0,0,-60
1754122491.49746,-1,-3,-64
1754122491.5364602,4,0,-59
1754122491.57346,4,2,-57
1754122491.61046,2,4,-64
1754122491.64946,1,-1,-59
1754122491.68646,0,2,-71
1754122491.72546,-5,5,-63
1754122491.76146,4,1,-66
1754122491.7994602,8,4,-71
1754122491.83646,6,3,-68
1754122491.87546,2,1,-66
1754122491.9114602,-6,4,-62
1754122491.94946,-6,-1,-58
1754122491.98746,2,-4,-58
1754122492.0264602,-5,-6,-62
1754122492.0624602,0,-2,-65
1754122492.10046,-3,-4,-75
1754122492.1384602,-5,-2,-72
1754122492.17646,-5,-3,-70
1754122492.21546,-10,1,-71
1754122492.25146,0,0,-56
1754122492.29046,12,-1,-44
1754122492.32746,8,-3,-69
1754122492.36646,6,-2,-54
1754122492.40246,1,-1,-64
1754122492.43946,1,-4,-69
1754122492.47746,-5,1,-65
1754122492.5164602,-6,6,-66
1754122492.5524602,-9,0,-64
1754122492.58946,-1,-3,-63
1754122492.62746,-1,-4,-63
1754122492.66646,-3,-2,-56
1754122492.70246,5,0,-66
1754122492.7404602,3,-2,-74
1754122492.77746,4,-4,-66
1754122492.81646,-4,-8,-60
1754122492.85246,1,-2,-49
1754122492.89046,3,-2,-52
1754122492.9274602,-2,3,-50
1754122492.96646,-1,5,-65
1754122493.00246,-2,-2,-68
1754122493.04046,0,-5,-61
1754122493.07846,7,-3,-63
1754122493.11746,1,-4,-62
1754122493.15546,-3,-2,-69
1754122493.19146,1,-1,-65
1754122493.22946,3,-3,-58
1754122493.26746,4,-7,-64
1754122493.30646,-1,0,-73
1754122493.3424602,5,0,-65
1754122493.37946,1,-6,-63
1754122493.4174602,10,-3,-65
1754122493.45646,1,-4,-61
1754122493.49246,-1,-9,-61
1754122493.53046,-3,-8,-54
1754122493.5694602,3,-6,-58
1754122493.60746,-2,0,-65
1754122493.64346,6,-2,-65
1754122493.68246,3,4,-50
1754122493.71946,0,-1,-62
1754122493.75746,-5,-1,-64
1754122493.7964602,-5,-3,-65
1754122493.8324602,0,-4,-62
1754122493.87046,-1,-5,-63
1754122493.90846,0,-4,-60
1754122493.9474602,-6,0,-66
1754122493.9834602,3,-4,-56
1754122494.02046,0,-6,-59
1754122494.05846,0,-5,-68
1754122494.09746,0,-6,-68
1754122494.13346,-2,-4,-67
1754122494.1714602,-2,-3,-69
1754122494.20946,1,0,-63
1754122494.24746,0,-2,-55
1754122494.2864602,6,1,-60
1754122494.3224602,8,2,-61
1754122494.35946,0,-1,-69
1754122494.39746,0,4,-66
1754122494.43646,4,7,-74
1754122494.47246,5,5,-74
1754122494.51046,1,4,-58
1754122494.54846,6,-4,-59
1754122494.58746,1,-3,-67
1754122494.62346,0,-4,-68
1754122494.6614602,0,-3,-68
1754122494.69946,-4,2,-69
1754122494.73846,2,2,-67
1754122494.7764602,-2,9,-62
1754122494.8124602,-5,3,-61
1754122494.85046,-1,0,-69
1754122494.8884602,-1,-3,-68
1754122494.9274602,0,-3,-66
1754122494.9634602,-3,1,-59
1754122495.00146,-3,5,-66
1754122495.0394602,0,-1,-72
1754122495.07846,0,4,-64
1754122495.11646,4,0,-65
1754122495.15246,3,0,-57
1754122495.18946,-1,-1,-56
1754122495.22846,1,-4,-55
1754122495.2664602,-1,0,-54
1754122495.3024602,-2,2,-60
1754122495.34046,1,4,-55
1754122495.3784602,1,-1,-56
1754122495.4174602,2,0,-58
1754122495.45346,2,0,-58
1754122495.4904602,6,0,-59
1754122495.52846,6,8,-72
1754122495.56746,-5,1,-62
1754122495.60346,-5,1,-63
1754122495.6414602,-5,5,-61
1754122495.67946,2,-5,-65
1754122495.71846,1,-8,-59
1754122495.7564602,-1,0,-54
1754122495.7924602,4,0,-62
1754122495.82946,5,0,-61
1754122495.8684602,3,1,-69
1754122495.90546,0,0,-73
1754122495.94346,0,-1,-76
1754122495.9804602,-5,0,-60
1754122496.0194602,-3,-5,-67
1754122496.05746,-1,-7,-68
1754122496.09346,5,-7,-70
1754122496.13046,0,-8,-59
1754122496.16946,1,-4,-69
1754122496.2074602,-4,-2,-59
1754122496.2434602,-4,-2,-58
1754122496.2824602,-4,4,-58
1754122496.3194602,-1,0,-58
1754122496.3584602,0,0,-67
1754122496.3944602,-5,0,-74
1754122496.43146,5,-6,-74
1754122496.46946,0,2,-71
1754122496.50846,3,0,-54
1754122496.54446,-2,-3,-63
1754122496.5824602,-3,4,-64
1754122496.62046,-3,2,-61
1754122496.65846,0,0,-80
1754122496.6974602,0,-6,-60
1754122496.7334602,4,-1,-61
1754122496.77146,-5,0,-60
1754122496.8094602,-3,-2,-69
1754122496.8484602,-10,-8,-63
1754122496.8844602,-10,-6,-59
1754122496.92346,4,1,-61
1754122496.9604602,-1,7,-58
1754122496.99946,0,2,-74
1754122497.03746,4,0,-65
1754122497.07346,-8,1,-68
1754122497.11046,-1,2,-58
1754122497.14946,8,-5,-62
1754122497.1874602,0,1,-69
1754122497.2234602,6,0,-68
1754122497.26046,4,1,-62
1754122497.2994602,1,-3,-69
1754122497.33746,7,-5,-64
1754122497.37346,5,-1,-68
1754122497.41046,3,1,-62
1754122497.44946,0,-3,-64
1754122497.48746,1,-3,-55
1754122497.52346,5,0,-45
1754122497.56046,11,0,-65
1754122497.59946,-1,2,-60
1754122497.63746,1,0,-74
1754122497.67346,3,-2,-73
1754122497.7104602,4,-2,-71
1754122497.74946,1,3,-53
1754122497.78746,-5,1,-64
1754122497.82346,-2,1,-62
1754122497.86046,-4,3,-57
1754122497.89946,-4,1,-58
1754122497.9374602,9,-5,-59
1754122497.97446,5,0,-53
1754122498.01146,2,1,-63
1754122498.0494602,-2,-1,-63
1754122498.0884602,-11,-5,-61
1754122498.12446,-1,-3,-57
1754122498.16246,3,-7,-61
1754122498.2004602,6,0,-60
1754122498.23946,4,2,-71
1754122498.27546,11,7,-61
1754122498.31446,4,2,-59
1754122498.35146,0,0,-68
1754122498.38946,1,0,-79
1754122498.42846,5,-2,-69
1754122498.46446,4,-2,-60
1754122498.50246,0,-1,-71
1754122498.54046,0,-1,-63
1754122498.57946,1,4,-54
1754122498.6154602,-1,-3,-53
1754122498.65346,-2,1,-61
1754122498.69146,-9,-3,-64
1754122498.72946,-2,-3,-58
1754122498.76846,-5,-7,-61
1754122498.80446,-3,-3,-60
1754122498.8424602,-1,1,-63
1754122498.88046,0,-1,-67
1754122498.91946,4,-1,-64
1754122498.95546,0,0,-63
1754122498.99246,-2,4,-52
1754122499.03046,-9,-2,-62
1754122499.0694602,-3,-3,-62
1754122499.1054602,-5,1,-59
1754122499.14346,4,2,-59
1754122499.18146,-3,2,-68
1754122499.2204602,-6,-3,-69
1754122499.25846,1,-2,-69
1754122499.29446,2,4,-71
1754122499.33146,4,3,-73
1754122499.37046,0,-1,-69
1754122499.40846,-3,4,-67
1754122499.4444602,0,-4,-53
1754122499.48246,0,0,-67
1754122499.52046,3,-5,-61
1754122499.5594602,4,1,-52
1754122499.5954602,0,1,-54
1754122499.63246,-2,5,-73
1754122499.67046,-8,0,-70
1754122499.70946,-5,0,-72
1754122499.74546,-6,0,-72
1754122499.78346,-5,-3,-61
1754122499.82146,-2,6,-56
1754122499.86046,4,1,-58
1754122499.89846,3,2,-57
1754122499.9344602,-2,-2,-71
1754122499.97246,2,-5,-68
1754122500.01046,6,0,-61
1754122500.0494602,-5,-5,-65
1754122500.0854602,-2,0,-71
1754122500.12346,11,-3,-64
1754122500.1614602,-3,2,-65
1754122500.2004602,-3,-5,-60
1754122500.23846,-1,-2,-69
1754122500.27546,2,-5,-73
1754122500.31346,2,-4,-68
1754122500.35146,0,-1,-61
1754122500.39046,-1,-5,-63
1754122500.42646,1,0,-68
1754122500.4634602,1,-2,-63
1754122500.50146,-2,-2,-65
1754122500.54046,3,-5,-65
1754122500.57646,5,-3,-60
1754122500.61446,1,-4,-67
1754122500.65246,-1,-1,-71
1754122500.69146,0,-4,-64
1754122500.72946,3,-4,-63
1754122500.76546,0,-1,-69
1754122500.80446,-1,-3,-76
1754122500.84146,9,5,-65
1754122500.88046,7,-2,-65
1754122500.9174602,10,-4,-67
1754122500.95446,1,-5,-63
1754122500.99246,-4,-6,-64
1754122501.03046,-9,-1,-69
1754122501.0694602,2,4,-75
1754122501.11246,-5,-4,-68
1754122501.15046,-5,1,-64
1754122501.18946,-1,5,-62
1754122501.22546,-2,0,-69
1754122501.2634602,4,2,-54
1754122501.30146,0,-1,-67
1754122501.34046,5,-7,-53
1754122501.37746,3,-8,-59
1754122501.4144602,-2,-1,-63
1754122501.45246,3,-6,-69
1754122501.49146,3,-3,-64
1754122501.5294602,-5,2,-70
1754122501.5654602,-4,3,-63
1754122501.60446,-5,4,-57
1754122501.64246,1,-1,-62
1754122501.68046,1,7,-73
1754122501.71646,2,5,-74
1754122501.75446,1,2,-60
1754122501.7924602,7,5,-60
1754122501.83046,3,5,-62
1754122501.86646,-1,5,-55
1754122501.9044602,0,-2,-66
1754122501.94246,0,2,-66
1754122501.98146,4,2,-64
1754122502.0194602,0,-2,-62
1754122502.05546,-3,-2,-60
1754122502.09346,-1,0,-69
1754122502.1314602,-9,6,-62
1754122502.17046,0,9,-56
1754122502.20646,-7,5,-53
1754122502.24446,-9,0,-66
1754122502.2824602,-1,5,-54
1754122502.32146,-4,0,-60
1754122502.35946,-4,-8,-61
1754122502.39546,0,-3,-58
1754122502.43346,0,-5,-76
1754122502.47146,3,-5,-68
1754122502.51046,4,-3,-73
1754122502.5464602,-7,-5,-71
1754122502.5854602,4,3,-65
1754122502.62246,2,-1,-56
1754122502.6614602,-6,2,-45
1754122502.6974602,-1,0,-61
1754122502.73546,4,-3,-67
1754122502.77346,4,-4,-60
1754122502.81146,1,-3,-54
1754122502.85046,-4,1,-60
1754122502.88646,0,0,-57
1754122502.92346,-4,-5,-72
1754122502.96146,-1,-3,-57
1754122503.00046,-2,-4,-56
1754122503.0364602,-3,2,-55
1754122503.07346,-2,-4,-71
1754122503.1114602,-4,-1,-65
1754122503.15046,-5,-3,-66
1754122503.18646,1,1,-63
1754122503.22446,-6,-3,-70
1754122503.2634602,-1,0,-66
1754122503.30146,3,5,-56
1754122503.33746,2,0,-58
1754122503.37646,-2,-4,-51
1754122503.41346,8,3,-61
1754122503.45246,-1,4,-60
1754122503.4904602,3,-5,-68
1754122503.5264602,0,5,-66
1754122503.56346,7,1,-59
1754122503.60246,3,-1,-69
1754122503.64046,5,2,-65
1754122503.67646,0,4,-71
1754122503.7134602,1,-3,-59
1754122503.75246,-1,-6,-60
1754122503.79046,-2,-4,-60
1754122503.82646,0,-6,-55
1754122503.86446,1,1,-66
1754122503.90346,0,-3,-76
1754122503.94246,2,-2,-69
1754122503.9804602,0,-1,-70
1754122504.0164602,3,-2,-64
1754122504.05446,3,-4,-69
1754122504.0924602,-1,-7,-69
1754122504.1314602,2,0,-67
1754122504.1674602,-1,-3,-63
1754122504.20646,-8,-3,-60
1754122504.2434602,0,-3,-59
1754122504.2824602,-1,2,-61
1754122504.32046,-1,1,-52
1754122504.35646,-9,-2,-56
1754122504.3944602,0,-3,-53
1754122504.43246,-1,2,-58
1754122504.47146,0,-2,-54
1754122504.50746,-4,2,-66
1754122504.54546,0,1,-58
1754122504.58346,-3,1,-72
1754122504.62246,5,0,-65
1754122504.66046,2,1,-61
1754122504.69646,-2,-1,-62
1754122504.73446,2,0,-60
1754122504.77346,0,-1,-71
1754122504.81146,-5,-5,-80
1754122504.84746,2,-3,-75
1754122504.88646,-2,1,-70
1754122504.92346,1,-6,-56
1754122504.96246,-1,-4,-63
1754122504.99846,-1,0,-49
1754122505.0364602,-1,0,-61
1754122505.07346,1,-1,-72
1754122505.11246,3,-1,-72
1754122505.14846,5,4,-79
1754122505.18546,8,0,-70
1754122505.2234602,2,2,-74
1754122505.26246,3,-6,-71
1754122505.29846,4,-1,-69
1754122505.33646,-3,-10,-63
1754122505.37346,1,1,-63
1754122505.41246,10,6,-66
1754122505.44846,7,0,-62
1754122505.48546,0,-2,-54
1754122505.52346,-5,-7,-58
1754122505.5624602,2,-5,-59
1754122505.5984602,-1,-2,-58
1754122505.63646,3,2,-57
1754122505.6744602,0,-5,-61
1754122505.71246,-3,-3,-68
1754122505.75146,-2,6,-60
1754122505.78746,5,-2,-56
1754122505.8254602,0,-3,-61
1754122505.86346,1,0,-58
1754122505.90246,-8,1,-43
1754122505.93846,-3,-4,-52
1754122505.97646,-3,0,-64
1754122506.01446,-4,-2,-58
1754122506.05346,-2,-8,-47
1754122506.09146,-7,-3,-51
1754122506.1284602,0,-1,-60
1754122506.16546,-1,0,-54
1754122506.20346,0,-6,-55
1754122506.24246,5,0,-71
1754122506.27846,-1,1,-59
1754122506.3154602,3,1,-59
1754122506.35446,5,1,-56
1754122506.39246,1,0,-64
1754122506.42846,-1,-1,-63
1754122506.46646,-7,-1,-57
1754122506.50446,3,0,-60
1754122506.54346,-1,0,-64
1754122506.58146,3,4,-52
1754122506.61746,-2,-3,-53
1754122506.65546,2,-6,-56
1754122506.69346,4,-3,-63
1754122506.73246,4,-3,-61
1754122506.76846,-4,0,-60
1754122506.80646,-3,0,-68
1754122506.8454602,3,5,-69
1754122506.88346,4,0,-69
1754122506.9214602,6,-1,-61
1754122506.9574602,4,-7,-65
1754122506.99446,1,-3,-67
1754122507.03346,8,4,-70
1754122507.07146,1,2,-69
1754122507.10746,1,0,-70
1754122507.1444602,-6,5,-69
1754122507.18346,-4,0,-61
1754122507.21946,0,-8,-68
1754122507.25846,1,-2,-67
1754122507.29546,6,-2,-65
1754122507.33346,-4,-3,-66
1754122507.37246,-1,-4,-72
1754122507.40846,4,-2,-66
1754122507.44546,4,0,-58
1754122507.4834602,0,2,-67
1754122507.52246,5,-4,-75
1754122507.55846,-1,-5,-70
1754122507.59646,-2,1,-70
1754122507.6344602,-9,3,-71
1754122507.67346,-6,0,-61
1754122507.70946,2,2,-60
1754122507.7464602,-3,1,-59
1754122507.78446,-1,-1,-66
1754122507.82346,0,-3,-55
1754122507.85946,-9,-1,-64
1754122507.89746,5,-4,-50
1754122507.93546,-3,3,-62
1754122507.9734602,-5,3,-70
1754122508.01246,2,-3,-61
1754122508.04846,1,-1,-61
1754122508.08646,4,1,-65
1754122508.12446,4,-2,-72
1754122508.16346,5,0,-65
1754122508.19946,1,0,-58
1754122508.23746,3,2,-71
1754122508.27546,5,3,-68
1754122508.31446,-5,0,-60
1754122508.35246,-4,1,-70
1754122508.3884602,3,-4,-64
1754122508.42646,3,0,-65
1754122508.46446,4,0,-60
1754122508.5034602,4,-1,-61
1754122508.5394602,2,0,-57
1754122508.57646,5,0,-64
1754122508.61446,-1,-4,-66
1754122508.65346,-4,1,-57
1754122508.68946,-7,6,-58
1754122508.72746,-11,3,-58
1754122508.76546,-3,0,-69
1754122508.80446,1,6,-63
1754122508.8424602,5,-1,-59
1754122508.8784602,4,1,-64
1754122508.91546,4,3,-71
1754122508.95446,3,-3,-89
1754122508.99246,-5,-9,-76
1754122509.02846,-4,-5,-78
1754122509.06646,0,-5,-72
1754122509.10446,-3,-5,-62
1754122509.14346,-5,-6,-58
1754122509.18046,-2,2,-70
1754122509.2174602,-1,1,-68
1754122509.2564602,-2,0,-58
1754122509.29446,-2,0,-60
1754122509.3324602,-2,0,-64
1754122509.3684602,5,-1,-60
1754122509.40646,6,-6,-65
1754122509.4444602,3,0,-67
1754122509.48246,-5,1,-70
1754122509.51846,0,-3,-55
1754122509.55646,0,-2,-54
1754122509.59446,3,-4,-59
1754122509.63046,0,-3,-63
1754122509.66846,7,-3,-61
1754122509.70646,-1,1,-63
1754122509.74446,-1,6,-66
1754122509.78346,0,6,-60
1754122509.8194602,1,6,-70
1754122509.85646,4,5,-70
1754122509.8944602,-4,4,-70
1754122509.93346,0,4,-56
1754122509.96946,0,0,-54
1754122510.0064602,-4,-2,-63
1754122510.04446,-7,-1,-68
1754122510.08346,-5,8,-56
1754122510.11946,-3,3,-58
1754122510.15646,4,8,-62
1754122510.1944602,11,0,-75
1754122510.2334602,7,3,-68
1754122510.2694602,8,0,-73
1754122510.30646,5,-4,-75
1754122510.34446,0,-10,-75
1754122510.38346,-3,-4,-67
1754122510.41946,-4,3,-68
1754122510.4574602,-12,0,-67
1754122510.49446,-6,-5,-69
1754122510.53346,-6,0,-65
1754122510.5694602,-2,-8,-69
1754122510.60746,0,-1,-68
1754122510.64546,1,4,-62
1754122510.6844602,3,1,-62
1754122510.7204602,0,0,-56
1754122510.75746,0,3,-59
1754122510.79546,-1,-1,-57
1754122510.83446,-5,-4,-54
1754122510.87046,1,-2,-53
1754122510.90846,3,0,-54
1754122510.94646,5,-3,-61
1754122510.98546,9,-4,-59
1754122511.02346,0,-6,-53
1754122511.0594602,0,-1,-58
1754122511.0984602,-4,1,-65
1754122511.14346,3,0,-65
1754122511.17946,6,-5,-62
1754122511.2174602,7,-5,-60
1754122511.25546,2,0,-63
1754122511.29446,-2,0,-66
1754122511.33046,-9,-1,-71
1754122511.3684602,-2,-3,-76
1754122511.40646,0,-1,-64
1754122511.44546,0,-5,-71
1754122511.4834602,-1,-2,-57
1754122511.5194602,0,-3,-56
1754122511.55746,-7,0,-49
1754122511.5954602,0,-1,-63
1754122511.6344602,4,-2,-70
1754122511.67046,5,-2,-59
1754122511.70846,-5,0,-57
1754122511.7464602,-3,0,-65
1754122511.78546,3,-5,-73
1754122511.82346,11,-2,-73
1754122511.85946,11,-3,-69
1754122511.89746,1,-1,-69
1754122511.93546,0,3,-71
1754122511.97446,2,-4,-57
1754122512.01046,-3,5,-52
1754122512.04846,0,0,-64
1754122512.08646,-1,-1,-72
1754122512.12546,0,1,-62
1754122512.1614602,-4,0,-63
1754122512.19946,-5,4,-73
1754122512.2364602,0,1,-71
1754122512.27546,-4,-3,-62
1754122512.31146,-2,-1,-55
1754122512.34946,-1,0,-60
1754122512.38746,1,2,-60
1754122512.42546,0,0,-63
1754122512.46446,0,4,-52
1754122512.50046,-8,0,-63
1754122512.53846,-6,3,-59
1754122512.57646,-1,4,-61
1754122512.6154602,2,0,-45
1754122512.6514602,-3,4,-71
1754122512.68946,-2,1,-68
1754122512.72746,-5,0,-56
1754122512.76546,0,-6,-51
1754122512.80446,0,-3,-71
1754122512.84046,-3,-1,-74
1754122512.87946,0,-4,-64
1754122512.91646,5,0,-68
1754122512.95546,-2,-3,-61
1754122512.99246,1,3,-63
1754122513.0294602,5,4,-74
1754122513.06746,0,5,-73
1754122513.10646,4,3,-77
1754122513.1444602,9,-3,-72
1754122513.18046,0,-6,-64
1754122513.21846,0,-3,-55
1754122513.2564602,4,0,-63
1754122513.29546,2,-2,-70
1754122513.33146,2,2,-75
1754122513.36946,0,-2,-62
1754122513.4074602,0,0,-58
1754122513.44646,0,1,-52
1754122513.48446,1,-4,-75
1754122513.52046,-1,0,-74
1754122513.55746,0,2,-56
1754122513.59646,0,6,-58
1754122513.6344602,2,2,-69
1754122513.67046,0,-3,-65
1754122513.7074602,-1,-3,-71
1754122513.7464602,-3,-3,-64
1754122513.78446,2,-2,-53
1754122513.82046,5,0,-59
1754122513.85746,7,4,-71
1754122513.89646,6,0,-74
1754122513.9344602,-1,1,-66
1754122513.9704602,0,3,-63
1754122514.00746,-10,-2,-69
1754122514.0464602,-8,-2,-65
1754122514.08446,2,-9,-64
1754122514.12046,2,-2,-62
1754122514.15846,-3,-1,-69
1754122514.19646,0,5,-63
1754122514.23246,0,12,-48
1754122514.2694602,-6,6,-65
1754122514.30846,6,0,-66
1754122514.34646,0,2,-59
1754122514.38246,-8,9,-61
1754122514.42046,-2,7,-58
1754122514.45846,0,0,-59
1754122514.4964602,-3,2,-56
1754122514.53546,-6,-2,-69
1754122514.57146,-4,3,-67
1754122514.6084602,0,3,-63
1754122514.64746,-4,4,-60
1754122514.68546,0,-4,-70
1754122514.72146,-3,1,-69
1754122514.75846,0,1,-67
1754122514.79746,0,0,-74
1754122514.8354602,-3,4,-75
1754122514.8714602,-1,4,-63
1754122514.91046,4,0,-57
1754122514.9474602,1,-3,-65
1754122514.9864602,0,2,-64
1754122515.02246,1,7,-65
1754122515.06046,2,-3,-72
1754122515.09746,-1,-2,-73
1754122515.13646,0,4,-71
1754122515.17246,1,-4,-71
1754122515.2104602,-2,-4,-73
1754122515.24746,1,-3,-72
1754122515.2864602,-3,-4,-66
1754122515.3224602,-5,-4,-61
1754122515.36046,-2,6,-54
1754122515.39846,-8,-1,-69
1754122515.4374602,3,1,-62
1754122515.47546,2,2,-56
1754122515.51146,8,1,-53
1754122515.54846,2,0,-62
1754122515.58746,2,0,-53
1754122515.62546,3,1,-60
1754122515.6614602,3,-4,-61
1754122515.7004602,-4,-2,-61
1754122515.73746,-1,-6,-64
1754122515.7764602,-4,-9,-71
1754122515.8124602,-3,0,-62
1754122515.85046,0,7,-62
1754122515.8884602,-9,3,-69
1754122515.9274602,-4,0,-67
1754122515.96546,2,-1,-65
1754122516.00146,4,-2,-66
1754122516.0394602,-2,-3,-65
1754122516.07746,0,0,-71
1754122516.11646,-6,-1,-57
1754122516.15246,0,-3,-56
1754122516.18946,5,-6,-62
1754122516.22746,4,0,-63
1754122516.2664602,1,-2,-73
1754122516.3024602,-5,-10,-63
1754122516.34046,2,-2,-60
1754122516.3784602,10,0,-69
1754122516.4174602,5,0,-63
1754122516.45346,1,-6,-48
1754122516.4904602,7,-1,-45
1754122516.52846,0,0,-59
1754122516.56746,-2,0,-61
1754122516.60346,-3,8,-50
1754122516.6414602,-6,1,-65
1754122516.67946,-2,4,-64
1754122516.7174602,-4,0,-62
1754122516.7564602,-3,0,-57
1754122516.7924602,-4,-2,-69
1754122516.83046,-3,-9,-61
1754122516.86946,-1,-2,-59
1754122516.9074602,0,0,-61
1754122516.94346,-1,-2,-67
1754122516.98246,2,5,-69
1754122517.0194602,1,2,-57
1754122517.05746,-4,-2,-61
1754122517.09646,-5,0,-65
1754122517.13246,-1,4,-67
1754122517.16946,0,1,-55
1754122517.2074602,5,4,-53
1754122517.2464602,-4,-6,-64
1754122517.2824602,0,0,-66
1754122517.3194602,-3,-1,-55
1754122517.35746,-2,4,-64
1754122517.39646,0,8,-64
1754122517.43246,-2,8,-63
1754122517.4704602,2,0,-56
1754122517.50846,4,-1,-62
1754122517.54746,4,-2,-80
1754122517.58346,0,-1,-74
1754122517.62046,-5,0,-67
1754122517.65846,-6,0,-54
1754122517.6974602,2,1,-56
1754122517.7334602,7,-2,-60
1754122517.77146,0,1,-56
1754122517.8094602,3,0,-60
1754122517.8484602,-8,-3,-77
1754122517.88646,-3,-2,-66
1754122517.92246,2,0,-67
1754122517.95946,-1,0,-62
1754122517.99846,0,1,-58
1754122518.0364602,0,2,-67
1754122518.0724602,-3,2,-63
1754122518.11046,3,0,-57
1754122518.14846,1,-4,-61
1754122518.1874602,-2,-1,-61
1754122518.2234602,0,-6,-61
1754122518.26146,-2,-3,-62
1754122518.2994602,-3,-3,-69
1754122518.3384602,-5,-6,-79
1754122518.37646,-5,-3,-59
1754122518.41246,-1,-3,-61
1754122518.4504602,2,-8,-49
1754122518.48846,2,-9,-61
1754122518.52746,0,-1,-62
1754122518.56346,2,-3,-59
1754122518.60146,7,-6,-51
1754122518.63946,3,-9,-52
1754122518.67846,6,-7,-54
1754122518.71646,9,0,-45
1754122518.75246,8,-2,-66
1754122518.79046,2,-2,-61
1754122518.82946,-8,-3,-62
1754122518.86746,-2,1,-68
1754122518.90346,-3,-6,-58
1754122518.94146,-4,0,-62
1754122518.97946,5,1,-77
1754122519.01846,5,2,-65
1754122519.05446,-1,2,-66
1754122519.0924602,-9,-2,-68
1754122519.13046,3,-4,-62
1754122519.16846,0,-2,-57
1754122519.2074602,0,-3,-71
1754122519.2434602,-1,5,-65
1754122519.28146,-1,-2,-66
1754122519.3194602,1,-4,-63
1754122519.3584602,0,-2,-68
1754122519.3944602,1,-7,-66
1754122519.43346,12,-2,-63
1754122519.47146,8,0,-64
1754122519.50846,0,-7,-61
1754122519.54746,2,1,-64
1754122519.58346,-6,-3,-58
1754122519.6214602,1,-1,-58
1754122519.65946,6,0,-58
1754122519.69846,-1,-7,-68
1754122519.73446,-2,0,-62
1754122519.77246,-3,-4,-62
1754122519.81046,-9,-4,-66
1754122519.84946,0,0,-75
1754122519.88746,0,-1,-83
1754122519.92346,-6,-1,-78
1754122519.96146,-7,0,-76
1754122520.00046,-2,1,-62
1754122520.03846,-4,7,-55
1754122520.07446,-10,6,-58
1754122520.1114602,0,5,-53
1754122520.15046,0,4,-59
1754122520.18846,1,0,-60
1754122520.22446,-1,0,-58
1754122520.26246,3,-6,-51
1754122520.30046,6,-3,-59
1754122520.33946,2,-6,-62
1754122520.37746,0,-12,-71
1754122520.41346,0,-7,-68
1754122520.45146,6,0,-64
1754122520.48946,7,-1,-61
1754122520.52846,8,-9,-63
1754122520.56446,5,-4,-56
1754122520.60246,3,2,-56
1754122520.64046,-2,-2,-61
1754122520.67946,-8,2,-58
1754122520.7174602,-7,0,-60
1754122520.7534602,-3,0,-63
1754122520.79146,0,-8,-73
1754122520.82946,5,0,-64
1754122520.8684602,1,-2,-58
1754122520.9044602,-3,4,-64
1754122520.94246,-2,0,-63
1754122520.9804602,-1,-4,-70
1754122521.0194602,0,0,-60
1754122521.05546,5,-1,-57
1754122521.09346,9,0,-60
1754122521.1314602,16,0,-61
1754122521.17546,10,0,-69
1754122521.21446,0,0,-62
1754122521.25146,0,5,-60
1754122521.2894602,0,-6,-58
1754122521.32846,-3,-1,-75
1754122521.36446,-3,-2,-66
1754122521.40246,0,2,-55
1754122521.4404602,-1,-1,-50
1754122521.47946,4,2,-59
1754122521.51546,-5,-1,-49
1754122521.55346,-5,-5,-55
1754122521.5924602,0,-6,-59
1754122521.62946,8,-4,-65
1754122521.66846,4,-5,-76
1754122521.70546,1,-3,-69
1754122521.74246,2,-1,-63
1754122521.78146,-5,-1,-53
1754122521.8194602,-1,0,-64
1754122521.8554602,-1,-4,-58
1754122521.89346,2,-1,-59
1754122521.93146,-6,-6,-62
1754122521.96946,1,1,-56
1754122522.00846,5,-4,-70
1754122522.04446,2,-1,-74
1754122522.08146,0,4,-61
1754122522.12046,-7,2,-63
1754122522.15846,7,-3,-63
1754122522.1944602,4,-3,-68
1754122522.23146,0,2,-73
1754122522.27046,6,2,-81
1754122522.30846,0,-1,-73
1754122522.34446,1,0,-76
1754122522.3814602,0,-1,-68
1754122522.42046,-2,-3,-58
1754122522.45846,2,-5,-64
1754122522.49446,3,0,-54
1754122522.53146,-5,1,-53
1754122522.57046,1,-2,-61
1754122522.6084602,4,-4,-60
1754122522.6444602,2,0,-56
1754122522.68146,7,2,-61
1754122522.7204602,1,0,-71
1754122522.75846,0,0,-64
1754122522.79446,-3,-5,-59
1754122522.8324602,4,-4,-53
1754122522.87046,-6,1,-60
1754122522.90946,-3,-4,-68
1754122522.94546,5,-3,-70
1754122522.9834602,-3,-8,-71
1754122523.02146,0,1,-68
1754122523.06046,-8,-5,-59
1754122523.0984602,-4,-1,-58
1754122523.1344602,-2,-1,-62
1754122523.17346,3,-6,-54
1754122523.2104602,-8,-5,-52
1754122523.24946,-4,-2,-68
1754122523.28546,-2,0,-65
1754122523.32346,0,0,-66
1754122523.3614602,5,-6,-58
1754122523.40046,4,-5,-55
1754122523.43646,4,0,-63
1754122523.4734602,-6,0,-62
1754122523.51146,1,0,-66
1754122523.55046,0,-6,-71
1754122523.58646,3,2,-62
1754122523.62346,7,5,-52
1754122523.6614602,4,-2,-64
1754122523.7004602,-5,-6,-65
1754122523.7364602,-4,-2,-71
1754122523.77446,0,3,-60
1754122523.8124602,7,-1,-62
1754122523.85046,-3,3,-57
1754122523.88946,4,5,-60
1754122523.92546,3,4,-64
1754122523.9634602,2,1,-58
1754122524.00146,2,2,-67
1754122524.04046,5,3,-72
1754122524.07646,4,0,-70
1754122524.11346,5,3,-81
1754122524.1514602,2,2,-77
1754122524.1904602,4,1,-66
1754122524.22646,10,2,-62
1754122524.2634602,1,3,-54
1754122524.30146,7,1,-63
1754122524.34046,1,0,-67
1754122524.37646,-3,2,-66
1754122524.4144602,-2,2,-67
1754122524.45246,-3,-7,-57
1754122524.49146,-6,-1,-45
1754122524.5294602,-7,-3,-57
1754122524.5654602,-5,-3,-64
1754122524.60346,-1,-7,-71
1754122524.6414602,0,1,-72
1754122524.68046,-4,1,-72
1754122524.71646,-2,-2,-56
1754122524.75446,-2,-4,-69
1754122524.79346,-2,0,-72
1754122524.83146,-3,0,-70
1754122524.86946,-10,-1,-70
1754122524.90546,-2,-3,-56
1754122524.9444602,-1,1,-56
1754122524.98146,-1,-7,-51
1754122525.02046,-6,2,-60
1754122525.05646,6,4,-68
1754122525.09446,0,1,-67
1754122525.13346,4,2,-66
1754122525.1714602,1,-5,-74
1754122525.20946,-3,-2,-75
1754122525.24546,-7,-2,-68
1754122525.28346,0,-1,-62
1754122525.32146,0,-4,-56
1754122525.36046,-1,-5,-60
1754122525.39646,-7,-6,-59
1754122525.4344602,-1,-8,-72
1754122525.4734602,2,-4,-67
1754122525.51146,0,0,-68
1754122525.5494602,1,-7,-60
1754122525.58646,0,-3,-66
1754122525.62346,-1,-5,-72
1754122525.6614602,-1,-1,-62
1754122525.7004602,0,-8,-71
1754122525.7364602,-3,-2,-65
1754122525.77446,-2,-2,-75
1754122525.8124602,2,-1,-70
1754122525.85146,5,0,-76
1754122525.88746,0,5,-63
1754122525.9244602,7,4,-61
1754122525.96246,3,2,-70
1754122526.00146,2,2,-61
1754122526.03746,4,1,-49
1754122526.0754602,3,0,-50
1754122526.11246,-4,-4,-57
1754122526.1514602,0,6,-64
1754122526.1874602,0,0,-61
1754122526.22546,0,-4,-59
1754122526.26246,-1,-6,-69
1754122526.30146,-1,-9,-55
1754122526.33746,3,-3,-51
1754122526.37546,-2,0,-61
1754122526.41246,-5,6,-63
1754122526.45146,-8,-1,-69
1754122526.48746,2,-4,-67
1754122526.52446,-9,-5,-70
1754122526.5624602,0,-7,-67
1754122526.60146,-3,-2,-73
1754122526.63746,-4,1,-72
1754122526.67546,1,0,-57
1754122526.7134602,0,-4,-64
1754122526.75246,-7,-4,-61
1754122526.79046,-7,0,-64
1754122526.82646,-3,-1,-58
1754122526.86446,-3,-7,-67
1754122526.90246,0,-9,-69
1754122526.94146,4,-4,-57
1754122526.97746,-6,5,-59
1754122527.01546,-6,3,-77
1754122527.05346,-4,-2,-67
1754122527.0924602,0,-1,-63
1754122527.13046,0,0,-64
1754122527.16646,1,-5,-61
1754122527.20546,1,-6,-71
1754122527.24246,3,-7,-63
1754122527.28146,-1,0,-72
1754122527.31846,-2,-5,-70
1754122527.3554602,1,1,-66
1754122527.39346,1,-1,-63
1754122527.43246,3,1,-58
1754122527.4704602,2,2,-65
1754122527.5064602,-7,1,-67
1754122527.54446,-1,-6,-64
1754122527.5824602,-3,-5,-61
1754122527.6214602,-3,-9,-65
1754122527.6574602,-3,-19,-68
1754122527.69646,3,-8,-73
1754122527.7334602,0,-4,-58
1754122527.77246,0,0,-64
1754122527.81046,-1,0,-62
1754122527.84646,4,0,-60
1754122527.88346,4,3,-60
1754122527.92246,-3,5,-60
1754122527.95846,-1,1,-60
1754122527.9964602,2,2,-60
1754122528.03546,1,3,-59
1754122528.0724602,1,5,-63
1754122528.1114602,0,2,-69
1754122528.14746,1,0,-58
1754122528.18546,0,0,-62
1754122528.22246,-5,-2,-64
1754122528.26146,-2,-5,-59
1754122528.29746,1,-7,-68
1754122528.33446,2,-1,-64
1754122528.37246,2,-7,-58
1754122528.4114602,-5,-10,-64
1754122528.4474602,-1,-4,-63
1754122528.4864602,-2,-3,-74
1754122528.52346,0,-1,-76
1754122528.5624602,-2,-4,-74
1754122528.5984602,1,-3,-64
1754122528.63646,-1,-3,-71
1754122528.6744602,1,-2,-62
1754122528.71246,6,3,-57
1754122528.75146,1,-1,-61
1754122528.78746,5,-1,-62
1754122528.8254602,4,1,-63
1754122528.86346,3,-2,-66
1754122528.90246,-2,-1,-65
1754122528.93846,4,1,-61
1754122528.97546,2,-3,-66
1754122529.0134602,-3,-4,-58
1754122529.0524602,-5,-7,-67
1754122529.0884602,-2,-6,-73
1754122529.12746,-3,-4,-64
1754122529.1644602,-5,5,-59
1754122529.20346,-2,-4,-53
1754122529.24146,-3,-16,-65
1754122529.27746,-1,-10,-69
1754122529.3154602,-1,-1,-75
1754122529.35346,-3,3,-63
1754122529.39246,1,-4,-67
1754122529.42946,-2,-3,-62
1754122529.46646,-1,0,-42
1754122529.50446,-6,-6,-59
1754122529.54346,1,-8,-71
1754122529.58146,-2,0,-64
1754122529.61746,-2,1,-65
1754122529.65546,3,-3,-54
1754122529.69346,1,7,-71
1754122529.73246,5,8,-60
1754122529.76846,0,-1,-59
1754122529.80746,-1,0,-65
1754122529.84446,0,3,-61
1754122529.88346,0,5,-60
1754122529.9214602,6,0,-50
1754122529.9574602,0,-3,-58
1754122529.99446,-3,0,-67
1754122530.03346,-4,-8,-61
1754122530.07146,1,-7,-68
1754122530.10746,4,-1,-69
1754122530.1444602,8,-1,-66
1754122530.18346,7,-5,-68
1754122530.22146,4,-6,-63
1754122530.25746,1,1,-66
1754122530.29446,-2,3,-69
1754122530.33346,4,0,-67
1754122530.36946,-7,1,-75
1754122530.4074602,-8,0,-56
1754122530.44546,4,3,-56
1754122530.4834602,1,5,-65
1754122530.52246,3,7,-74
1754122530.55846,1,6,-73
1754122530.5954602,1,3,-62
1754122530.63346,-6,0,-67
1754122530.67246,-4,1,-59
1754122530.70846,-3,3,-64
1754122530.7464602,-10,-5,-67
1754122530.78446,-4,-2,-59
1754122530.82346,4,-3,-57
1754122530.85946,6,3,-54
1754122530.89746,0,3,-61
1754122530.93546,-1,-5,-58
1754122530.97446,3,0,-65
1754122531.01246,-4,2,-73
1754122531.04846,-6,0,-73
1754122531.08646,-9,-1,-66
1754122531.12446,0,-3,-56
1754122531.16346,-2,-1,-55
1754122531.2074602,-3,-2,-55
1754122531.24546,-5,-1,-62
1754122531.28446,-8,-7,-76
1754122531.3224602,-2,1,-73
1754122531.3584602,-6,-2,-73
1754122531.39646,-7,4,-58
1754122531.4344602,-2,0,-67
1754122531.4734602,0,2,-67
1754122531.5094602,5,-3,-64
1754122531.54746,-1,0,-67
1754122531.58646,1,-4,-64
1754122531.62446,-5,-3,-54
1754122531.66246,-5,-4,-66
1754122531.69846,0,-4,-54
1754122531.73546,0,0,-68
1754122531.77446,0,-1,-67
1754122531.8124602,-3,0,-62
1754122531.8484602,-5,2,-73
1754122531.88546,-6,0,-69
1754122531.9244602,-4,-1,-69
1754122531.96246,-5,-3,-61
1754122531.99846,-1,0,-59
1754122532.03546,1,-5,-61
1754122532.07446,4,-5,-51
1754122532.11246,6,-7,-61
1754122532.14846,2,0,-66
1754122532.18546,0,0,-61
1754122532.22446,3,0,-53
1754122532.26246,11,4,-58
1754122532.29846,7,1,-55
1754122532.3354602,-4,-7,-70
1754122532.37446,1,-5,-57
1754122532.41246,0,1,-46
1754122532.44846,-1,0,-65
1754122532.4864602,1,-6,-60
1754122532.52546,-4,-2,-62
1754122532.56346,-4,0,-70
1754122532.59946,4,-3,-74
1754122532.63646,-5,-2,-70
1754122532.6744602,0,1,-58
1754122532.7134602,-3,-2,-58
1754122532.74946,0,1,-65
1754122532.78746,0,5,-58
1754122532.82446,0,1,-69
1754122532.86346,-2,4,-73
1754122532.89946,-5,1,-74
1754122532.93646,0,-6,-73
1754122532.97446,1,-1,-53
1754122533.0134602,1,2,-61
1754122533.0494602,3,4,-68
1754122533.08646,6,2,-63
1754122533.12446,-3,1,-59
1754122533.16346,3,-1,-77
1754122533.19946,-3,4,-66
1754122533.2364602,1,-4,-71
1754122533.27446,1,3,-59
1754122533.31346,2,3,-71
1754122533.34946,8,0,-68
1754122533.38646,6,-6,-66
1754122533.42546,0,3,-64
1754122533.4634602,3,6,-62
1754122533.49946,0,3,-56
1754122533.5364602,7,2,-65
1754122533.5754602,6,2,-72
1754122533.61346,3,0,-62
1754122533.64946,12,0,-65
1754122533.68646,-2,-9,-63
1754122533.72546,2,-1,-72
1754122533.7634602,-5,0,-64
1754122533.7994602,-5,0,-67
1754122533.83746,0,-4,-58
1754122533.87646,3,-4,-64
1754122533.9144602,0,0,-68
1754122533.9504602,0,1,-76
1754122533.98746,0,-2,-60
1754122534.02546,-2,1,-62
1754122534.06446,-2,-1,-60
1754122534.10046,7,0,-56
1754122534.13746,0,3,-65
1754122534.17546,-4,2,-55
1754122534.21446,0,6,-50
1754122534.25046,-6,4,-69
1754122534.28846,-2,3,-74
1754122534.32646,4,-3,-63
1754122534.3654602,4,1,-64
1754122534.40346,7,9,-63
1754122534.43946,0,-3,-53
1754122534.47746,2,-8,-70
1754122534.51546,1,0,-60
1754122534.55446,-7,-6,-68
1754122534.59046,-4,-4,-60
1754122534.6284602,-4,-7,-63
1754122534.66646,-5,0,-52
1754122534.70546,0,4,-59
1754122534.7434602,8,2,-74
1754122534.7794602,5,5,-69
1754122534.81646,4,1,-73
1754122534.8554602,2,0,-64
1754122534.8914602,0,-4,-66
1754122534.92946,2,-6,-72
1754122534.9674602,2,-1,-63
1754122535.00546,-3,0,-63
1754122535.04446,-3,0,-59
1754122535.08046,-2,3,-64
1754122535.1184602,4,0,-70
1754122535.1574602,2,-2,-63
1754122535.19546,-2,0,-70
1754122535.23146,-1,-1,-63
1754122535.2694602,0,-2,-71
1754122535.30746,0,-2,-58
1754122535.3454602,0,1,-67
1754122535.3844602,-2,7,-77
1754122535.42046,3,-3,-58
1754122535.45846,7,-1,-51
1754122535.4964602,1,-1,-58
1754122535.53546,3,-5,-70
1754122535.57146,0,-3,-67
1754122535.60946,0,5,-66
1754122535.64846,0,4,-66
1754122535.68546,0,-6,-54
1754122535.72446,8,-1,-63
1754122535.76046,8,-1,-65
1754122535.79846,-7,0,-66
1754122535.83646,-8,6,-74
1754122535.87546,-9,-1,-79
1754122535.9114602,-6,-4,-69
1754122535.94946,-3,4,-67
1754122535.98746,-4,4,-66
1754122536.0264602,-4,0,-67
1754122536.06446,-1,2,-68
1754122536.10146,3,0,-71
1754122536.1384602,-6,-5,-65
1754122536.17646,-3,-1,-58
1754122536.21546,0,0,-64
1754122536.25146,0,-6,-75
1754122536.2894602,-2,-1,-67
1754122536.32846,-1,-1,-55
1754122536.36646,7,-1,-46
1754122536.4044602,1,-1,-62
1754122536.4404602,1,-7,-59
1754122536.47846,4,-8,-66
1754122536.5164602,3,-1,-69
1754122536.55546,0,-2,-70
1754122536.59146,2,-1,-67
1754122536.6284602,1,-5,-68
1754122536.66646,0,1,-53
1754122536.70546,0,-4,-66
1754122536.74146,5,-1,-65
1754122536.77846,1,-3,-63
1754122536.81646,0,6,-62
1754122536.8554602,-1,1,-64
1754122536.8914602,-6,2,-73
1754122536.92946,-3,-1,-68
1754122536.9674602,-1,5,-58
1754122537.0064602,0,6,-66
1754122537.04446,1,5,-56
1754122537.08046,3,3,-67
1754122537.1184602,-2,-6,-63
1754122537.15646,1,-1,-69
1754122537.19546,6,-6,-61
1754122537.23146,0,2,-63
1754122537.26846,-5,2,-59
1754122537.30646,0,0,-59
1754122537.3454602,1,6,-66
1754122537.3814602,3,0,-62
1754122537.41846,-2,-3,-58
1754122537.45646,4,-1,-65
1754122537.49546,9,1,-61
1754122537.53146,2,4,-68
1754122537.56846,0,5,-64
1754122537.60646,4,-1,-54
1754122537.64546,1,1,-67
1754122537.68146,0,3,-62
1754122537.71946,4,0,-62
1754122537.75746,-1,0,-65
1754122537.7964602,-7,0,-64
1754122537.8324602,-4,-1,-67
1754122537.87046,-5,0,-79
1754122537.90946,-1,0,-73
1754122537.94646,-1,0,-64
1754122537.98546,4,-4,-65
1754122538.02146,0,-7,-64
1754122538.0594602,-4,-3,-56
1754122538.09746,-1,-2,-62
1754122538.13546,0,-2,-55
1754122538.1714602,1,2,-61
1754122538.20946,4,5,-64
1754122538.24746,0,0,-62
1754122538.28546,0,-1,-65
1754122538.32146,-3,-2,-65
1754122538.35946,-2,-5,-66
1754122538.39746,1,-2,-58
1754122538.43646,-3,6,-49
1754122538.47246,-5,4,-63
1754122538.51046,-4,3,-72
1754122538.54846,-5,4,-64
1754122538.58746,-6,0,-59
1754122538.62546,0,-7,-62
1754122538.66246,-5,-4,-67
1754122538.69946,3,0,-64
1754122538.73746,-1,0,-61
1754122538.7764602,-2,0,-68
1754122538.8124602,0,3,-67
1754122538.84946,2,2,-68
1754122538.88746,3,-1,-73
1754122538.92646,4,1,-66
1754122538.96246,1,0,-68
1754122539.00146,-2,-1,-60
1754122539.03846,1,3,-61
1754122539.07746,-3,0,-50
1754122539.1154602,2,3,-57
1754122539.1514602,-1,3,-67
1754122539.18946,0,-2,-58
1754122539.22746,-5,-5,-70
1754122539.2664602,-2,-3,-74
1754122539.3024602,7,-3,-70
1754122539.33946,-3,-5,-58
1754122539.37746,0,-3,-67
1754122539.41646,-6,-3,-52
1754122539.45246,-2,0,-48
1754122539.4904602,-2,6,-54
1754122539.52846,-2,8,-67
1754122539.56746,-3,1,-57
1754122539.60346,5,1,-62
1754122539.64046,-6,-5,-70
1754122539.67846,-7,-2,-66
1754122539.7174602,2,-5,-74
1754122539.75446,4,-2,-84
1754122539.79146,2,-6,-78
1754122539.82946,1,3,-77
1754122539.8684602,0,0,-76
1754122539.90646,-14,0,-72
1754122539.94246,-6,-6,-86
1754122539.98146,-4,-4,-72
1754122540.01846,-8,-4,-83
1754122540.05746,-11,4,-78
1754122540.09346,-1,5,-61
1754122540.1314602,4,-1,-61
1754122540.16946,0,4,-50
1754122540.2074602,0,0,-64
1754122540.2464602,1,-1,-61
1754122540.2824602,-7,0,-62
1754122540.32046,-9,3,-64
1754122540.3584602,-2,-2,-64
1754122540.39746,3,0,-61
1754122540.43346,-1,0,-67
1754122540.47146,-2,7,-61
1754122540.5094602,-1,5,-68
1754122540.54846,2,1,-73
1754122540.58646,3,-1,-61
1754122540.62246,1,1,-59
1754122540.65946,1,5,-63
1754122540.6974602,-2,-2,-53
1754122540.7334602,-5,2,-61
1754122540.77146,0,3,-67
1754122540.8094602,1,3,-72
1754122540.8484602,0,0,-57
1754122540.88646,5,-6,-59
1754122540.92246,0,1,-71
1754122540.95946,4,-3,-60
1754122540.99846,0,-5,-55
1754122541.0364602,-3,-5,-58
1754122541.0724602,-1,-2,-67
1754122541.11046,1,-4,-70
1754122541.14846,-9,-6,-57
1754122541.1874602,-6,-6,-54
1754122541.2304602,0,-4,-52
1754122541.26846,-4,0,-54
1754122541.30746,0,-3,-74
1754122541.34346,-4,-1,-70
1754122541.38246,-5,3,-72
1754122541.41946,-7,-1,-62
1754122541.45846,-7,-2,-68
1754122541.4964602,0,0,-68
1754122541.5324602,6,-1,-65
1754122541.57046,-2,1,-67
1754122541.6084602,0,-7,-64
1754122541.64746,-2,-6,-69
1754122541.68346,2,-7,-73
1754122541.72146,0,-6,-76
1754122541.7594602,3,-4,-61
1754122541.79846,-2,2,-68
1754122541.83446,-3,-2,-79
1754122541.87246,2,-2,-66
1754122541.91046,4,7,-70
1754122541.94946,2,-4,-72
1754122541.98746,0,2,-71
1754122542.02346,-7,-3,-67
1754122542.0624602,-3,-1,-66
1754122542.09946,-4,2,-60
1754122542.1384602,3,1,-70
1754122542.1744602,4,-2,-71
1754122542.21246,6,-3,-61
1754122542.24946,3,-1,-56
1754122542.28846,-1,5,-55
1754122542.32446,-7,6,-53
1754122542.3614602,2,5,-58
1754122542.39946,0,2,-63
1754122542.43846,5,0,-61
1754122542.47446,0,-1,-66
1754122542.51146,5,0,-66
1754122542.5494602,9,1,-65
1754122542.5884602,9,-8,-59
1754122542.62446,5,-5,-63
1754122542.6614602,2,-2,-64
1754122542.69946,-6,-2,-67
1754122542.73846,-4,-2,-69
1754122542.77446,-4,-5,-66
1754122542.8124602,-3,-8,-61
1754122542.85046,-3,0,-79
1754122542.88946,-3,-2,-73
1754122542.9274602,-4,-6,-77
1754122542.9634602,-5,-1,-76
1754122543.00146,-3,-3,-66
1754122543.0394602,1,-1,-66
1754122543.07846,1,-9,-70
1754122543.11446,0,-5,-72
1754122543.1514602,2,0,-60
1754122543.18946,2,3,-60
1754122543.22846,-3,-2,-62
1754122543.26446,0,-7,-67
1754122543.3024602,3,-5,-57
1754122543.34046,1,-1,-58
1754122543.37946,0,0,-63
1754122543.4174602,-2,1,-63
1754122543.45346,0,0,-62
1754122543.4904602,3,-6,-68
1754122543.5294602,-9,-4,-70
1754122543.56746,0,5,-64
1754122543.60346,0,0,-65
1754122543.64046,-2,-5,-62
1754122543.67946,-1,-1,-65
1754122543.7174602,7,-4,-63
1754122543.7534602,1,2,-60
1754122543.79046,-6,-1,-60
1754122543.82946,1,1,-75
1754122543.86746,-4,0,-63
1754122543.90346,-1,-6,-69
1754122543.94146,0,-6,-67
1754122543.9804602,-2,-5,-68
1754122544.01846,-9,0,-69
1754122544.05446,-1,0,-56
1754122544.0924602,-6,0,-59
1754122544.13046,-3,-1,-62
1754122544.16946,-10,3,-64
1754122544.20546,-5,5,-67
1754122544.2434602,-5,2,-56
1754122544.28146,-10,1,-61
1754122544.3194602,-1,3,-66
1754122544.3584602,-5,2,-62
1754122544.3944602,-7,0,-64
1754122544.43246,-3,0,-63
1754122544.4704602,-7,-1,-58
1754122544.5094602,-5,-1,-66
1754122544.54546,-3,0,-71
1754122544.58346,-2,-2,-60
1754122544.62246,-6,0,-56
1754122544.65946,-8,2,-60
1754122544.69846,1,-4,-54
1754122544.73446,2,-5,-59
1754122544.77246,5,-9,-63
1754122544.8094602,-4,-2,-62
1754122544.8484602,-3,2,-67
1754122544.8844602,-5,4,-66
1754122544.92246,-4,1,-78
1754122544.9604602,-4,-1,-63
1754122544.99846,-6,-2,-66
1754122545.03446,-4,-2,-56
1754122545.0724602,-6,-6,-64
1754122545.11046,-1,0,-65
1754122545.14946,-2,-2,-63
1754122545.18546,4,-1,-63
1754122545.22246,3,4,-54
1754122545.26046,-4,-4,-57
1754122545.2994602,1,-2,-66
1754122545.3354602,-2,1,-68
1754122545.37246,2,0,-64
1754122545.41046,-1,5,-70
1754122545.44946,0,2,-59
1754122545.48546,0,2,-56
1754122545.52346,-2,1,-55
1754122545.56146,-4,1,-66
1754122545.60046,-8,0,-71
1754122545.6384602,-6,-2,-58
1754122545.6744602,-1,-1,-59
1754122545.71246,-2,-5,-68
1754122545.75046,-4,2,-69
1754122545.7894602,-5,1,-74
1754122545.8254602,-2,-3,-78
1754122545.86346,3,-6,-68
1754122545.90246,5,-5,-68
1754122545.9404602,0,-3,-71
1754122545.97846,3,-2,-73
1754122546.01446,-4,2,-65
1754122546.0524602,4,-1,-62
1754122546.09046,3,0,-64
1754122546.12946,0,-9,-74
1754122546.16546,6,-8,-65
1754122546.20346,0,-3,-63
1754122546.24146,4,-1,-62
1754122546.28046,-1,-1,-59
1754122546.31646,-2,0,-58
1754122546.35346,-3,0,-67
1754122546.3914602,-1,2,-68
1754122546.43046,0,0,-69
1754122546.46646,0,0,-71
1754122546.5034602,1,-4,-69
1754122546.54146,0,-4,-62
1754122546.58046,-3,-5,-60
1754122546.61646,2,0,-53
1754122546.65346,0,-1,-68
1754122546.69146,-8,-6,-52
1754122546.7304602,-1,-4,-55
1754122546.7664602,5,-4,-62
1754122546.80346,9,0,-56
1754122546.84146,3,2,-55
1754122546.88046,1,-4,-67
1754122546.91646,7,-1,-65
1754122546.95446,4,-7,-70
1754122546.99246,-2,-2,-67
1754122547.03046,0,-6,-59
1754122547.0694602,5,0,-66
1754122547.1054602,3,0,-66
1754122547.14346,4,0,-74
1754122547.18146,3,1,-68
1754122547.2204602,0,-3,-64
1754122547.2564602,3,1,-63
1754122547.29346,3,-4,-58
1754122547.33146,1,1,-61
1754122547.37046,-4,0,-52
1754122547.40646,2,0,-66
1754122547.4444602,-5,5,-69
1754122547.4834602,-8,0,-65
1754122547.52146,0,-3,-64
1754122547.5594602,-7,-4,-67
1754122547.5954602,-4,4,-73
1754122547.63346,0,4,-62
1754122547.6714602,3,1,-59
1754122547.70946,10,1,-62
1754122547.74546,10,0,-55
1754122547.78346,3,-3,-69
1754122547.82146,-3,1,-70
1754122547.85946,-2,-6,-69
1754122547.89546,-3,-2,-62
1754122547.93346,1,1,-62
1754122547.97146,2,-9,-66
1754122548.01046,-3,-7,-69
1754122548.0464602,-4,-2,-72
1754122548.08446,-3,0,-61
1754122548.12246,0,-8,-72
1754122548.1614602,0,-7,-65
1754122548.19946,-8,-6,-66
1754122548.23546,-8,-6,-64
1754122548.27346,-4,-4,-66
1754122548.3124602,3,-7,-58
1754122548.35046,-5,-6,-65
1754122548.38646,0,-3,-69
1754122548.4244602,1,-4,-66
1754122548.46246,-2,-1,-61
1754122548.50146,-1,-1,-70
1754122548.5394602,1,2,-64
1754122548.5754602,2,0,-70
1754122548.61246,-3,1,-65
1754122548.6514602,-1,-2,-52
1754122548.6874602,0,-1,-61
1754122548.72546,-6,-2,-57
1754122548.7634602,0,8,-58
1754122548.80146,0,3,-50
1754122548.84046,-5,-1,-50
1754122548.87646,-1,-4,-57
1754122548.9144602,1,-3,-68
1754122548.95246,-1,-5,-60
1754122548.99146,-5,0,-64
1754122549.02746,13,0,-66
1754122549.06646,1,3,-64
1754122549.10346,0,4,-70
1754122549.1414602,-5,3,-70
1754122549.18046,3,-2,-69
1754122549.21646,2,-4,-63
1754122549.25546,4,-1,-64
1754122549.2924602,0,7,-60
1754122549.33146,-3,4,-64
1754122549.3684602,-6,-2,-61
1754122549.40546,2,9,-76
1754122549.44346,0,2,-72
1754122549.48146,2,-1,-62
1754122549.52046,0,-1,-53
1754122549.55646,-3,-6,-69
1754122549.59446,-4,-8,-67
1754122549.63246,-1,0,-56
1754122549.6714602,1,0,-70
1754122549.7074602,6,-8,-61
1754122549.7464602,1,-5,-72
1754122549.78346,-2,-3,-50
1754122549.8224602,0,-5,-60
1754122549.86046,1,-2,-70
1754122549.89646,10,-6,-75
1754122549.93546,4,1,-65
1754122549.97246,-2,-5,-73
1754122550.01146,-1,-13,-59
1754122550.04746,-1,-11,-58
1754122550.0854602,0,1,-58
1754122550.12346,2,4,-52
1754122550.16246,-3,0,-58
1754122550.2004602,0,-2,-62
1754122550.2364602,-1,-3,-64
1754122550.27446,6,0,-62
1754122550.3124602,-2,0,-63
1754122550.35146,0,0,-67
1754122550.38746,-6,-2,-69
1754122550.42546,2,4,-71
1754122550.4634602,0,1,-58
1754122550.50246,2,-5,-57
1754122550.54046,4,-3,-62
1754122550.57646,-3,-1,-65
1754122550.61446,0,-1,-55
1754122550.65246,3,-5,-66
1754122550.69146,2,-4,-64
1754122550.72746,0,-3,-54
1754122550.76546,3,3,-69
1754122550.80446,-2,4,-65
1754122550.8424602,-1,4,-67
1754122550.8814602,8,-5,-66
1754122550.9174602,8,2,-63
1754122550.95446,2,-3,-64
1754122550.9934602,3,-3,-58
1754122551.03146,-4,1,-70
1754122551.06746,-3,0,-72
1754122551.10646,-3,-1,-62
1754122551.14346,0,-1,-68
1754122551.18246,-7,-3,-74
1754122551.21846,0,1,-64
1754122551.2694602,0,7,-65
1754122551.30546,0,5,-63
1754122551.3424602,-1,4,-57
1754122551.3814602,-1,-2,-59
1754122551.4174602,0,-5,-55
1754122551.45546,0,-4,-67
1754122551.49446,0,-4,-67
1754122551.5324602,3,-3,-66
1754122551.56846,-5,-1,-71
1754122551.60646,2,-1,-69
1754122551.6444602,5,-8,-66
1754122551.68246,1,-2,-72
1754122551.72146,-6,-3,-64
1754122551.75746,3,0,-53
1754122551.79446,-5,3,-65
1754122551.83346,0,4,-64
1754122551.8714602,0,-1,-66
1754122551.9074602,0,0,-57
1754122551.9444602,-1,0,-72
1754122551.9834602,1,4,-71
1754122552.02146,-1,-1,-61
1754122552.05746,-11,-1,-58
1754122552.0954602,-3,0,-66
1754122552.13346,-2,-5,-68
1754122552.17246,0,-3,-65
1754122552.20846,0,0,-65
1754122552.2464602,0,1,-58
1754122552.28446,1,2,-55
1754122552.32346,-2,4,-58
1754122552.3614602,-1,-1,-58
1754122552.39746,-8,0,-75
1754122552.43546,-4,-2,-66
1754122552.47446,1,0,-70
1754122552.51246,5,-10,-66
1754122552.54846,4,-4,-67
1754122552.58746,3,-1,-73
1754122552.62446,2,0,-73
1754122552.66346,3,0,-60
1754122552.70146,-4,0,-66
1754122552.73746,2,3,-61
1754122552.77446,2,8,-67
1754122552.81346,1,-2,-74
1754122552.85146,0,-1,-64
1754122552.88746,-2,1,-63
1754122552.92546,0,-2,-59
1754122552.9634602,0,-8,-68
1754122553.00246,3,-8,-62
1754122553.03846,-1,-1,-68
1754122553.07746,0,0,-69
1754122553.11446,4,2,-75
1754122553.15346,0,0,-71
1754122553.19146,-2,0,-65
1754122553.22746,-1,-6,-67
1754122553.26546,5,0,-59
1754122553.30446,3,-1,-68
1754122553.3424602,-4,0,-56
1754122553.3784602,0,3,-66
1754122553.41646,5,-5,-57
1754122553.45446,6,-4,-59
1754122553.4934602,3,-7,-58
1754122553.5294602,2,0,-64
1754122553.56646,5,-2,-57
1754122553.60446,6,-1,-63
1754122553.64346,0,-4,-73
1754122553.67946,-4,1,-66
1754122553.7174602,-2,1,-60
1754122553.75546,7,-3,-63
1754122553.79346,-1,0,-70
1754122553.8324602,-6,-1,-59
1754122553.8684602,-6,0,-67
1754122553.90646,0,0,-61
1754122553.9444602,-1,-2,-63
1754122553.9834602,7,0,-77
1754122554.0194602,-4,3,-77
1754122554.05746,2,1,-65
1754122554.0954602,4,0,-75
1754122554.1344602,8,-1,-79
1754122554.17246,0,-3,-65
1754122554.20846,-1,1,-61
1754122554.2464602,0,0,-63
1754122554.28446,-5,-1,-72
1754122554.32346,-7,3,-70
1754122554.35946,-6,1,-68
1754122554.39746,0,2,-63
1754122554.43546,-1,7,-59
1754122554.47446,-2,2,-62
1754122554.51246,-2,7,-63
1754122554.54846,5,3,-67
1754122554.5854602,5,-4,-69
1754122554.62446,3,-1,-65
1754122554.66246,0,2,-69
1754122554.69846,2,-2,-72
1754122554.7364602,3,2,-62
1754122554.77446,2,3,-60
1754122554.81346,6,-1,-68
1754122554.84946,4,3,-73
1754122554.88646,1,-3,-63
1754122554.9244602,0,-3,-82
1754122554.9634602,0,-3,-72
1754122554.99946,9,-6,-75
1754122555.03746,7,1,-61
1754122555.0754602,4,2,-55
1754122555.11446,1,-2,-59
1754122555.15246,0,5,-57
1754122555.18846,1,4,-54
1754122555.22546,9,-4,-67
1754122555.26446,3,-1,-69
1754122555.3024602,0,5,-51
1754122555.3384602,-5,2,-68
1754122555.37646,-1,-2,-63
1754122555.4144602,-1,4,-69
1754122555.45346,1,1,-75
1754122555.48946,-8,-4,-69
1754122555.52746,-2,-3,-63
1754122555.5654602,0,-3,-61
1754122555.60446,0,-4,-57
1754122555.64046,3,3,-62
1754122555.6774602,1,-7,-56
1754122555.71546,-6,-4,-67
1754122555.75446,-6,0,-68
1754122555.79046,-8,-8,-55
1754122555.82846,-3,-1,-58
1754122555.86746,-2,0,-58
1754122555.9044602,5,1,-61
1754122555.94346,5,5,-61
1754122555.97946,1,-2,-54
1754122556.01746,0,2,-48
1754122556.05646,0,2,-62
1754122556.09446,0,0,-57
1754122556.13046,3,-3,-68
1754122556.16846,1,-1,-67
1754122556.20646,8,-1,-54
1754122556.24446,2,-7,-65
1754122556.28346,1,-7,-68
1754122556.3194602,1,-4,-69
1754122556.35746,0,-3,-64
1754122556.39546,-4,0,-66
1754122556.4344602,7,-2,-79
1754122556.4704602,1,-8,-74
1754122556.50846,1,-1,-63
1754122556.5464602,0,1,-68
1754122556.5854602,1,-2,-69
1754122556.62346,-1,-4,-65
1754122556.65946,0,-2,-82
1754122556.6974602,-2,-4,-68
1754122556.73546,-6,-3,-72
1754122556.77346,1,0,-64
1754122556.8094602,0,0,-55
1754122556.84746,-1,2,-60
1754122556.88546,3,3,-63
1754122556.92346,1,-3,-69
1754122556.95946,0,0,-75
1754122556.9964602,3,0,-73
1754122557.03546,5,0,-80
1754122557.07346,2,-3,-75
1754122557.10946,0,-8,-70
1754122557.14746,0,-6,-61
1754122557.1844602,-4,-1,-66
1754122557.2204602,-3,0,-71
1754122557.25846,-4,0,-61
1754122557.2964602,0,1,-70
1754122557.3354602,1,3,-67
1754122557.37346,8,1,-81
1754122557.40946,5,1,-71
1754122557.44646,1,-5,-82
1754122557.48546,0,0,-67
1754122557.52346,-5,-6,-60
1754122557.5594602,-9,-8,-57
1754122557.59746,-6,0,-62
1754122557.63546,-5,-1,-63
1754122557.6744602,-2,-4,-60
1754122557.7104602,0,-3,-62
1754122557.74746,-1,-8,-60
1754122557.78546,-4,-6,-55
1754122557.82446,-2,1,-59
1754122557.86046,-2,-1,-66
1754122557.89846,-2,-3,-61
1754122557.93646,0,-2,-62
1754122557.97546,4,2,-75
1754122558.01146,-1,6,-66
1754122558.0494602,0,-3,-61
1754122558.08746,-6,-2,-64
1754122558.12546,-7,-1,-62
1754122558.1644602,7,-5,-61
1754122558.2004602,4,-6,-66
1754122558.23846,4,0,-69
1754122558.27746,1,-3,-55
1754122558.3154602,1,-4,-63
1754122558.35146,5,-1,-61
1754122558.39046,2,4,-62
1754122558.4274602,2,3,-65
1754122558.46546,-1,-3,-67
1754122558.50446,1,-6,-67
1754122558.54046,-1,-4,-67
1754122558.57846,-2,1,-66
1754122558.61646,0,0,-57
1754122558.65546,-4,0,-60
1754122558.69146,-2,3,-45
1754122558.72946,-6,0,-64
1754122558.76746,0,0,-58
1754122558.80646,-2,-6,-61
1754122558.84446,-3,-3,-73
1754122558.88046,3,-4,-74
1754122558.91846,-7,-7,-67
1754122558.9574602,-4,-1,-75
1754122558.99546,0,-3,-68
1754122559.03146,7,0,-64
1754122559.06846,11,-7,-64
1754122559.10746,4,4,-51
1754122559.14546,-3,4,-60
1754122559.18146,-2,2,-67
1754122559.21946,-2,3,-71
1754122559.25746,0,3,-63
1754122559.2964602,0,3,-70
1754122559.33446,3,-4,-73
1754122559.37046,-1,-3,-66
1754122559.40846,-5,0,-60
1754122559.44646,-3,3,-70
1754122559.48546,-3,1,-72
1754122559.52146,-6,2,-61
1754122559.5594602,-2,0,-65
1754122559.5984602,-3,-3,-54
1754122559.63646,-7,-5,-49
1754122559.6744602,0,-3,-56
1754122559.7104602,8,3,-66
1754122559.74746,3,2,-68
1754122559.7864602,2,-3,-49
1754122559.82446,0,-3,-54
1754122559.86046,0,-2,-63
1754122559.89846,2,-4,-65
1754122559.93646,0,0,-69
1754122559.97546,1,-3,-71
1754122560.01146,-3,-1,-63
1754122560.0494602,-4,-2,-69
1754122560.08746,-6,-5,-62
1754122560.12646,4,-8,-56
1754122560.16246,8,0,-52
1754122560.19946,1,-5,-58
1754122560.23746,1,0,-66
1754122560.2764602,0,3,-57
1754122560.3124602,6,-3,-55
1754122560.35046,5,-4,-70
1754122560.3884602,-1,-2,-57
1754122560.42646,0,0,-60
1754122560.46546,0,-5,-65
1754122560.50146,1,0,-62
1754122560.53846,3,3,-55
1754122560.57646,0,-3,-64
1754122560.6154602,-2,-4,-73
1754122560.6514602,-3,-3,-66
1754122560.68946,3,8,-66
1754122560.72846,0,1,-61
1754122560.7664602,-5,-2,-66
1754122560.8024602,0,-6,-54
1754122560.83946,0,6,-71
1754122560.8784602,0,0,-67
1754122560.91646,2,-3,-60
1754122560.95246,5,-5,-63
1754122560.99146,-6,-3,-67
1754122561.02846,-4,-3,-68
1754122561.06746,2,-5,-65
1754122561.1054602,0,-3,-67
1754122561.1414602,4,0,-67
1754122561.17846,2,-5,-65
1754122561.2174602,0,1,-73
1754122561.25546,-3,0,-75
1754122561.29846,-2,-2,-73
1754122561.33746,-10,-8,-71
1754122561.37546,0,-11,-66
1754122561.4114602,3,0,-63
1754122561.44846,0,1,-69
1754122561.48746,-2,-4,-67
1754122561.52546,0,-5,-63
1754122561.56146,-2,4,-60
1754122561.59946,0,-2,-69
1754122561.63746,-4,0,-67
1754122561.67646,-5,-1,-65
1754122561.71246,-3,1,-74
1754122561.74946,5,3,-68
1754122561.78746,0,-3,-65
1754122561.82646,-3,3,-62
1754122561.86246,-4,2,-67
1754122561.89946,-5,1,-61
1754122561.9374602,0,5,-63
1754122561.97646,-8,4,-53
1754122562.01246,-5,0,-56
1754122562.0494602,-7,2,-67
1754122562.08746,-2,5,-75
1754122562.12646,-4,0,-59
1754122562.16246,1,5,-65
1754122562.19946,-7,2,-66
1754122562.23746,-3,0,-54
1754122562.2764602,-6,-6,-61
1754122562.3124602,-5,0,-67
1754122562.34946,0,-3,-65
1754122562.38746,2,-1,-58
1754122562.42646,2,2,-55
1754122562.46246,1,-4,-66
1754122562.49946,1,0,-68
1754122562.53746,-3,-1,-58
1754122562.57646,-1,-5,-70
1754122562.61246,0,1,-69
1754122562.64946,3,3,-63
1754122562.6874602,2,6,-62
1754122562.72646,-3,2,-61
1754122562.76246,7,-1,-55
1754122562.80046,-3,-10,-67
1754122562.8384602,-17,-2,-70
1754122562.87746,-8,-2,-72
1754122562.91346,0,0,-74
1754122562.9504602,0,-1,-66
1754122562.98846,1,1,-61
1754122563.02746,0,-3,-71
1754122563.06346,-6,0,-69
1754122563.10046,-3,4,-67
1754122563.1384602,-10,8,-68
1754122563.1774602,0,0,-66
1754122563.2134602,1,0,-72
1754122563.25046,-4,0,-65
1754122563.28846,2,-1,-54
1754122563.32746,-8,-5,-57
1754122563.36346,-2,-6,-66
1754122563.4014602,-3,-1,-67
1754122563.43946,0,-2,-62
1754122563.47846,-3,-3,-60
1754122563.5164602,-3,-1,-59
1754122563.5524602,-8,3,-63
1754122563.59046,-4,4,-63
1754122563.62946,-1,-5,-67
1754122563.6674602,8,0,-72
1754122563.70346,-2,8,-70
1754122563.74246,-1,-3,-64
1754122563.7794602,-4,-5,-63
1754122563.81846,0,-2,-64
1754122563.85646,0,-3,-60
1754122563.89246,-6,0,-55
1754122563.93046,0,2,-73
1754122563.96846,0,1,-67
1754122564.00746,-2,-1,-63
1754122564.04346,-2,5,-64
1754122564.08146,-3,4,-61
1754122564.11946,-3,-1,-60
1754122564.15846,0,-8,-61
1754122564.19646,-5,-5,-68
1754122564.23246,-5,2,-63
1754122564.27046,-8,2,-60
1754122564.3094602,-1,8,-51
1754122564.34746,3,10,-50
1754122564.38346,4,0,-50
1754122564.4214602,0,2,-59
1754122564.45946,-2,-4,-58
1754122564.49746,-2,-5,-65
1754122564.53446,-7,-4,-70
1754122564.57146,0,3,-75
1754122564.60946,8,-8,-62
1754122564.64846,4,-8,-71
1754122564.6844602,0,-2,-69
1754122564.72246,-8,-3,-75
1754122564.76046,1,-3,-66
1754122564.79846,2,1,-78
1754122564.83746,2,1,-72
1754122564.87346,6,-1,-69
1754122564.9114602,-3,2,-72
1754122564.94946,-4,-3,-66
1754122564.98846,-1,1,-70
1754122565.02446,-2,2,-59
1754122565.06346,-4,-1,-56
1754122565.10146,3,-1,-58
1754122565.1384602,-3,-7,-57
1754122565.1774602,-4,0,-68
1754122565.2134602,-12,7,-65
1754122565.25146,-12,0,-70
1754122565.2894602,-5,1,-70
1754122565.32846,4,0,-53
1754122565.36446,3,1,-59
1754122565.40246,7,3,-51
1754122565.4404602,-8,1,-64
1754122565.47846,-3,-8,-74
1754122565.51746,-1,-2,-68
1754122565.55346,5,-4,-60
1754122565.59146,11,-3,-62
1754122565.62946,0,0,-61
1754122565.66846,-2,0,-68
1754122565.70446,-8,-3,-66
1754122565.7434602,-4,-6,-75
1754122565.78046,-7,-9,-70
1754122565.8194602,-8,-3,-66
1754122565.85746,4,-1,-71
1754122565.89346,0,-3,-62
1754122565.93146,3,-5,-76
1754122565.96946,-3,0,-72
1754122566.00846,2,-3,-68
1754122566.04446,0,-3,-68
1754122566.0824602,0,-5,-69
1754122566.12046,2,-4,-62
1754122566.15946,5,-3,-66
1754122566.1974602,5,-3,-71
1754122566.2334602,3,-3,-64
1754122566.27146,0,-6,-72
1754122566.3094602,0,-5,-63
1754122566.3484602,1,-6,-71
1754122566.3844602,-7,0,-72
1754122566.42246,2,-4,-65
1754122566.4604602,-1,-5,-66
1754122566.49946,2,-15,-69
1754122566.53746,-6,-8,-65
1754122566.57346,-4,-5,-65
1754122566.6114602,1,0,-69
1754122566.64946,-2,-2,-64
1754122566.68846,-5,3,-68
1754122566.72446,-6,-2,-56
1754122566.76246,-10,-9,-69
1754122566.80146,1,-4,-65
1754122566.83946,4,-1,-65
1754122566.87746,1,-2,-61
1754122566.9144602,3,-2,-61
1754122566.95146,0,-2,-70
1754122566.98946,-2,7,-62
1754122567.02846,0,0,-69
1754122567.06446,3,-4,-65
1754122567.10146,5,-1,-63
1754122567.13946,0,2,-62
1754122567.17846,-1,4,-66
1754122567.21446,0,1,-71
1754122567.25146,-3,-3,-72
1754122567.2894602,2,-3,-61
1754122567.32846,-4,3,-69
1754122567.36446,0,0,-68
1754122567.40246,0,-3,-68
1754122567.43946,0,-8,-68
1754122567.47846,-3,-6,-67
1754122567.51446,0,0,-63
1754122567.5524602,0,-5,-72
1754122567.58946,-2,-5,-73
1754122567.6284602,2,2,-67
1754122567.6644602,-1,-1,-60
1754122567.70246,0,1,-65
1754122567.7404602,0,-9,-65
1754122567.7794602,-1,-5,-73
1754122567.8154602,0,-6,-74
1754122567.85246,7,-3,-79
1754122567.89046,4,-7,-73
1754122567.92946,4,-7,-75
1754122567.96546,9,-4,-71
1754122568.00446,1,5,-64
1754122568.04146,1,-1,-64
1754122568.08046,-1,-5,-63
1754122568.1184602,3,-6,-69
1754122568.1544602,1,1,-67
1754122568.19146,2,-3,-70
1754122568.2304602,0,-1,-70
1754122568.26846,1,5,-68
1754122568.30446,3,0,-66
1754122568.3424602,1,-5,-55
1754122568.3814602,3,-1,-65
1754122568.41946,3,5,-77
1754122568.45546,0,-5,-66
1754122568.4934602,1,-3,-71
1754122568.53146,1,-3,-73
1754122568.57046,3,-3,-60
1754122568.6084602,1,-5,-62
1754122568.6444602,-5,-6,-54
1754122568.68246,-11,-2,-70
1754122568.7204602,-2,-1,-63
1754122568.7594602,0,-2,-54
1754122568.79546,-3,-5,-59
1754122568.83346,-3,-4,-67
1754122568.87246,-5,-2,-72
1754122568.91046,-4,-5,-62
1754122568.94846,-6,-7,-63
1754122568.98446,-9,2,-63
1754122569.02246,-4,-4,-62
1754122569.06146,-4,-2,-68
1754122569.09946,0,-8,-58
1754122569.13546,-6,-3,-68
1754122569.17346,0,-5,-54
1754122569.21146,-2,-7,-60
1754122569.25046,7,0,-65
1754122569.2864602,-3,-5,-61
1754122569.32446,-4,0,-66
1754122569.36246,2,4,-63
1754122569.40046,6,0,-62
1754122569.43946,2,-2,-69
1754122569.47546,2,0,-63
1754122569.5134602,2,-8,-58
1754122569.55146,-2,-4,-69
1754122569.59046,-3,-1,-58
1754122569.62646,-5,-2,-66
1754122569.66546,-4,-1,-65
1754122569.70246,-1,2,-55
1754122569.7404602,-2,1,-69
1754122569.7794602,-5,0,-67
1754122569.8154602,-3,-5,-54
1754122569.85346,2,-8,-66
1754122569.8914602,-1,-1,-63
1754122569.93046,-2,-10,-52
1754122569.96646,1,-7,-60
1754122570.00446,-7,0,-55
1754122570.0424602,4,1,-60
1754122570.08046,-8,2,-69
1754122570.11946,4,0,-67
1754122570.15546,-3,2,-60
1754122570.19346,1,0,-72
1754122570.23246,0,-2,-68
1754122570.27046,-1,4,-60
1754122570.30646,1,3,-54
1754122570.34346,0,0,-56
1754122570.38246,-3,-1,-56
1754122570.42046,-12,-3,-57
1754122570.45646,-1,-5,-65
1754122570.49546,-5,-4,-68
1754122570.5324602,-1,-2,-62
1754122570.57146,-4,-12,-65
1754122570.60946,6,-8,-60
1754122570.64546,5,-9,-52
1754122570.68346,0,-7,-52
1754122570.72146,5,1,-63
1754122570.76046,3,5,-56
1754122570.7964602,8,3,-63
1754122570.83346,7,1,-71
1754122570.8714602,6,4,-69
1754122570.91046,0,-2,-58
1754122570.94646,-2,-3,-50
1754122570.98446,3,-7,-55
1754122571.02246,-1,-1,-54
1754122571.06146,-1,5,-60
1754122571.09946,3,-2,-65
1754122571.13546,4,0,-58
1754122571.17246,3,-5,-67
1754122571.21146,5,-2,-74
1754122571.24946,3,-4,-66
1754122571.28546,0,0,-64
1754122571.33146,-1,3,-76
1754122571.36946,-4,-5,-62
1754122571.40646,0,0,-61
1754122571.4444602,-2,-1,-66
1754122571.48246,-1,-1,-70
1754122571.52046,-8,0,-71
1754122571.55646,-7,-3,-75
1754122571.5954602,-5,-1,-78
1754122571.63246,-6,0,-64
1754122571.6714602,-1,0,-59
1754122571.7074602,0,-5,-70
1754122571.74546,7,0,-70
1754122571.78346,9,0,-60
1754122571.82146,6,-1,-73
1754122571.86046,0,0,-61
1754122571.89646,0,1,-57
1754122571.93346,0,-2,-61
1754122571.97146,5,0,-65
1754122572.01046,4,-6,-72
1754122572.0464602,3,-6,-65
1754122572.08346,1,0,-73
1754122572.1214602,-3,3,-76
1754122572.16046,6,3,-69
1754122572.19646,3,1,-67
1754122572.2334602,2,-3,-67
1754122572.27146,6,-1,-67
1754122572.31046,-1,-4,-58
1754122572.34646,1,-3,-69
1754122572.38346,-2,1,-62
1754122572.4214602,7,10,-62
1754122572.4604602,11,5,-65
1754122572.4964602,0,-2,-67
1754122572.53346,6,-5,-57
1754122572.5724602,1,-5,-70
1754122572.61046,-1,-6,-67
1754122572.64646,0,-4,-67
1754122572.68346,9,-7,-53
1754122572.72246,4,0,-57
1754122572.76046,8,-1,-57
1754122572.7964602,3,0,-57
1754122572.83346,-3,1,-53
1754122572.87246,-5,7,-55
1754122572.91046,1,-3,-71
1754122572.94646,0,-4,-75
1754122572.9834602,-2,-2,-69
1754122573.02246,-4,-5,-69
1754122573.06046,3,-4,-71
1754122573.09646,6,0,-76
1754122573.13346,4,-1,-70
1754122573.17246,0,1,-68
1754122573.2104602,-8,3,-72
1754122573.2464602,-8,4,-59
1754122573.28446,-1,-4,-58
1754122573.3224602,0,2,-65
1754122573.3614602,4,-7,-66
1754122573.39746,2,-3,-62
1754122573.4344602,6,-10,-56
1754122573.47246,-4,-3,-65
1754122573.51146,-5,0,-69
1754122573.54746,-2,0,-59
1754122573.58446,0,1,-72
1754122573.62246,2,5,-72
1754122573.6614602,0,2,-65
1754122573.6974602,-1,-3,-66
1754122573.73546,-2,-11,-67
1754122573.77446,0,-8,-61
1754122573.8124602,0,-7,-65
1754122573.85046,2,5,-64
1754122573.88646,-4,2,-73
1754122573.9244602,1,-1,-73
1754122573.9634602,-3,3,-75
1754122574.00146,-7,3,-78
1754122574.03746,0,-2,-65
1754122574.0754602,-5,0,-78
1754122574.11346,4,3,-75
1754122574.15246,1,2,-61
1754122574.18846,4,-5,-67
1754122574.22646,2,-1,-65
1754122574.26446,-5,-1,-66
1754122574.3024602,-8,4,-67
1754122574.34146,-4,1,-66
1754122574.37746,6,-2,-69
1754122574.41546,4,-2,-67
1754122574.45446,9,1,-58
1754122574.49246,-4,7,-58
1754122574.52846,-6,9,-63
1754122574.56646,-6,7,-66
1754122574.60446,-3,0,-61
1754122574.64246,-3,-5,-54
1754122574.68146,1,-4,-58
1754122574.7174602,1,-8,-53
1754122574.75546,-5,2,-64
1754122574.79346,-4,-1,-74
1754122574.8324602,-5,1,-73
1754122574.8684602,-1,0,-65
1754122574.90646,-2,-3,-59
1754122574.9444602,2,2,-60
1754122574.9834602,3,0,-67
1754122575.02146,-2,0,-67
1754122575.05746,6,0,-58
1754122575.09446,7,2,-59
1754122575.13346,12,3,-64
1754122575.1714602,0,7,-76
1754122575.2074602,-1,4,-73
1754122575.24546,-9,-4,-68
1754122575.28346,1,-5,-70
1754122575.3224602,2,0,-62
1754122575.3584602,3,0,-70
1754122575.39646,4,-4,-64
1754122575.43346,5,-1,-67
1754122575.47246,2,-9,-70
1754122575.50846,5,-3,-72
1754122575.54546,0,-4,-76
1754122575.58346,4,-2,-77
1754122575.62246,-4,-6,-68
1754122575.65846,-6,0,-74
1754122575.69546,-5,1,-71
1754122575.7334602,-5,-3,-64
1754122575.77246,-2,-3,-64
1754122575.80846,-1,-3,-68
1754122575.84646,-7,2,-58
1754122575.8844602,-4,-1,-60
1754122575.92346,0,1,-68
1754122575.96146,-3,0,-74
1754122575.99746,0,0,-65
1754122576.03446,4,0,-62
1754122576.07346,2,1,-76
1754122576.10946,2,5,-72
1754122576.14646,4,1,-56
1754122576.1844602,4,1,-68
1754122576.2234602,2,2,-65
1754122576.2594602,0,-5,-57
1754122576.2964602,-4,-1,-60
1754122576.33446,0,-1,-64
1754122576.37346,-2,-6,-72
1754122576.40946,-1,-1,-70
1754122576.4474602,-2,0,-63
1754122576.4864602,-3,-2,-66
1754122576.52346,-4,-5,-56
1754122576.5624602,-5,-4,-44
1754122576.5984602,-6,0,-53
1754122576.63646,-6,3,-67
1754122576.6744602,-2,4,-60
1754122576.7134602,0,-4,-66
1754122576.74946,-1,-1,-58
1754122576.78746,2,-1,-59
1754122576.8254602,-8,-3,-63
1754122576.86346,0,-2,-52
1754122576.90246,-1,2,-62
1754122576.93846,4,2,-54
1754122576.97546,-3,-1,-52
1754122577.0134602,-3,0,-60
1754122577.0524602,0,0,-59
1754122577.0884602,0,-5,-71
1754122577.12546,5,-3,-57
1754122577.1644602,3,-1,-61
1754122577.20246,-4,0,-54
1754122577.23846,-9,-9,-47
1754122577.2764602,-2,-7,-47
1754122577.31446,-2,-3,-65
1754122577.35346,-3,-2,-60
1754122577.38946,2,-1,-68
1754122577.4274602,1,3,-70
1754122577.46546,1,6,-64
1754122577.50446,4,3,-60
1754122577.5424602,9,0,-64
1754122577.57846,4,-1,-63
1754122577.61746,-3,2,-64
1754122577.65546,-3,-2,-62
1754122577.69346,-4,1,-54
1754122577.72946,-1,-2,-56
1754122577.76746,5,-3,-46
1754122577.80546,-3,-3,-54
1754122577.84446,0,0,-56
1754122577.88246,4,-3,-59
1754122577.91846,-5,2,-50
1754122577.95546,2,-1,-49
1754122577.99446,-3,4,-61
1754122578.0324602,-4,1,-59
1754122578.06846,0,-8,-64
1754122578.1054602,2,-2,-50
1754122578.1444602,-4,-1,-63
1754122578.18246,-2,-1,-67
1754122578.21846,1,1,-57
1754122578.25546,-1,0,-55
1754122578.29446,-9,1,-70
1754122578.3324602,-6,0,-69
1754122578.3684602,1,-1,-68
1754122578.40546,3,-2,-77
1754122578.4444602,4,0,-72
1754122578.4804602,2,-2,-64
1754122578.51846,-2,-5,-64
1754122578.55646,0,0,-59
1754122578.59446,1,2,-58
1754122578.63346,-1,-2,-61
1754122578.66946,0,-3,-60
1754122578.7074602,-1,0,-63
1754122578.74546,-4,-2,-67
1754122578.78446,-2,4,-67
1754122578.82046,-2,-2,-66
1754122578.8584602,-2,0,-67
1754122578.89746,-7,0,-67
1754122578.9344602,4,1,-65
1754122578.9734602,5,1,-65
1754122579.0094602,0,0,-67
1754122579.04746,-2,1,-71
1754122579.08446,0,3,-72
1754122579.12346,0,0,-54
1754122579.15946,-3,7,-65
1754122579.1974602,-3,0,-47
1754122579.23546,-1,-4,-54
1754122579.27446,0,-2,-64
1754122579.31046,2,4,-59
1754122579.34746,-1,-3,-55
1754122579.38546,2,3,-68
1754122579.4244602,2,2,-66
1754122579.4604602,0,-2,-62
1754122579.49846,-4,2,-56
1754122579.5364602,-9,0,-51
1754122579.5754602,-2,-2,-53
1754122579.61346,-3,0,-55
1754122579.65046,0,0,-56
1754122579.68846,0,8,-64
1754122579.72546,-3,4,-63
1754122579.76446,-7,-4,-61
1754122579.80046,-3,-8,-60
1754122579.8384602,0,-6,-50
1754122579.87646,1,-1,-59
1754122579.91546,3,-3,-65
1754122579.95346,6,0,-64
1754122579.98946,4,-2,-68
1754122580.02746,6,-2,-55
1754122580.0654602,2,-10,-60
1754122580.10446,2,-2,-61
1754122580.14046,5,-2,-73
1754122580.17846,2,0,-60
1754122580.21646,3,4,-68
1754122580.25546,0,5,-55
1754122580.29346,2,2,-46
1754122580.32946,0,4,-54
1754122580.36646,0,0,-65
1754122580.40546,0,-1,-61
1754122580.44346,4,0,-65
1754122580.47946,7,-1,-66
1754122580.51846,0,-1,-63
1754122580.55546,-1,-4,-72
1754122580.59446,3,-6,-60
1754122580.63046,5,0,-62
1754122580.66846,-3,-6,-65
1754122580.70646,-3,-5,-58
1754122580.74546,-4,-4,-53
1754122580.78146,1,0,-57
1754122580.81846,3,2,-55
1754122580.85646,2,0,-66
1754122580.89546,2,1,-62
1754122580.93146,-5,-3,-77
1754122580.96946,-3,-6,-65
1754122581.00746,3,-6,-51
1754122581.04546,-2,-6,-70
1754122581.08446,1,-4,-59
1754122581.12046,-2,0,-74
1754122581.15946,-3,-3,-64
1754122581.19646,1,-4,-68
1754122581.23546,0,1,-70
1754122581.27146,1,4,-54
1754122581.3094602,1,-1,-60
1754122581.3554602,-3,0,-57
1754122581.3914602,-3,4,-69
1754122581.42946,-3,1,-73
1754122581.46846,0,2,-58
1754122581.50546,7,-2,-66
1754122581.54446,4,0,-56
1754122581.58046,0,-2,-51
1754122581.6184602,7,-5,-67
1754122581.65646,8,0,-57
1754122581.69546,5,0,-60
1754122581.73146,-3,1,-65
1754122581.7694602,-3,-2,-60
1754122581.80746,1,0,-60
1754122581.84646,0,0,-57
1754122581.8844602,-2,-8,-67
1754122581.92046,6,0,-69
1754122581.9574602,2,-7,-50
1754122581.9964602,7,3,-59
1754122582.03446,2,5,-68
1754122582.07046,2,0,-69
1754122582.10746,-2,-1,-68
1754122582.14646,1,1,-70
1754122582.1844602,0,0,-73
1754122582.2204602,-1,1,-73
1754122582.25846,-6,1,-60
1754122582.2964602,1,3,-60
1754122582.3354602,0,2,-72
1754122582.3714602,-3,0,-57
1754122582.40946,5,1,-61
1754122582.44846,3,-3,-47
1754122582.4864602,-2,0,-57
1754122582.52446,4,5,-52
1754122582.56046,5,4,-68
1754122582.5984602,-1,-2,-74
1754122582.63646,-2,-1,-61
1754122582.6744602,-1,1,-67
1754122582.7104602,6,5,-65
1754122582.74846,4,-3,-75
1754122582.78546,1,0,-53
1754122582.82146,-3,0,-54
1754122582.85946,0,3,-64
1754122582.89846,1,-3,-57
1754122582.93646,2,0,-60
1754122582.97246,-4,0,-66
1754122583.0094602,5,3,-66
1754122583.04846,2,-1,-64
1754122583.08646,2,2,-73
1754122583.12246,-3,-5,-73
1754122583.16046,-3,-2,-63
1754122583.19846,3,3,-55
1754122583.2364602,0,-5,-46
1754122583.27546,1,-4,-54
1754122583.31146,-2,-4,-59
1754122583.34946,0,3,-60
1754122583.3884602,-4,-1,-71
1754122583.42646,-3,0,-63
1754122583.46246,1,0,-71
1754122583.50046,0,3,-64
1754122583.53846,-8,1,-54
1754122583.57646,-3,2,-62
1754122583.6154602,-4,0,-60
1754122583.6514602,0,0,-65
1754122583.68846,5,-6,-67
1754122583.72646,2,0,-60
1754122583.76546,5,2,-65
1754122583.80146,-1,3,-82
1754122583.8384602,4,-5,-74
1754122583.87646,1,-4,-66
1754122583.91546,0,-1,-56
1754122583.95146,0,1,-68
1754122583.98946,5,-2,-75
1754122584.02746,-1,-1,-60
1754122584.0654602,-3,-5,-65
1754122584.10146,-3,-3,-71
1754122584.13946,-8,-5,-62
1754122584.1774602,-2,-6,-69
1754122584.21646,1,-6,-67
1754122584.25246,1,-7,-65
1754122584.2894602,8,-3,-59
1754122584.32746,5,-2,-61
1754122584.36646,0,-7,-57
1754122584.40246,2,0,-66
1754122584.43946,0,1,-64
1754122584.47746,-10,3,-73
1754122584.5164602,3,-2,-54
1754122584.5524602,1,0,-54
1754122584.58946,-3,-3,-63
1754122584.62746,-1,1,-63
1754122584.66646,-3,1,-58
1754122584.70246,-11,0,-66
1754122584.7404602,-4,-1,-66
1754122584.77846,0,0,-63
1754122584.81746,2,5,-60
1754122584.8554602,-1,0,-71
1754122584.8914602,-5,1,-61
1754122584.92946,1,0,-49
1754122584.9674602,-1,-3,-55
1754122585.0064602,-1,1,-73
1754122585.0424602,7,-6,-74
1754122585.08046,-1,-1,-56
1754122585.1184602,0,0,-70
1754122585.1574602,-1,3,-60
1754122585.19546,-3,-3,-68
1754122585.23146,-3,4,-71
1754122585.2694602,1,0,-61
1754122585.30746,-8,1,-53
1754122585.34646,-1,-6,-54
1754122585.38246,4,-7,-64
1754122585.41946,0,-2,-63
1754122585.4574602,-3,1,-58
1754122585.4964602,3,-3,-65
1754122585.5324602,0,4,-70
1754122585.5694602,-4,1,-68
1754122585.60746,-9,6,-60
1754122585.64646,3,0,-52
1754122585.68246,11,-5,-62
1754122585.7204602,-8,0,-66
1754122585.75846,0,-6,-65
1754122585.79746,0,-3,-65
1754122585.83346,-1,-10,-68
1754122585.8714602,2,1,-64
1754122585.91046,0,2,-69
1754122585.9474602,6,0,-68
1754122585.9864602,-3,1,-67
1754122586.02346,-3,0,-68
1754122586.06046,-10,0,-63
1754122586.0984602,1,8,-65
1754122586.13746,7,0,-66
1754122586.17346,0,-1,-63
1754122586.21146,-5,0,-65
1754122586.24946,-2,-2,-73
1754122586.28846,3,4,-62
1754122586.32646,4,0,-59
1754122586.36246,2,-2,-65
1754122586.40046,-6,-6,-55
1754122586.43846,3,-2,-68
1754122586.47746,-5,0,-67
1754122586.5134602,-6,2,-70
1754122586.5524602,-5,-1,-61
1754122586.58946,-3,-5,-53
1754122586.6284602,-3,-1,-44
1754122586.66646,-9,-3,-48
1754122586.70246,-11,-3,-57
1754122586.7404602,-5,-3,-56
1754122586.77846,0,4,-57
1754122586.81746,0,2,-64
1754122586.85346,-2,-1,-71
1754122586.8914602,6,-4,-69
1754122586.92946,1,-4,-62
1754122586.96846,-4,2,-63
1754122587.0064602,-2,-4,-77
1754122587.0424602,-2,-7,-72
1754122587.08046,0,-8,-66
1754122587.11946,-1,-5,-50
1754122587.1574602,-4,3,-57
1754122587.19346,4,0,-58
1754122587.2304602,4,2,-57
1754122587.2694602,2,2,-78
1754122587.30746,2,-2,-58
1754122587.34346,-1,4,-63
1754122587.38046,-2,2,-64
1754122587.41946,0,2,-65
1754122587.4574602,0,-3,-69
1754122587.4934602,2,-8,-69
1754122587.53046,-3,-1,-68
1754122587.5694602,2,5,-70
1754122587.60746,-4,4,-71
1754122587.64346,-6,3,-69
1754122587.68046,-2,5,-66
1754122587.71946,9,9,-59
1754122587.75746,1,4,-64
1754122587.79346,-4,-2,-58
1754122587.8324602,-4,-7,-64
1754122587.86946,5,-5,-62
1754122587.90846,4,-2,-71
1754122587.9444602,3,-2,-68
1754122587.98246,-1,0,-59
1754122588.02046,-6,0,-60
1754122588.05846,0,-2,-66
1754122588.09746,2,2,-64
1754122588.13346,-3,1,-63
1754122588.1714602,-1,2,-62
1754122588.20946,-5,-1,-49
1754122588.24846,4,-2,-63
1754122588.28546,5,1,-55
1754122588.32346,10,-6,-49
1754122588.36046,4,-9,-63
1754122588.39846,-3,-4,-53
1754122588.4374602,2,0,-63
1754122588.4734602,0,-7,-62
1754122588.51046,-2,-2,-63
1754122588.5494602,0,0,-75
1754122588.58746,-10,0,-66
1754122588.62346,-8,5,-73
1754122588.6614602,3,5,-70
1754122588.69946,-2,3,-74
1754122588.73846,1,6,-74
1754122588.77446,-1,0,-66
1754122588.81146,4,5,-53
1754122588.84946,-3,4,-60
1754122588.8884602,-3,3,-63
1754122588.9244602,-7,5,-60
1754122588.96246,-1,-5,-68
1754122589.00046,-1,-4,-75
1754122589.0394602,1,-2,-65
1754122589.07746,0,0,-69
1754122589.11346,-1,-3,-61
1754122589.1514602,3,-10,-61
1754122589.1904602,1,-1,-74
1754122589.22846,-2,0,-62
1754122589.26446,3,-3,-61
1754122589.3024602,3,4,-62
1754122589.34046,2,-1,-69
1754122589.37946,1,3,-62
1754122589.4174602,0,2,-70
1754122589.45346,6,9,-61
1754122589.4904602,0,0,-56
1754122589.5294602,0,0,-64
1754122589.56746,-1,5,-68
1754122589.60346,-2,0,-75
1754122589.64046,-3,8,-67
1754122589.67946,-4,4,-68
1754122589.7174602,-2,-1,-70
1754122589.7534602,0,-7,-75
1754122589.79046,0,-1,-68
1754122589.82946,-1,1,-58
1754122589.86746,0,4,-65
1754122589.90346,3,-2,-63
1754122589.94146,2,5,-62
1754122589.97946,-5,2,-64
1754122590.01846,0,-7,-66
1754122590.05446,0,-3,-59
1754122590.0924602,4,2,-71
1754122590.13046,3,5,-74
1754122590.16946,2,4,-60
1754122590.20546,2,-2,-54
1754122590.2434602,0,-1,-66
1754122590.2824602,-5,-2,-67
1754122590.3194602,-2,-2,-56
1754122590.3584602,-4,-1,-68
1754122590.3944602,-10,-4,-74
1754122590.43246,-6,-7,-61
1754122590.4704602,-6,-6,-65
1754122590.5094602,-1,-4,-59
1754122590.54546,0,-9,-61
1754122590.58346,-2,-6,-61
1754122590.6214602,-1,0,-61
1754122590.65946,-2,4,-58
1754122590.69846,-8,5,-57
1754122590.73446,1,3,-57
1754122590.77246,0,-4,-60
1754122590.81046,-5,2,-62
1754122590.84946,-3,2,-61
1754122590.88546,0,-3,-61
1754122590.92246,10,1,-57
1754122590.9604602,-2,0,-66
1754122590.99946,-5,0,-66
1754122591.03546,6,-2,-63
1754122591.07346,-1,5,-69
1754122591.11046,0,0,-66
1754122591.14946,-6,9,-73
1754122591.18546,0,0,-77
1754122591.2234602,-1,-1,-77
1754122591.26046,0,7,-63
1754122591.2994602,6,7,-58
1754122591.3354602,1,3,-58
1754122591.3814602,2,1,-60
1754122591.41946,2,-1,-61
1754122591.45646,2,0,-68
1754122591.49446,-7,-7,-76
1754122591.5324602,5,1,-72
1754122591.57046,0,0,-69
1754122591.6084602,-2,-1,-77
1754122591.6444602,-1,-2,-66
1754122591.68246,3,0,-56
1754122591.7204602,-4,2,-64
1754122591.7594602,-3,-3,-62
1754122591.79546,0,2,-63
1754122591.8324602,-3,-7,-58
1754122591.87046,-1,-5,-56
1754122591.90946,-5,-1,-71
1754122591.94546,-3,-3,-55
1754122591.9834602,-6,-1,-62
1754122592.02146,7,-3,-62
1754122592.06046,3,-3,-71
1754122592.0984602,-1,4,-65
1754122592.1344602,0,0,-68
1754122592.17346,-1,1,-77
1754122592.2104602,-3,-3,-73
1754122592.24946,-1,1,-71
1754122592.28546,-4,-2,-63
1754122592.32346,5,1,-66
1754122592.3614602,-1,-2,-60
1754122592.40046,-1,0,-65
1754122592.43646,0,-5,-68
1754122592.47446,0,-1,-68
1754122592.51246,-3,-3,-69
1754122592.55046,2,5,-63
1754122592.58946,4,-1,-57
1754122592.62546,-5,-5,-61
1754122592.6644602,-3,3,-70
1754122592.70146,-5,0,-69
1754122592.7404602,-1,2,-48
1754122592.7764602,-13,1,-46
1754122592.81446,-5,-3,-52
1754122592.85246,-1,-5,-58
1754122592.89046,-1,-1,-66
1754122592.92946,2,-3,-58
1754122592.96546,-8,0,-58
1754122593.0034602,-4,6,-67
1754122593.04146,-4,4,-55
1754122593.08046,-1,4,-54
1754122593.11646,-1,1,-56
1754122593.1544602,0,4,-57
1754122593.19246,-5,-2,-45
1754122593.23146,4,1,-57
1754122593.2694602,-2,3,-55
1754122593.30546,-1,3,-56
1754122593.34346,-3,3,-60
1754122593.38246,5,0,-57
1754122593.42046,-1,2,-74
1754122593.45646,-5,9,-80
1754122593.49446,5,-4,-71
1754122593.5324602,6,3,-65
1754122593.57146,6,0,-81
1754122593.60946,-1,3,-68
1754122593.64546,2,-1,-67
1754122593.68346,-7,-2,-64
1754122593.72146,0,-1,-60
1754122593.76046,1,-1,-67
1754122593.7964602,7,-6,-64
1754122593.83446,-3,-5,-52
1754122593.87246,-4,3,-59
1754122593.9114602,-2,-1,-66
1754122593.94946,0,-1,-59
1754122593.98546,0,-1,-62
1754122594.02346,0,-12,-49
1754122594.06146,-4,-5,-55
1754122594.09946,1,-1,-61
1754122594.13546,2,5,-57
1754122594.17246,2,6,-71
1754122594.21146,8,-3,-66
1754122594.24946,-1,-5,-64
1754122594.28546,2,1,-60
1754122594.3224602,4,0,-68
1754122594.3614602,-4,3,-74
1754122594.39946,0,3,-67
1754122594.43546,-3,4,-62
1754122594.4734602,0,-2,-56
1754122594.51146,0,0,-61
1754122594.54746,-6,-3,-63
1754122594.5854602,-3,-2,-73
1754122594.62346,-5,1,-72
1754122594.6614602,-8,-2,-65
1754122594.7004602,1,2,-59
1754122594.7364602,1,0,-61
1754122594.77346,-2,-5,-62
1754122594.81146,0,-5,-59
1754122594.85046,8,-3,-64
1754122594.88646,3,-4,-51
1754122594.92346,-6,-3,-62
1754122594.96146,-3,-3,-67
1754122595.00046,-2,0,-64
1754122595.0364602,3,2,-68
1754122595.07446,-4,-5,-66
1754122595.11246,-5,-7,-55
1754122595.1514602,2,1,-56
1754122595.1874602,6,2,-59
1754122595.22546,6,-5,-53
1754122595.2634602,-4,-2,-69
1754122595.3024602,0,1,-79
1754122595.34046,-3,1,-61
1754122595.37646,2,3,-63
1754122595.41346,-6,0,-57
1754122595.45246,-2,-5,-68
1754122595.4904602,-3,-2,-72
1754122595.5264602,-1,-2,-67
1754122595.5654602,-6,-3,-69
1754122595.60246,-3,-1,-58
1754122595.6414602,4,0,-56
1754122595.6774602,0,2,-55
1754122595.71546,2,1,-68
1754122595.75246,-4,1,-53
1754122595.79146,0,0,-60
1754122595.82746,-3,5,-60
1754122595.8654602,2,7,-68
1754122595.90346,4,1,-65
1754122595.94246,-4,-1,-72
1754122595.9804602,-1,3,-73
1754122596.0164602,0,10,-63
1754122596.05346,2,-1,-73
1754122596.0924602,6,-2,-64
1754122596.13046,7,-4,-63
1754122596.16646,-5,0,-63
1754122596.20446,-6,5,-71
1754122596.2434602,-1,2,-71
1754122596.28146,4,2,-68
1754122596.31746,0,2,-61
1754122596.35446,-1,0,-67
1754122596.39246,-2,-3,-60
1754122596.43146,-5,-3,-55
1754122596.4674602,-8,5,-45
1754122596.5064602,6,-2,-54
1754122596.54346,2,9,-55
1754122596.5824602,6,-5,-68
1754122596.62046,6,-1,-69
1754122596.6574602,4,2,-75
1754122596.6944602,3,3,-64
1754122596.73246,1,2,-72
1754122596.77146,0,3,-65
1754122596.80746,-3,2,-60
1754122596.8454602,5,4,-63
1754122596.88346,0,1,-63
1754122596.92246,7,6,-63
1754122596.95846,-1,0,-70
1754122596.9964602,0,0,-63
1754122597.03546,4,-1,-64
1754122597.0724602,3,5,-78
1754122597.1114602,0,-3,-68
1754122597.14746,4,1,-69
1754122597.18546,4,2,-71
1754122597.2234602,4,-1,-70
1754122597.26246,2,-2,-66
1754122597.29846,2,0,-70
1754122597.3354602,0,4,-60
1754122597.37346,6,-2,-56
1754122597.41246,7,-8,-67
1754122597.44846,4,-4,-62
1754122597.4864602,0,0,-64
1754122597.52446,0,-4,-60
1754122597.56346,-1,2,-64
1754122597.60146,-4,-3,-64
1754122597.63746,-1,5,-67
1754122597.67546,0,3,-65
1754122597.7134602,-8,-3,-62
1754122597.75246,-9,2,-64
1754122597.7894602,-3,4,-59
1754122597.82646,11,3,-55
1754122597.86446,3,2,-64
1754122597.90346,0,1,-65
1754122597.94146,4,2,-65
1754122597.97746,4,0,-62
1754122598.01446,12,4,-72
1754122598.05346,2,1,-65
1754122598.09146,7,-4,-65
1754122598.12746,1,-6,-56
1754122598.1644602,-4,-5,-65
1754122598.20346,0,-3,-58
1754122598.24146,0,0,-62
1754122598.27746,0,1,-67
1754122598.31446,5,1,-71
1754122598.35346,0,2,-75
1754122598.3914602,-3,-4,-64
1754122598.4274602,-1,-6,-61
1754122598.46546,-2,-10,-68
1754122598.5034602,-1,-7,-61
1754122598.5424602,-6,3,-63
1754122598.57846,1,1,-56
1754122598.61646,-11,0,-65
1754122598.65546,-2,0,-61
1754122598.69346,-5,3,-60
1754122598.73146,3,-1,-65
1754122598.76746,0,3,-60
1754122598.80546,2,0,-59
1754122598.84346,-8,2,-59
1754122598.8814602,2,-3,-63
1754122598.9174602,5,3,-61
1754122598.95446,3,3,-58
1754122598.9934602,5,0,-67
1754122599.03146,-4,0,-65
1754122599.06746,-2,-1,-61
1754122599.1054602,-3,-6,-56
1754122599.14346,-5,3,-70
1754122599.18246,0,0,-65
1754122599.21846,0,-3,-59
1754122599.2564602,0,2,-62
1754122599.29446,-2,-2,-62
1754122599.33346,-6,-7,-67
1754122599.36946,-3,-1,-70
1754122599.40846,-2,2,-52
1754122599.44546,4,3,-73
1754122599.48446,3,1,-62
1754122599.52246,-1,0,-63
1754122599.55846,-5,-2,-62
1754122599.59746,-2,1,-64
1754122599.6344602,-2,-9,-57
1754122599.67346,-10,-9,-74
1754122599.70946,0,-3,-64
1754122599.74746,-1,0,-57
1754122599.78446,-2,3,-59
1754122599.82346,5,6,-61
1754122599.85946,0,3,-66
1754122599.89746,-2,-2,-74
1754122599.9344602,3,-2,-59
1754122599.9734602,0,-7,-54
1754122600.0094602,-6,2,-53
1754122600.0464602,3,-1,-58
1754122600.08446,-1,-7,-58
1754122600.12346,-3,2,-65
1754122600.15946,0,2,-69
1754122600.19646,0,0,-67
1754122600.23446,4,0,-77
1754122600.27346,-3,-3,-71
1754122600.3094602,0,-2,-79
1754122600.34646,3,0,-77
1754122600.3844602,8,-2,-72
1754122600.42346,1,-6,-74
1754122600.45946,-3,-5,-72
1754122600.49746,3,0,-69
1754122600.5364602,1,-1,-50
1754122600.57446,-1,-3,-64
1754122600.61246,-5,-6,-60
1754122600.64846,-6,0,-59
1754122600.68646,-3,-3,-67
1754122600.72446,0,2,-72
1754122600.7634602,0,-2,-67
1754122600.7994602,0,-2,-63
1754122600.83746,-5,-2,-67
1754122600.87546,-7,-3,-68
1754122600.9144602,3,-9,-66
1754122600.95246,-1,3,-62
1754122600.98846,-6,0,-66
1754122601.0264602,1,-1,-65
1754122601.06446,-3,0,-57
1754122601.10346,0,2,-54
1754122601.13946,7,-4,-62
1754122601.1774602,12,0,-59
1754122601.21546,2,-4,-53
1754122601.25446,-2,0,-68
1754122601.2924602,-6,-6,-64
1754122601.32846,-7,-1,-65
1754122601.36646,-3,0,-71
1754122601.41246,-2,-3,-64
1754122601.44946,5,-5,-73
1754122601.48746,-1,-5,-65
1754122601.52546,0,-4,-60
1754122601.56446,-6,-2,-69
1754122601.60046,-3,0,-70
1754122601.6384602,-4,-5,-68
1754122601.67646,5,-10,-69
1754122601.71446,2,-4,-56
1754122601.7534602,4,0,-57
1754122601.7894602,0,1,-63
1754122601.82646,-6,0,-62
1754122601.86446,1,3,-71
1754122601.90346,2,-6,-69
1754122601.93946,5,-2,-59
1754122601.97746,1,1,-56
1754122602.0164602,-1,3,-58
1754122602.05446,0,2,-52
1754122602.09046,-3,5,-59
1754122602.12946,-1,6,-80
1754122602.16646,-5,-1,-66
1754122602.20446,0,-1,-69
1754122602.2434602,-6,-2,-72
1754122602.2794602,-2,-1,-71
1754122602.31746,-6,-1,-83
1754122602.3554602,0,-3,-71
1754122602.3944602,-2,0,-64
1754122602.43046,1,0,-69
1754122602.4674602,0,-2,-67
1754122602.50546,8,-3,-62
1754122602.54446,11,-2,-62
1754122602.58046,3,1,-58
1754122602.6184602,0,-3,-60
1754122602.65646,0,0,-66
1754122602.69546,-2,-4,-66
1754122602.7334602,-5,-5,-68
1754122602.7694602,0,-6,-70
1754122602.80746,0,-1,-67
1754122602.8454602,0,-5,-60
1754122602.8844602,-2,-5,-70
1754122602.92046,-4,-5,-65
1754122602.95846,2,-3,-52
1754122602.9964602,1,-6,-52
1754122603.03546,-2,-7,-70
1754122603.07346,-7,-7,-57
1754122603.10946,-6,-8,-61
1754122603.14746,0,-7,-54
1754122603.18646,-1,-3,-52
1754122603.22446,-1,-4,-62
1754122603.26046,0,-4,-58
1754122603.29746,5,0,-53
1754122603.33646,-4,1,-60
1754122603.37446,-4,0,-54
1754122603.41046,-1,3,-64
1754122603.44846,0,0,-62
1754122603.4864602,0,1,-71
1754122603.52546,1,1,-74
1754122603.56346,0,-5,-68
1754122603.59946,3,-1,-65
1754122603.63746,-1,-1,-59
1754122603.67546,-10,-8,-72
1754122603.71446,0,2,-67
1754122603.75046,0,0,-70
1754122603.7894602,7,-10,-60
1754122603.82646,-2,-2,-63
1754122603.8654602,-7,-3,-56
1754122603.9014602,-2,4,-57
1754122603.93946,-7,-1,-72
1754122603.97846,-8,-8,-63
1754122604.01546,3,-2,-70
1754122604.05546,0,-5,-57
1754122604.09146,7,-6,-55
1754122604.1284602,2,-2,-58
1754122604.16646,10,1,-53
1754122604.20546,1,0,-66
1754122604.24146,7,0,-66
1754122604.27846,3,-1,-60
1754122604.31646,0,-3,-55
1754122604.3554602,-8,-4,-58
1754122604.3914602,0,0,-50
1754122604.42846,4,3,-50
1754122604.46646,0,-5,-56
1754122604.50546,3,-11,-56
1754122604.54146,4,-4,-59
1754122604.57946,8,0,-62
1754122604.6184602,3,0,-54
1754122604.65646,0,5,-57
1754122604.6944602,-4,2,-56
1754122604.7304602,-4,0,-65
1754122604.76846,-2,3,-54
1754122604.80646,-3,1,-71
1754122604.8454602,-5,-3,-62
1754122604.8814602,-4,0,-71
1754122604.91946,3,1,-52
1754122604.9574602,0,1,-61
1754122604.9964602,-2,-8,-63
1754122605.03446,8,-2,-65
1754122605.07046,0,-8,-66
1754122605.1084602,-4,-7,-65
1754122605.14646,-4,-3,-69
1754122605.18546,-4,-4,-64
1754122605.22146,-3,0,-73
1754122605.25846,-2,0,-68
1754122605.2964602,0,0,-68
1754122605.3354602,4,1,-57
1754122605.3714602,-3,-1,-64
1754122605.41046,-2,4,-72
1754122605.4474602,4,-1,-72
1754122605.4864602,4,6,-64
1754122605.52446,-2,0,-71
1754122605.56046,-4,0,-59
1754122605.5984602,-7,0,-64
1754122605.63646,-7,-4,-67
1754122605.67546,-1,-5,-53
1754122605.71146,0,-2,-53
1754122605.74946,4,0,-58
1754122605.78846,1,-3,-62
1754122605.82646,9,-2,-57
1754122605.86446,4,-8,-60
1754122605.90046,-3,-6,-65
1754122605.93846,-5,-6,-57
1754122605.97646,-3,-6,-57
1754122606.01546,-1,-4,-55
1754122606.05146,8,0,-61
1754122606.0884602,4,4,-62
1754122606.12646,1,3,-60
1754122606.16546,1,2,-62
1754122606.20146,2,0,-54
1754122606.23846,-5,5,-54
1754122606.2764602,-5,1,-57
1754122606.3154602,2,0,-59
1754122606.35146,-1,2,-54
1754122606.3884602,-3,0,-57
1754122606.42646,-7,1,-64
1754122606.46546,-2,-3,-56
1754122606.50146,0,3,-51
1754122606.53846,1,-5,-66
1754122606.57646,1,0,-61
1754122606.6154602,5,-10,-65
1754122606.6514602,0,-7,-59
1754122606.68846,-4,-7,-59
1754122606.72646,1,-10,-72
1754122606.76546,3,-2,-56
1754122606.80146,4,-1,-64
1754122606.83946,0,-2,-59
1754122606.87746,-1,0,-59
1754122606.91646,1,9,-66
1754122606.95246,2,0,-72
1754122606.9904602,0,0,-74
1754122607.02846,0,0,-62
1754122607.06746,2,0,-63
1754122607.1054602,4,0,-64
1754122607.1414602,3,-2,-74
1754122607.18046,-6,-2,-72
1754122607.2174602,-9,-3,-54
1754122607.2564602,-1,0,-60
1754122607.2924602,1,2,-57
1754122607.33146,4,-4,-59
1754122607.36946,-1,0,-59
1754122607.4074602,2,0,-65
1754122607.44646,-3,2,-61
1754122607.48246,-5,5,-75
1754122607.52046,0,-6,-67
1754122607.5594602,3,0,-73
1754122607.59746,6,0,-61
1754122607.63546,4,1,-70
1754122607.6714602,4,5,-68
1754122607.70946,-3,0,-55
1754122607.74746,-5,-5,-59
1754122607.78546,0,0,-65
1754122607.82146,2,-4,-72
1754122607.85946,-3,-5,-72
1754122607.89746,0,-1,-64
1754122607.93646,-6,-10,-65
1754122607.97246,-2,-6,-67
1754122608.01046,5,3,-62
1754122608.04846,6,-2,-62
1754122608.08746,7,-2,-73
1754122608.12546,1,-2,-62
1754122608.16246,2,2,-61
1754122608.2004602,7,4,-64
1754122608.23746,-5,7,-65
1754122608.2764602,-3,4,-53
1754122608.3124602,-1,4,-56
1754122608.35046,0,2,-70
1754122608.38746,-2,5,-68
1754122608.42646,3,1,-53
1754122608.46246,-1,0,-49
1754122608.50046,4,-3,-53
1754122608.53746,-2,-5,-64
1754122608.57646,-2,-7,-62
1754122608.61246,0,-8,-63
1754122608.64946,-4,2,-74
1754122608.6874602,11,-3,-62
1754122608.72646,-1,-6,-59
1754122608.76246,0,0,-57
1754122608.7994602,1,1,-62
1754122608.83746,-1,1,-63
1754122608.87646,-5,2,-60
1754122608.91246,0,-2,-69
1754122608.94946,2,-2,-71
1754122608.98746,1,0,-73
1754122609.0264602,0,7,-70
1754122609.0624602,1,0,-62
1754122609.09946,3,-3,-58
1754122609.13746,0,-8,-57
1754122609.17646,1,-3,-61
1754122609.21246,5,-4,-75
1754122609.25046,1,1,-73
1754122609.28846,1,8,-57
1754122609.32746,-2,2,-71
1754122609.36346,-5,2,-60
1754122609.4014602,-5,2,-61
1754122609.4404602,5,-3,-59
1754122609.47846,3,1,-58
1754122609.5164602,1,1,-63
1754122609.5524602,-1,-3,-68
1754122609.59046,0,-3,-66
1754122609.6284602,-4,3,-67
1754122609.6674602,-4,1,-64
1754122609.70346,-4,0,-64
1754122609.74146,0,2,-57
1754122609.7794602,3,1,-64
1754122609.81846,4,6,-62
1754122609.85646,1,4,-62
1754122609.89246,1,1,-64
1754122609.92946,2,-1,-70
1754122609.96846,-1,2,-62
1754122610.0064602,2,-1,-68
1754122610.0424602,3,1,-73
1754122610.07946,4,3,-63
1754122610.1184602,1,4,-62
1754122610.15646,3,2,-57
1754122610.19246,2,6,-57
1754122610.2304602,-5,3,-61
1754122610.26846,0,-1,-66
1754122610.30746,-1,-1,-61
1754122610.34346,5,1,-60
1754122610.38046,4,3,-67
1754122610.41946,2,0,-62
1754122610.4574602,0,-9,-69
1754122610.4934602,0,-6,-66
1754122610.5324602,-3,-7,-70
1754122610.5694602,8,-6,-68
1754122610.6084602,3,-5,-65
1754122610.6444602,4,0,-70
1754122610.68146,-2,-5,-62
1754122610.71946,-1,-6,-69
1754122610.75846,1,-2,-72
1754122610.79446,-5,-8,-71
1754122610.8324602,-1,-3,-75
1754122610.87046,-1,-2,-66
1754122610.90846,0,7,-69
1754122610.9474602,-8,4,-58
1754122610.9834602,-1,3,-64
1754122611.02146,0,-2,-53
1754122611.0594602,4,5,-67
1754122611.0984602,0,1,-75
1754122611.1344602,3,-2,-57
1754122611.17246,0,0,-62
1754122611.21146,2,-2,-69
1754122611.24846,-2,-3,-54
1754122611.28746,0,4,-63
1754122611.32446,5,2,-63
1754122611.3614602,-4,5,-64
1754122611.39946,0,1,-65
1754122611.4444602,2,-1,-56
1754122611.48146,-3,0,-51
1754122611.5194602,-1,1,-68
1754122611.55846,-6,-3,-58
1754122611.59446,0,-5,-69
1754122611.63246,-5,-4,-58
1754122611.67046,0,0,-60
1754122611.70946,-7,0,-64
1754122611.74746,-2,-1,-63
1754122611.78346,-3,-2,-59
1754122611.82146,-3,3,-62
1754122611.85946,-1,1,-56
1754122611.89846,-3,1,-56
1754122611.9344602,-13,2,-53
1754122611.97246,-1,8,-62
1754122612.01146,-7,6,-65
1754122612.0494602,-8,8,-60
1754122612.08746,-1,1,-60
1754122612.12346,-5,-5,-65
1754122612.1614602,-5,-1,-67
1754122612.19946,1,-6,-66
1754122612.23846,-2,1,-55
1754122612.27446,-7,3,-56
1754122612.3124602,-6,7,-69
1754122612.35046,-1,1,-62
1754122612.38946,2,-2,-66
1754122612.4274602,-4,7,-65
1754122612.4634602,-2,0,-67
1754122612.50146,-5,-2,-61
1754122612.54046,-6,-5,-68
1754122612.57846,0,0,-63
1754122612.61446,0,2,-63
1754122612.65246,2,3,-64
1754122612.6904602,-9,2,-72
1754122612.72846,-10,0,-68
1754122612.76446,-3,5,-59
1754122612.8024602,0,2,-68
1754122612.84046,-1,0,-69
1754122612.87946,-5,-3,-54
1754122612.91546,0,4,-66
1754122612.95246,6,3,-60
1754122612.9904602,4,2,-62
1754122613.0294602,1,3,-55
1754122613.0654602,-1,-4,-59
1754122613.10346,-7,-6,-62
1754122613.1414602,-4,-8,-70
1754122613.17946,3,-5,-76
1754122613.21846,-1,-3,-71
1754122613.25446,-1,-4,-57
1754122613.2924602,2,-2,-66
1754122613.33146,-6,-8,-63
1754122613.36946,-5,0,-63
1754122613.40546,-2,2,-55
1754122613.44346,4,2,-75
1754122613.48146,5,2,-69
1754122613.5194602,-2,1,-64
1754122613.55846,7,-3,-60
1754122613.59446,-5,0,-65
1754122613.63246,-2,0,-59
1754122613.67046,0,-8,-61
1754122613.70946,0,0,-59
1754122613.7464602,-4,0,-62
1754122613.78446,-4,1,-61
1754122613.82146,1,3,-49
1754122613.86046,-2,5,-62
1754122613.89846,-1,10,-57
1754122613.9344602,0,4,-58
1754122613.97146,1,0,-60
1754122614.01046,0,-3,-67
1754122614.04846,2,7,-60
1754122614.08446,1,6,-59
1754122614.1214602,0,6,-54
1754122614.16046,-2,5,-66
1754122614.19846,0,2,-60
1754122614.23446,2,-2,-64
1754122614.27246,0,1,-64
1754122614.31046,2,-3,-71
1754122614.34946,-3,0,-68
1754122614.38546,1,1,-70
1754122614.42246,-4,2,-70
1754122614.4604602,-3,10,-71
1754122614.49946,1,4,-67
1754122614.53546,3,9,-63
1754122614.5724602,2,8,-60
1754122614.61046,-7,4,-69
1754122614.64946,2,-3,-66
1754122614.68546,4,1,-69
1754122614.72246,-3,-1,-56
1754122614.76046,-3,-2,-70
1754122614.7994602,-4,-3,-69
1754122614.8354602,-6,2,-73
1754122614.87346,-14,1,-57
1754122614.9114602,-1,-3,-65
1754122614.9504602,-6,2,-62
1754122614.98846,0,3,-55
1754122615.02546,0,0,-61
1754122615.06346,1,-1,-52
1754122615.10046,1,1,-67
1754122615.13946,2,-4,-63
1754122615.17546,0,-4,-55
1754122615.2134602,-3,7,-56
1754122615.25146,-4,4,-67
1754122615.29046,0,9,-60
1754122615.32646,0,5,-60
1754122615.36346,-4,2,-65
1754122615.4014602,-4,2,-66
1754122615.4404602,0,-3,-62
1754122615.47646,-2,-5,-67
1754122615.51446,-5,-4,-62
1754122615.5524602,2,0,-59
1754122615.59046,3,-8,-62
1754122615.62946,-1,-1,-64
1754122615.66546,0,-2,-63
1754122615.70346,-2,-5,-60
1754122615.74246,-5,-6,-61
1754122615.78046,-4,0,-53
1754122615.81646,-6,-6,-59
1754122615.8554602,0,-3,-79
1754122615.89246,4,-3,-75
1754122615.93046,0,1,-70
1754122615.96946,2,6,-55
1754122616.00546,1,3,-63
1754122616.0424602,0,4,-61
1754122616.08046,0,3,-62
1754122616.11946,-13,5,-65
1754122616.15546,-5,1,-59
1754122616.19346,-3,-3,-62
1754122616.23146,-2,0,-68
1754122616.27046,2,0,-71
1754122616.30646,-4,-2,-69
1754122616.34446,-7,-4,-68
1754122616.38246,-4,-4,-71
1754122616.4214602,-2,2,-51
1754122616.45946,-1,2,-56
1754122616.4964602,2,-2,-68
1754122616.53346,-6,0,-63
1754122616.57146,-2,4,-60
1754122616.61046,-5,2,-62
1754122616.64646,3,2,-61
1754122616.68346,2,2,-55
1754122616.72146,4,-6,-65
1754122616.76046,0,-9,-52
1754122616.7964602,-6,-12,-56
1754122616.83446,-7,-5,-55
1754122616.87246,1,-2,-63
1754122616.9114602,0,3,-63
1754122616.94946,-3,-1,-59
1754122616.98546,-4,-1,-65
1754122617.02346,0,-3,-73
1754122617.0624602,5,0,-73
1754122617.10046,2,-4,-67
1754122617.13646,0,0,-61
1754122617.17346,-2,-10,-66
1754122617.21146,3,-4,-68
1754122617.25046,-2,-3,-65
1754122617.2864602,-5,-1,-66
1754122617.32446,2,-1,-60
1754122617.36246,8,-7,-70
1754122617.4014602,0,-3,-68
1754122617.43946,-1,3,-66
1754122617.47546,-1,6,-66
1754122617.5134602,1,10,-78
1754122617.55146,-3,3,-64
1754122617.59046,-5,-5,-67
1754122617.62646,-4,-5,-72
1754122617.66546,-2,0,-68
1754122617.70246,7,0,-60
1754122617.74146,1,-1,-57
1754122617.77746,0,-4,-52
1754122617.8154602,0,-3,-61
1754122617.85446,0,0,-57
1754122617.8914602,3,-1,-58
1754122617.93046,-5,-8,-56
1754122617.96646,2,-8,-57
1754122618.00446,-5,-9,-62
1754122618.0424602,0,3,-64
1754122618.08146,3,-6,-68
1754122618.11746,4,-5,-66
1754122618.1544602,0,3,-71
1754122618.19246,0,1,-69
1754122618.23146,-1,-3,-75
1754122618.26746,0,-1,-80
1754122618.30546,-3,3,-71
1754122618.34346,7,-1,-67
1754122618.3814602,0,4,-62
1754122618.42046,-4,0,-62
1754122618.45646,0,-2,-70
1754122618.49546,0,0,-66
1754122618.5324602,3,4,-64
1754122618.57146,-2,5,-57
1754122618.60746,-3,5,-51
1754122618.64546,-4,9,-67
1754122618.68346,1,0,-60
1754122618.72246,3,0,-53
1754122618.76046,4,7,-56
1754122618.7964602,0,-2,-57
1754122618.83446,0,3,-60
1754122618.87246,-3,-3,-60
1754122618.9114602,5,-2,-59
1754122618.9474602,2,1,-61
1754122618.98446,1,0,-71
1754122619.02246,1,-4,-65
1754122619.06146,-6,1,-57
1754122619.09746,-6,6,-70
1754122619.1344602,-3,4,-67
1754122619.17246,0,5,-60
1754122619.21146,-3,3,-67
1754122619.24746,-3,-3,-69
1754122619.28546,-6,2,-58
1754122619.32346,-8,0,-67
1754122619.36246,-2,1,-57
1754122619.40046,2,0,-52
1754122619.43646,5,-1,-50
1754122619.47446,2,0,-60
1754122619.51246,3,-2,-64
1754122619.55146,-2,-8,-67
1754122619.58746,-1,0,-72
1754122619.62546,-2,0,-67
1754122619.6644602,0,-8,-58
1754122619.70246,0,-11,-68
1754122619.7404602,6,-10,-63
1754122619.7764602,5,-5,-65
1754122619.81446,-1,-5,-80
1754122619.85346,-6,0,-61
1754122619.8914602,0,0,-56
1754122619.9274602,-3,2,-55
1754122619.96546,-1,0,-61
1754122620.0034602,-6,0,-69
1754122620.0424602,0,-2,-61
1754122620.07846,0,-5,-62
1754122620.11646,1,-9,-69
1754122620.1544602,-6,-7,-60
1754122620.19246,-8,-4,-71
1754122620.23146,-2,-1,-66
1754122620.26746,3,0,-68
1754122620.30546,1,0,-70
1754122620.34446,1,0,-64
1754122620.38246,-1,0,-62
1754122620.41846,0,1,-63
1754122620.45546,-7,4,-66
1754122620.4934602,-3,1,-56
1754122620.5324602,-2,0,-76
1754122620.56846,-3,6,-60
1754122620.60646,-9,2,-61
1754122620.6444602,4,-4,-60
1754122620.68246,-3,-5,-64
1754122620.72146,-4,-2,-63
1754122620.75746,0,0,-54
1754122620.79446,5,1,-54
1754122620.83346,1,0,-65
1754122620.8714602,0,-2,-68
1754122620.9074602,1,-7,-63
1754122620.9444602,3,-2,-54
1754122620.9834602,0,-3,-63
1754122621.02146,3,-2,-58
1754122621.05746,5,-3,-55
1754122621.0954602,5,0,-53
1754122621.13346,0,-5,-62
1754122621.17246,2,1,-59
1754122621.20846,0,4,-60
1754122621.24546,4,0,-57
1754122621.28346,1,-5,-58
1754122621.3224602,7,-6,-64
1754122621.3584602,7,0,-63
1754122621.39646,7,-3,-64
1754122621.4344602,2,-3,-63
1754122621.47846,3,1,-62
1754122621.51746,1,-5,-71
1754122621.55446,-1,-3,-65
1754122621.59346,6,0,-59
1754122621.6314602,3,0,-66
1754122621.6674602,0,-1,-59
1754122621.70646,-1,-1,-67
1754122621.7434602,0,-6,-68
1754122621.7824602,-4,2,-57
1754122621.8194602,9,6,-63
1754122621.85646,-2,1,-59
1754122621.8944602,-12,1,-63
1754122621.93346,-6,4,-63
1754122621.97146,2,-7,-72
1754122622.00746,-1,-7,-71
1754122622.04546,-6,0,-69
1754122622.08346,-4,-5,-60
1754122622.12246,4,-2,-67
1754122622.15846,-1,6,-53
1754122622.19646,0,-2,-58
1754122622.23546,-4,-3,-63
1754122622.27346,-2,0,-69
1754122622.3094602,0,2,-65
1754122622.34646,3,0,-62
1754122622.38546,4,2,-65
1754122622.42346,0,-7,-74
1754122622.45946,-3,-10,-65
1754122622.49746,-3,-9,-54
1754122622.53546,0,-4,-63
1754122622.57346,1,2,-70
1754122622.61246,-2,-2,-59
1754122622.64846,5,0,-60
1754122622.68546,5,1,-54
1754122622.7234602,9,5,-62
1754122622.76246,5,0,-74
1754122622.79846,4,0,-62
1754122622.83646,-2,3,-63
1754122622.87446,1,-3,-67
1754122622.91346,0,-4,-59
1754122622.94946,-5,-6,-73
1754122622.98746,0,-2,-75
1754122623.0264602,0,-5,-74
1754122623.06446,1,-7,-73
1754122623.10246,1,-2,-60
1754122623.1384602,-4,0,-66
1754122623.17646,-1,1,-75
1754122623.21446,0,-7,-70
1754122623.2534602,-4,-4,-64
1754122623.2894602,-3,1,-60
1754122623.32746,6,0,-61
1754122623.3654602,5,0,-70
1754122623.4044602,0,-5,-73
1754122623.44246,1,-2,-71
1754122623.47846,0,0,-66
1754122623.51546,1,-4,-61
1754122623.55446,-8,-5,-67
1754122623.5924602,-1,0,-62
1754122623.6284602,0,2,-68
1754122623.66546,0,2,-63
1754122623.70446,0,0,-70
1754122623.74246,-1,2,-59
1754122623.77846,-2,5,-57
1754122623.8154602,-2,0,-61
1754122623.85446,0,0,-58
1754122623.89246,4,-1,-61
1754122623.92846,3,-3,-61
1754122623.96646,-1,-1,-69
1754122624.00446,3,0,-57
1754122624.04346,-2,7,-58
1754122624.07946,-1,3,-57
1754122624.11646,1,2,-61
1754122624.1544602,2,-6,-61
1754122624.19346,0,1,-65
1754122624.22946,-5,-2,-56
1754122624.26746,-4,-1,-61
1754122624.30546,-1,-2,-63
1754122624.34446,7,-3,-71
1754122624.38046,-2,-6,-71
1754122624.41846,-4,-1,-70
1754122624.45646,-8,-7,-64
1754122624.49446,-3,0,-53
1754122624.53346,-11,3,-63
1754122624.5694602,-6,1,-59
1754122624.60746,2,5,-69
1754122624.64546,0,3,-69
1754122624.6844602,5,0,-74
1754122624.7204602,-1,-3,-76
1754122624.75846,5,0,-66
1754122624.7964602,0,0,-71
1754122624.83446,4,0,-63
1754122624.87346,0,2,-68
1754122624.90946,1,4,-67
1754122624.94646,4,-2,-69
1754122624.98446,0,6,-77
1754122625.02346,1,0,-76
1754122625.0594602,-4,1,-65
1754122625.09646,-4,0,-65
1754122625.1344602,-9,-5,-67
1754122625.17346,0,-4,-66
1754122625.20946,1,-2,-69
1754122625.24746,-5,1,-72
1754122625.28546,0,-6,-74
1754122625.32446,0,-4,-70
1754122625.36046,0,2,-65
1754122625.39746,2,2,-63
1754122625.43546,-1,-1,-57
1754122625.47446,1,-7,-68
1754122625.51046,2,0,-66
1754122625.54746,4,-7,-71
1754122625.5854602,-1,-1,-66
1754122625.62446,-4,1,-73
1754122625.66046,-5,2,-67
1754122625.69846,-6,1,-59
1754122625.73746,-1,0,-63
1754122625.77546,8,0,-61
1754122625.81346,6,7,-62
1754122625.84946,0,2,-66
1754122625.88746,2,2,-75
1754122625.92546,1,0,-63
1754122625.96446,-3,-1,-66
1754122626.00046,2,0,-69
1754122626.03746,0,-6,-68
1754122626.0754602,-1,-1,-66
1754122626.11446,3,0,-62
1754122626.15046,0,0,-62
1754122626.1874602,-1,-2,-70
1754122626.22546,1,0,-68
1754122626.26446,-2,-1,-65
1754122626.30046,-6,-7,-61
1754122626.3384602,-1,-8,-68
1754122626.37646,-7,2,-68
1754122626.41546,-4,0,-71
1754122626.45346,-1,0,-76
1754122626.48946,-6,-5,-85
1754122626.52746,4,-5,-76
1754122626.5654602,1,2,-54
1754122626.60446,-1,5,-70
1754122626.64046,-4,0,-69
1754122626.67846,-5,3,-62
1754122626.71646,-1,0,-70
1754122626.75546,0,-2,-51
1754122626.79146,6,-1,-64
1754122626.82846,0,-6,-53
1754122626.86646,8,5,-53
1754122626.90546,9,-4,-64
1754122626.94146,2,-2,-60
1754122626.97946,3,0,-55
1754122627.01746,4,-1,-58
1754122627.05546,0,0,-58
1754122627.09446,-4,-1,-63
1754122627.13046,1,-3,-71
1754122627.16846,-4,0,-74
1754122627.2074602,5,-2,-75
1754122627.24546,1,0,-62
1754122627.28146,-2,4,-60
1754122627.3194602,2,0,-60
1754122627.35746,-5,0,-63
1754122627.39546,-7,-5,-74
1754122627.4344602,-6,-4,-71
1754122627.4704602,3,0,-68
1754122627.50746,0,-1,-72
1754122627.54546,-2,7,-64
1754122627.58446,6,-1,-63
1754122627.62046,-1,2,-62
1754122627.6574602,3,0,-56
1754122627.69646,0,0,-65
1754122627.73446,1,-4,-62
1754122627.77046,0,-4,-61
1754122627.80746,0,2,-60
1754122627.84646,-3,-4,-74
1754122627.8844602,0,-4,-51
1754122627.92046,0,-1,-65
1754122627.9574602,2,-4,-70
1754122627.9964602,-1,-3,-75
1754122628.03446,-4,4,-70
1754122628.07046,-1,5,-60
1754122628.10746,-4,5,-68
1754122628.14646,-5,1,-63
1754122628.1844602,9,6,-60
1754122628.2204602,8,0,-61
1754122628.25746,-1,-1,-54
1754122628.2964602,0,-1,-67
1754122628.33446,-4,-2,-67
1754122628.37046,-2,1,-55
1754122628.4074602,-4,-5,-54
1754122628.44646,-7,-1,-64
1754122628.48446,-2,-1,-64
1754122628.52046,-4,-5,-60
1754122628.55846,-7,2,-59
1754122628.59646,6,-1,-55
1754122628.63546,-5,-4,-69
1754122628.6714602,-7,1,-66
1754122628.7104602,0,0,-56
1754122628.74746,-4,3,-63
1754122628.7864602,4,9,-60
1754122628.82446,2,4,-71
1754122628.86046,5,4,-73
1754122628.89746,5,5,-65
1754122628.93646,0,-2,-75
1754122628.9734602,-2,-2,-74
1754122629.01046,-2,3,-56
1754122629.04846,-5,2,-61
1754122629.08646,3,-1,-74
1754122629.12546,-1,1,-64
1754122629.1614602,-1,5,-63
1754122629.19946,5,4,-72
1754122629.23746,0,-7,-71
1754122629.2764602,-3,6,-67
1754122629.3124602,1,6,-68
1754122629.34946,3,-3,-70
1754122629.38746,3,0,-62
1754122629.42646,1,1,-51
1754122629.46246,0,3,-54
1754122629.50046,0,0,-60
1754122629.53846,2,0,-67
1754122629.57646,5,-7,-63
1754122629.6154602,10,-1,-52
1754122629.6514602,0,0,-68
1754122629.68946,-5,1,-57
1754122629.72646,1,-1,-57
1754122629.76546,-1,1,-65
1754122629.80146,0,0,-62
1754122629.8384602,5,0,-58
1754122629.87746,-2,0,-64
1754122629.91546,-1,0,-62
1754122629.95146,2,-4,-60
1754122629.98946,-2,-4,-67
1754122630.02746,5,-1,-69
1754122630.06646,-1,-2,-75
1754122630.10246,-5,0,-63
1754122630.13946,-2,-5,-69
1754122630.1774602,2,4,-52
1754122630.21646,-2,4,-67
1754122630.25246,0,0,-67
1754122630.2894602,-4,0,-63
1754122630.32746,-12,0,-60
1754122630.36646,0,4,-64
1754122630.40246,-4,-3,-61
1754122630.4404602,-2,-4,-60
1754122630.47846,0,0,-63
1754122630.51746,-3,-1,-67
1754122630.55546,-12,-2,-59
1754122630.59146,-1,0,-70
1754122630.62946,5,-5,-77
1754122630.66846,-4,-4,-67
1754122630.70646,8,-7,-70
1754122630.74246,9,0,-61
1754122630.7794602,8,-7,-52
1754122630.81846,7,-1,-57
1754122630.85646,1,11,-60
1754122630.89246,-5,6,-69
1754122630.93146,3,-3,-67
1754122630.96846,0,2,-65
1754122631.00746,-2,-5,-61
1754122631.04546,5,-2,-55
1754122631.0824602,3,-3,-55
1754122631.12046,-8,-4,-66
1754122631.15946,-2,-9,-77
1754122631.1974602,0,-8,-69
1754122631.2334602,1,-7,-62
1754122631.27246,1,0,-59
1754122631.3094602,-9,3,-64
1754122631.34746,-9,-1,-73
1754122631.38646,-9,8,-57
1754122631.42246,-2,-4,-64
1754122631.4604602,-8,-2,-72
1754122631.5064602,2,-3,-61
1754122631.5424602,4,2,-68
1754122631.57946,-4,-2,-69
1754122631.61746,-12,-2,-65
1754122631.65646,0,-5,-61
1754122631.69246,-7,-8,-60
1754122631.7304602,-5,0,-66
1754122631.76846,-2,-1,-68
1754122631.80746,-2,-3,-59
1754122631.84346,1,-1,-66
1754122631.88046,-1,0,-66
1754122631.91846,0,2,-63
1754122631.9574602,1,1,-64
1754122631.9934602,-2,-7,-59
1754122632.03146,5,-6,-62
1754122632.0694602,0,-5,-56
1754122632.10746,0,0,-64
1754122632.14646,5,0,-63
1754122632.18346,-4,-1,-65
1754122632.22146,-3,-2,-57
1754122632.25846,0,1,-59
1754122632.29746,6,5,-73
1754122632.33346,0,2,-67
1754122632.37046,-1,-6,-69
1754122632.40846,-8,-10,-77
1754122632.4474602,-5,-1,-61
1754122632.4834602,-8,-4,-68
1754122632.52246,0,-3,-77
1754122632.5594602,6,-2,-61
1754122632.5984602,3,-3,-64
1754122632.63646,7,-8,-57
1754122632.67246,0,-10,-63
1754122632.70946,6,0,-68
1754122632.74846,8,1,-72
1754122632.7864602,1,0,-76
1754122632.8224602,-3,6,-77
1754122632.85946,3,3,-64
1754122632.89846,-6,4,-63
1754122632.93646,-12,-2,-56
1754122632.97246,-12,-6,-61
1754122633.01046,-7,-4,-64
1754122633.04846,-8,-5,-76
1754122633.08746,-4,0,-74
1754122633.12346,1,-2,-73
1754122633.1614602,0,4,-71
1754122633.19946,4,-1,-58
1754122633.23846,0,1,-73
1754122633.2764602,2,-1,-63
1754122633.3124602,-1,2,-61
1754122633.35046,0,0,-78
1754122633.3884602,-5,-1,-67
1754122633.4274602,-4,-7,-70
1754122633.4634602,-11,-7,-69
1754122633.50146,0,-5,-70
1754122633.5394602,0,0,-64
1754122633.57846,-1,4,-58
1754122633.61446,0,0,-61
1754122633.65346,4,0,-58
1754122633.6904602,1,4,-62
1754122633.72846,1,0,-63
1754122633.76746,-3,-6,-69
1754122633.80446,9,-3,-62
1754122633.84146,2,-3,-65
1754122633.88046,-5,0,-65
1754122633.91846,-5,0,-47
1754122633.9574602,0,-2,-57
1754122633.9934602,2,-2,-56
1754122634.03146,4,-1,-63
1754122634.0694602,0,-3,-74
1754122634.1084602,0,-4,-80
1754122634.1444602,-7,-4,-75
1754122634.18346,1,-4,-66
1754122634.2204602,3,0,-67
1754122634.25846,1,0,-75
1754122634.29746,2,-9,-64
1754122634.33346,5,0,-63
1754122634.3714602,4,-1,-75
1754122634.40846,-1,-2,-65
1754122634.4474602,0,-1,-56
1754122634.4834602,-1,0,-52
1754122634.52046,-2,-5,-44
1754122634.5594602,0,1,-61
1754122634.59746,-2,-1,-65
1754122634.63346,-4,6,-73
1754122634.67046,6,-1,-68
1754122634.70946,-2,3,-59
1754122634.74746,1,0,-52
1754122634.78346,0,-1,-59
1754122634.82046,-5,0,-60
1754122634.85946,1,0,-71
1754122634.89746,0,-6,-52
1754122634.93346,4,-5,-61
1754122634.97146,-5,-6,-64
1754122635.0094602,3,2,-66
1754122635.04846,2,6,-78
1754122635.08446,2,-2,-69
1754122635.1214602,2,0,-61
1754122635.15946,-3,0,-67
1754122635.19846,-4,-5,-63
1754122635.23446,11,-1,-62
1754122635.27246,6,-3,-66
1754122635.31046,5,-1,-72
1754122635.34946,-1,-3,-67
1754122635.38746,0,2,-63
1754122635.42346,-1,-6,-76
1754122635.46146,-2,-2,-69
1754122635.50046,0,-3,-48
1754122635.53846,7,-1,-56
1754122635.57446,4,-1,-58
1754122635.61346,-2,-1,-52
1754122635.65046,-5,-2,-45
1754122635.68946,-9,3,-60
1754122635.72746,-7,-2,-70
1754122635.76446,-4,-2,-64
1754122635.8024602,-1,-6,-58
1754122635.84146,1,-12,-72
1754122635.87946,3,1,-65
1754122635.91546,-5,-4,-68
1754122635.95446,-7,3,-63
1754122635.99146,0,-7,-72
1754122636.0294602,0,0,-73
1754122636.06846,-5,1,-56
1754122636.10446,-1,1,-59
1754122636.14246,0,9,-55
1754122636.18046,-1,8,-69
1754122636.21946,-3,-3,-65
1754122636.25546,-4,2,-66
1754122636.29346,-4,4,-58
1754122636.33146,-1,-6,-66
1754122636.37046,5,-5,-61
1754122636.40846,0,0,-47
1754122636.4444602,0,-1,-44
1754122636.4834602,-1,-2,-51
1754122636.52046,-6,-3,-63
1754122636.5594602,2,-4,-62
1754122636.5954602,0,-6,-67
1754122636.63346,5,-8,-54
1754122636.6714602,3,-7,-53
1754122636.70946,-4,-5,-57
1754122636.74846,1,-5,-54
1754122636.78446,6,-5,-56
1754122636.82346,-2,-4,-62
1754122636.86046,-2,-5,-60
1754122636.89946,0,-2,-69
1754122636.93546,-4,-7,-70
1754122636.97446,1,0,-63
1754122637.01146,-2,-2,-63
1754122637.05046,0,5,-70
1754122637.0884602,2,-4,-64
1754122637.12446,-5,0,-67
1754122637.16246,0,0,-60
1754122637.2004602,1,-4,-64
1754122637.23946,1,-3,-61
1754122637.27546,6,0,-64
1754122637.3124602,-2,-6,-65
1754122637.35046,0,-2,-63
1754122637.38946,0,-4,-58
1754122637.42546,-1,-5,-44
1754122637.4634602,4,-1,-50
1754122637.50146,-4,-3,-52
1754122637.54046,-8,-2,-54
1754122637.57846,-6,-5,-69
1754122637.61446,-2,0,-70
1754122637.65246,-1,-4,-67
1754122637.6904602,-6,-6,-64
1754122637.72946,0,-8,-62
1754122637.76546,11,1,-64
1754122637.8024602,11,-2,-74
1754122637.84046,-3,0,-68
1754122637.87946,0,-2,-66
1754122637.91546,-6,-6,-61
1754122637.95346,-5,-2,-55
1754122637.99146,-3,2,-68
1754122638.03046,2,-2,-63
1754122638.06646,3,2,-59
1754122638.10346,5,-1,-54
1754122638.1414602,-2,-3,-55
1754122638.18046,-4,1,-56
1754122638.21646,-1,-4,-55
1754122638.25446,1,0,-81
1754122638.2924602,2,-5,-81
1754122638.33046,-5,-10,-66
1754122638.36946,-6,-1,-71
1754122638.40546,-3,1,-68
1754122638.44346,5,-8,-64
1754122638.48146,4,-5,-63
1754122638.52046,4,-2,-63
1754122638.55646,-10,3,-63
1754122638.59446,0,0,-60
1754122638.63346,1,0,-60
1754122638.67046,3,2,-63
1754122638.70946,1,2,-57
1754122638.74546,0,4,-65
1754122638.78346,-3,0,-64
1754122638.82146,-7,-1,-63
1754122638.86046,-2,-4,-61
1754122638.89646,2,0,-51
1754122638.93346,-1,6,-62
1754122638.97146,2,9,-64
1754122639.01046,10,-3,-73
1754122639.0464602,4,2,-64
1754122639.08346,-6,-1,-54
1754122639.1214602,-1,0,-62
1754122639.16046,3,5,-63
1754122639.19646,-1,4,-57
1754122639.23446,0,0,-58
1754122639.27246,1,2,-55
1754122639.31146,0,1,-56
1754122639.34946,-5,-1,-51
1754122639.38546,-4,-3,-57
1754122639.42346,0,-6,-57
1754122639.46146,0,-4,-61
1754122639.50046,0,-3,-52
1754122639.5364602,-6,4,-54
1754122639.57446,-2,6,-65
1754122639.61246,2,3,-63
1754122639.6514602,5,0,-67
1754122639.68946,-2,0,-55
1754122639.72546,-2,-1,-57
1754122639.7634602,2,-8,-65
1754122639.80146,4,-8,-68
1754122639.84046,-6,-3,-59
1754122639.87646,-1,0,-50
1754122639.9144602,0,-4,-64
1754122639.95246,3,0,-53
1754122639.99146,0,-2,-56
1754122640.0294602,-7,-4,-56
1754122640.0654602,0,0,-54
1754122640.10346,1,3,-63
1754122640.1414602,-1,2,-66
1754122640.18046,-7,4,-66
1754122640.21646,-4,1,-65
1754122640.25446,-1,4,-72
1754122640.2924602,0,0,-69
1754122640.33146,0,3,-65
1754122640.36746,1,0,-63
1754122640.4044602,1,1,-72
1754122640.44246,-3,6,-65
1754122640.48146,5,-1,-62
1754122640.51746,0,0,-60
1754122640.55546,6,0,-65
1754122640.59346,7,5,-68
1754122640.6314602,-2,-8,-72
1754122640.67046,-1,-2,-69
1754122640.70646,2,-6,-60
1754122640.74446,-2,-3,-66
1754122640.78346,0,1,-63
1754122640.82146,0,1,-66
1754122640.85746,1,1,-66
1754122640.8944602,-3,0,-57
1754122640.93246,-2,-1,-61
1754122640.97146,0,1,-69
1754122641.00746,0,0,-69
1754122641.04446,4,-8,-69
1754122641.0824602,-4,4,-68
1754122641.1214602,-4,-1,-61
1754122641.1574602,-6,0,-60
1754122641.19646,-6,-3,-67
1754122641.2334602,-5,-3,-56
1754122641.27146,-3,-2,-58
1754122641.31046,-5,5,-65
1754122641.34646,-1,4,-62
1754122641.38346,-4,0,-79
1754122641.42246,3,0,-70
1754122641.4604602,0,-4,-72
1754122641.4964602,-1,-3,-70
1754122641.5424602,-2,1,-67
1754122641.58046,3,1,-71
1754122641.61646,10,-2,-65
1754122641.6544602,-1,-3,-59
1754122641.69246,-6,-1,-60
1754122641.73146,3,1,-59
1754122641.76746,-3,0,-69
1754122641.80546,-2,0,-69
1754122641.84346,4,1,-63
1754122641.88246,0,-1,-62
1754122641.92046,-3,-9,-61
1754122641.95646,-8,-4,-60
1754122641.99446,-1,-5,-58
1754122642.03346,-3,3,-64
1754122642.07146,5,-1,-51
1754122642.10746,-1,3,-59
1754122642.1444602,2,1,-58
1754122642.18246,4,-3,-64
1754122642.22146,6,0,-64
1754122642.25746,-1,0,-60
1754122642.29446,3,0,-66
1754122642.33346,-2,1,-69
1754122642.3714602,-5,3,-71
1754122642.4074602,-1,0,-60
1754122642.4444602,-10,3,-58
1754122642.4834602,1,2,-67
1754122642.52146,5,0,-71
1754122642.55746,3,-2,-67
1754122642.59446,5,0,-56
1754122642.63346,-4,2,-67
1754122642.6714602,0,3,-73
1754122642.7074602,-2,-1,-74
1754122642.7464602,-4,-1,-77
1754122642.78346,2,-3,-63
1754122642.8224602,6,-1,-65
1754122642.8584602,0,0,-64
1754122642.89646,-1,-2,-55
1754122642.93346,-1,-2,-52
1754122642.97246,-5,0,-60
1754122643.00846,-1,-4,-64
1754122643.0464602,-1,-11,-59
1754122643.0854602,0,-5,-57
1754122643.12246,-2,-4,-58
1754122643.1614602,0,-8,-63
1754122643.1974602,0,-2,-58
1754122643.23546,-4,4,-51
1754122643.27346,1,-2,-51
1754122643.3124602,-2,-3,-65
1754122643.3484602,-2,1,-67
1754122643.38746,-2,-2,-62
1754122643.4244602,-1,-1,-56
1754122643.46246,-4,0,-70
1754122643.50146,-9,-1,-71
1754122643.53746,-3,-1,-62
1754122643.5754602,-2,0,-67
1754122643.61346,-3,0,-52
1754122643.65246,-1,3,-64
1754122643.68846,7,0,-69
1754122643.72646,6,-5,-65
1754122643.76446,-3,-9,-56
1754122643.80346,-3,-3,-59
1754122643.84146,2,1,-75
1754122643.87746,-3,3,-66
1754122643.91646,-6,0,-71
1754122643.95346,-1,-4,-60
1754122643.99246,1,-4,-63
1754122644.02846,0,-7,-58
1754122644.06646,6,-6,-67
1754122644.10446,0,0,-64
1754122644.14346,-7,-1,-69
1754122644.18146,-5,0,-65
1754122644.2174602,6,-3,-61
1754122644.25446,2,-2,-60
1754122644.29346,3,1,-58
1754122644.33146,0,4,-61
1754122644.36746,0,2,-58
1754122644.40546,-6,1,-53
1754122644.44346,3,-1,-69
1754122644.48246,1,0,-64
1754122644.51846,2,5,-64
1754122644.55546,7,3,-61
1754122644.59346,2,0,-60
1754122644.63246,-3,-3,-68
1754122644.66846,0,0,-57
1754122644.7074602,5,-4,-50
1754122644.74446,2,0,-60
1754122644.78346,0,4,-57
1754122644.82146,1,-2,-55
1754122644.85746,-1,-2,-56
1754122644.89646,2,0,-59
1754122644.93346,3,3,-56
1754122644.97246,3,0,-53
1754122645.00846,7,0,-61
1754122645.0464602,5,-5,-61
1754122645.08346,4,5,-67
1754122645.12246,-1,6,-64
1754122645.15846,1,5,-65
1754122645.19646,1,-3,-55
1754122645.2334602,2,3,-57
1754122645.27246,-1,0,-63
1754122645.30846,4,4,-67
1754122645.34646,2,7,-74
1754122645.38346,5,-1,-67
1754122645.42246,0,-1,-63
1754122645.45846,-3,5,-62
1754122645.4964602,2,3,-63
1754122645.53446,0,4,-56
1754122645.57346,-5,0,-58
1754122645.60946,-7,3,-62
1754122645.64746,-5,3,-59
1754122645.68546,-3,4,-65
1754122645.7234602,0,4,-65
1754122645.76246,5,1,-54
1754122645.79846,-4,4,-57
1754122645.83746,-3,-2,-68
1754122645.87446,-3,-9,-62
1754122645.91346,-2,-7,-67
1754122645.94946,1,-6,-66
1754122645.98746,-6,0,-70
1754122646.02546,-7,3,-65
1754122646.06446,-1,4,-53
1754122646.10246,-3,-3,-70
1754122646.1384602,0,0,-69
1754122646.17546,0,-5,-64
1754122646.21446,-3,-4,-68
1754122646.25246,-3,5,-57
1754122646.28846,-5,4,-60
1754122646.32646,0,-1,-56
1754122646.36446,5,0,-55
1754122646.40346,1,0,-69
1754122646.43946,1,-5,-62
1754122646.47746,2,-2,-60
1754122646.51546,0,2,-70
1754122646.55446,11,-1,-68
1754122646.5924602,-1,-5,-66
1754122646.6284602,4,-5,-76
1754122646.66646,-2,-2,-65
1754122646.70446,1,-5,-59
1754122646.7434602,-5,-9,-53
1754122646.7794602,-8,-9,-61
1754122646.81746,-4,0,-64
1754122646.8554602,-4,-4,-68
1754122646.8944602,0,-6,-76
1754122646.93246,2,-3,-66
1754122646.96846,-4,-4,-77
1754122647.0064602,-1,-3,-65
1754122647.04446,0,-5,-67
1754122647.08346,-2,0,-68
1754122647.11946,-3,0,-63
1754122647.1574602,0,-3,-60
1754122647.19646,-2,-1,-72
1754122647.23446,-4,0,-73
1754122647.27246,-1,0,-68
1754122647.30846,0,-1,-74
1754122647.34646,0,0,-60
1754122647.3844602,-6,-2,-36
1754122647.42046,-6,-3,-48
1754122647.45846,-11,-5,-63
1754122647.4964602,-3,-8,-58
1754122647.53446,7,-1,-61
1754122647.57346,6,-3,-57
1754122647.60946,-3,-1,-70
1754122647.64746,-2,-3,-68
1754122647.68546,0,0,-66
1754122647.72446,0,-7,-54
1754122647.76046,-4,-5,-66
1754122647.79846,-6,-4,-74
1754122647.83746,2,0,-73
1754122647.87446,-4,3,-61
1754122647.91346,-4,-1,-68
1754122647.94946,-8,0,-64
1754122647.98746,-8,-2,-73
1754122648.02546,-2,0,-68
1754122648.06446,6,0,-58
1754122648.10046,-7,-2,-73
1754122648.1384602,-2,1,-64
1754122648.17646,-4,-2,-58
1754122648.21446,-3,5,-58
1754122648.2534602,0,3,-70
1754122648.2894602,-3,2,-68
1754122648.32746,-7,-2,-64
1754122648.3654602,-3,-1,-71
1754122648.4044602,-3,-2,-65
1754122648.4404602,0,4,-61
1754122648.47746,10,2,-62
1754122648.51546,2,-7,-53
1754122648.55446,-1,-8,-49
1754122648.59046,0,-2,-47
1754122648.6284602,0,0,-55
1754122648.66546,-2,-1,-56
1754122648.70446,-3,0,-54
1754122648.7404602,-2,-1,-64
1754122648.77846,-1,0,-65
1754122648.81646,4,7,-56
1754122648.8554602,-5,1,-58
1754122648.89346,-1,0,-58
1754122648.92946,4,0,-62
1754122648.9674602,-5,-3,-62
1754122649.00546,0,0,-57
1754122649.04446,-9,0,-62
1754122649.08046,0,1,-72
1754122649.11746,0,-3,-59
1754122649.15546,-6,-5,-59
1754122649.1944602,-16,2,-65
1754122649.2304602,-4,2,-63
1754122649.26846,-5,2,-64
1754122649.30646,1,-2,-74
1754122649.3454602,4,1,-68
1754122649.38346,0,-2,-62
1754122649.41946,-1,0,-63
1754122649.4574602,1,-3,-54
1754122649.4964602,0,-1,-58
1754122649.53446,0,-3,-67
1754122649.57046,-3,-5,-62
1754122649.6084602,-1,-2,-50
1754122649.64646,-2,-4,-58
1754122649.68546,0,1,-68
1754122649.72146,-4,-1,-60
1754122649.7594602,-4,3,-70
1754122649.79746,1,-2,-64
1754122649.8354602,0,0,-74
1754122649.87446,-6,4,-64
1754122649.91046,-6,-2,-69
1754122649.94846,-4,-4,-71
1754122649.9864602,0,1,-67
1754122650.02546,2,1,-67
1754122650.06146,0,-5,-69
1754122650.10046,-1,-1,-70
1754122650.13746,6,-5,-63
1754122650.17546,0,-2,-59
1754122650.21446,5,-4,-56
1754122650.25046,0,-1,-57
1754122650.28846,-2,2,-67
1754122650.32646,-6,-1,-65
1754122650.3654602,-8,0,-70
1754122650.4014602,5,0,-63
1754122650.43946,-6,-4,-57
1754122650.47846,-4,-3,-51
1754122650.51546,-3,3,-73
1754122650.55446,-2,0,-65
1754122650.59046,0,-5,-55
1754122650.6284602,-5,-11,-58
1754122650.66646,-5,-5,-65
1754122650.70546,0,-2,-59
1754122650.74146,0,2,-62
1754122650.77846,-10,2,-59
1754122650.81646,1,-2,-53
1754122650.8554602,3,1,-59
1754122650.8914602,2,3,-57
1754122650.92846,4,-1,-67
1754122650.96646,-6,-1,-61
1754122651.00546,-1,-1,-73
1754122651.04146,-2,1,-66
1754122651.07946,0,1,-63
1754122651.11746,1,0,-67
1754122651.15646,12,-2,-58
1754122651.1944602,7,-1,-61
1754122651.2304602,-1,-2,-71
1754122651.26846,-8,-2,-57
1754122651.30746,0,1,-58
1754122651.3454602,0,0,-59
1754122651.3814602,3,0,-58
1754122651.41946,3,-3,-65
1754122651.4574602,0,0,-59
1754122651.4964602,4,-1,-62
1754122651.53446,-4,-3,-61
1754122651.57946,-10,5,-58
1754122651.61646,1,7,-63
1754122651.65546,-2,0,-72
1754122651.69146,-3,-3,-71
1754122651.72946,0,-5,-65
1754122651.76746,2,-7,-65
1754122651.80646,2,-5,-68
1754122651.8424602,-6,-1,-69
1754122651.88046,0,-2,-60
1754122651.91946,1,-7,-66
1754122651.9574602,-3,-4,-55
1754122651.99546,-17,-2,-62
1754122652.0324602,-5,3,-56
1754122652.07046,0,1,-64
1754122652.10746,-1,-5,-59
1754122652.14646,-9,-1,-71
1754122652.18546,-1,3,-62
1754122652.22146,-4,-2,-66
1754122652.2594602,-3,0,-70
1754122652.29746,6,2,-63
1754122652.33646,0,0,-68
1754122652.37246,-5,2,-63
1754122652.4114602,-4,0,-51
1754122652.44846,-1,0,-59
1754122652.48746,6,2,-68
1754122652.52546,4,2,-62
1754122652.56146,5,0,-62
1754122652.59946,0,2,-70
1754122652.63646,-7,4,-66
1754122652.67546,0,0,-57
1754122652.71146,-1,-4,-58
1754122652.74946,3,-5,-57
1754122652.78746,3,-6,-61
1754122652.82646,-3,-1,-61
1754122652.86246,-3,6,-67
1754122652.90046,-3,1,-60
1754122652.93846,-6,3,-61
1754122652.97746,-6,5,-69
1754122653.01546,-4,7,-65
1754122653.05146,0,4,-61
1754122653.0884602,-1,-2,-63
1754122653.12746,-8,2,-52
1754122653.16546,-5,0,-64
1754122653.20146,-1,-3,-64
1754122653.23846,1,0,-61
1754122653.27746,-1,2,-63
1754122653.3154602,0,6,-68
1754122653.35146,4,3,-61
1754122653.39046,0,3,-52
1754122653.4274602,-1,-1,-65
1754122653.46646,-5,-5,-61
1754122653.50246,-6,1,-48
1754122653.54046,2,-2,-56
1754122653.57846,-3,0,-66
1754122653.61746,1,0,-78
1754122653.65546,2,-3,-68
1754122653.69146,0,-4,-73
1754122653.72946,4,-4,-58
1754122653.76746,-4,-4,-65
1754122653.80646,0,-1,-59
1754122653.8424602,0,-2,-64
1754122653.88046,0,-1,-55
1754122653.91846,-2,-3,-58
1754122653.9574602,2,0,-53
1754122653.99546,-5,-2,-56
1754122654.0324602,0,0,-66
1754122654.07046,-2,-2,-69
1754122654.10746,2,-1,-74
1754122654.14646,4,0,-61
1754122654.18246,0,-1,-80
1754122654.21946,0,-1,-60
1754122654.25746,1,0,-61
1754122654.2964602,-7,-2,-66
1754122654.3324602,-4,-2,-72
1754122654.37046,-2,2,-62
1754122654.40846,-4,1,-57
1754122654.4474602,2,-1,-69
1754122654.4834602,0,-3,-75
1754122654.52146,-1,-3,-60
1754122654.5594602,0,-1,-67
1754122654.59746,7,-4,-67
1754122654.63646,4,1,-56
1754122654.67246,5,-1,-60
1754122654.7104602,-3,0,-56
1754122654.74846,-1,3,-46
1754122654.78746,-8,0,-61
1754122654.82346,-6,-1,-60
1754122654.8614602,-7,3,-63
1754122654.89946,-2,6,-61
1754122654.9374602,-5,-5,-59
1754122654.97646,4,-9,-67
1754122655.01246,0,-4,-63
1754122655.0494602,-3,-5,-61
1754122655.08746,-1,-3,-77
1754122655.12646,0,4,-73
1754122655.16246,3,4,-67
1754122655.19946,5,-2,-62
1754122655.23846,5,-3,-60
1754122655.2764602,-10,-5,-66
1754122655.3124602,-3,-2,-69
1754122655.35046,-2,-3,-67
1754122655.3884602,-4,0,-55
1754122655.4274602,-6,-1,-58
1754122655.4634602,-3,7,-68
1754122655.50146,1,2,-60
1754122655.5394602,4,5,-66
1754122655.57846,3,1,-75
1754122655.61646,6,2,-56
1754122655.65246,-3,-3,-61
1754122655.6904602,-2,0,-66
1754122655.72846,-7,4,-45
1754122655.76746,-3,4,-57
1754122655.80346,-4,0,-61
1754122655.84146,-1,4,-74
1754122655.87946,4,2,-57
1754122655.91846,1,3,-66
1754122655.95646,0,0,-69
1754122655.99246,-3,1,-72
1754122656.03146,2,0,-77
1754122656.0694602,-5,0,-68
1754122656.10746,1,2,-67
1754122656.14346,0,4,-68
1754122656.18146,-5,0,-64
1754122656.21846,0,-3,-69
1754122656.25746,0,3,-73
1754122656.29446,-4,7,-70
1754122656.33146,-8,0,-74
1754122656.36946,-2,1,-57
1754122656.40846,-3,0,-74
1754122656.4444602,-3,-4,-62
1754122656.48246,-5,-3,-66
1754122656.52046,3,0,-63
1754122656.55846,0,8,-71
1754122656.59746,0,0,-74
1754122656.63346,0,-3,-67
1754122656.6714602,-4,-3,-78
1754122656.70946,-8,5,-60
1754122656.74846,0,0,-63
1754122656.78446,0,-5,-55
1754122656.8224602,-2,-4,-72
1754122656.86046,-7,0,-68
1754122656.89846,-10,-1,-64
1754122656.9374602,-4,-3,-69
1754122656.9734602,-6,-6,-60
1754122657.01146,-3,3,-68
1754122657.05046,-1,0,-67
1754122657.0884602,-3,4,-68
1754122657.12446,-8,0,-63
1754122657.16246,-2,1,-70
1754122657.2004602,-5,0,-63
1754122657.23846,-10,-3,-67
1754122657.27746,0,3,-56
1754122657.31346,-3,1,-53
1754122657.35146,4,-4,-69
1754122657.38946,3,-7,-71
1754122657.42846,4,0,-54
1754122657.46446,3,1,-57
1754122657.50146,1,1,-61
1754122657.5394602,0,-2,-77
1754122657.57846,-3,-2,-67
1754122657.61446,2,-3,-74
1754122657.65246,2,0,-55
1754122657.6904602,-1,2,-60
1754122657.72946,4,9,-50
1754122657.76746,10,7,-57
1754122657.80346,0,6,-55
1754122657.84046,0,6,-55
1754122657.87946,2,-7,-61
1754122657.9174602,0,-1,-62
1754122657.95346,0,-2,-76
1754122657.99146,-2,-2,-55
1754122658.0294602,0,-1,-64
1754122658.06846,0,1,-81
1754122658.10446,-6,5,-71
1754122658.1414602,0,7,-69
1754122658.18046,0,10,-60
1754122658.21846,-2,5,-62
1754122658.25446,3,2,-67
1754122658.29146,0,5,-62
1754122658.33046,-3,0,-55
1754122658.3684602,0,0,-53
1754122658.4044602,3,3,-65
1754122658.44146,5,-1,-61
1754122658.4804602,1,-5,-62
1754122658.51846,0,-7,-67
1754122658.55446,-1,-7,-57
1754122658.59346,8,-3,-64
1754122658.63046,7,-7,-67
1754122658.66946,0,-4,-60
1754122658.70546,-4,-4,-64
1754122658.7434602,0,-4,-67
1754122658.78146,0,6,-70
1754122658.8194602,-6,6,-73
1754122658.8584602,-8,5,-76
1754122658.8944602,-2,-2,-69
1754122658.93246,-7,2,-65
1754122658.9704602,2,-1,-70
1754122659.0094602,4,0,-74
1754122659.04546,5,-3,-77
1754122659.08346,6,0,-61
1754122659.1214602,1,-3,-57
1754122659.15946,-2,-6,-71
1754122659.19846,-5,-1,-76
1754122659.23446,-8,-6,-73
1754122659.27246,2,0,-67
1754122659.31046,4,2,-63
1754122659.34946,-2,0,-57
1754122659.38546,0,-3,-58
1754122659.42346,-4,-2,-64
1754122659.46146,-3,6,-83
1754122659.49946,-3,2,-61
1754122659.53846,-1,-1,-62
1754122659.57446,0,-4,-66
1754122659.61346,0,0,-70
1754122659.65046,7,0,-69
1754122659.68946,7,0,-70
1754122659.72646,2,2,-65
1754122659.7634602,-5,4,-67
1754122659.80146,-7,1,-66
1754122659.84046,1,0,-57
1754122659.8784602,2,-3,-63
1754122659.9144602,0,-5,-58
1754122659.95246,2,-3,-57
1754122659.9904602,-2,-2,-63
1754122660.0294602,-1,1,-61
1754122660.0654602,0,1,-61
1754122660.10246,0,-4,-72
1754122660.1414602,-4,-2,-72
1754122660.17946,-5,3,-74
1754122660.21546,-1,2,-58
1754122660.2534602,-8,0,-61
1754122660.2924602,-4,-1,-53
1754122660.33046,1,-1,-62
1754122660.3684602,0,0,-55
1754122660.4044602,-9,-3,-64
1754122660.44246,0,2,-68
1754122660.4804602,4,1,-73
1754122660.5194602,5,6,-67
1754122660.55546,2,7,-66
1754122660.5924602,2,2,-69
1754122660.63046,0,0,-72
1754122660.66946,0,0,-73
1754122660.70546,3,0,-63
1754122660.74246,-2,3,-71
1754122660.78046,-1,-2,-75
1754122660.8194602,2,3,-67
1754122660.8554602,-1,0,-61
1754122660.89346,0,0,-68
1754122660.93146,4,4,-75
1754122660.9704602,1,3,-68
1754122661.00846,8,0,-56
1754122661.04446,-3,-3,-71
1754122661.0824602,-1,-3,-62
1754122661.12046,-3,-6,-53
1754122661.15946,2,1,-54
1754122661.19546,-2,0,-56
1754122661.2334602,0,5,-60
1754122661.27146,-1,0,-69
1754122661.31046,0,4,-57
1754122661.34646,-3,1,-60
1754122661.38346,-4,0,-51
1754122661.4214602,-1,-4,-52
1754122661.4604602,1,0,-56
1754122661.4964602,8,-8,-63
1754122661.53446,5,-1,-62
1754122661.5724602,0,-6,-53
1754122661.61646,-3,-5,-65
1754122661.6544602,0,-4,-58
1754122661.69246,7,-6,-69
1754122661.73146,6,-11,-67
1754122661.7694602,3,-4,-76
1754122661.80546,-2,-6,-71
1754122661.84346,-7,4,-59
1754122661.88246,0,0,-60
1754122661.92046,1,-5,-56
1754122661.95646,-2,0,-57
1754122661.99446,-6,-2,-72
1754122662.0324602,-2,-4,-71
1754122662.07146,-2,-2,-69
1754122662.10946,-2,0,-64
1754122662.14546,0,5,-70
1754122662.18246,-2,0,-66
1754122662.22146,-2,-4,-62
1754122662.2594602,4,-7,-64
1754122662.29546,7,0,-62
1754122662.3324602,1,4,-61
1754122662.3714602,1,0,-53
1754122662.40946,4,-2,-51
1754122662.44546,5,-9,-57
1754122662.4834602,1,-5,-52
1754122662.52146,3,-1,-60
1754122662.56046,0,-2,-64
1754122662.59646,-1,1,-56
1754122662.63546,0,3,-69
1754122662.67246,-2,0,-57
1754122662.71146,-2,0,-60
1754122662.74946,-17,-3,-62
1754122662.78546,-8,-5,-66
1754122662.82446,-5,-6,-61
1754122662.8614602,-4,-1,-62
1754122662.90046,0,1,-71
1754122662.93646,0,1,-78
1754122662.97446,5,-3,-67
1754122663.01146,0,0,-63
1754122663.05046,-1,-6,-75
1754122663.08646,-3,5,-64
1754122663.12446,0,1,-68
1754122663.1614602,2,-2,-54
1754122663.2004602,7,-5,-57
1754122663.2364602,1,-6,-64
1754122663.27446,0,-4,-61
1754122663.3124602,-2,-4,-58
1754122663.35146,3,-3,-67
1754122663.38746,0,1,-66
1754122663.4244602,0,-2,-66
1754122663.46246,-9,-3,-64
1754122663.50146,-5,-5,-51
1754122663.53746,0,-6,-61
1754122663.57446,0,-1,-68
1754122663.61246,0,0,-54
1754122663.6514602,5,3,-60
1754122663.6874602,1,8,-58
1754122663.72446,4,-1,-64
1754122663.76246,4,0,-55
1754122663.80146,0,-5,-59
1754122663.83746,5,-4,-66
1754122663.87446,0,-4,-59
1754122663.91246,0,-9,-50
1754122663.95146,-2,0,-55
1754122663.98746,-4,7,-47
1754122664.02446,0,5,-65
1754122664.0624602,4,-3,-67
1754122664.10146,3,3,-65
1754122664.13746,1,-1,-62
1754122664.1744602,-6,-2,-71
1754122664.21246,1,0,-64
1754122664.25146,-2,-2,-68
1754122664.28746,-1,-4,-70
1754122664.3254602,-8,-6,-60
1754122664.36346,-2,-4,-60
1754122664.4014602,0,-6,-64
1754122664.4374602,0,0,-58
1754122664.47446,0,-4,-62
1754122664.51246,-4,-4,-60
1754122664.55146,-1,-4,-55
1754122664.58746,0,-8,-50
1754122664.62546,-1,-2,-55
1754122664.66346,-1,-7,-65
1754122664.70246,-8,-5,-48
1754122664.7404602,-3,-3,-50
1754122664.7764602,0,-6,-60
1754122664.81446,2,2,-71
1754122664.85246,-2,-5,-71
1754122664.8914602,-6,-10,-62
1754122664.9274602,-11,2,-64
1754122664.96546,-6,1,-78
1754122665.0034602,-11,-2,-68
1754122665.0424602,0,-4,-58
1754122665.08046,-7,2,-73
1754122665.11746,5,2,-58
1754122665.15546,-4,-6,-69
1754122665.19246,-1,-3,-65
1754122665.23146,0,-3,-59
1754122665.26746,-3,-2,-59
1754122665.30546,-1,-3,-60
1754122665.34346,0,-4,-63
1754122665.38246,0,-2,-66
1754122665.42046,-1,2,-65
1754122665.45646,0,-5,-61
1754122665.49446,2,-5,-61
1754122665.5324602,3,-3,-70
1754122665.57146,1,-5,-62
1754122665.60746,0,-4,-57
1754122665.64546,0,2,-48
1754122665.68346,-6,1,-64
1754122665.72246,-8,-2,-67
1754122665.75846,-7,-3,-68
1754122665.7964602,4,0,-71
1754122665.83446,-7,5,-62
1754122665.87346,2,2,-61
1754122665.9114602,0,-5,-64
1754122665.9474602,-3,-4,-62
1754122665.98546,3,-1,-64
1754122666.02346,-1,-3,-52
1754122666.0624602,-2,-5,-65
1754122666.0984602,2,0,-61
1754122666.13546,4,1,-59
1754122666.17346,8,-1,-62
1754122666.21246,5,0,-51
1754122666.24846,0,0,-55
1754122666.28546,1,-2,-60
1754122666.32346,-1,-5,-56
1754122666.36246,-4,2,-64
1754122666.39846,-1,3,-56
1754122666.43646,-4,1,-59
1754122666.47446,1,-1,-53
1754122666.51246,0,-3,-49
1754122666.55146,0,0,-57
1754122666.58746,-2,-2,-56
1754122666.62646,2,4,-58
1754122666.6644602,-3,4,-51
1754122666.70246,5,-1,-64
1754122666.73846,-3,5,-62
1754122666.7764602,1,4,-57
1754122666.81446,-2,-2,-53
1754122666.85346,-4,0,-61
1754122666.8914602,0,-1,-55
1754122666.9274602,-3,-1,-63
1754122666.96546,-5,-3,-55
1754122667.0034602,4,0,-60
1754122667.0424602,1,1,-61
1754122667.07846,3,1,-67
1754122667.11646,0,0,-58
1754122667.1544602,2,2,-57
1754122667.19346,4,-3,-67
1754122667.23146,-4,-4,-56
1754122667.26746,3,0,-54
1754122667.30446,0,2,-58
1754122667.34346,6,5,-56
1754122667.3814602,4,-1,-51
1754122667.4174602,3,-10,-59
1754122667.45546,4,-4,-53
1754122667.4934602,3,-2,-55
1754122667.5324602,1,-4,-62
1754122667.56846,5,-7,-74
1754122667.60646,2,-6,-60
1754122667.64546,0,-4,-50
1754122667.68346,0,-2,-71
1754122667.72146,7,-9,-64
1754122667.75746,4,-2,-66
1754122667.7964602,-4,-2,-62
1754122667.83346,4,2,-73
1754122667.87246,4,3,-65
1754122667.90846,3,2,-66
1754122667.94646,5,-5,-62
1754122667.9834602,-5,1,-68
1754122668.02246,-4,3,-73
1754122668.05846,-2,3,-65
1754122668.09646,-4,1,-58
1754122668.1344602,-2,-5,-64
1754122668.17346,0,-5,-53
1754122668.20946,4,-5,-60
1754122668.24746,3,-9,-62
1754122668.28546,-1,-4,-64
1754122668.32346,-4,0,-67
1754122668.36246,-2,-2,-65
1754122668.39846,-2,1,-68
1754122668.4374602,0,0,-63
1754122668.47446,-1,-4,-63
1754122668.5134602,3,0,-55
1754122668.5494602,-5,0,-56
1754122668.58746,2,3,-56
1754122668.62546,-5,0,-63
1754122668.66346,-13,1,-68
1754122668.70246,-7,1,-70
1754122668.73846,2,0,-70
1754122668.77546,4,1,-58
1754122668.81446,-3,-1,-57
1754122668.85246,-3,0,-51
1754122668.8884602,-5,-9,-50
1754122668.92646,2,-4,-54
1754122668.96446,-6,-6,-60
1754122669.0034602,-5,1,-60
1754122669.0394602,0,4,-63
1754122669.07646,4,3,-60
1754122669.11446,0,0,-71
1754122669.15346,2,5,-51
1754122669.18946,-1,4,-55
1754122669.22846,-6,3,-64
1754122669.26546,1,-1,-63
1754122669.30446,9,0,-64
1754122669.3424602,5,1,-72
1754122669.3784602,-6,0,-70
1754122669.41646,0,0,-64
1754122669.45446,6,6,-73
1754122669.4934602,-1,0,-68
1754122669.5294602,-2,0,-62
1754122669.56746,-8,-5,-69
1754122669.6054602,-8,-1,-73
1754122669.6444602,-1,-5,-56
1754122669.68246,-1,0,-63
1754122669.71846,-3,3,-62
1754122669.7564602,-3,0,-66
1754122669.79446,-5,-4,-64
1754122669.83346,-4,-7,-57
1754122669.86946,-1,3,-68
1754122669.90846,4,3,-60
1754122669.94546,15,4,-66
1754122669.98446,12,0,-72
1754122670.02246,4,3,-66
1754122670.05846,0,-8,-77
1754122670.09646,-2,-9,-82
1754122670.1344602,0,9,-61
1754122670.17346,0,4,-51
1754122670.20946,-3,7,-61
1754122670.24746,-4,7,-73
1754122670.28546,2,0,-64
1754122670.32446,1,0,-70
1754122670.36046,-5,-3,-71
1754122670.39946,-8,6,-84
1754122670.43646,0,12,-72
1754122670.47446,1,-2,-64
1754122670.5134602,-8,2,-59
1754122670.5494602,-6,2,-76
1754122670.58646,-6,-1,-79
1754122670.62446,-7,-4,-66
1754122670.66346,-2,4,-66
1754122670.69946,5,0,-69
1754122670.7364602,3,5,-66
1754122670.77446,-2,6,-75
1754122670.81346,2,-1,-65
1754122670.84946,3,0,-67
1754122670.88746,2,6,-74
1754122670.9244602,-1,-1,-66
1754122670.9634602,-3,3,-60
1754122670.99946,-1,2,-66
1754122671.03746,0,1,-56
1754122671.07446,-3,-6,-61
1754122671.11346,-1,-5,-67
1754122671.14946,-3,-2,-63
1754122671.1874602,-4,1,-64
1754122671.22546,-4,0,-70
1754122671.26446,2,0,-72
1754122671.30046,-1,0,-65
1754122671.33746,2,-3,-51
1754122671.37546,1,-2,-58
1754122671.4144602,6,-2,-63
1754122671.4504602,9,-2,-54
1754122671.48846,4,-4,-65
1754122671.5264602,-4,-3,-64
1754122671.5654602,-4,0,-60
1754122671.60346,3,-1,-69
1754122671.64746,6,-2,-56
1754122671.68546,9,-3,-53
1754122671.72446,7,-2,-57
1754122671.76046,7,-11,-60
1754122671.79846,-4,-3,-71
1754122671.83746,-4,1,-71
1754122671.87546,-2,-2,-71
1754122671.91346,-8,0,-69
1754122671.94946,-8,3,-65
1754122671.98746,0,2,-46
1754122672.0264602,11,7,-57
1754122672.06446,2,3,-53
1754122672.10046,-3,-1,-56
1754122672.1384602,0,0,-63
1754122672.17646,1,10,-69
1754122672.21546,5,7,-81
1754122672.2534602,1,3,-68
1754122672.2894602,0,0,-64
1754122672.32646,-2,-5,-66
1754122672.3654602,0,-2,-67
1754122672.40346,4,1,-61
1754122672.43946,5,1,-73
1754122672.47746,2,0,-70
1754122672.51546,0,2,-64
1754122672.55146,-2,-4,-69
1754122672.59046,2,-2,-58
1754122672.62746,2,0,-59
1754122672.66546,1,0,-53
1754122672.70446,-4,-5,-58
1754122672.7404602,-6,-3,-52
1754122672.77846,2,0,-59
1754122672.81646,-3,0,-66
1754122672.8554602,-3,0,-70
1754122672.8914602,-5,-3,-62
1754122672.92946,1,-3,-63
1754122672.96846,-2,-3,-53
1754122673.00546,3,-1,-53
1754122673.04446,2,-2,-55
1754122673.08046,2,2,-67
1754122673.11746,2,4,-69
1754122673.15546,4,2,-71
1754122673.1944602,3,2,-75
1754122673.2304602,0,0,-69
1754122673.26846,-2,3,-57
1754122673.30546,1,10,-63
1754122673.34446,-1,5,-57
1754122673.38046,-6,3,-50
1754122673.41846,5,-1,-55
1754122673.45646,-3,1,-69
1754122673.49546,-4,-2,-66
1754122673.53146,1,-4,-74
1754122673.5694602,4,-4,-67
1754122673.60746,1,1,-66
1754122673.64646,2,2,-70
1754122673.6844602,-2,-1,-64
1754122673.7204602,3,0,-61
1754122673.75746,0,-3,-60
1754122673.7964602,0,1,-59
1754122673.83446,6,-2,-62
1754122673.87046,3,-4,-70
1754122673.90846,-1,-1,-62
1754122673.9474602,-1,-9,-59
1754122673.98546,0,0,-47
1754122674.02146,7,-3,-48
1754122674.0594602,4,2,-63
1754122674.0984602,7,0,-63
1754122674.13646,-3,-5,-64
1754122674.1744602,1,-1,-72
1754122674.2104602,1,1,-73
1754122674.24746,-2,-7,-69
1754122674.2864602,-3,0,-62
1754122674.32446,0,-1,-60
1754122674.36046,3,4,-63
1754122674.39746,5,3,-69
1754122674.43646,3,3,-59
1754122674.47446,-2,0,-70
1754122674.51046,-6,-1,-67
1754122674.54846,0,-2,-63
1754122674.58646,-3,-1,-69
1754122674.62546,4,-8,-56
1754122674.66246,1,0,-53
1754122674.69946,2,-1,-53
1754122674.73746,3,-1,-65
1754122674.7764602,0,0,-59
1754122674.8124602,1,1,-57
1754122674.84946,1,3,-49
1754122674.88746,1,-1,-59
1754122674.92646,-4,0,-59
1754122674.96246,-1,1,-60
1754122675.00046,-5,1,-72
1754122675.0394602,0,-5,-70
1754122675.07646,0,-5,-62
1754122675.1154602,2,-5,-55
1754122675.1514602,-4,-4,-62
1754122675.18946,-3,-2,-65
1754122675.22746,1,-4,-60
1754122675.2664602,5,-1,-66
1754122675.3024602,2,0,-70
1754122675.33946,0,-1,-66
1754122675.37746,0,-2,-65
1754122675.41646,1,-1,-54
1754122675.45246,1,-2,-60
1754122675.4904602,2,0,-70
1754122675.52846,-5,-2,-66
1754122675.56646,-6,0,-72
1754122675.6054602,-11,2,-64
1754122675.6414602,-6,5,-65
1754122675.68046,5,4,-63
1754122675.7174602,0,-5,-63
1754122675.7564602,10,-3,-52
1754122675.79346,8,0,-54
1754122675.83046,2,-4,-55
1754122675.86946,-7,0,-57
1754122675.9074602,-3,-1,-59
1754122675.94546,-2,-5,-59
1754122675.98146,0,-7,-66
1754122676.0194602,-11,-6,-59
1754122676.05746,-7,0,-60
1754122676.0954602,-3,4,-70
1754122676.1314602,-1,1,-67
1754122676.16946,0,4,-67
1754122676.2074602,0,7,-78
1754122676.24546,0,-2,-67
1754122676.28146,-1,5,-50
1754122676.31846,6,1,-63
1754122676.35746,6,0,-68
1754122676.39546,3,2,-58
1754122676.43146,4,5,-75
1754122676.46846,12,-3,-64
1754122676.50746,2,1,-68
1754122676.54546,-4,2,-67
1754122676.58146,-11,0,-63
1754122676.6184602,-2,0,-71
1754122676.6574602,7,4,-79
1754122676.69546,6,-1,-66
1754122676.73146,0,0,-67
1754122676.76846,-4,1,-65
1754122676.80746,2,-1,-63
1754122676.8454602,1,-7,-68
1754122676.8814602,4,-3,-56
1754122676.91846,-3,0,-57
1754122676.9574602,-6,-8,-56
1754122676.99546,-6,-6,-60
1754122677.03146,-4,0,-62
1754122677.06846,2,-7,-52
1754122677.10746,-2,-4,-51
1754122677.14346,4,-2,-59
1754122677.18146,-5,0,-64
1754122677.21946,0,1,-70
1754122677.25746,-5,3,-59
1754122677.2964602,5,0,-62
1754122677.3324602,3,-2,-69
1754122677.37046,0,0,-68
1754122677.40846,-4,-1,-62
1754122677.4474602,0,3,-68
1754122677.4834602,2,4,-52
1754122677.52046,4,5,-57
1754122677.55846,4,-6,-70
1754122677.59746,0,-7,-72
1754122677.63346,1,-12,-69
1754122677.6714602,-5,-11,-74
1754122677.70946,-10,6,-58
1754122677.74746,0,-1,-65
1754122677.7864602,7,-1,-65
1754122677.8224602,6,4,-64
1754122677.85946,-7,5,-69
1754122677.89746,2,-1,-57
1754122677.93646,5,3,-48
1754122677.97246,3,0,-67
1754122678.0094602,-1,-6,-68
1754122678.04746,-7,-9,-60
1754122678.08646,-2,-4,-68
1754122678.12246,-8,-11,-56
1754122678.16046,0,-4,-54
1754122678.19846,3,1,-61
1754122678.23746,7,-6,-62
1754122678.27346,7,-9,-67
1754122678.31146,0,0,-58
1754122678.34946,4,-3,-58
1754122678.3884602,1,-1,-56
1754122678.42646,-3,-2,-58
1754122678.46246,-5,0,-53
1754122678.49946,-2,-1,-76
1754122678.53846,3,0,-76
1754122678.57646,1,-6,-68
1754122678.61246,-1,-3,-71
1754122678.6514602,-4,1,-63
1754122678.68846,-2,3,-72
1754122678.72746,4,-1,-74
1754122678.7634602,-1,0,-74
1754122678.80146,4,-11,-69
1754122678.8384602,0,-1,-62
1754122678.87746,-6,-3,-71
1754122678.91346,1,0,-58
1754122678.9504602,-4,-4,-53
1754122678.98846,0,-2,-60
1754122679.02746,4,-4,-66
1754122679.06346,0,0,-65
1754122679.10146,-4,1,-57
1754122679.1384602,-1,0,-56
1754122679.1774602,3,0,-58
1754122679.2134602,4,0,-54
1754122679.25146,4,0,-52
1754122679.28846,6,-8,-67
1754122679.32746,5,2,-66
1754122679.36346,0,6,-50
1754122679.4014602,-2,4,-59
1754122679.43846,-6,-4,-69
1754122679.47746,0,0,-61
1754122679.5134602,5,-2,-50
1754122679.55146,1,-2,-62
1754122679.5884602,4,2,-61
1754122679.62746,6,-1,-62
1754122679.66346,0,-8,-69
1754122679.70146,-4,0,-83
1754122679.73946,-7,0,-73
1754122679.77846,-9,-2,-60
1754122679.81446,-3,-1,-70
1754122679.85246,-7,-3,-60
1754122679.89046,-9,4,-62
1754122679.92846,-7,-2,-70
1754122679.9674602,-3,1,-72
1754122680.0034602,1,-3,-61
1754122680.04146,3,-3,-69
1754122680.07946,-4,-4,-63
1754122680.1184602,-2,-5,-62
1754122680.1544602,2,1,-66
1754122680.19146,-3,-2,-63
1754122680.22946,1,-5,-59
1754122680.26846,-3,-1,-59
1754122680.30446,-5,3,-68
1754122680.3424602,-1,6,-65
1754122680.38046,-3,0,-64
1754122680.41946,-1,5,-59
1754122680.4574602,-2,2,-61
1754122680.4934602,0,0,-71
1754122680.53046,-4,0,-64
1754122680.5694602,-1,2,-59
1754122680.60746,0,3,-70
1754122680.6444602,7,1,-58
1754122680.68146,8,-4,-52
1754122680.71946,8,0,-49
1754122680.75846,-5,4,-66
1754122680.79446,-5,0,-56
1754122680.83146,1,2,-61
1754122680.86946,-1,0,-65
1754122680.90846,1,-5,-62
1754122680.9444602,-2,-5,-63
1754122680.98246,0,-1,-68
1754122681.02146,0,1,-71
1754122681.0594602,-5,-7,-58
1754122681.09746,-2,3,-75
1754122681.13346,3,1,-70
1754122681.1714602,0,2,-72
1754122681.20946,-6,1,-71
1754122681.24846,-3,0,-71
1754122681.28446,4,0,-67
1754122681.32146,4,-1,-64
1754122681.35946,1,2,-68
1754122681.39846,-1,-3,-60
1754122681.4344602,-3,0,-69
1754122681.47246,-4,2,-62
1754122681.51046,-6,1,-64
1754122681.5494602,-4,1,-76
1754122681.58746,-3,-1,-65
1754122681.62346,6,-3,-65
1754122681.66946,0,0,-61
1754122681.70546,-3,-3,-64
1754122681.7434602,-8,-2,-55
1754122681.78146,-6,3,-67
1754122681.82046,-3,3,-67
1754122681.8584602,-6,1,-57
1754122681.8944602,-4,-4,-44
1754122681.93346,2,0,-52
1754122681.9704602,0,0,-53
1754122682.0094602,-6,0,-60
1754122682.04546,-3,5,-60
1754122682.08346,-2,-5,-66
1754122682.1214602,0,-1,-60
1754122682.15946,4,2,-65
1754122682.19846,-1,3,-72
1754122682.23446,-5,5,-64
1754122682.27246,4,-4,-64
1754122682.31146,5,-3,-55
1754122682.34946,0,-6,-63
1754122682.38546,-1,-7,-60
1754122682.4244602,2,3,-59
1754122682.46146,5,-2,-71
1754122682.49946,1,-6,-70
1754122682.53846,1,-2,-71
1754122682.57446,-6,2,-69
1754122682.61246,7,2,-57
1754122682.65046,0,-3,-65
1754122682.68946,-1,6,-73
1754122682.72546,-7,7,-65
1754122682.7634602,3,-2,-63
1754122682.80146,4,1,-63
1754122682.84046,0,4,-67
1754122682.8784602,4,1,-55
1754122682.9144602,-1,1,-66
1754122682.95346,7,-3,-67
1754122682.9904602,0,0,-67
1754122683.0294602,3,3,-68
1754122683.0654602,3,0,-74
1754122683.10346,0,0,-67
1754122683.14046,7,0,-76
1754122683.17946,3,12,-60
1754122683.21646,4,-2,-62
1754122683.2534602,-2,3,-65
1754122683.29146,-2,5,-67
1754122683.33046,-2,2,-72
1754122683.3684602,-4,-3,-59
1754122683.4044602,-3,-2,-70
1754122683.44246,0,-8,-72
1754122683.48146,1,-6,-73
1754122683.5194602,2,-6,-68
1754122683.55546,2,0,-66
1754122683.5924602,-6,0,-67
1754122683.63046,-4,-1,-65
1754122683.66946,-7,0,-69
1754122683.70546,-6,-1,-65
1754122683.7434602,-7,-4,-67
1754122683.78146,0,-1,-61
1754122683.82046,0,-2,-61
1754122683.8584602,-1,-3,-62
1754122683.8944602,-2,-3,-67
1754122683.93246,2,-7,-56
1754122683.9704602,1,-2,-55
1754122684.0094602,-1,1,-55
1754122684.04546,-4,1,-41
1754122684.0824602,1,1,-54
1754122684.12046,5,-2,-76
1754122684.15946,5,-2,-66
1754122684.19546,4,3,-63
1754122684.23246,2,-1,-74
1754122684.27046,2,0,-63
1754122684.3094602,3,0,-61
1754122684.3454602,5,-4,-56
1754122684.38246,0,0,-57
1754122684.42046,-5,-2,-57
1754122684.45946,-4,-2,-64
1754122684.49546,-1,0,-58
1754122684.5324602,3,0,-66
1754122684.57046,6,-2,-70
1754122684.60946,3,5,-65
1754122684.64546,0,-2,-58
1754122684.68246,1,0,-53
1754122684.7204602,0,-1,-51
1754122684.7594602,0,0,-64
1754122684.79546,1,-1,-66
1754122684.8324602,3,0,-60
1754122684.87046,0,0,-59
1754122684.90946,3,2,-57
1754122684.94546,-7,-2,-62
1754122684.9834602,0,0,-58
1754122685.02146,0,0,-69
1754122685.06046,-1,0,-58
1754122685.09646,-2,-2,-55
1754122685.1344602,-7,-4,-55
1754122685.17346,-3,-6,-61
1754122685.21146,-4,-7,-61
1754122685.24946,3,-3,-54
1754122685.28546,2,0,-69
1754122685.32346,-1,0,-62
1754122685.3614602,0,-2,-76
1754122685.39946,0,-2,-59
1754122685.43546,5,0,-65
1754122685.4734602,3,0,-67
1754122685.51146,-2,-5,-67
1754122685.5494602,0,-2,-64
1754122685.5854602,-4,2,-64
1754122685.62346,0,1,-63
1754122685.6614602,1,3,-67
1754122685.7004602,-1,3,-60
1754122685.7364602,-1,2,-73
1754122685.77446,-4,-5,-72
1754122685.8124602,2,1,-68
1754122685.85146,0,-2,-59
1754122685.88946,-9,3,-63
1754122685.92546,-5,-1,-68
1754122685.9634602,-3,1,-72
1754122686.00246,-3,11,-73
1754122686.04046,-3,-2,-70
1754122686.07646,-13,2,-66
1754122686.1154602,0,-1,-63
1754122686.15246,3,0,-65
1754122686.19146,-1,3,-78
1754122686.22946,-5,0,-67
1754122686.2664602,0,0,-57
1754122686.30346,-3,-1,-72
1754122686.34146,1,2,-65
1754122686.38046,-3,-2,-67
1754122686.41646,0,1,-64
1754122686.45446,6,-7,-58
1754122686.49246,-1,-5,-65
1754122686.53146,-5,3,-64
1754122686.56746,-5,0,-58
1754122686.60646,-10,7,-58
1754122686.64346,-2,2,-60
1754122686.68146,4,2,-70
1754122686.7204602,-3,6,-71
1754122686.7564602,3,4,-69
1754122686.79346,1,0,-71
1754122686.83146,-9,8,-84
1754122686.87046,-2,3,-86
1754122686.90646,1,0,-71
1754122686.94346,-9,3,-72
1754122686.98146,-4,3,-82
1754122687.02046,-1,-1,-78
1754122687.05646,2,3,-78
1754122687.09346,-4,1,-69
1754122687.1314602,-7,2,-69
1754122687.17046,3,4,-65
1754122687.20646,-6,0,-66
1754122687.24446,2,-2,-65
1754122687.2824602,-7,-5,-63
1754122687.32146,5,-4,-57
1754122687.3584602,5,-1,-61
1754122687.39546,8,3,-67
1754122687.43346,4,8,-59
1754122687.47246,3,5,-78
1754122687.51046,6,1,-79
1754122687.5464602,-2,-3,-71
1754122687.58446,-2,0,-69
1754122687.62246,1,0,-59
1754122687.6614602,0,1,-61
1754122687.6974602,0,1,-54
1754122687.73446,-1,6,-59
1754122687.77246,3,-5,-57
1754122687.81146,-1,3,-48
1754122687.84746,-3,0,-59
1754122687.88546,0,4,-57
1754122687.92346,3,0,-72
1754122687.96246,3,2,-72
1754122688.00046,3,-8,-70
1754122688.0364602,3,-5,-72
1754122688.07446,2,5,-73
1754122688.11246,-2,4,-64
1754122688.1514602,1,-4,-72
1754122688.1874602,-2,4,-62
1754122688.22546,2,3,-61
1754122688.26446,-1,0,-66
1754122688.3024602,0,-3,-68
1754122688.34046,-2,-9,-61
1754122688.37646,-7,-2,-60
1754122688.4144602,0,0,-66
1754122688.45246,-1,-7,-72
1754122688.49146,0,1,-76
1754122688.52746,1,-2,-71
1754122688.5654602,8,2,-77
1754122688.60346,0,0,-66
1754122688.64246,-6,4,-63
1754122688.67846,1,-3,-58
1754122688.71646,0,-4,-75
1754122688.75446,1,-1,-78
1754122688.7924602,3,-1,-67
1754122688.83146,2,-5,-71
1754122688.86746,1,-10,-78
1754122688.90546,0,-9,-63
1754122688.94346,-9,-3,-55
1754122688.98246,-3,-6,-64
1754122689.01846,3,-5,-69
1754122689.05546,-2,0,-54
1754122689.09346,-3,3,-66
1754122689.13246,-1,3,-64
1754122689.16846,-4,-1,-58
1754122689.20646,-4,-4,-58
1754122689.24446,-1,1,-61
1754122689.2824602,7,-2,-66
1754122689.32146,0,2,-69
1754122689.35746,3,2,-55
1754122689.3944602,-4,0,-65
1754122689.43246,-6,-5,-66
1754122689.47146,-3,-7,-68
1754122689.50746,0,0,-66
1754122689.54446,-1,1,-62
1754122689.58346,0,4,-70
1754122689.6214602,3,3,-67
1754122689.6574602,-1,0,-73
1754122689.69546,0,6,-62
1754122689.73446,2,4,-65
1754122689.77246,1,-1,-62
1754122689.80846,5,-1,-64
1754122689.84746,2,-2,-67
1754122689.8844602,3,-7,-71
1754122689.92346,-3,-2,-58
1754122689.96146,-7,1,-61
1754122689.99746,-3,-4,-54
1754122690.03546,-3,1,-40
1754122690.07346,-9,-1,-53
1754122690.11246,-5,-5,-70
1754122690.14846,-8,0,-59
1754122690.18646,0,1,-69
1754122690.22446,0,-1,-70
1754122690.2634602,0,-5,-64
1754122690.30146,-5,-5,-59
1754122690.33746,1,-8,-68
1754122690.37546,2,-2,-64
1754122690.41346,-6,-2,-57
1754122690.45246,-1,0,-57
1754122690.48846,0,-2,-58
1754122690.5264602,4,0,-71
1754122690.56446,-9,3,-64
1754122690.60346,1,-2,-63
1754122690.6414602,-1,-4,-72
1754122690.6774602,0,-4,-62
1754122690.71546,0,-4,-64
1754122690.7534602,-5,-1,-61
1754122690.7924602,0,-3,-68
1754122690.82846,-4,-7,-61
1754122690.86746,0,-2,-65
1754122690.9044602,1,-6,-64
1754122690.94346,2,-2,-65
1754122690.98146,-1,0,-65
1754122691.01746,0,-2,-65
1754122691.05546,-1,-2,-62
1754122691.09346,-7,-2,-73
1754122691.13246,-4,5,-74
1754122691.16846,-3,6,-75
1754122691.20646,-4,1,-62
1754122691.24546,0,-2,-64
1754122691.28346,0,2,-52
1754122691.3194602,0,-7,-55
1754122691.35746,1,1,-68
1754122691.39546,10,-5,-58
1754122691.43346,4,-2,-62
1754122691.47246,-2,-5,-70
1754122691.50846,4,-6,-68
1754122691.5464602,-2,-3,-74
1754122691.58446,3,0,-65
1754122691.62346,-1,3,-60
1754122691.65946,4,0,-65
1754122691.70546,8,2,-63
1754122691.7434602,3,0,-72
1754122691.7794602,-1,-9,-62
1754122691.81746,6,-4,-67
1754122691.8554602,-2,2,-67
1754122691.8944602,-5,-9,-66
1754122691.93246,1,-5,-62
1754122691.96846,-5,2,-59
1754122692.0064602,3,6,-53
1754122692.04446,0,5,-58
1754122692.08346,-3,7,-60
1754122692.11946,3,7,-61
1754122692.15646,3,-1,-64
1754122692.1944602,-8,2,-63
1754122692.2334602,-8,-2,-58
1754122692.2694602,-7,-3,-61
1754122692.30746,-7,6,-62
1754122692.34646,-4,4,-66
1754122692.3844602,3,-1,-58
1754122692.42246,4,-3,-59
1754122692.45846,0,-5,-68
1754122692.4964602,6,-4,-61
1754122692.53446,0,-6,-64
1754122692.57346,-1,-3,-67
1754122692.60946,-1,0,-62
1754122692.64746,-7,0,-63
1754122692.68646,-8,-1,-69
1754122692.72446,-1,0,-58
1754122692.76246,1,3,-67
1754122692.79846,0,0,-65
1754122692.83646,1,-5,-67
1754122692.87446,-4,2,-51
1754122692.91346,-8,-3,-60
1754122692.94946,-4,-1,-51
1754122692.98746,-3,-2,-51
1754122693.02546,0,-1,-60
1754122693.06446,0,0,-76
1754122693.10246,1,-4,-65
1754122693.1384602,2,-1,-71
1754122693.17646,3,-4,-62
1754122693.21446,-1,-4,-56
1754122693.2534602,2,-5,-64
1754122693.2894602,-2,-5,-65
1754122693.32746,-6,-3,-70
1754122693.3654602,0,0,-67
1754122693.4044602,1,-4,-56
1754122693.4404602,0,-5,-59
1754122693.47846,-1,-4,-63
1754122693.5164602,-9,0,-57
1754122693.55546,-10,-5,-62
1754122693.59446,1,-5,-64
1754122693.63046,0,-6,-66
1754122693.66846,0,1,-66
1754122693.70646,4,0,-69
1754122693.74446,3,0,-61
1754122693.78346,-2,-4,-66
1754122693.8194602,-1,0,-60
1754122693.85746,-1,-1,-57
1754122693.89646,-3,-5,-54
1754122693.9344602,2,0,-64
1754122693.9704602,0,-3,-65
1754122694.00846,0,-3,-70
1754122694.0464602,3,-1,-66
1754122694.08446,7,0,-62
1754122694.12346,-1,2,-65
1754122694.15946,3,0,-63
1754122694.19646,-2,5,-61
1754122694.23546,-7,1,-59
1754122694.27346,-5,0,-57
1754122694.3094602,0,-6,-54
1754122694.34646,8,-2,-51
1754122694.38546,5,0,-52
1754122694.42346,-6,1,-51
1754122694.45946,-1,3,-60
1754122694.49746,10,2,-55
1754122694.53546,2,0,-67
1754122694.57446,0,1,-70
1754122694.61046,0,-9,-69
1754122694.64846,0,0,-64
1754122694.68646,-2,-4,-66
1754122694.72546,-4,-1,-70
1754122694.7634602,-2,1,-59
1754122694.7994602,1,0,-50
1754122694.83746,-1,4,-61
1754122694.87546,-1,-1,-55
1754122694.91346,4,-1,-69
1754122694.94946,-5,0,-75
1754122694.98746,2,-1,-76
1754122695.02546,6,-2,-58
1754122695.06446,1,-6,-61
1754122695.10046,0,1,-62
1754122695.13746,-4,-6,-57
1754122695.17546,5,-7,-65
1754122695.21446,0,-1,-60
1754122695.25046,-5,5,-54
1754122695.28846,0,0,-68
1754122695.32646,-7,-2,-65
1754122695.3654602,-7,4,-70
1754122695.40346,3,2,-69
1754122695.43946,3,-1,-74
1754122695.47746,3,0,-64
1754122695.5164602,3,0,-63
1754122695.55446,-2,0,-67
1754122695.59046,1,7,-69
1754122695.62746,-3,1,-73
1754122695.66646,-8,2,-68
1754122695.70446,-2,0,-62
1754122695.7404602,0,0,-61
1754122695.77746,8,0,-61
1754122695.81646,5,-2,-70
1754122695.85446,-2,-1,-63
1754122695.89046,-4,6,-67
1754122695.9274602,-4,0,-63
1754122695.96646,0,-8,-58
1754122696.00446,-3,-6,-65
1754122696.04046,8,0,-60
1754122696.07746,11,-7,-75
1754122696.11646,13,2,-75
1754122696.1544602,1,3,-70
1754122696.1904602,0,8,-73
1754122696.22746,7,0,-55
1754122696.2664602,-5,-2,-59
1754122696.30446,-3,2,-61
1754122696.34046,2,-1,-61
1754122696.37746,-4,-5,-62
1754122696.41646,-3,-3,-62
1754122696.45446,-7,-4,-69
1754122696.4904602,2,4,-75
1754122696.52746,-8,8,-59
1754122696.56646,-4,-2,-54
1754122696.60446,-6,-2,-57
1754122696.64046,3,4,-65
1754122696.6774602,4,1,-51
1754122696.71646,1,0,-61
1754122696.75446,0,-7,-65
1754122696.79046,7,0,-66
1754122696.82746,3,6,-67
1754122696.86646,-1,0,-60
1754122696.9044602,1,0,-68
1754122696.9404602,2,-3,-68
1754122696.97846,2,-9,-66
1754122697.0164602,2,-3,-63
1754122697.05546,0,-5,-57
1754122697.09146,1,-3,-56
1754122697.1284602,-1,-6,-62
1754122697.16646,-2,-4,-69
1754122697.20546,3,0,-59
1754122697.24146,2,2,-64
1754122697.27846,4,-4,-60
1754122697.31646,0,1,-65
1754122697.3554602,-1,0,-62
1754122697.3914602,1,-2,-60
1754122697.42846,0,0,-68
1754122697.46646,-3,-3,-70
1754122697.50546,-7,-4,-52
1754122697.54146,-8,-7,-60
1754122697.57946,1,-2,-65
1754122697.61746,-3,-2,-68
1754122697.65646,-3,-1,-69
1754122697.6944602,-4,1,-67
1754122697.73146,-7,0,-73
1754122697.76846,0,-3,-52
1754122697.80646,1,-1,-47
1754122697.8454602,0,-5,-60
1754122697.8814602,-8,-1,-72
1754122697.91946,0,0,-65
1754122697.9574602,9,-7,-60
1754122697.9964602,0,-2,-65
1754122698.0324602,-3,4,-63
1754122698.07046,-9,3,-62
1754122698.1084602,-1,-4,-61
1754122698.14646,6,2,-63
1754122698.18546,-1,-1,-71
1754122698.22246,2,1,-60
1754122698.26046,0,7,-54
1754122698.29746,8,4,-52
1754122698.33646,-3,3,-50
1754122698.37246,3,-1,-60
1754122698.41046,1,0,-59
1754122698.44846,1,-3,-71
1754122698.4864602,2,-3,-62
1754122698.52546,1,-1,-66
1754122698.56146,5,-3,-60
1754122698.59946,-6,3,-65
1754122698.63746,-3,2,-66
1754122698.67646,5,2,-74
1754122698.71246,0,-2,-56
1754122698.75046,0,0,-57
1754122698.78846,1,-7,-60
1754122698.82746,5,1,-52
1754122698.8654602,-2,-7,-60
1754122698.9014602,1,-2,-62
1754122698.93946,-7,-7,-74
1754122698.97846,-5,-11,-72
1754122699.0164602,-3,-4,-63
1754122699.0524602,-7,0,-62
1754122699.09046,-9,-1,-61
1754122699.1284602,2,4,-67
1754122699.1674602,8,0,-65
1754122699.20546,2,-3,-55
1754122699.24146,-1,0,-60
1754122699.2794602,-4,4,-69
1754122699.31746,0,2,-65
1754122699.35646,-4,0,-59
1754122699.39346,0,-7,-60
1754122699.43046,-3,-3,-68
1754122699.46946,-7,1,-70
1754122699.50746,-2,0,-59
1754122699.54546,5,-1,-61
1754122699.58146,5,0,-61
1754122699.6184602,-1,-1,-67
1754122699.6574602,-3,3,-66
1754122699.69546,-2,1,-52
1754122699.73146,-7,1,-57
1754122699.7694602,0,0,-57
1754122699.80746,-4,-7,-69
1754122699.84646,-2,-2,-76
1754122699.88246,0,1,-77
1754122699.91946,-1,-2,-83
1754122699.9574602,-4,-5,-73
1754122699.9964602,-2,-3,-60
1754122700.0324602,-3,-8,-71
1754122700.07046,1,0,-72
1754122700.1084602,0,9,-58
1754122700.14746,-2,-2,-57
1754122700.1844602,1,-5,-53
1754122700.22146,0,-1,-47
1754122700.2594602,11,0,-55
1754122700.29846,-7,-1,-60
1754122700.33646,0,-4,-66
1754122700.37246,-2,-3,-67
1754122700.4114602,3,-1,-59
1754122700.44846,-1,-5,-69
1754122700.48746,6,2,-67
1754122700.52346,2,0,-64
1754122700.56146,-5,5,-61
1754122700.5984602,1,2,-68
1754122700.63746,-2,0,-59
1754122700.67346,2,-4,-62
1754122700.71146,3,1,-61
1754122700.74946,-5,0,-61
1754122700.78746,0,-2,-61
1754122700.82646,1,-4,-55
1754122700.86246,1,-1,-55
1754122700.90046,4,-6,-54
1754122700.93846,2,-3,-57
1754122700.97746,0,-2,-53
1754122701.0134602,0,0,-67
1754122701.05046,8,1,-61
1754122701.0884602,9,5,-67
1754122701.12746,3,-3,-64
1754122701.16346,0,-3,-60
1754122701.2004602,-3,-1,-56
1754122701.23846,10,0,-59
1754122701.27746,9,4,-63
1754122701.31346,0,-1,-56
1754122701.35246,2,-5,-55
1754122701.38946,0,0,-55
1754122701.42846,6,4,-59
1754122701.46646,1,1,-64
1754122701.50246,-1,2,-68
1754122701.54046,-2,-1,-67
1754122701.57846,-5,-6,-67
1754122701.61746,-3,3,-64
1754122701.65346,-6,7,-59
1754122701.69146,4,0,-60
1754122701.73746,6,-1,-66
1754122701.77346,-1,-4,-56
1754122701.81146,7,-6,-65
1754122701.84946,2,-4,-61
1754122701.8884602,0,-11,-58
1754122701.92646,0,-9,-60
1754122701.96246,-7,-6,-64
1754122702.00046,-6,3,-65
1754122702.03846,-8,-1,-58
1754122702.07746,4,0,-67
1754122702.11346,0,-3,-63
1754122702.1514602,5,-7,-67
1754122702.18946,0,0,-62
1754122702.22846,5,-2,-67
1754122702.2664602,4,2,-63
1754122702.3024602,5,3,-72
1754122702.33946,6,6,-67
1754122702.3784602,-1,3,-61
1754122702.4144602,-7,2,-59
1754122702.45246,-5,-6,-63
1754122702.4904602,-9,-4,-63
1754122702.52846,5,0,-59
1754122702.56746,-1,-1,-63
1754122702.60346,0,-1,-67
1754122702.6414602,6,-7,-70
1754122702.67946,0,-2,-67
1754122702.71846,-3,5,-58
1754122702.75446,2,0,-57
1754122702.79146,-1,1,-61
1754122702.82946,0,-7,-59
1754122702.8684602,1,-2,-60
1754122702.9044602,1,0,-64
1754122702.94246,8,-2,-67
1754122702.97946,2,0,-60
1754122703.01846,-2,-1,-80
1754122703.05446,3,0,-72
1754122703.09146,0,1,-74
1754122703.12946,3,7,-63
1754122703.16846,5,-6,-70
1754122703.20446,6,8,-65
1754122703.24146,4,0,-72
1754122703.2794602,0,-5,-65
1754122703.31846,-2,-2,-61
1754122703.35446,0,-1,-66
1754122703.39246,-3,4,-70
1754122703.42946,3,-3,-70
1754122703.46846,3,4,-55
1754122703.50446,17,5,-54
1754122703.5424602,5,1,-58
1754122703.58046,0,6,-53
1754122703.6184602,-1,0,-64
1754122703.6544602,-5,7,-61
1754122703.69146,-4,-1,-57
1754122703.7304602,-8,-4,-60
1754122703.76846,-3,0,-66
1754122703.80446,-3,3,-67
1754122703.84146,1,0,-58
1754122703.88046,1,0,-68
1754122703.91846,-3,0,-71
1754122703.95446,5,6,-56
1754122703.99146,0,0,-56
1754122704.0294602,-8,5,-57
1754122704.06846,0,1,-63
1754122704.10446,-3,0,-64
1754122704.14346,-2,-4,-70
1754122704.18046,-1,0,-54
1754122704.21946,-8,-10,-60
1754122704.25746,0,-5,-60
1754122704.29346,0,-1,-59
1754122704.33146,-3,2,-61
1754122704.36946,2,-1,-72
1754122704.40846,-4,2,-68
1754122704.4444602,-5,3,-56
1754122704.48246,-3,1,-64
1754122704.52046,-2,-3,-64
1754122704.5594602,-7,-9,-65
1754122704.59746,-6,-4,-67
1754122704.63346,-7,-1,-62
1754122704.6714602,0,0,-56
1754122704.70946,0,-5,-72
1754122704.74846,0,0,-64
1754122704.78446,2,1,-57
1754122704.82146,-2,-1,-56
1754122704.85946,0,-9,-63
1754122704.89846,-1,2,-66
1754122704.9344602,-3,-4,-65
1754122704.97246,1,-3,-72
1754122705.01046,3,6,-57
1754122705.0494602,-8,-3,-62
1754122705.0854602,2,-3,-61
1754122705.12346,-3,0,-64
1754122705.1614602,-3,7,-63
1754122705.2004602,-1,-5,-61
1754122705.23846,2,-5,-66
1754122705.27446,-6,-5,-64
1754122705.31346,0,-2,-70
1754122705.35146,1,-3,-61
1754122705.38946,-2,3,-62
1754122705.42546,4,-5,-60
1754122705.4634602,1,-1,-64
1754122705.50146,-3,1,-55
1754122705.5394602,-2,1,-61
1754122705.57846,-6,0,-65
1754122705.61446,1,0,-60
1754122705.6514602,0,-3,-47
1754122705.6904602,-1,2,-50
1754122705.72846,-3,0,-60
1754122705.76446,8,0,-66
1754122705.8024602,4,1,-62
1754122705.84146,3,5,-62
1754122705.87946,-2,-6,-58
1754122705.91546,1,4,-71
1754122705.95246,-6,3,-62
1754122705.99146,-6,1,-61
1754122706.0294602,0,-5,-55
1754122706.0654602,-1,-6,-63
1754122706.10346,-1,-7,-48
1754122706.1414602,0,-1,-63
1754122706.18046,-1,-1,-68
1754122706.21846,-1,0,-69
1754122706.25446,0,4,-66
1754122706.29146,1,-3,-69
1754122706.33046,6,-1,-53
1754122706.3684602,3,-1,-51
1754122706.4044602,2,-2,-52
1754122706.44246,5,-3,-57
1754122706.4804602,-2,0,-63
1754122706.5194602,1,-8,-57
1754122706.55546,-6,-1,-67
1754122706.59346,-1,0,-67
1754122706.6314602,0,-7,-62
1754122706.67046,4,-2,-68
1754122706.70846,0,3,-65
1754122706.74446,-2,4,-65
1754122706.7824602,-3,0,-53
1754122706.82046,-6,1,-63
1754122706.85946,0,1,-72
1754122706.89546,-5,0,-69
1754122706.93346,-3,1,-77
1754122706.9704602,-12,-5,-60
1754122707.0094602,-2,-4,-77
1754122707.04546,5,0,-70
1754122707.08346,3,0,-74
1754122707.12046,-5,0,-62
1754122707.15946,0,1,-78
1754122707.19546,4,3,-69
1754122707.2334602,2,3,-67
1754122707.27046,7,0,-67
1754122707.3094602,1,-1,-71
1754122707.3454602,2,3,-74
1754122707.38246,0,0,-61
1754122707.42046,-5,-3,-73
1754122707.45946,0,-4,-61
1754122707.49546,-3,1,-64
1754122707.5324602,-4,0,-60
1754122707.57046,-2,4,-58
1754122707.60946,2,6,-59
1754122707.64546,-5,5,-55
1754122707.68346,1,-3,-54
1754122707.7204602,-3,-4,-69
1754122707.7594602,-8,-4,-67
1754122707.79546,-6,-6,-67
1754122707.83346,3,0,-64
1754122707.8714602,4,2,-62
1754122707.91046,4,-9,-69
1754122707.94646,1,-4,-63
1754122707.9834602,-5,1,-65
1754122708.02146,0,0,-64
1754122708.06046,1,3,-55
1754122708.09646,1,-1,-55
1754122708.1344602,-1,-9,-54
1754122708.17246,7,-3,-55
1754122708.21146,0,0,-61
1754122708.24946,1,-6,-73
1754122708.28546,-1,3,-76
1754122708.32346,-1,7,-61
1754122708.36246,-4,3,-67
1754122708.40046,-3,-3,-62
1754122708.43646,2,-5,-58
1754122708.47546,4,3,-61
1754122708.51246,4,0,-60
1754122708.55146,1,9,-65
1754122708.58946,-7,-1,-62
1754122708.62546,-8,1,-61
1754122708.66246,-9,2,-65
1754122708.70146,-1,0,-61
1754122708.73946,2,1,-66
1754122708.77546,0,0,-69
1754122708.8124602,-3,-3,-65
1754122708.85146,-4,-7,-56
1754122708.88946,-1,1,-64
1754122708.92546,0,-2,-63
1754122708.96246,1,-3,-64
1754122709.00146,2,2,-69
1754122709.0394602,0,5,-78
1754122709.0754602,-1,0,-80
1754122709.11246,0,-8,-71
1754122709.1514602,-1,-4,-71
1754122709.18946,4,-4,-65
1754122709.22746,4,-1,-59
1754122709.26446,3,-8,-62
1754122709.3024602,-1,-8,-53
1754122709.34146,-4,-3,-62
1754122709.37746,0,0,-55
1754122709.4144602,0,-4,-61
1754122709.45246,0,-4,-60
1754122709.49146,-6,-5,-64
1754122709.52746,-3,-3,-64
1754122709.5654602,0,-4,-65
1754122709.60346,3,-1,-75
1754122709.6414602,6,-3,-67
1754122709.68046,5,4,-67
1754122709.71646,0,8,-63
1754122709.75446,5,1,-61
1754122709.7924602,7,0,-71
1754122709.83146,3,0,-62
1754122709.8684602,0,0,-60
1754122709.90546,1,1,-63
1754122709.94346,-5,0,-54
1754122709.98146,4,5,-53
1754122710.02046,13,-3,-61
1754122710.05646,0,0,-63
1754122710.09346,2,-4,-51
1754122710.13246,-4,-4,-61
1754122710.17046,-2,-5,-71
1754122710.20646,-2,-3,-68
1754122710.24546,0,0,-64
1754122710.2824602,-3,0,-64
1754122710.32146,-5,3,-53
1754122710.35746,-4,4,-61
1754122710.39546,-6,-1,-68
1754122710.43346,-6,1,-61
1754122710.47246,-3,-3,-65
1754122710.51046,-7,-3,-65
1754122710.5464602,2,3,-59
1754122710.58446,1,-4,-61
1754122710.62246,0,-5,-55
1754122710.6614602,-6,-7,-62
1754122710.6974602,1,3,-48
1754122710.73446,-4,-2,-55
1754122710.77246,-5,-3,-55
1754122710.81146,-4,-1,-63
1754122710.84746,0,-2,-60
1754122710.88546,-3,-6,-60
1754122710.92346,2,2,-74
1754122710.96246,-1,-4,-62
1754122711.00046,-6,-2,-66
1754122711.0364602,-4,-8,-59
1754122711.07446,-1,0,-58
1754122711.11246,-1,-1,-71
1754122711.1514602,0,3,-77
1754122711.1874602,5,-5,-74
1754122711.22446,0,-5,-72
1754122711.26246,-2,-10,-68
1754122711.30146,-2,-5,-76
1754122711.33746,2,2,-66
1754122711.37446,0,3,-59
1754122711.41246,-3,5,-55
1754122711.45146,-5,6,-64
1754122711.48746,-10,5,-58
1754122711.52446,0,-3,-67
1754122711.5624602,-2,0,-64
1754122711.60146,7,1,-58
1754122711.63746,-9,2,-75
1754122711.6744602,0,-2,-60
1754122711.71246,-1,0,-62
1754122711.75746,-3,-3,-56
1754122711.79446,-3,0,-58
1754122711.8324602,1,3,-69
1754122711.8714602,0,4,-74
1754122711.9074602,-4,0,-68
1754122711.94546,2,0,-59
1754122711.9834602,-6,0,-64
1754122712.02246,-7,0,-64
1754122712.05846,-1,-3,-59
1754122712.09746,4,-4,-65
1754122712.1344602,-3,-6,-61
1754122712.17246,0,4,-62
1754122712.21146,4,0,-67
1754122712.24746,1,4,-65
1754122712.28546,-4,0,-66
1754122712.32446,4,-2,-71
1754122712.36246,8,0,-70
1754122712.39846,2,0,-77
1754122712.43546,2,2,-66
1754122712.47446,9,0,-49
1754122712.51246,0,1,-55
1754122712.54846,0,-8,-47
1754122712.5854602,2,-11,-44
1754122712.62446,-3,3,-65
1754122712.66246,-3,-1,-70
1754122712.69846,-1,0,-71
1754122712.7364602,0,3,-69
1754122712.77446,-2,2,-59
1754122712.81346,-2,1,-54
1754122712.85146,0,0,-60
1754122712.88746,0,0,-71
1754122712.9244602,-2,-3,-71
1754122712.9634602,-1,1,-65
1754122713.00146,-1,2,-71
1754122713.03746,-3,2,-64
1754122713.0754602,-8,0,-60
1754122713.11346,0,-7,-70
1754122713.15246,-2,0,-62
1754122713.18846,5,2,-65
1754122713.22646,0,-4,-61
1754122713.26446,2,2,-56
1754122713.30346,-5,-5,-72
1754122713.34146,-1,1,-69
1754122713.37746,0,3,-55
1754122713.4144602,2,7,-46
1754122713.45346,-4,2,-58
1754122713.49146,4,-2,-66
1754122713.52746,1,-6,-78
1754122713.5654602,-6,1,-62
1754122713.60346,-6,0,-57
1754122713.64246,1,0,-54
1754122713.67846,2,-2,-63
1754122713.71546,2,2,-50
1754122713.7534602,-1,1,-41
1754122713.7924602,0,-2,-50
1754122713.82846,1,3,-56
1754122713.8654602,-9,-4,-67
1754122713.90346,-3,-1,-61
1754122713.94246,4,-6,-54
1754122713.97846,1,-4,-52
1754122714.0164602,0,-8,-59
1754122714.05446,-3,-3,-69
1754122714.09346,-2,2,-63
1754122714.12946,-11,-3,-51
1754122714.16846,-4,-1,-57
1754122714.20546,-4,-3,-65
1754122714.24446,-8,-5,-56
1754122714.2824602,-5,-6,-66
1754122714.31846,-1,-2,-65
1754122714.35646,0,1,-54
1754122714.3944602,0,0,-65
1754122714.43346,-4,0,-59
1754122714.46946,-1,-2,-69
1754122714.50746,5,-2,-63
1754122714.54546,-3,-1,-62
1754122714.58346,0,-3,-67
1754122714.62246,3,-3,-55
1754122714.65846,7,0,-62
1754122714.69646,3,-1,-50
1754122714.73446,1,1,-66
1754122714.77346,-1,-9,-55
1754122714.8094602,-2,-6,-47
1754122714.84746,-7,-6,-67
1754122714.88546,-7,-3,-79
1754122714.9244602,1,0,-68
1754122714.96246,-7,2,-67
1754122714.99846,-2,0,-67
1754122715.0364602,-5,1,-54
1754122715.07446,-1,0,-60
1754122715.11346,0,-1,-62
1754122715.14946,2,4,-67
1754122715.18846,0,0,-66
1754122715.22546,-4,-4,-65
1754122715.26446,-2,-4,-60
1754122715.3024602,4,-5,-74
1754122715.3384602,4,-8,-74
1754122715.37546,1,-2,-66
1754122715.4144602,-2,-1,-61
1754122715.45246,-9,3,-71
1754122715.48846,-1,-3,-69
1754122715.5264602,3,3,-65
1754122715.56446,-1,0,-65
1754122715.60346,4,0,-64
1754122715.63946,7,0,-63
1754122715.67646,0,-6,-52
1754122715.71446,-9,0,-60
1754122715.7534602,0,2,-65
1754122715.7894602,-6,4,-62
1754122715.82746,1,4,-62
1754122715.8654602,-2,0,-56
1754122715.9044602,-6,1,-56
1754122715.94246,-1,4,-59
1754122715.97846,-6,7,-59
1754122716.0164602,1,-4,-66
1754122716.05446,-4,0,-59
1754122716.09346,-3,-3,-63
1754122716.12946,0,0,-59
1754122716.1674602,1,1,-65
1754122716.20546,-4,-4,-62
1754122716.24446,-1,-3,-70
1754122716.28046,-4,0,-66
1754122716.31846,-5,5,-72
1754122716.35646,-9,0,-62
1754122716.3944602,-3,1,-58
1754122716.43346,0,1,-45
1754122716.46946,0,2,-50
1754122716.50746,5,0,-63
1754122716.5464602,-2,3,-70
1754122716.58446,1,1,-64
1754122716.62046,6,0,-63
1754122716.6574602,1,4,-60
1754122716.69546,-2,3,-66
1754122716.73446,-1,6,-59
1754122716.77046,0,0,-64
1754122716.80746,-1,0,-69
1754122716.84646,-3,-3,-59
1754122716.8844602,-2,-5,-69
1754122716.92046,0,1,-74
1754122716.9574602,-1,0,-67
1754122716.9964602,5,-9,-71
1754122717.03446,0,-6,-59
1754122717.07046,-1,0,-51
1754122717.1084602,5,2,-73
1754122717.14646,3,-2,-69
1754122717.18546,6,0,-67
1754122717.2234602,2,1,-62
1754122717.2594602,0,0,-60
1754122717.2964602,-7,3,-55
1754122717.3354602,-7,5,-61
1754122717.37346,-9,2,-67
1754122717.40946,-6,0,-63
1754122717.4474602,3,5,-66
1754122717.48546,4,-2,-59
1754122717.52446,4,-8,-60
1754122717.56046,5,-5,-56
1754122717.5984602,6,-3,-62
1754122717.63646,0,0,-59
1754122717.67546,-4,0,-65
1754122717.7134602,-5,-1,-66
1754122717.74946,0,-3,-59
1754122717.7864602,-1,-8,-57
1754122717.8254602,-7,-4,-65
1754122717.86346,1,-5,-65
1754122717.89946,-5,-3,-64
1754122717.9374602,-4,0,-66
1754122717.97546,3,3,-60
1754122718.01446,0,0,-67
1754122718.05046,5,6,-67
1754122718.08746,-6,2,-79
1754122718.12546,-11,-6,-67
1754122718.16346,-1,2,-64
1754122718.19946,4,-4,-55
1754122718.23746,1,4,-65
1754122718.27546,-7,5,-65
1754122718.31446,-7,-6,-53
1754122718.35046,3,-8,-52
1754122718.38746,-3,-1,-61
1754122718.42546,2,-4,-68
1754122718.46446,5,-9,-58
1754122718.50046,2,0,-64
1754122718.53746,0,0,-67
1754122718.5754602,3,0,-68
1754122718.61446,2,0,-60
1754122718.65046,7,-3,-64
1754122718.6874602,7,-10,-73
1754122718.72546,8,-1,-67
1754122718.76446,2,5,-58
1754122718.80046,0,-3,-59
1754122718.83746,-10,4,-66
1754122718.87546,-3,2,-52
1754122718.9144602,-3,6,-73
1754122718.9504602,-5,3,-62
1754122718.98746,2,-1,-59
1754122719.02546,2,-2,-64
1754122719.06446,-2,-2,-61
1754122719.10046,-11,-1,-67
1754122719.1384602,0,-2,-80
1754122719.17646,0,-1,-60
1754122719.21546,-2,-1,-56
1754122719.25146,3,2,-59
1754122719.29046,4,4,-67
1754122719.32846,-1,-2,-44
1754122719.36646,0,-4,-53
1754122719.4044602,3,0,-73
1754122719.4404602,8,-8,-62
1754122719.47846,1,-7,-58
1754122719.5164602,0,-3,-58
1754122719.55546,2,-11,-69
1754122719.59146,-4,-1,-74
1754122719.62946,1,-3,-66
1754122719.66846,2,0,-61
1754122719.70646,8,0,-71
1754122719.74546,9,-1,-58
1754122719.78146,6,0,-64
1754122719.81846,2,-2,-59
1754122719.85646,-3,0,-70
1754122719.89546,-1,0,-59
1754122719.93146,0,1,-58
1754122719.96846,0,0,-67
1754122720.0064602,2,-1,-68
1754122720.04546,-1,-1,-62
1754122720.08146,-2,4,-48
1754122720.11946,2,-3,-51
1754122720.15646,0,2,-60
1754122720.19546,0,0,-69
1754122720.23146,-2,3,-77
1754122720.2694602,1,3,-58
1754122720.30746,-2,0,-69
1754122720.34646,0,-4,-64
1754122720.3844602,-2,-1,-63
1754122720.42046,-5,-6,-65
1754122720.45846,0,0,-62
1754122720.4964602,0,-3,-60
1754122720.53546,12,1,-57
1754122720.57146,3,0,-61
1754122720.61046,0,0,-61
1754122720.64746,7,-4,-70
1754122720.68646,-1,-7,-65
1754122720.72246,0,0,-69
1754122720.76046,-2,-4,-68
1754122720.79746,-2,-8,-69
1754122720.83646,5,-4,-69
1754122720.87246,3,1,-70
1754122720.91046,4,-6,-72
1754122720.9474602,-1,1,-68
1754122720.9864602,-1,3,-72
1754122721.02246,2,1,-70
1754122721.0594602,4,3,-61
1754122721.09746,5,5,-66
1754122721.13646,7,2,-53
1754122721.17246,4,0,-70
1754122721.20946,-2,-6,-71
1754122721.24746,-1,-12,-65
1754122721.2864602,-7,-2,-70
1754122721.3224602,-8,2,-62
1754122721.36046,-9,-1,-56
1754122721.39846,-3,-7,-60
1754122721.43646,3,-5,-64
1754122721.47546,0,-2,-73
1754122721.51146,8,-6,-67
1754122721.5494602,0,0,-67
1754122721.58746,-1,1,-78
1754122721.62646,8,0,-67
1754122721.66246,4,3,-58
1754122721.7004602,3,-2,-80
1754122721.73746,9,-2,-68
1754122721.78146,0,0,-69
1754122721.8194602,3,1,-71
1754122721.85746,1,4,-64
1754122721.89646,1,-1,-68
1754122721.93246,-4,-6,-72
1754122721.9704602,-8,-6,-62
1754122722.0094602,-1,-1,-63
1754122722.04746,-7,-1,-61
1754122722.0854602,-8,0,-63
1754122722.1214602,1,4,-56
1754122722.15846,4,3,-70
1754122722.1974602,2,7,-66
1754122722.23546,8,3,-67
1754122722.27146,5,-1,-60
1754122722.30846,0,-3,-62
1754122722.34746,3,-1,-77
1754122722.38546,0,-2,-74
1754122722.4214602,5,0,-67
1754122722.45846,3,-2,-69
1754122722.49746,5,-4,-68
1754122722.53546,3,-7,-70
1754122722.57146,4,-1,-71
1754122722.6084602,-1,-3,-58
1754122722.64746,-1,-4,-63
1754122722.68546,0,-6,-66
1754122722.72146,-2,-5,-62
1754122722.7594602,-8,-4,-67
1754122722.79746,1,0,-61
1754122722.83646,2,6,-68
1754122722.87246,-2,4,-62
1754122722.91046,0,-12,-63
1754122722.94846,9,0,-63
1754122722.98746,0,5,-68
1754122723.02346,-3,2,-54
1754122723.06146,-3,5,-52
1754122723.09946,-6,0,-46
1754122723.13746,-5,2,-67
1754122723.17646,-4,-5,-57
1754122723.21246,-1,0,-55
1754122723.25046,-1,0,-58
1754122723.28846,0,-1,-62
1754122723.32746,-1,1,-63
1754122723.36346,3,0,-58
1754122723.40046,1,0,-64
1754122723.43846,-1,-7,-59
1754122723.47746,-4,-3,-62
1754122723.5134602,-1,-1,-73
1754122723.55146,0,0,-52
1754122723.58946,-6,3,-57
1754122723.62746,-4,-1,-59
1754122723.66646,-9,-6,-59
1754122723.70246,-1,-5,-59
1754122723.74146,5,-10,-67
1754122723.77846,0,0,-66
1754122723.81746,6,0,-71
1754122723.85346,2,4,-75
1754122723.8914602,0,0,-67
1754122723.92846,0,-1,-71
1754122723.9674602,3,0,-67
1754122724.0034602,-2,-2,-65
1754122724.04146,0,-5,-68
1754122724.07946,2,-8,-64
1754122724.1184602,-11,2,-69
1754122724.15646,-2,0,-61
1754122724.19246,0,-3,-65
1754122724.2304602,-4,0,-74
1754122724.26846,4,-4,-71
1754122724.30746,-1,-2,-66
1754122724.34346,-2,3,-65
1754122724.3814602,3,4,-56
1754122724.42046,-2,1,-61
1754122724.45846,2,-2,-72
1754122724.4964602,6,-1,-62
1754122724.5324602,0,8,-56
1754122724.57046,0,1,-66
1754122724.6084602,3,-3,-59
1754122724.64746,-6,0,-61
1754122724.68346,4,-4,-66
1754122724.72146,-5,4,-71
1754122724.7594602,-9,-1,-68
1754122724.79846,0,-1,-66
1754122724.83646,1,-5,-70
1754122724.87246,2,0,-54
1754122724.90946,-4,-1,-49
1754122724.94846,-4,1,-65
1754122724.9864602,-14,4,-82
1754122725.02246,-3,3,-74
1754122725.06046,-7,-2,-62
1754122725.09946,-2,5,-60
1754122725.13746,1,0,-54
1754122725.17346,0,0,-57
1754122725.2104602,0,-3,-66
1754122725.24946,-1,-1,-71
1754122725.28746,-8,-6,-63
1754122725.32346,-10,-2,-55
1754122725.3614602,-4,2,-58
1754122725.39946,1,-4,-69
1754122725.43846,-3,1,-62
1754122725.47446,-5,0,-57
1754122725.51246,-11,3,-66
1754122725.55046,-5,5,-70
1754122725.5884602,-9,7,-65
1754122725.62746,-2,1,-59
1754122725.66346,0,2,-63
1754122725.70246,-1,6,-65
1754122725.73946,-1,0,-70
1754122725.77846,1,-3,-61
1754122725.81446,1,0,-58
1754122725.85246,5,-6,-66
1754122725.89046,2,-4,-61
1754122725.92846,0,-4,-65
1754122725.9674602,4,-2,-66
1754122726.0034602,7,-8,-57
1754122726.04146,-1,-4,-57
1754122726.07946,1,-3,-64
1754122726.1184602,-7,-2,-71
1754122726.1544602,-5,-4,-62
1754122726.19346,1,-2,-62
1754122726.2304602,-1,0,-53
1754122726.2694602,-8,6,-66
1754122726.30746,1,-1,-57
1754122726.34346,3,4,-59
1754122726.38046,2,2,-60
1754122726.41946,3,-2,-63
1754122726.4574602,0,-5,-59
1754122726.4934602,2,3,-62
1754122726.53146,-5,-4,-56
1754122726.5694602,0,-9,-58
1754122726.60746,-4,-2,-55
1754122726.64346,-7,0,-66
1754122726.68146,0,-3,-64
1754122726.71946,-1,-3,-52
1754122726.75746,-1,-4,-68
1754122726.79346,-4,-5,-52
1754122726.83146,2,0,-57
1754122726.86946,-3,1,-60
1754122726.90846,0,-4,-65
1754122726.9444602,0,-1,-64
1754122726.98246,1,-6,-66
1754122727.02146,0,-4,-63
1754122727.0594602,0,0,-67
1754122727.09746,0,0,-72
1754122727.13346,-6,-4,-77
1754122727.17246,0,0,-72
1754122727.20946,2,1,-72
1754122727.24846,-1,0,-58
1754122727.28446,0,5,-54
1754122727.32146,7,-1,-65
1754122727.35946,-2,-5,-62
1754122727.39846,-5,0,-47
1754122727.4344602,-6,-1,-47
1754122727.47246,-3,3,-53
1754122727.51046,-8,0,-57
1754122727.5494602,-3,-2,-65
1754122727.58746,0,-1,-57
1754122727.62346,-12,-3,-58
1754122727.6614602,-7,-1,-64
1754122727.69946,0,0,-60
1754122727.73846,-5,8,-53
1754122727.77446,3,6,-72
1754122727.81146,-5,3,-67
1754122727.84946,-8,-5,-68
1754122727.8884602,-5,-4,-73
1754122727.9244602,-5,-3,-72
1754122727.96246,3,-2,-61
1754122728.00146,-2,-5,-66
1754122728.0394602,0,2,-62
1754122728.0754602,0,-5,-59
1754122728.11246,-6,0,-57
1754122728.1514602,-2,0,-57
1754122728.18946,1,-7,-52
1754122728.22546,8,2,-52
1754122728.26246,4,-3,-59
1754122728.30146,3,-1,-63
1754122728.33946,1,3,-69
1754122728.37546,0,-6,-65
1754122728.4144602,-4,-2,-61
1754122728.45146,-4,5,-64
1754122728.48946,-2,2,-64
1754122728.52846,1,-1,-59
1754122728.56446,1,5,-63
1754122728.60146,2,-6,-70
1754122728.64046,0,1,-61
1754122728.67846,-3,-1,-72
1754122728.71446,5,2,-73
1754122728.75146,4,2,-63
1754122728.79046,0,0,-60
1754122728.82846,0,-4,-59
1754122728.86446,-5,-11,-56
1754122728.90246,4,-2,-65
1754122728.9404602,5,-6,-60
1754122728.97946,-2,-9,-64
1754122729.01546,0,0,-59
1754122729.05346,-7,0,-57
1754122729.09146,-2,-8,-64
1754122729.13046,-1,-2,-64
1754122729.16846,3,4,-61
1754122729.20446,0,3,-55
1754122729.24146,1,-1,-49
1754122729.28046,3,-1,-59
1754122729.31846,-2,1,-60
1754122729.35446,-10,0,-66
1754122729.39246,-10,-2,-61
1754122729.43046,-9,2,-55
1754122729.46946,-6,2,-56
1754122729.50546,0,6,-65
1754122729.5424602,1,2,-65
1754122729.58046,1,3,-64
1754122729.61946,10,-3,-68
1754122729.65546,4,-3,-66
1754122729.69346,0,-4,-67
1754122729.73146,-4,1,-62
1754122729.77046,-1,-6,-66
1754122729.80846,5,-9,-66
1754122729.8454602,5,-4,-66
1754122729.88346,-1,-1,-58
1754122729.9214602,0,0,-66
1754122729.9604602,7,-3,-51
1754122729.9964602,-3,-2,-55
1754122730.03446,-5,1,-60
1754122730.0724602,-5,-4,-66
1754122730.11046,-6,8,-68
1754122730.14946,0,0,-63
1754122730.18546,0,1,-69
1754122730.22446,-4,-2,-76
1754122730.26146,1,-1,-61
1754122730.30046,4,-6,-67
1754122730.33746,0,-3,-66
1754122730.37446,-1,-4,-67
1754122730.41346,-5,1,-62
1754122730.4504602,-3,-3,-64
1754122730.48946,-5,-3,-64
1754122730.52546,-3,0,-63
1754122730.56346,4,2,-67
1754122730.60146,-1,2,-53
1754122730.64046,-4,-5,-54
1754122730.67646,-5,-1,-53
1754122730.71446,-4,-3,-49
1754122730.75246,-5,1,-63
1754122730.79146,-3,-1,-67
1754122730.82946,0,-3,-64
1754122730.8654602,-3,1,-63
1754122730.90346,2,4,-60
1754122730.94146,1,-1,-62
1754122730.9804602,0,0,-63
1754122731.0164602,3,-1,-58
1754122731.05346,-5,-1,-66
1754122731.09146,0,0,-69
1754122731.13046,-4,-1,-63
1754122731.16646,1,-3,-60
1754122731.20346,-3,0,-51
1754122731.24146,0,-9,-61
1754122731.28046,-4,-5,-64
1754122731.31646,-8,-3,-66
1754122731.35446,1,0,-66
1754122731.39246,8,1,-69
1754122731.43146,3,0,-63
1754122731.46946,-3,5,-63
1754122731.50546,5,2,-71
1754122731.54346,4,-5,-63
1754122731.58146,0,-1,-57
1754122731.61946,-2,-1,-54
1754122731.65546,2,0,-63
1754122731.69246,3,-3,-59
1754122731.73146,-1,-1,-61
1754122731.7694602,1,5,-51
1754122731.81346,5,0,-50
1754122731.85246,-2,-2,-57
1754122731.89046,2,-3,-46
1754122731.92646,-1,-1,-56
1754122731.96446,0,4,-62
1754122732.0034602,0,5,-60
1754122732.04146,-7,4,-62
1754122732.07946,2,2,-60
1754122732.1154602,0,0,-80
1754122732.15346,1,1,-61
1754122732.19146,-2,6,-76
1754122732.22746,-5,0,-70
1754122732.2664602,-4,-11,-65
1754122732.30346,-6,-6,-69
1754122732.34146,0,0,-78
1754122732.38046,-6,-3,-59
1754122732.41646,-5,0,-53
1754122732.45446,-4,-2,-59
1754122732.49246,1,-2,-74
1754122732.53146,7,-2,-65
1754122732.56746,8,-2,-64
1754122732.60646,-3,1,-59
1754122732.64346,2,4,-55
1754122732.68246,1,4,-54
1754122732.7204602,3,1,-68
1754122732.7564602,-2,-3,-65
1754122732.79546,3,2,-63
1754122732.8324602,-3,-1,-63
1754122732.8714602,1,-2,-57
1754122732.9074602,5,-1,-65
1754122732.94546,0,0,-69
1754122732.98246,3,-2,-56
1754122733.02146,0,-2,-62
1754122733.05746,0,0,-72
1754122733.0954602,1,0,-68
1754122733.13246,-1,-5,-55
1754122733.1714602,-2,1,-60
1754122733.2074602,-2,4,-72
1754122733.24546,-2,-5,-63
1754122733.28346,-4,3,-56
1754122733.3224602,-1,6,-55
1754122733.36046,-7,5,-59
1754122733.39646,-2,7,-59
1754122733.43546,-3,0,-70
1754122733.47246,-5,-8,-70
1754122733.51146,1,-2,-64
1754122733.54746,3,-5,-65
1754122733.58646,-5,-2,-63
1754122733.62346,-4,-3,-69
1754122733.66246,0,-6,-60
1754122733.7004602,-5,-6,-55
1754122733.7364602,-2,0,-72
1754122733.77446,-1,0,-73
1754122733.8124602,0,-3,-68
1754122733.85146,-2,-3,-60
1754122733.88746,2,-4,-56
1754122733.92546,1,1,-58
1754122733.9634602,0,3,-66
1754122734.00246,6,-3,-66
1754122734.04046,-4,-2,-60
1754122734.07646,-7,3,-63
1754122734.11446,-10,0,-73
1754122734.15246,-15,3,-68
1754122734.19146,-1,-2,-58
1754122734.22746,1,-4,-66
1754122734.26546,-1,4,-62
1754122734.30346,0,1,-59
1754122734.3424602,1,-2,-61
1754122734.38046,1,-3,-61
1754122734.41646,-1,-1,-60
1754122734.45546,-7,-8,-56
1754122734.49246,2,-4,-74
1754122734.53146,9,-10,-74
1754122734.56746,3,-6,-69
1754122734.6054602,4,-6,-70
1754122734.6444602,-3,0,-70
1754122734.68246,-10,8,-60
1754122734.71846,-6,-1,-61
1754122734.7564602,0,0,-65
1754122734.79446,-2,0,-52
1754122734.8324602,-2,-1,-63
1754122734.8714602,3,0,-61
1754122734.9074602,0,-2,-66
1754122734.94546,-4,0,-61
1754122734.9834602,0,-4,-68
1754122735.02246,1,2,-73
1754122735.05846,-3,-2,-61
1754122735.09746,0,0,-65
1754122735.1344602,-1,0,-58
1754122735.17246,-2,3,-58
1754122735.21146,0,0,-66
1754122735.24746,2,0,-73
1754122735.28446,4,3,-66
1754122735.3224602,-1,0,-60
1754122735.3614602,4,-2,-55
1754122735.39746,7,-9,-56
1754122735.4344602,6,-2,-55
1754122735.4734602,0,5,-49
1754122735.51146,8,0,-56
1754122735.54746,5,-3,-59
1754122735.5854602,1,-1,-66
1754122735.62346,-2,-1,-61
1754122735.66246,-7,3,-60
1754122735.69846,-1,0,-64
1754122735.7364602,0,0,-64
1754122735.77446,3,0,-59
1754122735.81346,-6,4,-55
1754122735.85146,7,0,-66
1754122735.88746,3,0,-68
1754122735.9244602,-6,2,-67
1754122735.9634602,-9,3,-69
1754122736.00146,-6,0,-64
1754122736.03746,0,1,-67
1754122736.0754602,1,-3,-57
1754122736.11346,2,-3,-70
1754122736.1514602,9,0,-60
1754122736.1874602,4,-3,-56
1754122736.22646,-6,0,-57
1754122736.2634602,-2,-5,-52
1754122736.3024602,-8,-1,-64
1754122736.3384602,-9,2,-60
1754122736.37646,-2,-5,-59
1754122736.4144602,-6,-1,-69
1754122736.45346,-6,0,-52
1754122736.49146,2,5,-55
1754122736.52746,-1,5,-69
1754122736.5654602,0,4,-69
1754122736.60346,4,0,-72
1754122736.64246,2,3,-75
1754122736.67846,-5,4,-65
1754122736.71646,-3,-3,-70
1754122736.75446,1,0,-57
1754122736.79346,-1,0,-62
1754122736.82946,0,4,-71
1754122736.86746,3,3,-71
1754122736.9044602,12,1,-70
1754122736.94346,5,0,-64
1754122736.97946,9,-3,-66
1754122737.0164602,3,1,-60
1754122737.05446,5,-4,-61
1754122737.09346,1,-6,-60
1754122737.12946,1,0,-70
1754122737.16646,0,4,-56
1754122737.20446,-4,-1,-71
1754122737.2434602,0,-9,-70
1754122737.2794602,-5,-6,-75
1754122737.31746,-8,-2,-71
1754122737.3554602,-2,3,-74
1754122737.39346,0,0,-66
1754122737.43246,0,-3,-56
1754122737.46846,-7,-7,-53
1754122737.5064602,-9,0,-57
1754122737.54446,-8,-6,-59
1754122737.58346,-4,-4,-59
1754122737.61946,-10,-4,-61
1754122737.6574602,-5,3,-64
1754122737.69546,-7,-5,-63
1754122737.73446,-10,2,-52
1754122737.77246,-2,0,-51
1754122737.80846,5,0,-51
1754122737.8454602,2,-3,-58
1754122737.8844602,10,0,-66
1754122737.92246,2,0,-61
1754122737.95846,3,-5,-66
1754122737.9964602,0,-4,-75
1754122738.03446,10,2,-74
1754122738.07346,0,5,-58
1754122738.10946,6,3,-68
1754122738.14646,0,5,-71
1754122738.1844602,-3,2,-63
1754122738.2234602,-4,0,-67
1754122738.2594602,-3,2,-54
1754122738.29746,-6,1,-59
1754122738.33646,-6,-11,-59
1754122738.37446,-2,-3,-62
1754122738.41246,0,-2,-65
1754122738.44946,0,-4,-72
1754122738.4864602,1,-4,-66
1754122738.52446,6,0,-66
1754122738.56346,-3,-1,-64
1754122738.59946,2,-5,-54
1754122738.63746,-1,-1,-64
1754122738.67546,0,4,-62
1754122738.71446,-3,1,-72
1754122738.75246,3,2,-64
1754122738.78846,0,0,-55
1754122738.82646,0,-11,-66
1754122738.86446,0,0,-53
1754122738.90346,-1,-5,-61
1754122738.93946,0,-7,-74
1754122738.97846,-3,-3,-72
1754122739.01546,0,0,-61
1754122739.05446,-2,-5,-56
1754122739.0924602,-1,-2,-63
1754122739.1284602,1,0,-63
1754122739.16546,0,-1,-62
1754122739.20446,1,-6,-55
1754122739.2404602,4,-1,-69
1754122739.27846,7,2,-67
1754122739.31646,1,1,-60
1754122739.35446,3,1,-61
1754122739.39346,-4,3,-65
1754122739.42946,0,4,-63
1754122739.4674602,0,0,-54
1754122739.50546,-4,-1,-59
1754122739.54446,3,-4,-61
1754122739.58046,-4,2,-65
1754122739.6184602,3,-1,-63
1754122739.6574602,6,-2,-74
1754122739.6944602,4,0,-66
1754122739.7334602,-8,2,-67
1754122739.7694602,3,3,-65
1754122739.80746,3,3,-73
1754122739.84446,2,3,-59
1754122739.88346,4,1,-66
1754122739.91946,0,0,-61
1754122739.9574602,-5,2,-59
1754122739.99446,8,3,-61
1754122740.03346,4,-6,-59
1754122740.0694602,5,-2,-57
1754122740.10746,0,-9,-61
1754122740.14546,0,1,-64
1754122740.18346,2,-1,-63
1754122740.21946,0,0,-58
1754122740.25746,-7,-7,-53
1754122740.29546,0,0,-66
1754122740.33346,-1,3,-60
1754122740.36946,0,-5,-64
1754122740.4074602,3,0,-69
1754122740.44546,7,6,-55
1754122740.48446,0,-1,-60
1754122740.52046,1,0,-62
1754122740.55746,-1,0,-52
1754122740.5954602,1,0,-55
1754122740.6344602,-1,1,-65
1754122740.67046,-2,-4,-76
1754122740.70846,-4,3,-65
1754122740.7464602,-3,0,-72
1754122740.78546,1,1,-62
1754122740.82346,5,5,-71
1754122740.85946,1,5,-81
1754122740.89746,3,0,-73
1754122740.93546,8,-12,-58
1754122740.97446,2,-3,-69
1754122741.01046,2,2,-61
1754122741.04746,3,-1,-54
1754122741.0854602,-3,-2,-61
1754122741.12446,-5,-5,-62
1754122741.16046,-2,1,-51
1754122741.19846,-5,0,-63
1754122741.2364602,1,-1,-66
1754122741.27546,-3,3,-73
1754122741.31346,5,0,-69
1754122741.34946,10,3,-56
1754122741.38646,1,4,-63
1754122741.42546,-3,8,-55
1754122741.46146,0,0,-64
1754122741.49946,0,-2,-54
1754122741.53746,9,0,-59
1754122741.57646,2,-6,-60
1754122741.61446,2,3,-48
1754122741.65046,5,-3,-59
1754122741.6874602,1,-4,-69
1754122741.72646,2,-6,-66
1754122741.76446,0,-1,-65
1754122741.80046,-1,-8,-59
1754122741.84646,-2,-3,-61
1754122741.8844602,-2,-2,-52
1754122741.92046,3,3,-55
1754122741.9574602,2,5,-60
1754122741.9964602,0,7,-58
1754122742.03446,4,0,-60
1754122742.07046,10,2,-67
1754122742.10746,1,-2,-66
1754122742.14546,6,-2,-73
1754122742.1844602,5,-3,-69
1754122742.2204602,-3,-8,-68
1754122742.2594602,3,-4,-56
1754122742.2964602,3,0,-56
1754122742.3354602,1,0,-60
1754122742.37246,0,2,-58
1754122742.40946,6,8,-56
1754122742.4474602,0,5,-73
1754122742.4864602,5,2,-69
1754122742.52446,-2,-3,-67
1754122742.56046,5,0,-62
1754122742.5984602,0,3,-63
1754122742.63646,-1,2,-69
1754122742.67546,-9,3,-61
1754122742.71146,0,1,-60
1754122742.74846,0,1,-59
1754122742.7864602,0,2,-49
1754122742.8254602,-2,0,-57
1754122742.8614602,0,2,-55
1754122742.89846,-8,4,-53
1754122742.93646,-2,0,-58
1754122742.97546,3,0,-63
1754122743.01146,1,0,-64
1754122743.04846,1,0,-60
1754122743.08646,-1,3,-62
1754122743.12546,3,0,-64
1754122743.1614602,5,3,-63
1754122743.19946,18,8,-63
1754122743.2364602,7,0,-61
1754122743.27546,8,-3,-59
1754122743.31146,11,0,-66
1754122743.34946,-2,-7,-65
1754122743.38646,-2,-5,-59
1754122743.42546,3,-1,-68
1754122743.46146,4,1,-70
1754122743.49946,0,1,-69
1754122743.53846,1,1,-60
1754122743.57646,-5,-7,-66
1754122743.61446,0,-1,-66
1754122743.65046,4,4,-58
1754122743.6874602,5,-5,-55
1754122743.72646,1,1,-63
1754122743.76246,0,-2,-61
1754122743.7994602,1,0,-64
1754122743.83746,9,0,-62
1754122743.87646,2,7,-65
1754122743.91246,2,11,-66
1754122743.94946,-2,3,-61
1754122743.98746,-1,6,-72
1754122744.0264602,3,3,-69
1754122744.0624602,0,1,-63
1754122744.09946,0,1,-57
1754122744.13746,0,0,-68
1754122744.17646,0,2,-69
1754122744.21246,2,-1,-61
1754122744.25146,-4,1,-62
1754122744.28846,-8,0,-62
1754122744.32646,-4,0,-52
1754122744.3654602,-1,0,-58
1754122744.4014602,-5,-4,-64
1754122744.43946,0,0,-65
1754122744.47846,0,0,-61
1754122744.5164602,5,-1,-50
1754122744.5524602,0,0,-59
1754122744.59146,5,0,-62
1754122744.6284602,-1,0,-58
1754122744.6674602,-2,-4,-71
1754122744.70546,1,0,-67
1754122744.74146,1,-2,-68
1754122744.77846,1,-5,-57
1754122744.81746,0,1,-67
1754122744.8554602,-3,3,-64
1754122744.8914602,0,-2,-56
1754122744.92846,0,-2,-52
1754122744.9674602,-4,2,-54
1754122745.00546,-1,0,-62
1754122745.04146,3,-10,-66
1754122745.07946,1,-1,-67
1754122745.11746,-1,-10,-63
1754122745.15646,-8,2,-61
1754122745.19246,-1,-2,-66
1754122745.23146,3,-1,-66
1754122745.27046,-3,2,-70
1754122745.30746,-6,-3,-67
1754122745.34646,0,-2,-69
1754122745.38246,-1,2,-64
1754122745.42046,-2,-2,-61
1754122745.45846,-2,-4,-57
1754122745.49746,2,0,-66
1754122745.53546,-2,0,-65
1754122745.57146,-6,0,-57
1754122745.60946,-7,-4,-54
1754122745.64746,-2,-5,-63
1754122745.68646,0,-3,-63
1754122745.72246,0,-10,-58
1754122745.76046,1,-7,-57
1754122745.79846,3,-2,-60
1754122745.83746,-2,4,-69
1754122745.87546,2,-5,-53
1754122745.91246,2,-5,-65
1754122745.9504602,5,-7,-64
1754122745.98846,0,2,-56
1754122746.02746,5,4,-59
1754122746.06346,2,1,-63
1754122746.10046,1,0,-61
1754122746.1384602,4,8,-53
1754122746.1774602,2,-3,-62
1754122746.2134602,3,-3,-65
1754122746.25146,-4,-3,-60
1754122746.29046,-6,3,-65
1754122746.32746,-1,0,-67
1754122746.36646,1,-3,-62
1754122746.40346,0,-3,-63
1754122746.4404602,1,-3,-61
1754122746.47846,-1,0,-65
1754122746.51746,-7,1,-66
1754122746.55346,0,3,-72
1754122746.59046,-1,6,-64
1754122746.6284602,-6,4,-68
1754122746.6674602,-5,-1,-70
1754122746.70346,2,-8,-64
1754122746.74146,7,-5,-62
1754122746.7794602,-3,-2,-50
1754122746.81746,-5,0,-53
1754122746.85646,1,-2,-66
1754122746.89246,1,-2,-67
1754122746.93046,-2,-6,-68
1754122746.96946,4,-4,-60
1754122747.00746,3,-1,-60
1754122747.04346,0,-4,-57
1754122747.08146,0,0,-63
1754122747.11946,-3,-1,-73
1754122747.15846,1,-9,-66
1754122747.19646,5,-5,-58
1754122747.23246,3,7,-60
1754122747.2694602,-1,3,-60
1754122747.30846,-11,5,-68
1754122747.34646,-7,-6,-68
1754122747.38246,-4,-2,-61
1754122747.42046,4,0,-66
1754122747.45846,2,-2,-70
1754122747.49746,0,-7,-69
1754122747.53346,1,3,-57
1754122747.57146,-3,1,-62
1754122747.61046,2,-2,-66
1754122747.64846,4,-8,-64
1754122747.68646,2,-4,-65
1754122747.72246,2,0,-61
1754122747.76046,9,0,-66
1754122747.79846,10,0,-57
1754122747.83746,1,0,-60
1754122747.87346,2,1,-60
1754122747.91046,-3,0,-53
1754122747.94846,-4,0,-56
1754122747.98746,-2,-1,-59
1754122748.02346,-3,-8,-56
1754122748.06146,-4,-4,-56
1754122748.09946,1,0,-57
1754122748.1384602,2,-2,-50
1754122748.17646,0,-2,-63
1754122748.21246,2,0,-67
1754122748.24946,3,0,-75
1754122748.28846,0,1,-69
1754122748.32446,-5,1,-64
1754122748.36246,0,-5,-72
1754122748.40046,0,-5,-63
1754122748.43946,0,0,-70
1754122748.47746,-1,-3,-59
1754122748.5134602,-6,-3,-55
1754122748.5524602,-3,-1,-62
1754122748.58946,-5,-5,-65
1754122748.6284602,-2,-5,-62
1754122748.6644602,0,-4,-65
1754122748.70246,0,-8,-62
1754122748.73946,1,-9,-64
1754122748.77846,0,3,-75
1754122748.81446,0,-3,-74
1754122748.85246,2,-2,-55
1754122748.88946,4,-4,-60
1754122748.92846,-6,0,-63
1754122748.96446,-8,-2,-61
1754122749.00246,3,-4,-63
1754122749.04046,0,-2,-61
1754122749.07846,-3,-3,-66
1754122749.11746,-10,-2,-62
1754122749.15346,-7,-4,-50
1754122749.19146,-4,-6,-52
1754122749.2304602,-7,1,-64
1754122749.26846,-1,4,-59
1754122749.30446,-2,-2,-58
1754122749.34346,-3,-2,-55
1754122749.38046,0,-5,-59
1754122749.41946,-1,-5,-71
1754122749.4574602,2,1,-62
1754122749.4934602,3,0,-70
1754122749.53046,-5,-6,-55
1754122749.5694602,0,-2,-68
1754122749.60746,3,-1,-68
1754122749.64346,-1,0,-72
1754122749.68046,0,-3,-56
1754122749.71946,-1,-5,-61
1754122749.75746,-5,-5,-61
1754122749.79346,-10,-4,-66
1754122749.83146,-5,-6,-64
1754122749.86946,-3,-6,-74
1754122749.90846,3,-5,-62
1754122749.9444602,-1,1,-55
1754122749.98246,0,3,-51
1754122750.02046,2,1,-57
1754122750.0594602,0,-5,-69
1754122750.09746,1,1,-62
1754122750.13346,1,9,-68
1754122750.17046,0,6,-67
1754122750.20946,6,1,-61
1754122750.24746,0,5,-54
1754122750.28346,4,2,-58
1754122750.32046,0,3,-56
1754122750.35946,-6,-2,-65
1754122750.39746,-5,-3,-63
1754122750.43346,0,4,-57
1754122750.4704602,0,1,-57
1754122750.5094602,-5,1,-63
1754122750.54546,-5,3,-70
1754122750.5824602,-3,1,-54
1754122750.62046,-8,4,-62
1754122750.65946,-2,-1,-64
1754122750.69546,-2,5,-65
1754122750.7334602,5,-1,-63
1754122750.77146,0,-4,-63
1754122750.8094602,-4,-5,-70
1754122750.8454602,1,-7,-66
1754122750.88246,-11,-2,-57
1754122750.92046,-1,1,-65
1754122750.95946,-2,-1,-70
1754122750.99546,0,2,-82
1754122751.0324602,1,-6,-74
1754122751.07146,3,-4,-57
1754122751.10946,4,-3,-73
1754122751.14546,4,-3,-65
1754122751.18246,-8,-7,-64
1754122751.22146,-5,1,-56
1754122751.2594602,4,-1,-64
1754122751.29546,0,3,-58
1754122751.3324602,3,3,-67
1754122751.3714602,1,-1,-57
1754122751.40946,0,-9,-63
1754122751.44546,0,-1,-72
1754122751.48446,7,-3,-72
1754122751.52146,3,-3,-61
1754122751.56046,-3,-5,-62
1754122751.5984602,0,-1,-66
1754122751.6344602,3,5,-84
1754122751.6714602,0,4,-77
1754122751.7104602,0,-4,-63
1754122751.74846,-1,-3,-59
1754122751.78446,-1,-3,-63
1754122751.8224602,-4,0,-62
1754122751.8684602,0,-3,-62
1754122751.9044602,2,-2,-59
1754122751.94246,0,-9,-59
1754122751.9804602,-6,-4,-52
1754122752.0194602,-5,1,-61
1754122752.05546,-8,0,-59
1754122752.0924602,-6,3,-64
1754122752.13046,-2,6,-63
1754122752.16946,-3,0,-63
1754122752.20546,3,-6,-56
1754122752.2434602,-6,-4,-48
1754122752.28146,1,-5,-58
1754122752.32046,4,-4,-57
1754122752.3584602,0,2,-46
1754122752.3944602,-7,-3,-60
1754122752.43246,-6,4,-66
1754122752.4704602,-4,-3,-65
1754122752.5094602,0,-7,-54
1754122752.54546,3,-2,-59
1754122752.58446,0,-1,-69
1754122752.6214602,0,-1,-50
1754122752.66046,-3,1,-57
1754122752.69846,0,1,-57
1754122752.73546,-8,-2,-63
1754122752.77346,-1,1,-68
1754122752.81146,-3,-2,-58
1754122752.85046,-10,0,-69
1754122752.88646,-4,0,-58
1754122752.9244602,-3,1,-75
1754122752.96246,3,-8,-69
1754122753.00046,2,-2,-72
1754122753.0394602,-3,-4,-63
1754122753.0754602,-8,-3,-70
1754122753.11346,-5,-3,-75
1754122753.1514602,0,-5,-66
1754122753.1904602,0,-1,-62
1754122753.22746,-4,0,-70
1754122753.26446,-7,-1,-70
1754122753.3024602,1,-8,-65
1754122753.34146,0,0,-69
1754122753.37946,2,-3,-62
1754122753.41546,0,-5,-57
1754122753.45446,-6,0,-61
1754122753.49146,-2,0,-57
1754122753.53046,6,0,-58
1754122753.56646,5,-5,-64
1754122753.60446,1,-5,-53
1754122753.64246,-4,-6,-59
1754122753.68046,-9,-4,-67
1754122753.71946,-2,-1,-63
1754122753.75546,-3,2,-57
1754122753.79346,-7,-5,-60
1754122753.8324602,-7,0,-51
1754122753.87046,-1,-2,-63
1754122753.90646,3,0,-55
1754122753.9444602,6,-4,-63
1754122753.98146,0,1,-63
1754122754.02046,-1,2,-60
1754122754.05646,3,-7,-62
1754122754.09446,-2,-2,-64
1754122754.13346,4,-3,-72
1754122754.1714602,-1,-3,-63
1754122754.20946,4,1,-56
1754122754.24546,5,3,-51
1754122754.28346,6,2,-60
1754122754.32146,4,-4,-63
1754122754.35946,5,-5,-64
1754122754.39546,1,0,-67
1754122754.43346,-1,-4,-65
1754122754.47146,1,-5,-60
1754122754.5094602,0,-2,-59
1754122754.54546,0,0,-57
1754122754.58346,-4,6,-59
1754122754.6214602,2,8,-66
1754122754.65946,2,5,-70
1754122754.69546,-1,0,-61
1754122754.7334602,-4,0,-59
1754122754.77146,-4,-3,-66
1754122754.8094602,-1,0,-58
1754122754.8454602,1,1,-57
1754122754.88346,0,-5,-65
1754122754.9214602,3,-4,-64
1754122754.95946,-7,0,-63
1754122754.99546,-6,-1,-62
1754122755.03346,-2,4,-67
1754122755.07146,5,3,-67
1754122755.11046,-4,-1,-60
1754122755.14646,0,2,-55
1754122755.18346,-5,1,-69
1754122755.22146,-1,1,-65
1754122755.26046,1,2,-67
1754122755.2964602,0,2,-64
1754122755.33346,-8,-1,-60
1754122755.3714602,2,1,-56
1754122755.41046,7,1,-55
1754122755.44646,0,1,-52
1754122755.4834602,-9,-2,-61
1754122755.52146,6,-2,-62
1754122755.56046,4,-4,-76
1754122755.59646,0,-4,-65
1754122755.6344602,5,-1,-53
1754122755.67246,3,2,-61
1754122755.71146,3,5,-56
1754122755.74746,-3,5,-55
1754122755.78546,2,1,-62
1754122755.82346,2,-2,-64
1754122755.8614602,5,-4,-65
1754122755.90046,0,0,-66
1754122755.93646,4,3,-62
1754122755.97446,3,0,-64
1754122756.01146,2,2,-57
1754122756.05046,-4,3,-64
1754122756.08646,-2,-1,-60
1754122756.12446,0,-1,-58
1754122756.16246,1,0,-58
1754122756.20146,8,0,-54
1754122756.23746,-1,-2,-56
1754122756.27546,3,-5,-53
1754122756.31346,1,2,-48
1754122756.35246,2,-1,-57
1754122756.39046,-1,-1,-57
1754122756.42646,-1,2,-68
1754122756.46446,6,-2,-65
1754122756.5034602,2,-1,-72
1754122756.54146,16,1,-79
1754122756.57746,11,7,-76
1754122756.61446,5,5,-68
1754122756.65346,-3,7,-56
1754122756.69146,0,7,-53
1754122756.72746,5,-1,-61
1754122756.76546,15,1,-58
1754122756.80346,1,-1,-69
1754122756.8424602,0,-1,-64
1754122756.88046,2,3,-62
1754122756.91646,-4,0,-62
1754122756.95546,-5,2,-66
1754122756.99246,-1,7,-64
1754122757.03146,-2,1,-56
1754122757.06746,-2,0,-61
1754122757.1054602,-3,1,-48
1754122757.14346,-4,6,-60
1754122757.18246,0,-3,-72
1754122757.2204602,-3,-2,-67
1754122757.2564602,-2,-7,-55
1754122757.29446,-1,-4,-60
1754122757.3324602,2,-3,-67
1754122757.3714602,0,-8,-60
1754122757.4074602,0,-1,-62
1754122757.44546,5,2,-68
1754122757.4834602,6,10,-65
1754122757.52246,3,7,-72
1754122757.55846,0,0,-62
1754122757.5954602,-1,-4,-79
1754122757.63346,0,-8,-74
1754122757.67246,0,-2,-70
1754122757.70846,-3,0,-70
1754122757.7464602,0,2,-67
1754122757.78446,-2,2,-69
1754122757.82346,-5,-5,-61
1754122757.8614602,-7,-6,-47
1754122757.89746,-1,0,-55
1754122757.93646,-3,3,-54
1754122757.9734602,-2,-2,-66
1754122758.01246,0,-3,-56
1754122758.04846,-3,0,-54
1754122758.08646,-5,1,-74
1754122758.12446,-1,2,-56
1754122758.16246,-4,1,-56
1754122758.20146,-1,0,-80
1754122758.23746,2,-3,-68
1754122758.27546,0,1,-69
1754122758.31346,-6,-4,-67
1754122758.35246,0,1,-61
1754122758.3884602,1,-3,-62
1754122758.42546,1,0,-58
1754122758.4634602,-3,-2,-55
1754122758.50246,-2,-8,-62
1754122758.53846,-2,0,-57
1754122758.57646,-1,-5,-58
1754122758.61346,3,-6,-57
1754122758.65246,7,0,-61
1754122758.68846,5,1,-62
1754122758.72646,0,2,-60
1754122758.76446,-1,-4,-58
1754122758.80346,6,-2,-70
1754122758.84146,1,-1,-57
1754122758.87746,-8,0,-56
1754122758.91546,-10,-1,-61
1754122758.95346,-1,-1,-67
1754122758.99246,0,-2,-66
1754122759.02846,2,-5,-64
1754122759.06646,2,2,-65
1754122759.10446,2,-1,-76
1754122759.14346,2,0,-78
1754122759.18146,2,6,-65
1754122759.2174602,3,1,-63
1754122759.25446,7,-5,-75
1754122759.29346,-4,-3,-70
1754122759.33146,-5,-1,-66
1754122759.36746,-11,3,-69
1754122759.40646,6,-7,-70
1754122759.44346,5,-3,-61
1754122759.48246,7,-3,-71
1754122759.51846,2,0,-70
1754122759.55646,-2,4,-66
1754122759.59346,5,4,-54
1754122759.63246,8,-2,-61
1754122759.66846,6,-9,-65
1754122759.70546,-1,-12,-66
1754122759.7434602,-1,-5,-65
1754122759.7824602,-4,-2,-64
1754122759.81846,0,-3,-63
1754122759.8554602,3,-6,-64
1754122759.89346,6,3,-63
1754122759.93246,0,2,-62
1754122759.96846,0,-6,-66
1754122760.00546,-3,-2,-60
1754122760.04346,0,2,-65
1754122760.0824602,-7,0,-50
1754122760.1184602,0,3,-64
1754122760.15546,7,12,-55
1754122760.19346,0,7,-63
1754122760.23246,-9,4,-53
1754122760.26846,-3,0,-68
1754122760.30646,-4,-6,-65
1754122760.34346,0,0,-64
1754122760.38246,4,-3,-61
1754122760.41846,5,-7,-67
1754122760.45646,5,-2,-81
1754122760.49446,-3,-1,-71
1754122760.53346,-1,1,-50
1754122760.5694602,6,4,-66
1754122760.60646,7,11,-73
1754122760.6444602,0,5,-64
1754122760.68346,-1,-6,-60
1754122760.71946,3,-1,-57
1754122760.75746,-2,7,-67
1754122760.79546,-3,4,-56
1754122760.83446,3,-4,-62
1754122760.87246,-1,-3,-66
1754122760.90846,4,0,-65
1754122760.94546,-4,2,-72
1754122760.98446,-6,-3,-72
1754122761.02246,-9,0,-69
1754122761.05846,-1,-3,-66
1754122761.09646,-1,-3,-60
1754122761.13546,-3,-7,-64
1754122761.17346,0,-3,-59
1754122761.20946,2,-4,-59
1754122761.24846,-3,5,-72
1754122761.28546,6,0,-71
1754122761.32446,2,-3,-70
1754122761.36246,0,2,-65
1754122761.39846,3,-1,-60
1754122761.43646,0,-10,-54
1754122761.47446,-1,0,-59
1754122761.5134602,0,0,-53
1754122761.5494602,4,-5,-65
1754122761.58746,0,6,-50
1754122761.62646,2,5,-68
1754122761.6644602,2,4,-72
1754122761.70246,2,0,-66
1754122761.73846,1,2,-57
1754122761.7764602,0,-3,-61
1754122761.81446,-2,2,-70
1754122761.85346,1,-2,-63
1754122761.89646,-4,-2,-58
1754122761.9344602,-3,4,-59
1754122761.9734602,-3,2,-68
1754122762.0094602,-6,1,-74
1754122762.0464602,-3,12,-68
1754122762.08446,8,3,-61
1754122762.12346,0,0,-50
1754122762.15946,1,2,-59
1754122762.19646,3,3,-51
1754122762.23546,-6,-3,-63
1754122762.27346,0,-4,-61
1754122762.3094602,2,0,-59
1754122762.34646,-4,5,-60
1754122762.38546,-3,1,-67
1754122762.42346,-4,-2,-71
1754122762.45946,4,-5,-60
1754122762.4964602,4,-1,-78
1754122762.53446,2,2,-71
1754122762.57346,-8,1,-70
1754122762.60946,-8,3,-76
1754122762.64646,-3,3,-69
1754122762.6844602,-8,0,-77
1754122762.7234602,-6,2,-77
1754122762.7594602,-2,-3,-81
1754122762.79746,-4,-5,-62
1754122762.8354602,-15,2,-74
1754122762.87446,-11,2,-70
1754122762.91046,-1,1,-61
1754122762.9474602,3,-3,-64
1754122762.98546,-1,-6,-64
1754122763.02446,-4,6,-52
1754122763.06046,-1,-4,-62
1754122763.0984602,0,-1,-66
1754122763.13746,-1,0,-65
1754122763.17546,0,0,-64
1754122763.2134602,-13,-2,-55
1754122763.24946,0,0,-61
1754122763.28746,-13,3,-64
1754122763.3254602,-8,5,-61
1754122763.36446,-6,-2,-57
1754122763.40046,-3,2,-61
1754122763.43846,0,5,-52
1754122763.47646,0,4,-59
1754122763.51546,-4,0,-53
1754122763.55346,-3,7,-53
1754122763.58946,-4,2,-67
1754122763.62746,-4,2,-61
1754122763.66546,0,2,-68
1754122763.70446,0,-3,-58
1754122763.7404602,3,-2,-55
1754122763.77846,-3,3,-61
1754122763.81646,4,3,-58
1754122763.8554602,1,0,-59
1754122763.89346,-1,5,-64
1754122763.92946,0,1,-65
1754122763.96646,3,0,-75
1754122764.00546,2,0,-71
1754122764.04346,3,1,-74
1754122764.07946,4,0,-67
1754122764.11646,-1,3,-68
1754122764.15546,-1,0,-71
1754122764.19346,1,-3,-73
1754122764.22946,7,-1,-64
1754122764.26746,1,0,-64
1754122764.30546,-6,-1,-65
1754122764.34446,0,2,-59
1754122764.38046,5,0,-58
1754122764.41846,-8,-5,-58
1754122764.45646,3,-5,-66
1754122764.49546,-2,-1,-66
1754122764.53146,0,-3,-68
1754122764.5694602,0,4,-68
1754122764.60746,-1,0,-68
1754122764.64546,-7,5,-66
1754122764.6844602,1,-2,-71
1754122764.7204602,1,-3,-60
1754122764.75846,1,-2,-57
1754122764.79746,6,-2,-60
1754122764.8354602,5,-5,-59
1754122764.8714602,4,-4,-63
1754122764.90946,6,5,-60
1754122764.9474602,11,-1,-58
1754122764.98546,7,-4,-61
1754122765.02446,-1,-1,-66
1754122765.06046,-3,0,-68
1754122765.0984602,0,-1,-58
1754122765.13646,3,0,-47
1754122765.17546,6,-2,-48
1754122765.21146,1,5,-48
1754122765.24946,1,-2,-66
1754122765.28746,0,0,-80
1754122765.32646,-2,-4,-66
1754122765.36446,0,0,-69
1754122765.40046,0,-6,-62
1754122765.43846,-1,-4,-60
1754122765.47646,-2,1,-58
1754122765.51446,-4,-1,-72
1754122765.55046,-4,0,-68
1754122765.5884602,0,3,-55
1754122765.62646,0,0,-57
1754122765.6644602,4,1,-58
1754122765.7004602,5,-2,-60
1754122765.73846,5,0,-56
1754122765.7764602,1,2,-60
1754122765.81446,-3,1,-57
1754122765.85046,-4,1,-61
1754122765.8884602,2,2,-60
1754122765.92646,-7,3,-61
1754122765.96546,-3,-1,-65
1754122766.00146,-5,-4,-67
1754122766.0394602,0,-5,-63
1754122766.07746,0,-4,-69
1754122766.11646,-6,-3,-58
1754122766.1544602,-1,-7,-65
1754122766.1904602,2,-4,-65
1754122766.22846,3,-3,-55
1754122766.26746,2,1,-56
1754122766.30546,-5,-4,-62
1754122766.34146,-2,-2,-67
1754122766.38046,-4,-2,-55
1754122766.4174602,-1,-4,-70
1754122766.45646,0,-1,-66
1754122766.49446,-2,4,-71
1754122766.53146,0,2,-62
1754122766.57046,0,0,-74
1754122766.6084602,6,0,-61
1754122766.64646,2,1,-62
1754122766.6844602,-2,-1,-71
1754122766.72146,4,0,-72
1754122766.75846,0,-6,-65
1754122766.79746,-2,-4,-61
1754122766.8354602,-4,-3,-60
1754122766.8714602,3,1,-62
1754122766.90946,8,-5,-68
1754122766.9474602,-3,-4,-74
1754122766.9864602,2,-2,-70
1754122767.02246,-1,0,-58
1754122767.06046,-3,-6,-57
1754122767.0984602,7,3,-59
1754122767.13646,3,0,-66
1754122767.17546,2,0,-81
1754122767.21146,5,-2,-70
1754122767.24946,4,-7,-66
1754122767.28846,-4,0,-65
1754122767.32646,0,3,-54
1754122767.36246,-10,0,-60
1754122767.39946,0,1,-64
1754122767.4374602,5,-2,-67
1754122767.47646,-2,-7,-54
1754122767.51246,-4,-8,-55
1754122767.55046,0,0,-64
1754122767.5884602,0,0,-53
1754122767.62746,-3,0,-65
1754122767.66546,0,-2,-65
1754122767.70146,-6,0,-59
1754122767.73946,4,4,-59
1754122767.77746,-1,0,-58
1754122767.81646,0,-1,-66
1754122767.85246,3,-3,-64
1754122767.89046,0,-2,-69
1754122767.92846,1,7,-64
1754122767.9674602,1,3,-60
1754122768.00546,-1,1,-57
1754122768.04146,0,1,-53
1754122768.07846,-1,2,-56
1754122768.11746,5,-2,-71
1754122768.15546,2,-1,-78
1754122768.19146,-11,4,-75
1754122768.2304602,-1,-1,-65
1754122768.26746,-2,0,-62
1754122768.30646,-2,-5,-68
1754122768.3424602,1,-1,-71
1754122768.38046,3,-4,-69
1754122768.4174602,2,-5,-71
1754122768.45646,10,-7,-69
1754122768.49246,6,-7,-66
1754122768.53046,5,-7,-60
1754122768.56746,-1,-4,-64
1754122768.60646,-3,-1,-54
1754122768.64246,-9,4,-59
1754122768.68046,-10,8,-66
1754122768.7174602,-1,0,-60
1754122768.7564602,-5,-3,-65
1754122768.7924602,-1,0,-69
1754122768.83046,2,-4,-69
1754122768.86746,-3,1,-69
1754122768.90646,0,-6,-60
1754122768.94246,2,-5,-60
1754122768.9804602,3,-8,-60
1754122769.01846,1,2,-53
1754122769.05746,2,3,-61
1754122769.09346,-1,5,-62
1754122769.13046,-3,4,-70
1754122769.16846,1,0,-64
1754122769.2074602,-2,3,-81
1754122769.2434602,-3,-3,-72
1754122769.28146,-7,0,-61
1754122769.3194602,0,1,-64
1754122769.35746,-2,-2,-69
1754122769.39646,-3,0,-65
1754122769.43246,-5,0,-65
1754122769.47146,4,0,-63
1754122769.50846,4,0,-57
1754122769.54746,-1,-3,-53
1754122769.58346,-2,3,-59
1754122769.6214602,-8,-4,-52
1754122769.65946,-7,0,-60
1754122769.6974602,0,-2,-58
1754122769.7364602,4,-3,-62
1754122769.77246,0,0,-66
1754122769.8094602,3,0,-71
1754122769.84746,-1,0,-69
1754122769.88646,-2,3,-56
1754122769.92246,3,-1,-52
1754122769.9604602,1,-3,-49
1754122769.99846,-1,-2,-54
1754122770.03746,-4,-1,-55
1754122770.07346,-1,2,-69
1754122770.1114602,0,1,-70
1754122770.15046,0,-5,-67
1754122770.18846,-2,-3,-63
1754122770.22646,4,-1,-60
1754122770.26246,-2,-5,-64
1754122770.30046,-5,-6,-72
1754122770.3384602,0,-1,-66
1754122770.37746,7,3,-56
1754122770.41346,2,-3,-61
1754122770.45146,-3,-7,-60
1754122770.48946,0,-6,-79
1754122770.52846,-1,-10,-67
1754122770.56646,4,-9,-66
1754122770.60246,7,-11,-61
1754122770.6414602,5,-8,-66
1754122770.67846,0,1,-66
1754122770.7174602,0,0,-58
1754122770.7534602,5,5,-67
1754122770.79046,8,0,-66
1754122770.82846,9,0,-61
1754122770.86746,0,0,-56
1754122770.90346,-7,0,-69
1754122770.94146,0,0,-60
1754122770.9804602,-9,-4,-65
1754122771.01846,0,-4,-69
1754122771.05646,-6,-2,-60
1754122771.0924602,0,1,-61
1754122771.13046,-1,-5,-55
1754122771.16846,0,-7,-61
1754122771.20446,0,-9,-65
1754122771.24246,2,0,-60
1754122771.28146,-5,-3,-61
1754122771.31846,0,-2,-56
1754122771.35746,0,-3,-65
1754122771.39346,0,0,-70
1754122771.43046,-2,-1,-51
1754122771.46846,0,-4,-61
1754122771.50746,6,-5,-56
1754122771.54346,4,-6,-62
1754122771.58146,0,2,-59
1754122771.61946,9,4,-50
1754122771.65846,9,3,-63
1754122771.6944602,-1,4,-68
1754122771.73246,2,3,-55
1754122771.77146,1,-5,-56
1754122771.80846,0,0,-61
1754122771.84746,6,2,-64
1754122771.88346,3,4,-60
1754122771.92946,1,7,-71
1754122771.9674602,-1,4,-66
1754122772.0034602,-3,-2,-68
1754122772.04146,0,-1,-62
1754122772.07946,-3,0,-64
1754122772.1184602,0,-1,-61
1754122772.1544602,7,-2,-64
1754122772.19246,-1,-1,-68
1754122772.2304602,1,-6,-58
1754122772.2694602,0,4,-67
1754122772.30746,-1,-2,-62
1754122772.34346,2,0,-64
1754122772.38046,1,-2,-66
1754122772.41946,9,-3,-57
1754122772.4574602,1,-1,-56
1754122772.4934602,0,1,-55
1754122772.53046,2,3,-64
1754122772.5694602,3,0,-61
1754122772.60746,-2,0,-62
1754122772.64346,1,2,-59
1754122772.68046,1,2,-61
1754122772.71946,2,5,-68
1754122772.75746,4,0,-61
1754122772.79346,7,-11,-60
1754122772.83146,4,-2,-62
1754122772.86946,1,0,-58
1754122772.90846,4,1,-47
1754122772.9444602,11,5,-71
1754122772.9834602,5,5,-59
1754122773.02146,4,-5,-64
1754122773.0594602,7,-1,-63
1754122773.09746,2,-3,-67
1754122773.13346,4,-1,-69
1754122773.1714602,0,5,-67
1754122773.20946,2,-1,-64
1754122773.24846,2,4,-58
1754122773.28446,0,-4,-66
1754122773.3224602,7,-1,-49
1754122773.36046,-3,-3,-59
1754122773.39946,-2,0,-62
1754122773.4374602,2,-3,-55
1754122773.4734602,-3,-1,-54
1754122773.51146,-3,1,-60
1754122773.55046,0,0,-66
1754122773.5884602,4,-1,-53
1754122773.62446,6,-1,-70
1754122773.6614602,3,4,-68
1754122773.7004602,2,-4,-66
1754122773.73846,-3,-4,-58
1754122773.77446,2,-2,-56
1754122773.81346,0,-1,-57
1754122773.85046,-3,3,-56
1754122773.88946,5,0,-63
1754122773.92546,0,2,-61
1754122773.9634602,1,1,-64
1754122774.00046,6,1,-59
1754122774.0394602,-1,-2,-64
1754122774.0754602,0,-1,-58
1754122774.11346,3,0,-62
1754122774.15046,2,0,-59
1754122774.18946,-1,0,-66
1754122774.22546,2,-2,-71
1754122774.2634602,8,0,-66
1754122774.30146,6,-2,-68
1754122774.33946,5,-4,-67
1754122774.3784602,6,-6,-68
1754122774.4144602,2,0,-60
1754122774.45146,2,-4,-63
1754122774.4904602,0,-5,-62
1754122774.52846,2,-7,-56
1754122774.56446,4,-7,-55
1754122774.60246,1,-4,-65
1754122774.64046,13,-6,-62
1754122774.67946,6,0,-67
1754122774.71546,2,1,-71
1754122774.75246,6,-3,-63
1754122774.79146,-3,-7,-53
1754122774.82946,-6,2,-64
1754122774.8654602,-7,0,-68
1754122774.9044602,-4,1,-71
1754122774.94146,0,6,-80
1754122774.9804602,-3,-2,-64
1754122775.01846,3,-8,-64
1754122775.05446,-4,-4,-66
1754122775.0924602,-4,0,-57
1754122775.13046,3,0,-57
1754122775.16946,-1,13,-61
1754122775.20546,1,1,-52
1754122775.24246,0,-5,-55
1754122775.28046,2,3,-67
1754122775.3194602,0,0,-71
1754122775.3554602,3,-3,-71
1754122775.39346,1,-4,-67
1754122775.43146,2,-2,-63
1754122775.4704602,-5,-1,-61
1754122775.50846,0,5,-58
1754122775.54446,-2,2,-49
1754122775.58346,-1,0,-48
1754122775.62046,-6,2,-56
1754122775.65946,-7,-7,-78
1754122775.69546,-3,-5,-76
1754122775.7334602,0,-2,-64
1754122775.77146,0,1,-65
1754122775.81046,-2,6,-62
1754122775.84646,1,-5,-63
1754122775.8844602,0,0,-61
1754122775.92246,4,-3,-72
1754122775.9604602,-3,1,-61
1754122775.99946,0,0,-70
1754122776.03546,0,-1,-75
1754122776.07446,2,-10,-76
1754122776.1114602,-2,-6,-72
1754122776.15046,0,-7,-54
1754122776.1874602,2,-1,-47
1754122776.22446,0,-3,-56
1754122776.2634602,6,3,-67
1754122776.30046,4,-5,-66
1754122776.33946,2,-6,-61
1754122776.37546,-5,-2,-61
1754122776.41346,-3,3,-61
1754122776.45146,0,3,-62
1754122776.4904602,-9,4,-58
1754122776.5264602,-4,5,-67
1754122776.56446,-1,1,-63
1754122776.60246,-1,-1,-64
1754122776.64046,1,2,-64
1754122776.67946,0,3,-59
1754122776.71546,2,2,-69
1754122776.7534602,-8,-3,-80
1754122776.79146,-3,-4,-76
1754122776.83046,-1,0,-61
1754122776.86646,4,0,-69
1754122776.9044602,-3,-3,-66
1754122776.94146,-1,3,-55
1754122776.9804602,5,-3,-61
1754122777.0164602,2,-3,-59
1754122777.05446,-3,1,-61
1754122777.0924602,-1,0,-69
1754122777.1314602,0,1,-61
1754122777.16946,-1,-2,-64
1754122777.20546,-9,-4,-64
1754122777.2434602,-14,2,-54
1754122777.28146,-1,3,-60
1754122777.32046,0,-5,-52
1754122777.35646,-4,-2,-56
1754122777.3944602,-5,0,-60
1754122777.43346,0,4,-60
1754122777.47146,8,7,-59
1754122777.5094602,5,-4,-60
1754122777.54546,-1,-5,-69
1754122777.58346,-8,-5,-68
1754122777.6214602,-3,5,-74
1754122777.66046,0,6,-67
1754122777.69646,1,3,-58
1754122777.7334602,-3,0,-63
1754122777.77146,-1,-5,-57
1754122777.81046,-8,0,-65
1754122777.84646,-6,2,-61
1754122777.88346,-3,0,-49
1754122777.9214602,3,-1,-46
1754122777.9604602,1,0,-60
1754122777.9964602,-4,-1,-61
1754122778.03446,-5,3,-61
1754122778.0724602,-3,4,-63
1754122778.1114602,0,0,-70
1754122778.14746,2,1,-65
1754122778.1844602,-4,-1,-60
1754122778.22246,-3,-3,-55
1754122778.26146,-1,6,-56
1754122778.29746,-1,6,-52
1754122778.33646,0,-2,-63
1754122778.37346,-1,-8,-66
1754122778.4114602,-1,-6,-62
1754122778.4504602,-1,-7,-65
1754122778.4864602,-2,-4,-58
1754122778.52446,-2,-3,-53
1754122778.56346,-2,2,-67
1754122778.60146,-5,1,-58
1754122778.63746,3,2,-60
1754122778.6744602,3,0,-56
1754122778.7134602,5,3,-51
1754122778.75146,10,0,-55
1754122778.78746,0,7,-62
1754122778.82446,-4,-2,-63
1754122778.86346,0,2,-69
1754122778.9014602,-8,2,-72
1754122778.9374602,-2,3,-59
1754122778.97546,1,2,-59
1754122779.0134602,1,0,-55
1754122779.05146,-2,0,-56
1754122779.09046,4,0,-68
1754122779.12646,1,6,-61
1754122779.16346,1,2,-68
1754122779.20246,0,-4,-68
1754122779.2404602,4,-3,-59
1754122779.2764602,-7,2,-65
1754122779.31446,0,0,-72
1754122779.35346,0,-6,-63
1754122779.3914602,-1,3,-69
1754122779.4274602,1,0,-58
1754122779.46546,5,0,-51
1754122779.5034602,0,-6,-57
1754122779.54146,5,-4,-58
1754122779.57746,5,-1,-52
1754122779.6154602,6,-4,-62
1754122779.65346,3,-2,-60
1754122779.69246,2,-4,-55
1754122779.7304602,-1,-4,-58
1754122779.7664602,3,-8,-63
1754122779.80446,-4,-2,-73
1754122779.8424602,0,-1,-64
1754122779.8814602,-7,-1,-69
1754122779.9174602,-3,3,-59
1754122779.95546,-3,-6,-67
1754122779.9934602,0,-4,-61
1754122780.0324602,-1,-3,-71
1754122780.07046,-4,-2,-61
1754122780.10646,2,0,-70
1754122780.1444602,7,-4,-77
1754122780.18246,-6,-2,-69
1754122780.22146,-4,0,-69
1754122780.25746,0,4,-67
1754122780.29446,0,-4,-68
1754122780.3324602,-4,-15,-66
1754122780.3714602,-6,-4,-68
1754122780.4074602,-12,-5,-71
1754122780.44546,0,-1,-73
1754122780.48446,-2,-4,-63
1754122780.52246,-1,-4,-79
1754122780.55846,2,-12,-74
1754122780.59746,1,1,-58
1754122780.6344602,-3,3,-62
1754122780.67246,3,-1,-56
1754122780.71146,4,5,-70
1754122780.74746,3,-9,-57
1754122780.78546,-1,-8,-68
1754122780.82346,-1,2,-72
1754122780.86246,2,0,-65
1754122780.89846,-2,0,-68
1754122780.93646,-11,-3,-65
1754122780.97446,8,0,-55
1754122781.01246,0,2,-59
1754122781.05146,-1,2,-63
1754122781.08746,0,-1,-61
1754122781.12546,-7,-3,-62
1754122781.1644602,1,-1,-65
1754122781.20246,-3,3,-57
1754122781.23846,-2,0,-59
1754122781.27546,0,-3,-56
1754122781.31446,-7,2,-60
1754122781.35246,-3,4,-69
1754122781.3884602,-2,-2,-60
1754122781.42646,0,0,-69
1754122781.46446,-7,-1,-62
1754122781.5034602,-5,5,-59
1754122781.54146,-3,3,-66
1754122781.57746,0,1,-57
1754122781.61446,4,-2,-66
1754122781.65346,-5,1,-63
1754122781.69146,0,0,-76
1754122781.72746,0,-3,-67
1754122781.76546,0,0,-69
1754122781.80346,0,-1,-65
1754122781.8424602,0,0,-64
1754122781.8784602,3,-9,-60
1754122781.91646,-1,-5,-59
1754122781.96246,-4,-3,-55
1754122781.99846,0,-1,-62
1754122782.03546,1,-3,-62
1754122782.07346,5,-9,-61
1754122782.11246,3,-4,-63
1754122782.14846,-2,1,-64
1754122782.18646,-5,-1,-45
1754122782.22446,1,6,-54
1754122782.2634602,-10,-4,-61
1754122782.30146,-1,1,-69
1754122782.33746,1,0,-66
1754122782.37546,1,-1,-68
1754122782.41346,-1,0,-70
1754122782.45246,0,0,-66
1754122782.48846,8,-1,-64
1754122782.5264602,-3,-1,-62
1754122782.56446,0,1,-61
1754122782.60346,5,-5,-65
1754122782.6414602,6,-5,-70
1754122782.6774602,-1,-2,-62
1754122782.71546,3,0,-57
1754122782.7534602,0,-1,-63
1754122782.7924602,-4,0,-66
1754122782.82846,-4,1,-82
1754122782.8654602,2,-6,-73
1754122782.90346,0,-8,-69
1754122782.94246,3,-7,-72
1754122782.97846,0,-4,-70
1754122783.01546,0,5,-68
1754122783.05346,-1,1,-67
1754122783.0924602,0,-2,-73
1754122783.1284602,-3,0,-69
1754122783.16546,1,-3,-63
1754122783.20346,2,-5,-62
1754122783.24246,0,-1,-67
1754122783.27846,0,-7,-68
1754122783.3154602,0,-3,-71
1754122783.35346,7,0,-77
1754122783.39246,6,-4,-69
1754122783.42846,4,-6,-59
1754122783.46546,4,-5,-65
1754122783.5034602,-1,-5,-51
1754122783.5424602,1,-4,-49
1754122783.57846,1,-5,-51
1754122783.6154602,-5,-1,-61
1754122783.6544602,-1,-1,-61
1754122783.69246,-7,0,-60
1754122783.72846,-3,-2,-48
1754122783.7664602,-3,0,-50
1754122783.80446,-3,-7,-59
1754122783.8424602,-1,2,-54
1754122783.8784602,-1,2,-61
1754122783.91646,4,0,-65
1754122783.95446,-7,-5,-65
1754122783.9934602,-3,-3,-65
1754122784.0294602,-5,-3,-74
1754122784.06746,1,0,-69
1754122784.1054602,3,3,-69
1754122784.1444602,0,5,-71
1754122784.18246,3,0,-72
1754122784.21846,0,0,-59
1754122784.2564602,2,0,-61
1754122784.29446,5,1,-68
1754122784.3324602,-2,6,-71
1754122784.3684602,-6,3,-66
1754122784.40646,-7,1,-58
1754122784.4444602,-2,1,-60
1754122784.4834602,-5,-1,-63
1754122784.5194602,-7,-1,-64
1754122784.55746,2,5,-71
1754122784.5954602,3,-1,-61
1754122784.6344602,-4,-4,-76
1754122784.67246,0,1,-62
1754122784.70846,-2,3,-65
1754122784.7464602,1,1,-68
1754122784.78446,2,1,-51
1754122784.82346,2,-5,-57
1754122784.85946,-1,-1,-42
1754122784.89746,-3,-4,-62
1754122784.93546,-3,-5,-51
1754122784.97446,1,-1,-62
1754122785.01046,-3,-4,-65
1754122785.0494602,-4,-7,-64
1754122785.08646,3,0,-69
1754122785.12446,-1,-2,-68
1754122785.16346,1,-4,-64
1754122785.19946,-4,-5,-59
1754122785.23746,3,-7,-58
1754122785.27546,-2,-5,-55
1754122785.31446,7,0,-58
1754122785.35046,1,-4,-68
1754122785.38946,2,4,-75
1754122785.42646,3,5,-78
1754122785.46446,5,-4,-59
1754122785.5034602,0,3,-58
1754122785.5394602,-3,5,-59
1754122785.57746,-5,2,-64
1754122785.61646,-5,4,-68
1754122785.6544602,-1,5,-65
1754122785.6904602,-9,1,-50
1754122785.72846,-7,-2,-52
1754122785.7664602,-4,-12,-66
1754122785.80446,2,-4,-69
1754122785.84346,-2,0,-58
1754122785.87946,-6,4,-56
1754122785.9174602,1,0,-63
1754122785.95546,2,-7,-65
1754122785.99446,0,-8,-64
1754122786.03046,-2,0,-67
1754122786.06846,-2,-1,-60
1754122786.10746,-3,1,-75
1754122786.14546,3,0,-68
1754122786.18346,2,0,-60
1754122786.21946,2,4,-78
1754122786.25746,5,-1,-64
1754122786.29546,-1,3,-71
1754122786.33446,5,9,-64
1754122786.37046,2,5,-52
1754122786.4074602,-1,0,-62
1754122786.44546,-2,1,-61
1754122786.48446,0,5,-68
1754122786.52046,1,1,-72
1754122786.55746,0,-4,-60
1754122786.5954602,-13,4,-83
1754122786.6344602,-6,0,-77
1754122786.67046,4,0,-66
1754122786.7074602,0,9,-57
1754122786.74546,7,-2,-66
1754122786.78446,0,-6,-63
1754122786.82046,-1,0,-61
1754122786.8584602,-4,1,-55
1754122786.89546,6,8,-66
1754122786.9344602,4,0,-58
1754122786.9704602,0,5,-66
1754122787.00746,-1,3,-67
1754122787.04546,-4,2,-51
1754122787.08446,-6,-4,-51
1754122787.12046,-5,-6,-54
1754122787.15846,-1,-3,-50
1754122787.19646,3,0,-59
1754122787.23546,0,-4,-63
1754122787.27146,-1,0,-65
1754122787.30846,-5,0,-70
1754122787.34646,0,-2,-72
1754122787.38546,4,0,-67
1754122787.4214602,5,7,-69
1754122787.45846,4,1,-59
1754122787.4964602,1,-1,-60
1754122787.53546,-4,1,-65
1754122787.57146,-3,0,-78
1754122787.6084602,0,3,-68
1754122787.64646,-1,-2,-78
1754122787.68546,0,-2,-74
1754122787.72146,-6,2,-82
1754122787.75846,3,-2,-70
1754122787.7964602,0,4,-68
1754122787.8354602,0,-5,-66
1754122787.8714602,-2,-9,-57
1754122787.90946,-2,-3,-65
1754122787.9474602,-1,-2,-63
1754122787.98546,-1,-3,-72
1754122788.02446,-1,4,-70
1754122788.06046,1,11,-62
1754122788.09746,6,0,-75
1754122788.13546,3,4,-68
1754122788.1744602,4,4,-55
1754122788.2104602,1,-1,-62
1754122788.24946,-3,-2,-65
1754122788.2864602,1,0,-64
1754122788.3254602,3,-2,-54
1754122788.3614602,4,-2,-65
1754122788.39946,5,7,-57
1754122788.4374602,3,0,-57
1754122788.47646,1,6,-61
1754122788.51446,4,1,-61
1754122788.55046,0,2,-62
1754122788.5884602,-5,-1,-73
1754122788.62646,-6,4,-62
1754122788.66546,-1,5,-71
1754122788.70146,-1,3,-62
1754122788.73946,1,-6,-57
1754122788.77746,4,-3,-70
1754122788.81646,0,-2,-64
1754122788.85446,-1,0,-50
1754122788.89046,-2,0,-47
1754122788.92846,0,-4,-58
1754122788.96646,4,-2,-67
1754122789.00546,3,-2,-72
1754122789.0424602,5,6,-73
1754122789.07946,0,-2,-61
1754122789.11746,2,1,-54
1754122789.15646,3,1,-60
1754122789.1944602,-2,-1,-67
1754122789.2304602,-2,-3,-55
1754122789.26846,-1,-5,-62
1754122789.30646,5,-3,-68
1754122789.3454602,4,-3,-68
1754122789.3814602,-2,5,-67
1754122789.41946,-3,2,-68
1754122789.4574602,2,-1,-63
1754122789.4964602,4,8,-69
1754122789.53446,-5,-5,-62
1754122789.57046,3,5,-63
1754122789.60746,0,-1,-72
1754122789.64646,1,-1,-53
1754122789.68246,0,2,-58
1754122789.7204602,5,-2,-56
1754122789.7594602,6,-5,-72
1754122789.7964602,2,-6,-71
1754122789.8354602,0,-2,-59
1754122789.8714602,-3,-6,-53
1754122789.90946,1,-6,-64
1754122789.9474602,-4,-2,-66
1754122789.9864602,-3,-4,-66
1754122790.02246,-3,0,-69
1754122790.06046,-4,-1,-63
1754122790.0984602,-4,-3,-67
1754122790.13646,0,3,-75
1754122790.17546,2,-2,-61
1754122790.21146,3,0,-58
1754122790.24846,5,4,-59
1754122790.2864602,2,2,-57
1754122790.3254602,3,7,-77
1754122790.3614602,-1,-4,-70
1754122790.39946,0,0,-59
1754122790.4374602,1,0,-56
1754122790.47646,-1,0,-59
1754122790.51246,-14,-3,-58
1754122790.55046,3,-1,-60
1754122790.5884602,7,2,-63
1754122790.62746,0,-6,-69
1754122790.66546,-2,-2,-75
1754122790.70146,-7,-6,-75
1754122790.73946,0,3,-71
1754122790.77746,0,1,-60
1754122790.81646,-2,1,-72
1754122790.85246,4,2,-74
1754122790.88946,6,0,-76
1754122790.9274602,-3,3,-66
1754122790.96646,-1,7,-64
1754122791.00246,-9,0,-74
1754122791.04046,-13,1,-77
1754122791.07846,-11,-3,-60
1754122791.11746,-4,0,-65
1754122791.15546,-4,0,-56
1754122791.19146,-2,-6,-59
1754122791.22946,2,-3,-59
1754122791.26746,0,3,-65
1754122791.30646,1,5,-73
1754122791.3424602,0,2,-71
1754122791.38046,1,-2,-63
1754122791.41846,9,5,-65
1754122791.4574602,1,-1,-60
1754122791.49546,7,4,-56
1754122791.53146,1,-3,-71
1754122791.5694602,5,-5,-67
1754122791.60746,0,-2,-73
1754122791.64646,-2,-4,-60
1754122791.68246,6,-5,-61
1754122791.7204602,0,1,-60
1754122791.75846,1,-2,-61
1754122791.79746,0,0,-58
1754122791.8354602,2,-2,-59
1754122791.8714602,2,-4,-69
1754122791.91046,2,9,-72
1754122791.9474602,-5,3,-54
1754122791.99246,4,2,-65
1754122792.03046,-3,-2,-48
1754122792.06746,1,-1,-60
1754122792.10646,1,-3,-58
1754122792.14246,0,-5,-70
1754122792.18046,-2,-1,-70
1754122792.21946,0,-3,-76
1754122792.25746,0,-4,-70
1754122792.29346,3,2,-62
1754122792.33046,9,3,-65
1754122792.36946,3,7,-69
1754122792.4074602,1,4,-58
1754122792.44346,-6,-1,-57
1754122792.48146,-5,0,-52
1754122792.5194602,-12,-2,-58
1754122792.55746,-3,-8,-61
1754122792.59646,0,-5,-62
1754122792.63246,3,0,-60
1754122792.66946,2,-1,-71
1754122792.7074602,-3,1,-66
1754122792.7464602,-4,0,-77
1754122792.7824602,-4,2,-75
1754122792.82046,0,0,-55
1754122792.85946,-2,-2,-62
1754122792.89746,-3,-5,-63
1754122792.93346,-2,-4,-64
1754122792.97146,-2,-1,-56
1754122793.0094602,-3,-2,-74
1754122793.04846,0,1,-76
1754122793.08646,-1,0,-63
1754122793.12246,-5,1,-55
1754122793.16046,-4,2,-71
1754122793.19846,-2,2,-60
1754122793.23746,-8,9,-57
1754122793.27346,-5,6,-53
1754122793.31146,-3,0,-53
1754122793.34946,0,-4,-64
1754122793.3884602,-2,0,-55
1754122793.42646,-4,0,-66
1754122793.46246,-2,0,-60
1754122793.50046,-3,-3,-64
1754122793.53846,4,-2,-59
1754122793.57746,6,0,-63
1754122793.61346,0,2,-67
1754122793.65046,4,2,-72
1754122793.68846,0,1,-65
1754122793.72746,-5,6,-59
1754122793.7634602,-5,8,-63
1754122793.80046,1,5,-63
1754122793.8384602,-7,2,-61
1754122793.87746,0,2,-61
1754122793.91346,4,5,-60
1754122793.9504602,-2,0,-57
1754122793.98846,-7,0,-52
1754122794.02746,1,-1,-60
1754122794.06346,-3,1,-56
1754122794.10146,5,1,-50
1754122794.14046,-5,0,-54
1754122794.17846,1,0,-54
1754122794.21446,0,-3,-54
1754122794.2534602,6,2,-62
1754122794.29046,4,6,-73
1754122794.32846,3,2,-65
1754122794.36746,0,7,-67
1754122794.40346,-6,-1,-66
1754122794.44146,2,-4,-60
1754122794.47946,3,0,-57
1754122794.51846,4,-3,-55
1754122794.55446,0,0,-62
1754122794.59146,7,2,-62
1754122794.62946,4,6,-70
1754122794.66846,0,-1,-50
1754122794.70446,-3,1,-56
1754122794.74246,2,-10,-71
1754122794.78046,1,-2,-68
1754122794.81846,-4,-6,-64
1754122794.85746,-1,-1,-61
1754122794.89346,1,-1,-59
1754122794.93146,-4,-1,-54
1754122794.96846,-4,0,-50
1754122795.00746,1,0,-50
1754122795.04346,5,1,-54
1754122795.08046,-3,2,-55
1754122795.11946,0,0,-59
1754122795.1574602,-1,-4,-56
1754122795.19346,0,-6,-54
1754122795.23146,0,0,-59
1754122795.2694602,-2,-3,-67
1754122795.30846,-4,5,-58
1754122795.34446,-4,4,-62
1754122795.38246,-1,3,-58
1754122795.42046,3,3,-64
1754122795.45946,1,-6,-60
1754122795.49746,1,-3,-76
1754122795.53346,2,0,-71
1754122795.57046,7,7,-66
1754122795.60946,-3,5,-77
1754122795.64746,-3,3,-66
1754122795.68346,-3,2,-66
1754122795.72146,-10,6,-65
1754122795.76046,-7,3,-58
1754122795.79846,0,1,-52
1754122795.83446,0,6,-55
1754122795.8714602,-4,5,-60
1754122795.90946,-7,5,-56
1754122795.94846,3,1,-73
1754122795.98446,2,-3,-75
1754122796.02246,0,0,-70
1754122796.06146,-3,-4,-66
1754122796.09946,-3,-3,-68
1754122796.13746,0,-1,-69
1754122796.17346,0,-4,-65
1754122796.21146,0,-1,-70
1754122796.24946,-2,0,-67
1754122796.28846,-3,3,-69
1754122796.32446,-8,-1,-59
1754122796.36246,-9,-1,-70
1754122796.40046,-3,-3,-62
1754122796.43946,-2,0,-59
1754122796.47746,0,4,-59
1754122796.5134602,-1,-3,-62
1754122796.55146,-5,-1,-63
1754122796.58946,8,-1,-53
1754122796.6284602,5,0,-68
1754122796.6644602,2,-5,-67
1754122796.70246,9,-8,-65
1754122796.7404602,11,-10,-57
1754122796.7794602,9,-2,-48
1754122796.8154602,5,10,-55
1754122796.85246,4,-3,-41
1754122796.89046,4,0,-59
1754122796.92946,0,0,-62
1754122796.96546,-7,0,-70
1754122797.0034602,-10,1,-55
1754122797.04146,-7,-2,-58
1754122797.07946,-1,-5,-65
1754122797.1184602,-8,-1,-70
1754122797.1544602,-4,3,-71
1754122797.19246,3,2,-63
1754122797.2304602,-1,-1,-67
1754122797.2694602,0,0,-71
1754122797.30546,-1,-5,-64
1754122797.34346,-6,-4,-53
1754122797.3814602,6,-7,-64
1754122797.42046,11,-5,-73
1754122797.45846,9,-3,-64
1754122797.49446,2,-3,-62
1754122797.5324602,-3,2,-60
1754122797.57046,-6,1,-60
1754122797.60946,0,-4,-62
1754122797.64546,-5,-7,-53
1754122797.68346,2,-4,-61
1754122797.72246,0,0,-64
1754122797.76046,4,5,-63
1754122797.79846,-6,-5,-60
1754122797.83446,0,-4,-59
1754122797.87246,-3,2,-66
1754122797.91046,-1,9,-73
1754122797.94846,4,3,-68
1754122797.98446,1,0,-53
1754122798.02246,1,-6,-60
1754122798.06046,0,-3,-69
1754122798.0984602,-7,0,-65
1754122798.1344602,-5,-1,-62
1754122798.17246,-6,-2,-66
1754122798.2104602,1,0,-64
1754122798.24946,1,0,-65
1754122798.28546,-2,0,-61
1754122798.3224602,-5,-2,-64
1754122798.36046,-9,-2,-76
1754122798.39946,1,-2,-74
1754122798.43546,6,0,-73
1754122798.47246,-1,0,-65
1754122798.51046,3,0,-63
1754122798.5494602,-1,3,-53
1754122798.5854602,-9,-6,-62
1754122798.62346,-3,1,-64
1754122798.66246,-2,-1,-51
1754122798.7004602,3,0,-60
1754122798.73846,-6,-1,-60
1754122798.77446,-2,0,-56
1754122798.81346,-6,-1,-61
1754122798.85046,-1,-1,-65
1754122798.88946,-2,-1,-68
1754122798.92546,-1,-3,-64
1754122798.9634602,-2,0,-66
1754122799.00146,4,-1,-64
1754122799.04046,0,-3,-74
1754122799.07646,4,-6,-68
1754122799.11446,3,-4,-72
1754122799.15246,1,-7,-61
1754122799.1904602,-3,-2,-62
1754122799.22946,-4,0,-53
1754122799.26546,0,-7,-56
1754122799.30346,-2,1,-61
1754122799.34146,-4,2,-58
1754122799.38046,0,-1,-60
1754122799.41646,-5,4,-52
1754122799.45346,1,8,-47
1754122799.49146,5,3,-59
1754122799.53046,-1,3,-62
1754122799.56646,-6,3,-55
1754122799.60346,-15,4,-55
1754122799.6414602,-4,4,-73
1754122799.68046,2,3,-51
1754122799.71646,3,1,-61
1754122799.7534602,-1,-5,-64
1754122799.79146,-5,7,-59
1754122799.83046,-3,0,-70
1754122799.86646,-9,1,-66
1754122799.9044602,-3,3,-66
1754122799.94346,0,2,-59
1754122799.98146,0,0,-54
1754122800.0194602,3,3,-57
1754122800.05546,3,2,-60
1754122800.09346,1,1,-61
1754122800.1314602,-3,1,-60
1754122800.17046,-1,8,-67
1754122800.20646,-2,2,-74
1754122800.24446,2,2,-73
1754122800.2824602,-1,0,-69
1754122800.32146,1,-5,-68
1754122800.35946,3,-1,-64
1754122800.39546,4,0,-62
1754122800.43346,0,-1,-56
1754122800.47146,2,-1,-51
1754122800.51046,-2,0,-60
1754122800.5464602,-3,0,-59
1754122800.58446,4,-5,-60
1754122800.62346,-1,-2,-59
1754122800.6614602,0,0,-71
1754122800.69946,-5,-3,-70
1754122800.73546,-5,0,-75
1754122800.77346,-9,7,-69
1754122800.81146,-4,0,-67
1754122800.85046,-2,0,-61
1754122800.88646,4,-1,-65
1754122800.9244602,6,0,-64
1754122800.96246,3,1,-54
1754122801.00146,0,0,-54
1754122801.0394602,-2,0,-64
1754122801.0754602,-4,4,-67
1754122801.11346,1,2,-66
1754122801.1514602,-1,7,-64
1754122801.1904602,-1,6,-65
1754122801.22646,0,-1,-59
1754122801.2634602,0,-2,-63
1754122801.3024602,-1,-3,-66
1754122801.34046,1,0,-72
1754122801.37646,0,1,-53
1754122801.41346,-6,0,-62
1754122801.45146,-7,-5,-55
1754122801.4904602,-10,-6,-56
1754122801.5264602,-3,0,-63
1754122801.56346,1,0,-61
1754122801.60246,3,0,-55
1754122801.64046,-1,-6,-65
1754122801.67646,2,0,-66
1754122801.7134602,3,-7,-57
1754122801.75146,-7,0,-69
1754122801.79046,0,-2,-56
1754122801.82646,-1,-1,-58
1754122801.8654602,-4,-6,-49
1754122801.90246,-2,-3,-55
1754122801.94146,0,-8,-70
1754122801.97746,0,-3,-73
1754122802.02346,0,-8,-68
1754122802.06146,0,-1,-64
1754122802.0984602,-1,0,-58
1754122802.13546,-3,0,-67
1754122802.1744602,-8,-2,-71
1754122802.21246,-4,-4,-61
1754122802.25046,-1,-6,-74
1754122802.2864602,-8,-1,-72
1754122802.32446,0,5,-76
1754122802.36246,4,1,-64
1754122802.4014602,2,9,-54
1754122802.4374602,-3,3,-66
1754122802.47446,3,0,-57
1754122802.51246,2,4,-54
1754122802.55146,0,0,-56
1754122802.58746,1,-3,-53
1754122802.62446,1,0,-61
1754122802.66246,0,-7,-64
1754122802.70146,-2,0,-63
1754122802.73746,6,-6,-63
1754122802.77546,8,3,-60
1754122802.81446,5,2,-66
1754122802.85146,9,1,-63
1754122802.88746,0,0,-65
1754122802.9244602,-10,3,-56
1754122802.96246,-10,-1,-58
1754122803.00146,-5,-10,-70
1754122803.03746,-4,6,-52
1754122803.07446,-2,2,-52
1754122803.11246,3,4,-61
1754122803.1514602,-1,-1,-63
1754122803.1874602,-6,-3,-60
1754122803.22546,-2,3,-57
1754122803.2634602,-10,5,-61
1754122803.3024602,-4,0,-71
1754122803.3384602,4,0,-73
1754122803.37546,0,3,-57
1754122803.4144602,9,5,-63
1754122803.45246,1,-2,-65
1754122803.48846,-1,3,-68
1754122803.5264602,-6,4,-64
1754122803.56446,0,0,-55
1754122803.60246,4,0,-50
1754122803.6414602,0,0,-59
1754122803.6774602,-5,-1,-64
1754122803.71646,-5,-3,-58
1754122803.7534602,-2,-6,-48
1754122803.7924602,-3,-10,-65
1754122803.82846,1,-7,-68
1754122803.86646,0,-4,-66
1754122803.9044602,-3,0,-60
1754122803.94246,1,0,-52
1754122803.98146,2,4,-63
1754122804.01746,3,-3,-60
1754122804.05546,5,-1,-60
1754122804.09346,4,0,-59
1754122804.13246,5,-3,-70
1754122804.16846,9,2,-69
1754122804.20546,4,6,-66
1754122804.2434602,5,11,-43
1754122804.2824602,3,0,-62
1754122804.31846,1,-5,-65
1754122804.35646,2,-1,-68
1754122804.39546,6,-3,-57
1754122804.43346,3,0,-50
1754122804.47146,0,2,-63
1754122804.50746,-4,-2,-64
1754122804.54546,2,3,-55
1754122804.58346,-6,3,-72
1754122804.62246,-1,0,-54
1754122804.65846,0,-6,-55
1754122804.69646,-9,-13,-58
1754122804.73446,-5,-9,-59
1754122804.77346,4,-6,-65
1754122804.81146,-2,-5,-63
1754122804.84746,0,0,-63
1754122804.88546,-4,5,-62
1754122804.92346,0,5,-64
1754122804.96246,-3,2,-71
1754122804.99846,0,0,-74
1754122805.03546,1,3,-59
1754122805.07346,-11,1,-62
1754122805.11246,-6,1,-47
1754122805.14846,-1,4,-65
1754122805.18546,-1,5,-67
1754122805.2234602,-7,8,-63
1754122805.26246,-8,4,-68
1754122805.29846,-8,0,-51
1754122805.33646,-4,3,-59
1754122805.37546,-3,4,-57
1754122805.41346,-4,5,-69
1754122805.45146,-5,3,-69
1754122805.48746,-6,1,-71
1754122805.52546,-3,0,-66
1754122805.56346,-1,1,-65
1754122805.60246,-3,0,-69
1754122805.6384602,-4,-3,-56
1754122805.67646,0,0,-56
1754122805.71446,1,-1,-44
1754122805.7534602,0,-1,-65
1754122805.7894602,2,-1,-66
1754122805.82746,3,0,-72
1754122805.8654602,5,2,-70
1754122805.90346,9,0,-64
1754122805.94246,9,0,-57
1754122805.97846,-1,-2,-56
1754122806.01746,2,3,-59
1754122806.05446,1,-5,-54
1754122806.09346,5,-8,-56
1754122806.12946,5,-2,-67
1754122806.1674602,1,-5,-63
1754122806.20446,3,-2,-67
1754122806.2434602,5,-8,-68
1754122806.2794602,0,-1,-72
1754122806.31746,-3,1,-73
1754122806.3554602,0,-3,-64
1754122806.39346,-2,8,-65
1754122806.43246,-3,6,-68
1754122806.46846,-6,0,-67
1754122806.5064602,-2,-2,-65
1754122806.54446,-4,-5,-70
1754122806.58346,-9,-3,-50
1754122806.61946,-7,-3,-66
1754122806.6574602,-1,0,-53
1754122806.69646,3,-1,-65
1754122806.73446,-7,0,-66
1754122806.77246,-2,-3,-59
1754122806.80846,4,-7,-57
1754122806.84646,0,-1,-71
1754122806.8844602,-1,0,-65
1754122806.92346,3,-3,-68
1754122806.95946,-4,-7,-66
1754122806.99746,-3,0,-52
1754122807.03546,-1,0,-60
1754122807.07446,1,5,-51
1754122807.11246,0,-6,-64
1754122807.14846,13,-5,-58
1754122807.18646,-2,-2,-61
1754122807.22446,1,1,-68
1754122807.2634602,3,1,-65
1754122807.2994602,9,0,-57
1754122807.33646,7,3,-58
1754122807.37446,0,5,-57
1754122807.41346,2,0,-57
1754122807.44946,-2,3,-59
1754122807.48746,-7,1,-61
1754122807.52546,2,0,-60
1754122807.56446,4,0,-66
1754122807.60246,-2,-9,-62
1754122807.6384602,3,-2,-61
1754122807.67646,-4,2,-54
1754122807.71446,-6,1,-59
1754122807.75246,-5,-4,-53
1754122807.78846,2,-6,-62
1754122807.82646,0,-2,-67
1754122807.86446,4,-8,-60
1754122807.90246,4,-3,-66
1754122807.93846,0,-5,-58
1754122807.97646,-1,-1,-66
1754122808.01446,-8,-1,-61
1754122808.05346,-8,6,-68
1754122808.08946,-6,7,-74
1754122808.12646,-4,9,-62
1754122808.1644602,3,5,-61
1754122808.20346,0,-1,-68
1754122808.23946,1,4,-69
1754122808.2764602,-2,7,-55
1754122808.31446,2,3,-58
1754122808.35346,0,5,-66
1754122808.38946,2,7,-57
1754122808.42646,3,-3,-66
1754122808.46446,3,-3,-61
1754122808.5034602,-2,-5,-60
1754122808.5394602,3,-7,-74
1754122808.57646,-3,-3,-59
1754122808.61446,-7,-2,-52
1754122808.65346,1,-11,-58
1754122808.68946,-6,0,-58
1754122808.72646,0,0,-59
1754122808.76446,3,-3,-62
1754122808.80346,3,-3,-53
1754122808.83946,2,-10,-57
1754122808.87746,1,-7,-56
1754122808.91546,7,0,-63
1754122808.95446,5,0,-68
1754122808.9904602,7,1,-65
1754122809.02746,-3,-1,-59
1754122809.0654602,0,2,-62
1754122809.10446,2,0,-61
1754122809.14046,4,2,-61
1754122809.1774602,-5,-1,-61
1754122809.21546,2,-1,-61
1754122809.25446,-2,-10,-58
1754122809.29046,-4,-2,-58
1754122809.32846,-6,-2,-62
1754122809.36646,-9,2,-58
1754122809.40546,-2,0,-72
1754122809.44346,3,-1,-66
1754122809.47946,-3,7,-69
1754122809.51846,-9,1,-68
1754122809.55546,-5,0,-73
1754122809.59446,5,-3,-59
1754122809.63046,4,-2,-67
1754122809.66846,1,3,-63
1754122809.70646,3,0,-55
1754122809.74546,-3,3,-66
1754122809.78346,-1,0,-66
1754122809.8194602,3,0,-60
1754122809.85646,2,0,-61
1754122809.89546,-6,-5,-64
1754122809.93346,-3,3,-73
1754122809.96946,-3,0,-61
1754122810.00746,-3,0,-62
1754122810.04546,-7,-6,-59
1754122810.08446,1,-3,-66
1754122810.12046,-2,1,-60
1754122810.1574602,1,4,-69
1754122810.19546,3,-3,-56
1754122810.23446,-1,-5,-60
1754122810.27046,0,-3,-54
1754122810.30746,-1,-1,-61
1754122810.3454602,-4,-4,-67
1754122810.3844602,6,-2,-61
1754122810.42046,2,0,-57
1754122810.4574602,-4,9,-60
1754122810.49546,-5,0,-63
1754122810.53446,-3,-3,-57
1754122810.57046,0,-7,-57
1754122810.60946,-6,-1,-69
1754122810.64746,-4,4,-68
1754122810.68546,-6,8,-62
1754122810.72146,1,4,-62
1754122810.75846,1,-6,-54
1754122810.79746,0,-7,-62
1754122810.8354602,6,-6,-66
1754122810.8714602,1,-4,-75
1754122810.90846,0,-4,-73
1754122810.94646,-3,-5,-62
1754122810.98546,3,3,-56
1754122811.02146,1,4,-55
1754122811.05846,3,4,-68
1754122811.09746,3,-2,-69
1754122811.13546,6,-2,-68
1754122811.1714602,-4,2,-73
1754122811.20846,4,4,-68
1754122811.24746,3,0,-61
1754122811.28546,-4,3,-58
1754122811.32146,-1,0,-58
1754122811.36046,-2,-3,-61
1754122811.39746,-3,-4,-67
1754122811.43646,2,-1,-72
1754122811.47446,-5,-6,-73
1754122811.51046,-1,-2,-63
1754122811.54846,2,2,-63
1754122811.58646,0,-5,-63
1754122811.62546,0,-2,-64
1754122811.6614602,-1,-5,-54
1754122811.69946,0,-2,-66
1754122811.73746,-3,2,-67
1754122811.7764602,1,-2,-62
1754122811.81446,-1,3,-50
1754122811.85046,-6,-4,-56
1754122811.8884602,-11,-8,-71
1754122811.9274602,-6,-7,-61
1754122811.96546,1,-4,-57
1754122812.00146,1,-3,-63
1754122812.04746,4,1,-58
1754122812.0854602,1,5,-65
1754122812.1214602,-1,2,-67
1754122812.16046,-8,1,-60
1754122812.19846,-5,-7,-52
1754122812.2364602,0,-3,-50
1754122812.27446,2,-4,-64
1754122812.31046,3,2,-60
1754122812.34746,3,-3,-61
1754122812.38646,-1,1,-57
1754122812.4244602,3,2,-65
1754122812.4604602,-2,5,-49
1754122812.49846,0,0,-63
1754122812.5364602,-4,-2,-46
1754122812.5754602,-3,-5,-50
1754122812.6114602,0,-2,-59
1754122812.64946,6,-6,-64
1754122812.68846,2,-5,-60
1754122812.72646,0,1,-55
1754122812.76246,-1,2,-64
1754122812.80146,-2,1,-66
1754122812.8384602,0,3,-69
1754122812.87746,-4,5,-67
1754122812.91546,8,3,-64
1754122812.95146,0,0,-69
1754122812.98846,-3,0,-59
1754122813.02746,1,0,-61
1754122813.0654602,-5,-4,-71
1754122813.10146,0,0,-73
1754122813.1384602,4,-2,-70
1754122813.1774602,2,1,-77
1754122813.21546,2,2,-72
1754122813.25146,1,5,-58
1754122813.28846,3,-2,-67
1754122813.32746,0,0,-49
1754122813.3654602,-2,-2,-49
1754122813.4014602,4,0,-55
1754122813.43846,5,0,-63
1754122813.47746,-4,-2,-69
1754122813.51546,-5,-6,-59
1754122813.55146,0,-1,-58
1754122813.58946,-2,-2,-72
1754122813.62746,0,-5,-65
1754122813.66646,6,2,-67
1754122813.70246,0,-1,-71
1754122813.7404602,-1,-2,-75
1754122813.77846,2,-3,-56
1754122813.81746,2,-4,-57
1754122813.8554602,3,3,-51
1754122813.8914602,-4,1,-65
1754122813.92946,0,0,-66
1754122813.96846,1,4,-60
1754122814.0064602,0,0,-58
1754122814.0424602,5,2,-61
1754122814.07946,3,1,-66
1754122814.1184602,-5,-6,-58
1754122814.15646,-1,-6,-68
1754122814.19246,0,2,-65
1754122814.2304602,1,2,-63
1754122814.26846,2,-7,-56
1754122814.30646,-4,1,-63
1754122814.3424602,-2,-2,-56
1754122814.38046,-3,-6,-64
1754122814.41846,0,0,-63
1754122814.4574602,1,1,-68
1754122814.49546,-2,-4,-71
1754122814.53146,-4,-1,-59
1754122814.5694602,2,3,-50
1754122814.60746,-4,0,-51
1754122814.64646,0,-6,-48
1754122814.68246,-5,-5,-61
1754122814.72146,0,-2,-55
1754122814.75846,-2,-1,-75
1754122814.79746,2,-1,-61
1754122814.8354602,2,-4,-58
1754122814.8714602,-1,1,-65
1754122814.90846,-1,0,-59
1754122814.9474602,1,2,-62
1754122814.9834602,4,0,-59
1754122815.02146,-5,2,-72
1754122815.05846,-2,0,-71
1754122815.09746,-5,-3,-64
1754122815.1344602,2,-6,-64
1754122815.1714602,3,-5,-67
1754122815.20946,0,-8,-66
1754122815.24746,4,-7,-58
1754122815.2864602,0,-6,-57
1754122815.3224602,3,-2,-68
1754122815.36046,3,-3,-64
1754122815.39746,-3,-7,-72
1754122815.43646,-2,-1,-70
1754122815.47246,-5,4,-74
1754122815.5094602,-1,-3,-73
1754122815.54746,0,-1,-74
1754122815.58646,2,1,-84
1754122815.62246,0,1,-68
1754122815.66046,3,5,-67
1754122815.69846,-3,4,-66
1754122815.73746,2,1,-67
1754122815.77346,-3,-5,-58
1754122815.81146,4,0,-65
1754122815.84946,3,-1,-79
1754122815.8884602,0,0,-73
1754122815.92646,-3,-5,-66
1754122815.96246,0,-5,-70
1754122816.00146,1,-5,-75
1754122816.03846,-6,-2,-76
1754122816.07746,-8,0,-78
1754122816.11346,-7,-1,-67
1754122816.1514602,5,-5,-74
1754122816.18946,4,0,-74
1754122816.22846,1,6,-70
1754122816.2664602,6,2,-62
1754122816.3024602,6,2,-45
1754122816.34046,3,3,-57
1754122816.3784602,0,1,-59
1754122816.4174602,3,0,-63
1754122816.45346,-6,1,-50
1754122816.49146,-10,-5,-68
1754122816.5294602,-9,-5,-58
1754122816.56846,-7,0,-64
1754122816.60646,-10,-2,-74
1754122816.64246,-1,2,-63
1754122816.68046,5,-7,-60
1754122816.71846,5,-1,-57
1754122816.75746,2,0,-58
1754122816.79346,0,0,-62
1754122816.83046,4,0,-61
1754122816.8684602,4,-5,-65
1754122816.9074602,-1,-1,-65
1754122816.94346,-2,-1,-66
1754122816.98246,-4,1,-67
1754122817.0194602,1,0,-65
1754122817.05846,-2,-3,-61
1754122817.09646,-5,-3,-60
1754122817.13246,0,0,-56
1754122817.16946,1,-3,-60
1754122817.20846,4,-8,-58
1754122817.2464602,3,-3,-63
1754122817.2824602,4,-5,-56
1754122817.32046,1,-4,-60
1754122817.35946,-2,2,-60
1754122817.39746,1,4,-63
1754122817.43346,4,6,-64
1754122817.4704602,2,4,-68
1754122817.5094602,2,0,-65
1754122817.54746,0,4,-60
1754122817.58346,3,1,-53
1754122817.62046,-1,-1,-54
1754122817.65946,0,2,-56
1754122817.6974602,-5,-2,-65
1754122817.7334602,-7,2,-66
1754122817.77146,-5,-6,-60
1754122817.8094602,-6,0,-62
1754122817.8484602,-2,8,-53
1754122817.8844602,-3,1,-61
1754122817.92246,-5,-3,-68
1754122817.9604602,-2,-3,-57
1754122817.99846,-3,3,-61
1754122818.03746,1,-5,-59
1754122818.07346,-5,-3,-55
1754122818.11246,-3,-3,-59
1754122818.14946,0,-3,-64
1754122818.18846,0,1,-65
1754122818.22446,3,5,-74
1754122818.26246,0,-3,-55
1754122818.30046,-2,-5,-58
1754122818.33946,-4,1,-60
1754122818.37746,-4,0,-60
1754122818.41346,-6,-1,-73
1754122818.45146,0,0,-61
1754122818.48946,-7,-5,-63
1754122818.52846,-1,-2,-66
1754122818.56446,-3,-1,-59
1754122818.60246,-6,-1,-60
1754122818.64046,-4,-1,-54
1754122818.67946,0,0,-60
1754122818.7174602,4,-5,-62
1754122818.7534602,6,-6,-51
1754122818.79146,2,-7,-62
1754122818.82946,2,-10,-55
1754122818.8684602,0,-8,-64
1754122818.9044602,8,-7,-56
1754122818.94246,0,-5,-66
1754122818.9804602,0,-2,-65
1754122819.0194602,6,-3,-65
1754122819.05746,8,-2,-57
1754122819.09446,-6,-2,-56
1754122819.1314602,-6,3,-60
1754122819.16946,-7,0,-62
1754122819.20846,0,-4,-63
1754122819.24446,0,-6,-61
1754122819.28146,7,-9,-60
1754122819.3194602,0,-7,-71
1754122819.3584602,0,-2,-69
1754122819.3944602,-1,0,-62
1754122819.43146,-3,-4,-55
1754122819.46946,-3,-4,-62
1754122819.50846,-2,-4,-68
1754122819.54446,1,5,-66
1754122819.58146,-1,6,-58
1754122819.61946,3,7,-53
1754122819.65846,0,0,-61
1754122819.6944602,-5,4,-70
1754122819.73246,-4,-1,-71
1754122819.77046,-10,0,-68
1754122819.8094602,-2,-2,-65
1754122819.8454602,-5,1,-62
1754122819.88246,0,6,-62
1754122819.92046,-3,4,-56
1754122819.95946,-1,-1,-66
1754122819.99546,-1,2,-60
1754122820.0324602,1,2,-56
1754122820.07046,4,-2,-73
1754122820.10946,1,-4,-64
1754122820.14546,-4,-1,-65
1754122820.18346,2,-4,-65
1754122820.22146,3,-3,-61
1754122820.2594602,0,1,-61
1754122820.29846,-3,0,-69
1754122820.33446,5,2,-71
1754122820.3714602,9,7,-67
1754122820.41046,4,7,-62
1754122820.44846,-1,5,-60
1754122820.48446,-5,-3,-65
1754122820.52246,4,-4,-59
1754122820.56146,3,-3,-54
1754122820.59946,-3,-2,-63
1754122820.63546,0,-1,-62
1754122820.6744602,-2,2,-71
1754122820.71146,-1,-3,-75
1754122820.75046,2,-1,-69
1754122820.78846,-1,-1,-76
1754122820.82446,0,0,-67
1754122820.8614602,-3,3,-65
1754122820.90046,0,6,-70
1754122820.93846,-3,0,-65
1754122820.97446,-2,0,-63
1754122821.01146,-5,-2,-68
1754122821.05046,1,-9,-65
1754122821.0884602,0,-6,-61
1754122821.12446,0,0,-63
1754122821.1614602,4,-7,-57
1754122821.2004602,-5,-7,-54
1754122821.23846,5,-3,-67
1754122821.27446,3,2,-66
1754122821.31146,5,2,-73
1754122821.35046,2,2,-76
1754122821.3884602,-1,0,-65
1754122821.4244602,-5,1,-60
1754122821.46146,-2,4,-71
1754122821.50046,1,0,-73
1754122821.53846,-4,-8,-68
1754122821.5754602,-2,-6,-56
1754122821.61346,2,-7,-67
1754122821.6514602,-4,0,-68
1754122821.6904602,2,-1,-64
1754122821.72646,5,-2,-63
1754122821.76446,0,0,-63
1754122821.8024602,-4,0,-71
1754122821.84046,0,0,-65
1754122821.87946,0,0,-67
1754122821.91546,0,3,-50
1754122821.95246,0,-3,-56
1754122821.9904602,1,-9,-72
1754122822.0294602,-1,0,-63
1754122822.07346,-3,-3,-72
1754122822.1114602,4,5,-48
1754122822.14946,0,2,-59
1754122822.18546,4,-2,-65
1754122822.2234602,0,-1,-68
1754122822.26046,0,8,-67
1754122822.2994602,0,-2,-69
1754122822.3354602,0,-8,-61
1754122822.37346,-9,-4,-68
1754122822.41046,-2,0,-65
1754122822.44946,0,2,-63
1754122822.48546,0,2,-57
1754122822.52246,0,2,-62
1754122822.56046,-8,0,-64
1754122822.59946,-5,1,-60
1754122822.63546,-4,1,-55
1754122822.67346,-1,0,-64
1754122822.71146,-2,-1,-56
1754122822.74946,0,0,-56
1754122822.78546,5,3,-62
1754122822.82346,1,3,-66
1754122822.8614602,-5,-1,-48
1754122822.89946,0,3,-62
1754122822.93546,7,0,-61
1754122822.9734602,6,-6,-65
1754122823.01146,2,-5,-62
1754122823.0494602,2,-3,-72
1754122823.0854602,5,-5,-64
1754122823.12346,0,-2,-61
1754122823.1614602,0,-5,-69
1754122823.19946,6,5,-75
1754122823.23546,-1,-3,-71
1754122823.27346,-3,0,-56
1754122823.31146,-3,-6,-51
1754122823.35046,-9,-2,-67
1754122823.38646,0,2,-69
1754122823.42346,-4,-2,-77
1754122823.46146,2,-3,-79
1754122823.50046,4,-4,-71
1754122823.5364602,-1,-6,-73
1754122823.57446,2,-1,-56
1754122823.61246,-6,-2,-59
1754122823.6514602,-1,2,-64
1754122823.68946,-4,0,-76
1754122823.72546,0,0,-73
1754122823.76246,-5,3,-67
1754122823.80146,0,2,-73
1754122823.83946,-2,-1,-64
1754122823.87546,4,0,-60
1754122823.91246,0,-4,-55
1754122823.95146,-1,-4,-66
1754122823.98746,0,-4,-63
1754122824.0264602,0,0,-60
1754122824.06446,7,0,-56
1754122824.10146,12,0,-59
1754122824.14046,1,9,-67
1754122824.17646,5,9,-66
1754122824.21446,1,3,-74
1754122824.25246,0,-3,-66
1754122824.29146,0,0,-67
1754122824.32746,4,4,-79
1754122824.36446,-3,-8,-61
1754122824.40246,2,-4,-54
1754122824.44146,6,-1,-59
1754122824.47746,0,-8,-66
1754122824.51546,0,-4,-53
1754122824.55346,-9,-4,-56
1754122824.59146,3,-5,-61
1754122824.63046,2,-4,-69
1754122824.66646,2,-2,-72
1754122824.70346,6,-1,-59
1754122824.74146,0,-5,-66
1754122824.78046,-2,-3,-64
1754122824.81646,-3,-2,-61
1754122824.85446,-2,0,-60
1754122824.89246,1,-5,-65
1754122824.93146,5,-6,-57
1754122824.9674602,6,-3,-70
1754122825.00546,-2,-1,-63
1754122825.04346,-5,0,-68
1754122825.0824602,3,2,-59
1754122825.12046,1,-2,-60
1754122825.15646,2,5,-54
1754122825.19346,-2,0,-58
1754122825.23246,3,-2,-61
1754122825.27046,4,-6,-61
1754122825.30646,-1,-5,-57
1754122825.3454602,5,1,-69
1754122825.38246,3,4,-70
1754122825.4214602,2,4,-67
1754122825.4574602,0,-4,-70
1754122825.49546,-1,0,-63
1754122825.53346,0,-6,-64
1754122825.5724602,-1,1,-60
1754122825.61046,1,0,-57
1754122825.64646,0,-4,-59
1754122825.68346,0,-2,-61
1754122825.72246,-1,5,-67
1754122825.76046,-3,5,-62
1754122825.7964602,1,6,-66
1754122825.83446,-4,1,-55
1754122825.87246,-1,0,-72
1754122825.9114602,0,-3,-69
1754122825.9474602,0,-4,-66
1754122825.98446,-4,1,-66
1754122826.02246,-5,-2,-60
1754122826.06146,2,0,-61
1754122826.09746,-1,-5,-62
1754122826.13546,-1,-3,-65
1754122826.17346,6,6,-61
1754122826.21246,0,8,-65
1754122826.25046,3,1,-66
1754122826.2864602,8,-7,-63
1754122826.32446,4,-11,-63
1754122826.36346,-2,-7,-68
1754122826.4014602,0,-2,-72
1754122826.4374602,-1,-1,-74
1754122826.47546,1,-2,-72
1754122826.5134602,1,-9,-60
1754122826.5524602,-3,-2,-62
1754122826.5884602,7,1,-52
1754122826.62546,5,0,-66
1754122826.66346,-1,0,-64
1754122826.70246,1,-1,-68
1754122826.73846,4,0,-62
1754122826.77546,3,-1,-66
1754122826.81346,0,-4,-66
1754122826.85246,7,-5,-72
1754122826.8884602,4,2,-69
1754122826.92546,0,-4,-66
1754122826.9634602,0,0,-59
1754122827.00246,-7,0,-57
1754122827.03846,1,-2,-66
1754122827.07646,1,-5,-57
1754122827.11446,4,0,-66
1754122827.15246,0,-1,-70
1754122827.19146,-1,-8,-73
1754122827.22746,0,-3,-71
1754122827.26546,5,-4,-56
1754122827.30346,-2,2,-61
1754122827.3424602,-4,-2,-74
1754122827.3784602,-1,-4,-54
1754122827.41646,1,-7,-62
1754122827.45446,1,-2,-57
1754122827.4934602,5,0,-81
1754122827.53146,1,-2,-63
1754122827.56746,0,-5,-69
1754122827.6054602,-3,0,-69
1754122827.64346,1,9,-62
1754122827.68246,0,1,-64
1754122827.71846,0,7,-64
1754122827.7564602,0,5,-66
1754122827.79446,-8,-5,-60
1754122827.83346,2,1,-64
1754122827.8714602,2,-2,-65
1754122827.9074602,0,1,-55
1754122827.9444602,-2,6,-73
1754122827.9834602,0,-4,-74
1754122828.02146,0,-6,-67
1754122828.05746,2,-6,-71
1754122828.09446,-4,-3,-73
1754122828.13346,-1,3,-61
1754122828.1714602,1,1,-56
1754122828.2074602,6,0,-52
1754122828.24446,1,6,-58
1754122828.28346,5,-2,-64
1754122828.32146,-2,-2,-62
1754122828.35746,1,2,-61
1754122828.39546,3,6,-60
1754122828.43346,-7,3,-54
1754122828.47146,-2,3,-68
1754122828.50746,0,0,-65
1754122828.54546,3,-6,-62
1754122828.58346,-3,-7,-64
1754122828.61946,-9,-1,-60
1754122828.6574602,-2,4,-67
1754122828.69546,-7,2,-74
1754122828.7334602,-2,-3,-62
1754122828.77246,-1,4,-56
1754122828.80846,-1,1,-62
1754122828.8454602,8,0,-55
1754122828.88346,0,-2,-57
1754122828.92246,0,1,-50
1754122828.95846,0,1,-56
1754122828.99546,2,9,-54
1754122829.03346,0,-3,-62
1754122829.0724602,0,-2,-62
1754122829.1084602,0,3,-73
1754122829.14546,-4,0,-68
1754122829.18346,3,6,-73
1754122829.22246,2,-1,-67
1754122829.25846,5,0,-69
1754122829.29546,-3,-6,-54
1754122829.33346,0,-3,-60
1754122829.37246,-4,1,-61
1754122829.40846,-5,-5,-55
1754122829.44646,1,0,-66
1754122829.48446,-1,1,-71
1754122829.52346,0,-2,-65
1754122829.56046,0,2,-64
1754122829.5984602,-4,0,-63
1754122829.63546,0,-3,-66
1754122829.6744602,-6,-1,-70
1754122829.71246,1,-1,-70
1754122829.74846,2,-2,-58
1754122829.7864602,6,-1,-71
1754122829.82446,-6,-1,-65
1754122829.86346,-10,-1,-58
1754122829.89946,-5,3,-60
1754122829.9374602,5,-1,-55
1754122829.97546,0,-2,-61
1754122830.01446,0,-5,-68
1754122830.0524602,2,-2,-72
1754122830.0884602,4,0,-63
1754122830.12646,4,-5,-62
1754122830.16546,-2,-5,-72
1754122830.20346,-6,2,-70
1754122830.23946,-2,-3,-59
1754122830.27746,-1,-5,-74
1754122830.3154602,4,-3,-73
1754122830.35446,-6,-1,-65
1754122830.39246,-2,-4,-60
1754122830.42846,6,0,-67
1754122830.46546,1,0,-65
1754122830.50446,5,-2,-54
1754122830.5424602,-5,-3,-51
1754122830.57846,-4,0,-58
1754122830.61646,5,3,-60
1754122830.6544602,-3,4,-66
1754122830.69346,-1,2,-68
1754122830.72946,-6,1,-71
1754122830.76746,-6,5,-73
1754122830.80546,-3,0,-50
1754122830.84446,-8,4,-58
1754122830.88246,1,6,-69
1754122830.91846,-2,3,-66
1754122830.95546,-6,-9,-64
1754122830.99446,0,-10,-71
1754122831.03046,0,-1,-67
1754122831.06846,1,0,-56
1754122831.10646,-4,4,-58
1754122831.1444602,-8,-3,-64
1754122831.18346,-1,-4,-66
1754122831.21946,-6,0,-70
1754122831.25746,-1,-1,-68
1754122831.29546,0,0,-62
1754122831.33446,1,-7,-66
1754122831.37046,1,-14,-64
1754122831.40846,0,-1,-60
1754122831.44646,2,2,-58
1754122831.48546,7,-1,-57
1754122831.52346,11,-1,-62
1754122831.5594602,3,6,-59
1754122831.59746,8,0,-55
1754122831.6344602,4,0,-68
1754122831.67346,0,-3,-58
1754122831.70946,-6,-2,-66
1754122831.74746,-1,0,-69
1754122831.7864602,-1,1,-64
1754122831.82446,1,-3,-68
1754122831.86046,3,-8,-66
1754122831.89846,1,-4,-74
1754122831.93646,-7,-9,-64
1754122831.97546,-8,-4,-70
1754122832.0134602,0,-1,-56
1754122832.0494602,-6,0,-68
1754122832.0954602,1,-1,-60
1754122832.13346,-4,-1,-61
1754122832.16946,-2,4,-52
1754122832.2074602,0,-2,-68
1754122832.24546,-2,3,-57
1754122832.28446,-2,7,-69
1754122832.32046,-5,2,-63
1754122832.3584602,1,0,-53
1754122832.39746,4,1,-55
1754122832.43546,2,-2,-67
1754122832.4734602,11,0,-57
1754122832.51046,8,1,-65
1754122832.54746,6,3,-60
1754122832.5854602,4,-4,-66
1754122832.62446,2,-2,-59
1754122832.66046,1,1,-70
1754122832.6974602,0,4,-68
1754122832.73546,1,2,-65
1754122832.77446,-3,0,-73
1754122832.81046,-2,-6,-78
1754122832.8484602,2,-3,-62
1754122832.88646,6,-1,-57
1754122832.92546,1,0,-59
1754122832.9634602,0,-5,-67
1754122832.99946,1,-8,-70
1754122833.03746,0,-5,-64
1754122833.0754602,1,-1,-61
1754122833.11446,1,-3,-62
1754122833.15046,-2,-2,-54
1754122833.18846,3,3,-60
1754122833.22646,-3,0,-60
1754122833.26546,0,2,-53
1754122833.30346,3,0,-57
1754122833.34046,-2,-4,-60
1754122833.3784602,-1,-4,-70
1754122833.41646,9,1,-57
1754122833.45546,12,7,-63
1754122833.49146,8,9,-68
1754122833.52846,-6,-3,-56
1754122833.56646,3,-1,-73
1754122833.6054602,4,-10,-56
1754122833.6414602,3,-6,-61
1754122833.67946,-1,1,-69
1754122833.71846,3,-3,-71
1754122833.75546,2,-3,-61
1754122833.79446,-6,-5,-65
1754122833.83046,0,-5,-60
1754122833.8684602,5,-3,-61
1754122833.90646,0,-5,-65
1754122833.94546,-1,-2,-75
1754122833.98146,-3,0,-77
1754122834.0194602,-3,-2,-85
1754122834.05746,-4,0,-67
1754122834.09646,-6,-1,-59
1754122834.1344602,2,-4,-66
1754122834.17046,2,2,-52
1754122834.20846,0,-5,-64
1754122834.2464602,-2,1,-66
1754122834.28546,-1,0,-73
1754122834.32146,4,0,-74
1754122834.35946,0,0,-65
1754122834.39646,-2,1,-59
1754122834.43546,-1,4,-68
1754122834.47146,0,0,-67
1754122834.5094602,-4,-5,-74
1754122834.5464602,-1,-2,-61
1754122834.5854602,10,-7,-65
1754122834.6214602,2,-7,-57
1754122834.65846,1,-2,-60
1754122834.69646,7,-1,-66
1754122834.73546,-3,1,-58
1754122834.77146,0,2,-68
1754122834.80846,1,-1,-68
1754122834.84646,-1,1,-56
1754122834.88546,4,0,-66
1754122834.9214602,2,1,-72
1754122834.95846,0,-5,-72
1754122834.9964602,1,-9,-66
1754122835.03546,0,-2,-66
1754122835.07146,0,-13,-75
1754122835.10946,-2,0,-65
1754122835.14746,-2,2,-70
1754122835.18646,-1,-3,-75
1754122835.22446,2,-4,-79
1754122835.26046,0,2,-70
1754122835.29746,-2,1,-60
1754122835.33646,-1,2,-58
1754122835.37446,5,-6,-60
1754122835.41046,4,-4,-63
1754122835.44846,12,-2,-54
1754122835.4864602,5,-1,-63
1754122835.52546,-3,-3,-61
1754122835.56146,-4,-6,-66
1754122835.59946,0,-4,-66
1754122835.6384602,-2,3,-69
1754122835.67646,0,6,-65
1754122835.71246,-5,10,-60
1754122835.75146,-7,4,-54
1754122835.78846,-6,0,-53
1754122835.82646,-4,-3,-63
1754122835.8654602,-10,0,-65
1754122835.9014602,-8,2,-62
1754122835.93846,4,3,-62
1754122835.97646,7,2,-68
1754122836.01546,3,0,-70
1754122836.05146,5,4,-68
1754122836.0884602,-2,0,-71
1754122836.12646,0,0,-60
1754122836.16546,2,-3,-69
1754122836.20146,7,0,-71
1754122836.23846,3,-1,-58
1754122836.2764602,4,1,-64
1754122836.3154602,5,-2,-56
1754122836.35146,3,0,-57
1754122836.38946,0,3,-63
1754122836.4274602,1,4,-58
1754122836.46646,2,-2,-67
1754122836.50246,0,1,-64
1754122836.5394602,2,-1,-73
1754122836.57746,1,-4,-56
1754122836.61646,0,-2,-59
1754122836.65246,-2,1,-55
1754122836.6904602,-3,-1,-64
1754122836.72846,-10,7,-54
1754122836.76746,-8,2,-59
1754122836.80546,-2,2,-56
1754122836.84146,-2,0,-64
1754122836.87946,-2,-3,-67
1754122836.9174602,-1,-3,-62
1754122836.95646,7,-3,-64
1754122836.99246,-1,-9,-64
1754122837.03046,-2,-3,-56
1754122837.06846,-7,7,-59
1754122837.10746,-8,-1,-71
1754122837.14546,-10,4,-64
1754122837.18146,-4,0,-52
1754122837.21946,0,-1,-67
1754122837.25846,-1,-8,-72
1754122837.2964602,0,-5,-58
1754122837.3324602,0,-1,-57
1754122837.37046,-1,-6,-64
1754122837.40846,0,-4,-70
1754122837.4474602,-5,-4,-53
1754122837.48546,-1,-2,-64
1754122837.52146,1,2,-72
1754122837.55846,0,1,-59
1754122837.59746,-1,1,-66
1754122837.63546,-5,-3,-59
1754122837.6714602,0,-4,-65
1754122837.70946,9,-3,-57
1754122837.74746,3,-1,-58
1754122837.7864602,-1,0,-65
1754122837.8224602,0,-4,-59
1754122837.8614602,0,-6,-60
1754122837.89846,-5,-3,-60
1754122837.9374602,0,-7,-57
1754122837.9734602,-4,0,-55
1754122838.01146,-9,-5,-60
1754122838.05046,0,-1,-70
1754122838.08746,3,-1,-56
1754122838.12646,0,5,-56
1754122838.16246,-5,0,-51
1754122838.2004602,0,1,-70
1754122838.23746,-11,0,-71
1754122838.2764602,-4,0,-61
1754122838.3124602,-3,-8,-55
1754122838.35046,-5,-5,-63
1754122838.3884602,-4,-1,-64
1754122838.4274602,-4,1,-56
1754122838.4634602,-2,0,-56
1754122838.50046,-6,0,-65
1754122838.53846,0,1,-59
1754122838.57746,1,-1,-68
1754122838.61346,0,0,-68
1754122838.65046,-8,-5,-71
1754122838.68846,-3,-3,-78
1754122838.72746,-4,-3,-67
1754122838.7634602,3,-1,-58
1754122838.80146,-5,-6,-67
1754122838.83946,0,1,-68
1754122838.8784602,-1,-1,-66
1754122838.91646,0,0,-65
1754122838.95246,6,0,-57
1754122838.98946,-2,3,-67
1754122839.02846,0,-1,-72
1754122839.06646,-3,1,-73
1754122839.10246,-2,5,-63
1754122839.1414602,-3,8,-66
1754122839.17846,0,-2,-68
1754122839.2174602,-4,-1,-68
1754122839.2534602,-1,2,-63
1754122839.29146,7,0,-64
1754122839.32946,0,-3,-72
1754122839.3684602,0,0,-69
1754122839.40646,2,-6,-54
1754122839.44246,6,-2,-68
1754122839.4804602,6,-2,-65
1754122839.51846,-2,-6,-52
1754122839.55746,-3,-2,-65
1754122839.59346,-1,-2,-75
1754122839.6314602,2,-4,-65
1754122839.67046,0,0,-59
1754122839.70846,0,-5,-62
1754122839.7464602,2,0,-54
1754122839.78346,3,4,-67
1754122839.82046,1,-1,-63
1754122839.8584602,0,3,-59
1754122839.89746,-7,-6,-59
1754122839.93346,-2,-5,-61
1754122839.97146,-2,-2,-59
1754122840.0094602,2,-3,-61
1754122840.04846,1,-4,-52
1754122840.08446,-1,1,-58
1754122840.12246,-5,-1,-60
1754122840.16046,-5,-5,-60
1754122840.19846,1,-3,-55
1754122840.23746,-1,-4,-47
1754122840.27346,1,1,-52
1754122840.31046,-6,0,-53
1754122840.3484602,-7,0,-62
1754122840.38746,0,-6,-66
1754122840.42346,-4,-1,-79
1754122840.46146,-2,-1,-63
1754122840.49946,3,-2,-52
1754122840.53846,0,2,-57
1754122840.57446,-5,2,-64
1754122840.6114602,-4,-2,-66
1754122840.64946,1,-4,-64
1754122840.68846,3,0,-65
1754122840.72446,0,-3,-64
1754122840.76246,-4,0,-68
1754122840.80046,-8,-4,-57
1754122840.8384602,-1,0,-61
1754122840.87746,-2,0,-68
1754122840.91346,-4,1,-64
1754122840.95146,-2,-6,-69
1754122840.9904602,2,-10,-68
1754122841.02846,-1,-4,-58
1754122841.06446,-2,0,-61
1754122841.10246,5,3,-69
1754122841.14046,10,-3,-76
1754122841.17946,6,-8,-72
1754122841.2174602,3,-3,-63
1754122841.2534602,-6,-7,-61
1754122841.29146,3,-1,-64
1754122841.32946,3,-4,-69
1754122841.3684602,3,-4,-61
1754122841.4044602,5,-2,-72
1754122841.44246,8,0,-70
1754122841.48146,4,-4,-68
1754122841.5194602,7,-3,-72
1754122841.55746,-7,-2,-65
1754122841.59346,-1,0,-62
1754122841.6314602,-5,-2,-64
1754122841.66946,-1,0,-83
1754122841.70846,2,-3,-76
1754122841.74446,4,0,-73
1754122841.78146,0,0,-59
1754122841.8194602,4,-4,-66
1754122841.8584602,-1,-1,-68
1754122841.8944602,0,-4,-77
1754122841.93246,3,-3,-69
1754122841.9704602,0,0,-71
1754122842.0094602,0,-1,-69
1754122842.04746,0,-3,-72
1754122842.08346,2,-4,-64
1754122842.12946,0,-2,-59
1754122842.1674602,-1,-7,-65
1754122842.20346,0,-9,-53
1754122842.24146,-10,-4,-56
1754122842.2794602,-3,-2,-63
1754122842.31846,-1,0,-65
1754122842.35446,0,0,-65
1754122842.39246,6,-3,-57
1754122842.43046,-2,-3,-60
1754122842.46946,0,-9,-58
1754122842.50546,0,-3,-65
1754122842.54346,-6,1,-58
1754122842.58146,-2,3,-62
1754122842.61946,-3,0,-56
1754122842.65846,-2,-5,-63
1754122842.6944602,2,-1,-66
1754122842.73246,2,-5,-60
1754122842.7694602,1,2,-71
1754122842.80846,0,-6,-64
1754122842.84446,-4,-5,-70
1754122842.88246,0,-6,-56
1754122842.92046,1,-7,-56
1754122842.95946,8,-3,-67
1754122842.99546,-1,-4,-73
1754122843.03346,-3,-2,-75
1754122843.07146,3,0,-69
1754122843.10946,4,1,-65
1754122843.14846,-1,0,-63
1754122843.1844602,-3,0,-65
1754122843.2234602,-4,4,-69
1754122843.26046,0,-1,-66
1754122843.2994602,11,-3,-51
1754122843.3354602,1,-5,-60
1754122843.37346,3,-5,-54
1754122843.4114602,-3,0,-58
1754122843.4504602,-3,-2,-65
1754122843.48846,-2,-2,-51
1754122843.52446,-4,-6,-56
1754122843.5624602,1,-1,-57
1754122843.60046,-4,-2,-62
1754122843.63946,-3,-1,-64
1754122843.67546,0,-4,-67
1754122843.7134602,1,2,-63
1754122843.75246,-3,0,-63
1754122843.79046,3,-2,-59
1754122843.82846,9,-4,-63
1754122843.86446,7,0,-59
1754122843.90246,-1,-5,-56
1754122843.9404602,0,-1,-61
1754122843.97946,0,-6,-64
1754122844.01546,3,-3,-68
1754122844.05346,-7,5,-66
1754122844.09146,1,-2,-65
1754122844.13046,-8,2,-58
1754122844.16846,-2,-2,-60
1754122844.20446,2,0,-54
1754122844.24146,0,-3,-65
1754122844.28046,0,-6,-67
1754122844.31846,-4,-7,-61
1754122844.35446,-2,-2,-58
1754122844.39346,0,4,-61
1754122844.43046,-1,1,-52
1754122844.46946,-2,7,-62
1754122844.50546,4,9,-66
1754122844.54346,2,0,-58
1754122844.58146,0,-4,-58
1754122844.62046,-2,-8,-77
1754122844.65646,3,-6,-69
1754122844.69346,2,-4,-64
1754122844.73146,9,2,-61
1754122844.77046,1,-2,-73
1754122844.80646,5,0,-67
1754122844.84346,-5,-5,-69
1754122844.8814602,-7,-3,-58
1754122844.92046,-2,-7,-50
1754122844.95646,-4,0,-59
1754122844.99446,-4,3,-52
1754122845.0324602,-1,0,-60
1754122845.07046,-8,3,-68
1754122845.10946,1,0,-58
1754122845.14546,-1,3,-61
1754122845.18346,1,7,-51
1754122845.22146,-3,1,-64
1754122845.26046,2,-4,-56
1754122845.2964602,-2,-4,-63
1754122845.3354602,2,-3,-58
1754122845.37246,0,6,-64
1754122845.41046,1,0,-58
1754122845.44946,-1,3,-66
1754122845.48546,3,0,-74
1754122845.52246,3,0,-66
1754122845.56046,5,-5,-67
1754122845.59946,0,-8,-56
1754122845.63546,-1,-4,-71
1754122845.67346,2,-9,-70
1754122845.71146,0,-1,-67
1754122845.75046,-1,-5,-72
1754122845.7864602,-7,-8,-73
1754122845.82446,-2,1,-58
1754122845.86246,-1,4,-46
1754122845.9014602,-1,-2,-55
1754122845.93946,5,-6,-56
1754122845.97546,0,-6,-53
1754122846.0134602,2,-1,-62
1754122846.05146,3,-2,-70
1754122846.09046,4,5,-53
1754122846.12646,0,1,-51
1754122846.16346,-12,3,-64
1754122846.20146,0,-1,-71
1754122846.2404602,-2,-2,-50
1754122846.2764602,-5,1,-62
1754122846.31446,-5,0,-68
1754122846.35246,-2,-1,-72
1754122846.3914602,-5,-4,-75
1754122846.42946,4,-1,-63
1754122846.46546,1,-4,-52
1754122846.50446,1,-9,-62
1754122846.5424602,-6,-12,-68
1754122846.58046,-2,-6,-68
1754122846.61646,1,0,-66
1754122846.6544602,10,3,-64
1754122846.69246,-6,-1,-72
1754122846.73146,2,0,-70
1754122846.7694602,-7,0,-63
1754122846.80546,-5,-6,-61
1754122846.84346,-7,-9,-51
1754122846.8814602,-5,-6,-62
1754122846.92046,-3,0,-59
1754122846.95646,-10,-2,-59
1754122846.99446,-6,1,-69
1754122847.0324602,-7,7,-65
1754122847.07146,4,5,-63
1754122847.10746,-4,0,-57
1754122847.14546,-9,0,-54
1754122847.1844602,2,-8,-54
1754122847.22246,3,-1,-62
1754122847.26046,9,-5,-61
1754122847.2964602,2,-4,-64
1754122847.33446,-8,-3,-64
1754122847.37246,4,-2,-71
1754122847.4114602,1,-6,-69
1754122847.4474602,7,-2,-61
1754122847.48546,1,-4,-62
1754122847.52346,7,-4,-65
1754122847.56146,1,-1,-51
1754122847.60046,-4,0,-53
1754122847.63646,1,2,-61
1754122847.67346,-4,0,-58
1754122847.71146,-3,-3,-60
1754122847.75046,0,0,-58
1754122847.7864602,-1,2,-62
1754122847.8254602,-4,9,-63
1754122847.86246,-2,2,-70
1754122847.9014602,-5,-1,-66
1754122847.9374602,-4,-4,-59
1754122847.97546,-3,0,-57
1754122848.01446,9,0,-54
1754122848.0524602,-5,-8,-68
1754122848.09046,-8,0,-62
1754122848.12646,-2,1,-69
1754122848.1644602,7,0,-68
1754122848.20246,6,0,-67
1754122848.2404602,4,-7,-62
1754122848.2764602,5,-5,-64
1754122848.31446,0,6,-65
1754122848.35246,3,5,-59
1754122848.3914602,-3,-5,-65
1754122848.4274602,-1,-5,-60
1754122848.46546,1,-1,-63
1754122848.5034602,0,-3,-56
1754122848.5424602,0,-3,-62
1754122848.58046,0,2,-58
1754122848.61646,3,-2,-65
1754122848.6544602,3,-5,-66
1754122848.69246,3,1,-58
1754122848.73146,4,0,-62
1754122848.76746,3,-2,-67
1754122848.80546,-1,1,-65
1754122848.84346,8,-8,-74
1754122848.88246,5,-4,-61
1754122848.92046,-2,0,-57
1754122848.95646,-1,-2,-53
1754122848.99446,1,-2,-55
1754122849.0324602,-8,0,-63
1754122849.07146,0,-8,-66
1754122849.10746,0,-2,-67
1754122849.14546,0,7,-68
1754122849.1844602,1,6,-66
1754122849.22246,7,0,-75
1754122849.25846,-2,-2,-76
1754122849.29746,2,-1,-74
1754122849.33446,7,0,-57
1754122849.37246,2,0,-57
1754122849.4114602,-4,-4,-65
1754122849.4474602,-6,-7,-58
1754122849.48546,-9,-6,-65
1754122849.52346,3,-1,-62
1754122849.5624602,7,3,-73
1754122849.5984602,1,3,-77
1754122849.63546,0,2,-74
1754122849.67346,0,11,-67
1754122849.71246,-2,2,-62
1754122849.74846,-2,4,-68
1754122849.7864602,-2,-5,-63
1754122849.82446,1,-1,-65
1754122849.86246,-2,7,-61
1754122849.9014602,-6,2,-70
1754122849.9374602,-2,3,-73
1754122849.97546,-1,6,-67
1754122850.0134602,-2,8,-66
1754122850.0524602,1,2,-61
1754122850.0884602,0,-7,-62
1754122850.12546,2,-1,-71
1754122850.16346,0,3,-57
1754122850.20246,-5,0,-60
1754122850.23846,-5,0,-65
1754122850.2764602,4,0,-66
1754122850.31446,-3,-1,-69
1754122850.35346,-3,1,-68
1754122850.3914602,-5,5,-65
1754122850.4274602,1,1,-70
1754122850.46446,3,4,-68
1754122850.5034602,2,-4,-63
1754122850.54146,-3,-3,-64
1754122850.57746,-4,4,-58
1754122850.6154602,7,0,-62
1754122850.6544602,2,0,-43
1754122850.69246,-1,0,-55
1754122850.72846,1,3,-61
1754122850.76546,-2,0,-68
1754122850.80346,3,-8,-71
1754122850.8424602,2,-6,-55
1754122850.8784602,2,-2,-61
1754122850.9174602,3,-5,-67
1754122850.95446,-1,-1,-68
1754122850.9934602,-1,-5,-62
1754122851.03146,0,0,-57
1754122851.06746,3,2,-55
1754122851.10446,6,2,-53
1754122851.14346,-7,4,-65
1754122851.18146,0,2,-67
1754122851.2174602,1,2,-56
1754122851.25446,3,3,-63
1754122851.29346,5,8,-59
1754122851.33146,1,1,-52
1754122851.36746,4,2,-50
1754122851.4044602,-1,0,-61
1754122851.44346,-5,-3,-62
1754122851.48146,5,1,-65
1754122851.51746,2,-1,-73
1754122851.55446,-9,0,-72
1754122851.59346,-6,-1,-64
1754122851.62946,0,1,-68
1754122851.6674602,-4,0,-63
1754122851.70546,-1,4,-58
1754122851.7434602,-1,3,-62
1754122851.7824602,-6,-1,-65
1754122851.81846,3,4,-57
1754122851.8554602,-6,7,-64
1754122851.89346,-12,6,-66
1754122851.93246,-8,0,-62
1754122851.96846,5,3,-64
1754122852.00546,2,4,-56
1754122852.04346,6,5,-70
1754122852.0824602,1,3,-70
1754122852.1184602,2,3,-72
1754122852.1644602,-7,2,-63
1754122852.20246,-6,3,-55
1754122852.23846,-2,2,-65
1754122852.2764602,-5,-1,-61
1754122852.31446,-2,-1,-68
1754122852.35346,0,1,-71
1754122852.38946,4,1,-59
1754122852.42646,7,-4,-56
1754122852.46446,5,0,-59
1754122852.5034602,-2,3,-64
1754122852.5394602,-5,0,-66
1754122852.57746,0,2,-59
1754122852.6154602,1,0,-73
1754122852.6544602,10,10,-75
1754122852.69246,3,-5,-71
1754122852.72846,3,-4,-68
1754122852.76746,3,-5,-61
1754122852.80446,0,-4,-72
1754122852.84346,7,-3,-69
1754122852.87946,1,-1,-66
1754122852.9174602,0,-4,-70
1754122852.95546,0,-4,-66
1754122852.99446,0,-2,-62
1754122853.0324602,-2,-2,-55
1754122853.06846,0,-5,-67
1754122853.10646,0,-4,-63
1754122853.1444602,-3,2,-69
1754122853.18346,-3,5,-63
1754122853.21946,7,3,-64
1754122853.25846,-3,0,-74
1754122853.29546,1,0,-62
1754122853.33446,5,1,-73
1754122853.37246,0,-3,-61
1754122853.40846,-1,0,-62
1754122853.4474602,2,0,-62
1754122853.48446,0,0,-70
1754122853.52346,5,3,-65
1754122853.5594602,5,0,-60
1754122853.59746,3,1,-56
1754122853.6344602,5,6,-73
1754122853.67346,0,-1,-79
1754122853.70946,-7,0,-66
1754122853.74746,3,0,-70
1754122853.78546,5,2,-64
1754122853.82446,4,-6,-61
1754122853.86046,2,0,-50
1754122853.89746,-5,-1,-61
1754122853.93546,-3,-4,-53
1754122853.97446,0,1,-58
1754122854.01046,6,-8,-48
1754122854.04746,0,-4,-61
1754122854.0854602,-14,-6,-67
1754122854.12446,-10,1,-61
1754122854.16046,3,1,-44
1754122854.1974602,-2,-1,-59
1754122854.23546,7,-3,-65
1754122854.27446,2,3,-74
1754122854.31046,-3,-1,-68
1754122854.3484602,6,-1,-65
1754122854.38646,0,3,-61
1754122854.42546,0,-2,-53
1754122854.4634602,-3,0,-61
1754122854.49946,-3,0,-53
1754122854.53846,-3,-4,-61
1754122854.5754602,-2,-8,-62
1754122854.61446,0,-3,-69
1754122854.65046,4,0,-64
1754122854.6874602,1,2,-63
1754122854.72546,0,-5,-62
1754122854.76446,3,-6,-66
1754122854.80046,8,-4,-65
1754122854.8384602,0,-2,-53
1754122854.87646,0,-2,-60
1754122854.91546,-1,0,-62
1754122854.95346,2,2,-57
1754122854.98946,-3,2,-61
1754122855.0264602,0,1,-64
1754122855.0654602,0,2,-56
1754122855.10346,4,3,-57
1754122855.13946,0,-6,-65
1754122855.17646,0,-1,-57
1754122855.21546,-12,-3,-53
1754122855.2534602,-2,-1,-66
1754122855.2894602,-6,3,-59
1754122855.32646,-2,6,-69
1754122855.3654602,-3,-2,-55
1754122855.40346,0,0,-64
1754122855.43946,7,-5,-59
1754122855.47646,-1,-1,-57
1754122855.51546,-6,-6,-60
1754122855.55346,-2,-2,-61
1754122855.58946,-6,3,-67
1754122855.62646,4,0,-73
1754122855.66546,-2,-2,-65
1754122855.70346,-2,0,-54
1754122855.73946,-2,-1,-67
1754122855.77746,2,-3,-69
1754122855.8154602,1,-9,-65
1754122855.85446,0,3,-60
1754122855.8914602,1,-1,-58
1754122855.92846,0,2,-73
1754122855.96646,0,3,-68
1754122856.00546,4,0,-67
1754122856.04346,0,0,-54
1754122856.07946,-6,-2,-52
1754122856.1184602,4,-2,-57
1754122856.15546,12,4,-62
1754122856.1944602,7,1,-66
1754122856.23146,0,7,-65
1754122856.26846,-1,-1,-59
1754122856.30646,-1,1,-54
1754122856.3454602,0,0,-59
1754122856.3814602,-1,-1,-57
1754122856.41946,-1,0,-64
1754122856.4574602,0,3,-70
1754122856.49546,-2,3,-64
1754122856.53446,-6,1,-57
1754122856.57046,0,2,-57
1754122856.60746,0,0,-59
1754122856.64546,-1,-3,-62
1754122856.6844602,-2,-4,-67
1754122856.7204602,-1,-4,-67
1754122856.7594602,-1,-3,-62
1754122856.7964602,0,0,-69
1754122856.8354602,5,0,-58
1754122856.8714602,0,0,-57
1754122856.90946,-1,2,-62
1754122856.94846,2,-3,-66
1754122856.98546,6,-4,-69
1754122857.02446,0,-7,-72
1754122857.06046,-2,-8,-73
1754122857.0984602,-3,-2,-67
1754122857.13646,-2,0,-70
1754122857.17546,-5,-7,-69
1754122857.21146,-4,0,-64
1754122857.24946,-7,-1,-61
1754122857.28746,-5,-5,-64
1754122857.32646,0,0,-54
1754122857.36446,6,1,-64
1754122857.40046,7,-3,-67
1754122857.43946,7,-1,-56
1754122857.47646,2,2,-71
1754122857.51546,-3,0,-53
1754122857.55146,1,1,-59
1754122857.5884602,3,-7,-61
1754122857.62646,-2,-3,-58
1754122857.66546,-5,-3,-60
1754122857.70146,0,1,-50
1754122857.73946,-8,0,-65
1754122857.7764602,1,6,-65
1754122857.8154602,0,2,-80
1754122857.85146,-2,-3,-70
1754122857.88946,-3,0,-67
1754122857.9274602,-6,3,-67
1754122857.96646,-4,-1,-67
1754122858.00446,3,3,-61
1754122858.04046,-2,-1,-65
1754122858.07846,0,-3,-66
1754122858.11646,5,2,-59
1754122858.15546,3,-2,-54
1754122858.19146,3,-4,-56
1754122858.22946,8,0,-67
1754122858.26746,4,4,-70
1754122858.30646,0,-4,-69
1754122858.3424602,4,0,-75
1754122858.37946,0,1,-70
1754122858.4174602,-1,0,-80
1754122858.45646,-2,8,-66
1754122858.49246,-1,1,-72
1754122858.53046,-2,-4,-71
1754122858.5694602,-2,-2,-67
1754122858.60646,-6,-4,-61
1754122858.64546,0,-1,-55
1754122858.68246,0,2,-73
1754122858.71946,0,-5,-68
1754122858.75746,1,0,-65
1754122858.7964602,6,1,-60
1754122858.8324602,3,1,-66
1754122858.86946,-5,4,-64
1754122858.9074602,-4,2,-67
1754122858.94646,0,0,-63
1754122858.98246,3,1,-63
1754122859.0194602,1,0,-78
1754122859.05746,-4,-3,-70
1754122859.09646,-5,-4,-62
1754122859.13246,2,-2,-62
1754122859.16946,0,-4,-58
1754122859.2074602,3,-4,-62
1754122859.2464602,6,-6,-58
1754122859.2824602,2,-1,-59
1754122859.32046,2,-4,-70
1754122859.3584602,-3,2,-74
1754122859.39646,-2,1,-72
1754122859.43546,1,0,-78
1754122859.47146,0,0,-75
1754122859.51046,-2,0,-66
1754122859.54746,-3,5,-68
1754122859.58646,-1,2,-65
1754122859.62246,-3,7,-55
1754122859.66046,0,-1,-60
1754122859.69946,4,-1,-57
1754122859.73746,1,-2,-65
1754122859.77546,-1,2,-64
1754122859.81146,-5,-2,-71
1754122859.84946,-4,-2,-73
1754122859.88746,-6,0,-69
1754122859.92646,-6,-1,-74
1754122859.96246,-4,1,-72
1754122860.00046,-2,3,-64
1754122860.0394602,8,0,-63
1754122860.07746,4,-5,-72
1754122860.1154602,0,-6,-66
1754122860.1514602,1,3,-63
1754122860.1904602,-2,4,-71
1754122860.22746,-1,-2,-63
1754122860.2664602,5,-5,-70
1754122860.3024602,-4,-4,-64
1754122860.34046,0,4,-57
1754122860.3784602,1,3,-58
1754122860.4174602,-1,2,-67
1754122860.45546,4,2,-57
1754122860.49146,0,-3,-53
1754122860.52846,5,-3,-52
1754122860.56746,0,0,-69
1754122860.6054602,-1,0,-66
1754122860.64246,0,0,-72
1754122860.68046,-4,-2,-65
1754122860.71846,-9,4,-75
1754122860.75746,-5,0,-61
1754122860.79346,-5,-3,-67
1754122860.83146,-8,0,-68
1754122860.86946,-5,-1,-66
1754122860.9074602,-2,0,-64
1754122860.94646,3,-1,-60
1754122860.9834602,0,0,-53
1754122861.02046,-13,4,-61
1754122861.05846,-5,2,-56
1754122861.09746,-2,-2,-66
1754122861.13346,-3,-11,-64
1754122861.1714602,-1,-6,-55
1754122861.20946,1,2,-58
1754122861.24746,7,3,-63
1754122861.2864602,0,1,-66
1754122861.3224602,-7,-3,-63
1754122861.36046,1,0,-64
1754122861.39846,-1,3,-68
1754122861.4374602,-6,-2,-59
1754122861.4734602,-4,-2,-64
1754122861.51146,0,-3,-59
1754122861.55046,1,-1,-65
1754122861.58746,4,3,-66
1754122861.62646,-3,7,-75
1754122861.66246,0,-2,-73
1754122861.7004602,-2,-2,-71
1754122861.73846,-2,4,-65
1754122861.77746,0,0,-57
1754122861.81346,-6,0,-56
1754122861.85146,-9,4,-73
1754122861.88946,-3,0,-65
1754122861.92846,-4,-1,-71
1754122861.96646,-5,1,-64
1754122862.00246,0,-2,-55
1754122862.04146,-7,0,-68
1754122862.07846,0,-5,-68
1754122862.11746,5,-5,-54
1754122862.15346,5,-4,-59
1754122862.19946,2,-5,-70
1754122862.23746,0,-1,-62
1754122862.27346,-2,0,-70
1754122862.31146,-3,3,-72
1754122862.35046,-4,-4,-55
1754122862.3884602,0,-5,-62
1754122862.42646,-1,-6,-74
1754122862.46246,-8,2,-73
1754122862.50046,2,-8,-57
1754122862.53846,2,-4,-66
1754122862.57746,1,-2,-68
1754122862.61346,6,0,-62
1754122862.65046,0,-4,-69
1754122862.68846,-3,-4,-61
1754122862.72746,0,1,-63
1754122862.7634602,1,3,-71
1754122862.80046,0,1,-67
1754122862.8384602,1,-7,-65
1754122862.87746,-2,0,-70
1754122862.91346,-2,-2,-74
1754122862.95146,0,-4,-64
1754122862.98946,-3,0,-60
1754122863.02846,9,5,-59
1754122863.06446,0,0,-64
1754122863.10246,-6,-2,-69
1754122863.14046,-2,4,-58
1754122863.17846,6,-5,-60
1754122863.2174602,8,-7,-64
1754122863.2534602,1,-5,-62
1754122863.29146,0,-5,-65
1754122863.32946,-2,0,-70
1754122863.3684602,0,-3,-65
1754122863.4044602,-1,-2,-68
1754122863.44246,9,-5,-67
1754122863.4804602,2,-7,-69
1754122863.51846,-4,-3,-66
1754122863.55746,-3,3,-77
1754122863.59346,1,2,-81
1754122863.63046,5,0,-62
1754122863.66846,-2,-3,-66
1754122863.7074602,0,-4,-63
1754122863.7434602,-6,2,-63
1754122863.78146,-6,3,-62
1754122863.8194602,-3,1,-71
1754122863.8584602,4,0,-72
1754122863.8944602,2,0,-65
1754122863.93146,7,-2,-72
1754122863.96946,4,-5,-65
1754122864.00846,2,-5,-70
1754122864.04446,0,-2,-64
1754122864.0824602,-1,-3,-70
1754122864.1214602,-1,-8,-64
1754122864.15946,10,-3,-64
1754122864.1974602,7,-3,-74
1754122864.2334602,0,-2,-72
1754122864.27146,7,-9,-66
1754122864.3094602,0,-2,-63
1754122864.3484602,5,-4,-61
1754122864.3844602,-1,-8,-69
1754122864.42246,-1,-4,-63
1754122864.4604602,-5,0,-78
1754122864.49946,-5,-2,-75
1754122864.53746,5,-1,-70
1754122864.57346,6,0,-67
1754122864.6114602,5,-5,-55
1754122864.64946,5,-8,-67
1754122864.68846,-2,-2,-69
1754122864.72446,0,2,-68
1754122864.76146,0,-4,-77
1754122864.7994602,-4,-6,-66
1754122864.8384602,-5,-3,-65
1754122864.87446,-4,0,-64
1754122864.91246,-2,-5,-68
1754122864.9504602,6,-6,-65
1754122864.98946,4,0,-60
1754122865.02746,-1,-4,-63
1754122865.06346,-1,-3,-62
1754122865.10146,2,2,-57
1754122865.13946,2,0,-60
1754122865.17846,2,-2,-67
1754122865.21446,-3,-7,-58
1754122865.25246,-8,-6,-66
1754122865.29046,-6,-3,-63
1754122865.32946,-2,-4,-64
1754122865.3654602,-5,-3,-68
1754122865.40346,3,3,-72
1754122865.44146,3,3,-67
1754122865.47946,-1,0,-62
1754122865.51846,1,2,-61
1754122865.55446,-7,-5,-69
1754122865.59346,-1,-6,-66
1754122865.63046,-3,-4,-57
1754122865.66946,-1,-5,-56
1754122865.70546,-2,-2,-64
1754122865.7434602,3,-1,-63
1754122865.78146,0,-1,-56
1754122865.8194602,2,-7,-64
1754122865.8584602,-2,-3,-59
1754122865.8944602,-5,-2,-63
1754122865.93246,0,-1,-56
1754122865.9704602,5,0,-59
1754122866.0094602,-1,4,-66
1754122866.04546,-3,1,-56
1754122866.08346,2,1,-60
1754122866.12246,3,0,-66
1754122866.15946,0,1,-69
1754122866.19846,0,0,-62
1754122866.23446,1,-7,-61
1754122866.27246,3,-4,-58
1754122866.31046,5,-5,-63
1754122866.34946,-7,0,-58
1754122866.38546,-3,-2,-57
1754122866.42346,-6,-7,-60
1754122866.46146,-5,-3,-72
1754122866.50046,0,2,-63
1754122866.53846,0,0,-78
1754122866.57446,0,2,-72
1754122866.61346,-1,-10,-78
1754122866.65046,-7,-3,-67
1754122866.68946,0,-3,-52
1754122866.72546,-5,-4,-64
1754122866.7634602,0,-7,-62
1754122866.8024602,5,0,-55
1754122866.84046,-1,-2,-62
1754122866.8784602,5,4,-61
1754122866.9144602,-3,3,-53
1754122866.95246,0,0,-54
1754122866.9904602,1,3,-69
1754122867.02846,4,3,-74
1754122867.06446,1,-1,-60
1754122867.10146,0,-4,-59
1754122867.14046,4,-9,-65
1754122867.17846,-6,0,-63
1754122867.21446,-6,5,-71
1754122867.25246,0,1,-61
1754122867.29046,-3,2,-63
1754122867.32846,1,-2,-63
1754122867.36446,2,-4,-66
1754122867.4014602,4,3,-60
1754122867.4404602,1,1,-61
1754122867.47846,0,0,-79
1754122867.51446,-3,-6,-63
1754122867.5524602,0,-10,-73
1754122867.59046,-3,3,-56
1754122867.62946,-4,0,-45
1754122867.66546,-8,4,-45
1754122867.70246,-9,-3,-63
1754122867.7404602,-9,2,-73
1754122867.7794602,-5,-1,-62
1754122867.8154602,-1,0,-59
1754122867.85246,-7,2,-64
1754122867.89046,8,-5,-55
1754122867.92946,-4,-6,-51
1754122867.96546,0,-1,-52
1754122868.0034602,-5,3,-60
1754122868.0424602,-1,-11,-58
1754122868.08046,6,-12,-63
1754122868.11646,4,1,-63
1754122868.15346,5,2,-65
1754122868.19146,0,2,-65
1754122868.2304602,0,-2,-65
1754122868.2664602,0,0,-73
1754122868.30346,4,5,-77
1754122868.34146,2,1,-76
1754122868.38046,-1,-7,-64
1754122868.41646,4,-6,-65
1754122868.45346,1,-3,-61
1754122868.49146,3,-2,-59
1754122868.53046,0,0,-64
1754122868.56646,3,-1,-63
1754122868.60446,-5,0,-64
1754122868.64246,-3,-5,-66
1754122868.68146,-2,-1,-70
1754122868.71946,0,2,-73
1754122868.75546,-2,2,-72
1754122868.79346,1,2,-73
1754122868.83146,5,0,-73
1754122868.87046,-1,-3,-64
1754122868.90646,0,-6,-66
1754122868.9444602,0,-1,-56
1754122868.98246,-6,-1,-49
1754122869.02146,3,4,-53
1754122869.0594602,0,-4,-74
1754122869.0954602,0,-10,-75
1754122869.13246,2,-3,-59
1754122869.1714602,0,0,-68
1754122869.20946,-5,-2,-68
1754122869.24546,0,0,-65
1754122869.2824602,0,2,-62
1754122869.32146,0,-5,-59
1754122869.35946,0,-2,-56
1754122869.39546,0,5,-67
1754122869.43246,-3,1,-63
1754122869.47146,-3,2,-65
1754122869.5094602,0,-2,-58
1754122869.54546,-1,0,-60
1754122869.58346,-2,0,-67
1754122869.6214602,3,-4,-70
1754122869.66046,5,-2,-64
1754122869.69646,4,0,-64
1754122869.73446,-6,-1,-58
1754122869.77246,2,2,-72
1754122869.81146,-2,6,-70
1754122869.84946,0,1,-60
1754122869.88546,0,2,-65
1754122869.92246,-2,-1,-58
1754122869.96146,2,-3,-62
1754122869.99746,5,0,-67
1754122870.03546,2,0,-55
1754122870.07446,-3,-2,-59
1754122870.1114602,-6,-1,-57
1754122870.15046,2,-1,-80
1754122870.1874602,3,-1,-77
1754122870.22446,3,-2,-70
1754122870.26246,6,-1,-63
1754122870.30146,2,-3,-73
1754122870.33746,0,-4,-77
1754122870.37546,-1,0,-69
1754122870.41346,1,-1,-70
1754122870.45146,0,0,-70
1754122870.4904602,-1,-5,-84
1754122870.5264602,-4,-4,-75
1754122870.56446,2,3,-68
1754122870.60246,2,9,-72
1754122870.6414602,-1,2,-65
1754122870.6774602,-1,-3,-68
1754122870.71546,0,2,-61
1754122870.75446,6,6,-65
1754122870.79146,0,0,-62
1754122870.83046,0,-5,-67
1754122870.86646,0,0,-61
1754122870.9044602,2,-2,-68
1754122870.94246,-7,0,-80
1754122870.9804602,-10,-5,-65
1754122871.0164602,-1,-3,-63
1754122871.05446,-1,-4,-72
1754122871.0924602,0,-1,-70
1754122871.1314602,3,-5,-53
1754122871.1674602,-2,-1,-58
1754122871.20546,5,-3,-60
1754122871.2434602,-4,-3,-66
1754122871.2824602,-5,-2,-68
1754122871.32046,-2,-2,-64
1754122871.35646,0,0,-69
1754122871.3944602,-3,3,-54
1754122871.43246,1,1,-64
1754122871.47146,4,4,-60
1754122871.50746,7,5,-62
1754122871.54446,3,3,-72
1754122871.5824602,-4,-4,-68
1754122871.6214602,0,-4,-68
1754122871.6574602,2,-6,-63
1754122871.6944602,-5,-9,-75
1754122871.73246,0,-9,-74
1754122871.77146,-3,-11,-63
1754122871.80746,-1,-9,-68
1754122871.8454602,4,-6,-65
1754122871.88346,8,0,-74
1754122871.92246,0,0,-68
1754122871.9604602,-3,-5,-64
1754122871.9964602,0,3,-60
1754122872.03346,-5,6,-60
1754122872.0724602,0,1,-63
1754122872.11046,4,1,-59
1754122872.14646,6,1,-55
1754122872.18346,5,3,-62
1754122872.22746,-2,0,-51
1754122872.2664602,2,-1,-57
1754122872.30346,6,0,-60
1754122872.3424602,3,-7,-51
1754122872.3784602,2,-6,-58
1754122872.41646,-3,-2,-75
1754122872.45446,2,3,-81
1754122872.49246,-3,4,-63
1754122872.53146,-7,0,-62
1754122872.56746,-1,3,-61
1754122872.6054602,-4,4,-72
1754122872.64246,-2,-3,-56
1754122872.68146,5,-2,-58
1754122872.7174602,4,-2,-61
1754122872.75546,-5,2,-70
1754122872.7924602,-1,2,-68
1754122872.83146,-4,-1,-63
1754122872.86746,0,-6,-69
1754122872.90546,0,-2,-68
1754122872.94346,4,0,-57
1754122872.98246,5,-5,-70
1754122873.01846,3,-2,-74
1754122873.05546,1,-2,-71
1754122873.09346,2,0,-57
1754122873.13246,1,-8,-67
1754122873.16846,-5,-4,-78
1754122873.20646,5,-1,-69
1754122873.24446,2,0,-76
1754122873.28346,0,3,-63
1754122873.32146,-1,2,-71
1754122873.3584602,0,5,-75
1754122873.39646,0,1,-56
1754122873.43346,-2,1,-63
1754122873.47246,-2,0,-66
1754122873.50846,0,-7,-62
1754122873.5464602,0,-6,-55
1754122873.58446,-1,1,-70
1754122873.62346,-1,-1,-69
1754122873.6614602,3,-7,-64
1754122873.6974602,-8,0,-61
1754122873.73446,-3,-2,-62
1754122873.77346,0,-6,-68
1754122873.81146,-7,-11,-65
1754122873.84746,1,-4,-77
1754122873.8844602,2,-6,-55
1754122873.92346,3,-11,-61
1754122873.96146,9,-2,-62
1754122873.99746,8,-2,-67
1754122874.03446,8,0,-65
1754122874.07346,-1,-3,-62
1754122874.1114602,1,0,-61
1754122874.14746,8,-1,-56
1754122874.1844602,0,-5,-64
1754122874.2234602,2,-3,-67
1754122874.26146,-1,-3,-56
1754122874.29746,2,-8,-53
1754122874.33446,-5,-1,-56
1754122874.37346,-5,-2,-48
1754122874.4114602,-12,0,-62
1754122874.4474602,-6,-3,-58
1754122874.48546,2,-1,-59
1754122874.52346,5,-1,-59
1754122874.5624602,4,-1,-47
1754122874.5984602,1,-9,-58
1754122874.63646,-3,4,-63
1754122874.6744602,-6,0,-56
1754122874.7134602,-6,1,-68
1754122874.74946,2,2,-56
1754122874.7864602,-1,2,-62
1754122874.82446,-1,-6,-61
1754122874.86346,-2,-5,-55
1754122874.89946,-6,-11,-63
1754122874.9374602,-6,-3,-61
1754122874.97646,-2,-2,-68
1754122875.0134602,-3,2,-71
1754122875.0524602,-2,7,-68
1754122875.08946,-8,-2,-67
1754122875.12646,-5,-1,-60
1754122875.1644602,1,-2,-63
1754122875.20346,-2,-7,-57
1754122875.23946,2,-4,-58
1754122875.27746,5,-5,-57
1754122875.3154602,-2,-3,-52
1754122875.35346,-2,0,-57
1754122875.38946,-3,-1,-59
1754122875.4274602,0,0,-46
1754122875.46546,-3,-3,-63
1754122875.50446,-2,0,-71
1754122875.5424602,3,-5,-59
1754122875.57846,5,-8,-58
1754122875.61646,1,-12,-65
1754122875.6544602,1,0,-58
1754122875.69346,4,0,-65
1754122875.7304602,-3,5,-67
1754122875.76746,0,0,-60
1754122875.80646,4,-3,-65
1754122875.84446,1,0,-67
1754122875.88246,-3,-2,-71
1754122875.91846,-1,-3,-71
1754122875.95646,-2,-3,-72
1754122875.99446,-1,1,-64
1754122876.03346,5,-4,-65
1754122876.0694602,2,2,-67
1754122876.10646,1,-2,-72
1754122876.1444602,8,1,-75
1754122876.18346,0,-2,-67
1754122876.21946,-3,0,-65
1754122876.25746,-4,-2,-56
1754122876.29546,-8,1,-62
1754122876.33446,2,-6,-65
1754122876.37246,4,-4,-60
1754122876.40846,2,-4,-65
1754122876.44646,-3,0,-68
1754122876.48446,10,-8,-62
1754122876.52346,4,-1,-61
1754122876.5594602,-1,-5,-70
1754122876.59746,0,-2,-66
1754122876.63546,6,0,-72
1754122876.6744602,-3,0,-64
1754122876.71246,1,0,-65
1754122876.74846,-4,5,-66
1754122876.7864602,-3,-1,-66
1754122876.82446,4,-1,-66
1754122876.86346,7,-5,-80
1754122876.89946,5,-3,-70
1754122876.9374602,-1,3,-68
1754122876.97546,-5,-2,-70
1754122877.01446,-7,-1,-65
1754122877.05046,0,-5,-58
1754122877.0884602,8,-9,-53
1754122877.12646,0,-9,-55
1754122877.1644602,2,-3,-64
1754122877.20346,-4,3,-60
1754122877.23946,0,0,-69
1754122877.2764602,-4,-5,-62
1754122877.31446,0,0,-62
1754122877.35346,-4,-3,-60
1754122877.38946,4,-5,-66
1754122877.4274602,-1,-3,-64
1754122877.46546,1,-6,-60
1754122877.50446,1,-1,-53
1754122877.54046,1,1,-77
1754122877.57746,-2,-2,-67
1754122877.6154602,-5,-13,-60
1754122877.6544602,-1,0,-54
1754122877.6904602,-7,2,-60
1754122877.72746,-1,4,-63
1754122877.76546,-2,0,-68
1754122877.80446,-5,-3,-66
1754122877.84046,-3,-2,-71
1754122877.8784602,-3,1,-58
1754122877.91646,1,2,-63
1754122877.95546,-8,5,-62
1754122877.9934602,-1,14,-67
1754122878.0294602,-7,6,-75
1754122878.06746,-1,7,-60
1754122878.10646,9,4,-69
1754122878.1444602,3,-3,-66
1754122878.18146,3,-5,-54
1754122878.21846,-2,0,-59
1754122878.2564602,-2,1,-66
1754122878.29546,3,-2,-67
1754122878.33346,3,1,-65
1754122878.36946,4,-1,-80
1754122878.40646,3,-8,-70
1754122878.44546,3,0,-67
1754122878.4834602,4,5,-69
1754122878.5194602,0,6,-68
1754122878.55646,-7,-1,-66
1754122878.5954602,-1,-6,-69
1754122878.63346,2,-7,-65
1754122878.66946,-1,-1,-64
1754122878.7074602,-1,0,-59
1754122878.74546,4,5,-67
1754122878.78446,8,2,-73
1754122878.82046,13,0,-70
1754122878.85746,1,-2,-71
1754122878.89546,-2,-5,-66
1754122878.9344602,-4,-7,-62
1754122878.9704602,0,-5,-70
1754122879.00846,-10,-3,-69
1754122879.0464602,0,-1,-66
1754122879.0854602,0,2,-67
1754122879.1214602,-1,3,-63
1754122879.16046,-9,-7,-58
1754122879.1974602,-10,-4,-61
1754122879.23546,0,-3,-66
1754122879.27446,-3,-6,-58
1754122879.31046,2,-1,-78
1754122879.3484602,6,-3,-62
1754122879.38646,-5,-4,-66
1754122879.42546,2,-2,-65
1754122879.46146,3,-5,-63
1754122879.49946,9,-1,-62
1754122879.53746,-2,0,-73
1754122879.5754602,0,-1,-55
1754122879.61446,1,-4,-70
1754122879.65046,0,0,-68
1754122879.6874602,2,-5,-69
1754122879.72546,4,0,-58
1754122879.76446,2,-4,-50
1754122879.80046,0,-4,-55
1754122879.83746,-8,-1,-46
1754122879.87546,2,5,-69
1754122879.9144602,0,-2,-54
1754122879.9504602,-1,-2,-51
1754122879.98846,-4,-5,-50
1754122880.02746,-6,-2,-51
1754122880.0654602,3,3,-55
1754122880.10146,-4,5,-54
1754122880.1384602,0,1,-58
1754122880.1774602,5,-3,-65
1754122880.21546,0,-2,-68
1754122880.25146,4,-1,-67
1754122880.29046,-5,0,-68
1754122880.32746,1,7,-70
1754122880.36646,2,-2,-62
1754122880.4044602,0,1,-67
1754122880.4404602,4,-1,-66
1754122880.47846,4,-3,-63
1754122880.5164602,4,-4,-72
1754122880.55546,4,1,-63
1754122880.59146,0,4,-67
1754122880.6284602,2,11,-57
1754122880.66646,1,4,-49
1754122880.70546,-3,-4,-61
1754122880.74146,-1,-4,-57
1754122880.7794602,-7,-7,-71
1754122880.81746,-4,-1,-61
1754122880.85646,0,5,-64
1754122880.8944602,0,0,-62
1754122880.93046,2,0,-56
1754122880.96846,-1,-2,-56
1754122881.00746,-5,2,-67
1754122881.04546,-5,-4,-68
1754122881.08146,-9,1,-59
1754122881.1184602,-6,4,-61
1754122881.1574602,-4,13,-66
1754122881.19546,0,6,-51
1754122881.23146,0,-1,-46
1754122881.2694602,1,2,-58
1754122881.30746,6,-5,-53
1754122881.34646,0,-5,-52
1754122881.38246,1,-8,-64
1754122881.42046,2,-6,-61
1754122881.45846,-6,-4,-65
1754122881.4964602,2,3,-63
1754122881.53546,6,2,-62
1754122881.57146,1,1,-59
1754122881.60946,3,0,-66
1754122881.64846,4,3,-68
1754122881.68646,5,0,-75
1754122881.72246,1,4,-72
1754122881.7594602,1,-2,-67
1754122881.79846,5,-2,-69
1754122881.83646,0,-2,-65
1754122881.87246,6,2,-54
1754122881.90946,5,-2,-63
1754122881.9474602,-4,-2,-60
1754122881.9864602,-1,-3,-63
1754122882.02246,-1,0,-72
1754122882.06046,2,-6,-65
1754122882.0984602,1,0,-59
1754122882.13646,-3,-7,-62
1754122882.17546,-3,1,-77
1754122882.21146,0,-2,-79
1754122882.25746,-1,-1,-63
1754122882.29546,5,0,-68
1754122882.3324602,3,-1,-66
1754122882.36946,-1,-2,-75
1754122882.4074602,1,-3,-65
1754122882.44646,2,0,-68
1754122882.48246,2,2,-57
1754122882.5194602,2,4,-70
1754122882.55746,3,-3,-63
1754122882.59646,-2,1,-57
1754122882.63246,3,5,-53
1754122882.66946,0,4,-60
1754122882.7074602,2,-4,-55
1754122882.7464602,7,0,-73
1754122882.7824602,4,4,-74
1754122882.8194602,2,3,-70
1754122882.85746,-2,0,-67
1754122882.89646,-6,-2,-77
1754122882.93246,-6,1,-69
1754122882.9704602,-5,-3,-68
1754122883.00846,-3,4,-62
1754122883.04746,1,-4,-62
1754122883.0854602,5,-5,-68
1754122883.1214602,5,0,-60
1754122883.15846,-8,2,-63
1754122883.1974602,-8,-3,-57
1754122883.23546,-4,-1,-57
1754122883.27146,-6,-1,-65
1754122883.3094602,-3,1,-57
1754122883.34746,-5,-6,-62
1754122883.38646,6,-2,-60
1754122883.42246,0,0,-67
1754122883.46146,0,-3,-64
1754122883.49946,-6,-1,-65
1754122883.53746,1,-4,-71
1754122883.5754602,-1,-7,-62
1754122883.6114602,0,-6,-52
1754122883.64946,3,-3,-60
1754122883.6874602,0,-7,-58
1754122883.72646,1,2,-54
1754122883.76246,0,0,-52
1754122883.7994602,-4,2,-54
1754122883.83746,-2,1,-60
1754122883.87646,0,1,-57
1754122883.91246,4,0,-58
1754122883.94946,3,-1,-59
1754122883.98746,-5,1,-64
1754122884.0264602,-1,4,-62
1754122884.0624602,-5,-4,-66
1754122884.10046,3,1,-60
1754122884.1384602,-1,0,-68
1754122884.1774602,0,6,-56
1754122884.2134602,-6,3,-56
1754122884.25146,-5,8,-56
1754122884.2894602,0,-1,-52
1754122884.32846,1,0,-64
1754122884.36646,-4,0,-64
1754122884.40246,1,6,-53
1754122884.43946,0,-1,-68
1754122884.47846,0,-4,-66
1754122884.5164602,3,0,-60
1754122884.5524602,3,-2,-64
1754122884.58946,4,0,-57
1754122884.6284602,0,-1,-62
1754122884.66646,-2,0,-63
1754122884.70246,0,-1,-61
1754122884.7404602,-5,-6,-61
1754122884.77846,5,-4,-58
1754122884.81746,5,-7,-58
1754122884.85346,4,-10,-63
1754122884.8914602,1,-5,-53
1754122884.92946,1,-7,-64
1754122884.96846,0,-2,-71
1754122885.0064602,-3,1,-66
1754122885.0424602,2,-5,-57
1754122885.08046,2,-2,-62
1754122885.1184602,2,0,-56
1754122885.1574602,5,0,-63
1754122885.19346,2,0,-53
1754122885.23146,0,4,-62
1754122885.2694602,1,5,-58
1754122885.30846,0,5,-57
1754122885.34646,2,0,-60
1754122885.38346,-1,7,-61
1754122885.42046,4,2,-62
1754122885.45846,0,6,-56
1754122885.49746,3,-1,-55
1754122885.53346,-5,-2,-59
1754122885.57146,0,-9,-64
1754122885.60946,-6,0,-61
1754122885.64846,-9,0,-62
1754122885.68646,-5,-1,-49
1754122885.72246,-1,8,-57
1754122885.76046,-3,-2,-58
1754122885.79846,-1,0,-74
1754122885.83746,1,3,-73
1754122885.87346,-4,0,-69
1754122885.91246,-2,0,-72
1754122885.94946,-6,2,-62
1754122885.98846,-1,-1,-67
1754122886.02546,-4,-4,-69
1754122886.0624602,2,-2,-73
1754122886.10046,0,-2,-61
1754122886.1384602,0,-4,-52
1754122886.1774602,1,0,-57
1754122886.2134602,-4,-1,-58
1754122886.25146,-2,0,-62
1754122886.2894602,-11,-6,-67
1754122886.32846,-7,3,-65
1754122886.36446,2,2,-56
1754122886.40246,2,-3,-57
1754122886.4404602,0,1,-77
1754122886.47946,-2,0,-75
1754122886.51746,0,7,-76
1754122886.55346,-3,2,-70
1754122886.5924602,0,4,-64
1754122886.62946,4,0,-58
1754122886.66846,5,-3,-60
1754122886.70446,-4,0,-59
1754122886.74246,-4,0,-74
1754122886.78046,-4,-3,-60
1754122886.81846,1,-6,-73
1754122886.85746,1,-1,-59
1754122886.89346,3,1,-62
1754122886.93046,-5,-4,-63
1754122886.96946,1,-6,-61
1754122887.00746,0,-2,-48
1754122887.04346,-2,-9,-53
1754122887.08146,-6,-4,-60
1754122887.11946,0,2,-62
1754122887.15846,8,1,-66
1754122887.19546,4,-2,-70
1754122887.23246,-1,-7,-65
1754122887.27046,-3,-8,-71
1754122887.3094602,4,0,-70
1754122887.34746,0,6,-71
1754122887.38346,2,0,-68
1754122887.42046,-2,-2,-70
1754122887.45946,3,-4,-69
1754122887.49746,2,0,-68
1754122887.53346,5,-3,-67
1754122887.57146,1,1,-71
1754122887.61046,-2,-6,-73
1754122887.64846,-10,-11,-60
1754122887.6844602,-1,-10,-62
1754122887.72246,6,0,-78
1754122887.76046,1,2,-77
1754122887.7994602,4,-8,-61
1754122887.83746,1,-2,-65
1754122887.87346,-8,3,-67
1754122887.9114602,-7,0,-66
1754122887.94946,-1,1,-69
1754122887.98846,0,3,-62
1754122888.02446,-3,3,-58
1754122888.06346,-1,4,-57
1754122888.10046,6,0,-65
1754122888.13946,0,5,-72
1754122888.1774602,-4,1,-71
1754122888.2134602,1,-8,-67
1754122888.25146,5,-1,-71
1754122888.2894602,-2,-6,-66
1754122888.32846,0,0,-60
1754122888.36446,-2,0,-56
1754122888.40246,-2,1,-65
1754122888.4404602,-1,-9,-62
1754122888.47946,-2,0,-54
1754122888.51546,3,-5,-60
1754122888.55446,-1,0,-62
1754122888.59146,-7,0,-56
1754122888.63046,-7,10,-54
1754122888.66846,-3,8,-58
1754122888.70446,-1,5,-59
1754122888.7434602,-2,-4,-62
1754122888.78046,0,-3,-61
1754122888.8194602,0,-1,-61
1754122888.8554602,6,-7,-66
1754122888.89346,-1,-5,-81
1754122888.93046,-9,-2,-67
1754122888.96946,-1,-1,-66
1754122889.00546,0,-4,-62
1754122889.04346,-5,0,-61
1754122889.08046,-1,-5,-57
1754122889.11946,3,-7,-67
1754122889.15546,4,4,-69
1754122889.19346,-1,2,-75
1754122889.2304602,0,-1,-72
1754122889.2694602,1,-4,-67
1754122889.30546,-2,-4,-73
1754122889.34346,2,-3,-59
1754122889.3814602,6,-1,-62
1754122889.42046,0,-1,-62
1754122889.45846,1,9,-64
1754122889.49446,-3,7,-66
1754122889.5324602,-3,1,-69
1754122889.57146,-1,0,-67
1754122889.60946,-2,2,-69
1754122889.64546,-1,7,-62
1754122889.68346,0,-1,-51
1754122889.72146,-7,-1,-59
1754122889.76046,-9,-2,-61
1754122889.79846,0,-2,-62
1754122889.83446,-9,-7,-62
1754122889.87246,0,-2,-68
1754122889.91046,0,2,-68
1754122889.94946,0,0,-65
1754122889.98546,0,-2,-72
1754122890.02346,2,-1,-59
1754122890.06146,0,-3,-59
1754122890.10046,0,-2,-55
1754122890.1384602,0,-5,-64
1754122890.1744602,-2,-4,-67
1754122890.21246,2,0,-56
1754122890.25146,-2,-3,-64
1754122890.2894602,-5,3,-66
1754122890.3254602,0,7,-61
1754122890.36246,-1,1,-66
1754122890.40046,-6,0,-71
1754122890.43946,0,-2,-58
1754122890.47546,-1,-2,-59
1754122890.51446,1,-1,-66
1754122890.55146,2,0,-73
1754122890.59046,4,5,-67
1754122890.6284602,4,6,-59
1754122890.6644602,4,0,-69
1754122890.70146,-6,2,-63
1754122890.7404602,-8,-3,-51
1754122890.77746,0,-3,-60
1754122890.81446,0,3,-55
1754122890.85246,-11,-1,-55
1754122890.89046,-13,-6,-54
1754122890.92946,-13,-2,-65
1754122890.96546,-4,0,-73
1754122891.0034602,-1,3,-69
1754122891.04146,-1,-4,-75
1754122891.08046,4,-1,-66
1754122891.11646,4,2,-63
1754122891.15346,4,2,-61
1754122891.19146,5,5,-67
1754122891.2304602,1,0,-56
1754122891.2664602,-1,-2,-62
1754122891.30446,8,-2,-60
1754122891.3424602,8,-1,-67
1754122891.3814602,3,-2,-68
1754122891.41946,6,-7,-61
1754122891.45546,3,-3,-57
1754122891.49446,-1,9,-63
1754122891.53146,3,1,-61
1754122891.57046,4,-3,-54
1754122891.60646,6,-3,-73
1754122891.6444602,-4,0,-64
1754122891.68246,0,-4,-63
1754122891.72146,0,0,-75
1754122891.7594602,1,-3,-63
1754122891.79546,-6,-5,-59
1754122891.83346,-1,-3,-63
1754122891.8714602,-5,-4,-59
1754122891.91046,1,-8,-55
1754122891.94646,3,-7,-58
1754122891.98546,1,0,-60
1754122892.02246,4,1,-64
1754122892.06146,6,0,-66
1754122892.09946,3,-2,-68
1754122892.13546,1,0,-63
1754122892.17246,3,0,-53
1754122892.21146,4,0,-57
1754122892.24946,9,4,-58
1754122892.29446,0,2,-55
1754122892.33146,-2,-4,-60
1754122892.37046,0,4,-57
1754122892.40646,-6,0,-62
1754122892.4444602,0,-1,-72
1754122892.48146,5,4,-60
1754122892.52046,2,-2,-56
1754122892.55646,-1,-4,-58
1754122892.59446,-1,2,-51
1754122892.63246,-1,0,-62
1754122892.6714602,-4,5,-63
1754122892.70946,-5,3,-67
1754122892.74546,0,-1,-71
1754122892.78346,-5,-3,-62
1754122892.82146,0,0,-69
1754122892.86046,0,1,-62
1754122892.89646,2,1,-55
1754122892.93546,1,-1,-51
1754122892.97246,0,0,-61
1754122893.01146,1,4,-63
1754122893.04746,0,0,-50
1754122893.0854602,-3,-3,-63
1754122893.12246,-2,-9,-63
1754122893.1614602,-2,-9,-68
1754122893.1974602,-1,0,-73
1754122893.23546,-2,0,-71
1754122893.27346,2,-4,-68
1754122893.31146,4,-2,-68
1754122893.35046,4,0,-63
1754122893.38646,-1,4,-63
1754122893.4244602,0,0,-51
1754122893.46246,5,-3,-69
1754122893.50146,0,1,-63
1754122893.53746,-4,-3,-63
1754122893.57646,-4,-8,-59
1754122893.61346,-1,0,-60
1754122893.65246,0,-1,-72
1754122893.6904602,-3,1,-67
1754122893.72646,-1,9,-66
1754122893.76446,3,3,-77
1754122893.8024602,8,5,-73
1754122893.84146,3,4,-72
1754122893.87746,0,-1,-62
1754122893.91546,-2,1,-64
1754122893.95346,-4,0,-68
1754122893.99246,-5,1,-66
1754122894.03046,-4,2,-62
1754122894.06646,1,0,-63
1754122894.1054602,0,0,-70
1754122894.14246,-1,0,-77
1754122894.18146,7,2,-80
1754122894.2174602,8,0,-68
1754122894.25446,0,-3,-69
1754122894.2924602,-2,-4,-69
1754122894.33146,4,-3,-68
1754122894.36746,8,0,-73
1754122894.40546,0,-2,-62
1754122894.4444602,-2,-6,-65
1754122894.48246,-1,-7,-68
1754122894.52046,4,-4,-67
1754122894.55646,-4,4,-60
1754122894.59446,-1,9,-60
1754122894.63246,-7,-2,-60
1754122894.6714602,-1,0,-77
1754122894.7074602,-1,-3,-64
1754122894.74546,3,-7,-57
1754122894.78346,-7,-1,-64
1754122894.8224602,-2,7,-58
1754122894.86046,2,-1,-54
1754122894.89646,2,1,-64
1754122894.9344602,0,7,-62
1754122894.97246,1,5,-48
1754122895.01146,-3,-2,-57
1754122895.04746,-2,6,-72
1754122895.0854602,-1,-4,-72
1754122895.12246,-1,0,-72
1754122895.1614602,-2,-1,-57
1754122895.1974602,-1,-2,-63
1754122895.23546,3,-4,-66
1754122895.27346,-1,1,-60
1754122895.3124602,-7,1,-61
1754122895.3484602,-5,8,-60
1754122895.38546,-6,2,-64
1754122895.42346,-5,0,-62
1754122895.46246,-7,-4,-65
1754122895.49846,-4,-1,-59
1754122895.5364602,-2,5,-65
1754122895.57446,-2,5,-70
1754122895.61246,-2,0,-65
1754122895.6514602,5,-2,-72
1754122895.6874602,-1,-3,-74
1754122895.72546,-9,0,-71
1754122895.7634602,1,0,-68
1754122895.8024602,-6,1,-69
1754122895.8384602,-4,0,-68
1754122895.87646,-4,-2,-63
1754122895.91546,0,0,-68
1754122895.95246,5,1,-64
1754122895.99146,5,8,-68
1754122896.02746,1,5,-71
1754122896.0654602,2,5,-65
1754122896.10346,-2,0,-64
1754122896.1414602,-7,1,-64
1754122896.17846,0,1,-62
1754122896.21546,0,-1,-68
1754122896.2534602,1,-1,-63
1754122896.2924602,-7,5,-64
1754122896.32846,0,6,-60
1754122896.3654602,4,5,-59
1754122896.40346,5,3,-66
1754122896.44246,6,0,-64
1754122896.47846,5,7,-69
1754122896.51546,0,8,-58
1754122896.55346,-8,3,-70
1754122896.5924602,-7,0,-63
1754122896.6284602,-2,-5,-58
1754122896.66646,5,-7,-51
1754122896.70446,0,0,-65
1754122896.7434602,4,5,-67
1754122896.78146,5,5,-61
1754122896.81746,0,-2,-70
1754122896.85646,2,-4,-81
1754122896.89346,0,-3,-75
1754122896.93246,3,-5,-60
1754122896.96946,3,-7,-57
1754122897.0064602,0,-2,-61
1754122897.04446,1,-7,-62
1754122897.08346,-1,-3,-64
1754122897.1214602,10,-5,-59
1754122897.1574602,4,-2,-62
1754122897.1944602,0,-9,-67
1754122897.2334602,-9,-3,-72
1754122897.27146,-8,2,-65
1754122897.30746,-5,1,-65
1754122897.34446,-5,-10,-80
1754122897.38346,5,-2,-68
1754122897.4214602,-3,1,-66
1754122897.4574602,-1,-4,-66
1754122897.49546,1,-3,-61
1754122897.53346,4,-1,-57
1754122897.5724602,-1,1,-71
1754122897.6084602,3,-1,-64
1754122897.64646,0,-5,-58
1754122897.6844602,-7,-4,-71
1754122897.7234602,-12,-2,-63
1754122897.7594602,-2,0,-54
1754122897.79846,7,-2,-76
1754122897.8354602,-2,1,-55
1754122897.87346,-1,-2,-56
1754122897.91246,-9,-5,-52
1754122897.94846,0,0,-60
1754122897.9864602,5,-5,-68
1754122898.02346,5,4,-60
1754122898.0624602,3,2,-53
1754122898.0984602,0,-1,-62
1754122898.13646,-2,3,-57
1754122898.1744602,1,3,-51
1754122898.2134602,-6,1,-57
1754122898.24946,0,7,-60
1754122898.2864602,-1,-2,-62
1754122898.32446,-8,-1,-67
1754122898.36346,1,-3,-72
1754122898.39946,2,0,-62
1754122898.43646,-5,0,-58
1754122898.47446,0,7,-67
1754122898.5134602,-5,5,-65
1754122898.5494602,-7,-1,-62
1754122898.58746,7,-6,-54
1754122898.62546,7,1,-56
1754122898.6644602,-5,-2,-57
1754122898.70246,-4,8,-63
1754122898.73846,-3,4,-60
1754122898.7764602,-4,2,-63
1754122898.8154602,-1,-1,-62
1754122898.85346,-2,-4,-57
1754122898.88946,0,-7,-51
1754122898.92646,1,-9,-62
1754122898.96446,3,-2,-59
1754122899.0034602,3,-2,-54
1754122899.0394602,2,-1,-64
1754122899.07646,3,-2,-64
1754122899.11446,3,0,-53
1754122899.15346,-2,-6,-55
1754122899.18946,-10,0,-59
1754122899.22646,2,2,-62
1754122899.26546,2,0,-59
1754122899.30346,-2,-5,-61
1754122899.33946,-4,-2,-57
1754122899.3784602,0,-1,-58
1754122899.41546,-1,4,-66
1754122899.45446,1,5,-70
1754122899.49246,-5,2,-57
1754122899.52846,-4,-10,-65
1754122899.56646,3,1,-79
1754122899.60446,8,-3,-65
1754122899.64346,2,0,-64
1754122899.67946,-4,5,-65
1754122899.7174602,-6,2,-71
1754122899.75546,-1,0,-66
1754122899.79446,-7,-4,-74
1754122899.83046,-6,-2,-68
1754122899.86946,-2,4,-71
1754122899.90646,-3,1,-60
1754122899.9444602,-1,-3,-61
1754122899.9834602,-3,-5,-61
1754122900.0194602,1,-2,-59
1754122900.05646,0,8,-65
1754122900.09446,1,3,-62
1754122900.13346,-2,3,-55
1754122900.16946,-7,-4,-61
1754122900.2074602,-7,-5,-67
1754122900.24546,-5,-6,-64
1754122900.28446,3,-1,-65
1754122900.32046,3,6,-62
1754122900.3584602,-2,0,-72
1754122900.39646,3,-2,-63
1754122900.4344602,3,-9,-49
1754122900.4734602,-3,-5,-54
1754122900.5094602,-1,1,-63
1754122900.54846,0,-1,-68
1754122900.5854602,-4,-3,-68
1754122900.62446,-8,-8,-66
1754122900.66046,-2,-4,-74
1754122900.69846,-8,-3,-71
1754122900.7364602,-2,-1,-72
1754122900.77546,5,2,-59
1754122900.81346,-4,-7,-70
1754122900.84946,-4,-10,-79
1754122900.88746,-2,0,-67
1754122900.92546,-5,6,-56
1754122900.96446,0,0,-68
1754122901.00046,0,2,-69
1754122901.03746,5,0,-65
1754122901.0754602,3,4,-56
1754122901.11446,0,3,-57
1754122901.15046,-3,4,-58
1754122901.18946,-3,1,-60
1754122901.22646,4,2,-63
1754122901.26546,0,-5,-60
1754122901.30346,-4,-5,-57
1754122901.33946,1,6,-63
1754122901.37646,-3,0,-64
1754122901.41546,-1,6,-67
1754122901.45346,-4,3,-62
1754122901.48946,-1,-1,-56
1754122901.52846,8,-6,-54
1754122901.5654602,0,2,-71
1754122901.60446,4,0,-62
1754122901.64046,-1,-3,-51
1754122901.67846,0,-5,-68
1754122901.71646,-11,0,-74
1754122901.75546,6,4,-68
1754122901.79346,2,0,-65
1754122901.82946,-6,-2,-63
1754122901.86746,4,-5,-70
1754122901.90546,5,2,-71
1754122901.9444602,4,0,-62
1754122901.9804602,0,3,-68
1754122902.01746,0,1,-72
1754122902.05546,-2,-1,-62
1754122902.09446,0,-4,-70
1754122902.13046,0,0,-65
1754122902.1674602,5,0,-72
1754122902.20646,2,-7,-59
1754122902.24446,8,-4,-65
1754122902.28046,1,-5,-74
1754122902.32646,2,-1,-73
1754122902.36446,-1,3,-52
1754122902.40046,3,7,-56
1754122902.43946,0,4,-61
1754122902.47646,8,0,-61
1754122902.51546,0,-1,-66
1754122902.55146,7,-3,-65
1754122902.58946,-4,4,-73
1754122902.6284602,-5,-4,-66
1754122902.66546,-1,-3,-60
1754122902.70446,-2,0,-64
1754122902.7404602,-1,-2,-67
1754122902.77846,2,-6,-64
1754122902.81746,1,-2,-64
1754122902.8554602,2,-6,-61
1754122902.8914602,-4,-3,-65
1754122902.92946,-1,-1,-71
1754122902.9674602,5,5,-59
1754122903.00546,-7,-2,-55
1754122903.04446,-4,-3,-63
1754122903.08046,-1,-7,-63
1754122903.1184602,-3,-2,-61
1754122903.15646,0,-6,-61
1754122903.19546,-4,1,-62
1754122903.23146,5,0,-64
1754122903.26846,-1,1,-70
1754122903.30646,4,3,-64
1754122903.3454602,4,1,-60
1754122903.3814602,0,5,-59
1754122903.41946,2,-3,-65
1754122903.4574602,-3,-1,-69
1754122903.4964602,0,1,-70
1754122903.53446,5,-2,-59
1754122903.57046,10,-4,-51
1754122903.6084602,1,-8,-67
1754122903.64646,-5,0,-60
1754122903.68546,3,2,-74
1754122903.72146,0,-4,-73
1754122903.7594602,1,0,-78
1754122903.79846,2,-9,-65
1754122903.83646,0,-5,-63
1754122903.87446,4,1,-60
1754122903.91046,5,-2,-48
1754122903.94846,-4,-1,-46
1754122903.9864602,-8,-7,-57
1754122904.02546,1,0,-46
1754122904.06146,0,0,-61
1754122904.09946,-6,-3,-64
1754122904.13746,-2,-4,-63
1754122904.17646,-3,-7,-71
1754122904.21446,-2,-7,-69
1754122904.25046,3,-2,-72
1754122904.28846,5,3,-69
1754122904.32646,0,-6,-69
1754122904.3654602,-2,0,-60
1754122904.4014602,0,-1,-61
1754122904.43946,1,-6,-63
1754122904.47746,-8,-2,-65
1754122904.5164602,-5,-6,-62
1754122904.5524602,2,0,-61
1754122904.58946,-3,2,-58
1754122904.6284602,0,0,-59
1754122904.66646,4,0,-63
1754122904.70246,-1,2,-63
1754122904.7404602,-4,0,-62
1754122904.77846,-6,0,-71
1754122904.81646,0,3,-67
1754122904.8554602,-12,4,-64
1754122904.8914602,-2,0,-71
1754122904.92946,5,-9,-63
1754122904.9674602,-4,-3,-69
1754122905.0064602,-5,-6,-62
1754122905.0424602,6,-6,-63
1754122905.08046,-1,-8,-76
1754122905.11946,2,-7,-65
1754122905.15646,0,0,-55
1754122905.19546,4,-6,-65
1754122905.23146,8,-6,-63
1754122905.2694602,0,-5,-60
1754122905.30746,-5,6,-64
1754122905.3454602,-6,-1,-64
1754122905.3814602,-5,-5,-68
1754122905.41946,6,-3,-58
1754122905.4574602,0,3,-52
1754122905.4964602,-4,3,-54
1754122905.5324602,-1,0,-49
1754122905.57046,-4,-5,-66
1754122905.6084602,0,-1,-65
1754122905.64746,-1,3,-69
1754122905.68546,-5,0,-69
1754122905.72146,-1,3,-60
1754122905.7594602,-2,6,-59
1754122905.79846,2,0,-57
1754122905.83646,0,0,-54
1754122905.87246,2,-4,-62
1754122905.9114602,-6,-2,-62
1754122905.94846,-4,0,-69
1754122905.98746,1,0,-67
1754122906.02546,-1,0,-57
1754122906.06146,-2,-6,-67
1754122906.09946,1,-6,-66
1754122906.13746,-6,-6,-71
1754122906.17646,-6,-3,-64
1754122906.21246,-5,-3,-55
1754122906.25046,-4,0,-61
1754122906.2894602,2,-4,-70
1754122906.32746,-5,-7,-67
1754122906.3654602,-2,-2,-68
1754122906.4014602,2,-8,-66
1754122906.43946,2,0,-64
1754122906.47746,0,4,-59
1754122906.5164602,9,-1,-75
1754122906.5524602,11,2,-70
1754122906.58946,-1,6,-71
1754122906.62746,-2,-2,-64
1754122906.66646,0,-9,-70
1754122906.70246,-1,-6,-68
1754122906.7404602,1,-6,-59
1754122906.77846,-2,-2,-71
1754122906.81746,-2,-1,-69
1754122906.85346,3,2,-66
1754122906.89046,3,3,-67
1754122906.92846,-1,2,-60
1754122906.9674602,0,-5,-52
1754122907.0034602,-7,0,-62
1754122907.04146,-9,5,-65
1754122907.07946,3,7,-78
1754122907.11746,0,1,-69
1754122907.15646,1,0,-59
1754122907.19246,7,-1,-59
1754122907.23146,0,-1,-63
1754122907.2694602,3,-1,-64
1754122907.30746,-8,3,-58
1754122907.34346,0,3,-73
1754122907.3814602,-4,0,-55
1754122907.41846,-7,-4,-58
1754122907.4574602,0,-1,-63
1754122907.4934602,-2,2,-66
1754122907.53146,-3,0,-73
1754122907.5694602,0,0,-66
1754122907.6084602,6,0,-56
1754122907.64646,-5,-1,-66
1754122907.68246,0,1,-66
1754122907.7204602,-1,1,-65
1754122907.75846,-3,-6,-55
1754122907.79746,3,-7,-58
1754122907.83346,3,0,-66
1754122907.87046,2,-1,-71
1754122907.90846,2,0,-64
1754122907.9474602,1,-17,-63
1754122907.9834602,3,-9,-71
1754122908.02146,2,0,-63
1754122908.0594602,0,1,-70
1754122908.0984602,6,0,-54
1754122908.13646,1,-4,-65
1754122908.17246,0,-3,-83
1754122908.20946,-2,0,-67
1754122908.24846,0,1,-74
1754122908.2864602,7,0,-75
1754122908.3224602,7,8,-74
1754122908.35946,-1,1,-60
1754122908.39846,-5,-3,-68
1754122908.43646,-8,-7,-58
1754122908.47246,-4,-1,-57
1754122908.51146,-4,0,-72
1754122908.54846,0,-5,-71
1754122908.58746,1,-1,-57
1754122908.62346,5,-3,-56
1754122908.6614602,4,0,-66
1754122908.69846,0,3,-67
1754122908.73746,3,0,-66
1754122908.77346,0,0,-59
1754122908.81146,1,-3,-67
1754122908.8484602,-3,-8,-69
1754122908.88746,3,0,-69
1754122908.92346,0,-1,-70
1754122908.96146,0,0,-60
1754122908.99846,10,1,-67
1754122909.03746,6,-1,-64
1754122909.07346,7,5,-60
1754122909.1114602,0,-1,-63
1754122909.14846,5,-6,-58
1754122909.1874602,-2,-4,-60
1754122909.2234602,-3,-1,-66
1754122909.26146,1,-1,-66
1754122909.2994602,-6,0,-72
1754122909.3384602,2,0,-60
1754122909.37446,5,0,-61
1754122909.4114602,7,7,-66
1754122909.44946,7,6,-56
1754122909.48846,2,-4,-50
1754122909.52446,5,-2,-60
1754122909.56146,0,5,-61
1754122909.59946,4,0,-70
1754122909.6384602,2,3,-73
1754122909.6744602,1,1,-70
1754122909.71146,-2,0,-72
1754122909.74946,-7,2,-63
1754122909.78846,-4,1,-56
1754122909.82446,-4,1,-65
1754122909.8614602,-7,-6,-67
1754122909.89946,8,-8,-76
1754122909.93846,0,0,-60
1754122909.97446,-5,1,-68
1754122910.01246,-2,-3,-70
1754122910.05046,0,0,-72
1754122910.08946,0,0,-66
1754122910.12746,3,-7,-63
1754122910.16346,0,-2,-66
1754122910.20146,-4,4,-66
1754122910.23946,1,-2,-72
1754122910.27846,0,-3,-64
1754122910.31446,2,-7,-54
1754122910.35246,2,-10,-54
1754122910.39046,-1,-6,-54
1754122910.42946,-9,-6,-60
1754122910.4674602,-2,-3,-59
1754122910.5034602,0,0,-62
1754122910.54046,4,0,-66
1754122910.57946,12,-3,-69
1754122910.61746,1,0,-65
1754122910.65346,-4,-3,-59
1754122910.69146,2,-4,-63
1754122910.72946,-1,-5,-67
1754122910.76846,2,-2,-60
1754122910.80446,-2,-2,-57
1754122910.8424602,-4,1,-70
1754122910.8814602,3,-5,-61
1754122910.91946,-3,1,-71
1754122910.9574602,-5,3,-63
1754122910.9934602,-3,2,-67
1754122911.03146,-2,1,-59
1754122911.0694602,0,-5,-57
1754122911.1084602,4,4,-54
1754122911.1444602,1,-2,-66
1754122911.18246,0,0,-73
1754122911.2204602,2,-7,-55
1754122911.2594602,0,-6,-66
1754122911.29546,-15,-9,-63
1754122911.33346,-8,-2,-60
1754122911.37246,3,-4,-64
1754122911.40946,8,-5,-59
1754122911.44846,0,-1,-57
1754122911.48446,0,0,-65
1754122911.52246,-1,-5,-68
1754122911.56146,-4,-1,-64
1754122911.59946,-1,-4,-59
1754122911.63546,-4,0,-52
1754122911.67246,1,1,-42
1754122911.7104602,5,0,-59
1754122911.74946,4,-1,-57
1754122911.78546,1,-4,-55
1754122911.8224602,-7,0,-56
1754122911.86046,0,-5,-54
1754122911.89946,2,-5,-64
1754122911.93546,-2,-7,-62
1754122911.9734602,-2,2,-65
1754122912.01146,5,2,-59
1754122912.0494602,-7,-1,-60
1754122912.0884602,-10,-4,-72
1754122912.12446,-7,-4,-76
1754122912.16246,0,1,-69
1754122912.2004602,0,-3,-61
1754122912.23946,6,3,-69
1754122912.27546,-3,-4,-68
1754122912.31446,-2,-1,-61
1754122912.35946,7,0,-65
1754122912.39546,5,1,-68
1754122912.43246,2,3,-62
1754122912.4704602,2,0,-65
1754122912.5094602,-4,2,-62
1754122912.54546,7,0,-58
1754122912.5824602,9,-10,-63
1754122912.62046,8,0,-69
1754122912.65946,0,-2,-80
1754122912.69546,1,-5,-61
1754122912.7334602,-2,-1,-55
1754122912.77146,-8,-5,-58
1754122912.81046,-5,-4,-57
1754122912.8484602,0,-3,-54
1754122912.8844602,0,-1,-60
1754122912.92246,2,-4,-68
1754122912.9604602,3,-10,-61
1754122912.99946,3,-1,-55
1754122913.03546,6,-1,-56
1754122913.07346,-1,0,-54
1754122913.1114602,-8,-8,-58
1754122913.15046,-3,-4,-62
1754122913.18846,-3,-5,-57
1754122913.22446,-2,-3,-57
1754122913.26246,4,2,-58
1754122913.30046,-4,2,-65
1754122913.33946,-5,-3,-72
1754122913.37546,-9,2,-67
1754122913.41346,1,-4,-63
1754122913.45146,0,-5,-60
1754122913.4904602,0,0,-56
1754122913.5264602,-2,4,-59
1754122913.56446,2,4,-63
1754122913.60246,-5,2,-62
1754122913.64046,7,0,-60
1754122913.67946,10,-5,-67
1754122913.71546,2,-10,-75
1754122913.7534602,0,-2,-59
1754122913.79146,4,-8,-52
1754122913.83046,-4,0,-55
1754122913.86646,0,3,-52
1754122913.9044602,0,0,-65
1754122913.94246,-10,-2,-59
1754122913.98146,-11,0,-57
1754122914.0194602,5,-4,-68
1754122914.05546,6,1,-59
1754122914.0924602,-2,-4,-59
1754122914.1314602,-7,-11,-66
1754122914.16946,1,-4,-65
1754122914.20546,-3,-3,-66
1754122914.24446,3,-1,-59
1754122914.28146,0,4,-57
1754122914.32046,0,-4,-61
1754122914.35646,-5,-7,-61
1754122914.3944602,-6,0,-59
1754122914.43246,-10,8,-48
1754122914.47146,-1,0,-68
1754122914.5094602,-1,1,-57
1754122914.54546,1,4,-63
1754122914.5824602,2,5,-57
1754122914.6214602,-1,-2,-54
1754122914.65946,-3,-6,-49
1754122914.69546,1,-4,-67
1754122914.7334602,-1,2,-59
1754122914.77246,3,1,-58
1754122914.81046,10,0,-62
1754122914.84646,0,-1,-55
1754122914.88546,3,-1,-59
1754122914.92246,-1,-4,-61
1754122914.96146,-2,-4,-56
1754122914.99946,4,-5,-62
1754122915.03546,2,-6,-59
1754122915.0724602,-2,-1,-66
1754122915.1114602,3,-6,-67
1754122915.14946,4,1,-62
1754122915.18546,-1,5,-66
1754122915.2234602,-5,2,-71
1754122915.26146,-6,-2,-70
1754122915.30046,-6,-7,-61
1754122915.33646,-3,-4,-62
1754122915.37446,-2,0,-64
1754122915.41246,0,-4,-48
1754122915.45146,0,-5,-51
1754122915.48946,-2,2,-54
1754122915.52546,-2,5,-54
1754122915.56446,-2,1,-59
1754122915.60146,-2,-2,-66
1754122915.64046,-2,-5,-77
1754122915.67646,-7,-6,-71
1754122915.71446,0,-6,-63
1754122915.75246,1,-7,-62
1754122915.79146,1,2,-61
1754122915.82946,0,-6,-73
1754122915.8654602,-4,0,-70
1754122915.90246,-3,0,-48
1754122915.94146,1,4,-66
1754122915.97746,2,0,-78
1754122916.01446,0,-2,-74
1754122916.0524602,5,-4,-79
1754122916.09146,-1,0,-70
1754122916.12746,3,-2,-67
1754122916.16546,1,0,-55
1754122916.20346,-2,1,-59
1754122916.24146,10,9,-67
1754122916.28046,-6,3,-59
1754122916.31646,0,5,-62
1754122916.35346,-4,3,-59
1754122916.39246,1,-1,-50
1754122916.43046,4,3,-54
1754122916.46646,-4,0,-68
1754122916.50446,4,-1,-71
1754122916.5424602,-7,1,-70
1754122916.58146,-11,0,-70
1754122916.61746,-3,1,-52
1754122916.65546,8,-5,-65
1754122916.69346,1,-1,-74
1754122916.73146,2,-2,-63
1754122916.77046,1,-7,-65
1754122916.80646,5,-9,-61
1754122916.84446,-4,-9,-60
1754122916.88246,0,-1,-66
1754122916.9214602,5,0,-54
1754122916.9574602,7,1,-61
1754122916.99446,-7,-2,-58
1754122917.0324602,-5,2,-65
1754122917.07146,-13,-3,-69
1754122917.10746,0,7,-68
1754122917.1444602,0,-2,-61
1754122917.18246,2,-3,-55
1754122917.22146,-2,-3,-64
1754122917.25746,-4,-2,-65
1754122917.29546,-1,-1,-54
1754122917.33346,-6,-1,-76
1754122917.37246,0,-6,-54
1754122917.4114602,1,-6,-65
1754122917.4474602,0,-1,-58
1754122917.48446,-1,-3,-63
1754122917.52246,5,2,-63
1754122917.56146,-2,0,-68
1754122917.59746,0,0,-70
1754122917.6344602,-6,1,-67
1754122917.67246,-3,3,-63
1754122917.71146,-9,-4,-50
1754122917.74746,-1,-1,-53
1754122917.78546,2,-4,-65
1754122917.82346,-7,-1,-65
1754122917.86246,1,0,-65
1754122917.90046,-5,2,-62
1754122917.93646,-4,0,-66
1754122917.97446,1,1,-54
1754122918.01246,-3,4,-49
1754122918.05146,0,-1,-55
1754122918.08746,2,1,-71
1754122918.12446,-8,2,-65
1754122918.16246,1,1,-74
1754122918.20146,-1,0,-59
1754122918.23746,3,-6,-51
1754122918.27546,0,-1,-61
1754122918.31446,5,0,-58
1754122918.35246,0,-5,-48
1754122918.3884602,-4,-5,-62
1754122918.4274602,5,-9,-57
1754122918.46446,-6,-6,-62
1754122918.50246,0,0,-56
1754122918.54146,1,-1,-59
1754122918.57746,0,4,-60
1754122918.61446,1,0,-68
1754122918.65246,-1,0,-63
1754122918.69146,-5,0,-67
1754122918.72746,-3,-2,-60
1754122918.76546,-2,0,-71
1754122918.80346,1,1,-72
1754122918.8424602,5,3,-68
1754122918.8784602,0,0,-65
1754122918.91546,4,-8,-62
1754122918.95446,5,-6,-57
1754122918.99246,5,-3,-61
1754122919.02846,3,-3,-65
1754122919.06646,0,0,-71
1754122919.10446,-1,1,-63
1754122919.14346,-3,1,-58
1754122919.18146,-7,-7,-74
1754122919.21846,-3,-1,-72
1754122919.25546,3,-5,-70
1754122919.29346,-3,0,-60
1754122919.3324602,-7,1,-73
1754122919.3684602,0,2,-74
1754122919.40546,-3,-2,-61
1754122919.44346,2,-6,-51
1754122919.48246,0,0,-54
1754122919.51846,-2,-2,-60
1754122919.55646,1,2,-59
1754122919.59446,-4,-3,-62
1754122919.63346,-2,-7,-65
1754122919.6714602,-2,-5,-64
1754122919.7074602,3,-10,-72
1754122919.74546,0,-5,-55
1754122919.78446,-1,-1,-57
1754122919.8224602,-3,-4,-61
1754122919.8584602,0,-7,-61
1754122919.89746,-2,-1,-58
1754122919.9344602,5,-3,-65
1754122919.9734602,8,-3,-81
1754122920.01146,-1,2,-73
1754122920.04746,0,6,-69
1754122920.08446,0,-2,-66
1754122920.12346,3,1,-67
1754122920.1614602,5,1,-68
1754122920.1974602,0,2,-68
1754122920.23446,3,-3,-60
1754122920.27346,5,6,-77
1754122920.31146,1,0,-68
1754122920.34746,5,-1,-62
1754122920.38546,3,0,-62
1754122920.42346,6,0,-62
1754122920.46246,7,3,-56
1754122920.49846,2,-4,-53
1754122920.5364602,3,-7,-60
1754122920.57446,0,-6,-53
1754122920.61346,2,-5,-60
1754122920.64946,0,-2,-56
1754122920.68846,-4,-4,-58
1754122920.72546,1,0,-73
1754122920.76446,1,5,-61
1754122920.8024602,4,6,-60
1754122920.8384602,2,4,-63
1754122920.87546,-4,7,-65
1754122920.91346,-5,0,-71
1754122920.95246,-12,-1,-48
1754122920.98846,-5,-3,-59
1754122921.0264602,-4,1,-59
1754122921.06446,-3,2,-62
1754122921.10346,7,3,-60
1754122921.13946,8,-2,-56
1754122921.17646,-1,-1,-82
1754122921.21446,-2,2,-75
1754122921.2534602,-3,-1,-59
1754122921.2894602,-2,0,-67
1754122921.32646,0,4,-66
1754122921.36446,-2,0,-59
1754122921.40346,-5,-2,-55
1754122921.43946,-3,4,-53
1754122921.47746,5,1,-65
1754122921.51546,6,6,-58
1754122921.55446,0,-3,-63
1754122921.5924602,-7,-4,-62
1754122921.6284602,-6,-1,-60
1754122921.66646,-3,-1,-58
1754122921.70446,2,-3,-63
1754122921.74246,-1,0,-57
1754122921.77846,-7,1,-65
1754122921.81646,-4,-1,-53
1754122921.85446,-4,-4,-60
1754122921.89346,-9,0,-56
1754122921.92946,-5,2,-61
1754122921.96846,0,-2,-60
1754122922.00546,-1,1,-75
1754122922.04446,-3,0,-63
1754122922.0824602,2,-1,-71
1754122922.1184602,0,-4,-55
1754122922.15646,3,-1,-57
1754122922.1944602,3,0,-54
1754122922.2334602,2,0,-51
1754122922.27046,4,-5,-58
1754122922.30746,-3,-4,-56
1754122922.3454602,3,-6,-51
1754122922.38946,-1,-5,-53
1754122922.4274602,1,3,-57
1754122922.46546,2,0,-61
1754122922.50446,2,-1,-64
1754122922.5424602,-7,-1,-57
1754122922.57846,-3,1,-61
1754122922.61646,1,0,-56
1754122922.6544602,0,0,-59
1754122922.69346,0,-2,-58
1754122922.72946,0,-4,-70
1754122922.76746,-6,0,-67
1754122922.80546,2,-2,-71
1754122922.84446,-2,7,-63
1754122922.88046,10,-3,-56
1754122922.91846,-5,2,-64
1754122922.95646,1,0,-58
1754122922.99446,-1,3,-61
1754122923.03346,-2,0,-73
1754122923.0694602,1,0,-74
1754122923.10646,0,0,-56
1754122923.1444602,0,2,-58
1754122923.18346,0,0,-78
1754122923.21946,-2,3,-65
1754122923.25746,0,-3,-68
1754122923.29546,-5,-4,-55
1754122923.33446,-6,5,-64
1754122923.37046,-3,1,-63
1754122923.40846,-5,-2,-59
1754122923.4474602,5,-1,-59
1754122923.48546,2,2,-69
1754122923.52346,0,-4,-68
1754122923.5594602,1,-1,-54
1754122923.59746,-6,0,-52
1754122923.63546,2,0,-55
1754122923.6744602,2,-6,-55
1754122923.7104602,2,-5,-57
1754122923.74846,7,-5,-51
1754122923.7864602,-4,-2,-55
1754122923.8254602,3,1,-50
1754122923.86346,1,-1,-61
1754122923.89946,2,-2,-64
1754122923.9374602,9,-8,-61
1754122923.97546,3,-4,-73
1754122924.01446,1,-4,-71
1754122924.05046,0,-3,-56
1754122924.0884602,-6,-4,-56
1754122924.12746,-3,-12,-55
1754122924.16546,1,-8,-47
1754122924.20346,-1,-6,-58
1754122924.23946,0,-9,-64
1754122924.27746,-3,-2,-55
1754122924.3154602,3,-4,-64
1754122924.35346,8,-8,-66
1754122924.38946,3,0,-54
1754122924.42646,0,-1,-62
1754122924.46546,-2,2,-60
1754122924.5034602,0,-4,-55
1754122924.5394602,3,-9,-57
1754122924.57746,0,0,-58
1754122924.6154602,-1,0,-61
1754122924.65346,-8,-3,-67
1754122924.68946,-12,2,-63
1754122924.72746,-2,-3,-68
1754122924.76546,0,-1,-64
1754122924.80446,-4,0,-60
1754122924.84046,-2,-1,-61
1754122924.8784602,-5,-1,-63
1754122924.91646,-3,-1,-57
1754122924.95546,-3,-2,-66
1754122924.9934602,-3,0,-54
1754122925.03046,4,4,-63
1754122925.06846,2,5,-70
1754122925.1054602,-2,0,-67
1754122925.1444602,0,1,-60
1754122925.18046,2,5,-50
1754122925.2174602,3,-2,-56
1754122925.25546,2,-10,-60
1754122925.29446,5,-4,-64
1754122925.33046,1,0,-67
1754122925.3684602,0,7,-52
1754122925.40546,-3,0,-68
1754122925.4444602,4,0,-61
1754122925.4804602,3,-2,-67
1754122925.51846,-5,-4,-62
1754122925.55646,-3,2,-57
1754122925.5954602,0,4,-61
1754122925.6314602,4,-1,-64
1754122925.66946,-1,0,-63
1754122925.7074602,6,0,-76
1754122925.74546,0,5,-68
1754122925.78446,4,6,-61
1754122925.82046,-1,2,-67
1754122925.8584602,4,-3,-59
1754122925.89646,1,2,-63
1754122925.93546,4,-3,-68
1754122925.97146,6,1,-64
1754122926.00846,6,-1,-58
1754122926.0464602,5,3,-73
1754122926.0854602,-4,1,-63
1754122926.1214602,2,2,-63
1754122926.15846,1,-5,-52
1754122926.19646,-6,-3,-63
1754122926.23546,0,6,-66
1754122926.27146,0,6,-65
1754122926.30846,0,0,-55
1754122926.34646,3,2,-61
1754122926.38546,2,5,-68
1754122926.4214602,-2,3,-75
1754122926.45946,0,3,-72
1754122926.49846,-1,1,-76
1754122926.5364602,4,3,-67
1754122926.57446,2,1,-63
1754122926.61046,0,0,-59
1754122926.64846,-3,4,-66
1754122926.68646,-1,1,-63
1754122926.72446,0,-3,-64
1754122926.76046,-2,-3,-55
1754122926.79846,2,-4,-64
1754122926.83646,1,-1,-64
1754122926.87546,5,-5,-68
1754122926.9114602,3,-6,-71
1754122926.94946,7,0,-64
1754122926.98746,3,-6,-61
1754122927.0264602,-6,-10,-65
1754122927.06446,-10,-7,-63
1754122927.10046,-4,-1,-67
1754122927.1384602,3,-3,-69
1754122927.17646,5,-1,-72
1754122927.21546,-9,-3,-61
1754122927.25146,-3,-5,-65
1754122927.2894602,-2,-7,-60
1754122927.32846,0,-4,-66
1754122927.36646,-2,2,-63
1754122927.40246,0,6,-71
1754122927.4404602,-6,2,-72
1754122927.47846,0,-1,-68
1754122927.5164602,2,-3,-67
1754122927.55346,4,0,-73
1754122927.59046,4,0,-67
1754122927.6284602,3,-4,-69
1754122927.66646,-5,0,-65
1754122927.70546,-7,0,-61
1754122927.74146,-6,-2,-60
1754122927.7794602,-6,-9,-66
1754122927.81746,0,-1,-67
1754122927.85646,-6,-5,-64
1754122927.89246,-4,-3,-65
1754122927.93046,-4,0,-67
1754122927.96846,-5,-6,-63
1754122928.0064602,-9,-6,-70
1754122928.04546,-1,-4,-60
1754122928.08146,4,-3,-61
1754122928.1184602,-4,-2,-59
1754122928.15646,-1,3,-66
1754122928.19546,4,1,-63
1754122928.23146,11,1,-66
1754122928.26846,2,-9,-60
1754122928.30746,-1,-2,-61
1754122928.3454602,5,4,-76
1754122928.3814602,0,2,-76
1754122928.41846,-8,-1,-71
1754122928.4574602,-7,-7,-65
1754122928.49546,-2,-5,-61
1754122928.53146,3,-4,-55
1754122928.56846,-3,-3,-72
1754122928.60746,-1,-6,-71
1754122928.64546,0,-1,-76
1754122928.68146,0,0,-66
1754122928.71846,-7,-5,-65
1754122928.75746,-6,-1,-70
1754122928.79546,-10,2,-59
1754122928.83146,-8,-3,-62
1754122928.86946,-8,0,-66
1754122928.9074602,-2,-2,-61
1754122928.94646,4,0,-68
1754122928.98246,1,-4,-67
1754122929.02046,4,-2,-69
1754122929.05846,7,-5,-61
1754122929.09746,-3,-3,-65
1754122929.13546,1,1,-62
1754122929.1714602,0,5,-61
1754122929.20846,1,7,-64
1754122929.24746,7,6,-61
1754122929.28546,7,5,-56
1754122929.32146,10,5,-72
1754122929.3584602,-4,4,-70
1754122929.39746,2,-5,-61
1754122929.43546,0,0,-61
1754122929.47146,1,-3,-69
1754122929.5094602,0,-4,-67
1754122929.54746,3,0,-66
1754122929.58646,6,-1,-77
1754122929.62246,0,2,-71
1754122929.65946,0,3,-65
1754122929.6974602,1,1,-69
1754122929.7364602,-1,1,-71
1754122929.77246,0,-4,-54
1754122929.81146,-2,0,-58
1754122929.8484602,-1,2,-61
1754122929.88746,2,0,-54
1754122929.92346,2,-8,-67
1754122929.96146,3,0,-67
1754122929.99946,8,-3,-71
1754122930.03746,5,-5,-66
1754122930.07646,-4,5,-62
1754122930.11246,4,-2,-63
1754122930.15046,1,0,-54
1754122930.18846,-2,5,-66
1754122930.22746,-2,8,-65
1754122930.2634602,0,2,-60
1754122930.30046,-2,2,-60
1754122930.3384602,4,0,-75
1754122930.37746,-5,4,-65
1754122930.41346,-2,6,-65
1754122930.45146,-1,2,-57
1754122930.48946,-7,-7,-62
1754122930.52746,-3,3,-66
1754122930.56646,-5,-2,-61
1754122930.60246,-5,6,-61
1754122930.64046,-2,0,-69
1754122930.67846,-2,-2,-74
1754122930.7174602,6,-4,-57
1754122930.7534602,-3,4,-65
1754122930.79146,-7,-1,-61
1754122930.82946,-9,-1,-67
1754122930.8684602,0,-1,-58
1754122930.90646,3,10,-72
1754122930.94246,6,5,-69
1754122930.9804602,3,1,-70
1754122931.01846,3,3,-60
1754122931.05746,-2,3,-64
1754122931.09346,-2,1,-73
1754122931.13346,4,-3,-59
1754122931.17046,2,0,-56
1754122931.20846,2,0,-51
1754122931.24746,1,-2,-70
1754122931.28346,0,0,-68
1754122931.32046,2,-1,-67
1754122931.3584602,3,-4,-67
1754122931.39746,3,-7,-59
1754122931.43346,2,-4,-54
1754122931.47146,-2,-4,-59
1754122931.5094602,0,-5,-61
1754122931.54846,-2,-6,-62
1754122931.58646,-2,-9,-60
1754122931.62246,-3,1,-69
1754122931.66046,1,-1,-71
1754122931.69846,-6,0,-63
1754122931.73746,-5,0,-51
1754122931.77346,-1,0,-63
1754122931.81046,-4,0,-58
1754122931.8484602,0,-2,-56
1754122931.88746,0,-1,-55
1754122931.92346,1,2,-66
1754122931.9604602,-1,1,-65
1754122931.99846,-2,2,-66
1754122932.03746,1,3,-75
1754122932.07346,3,0,-68
1754122932.11046,-4,1,-74
1754122932.14846,-5,1,-69
1754122932.1874602,4,3,-58
1754122932.2234602,3,-4,-61
1754122932.26146,0,1,-59
1754122932.30046,3,-7,-59
1754122932.3384602,4,4,-62
1754122932.37446,4,6,-66
1754122932.42046,-6,0,-51
1754122932.45846,-2,0,-65
1754122932.49446,8,-5,-66
1754122932.53346,3,-2,-62
1754122932.57146,2,-4,-58
1754122932.6084602,13,-3,-61
1754122932.64746,4,-5,-64
1754122932.68346,5,-2,-58
1754122932.7204602,1,4,-69
1754122932.75846,4,2,-68
1754122932.79746,-5,-4,-60
1754122932.83346,-2,2,-70
1754122932.8714602,1,0,-67
1754122932.90946,-6,-5,-68
1754122932.9474602,-2,0,-59
1754122932.9834602,0,-5,-78
1754122933.02146,-2,-1,-69
1754122933.0594602,-1,-6,-66
1754122933.09746,-4,-4,-57
1754122933.13346,-8,-8,-56
1754122933.1714602,-4,0,-57
1754122933.20946,5,1,-60
1754122933.24846,3,0,-54
1754122933.28446,4,2,-65
1754122933.3224602,1,-6,-73
1754122933.36046,-4,-9,-65
1754122933.39946,0,-9,-66
1754122933.4374602,0,-3,-52
1754122933.4734602,-3,-1,-64
1754122933.51146,-5,6,-63
1754122933.5494602,5,5,-61
1754122933.5884602,0,-3,-66
1754122933.62446,3,-6,-60
1754122933.66246,-2,-4,-75
1754122933.7004602,-1,-2,-71
1754122933.73946,-11,-1,-72
1754122933.77746,0,3,-59
1754122933.81346,-4,-2,-56
1754122933.85146,0,4,-61
1754122933.88946,4,0,-49
1754122933.92846,-2,-4,-58
1754122933.96446,-5,-3,-71
1754122934.0034602,-5,0,-78
1754122934.04046,-5,0,-62
1754122934.07946,1,-2,-70
1754122934.11746,-2,-5,-69
1754122934.15346,0,-13,-63
1754122934.19146,-2,-3,-65
1754122934.2304602,-10,1,-75
1754122934.26846,0,4,-55
1754122934.30446,0,0,-70
1754122934.3424602,0,-1,-76
1754122934.38046,0,-1,-68
1754122934.41946,-6,-2,-67
1754122934.45546,-2,-1,-69
1754122934.4934602,-2,0,-62
1754122934.53146,-3,-6,-57
1754122934.5694602,3,-11,-70
1754122934.6084602,1,-10,-60
1754122934.6444602,-4,-8,-57
1754122934.68246,0,-4,-66
1754122934.72146,2,0,-77
1754122934.7594602,-4,-5,-71
1754122934.79546,-2,1,-75
1754122934.83446,-8,0,-61
1754122934.8714602,-8,0,-52
1754122934.90946,0,-3,-55
1754122934.94846,-2,-6,-71
1754122934.98446,-2,-3,-68
1754122935.02246,3,-2,-69
1754122935.06046,1,-5,-66
1754122935.09946,4,0,-62
1754122935.13546,0,2,-66
1754122935.17346,7,-7,-54
1754122935.21146,2,-1,-65
1754122935.25046,-7,3,-68
1754122935.28846,0,0,-57
1754122935.32446,-2,-4,-68
1754122935.36246,-1,-4,-71
1754122935.40046,-6,-6,-62
1754122935.43946,-4,-11,-63
1754122935.47546,-5,-5,-54
1754122935.5134602,2,-6,-60
1754122935.55146,7,-1,-56
1754122935.59046,3,-4,-60
1754122935.6284602,0,-7,-61
1754122935.6644602,10,-9,-71
1754122935.70346,1,-6,-60
1754122935.7404602,4,0,-63
1754122935.7794602,10,-4,-65
1754122935.8154602,4,-5,-62
1754122935.85346,1,-4,-65
1754122935.8914602,3,-4,-69
1754122935.93046,-6,-2,-68
1754122935.96846,1,0,-60
1754122936.00446,-2,-3,-67
1754122936.0424602,3,-3,-63
1754122936.08046,4,-4,-60
1754122936.11946,0,-2,-60
1754122936.15546,1,3,-58
1754122936.19246,4,0,-60
1754122936.2304602,0,-3,-65
1754122936.2694602,-4,4,-70
1754122936.30546,-2,3,-71
1754122936.34346,-8,2,-65
1754122936.3814602,6,-2,-65
1754122936.42046,2,0,-66
1754122936.45846,4,-1,-68
1754122936.49446,-1,-5,-67
1754122936.5324602,2,0,-69
1754122936.57046,1,-7,-65
1754122936.60946,3,-3,-64
1754122936.64546,4,-5,-64
1754122936.68346,-5,1,-59
1754122936.72146,3,-3,-67
1754122936.76046,7,-11,-71
1754122936.79746,-2,-10,-57
1754122936.83446,0,-9,-65
1754122936.87246,-1,-5,-66
1754122936.91046,-3,-9,-54
1754122936.94946,0,-11,-63
1754122936.98546,5,-2,-54
1754122937.02346,4,-1,-60
1754122937.06146,2,-7,-58
1754122937.10046,-8,-6,-55
1754122937.13646,-3,0,-75
1754122937.17546,0,0,-59
1754122937.21246,0,-12,-52
1754122937.25046,5,-7,-74
1754122937.2894602,-2,-4,-66
1754122937.3254602,0,0,-63
1754122937.36246,3,0,-70
1754122937.40046,2,-2,-67
1754122937.43946,1,1,-59
1754122937.47546,-7,-1,-62
1754122937.5134602,-4,1,-60
1754122937.55146,-1,0,-64
1754122937.59046,2,-2,-50
1754122937.62646,3,-3,-72
1754122937.6644602,-2,1,-62
1754122937.70346,0,-4,-46
1754122937.74146,-2,-3,-69
1754122937.7794602,-3,-9,-72
1754122937.8154602,-3,-9,-72
1754122937.85346,-1,-3,-59
1754122937.8914602,-5,-4,-63
1754122937.93046,-3,1,-62
1754122937.96646,-3,1,-59
1754122938.00546,5,1,-55
1754122938.0424602,5,-7,-59
1754122938.08146,7,-6,-61
1754122938.11946,2,-3,-63
1754122938.15546,1,0,-72
1754122938.19246,2,-7,-61
1754122938.23146,-7,-7,-62
1754122938.2694602,-8,-1,-59
1754122938.30546,4,1,-59
1754122938.3424602,-3,-4,-70
1754122938.3814602,7,1,-67
1754122938.41946,9,-6,-66
1754122938.45546,-1,-2,-59
1754122938.4934602,1,-6,-61
1754122938.53146,0,0,-73
1754122938.57046,0,3,-61
1754122938.60646,3,0,-57
1754122938.64346,0,0,-52
1754122938.68146,4,4,-53
1754122938.7204602,-7,-7,-61
1754122938.75746,-3,-5,-54
1754122938.79446,-5,-4,-53
1754122938.8324602,-9,-3,-61
1754122938.8714602,-1,0,-65
1754122938.9074602,-7,1,-61
1754122938.94546,-1,2,-71
1754122938.98446,0,0,-62
1754122939.02146,-3,-3,-59
1754122939.06046,4,-1,-61
1754122939.09646,7,-8,-53
1754122939.1344602,-2,-6,-51
1754122939.17246,-4,-2,-67
1754122939.21146,0,0,-45
1754122939.24746,-5,2,-52
1754122939.28546,1,-1,-45
1754122939.32446,1,-2,-58
1754122939.3614602,4,0,-60
1754122939.40046,3,-1,-52
1754122939.43646,6,-1,-66
1754122939.47446,6,2,-62
1754122939.51246,0,-6,-47
1754122939.55146,-2,1,-56
1754122939.5884602,-1,-4,-66
1754122939.62546,0,-4,-73
1754122939.66346,0,-1,-55
1754122939.70146,6,-1,-62
1754122939.7404602,3,-1,-62
1754122939.7764602,6,0,-65
1754122939.81446,2,-3,-68
1754122939.85246,5,-4,-77
1754122939.89046,0,-6,-57
1754122939.92646,-4,0,-57
1754122939.9634602,0,-1,-70
1754122940.00246,-3,-3,-66
1754122940.04046,-4,-1,-56
1754122940.07646,-5,-4,-67
1754122940.11446,-1,3,-54
1754122940.15246,0,1,-61
1754122940.19146,2,1,-67
1754122940.22746,-2,-4,-58
1754122940.26546,-1,-1,-66
1754122940.30346,-4,-8,-71
1754122940.3424602,-4,-4,-57
1754122940.38046,2,0,-61
1754122940.41646,1,7,-60
1754122940.45346,-4,-2,-67
1754122940.49246,4,-1,-64
1754122940.53046,-5,0,-65
1754122940.56646,6,0,-60
1754122940.60346,6,-1,-74
1754122940.64246,-2,5,-70
1754122940.68046,-1,1,-74
1754122940.71646,-2,-1,-65
1754122940.75546,0,0,-62
1754122940.7924602,-8,-5,-55
1754122940.83146,-2,1,-61
1754122940.86746,3,0,-58
1754122940.90546,0,-4,-60
1754122940.94246,2,-7,-53
1754122940.98146,2,-3,-58
1754122941.01746,5,-3,-62
1754122941.05546,0,1,-66
1754122941.09346,-6,5,-64
1754122941.13246,1,2,-64
1754122941.16846,5,4,-63
1754122941.20546,-10,0,-63
1754122941.2434602,-4,-1,-50
1754122941.2824602,-3,2,-62
1754122941.31846,2,0,-67
1754122941.3554602,2,-2,-71
1754122941.39346,-2,-2,-67
1754122941.43246,3,-7,-63
1754122941.46846,1,-1,-60
1754122941.50546,0,-6,-61
1754122941.54346,3,-8,-58
1754122941.5824602,-7,-1,-59
1754122941.6184602,-2,0,-62
1754122941.65646,0,-5,-65
1754122941.6944602,1,-2,-56
1754122941.73246,2,1,-61
1754122941.77146,3,6,-69
1754122941.80746,0,1,-58
1754122941.84446,2,5,-76
1754122941.88246,4,-4,-67
1754122941.9214602,5,0,-68
1754122941.9574602,1,-3,-67
1754122941.99546,8,-2,-64
1754122942.03346,0,-12,-54
1754122942.0724602,-3,-5,-57
1754122942.1084602,5,0,-62
1754122942.14546,-1,-6,-59
1754122942.1844602,-5,-9,-70
1754122942.22246,-1,-2,-72
1754122942.25846,-1,3,-67
1754122942.29746,-7,-1,-65
1754122942.33446,-1,-3,-63
1754122942.37346,-5,3,-69
1754122942.4114602,-5,-1,-65
1754122942.45546,-2,0,-57
1754122942.4934602,4,-1,-60
1754122942.53146,4,5,-64
1754122942.56746,8,10,-76
1754122942.60446,2,2,-66
1754122942.64346,2,-3,-68
1754122942.68146,0,-4,-63
1754122942.7174602,-1,0,-63
1754122942.75546,-4,-3,-67
1754122942.79346,-2,-3,-57
1754122942.8324602,-3,-5,-44
1754122942.8684602,0,-8,-59
1754122942.90646,-10,-3,-63
1754122942.9444602,-2,0,-56
1754122942.9834602,-4,-5,-70
1754122943.02146,0,-3,-81
1754122943.05746,0,-5,-65
1754122943.0954602,2,0,-58
1754122943.1344602,0,0,-56
1754122943.17246,5,0,-64
1754122943.20846,-1,4,-63
1754122943.2464602,-3,4,-66
1754122943.28446,4,2,-64
1754122943.32346,3,0,-68
1754122943.35946,0,4,-60
1754122943.39746,0,5,-76
1754122943.4344602,1,3,-78
1754122943.4734602,0,0,-64
1754122943.5094602,-2,4,-58
1754122943.54746,-4,0,-61
1754122943.5854602,-6,3,-59
1754122943.62346,1,2,-63
1754122943.66246,9,0,-57
1754122943.69846,6,-3,-64
1754122943.73746,1,-4,-57
1754122943.77446,-1,-3,-59
1754122943.81346,-5,-8,-60
1754122943.84946,-9,0,-65
1754122943.8884602,0,1,-61
1754122943.92546,3,4,-65
1754122943.96446,-2,-1,-60
1754122944.00246,-1,0,-59
1754122944.03846,-1,-3,-64
1754122944.07646,2,1,-57
1754122944.11446,-2,3,-60
1754122944.15346,-1,0,-75
1754122944.18946,4,-1,-65
1754122944.22746,-6,-1,-67
1754122944.26546,2,0,-61
1754122944.30446,2,-1,-56
1754122944.3424602,9,2,-60
1754122944.3784602,11,-3,-64
1754122944.41646,2,0,-63
1754122944.45546,3,4,-67
1754122944.4934602,-1,4,-55
1754122944.5294602,1,4,-71
1754122944.56646,2,4,-62
1754122944.6054602,-2,0,-63
1754122944.64346,4,-2,-61
1754122944.67946,1,-4,-54
1754122944.7174602,-4,2,-60
1754122944.75546,3,0,-61
1754122944.79446,7,-5,-67
1754122944.8324602,2,-5,-69
1754122944.8684602,5,2,-59
1754122944.90546,6,7,-54
1754122944.9444602,-4,7,-54
1754122944.98246,1,0,-63
1754122945.01846,-1,0,-69
1754122945.05646,-1,1,-71
1754122945.09446,6,-6,-70
1754122945.13346,2,1,-63
1754122945.16946,4,1,-55
1754122945.20846,7,2,-72
1754122945.24546,7,0,-61
1754122945.28446,3,-3,-65
1754122945.3224602,3,-9,-63
1754122945.3584602,0,-3,-72
1754122945.39546,3,-4,-61
1754122945.4344602,2,0,-58
1754122945.47246,3,4,-60
1754122945.50846,-6,0,-57
1754122945.54546,0,0,-60
1754122945.58446,4,-1,-65
1754122945.62246,4,-4,-64
1754122945.65846,-1,-7,-61
1754122945.6974602,1,-7,-69
1754122945.73446,4,-1,-68
1754122945.77346,-4,2,-65
1754122945.8094602,-6,0,-65
1754122945.84746,-3,0,-75
1754122945.8844602,1,-8,-68
1754122945.92346,-4,-5,-64
1754122945.95946,0,0,-81
1754122945.99746,-1,1,-68
1754122946.03446,-5,1,-64
1754122946.07346,-3,-4,-79
1754122946.10946,0,-6,-64
1754122946.14746,-1,0,-68
1754122946.1844602,4,0,-67
1754122946.2234602,1,5,-66
1754122946.2594602,6,4,-74
1754122946.29746,1,2,-66
1754122946.33446,0,3,-63
1754122946.37346,2,0,-55
1754122946.40946,3,-2,-68
1754122946.4474602,2,6,-55
1754122946.48446,-3,0,-54
1754122946.52346,4,1,-59
1754122946.5594602,-1,-8,-50
1754122946.59746,6,1,-56
1754122946.63546,-1,-4,-62
1754122946.6744602,5,1,-61
1754122946.7104602,2,2,-60
1754122946.74846,-2,3,-65
1754122946.7864602,1,-1,-77
1754122946.8254602,-5,6,-68
1754122946.86346,-1,3,-67
1754122946.89946,0,0,-76
1754122946.93646,0,-2,-74
1754122946.97546,0,-3,-59
1754122947.0134602,2,-5,-62
1754122947.0494602,2,0,-69
1754122947.08646,-6,-3,-62
1754122947.12546,-2,-6,-56
1754122947.16346,6,3,-58
1754122947.19946,8,-3,-49
1754122947.23746,7,2,-56
1754122947.27546,0,0,-60
1754122947.31446,-6,5,-57
1754122947.35046,-4,0,-47
1754122947.3884602,0,6,-66
1754122947.42646,3,-5,-53
1754122947.46546,11,0,-57
1754122947.5034602,2,-1,-59
1754122947.5394602,-1,2,-64
1754122947.57746,-4,-3,-52
1754122947.6154602,-5,-8,-54
1754122947.6544602,-4,-15,-60
1754122947.6904602,-10,-5,-69
1754122947.72846,0,-2,-59
1754122947.76746,-4,-5,-64
1754122947.80546,0,-5,-61
1754122947.84346,0,1,-70
1754122947.87946,5,0,-70
1754122947.9174602,2,-6,-61
1754122947.95546,1,-4,-55
1754122947.99446,-3,2,-66
1754122948.03046,-6,4,-52
1754122948.06846,-11,1,-61
1754122948.10646,0,-9,-62
1754122948.14546,4,-4,-72
1754122948.18146,0,0,-63
1754122948.21846,-3,-4,-49
1754122948.2564602,-2,0,-56
1754122948.29546,2,-3,-62
1754122948.33146,2,-3,-56
1754122948.36946,1,1,-66
1754122948.40846,-4,-1,-65
1754122948.44546,-11,-3,-69
1754122948.48446,0,1,-66
1754122948.52046,0,5,-65
1754122948.55846,-4,0,-67
1754122948.59746,-3,3,-58
1754122948.63546,-4,0,-62
1754122948.6714602,1,-1,-51
1754122948.70846,4,-1,-59
1754122948.74746,-3,0,-61
1754122948.78546,9,3,-65
1754122948.82146,1,-6,-60
1754122948.8584602,-6,-1,-57
1754122948.89746,-8,-2,-60
1754122948.93546,-6,0,-53
1754122948.97146,0,-4,-59
1754122949.0094602,0,-2,-60
1754122949.04746,0,4,-64
1754122949.08646,3,-1,-72
1754122949.12446,0,3,-61
1754122949.16046,-5,-7,-59
1754122949.19846,-2,-5,-63
1754122949.2364602,0,-6,-63
1754122949.27546,5,2,-82
1754122949.3124602,4,3,-76
1754122949.34946,0,2,-63
1754122949.38746,-5,3,-66
1754122949.42646,0,-1,-71
1754122949.46446,-3,-6,-82
1754122949.50046,1,1,-73
1754122949.53846,5,0,-66
1754122949.57646,-4,-4,-75
1754122949.61446,-2,-3,-72
1754122949.65046,-7,-2,-72
1754122949.68846,-10,5,-64
1754122949.72646,-4,3,-66
1754122949.76546,0,3,-60
1754122949.80146,0,0,-69
1754122949.8384602,0,-1,-71
1754122949.87646,0,-5,-64
1754122949.91546,6,-2,-65
1754122949.95146,2,-5,-67
1754122949.98946,1,2,-71
1754122950.02746,-1,-3,-65
1754122950.06646,-4,-10,-59
1754122950.10446,-6,-4,-56
1754122950.14046,0,-1,-69
1754122950.17946,1,0,-80
1754122950.2174602,6,0,-66
1754122950.25546,2,0,-60
1754122950.29146,2,4,-66
1754122950.32846,-4,-2,-60
1754122950.36746,-10,5,-58
1754122950.40546,2,2,-53
1754122950.44146,-1,0,-49
1754122950.4804602,-6,0,-49
1754122950.51746,-8,-7,-63
1754122950.55646,2,0,-64
1754122950.5924602,-12,-3,-67
1754122950.63046,-4,-7,-72
1754122950.66846,0,-3,-61
1754122950.70646,-6,4,-61
1754122950.74546,-2,-4,-64
1754122950.78146,-1,-3,-61
1754122950.8194602,0,-2,-67
1754122950.85746,0,-3,-67
1754122950.89646,-3,1,-66
1754122950.93546,-7,0,-61
1754122950.97146,1,4,-68
1754122951.00846,7,4,-75
1754122951.0464602,3,5,-70
1754122951.0854602,-2,2,-54
1754122951.1214602,0,0,-65
1754122951.15846,-2,1,-79
1754122951.19646,-3,-2,-57
1754122951.23546,-9,4,-60
1754122951.27146,-3,-5,-63
1754122951.3094602,-10,0,-61
1754122951.34746,-6,3,-58
1754122951.38646,6,2,-61
1754122951.42346,-4,2,-64
1754122951.4604602,-5,0,-70
1754122951.49846,0,-3,-67
1754122951.53746,0,0,-70
1754122951.5754602,-2,-3,-69
1754122951.6114602,0,-7,-66
1754122951.64946,-7,-2,-68
1754122951.6874602,6,-2,-73
1754122951.72646,-2,-4,-63
1754122951.76246,-5,-6,-68
1754122951.80046,-1,-3,-70
1754122951.8384602,-3,-2,-70
1754122951.87746,3,-5,-68
1754122951.91546,2,5,-71
1754122951.95146,2,0,-67
1754122951.98846,0,-2,-55
1754122952.02746,0,0,-50
1754122952.0654602,-5,-2,-58
1754122952.10146,-1,0,-60
1754122952.13946,-2,7,-65
1754122952.1774602,-2,-4,-76
1754122952.21646,-5,-3,-77
1754122952.25246,-3,5,-70
1754122952.29146,0,1,-57
1754122952.32846,-3,1,-62
1754122952.36746,-7,4,-60
1754122952.40546,-6,6,-58
1754122952.44146,-7,3,-64
1754122952.48746,-4,2,-68
1754122952.52546,0,-2,-83
1754122952.56146,3,3,-69
1754122952.5984602,8,-4,-66
1754122952.63746,16,0,-61
1754122952.67346,9,-4,-56
1754122952.71146,2,0,-63
1754122952.75046,0,-1,-57
1754122952.78746,-2,-2,-65
1754122952.82646,1,-1,-59
1754122952.86246,3,1,-69
1754122952.90046,0,0,-69
1754122952.93846,-4,4,-69
1754122952.97746,-4,-2,-63
1754122953.0134602,-5,-3,-51
1754122953.05146,0,3,-52
1754122953.08946,-1,2,-67
1754122953.12746,1,4,-66
1754122953.16646,0,2,-67
1754122953.20246,3,0,-66
1754122953.23946,-3,-1,-63
1754122953.27746,1,3,-57
1754122953.31646,-2,3,-69
1754122953.35246,0,-10,-60
1754122953.3914602,3,-8,-55
1754122953.42846,-2,-1,-75
1754122953.4674602,-4,-3,-73
1754122953.5034602,-1,-3,-75
1754122953.54146,-3,1,-70
1754122953.57946,-3,3,-55
1754122953.6184602,-4,1,-68
1754122953.65646,0,5,-62
1754122953.69246,0,5,-60
1754122953.72946,2,0,-60
1754122953.76846,2,2,-60
1754122953.80646,4,-2,-64
1754122953.8424602,2,-4,-63
1754122953.88046,0,-1,-52
1754122953.91846,1,-5,-56
1754122953.9574602,6,-5,-60
1754122953.9934602,4,-2,-64
1754122954.03146,2,3,-70
1754122954.0694602,2,-1,-62
1754122954.1084602,-3,1,-71
1754122954.14646,-4,-1,-50
1754122954.18246,-3,1,-61
1754122954.21946,0,-3,-51
1754122954.25846,1,0,-61
1754122954.2964602,1,0,-62
1754122954.3324602,-4,-2,-59
1754122954.3714602,4,-2,-66
1754122954.40846,0,0,-61
1754122954.4474602,0,7,-71
1754122954.4834602,-6,1,-72
1754122954.52146,-4,2,-67
1754122954.5594602,-1,0,-61
1754122954.5984602,0,-2,-62
1754122954.63646,2,0,-58
1754122954.67346,-1,0,-67
1754122954.7104602,0,-3,-63
1754122954.74846,0,2,-55
1754122954.78746,2,0,-61
1754122954.82346,2,2,-65
1754122954.86046,-6,0,-67
1754122954.89846,-2,0,-63
1754122954.9374602,-11,-2,-72
1754122954.9734602,0,0,-60
1754122955.01046,-1,-1,-64
1754122955.04846,0,0,-60
1754122955.08746,7,1,-66
1754122955.12346,2,2,-64
1754122955.16046,0,0,-60
1754122955.19846,0,3,-54
1754122955.23746,0,-1,-60
1754122955.27346,2,3,-61
1754122955.31046,0,2,-69
1754122955.3484602,-4,0,-70
1754122955.38746,2,-2,-65
1754122955.42346,-2,2,-62
1754122955.46146,0,5,-49
1754122955.50046,-2,4,-50
1754122955.53846,2,3,-65
1754122955.57446,1,0,-53
1754122955.6114602,4,2,-58
1754122955.64946,-2,-3,-58
1754122955.68846,2,-8,-52
1754122955.72446,-1,0,-58
1754122955.76246,2,6,-60
1754122955.80046,3,3,-54
1754122955.83946,-2,-5,-66
1754122955.87746,-1,-3,-63
1754122955.91346,-1,-4,-72
1754122955.95146,4,-1,-69
1754122955.98946,-8,2,-55
1754122956.02846,-9,-1,-58
1754122956.06446,-5,-1,-47
1754122956.10246,-2,-3,-58
1754122956.14046,-4,4,-47
1754122956.17946,0,-2,-50
1754122956.2174602,7,0,-56
1754122956.2534602,3,-1,-47
1754122956.29146,-5,0,-49
1754122956.32946,-4,-4,-60
1754122956.3684602,-1,-9,-55
1754122956.4044602,0,-1,-62
1754122956.44246,0,0,-69
1754122956.4804602,-10,3,-56
1754122956.5194602,-8,0,-64
1754122956.55746,-4,-7,-70
1754122956.59346,0,-3,-57
1754122956.6314602,7,1,-72
1754122956.67046,-6,1,-68
1754122956.70846,-4,-3,-73
1754122956.74446,2,5,-62
1754122956.7824602,-6,-1,-49
1754122956.82046,2,2,-67
1754122956.85946,1,2,-72
1754122956.89746,3,6,-71
1754122956.93346,0,0,-66
1754122956.97146,3,1,-59
1754122957.0094602,0,-3,-60
1754122957.04846,0,-4,-72
1754122957.08446,-2,-3,-68
1754122957.12246,-3,1,-66
1754122957.16046,-5,-2,-56
1754122957.19946,-4,-2,-55
1754122957.23546,1,-7,-56
1754122957.27346,0,0,-61
1754122957.31146,4,-2,-78
1754122957.34946,-3,-5,-80
1754122957.3884602,0,0,-72
1754122957.4244602,-1,1,-48
1754122957.46246,0,0,-59
1754122957.49946,-3,2,-62
1754122957.53846,-6,0,-63
1754122957.57446,-5,-2,-52
1754122957.61246,-6,0,-62
1754122957.65046,3,2,-57
1754122957.68946,3,2,-60
1754122957.72546,4,4,-65
1754122957.76246,3,-1,-70
1754122957.80046,0,-3,-68
1754122957.83946,-5,-4,-60
1754122957.87546,-2,-1,-76
1754122957.91346,-5,5,-66
1754122957.95146,4,0,-71
1754122957.98946,8,-6,-74
1754122958.02846,7,-4,-74
1754122958.06446,5,0,-59
1754122958.10246,-6,4,-65
1754122958.14046,-12,4,-63
1754122958.17946,-3,-2,-70
1754122958.21546,-7,-1,-54
1754122958.2534602,0,-3,-64
1754122958.29146,-2,-3,-61
1754122958.33046,0,0,-59
1754122958.3684602,5,-4,-63
1754122958.4044602,2,0,-59
1754122958.44146,0,3,-64
1754122958.4804602,1,1,-66
1754122958.51846,-1,-2,-65
1754122958.55446,-4,0,-69
1754122958.59146,8,0,-66
1754122958.63046,1,8,-61
1754122958.66846,-4,6,-63
1754122958.70446,-4,0,-68
1754122958.74146,-1,1,-78
1754122958.78046,0,-1,-59
1754122958.81846,1,0,-67
1754122958.85446,4,-3,-62
1754122958.89246,-1,-9,-63
1754122958.93046,0,-12,-68
1754122958.96946,0,-2,-64
1754122959.00546,-4,-3,-64
1754122959.04346,-1,1,-68
1754122959.08146,-6,8,-64
1754122959.12046,0,-1,-69
1754122959.15846,-2,-1,-67
1754122959.1944602,4,-3,-69
1754122959.23246,-1,5,-70
1754122959.27046,-1,-4,-71
1754122959.3094602,2,0,-63
1754122959.3454602,4,2,-59
1754122959.38246,-2,0,-66
1754122959.4214602,1,0,-64
1754122959.45946,7,-3,-65
1754122959.49546,-3,2,-62
1754122959.53346,-1,2,-53
1754122959.57146,0,1,-56
1754122959.61046,-3,-2,-49
1754122959.64646,1,0,-68
1754122959.68346,4,-2,-58
1754122959.72146,3,4,-70
1754122959.76046,2,3,-55
1754122959.7964602,-2,0,-52
1754122959.83446,-5,-2,-71
1754122959.87246,-5,-2,-67
1754122959.91046,-8,-2,-64
1754122959.94946,-2,-4,-61
1754122959.9864602,4,1,-58
1754122960.02346,1,0,-65
1754122960.06146,1,5,-54
1754122960.10046,-6,4,-58
1754122960.13646,8,3,-55
1754122960.17346,16,2,-61
1754122960.21146,10,-3,-59
1754122960.25046,10,-10,-51
1754122960.2864602,2,-2,-57
1754122960.32446,0,1,-60
1754122960.36246,2,-5,-63
1754122960.4014602,-1,-1,-56
1754122960.43946,2,5,-53
1754122960.47546,-5,0,-60
1754122960.5134602,-4,0,-57
1754122960.55146,0,2,-67
1754122960.59046,-2,-3,-60
1754122960.62646,0,0,-57
1754122960.66546,-1,-2,-63
1754122960.70346,2,0,-69
1754122960.74146,12,-8,-78
1754122960.7794602,4,-7,-77
1754122960.8154602,3,-2,-73
1754122960.85246,5,-3,-54
1754122960.8914602,1,6,-53
1754122960.92946,0,-1,-62
1754122960.96546,-2,-4,-66
1754122961.0034602,5,1,-62
1754122961.04146,2,1,-66
1754122961.08046,-4,0,-58
1754122961.11646,-8,3,-58
1754122961.15346,-4,0,-56
1754122961.19146,-4,4,-60
1754122961.2304602,-1,1,-65
1754122961.2664602,-8,-3,-62
1754122961.30446,-5,-1,-60
1754122961.3424602,-2,-5,-73
1754122961.3814602,-3,-1,-73
1754122961.41946,-4,0,-56
1754122961.45546,-3,-2,-63
1754122961.4934602,5,1,-61
1754122961.5324602,4,-2,-62
1754122961.57046,-3,3,-59
1754122961.60646,-1,1,-62
1754122961.64546,3,-1,-59
1754122961.68246,5,-2,-46
1754122961.72146,0,-6,-71
1754122961.75746,7,0,-68
1754122961.79546,4,1,-62
1754122961.8324602,0,-1,-72
1754122961.8714602,-3,2,-72
1754122961.9074602,2,1,-71
1754122961.94546,1,0,-58
1754122961.98246,-5,-4,-72
1754122962.02146,-3,-4,-65
1754122962.05746,-6,-4,-75
1754122962.0954602,4,-6,-58
1754122962.13346,-1,1,-61
1754122962.1714602,-8,0,-51
1754122962.2104602,-8,8,-59
1754122962.2464602,-7,0,-62
1754122962.28446,-5,-7,-70
1754122962.3224602,-4,-6,-64
1754122962.3614602,-5,-3,-57
1754122962.39746,-4,-5,-68
1754122962.43646,-6,-6,-62
1754122962.4734602,-1,-1,-64
1754122962.51846,1,-5,-59
1754122962.55646,-3,0,-56
1754122962.59346,-1,4,-52
1754122962.6314602,-5,-2,-58
1754122962.67046,-1,0,-66
1754122962.70646,-1,2,-61
1754122962.74446,-3,-9,-59
1754122962.7824602,-2,0,-65
1754122962.82146,-7,0,-65
1754122962.85746,1,-1,-59
1754122962.8944602,6,0,-68
1754122962.93346,3,-2,-61
1754122962.97146,-3,-1,-71
1754122963.00746,-3,-4,-63
1754122963.04546,-11,0,-54
1754122963.08346,0,-9,-54
1754122963.12246,1,-5,-51
1754122963.16046,0,-9,-59
1754122963.19646,-1,1,-57
1754122963.23446,5,-3,-52
1754122963.27246,-5,1,-66
1754122963.31146,-5,-3,-54
1754122963.34746,-10,-5,-63
1754122963.38646,-6,0,-69
1754122963.42346,0,-1,-62
1754122963.46246,2,-2,-63
1754122963.50046,1,0,-65
1754122963.5364602,0,-2,-65
1754122963.57446,-1,-1,-73
1754122963.61246,-4,-10,-80
1754122963.6514602,-1,-5,-68
1754122963.6874602,-3,-3,-77
1754122963.72546,1,-1,-70
1754122963.7634602,-2,0,-68
1754122963.8024602,-8,-3,-60
1754122963.84046,-9,1,-67
1754122963.87646,-7,1,-55
1754122963.91546,8,7,-65
1754122963.95246,5,-5,-55
1754122963.99146,2,-3,-62
1754122964.02746,2,-5,-62
1754122964.0654602,4,-4,-71
1754122964.10346,0,-4,-62
1754122964.14246,5,-1,-65
1754122964.17846,4,2,-49
1754122964.21546,2,3,-71
1754122964.2534602,-1,-1,-69
1754122964.2924602,0,1,-66
1754122964.32846,3,4,-71
1754122964.3654602,0,-2,-58
1754122964.40346,3,-4,-62
1754122964.44246,0,-4,-51
1754122964.47846,0,-3,-58
1754122964.5164602,6,-3,-54
1754122964.55446,6,-2,-56
1754122964.5924602,3,-5,-66
1754122964.6314602,0,-3,-58
1754122964.6674602,-6,-4,-70
1754122964.70546,0,0,-66
1754122964.7434602,-4,-2,-67
1754122964.7824602,-5,-1,-64
1754122964.81846,-4,0,-63
1754122964.85646,1,-3,-64
1754122964.8944602,2,-1,-69
1754122964.93246,-6,0,-59
1754122964.97146,-9,1,-56
1754122965.00746,-2,0,-62
1754122965.04546,4,0,-57
1754122965.08446,-6,-3,-65
1754122965.12246,3,1,-60
1754122965.15846,4,5,-62
1754122965.19646,-9,5,-69
1754122965.23546,0,0,-66
1754122965.27346,-1,-2,-71
1754122965.31146,-8,-4,-61
1754122965.34746,-3,-7,-65
1754122965.38546,-2,0,-69
1754122965.42346,0,2,-59
1754122965.46246,-3,2,-58
1754122965.49846,-1,1,-62
1754122965.53546,3,1,-52
1754122965.57346,3,1,-63
1754122965.61246,1,-4,-70
1754122965.64846,3,-6,-73
1754122965.68546,0,-1,-66
1754122965.7234602,-9,0,-69
1754122965.76246,-3,0,-71
1754122965.79846,0,-1,-66
1754122965.8354602,-1,2,-59
1754122965.87346,-2,1,-70
1754122965.91246,-5,0,-67
1754122965.94846,-7,-2,-60
1754122965.9864602,0,-3,-63
1754122966.02446,1,7,-56
1754122966.06346,1,0,-62
1754122966.10146,4,-6,-60
1754122966.13746,-2,-7,-60
1754122966.17646,2,-4,-59
1754122966.2134602,1,-2,-58
1754122966.25246,13,0,-51
1754122966.28846,5,2,-61
1754122966.32646,9,-1,-57
1754122966.36346,2,2,-54
1754122966.40246,2,0,-54
1754122966.43846,-5,-3,-60
1754122966.47646,-10,-6,-56
1754122966.51446,1,1,-67
1754122966.55346,-2,-2,-60
1754122966.58946,-7,-3,-57
1754122966.62746,-7,4,-64
1754122966.66546,-5,0,-49
1754122966.70346,-2,-7,-68
1754122966.74246,-2,-3,-66
1754122966.77846,-3,0,-66
1754122966.81646,3,-1,-70
1754122966.85446,4,0,-59
1754122966.89346,-2,-5,-65
1754122966.93046,-1,-4,-76
1754122966.96846,-2,-5,-72
1754122967.00546,-1,-2,-48
1754122967.04446,0,2,-62
1754122967.0824602,3,-1,-61
1754122967.1184602,0,-1,-61
1754122967.15646,-5,-4,-68
1754122967.1944602,0,-5,-66
1754122967.2334602,-4,-7,-72
1754122967.2694602,4,-2,-63
1754122967.30746,0,-7,-73
1754122967.3454602,3,-11,-64
1754122967.3844602,7,-3,-63
1754122967.42246,-2,3,-64
1754122967.45846,-7,-1,-69
1754122967.4964602,-3,0,-68
1754122967.53546,4,2,-62
1754122967.57346,0,2,-57
1754122967.60946,-3,-2,-63
1754122967.64746,-1,4,-70
1754122967.68546,-4,4,-54
1754122967.72446,-4,3,-68
1754122967.76246,-7,3,-71
1754122967.79846,2,-3,-70
1754122967.83646,-2,-4,-79
1754122967.87446,-2,-2,-72
1754122967.91346,3,-2,-74
1754122967.94946,3,2,-66
1754122967.98746,-2,0,-72
1754122968.02546,3,1,-67
1754122968.06446,-2,1,-65
1754122968.10246,1,1,-58
1754122968.1384602,-2,-3,-65
1754122968.1774602,0,-3,-63
1754122968.21446,-2,-7,-66
1754122968.2534602,-2,-5,-65
1754122968.2894602,2,-5,-68
1754122968.32646,-2,-1,-66
1754122968.36446,0,2,-57
1754122968.40346,-2,-3,-56
1754122968.43946,0,-5,-60
1754122968.47746,5,-2,-70
1754122968.51446,0,-3,-58
1754122968.55346,0,-2,-78
1754122968.58946,-2,-4,-67
1754122968.62746,-1,2,-57
1754122968.66546,-7,4,-50
1754122968.70446,-3,0,-56
1754122968.7404602,-5,4,-57
1754122968.77846,5,-4,-62
1754122968.81646,-1,-2,-66
1754122968.8554602,7,1,-66
1754122968.89346,5,-6,-58
1754122968.92946,6,-2,-56
1754122968.96846,1,0,-53
1754122969.00546,3,-6,-62
1754122969.04446,3,-3,-57
1754122969.08046,4,3,-58
1754122969.1184602,-5,-3,-52
1754122969.15546,3,-5,-62
1754122969.1944602,8,-1,-76
1754122969.2304602,-2,-1,-68
1754122969.26846,1,-2,-43
1754122969.30646,-1,-1,-70
1754122969.34446,-7,0,-48
1754122969.38346,-1,0,-59
1754122969.41946,7,-2,-47
1754122969.45646,3,-1,-64
1754122969.49446,2,-4,-67
1754122969.53346,8,-1,-60
1754122969.5694602,7,-8,-62
1754122969.60646,6,-4,-59
1754122969.64546,5,1,-70
1754122969.68346,0,-2,-64
1754122969.71946,-4,0,-59
1754122969.75746,1,-1,-62
1754122969.79546,1,2,-67
1754122969.83446,-1,5,-57
1754122969.87046,-2,8,-63
1754122969.90846,-1,-1,-63
1754122969.9474602,-1,2,-64
1754122969.98546,2,0,-65
1754122970.02346,1,-3,-62
1754122970.0594602,-3,-5,-57
1754122970.09746,0,1,-53
1754122970.13546,2,5,-57
1754122970.1744602,3,2,-58
1754122970.2104602,4,-4,-60
1754122970.24846,0,-3,-60
1754122970.2864602,-5,-5,-60
1754122970.3254602,-2,-6,-61
1754122970.36346,-1,-11,-54
1754122970.39946,-1,-11,-58
1754122970.4374602,0,3,-42
1754122970.47546,1,3,-58
1754122970.51446,-3,-3,-72
1754122970.55046,-6,0,-66
1754122970.5884602,0,0,-68
1754122970.62746,1,0,-71
1754122970.66546,-1,7,-60
1754122970.70346,-1,-1,-58
1754122970.73946,0,-3,-61
1754122970.77746,0,6,-61
1754122970.8154602,-6,3,-55
1754122970.85446,-4,0,-65
1754122970.89046,0,-4,-54
1754122970.92846,-2,-1,-73
1754122970.96646,-3,-1,-64
1754122971.00546,-5,0,-53
1754122971.04146,-1,2,-58
1754122971.07946,7,0,-62
1754122971.11746,-4,-3,-61
1754122971.15546,0,4,-58
1754122971.1944602,-4,-7,-63
1754122971.2304602,0,-4,-68
1754122971.26746,-2,1,-70
1754122971.30546,-5,0,-68
1754122971.34446,-10,1,-68
1754122971.38046,0,-3,-66
1754122971.41846,-2,2,-58
1754122971.45546,-2,2,-57
1754122971.49446,-3,-4,-58
1754122971.53046,-3,-2,-62
1754122971.56846,-1,-2,-63
1754122971.60646,5,-5,-62
1754122971.64546,0,-4,-74
1754122971.68146,-6,4,-71
1754122971.71846,-4,-1,-71
1754122971.7564602,1,-3,-65
1754122971.79546,-10,1,-56
1754122971.83146,-6,6,-62
1754122971.8684602,-2,8,-55
1754122971.90646,-3,-1,-53
1754122971.94546,2,-1,-66
1754122971.98146,8,-1,-63
1754122972.01846,9,-1,-58
1754122972.05646,2,1,-68
1754122972.0954602,4,-5,-66
1754122972.1314602,0,-1,-71
1754122972.16946,6,-4,-69
1754122972.2074602,5,0,-68
1754122972.2464602,0,3,-70
1754122972.28446,-5,0,-67
1754122972.32046,5,-4,-64
1754122972.3584602,-4,0,-75
1754122972.39746,0,-7,-69
1754122972.43546,-3,-9,-59
1754122972.47146,2,-6,-62
1754122972.51046,-11,-1,-65
1754122972.55546,-8,0,-67
1754122972.59146,-7,4,-55
1754122972.63046,-7,2,-65
1754122972.6674602,0,-3,-58
1754122972.70646,-6,2,-72
1754122972.74446,-4,0,-67
1754122972.78046,-8,7,-61
1754122972.81846,0,6,-76
1754122972.85646,-3,1,-73
1754122972.89546,2,2,-71
1754122972.93146,-6,4,-68
1754122972.9704602,0,4,-66
1754122973.00746,10,6,-67
1754122973.0464602,8,-1,-73
1754122973.08446,3,0,-70
1754122973.12046,1,-1,-70
1754122973.15846,-2,2,-66
1754122973.19646,-1,-1,-63
1754122973.23546,4,0,-59
1754122973.27146,-1,1,-72
1754122973.3094602,4,2,-69
1754122973.34746,-1,-8,-68
1754122973.38646,-2,0,-64
1754122973.42246,5,2,-73
1754122973.45946,0,-2,-68
1754122973.49746,4,7,-64
1754122973.5364602,2,-2,-58
1754122973.5724602,0,-1,-62
1754122973.60946,0,0,-54
1754122973.64746,-2,1,-52
1754122973.68646,-3,-6,-63
1754122973.72246,-2,0,-55
1754122973.7594602,-5,4,-53
1754122973.79746,-5,1,-58
1754122973.83646,1,0,-58
1754122973.87246,-3,1,-76
1754122973.90946,-5,-1,-66
1754122973.9474602,0,0,-61
1754122973.9864602,0,0,-60
1754122974.02246,-1,5,-63
1754122974.0594602,1,2,-71
1754122974.09746,0,6,-62
1754122974.13646,1,1,-64
1754122974.17246,-1,1,-68
1754122974.20946,-5,2,-64
1754122974.24746,4,0,-63
1754122974.2864602,0,0,-64
1754122974.3224602,0,3,-71
1754122974.35946,-1,2,-73
1754122974.39746,-4,2,-60
1754122974.43646,1,4,-57
1754122974.47246,3,0,-58
1754122974.5094602,-2,-2,-66
1754122974.54746,-2,-2,-66
1754122974.58646,-5,-6,-70
1754122974.62246,0,1,-58
1754122974.65946,0,0,-61
1754122974.6974602,5,-4,-61
1754122974.7364602,6,0,-63
1754122974.77246,4,-3,-65
1754122974.81046,3,-4,-64
1754122974.84946,3,0,-66
1754122974.88746,-6,0,-70
1754122974.92546,-2,-2,-71
1754122974.96246,3,5,-63
1754122974.99946,-2,0,-62
1754122975.03746,1,-5,-57
1754122975.07646,-1,-2,-66
1754122975.11246,0,-5,-65
1754122975.15046,0,3,-72
1754122975.18846,-4,-1,-60
1754122975.22746,-4,-5,-62
1754122975.26546,0,0,-68
1754122975.30146,0,-1,-70
1754122975.33946,-7,3,-69
1754122975.37746,0,0,-64
1754122975.41646,0,-3,-58
1754122975.45246,-4,-3,-64
1754122975.4904602,-5,0,-67
1754122975.52846,-4,0,-60
1754122975.56746,-1,-12,-67
1754122975.60346,4,-5,-63
1754122975.64046,-1,-4,-70
1754122975.67946,-4,-2,-77
1754122975.7174602,-5,-2,-67
1754122975.7534602,3,-4,-64
1754122975.7924602,2,-2,-52
1754122975.82946,0,-6,-61
1754122975.86746,0,-2,-62
1754122975.90646,5,-2,-63
1754122975.94246,4,-6,-66
1754122975.9804602,6,0,-59
1754122976.01846,-1,5,-68
1754122976.05746,-1,0,-71
1754122976.09346,-4,-5,-67
1754122976.13246,3,-9,-72
1754122976.16946,5,-4,-74
1754122976.2074602,5,-1,-54
1754122976.2464602,13,0,-68
1754122976.2824602,5,3,-72
1754122976.32046,0,3,-74
1754122976.35946,-3,1,-63
1754122976.39746,3,-1,-53
1754122976.43346,0,0,-58
1754122976.4704602,3,-4,-64
1754122976.5094602,-3,-5,-60
1754122976.54746,-3,-5,-66
1754122976.58346,0,0,-64
1754122976.62046,0,-4,-61
1754122976.65946,-2,5,-63
1754122976.6974602,-7,4,-68
1754122976.7334602,-2,0,-63
1754122976.77046,0,-2,-61
1754122976.8094602,-10,5,-69
1754122976.84746,-6,4,-59
1754122976.88346,-3,2,-68
1754122976.92046,-4,-1,-54
1754122976.95846,-5,-4,-59
1754122976.99746,-9,-5,-56
1754122977.03346,-4,0,-64
1754122977.07046,3,0,-51
1754122977.1084602,0,-4,-64
1754122977.14746,-2,-5,-63
1754122977.18346,-6,-2,-63
1754122977.22146,-1,3,-60
1754122977.2594602,0,-3,-68
1754122977.29846,4,-5,-67
1754122977.33646,-1,-1,-56
1754122977.37246,-1,0,-55
1754122977.41046,-6,2,-59
1754122977.44846,-5,-1,-68
1754122977.48746,-4,-2,-73
1754122977.52346,-2,3,-72
1754122977.5624602,-5,0,-73
1754122977.59946,-1,-6,-68
1754122977.6384602,0,-5,-68
1754122977.67646,4,4,-60
1754122977.71246,5,0,-62
1754122977.75046,-4,1,-66
1754122977.78846,-3,7,-68
1754122977.8254602,0,1,-62
1754122977.86246,10,-2,-74
1754122977.90046,-1,4,-74
1754122977.93846,-3,0,-72
1754122977.97746,-2,0,-74
1754122978.0134602,-5,2,-66
1754122978.05146,-9,-3,-67
1754122978.08946,-2,1,-65
1754122978.1284602,0,0,-66
1754122978.1644602,0,0,-63
1754122978.20146,0,0,-62
1754122978.23946,0,0,-61
1754122978.27846,-2,-4,-64
1754122978.31446,1,0,-63
1754122978.35346,-1,-2,-56
1754122978.39046,-1,-4,-68
1754122978.42946,1,-10,-70
1754122978.4674602,-2,-1,-65
1754122978.5034602,-4,0,-74
1754122978.5424602,-1,-1,-70
1754122978.57946,-1,7,-69
1754122978.6184602,4,5,-69
1754122978.6544602,5,1,-65
1754122978.69146,0,-2,-67
1754122978.72946,-3,-4,-65
1754122978.76846,-2,-1,-75
1754122978.80446,1,2,-64
1754122978.84146,-5,-3,-66
1754122978.87946,-7,-2,-71
1754122978.91846,-1,-10,-71
1754122978.95446,0,-4,-72
1754122978.99246,2,-7,-67
1754122979.03046,0,0,-62
1754122979.0694602,-3,4,-72
1754122979.10746,2,9,-55
1754122979.14346,4,6,-68
1754122979.18246,6,5,-59
1754122979.21946,0,5,-65
1754122979.25846,3,0,-69
1754122979.29446,-2,-3,-61
1754122979.3324602,-1,-1,-62
1754122979.37046,-1,2,-69
1754122979.40946,-2,2,-63
1754122979.4474602,-1,0,-59
1754122979.4834602,0,3,-66
1754122979.52046,2,-2,-62
1754122979.5594602,-7,6,-50
1754122979.59746,-3,2,-70
1754122979.63346,7,1,-68
1754122979.67046,-2,-5,-72
1754122979.70946,1,-2,-61
1754122979.74746,1,4,-59
1754122979.78346,5,0,-63
1754122979.82046,5,0,-54
1754122979.85946,-2,1,-65
1754122979.89746,-8,1,-58
1754122979.93346,-1,-4,-65
1754122979.97146,1,-1,-66
1754122980.0094602,0,0,-67
1754122980.04846,2,1,-63
1754122980.08446,3,-1,-63
1754122980.12246,-2,2,-70
1754122980.16046,-9,4,-68
1754122980.19946,-2,-1,-68
1754122980.23546,7,-3,-69
1754122980.27346,-4,-5,-61
1754122980.31146,0,0,-58
1754122980.34946,0,4,-62
1754122980.3884602,-2,1,-57
1754122980.4244602,0,0,-65
1754122980.46246,2,-9,-63
1754122980.50046,1,-4,-60
1754122980.5394602,5,-7,-59
1754122980.5754602,4,-2,-72
1754122980.61346,0,-1,-68
1754122980.6514602,0,4,-67
1754122980.68946,6,0,-53
1754122980.72846,-6,2,-64
1754122980.76446,-4,5,-56
1754122980.8024602,0,-4,-64
1754122980.84146,2,-3,-77
1754122980.87946,-4,0,-65
1754122980.91546,0,3,-50
1754122980.95246,0,-2,-52
1754122980.99146,0,-2,-53
1754122981.0294602,-9,-6,-60
1754122981.0654602,3,-2,-65
1754122981.10346,-5,1,-60
1754122981.1414602,3,0,-68
1754122981.18046,0,-2,-67
1754122981.21846,1,3,-63
1754122981.25446,0,5,-58
1754122981.29146,-1,3,-64
1754122981.33046,-4,8,-59
1754122981.3684602,-4,7,-69
1754122981.4044602,-4,1,-68
1754122981.44146,0,-2,-63
1754122981.4804602,-6,0,-62
1754122981.51846,-1,0,-56
1754122981.55446,-2,0,-61
1754122981.59146,-2,-7,-59
1754122981.63046,6,1,-63
1754122981.66846,3,-2,-69
1754122981.70446,3,0,-65
1754122981.74146,5,3,-72
1754122981.78046,1,0,-60
1754122981.81846,9,-8,-59
1754122981.85446,5,-2,-60
1754122981.8914602,10,2,-63
1754122981.93046,0,-1,-58
1754122981.96846,-1,-1,-60
1754122982.00446,-7,-1,-56
1754122982.0424602,-9,-1,-67
1754122982.08046,-5,-3,-62
1754122982.11946,1,-7,-58
1754122982.15546,0,-7,-61
1754122982.19346,0,-7,-73
1754122982.23146,-3,-1,-67
1754122982.27046,2,3,-57
1754122982.30846,0,0,-55
1754122982.34446,-3,1,-56
1754122982.38246,-5,2,-61
1754122982.42046,4,-1,-64
1754122982.45946,-4,-1,-63
1754122982.49546,-4,-1,-57
1754122982.53346,1,0,-75
1754122982.57946,0,6,-55
1754122982.6154602,-1,2,-57
1754122982.65346,0,5,-55
1754122982.69146,0,0,-59
1754122982.7304602,2,-8,-65
1754122982.7664602,-1,-8,-72
1754122982.80446,0,-4,-64
1754122982.8424602,3,0,-66
1754122982.88046,4,-3,-65
1754122982.91946,1,0,-67
1754122982.95546,-3,-5,-63
1754122982.9934602,-6,1,-52
1754122983.03146,-2,6,-48
1754122983.07046,-4,8,-64
1754122983.10646,10,9,-67
1754122983.1444602,-1,5,-67
1754122983.18246,0,3,-70
1754122983.2204602,-2,-3,-76
1754122983.2594602,-2,-2,-64
1754122983.29546,0,-1,-63
1754122983.33346,-2,-5,-68
1754122983.3714602,-1,0,-63
1754122983.41046,0,0,-60
1754122983.44646,7,6,-65
1754122983.4834602,0,6,-51
1754122983.52146,-2,1,-67
1754122983.56046,-1,0,-56
1754122983.59646,-1,0,-61
1754122983.63546,-3,2,-71
1754122983.67246,1,0,-65
1754122983.71146,-2,0,-67
1754122983.74946,1,3,-62
1754122983.78546,-3,2,-64
1754122983.82346,5,-2,-61
1754122983.8614602,3,-3,-66
1754122983.90046,6,1,-67
1754122983.93646,0,-1,-66
1754122983.97446,3,-6,-64
1754122984.01246,5,3,-72
1754122984.05146,1,3,-60
1754122984.08946,1,3,-75
1754122984.12546,4,0,-71
1754122984.16346,1,-4,-62
1754122984.20146,0,-11,-58
1754122984.2404602,0,-4,-63
1754122984.2764602,-6,-6,-62
1754122984.31446,1,0,-60
1754122984.35246,-2,0,-53
1754122984.3914602,0,-1,-62
1754122984.42946,-4,0,-60
1754122984.46546,0,-5,-58
1754122984.5034602,-5,0,-58
1754122984.54146,1,2,-67
1754122984.58046,5,-6,-73
1754122984.61646,4,1,-71
1754122984.65546,-1,0,-77
1754122984.69246,4,-2,-58
1754122984.73146,4,0,-53
1754122984.76746,6,-3,-58
1754122984.80546,2,0,-53
1754122984.84346,0,1,-48
1754122984.8814602,-4,4,-61
1754122984.92046,0,-4,-54
1754122984.95646,0,-1,-67
1754122984.99446,4,-4,-74
1754122985.0324602,3,-5,-68
1754122985.07146,2,0,-67
1754122985.10746,-5,2,-64
1754122985.14546,-3,1,-63
1754122985.18346,0,7,-69
1754122985.22146,3,0,-59
1754122985.26046,5,7,-64
1754122985.2964602,1,2,-68
1754122985.33446,-4,0,-65
1754122985.3714602,-6,-2,-67
1754122985.41046,0,0,-67
1754122985.44646,1,-2,-66
1754122985.48446,-2,0,-65
1754122985.52346,-4,-1,-64
1754122985.56146,0,5,-56
1754122985.59746,12,4,-60
1754122985.6344602,4,3,-60
1754122985.67346,0,8,-80
1754122985.71146,-3,0,-67
1754122985.74746,-5,1,-69
1754122985.78546,-3,-1,-71
1754122985.82346,-1,0,-63
1754122985.86246,0,-1,-52
1754122985.90046,-2,-6,-49
1754122985.93646,1,-5,-54
1754122985.9734602,3,-8,-60
1754122986.01246,-7,2,-61
1754122986.05046,1,-6,-64
1754122986.08646,-1,0,-58
1754122986.12346,2,10,-61
1754122986.16246,13,2,-52
1754122986.2004602,9,0,-50
1754122986.2364602,1,-2,-55
1754122986.27446,-4,4,-64
1754122986.3124602,0,2,-68
1754122986.35146,-5,2,-66
1754122986.38746,0,7,-70
1754122986.42646,6,-3,-63
1754122986.4634602,-6,2,-60
1754122986.50246,-10,8,-57
1754122986.54046,-12,-4,-60
1754122986.57646,-2,-2,-71
1754122986.61446,0,1,-65
1754122986.65246,1,7,-64
1754122986.69146,-5,2,-66
1754122986.72746,-3,2,-74
1754122986.76546,-3,0,-72
1754122986.80346,2,-1,-58
1754122986.8424602,4,0,-65
1754122986.88046,-3,0,-61
1754122986.9174602,-6,0,-65
1754122986.95446,-13,1,-65
1754122986.9934602,-6,-1,-68
1754122987.03146,0,5,-72
1754122987.06746,3,0,-66
1754122987.10446,5,2,-50
1754122987.14346,4,-2,-61
1754122987.18146,5,0,-57
1754122987.2174602,-4,0,-53
1754122987.25446,3,5,-65
1754122987.2924602,-3,3,-60
1754122987.33146,-3,-1,-59
1754122987.36746,-3,0,-63
1754122987.40546,0,0,-56
1754122987.44346,1,-9,-66
1754122987.48246,-1,-4,-63
1754122987.51846,0,-8,-59
1754122987.55546,0,2,-64
1754122987.59346,1,5,-55
1754122987.63246,-1,0,-52
1754122987.66846,4,8,-71
1754122987.70546,2,0,-67
1754122987.7434602,-1,-5,-69
1754122987.7824602,2,-6,-54
1754122987.81846,-1,0,-54
1754122987.8554602,-2,0,-52
1754122987.89346,-5,-1,-60
1754122987.93246,-1,2,-58
1754122987.96846,-6,-2,-63
1754122988.0064602,3,-11,-57
1754122988.04546,3,-6,-55
1754122988.08346,-4,0,-64
1754122988.1214602,1,-2,-65
1754122988.1574602,0,-3,-65
1754122988.19546,1,-6,-53
1754122988.2334602,0,0,-60
1754122988.27246,-9,-1,-68
1754122988.30846,-8,-2,-66
1754122988.34646,3,-1,-65
1754122988.3844602,-1,-1,-67
1754122988.42346,1,3,-63
1754122988.46146,-9,10,-56
1754122988.49746,-9,-1,-58
1754122988.53546,-9,-2,-55
1754122988.57346,-11,2,-63
1754122988.61246,0,-10,-71
1754122988.64846,0,-4,-79
1754122988.68646,-1,-3,-82
1754122988.72546,0,-4,-69
1754122988.7634602,10,-2,-66
1754122988.80146,-2,0,-70
1754122988.83746,-5,1,-63
1754122988.87546,0,-4,-65
1754122988.91346,4,-7,-53
1754122988.95246,3,-5,-58
1754122988.98846,-1,-1,-67
1754122989.0264602,0,3,-56
1754122989.06446,0,4,-62
1754122989.10346,-2,2,-72
1754122989.1414602,3,-2,-53
1754122989.1774602,2,2,-63
1754122989.21446,0,1,-66
1754122989.2534602,6,0,-53
1754122989.2894602,5,-2,-57
1754122989.32746,0,1,-62
1754122989.3654602,4,2,-59
1754122989.40346,-1,-2,-60
1754122989.44246,0,-2,-53
1754122989.47946,0,-6,-55
1754122989.5164602,-1,-6,-61
1754122989.55446,-4,0,-73
1754122989.59346,-6,-5,-63
1754122989.62946,-1,-5,-67
1754122989.6674602,0,3,-63
1754122989.70546,0,0,-71
1754122989.7434602,3,-4,-63
1754122989.7824602,9,-5,-63
1754122989.81846,3,-1,-54
1754122989.85646,-3,-1,-58
1754122989.8944602,-1,-1,-63
1754122989.93346,-3,0,-67
1754122989.96946,0,-4,-60
1754122990.00846,6,-4,-59
1754122990.04546,8,-3,-67
1754122990.08346,2,-2,-70
1754122990.12246,1,-5,-64
1754122990.15846,6,-6,-62
1754122990.19546,0,-5,-59
1754122990.23446,-1,-2,-59
1754122990.27246,-1,-1,-61
1754122990.30846,1,-1,-53
1754122990.3454602,-3,3,-62
1754122990.3844602,3,1,-71
1754122990.42246,-1,0,-65
1754122990.45846,1,-4,-67
1754122990.4964602,-2,-1,-64
1754122990.53446,-4,0,-60
1754122990.57346,1,0,-59
1754122990.60946,8,3,-61
1754122990.64746,6,4,-55
1754122990.68546,11,0,-63
1754122990.72446,8,-3,-67
1754122990.76246,5,-4,-78
1754122990.79846,1,0,-75
1754122990.83646,8,0,-69
1754122990.87446,10,-4,-69
1754122990.91246,1,1,-66
1754122990.94846,0,0,-71
1754122990.98546,-5,1,-69
1754122991.02446,-2,4,-57
1754122991.0624602,-7,-2,-49
1754122991.0984602,0,-4,-53
1754122991.13746,2,0,-58
1754122991.1744602,6,0,-72
1754122991.2134602,5,0,-76
1754122991.24946,0,1,-72
1754122991.28746,0,-5,-63
1754122991.32446,-1,-7,-67
1754122991.36346,-8,0,-64
1754122991.39946,-6,-4,-59
1754122991.4374602,-3,2,-56
1754122991.47546,-8,-9,-54
1754122991.51446,-6,-2,-57
1754122991.55046,1,0,-57
1754122991.58746,-2,-1,-57
1754122991.62546,0,1,-50
1754122991.6644602,2,1,-67
1754122991.7004602,-1,0,-63
1754122991.73846,9,2,-65
1754122991.7764602,4,0,-71
1754122991.8154602,-3,7,-65
1754122991.85346,-11,4,-63
1754122991.88946,-3,2,-67
1754122991.9274602,-1,0,-67
1754122991.96646,-2,-3,-61
1754122992.00446,-5,-3,-54
1754122992.04046,-1,0,-52
1754122992.07846,2,0,-67
1754122992.1154602,-1,4,-64
1754122992.1544602,4,5,-55
1754122992.1904602,6,-1,-67
1754122992.22846,3,-1,-60
1754122992.2664602,0,-3,-70
1754122992.30446,-2,5,-48
1754122992.34346,-1,-4,-58
1754122992.37946,-5,-4,-56
1754122992.4174602,-2,3,-56
1754122992.45546,1,-5,-69
1754122992.49446,0,0,-59
1754122992.53046,-2,3,-64
1754122992.56846,-2,-1,-61
1754122992.61446,-6,1,-71
1754122992.65046,3,0,-77
1754122992.68846,4,-1,-76
1754122992.72746,0,-4,-66
1754122992.76546,-2,-1,-58
1754122992.80346,4,1,-53
1754122992.83946,4,-3,-57
1754122992.87746,0,2,-65
1754122992.91546,-5,1,-56
1754122992.95446,1,-2,-64
1754122992.9904602,11,2,-54
1754122993.02746,1,3,-55
1754122993.0654602,7,-1,-55
1754122993.10446,4,-2,-60
1754122993.14046,9,-6,-63
1754122993.17846,0,-6,-49
1754122993.21646,1,-6,-57
1754122993.25546,1,-6,-65
1754122993.29346,-2,-3,-64
1754122993.32946,-4,-6,-53
1754122993.36746,1,-1,-67
1754122993.40546,-1,-2,-60
1754122993.4444602,4,-1,-59
1754122993.4804602,0,3,-58
1754122993.51846,1,0,-59
1754122993.55646,-1,-1,-60
1754122993.59446,-4,-4,-69
1754122993.63046,-5,0,-63
1754122993.6674602,-4,1,-69
1754122993.70646,2,-4,-64
1754122993.74446,2,-3,-71
1754122993.78046,6,2,-70
1754122993.81746,-2,0,-64
1754122993.85646,1,-1,-61
1754122993.8944602,0,-2,-65
1754122993.93046,0,-2,-67
1754122993.9674602,-2,3,-60
1754122994.0064602,-3,0,-61
1754122994.04446,-1,5,-63
1754122994.08046,1,5,-70
1754122994.11746,3,7,-61
1754122994.15546,6,-1,-62
1754122994.1944602,3,-3,-60
1754122994.2304602,0,-3,-60
1754122994.26746,1,-2,-60
1754122994.30646,-2,0,-65
1754122994.34446,0,5,-58
1754122994.38046,-2,1,-72
1754122994.4174602,0,-2,-71
1754122994.45646,0,-2,-66
1754122994.49446,-6,2,-64
1754122994.53046,0,8,-58
1754122994.56746,1,3,-56
1754122994.60646,-5,-2,-62
1754122994.6444602,-10,0,-63
1754122994.68046,-5,-5,-60
1754122994.71846,-2,2,-60
1754122994.7564602,-2,0,-72
1754122994.79546,1,-2,-55
1754122994.83146,4,0,-53
1754122994.8684602,0,3,-73
1754122994.90646,7,-4,-67
1754122994.94546,-7,1,-61
1754122994.98146,-5,0,-60
1754122995.01846,-3,2,-57
1754122995.05646,-3,-1,-53
1754122995.0954602,-6,-8,-63
1754122995.1314602,0,-9,-57
1754122995.16946,1,-2,-61
1754122995.2074602,4,-4,-67
1754122995.2464602,-5,-4,-60
1754122995.28446,0,-9,-64
1754122995.32046,0,-4,-55
1754122995.3584602,-2,-5,-56
1754122995.39646,-1,-13,-61
1754122995.43546,-1,-3,-67
1754122995.47146,0,-2,-77
1754122995.5094602,2,-5,-77
1754122995.54746,2,-8,-68
1754122995.58646,8,-4,-73
1754122995.62446,0,4,-75
1754122995.66046,0,-1,-66
1754122995.69846,2,-5,-64
1754122995.7364602,2,-3,-69
1754122995.77546,2,0,-66
1754122995.81146,2,-10,-74
1754122995.84946,-6,-6,-70
1754122995.8884602,-3,0,-65
1754122995.92646,1,0,-60
1754122995.96446,-3,0,-61
1754122996.00046,4,-6,-57
1754122996.03846,0,-3,-56
1754122996.07646,0,6,-62
1754122996.1154602,5,0,-55
1754122996.1514602,0,2,-71
1754122996.18846,0,-1,-62
1754122996.22646,3,-4,-60
1754122996.26546,0,0,-57
1754122996.30146,-1,-2,-64
1754122996.33946,4,-2,-65
1754122996.37746,4,0,-59
1754122996.41646,1,3,-54
1754122996.45246,-1,1,-53
1754122996.4904602,2,5,-58
1754122996.52846,-2,4,-60
1754122996.56646,0,2,-52
1754122996.6054602,1,4,-62
1754122996.6414602,-6,0,-74
1754122996.67946,-9,6,-72
1754122996.7174602,-10,1,-58
1754122996.7564602,0,0,-65
1754122996.7924602,0,3,-59
1754122996.82946,-2,2,-70
1754122996.86746,5,4,-61
1754122996.90646,-3,1,-64
1754122996.94246,-3,2,-75
1754122996.97946,0,0,-60
1754122997.01746,-3,-3,-62
1754122997.05646,-2,2,-64
1754122997.0924602,0,2,-64
1754122997.12946,2,-2,-66
1754122997.1674602,1,0,-58
1754122997.20646,-1,-9,-51
1754122997.24246,0,0,-67
1754122997.2794602,0,0,-65
1754122997.31746,0,-1,-64
1754122997.35646,-2,0,-57
1754122997.39246,-7,0,-47
1754122997.43046,5,-1,-73
1754122997.46846,2,-3,-62
1754122997.50746,4,7,-65
1754122997.54546,-4,10,-67
1754122997.58146,-1,0,-49
1754122997.61946,-3,-4,-59
1754122997.65846,-3,-2,-50
1754122997.69646,0,-1,-61
1754122997.73246,-4,5,-60
1754122997.77046,-10,-6,-65
1754122997.80846,-7,5,-61
1754122997.84746,-7,-1,-57
1754122997.88546,-5,-2,-61
1754122997.9214602,4,2,-59
1754122997.95846,5,1,-59
1754122997.99746,-3,-3,-72
1754122998.03546,-4,-4,-61
1754122998.07146,-3,0,-67
1754122998.1084602,3,-3,-78
1754122998.14746,-4,-2,-72
1754122998.18546,1,2,-72
1754122998.22146,1,2,-59
1754122998.25846,0,3,-71
1754122998.29746,-5,-4,-58
1754122998.3354602,0,2,-55
1754122998.3714602,-5,6,-57
1754122998.40846,1,5,-67
1754122998.4474602,-5,0,-61
1754122998.4834602,0,-4,-65
1754122998.52146,-1,1,-60
1754122998.5594602,5,-6,-63
1754122998.59746,-2,-2,-67
1754122998.63646,0,6,-65
1754122998.67246,-4,2,-61
1754122998.70946,0,-1,-63
1754122998.74746,1,-3,-58
1754122998.7864602,0,0,-69
1754122998.8224602,-5,3,-64
1754122998.86046,-2,1,-65
1754122998.89846,-4,0,-68
1754122998.9374602,-4,-2,-65
1754122998.97446,1,0,-66
1754122999.01146,-5,0,-69
1754122999.0494602,0,-1,-56
1754122999.08746,0,-4,-65
1754122999.12646,6,1,-62
1754122999.16246,-4,-4,-71
1754122999.2004602,-5,2,-60
1754122999.23946,3,-2,-57
1754122999.27746,6,-2,-67
1754122999.31346,1,-3,-69
1754122999.35146,2,1,-62
1754122999.38946,-1,0,-68
1754122999.42846,0,2,-61
1754122999.46646,-2,0,-75
1754122999.50246,0,-7,-66
1754122999.5394602,4,-5,-61
1754122999.57846,4,-5,-62
1754122999.61646,4,-5,-64
1754122999.65246,-3,0,-60
1754122999.6904602,-4,-3,-79
1754122999.72846,1,-5,-73
1754122999.7664602,-3,0,-78
1754122999.8024602,-1,2,-61
1754122999.84046,-3,4,-64
1754122999.8784602,-4,5,-50
1754122999.91646,-7,4,-60
1754122999.95246,1,3,-58
1754122999.9904602,-2,-1,-60
1754123000.02846,0,0,-54
1754123000.06646,0,1,-59
1754123000.10246,0,5,-61
1754123000.14046,-1,0,-57
1754123000.17846,-1,-3,-57
1754123000.21646,0,-1,-64
1754123000.25246,-8,0,-65
1754123000.29046,-3,-2,-58
1754123000.32846,-1,-10,-62
1754123000.36746,-12,4,-61
1754123000.40346,-3,-1,-60
1754123000.44146,0,-1,-61
1754123000.47946,1,4,-62
1754123000.51846,-2,0,-48
1754123000.55646,0,1,-57
1754123000.5924602,1,3,-57
1754123000.62946,5,-6,-57
1754123000.66846,13,-4,-55
1754123000.70646,0,0,-63
1754123000.74246,2,0,-64
1754123000.7794602,-1,-1,-63
1754123000.81846,8,0,-63
1754123000.8554602,4,-1,-63
1754123000.89346,0,0,-59
1754123000.93046,-2,-1,-61
1754123000.96846,0,-6,-67
1754123001.00746,-4,-10,-63
1754123001.04346,6,-6,-61
1754123001.0824602,5,-3,-49
1754123001.11946,-5,-2,-51
1754123001.15846,1,-4,-68
1754123001.1944602,7,1,-68
1754123001.23146,-7,0,-65
1754123001.2694602,-2,-3,-66
1754123001.30846,-11,1,-65
1754123001.34446,-1,1,-58
1754123001.38246,4,-1,-48
1754123001.42046,4,-4,-67
1754123001.45846,-2,-4,-65
1754123001.49746,7,0,-69
1754123001.53346,0,-7,-56
1754123001.57146,-3,-5,-57
1754123001.60946,-5,0,-55
1754123001.64846,-9,-3,-64
1754123001.6844602,-8,-4,-64
1754123001.72246,-6,0,-58
1754123001.76046,1,3,-55
1754123001.7994602,-5,-3,-66
1754123001.83746,-2,0,-63
1754123001.87346,0,-4,-59
1754123001.91046,4,0,-52
1754123001.94946,4,-10,-65
1754123001.98746,2,-4,-58
1754123002.02346,2,3,-67
1754123002.06046,0,0,-55
1754123002.09946,-4,2,-63
1754123002.13746,-1,-1,-62
1754123002.17346,5,-6,-69
1754123002.21146,-6,0,-56
1754123002.24946,-6,5,-68
1754123002.28846,6,1,-72
1754123002.32446,5,-1,-75
1754123002.36246,2,3,-72
1754123002.4014602,5,6,-62
1754123002.43946,6,6,-61
1754123002.47746,5,9,-64
1754123002.5134602,-6,5,-71
1754123002.55146,1,0,-52
1754123002.58946,-3,3,-56
1754123002.6344602,-6,6,-63
1754123002.67246,-3,3,-65
1754123002.70946,-2,1,-64
1754123002.74846,2,12,-63
1754123002.78446,0,1,-72
1754123002.8224602,1,0,-80
1754123002.85946,1,0,-77
1754123002.89846,-5,0,-69
1754123002.9344602,0,-2,-61
1754123002.97246,-6,7,-58
1754123003.01046,1,0,-61
1754123003.0494602,-2,0,-71
1754123003.0854602,-2,4,-66
1754123003.12346,6,-4,-66
1754123003.1614602,-2,-3,-73
1754123003.19946,2,-1,-59
1754123003.23846,0,2,-57
1754123003.27446,-5,0,-55
1754123003.31146,1,4,-53
1754123003.34946,-5,2,-67
1754123003.3884602,2,1,-64
1754123003.4244602,1,0,-65
1754123003.46146,3,-2,-70
1754123003.49946,2,2,-54
1754123003.53846,4,-2,-64
1754123003.57446,4,-2,-63
1754123003.61246,0,4,-62
1754123003.64946,4,-3,-62
1754123003.68846,0,0,-56
1754123003.72446,0,4,-53
1754123003.76146,-2,3,-60
1754123003.7994602,-7,1,-67
1754123003.8384602,-4,8,-72
1754123003.87446,-4,4,-64
1754123003.9114602,-3,3,-61
1754123003.9504602,-6,-2,-71
1754123003.98846,-6,-3,-55
1754123004.02446,-6,-3,-55
1754123004.06346,-5,-4,-69
1754123004.10046,2,0,-57
1754123004.13946,-1,0,-70
1754123004.17546,1,-4,-58
1754123004.2134602,3,1,-52
1754123004.25046,7,-3,-55
1754123004.2894602,4,0,-60
1754123004.3254602,4,0,-63
1754123004.36346,1,1,-65
1754123004.40046,-5,-3,-58
1754123004.43946,-3,-3,-45
1754123004.47546,2,1,-59
1754123004.5134602,-3,-1,-48
1754123004.55046,-7,-6,-68
1754123004.58946,-1,0,-74
1754123004.62546,2,3,-69
1754123004.66246,1,-7,-59
1754123004.7004602,0,0,-59
1754123004.73946,-2,5,-61
1754123004.77546,0,1,-65
1754123004.8124602,4,3,-57
1754123004.85046,1,3,-76
1754123004.88946,-2,-1,-70
1754123004.92546,0,-9,-70
1754123004.96246,1,-5,-68
1754123005.00046,-10,-11,-66
1754123005.0394602,-4,1,-71
1754123005.0754602,3,0,-67
1754123005.11246,4,4,-77
1754123005.15046,1,0,-84
1754123005.18946,-4,3,-64
1754123005.22546,-1,2,-71
1754123005.2634602,0,-1,-75
1754123005.30146,-2,0,-63
1754123005.34046,0,0,-55
1754123005.37646,-5,-4,-56
1754123005.4144602,0,-5,-61
1754123005.45346,0,-2,-50
1754123005.4904602,0,-4,-67
1754123005.5294602,0,-1,-66
1754123005.5654602,4,2,-65
1754123005.60346,1,2,-72
1754123005.64046,3,6,-78
1754123005.67946,0,0,-65
1754123005.71546,10,0,-66
1754123005.7534602,4,4,-60
1754123005.79046,-5,-3,-63
1754123005.82946,0,-9,-63
1754123005.8654602,-8,-4,-55
1754123005.90346,-1,0,-58
1754123005.94146,0,2,-73
1754123005.9804602,8,4,-72
1754123006.0164602,0,-2,-73
1754123006.05446,2,-4,-71
1754123006.0924602,8,-3,-63
1754123006.13046,5,0,-58
1754123006.16946,9,0,-54
1754123006.20546,3,0,-64
1754123006.24246,4,-7,-68
1754123006.28046,5,-4,-64
1754123006.3194602,2,-5,-57
1754123006.3554602,0,2,-65
1754123006.39246,-5,4,-56
1754123006.43146,-2,0,-63
1754123006.46946,0,-7,-70
1754123006.50546,8,-5,-56
1754123006.54346,4,0,-60
1754123006.5824602,3,-2,-53
1754123006.62046,-2,0,-55
1754123006.65646,2,-10,-54
1754123006.6944602,-1,-7,-71
1754123006.73246,-2,1,-65
1754123006.77146,-3,0,-61
1754123006.8094602,2,2,-67
1754123006.8454602,3,1,-69
1754123006.88246,-1,-3,-65
1754123006.9214602,-4,2,-73
1754123006.95946,-3,3,-73
1754123006.99546,-1,1,-58
1754123007.03346,-8,0,-63
1754123007.07146,0,0,-72
1754123007.11046,-5,0,-72
1754123007.14746,-8,3,-72
1754123007.18546,1,0,-62
1754123007.22246,1,4,-64
1754123007.26146,2,3,-64
1754123007.2994602,2,4,-70
1754123007.3354602,0,6,-67
1754123007.37246,0,-1,-62
1754123007.4114602,-1,1,-58
1754123007.44946,-5,5,-60
1754123007.48546,4,2,-60
1754123007.52246,2,0,-66
1754123007.56146,8,2,-60
1754123007.59946,-4,0,-73
1754123007.63646,-3,0,-63
1754123007.6744602,1,0,-68
1754123007.71246,-8,-4,-66
1754123007.75146,-5,-6,-52
1754123007.78746,-2,4,-63
1754123007.8254602,-2,0,-66
1754123007.86446,-2,3,-46
1754123007.9014602,-2,-1,-56
1754123007.9404602,0,-1,-50
1754123007.97646,-4,0,-61
1754123008.01446,1,-3,-59
1754123008.0524602,10,1,-58
1754123008.09146,7,-3,-65
1754123008.12746,5,-3,-71
1754123008.16546,-1,1,-65
1754123008.20346,6,0,-72
1754123008.24246,8,2,-63
1754123008.28046,2,0,-66
1754123008.31646,0,2,-66
1754123008.35346,-8,1,-51
1754123008.3914602,-3,1,-61
1754123008.43046,5,-1,-70
1754123008.46646,7,0,-63
1754123008.50446,1,4,-70
1754123008.54146,0,-2,-66
1754123008.58046,-1,1,-68
1754123008.61646,1,2,-63
1754123008.6544602,-3,6,-59
1754123008.69246,-2,-1,-56
1754123008.7304602,2,-2,-63
1754123008.7664602,-5,-3,-68
1754123008.80446,-1,-4,-62
1754123008.84346,5,-6,-59
1754123008.8814602,1,-3,-59
1754123008.9174602,-2,4,-54
1754123008.95546,0,-1,-65
1754123008.9934602,0,-5,-63
1754123009.0324602,5,-11,-60
1754123009.07046,4,1,-63
1754123009.10646,1,1,-57
1754123009.14346,-12,-8,-65
1754123009.18246,-2,-4,-68
1754123009.2204602,-5,3,-56
1754123009.2564602,-5,-1,-64
1754123009.29446,-4,-3,-63
1754123009.3324602,3,-9,-45
1754123009.3714602,-2,-8,-51
1754123009.4074602,-1,-8,-54
1754123009.44646,-2,-4,-58
1754123009.4834602,-3,-4,-53
1754123009.52246,3,-8,-58
1754123009.56046,0,-1,-63
1754123009.59646,0,1,-65
1754123009.63346,3,-2,-59
1754123009.67246,-3,-6,-64
1754123009.7104602,-4,-4,-58
1754123009.7464602,-1,-6,-56
1754123009.78446,-6,-8,-56
1754123009.8224602,0,-5,-67
1754123009.8614602,-1,-1,-71
1754123009.89746,5,0,-61
1754123009.93546,3,2,-65
1754123009.9734602,3,-5,-63
1754123010.01246,7,-2,-67
1754123010.04846,-2,-4,-72
1754123010.08646,5,0,-67
1754123010.12446,0,-6,-56
1754123010.16246,-2,-5,-56
1754123010.20146,-4,-1,-68
1754123010.23746,-5,-3,-63
1754123010.27546,-7,0,-63
1754123010.31346,-6,-1,-70
1754123010.35246,3,-3,-74
1754123010.3884602,3,-4,-76
1754123010.42646,6,2,-62
1754123010.46446,1,1,-48
1754123010.50246,-3,3,-64
1754123010.54146,4,5,-70
1754123010.57746,-3,-1,-61
1754123010.61646,-2,0,-61
1754123010.65346,5,-4,-55
1754123010.69246,0,-2,-62
1754123010.72846,2,-8,-58
1754123010.7664602,4,-4,-61
1754123010.80446,0,0,-58
1754123010.8424602,4,5,-55
1754123010.8814602,2,-1,-57
1754123010.9174602,-2,-4,-57
1754123010.95546,2,2,-68
1754123010.9934602,1,-1,-54
1754123011.0324602,1,-4,-71
1754123011.06846,2,0,-57
1754123011.1054602,2,2,-49
1754123011.14346,1,2,-56
1754123011.18246,-1,-5,-55
1754123011.21846,3,-1,-68
1754123011.2564602,-5,3,-63
1754123011.29446,-6,2,-72
1754123011.33346,-3,-2,-70
1754123011.3714602,0,0,-72
1754123011.4074602,2,0,-73
1754123011.4444602,5,-3,-64
1754123011.4834602,3,-3,-66
1754123011.52146,2,-7,-65
1754123011.55746,-2,-4,-64
1754123011.5954602,-5,-1,-48
1754123011.63346,-8,2,-53
1754123011.67246,5,2,-61
1754123011.70846,5,2,-66
1754123011.74546,4,0,-66
1754123011.78346,4,-3,-63
1754123011.8224602,-6,-2,-53
1754123011.8584602,-5,0,-64
1754123011.89646,-3,0,-59
1754123011.93546,11,2,-66
1754123011.9734602,7,0,-52
1754123012.01146,6,-3,-63
1754123012.04746,0,-4,-67
1754123012.0854602,-7,-6,-68
1754123012.12346,-1,2,-67
1754123012.16246,-5,1,-72
1754123012.19846,-2,-7,-68
1754123012.2364602,-6,2,-66
1754123012.27446,1,-1,-65
1754123012.31346,-9,-4,-64
1754123012.35146,-1,5,-65
1754123012.3884602,-2,3,-60
1754123012.42546,2,0,-64
1754123012.46446,0,0,-67
1754123012.50246,2,-1,-64
1754123012.53846,-1,0,-56
1754123012.57746,-4,0,-48
1754123012.61446,-2,-1,-56
1754123012.65846,-6,7,-62
1754123012.6974602,0,1,-81
1754123012.73446,-3,-4,-69
1754123012.77346,-6,0,-63
1754123012.8094602,-4,-5,-72
1754123012.84746,2,-10,-64
1754123012.88546,-1,-7,-61
1754123012.92346,0,0,-63
1754123012.96246,-3,-4,-70
1754123012.99846,5,-8,-70
1754123013.0364602,3,-4,-63
1754123013.0754602,10,0,-58
1754123013.11346,4,2,-59
1754123013.14946,-2,0,-60
1754123013.18646,0,0,-59
1754123013.22446,-2,-5,-69
1754123013.2634602,1,-2,-60
1754123013.2994602,-4,0,-51
1754123013.33746,0,-1,-57
1754123013.37546,-5,-4,-58
1754123013.4144602,0,-3,-62
1754123013.45246,-1,0,-70
1754123013.48846,10,-1,-60
1754123013.5264602,2,-9,-62
1754123013.56446,-3,-5,-66
1754123013.60346,5,0,-65
1754123013.63946,3,-3,-75
1754123013.6774602,2,5,-58
1754123013.71546,6,1,-66
1754123013.75446,7,-3,-59
1754123013.7924602,3,-7,-57
1754123013.82846,4,0,-52
1754123013.8654602,0,-1,-63
1754123013.9044602,1,-11,-61
1754123013.94246,-4,-8,-60
1754123013.97846,2,-2,-74
1754123014.0164602,5,-6,-71
1754123014.05446,-1,-1,-68
1754123014.09346,-8,-4,-67
1754123014.13046,-8,-3,-62
1754123014.1674602,-9,3,-65
1754123014.20546,-9,-2,-58
1754123014.24446,4,-1,-69
1754123014.2824602,-3,3,-61
1754123014.31846,-3,1,-55
1754123014.35646,-6,-1,-59
1754123014.3944602,-5,1,-63
1754123014.43346,0,0,-66
1754123014.46946,0,5,-61
1754123014.50746,1,-1,-69
1754123014.5464602,5,-8,-70
1754123014.58446,0,-3,-60
1754123014.62046,-2,-1,-60
1754123014.65946,1,-5,-58
1754123014.69646,-3,-1,-57
1754123014.73446,2,-4,-68
1754123014.77346,3,-1,-77
1754123014.8094602,0,0,-60
1754123014.84646,0,-2,-67
1754123014.8844602,8,5,-67
1754123014.92346,-2,3,-60
1754123014.95946,2,0,-50
1754123014.9964602,-6,-9,-60
1754123015.03446,-3,-1,-61
1754123015.07346,6,7,-61
1754123015.10946,8,1,-51
1754123015.14646,1,-6,-53
1754123015.1844602,4,-4,-59
1754123015.2234602,1,-9,-50
1754123015.2594602,0,-12,-49
1754123015.29746,2,-7,-58
1754123015.3354602,4,-3,-68
1754123015.37446,4,-5,-55
1754123015.41046,8,0,-60
1754123015.4474602,5,2,-55
1754123015.48546,-3,0,-51
1754123015.52446,-3,3,-66
1754123015.56046,0,0,-62
1754123015.5984602,-4,0,-62
1754123015.63646,-5,3,-69
1754123015.67546,-2,1,-63
1754123015.7134602,0,-2,-73
1754123015.74946,-3,-7,-67
1754123015.78746,5,-2,-64
1754123015.8254602,0,-6,-72
1754123015.86446,2,-4,-66
1754123015.90046,2,-4,-65
1754123015.93846,3,4,-59
1754123015.97646,6,0,-66
1754123016.01546,5,1,-61
1754123016.05346,-1,2,-59
1754123016.08946,-2,-3,-66
1754123016.12746,0,-1,-54
1754123016.16546,0,-12,-68
1754123016.20446,-1,-3,-62
1754123016.2404602,1,0,-66
1754123016.27746,3,-1,-60
1754123016.3154602,1,1,-69
1754123016.35446,-9,1,-59
1754123016.39046,-3,5,-70
1754123016.42846,0,0,-63
1754123016.46646,3,-1,-61
1754123016.50546,-2,3,-61
1754123016.54346,-1,2,-58
1754123016.57946,-4,1,-56
1754123016.61746,0,-3,-56
1754123016.65546,-3,-3,-55
1754123016.6944602,0,-1,-62
1754123016.7304602,-3,2,-58
1754123016.7694602,-1,0,-64
1754123016.80646,-2,1,-68
1754123016.8454602,-2,-2,-71
1754123016.8814602,-8,-4,-60
1754123016.91946,-1,4,-58
1754123016.9574602,-6,0,-64
1754123016.99546,-2,-1,-64
1754123017.03446,-1,-1,-68
1754123017.07046,0,0,-62
1754123017.10746,-5,-3,-69
1754123017.14546,1,0,-70
1754123017.1844602,-7,-5,-56
1754123017.2204602,-7,-9,-62
1754123017.25846,-8,-3,-54
1754123017.2964602,-6,0,-73
1754123017.3354602,-5,-5,-68
1754123017.3714602,-1,1,-68
1754123017.41046,-5,-1,-60
1754123017.44846,-1,-7,-51
1754123017.48546,1,-4,-59
1754123017.52446,1,1,-59
1754123017.56046,-1,3,-64
1754123017.5984602,0,0,-72
1754123017.63746,-6,-3,-59
1754123017.67546,-9,5,-55
1754123017.71146,-6,3,-51
1754123017.74946,1,2,-76
1754123017.78746,-3,0,-72
1754123017.82646,2,3,-63
1754123017.86446,3,0,-68
1754123017.90046,2,2,-70
1754123017.9374602,0,0,-64
1754123017.97646,-4,2,-72
1754123018.01446,-2,-1,-72
1754123018.05046,2,-4,-63
1754123018.08746,2,-4,-62
1754123018.12646,2,-5,-60
1754123018.1644602,0,-9,-68
1754123018.2004602,-3,-9,-70
1754123018.23846,2,-1,-50
1754123018.2764602,-6,2,-57
1754123018.3154602,-4,-2,-55
1754123018.35146,-2,-3,-54
1754123018.39046,3,-5,-57
1754123018.4274602,6,1,-65
1754123018.46646,-3,4,-50
1754123018.50446,-6,-1,-62
1754123018.54046,-4,6,-51
1754123018.57846,2,9,-59
1754123018.61646,5,1,-53
1754123018.6544602,0,2,-52
1754123018.6904602,-5,0,-69
1754123018.72846,0,-5,-63
1754123018.7664602,-1,-2,-55
1754123018.80546,-6,0,-56
1754123018.84146,-4,-3,-64
1754123018.87946,0,-5,-68
1754123018.9174602,-8,0,-62
1754123018.95646,-3,2,-70
1754123018.99446,-4,2,-66
1754123019.03046,0,2,-68
1754123019.06746,-5,0,-61
1754123019.10646,5,0,-66
1754123019.14246,9,3,-64
1754123019.17946,0,-3,-53
1754123019.21846,-3,-2,-59
1754123019.2564602,-3,-2,-49
1754123019.2924602,-10,-2,-64
1754123019.33046,-3,0,-53
1754123019.3684602,-9,-3,-56
1754123019.40646,-1,-2,-56
1754123019.44546,-1,1,-51
1754123019.48146,0,0,-63
1754123019.51846,2,-5,-68
1754123019.55646,1,-1,-65
1754123019.5954602,-4,-1,-67
1754123019.6314602,-9,0,-62
1754123019.66846,0,-3,-65
1754123019.70646,0,-1,-70
1754123019.74546,6,-10,-76
1754123019.78146,-3,-4,-75
1754123019.8194602,-2,0,-76
1754123019.85746,0,0,-59
1754123019.89646,0,-1,-69
1754123019.93246,0,1,-71
1754123019.96946,-4,3,-61
1754123020.00746,1,3,-56
1754123020.0464602,1,2,-58
1754123020.0824602,-2,4,-61
1754123020.11946,-1,2,-61
1754123020.1574602,-4,-1,-56
1754123020.19646,0,8,-58
1754123020.23246,-5,4,-62
1754123020.2694602,-1,-1,-64
1754123020.30746,-2,-2,-56
1754123020.34646,-3,1,-58
1754123020.38246,-1,0,-55
1754123020.41946,2,-3,-61
1754123020.4574602,0,1,-62
1754123020.4964602,-1,1,-82
1754123020.5324602,1,5,-70
1754123020.5694602,4,1,-60
1754123020.60746,-5,1,-64
1754123020.64646,-3,-4,-79
1754123020.68246,-14,-5,-79
1754123020.7204602,-6,-4,-71
1754123020.75846,-3,-1,-71
1754123020.79746,4,-2,-68
1754123020.8354602,-1,0,-64
1754123020.8714602,3,2,-58
1754123020.90846,0,-3,-60
1754123020.9474602,-9,-1,-59
1754123020.98546,0,0,-68
1754123021.02146,-7,0,-63
1754123021.06046,-3,0,-61
1754123021.09746,-1,2,-59
1754123021.13646,2,-4,-64
1754123021.17246,0,-4,-70
1754123021.2104602,0,-4,-68
1754123021.24846,-6,0,-51
1754123021.28746,-3,1,-69
1754123021.3254602,-1,-2,-54
1754123021.3614602,0,3,-54
1754123021.39846,0,6,-64
1754123021.4374602,3,2,-58
1754123021.4734602,-4,3,-68
1754123021.51146,2,-1,-64
1754123021.5494602,-1,-3,-67
1754123021.58746,1,-5,-51
1754123021.62646,-6,-3,-68
1754123021.66246,-1,-4,-70
1754123021.7004602,-6,-1,-52
1754123021.73846,-11,-2,-68
1754123021.77746,0,2,-66
1754123021.81346,-2,-1,-60
1754123021.85246,2,-1,-56
1754123021.88946,-1,-3,-54
1754123021.9274602,-2,-1,-57
1754123021.96646,0,2,-72
1754123022.00246,1,0,-64
1754123022.04046,-2,0,-64
1754123022.07846,-2,-2,-64
1754123022.11746,4,0,-56
1754123022.15346,-3,0,-59
1754123022.19146,-3,5,-61
1754123022.22946,-5,4,-56
1754123022.26746,0,4,-56
1754123022.30646,-3,3,-60
1754123022.3424602,-8,1,-50
1754123022.38046,-1,6,-62
1754123022.41846,-1,0,-64
1754123022.4574602,-1,4,-66
1754123022.4934602,3,2,-55
1754123022.53046,-4,6,-60
1754123022.56846,1,10,-74
1754123022.60746,-1,1,-75
1754123022.64346,0,0,-71
1754123022.68946,4,-2,-69
1754123022.72746,-2,1,-60
1754123022.76446,-2,2,-62
1754123022.8024602,5,2,-75
1754123022.83946,1,0,-69
1754123022.8784602,-6,-1,-58
1754123022.91646,-5,-1,-61
1754123022.95246,-2,0,-56
1754123022.9904602,-2,2,-67
1754123023.02846,5,-2,-59
1754123023.06746,2,-7,-62
1754123023.10446,0,-3,-65
1754123023.14246,0,-3,-51
1754123023.17946,0,-4,-59
1754123023.21846,-2,0,-59
1754123023.2564602,-1,0,-63
1754123023.2924602,-1,2,-61
1754123023.33046,2,-4,-64
1754123023.3684602,-4,1,-60
1754123023.4074602,-7,-2,-51
1754123023.44346,-3,-1,-56
1754123023.48146,-6,0,-77
1754123023.5194602,-7,-6,-72
1754123023.55846,-4,-3,-64
1754123023.59646,-3,-3,-73
1754123023.63246,-1,-2,-74
1754123023.67046,7,-1,-65
1754123023.70946,-4,-2,-67
1754123023.74746,-7,2,-53
1754123023.78346,-3,1,-64
1754123023.8224602,6,6,-61
1754123023.85946,-3,1,-53
1754123023.89846,0,7,-59
1754123023.9344602,1,5,-58
1754123023.97246,2,-5,-58
1754123024.01046,3,-7,-66
1754123024.04846,-2,0,-66
1754123024.08746,-3,1,-67
1754123024.12346,-1,-1,-52
1754123024.1614602,0,0,-57
1754123024.19946,0,2,-46
1754123024.23846,-4,3,-58
1754123024.27446,3,-2,-64
1754123024.3124602,-4,-3,-71
1754123024.35146,-7,0,-73
1754123024.3884602,1,2,-80
1754123024.4274602,3,-2,-79
1754123024.4634602,2,-2,-57
1754123024.50146,-3,0,-63
1754123024.5394602,-4,0,-75
1754123024.57846,0,6,-78
1754123024.61446,0,0,-67
1754123024.6514602,-8,-1,-54
1754123024.68946,-4,4,-53
1754123024.72846,1,-3,-56
1754123024.76446,1,-3,-69
1754123024.8024602,2,-7,-65
1754123024.84046,-2,-2,-63
1754123024.87946,0,1,-65
1754123024.9174602,0,2,-59
1754123024.95346,-2,0,-51
1754123024.99146,-2,-1,-54
1754123025.0294602,-7,-7,-73
1754123025.06846,3,-4,-66
1754123025.10446,6,2,-60
1754123025.14246,-1,-5,-63
1754123025.17946,0,0,-58
1754123025.21846,-4,0,-60
1754123025.25446,-7,1,-63
1754123025.2924602,0,-2,-65
1754123025.33046,4,0,-65
1754123025.36946,5,0,-63
1754123025.4074602,1,-4,-62
1754123025.44346,-3,-1,-56
1754123025.48146,-10,-3,-55
1754123025.5194602,-5,-2,-67
1754123025.55846,0,-3,-74
1754123025.59446,-1,-7,-68
1754123025.63246,4,0,-67
1754123025.67046,3,1,-60
1754123025.70946,2,1,-61
1754123025.74746,3,-1,-58
1754123025.78346,4,2,-62
1754123025.82046,6,0,-60
1754123025.85946,10,-5,-66
1754123025.89746,-2,-6,-56
1754123025.93346,0,-7,-60
1754123025.97146,4,-2,-59
1754123026.0094602,4,2,-67
1754123026.04846,-4,0,-71
1754123026.08446,-2,-5,-69
1754123026.12246,7,-6,-54
1754123026.16046,2,-6,-63
1754123026.19946,3,-3,-65
1754123026.23546,2,-7,-70
1754123026.27346,-4,-3,-69
1754123026.3124602,-3,-1,-81
1754123026.34946,-2,5,-69
1754123026.3884602,-2,2,-60
1754123026.4244602,0,-5,-67
1754123026.46246,-1,-2,-60
1754123026.50146,0,4,-62
1754123026.5394602,-1,10,-57
1754123026.5754602,-3,0,-58
1754123026.61346,-1,0,-57
1754123026.6514602,1,0,-51
1754123026.68946,3,0,-54
1754123026.72846,-7,0,-58
1754123026.76446,0,-1,-70
1754123026.8024602,2,1,-74
1754123026.84046,6,2,-74
1754123026.87946,2,-4,-66
1754123026.91546,2,-7,-69
1754123026.95346,3,-2,-62
1754123026.99146,-7,-2,-65
1754123027.03046,-4,6,-60
1754123027.06846,0,3,-58
1754123027.10446,-1,-6,-52
1754123027.14246,0,-7,-54
1754123027.18046,1,-3,-49
1754123027.21846,2,-1,-49
1754123027.25446,0,2,-56
1754123027.29146,0,2,-61
1754123027.33046,-6,0,-68
1754123027.3684602,-2,-4,-59
1754123027.4044602,-3,-2,-70
1754123027.44246,-14,-2,-56
1754123027.4804602,-7,2,-49
1754123027.5194602,0,-4,-67
1754123027.55546,-2,-7,-65
1754123027.59346,-3,-2,-67
1754123027.6314602,-7,2,-60
1754123027.67046,0,1,-68
1754123027.70846,-1,-1,-62
1754123027.74446,0,2,-74
1754123027.78146,-2,-1,-76
1754123027.82046,3,2,-69
1754123027.8584602,8,4,-58
1754123027.8944602,1,1,-59
1754123027.93146,3,6,-56
1754123027.9704602,0,-3,-65
1754123028.00846,0,-1,-67
1754123028.04446,0,0,-64
1754123028.08146,0,-1,-75
1754123028.12046,-2,-4,-67
1754123028.15846,0,-2,-59
1754123028.1944602,-7,-4,-56
1754123028.23246,2,-9,-72
1754123028.27146,1,-2,-61
1754123028.3094602,1,0,-70
1754123028.3454602,1,0,-67
1754123028.38246,-1,-3,-54
1754123028.4214602,4,2,-68
1754123028.45946,4,1,-57
1754123028.49546,2,3,-63
1754123028.5324602,-1,2,-59
1754123028.57146,2,5,-68
1754123028.60946,1,0,-63
1754123028.64546,5,-3,-77
1754123028.6844602,0,-11,-74
1754123028.72146,4,3,-68
1754123028.76046,-3,3,-52
1754123028.7964602,-1,-1,-60
1754123028.83446,-2,7,-47
1754123028.87246,-1,1,-62
1754123028.91046,2,1,-56
1754123028.94946,1,5,-62
1754123028.98546,0,1,-55
1754123029.02246,0,-3,-69
1754123029.06046,1,-2,-69
1754123029.09946,1,-4,-65
1754123029.13546,-3,-4,-72
1754123029.17346,5,4,-61
1754123029.21146,-8,2,-49
1754123029.25046,0,2,-56
1754123029.2864602,-4,3,-63
1754123029.32446,-4,-5,-78
1754123029.36246,-6,1,-65
1754123029.4014602,-5,4,-72
1754123029.43946,1,0,-69
1754123029.47546,-1,0,-71
1754123029.5134602,4,-2,-67
1754123029.55146,7,-4,-68
1754123029.59046,1,3,-61
1754123029.62646,0,-5,-63
1754123029.6644602,-7,-5,-76
1754123029.70246,-1,-3,-59
1754123029.74146,-8,2,-60
1754123029.7794602,0,-5,-60
1754123029.8154602,-3,4,-53
1754123029.85446,-7,-2,-62
1754123029.8914602,-8,2,-54
1754123029.93046,-6,6,-67
1754123029.96646,-4,0,-65
1754123030.00446,2,4,-66
1754123030.0424602,-2,-5,-67
1754123030.08146,0,-4,-63
1754123030.11946,-3,-6,-49
1754123030.15546,-2,-5,-54
1754123030.19346,-4,0,-59
1754123030.23146,-2,-1,-60
1754123030.27046,-7,-2,-63
1754123030.30646,-1,1,-53
1754123030.34446,1,-2,-57
1754123030.38246,-1,-1,-54
1754123030.4214602,-3,-2,-52
1754123030.45946,0,1,-50
1754123030.49546,-9,5,-50
1754123030.53346,-14,4,-57
1754123030.57146,-8,1,-52
1754123030.61046,-3,-4,-69
1754123030.64646,1,3,-61
1754123030.68346,4,-6,-66
1754123030.72146,5,-5,-56
1754123030.76046,2,-3,-62
1754123030.7964602,0,2,-69
1754123030.83346,0,2,-63
1754123030.8714602,-5,1,-67
1754123030.91046,-1,7,-62
1754123030.94646,0,-2,-64
1754123030.9834602,-4,-7,-65
1754123031.02146,-3,-9,-69
1754123031.06046,-1,1,-71
1754123031.09646,-4,4,-56
1754123031.13346,-4,0,-50
1754123031.1714602,2,-3,-53
1754123031.2104602,0,-3,-63
1754123031.2464602,-4,3,-52
1754123031.28446,4,0,-69
1754123031.3224602,5,3,-58
1754123031.3614602,3,1,-62
1754123031.39746,-5,3,-64
1754123031.43546,-6,3,-60
1754123031.4734602,-5,0,-57
1754123031.51246,-2,4,-66
1754123031.55046,0,3,-63
1754123031.58646,0,0,-65
1754123031.62346,-2,1,-66
1754123031.66246,-3,-2,-61
1754123031.7004602,-7,0,-58
1754123031.7364602,1,-1,-61
1754123031.77446,-3,-3,-53
1754123031.8124602,0,-3,-62
1754123031.85146,-11,-6,-63
1754123031.88746,-7,-5,-70
1754123031.92546,3,-2,-70
1754123031.9634602,3,-3,-51
1754123032.00246,0,-3,-54
1754123032.04046,0,0,-67
1754123032.07646,0,-5,-67
1754123032.11446,-11,-5,-63
1754123032.15246,-7,-11,-60
1754123032.19146,-7,-2,-60
1754123032.22746,-3,-3,-55
1754123032.26546,0,-2,-57
1754123032.30446,1,-6,-61
1754123032.3424602,-6,-1,-58
1754123032.38046,-9,-2,-54
1754123032.41646,-9,-2,-63
1754123032.45446,0,0,-57
1754123032.49246,-1,0,-62
1754123032.53146,1,1,-65
1754123032.56746,0,1,-58
1754123032.60446,0,3,-61
1754123032.64246,-3,0,-57
1754123032.68146,0,0,-75
1754123032.72546,-7,3,-69
1754123032.7634602,-6,-1,-71
1754123032.8024602,-1,-4,-63
1754123032.8384602,0,-2,-61
1754123032.87646,-2,-4,-55
1754123032.91546,0,0,-59
1754123032.95246,-4,6,-60
1754123032.99146,7,-1,-63
1754123033.02746,2,-7,-64
1754123033.0654602,1,-3,-68
1754123033.10346,3,0,-69
1754123033.14246,4,0,-59
1754123033.17846,2,-7,-63
1754123033.21646,-8,0,-54
1754123033.25446,-8,0,-52
1754123033.2924602,-8,-3,-57
1754123033.33146,-10,3,-62
1754123033.36746,-2,-4,-66
1754123033.40646,0,-3,-70
1754123033.44346,0,-2,-65
1754123033.48246,-2,-1,-62
1754123033.5194602,-3,5,-61
1754123033.55646,1,-6,-67
1754123033.59446,6,-7,-63
1754123033.63346,6,0,-71
1754123033.6714602,1,-2,-59
1754123033.7074602,6,1,-62
1754123033.74446,0,-6,-60
1754123033.78346,-2,-1,-64
1754123033.82146,-3,-2,-73
1754123033.85746,1,-1,-72
1754123033.89546,-2,-12,-64
1754123033.93346,-4,-5,-68
1754123033.97246,0,0,-71
1754123034.00846,0,0,-74
1754123034.04546,2,-1,-58
1754123034.08346,2,5,-72
1754123034.12246,1,-7,-64
1754123034.15846,0,-2,-59
1754123034.19646,-1,0,-72
1754123034.23446,-4,-3,-75
1754123034.27346,-2,3,-57
1754123034.31146,5,3,-59
1754123034.34746,4,7,-60
1754123034.38546,4,-4,-56
1754123034.4244602,3,-9,-64
1754123034.46246,2,-5,-60
1754123034.49846,-3,-4,-59
1754123034.5364602,-4,-7,-60
1754123034.57446,-1,-1,-63
1754123034.61346,-3,-2,-54
1754123034.6514602,-7,0,-62
1754123034.6874602,1,-2,-73
1754123034.72546,1,-6,-72
1754123034.7634602,2,-1,-75
1754123034.8024602,-7,2,-67
1754123034.83946,-2,1,-77
1754123034.87646,-4,-2,-64
1754123034.9144602,1,0,-72
1754123034.95346,-9,0,-67
1754123034.99146,-4,-3,-59
1754123035.02746,-6,3,-49
1754123035.06446,-7,6,-53
1754123035.10346,-3,-2,-54
1754123035.1414602,4,0,-48
1754123035.1774602,-2,2,-57
1754123035.21646,-4,0,-67
1754123035.2534602,-5,-2,-70
1754123035.2924602,-3,1,-67
1754123035.32846,6,0,-55
1754123035.36646,-3,-3,-52
1754123035.40346,7,-3,-67
1754123035.44246,0,0,-63
1754123035.47846,-5,-5,-63
1754123035.5164602,3,-4,-59
1754123035.55446,-2,-8,-52
1754123035.59346,1,-2,-59
1754123035.62946,-3,-4,-60
1754123035.6674602,-10,-5,-71
1754123035.70546,0,0,-65
1754123035.7434602,-7,-5,-66
1754123035.7824602,-1,4,-54
1754123035.81846,-7,4,-61
1754123035.85646,-5,2,-76
1754123035.8944602,-5,4,-73
1754123035.93346,-1,0,-67
1754123035.96946,2,4,-72
1754123036.0064602,2,0,-74
1754123036.04446,6,-1,-74
1754123036.08346,7,0,-72
1754123036.11946,6,-7,-65
1754123036.1574602,8,2,-64
1754123036.19546,0,1,-71
1754123036.23446,5,0,-70
1754123036.27246,1,-9,-73
1754123036.30846,-4,-11,-62
1754123036.34646,-5,-4,-71
1754123036.3844602,-1,-6,-75
1754123036.42346,2,0,-68
1754123036.45946,5,-1,-73
1754123036.49746,6,-4,-68
1754123036.5364602,5,0,-60
1754123036.57446,6,-3,-59
1754123036.61246,-2,-3,-75
1754123036.64846,-3,-3,-79
1754123036.68646,-10,-5,-65
1754123036.72446,-9,5,-65
1754123036.7634602,6,8,-76
1754123036.7994602,0,4,-68
1754123036.83646,-7,7,-76
1754123036.87446,-4,0,-73
1754123036.91346,2,-2,-65
1754123036.94946,-2,-3,-72
1754123036.98746,0,-7,-75
1754123037.02546,-4,-8,-77
1754123037.06446,-4,-2,-72
1754123037.10246,0,1,-70
1754123037.1384602,5,-1,-62
1754123037.17646,0,-4,-53
1754123037.21446,-4,1,-57
1754123037.2534602,-7,1,-61
1754123037.29046,-2,2,-62
1754123037.32746,2,0,-67
1754123037.36646,0,5,-73
1754123037.4044602,-9,-1,-59
1754123037.44246,-4,0,-58
1754123037.47846,0,0,-48
1754123037.5164602,-9,-2,-59
1754123037.55446,-9,0,-55
1754123037.59046,-3,-4,-67
1754123037.6284602,2,5,-51
1754123037.66646,4,0,-54
1754123037.70446,-2,-2,-47
1754123037.7434602,-5,-5,-56
1754123037.7794602,-4,-5,-69
1754123037.81746,-1,-4,-65
1754123037.8554602,-3,2,-58
1754123037.8944602,0,-1,-61
1754123037.93046,4,3,-63
1754123037.96846,0,5,-65
1754123038.0064602,0,-1,-72
1754123038.04446,-2,0,-60
1754123038.08346,-5,-4,-58
1754123038.11946,-8,-4,-57
1754123038.1574602,2,-7,-47
1754123038.19546,6,2,-50
1754123038.23446,0,-5,-66
1754123038.27046,0,-5,-65
1754123038.30746,-2,4,-70
1754123038.3454602,2,-1,-82
1754123038.3844602,1,-8,-62
1754123038.42046,-2,-6,-49
1754123038.45846,2,-1,-54
1754123038.4964602,-1,-1,-55
1754123038.53546,-4,0,-59
1754123038.57346,2,-1,-63
1754123038.60946,-1,-3,-63
1754123038.64746,-3,-3,-65
1754123038.68646,-4,0,-57
1754123038.72446,-4,2,-55
1754123038.76046,-7,-3,-55
1754123038.7994602,-3,0,-62
1754123038.83646,0,-3,-69
1754123038.87546,-7,-3,-52
1754123038.91346,-8,-4,-51
1754123038.94946,0,-2,-57
1754123038.98746,3,2,-63
1754123039.02546,6,5,-65
1754123039.06446,8,-1,-59
1754123039.10046,3,-6,-64
1754123039.1384602,-3,4,-65
1754123039.17646,-6,7,-52
1754123039.21546,-9,3,-63
1754123039.2534602,0,-4,-62
1754123039.2894602,2,-5,-65
1754123039.32746,3,-1,-66
1754123039.36646,0,-5,-66
1754123039.4044602,-3,0,-54
1754123039.4404602,-6,1,-59
1754123039.47846,-3,4,-61
1754123039.5164602,1,-3,-63
1754123039.55546,0,0,-66
1754123039.59346,-2,0,-59
1754123039.62946,-3,2,-60
1754123039.66646,-7,1,-69
1754123039.70546,-11,0,-66
1754123039.7434602,-2,-2,-63
1754123039.7794602,-7,-2,-71
1754123039.81746,7,0,-60
1754123039.8554602,0,0,-67
1754123039.8944602,0,3,-52
1754123039.93046,-7,-1,-56
1754123039.96846,-2,0,-65
1754123040.0064602,-2,-4,-77
1754123040.04546,-3,0,-64
1754123040.08146,0,0,-69
1754123040.1184602,0,3,-72
1754123040.15646,3,3,-71
1754123040.19546,-2,-5,-62
1754123040.23146,0,-5,-59
1754123040.27046,0,-1,-63
1754123040.30746,-5,-4,-56
1754123040.3454602,-6,-5,-58
1754123040.3844602,-7,-9,-59
1754123040.42046,0,0,-51
1754123040.4574602,11,3,-66
1754123040.49546,1,4,-65
1754123040.53446,8,6,-63
1754123040.57046,0,-7,-61
1754123040.6084602,0,0,-58
1754123040.64646,-2,0,-68
1754123040.68546,3,-1,-56
1754123040.72146,2,-4,-69
1754123040.7594602,5,3,-70
1754123040.79746,-5,-2,-58
1754123040.83646,1,0,-57
1754123040.87446,6,4,-54
1754123040.91046,-1,2,-60
1754123040.94846,2,0,-72
1754123040.9864602,1,0,-68
1754123041.02546,6,-6,-71
1754123041.06146,0,-2,-68
1754123041.0984602,-6,0,-69
1754123041.13746,10,3,-61
1754123041.17546,2,2,-69
1754123041.21146,4,3,-75
1754123041.24846,7,2,-54
1754123041.28746,3,0,-53
1754123041.3254602,0,-3,-58
1754123041.3614602,-2,-6,-60
1754123041.40046,-6,-5,-56
1754123041.4374602,-6,-3,-54
1754123041.47646,-9,-3,-54
1754123041.51446,-12,1,-57
1754123041.55046,-8,0,-61
1754123041.5884602,-1,2,-57
1754123041.62646,0,3,-67
1754123041.66546,-5,-7,-66
1754123041.70146,-6,3,-76
1754123041.73946,0,0,-81
1754123041.77746,11,-1,-69
1754123041.81646,2,-3,-66
1754123041.85446,3,5,-60
1754123041.89046,-1,0,-72
1754123041.92846,-7,0,-60
1754123041.96646,-1,4,-56
1754123042.00546,-1,-9,-59
1754123042.04146,-3,0,-62
1754123042.07846,0,-5,-58
1754123042.11646,-3,2,-61
1754123042.15546,8,-1,-63
1754123042.19146,5,2,-58
1754123042.22846,-3,2,-63
1754123042.2664602,0,-5,-52
1754123042.30546,-1,0,-51
1754123042.34146,3,8,-63
1754123042.3784602,2,2,-64
1754123042.4174602,2,3,-52
1754123042.45546,-2,-4,-49
1754123042.49146,-3,1,-53
1754123042.5294602,0,-1,-62
1754123042.56746,4,0,-69
1754123042.60646,0,0,-67
1754123042.64246,0,1,-65
1754123042.67946,-4,2,-55
1754123042.7174602,-2,-3,-56
1754123042.76246,-4,1,-58
1754123042.80046,-1,3,-55
1754123042.83746,2,0,-57
1754123042.87646,1,1,-56
1754123042.91246,1,0,-61
1754123042.9504602,-3,-4,-66
1754123042.98746,-3,0,-54
1754123043.0264602,-4,0,-54
1754123043.0624602,-11,0,-54
1754123043.10046,-5,-5,-68
1754123043.1384602,-2,0,-69
1754123043.1774602,2,1,-56
1754123043.21546,-5,5,-60
1754123043.25146,-7,10,-66
1754123043.2894602,0,7,-71
1754123043.32746,-1,0,-64
1754123043.36646,-1,-1,-68
1754123043.40346,2,-5,-59
1754123043.4404602,-6,2,-65
1754123043.47846,-7,-2,-61
1754123043.51746,0,-3,-70
1754123043.55546,2,-3,-64
1754123043.59146,-5,-4,-73
1754123043.62946,-7,-2,-72
1754123043.6674602,3,4,-60
1754123043.70546,2,0,-55
1754123043.74146,6,0,-69
1754123043.77846,4,-2,-55
1754123043.81746,0,-2,-61
1754123043.8554602,0,4,-61
1754123043.8914602,2,7,-61
1754123043.92846,1,7,-56
1754123043.9674602,-7,0,-64
1754123044.00546,-4,-2,-49
1754123044.04146,9,2,-56
1754123044.07946,2,2,-62
1754123044.11746,4,0,-49
1754123044.15646,4,0,-55
1754123044.19246,-3,1,-61
1754123044.2304602,-4,-7,-64
1754123044.26846,4,4,-69
1754123044.30746,-5,-3,-73
1754123044.3454602,7,2,-62
1754123044.3814602,10,2,-67
1754123044.41946,0,6,-63
1754123044.4574602,-8,2,-61
1754123044.4964602,-4,0,-74
1754123044.5324602,-4,1,-67
1754123044.57146,-4,0,-64
1754123044.6084602,-6,0,-66
1754123044.64746,-8,4,-57
1754123044.68346,1,5,-61
1754123044.72146,12,3,-65
1754123044.75846,3,0,-64
1754123044.79746,1,-2,-71
1754123044.83446,2,-5,-72
1754123044.8714602,-4,2,-64
1754123044.90946,0,1,-58
1754123044.9474602,-2,0,-73
1754123044.9864602,-1,2,-60
1754123045.02246,-7,-1,-66
1754123045.06046,-3,0,-59
1754123045.0984602,1,3,-67
1754123045.13746,1,4,-65
1754123045.17346,-1,0,-52
1754123045.21246,4,0,-59
1754123045.24946,4,-1,-65
1754123045.28846,-3,-1,-65
1754123045.32646,0,0,-59
1754123045.36246,-1,-1,-68
1754123045.4014602,-3,2,-69
1754123045.43846,1,-2,-78
1754123045.47746,1,0,-62
1754123045.5134602,1,3,-67
1754123045.55146,-8,0,-55
1754123045.5884602,-1,2,-59
1754123045.62746,1,3,-66
1754123045.66346,2,-6,-70
1754123045.70146,0,1,-75
1754123045.73846,5,0,-58
1754123045.77746,2,-1,-66
1754123045.81346,1,1,-66
1754123045.85146,4,-5,-56
1754123045.8884602,5,-5,-54
1754123045.9274602,7,4,-58
1754123045.9634602,3,3,-62
1754123046.00146,2,0,-62
1754123046.03846,3,-1,-67
1754123046.07746,-2,2,-61
1754123046.11346,-1,4,-60
1754123046.15046,-2,2,-59
1754123046.18846,0,-6,-61
1754123046.22746,-3,-4,-71
1754123046.2634602,-2,-2,-52
1754123046.30146,0,-1,-65
1754123046.33946,3,-3,-60
1754123046.3784602,-4,-3,-61
1754123046.41646,7,-11,-68
1754123046.45246,4,-1,-54
1754123046.49146,-5,0,-54
1754123046.52846,-1,-7,-76
1754123046.56746,0,-2,-71
1754123046.60346,-5,-6,-69
1754123046.6414602,-1,0,-72
1754123046.67946,0,4,-69
1754123046.71846,-4,4,-63
1754123046.75446,-4,6,-62
1754123046.79346,6,-1,-67
1754123046.83046,10,-5,-73
1754123046.8684602,0,-4,-61
1754123046.9074602,3,-1,-63
1754123046.94346,-1,3,-60
1754123046.98146,-5,4,-65
1754123047.0194602,0,6,-58
1754123047.05846,1,-3,-62
1754123047.09446,-2,0,-59
1754123047.13246,-4,2,-78
1754123047.17046,3,3,-68
1754123047.20846,-6,-8,-68
1754123047.24746,4,-5,-58
1754123047.28346,3,0,-60
1754123047.32046,2,0,-60
1754123047.3584602,0,-1,-69
1754123047.39746,0,-2,-70
1754123047.43346,-4,-2,-62
1754123047.47246,-4,-4,-66
1754123047.5094602,-4,-3,-66
1754123047.54846,-6,-2,-66
1754123047.58446,-9,-1,-69
1754123047.62246,-1,-3,-71
1754123047.66046,-9,-4,-60
1754123047.69946,-6,2,-62
1754123047.73746,-2,2,-62
1754123047.77346,0,-1,-74
1754123047.81146,0,-4,-63
1754123047.84946,-1,-4,-54
1754123047.8884602,1,-2,-59
1754123047.9244602,3,-2,-64
1754123047.96246,2,1,-65
1754123048.00046,3,-3,-63
1754123048.0394602,1,-2,-57
1754123048.07746,6,0,-73
1754123048.11346,3,1,-71
1754123048.15046,5,1,-63
1754123048.18946,3,0,-56
1754123048.22746,8,3,-58
1754123048.2634602,4,5,-56
1754123048.30046,3,3,-69
1754123048.33946,0,-4,-67
1754123048.37746,-6,-2,-65
1754123048.41346,2,5,-73
1754123048.4504602,0,0,-64
1754123048.48946,-2,0,-60
1754123048.52746,-1,-6,-63
1754123048.56346,3,-3,-58
1754123048.60246,1,-3,-66
1754123048.63946,0,-7,-64
1754123048.67846,0,-5,-71
1754123048.71446,-7,-1,-61
1754123048.75246,-4,4,-65
1754123048.79046,-6,1,-64
1754123048.82946,-2,0,-61
1754123048.86746,1,3,-55
1754123048.90346,0,1,-58
1754123048.9404602,1,5,-56
1754123048.97946,3,0,-59
1754123049.01546,2,4,-67
1754123049.0524602,-5,-5,-75
1754123049.09046,-8,-6,-74
1754123049.12946,-4,2,-71
1754123049.16546,0,2,-61
1754123049.20246,-6,1,-63
1754123049.2404602,3,1,-70
1754123049.2794602,0,-8,-60
1754123049.3154602,-6,-8,-62
1754123049.35346,-2,-3,-64
1754123049.39246,-3,-1,-59
1754123049.43046,-1,0,-65
1754123049.46846,6,2,-63
1754123049.50446,4,6,-62
1754123049.54146,1,2,-57
1754123049.57946,-6,0,-55
1754123049.6184602,0,-4,-60
1754123049.6544602,7,-2,-72
1754123049.69246,0,-1,-71
1754123049.7304602,11,-4,-69
1754123049.7694602,0,-2,-75
1754123049.80546,-2,1,-69
1754123049.8424602,0,2,-62
1754123049.88046,5,0,-65
1754123049.91946,0,1,-46
1754123049.95546,-4,0,-51
1754123049.9934602,0,-4,-51
1754123050.03046,0,-7,-62
1754123050.0694602,3,-3,-71
1754123050.1054602,7,-5,-60
1754123050.14246,-3,-3,-66
1754123050.18046,0,-3,-71
1754123050.21946,-6,0,-74
1754123050.25546,-1,0,-64
1754123050.29346,0,1,-56
1754123050.33146,4,0,-54
1754123050.37046,0,5,-58
1754123050.40846,5,-1,-57
1754123050.4444602,5,-6,-59
1754123050.48246,1,-1,-68
1754123050.52046,0,0,-61
1754123050.5594602,1,-10,-66
1754123050.5954602,4,5,-61
1754123050.63346,-1,-3,-55
1754123050.6714602,3,-14,-56
1754123050.7104602,0,-3,-58
1754123050.74846,-1,0,-62
1754123050.78446,-5,2,-68
1754123050.82346,-4,-2,-59
1754123050.86046,4,0,-55
1754123050.89946,1,-1,-62
1754123050.93546,7,-2,-52
1754123050.9734602,0,-5,-66
1754123051.01146,-1,-10,-68
1754123051.05046,-2,-1,-74
1754123051.0884602,3,1,-70
1754123051.12446,-6,0,-74
1754123051.16246,-3,5,-57
1754123051.2004602,4,-1,-60
1754123051.23946,4,-7,-67
1754123051.27546,1,-3,-67
1754123051.31346,-1,-3,-65
1754123051.35146,-9,-3,-66
1754123051.39046,-4,-2,-63
1754123051.42646,-2,-1,-62
1754123051.46446,5,-7,-64
1754123051.50246,5,-7,-67
1754123051.54046,-9,-5,-63
1754123051.57946,0,-2,-67
1754123051.6154602,0,-4,-67
1754123051.65346,5,-5,-69
1754123051.6904602,-1,0,-58
1754123051.72946,2,-2,-59
1754123051.76546,4,-2,-54
1754123051.80346,-4,-4,-57
1754123051.84146,-4,-1,-55
1754123051.88046,-4,-4,-65
1754123051.91646,-2,-1,-64
1754123051.95446,-1,-3,-68
1754123051.99246,-1,0,-57
1754123052.03146,-5,5,-54
1754123052.0694602,2,-11,-70
1754123052.1054602,0,-4,-65
1754123052.14346,-5,0,-52
1754123052.18146,1,5,-63
1754123052.2204602,-3,1,-59
1754123052.2564602,0,3,-64
1754123052.29446,-4,-3,-74
1754123052.33146,-5,4,-65
1754123052.37046,-3,4,-67
1754123052.40646,1,0,-69
1754123052.4444602,0,0,-73
1754123052.48146,8,5,-70
1754123052.52046,0,3,-61
1754123052.55646,-3,0,-57
1754123052.59446,-2,0,-62
1754123052.63246,-1,0,-61
1754123052.6714602,2,-6,-70
1754123052.70946,0,0,-69
1754123052.74546,2,5,-64
1754123052.79146,0,-4,-68
1754123052.82946,3,-5,-70
1754123052.8654602,2,-5,-65
1754123052.90346,0,-2,-71
1754123052.94146,5,-5,-63
1754123052.9804602,-2,-3,-56
1754123053.0164602,-6,4,-53
1754123053.05446,-7,0,-59
1754123053.0924602,-10,1,-61
1754123053.1314602,3,-3,-64
1754123053.16946,10,-2,-65
1754123053.20546,9,0,-64
1754123053.24246,5,-7,-67
1754123053.28146,0,1,-60
1754123053.3194602,0,5,-69
1754123053.3554602,0,5,-70
1754123053.3944602,0,1,-68
1754123053.43146,-5,-2,-70
1754123053.4704602,-4,-2,-69
1754123053.5064602,0,-5,-69
1754123053.54446,-1,0,-65
1754123053.5824602,4,-6,-57
1754123053.6214602,-3,0,-65
1754123053.6574602,-2,-10,-52
1754123053.69546,8,-5,-59
1754123053.7334602,0,-4,-57
1754123053.77146,0,0,-72
1754123053.81046,0,-4,-71
1754123053.84646,-1,-2,-65
1754123053.8844602,5,0,-64
1754123053.92246,-1,4,-67
1754123053.96146,-9,-2,-63
1754123053.99746,0,0,-56
1754123054.03446,-3,-1,-61
1754123054.0724602,0,2,-64
1754123054.1114602,-6,-1,-64
1754123054.14746,-4,-4,-57
1754123054.18546,-2,0,-63
1754123054.2234602,0,2,-69
1754123054.26146,-4,-2,-65
1754123054.30046,-8,-2,-59
1754123054.33646,-2,-2,-66
1754123054.37446,-3,-1,-57
1754123054.41246,-5,0,-63
1754123054.45146,-1,-2,-62
1754123054.48746,-3,-3,-60
1754123054.5264602,0,0,-57
1754123054.56346,-1,-1,-75
1754123054.60246,-5,-4,-73
1754123054.64046,2,-6,-68
1754123054.67646,3,-7,-70
1754123054.71446,4,-8,-73
1754123054.7534602,1,0,-68
1754123054.79146,9,1,-66
1754123054.82746,2,0,-70
1754123054.86446,5,-2,-64
1754123054.90246,0,-2,-61
1754123054.94146,4,-1,-71
1754123054.97746,7,1,-66
1754123055.01446,1,-1,-63
1754123055.0524602,3,-3,-59
1754123055.09146,3,9,-65
1754123055.12746,9,6,-66
1754123055.1644602,7,-3,-66
1754123055.20346,0,1,-56
1754123055.24146,-1,9,-60
1754123055.27746,0,8,-59
1754123055.31446,-4,-7,-63
1754123055.35346,0,-2,-54
1754123055.3914602,1,-2,-59
1754123055.4274602,-3,-7,-60
1754123055.46546,-2,-4,-63
1754123055.5034602,0,0,-51
1754123055.5424602,-3,2,-64
1754123055.58046,2,1,-61
1754123055.61646,1,3,-59
1754123055.65346,-2,-3,-69
1754123055.69246,-3,-5,-56
1754123055.7304602,-5,-3,-62
1754123055.7664602,4,-2,-61
1754123055.80346,-4,0,-47
1754123055.8424602,1,4,-45
1754123055.8784602,-2,3,-67
1754123055.91646,2,-2,-56
1754123055.95446,0,-2,-69
1754123055.9934602,2,-6,-68
1754123056.03146,1,-6,-64
1754123056.06746,7,-1,-55
1754123056.1054602,7,0,-77
1754123056.14346,2,0,-69
1754123056.18246,-4,2,-58
1754123056.21846,-3,1,-60
1754123056.25746,-4,2,-66
1754123056.29446,-7,-2,-62
1754123056.3324602,-5,0,-65
1754123056.3714602,-2,-4,-53
1754123056.4074602,6,0,-51
1754123056.4444602,3,0,-61
1754123056.48246,4,0,-57
1754123056.52146,5,-2,-66
1754123056.55746,0,-9,-65
1754123056.59646,0,-1,-69
1754123056.63346,-1,-7,-67
1754123056.67246,1,-5,-55
1754123056.70846,1,0,-63
1754123056.74546,-3,4,-63
1754123056.78346,7,2,-50
1754123056.8224602,2,3,-62
1754123056.8584602,5,3,-51
1754123056.89646,-6,1,-64
1754123056.9344602,-5,3,-56
1754123056.9734602,0,0,-59
1754123057.01146,3,1,-58
1754123057.04746,0,0,-61
1754123057.0854602,-1,0,-67
1754123057.12346,10,4,-69
1754123057.16246,-1,4,-53
1754123057.19846,1,-4,-66
1754123057.23546,-2,0,-61
1754123057.27346,-9,-1,-64
1754123057.3124602,1,1,-65
1754123057.3484602,-3,-1,-61
1754123057.38746,0,-1,-59
1754123057.4244602,0,-2,-58
1754123057.4634602,7,2,-63
1754123057.50146,5,4,-60
1754123057.53746,0,-4,-48
1754123057.5754602,-3,1,-60
1754123057.61346,-3,-4,-57
1754123057.65246,2,0,-69
1754123057.68846,1,-2,-58
1754123057.72646,0,-2,-64
1754123057.76446,8,-1,-68
1754123057.80346,3,0,-55
1754123057.84146,-4,1,-68
1754123057.87746,0,3,-62
1754123057.91546,-1,-1,-63
1754123057.95346,-3,1,-51
1754123057.99146,0,0,-50
1754123058.02746,1,0,-55
1754123058.0654602,2,1,-59
1754123058.10346,-3,-10,-58
1754123058.14246,0,-8,-53
1754123058.17846,8,-5,-66
1754123058.21546,3,0,-59
1754123058.2534602,0,0,-73
1754123058.2924602,0,1,-60
1754123058.32846,0,0,-69
1754123058.3654602,0,6,-62
1754123058.40346,0,2,-68
1754123058.44246,1,0,-51
1754123058.47846,1,-1,-59
1754123058.5164602,-6,-6,-63
1754123058.55446,-1,0,-67
1754123058.59346,0,5,-65
1754123058.63046,4,10,-60
1754123058.6674602,-4,6,-62
1754123058.70546,1,2,-71
1754123058.74446,-9,0,-62
1754123058.7824602,-8,-4,-58
1754123058.81846,-3,-1,-56
1754123058.85746,-1,-3,-63
1754123058.8944602,0,-2,-69
1754123058.93346,0,0,-61
1754123058.96946,-2,2,-53
1754123059.00746,3,-1,-50
1754123059.04546,5,2,-64
1754123059.08446,3,4,-56
1754123059.12246,1,3,-58
1754123059.15846,0,2,-55
1754123059.19646,0,6,-64
1754123059.23446,5,5,-79
1754123059.27346,0,-1,-65
1754123059.3094602,3,-2,-67
1754123059.34646,0,-3,-74
1754123059.3844602,-1,-2,-53
1754123059.42346,1,5,-58
1754123059.45946,1,0,-58
1754123059.4964602,-3,0,-64
1754123059.53446,0,0,-58
1754123059.57346,-12,0,-58
1754123059.60946,-10,0,-65
1754123059.64646,-2,-2,-66
1754123059.6844602,-7,2,-54
1754123059.7234602,0,2,-62
1754123059.7594602,4,4,-58
1754123059.7964602,-2,3,-59
1754123059.83446,-5,1,-58
1754123059.87346,-1,3,-59
1754123059.90946,-2,7,-56
1754123059.94646,1,3,-55
1754123059.98446,-5,2,-72
1754123060.02346,2,3,-60
1754123060.0594602,4,1,-62
1754123060.09646,4,0,-67
1754123060.1344602,3,6,-69
1754123060.17346,-6,-1,-57
1754123060.20946,-3,-1,-53
1754123060.24746,1,-3,-63
1754123060.28546,13,0,-74
1754123060.32446,1,-2,-69
1754123060.36246,-6,-2,-61
1754123060.39946,3,-2,-57
1754123060.4374602,-1,-7,-58
1754123060.47546,0,0,-62
1754123060.51446,0,-1,-59
1754123060.55046,0,-3,-60
1754123060.5884602,-7,-6,-48
1754123060.62646,1,-4,-55
1754123060.66546,2,-4,-65
1754123060.70346,6,-1,-67
1754123060.73946,6,-2,-73
1754123060.77846,2,-2,-57
1754123060.8154602,11,-1,-60
1754123060.85446,5,-6,-60
1754123060.89046,0,-4,-78
1754123060.9274602,-1,-1,-69
1754123060.96546,0,-3,-69
1754123061.00446,-9,-1,-64
1754123061.04046,2,-3,-58
1754123061.07846,4,-1,-67
1754123061.1154602,-7,-2,-59
1754123061.1544602,-2,0,-58
1754123061.1904602,0,-3,-62
1754123061.22746,5,-7,-58
1754123061.26546,8,0,-54
1754123061.30446,-1,4,-71
1754123061.34046,1,9,-64
1754123061.3784602,1,0,-64
1754123061.41646,1,0,-69
1754123061.45546,11,1,-63
1754123061.4934602,-6,4,-73
1754123061.5294602,-3,1,-62
1754123061.56746,-8,2,-53
1754123061.6054602,-7,2,-66
1754123061.6444602,-1,5,-64
1754123061.68046,1,-4,-62
1754123061.71846,-1,0,-64
1754123061.75746,-1,2,-65
1754123061.79546,1,3,-70
1754123061.83346,-1,1,-64
1754123061.86946,-3,0,-76
1754123061.9074602,2,-1,-71
1754123061.94546,-4,0,-76
1754123061.98446,-5,-4,-65
1754123062.02046,-5,-9,-66
1754123062.05846,-4,-3,-66
1754123062.09646,-1,1,-64
1754123062.13546,-2,1,-61
1754123062.17346,2,7,-69
1754123062.20946,0,1,-56
1754123062.24746,3,2,-57
1754123062.28546,1,0,-61
1754123062.32446,0,-5,-59
1754123062.36046,1,0,-70
1754123062.39846,0,6,-63
1754123062.43646,-2,0,-64
1754123062.47546,-7,1,-69
1754123062.5134602,-7,-2,-68
1754123062.5494602,4,-6,-59
1754123062.58646,2,-7,-52
1754123062.62546,4,-6,-65
1754123062.66346,-2,7,-53
1754123062.69946,3,4,-63
1754123062.7364602,10,0,-63
1754123062.77546,3,-9,-48
1754123062.81846,1,0,-59
1754123062.85746,3,-2,-62
1754123062.89546,2,-5,-69
1754123062.93146,3,0,-59
1754123062.96846,-2,3,-72
1754123063.00746,-1,3,-64
1754123063.04546,-1,5,-59
1754123063.08146,-3,-2,-71
1754123063.12046,1,-2,-61
1754123063.1574602,1,-4,-56
1754123063.19546,-9,4,-67
1754123063.23446,-5,3,-47
1754123063.27046,1,-4,-57
1754123063.30846,-5,0,-64
1754123063.34646,-3,1,-66
1754123063.38546,6,3,-47
1754123063.4214602,0,-3,-66
1754123063.45946,2,3,-68
1754123063.49746,-1,-2,-65
1754123063.53546,2,-5,-72
1754123063.57446,0,-3,-54
1754123063.6114602,-3,2,-59
1754123063.64846,-1,-2,-63
1754123063.68646,-3,-3,-72
1754123063.72546,-2,-4,-66
1754123063.76146,-1,0,-59
1754123063.79846,-5,2,-64
1754123063.83646,-3,0,-67
1754123063.87546,-4,-6,-54
1754123063.9114602,-3,-3,-49
1754123063.94946,16,-1,-52
1754123063.98746,11,-2,-54
1754123064.0264602,6,-1,-57
1754123064.06446,-1,1,-62
1754123064.10046,-2,3,-69
1754123064.1384602,-4,5,-64
1754123064.17646,-8,2,-61
1754123064.21546,4,3,-59
1754123064.25146,-4,3,-63
1754123064.29046,0,5,-61
1754123064.32746,0,2,-70
1754123064.36646,6,0,-58
1754123064.4044602,-1,4,-55
1754123064.4404602,-2,0,-63
1754123064.47746,0,-3,-65
1754123064.5164602,-6,0,-59
1754123064.55446,-1,2,-49
1754123064.59046,1,3,-54
1754123064.62746,1,3,-48
1754123064.66646,-2,-4,-66
1754123064.70446,4,-4,-71
1754123064.7404602,-1,2,-65
1754123064.77846,-1,3,-63
1754123064.81646,2,0,-66
1754123064.8554602,-7,1,-67
1754123064.8914602,0,-4,-66
1754123064.92846,-3,-1,-65
1754123064.96646,-6,-1,-63
1754123065.00546,0,0,-65
1754123065.04146,1,0,-66
1754123065.07846,1,-6,-59
1754123065.11646,0,-1,-59
1754123065.15546,-1,-1,-55
1754123065.19146,-2,0,-53
1754123065.22846,-5,-3,-61
1754123065.2664602,-9,-4,-56
1754123065.30546,0,0,-62
1754123065.34146,-1,1,-67
1754123065.37946,0,2,-61
1754123065.4174602,0,0,-66
1754123065.45646,0,-1,-54
1754123065.49246,-2,-2,-46
1754123065.53046,3,-11,-52
1754123065.56846,-1,-2,-62
1754123065.60646,1,-12,-62
1754123065.64546,3,-1,-69
1754123065.68146,-4,3,-74
1754123065.71946,-4,6,-57
1754123065.75746,9,0,-56
1754123065.7964602,0,10,-64
1754123065.8324602,-4,0,-68
1754123065.87046,-2,3,-76
1754123065.90846,2,0,-68
1754123065.9474602,2,-3,-60
1754123065.98546,1,-2,-59
1754123066.02146,-5,3,-56
1754123066.0594602,-2,6,-70
1754123066.09746,-10,3,-72
1754123066.13646,-4,-1,-54
1754123066.17246,-2,-3,-54
1754123066.21146,-3,-1,-59
1754123066.24846,3,-4,-56
1754123066.28746,-2,-1,-51
1754123066.3254602,3,-2,-58
1754123066.3614602,4,3,-62
1754123066.39846,3,0,-59
1754123066.4374602,2,6,-66
1754123066.47546,12,6,-56
1754123066.51146,11,3,-58
1754123066.54846,1,9,-56
1754123066.58746,0,-4,-53
1754123066.62546,0,-4,-60
1754123066.6614602,-2,-7,-64
1754123066.69946,-5,2,-56
1754123066.73746,-11,2,-61
1754123066.7764602,-6,0,-59
1754123066.8124602,-7,-3,-53
1754123066.85046,-6,-1,-54
1754123066.8884602,-11,0,-63
1754123066.9274602,-9,0,-57
1754123066.96546,2,-2,-59
1754123067.00146,1,-3,-71
1754123067.04046,-1,-1,-62
1754123067.07746,-3,2,-64
1754123067.11646,0,1,-64
1754123067.15346,10,0,-62
1754123067.1904602,-5,-4,-52
1754123067.22846,-7,-6,-75
1754123067.26746,6,2,-66
1754123067.30346,5,4,-64
1754123067.34046,-4,3,-70
1754123067.3784602,1,1,-72
1754123067.4174602,3,1,-68
1754123067.45346,-1,-2,-70
1754123067.49146,-4,-6,-58
1754123067.5294602,-12,0,-53
1754123067.56846,0,-1,-64
1754123067.60646,3,7,-66
1754123067.64246,0,1,-61
1754123067.67946,-1,-4,-65
1754123067.71846,-1,0,-62
1754123067.7564602,-5,1,-62
1754123067.7924602,-4,3,-69
1754123067.83046,-1,0,-74
1754123067.8684602,-2,2,-58
1754123067.9074602,-6,1,-63
1754123067.94346,-2,3,-70
1754123067.98146,-1,-5,-72
1754123068.0194602,2,-3,-68
1754123068.05746,0,-1,-64
1754123068.09646,-3,0,-63
1754123068.13246,-3,4,-59
1754123068.16946,-1,2,-57
1754123068.20846,-1,10,-63
1754123068.2464602,0,0,-60
1754123068.2824602,-5,2,-58
1754123068.3194602,-2,4,-67
1754123068.3584602,-2,0,-70
1754123068.39646,1,-2,-61
1754123068.43246,4,3,-73
1754123068.46946,3,2,-72
1754123068.50846,16,1,-66
1754123068.5464602,1,0,-58
1754123068.5824602,1,1,-64
1754123068.61946,9,-1,-56
1754123068.65846,3,-2,-57
1754123068.69646,0,-7,-61
1754123068.73246,1,-5,-69
1754123068.77046,1,6,-58
1754123068.80846,-2,1,-47
1754123068.84746,-5,1,-50
1754123068.88346,-4,-1,-47
1754123068.9214602,1,-3,-63
1754123068.9604602,-1,-2,-56
1754123068.99846,3,-2,-68
1754123069.0364602,-2,1,-70
1754123069.0724602,-5,4,-71
1754123069.11046,-3,8,-71
1754123069.14846,5,-2,-55
1754123069.1874602,-1,-3,-52
1754123069.2234602,2,-4,-51
1754123069.26146,-4,1,-67
1754123069.2994602,-2,1,-62
1754123069.3384602,2,2,-64
1754123069.37646,4,0,-59
1754123069.41246,-3,3,-57
1754123069.4504602,5,5,-62
1754123069.48846,6,6,-72
1754123069.52746,-5,2,-55
1754123069.56346,-1,0,-59
1754123069.60046,9,-7,-64
1754123069.6384602,14,-6,-61
1754123069.6774602,6,-1,-70
1754123069.7134602,2,-4,-59
1754123069.75046,-2,-9,-74
1754123069.78846,-3,-5,-78
1754123069.82746,-8,0,-62
1754123069.86346,-5,2,-51
1754123069.90046,-1,1,-56
1754123069.93846,-5,-1,-66
1754123069.97746,-4,9,-55
1754123070.0134602,1,7,-52
1754123070.05046,1,1,-62
1754123070.0884602,-3,-4,-71
1754123070.12746,0,0,-76
1754123070.16346,3,0,-64
1754123070.2004602,6,-1,-68
1754123070.23846,3,-5,-60
1754123070.27746,2,-1,-58
1754123070.31346,1,0,-66
1754123070.35046,5,-6,-54
1754123070.3884602,-3,-4,-68
1754123070.4274602,-2,-4,-73
1754123070.4634602,-1,5,-64
1754123070.50146,0,3,-56
1754123070.5394602,0,-1,-64
1754123070.57846,0,4,-59
1754123070.61446,0,5,-59
1754123070.6514602,1,0,-68
1754123070.68946,0,-1,-54
1754123070.72846,-3,0,-62
1754123070.76446,0,-1,-60
1754123070.8024602,-1,1,-61
1754123070.84046,2,4,-58
1754123070.87946,1,1,-59
1754123070.9174602,0,0,-66
1754123070.95346,1,-1,-65
1754123070.99146,0,2,-67
1754123071.0294602,1,-1,-66
1754123071.06846,1,-7,-53
1754123071.10446,3,-6,-48
1754123071.14246,0,-5,-58
1754123071.18046,0,-4,-60
1754123071.21946,2,4,-65
1754123071.25746,1,0,-68
1754123071.29346,2,-2,-64
1754123071.33146,3,2,-64
1754123071.36946,-1,-1,-68
1754123071.40846,0,-3,-64
1754123071.4444602,0,-8,-63
1754123071.48246,8,-10,-60
1754123071.52046,3,-2,-69
1754123071.5594602,-1,-4,-76
1754123071.59746,-1,0,-70
1754123071.63346,-1,-7,-70
1754123071.6714602,4,-7,-62
1754123071.7104602,-3,-1,-62
1754123071.74846,-10,-4,-56
1754123071.78446,-7,-6,-57
1754123071.82346,-6,0,-76
1754123071.86046,-1,6,-66
1754123071.89946,1,3,-66
1754123071.9374602,0,2,-66
1754123071.9734602,-4,0,-61
1754123072.01046,-3,3,-52
1754123072.0494602,-2,1,-58
1754123072.0854602,0,1,-69
1754123072.12346,-3,-3,-60
1754123072.1614602,-1,-1,-53
1754123072.19946,-7,-3,-61
1754123072.23846,-4,3,-58
1754123072.27446,-4,-2,-64
1754123072.3124602,-1,0,-60
1754123072.35046,-7,5,-65
1754123072.38946,0,3,-61
1754123072.42546,-6,3,-57
1754123072.4634602,4,-4,-60
1754123072.50146,4,-7,-69
1754123072.5394602,0,-2,-73
1754123072.57846,0,-7,-60
1754123072.61446,0,-6,-63
1754123072.65246,-1,-5,-65
1754123072.6904602,9,-9,-59
1754123072.72946,6,-4,-66
1754123072.76546,4,-2,-65
1754123072.80346,7,-4,-61
1754123072.84946,5,-7,-64
1754123072.88546,4,0,-62
1754123072.92246,8,-1,-63
1754123072.9604602,-2,-2,-69
1754123072.99946,-1,-2,-56
1754123073.03546,-6,-4,-48
1754123073.07346,0,0,-54
1754123073.1114602,1,-1,-52
1754123073.15046,-1,1,-65
1754123073.18846,-8,-2,-66
1754123073.22446,-9,-7,-60
1754123073.26246,0,2,-69
1754123073.30046,3,1,-57
1754123073.33946,6,0,-66
1754123073.37546,3,-1,-50
1754123073.41346,0,3,-48
1754123073.45246,3,-2,-61
1754123073.4904602,0,-3,-60
1754123073.52846,0,-6,-60
1754123073.56446,4,-4,-72
1754123073.60246,9,0,-69
1754123073.64046,9,0,-71
1754123073.67846,6,-6,-57
1754123073.71446,3,-7,-61
1754123073.75246,-1,0,-55
1754123073.79046,11,-7,-60
1754123073.82946,3,-6,-63
1754123073.8654602,-8,0,-65
1754123073.90246,-2,-5,-62
1754123073.9404602,0,-2,-60
1754123073.97946,-5,2,-54
1754123074.01546,0,-6,-58
1754123074.0524602,0,-7,-57
1754123074.09046,1,-1,-75
1754123074.12946,0,-6,-71
1754123074.16546,4,-1,-65
1754123074.20246,3,2,-59
1754123074.2404602,-4,-2,-64
1754123074.2794602,-1,0,-60
1754123074.3154602,0,-3,-64
1754123074.35246,-3,-2,-64
1754123074.39046,0,-4,-66
1754123074.42946,-1,-4,-56
1754123074.46546,3,-8,-62
1754123074.5034602,-2,1,-69
1754123074.54146,-1,-3,-64
1754123074.58046,-1,0,-55
1754123074.61646,-3,-8,-55
1754123074.6544602,-6,0,-60
1754123074.69346,7,-2,-63
1754123074.7304602,11,0,-57
1754123074.7694602,8,-3,-58
1754123074.80546,5,4,-54
1754123074.84346,0,0,-58
1754123074.88046,-8,-9,-65
1754123074.91946,-4,-9,-63
1754123074.95546,-3,-5,-60
1754123074.9934602,1,2,-55
1754123075.03146,-1,0,-67
1754123075.07046,3,-2,-64
1754123075.10646,0,0,-72
1754123075.14346,0,-5,-59
1754123075.18146,-5,7,-61
1754123075.2204602,-2,2,-64
1754123075.2564602,-5,-2,-55
1754123075.29446,-5,0,-64
1754123075.3324602,-6,-5,-54
1754123075.3714602,-5,-1,-60
1754123075.40946,-5,2,-59
1754123075.44546,-2,0,-69
1754123075.4834602,-1,-1,-61
1754123075.52246,0,-7,-53
1754123075.56046,0,3,-75
1754123075.59646,0,5,-60
1754123075.63346,5,1,-61
1754123075.67246,0,0,-76
1754123075.7104602,4,-4,-65
1754123075.7464602,5,-1,-57
1754123075.78546,2,-1,-60
1754123075.8224602,4,0,-59
1754123075.8614602,2,5,-70
1754123075.89946,-1,1,-71
1754123075.93546,-3,-3,-77
1754123075.9734602,-1,-2,-62
1754123076.01146,6,6,-62
1754123076.05046,0,1,-61
1754123076.08646,2,-9,-67
1754123076.12446,3,-13,-61
1754123076.16346,-1,-2,-71
1754123076.20146,-8,-4,-77
1754123076.23946,-1,-2,-65
1754123076.2764602,-2,0,-67
1754123076.31346,-3,0,-65
1754123076.35146,-4,0,-60
1754123076.39046,7,3,-65
1754123076.42646,3,1,-55
1754123076.4634602,-1,0,-64
1754123076.50146,-1,4,-62
1754123076.54046,-3,0,-54
1754123076.57646,0,0,-59
1754123076.61346,-7,-4,-75
1754123076.6514602,-5,-8,-69
1754123076.6904602,-1,1,-66
1754123076.72646,-2,2,-62
1754123076.76446,-5,-3,-57
1754123076.8024602,0,0,-64
1754123076.84146,1,3,-63
1754123076.87746,-3,3,-61
1754123076.91546,-4,2,-61
1754123076.95346,-2,0,-78
1754123076.99246,-6,0,-73
1754123077.03046,-5,-7,-64
1754123077.06646,-4,-5,-60
1754123077.1054602,-3,1,-68
1754123077.14246,0,3,-65
1754123077.18146,8,-9,-64
1754123077.2174602,1,-5,-60
1754123077.25546,0,-3,-70
1754123077.29346,0,0,-77
1754123077.33146,2,-2,-58
1754123077.37046,-1,-3,-46
1754123077.40646,0,-7,-58
1754123077.44346,0,-3,-49
1754123077.48246,-6,-3,-72
1754123077.52046,-9,-6,-63
1754123077.55646,-6,-3,-61
1754123077.59446,-5,-8,-67
1754123077.63246,-5,-2,-65
1754123077.6714602,-6,-1,-61
1754123077.7074602,-1,0,-51
1754123077.74446,-4,-7,-52
1754123077.7824602,0,-6,-57
1754123077.82146,9,-2,-63
1754123077.85746,7,-4,-61
1754123077.89646,2,-3,-64
1754123077.93346,0,-4,-64
1754123077.97246,0,0,-72
1754123078.01046,-1,5,-61
1754123078.0464602,2,-2,-69
1754123078.08446,-2,-3,-62
1754123078.12246,-1,-2,-64
1754123078.1614602,4,0,-70
1754123078.1974602,4,-2,-61
1754123078.23546,6,-2,-62
1754123078.27346,2,5,-65
1754123078.3124602,-2,-8,-63
1754123078.35046,0,1,-55
1754123078.38646,-1,-1,-53
1754123078.4244602,1,-3,-67
1754123078.46246,1,12,-67
1754123078.50146,5,3,-59
1754123078.53746,-2,5,-58
1754123078.57446,4,-1,-74
1754123078.61246,-3,-4,-72
1754123078.6514602,-3,-1,-73
1754123078.6874602,-9,0,-55
1754123078.72546,-7,-1,-55
1754123078.76246,-4,2,-53
1754123078.80146,-1,0,-61
1754123078.83746,0,4,-59
1754123078.87446,-6,0,-59
1754123078.91246,1,3,-71
1754123078.95146,-1,-1,-62
1754123078.98746,-4,-1,-64
1754123079.02546,0,2,-74
1754123079.06346,3,4,-61
1754123079.10246,-1,4,-59
1754123079.1384602,-4,1,-67
1754123079.17546,-6,2,-66
1754123079.2134602,-3,-3,-63
1754123079.25246,1,-1,-61
1754123079.28846,-8,-1,-62
1754123079.32646,-2,0,-56
1754123079.36446,-2,0,-53
1754123079.40246,0,-3,-58
1754123079.44146,-2,-5,-61
1754123079.47746,9,-2,-58
1754123079.51546,6,-2,-53
1754123079.55446,-4,1,-56
1754123079.5924602,2,-4,-59
1754123079.6284602,1,0,-74
1754123079.66546,7,1,-68
1754123079.70446,0,-1,-57
1754123079.74246,0,-6,-47
1754123079.77846,2,-4,-55
1754123079.81746,6,-3,-68
1754123079.85446,-1,1,-69
1754123079.89346,1,-3,-66
1754123079.93146,5,0,-64
1754123079.9674602,0,-3,-66
1754123080.00446,1,2,-61
1754123080.04346,5,0,-60
1754123080.08146,4,6,-65
1754123080.11746,6,2,-69
1754123080.1544602,-4,2,-75
1754123080.19346,4,-6,-57
1754123080.23146,-3,-2,-68
1754123080.26746,-3,0,-66
1754123080.30446,-2,1,-61
1754123080.34346,3,2,-60
1754123080.3814602,-6,-4,-66
1754123080.4174602,-9,-4,-64
1754123080.45546,0,-3,-60
1754123080.4934602,1,-6,-54
1754123080.5324602,1,-8,-58
1754123080.56846,-5,-2,-60
1754123080.60646,-2,-4,-62
1754123080.6444602,0,-1,-53
1754123080.68346,-6,1,-53
1754123080.72146,-3,0,-65
1754123080.75746,-1,0,-67
1754123080.79546,-3,-7,-66
1754123080.83346,0,0,-69
1754123080.87246,-5,2,-59
1754123080.90846,-6,4,-57
1754123080.94646,-8,4,-54
1754123080.98446,-2,3,-66
1754123081.02346,0,7,-65
1754123081.06146,5,4,-66
1754123081.09746,4,1,-67
1754123081.13546,2,1,-64
1754123081.17346,0,1,-64
1754123081.21246,-4,0,-59
1754123081.24846,-9,0,-64
1754123081.28746,-4,0,-52
1754123081.32446,-4,-2,-56
1754123081.36346,-2,-4,-61
1754123081.40046,3,-1,-64
1754123081.4374602,-1,3,-68
1754123081.47546,4,-1,-72
1754123081.5134602,-1,-6,-69
1754123081.5524602,5,4,-71
1754123081.5884602,0,8,-73
1754123081.62646,3,4,-77
1754123081.66546,0,5,-66
1754123081.70346,-1,0,-57
1754123081.73946,5,3,-59
1754123081.7764602,6,5,-64
1754123081.81446,-7,-1,-74
1754123081.85346,-3,-2,-62
1754123081.88946,2,3,-62
1754123081.92646,3,4,-65
1754123081.96446,0,4,-63
1754123082.0034602,0,-2,-71
1754123082.0394602,-1,-2,-68
1754123082.07846,0,0,-67
1754123082.11646,0,-3,-61
1754123082.1544602,-4,4,-71
1754123082.19246,0,0,-65
1754123082.22846,6,-4,-60
1754123082.2664602,4,-3,-69
1754123082.30446,-2,1,-62
1754123082.34346,3,-4,-63
1754123082.37946,3,-11,-59
1754123082.4174602,6,-9,-59
1754123082.45546,2,0,-61
1754123082.49446,-2,0,-54
1754123082.5324602,-7,-1,-57
1754123082.56846,0,0,-62
1754123082.60746,0,-3,-57
1754123082.6444602,-2,-6,-62
1754123082.68346,0,-3,-68
1754123082.71946,6,-2,-77
1754123082.75746,-1,0,-71
1754123082.79546,7,1,-64
1754123082.83446,4,-1,-66
1754123082.87746,-4,-1,-64
1754123082.91646,-1,1,-73
1754123082.95446,-3,-2,-59
1754123082.99246,0,2,-65
1754123083.02846,3,-5,-63
1754123083.06646,-2,-4,-75
1754123083.10446,4,-8,-59
1754123083.14346,3,5,-67
1754123083.17946,1,-7,-65
1754123083.2174602,6,-6,-62
1754123083.25546,1,-5,-77
1754123083.29446,-4,0,-66
1754123083.3324602,-1,4,-71
1754123083.3684602,-9,4,-69
1754123083.40646,-2,0,-73
1754123083.4444602,8,-4,-70
1754123083.4834602,4,2,-63
1754123083.5194602,3,6,-70
1754123083.55646,0,0,-68
1754123083.59446,2,-2,-54
1754123083.63346,4,-8,-64
1754123083.66946,2,0,-58
1754123083.70646,-1,-3,-53
1754123083.74446,-4,1,-57
1754123083.78346,-2,-3,-63
1754123083.8194602,1,-4,-61
1754123083.85746,0,6,-69
1754123083.89546,-2,2,-66
1754123083.9344602,0,-6,-63
1754123083.9704602,-3,0,-69
1754123084.00846,3,0,-65
1754123084.0464602,-3,0,-59
1754123084.08446,-8,0,-64
1754123084.12346,-9,0,-70
1754123084.15946,-4,-3,-55
1754123084.1974602,0,-9,-57
1754123084.23546,-5,-5,-58
1754123084.27446,-2,-12,-59
1754123084.31046,-1,-2,-67
1754123084.3484602,5,-3,-72
1754123084.38646,-1,3,-64
1754123084.42546,-3,3,-58
1754123084.4634602,5,5,-54
1754123084.49946,5,3,-56
1754123084.5364602,1,0,-56
1754123084.5754602,-1,0,-73
1754123084.61346,0,0,-67
1754123084.64946,-6,-2,-64
1754123084.68846,-2,-2,-61
1754123084.72546,2,-5,-59
1754123084.76446,-2,-7,-58
1754123084.80046,0,-3,-66
1754123084.8384602,5,0,-63
1754123084.87646,0,-7,-64
1754123084.91546,0,-8,-61
1754123084.95346,-5,0,-75
1754123084.98946,0,-5,-65
1754123085.02746,-2,-3,-65
1754123085.0654602,-4,-9,-74
1754123085.10446,-4,-7,-65
1754123085.14046,0,-7,-66
1754123085.17846,-1,-6,-71
1754123085.21646,3,-2,-69
1754123085.25546,-2,-2,-60
1754123085.29346,2,-3,-62
1754123085.32946,5,-2,-62
1754123085.36746,3,0,-62
1754123085.40646,-1,0,-60
1754123085.4444602,1,-1,-66
1754123085.4804602,-5,3,-66
1754123085.51846,-6,-9,-62
1754123085.55646,-2,-4,-62
1754123085.5954602,2,-4,-58
1754123085.6314602,6,4,-60
1754123085.66846,1,0,-59
1754123085.70646,1,2,-69
1754123085.74546,5,8,-61
1754123085.78146,6,0,-65
1754123085.81846,-1,-2,-59
1754123085.85646,0,1,-60
1754123085.89546,-6,2,-58
1754123085.93146,0,-3,-60
1754123085.96846,8,-1,-66
1754123086.0064602,-2,-2,-67
1754123086.04546,3,5,-70
1754123086.08146,4,-1,-75
1754123086.11946,2,-1,-74
1754123086.1574602,-4,-3,-59
1754123086.19546,-5,0,-64
1754123086.23446,-6,0,-56
1754123086.27046,-1,-3,-65
1754123086.30846,-3,0,-52
1754123086.34646,-4,3,-53
1754123086.38546,-6,3,-54
1754123086.4214602,-2,0,-61
1754123086.45946,0,3,-70
1754123086.49746,5,4,-65
1754123086.53546,2,-1,-68
1754123086.57446,0,-4,-63
1754123086.61046,0,0,-66
1754123086.64746,0,-2,-57
1754123086.68646,-2,-7,-65
1754123086.72446,-7,-2,-67
1754123086.76046,0,0,-57
1754123086.79746,-2,-3,-62
1754123086.83646,3,3,-79
1754123086.87446,-1,0,-70
1754123086.91046,8,-1,-60
1754123086.9474602,4,0,-65
1754123086.9864602,0,-1,-66
1754123087.02446,-1,-2,-59
1754123087.06046,-2,-8,-60
1754123087.0984602,-5,-4,-60
1754123087.13646,0,2,-61
1754123087.17546,-4,-1,-61
1754123087.21146,-2,2,-53
1754123087.24946,0,-5,-71
1754123087.28746,0,0,-67
1754123087.32646,-1,-2,-63
1754123087.36446,0,-3,-61
1754123087.40046,-2,1,-47
1754123087.43846,0,3,-47
1754123087.47646,4,2,-63
1754123087.51546,4,4,-66
1754123087.55146,1,0,-63
1754123087.5884602,-7,1,-49
1754123087.62646,6,7,-58
1754123087.66546,1,6,-62
1754123087.70146,-2,2,-59
1754123087.73946,-4,0,-62
1754123087.77746,3,-4,-63
1754123087.81646,-5,-4,-61
1754123087.85446,-5,0,-63
1754123087.89046,-9,-3,-63
1754123087.92846,3,-5,-68
1754123087.9674602,-1,-4,-67
1754123088.00546,-1,6,-59
1754123088.04146,0,5,-64
1754123088.07846,0,1,-68
1754123088.11746,2,2,-62
1754123088.15546,-3,-2,-48
1754123088.19146,1,3,-56
1754123088.22846,-1,-4,-68
1754123088.26746,-3,6,-60
1754123088.30546,-3,-1,-64
1754123088.34146,-1,-3,-61
1754123088.38046,-3,2,-61
1754123088.4174602,0,1,-61
1754123088.45646,-7,-2,-56
1754123088.49246,-7,3,-55
1754123088.53046,-8,0,-75
1754123088.56846,-3,4,-71
1754123088.60646,-3,-4,-72
1754123088.64546,-3,-6,-67
1754123088.68146,-2,-2,-67
1754123088.71946,-10,2,-64
1754123088.75746,-5,-2,-78
1754123088.7964602,-3,0,-71
1754123088.83346,-1,-7,-69
1754123088.87046,1,-2,-62
1754123088.90846,0,-3,-65
1754123088.9474602,2,-6,-67
1754123088.98546,1,-1,-51
1754123089.02146,1,-8,-59
1754123089.05846,3,-1,-61
1754123089.09746,8,3,-61
1754123089.13546,0,6,-53
1754123089.1714602,-6,3,-61
1754123089.20946,-9,2,-66
1754123089.24746,2,-2,-73
1754123089.2864602,-5,-1,-75
1754123089.3224602,1,1,-64
1754123089.36046,-4,2,-59
1754123089.39846,-3,-4,-65
1754123089.4374602,-1,-7,-61
1754123089.47546,-1,-5,-56
1754123089.51146,0,-4,-64
1754123089.55046,-12,0,-69
1754123089.58746,-2,5,-72
1754123089.62646,0,3,-58
1754123089.66346,2,1,-53
1754123089.7004602,1,3,-67
1754123089.73846,-1,-3,-69
1754123089.77746,2,-11,-66
1754123089.8154602,0,-5,-50
1754123089.85146,3,-9,-60
1754123089.88946,6,-5,-67
1754123089.92846,3,-7,-69
1754123089.96646,-6,-9,-67
1754123090.00246,0,-5,-59
1754123090.0394602,-2,-8,-60
1754123090.07746,4,0,-65
1754123090.11646,4,-6,-76
1754123090.15246,-2,-6,-67
1754123090.19146,-4,-5,-67
1754123090.22846,-2,0,-55
1754123090.26746,5,-1,-57
1754123090.30546,-3,3,-58
1754123090.34146,-5,7,-45
1754123090.37946,-4,-1,-66
1754123090.4174602,1,-5,-67
1754123090.45646,-3,-1,-69
1754123090.49246,-7,-5,-61
1754123090.53046,-5,-1,-68
1754123090.56846,-10,-3,-64
1754123090.60646,-3,-9,-76
1754123090.64246,0,-2,-65
1754123090.68046,-4,-4,-71
1754123090.71946,0,-6,-61
1754123090.75746,-8,0,-56
1754123090.79346,-8,0,-59
1754123090.83146,0,2,-59
1754123090.87046,6,2,-61
1754123090.9074602,-3,-2,-62
1754123090.94646,3,0,-73
1754123090.98246,3,-4,-74
1754123091.02046,2,0,-68
1754123091.05846,-5,-5,-68
1754123091.09746,-3,3,-68
1754123091.13346,-10,1,-60
1754123091.1714602,0,-2,-64
1754123091.20946,1,0,-66
1754123091.24846,1,0,-71
1754123091.2864602,-2,3,-67
1754123091.3224602,-2,10,-68
1754123091.36046,1,5,-63
1754123091.39946,9,7,-61
1754123091.4374602,-2,-4,-74
1754123091.4734602,-4,-2,-76
1754123091.51246,5,11,-60
1754123091.5494602,1,7,-66
1754123091.5884602,4,5,-61
1754123091.62646,8,0,-67
1754123091.66246,-6,6,-65
1754123091.69946,-7,3,-57
1754123091.73846,-7,0,-74
1754123091.7764602,1,-5,-68
1754123091.8124602,-1,-2,-73
1754123091.85046,2,-5,-51
1754123091.8884602,4,-3,-55
1754123091.9274602,3,1,-68
1754123091.9634602,-2,2,-60
1754123092.00146,-12,0,-70
1754123092.0394602,-6,-1,-67
1754123092.07846,0,-8,-57
1754123092.11646,2,-2,-56
1754123092.15246,7,2,-61
1754123092.1904602,-1,0,-66
1754123092.22846,-2,5,-63
1754123092.2664602,-4,-7,-59
1754123092.3024602,0,-2,-60
1754123092.34046,2,-7,-61
1754123092.3784602,-2,-5,-62
1754123092.4174602,-7,0,-55
1754123092.45346,-5,0,-59
1754123092.49146,-4,-12,-52
1754123092.5294602,1,-2,-64
1754123092.56846,1,0,-67
1754123092.60446,-1,-3,-66
1754123092.64246,0,0,-61
1754123092.68046,2,1,-64
1754123092.71846,6,-1,-53
1754123092.75746,0,3,-52
1754123092.79346,-3,-1,-53
1754123092.8324602,4,0,-69
1754123092.86946,5,-4,-67
1754123092.91346,2,-1,-67
1754123092.95246,-2,3,-62
1754123092.98946,-5,-1,-51
1754123093.02846,1,1,-56
1754123093.06446,-2,3,-57
1754123093.10246,-4,-5,-59
1754123093.14046,1,-4,-69
1754123093.17846,4,-5,-67
1754123093.2174602,-1,-3,-64
1754123093.2534602,-2,-3,-59
1754123093.29146,0,-1,-67
1754123093.32946,-4,1,-64
1754123093.3684602,-2,2,-62
1754123093.4044602,-1,-1,-58
1754123093.44346,0,-2,-63
1754123093.4804602,0,6,-65
1754123093.5194602,-8,7,-55
1754123093.55746,-1,1,-59
1754123093.59346,0,-5,-58
1754123093.6314602,-6,1,-65
1754123093.66946,-4,2,-52
1754123093.70846,-3,4,-66
1754123093.74446,4,1,-55
1754123093.78146,2,3,-62
1754123093.8194602,-1,-2,-61
1754123093.8584602,-8,1,-63
1754123093.8944602,5,-2,-61
1754123093.93246,-1,-2,-60
1754123093.9704602,1,0,-45
1754123094.0094602,-2,0,-61
1754123094.04746,-2,5,-66
1754123094.08446,-1,3,-64
1754123094.12246,-6,-4,-56
1754123094.15946,0,-4,-52
1754123094.19846,1,-5,-61
1754123094.23446,0,-1,-56
1754123094.27246,1,1,-56
1754123094.31046,3,3,-57
1754123094.34946,-6,2,-61
1754123094.38746,2,3,-68
1754123094.42346,3,-3,-57
1754123094.46146,1,0,-70
1754123094.49946,4,3,-73
1754123094.53846,0,3,-61
1754123094.57446,-1,1,-63
1754123094.61246,0,3,-64
1754123094.65046,-3,-4,-67
1754123094.68946,-4,-3,-67
1754123094.72746,0,0,-66
1754123094.7634602,3,0,-60
1754123094.80046,-8,-3,-63
1754123094.83946,-1,-3,-65
1754123094.87546,-4,-2,-72
1754123094.9144602,-3,-3,-68
1754123094.95146,-11,-3,-63
1754123094.98946,-1,0,-61
1754123095.02846,0,-2,-61
1754123095.06446,-2,0,-66
1754123095.10146,3,7,-61
1754123095.13946,2,4,-66
1754123095.17846,-2,-2,-74
1754123095.21446,9,-9,-76
1754123095.25246,1,-7,-70
1754123095.29046,0,-3,-60
1754123095.32946,0,-1,-59
1754123095.3654602,3,-6,-65
1754123095.40346,-6,-1,-64
1754123095.44146,-5,-3,-67
1754123095.47946,0,1,-61
1754123095.51846,2,1,-57
1754123095.55446,-1,-2,-56
1754123095.5924602,0,-3,-52
1754123095.63046,0,-2,-59
1754123095.66946,1,-4,-59
1754123095.70546,0,-4,-59
1754123095.7434602,2,3,-76
1754123095.78146,3,3,-68
1754123095.82046,-5,-6,-68
1754123095.8584602,2,0,-63
1754123095.8944602,0,0,-54
1754123095.93146,4,-1,-62
1754123095.9704602,4,0,-64
1754123096.00846,2,-4,-67
1754123096.04446,-1,-5,-63
1754123096.0824602,-2,-1,-71
1754123096.1214602,3,-3,-68
1754123096.15946,0,4,-55
1754123096.19646,1,0,-70
1754123096.23446,-2,3,-64
1754123096.27146,-3,3,-66
1754123096.31046,-2,4,-66
1754123096.3484602,1,4,-70
1754123096.3844602,4,3,-64
1754123096.4214602,3,2,-63
1754123096.4604602,0,-2,-52
1754123096.49846,0,-3,-59
1754123096.53446,-2,0,-46
1754123096.5724602,-1,0,-62
1754123096.61046,2,-1,-55
1754123096.64946,6,6,-64
1754123096.68546,7,2,-55
1754123096.72246,-2,-1,-58
1754123096.76046,5,3,-66
1754123096.7994602,-2,-2,-67
1754123096.8354602,-4,2,-67
1754123096.87346,-4,-1,-70
1754123096.9114602,1,-3,-57
1754123096.9504602,0,-2,-75
1754123096.98846,6,-4,-66
1754123097.02446,4,-1,-69
1754123097.06346,-2,-4,-67
1754123097.10046,-2,-1,-61
1754123097.13946,0,-7,-56
1754123097.17646,3,0,-66
1754123097.2134602,10,-2,-64
1754123097.25146,3,-4,-49
1754123097.29046,5,2,-63
1754123097.32646,1,0,-61
1754123097.36346,-3,-2,-57
1754123097.4014602,6,0,-58
1754123097.4404602,1,0,-62
1754123097.47646,-3,0,-55
1754123097.5134602,-2,5,-69
1754123097.55146,0,1,-73
1754123097.59046,3,2,-71
1754123097.62646,0,8,-69
1754123097.66346,-1,0,-70
1754123097.70146,3,-2,-66
1754123097.7404602,2,-3,-72
1754123097.7764602,0,-9,-72
1754123097.81446,2,-7,-69
1754123097.85246,-2,1,-75
1754123097.89046,-3,3,-68
1754123097.92946,-2,-2,-55
1754123097.96546,-4,-2,-63
1754123098.0034602,-3,-4,-71
1754123098.0424602,-1,0,-68
1754123098.08046,0,2,-61
1754123098.11646,-7,0,-67
1754123098.1544602,3,4,-65
1754123098.19246,-2,-2,-75
1754123098.23146,-2,1,-67
1754123098.2694602,-2,5,-55
1754123098.30546,-1,6,-58
1754123098.3424602,-9,9,-59
1754123098.3814602,0,0,-66
1754123098.41946,6,0,-67
1754123098.45546,-7,6,-61
1754123098.4934602,-5,1,-61
1754123098.53146,-5,1,-56
1754123098.57046,-2,-9,-59
1754123098.60646,0,-8,-65
1754123098.6444602,4,-5,-65
1754123098.68346,13,-8,-60
1754123098.72146,3,-2,-61
1754123098.7594602,0,4,-65
1754123098.79546,-2,1,-61
1754123098.83346,0,0,-65
1754123098.8714602,-4,2,-75
1754123098.91046,-2,-2,-59
1754123098.94646,7,0,-56
1754123098.9834602,2,5,-56
1754123099.02146,0,0,-63
1754123099.06046,-5,-2,-54
1754123099.09646,-5,-1,-62
1754123099.1344602,5,-1,-68
1754123099.17346,-4,-5,-64
1754123099.21146,-8,-5,-61
1754123099.24946,0,1,-64
1754123099.28546,2,0,-57
1754123099.3224602,0,4,-64
1754123099.3614602,-3,-1,-70
1754123099.39946,-9,0,-70
1754123099.43546,1,-1,-57
1754123099.47246,-2,0,-62
1754123099.51146,-6,2,-69
1754123099.54746,-7,0,-68
1754123099.58646,-6,5,-64
1754123099.62346,-1,-5,-60
1754123099.6614602,-6,-6,-64
1754123099.7004602,-2,3,-56
1754123099.7364602,1,2,-55
1754123099.77346,0,0,-57
1754123099.81146,1,-1,-55
1754123099.85046,-1,-3,-56
1754123099.88646,2,-1,-59
1754123099.9244602,6,2,-57
1754123099.96146,4,0,-72
1754123100.00046,-1,1,-63
1754123100.0364602,1,3,-67
1754123100.07446,3,0,-65
1754123100.1114602,-8,0,-62
1754123100.15046,-3,2,-69
1754123100.18646,-5,6,-69
1754123100.2234602,-4,-2,-70
1754123100.26146,0,0,-65
1754123100.30046,2,-4,-54
1754123100.33646,2,-3,-53
1754123100.37446,0,-6,-49
1754123100.41246,-4,-6,-63
1754123100.4504602,1,-3,-67
1754123100.4864602,3,-1,-64
1754123100.52446,4,-7,-59
1754123100.5624602,1,-3,-60
1754123100.60146,0,-1,-59
1754123100.63746,1,-6,-53
1754123100.6744602,-3,-2,-48
1754123100.71246,-4,0,-53
1754123100.75146,5,-7,-63
1754123100.78746,2,-6,-70
1754123100.82446,0,3,-71
1754123100.86246,-1,0,-52
1754123100.9014602,1,1,-59
1754123100.9374602,-5,-4,-46
1754123100.97546,3,0,-52
1754123101.0134602,0,-4,-60
1754123101.0524602,0,1,-63
1754123101.09046,6,-5,-52
1754123101.12646,0,0,-59
1754123101.16346,-5,0,-64
1754123101.20246,-2,4,-52
1754123101.2404602,-12,0,-52
1754123101.2764602,-1,0,-64
1754123101.3154602,0,4,-63
1754123101.35246,-1,1,-68
1754123101.3914602,2,-9,-71
1754123101.4274602,0,0,-73
1754123101.46446,0,-9,-61
1754123101.50246,9,-1,-68
1754123101.54146,1,6,-66
1754123101.57746,0,10,-67
1754123101.61446,0,7,-69
1754123101.65246,3,-3,-64
1754123101.69146,0,1,-59
1754123101.72746,-1,-3,-54
1754123101.76546,-3,-1,-63
1754123101.80346,-3,8,-63
1754123101.8424602,0,0,-54
1754123101.8784602,3,-1,-59
1754123101.91646,-3,-4,-70
1754123101.95546,3,3,-61
1754123101.99246,-5,-2,-59
1754123102.03146,-5,-2,-67
1754123102.06746,-5,-4,-63
1754123102.1054602,-4,-9,-56
1754123102.14346,-3,-3,-55
1754123102.18246,1,0,-63
1754123102.21846,-2,-4,-51
1754123102.2564602,1,0,-55
1754123102.29446,-6,3,-67
1754123102.3324602,0,1,-50
1754123102.3714602,0,-3,-61
1754123102.4074602,-2,-1,-61
1754123102.44546,-4,5,-69
1754123102.48446,-6,-5,-76
1754123102.52246,0,4,-67
1754123102.55846,-4,-1,-69
1754123102.59646,-5,-1,-55
1754123102.6344602,-4,0,-53
1754123102.67346,3,-4,-52
1754123102.71146,2,-3,-55
1754123102.74746,-3,-3,-64
1754123102.78546,0,-6,-69
1754123102.82346,0,-2,-70
1754123102.86246,-5,0,-65
1754123102.89846,-6,-3,-67
1754123102.9444602,0,-2,-69
1754123102.98246,0,6,-59
1754123103.01846,0,0,-60
1754123103.05646,4,-1,-68
1754123103.09346,0,-4,-72
1754123103.13246,2,-3,-68
1754123103.16846,1,-1,-70
1754123103.20646,1,0,-63
1754123103.24446,-5,2,-68
1754123103.28346,2,1,-69
1754123103.32146,0,-1,-69
1754123103.35746,-2,-2,-77
1754123103.39546,0,0,-68
1754123103.43346,-3,-7,-59
1754123103.47246,0,0,-71
1754123103.50846,-1,-4,-75
1754123103.54746,-4,-10,-82
1754123103.58446,2,-2,-75
1754123103.62346,-5,-9,-59
1754123103.6614602,-6,-4,-66
1754123103.6974602,5,0,-57
1754123103.73446,-1,0,-64
1754123103.77346,5,-1,-64
1754123103.81146,5,3,-62
1754123103.84746,0,1,-65
1754123103.8844602,-2,-4,-68
1754123103.92346,0,-2,-70
1754123103.96146,3,-1,-64
1754123103.99946,5,1,-60
1754123104.0364602,0,-1,-66
1754123104.07446,-7,0,-71
1754123104.11346,-9,-5,-60
1754123104.14946,1,-4,-63
1754123104.1874602,-1,0,-54
1754123104.22646,-6,4,-62
1754123104.2634602,-1,0,-61
1754123104.3024602,0,-5,-66
1754123104.3384602,-1,-3,-59
1754123104.37646,-5,-10,-57
1754123104.4144602,-4,-8,-56
1754123104.45346,8,-7,-49
1754123104.48946,0,-3,-56
1754123104.5264602,3,-2,-65
1754123104.56446,-3,0,-70
1754123104.60346,-7,-2,-57
1754123104.63946,0,-1,-65
1754123104.67646,0,-8,-65
1754123104.71446,0,-8,-57
1754123104.7534602,10,-1,-63
1754123104.7894602,6,0,-70
1754123104.82646,4,-4,-75
1754123104.86446,2,-2,-69
1754123104.90346,6,-3,-73
1754123104.93946,7,4,-57
1754123104.97646,3,4,-62
1754123105.01446,-7,0,-68
1754123105.05346,0,-1,-71
1754123105.08946,7,0,-74
1754123105.12646,5,0,-55
1754123105.1644602,6,-1,-50
1754123105.20346,0,-5,-60
1754123105.23946,0,-2,-56
1754123105.27746,-3,-3,-69
1754123105.31646,0,2,-55
1754123105.35446,4,3,-47
1754123105.39246,9,0,-63
1754123105.42946,0,-1,-60
1754123105.46646,-7,-4,-58
1754123105.50446,0,1,-47
1754123105.54346,0,1,-62
1754123105.57946,1,5,-56
1754123105.61646,6,1,-62
1754123105.6544602,9,-3,-66
1754123105.69346,5,-4,-61
1754123105.72946,2,-6,-57
1754123105.76746,-1,0,-50
1754123105.80546,8,-2,-68
1754123105.84446,4,0,-66
1754123105.88246,5,3,-74
1754123105.91846,5,3,-78
1754123105.95546,4,3,-62
1754123105.99446,6,0,-67
1754123106.0324602,5,-6,-57
1754123106.06846,1,-8,-64
1754123106.10646,1,2,-68
1754123106.14546,1,4,-55
1754123106.18346,-4,2,-63
1754123106.21946,-2,0,-65
1754123106.25846,0,-1,-70
1754123106.29546,-3,0,-67
1754123106.33446,0,2,-73
1754123106.37246,0,7,-73
1754123106.40846,2,7,-72
1754123106.44546,0,-7,-62
1754123106.48446,-2,-8,-53
1754123106.52046,9,-4,-60
1754123106.55846,1,-1,-65
1754123106.59646,6,-3,-66
1754123106.6344602,-4,6,-65
1754123106.67346,0,3,-62
1754123106.70946,-8,-2,-60
1754123106.74746,-3,0,-66
1754123106.78546,0,-4,-66
1754123106.82446,1,1,-64
1754123106.86046,5,-5,-64
1754123106.89846,0,-2,-68
1754123106.9374602,0,-2,-65
1754123106.97446,7,0,-61
1754123107.0134602,2,0,-62
1754123107.0494602,-1,-4,-69
1754123107.08746,6,1,-68
1754123107.12546,7,-1,-71
1754123107.1644602,-6,0,-72
1754123107.2004602,2,-1,-64
1754123107.23846,-1,-3,-63
1754123107.2764602,0,0,-72
1754123107.3154602,5,10,-72
1754123107.35346,-11,5,-64
1754123107.38946,0,7,-65
1754123107.42646,-10,0,-76
1754123107.46546,-1,-5,-68
1754123107.5034602,0,-3,-52
1754123107.5394602,-3,-4,-61
1754123107.57846,5,-2,-61
1754123107.6154602,-5,-2,-70
1754123107.6544602,-5,-2,-63
1754123107.6904602,-6,-3,-60
1754123107.72846,-2,-1,-65
1754123107.7664602,2,-5,-61
1754123107.80546,1,-1,-70
1754123107.84346,-4,-6,-60
1754123107.88046,-6,-4,-55
1754123107.9174602,-6,-5,-64
1754123107.95546,-5,-3,-71
1754123107.99446,-6,-7,-61
1754123108.03046,1,-8,-59
1754123108.06746,-1,-3,-68
1754123108.1054602,8,-6,-68
1754123108.1444602,5,0,-63
1754123108.18046,10,0,-52
1754123108.2174602,0,-3,-60
1754123108.25546,-2,-3,-66
1754123108.29446,-2,-2,-55
1754123108.33046,-2,-2,-68
1754123108.3684602,3,-3,-55
1754123108.40646,0,0,-57
1754123108.44546,-4,-2,-68
1754123108.4834602,1,-6,-71
1754123108.5194602,-3,0,-71
1754123108.55746,-3,-1,-75
1754123108.5954602,-8,-4,-66
1754123108.6344602,-5,1,-62
1754123108.67046,0,2,-63
1754123108.7074602,-8,3,-67
1754123108.74546,-7,-1,-59
1754123108.78446,-4,0,-60
1754123108.82046,2,0,-65
1754123108.85746,5,7,-53
1754123108.89546,-2,2,-58
1754123108.9344602,1,-3,-71
1754123108.9704602,1,5,-63
1754123109.00746,-5,4,-54
1754123109.04546,-1,4,-64
1754123109.08446,7,-8,-61
1754123109.12046,5,-1,-59
1754123109.15846,-1,6,-63
1754123109.19646,-7,-3,-65
1754123109.23546,-3,0,-64
1754123109.27146,0,0,-64
1754123109.31046,-5,-3,-53
1754123109.34746,0,0,-60
1754123109.38546,0,0,-58
1754123109.4244602,0,-3,-68
1754123109.4604602,3,-1,-61
1754123109.49846,6,0,-68
1754123109.5364602,2,-2,-61
1754123109.5754602,0,-3,-55
1754123109.6114602,-5,-1,-56
1754123109.64946,-6,1,-62
1754123109.6874602,-4,-3,-66
1754123109.72646,3,1,-63
1754123109.76446,2,-1,-59
1754123109.80046,3,-4,-56
1754123109.83946,8,0,-67
1754123109.87646,7,0,-66
1754123109.91546,4,1,-64
1754123109.95246,0,9,-70
1754123109.98946,5,4,-71
1754123110.02746,4,0,-72
1754123110.06646,8,-7,-71
1754123110.10446,0,1,-62
1754123110.14046,0,0,-58
1754123110.17846,4,-7,-66
1754123110.21646,12,-1,-62
1754123110.25546,-3,-2,-63
1754123110.29146,6,0,-56
1754123110.32846,6,-3,-65
1754123110.36646,5,-2,-66
1754123110.40546,9,0,-66
1754123110.44146,4,-2,-57
1754123110.47946,1,0,-49
1754123110.51846,0,-2,-60
1754123110.55646,-2,-6,-63
1754123110.59446,0,0,-67
1754123110.63046,-3,-6,-74
1754123110.66846,-4,0,-67
1754123110.70646,2,1,-65
1754123110.74546,1,-6,-66
1754123110.78146,-3,0,-69
1754123110.8194602,4,-3,-68
1754123110.85746,4,2,-73
1754123110.89646,-4,-1,-70
1754123110.93246,-5,0,-63
1754123110.9704602,0,-3,-62
1754123111.00846,-3,-4,-68
1754123111.0464602,-2,-1,-70
1754123111.0854602,1,-2,-61
1754123111.1214602,6,-4,-65
1754123111.15946,0,-2,-66
1754123111.19646,-3,2,-60
1754123111.23546,-1,2,-72
1754123111.27146,8,1,-71
1754123111.30846,5,-4,-60
1754123111.34646,5,-5,-65
1754123111.38546,-1,-2,-67
1754123111.4214602,-3,1,-53
1754123111.45846,4,-2,-69
1754123111.4964602,2,2,-68
1754123111.53546,0,2,-64
1754123111.57146,11,2,-52
1754123111.6084602,7,3,-62
1754123111.64646,3,-1,-62
1754123111.68546,3,-3,-62
1754123111.72146,-5,0,-61
1754123111.75846,-3,-4,-58
1754123111.7964602,-2,-6,-54
1754123111.8354602,0,-1,-56
1754123111.8714602,2,-5,-60
1754123111.90946,-3,-4,-58
1754123111.9474602,2,2,-62
1754123111.9864602,-3,0,-61
1754123112.02246,0,3,-66
1754123112.06046,-7,3,-55
1754123112.0984602,-2,1,-54
1754123112.13746,1,5,-70
1754123112.17546,0,-4,-68
1754123112.21146,-1,-4,-71
1754123112.24946,-7,4,-67
1754123112.28746,-6,2,-59
1754123112.32646,-6,4,-52
1754123112.36246,0,1,-58
1754123112.40046,-1,0,-69
1754123112.4374602,0,0,-61
1754123112.47646,0,0,-61
1754123112.51246,5,-1,-65
1754123112.55046,11,-5,-60
1754123112.5884602,1,-2,-64
1754123112.62746,0,-5,-63
1754123112.66546,2,-1,-66
1754123112.70146,-4,0,-67
1754123112.73946,-3,4,-58
1754123112.77746,-4,3,-56
1754123112.81646,-6,2,-62
1754123112.85246,-4,-2,-64
1754123112.89046,10,-1,-58
1754123112.92846,5,7,-64
1754123112.97246,8,9,-64
1754123113.01146,0,-2,-62
1754123113.04846,-2,-3,-59
1754123113.08746,-6,-3,-63
1754123113.12546,0,-4,-72
1754123113.1614602,8,-2,-64
1754123113.19846,3,-1,-64
1754123113.23746,0,6,-67
1754123113.27546,2,-1,-56
1754123113.31146,0,0,-58
1754123113.3484602,4,3,-63
1754123113.38746,-3,1,-65
1754123113.42346,-1,3,-75
1754123113.46146,-2,-2,-60
1754123113.49946,-2,-3,-48
1754123113.53746,1,-3,-64
1754123113.57646,3,0,-64
1754123113.61246,-1,-1,-69
1754123113.65046,4,6,-58
1754123113.68846,6,0,-60
1754123113.72746,1,0,-67
1754123113.7634602,1,3,-56
1754123113.80146,6,5,-56
1754123113.84046,-5,-4,-61
1754123113.87746,-9,1,-66
1754123113.91646,-3,-2,-67
1754123113.95246,-11,3,-77
1754123113.9904602,-1,1,-65
1754123114.02846,-3,-2,-63
1754123114.06746,1,2,-61
1754123114.10346,2,-3,-68
1754123114.1414602,-1,0,-72
1754123114.17946,7,0,-48
1754123114.21846,1,-4,-55
1754123114.2564602,9,2,-61
1754123114.2924602,4,7,-65
1754123114.32946,0,0,-69
1754123114.3684602,0,-2,-55
1754123114.40646,6,0,-56
1754123114.44246,0,-5,-69
1754123114.47946,-3,-1,-64
1754123114.51846,-1,-2,-66
1754123114.55646,0,0,-74
1754123114.5924602,-2,1,-75
1754123114.62946,0,0,-62
1754123114.66846,-1,-4,-60
1754123114.70646,0,-2,-75
1754123114.74246,1,3,-58
1754123114.78046,0,4,-55
1754123114.8194602,0,-1,-50
1754123114.85746,-4,-3,-53
1754123114.89346,-1,0,-60
1754123114.93046,1,-7,-57
1754123114.96846,-4,-7,-61
1754123115.00746,2,-2,-63
1754123115.04346,1,-7,-73
1754123115.08146,0,-5,-68
1754123115.11946,-7,-5,-69
1754123115.15846,0,-6,-73
1754123115.19646,0,0,-70
1754123115.23246,7,-1,-69
1754123115.27046,-1,0,-65
1754123115.30846,-1,0,-76
1754123115.34746,-3,-8,-66
1754123115.38346,2,-5,-62
1754123115.4214602,-1,0,-64
1754123115.45946,4,7,-58
1754123115.49846,3,6,-62
1754123115.53446,4,4,-64
1754123115.57146,4,7,-74
1754123115.60946,0,-5,-73
1754123115.64846,-1,-10,-73
1754123115.6844602,0,-3,-72
1754123115.72246,2,-1,-55
1754123115.76046,1,0,-70
1754123115.79846,-2,0,-74
1754123115.83746,-9,0,-59
1754123115.87346,-3,1,-59
1754123115.9114602,3,-1,-63
1754123115.94946,6,3,-58
1754123115.98846,3,0,-51
1754123116.02446,-7,4,-58
1754123116.0624602,-1,5,-60
1754123116.10146,3,-2,-60
1754123116.13946,0,-2,-63
1754123116.1774602,6,0,-57
1754123116.21446,10,-3,-59
1754123116.25146,1,-6,-71
1754123116.2894602,-2,-5,-69
1754123116.32846,2,0,-68
1754123116.36446,0,-6,-60
1754123116.40246,-1,-2,-53
1754123116.4404602,-1,-5,-57
1754123116.47946,2,-2,-58
1754123116.51746,-3,-7,-63
1754123116.55346,-1,-8,-60
1754123116.5924602,-1,-13,-62
1754123116.62946,-2,-10,-73
1754123116.66846,1,-6,-66
1754123116.70446,4,-2,-65
1754123116.74246,-5,-5,-64
1754123116.78046,2,-6,-57
1754123116.8194602,4,-3,-69
1754123116.85746,2,-7,-47
1754123116.89346,3,-3,-53
1754123116.93146,-4,0,-60
1754123116.96946,-4,-3,-52
1754123117.00846,1,-1,-60
1754123117.04446,-3,0,-66
1754123117.0824602,-3,3,-67
1754123117.12046,-6,0,-56
1754123117.15946,-5,-3,-54
1754123117.1974602,-6,-1,-67
1754123117.2334602,-3,4,-65
1754123117.27146,1,0,-59
1754123117.3094602,2,2,-56
1754123117.3484602,4,3,-61
1754123117.3844602,6,0,-68
1754123117.4214602,7,-9,-55
1754123117.45946,-3,0,-61
1754123117.49846,0,-4,-62
1754123117.53446,-1,-9,-57
1754123117.5724602,-1,-7,-64
1754123117.61046,5,-2,-66
1754123117.64946,1,-1,-67
1754123117.6874602,-1,0,-59
1754123117.7234602,-2,-2,-59
1754123117.76146,2,4,-68
1754123117.80046,3,-2,-66
1754123117.8384602,-2,1,-68
1754123117.87446,-7,9,-58
1754123117.91346,-1,1,-46
1754123117.9504602,1,-5,-56
1754123117.98946,1,-2,-68
1754123118.02546,7,1,-68
1754123118.06346,1,0,-56
1754123118.10046,-1,1,-63
1754123118.13946,-1,-4,-71
1754123118.17546,0,-1,-73
1754123118.2134602,-5,-3,-75
1754123118.25146,0,0,-71
1754123118.2894602,4,-12,-68
1754123118.32846,2,-3,-51
1754123118.36446,6,-3,-54
1754123118.40246,8,-1,-59
1754123118.44146,7,0,-63
1754123118.47946,1,0,-65
1754123118.51546,1,3,-57
1754123118.5524602,0,-2,-57
1754123118.59146,0,1,-65
1754123118.62946,0,3,-72
1754123118.66546,3,2,-64
1754123118.70246,-6,-5,-73
1754123118.7404602,0,0,-77
1754123118.7794602,-4,-2,-65
1754123118.8154602,0,1,-72
1754123118.85246,4,0,-63
1754123118.8914602,2,-9,-68
1754123118.92946,-7,-13,-59
1754123118.96546,-5,-2,-59
1754123119.0034602,4,0,-75
1754123119.04146,-2,-2,-64
1754123119.08046,-2,-2,-62
1754123119.1184602,0,-1,-59
1754123119.1544602,-2,0,-61
1754123119.19246,-2,4,-64
1754123119.2304602,-1,-2,-82
1754123119.2694602,0,-1,-68
1754123119.30546,6,-8,-72
1754123119.34346,4,0,-66
1754123119.3814602,-1,-2,-72
1754123119.42046,0,-4,-73
1754123119.45846,-1,0,-64
1754123119.49446,-2,-2,-64
1754123119.5324602,0,-5,-52
1754123119.57046,0,3,-50
1754123119.60946,-1,0,-58
1754123119.64546,-4,-1,-69
1754123119.68346,6,-4,-67
1754123119.72146,-7,-4,-58
1754123119.76046,-6,-7,-59
1754123119.7994602,-3,-7,-55
1754123119.8354602,-6,0,-67
1754123119.87346,-4,-1,-71
1754123119.91246,-1,-3,-72
1754123119.9504602,-1,5,-67
1754123119.98846,-1,-2,-60
1754123120.02446,-7,-3,-65
1754123120.0624602,-3,2,-64
1754123120.10046,0,2,-62
1754123120.13946,9,1,-63
1754123120.17546,-2,-1,-56
1754123120.2134602,5,0,-59
1754123120.25146,10,0,-66
1754123120.29046,0,0,-68
1754123120.32646,-7,2,-65
1754123120.36446,0,2,-60
1754123120.40346,-6,0,-59
1754123120.4404602,0,-1,-54
1754123120.47946,1,0,-56
1754123120.51546,-4,-3,-77
1754123120.55346,-3,-8,-62
1754123120.59146,-4,-5,-48
1754123120.63046,2,0,-69
1754123120.66646,0,-7,-68
1754123120.70446,-7,0,-62
1754123120.74246,-4,-4,-60
1754123120.78046,-5,-5,-56
1754123120.8194602,-8,4,-67
1754123120.8554602,-3,8,-62
1754123120.89246,-3,4,-73
1754123120.93046,-4,-5,-72
1754123120.96946,-2,-1,-58
1754123121.00546,1,-5,-57
1754123121.04346,0,0,-59
1754123121.08146,6,-4,-66
1754123121.12046,10,-1,-69
1754123121.15646,2,0,-66
1754123121.19346,1,6,-72
1754123121.23146,0,0,-58
1754123121.27046,-4,2,-66
1754123121.30646,-2,0,-66
1754123121.34346,2,0,-72
1754123121.3814602,-4,0,-72
1754123121.42046,-4,-3,-63
1754123121.45646,0,-3,-56
1754123121.4934602,-4,-1,-65
1754123121.53146,0,-7,-64
1754123121.57046,3,-4,-72
1754123121.60646,2,-4,-64
1754123121.6444602,-2,0,-57
1754123121.68246,-4,-3,-70
1754123121.72146,-6,-2,-59
1754123121.7594602,-3,-2,-73
1754123121.79546,-4,-6,-68
1754123121.83346,-4,0,-55
1754123121.87246,-1,0,-62
1754123121.91046,-4,8,-57
1754123121.94646,-5,5,-46
1754123121.98546,-3,1,-64
1754123122.02246,-2,-3,-61
1754123122.06146,0,-1,-63
1754123122.09946,-1,5,-60
1754123122.13546,0,0,-57
1754123122.17246,-3,-1,-55
1754123122.21146,0,-2,-65
1754123122.24946,-5,1,-69
1754123122.28546,-9,-2,-79
1754123122.32346,-11,0,-73
1754123122.3614602,-4,-6,-74
1754123122.40046,-4,-2,-62
1754123122.43646,0,-1,-69
1754123122.47446,1,0,-49
1754123122.51246,-4,0,-59
1754123122.55146,0,-3,-60
1754123122.58746,4,2,-66
1754123122.62446,1,0,-69
1754123122.66246,-1,-1,-63
1754123122.70146,3,-3,-77
1754123122.73746,2,-8,-67
1754123122.77546,-6,-3,-71
1754123122.81446,0,-4,-69
1754123122.85146,1,-6,-61
1754123122.89046,1,-6,-70
1754123122.92646,4,1,-67
1754123122.96446,-1,1,-60
1754123123.01046,6,-3,-66
1754123123.0464602,5,1,-79
1754123123.08446,2,0,-65
1754123123.1214602,7,-3,-63
1754123123.16046,-3,-11,-59
1754123123.19646,2,-6,-67
1754123123.2334602,-3,1,-69
1754123123.27146,-2,0,-69
1754123123.31046,3,0,-67
1754123123.34646,-1,0,-62
1754123123.3844602,0,-4,-60
1754123123.42246,9,5,-76
1754123123.46146,4,-2,-68
1754123123.49746,-1,3,-68
1754123123.53546,0,2,-63
1754123123.57346,-1,0,-56
1754123123.61246,6,2,-61
1754123123.65046,0,-2,-68
1754123123.68646,-2,-9,-64
1754123123.72446,0,-4,-65
1754123123.76246,2,-4,-65
1754123123.80146,-1,-3,-74
1754123123.83746,-1,0,-70
1754123123.87646,7,-1,-69
1754123123.91346,0,-2,-65
1754123123.95246,1,0,-63
1754123123.9904602,2,2,-61
1754123124.0264602,0,0,-61
1754123124.06346,9,-1,-63
1754123124.10246,0,4,-50
1754123124.14046,6,-2,-64
1754123124.17646,1,-1,-52
1754123124.21446,-3,4,-62
1754123124.25246,-6,-2,-70
1754123124.29146,2,2,-58
1754123124.32746,4,2,-58
1754123124.36446,0,-7,-62
1754123124.40246,3,-3,-60
1754123124.44146,0,-6,-64
1754123124.47746,0,-2,-63
1754123124.51546,3,0,-63
1754123124.55346,0,-4,-75
1754123124.5924602,0,-2,-65
1754123124.6284602,0,-1,-58
1754123124.66546,3,-1,-60
1754123124.70346,5,-8,-60
1754123124.74246,0,-3,-66
1754123124.77846,4,-2,-69
1754123124.81646,3,-3,-59
1754123124.85446,-9,0,-70
1754123124.89246,-5,1,-62
1754123124.93146,-5,0,-59
1754123124.9674602,0,-5,-54
1754123125.00546,-3,-13,-67
1754123125.04346,2,-2,-63
1754123125.0824602,-2,-4,-69
1754123125.1184602,-2,0,-56
1754123125.15646,1,-6,-55
1754123125.1944602,-5,-3,-63
1754123125.23246,0,2,-62
1754123125.27146,0,-5,-58
1754123125.30746,-3,-4,-73
1754123125.3454602,1,1,-66
1754123125.38346,1,0,-66
1754123125.42246,6,2,-64
1754123125.45846,1,1,-57
1754123125.49546,2,1,-53
1754123125.53346,2,4,-62
1754123125.5724602,4,1,-60
1754123125.6084602,0,1,-62
1754123125.64546,-1,0,-63
1754123125.68346,0,0,-63
1754123125.72246,0,0,-56
1754123125.75846,3,-4,-61
1754123125.7964602,4,-2,-56
1754123125.83446,0,-3,-67
1754123125.87346,1,2,-72
1754123125.9114602,4,0,-60
1754123125.94846,0,1,-63
1754123125.9864602,-1,4,-79
1754123126.02346,4,-3,-77
1754123126.0624602,5,4,-62
1754123126.0984602,2,-1,-59
1754123126.13646,8,-1,-63
1754123126.17546,4,0,-67
1754123126.2134602,0,0,-39
1754123126.25146,-3,2,-51
1754123126.28746,3,0,-55
1754123126.32446,5,-5,-62
1754123126.36346,0,1,-54
1754123126.4014602,-1,0,-69
1754123126.4374602,-1,2,-68
1754123126.47546,1,-5,-61
1754123126.5134602,3,-1,-69
1754123126.55146,0,0,-54
1754123126.58746,-2,2,-52
1754123126.62446,0,5,-53
1754123126.66346,7,0,-54
1754123126.70146,3,-3,-57
1754123126.73746,0,0,-55
1754123126.77446,-4,-2,-49
1754123126.81346,1,-8,-59
1754123126.85146,0,-4,-58
1754123126.88746,4,-1,-59
1754123126.9244602,2,2,-64
1754123126.9634602,-3,4,-59
1754123126.99946,-6,-2,-60
1754123127.03746,0,-1,-64
1754123127.0754602,0,1,-61
1754123127.11346,0,8,-69
1754123127.15246,1,4,-63
1754123127.18846,0,6,-59
1754123127.22646,6,3,-63
1754123127.26446,0,-1,-67
1754123127.30346,-2,-2,-69
1754123127.33946,-3,1,-79
1754123127.3784602,-3,-3,-80
1754123127.41546,0,-4,-69
1754123127.45346,0,-10,-63
1754123127.49246,-5,-1,-52
1754123127.52846,-8,1,-53
1754123127.56646,0,3,-60
1754123127.60446,-2,5,-64
1754123127.64346,2,2,-58
1754123127.67946,0,-6,-69
1754123127.7174602,-9,1,-69
1754123127.7564602,0,0,-60
1754123127.79346,5,-7,-66
1754123127.8324602,0,-6,-68
1754123127.8684602,-2,-5,-73
1754123127.90646,3,-7,-64
1754123127.9444602,-4,0,-59
1754123127.9834602,2,1,-63
1754123128.0194602,-2,0,-57
1754123128.05746,-1,-8,-60
1754123128.09446,6,2,-63
1754123128.13346,2,-3,-61
1754123128.16946,-4,2,-63
1754123128.2074602,0,-1,-59
1754123128.24446,-2,4,-72
1754123128.28346,-3,2,-62
1754123128.3194602,0,0,-52
1754123128.35746,-6,-6,-64
1754123128.3944602,4,-1,-77
1754123128.43346,2,0,-61
1754123128.46946,6,-5,-65
1754123128.50746,-3,-2,-59
1754123128.54446,0,-1,-61
1754123128.58346,0,-6,-47
1754123128.61946,0,-10,-60
1754123128.6574602,-5,-3,-73
1754123128.6944602,-11,-6,-58
1754123128.7334602,0,3,-58
1754123128.7694602,-2,4,-53
1754123128.80746,3,-1,-62
1754123128.8454602,2,-1,-72
1754123128.8844602,5,-6,-66
1754123128.92246,4,-1,-58
1754123128.95846,0,0,-67
1754123128.99546,5,-6,-65
1754123129.03446,1,3,-59
1754123129.0724602,-1,1,-64
1754123129.1084602,-1,0,-52
1754123129.14646,0,-2,-57
1754123129.1844602,3,-3,-61
1754123129.2234602,-4,-1,-56
1754123129.2594602,-1,-4,-67
1754123129.29846,-2,-4,-69
1754123129.3354602,-10,-1,-71
1754123129.37446,-4,0,-67
1754123129.41046,0,2,-60
1754123129.44846,-3,0,-62
1754123129.48546,0,0,-65
1754123129.52446,-1,0,-57
1754123129.56046,0,-1,-59
1754123129.5984602,-12,-4,-55
1754123129.63646,-6,-2,-65
1754123129.6744602,1,-3,-73
1754123129.7134602,0,-3,-69
1754123129.74946,-2,-3,-62
1754123129.78746,-4,-2,-52
1754123129.8254602,-3,-5,-65
1754123129.86446,0,-1,-61
1754123129.90046,4,0,-64
1754123129.9374602,-3,2,-61
1754123129.97546,-2,-3,-62
1754123130.01446,-3,-3,-63
1754123130.05046,-7,-2,-62
1754123130.0884602,-1,0,-54
1754123130.12746,2,-1,-57
1754123130.1644602,-4,-1,-52
1754123130.20346,-5,-5,-57
1754123130.23946,-6,-6,-64
1754123130.27746,-1,-9,-69
1754123130.3154602,5,-7,-61
1754123130.35446,-10,0,-67
1754123130.39046,-2,-3,-63
1754123130.42846,0,-5,-62
1754123130.46646,0,-4,-47
1754123130.50546,4,-7,-56
1754123130.54346,0,-6,-60
1754123130.57946,0,-5,-63
1754123130.6184602,0,-5,-60
1754123130.65546,-2,-7,-62
1754123130.6944602,-6,-3,-64
1754123130.7304602,-8,-6,-62
1754123130.76846,0,-4,-67
1754123130.80646,3,-4,-58
1754123130.8454602,0,0,-59
1754123130.88346,7,-1,-63
1754123130.91946,-2,-1,-58
1754123130.9574602,3,-3,-67
1754123130.99546,11,3,-63
1754123131.03446,6,1,-62
1754123131.07046,3,-1,-70
1754123131.1084602,0,-4,-62
1754123131.14646,1,-2,-57
1754123131.18546,-3,-2,-58
1754123131.2234602,-2,0,-72
1754123131.2594602,-1,0,-64
1754123131.29746,2,2,-65
1754123131.3354602,1,-2,-77
1754123131.37446,4,-4,-70
1754123131.41046,4,-6,-62
1754123131.4474602,0,0,-63
1754123131.48546,-1,4,-57
1754123131.52446,-4,-4,-52
1754123131.56046,0,-1,-67
1754123131.5984602,-8,-3,-62
1754123131.63646,2,0,-56
1754123131.67546,-1,0,-51
1754123131.71146,3,1,-53
1754123131.74946,0,3,-60
1754123131.78846,1,-1,-61
1754123131.8254602,1,2,-59
1754123131.86446,-2,0,-67
1754123131.90046,1,1,-57
1754123131.93846,6,1,-66
1754123131.97546,6,2,-62
1754123132.01446,-3,-5,-64
1754123132.05046,-1,-10,-58
1754123132.0884602,-6,-2,-67
1754123132.12646,-5,-1,-64
1754123132.16546,-11,0,-69
1754123132.20146,-3,1,-58
1754123132.23946,4,6,-56
1754123132.27746,0,5,-63
1754123132.3154602,-1,2,-47
1754123132.35446,0,6,-55
1754123132.39046,0,-1,-64
1754123132.42846,-2,0,-57
1754123132.46646,3,-1,-49
1754123132.50546,2,0,-58
1754123132.54146,5,-4,-68
1754123132.57946,1,0,-73
1754123132.61746,-4,-10,-57
1754123132.65646,0,-4,-58
1754123132.6944602,0,-7,-58
1754123132.7304602,0,-3,-59
1754123132.76846,7,0,-64
1754123132.80646,3,-2,-62
1754123132.8454602,-3,2,-55
1754123132.8814602,0,0,-60
1754123132.91846,1,-2,-71
1754123132.95646,1,-3,-73
1754123132.99546,3,-3,-64
1754123133.0394602,3,-4,-67
1754123133.07746,0,0,-64
1754123133.11646,5,-3,-57
1754123133.1544602,-4,0,-68
1754123133.1904602,6,7,-65
1754123133.22746,7,9,-67
1754123133.2664602,3,3,-58
1754123133.30446,0,5,-57
1754123133.34046,-3,0,-75
1754123133.3784602,-6,2,-69
1754123133.41646,4,-6,-71
1754123133.45546,-4,-3,-66
1754123133.49146,6,-1,-53
1754123133.5294602,0,-3,-49
1754123133.56746,-2,-4,-58
1754123133.60646,1,-3,-61
1754123133.6444602,1,0,-61
1754123133.68046,0,0,-54
1754123133.7174602,-3,0,-60
1754123133.7564602,0,-4,-58
1754123133.79446,0,0,-63
1754123133.83046,0,2,-60
1754123133.86746,-2,0,-63
1754123133.90646,2,0,-63
1754123133.94246,0,-4,-71
1754123133.9804602,1,-10,-67
1754123134.01846,-1,-3,-52
1754123134.05646,1,-2,-50
1754123134.0954602,3,-4,-59
1754123134.1314602,-2,-3,-62
1754123134.16946,-7,0,-67
1754123134.2074602,-2,2,-62
1754123134.2464602,-1,-2,-51
1754123134.2824602,6,-1,-69
1754123134.3194602,3,1,-64
1754123134.35746,6,2,-70
1754123134.39646,10,-2,-72
1754123134.43246,2,-5,-65
1754123134.46946,-2,3,-59
1754123134.50746,-4,-2,-64
1754123134.5464602,0,-4,-71
1754123134.5824602,-6,-2,-72
1754123134.62046,0,-2,-71
1754123134.65846,-1,-3,-65
1754123134.69646,-5,-5,-74
1754123134.73546,4,0,-59
1754123134.77146,4,-3,-63
1754123134.8094602,6,-3,-63
1754123134.84746,3,3,-69
1754123134.88646,-3,1,-69
1754123134.92246,-2,0,-57
1754123134.9604602,-1,-1,-62
1754123134.99946,2,-4,-59
1754123135.03746,1,-3,-55
1754123135.0754602,1,-4,-66
1754123135.1114602,-2,0,-74
1754123135.14946,0,-1,-63
1754123135.1874602,-2,1,-60
1754123135.22546,3,8,-58
1754123135.26146,1,1,-65
1754123135.29846,2,2,-61
1754123135.33746,1,1,-53
1754123135.37546,9,1,-54
1754123135.4114602,1,-3,-61
1754123135.44946,2,-1,-67
1754123135.48846,0,3,-65
1754123135.5264602,-4,-3,-58
1754123135.5624602,0,3,-58
1754123135.59946,0,1,-60
1754123135.6384602,-2,-4,-62
1754123135.67646,-3,-2,-60
1754123135.71246,0,0,-63
1754123135.74946,3,1,-57
1754123135.78846,6,4,-56
1754123135.82646,3,-1,-64
1754123135.86246,0,-3,-74
1754123135.90046,-6,-7,-66
1754123135.93846,-2,-2,-72
1754123135.97746,2,0,-78
1754123136.01546,8,1,-54
1754123136.05146,6,2,-51
1754123136.0884602,-6,-3,-43
1754123136.12746,1,1,-50
1754123136.16346,1,0,-63
1754123136.2004602,2,0,-58
1754123136.23846,-4,1,-72
1754123136.27746,0,-3,-68
1754123136.31346,4,0,-61
1754123136.35046,4,-12,-61
1754123136.3884602,-2,-6,-61
1754123136.4274602,-6,3,-64
1754123136.4634602,-6,1,-64
1754123136.50146,-4,-2,-58
1754123136.5394602,-2,-4,-61
1754123136.57746,2,2,-63
1754123136.61646,-1,-2,-66
1754123136.65246,-3,-7,-58
1754123136.69146,1,-7,-68
1754123136.72846,4,-1,-67
1754123136.76746,4,-2,-65
1754123136.80446,-2,0,-69
1754123136.84146,-2,-1,-68
1754123136.87946,0,0,-68
1754123136.9174602,-2,3,-68
1754123136.95646,-5,1,-62
1754123136.99246,-2,3,-45
1754123137.03046,-1,5,-62
1754123137.0694602,1,-1,-68
1754123137.10746,-7,-1,-62
1754123137.14346,8,-9,-64
1754123137.18046,6,0,-64
1754123137.21846,6,1,-57
1754123137.25746,-5,3,-57
1754123137.29346,-2,2,-61
1754123137.33146,0,1,-62
1754123137.37046,2,-3,-73
1754123137.40846,13,-5,-70
1754123137.44646,9,-4,-70
1754123137.48246,7,-7,-72
1754123137.52046,2,-6,-66
1754123137.55846,-2,-2,-46
1754123137.59746,-6,-5,-51
1754123137.63346,-5,-7,-63
1754123137.6714602,0,-4,-61
1754123137.70946,4,-4,-47
1754123137.74846,3,-6,-54
1754123137.7864602,3,0,-62
1754123137.8224602,5,-4,-59
1754123137.8614602,6,0,-66
1754123137.89846,5,-2,-63
1754123137.9374602,3,0,-69
1754123137.9734602,-1,-5,-75
1754123138.01146,3,-3,-73
1754123138.0494602,0,3,-64
1754123138.0884602,-5,-4,-61
1754123138.12646,-3,0,-53
1754123138.16246,0,-6,-52
1754123138.2004602,-4,-5,-62
1754123138.23846,1,-4,-79
1754123138.27746,-2,-5,-71
1754123138.31346,-8,-11,-66
1754123138.35146,-3,-3,-63
1754123138.39046,0,0,-67
1754123138.42846,1,2,-64
1754123138.46446,-4,0,-53
1754123138.5034602,1,2,-60
1754123138.54046,1,-1,-57
1754123138.57846,0,-9,-67
1754123138.61746,2,-2,-60
1754123138.65346,8,-5,-70
1754123138.69146,7,-7,-72
1754123138.72946,3,0,-64
1754123138.76846,2,2,-57
1754123138.80446,3,0,-58
1754123138.84146,0,0,-57
1754123138.87946,-4,2,-63
1754123138.91846,4,-4,-67
1754123138.95446,1,1,-55
1754123138.99146,-3,2,-63
1754123139.0294602,-2,5,-59
1754123139.06846,-4,0,-61
1754123139.10446,3,-5,-50
1754123139.14246,0,4,-55
1754123139.18046,9,1,-60
1754123139.21946,0,-3,-55
1754123139.25746,-3,4,-63
1754123139.29346,7,0,-51
1754123139.33146,0,0,-60
1754123139.36946,0,0,-56
1754123139.40846,4,-5,-54
1754123139.4444602,5,1,-53
1754123139.48146,-1,-4,-55
1754123139.5194602,-7,0,-64
1754123139.55846,-7,5,-64
1754123139.59446,0,0,-66
1754123139.6314602,2,0,-72
1754123139.66946,-8,-3,-71
1754123139.70846,0,1,-78
1754123139.74446,4,0,-77
1754123139.78146,-1,1,-60
1754123139.8194602,3,3,-65
1754123139.8584602,8,-6,-61
1754123139.8944602,4,2,-69
1754123139.93146,-4,0,-65
1754123139.96946,0,2,-56
1754123140.00846,5,1,-57
1754123140.04446,5,0,-63
1754123140.08146,5,2,-67
1754123140.11946,-2,2,-68
1754123140.15846,-5,-5,-67
1754123140.1944602,-1,0,-63
1754123140.23246,0,5,-70
1754123140.27046,0,2,-77
1754123140.3094602,9,0,-72
1754123140.34746,4,0,-63
1754123140.38346,-1,5,-62
1754123140.4214602,4,0,-69
1754123140.4604602,7,0,-67
1754123140.49846,-7,-2,-65
1754123140.53446,-3,-4,-55
1754123140.5724602,0,-4,-62
1754123140.61046,-6,0,-63
1754123140.64946,-7,1,-54
1754123140.68546,-1,10,-51
1754123140.7234602,0,3,-54
1754123140.76146,1,-1,-64
1754123140.7994602,8,3,-62
1754123140.8384602,0,3,-59
1754123140.87446,1,6,-63
1754123140.91346,0,3,-58
1754123140.9504602,0,0,-70
1754123140.98946,0,-5,-68
1754123141.02546,-1,-10,-73
1754123141.06346,-3,-2,-57
1754123141.10246,0,-1,-61
1754123141.13946,2,-5,-59
1754123141.17846,6,-10,-74
1754123141.21446,9,-6,-57
1754123141.25246,1,0,-63
1754123141.29046,0,-1,-68
1754123141.32946,-5,1,-63
1754123141.3654602,-10,0,-54
1754123141.40346,-9,-4,-62
1754123141.44146,-6,-1,-73
1754123141.47946,-7,-2,-73
1754123141.51846,-2,-1,-61
1754123141.55446,0,1,-60
1754123141.59146,-2,8,-61
1754123141.62946,-4,2,-64
1754123141.66846,2,2,-59
1754123141.70446,6,2,-58
1754123141.74146,0,0,-53
1754123141.78046,-4,1,-63
1754123141.81846,1,0,-54
1754123141.85446,6,-2,-60
1754123141.89246,-6,-3,-62
1754123141.93046,-3,3,-64
1754123141.96946,5,0,-59
1754123142.00546,1,0,-64
1754123142.0424602,2,-1,-66
1754123142.08046,1,2,-70
1754123142.11946,0,11,-71
1754123142.15546,3,0,-60
1754123142.19246,-2,-5,-69
1754123142.2304602,-4,0,-62
1754123142.2694602,0,-3,-58
1754123142.30546,2,3,-61
1754123142.3424602,0,0,-56
1754123142.38046,5,-1,-62
1754123142.41946,0,2,-62
1754123142.45546,-1,-2,-61
1754123142.4934602,0,1,-68
1754123142.53146,3,1,-63
1754123142.57046,1,0,-56
1754123142.6084602,0,0,-57
1754123142.6444602,-1,-9,-55
1754123142.68246,-1,-1,-68
1754123142.7204602,-2,2,-66
1754123142.7594602,-2,1,-66
1754123142.79546,0,2,-60
1754123142.8324602,5,-3,-58
1754123142.87046,5,0,-54
1754123142.90946,-1,2,-65
1754123142.94546,-4,5,-59
1754123142.98246,5,-2,-62
1754123143.02146,1,5,-61
1754123143.06446,-2,3,-69
1754123143.10246,5,0,-51
1754123143.14046,-4,-1,-51
1754123143.17946,-7,1,-53
1754123143.21646,-4,0,-55
1754123143.2534602,-6,-5,-61
1754123143.2924602,-7,-3,-57
1754123143.33046,3,-5,-67
1754123143.36646,-2,0,-57
1754123143.4044602,-3,-2,-62
1754123143.44246,-3,-7,-59
1754123143.4804602,3,-2,-70
1754123143.5194602,-4,-5,-61
1754123143.55546,0,-1,-65
1754123143.59346,0,-3,-56
1754123143.6314602,-4,1,-58
1754123143.67046,-1,3,-63
1754123143.70646,7,4,-52
1754123143.7434602,-1,4,-67
1754123143.78146,1,6,-72
1754123143.82046,3,5,-66
1754123143.85646,-2,-2,-59
1754123143.89546,-6,-3,-60
1754123143.93246,-6,1,-59
1754123143.97146,1,-2,-54
1754123144.0094602,-6,-3,-72
1754123144.04546,0,-7,-58
1754123144.08446,5,-3,-62
1754123144.1214602,7,-5,-59
1754123144.16046,1,7,-65
1754123144.19646,0,-1,-63
1754123144.23446,-2,0,-65
1754123144.27246,-3,-6,-64
1754123144.31146,1,-4,-70
1754123144.34946,0,-2,-72
1754123144.38546,1,-3,-71
1754123144.42346,-3,6,-58
1754123144.46146,1,1,-54
1754123144.50046,0,1,-58
1754123144.5364602,2,-4,-55
1754123144.5754602,0,-2,-55
1754123144.61246,0,-3,-60
1754123144.6514602,2,-4,-63
1754123144.68946,0,2,-72
1754123144.72546,6,0,-71
1754123144.76246,2,-2,-65
1754123144.80146,2,0,-57
1754123144.83946,3,0,-49
1754123144.87546,8,1,-55
1754123144.91246,7,1,-55
1754123144.95146,2,-1,-62
1754123144.98946,-1,2,-69
1754123145.02546,3,2,-68
1754123145.0624602,0,-1,-60
1754123145.10146,0,-5,-66
1754123145.13946,1,-8,-66
1754123145.17546,4,0,-64
1754123145.2134602,-3,-6,-68
1754123145.25146,-1,-3,-54
1754123145.29046,2,0,-51
1754123145.32646,-5,0,-54
1754123145.36446,0,-2,-47
1754123145.40246,0,0,-65
1754123145.44146,-4,0,-61
1754123145.47746,-2,1,-55
1754123145.51546,-1,-10,-61
1754123145.55346,0,-5,-53
1754123145.59146,-2,0,-64
1754123145.63046,2,4,-61
1754123145.66646,2,2,-62
1754123145.70446,-1,0,-62
1754123145.74246,-1,-5,-61
1754123145.78146,7,-4,-64
1754123145.81746,0,-2,-72
1754123145.85446,0,2,-63
1754123145.89246,2,7,-60
1754123145.93146,5,4,-69
1754123145.9674602,5,-3,-73
1754123146.00546,3,-7,-66
1754123146.04346,6,-8,-61
1754123146.08146,0,-1,-64
1754123146.12046,-3,9,-63
1754123146.15646,-2,3,-58
1754123146.1944602,-8,3,-64
1754123146.2334602,1,-2,-66
1754123146.27146,-6,-10,-69
1754123146.30746,-7,-5,-64
1754123146.3454602,-4,0,-65
1754123146.38346,-1,4,-68
1754123146.42246,-3,0,-62
1754123146.4604602,-2,6,-60
1754123146.4964602,0,4,-51
1754123146.53346,-2,-3,-53
1754123146.5724602,-2,-2,-72
1754123146.61046,4,-1,-71
1754123146.64646,-1,-5,-68
1754123146.6844602,0,1,-75
1754123146.72246,-1,1,-65
1754123146.76146,-1,4,-63
1754123146.79746,-5,6,-74
1754123146.8354602,0,-2,-73
1754123146.87346,-2,0,-62
1754123146.91246,-9,-5,-57
1754123146.9504602,6,-3,-69
1754123146.9864602,5,2,-64
1754123147.02346,-2,1,-66
1754123147.0624602,2,1,-66
1754123147.10046,0,-2,-67
1754123147.13646,3,-7,-60
1754123147.1744602,-4,0,-65
1754123147.21246,-2,0,-65
1754123147.25146,-3,1,-62
1754123147.28746,-2,-3,-58
1754123147.3254602,2,0,-62
1754123147.36346,3,0,-63
1754123147.40246,3,2,-62
1754123147.4404602,-4,0,-73
1754123147.47646,0,0,-68
1754123147.5134602,-4,4,-69
1754123147.5524602,-3,-1,-64
1754123147.5884602,-4,1,-63
1754123147.62746,0,7,-54
1754123147.6644602,1,7,-64
1754123147.70346,0,5,-61
1754123147.74146,-3,0,-71
1754123147.77746,1,-7,-69
1754123147.8154602,1,0,-65
1754123147.85346,1,4,-61
1754123147.8914602,1,3,-64
1754123147.9274602,5,2,-58
1754123147.96446,0,1,-66
1754123148.0034602,1,7,-70
1754123148.04146,0,0,-67
1754123148.07746,0,-1,-72
1754123148.11446,-5,-1,-66
1754123148.15346,-6,0,-63
1754123148.19146,1,0,-69
1754123148.22746,3,-1,-67
1754123148.2664602,7,0,-69
1754123148.30346,4,-1,-71
1754123148.3424602,3,-3,-69
1754123148.3784602,7,-3,-58
1754123148.41646,-2,-1,-58
1754123148.45346,4,-8,-68
1754123148.49246,3,-7,-74
1754123148.52846,-6,-2,-61
1754123148.56646,-4,-2,-64
1754123148.60446,-6,-1,-67
1754123148.64346,-6,-5,-58
1754123148.68146,-2,-7,-68
1754123148.7174602,-4,-2,-65
1754123148.75546,-2,-2,-57
1754123148.79446,9,4,-61
1754123148.8324602,0,-9,-64
1754123148.8684602,-6,-1,-61
1754123148.9074602,-7,-11,-53
1754123148.9444602,-6,-8,-56
1754123148.9834602,4,-5,-58
1754123149.02146,3,-8,-69
1754123149.05746,-1,-7,-62
1754123149.0954602,-3,1,-70
1754123149.13346,-5,-4,-80
1754123149.17246,-5,2,-72
1754123149.20846,2,0,-53
1754123149.24546,-7,2,-48
1754123149.28346,-2,5,-55
1754123149.3224602,-1,-1,-64
1754123149.3584602,-6,-2,-67
1754123149.39646,1,1,-66
1754123149.4344602,0,-5,-61
1754123149.4734602,2,-1,-59
1754123149.51146,2,-2,-59
1754123149.54746,-9,-11,-53
1754123149.58646,-3,-6,-66
1754123149.62446,-3,-2,-67
1754123149.66346,-7,-3,-58
1754123149.70146,-5,-4,-57
1754123149.73746,-3,-8,-56
1754123149.77546,0,-3,-61
1754123149.81346,2,-2,-55
1754123149.85246,4,-9,-71
1754123149.8884602,5,-3,-67
1754123149.92646,5,0,-66
1754123149.96546,-2,10,-56
1754123150.0034602,-2,10,-54
1754123150.04046,0,-1,-53
1754123150.07746,0,-5,-58
1754123150.11646,0,1,-60
1754123150.15346,2,-6,-64
1754123150.19246,0,-4,-66
1754123150.22846,1,-6,-66
1754123150.2664602,2,-3,-67
1754123150.30446,5,-1,-67
1754123150.34346,1,1,-62
1754123150.37946,0,-4,-58
1754123150.4174602,-1,-5,-63
1754123150.45546,0,0,-72
1754123150.49446,-5,3,-71
1754123150.5324602,-4,-2,-69
1754123150.56846,-7,-8,-77
1754123150.60646,-5,2,-65
1754123150.6444602,-5,-1,-71
1754123150.68346,-4,-1,-74
1754123150.71946,-12,1,-67
1754123150.75746,-4,5,-63
1754123150.79546,-2,0,-69
1754123150.83346,-8,3,-63
1754123150.87246,5,-6,-76
1754123150.90846,-3,-4,-66
1754123150.94646,-4,0,-67
1754123150.98446,2,3,-64
1754123151.02346,-1,4,-59
1754123151.0594602,-4,0,-56
1754123151.0984602,1,-7,-63
1754123151.13546,-2,-1,-67
1754123151.1744602,2,5,-68
1754123151.21246,1,-5,-66
1754123151.24846,1,-8,-72
1754123151.2864602,0,0,-65
1754123151.32446,-1,0,-58
1754123151.36346,-1,-5,-57
1754123151.39946,4,-6,-61
1754123151.4374602,-3,-2,-65
1754123151.47546,-7,-4,-65
1754123151.51446,-5,3,-68
1754123151.5524602,1,3,-65
1754123151.5884602,4,-2,-60
1754123151.62646,-3,3,-53
1754123151.6644602,2,0,-56
1754123151.70346,3,-1,-62
1754123151.73946,-3,3,-72
1754123151.77746,-1,-2,-62
1754123151.8154602,0,0,-54
1754123151.85446,0,-1,-63
1754123151.89246,0,0,-57
1754123151.92846,5,-6,-60
1754123151.96546,2,-5,-73
1754123152.00446,0,-2,-66
1754123152.0424602,-2,-8,-57
1754123152.07846,1,-14,-59
1754123152.1154602,6,-7,-65
1754123152.1544602,0,1,-58
1754123152.19246,1,-2,-61
1754123152.22846,-3,8,-67
1754123152.2664602,-5,-1,-67
1754123152.30446,-1,-8,-59
1754123152.34346,2,-7,-65
1754123152.37946,5,-6,-62
1754123152.4174602,0,-2,-57
1754123152.45446,-4,2,-66
1754123152.4934602,-6,0,-67
1754123152.5294602,-2,-1,-59
1754123152.56746,-7,0,-66
1754123152.6054602,1,0,-71
1754123152.6444602,-3,0,-56
1754123152.68046,1,2,-58
1754123152.7174602,-6,-2,-57
1754123152.75546,-1,-2,-60
1754123152.79446,1,-2,-56
1754123152.83046,0,-7,-55
1754123152.8684602,-5,-1,-69
1754123152.90646,-2,-5,-61
1754123152.94546,2,-9,-54
1754123152.9834602,2,-2,-56
1754123153.0194602,1,-3,-67
1754123153.05846,-3,-3,-64
1754123153.10346,0,-5,-58
1754123153.13946,6,-3,-64
1754123153.17846,0,-1,-53
1754123153.21546,-2,4,-61
1754123153.25446,-3,2,-67
1754123153.29146,0,0,-65
1754123153.32846,1,-4,-67
1754123153.36746,7,1,-61
1754123153.40546,-1,0,-61
1754123153.44346,-4,0,-60
1754123153.47946,7,-9,-66
1754123153.51746,9,0,-64
1754123153.55546,9,2,-65
1754123153.59446,7,-1,-62
1754123153.63046,-2,0,-53
1754123153.66846,-6,6,-73
1754123153.7074602,-3,1,-67
1754123153.74546,-4,4,-77
1754123153.78346,-2,8,-66
1754123153.82046,-3,3,-67
1754123153.85746,0,5,-72
1754123153.89546,5,-1,-75
1754123153.9344602,3,-1,-67
1754123153.9704602,2,-1,-72
1754123154.00846,-3,3,-65
1754123154.0464602,-3,1,-69
1754123154.0854602,-2,-3,-64
1754123154.12346,-3,-3,-69
1754123154.15946,-5,2,-72
1754123154.1974602,-5,4,-65
1754123154.23546,-4,2,-69
1754123154.27446,-2,-11,-67
1754123154.31046,-2,-8,-63
1754123154.3484602,-3,4,-65
1754123154.38646,-2,-1,-63
1754123154.42546,8,-1,-62
1754123154.4634602,3,-2,-69
1754123154.49946,2,-1,-61
1754123154.53846,-3,3,-62
1754123154.5754602,-1,-4,-60
1754123154.61446,-2,-1,-61
1754123154.65046,-2,0,-66
1754123154.68846,-8,-1,-63
1754123154.72646,-1,0,-63
1754123154.76546,-9,0,-75
1754123154.80146,-6,0,-69
1754123154.83946,-4,0,-71
1754123154.87746,1,-2,-68
1754123154.91546,0,-3,-58
1754123154.95446,-3,3,-52
1754123154.9904602,-9,1,-59
1754123155.0294602,0,0,-62
1754123155.06646,-1,2,-65
1754123155.1054602,0,0,-60
1754123155.1414602,-5,3,-56
1754123155.17946,-4,2,-70
1754123155.21846,-4,-5,-66
1754123155.25546,2,-5,-69
1754123155.29446,0,-3,-51
1754123155.33046,0,-1,-45
1754123155.3684602,-4,0,-56
1754123155.40546,4,2,-56
1754123155.4444602,5,-1,-64
1754123155.4804602,1,-3,-69
1754123155.51846,-3,-2,-64
1754123155.55646,-1,0,-54
1754123155.5954602,-1,0,-67
1754123155.6314602,1,-1,-60
1754123155.66946,4,-1,-57
1754123155.7074602,0,2,-63
1754123155.7464602,1,-4,-56
1754123155.78446,1,-3,-66
1754123155.82146,-1,-3,-64
1754123155.8584602,-7,-1,-62
1754123155.89646,-5,4,-73
1754123155.93546,1,0,-64
1754123155.97146,6,0,-55
1754123156.00846,2,3,-61
1754123156.0464602,4,4,-55
1754123156.0854602,1,-1,-66
1754123156.1214602,-1,-2,-57
1754123156.16046,-2,-3,-66
1754123156.1974602,-2,0,-66
1754123156.2364602,1,-3,-65
1754123156.27446,3,3,-63
1754123156.31046,3,0,-62
1754123156.3484602,0,3,-50
1754123156.38646,-3,-1,-60
1754123156.42546,-6,-7,-57
1754123156.46146,-2,0,-60
1754123156.49946,3,-4,-58
1754123156.53746,0,1,-61
1754123156.57646,0,5,-59
1754123156.61446,0,-2,-66
1754123156.65046,-3,0,-80
1754123156.68846,0,-1,-73
1754123156.72646,-2,3,-74
1754123156.76546,-12,7,-69
1754123156.8024602,-15,3,-65
1754123156.83946,-5,4,-57
1754123156.87746,-4,-2,-68
1754123156.91646,-2,0,-57
1754123156.95246,0,-1,-55
1754123156.9904602,-2,-1,-46
1754123157.02846,-5,-4,-65
1754123157.06646,0,-6,-63
1754123157.1054602,5,0,-58
1754123157.14246,4,-2,-53
1754123157.17946,3,-5,-64
1754123157.2174602,-5,-4,-50
1754123157.2564602,0,4,-54
1754123157.2924602,-4,-8,-58
1754123157.33046,0,2,-70
1754123157.36946,4,-4,-65
1754123157.40646,-1,1,-69
1754123157.44546,1,-6,-68
1754123157.48146,0,-3,-69
1754123157.5194602,0,1,-58
1754123157.55746,1,-3,-60
1754123157.59646,0,2,-61
1754123157.63246,-2,10,-67
1754123157.67046,0,4,-69
1754123157.70846,2,-3,-65
1754123157.74746,-1,1,-65
1754123157.78546,0,-4,-56
1754123157.82146,4,-3,-61
1754123157.85946,0,-5,-73
1754123157.89746,-1,-2,-69
1754123157.93646,0,0,-69
1754123157.97246,1,6,-59
1754123158.0094602,0,7,-56
1754123158.04746,-2,2,-51
1754123158.08646,2,-3,-63
1754123158.12246,2,-2,-55
1754123158.15946,2,-2,-76
1754123158.1974602,-2,3,-67
1754123158.2364602,3,-2,-65
1754123158.27246,-1,2,-61
1754123158.31046,-6,0,-73
1754123158.3484602,0,-1,-68
1754123158.38746,4,-7,-57
1754123158.42546,10,3,-64
1754123158.46146,0,-1,-63
1754123158.49946,3,0,-63
1754123158.53746,2,0,-62
1754123158.57646,-5,-1,-52
1754123158.61246,2,0,-51
1754123158.65046,2,-2,-62
1754123158.68846,-4,1,-55
1754123158.72746,-3,-6,-65
1754123158.76546,0,-2,-77
1754123158.8024602,7,-6,-51
1754123158.83946,7,0,-66
1754123158.8784602,5,0,-66
1754123158.91646,2,3,-59
1754123158.95246,-3,4,-50
1754123158.98946,4,7,-55
1754123159.02846,-1,3,-64
1754123159.06646,1,-4,-69
1754123159.10246,-1,2,-67
1754123159.1414602,-3,5,-57
1754123159.17846,-3,0,-64
1754123159.2174602,-4,-1,-64
1754123159.2534602,-6,-1,-68
1754123159.29146,0,-1,-64
1754123159.32946,2,1,-55
1754123159.36746,-5,-7,-50
1754123159.40646,-1,-4,-57
1754123159.44246,-2,2,-61
1754123159.4804602,2,-1,-66
1754123159.51846,0,-7,-59
1754123159.55746,-10,-2,-49
1754123159.59346,-5,-1,-53
1754123159.6314602,-16,1,-69
1754123159.66946,-7,-5,-54
1754123159.70846,-4,-2,-72
1754123159.7464602,-6,2,-69
1754123159.7824602,4,6,-73
1754123159.8194602,3,5,-74
1754123159.8584602,-1,5,-51
1754123159.89646,-2,0,-64
1754123159.93246,0,0,-60
1754123159.96946,-8,-1,-61
1754123160.00846,-5,3,-59
1754123160.0464602,2,2,-57
1754123160.0824602,3,3,-61
1754123160.11946,0,0,-67
1754123160.15846,2,2,-59
1754123160.19646,3,0,-61
1754123160.23246,3,3,-66
1754123160.2694602,-4,5,-59
1754123160.30846,-2,5,-55
1754123160.34646,2,3,-53
1754123160.38246,1,2,-66
1754123160.41946,-3,5,-54
1754123160.45846,-1,0,-53
1754123160.4964602,-8,0,-61
1754123160.5324602,-8,4,-61
1754123160.5694602,-4,3,-63
1754123160.6084602,-2,2,-63
1754123160.64646,-3,5,-62
1754123160.68246,0,10,-61
1754123160.71946,-1,-1,-72
1754123160.75846,-4,-8,-69
1754123160.7964602,-4,-2,-61
1754123160.8324602,-4,8,-64
1754123160.86946,-3,-1,-65
1754123160.90846,-3,-2,-72
1754123160.94646,0,3,-51
1754123160.98246,0,0,-54
1754123161.02046,3,-7,-54
1754123161.05846,-1,4,-55
1754123161.09646,-2,3,-66
1754123161.13246,0,0,-64
1754123161.16946,-4,0,-53
1754123161.20846,-9,0,-60
1754123161.2464602,1,4,-59
1754123161.2824602,2,2,-68
1754123161.3194602,8,2,-59
1754123161.3584602,-7,2,-65
1754123161.39646,-9,-4,-62
1754123161.43246,-1,0,-60
1754123161.4704602,-1,3,-61
1754123161.5094602,-2,4,-67
1754123161.54746,-3,3,-59
1754123161.58346,-6,-2,-58
1754123161.62246,-10,-3,-59
1754123161.65946,-5,-6,-48
1754123161.69846,4,-5,-59
1754123161.73446,-1,3,-66
1754123161.77246,5,3,-68
1754123161.8094602,-2,1,-64
1754123161.8484602,3,-1,-72
1754123161.88746,5,-5,-58
1754123161.92346,0,-4,-66
1754123161.96146,0,-1,-69
1754123161.99946,-1,4,-65
1754123162.03846,-3,4,-61
1754123162.07446,-2,-2,-78
1754123162.11246,2,1,-62
1754123162.15046,5,-2,-70
1754123162.18946,-1,-2,-53
1754123162.22746,-6,2,-62
1754123162.2634602,3,-4,-65
1754123162.30146,1,-3,-65
1754123162.33946,0,-3,-65
1754123162.3784602,2,1,-62
1754123162.4144602,3,0,-75
1754123162.45146,-5,-4,-65
1754123162.48946,2,-6,-70
1754123162.52846,6,-12,-60
1754123162.56446,-3,0,-67
1754123162.60246,-4,-3,-62
1754123162.64046,-3,8,-68
1754123162.67946,-1,1,-72
1754123162.7174602,3,0,-64
1754123162.7534602,3,0,-65
1754123162.79146,-2,-5,-72
1754123162.82946,-1,-8,-62
1754123162.8684602,6,-4,-72
1754123162.9044602,-2,-10,-64
1754123162.94346,-8,-1,-61
1754123162.9804602,-3,3,-58
1754123163.0194602,-4,-1,-54
1754123163.05746,0,-3,-68
1754123163.09346,-5,-4,-67
1754123163.13946,-9,-4,-57
1754123163.1774602,0,4,-73
1754123163.21446,6,0,-75
1754123163.25146,3,6,-68
1754123163.2894602,-3,3,-67
1754123163.32846,0,-1,-53
1754123163.36446,3,-7,-54
1754123163.40246,-6,-12,-61
1754123163.4404602,-3,-7,-60
1754123163.47946,0,-1,-65
1754123163.51746,-4,-1,-61
1754123163.55346,-1,3,-64
1754123163.59046,0,-3,-67
1754123163.62946,-8,-8,-68
1754123163.6674602,-4,2,-51
1754123163.70346,-1,-3,-62
1754123163.74146,3,-5,-67
1754123163.7794602,-3,-6,-65
1754123163.81846,3,-3,-52
1754123163.85446,0,3,-60
1754123163.89246,0,-1,-67
1754123163.93146,-2,-7,-74
1754123163.96946,4,-4,-75
1754123164.00546,-3,-1,-66
1754123164.04346,6,-3,-58
1754123164.08146,1,0,-72
1754123164.11946,-5,0,-59
1754123164.15846,1,0,-51
1754123164.1944602,0,-4,-64
1754123164.23246,9,-4,-82
1754123164.27046,8,-4,-72
1754123164.3094602,-2,0,-68
1754123164.3454602,1,-5,-74
1754123164.38346,4,-7,-81
1754123164.4214602,3,2,-68
1754123164.45946,1,0,-79
1754123164.49846,0,-1,-72
1754123164.53446,0,2,-76
1754123164.57146,-1,-1,-67
1754123164.60946,3,2,-63
1754123164.64846,-4,0,-65
1754123164.6844602,-1,4,-48
1754123164.72146,1,2,-50
1754123164.76046,1,1,-61
1754123164.79846,5,0,-65
1754123164.83446,6,3,-74
1754123164.8714602,2,3,-73
1754123164.91046,6,0,-62
1754123164.94846,0,3,-55
1754123164.98446,-3,3,-75
1754123165.02246,-3,0,-61
1754123165.06146,-5,-9,-67
1754123165.09946,-5,-10,-65
1754123165.13546,-4,2,-66
1754123165.17246,-4,5,-53
1754123165.2104602,3,7,-60
1754123165.24946,-2,3,-64
1754123165.28546,0,0,-64
1754123165.32346,5,-2,-57
1754123165.36046,-2,-5,-56
1754123165.39946,0,-1,-57
1754123165.43546,-5,-5,-62
1754123165.4734602,-1,-6,-57
1754123165.51246,-2,-1,-59
1754123165.55046,3,-3,-60
1754123165.5884602,0,-6,-63
1754123165.62446,7,-4,-75
1754123165.66246,2,-1,-84
1754123165.7004602,-2,0,-63
1754123165.73946,1,-5,-59
1754123165.77546,-1,-1,-61
1754123165.81346,0,-2,-64
1754123165.85146,0,0,-65
1754123165.89046,-4,2,-54
1754123165.92846,5,-1,-60
1754123165.96446,2,-11,-53
1754123166.0034602,6,-2,-49
1754123166.04046,-2,8,-59
1754123166.07946,-4,0,-59
1754123166.1154602,-4,-1,-58
1754123166.15346,-5,-4,-66
1754123166.19246,-1,-1,-65
1754123166.2304602,-4,-2,-68
1754123166.2664602,0,1,-62
1754123166.30346,1,0,-53
1754123166.3424602,0,-5,-57
1754123166.38046,0,-5,-66
1754123166.41646,7,-5,-59
1754123166.45346,4,0,-68
1754123166.49246,8,-3,-70
1754123166.53046,2,0,-70
1754123166.56646,0,-1,-72
1754123166.60446,-6,0,-55
1754123166.64246,-1,-6,-65
1754123166.68046,-1,-2,-52
1754123166.71946,0,-6,-66
1754123166.75546,-3,-2,-75
1754123166.79346,-7,-3,-66
1754123166.8324602,-12,-3,-75
1754123166.87046,-1,-2,-64
1754123166.90646,0,0,-60
1754123166.9444602,5,1,-62
1754123166.98246,6,-5,-69
1754123167.02146,1,-7,-67
1754123167.0594602,5,-3,-63
1754123167.0954602,2,2,-56
1754123167.13346,4,-3,-59
1754123167.1714602,1,-6,-57
1754123167.20946,-7,-1,-59
1754123167.24546,2,-1,-56
1754123167.28346,-1,0,-51
1754123167.32146,0,2,-57
1754123167.36046,4,6,-50
1754123167.39646,3,1,-59
1754123167.4344602,-3,-5,-63
1754123167.47246,-4,-7,-54
1754123167.51146,5,-10,-60
1754123167.5494602,-1,-3,-70
1754123167.5854602,-4,-1,-77
1754123167.62346,0,-7,-62
1754123167.6614602,2,3,-62
1754123167.7004602,3,-2,-72
1754123167.7364602,5,-2,-72
1754123167.77446,-1,-7,-74
1754123167.8124602,4,0,-67
1754123167.85146,-4,-7,-54
1754123167.88946,-1,-3,-70
1754123167.92546,-2,3,-71
1754123167.9634602,-2,-5,-71
1754123168.00146,1,-4,-61
1754123168.04046,-4,-9,-58
1754123168.07646,-9,2,-59
1754123168.11446,-4,-2,-56
1754123168.15246,0,-3,-64
1754123168.19146,3,-4,-65
1754123168.22746,3,-5,-63
1754123168.26546,-2,-6,-62
1754123168.30346,3,-6,-55
1754123168.34146,4,0,-58
1754123168.38046,2,0,-72
1754123168.41646,-1,-5,-65
1754123168.45446,0,-3,-62
1754123168.49246,0,-3,-67
1754123168.53146,-9,0,-72
1754123168.56746,-4,-3,-65
1754123168.6054602,7,0,-68
1754123168.64346,-5,2,-64
1754123168.68146,-2,-6,-62
1754123168.7204602,6,-5,-72
1754123168.7564602,5,-5,-75
1754123168.79446,-2,-6,-60
1754123168.8324602,2,-1,-62
1754123168.8714602,1,-3,-50
1754123168.9074602,7,-3,-44
1754123168.9444602,10,2,-62
1754123168.98246,5,-1,-56
1754123169.02146,2,-3,-61
1754123169.05746,3,-4,-68
1754123169.09446,5,0,-69
1754123169.13246,1,0,-68
1754123169.1714602,0,0,-67
1754123169.2074602,3,2,-71
1754123169.24446,6,-7,-71
1754123169.2824602,0,4,-52
1754123169.32146,-3,2,-57
1754123169.35746,4,-2,-57
1754123169.3944602,7,-3,-69
1754123169.43246,-4,-3,-65
1754123169.47146,-2,0,-72
1754123169.50746,0,3,-69
1754123169.54446,1,3,-58
1754123169.5824602,0,-3,-54
1754123169.6214602,0,0,-59
1754123169.6574602,0,-3,-60
1754123169.6944602,0,-1,-56
1754123169.73246,-3,-3,-67
1754123169.77146,0,-5,-64
1754123169.80746,2,-4,-69
1754123169.84446,-1,6,-58
1754123169.88246,5,0,-59
1754123169.9214602,6,-4,-55
1754123169.9574602,8,2,-53
1754123169.99446,1,2,-67
1754123170.0324602,-2,5,-66
1754123170.07146,1,4,-61
1754123170.10746,0,-4,-60
1754123170.1444602,-6,3,-59
1754123170.18246,0,1,-60
1754123170.22146,-5,-1,-63
1754123170.25746,-4,0,-58
1754123170.29546,-3,0,-63
1754123170.33346,0,-4,-65
1754123170.37246,5,0,-67
1754123170.41046,2,-7,-55
1754123170.44646,-5,-2,-61
1754123170.48446,-2,-2,-56
1754123170.52246,0,5,-64
1754123170.56146,1,-1,-60
1754123170.59746,4,3,-53
1754123170.6344602,0,-2,-66
1754123170.67246,-4,-7,-65
1754123170.71146,-4,-7,-68
1754123170.74746,-3,4,-68
1754123170.7864602,-7,-2,-62
1754123170.82346,-1,0,-70
1754123170.86246,1,2,-70
1754123170.89846,0,0,-57
1754123170.93546,-3,1,-52
1754123170.9734602,3,0,-56
1754123171.01246,0,-3,-60
1754123171.04846,0,1,-54
1754123171.08646,-3,0,-49
1754123171.12346,1,-1,-50
1754123171.16246,9,-5,-72
1754123171.19846,3,1,-65
1754123171.23546,-4,-3,-60
1754123171.27346,-3,-1,-58
1754123171.3124602,5,-5,-60
1754123171.3484602,8,-2,-65
1754123171.38646,0,-1,-55
1754123171.4244602,-4,1,-55
1754123171.46246,2,-2,-58
1754123171.50146,1,0,-60
1754123171.53746,2,-1,-61
1754123171.5754602,10,-8,-50
1754123171.61346,-1,-6,-60
1754123171.65246,0,-2,-58
1754123171.68846,0,0,-68
1754123171.72646,5,2,-76
1754123171.76446,2,-1,-74
1754123171.80346,2,0,-73
1754123171.84146,-1,-2,-75
1754123171.87746,0,-1,-67
1754123171.91646,-1,-2,-55
1754123171.95346,1,0,-55
1754123171.99246,-4,11,-55
1754123172.0294602,-4,-2,-67
1754123172.06646,-4,-3,-66
1754123172.10446,0,0,-65
1754123172.14346,5,-5,-67
1754123172.18146,-4,-6,-67
1754123172.2174602,-1,-5,-71
1754123172.25546,2,-2,-71
1754123172.29346,4,-9,-62
1754123172.3324602,0,-2,-62
1754123172.36946,2,2,-65
1754123172.4074602,1,4,-65
1754123172.4444602,0,-1,-58
1754123172.4834602,3,-2,-57
1754123172.52146,-2,3,-67
1754123172.55746,0,1,-63
1754123172.59446,1,4,-65
1754123172.63346,-4,-3,-73
1754123172.6714602,-6,-1,-70
1754123172.7074602,-4,-2,-58
1754123172.7464602,7,-1,-45
1754123172.78346,-3,-1,-71
1754123172.8224602,-6,-8,-62
1754123172.8584602,-1,-3,-62
1754123172.89646,2,1,-63
1754123172.9344602,-5,-3,-62
1754123172.9734602,-5,-8,-58
1754123173.0094602,3,-5,-62
1754123173.04746,0,-4,-64
1754123173.0854602,0,-4,-65
1754123173.12346,1,-6,-65
1754123173.1674602,-4,-3,-63
1754123173.20546,4,-4,-62
1754123173.2434602,2,-2,-68
1754123173.2824602,-2,-1,-61
1754123173.31846,2,-5,-55
1754123173.35646,0,-2,-53
1754123173.39546,-3,-1,-65
1754123173.43346,1,-5,-69
1754123173.46946,0,-6,-56
1754123173.50846,1,-3,-60
1754123173.54546,3,-3,-59
1754123173.58446,3,-3,-60
1754123173.62246,4,-1,-61
1754123173.65846,6,-4,-66
1754123173.69546,2,-3,-60
1754123173.7334602,1,-7,-56
1754123173.77246,-1,-5,-63
1754123173.80846,1,-3,-67
1754123173.8454602,2,1,-58
1754123173.8844602,6,-4,-48
1754123173.92246,0,1,-58
1754123173.95846,1,1,-64
1754123173.99546,9,3,-61
1754123174.03446,2,3,-62
1754123174.0724602,7,3,-55
1754123174.1084602,-1,1,-60
1754123174.14546,-1,0,-63
1754123174.1844602,-6,0,-68
1754123174.22246,-4,-3,-59
1754123174.25846,-4,5,-49
1754123174.29746,2,-5,-62
1754123174.33446,0,0,-55
1754123174.37346,0,-1,-52
1754123174.40946,-1,1,-67
1754123174.4474602,-5,4,-61
1754123174.48446,0,-5,-59
1754123174.52346,-2,-8,-74
1754123174.5594602,4,0,-73
1754123174.59746,-1,4,-63
1754123174.6344602,3,-2,-64
1754123174.67346,7,-5,-67
1754123174.70946,1,-2,-63
1754123174.74746,4,-3,-56
1754123174.78546,-2,-3,-61
1754123174.82446,0,0,-64
1754123174.86246,4,-3,-65
1754123174.89846,5,-1,-70
1754123174.93646,-1,-4,-62
1754123174.97446,-1,-6,-63
1754123175.0134602,-4,-5,-75
1754123175.0494602,0,-2,-58
1754123175.08746,0,0,-61
1754123175.12546,2,-1,-69
1754123175.1644602,6,0,-73
1754123175.2004602,8,-1,-68
1754123175.23846,-1,-3,-63
1754123175.2764602,-7,-2,-61
1754123175.31446,1,0,-57
1754123175.35346,0,-2,-61
1754123175.38946,0,-2,-61
1754123175.4274602,1,-7,-51
1754123175.46546,-2,-7,-61
1754123175.50446,1,-1,-69
1754123175.54046,1,1,-68
1754123175.57746,0,0,-58
1754123175.6154602,5,-6,-64
1754123175.6544602,1,2,-69
1754123175.6904602,-2,0,-67
1754123175.72746,11,-4,-70
1754123175.76546,2,-2,-69
1754123175.80446,1,-1,-62
1754123175.84046,0,0,-72
1754123175.87746,-3,0,-63
1754123175.91546,-11,4,-56
1754123175.95446,4,-2,-49
1754123175.9904602,7,-4,-59
1754123176.02746,2,-4,-59
1754123176.0654602,1,-2,-75
1754123176.10446,-2,-5,-80
1754123176.14046,-2,-3,-71
1754123176.17846,8,-1,-56
1754123176.21646,1,-4,-69
1754123176.25546,4,3,-57
1754123176.29346,4,-6,-51
1754123176.32946,9,-15,-60
1754123176.36746,0,-6,-65
1754123176.40646,-1,-2,-60
1754123176.4444602,0,-2,-65
1754123176.4804602,0,-1,-69
1754123176.51846,12,3,-74
1754123176.55646,-1,0,-68
1754123176.5954602,-2,0,-62
1754123176.63346,-4,-9,-70
1754123176.66946,4,-5,-58
1754123176.70646,1,-1,-57
1754123176.74546,0,1,-68
1754123176.78346,-4,0,-61
1754123176.8194602,6,2,-61
1754123176.85646,-5,1,-71
1754123176.89546,5,3,-66
1754123176.93346,-1,2,-60
1754123176.96946,-3,0,-55
1754123177.0064602,2,-9,-60
1754123177.04546,2,-5,-59
1754123177.08346,0,2,-64
1754123177.11946,-7,1,-64
1754123177.15646,3,-7,-61
1754123177.19546,0,-2,-50
1754123177.2334602,-7,4,-60
1754123177.2694602,-4,-4,-66
1754123177.30746,3,-5,-66
1754123177.3454602,-2,0,-67
1754123177.3844602,-3,-2,-68
1754123177.42046,-7,3,-63
1754123177.45846,-5,4,-55
1754123177.4964602,7,2,-60
1754123177.53546,2,0,-50
1754123177.57146,-3,1,-48
1754123177.60946,-5,-1,-62
1754123177.64846,-5,0,-74
1754123177.68546,4,-1,-66
1754123177.72446,3,2,-63
1754123177.76046,2,4,-64
1754123177.79846,2,-1,-74
1754123177.8354602,2,4,-69
1754123177.87446,2,0,-57
1754123177.91046,2,-2,-64
1754123177.94846,6,5,-55
1754123177.9864602,1,0,-62
1754123178.02546,-2,0,-57
1754123178.06146,0,-2,-69
1754123178.09946,-5,-3,-74
1754123178.13746,-5,3,-75
1754123178.17546,4,-5,-63
1754123178.21446,-1,2,-65
1754123178.25046,-1,-2,-59
1754123178.28846,-2,-3,-64
1754123178.32646,-1,1,-67
1754123178.3654602,-2,-2,-72
1754123178.4014602,1,0,-72
1754123178.43846,-5,8,-71
1754123178.47646,0,3,-72
1754123178.51546,4,2,-67
1754123178.55146,4,-3,-77
1754123178.58946,2,-2,-78
1754123178.62746,4,0,-65
1754123178.66646,-2,-1,-70
1754123178.70446,2,-4,-68
1754123178.7404602,4,-9,-67
1754123178.77846,4,-9,-62
1754123178.81746,4,-3,-66
1754123178.8554602,-1,0,-58
1754123178.8914602,0,-4,-54
1754123178.92946,-9,0,-65
1754123178.9674602,-5,2,-57
1754123179.0064602,-2,-5,-67
1754123179.04446,-6,0,-75
1754123179.08046,-5,3,-59
1754123179.11746,-5,3,-63
1754123179.15646,-5,-2,-59
1754123179.1944602,-4,0,-55
1754123179.2304602,0,6,-63
1754123179.26746,-4,10,-61
1754123179.30646,0,-3,-63
1754123179.34446,0,-3,-59
1754123179.38046,-3,-9,-71
1754123179.41846,-6,-4,-61
1754123179.45646,1,3,-54
1754123179.49546,0,1,-59
1754123179.53146,-4,-1,-48
1754123179.57046,-11,0,-47
1754123179.60746,-16,0,-74
1754123179.64646,-1,0,-51
1754123179.6844602,-2,7,-66
1754123179.7204602,0,8,-69
1754123179.75746,-5,0,-62
1754123179.7964602,-4,-4,-58
1754123179.8324602,0,-7,-62
1754123179.8714602,0,-2,-71
1754123179.90946,11,2,-69
1754123179.94646,-2,-1,-61
1754123179.98546,-3,-5,-55
1754123180.02146,0,-3,-57
1754123180.0594602,3,-3,-61
1754123180.09746,6,0,-62
1754123180.13646,-4,5,-60
1754123180.17246,1,0,-65
1754123180.2104602,-5,-7,-63
1754123180.24846,0,0,-58
1754123180.2864602,-5,1,-64
1754123180.3254602,-1,3,-54
1754123180.3614602,-1,0,-57
1754123180.40046,5,4,-63
1754123180.4374602,1,1,-44
1754123180.47646,-5,1,-47
1754123180.51246,-8,0,-60
1754123180.5494602,-6,-1,-73
1754123180.58946,-17,-2,-80
1754123180.62646,-3,-4,-61
1754123180.66546,-2,2,-68
1754123180.70146,1,-3,-66
1754123180.73946,-6,1,-67
1754123180.77746,0,2,-59
1754123180.81646,0,3,-69
1754123180.85246,-2,-4,-70
1754123180.89046,-3,-2,-64
1754123180.92846,-4,-1,-65
1754123180.9674602,-6,-1,-71
1754123181.00546,0,4,-54
1754123181.04146,-1,-4,-66
1754123181.07946,0,3,-64
1754123181.11746,8,-4,-73
1754123181.15646,2,-3,-60
1754123181.19246,0,0,-51
1754123181.2304602,-2,-4,-69
1754123181.2694602,-2,-7,-71
1754123181.30746,-5,-2,-59
1754123181.3454602,-1,-3,-63
1754123181.3814602,-6,-6,-62
1754123181.41946,0,2,-72
1754123181.4574602,1,1,-71
1754123181.4964602,-3,-5,-67
1754123181.5324602,-3,-1,-68
1754123181.57046,-3,6,-66
1754123181.6084602,-1,5,-65
1754123181.64746,4,1,-60
1754123181.68546,0,-6,-67
1754123181.72146,-5,-5,-52
1754123181.76046,-1,2,-51
1754123181.79746,-1,3,-71
1754123181.83646,0,1,-77
1754123181.87246,0,1,-74
1754123181.91046,2,7,-73
1754123181.9474602,-1,5,-65
1754123181.9864602,7,0,-57
1754123182.02246,8,-4,-59
1754123182.06046,3,-1,-64
1754123182.0984602,-3,-4,-58
1754123182.13746,1,-3,-51
1754123182.17346,2,0,-62
1754123182.21146,2,0,-53
1754123182.24846,1,5,-58
1754123182.28746,3,-1,-64
1754123182.32346,0,-1,-58
1754123182.3614602,0,-2,-65
1754123182.39946,0,0,-69
1754123182.4374602,1,1,-65
1754123182.47646,-5,-7,-52
1754123182.51246,-3,1,-61
1754123182.55046,-1,0,-51
1754123182.5884602,1,5,-59
1754123182.62746,5,1,-52
1754123182.66346,-1,-4,-69
1754123182.70146,4,0,-61
1754123182.7404602,3,4,-53
1754123182.77846,-5,-4,-57
1754123182.81646,0,1,-67
1754123182.85246,-2,0,-64
1754123182.89046,-5,-11,-61
1754123182.92846,-7,-6,-60
1754123182.9674602,-7,-6,-53
1754123183.0034602,-1,-5,-63
1754123183.04146,1,-3,-56
1754123183.07946,-1,0,-58
1754123183.1184602,0,-2,-61
1754123183.15646,-4,2,-63
1754123183.19946,-4,-1,-69
1754123183.23846,-3,-4,-64
1754123183.2764602,-2,-1,-60
1754123183.3124602,-2,0,-52
1754123183.34946,0,1,-44
1754123183.3884602,-1,-1,-49
1754123183.42646,4,5,-62
1754123183.46246,-2,0,-59
1754123183.50046,0,-1,-67
1754123183.53846,3,0,-55
1754123183.57746,-3,-6,-52
1754123183.61446,-1,-8,-68
1754123183.6514602,-3,-6,-62
1754123183.68946,-2,6,-60
1754123183.72846,3,5,-60
1754123183.7664602,-11,6,-51
1754123183.8024602,1,1,-45
1754123183.84046,-2,2,-52
1754123183.8784602,0,7,-58
1754123183.9174602,2,0,-68
1754123183.95346,2,-3,-60
1754123183.99146,-5,0,-64
1754123184.0294602,2,4,-67
1754123184.06846,0,-2,-67
1754123184.10646,-3,-6,-65
1754123184.14246,0,0,-71
1754123184.17946,1,0,-66
1754123184.21846,-2,-2,-59
1754123184.2564602,0,-2,-65
1754123184.2924602,-1,-1,-61
1754123184.33046,-2,-2,-59
1754123184.3684602,-6,2,-56
1754123184.4074602,5,-4,-61
1754123184.44346,4,0,-63
1754123184.48146,1,5,-58
1754123184.52046,-1,0,-60
1754123184.55846,-1,2,-60
1754123184.59446,2,0,-65
1754123184.6314602,-2,3,-65
1754123184.66946,1,0,-64
1754123184.70846,10,0,-62
1754123184.74446,0,-1,-63
1754123184.78346,-3,-2,-65
1754123184.82046,0,2,-74
1754123184.85946,-2,-8,-66
1754123184.89746,-2,-9,-62
1754123184.93346,-9,-3,-53
1754123184.97246,0,-3,-73
1754123185.0094602,2,-4,-63
1754123185.04846,-2,0,-65
1754123185.08446,-4,-6,-60
1754123185.12246,0,2,-62
1754123185.16046,-5,2,-66
1754123185.19846,0,-1,-72
1754123185.23746,-4,-2,-68
1754123185.27346,-5,-2,-58
1754123185.31146,-2,5,-67
1754123185.35046,-11,0,-66
1754123185.3884602,-10,0,-68
1754123185.4244602,-8,4,-75
1754123185.46246,-3,5,-78
1754123185.50046,-5,2,-70
1754123185.5394602,0,0,-62
1754123185.57746,0,-1,-58
1754123185.61346,1,-1,-67
1754123185.6514602,-2,-2,-61
1754123185.68946,-5,1,-66
1754123185.72846,2,6,-54
1754123185.76446,0,4,-52
1754123185.80146,-2,7,-53
1754123185.83946,-3,2,-71
1754123185.8784602,5,0,-58
1754123185.9144602,7,0,-65
1754123185.95146,4,-2,-56
1754123185.98946,4,-1,-55
1754123186.02846,-4,1,-58
1754123186.06446,-4,5,-63
1754123186.10246,2,7,-70
1754123186.14046,0,2,-67
1754123186.17946,-1,0,-64
1754123186.2174602,-3,3,-67
1754123186.2534602,2,1,-65
1754123186.29046,-1,0,-65
1754123186.32946,-3,-5,-57
1754123186.36746,-2,0,-67
1754123186.40346,-2,0,-65
1754123186.44146,0,-3,-65
1754123186.47946,-7,-5,-63
1754123186.51846,-7,-3,-69
1754123186.55446,2,-6,-60
1754123186.5924602,-3,0,-58
1754123186.6314602,0,3,-59
1754123186.66946,0,0,-62
1754123186.70546,-1,-1,-61
1754123186.74446,1,-4,-68
1754123186.78146,-1,0,-63
1754123186.8194602,1,-2,-64
1754123186.8584602,2,5,-67
1754123186.8944602,3,-4,-60
1754123186.93246,3,-3,-64
1754123186.9704602,-1,0,-56
1754123187.0094602,-2,7,-74
1754123187.04546,0,6,-71
1754123187.08346,4,-3,-71
1754123187.1214602,-3,0,-65
1754123187.15946,2,-2,-58
1754123187.19846,-4,-3,-63
1754123187.23446,0,-3,-53
1754123187.27146,5,0,-55
1754123187.3094602,0,1,-62
1754123187.3484602,3,3,-60
1754123187.3844602,3,-4,-60
1754123187.4214602,11,-1,-63
1754123187.45946,4,0,-58
1754123187.49846,0,-1,-67
1754123187.53446,0,5,-77
1754123187.57146,-3,2,-60
1754123187.61046,-4,0,-75
1754123187.64846,-4,-5,-66
1754123187.6844602,5,-5,-71
1754123187.72146,5,-5,-66
1754123187.76046,-3,-7,-69
1754123187.79846,-1,-3,-66
1754123187.83446,-7,-4,-62
1754123187.87246,0,-6,-64
1754123187.9114602,-3,-2,-55
1754123187.94946,0,0,-48
1754123187.98546,1,-3,-55
1754123188.02446,1,-7,-61
1754123188.06146,0,-6,-64
1754123188.10046,8,-1,-56
1754123188.1384602,3,1,-52
1754123188.1744602,3,-1,-47
1754123188.21246,1,-4,-60
1754123188.25046,-2,0,-64
1754123188.2894602,-4,1,-74
1754123188.3254602,3,-3,-77
1754123188.36346,8,-5,-59
1754123188.4014602,0,-8,-63
1754123188.4404602,2,1,-72
1754123188.47846,-1,0,-68
1754123188.51446,-1,1,-69
1754123188.5524602,-5,3,-58
1754123188.59046,-5,0,-69
1754123188.62946,-3,0,-71
1754123188.66646,-4,-5,-61
1754123188.70346,-4,2,-51
1754123188.74146,2,0,-67
1754123188.78046,1,3,-63
1754123188.81846,4,2,-57
1754123188.85446,1,-6,-58
1754123188.89246,0,-4,-70
1754123188.93046,0,-4,-61
1754123188.96946,0,-4,-77
1754123189.00546,5,0,-76
1754123189.0424602,0,8,-67
1754123189.08046,-2,0,-70
1754123189.11946,-3,0,-67
1754123189.15546,0,-4,-64
1754123189.19346,0,-5,-65
1754123189.23146,6,-8,-62
1754123189.27046,1,-5,-55
1754123189.30646,-2,4,-58
1754123189.34446,-5,2,-72
1754123189.38346,-1,1,-64
1754123189.42046,2,-1,-71
1754123189.45946,-1,3,-63
1754123189.49546,0,13,-62
1754123189.53346,0,5,-53
1754123189.57146,2,-6,-60
1754123189.61046,-2,-4,-73
1754123189.64646,-5,-8,-62
1754123189.6844602,-4,-6,-66
1754123189.72246,-2,-3,-77
1754123189.76046,-2,0,-65
1754123189.7994602,-3,0,-54
1754123189.83646,-2,-1,-58
1754123189.87346,0,-3,-50
1754123189.9114602,-8,0,-55
1754123189.9504602,-4,4,-44
1754123189.9864602,-1,0,-61
1754123190.02446,3,-5,-66
1754123190.06346,3,2,-68
1754123190.10146,-1,-2,-72
1754123190.13946,-1,-5,-73
1754123190.17646,-1,-2,-64
1754123190.2134602,5,0,-55
1754123190.25146,0,0,-60
1754123190.29046,1,-4,-70
1754123190.32646,-3,0,-67
1754123190.36446,-1,-6,-63
1754123190.40246,-3,-2,-65
1754123190.44146,4,-4,-69
1754123190.47946,1,-5,-64
1754123190.5164602,2,1,-61
1754123190.55346,1,3,-65
1754123190.59146,-2,-4,-65
1754123190.63046,0,-4,-74
1754123190.66646,-6,0,-71
1754123190.70446,0,-1,-62
1754123190.7434602,4,-7,-62
1754123190.78146,-8,3,-54
1754123190.8194602,-4,2,-61
1754123190.8554602,-1,3,-61
1754123190.89346,5,0,-64
1754123190.93146,4,-3,-58
1754123190.96946,2,0,-56
1754123191.00546,0,-1,-56
1754123191.0424602,-1,-3,-67
1754123191.08146,-1,-7,-67
1754123191.11946,-6,-9,-53
1754123191.15546,-4,-1,-59
1754123191.19346,1,0,-59
1754123191.23146,1,-4,-65
1754123191.26746,-4,-7,-58
1754123191.30546,-3,2,-65
1754123191.34346,0,-2,-65
1754123191.3814602,-5,7,-70
1754123191.42046,-3,-2,-68
1754123191.45646,0,2,-72
1754123191.4934602,-7,4,-56
1754123191.53146,-7,1,-60
1754123191.57046,-5,-7,-64
1754123191.60646,0,-1,-69
1754123191.64346,4,0,-68
1754123191.68146,4,2,-61
1754123191.7204602,4,6,-53
1754123191.7564602,2,1,-63
1754123191.79446,2,0,-68
1754123191.8324602,-2,2,-72
1754123191.8714602,-5,1,-58
1754123191.9074602,-4,6,-66
1754123191.9444602,4,4,-59
1754123191.98246,-3,3,-57
1754123192.02146,3,-2,-70
1754123192.05746,1,0,-67
1754123192.0954602,-1,-3,-60
1754123192.13346,-6,4,-48
1754123192.1714602,-3,-2,-61
1754123192.2104602,0,4,-61
1754123192.2464602,1,3,-66
1754123192.28346,2,0,-58
1754123192.3224602,-2,-3,-52
1754123192.36046,1,-11,-51
1754123192.39646,-7,-1,-51
1754123192.43546,-8,0,-59
1754123192.47246,3,-6,-62
1754123192.51146,2,-5,-73
1754123192.54746,0,-4,-68
1754123192.5854602,-8,-4,-58
1754123192.62346,-8,0,-59
1754123192.66246,0,0,-63
1754123192.7004602,1,0,-62
1754123192.7364602,0,-2,-60
1754123192.77446,2,-1,-66
1754123192.8124602,-3,0,-64
1754123192.85146,-2,9,-59
1754123192.88746,2,5,-59
1754123192.92546,5,0,-68
1754123192.9634602,1,-1,-69
1754123193.00246,4,0,-65
1754123193.04046,0,0,-57
1754123193.07646,-4,-4,-71
1754123193.1154602,-4,3,-56
1754123193.15246,-1,-6,-63
1754123193.19146,2,1,-58
1754123193.23546,-7,-5,-63
1754123193.27346,-6,4,-59
1754123193.3124602,-3,-1,-72
1754123193.35046,3,-2,-54
1754123193.3884602,0,-5,-56
1754123193.42546,0,-3,-70
1754123193.4634602,2,0,-73
1754123193.50246,0,3,-66
1754123193.53846,0,-1,-55
1754123193.57646,-10,-7,-63
1754123193.6154602,-4,0,-49
1754123193.65246,-4,-7,-56
1754123193.69146,-12,-8,-68
1754123193.72846,-7,-2,-68
1754123193.76546,-7,-6,-69
1754123193.80346,-5,-7,-63
1754123193.8424602,3,-7,-51
1754123193.8784602,-2,-10,-57
1754123193.91646,-6,-4,-63
1754123193.95446,0,-2,-69
1754123193.99246,0,3,-65
1754123194.03146,4,0,-64
1754123194.06746,1,-1,-64
1754123194.1054602,-6,-2,-62
1754123194.14346,-8,0,-61
1754123194.18246,-5,-4,-57
1754123194.21846,1,-9,-59
1754123194.2564602,-4,-9,-51
1754123194.29546,-6,-10,-52
1754123194.3324602,3,-4,-58
1754123194.3714602,0,-2,-59
1754123194.4074602,3,-3,-62
1754123194.44546,-2,0,-72
1754123194.4834602,2,2,-58
1754123194.52246,-3,0,-57
1754123194.55846,0,3,-58
1754123194.5954602,3,5,-60
1754123194.63346,0,8,-65
1754123194.67246,3,0,-65
1754123194.70846,0,1,-60
1754123194.74546,-3,1,-69
1754123194.78346,-3,-4,-60
1754123194.8224602,-5,-4,-61
1754123194.8584602,-1,-3,-66
1754123194.89646,-7,1,-64
1754123194.9344602,-5,1,-66
1754123194.9734602,0,3,-59
1754123195.01146,-8,-4,-63
1754123195.04746,-9,0,-61
1754123195.0854602,-3,0,-64
1754123195.12346,-4,0,-67
1754123195.16246,4,0,-53
1754123195.19846,1,-4,-57
1754123195.2364602,0,-2,-56
1754123195.27446,-2,2,-64
1754123195.31346,-3,-6,-65
1754123195.35146,-7,-6,-63
1754123195.38746,-11,7,-73
1754123195.42546,-1,5,-65
1754123195.4634602,-8,3,-65
1754123195.50246,6,-1,-60
1754123195.53846,2,-3,-67
1754123195.5754602,-4,-4,-50
1754123195.61346,-2,0,-57
1754123195.65246,-10,-7,-46
1754123195.68846,1,-8,-66
1754123195.72546,3,-9,-62
1754123195.7634602,5,-1,-63
1754123195.8024602,-5,0,-59
1754123195.8384602,2,-2,-64
1754123195.87646,-3,0,-70
1754123195.9144602,-9,-6,-71
1754123195.95346,-1,0,-67
1754123195.98946,-3,-1,-60
1754123196.02746,2,-7,-74
1754123196.0654602,6,-2,-78
1754123196.10346,6,-4,-77
1754123196.14246,-1,-4,-69
1754123196.17846,0,3,-68
1754123196.21546,5,1,-66
1754123196.25446,4,-3,-62
1754123196.2924602,-1,1,-66
1754123196.32846,-5,2,-56
1754123196.36746,0,2,-62
1754123196.4044602,-8,-2,-72
1754123196.44346,-3,1,-73
1754123196.4804602,-3,-4,-67
1754123196.51746,-5,-1,-61
1754123196.55546,-4,-2,-62
1754123196.59346,4,-4,-56
1754123196.63246,-3,-3,-45
1754123196.66846,-2,-7,-54
1754123196.70646,-3,-3,-57
1754123196.74446,0,0,-65
1754123196.78346,0,-3,-63
1754123196.8194602,0,0,-65
1754123196.85646,1,-2,-76
1754123196.8944602,4,-1,-67
1754123196.93346,4,-5,-68
1754123196.96946,6,-5,-58
1754123197.00746,-2,1,-61
1754123197.04546,-4,4,-56
1754123197.08446,-3,0,-50
1754123197.12246,-2,0,-57
1754123197.15846,2,6,-68
1754123197.19546,-3,-1,-72
1754123197.23446,-5,-3,-65
1754123197.27246,-4,-6,-58
1754123197.30846,0,-5,-61
1754123197.34746,-2,-10,-56
1754123197.3844602,7,-11,-55
1754123197.42346,6,-3,-57
1754123197.45946,1,-2,-71
1754123197.49746,-2,7,-61
1754123197.53546,0,-2,-51
1754123197.57446,-3,-1,-52
1754123197.61246,1,-2,-64
1754123197.64846,0,-5,-64
1754123197.68646,3,-2,-66
1754123197.72446,-6,-9,-62
1754123197.7634602,-6,-6,-49
1754123197.7994602,-5,-7,-58
1754123197.8384602,-6,2,-63
1754123197.87546,0,0,-63
1754123197.9144602,3,-1,-61
1754123197.95246,7,-9,-61
1754123197.98946,-1,-9,-65
1754123198.02746,2,-8,-61
1754123198.0654602,-1,-13,-65
1754123198.10446,1,0,-47
1754123198.14046,0,-3,-62
1754123198.17846,-4,5,-62
1754123198.21646,0,5,-65
1754123198.25446,-2,0,-77
1754123198.29346,0,-3,-59
1754123198.32946,-2,-3,-52
1754123198.3684602,-4,-2,-53
1754123198.40546,-4,-6,-59
1754123198.4444602,-11,-10,-52
1754123198.4804602,-16,-7,-56
1754123198.51846,-15,0,-75
1754123198.55646,2,3,-68
1754123198.59446,5,5,-65
1754123198.63346,5,1,-67
1754123198.66946,-1,1,-63
1754123198.7074602,-7,2,-60
1754123198.7464602,-7,-4,-66
1754123198.78446,-2,2,-60
1754123198.82046,3,3,-58
1754123198.8584602,-2,0,-64
1754123198.89646,-1,-11,-65
1754123198.9344602,-1,-7,-65
1754123198.9734602,-2,-3,-62
1754123199.0094602,-8,-7,-71
1754123199.04746,-3,-7,-73
1754123199.0854602,-5,-4,-70
1754123199.12446,-2,-3,-56
1754123199.16046,-1,-3,-59
1754123199.19846,-16,1,-57
1754123199.23746,-6,-4,-67
1754123199.27546,-3,-7,-66
1754123199.31346,0,-6,-63
1754123199.34946,0,-5,-57
1754123199.38746,-1,2,-71
1754123199.42546,5,-1,-56
1754123199.46446,0,-4,-56
1754123199.50046,-2,-6,-52
1754123199.53846,-2,-1,-58
1754123199.57646,-6,-1,-59
1754123199.6154602,-6,0,-68
1754123199.65346,-1,1,-74
1754123199.68946,-4,0,-72
1754123199.72646,-3,-4,-61
1754123199.76546,0,-10,-74
1754123199.80346,3,-3,-71
1754123199.83946,-2,-5,-58
1754123199.87746,-5,1,-61
1754123199.91546,-6,0,-69
1754123199.95446,-2,-6,-70
1754123199.9904602,-4,-1,-62
1754123200.02846,-5,-6,-63
1754123200.06646,-8,-1,-63
1754123200.1054602,-6,3,-73
1754123200.14346,-7,-6,-63
1754123200.17946,-3,-1,-53
1754123200.2174602,-8,-6,-56
1754123200.2564602,2,-6,-56
1754123200.29446,-2,1,-55
1754123200.33046,7,-5,-56
1754123200.3684602,4,-6,-59
1754123200.40646,3,-8,-71
1754123200.44546,2,-5,-75
1754123200.48146,4,-5,-69
1754123200.5194602,3,0,-63
1754123200.55746,5,6,-66
1754123200.5954602,4,-1,-62
1754123200.6344602,-6,-1,-61
1754123200.67046,-11,0,-68
1754123200.70946,2,4,-57
1754123200.7464602,0,1,-62
1754123200.78546,6,-1,-62
1754123200.82146,7,-6,-63
1754123200.86046,2,0,-68
1754123200.89846,2,0,-51
1754123200.93546,9,5,-69
1754123200.97446,0,0,-68
1754123201.01046,5,4,-68
1754123201.04746,5,5,-74
1754123201.0854602,-2,7,-66
1754123201.12446,0,6,-68
1754123201.16046,-1,1,-59
1754123201.19846,-2,0,-54
1754123201.2364602,-14,-6,-64
1754123201.27546,-3,-3,-67
1754123201.31146,1,-5,-70
1754123201.34946,-6,1,-58
1754123201.38746,-5,-3,-75
1754123201.42646,0,3,-68
1754123201.46446,-3,-5,-61
1754123201.50046,0,2,-61
1754123201.53846,-4,1,-55
1754123201.57646,2,0,-54
1754123201.6154602,1,0,-64
1754123201.6514602,0,-3,-60
1754123201.68946,-2,0,-59
1754123201.72646,-2,-7,-60
1754123201.76546,-6,1,-64
1754123201.80146,-4,-3,-59
1754123201.83946,5,2,-63
1754123201.87746,-2,4,-61
1754123201.91646,1,0,-57
1754123201.95446,-3,1,-67
1754123201.9904602,-3,4,-67
1754123202.02846,3,-1,-64
1754123202.06646,2,7,-49
1754123202.1054602,-1,4,-58
1754123202.14246,0,2,-60
1754123202.17946,-3,-1,-63
1754123202.2174602,1,-3,-67
1754123202.2564602,-1,0,-72
1754123202.29446,0,0,-57
1754123202.33046,0,-1,-60
1754123202.36946,-5,-1,-58
1754123202.40646,1,-3,-57
1754123202.44546,1,-1,-53
1754123202.48246,3,-3,-50
1754123202.5194602,-5,2,-72
1754123202.55746,-1,-4,-71
1754123202.59646,5,5,-58
1754123202.6344602,8,0,-55
1754123202.67046,4,-1,-60
1754123202.70846,2,5,-66
1754123202.7464602,4,2,-61
1754123202.78546,-9,1,-51
1754123202.82146,-1,-1,-59
1754123202.86046,-4,-5,-62
1754123202.89746,-5,-3,-59
1754123202.93646,-2,3,-62
1754123202.97246,-1,11,-60
1754123203.01046,-3,12,-70
1754123203.04846,1,0,-68
1754123203.08646,-4,0,-66
1754123203.12546,1,11,-69
1754123203.1614602,0,4,-68
1754123203.19846,-2,5,-64
1754123203.24246,1,1,-55
1754123203.28146,-2,0,-58
1754123203.3194602,-5,-1,-58
1754123203.35646,-6,-3,-59
1754123203.39546,1,0,-72
1754123203.43246,4,0,-64
1754123203.46946,-6,-3,-56
1754123203.50746,-1,-4,-65
1754123203.5464602,2,1,-61
1754123203.5824602,1,0,-60
1754123203.61946,0,0,-56
1754123203.6574602,-2,-3,-48
1754123203.69646,-1,-1,-58
1754123203.73246,-1,-3,-61
1754123203.77046,-1,-1,-59
1754123203.80846,-2,0,-58
1754123203.84746,0,-3,-56
1754123203.88546,2,8,-70
1754123203.9214602,-1,1,-55
1754123203.95946,3,-5,-58
1754123203.99746,0,-3,-66
1754123204.0364602,4,1,-55
1754123204.07346,5,5,-55
1754123204.11046,-2,-3,-66
1754123204.14846,0,-5,-68
1754123204.1874602,1,0,-60
1754123204.22546,0,1,-52
1754123204.26146,1,-4,-73
1754123204.2994602,0,0,-57
1754123204.33746,7,0,-62
1754123204.37646,0,3,-66
1754123204.41246,4,6,-55
1754123204.4504602,4,4,-65
1754123204.48846,3,1,-74
1754123204.52746,-3,1,-62
1754123204.5654602,1,5,-63
1754123204.60146,-2,-1,-73
1754123204.63946,4,-3,-66
1754123204.6774602,3,2,-68
1754123204.71646,-4,1,-63
1754123204.75246,-4,0,-61
1754123204.79046,-6,4,-62
1754123204.82846,0,2,-61
1754123204.86746,-8,4,-58
1754123204.90546,0,6,-65
1754123204.94146,-2,-1,-63
1754123204.9804602,0,0,-68
1754123205.01746,0,1,-67
1754123205.05646,-3,0,-65
1754123205.0924602,-3,2,-65
1754123205.13046,2,0,-66
1754123205.16846,-3,0,-70
1754123205.2074602,-2,6,-75
1754123205.2434602,-6,5,-63
1754123205.28146,5,3,-61
1754123205.3194602,-3,2,-57
1754123205.35746,7,-7,-65
1754123205.39646,-1,-2,-64
1754123205.43246,1,-6,-70
1754123205.46946,-4,-2,-60
1754123205.50746,6,3,-60
1754123205.5464602,0,2,-49
1754123205.5824602,1,-5,-44
1754123205.62046,7,0,-52
1754123205.65946,4,0,-68
1754123205.6974602,0,-4,-63
1754123205.7334602,-2,-2,-56
1754123205.77146,6,-5,-76
1754123205.8094602,8,-4,-62
1754123205.8484602,1,-5,-66
1754123205.88646,2,-5,-64
1754123205.92246,-1,-6,-65
1754123205.9604602,-2,-2,-61
1754123205.99846,-9,-1,-55
1754123206.03746,-7,0,-65
1754123206.07346,-3,1,-65
1754123206.1114602,5,6,-64
1754123206.14946,0,8,-75
1754123206.18846,0,1,-61
1754123206.22646,1,0,-63
1754123206.26246,0,-3,-67
1754123206.30146,-1,-3,-65
1754123206.3384602,5,2,-53
1754123206.37746,2,3,-55
1754123206.41346,3,3,-61
1754123206.45146,4,0,-65
1754123206.48946,1,-8,-66
1754123206.52846,-1,-4,-62
1754123206.56646,-2,-3,-59
1754123206.60246,0,-4,-56
1754123206.64046,3,0,-70
1754123206.67846,-3,0,-72
1754123206.7174602,-2,0,-59
1754123206.7534602,0,-2,-65
1754123206.79146,-5,-9,-68
1754123206.82946,-1,-8,-69
1754123206.8684602,-2,4,-56
1754123206.90646,2,9,-47
1754123206.94246,2,4,-61
1754123206.97946,-9,0,-59
1754123207.01846,-3,2,-58
1754123207.05646,2,-4,-52
1754123207.0924602,5,-5,-60
1754123207.12946,-5,3,-54
1754123207.16846,0,2,-68
1754123207.20646,1,0,-67
1754123207.24246,2,-3,-68
1754123207.2794602,-1,2,-68
1754123207.31846,-7,-8,-71
1754123207.35646,0,-2,-60
1754123207.39346,2,1,-53
1754123207.43046,2,-2,-72
1754123207.46846,4,2,-60
1754123207.50746,1,9,-52
1754123207.54346,-3,-2,-52
1754123207.58146,4,-1,-56
1754123207.62046,3,-5,-63
1754123207.65846,-5,-5,-72
1754123207.6944602,0,-4,-69
1754123207.73246,2,-1,-66
1754123207.77046,3,-2,-47
1754123207.80846,10,-1,-61
1754123207.84746,-2,-2,-67
1754123207.88346,4,0,-62
1754123207.9214602,1,-3,-67
1754123207.95846,2,-4,-76
1754123207.99746,-4,-4,-60
1754123208.03346,-8,-1,-53
1754123208.07146,-4,0,-57
1754123208.10946,-4,1,-60
1754123208.14846,0,-4,-62
1754123208.1844602,-2,0,-58
1754123208.22246,-1,0,-57
1754123208.26046,-7,-1,-65
1754123208.2994602,7,-3,-69
1754123208.33746,-1,0,-62
1754123208.37346,-5,4,-47
1754123208.4114602,0,4,-52
1754123208.4504602,3,-4,-67
1754123208.48846,0,-3,-61
1754123208.52446,3,-3,-60
1754123208.56146,4,-8,-64
1754123208.60046,0,0,-72
1754123208.6384602,0,-3,-64
1754123208.6744602,-3,-5,-58
1754123208.7134602,1,-2,-51
1754123208.75046,0,-2,-59
1754123208.7894602,-5,-5,-48
1754123208.82746,4,-7,-62
1754123208.86346,4,-10,-54
1754123208.9014602,1,-5,-61
1754123208.93946,1,3,-54
1754123208.97846,0,5,-61
1754123209.01446,1,2,-62
1754123209.0524602,1,1,-73
1754123209.08946,3,-7,-67
1754123209.1284602,-1,0,-60
1754123209.16546,5,-1,-67
1754123209.20246,7,-10,-73
1754123209.2404602,-9,-5,-65
1754123209.2794602,7,-3,-75
1754123209.31746,1,-1,-64
1754123209.35346,-7,1,-64
1754123209.3914602,-2,-4,-77
1754123209.42946,1,2,-66
1754123209.46846,1,-6,-69
1754123209.50446,-2,-5,-65
1754123209.5424602,0,-2,-57
1754123209.58046,2,-8,-58
1754123209.61946,-9,-3,-67
1754123209.65546,-4,0,-65
1754123209.69346,0,-3,-63
1754123209.73146,8,-4,-61
1754123209.77046,0,0,-60
1754123209.80846,-5,2,-66
1754123209.84446,-6,8,-55
1754123209.88246,-3,1,-55
1754123209.92046,-2,3,-48
1754123209.95946,-1,-1,-60
1754123209.99546,-3,-3,-61
1754123210.03346,-4,2,-62
1754123210.07146,0,-2,-71
1754123210.10946,-3,-4,-66
1754123210.14846,4,8,-51
1754123210.1844602,0,2,-59
1754123210.22246,-5,-3,-67
1754123210.26046,-8,-3,-60
1754123210.2994602,-5,-5,-65
1754123210.3354602,-6,-1,-69
1754123210.37346,0,-4,-57
1754123210.41246,2,0,-61
1754123210.44946,0,3,-72
1754123210.48846,0,0,-63
1754123210.52446,-7,2,-67
1754123210.5624602,-4,-1,-63
1754123210.60046,2,0,-71
1754123210.63946,-1,0,-59
1754123210.67546,0,-1,-56
1754123210.7134602,-2,-6,-54
1754123210.75146,2,-3,-63
1754123210.79046,0,0,-57
1754123210.82846,2,0,-60
1754123210.86446,-1,-6,-55
1754123210.90246,7,-4,-69
1754123210.9404602,-3,-1,-70
1754123210.97946,1,0,-65
1754123211.01546,5,-7,-65
1754123211.0524602,2,-7,-57
1754123211.09046,-2,-2,-62
1754123211.12946,5,0,-70
1754123211.16546,7,1,-59
1754123211.20246,2,-1,-64
1754123211.2404602,-2,-2,-63
1754123211.2794602,0,-3,-59
1754123211.3154602,0,-2,-55
1754123211.35246,3,4,-72
1754123211.39046,-7,0,-69
1754123211.42946,-5,-4,-64
1754123211.46546,-1,-2,-62
1754123211.5034602,-5,0,-61
1754123211.54146,8,1,-66
1754123211.58046,3,-2,-70
1754123211.6184602,5,-2,-59
1754123211.6544602,1,-8,-64
1754123211.69346,2,-5,-62
1754123211.7304602,1,-3,-65
1754123211.7694602,0,-6,-58
1754123211.80546,2,0,-59
1754123211.84346,3,-5,-59
1754123211.8814602,6,1,-63
1754123211.92046,-2,1,-63
1754123211.95646,-5,0,-60
1754123211.99446,2,-2,-68
1754123212.0324602,1,-5,-63
1754123212.07046,2,-2,-63
1754123212.10946,4,4,-73
1754123212.14546,-6,-2,-62
1754123212.1844602,-6,0,-53
1754123212.22246,7,-5,-74
1754123212.26046,2,1,-57
1754123212.2964602,2,-4,-59
1754123212.3354602,1,-5,-72
1754123212.37246,3,-9,-77
1754123212.41046,0,-4,-62
1754123212.44946,5,-5,-66
1754123212.48546,0,4,-67
1754123212.52246,0,0,-54
1754123212.56046,3,1,-57
1754123212.59946,7,-5,-53
1754123212.63546,3,0,-55
1754123212.67246,2,-2,-73
1754123212.7104602,1,-10,-64
1754123212.74946,2,2,-73
1754123212.78546,4,-4,-79
1754123212.82346,-2,-5,-63
1754123212.8614602,0,-1,-67
1754123212.90046,1,5,-60
1754123212.93646,7,7,-55
1754123212.9734602,0,7,-62
1754123213.01146,2,-4,-55
1754123213.05146,0,-5,-63
1754123213.08946,-4,-4,-53
1754123213.12546,-3,0,-67
1754123213.16246,7,-3,-86
1754123213.20146,-2,-7,-64
1754123213.24546,-4,0,-64
1754123213.28346,6,0,-63
1754123213.32146,6,-8,-59
1754123213.36046,2,-6,-61
1754123213.39646,2,0,-65
1754123213.43346,-4,0,-67
1754123213.47146,3,0,-59
1754123213.51046,-6,2,-65
1754123213.5464602,-5,1,-78
1754123213.58446,0,2,-65
1754123213.62246,2,-4,-74
1754123213.6614602,1,0,-68
1754123213.69946,-3,5,-57
1754123213.7364602,-2,2,-54
1754123213.77346,10,-2,-53
1754123213.81146,0,0,-61
1754123213.85046,-3,-6,-65
1754123213.88646,0,-4,-52
1754123213.92346,3,-1,-55
1754123213.96146,0,-8,-50
1754123214.00046,-2,2,-51
1754123214.0364602,2,-3,-53
1754123214.0754602,-2,0,-61
1754123214.11246,0,-4,-53
1754123214.1514602,4,2,-74
1754123214.1874602,6,-1,-69
1754123214.22446,6,1,-62
1754123214.2634602,0,-2,-60
1754123214.30146,-3,0,-63
1754123214.33746,3,8,-57
1754123214.37446,-3,0,-72
1754123214.41346,-8,0,-69
1754123214.45146,0,-1,-68
1754123214.48746,2,-4,-58
1754123214.5264602,-6,-2,-66
1754123214.56346,2,4,-60
1754123214.60146,-6,2,-62
1754123214.64046,0,-4,-58
1754123214.67646,0,-5,-63
1754123214.71446,1,-5,-65
1754123214.75246,0,1,-65
1754123214.79146,0,-2,-62
1754123214.82746,0,-2,-69
1754123214.8654602,7,2,-62
1754123214.90346,-3,0,-68
1754123214.94146,-3,2,-60
1754123214.9804602,3,2,-60
1754123215.0164602,0,1,-66
1754123215.05446,0,-1,-49
1754123215.0924602,0,-3,-60
1754123215.1314602,1,1,-65
1754123215.1674602,0,-4,-71
1754123215.20446,1,-2,-64
1754123215.24246,7,-8,-56
1754123215.28146,2,-4,-51
1754123215.31746,4,1,-66
1754123215.35446,5,-4,-66
1754123215.39246,0,-3,-77
1754123215.43146,-3,-6,-74
1754123215.4674602,-1,-5,-68
1754123215.50546,1,-2,-51
1754123215.54346,0,0,-57
1754123215.5824602,2,1,-61
1754123215.62046,7,4,-60
1754123215.65646,4,2,-61
1754123215.6944602,-2,5,-65
1754123215.7334602,0,-5,-58
1754123215.77146,2,2,-74
1754123215.80746,-1,-3,-78
1754123215.8454602,-7,-1,-62
1754123215.88346,-6,-7,-71
1754123215.92246,1,-5,-68
1754123215.9604602,3,0,-68
1754123215.9964602,-5,-4,-70
1754123216.03446,-2,-3,-65
1754123216.0724602,2,3,-69
1754123216.1114602,0,0,-53
1754123216.14746,7,1,-47
1754123216.1844602,-1,0,-64
1754123216.22246,2,0,-63
1754123216.26146,-1,0,-70
1754123216.29746,0,-3,-69
1754123216.33646,3,-1,-57
1754123216.37346,-1,-2,-66
1754123216.41246,-8,0,-61
1754123216.4504602,-8,-5,-66
1754123216.48746,1,-5,-56
1754123216.52546,5,-5,-63
1754123216.56346,3,-1,-55
1754123216.60246,1,0,-63
1754123216.6384602,-1,1,-73
1754123216.67646,-4,0,-63
1754123216.71446,-6,3,-60
1754123216.75246,1,1,-55
1754123216.79146,-1,-6,-61
1754123216.82746,0,-6,-64
1754123216.86646,0,0,-63
1754123216.90346,-4,1,-57
1754123216.94246,-1,4,-66
1754123216.97846,-6,7,-72
1754123217.0164602,3,5,-62
1754123217.05446,-6,2,-57
1754123217.0924602,-3,-2,-66
1754123217.1314602,7,-4,-71
1754123217.1674602,-1,-1,-71
1754123217.20546,-1,6,-75
1754123217.2434602,-4,4,-55
1754123217.2824602,-5,1,-60
1754123217.31846,-2,-1,-56
1754123217.35746,1,-4,-67
1754123217.3944602,-4,-4,-66
1754123217.43246,0,-3,-68
1754123217.47146,-2,1,-69
1754123217.50746,0,-3,-60
1754123217.54546,-3,-2,-65
1754123217.58346,-4,0,-61
1754123217.62246,2,-4,-61
1754123217.65846,7,-3,-66
1754123217.69646,-3,-10,-71
1754123217.73446,0,-4,-80
1754123217.77346,0,-2,-71
1754123217.81146,1,2,-70
1754123217.84746,-7,0,-62
1754123217.88546,0,0,-64
1754123217.9244602,-2,-2,-66
1754123217.96246,1,-5,-59
1754123217.99846,7,-5,-60
1754123218.0364602,1,0,-71
1754123218.07446,0,-3,-75
1754123218.11346,0,-2,-72
1754123218.1514602,0,-5,-58
1754123218.1874602,-4,-4,-55
1754123218.22546,-5,0,-55
1754123218.2634602,-1,-1,-52
1754123218.3024602,0,0,-65
1754123218.3384602,-1,-6,-62
1754123218.37646,1,0,-67
1754123218.41546,-8,-1,-63
1754123218.45346,-2,-2,-49
1754123218.49146,-2,-6,-57
1754123218.52746,-5,3,-68
1754123218.5654602,-1,4,-59
1754123218.60346,0,1,-57
1754123218.64246,-6,0,-59
1754123218.67846,-6,-3,-65
1754123218.71646,0,3,-61
1754123218.75446,-5,-2,-69
1754123218.79346,-4,2,-68
1754123218.82946,1,-5,-73
1754123218.8684602,5,-1,-68
1754123218.90546,9,3,-67
1754123218.9444602,0,3,-71
1754123218.98246,-4,4,-68
1754123219.01846,-4,-5,-72
1754123219.05746,-5,-1,-70
1754123219.09446,-7,0,-60
1754123219.13346,-1,0,-64
1754123219.16946,-6,-1,-62
1754123219.2074602,3,-5,-56
1754123219.24546,1,-6,-71
1754123219.28346,0,-4,-54
1754123219.3224602,0,-6,-63
1754123219.3584602,0,-3,-64
1754123219.39646,-3,0,-75
1754123219.4344602,-1,1,-64
1754123219.4734602,1,0,-61
1754123219.5094602,-5,0,-64
1754123219.54746,-5,-1,-74
1754123219.5854602,-4,-2,-71
1754123219.62346,-3,-1,-67
1754123219.66246,-1,-5,-65
1754123219.69846,-7,-2,-63
1754123219.7364602,-5,-2,-55
1754123219.77446,5,2,-56
1754123219.81346,-5,3,-53
1754123219.84946,-2,-1,-60
1754123219.8884602,-4,2,-60
1754123219.92546,-3,-1,-63
1754123219.96446,2,-2,-67
1754123220.00246,0,-4,-61
1754123220.03846,-2,-6,-71
1754123220.07646,-1,4,-64
1754123220.11446,-3,2,-80
1754123220.15346,-2,-4,-56
1754123220.18946,-4,-3,-68
1754123220.22746,-2,-1,-59
1754123220.26546,-4,3,-66
1754123220.30446,-4,-6,-79
1754123220.3424602,-7,-8,-77
1754123220.3784602,3,-7,-66
1754123220.41646,4,-6,-66
1754123220.45446,0,-6,-61
1754123220.4934602,3,-4,-60
1754123220.53046,5,-2,-60
1754123220.56746,3,2,-64
1754123220.6054602,-3,0,-63
1754123220.6444602,1,-1,-67
1754123220.68246,-1,-5,-69
1754123220.71846,-5,-4,-71
1754123220.7564602,-2,0,-63
1754123220.79446,-6,10,-59
1754123220.83346,3,-1,-56
1754123220.86946,0,0,-57
1754123220.9074602,-3,-1,-61
1754123220.94546,0,-5,-59
1754123220.98446,-4,1,-59
1754123221.02246,-2,2,-64
1754123221.05846,-2,-4,-62
1754123221.09646,0,-1,-68
1754123221.1344602,2,-2,-60
1754123221.17346,3,1,-56
1754123221.20946,-4,0,-73
1754123221.2464602,-5,-1,-80
1754123221.28446,-2,-8,-63
1754123221.32346,6,-6,-56
1754123221.35946,1,-5,-68
1754123221.39646,-2,-3,-65
1754123221.4344602,-2,-5,-61
1754123221.4734602,1,-2,-62
1754123221.5094602,5,0,-67
1754123221.5464602,0,-3,-65
1754123221.58446,4,-6,-69
1754123221.62346,6,-2,-63
1754123221.65946,4,1,-67
1754123221.69646,3,0,-53
1754123221.73446,2,-2,-62
1754123221.77346,-2,0,-67
1754123221.8094602,-6,1,-65
1754123221.84746,-1,-9,-70
1754123221.88546,1,-2,-72
1754123221.9244602,-3,-4,-71
1754123221.9604602,-6,-4,-65
1754123221.99946,2,1,-68
1754123222.0364602,2,1,-63
1754123222.07446,1,4,-60
1754123222.11346,1,0,-68
1754123222.14946,1,6,-58
1754123222.18646,0,0,-66
1754123222.22546,-4,0,-69
1754123222.2634602,-4,-5,-65
1754123222.2994602,-4,0,-67
1754123222.33746,4,-4,-61
1754123222.37546,2,-1,-57
1754123222.4144602,2,-2,-59
1754123222.4504602,0,0,-62
1754123222.48746,1,-6,-67
1754123222.52546,0,-4,-73
1754123222.56446,3,-1,-67
1754123222.60046,5,-8,-62
1754123222.6384602,0,-4,-58
1754123222.6774602,-6,0,-59
1754123222.71546,0,2,-50
1754123222.7534602,6,3,-53
1754123222.79046,-1,3,-58
1754123222.82846,-4,-2,-56
1754123222.8654602,-8,-3,-68
1754123222.9044602,-2,-3,-67
1754123222.9404602,-7,0,-71
1754123222.97846,-2,-1,-67
1754123223.01546,-2,-7,-63
1754123223.05446,-6,-4,-67
1754123223.09046,-3,1,-68
1754123223.1284602,-4,-1,-70
1754123223.16646,1,0,-62
1754123223.20546,0,-3,-56
1754123223.24846,5,-2,-60
1754123223.28746,-2,0,-61
1754123223.3254602,-7,2,-65
1754123223.36346,-2,-5,-60
1754123223.39946,0,-3,-62
1754123223.43646,3,-3,-64
1754123223.47546,1,-2,-68
1754123223.51146,-4,0,-65
1754123223.5494602,-6,1,-62
1754123223.58746,9,0,-58
1754123223.62546,-2,-2,-45
1754123223.6644602,-5,-2,-49
1754123223.7004602,-1,4,-56
1754123223.73846,1,-2,-60
1754123223.77746,2,-8,-61
1754123223.8154602,-1,-1,-59
1754123223.85146,-2,2,-65
1754123223.88946,0,4,-64
1754123223.9274602,0,1,-62
1754123223.96546,-7,-6,-59
1754123224.00446,-5,-4,-61
1754123224.04046,-3,-4,-57
1754123224.07846,2,4,-65
1754123224.11646,0,0,-58
1754123224.15546,8,1,-72
1754123224.19146,3,1,-65
1754123224.2304602,-3,2,-65
1754123224.26746,-3,8,-73
1754123224.30646,-5,6,-68
1754123224.34446,0,-1,-68
1754123224.38046,-1,1,-62
1754123224.4174602,1,-5,-60
1754123224.45646,0,-7,-60
1754123224.49446,6,-4,-72
1754123224.53046,2,-3,-64
1754123224.56746,-2,-5,-70
1754123224.60646,-6,-1,-64
1754123224.6444602,4,-4,-61
1754123224.68046,2,-5,-55
1754123224.7174602,-1,-2,-61
1754123224.75546,4,-6,-55
1754123224.79146,1,-5,-48
1754123224.82946,0,-4,-52
1754123224.86746,-1,2,-58
1754123224.90646,0,-9,-48
1754123224.9444602,0,0,-54
1754123224.9804602,0,4,-52
1754123225.01746,0,4,-65
1754123225.05646,1,0,-64
1754123225.09446,3,1,-55
1754123225.13046,4,1,-66
1754123225.1674602,-3,3,-61
1754123225.20646,0,0,-66
1754123225.24446,-3,1,-66
1754123225.28046,-3,4,-66
1754123225.31746,-2,4,-62
1754123225.35646,2,1,-66
1754123225.3944602,0,-6,-66
1754123225.43046,4,0,-57
1754123225.46846,-2,4,-48
1754123225.5064602,-8,-7,-67
1754123225.54446,-1,-1,-61
1754123225.58046,4,-3,-69
1754123225.6184602,0,-6,-51
1754123225.65646,-6,-9,-62
1754123225.69246,-1,-7,-56
1754123225.7304602,-2,-4,-52
1754123225.76846,0,-10,-59
1754123225.80646,-5,-2,-70
1754123225.8454602,0,-12,-68
1754123225.8814602,3,-5,-68
1754123225.91946,6,0,-56
1754123225.9574602,1,6,-63
1754123225.9964602,2,3,-60
1754123226.0324602,0,3,-51
1754123226.07046,-4,0,-62
1754123226.1084602,1,-4,-65
1754123226.14646,-2,-7,-73
1754123226.18546,2,-2,-72
1754123226.22146,0,8,-65
1754123226.25846,3,4,-68
1754123226.2964602,6,-2,-68
1754123226.3354602,1,-4,-63
1754123226.3714602,-3,-6,-64
1754123226.40946,0,8,-62
1754123226.4474602,-1,0,-59
1754123226.4864602,5,-4,-49
1754123226.52246,1,-5,-65
1754123226.56046,-1,-3,-67
1754123226.5984602,-5,-1,-55
1754123226.63746,0,-4,-66
1754123226.67546,-3,-2,-70
1754123226.71146,-2,-7,-68
1754123226.74946,0,4,-60
1754123226.78746,-7,0,-56
1754123226.82646,0,3,-61
1754123226.86246,0,-4,-64
1754123226.90046,-1,-2,-62
1754123226.9374602,3,0,-72
1754123226.97646,1,2,-69
1754123227.01246,-3,-7,-66
1754123227.05046,-4,5,-78
1754123227.0884602,-5,5,-62
1754123227.12746,-3,8,-62
1754123227.16546,1,2,-69
1754123227.20146,9,3,-68
1754123227.23846,-2,1,-65
1754123227.27746,3,-1,-65
1754123227.3154602,5,0,-61
1754123227.35146,1,-7,-55
1754123227.38946,-4,-6,-57
1754123227.42846,-2,6,-63
1754123227.46646,-2,1,-62
1754123227.50246,0,-1,-75
1754123227.54046,-7,2,-62
1754123227.57846,2,3,-56
1754123227.61746,3,-6,-61
1754123227.65546,2,-4,-65
1754123227.69146,-2,0,-63
1754123227.72946,-1,1,-60
1754123227.76746,-10,3,-73
1754123227.80646,-12,-3,-65
1754123227.8424602,-5,-4,-67
1754123227.88046,-3,-1,-75
1754123227.91846,-3,-2,-70
1754123227.9574602,1,2,-71
1754123227.9934602,2,1,-61
1754123228.03046,-4,-7,-69
1754123228.06846,2,-3,-55
1754123228.10746,-4,-5,-65
1754123228.14346,1,0,-54
1754123228.18046,4,-7,-62
1754123228.21846,0,-11,-61
1754123228.25746,-7,-7,-68
1754123228.29346,4,-9,-69
1754123228.33046,0,-6,-71
1754123228.3684602,-8,-3,-52
1754123228.4074602,-9,-1,-45
1754123228.44346,-6,2,-55
1754123228.4804602,-5,-2,-58
1754123228.5194602,-1,-1,-67
1754123228.55746,-4,0,-65
1754123228.59346,-5,6,-61
1754123228.6314602,1,-3,-65
1754123228.66946,-6,3,-69
1754123228.7074602,0,1,-63
1754123228.7464602,0,3,-58
1754123228.7824602,6,0,-57
1754123228.8194602,7,-5,-60
1754123228.8584602,2,-4,-59
1754123228.89646,-6,-2,-66
1754123228.93246,0,-6,-70
1754123228.9704602,0,-6,-70
1754123229.00846,-1,-3,-75
1754123229.04746,0,-3,-61
1754123229.08346,1,-5,-59
1754123229.12246,0,-1,-74
1754123229.16046,-1,0,-64
1754123229.19846,0,-1,-68
1754123229.2364602,-4,-3,-64
1754123229.27246,-2,-3,-66
1754123229.31046,4,1,-62
1754123229.3484602,-1,-2,-68
1754123229.38746,0,4,-69
1754123229.42346,0,0,-69
1754123229.4604602,0,2,-59
1754123229.49846,-5,2,-60
1754123229.53846,-3,-2,-60
1754123229.57646,0,-7,-59
1754123229.61246,-7,-6,-64
1754123229.65046,0,-3,-63
1754123229.68846,0,-7,-67
1754123229.72746,3,2,-62
1754123229.7634602,5,-7,-52
1754123229.8024602,3,-3,-57
1754123229.83946,-4,2,-52
1754123229.8784602,-5,0,-66
1754123229.91646,-3,-8,-61
1754123229.95246,-8,-3,-64
1754123229.9904602,-5,2,-58
1754123230.02846,1,4,-67
1754123230.06746,3,3,-58
1754123230.10346,3,0,-56
1754123230.1414602,-8,-8,-53
1754123230.17946,5,-4,-60
1754123230.21846,-4,-4,-56
1754123230.25446,-4,-6,-59
1754123230.2924602,0,-6,-63
1754123230.33146,-4,-3,-67
1754123230.3684602,8,-2,-67
1754123230.4074602,3,0,-57
1754123230.44346,2,0,-54
1754123230.4804602,-8,-2,-65
1754123230.51846,0,-2,-67
1754123230.55746,-7,-2,-70
1754123230.59346,-6,-7,-73
1754123230.6314602,-3,-5,-64
1754123230.66946,1,-3,-60
1754123230.70846,7,-2,-63
1754123230.74446,0,-2,-67
1754123230.7824602,0,1,-64
1754123230.82046,2,5,-63
1754123230.8584602,6,0,-57
1754123230.89746,-3,-2,-64
1754123230.93346,0,-2,-65
1754123230.97246,-3,-7,-64
1754123231.0094602,2,-3,-65
1754123231.04846,-6,0,-65
1754123231.08446,6,2,-69
1754123231.12246,6,7,-74
1754123231.15946,-2,4,-59
1754123231.19846,-8,-2,-71
1754123231.23446,-4,-7,-64
1754123231.27246,-3,-6,-65
1754123231.31046,-1,-7,-62
1754123231.34946,1,-6,-53
1754123231.38746,-2,3,-53
1754123231.42346,-4,6,-66
1754123231.46146,-3,-1,-68
1754123231.49946,-3,0,-58
1754123231.53846,-2,0,-61
1754123231.57446,-3,0,-55
1754123231.61246,-4,-1,-64
1754123231.6514602,-6,-1,-58
1754123231.68946,-3,-4,-53
1754123231.72746,2,-4,-70
1754123231.7634602,0,-1,-55
1754123231.80146,0,3,-61
1754123231.83946,-9,-1,-60
1754123231.8784602,-6,-7,-62
1754123231.9144602,-3,-7,-60
1754123231.95246,-4,3,-53
1754123231.9904602,-3,2,-56
1754123232.0294602,2,2,-63
1754123232.06746,0,3,-78
1754123232.10346,0,0,-83
1754123232.14046,0,-1,-71
1754123232.17946,-2,-3,-65
1754123232.2174602,-5,0,-67
1754123232.2534602,4,2,-66
1754123232.29046,4,-1,-52
1754123232.32946,3,2,-55
1754123232.36746,-6,0,-62
1754123232.40346,-2,-4,-66
1754123232.44146,0,-1,-56
1754123232.4804602,10,0,-71
1754123232.51846,1,0,-75
1754123232.55446,4,1,-72
1754123232.59146,1,4,-68
1754123232.63046,0,-1,-75
1754123232.66846,-6,0,-71
1754123232.70446,-2,-4,-62
1754123232.74246,-7,0,-62
1754123232.78046,2,2,-60
1754123232.8194602,0,2,-61
1754123232.8554602,2,2,-57
1754123232.89246,-1,2,-66
1754123232.93046,0,0,-70
1754123232.96946,-6,-4,-73
1754123233.00546,-6,0,-74
1754123233.04346,-5,0,-60
1754123233.08146,2,-10,-60
1754123233.12046,2,-5,-73
1754123233.15846,-5,0,-69
1754123233.1944602,-8,-4,-71
1754123233.2334602,-2,1,-78
1754123233.27846,4,-2,-70
1754123233.31446,-4,-6,-61
1754123233.35246,-3,-5,-57
1754123233.39046,0,0,-63
1754123233.42946,1,-6,-59
1754123233.46546,0,-2,-61
1754123233.50446,0,4,-66
1754123233.54146,3,2,-60
1754123233.58046,2,-7,-59
1754123233.6184602,-1,-1,-55
1754123233.6544602,0,-1,-60
1754123233.69146,-4,-2,-56
1754123233.7304602,0,-2,-51
1754123233.76846,-3,-1,-58
1754123233.80446,-2,1,-58
1754123233.8424602,4,3,-59
1754123233.88046,6,5,-66
1754123233.91946,0,6,-72
1754123233.95546,5,9,-65
1754123233.9934602,3,8,-64
1754123234.03146,-2,4,-67
1754123234.07046,1,4,-74
1754123234.1084602,-2,-1,-58
1754123234.1444602,1,0,-57
1754123234.18146,6,3,-53
1754123234.2204602,0,-2,-62
1754123234.25846,0,0,-68
1754123234.29446,1,2,-63
1754123234.3324602,-6,5,-56
1754123234.37046,-3,5,-72
1754123234.40846,-7,-1,-58
1754123234.4444602,-2,3,-57
1754123234.48246,5,-4,-55
1754123234.52046,-5,0,-61
1754123234.5594602,0,0,-62
1754123234.5954602,-2,6,-65
1754123234.63346,0,0,-57
1754123234.6714602,-1,-9,-51
1754123234.7104602,0,-2,-63
1754123234.74846,0,-1,-61
1754123234.78446,-1,-2,-66
1754123234.82346,-4,0,-57
1754123234.86046,2,-5,-70
1754123234.89946,-2,-5,-56
1754123234.93546,0,-4,-61
1754123234.9734602,-1,-4,-63
1754123235.01146,6,-1,-75
1754123235.05046,2,0,-75
1754123235.08646,2,0,-66
1754123235.12346,0,8,-71
1754123235.1614602,0,7,-65
1754123235.2004602,-2,-4,-63
1754123235.2364602,-1,-1,-50
1754123235.27446,-5,-1,-66
1754123235.3124602,2,-2,-60
1754123235.35046,7,-1,-70
1754123235.38946,-5,2,-75
1754123235.42546,-6,4,-75
1754123235.4634602,1,2,-77
1754123235.50146,-3,7,-64
1754123235.54046,-6,5,-58
1754123235.57646,0,0,-65
1754123235.61346,-2,0,-65
1754123235.65246,-7,-1,-66
1754123235.6904602,-1,0,-57
1754123235.72646,-5,1,-60
1754123235.76446,3,2,-64
1754123235.8024602,-1,3,-61
1754123235.84146,0,8,-50
1754123235.87946,0,8,-66
1754123235.91546,-3,2,-66
1754123235.95346,-4,-5,-70
1754123235.99146,-8,-3,-64
1754123236.03046,0,-1,-63
1754123236.06646,2,-2,-55
1754123236.10446,7,0,-55
1754123236.14246,4,0,-72
1754123236.18146,6,-2,-75
1754123236.21946,-3,-4,-68
1754123236.25546,-2,-4,-61
1754123236.29446,-6,-4,-65
1754123236.33146,-8,2,-57
1754123236.37046,2,3,-60
1754123236.40646,-2,0,-65
1754123236.4444602,-7,-6,-68
1754123236.48246,-2,0,-59
1754123236.52146,-4,-2,-73
1754123236.5594602,-4,-1,-69
1754123236.5954602,-1,-3,-67
1754123236.63346,4,-4,-67
1754123236.6714602,0,-2,-67
1754123236.7104602,-4,6,-60
1754123236.7464602,0,0,-56
1754123236.78346,-8,2,-58
1754123236.82146,-2,4,-69
1754123236.86046,0,0,-65
1754123236.89646,3,-5,-66
1754123236.93346,-2,0,-64
1754123236.97146,1,-3,-73
1754123237.01046,-2,1,-51
1754123237.0464602,4,0,-62
1754123237.08346,1,0,-66
1754123237.1214602,6,-5,-54
1754123237.16046,-3,-9,-59
1754123237.19646,-2,-5,-48
1754123237.23446,5,0,-67
1754123237.27246,-2,0,-57
1754123237.31146,-10,6,-69
1754123237.34746,-5,-7,-66
1754123237.38546,0,-2,-63
1754123237.42346,7,1,-64
1754123237.46146,-1,-5,-72
1754123237.50046,-5,0,-54
1754123237.5364602,-6,-5,-56
1754123237.5754602,2,-1,-54
1754123237.61246,4,1,-62
1754123237.6514602,-2,-8,-60
1754123237.6874602,0,-3,-54
1754123237.72546,2,-3,-64
1754123237.7634602,0,2,-59
1754123237.80146,2,-5,-62
1754123237.84046,-1,0,-62
1754123237.87646,0,0,-60
1754123237.91346,0,4,-57
1754123237.95146,0,5,-67
1754123237.9904602,2,5,-58
1754123238.0264602,0,8,-58
1754123238.06346,0,4,-58
1754123238.10246,3,-2,-67
1754123238.14046,-3,0,-55
1754123238.17646,0,-3,-67
1754123238.21446,0,-1,-65
1754123238.25246,1,0,-62
1754123238.29146,1,6,-68
1754123238.32746,1,4,-68
1754123238.36446,2,3,-60
1754123238.40246,-4,3,-70
1754123238.44146,-3,1,-69
1754123238.47746,-7,-1,-67
1754123238.51546,1,1,-71
1754123238.55446,0,6,-73
1754123238.5924602,-2,4,-61
1754123238.63046,-4,7,-62
1754123238.66646,0,0,-65
1754123238.70446,-5,-1,-65
1754123238.74246,-4,-1,-66
1754123238.78146,4,-2,-61
1754123238.81746,-5,-2,-62
1754123238.8554602,-4,0,-58
1754123238.89346,0,9,-68
1754123238.93246,-1,-1,-67
1754123238.9704602,10,0,-60
1754123239.0064602,6,5,-60
1754123239.04446,4,0,-60
1754123239.0824602,-3,0,-56
1754123239.1214602,4,7,-62
1754123239.1574602,2,7,-68
1754123239.19646,-2,8,-68
1754123239.2334602,0,1,-60
1754123239.27246,8,3,-66
1754123239.31046,4,0,-62
1754123239.34646,1,0,-70
1754123239.38346,-2,0,-65
1754123239.42246,-2,2,-55
1754123239.4604602,3,-5,-66
1754123239.4964602,4,-3,-74
1754123239.53446,-1,6,-69
1754123239.5724602,5,1,-72
1754123239.6114602,-4,-2,-70
1754123239.64746,0,3,-67
1754123239.68646,-8,-1,-66
1754123239.7234602,-3,-2,-55
1754123239.76246,2,-2,-60
1754123239.79846,-3,-5,-47
1754123239.83646,1,4,-53
1754123239.87546,-1,-5,-66
1754123239.91246,-3,3,-65
1754123239.95146,-8,-1,-66
1754123239.98746,-8,-3,-66
1754123240.02546,-6,-5,-71
1754123240.06346,-7,-1,-56
1754123240.10246,-2,-4,-57
1754123240.1384602,-3,-3,-63
1754123240.17646,-5,-5,-64
1754123240.21446,-8,-3,-64
1754123240.25246,-4,-7,-61
1754123240.29146,-6,-9,-59
1754123240.32746,-3,-14,-65
1754123240.36646,-3,-1,-62
1754123240.40346,0,-4,-58
1754123240.44246,4,-4,-65
1754123240.47846,3,-1,-65
1754123240.5164602,3,-1,-56
1754123240.55446,0,0,-55
1754123240.59346,-1,1,-68
1754123240.6314602,-4,5,-60
1754123240.6674602,-4,1,-71
1754123240.70546,-4,-4,-70
1754123240.7434602,-6,-3,-74
1754123240.7824602,0,-9,-73
1754123240.81846,-6,0,-67
1754123240.8554602,-6,-5,-62
1754123240.89346,0,-1,-69
1754123240.93246,-1,-4,-62
1754123240.96846,3,-1,-61
1754123241.0064602,0,0,-66
1754123241.04446,-3,-2,-63
1754123241.08346,-7,2,-62
1754123241.1214602,-11,-5,-63
1754123241.1574602,-2,-2,-68
1754123241.19546,-4,0,-53
1754123241.2334602,-2,-3,-62
1754123241.27246,0,-2,-55
1754123241.30846,-3,-6,-63
1754123241.34646,0,-3,-53
1754123241.38546,3,0,-56
1754123241.42346,1,2,-61
1754123241.46146,-1,0,-52
1754123241.49746,0,0,-56
1754123241.53546,-3,-2,-45
1754123241.57446,-4,-1,-49
1754123241.61246,-3,-1,-51
1754123241.64846,3,-1,-59
1754123241.68546,2,-8,-60
1754123241.7234602,4,0,-57
1754123241.76246,7,-2,-56
1754123241.79846,8,-4,-65
1754123241.8354602,7,-7,-76
1754123241.87346,4,0,-76
1754123241.91246,5,8,-75
1754123241.94846,-1,5,-78
1754123241.98546,3,0,-76
1754123242.02346,6,5,-74
1754123242.0624602,3,1,-65
1754123242.0984602,0,-2,-63
1754123242.13546,2,-2,-77
1754123242.17346,9,4,-80
1754123242.21246,-5,2,-72
1754123242.24846,0,-3,-65
1754123242.28546,10,-6,-65
1754123242.32346,2,1,-55
1754123242.36246,2,6,-69
1754123242.39846,-1,10,-65
1754123242.43646,0,3,-67
1754123242.47446,-2,5,-69
1754123242.5134602,5,7,-64
1754123242.5494602,5,6,-54
1754123242.58746,-1,-3,-53
1754123242.62546,1,-2,-61
1754123242.6644602,2,1,-52
1754123242.70246,0,0,-55
1754123242.73846,2,-2,-70
1754123242.77746,-4,-4,-60
1754123242.81446,0,7,-70
1754123242.85346,5,3,-60
1754123242.88946,3,-2,-63
1754123242.9274602,-6,2,-59
1754123242.96546,0,-2,-65
1754123243.00446,3,-8,-60
1754123243.0424602,-8,-6,-64
1754123243.07846,0,0,-75
1754123243.11646,2,-8,-64
1754123243.1544602,-3,-6,-47
1754123243.19346,-7,2,-54
1754123243.22946,-3,1,-57
1754123243.26746,-2,2,-59
1754123243.31346,-4,-2,-61
1754123243.34946,-2,-4,-64
1754123243.38746,-4,-3,-57
1754123243.42646,-3,-1,-73
1754123243.46446,6,0,-74
1754123243.5034602,8,5,-64
1754123243.5394602,1,0,-65
1754123243.57746,-5,-5,-80
1754123243.6154602,-3,-1,-73
1754123243.6544602,1,0,-56
1754123243.69246,1,4,-54
1754123243.72846,1,3,-56
1754123243.76546,7,1,-63
1754123243.80446,0,-6,-54
1754123243.8424602,0,-6,-53
1754123243.8784602,0,-3,-55
1754123243.91646,7,6,-57
1754123243.95446,2,-3,-52
1754123243.9934602,-3,0,-69
1754123244.0294602,0,-2,-71
1754123244.06746,2,-6,-71
1754123244.1054602,-4,-1,-64
1754123244.1444602,-1,-1,-59
1754123244.18046,-10,5,-62
1754123244.21846,-9,5,-56
1754123244.2564602,-5,-5,-57
1754123244.29546,-3,-9,-59
1754123244.33346,-2,-4,-62
1754123244.36946,0,-7,-67
1754123244.4074602,0,0,-69
1754123244.44546,0,1,-67
1754123244.48446,-6,2,-67
1754123244.52046,-4,1,-56
1754123244.5594602,0,1,-64
1754123244.59646,5,7,-62
1754123244.6344602,3,6,-62
1754123244.67346,3,2,-59
1754123244.70946,8,-4,-71
1754123244.74746,1,-4,-57
1754123244.78546,-4,0,-66
1754123244.82446,3,1,-66
1754123244.86046,-4,-6,-66
1754123244.89846,2,-3,-57
1754123244.93646,9,-1,-56
1754123244.97546,-1,-3,-55
1754123245.0134602,1,-4,-66
1754123245.0494602,1,-1,-64
1754123245.08646,4,0,-67
1754123245.12546,-2,0,-63
1754123245.16346,-7,-2,-69
1754123245.19946,-11,-1,-60
1754123245.23846,4,0,-59
1754123245.27546,2,-4,-64
1754123245.31446,1,-5,-61
1754123245.35046,-2,-4,-57
1754123245.3884602,-2,-3,-67
1754123245.42646,0,1,-62
1754123245.46546,5,0,-67
1754123245.5034602,2,2,-54
1754123245.5394602,1,0,-64
1754123245.57646,1,4,-76
1754123245.6154602,-4,0,-63
1754123245.65346,-2,-4,-68
1754123245.68946,5,4,-63
1754123245.72646,1,6,-67
1754123245.76546,-2,-4,-61
1754123245.80346,-5,5,-59
1754123245.83946,0,1,-54
1754123245.87646,-3,-2,-67
1754123245.91546,-8,1,-58
1754123245.95346,-6,2,-60
1754123245.98946,-2,1,-51
1754123246.02746,0,2,-55
1754123246.0654602,0,-1,-61
1754123246.10446,-4,0,-64
1754123246.14046,1,0,-60
1754123246.1774602,-9,8,-56
1754123246.21546,4,8,-70
1754123246.25446,-3,-1,-69
1754123246.29046,-1,1,-69
1754123246.32846,-3,0,-70
1754123246.36646,0,-1,-61
1754123246.40546,-6,1,-58
1754123246.44146,-1,3,-64
1754123246.47946,3,3,-65
1754123246.51746,-1,2,-73
1754123246.55546,-6,-12,-61
1754123246.59446,1,-1,-55
1754123246.63046,2,-7,-61
1754123246.66846,3,-4,-72
1754123246.70646,4,-6,-75
1754123246.74546,2,0,-67
1754123246.78146,-4,-6,-61
1754123246.8194602,-4,-5,-65
1754123246.85746,3,-4,-60
1754123246.89546,0,-1,-52
1754123246.9344602,-5,1,-54
1754123246.9704602,-4,1,-62
1754123247.00846,-3,3,-58
1754123247.0464602,3,4,-66
1754123247.0854602,-2,-1,-69
1754123247.1214602,0,-2,-70
1754123247.15946,3,8,-65
1754123247.19846,-4,4,-73
1754123247.2364602,0,4,-73
1754123247.27446,-3,1,-61
1754123247.31046,3,0,-61
1754123247.3484602,-4,-4,-58
1754123247.38746,3,-3,-58
1754123247.42546,0,-5,-66
1754123247.46146,0,0,-66
1754123247.49846,-2,3,-57
1754123247.53746,-4,0,-58
1754123247.5754602,-8,1,-65
1754123247.6114602,1,0,-72
1754123247.64846,9,-2,-67
1754123247.6874602,1,1,-59
1754123247.72546,0,2,-55
1754123247.76146,-4,2,-61
1754123247.7994602,0,2,-61
1754123247.83746,1,1,-57
1754123247.87646,1,5,-57
1754123247.9144602,-5,3,-60
1754123247.9504602,0,1,-60
1754123247.98746,5,-1,-66
1754123248.0264602,-1,2,-64
1754123248.06446,-3,-1,-58
1754123248.10046,-1,-4,-58
1754123248.1384602,-10,1,-62
1754123248.17646,-6,-2,-65
1754123248.21546,-1,-1,-66
1754123248.25146,0,-2,-62
1754123248.2894602,2,0,-61
1754123248.32746,3,-7,-63
1754123248.36646,-2,-3,-52
1754123248.4044602,-3,1,-60
1754123248.4404602,-16,2,-73
1754123248.47846,-2,8,-72
1754123248.5164602,-5,8,-58
1754123248.55546,-11,2,-49
1754123248.59146,-1,1,-57
1754123248.62946,0,0,-66
1754123248.6674602,-4,-11,-56
1754123248.70646,-3,-4,-59
1754123248.74246,4,-2,-62
1754123248.78046,-4,3,-53
1754123248.81846,1,2,-64
1754123248.85646,4,1,-56
1754123248.89546,14,-2,-63
1754123248.93146,9,4,-59
1754123248.96846,3,2,-55
1754123249.0064602,-2,-2,-67
1754123249.04546,-2,2,-74
1754123249.08146,-6,-4,-64
1754123249.11946,-12,-3,-65
1754123249.1574602,-5,-4,-69
1754123249.19646,-3,5,-64
1754123249.23246,1,4,-61
1754123249.2694602,1,-1,-57
1754123249.30746,-11,0,-54
1754123249.34646,-3,0,-63
1754123249.38246,0,2,-75
1754123249.41946,-3,1,-63
1754123249.4574602,0,1,-65
1754123249.4964602,-5,-1,-61
1754123249.5324602,-1,-1,-62
1754123249.57046,0,0,-64
1754123249.6084602,-2,-3,-64
1754123249.64746,-6,7,-63
1754123249.68546,0,0,-69
1754123249.72146,-2,0,-66
1754123249.7594602,-1,-2,-56
1754123249.79746,-4,1,-52
1754123249.83646,-2,4,-63
1754123249.87246,-3,4,-70
1754123249.91046,-2,0,-63
1754123249.9474602,0,-5,-60
1754123249.9864602,5,5,-65
1754123250.02246,-4,2,-64
1754123250.06046,-4,-4,-62
1754123250.0984602,-7,-2,-68
1754123250.13746,-3,-6,-65
1754123250.17546,-4,-5,-67
1754123250.21146,0,-8,-66
1754123250.24946,-3,-5,-57
1754123250.28746,3,0,-69
1754123250.32646,-1,0,-62
1754123250.36246,-5,-6,-72
1754123250.40046,4,3,-64
1754123250.43946,0,-6,-59
1754123250.47746,-3,-6,-62
1754123250.51546,0,-4,-61
1754123250.55146,0,4,-67
1754123250.58946,-2,4,-61
1754123250.62746,4,-1,-63
1754123250.66646,-4,1,-63
1754123250.70246,0,-5,-65
1754123250.73946,-1,-2,-63
1754123250.77746,-3,2,-68
1754123250.81646,-4,4,-62
1754123250.85246,3,1,-52
1754123250.88946,-3,3,-60
1754123250.9274602,-6,6,-54
1754123250.96646,-2,2,-56
1754123251.00246,-1,0,-60
1754123251.0394602,-4,-2,-80
1754123251.07746,-2,-4,-67
1754123251.11646,1,0,-68
1754123251.15246,4,-3,-52
1754123251.1904602,0,-1,-70
1754123251.22846,7,0,-64
1754123251.26746,0,3,-65
1754123251.30346,3,2,-68
1754123251.3424602,2,3,-65
1754123251.37946,1,0,-70
1754123251.41846,-7,3,-64
1754123251.45646,-2,12,-59
1754123251.49246,7,4,-63
1754123251.5294602,0,-3,-53
1754123251.56846,-2,0,-65
1754123251.60646,-5,2,-61
1754123251.64246,-3,3,-71
1754123251.68046,-4,0,-65
1754123251.71846,-4,-5,-70
1754123251.75746,-7,0,-68
1754123251.79346,-2,7,-62
1754123251.83146,-3,2,-47
1754123251.86946,-6,-2,-49
1754123251.90846,-7,-2,-54
1754123251.94646,-6,2,-59
1754123251.98246,-5,3,-76
1754123252.02046,0,0,-67
1754123252.05846,-5,0,-71
1754123252.09746,-1,3,-68
1754123252.13346,-1,-4,-72
1754123252.1714602,4,0,-61
1754123252.20946,9,3,-66
1754123252.24846,7,0,-70
1754123252.2864602,-1,2,-64
1754123252.3224602,-3,5,-60
1754123252.36046,-1,4,-66
1754123252.39846,3,4,-70
1754123252.4374602,7,0,-68
1754123252.4734602,-2,-3,-66
1754123252.51246,8,0,-56
1754123252.5494602,-2,0,-63
1754123252.5884602,1,0,-58
1754123252.62646,3,-6,-57
1754123252.66246,-4,-2,-67
1754123252.7004602,-6,-4,-58
1754123252.73846,0,6,-60
1754123252.77746,0,5,-61
1754123252.81346,1,4,-57
1754123252.85046,-4,1,-59
1754123252.8884602,-8,2,-64
1754123252.9274602,-7,-1,-60
1754123252.9634602,-4,-8,-53
1754123253.00146,1,-1,-68
1754123253.0394602,-7,0,-62
1754123253.07846,-6,-2,-59
1754123253.11646,-4,0,-68
1754123253.15346,-1,1,-67
1754123253.19146,-11,4,-57
1754123253.22846,-7,4,-56
1754123253.26746,2,1,-62
1754123253.30346,7,3,-68
1754123253.34946,7,6,-57
1754123253.38746,0,6,-56
1754123253.42346,-5,0,-52
1754123253.46146,0,4,-70
1754123253.50046,2,0,-60
1754123253.53846,4,1,-73
1754123253.57446,11,2,-75
1754123253.6114602,11,0,-64
1754123253.65046,8,-1,-66
1754123253.68846,0,-2,-51
1754123253.72446,1,2,-64
1754123253.76246,0,-1,-70
1754123253.80046,8,0,-70
1754123253.8384602,4,-2,-68
1754123253.87446,0,-6,-62
1754123253.91246,-5,-1,-59
1754123253.9504602,3,1,-61
1754123253.98846,0,1,-59
1754123254.02746,-3,-3,-65
1754123254.06346,-8,2,-63
1754123254.10146,-5,-4,-65
1754123254.13946,0,-2,-71
1754123254.17846,0,-1,-54
1754123254.21446,-10,2,-47
1754123254.25246,-3,0,-56
1754123254.29146,1,0,-61
1754123254.32946,5,2,-69
1754123254.36746,-3,3,-62
1754123254.40346,-2,0,-57
1754123254.44146,-5,2,-73
1754123254.47946,-6,-3,-70
1754123254.51846,-10,-2,-59
1754123254.55446,-2,-5,-55
1754123254.5924602,-5,-1,-68
1754123254.63046,-5,-2,-73
1754123254.66946,-2,1,-64
1754123254.7074602,0,6,-66
1754123254.7434602,5,4,-67
1754123254.78046,3,-4,-73
1754123254.8194602,4,-4,-74
1754123254.85746,4,-4,-59
1754123254.89346,-1,-6,-61
1754123254.93146,-3,0,-57
1754123254.96946,-5,3,-62
1754123255.00846,-10,0,-68
1754123255.04446,-8,-2,-49
1754123255.0824602,-1,-2,-52
1754123255.12046,7,0,-56
1754123255.15946,5,0,-49
1754123255.1974602,5,0,-62
1754123255.2334602,10,-3,-73
1754123255.27146,0,1,-72
1754123255.3094602,5,1,-66
1754123255.3484602,0,-1,-56
1754123255.3844602,0,3,-62
1754123255.42346,0,1,-63
1754123255.4604602,-5,-1,-63
1754123255.49946,-5,3,-57
1754123255.53546,-1,0,-75
1754123255.5724602,-3,-2,-59
1754123255.61046,-6,0,-66
1754123255.64946,-4,-2,-67
1754123255.68546,-5,-4,-77
1754123255.7234602,-3,0,-65
1754123255.76146,4,-3,-63
1754123255.7994602,0,0,-61
1754123255.8384602,0,-5,-68
1754123255.87446,-1,-4,-62
1754123255.91246,0,-3,-57
1754123255.9504602,0,0,-53
1754123255.98946,-1,-2,-61
1754123256.02546,5,-8,-63
1754123256.06346,3,-8,-52
1754123256.10246,2,-3,-68
1754123256.13946,3,1,-54
1754123256.17846,1,-3,-68
1754123256.21446,6,0,-65
1754123256.25246,6,-2,-69
1754123256.29046,0,-7,-70
1754123256.32946,3,1,-75
1754123256.3654602,0,2,-60
1754123256.40246,-5,-6,-64
1754123256.4404602,-9,-6,-66
1754123256.47946,-4,-5,-60
1754123256.51546,-1,-4,-65
1754123256.55346,1,0,-58
1754123256.59146,-1,-5,-65
1754123256.63046,-5,-2,-63
1754123256.66846,0,-1,-50
1754123256.70446,0,-3,-59
1754123256.74246,0,-10,-58
1754123256.78046,3,-1,-60
1754123256.8194602,-1,0,-66
1754123256.8554602,-4,-2,-72
1754123256.89346,-1,0,-59
1754123256.93146,0,2,-63
1754123256.9704602,9,2,-66
1754123257.00846,1,5,-72
1754123257.04446,2,-1,-59
1754123257.08146,1,-2,-62
1754123257.12046,-5,-4,-70
1754123257.15846,-2,-8,-63
1754123257.1944602,0,5,-70
1754123257.23146,1,-4,-73
1754123257.27046,-6,0,-73
1754123257.30846,-4,-1,-74
1754123257.34446,-10,-1,-68
1754123257.38246,-6,-2,-65
1754123257.42046,0,0,-71
1754123257.45946,1,4,-75
1754123257.49546,0,2,-67
1754123257.53346,3,0,-67
1754123257.57146,0,-5,-52
1754123257.61046,0,4,-50
1754123257.64846,3,-5,-63
1754123257.6844602,-2,2,-58
1754123257.72246,0,-8,-66
1754123257.76046,2,-2,-66
1754123257.7994602,1,-5,-55
1754123257.8354602,6,-7,-64
1754123257.87346,6,0,-63
1754123257.9114602,3,1,-61
1754123257.9504602,3,-3,-79
1754123257.9864602,0,-6,-62
1754123258.02446,-1,3,-63
1754123258.0624602,0,-6,-70
1754123258.10046,-3,-4,-70
1754123258.13946,4,0,-76
1754123258.17546,1,0,-72
1754123258.21246,-4,-7,-56
1754123258.25046,2,0,-61
1754123258.2894602,-1,-5,-53
1754123258.3254602,-2,2,-56
1754123258.36246,-1,-4,-50
1754123258.40046,0,0,-64
1754123258.43946,-4,-11,-80
1754123258.47546,1,-8,-70
1754123258.5134602,3,0,-54
1754123258.55146,-2,-2,-58
1754123258.59046,7,0,-65
1754123258.62646,3,2,-64
1754123258.66346,2,-2,-62
1754123258.70146,0,-5,-61
1754123258.7404602,-1,-5,-65
1754123258.7764602,-9,0,-47
1754123258.81446,-1,0,-53
1754123258.85246,0,-2,-56
1754123258.8914602,0,0,-57
1754123258.92946,-2,0,-60
1754123258.96546,-6,-1,-56
1754123259.0034602,-2,0,-58
1754123259.04146,4,3,-65
1754123259.08046,0,3,-58
1754123259.11646,-1,0,-57
1754123259.1544602,0,1,-60
1754123259.19246,0,3,-60
1754123259.23146,3,0,-62
1754123259.2694602,-2,-4,-64
1754123259.30546,6,-2,-67
1754123259.34346,5,-4,-63
1754123259.3814602,-5,-1,-61
1754123259.42046,0,2,-65
1754123259.45646,0,-3,-64
1754123259.4934602,-1,-6,-71
1754123259.53146,-3,-4,-58
1754123259.57046,0,-2,-62
1754123259.60646,-6,-3,-51
1754123259.6444602,-1,3,-73
1754123259.68346,-2,3,-61
1754123259.72146,3,0,-67
1754123259.7594602,4,1,-70
1754123259.79546,-2,-2,-67
1754123259.83346,-3,-4,-69
1754123259.8714602,-8,-3,-64
1754123259.91046,-5,4,-70
1754123259.94646,0,0,-67
1754123259.98446,0,-5,-67
1754123260.02246,-4,-8,-60
1754123260.06146,-5,-5,-60
1754123260.09946,-2,-1,-62
1754123260.13646,1,-4,-61
1754123260.1744602,4,3,-56
1754123260.21246,3,1,-68
1754123260.25146,0,-1,-61
1754123260.28746,0,-5,-67
1754123260.3254602,4,-4,-65
1754123260.36346,5,-4,-64
1754123260.4014602,3,-1,-65
1754123260.4404602,3,-7,-66
1754123260.47646,12,0,-66
1754123260.51446,4,2,-61
1754123260.55346,-5,0,-59
1754123260.59146,-2,2,-66
1754123260.62746,-8,-2,-60
1754123260.66546,4,1,-65
1754123260.70346,2,3,-63
1754123260.74146,-1,-2,-67
1754123260.78046,-4,4,-63
1754123260.81646,-7,-4,-87
1754123260.85446,0,0,-73
1754123260.89246,2,1,-63
1754123260.93146,2,-2,-53
1754123260.9674602,-1,0,-60
1754123261.0064602,0,0,-64
1754123261.04346,-5,4,-65
1754123261.0824602,-7,8,-61
1754123261.12046,-8,0,-63
1754123261.15646,-5,-3,-54
1754123261.1944602,1,3,-66
1754123261.23246,0,0,-53
1754123261.27146,3,0,-61
1754123261.30746,1,0,-63
1754123261.34446,-4,-2,-71
1754123261.38246,-2,-4,-54
1754123261.4214602,-4,1,-58
1754123261.4574602,0,-2,-60
1754123261.49546,4,-6,-75
1754123261.53346,-4,2,-85
1754123261.5724602,4,3,-75
1754123261.61046,-2,2,-73
1754123261.64646,-6,-4,-64
1754123261.6844602,2,-2,-67
1754123261.72246,-6,-5,-66
1754123261.76146,-6,0,-64
1754123261.79746,2,-1,-71
1754123261.8354602,4,-2,-59
1754123261.87346,0,-6,-66
1754123261.91246,-2,-5,-65
1754123261.9504602,1,-2,-69
1754123261.9864602,4,-4,-73
1754123262.02446,0,-6,-65
1754123262.0624602,2,1,-66
1754123262.10146,-8,0,-61
1754123262.13746,-1,0,-57
1754123262.17546,0,-5,-73
1754123262.21446,-2,2,-63
1754123262.25246,1,0,-63
1754123262.29046,6,1,-54
1754123262.32646,2,6,-58
1754123262.36446,0,4,-48
1754123262.40246,-5,0,-61
1754123262.44146,-1,0,-66
1754123262.47746,-8,2,-61
1754123262.51546,7,1,-58
1754123262.55346,-3,0,-65
1754123262.5924602,-2,-5,-61
1754123262.6284602,-9,0,-69
1754123262.66546,-2,-8,-72
1754123262.70346,-8,-4,-70
1754123262.74246,1,4,-73
1754123262.77846,-3,0,-64
1754123262.8154602,8,-5,-62
1754123262.85346,2,-9,-58
1754123262.89246,1,4,-60
1754123262.92846,3,0,-61
1754123262.96546,-8,-4,-66
1754123263.0034602,-3,-1,-68
1754123263.0424602,0,-2,-62
1754123263.07846,0,0,-58
1754123263.1154602,2,-3,-65
1754123263.15346,-4,-1,-62
1754123263.19246,-2,-2,-59
1754123263.22946,-2,-4,-53
1754123263.2664602,-3,1,-59
1754123263.30446,0,-4,-64
1754123263.34346,-7,-2,-62
1754123263.38646,-2,-2,-60
1754123263.42546,-2,-4,-61
1754123263.4634602,-2,0,-60
1754123263.50146,-1,2,-71
1754123263.53746,1,-5,-65
1754123263.5754602,-5,-1,-61
1754123263.61346,-6,1,-59
1754123263.65246,-7,0,-64
1754123263.68846,0,0,-60
1754123263.72646,-3,-5,-60
1754123263.7634602,0,-10,-67
1754123263.8024602,2,-1,-61
1754123263.8384602,-2,0,-57
1754123263.87646,0,1,-66
1754123263.9144602,-1,0,-65
1754123263.95346,-3,-1,-52
1754123263.99146,0,1,-60
1754123264.02746,1,-7,-70
1754123264.06446,4,-1,-59
1754123264.10346,6,-6,-58
1754123264.1414602,-5,2,-61
1754123264.1774602,0,2,-52
1754123264.21446,6,-10,-57
1754123264.2534602,-2,-3,-60
1754123264.29146,0,-3,-67
1754123264.32746,0,-5,-58
1754123264.3654602,9,-6,-52
1754123264.40346,1,-1,-57
1754123264.44246,2,0,-61
1754123264.47846,0,-5,-57
1754123264.51746,1,-3,-73
1754123264.55446,-3,3,-61
1754123264.59346,-9,1,-74
1754123264.62946,-2,3,-65
1754123264.6674602,2,0,-55
1754123264.70546,-1,3,-54
1754123264.7434602,0,3,-53
1754123264.7824602,0,5,-56
1754123264.81846,7,4,-61
1754123264.85646,-1,-8,-70
1754123264.8944602,0,0,-60
1754123264.93346,-7,3,-59
1754123264.96946,-3,-7,-70
1754123265.00746,-6,0,-64
1754123265.0464602,2,0,-59
1754123265.08346,0,-4,-58
1754123265.12246,1,-3,-75
1754123265.15846,-1,-1,-65
1754123265.19646,-1,3,-64
1754123265.23446,0,1,-65
1754123265.27346,-2,-1,-55
1754123265.3094602,-1,-1,-61
1754123265.34746,-2,1,-74
1754123265.38646,-1,-3,-69
1754123265.42346,2,-1,-54
1754123265.46246,6,-2,-60
1754123265.49846,7,-7,-60
1754123265.5364602,5,0,-55
1754123265.5754602,0,0,-68
1754123265.61346,7,0,-65
1754123265.64946,1,3,-62
1754123265.68646,0,2,-59
1754123265.72546,0,2,-59
1754123265.7634602,0,1,-58
1754123265.7994602,4,7,-62
1754123265.83646,0,6,-55
1754123265.87546,-4,-1,-57
1754123265.91346,0,0,-50
1754123265.94946,-3,-2,-61
1754123265.98746,0,3,-58
1754123266.02546,-3,3,-64
1754123266.06446,2,3,-51
1754123266.10246,3,3,-64
1754123266.1384602,4,2,-59
1754123266.17546,-1,0,-59
1754123266.21446,1,-2,-66
1754123266.25246,-2,0,-65
1754123266.28846,-6,0,-69
1754123266.32646,-1,-5,-72
1754123266.36446,-9,5,-64
1754123266.40346,-4,-2,-59
1754123266.43946,1,4,-62
1754123266.47846,-1,-5,-62
1754123266.5164602,-1,-3,-59
1754123266.55446,1,-3,-64
1754123266.5924602,6,-3,-71
1754123266.6284602,1,-6,-72
1754123266.66546,0,-9,-76
1754123266.70446,4,-3,-63
1754123266.74246,5,1,-71
1754123266.77846,3,2,-63
1754123266.8154602,2,0,-61
1754123266.85446,0,5,-63
1754123266.89246,0,-2,-62
1754123266.92846,-1,0,-64
1754123266.96546,0,1,-61
1754123267.00446,-3,0,-57
1754123267.04046,-2,-5,-65
1754123267.07846,1,-1,-66
1754123267.11646,3,7,-70
1754123267.1544602,-4,5,-56
1754123267.19346,-2,4,-63
1754123267.22946,-1,3,-66
1754123267.26746,-6,-3,-67
1754123267.30546,-11,-5,-67
1754123267.34446,0,-5,-73
1754123267.38046,0,-3,-71
1754123267.4174602,-1,-2,-62
1754123267.45646,5,-1,-54
1754123267.49446,5,-1,-71
1754123267.53046,-1,0,-70
1754123267.56746,-8,0,-62
1754123267.6054602,-7,0,-60
1754123267.6444602,-7,1,-75
1754123267.68046,-7,1,-71
1754123267.71846,-4,-3,-51
1754123267.75546,0,-4,-66
1754123267.79446,-3,-7,-66
1754123267.83046,3,-2,-65
1754123267.8684602,6,0,-62
1754123267.9074602,-5,-1,-56
1754123267.9444602,-4,1,-60
1754123267.9834602,-7,-6,-58
1754123268.0194602,-8,-5,-67
1754123268.05746,-5,0,-64
1754123268.0954602,-5,8,-69
1754123268.1344602,1,2,-63
1754123268.17046,3,-3,-72
1754123268.20846,-5,-6,-65
1754123268.2464602,-4,-6,-66
1754123268.28546,-5,0,-68
1754123268.32346,-6,-7,-60
1754123268.35946,-1,-5,-64
1754123268.39746,3,2,-50
1754123268.43546,3,1,-72
1754123268.47446,0,1,-74
1754123268.51046,-7,-1,-81
1754123268.54846,0,-1,-68
1754123268.58646,1,-5,-59
1754123268.62546,2,-5,-72
1754123268.66346,-1,1,-73
1754123268.69946,5,-5,-84
1754123268.73746,0,5,-67
1754123268.77546,-2,6,-60
1754123268.81446,-5,0,-67
1754123268.85046,5,-2,-65
1754123268.8884602,0,1,-58
1754123268.9274602,-2,0,-62
1754123268.96546,-2,0,-67
1754123269.0034602,-1,-4,-68
1754123269.04046,-2,0,-57
1754123269.07746,5,0,-69
1754123269.1154602,2,-3,-60
1754123269.1544602,6,3,-70
1754123269.1904602,2,11,-72
1754123269.22746,2,2,-71
1754123269.26546,0,-5,-67
1754123269.30446,1,4,-64
1754123269.34046,-2,-1,-68
1754123269.3784602,-1,-2,-53
1754123269.41646,-9,0,-65
1754123269.45546,-5,7,-71
1754123269.49146,0,-3,-67
1754123269.5294602,-6,0,-61
1754123269.56846,0,2,-62
1754123269.60646,-1,-1,-58
1754123269.6444602,0,-5,-59
1754123269.68046,0,-3,-71
1754123269.71846,4,-9,-56
1754123269.7564602,6,-4,-59
1754123269.79546,4,1,-56
1754123269.83146,6,2,-59
1754123269.86946,-3,2,-67
1754123269.9074602,2,-6,-60
1754123269.94546,2,-1,-69
1754123269.98446,5,-3,-59
1754123270.02046,6,-4,-62
1754123270.05846,0,-7,-74
1754123270.09646,-2,2,-64
1754123270.13546,1,3,-64
1754123270.1714602,4,-3,-78
1754123270.20846,-2,-4,-66
1754123270.24746,-2,-5,-63
1754123270.28546,-1,-3,-64
1754123270.32146,2,3,-62
1754123270.3584602,3,0,-57
1754123270.39746,-1,-4,-59
1754123270.43546,-1,-2,-60
1754123270.47146,-1,1,-59
1754123270.50846,-8,-4,-58
1754123270.54746,-6,-12,-52
1754123270.5854602,-4,-5,-61
1754123270.6214602,-9,-4,-67
1754123270.65946,-3,-2,-58
1754123270.6974602,-3,-2,-69
1754123270.7364602,6,-5,-61
1754123270.77446,0,0,-63
1754123270.81046,-2,-3,-59
1754123270.8484602,0,2,-59
1754123270.88646,1,6,-63
1754123270.92546,5,8,-68
1754123270.96246,-2,1,-53
1754123270.99946,-2,7,-57
1754123271.03746,-1,1,-55
1754123271.07646,-5,-1,-65
1754123271.11446,-3,-3,-56
1754123271.15046,-1,-5,-54
1754123271.18946,-1,-5,-67
1754123271.22646,0,-5,-68
1754123271.26546,-2,-2,-63
1754123271.30146,0,-7,-66
1754123271.3384602,-4,-6,-73
1754123271.37646,-6,-1,-71
1754123271.41546,-5,1,-65
1754123271.45146,2,4,-69
1754123271.48846,2,3,-58
1754123271.5264602,-7,3,-63
1754123271.5654602,1,1,-59
1754123271.60146,-3,2,-67
1754123271.6384602,4,1,-59
1754123271.67646,7,0,-55
1754123271.71546,-2,-4,-63
1754123271.75146,-1,0,-73
1754123271.7894602,-12,-2,-73
1754123271.82746,-5,-3,-61
1754123271.86646,1,3,-72
1754123271.90246,-4,-1,-71
1754123271.9404602,-3,4,-66
1754123271.97846,0,3,-60
1754123272.0164602,-3,0,-64
1754123272.05546,-2,2,-64
1754123272.09146,4,0,-73
1754123272.12946,0,4,-57
1754123272.16646,1,-2,-51
1754123272.20546,3,-3,-54
1754123272.24146,2,-3,-60
1754123272.2794602,2,-6,-56
1754123272.31746,2,-10,-55
1754123272.35646,0,-1,-63
1754123272.39246,-1,3,-63
1754123272.43046,-3,0,-67
1754123272.46846,0,-1,-67
1754123272.50746,-3,-3,-70
1754123272.54546,0,0,-62
1754123272.58146,-1,-7,-62
1754123272.61946,6,-2,-63
1754123272.65846,1,-2,-58
1754123272.69646,-3,3,-53
1754123272.73246,-1,2,-57
1754123272.77046,3,-3,-56
1754123272.80846,0,0,-59
1754123272.84746,0,2,-70
1754123272.88546,6,2,-72
1754123272.9214602,7,-1,-58
1754123272.95946,0,-6,-67
1754123272.99746,0,-1,-60
1754123273.0364602,0,-1,-74
1754123273.0724602,2,-5,-67
1754123273.11046,-2,-4,-65
1754123273.14846,-4,-3,-66
1754123273.1874602,-4,-1,-62
1754123273.22546,-2,-1,-59
1754123273.26246,7,-4,-60
1754123273.2994602,1,-5,-51
1754123273.33746,1,-2,-67
1754123273.37646,7,4,-61
1754123273.42046,1,7,-64
1754123273.45846,0,-3,-56
1754123273.49746,-5,0,-45
1754123273.53546,0,4,-59
1754123273.57146,3,3,-63
1754123273.6084602,0,-5,-63
1754123273.64746,5,-5,-67
1754123273.68546,-6,0,-71
1754123273.72246,-1,-2,-67
1754123273.76046,-2,-6,-59
1754123273.79846,-2,-2,-63
1754123273.83746,-1,-2,-59
1754123273.87346,-6,-5,-67
1754123273.9114602,0,-4,-63
1754123273.94946,3,-3,-74
1754123273.98746,-4,-2,-66
1754123274.0264602,2,-5,-59
1754123274.0624602,0,0,-61
1754123274.09946,-7,-3,-59
1754123274.13746,4,4,-57
1754123274.17646,-1,0,-66
1754123274.21246,2,-2,-54
1754123274.25046,-5,0,-66
1754123274.28846,-2,8,-69
1754123274.32746,-2,-8,-67
1754123274.36346,-1,-4,-61
1754123274.4014602,-2,-2,-70
1754123274.43946,-3,0,-66
1754123274.47846,0,2,-58
1754123274.5164602,0,0,-57
1754123274.5524602,5,-3,-61
1754123274.59146,8,-6,-62
1754123274.6284602,5,-3,-63
1754123274.6674602,1,0,-59
1754123274.70346,-3,-1,-65
1754123274.74146,-5,-2,-53
1754123274.7794602,0,2,-61
1754123274.81746,0,1,-60
1754123274.85646,5,-2,-55
1754123274.89246,11,-4,-51
1754123274.93146,7,0,-55
1754123274.96846,4,-2,-68
1754123275.00746,-8,-3,-66
1754123275.04346,-8,-6,-53
1754123275.08146,6,0,-57
1754123275.12046,0,-3,-69
1754123275.15846,2,-8,-63
1754123275.19646,0,-1,-66
1754123275.23246,2,0,-57
1754123275.27046,1,5,-64
1754123275.30846,-4,-1,-59
1754123275.34646,-1,-4,-62
1754123275.38246,9,3,-52
1754123275.42046,10,-4,-58
1754123275.45846,8,-6,-62
1754123275.4964602,1,-3,-62
1754123275.5324602,-3,-2,-69
1754123275.57046,0,-4,-69
1754123275.6084602,-7,5,-70
1754123275.64746,-5,5,-72
1754123275.68346,-1,-4,-75
1754123275.72146,0,0,-74
1754123275.7594602,0,-2,-68
1754123275.79846,2,-6,-58
1754123275.83646,5,0,-63
1754123275.87246,-1,2,-61
1754123275.91046,-2,4,-73
1754123275.94846,-4,0,-64
1754123275.98746,-5,3,-54
1754123276.02346,0,0,-63
1754123276.06046,4,-2,-64
1754123276.0984602,-7,-3,-56
1754123276.13746,-7,1,-57
1754123276.17346,-3,3,-62
1754123276.21146,0,-7,-58
1754123276.24946,1,-1,-48
1754123276.28846,8,4,-59
1754123276.32446,0,-7,-68
1754123276.36246,2,-8,-70
1754123276.40046,-4,-13,-74
1754123276.43846,0,-4,-59
1754123276.47746,-8,-7,-55
1754123276.5134602,-5,0,-65
1754123276.55046,0,1,-67
1754123276.5884602,2,-2,-59
1754123276.62746,7,-9,-64
1754123276.66346,1,-3,-67
1754123276.70146,4,0,-66
1754123276.73846,4,-3,-65
1754123276.77746,-1,-4,-71
1754123276.81346,0,-4,-73
1754123276.85046,-1,-5,-67
1754123276.8884602,-8,3,-71
1754123276.9274602,-7,-8,-60
1754123276.9634602,-4,-2,-67
1754123277.00146,-7,1,-61
1754123277.0394602,-8,-2,-72
1754123277.07846,-1,-1,-53
1754123277.11446,-1,-7,-52
1754123277.15246,8,-3,-64
1754123277.1904602,7,-2,-59
1754123277.22946,3,-2,-52
1754123277.26746,-7,-2,-55
1754123277.30346,-1,-3,-49
1754123277.3424602,0,-1,-53
1754123277.37946,-4,-2,-65
1754123277.41846,0,-4,-61
1754123277.45546,2,4,-57
1754123277.4934602,0,-1,-60
1754123277.53046,-1,-7,-49
1754123277.5694602,4,-3,-50
1754123277.60746,7,-5,-60
1754123277.64346,7,-9,-71
1754123277.68046,0,0,-57
1754123277.71946,-7,0,-67
1754123277.75746,-4,2,-66
1754123277.79346,0,-1,-67
1754123277.83046,1,-1,-61
1754123277.86946,-10,-4,-68
1754123277.9074602,0,-6,-66
1754123277.94346,0,-6,-60
1754123277.9804602,4,-4,-60
1754123278.0194602,12,-8,-73
1754123278.05746,-1,0,-68
1754123278.09346,1,3,-70
1754123278.13046,1,2,-68
1754123278.16946,0,0,-69
1754123278.2074602,-1,4,-66
1754123278.2434602,-5,0,-65
1754123278.28146,0,7,-63
1754123278.3194602,-1,-1,-68
1754123278.35746,-1,0,-63
1754123278.3944602,2,0,-52
1754123278.43246,-3,-6,-61
1754123278.4704602,3,0,-67
1754123278.5094602,0,2,-63
1754123278.54546,-7,4,-67
1754123278.5824602,-1,4,-59
1754123278.62046,4,-6,-68
1754123278.65946,-3,2,-65
1754123278.69546,-2,-6,-65
1754123278.7334602,1,-3,-66
1754123278.77146,3,-1,-54
1754123278.8094602,8,-4,-50
1754123278.8484602,3,-2,-63
1754123278.8844602,-4,2,-56
1754123278.92246,0,-2,-64
1754123278.9604602,3,5,-57
1754123278.99946,1,-1,-60
1754123279.03546,0,-1,-71
1754123279.07346,-5,-2,-64
1754123279.11246,4,-10,-76
1754123279.14946,2,-1,-57
1754123279.18846,1,-6,-55
1754123279.22446,4,-3,-55
1754123279.26246,4,2,-71
1754123279.30146,2,0,-55
1754123279.33946,0,-1,-61
1754123279.37546,5,-1,-63
1754123279.41246,2,-7,-66
1754123279.45146,-1,-1,-59
1754123279.48946,-3,-6,-58
1754123279.52546,0,-4,-58
1754123279.56346,0,-4,-69
1754123279.60146,-3,-6,-64
1754123279.64046,1,0,-62
1754123279.67846,-5,-4,-64
1754123279.71446,-5,-4,-63
1754123279.75246,-1,0,-71
1754123279.79046,4,0,-63
1754123279.82946,2,-3,-59
1754123279.8654602,0,0,-67
1754123279.90246,1,-2,-63
1754123279.94146,0,-4,-63
1754123279.97946,6,-10,-65
1754123280.01546,0,-2,-63
1754123280.05446,-7,-2,-53
1754123280.09146,0,0,-68
1754123280.13046,5,2,-64
1754123280.16846,-4,-1,-55
1754123280.20446,-3,3,-67
1754123280.24146,-1,-2,-65
1754123280.28046,-12,2,-67
1754123280.31846,-8,4,-80
1754123280.35446,-2,0,-68
1754123280.39246,3,-2,-66
1754123280.43046,-3,-3,-62
1754123280.46946,0,0,-57
1754123280.50546,-3,-4,-55
1754123280.54346,-4,-12,-69
1754123280.58146,0,-6,-69
1754123280.62046,5,-2,-64
1754123280.65846,3,0,-71
1754123280.6944602,1,3,-65
1754123280.73146,-3,0,-58
1754123280.77046,0,0,-47
1754123280.80646,1,0,-48
1754123280.84346,-4,3,-74
1754123280.8814602,-9,2,-77
1754123280.92046,-7,2,-62
1754123280.95646,-3,3,-62
1754123280.99446,-2,0,-57
1754123281.03146,0,1,-60
1754123281.07046,-1,0,-58
1754123281.10646,0,0,-52
1754123281.14346,-7,0,-64
1754123281.18146,-12,-11,-61
1754123281.2204602,-2,-7,-56
1754123281.2564602,7,-2,-60
1754123281.29446,0,0,-60
1754123281.33346,-3,2,-58
1754123281.37046,-1,-6,-67
1754123281.40946,0,0,-71
1754123281.44546,0,3,-69
1754123281.4834602,3,0,-78
1754123281.52046,-4,6,-79
1754123281.5594602,1,4,-67
1754123281.5954602,3,0,-69
1754123281.63246,3,6,-67
1754123281.6714602,2,-3,-59
1754123281.70946,-3,-7,-63
1754123281.74546,0,-2,-60
1754123281.78346,-1,-3,-69
1754123281.82146,0,-1,-75
1754123281.86046,-2,-8,-71
1754123281.89646,0,-10,-67
1754123281.9344602,7,-3,-53
1754123281.97246,9,6,-62
1754123282.01146,0,2,-68
1754123282.0494602,0,2,-65
1754123282.0854602,6,0,-67
1754123282.12246,7,0,-57
1754123282.1614602,-4,1,-58
1754123282.19946,-4,3,-57
1754123282.23546,-3,-3,-66
1754123282.27346,5,5,-72
1754123282.31146,2,-5,-68
1754123282.35046,-3,-8,-63
1754123282.38646,-7,-3,-72
1754123282.4244602,-5,-12,-63
1754123282.46246,-4,-5,-55
1754123282.50146,-17,0,-63
1754123282.5394602,-1,0,-57
1754123282.5754602,-8,0,-68
1754123282.61346,0,1,-62
1754123282.6514602,-6,5,-65
1754123282.6904602,0,3,-65
1754123282.72646,-1,-2,-66
1754123282.76446,0,-7,-68
1754123282.8024602,-5,-6,-62
1754123282.84146,-4,2,-57
1754123282.87946,1,-2,-69
1754123282.91546,0,-1,-58
1754123282.95246,3,-2,-64
1754123282.99146,5,-6,-60
1754123283.02746,4,-8,-49
1754123283.0654602,0,-4,-70
1754123283.10346,-1,2,-64
1754123283.1414602,-3,-3,-61
1754123283.18046,3,-3,-62
1754123283.21646,2,0,-75
1754123283.2534602,1,2,-67
1754123283.29146,7,2,-57
1754123283.33046,-1,-6,-63
1754123283.36646,-3,-7,-64
1754123283.4044602,-8,-3,-68
1754123283.4504602,-7,-5,-66
1754123283.4864602,-6,-4,-60
1754123283.52446,-3,-1,-63
1754123283.5624602,0,-3,-77
1754123283.60146,2,0,-67
1754123283.63746,6,4,-65
1754123283.67546,-8,2,-65
1754123283.7134602,0,0,-67
1754123283.75246,3,2,-61
1754123283.79046,-5,1,-54
1754123283.82646,-4,7,-63
1754123283.86346,-10,-2,-63
1754123283.90246,-5,-8,-58
1754123283.9404602,-4,2,-62
1754123283.97646,-2,3,-63
1754123284.01546,2,-12,-69
1754123284.0524602,-2,0,-56
1754123284.09146,0,4,-57
1754123284.12746,0,-8,-68
1754123284.1644602,6,-1,-60
1754123284.20246,5,-1,-61
1754123284.24146,6,1,-60
1754123284.27746,8,-2,-55
1754123284.31446,1,-7,-71
1754123284.35246,0,-2,-69
1754123284.3914602,2,0,-59
1754123284.4274602,0,2,-60
1754123284.46546,-2,2,-68
1754123284.5034602,8,1,-63
1754123284.5424602,4,-1,-62
1754123284.58046,0,0,-62
1754123284.61746,0,-2,-63
1754123284.6544602,-2,1,-63
1754123284.69246,-6,6,-55
1754123284.73146,-7,3,-57
1754123284.76746,0,-3,-65
1754123284.80546,5,1,-61
1754123284.84346,3,3,-66
1754123284.88246,2,0,-73
1754123284.92046,1,-2,-61
1754123284.95646,0,0,-62
1754123284.9934602,3,-2,-60
1754123285.0324602,1,3,-63
1754123285.07046,2,6,-60
1754123285.10646,0,1,-69
1754123285.14346,-3,-3,-71
1754123285.18246,-6,0,-71
1754123285.2204602,2,-2,-67
1754123285.2564602,2,-1,-65
1754123285.29446,5,-1,-63
1754123285.3324602,4,3,-65
1754123285.3714602,3,5,-67
1754123285.4074602,0,-1,-62
1754123285.4444602,-3,-4,-57
1754123285.48246,2,5,-54
1754123285.52146,0,5,-63
1754123285.55746,-4,3,-62
1754123285.5954602,-2,3,-58
1754123285.6344602,2,2,-69
1754123285.67246,1,0,-61
1754123285.70846,-2,-4,-62
1754123285.74746,-6,1,-70
1754123285.78446,0,-1,-72
1754123285.8224602,-4,-2,-56
1754123285.8614602,-2,-9,-54
1754123285.89746,1,-3,-65
1754123285.93546,1,-8,-63
1754123285.9734602,4,-3,-61
1754123286.01246,-1,1,-65
1754123286.04846,-3,7,-66
1754123286.08646,-3,2,-60
1754123286.12546,4,5,-70
1754123286.16246,4,3,-54
1754123286.20146,3,-1,-45
1754123286.23846,0,-4,-49
1754123286.27546,3,2,-63
1754123286.31346,5,-4,-66
1754123286.35246,-3,2,-74
1754123286.3884602,-4,0,-73
1754123286.42546,5,-1,-71
1754123286.4634602,-1,4,-63
1754123286.50246,-5,4,-71
1754123286.53846,-6,2,-68
1754123286.57646,-4,-4,-66
1754123286.61446,-1,0,-68
1754123286.65346,-2,3,-68
1754123286.69146,0,0,-68
1754123286.72746,1,-6,-75
1754123286.76546,6,-2,-70
1754123286.80346,1,-2,-51
1754123286.8424602,-8,-3,-50
1754123286.8784602,-3,-4,-53
1754123286.9174602,4,-4,-61
1754123286.95446,0,0,-56
1754123286.9934602,-2,-4,-60
1754123287.03146,-5,-8,-60
1754123287.06746,0,1,-65
1754123287.10446,-7,0,-74
1754123287.14346,-3,-4,-77
1754123287.18146,-1,-1,-67
1754123287.2174602,8,1,-62
1754123287.25446,1,0,-60
1754123287.29346,1,1,-55
1754123287.33146,-2,0,-63
1754123287.36746,-6,-5,-65
1754123287.40546,-4,0,-73
1754123287.44346,-3,0,-64
1754123287.48246,-1,-1,-64
1754123287.51846,-6,1,-59
1754123287.55646,-4,3,-73
1754123287.59446,1,0,-61
1754123287.63346,1,3,-60
1754123287.66946,-5,4,-59
1754123287.70646,1,1,-70
1754123287.74446,1,0,-62
1754123287.78346,2,-4,-69
1754123287.8194602,6,-4,-62
1754123287.85746,4,-2,-70
1754123287.89646,4,-8,-65
1754123287.93346,0,-5,-65
1754123287.97246,7,0,-56
1754123288.00846,-1,-5,-56
1754123288.0464602,-3,2,-59
1754123288.08446,1,-3,-69
1754123288.12346,8,-6,-75
1754123288.15946,7,1,-75
1754123288.19646,-2,-3,-78
1754123288.23446,0,-2,-64
1754123288.27346,-3,5,-64
1754123288.3094602,0,3,-77
1754123288.34646,-6,3,-71
1754123288.3844602,-6,6,-60
1754123288.42346,3,4,-60
1754123288.45946,7,3,-61
1754123288.4964602,2,0,-56
1754123288.53446,0,0,-59
1754123288.57346,2,-8,-56
1754123288.60946,-1,-2,-48
1754123288.64746,3,-5,-49
1754123288.68546,3,0,-61
1754123288.72446,0,-4,-66
1754123288.76246,0,-3,-57
1754123288.79846,-1,-2,-49
1754123288.83646,4,-6,-55
1754123288.87446,4,-5,-61
1754123288.91346,1,0,-55
1754123288.94946,2,-3,-56
1754123288.98746,0,2,-57
1754123289.02546,4,-2,-60
1754123289.06446,3,0,-66
1754123289.10246,-1,-3,-52
1754123289.1384602,0,0,-58
1754123289.17646,0,-1,-57
1754123289.21446,1,-4,-50
1754123289.2534602,-1,-4,-42
1754123289.2894602,-2,-5,-52
1754123289.32746,1,-1,-72
1754123289.3654602,4,4,-66
1754123289.4044602,-6,2,-65
1754123289.44246,-6,2,-68
1754123289.47846,-12,0,-63
1754123289.5164602,0,-3,-62
1754123289.55446,-7,-2,-63
1754123289.59346,0,3,-54
1754123289.62946,0,-5,-57
1754123289.66646,-5,0,-71
1754123289.70446,-5,7,-61
1754123289.7434602,-4,1,-62
1754123289.7794602,1,-3,-70
1754123289.81646,2,0,-64
1754123289.85446,-1,-2,-59
1754123289.89346,-6,-8,-59
1754123289.92946,-6,-4,-70
1754123289.9674602,-1,-4,-67
1754123290.00546,-3,-4,-63
1754123290.04446,-2,-5,-67
1754123290.0824602,1,-5,-60
1754123290.11946,-2,-8,-64
1754123290.1574602,-1,-4,-59
1754123290.19546,1,-5,-54
1754123290.23446,5,-4,-57
1754123290.27046,-4,-4,-45
1754123290.30846,-2,-2,-61
1754123290.34646,-6,0,-62
1754123290.3844602,-2,2,-60
1754123290.42346,-1,1,-62
1754123290.45946,1,-1,-64
1754123290.49746,2,4,-63
1754123290.53546,-2,0,-59
1754123290.57446,-7,-1,-60
1754123290.61046,-6,2,-65
1754123290.64746,-2,-5,-71
1754123290.68646,-3,-5,-67
1754123290.72446,-3,0,-60
1754123290.76046,-1,5,-63
1754123290.79846,0,4,-70
1754123290.83646,2,-5,-63
1754123290.87546,2,2,-68
1754123290.91346,-4,1,-65
1754123290.94946,-1,-2,-56
1754123290.98746,-6,-8,-55
1754123291.02546,-2,-2,-72
1754123291.06446,3,0,-59
1754123291.10046,3,-4,-54
1754123291.1384602,0,0,-72
1754123291.17646,-1,-4,-66
1754123291.21546,1,8,-73
1754123291.2534602,6,5,-68
1754123291.2894602,5,3,-79
1754123291.32646,3,1,-68
1754123291.3654602,-1,-1,-64
1754123291.40346,2,4,-65
1754123291.43946,0,6,-61
1754123291.47646,-4,3,-58
1754123291.51546,4,0,-56
1754123291.55346,0,-3,-60
1754123291.58946,-1,-1,-62
1754123291.6284602,-1,-6,-68
1754123291.66546,-3,0,-58
1754123291.70446,-1,-3,-59
1754123291.7404602,1,-1,-60
1754123291.77846,0,2,-75
1754123291.81646,3,0,-62
1754123291.8554602,1,-2,-76
1754123291.89346,7,1,-64
1754123291.92946,2,7,-60
1754123291.96646,8,0,-65
1754123292.00546,-4,0,-64
1754123292.04346,0,-6,-62
1754123292.08046,-7,-5,-58
1754123292.11746,-3,-2,-67
1754123292.15546,3,-2,-63
1754123292.1944602,1,-1,-64
1754123292.2304602,0,-4,-70
1754123292.26846,4,-3,-76
1754123292.30646,1,-3,-67
1754123292.3454602,2,0,-66
1754123292.3814602,-5,0,-63
1754123292.41946,0,-8,-67
1754123292.4574602,4,-3,-62
1754123292.49546,3,2,-68
1754123292.53446,0,0,-79
1754123292.57046,-3,-1,-66
1754123292.6084602,0,0,-68
1754123292.64646,0,5,-66
1754123292.68546,0,-3,-76
1754123292.72146,-3,0,-72
1754123292.75846,2,-1,-63
1754123292.7964602,3,-10,-60
1754123292.8354602,0,-4,-54
1754123292.8714602,9,-5,-59
1754123292.90846,10,-4,-77
1754123292.94646,0,0,-77
1754123292.98546,0,-4,-78
1754123293.02146,-2,-6,-65
1754123293.0594602,-3,-1,-58
1754123293.09746,2,-4,-52
1754123293.13546,6,-9,-59
1754123293.1744602,3,-6,-66
1754123293.2104602,0,0,-70
1754123293.24746,2,-6,-69
1754123293.2864602,0,-2,-66
1754123293.32446,-5,-4,-53
1754123293.36046,3,-8,-67
1754123293.39846,3,0,-59
1754123293.4374602,3,0,-60
1754123293.48146,-5,-1,-51
1754123293.52046,-5,-2,-57
1754123293.55746,1,0,-59
1754123293.59646,1,-3,-67
1754123293.6344602,6,-8,-69
1754123293.67046,3,-6,-71
1754123293.70846,8,-11,-55
1754123293.74746,1,-1,-59
1754123293.78546,7,-3,-63
1754123293.82146,6,-10,-65
1754123293.86046,8,-1,-66
1754123293.89746,13,0,-51
1754123293.93646,2,4,-68
1754123293.97446,2,4,-60
1754123294.01046,0,5,-64
1754123294.04746,-3,1,-78
1754123294.08646,-6,-5,-63
1754123294.12446,-4,-1,-48
1754123294.16046,-8,3,-58
1754123294.19846,0,-1,-68
1754123294.2364602,-1,2,-61
1754123294.27546,1,1,-59
1754123294.31146,0,-7,-61
1754123294.3484602,0,-1,-66
1754123294.38646,-7,-4,-65
1754123294.42546,3,-2,-59
1754123294.46146,5,-4,-54
1754123294.49946,-2,-3,-60
1754123294.53746,5,0,-63
1754123294.57646,-3,-5,-59
1754123294.61246,-5,3,-54
1754123294.65046,-5,-3,-67
1754123294.68846,-10,-4,-59
1754123294.72646,-13,-1,-50
1754123294.76546,-7,-8,-65
1754123294.80146,-4,1,-68
1754123294.83946,-4,0,-51
1754123294.87746,5,-2,-50
1754123294.91646,6,0,-60
1754123294.95346,5,-3,-68
1754123294.9904602,2,2,-68
1754123295.02846,1,4,-69
1754123295.06646,2,1,-81
1754123295.1054602,-6,-4,-65
1754123295.1414602,-1,2,-57
1754123295.18046,-2,-3,-53
1754123295.2174602,-8,2,-43
1754123295.2564602,-7,0,-53
1754123295.29346,-3,-1,-49
1754123295.33046,-1,-6,-56
1754123295.3684602,-1,-2,-59
1754123295.40646,5,0,-67
1754123295.44546,6,-1,-78
1754123295.48146,4,4,-67
1754123295.5194602,5,6,-67
1754123295.55846,3,0,-64
1754123295.59646,-1,0,-65
1754123295.63246,-5,2,-56
1754123295.6714602,0,-2,-62
1754123295.70946,-3,-2,-63
1754123295.74746,-8,0,-66
1754123295.78546,-4,1,-54
1754123295.82146,6,0,-65
1754123295.85946,0,0,-46
1754123295.89746,0,-3,-61
1754123295.93546,3,1,-70
1754123295.97146,0,0,-67
1754123296.0094602,3,-3,-69
1754123296.04746,1,-3,-63
1754123296.0854602,5,-2,-68
1754123296.1214602,0,-7,-69
1754123296.15946,1,-7,-62
1754123296.1974602,-4,-6,-64
1754123296.2364602,-1,0,-65
1754123296.27246,-1,5,-56
1754123296.31046,-5,-3,-57
1754123296.3484602,-1,6,-53
1754123296.38746,-5,-1,-71
1754123296.42546,-2,4,-71
1754123296.46146,-2,-1,-68
1754123296.50046,-2,-6,-66
1754123296.53746,4,-1,-61
1754123296.57646,0,2,-77
1754123296.61246,8,-6,-63
1754123296.65046,0,-4,-57
1754123296.68846,0,0,-60
1754123296.72746,6,0,-45
1754123296.76546,7,4,-55
1754123296.80146,6,4,-56
1754123296.8384602,2,1,-59
1754123296.87746,4,0,-58
1754123296.91346,4,2,-50
1754123296.9504602,-1,-4,-60
1754123296.98846,-6,2,-63
1754123297.02746,-2,3,-59
1754123297.06346,1,-6,-60
1754123297.10146,-6,4,-63
1754123297.13946,0,0,-66
1754123297.1774602,-4,-1,-64
1754123297.21646,-7,-5,-58
1754123297.25246,-5,0,-67
1754123297.29046,0,0,-66
1754123297.32946,7,-2,-73
1754123297.36746,2,-2,-66
1754123297.40346,6,-1,-73
1754123297.4404602,0,0,-63
1754123297.47846,-4,0,-76
1754123297.51746,6,-1,-68
1754123297.55346,2,2,-67
1754123297.59046,-3,2,-73
1754123297.6284602,-4,2,-68
1754123297.6674602,-4,5,-69
1754123297.70346,2,-1,-57
1754123297.7404602,2,3,-59
1754123297.77846,3,1,-57
1754123297.81746,4,-6,-63
1754123297.85346,-2,0,-62
1754123297.89046,-3,0,-67
1754123297.92846,0,-2,-63
1754123297.9674602,-1,0,-74
1754123298.0034602,-8,1,-74
1754123298.04146,-9,8,-70
1754123298.07846,5,4,-66
1754123298.11746,-1,4,-64
1754123298.15346,-1,1,-57
1754123298.1904602,0,0,-54
1754123298.22846,0,-4,-69
1754123298.26746,3,-8,-57
1754123298.30346,1,2,-65
1754123298.34146,4,0,-53
1754123298.3784602,-4,-1,-65
1754123298.4174602,5,0,-69
1754123298.45346,-1,-6,-66
1754123298.49146,-10,-1,-66
1754123298.5294602,0,0,-74
1754123298.56846,0,-1,-62
1754123298.60646,0,-2,-60
1754123298.64246,0,0,-59
1754123298.67946,-1,1,-71
1754123298.71846,0,-1,-66
1754123298.7564602,2,0,-47
1754123298.7924602,2,-1,-62
1754123298.83046,6,0,-52
1754123298.8684602,3,7,-49
1754123298.9074602,0,6,-57
1754123298.94346,2,4,-59
1754123298.9804602,5,4,-73
1754123299.01846,1,2,-67
1754123299.05746,-3,-4,-51
1754123299.09346,0,0,-52
1754123299.1314602,-3,0,-62
1754123299.16946,2,3,-63
1754123299.2074602,-1,3,-56
1754123299.2434602,-7,0,-62
1754123299.2824602,1,-1,-61
1754123299.3194602,2,0,-52
1754123299.3584602,-1,6,-56
1754123299.3944602,-1,0,-63
1754123299.43246,-2,-2,-54
1754123299.4704602,-3,-3,-65
1754123299.50846,-2,1,-60
1754123299.54746,1,0,-60
1754123299.58346,-2,0,-55
1754123299.6214602,-1,6,-62
1754123299.65946,-4,4,-67
1754123299.69846,-4,0,-64
1754123299.73446,-4,-6,-63
1754123299.77246,0,-5,-67
1754123299.81046,-6,-1,-72
1754123299.8484602,-7,2,-61
1754123299.88746,-2,-5,-60
1754123299.92346,0,1,-60
1754123299.9604602,11,-6,-54
1754123299.99846,8,-1,-67
1754123300.03746,0,0,-75
1754123300.07346,-8,3,-72
1754123300.1114602,-1,1,-67
1754123300.14946,-1,0,-67
1754123300.18846,-4,-2,-66
1754123300.22446,-8,-4,-75
1754123300.26246,5,0,-62
1754123300.30046,4,0,-70
1754123300.33946,-1,-1,-67
1754123300.37746,1,-5,-71
1754123300.41346,0,-1,-63
1754123300.45146,0,5,-56
1754123300.4904602,-3,0,-47
1754123300.52846,9,-2,-52
1754123300.56446,5,-1,-64
1754123300.60246,-6,-5,-58
1754123300.64046,-2,-2,-73
1754123300.67946,-1,-1,-66
1754123300.7174602,5,-5,-56
1754123300.7534602,0,-2,-55
1754123300.79146,-3,0,-75
1754123300.82946,0,1,-67
1754123300.8684602,3,-1,-64
1754123300.9044602,3,-4,-65
1754123300.94246,4,1,-60
1754123300.98146,2,-2,-69
1754123301.0194602,2,-11,-57
1754123301.05746,-8,0,-71
1754123301.09346,1,-1,-73
1754123301.1314602,3,0,-63
1754123301.16946,3,-8,-62
1754123301.2074602,2,-2,-66
1754123301.24446,-3,-1,-70
1754123301.2824602,-6,4,-66
1754123301.32046,-4,5,-63
1754123301.35946,-6,1,-65
1754123301.39546,-1,-2,-69
1754123301.4344602,-1,-2,-63
1754123301.47146,-1,-6,-71
1754123301.5094602,3,5,-66
1754123301.54846,-3,2,-59
1754123301.58446,-7,-4,-60
1754123301.62246,0,-9,-59
1754123301.66046,7,-1,-57
1754123301.69946,1,-6,-62
1754123301.73546,0,-1,-56
1754123301.77346,1,3,-47
1754123301.81146,2,1,-64
1754123301.84946,2,2,-61
1754123301.8884602,-5,1,-54
1754123301.9244602,-3,-1,-58
1754123301.9634602,0,0,-51
1754123302.00046,0,-2,-56
1754123302.0394602,3,2,-53
1754123302.07846,1,1,-67
1754123302.11446,-2,0,-64
1754123302.15246,-6,-1,-55
1754123302.1904602,4,-6,-47
1754123302.22946,4,-6,-57
1754123302.26546,2,0,-73
1754123302.3024602,-2,-3,-65
1754123302.34046,0,3,-68
1754123302.37946,4,1,-50
1754123302.41646,3,-5,-59
1754123302.45446,8,2,-63
1754123302.49146,1,4,-66
1754123302.53046,6,1,-61
1754123302.56846,-3,1,-66
1754123302.60446,-5,5,-68
1754123302.64246,-1,-3,-59
1754123302.68046,1,-2,-65
1754123302.71946,7,4,-65
1754123302.75546,-1,3,-57
1754123302.79346,5,0,-63
1754123302.83146,-4,0,-67
1754123302.87046,-4,3,-62
1754123302.90846,-4,-2,-70
1754123302.9444602,4,-4,-65
1754123302.98246,0,-1,-63
1754123303.02046,2,-3,-49
1754123303.0594602,2,0,-62
1754123303.0954602,0,1,-67
1754123303.13346,2,0,-63
1754123303.17246,0,0,-58
1754123303.2104602,-1,4,-67
1754123303.24846,-3,0,-53
1754123303.28446,1,-1,-54
1754123303.3224602,0,0,-67
1754123303.36046,3,-2,-69
1754123303.39946,-9,-1,-61
1754123303.43546,-10,-5,-52
1754123303.4734602,5,-5,-64
1754123303.5194602,4,-2,-59
1754123303.55546,10,-4,-64
1754123303.59346,2,-6,-48
1754123303.6314602,2,-5,-51
1754123303.67046,1,4,-58
1754123303.70846,5,-8,-65
1754123303.74446,0,-5,-64
1754123303.78346,-3,-7,-68
1754123303.82046,-1,-3,-60
1754123303.85946,1,-4,-60
1754123303.89546,-3,-2,-64
1754123303.93346,-7,0,-56
1754123303.97146,-7,-4,-57
1754123304.01046,3,-1,-44
1754123304.0464602,3,-5,-50
1754123304.08446,0,-5,-66
1754123304.12246,2,-1,-59
1754123304.1614602,1,3,-50
1754123304.19946,-2,2,-59
1754123304.23546,-9,-1,-75
1754123304.27346,-4,6,-66
1754123304.31146,0,6,-79
1754123304.35046,-3,-3,-72
1754123304.38646,3,-1,-69
1754123304.42546,-3,-6,-58
1754123304.46246,-3,-7,-64
1754123304.50046,-6,-2,-67
1754123304.5394602,-3,-4,-68
1754123304.5754602,1,-2,-71
1754123304.61346,2,0,-63
1754123304.6514602,0,-8,-63
1754123304.6904602,3,2,-69
1754123304.72646,0,5,-68
1754123304.76446,1,4,-68
1754123304.8024602,-4,0,-56
1754123304.84146,4,-7,-56
1754123304.87946,0,-6,-62
1754123304.91546,0,-1,-68
1754123304.95346,1,3,-70
1754123304.99146,0,3,-68
1754123305.03046,6,1,-73
1754123305.06646,1,-4,-59
1754123305.10446,-3,-1,-61
1754123305.14246,1,0,-53
1754123305.18146,4,4,-65
1754123305.21946,0,-2,-58
1754123305.25546,-1,0,-66
1754123305.2924602,0,-12,-58
1754123305.33146,1,-5,-64
1754123305.36946,0,-9,-53
1754123305.40546,1,-7,-61
1754123305.44246,0,0,-57
1754123305.48146,4,1,-68
1754123305.5194602,4,4,-70
1754123305.55546,5,0,-72
1754123305.5924602,1,-7,-60
1754123305.6314602,0,-12,-65
1754123305.66946,-3,0,-58
1754123305.70546,6,-2,-63
1754123305.74246,0,2,-69
1754123305.78146,-3,3,-72
1754123305.8194602,1,-4,-70
1754123305.8554602,0,0,-66
1754123305.89246,5,0,-68
1754123305.93146,0,-3,-48
1754123305.9674602,-5,0,-45
1754123306.00546,2,6,-60
1754123306.04346,0,10,-50
1754123306.08146,3,0,-57
1754123306.12046,-3,2,-59
1754123306.15646,-2,0,-61
1754123306.1944602,0,2,-56
1754123306.23246,1,0,-53
1754123306.27146,-5,2,-58
1754123306.30746,-6,-3,-62
1754123306.34646,0,-4,-62
1754123306.38346,0,-3,-65
1754123306.4214602,-3,-6,-66
1754123306.4604602,1,-1,-64
1754123306.4964602,4,1,-69
1754123306.53346,2,3,-57
1754123306.57146,1,8,-58
1754123306.61046,4,4,-67
1754123306.64746,5,0,-60
1754123306.6844602,0,0,-82
1754123306.72246,0,1,-69
1754123306.76146,-4,0,-62
1754123306.79746,-2,-1,-49
1754123306.8354602,2,-1,-72
1754123306.87346,3,-7,-61
1754123306.91246,2,-1,-66
1754123306.9504602,4,0,-65
1754123306.9864602,5,1,-64
1754123307.02446,0,-1,-60
1754123307.0624602,0,-6,-62
1754123307.10146,2,-7,-67
1754123307.13746,-1,0,-57
1754123307.1744602,-3,-2,-60
1754123307.21246,-4,7,-65
1754123307.25146,-2,7,-61
1754123307.28746,-1,-5,-70
1754123307.3254602,3,-6,-60
1754123307.36446,0,-2,-56
1754123307.40346,-4,-3,-63
1754123307.44146,-2,3,-59
1754123307.47746,6,-3,-67
1754123307.51546,8,-8,-60
1754123307.55346,1,-1,-68
1754123307.5924602,2,-3,-69
1754123307.63046,4,-2,-68
1754123307.66646,-8,-7,-57
1754123307.70446,-2,-2,-58
1754123307.74246,-4,3,-57
1754123307.78146,0,7,-54
1754123307.81746,-5,3,-60
1754123307.8554602,-4,0,-59
1754123307.8944602,3,7,-62
1754123307.93246,-1,6,-67
1754123307.9704602,1,6,-61
1754123308.0064602,0,3,-62
1754123308.04446,-3,-6,-60
1754123308.0824602,4,0,-70
1754123308.12046,-4,0,-64
1754123308.15646,1,0,-60
1754123308.19346,-1,1,-56
1754123308.23246,1,-5,-58
1754123308.26846,2,-4,-64
1754123308.30646,2,-3,-67
1754123308.34446,-6,0,-60
1754123308.38246,-9,0,-61
1754123308.4214602,0,6,-66
1754123308.4574602,0,-4,-73
1754123308.49546,0,-3,-65
1754123308.53346,2,-5,-69
1754123308.5724602,4,-2,-70
1754123308.60946,3,-1,-70
1754123308.64746,0,0,-67
1754123308.6844602,-7,-1,-66
1754123308.7234602,1,-3,-61
1754123308.76146,3,4,-62
1754123308.79746,7,1,-59
1754123308.83446,4,2,-58
1754123308.87346,1,-10,-52
1754123308.9114602,3,-3,-51
1754123308.9474602,-3,-4,-58
1754123308.98546,1,3,-68
1754123309.02346,-5,1,-67
1754123309.0624602,-2,-3,-49
1754123309.0984602,1,-6,-51
1754123309.13546,-4,0,-65
1754123309.17346,-5,-3,-63
1754123309.21246,-1,-5,-68
1754123309.24846,4,-1,-62
1754123309.28546,10,-2,-54
1754123309.32346,-1,3,-58
1754123309.36246,-2,3,-61
1754123309.39846,-8,2,-55
1754123309.43646,-7,-5,-56
1754123309.47446,-3,0,-59
1754123309.5134602,-3,-2,-60
1754123309.55146,-1,0,-48
1754123309.58746,-2,-3,-61
1754123309.62646,0,-4,-64
1754123309.66346,-4,-2,-49
1754123309.70246,-3,2,-57
1754123309.73846,-3,3,-51
1754123309.7764602,-1,5,-64
1754123309.81446,1,1,-65
1754123309.85346,1,3,-57
1754123309.8914602,2,3,-70
1754123309.9274602,-1,1,-60
1754123309.96546,5,1,-64
1754123310.0034602,6,0,-63
1754123310.0424602,8,0,-65
1754123310.07846,-5,9,-65
1754123310.1154602,-1,9,-77
1754123310.15346,1,-1,-60
1754123310.19246,0,4,-64
1754123310.22846,2,10,-70
1754123310.26546,8,2,-70
1754123310.30346,0,-7,-62
1754123310.3424602,3,-4,-63
1754123310.3784602,4,1,-65
1754123310.41546,-4,-4,-60
1754123310.45346,1,0,-55
1754123310.49246,-3,-2,-55
1754123310.52846,1,-1,-51
1754123310.5654602,2,0,-56
1754123310.60346,-4,-3,-62
1754123310.64246,-7,-6,-67
1754123310.67846,-5,-7,-68
1754123310.71646,-9,-3,-69
1754123310.75546,-6,-5,-72
1754123310.79346,-3,-3,-66
1754123310.82946,-5,-5,-70
1754123310.8684602,-1,-4,-67
1754123310.90546,3,0,-61
1754123310.94346,0,-4,-71
1754123310.98246,0,0,-61
1754123311.01846,-6,-3,-62
1754123311.05646,-10,2,-60
1754123311.09446,-3,1,-65
1754123311.13346,3,-2,-59
1754123311.16946,0,1,-76
1754123311.20646,1,-1,-65
1754123311.24446,0,-4,-57
1754123311.28346,4,-2,-49
1754123311.3194602,-2,2,-49
1754123311.35746,3,-2,-51
1754123311.39546,0,-1,-60
1754123311.43346,1,1,-59
1754123311.47246,5,-1,-68
1754123311.50846,2,-3,-52
1754123311.5464602,1,0,-62
1754123311.58446,2,-1,-61
1754123311.62346,-1,0,-63
1754123311.65946,-1,-1,-72
1754123311.6974602,2,0,-75
1754123311.73546,2,0,-73
1754123311.77446,2,-4,-63
1754123311.8124602,-1,-6,-53
1754123311.8484602,-2,-1,-60
1754123311.88646,-1,3,-57
1754123311.9244602,-1,0,-60
1754123311.9634602,-2,2,-53
1754123311.99946,3,3,-57
1754123312.0364602,1,-7,-74
1754123312.0754602,0,-3,-73
1754123312.11346,0,-10,-67
1754123312.14946,0,-6,-61
1754123312.1874602,2,-4,-51
1754123312.22546,-5,-6,-45
1754123312.26446,-6,4,-68
1754123312.3024602,2,1,-76
1754123312.3384602,2,-8,-73
1754123312.37546,-1,-3,-65
1754123312.4144602,0,-7,-69
1754123312.45246,1,-6,-65
1754123312.48846,-5,1,-75
1754123312.5264602,0,1,-72
1754123312.56446,4,1,-60
1754123312.60346,-2,-6,-67
1754123312.63946,-13,-2,-69
1754123312.6774602,-4,-1,-66
1754123312.71546,0,1,-72
1754123312.75446,-5,10,-55
1754123312.7924602,2,8,-59
1754123312.82846,0,11,-65
1754123312.8654602,0,0,-67
1754123312.9044602,5,-3,-67
1754123312.9404602,4,-2,-70
1754123312.97746,0,1,-61
1754123313.01546,-5,0,-65
1754123313.05446,-2,-1,-54
1754123313.09046,3,-3,-64
1754123313.1284602,5,-6,-63
1754123313.1674602,8,1,-61
1754123313.20446,5,0,-61
1754123313.2434602,2,-1,-54
1754123313.2794602,6,-8,-66
1754123313.31746,4,-5,-63
1754123313.3554602,4,-1,-59
1754123313.3944602,0,2,-69
1754123313.43046,-1,5,-69
1754123313.46846,3,1,-58
1754123313.5064602,3,-4,-60
1754123313.55046,2,-5,-57
1754123313.5884602,3,5,-56
1754123313.62646,4,5,-70
1754123313.6644602,0,-4,-68
1754123313.70346,-3,1,-64
1754123313.73946,1,-6,-61
1754123313.77746,-4,-3,-68
1754123313.8154602,-4,2,-69
1754123313.85446,-3,0,-67
1754123313.89046,4,0,-76
1754123313.92846,2,3,-59
1754123313.9674602,4,0,-60
1754123314.00546,3,2,-71
1754123314.04346,2,-2,-65
1754123314.07946,3,-5,-57
1754123314.11746,9,-2,-63
1754123314.15546,-3,-4,-58
1754123314.1944602,0,-5,-58
1754123314.2304602,3,-5,-64
1754123314.26746,-5,0,-69
1754123314.30546,-1,3,-59
1754123314.34446,-8,-2,-58
1754123314.38046,0,-7,-69
1754123314.4174602,1,0,-75
1754123314.45546,-6,-3,-66
1754123314.49446,-1,2,-69
1754123314.53046,3,1,-66
1754123314.56846,2,-3,-64
1754123314.60646,1,0,-65
1754123314.64546,2,1,-68
1754123314.68346,3,-7,-57
1754123314.71946,-5,-3,-72
1754123314.75746,0,-5,-54
1754123314.79546,1,-1,-62
1754123314.83446,0,-2,-63
1754123314.87046,2,-8,-56
1754123314.90846,9,-3,-67
1754123314.94646,0,0,-58
1754123314.98546,-1,-3,-62
1754123315.02346,1,-8,-68
1754123315.06046,1,1,-72
1754123315.09746,-3,4,-63
1754123315.13546,0,-2,-66
1754123315.1744602,-4,5,-67
1754123315.2104602,1,1,-77
1754123315.24846,0,-1,-66
1754123315.28546,0,2,-59
1754123315.32446,2,-3,-62
1754123315.36046,2,-2,-52
1754123315.39746,0,-4,-64
1754123315.43546,1,3,-62
1754123315.47446,-4,0,-66
1754123315.51046,6,-5,-60
1754123315.54846,3,1,-51
1754123315.58646,3,-1,-57
1754123315.62546,8,1,-45
1754123315.6614602,2,-3,-50
1754123315.69946,-1,0,-68
1754123315.73746,-3,6,-59
1754123315.77546,-3,2,-62
1754123315.81446,-7,0,-57
1754123315.85046,-3,4,-61
1754123315.8884602,-4,-7,-62
1754123315.9274602,-13,-1,-59
1754123315.96546,-9,3,-74
1754123316.00146,-6,0,-65
1754123316.0394602,0,5,-59
1754123316.07746,-3,1,-66
1754123316.11646,0,-2,-61
1754123316.1544602,-1,4,-57
1754123316.1904602,0,1,-65
1754123316.22746,-3,0,-65
1754123316.2664602,-4,-12,-56
1754123316.30446,0,-1,-70
1754123316.34046,6,-4,-61
1754123316.3784602,-4,-7,-59
1754123316.41646,-2,3,-70
1754123316.45546,-4,-2,-67
1754123316.49146,1,0,-69
1754123316.52846,5,-6,-66
1754123316.56646,7,-1,-69
1754123316.6054602,1,-1,-54
1754123316.6414602,5,5,-69
1754123316.67846,2,1,-56
1754123316.71646,-1,-4,-59
1754123316.75546,-2,-1,-59
1754123316.79146,-1,-4,-60
1754123316.82946,0,-6,-54
1754123316.86746,2,-8,-63
1754123316.90646,0,0,-59
1754123316.9444602,4,0,-65
1754123316.9804602,2,3,-62
1754123317.0194602,2,-3,-68
1754123317.05746,0,0,-59
1754123317.0954602,-9,-5,-65
1754123317.1314602,-6,0,-59
1754123317.16946,-1,0,-68
1754123317.2074602,-1,-6,-49
1754123317.2464602,-2,-2,-54
1754123317.28446,6,-5,-55
1754123317.32046,0,0,-61
1754123317.35746,5,0,-55
1754123317.39646,0,-2,-39
1754123317.43246,4,3,-53
1754123317.46946,8,5,-70
1754123317.50846,7,0,-55
1754123317.5464602,3,-2,-69
1754123317.5824602,1,0,-56
1754123317.61946,-6,0,-59
1754123317.6574602,-4,-7,-59
1754123317.69646,6,1,-49
1754123317.73246,0,-1,-58
1754123317.77046,-2,5,-66
1754123317.80846,1,0,-76
1754123317.84646,-4,-2,-67
1754123317.88546,0,-8,-69
1754123317.9214602,0,-6,-66
1754123317.95946,-1,-2,-60
1754123317.99746,-9,1,-44
1754123318.0364602,-1,0,-50
1754123318.0724602,-7,-1,-59
1754123318.11046,-6,-8,-58
1754123318.14846,5,2,-71
1754123318.18646,4,0,-70
1754123318.22546,2,2,-64
1754123318.26146,-2,0,-62
1754123318.2994602,1,-1,-63
1754123318.33746,0,1,-75
1754123318.37646,6,0,-67
1754123318.41246,0,-5,-56
1754123318.4504602,1,-3,-63
1754123318.48846,0,-7,-65
1754123318.52746,0,2,-59
1754123318.5654602,1,3,-61
1754123318.60146,-1,5,-67
1754123318.6384602,-2,-4,-58
1754123318.6774602,9,-2,-65
1754123318.71546,5,-2,-71
1754123318.75146,4,0,-66
1754123318.78846,2,-3,-64
1754123318.82746,3,-6,-57
1754123318.8654602,-2,1,-59
1754123318.9014602,2,-2,-64
1754123318.93946,-5,-1,-57
1754123318.97746,-2,-2,-57
1754123319.0164602,-2,-4,-64
1754123319.0524602,0,-2,-57
1754123319.08946,3,-2,-54
1754123319.12746,0,0,-60
1754123319.16646,2,-7,-61
1754123319.20246,0,0,-51
1754123319.23946,9,3,-57
1754123319.27746,0,6,-64
1754123319.31646,-2,3,-57
1754123319.35246,1,3,-62
1754123319.38946,3,0,-50
1754123319.4274602,2,-1,-65
1754123319.46646,4,-1,-71
1754123319.50246,0,-5,-62
1754123319.5394602,3,0,-59
1754123319.57746,3,-8,-69
1754123319.61646,2,-2,-71
1754123319.65246,5,-4,-68
1754123319.6904602,4,0,-66
1754123319.72846,-4,4,-72
1754123319.76746,-6,0,-67
1754123319.80346,0,-7,-64
1754123319.84146,2,-4,-60
1754123319.87946,1,-2,-49
1754123319.9174602,2,2,-56
1754123319.95646,2,-8,-57
1754123319.99246,5,-5,-60
1754123320.03046,7,-11,-70
1754123320.06846,3,-5,-68
1754123320.10746,0,-4,-55
1754123320.14346,-2,2,-60
1754123320.18146,7,0,-62
1754123320.21946,1,0,-63
1754123320.25746,2,-2,-65
1754123320.2964602,-5,-4,-60
1754123320.3324602,-3,-5,-70
1754123320.37046,5,-3,-60
1754123320.40846,7,-2,-65
1754123320.4474602,-2,1,-63
1754123320.4834602,-4,-2,-59
1754123320.52146,-2,-4,-70
1754123320.5594602,-1,1,-69
1754123320.5984602,3,6,-58
1754123320.63646,0,-2,-55
1754123320.67246,-5,-7,-64
1754123320.7104602,-2,0,-58
1754123320.74846,-1,0,-63
1754123320.78746,0,-8,-69
1754123320.82346,-1,-10,-64
1754123320.8614602,0,1,-61
1754123320.89946,5,-3,-60
1754123320.93846,4,-2,-51
1754123320.97646,0,3,-56
1754123321.01246,-4,-7,-56
1754123321.05046,-5,-4,-64
1754123321.0884602,0,-1,-62
1754123321.12746,-3,-1,-67
1754123321.16346,-3,4,-63
1754123321.20146,1,1,-63
1754123321.23946,3,3,-63
1754123321.27846,-10,0,-57
1754123321.31646,-1,-1,-66
1754123321.35246,2,-6,-65
1754123321.39046,0,2,-61
1754123321.42846,0,-2,-65
1754123321.4674602,5,3,-56
1754123321.50446,0,-3,-57
1754123321.5424602,1,0,-67
1754123321.57946,0,-4,-67
1754123321.6184602,-1,-2,-58
1754123321.65646,-6,-3,-61
1754123321.69246,-5,1,-70
1754123321.72946,0,-4,-70
1754123321.76846,0,-3,-58
1754123321.80646,0,-2,-73
1754123321.8424602,-6,5,-79
1754123321.87946,-7,-3,-73
1754123321.91846,-1,-6,-67
1754123321.95646,-6,-5,-75
1754123321.99246,-2,2,-64
1754123322.03146,3,4,-50
1754123322.06846,-9,-2,-53
1754123322.10746,-3,0,-61
1754123322.14346,-2,1,-57
1754123322.18146,-3,3,-55
1754123322.21846,0,1,-66
1754123322.25746,0,-3,-62
1754123322.29346,5,3,-59
1754123322.33046,7,-1,-67
1754123322.3684602,5,-3,-63
1754123322.4074602,0,0,-52
1754123322.44346,-3,-5,-54
1754123322.48146,1,0,-56
1754123322.5194602,-3,1,-67
1754123322.55846,1,5,-61
1754123322.59446,-1,9,-65
1754123322.63246,-2,5,-58
1754123322.67046,5,1,-68
1754123322.70846,2,-1,-63
1754123322.74746,7,2,-58
1754123322.78346,4,4,-59
1754123322.82046,-3,0,-68
1754123322.8584602,0,0,-60
1754123322.8944602,2,3,-57
1754123322.93146,5,0,-64
1754123322.96946,0,0,-64
1754123323.00846,3,0,-61
1754123323.04446,1,-3,-59
1754123323.0824602,5,-8,-60
1754123323.12046,1,-6,-66
1754123323.15946,0,-6,-67
1754123323.1974602,-2,-8,-66
1754123323.2334602,-4,-3,-71
1754123323.27146,1,-8,-59
1754123323.3094602,5,-9,-60
1754123323.3484602,0,-5,-55
1754123323.3844602,1,-10,-54
1754123323.42246,0,-3,-67
1754123323.4604602,0,-2,-58
1754123323.49946,0,0,-55
1754123323.53746,-4,0,-69
1754123323.58046,-2,0,-76
1754123323.61946,6,-3,-69
1754123323.6574602,-2,-5,-68
1754123323.69346,-9,2,-59
1754123323.73146,2,-1,-59
1754123323.77046,-3,-3,-69
1754123323.80846,-3,-1,-69
1754123323.84446,3,-2,-74
1754123323.88246,5,0,-64
1754123323.92046,-4,5,-60
1754123323.95946,0,4,-65
1754123323.99746,4,-4,-65
1754123324.03346,8,-6,-65
1754123324.07146,3,-6,-62
1754123324.10946,0,1,-70
1754123324.14746,-2,-3,-71
1754123324.18346,-6,-8,-63
1754123324.22146,-1,-7,-60
1754123324.2594602,-2,0,-60
1754123324.29846,-3,-5,-55
1754123324.33446,7,1,-64
1754123324.3714602,3,4,-63
1754123324.40946,9,3,-57
1754123324.44846,-9,-6,-66
1754123324.48446,0,-7,-63
1754123324.52146,1,-3,-80
1754123324.5594602,-5,3,-67
1754123324.5984602,-4,4,-57
1754123324.6344602,-2,4,-53
1754123324.67246,7,0,-57
1754123324.7104602,-5,10,-58
1754123324.74946,-1,6,-65
1754123324.78546,-3,1,-59
1754123324.82446,3,-4,-68
1754123324.8614602,-2,-5,-70
1754123324.89946,0,-5,-65
1754123324.93846,-5,-1,-59
1754123324.97446,-1,-4,-61
1754123325.0134602,0,3,-65
1754123325.05046,1,-3,-67
1754123325.08946,7,-3,-63
1754123325.12546,2,5,-66
1754123325.16346,0,3,-71
1754123325.2004602,-1,0,-68
1754123325.23946,-6,2,-73
1754123325.27546,-5,0,-66
1754123325.31346,7,0,-67
1754123325.35146,4,-3,-69
1754123325.39046,1,0,-53
1754123325.42846,-2,2,-60
1754123325.46446,-2,-3,-63
1754123325.50246,-4,-1,-67
1754123325.54046,-2,6,-68
1754123325.57946,0,4,-57
1754123325.6154602,4,7,-54
1754123325.65246,-5,-1,-62
1754123325.69146,0,-5,-55
1754123325.72946,-2,-3,-58
1754123325.76546,-2,3,-48
1754123325.80346,-6,-3,-58
1754123325.84146,-4,0,-64
1754123325.88046,-5,-2,-65
1754123325.91846,1,1,-73
1754123325.95446,-2,0,-65
1754123325.99246,-2,-2,-65
1754123326.03046,3,-4,-69
1754123326.0694602,0,-1,-63
1754123326.1054602,3,2,-74
1754123326.14346,-1,6,-66
1754123326.18146,0,-4,-56
1754123326.2204602,2,-7,-69
1754123326.25846,2,-4,-70
1754123326.29446,0,-5,-62
1754123326.33346,-2,-5,-65
1754123326.37046,-1,-6,-60
1754123326.40946,-7,1,-69
1754123326.44546,0,0,-57
1754123326.4834602,5,-2,-76
1754123326.52146,1,-6,-60
1754123326.56046,-4,-6,-62
1754123326.59646,-8,-12,-44
1754123326.6344602,-3,-4,-64
1754123326.67246,-7,-2,-70
1754123326.7104602,-4,0,-66
1754123326.74946,-2,2,-56
1754123326.78546,-2,3,-44
1754123326.82446,-2,3,-65
1754123326.8614602,1,0,-62
1754123326.90046,-2,0,-68
1754123326.93646,3,-2,-72
1754123326.97446,-1,-2,-57
1754123327.0134602,-7,-2,-69
1754123327.05046,-16,-5,-65
1754123327.08946,-7,0,-58
1754123327.12546,-10,3,-64
1754123327.16346,-2,0,-66
1754123327.20146,-5,-4,-62
1754123327.2404602,-3,-10,-71
1754123327.2764602,-4,-3,-72
1754123327.31446,-4,0,-64
1754123327.35246,0,-5,-62
1754123327.3914602,-1,-6,-49
1754123327.42946,2,-1,-62
1754123327.46546,3,-1,-60
1754123327.50446,0,-3,-64
1754123327.54146,-1,1,-61
1754123327.58046,1,-1,-58
1754123327.61646,-2,-2,-52
1754123327.6544602,0,-1,-62
1754123327.69246,4,-2,-60
1754123327.73146,0,-7,-69
1754123327.7694602,1,-10,-63
1754123327.80546,1,-7,-77
1754123327.84346,0,3,-80
1754123327.8814602,1,7,-71
1754123327.92046,2,6,-71
1754123327.95646,4,6,-73
1754123327.9934602,-1,1,-58
1754123328.03146,0,0,-65
1754123328.07046,-5,3,-66
1754123328.10646,-2,0,-60
1754123328.14346,4,-2,-65
1754123328.18146,4,-10,-64
1754123328.2204602,1,2,-63
1754123328.2564602,3,0,-67
1754123328.29346,1,2,-63
1754123328.33146,4,-4,-74
1754123328.37046,2,-5,-53
1754123328.40646,2,-3,-59
1754123328.44346,3,-2,-68
1754123328.48146,-5,0,-68
1754123328.52046,3,-3,-57
1754123328.55646,3,-5,-58
1754123328.59346,-3,0,-65
1754123328.6314602,0,0,-63
1754123328.67046,-5,8,-52
1754123328.70646,-7,3,-64
1754123328.7434602,-1,2,-61
1754123328.78146,0,-1,-60
1754123328.82046,-6,7,-74
1754123328.85646,-14,4,-68
1754123328.89346,-3,-4,-64
1754123328.93146,-7,-3,-59
1754123328.9704602,4,-5,-73
1754123329.0064602,6,-3,-70
1754123329.04346,0,-4,-62
1754123329.08146,-2,-3,-65
1754123329.12046,-8,-3,-52
1754123329.15646,-4,0,-57
1754123329.19346,-5,-3,-63
1754123329.23146,1,-2,-51
1754123329.27046,-2,2,-67
1754123329.30646,3,-1,-62
1754123329.34446,4,3,-65
1754123329.38346,7,0,-58
1754123329.4214602,4,-1,-66
1754123329.4574602,-4,-2,-64
1754123329.4964602,1,-3,-71
1754123329.53346,0,3,-61
1754123329.57146,3,0,-64
1754123329.61046,0,3,-61
1754123329.64646,7,5,-59
1754123329.68346,1,-1,-69
1754123329.72146,-1,0,-59
1754123329.76046,-6,-4,-59
1754123329.7964602,4,-5,-64
1754123329.83446,2,2,-56
1754123329.87246,-3,7,-63
1754123329.9114602,0,6,-63
1754123329.9474602,3,1,-73
1754123329.98446,0,3,-56
1754123330.02246,-2,3,-68
1754123330.06146,-12,-1,-67
1754123330.09746,-12,-5,-64
1754123330.13546,10,-5,-66
1754123330.17346,-2,-7,-66
1754123330.21246,-3,-4,-67
1754123330.25046,1,-3,-52
1754123330.2864602,3,0,-58
1754123330.32446,2,1,-55
1754123330.36346,4,-4,-49
1754123330.4014602,0,-3,-67
1754123330.4374602,-1,-4,-64
1754123330.47546,2,-2,-66
1754123330.5134602,3,1,-54
1754123330.5524602,0,0,-58
1754123330.59046,1,1,-53
1754123330.62646,0,-4,-48
1754123330.6644602,4,-1,-62
1754123330.70246,4,5,-69
1754123330.74146,8,5,-67
1754123330.77746,2,2,-66
1754123330.8154602,5,0,-63
1754123330.85446,-2,0,-55
1754123330.89246,-5,-2,-56
1754123330.93046,0,-8,-68
1754123330.96646,-5,2,-62
1754123331.00446,-1,-1,-61
1754123331.0424602,0,-4,-73
1754123331.08046,0,3,-66
1754123331.11646,4,4,-66
1754123331.1544602,0,0,-64
1754123331.19246,1,3,-57
1754123331.2304602,-2,2,-65
1754123331.2664602,0,-4,-60
1754123331.30446,-2,-4,-63
1754123331.3424602,3,-2,-62
1754123331.3784602,7,-2,-77
1754123331.41646,-2,2,-64
1754123331.45446,-5,0,-67
1754123331.49246,0,-10,-65
1754123331.53146,3,-2,-68
1754123331.56746,1,-4,-53
1754123331.60446,-2,-1,-58
1754123331.64246,3,0,-69
1754123331.68146,2,1,-70
1754123331.7174602,0,2,-70
1754123331.75446,-2,0,-67
1754123331.7924602,-2,1,-62
1754123331.83146,0,0,-64
1754123331.86746,0,0,-57
1754123331.9044602,2,-4,-71
1754123331.94246,-1,-5,-71
1754123331.98146,3,-11,-68
1754123332.01746,3,-6,-76
1754123332.05546,1,-3,-76
1754123332.09346,0,-5,-65
1754123332.13246,-2,-3,-60
1754123332.16846,1,-4,-63
1754123332.2074602,5,-2,-63
1754123332.24446,0,4,-74
1754123332.28346,-5,-4,-74
1754123332.32146,-3,-5,-63
1754123332.35746,-4,3,-58
1754123332.39646,-5,0,-57
1754123332.43346,0,-7,-51
1754123332.47246,0,-2,-53
1754123332.50846,-2,2,-63
1754123332.5464602,0,2,-60
1754123332.58446,0,0,-67
1754123332.62346,0,0,-72
1754123332.6614602,10,1,-58
1754123332.6974602,2,-2,-68
1754123332.73446,2,0,-73
1754123332.77346,0,0,-68
1754123332.81146,-4,11,-60
1754123332.84746,2,5,-61
1754123332.8844602,2,0,-56
1754123332.92346,1,0,-62
1754123332.96146,6,-3,-60
1754123332.99746,2,-3,-68
1754123333.03446,0,0,-66
1754123333.07346,5,-1,-84
1754123333.1114602,2,1,-71
1754123333.14746,6,0,-68
1754123333.1844602,3,-8,-61
1754123333.2234602,0,-4,-62
1754123333.26146,4,-1,-61
1754123333.29746,1,-2,-65
1754123333.3354602,-5,1,-83
1754123333.37446,-1,3,-68
1754123333.41246,5,-1,-55
1754123333.44846,7,0,-55
1754123333.4864602,-2,0,-62
1754123333.52446,-3,3,-68
1754123333.56346,-3,3,-66
1754123333.6084602,-12,-3,-58
1754123333.64646,-13,0,-72
1754123333.68346,3,0,-77
1754123333.72246,0,-3,-79
1754123333.75846,-2,0,-76
1754123333.7964602,-1,-5,-63
1754123333.83346,-1,3,-73
1754123333.87246,1,3,-73
1754123333.90846,0,0,-68
1754123333.94546,-5,0,-55
1754123333.9834602,-3,3,-61
1754123334.02246,5,2,-68
1754123334.05846,4,3,-59
1754123334.09646,13,2,-64
1754123334.13346,-7,9,-67
1754123334.17246,0,8,-64
1754123334.20846,-2,0,-58
1754123334.24546,-2,-6,-65
1754123334.28346,-1,-4,-69
1754123334.3224602,1,6,-71
1754123334.3584602,1,5,-64
1754123334.39646,-2,1,-69
1754123334.4344602,0,0,-49
1754123334.47246,5,0,-63
1754123334.50846,2,1,-60
1754123334.5464602,8,-3,-65
1754123334.58446,6,-1,-64
1754123334.62246,-1,-1,-70
1754123334.65846,6,-9,-65
1754123334.69646,2,-2,-67
1754123334.73446,-2,-2,-56
1754123334.77346,1,1,-57
1754123334.8094602,4,1,-58
1754123334.84646,-2,-4,-56
1754123334.8844602,1,0,-64
1754123334.92346,4,3,-65
1754123334.95946,9,0,-59
1754123334.9964602,0,-1,-58
1754123335.03446,0,-4,-60
1754123335.07346,0,0,-45
1754123335.10946,-7,5,-64
1754123335.14746,1,5,-69
1754123335.18546,1,1,-68
1754123335.22446,-1,1,-64
1754123335.26246,0,-6,-62
1754123335.29846,0,-3,-53
1754123335.33646,1,-3,-68
1754123335.37446,2,0,-65
1754123335.41346,1,0,-73
1754123335.44946,1,4,-56
1754123335.4864602,0,-3,-52
1754123335.52546,1,-3,-57
1754123335.56446,1,-7,-65
1754123335.60246,1,-2,-50
1754123335.6384602,5,0,-60
1754123335.67546,-9,-2,-74
1754123335.71446,-10,-4,-62
1754123335.75246,-3,-7,-80
1754123335.78846,-10,-5,-69
1754123335.82646,-7,-4,-64
1754123335.86446,-8,3,-56
1754123335.90346,0,-2,-67
1754123335.9404602,-2,5,-68
1754123335.97746,5,1,-60
1754123336.01546,0,0,-65
1754123336.05446,-1,-6,-64
1754123336.09046,1,-5,-71
1754123336.12746,5,-4,-57
1754123336.16546,-5,3,-60
1754123336.20446,-9,1,-60
1754123336.2404602,-2,-1,-62
1754123336.27846,2,0,-61
1754123336.31646,0,0,-62
1754123336.35446,-2,-2,-61
1754123336.39346,1,-7,-56
1754123336.42946,-1,-3,-64
1754123336.4674602,6,0,-53
1754123336.50546,4,4,-51
1754123336.54446,-1,0,-59
1754123336.58046,-1,4,-44
1754123336.61946,-2,1,-54
1754123336.65646,-7,1,-66
1754123336.6944602,-4,1,-69
1754123336.7334602,-4,0,-60
1754123336.7694602,-3,0,-62
1754123336.80746,-3,-2,-59
1754123336.84646,-5,-1,-60
1754123336.8844602,-3,2,-65
1754123336.92046,0,6,-67
1754123336.9574602,-4,0,-56
1754123336.9964602,-6,-2,-60
1754123337.03446,-2,-1,-63
1754123337.07046,-4,-5,-60
1754123337.1084602,2,-3,-64
1754123337.14646,7,5,-59
1754123337.18546,-5,0,-69
1754123337.2234602,-1,5,-62
1754123337.2594602,1,0,-65
1754123337.2964602,1,-4,-69
1754123337.3354602,-3,-6,-60
1754123337.37346,-5,0,-53
1754123337.40946,-5,-1,-59
1754123337.4474602,-5,-1,-61
1754123337.4864602,-5,0,-63
1754123337.52446,-1,3,-58
1754123337.56046,4,2,-75
1754123337.5984602,4,1,-73
1754123337.63646,2,-3,-67
1754123337.67546,-5,-3,-61
1754123337.7134602,-5,-3,-64
1754123337.74946,-1,-4,-63
1754123337.78746,1,-9,-70
1754123337.8254602,0,-2,-67
1754123337.86446,3,-6,-66
1754123337.90046,-1,-6,-75
1754123337.93846,0,-6,-67
1754123337.97646,2,-1,-64
1754123338.01546,-1,0,-71
1754123338.05146,1,3,-67
1754123338.0884602,1,1,-86
1754123338.12646,0,0,-66
1754123338.16546,0,0,-72
1754123338.20146,-3,-9,-66
1754123338.23946,11,0,-48
1754123338.27746,0,-11,-57
1754123338.3154602,0,-5,-62
1754123338.35446,1,-5,-68
1754123338.39046,4,1,-60
1754123338.42846,8,-4,-54
1754123338.46646,10,-4,-57
1754123338.50546,-1,-3,-55
1754123338.54146,-1,-2,-68
1754123338.58046,1,1,-62
1754123338.61746,3,8,-65
1754123338.65546,-3,5,-65
1754123338.6944602,-4,4,-65
1754123338.7304602,-1,1,-60
1754123338.76846,-7,-4,-58
1754123338.80646,7,-1,-66
1754123338.8454602,3,0,-59
1754123338.8814602,0,4,-59
1754123338.91846,0,3,-67
1754123338.95646,2,-4,-65
1754123338.99546,4,0,-63
1754123339.03146,3,-5,-62
1754123339.0694602,-5,-3,-64
1754123339.10746,-5,-1,-64
1754123339.14646,3,1,-66
1754123339.1844602,1,-1,-60
1754123339.2204602,1,0,-63
1754123339.25846,-3,-6,-62
1754123339.2964602,3,0,-68
1754123339.3354602,-2,-8,-58
1754123339.3714602,2,-5,-50
1754123339.40946,6,1,-64
1754123339.4474602,9,-1,-71
1754123339.4864602,5,3,-63
1754123339.52446,-5,1,-68
1754123339.56046,-4,-2,-71
1754123339.5984602,3,2,-71
1754123339.63646,3,1,-81
1754123339.67546,0,0,-61
1754123339.71146,5,0,-61
1754123339.75046,-1,1,-52
1754123339.78746,6,0,-61
1754123339.82646,3,-4,-57
1754123339.8654602,0,0,-72
1754123339.9014602,0,5,-67
1754123339.93846,-6,2,-73
1754123339.97646,7,2,-70
1754123340.01546,3,5,-73
1754123340.05146,-13,2,-64
1754123340.08946,-6,-1,-71
1754123340.12746,-4,0,-78
1754123340.16646,-3,5,-61
1754123340.20446,-1,0,-64
1754123340.2404602,0,5,-67
1754123340.27746,-2,2,-69
1754123340.31646,-6,-6,-64
1754123340.35446,-4,-2,-64
1754123340.39046,0,-1,-59
1754123340.4274602,-3,-2,-68
1754123340.46646,-2,-3,-60
1754123340.50246,-5,-10,-63
1754123340.54146,-8,-5,-67
1754123340.57846,-2,-2,-71
1754123340.61646,1,-3,-76
1754123340.65546,2,2,-68
1754123340.69146,6,-1,-68
1754123340.72846,5,-3,-66
1754123340.76746,4,-4,-67
1754123340.80546,0,2,-52
1754123340.84146,0,0,-68
1754123340.8784602,-5,-1,-49
1754123340.9174602,3,-3,-47
1754123340.95546,0,0,-57
1754123340.99146,4,2,-68
1754123341.02846,-3,4,-67
1754123341.06646,3,-4,-63
1754123341.1054602,-1,-4,-58
1754123341.1414602,0,-2,-68
1754123341.17846,0,-1,-70
1754123341.21646,-3,8,-67
1754123341.25546,-6,2,-60
1754123341.29146,-2,-2,-55
1754123341.32946,0,-1,-64
1754123341.36746,0,4,-68
1754123341.40646,-3,0,-74
1754123341.44246,-3,-2,-72
1754123341.4804602,-1,0,-71
1754123341.51846,0,0,-64
1754123341.55746,0,-7,-66
1754123341.5954602,-1,-2,-65
1754123341.6314602,-6,-1,-66
1754123341.66946,-2,3,-62
1754123341.70846,2,-3,-53
1754123341.7464602,6,-5,-48
1754123341.7824602,2,-7,-58
1754123341.82046,0,0,-62
1754123341.8584602,-4,-12,-64
1754123341.89746,2,-5,-61
1754123341.93546,3,1,-63
1754123341.97246,7,0,-56
1754123342.0094602,6,3,-67
1754123342.04746,7,-4,-67
1754123342.08646,0,3,-73
1754123342.12246,13,-3,-51
1754123342.16046,8,-7,-57
1754123342.19846,4,-2,-58
1754123342.23746,0,0,-68
1754123342.27546,5,3,-63
1754123342.31146,-2,2,-62
1754123342.34946,3,1,-71
1754123342.3884602,1,2,-75
1754123342.42646,-2,-1,-75
1754123342.46246,3,0,-65
1754123342.50046,-4,1,-73
1754123342.53846,-1,-3,-78
1754123342.57746,-3,-5,-64
1754123342.6154602,-6,-9,-72
1754123342.6514602,-2,-1,-56
1754123342.68946,-2,0,-61
1754123342.72746,-5,-6,-53
1754123342.7664602,-1,-1,-59
1754123342.8024602,-1,-1,-50
1754123342.84046,-10,-6,-65
1754123342.8784602,-3,-6,-60
1754123342.9174602,-5,0,-67
1754123342.95346,0,2,-70
1754123342.99146,-1,0,-56
1754123343.0294602,-1,0,-58
1754123343.06746,7,-3,-51
1754123343.10646,2,5,-63
1754123343.14246,2,8,-62
1754123343.18046,-4,-6,-61
1754123343.2174602,0,-2,-67
1754123343.2564602,-2,0,-66
1754123343.2924602,-3,0,-67
1754123343.33046,-2,0,-72
1754123343.3684602,2,6,-70
1754123343.4074602,4,0,-53
1754123343.44346,-1,-1,-59
1754123343.48146,0,-5,-56
1754123343.5194602,-3,-1,-63
1754123343.55746,-4,-4,-58
1754123343.59646,-3,-1,-57
1754123343.63946,0,-3,-63
1754123343.67846,-7,0,-68
1754123343.71646,0,5,-78
1754123343.75246,2,7,-73
1754123343.7894602,4,-3,-69
1754123343.82846,0,-3,-69
1754123343.86646,0,-6,-59
1754123343.90246,3,-3,-64
1754123343.9404602,8,1,-61
1754123343.97846,2,5,-55
1754123344.01746,2,-2,-70
1754123344.05346,0,-1,-71
1754123344.09146,-6,0,-73
1754123344.12946,-8,0,-67
1754123344.16846,-4,-1,-71
1754123344.20646,-4,-7,-65
1754123344.24246,0,-3,-61
1754123344.2794602,2,-7,-59
1754123344.31846,1,0,-60
1754123344.35646,8,3,-71
1754123344.39246,11,3,-71
1754123344.42946,0,0,-72
1754123344.46846,1,-5,-71
1754123344.5064602,3,0,-56
1754123344.5424602,4,1,-62
1754123344.57946,0,3,-56
1754123344.6184602,0,-3,-55
1754123344.65646,-5,1,-56
1754123344.69246,-2,-1,-57
1754123344.73146,-3,-3,-64
1754123344.76846,1,-6,-56
1754123344.80746,2,-3,-65
1754123344.84346,-7,6,-57
1754123344.8814602,1,8,-57
1754123344.91946,-2,-1,-66
1754123344.95846,-10,-5,-68
1754123344.99446,-5,-5,-54
1754123345.0324602,-2,2,-67
1754123345.07046,-1,-2,-62
1754123345.1084602,-8,-3,-64
1754123345.14746,7,-2,-70
1754123345.18346,8,1,-65
1754123345.2204602,9,0,-67
1754123345.25846,9,3,-59
1754123345.29746,6,-3,-58
1754123345.33346,7,-12,-57
1754123345.3714602,4,0,-65
1754123345.40946,-1,-2,-63
1754123345.44846,8,4,-72
1754123345.48446,-2,6,-57
1754123345.52246,0,0,-58
1754123345.56146,1,2,-54
1754123345.5984602,0,-3,-59
1754123345.63746,-3,-3,-47
1754123345.6744602,-9,-4,-56
1754123345.71146,-5,1,-51
1754123345.75046,-6,-2,-69
1754123345.78846,-2,-6,-62
1754123345.82446,5,-5,-63
1754123345.86246,-2,-7,-62
1754123345.90046,-4,1,-56
1754123345.93946,-7,-2,-60
1754123345.97746,0,5,-59
1754123346.0134602,-4,-3,-61
1754123346.05146,-3,-1,-74
1754123346.09046,-1,0,-79
1754123346.1284602,-1,-5,-74
1754123346.1644602,0,-1,-65
1754123346.20246,1,-4,-62
1754123346.2404602,1,3,-63
1754123346.2794602,6,-5,-57
1754123346.31746,5,3,-63
1754123346.35346,0,3,-70
1754123346.39046,-1,-5,-69
1754123346.42946,-1,-4,-72
1754123346.4674602,2,-4,-72
1754123346.5034602,0,0,-68
1754123346.54046,2,1,-66
1754123346.57946,0,1,-62
1754123346.61746,-4,0,-61
1754123346.65346,1,1,-61
1754123346.6904602,1,0,-61
1754123346.72946,-4,-7,-63
1754123346.76746,-3,-7,-57
1754123346.80346,-2,-2,-63
1754123346.84146,2,4,-66
1754123346.87946,-2,5,-57
1754123346.91846,0,-1,-58
1754123346.95446,-1,-3,-68
1754123346.99246,-7,0,-65
1754123347.03046,-4,-2,-71
1754123347.0694602,2,-1,-70
1754123347.10746,1,-1,-60
1754123347.1444602,-3,7,-68
1754123347.18246,4,2,-58
1754123347.22146,0,2,-55
1754123347.2594602,1,2,-66
1754123347.29546,-3,5,-69
1754123347.33446,-3,4,-63
1754123347.3714602,0,1,-62
1754123347.41046,1,1,-65
1754123347.44846,1,4,-65
1754123347.48446,0,0,-63
1754123347.52146,-4,0,-58
1754123347.5594602,0,-2,-52
1754123347.5984602,-2,0,-60
1754123347.6344602,-3,1,-62
1754123347.6714602,-1,4,-59
1754123347.70946,5,-2,-75
1754123347.74846,-7,1,-59
1754123347.78446,-9,3,-60
1754123347.8224602,-8,-2,-65
1754123347.86046,-1,-3,-71
1754123347.89946,-1,-3,-59
1754123347.93546,-6,0,-66
1754123347.97246,-3,-3,-63
1754123348.01046,-3,-1,-66
1754123348.0494602,-2,-1,-61
1754123348.0854602,0,1,-67
1754123348.12246,1,0,-59
1754123348.16046,2,-1,-54
1754123348.19946,1,-2,-58
1754123348.23546,5,0,-65
1754123348.27246,1,-2,-64
1754123348.31046,-4,-5,-57
1754123348.34946,0,-5,-63
1754123348.38546,-1,-4,-80
1754123348.42346,-1,-5,-55
1754123348.46146,-5,-1,-62
1754123348.50046,-8,1,-65
1754123348.53846,0,1,-74
1754123348.57446,-4,3,-80
1754123348.61246,-1,-2,-71
1754123348.65046,-1,-9,-65
1754123348.68946,-7,-11,-76
1754123348.72546,2,-1,-66
1754123348.7634602,6,-4,-63
1754123348.8024602,8,1,-61
1754123348.84046,6,2,-76
1754123348.8784602,6,-5,-74
1754123348.9144602,-3,-3,-68
1754123348.95246,-4,2,-56
1754123348.9904602,1,2,-64
1754123349.0294602,1,-9,-59
1754123349.0654602,3,0,-61
1754123349.10246,-2,-1,-55
1754123349.14046,-2,-5,-61
1754123349.17946,-8,0,-51
1754123349.21546,-4,-3,-62
1754123349.2534602,-5,0,-59
1754123349.29146,-4,-2,-73
1754123349.33046,-7,7,-65
1754123349.3684602,0,-7,-64
1754123349.4044602,-7,-3,-70
1754123349.44246,-9,5,-78
1754123349.4804602,0,-2,-61
1754123349.5194602,-1,3,-64
1754123349.55546,0,1,-63
1754123349.5924602,-5,-1,-72
1754123349.63046,-2,-2,-58
1754123349.66946,-1,-1,-58
1754123349.70546,-2,1,-58
1754123349.7434602,1,-5,-58
1754123349.78146,-6,-1,-64
1754123349.82046,4,-2,-72
1754123349.85646,3,-4,-56
1754123349.8944602,0,-8,-62
1754123349.93246,-1,0,-50
1754123349.9704602,1,-5,-62
1754123350.0094602,-7,2,-67
1754123350.04546,-4,4,-76
1754123350.08346,-7,-1,-70
1754123350.1214602,1,4,-59
1754123350.16046,0,4,-61
1754123350.19646,-8,4,-57
1754123350.2334602,-7,0,-67
1754123350.27146,-1,-2,-67
1754123350.31046,0,7,-61
1754123350.34646,0,-2,-64
1754123350.3844602,-1,-3,-79
1754123350.42246,9,-4,-71
1754123350.4604602,3,0,-64
1754123350.49946,-1,-1,-63
1754123350.53546,-2,0,-85
1754123350.57346,-7,-7,-64
1754123350.6114602,-8,-2,-58
1754123350.65046,-7,7,-61
1754123350.68646,-1,5,-58
1754123350.72446,7,0,-58
1754123350.76246,6,-3,-60
1754123350.80146,4,-1,-59
1754123350.83946,0,-2,-56
1754123350.87546,2,-3,-56
1754123350.91346,0,-1,-63
1754123350.95146,-5,3,-53
1754123350.9904602,-6,0,-55
1754123351.0264602,0,0,-51
1754123351.06346,-1,-3,-56
1754123351.10146,6,3,-59
1754123351.14046,9,6,-59
1754123351.17646,10,0,-69
1754123351.2134602,2,0,-59
1754123351.25146,0,3,-50
1754123351.29046,7,5,-60
1754123351.32646,0,0,-61
1754123351.36346,9,0,-61
1754123351.4014602,0,2,-67
1754123351.4404602,1,4,-54
1754123351.47646,4,0,-59
1754123351.5134602,-1,-2,-60
1754123351.5524602,-5,-3,-62
1754123351.59046,-1,0,-71
1754123351.62646,-3,1,-66
1754123351.66546,2,1,-63
1754123351.70246,-2,0,-64
1754123351.74146,0,0,-76
1754123351.7794602,-3,3,-62
1754123351.8154602,-5,0,-61
1754123351.85346,3,0,-55
1754123351.8914602,-1,0,-53
1754123351.93046,0,3,-55
1754123351.96646,-3,9,-62
1754123352.00446,-6,-1,-70
1754123352.0424602,1,-4,-56
1754123352.08146,-2,-1,-58
1754123352.11746,-3,-1,-63
1754123352.15546,-2,-2,-61
1754123352.19346,-9,-1,-58
1754123352.23246,-5,0,-64
1754123352.27046,0,0,-56
1754123352.30646,-1,-1,-70
1754123352.34446,-4,3,-71
1754123352.38246,-2,-2,-58
1754123352.4214602,-4,-2,-68
1754123352.4574602,-9,-6,-64
1754123352.49546,-4,-6,-62
1754123352.53346,-8,-10,-69
1754123352.57146,-6,2,-59
1754123352.61046,-1,-5,-59
1754123352.64646,1,-2,-56
1754123352.6844602,-3,2,-65
1754123352.72246,0,0,-56
1754123352.76046,1,0,-60
1754123352.7964602,0,-4,-56
1754123352.83446,3,-2,-50
1754123352.87246,2,-5,-60
1754123352.9114602,4,-3,-52
1754123352.9474602,0,-4,-66
1754123352.98546,-5,-9,-73
1754123353.02346,-4,-3,-75
1754123353.0624602,0,-4,-57
1754123353.10046,-1,-3,-62
1754123353.13646,0,-5,-67
1754123353.17546,3,-5,-70
1754123353.21246,2,-6,-74
1754123353.25146,3,-1,-78
1754123353.28846,2,0,-71
1754123353.3254602,-4,-6,-65
1754123353.36346,0,-3,-62
1754123353.40246,6,-3,-62
1754123353.4404602,-3,2,-47
1754123353.47646,-5,0,-53
1754123353.51446,1,0,-66
1754123353.5524602,2,-4,-62
1754123353.59146,10,5,-77
1754123353.62746,5,-3,-71
1754123353.67346,0,0,-70
1754123353.71146,-1,0,-59
1754123353.74746,4,2,-52
1754123353.78546,0,3,-61
1754123353.82446,-2,1,-65
1754123353.86246,-2,1,-68
1754123353.90046,-8,-2,-69
1754123353.93646,-1,-3,-67
1754123353.97446,-1,-1,-70
1754123354.0134602,-4,-6,-59
1754123354.05146,3,-1,-57
1754123354.08746,0,-6,-57
1754123354.12546,5,-3,-56
1754123354.16346,0,2,-65
1754123354.20246,0,0,-65
1754123354.2404602,-1,0,-56
1754123354.2764602,3,1,-68
1754123354.31346,1,0,-61
1754123354.35246,4,-5,-62
1754123354.3884602,-3,1,-68
1754123354.42646,-4,7,-65
1754123354.46446,1,1,-69
1754123354.50246,-2,-1,-70
1754123354.54146,3,-4,-68
1754123354.57746,0,0,-65
1754123354.6154602,3,-5,-62
1754123354.65346,-4,-8,-59
1754123354.69246,1,-9,-68
1754123354.72846,0,-6,-60
1754123354.7664602,-10,-11,-66
1754123354.80446,-1,-1,-59
1754123354.8424602,-1,0,-70
1754123354.8814602,3,-3,-68
1754123354.9174602,11,5,-70
1754123354.95446,6,0,-70
1754123354.99246,0,1,-71
1754123355.03146,-1,3,-64
1754123355.06746,-1,-3,-76
1754123355.1054602,0,-2,-75
1754123355.14346,2,-3,-73
1754123355.18246,0,1,-70
1754123355.21846,5,0,-66
1754123355.2564602,4,6,-67
1754123355.29346,8,3,-64
1754123355.3324602,0,-2,-64
1754123355.3684602,-1,-2,-60
1754123355.40646,-4,-2,-65
1754123355.4444602,-1,0,-60
1754123355.4834602,0,1,-65
1754123355.52146,1,12,-64
1754123355.55746,-2,10,-67
1754123355.5954602,7,2,-60
1754123355.63346,6,0,-63
1754123355.67246,2,-2,-58
1754123355.70846,1,-2,-63
1754123355.7464602,-1,-3,-78
1754123355.78446,-11,-5,-76
1754123355.82346,-11,-4,-67
1754123355.8614602,-5,3,-69
1754123355.89746,-8,4,-75
1754123355.93546,-5,2,-62
1754123355.9734602,2,1,-61
1754123356.01246,-4,0,-55
1754123356.04846,4,-2,-61
1754123356.08646,7,4,-48
1754123356.12446,6,-2,-52
1754123356.16346,0,-2,-67
1754123356.20146,0,-4,-61
1754123356.23746,-2,-7,-72
1754123356.27546,7,0,-71
1754123356.31446,2,0,-69
1754123356.35246,-4,0,-61
1754123356.3884602,4,3,-62
1754123356.42546,-6,7,-54
1754123356.46446,3,1,-74
1754123356.50246,3,5,-83
1754123356.53846,1,3,-74
1754123356.5754602,0,2,-75
1754123356.61446,4,0,-59
1754123356.65246,2,-3,-61
1754123356.68846,0,-1,-67
1754123356.72746,10,-1,-60
1754123356.76446,7,-3,-70
1754123356.80346,6,0,-61
1754123356.84046,-3,-6,-59
1754123356.87746,-1,-2,-50
1754123356.91546,4,0,-66
1754123356.95346,0,0,-57
1754123356.99246,-3,1,-62
1754123357.02846,-1,5,-57
1754123357.06646,0,0,-69
1754123357.10446,-5,3,-59
1754123357.14346,0,0,-64
1754123357.17946,-1,-5,-54
1754123357.21846,2,-4,-54
1754123357.25546,-3,0,-63
1754123357.29446,0,-1,-59
1754123357.3324602,1,-5,-68
1754123357.3684602,0,-4,-70
1754123357.40546,-3,-2,-71
1754123357.4444602,4,1,-67
1754123357.48246,4,3,-59
1754123357.51846,2,0,-70
1754123357.55546,5,-3,-59
1754123357.59446,1,2,-60
1754123357.63246,0,-3,-63
1754123357.66846,3,0,-69
1754123357.70546,0,-1,-64
1754123357.74446,1,0,-62
1754123357.7824602,2,-4,-65
1754123357.81846,1,-3,-67
1754123357.8554602,-3,-2,-62
1754123357.8944602,-3,4,-61
1754123357.93246,-6,3,-67
1754123357.96846,1,-3,-63
1754123358.00546,-1,-7,-74
1754123358.04446,0,-5,-54
1754123358.0824602,-3,0,-65
1754123358.1184602,0,-2,-66
1754123358.15646,-1,-3,-63
1754123358.1944602,4,-2,-55
1754123358.23246,1,-4,-55
1754123358.26846,-1,-1,-60
1754123358.30746,-5,-1,-56
1754123358.34446,-4,-2,-60
1754123358.38346,-4,-2,-71
1754123358.41946,-1,0,-69
1754123358.4574602,0,-4,-73
1754123358.49446,-4,-1,-69
1754123358.53346,-1,-1,-62
1754123358.5694602,1,6,-65
1754123358.60646,1,6,-64
1754123358.6444602,0,-2,-59
1754123358.68346,2,1,-59
1754123358.71946,2,0,-48
1754123358.7564602,7,0,-62
1754123358.79446,5,0,-73
1754123358.83346,10,4,-67
1754123358.86946,0,8,-70
1754123358.90646,-1,0,-65
1754123358.9444602,-9,-2,-69
1754123358.9834602,-8,2,-72
1754123359.0194602,1,0,-64
1754123359.05646,1,-1,-71
1754123359.09446,3,0,-68
1754123359.13346,2,-2,-66
1754123359.16946,-10,0,-70
1754123359.20646,-14,-6,-56
1754123359.24546,1,-1,-70
1754123359.28346,0,1,-64
1754123359.3194602,3,-3,-66
1754123359.35646,-5,-4,-68
1754123359.39546,1,-2,-66
1754123359.43346,0,-1,-57
1754123359.46946,0,4,-56
1754123359.5064602,0,0,-69
1754123359.54546,-3,5,-74
1754123359.58346,2,-2,-69
1754123359.61946,1,0,-55
1754123359.65646,7,2,-63
1754123359.69546,5,-2,-73
1754123359.7334602,3,-6,-59
1754123359.7694602,4,1,-72
1754123359.80646,0,0,-70
1754123359.8454602,-1,3,-71
1754123359.88346,8,3,-68
1754123359.91946,5,0,-75
1754123359.95646,1,-5,-51
1754123359.99546,6,0,-49
1754123360.03346,-1,4,-61
1754123360.0694602,-3,6,-56
1754123360.1084602,-5,2,-57
1754123360.14546,-4,0,-64
1754123360.1844602,-3,-1,-71
1754123360.2204602,-1,-3,-63
1754123360.25846,-6,-3,-60
1754123360.2964602,-7,-1,-64
1754123360.3354602,-4,-6,-59
1754123360.37346,5,-2,-60
1754123360.40946,-1,0,-61
1754123360.4474602,6,-2,-59
1754123360.48546,0,-2,-64
1754123360.52446,0,-6,-73
1754123360.56046,0,2,-60
1754123360.5984602,0,4,-49
1754123360.63646,4,4,-61
1754123360.67546,5,4,-65
1754123360.7134602,0,7,-74
1754123360.74946,5,5,-59
1754123360.7864602,0,-2,-63
1754123360.8254602,-3,-2,-62
1754123360.86346,-2,-5,-63
1754123360.89946,0,2,-69
1754123360.93646,-2,4,-67
1754123360.97546,-9,8,-70
1754123361.0134602,-2,5,-72
1754123361.05046,2,-1,-70
1754123361.0884602,3,-5,-63
1754123361.12646,3,-13,-62
1754123361.16546,-4,-7,-69
1754123361.20346,0,-5,-68
1754123361.2404602,2,0,-54
1754123361.27746,6,-4,-64
1754123361.3154602,1,-4,-69
1754123361.35446,-1,5,-63
1754123361.39046,2,3,-66
1754123361.4274602,4,3,-67
1754123361.46546,5,3,-56
1754123361.50446,6,1,-59
1754123361.54046,1,-4,-67
1754123361.57946,1,0,-60
1754123361.61646,0,0,-55
1754123361.65546,2,-6,-51
1754123361.69146,11,-2,-57
1754123361.72946,0,2,-61
1754123361.76746,2,0,-67
1754123361.80546,4,1,-70
1754123361.84446,-2,1,-71
1754123361.88046,4,2,-75
1754123361.9174602,3,-3,-64
1754123361.95546,-3,0,-75
1754123361.99446,2,-6,-73
1754123362.03046,1,-3,-64
1754123362.06746,3,1,-65
1754123362.10646,6,-2,-64
1754123362.1444602,2,-2,-58
1754123362.18046,-2,-4,-55
1754123362.21846,-1,-5,-58
1754123362.2564602,-5,-3,-57
1754123362.29546,-8,-1,-66
1754123362.33146,0,6,-62
1754123362.36946,4,2,-74
1754123362.4074602,-5,-3,-68
1754123362.44646,0,1,-65
1754123362.48446,0,5,-55
1754123362.52046,7,6,-63
1754123362.55746,1,7,-61
1754123362.59646,-1,2,-65
1754123362.6344602,-1,0,-63
1754123362.67046,2,-3,-64
1754123362.70846,-3,0,-60
1754123362.7464602,-3,2,-61
1754123362.78546,-1,0,-63
1754123362.82146,0,0,-66
1754123362.8584602,5,5,-68
1754123362.89646,4,-1,-70
1754123362.93546,7,-3,-51
1754123362.97146,-1,1,-67
1754123363.0094602,0,0,-62
1754123363.04746,4,-8,-66
1754123363.08646,3,-3,-63
1754123363.12446,3,5,-53
1754123363.16046,0,10,-62
1754123363.1974602,-1,0,-70
1754123363.2364602,-10,1,-67
1754123363.27446,-10,0,-59
1754123363.31146,1,-1,-67
1754123363.34946,-1,-8,-58
1754123363.38746,1,-4,-54
1754123363.42646,1,0,-56
1754123363.46246,1,0,-52
1754123363.49946,0,-5,-61
1754123363.53746,2,-10,-68
1754123363.57646,-3,-10,-64
1754123363.61246,-2,-1,-71
1754123363.6514602,0,1,-64
1754123363.69646,5,-3,-59
1754123363.73246,0,0,-67
1754123363.77146,3,9,-61
1754123363.80846,4,4,-51
1754123363.84746,-7,-6,-55
1754123363.88546,-3,-4,-65
1754123363.9214602,3,2,-63
1754123363.9604602,-1,1,-58
1754123363.99746,-1,2,-60
1754123364.0364602,-1,3,-62
1754123364.0724602,0,1,-65
1754123364.11046,3,0,-70
1754123364.14746,5,-2,-59
1754123364.18646,7,-2,-55
1754123364.22246,3,3,-56
1754123364.2594602,-3,1,-55
1754123364.29746,-1,0,-59
1754123364.33646,-3,0,-61
1754123364.37246,3,-2,-59
1754123364.40946,0,-4,-69
1754123364.4474602,0,-5,-79
1754123364.4864602,9,-11,-52
1754123364.52246,6,-7,-57
1754123364.5594602,-2,2,-61
1754123364.5984602,-5,-3,-60
1754123364.63646,-4,-3,-58
1754123364.67246,0,-2,-66
1754123364.70946,-3,3,-77
1754123364.74846,-2,-4,-75
1754123364.7864602,-4,-2,-63
1754123364.8224602,0,2,-56
1754123364.85946,0,6,-67
1754123364.89846,1,-1,-60
1754123364.93646,0,0,-70
1754123364.97246,6,0,-72
1754123365.0094602,-1,-2,-61
1754123365.04846,6,-1,-61
1754123365.08646,6,3,-59
1754123365.12246,-3,0,-69
1754123365.1614602,-2,0,-59
1754123365.19846,-4,2,-58
1754123365.23746,-5,4,-66
1754123365.27546,2,5,-63
1754123365.31146,-4,6,-60
1754123365.34946,3,-1,-55
1754123365.38746,5,-5,-52
1754123365.42646,4,-4,-48
1754123365.46246,-3,-5,-61
1754123365.50046,4,-1,-66
1754123365.5394602,-2,-1,-75
1754123365.57746,-2,0,-67
1754123365.6154602,-5,0,-64
1754123365.6514602,1,-2,-66
1754123365.68846,4,2,-60
1754123365.72746,1,-4,-65
1754123365.76546,4,-5,-68
1754123365.80146,-5,-1,-62
1754123365.84046,-2,-3,-56
1754123365.87746,-4,-6,-53
1754123365.91646,-3,-3,-55
1754123365.95246,-1,-7,-62
1754123365.9904602,1,-8,-59
1754123366.02846,3,0,-60
1754123366.06746,7,0,-73
1754123366.10346,5,2,-75
1754123366.14046,0,1,-72
1754123366.17846,9,0,-66
1754123366.2174602,4,7,-66
1754123366.2534602,0,-1,-61
1754123366.29046,5,-5,-61
1754123366.32946,3,0,-64
1754123366.36746,0,-3,-60
1754123366.40346,0,-3,-63
1754123366.44146,0,5,-54
1754123366.47946,0,-6,-55
1754123366.51746,-3,-1,-70
1754123366.55646,1,-4,-72
1754123366.5924602,-2,-1,-72
1754123366.63046,-4,-6,-68
1754123366.66846,0,0,-68
1754123366.7074602,4,0,-64
1754123366.7434602,0,0,-64
1754123366.78146,1,-4,-71
1754123366.8194602,3,-6,-61
1754123366.8584602,-1,-5,-72
1754123366.89646,2,0,-66
1754123366.93246,0,-2,-63
1754123366.96946,-6,-1,-67
1754123367.00846,0,0,-68
1754123367.0464602,-2,-1,-58
1754123367.0824602,-8,2,-63
1754123367.11946,2,1,-65
1754123367.15846,2,-8,-70
1754123367.19646,4,-2,-64
1754123367.23246,3,0,-66
1754123367.27046,0,0,-66
1754123367.30846,6,3,-63
1754123367.34646,-10,-8,-66
1754123367.38246,-4,-5,-59
1754123367.4214602,-3,-1,-65
1754123367.45846,1,-4,-50
1754123367.49746,-3,1,-52
1754123367.53346,13,0,-61
1754123367.57046,-3,0,-68
1754123367.6084602,2,0,-65
1754123367.64746,0,-12,-57
1754123367.68346,-8,-4,-60
1754123367.72146,-5,-5,-60
1754123367.7594602,0,-6,-63
1754123367.79846,12,-9,-68
1754123367.83646,2,-8,-68
1754123367.87246,1,1,-60
1754123367.90946,0,-3,-63
1754123367.94846,0,-1,-70
1754123367.98446,5,-1,-66
1754123368.02246,0,-7,-59
1754123368.06046,2,-6,-68
1754123368.0984602,0,-6,-58
1754123368.13746,9,2,-63
1754123368.17346,2,3,-73
1754123368.21146,3,-1,-64
1754123368.24946,4,4,-59
1754123368.28846,4,-4,-59
1754123368.32446,6,-5,-64
1754123368.36246,1,-1,-65
1754123368.4014602,-1,-6,-64
1754123368.43846,0,-4,-52
1754123368.47746,0,-5,-64
1754123368.51446,0,-1,-74
1754123368.55146,0,3,-59
1754123368.58946,-4,0,-57
1754123368.6284602,2,0,-58
1754123368.6644602,9,0,-61
1754123368.70146,2,2,-60
1754123368.73946,2,-2,-64
1754123368.77846,0,-2,-60
1754123368.81446,3,0,-59
1754123368.85146,-2,-1,-62
1754123368.88946,-4,-3,-60
1754123368.92846,1,0,-53
1754123368.96446,-1,0,-55
1754123369.00246,5,-3,-60
1754123369.04046,6,-1,-60
1754123369.07946,-1,2,-61
1754123369.11746,2,-2,-68
1754123369.15346,0,-2,-71
1754123369.19146,4,-12,-60
1754123369.22946,-1,1,-60
1754123369.26846,2,-4,-61
1754123369.30446,4,-3,-68
1754123369.3424602,-3,-2,-57
1754123369.38046,-5,-3,-67
1754123369.41946,6,-2,-67
1754123369.4574602,-4,-6,-80
1754123369.4934602,0,0,-67
1754123369.53046,-7,-3,-66
1754123369.5694602,-5,-9,-67
1754123369.60746,0,-2,-63
1754123369.64346,0,-2,-65
1754123369.68046,1,-1,-68
1754123369.71946,-4,0,-58
1754123369.75746,-13,6,-58
1754123369.79346,-3,3,-71
1754123369.83046,-4,5,-76
1754123369.86946,0,4,-74
1754123369.9074602,1,0,-65
1754123369.94346,-2,5,-69
1754123369.9804602,0,2,-62
1754123370.0194602,-8,-5,-59
1754123370.05746,-1,-6,-50
1754123370.09346,1,-4,-59
1754123370.13246,-1,-4,-56
1754123370.16946,-2,-3,-58
1754123370.20846,0,-7,-54
1754123370.24446,2,-6,-56
1754123370.2824602,4,0,-63
1754123370.32046,-1,3,-70
1754123370.35946,4,0,-70
1754123370.39546,4,-5,-71
1754123370.43246,8,1,-66
1754123370.4704602,1,5,-60
1754123370.5094602,2,7,-52
1754123370.54546,-1,2,-55
1754123370.58346,9,5,-58
1754123370.6214602,-2,0,-54
1754123370.66046,-8,-3,-61
1754123370.69846,-11,0,-62
1754123370.73446,-12,-1,-61
1754123370.77246,3,-3,-60
1754123370.81046,-1,0,-69
1754123370.84946,-2,-1,-71
1754123370.88546,-3,3,-60
1754123370.92346,0,2,-67
1754123370.96146,-8,0,-64
1754123370.99946,0,-1,-59
1754123371.03846,-5,-3,-61
1754123371.07446,0,-4,-62
1754123371.11246,0,-7,-67
1754123371.15046,0,0,-55
1754123371.18946,0,-3,-52
1754123371.22546,0,0,-60
1754123371.26246,-8,0,-66
1754123371.30046,-6,-3,-50
1754123371.33946,-1,3,-60
1754123371.37546,0,0,-61
1754123371.41246,-4,3,-64
1754123371.4504602,0,-1,-58
1754123371.48946,6,1,-67
1754123371.52546,-2,-1,-45
1754123371.56346,2,-3,-57
1754123371.60146,-4,-1,-55
1754123371.64046,4,-1,-58
1754123371.67846,1,0,-64
1754123371.71446,0,-3,-67
1754123371.75246,-8,-6,-64
1754123371.79146,-4,-3,-64
1754123371.82946,0,-2,-61
1754123371.8654602,3,0,-56
1754123371.90246,10,-7,-58
1754123371.94146,1,-6,-65
1754123371.97946,-2,-7,-64
1754123372.01546,-3,-1,-62
1754123372.05346,-4,-2,-65
1754123372.09146,-12,-6,-65
1754123372.13046,-3,-5,-54
1754123372.16846,0,0,-57
1754123372.20446,0,-1,-52
1754123372.24146,0,7,-51
1754123372.28046,-3,-1,-57
1754123372.31846,0,-1,-63
1754123372.35446,-4,1,-61
1754123372.3914602,-9,2,-56
1754123372.43046,-5,-4,-58
1754123372.46846,-3,-8,-67
1754123372.50446,-7,-2,-69
1754123372.5424602,-6,-2,-66
1754123372.58046,0,0,-70
1754123372.61946,-5,-2,-59
1754123372.65546,0,0,-64
1754123372.69246,0,-2,-71
1754123372.7304602,3,4,-62
1754123372.7694602,-2,3,-56
1754123372.80546,0,-7,-56
1754123372.84346,-3,1,-65
1754123372.8814602,-4,2,-55
1754123372.92046,-13,3,-61
1754123372.95646,-6,3,-63
1754123372.99446,2,0,-62
1754123373.0324602,0,-1,-71
1754123373.07046,3,-9,-72
1754123373.10946,0,-6,-63
1754123373.14546,-2,-6,-56
1754123373.1844602,-1,-5,-62
1754123373.22146,-8,-9,-55
1754123373.26046,-3,-4,-61
1754123373.2964602,-3,-2,-63
1754123373.33446,-7,-1,-64
1754123373.37246,-4,-5,-71
1754123373.41046,0,-1,-55
1754123373.44946,-4,5,-63
1754123373.48546,-6,5,-62
1754123373.52246,-3,-1,-54
1754123373.56146,0,-1,-66
1754123373.59946,0,-8,-55
1754123373.63546,0,0,-57
1754123373.67246,-2,-1,-58
1754123373.71646,-6,3,-60
1754123373.75546,1,1,-68
1754123373.7924602,0,-1,-52
1754123373.83146,-8,0,-54
1754123373.86946,3,4,-66
1754123373.90546,0,5,-64
1754123373.94246,4,1,-67
1754123373.98146,-2,-2,-62
1754123374.0194602,-3,6,-74
1754123374.05546,0,4,-76
1754123374.09346,0,0,-59
1754123374.1314602,-7,0,-61
1754123374.16946,-1,-1,-50
1754123374.20546,-3,2,-59
1754123374.2434602,-4,1,-68
1754123374.28146,-6,-5,-72
1754123374.32046,2,-4,-67
1754123374.35646,0,-1,-62
1754123374.3944602,-6,-5,-66
1754123374.43246,1,0,-74
1754123374.47146,4,4,-61
1754123374.5094602,-2,4,-73
1754123374.54546,1,0,-66
1754123374.58446,6,-2,-74
1754123374.6214602,7,2,-64
1754123374.66046,-1,4,-63
1754123374.69646,-1,7,-63
1754123374.73446,-3,0,-60
1754123374.77146,-10,-5,-68
1754123374.81046,-5,2,-61
1754123374.84646,-6,-2,-71
1754123374.8844602,-10,-1,-65
1754123374.92346,-9,0,-63
1754123374.96146,-3,-3,-58
1754123374.99746,-6,3,-60
1754123375.03446,-1,-3,-68
1754123375.07346,-1,-4,-54
1754123375.1114602,2,2,-66
1754123375.14746,1,4,-64
1754123375.1844602,2,2,-65
1754123375.2234602,-2,1,-61
1754123375.26146,-5,5,-61
1754123375.29746,-1,7,-68
1754123375.33646,-1,-2,-66
1754123375.37346,-5,-3,-64
1754123375.4114602,-7,-1,-53
1754123375.4504602,-4,2,-65
1754123375.4864602,1,5,-62
1754123375.52346,0,0,-70
1754123375.56146,-4,0,-59
1754123375.60046,-1,-4,-71
1754123375.63646,-1,-11,-55
1754123375.6744602,-1,-2,-53
1754123375.71246,-2,0,-66
1754123375.75146,-4,2,-69
1754123375.78746,1,1,-60
1754123375.82446,0,-1,-57
1754123375.86246,-2,0,-67
1754123375.9014602,5,-3,-65
1754123375.9374602,-3,-3,-66
1754123375.97546,-10,2,-75
1754123376.01446,-6,-5,-66
1754123376.0524602,0,-1,-73
1754123376.09046,0,1,-68
1754123376.12646,-2,0,-72
1754123376.16346,-5,0,-74
1754123376.20246,-1,0,-61
1754123376.2404602,-4,0,-63
1754123376.2764602,0,-1,-66
1754123376.31446,6,-5,-65
1754123376.35246,3,0,-57
1754123376.3914602,0,3,-60
1754123376.4274602,-1,4,-66
1754123376.46546,-3,0,-58
1754123376.50446,-2,-2,-81
1754123376.5424602,1,2,-76
1754123376.58046,-3,5,-57
1754123376.61646,0,0,-65
1754123376.65346,-2,-7,-68
1754123376.69246,-1,-4,-69
1754123376.7304602,-3,-2,-64
1754123376.7664602,-3,-5,-70
1754123376.80446,2,3,-54
1754123376.8424602,-3,0,-47
1754123376.8814602,1,-2,-62
1754123376.9174602,0,3,-52
1754123376.95446,3,0,-61
1754123376.99246,2,-1,-66
1754123377.03146,4,-1,-63
1754123377.06746,3,-3,-57
1754123377.1054602,2,1,-63
1754123377.14346,-4,-1,-70
1754123377.18246,3,0,-61
1754123377.21846,6,2,-48
1754123377.2564602,8,4,-62
1754123377.29446,5,-1,-65
1754123377.3324602,4,-6,-57
1754123377.3714602,1,-3,-62
1754123377.4074602,6,-1,-62
1754123377.4444602,3,-2,-72
1754123377.48246,-1,-7,-66
1754123377.52146,2,2,-70
1754123377.55746,0,0,-72
1754123377.59446,0,6,-64
1754123377.63246,3,4,-62
1754123377.6714602,5,3,-67
1754123377.7074602,6,-1,-67
1754123377.74446,5,-1,-55
1754123377.7824602,-6,-2,-60
1754123377.82146,2,-2,-55
1754123377.85746,1,-3,-68
1754123377.8944602,0,1,-53
1754123377.93246,-6,-7,-58
1754123377.97146,-3,3,-71
1754123378.00746,4,4,-71
1754123378.04446,-3,0,-75
1754123378.08346,2,1,-66
1754123378.1214602,-1,1,-71
1754123378.1574602,-1,1,-68
1754123378.19646,-4,5,-58
1754123378.2334602,-4,3,-59
1754123378.27246,5,-4,-57
1754123378.30846,0,-2,-64
1754123378.3454602,-5,-1,-64
1754123378.38346,0,-3,-64
1754123378.42246,-1,0,-53
1754123378.45846,-8,1,-56
1754123378.49546,-2,-3,-64
1754123378.53346,-7,-2,-69
1754123378.5724602,4,5,-63
1754123378.6084602,0,3,-65
1754123378.64546,4,6,-61
1754123378.68346,0,-2,-69
1754123378.72246,-3,4,-62
1754123378.75846,7,0,-57
1754123378.79546,0,1,-69
1754123378.83346,2,0,-56
1754123378.87246,6,2,-55
1754123378.90846,2,2,-55
1754123378.94546,-8,-5,-68
1754123378.9834602,1,-6,-63
1754123379.02246,0,-6,-48
1754123379.05846,3,-4,-60
1754123379.09746,-3,-8,-51
1754123379.1344602,0,0,-63
1754123379.17346,-1,-5,-50
1754123379.21146,-1,-3,-70
1754123379.24746,0,-8,-66
1754123379.28546,-1,-2,-53
1754123379.32346,-4,-1,-67
1754123379.36246,-4,0,-65
1754123379.39846,0,0,-64
1754123379.43546,0,1,-54
1754123379.4734602,3,-2,-45
1754123379.51246,0,1,-54
1754123379.54846,4,0,-57
1754123379.5854602,1,1,-63
1754123379.62346,2,0,-57
1754123379.66246,2,2,-60
1754123379.69846,0,1,-62
1754123379.73546,1,-4,-73
1754123379.77346,2,-4,-67
1754123379.8124602,-1,0,-64
1754123379.8484602,0,-3,-62
1754123379.88646,2,0,-60
1754123379.9244602,-1,-2,-53
1754123379.9634602,-6,0,-64
1754123380.00046,-5,-8,-66
1754123380.03746,-1,0,-63
1754123380.0754602,3,0,-65
1754123380.11346,-5,-2,-67
1754123380.15246,-2,1,-60
1754123380.18846,5,1,-58
1754123380.22546,0,6,-65
1754123380.2634602,-7,5,-70
1754123380.3024602,-1,8,-67
1754123380.3384602,-3,2,-61
1754123380.37746,3,-3,-61
1754123380.4144602,5,-5,-70
1754123380.45346,4,-2,-68
1754123380.48946,3,-2,-69
1754123380.52746,2,-1,-70
1754123380.5654602,-8,-6,-66
1754123380.60446,0,-7,-63
1754123380.64246,3,1,-70
1754123380.67846,-1,0,-59
1754123380.71646,10,8,-61
1754123380.75446,3,1,-62
1754123380.79346,-2,-3,-55
1754123380.82946,2,5,-70
1754123380.86746,1,2,-62
1754123380.90546,0,-4,-54
1754123380.9444602,-1,-7,-57
1754123380.98246,4,-2,-48
1754123381.01846,2,7,-58
1754123381.05646,1,-2,-53
1754123381.09446,3,-10,-56
1754123381.13246,1,-7,-67
1754123381.16846,2,-3,-79
1754123381.20646,0,-2,-69
1754123381.24446,-1,-1,-70
1754123381.28346,6,0,-66
1754123381.3194602,4,-6,-68
1754123381.35646,3,-1,-66
1754123381.39546,2,-1,-65
1754123381.43346,-10,1,-74
1754123381.46946,-1,0,-72
1754123381.5064602,-3,-1,-68
1754123381.54446,-2,-6,-66
1754123381.58346,-4,1,-65
1754123381.61946,-1,0,-64
1754123381.65646,-2,-4,-63
1754123381.69546,3,2,-68
1754123381.7334602,-5,0,-56
1754123381.7694602,-9,-3,-58
1754123381.80846,-6,-2,-58
1754123381.8454602,0,-3,-66
1754123381.8844602,3,0,-60
1754123381.92046,-3,1,-61
1754123381.95846,2,0,-56
1754123381.99546,-3,2,-57
1754123382.03446,1,-1,-59
1754123382.07046,0,1,-52
1754123382.1084602,-2,-2,-58
1754123382.14546,-3,3,-56
1754123382.1844602,3,1,-65
1754123382.2204602,-7,-1,-58
1754123382.25846,-8,3,-58
1754123382.2964602,-5,-1,-61
1754123382.33446,-5,-1,-66
1754123382.37346,1,-3,-69
1754123382.40946,0,0,-75
1754123382.44646,0,1,-68
1754123382.48446,0,0,-64
1754123382.52346,-4,0,-69
1754123382.5594602,-1,-1,-72
1754123382.59746,0,-1,-80
1754123382.63546,1,2,-72
1754123382.6744602,-3,1,-57
1754123382.7104602,-2,3,-61
1754123382.74846,5,-3,-57
1754123382.78746,0,0,-55
1754123382.8254602,0,1,-66
1754123382.86346,2,-3,-61
1754123382.89946,-1,0,-64
1754123382.93846,-10,1,-64
1754123382.97646,-8,-1,-57
1754123383.01546,-9,-5,-63
1754123383.05346,-5,0,-55
1754123383.08946,-4,-1,-64
1754123383.12746,-1,-4,-67
1754123383.16546,-4,1,-64
1754123383.20446,-12,0,-54
1754123383.2404602,2,-4,-70
1754123383.27846,2,0,-67
1754123383.31646,-3,-1,-80
1754123383.3554602,5,-8,-59
1754123383.39346,3,5,-59
1754123383.42946,3,3,-56
1754123383.4674602,-2,9,-54
1754123383.50546,-5,0,-65
1754123383.54346,-4,10,-61
1754123383.57946,-2,-1,-69
1754123383.61746,2,0,-64
1754123383.65546,-4,0,-64
1754123383.6944602,0,-2,-62
1754123383.73746,0,4,-64
1754123383.7764602,-6,1,-65
1754123383.81446,0,-1,-51
1754123383.85046,-1,-8,-62
1754123383.8884602,0,-1,-72
1754123383.92646,-2,-8,-73
1754123383.96546,-1,0,-70
1754123384.00146,-5,-1,-67
1754123384.0394602,-1,2,-62
1754123384.07746,2,-1,-65
1754123384.1154602,-9,-5,-71
1754123384.1544602,-4,-9,-67
1754123384.1904602,5,-7,-68
1754123384.22746,6,-7,-63
1754123384.2664602,1,6,-65
1754123384.30446,-2,-5,-68
1754123384.34046,-5,-1,-65
1754123384.3784602,1,-8,-64
1754123384.41646,2,-5,-61
1754123384.45546,-1,-1,-60
1754123384.49146,6,-4,-58
1754123384.5294602,-1,2,-64
1754123384.56846,-6,3,-69
1754123384.6054602,2,0,-61
1754123384.6444602,-4,-8,-65
1754123384.68046,0,1,-67
1754123384.71846,-6,-4,-59
1754123384.75546,-4,5,-59
1754123384.79446,0,-4,-61
1754123384.83046,-2,-4,-58
1754123384.8684602,-7,-4,-67
1754123384.90646,0,3,-56
1754123384.94546,-5,8,-63
1754123384.98146,0,0,-59
1754123385.01846,0,-2,-68
1754123385.05646,0,-4,-66
1754123385.0954602,-4,-8,-62
1754123385.1314602,0,-5,-52
1754123385.16946,0,-4,-56
1754123385.2074602,-3,-2,-61
1754123385.2464602,1,0,-55
1754123385.28446,-6,-5,-56
1754123385.32046,-5,-7,-60
1754123385.3584602,0,-3,-59
1754123385.39646,-1,-4,-61
1754123385.43546,2,2,-63
1754123385.47146,3,-5,-63
1754123385.5094602,1,-7,-64
1754123385.54846,3,-3,-62
1754123385.58646,-1,-5,-73
1754123385.62446,-2,-1,-56
1754123385.66046,2,1,-64
1754123385.69846,0,1,-67
1754123385.7364602,-3,0,-61
1754123385.77546,4,5,-68
1754123385.81146,8,2,-70
1754123385.8484602,0,0,-71
1754123385.88646,-3,0,-66
1754123385.92546,4,0,-56
1754123385.96146,2,-3,-59
1754123385.99946,2,-4,-65
1754123386.03746,0,0,-58
1754123386.07646,-1,3,-61
1754123386.11446,-4,-1,-68
1754123386.15046,-1,0,-62
1754123386.18846,-4,-1,-59
1754123386.22646,-2,-4,-67
1754123386.26546,2,1,-74
1754123386.30146,1,1,-66
1754123386.3384602,2,4,-64
1754123386.37746,-3,0,-65
1754123386.41546,-11,-7,-66
1754123386.45146,-6,-1,-63
1754123386.4904602,2,0,-60
1754123386.52746,4,-3,-66
1754123386.56646,-1,-5,-58
1754123386.60246,-1,-1,-62
1754123386.64046,8,4,-56
1754123386.67946,0,1,-55
1754123386.71646,-5,4,-60
1754123386.75546,-4,-2,-62
1754123386.79146,6,3,-62
1754123386.82946,0,2,-68
1754123386.86646,0,1,-57
1754123386.90546,3,6,-58
1754123386.94146,2,2,-71
1754123386.97946,-1,0,-62
1754123387.0164602,3,-6,-64
1754123387.05546,-2,-5,-62
1754123387.09146,-6,-4,-62
1754123387.12946,-3,0,-57
1754123387.1674602,-3,0,-57
1754123387.20646,1,-7,-59
1754123387.24246,0,-4,-59
1754123387.28046,0,-4,-57
1754123387.31846,0,0,-67
1754123387.35746,5,-9,-61
1754123387.39546,5,-1,-48
1754123387.43146,4,-1,-59
1754123387.46946,0,-5,-54
1754123387.50746,13,-1,-61
1754123387.5464602,2,1,-58
1754123387.5824602,3,1,-47
1754123387.61946,6,-1,-64
1754123387.6574602,4,-4,-74
1754123387.69646,6,-4,-79
1754123387.73246,0,-2,-65
1754123387.77146,0,1,-56
1754123387.80846,-3,0,-67
1754123387.84746,2,-6,-53
1754123387.88546,2,0,-56
1754123387.9214602,-3,-3,-58
1754123387.95946,1,-3,-56
1754123387.99746,-2,-5,-61
1754123388.0364602,4,4,-67
1754123388.0724602,-5,0,-71
1754123388.11046,1,-1,-66
1754123388.14846,0,-2,-65
1754123388.1874602,2,0,-68
1754123388.22546,2,0,-60
1754123388.26246,6,-2,-63
1754123388.30046,11,2,-65
1754123388.3384602,2,1,-67
1754123388.37746,5,0,-57
1754123388.41546,-3,4,-62
1754123388.45146,-3,6,-68
1754123388.48946,0,-2,-71
1754123388.52746,-1,0,-58
1754123388.56646,1,-2,-66
1754123388.60246,3,-7,-62
1754123388.64046,-1,0,-69
1754123388.67946,2,-1,-66
1754123388.7174602,-6,-2,-71
1754123388.7534602,-7,-6,-72
1754123388.79146,1,-6,-69
1754123388.82946,0,4,-72
1754123388.8684602,-2,-6,-62
1754123388.90646,0,-6,-59
1754123388.94246,-4,-2,-79
1754123388.98146,-3,-3,-68
1754123389.01846,3,0,-56
1754123389.05746,5,-2,-69
1754123389.09346,0,-2,-62
1754123389.1314602,-6,-6,-65
1754123389.16946,-5,-3,-59
1754123389.2074602,0,-3,-66
1754123389.2464602,-3,-3,-63
1754123389.2824602,-7,-8,-67
1754123389.32146,1,-3,-55
1754123389.35946,-6,-3,-55
1754123389.39746,-2,-3,-60
1754123389.43346,0,-3,-53
1754123389.47246,1,-1,-65
1754123389.5094602,-5,-3,-66
1754123389.54846,0,4,-64
1754123389.58646,-1,-1,-54
1754123389.62246,0,2,-46
1754123389.65946,-2,3,-65
1754123389.69846,0,1,-70
1754123389.7364602,4,1,-65
1754123389.77246,1,-5,-54
1754123389.81046,-5,5,-72
1754123389.8484602,-3,4,-72
1754123389.88746,-2,6,-64
1754123389.92346,-7,-2,-54
1754123389.96146,-3,5,-44
1754123389.99946,-2,-1,-61
1754123390.03846,-6,0,-60
1754123390.07646,1,-1,-55
1754123390.11246,-2,-3,-60
1754123390.15046,-7,-3,-59
1754123390.18846,-6,-2,-64
1754123390.22746,0,0,-62
1754123390.2634602,-1,4,-67
1754123390.30146,-3,-5,-59
1754123390.33946,0,1,-58
1754123390.3784602,-3,1,-70
1754123390.41646,-2,-3,-71
1754123390.45246,3,0,-79
1754123390.4904602,0,0,-71
1754123390.52846,-6,-1,-72
1754123390.56646,-5,-2,-77
1754123390.60246,0,-1,-76
1754123390.63946,-3,5,-73
1754123390.67846,-10,0,-57
1754123390.71646,-6,-3,-67
1754123390.75246,0,-11,-56
1754123390.79046,1,-2,-55
1754123390.82846,0,-5,-52
1754123390.86746,5,-10,-61
1754123390.90346,-2,-4,-62
1754123390.94146,3,-14,-71
1754123390.97946,0,-12,-52
1754123391.01846,3,-8,-68
1754123391.05446,0,-4,-64
1754123391.0924602,2,-2,-64
1754123391.13046,-7,1,-74
1754123391.16846,1,-2,-71
1754123391.2074602,-1,0,-59
1754123391.2434602,-3,0,-61
1754123391.28146,-8,-8,-66
1754123391.32046,-6,1,-56
1754123391.3584602,-4,-2,-71
1754123391.3944602,-3,1,-65
1754123391.43346,-4,8,-63
1754123391.4704602,-7,8,-60
1754123391.50846,0,0,-64
1754123391.54746,3,-2,-65
1754123391.58346,6,-2,-58
1754123391.6214602,1,-10,-56
1754123391.65946,0,-1,-56
1754123391.69846,-12,4,-65
1754123391.73446,2,-1,-66
1754123391.77246,5,0,-64
1754123391.81046,-5,1,-61
1754123391.84946,-3,-1,-63
1754123391.88746,3,-5,-50
1754123391.92346,-3,-5,-69
1754123391.96146,0,0,-66
1754123391.99946,-4,-1,-49
1754123392.03846,0,-4,-56
1754123392.07446,0,-1,-55
1754123392.11246,1,0,-63
1754123392.15046,2,-6,-63
1754123392.18946,-6,-5,-64
1754123392.22746,0,0,-69
1754123392.2634602,1,0,-67
1754123392.30146,3,-6,-65
1754123392.33946,5,-1,-60
1754123392.37746,0,-1,-64
1754123392.41346,-2,0,-71
1754123392.45146,2,4,-68
1754123392.48946,-1,3,-67
1754123392.52746,2,-3,-73
1754123392.56346,0,-1,-74
1754123392.60146,2,0,-69
1754123392.63946,0,0,-55
1754123392.6774602,4,1,-60
1754123392.7134602,0,1,-58
1754123392.75046,3,0,-55
1754123392.7894602,-3,1,-61
1754123392.82746,0,1,-64
1754123392.86346,2,1,-63
1754123392.90046,-1,0,-65
1754123392.93946,-2,0,-55
1754123392.97746,1,-3,-61
1754123393.0134602,0,-4,-53
1754123393.05046,-2,-8,-67
1754123393.08946,6,0,-57
1754123393.12746,6,0,-66
1754123393.16346,1,1,-67
1754123393.2004602,0,4,-57
1754123393.23946,-4,4,-65
1754123393.27746,-8,-1,-48
1754123393.31446,1,1,-61
1754123393.35246,0,6,-57
1754123393.38946,-2,0,-57
1754123393.42846,0,-3,-55
1754123393.46446,1,-9,-62
1754123393.50146,0,-4,-61
1754123393.5394602,-1,0,-65
1754123393.57846,-4,2,-65
1754123393.61446,0,2,-69
1754123393.6514602,0,6,-64
1754123393.68946,-1,1,-64
1754123393.72846,-5,7,-65
1754123393.77246,1,1,-63
1754123393.81046,2,-2,-50
1754123393.84946,0,0,-64
1754123393.88646,0,0,-55
1754123393.92346,3,-3,-67
1754123393.96146,3,3,-69
1754123393.99946,2,4,-74
1754123394.03846,2,3,-71
1754123394.07446,4,6,-68
1754123394.1114602,7,8,-63
1754123394.15046,6,5,-61
1754123394.18846,0,2,-50
1754123394.22446,3,-1,-57
1754123394.26246,-4,0,-70
1754123394.30046,6,-6,-71
1754123394.3384602,4,-1,-66
1754123394.37446,-2,-10,-67
1754123394.41246,2,-2,-78
1754123394.4504602,0,-7,-63
1754123394.48946,1,2,-65
1754123394.52546,4,1,-65
1754123394.56346,2,3,-73
1754123394.60146,2,2,-67
1754123394.64046,0,2,-64
1754123394.67846,-4,-7,-68
1754123394.71446,2,-8,-68
1754123394.75246,3,0,-63
1754123394.79046,-4,0,-58
1754123394.82946,-7,0,-71
1754123394.8654602,0,0,-67
1754123394.90246,3,-2,-56
1754123394.94146,2,-2,-67
1754123394.97946,8,0,-76
1754123395.01546,4,1,-73
1754123395.0524602,-1,-6,-63
1754123395.09146,-6,-7,-55
1754123395.12946,-2,-2,-62
1754123395.16546,0,-5,-65
1754123395.20246,-1,5,-57
1754123395.24146,0,1,-62
1754123395.2794602,-4,-1,-50
1754123395.3154602,4,1,-59
1754123395.35246,0,-3,-76
1754123395.3914602,-5,-6,-65
1754123395.42946,-3,0,-62
1754123395.46546,2,1,-69
1754123395.50246,1,1,-67
1754123395.54146,4,-2,-54
1754123395.57946,0,0,-60
1754123395.6154602,-2,0,-58
1754123395.65346,-9,0,-62
1754123395.69146,-1,-5,-55
1754123395.7304602,0,0,-67
1754123395.7664602,0,-4,-69
1754123395.80446,-2,-2,-67
1754123395.8424602,-6,3,-65
1754123395.88046,2,5,-65
1754123395.91946,-2,-4,-57
1754123395.95546,4,-2,-62
1754123395.99246,-2,-6,-71
1754123396.03046,-1,1,-64
1754123396.0694602,-2,1,-69
1754123396.1054602,0,3,-69
1754123396.14246,-3,-1,-73
1754123396.18046,5,0,-57
1754123396.21946,-1,0,-57
1754123396.25546,3,2,-70
1754123396.2924602,4,1,-68
1754123396.33046,-5,3,-70
1754123396.36946,2,4,-61
1754123396.40546,1,0,-67
1754123396.44246,4,-4,-63
1754123396.48146,11,-6,-70
1754123396.5194602,1,-2,-66
1754123396.55546,2,-1,-64
1754123396.59346,7,0,-48
1754123396.6314602,0,0,-53
1754123396.67046,0,-1,-53
1754123396.70646,0,-1,-65
1754123396.7434602,4,4,-65
1754123396.78146,0,3,-64
1754123396.82046,2,4,-59
1754123396.85646,12,3,-58
1754123396.89346,1,2,-63
1754123396.93146,-3,1,-71
1754123396.9704602,-4,0,-61
1754123397.0064602,1,2,-70
1754123397.04346,3,3,-63
1754123397.08146,4,1,-63
1754123397.12046,2,-2,-57
1754123397.15646,1,-4,-59
1754123397.19346,4,0,-56
1754123397.23146,1,2,-63
1754123397.27046,0,2,-69
1754123397.30646,2,1,-65
1754123397.34346,5,0,-61
1754123397.3814602,-3,2,-66
1754123397.42046,4,2,-69
1754123397.45646,3,0,-65
1754123397.4934602,3,-5,-58
1754123397.53146,-2,-2,-60
1754123397.57046,-2,0,-71
1754123397.60646,-2,4,-64
1754123397.6444602,0,0,-66
1754123397.68246,-1,0,-62
1754123397.72146,3,1,-65
1754123397.75746,-3,-1,-62
1754123397.79546,0,0,-58
1754123397.83346,0,2,-54
1754123397.8714602,3,2,-60
1754123397.91046,2,0,-77
1754123397.94646,2,-6,-70
1754123397.98446,2,-2,-64
1754123398.02246,8,0,-53
1754123398.06146,4,0,-54
1754123398.09746,0,3,-56
1754123398.13546,0,7,-61
1754123398.17346,10,-2,-63
1754123398.21146,10,0,-59
1754123398.25046,7,0,-65
1754123398.2864602,5,-7,-72
1754123398.32446,3,-5,-58
1754123398.3614602,3,0,-73
1754123398.40046,2,-1,-59
1754123398.43646,-2,-3,-59
1754123398.47446,1,0,-58
1754123398.51246,5,2,-63
1754123398.55146,0,-3,-51
1754123398.58746,-5,0,-67
1754123398.62446,-1,0,-65
1754123398.66246,-2,0,-64
1754123398.70146,-6,-1,-58
1754123398.73746,-3,-3,-61
1754123398.77546,-3,-10,-73
1754123398.81446,-6,0,-64
1754123398.85246,-5,-10,-66
1754123398.89046,0,0,-58
1754123398.9274602,0,-6,-66
1754123398.96546,-2,-6,-68
1754123399.00246,-1,-1,-70
1754123399.04146,-4,0,-73
1754123399.07746,-1,-2,-65
1754123399.1154602,-1,1,-66
1754123399.15346,-2,4,-60
1754123399.19246,-4,6,-57
1754123399.2304602,0,3,-57
1754123399.2664602,3,1,-60
1754123399.30346,0,-1,-73
1754123399.3424602,3,0,-58
1754123399.38046,-2,-3,-67
1754123399.41646,2,0,-69
1754123399.45346,-1,2,-71
1754123399.49246,8,9,-55
1754123399.53046,7,3,-70
1754123399.56646,0,4,-60
1754123399.60346,5,1,-55
1754123399.64246,-1,1,-60
1754123399.68046,1,-1,-51
1754123399.71646,0,-3,-51
1754123399.75446,0,-7,-59
1754123399.7924602,7,0,-70
1754123399.83146,3,-1,-67
1754123399.86746,3,-4,-66
1754123399.90546,-3,0,-63
1754123399.94346,-4,7,-72
1754123399.98246,-3,7,-62
1754123400.02046,6,0,-70
1754123400.05646,5,-1,-66
1754123400.09446,-3,2,-68
1754123400.13246,-1,4,-55
1754123400.1714602,-4,5,-72
1754123400.2074602,-4,2,-80
1754123400.2464602,-1,4,-68
1754123400.28346,2,5,-59
1754123400.3224602,-5,-4,-74
1754123400.3584602,-4,1,-63
1754123400.39646,2,0,-71
1754123400.4344602,-4,2,-68
1754123400.47246,-4,-4,-78
1754123400.51146,2,0,-56
1754123400.54746,4,1,-49
1754123400.58446,3,7,-63
1754123400.62246,3,0,-75
1754123400.6614602,-2,1,-67
1754123400.6974602,-1,-1,-73
1754123400.73546,0,1,-65
1754123400.77346,-3,-3,-52
1754123400.8124602,-12,0,-58
1754123400.8484602,-3,-1,-69
1754123400.88646,-4,9,-63
1754123400.9244602,0,-1,-62
1754123400.9634602,-2,0,-66
1754123401.00146,-7,2,-70
1754123401.03746,0,0,-62
1754123401.0754602,0,-3,-61
1754123401.11346,1,-2,-68
1754123401.1514602,3,0,-58
1754123401.1874602,11,-1,-66
1754123401.22546,-5,3,-60
1754123401.26446,2,-1,-59
1754123401.3024602,4,-7,-64
1754123401.3384602,6,-7,-67
1754123401.37746,4,2,-65
1754123401.4144602,7,4,-67
1754123401.45346,3,2,-63
1754123401.49146,-1,-5,-65
1754123401.52746,0,-6,-67
1754123401.5654602,0,-4,-61
1754123401.60346,-1,-4,-64
1754123401.64246,-2,-2,-63
1754123401.67846,0,4,-70
1754123401.71646,-6,0,-56
1754123401.75446,0,-5,-45
1754123401.79346,0,1,-58
1754123401.83146,6,3,-58
1754123401.86746,5,-1,-63
1754123401.90546,-3,0,-73
1754123401.9444602,0,-5,-73
1754123401.98246,1,0,-69
1754123402.01846,5,0,-66
1754123402.05546,3,-10,-64
1754123402.09446,2,0,-75
1754123402.13246,2,-2,-70
1754123402.16846,4,-1,-69
1754123402.20646,3,3,-66
1754123402.24446,6,-8,-72
1754123402.28346,5,-3,-69
1754123402.32146,-4,-4,-69
1754123402.35746,-3,0,-67
1754123402.3944602,-3,0,-56
1754123402.43346,-4,0,-67
1754123402.46946,1,-1,-74
1754123402.50746,0,-4,-64
1754123402.54546,3,-5,-63
1754123402.58346,2,-3,-64
1754123402.62246,-9,-7,-70
1754123402.65846,-4,-4,-69
1754123402.69646,2,-5,-66
1754123402.73446,1,-2,-54
1754123402.77346,0,2,-65
1754123402.8094602,-4,-3,-69
1754123402.84746,0,-2,-64
1754123402.88646,0,-3,-64
1754123402.92346,-2,-7,-61
1754123402.96246,6,-4,-66
1754123402.99846,-2,-4,-52
1754123403.0364602,1,-7,-57
1754123403.07446,-1,1,-64
1754123403.11346,2,1,-67
1754123403.14946,0,-1,-68
1754123403.1874602,0,0,-72
1754123403.22546,-1,-8,-68
1754123403.2634602,-4,-5,-63
1754123403.3024602,-7,2,-63
1754123403.3384602,-9,7,-53
1754123403.37646,-10,7,-62
1754123403.4144602,-5,4,-64
1754123403.45346,-5,1,-68
1754123403.48946,-3,-3,-69
1754123403.52746,-1,0,-72
1754123403.56646,-4,-9,-76
1754123403.60446,0,-1,-60
1754123403.64246,0,-1,-64
1754123403.67846,-4,0,-62
1754123403.71646,-4,-1,-72
1754123403.75446,-1,-6,-72
1754123403.7994602,-5,2,-68
1754123403.83746,-8,1,-62
1754123403.87446,0,0,-61
1754123403.91346,0,0,-72
1754123403.94946,-5,-3,-55
1754123403.98746,-2,-6,-51
1754123404.02546,0,-8,-54
1754123404.06446,3,1,-53
1754123404.10246,5,-6,-60
1754123404.1384602,10,-3,-63
1754123404.17646,2,0,-49
1754123404.21446,-5,1,-67
1754123404.2534602,-6,-1,-67
1754123404.2894602,-2,-2,-71
1754123404.32746,-5,-4,-67
1754123404.3654602,-2,1,-71
1754123404.4044602,-5,-2,-68
1754123404.44246,-5,0,-66
1754123404.47846,-6,0,-66
1754123404.51746,-6,0,-70
1754123404.55446,4,0,-69
1754123404.59346,5,-2,-67
1754123404.63046,-2,4,-84
1754123404.6674602,0,1,-78
1754123404.70546,-3,0,-56
1754123404.74446,0,-6,-54
1754123404.78046,2,-4,-55
1754123404.81846,0,1,-66
1754123404.85646,-5,1,-62
1754123404.8944602,1,-2,-60
1754123404.93346,2,-5,-70
1754123404.96946,-8,-1,-69
1754123405.00846,-3,2,-70
1754123405.04546,0,1,-71
1754123405.08446,0,0,-68
1754123405.12046,-4,0,-62
1754123405.15846,-1,-3,-59
1754123405.19646,-1,-3,-62
1754123405.23446,-1,0,-75
1754123405.27346,1,2,-63
1754123405.3094602,6,2,-59
1754123405.34746,2,0,-65
1754123405.3844602,0,-3,-67
1754123405.42346,-6,0,-75
1754123405.45946,-9,1,-73
1754123405.4964602,0,-4,-74
1754123405.53446,-2,-1,-71
1754123405.57346,0,-3,-64
1754123405.60946,-1,0,-63
1754123405.64646,-5,7,-58
1754123405.68546,2,0,-58
1754123405.7234602,-1,0,-63
1754123405.7594602,-3,0,-71
1754123405.79846,3,2,-64
1754123405.8354602,2,-1,-69
1754123405.87446,0,0,-58
1754123405.91046,1,0,-69
1754123405.94846,-4,0,-64
1754123405.9864602,-1,6,-62
1754123406.02546,-2,9,-68
1754123406.06346,-8,0,-57
1754123406.09946,-7,1,-48
1754123406.1384602,-4,0,-74
1754123406.17546,0,3,-61
1754123406.21446,0,7,-65
1754123406.25046,-6,3,-75
1754123406.2894602,-2,-6,-77
1754123406.32646,0,-1,-61
1754123406.3654602,0,0,-60
1754123406.40346,0,2,-69
1754123406.43946,3,0,-50
1754123406.47746,-9,-3,-62
1754123406.51546,-3,-3,-55
1754123406.55446,0,-1,-60
1754123406.59046,9,5,-55
1754123406.62746,10,1,-58
1754123406.66546,9,-6,-68
1754123406.70446,0,2,-63
1754123406.7404602,-4,-3,-65
1754123406.77846,6,8,-71
1754123406.81646,-6,0,-69
1754123406.8554602,-9,-3,-69
1754123406.89346,-9,-6,-64
1754123406.92946,-2,-6,-60
1754123406.9674602,6,0,-68
1754123407.00546,5,0,-55
1754123407.04446,-4,0,-58
1754123407.08046,-5,1,-61
1754123407.1184602,-4,0,-63
1754123407.15646,-4,2,-63
1754123407.19546,-3,-7,-67
1754123407.23146,-1,-4,-60
1754123407.2694602,3,0,-64
1754123407.30746,6,-8,-58
1754123407.3454602,0,2,-55
1754123407.3844602,-5,2,-62
1754123407.42046,-3,2,-66
1754123407.4574602,-11,-3,-64
1754123407.49546,-6,0,-66
1754123407.53446,0,0,-65
1754123407.57046,4,-7,-58
1754123407.60746,1,-2,-57
1754123407.64546,3,2,-57
1754123407.6844602,-6,3,-59
1754123407.7204602,1,-5,-62
1754123407.75846,0,-2,-72
1754123407.7964602,4,-1,-62
1754123407.8354602,-4,-8,-62
1754123407.8714602,-11,-8,-61
1754123407.90946,0,-10,-63
1754123407.9474602,-2,-3,-59
1754123407.9864602,-1,-2,-56
1754123408.02446,-2,-6,-68
1754123408.06046,2,-6,-61
1754123408.0984602,0,0,-61
1754123408.13746,0,-4,-56
1754123408.17546,7,-4,-70
1754123408.21146,0,2,-63
1754123408.24846,-6,0,-66
1754123408.28746,1,2,-60
1754123408.3254602,3,-2,-64
1754123408.3614602,0,-5,-64
1754123408.39946,5,-6,-75
1754123408.4374602,-3,-2,-68
1754123408.47646,2,0,-65
1754123408.51446,0,2,-61
1754123408.55046,5,0,-68
1754123408.58746,2,-3,-61
1754123408.62646,-5,-4,-63
1754123408.6644602,-4,-5,-66
1754123408.7004602,0,2,-63
1754123408.73746,2,0,-52
1754123408.7764602,6,-2,-53
1754123408.81446,0,-3,-63
1754123408.85046,-8,-3,-62
1754123408.8884602,-5,-2,-62
1754123408.92646,-4,-9,-64
1754123408.96546,-2,-8,-67
1754123409.00146,2,2,-62
1754123409.03846,9,0,-65
1754123409.07646,-2,0,-63
1754123409.1154602,-2,-3,-67
1754123409.1514602,-5,1,-64
1754123409.18946,0,-4,-73
1754123409.22746,-2,-2,-65
1754123409.2664602,0,-3,-62
1754123409.3024602,-6,0,-66
1754123409.33946,0,-7,-69
1754123409.37746,0,0,-60
1754123409.41646,-2,-1,-66
1754123409.45246,1,2,-61
1754123409.48946,0,-3,-64
1754123409.52746,0,-3,-62
1754123409.56646,0,-4,-63
1754123409.60246,-4,0,-65
1754123409.64046,-6,0,-67
1754123409.67846,-4,1,-66
1754123409.71646,8,9,-61
1754123409.75546,9,5,-69
1754123409.79146,11,2,-64
1754123409.82846,1,-6,-59
1754123409.86646,-3,-6,-61
1754123409.90546,-2,2,-54
1754123409.94146,-7,-1,-74
1754123409.97946,-3,1,-64
1754123410.01746,-4,1,-52
1754123410.05646,-7,1,-66
1754123410.09346,-3,1,-63
1754123410.13046,-2,0,-61
1754123410.16846,-1,1,-63
1754123410.2074602,0,-5,-47
1754123410.24546,-2,-4,-53
1754123410.28146,-3,-6,-55
1754123410.3194602,-1,5,-51
1754123410.35746,-2,2,-63
1754123410.39646,0,6,-61
1754123410.43246,2,3,-57
1754123410.46946,1,-2,-61
1754123410.50746,2,-5,-65
1754123410.5464602,6,-1,-64
1754123410.5824602,-4,-1,-76
1754123410.62046,-1,-1,-60
1754123410.65846,1,-5,-62
1754123410.6974602,0,3,-69
1754123410.73546,-1,0,-73
1754123410.77146,-2,-2,-59
1754123410.81046,0,0,-64
1754123410.84746,-6,-1,-72
1754123410.88646,-9,-4,-75
1754123410.92246,2,0,-63
1754123410.95946,0,2,-61
1754123410.99746,-5,-4,-69
1754123411.0364602,0,-8,-63
1754123411.0724602,0,-1,-62
1754123411.11046,6,2,-59
1754123411.14846,-1,0,-55
1754123411.1874602,-1,1,-57
1754123411.22546,-9,0,-62
1754123411.26146,-10,-3,-71
1754123411.30046,-5,-2,-64
1754123411.33746,-5,1,-64
1754123411.37646,1,0,-69
1754123411.41346,0,-1,-68
1754123411.4504602,-3,1,-54
1754123411.48846,1,1,-55
1754123411.52746,-1,4,-66
1754123411.56346,-8,1,-74
1754123411.60046,-13,-2,-72
1754123411.6384602,4,-2,-61
1754123411.6774602,-3,-3,-58
1754123411.7134602,1,-2,-55
1754123411.75146,3,-4,-59
1754123411.79046,-3,4,-59
1754123411.82846,0,3,-57
1754123411.86646,7,5,-58
1754123411.90246,1,2,-68
1754123411.9404602,4,-6,-75
1754123411.97846,0,-4,-67
1754123412.0164602,2,-7,-64
1754123412.0524602,-3,-7,-62
1754123412.09046,0,2,-62
1754123412.1284602,2,0,-53
1754123412.1674602,9,0,-59
1754123412.20346,3,0,-61
1754123412.2404602,7,-7,-56
1754123412.27846,0,-1,-51
1754123412.31746,0,-1,-48
1754123412.35346,2,-4,-66
1754123412.3914602,5,-2,-70
1754123412.43046,4,-2,-67
1754123412.4674602,1,-2,-54
1754123412.5064602,-3,-4,-53
1754123412.5424602,-5,-4,-61
1754123412.58046,-4,2,-72
1754123412.6184602,4,-9,-66
1754123412.6574602,4,-7,-74
1754123412.69346,4,-8,-74
1754123412.73146,5,-1,-57
1754123412.7694602,0,-1,-62
1754123412.80846,-3,0,-57
1754123412.84646,-2,1,-67
1754123412.88246,-1,8,-57
1754123412.9214602,1,-1,-53
1754123412.95846,0,1,-69
1754123412.99746,-3,0,-61
1754123413.03346,5,-6,-61
1754123413.07146,-8,-7,-66
1754123413.10946,1,-3,-62
1754123413.14846,-2,3,-62
1754123413.18646,0,-3,-61
1754123413.22246,1,-3,-65
1754123413.26046,9,-2,-59
1754123413.2994602,-1,0,-66
1754123413.33746,-3,1,-63
1754123413.37446,-2,-5,-64
1754123413.4114602,0,-5,-70
1754123413.44946,3,3,-63
1754123413.48846,-1,3,-54
1754123413.5264602,-2,-4,-65
1754123413.5624602,-8,1,-57
1754123413.60046,-4,-6,-52
1754123413.6384602,-5,-10,-57
1754123413.6774602,2,-4,-64
1754123413.7134602,-1,-3,-60
1754123413.75146,6,0,-61
1754123413.7894602,-6,-6,-56
1754123413.83446,-5,-9,-66
1754123413.8714602,1,-8,-62
1754123413.90946,2,-7,-58
1754123413.94846,-1,-8,-61
1754123413.98446,2,-4,-61
1754123414.02146,-4,2,-66
1754123414.0594602,3,-4,-59
1754123414.0984602,6,-7,-56
1754123414.1344602,0,-4,-56
1754123414.17246,-1,-8,-67
1754123414.2104602,-1,-3,-67
1754123414.24846,7,-6,-69
1754123414.28746,5,-6,-69
1754123414.32346,-2,-2,-71
1754123414.3614602,-2,-5,-75
1754123414.39946,-2,-1,-71
1754123414.43846,-2,-1,-70
1754123414.47446,-1,2,-59
1754123414.5134602,0,0,-58
1754123414.55046,-2,-1,-68
1754123414.58946,9,-2,-75
1754123414.62746,6,2,-63
1754123414.66346,0,0,-65
1754123414.7004602,-5,-1,-65
1754123414.73946,-3,-4,-70
1754123414.77746,-2,-4,-76
1754123414.81346,-7,-1,-66
1754123414.85146,-8,1,-57
1754123414.88946,-10,-5,-58
1754123414.92846,7,-3,-65
1754123414.96446,9,-4,-64
1754123415.00146,2,3,-58
1754123415.0394602,8,-2,-68
1754123415.07846,9,-1,-64
1754123415.11446,1,0,-67
1754123415.1514602,-2,0,-58
1754123415.18946,-1,-8,-60
1754123415.22846,-10,-6,-60
1754123415.26446,-7,1,-61
1754123415.3024602,-4,1,-63
1754123415.34046,-2,7,-60
1754123415.37946,-2,0,-62
1754123415.4174602,-6,-3,-63
1754123415.45346,2,0,-59
1754123415.4904602,0,-3,-56
1754123415.5294602,-3,-8,-55
1754123415.56746,1,0,-65
1754123415.60346,-2,7,-56
1754123415.6414602,2,4,-57
1754123415.67946,0,-6,-65
1754123415.71846,4,1,-66
1754123415.75546,5,3,-53
1754123415.7924602,-2,-1,-52
1754123415.83046,-4,-3,-50
1754123415.86946,3,0,-61
1754123415.9074602,10,-5,-64
1754123415.94346,8,-9,-69
1754123415.98146,7,-8,-64
1754123416.0194602,7,-10,-59
1754123416.05846,-10,0,-57
1754123416.09446,-8,2,-65
1754123416.1314602,3,-6,-60
1754123416.16946,-2,0,-65
1754123416.20846,1,0,-68
1754123416.24446,3,-5,-72
1754123416.28146,4,-2,-62
1754123416.3194602,1,-3,-64
1754123416.3584602,-7,-6,-63
1754123416.3944602,-2,-5,-76
1754123416.43246,-2,0,-71
1754123416.4704602,-1,-3,-72
1754123416.5094602,5,0,-66
1754123416.54546,0,0,-66
1754123416.5824602,-2,1,-50
1754123416.62046,-1,3,-57
1754123416.65946,-3,-5,-58
1754123416.69546,-5,0,-59
1754123416.73246,0,5,-54
1754123416.77046,-3,0,-56
1754123416.8094602,-1,0,-61
1754123416.8454602,0,2,-61
1754123416.88246,-2,1,-66
1754123416.92046,-2,9,-75
1754123416.95946,2,0,-73
1754123416.99546,1,0,-68
1754123417.0324602,5,3,-63
1754123417.07046,-3,7,-52
1754123417.10946,-4,3,-63
1754123417.14546,-1,-3,-62
1754123417.18346,3,-6,-54
1754123417.22146,0,0,-71
1754123417.26046,1,-3,-77
1754123417.29846,-1,-1,-54
1754123417.33446,-4,0,-60
1754123417.37246,-2,0,-66
1754123417.41046,-5,0,-74
1754123417.44946,-3,-5,-76
1754123417.48546,3,0,-74
1754123417.52246,7,1,-60
1754123417.56046,-1,1,-77
1754123417.59946,-2,1,-64
1754123417.63546,0,7,-63
1754123417.67246,1,-2,-54
1754123417.7104602,-1,-1,-51
1754123417.74946,-6,-3,-50
1754123417.78546,0,5,-55
1754123417.8224602,0,5,-65
1754123417.86046,2,1,-66
1754123417.89946,0,-2,-60
1754123417.93546,3,4,-68
1754123417.97246,-2,1,-55
1754123418.01046,-10,2,-56
1754123418.0494602,-3,2,-56
1754123418.0854602,0,-3,-47
1754123418.12446,3,-4,-62
1754123418.1614602,5,-2,-60
1754123418.2004602,7,5,-54
1754123418.23846,-6,0,-55
1754123418.27446,-4,2,-59
1754123418.3124602,0,1,-60
1754123418.35046,-3,-1,-69
1754123418.38946,-5,0,-72
1754123418.42546,-1,-2,-69
1754123418.4634602,0,0,-61
1754123418.50146,-1,-7,-60
1754123418.54046,-3,-8,-57
1754123418.57646,-7,-4,-57
1754123418.61446,-3,-4,-59
1754123418.65246,4,-4,-63
1754123418.6904602,2,-7,-54
1754123418.72946,0,-4,-58
1754123418.76546,2,0,-59
1754123418.80346,6,0,-59
1754123418.84146,3,0,-61
1754123418.88046,-2,5,-67
1754123418.91646,0,14,-56
1754123418.95446,-12,11,-60
1754123418.9934602,0,6,-62
1754123419.03046,1,6,-62
1754123419.0694602,0,1,-69
1754123419.1054602,-1,1,-69
1754123419.14346,-9,0,-55
1754123419.18146,-1,1,-56
1754123419.2204602,3,1,-66
1754123419.2564602,3,3,-66
1754123419.29346,1,-1,-65
1754123419.33146,-3,2,-63
1754123419.37046,-3,-1,-57
1754123419.40646,0,3,-51
1754123419.44346,-2,-3,-62
1754123419.48146,-2,2,-59
1754123419.52046,1,1,-65
1754123419.55646,0,5,-63
1754123419.59346,4,4,-61
1754123419.6314602,8,-1,-49
1754123419.67046,-4,0,-59
1754123419.70646,-9,0,-61
1754123419.74446,0,3,-59
1754123419.7824602,-2,2,-62
1754123419.82146,8,0,-67
1754123419.85946,6,3,-75
1754123419.89546,0,-2,-70
1754123419.93346,1,0,-56
1754123419.97146,5,0,-60
1754123420.01046,2,1,-73
1754123420.0464602,6,2,-71
1754123420.08346,0,0,-54
1754123420.1214602,-7,0,-54
1754123420.16046,-3,3,-59
1754123420.19646,-2,0,-61
1754123420.23546,2,5,-68
1754123420.27246,3,0,-68
1754123420.31146,10,0,-71
1754123420.34946,1,3,-56
1754123420.38546,-8,0,-57
1754123420.42346,-5,4,-69
1754123420.46146,9,-1,-74
1754123420.50046,-2,-1,-70
1754123420.5364602,4,-2,-68
1754123420.57446,-7,3,-60
1754123420.61246,0,-1,-66
1754123420.6514602,2,1,-70
1754123420.68946,-2,5,-58
1754123420.72546,-2,-3,-61
1754123420.7634602,0,-5,-61
1754123420.8024602,5,-1,-72
1754123420.84046,-2,0,-57
1754123420.87646,-3,3,-71
1754123420.91546,-1,-3,-68
1754123420.95246,-3,0,-57
1754123420.99146,2,3,-61
1754123421.02846,4,-3,-69
1754123421.0654602,0,2,-71
1754123421.10346,-1,0,-63
1754123421.1414602,9,4,-57
1754123421.18046,13,6,-54
1754123421.21646,5,3,-51
1754123421.2534602,7,6,-61
1754123421.29146,1,2,-56
1754123421.33046,7,3,-59
1754123421.36646,3,3,-63
1754123421.40346,-1,1,-66
1754123421.44146,-8,2,-68
1754123421.4804602,0,2,-69
1754123421.5164602,1,0,-66
1754123421.55346,0,0,-66
1754123421.59146,0,-3,-76
1754123421.63046,2,-3,-60
1754123421.66646,2,-1,-61
1754123421.70346,-1,2,-61
1754123421.74246,0,7,-62
1754123421.78046,0,6,-65
1754123421.81646,3,8,-57
1754123421.85346,1,11,-44
1754123421.89246,0,2,-63
1754123421.93046,0,-2,-61
1754123421.96646,2,-4,-58
1754123422.0034602,7,-3,-66
1754123422.0424602,3,3,-72
1754123422.08046,-3,3,-72
1754123422.11646,-8,4,-65
1754123422.15346,-7,-2,-49
1754123422.19246,0,1,-68
1754123422.2304602,3,3,-67
1754123422.2664602,0,9,-52
1754123422.30346,2,-1,-62
1754123422.3424602,2,-1,-66
1754123422.38046,6,0,-57
1754123422.41646,3,0,-62
1754123422.45346,1,-1,-64
1754123422.49246,0,0,-63
1754123422.53046,-3,1,-58
1754123422.56646,0,3,-55
1754123422.60446,-5,-1,-56
1754123422.64246,-1,1,-64
1754123422.68146,0,0,-58
1754123422.7174602,3,2,-63
1754123422.75446,1,0,-55
1754123422.7924602,3,4,-53
1754123422.83146,2,-2,-55
1754123422.86746,7,0,-60
1754123422.9044602,0,-2,-68
1754123422.94246,7,0,-64
1754123422.98146,5,-2,-54
1754123423.01746,1,0,-66
1754123423.05446,0,1,-55
1754123423.0924602,-2,0,-67
1754123423.1314602,0,2,-63
1754123423.1674602,-2,-1,-65
1754123423.20546,1,1,-71
1754123423.2434602,-7,3,-72
1754123423.2824602,-2,1,-62
1754123423.31846,-1,1,-67
1754123423.35646,3,-1,-64
1754123423.39546,4,5,-64
1754123423.43246,3,-2,-66
1754123423.47146,5,6,-59
1754123423.50746,7,2,-63
1754123423.54546,6,2,-60
1754123423.58346,5,2,-69
1754123423.62246,-8,0,-66
1754123423.65846,-2,7,-57
1754123423.6974602,-3,-3,-62
1754123423.73446,0,0,-58
1754123423.77246,-3,-2,-67
1754123423.81146,0,6,-69
1754123423.85446,-1,5,-73
1754123423.89246,4,1,-55
1754123423.93146,3,-2,-57
1754123423.9674602,-1,-4,-62
1754123424.00546,0,-6,-74
1754123424.04346,5,-5,-66
1754123424.0824602,-2,1,-62
1754123424.1184602,3,1,-65
1754123424.15546,0,6,-61
1754123424.19346,-4,5,-66
1754123424.23246,-6,-1,-65
1754123424.26846,-9,-2,-72
1754123424.30646,-5,-4,-72
1754123424.34446,0,-5,-65
1754123424.38346,5,-7,-58
1754123424.4214602,-2,-3,-61
1754123424.4574602,-9,0,-68
1754123424.49446,-3,-1,-63
1754123424.53346,-5,-7,-50
1754123424.57146,-2,-2,-62
1754123424.60746,0,0,-64
1754123424.64646,1,-2,-61
1754123424.68346,1,-2,-66
1754123424.72246,0,-4,-57
1754123424.75846,0,-5,-64
1754123424.79546,-5,-6,-71
1754123424.83346,0,2,-58
1754123424.87246,1,4,-69
1754123424.90846,-3,0,-70
1754123424.94646,0,-1,-59
1754123424.98546,-9,-1,-61
1754123425.02346,-3,-2,-63
1754123425.06146,0,-3,-54
1754123425.0984602,-1,-4,-59
1754123425.13546,-7,-5,-66
1754123425.17346,-3,5,-62
1754123425.21246,8,-1,-69
1754123425.24846,5,2,-66
1754123425.28546,0,-2,-52
1754123425.32346,2,3,-63
1754123425.36246,2,2,-66
1754123425.39846,1,1,-66
1754123425.43546,11,5,-55
1754123425.4734602,-4,0,-59
1754123425.51246,1,-4,-60
1754123425.54846,2,-3,-60
1754123425.58646,-5,-6,-59
1754123425.62446,-3,-6,-58
1754123425.66346,-2,1,-63
1754123425.69946,-3,3,-68
1754123425.73846,-6,-3,-66
1754123425.77546,2,-4,-67
1754123425.81346,-1,-1,-58
1754123425.85246,1,2,-52
1754123425.8884602,6,-1,-57
1754123425.92546,8,0,-61
1754123425.9634602,8,-3,-58
1754123426.00246,-1,-2,-60
1754123426.03846,-1,-2,-63
1754123426.07646,-4,-6,-71
1754123426.1154602,-7,-6,-63
1754123426.15346,0,-6,-67
1754123426.18946,-4,-6,-63
1754123426.22746,-2,-5,-60
1754123426.26546,3,0,-53
1754123426.30446,-6,-2,-70
1754123426.3424602,0,-4,-62
1754123426.3784602,1,0,-65
1754123426.41546,3,1,-61
1754123426.45446,3,-6,-60
1754123426.49246,-1,0,-67
1754123426.52846,1,-2,-67
1754123426.56646,-2,-2,-71
1754123426.60446,-2,0,-70
1754123426.64346,-3,3,-65
1754123426.67946,0,0,-71
1754123426.71646,6,-9,-68
1754123426.75446,-4,-5,-81
1754123426.79346,-2,-7,-84
1754123426.82946,-7,-3,-77
1754123426.86746,4,0,-66
1754123426.90546,-5,-3,-68
1754123426.9444602,5,-4,-69
1754123426.98246,3,-4,-66
1754123427.01846,2,-3,-60
1754123427.05746,3,-5,-58
1754123427.09446,3,3,-69
1754123427.13346,-1,-3,-69
1754123427.16946,-1,2,-71
1754123427.2074602,2,0,-72
1754123427.24446,2,-4,-60
1754123427.28346,-2,1,-72
1754123427.3194602,-2,2,-71
1754123427.35746,0,4,-66
1754123427.3944602,0,-4,-50
1754123427.43346,1,0,-60
1754123427.46946,6,0,-65
1754123427.5064602,0,-1,-68
1754123427.54446,-1,-11,-64
1754123427.58346,-1,-12,-57
1754123427.61946,-5,-7,-59
1754123427.6574602,-6,-5,-53
1754123427.69546,-6,0,-59
1754123427.73446,-12,-3,-59
1754123427.77046,0,-5,-66
1754123427.80746,0,2,-67
1754123427.8454602,-2,0,-61
1754123427.8844602,1,-4,-54
1754123427.92046,-4,-1,-64
1754123427.95846,-6,0,-49
1754123427.9964602,-3,0,-58
1754123428.03446,-4,-1,-55
1754123428.07346,-2,-2,-62
1754123428.10946,4,-7,-63
1754123428.14746,-2,-1,-60
1754123428.18546,-1,-3,-68
1754123428.22446,-3,1,-65
1754123428.26046,-3,-4,-67
1754123428.2994602,2,-6,-67
1754123428.33746,4,-6,-60
1754123428.37446,-4,-3,-64
1754123428.41346,-4,-3,-57
1754123428.44946,-1,1,-48
1754123428.48746,0,0,-61
1754123428.52546,0,-1,-66
1754123428.56446,6,0,-67
1754123428.60046,0,-1,-71
1754123428.6384602,0,-2,-61
1754123428.67646,0,0,-68
1754123428.71546,-4,2,-69
1754123428.7534602,0,-2,-63
1754123428.7894602,-2,-5,-63
1754123428.82746,-1,-2,-57
1754123428.8654602,7,-3,-63
1754123428.9044602,3,1,-71
1754123428.9404602,1,-2,-75
1754123428.97846,-2,-8,-63
1754123429.0164602,-6,0,-56
1754123429.05546,0,-1,-58
1754123429.09346,1,0,-62
1754123429.12946,3,-5,-66
1754123429.1674602,-2,1,-57
1754123429.20546,3,-3,-57
1754123429.24446,0,-2,-68
1754123429.28046,0,-3,-58
1754123429.31746,-2,2,-57
1754123429.3554602,1,0,-68
1754123429.3944602,-2,-1,-70
1754123429.43046,-6,-2,-75
1754123429.46846,-2,-2,-67
1754123429.5064602,-5,3,-63
1754123429.54546,-6,3,-72
1754123429.58346,-4,0,-68
1754123429.61946,-3,-1,-64
1754123429.6574602,1,-1,-63
1754123429.69546,-1,2,-63
1754123429.73446,-1,5,-65
1754123429.77046,0,4,-64
1754123429.8094602,-8,0,-58
1754123429.84646,-6,-6,-59
1754123429.88546,2,-1,-63
1754123429.9214602,5,0,-67
1754123429.95946,-6,1,-68
1754123429.9964602,-4,-8,-65
1754123430.03546,-2,-4,-58
1754123430.07146,1,-3,-64
1754123430.10946,-7,-1,-65
1754123430.14746,-9,2,-58
1754123430.18546,-4,6,-74
1754123430.22446,-6,7,-73
1754123430.26046,2,1,-72
1754123430.29746,-5,4,-69
1754123430.3354602,7,0,-53
1754123430.37446,0,-7,-58
1754123430.41046,-1,-7,-59
1754123430.44846,-2,-2,-58
1754123430.4864602,0,-6,-50
1754123430.52546,-5,0,-60
1754123430.56146,3,0,-58
1754123430.5984602,4,-9,-71
1754123430.63646,0,5,-66
1754123430.67546,-7,0,-57
1754123430.71146,-8,-1,-64
1754123430.74946,2,0,-66
1754123430.78746,7,-5,-64
1754123430.8254602,2,-8,-58
1754123430.86446,-4,0,-57
1754123430.90046,4,-2,-56
1754123430.93946,0,5,-60
1754123430.97646,1,-4,-76
1754123431.01546,-6,-2,-67
1754123431.05146,-3,-1,-76
1754123431.08946,-3,-1,-66
1754123431.12746,1,-3,-62
1754123431.16646,2,4,-59
1754123431.20446,-5,2,-56
1754123431.2404602,-6,0,-53
1754123431.27746,-9,2,-47
1754123431.31646,0,2,-64
1754123431.35446,-3,-4,-65
1754123431.39046,-2,5,-66
1754123431.42846,2,4,-63
1754123431.46646,-9,0,-63
1754123431.50546,-6,3,-67
1754123431.54146,-2,3,-67
1754123431.58046,5,2,-68
1754123431.61746,3,-7,-77
1754123431.65646,-2,-3,-78
1754123431.6944602,6,2,-76
1754123431.7304602,9,-5,-66
1754123431.7694602,1,-4,-58
1754123431.80646,6,0,-61
1754123431.8454602,-2,-5,-68
1754123431.8814602,1,-6,-62
1754123431.91946,0,-6,-64
1754123431.9574602,-3,-9,-57
1754123431.9964602,-1,-9,-51
1754123432.03446,0,1,-61
1754123432.07046,8,1,-53
1754123432.10746,2,-3,-65
1754123432.14646,1,-2,-59
1754123432.18246,0,-1,-53
1754123432.2204602,-1,1,-46
1754123432.25846,-3,0,-49
1754123432.29746,-3,0,-62
1754123432.3354602,1,3,-54
1754123432.3714602,0,-6,-64
1754123432.40946,2,-2,-72
1754123432.4474602,4,3,-57
1754123432.4864602,-2,0,-66
1754123432.52246,-6,1,-63
1754123432.5594602,-5,-2,-61
1754123432.59746,-4,-5,-52
1754123432.63546,2,-8,-62
1754123432.6714602,6,-5,-65
1754123432.70946,0,-3,-63
1754123432.74746,12,0,-61
1754123432.7864602,7,1,-75
1754123432.8224602,2,0,-73
1754123432.85946,0,6,-69
1754123432.89846,1,-3,-69
1754123432.93646,-9,-4,-77
1754123432.97246,-10,-8,-70
1754123433.01146,-2,-2,-60
1754123433.04846,1,-8,-56
1754123433.08646,3,1,-68
1754123433.12546,1,0,-67
1754123433.1614602,-2,3,-56
1754123433.19946,-2,1,-54
1754123433.23746,-5,0,-58
1754123433.2764602,-4,-2,-56
1754123433.3124602,-7,0,-65
1754123433.35046,-4,1,-56
1754123433.3884602,0,-2,-65
1754123433.4274602,9,1,-62
1754123433.46546,5,-3,-66
1754123433.50146,6,-8,-70
1754123433.5394602,0,0,-70
1754123433.57846,-2,0,-66
1754123433.61646,-1,2,-68
1754123433.65246,0,2,-64
1754123433.68946,-1,-4,-70
1754123433.72846,0,0,-58
1754123433.7664602,4,0,-62
1754123433.8024602,5,0,-62
1754123433.83946,1,-3,-62
1754123433.88546,1,4,-72
1754123433.9214602,1,4,-62
1754123433.9604602,4,-4,-64
1754123433.99846,5,0,-58
1754123434.0364602,0,-2,-65
1754123434.0724602,0,-4,-61
1754123434.11046,2,0,-65
1754123434.14846,11,0,-64
1754123434.1874602,2,2,-61
1754123434.22546,-4,2,-58
1754123434.26246,0,2,-67
1754123434.2994602,-6,0,-57
1754123434.33746,-4,-5,-66
1754123434.37646,-1,-5,-62
1754123434.41246,0,-6,-51
1754123434.4504602,1,6,-56
1754123434.48846,2,-2,-64
1754123434.52746,0,0,-53
1754123434.56346,3,0,-64
1754123434.60046,4,-2,-68
1754123434.6384602,11,-6,-54
1754123434.6774602,3,-5,-57
1754123434.7134602,1,-3,-65
1754123434.75046,0,-4,-71
1754123434.78846,0,-5,-76
1754123434.82746,5,-4,-71
1754123434.86346,-3,-6,-69
1754123434.9014602,-5,-4,-65
1754123434.93946,-2,-5,-47
1754123434.97746,-4,-8,-59
1754123435.0164602,-3,-4,-64
1754123435.0524602,0,-3,-61
1754123435.09046,-2,2,-70
1754123435.1284602,-4,1,-64
1754123435.1674602,-4,4,-61
1754123435.20346,-7,3,-56
1754123435.24246,0,3,-67
1754123435.2794602,0,-4,-63
1754123435.31746,-1,1,-66
1754123435.35646,2,0,-57
1754123435.39246,1,4,-57
1754123435.42946,0,5,-58
1754123435.46846,-2,0,-68
1754123435.5064602,-1,6,-64
1754123435.5424602,-9,0,-61
1754123435.57946,-1,2,-63
1754123435.6184602,5,4,-64
1754123435.65646,1,5,-72
1754123435.69246,-1,0,-79
1754123435.72946,-3,-3,-75
1754123435.76846,-5,0,-64
1754123435.80646,1,0,-70
1754123435.8424602,3,0,-67
1754123435.87946,3,2,-59
1754123435.91846,-6,-3,-60
1754123435.95646,-9,-1,-55
1754123435.99246,-10,1,-62
1754123436.03046,0,1,-59
1754123436.06846,-6,6,-50
1754123436.10746,-3,5,-62
1754123436.14346,3,0,-51
1754123436.18046,2,0,-58
1754123436.21846,0,0,-63
1754123436.25746,0,-2,-70
1754123436.29346,7,-1,-59
1754123436.33146,10,-8,-64
1754123436.36946,6,-8,-69
1754123436.40846,2,0,-62
1754123436.44646,0,-1,-66
1754123436.48246,-4,-2,-76
1754123436.52046,0,0,-71
1754123436.5594602,-3,-1,-69
1754123436.59746,-2,-1,-70
1754123436.63346,0,-2,-73
1754123436.67246,-6,3,-58
1754123436.70946,-1,8,-67
1754123436.74846,0,0,-71
1754123436.78446,-6,-2,-76
1754123436.8224602,-6,2,-63
1754123436.86046,2,0,-66
1754123436.89846,0,1,-62
1754123436.9344602,-9,1,-57
1754123436.97246,-5,-2,-57
1754123437.01046,0,-2,-57
1754123437.04846,2,4,-68
1754123437.08746,6,-2,-76
1754123437.12346,1,-2,-72
1754123437.1614602,-3,-2,-73
1754123437.19946,6,-5,-67
1754123437.23846,5,-1,-63
1754123437.27446,-3,3,-64
1754123437.31346,-12,2,-75
1754123437.35046,-1,0,-71
1754123437.38946,3,-3,-67
1754123437.4274602,1,-10,-67
1754123437.4634602,-5,-4,-68
1754123437.50146,-5,0,-66
1754123437.5394602,7,-3,-59
1754123437.57846,-2,0,-60
1754123437.61446,-1,0,-70
1754123437.65246,3,-8,-54
1754123437.6904602,-1,-1,-76
1754123437.72946,0,3,-68
1754123437.76746,-9,7,-68
1754123437.80346,-2,0,-64
1754123437.84146,-2,0,-62
1754123437.87946,-3,4,-73
1754123437.91846,0,0,-63
1754123437.95446,0,5,-63
1754123437.99146,-6,5,-81
1754123438.0294602,-4,3,-74
1754123438.06846,-5,-4,-76
1754123438.10446,-3,-4,-68
1754123438.14346,-1,-3,-68
1754123438.18046,-4,0,-54
1754123438.21946,-4,-2,-68
1754123438.25746,0,-2,-63
1754123438.29346,3,-4,-62
1754123438.33146,0,-3,-60
1754123438.36946,0,-2,-56
1754123438.40846,0,6,-65
1754123438.4444602,1,5,-68
1754123438.48146,3,-2,-67
1754123438.5194602,2,-8,-58
1754123438.55846,0,-2,-50
1754123438.59446,-2,2,-50
1754123438.63246,3,0,-61
1754123438.67046,6,3,-52
1754123438.70946,8,0,-63
1754123438.74746,3,2,-66
1754123438.78346,2,-4,-69
1754123438.82046,0,-1,-54
1754123438.85946,0,-5,-59
1754123438.89746,1,-5,-72
1754123438.93346,0,0,-60
1754123438.9704602,0,6,-55
1754123439.0094602,0,2,-62
1754123439.04546,3,-2,-60
1754123439.08446,5,-4,-62
1754123439.1214602,3,0,-66
1754123439.16046,3,5,-72
1754123439.19846,-3,0,-70
1754123439.23446,5,0,-79
1754123439.27146,0,7,-63
1754123439.3094602,4,5,-60
1754123439.3484602,11,-5,-66
1754123439.3844602,3,-2,-75
1754123439.42246,3,-8,-77
1754123439.45946,4,-7,-68
1754123439.49846,3,-7,-72
1754123439.53446,0,0,-70
1754123439.5724602,-1,-5,-64
1754123439.60946,-4,-2,-64
1754123439.64846,-8,-1,-58
1754123439.6844602,0,0,-63
1754123439.72246,0,-2,-69
1754123439.7594602,-3,2,-67
1754123439.79846,-3,0,-64
1754123439.83446,-5,-1,-63
1754123439.87246,6,3,-73
1754123439.91046,0,6,-54
1754123439.94946,-6,0,-54
1754123439.98546,-4,0,-60
1754123440.02246,-2,-1,-60
1754123440.06146,4,0,-62
1754123440.09946,-1,-5,-61
1754123440.13546,-5,0,-71
1754123440.17246,-9,2,-60
1754123440.21146,-6,2,-60
1754123440.24946,2,4,-63
1754123440.28546,-3,0,-50
1754123440.32446,3,-1,-57
1754123440.3614602,-5,0,-62
1754123440.40046,-4,-3,-65
1754123440.43846,1,-8,-57
1754123440.47446,7,-5,-59
1754123440.51246,2,-3,-47
1754123440.55046,5,-1,-56
1754123440.58946,2,-5,-63
1754123440.62546,0,3,-56
1754123440.66246,5,0,-68
1754123440.7004602,1,0,-58
1754123440.73946,1,0,-64
1754123440.77546,-5,-3,-66
1754123440.81346,6,-12,-55
1754123440.85146,8,-5,-69
1754123440.89046,1,-2,-63
1754123440.92846,-1,3,-52
1754123440.96446,4,0,-54
1754123441.00146,5,-1,-65
1754123441.04046,1,-6,-65
1754123441.07846,3,-1,-79
1754123441.11446,0,0,-70
1754123441.1514602,5,0,-63
1754123441.1904602,1,-4,-79
1754123441.22846,-9,-2,-65
1754123441.26446,0,-4,-67
1754123441.3024602,5,-6,-73
1754123441.34146,7,-3,-68
1754123441.37946,0,-3,-61
1754123441.41546,0,0,-70
1754123441.45346,-1,2,-69
1754123441.49146,7,0,-66
1754123441.53046,4,-1,-70
1754123441.56646,3,3,-68
1754123441.60346,-1,-2,-67
1754123441.6414602,-2,0,-73
1754123441.68046,0,-1,-65
1754123441.71646,0,-1,-62
1754123441.75446,-2,-3,-54
1754123441.7924602,5,-6,-66
1754123441.83146,3,-5,-75
1754123441.86946,2,-8,-80
1754123441.90546,4,-6,-74
1754123441.94346,-4,1,-58
1754123441.98146,6,-1,-66
1754123442.02046,6,-1,-61
1754123442.05646,6,4,-60
1754123442.09346,-2,3,-66
1754123442.1314602,1,1,-66
1754123442.17046,3,-5,-64
1754123442.20646,-1,-4,-63
1754123442.24446,0,-6,-62
1754123442.2824602,-2,-4,-66
1754123442.32146,1,-3,-76
1754123442.35946,-4,-2,-75
1754123442.39546,0,-3,-59
1754123442.43246,-1,-13,-68
1754123442.47146,-5,-2,-68
1754123442.5094602,-7,3,-66
1754123442.54546,-9,4,-54
1754123442.58346,-5,-1,-62
1754123442.6214602,0,-9,-55
1754123442.65946,1,-3,-60
1754123442.69546,-1,1,-63
1754123442.73246,0,3,-58
1754123442.77146,-5,8,-66
1754123442.8094602,0,-7,-61
1754123442.8454602,3,-9,-63
1754123442.88346,0,-7,-67
1754123442.9214602,-1,-3,-61
1754123442.9604602,1,0,-55
1754123442.9964602,9,5,-56
1754123443.03346,7,-3,-66
1754123443.07146,6,2,-59
1754123443.11046,3,4,-69
1754123443.14646,2,0,-70
1754123443.18346,-5,0,-74
1754123443.22146,-5,-2,-62
1754123443.26046,-9,1,-67
1754123443.2964602,-2,0,-61
1754123443.33346,-2,-4,-62
1754123443.3714602,0,-3,-69
1754123443.41046,-5,-9,-62
1754123443.44646,0,-7,-63
1754123443.4834602,-3,-2,-65
1754123443.52146,-8,-2,-67
1754123443.56046,-6,-4,-71
1754123443.59646,0,-10,-74
1754123443.63346,2,-5,-63
1754123443.6714602,2,-6,-66
1754123443.7104602,3,-6,-61
1754123443.7464602,-2,0,-61
1754123443.78346,-4,3,-66
1754123443.82146,-7,1,-70
1754123443.86046,-9,0,-63
1754123443.9044602,0,4,-61
1754123443.94246,0,-1,-58
1754123443.9804602,0,1,-80
1754123444.0164602,3,1,-74
1754123444.05346,-2,-3,-65
1754123444.0924602,0,-1,-60
1754123444.13046,0,2,-57
1754123444.16646,-4,-3,-68
1754123444.20446,4,-3,-72
1754123444.24246,-1,-6,-69
1754123444.28146,0,0,-59
1754123444.31746,3,0,-69
1754123444.35446,4,1,-69
1754123444.39246,-3,0,-59
1754123444.43146,3,-1,-68
1754123444.4674602,0,-3,-59
1754123444.50446,-4,0,-58
1754123444.5424602,1,-5,-58
1754123444.58146,0,0,-54
1754123444.61746,0,-4,-66
1754123444.65546,2,-10,-66
1754123444.69346,-1,-5,-62
1754123444.73246,-3,0,-61
1754123444.77046,1,-10,-70
1754123444.80646,0,-6,-69
1754123444.84346,1,-1,-68
1754123444.88246,-2,3,-75
1754123444.92046,3,3,-67
1754123444.95646,-1,1,-73
1754123444.99446,3,-1,-63
1754123445.0324602,5,-6,-68
1754123445.07146,-3,-4,-57
1754123445.10746,-5,-8,-64
1754123445.14546,-5,1,-66
1754123445.1844602,0,-1,-64
1754123445.22246,-4,4,-72
1754123445.26046,4,6,-71
1754123445.2964602,6,0,-74
1754123445.33446,6,-9,-70
1754123445.37246,1,-1,-70
1754123445.41046,11,1,-69
1754123445.44646,6,4,-67
1754123445.4834602,2,2,-75
1754123445.52246,-2,-2,-57
1754123445.56046,-6,6,-59
1754123445.59646,-6,0,-54
1754123445.6344602,-6,0,-61
1754123445.67246,0,-8,-62
1754123445.71146,-7,1,-59
1754123445.74746,-7,1,-57
1754123445.78546,4,4,-57
1754123445.82346,-4,0,-59
1754123445.86246,-6,1,-48
1754123445.89846,-6,-3,-63
1754123445.93646,3,-9,-62
1754123445.97546,0,-8,-61
1754123446.01246,1,-3,-48
1754123446.05146,3,-7,-59
1754123446.08746,-4,-4,-64
1754123446.12546,0,-5,-65
1754123446.16346,3,-2,-63
1754123446.20246,7,-3,-65
1754123446.23846,8,-1,-58
1754123446.27546,6,-3,-67
1754123446.31346,4,-5,-61
1754123446.35246,5,0,-63
1754123446.3884602,-1,0,-67
1754123446.42546,2,5,-63
1754123446.4634602,2,1,-60
1754123446.50246,5,4,-62
1754123446.53846,7,8,-65
1754123446.5754602,5,4,-66
1754123446.61446,-3,2,-58
1754123446.65246,-1,0,-68
1754123446.68846,-3,-3,-57
1754123446.72646,9,0,-62
1754123446.76446,1,-1,-71
1754123446.8024602,5,2,-56
1754123446.84146,0,-1,-61
1754123446.87746,-2,0,-65
1754123446.91546,-3,1,-59
1754123446.95346,-2,-1,-74
1754123446.99246,-2,2,-73
1754123447.02846,-4,-1,-74
1754123447.06646,-1,3,-71
1754123447.10446,-3,1,-64
1754123447.14346,-3,-3,-67
1754123447.18146,-7,0,-62
1754123447.2174602,-10,0,-63
1754123447.25546,-15,-3,-53
1754123447.29346,-9,-2,-77
1754123447.3324602,5,-1,-70
1754123447.3684602,0,6,-74
1754123447.40546,0,7,-63
1754123447.44346,3,1,-58
1754123447.48246,3,0,-58
1754123447.51846,0,-3,-57
1754123447.55546,-4,0,-67
1754123447.59346,1,2,-69
1754123447.63246,6,-1,-60
1754123447.66846,0,-6,-67
1754123447.70546,-1,-5,-73
1754123447.74446,1,-2,-67
1754123447.7824602,2,0,-56
1754123447.81846,-2,0,-64
1754123447.8554602,0,2,-65
1754123447.8944602,-2,-4,-80
1754123447.93246,0,-7,-65
1754123447.96846,0,1,-69
1754123448.00546,-5,7,-60
1754123448.04446,-3,1,-66
1754123448.0824602,1,-2,-65
1754123448.1184602,-4,-1,-74
1754123448.15646,-1,-2,-68
1754123448.1944602,0,0,-65
1754123448.2334602,-3,-2,-63
1754123448.27146,-11,-5,-52
1754123448.30746,-7,4,-54
1754123448.3454602,0,1,-63
1754123448.38346,-3,-6,-67
1754123448.42246,0,0,-68
1754123448.45846,-2,-4,-67
1754123448.4964602,2,0,-58
1754123448.53546,-1,-2,-63
1754123448.57346,1,7,-70
1754123448.60946,-2,4,-71
1754123448.64746,-2,-1,-64
1754123448.68546,-3,-2,-58
1754123448.7234602,1,0,-70
1754123448.76246,-7,2,-64
1754123448.79846,3,-3,-67
1754123448.8354602,-2,-9,-69
1754123448.87346,-3,-9,-71
1754123448.91246,-1,-8,-68
1754123448.94846,-4,-8,-59
1754123448.9864602,-1,-3,-57
1754123449.02446,-3,-10,-65
1754123449.06346,-1,0,-45
1754123449.09946,1,-5,-50
1754123449.13746,6,2,-57
1754123449.17646,-1,7,-61
1754123449.21446,6,-3,-52
1754123449.25246,4,2,-68
1754123449.28846,-3,-4,-64
1754123449.32646,-4,-2,-70
1754123449.36446,0,1,-69
1754123449.40346,-8,-4,-64
1754123449.43946,-2,4,-69
1754123449.47746,1,-1,-65
1754123449.51546,0,4,-60
1754123449.55446,4,0,-64
1754123449.5924602,-1,1,-56
1754123449.6284602,0,-2,-58
1754123449.66546,0,-5,-55
1754123449.70446,2,-4,-56
1754123449.74246,-5,-6,-59
1754123449.77846,0,1,-56
1754123449.8154602,-6,-2,-68
1754123449.85446,-3,-3,-56
1754123449.89246,-2,8,-65
1754123449.92846,-2,4,-57
1754123449.96646,1,3,-56
1754123450.00446,0,-7,-59
1754123450.04346,-1,-2,-64
1754123450.07946,-2,-3,-68
1754123450.11746,-1,3,-69
1754123450.15646,-3,-1,-69
1754123450.1944602,8,0,-64
1754123450.23246,2,-4,-61
1754123450.26846,-1,-4,-73
1754123450.30646,-5,-1,-69
1754123450.34446,-1,-4,-56
1754123450.38346,5,3,-57
1754123450.41946,6,5,-65
1754123450.45646,-4,-2,-60
1754123450.49546,-3,-4,-71
1754123450.53346,-5,0,-66
1754123450.5694602,-3,0,-68
1754123450.60746,-6,2,-61
1754123450.64546,-1,0,-65
1754123450.6844602,0,-1,-77
1754123450.7204602,-4,-11,-60
1754123450.75846,1,-8,-55
1754123450.7964602,4,-6,-60
1754123450.83446,6,-3,-68
1754123450.87346,10,0,-64
1754123450.90946,4,-1,-56
1754123450.9474602,1,-4,-63
1754123450.98546,8,-2,-67
1754123451.02446,-5,0,-61
1754123451.06046,-7,2,-56
1754123451.09946,3,-2,-57
1754123451.13646,-4,-6,-54
1754123451.1744602,-5,2,-59
1754123451.2134602,5,6,-67
1754123451.24946,1,4,-69
1754123451.2864602,1,4,-67
1754123451.32446,6,1,-63
1754123451.36346,-3,-3,-67
1754123451.39946,0,1,-50
1754123451.43646,-4,-1,-55
1754123451.47446,1,-2,-58
1754123451.5134602,2,0,-73
1754123451.5494602,2,-5,-66
1754123451.58746,1,-1,-67
1754123451.62546,-2,1,-68
1754123451.6644602,-2,-1,-62
1754123451.7004602,-5,-4,-70
1754123451.73846,1,-6,-59
1754123451.7764602,-2,-7,-68
1754123451.8154602,-1,-2,-74
1754123451.85346,1,0,-52
1754123451.88946,0,0,-58
1754123451.92646,2,4,-58
1754123451.96546,8,2,-60
1754123452.0034602,4,0,-60
1754123452.0394602,1,-6,-62
1754123452.07646,6,-4,-61
1754123452.1154602,-3,-2,-49
1754123452.15346,-1,0,-64
1754123452.18946,-3,0,-65
1754123452.22646,1,3,-62
1754123452.26546,-2,-3,-58
1754123452.30346,-2,-2,-47
1754123452.33946,-7,-2,-50
1754123452.37746,-6,-9,-56
1754123452.41646,-3,-3,-52
1754123452.45446,0,-4,-67
1754123452.4904602,1,-5,-55
1754123452.5294602,3,-5,-54
1754123452.56646,-1,0,-65
1754123452.6054602,1,-2,-68
1754123452.64346,2,1,-59
1754123452.67946,0,7,-61
1754123452.7174602,4,-2,-75
1754123452.75546,2,-3,-72
1754123452.79446,-4,-3,-57
1754123452.83046,1,-2,-71
1754123452.8684602,1,-3,-60
1754123452.9074602,1,-3,-51
1754123452.94546,0,-1,-58
1754123452.9834602,-2,-2,-66
1754123453.02046,0,-8,-58
1754123453.05746,0,0,-65
1754123453.09646,-2,-4,-59
1754123453.1344602,-3,-1,-52
1754123453.17046,-5,5,-62
1754123453.2074602,-4,5,-68
1754123453.2464602,-5,0,-76
1754123453.28446,-4,0,-63
1754123453.32046,-4,-4,-60
1754123453.3584602,-6,-7,-63
1754123453.39646,-10,2,-54
1754123453.43546,-3,3,-69
1754123453.47146,-5,0,-64
1754123453.5094602,0,1,-59
1754123453.54746,-3,2,-68
1754123453.5854602,-2,-2,-56
1754123453.62446,0,-5,-53
1754123453.66046,3,0,-61
1754123453.69846,1,0,-60
1754123453.7364602,3,-2,-60
1754123453.77546,0,-1,-68
1754123453.81146,3,1,-63
1754123453.8484602,-2,-6,-65
1754123453.88646,-8,-5,-66
1754123453.93046,3,-4,-55
1754123453.96846,4,-2,-60
1754123454.0064602,-2,3,-63
1754123454.04546,4,10,-56
1754123454.08146,0,7,-54
1754123454.1184602,-8,1,-66
1754123454.15646,-2,0,-68
1754123454.19546,-2,1,-73
1754123454.23146,-1,-8,-67
1754123454.2694602,-1,-6,-63
1754123454.30746,2,0,-53
1754123454.34646,3,-2,-53
1754123454.3844602,6,0,-63
1754123454.4214602,-1,-1,-67
1754123454.45846,0,0,-71
1754123454.4964602,-2,-4,-65
1754123454.53546,-3,3,-47
1754123454.57146,1,2,-51
1754123454.6084602,0,3,-49
1754123454.64646,-1,1,-51
1754123454.68546,-3,-5,-48
1754123454.72146,6,-5,-51
1754123454.7594602,3,-5,-62
1754123454.79746,-3,-9,-67
1754123454.83646,-11,-4,-73
1754123454.87446,-4,4,-67
1754123454.91046,2,-2,-64
1754123454.9474602,2,-1,-59
1754123454.9864602,-9,-6,-65
1754123455.02446,0,-4,-63
1754123455.06046,2,1,-65
1754123455.09746,0,5,-70
1754123455.13646,-9,6,-71
1754123455.17246,-1,4,-59
1754123455.2104602,-1,1,-73
1754123455.24846,-1,2,-76
1754123455.2864602,-1,-1,-70
1754123455.3254602,2,-4,-66
1754123455.3614602,-6,1,-73
1754123455.39946,-1,-11,-62
1754123455.43846,0,0,-70
1754123455.47646,2,-4,-64
1754123455.51246,6,-2,-55
1754123455.55146,0,0,-65
1754123455.5884602,2,3,-61
1754123455.62646,4,-2,-61
1754123455.66546,12,-8,-67
1754123455.70146,8,0,-58
1754123455.73846,2,-2,-60
1754123455.7764602,1,4,-56
1754123455.8154602,0,0,-59
1754123455.85146,-4,6,-65
1754123455.88946,0,1,-57
1754123455.9274602,0,-1,-66
1754123455.96646,2,-3,-54
1754123456.00246,3,-2,-64
1754123456.04046,-3,-2,-61
1754123456.07846,1,3,-55
1754123456.11746,0,-1,-55
1754123456.15546,4,-1,-58
1754123456.19146,6,1,-62
1754123456.22846,3,0,-66
1754123456.26746,0,-3,-72
1754123456.30546,3,-7,-72
1754123456.34146,3,-4,-68
1754123456.3784602,-3,3,-69
1754123456.4174602,0,-1,-65
1754123456.45546,2,-5,-64
1754123456.49146,7,-2,-64
1754123456.52846,0,6,-62
1754123456.56746,0,-1,-59
1754123456.6054602,-3,-3,-55
1754123456.6414602,-4,-4,-71
1754123456.67946,-4,-4,-54
1754123456.71846,-3,-3,-54
1754123456.7564602,-4,-3,-56
1754123456.7924602,7,-4,-62
1754123456.82946,-1,-6,-67
1754123456.8684602,5,0,-59
1754123456.90646,-2,-6,-52
1754123456.94246,9,-8,-59
1754123456.97946,-5,2,-71
1754123457.01846,-4,-8,-70
1754123457.05646,-4,1,-56
1754123457.0924602,-5,-8,-66
1754123457.13046,1,-1,-70
1754123457.16846,-3,-1,-67
1754123457.2074602,-6,0,-60
1754123457.24546,-8,-1,-59
1754123457.2824602,0,-12,-70
1754123457.32046,-1,-4,-71
1754123457.35946,0,-1,-71
1754123457.39746,1,2,-62
1754123457.43546,2,-1,-64
1754123457.47146,0,0,-61
1754123457.50846,-4,2,-66
1754123457.54746,-2,-1,-65
1754123457.58346,0,1,-74
1754123457.62046,0,9,-71
1754123457.65946,2,5,-66
1754123457.6974602,-3,1,-72
1754123457.7334602,-1,-1,-71
1754123457.77146,4,-1,-49
1754123457.8094602,2,1,-62
1754123457.8484602,5,0,-66
1754123457.88646,1,-2,-61
1754123457.92246,-6,-1,-66
1754123457.9604602,-5,1,-63
1754123457.99846,-5,0,-62
1754123458.03746,-5,5,-52
1754123458.07346,-3,7,-66
1754123458.11046,-2,9,-68
1754123458.14846,1,2,-58
1754123458.1874602,8,-2,-62
1754123458.2234602,5,-6,-63
1754123458.26046,5,-4,-68
1754123458.29846,3,-2,-63
1754123458.33746,-4,-2,-62
1754123458.37346,0,-3,-80
1754123458.41046,6,-5,-70
1754123458.44846,5,-4,-64
1754123458.48746,4,-1,-54
1754123458.52346,4,-6,-64
1754123458.56046,-4,1,-63
1754123458.5984602,-9,-9,-70
1754123458.63746,-3,-4,-71
1754123458.67346,-5,-4,-65
1754123458.71146,-2,-10,-67
1754123458.74946,-4,-3,-53
1754123458.78846,-2,1,-57
1754123458.82646,2,-5,-58
1754123458.86246,3,0,-51
1754123458.89946,4,1,-47
1754123458.93846,0,-5,-48
1754123458.97646,0,-2,-61
1754123459.01246,9,-7,-57
1754123459.05046,-2,-6,-50
1754123459.0884602,2,0,-60
1754123459.12746,3,6,-66
1754123459.16346,4,0,-55
1754123459.20146,4,0,-58
1754123459.23946,7,-9,-60
1754123459.27846,5,-1,-59
1754123459.31646,0,6,-57
1754123459.35246,-3,4,-64
1754123459.39046,-2,1,-50
1754123459.42846,1,-2,-54
1754123459.46646,0,2,-66
1754123459.50246,2,0,-60
1754123459.54046,2,-4,-63
1754123459.57846,0,3,-68
1754123459.61646,0,1,-62
1754123459.65246,-1,3,-59
1754123459.6904602,1,0,-54
1754123459.72846,-5,-4,-60
1754123459.76446,-7,-3,-59
1754123459.80346,-10,2,-70
1754123459.84046,1,-8,-74
1754123459.8784602,2,0,-66
1754123459.9174602,0,-1,-64
1754123459.95346,0,-2,-61
1754123459.9904602,2,0,-63
1754123460.02846,0,0,-52
1754123460.06746,3,-3,-52
1754123460.10346,2,-5,-66
1754123460.14046,5,-4,-73
1754123460.17846,-3,2,-62
1754123460.2174602,-1,2,-56
1754123460.2534602,-7,8,-57
1754123460.29146,-2,0,-73
1754123460.32946,-3,5,-72
1754123460.3684602,-2,1,-73
1754123460.4044602,0,-3,-71
1754123460.44146,1,3,-78
1754123460.47946,3,2,-59
1754123460.51846,6,-3,-74
1754123460.55446,1,-5,-66
1754123460.5924602,3,0,-60
1754123460.63046,7,8,-71
1754123460.66846,7,2,-80
1754123460.7074602,6,-8,-76
1754123460.7434602,0,-1,-60
1754123460.78146,5,-5,-67
1754123460.82046,0,1,-73
1754123460.8584602,0,0,-72
1754123460.8944602,5,0,-66
1754123460.93146,8,9,-74
1754123460.9704602,0,7,-76
1754123461.00846,0,-2,-67
1754123461.04446,4,-2,-62
1754123461.08346,-1,-1,-58
1754123461.12046,-1,6,-63
1754123461.15946,5,2,-63
1754123461.1974602,3,0,-63
1754123461.2334602,0,-5,-53
1754123461.27146,4,-3,-53
1754123461.3094602,4,0,-69
1754123461.3484602,1,-7,-64
1754123461.3844602,6,-6,-61
1754123461.42246,1,-4,-64
1754123461.46146,0,-9,-70
1754123461.49946,-2,-3,-61
1754123461.53746,-7,-10,-65
1754123461.57446,-5,-2,-74
1754123461.6114602,-1,-2,-68
1754123461.65046,0,-3,-63
1754123461.68846,-5,-5,-65
1754123461.72446,-2,-5,-62
1754123461.76246,-5,-2,-61
1754123461.80046,-2,-5,-67
1754123461.83946,-2,-3,-66
1754123461.87746,-1,4,-53
1754123461.91346,-1,5,-62
1754123461.9504602,-2,-2,-58
1754123461.98946,-5,-1,-57
1754123462.02546,-12,-1,-65
1754123462.06346,-4,-2,-68
1754123462.10146,-2,1,-66
1754123462.13946,0,-2,-59
1754123462.17846,-4,-4,-62
1754123462.21446,0,-2,-67
1754123462.25246,3,-6,-61
1754123462.29146,-7,-2,-69
1754123462.32946,4,0,-63
1754123462.3654602,-2,-2,-50
1754123462.4044602,0,1,-68
1754123462.44146,1,-1,-74
1754123462.47946,2,-5,-66
1754123462.51846,-2,0,-70
1754123462.55446,1,-1,-67
1754123462.5924602,0,0,-72
1754123462.63046,-1,1,-64
1754123462.66946,2,-2,-61
1754123462.70546,-3,-3,-61
1754123462.7434602,-5,-1,-70
1754123462.78146,-11,1,-63
1754123462.8194602,3,-6,-61
1754123462.8584602,4,-3,-55
1754123462.8944602,4,-2,-62
1754123462.93146,2,1,-65
1754123462.9704602,0,2,-64
1754123463.00846,4,5,-61
1754123463.04446,2,0,-59
1754123463.08146,4,-3,-71
1754123463.12046,7,-7,-61
1754123463.15846,5,-5,-62
1754123463.1944602,0,-4,-63
1754123463.23146,3,-7,-55
1754123463.27046,4,-1,-66
1754123463.30846,-1,-3,-62
1754123463.34446,0,0,-70
1754123463.3814602,-3,-7,-67
1754123463.42046,6,-1,-58
1754123463.45846,2,2,-62
1754123463.49446,8,0,-60
1754123463.53146,2,-2,-53
1754123463.57046,0,2,-63
1754123463.6084602,5,-2,-66
1754123463.6444602,4,-5,-63
1754123463.68146,2,-12,-64
1754123463.7204602,13,-2,-65
1754123463.75846,-3,-2,-63
1754123463.79446,-2,0,-59
1754123463.83146,2,6,-59
1754123463.87046,-2,0,-72
1754123463.90846,4,-2,-72
1754123463.95146,2,-4,-68
1754123463.9904602,-2,-1,-75
1754123464.02846,-2,-5,-56
1754123464.06446,0,1,-55
1754123464.10146,2,1,-66
1754123464.14046,-12,-3,-59
1754123464.17846,-1,-1,-66
1754123464.21446,0,1,-61
1754123464.25146,-1,-1,-60
1754123464.29046,-2,0,-67
1754123464.32646,1,0,-58
1754123464.36346,6,-1,-55
1754123464.4014602,4,-7,-57
1754123464.4404602,2,-3,-56
1754123464.47646,-7,0,-59
1754123464.51446,-8,6,-58
1754123464.5524602,-4,6,-58
1754123464.59046,-4,0,-58
1754123464.62946,-2,5,-56
1754123464.66546,1,0,-56
1754123464.70346,-5,-2,-70
1754123464.74146,0,-3,-73
1754123464.78046,5,1,-61
1754123464.81646,6,-1,-69
1754123464.8554602,3,-5,-61
1754123464.89246,10,2,-71
1754123464.93046,7,-3,-70
1754123464.96946,1,-2,-66
1754123465.00546,3,3,-67
1754123465.0424602,0,2,-62
1754123465.08046,2,6,-64
1754123465.11946,2,0,-60
1754123465.15546,0,1,-74
1754123465.19246,-3,2,-59
1754123465.2304602,-4,-4,-69
1754123465.2694602,-2,-2,-61
1754123465.30546,2,-8,-57
1754123465.3424602,0,1,-58
1754123465.3814602,1,-2,-70
1754123465.41946,1,-2,-67
1754123465.45546,1,-2,-64
1754123465.4934602,2,-4,-62
1754123465.53146,-6,-3,-66
1754123465.5694602,4,0,-70
1754123465.6054602,-3,-2,-71
1754123465.64346,-8,-3,-72
1754123465.68146,7,-2,-69
1754123465.7204602,-1,-2,-69
1754123465.7564602,-2,0,-64
1754123465.79446,2,-4,-64
1754123465.8324602,2,2,-62
1754123465.8714602,-3,0,-71
1754123465.90946,-1,3,-74
1754123465.94546,-3,4,-68
1754123465.9834602,5,5,-69
1754123466.02246,0,0,-60
1754123466.06046,2,0,-64
1754123466.09646,-3,-3,-58
1754123466.13546,-9,3,-71
1754123466.17246,-4,5,-63
1754123466.21146,0,-2,-65
1754123466.24946,-6,-2,-68
1754123466.28546,-1,-2,-64
1754123466.32346,-1,-2,-62
1754123466.3614602,2,-5,-55
1754123466.40046,-12,-3,-54
1754123466.43646,-6,-3,-58
1754123466.47446,-6,2,-57
1754123466.5134602,-9,3,-56
1754123466.55146,2,0,-58
1754123466.58946,-2,0,-64
1754123466.62646,-1,0,-61
1754123466.66346,7,1,-68
1754123466.70246,2,3,-65
1754123466.7404602,1,-1,-55
1754123466.7764602,-4,0,-57
1754123466.81446,0,1,-59
1754123466.85246,-3,3,-59
1754123466.8914602,3,2,-69
1754123466.9274602,5,1,-61
1754123466.96446,4,-1,-63
1754123467.00246,-1,0,-59
1754123467.04146,1,-6,-60
1754123467.07746,2,-2,-66
1754123467.1154602,-2,-6,-65
1754123467.15346,4,-5,-47
1754123467.19246,-4,-7,-66
1754123467.2304602,4,2,-55
1754123467.2664602,-5,-2,-53
1754123467.30446,5,-3,-46
1754123467.34346,1,-7,-66
1754123467.3814602,0,-6,-56
1754123467.4174602,3,-6,-60
1754123467.45546,2,0,-65
1754123467.49446,-4,-1,-66
1754123467.53146,-7,-3,-68
1754123467.57046,0,-2,-63
1754123467.60646,1,-1,-58
1754123467.6444602,-6,-6,-58
1754123467.68246,-2,-5,-74
1754123467.72146,0,-2,-61
1754123467.75746,-1,0,-63
1754123467.79546,-1,3,-58
1754123467.83346,4,1,-66
1754123467.87246,4,2,-54
1754123467.91046,3,-2,-67
1754123467.94646,1,2,-69
1754123467.98446,1,-2,-61
1754123468.02246,-3,3,-63
1754123468.06146,-4,4,-54
1754123468.09746,-7,-4,-66
1754123468.13546,-5,-3,-69
1754123468.17346,-3,0,-57
1754123468.21246,-1,2,-64
1754123468.25046,-6,-1,-70
1754123468.2864602,-5,0,-57
1754123468.32446,4,0,-46
1754123468.36246,-2,3,-60
1754123468.4014602,-10,0,-60
1754123468.4374602,-1,2,-56
1754123468.47546,-5,5,-57
1754123468.5134602,-6,4,-62
1754123468.5524602,-7,8,-66
1754123468.59046,0,1,-63
1754123468.62646,-1,0,-57
1754123468.66346,-7,-7,-53
1754123468.70246,-3,-3,-65
1754123468.7404602,4,-1,-76
1754123468.7764602,0,5,-77
1754123468.81346,0,3,-68
1754123468.85246,7,0,-66
1754123468.89046,7,-1,-68
1754123468.92646,6,-2,-65
1754123468.9634602,0,-3,-66
1754123469.00246,2,0,-68
1754123469.03846,3,1,-74
1754123469.0754602,0,6,-69
1754123469.11346,0,1,-60
1754123469.15246,-5,-7,-65
1754123469.18846,-3,0,-71
1754123469.22746,-4,4,-62
1754123469.26546,-3,6,-64
1754123469.3024602,0,10,-64
1754123469.34146,0,0,-60
1754123469.37746,6,-4,-56
1754123469.41546,12,-3,-67
1754123469.45446,5,-5,-68
1754123469.49246,5,-4,-64
1754123469.52846,2,-10,-69
1754123469.56646,-2,-2,-56
1754123469.60446,-2,-3,-63
1754123469.64246,1,1,-63
1754123469.68146,2,-7,-69
1754123469.7174602,0,-3,-61
1754123469.75546,-4,1,-67
1754123469.79346,0,0,-62
1754123469.8324602,2,-4,-61
1754123469.8684602,2,-2,-68
1754123469.90646,4,-6,-67
1754123469.9444602,-2,-8,-64
1754123469.9834602,4,-7,-55
1754123470.02146,-3,-8,-66
1754123470.05746,-1,-4,-56
1754123470.0954602,-3,0,-54
1754123470.13346,-1,4,-71
1754123470.17246,0,0,-64
1754123470.20846,0,1,-56
1754123470.24546,5,1,-64
1754123470.28346,0,0,-69
1754123470.3224602,0,-4,-72
1754123470.3584602,-2,-3,-63
1754123470.39746,6,-3,-61
1754123470.4344602,6,2,-49
1754123470.4734602,3,1,-68
1754123470.51146,0,3,-62
1754123470.54746,-2,3,-66
1754123470.5854602,-3,6,-69
1754123470.62346,2,0,-64
1754123470.66246,6,-1,-57
1754123470.69846,-1,-1,-56
1754123470.7364602,-1,0,-66
1754123470.77546,5,5,-63
1754123470.81346,4,0,-63
1754123470.85146,4,-3,-64
1754123470.88746,1,-7,-65
1754123470.92546,-3,0,-59
1754123470.9634602,-4,-3,-57
1754123471.00246,1,3,-66
1754123471.03846,-1,-6,-65
1754123471.07646,-2,0,-70
1754123471.11446,1,-5,-67
1754123471.15346,9,0,-65
1754123471.18946,8,-3,-66
1754123471.22646,3,-2,-71
1754123471.26446,1,-2,-67
1754123471.30346,-9,-3,-69
1754123471.33946,-4,0,-60
1754123471.37746,-2,-5,-59
1754123471.41546,2,0,-68
1754123471.45346,1,1,-67
1754123471.49246,-2,-4,-71
1754123471.52846,-6,-2,-65
1754123471.56646,5,-2,-57
1754123471.6054602,1,-6,-61
1754123471.64346,9,-3,-59
1754123471.67946,6,-1,-61
1754123471.7174602,3,-7,-60
1754123471.75546,1,-5,-65
1754123471.79346,4,-3,-57
1754123471.8324602,-5,-2,-73
1754123471.8684602,0,-3,-62
1754123471.90546,-1,2,-60
1754123471.94346,3,-8,-57
1754123471.98246,-2,-8,-67
1754123472.01846,-2,-5,-72
1754123472.05646,-2,-3,-57
1754123472.09446,-2,0,-57
1754123472.13346,-3,-5,-58
1754123472.16946,-1,-7,-55
1754123472.2074602,-1,-6,-52
1754123472.2464602,1,0,-59
1754123472.28446,0,2,-69
1754123472.3224602,-5,-2,-66
1754123472.3584602,-5,-4,-73
1754123472.39646,3,4,-54
1754123472.4344602,-2,-14,-66
1754123472.4734602,-6,-6,-67
1754123472.5094602,-1,-1,-54
1754123472.54746,4,0,-57
1754123472.5854602,2,-4,-66
1754123472.62446,-2,4,-64
1754123472.66246,3,0,-62
1754123472.69846,-6,-4,-65
1754123472.7364602,-1,-5,-73
1754123472.77446,3,0,-66
1754123472.81346,-2,-2,-54
1754123472.84946,3,0,-59
1754123472.88646,6,1,-61
1754123472.9244602,-2,-1,-61
1754123472.9634602,-7,-11,-59
1754123472.99946,1,-9,-64
1754123473.03746,6,-4,-68
1754123473.07646,5,-4,-70
1754123473.11446,1,2,-63
1754123473.15246,-4,1,-71
1754123473.18846,-5,-4,-68
1754123473.22646,-9,3,-62
1754123473.26446,-3,-4,-67
1754123473.30346,-2,3,-71
1754123473.33946,0,1,-62
1754123473.37646,1,-1,-55
1754123473.4144602,-1,-1,-64
1754123473.45346,0,0,-68
1754123473.48946,-5,-5,-56
1754123473.52746,1,-9,-62
1754123473.5654602,-2,-6,-62
1754123473.60446,1,-1,-68
1754123473.64046,4,3,-72
1754123473.6774602,5,-4,-62
1754123473.71546,0,-2,-71
1754123473.75446,-6,0,-71
1754123473.79046,-2,0,-63
1754123473.82846,-1,-2,-63
1754123473.86646,3,-3,-68
1754123473.9044602,0,0,-62
1754123473.94346,-2,-3,-54
1754123473.98746,1,0,-61
1754123474.0264602,11,2,-53
1754123474.06446,-2,2,-55
1754123474.10046,-7,-3,-52
1754123474.1384602,8,-5,-65
1754123474.17646,0,-2,-57
1754123474.21446,3,-1,-56
1754123474.2534602,1,-1,-70
1754123474.2894602,-3,-4,-71
1754123474.32746,-4,-2,-73
1754123474.3654602,-1,-7,-64
1754123474.4044602,-6,2,-65
1754123474.4404602,-1,-4,-60
1754123474.47846,-7,-2,-49
1754123474.5164602,-3,1,-55
1754123474.55546,5,-5,-55
1754123474.59346,7,-5,-74
1754123474.62946,6,-3,-83
1754123474.6674602,2,-2,-61
1754123474.70546,4,-3,-69
1754123474.74446,-3,0,-71
1754123474.78046,-5,-1,-69
1754123474.81846,0,1,-63
1754123474.85646,2,-3,-54
1754123474.89546,-4,-1,-44
1754123474.93346,0,7,-52
1754123474.96946,-5,7,-58
1754123475.0064602,-5,5,-55
1754123475.04546,-5,-5,-57
1754123475.08346,-5,-6,-65
1754123475.11946,-1,-3,-73
1754123475.1574602,-3,-2,-69
1754123475.19646,-9,0,-67
1754123475.23446,-2,-4,-67
1754123475.27046,-3,2,-64
1754123475.30846,0,4,-61
1754123475.34646,1,-3,-65
1754123475.38546,5,3,-65
1754123475.42346,5,-6,-74
1754123475.45946,-4,1,-66
1754123475.49846,2,2,-67
1754123475.53546,7,0,-67
1754123475.57446,3,-2,-69
1754123475.61046,0,-2,-64
1754123475.64846,-5,-4,-59
1754123475.68646,-5,-6,-57
1754123475.72546,-2,-7,-65
1754123475.7634602,-5,-1,-66
1754123475.7994602,-2,-8,-62
1754123475.83746,-4,-4,-62
1754123475.87546,0,1,-66
1754123475.9144602,-2,2,-67
1754123475.9504602,0,-1,-62
1754123475.98846,0,-5,-65
1754123476.02746,2,-5,-52
1754123476.0654602,6,-1,-51
1754123476.10146,-2,1,-58
1754123476.13946,4,-1,-64
1754123476.1774602,5,-5,-60
1754123476.21546,5,-3,-60
1754123476.25446,5,-7,-53
1754123476.29046,-1,0,-56
1754123476.32846,4,6,-58
1754123476.36646,-1,4,-49
1754123476.40546,-3,-2,-59
1754123476.44146,-3,-5,-55
1754123476.47946,4,-4,-67
1754123476.51746,-3,1,-69
1754123476.55546,7,0,-68
1754123476.59446,2,-8,-61
1754123476.63046,0,2,-59
1754123476.6674602,0,-1,-65
1754123476.70546,-3,2,-71
1754123476.74446,0,1,-66
1754123476.78046,-2,6,-70
1754123476.81746,-3,6,-62
1754123476.85646,1,-2,-62
1754123476.8944602,5,1,-55
1754123476.93046,-1,0,-61
1754123476.9674602,-2,1,-61
1754123477.0064602,1,11,-65
1754123477.04446,-1,5,-58
1754123477.08046,-8,3,-54
1754123477.1184602,-6,1,-63
1754123477.15646,-6,-1,-73
1754123477.19546,-5,0,-70
1754123477.23246,-1,0,-71
1754123477.2694602,-7,-7,-70
1754123477.30746,4,-2,-68
1754123477.34646,3,0,-57
1754123477.3844602,1,-8,-67
1754123477.42046,2,-3,-60
1754123477.45846,2,-4,-61
1754123477.4964602,-9,-1,-64
1754123477.53546,0,7,-54
1754123477.57146,2,-1,-56
1754123477.60946,-2,0,-73
1754123477.64746,1,-4,-67
1754123477.68646,3,-4,-59
1754123477.72446,-7,0,-62
1754123477.76046,0,6,-66
1754123477.79746,3,0,-58
1754123477.83646,-3,2,-65
1754123477.87446,0,1,-64
1754123477.91046,-3,0,-63
1754123477.94946,-6,3,-54
1754123477.9864602,2,2,-57
1754123478.02546,2,-8,-54
1754123478.06146,1,-9,-58
1754123478.09946,-4,0,-55
1754123478.13646,-4,-2,-75
1754123478.17546,-2,-4,-65
1754123478.21146,-1,3,-58
1754123478.24946,-1,4,-63
1754123478.2864602,3,-4,-73
1754123478.3254602,-1,-2,-57
1754123478.3614602,0,0,-57
1754123478.39946,-7,6,-55
1754123478.43646,-1,6,-62
1754123478.47546,-1,1,-61
1754123478.51146,0,-7,-71
1754123478.54846,0,2,-78
1754123478.58646,5,0,-76
1754123478.62546,2,1,-63
1754123478.6614602,0,-4,-64
1754123478.69946,5,-9,-69
1754123478.7364602,5,-3,-67
1754123478.77546,7,4,-62
1754123478.81146,5,2,-59
1754123478.8484602,4,2,-72
1754123478.88646,2,2,-63
1754123478.92546,0,5,-62
1754123478.96146,-9,-1,-56
1754123478.99946,-3,9,-61
1754123479.03746,7,3,-60
1754123479.07646,-4,0,-55
1754123479.11246,-3,2,-54
1754123479.15046,2,0,-58
1754123479.18846,0,0,-74
1754123479.22746,-2,-7,-69
1754123479.26546,-3,-2,-72
1754123479.30146,-5,1,-66
1754123479.33946,-6,-2,-61
1754123479.37746,2,-1,-61
1754123479.41646,-2,0,-70
1754123479.45246,0,7,-70
1754123479.48946,-5,2,-63
1754123479.52746,6,-2,-57
1754123479.56646,1,3,-61
1754123479.60246,1,0,-59
1754123479.63946,-3,-1,-58
1754123479.6774602,1,5,-68
1754123479.71646,1,-2,-75
1754123479.75246,0,-5,-80
1754123479.79046,3,-4,-74
1754123479.82946,0,-5,-68
1754123479.86746,-4,1,-68
1754123479.90546,-6,-2,-67
1754123479.94246,-8,0,-62
1754123479.97946,0,3,-68
1754123480.01746,0,0,-68
1754123480.05646,7,2,-62
1754123480.0924602,3,-1,-63
1754123480.13046,-3,1,-70
1754123480.16846,-1,1,-73
1754123480.2074602,-2,-4,-65
1754123480.24546,4,0,-73
1754123480.28146,1,-1,-71
1754123480.32046,0,2,-64
1754123480.35746,-1,4,-64
1754123480.39646,-1,6,-62
1754123480.43246,0,-3,-68
1754123480.4704602,-1,3,-59
1754123480.5094602,-4,0,-65
1754123480.54746,3,0,-67
1754123480.58346,-1,-1,-59
1754123480.6214602,1,-4,-58
1754123480.65946,0,1,-52
1754123480.6974602,0,-5,-59
1754123480.7364602,-3,-4,-77
1754123480.77246,3,3,-76
1754123480.8094602,1,-3,-73
1754123480.84746,0,0,-60
1754123480.88646,1,6,-75
1754123480.92246,1,8,-65
1754123480.95946,-1,2,-58
1754123480.99746,-1,0,-53
1754123481.0364602,6,-2,-65
1754123481.0724602,0,0,-66
1754123481.10946,0,-4,-58
1754123481.14746,2,-1,-60
1754123481.18646,4,-3,-62
1754123481.22246,5,-7,-60
1754123481.2594602,1,0,-57
1754123481.29846,2,0,-61
1754123481.33646,-1,0,-72
1754123481.37246,0,-7,-63
1754123481.40946,2,-5,-61
1754123481.44846,12,-3,-63
1754123481.4864602,2,0,-65
1754123481.52246,0,-2,-65
1754123481.56046,-7,1,-64
1754123481.5984602,-5,-5,-61
1754123481.63746,-4,-1,-68
1754123481.67346,0,-2,-65
1754123481.71146,0,5,-70
1754123481.74946,6,-3,-61
1754123481.78846,-9,-6,-65
1754123481.82646,-1,6,-53
1754123481.86246,4,5,-53
1754123481.89946,-1,2,-56
1754123481.93846,2,3,-55
1754123481.97646,0,0,-68
1754123482.01246,8,-6,-74
1754123482.05046,-3,0,-66
1754123482.0884602,-6,4,-49
1754123482.12746,-2,0,-53
1754123482.16346,2,-3,-58
1754123482.20146,0,0,-58
1754123482.23946,0,-2,-67
1754123482.27846,2,-6,-69
1754123482.31646,-1,0,-70
1754123482.35246,0,6,-69
1754123482.39046,-3,7,-64
1754123482.42846,-9,4,-64
1754123482.4674602,-5,0,-62
1754123482.5034602,-1,-3,-54
1754123482.54146,3,1,-63
1754123482.58046,-3,1,-68
1754123482.6184602,-2,-1,-51
1754123482.6544602,-1,2,-61
1754123482.69146,3,4,-70
1754123482.7304602,0,-1,-63
1754123482.76846,-3,7,-59
1754123482.80446,-9,1,-60
1754123482.84146,-11,0,-62
1754123482.88046,-9,1,-54
1754123482.91846,-3,-5,-64
1754123482.95446,-4,-5,-73
1754123482.9934602,4,-3,-65
1754123483.03046,4,-3,-60
1754123483.06846,0,-2,-55
1754123483.10746,0,4,-61
1754123483.14346,-5,0,-57
1754123483.18146,-4,1,-58
1754123483.21946,-4,-3,-65
1754123483.25846,-1,-6,-67
1754123483.29446,-1,-14,-65
1754123483.3324602,-1,-6,-62
1754123483.37046,6,-4,-64
1754123483.40846,8,-4,-67
1754123483.4474602,-5,-2,-71
1754123483.4834602,6,2,-68
1754123483.52146,5,-3,-64
1754123483.55846,3,2,-59
1754123483.59746,-1,0,-67
1754123483.63346,-2,-1,-65
1754123483.6714602,2,-3,-64
1754123483.7104602,-7,-7,-67
1754123483.74846,0,-5,-63
1754123483.78446,0,-2,-63
1754123483.8224602,-1,1,-66
1754123483.86046,6,-1,-62
1754123483.89946,0,-1,-72
1754123483.9374602,-6,2,-71
1754123483.9734602,0,-6,-55
1754123484.0194602,1,4,-57
1754123484.05746,0,-3,-66
1754123484.09346,-3,-5,-61
1754123484.1314602,-3,-5,-67
1754123484.17046,3,-2,-66
1754123484.20846,10,7,-69
1754123484.24446,0,0,-67
1754123484.28146,-3,-3,-62
1754123484.3194602,3,2,-71
1754123484.3584602,0,-2,-70
1754123484.3944602,1,3,-66
1754123484.43146,-3,4,-65
1754123484.46946,-1,2,-54
1754123484.50846,-9,4,-50
1754123484.54446,-6,1,-54
1754123484.5824602,-6,-1,-59
1754123484.62046,0,0,-67
1754123484.65946,4,-1,-67
1754123484.6974602,7,2,-57
1754123484.7334602,2,1,-55
1754123484.77046,2,3,-51
1754123484.8094602,-3,0,-54
1754123484.84746,0,-2,-63
1754123484.88346,-4,-3,-68
1754123484.92246,6,-5,-65
1754123484.95946,3,0,-62
1754123484.99846,2,4,-56
1754123485.03446,-3,5,-68
1754123485.0724602,-2,11,-75
1754123485.11046,0,-2,-61
1754123485.14946,2,-8,-58
1754123485.18546,0,-6,-57
1754123485.2234602,-5,-3,-57
1754123485.26146,-8,-5,-61
1754123485.2994602,-3,0,-66
1754123485.3384602,0,1,-64
1754123485.37446,0,0,-50
1754123485.4114602,0,1,-57
1754123485.44946,-5,6,-48
1754123485.48846,-1,-3,-61
1754123485.52446,2,0,-74
1754123485.56146,0,5,-65
1754123485.59946,5,0,-65
1754123485.6384602,1,1,-71
1754123485.6744602,1,3,-64
1754123485.71146,-1,0,-54
1754123485.74946,0,-3,-62
1754123485.78846,4,0,-56
1754123485.82446,2,-11,-55
1754123485.86246,4,-4,-61
1754123485.90046,7,-4,-58
1754123485.93946,3,1,-60
1754123485.97546,5,-2,-55
1754123486.0134602,3,0,-65
1754123486.05146,3,0,-73
1754123486.09046,0,0,-63
1754123486.1284602,-7,-3,-62
1754123486.1644602,-2,1,-62
1754123486.20246,-1,0,-75
1754123486.2404602,-2,2,-78
1754123486.2794602,0,1,-76
1754123486.3154602,-1,-4,-80
1754123486.35346,-3,-8,-66
1754123486.3914602,3,1,-70
1754123486.43046,-1,3,-67
1754123486.46846,4,0,-76
1754123486.50446,-4,-2,-71
1754123486.5424602,-3,3,-75
1754123486.58146,-1,0,-68
1754123486.61946,10,0,-59
1754123486.65546,4,0,-70
1754123486.69246,-6,-1,-74
1754123486.73146,-3,-1,-67
1754123486.7694602,-3,-7,-57
1754123486.80546,1,-9,-68
1754123486.8424602,-3,2,-58
1754123486.8814602,1,2,-54
1754123486.91946,1,1,-66
1754123486.95546,-5,2,-63
1754123486.99246,-6,4,-78
1754123487.03046,-2,2,-78
1754123487.0694602,4,-8,-71
1754123487.1054602,8,-2,-60
1754123487.14246,4,2,-68
1754123487.18146,2,-2,-50
1754123487.21946,4,6,-64
1754123487.25546,3,1,-68
1754123487.2924602,0,2,-73
1754123487.33046,-1,5,-71
1754123487.36946,3,10,-64
1754123487.40546,2,2,-64
1754123487.44246,-1,1,-57
1754123487.4804602,-7,2,-56
1754123487.5194602,0,-2,-59
1754123487.55546,4,-3,-61
1754123487.59346,0,1,-62
1754123487.63046,0,-2,-60
1754123487.66946,0,1,-65
1754123487.70546,2,0,-61
1754123487.7434602,0,3,-81
1754123487.78046,1,-2,-76
1754123487.8194602,-3,-1,-65
1754123487.8554602,-6,-3,-58
1754123487.89346,-1,2,-57
1754123487.93146,1,5,-69
1754123487.9704602,-4,0,-65
1754123488.0064602,4,-1,-60
1754123488.04446,3,-3,-61
1754123488.0824602,0,-7,-66
1754123488.12046,-5,0,-57
1754123488.15946,-5,-5,-53
1754123488.19546,-3,-4,-68
1754123488.2334602,-3,-5,-62
1754123488.27146,5,4,-72
1754123488.31046,-4,7,-64
1754123488.34646,2,6,-63
1754123488.3844602,4,2,-64
1754123488.42246,4,-7,-59
1754123488.46146,6,1,-70
1754123488.49946,2,0,-60
1754123488.53546,1,0,-59
1754123488.57346,-5,-3,-76
1754123488.6114602,-4,-6,-77
1754123488.65046,2,-8,-65
1754123488.68646,-4,-8,-71
1754123488.72446,-6,3,-69
1754123488.76246,-5,1,-62
1754123488.80146,-2,1,-60
1754123488.83946,-7,0,-51
1754123488.87546,-2,-4,-62
1754123488.91346,6,-6,-64
1754123488.95146,-4,-10,-73
1754123488.9904602,6,-7,-66
1754123489.0264602,2,1,-63
1754123489.0654602,-4,-1,-60
1754123489.10246,-3,4,-50
1754123489.1414602,-2,4,-60
1754123489.17946,9,0,-68
1754123489.21546,0,0,-56
1754123489.25246,0,9,-61
1754123489.29146,2,0,-58
1754123489.32946,-2,5,-66
1754123489.3654602,-1,5,-64
1754123489.40346,1,-6,-63
1754123489.44146,1,-5,-71
1754123489.4804602,1,1,-70
1754123489.5164602,0,3,-63
1754123489.55346,-4,5,-68
1754123489.59146,-7,-3,-54
1754123489.63046,0,5,-54
1754123489.66646,-7,2,-63
1754123489.70446,1,-2,-71
1754123489.74246,3,-7,-62
1754123489.78146,9,0,-60
1754123489.81746,3,0,-54
1754123489.85446,1,-1,-59
1754123489.89246,6,8,-67
1754123489.93146,1,6,-61
1754123489.9674602,-4,0,-71
1754123490.00546,-5,0,-72
1754123490.04346,-1,1,-67
1754123490.0824602,-1,-1,-61
1754123490.12046,1,-4,-62
1754123490.15646,-2,0,-54
1754123490.19546,-4,4,-49
1754123490.23246,5,3,-63
1754123490.27146,0,0,-50
1754123490.30746,0,-7,-55
1754123490.3454602,5,-4,-55
1754123490.38346,6,-1,-61
1754123490.4214602,4,-2,-62
1754123490.4604602,2,0,-61
1754123490.4964602,0,-9,-64
1754123490.53446,0,-1,-59
1754123490.5724602,-3,4,-58
1754123490.6114602,-6,1,-64
1754123490.64746,-3,5,-69
1754123490.68646,-7,-1,-74
1754123490.7234602,-10,-2,-64
1754123490.76246,-2,-5,-70
1754123490.80046,-2,-7,-71
1754123490.83646,5,-9,-65
1754123490.87446,3,-7,-68
1754123490.91246,-1,-4,-67
1754123490.95146,-4,3,-63
1754123490.98746,4,2,-61
1754123491.02446,0,0,-50
1754123491.0624602,0,2,-62
1754123491.10146,0,5,-62
1754123491.13746,0,-2,-64
1754123491.17546,0,2,-50
1754123491.2134602,3,-3,-45
1754123491.25246,-1,2,-57
1754123491.29046,-2,5,-72
1754123491.32646,-3,-1,-65
1754123491.36446,-1,-2,-57
1754123491.40346,-1,-2,-52
1754123491.44146,5,-6,-60
1754123491.47746,5,-4,-74
1754123491.51546,0,3,-77
1754123491.55346,0,2,-58
1754123491.5924602,-3,3,-56
1754123491.63046,4,9,-63
1754123491.66646,7,-4,-59
1754123491.70446,0,2,-60
1754123491.74246,-1,-5,-49
1754123491.78146,-2,2,-65
1754123491.81746,-3,-3,-68
1754123491.8554602,-3,-1,-71
1754123491.89346,-4,0,-58
1754123491.93246,2,-1,-61
1754123491.96846,-4,-5,-49
1754123492.0064602,2,0,-58
1754123492.04546,0,2,-55
1754123492.0824602,5,-3,-71
1754123492.1214602,-5,-2,-71
1754123492.1574602,5,1,-67
1754123492.1944602,3,-1,-58
1754123492.23246,-3,-1,-56
1754123492.27146,0,0,-64
1754123492.30746,0,-2,-61
1754123492.3454602,0,0,-65
1754123492.38346,-6,5,-70
1754123492.42246,-9,4,-65
1754123492.45846,-4,-4,-67
1754123492.4964602,2,3,-69
1754123492.53446,5,-3,-68
1754123492.57346,2,-2,-68
1754123492.6114602,7,-2,-60
1754123492.64746,3,-9,-65
1754123492.68546,5,-2,-53
1754123492.7234602,-3,2,-49
1754123492.76246,2,3,-55
1754123492.79846,-2,-1,-66
1754123492.83646,6,-2,-65
1754123492.87446,1,3,-47
1754123492.91346,1,0,-63
1754123492.95146,5,-7,-60
1754123492.98746,3,-7,-61
1754123493.02546,0,1,-57
1754123493.06346,2,-1,-68
1754123493.10246,0,-4,-69
1754123493.1384602,-4,-2,-65
1754123493.17646,-5,0,-73
1754123493.21446,-6,0,-63
1754123493.2534602,-10,-4,-57
1754123493.29146,-1,-5,-69
1754123493.32746,-5,2,-67
1754123493.3654602,1,-2,-65
1754123493.40346,10,-3,-57
1754123493.44246,0,-1,-71
1754123493.47846,1,1,-72
1754123493.5164602,4,5,-57
1754123493.55446,2,0,-63
1754123493.59346,-3,1,-57
1754123493.6314602,-7,-5,-58
1754123493.6674602,-4,2,-56
1754123493.70646,3,4,-68
1754123493.7434602,3,0,-54
1754123493.7824602,5,-1,-58
1754123493.81846,7,0,-56
1754123493.8554602,-5,2,-63
1754123493.89346,0,0,-73
1754123493.93246,-1,-3,-58
1754123493.96846,-1,1,-73
1754123494.00546,0,-5,-66
1754123494.05146,0,-6,-56
1754123494.08746,-8,0,-61
1754123494.12646,0,-3,-64
1754123494.16346,-2,-5,-62
1754123494.20246,0,-1,-70
1754123494.23846,1,-4,-71
1754123494.2764602,-2,-4,-64
1754123494.31446,4,-4,-58
1754123494.35346,-6,-3,-61
1754123494.38946,-5,-4,-65
1754123494.4274602,0,-2,-63
1754123494.46546,2,-2,-48
1754123494.5034602,6,-1,-69
1754123494.5424602,1,-5,-54
1754123494.57846,0,-2,-60
1754123494.61646,-1,-1,-60
1754123494.6544602,5,0,-53
1754123494.69346,-3,-7,-69
1754123494.72946,-7,-3,-69
1754123494.76746,-2,-2,-67
1754123494.80546,0,1,-67
1754123494.84346,-4,8,-61
1754123494.88246,2,2,-51
1754123494.91846,1,-2,-60
1754123494.95646,-3,-1,-66
1754123494.99546,-4,-1,-70
1754123495.03346,-5,2,-82
1754123495.07046,-5,0,-67
1754123495.10746,-4,-6,-62
1754123495.14546,-5,-4,-63
1754123495.1844602,-8,2,-54
1754123495.22246,0,-1,-47
1754123495.25846,-4,-4,-61
1754123495.2964602,2,5,-62
1754123495.33446,0,4,-46
1754123495.37346,5,2,-50
1754123495.40946,-2,-4,-68
1754123495.4474602,-3,-1,-59
1754123495.4864602,-2,-5,-57
1754123495.52446,-6,-3,-65
1754123495.5624602,0,-9,-69
1754123495.5984602,0,-4,-64
1754123495.63646,-4,-10,-68
1754123495.6744602,-4,-7,-69
1754123495.7134602,-6,-9,-73
1754123495.74946,-3,-5,-70
1754123495.78746,-3,0,-66
1754123495.8254602,-5,-1,-62
1754123495.86446,0,1,-57
1754123495.90246,0,2,-65
1754123495.93846,-5,5,-65
1754123495.97646,0,0,-61
1754123496.01446,1,-5,-57
1754123496.05346,3,-5,-54
1754123496.08946,0,-3,-52
1754123496.12746,0,-4,-52
1754123496.16646,3,-1,-60
1754123496.20446,-2,3,-60
1754123496.24246,0,3,-62
1754123496.27846,2,0,-64
1754123496.31646,5,-12,-63
1754123496.35446,8,-8,-63
1754123496.39346,0,-5,-69
1754123496.42946,-4,-3,-66
1754123496.4674602,0,-3,-70
1754123496.50546,6,2,-61
1754123496.54446,7,4,-59
1754123496.58046,5,-2,-58
1754123496.6184602,0,-1,-60
1754123496.65646,-2,-2,-63
1754123496.6944602,-8,-2,-57
1754123496.7334602,0,-10,-57
1754123496.7694602,-1,-11,-55
1754123496.80746,-1,0,-65
1754123496.8454602,4,-3,-65
1754123496.8844602,0,-4,-58
1754123496.92046,7,-2,-61
1754123496.95846,5,3,-61
1754123496.9964602,-2,-2,-57
1754123497.03446,-4,0,-58
1754123497.07346,0,4,-58
1754123497.10946,0,4,-59
1754123497.14646,5,0,-69
1754123497.1844602,-4,0,-65
1754123497.2234602,-9,-5,-56
1754123497.2594602,-6,-4,-46
1754123497.29746,-5,-4,-60
1754123497.33646,-2,-5,-60
1754123497.37446,-4,1,-59
1754123497.41046,-4,4,-58
1754123497.44846,-6,-5,-68
1754123497.4864602,-2,-5,-61
1754123497.52546,-5,-6,-59
1754123497.56346,-4,3,-68
1754123497.59946,-2,-4,-64
1754123497.63746,3,-4,-69
1754123497.67546,0,6,-57
1754123497.71446,-1,6,-61
1754123497.75046,-2,0,-60
1754123497.78846,-5,1,-60
1754123497.82646,-3,1,-48
1754123497.8654602,-2,1,-62
1754123497.90346,3,-2,-67
1754123497.93946,4,-4,-56
1754123497.97746,0,-3,-63
1754123498.0164602,7,6,-65
1754123498.05446,0,1,-68
1754123498.09046,3,-3,-67
1754123498.12946,0,0,-65
1754123498.16646,1,1,-62
1754123498.20546,0,-1,-65
1754123498.2434602,12,0,-70
1754123498.2794602,0,-3,-63
1754123498.31746,0,2,-61
1754123498.3554602,-8,-2,-59
1754123498.3944602,-2,2,-61
1754123498.43046,-5,-1,-63
1754123498.46846,-5,-8,-71
1754123498.5064602,1,-3,-70
1754123498.54546,-1,0,-62
1754123498.58346,-1,0,-66
1754123498.61946,1,-2,-67
1754123498.6574602,3,-6,-64
1754123498.69646,6,-2,-64
1754123498.73446,8,3,-58
1754123498.77046,2,-1,-64
1754123498.80846,0,2,-67
1754123498.84646,2,4,-59
1754123498.88546,-6,-6,-62
1754123498.9214602,-3,-6,-59
1754123498.95946,3,-6,-65
1754123498.99746,0,-3,-70
1754123499.03546,7,0,-62
1754123499.07446,0,-1,-67
1754123499.11046,-8,-4,-66
1754123499.14846,0,4,-59
1754123499.1874602,6,8,-71
1754123499.22546,-1,8,-65
1754123499.26146,1,2,-74
1754123499.29846,1,7,-54
1754123499.33746,1,3,-55
1754123499.37546,0,4,-80
1754123499.4114602,0,-6,-71
1754123499.4504602,-1,-2,-65
1754123499.48746,4,0,-71
1754123499.52546,3,0,-69
1754123499.56446,2,3,-64
1754123499.60046,-4,-1,-69
1754123499.6384602,-4,-1,-67
1754123499.67646,-1,2,-64
1754123499.71546,1,-2,-63
1754123499.75146,-1,-2,-64
1754123499.7894602,-6,-6,-71
1754123499.82846,-6,-2,-64
1754123499.86646,0,1,-60
1754123499.9044602,-8,-3,-68
1754123499.9404602,0,-2,-56
1754123499.97846,-7,1,-58
1754123500.0164602,0,-1,-67
1754123500.05546,1,2,-64
1754123500.09146,6,0,-60
1754123500.1284602,4,-6,-78
1754123500.16646,1,-3,-74
1754123500.20546,4,-4,-82
1754123500.24146,0,-1,-75
1754123500.27846,-5,0,-65
1754123500.31746,0,1,-52
1754123500.3554602,2,8,-61
1754123500.3914602,0,1,-58
1754123500.42846,1,2,-42
1754123500.4674602,-1,0,-55
1754123500.50546,-1,4,-58
1754123500.54146,4,1,-66
1754123500.57846,-5,-3,-68
1754123500.61746,-1,-3,-56
1754123500.65546,6,1,-48
1754123500.69146,9,-2,-53
1754123500.72846,5,-2,-58
1754123500.7664602,9,-1,-61
1754123500.80646,7,0,-53
1754123500.84446,0,-1,-55
1754123500.88046,-5,2,-66
1754123500.91846,9,-5,-68
1754123500.95646,-2,1,-65
1754123500.99546,3,0,-62
1754123501.03146,-5,4,-56
1754123501.0694602,-5,-3,-64
1754123501.1084602,-10,0,-62
1754123501.14646,0,1,-56
1754123501.18246,0,-2,-56
1754123501.22146,-2,-3,-61
1754123501.25846,0,1,-68
1754123501.2964602,-4,-2,-66
1754123501.3354602,-4,1,-65
1754123501.3714602,-1,0,-62
1754123501.40846,0,-1,-66
1754123501.4474602,-5,-3,-57
1754123501.48546,-8,-2,-67
1754123501.52146,-3,-9,-67
1754123501.5594602,-8,0,-66
1754123501.59746,1,0,-67
1754123501.63646,-1,-1,-72
1754123501.67246,-3,-1,-64
1754123501.7104602,-6,0,-63
1754123501.74846,8,5,-59
1754123501.7864602,-2,0,-62
1754123501.8254602,-8,-10,-50
1754123501.8614602,-5,-8,-61
1754123501.89946,-3,-5,-65
1754123501.9374602,6,-3,-77
1754123501.97646,5,-3,-69
1754123502.01246,2,-9,-70
1754123502.05046,-2,-3,-68
1754123502.0884602,0,-1,-74
1754123502.12746,-2,-2,-64
1754123502.16546,0,-2,-65
1754123502.20146,0,-3,-74
1754123502.23846,0,2,-70
1754123502.27746,3,3,-55
1754123502.3154602,9,-1,-55
1754123502.35146,5,0,-63
1754123502.3884602,6,-1,-67
1754123502.4274602,0,2,-63
1754123502.46546,-4,-8,-68
1754123502.50146,0,-2,-69
1754123502.5394602,-4,-4,-76
1754123502.57746,0,-5,-73
1754123502.61646,-2,-1,-71
1754123502.65246,0,-2,-71
1754123502.6904602,0,0,-56
1754123502.72846,-1,2,-66
1754123502.76746,-6,5,-66
1754123502.80546,-1,-1,-57
1754123502.84146,3,2,-56
1754123502.8784602,1,-2,-64
1754123502.9174602,2,-4,-68
1754123502.95546,4,-5,-66
1754123502.99146,1,0,-65
1754123503.02846,3,-1,-63
1754123503.06746,2,-3,-66
1754123503.1054602,-6,0,-75
1754123503.1414602,1,-3,-76
1754123503.17946,1,1,-60
1754123503.21846,-4,-4,-63
1754123503.2564602,-3,3,-60
1754123503.2924602,0,2,-62
1754123503.32946,4,0,-62
1754123503.3684602,-6,0,-52
1754123503.40646,-1,2,-50
1754123503.44246,0,2,-61
1754123503.47946,3,0,-60
1754123503.51846,5,-3,-55
1754123503.55646,5,0,-59
1754123503.5924602,4,-2,-64
1754123503.6314602,7,-1,-61
1754123503.66846,4,-4,-63
1754123503.7074602,5,-2,-55
1754123503.7434602,0,0,-55
1754123503.78146,-7,0,-60
1754123503.81846,3,0,-58
1754123503.85746,1,3,-67
1754123503.89346,2,-3,-64
1754123503.93146,-2,0,-56
1754123503.96946,-1,0,-59
1754123504.00746,-1,4,-72
1754123504.05146,-2,3,-70
1754123504.08946,-2,3,-60
1754123504.12746,-3,-2,-58
1754123504.16646,-3,-3,-76
1754123504.20246,-4,-3,-78
1754123504.2404602,-8,-6,-71
1754123504.27846,-7,4,-64
1754123504.31746,-11,-6,-65
1754123504.35346,-7,-6,-62
1754123504.3914602,-4,-2,-57
1754123504.42946,-1,1,-66
1754123504.46846,-5,1,-67
1754123504.5064602,-6,6,-73
1754123504.5424602,-4,3,-68
1754123504.57946,-1,-8,-59
1754123504.6184602,-12,-2,-63
1754123504.65646,-4,-3,-55
1754123504.69246,1,-5,-62
1754123504.7304602,2,-2,-61
1754123504.76846,-1,0,-52
1754123504.80746,0,-6,-55
1754123504.84346,6,1,-65
1754123504.8814602,-4,4,-59
1754123504.91846,-5,6,-58
1754123504.9574602,-4,1,-67
1754123504.9934602,0,-2,-61
1754123505.03146,-2,-1,-66
1754123505.0694602,-6,0,-68
1754123505.1084602,-5,0,-80
1754123505.14646,-4,2,-72
1754123505.18246,-1,-5,-68
1754123505.2204602,2,0,-70
1754123505.25846,0,4,-59
1754123505.29746,1,1,-62
1754123505.33346,-2,0,-69
1754123505.3714602,4,2,-63
1754123505.40946,1,-5,-65
1754123505.44846,-5,-5,-73
1754123505.4864602,-8,-5,-63
1754123505.52246,-1,-6,-62
1754123505.56046,1,1,-60
1754123505.5984602,-1,3,-66
1754123505.63746,7,3,-66
1754123505.67346,6,3,-68
1754123505.7104602,-3,2,-53
1754123505.74846,6,8,-68
1754123505.78746,3,1,-62
1754123505.82346,-5,-5,-55
1754123505.8614602,4,-7,-64
1754123505.89946,3,-4,-62
1754123505.93846,-2,1,-60
1754123505.97546,5,5,-57
1754123506.01246,-2,4,-64
1754123506.05046,8,4,-59
1754123506.0884602,0,0,-54
1754123506.12746,2,-4,-56
1754123506.16346,0,-1,-61
1754123506.20246,1,6,-62
1754123506.23946,-1,0,-61
1754123506.27846,3,0,-50
1754123506.31446,0,-2,-60
1754123506.35246,3,3,-74
1754123506.39046,6,0,-69
1754123506.42846,6,0,-69
1754123506.4674602,-1,2,-64
1754123506.5034602,-5,0,-64
1754123506.54046,8,2,-66
1754123506.57946,6,-7,-63
1754123506.61746,0,-6,-70
1754123506.65346,0,-7,-67
1754123506.6904602,0,-5,-66
1754123506.72946,5,0,-58
1754123506.76746,2,2,-61
1754123506.80346,1,3,-58
1754123506.84046,-3,3,-63
1754123506.87946,0,2,-60
1754123506.9174602,4,1,-49
1754123506.95346,4,-3,-61
1754123506.99146,3,2,-63
1754123507.0294602,4,-1,-67
1754123507.06846,-1,1,-67
1754123507.10446,-5,3,-72
1754123507.14246,1,1,-71
1754123507.18046,1,3,-75
1754123507.21946,-4,1,-55
1754123507.25746,2,-5,-53
1754123507.29346,-1,-5,-59
1754123507.3324602,0,0,-58
1754123507.36946,1,-4,-64
1754123507.40846,0,-1,-69
1754123507.4444602,-3,0,-72
1754123507.48246,6,-4,-64
1754123507.52046,6,0,-68
1754123507.5594602,1,3,-70
1754123507.59746,-6,4,-69
1754123507.63346,-12,2,-67
1754123507.67246,0,0,-71
1754123507.7104602,1,-5,-65
1754123507.74846,7,-1,-67
1754123507.78446,0,7,-59
1754123507.8224602,2,4,-67
1754123507.86046,-3,2,-70
1754123507.89946,5,-2,-69
1754123507.93546,3,-2,-70
1754123507.9734602,-2,-3,-67
1754123508.01046,0,0,-67
1754123508.0494602,-3,1,-64
1754123508.0854602,0,0,-59
1754123508.12346,-6,3,-51
1754123508.16046,-2,2,-49
1754123508.19946,-2,0,-61
1754123508.23546,-1,-1,-65
1754123508.27346,2,3,-68
1754123508.31146,3,-3,-63
1754123508.34946,-1,0,-67
1754123508.3884602,2,0,-72
1754123508.4244602,5,1,-66
1754123508.46146,0,-5,-69
1754123508.49946,-5,0,-71
1754123508.53846,-6,-2,-62
1754123508.57446,-6,2,-66
1754123508.61246,0,1,-73
1754123508.65046,1,0,-57
1754123508.68946,-8,-2,-66
1754123508.72546,-4,-1,-58
1754123508.7634602,3,1,-55
1754123508.80146,3,-1,-71
1754123508.83946,0,-1,-66
1754123508.8784602,0,-2,-51
1754123508.9144602,0,-2,-60
1754123508.95346,-3,0,-69
1754123508.9904602,-1,2,-59
1754123509.0294602,2,6,-64
1754123509.0654602,1,-1,-62
1754123509.10346,-7,-5,-65
1754123509.1414602,-6,-5,-54
1754123509.18046,2,0,-68
1754123509.21846,-3,-1,-65
1754123509.25446,-4,-7,-53
1754123509.2924602,-3,-13,-56
1754123509.33046,-2,-2,-55
1754123509.36946,-1,0,-55
1754123509.40646,2,0,-49
1754123509.44346,-3,0,-52
1754123509.48146,-2,1,-64
1754123509.52046,-3,0,-57
1754123509.55846,0,-1,-55
1754123509.59446,0,1,-67
1754123509.6314602,3,-13,-54
1754123509.67046,9,-2,-57
1754123509.70846,4,-1,-58
1754123509.74446,1,-1,-58
1754123509.78346,-6,-8,-50
1754123509.82046,-4,-6,-57
1754123509.85946,1,2,-56
1754123509.89546,-4,-5,-58
1754123509.93346,2,-2,-63
1754123509.97146,-2,3,-52
1754123510.01046,1,-1,-71
1754123510.04846,5,2,-62
1754123510.08446,-5,1,-63
1754123510.12346,-4,1,-65
1754123510.16046,-8,-2,-72
1754123510.19946,-6,-3,-61
1754123510.23546,-1,-4,-67
1754123510.27346,-1,0,-54
1754123510.31146,-3,-1,-59
1754123510.35046,-9,3,-63
1754123510.38646,3,5,-70
1754123510.4244602,7,-3,-67
1754123510.46146,6,-4,-61
1754123510.50046,2,-3,-57
1754123510.5364602,-2,0,-48
1754123510.57446,0,-2,-62
1754123510.61246,-5,0,-68
1754123510.65046,-2,1,-70
1754123510.68946,0,3,-64
1754123510.72546,-4,0,-57
1754123510.76246,-6,-4,-72
1754123510.80046,-6,-6,-51
1754123510.83946,1,-6,-56
1754123510.87546,-3,-12,-61
1754123510.91346,-9,-5,-58
1754123510.95146,-7,-3,-70
1754123510.9904602,2,5,-67
1754123511.0264602,2,-2,-64
1754123511.06446,-6,-1,-61
1754123511.10246,-5,-10,-53
1754123511.1414602,-6,1,-52
1754123511.17946,-3,-4,-61
1754123511.21546,-1,-9,-63
1754123511.25446,0,-5,-65
1754123511.29146,0,-5,-61
1754123511.33046,5,1,-56
1754123511.36646,2,-3,-61
1754123511.4044602,8,-1,-78
1754123511.44246,-2,4,-61
1754123511.48146,-3,-5,-69
1754123511.5194602,0,-3,-61
1754123511.55546,3,4,-58
1754123511.59346,1,-1,-67
1754123511.63246,12,4,-66
1754123511.67046,1,7,-52
1754123511.70646,0,2,-45
1754123511.7434602,8,-6,-47
1754123511.78146,9,-5,-48
1754123511.82046,5,-7,-60
1754123511.85646,2,2,-72
1754123511.89346,-2,-2,-58
1754123511.93146,-1,0,-56
1754123511.9704602,2,-4,-61
1754123512.0064602,0,0,-54
1754123512.04346,3,-7,-54
1754123512.08146,2,-8,-52
1754123512.12046,16,-10,-58
1754123512.15646,10,-10,-56
1754123512.1944602,0,-9,-60
1754123512.23246,-7,-1,-65
1754123512.27146,1,0,-56
1754123512.3094602,0,0,-61
1754123512.3454602,-4,-5,-54
1754123512.38346,-4,-10,-59
1754123512.4214602,-1,-3,-54
1754123512.4604602,-4,4,-53
1754123512.4964602,-7,0,-62
1754123512.53446,-3,-4,-60
1754123512.5724602,-4,0,-61
1754123512.6114602,-4,1,-58
1754123512.64746,-1,-2,-59
1754123512.68546,5,0,-60
1754123512.7234602,-2,4,-63
1754123512.76146,5,0,-59
1754123512.80046,0,2,-66
1754123512.83646,1,-7,-69
1754123512.87546,0,-2,-55
1754123512.91246,0,-4,-58
1754123512.95146,-2,-8,-67
1754123512.98746,-2,-7,-71
1754123513.02546,3,-3,-59
1754123513.06346,0,-1,-69
1754123513.10146,1,-5,-70
1754123513.14046,0,-2,-71
1754123513.17646,-2,-5,-73
1754123513.21446,4,-8,-75
1754123513.25246,2,-2,-61
1754123513.29146,3,-2,-52
1754123513.32746,0,3,-58
1754123513.3654602,-2,2,-59
1754123513.40346,0,-1,-70
1754123513.44246,0,5,-64
1754123513.4804602,-4,4,-55
1754123513.5164602,6,2,-51
1754123513.55346,-7,5,-58
1754123513.5924602,0,-6,-69
1754123513.63046,-4,-5,-75
1754123513.66646,-3,-2,-72
1754123513.70446,3,0,-69
1754123513.74246,5,0,-73
1754123513.78146,2,-2,-71
1754123513.81746,2,-2,-69
1754123513.8554602,1,2,-66
1754123513.89346,6,-1,-73
1754123513.93246,1,-3,-61
1754123513.9704602,0,-3,-59
1754123514.0064602,2,-2,-54
1754123514.04446,-1,-4,-62
1754123514.09046,-4,0,-62
1754123514.12646,-3,0,-61
1754123514.1644602,-2,-6,-64
1754123514.20246,-2,-2,-69
1754123514.24146,-9,-4,-79
1754123514.27746,1,-2,-68
1754123514.3154602,-3,-1,-63
1754123514.35346,-7,0,-58
1754123514.39246,-2,7,-69
1754123514.43046,-1,-7,-66
1754123514.46646,-4,-1,-61
1754123514.50546,3,-7,-64
1754123514.5424602,-7,-5,-72
1754123514.58146,0,-2,-63
1754123514.6184602,0,-1,-55
1754123514.65546,0,-5,-49
1754123514.69346,2,-9,-52
1754123514.7334602,3,2,-61
1754123514.77146,6,-2,-55
1754123514.80746,6,1,-60
1754123514.84446,-5,-2,-67
1754123514.88246,-2,6,-65
1754123514.9214602,2,0,-67
1754123514.9574602,4,1,-64
1754123514.99446,3,-2,-60
1754123515.0324602,4,2,-67
1754123515.07146,-3,4,-72
1754123515.10746,-3,13,-68
1754123515.14546,-8,3,-56
1754123515.18346,-4,-4,-68
1754123515.22246,0,-4,-56
1754123515.25846,0,-4,-72
1754123515.2964602,0,-7,-72
1754123515.3354602,3,-2,-64
1754123515.37246,0,3,-66
1754123515.4114602,0,0,-63
1754123515.4474602,4,-1,-57
1754123515.48546,4,1,-51
1754123515.52346,3,8,-57
1754123515.5624602,3,-5,-53
1754123515.5984602,1,1,-53
1754123515.63546,-5,-5,-58
1754123515.67346,-6,0,-64
1754123515.71246,0,-1,-63
1754123515.74846,0,3,-62
1754123515.78546,1,-1,-71
1754123515.82346,-1,-6,-71
1754123515.86246,2,6,-56
1754123515.89846,2,6,-59
1754123515.93546,-2,5,-54
1754123515.9734602,-5,4,-65
1754123516.01246,-1,1,-71
1754123516.04846,0,-2,-60
1754123516.08646,7,-1,-58
1754123516.12446,9,-2,-68
1754123516.16346,-3,-4,-65
1754123516.20146,-4,-1,-80
1754123516.23746,-1,0,-78
1754123516.2764602,0,-3,-69
1754123516.31346,4,-2,-66
1754123516.35246,-2,0,-60
1754123516.3884602,-4,-7,-56
1754123516.42646,0,0,-67
1754123516.46446,0,-2,-71
1754123516.5034602,-1,2,-69
1754123516.54146,-3,-7,-72
1754123516.57746,-2,0,-74
1754123516.6154602,-2,0,-74
1754123516.65346,0,5,-60
1754123516.69246,0,1,-64
1754123516.72846,-3,2,-61
1754123516.7664602,0,-5,-65
1754123516.80446,0,-5,-58
1754123516.84346,1,-5,-60
1754123516.8814602,5,-1,-58
1754123516.9174602,3,5,-54
1754123516.95446,4,7,-65
1754123516.9934602,-1,-1,-58
1754123517.0294602,0,0,-49
1754123517.06646,-2,6,-60
1754123517.10446,0,0,-68
1754123517.14346,-4,0,-62
1754123517.17946,-3,-1,-65
1754123517.2174602,-4,7,-51
1754123517.2564602,-1,3,-60
1754123517.29346,-6,-3,-61
1754123517.3324602,-1,0,-69
1754123517.36946,1,0,-67
1754123517.40646,-8,-3,-61
1754123517.4444602,0,-3,-67
1754123517.4834602,-4,4,-62
1754123517.5194602,-7,0,-63
1754123517.55746,-1,2,-67
1754123517.5954602,1,6,-68
1754123517.63346,0,2,-63
1754123517.67246,1,0,-71
1754123517.70846,-3,-1,-63
1754123517.7464602,1,-2,-53
1754123517.78446,1,-6,-70
1754123517.82346,2,0,-66
1754123517.85946,2,0,-73
1754123517.89746,-3,3,-55
1754123517.93646,2,-2,-55
1754123517.9734602,3,0,-54
1754123518.01246,-4,0,-69
1754123518.04846,-5,4,-65
1754123518.08646,-3,0,-63
1754123518.12446,3,-4,-71
1754123518.16246,1,0,-65
1754123518.19846,-4,3,-58
1754123518.2364602,0,4,-62
1754123518.27446,0,-7,-69
1754123518.3124602,0,-1,-63
1754123518.3484602,2,-4,-65
1754123518.38646,2,-4,-67
1754123518.4244602,2,2,-53
1754123518.4634602,0,2,-60
1754123518.49946,-6,2,-72
1754123518.5364602,-9,0,-78
1754123518.57446,0,0,-77
1754123518.61346,0,-1,-54
1754123518.64946,-4,-6,-60
1754123518.6874602,-1,-1,-62
1754123518.72546,6,-4,-56
1754123518.76446,-4,0,-58
1754123518.8024602,-7,8,-62
1754123518.8384602,-2,3,-53
1754123518.87646,-7,6,-62
1754123518.9144602,8,1,-67
1754123518.95346,0,0,-63
1754123518.98946,-3,0,-65
1754123519.02746,-4,6,-59
1754123519.0654602,5,0,-53
1754123519.10446,4,0,-61
1754123519.14246,0,4,-69
1754123519.17846,0,3,-66
1754123519.21546,3,0,-66
1754123519.25446,-4,5,-58
1754123519.2924602,-2,0,-53
1754123519.32946,2,0,-56
1754123519.36746,0,-9,-66
1754123519.40546,5,-3,-59
1754123519.4444602,1,-2,-63
1754123519.4804602,-2,-2,-68
1754123519.51846,-4,-3,-64
1754123519.55746,1,2,-64
1754123519.59446,0,1,-58
1754123519.63346,5,-4,-68
1754123519.67046,9,-2,-68
1754123519.7074602,8,1,-61
1754123519.74546,0,-2,-62
1754123519.78446,-6,8,-63
1754123519.82046,0,2,-59
1754123519.85746,-1,-1,-66
1754123519.89546,6,0,-68
1754123519.9344602,5,-6,-56
1754123519.9704602,-1,-5,-58
1754123520.00846,0,-2,-67
1754123520.0464602,-6,1,-58
1754123520.08446,-1,-4,-67
1754123520.12346,-2,-4,-69
1754123520.15946,-4,-10,-63
1754123520.1974602,-3,-5,-54
1754123520.23546,-4,0,-57
1754123520.27446,4,0,-71
1754123520.31046,0,-7,-73
1754123520.3484602,0,0,-65
1754123520.38646,9,4,-56
1754123520.42546,2,0,-63
1754123520.4634602,13,3,-63
1754123520.49946,5,-2,-72
1754123520.53746,-7,4,-58
1754123520.5754602,-4,6,-59
1754123520.61446,-1,-6,-72
1754123520.65046,2,-6,-59
1754123520.68846,1,-6,-57
1754123520.72646,-1,0,-58
1754123520.76546,-8,0,-62
1754123520.80346,-1,-2,-57
1754123520.83946,1,-2,-54
1754123520.8784602,-1,-10,-43
1754123520.91546,-3,-2,-62
1754123520.95446,0,0,-53
1754123520.9904602,2,0,-54
1754123521.02846,-3,-2,-59
1754123521.0654602,-2,2,-61
1754123521.10446,-3,2,-60
1754123521.14046,-4,8,-70
1754123521.1774602,-8,-1,-66
1754123521.21546,4,-5,-66
1754123521.25446,2,-3,-60
1754123521.29046,-1,-6,-64
1754123521.32846,-5,-6,-57
1754123521.36646,-4,-3,-64
1754123521.40546,-1,3,-69
1754123521.44346,-1,-5,-58
1754123521.47946,2,0,-75
1754123521.5164602,6,-3,-70
1754123521.55546,1,-1,-71
1754123521.59346,7,1,-64
1754123521.62946,6,5,-71
1754123521.66646,0,4,-74
1754123521.70546,0,-4,-58
1754123521.74146,-1,-6,-55
1754123521.7794602,5,-1,-58
1754123521.81746,0,-6,-72
1754123521.8554602,1,2,-69
1754123521.8944602,-8,0,-53
1754123521.93146,0,-2,-57
1754123521.96846,8,0,-73
1754123522.0064602,-5,6,-68
1754123522.04546,1,5,-57
1754123522.08146,0,7,-61
1754123522.1184602,-2,1,-66
1754123522.15646,-4,-3,-69
1754123522.19546,1,-3,-74
1754123522.23146,3,-3,-64
1754123522.2694602,3,0,-55
1754123522.30846,-1,3,-65
1754123522.3454602,-7,2,-55
1754123522.3844602,-2,5,-55
1754123522.4214602,-2,-3,-57
1754123522.45846,4,3,-60
1754123522.4964602,-2,0,-62
1754123522.53546,-9,1,-64
1754123522.57146,-7,-2,-65
1754123522.60946,0,-9,-66
1754123522.64746,0,-3,-66
1754123522.68646,1,-2,-61
1754123522.72446,0,0,-68
1754123522.76046,0,0,-62
1754123522.79746,-5,2,-70
1754123522.83646,-4,4,-64
1754123522.87446,-1,0,-51
1754123522.91046,0,-2,-65
1754123522.94946,4,1,-68
1754123522.9864602,-1,1,-63
1754123523.02546,-6,-3,-68
1754123523.0624602,-9,-4,-58
1754123523.09946,-2,-4,-70
1754123523.13746,-3,-1,-72
1754123523.17646,-3,-1,-65
1754123523.21446,8,-1,-58
1754123523.25046,2,2,-60
1754123523.28746,-4,0,-52
1754123523.32646,-4,-1,-65
1754123523.36446,5,6,-68
1754123523.40046,0,4,-65
1754123523.4374602,-2,-1,-60
1754123523.47646,4,-6,-57
1754123523.51446,0,-5,-69
1754123523.55046,-2,-6,-64
1754123523.5884602,-4,-4,-65
1754123523.62646,-1,-3,-62
1754123523.66546,0,2,-58
1754123523.70146,6,5,-57
1754123523.73846,8,0,-71
1754123523.7764602,4,0,-72
1754123523.8154602,1,4,-65
1754123523.85146,0,0,-64
1754123523.8884602,0,0,-66
1754123523.92646,-1,-4,-76
1754123523.96546,0,-4,-58
1754123524.00146,-3,2,-55
1754123524.0394602,3,9,-59
1754123524.07746,0,3,-62
1754123524.1214602,2,2,-64
1754123524.15946,-4,-3,-63
1754123524.1974602,0,-5,-67
1754123524.2364602,-5,4,-69
1754123524.27246,0,0,-68
1754123524.3094602,3,0,-63
1754123524.34746,1,5,-53
1754123524.38646,2,1,-70
1754123524.42246,7,1,-61
1754123524.4604602,4,0,-55
1754123524.49746,4,0,-66
1754123524.5364602,1,-3,-59
1754123524.5724602,-2,0,-62
1754123524.61046,2,0,-72
1754123524.64946,-1,0,-58
1754123524.68646,2,0,-61
1754123524.72546,0,-4,-67
1754123524.76146,-1,-7,-58
1754123524.7994602,7,0,-65
1754123524.8384602,0,3,-55
1754123524.87646,5,4,-63
1754123524.91246,10,6,-67
1754123524.94946,3,3,-66
1754123524.98846,3,-5,-62
1754123525.0264602,-6,-1,-61
1754123525.0624602,-4,-3,-60
1754123525.10046,-1,-5,-60
1754123525.1384602,0,0,-59
1754123525.17846,7,1,-61
1754123525.21646,1,-4,-61
1754123525.25246,0,1,-58
1754123525.29046,5,-5,-64
1754123525.32946,5,-4,-55
1754123525.36746,-4,0,-63
1754123525.40546,0,7,-60
1754123525.44146,-4,-1,-66
1754123525.47946,5,-10,-73
1754123525.51746,0,-9,-73
1754123525.55646,-7,-4,-57
1754123525.5924602,-9,0,-59
1754123525.62946,-12,-4,-57
1754123525.6674602,-5,0,-54
1754123525.70646,-1,-3,-66
1754123525.74246,-1,2,-67
1754123525.78046,-3,-2,-67
1754123525.81846,0,-1,-68
1754123525.85746,-3,-8,-67
1754123525.89546,-5,0,-62
1754123525.93146,-4,5,-58
1754123525.9704602,3,7,-56
1754123526.00746,8,-3,-64
1754123526.0464602,3,0,-63
1754123526.0824602,5,-2,-53
1754123526.12046,0,1,-68
1754123526.1574602,-6,8,-57
1754123526.19646,-3,8,-68
1754123526.23246,0,1,-58
1754123526.27046,-3,9,-45
1754123526.30846,-4,-3,-53
1754123526.34746,-2,-2,-79
1754123526.38346,8,2,-77
1754123526.42046,0,0,-77
1754123526.45846,4,5,-75
1754123526.49746,0,1,-58
1754123526.53346,3,2,-74
1754123526.57046,0,-6,-68
1754123526.6084602,-3,2,-59
1754123526.64746,1,4,-64
1754123526.68346,-1,0,-69
1754123526.72146,0,-3,-65
1754123526.7594602,1,5,-68
1754123526.79746,-1,3,-64
1754123526.83646,3,2,-58
1754123526.87246,4,6,-59
1754123526.90946,0,-3,-55
1754123526.9474602,0,-1,-66
1754123526.9864602,-2,-6,-70
1754123527.02246,-1,-2,-56
1754123527.06046,4,2,-67
1754123527.09946,0,0,-72
1754123527.13746,-4,-6,-56
1754123527.17346,3,-3,-61
1754123527.21146,-1,4,-58
1754123527.24946,-1,10,-65
1754123527.28846,0,-5,-62
1754123527.32646,5,-2,-55
1754123527.36246,-2,-9,-63
1754123527.40046,-9,-7,-64
1754123527.43846,-3,5,-60
1754123527.47746,0,5,-67
1754123527.5134602,-3,0,-76
1754123527.55146,1,-7,-59
1754123527.58946,8,0,-63
1754123527.6284602,2,-2,-68
1754123527.66646,0,-4,-54
1754123527.70246,1,-3,-47
1754123527.7404602,-3,2,-50
1754123527.77846,0,-1,-60
1754123527.81746,-3,-5,-66
1754123527.85346,-5,2,-59
1754123527.89246,-1,5,-56
1754123527.92946,8,3,-54
1754123527.96846,-5,-1,-52
1754123528.0064602,-5,0,-41
1754123528.0424602,-3,2,-49
1754123528.08046,-5,-2,-65
1754123528.1184602,-5,-4,-61
1754123528.1574602,-2,-3,-60
1754123528.19346,0,-4,-59
1754123528.23146,2,-1,-62
1754123528.2694602,0,-7,-55
1754123528.30846,-3,-10,-53
1754123528.34646,-3,-5,-64
1754123528.38246,0,-10,-55
1754123528.42046,-1,0,-58
1754123528.45846,-1,-4,-59
1754123528.49746,0,1,-72
1754123528.53346,-3,-5,-76
1754123528.57146,-4,-6,-61
1754123528.60946,1,-7,-63
1754123528.64846,3,-6,-67
1754123528.6844602,1,6,-68
1754123528.72146,7,5,-69
1754123528.7594602,7,3,-53
1754123528.79846,-1,0,-63
1754123528.83446,0,5,-65
1754123528.8714602,2,0,-61
1754123528.90946,-8,-1,-65
1754123528.94846,-8,1,-64
1754123528.98446,-6,0,-68
1754123529.02146,0,3,-58
1754123529.0594602,3,5,-68
1754123529.0984602,-5,2,-56
1754123529.1344602,0,0,-60
1754123529.1714602,8,3,-50
1754123529.20946,2,-4,-65
1754123529.24846,0,2,-71
1754123529.28446,-1,-1,-66
1754123529.3224602,0,-7,-67
1754123529.36046,4,-2,-75
1754123529.39846,1,3,-64
1754123529.4374602,4,3,-73
1754123529.47446,2,-4,-74
1754123529.51146,0,2,-70
1754123529.5494602,0,0,-56
1754123529.5884602,1,3,-60
1754123529.62446,0,-1,-73
1754123529.66246,4,-3,-76
1754123529.7004602,-1,-1,-57
1754123529.73946,2,0,-56
1754123529.77746,-5,-3,-60
1754123529.81346,-4,0,-60
1754123529.85146,0,-4,-60
1754123529.89046,4,3,-67
1754123529.92846,0,-1,-60
1754123529.96446,-4,-1,-58
1754123530.00246,2,-8,-59
1754123530.04046,-5,-5,-74
1754123530.07946,-1,-3,-58
1754123530.11746,-5,-4,-69
1754123530.15346,0,-4,-71
1754123530.19146,7,0,-64
1754123530.22946,1,0,-69
1754123530.26846,1,4,-64
1754123530.30446,5,4,-66
1754123530.3424602,0,0,-70
1754123530.38046,4,1,-73
1754123530.41946,4,0,-58
1754123530.4574602,0,-2,-66
1754123530.4934602,4,0,-75
1754123530.53146,-2,2,-58
1754123530.5694602,-1,-2,-70
1754123530.6084602,-11,-2,-65
1754123530.6444602,0,-5,-66
1754123530.68146,1,-1,-64
1754123530.71946,0,-3,-66
1754123530.75846,-10,-1,-53
1754123530.79446,-6,3,-60
1754123530.83146,-3,-4,-64
1754123530.86946,-10,0,-66
1754123530.90846,-3,7,-59
1754123530.9444602,-7,-2,-59
1754123530.98246,0,-4,-55
1754123531.02146,7,0,-68
1754123531.0594602,5,2,-63
1754123531.0954602,9,2,-67
1754123531.13246,5,4,-56
1754123531.1714602,0,0,-46
1754123531.20946,-1,0,-60
1754123531.24546,0,-4,-53
1754123531.28346,-2,-5,-70
1754123531.32146,-1,3,-63
1754123531.35946,-1,8,-69
1754123531.39846,2,5,-59
1754123531.4344602,0,8,-66
1754123531.47146,-4,6,-50
1754123531.5094602,-3,-1,-60
1754123531.54846,2,-12,-55
1754123531.58446,-1,0,-55
1754123531.62246,0,2,-66
1754123531.66046,-5,-1,-56
1754123531.69946,-2,0,-63
1754123531.73546,0,-2,-59
1754123531.77346,4,6,-65
1754123531.81146,5,11,-64
1754123531.85046,2,-1,-61
1754123531.8884602,3,0,-69
1754123531.9244602,1,1,-68
1754123531.96146,-5,0,-62
1754123532.00046,0,0,-72
1754123532.03846,-4,-6,-65
1754123532.07446,0,-6,-68
1754123532.1114602,1,-4,-67
1754123532.15046,5,1,-62
1754123532.18846,-2,7,-58
1754123532.22446,1,0,-72
1754123532.26146,3,-2,-67
1754123532.30046,1,-1,-66
1754123532.3384602,-2,-4,-76
1754123532.37446,-3,-4,-67
1754123532.41246,-2,-6,-59
1754123532.4504602,-5,-9,-55
1754123532.48946,1,-3,-64
1754123532.52546,-2,-1,-70
1754123532.56346,0,0,-70
1754123532.60146,-5,0,-59
1754123532.64046,-6,-3,-50
1754123532.67846,0,-6,-50
1754123532.71446,1,1,-66
1754123532.75146,0,-5,-69
1754123532.79046,-10,0,-65
1754123532.82846,-3,0,-63
1754123532.86446,2,-2,-60
1754123532.90246,-7,-6,-58
1754123532.9404602,-4,-2,-64
1754123532.97946,0,-2,-55
1754123533.01546,3,-1,-54
1754123533.05446,-2,13,-48
1754123533.09146,1,1,-59
1754123533.13046,0,-3,-68
1754123533.16846,-11,-7,-57
1754123533.20546,2,0,-63
1754123533.24246,-3,0,-68
1754123533.28046,-6,0,-58
1754123533.3194602,3,2,-58
1754123533.3554602,-2,1,-62
1754123533.39346,-1,0,-63
1754123533.43246,-3,2,-61
1754123533.4704602,10,-7,-60
1754123533.5064602,-5,-5,-65
1754123533.54446,-3,-3,-72
1754123533.5824602,-2,5,-53
1754123533.62046,-5,3,-63
1754123533.65946,-4,-2,-79
1754123533.69546,-5,-3,-76
1754123533.7334602,2,3,-64
1754123533.77146,2,-5,-70
1754123533.81046,-9,-5,-70
1754123533.84646,-6,-6,-64
1754123533.8844602,-4,-1,-65
1754123533.92246,-5,-1,-64
1754123533.96146,0,0,-65
1754123533.99946,3,0,-61
1754123534.03546,-1,0,-63
1754123534.07446,2,1,-61
1754123534.1114602,0,-2,-61
1754123534.15546,1,-4,-59
1754123534.1944602,-6,-4,-65
1754123534.23146,-5,-3,-60
1754123534.27046,5,0,-60
1754123534.30646,0,-4,-64
1754123534.34446,5,-5,-63
1754123534.38246,5,0,-71
1754123534.4214602,2,2,-68
1754123534.45946,2,0,-60
1754123534.49546,3,-7,-60
1754123534.53346,1,-5,-60
1754123534.57146,4,0,-63
1754123534.61046,-3,0,-62
1754123534.64646,-4,-2,-64
1754123534.68546,12,0,-59
1754123534.72246,4,1,-54
1754123534.76146,0,5,-62
1754123534.7994602,-2,-6,-66
1754123534.8354602,-3,2,-64
1754123534.87346,-1,-1,-68
1754123534.9114602,-6,-4,-66
1754123534.9504602,-9,2,-62
1754123534.9864602,-6,7,-61
1754123535.02446,-2,0,-68
1754123535.0624602,-1,0,-66
1754123535.10146,1,-5,-67
1754123535.13946,0,-6,-63
1754123535.17546,1,1,-61
1754123535.21246,-2,3,-53
1754123535.25146,-4,-3,-75
1754123535.2894602,-4,5,-67
1754123535.3254602,-8,4,-70
1754123535.36446,-1,-3,-64
1754123535.4014602,0,0,-60
1754123535.4404602,1,4,-58
1754123535.47746,-3,5,-63
1754123535.51446,0,2,-59
1754123535.5524602,-3,-9,-56
1754123535.59146,-1,-1,-66
1754123535.62746,5,-2,-65
1754123535.6644602,5,0,-64
1754123535.70246,-6,4,-75
1754123535.74146,-11,-2,-64
1754123535.77746,-12,3,-65
1754123535.8154602,-7,-3,-79
1754123535.85346,-3,-4,-63
1754123535.8914602,-2,-1,-65
1754123535.93046,6,-1,-63
1754123535.96646,-3,7,-66
1754123536.00446,4,5,-60
1754123536.0424602,3,0,-73
1754123536.08146,0,1,-65
1754123536.11746,0,-2,-62
1754123536.15646,-4,2,-64
1754123536.19346,-10,2,-58
1754123536.23146,0,7,-67
1754123536.27046,-6,3,-70
1754123536.30646,1,2,-68
1754123536.34346,-4,-1,-76
1754123536.38246,2,0,-68
1754123536.42046,5,-3,-73
1754123536.45646,-3,0,-63
1754123536.4934602,-2,0,-53
1754123536.5324602,1,0,-60
1754123536.57046,4,-6,-61
1754123536.60646,-1,2,-62
1754123536.64346,-1,-1,-62
1754123536.68246,0,0,-64
1754123536.7204602,3,0,-59
1754123536.7564602,3,3,-64
1754123536.79346,-1,-2,-62
1754123536.8324602,-1,0,-66
1754123536.87046,0,4,-56
1754123536.90646,4,0,-63
1754123536.94346,3,-8,-59
1754123536.98246,4,-4,-59
1754123537.02046,2,3,-67
1754123537.05646,2,3,-61
1754123537.09446,3,-3,-69
1754123537.13246,1,2,-69
1754123537.1714602,1,-4,-69
1754123537.20846,-5,-1,-60
1754123537.24546,-4,1,-58
1754123537.28346,0,-1,-64
1754123537.3224602,-2,1,-61
1754123537.36046,-2,0,-71
1754123537.39646,-3,-6,-66
1754123537.43546,-2,-2,-57
1754123537.47246,-3,4,-61
1754123537.51146,0,4,-59
1754123537.54746,-3,2,-60
1754123537.5854602,-2,1,-67
1754123537.62346,-1,8,-70
1754123537.66246,-1,0,-72
1754123537.7004602,1,-2,-62
1754123537.7364602,3,0,-61
1754123537.77346,-2,-5,-61
1754123537.8124602,0,-8,-60
1754123537.8484602,-3,0,-56
1754123537.88646,-2,-4,-69
1754123537.9244602,1,2,-60
1754123537.96246,-4,0,-58
1754123538.00146,-6,-1,-66
1754123538.03746,-4,-3,-64
1754123538.07646,6,2,-68
1754123538.11346,2,1,-76
1754123538.15246,-8,2,-70
1754123538.18846,-8,-4,-74
1754123538.22646,-7,8,-70
1754123538.26446,-5,3,-64
1754123538.3024602,4,-2,-64
1754123538.34146,1,0,-46
1754123538.37746,-1,-2,-57
1754123538.41546,6,0,-71
1754123538.45346,-8,-7,-54
1754123538.49246,-6,-5,-74
1754123538.52846,-3,-7,-74
1754123538.56646,-7,-6,-65
1754123538.60446,2,-2,-65
1754123538.64246,-7,1,-79
1754123538.68146,-6,0,-60
1754123538.7174602,-4,-5,-75
1754123538.75546,0,-10,-64
1754123538.79346,4,-7,-57
1754123538.8324602,-1,-2,-64
1754123538.8684602,-1,-7,-63
1754123538.90646,4,-3,-54
1754123538.9444602,6,-4,-61
1754123538.9834602,4,2,-54
1754123539.02146,6,-6,-54
1754123539.05746,-2,-6,-49
1754123539.0954602,0,-5,-52
1754123539.1344602,1,0,-57
1754123539.17246,5,-4,-71
1754123539.20846,1,3,-65
1754123539.2464602,-2,1,-55
1754123539.28446,11,2,-55
1754123539.32346,4,-2,-61
1754123539.3614602,0,-3,-59
1754123539.39746,0,-3,-62
1754123539.4344602,-5,0,-60
1754123539.4734602,-4,0,-60
1754123539.51146,-2,-9,-61
1754123539.54746,-4,-5,-74
1754123539.5854602,-6,-2,-74
1754123539.62346,-1,1,-77
1754123539.66246,4,4,-79
1754123539.69846,-1,4,-80
1754123539.7364602,1,2,-66
1754123539.77546,8,0,-57
1754123539.81346,3,-4,-55
1754123539.85146,6,-1,-66
1754123539.88746,5,-7,-68
1754123539.92546,-3,0,-62
1754123539.9634602,-7,3,-70
1754123540.00246,-4,-2,-59
1754123540.03846,5,-3,-63
1754123540.07646,-2,-1,-66
1754123540.11446,0,0,-66
1754123540.15346,4,-11,-69
1754123540.18946,8,-10,-73
1754123540.22746,1,-3,-62
1754123540.26546,-2,-8,-58
1754123540.30446,-2,-5,-66
1754123540.3424602,2,5,-60
1754123540.3784602,1,-1,-63
1754123540.41546,0,-4,-73
1754123540.45346,3,-5,-60
1754123540.49246,-3,-5,-69
1754123540.52846,2,0,-68
1754123540.5654602,0,2,-56
1754123540.60346,-4,-3,-68
1754123540.64246,7,-2,-54
1754123540.67846,9,4,-50
1754123540.71546,6,0,-57
1754123540.7534602,2,6,-61
1754123540.7924602,-6,4,-55
1754123540.82846,-7,-5,-66
1754123540.86646,-8,0,-66
1754123540.9044602,-9,2,-59
1754123540.94346,3,5,-57
1754123540.97946,4,0,-60
1754123541.0164602,1,-4,-61
1754123541.05446,-4,-4,-48
1754123541.09346,3,1,-64
1754123541.12946,2,1,-53
1754123541.16646,0,-1,-59
1754123541.20446,-1,-1,-53
1754123541.2434602,-2,2,-55
1754123541.2794602,-3,-1,-59
1754123541.31746,0,-5,-64
1754123541.3554602,0,3,-66
1754123541.3944602,-5,0,-56
1754123541.43246,-1,0,-56
1754123541.46846,-3,1,-66
1754123541.50746,-5,0,-73
1754123541.54446,-2,4,-63
1754123541.58346,-2,0,-58
1754123541.61946,0,7,-61
1754123541.6574602,0,4,-62
1754123541.6944602,3,0,-59
1754123541.7334602,-2,2,-64
1754123541.7694602,-1,3,-64
1754123541.80746,-8,3,-74
1754123541.8454602,-7,-1,-71
1754123541.8844602,2,1,-56
1754123541.92246,4,4,-53
1754123541.95846,1,1,-68
1754123541.99546,2,1,-64
1754123542.03446,-7,0,-57
1754123542.0724602,1,3,-65
1754123542.1084602,7,0,-70
1754123542.14546,3,3,-69
1754123542.1844602,-1,6,-64
1754123542.22246,-5,4,-62
1754123542.25846,2,6,-58
1754123542.2964602,1,-2,-60
1754123542.33446,-10,1,-60
1754123542.37346,-2,-2,-66
1754123542.40946,-5,1,-64
1754123542.44646,-1,2,-61
1754123542.48446,0,4,-77
1754123542.52346,-2,0,-80
1754123542.5594602,-5,4,-70
1754123542.59646,-2,2,-62
1754123542.6344602,0,4,-75
1754123542.67346,0,3,-62
1754123542.70946,0,4,-69
1754123542.74746,-2,-4,-66
1754123542.7864602,1,-3,-57
1754123542.82446,2,3,-59
1754123542.86046,0,4,-65
1754123542.89746,-7,4,-77
1754123542.93646,-3,5,-63
1754123542.97446,-1,2,-66
1754123543.01046,1,-3,-68
1754123543.04746,-5,2,-66
1754123543.08646,-6,1,-57
1754123543.12446,-7,0,-59
1754123543.16046,4,-1,-65
1754123543.1974602,1,0,-64
1754123543.2364602,-1,4,-63
1754123543.27446,0,2,-66
1754123543.31046,6,0,-71
1754123543.34746,1,1,-70
1754123543.38546,-10,4,-64
1754123543.4244602,-8,-5,-57
1754123543.4604602,-2,-5,-56
1754123543.49846,0,-3,-61
1754123543.5364602,-3,-4,-71
1754123543.5754602,-6,0,-59
1754123543.61346,-10,7,-65
1754123543.64946,-1,7,-63
1754123543.6874602,5,3,-69
1754123543.72646,8,-1,-61
1754123543.76446,7,-2,-50
1754123543.80046,0,0,-66
1754123543.8384602,-2,0,-57
1754123543.87646,-7,3,-63
1754123543.91546,1,-2,-74
1754123543.95346,-4,-3,-63
1754123543.98946,0,-8,-57
1754123544.02746,1,-7,-60
1754123544.0654602,-6,0,-64
1754123544.10446,0,-1,-64
1754123544.14046,3,5,-64
1754123544.18646,3,-1,-64
1754123544.22446,4,-1,-66
1754123544.26046,3,-5,-67
1754123544.29846,-3,-6,-59
1754123544.33646,2,-2,-70
1754123544.37546,-6,-3,-62
1754123544.41346,6,0,-69
1754123544.44946,5,-2,-65
1754123544.48746,7,0,-54
1754123544.5264602,0,1,-54
1754123544.56446,-7,5,-52
1754123544.60046,0,2,-58
1754123544.6384602,-1,3,-57
1754123544.67646,3,-1,-53
1754123544.71546,-2,-5,-51
1754123544.75146,-9,-3,-58
1754123544.7894602,-5,4,-64
1754123544.82746,1,0,-58
1754123544.8654602,-3,-8,-53
1754123544.9044602,-4,-2,-65
1754123544.9404602,-3,-2,-57
1754123544.97846,-6,-3,-63
1754123545.0164602,-7,3,-67
1754123545.05546,3,-2,-63
1754123545.09146,4,-2,-58
1754123545.12946,-2,4,-54
1754123545.1674602,-4,4,-65
1754123545.20546,-6,6,-66
1754123545.24446,-5,0,-64
1754123545.28046,0,0,-77
1754123545.31746,0,-3,-78
1754123545.35646,-1,4,-62
1754123545.3944602,0,-2,-63
1754123545.43046,4,-4,-71
1754123545.4674602,1,0,-70
1754123545.5064602,0,1,-74
1754123545.54446,4,0,-76
1754123545.58046,0,-2,-76
1754123545.61746,-6,-4,-71
1754123545.65646,-2,-6,-62
1754123545.6944602,0,-7,-73
1754123545.7304602,0,-2,-55
1754123545.76846,-1,1,-56
1754123545.80646,-1,0,-68
1754123545.8454602,-2,-2,-60
1754123545.8814602,-5,2,-62
1754123545.91946,3,0,-64
1754123545.9574602,4,1,-65
1754123545.9964602,0,0,-62
1754123546.03446,0,-2,-61
1754123546.07046,1,-2,-74
1754123546.1084602,5,-4,-67
1754123546.14646,4,-7,-77
1754123546.18546,-3,-3,-73
1754123546.22146,-4,0,-65
1754123546.2594602,0,-5,-54
1754123546.29846,2,0,-68
1754123546.33646,-2,3,-62
1754123546.37446,-1,-1,-67
1754123546.41046,-1,0,-64
1754123546.44846,1,-4,-62
1754123546.4864602,7,0,-71
1754123546.52446,-3,1,-61
1754123546.56046,1,1,-68
1754123546.5984602,0,0,-69
1754123546.63646,-11,-2,-62
1754123546.6744602,-5,3,-55
1754123546.7104602,0,7,-66
1754123546.74846,1,7,-71
1754123546.7864602,4,4,-64
1754123546.82446,-3,1,-75
1754123546.86046,-3,0,-68
1754123546.89846,9,2,-57
1754123546.93646,4,-6,-59
1754123546.97246,2,-2,-73
1754123547.01046,-2,-2,-66
1754123547.04846,3,-6,-63
1754123547.08646,3,-1,-70
1754123547.12546,-1,-3,-61
1754123547.1614602,1,-1,-65
1754123547.19846,4,0,-65
1754123547.2364602,-1,0,-60
1754123547.27546,3,-2,-66
1754123547.31146,-2,-5,-72
1754123547.34946,4,-3,-59
1754123547.38746,-8,1,-44
1754123547.42646,-4,-4,-60
1754123547.46246,-2,-6,-62
1754123547.50046,0,-5,-59
1754123547.53846,2,-1,-59
1754123547.57646,0,1,-63
1754123547.6154602,0,3,-65
1754123547.6514602,-2,0,-61
1754123547.68946,-8,1,-67
1754123547.72746,-3,0,-66
1754123547.7664602,1,2,-61
1754123547.8024602,0,3,-55
1754123547.84046,8,5,-66
1754123547.8784602,-1,2,-73
1754123547.91646,3,2,-62
1754123547.95546,0,-1,-70
1754123547.99146,-9,-5,-74
1754123548.0294602,0,0,-61
1754123548.06846,-4,0,-70
1754123548.10646,-1,1,-58
1754123548.14246,2,2,-60
1754123548.17946,0,0,-66
1754123548.21846,-6,5,-59
1754123548.2564602,0,4,-65
1754123548.2924602,0,4,-68
1754123548.32946,3,-5,-68
1754123548.3684602,1,-3,-60
1754123548.40646,-4,3,-61
1754123548.44246,1,-2,-64
1754123548.48146,0,-9,-62
1754123548.51846,2,-6,-61
1754123548.55746,5,3,-55
1754123548.5954602,7,3,-67
1754123548.6314602,5,6,-54
1754123548.66846,-3,-3,-64
1754123548.7074602,-4,-4,-65
1754123548.74546,0,1,-59
1754123548.78146,3,-2,-54
1754123548.8194602,4,-5,-60
1754123548.85746,-1,-5,-51
1754123548.89646,-4,-6,-73
1754123548.93246,4,-5,-70
1754123548.9704602,9,0,-57
1754123549.00846,9,3,-67
1754123549.04746,0,4,-62
1754123549.0854602,-1,0,-63
1754123549.1214602,0,-6,-57
1754123549.15946,-1,3,-68
1754123549.19846,0,-5,-66
1754123549.2364602,4,-2,-60
1754123549.27246,8,-3,-69
1754123549.31046,-1,-1,-62
1754123549.3484602,0,0,-63
1754123549.38746,0,0,-62
1754123549.42346,6,2,-57
1754123549.4604602,-3,2,-58
1754123549.49846,0,1,-60
1754123549.53746,0,2,-63
1754123549.57346,-1,-2,-65
1754123549.6114602,5,-7,-62
1754123549.64946,1,-2,-65
1754123549.6874602,-7,0,-61
1754123549.72646,-2,0,-63
1754123549.76246,-2,-3,-58
1754123549.80046,-6,0,-59
1754123549.8384602,-4,0,-58
1754123549.87746,-2,2,-81
1754123549.91346,4,-1,-64
1754123549.95146,-2,-3,-60
1754123549.98946,-5,-1,-63
1754123550.02746,-1,-4,-62
1754123550.06646,0,0,-64
1754123550.10246,0,0,-74
1754123550.13946,-1,6,-70
1754123550.17846,2,8,-54
1754123550.21646,-3,-2,-67
1754123550.25246,2,-3,-62
1754123550.29046,-2,-5,-54
1754123550.32846,6,0,-68
1754123550.36746,5,0,-68
1754123550.40346,8,0,-74
1754123550.4404602,4,3,-64
1754123550.47846,1,-2,-52
1754123550.51746,0,-2,-68
1754123550.55346,0,3,-68
1754123550.59146,2,-7,-63
1754123550.62946,0,-8,-60
1754123550.66846,-2,-3,-69
1754123550.70646,-4,-7,-64
1754123550.74246,0,-1,-65
1754123550.78146,-1,-2,-62
1754123550.81846,-4,1,-66
1754123550.85746,-1,8,-57
1754123550.89346,-6,7,-64
1754123550.93146,-5,0,-66
1754123550.96946,-8,-3,-64
1754123551.00846,-1,-4,-68
1754123551.0464602,-1,-1,-71
1754123551.0824602,3,-1,-75
1754123551.1214602,-1,-8,-59
1754123551.15946,1,-4,-68
1754123551.1974602,-1,-1,-63
1754123551.2334602,4,-7,-63
1754123551.27246,-5,-5,-65
1754123551.3094602,0,-4,-61
1754123551.3484602,1,-4,-61
1754123551.38646,3,-3,-65
1754123551.42346,-1,-3,-71
1754123551.46146,-3,3,-63
1754123551.49946,0,6,-58
1754123551.53846,-2,2,-63
1754123551.57446,0,1,-68
1754123551.6114602,1,6,-69
1754123551.64946,1,2,-71
1754123551.68846,6,-1,-73
1754123551.72446,3,5,-59
1754123551.76246,5,0,-64
1754123551.80046,7,9,-68
1754123551.8384602,2,9,-62
1754123551.87746,-3,-1,-65
1754123551.91346,-6,-4,-67
1754123551.95246,0,4,-69
1754123551.98946,-1,1,-68
1754123552.02846,-1,-2,-66
1754123552.06446,0,0,-62
1754123552.10246,-7,-2,-67
1754123552.14046,-9,-1,-77
1754123552.17846,0,4,-59
1754123552.2174602,-3,4,-61
1754123552.2534602,-6,-5,-59
1754123552.29146,1,-1,-70
1754123552.33046,-3,3,-63
1754123552.3684602,-4,-1,-69
1754123552.4044602,3,2,-71
1754123552.44146,4,6,-66
1754123552.4804602,4,2,-65
1754123552.51846,0,-1,-60
1754123552.55446,0,0,-65
1754123552.59146,-7,0,-79
1754123552.62946,-4,0,-57
1754123552.66846,0,-7,-63
1754123552.70446,2,-4,-66
1754123552.7434602,0,0,-59
1754123552.78046,4,1,-63
1754123552.8194602,10,5,-62
1754123552.85746,1,3,-69
1754123552.89346,2,-1,-73
1754123552.93046,-2,0,-58
1754123552.96946,0,0,-64
1754123553.00746,-2,-4,-67
1754123553.04346,-4,-1,-62
1754123553.08146,1,-1,-58
1754123553.11946,-1,0,-57
1754123553.15846,2,1,-61
1754123553.1944602,0,1,-59
1754123553.23246,-3,0,-68
1754123553.2694602,-6,-1,-59
1754123553.30846,-5,3,-64
1754123553.34446,3,6,-67
1754123553.38246,-2,5,-68
1754123553.41946,-10,-6,-71
1754123553.45846,4,-4,-72
1754123553.49446,-1,0,-68
1754123553.5324602,-4,-1,-72
1754123553.5694602,0,-3,-61
1754123553.6084602,8,-3,-67
1754123553.6444602,-4,0,-62
1754123553.68246,6,-7,-59
1754123553.71946,3,-1,-60
1754123553.75846,4,2,-61
1754123553.79446,1,3,-65
1754123553.8324602,1,5,-77
1754123553.86946,-2,6,-75
1754123553.90846,2,6,-60
1754123553.9444602,0,4,-59
1754123553.98246,3,-2,-62
1754123554.0194602,3,-7,-51
1754123554.05846,0,-3,-66
1754123554.09446,7,0,-65
1754123554.13246,0,-4,-55
1754123554.16946,0,-1,-59
1754123554.2134602,-7,2,-62
1754123554.25246,5,3,-63
1754123554.2894602,4,0,-64
1754123554.32846,-2,0,-52
1754123554.36446,0,1,-50
1754123554.40246,-7,3,-61
1754123554.43946,3,3,-71
1754123554.47846,-4,1,-70
1754123554.51446,0,3,-67
1754123554.55146,6,-6,-69
1754123554.58946,0,0,-77
1754123554.6284602,7,1,-66
1754123554.6644602,6,1,-73
1754123554.70146,5,2,-61
1754123554.7404602,0,3,-61
1754123554.77846,-4,0,-59
1754123554.81446,1,0,-65
1754123554.85146,-4,-1,-70
1754123554.89046,2,-4,-68
1754123554.92846,-2,3,-69
1754123554.96446,-3,2,-63
1754123555.00246,-6,-1,-67
1754123555.04046,-4,1,-71
1754123555.08046,0,2,-53
1754123555.1184602,-5,-1,-66
1754123555.1544602,-2,-11,-62
1754123555.19246,6,-4,-52
1754123555.23146,5,0,-57
1754123555.2694602,5,2,-65
1754123555.30546,0,-1,-53
1754123555.3424602,1,-8,-68
1754123555.3814602,3,-5,-62
1754123555.41946,0,1,-64
1754123555.45546,5,0,-54
1754123555.49246,1,0,-59
1754123555.53146,3,-1,-57
1754123555.5694602,-2,0,-62
1754123555.6054602,0,-3,-63
1754123555.64346,1,0,-69
1754123555.68146,-1,-1,-69
1754123555.7204602,-4,1,-57
1754123555.75846,0,1,-65
1754123555.79446,-5,-1,-60
1754123555.8324602,0,0,-50
1754123555.87046,4,4,-69
1754123555.90946,1,4,-54
1754123555.94546,-5,0,-59
1754123555.9834602,-1,1,-50
1754123556.02146,8,-4,-54
1754123556.06046,0,2,-59
1754123556.09646,-4,-5,-61
1754123556.13346,-1,-5,-60
1754123556.1714602,0,2,-68
1754123556.2104602,-2,-6,-67
1754123556.2464602,-5,-1,-69
1754123556.28446,-3,-3,-70
1754123556.3224602,1,-5,-62
1754123556.3614602,2,-1,-63
1754123556.39946,-3,0,-70
1754123556.43546,-3,0,-53
1754123556.4734602,5,-1,-69
1754123556.51146,8,-2,-67
1754123556.55046,-4,1,-55
1754123556.58646,-3,0,-63
1754123556.62346,0,-1,-69
1754123556.6614602,-1,0,-61
1754123556.7004602,4,-1,-60
1754123556.7364602,6,-2,-60
1754123556.77446,0,-5,-66
1754123556.81146,-5,0,-52
1754123556.85046,-1,-4,-65
1754123556.88646,0,-6,-60
1754123556.92346,2,3,-50
1754123556.96146,13,-4,-50
1754123557.00046,6,0,-52
1754123557.0364602,3,-2,-54
1754123557.07346,0,-2,-71
1754123557.1114602,2,2,-75
1754123557.15046,-6,12,-68
1754123557.18646,-2,0,-57
1754123557.2234602,-1,-3,-64
1754123557.26146,-6,-4,-70
1754123557.30046,-2,1,-61
1754123557.33646,-2,3,-63
1754123557.37446,1,-4,-58
1754123557.41246,-1,-5,-54
1754123557.45146,0,-7,-49
1754123557.48946,1,-13,-58
1754123557.52546,-1,-3,-74
1754123557.56346,4,0,-63
1754123557.60146,3,1,-59
1754123557.64046,6,3,-73
1754123557.67646,4,-1,-70
1754123557.71446,-5,5,-76
1754123557.75246,-4,1,-63
1754123557.79146,0,0,-58
1754123557.82946,5,5,-63
1754123557.8654602,2,3,-50
1754123557.9044602,0,1,-66
1754123557.94146,3,3,-55
1754123557.9804602,4,4,-66
1754123558.0164602,8,2,-62
1754123558.05446,0,2,-64
1754123558.0924602,-2,-2,-62
1754123558.1314602,3,-1,-54
1754123558.16946,-10,0,-73
1754123558.20546,-2,-1,-65
1754123558.2434602,-6,2,-61
1754123558.28146,-1,-1,-57
1754123558.32046,0,-1,-61
1754123558.35746,1,-1,-60
1754123558.3944602,0,-2,-60
1754123558.43246,-3,0,-71
1754123558.47146,-5,-5,-70
1754123558.50746,-2,-4,-59
1754123558.54546,4,-3,-69
1754123558.58446,3,1,-66
1754123558.6214602,0,-1,-69
1754123558.66046,0,1,-63
1754123558.69646,1,6,-64
1754123558.73446,0,-1,-77
1754123558.77146,1,4,-58
1754123558.81046,3,7,-67
1754123558.84646,2,7,-71
1754123558.8844602,1,7,-62
1754123558.9214602,1,8,-50
1754123558.9604602,1,-1,-66
1754123558.9964602,-2,-1,-68
1754123559.03446,-7,-8,-65
1754123559.0724602,-1,-1,-73
1754123559.1114602,-1,-7,-71
1754123559.14746,-2,-8,-60
1754123559.18546,-13,-6,-58
1754123559.2234602,-6,-2,-58
1754123559.26146,2,-8,-55
1754123559.30046,-3,0,-58
1754123559.33646,0,-3,-58
1754123559.37446,-2,-4,-59
1754123559.41246,-2,0,-63
1754123559.45146,-6,-1,-62
1754123559.48746,-2,0,-61
1754123559.52546,4,5,-60
1754123559.56346,3,1,-66
1754123559.60246,0,-2,-72
1754123559.64046,-4,4,-71
1754123559.67646,0,1,-60
1754123559.7134602,-2,4,-63
1754123559.75246,0,-3,-66
1754123559.79046,-3,3,-63
1754123559.82646,0,2,-58
1754123559.86346,-4,-1,-61
1754123559.90246,3,-3,-59
1754123559.9404602,-2,0,-60
1754123559.97646,-2,0,-59
1754123560.0134602,-7,-1,-61
1754123560.0524602,-2,-2,-68
1754123560.09046,-6,0,-65
1754123560.12646,-8,0,-73
1754123560.16346,-5,-2,-71
1754123560.20246,-11,-2,-66
1754123560.2404602,-5,-3,-73
1754123560.2764602,0,-1,-61
1754123560.31446,-2,1,-59
1754123560.35246,-2,1,-54
1754123560.3914602,0,4,-56
1754123560.4274602,2,-6,-63
1754123560.46546,4,-4,-64
1754123560.5034602,0,3,-54
1754123560.5424602,0,2,-63
1754123560.58046,8,-2,-61
1754123560.61646,1,0,-70
1754123560.6544602,-2,0,-79
1754123560.69346,2,3,-69
1754123560.73146,2,6,-71
1754123560.76746,0,6,-62
1754123560.80446,-8,0,-61
1754123560.8424602,-12,0,-65
1754123560.8814602,-1,-2,-58
1754123560.9174602,4,1,-56
1754123560.95446,0,-2,-61
1754123560.99246,2,1,-51
1754123561.03146,-5,-3,-53
1754123561.06746,-7,-5,-69
1754123561.10646,0,-4,-78
1754123561.14346,0,0,-70
1754123561.18246,-6,-9,-66
1754123561.21946,-8,-2,-62
1754123561.2564602,-1,-8,-54
1754123561.29446,1,-4,-68
1754123561.3324602,2,-6,-58
1754123561.3714602,-4,1,-57
1754123561.4074602,-7,-4,-62
1754123561.44546,-7,-9,-62
1754123561.4834602,1,-3,-58
1754123561.52246,3,-2,-60
1754123561.55846,0,1,-61
1754123561.5954602,-2,3,-75
1754123561.63346,1,0,-71
1754123561.67246,0,2,-71
1754123561.70846,-4,7,-70
1754123561.74746,-5,8,-65
1754123561.78446,-6,0,-63
1754123561.82346,-9,-3,-64
1754123561.8614602,-8,-3,-62
1754123561.89746,0,-5,-58
1754123561.93646,2,-4,-59
1754123561.9734602,-2,-5,-68
1754123562.01246,-5,0,-65
1754123562.04846,-1,0,-57
1754123562.08646,-2,-3,-66
1754123562.12446,-1,-3,-68
1754123562.16346,2,-11,-67
1754123562.20146,2,-1,-70
1754123562.23746,7,0,-73
1754123562.27546,0,-5,-65
1754123562.31346,0,-11,-67
1754123562.35246,0,-8,-62
1754123562.3884602,0,-6,-62
1754123562.42646,1,0,-64
1754123562.46446,-3,2,-54
1754123562.5034602,1,0,-55
1754123562.54146,0,-3,-56
1754123562.57746,1,0,-56
1754123562.6154602,-5,0,-63
1754123562.65346,-3,0,-63
1754123562.69246,-2,-10,-55
1754123562.72846,1,-8,-58
1754123562.7664602,0,-10,-60
1754123562.80446,2,-4,-65
1754123562.84346,-4,-3,-57
1754123562.8814602,-7,0,-57
1754123562.9174602,1,0,-73
1754123562.95446,-1,3,-79
1754123562.9934602,-1,0,-68
1754123563.0294602,3,-4,-59
1754123563.06746,-4,3,-60
1754123563.1054602,-5,1,-65
1754123563.14346,-4,-4,-64
1754123563.18246,-1,-1,-67
1754123563.21846,3,-6,-63
1754123563.2564602,0,-2,-62
1754123563.29546,1,0,-51
1754123563.33346,0,1,-62
1754123563.36946,0,3,-54
1754123563.4074602,-2,0,-65
1754123563.44546,1,4,-63
1754123563.4834602,-2,3,-64
1754123563.52246,0,-8,-65
1754123563.55846,0,-2,-72
1754123563.59646,3,-1,-65
1754123563.6344602,3,0,-63
1754123563.67346,1,5,-66
1754123563.70946,-1,3,-66
1754123563.74746,0,-1,-62
1754123563.78546,7,-3,-55
1754123563.82346,3,0,-61
1754123563.86246,-5,-1,-53
1754123563.89846,-1,0,-60
1754123563.93646,1,1,-76
1754123563.97446,4,-5,-72
1754123564.01246,3,-5,-62
1754123564.04846,0,-6,-67
1754123564.08646,2,-3,-55
1754123564.12446,0,-7,-57
1754123564.16246,0,-1,-72
1754123564.19846,0,-5,-65
1754123564.24446,0,1,-70
1754123564.2824602,-1,0,-66
1754123564.31846,-1,-2,-71
1754123564.35646,-3,-8,-76
1754123564.3944602,2,0,-75
1754123564.43346,1,-1,-59
1754123564.46946,2,-2,-60
1754123564.50846,-1,-4,-67
1754123564.5464602,0,-14,-58
1754123564.58446,0,-6,-61
1754123564.62246,-3,-9,-67
1754123564.65846,-12,-10,-68
1754123564.69646,-5,-4,-67
1754123564.73446,0,-9,-56
1754123564.77346,0,-1,-62
1754123564.8094602,3,-3,-65
1754123564.84746,1,-3,-75
1754123564.88546,2,-6,-67
1754123564.9244602,8,-3,-58
1754123564.96246,2,-2,-54
1754123564.99846,-1,0,-46
1754123565.0364602,-5,3,-57
1754123565.0754602,0,-1,-65
1754123565.11346,-4,0,-66
1754123565.14946,-3,2,-71
1754123565.18846,1,0,-77
1754123565.22546,0,3,-66
1754123565.26446,0,8,-55
1754123565.30046,-2,6,-58
1754123565.3384602,-1,5,-62
1754123565.37646,0,6,-65
1754123565.4144602,-3,0,-75
1754123565.45346,0,3,-66
1754123565.48946,-1,-2,-62
1754123565.52746,-7,0,-55
1754123565.5654602,-5,2,-64
1754123565.60446,-6,-8,-63
1754123565.64046,-6,-6,-62
1754123565.67846,4,-1,-63
1754123565.7174602,-1,-3,-77
1754123565.75446,-1,-4,-71
1754123565.79346,2,5,-68
1754123565.83046,-3,1,-68
1754123565.86746,-2,3,-61
1754123565.90546,-5,9,-64
1754123565.9444602,-4,2,-74
1754123565.9804602,-1,1,-70
1754123566.01846,0,3,-66
1754123566.05646,3,-1,-68
1754123566.09446,2,0,-65
1754123566.13346,1,0,-67
1754123566.16946,-2,0,-55
1754123566.20646,6,0,-68
1754123566.24546,0,5,-66
1754123566.28346,0,2,-66
1754123566.3194602,-5,5,-66
1754123566.35646,5,1,-66
1754123566.39546,1,0,-53
1754123566.43346,0,-1,-67
1754123566.46946,3,0,-70
1754123566.5064602,1,3,-63
1754123566.54546,2,4,-69
1754123566.58346,2,1,-64
1754123566.61946,0,3,-59
1754123566.65646,-8,2,-63
1754123566.69546,-7,1,-64
1754123566.7334602,0,4,-67
1754123566.7694602,-10,0,-73
1754123566.80746,-4,3,-67
1754123566.8454602,-3,7,-54
1754123566.8844602,-4,5,-61
1754123566.92046,-7,5,-62
1754123566.95846,-5,-6,-61
1754123566.99746,-2,-8,-69
1754123567.03546,-6,-5,-65
1754123567.07346,0,-1,-59
1754123567.10946,1,-5,-60
1754123567.14746,0,-2,-60
1754123567.18546,-6,1,-59
1754123567.22446,0,-2,-57
1754123567.26046,-3,-5,-71
1754123567.29846,-1,3,-82
1754123567.33646,6,0,-73
1754123567.37546,-1,0,-72
1754123567.41346,-1,-10,-68
1754123567.4504602,-4,2,-72
1754123567.48846,-9,-2,-67
1754123567.52746,0,0,-65
1754123567.5654602,6,3,-68
1754123567.60146,2,0,-69
1754123567.6384602,5,4,-69
1754123567.6774602,2,-2,-73
1754123567.71546,-5,0,-60
1754123567.75146,-10,0,-53
1754123567.78846,-3,-1,-65
1754123567.82646,-2,0,-71
1754123567.8654602,-10,0,-70
1754123567.9014602,-3,-2,-62
1754123567.9404602,0,0,-58
1754123567.97846,-2,-2,-57
1754123568.01546,1,6,-61
1754123568.05446,-3,1,-55
1754123568.09046,-8,0,-57
1754123568.1284602,-4,1,-53
1754123568.16646,-4,-1,-60
1754123568.20546,6,1,-57
1754123568.24146,7,2,-59
1754123568.27846,1,1,-61
1754123568.31646,1,-4,-62
1754123568.3554602,7,-3,-71
1754123568.3914602,9,-4,-63
1754123568.42946,8,-3,-63
1754123568.4674602,7,2,-62
1754123568.5064602,-3,5,-57
1754123568.54446,5,-1,-70
1754123568.58046,-2,2,-72
1754123568.61746,-5,-1,-68
1754123568.65646,-2,0,-69
1754123568.6944602,2,0,-65
1754123568.7304602,-2,-1,-68
1754123568.76846,-5,1,-64
1754123568.80646,-6,-4,-55
1754123568.8454602,5,-5,-59
1754123568.88246,4,-8,-71
1754123568.91946,0,-2,-65
1754123568.9574602,0,0,-55
1754123568.9964602,0,-4,-68
1754123569.03446,-7,4,-67
1754123569.07046,2,3,-70
1754123569.1084602,4,0,-66
1754123569.14646,1,-1,-67
1754123569.1844602,-4,-2,-66
1754123569.2204602,-6,-7,-62
1754123569.25846,1,-6,-58
1754123569.2964602,4,-11,-73
1754123569.3354602,-1,-3,-58
1754123569.3714602,-9,0,-62
1754123569.40946,6,-4,-60
1754123569.4474602,9,1,-56
1754123569.4864602,0,4,-61
1754123569.52446,-1,0,-72
1754123569.56046,0,-3,-56
1754123569.59946,-2,-1,-62
1754123569.63646,-2,1,-55
1754123569.67546,-4,5,-61
1754123569.71146,-5,1,-55
1754123569.74846,-5,-1,-71
1754123569.7864602,-3,-6,-68
1754123569.8254602,-2,-4,-65
1754123569.8614602,0,-1,-66
1754123569.89846,-4,-2,-69
1754123569.93646,-4,3,-72
1754123569.97546,2,1,-72
1754123570.01146,2,-6,-65
1754123570.05046,0,-2,-65
1754123570.08746,7,-4,-56
1754123570.12646,1,-1,-65
1754123570.16246,1,1,-63
1754123570.2004602,1,2,-55
1754123570.23746,0,4,-55
1754123570.2764602,0,1,-62
1754123570.3124602,3,8,-66
1754123570.34946,0,1,-61
1754123570.38746,1,2,-70
1754123570.42646,-3,-4,-71
1754123570.46246,-1,0,-56
1754123570.49946,0,-1,-62
1754123570.53746,4,-4,-59
1754123570.57646,-2,-3,-68
1754123570.61246,-3,-1,-56
1754123570.65046,5,-5,-66
1754123570.68846,2,-5,-69
1754123570.72646,4,-11,-59
1754123570.76546,-4,-11,-60
1754123570.80146,0,-12,-64
1754123570.83946,0,-4,-75
1754123570.87746,0,-2,-65
1754123570.91646,-3,-3,-62
1754123570.95246,2,-1,-66
1754123570.9904602,10,4,-61
1754123571.02846,1,-5,-53
1754123571.06746,0,-5,-54
1754123571.1054602,-2,0,-67
1754123571.1414602,0,0,-63
1754123571.17846,-7,-3,-60
1754123571.2174602,-10,4,-55
1754123571.25546,-7,-1,-68
1754123571.29146,-2,2,-73
1754123571.32846,-5,-2,-71
1754123571.36746,-1,-6,-59
1754123571.40546,-5,-4,-74
1754123571.44146,-2,-3,-65
1754123571.4804602,-2,1,-61
1754123571.51746,-5,0,-64
1754123571.55646,2,2,-60
1754123571.5924602,0,0,-64
1754123571.63046,1,-4,-67
1754123571.66846,-10,3,-63
1754123571.7074602,-3,5,-69
1754123571.74546,0,3,-61
1754123571.78146,8,-1,-64
1754123571.8194602,0,-6,-58
1754123571.85746,6,-7,-58
1754123571.89646,1,-7,-54
1754123571.93346,0,1,-52
1754123571.9704602,2,3,-51
1754123572.00846,1,0,-57
1754123572.04746,1,1,-66
1754123572.0854602,-3,1,-66
1754123572.1214602,-2,-2,-64
1754123572.16046,1,0,-65
1754123572.1974602,7,-3,-67
1754123572.2364602,10,-4,-59
1754123572.27246,1,-4,-59
1754123572.31046,1,6,-65
1754123572.3484602,-6,-1,-70
1754123572.38746,0,0,-69
1754123572.42346,-4,4,-66
1754123572.4604602,0,-7,-70
1754123572.49846,-4,4,-60
1754123572.53746,-2,6,-62
1754123572.57346,0,2,-70
1754123572.61046,0,5,-60
1754123572.64846,-5,-3,-66
1754123572.6874602,1,0,-66
1754123572.7234602,7,6,-58
1754123572.76046,1,0,-67
1754123572.79846,-4,-6,-65
1754123572.83746,0,-1,-63
1754123572.87346,-2,-3,-57
1754123572.9114602,-3,1,-67
1754123572.94946,0,-2,-52
1754123572.98746,-4,1,-62
1754123573.0264602,-1,4,-68
1754123573.0624602,-4,-2,-69
1754123573.10046,0,0,-62
1754123573.1384602,-5,-2,-59
1754123573.1774602,0,-4,-65
1754123573.2134602,-1,1,-70
1754123573.25146,-4,0,-67
1754123573.2894602,0,3,-59
1754123573.32846,2,0,-74
1754123573.36646,6,-8,-63
1754123573.40246,7,-6,-64
1754123573.43946,0,0,-73
1754123573.47846,-1,-7,-61
1754123573.5164602,-3,-3,-54
1754123573.5524602,3,-3,-55
1754123573.59046,0,1,-66
1754123573.6284602,-3,3,-63
1754123573.6674602,1,2,-59
1754123573.70346,4,-1,-64
1754123573.74146,7,0,-73
1754123573.7794602,1,2,-52
1754123573.81846,-1,0,-63
1754123573.85646,-6,2,-65
1754123573.89246,-6,0,-57
1754123573.93046,-4,-9,-61
1754123573.96946,-4,-6,-67
1754123574.00746,-2,-6,-59
1754123574.04346,-1,-6,-62
1754123574.0824602,3,0,-70
1754123574.11946,-2,0,-64
1754123574.15846,2,-2,-71
1754123574.19646,-3,-1,-76
1754123574.23246,-1,-8,-67
1754123574.27846,2,-5,-60
1754123574.31646,0,-2,-57
1754123574.35246,-6,1,-69
1754123574.39046,-10,-9,-55
1754123574.42846,-4,-5,-59
1754123574.4674602,-13,-6,-56
1754123574.5034602,-4,-1,-61
1754123574.54146,-1,-1,-63
1754123574.57946,-2,7,-77
1754123574.6184602,-13,0,-71
1754123574.65546,-3,-1,-75
1754123574.69246,0,1,-78
1754123574.7304602,-2,-3,-79
1754123574.76846,0,-1,-69
1754123574.80746,-2,-1,-71
1754123574.84346,-1,-4,-72
1754123574.8814602,-2,-5,-71
1754123574.92046,-6,-3,-71
1754123574.95846,-9,-5,-63
1754123574.99446,-4,-5,-68
1754123575.0324602,-5,-4,-63
1754123575.07046,1,-2,-77
1754123575.1084602,-7,-2,-61
1754123575.14746,1,-4,-55
1754123575.18346,-1,5,-54
1754123575.22146,1,6,-50
1754123575.2594602,-3,-8,-59
1754123575.29846,3,0,-60
1754123575.3354602,-4,0,-61
1754123575.37246,-4,0,-61
1754123575.4114602,1,0,-63
1754123575.44946,-3,-8,-72
1754123575.48746,-4,-4,-69
1754123575.52346,0,1,-66
1754123575.56146,-2,-10,-68
1754123575.59946,-1,-7,-59
1754123575.63746,0,0,-72
1754123575.67346,-3,-1,-66
1754123575.71146,0,2,-64
1754123575.74946,-3,-1,-74
1754123575.78846,-3,-2,-76
1754123575.82446,-2,2,-71
1754123575.8614602,0,3,-69
1754123575.90046,2,-4,-66
1754123575.93846,10,-5,-72
1754123575.97446,-8,-1,-72
1754123576.0134602,2,-3,-58
1754123576.05046,2,1,-66
1754123576.08946,4,-1,-76
1754123576.12746,-2,-4,-69
1754123576.16346,3,-1,-63
1754123576.20146,0,1,-64
1754123576.23946,3,-7,-57
1754123576.27846,8,-1,-69
1754123576.31446,2,-5,-53
1754123576.35246,-2,-7,-65
1754123576.3914602,-2,-10,-68
1754123576.42946,-4,-3,-66
1754123576.4674602,0,1,-63
1754123576.5034602,0,-1,-53
1754123576.54146,1,-6,-77
1754123576.58046,-2,3,-74
1754123576.6184602,2,0,-55
1754123576.6544602,6,-4,-46
1754123576.69146,6,-5,-55
1754123576.7304602,5,-6,-64
1754123576.76846,0,-3,-62
1754123576.80446,-3,0,-63
1754123576.8424602,1,2,-62
1754123576.88046,-2,0,-58
1754123576.91946,-1,0,-58
1754123576.95546,-2,-4,-58
1754123576.9934602,2,-1,-61
1754123577.03146,-2,1,-67
1754123577.07046,-7,1,-46
1754123577.1084602,-6,-5,-65
1754123577.1444602,-6,-6,-65
1754123577.18246,-3,-2,-69
1754123577.2204602,-1,-5,-61
1754123577.2594602,2,0,-61
1754123577.29546,3,1,-65
1754123577.3324602,-3,-1,-65
1754123577.37046,-3,-2,-56
1754123577.40946,-2,3,-52
1754123577.44546,0,-2,-64
1754123577.48446,0,2,-58
1754123577.52146,-1,3,-71
1754123577.5594602,5,2,-50
1754123577.5984602,2,-6,-53
1754123577.6344602,4,-7,-64
1754123577.67246,2,0,-63
1754123577.7104602,3,-3,-75
1754123577.74946,0,-1,-62
1754123577.78546,-3,-3,-63
1754123577.82346,-1,-1,-67
1754123577.8614602,-1,-2,-72
1754123577.90046,-4,5,-65
1754123577.93846,0,0,-59
1754123577.97446,-2,4,-57
1754123578.01246,0,-1,-64
1754123578.05046,-8,3,-79
1754123578.08946,-1,0,-72
1754123578.12546,0,3,-70
1754123578.16246,3,-5,-67
1754123578.20146,-1,0,-63
1754123578.23946,-1,1,-65
1754123578.27546,2,1,-52
1754123578.3124602,-2,3,-56
1754123578.35046,-4,-4,-61
1754123578.38946,1,-1,-68
1754123578.42546,-3,3,-64
1754123578.4634602,-4,2,-54
1754123578.50146,-6,5,-65
1754123578.54046,4,-3,-66
1754123578.57846,9,-3,-67
1754123578.61446,4,-4,-63
1754123578.65246,5,-1,-64
1754123578.6904602,7,-1,-66
1754123578.72946,3,0,-70
1754123578.76546,1,0,-64
1754123578.8024602,0,-6,-60
1754123578.84046,3,-7,-60
1754123578.87946,2,0,-69
1754123578.91546,-1,-3,-77
1754123578.95346,4,-3,-72
1754123578.99146,1,0,-63
1754123579.03046,-5,0,-68
1754123579.06646,-6,-4,-65
1754123579.10446,-2,-3,-72
1754123579.14346,-3,0,-60
1754123579.18046,-2,2,-69
1754123579.21946,-2,0,-74
1754123579.25546,-3,0,-62
1754123579.29346,-3,-3,-52
1754123579.3324602,-1,3,-58
1754123579.37046,-3,-1,-57
1754123579.40646,-2,0,-57
1754123579.4444602,-3,2,-49
1754123579.48246,2,4,-61
1754123579.52046,4,6,-47
1754123579.5594602,2,1,-65
1754123579.5954602,-2,4,-67
1754123579.63246,0,7,-57
1754123579.67046,-8,0,-53
1754123579.70946,0,-3,-56
1754123579.74546,1,-7,-60
1754123579.7824602,0,-11,-66
1754123579.82046,-5,-1,-62
1754123579.85946,0,-1,-55
1754123579.89546,2,-2,-69
1754123579.93246,-3,4,-73
1754123579.97146,0,-1,-71
1754123580.0094602,1,-1,-76
1754123580.04546,1,2,-78
1754123580.0824602,-7,-3,-65
1754123580.1214602,-1,-1,-60
1754123580.15946,0,4,-63
1754123580.19546,6,-1,-68
1754123580.23246,0,0,-57
1754123580.27146,-2,6,-57
1754123580.3094602,3,-7,-62
1754123580.3454602,3,-1,-61
1754123580.38246,7,-12,-67
1754123580.4214602,3,-12,-63
1754123580.45946,-4,-5,-62
1754123580.49546,-1,-3,-59
1754123580.53346,10,-4,-69
1754123580.57146,1,1,-56
1754123580.61046,-3,-2,-64
1754123580.64646,0,-2,-63
1754123580.68346,5,-6,-64
1754123580.72146,0,-3,-66
1754123580.76046,-3,-2,-63
1754123580.7964602,-3,3,-63
1754123580.83346,-6,-2,-63
1754123580.8714602,-4,2,-54
1754123580.91046,-3,0,-48
1754123580.94646,3,-1,-56
1754123580.9834602,-1,-1,-66
1754123581.02146,4,0,-56
1754123581.06046,0,-1,-56
1754123581.09646,-4,-1,-65
1754123581.1344602,-4,-3,-64
1754123581.17346,0,-1,-50
1754123581.21146,0,1,-63
1754123581.24946,-2,0,-58
1754123581.2864602,-8,6,-72
1754123581.32446,-8,7,-70
1754123581.36246,-5,-2,-81
1754123581.4014602,-2,4,-76
1754123581.4374602,-6,0,-68
1754123581.47546,-3,1,-68
1754123581.5134602,-3,3,-67
1754123581.55146,-3,8,-60
1754123581.59046,-4,6,-76
1754123581.62646,-5,8,-81
1754123581.6644602,-6,-5,-72
1754123581.70246,-4,0,-68
1754123581.74146,3,5,-68
1754123581.77746,-2,-6,-64
1754123581.8154602,6,0,-57
1754123581.85446,3,-2,-51
1754123581.8914602,0,4,-56
1754123581.93046,2,5,-51
1754123581.96646,8,-4,-61
1754123582.00446,0,-4,-56
1754123582.0424602,-2,1,-66
1754123582.08146,1,-3,-60
1754123582.11746,8,2,-56
1754123582.1544602,5,9,-65
1754123582.19246,0,3,-67
1754123582.23146,0,-1,-66
1754123582.26746,-9,-1,-62
1754123582.30546,-7,-4,-63
1754123582.34346,-4,-4,-54
1754123582.38246,-2,-3,-62
1754123582.42046,2,0,-53
1754123582.45646,1,0,-61
1754123582.49446,-2,0,-60
1754123582.5324602,-2,4,-63
1754123582.57146,0,7,-61
1754123582.60746,2,4,-52
1754123582.6444602,-3,-2,-62
1754123582.68246,-5,0,-63
1754123582.72146,-2,-8,-70
1754123582.75746,-1,-6,-59
1754123582.79546,-6,-5,-64
1754123582.83346,-1,-7,-66
1754123582.87246,5,-1,-71
1754123582.91046,0,-2,-65
1754123582.94646,8,0,-59
1754123582.9834602,2,-2,-56
1754123583.02246,5,-1,-65
1754123583.06046,-5,0,-59
1754123583.09646,-8,-2,-61
1754123583.1344602,6,-5,-62
1754123583.17246,-2,1,-57
1754123583.21146,-4,-1,-65
1754123583.24746,0,1,-72
1754123583.28446,0,0,-77
1754123583.3224602,5,-1,-55
1754123583.3614602,-1,3,-63
1754123583.39746,-2,-4,-60
1754123583.43546,-4,2,-62
1754123583.4734602,3,0,-52
1754123583.51246,2,-2,-63
1754123583.55046,2,-5,-61
1754123583.58646,4,-2,-66
1754123583.62346,-7,0,-61
1754123583.66246,-2,3,-60
1754123583.69846,-3,-2,-59
1754123583.7364602,-7,0,-53
1754123583.77446,-7,1,-67
1754123583.81346,-1,2,-75
1754123583.85146,-5,-2,-63
1754123583.88746,-7,-3,-68
1754123583.92646,-7,-4,-62
1754123583.9634602,-9,0,-62
1754123584.00246,-1,0,-64
1754123584.03846,-4,4,-68
1754123584.0754602,1,2,-66
1754123584.11346,1,0,-61
1754123584.15246,0,-6,-58
1754123584.18846,1,-4,-55
1754123584.22646,1,0,-56
1754123584.2634602,-3,0,-59
1754123584.30746,0,0,-64
1754123584.3454602,-2,3,-65
1754123584.3844602,-1,2,-71
1754123584.42246,0,-8,-60
1754123584.45846,3,-5,-61
1754123584.49746,3,-9,-63
1754123584.53446,-7,-2,-65
1754123584.57346,-4,-3,-68
1754123584.6114602,0,-3,-65
1754123584.64746,4,0,-62
1754123584.6844602,2,8,-71
1754123584.7234602,5,3,-70
1754123584.76146,1,0,-67
1754123584.79746,2,0,-75
1754123584.83446,-1,4,-67
1754123584.87346,4,-3,-66
1754123584.9114602,2,2,-57
1754123584.9474602,9,2,-61
1754123584.9864602,1,-3,-67
1754123585.02346,0,-5,-51
1754123585.0624602,0,-1,-60
1754123585.0984602,-12,-3,-57
1754123585.13646,-4,-5,-61
1754123585.1744602,-4,1,-68
1754123585.2134602,-9,-1,-55
1754123585.25146,-2,-2,-53
1754123585.28746,-6,0,-57
1754123585.3254602,2,3,-61
1754123585.36346,0,2,-66
1754123585.40246,-7,2,-61
1754123585.43846,-5,0,-64
1754123585.47646,5,-2,-63
1754123585.51446,-2,1,-58
1754123585.55346,0,7,-60
1754123585.59146,1,2,-62
1754123585.62746,3,5,-72
1754123585.6644602,-3,0,-65
1754123585.70346,-4,-2,-58
1754123585.74146,-4,-6,-73
1754123585.77746,-1,-3,-64
1754123585.8154602,1,-2,-69
1754123585.85346,3,3,-68
1754123585.89246,10,-7,-66
1754123585.92846,8,-1,-70
1754123585.96646,4,5,-68
1754123586.00546,6,-2,-71
1754123586.04446,1,2,-64
1754123586.0824602,-1,3,-57
1754123586.1184602,2,0,-50
1754123586.15546,-4,0,-57
1754123586.19346,-1,-6,-55
1754123586.23246,2,-3,-71
1754123586.26846,0,-2,-64
1754123586.30746,3,0,-73
1754123586.3454602,4,0,-68
1754123586.38346,3,5,-56
1754123586.41946,-1,0,-58
1754123586.4574602,4,3,-52
1754123586.49546,1,1,-46
1754123586.53346,0,3,-52
1754123586.5724602,-7,1,-64
1754123586.6084602,-8,0,-75
1754123586.64546,-2,3,-63
1754123586.68346,4,2,-64
1754123586.72246,-3,-3,-68
1754123586.75846,0,1,-69
1754123586.79546,1,3,-67
1754123586.83446,-3,0,-53
1754123586.87246,-2,4,-55
1754123586.90846,4,-3,-63
1754123586.94546,0,0,-59
1754123586.98446,-1,1,-60
1754123587.02246,-4,-5,-54
1754123587.05846,-5,1,-60
1754123587.0954602,-2,0,-67
1754123587.1344602,-4,-3,-51
1754123587.17246,-2,0,-47
1754123587.20846,-1,8,-53
1754123587.24546,-6,1,-50
1754123587.28446,-7,7,-59
1754123587.3224602,2,-4,-72
1754123587.3584602,4,-3,-62
1754123587.39546,0,-2,-55
1754123587.4344602,2,-6,-56
1754123587.47246,-1,2,-67
1754123587.50846,-2,-3,-63
1754123587.5464602,1,-5,-67
1754123587.58446,6,-7,-62
1754123587.62346,7,-1,-61
1754123587.65946,-7,4,-55
1754123587.69646,-2,0,-56
1754123587.73446,3,-1,-60
1754123587.77346,5,0,-63
1754123587.8094602,-2,0,-69
1754123587.84646,-1,0,-67
1754123587.8844602,0,9,-61
1754123587.92346,1,-4,-54
1754123587.95946,-1,-4,-51
1754123587.99746,-2,0,-63
1754123588.03546,-4,-3,-69
1754123588.07446,0,4,-55
1754123588.11246,-3,2,-63
1754123588.14846,8,0,-59
1754123588.18646,2,0,-64
1754123588.22446,4,-4,-60
1754123588.2634602,0,-3,-50
1754123588.2994602,0,-5,-61
1754123588.33746,4,-2,-69
1754123588.37546,4,-3,-60
1754123588.4144602,3,0,-64
1754123588.4504602,-6,0,-63
1754123588.48846,0,-2,-63
1754123588.5264602,-4,-6,-57
1754123588.56446,-4,-6,-66
1754123588.60346,-5,-3,-71
1754123588.63946,-2,-2,-58
1754123588.6774602,-3,0,-55
1754123588.71546,2,-2,-48
1754123588.75446,3,9,-57
1754123588.79046,2,0,-59
1754123588.82746,5,-3,-55
1754123588.8654602,8,0,-63
1754123588.9044602,0,-5,-58
1754123588.9404602,0,-3,-57
1754123588.97746,-6,3,-59
1754123589.01546,-4,4,-63
1754123589.05446,4,-1,-61
1754123589.09046,4,-1,-60
1754123589.1284602,2,-2,-70
1754123589.16646,-5,1,-65
1754123589.20546,0,-2,-76
1754123589.2434602,4,-8,-69
1754123589.28046,9,2,-71
1754123589.31746,4,-5,-68
1754123589.35646,0,-6,-71
1754123589.3944602,1,-3,-59
1754123589.43046,-2,0,-57
1754123589.46846,-1,-1,-53
1754123589.5064602,-4,2,-52
1754123589.54546,-6,-3,-61
1754123589.58346,2,-5,-57
1754123589.61946,8,-6,-60
1754123589.65646,2,-6,-65
1754123589.69546,-7,0,-60
1754123589.7334602,-9,-6,-63
1754123589.7694602,-4,-3,-57
1754123589.80746,0,0,-62
1754123589.8454602,6,-7,-60
1754123589.8844602,6,-2,-59
1754123589.92046,-1,4,-62
1754123589.95846,-2,-4,-63
1754123589.9964602,-3,-1,-58
1754123590.03546,-2,1,-59
1754123590.07346,0,-3,-59
1754123590.10946,3,-4,-48
1754123590.14746,-2,0,-52
1754123590.18546,-2,0,-56
1754123590.22446,0,-7,-58
1754123590.26046,0,-11,-69
1754123590.29846,-4,0,-67
1754123590.33646,1,-3,-70
1754123590.37546,4,5,-66
1754123590.41346,5,-8,-68
1754123590.44946,-7,-3,-66
1754123590.48746,0,2,-52
1754123590.52546,-1,0,-68
1754123590.56446,2,-4,-60
1754123590.60046,1,-7,-68
1754123590.63746,1,0,-68
1754123590.67546,-3,-2,-75
1754123590.71446,-3,-3,-71
1754123590.75046,-3,-4,-72
1754123590.78846,4,-1,-54
1754123590.82746,5,-3,-61
1754123590.8654602,-2,0,-64
1754123590.9014602,0,-1,-50
1754123590.93846,0,5,-63
1754123590.97746,-7,2,-67
1754123591.01546,-4,0,-68
1754123591.05146,1,0,-69
1754123591.0884602,0,-6,-60
1754123591.12746,-5,-1,-66
1754123591.16546,0,3,-59
1754123591.20146,2,0,-58
1754123591.23846,-2,-5,-60
1754123591.2764602,2,-2,-63
1754123591.3154602,-1,-7,-72
1754123591.35146,-5,0,-69
1754123591.3884602,-6,2,-66
1754123591.42646,2,-2,-65
1754123591.46546,5,-3,-69
1754123591.50146,3,3,-50
1754123591.5394602,2,2,-62
1754123591.57646,3,2,-74
1754123591.6154602,5,0,-72
1754123591.6514602,2,-11,-69
1754123591.68846,-3,0,-61
1754123591.72646,3,0,-70
1754123591.76546,4,2,-72
1754123591.80146,-1,4,-76
1754123591.8384602,1,0,-67
1754123591.87646,5,-2,-56
1754123591.91546,-4,-4,-64
1754123591.95146,1,5,-75
1754123591.98846,-4,0,-70
1754123592.0264602,-3,-1,-63
1754123592.0654602,-1,-4,-69
1754123592.10146,5,-6,-66
1754123592.1384602,-4,0,-77
1754123592.17646,0,5,-77
1754123592.21546,0,-7,-73
1754123592.25146,1,1,-70
1754123592.28846,-2,3,-56
1754123592.32646,-4,3,-62
1754123592.3654602,2,7,-78
1754123592.4014602,-2,4,-67
1754123592.43946,-1,0,-63
1754123592.47846,-1,2,-65
1754123592.5164602,-1,-1,-65
1754123592.55446,-5,-8,-57
1754123592.59046,2,-4,-62
1754123592.6284602,1,4,-74
1754123592.66646,2,1,-57
1754123592.70546,2,4,-53
1754123592.74146,10,4,-57
1754123592.77846,-2,-8,-53
1754123592.81646,2,3,-65
1754123592.8554602,-2,3,-65
1754123592.8914602,0,-4,-63
1754123592.92946,-1,-4,-64
1754123592.9674602,0,-2,-58
1754123593.0064602,0,0,-67
1754123593.0424602,-9,1,-73
1754123593.08046,-4,-5,-76
1754123593.1184602,-4,-6,-61
1754123593.15646,-9,4,-53
1754123593.19546,-5,-2,-63
1754123593.23146,-8,0,-55
1754123593.2694602,1,-1,-63
1754123593.30746,-1,-2,-67
1754123593.34646,0,1,-64
1754123593.38246,4,8,-62
1754123593.42046,0,2,-65
1754123593.45846,-8,-3,-62
1754123593.4964602,-5,3,-62
1754123593.53546,-3,-3,-59
1754123593.57146,-6,-2,-59
1754123593.60946,2,-5,-64
1754123593.64746,-1,-1,-69
1754123593.68646,5,0,-70
1754123593.72246,3,0,-52
1754123593.7594602,3,-2,-61
1754123593.79846,2,7,-64
1754123593.83646,1,7,-63
1754123593.87246,-1,1,-62
1754123593.91046,-3,3,-65
1754123593.94846,0,0,-64
1754123593.98746,-5,1,-69
1754123594.02546,-5,0,-63
1754123594.06146,2,-2,-67
1754123594.0984602,-6,0,-64
1754123594.13746,0,-1,-75
1754123594.17546,2,0,-59
1754123594.21146,-8,-5,-65
1754123594.25046,-5,5,-65
1754123594.28746,-1,0,-69
1754123594.33146,-1,-5,-54
1754123594.37046,-1,0,-70
1754123594.4074602,-2,-3,-64
1754123594.44646,-3,-3,-63
1754123594.48246,0,-3,-50
1754123594.52046,6,1,-62
1754123594.5594602,0,2,-57
1754123594.59746,-2,1,-70
1754123594.63546,-3,2,-64
1754123594.6714602,-1,-1,-67
1754123594.70946,0,0,-66
1754123594.74746,0,-4,-64
1754123594.7864602,1,0,-62
1754123594.8224602,0,-7,-65
1754123594.86046,4,0,-49
1754123594.89846,2,0,-60
1754123594.9374602,3,-2,-71
1754123594.97546,-1,-7,-76
1754123595.01246,0,-4,-74
1754123595.05046,-1,2,-64
1754123595.0884602,10,2,-69
1754123595.12746,4,0,-68
1754123595.16346,5,-3,-68
1754123595.20146,0,0,-55
1754123595.23946,-3,-1,-59
1754123595.27746,0,-7,-70
1754123595.31646,0,-6,-61
1754123595.35246,-3,-3,-57
1754123595.39046,3,0,-66
1754123595.42846,-2,-3,-73
1754123595.4674602,2,-2,-65
1754123595.5034602,0,2,-66
1754123595.54046,1,1,-61
1754123595.57846,-1,10,-69
1754123595.61746,3,0,-72
1754123595.65346,-3,-1,-52
1754123595.69146,-5,1,-57
1754123595.7304602,-1,-6,-69
1754123595.76746,-9,-4,-62
1754123595.80646,0,0,-51
1754123595.8424602,0,-4,-59
1754123595.88046,1,-1,-66
1754123595.91846,-6,-3,-63
1754123595.9574602,-5,0,-58
1754123595.9934602,-8,1,-58
1754123596.03146,-1,4,-56
1754123596.0694602,0,1,-67
1754123596.1084602,3,0,-54
1754123596.14646,4,-5,-66
1754123596.18246,9,0,-66
1754123596.21946,2,-4,-66
1754123596.25846,-8,0,-72
1754123596.2964602,4,3,-70
1754123596.3324602,5,4,-56
1754123596.37046,3,5,-63
1754123596.40846,7,5,-58
1754123596.4474602,5,-3,-68
1754123596.4834602,0,-10,-66
1754123596.52146,3,-1,-59
1754123596.56046,-2,2,-59
1754123596.5984602,-9,-3,-64
1754123596.63646,-5,-6,-55
1754123596.67246,0,-4,-71
1754123596.7104602,-2,1,-74
1754123596.74846,1,7,-55
1754123596.78746,-4,0,-64
1754123596.82346,0,0,-62
1754123596.86046,1,2,-58
1754123596.89846,2,0,-61
1754123596.9374602,-2,0,-65
1754123596.9734602,0,6,-60
1754123597.01046,1,2,-58
1754123597.04846,-7,-6,-62
1754123597.08746,0,-8,-61
1754123597.12346,-1,-2,-59
1754123597.1614602,-3,-8,-67
1754123597.19946,0,0,-55
1754123597.23846,-6,1,-61
1754123597.2764602,0,-2,-64
1754123597.3124602,0,-2,-65
1754123597.35146,2,4,-72
1754123597.3884602,3,1,-63
1754123597.4274602,-4,1,-75
1754123597.4634602,-12,-1,-68
1754123597.50246,-3,1,-69
1754123597.5394602,1,7,-60
1754123597.57846,-1,3,-60
1754123597.61446,-4,1,-73
1754123597.65246,-2,3,-60
1754123597.68946,-2,3,-61
1754123597.72846,1,-2,-56
1754123597.76446,0,-5,-59
1754123597.80146,4,-6,-55
1754123597.83946,1,-6,-70
1754123597.8784602,5,-2,-60
1754123597.9144602,3,1,-69
1754123597.95246,0,-1,-61
1754123597.98946,0,-4,-61
1754123598.02846,0,-2,-64
1754123598.06446,0,-2,-69
1754123598.10246,1,-2,-72
1754123598.14046,5,-2,-72
1754123598.17846,6,2,-67
1754123598.2174602,0,-1,-62
1754123598.25446,-6,-6,-56
1754123598.29146,-1,0,-68
1754123598.32946,-8,-4,-64
1754123598.3684602,-5,-6,-69
1754123598.4044602,-2,-5,-73
1754123598.44346,-10,-3,-56
1754123598.4804602,-11,-4,-58
1754123598.5194602,-5,3,-66
1754123598.55746,-5,3,-55
1754123598.59346,2,-2,-59
1754123598.6314602,-1,-5,-72
1754123598.66946,-5,-3,-62
1754123598.70846,-4,1,-55
1754123598.74446,2,0,-65
1754123598.7824602,0,0,-62
1754123598.82046,0,-2,-67
1754123598.85946,-9,4,-66
1754123598.89746,-5,-4,-62
1754123598.93346,-3,4,-64
1754123598.97146,0,2,-70
1754123599.01046,-4,0,-62
1754123599.04846,-6,4,-61
1754123599.08446,4,1,-59
1754123599.1214602,8,6,-59
1754123599.15946,2,-3,-64
1754123599.19846,-1,0,-51
1754123599.23446,-5,-5,-66
1754123599.27346,2,-2,-57
1754123599.31046,0,-2,-63
1754123599.34946,-1,-1,-69
1754123599.38746,0,-7,-61
1754123599.42346,-1,-4,-61
1754123599.46146,-6,1,-57
1754123599.49946,0,-3,-73
1754123599.53846,-4,-2,-68
1754123599.57446,0,-5,-59
1754123599.61246,6,-6,-62
1754123599.64946,-5,-4,-61
1754123599.68846,-5,-4,-62
1754123599.72446,0,-12,-64
1754123599.76246,-1,-2,-70
1754123599.7994602,2,5,-61
1754123599.8384602,7,8,-59
1754123599.87446,2,-2,-68
1754123599.91246,-4,3,-61
1754123599.94946,-4,3,-68
1754123599.98846,2,0,-54
1754123600.02446,4,3,-47
1754123600.0624602,7,5,-69
1754123600.09946,-4,-2,-57
1754123600.1384602,3,-1,-67
1754123600.1744602,0,6,-58
1754123600.21246,-5,0,-56
1754123600.24946,1,0,-62
1754123600.28846,2,-2,-74
1754123600.32446,0,0,-66
1754123600.3614602,0,1,-64
1754123600.39946,4,4,-58
1754123600.43846,4,-4,-57
1754123600.47446,1,-6,-64
1754123600.51246,-1,-3,-70
1754123600.5494602,0,-1,-64
1754123600.5884602,0,4,-71
1754123600.62446,1,1,-64
1754123600.6614602,0,6,-54
1754123600.7004602,0,3,-65
1754123600.73846,-3,0,-60
1754123600.77446,6,-2,-53
1754123600.81146,1,-1,-58
1754123600.85046,5,-4,-69
1754123600.8884602,-3,-2,-64
1754123600.9244602,-8,-6,-74
1754123600.96246,-2,-15,-55
1754123601.00046,1,-3,-66
1754123601.0394602,1,0,-67
1754123601.0754602,0,0,-78
1754123601.11246,0,-2,-58
1754123601.15046,-2,-5,-71
1754123601.18946,0,-3,-63
1754123601.22546,-6,-3,-65
1754123601.2634602,3,-2,-68
1754123601.3024602,0,-1,-59
1754123601.34046,0,-4,-60
1754123601.3784602,2,-2,-64
1754123601.4144602,0,0,-67
1754123601.45146,3,-4,-66
1754123601.4904602,0,0,-69
1754123601.52846,0,-1,-63
1754123601.56446,4,-3,-72
1754123601.60246,-2,-3,-77
1754123601.64046,-1,-2,-70
1754123601.67946,-3,4,-68
1754123601.71546,-4,4,-66
1754123601.7534602,-2,0,-73
1754123601.79146,-4,1,-71
1754123601.83046,-5,-3,-74
1754123601.8684602,11,-3,-62
1754123601.90546,2,1,-71
1754123601.94246,-2,-3,-79
1754123601.9804602,-1,-5,-68
1754123602.0194602,-4,-10,-70
1754123602.05546,-2,-6,-64
1754123602.09346,1,1,-55
1754123602.1314602,1,-2,-64
1754123602.17046,6,0,-71
1754123602.20646,-2,2,-58
1754123602.24546,6,-9,-67
1754123602.2824602,0,-2,-74
1754123602.32046,11,2,-75
1754123602.35946,2,3,-70
1754123602.39546,-3,-1,-64
1754123602.43346,-1,-5,-67
1754123602.47146,-6,-4,-66
1754123602.51046,2,-3,-64
1754123602.5464602,3,-6,-72
1754123602.58446,3,-2,-57
1754123602.62246,7,0,-63
1754123602.66046,3,-2,-71
1754123602.69946,1,-6,-68
1754123602.73546,-1,-3,-51
1754123602.77346,-2,-7,-70
1754123602.81146,-6,-1,-65
1754123602.85046,1,3,-61
1754123602.88646,-2,2,-66
1754123602.9244602,0,2,-63
1754123602.96246,-4,-4,-67
1754123603.00146,-1,-5,-72
1754123603.0394602,-2,1,-73
1754123603.0754602,0,7,-70
1754123603.11246,3,3,-74
1754123603.1514602,0,10,-76
1754123603.18946,-2,-1,-64
1754123603.22546,1,-4,-67
1754123603.2634602,-5,-10,-68
1754123603.30146,-1,0,-73
1754123603.34046,0,0,-67
1754123603.37646,-4,-2,-63
1754123603.4144602,-2,-8,-66
1754123603.45246,-3,0,-65
1754123603.49146,2,2,-58
1754123603.5294602,-4,0,-65
1754123603.5654602,-10,-3,-64
1754123603.60346,-4,-1,-54
1754123603.6414602,-7,0,-59
1754123603.68046,-8,-3,-56
1754123603.71646,-6,-1,-62
1754123603.75546,4,-3,-62
1754123603.7924602,4,-6,-72
1754123603.83146,-1,2,-76
1754123603.86946,1,2,-70
1754123603.90546,0,0,-68
1754123603.94246,-2,1,-59
1754123603.98146,-2,3,-56
1754123604.0194602,4,-3,-59
1754123604.05546,-2,-1,-69
1754123604.09346,-5,3,-62
1754123604.1314602,3,0,-54
1754123604.17046,6,-2,-67
1754123604.20646,-1,-5,-68
1754123604.24446,-1,-6,-60
1754123604.2824602,8,0,-62
1754123604.32146,-2,-2,-59
1754123604.36446,0,-3,-71
1754123604.40246,-1,1,-74
1754123604.44146,6,-1,-56
1754123604.47746,0,0,-58
1754123604.51446,-1,2,-53
1754123604.5524602,5,3,-55
1754123604.59146,7,0,-59
1754123604.62746,4,1,-72
1754123604.6644602,0,-3,-66
1754123604.70246,2,-2,-69
1754123604.74146,-8,-1,-58
1754123604.77746,-6,-3,-67
1754123604.8154602,-9,3,-61
1754123604.85446,-2,-3,-57
1754123604.8914602,-5,-2,-57
1754123604.93046,2,0,-64
1754123604.96646,-1,-7,-80
1754123605.00446,3,-2,-72
1754123605.0424602,1,-1,-71
1754123605.08146,-1,-8,-66
1754123605.11746,-4,-4,-62
1754123605.15546,1,-1,-61
1754123605.19346,5,-7,-79
1754123605.23146,7,0,-66
1754123605.27046,6,-3,-62
1754123605.30646,7,-2,-53
1754123605.34346,7,1,-71
1754123605.38246,4,0,-65
1754123605.42046,2,-1,-70
1754123605.45646,1,1,-66
1754123605.4934602,2,0,-61
1754123605.5324602,2,-6,-55
1754123605.57046,-3,-3,-57
1754123605.60646,2,-6,-63
1754123605.6444602,5,-15,-57
1754123605.68246,2,-13,-54
1754123605.72146,4,-5,-55
1754123605.75746,3,-1,-52
1754123605.79546,0,-1,-53
1754123605.83346,3,3,-59
1754123605.87246,3,2,-65
1754123605.91046,-4,-2,-63
1754123605.94646,0,-3,-69
1754123605.98546,-3,-3,-61
1754123606.02246,0,-2,-66
1754123606.06146,1,4,-65
1754123606.09746,-3,-1,-69
1754123606.13546,4,2,-59
1754123606.17346,5,-4,-65
1754123606.21246,7,-1,-63
1754123606.25046,2,-5,-58
1754123606.2864602,-1,-6,-55
1754123606.32446,1,-7,-64
1754123606.36246,-5,2,-55
1754123606.4014602,-3,1,-65
1754123606.4374602,0,-5,-64
1754123606.47646,6,-1,-68
1754123606.5134602,0,-1,-65
1754123606.5524602,-1,3,-66
1754123606.5884602,-2,1,-66
1754123606.62646,-1,0,-57
1754123606.66546,-5,2,-68
1754123606.70246,-2,0,-58
1754123606.74146,4,5,-67
1754123606.77746,2,3,-67
1754123606.8154602,5,0,-72
1754123606.85246,-7,0,-67
1754123606.8914602,-5,-2,-54
1754123606.9274602,-6,1,-66
1754123606.96546,0,0,-63
1754123607.0034602,-1,0,-62
1754123607.0424602,-5,-6,-54
1754123607.07846,3,-9,-58
1754123607.11646,8,-2,-61
1754123607.1544602,1,0,-69
1754123607.19346,3,-1,-73
1754123607.23146,1,-3,-68
1754123607.26746,-11,-5,-60
1754123607.30546,-1,-6,-59
1754123607.34346,-3,-2,-62
1754123607.38246,5,-1,-72
1754123607.41846,6,-7,-76
1754123607.45546,1,-2,-60
1754123607.4934602,-2,8,-62
1754123607.5324602,-7,-2,-69
1754123607.56846,0,-1,-66
1754123607.60646,-4,5,-67
1754123607.6444602,8,5,-59
1754123607.68346,-1,-1,-61
1754123607.72146,1,0,-70
1754123607.75746,3,-4,-76
1754123607.79546,-6,-9,-69
1754123607.83346,-2,0,-56
1754123607.87246,-5,0,-64
1754123607.90846,-10,0,-65
1754123607.94646,-7,-1,-70
1754123607.98446,-8,-2,-66
1754123608.02346,1,-3,-60
1754123608.06146,-1,0,-61
1754123608.09746,1,-2,-60
1754123608.13546,-1,-5,-62
1754123608.17346,0,-2,-55
1754123608.21246,2,-3,-54
1754123608.24846,-1,1,-60
1754123608.2864602,-5,-1,-68
1754123608.32446,4,3,-72
1754123608.36346,5,0,-62
1754123608.4014602,0,0,-57
1754123608.4374602,-3,1,-68
1754123608.47546,7,4,-61
1754123608.5134602,5,5,-51
1754123608.5524602,0,2,-59
1754123608.5884602,-9,2,-58
1754123608.62746,-5,4,-73
1754123608.6644602,0,2,-67
1754123608.70346,-2,1,-64
1754123608.74146,7,-5,-73
1754123608.77746,2,-2,-64
1754123608.81646,4,-2,-70
1754123608.85346,3,0,-71
1754123608.89246,3,2,-74
1754123608.92846,-5,-4,-66
1754123608.96646,-3,-2,-72
1754123609.00446,-3,0,-69
1754123609.04346,-1,-4,-69
1754123609.07946,-1,-2,-68
1754123609.11746,-1,0,-76
1754123609.15546,-2,-5,-70
1754123609.19346,5,-4,-69
1754123609.23246,0,0,-71
1754123609.26846,0,0,-71
1754123609.30646,1,5,-60
1754123609.34446,-1,6,-60
1754123609.38346,-3,-4,-56
1754123609.41946,3,-2,-60
1754123609.45846,3,2,-46
1754123609.49546,-5,0,-49
1754123609.53346,4,0,-72
1754123609.5724602,9,-2,-62
1754123609.6084602,-1,1,-54
1754123609.64646,-4,-2,-64
1754123609.6844602,0,-4,-64
1754123609.7234602,1,-3,-64
1754123609.7594602,-2,-3,-59
1754123609.79746,-8,2,-64
1754123609.8354602,0,8,-72
1754123609.87446,8,1,-70
1754123609.91246,-1,-1,-62
1754123609.94846,-1,-5,-70
1754123609.98746,0,-1,-64
1754123610.02446,-5,1,-67
1754123610.06346,-8,5,-65
1754123610.09946,-5,0,-75
1754123610.13746,-7,-3,-74
1754123610.17546,-8,3,-72
1754123610.21446,-3,3,-60
1754123610.25246,-1,0,-68
1754123610.28846,-3,-4,-65
1754123610.32646,-7,-9,-62
1754123610.36446,-9,-9,-66
1754123610.40346,-2,-4,-63
1754123610.43946,-1,-7,-62
1754123610.47746,0,-11,-57
1754123610.51546,-1,-8,-61
1754123610.55446,-1,0,-60
1754123610.5924602,0,-1,-64
1754123610.6284602,8,-1,-61
1754123610.6674602,-1,-2,-57
1754123610.70446,1,0,-67
1754123610.7434602,-7,-1,-61
1754123610.7794602,-8,-4,-62
1754123610.81746,-4,0,-70
1754123610.8554602,-4,4,-76
1754123610.8944602,8,4,-69
1754123610.93246,5,3,-66
1754123610.96846,3,3,-65
1754123611.00546,10,6,-60
1754123611.04446,6,5,-60
1754123611.0824602,0,0,-59
1754123611.1184602,3,4,-72
1754123611.15546,1,5,-63
1754123611.1944602,3,-3,-71
1754123611.2304602,-6,1,-67
1754123611.26846,-6,0,-55
1754123611.30646,-7,0,-65
1754123611.34446,-1,2,-73
1754123611.38346,0,-5,-78
1754123611.42046,7,2,-58
1754123611.45846,0,0,-54
1754123611.49546,-3,1,-58
1754123611.53446,2,-2,-62
1754123611.57046,6,-2,-59
1754123611.60746,3,-6,-68
1754123611.64546,-5,-4,-63
1754123611.6844602,4,-1,-68
1754123611.7204602,1,-6,-64
1754123611.75746,-3,-5,-64
1754123611.79546,0,-1,-59
1754123611.83446,-2,-2,-51
1754123611.87046,4,-3,-44
1754123611.9074602,-1,-3,-56
1754123611.94546,-3,0,-60
1754123611.98446,-10,1,-54
1754123612.02046,-5,-1,-58
1754123612.0594602,3,0,-65
1754123612.09646,7,1,-70
1754123612.13546,0,2,-60
1754123612.17346,1,5,-57
1754123612.20946,-5,3,-64
1754123612.24746,1,-3,-55
1754123612.28546,2,-8,-63
1754123612.32446,3,-9,-66
1754123612.36046,0,-6,-57
1754123612.39846,-5,2,-53
1754123612.43646,3,2,-52
1754123612.47546,0,0,-56
1754123612.5134602,2,4,-68
1754123612.5494602,6,-4,-76
1754123612.5884602,0,0,-74
1754123612.62646,9,-2,-50
1754123612.6644602,9,1,-57
1754123612.7004602,1,0,-52
1754123612.73846,0,0,-59
1754123612.77546,0,-4,-53
1754123612.81446,4,-4,-60
1754123612.85046,-3,-13,-53
1754123612.8884602,-4,-6,-55
1754123612.92646,-2,-3,-57
1754123612.96546,3,-9,-59
1754123613.0034602,-6,0,-58
1754123613.0394602,-9,-6,-52
1754123613.07746,-7,0,-58
1754123613.1154602,-6,0,-65
1754123613.1544602,-4,1,-66
1754123613.1904602,-3,-3,-67
1754123613.22846,-5,-2,-69
1754123613.2664602,-5,0,-66
1754123613.30546,-4,-3,-58
1754123613.34346,-1,5,-62
1754123613.37946,-3,1,-66
1754123613.41646,-9,-3,-77
1754123613.45546,5,-2,-60
1754123613.49146,-2,0,-60
1754123613.5294602,-2,1,-67
1754123613.56746,2,8,-65
1754123613.6054602,-6,0,-66
1754123613.6444602,2,0,-60
1754123613.68046,-2,-1,-54
1754123613.71846,-1,-11,-63
1754123613.7564602,-3,-3,-80
1754123613.79546,-10,-1,-70
1754123613.83146,-4,-6,-63
1754123613.86946,4,-3,-52
1754123613.9074602,-2,-2,-58
1754123613.94546,-5,-6,-60
1754123613.98446,-2,1,-81
1754123614.02046,0,3,-73
1754123614.05846,1,-5,-82
1754123614.09746,0,0,-73
1754123614.13546,-11,-1,-64
1754123614.1714602,-2,1,-60
1754123614.20946,5,3,-74
1754123614.24746,3,3,-60
1754123614.28546,3,0,-70
1754123614.32446,-5,-5,-70
1754123614.3684602,2,0,-63
1754123614.40646,0,0,-63
1754123614.44546,7,-4,-51
1754123614.48146,-1,-4,-51
1754123614.5194602,-1,-3,-55
1754123614.55746,5,2,-59
1754123614.59646,-4,-2,-56
1754123614.6344602,-5,0,-53
1754123614.67046,5,3,-59
1754123614.7074602,1,-3,-70
1754123614.7464602,0,-2,-65
1754123614.78446,0,-10,-58
1754123614.82046,-1,-3,-70
1754123614.8584602,3,0,-57
1754123614.89746,0,-7,-53
1754123614.93546,-10,-1,-50
1754123614.97246,-8,-2,-49
1754123615.0094602,-4,3,-57
1754123615.04746,1,4,-64
1754123615.08646,7,-3,-73
1754123615.12446,3,4,-63
1754123615.16046,1,5,-52
1754123615.1974602,-4,3,-66
1754123615.2364602,-3,5,-71
1754123615.27446,-2,-4,-60
1754123615.31046,6,0,-72
1754123615.34746,2,6,-63
1754123615.38646,-5,-1,-66
1754123615.4244602,0,0,-64
1754123615.4604602,-6,0,-63
1754123615.49846,-3,1,-60
1754123615.5364602,-2,2,-60
1754123615.5754602,-3,2,-68
1754123615.6114602,0,0,-71
1754123615.64846,5,0,-65
1754123615.68646,0,-6,-70
1754123615.72546,-4,-1,-75
1754123615.76146,0,-3,-71
1754123615.7994602,0,-1,-73
1754123615.83746,-5,-3,-71
1754123615.87646,-6,-1,-66
1754123615.91246,3,3,-65
1754123615.94946,1,0,-56
1754123615.98746,0,0,-61
1754123616.0264602,0,0,-56
1754123616.0624602,3,-1,-46
1754123616.10046,4,-3,-67
1754123616.1384602,1,-4,-69
1754123616.1774602,-7,-5,-66
1754123616.21546,-6,-4,-50
1754123616.25146,-9,-5,-56
1754123616.29046,-13,3,-59
1754123616.32746,-5,-2,-67
1754123616.36646,-6,-5,-67
1754123616.40346,-4,-4,-70
1754123616.4404602,-8,0,-70
1754123616.47846,-12,5,-66
1754123616.5164602,0,3,-61
1754123616.55546,-3,1,-59
1754123616.59146,-4,-2,-69
1754123616.62946,5,-5,-68
1754123616.6674602,8,8,-70
1754123616.70646,-3,-3,-56
1754123616.74246,-2,-3,-63
1754123616.78146,-10,0,-61
1754123616.81846,2,0,-63
1754123616.85746,7,-1,-65
1754123616.89546,7,0,-60
1754123616.93146,0,4,-63
1754123616.9704602,-1,5,-59
1754123617.00746,-4,-1,-67
1754123617.0464602,-3,5,-53
1754123617.0824602,-5,6,-59
1754123617.12046,3,2,-64
1754123617.1574602,-4,-3,-56
1754123617.19646,-11,2,-61
1754123617.23246,-11,0,-63
1754123617.27046,-7,-4,-67
1754123617.30846,1,-1,-65
1754123617.34746,3,-6,-72
1754123617.38546,3,-3,-58
1754123617.4214602,3,-2,-73
1754123617.45946,4,-7,-63
1754123617.49846,2,0,-61
1754123617.5364602,3,-1,-69
1754123617.5724602,5,-5,-66
1754123617.61046,-1,9,-65
1754123617.64846,5,5,-69
1754123617.6874602,-2,-1,-80
1754123617.72546,5,-3,-65
1754123617.76146,0,-3,-58
1754123617.79846,0,0,-65
1754123617.83746,-4,-4,-65
1754123617.87546,-3,0,-66
1754123617.9114602,-2,0,-63
1754123617.94846,0,-2,-51
1754123617.9864602,0,-5,-54
1754123618.02246,-1,-5,-64
1754123618.06046,-4,-2,-69
1754123618.0984602,-1,-6,-61
1754123618.13746,-1,-1,-57
1754123618.17346,3,-6,-50
1754123618.21146,8,-3,-58
1754123618.24946,4,-2,-62
1754123618.28746,-5,1,-62
1754123618.32646,-6,2,-66
1754123618.36246,-4,2,-61
1754123618.40046,-2,0,-61
1754123618.43846,-1,-6,-68
1754123618.47746,6,-3,-69
1754123618.5134602,6,-2,-60
1754123618.55146,0,-5,-63
1754123618.58946,4,0,-66
1754123618.62746,-5,1,-70
1754123618.66646,-2,4,-67
1754123618.70246,2,1,-65
1754123618.73946,5,-5,-69
1754123618.77746,5,-7,-65
1754123618.81646,1,-2,-65
1754123618.85246,0,-5,-53
1754123618.8914602,0,-1,-47
1754123618.92846,-5,0,-50
1754123618.9674602,-7,-1,-54
1754123619.0034602,-7,0,-50
1754123619.04146,2,-8,-51
1754123619.07946,0,-1,-64
1754123619.1184602,-8,2,-66
1754123619.15646,-5,2,-58
1754123619.19246,-7,0,-59
1754123619.2304602,-1,-9,-68
1754123619.26846,-2,-10,-64
1754123619.30746,-5,-2,-62
1754123619.34346,-4,-5,-49
1754123619.38246,0,-6,-50
1754123619.41946,1,-4,-60
1754123619.45846,-2,-1,-60
1754123619.4964602,-1,2,-58
1754123619.5324602,-5,1,-62
1754123619.57046,6,-5,-61
1754123619.6084602,-7,-7,-69
1754123619.64746,-10,-4,-65
1754123619.68346,-5,0,-70
1754123619.72146,-8,6,-72
1754123619.7594602,-5,0,-58
1754123619.79846,2,-2,-56
1754123619.83646,-10,-13,-67
1754123619.87246,0,0,-61
1754123619.90946,-4,-3,-69
1754123619.94846,0,0,-63
1754123619.9864602,-6,5,-57
1754123620.02246,-4,0,-67
1754123620.06046,-1,0,-58
1754123620.09946,1,0,-56
1754123620.13746,-1,-5,-61
1754123620.17346,0,-2,-59
1754123620.21146,-5,-8,-62
1754123620.24946,-2,-8,-62
1754123620.28846,-1,-4,-74
1754123620.32646,-6,6,-68
1754123620.36246,-7,8,-63
1754123620.40046,0,2,-63
1754123620.43846,0,2,-61
1754123620.47746,2,2,-78
1754123620.5134602,4,3,-70
1754123620.55146,-3,0,-66
1754123620.58946,-6,1,-66
1754123620.6284602,-1,-4,-60
1754123620.6644602,9,-6,-59
1754123620.70246,1,-1,-57
1754123620.7404602,-5,0,-64
1754123620.77846,-3,0,-73
1754123620.81746,1,-6,-59
1754123620.85346,-3,-2,-60
1754123620.89246,-5,2,-71
1754123620.92946,-3,1,-58
1754123620.96846,-4,-3,-67
1754123621.00446,1,-3,-63
1754123621.0424602,1,-7,-53
1754123621.08046,3,-4,-60
1754123621.1184602,0,-1,-58
1754123621.1574602,-4,-5,-58
1754123621.19346,1,-8,-64
1754123621.23146,1,-7,-67
1754123621.2694602,0,-3,-63
1754123621.30846,-4,-1,-65
1754123621.34446,-1,3,-62
1754123621.38346,-1,0,-62
1754123621.42046,6,5,-69
1754123621.45946,6,2,-73
1754123621.49746,5,-1,-63
1754123621.53346,1,-5,-59
1754123621.5724602,6,-6,-57
1754123621.60946,0,-3,-60
1754123621.64846,3,-2,-65
1754123621.6844602,-3,2,-67
1754123621.72146,-13,-7,-71
1754123621.7594602,-9,-7,-62
1754123621.79846,-12,0,-73
1754123621.83446,-4,1,-70
1754123621.87246,-9,3,-74
1754123621.91046,1,-2,-70
1754123621.94946,2,1,-58
1754123621.98746,-3,2,-60
1754123622.02346,-2,-1,-49
1754123622.06146,1,-1,-61
1754123622.09946,6,-2,-70
1754123622.1384602,3,-6,-63
1754123622.17546,2,-5,-65
1754123622.21246,0,-1,-66
1754123622.25046,1,4,-76
1754123622.2894602,4,2,-64
1754123622.32746,0,-9,-70
1754123622.36346,8,-6,-68
1754123622.40046,6,-5,-65
1754123622.43946,3,2,-55
1754123622.47746,4,-2,-60
1754123622.5134602,-2,-3,-66
1754123622.55146,2,0,-62
1754123622.58946,2,0,-66
1754123622.6284602,-4,3,-58
1754123622.6644602,-4,3,-58
1754123622.70146,-1,-1,-60
1754123622.73946,3,-4,-58
1754123622.77846,4,-4,-62
1754123622.81446,-3,-3,-54
1754123622.85246,1,-1,-64
1754123622.89046,1,1,-67
1754123622.92946,0,1,-66
1754123622.96546,0,3,-69
1754123623.00246,0,-7,-75
1754123623.04046,9,1,-68
1754123623.07946,-7,0,-74
1754123623.1154602,-6,1,-58
1754123623.15346,-1,1,-63
1754123623.19146,0,2,-60
1754123623.22946,-3,1,-59
1754123623.26846,-1,1,-63
1754123623.30446,1,-3,-59
1754123623.34346,0,-5,-72
1754123623.38046,-9,2,-61
1754123623.41946,2,0,-55
1754123623.45546,9,3,-56
1754123623.4934602,0,-2,-57
1754123623.53146,2,-8,-46
1754123623.5694602,3,-2,-62
1754123623.6084602,-3,-8,-70
1754123623.6444602,-3,-1,-65
1754123623.68246,4,-8,-61
1754123623.7204602,1,-6,-67
1754123623.7594602,2,-6,-55
1754123623.7964602,1,-9,-63
1754123623.83346,9,1,-60
1754123623.8714602,2,3,-61
1754123623.91046,-4,-3,-68
1754123623.94846,-7,-3,-63
1754123623.98446,-5,5,-59
1754123624.02346,2,-4,-61
1754123624.06046,-1,-3,-56
1754123624.09946,0,-5,-69
1754123624.13546,6,-5,-69
1754123624.17346,-2,0,-56
1754123624.21146,-1,-1,-63
1754123624.25046,2,5,-61
1754123624.28846,1,-1,-65
1754123624.32446,-2,-5,-60
1754123624.36246,0,-3,-64
1754123624.40846,-3,0,-56
1754123624.4444602,0,0,-50
1754123624.48246,5,3,-52
1754123624.52046,2,0,-59
1754123624.5594602,-3,1,-73
1754123624.5954602,1,3,-79
1754123624.63346,0,4,-80
1754123624.6714602,6,-5,-64
1754123624.7104602,3,-3,-66
1754123624.74846,0,2,-50
1754123624.78446,-3,-1,-66
1754123624.82346,-4,2,-62
1754123624.86046,-1,2,-74
1754123624.89946,-2,1,-73
1754123624.93546,0,2,-69
1754123624.97246,-6,4,-67
1754123625.01046,1,-3,-63
1754123625.0494602,3,-7,-66
1754123625.0854602,0,-4,-65
1754123625.12346,-9,-13,-66
1754123625.16046,-3,-10,-64
1754123625.19946,1,0,-61
1754123625.23546,0,4,-65
1754123625.27246,1,5,-54
1754123625.31046,3,-3,-60
1754123625.34946,-1,-1,-73
1754123625.38546,-3,4,-81
1754123625.42246,-2,2,-63
1754123625.4604602,-3,0,-68
1754123625.49946,-5,0,-57
1754123625.53546,3,1,-57
1754123625.5724602,-2,-5,-64
1754123625.61046,6,-8,-64
1754123625.64946,6,-3,-68
1754123625.68546,4,-2,-62
1754123625.72246,-3,1,-60
1754123625.76046,-5,4,-66
1754123625.7994602,0,2,-55
1754123625.8354602,0,4,-64
1754123625.87246,-2,9,-67
1754123625.9114602,3,-3,-61
1754123625.94946,-2,-1,-63
1754123625.98546,-1,-2,-73
1754123626.02346,5,-2,-61
1754123626.06146,1,-4,-63
1754123626.10046,7,-15,-72
1754123626.13646,-4,-3,-74
1754123626.1744602,0,7,-66
1754123626.21246,7,-4,-51
1754123626.25146,-3,-3,-63
1754123626.2894602,0,5,-61
1754123626.3254602,4,6,-70
1754123626.36346,-5,0,-66
1754123626.4014602,-2,-1,-71
1754123626.4404602,-3,2,-72
1754123626.47646,-5,-1,-73
1754123626.51446,-3,1,-69
1754123626.5524602,2,4,-66
1754123626.59146,5,-5,-53
1754123626.62946,0,4,-63
1754123626.66546,2,-5,-63
1754123626.70246,1,-4,-69
1754123626.74146,-8,-8,-66
1754123626.7794602,-8,0,-57
1754123626.8154602,-10,0,-56
1754123626.85246,0,2,-63
1754123626.8914602,3,4,-71
1754123626.92946,5,1,-65
1754123626.96546,2,2,-65
1754123627.00246,0,2,-70
1754123627.04146,0,1,-69
1754123627.07946,-3,1,-62
1754123627.1154602,0,1,-60
1754123627.15246,-1,-2,-54
1754123627.19146,-3,-3,-80
1754123627.22746,5,-3,-68
1754123627.26546,2,0,-65
1754123627.30346,11,-7,-61
1754123627.34146,5,-6,-59
1754123627.38046,4,-11,-64
1754123627.41646,-2,0,-68
1754123627.45446,-4,0,-71
1754123627.49246,2,2,-69
1754123627.53146,2,-3,-57
1754123627.56746,1,-2,-61
1754123627.60446,2,-4,-57
1754123627.64246,-7,-5,-67
1754123627.68146,0,-10,-57
1754123627.7174602,-2,-2,-56
1754123627.75546,-11,2,-67
1754123627.79346,-12,-1,-60
1754123627.83146,-1,0,-68
1754123627.87046,-4,-3,-76
1754123627.90646,-10,-7,-72
1754123627.9444602,-1,2,-67
1754123627.98246,4,-1,-59
1754123628.02146,1,2,-68
1754123628.05746,5,0,-65
1754123628.09446,1,-4,-59
1754123628.13246,0,3,-59
1754123628.1714602,-6,-12,-59
1754123628.2074602,-4,-3,-57
1754123628.24546,7,1,-55
1754123628.28346,-4,3,-58
1754123628.3224602,-11,2,-75
1754123628.36046,-1,-1,-75
1754123628.39646,0,-2,-82
1754123628.43546,-2,6,-59
1754123628.47246,-2,3,-61
1754123628.51146,-2,0,-61
1754123628.54846,0,0,-66
1754123628.5854602,-4,-1,-68
1754123628.62446,-2,2,-74
1754123628.66246,1,-5,-66
1754123628.7004602,-5,-6,-63
1754123628.7364602,-1,-1,-56
1754123628.77446,-3,-2,-52
1754123628.8124602,-6,-5,-61
1754123628.85146,-2,-2,-63
1754123628.88746,-8,0,-64
1754123628.92546,-2,0,-69
1754123628.9634602,0,-2,-76
1754123629.00246,-5,2,-67
1754123629.04046,-1,0,-60
1754123629.07646,-2,-1,-55
1754123629.1154602,0,0,-63
1754123629.15246,-2,-3,-61
1754123629.19146,0,-1,-66
1754123629.22746,-5,-6,-65
1754123629.26546,-4,0,-57
1754123629.30346,-3,-1,-61
1754123629.3424602,-12,-3,-65
1754123629.38046,-7,-7,-61
1754123629.4174602,0,-5,-59
1754123629.45546,1,-2,-65
1754123629.49446,-2,-4,-67
1754123629.5324602,1,-2,-67
1754123629.56846,3,-5,-67
1754123629.60746,7,1,-52
1754123629.6444602,5,-1,-53
1754123629.68246,1,-7,-56
1754123629.72146,0,-1,-64
1754123629.75746,0,-2,-70
1754123629.79546,-9,0,-63
1754123629.83346,1,1,-68
1754123629.87246,-1,1,-75
1754123629.90846,-2,0,-69
1754123629.94646,1,1,-56
1754123629.98446,4,0,-58
1754123630.02246,4,0,-57
1754123630.06146,7,1,-69
1754123630.0984602,-3,1,-67
1754123630.13546,-6,0,-65
1754123630.17346,-3,-3,-68
1754123630.21246,-1,2,-70
1754123630.24846,3,3,-55
1754123630.28546,2,-5,-54
1754123630.32346,5,4,-62
1754123630.36246,1,8,-56
1754123630.39846,2,8,-59
1754123630.43546,0,0,-62
1754123630.4734602,0,-3,-57
1754123630.51246,-8,-8,-67
1754123630.54846,-2,-4,-64
1754123630.58646,-4,3,-62
1754123630.62446,-2,0,-65
1754123630.66346,-4,-1,-68
1754123630.70146,-6,4,-63
1754123630.73746,1,0,-65
1754123630.77546,2,-8,-70
1754123630.81346,-2,-10,-60
1754123630.85246,2,6,-62
1754123630.8884602,-2,4,-70
1754123630.92646,-1,0,-77
1754123630.96446,4,4,-73
1754123631.0034602,-4,2,-71
1754123631.04146,-4,5,-75
1754123631.07746,-10,4,-75
1754123631.1154602,2,-4,-71
1754123631.15346,1,0,-67
1754123631.19246,-2,-6,-64
1754123631.22846,-1,0,-63
1754123631.26746,-7,-4,-62
1754123631.30446,0,-4,-71
1754123631.34346,0,5,-69
1754123631.3814602,-1,6,-56
1754123631.4174602,0,7,-54
1754123631.45446,1,3,-64
1754123631.4934602,6,-1,-68
1754123631.53146,0,-9,-59
1754123631.56746,2,-3,-65
1754123631.60446,-3,4,-58
1754123631.64346,-4,4,-62
1754123631.68146,0,0,-64
1754123631.7174602,0,-3,-70
1754123631.75446,-5,-3,-66
1754123631.79346,-1,-5,-72
1754123631.82946,-1,-6,-74
1754123631.86746,0,-9,-79
1754123631.90646,-2,-5,-67
1754123631.94346,-2,3,-68
1754123631.98246,0,0,-61
1754123632.01846,-4,-2,-55
1754123632.05646,3,1,-56
1754123632.09446,4,-1,-58
1754123632.13346,1,0,-65
1754123632.16946,8,-1,-62
1754123632.20646,5,-7,-69
1754123632.24446,7,-2,-73
1754123632.28346,7,-4,-66
1754123632.3194602,0,-2,-66
1754123632.35646,7,4,-63
1754123632.39546,3,4,-69
1754123632.43346,1,10,-57
1754123632.46946,1,1,-57
1754123632.5064602,2,-2,-69
1754123632.54446,3,-5,-67
1754123632.58346,1,0,-77
1754123632.61946,2,1,-68
1754123632.65646,-1,3,-72
1754123632.6944602,-1,0,-78
1754123632.7334602,0,-4,-64
1754123632.7694602,5,-5,-74
1754123632.80746,0,-2,-62
1754123632.8454602,0,-10,-61
1754123632.8844602,-4,-2,-64
1754123632.92246,-7,6,-58
1754123632.95846,0,3,-59
1754123632.9964602,3,-3,-60
1754123633.03446,-5,-1,-68
1754123633.07346,2,5,-61
1754123633.10946,0,2,-57
1754123633.14646,-3,0,-56
1754123633.1844602,-4,1,-56
1754123633.2234602,0,0,-72
1754123633.2594602,5,0,-62
1754123633.2964602,0,0,-60
1754123633.33446,-4,-1,-64
1754123633.37346,-2,0,-61
1754123633.40946,-5,5,-67
1754123633.4474602,-4,0,-65
1754123633.48546,-1,-4,-63
1754123633.52446,-1,3,-62
1754123633.5624602,0,4,-68
1754123633.5984602,-5,0,-65
1754123633.63646,-7,-6,-65
1754123633.6744602,7,-8,-69
1754123633.7134602,-2,-5,-64
1754123633.74946,-2,-1,-61
1754123633.78846,6,0,-78
1754123633.8254602,-3,4,-84
1754123633.86446,1,-2,-80
1754123633.90246,7,-2,-68
1754123633.93846,2,-5,-69
1754123633.97646,-8,0,-72
1754123634.01446,-6,2,-66
1754123634.05346,3,4,-61
1754123634.08946,0,1,-59
1754123634.12646,1,9,-52
1754123634.1644602,4,2,-57
1754123634.20346,9,4,-65
1754123634.23946,3,2,-55
1754123634.2764602,4,1,-61
1754123634.31446,-4,-1,-64
1754123634.35346,-4,-2,-64
1754123634.38946,-1,-2,-66
1754123634.43546,-1,0,-59
1754123634.4734602,-3,-3,-73
1754123634.5094602,-1,-4,-69
1754123634.54746,-3,-2,-63
1754123634.5854602,0,2,-60
1754123634.62446,0,0,-62
1754123634.66046,1,1,-63
1754123634.69946,5,-2,-50
1754123634.7364602,-2,-4,-55
1754123634.77546,-4,-5,-64
1754123634.81346,1,-5,-63
1754123634.84946,-2,-4,-69
1754123634.8884602,-1,-3,-75
1754123634.92546,-3,-4,-78
1754123634.96446,-2,-2,-64
1754123635.00046,0,2,-64
1754123635.03746,-8,-5,-71
1754123635.0754602,-1,-1,-50
1754123635.11446,-4,1,-72
1754123635.15046,-1,-1,-68
1754123635.18846,5,2,-63
1754123635.22646,-2,0,-46
1754123635.26546,5,-3,-58
1754123635.30346,4,-1,-64
1754123635.33946,1,0,-64
1754123635.37746,9,4,-58
1754123635.41546,3,4,-76
1754123635.45446,2,5,-66
1754123635.4904602,0,4,-66
1754123635.52846,-1,-3,-69
1754123635.5654602,-3,-1,-71
1754123635.60446,-2,-2,-69
1754123635.64046,-6,-5,-73
1754123635.67846,2,0,-65
1754123635.71646,0,3,-64
1754123635.75546,0,-1,-75
1754123635.79346,1,-6,-56
1754123635.82946,-5,-7,-63
1754123635.86746,-1,-1,-65
1754123635.90546,3,3,-68
1754123635.9444602,0,0,-63
1754123635.9804602,-2,0,-58
1754123636.01846,-2,-1,-57
1754123636.05746,-4,-2,-56
1754123636.0954602,3,-1,-58
1754123636.13346,-3,4,-63
1754123636.16946,-2,0,-56
1754123636.2074602,0,3,-57
1754123636.24546,0,2,-69
1754123636.28446,-4,0,-61
1754123636.32046,-6,3,-65
1754123636.3584602,0,4,-58
1754123636.39746,0,-3,-59
1754123636.43546,1,4,-65
1754123636.47146,0,0,-64
1754123636.50846,2,6,-73
1754123636.5464602,3,-3,-67
1754123636.5854602,-6,-1,-65
1754123636.6214602,-1,0,-65
1754123636.65946,-6,2,-69
1754123636.69846,-1,-3,-62
1754123636.7364602,1,3,-76
1754123636.77446,2,-10,-71
1754123636.81046,1,-6,-66
1754123636.8484602,-6,-5,-54
1754123636.88646,-2,-10,-65
1754123636.92546,-5,-4,-71
1754123636.96146,0,3,-81
1754123636.99846,1,-4,-72
1754123637.0364602,-3,-8,-64
1754123637.0754602,-2,-3,-66
1754123637.1114602,-1,2,-70
1754123637.14946,-6,6,-70
1754123637.1874602,-8,2,-71
1754123637.22546,-3,-6,-64
1754123637.26446,-1,-2,-64
1754123637.30046,-2,-9,-61
1754123637.3384602,0,-8,-60
1754123637.37746,5,-3,-70
1754123637.41546,2,0,-70
1754123637.45146,0,3,-68
1754123637.48946,-1,2,-60
1754123637.5264602,2,0,-55
1754123637.5654602,4,-4,-63
1754123637.60146,0,-3,-55
1754123637.63946,-5,7,-55
1754123637.6774602,0,2,-69
1754123637.71646,0,-4,-68
1754123637.75446,1,-5,-66
1754123637.79046,3,-5,-74
1754123637.82846,-4,4,-72
1754123637.86646,-4,1,-63
1754123637.90546,0,2,-71
1754123637.94146,2,0,-71
1754123637.97846,0,-2,-58
1754123638.01746,6,-3,-59
1754123638.05546,0,-1,-56
1754123638.09146,-2,0,-64
1754123638.12946,10,-1,-73
1754123638.1674602,3,-7,-66
1754123638.20646,0,1,-70
1754123638.24446,-1,4,-61
1754123638.28046,-2,0,-66
1754123638.31846,-4,5,-67
1754123638.35646,-4,0,-65
1754123638.3944602,1,4,-63
1754123638.43046,0,3,-68
1754123638.46846,-1,-7,-62
1754123638.5064602,-2,-5,-68
1754123638.54446,-7,-1,-72
1754123638.58046,-1,-4,-61
1754123638.6184602,6,1,-68
1754123638.65646,-2,5,-67
1754123638.69546,-2,0,-68
1754123638.73146,-3,4,-62
1754123638.76846,-1,-1,-62
1754123638.80646,-2,0,-64
1754123638.8454602,0,-1,-68
1754123638.8814602,-6,2,-72
1754123638.91846,-7,0,-73
1754123638.95646,0,1,-67
1754123638.99546,-1,-4,-61
1754123639.03146,-1,0,-69
1754123639.0694602,4,0,-71
1754123639.10746,4,3,-69
1754123639.14646,-4,-7,-71
1754123639.18246,3,-3,-64
1754123639.2204602,0,5,-68
1754123639.25846,1,2,-66
1754123639.2964602,0,-3,-66
1754123639.3354602,-6,-4,-73
1754123639.3714602,2,-5,-62
1754123639.40946,0,-2,-65
1754123639.4474602,1,3,-67
1754123639.4864602,-2,0,-68
1754123639.52246,-2,-5,-59
1754123639.56046,-9,1,-66
1754123639.5984602,-7,5,-62
1754123639.63746,-5,0,-64
1754123639.67546,-9,-4,-68
1754123639.71146,-2,-2,-67
1754123639.74946,-1,3,-69
1754123639.78746,-3,0,-65
1754123639.82646,-6,0,-74
1754123639.86246,-9,2,-61
1754123639.90046,-1,4,-63
1754123639.9374602,5,0,-64
1754123639.97646,0,0,-59
1754123640.01246,3,-2,-53
1754123640.05046,-2,0,-54
1754123640.0884602,-2,-2,-52
1754123640.12746,-11,-5,-59
1754123640.16546,-2,0,-61
1754123640.20146,1,-4,-74
1754123640.23946,2,-7,-57
1754123640.27846,-1,1,-61
1754123640.31646,1,-5,-57
1754123640.35246,-8,-11,-65
1754123640.39046,2,-4,-60
1754123640.42846,-1,-1,-55
1754123640.4674602,-4,-1,-61
1754123640.50546,-1,-7,-61
1754123640.54146,-1,-1,-59
1754123640.57946,2,5,-57
1754123640.61746,-1,-2,-61
1754123640.65646,2,-5,-70
1754123640.69246,1,-5,-63
1754123640.7304602,5,-5,-69
1754123640.76846,8,0,-66
1754123640.80746,2,1,-68
1754123640.8454602,-1,0,-76
1754123640.8814602,-5,0,-62
1754123640.91946,-6,2,-60
1754123640.9574602,4,3,-59
1754123640.9964602,6,-1,-64
1754123641.03346,10,2,-63
1754123641.07046,0,7,-59
1754123641.1084602,0,-2,-76
1754123641.14746,-4,-6,-66
1754123641.18346,1,-1,-62
1754123641.22146,12,5,-60
1754123641.26046,6,-2,-66
1754123641.29846,3,4,-73
1754123641.33646,4,3,-73
1754123641.37246,4,-1,-70
1754123641.41046,5,0,-69
1754123641.44946,2,0,-72
1754123641.48746,8,-4,-67
1754123641.52346,1,3,-61
1754123641.56046,2,6,-55
1754123641.59946,8,0,-57
1754123641.63746,-3,4,-69
1754123641.67346,1,-1,-79
1754123641.7104602,0,5,-68
1754123641.74946,2,2,-77
1754123641.78746,2,7,-73
1754123641.82346,4,3,-74
1754123641.86046,0,-4,-79
1754123641.89946,0,0,-72
1754123641.9374602,0,0,-63
1754123641.9734602,0,2,-62
1754123642.01046,0,0,-53
1754123642.0494602,0,1,-55
1754123642.08746,2,0,-63
1754123642.12346,-5,0,-75
1754123642.16046,6,5,-70
1754123642.19946,3,3,-57
1754123642.23746,4,0,-66
1754123642.27346,10,-5,-60
1754123642.31146,-1,-1,-53
1754123642.34946,-2,0,-64
1754123642.3884602,-6,6,-64
1754123642.42646,-6,1,-62
1754123642.46246,0,3,-65
1754123642.49946,-3,-1,-65
1754123642.53846,-3,2,-66
1754123642.57646,-3,-2,-61
1754123642.61246,-1,2,-59
1754123642.65046,-5,-3,-61
1754123642.68946,-1,-1,-65
1754123642.72746,0,0,-59
1754123642.7634602,-3,4,-59
1754123642.8024602,0,2,-71
1754123642.83946,0,3,-67
1754123642.8784602,0,-1,-60
1754123642.91646,-2,-1,-60
1754123642.95246,-3,0,-61
1754123642.98946,0,2,-52
1754123643.02846,-3,-1,-59
1754123643.06646,-4,-9,-58
1754123643.10246,7,-2,-64
1754123643.13946,5,2,-68
1754123643.17846,1,0,-61
1754123643.21646,-1,0,-58
1754123643.25246,1,0,-63
1754123643.2894602,-3,1,-59
1754123643.32846,-4,4,-63
1754123643.36446,-4,-1,-61
1754123643.40246,0,-4,-75
1754123643.4404602,-2,-6,-64
1754123643.47846,0,-1,-55
1754123643.51746,-8,2,-53
1754123643.55346,0,-4,-61
1754123643.5924602,-8,-4,-72
1754123643.62946,-5,-1,-65
1754123643.66846,0,-5,-61
1754123643.70446,-2,-4,-57
1754123643.74246,1,6,-58
1754123643.78046,0,0,-62
1754123643.81846,-9,-2,-67
1754123643.85746,-6,-5,-65
1754123643.89346,0,0,-65
1754123643.93146,-4,0,-61
1754123643.96846,1,-4,-72
1754123644.00746,0,0,-60
1754123644.04346,2,-1,-60
1754123644.08146,3,3,-69
1754123644.11946,4,-4,-57
1754123644.15846,3,-1,-61
1754123644.1944602,0,-1,-54
1754123644.23246,-11,-3,-60
1754123644.27046,-8,-2,-58
1754123644.3094602,-4,0,-61
1754123644.34746,-1,-3,-57
1754123644.38346,-5,0,-62
1754123644.42046,-5,-6,-73
1754123644.46446,2,5,-69
1754123644.50246,0,1,-67
1754123644.54046,-4,-3,-61
1754123644.57946,-1,0,-71
1754123644.61746,0,2,-70
1754123644.65346,-5,3,-67
1754123644.69246,-1,1,-72
1754123644.72946,-5,-1,-71
1754123644.76846,-3,-2,-72
1754123644.80446,-3,2,-72
1754123644.8424602,1,0,-70
1754123644.88046,9,-3,-80
1754123644.91946,0,5,-66
1754123644.9574602,0,1,-73
1754123644.9934602,3,1,-68
1754123645.03046,3,-6,-68
1754123645.0694602,0,-2,-63
1754123645.10746,1,-6,-62
1754123645.14346,4,-5,-67
1754123645.18046,0,0,-69
1754123645.21946,-2,9,-60
1754123645.25746,-5,4,-51
1754123645.29346,1,2,-56
1754123645.33046,2,-3,-64
1754123645.36946,-4,-1,-54
1754123645.4074602,0,8,-61
1754123645.44346,-4,3,-57
1754123645.4804602,2,0,-55
1754123645.5194602,0,0,-64
1754123645.55546,-2,3,-59
1754123645.59346,5,2,-53
1754123645.6314602,1,-2,-63
1754123645.66946,0,2,-67
1754123645.70846,-2,-1,-68
1754123645.74446,4,-7,-68
1754123645.7824602,-2,-2,-68
1754123645.82146,-3,2,-65
1754123645.85946,-2,-1,-55
1754123645.89546,-5,-1,-49
1754123645.93346,-3,-8,-51
1754123645.97146,-3,-8,-55
1754123646.0094602,0,-3,-61
1754123646.04846,-4,-4,-61
1754123646.08446,0,-1,-57
1754123646.12246,0,0,-62
1754123646.16046,6,-2,-61
1754123646.19946,7,-6,-63
1754123646.23546,-3,-3,-56
1754123646.27446,2,1,-72
1754123646.31146,0,-1,-57
1754123646.35046,-5,0,-45
1754123646.3884602,0,-2,-60
1754123646.4244602,6,3,-71
1754123646.46146,1,-1,-74
1754123646.50046,-3,2,-68
1754123646.53846,-1,5,-75
1754123646.57446,0,0,-76
1754123646.61346,1,0,-82
1754123646.65046,-1,-8,-69
1754123646.68946,-2,-6,-57
1754123646.72546,-1,0,-60
1754123646.7634602,-5,0,-67
1754123646.80046,-2,0,-66
1754123646.83946,4,-4,-71
1754123646.87546,0,0,-59
1754123646.91246,-1,-6,-58
1754123646.9504602,1,-1,-65
1754123646.98946,2,1,-69
1754123647.02546,0,-1,-81
1754123647.06346,-1,0,-70
1754123647.10246,0,0,-58
1754123647.14046,-4,-6,-63
1754123647.17846,1,2,-59
1754123647.21446,2,2,-71
1754123647.25246,4,-1,-70
1754123647.29046,-3,1,-67
1754123647.32946,-5,6,-63
1754123647.3654602,-1,3,-50
1754123647.40346,-4,1,-51
1754123647.44146,-9,-5,-63
1754123647.4804602,-5,2,-76
1754123647.51846,-5,5,-65
1754123647.55446,0,2,-54
1754123647.59146,6,3,-62
1754123647.63046,10,-2,-61
1754123647.66846,1,4,-59
1754123647.70446,2,0,-59
1754123647.74146,0,0,-67
1754123647.78046,-5,-3,-64
1754123647.81846,-1,-4,-60
1754123647.85446,1,1,-61
1754123647.8914602,3,0,-58
1754123647.93046,2,-2,-58
1754123647.96646,11,-7,-57
1754123648.00446,3,0,-60
1754123648.0424602,-1,-3,-60
1754123648.08046,-2,-4,-57
1754123648.11946,-2,-3,-61
1754123648.15546,-2,-8,-68
1754123648.19346,-1,-7,-58
1754123648.23146,-2,-13,-55
1754123648.27046,-4,-9,-55
1754123648.30646,-8,-1,-53
1754123648.34446,-1,0,-64
1754123648.38246,-1,-4,-59
1754123648.42046,-2,-2,-52
1754123648.45946,-2,5,-69
1754123648.49546,-1,7,-76
1754123648.53346,-4,0,-51
1754123648.57146,-7,-3,-53
1754123648.61046,1,0,-52
1754123648.64646,-3,-2,-55
1754123648.68546,0,-2,-47
1754123648.7234602,3,-4,-62
1754123648.76046,-4,-1,-57
1754123648.7994602,3,0,-65
1754123648.8354602,3,-1,-64
1754123648.87346,3,2,-57
1754123648.9114602,2,-2,-49
1754123648.9504602,2,5,-57
1754123648.9864602,1,0,-62
1754123649.02346,-5,4,-66
1754123649.0624602,-5,-1,-63
1754123649.10046,2,-1,-66
1754123649.13646,-3,-3,-64
1754123649.1744602,3,0,-68
1754123649.21246,-2,6,-62
1754123649.25146,7,3,-56
1754123649.2894602,0,3,-67
1754123649.3254602,3,-3,-69
1754123649.36346,1,-3,-65
1754123649.4014602,0,-1,-61
1754123649.4404602,-1,2,-71
1754123649.47646,-4,0,-77
1754123649.51546,-1,-1,-71
1754123649.5524602,0,-2,-58
1754123649.59146,7,4,-58
1754123649.62946,8,5,-57
1754123649.66546,7,-2,-58
1754123649.70246,-5,0,-58
1754123649.74146,-3,-7,-58
1754123649.7794602,-4,-4,-61
1754123649.8154602,-5,4,-67
1754123649.85346,-5,3,-65
1754123649.8914602,-12,3,-81
1754123649.93046,1,-5,-77
1754123649.96646,5,-3,-70
1754123650.0034602,5,-3,-74
1754123650.04146,0,-3,-66
1754123650.08046,6,4,-68
1754123650.11646,-2,3,-68
1754123650.1544602,0,-5,-61
1754123650.19246,-1,-1,-60
1754123650.23146,0,1,-61
1754123650.26746,0,0,-74
1754123650.30446,0,0,-72
1754123650.3424602,0,1,-67
1754123650.3814602,-1,-1,-55
1754123650.4174602,0,6,-60
1754123650.45646,-8,5,-68
1754123650.4934602,-5,1,-71
1754123650.53146,0,4,-66
1754123650.57046,3,2,-66
1754123650.60646,-1,0,-69
1754123650.6444602,4,-2,-57
1754123650.68246,4,-5,-59
1754123650.72146,4,-1,-52
1754123650.75746,2,-5,-65
1754123650.79546,-5,5,-59
1754123650.83346,-4,2,-66
1754123650.8714602,-2,0,-69
1754123650.91046,0,-4,-50
1754123650.9474602,0,2,-54
1754123650.98546,0,-2,-55
1754123651.02246,8,-4,-56
1754123651.06146,10,0,-57
1754123651.09746,-2,0,-61
1754123651.13546,3,-6,-72
1754123651.17246,1,-5,-72
1754123651.21146,7,0,-68
1754123651.24746,3,-1,-51
1754123651.28546,-7,-4,-56
1754123651.32346,-2,0,-56
1754123651.36246,-6,1,-60
1754123651.40046,1,2,-62
1754123651.43646,-3,2,-66
1754123651.47446,2,0,-56
1754123651.51246,3,3,-59
1754123651.55146,0,4,-64
1754123651.58746,-3,-2,-62
1754123651.62546,0,-5,-54
1754123651.6644602,-7,0,-55
1754123651.70246,-2,3,-56
1754123651.7404602,2,2,-66
1754123651.7764602,0,4,-62
1754123651.81346,-8,-4,-68
1754123651.85246,3,-1,-64
1754123651.89046,-2,1,-63
1754123651.92646,0,0,-66
1754123651.96446,9,-1,-68
1754123652.00246,9,-9,-72
1754123652.04146,3,-4,-76
1754123652.07746,-4,-2,-68
1754123652.1154602,0,0,-45
1754123652.1544602,5,11,-59
1754123652.19246,2,8,-64
1754123652.2304602,3,2,-63
1754123652.2664602,7,-2,-70
1754123652.30446,-1,0,-60
1754123652.3424602,-3,-1,-53
1754123652.3814602,-5,-2,-66
1754123652.41846,-8,-1,-71
1754123652.45546,0,5,-66
1754123652.4934602,-1,-3,-70
1754123652.5324602,0,-5,-63
1754123652.56846,0,3,-59
1754123652.6054602,0,0,-64
1754123652.64346,0,-3,-55
1754123652.68246,-3,3,-58
1754123652.71846,0,-6,-56
1754123652.7564602,-6,-6,-71
1754123652.79446,-6,1,-68
1754123652.8324602,-4,0,-63
1754123652.8714602,-7,2,-53
1754123652.9074602,-1,1,-60
1754123652.9444602,7,-1,-57
1754123652.9834602,0,-8,-64
1754123653.02146,-4,0,-59
1754123653.05746,-8,-1,-67
1754123653.0954602,-3,0,-60
1754123653.13346,5,-4,-61
1754123653.17246,2,-6,-59
1754123653.20846,5,-2,-74
1754123653.24746,0,-6,-68
1754123653.28446,-2,-1,-62
1754123653.3224602,-6,2,-68
1754123653.3614602,-3,0,-71
1754123653.39746,-4,1,-72
1754123653.43546,0,4,-65
1754123653.4734602,1,-2,-58
1754123653.51246,2,0,-59
1754123653.54846,4,3,-63
1754123653.58646,3,1,-56
1754123653.62446,0,2,-57
1754123653.66346,-1,-2,-65
1754123653.70146,-2,-8,-59
1754123653.73746,-1,0,-57
1754123653.77546,-1,3,-62
1754123653.81346,1,5,-66
1754123653.85146,4,2,-64
1754123653.88746,3,4,-62
1754123653.92546,5,-1,-61
1754123653.9634602,3,-7,-54
1754123654.00146,-8,0,-56
1754123654.03746,-5,2,-70
1754123654.07446,-6,1,-65
1754123654.11346,-7,-2,-56
1754123654.1514602,3,3,-51
1754123654.1874602,0,3,-49
1754123654.22446,2,7,-58
1754123654.2634602,1,12,-66
1754123654.30146,-3,0,-72
1754123654.33746,0,0,-59
1754123654.37446,-4,0,-56
1754123654.41346,-3,2,-76
1754123654.45146,1,1,-63
1754123654.4964602,-4,0,-65
1754123654.53446,2,0,-57
1754123654.5724602,0,-1,-66
1754123654.6084602,-2,0,-65
1754123654.64746,-3,-2,-60
1754123654.6844602,-4,0,-59
1754123654.7234602,0,2,-62
1754123654.7594602,5,8,-67
1754123654.7964602,-2,-1,-57
1754123654.83446,-6,0,-60
1754123654.87346,0,-2,-63
1754123654.90946,4,0,-61
1754123654.94646,5,-11,-66
1754123654.98446,3,-5,-69
1754123655.02346,0,-1,-73
1754123655.0594602,2,0,-73
1754123655.09646,-4,-2,-59
1754123655.1344602,1,0,-57
1754123655.17346,-1,4,-84
1754123655.20946,-7,4,-68
1754123655.24846,-4,9,-70
1754123655.28546,-5,6,-68
1754123655.32346,-8,4,-71
1754123655.36246,-7,-3,-65
1754123655.39946,-2,1,-72
1754123655.4374602,0,0,-62
1754123655.47446,4,0,-67
1754123655.5134602,8,-3,-59
1754123655.5494602,7,-1,-61
1754123655.58746,4,0,-54
1754123655.62646,2,12,-47
1754123655.66346,-8,2,-57
1754123655.70246,-3,-4,-51
1754123655.73846,-5,0,-59
1754123655.7764602,-2,-3,-60
1754123655.81446,-1,0,-62
1754123655.85346,-4,-4,-58
1754123655.88946,0,0,-51
1754123655.92646,2,1,-57
1754123655.96446,1,3,-43
1754123656.0034602,5,-5,-51
1754123656.0394602,-5,-2,-55
1754123656.07746,-4,-6,-62
1754123656.1154602,2,-3,-65
1754123656.1544602,3,-3,-56
1754123656.19246,10,2,-56
1754123656.22846,3,7,-67
1754123656.2664602,-4,6,-63
1754123656.30446,-1,1,-56
1754123656.3424602,-3,5,-63
1754123656.3784602,-1,-1,-64
1754123656.41646,-7,-3,-64
1754123656.45546,-7,-3,-55
1754123656.4934602,-11,-1,-55
1754123656.5294602,-1,-5,-58
1754123656.56746,0,-6,-60
1754123656.6054602,1,-2,-61
1754123656.6444602,-3,-5,-59
1754123656.68246,-3,3,-59
1754123656.71846,0,0,-61
1754123656.75746,0,-4,-61
1754123656.79446,0,-2,-61
1754123656.83346,1,3,-71
1754123656.86946,-2,-1,-59
1754123656.9074602,-5,-3,-63
1754123656.94546,-1,0,-60
1754123656.98446,0,7,-57
1754123657.02046,0,6,-65
1754123657.05746,-9,4,-69
1754123657.0954602,-5,0,-68
1754123657.1344602,-1,2,-68
1754123657.17046,1,0,-69
1754123657.20846,3,1,-56
1754123657.24546,3,6,-58
1754123657.28446,0,-1,-57
1754123657.32046,-1,0,-56
1754123657.35746,2,3,-59
1754123657.39546,1,-2,-69
1754123657.4344602,2,-2,-63
1754123657.4704602,-2,0,-72
1754123657.50846,-2,0,-66
1754123657.5464602,0,0,-74
1754123657.5854602,-5,8,-71
1754123657.62346,-4,0,-54
1754123657.65946,0,2,-63
1754123657.69646,-10,0,-54
1754123657.73446,-3,-2,-67
1754123657.77346,-1,-3,-67
1754123657.8094602,-7,0,-72
1754123657.84646,-8,2,-66
1754123657.8844602,7,6,-62
1754123657.92346,-2,-1,-54
1754123657.95946,-3,2,-65
1754123657.9964602,1,-5,-59
1754123658.03546,7,2,-70
1754123658.07346,0,0,-68
1754123658.10946,1,-3,-66
1754123658.14746,0,-2,-64
1754123658.18546,5,-6,-65
1754123658.22446,3,-4,-62
1754123658.26046,-3,-6,-59
1754123658.29846,-3,0,-65
1754123658.33646,0,-1,-67
1754123658.37546,-5,0,-61
1754123658.41346,-3,-5,-59
1754123658.44946,-2,-4,-59
1754123658.48746,-8,1,-66
1754123658.52546,-1,9,-78
1754123658.56446,-3,2,-55
1754123658.60046,0,1,-61
1754123658.63746,1,4,-66
1754123658.67546,-3,-3,-62
1754123658.71446,0,0,-71
1754123658.75146,-2,0,-56
1754123658.78846,-1,-2,-71
1754123658.82646,3,-6,-63
1754123658.8654602,-4,0,-57
1754123658.90346,-3,-1,-66
1754123658.93946,-1,5,-64
1754123658.97846,-3,3,-54
1754123659.01546,3,2,-65
1754123659.05446,-4,0,-72
1754123659.09046,-4,-1,-77
1754123659.1284602,-6,1,-80
1754123659.16646,-3,1,-81
1754123659.20546,-1,0,-57
1754123659.2434602,-2,0,-64
1754123659.2794602,3,2,-60
1754123659.31746,0,-4,-46
1754123659.3554602,-1,2,-54
1754123659.3944602,-5,0,-58
1754123659.43046,1,2,-63
1754123659.46846,2,0,-70
1754123659.50746,-1,-1,-69
1754123659.54546,0,-2,-61
1754123659.58146,-3,-2,-52
1754123659.61946,5,0,-57
1754123659.6574602,0,-3,-64
1754123659.69546,2,1,-69
1754123659.73446,-6,0,-54
1754123659.77046,-7,-3,-61
1754123659.80846,-8,0,-62
1754123659.84646,-10,-4,-60
1754123659.88546,-8,-5,-62
1754123659.9214602,0,0,-72
1754123659.95946,-3,-9,-63
1754123659.99846,-1,-8,-73
1754123660.03546,-2,-1,-67
1754123660.07446,-5,-4,-56
1754123660.11046,-1,0,-59
1754123660.14846,3,-4,-60
1754123660.18646,6,0,-63
1754123660.22546,3,-6,-63
1754123660.26146,0,-3,-59
1754123660.2994602,0,0,-48
1754123660.33746,-1,-5,-56
1754123660.37646,0,-2,-56
1754123660.4144602,3,3,-63
1754123660.4504602,5,5,-59
1754123660.48746,7,3,-66
1754123660.5264602,0,1,-58
1754123660.56446,-1,-8,-62
1754123660.60046,5,-7,-68
1754123660.63746,10,0,-71
1754123660.67646,-3,2,-67
1754123660.71446,-5,10,-56
1754123660.75046,-4,11,-62
1754123660.78846,-5,7,-68
1754123660.82646,4,2,-67
1754123660.8654602,4,2,-61
1754123660.9014602,0,2,-64
1754123660.93846,1,-3,-64
1754123660.97746,0,-5,-71
1754123661.01546,2,-13,-63
1754123661.05146,1,-3,-65
1754123661.0884602,0,-5,-79
1754123661.12746,0,-1,-61
1754123661.16546,3,0,-52
1754123661.20146,-1,0,-56
1754123661.23846,-6,9,-65
1754123661.27746,-1,6,-56
1754123661.3154602,-4,5,-58
1754123661.35146,1,0,-62
1754123661.3884602,3,0,-62
1754123661.42646,1,-3,-65
1754123661.46546,3,0,-67
1754123661.50146,5,0,-64
1754123661.53846,2,-10,-73
1754123661.57646,-5,-8,-62
1754123661.6154602,0,0,-67
1754123661.6514602,0,1,-60
1754123661.68846,5,4,-58
1754123661.72646,1,10,-60
1754123661.76546,0,1,-61
1754123661.80146,-2,1,-60
1754123661.8384602,-4,-7,-56
1754123661.87646,3,-1,-63
1754123661.91546,3,-1,-67
1754123661.95146,3,-1,-68
1754123661.98946,-3,3,-74
1754123662.02746,-3,3,-74
1754123662.06646,-8,2,-70
1754123662.10246,1,0,-76
1754123662.13946,3,-5,-65
1754123662.1774602,0,-5,-58
1754123662.21646,5,5,-59
1754123662.25246,14,-1,-58
1754123662.29046,8,-2,-58
1754123662.32846,1,-1,-70
1754123662.36746,0,1,-73
1754123662.40546,1,-4,-70
1754123662.44146,0,-1,-70
1754123662.47946,-1,0,-64
1754123662.51746,-3,3,-58
1754123662.55646,-2,8,-68
1754123662.5924602,-7,7,-61
1754123662.63046,-7,-1,-60
1754123662.66846,1,-4,-51
1754123662.7074602,-2,0,-54
1754123662.74546,0,0,-60
1754123662.78146,0,0,-65
1754123662.81846,-1,-9,-62
1754123662.85746,0,-4,-66
1754123662.89546,0,-2,-61
1754123662.93146,2,0,-55
1754123662.96846,-1,3,-66
1754123663.00746,-5,0,-64
1754123663.04546,0,-2,-66
1754123663.08146,0,-7,-59
1754123663.1184602,5,-2,-59
1754123663.1574602,6,-2,-69
1754123663.19546,0,-5,-63
1754123663.23146,-5,0,-56
1754123663.2694602,-4,-8,-61
1754123663.30746,2,-7,-74
1754123663.34646,0,-7,-70
1754123663.38246,1,-3,-67
1754123663.41946,0,5,-64
1754123663.4574602,0,6,-66
1754123663.4964602,-2,0,-74
1754123663.5324602,-3,-2,-65
1754123663.57046,-11,-9,-59
1754123663.60946,-1,-3,-61
1754123663.64746,-7,6,-69
1754123663.68546,-2,0,-66
1754123663.72146,0,-2,-64
1754123663.7594602,4,-4,-64
1754123663.79746,-4,-3,-56
1754123663.83646,1,3,-60
1754123663.87246,-8,-3,-60
1754123663.91046,-1,-4,-73
1754123663.94846,-4,-1,-68
1754123663.98746,0,-10,-70
1754123664.02346,-4,-1,-61
1754123664.06146,-1,-3,-65
1754123664.09946,-2,7,-60
1754123664.13746,-7,1,-64
1754123664.17646,-1,5,-74
1754123664.21246,1,0,-71
1754123664.25046,4,-5,-65
1754123664.28746,-6,-5,-65
1754123664.32646,-2,-4,-67
1754123664.36246,1,-3,-62
1754123664.40046,7,-4,-75
1754123664.43946,7,-1,-66
1754123664.47746,1,0,-60
1754123664.52046,-1,4,-62
1754123664.5594602,0,3,-57
1754123664.59746,-2,5,-62
1754123664.63346,-2,0,-58
1754123664.67246,0,0,-67
1754123664.70946,0,1,-64
1754123664.74746,-6,3,-69
1754123664.7864602,-2,0,-61
1754123664.8224602,-6,5,-60
1754123664.86046,-5,3,-58
1754123664.89846,-6,1,-70
1754123664.9374602,-11,0,-63
1754123664.9734602,-5,0,-67
1754123665.01146,-4,0,-63
1754123665.05046,-3,3,-53
1754123665.0884602,-3,-2,-59
1754123665.12646,1,-5,-60
1754123665.16346,0,2,-63
1754123665.2004602,2,-3,-57
1754123665.23846,4,8,-63
1754123665.27746,2,-2,-66
1754123665.31346,3,0,-61
1754123665.35046,-4,0,-68
1754123665.3884602,-9,-3,-63
1754123665.4274602,-4,0,-50
1754123665.4634602,-7,1,-53
1754123665.50146,-1,7,-67
1754123665.5394602,2,-2,-67
1754123665.57846,0,-2,-66
1754123665.61646,0,0,-60
1754123665.65246,0,-1,-67
1754123665.6904602,-2,-7,-62
1754123665.72846,1,-3,-64
1754123665.76746,7,-3,-65
1754123665.80346,3,0,-71
1754123665.84046,-1,-4,-71
1754123665.8784602,0,-1,-66
1754123665.9174602,-3,-8,-72
1754123665.95346,-1,-4,-64
1754123665.99246,0,-4,-54
1754123666.0294602,-2,-2,-71
1754123666.06846,0,-4,-61
1754123666.10646,10,1,-70
1754123666.14246,0,-2,-57
1754123666.18046,2,-7,-59
1754123666.21846,5,-5,-65
1754123666.25746,4,-2,-56
1754123666.29346,2,-2,-67
1754123666.33146,1,-4,-70
1754123666.36946,2,-1,-70
1754123666.40846,-1,4,-60
1754123666.4444602,4,7,-55
1754123666.48146,5,1,-71
1754123666.5194602,1,7,-67
1754123666.55846,0,-1,-65
1754123666.59446,-7,-1,-71
1754123666.63246,-1,2,-62
1754123666.67046,-3,0,-60
1754123666.70846,-2,3,-64
1754123666.74746,-2,-1,-71
1754123666.78346,-3,-5,-59
1754123666.82146,-4,-2,-56
1754123666.85946,0,-10,-58
1754123666.89846,1,-8,-69
1754123666.9344602,6,-7,-67
1754123666.97146,3,-4,-55
1754123667.0094602,-2,2,-55
1754123667.04846,-5,0,-60
1754123667.08446,-1,0,-57
1754123667.1214602,0,-1,-58
1754123667.15946,-3,-5,-70
1754123667.19846,2,-3,-66
1754123667.23446,-1,0,-69
1754123667.27146,1,3,-64
1754123667.3094602,0,-2,-57
1754123667.3484602,3,4,-48
1754123667.3844602,4,9,-62
1754123667.4214602,-1,1,-68
1754123667.45946,3,-2,-67
1754123667.49846,4,0,-64
1754123667.53446,-1,-5,-67
1754123667.5724602,2,-1,-69
1754123667.61046,-2,-4,-57
1754123667.64946,0,-4,-67
1754123667.6874602,-1,-5,-67
1754123667.72446,2,-3,-60
1754123667.76246,9,-3,-74
1754123667.7994602,6,0,-68
1754123667.8384602,-2,5,-65
1754123667.87446,0,0,-57
1754123667.9114602,-3,1,-57
1754123667.94946,-5,-3,-58
1754123667.98846,-8,2,-75
1754123668.02446,-7,0,-67
1754123668.0624602,-15,3,-66
1754123668.10046,-1,-3,-56
1754123668.13946,-6,0,-66
1754123668.1774602,-6,-2,-69
1754123668.2134602,-3,3,-64
1754123668.25046,3,2,-70
1754123668.2894602,3,-2,-71
1754123668.32746,7,-5,-70
1754123668.36346,5,-2,-67
1754123668.4014602,4,-2,-63
1754123668.43946,8,-5,-79
1754123668.47846,2,-6,-70
1754123668.51446,-11,-3,-74
1754123668.5524602,-4,5,-57
1754123668.59046,-7,2,-51
1754123668.62946,0,0,-44
1754123668.66546,10,-3,-52
1754123668.70346,4,-2,-58
1754123668.74246,2,2,-62
1754123668.7794602,1,-2,-64
1754123668.81846,1,0,-75
1754123668.85446,4,-3,-76
1754123668.89246,-5,-3,-61
1754123668.93046,0,1,-53
1754123668.96946,-1,0,-54
1754123669.00546,-6,2,-54
1754123669.04346,-3,-4,-60
1754123669.08146,-1,-2,-58
1754123669.11946,-2,-5,-59
1754123669.15846,-1,-2,-58
1754123669.1944602,-5,-5,-66
1754123669.23246,-2,2,-57
1754123669.27146,-3,2,-62
1754123669.3094602,-2,-5,-73
1754123669.3454602,-4,1,-77
1754123669.38346,-3,-1,-63
1754123669.4214602,0,7,-60
1754123669.4604602,5,-1,-63
1754123669.49846,0,-8,-67
1754123669.53446,-2,-4,-61
1754123669.5724602,0,-2,-58
1754123669.6114602,-5,-1,-59
1754123669.64946,-5,-2,-69
1754123669.68546,-4,-4,-63
1754123669.7234602,2,1,-60
1754123669.76246,-2,-1,-61
1754123669.80046,0,-3,-65
1754123669.8384602,7,-1,-73
1754123669.87446,-2,1,-67
1754123669.91246,-6,-4,-66
1754123669.9504602,-3,-2,-58
1754123669.98946,-2,-2,-66
1754123670.02546,1,-2,-77
1754123670.0624602,2,-1,-69
1754123670.10046,-1,-9,-62
1754123670.13946,6,-5,-66
1754123670.17546,-3,-8,-63
1754123670.2134602,-7,-1,-66
1754123670.25146,-1,-3,-65
1754123670.29046,-9,-3,-69
1754123670.32846,-6,-5,-66
1754123670.36446,0,-5,-65
1754123670.40346,-7,-9,-70
1754123670.4404602,-2,-9,-68
1754123670.47946,0,-3,-62
1754123670.51546,6,2,-64
1754123670.5524602,3,0,-62
1754123670.59046,3,-4,-59
1754123670.62946,-3,-1,-66
1754123670.66546,-4,3,-63
1754123670.70346,3,0,-62
1754123670.74146,0,0,-64
1754123670.78046,-8,1,-59
1754123670.81646,-4,-5,-61
1754123670.85446,-4,-2,-60
1754123670.89246,-8,-3,-60
1754123670.93046,-1,-3,-66
1754123670.96946,5,-6,-73
1754123671.00546,4,-3,-74
1754123671.0424602,-1,-9,-70
1754123671.08046,-2,-2,-63
1754123671.11946,-3,-8,-63
1754123671.15546,-7,-6,-70
1754123671.19346,-3,-2,-75
1754123671.23146,-3,-6,-78
1754123671.27046,-3,0,-64
1754123671.30746,-7,1,-60
1754123671.34446,0,2,-68
1754123671.38246,9,3,-61
1754123671.4214602,1,1,-59
1754123671.45946,-5,-1,-60
1754123671.49546,-5,-2,-67
1754123671.53346,-6,-1,-55
1754123671.57146,-2,-3,-56
1754123671.61046,0,3,-61
1754123671.64646,2,0,-69
1754123671.68346,-4,-1,-70
1754123671.72146,-7,-1,-78
1754123671.76046,-6,-4,-61
1754123671.7964602,2,1,-59
1754123671.83346,2,-2,-62
1754123671.8714602,0,7,-61
1754123671.91046,4,0,-73
1754123671.94646,5,-1,-68
1754123671.98446,4,-5,-61
1754123672.02246,-3,-1,-63
1754123672.06146,-1,-1,-58
1754123672.09946,5,-6,-68
1754123672.13546,0,-6,-70
1754123672.17346,1,-5,-71
1754123672.21246,1,-5,-80
1754123672.25046,-7,1,-54
1754123672.2864602,-1,-6,-69
1754123672.32446,-2,-4,-70
1754123672.36246,4,-3,-57
1754123672.4014602,2,-9,-49
1754123672.43946,0,-12,-62
1754123672.47546,7,-6,-59
1754123672.5134602,4,0,-57
1754123672.55146,-2,-4,-55
1754123672.59046,-4,0,-64
1754123672.62646,0,-4,-63
1754123672.66546,5,0,-66
1754123672.70246,4,-3,-70
1754123672.74146,-2,0,-69
1754123672.78046,-2,1,-67
1754123672.81646,-6,0,-71
1754123672.85446,0,0,-71
1754123672.8914602,0,0,-78
1754123672.93046,0,0,-70
1754123672.96646,-4,-3,-69
1754123673.00446,-6,0,-64
1754123673.0424602,0,-4,-61
1754123673.08146,7,2,-87
1754123673.11746,0,2,-76
1754123673.1544602,3,3,-71
1754123673.19246,-4,-2,-59
1754123673.23146,-5,3,-62
1754123673.26746,-2,-1,-60
1754123673.30546,4,-3,-57
1754123673.34346,2,-2,-68
1754123673.38246,1,1,-64
1754123673.42046,-1,-2,-60
1754123673.4574602,-7,-1,-55
1754123673.49546,3,-2,-49
1754123673.5324602,1,-5,-58
1754123673.57146,5,2,-54
1754123673.60746,-1,-3,-59
1754123673.64546,9,0,-61
1754123673.68346,2,0,-72
1754123673.72146,-1,0,-68
1754123673.76046,2,-3,-59
1754123673.7964602,-5,-5,-62
1754123673.83446,-5,0,-65
1754123673.87246,6,6,-64
1754123673.9114602,4,-2,-69
1754123673.9474602,3,-3,-71
1754123673.98546,-3,-5,-73
1754123674.02346,0,-5,-69
1754123674.0624602,1,0,-69
1754123674.10046,-3,-2,-77
1754123674.13646,3,-1,-74
1754123674.1744602,0,-4,-66
1754123674.21246,0,0,-59
1754123674.25146,-2,3,-74
1754123674.28746,-5,1,-70
1754123674.3254602,-10,1,-62
1754123674.36346,-1,-4,-64
1754123674.40246,-1,5,-69
1754123674.4404602,0,2,-73
1754123674.47646,-1,1,-68
1754123674.51446,4,3,-70
1754123674.56046,6,0,-66
1754123674.59646,2,0,-60
1754123674.63346,-2,3,-59
1754123674.67246,-1,0,-61
1754123674.7104602,-2,2,-55
1754123674.7464602,3,-3,-61
1754123674.78546,-3,0,-71
1754123674.8224602,-2,-2,-49
1754123674.8614602,-2,-4,-53
1754123674.89746,3,5,-54
1754123674.9344602,1,-4,-65
1754123674.97246,6,0,-55
1754123675.01146,3,-1,-60
1754123675.04746,4,-12,-63
1754123675.0854602,4,0,-63
1754123675.12446,-1,0,-62
1754123675.16246,5,0,-65
1754123675.2004602,5,-1,-70
1754123675.2364602,4,-5,-59
1754123675.27446,-1,-1,-66
1754123675.3124602,-1,-4,-56
1754123675.35146,-2,-2,-59
1754123675.38746,-7,2,-67
1754123675.42546,-7,1,-56
1754123675.4634602,-2,0,-66
1754123675.50246,-7,1,-58
1754123675.53846,-3,1,-53
1754123675.5754602,4,-1,-56
1754123675.61346,-2,-3,-68
1754123675.65246,2,6,-59
1754123675.68846,-1,-3,-60
1754123675.72646,3,0,-72
1754123675.76446,1,-4,-65
1754123675.8024602,5,-2,-61
1754123675.84146,0,-3,-55
1754123675.87746,4,-4,-63
1754123675.91546,2,-13,-74
1754123675.95446,2,-1,-74
1754123675.99246,1,4,-69
1754123676.02846,0,4,-60
1754123676.0654602,-5,-3,-65
1754123676.10446,-1,-1,-64
1754123676.14246,-5,1,-58
1754123676.17846,-1,2,-60
1754123676.21646,-1,-1,-67
1754123676.25446,0,1,-61
1754123676.2924602,4,3,-63
1754123676.33146,4,-1,-67
1754123676.36746,12,-6,-72
1754123676.40546,1,-1,-71
1754123676.44346,5,0,-64
1754123676.48246,-5,-4,-61
1754123676.51846,-6,-4,-60
1754123676.55646,-8,4,-63
1754123676.59446,-4,0,-67
1754123676.63346,2,4,-61
1754123676.6714602,-9,8,-70
1754123676.7074602,-4,1,-68
1754123676.74546,0,-5,-71
1754123676.78346,6,0,-76
1754123676.8224602,-2,3,-61
1754123676.8584602,0,-4,-58
1754123676.89646,-2,-6,-61
1754123676.9344602,5,1,-58
1754123676.9734602,-5,2,-63
1754123677.01146,3,4,-51
1754123677.04746,-3,2,-53
1754123677.0854602,-1,0,-59
1754123677.12346,-3,5,-62
1754123677.16246,-7,0,-73
1754123677.19846,-6,-3,-70
1754123677.23746,0,-1,-65
1754123677.27446,-2,-4,-70
1754123677.31346,0,-2,-55
1754123677.35146,-3,-1,-67
1754123677.38746,-3,0,-65
1754123677.42546,0,2,-59
1754123677.4634602,5,0,-64
1754123677.50246,-1,-1,-61
1754123677.53846,-7,-3,-56
1754123677.57646,-6,1,-70
1754123677.6154602,-4,0,-63
1754123677.65346,-7,-2,-50
1754123677.69146,0,-1,-54
1754123677.72746,-1,1,-59
1754123677.76546,3,1,-62
1754123677.80346,3,2,-59
1754123677.8424602,1,5,-64
1754123677.8784602,7,-1,-59
1754123677.91646,2,-2,-65
1754123677.95446,3,0,-72
1754123677.9934602,-1,4,-66
1754123678.0294602,-1,-3,-69
1754123678.06746,-7,-11,-60
1754123678.1054602,-7,2,-60
1754123678.14346,-11,-4,-59
1754123678.18246,0,0,-61
1754123678.21846,4,1,-62
1754123678.2564602,0,2,-69
1754123678.29546,6,0,-70
1754123678.33346,4,-3,-66
1754123678.36946,0,0,-66
1754123678.40646,-3,1,-53
1754123678.4444602,1,2,-53
1754123678.4834602,-3,3,-66
1754123678.5194602,-4,-2,-59
1754123678.55746,0,0,-63
1754123678.5954602,-4,-1,-56
1754123678.63346,-6,3,-60
1754123678.67246,-4,0,-57
1754123678.70846,0,3,-63
1754123678.74546,1,5,-62
1754123678.78446,0,-3,-65
1754123678.8224602,5,-5,-65
1754123678.8584602,0,-5,-62
1754123678.89546,2,2,-66
1754123678.9344602,-11,-6,-67
1754123678.97246,-11,-11,-62
1754123679.00846,-10,-12,-60
1754123679.0464602,0,-11,-61
1754123679.08446,-1,-9,-58
1754123679.12346,5,-1,-47
1754123679.15946,0,-8,-55
1754123679.19846,10,-2,-60
1754123679.23546,3,0,-60
1754123679.27446,-3,1,-53
1754123679.3124602,0,2,-51
1754123679.3484602,2,-4,-61
1754123679.38746,1,-6,-66
1754123679.4244602,-2,-3,-58
1754123679.4634602,-2,-7,-68
1754123679.49946,5,0,-61
1754123679.53746,-3,-3,-67
1754123679.57446,-5,-2,-59
1754123679.61346,10,-7,-61
1754123679.64946,6,-4,-54
1754123679.6874602,3,-3,-57
1754123679.72646,1,0,-68
1754123679.76446,11,1,-68
1754123679.8024602,0,-2,-72
1754123679.8384602,-1,4,-76
1754123679.87546,0,-6,-66
1754123679.9144602,0,7,-58
1754123679.9504602,1,1,-58
1754123679.98746,2,0,-61
1754123680.02546,-2,-2,-50
1754123680.06446,3,0,-58
1754123680.10046,6,-4,-59
1754123680.1384602,4,1,-60
1754123680.17646,-6,-6,-73
1754123680.21446,2,-2,-66
1754123680.2534602,-1,-1,-68
1754123680.2894602,-2,0,-59
1754123680.32746,3,0,-66
1754123680.3654602,1,2,-65
1754123680.4044602,3,0,-62
1754123680.4404602,11,3,-56
1754123680.47746,-5,-1,-58
1754123680.51546,4,-7,-55
1754123680.55446,5,-4,-72
1754123680.59046,-4,-5,-67
1754123680.6284602,-4,-4,-61
1754123680.66646,1,0,-74
1754123680.70446,7,-2,-69
1754123680.7434602,-2,0,-53
1754123680.7794602,-2,-2,-57
1754123680.81746,0,-2,-54
1754123680.8554602,1,-2,-53
1754123680.8944602,2,-3,-52
1754123680.93046,3,-2,-52
1754123680.96846,2,3,-53
1754123681.00746,4,0,-58
1754123681.04546,0,2,-63
1754123681.08346,1,0,-76
1754123681.11946,-7,-2,-68
1754123681.1574602,-2,-9,-68
1754123681.19546,-6,4,-71
1754123681.23446,1,-4,-63
1754123681.27046,2,-2,-58
1754123681.30846,-1,5,-67
1754123681.34646,2,1,-66
1754123681.38546,9,-4,-73
1754123681.42346,5,-1,-60
1754123681.45946,1,4,-58
1754123681.4964602,0,0,-66
1754123681.53546,10,7,-62
1754123681.57346,1,0,-57
1754123681.60946,5,2,-58
1754123681.64746,-1,-4,-60
1754123681.68546,2,-8,-55
1754123681.72446,1,-1,-57
1754123681.76046,1,-9,-64
1754123681.79846,-1,0,-70
1754123681.83746,3,3,-52
1754123681.87546,3,0,-63
1754123681.91346,0,-1,-51
1754123681.94946,-3,-3,-61
1754123681.98746,0,-2,-70
1754123682.02546,0,-4,-67
1754123682.06446,-8,-1,-59
1754123682.10046,0,0,-59
1754123682.13746,3,3,-56
1754123682.17646,3,-4,-53
1754123682.21446,-1,-6,-71
1754123682.25046,2,9,-69
1754123682.28746,3,9,-59
1754123682.3254602,12,6,-61
1754123682.36446,-4,-1,-71
1754123682.40046,-7,-2,-72
1754123682.43846,-6,-4,-53
1754123682.47646,-2,-4,-58
1754123682.51546,-1,1,-63
1754123682.55146,1,0,-63
1754123682.58946,2,0,-58
1754123682.6284602,-3,5,-61
1754123682.66546,3,0,-61
1754123682.70446,0,8,-61
1754123682.7404602,-8,8,-68
1754123682.77846,0,-3,-64
1754123682.81646,2,-1,-61
1754123682.8554602,6,5,-66
1754123682.8914602,4,0,-65
1754123682.92846,0,-1,-83
1754123682.96646,-3,0,-75
1754123683.00546,2,-1,-77
1754123683.04146,-4,1,-69
1754123683.08046,-2,-5,-56
1754123683.11746,4,0,-68
1754123683.15546,-5,-3,-62
1754123683.1944602,-1,-4,-67
1754123683.2304602,-4,-3,-64
1754123683.26846,-3,0,-57
1754123683.30746,-4,-2,-55
1754123683.3454602,-9,2,-66
1754123683.3814602,-11,-1,-64
1754123683.42046,-8,-4,-59
1754123683.4574602,-3,1,-66
1754123683.4964602,-4,-4,-75
1754123683.53446,-1,-1,-67
1754123683.57046,-2,-2,-72
1754123683.6084602,-11,-4,-69
1754123683.64646,-5,-3,-79
1754123683.68546,-4,-5,-73
1754123683.72146,-8,-7,-69
1754123683.7594602,-4,-4,-55
1754123683.79746,0,-5,-66
1754123683.83646,-2,-3,-57
1754123683.87446,0,-2,-58
1754123683.9114602,-5,-7,-55
1754123683.94846,-4,-2,-54
1754123683.9864602,-3,-3,-54
1754123684.02546,2,5,-60
1754123684.06146,5,-4,-71
1754123684.0984602,3,-7,-70
1754123684.13646,3,-6,-78
1754123684.17546,0,-2,-78
1754123684.21146,4,6,-79
1754123684.24846,0,3,-66
1754123684.2864602,4,-5,-58
1754123684.3254602,-3,-5,-52
1754123684.3614602,0,-5,-64
1754123684.39846,-2,-7,-56
1754123684.43646,-3,-5,-67
1754123684.47546,-2,-7,-70
1754123684.51146,-4,-2,-62
1754123684.5494602,2,0,-61
1754123684.5954602,1,-5,-76
1754123684.6314602,2,-6,-74
1754123684.66946,0,-4,-76
1754123684.7074602,2,-2,-61
1754123684.7464602,6,-1,-64
1754123684.7824602,10,-2,-70
1754123684.82046,2,-9,-64
1754123684.8584602,10,-4,-59
1754123684.89646,0,-2,-68
1754123684.93546,-1,0,-65
1754123684.97146,1,-1,-63
1754123685.0094602,6,-2,-74
1754123685.04746,0,-3,-59
1754123685.08646,-2,-2,-62
1754123685.12246,-5,-5,-75
1754123685.1614602,-2,-5,-68
1754123685.19846,-6,-9,-72
1754123685.2364602,-5,-7,-58
1754123685.27546,-4,2,-59
1754123685.31146,-5,2,-63
1754123685.34946,-2,-5,-52
1754123685.38746,-1,-1,-63
1754123685.42646,-3,3,-56
1754123685.46246,-1,2,-60
1754123685.50046,1,4,-61
1754123685.53846,-3,3,-79
1754123685.57746,-6,2,-64
1754123685.6154602,-3,-1,-54
1754123685.6514602,2,-7,-45
1754123685.6904602,0,1,-54
1754123685.72746,-2,-1,-65
1754123685.7664602,0,3,-63
1754123685.8024602,-1,3,-63
1754123685.84046,1,0,-66
1754123685.8784602,-2,-4,-67
1754123685.9174602,1,-3,-75
1754123685.95546,4,-1,-76
1754123685.99146,-2,2,-63
1754123686.0294602,0,-1,-54
1754123686.06746,2,-2,-65
1754123686.10646,-9,4,-56
1754123686.14246,-3,0,-57
1754123686.18046,-5,1,-65
1754123686.21846,-9,1,-62
1754123686.25746,5,-2,-61
1754123686.29546,0,-9,-58
1754123686.33146,-1,0,-63
1754123686.3684602,-10,1,-56
1754123686.4074602,-6,-2,-61
1754123686.44546,0,-2,-57
1754123686.48146,-2,0,-68
1754123686.51846,6,-2,-64
1754123686.55746,-3,0,-65
1754123686.5954602,1,-1,-61
1754123686.6314602,-9,-3,-73
1754123686.66946,0,4,-67
1754123686.7074602,0,1,-71
1754123686.7464602,-2,0,-66
1754123686.7824602,0,7,-66
1754123686.8194602,-3,0,-72
1754123686.85746,-5,0,-57
1754123686.89646,2,-3,-62
1754123686.93246,1,-2,-66
1754123686.96946,4,-3,-73
1754123687.00746,-1,-4,-68
1754123687.0464602,-4,-1,-62
1754123687.0824602,0,4,-61
1754123687.11946,0,4,-72
1754123687.1574602,3,2,-66
1754123687.19646,0,1,-65
1754123687.23246,3,2,-65
1754123687.2694602,0,4,-68
1754123687.30746,2,-1,-59
1754123687.34646,2,4,-57
1754123687.38246,0,5,-59
1754123687.41946,-2,6,-60
1754123687.4574602,-1,7,-64
1754123687.4964602,-4,1,-66
1754123687.5324602,-2,2,-64
1754123687.57046,1,-3,-73
1754123687.6084602,3,-1,-69
1754123687.64746,-10,0,-64
1754123687.68346,-2,1,-68
1754123687.72146,-4,-1,-64
1754123687.7594602,-2,-1,-65
1754123687.79746,5,3,-58
1754123687.83646,4,0,-62
1754123687.87246,-2,-3,-65
1754123687.91046,1,1,-64
1754123687.94846,0,-2,-73
1754123687.98746,-1,-5,-69
1754123688.02346,1,-4,-72
1754123688.06146,-6,0,-61
1754123688.09946,-8,2,-61
1754123688.1384602,-4,-4,-57
1754123688.17646,-1,-2,-57
1754123688.21246,-1,0,-60
1754123688.25046,0,0,-62
1754123688.28846,-5,1,-63
1754123688.32746,0,3,-68
1754123688.36346,-5,-3,-67
1754123688.4014602,-5,-4,-67
1754123688.43946,-1,-2,-62
1754123688.47846,4,-2,-66
1754123688.5164602,0,-6,-64
1754123688.5524602,0,-6,-55
1754123688.59046,5,-6,-51
1754123688.6284602,-6,7,-56
1754123688.6674602,0,2,-56
1754123688.70346,0,1,-59
1754123688.7404602,-5,-4,-67
1754123688.77846,3,-4,-70
1754123688.81746,3,-9,-68
1754123688.85346,-2,5,-63
1754123688.8914602,2,-1,-71
1754123688.92946,6,-4,-63
1754123688.96846,5,0,-62
1754123689.0064602,4,-1,-62
1754123689.0424602,-1,2,-63
1754123689.07946,1,-3,-66
1754123689.1184602,-3,-1,-66
1754123689.15646,-3,-10,-62
1754123689.19346,1,-8,-58
1754123689.23146,-2,-4,-70
1754123689.2694602,-1,-5,-61
1754123689.30846,4,2,-49
1754123689.34446,3,6,-54
1754123689.3814602,-13,-1,-60
1754123689.41946,-5,2,-59
1754123689.45846,-3,-8,-63
1754123689.49446,-9,-2,-61
1754123689.5324602,-1,0,-69
1754123689.57046,-5,-3,-60
1754123689.6084602,-3,-2,-66
1754123689.64746,0,4,-63
1754123689.68346,-5,1,-62
1754123689.72146,-1,1,-72
1754123689.76046,1,-3,-65
1754123689.79846,4,-3,-62
1754123689.83446,5,4,-70
1754123689.8714602,-2,2,-65
1754123689.91046,0,-4,-67
1754123689.94846,0,-1,-63
1754123689.98446,-3,0,-60
1754123690.02346,-4,-10,-61
1754123690.06046,-1,-4,-55
1754123690.09946,-1,2,-64
1754123690.13746,-3,-2,-60
1754123690.17346,-5,0,-58
1754123690.2104602,0,2,-70
1754123690.24946,1,0,-61
1754123690.28746,5,-3,-64
1754123690.32346,-4,-9,-73
1754123690.3614602,3,-5,-80
1754123690.39946,0,-1,-70
1754123690.43846,4,-3,-73
1754123690.47446,1,0,-76
1754123690.51246,0,0,-75
1754123690.55046,3,6,-62
1754123690.58946,0,-1,-55
1754123690.62746,1,-4,-63
1754123690.66346,0,-5,-59
1754123690.70246,-3,-2,-59
1754123690.73946,-8,-6,-52
1754123690.77846,4,-9,-61
1754123690.81446,0,-8,-70
1754123690.85246,-5,-2,-59
1754123690.89046,1,0,-66
1754123690.92946,11,0,-69
1754123690.9674602,-3,-5,-64
1754123691.0034602,-1,-11,-67
1754123691.0424602,-5,0,-55
1754123691.08046,-7,-2,-66
1754123691.1184602,3,0,-67
1754123691.1544602,3,0,-68
1754123691.19246,-8,-7,-53
1754123691.2304602,-4,1,-59
1754123691.2694602,-7,0,-53
1754123691.30746,-9,-2,-56
1754123691.34446,-4,-5,-64
1754123691.38246,-3,0,-68
1754123691.42046,-5,-1,-64
1754123691.45946,1,0,-64
1754123691.49546,0,2,-58
1754123691.5324602,-2,3,-66
1754123691.57046,0,-10,-66
1754123691.60946,-2,-6,-62
1754123691.64546,-7,-4,-62
1754123691.68346,-2,0,-54
1754123691.72146,7,-6,-62
1754123691.76046,0,-3,-63
1754123691.79846,0,-3,-61
1754123691.83446,0,2,-71
1754123691.8714602,1,3,-68
1754123691.90946,1,3,-77
1754123691.94846,-2,0,-82
1754123691.98446,-1,3,-78
1754123692.02246,0,6,-66
1754123692.06046,0,2,-60
1754123692.09946,2,-3,-56
1754123692.13546,-3,-6,-65
1754123692.17346,0,-3,-54
1754123692.21146,3,3,-54
1754123692.24946,1,1,-57
1754123692.28846,-1,0,-55
1754123692.32446,0,4,-60
1754123692.3614602,0,8,-53
1754123692.40046,6,-1,-56
1754123692.43846,1,-1,-61
1754123692.47446,0,-3,-71
1754123692.5134602,-4,-2,-59
1754123692.55046,1,-2,-61
1754123692.58946,5,-1,-70
1754123692.62546,2,9,-67
1754123692.66346,0,7,-74
1754123692.70246,8,5,-67
1754123692.7404602,6,3,-67
1754123692.77846,1,2,-61
1754123692.81446,6,3,-63
1754123692.85246,0,-6,-64
1754123692.89046,0,2,-50
1754123692.92846,-11,0,-60
1754123692.96446,0,5,-67
1754123693.00246,1,3,-59
1754123693.04046,0,1,-59
1754123693.07846,8,0,-72
1754123693.11446,2,3,-62
1754123693.15246,5,4,-66
1754123693.1904602,1,-3,-74
1754123693.22846,-4,-2,-78
1754123693.26446,-6,0,-71
1754123693.30146,-6,1,-61
1754123693.34046,-6,0,-60
1754123693.3784602,-8,3,-51
1754123693.4144602,-4,-1,-61
1754123693.45246,0,-1,-77
1754123693.4904602,4,3,-74
1754123693.5294602,3,0,-72
1754123693.5654602,-2,-4,-60
1754123693.60346,-10,0,-53
1754123693.6414602,-5,1,-52
1754123693.68046,-7,-7,-57
1754123693.71846,-3,-4,-71
1754123693.75446,-5,-3,-61
1754123693.79346,-5,0,-51
1754123693.83046,6,4,-57
1754123693.86946,5,-2,-53
1754123693.90546,6,-4,-58
1754123693.94346,3,-1,-63
1754123693.98146,7,1,-52
1754123694.02046,9,-2,-58
1754123694.05646,6,2,-68
1754123694.09346,4,3,-68
1754123694.1314602,0,3,-55
1754123694.17046,7,1,-75
1754123694.20646,5,1,-71
1754123694.24446,8,3,-67
1754123694.2824602,6,-2,-60
1754123694.32046,5,1,-51
1754123694.35946,5,3,-54
1754123694.39546,0,4,-58
1754123694.43246,1,-1,-65
1754123694.4704602,2,1,-61
1754123694.5094602,1,0,-71
1754123694.54546,0,-1,-81
1754123694.5824602,1,-1,-59
1754123694.62646,0,0,-67
1754123694.6644602,-5,0,-50
1754123694.70246,-6,-8,-62
1754123694.74146,0,0,-64
1754123694.7794602,0,0,-73
1754123694.8154602,1,2,-76
1754123694.85346,1,-3,-57
1754123694.8914602,5,-4,-65
1754123694.93046,-7,1,-61
1754123694.96646,-1,-2,-60
1754123695.00546,1,-1,-60
1754123695.0424602,5,0,-62
1754123695.08146,0,-7,-58
1754123695.11946,0,-7,-56
1754123695.15546,-8,-1,-62
1754123695.19346,-7,2,-64
1754123695.23146,-5,0,-67
1754123695.27046,5,0,-61
1754123695.30646,1,1,-59
1754123695.34346,-1,3,-56
1754123695.3814602,-3,2,-67
1754123695.42046,-3,0,-74
1754123695.45646,0,0,-54
1754123695.4934602,-1,-1,-44
1754123695.53146,-9,4,-54
1754123695.57046,0,0,-69
1754123695.60646,-2,-3,-70
1754123695.6444602,-2,0,-63
1754123695.68346,1,-1,-69
1754123695.72146,0,5,-61
1754123695.7594602,0,5,-59
1754123695.79546,1,-5,-67
1754123695.83346,-2,-2,-60
1754123695.8714602,-1,7,-52
1754123695.91046,-5,4,-57
1754123695.94646,-4,1,-56
1754123695.98446,3,-8,-65
1754123696.02246,0,0,-70
1754123696.06146,0,5,-63
1754123696.09746,2,0,-62
1754123696.1344602,4,0,-72
1754123696.17246,0,1,-55
1754123696.21146,-2,0,-59
1754123696.24746,-10,0,-55
1754123696.28546,-3,0,-60
1754123696.32346,-4,-2,-62
1754123696.3614602,2,0,-62
1754123696.40046,-4,0,-68
1754123696.4374602,-5,0,-71
1754123696.47446,-3,2,-57
1754123696.51246,-8,-1,-72
1754123696.55146,-9,-1,-67
1754123696.58746,-9,-2,-64
1754123696.62546,0,1,-68
1754123696.66346,0,0,-65
1754123696.70146,-5,-4,-62
1754123696.7404602,-1,-3,-71
1754123696.7764602,-2,0,-66
1754123696.81446,0,6,-63
1754123696.85246,3,1,-59
1754123696.8914602,0,0,-58
1754123696.9274602,-6,0,-64
1754123696.96546,-3,-3,-66
1754123697.0034602,0,2,-62
1754123697.0424602,-6,6,-70
1754123697.08046,-6,3,-74
1754123697.11646,-1,0,-74
1754123697.15546,-2,-1,-61
1754123697.19246,-4,-8,-53
1754123697.23146,0,-5,-49
1754123697.26746,1,-2,-58
1754123697.30546,2,0,-60
1754123697.34346,3,-7,-68
1754123697.38246,-1,1,-61
1754123697.42046,1,-7,-74
1754123697.45646,-4,0,-71
1754123697.49546,2,0,-61
1754123697.5324602,-4,-1,-63
1754123697.57146,0,-1,-56
1754123697.60746,-2,1,-58
1754123697.64546,-7,0,-60
1754123697.6844602,-7,5,-59
1754123697.72246,-9,6,-65
1754123697.76046,-4,-2,-59
1754123697.7964602,-2,-4,-67
1754123697.83446,-2,3,-73
1754123697.87246,-2,0,-67
1754123697.9114602,2,2,-65
1754123697.9474602,-4,-4,-62
1754123697.98546,-3,-2,-60
1754123698.02446,-2,-3,-71
1754123698.0624602,-10,-1,-70
1754123698.10046,-4,-3,-66
1754123698.13746,6,-2,-70
1754123698.1744602,2,-1,-63
1754123698.21246,-2,0,-64
1754123698.25146,-2,3,-71
1754123698.28746,8,0,-66
1754123698.32446,4,2,-71
1754123698.36246,-1,7,-60
1754123698.4014602,2,-5,-65
1754123698.4374602,4,2,-77
1754123698.47546,8,4,-74
1754123698.51246,-1,2,-56
1754123698.55146,3,5,-57
1754123698.58746,0,-2,-64
1754123698.62546,1,1,-75
1754123698.66346,6,0,-68
1754123698.70246,2,-2,-59
1754123698.73846,6,-3,-67
1754123698.7764602,-2,-2,-62
1754123698.81446,0,-2,-63
1754123698.85246,-1,1,-63
1754123698.8914602,0,3,-70
1754123698.9274602,0,2,-61
1754123698.96446,-5,5,-71
1754123699.00246,-5,-3,-63
1754123699.04146,2,-1,-69
1754123699.07746,-4,-9,-73
1754123699.1154602,4,-8,-63
1754123699.15346,-3,0,-65
1754123699.19246,-2,5,-61
1754123699.22846,-7,-4,-58
1754123699.26746,-7,-1,-62
1754123699.30446,-13,0,-67
1754123699.34346,-3,0,-57
1754123699.3814602,4,-4,-64
1754123699.4174602,5,-6,-70
1754123699.45546,-3,3,-70
1754123699.4934602,-3,0,-69
1754123699.5324602,4,-2,-69
1754123699.56846,1,0,-64
1754123699.6054602,-9,0,-61
1754123699.64346,-10,0,-67
1754123699.68246,-3,0,-69
1754123699.71846,-3,-6,-70
1754123699.75746,5,-5,-68
1754123699.79446,9,-4,-71
1754123699.83346,2,-5,-65
1754123699.8714602,0,1,-55
1754123699.9074602,3,3,-58
1754123699.94546,-1,-4,-61
1754123699.9834602,2,0,-63
1754123700.02146,-4,4,-73
1754123700.05746,-4,1,-65
1754123700.0954602,-3,0,-60
1754123700.1344602,-3,0,-65
1754123700.17246,-2,-1,-66
1754123700.20846,-5,0,-62
1754123700.2464602,-2,-7,-61
1754123700.28446,-1,1,-64
1754123700.32346,-3,-1,-65
1754123700.3614602,-6,-1,-71
1754123700.39746,-3,0,-66
1754123700.43546,-2,2,-55
1754123700.4734602,-9,-6,-55
1754123700.51246,-6,-4,-62
1754123700.54846,-8,1,-59
1754123700.58646,-2,0,-63
1754123700.62446,2,-2,-62
1754123700.66346,7,-1,-61
1754123700.69946,-3,1,-67
1754123700.73746,-1,5,-60
1754123700.77546,-9,-2,-59
1754123700.81346,-4,1,-60
1754123700.85246,-6,-2,-68
1754123700.8884602,-6,-1,-63
1754123700.92646,-5,3,-65
1754123700.96446,1,-3,-63
1754123701.0034602,2,-2,-59
1754123701.0394602,-2,-1,-65
1754123701.07746,-9,-5,-68
1754123701.1154602,4,-10,-64
1754123701.15346,0,-7,-64
1754123701.19246,-2,0,-56
1754123701.22846,5,-2,-49
1754123701.2664602,7,-7,-58
1754123701.30446,1,-2,-65
1754123701.34346,-1,-2,-66
1754123701.37946,2,2,-63
1754123701.4174602,-3,-1,-56
1754123701.45446,-5,-1,-55
1754123701.4934602,-2,2,-40
1754123701.5294602,-2,4,-56
1754123701.56746,-7,0,-65
1754123701.6054602,-6,-5,-75
1754123701.6444602,0,-3,-61
1754123701.68246,6,0,-61
1754123701.71846,2,1,-65
1754123701.75546,-5,6,-67
1754123701.79446,1,1,-62
1754123701.8324602,7,-5,-63
1754123701.8684602,9,-10,-73
1754123701.90646,4,-7,-67
1754123701.94546,4,-3,-54
1754123701.9834602,6,-4,-55
1754123702.0194602,7,-10,-65
1754123702.05746,-4,-5,-62
1754123702.0954602,-5,-4,-65
1754123702.1344602,-5,-6,-65
1754123702.17246,2,-3,-69
1754123702.20846,4,-4,-67
1754123702.2464602,1,0,-71
1754123702.28446,3,-1,-60
1754123702.32346,-3,2,-58
1754123702.35946,-4,-3,-69
1754123702.39746,-1,-5,-68
1754123702.43546,-8,4,-67
1754123702.47446,-5,-2,-64
1754123702.51246,1,-6,-63
1754123702.54846,5,-4,-67
1754123702.58646,-1,-4,-60
1754123702.62446,0,-4,-59
1754123702.66346,-3,-2,-68
1754123702.69946,0,-4,-62
1754123702.73846,-6,-3,-62
1754123702.77546,0,-3,-62
1754123702.81446,6,-6,-50
1754123702.85246,5,2,-58
1754123702.8884602,0,0,-59
1754123702.92546,3,3,-63
1754123702.96446,-1,0,-63
1754123703.00246,0,0,-69
1754123703.03846,3,1,-68
1754123703.0754602,0,-2,-63
1754123703.11446,8,-5,-67
1754123703.15246,0,-4,-65
1754123703.18946,-1,-2,-72
1754123703.22846,3,-3,-66
1754123703.2664602,-5,-2,-64
1754123703.30446,-1,-17,-59
1754123703.34046,-5,-5,-61
1754123703.37946,1,0,-58
1754123703.41646,-4,-2,-56
1754123703.45446,3,-8,-64
1754123703.4934602,3,1,-64
1754123703.5294602,6,0,-58
1754123703.56646,-5,4,-58
1754123703.60446,0,7,-63
1754123703.64346,-1,0,-60
1754123703.67946,-7,-5,-61
1754123703.7174602,-16,-3,-63
1754123703.75546,-1,-8,-59
1754123703.79446,-1,-4,-62
1754123703.83046,0,-5,-70
1754123703.8684602,2,-7,-62
1754123703.90546,1,-5,-56
1754123703.9444602,0,0,-65
1754123703.9804602,4,-3,-67
1754123704.01746,2,0,-69
1754123704.05546,2,-2,-58
1754123704.09446,-6,-7,-57
1754123704.13046,-2,-2,-59
1754123704.16846,-9,5,-61
1754123704.2074602,-5,0,-58
1754123704.24546,-8,0,-69
1754123704.28346,0,5,-68
1754123704.3194602,0,-2,-64
1754123704.35746,-1,-3,-63
1754123704.39546,0,-7,-68
1754123704.4344602,-2,-1,-66
1754123704.4704602,-5,-3,-58
1754123704.5094602,2,-4,-40
1754123704.5464602,1,1,-58
1754123704.5854602,-4,-2,-70
1754123704.62946,1,0,-65
1754123704.66646,-8,1,-70
1754123704.70546,-3,0,-69
1754123704.7434602,0,-5,-65
1754123704.7794602,-1,-3,-61
1754123704.81846,5,-6,-68
1754123704.8554602,3,-3,-74
1754123704.8944602,9,-9,-71
1754123704.93046,4,-9,-67
1754123704.96846,6,0,-62
1754123705.0064602,0,-1,-58
1754123705.04546,-2,1,-58
1754123705.08346,1,2,-60
1754123705.11946,9,0,-58
1754123705.1574602,1,-2,-61
1754123705.19546,2,2,-74
1754123705.23446,4,2,-72
1754123705.27146,-7,0,-58
1754123705.3094602,0,-3,-64
1754123705.34646,-3,-4,-61
1754123705.38546,9,-5,-60
1754123705.4214602,11,2,-61
1754123705.45846,4,2,-59
1754123705.4964602,0,-2,-61
1754123705.53546,1,-2,-57
1754123705.57146,0,-1,-58
1754123705.60946,-7,-4,-61
1754123705.64646,-5,0,-57
1754123705.68546,0,-8,-60
1754123705.72146,2,-4,-63
1754123705.7594602,7,-5,-69
1754123705.7964602,1,1,-55
1754123705.8354602,-2,0,-62
1754123705.8714602,1,-4,-56
1754123705.90946,3,-4,-61
1754123705.94646,-3,1,-66
1754123705.98546,0,-5,-65
1754123706.02146,-1,-2,-59
1754123706.0594602,-6,0,-61
1754123706.09746,4,0,-58
1754123706.13546,2,-11,-69
1754123706.1744602,0,4,-65
1754123706.2104602,3,0,-50
1754123706.24746,14,0,-58
1754123706.2864602,2,0,-61
1754123706.32446,0,-1,-70
1754123706.36046,4,1,-65
1754123706.39746,7,6,-67
1754123706.43646,-1,0,-64
1754123706.47446,2,-2,-64
1754123706.51046,-1,-5,-73
1754123706.54846,-4,0,-69
1754123706.58646,-1,2,-73
1754123706.62546,-4,0,-70
1754123706.6614602,-6,-2,-70
1754123706.69946,-4,2,-64
1754123706.73746,2,-2,-71
1754123706.7764602,-2,0,-63
1754123706.81446,-7,-1,-59
1754123706.85046,-1,-1,-64
1754123706.88946,-2,2,-52
1754123706.92646,-2,-1,-58
1754123706.96546,-4,-5,-60
1754123707.00146,0,-2,-60
1754123707.0394602,-6,-1,-55
1754123707.07746,5,3,-69
1754123707.11646,-2,11,-58
1754123707.1544602,-6,3,-69
1754123707.1904602,-1,1,-56
1754123707.22846,0,-10,-65
1754123707.2664602,-1,-3,-64
1754123707.30546,0,2,-61
1754123707.34146,0,0,-65
1754123707.37946,-3,-3,-60
1754123707.4174602,0,0,-63
1754123707.45646,-9,3,-62
1754123707.49546,-1,-3,-69
1754123707.53146,0,0,-65
1754123707.56846,-7,1,-59
1754123707.60646,-2,-5,-55
1754123707.64546,-3,1,-67
1754123707.68146,-3,-1,-70
1754123707.71946,0,-1,-68
1754123707.75746,1,-5,-68
1754123707.7964602,-6,-4,-51
1754123707.8324602,3,-2,-58
1754123707.87046,0,-2,-57
1754123707.90846,-2,-4,-62
1754123707.94646,-2,-2,-52
1754123707.98546,-5,6,-64
1754123708.02146,1,0,-63
1754123708.0594602,0,0,-64
1754123708.09746,-5,-1,-69
1754123708.13646,-6,1,-55
1754123708.17246,-7,-2,-55
1754123708.21146,5,-4,-64
1754123708.24846,-5,5,-57
1754123708.2864602,-6,-6,-66
1754123708.3254602,1,-3,-70
1754123708.3614602,-3,-8,-60
1754123708.39946,2,0,-65
1754123708.4374602,0,4,-64
1754123708.47646,5,-8,-61
1754123708.51246,1,-3,-64
1754123708.55046,-1,0,-60
1754123708.5884602,9,-1,-65
1754123708.62746,-3,0,-61
1754123708.66546,-4,2,-55
1754123708.70146,0,0,-55
1754123708.73946,-2,4,-64
1754123708.77846,-4,-1,-61
1754123708.81646,0,0,-69
1754123708.85246,-5,8,-71
1754123708.89046,-5,6,-70
1754123708.92846,-7,0,-57
1754123708.9674602,-11,3,-52
1754123709.00546,-6,-4,-59
1754123709.04146,-5,-5,-56
1754123709.07946,7,-7,-59
1754123709.11746,2,-3,-69
1754123709.15646,0,-1,-67
1754123709.19346,5,-4,-64
1754123709.2304602,0,0,-66
1754123709.26846,13,0,-61
1754123709.30746,6,-11,-74
1754123709.3454602,2,3,-63
1754123709.3814602,-5,-1,-61
1754123709.41946,0,3,-66
1754123709.4574602,-2,-2,-71
1754123709.4964602,-11,-6,-58
1754123709.5324602,-7,-7,-52
1754123709.57046,3,0,-60
1754123709.6084602,7,-4,-63
1754123709.64746,0,0,-58
1754123709.68546,5,0,-60
1754123709.72146,3,-2,-59
1754123709.75846,-7,1,-64
1754123709.79746,0,-4,-72
1754123709.83346,-2,1,-62
1754123709.8714602,-1,3,-59
1754123709.90946,7,1,-56
1754123709.9474602,3,-4,-59
1754123709.9864602,4,2,-66
1754123710.02246,2,4,-70
1754123710.0594602,5,-1,-61
1754123710.09746,0,0,-59
1754123710.13646,-2,-4,-64
1754123710.17246,-5,-4,-56
1754123710.2104602,0,-3,-51
1754123710.24846,0,-5,-64
1754123710.28746,4,-4,-70
1754123710.32346,-5,2,-67
1754123710.3614602,-7,0,-56
1754123710.39946,-3,5,-62
1754123710.43846,-3,5,-69
1754123710.47646,-2,5,-55
1754123710.51246,2,6,-61
1754123710.5494602,0,3,-67
1754123710.5884602,0,0,-74
1754123710.62646,-3,-4,-65
1754123710.66246,4,-2,-72
1754123710.7004602,6,4,-78
1754123710.73846,1,-9,-83
1754123710.77746,5,1,-68
1754123710.81346,-4,-1,-70
1754123710.85146,-1,0,-64
1754123710.88946,0,-1,-76
1754123710.92846,0,-4,-72
1754123710.96646,0,-1,-64
1754123711.00246,3,-5,-66
1754123711.04046,-1,-7,-71
1754123711.07846,-4,0,-62
1754123711.11746,-5,1,-67
1754123711.15346,0,7,-69
1754123711.1904602,2,4,-60
1754123711.22846,7,-1,-57
1754123711.26746,4,1,-64
1754123711.30346,0,2,-62
1754123711.34046,4,1,-69
1754123711.37946,8,3,-60
1754123711.4174602,2,-2,-70
1754123711.45346,4,-2,-69
1754123711.49246,-7,-2,-78
1754123711.5294602,-2,-1,-76
1754123711.56846,2,-2,-72
1754123711.60646,2,-2,-67
1754123711.64246,-1,2,-64
1754123711.68046,3,7,-60
1754123711.71846,4,3,-70
1754123711.75846,2,1,-66
1754123711.7964602,4,-1,-64
1754123711.8324602,5,-2,-58
1754123711.86946,4,-5,-61
1754123711.90846,8,-10,-53
1754123711.94646,6,-2,-70
1754123711.98246,4,0,-68
1754123712.0194602,8,1,-69
1754123712.05846,2,2,-66
1754123712.09446,4,2,-68
1754123712.13346,0,8,-51
1754123712.17046,0,0,-68
1754123712.20946,1,1,-67
1754123712.24746,-3,2,-69
1754123712.28346,-2,1,-56
1754123712.32146,0,0,-53
1754123712.35946,-1,0,-58
1754123712.39846,-1,3,-70
1754123712.4344602,0,1,-71
1754123712.47146,2,6,-64
1754123712.5094602,8,10,-64
1754123712.54846,2,3,-69
1754123712.58446,-7,3,-62
1754123712.6214602,0,-1,-68
1754123712.65946,-3,-3,-65
1754123712.69846,0,-1,-69
1754123712.73446,-3,2,-62
1754123712.77246,-5,2,-66
1754123712.81046,5,2,-57
1754123712.8484602,1,-5,-63
1754123712.88746,6,-3,-55
1754123712.92346,-3,3,-62
1754123712.96146,-2,1,-63
1754123712.99946,4,1,-56
1754123713.03846,-3,3,-66
1754123713.07446,-2,0,-60
1754123713.11246,0,2,-58
1754123713.1514602,-5,0,-64
1754123713.18946,7,-3,-58
1754123713.22746,-1,0,-51
1754123713.2634602,6,2,-63
1754123713.30146,0,1,-71
1754123713.33946,0,4,-66
1754123713.3784602,-6,3,-63
1754123713.4144602,-7,-2,-58
1754123713.45246,-3,0,-57
1754123713.4904602,0,3,-62
1754123713.5294602,-3,9,-53
1754123713.56746,-2,6,-59
1754123713.60346,-3,0,-60
1754123713.6414602,-4,0,-79
1754123713.67946,0,0,-74
1754123713.71846,-3,-2,-74
1754123713.75446,-7,-8,-56
1754123713.7924602,-6,4,-65
1754123713.83046,2,3,-63
1754123713.86946,9,0,-58
1754123713.9074602,1,0,-62
1754123713.94346,2,-3,-62
1754123713.98146,1,0,-65
1754123714.0194602,4,2,-54
1754123714.05746,1,6,-63
1754123714.09346,2,0,-69
1754123714.1314602,5,-3,-56
1754123714.16946,-1,-4,-57
1754123714.2074602,-2,-7,-58
1754123714.2434602,9,-5,-57
1754123714.28146,11,1,-58
1754123714.3194602,1,0,-61
1754123714.3584602,-2,-6,-62
1754123714.3944602,-5,-3,-54
1754123714.43246,-1,2,-57
1754123714.4704602,-5,-3,-55
1754123714.5094602,-5,-3,-58
1754123714.54546,-3,-5,-57
1754123714.58346,3,-1,-63
1754123714.6214602,-2,2,-63
1754123714.66546,-2,6,-65
1754123714.70346,0,-3,-60
1754123714.74146,1,3,-74
1754123714.7794602,5,0,-63
1754123714.81846,1,-3,-68
1754123714.85446,-4,0,-58
1754123714.89246,-4,-3,-67
1754123714.93046,0,-1,-73
1754123714.96946,-5,-6,-65
1754123715.00546,-1,-4,-61
1754123715.04446,-4,-7,-75
1754123715.0824602,-6,-2,-64
1754123715.11946,1,-5,-66
1754123715.15846,-5,-5,-60
1754123715.1944602,-4,-2,-62
1754123715.23246,-2,0,-50
1754123715.27046,4,-2,-54
1754123715.3094602,8,1,-61
1754123715.3454602,0,-4,-68
1754123715.38346,1,-9,-60
1754123715.4214602,-7,-5,-54
1754123715.4604602,-3,-1,-56
1754123715.49846,-5,-3,-67
1754123715.53446,-4,-3,-61
1754123715.5724602,0,1,-56
1754123715.6114602,7,0,-66
1754123715.64946,-9,3,-67
1754123715.68546,0,0,-63
1754123715.72246,8,-2,-61
1754123715.76046,2,0,-55
1754123715.7994602,-4,1,-65
1754123715.8354602,0,3,-73
1754123715.87246,5,-1,-61
1754123715.91046,1,3,-58
1754123715.94946,5,2,-51
1754123715.98546,-7,0,-55
1754123716.02346,-5,-5,-62
1754123716.06046,-9,-7,-69
1754123716.09946,3,3,-61
1754123716.13546,0,9,-59
1754123716.17246,2,3,-66
1754123716.2104602,3,1,-64
1754123716.24946,-9,0,-59
1754123716.28546,-6,-9,-49
1754123716.32346,0,-8,-57
1754123716.36246,4,-1,-55
1754123716.40046,-1,-5,-58
1754123716.43846,1,-1,-60
1754123716.47446,0,-9,-62
1754123716.51246,-5,-4,-63
1754123716.55046,-4,2,-70
1754123716.58946,-14,4,-70
1754123716.62546,-4,5,-67
1754123716.66346,-8,3,-61
1754123716.70146,-2,1,-56
1754123716.7404602,-9,4,-50
1754123716.7764602,-7,5,-63
1754123716.81446,-2,0,-61
1754123716.85246,-1,-4,-72
1754123716.89046,-3,4,-64
1754123716.92946,2,-1,-81
1754123716.96546,9,5,-65
1754123717.0034602,1,-2,-72
1754123717.04146,0,-2,-62
1754123717.08046,0,-5,-60
1754123717.11646,8,-7,-57
1754123717.15346,5,-2,-57
1754123717.19246,-4,-2,-66
1754123717.2304602,2,3,-69
1754123717.2664602,3,4,-64
1754123717.30346,-3,-2,-60
1754123717.3424602,-7,-3,-52
1754123717.38046,-10,2,-58
1754123717.41646,-9,3,-55
1754123717.45446,0,1,-53
1754123717.49246,3,-7,-64
1754123717.53046,1,0,-64
1754123717.5694602,3,0,-49
1754123717.6054602,0,-2,-54
1754123717.64346,-3,0,-53
1754123717.68146,-1,0,-56
1754123717.7204602,-3,1,-58
1754123717.7564602,1,-1,-65
1754123717.79446,0,-1,-65
1754123717.83346,6,5,-63
1754123717.8714602,0,6,-62
1754123717.90946,5,2,-65
1754123717.94546,-2,9,-63
1754123717.9834602,-1,4,-56
1754123718.02146,0,7,-60
1754123718.0594602,0,3,-61
1754123718.0954602,7,3,-57
1754123718.13246,1,4,-60
1754123718.1714602,4,1,-68
1754123718.20946,1,-2,-71
1754123718.24546,5,5,-64
1754123718.2824602,0,4,-67
1754123718.32146,2,2,-71
1754123718.35946,8,-1,-61
1754123718.39546,3,-3,-66
1754123718.43346,0,1,-59
1754123718.47146,-3,0,-59
1754123718.51046,-3,-1,-63
1754123718.5464602,0,0,-66
1754123718.58346,1,0,-66
1754123718.6214602,-1,2,-64
1754123718.66046,0,1,-59
1754123718.69646,-1,9,-58
1754123718.73446,3,0,-60
1754123718.77146,4,-4,-63
1754123718.81046,-6,-1,-70
1754123718.84646,1,2,-70
1754123718.8844602,-1,0,-51
1754123718.9214602,-1,11,-48
1754123718.9604602,-1,1,-64
1754123718.9964602,0,1,-69
1754123719.03346,1,-4,-58
1754123719.07146,-10,0,-76
1754123719.11046,-4,2,-70
1754123719.14646,-6,4,-66
1754123719.1844602,-2,-2,-55
1754123719.22146,0,-2,-57
1754123719.26046,-4,-5,-59
1754123719.2964602,-2,-5,-62
1754123719.33446,2,-4,-62
1754123719.37246,0,-3,-60
1754123719.4114602,2,4,-60
1754123719.4474602,0,-2,-66
1754123719.48546,1,3,-64
1754123719.52346,3,1,-75
1754123719.56146,-2,1,-68
1754123719.60046,-6,1,-55
1754123719.63646,-4,4,-66
1754123719.6744602,-6,7,-58
1754123719.71246,-2,3,-64
1754123719.75146,1,2,-68
1754123719.78746,0,1,-62
1754123719.82446,2,1,-76
1754123719.86246,3,-1,-69
1754123719.9014602,2,-5,-64
1754123719.9374602,0,-4,-74
1754123719.97546,0,-2,-74
1754123720.0134602,2,0,-68
1754123720.0524602,2,-2,-68
1754123720.09046,0,-3,-61
1754123720.12646,0,-5,-59
1754123720.1644602,0,-4,-64
1754123720.20246,2,-1,-67
1754123720.24146,5,-4,-64
1754123720.27746,0,-9,-64
1754123720.3154602,-2,1,-69
1754123720.35346,0,-1,-66
1754123720.39246,-1,-2,-59
1754123720.43046,-1,-1,-57
1754123720.46646,2,-4,-58
1754123720.50446,0,0,-59
1754123720.5424602,4,-1,-68
1754123720.58146,3,-3,-70
1754123720.6184602,-1,-7,-61
1754123720.65546,-3,0,-71
1754123720.69346,-12,-4,-61
1754123720.73246,-10,-1,-68
1754123720.77046,1,1,-55
1754123720.80646,-2,1,-65
1754123720.84346,0,-2,-78
1754123720.88246,3,-2,-60
1754123720.92046,2,-2,-58
1754123720.95646,0,-2,-61
1754123720.9934602,2,-2,-64
1754123721.0324602,1,7,-67
1754123721.07046,5,2,-63
1754123721.10646,-3,-1,-58
1754123721.1444602,3,-1,-63
1754123721.18246,4,-5,-64
1754123721.22146,-3,-3,-70
1754123721.25746,-4,-11,-74
1754123721.29546,-2,-3,-65
1754123721.33346,-4,0,-69
1754123721.37246,-2,-1,-67
1754123721.40846,0,-3,-60
1754123721.44646,1,-2,-57
1754123721.48546,0,-3,-58
1754123721.52246,4,-7,-63
1754123721.56146,-4,-8,-64
1754123721.59746,-5,-11,-55
1754123721.63546,-4,-5,-73
1754123721.67346,0,-3,-61
1754123721.71246,6,-1,-65
1754123721.74846,5,-1,-68
1754123721.7864602,1,5,-63
1754123721.82446,1,15,-69
1754123721.86246,2,5,-69
1754123721.9014602,-5,-2,-67
1754123721.9374602,-5,-5,-63
1754123721.97546,-3,-3,-74
1754123722.01446,-6,0,-61
1754123722.0524602,0,0,-60
1754123722.0884602,1,2,-53
1754123722.12546,-4,0,-56
1754123722.16346,-1,-5,-69
1754123722.20246,-4,0,-59
1754123722.23846,-5,-2,-68
1754123722.2764602,-7,1,-64
1754123722.31446,-3,-7,-58
1754123722.35346,-4,0,-61
1754123722.3914602,0,1,-71
1754123722.4274602,-1,-2,-68
1754123722.46546,3,0,-56
1754123722.5034602,12,0,-65
1754123722.5424602,5,0,-64
1754123722.57846,-1,2,-58
1754123722.61646,5,-4,-60
1754123722.6544602,0,-1,-51
1754123722.69346,6,1,-62
1754123722.73146,1,0,-72
1754123722.76746,1,1,-63
1754123722.80446,-1,-5,-52
1754123722.84346,7,-2,-64
1754123722.8814602,2,-1,-72
1754123722.91846,1,-2,-70
1754123722.95646,-5,-7,-61
1754123722.99446,-3,1,-64
1754123723.03346,0,2,-65
1754123723.07146,-7,-6,-62
1754123723.10746,-5,-4,-56
1754123723.14546,-4,-4,-62
1754123723.18346,5,-1,-66
1754123723.22246,1,1,-72
1754123723.25846,4,-5,-66
1754123723.2964602,-1,0,-64
1754123723.3354602,1,1,-67
1754123723.37346,-1,1,-73
1754123723.4114602,-1,-6,-66
1754123723.4474602,-2,-3,-70
1754123723.4864602,-7,-1,-61
1754123723.52346,-1,1,-63
1754123723.5624602,-7,3,-64
1754123723.5984602,1,5,-59
1754123723.63646,-2,1,-58
1754123723.67346,0,-2,-67
1754123723.71246,-1,-4,-59
1754123723.74846,0,-9,-50
1754123723.7864602,0,-8,-53
1754123723.82446,-2,-1,-63
1754123723.86346,-5,-2,-72
1754123723.89946,-11,-6,-59
1754123723.9374602,-3,-3,-69
1754123723.97546,0,-1,-71
1754123724.0134602,1,-5,-75
1754123724.0524602,1,-2,-64
1754123724.0884602,0,-3,-58
1754123724.12646,-3,-1,-71
1754123724.1644602,4,2,-60
1754123724.20346,-1,4,-62
1754123724.23946,2,-4,-68
1754123724.27746,-6,0,-75
1754123724.3154602,0,-1,-69
1754123724.35346,0,-1,-65
1754123724.39246,-1,4,-64
1754123724.42846,2,4,-66
1754123724.46546,8,3,-72
1754123724.5034602,3,2,-68
1754123724.5424602,0,-1,-81
1754123724.57846,1,0,-66
1754123724.6154602,0,9,-77
1754123724.6544602,-3,0,-71
1754123724.69946,-2,0,-64
1754123724.7364602,3,-4,-58
1754123724.77446,10,-4,-73
1754123724.81346,4,-5,-64
1754123724.84946,1,-7,-69
1754123724.88746,0,-4,-66
1754123724.92546,-2,-4,-63
1754123724.96446,-2,-2,-62
1754123725.00246,-5,5,-71
1754123725.03846,3,1,-73
1754123725.0754602,3,-2,-59
1754123725.11446,10,-2,-51
1754123725.15246,-5,-1,-49
1754123725.18846,0,5,-50
1754123725.22646,-5,4,-54
1754123725.26446,-2,3,-54
1754123725.30346,-5,3,-60
1754123725.33946,-1,0,-63
1754123725.37646,4,-5,-67
1754123725.4144602,-2,-5,-61
1754123725.45346,-4,-4,-60
1754123725.48946,-1,-7,-48
1754123725.52746,0,1,-58
1754123725.56646,4,-5,-65
1754123725.60446,0,-4,-63
1754123725.64246,1,1,-58
1754123725.67946,-3,0,-61
1754123725.71646,-5,-3,-62
1754123725.75446,1,-3,-50
1754123725.79346,-9,1,-54
1754123725.82946,-7,3,-61
1754123725.86746,-1,-1,-66
1754123725.90546,-5,0,-56
1754123725.9444602,-1,-7,-67
1754123725.9804602,-2,-1,-69
1754123726.01846,-5,-5,-54
1754123726.05646,0,2,-60
1754123726.09446,-2,-1,-57
1754123726.13346,6,-3,-72
1754123726.17046,0,-1,-70
1754123726.2074602,0,0,-64
1754123726.2464602,-1,0,-53
1754123726.28446,-3,1,-69
1754123726.32046,-3,0,-62
1754123726.3584602,-1,-3,-60
1754123726.39646,1,-3,-75
1754123726.4344602,7,1,-72
1754123726.4734602,3,0,-65
1754123726.5094602,-1,0,-73
1754123726.54746,-1,-7,-61
1754123726.5854602,-1,-4,-49
1754123726.62446,2,-7,-51
1754123726.66046,-2,-5,-50
1754123726.69846,-3,-2,-58
1754123726.73746,1,-1,-69
1754123726.77446,-2,1,-76
1754123726.81346,0,1,-64
1754123726.84946,-12,1,-70
1754123726.88746,1,0,-80
1754123726.92546,1,1,-60
1754123726.96446,1,5,-53
1754123727.00046,1,7,-61
1754123727.03746,1,6,-56
1754123727.0754602,8,4,-67
1754123727.11446,3,5,-59
1754123727.15046,6,0,-64
1754123727.1874602,4,0,-64
1754123727.22646,0,4,-67
1754123727.26446,0,1,-69
1754123727.30046,9,-2,-60
1754123727.33746,5,-4,-56
1754123727.37546,-3,1,-61
1754123727.4144602,8,3,-59
1754123727.4504602,-2,-3,-59
1754123727.48846,-2,-1,-63
1754123727.5264602,-5,0,-78
1754123727.5654602,-3,2,-70
1754123727.60346,0,1,-66
1754123727.63946,-1,3,-57
1754123727.6774602,0,11,-60
1754123727.71546,0,-3,-57
1754123727.75446,-7,0,-62
1754123727.79046,-1,4,-56
1754123727.82846,8,1,-61
1754123727.86646,-3,-2,-55
1754123727.90546,-9,-4,-56
1754123727.94346,-3,-4,-60
1754123727.9804602,-1,4,-63
1754123728.01746,-2,0,-60
1754123728.05546,-4,-6,-68
1754123728.09446,-3,-7,-68
1754123728.13046,-2,1,-62
1754123728.16846,-4,-5,-53
1754123728.20646,1,0,-55
1754123728.24546,7,-3,-68
1754123728.28146,-2,-4,-70
1754123728.3194602,-4,0,-65
1754123728.3584602,1,0,-59
1754123728.39546,-7,0,-60
1754123728.4344602,-3,0,-60
1754123728.4704602,-1,0,-65
1754123728.50846,-5,1,-63
1754123728.54746,0,0,-63
1754123728.5854602,1,4,-70
1754123728.6214602,-1,2,-74
1754123728.65946,0,-3,-71
1754123728.6974602,-7,-1,-75
1754123728.73546,3,4,-66
1754123728.77446,0,2,-62
1754123728.81046,0,0,-63
1754123728.84746,10,2,-61
1754123728.88546,-4,8,-61
1754123728.9244602,-3,4,-56
1754123728.9604602,6,2,-62
1754123728.99846,-2,2,-59
1754123729.0364602,-6,-1,-59
1754123729.0754602,-3,2,-55
1754123729.1114602,-8,0,-56
1754123729.14946,-9,-4,-58
1754123729.18846,-10,-2,-57
1754123729.22646,0,0,-64
1754123729.26446,3,5,-67
1754123729.30046,7,1,-78
1754123729.33746,4,-1,-66
1754123729.37646,1,8,-61
1754123729.4144602,2,-2,-56
1754123729.4504602,-1,-7,-53
1754123729.48846,3,-1,-69
1754123729.5264602,2,1,-57
1754123729.5654602,2,-5,-58
1754123729.60146,0,-6,-64
1754123729.63946,-4,1,-63
1754123729.6774602,7,-4,-48
1754123729.71646,3,2,-48
1754123729.75446,0,1,-50
1754123729.79046,2,0,-67
1754123729.82846,4,-4,-66
1754123729.86646,0,0,-71
1754123729.90546,-1,0,-64
1754123729.94146,-6,0,-65
1754123729.97846,-3,6,-73
1754123730.0164602,-1,0,-72
1754123730.05546,-1,0,-55
1754123730.09146,-3,0,-59
1754123730.12946,-6,2,-58
1754123730.16846,4,-9,-66
1754123730.20646,4,0,-71
1754123730.24446,5,-8,-63
1754123730.28146,4,-10,-67
1754123730.31846,0,-6,-67
1754123730.35646,-7,-8,-64
1754123730.39546,-5,-4,-63
1754123730.43146,6,0,-55
1754123730.46846,6,4,-58
1754123730.5064602,6,-5,-54
1754123730.54546,0,-9,-68
1754123730.58146,0,-7,-66
1754123730.61946,-4,-3,-73
1754123730.6574602,-4,-6,-73
1754123730.69646,-3,-2,-67
1754123730.73246,-4,2,-61
1754123730.77046,-5,1,-60
1754123730.80846,-6,0,-61
1754123730.84646,-3,0,-65
1754123730.88546,4,2,-63
1754123730.92246,-1,-6,-65
1754123730.95946,-6,0,-76
1754123730.99846,0,-4,-69
1754123731.0364602,-5,-2,-69
1754123731.0724602,0,-2,-80
1754123731.10946,0,-4,-77
1754123731.14846,0,0,-52
1754123731.18646,4,-3,-56
1754123731.22246,9,-8,-70
1754123731.26046,2,0,-58
1754123731.29846,0,-2,-71
1754123731.33646,2,-2,-69
1754123731.37546,3,0,-80
1754123731.4114602,2,3,-75
1754123731.44846,7,9,-64
1754123731.48746,1,-3,-73
1754123731.52546,-1,-8,-57
1754123731.56146,1,-3,-61
1754123731.59946,0,0,-74
1754123731.63746,3,6,-66
1754123731.67646,3,6,-62
1754123731.71246,1,-2,-55
1754123731.75046,-1,0,-64
1754123731.78846,0,-7,-68
1754123731.82746,0,-5,-67
1754123731.8654602,3,2,-57
1754123731.9014602,3,8,-62
1754123731.93846,5,0,-65
1754123731.97746,5,4,-76
1754123732.01546,2,-8,-67
1754123732.05146,5,-4,-67
1754123732.0884602,11,3,-66
1754123732.12746,7,2,-73
1754123732.16546,1,0,-69
1754123732.20146,-4,0,-68
1754123732.23846,-9,-7,-60
1754123732.27746,0,-4,-66
1754123732.3154602,5,-2,-70
1754123732.35146,1,-5,-62
1754123732.3884602,-2,-3,-62
1754123732.4274602,1,3,-62
1754123732.46546,2,0,-65
1754123732.50146,12,-8,-62
1754123732.5394602,0,3,-51
1754123732.57746,1,1,-49
1754123732.61646,-4,-6,-59
1754123732.65246,-3,-4,-55
1754123732.6904602,-11,-1,-64
1754123732.72846,-1,-8,-61
1754123732.76746,-5,-1,-55
1754123732.80346,-3,-8,-48
1754123732.84146,6,-2,-60
1754123732.87946,2,4,-61
1754123732.9174602,-1,4,-57
1754123732.95646,3,3,-60
1754123732.99246,2,2,-74
1754123733.0294602,-5,2,-58
1754123733.06746,-4,-2,-68
1754123733.10646,-4,-5,-65
1754123733.14246,-7,-1,-62
1754123733.18146,-1,-5,-77
1754123733.21846,1,2,-70
1754123733.25746,4,1,-64
1754123733.29346,1,-3,-71
1754123733.33146,-1,1,-69
1754123733.36946,0,-2,-74
1754123733.4074602,1,10,-65
1754123733.44646,1,10,-68
1754123733.48246,8,9,-66
1754123733.5194602,0,4,-66
1754123733.55746,-4,-5,-67
1754123733.59646,-5,0,-64
1754123733.63246,0,-2,-75
1754123733.66946,10,0,-67
1754123733.7074602,2,-4,-63
1754123733.7464602,0,-3,-78
1754123733.7824602,1,-1,-63
1754123733.82046,-2,-5,-54
1754123733.8584602,-4,-1,-62
1754123733.89746,-5,4,-65
1754123733.93346,0,0,-61
1754123733.9704602,-1,0,-62
1754123734.00846,-5,-3,-58
1754123734.04746,0,2,-60
1754123734.08346,-1,1,-50
1754123734.1214602,-3,0,-50
1754123734.15946,-9,-1,-60
1754123734.19846,1,-4,-65
1754123734.2364602,0,-1,-60
1754123734.27246,-5,0,-62
1754123734.31046,-2,0,-69
1754123734.3484602,1,-1,-67
1754123734.38746,9,0,-63
1754123734.42346,0,-5,-67
1754123734.46146,-2,-1,-73
1754123734.49946,0,-5,-76
1754123734.53846,2,-3,-65
1754123734.57646,-5,-3,-55
1754123734.61246,-10,-2,-60
1754123734.65046,-9,-5,-67
1754123734.68846,4,-3,-64
1754123734.7334602,5,3,-71
1754123734.77046,-4,2,-64
1754123734.80846,4,-8,-66
1754123734.84746,1,-2,-67
1754123734.88346,-6,0,-78
1754123734.9214602,-4,0,-58
1754123734.95946,-5,-1,-68
1754123734.99846,4,3,-63
1754123735.0364602,2,-3,-65
1754123735.07346,5,-1,-65
1754123735.1114602,0,-1,-66
1754123735.14846,6,-10,-66
1754123735.1874602,1,0,-61
1754123735.2234602,0,0,-49
1754123735.26146,-1,2,-55
1754123735.30046,-1,2,-49
1754123735.3384602,-5,-1,-57
1754123735.37446,-6,-5,-62
1754123735.41246,-1,-1,-60
1754123735.4504602,-1,0,-55
1754123735.48846,2,0,-66
1754123735.52746,0,3,-70
1754123735.56346,-3,-1,-74
1754123735.60146,0,2,-72
1754123735.64046,1,-3,-62
1754123735.67846,2,-6,-68
1754123735.71446,-2,0,-69
1754123735.75246,-3,0,-59
1754123735.79046,-1,2,-75
1754123735.82846,-3,2,-64
1754123735.86746,0,4,-62
1754123735.90346,1,-4,-55
1754123735.9404602,-1,-6,-60
1754123735.97846,-1,1,-57
1754123736.01746,-9,2,-54
1754123736.05346,-9,3,-60
1754123736.09046,-9,2,-50
1754123736.12946,-8,1,-62
1754123736.1674602,1,-5,-65
1754123736.20346,-2,-2,-80
1754123736.24246,-3,-4,-70
1754123736.2794602,-5,0,-67
1754123736.31846,4,0,-67
1754123736.35446,1,-3,-56
1754123736.39246,2,-2,-60
1754123736.42946,-1,6,-66
1754123736.46846,0,-1,-69
1754123736.50446,4,-2,-67
1754123736.5424602,3,0,-57
1754123736.58046,4,5,-60
1754123736.61946,-1,1,-50
1754123736.6574602,-5,-3,-60
1754123736.69346,-6,0,-72
1754123736.73146,-2,4,-70
1754123736.7694602,-4,-3,-76
1754123736.80846,0,-12,-71
1754123736.84746,3,-9,-63
1754123736.88346,-7,-5,-63
1754123736.9214602,-4,-1,-53
1754123736.95946,-3,-2,-53
1754123736.99846,-1,-2,-70
1754123737.03446,-2,4,-68
1754123737.0724602,-1,0,-68
1754123737.11046,-8,2,-72
1754123737.14946,-7,3,-59
1754123737.1874602,-6,0,-61
1754123737.2234602,-3,2,-67
1754123737.26146,-3,1,-73
1754123737.2994602,-3,2,-64
1754123737.3384602,-5,4,-75
1754123737.37446,-1,-2,-73
1754123737.41246,4,0,-74
1754123737.4504602,-1,4,-55
1754123737.48946,-1,2,-59
1754123737.52746,-4,-2,-61
1754123737.56446,8,-5,-65
1754123737.60246,8,-9,-64
1754123737.64046,5,-2,-55
1754123737.67946,5,1,-65
1754123737.71546,0,-3,-65
1754123737.75246,-5,-4,-63
1754123737.79046,0,-5,-66
1754123737.82946,1,1,-74
1754123737.8654602,0,0,-67
1754123737.90346,6,3,-64
1754123737.94146,-4,-7,-70
1754123737.9804602,0,-5,-69
1754123738.01846,-1,-6,-57
1754123738.05446,2,0,-56
1754123738.09146,3,-2,-60
1754123738.12946,5,5,-65
1754123738.16846,3,-4,-85
1754123738.20446,-4,-4,-69
1754123738.2434602,-4,0,-61
1754123738.28046,-1,-1,-61
1754123738.3194602,-2,-9,-61
1754123738.3554602,1,0,-69
1754123738.39246,0,-2,-68
1754123738.43046,3,4,-63
1754123738.46946,-4,7,-75
1754123738.50546,0,1,-75
1754123738.54346,2,0,-62
1754123738.58046,-1,-4,-73
1754123738.61946,-2,-1,-70
1754123738.65546,3,0,-71
1754123738.69246,-2,-4,-61
1754123738.7304602,-8,-7,-58
1754123738.7694602,-9,5,-65
1754123738.80546,-8,-4,-57
1754123738.84346,-2,-9,-60
1754123738.8814602,0,-4,-60
1754123738.92046,0,4,-61
1754123738.95846,0,0,-59
1754123738.99446,0,0,-67
1754123739.0324602,2,-3,-70
1754123739.07046,1,2,-58
1754123739.10946,0,0,-56
1754123739.14546,5,-2,-63
1754123739.18346,1,-2,-63
1754123739.22146,1,-3,-63
1754123739.26046,-8,0,-64
1754123739.29846,-1,-6,-70
1754123739.33446,-7,0,-62
1754123739.37346,-3,2,-65
1754123739.41046,-4,1,-61
1754123739.44946,-3,1,-57
1754123739.4864602,-2,1,-60
1754123739.52346,3,-3,-63
1754123739.56146,4,-3,-66
1754123739.60046,3,-2,-62
1754123739.63646,4,-3,-61
1754123739.6744602,7,-5,-61
1754123739.71246,7,-3,-68
1754123739.75046,2,-3,-59
1754123739.7894602,-6,-1,-67
1754123739.8254602,2,4,-63
1754123739.86346,2,-2,-61
1754123739.9014602,1,3,-66
1754123739.9404602,-6,0,-66
1754123739.97646,-7,-7,-66
1754123740.01446,-6,-1,-60
1754123740.05346,2,1,-60
1754123740.09046,6,7,-58
1754123740.12946,1,9,-61
1754123740.16546,4,2,-58
1754123740.20346,3,0,-63
1754123740.2404602,2,-2,-60
1754123740.2794602,1,3,-60
1754123740.3154602,-11,-2,-61
1754123740.35346,-3,1,-68
1754123740.3914602,1,1,-61
1754123740.43146,0,1,-67
1754123740.46946,2,0,-73
1754123740.50546,1,-2,-59
1754123740.54446,4,2,-61
1754123740.58146,-1,2,-57
1754123740.62046,1,-4,-62
1754123740.65646,1,-4,-63
1754123740.69346,3,-4,-65
1754123740.73146,1,-8,-59
1754123740.77046,-1,0,-74
1754123740.80646,4,0,-60
1754123740.84446,6,0,-75
1754123740.8814602,4,8,-71
1754123740.92046,-6,4,-64
1754123740.95646,0,-3,-61
1754123740.9934602,-2,-1,-67
1754123741.03146,1,0,-62
1754123741.07046,0,6,-56
1754123741.10646,-5,4,-63
1754123741.14346,0,2,-61
1754123741.18146,0,-2,-63
1754123741.2204602,7,-1,-68
1754123741.2564602,-2,0,-67
1754123741.29346,-6,-1,-60
1754123741.33146,-3,-6,-60
1754123741.37046,5,-4,-56
1754123741.40646,-5,-7,-52
1754123741.4444602,-11,-6,-71
1754123741.48246,-5,-5,-70
1754123741.52146,-6,-5,-66
1754123741.5594602,-7,-2,-67
1754123741.5954602,-5,-2,-59
1754123741.63346,-3,-7,-65
1754123741.6714602,-5,2,-66
1754123741.7104602,-8,-1,-56
1754123741.74746,0,-2,-65
1754123741.78446,0,1,-60
1754123741.8224602,0,0,-69
1754123741.8614602,-1,-6,-68
1754123741.89946,-1,0,-63
1754123741.93546,0,5,-68
1754123741.97446,4,-4,-75
1754123742.01146,0,-3,-75
1754123742.05046,0,-3,-67
1754123742.08746,2,-1,-48
1754123742.12446,4,-1,-59
1754123742.16246,-7,-4,-67
1754123742.20146,0,2,-61
1754123742.23746,6,4,-67
1754123742.27446,2,-3,-68
1754123742.3124602,4,-1,-70
1754123742.35146,1,0,-65
1754123742.38746,2,-4,-64
1754123742.42546,4,0,-65
1754123742.4634602,3,0,-72
1754123742.50146,-3,-3,-68
1754123742.54046,-3,-6,-66
1754123742.57746,1,1,-66
1754123742.6154602,-3,0,-66
1754123742.65246,0,-3,-59
1754123742.69146,4,-2,-69
1754123742.72746,0,-3,-68
1754123742.76546,-6,-12,-70
1754123742.80446,-8,-7,-71
1754123742.84146,-2,5,-68
1754123742.88046,2,8,-67
1754123742.91646,0,-4,-69
1754123742.95446,1,8,-65
1754123742.99246,1,4,-56
1754123743.03046,-5,-2,-59
1754123743.06646,-12,0,-54
1754123743.10446,-4,0,-56
1754123743.14246,0,3,-60
1754123743.18046,-3,0,-58
1754123743.21646,-1,0,-58
1754123743.25446,-8,0,-70
1754123743.2924602,-3,0,-64
1754123743.33046,5,-1,-66
1754123743.36646,2,-2,-65
1754123743.4044602,-2,-5,-69
1754123743.44246,0,3,-75
1754123743.4804602,-2,-4,-68
1754123743.5164602,-8,-4,-65
1754123743.55446,-2,-6,-53
1754123743.5924602,8,-6,-59
1754123743.6314602,2,1,-60
1754123743.6674602,8,4,-63
1754123743.70446,-4,6,-49
1754123743.74246,-2,-7,-61
1754123743.78146,2,-3,-67
1754123743.81746,2,-4,-64
1754123743.8554602,2,2,-66
1754123743.89346,3,0,-67
1754123743.93246,5,0,-59
1754123743.9704602,3,-6,-62
1754123744.0064602,0,-6,-63
1754123744.04546,2,-6,-61
1754123744.0824602,0,-3,-55
1754123744.1214602,-9,1,-71
1754123744.1574602,-2,-4,-74
1754123744.19546,-4,-2,-64
1754123744.2334602,0,4,-65
1754123744.27246,-3,-5,-70
1754123744.30846,-9,-2,-64
1754123744.34646,1,5,-63
1754123744.3844602,0,-3,-61
1754123744.42246,-4,0,-65
1754123744.46146,-6,1,-67
1754123744.49746,5,1,-68
1754123744.53446,0,3,-61
1754123744.5724602,-5,10,-67
1754123744.6114602,-6,-1,-58
1754123744.64746,0,3,-61
1754123744.68546,4,-1,-54
1754123744.7234602,-1,-5,-62
1754123744.76746,-6,-3,-61
1754123744.80646,-11,-1,-51
1754123744.84346,-12,-3,-58
1754123744.88246,2,-3,-60
1754123744.91846,-3,0,-58
1754123744.95646,6,0,-59
1754123744.99446,13,-1,-57
1754123745.03346,1,-9,-54
1754123745.07146,-9,-1,-64
1754123745.10746,-1,-6,-55
1754123745.14546,4,-5,-75
1754123745.18346,-2,-7,-70
1754123745.22246,0,-7,-56
1754123745.25846,-1,-3,-56
1754123745.2964602,0,-9,-53
1754123745.33446,6,-5,-58
1754123745.37346,2,-8,-59
1754123745.4114602,3,-1,-59
1754123745.4474602,-1,1,-58
1754123745.48546,4,-1,-58
1754123745.52346,0,2,-51
1754123745.5624602,-2,-3,-46
1754123745.5984602,6,-2,-60
1754123745.63746,-2,2,-58
1754123745.6744602,3,0,-64
1754123745.7134602,-1,-4,-51
1754123745.75146,0,1,-68
1754123745.78746,0,0,-64
1754123745.82446,-5,-3,-64
1754123745.86346,-2,-1,-70
1754123745.9014602,0,-6,-67
1754123745.9374602,0,-8,-62
1754123745.97646,2,-1,-71
1754123746.0134602,-1,-2,-70
1754123746.0524602,-2,-3,-68
1754123746.0884602,2,0,-69
1754123746.12646,-2,1,-59
1754123746.1644602,8,0,-60
1754123746.20346,4,3,-69
1754123746.24146,4,-4,-64
1754123746.27746,0,-1,-60
1754123746.3154602,0,-7,-65
1754123746.35346,0,-4,-67
1754123746.39246,0,0,-63
1754123746.42846,2,8,-57
1754123746.46546,0,0,-58
1754123746.5034602,-5,3,-68
1754123746.5394602,-4,5,-64
1754123746.57746,0,-1,-65
1754123746.6154602,1,2,-68
1754123746.65346,2,2,-68
1754123746.69246,4,0,-71
1754123746.72846,-3,-1,-67
1754123746.7664602,-3,-1,-72
1754123746.80446,-5,0,-62
1754123746.84346,-4,1,-54
1754123746.87946,-4,-3,-69
1754123746.9174602,-5,-4,-72
1754123746.95646,-5,0,-79
1754123746.9934602,0,-4,-71
1754123747.0324602,-2,0,-66
1754123747.06846,-1,0,-60
1754123747.10646,0,0,-71
1754123747.14346,-2,-2,-73
1754123747.18246,0,4,-56
1754123747.21846,2,0,-62
1754123747.2564602,2,0,-67
1754123747.29346,0,-1,-56
1754123747.3324602,-7,2,-65
1754123747.3684602,-2,0,-74
1754123747.40646,0,-6,-61
1754123747.44346,-8,-2,-74
1754123747.48246,5,3,-51
1754123747.51846,6,0,-66
1754123747.55646,11,7,-66
1754123747.59446,4,-2,-64
1754123747.63246,-3,-2,-60
1754123747.66846,-1,0,-48
1754123747.70646,3,-3,-62
1754123747.74446,5,1,-60
1754123747.7824602,4,1,-56
1754123747.81846,5,2,-54
1754123747.85646,-4,0,-54
1754123747.8944602,7,1,-59
1754123747.93246,4,1,-70
1754123747.96846,8,-5,-59
1754123748.0064602,0,-6,-70
1754123748.04446,-3,0,-66
1754123748.08346,-3,-6,-66
1754123748.11946,-4,0,-64
1754123748.15646,3,1,-55
1754123748.1944602,0,-1,-60
1754123748.2334602,6,7,-55
1754123748.2694602,5,3,-57
1754123748.30646,4,0,-48
1754123748.34446,3,-3,-61
1754123748.38346,1,0,-76
1754123748.41946,2,-2,-57
1754123748.4574602,-6,-2,-66
1754123748.49546,-5,0,-68
1754123748.53446,-6,-2,-67
1754123748.5724602,-3,-14,-58
1754123748.6084602,2,-11,-57
1754123748.64646,2,-4,-67
1754123748.68546,5,5,-75
1754123748.7234602,-2,2,-75
1754123748.7594602,0,3,-63
1754123748.7964602,0,3,-53
1754123748.83446,-1,3,-71
1754123748.87346,-6,0,-60
1754123748.90946,-4,4,-73
1754123748.9474602,-4,2,-66
1754123748.98546,-6,-1,-45
1754123749.02446,-3,-7,-51
1754123749.06046,-7,-6,-55
1754123749.0984602,-4,-2,-56
1754123749.13646,4,0,-61
1754123749.1744602,-3,1,-56
1754123749.2134602,2,4,-59
1754123749.24946,-1,1,-60
1754123749.28746,-5,-2,-67
1754123749.3254602,14,-2,-59
1754123749.36446,1,-8,-62
1754123749.40046,-5,-1,-71
1754123749.43846,-2,-3,-65
1754123749.47646,-1,-3,-73
1754123749.51446,-2,-1,-65
1754123749.55346,-4,0,-54
1754123749.58946,-2,-3,-58
1754123749.62746,0,0,-56
1754123749.66546,-10,-3,-60
1754123749.70446,0,-1,-68
1754123749.7404602,-6,-3,-61
1754123749.77846,0,0,-57
1754123749.81646,-2,5,-62
1754123749.8554602,-3,0,-59
1754123749.89346,-4,0,-64
1754123749.92946,-4,0,-56
1754123749.9674602,0,-6,-47
1754123750.00546,3,-1,-40
1754123750.04446,5,-3,-53
1754123750.08046,0,3,-57
1754123750.11746,5,-6,-56
1754123750.15546,0,1,-57
1754123750.1944602,-5,0,-62
1754123750.2304602,0,0,-69
1754123750.26746,-2,-6,-70
1754123750.30546,-10,-5,-67
1754123750.34446,0,-5,-71
1754123750.38046,8,-4,-58
1754123750.41846,0,-2,-63
1754123750.45646,0,-3,-67
1754123750.49546,-14,0,-68
1754123750.53346,0,6,-63
1754123750.5694602,-7,5,-66
1754123750.60746,2,0,-72
1754123750.64546,0,0,-66
1754123750.6844602,5,1,-63
1754123750.7204602,6,-4,-56
1754123750.75846,-2,0,-57
1754123750.7964602,-8,-2,-63
1754123750.8354602,0,-1,-68
1754123750.87346,9,-6,-62
1754123750.90946,6,-2,-54
1754123750.9474602,2,2,-64
1754123750.98546,-1,0,-62
1754123751.02446,0,0,-71
1754123751.06046,-6,1,-68
1754123751.09746,-6,-1,-65
1754123751.13546,2,4,-61
1754123751.1744602,2,1,-70
1754123751.2104602,3,7,-51
1754123751.24746,0,8,-56
1754123751.28546,0,6,-63
1754123751.32446,8,-1,-58
1754123751.36046,11,0,-57
1754123751.39746,4,4,-57
1754123751.43546,5,-4,-71
1754123751.47446,1,-5,-77
1754123751.51046,-5,2,-75
1754123751.5494602,-8,2,-58
1754123751.58646,0,0,-60
1754123751.62546,-5,1,-71
1754123751.6614602,-2,4,-68
1754123751.69946,5,0,-59
1754123751.7364602,2,0,-64
1754123751.77546,-1,2,-63
1754123751.81146,0,-4,-59
1754123751.8484602,1,-6,-65
1754123751.88646,0,1,-64
1754123751.92546,0,1,-64
1754123751.96146,-7,0,-63
1754123751.99946,0,0,-65
1754123752.0364602,1,1,-57
1754123752.0754602,6,-1,-62
1754123752.1114602,1,-4,-52
1754123752.14946,-2,-2,-64
1754123752.18646,-3,-2,-59
1754123752.22546,-11,1,-53
1754123752.26146,-6,-4,-56
1754123752.2994602,1,0,-61
1754123752.33746,1,-4,-63
1754123752.37646,0,-3,-63
1754123752.4144602,-3,1,-65
1754123752.4504602,-3,-1,-71
1754123752.48846,0,-1,-58
1754123752.5264602,0,-7,-56
1754123752.5654602,0,-6,-65
1754123752.60146,1,-2,-67
1754123752.64046,6,2,-53
1754123752.6774602,-5,0,-56
1754123752.71646,-1,2,-62
1754123752.75446,-4,0,-65
1754123752.79046,-1,-1,-69
1754123752.82846,-2,2,-56
1754123752.86646,2,-3,-51
1754123752.90546,2,1,-68
1754123752.94146,8,0,-62
1754123752.97946,-2,-2,-72
1754123753.01746,6,-3,-65
1754123753.05646,0,0,-62
1754123753.09446,3,1,-55
1754123753.13046,1,-1,-62
1754123753.16846,0,1,-63
1754123753.20646,5,5,-73
1754123753.24546,0,4,-68
1754123753.28146,0,3,-72
1754123753.31846,-5,-6,-73
1754123753.35746,-1,4,-57
1754123753.39546,-1,-2,-66
1754123753.43146,5,1,-62
1754123753.46846,3,0,-63
1754123753.5064602,0,0,-70
1754123753.54546,-1,-3,-63
1754123753.58146,1,-3,-66
1754123753.62046,5,10,-62
1754123753.6574602,2,2,-67
1754123753.69646,0,0,-62
1754123753.73246,-6,-1,-59
1754123753.77046,-2,-2,-59
1754123753.80846,0,0,-67
1754123753.84646,0,-6,-58
1754123753.88546,0,6,-61
1754123753.9214602,0,0,-66
1754123753.95846,5,1,-57
1754123753.9964602,2,-7,-62
1754123754.03546,0,-4,-70
1754123754.07146,0,-2,-68
1754123754.10946,0,0,-73
1754123754.14646,6,1,-69
1754123754.18546,1,0,-52
1754123754.22146,1,0,-59
1754123754.2594602,1,-4,-57
1754123754.2964602,4,-1,-58
1754123754.3354602,5,1,-61
1754123754.3714602,0,2,-65
1754123754.40946,2,-3,-79
1754123754.4474602,6,-3,-54
1754123754.48546,3,0,-66
1754123754.52146,4,-2,-70
1754123754.5594602,-3,-3,-66
1754123754.59746,-8,2,-49
1754123754.63646,5,-2,-44
1754123754.67246,-1,-4,-55
1754123754.7104602,5,-5,-61
1754123754.74846,-3,-1,-65
1754123754.7924602,-4,-2,-62
1754123754.83146,0,5,-54
1754123754.8684602,-3,6,-53
1754123754.9074602,0,-9,-64
1754123754.94546,1,-3,-55
1754123754.98146,3,1,-70
1754123755.02046,5,-7,-71
1754123755.05746,5,1,-64
1754123755.09646,-2,5,-63
1754123755.13246,-6,2,-66
1754123755.17046,-3,-3,-60
1754123755.20946,-2,-5,-66
1754123755.24746,3,2,-60
1754123755.28546,-4,3,-66
1754123755.32146,0,1,-62
1754123755.35946,3,-4,-68
1754123755.39746,1,-3,-58
1754123755.43546,-5,1,-54
1754123755.47146,-10,1,-61
1754123755.5094602,-5,0,-60
1754123755.54746,0,-4,-61
1754123755.58646,5,-3,-71
1754123755.62246,1,-6,-61
1754123755.66046,2,-2,-60
1754123755.69846,-1,-4,-51
1754123755.73746,4,2,-56
1754123755.77346,4,0,-51
1754123755.81146,7,-2,-67
1754123755.85046,1,-3,-61
1754123755.88746,4,0,-67
1754123755.92646,-1,1,-64
1754123755.96246,-1,1,-58
1754123756.00046,-5,0,-67
1754123756.03746,-5,1,-56
1754123756.07646,-5,-7,-63
1754123756.11246,-2,-9,-73
1754123756.15046,-3,3,-64
1754123756.18846,-1,0,-69
1754123756.22746,3,0,-70
1754123756.2634602,-5,3,-67
1754123756.30146,-2,-1,-66
1754123756.3384602,-3,-10,-53
1754123756.37746,-1,-2,-68
1754123756.41346,-2,-5,-56
1754123756.45146,-3,-7,-58
1754123756.48946,0,-1,-57
1754123756.52746,1,0,-60
1754123756.56646,1,-4,-69
1754123756.60246,0,-5,-64
1754123756.64046,-3,-5,-55
1754123756.67846,0,-5,-57
1754123756.7174602,2,3,-68
1754123756.7534602,4,3,-64
1754123756.79046,-1,0,-51
1754123756.82846,-1,3,-61
1754123756.86746,-1,-1,-69
1754123756.90346,1,-3,-61
1754123756.94146,2,-3,-60
1754123756.97946,1,1,-62
1754123757.01846,-5,1,-58
1754123757.05646,-7,-1,-72
1754123757.0924602,0,-7,-69
1754123757.13046,4,2,-62
1754123757.16846,-5,-6,-64
1754123757.2074602,-1,-4,-53
1754123757.2434602,-1,0,-54
1754123757.28046,-1,-4,-64
1754123757.31846,3,2,-54
1754123757.35746,0,-1,-62
1754123757.39346,0,0,-67
1754123757.43046,5,2,-69
1754123757.46846,4,-7,-71
1754123757.50746,4,-7,-60
1754123757.54346,5,-3,-62
1754123757.58046,3,-8,-66
1754123757.6184602,-3,-3,-60
1754123757.6574602,-4,1,-77
1754123757.69346,-3,0,-67
1754123757.73146,-2,0,-68
1754123757.7694602,5,0,-69
1754123757.80846,5,0,-61
1754123757.84646,-5,1,-73
1754123757.88246,-9,2,-71
1754123757.92046,-4,-3,-64
1754123757.95946,4,-3,-70
1754123757.99746,0,0,-66
1754123758.03346,0,1,-62
1754123758.07146,1,-12,-56
1754123758.1084602,4,-3,-62
1754123758.14746,-3,-3,-52
1754123758.18346,0,-6,-59
1754123758.22146,0,0,-56
1754123758.26046,-6,2,-64
1754123758.29846,-2,7,-54
1754123758.33446,-6,2,-66
1754123758.37246,-2,-1,-66
1754123758.41046,-3,1,-57
1754123758.44846,0,3,-61
1754123758.48746,1,0,-67
1754123758.52346,-4,-2,-55
1754123758.56146,-5,6,-69
1754123758.59946,5,1,-71
1754123758.6384602,-1,-2,-68
1754123758.6744602,-1,-8,-70
1754123758.71246,0,-3,-59
1754123758.75046,2,-1,-57
1754123758.78846,-11,-4,-54
1754123758.82746,0,-6,-44
1754123758.86346,4,-2,-61
1754123758.9014602,4,-4,-61
1754123758.93946,2,0,-56
1754123758.97846,5,-2,-58
1754123759.01446,-1,-3,-63
1754123759.0524602,0,1,-65
1754123759.09046,5,2,-59
1754123759.12946,-4,0,-66
1754123759.1674602,-4,1,-62
1754123759.20446,-4,3,-69
1754123759.24146,-6,1,-62
1754123759.2794602,-3,4,-71
1754123759.31846,-3,0,-56
1754123759.35446,-8,5,-50
1754123759.3914602,1,3,-58
1754123759.42946,1,-1,-69
1754123759.46846,10,-3,-62
1754123759.50446,5,-3,-63
1754123759.54146,0,-3,-70
1754123759.57946,4,-11,-63
1754123759.6184602,-1,-9,-63
1754123759.6544602,-2,-3,-55
1754123759.69246,-2,2,-62
1754123759.73146,-2,-3,-63
1754123759.7694602,-5,-4,-56
1754123759.80746,7,0,-67
1754123759.84346,2,4,-67
1754123759.8814602,0,5,-63
1754123759.91946,0,4,-63
1754123759.95846,-3,-1,-65
1754123759.99446,-4,-2,-58
1754123760.0324602,-3,-1,-63
1754123760.07046,4,-8,-49
1754123760.10946,0,-8,-58
1754123760.14746,-5,-5,-58
1754123760.18346,-5,-2,-56
1754123760.22146,-8,-2,-67
1754123760.2594602,0,-5,-65
1754123760.29846,-2,1,-61
1754123760.33446,0,3,-59
1754123760.37246,-4,-2,-60
1754123760.40946,-8,-6,-70
1754123760.44846,-7,0,-59
1754123760.48446,2,-2,-55
1754123760.52246,-2,-3,-59
1754123760.56046,-4,-5,-59
1754123760.59946,0,-6,-69
1754123760.63546,-2,1,-70
1754123760.67246,0,0,-68
1754123760.7104602,-5,0,-67
1754123760.74946,0,-1,-54
1754123760.78546,-3,1,-64
1754123760.8224602,3,8,-60
1754123760.86046,-2,3,-76
1754123760.89946,7,0,-71
1754123760.93546,5,-3,-64
1754123760.97246,0,-2,-60
1754123761.01046,-2,-7,-70
1754123761.0494602,-2,-8,-65
1754123761.0854602,-1,-5,-62
1754123761.12346,2,-2,-57
1754123761.1614602,3,-4,-60
1754123761.19946,4,-3,-61
1754123761.23846,-2,-5,-58
1754123761.27446,-4,-5,-65
1754123761.3124602,-1,-4,-85
1754123761.35046,-5,7,-64
1754123761.38946,0,3,-63
1754123761.42546,-1,-1,-66
1754123761.4634602,-1,-10,-64
1754123761.50146,5,-4,-64
1754123761.54046,4,-10,-64
1754123761.57846,2,1,-57
1754123761.61446,4,1,-53
1754123761.65246,0,-4,-56
1754123761.6904602,0,-6,-62
1754123761.72846,0,0,-67
1754123761.76446,-3,0,-73
1754123761.8024602,-2,2,-65
1754123761.84046,0,0,-60
1754123761.87946,2,-4,-53
1754123761.91546,2,1,-52
1754123761.95246,-8,0,-61
1754123761.9904602,-5,-9,-62
1754123762.0294602,-4,1,-72
1754123762.0654602,-1,2,-49
1754123762.10246,-1,-4,-65
1754123762.14046,3,-5,-60
1754123762.17946,-1,-2,-62
1754123762.21546,8,-8,-58
1754123762.25246,2,1,-67
1754123762.29046,4,4,-69
1754123762.32946,-3,-2,-60
1754123762.3654602,4,2,-60
1754123762.40246,1,0,-59
1754123762.4404602,0,-5,-66
1754123762.47846,-4,-7,-62
1754123762.51446,-6,-2,-65
1754123762.5524602,-1,-1,-59
1754123762.59046,0,-6,-68
1754123762.62946,-4,-5,-77
1754123762.66546,-3,-4,-66
1754123762.70346,-5,-3,-61
1754123762.74146,-4,-4,-68
1754123762.78046,-6,4,-58
1754123762.81646,8,3,-68
1754123762.85446,4,-2,-61
1754123762.89246,2,0,-64
1754123762.93146,0,-3,-53
1754123762.96946,-1,-4,-64
1754123763.00546,-7,-2,-60
1754123763.04446,-3,-8,-58
1754123763.08146,-2,-8,-56
1754123763.12046,0,0,-56
1754123763.15646,-3,-7,-49
1754123763.1944602,-1,-1,-67
1754123763.23246,1,-1,-53
1754123763.27046,3,-1,-54
1754123763.3094602,0,-4,-59
1754123763.3454602,3,-7,-61
1754123763.3844602,0,1,-60
1754123763.42246,-3,-6,-60
1754123763.4604602,-4,-4,-68
1754123763.4964602,1,-2,-74
1754123763.53446,3,0,-76
1754123763.57346,0,-2,-78
1754123763.6114602,0,-4,-74
1754123763.64946,-9,-2,-63
1754123763.68546,-8,-4,-63
1754123763.7234602,-4,-1,-53
1754123763.76146,7,0,-76
1754123763.80046,8,2,-68
1754123763.83646,11,5,-59
1754123763.87346,-2,5,-63
1754123763.9114602,2,-4,-47
1754123763.9504602,1,0,-57
1754123763.9864602,0,0,-55
1754123764.02346,-2,0,-60
1754123764.06146,5,-6,-48
1754123764.10046,6,2,-62
1754123764.13646,3,-3,-64
1754123764.1744602,-1,-3,-64
1754123764.21246,-1,-1,-52
1754123764.25146,0,0,-58
1754123764.2894602,5,0,-58
1754123764.3254602,7,-8,-60
1754123764.36346,2,-7,-73
1754123764.40246,-4,-3,-65
1754123764.4404602,1,0,-64
1754123764.47646,-4,1,-65
1754123764.5134602,-2,7,-65
1754123764.55146,-1,0,-57
1754123764.59046,3,0,-63
1754123764.62646,0,-2,-68
1754123764.66346,3,0,-70
1754123764.70246,3,-3,-70
1754123764.7404602,5,0,-54
1754123764.7764602,-3,6,-42
1754123764.8224602,-8,2,-58
1754123764.86046,-1,0,-62
1754123764.89746,3,0,-53
1754123764.93546,0,5,-57
1754123764.97246,4,-4,-66
1754123765.01146,0,0,-54
1754123765.04746,2,2,-65
1754123765.0854602,0,-1,-67
1754123765.12246,1,0,-49
1754123765.1614602,0,5,-52
1754123765.1974602,-3,4,-59
1754123765.23546,0,-3,-54
1754123765.27346,-2,1,-67
1754123765.31146,-12,-5,-61
1754123765.35046,-9,-8,-66
1754123765.38646,-6,0,-62
1754123765.4244602,2,-9,-64
1754123765.46246,-3,0,-65
1754123765.50146,0,-3,-75
1754123765.53846,-2,0,-66
1754123765.5754602,3,-1,-63
1754123765.61346,-4,0,-66
1754123765.6514602,-3,-1,-66
1754123765.6904602,5,-4,-67
1754123765.72646,-2,-8,-67
1754123765.76446,-5,-4,-51
1754123765.8024602,-4,1,-51
1754123765.84146,1,3,-55
1754123765.87746,-3,0,-63
1754123765.91546,1,7,-62
1754123765.95346,4,1,-53
1754123765.99246,6,0,-66
1754123766.03046,3,-5,-68
1754123766.06646,5,1,-66
1754123766.10446,5,3,-68
1754123766.14246,2,-1,-71
1754123766.18146,0,-4,-57
1754123766.2174602,0,-7,-69
1754123766.25546,-2,-6,-65
1754123766.29446,6,-6,-67
1754123766.3324602,0,1,-69
1754123766.37046,-10,-4,-61
1754123766.40646,-9,-2,-61
1754123766.4444602,-6,-2,-63
1754123766.48246,0,2,-58
1754123766.52146,-6,-1,-63
1754123766.55746,-2,0,-46
1754123766.5954602,-5,-3,-55
1754123766.6344602,0,-3,-59
1754123766.67246,3,-6,-60
1754123766.7104602,3,-2,-59
1754123766.74746,0,-2,-60
1754123766.78446,2,0,-56
1754123766.8224602,-2,-6,-59
1754123766.8614602,-2,0,-56
1754123766.89746,3,-6,-62
1754123766.93546,1,-6,-67
1754123766.97246,-6,-10,-66
1754123767.01146,-7,-3,-68
1754123767.04746,-5,-1,-66
1754123767.0854602,-2,0,-67
1754123767.12346,-5,2,-69
1754123767.16246,-3,1,-64
1754123767.19846,-5,-3,-60
1754123767.2364602,-9,0,-70
1754123767.27446,-3,2,-73
1754123767.3124602,8,1,-74
1754123767.35146,1,2,-55
1754123767.38746,-6,-5,-64
1754123767.42646,-2,-3,-52
1754123767.4634602,-7,-5,-59
1754123767.50246,-1,-7,-80
1754123767.53846,11,-3,-77
1754123767.57646,8,-1,-65
1754123767.61446,5,-7,-58
1754123767.65246,3,-10,-69
1754123767.69146,0,0,-63
1754123767.72746,-4,-1,-65
1754123767.76546,-8,0,-61
1754123767.8024602,0,1,-68
1754123767.84146,5,1,-62
1754123767.87746,3,-4,-72
1754123767.91546,2,-2,-61
1754123767.95346,3,-2,-73
1754123767.99246,1,3,-59
1754123768.02846,7,6,-54
1754123768.0654602,2,1,-70
1754123768.10346,1,-2,-58
1754123768.14246,4,-8,-60
1754123768.17846,4,-3,-60
1754123768.21646,0,-2,-72
1754123768.25446,6,0,-61
1754123768.29346,4,-4,-76
1754123768.33146,4,-1,-76
1754123768.36746,1,-5,-73
1754123768.40546,3,0,-71
1754123768.4444602,2,3,-71
1754123768.48246,-1,0,-66
1754123768.51846,-5,-3,-60
1754123768.55646,-1,-4,-55
1754123768.59446,4,-1,-53
1754123768.63346,-2,7,-68
1754123768.6714602,-5,0,-61
1754123768.7074602,-4,-6,-61
1754123768.74546,2,-1,-62
1754123768.78346,-4,3,-71
1754123768.8224602,2,-2,-72
1754123768.8584602,-4,0,-60
1754123768.89646,0,-6,-68
1754123768.9344602,0,0,-64
1754123768.9734602,5,0,-66
1754123769.01146,-2,3,-55
1754123769.04746,-8,-1,-63
1754123769.0854602,-5,-5,-66
1754123769.12346,-2,-4,-70
1754123769.16246,-9,-7,-68
1754123769.19846,-5,-4,-55
1754123769.2364602,-1,-2,-63
1754123769.27446,0,1,-73
1754123769.31346,-1,2,-73
1754123769.35146,-3,1,-59
1754123769.38746,-1,0,-62
1754123769.4244602,1,2,-74
1754123769.4634602,-3,1,-65
1754123769.49946,0,5,-60
1754123769.5364602,-3,4,-65
1754123769.57446,-4,4,-57
1754123769.61346,-1,-3,-61
1754123769.64946,6,0,-56
1754123769.6874602,3,3,-67
1754123769.72546,1,-5,-60
1754123769.76446,9,-2,-66
1754123769.8024602,5,-1,-65
1754123769.8384602,1,-4,-61
1754123769.87546,-2,-6,-57
1754123769.9144602,6,-3,-56
1754123769.95246,-3,1,-65
1754123769.98846,-2,-2,-62
1754123770.02746,-3,-3,-60
1754123770.06446,-5,1,-55
1754123770.10346,-2,0,-59
1754123770.13946,0,6,-63
1754123770.1774602,-2,-3,-59
1754123770.21446,-2,0,-58
1754123770.2534602,-2,-4,-65
1754123770.2894602,1,-3,-56
1754123770.32746,2,-4,-72
1754123770.36446,-6,0,-71
1754123770.40346,-1,-2,-59
1754123770.43946,-2,0,-49
1754123770.47746,4,-1,-54
1754123770.51446,0,-4,-67
1754123770.55346,6,-5,-50
1754123770.58946,5,-8,-57
1754123770.62746,-6,-1,-56
1754123770.6644602,-3,-3,-57
1754123770.70346,-3,-1,-59
1754123770.73946,-2,-5,-67
1754123770.77746,1,-2,-71
1754123770.8154602,2,0,-63
1754123770.85446,-1,0,-65
1754123770.89246,-2,-5,-63
1754123770.92846,-5,-6,-61
1754123770.96646,-1,1,-60
1754123771.00446,-2,-3,-65
1754123771.04346,-4,-7,-62
1754123771.07946,0,-6,-67
1754123771.1184602,0,0,-64
1754123771.15546,1,0,-65
1754123771.1944602,0,3,-75
1754123771.23246,-1,-2,-71
1754123771.26846,-2,1,-53
1754123771.30646,0,7,-58
1754123771.34446,-1,0,-67
1754123771.38346,-9,-8,-60
1754123771.41946,-7,-8,-67
1754123771.45846,-7,-2,-65
1754123771.49546,-4,-2,-69
1754123771.53446,-7,6,-67
1754123771.5724602,-9,4,-57
1754123771.6084602,-1,0,-57
1754123771.64746,-2,4,-62
1754123771.6844602,-1,0,-59
1754123771.7234602,-1,-1,-52
1754123771.76046,0,2,-59
1754123771.79746,4,0,-69
1754123771.8354602,-5,-5,-74
1754123771.87446,2,-2,-66
1754123771.91046,3,2,-59
1754123771.9474602,0,-7,-70
1754123771.98546,-3,-7,-67
1754123772.02446,-9,0,-62
1754123772.06046,1,1,-65
1754123772.09746,3,-6,-60
1754123772.13546,2,-3,-50
1754123772.1744602,2,-2,-60
1754123772.2104602,5,-4,-55
1754123772.24846,2,5,-60
1754123772.2864602,2,4,-57
1754123772.32446,3,0,-65
1754123772.36346,4,1,-55
1754123772.39946,-2,1,-54
1754123772.4374602,3,-5,-62
1754123772.47646,-1,-3,-55
1754123772.51446,2,-2,-55
1754123772.55146,0,3,-57
1754123772.5884602,-2,3,-54
1754123772.62646,-1,0,-59
1754123772.6644602,-5,-3,-62
1754123772.70346,-1,3,-65
1754123772.73946,3,0,-65
1754123772.7764602,-3,0,-64
1754123772.8154602,-5,-1,-75
1754123772.85346,0,1,-60
1754123772.88946,-1,6,-62
1754123772.9274602,1,9,-55
1754123772.96646,3,-1,-66
1754123773.00446,-1,-5,-62
1754123773.04046,5,-6,-65
1754123773.07846,0,-4,-59
1754123773.11746,-10,-3,-64
1754123773.15546,-3,0,-62
1754123773.19346,-7,1,-47
1754123773.22946,-9,2,-57
1754123773.26746,3,-2,-51
1754123773.30546,9,2,-59
1754123773.34446,0,2,-61
1754123773.38046,2,0,-64
1754123773.41846,-2,7,-73
1754123773.45646,-2,4,-58
1754123773.49546,3,3,-60
1754123773.53346,1,-4,-55
1754123773.5694602,-1,-6,-61
1754123773.60746,0,-2,-77
1754123773.64646,0,-3,-67
1754123773.6844602,0,1,-65
1754123773.7204602,0,5,-63
1754123773.75746,0,0,-65
1754123773.7964602,-4,-4,-64
1754123773.83446,0,5,-59
1754123773.87046,-1,3,-51
1754123773.90946,-7,0,-69
1754123773.94646,0,0,-57
1754123773.98546,3,-2,-62
1754123774.02146,2,-3,-77
1754123774.0594602,4,1,-78
1754123774.09746,2,2,-63
1754123774.13546,5,0,-73
1754123774.1744602,0,2,-68
1754123774.2104602,0,0,-66
1754123774.24746,-2,0,-70
1754123774.28546,0,-3,-64
1754123774.32446,0,-3,-64
1754123774.36046,0,-1,-59
1754123774.39746,-1,0,-66
1754123774.43546,3,-4,-65
1754123774.47446,-3,6,-71
1754123774.51046,-2,3,-68
1754123774.54846,-1,6,-62
1754123774.58646,0,10,-68
1754123774.62546,2,1,-65
1754123774.6614602,0,-7,-68
1754123774.69946,-1,-4,-61
1754123774.73746,2,0,-59
1754123774.77546,1,5,-66
1754123774.81446,7,6,-54
1754123774.8584602,2,3,-61
1754123774.89646,-6,0,-60
1754123774.93546,0,0,-64
1754123774.97146,0,-2,-52
1754123775.0094602,2,0,-65
1754123775.04746,2,-1,-62
1754123775.08646,2,-4,-70
1754123775.12446,-4,-1,-51
1754123775.1614602,-7,1,-55
1754123775.19846,0,4,-46
1754123775.2364602,2,-1,-57
1754123775.27546,-1,5,-65
1754123775.31146,-4,6,-73
1754123775.34946,-6,7,-61
1754123775.38746,1,3,-67
1754123775.42646,2,-5,-60
1754123775.46446,-5,0,-54
1754123775.50046,-6,-2,-56
1754123775.53846,-4,-3,-58
1754123775.57646,0,-5,-65
1754123775.6154602,-3,-8,-55
1754123775.6514602,0,-3,-61
1754123775.68946,10,1,-65
1754123775.72746,1,-2,-68
1754123775.7664602,-4,-3,-63
1754123775.80446,-12,4,-60
1754123775.84046,0,-7,-49
1754123775.8784602,5,-6,-66
1754123775.91646,1,4,-63
1754123775.95546,0,1,-59
1754123775.99146,1,-2,-59
1754123776.0294602,1,1,-64
1754123776.06746,0,-2,-62
1754123776.10646,-1,8,-52
1754123776.1444602,2,0,-43
1754123776.18046,-3,-2,-50
1754123776.21846,-10,0,-57
1754123776.2564602,-12,-2,-59
1754123776.29546,1,4,-53
1754123776.3324602,-13,1,-61
1754123776.36946,-4,-2,-55
1754123776.40846,-2,-1,-59
1754123776.44646,1,0,-61
1754123776.48246,-2,0,-60
1754123776.5194602,8,-1,-55
1754123776.55846,-2,4,-66
1754123776.59646,3,-1,-66
1754123776.63246,0,-3,-59
1754123776.66946,7,4,-61
1754123776.70846,-2,1,-54
1754123776.7464602,-1,6,-73
1754123776.7824602,-3,8,-79
1754123776.82046,1,0,-53
1754123776.8584602,1,0,-62
1754123776.89646,2,-2,-60
1754123776.93546,0,-5,-66
1754123776.97146,6,0,-66
1754123777.0094602,-7,2,-72
1754123777.04746,1,0,-71
1754123777.08646,-3,-2,-65
1754123777.12246,-5,-2,-60
1754123777.16046,5,-9,-59
1754123777.19846,0,-1,-60
1754123777.2364602,-2,2,-65
1754123777.27546,1,0,-66
1754123777.31146,8,0,-72
1754123777.3484602,-5,1,-66
1754123777.38746,1,0,-56
1754123777.42546,5,0,-58
1754123777.46146,3,-4,-53
1754123777.49946,1,-2,-64
1754123777.53746,3,-6,-73
1754123777.5754602,-6,-7,-78
1754123777.6114602,-7,-6,-71
1754123777.64946,-1,2,-70
1754123777.6874602,2,0,-84
1754123777.72646,0,0,-61
1754123777.76246,-2,-5,-63
1754123777.80046,-5,0,-66
1754123777.8384602,-3,-1,-52
1754123777.87746,-3,7,-64
1754123777.91546,-4,5,-61
1754123777.95146,-1,1,-57
1754123777.98946,5,-2,-73
1754123778.02846,3,-8,-63
1754123778.06646,0,-2,-66
1754123778.10246,2,0,-64
1754123778.13946,0,0,-66
1754123778.1774602,-4,-5,-61
1754123778.21646,3,0,-60
1754123778.25246,-2,0,-71
1754123778.29146,0,2,-68
1754123778.32846,3,0,-63
1754123778.36746,4,1,-48
1754123778.40546,3,6,-52
1754123778.44146,2,7,-47
1754123778.47846,-1,0,-61
1754123778.51746,2,3,-56
1754123778.55546,-2,10,-53
1754123778.59146,-1,1,-56
1754123778.62946,-7,-1,-63
1754123778.6674602,0,2,-68
1754123778.70646,4,1,-56
1754123778.74246,6,0,-53
1754123778.78046,-1,2,-53
1754123778.81846,-2,4,-59
1754123778.85746,-6,3,-64
1754123778.89346,-1,2,-59
1754123778.93046,0,1,-56
1754123778.96846,1,-1,-58
1754123779.00746,-8,-3,-58
1754123779.04346,-5,0,-59
1754123779.08046,0,-2,-65
1754123779.1184602,-3,-1,-75
1754123779.1574602,1,0,-73
1754123779.19346,-1,-1,-63
1754123779.23146,3,-4,-61
1754123779.2694602,-1,-3,-62
1754123779.30746,5,-5,-65
1754123779.34646,0,-12,-58
1754123779.38246,4,-5,-66
1754123779.42046,4,-1,-62
1754123779.45846,-2,3,-61
1754123779.49746,-3,1,-54
1754123779.53346,-1,1,-55
1754123779.5724602,7,-1,-66
1754123779.60946,2,-4,-57
1754123779.64846,2,-4,-59
1754123779.68646,4,-1,-51
1754123779.72246,2,-5,-56
1754123779.76046,0,-4,-50
1754123779.79846,-3,-4,-60
1754123779.83746,0,1,-57
1754123779.87346,3,5,-65
1754123779.91046,-3,-1,-77
1754123779.94846,-1,-2,-64
1754123779.98746,3,-4,-61
1754123780.02346,5,-1,-56
1754123780.06146,6,1,-66
1754123780.09946,2,0,-65
1754123780.1384602,9,-6,-56
1754123780.17646,-3,-8,-47
1754123780.21246,0,1,-56
1754123780.24946,-6,-1,-68
1754123780.28846,-2,0,-60
1754123780.32646,0,-5,-58
1754123780.36346,9,-5,-61
1754123780.40046,-1,3,-53
1754123780.43846,0,2,-58
1754123780.47746,5,0,-67
1754123780.5134602,1,4,-67
1754123780.55146,0,0,-55
1754123780.59046,-3,1,-51
1754123780.6284602,-5,4,-65
1754123780.66646,2,-4,-62
1754123780.70246,0,-3,-55
1754123780.7404602,-4,-5,-67
1754123780.77846,0,2,-51
1754123780.81646,0,1,-55
1754123780.85246,-4,-10,-71
1754123780.89046,-7,-4,-67
1754123780.92846,4,3,-60
1754123780.9674602,1,-4,-59
1754123781.0034602,2,-2,-60
1754123781.04146,-2,-2,-57
1754123781.07946,-6,1,-57
1754123781.1184602,-3,2,-53
1754123781.1544602,1,0,-52
1754123781.19146,-5,-1,-58
1754123781.22946,2,-1,-58
1754123781.26846,11,0,-73
1754123781.30446,4,3,-64
1754123781.34146,2,0,-63
1754123781.37946,2,3,-66
1754123781.41846,0,-1,-65
1754123781.45446,4,4,-59
1754123781.49146,0,-4,-64
1754123781.53046,4,-4,-50
1754123781.56846,0,-6,-51
1754123781.60446,3,-4,-59
1754123781.64346,0,-5,-78
1754123781.68046,-5,-3,-64
1754123781.71846,4,0,-62
1754123781.75746,1,7,-59
1754123781.79346,-3,4,-52
1754123781.83146,-5,-1,-62
1754123781.86946,-2,3,-65
1754123781.90846,3,1,-56
1754123781.9444602,4,-2,-71
1754123781.98246,0,3,-63
1754123782.02146,6,-4,-68
1754123782.0594602,4,-2,-63
1754123782.09746,0,-2,-57
1754123782.13346,-7,-2,-68
1754123782.1714602,-3,-2,-66
1754123782.20946,-1,-4,-63
1754123782.24846,0,3,-66
1754123782.28446,1,-5,-65
1754123782.3224602,-1,-4,-67
1754123782.36046,-1,-6,-50
1754123782.39946,-4,2,-64
1754123782.4374602,-8,0,-56
1754123782.4734602,-1,-1,-56
1754123782.51146,0,-3,-59
1754123782.5494602,3,2,-66
1754123782.58746,0,-3,-79
1754123782.62346,1,-13,-67
1754123782.6614602,1,-9,-64
1754123782.7004602,0,-2,-58
1754123782.73846,-4,0,-57
1754123782.77446,0,0,-59
1754123782.8124602,-2,4,-49
1754123782.85046,-5,-1,-55
1754123782.88946,0,-1,-63
1754123782.9274602,2,-4,-70
1754123782.9634602,2,2,-65
1754123783.00046,0,1,-68
1754123783.0394602,0,1,-61
1754123783.07746,10,1,-63
1754123783.11346,2,-3,-49
1754123783.1514602,-6,-6,-54
1754123783.18946,0,-5,-54
1754123783.22846,-2,-1,-62
1754123783.26446,-1,1,-57
1754123783.3024602,-2,-4,-58
1754123783.34046,1,0,-55
1754123783.37946,5,-5,-62
1754123783.41546,3,0,-62
1754123783.45346,-1,1,-62
1754123783.49246,1,-4,-63
1754123783.53046,2,0,-52
1754123783.56846,5,-4,-49
1754123783.6054602,0,-7,-56
1754123783.64246,-1,-10,-52
1754123783.68046,-2,-6,-60
1754123783.71946,0,-5,-68
1754123783.75546,-4,0,-55
1754123783.79346,3,1,-63
1754123783.83146,4,2,-67
1754123783.86946,3,-1,-65
1754123783.90846,-1,-11,-64
1754123783.9444602,0,0,-52
1754123783.9834602,-1,2,-47
1754123784.02046,-2,-6,-59
1754123784.0594602,-2,2,-65
1754123784.0954602,0,0,-55
1754123784.13246,1,2,-59
1754123784.17046,-5,2,-54
1754123784.20946,-10,3,-61
1754123784.24546,-8,-12,-67
1754123784.28346,1,-4,-74
1754123784.3224602,-1,1,-65
1754123784.36046,0,1,-52
1754123784.39846,0,2,-52
1754123784.4344602,2,-3,-59
1754123784.47246,-11,1,-59
1754123784.51046,-5,3,-66
1754123784.5494602,-3,-2,-72
1754123784.5854602,3,0,-59
1754123784.62246,0,-2,-54
1754123784.6614602,4,0,-62
1754123784.69946,0,-2,-56
1754123784.73546,-1,-6,-63
1754123784.77346,0,-8,-54
1754123784.81146,2,1,-58
1754123784.85046,-1,-1,-67
1754123784.89346,-1,10,-66
1754123784.93146,-8,4,-63
1754123784.9704602,1,-3,-69
1754123785.00846,0,-1,-69
1754123785.04446,-1,5,-62
1754123785.0824602,0,-2,-65
1754123785.12046,-7,-5,-59
1754123785.15946,-6,3,-61
1754123785.19546,-4,-4,-62
1754123785.2334602,-3,2,-55
1754123785.27146,1,1,-72
1754123785.31046,3,-2,-67
1754123785.3484602,-1,2,-49
1754123785.3844602,5,-1,-60
1754123785.42246,2,-4,-67
1754123785.4604602,7,0,-67
1754123785.49846,7,-6,-64
1754123785.53446,3,0,-64
1754123785.57146,-2,-2,-61
1754123785.61046,-1,0,-67
1754123785.64646,-6,2,-60
1754123785.6844602,-4,1,-61
1754123785.72246,1,1,-61
1754123785.76046,-3,0,-61
1754123785.7994602,-2,3,-54
1754123785.8354602,-3,-3,-54
1754123785.87346,0,-1,-49
1754123785.9114602,3,6,-64
1754123785.9504602,5,4,-73
1754123785.9864602,5,4,-67
1754123786.02346,8,0,-61
1754123786.06146,3,-11,-69
1754123786.10046,1,-11,-53
1754123786.13646,5,-8,-60
1754123786.17546,4,3,-61
1754123786.21246,0,0,-57
1754123786.25046,8,4,-67
1754123786.2894602,2,0,-63
1754123786.3254602,-3,-1,-61
1754123786.36346,-5,1,-66
1754123786.4014602,-3,2,-57
1754123786.4404602,3,2,-65
1754123786.47646,-8,-3,-70
1754123786.51446,-7,-6,-65
1754123786.5524602,-1,-2,-61
1754123786.59146,0,-6,-68
1754123786.62946,1,-1,-65
1754123786.66546,4,-2,-68
1754123786.70246,1,-5,-65
1754123786.74146,0,-4,-69
1754123786.7794602,1,-2,-76
1754123786.8154602,1,1,-76
1754123786.85246,0,-1,-58
1754123786.8914602,3,-4,-62
1754123786.92946,8,3,-65
1754123786.96546,3,-2,-67
1754123787.00246,6,0,-66
1754123787.04146,-5,-6,-64
1754123787.07946,-12,0,-59
1754123787.1154602,-5,-1,-68
1754123787.1544602,-9,1,-68
1754123787.19146,-4,-7,-64
1754123787.2304602,-2,0,-63
1754123787.2664602,4,0,-68
1754123787.30446,4,-1,-67
1754123787.34146,-1,-4,-70
1754123787.38046,-3,3,-71
1754123787.41646,0,0,-65
1754123787.45446,1,0,-62
1754123787.49146,0,-6,-55
1754123787.53046,-6,-5,-62
1754123787.56646,4,-3,-65
1754123787.60446,5,-6,-68
1754123787.6414602,1,0,-64
1754123787.68046,-6,-6,-73
1754123787.71646,-4,1,-64
1754123787.75446,-7,-4,-52
1754123787.79146,-11,0,-55
1754123787.83046,-1,0,-63
1754123787.86646,0,0,-67
1754123787.9044602,6,-4,-54
1754123787.94146,1,-1,-68
1754123787.9804602,0,-2,-64
1754123788.0164602,-2,6,-48
1754123788.05446,-2,0,-64
1754123788.09146,-4,-1,-69
1754123788.13046,0,0,-60
1754123788.16646,-5,6,-71
1754123788.20446,0,0,-60
1754123788.24146,0,4,-65
1754123788.28046,-2,0,-67
1754123788.31646,6,0,-61
1754123788.35446,0,-2,-55
1754123788.3914602,2,-3,-60
1754123788.43046,-6,-7,-63
1754123788.46646,-8,1,-61
1754123788.50446,-1,7,-71
1754123788.54146,-5,4,-57
1754123788.58046,-5,-2,-60
1754123788.61646,-4,-7,-72
1754123788.6544602,-5,-14,-53
1754123788.69246,-7,-7,-62
1754123788.73146,-1,-1,-64
1754123788.76746,0,-4,-57
1754123788.80546,0,-4,-66
1754123788.84346,2,-6,-63
1754123788.88246,6,4,-69
1754123788.92046,-1,6,-72
1754123788.95646,1,-6,-73
1754123788.99546,-3,-8,-58
1754123789.0324602,-6,-2,-70
1754123789.07146,-8,1,-60
1754123789.10746,-2,1,-58
1754123789.14546,-5,1,-56
1754123789.18346,0,1,-64
1754123789.22246,-5,4,-75
1754123789.26046,-1,5,-67
1754123789.2964602,-2,0,-79
1754123789.33446,0,-2,-76
1754123789.37246,1,-2,-68
1754123789.4114602,0,0,-72
1754123789.4474602,3,7,-60
1754123789.48446,2,4,-63
1754123789.52246,-8,0,-54
1754123789.56146,-2,-9,-56
1754123789.59746,1,1,-59
1754123789.6344602,-3,-4,-60
1754123789.67246,1,0,-66
1754123789.71146,-1,4,-67
1754123789.74746,1,-2,-67
1754123789.78546,5,-7,-67
1754123789.82446,-3,-2,-66
1754123789.86246,-9,-5,-64
1754123789.90046,-4,3,-49
1754123789.93646,-4,5,-58
1754123789.97446,-2,7,-59
1754123790.01246,2,8,-62
1754123790.05146,-3,6,-72
1754123790.08746,-3,3,-74
1754123790.12546,2,5,-80
1754123790.16346,3,2,-65
1754123790.20246,-1,-2,-69
1754123790.23846,-3,-3,-61
1754123790.2764602,3,-3,-61
1754123790.3154602,6,-5,-61
1754123790.35246,0,-1,-59
1754123790.3914602,-1,-5,-55
1754123790.4274602,-7,-2,-52
1754123790.46546,-3,6,-50
1754123790.5034602,-2,5,-57
1754123790.5424602,-3,0,-60
1754123790.57846,1,1,-67
1754123790.6154602,0,2,-63
1754123790.65346,2,-2,-59
1754123790.69246,-1,-4,-77
1754123790.72846,1,-3,-66
1754123790.7664602,-4,-2,-61
1754123790.80446,4,-3,-64
1754123790.84346,-4,-1,-57
1754123790.8814602,1,-2,-58
1754123790.9174602,3,-1,-62
1754123790.95546,-3,0,-58
1754123790.9934602,-9,0,-52
1754123791.0324602,0,-2,-44
1754123791.06846,2,-5,-44
1754123791.10746,0,-4,-53
1754123791.1444602,-4,8,-60
1754123791.18346,-2,5,-71
1754123791.22146,-1,3,-69
1754123791.25746,-6,-4,-59
1754123791.29546,-6,-7,-60
1754123791.33346,-3,-5,-64
1754123791.37246,0,-2,-73
1754123791.40846,0,0,-64
1754123791.44646,1,-2,-65
1754123791.48446,10,-2,-66
1754123791.52346,6,-6,-61
1754123791.56146,6,-3,-75
1754123791.59746,3,0,-71
1754123791.6344602,1,-1,-70
1754123791.67346,0,1,-66
1754123791.71146,8,-3,-61
1754123791.74746,2,-6,-63
1754123791.7864602,4,-2,-62
1754123791.82346,1,3,-71
1754123791.86246,1,4,-72
1754123791.89846,2,-3,-72
1754123791.93646,-3,-6,-68
1754123791.97446,-1,-4,-65
1754123792.0134602,-2,-3,-58
1754123792.05146,-3,3,-59
1754123792.08746,-6,-3,-58
1754123792.12546,-3,-1,-51
1754123792.16346,0,4,-57
1754123792.20246,0,3,-67
1754123792.23846,-4,-1,-63
1754123792.27746,-6,-8,-61
1754123792.31446,-2,0,-68
1754123792.35346,2,4,-73
1754123792.38946,0,6,-55
1754123792.42646,-3,5,-61
1754123792.46446,2,2,-67
1754123792.5034602,-2,2,-64
1754123792.5394602,-3,0,-60
1754123792.57646,-7,3,-65
1754123792.61446,2,-3,-51
1754123792.65346,3,4,-58
1754123792.68946,6,0,-65
1754123792.72646,7,1,-62
1754123792.76446,6,3,-59
1754123792.80346,-4,4,-70
1754123792.83946,-3,-1,-73
1754123792.87746,-1,0,-61
1754123792.91546,0,-3,-65
1754123792.95346,6,-6,-65
1754123792.99246,4,-9,-51
1754123793.02846,0,-1,-60
1754123793.06646,-3,2,-47
1754123793.10446,-11,6,-52
1754123793.14346,-9,1,-53
1754123793.17946,-4,0,-56
1754123793.2174602,-5,-4,-58
1754123793.2564602,0,3,-63
1754123793.29446,-3,4,-67
1754123793.3324602,-6,7,-70
1754123793.36946,-5,-3,-66
1754123793.40646,-1,0,-62
1754123793.4444602,3,1,-66
1754123793.4834602,5,1,-64
1754123793.5194602,1,7,-63
1754123793.55646,5,6,-69
1754123793.59446,-1,0,-56
1754123793.63346,-6,2,-71
1754123793.66946,-3,0,-61
1754123793.70646,-2,4,-57
1754123793.74446,0,1,-56
1754123793.78346,5,1,-71
1754123793.8194602,5,1,-68
1754123793.85646,3,5,-60
1754123793.8944602,0,0,-54
1754123793.93346,-6,3,-58
1754123793.96946,-2,-1,-64
1754123794.00846,3,0,-74
1754123794.04546,-1,0,-60
1754123794.08446,2,-2,-63
1754123794.12246,0,-4,-54
1754123794.15846,-2,0,-72
1754123794.1974602,-1,-4,-68
1754123794.23546,-1,0,-50
1754123794.27346,0,0,-56
1754123794.3094602,-5,4,-62
1754123794.34746,-11,5,-61
1754123794.38546,-3,0,-68
1754123794.4244602,1,0,-64
1754123794.46246,2,2,-58
1754123794.49846,-3,-3,-58
1754123794.5364602,-8,-1,-50
1754123794.57446,-4,1,-69
1754123794.61346,-5,-3,-71
1754123794.64946,0,0,-76
1754123794.6874602,-5,0,-65
1754123794.72646,-8,6,-63
1754123794.76446,4,2,-65
1754123794.80046,-4,0,-64
1754123794.83946,-4,4,-59
1754123794.87646,2,3,-56
1754123794.92046,3,-4,-63
1754123794.95846,-10,-1,-55
1754123794.9964602,-4,0,-53
1754123795.03546,-4,0,-59
1754123795.07346,2,-2,-55
1754123795.10946,0,0,-59
1754123795.14646,-2,4,-62
1754123795.18546,-3,-1,-58
1754123795.2234602,7,-6,-57
1754123795.2594602,12,-4,-49
1754123795.29746,4,1,-52
1754123795.3354602,10,3,-61
1754123795.37446,3,-2,-64
1754123795.41046,0,0,-63
1754123795.4474602,-2,-2,-63
1754123795.48546,-9,-1,-68
1754123795.52446,-4,4,-60
1754123795.56046,-2,5,-60
1754123795.5984602,1,2,-58
1754123795.63646,4,1,-62
1754123795.67546,5,0,-59
1754123795.7134602,1,2,-63
1754123795.75046,6,0,-61
1754123795.78746,3,1,-63
1754123795.82646,0,5,-70
1754123795.86446,2,2,-61
1754123795.90046,-5,2,-68
1754123795.93946,-8,-4,-69
1754123795.97646,0,1,-68
1754123796.01546,1,3,-71
1754123796.05346,0,1,-64
1754123796.08946,-1,-1,-81
1754123796.12746,-1,1,-65
1754123796.16546,-1,1,-47
1754123796.20446,-1,2,-53
1754123796.24146,-3,3,-63
1754123796.27846,-5,-2,-59
1754123796.31646,7,3,-59
1754123796.3554602,6,7,-61
1754123796.39346,8,3,-61
1754123796.42946,3,1,-62
1754123796.46646,4,2,-61
1754123796.50546,3,5,-63
1754123796.54346,-1,-5,-61
1754123796.57946,5,-1,-61
1754123796.6184602,0,0,-66
1754123796.65546,6,5,-61
1754123796.6944602,5,2,-60
1754123796.7304602,-1,3,-67
1754123796.76846,2,-1,-78
1754123796.80646,0,0,-69
1754123796.8454602,-5,-1,-73
1754123796.88346,-6,-1,-66
1754123796.91946,-2,1,-66
1754123796.9574602,-1,1,-67
1754123796.99546,-2,2,-72
1754123797.03446,-4,2,-71
1754123797.07046,-4,-3,-69
1754123797.1084602,-3,3,-59
1754123797.14646,-6,9,-72
1754123797.18546,-1,3,-72
1754123797.22146,1,-1,-69
1754123797.2594602,3,3,-65
1754123797.2964602,-8,8,-70
1754123797.3354602,-8,1,-72
1754123797.3714602,-5,1,-66
1754123797.40946,0,-2,-56
1754123797.4474602,-1,-3,-71
1754123797.48546,0,-5,-66
1754123797.52446,4,4,-67
1754123797.56146,2,5,-60
1754123797.5984602,-4,-1,-50
1754123797.63646,-1,2,-68
1754123797.67546,-5,3,-55
1754123797.71146,4,2,-61
1754123797.74846,1,0,-60
1754123797.7864602,-7,7,-58
1754123797.8254602,-3,7,-57
1754123797.8614602,2,0,-66
1754123797.89846,0,-1,-59
1754123797.93646,-10,-4,-64
1754123797.97546,-9,0,-74
1754123798.01146,0,2,-65
1754123798.04846,3,0,-70
1754123798.08646,2,5,-70
1754123798.12546,-2,4,-64
1754123798.1614602,-3,-5,-52
1754123798.19946,4,-6,-61
1754123798.23746,8,-5,-73
1754123798.2764602,1,0,-53
1754123798.31446,-6,0,-59
1754123798.35046,-4,-1,-63
1754123798.3884602,-3,3,-68
1754123798.42646,-6,3,-60
1754123798.46546,-5,3,-72
1754123798.50146,-1,0,-65
1754123798.53846,-3,4,-54
1754123798.57646,0,3,-59
1754123798.6154602,-2,-1,-54
1754123798.6514602,-6,1,-61
1754123798.68946,0,2,-62
1754123798.72846,2,0,-62
1754123798.7664602,-2,0,-74
1754123798.80446,-1,0,-75
1754123798.84046,0,0,-73
1754123798.87746,-9,-5,-65
1754123798.91646,-5,0,-68
1754123798.95446,-3,2,-63
1754123798.9904602,-2,-2,-69
1754123799.02846,2,3,-60
1754123799.06746,-1,0,-62
1754123799.1054602,-4,3,-74
1754123799.1414602,-2,-1,-77
1754123799.17946,0,7,-67
1754123799.2174602,-2,8,-74
1754123799.2564602,0,0,-61
1754123799.2924602,-9,7,-65
1754123799.33046,-2,1,-76
1754123799.3684602,-2,-5,-66
1754123799.40646,-5,-1,-68
1754123799.44546,-2,3,-63
1754123799.48146,4,0,-68
1754123799.52046,0,-4,-60
1754123799.55746,3,-1,-63
1754123799.59646,3,-3,-56
1754123799.63246,7,3,-59
1754123799.67046,0,0,-76
1754123799.70846,0,3,-71
1754123799.7464602,6,3,-72
1754123799.78546,2,-1,-71
1754123799.82146,7,0,-57
1754123799.8584602,0,-3,-62
1754123799.89646,4,0,-68
1754123799.93546,-1,-2,-56
1754123799.97146,3,1,-57
1754123800.0094602,-1,6,-62
1754123800.04746,3,6,-52
1754123800.08646,1,5,-62
1754123800.12246,3,1,-62
1754123800.15946,-2,-2,-72
1754123800.1974602,0,-6,-78
1754123800.2364602,10,-9,-69
1754123800.27246,8,1,-54
1754123800.3094602,2,-2,-57
1754123800.3484602,3,-4,-68
1754123800.38646,-12,0,-76
1754123800.42246,-3,4,-70
1754123800.4604602,-3,-1,-60
1754123800.49846,-4,0,-62
1754123800.53746,-2,0,-63
1754123800.5754602,-1,-4,-68
1754123800.6114602,-1,-6,-70
1754123800.64946,-3,-8,-62
1754123800.6874602,-5,-1,-63
1754123800.72646,2,-2,-55
1754123800.76246,2,-5,-67
1754123800.80046,1,-5,-71
1754123800.8384602,-1,-3,-67
1754123800.87746,-7,-1,-61
1754123800.91546,-9,-4,-60
1754123800.95246,-3,0,-71
1754123800.9904602,0,0,-60
1754123801.02746,-4,0,-59
1754123801.06646,-3,-1,-54
1754123801.10246,2,0,-65
1754123801.14046,4,5,-72
1754123801.1774602,-1,8,-66
1754123801.21646,-7,1,-54
1754123801.25246,-4,1,-51
1754123801.29046,-7,0,-56
1754123801.32846,0,-1,-64
1754123801.36746,0,3,-54
1754123801.40546,3,3,-55
1754123801.44146,-3,0,-67
1754123801.47846,-1,0,-61
1754123801.51746,0,-5,-60
1754123801.55346,1,1,-53
1754123801.59046,1,-2,-67
1754123801.6284602,-3,-1,-65
1754123801.6674602,-2,-7,-63
1754123801.70346,0,-2,-61
1754123801.74146,-5,-3,-57
1754123801.7794602,7,3,-62
1754123801.81746,-2,-3,-61
1754123801.85646,-1,-8,-66
1754123801.89246,-2,-2,-63
1754123801.93046,-4,-6,-70
1754123801.96946,-5,0,-60
1754123802.00746,-8,0,-59
1754123802.04346,-4,-2,-52
1754123802.0824602,6,-6,-60
1754123802.11946,-2,2,-59
1754123802.1574602,-4,-2,-58
1754123802.19646,0,-6,-48
1754123802.23246,0,1,-73
1754123802.2694602,6,3,-64
1754123802.30746,0,-3,-55
1754123802.34646,-3,0,-53
1754123802.38246,-4,-3,-57
1754123802.42046,-7,-5,-64
1754123802.45846,3,-2,-69
1754123802.49746,-1,-4,-66
1754123802.53346,0,-8,-64
1754123802.57146,4,-10,-72
1754123802.60946,-2,-3,-63
1754123802.64846,-6,-1,-65
1754123802.68646,-6,-2,-66
1754123802.7234602,-1,3,-63
1754123802.76046,3,3,-74
1754123802.79846,6,1,-68
1754123802.83746,-3,1,-71
1754123802.87346,0,-3,-69
1754123802.9114602,12,-3,-65
1754123802.94946,2,0,-50
1754123802.98846,0,-2,-51
1754123803.0264602,4,0,-69
1754123803.0624602,3,-2,-78
1754123803.10146,6,-2,-63
1754123803.13946,-5,0,-70
1754123803.1774602,-5,-7,-68
1754123803.2134602,0,-4,-66
1754123803.25246,-6,0,-61
1754123803.2894602,-3,-2,-60
1754123803.32846,3,3,-63
1754123803.36646,4,0,-72
1754123803.40246,5,-5,-71
1754123803.4404602,-1,-6,-52
1754123803.47846,-5,4,-70
1754123803.51746,-4,0,-66
1754123803.55346,-10,1,-77
1754123803.59146,-6,3,-60
1754123803.63046,5,0,-60
1754123803.66846,-1,-1,-56
1754123803.70646,-1,5,-54
1754123803.74246,-3,2,-59
1754123803.78146,-1,2,-54
1754123803.81846,-1,5,-64
1754123803.85746,-5,0,-58
1754123803.89346,-2,-10,-62
1754123803.93146,-1,-3,-66
1754123803.96946,-1,-6,-67
1754123804.00846,-5,0,-58
1754123804.04446,-1,0,-58
1754123804.0824602,4,4,-61
1754123804.12046,1,0,-56
1754123804.15946,0,-4,-59
1754123804.1974602,3,5,-61
1754123804.2334602,-4,0,-58
1754123804.27146,-2,-4,-73
1754123804.3094602,7,-3,-67
1754123804.3484602,-4,-5,-65
1754123804.3844602,0,0,-60
1754123804.42246,-1,-5,-74
1754123804.45946,-9,-4,-60
1754123804.49846,-5,-7,-75
1754123804.53446,4,-6,-59
1754123804.5724602,1,-4,-60
1754123804.61046,4,-1,-64
1754123804.64846,0,-2,-66
1754123804.6874602,-2,6,-57
1754123804.7234602,0,3,-65
1754123804.76046,-3,-3,-61
1754123804.79846,3,-3,-62
1754123804.83746,-1,-3,-68
1754123804.87346,-5,-4,-60
1754123804.9114602,-1,2,-57
1754123804.9574602,4,3,-60
1754123804.9934602,3,-7,-64
1754123805.03146,0,-4,-69
1754123805.0694602,-6,0,-57
1754123805.10746,-9,-3,-52
1754123805.14346,-5,0,-56
1754123805.18146,-2,-5,-70
1754123805.21946,-2,-1,-62
1754123805.25846,1,-6,-64
1754123805.29446,9,-5,-61
1754123805.33146,2,-4,-63
1754123805.36946,-4,-7,-65
1754123805.40846,0,-6,-59
1754123805.4444602,-3,0,-58
1754123805.48146,3,-2,-57
1754123805.5194602,-3,-7,-63
1754123805.55846,9,-7,-65
1754123805.59446,-3,-5,-61
1754123805.63246,5,4,-65
1754123805.6714602,1,2,-64
1754123805.70946,4,-7,-66
1754123805.74746,-2,-2,-71
1754123805.78346,-3,-1,-73
1754123805.82146,-4,-2,-67
1754123805.85946,-1,-1,-57
1754123805.89846,-2,1,-56
1754123805.9344602,0,-1,-48
1754123805.97246,0,-2,-53
1754123806.01046,4,-1,-54
1754123806.0494602,-2,0,-58
1754123806.08746,0,1,-55
1754123806.12346,4,0,-60
1754123806.1614602,0,-5,-66
1754123806.19946,-1,-12,-76
1754123806.23846,6,-6,-69
1754123806.27446,0,-3,-64
1754123806.31146,-1,-8,-69
1754123806.34946,4,-5,-71
1754123806.3884602,-1,-1,-66
1754123806.4244602,-3,-2,-63
1754123806.46246,-1,-1,-71
1754123806.50146,1,0,-60
1754123806.5394602,2,-4,-74
1754123806.5754602,-4,-5,-65
1754123806.61346,-5,0,-63
1754123806.6514602,0,0,-66
1754123806.68946,0,-3,-64
1754123806.72846,-3,-2,-63
1754123806.76446,-2,-5,-73
1754123806.8024602,-3,0,-59
1754123806.84146,-2,-1,-63
1754123806.87946,0,-6,-58
1754123806.91546,-1,1,-70
1754123806.95346,6,-3,-56
1754123806.99146,-1,-4,-62
1754123807.03046,0,-3,-59
1754123807.06846,-5,0,-60
1754123807.10446,-8,1,-58
1754123807.1414602,-3,0,-61
1754123807.18046,2,2,-61
1754123807.21846,2,1,-63
1754123807.25446,-1,-3,-59
1754123807.2924602,0,-5,-63
1754123807.33046,0,-4,-74
1754123807.36946,2,-9,-54
1754123807.40546,9,-12,-53
1754123807.44346,0,-13,-49
1754123807.48146,4,-3,-67
1754123807.52046,3,-3,-74
1754123807.55846,4,-4,-73
1754123807.59446,4,1,-74
1754123807.63246,-1,-1,-64
1754123807.6714602,5,0,-65
1754123807.70946,2,5,-69
1754123807.74546,1,2,-60
1754123807.7824602,5,0,-64
1754123807.82046,-7,-2,-66
1754123807.85946,-1,2,-70
1754123807.89546,2,1,-70
1754123807.93246,-6,-1,-61
1754123807.9704602,-7,-3,-64
1754123808.0094602,-8,-5,-71
1754123808.04546,0,-2,-73
1754123808.08346,11,-1,-69
1754123808.1214602,2,2,-73
1754123808.16046,-1,0,-76
1754123808.19846,-5,-4,-60
1754123808.23446,0,-2,-70
1754123808.27146,-1,-7,-55
1754123808.31046,0,-3,-62
1754123808.3484602,-2,0,-53
1754123808.3844602,-5,-6,-50
1754123808.42246,4,-9,-59
1754123808.4604602,10,-2,-69
1754123808.49946,3,2,-64
1754123808.53546,4,0,-66
1754123808.5724602,0,-1,-66
1754123808.61046,5,-5,-55
1754123808.64946,-5,0,-56
1754123808.68546,1,2,-66
1754123808.7234602,3,-3,-68
1754123808.76146,5,-1,-57
1754123808.80046,1,0,-57
1754123808.83646,-2,-1,-60
1754123808.87446,-2,0,-66
1754123808.91346,2,-5,-72
1754123808.9504602,-6,-2,-64
1754123808.98946,-4,0,-70
1754123809.02546,-5,2,-71
1754123809.06346,5,1,-67
1754123809.10146,-6,1,-65
1754123809.14046,0,0,-61
1754123809.17646,-1,3,-56
1754123809.21446,1,2,-59
1754123809.25246,-2,1,-64
1754123809.29046,-4,0,-70
1754123809.32946,-5,0,-67
1754123809.3654602,-1,-1,-64
1754123809.4044602,-10,-6,-57
1754123809.44146,-2,-5,-62
1754123809.4804602,-4,2,-63
1754123809.5164602,-6,3,-62
1754123809.55446,-6,-6,-70
1754123809.5924602,2,-2,-68
1754123809.6314602,-6,-7,-75
1754123809.66946,1,0,-72
1754123809.70546,5,2,-64
1754123809.7434602,6,2,-74
1754123809.78146,3,-1,-58
1754123809.82046,-4,-5,-66
1754123809.85646,-2,-4,-59
1754123809.8944602,0,0,-73
1754123809.93346,-2,-3,-73
1754123809.97146,-6,-1,-84
1754123810.0094602,0,1,-62
1754123810.04546,2,-2,-68
1754123810.08346,0,0,-64
1754123810.1214602,3,-1,-52
1754123810.16046,-1,0,-71
1754123810.19646,0,0,-62
1754123810.2334602,-5,3,-70
1754123810.27146,-6,1,-78
1754123810.31046,-1,-1,-68
1754123810.34646,-4,9,-66
1754123810.38346,-4,0,-63
1754123810.4214602,-9,3,-61
1754123810.4604602,0,-2,-66
1754123810.4964602,0,-6,-61
1754123810.53346,-2,0,-71
1754123810.57146,1,1,-69
1754123810.61046,-7,-3,-67
1754123810.64646,-4,-2,-67
1754123810.6844602,-1,-3,-58
1754123810.72246,3,-4,-70
1754123810.76146,1,-5,-65
1754123810.7994602,2,-3,-62
1754123810.8354602,-8,-3,-53
1754123810.87346,-3,-6,-62
1754123810.91246,-5,-7,-70
1754123810.9504602,-13,-4,-76
1754123810.9864602,-1,-1,-65
1754123811.02446,-4,0,-64
1754123811.0624602,-4,0,-54
1754123811.10146,-12,-3,-70
1754123811.13746,-8,0,-73
1754123811.17546,-5,1,-78
1754123811.2134602,3,5,-67
1754123811.25146,2,-2,-74
1754123811.29046,-1,-7,-64
1754123811.32646,0,-7,-62
1754123811.36446,3,-4,-71
1754123811.40346,0,-2,-67
1754123811.44146,-9,0,-64
1754123811.47746,-4,-2,-76
1754123811.51546,0,3,-74
1754123811.55346,-10,2,-57
1754123811.59146,-1,-4,-51
1754123811.63046,1,0,-54
1754123811.66646,0,3,-60
1754123811.70346,-2,-1,-61
1754123811.74246,4,4,-61
1754123811.78046,2,-2,-66
1754123811.81646,7,-3,-63
1754123811.85446,2,-5,-69
1754123811.89246,-1,-5,-61
1754123811.93146,-4,-2,-53
1754123811.9674602,-1,-3,-56
1754123812.0064602,-1,-5,-56
1754123812.04346,-3,-1,-54
1754123812.0824602,7,7,-57
1754123812.12046,-4,7,-63
1754123812.15646,-2,-1,-51
1754123812.19546,0,3,-54
1754123812.23246,-2,5,-54
1754123812.27146,-7,2,-54
1754123812.30746,-8,-4,-58
1754123812.3454602,-3,-6,-65
1754123812.38346,-1,-1,-69
1754123812.42246,-2,2,-72
1754123812.4604602,-5,5,-65
1754123812.4964602,-2,5,-52
1754123812.53446,-2,-1,-65
1754123812.5724602,0,-2,-62
1754123812.6114602,5,-2,-64
1754123812.64746,3,-2,-58
1754123812.68646,-3,2,-61
1754123812.7234602,0,1,-67
1754123812.76246,-2,8,-59
1754123812.80046,-3,0,-57
1754123812.83646,-2,0,-63
1754123812.87346,2,-2,-60
1754123812.91246,8,3,-52
1754123812.9504602,2,5,-53
1754123812.9864602,-7,5,-53
1754123813.02446,4,-3,-44
1754123813.0624602,0,-3,-66
1754123813.10146,0,0,-66
1754123813.13746,-4,2,-55
1754123813.17546,1,1,-62
1754123813.2134602,0,-1,-61
1754123813.25246,5,-1,-62
1754123813.28846,-2,3,-59
1754123813.3254602,-9,2,-70
1754123813.36346,-2,2,-48
1754123813.40246,-4,2,-54
1754123813.43846,-4,0,-58
1754123813.47646,0,0,-66
1754123813.51546,6,-3,-57
1754123813.5524602,3,2,-57
1754123813.59146,0,0,-63
1754123813.62746,-3,1,-63
1754123813.66546,-6,0,-58
1754123813.70346,-4,-4,-60
1754123813.74246,3,-2,-56
1754123813.77846,1,3,-62
1754123813.8154602,0,11,-79
1754123813.85346,0,-1,-64
1754123813.89246,-1,1,-66
1754123813.92846,-1,6,-58
1754123813.96646,-5,1,-48
1754123814.00446,-3,7,-55
1754123814.04346,6,0,-60
1754123814.08146,4,-5,-69
1754123814.11746,5,2,-65
1754123814.1544602,7,-6,-61
1754123814.19346,8,4,-66
1754123814.23146,1,0,-72
1754123814.26846,-4,0,-73
1754123814.30546,-1,0,-59
1754123814.34446,-1,-6,-68
1754123814.38246,-8,-5,-67
1754123814.41846,-5,-2,-72
1754123814.45646,1,-2,-63
1754123814.49446,-6,2,-55
1754123814.53346,-1,-1,-63
1754123814.57146,0,1,-64
1754123814.60746,5,-1,-60
1754123814.64546,6,-2,-57
1754123814.68346,1,1,-56
1754123814.72246,2,1,-73
1754123814.75846,3,-3,-69
1754123814.7964602,-2,0,-58
1754123814.83446,0,-10,-68
1754123814.87346,0,-6,-57
1754123814.9114602,0,-8,-61
1754123814.9474602,-4,-2,-63
1754123814.9934602,-2,-3,-72
1754123815.03146,11,-3,-69
1754123815.06746,0,1,-60
1754123815.1054602,-4,-4,-57
1754123815.1444602,1,5,-67
1754123815.18246,0,0,-72
1754123815.21846,0,-2,-71
1754123815.2564602,0,-5,-67
1754123815.29446,0,-1,-68
1754123815.33346,0,0,-62
1754123815.36946,-6,5,-61
1754123815.4074602,-7,2,-69
1754123815.44546,-7,0,-63
1754123815.4834602,-5,-4,-58
1754123815.52246,-4,-2,-66
1754123815.55846,0,0,-73
1754123815.59746,0,5,-74
1754123815.6344602,-7,-3,-67
1754123815.67346,3,-3,-66
1754123815.70946,3,-5,-62
1754123815.74746,-7,-4,-61
1754123815.78546,0,-1,-70
1754123815.82346,-1,5,-72
1754123815.86246,-2,-2,-66
1754123815.89846,-1,1,-63
1754123815.93646,0,-2,-57
1754123815.97446,4,-1,-58
1754123816.0134602,-3,0,-64
1754123816.0494602,0,1,-69
1754123816.0884602,13,0,-65
1754123816.12546,4,0,-58
1754123816.16346,4,-2,-59
1754123816.20246,4,-3,-67
1754123816.23846,5,-3,-66
1754123816.27546,0,-5,-64
1754123816.31346,-5,0,-68
1754123816.35246,1,4,-76
1754123816.3884602,1,5,-55
1754123816.42546,2,7,-60
1754123816.46446,0,5,-71
1754123816.50246,0,2,-82
1754123816.53846,0,3,-68
1754123816.5754602,-2,4,-66
1754123816.61446,-6,2,-70
1754123816.65246,-1,1,-62
1754123816.68846,-6,5,-72
1754123816.72546,-8,-2,-62
1754123816.76446,0,-1,-63
1754123816.8024602,3,3,-68
1754123816.8384602,-3,7,-67
1754123816.87546,-1,-1,-67
1754123816.9144602,0,-1,-57
1754123816.95246,-5,2,-58
1754123816.98846,-1,-2,-53
1754123817.0264602,-7,-1,-51
1754123817.06446,-3,0,-50
1754123817.10346,-4,0,-56
1754123817.13946,2,-1,-59
1754123817.17646,3,5,-54
1754123817.21446,3,-1,-62
1754123817.2534602,-1,0,-68
1754123817.2894602,0,5,-67
1754123817.32646,-5,-5,-60
1754123817.36446,3,-11,-67
1754123817.40346,0,-6,-62
1754123817.43946,2,-8,-64
1754123817.47746,-5,-7,-59
1754123817.51546,0,3,-57
1754123817.55446,4,2,-57
1754123817.5924602,0,-9,-58
1754123817.62946,-1,-10,-61
1754123817.6674602,-5,-3,-55
1754123817.70546,-2,4,-60
1754123817.74446,-6,3,-51
1754123817.78046,-1,2,-66
1754123817.81846,-2,5,-61
1754123817.85646,-2,4,-59
1754123817.8944602,-3,3,-61
1754123817.93346,-6,-6,-69
1754123817.96946,-1,-2,-65
1754123818.00746,2,-3,-68
1754123818.04546,-6,0,-74
1754123818.08446,-3,-1,-65
1754123818.12046,-8,1,-63
1754123818.1574602,-9,-8,-50
1754123818.19546,-3,-9,-52
1754123818.23446,-3,-4,-56
1754123818.27046,-4,5,-63
1754123818.30746,-1,-3,-66
1754123818.34646,0,-1,-69
1754123818.3844602,0,-3,-60
1754123818.42046,1,-6,-69
1754123818.45846,-2,-4,-59
1754123818.4964602,3,-6,-69
1754123818.53446,5,0,-55
1754123818.57046,-2,-3,-64
1754123818.60946,3,1,-61
1754123818.64646,2,-6,-75
1754123818.68546,4,-5,-63
1754123818.7234602,-5,-1,-66
1754123818.7594602,-3,0,-67
1754123818.79746,3,0,-62
1754123818.8354602,1,-4,-62
1754123818.87446,-5,-4,-67
1754123818.91046,1,-9,-66
1754123818.94846,2,-1,-63
1754123818.98746,3,-3,-69
1754123819.02546,4,2,-60
1754123819.06346,5,1,-58
1754123819.09946,8,3,-74
1754123819.13646,7,1,-61
1754123819.17546,-2,3,-64
1754123819.2134602,0,3,-69
1754123819.24946,-4,-1,-74
1754123819.28746,0,2,-64
1754123819.3254602,1,-1,-55
1754123819.36446,-4,-3,-64
1754123819.40046,-2,-1,-63
1754123819.43846,-3,-1,-56
1754123819.47646,7,0,-70
1754123819.51546,4,-3,-59
1754123819.55346,-2,2,-61
1754123819.58946,-2,5,-64
1754123819.62746,0,0,-64
1754123819.66546,-4,-2,-67
1754123819.70446,0,-2,-61
1754123819.7404602,-1,-5,-61
1754123819.7794602,0,-3,-64
1754123819.81646,-2,-1,-56
1754123819.8554602,-5,-2,-55
1754123819.89346,0,-4,-69
1754123819.93046,-3,-1,-63
1754123819.96846,4,0,-59
1754123820.0064602,9,-1,-56
1754123820.04546,2,-3,-58
1754123820.08146,-3,1,-75
1754123820.1184602,0,-2,-82
1754123820.15646,1,0,-71
1754123820.19546,-8,0,-80
1754123820.23146,0,-4,-62
1754123820.27046,-3,4,-62
1754123820.30746,1,5,-60
1754123820.3454602,1,0,-66
1754123820.3844602,0,-3,-63
1754123820.42046,0,-5,-66
1754123820.45846,-1,-5,-58
1754123820.4964602,-6,-2,-60
1754123820.53546,3,2,-67
1754123820.57146,1,-6,-62
1754123820.60946,-4,-1,-66
1754123820.64746,1,5,-65
1754123820.68546,3,-1,-70
1754123820.72446,0,0,-58
1754123820.76046,-2,-4,-66
1754123820.79846,-5,-3,-70
1754123820.83646,-4,3,-70
1754123820.87546,-2,-7,-68
1754123820.9114602,0,-2,-70
1754123820.94846,1,0,-66
1754123820.9864602,0,-1,-76
1754123821.02546,5,-2,-69
1754123821.06146,-1,-7,-61
1754123821.09946,1,-8,-76
1754123821.13746,-2,-4,-69
1754123821.17646,-3,-2,-67
1754123821.21446,-1,0,-60
1754123821.25046,-4,1,-70
1754123821.28846,-7,0,-55
1754123821.32646,-1,2,-52
1754123821.3654602,7,-4,-58
1754123821.4014602,-2,-5,-73
1754123821.43946,-3,-4,-74
1754123821.47746,-5,-5,-73
1754123821.5164602,6,0,-69
1754123821.55446,2,0,-51
1754123821.59046,-2,2,-52
1754123821.62746,-3,4,-61
1754123821.66646,-4,-1,-67
1754123821.70446,-1,-1,-56
1754123821.7404602,-3,0,-54
1754123821.77846,-6,0,-53
1754123821.81646,-1,0,-56
1754123821.8554602,-5,-2,-63
1754123821.8914602,-2,2,-62
1754123821.92946,2,2,-52
1754123821.9674602,-1,1,-50
1754123822.0064602,0,-3,-53
1754123822.04446,0,-3,-48
1754123822.08146,1,-9,-65
1754123822.1184602,3,-2,-70
1754123822.15646,0,4,-73
1754123822.19546,-1,6,-67
1754123822.23146,-2,-5,-71
1754123822.2694602,-2,-3,-69
1754123822.30846,-1,-2,-75
1754123822.34646,-4,-4,-60
1754123822.38246,-1,0,-58
1754123822.42046,2,6,-62
1754123822.45846,7,4,-56
1754123822.4964602,5,4,-64
1754123822.53546,9,-1,-70
1754123822.57146,10,0,-58
1754123822.6084602,6,2,-60
1754123822.64646,0,1,-71
1754123822.68546,-1,-7,-65
1754123822.72146,-2,-5,-55
1754123822.7594602,4,-6,-61
1754123822.79746,-5,-10,-66
1754123822.83646,-3,-5,-59
1754123822.87246,-2,-9,-56
1754123822.91046,-3,-3,-63
1754123822.94846,1,-4,-61
1754123822.9864602,1,-4,-60
1754123823.02546,6,-7,-58
1754123823.06146,5,0,-62
1754123823.09946,0,4,-60
1754123823.13646,3,-2,-64
1754123823.17546,1,-9,-64
1754123823.21146,0,-8,-79
1754123823.24946,-2,-1,-77
1754123823.28746,-7,0,-59
1754123823.32646,-5,2,-62
1754123823.36246,3,0,-58
1754123823.39946,3,-1,-67
1754123823.4374602,8,0,-69
1754123823.47646,-2,-7,-60
1754123823.51246,0,-6,-59
1754123823.55046,-1,-3,-63
1754123823.5884602,-9,-1,-53
1754123823.62746,0,-3,-65
1754123823.66546,-4,-1,-58
1754123823.70146,0,0,-60
1754123823.73846,-6,-2,-49
1754123823.77746,-4,0,-51
1754123823.8154602,-6,-12,-61
1754123823.85146,2,-6,-67
1754123823.88946,0,-1,-74
1754123823.9274602,5,-5,-64
1754123823.96546,-4,0,-57
1754123824.00146,6,1,-62
1754123824.03846,-4,-1,-71
1754123824.07746,-1,2,-66
1754123824.1154602,1,1,-63
1754123824.1514602,1,0,-70
1754123824.18846,-2,0,-76
1754123824.22746,0,2,-60
1754123824.26546,3,1,-57
1754123824.30146,2,0,-65
1754123824.33946,-3,1,-66
1754123824.37746,-7,-7,-71
1754123824.41546,-3,-3,-71
1754123824.45146,5,1,-72
1754123824.48946,-4,1,-66
1754123824.52746,-2,1,-59
1754123824.56346,0,-3,-62
1754123824.60246,0,-6,-66
1754123824.63946,-6,0,-68
1754123824.6774602,-3,-3,-73
1754123824.71646,5,-3,-65
1754123824.75246,4,-5,-64
1754123824.79046,5,0,-78
1754123824.82846,2,1,-69
1754123824.86746,2,-1,-67
1754123824.90346,-3,-5,-61
1754123824.94146,-5,-2,-71
1754123824.9804602,-4,-1,-60
1754123825.02346,-2,9,-53
1754123825.06146,1,0,-62
1754123825.09946,-6,-6,-59
1754123825.13746,-7,2,-69
1754123825.17646,-2,-6,-54
1754123825.21246,0,-6,-55
1754123825.25146,1,-8,-64
1754123825.28846,7,0,-53
1754123825.32746,0,7,-63
1754123825.36346,-6,-1,-61
1754123825.4014602,7,0,-54
1754123825.4404602,3,-7,-66
1754123825.47746,-1,-6,-62
1754123825.5164602,-2,-2,-63
1754123825.5524602,0,1,-61
1754123825.59046,2,4,-60
1754123825.6284602,0,1,-61
1754123825.66646,0,1,-69
1754123825.70246,0,8,-71
1754123825.7404602,-2,3,-65
1754123825.77846,-2,0,-74
1754123825.81646,-6,1,-68
1754123825.85246,0,-3,-67
1754123825.89046,-3,2,-49
1754123825.92846,0,0,-61
1754123825.9674602,1,-8,-64
1754123826.0034602,2,-1,-67
1754123826.04146,3,-9,-59
1754123826.07946,7,-7,-59
1754123826.1184602,1,-4,-55
1754123826.15646,4,4,-49
1754123826.19246,3,0,-54
1754123826.22946,0,-4,-65
1754123826.26846,1,-2,-66
1754123826.30646,-2,-4,-74
1754123826.3424602,0,-3,-64
1754123826.38046,5,-1,-65
1754123826.41846,1,-5,-69
1754123826.4574602,3,0,-67
1754123826.4934602,-2,0,-71
1754123826.53146,3,2,-66
1754123826.5694602,0,0,-66
1754123826.6084602,-4,0,-60
1754123826.64646,3,2,-61
1754123826.68246,7,-1,-61
1754123826.7204602,1,2,-68
1754123826.75846,-2,0,-63
1754123826.79746,-2,-4,-56
1754123826.83346,0,-5,-63
1754123826.8714602,-1,0,-53
1754123826.91046,4,2,-61
1754123826.94846,1,2,-63
1754123826.98446,-4,0,-65
1754123827.02346,-9,0,-58
1754123827.06046,-4,-3,-62
1754123827.0984602,5,5,-55
1754123827.13746,3,-1,-61
1754123827.17346,-2,-3,-60
1754123827.21146,4,-3,-55
1754123827.24946,3,-2,-71
1754123827.28846,5,-3,-66
1754123827.32446,4,-3,-65
1754123827.3614602,5,-2,-63
1754123827.39946,0,-6,-58
1754123827.43846,-3,2,-55
1754123827.47446,-5,9,-61
1754123827.51246,-5,3,-61
1754123827.55146,0,-3,-69
1754123827.5884602,-4,0,-69
1754123827.62746,-5,1,-61
1754123827.66346,3,-7,-59
1754123827.70146,0,-1,-56
1754123827.73946,1,3,-62
1754123827.77846,0,6,-58
1754123827.81446,-6,2,-60
1754123827.85246,-3,-5,-52
1754123827.89046,0,0,-66
1754123827.92946,-7,0,-52
1754123827.9674602,3,3,-62
1754123828.0034602,-6,8,-72
1754123828.04146,-3,-2,-65
1754123828.07946,0,0,-53
1754123828.1184602,-3,-2,-56
1754123828.1544602,-2,-6,-66
1754123828.19346,-2,-4,-63
1754123828.2304602,0,-2,-61
1754123828.2694602,2,-1,-55
1754123828.30746,2,-7,-60
1754123828.34346,4,0,-58
1754123828.38046,3,5,-56
1754123828.41946,-1,-6,-63
1754123828.4574602,1,-3,-58
1754123828.4934602,0,-3,-60
1754123828.53146,1,5,-66
1754123828.5694602,3,5,-61
1754123828.6084602,-7,-3,-65
1754123828.6444602,-9,-4,-75
1754123828.68246,1,0,-61
1754123828.7204602,0,2,-63
1754123828.7594602,-6,2,-58
1754123828.79746,-1,2,-60
1754123828.83346,-5,5,-60
1754123828.87046,-1,-3,-70
1754123828.90946,-1,0,-64
1754123828.9474602,4,2,-62
1754123828.9834602,0,-9,-60
1754123829.02046,-4,0,-75
1754123829.0594602,11,-1,-52
1754123829.0954602,0,-2,-58
1754123829.1344602,0,-1,-55
1754123829.1714602,-3,-1,-59
1754123829.2104602,4,5,-70
1754123829.24846,13,2,-71
1754123829.28446,-5,0,-66
1754123829.32346,0,-4,-71
1754123829.36046,-4,-3,-70
1754123829.39946,-3,-7,-57
1754123829.43546,-4,-3,-59
1754123829.4734602,2,-2,-67
1754123829.51146,2,2,-72
1754123829.5494602,2,-1,-67
1754123829.5884602,-2,0,-69
1754123829.62546,1,0,-65
1754123829.66246,4,1,-73
1754123829.7004602,-3,0,-71
1754123829.73946,0,4,-62
1754123829.77546,0,9,-67
1754123829.8124602,0,0,-65
1754123829.85046,3,-2,-66
1754123829.88946,-3,-1,-59
1754123829.92546,-2,0,-65
1754123829.96446,1,-7,-58
1754123830.00146,-3,3,-66
1754123830.0394602,3,1,-59
1754123830.07846,3,-4,-68
1754123830.11446,0,0,-72
1754123830.1514602,7,0,-62
1754123830.1904602,5,-3,-57
1754123830.22846,3,-2,-68
1754123830.26446,0,5,-64
1754123830.30146,0,0,-65
1754123830.34046,-3,0,-55
1754123830.3784602,-1,9,-63
1754123830.4144602,-9,12,-52
1754123830.45246,-3,1,-61
1754123830.4904602,2,2,-65
1754123830.5294602,0,3,-65
1754123830.56646,5,-4,-75
1754123830.60346,0,4,-62
1754123830.6414602,-1,2,-71
1754123830.67946,-3,-5,-59
1754123830.71546,-1,-6,-58
1754123830.7534602,-6,-7,-58
1754123830.79146,1,-6,-67
1754123830.83046,-5,2,-61
1754123830.8684602,3,-4,-64
1754123830.9044602,8,4,-62
1754123830.94346,-1,0,-62
1754123830.9804602,5,-3,-66
1754123831.0194602,8,-2,-65
1754123831.05646,3,5,-56
1754123831.09346,0,8,-70
1754123831.1314602,3,-2,-52
1754123831.17046,-2,-4,-58
1754123831.20846,0,-5,-60
1754123831.24446,0,2,-53
1754123831.2824602,-3,1,-63
1754123831.32046,-4,-1,-56
1754123831.35946,-1,3,-59
1754123831.39546,-6,-6,-51
1754123831.4344602,0,-6,-68
1754123831.47146,3,-6,-59
1754123831.51046,-3,-3,-65
1754123831.5464602,3,3,-64
1754123831.58446,3,0,-71
1754123831.62246,-4,3,-65
1754123831.66046,-4,-3,-64
1754123831.69946,-2,4,-64
1754123831.73546,4,4,-62
1754123831.77246,0,-3,-76
1754123831.81046,-2,-2,-65
1754123831.84946,-5,-4,-60
1754123831.88546,-3,-7,-62
1754123831.92346,-3,-3,-58
1754123831.96146,2,-2,-46
1754123832.00046,1,-7,-52
1754123832.0364602,5,-2,-56
1754123832.07446,4,-4,-57
1754123832.11346,-1,-3,-69
1754123832.15046,4,-3,-65
1754123832.18946,0,-6,-62
1754123832.22546,-2,0,-68
1754123832.26246,-4,2,-73
1754123832.30046,-1,-4,-71
1754123832.33946,0,0,-69
1754123832.37546,0,-1,-65
1754123832.41246,-4,-5,-61
1754123832.45146,-1,-6,-65
1754123832.48946,6,-3,-55
1754123832.52546,2,2,-60
1754123832.5624602,3,0,-67
1754123832.60146,11,2,-61
1754123832.63946,0,1,-67
1754123832.67546,0,1,-58
1754123832.71246,-6,2,-62
1754123832.75146,1,-2,-61
1754123832.7894602,2,0,-57
1754123832.8254602,3,-2,-58
1754123832.86246,0,-5,-58
1754123832.9014602,1,-3,-64
1754123832.93946,-1,-7,-61
1754123832.97546,0,-7,-67
1754123833.01246,0,-3,-66
1754123833.05146,0,4,-64
1754123833.08946,-2,-5,-58
1754123833.12546,2,-3,-62
1754123833.16246,-4,-4,-64
1754123833.20146,1,-1,-65
1754123833.23946,0,1,-52
1754123833.27546,-3,-1,-59
1754123833.31446,0,-2,-69
1754123833.35146,4,2,-55
1754123833.39046,0,3,-64
1754123833.42646,-2,-1,-70
1754123833.46446,-1,-2,-56
1754123833.50246,-2,0,-61
1754123833.54146,-2,7,-60
1754123833.57946,1,11,-75
1754123833.61646,2,5,-63
1754123833.65346,-2,7,-68
1754123833.69146,-6,6,-73
1754123833.7304602,-2,1,-69
1754123833.7664602,-1,-1,-61
1754123833.80446,5,3,-62
1754123833.84346,0,0,-55
1754123833.8814602,0,0,-56
1754123833.9174602,8,-3,-60
1754123833.95646,-1,-2,-62
1754123833.9934602,-2,6,-62
1754123834.03146,2,3,-66
1754123834.07046,10,-3,-67
1754123834.10646,4,-1,-84
1754123834.1444602,2,0,-65
1754123834.18246,7,-4,-68
1754123834.22146,0,0,-65
1754123834.25746,3,1,-67
1754123834.29446,0,0,-65
1754123834.3324602,1,0,-65
1754123834.3714602,-9,0,-73
1754123834.4074602,-5,0,-65
1754123834.44546,-2,0,-61
1754123834.4834602,-5,-2,-66
1754123834.52146,-2,-3,-65
1754123834.56046,3,-1,-52
1754123834.59646,-1,-7,-66
1754123834.6344602,-3,1,-54
1754123834.67246,2,0,-61
1754123834.71146,-2,5,-61
1754123834.74746,2,2,-61
1754123834.78446,-4,0,-64
1754123834.82346,-5,1,-59
1754123834.8614602,-5,0,-59
1754123834.89746,1,0,-66
1754123834.9344602,1,-1,-68
1754123834.9734602,0,-8,-48
1754123835.01146,0,2,-59
1754123835.05646,-2,0,-58
1754123835.09446,-2,0,-59
1754123835.13246,0,1,-60
1754123835.17046,0,3,-47
1754123835.20646,4,3,-53
1754123835.2434602,0,0,-66
1754123835.2824602,0,4,-59
1754123835.32046,-2,0,-75
1754123835.35646,0,-2,-67
1754123835.3944602,-9,-3,-64
1754123835.43246,5,-4,-63
1754123835.47146,0,-1,-54
1754123835.50746,2,2,-52
1754123835.54446,0,-1,-55
1754123835.5824602,-4,0,-66
1754123835.6214602,-1,0,-66
1754123835.6574602,-7,3,-64
1754123835.69546,-6,1,-44
1754123835.7334602,6,3,-51
1754123835.77246,3,-1,-59
1754123835.81046,-8,-5,-58
1754123835.84646,1,0,-65
1754123835.8844602,-3,-2,-73
1754123835.92346,-6,-5,-74
1754123835.96146,-2,-1,-58
1754123835.99746,1,0,-59
1754123836.03446,1,-2,-67
1754123836.07346,9,-4,-64
1754123836.1114602,-4,3,-69
1754123836.14746,-6,-3,-65
1754123836.18546,-10,-2,-62
1754123836.2234602,-3,0,-62
1754123836.26246,-7,1,-72
1754123836.29846,-5,1,-73
1754123836.33646,0,-1,-52
1754123836.37446,2,2,-59
1754123836.41246,5,-3,-53
1754123836.45146,2,0,-65
1754123836.48746,4,-7,-64
1754123836.52546,4,-5,-69
1754123836.56346,-10,4,-65
1754123836.60246,0,-4,-64
1754123836.6384602,-2,-5,-71
1754123836.6774602,-7,0,-61
1754123836.71446,-5,5,-61
1754123836.75246,-7,0,-64
1754123836.79146,1,2,-60
1754123836.82746,-4,-6,-63
1754123836.8654602,-6,-1,-61
1754123836.90346,-4,-4,-62
1754123836.94246,-4,3,-59
1754123836.97846,-1,-1,-67
1754123837.0164602,3,0,-74
1754123837.05446,6,2,-62
1754123837.09346,4,-1,-65
1754123837.1314602,0,0,-65
1754123837.1674602,-4,0,-60
1754123837.20546,0,1,-58
1754123837.2434602,2,3,-68
1754123837.2824602,0,0,-73
1754123837.31846,-5,-4,-56
1754123837.35746,1,-7,-59
1754123837.3944602,0,-4,-58
1754123837.43346,2,-5,-60
1754123837.47146,10,4,-63
1754123837.50846,11,-1,-55
1754123837.5464602,5,0,-55
1754123837.58446,0,-4,-49
1754123837.62346,0,-2,-57
1754123837.6614602,2,-10,-61
1754123837.6974602,3,-2,-61
1754123837.73546,5,0,-55
1754123837.77346,9,3,-62
1754123837.8124602,6,2,-59
1754123837.8484602,0,-5,-53
1754123837.88646,1,-6,-61
1754123837.9244602,8,-3,-72
1754123837.9634602,3,0,-57
1754123838.00146,4,0,-64
1754123838.03746,5,-4,-69
1754123838.07446,-6,-7,-56
1754123838.11346,-2,-3,-64
1754123838.1514602,-4,0,-65
1754123838.1874602,-3,-3,-56
1754123838.22546,-7,-3,-65
1754123838.2634602,1,-2,-71
1754123838.3024602,0,2,-66
1754123838.3384602,0,4,-62
1754123838.37646,0,0,-66
1754123838.41546,-11,-3,-67
1754123838.45346,1,-1,-63
1754123838.48946,3,0,-60
1754123838.5264602,7,2,-59
1754123838.56346,2,-4,-59
1754123838.60246,1,-7,-67
1754123838.6384602,0,-9,-79
1754123838.67646,-1,-14,-69
1754123838.71546,-3,-6,-68
1754123838.7534602,-3,-6,-61
1754123838.7894602,-1,0,-63
1754123838.82846,-1,-4,-71
1754123838.8654602,3,0,-73
1754123838.90346,-1,-3,-57
1754123838.94246,-2,4,-62
1754123838.97846,-3,3,-63
1754123839.0164602,2,4,-61
1754123839.05446,-3,-6,-71
1754123839.09346,0,-1,-61
1754123839.12946,4,0,-58
1754123839.16646,7,0,-54
1754123839.20446,-1,-2,-53
1754123839.2434602,-2,-1,-59
1754123839.2794602,-1,0,-54
1754123839.31746,1,0,-65
1754123839.3554602,-1,-1,-60
1754123839.3944602,-2,0,-78
1754123839.43246,-6,4,-66
1754123839.46846,3,7,-62
1754123839.50546,4,-2,-68
1754123839.54446,2,2,-62
1754123839.5824602,-1,10,-63
1754123839.6184602,1,6,-59
1754123839.65546,-3,0,-68
1754123839.6944602,5,0,-59
1754123839.73246,-8,-3,-56
1754123839.76846,0,-1,-58
1754123839.80546,-6,1,-69
1754123839.84446,-4,0,-56
1754123839.88246,-1,-3,-58
1754123839.91846,5,5,-60
1754123839.95546,5,-2,-61
1754123839.99446,4,-9,-61
1754123840.0324602,3,0,-66
1754123840.06846,-1,0,-68
1754123840.10646,-4,1,-71
1754123840.14546,-1,-2,-76
1754123840.18346,-2,2,-61
1754123840.21946,0,5,-61
1754123840.2564602,3,3,-62
1754123840.29546,2,-2,-67
1754123840.33346,-1,2,-73
1754123840.36946,0,5,-70
1754123840.40646,-1,0,-64
1754123840.4444602,-1,-4,-67
1754123840.4834602,3,-3,-62
1754123840.5194602,-5,-1,-58
1754123840.55746,0,-7,-59
1754123840.5954602,1,-1,-62
1754123840.6344602,6,-4,-55
1754123840.67046,0,4,-53
1754123840.7074602,0,-1,-77
1754123840.74546,4,-5,-78
1754123840.78446,-4,-1,-70
1754123840.82046,-6,0,-61
1754123840.85746,-5,0,-71
1754123840.89546,-1,1,-65
1754123840.9344602,3,4,-59
1754123840.9704602,-1,1,-62
1754123841.00746,2,0,-60
1754123841.0464602,-2,4,-70
1754123841.08446,6,-1,-66
1754123841.12046,2,-6,-69
1754123841.1574602,2,0,-67
1754123841.19646,3,0,-60
1754123841.23446,1,-2,-60
1754123841.27046,-1,-5,-62
1754123841.3094602,-3,3,-60
1754123841.34646,-3,-1,-58
1754123841.3844602,8,-6,-53
1754123841.42346,1,-5,-59
1754123841.45946,-3,-3,-56
1754123841.49746,0,2,-66
1754123841.53546,-5,0,-80
1754123841.57446,-6,0,-61
1754123841.61046,-4,2,-49
1754123841.64846,0,3,-61
1754123841.68646,6,0,-69
1754123841.72546,0,-1,-52
1754123841.7634602,2,0,-62
1754123841.7994602,1,-3,-76
1754123841.83746,0,-1,-58
1754123841.87646,0,1,-67
1754123841.9144602,-6,1,-72
1754123841.9504602,7,1,-66
1754123841.98746,6,5,-68
1754123842.0264602,2,0,-68
1754123842.06446,0,-2,-72
1754123842.10046,-3,-4,-66
1754123842.1384602,-4,-1,-65
1754123842.17646,0,-2,-61
1754123842.21546,-5,2,-57
1754123842.2534602,-7,7,-62
1754123842.2894602,-1,0,-63
1754123842.32746,-2,1,-68
1754123842.3654602,0,-1,-69
1754123842.4044602,9,0,-65
1754123842.4404602,4,4,-60
1754123842.47846,0,-3,-64
1754123842.51746,-1,-1,-60
1754123842.55546,0,-6,-66
1754123842.59346,0,-1,-49
1754123842.62946,1,-2,-51
1754123842.6674602,2,0,-56
1754123842.70546,-1,-2,-66
1754123842.74446,-3,2,-64
1754123842.78046,-6,3,-57
1754123842.81746,-5,-7,-58
1754123842.8554602,-8,-4,-68
1754123842.8944602,-3,1,-70
1754123842.93046,-2,-3,-55
1754123842.96846,2,-7,-68
1754123843.0064602,-1,4,-60
1754123843.04546,3,-1,-60
1754123843.08146,0,0,-63
1754123843.1184602,-3,5,-61
1754123843.15646,6,-1,-62
1754123843.19546,1,-2,-69
1754123843.23146,0,-7,-55
1754123843.2694602,0,-1,-64
1754123843.30746,-2,-5,-61
1754123843.34746,-4,5,-52
1754123843.38546,-2,-1,-57
1754123843.4214602,-3,-1,-68
1754123843.4604602,-3,-5,-75
1754123843.49746,-3,-3,-71
1754123843.53546,4,-1,-66
1754123843.57446,-6,-5,-65
1754123843.61046,-3,-4,-66
1754123843.64846,-9,2,-74
1754123843.68646,2,4,-70
1754123843.72546,0,-4,-61
1754123843.76146,-4,3,-62
1754123843.7994602,-2,6,-57
1754123843.8384602,3,-2,-60
1754123843.87646,7,0,-66
1754123843.9144602,6,0,-63
1754123843.9504602,-1,4,-64
1754123843.98846,-3,-1,-60
1754123844.02746,-7,-3,-54
1754123844.0654602,3,-8,-54
1754123844.10146,0,-6,-57
1754123844.13946,-3,0,-56
1754123844.1774602,-6,2,-58
1754123844.21646,0,3,-63
1754123844.25446,3,0,-65
1754123844.29046,4,4,-69
1754123844.32746,-3,-3,-63
1754123844.36646,0,2,-54
1754123844.4044602,2,0,-62
1754123844.4404602,5,1,-56
1754123844.47746,1,0,-49
1754123844.5164602,2,-1,-64
1754123844.55446,-2,1,-71
1754123844.59046,-1,-8,-67
1754123844.6284602,5,-10,-72
1754123844.6674602,3,-2,-63
1754123844.70546,-1,-2,-59
1754123844.74146,5,1,-51
1754123844.7794602,0,7,-55
1754123844.81846,2,-4,-45
1754123844.85646,2,1,-58
1754123844.8944602,-1,2,-60
1754123844.93046,0,-1,-55
1754123844.96846,3,-7,-64
1754123845.0064602,-1,-2,-63
1754123845.04546,-3,0,-60
1754123845.0884602,-2,5,-64
1754123845.12746,3,0,-58
1754123845.16546,2,3,-53
1754123845.20246,0,0,-63
1754123845.23946,-11,0,-62
1754123845.27746,-5,-1,-68
1754123845.31646,-9,4,-64
1754123845.35246,0,0,-70
1754123845.38946,3,0,-59
1754123845.4274602,-1,-6,-72
1754123845.46646,-8,-4,-63
1754123845.50246,-6,-4,-66
1754123845.54046,-5,-3,-69
1754123845.57846,-5,-5,-51
1754123845.61646,-3,-4,-62
1754123845.65546,0,0,-77
1754123845.69146,-2,-4,-68
1754123845.72946,1,0,-64
1754123845.76746,0,-1,-71
1754123845.80646,1,-8,-67
1754123845.8424602,6,-2,-70
1754123845.88046,10,-7,-59
1754123845.91946,4,-7,-69
1754123845.95646,3,-4,-71
1754123845.99546,7,0,-70
1754123846.03146,1,5,-64
1754123846.06846,3,2,-74
1754123846.10746,5,-3,-65
1754123846.14546,2,7,-71
1754123846.18146,5,0,-60
1754123846.21946,5,-4,-67
1754123846.25746,-6,0,-69
1754123846.29546,-5,3,-71
1754123846.33146,-2,1,-69
1754123846.3684602,-1,1,-61
1754123846.4074602,3,-1,-61
1754123846.44546,-1,-4,-56
1754123846.48146,1,4,-69
1754123846.5194602,4,4,-51
1754123846.55746,8,-3,-58
1754123846.5954602,1,-2,-65
1754123846.6314602,0,-2,-60
1754123846.66946,6,-2,-69
1754123846.7074602,-1,-6,-72
1754123846.74546,3,-3,-69
1754123846.78146,-1,1,-59
1754123846.8194602,-6,0,-65
1754123846.85746,1,1,-64
1754123846.89646,-3,1,-59
1754123846.93246,0,-4,-60
1754123846.9704602,4,-3,-67
1754123847.00846,4,0,-66
1754123847.04746,4,2,-68
1754123847.0854602,-1,-4,-52
1754123847.1214602,-2,0,-74
1754123847.16046,5,5,-71
1754123847.1974602,2,-3,-75
1754123847.2364602,-5,1,-70
1754123847.27246,-2,-4,-67
1754123847.31046,-2,2,-46
1754123847.3484602,-8,-9,-50
1754123847.38746,-8,-2,-59
1754123847.42546,2,-2,-60
1754123847.46146,-1,-1,-60
1754123847.49946,-11,0,-63
1754123847.53746,-1,-4,-60
1754123847.57646,-1,-3,-60
1754123847.61246,0,-1,-56
1754123847.64946,-4,-2,-58
1754123847.6874602,-2,-4,-60
1754123847.72646,2,-8,-59
1754123847.76246,-3,-7,-55
1754123847.80046,-4,-4,-56
1754123847.8384602,-2,-7,-59
1754123847.87746,-2,0,-54
1754123847.91346,-10,-1,-71
1754123847.95146,-4,-8,-59
1754123847.98946,-4,-5,-73
1754123848.02746,0,-5,-76
1754123848.06646,-1,-5,-76
1754123848.10246,0,-5,-60
1754123848.14046,2,0,-63
1754123848.17846,0,1,-74
1754123848.2174602,2,-7,-68
1754123848.2534602,-6,-10,-70
1754123848.29146,-9,-2,-75
1754123848.32946,0,-4,-67
1754123848.36746,7,1,-56
1754123848.40646,0,0,-68
1754123848.44246,-7,-1,-65
1754123848.4804602,-4,-2,-77
1754123848.51846,0,4,-64
1754123848.55746,-2,-5,-50
1754123848.59346,-1,-5,-56
1754123848.63246,0,-2,-49
1754123848.66946,-5,-2,-56
1754123848.70846,5,-1,-64
1754123848.7464602,-2,0,-70
1754123848.7824602,-6,3,-71
1754123848.82046,1,-2,-66
1754123848.8584602,-4,-6,-72
1754123848.89746,-4,-3,-76
1754123848.93346,1,0,-81
1754123848.9704602,1,-1,-66
1754123849.00846,1,2,-63
1754123849.04746,-5,-2,-64
1754123849.08346,-4,-2,-57
1754123849.1214602,-9,2,-66
1754123849.15946,-5,2,-75
1754123849.19846,3,2,-68
1754123849.2364602,1,0,-62
1754123849.27246,0,0,-64
1754123849.3094602,0,3,-70
1754123849.3484602,2,-1,-67
1754123849.38646,4,1,-75
1754123849.42246,4,-2,-67
1754123849.45946,8,-1,-65
1754123849.49846,0,-3,-70
1754123849.5364602,5,0,-58
1754123849.5724602,0,0,-67
1754123849.60946,1,-8,-65
1754123849.64846,4,0,-69
1754123849.68646,1,4,-74
1754123849.72246,-2,-3,-73
1754123849.76046,-6,0,-62
1754123849.7994602,-2,-4,-51
1754123849.83746,-2,-1,-62
1754123849.87346,-5,5,-67
1754123849.91246,-2,-1,-65
1754123849.94946,3,0,-69
1754123849.98846,3,-3,-61
1754123850.02446,-4,-1,-60
1754123850.0624602,-1,-3,-63
1754123850.10046,-3,-6,-61
1754123850.1384602,2,2,-57
1754123850.1774602,5,6,-72
1754123850.2134602,5,3,-62
1754123850.25046,-1,0,-70
1754123850.28846,5,0,-71
1754123850.32746,4,-2,-59
1754123850.36346,-5,-5,-59
1754123850.4014602,-1,-7,-67
1754123850.43946,0,1,-66
1754123850.47846,2,-2,-71
1754123850.51546,4,-3,-56
1754123850.5524602,3,-6,-54
1754123850.59046,2,-6,-68
1754123850.62946,3,0,-57
1754123850.6674602,-4,-3,-80
1754123850.70346,1,-5,-66
1754123850.74146,-2,-1,-64
1754123850.7794602,-2,-4,-71
1754123850.81846,0,-5,-70
1754123850.85446,5,-7,-66
1754123850.89246,8,-4,-67
1754123850.93046,8,-4,-72
1754123850.96946,-3,-4,-52
1754123851.00746,1,-2,-52
1754123851.04346,2,-4,-53
1754123851.08146,4,-1,-71
1754123851.11946,-3,-1,-76
1754123851.15846,1,-1,-67
1754123851.1944602,3,-2,-63
1754123851.2334602,-3,-3,-57
1754123851.27046,-1,-9,-62
1754123851.3094602,-4,-2,-58
1754123851.34746,-3,-2,-64
1754123851.38346,-7,-5,-61
1754123851.4214602,0,0,-61
1754123851.45946,-1,-1,-55
1754123851.49846,-3,-8,-57
1754123851.53446,0,-13,-57
1754123851.5724602,-2,-13,-57
1754123851.61046,-6,0,-60
1754123851.64946,0,-1,-72
1754123851.6874602,5,-8,-70
1754123851.7234602,1,-2,-61
1754123851.76146,0,3,-62
1754123851.80046,2,-7,-63
1754123851.8384602,0,-4,-64
1754123851.87446,-1,0,-61
1754123851.91246,-2,-4,-60
1754123851.9504602,5,-6,-67
1754123851.98946,3,-2,-60
1754123852.02546,11,-4,-64
1754123852.06346,-8,-2,-64
1754123852.10146,-2,-3,-57
1754123852.13946,0,-6,-70
1754123852.17846,-4,2,-66
1754123852.21446,0,-2,-58
1754123852.25246,6,-4,-70
1754123852.29046,8,-3,-73
1754123852.32946,6,0,-69
1754123852.3654602,0,0,-58
1754123852.40246,8,0,-64
1754123852.44146,1,7,-64
1754123852.47946,-1,6,-73
1754123852.51546,-5,5,-69
1754123852.55346,-7,0,-61
1754123852.59146,0,3,-63
1754123852.62946,-3,6,-67
1754123852.66846,-3,5,-79
1754123852.70446,0,7,-73
1754123852.74146,2,1,-56
1754123852.7794602,2,0,-60
1754123852.81846,0,7,-73
1754123852.85446,0,6,-62
1754123852.8914602,-3,4,-60
1754123852.92946,0,5,-63
1754123852.96846,-1,3,-54
1754123853.00446,-3,6,-59
1754123853.0424602,4,0,-53
1754123853.08046,0,2,-64
1754123853.11946,-3,3,-59
1754123853.15546,1,1,-65
1754123853.19246,5,3,-49
1754123853.2304602,-1,0,-57
1754123853.2694602,6,4,-62
1754123853.30546,5,-6,-57
1754123853.34346,9,0,-53
1754123853.3814602,8,-1,-67
1754123853.42046,6,5,-60
1754123853.45846,-7,-2,-57
1754123853.49446,-9,-3,-58
1754123853.5324602,-6,1,-58
1754123853.57046,-5,2,-67
1754123853.60946,-3,3,-66
1754123853.64546,2,1,-73
1754123853.68346,1,0,-64
1754123853.72146,5,-1,-60
1754123853.76046,0,3,-68
1754123853.79846,2,-3,-64
1754123853.83446,1,0,-59
1754123853.8714602,1,-4,-63
1754123853.91046,-4,-7,-61
1754123853.94846,0,-2,-55
1754123853.98446,-6,0,-52
1754123854.02246,-7,9,-62
1754123854.06046,0,3,-67
1754123854.09946,0,3,-70
1754123854.13546,1,1,-57
1754123854.17346,-6,-3,-74
1754123854.21146,0,0,-62
1754123854.25046,0,4,-68
1754123854.28846,-4,-2,-77
1754123854.32446,-3,0,-63
1754123854.3614602,0,0,-55
1754123854.40046,0,-5,-55
1754123854.43646,0,-3,-51
1754123854.47446,2,-5,-60
1754123854.5134602,0,-5,-62
1754123854.55046,1,-8,-59
1754123854.58946,9,-2,-61
1754123854.62546,0,-8,-57
1754123854.66346,-1,2,-72
1754123854.70146,3,0,-78
1754123854.7404602,1,-3,-65
1754123854.7764602,5,-1,-56
1754123854.8154602,0,-4,-54
1754123854.85246,-6,0,-65
1754123854.8914602,-6,-3,-60
1754123854.92946,-1,1,-67
1754123854.96546,-2,-1,-68
1754123855.00446,0,-4,-56
1754123855.04146,3,-5,-63
1754123855.08046,4,1,-58
1754123855.12546,1,1,-65
1754123855.16346,4,-2,-59
1754123855.20146,5,0,-55
1754123855.23946,12,6,-65
1754123855.27546,12,0,-73
1754123855.31346,0,7,-72
1754123855.35146,-1,0,-58
1754123855.38946,3,0,-47
1754123855.42546,4,2,-62
1754123855.4634602,5,-3,-56
1754123855.50146,5,0,-52
1754123855.5394602,1,2,-51
1754123855.5754602,-2,0,-51
1754123855.61346,-6,3,-56
1754123855.6514602,-3,-8,-65
1754123855.6904602,3,-8,-63
1754123855.72646,-5,-5,-74
1754123855.76446,-2,1,-73
1754123855.8024602,2,2,-58
1754123855.84146,1,-3,-56
1754123855.87946,-4,1,-44
1754123855.91546,2,3,-55
1754123855.95346,5,0,-53
1754123855.99146,0,-1,-49
1754123856.03046,-3,4,-54
1754123856.06646,-4,4,-49
1754123856.10346,-6,5,-62
1754123856.1414602,-4,4,-61
1754123856.18046,4,-2,-59
1754123856.21646,-1,3,-63
1754123856.25446,-4,2,-56
1754123856.29146,-1,2,-72
1754123856.33046,1,-1,-71
1754123856.36646,0,2,-65
1754123856.4044602,2,-1,-57
1754123856.44246,-1,3,-72
1754123856.48146,3,3,-62
1754123856.5194602,8,6,-64
1754123856.55546,1,3,-59
1754123856.5924602,2,-1,-58
1754123856.6314602,0,1,-62
1754123856.6674602,-1,-1,-68
1754123856.70546,0,0,-70
1754123856.7434602,5,0,-78
1754123856.78146,0,0,-67
1754123856.82046,-10,2,-78
1754123856.85646,0,4,-76
1754123856.8944602,1,2,-67
1754123856.93246,-2,-4,-72
1754123856.97146,-1,0,-56
1754123857.00746,-6,0,-58
1754123857.04546,0,4,-62
1754123857.08346,4,5,-72
1754123857.1214602,-9,6,-65
1754123857.16046,-2,0,-66
1754123857.19646,-2,0,-56
1754123857.23446,-4,-1,-52
1754123857.27246,-2,0,-59
1754123857.31146,0,-2,-65
1754123857.34746,0,-1,-63
1754123857.3844602,7,0,-57
1754123857.42246,0,1,-60
1754123857.46146,0,5,-60
1754123857.49746,1,10,-57
1754123857.53446,-6,5,-66
1754123857.5724602,-3,0,-68
1754123857.6114602,-9,1,-63
1754123857.64746,-11,1,-59
1754123857.68646,-6,0,-73
1754123857.7234602,-7,-1,-64
1754123857.76246,-9,2,-72
1754123857.80046,0,-2,-62
1754123857.83646,-13,5,-62
1754123857.87446,-13,5,-69
1754123857.91346,-2,6,-74
1754123857.95146,3,-2,-74
1754123857.98746,-3,6,-64
1754123858.02546,-6,2,-61
1754123858.06346,3,-5,-61
1754123858.10246,2,1,-46
1754123858.14046,1,3,-59
1754123858.17646,0,1,-55
1754123858.2134602,-1,-1,-65
1754123858.25246,-6,5,-64
1754123858.29046,1,1,-65
1754123858.32646,5,4,-76
1754123858.36346,-2,0,-61
1754123858.40246,1,-1,-65
1754123858.4404602,0,-3,-60
1754123858.47646,-1,0,-65
1754123858.5134602,0,4,-61
1754123858.5524602,-7,2,-70
1754123858.59046,-3,2,-67
1754123858.62646,1,4,-61
1754123858.66346,0,2,-70
1754123858.70246,0,0,-56
1754123858.7404602,-1,5,-59
1754123858.7764602,1,4,-57
1754123858.81346,0,4,-50
1754123858.85246,2,1,-60
1754123858.8884602,2,0,-56
1754123858.92546,-7,-1,-71
1754123858.9634602,0,-2,-68
1754123859.00246,4,7,-65
1754123859.03846,1,1,-63
1754123859.0754602,1,-1,-60
1754123859.11346,0,1,-62
1754123859.15246,-3,0,-60
1754123859.18846,-2,-1,-66
1754123859.22646,2,-2,-61
1754123859.26446,1,-4,-56
1754123859.3024602,-5,-8,-50
1754123859.34146,-2,4,-54
1754123859.37746,0,3,-57
1754123859.41546,0,0,-52
1754123859.45446,0,0,-62
1754123859.49246,-11,-4,-59
1754123859.52846,-12,5,-53
1754123859.56646,1,0,-57
1754123859.60446,-5,-2,-62
1754123859.64246,-6,0,-62
1754123859.68146,-6,4,-64
1754123859.7174602,-6,2,-61
1754123859.75546,-4,4,-66
1754123859.79346,0,0,-66
1754123859.8324602,12,1,-58
1754123859.8684602,5,4,-63
1754123859.90546,3,5,-68
1754123859.94346,-5,4,-59
1754123859.98246,0,6,-71
1754123860.01846,3,0,-62
1754123860.05546,0,2,-64
1754123860.09346,7,1,-67
1754123860.13246,8,3,-62
1754123860.16846,5,3,-69
1754123860.2074602,7,0,-67
1754123860.24446,2,0,-66
1754123860.28346,1,-2,-74
1754123860.32146,5,-2,-74
1754123860.35746,3,-1,-72
1754123860.3944602,0,1,-63
1754123860.43346,-3,0,-78
1754123860.47146,0,2,-69
1754123860.50746,0,-1,-58
1754123860.54446,-6,1,-56
1754123860.58346,-7,-4,-60
1754123860.6214602,0,-2,-67
1754123860.6574602,1,0,-61
1754123860.6944602,1,0,-66
1754123860.7334602,4,-5,-60
1754123860.77146,8,-3,-54
1754123860.80746,2,-2,-71
1754123860.84446,0,2,-70
1754123860.88346,0,6,-59
1754123860.9214602,-1,7,-62
1754123860.9574602,-3,-3,-66
1754123860.99546,-3,-2,-73
1754123861.03346,-8,-4,-69
1754123861.0724602,-4,-3,-64
1754123861.1084602,2,-4,-59
1754123861.14546,-1,-1,-66
1754123861.18346,-1,1,-62
1754123861.22246,-4,-1,-60
1754123861.25846,1,0,-62
1754123861.29546,3,-4,-61
1754123861.33346,4,2,-72
1754123861.37246,7,0,-62
1754123861.40846,3,2,-52
1754123861.44546,-2,1,-63
1754123861.4834602,-11,-1,-59
1754123861.52246,4,5,-68
1754123861.55846,6,-6,-66
1754123861.5954602,2,3,-73
1754123861.63346,2,0,-67
1754123861.67246,3,2,-63
1754123861.70846,-1,-6,-51
1754123861.7464602,4,-2,-65
1754123861.78446,-4,1,-70
1754123861.82346,0,-2,-72
1754123861.85946,1,-6,-58
1754123861.89746,5,-6,-58
1754123861.93546,-4,-3,-66
1754123861.9734602,-4,1,-58
1754123862.01246,6,1,-67
1754123862.04846,0,-3,-64
1754123862.08646,-7,-5,-67
1754123862.12446,-1,3,-64
1754123862.16346,0,-1,-64
1754123862.19946,0,0,-57
1754123862.2364602,5,-4,-68
1754123862.27446,-2,-1,-71
1754123862.31346,0,0,-76
1754123862.34946,0,-2,-68
1754123862.38746,0,-5,-64
1754123862.42546,1,0,-64
1754123862.46446,-7,1,-61
1754123862.50246,0,6,-56
1754123862.53846,0,0,-61
1754123862.5754602,-2,-3,-66
1754123862.61446,0,-2,-80
1754123862.65246,-1,-7,-64
1754123862.68846,-2,-2,-70
1754123862.72646,0,-5,-68
1754123862.76446,-5,-1,-58
1754123862.80346,1,1,-62
1754123862.83946,-5,0,-58
1754123862.87646,1,-4,-81
1754123862.9144602,4,-7,-79
1754123862.95346,1,-14,-80
1754123862.98946,3,-7,-66
1754123863.02846,2,1,-64
1754123863.0654602,0,2,-62
1754123863.10446,3,-4,-68
1754123863.14246,-4,-4,-62
1754123863.17846,0,0,-63
1754123863.21546,5,0,-69
1754123863.25446,2,0,-70
1754123863.2924602,-2,1,-57
1754123863.32846,-3,1,-46
1754123863.36646,-4,-1,-63
1754123863.4044602,-1,0,-63
1754123863.44346,-3,3,-54
1754123863.47946,-1,4,-61
1754123863.51746,-3,1,-70
1754123863.55546,0,-2,-55
1754123863.59446,4,1,-57
1754123863.63246,-2,-5,-51
1754123863.66946,-2,1,-52
1754123863.7074602,3,-1,-53
1754123863.74546,4,-1,-56
1754123863.78446,-2,0,-52
1754123863.82046,1,2,-52
1754123863.8584602,3,1,-65
1754123863.89646,-2,2,-69
1754123863.93546,2,2,-68
1754123863.9734602,-4,-1,-59
1754123864.0094602,2,-4,-62
1754123864.04846,2,-1,-62
1754123864.0854602,7,-3,-59
1754123864.12446,2,-2,-55
1754123864.16046,6,-1,-70
1754123864.19846,2,-1,-69
1754123864.2364602,-7,-4,-48
1754123864.27446,1,1,-66
1754123864.31346,3,4,-63
1754123864.34946,-4,-3,-68
1754123864.38746,1,-4,-62
1754123864.42546,-6,-1,-56
1754123864.46446,-8,0,-58
1754123864.50046,-1,0,-61
1754123864.53846,1,3,-53
1754123864.57646,4,-8,-52
1754123864.6154602,2,0,-62
1754123864.65346,-4,-2,-70
1754123864.68946,-3,-6,-57
1754123864.72746,-5,-1,-62
1754123864.76546,1,0,-58
1754123864.80446,0,0,-52
1754123864.84046,3,-3,-48
1754123864.8784602,6,-3,-69
1754123864.91646,-4,2,-69
1754123864.95546,-5,2,-65
1754123864.9934602,-2,6,-58
1754123865.0294602,-5,2,-56
1754123865.06746,0,-4,-48
1754123865.1054602,0,-1,-60
1754123865.14946,4,-4,-65
1754123865.18846,0,-1,-60
1754123865.22546,2,-9,-56
1754123865.26446,0,-6,-51
1754123865.30046,-2,-6,-58
1754123865.3384602,3,-1,-65
1754123865.37746,-1,-1,-63
1754123865.41546,4,-1,-64
1754123865.45346,4,-8,-62
1754123865.48946,8,-3,-56
1754123865.52746,0,-8,-65
1754123865.5654602,-2,-13,-60
1754123865.60446,4,-11,-60
1754123865.64046,-2,-4,-56
1754123865.67846,-1,0,-61
1754123865.71646,-3,0,-77
1754123865.75546,-4,3,-73
1754123865.79146,9,3,-66
1754123865.82946,0,0,-60
1754123865.86746,1,3,-67
1754123865.90546,0,0,-67
1754123865.9444602,-1,-3,-61
1754123865.9804602,0,-1,-69
1754123866.01846,-1,-2,-63
1754123866.05646,2,7,-63
1754123866.0954602,2,4,-70
1754123866.1314602,-2,-2,-57
1754123866.16946,-2,-1,-60
1754123866.2074602,5,3,-72
1754123866.24546,-1,-2,-64
1754123866.28446,-1,0,-60
1754123866.32046,3,-2,-68
1754123866.3584602,3,-3,-72
1754123866.39746,0,-4,-65
1754123866.43546,-1,-4,-63
1754123866.47146,-1,1,-55
1754123866.50846,0,3,-69
1754123866.54746,1,-1,-63
1754123866.5854602,0,2,-72
1754123866.6214602,-5,1,-58
1754123866.65846,-3,-5,-54
1754123866.6974602,7,-8,-67
1754123866.73546,3,-3,-68
1754123866.77146,5,-6,-61
1754123866.81046,5,-8,-66
1754123866.84746,0,1,-62
1754123866.88646,-1,0,-56
1754123866.9244602,0,-4,-67
1754123866.9604602,1,-2,-45
1754123866.99846,5,0,-61
1754123867.0364602,1,2,-55
1754123867.0754602,0,-1,-63
1754123867.1114602,2,0,-67
1754123867.14846,0,0,-55
1754123867.18646,-7,-6,-60
1754123867.22546,0,6,-73
1754123867.26146,0,0,-63
1754123867.2994602,-2,-2,-61
1754123867.3384602,-5,0,-60
1754123867.37646,0,-5,-58
1754123867.4144602,-5,-4,-61
1754123867.4504602,-5,0,-63
1754123867.48846,-1,-5,-67
1754123867.5264602,-4,-3,-58
1754123867.5654602,-4,4,-55
1754123867.60146,0,1,-65
1754123867.6384602,4,5,-73
1754123867.67646,7,-3,-63
1754123867.71546,2,2,-64
1754123867.75146,1,1,-70
1754123867.78846,1,3,-75
1754123867.82646,6,0,-69
1754123867.8654602,-1,-2,-56
1754123867.9014602,-1,-3,-62
1754123867.93946,-3,-4,-76
1754123867.97746,-8,-6,-69
1754123868.0164602,-6,-1,-67
1754123868.05446,-5,-4,-64
1754123868.09046,-1,-1,-70
1754123868.1284602,-9,-3,-67
1754123868.16646,-2,0,-64
1754123868.20546,2,3,-56
1754123868.24146,-1,1,-68
1754123868.28046,0,-1,-82
1754123868.31746,5,0,-72
1754123868.35646,4,0,-71
1754123868.39346,0,0,-69
1754123868.43046,0,0,-69
1754123868.46846,2,-8,-66
1754123868.5064602,5,-7,-68
1754123868.54546,5,-4,-58
1754123868.58146,8,0,-62
1754123868.61946,8,-5,-59
1754123868.65846,0,-11,-64
1754123868.69646,0,-8,-75
1754123868.73246,3,-2,-77
1754123868.7694602,-2,-5,-62
1754123868.80746,0,3,-64
1754123868.84646,0,1,-67
1754123868.88246,3,-2,-66
1754123868.9214602,3,1,-71
1754123868.95946,-2,-5,-64
1754123868.9964602,7,3,-63
1754123869.03546,5,-2,-59
1754123869.07146,2,2,-63
1754123869.10946,4,3,-57
1754123869.14746,4,6,-68
1754123869.18546,2,-1,-60
1754123869.22146,5,-5,-62
1754123869.2594602,2,2,-57
1754123869.29746,3,-1,-60
1754123869.33646,-2,0,-55
1754123869.37246,5,2,-56
1754123869.40946,-7,-3,-60
1754123869.4474602,-3,-2,-62
1754123869.4864602,-1,-1,-61
1754123869.52246,-2,5,-58
1754123869.56146,-4,2,-54
1754123869.5984602,-6,-1,-67
1754123869.63746,-9,-2,-63
1754123869.67546,-5,-3,-67
1754123869.71146,-5,0,-63
1754123869.75046,-4,-4,-68
1754123869.78746,-5,2,-74
1754123869.82646,-1,4,-69
1754123869.86246,2,1,-65
1754123869.89946,3,-2,-62
1754123869.9374602,-1,4,-65
1754123869.97646,0,0,-62
1754123870.01246,-2,-4,-53
1754123870.05046,-2,0,-65
1754123870.0884602,0,-3,-55
1754123870.12746,-6,1,-60
1754123870.16546,1,1,-59
1754123870.20146,0,0,-56
1754123870.23846,3,1,-73
1754123870.27746,-1,3,-69
1754123870.3154602,1,-2,-66
1754123870.35246,-1,5,-73
1754123870.38946,0,3,-73
1754123870.4274602,-5,0,-74
1754123870.46646,-3,2,-71
1754123870.50246,-1,-4,-73
1754123870.54046,-9,-2,-63
1754123870.57946,-6,-3,-53
1754123870.61746,-2,-1,-63
1754123870.65346,0,-4,-62
1754123870.69246,-9,-6,-69
1754123870.72946,1,-5,-71
1754123870.76746,0,0,-65
1754123870.80646,-1,-6,-71
1754123870.8424602,-1,-2,-61
1754123870.88046,2,1,-54
1754123870.91846,-2,0,-63
1754123870.9574602,0,1,-61
1754123870.9964602,0,-4,-60
1754123871.0324602,5,3,-69
1754123871.0694602,3,1,-71
1754123871.10746,7,0,-66
1754123871.14646,-2,-2,-59
1754123871.18246,-6,-3,-58
1754123871.2204602,0,-3,-59
1754123871.25846,2,-6,-62
1754123871.29746,0,-4,-71
1754123871.33346,2,-3,-68
1754123871.3714602,3,-2,-54
1754123871.40946,9,0,-62
1754123871.44846,-1,-1,-56
1754123871.4864602,0,0,-67
1754123871.52246,-4,0,-70
1754123871.56046,2,2,-70
1754123871.59946,0,0,-67
1754123871.63746,-7,-6,-65
1754123871.67346,4,-5,-69
1754123871.71246,3,-1,-62
1754123871.74946,1,0,-69
1754123871.78846,0,1,-66
1754123871.82646,5,-2,-54
1754123871.86246,2,0,-47
1754123871.89946,1,2,-63
1754123871.93846,0,-5,-63
1754123871.97646,-3,1,-56
1754123872.01246,-6,4,-61
1754123872.05046,-5,-6,-59
1754123872.0884602,0,2,-58
1754123872.12746,2,0,-44
1754123872.16346,-3,3,-47
1754123872.20146,-1,4,-55
1754123872.23946,-1,0,-70
1754123872.27846,-2,-6,-66
1754123872.31646,-2,-3,-60
1754123872.35246,-6,1,-56
1754123872.39046,-2,-8,-61
1754123872.42846,2,-7,-58
1754123872.46646,-2,-9,-63
1754123872.50246,-6,-4,-49
1754123872.54046,0,-3,-54
1754123872.57846,2,-2,-53
1754123872.61746,4,0,-63
1754123872.65346,3,1,-76
1754123872.69146,0,-2,-71
1754123872.72846,-3,2,-67
1754123872.76746,-3,0,-74
1754123872.80346,-1,2,-72
1754123872.84146,1,1,-63
1754123872.8784602,3,2,-63
1754123872.9174602,3,-5,-65
1754123872.95346,-5,0,-60
1754123872.99146,-2,8,-56
1754123873.02846,0,6,-64
1754123873.06746,6,-6,-63
1754123873.10346,1,-2,-65
1754123873.1414602,0,0,-70
1754123873.17846,-1,0,-64
1754123873.2174602,2,0,-59
1754123873.2534602,1,-5,-59
1754123873.29146,1,-6,-70
1754123873.32846,-4,0,-66
1754123873.36746,3,-4,-63
1754123873.40346,4,0,-59
1754123873.44146,-1,-1,-61
1754123873.47846,1,-3,-57
1754123873.51746,-2,1,-63
1754123873.55346,0,-1,-58
1754123873.59146,-10,0,-68
1754123873.62946,-6,-3,-70
1754123873.66846,-10,-5,-64
1754123873.70446,-6,-3,-56
1754123873.74246,0,3,-53
1754123873.78046,-3,5,-69
1754123873.8194602,-1,-3,-67
1754123873.85746,-1,0,-58
1754123873.89346,0,0,-67
1754123873.93046,-4,2,-54
1754123873.96946,0,1,-62
1754123874.00746,2,-1,-53
1754123874.04346,3,-2,-57
1754123874.08146,-1,-5,-66
1754123874.11946,1,1,-63
1754123874.15846,3,2,-59
1754123874.1944602,-2,-1,-59
1754123874.23246,-2,-3,-60
1754123874.27046,2,-3,-65
1754123874.3094602,-2,-2,-66
1754123874.34746,-11,-2,-70
1754123874.38346,0,-4,-62
1754123874.4214602,1,5,-59
1754123874.45946,1,4,-70
1754123874.49846,4,-3,-65
1754123874.53446,3,-4,-51
1754123874.5724602,6,-4,-73
1754123874.6114602,-1,-1,-70
1754123874.64946,6,-2,-50
1754123874.6874602,-4,-6,-67
1754123874.72446,-1,-1,-70
1754123874.76146,2,0,-72
1754123874.7994602,0,2,-64
1754123874.8384602,-1,0,-74
1754123874.87446,4,-5,-65
1754123874.91246,1,3,-65
1754123874.9504602,0,3,-59
1754123874.98946,-1,0,-57
1754123875.02546,-3,2,-58
1754123875.06346,1,-1,-57
1754123875.10146,0,0,-61
1754123875.14046,-4,4,-58
1754123875.18346,1,-1,-67
1754123875.22246,14,-2,-68
1754123875.26046,6,0,-65
1754123875.29846,5,-5,-62
1754123875.33446,-6,-2,-68
1754123875.37246,-4,-2,-58
1754123875.41046,-1,0,-66
1754123875.44946,-6,0,-61
1754123875.48546,-6,-4,-62
1754123875.52346,-1,-2,-64
1754123875.56146,-4,-3,-66
1754123875.59946,-4,-13,-70
1754123875.6384602,0,-6,-66
1754123875.6744602,1,-4,-72
1754123875.71146,1,-1,-61
1754123875.74946,-1,-5,-53
1754123875.78846,1,-4,-52
1754123875.82446,4,-1,-54
1754123875.8614602,7,4,-51
1754123875.89946,0,-1,-64
1754123875.93846,-2,3,-53
1754123875.97446,-4,0,-58
1754123876.01146,-9,-1,-53
1754123876.05046,-9,0,-57
1754123876.0884602,-13,0,-60
1754123876.12446,-8,-2,-63
1754123876.16246,-6,-4,-55
1754123876.2004602,3,-6,-58
1754123876.23946,5,-5,-54
1754123876.27546,1,0,-64
1754123876.31346,-3,-12,-57
1754123876.35046,1,-6,-65
1754123876.38946,-2,2,-57
1754123876.42546,-1,-1,-67
1754123876.46446,-7,-3,-59
1754123876.50146,-6,2,-59
1754123876.54046,5,-3,-60
1754123876.57846,4,1,-69
1754123876.61446,2,0,-72
1754123876.6514602,-6,2,-70
1754123876.6904602,2,0,-58
1754123876.72846,-12,-1,-66
1754123876.76446,-7,-3,-64
1754123876.8024602,-3,4,-55
1754123876.84046,-6,1,-44
1754123876.87946,-3,0,-62
1754123876.91546,0,3,-68
1754123876.95246,-5,0,-53
1754123876.9904602,-2,-6,-62
1754123877.0294602,-6,-3,-64
1754123877.0654602,-1,-4,-64
1754123877.10346,-3,-1,-67
1754123877.1414602,-4,2,-67
1754123877.18046,0,1,-70
1754123877.21846,-1,1,-53
1754123877.25446,0,-4,-54
1754123877.29346,1,1,-58
1754123877.33046,4,0,-58
1754123877.36946,-2,-2,-71
1754123877.40546,10,-7,-64
1754123877.44346,6,-2,-64
1754123877.48146,4,2,-71
1754123877.52046,7,1,-62
1754123877.55646,4,-3,-62
1754123877.59446,0,3,-70
1754123877.63246,2,2,-56
1754123877.67046,0,-6,-64
1754123877.70946,5,-2,-64
1754123877.74546,0,-3,-67
1754123877.78346,3,-3,-59
1754123877.82146,-1,-7,-55
1754123877.86046,-3,-8,-59
1754123877.89646,-12,-9,-63
1754123877.9344602,0,0,-51
1754123877.97246,6,1,-69
1754123878.01046,10,-1,-67
1754123878.0494602,0,-5,-74
1754123878.0854602,-4,-11,-73
1754123878.12346,-5,-6,-67
1754123878.1614602,-14,-2,-75
1754123878.2004602,-8,3,-74
1754123878.2364602,-7,5,-71
1754123878.27446,-5,2,-61
1754123878.3124602,3,-4,-63
1754123878.35146,6,0,-61
1754123878.38946,2,4,-52
1754123878.42546,-3,-2,-53
1754123878.4634602,0,0,-67
1754123878.50146,-4,4,-71
1754123878.54046,0,0,-70
1754123878.57646,0,0,-68
1754123878.61346,4,2,-67
1754123878.6514602,0,-3,-66
1754123878.6904602,-1,0,-64
1754123878.72646,-3,1,-56
1754123878.76446,0,-4,-68
1754123878.8024602,2,0,-54
1754123878.84146,-3,-4,-59
1754123878.87946,-2,-1,-69
1754123878.91546,-1,0,-62
1754123878.95346,5,-6,-68
1754123878.99246,-6,-10,-61
1754123879.03046,8,-1,-60
1754123879.06646,-4,0,-72
1754123879.10346,-1,1,-55
1754123879.1414602,1,-3,-75
1754123879.18046,-1,-3,-77
1754123879.21646,1,2,-67
1754123879.2534602,-2,1,-63
1754123879.2924602,3,0,-54
1754123879.33046,-2,0,-63
1754123879.36646,-6,-1,-66
1754123879.40546,6,0,-52
1754123879.44246,6,1,-46
1754123879.48146,-2,6,-52
1754123879.5194602,-1,-2,-59
1754123879.55646,-5,0,-63
1754123879.59446,-2,1,-59
1754123879.63246,1,-4,-67
1754123879.6714602,0,-2,-71
1754123879.7074602,3,-1,-62
1754123879.7464602,5,-4,-58
1754123879.78346,13,0,-61
1754123879.82146,6,0,-59
1754123879.86046,2,-4,-62
1754123879.89646,-2,-10,-60
1754123879.9344602,-5,3,-62
1754123879.97246,-9,3,-58
1754123880.01146,-1,0,-61
1754123880.04746,1,-1,-73
1754123880.0854602,0,-2,-66
1754123880.12346,-1,-3,-69
1754123880.1614602,-3,-3,-70
1754123880.2004602,0,-4,-72
1754123880.2364602,-2,-2,-71
1754123880.27546,-3,-3,-55
1754123880.3124602,-6,-2,-66
1754123880.35146,-3,0,-67
1754123880.3884602,5,-4,-63
1754123880.42546,-5,-6,-65
1754123880.4634602,-4,-1,-66
1754123880.50146,-3,2,-65
1754123880.54046,0,-5,-70
1754123880.57646,-2,5,-62
1754123880.61446,-1,0,-56
1754123880.65246,1,-3,-64
1754123880.6904602,0,-2,-64
1754123880.72646,-1,0,-59
1754123880.76446,-7,-2,-76
1754123880.80346,-1,-1,-73
1754123880.84146,0,-1,-69
1754123880.87746,-3,0,-56
1754123880.9144602,-5,-3,-49
1754123880.95346,0,0,-62
1754123880.99146,11,0,-54
1754123881.02746,1,0,-59
1754123881.06446,-3,-2,-62
1754123881.10246,0,-6,-67
1754123881.1414602,5,0,-66
1754123881.1774602,4,0,-68
1754123881.21446,0,4,-56
1754123881.25246,-3,2,-68
1754123881.29146,-7,2,-67
1754123881.32746,0,6,-59
1754123881.36446,-6,-5,-59
1754123881.40246,3,0,-55
1754123881.44146,-9,1,-61
1754123881.47746,3,-3,-63
1754123881.51546,0,-1,-68
1754123881.55446,-5,-6,-70
1754123881.5924602,-3,-1,-66
1754123881.63046,-2,0,-60
1754123881.66646,-2,-2,-66
1754123881.70446,0,-6,-59
1754123881.74246,-2,-9,-60
1754123881.78146,3,-4,-64
1754123881.81746,-1,-2,-62
1754123881.8554602,-3,-7,-69
1754123881.89346,1,-2,-64
1754123881.93246,1,0,-66
1754123881.96846,-1,-2,-68
1754123882.0064602,-2,-5,-70
1754123882.04546,2,-2,-64
1754123882.0824602,-3,0,-58
1754123882.1214602,3,0,-56
1754123882.1574602,-2,0,-59
1754123882.19546,-11,-3,-64
1754123882.2334602,-2,-3,-60
1754123882.27246,-6,0,-66
1754123882.30846,-4,0,-59
1754123882.3454602,-4,-8,-68
1754123882.38346,-1,-3,-62
1754123882.42246,-2,-4,-54
1754123882.45846,0,3,-62
1754123882.4964602,0,3,-63
1754123882.53446,-7,0,-61
1754123882.5724602,3,0,-68
1754123882.6114602,-1,0,-65
1754123882.64746,4,1,-72
1754123882.6844602,-5,-1,-68
1754123882.72246,0,-5,-56
1754123882.76146,8,-3,-52
1754123882.79746,3,-10,-52
1754123882.8354602,9,-7,-48
1754123882.87446,0,3,-59
1754123882.91246,1,6,-61
1754123882.94846,-8,6,-61
1754123882.98746,-2,-2,-60
1754123883.02446,-6,2,-55
1754123883.06346,-4,-3,-53
1754123883.10146,-3,0,-56
1754123883.13746,-3,-2,-65
1754123883.17546,0,-5,-67
1754123883.2134602,-4,0,-68
1754123883.25246,0,-6,-68
1754123883.28846,4,0,-67
1754123883.32646,-4,-3,-63
1754123883.36446,-4,-1,-57
1754123883.40346,0,1,-64
1754123883.44146,0,1,-68
1754123883.47846,4,3,-58
1754123883.51546,3,-2,-55
1754123883.55346,-2,3,-56
1754123883.5924602,0,0,-64
1754123883.6284602,-6,0,-65
1754123883.66646,-5,-8,-57
1754123883.70446,4,0,-60
1754123883.7434602,2,-3,-59
1754123883.78146,1,-4,-72
1754123883.81746,1,-6,-67
1754123883.8554602,-1,-5,-64
1754123883.8944602,-5,-4,-61
1754123883.93246,-2,-1,-65
1754123883.96846,-5,1,-70
1754123884.00546,-3,1,-79
1754123884.04446,-2,5,-66
1754123884.0824602,-1,-1,-51
1754123884.1184602,-6,-5,-59
1754123884.1574602,-6,-9,-66
1754123884.1944602,-5,-3,-67
1754123884.2334602,-6,0,-64
1754123884.2694602,0,2,-62
1754123884.30746,0,0,-66
1754123884.3454602,-2,2,-74
1754123884.38346,-3,2,-69
1754123884.42246,-3,3,-58
1754123884.45846,-3,-1,-55
1754123884.4964602,7,-2,-66
1754123884.53446,4,-4,-71
1754123884.57346,3,3,-70
1754123884.60946,-3,0,-71
1754123884.64746,4,0,-57
1754123884.68646,4,-1,-56
1754123884.7234602,-4,2,-59
1754123884.76246,0,-4,-60
1754123884.79846,4,-2,-61
1754123884.83646,0,0,-65
1754123884.87446,1,1,-66
1754123884.91346,2,2,-70
1754123884.94946,3,7,-71
1754123884.9864602,4,0,-53
1754123885.02446,-9,0,-67
1754123885.06346,-3,-1,-68
1754123885.09946,-3,-4,-76
1754123885.13746,-3,2,-66
1754123885.17546,-3,-7,-57
1754123885.21946,0,-3,-66
1754123885.25746,5,-3,-65
1754123885.29546,-5,-1,-61
1754123885.33446,0,-1,-64
1754123885.37246,-6,-4,-63
1754123885.40846,-2,0,-60
1754123885.4474602,2,-2,-57
1754123885.48446,-3,-4,-60
1754123885.52346,-4,1,-68
1754123885.5594602,10,-1,-76
1754123885.59746,-3,-6,-69
1754123885.63646,0,0,-67
1754123885.6744602,1,1,-68
1754123885.71246,0,5,-54
1754123885.74846,-4,-5,-67
1754123885.7864602,8,-11,-59
1754123885.82446,-4,-4,-55
1754123885.86346,-8,0,-56
1754123885.89946,-3,3,-65
1754123885.9374602,2,1,-67
1754123885.97546,0,2,-56
1754123886.01446,-4,0,-57
1754123886.0524602,-3,0,-63
1754123886.0884602,-5,3,-59
1754123886.12546,0,-8,-57
1754123886.1644602,1,-6,-64
1754123886.20246,5,-2,-69
1754123886.23846,4,-5,-67
1754123886.2764602,0,-2,-64
1754123886.31446,0,-3,-63
1754123886.35346,10,0,-65
1754123886.38946,6,-3,-60
1754123886.42646,0,-6,-58
1754123886.46446,-2,-1,-65
1754123886.5034602,4,-3,-69
1754123886.5394602,6,0,-73
1754123886.57646,-3,-1,-72
1754123886.61446,-3,-5,-65
1754123886.65346,-8,-6,-64
1754123886.68946,-9,-3,-58
1754123886.72746,0,-2,-50
1754123886.76546,0,-5,-53
1754123886.80446,-3,-9,-63
1754123886.84046,-1,-7,-57
1754123886.8784602,2,-3,-62
1754123886.91646,-1,-6,-62
1754123886.95446,1,-2,-66
1754123886.9934602,-1,1,-70
1754123887.0294602,5,0,-66
1754123887.06646,3,-3,-64
1754123887.10446,-5,-3,-61
1754123887.14346,1,-2,-54
1754123887.17946,5,-3,-55
1754123887.2174602,3,0,-54
1754123887.25546,0,0,-62
1754123887.29446,-7,-8,-70
1754123887.33046,-3,-12,-56
1754123887.3684602,0,-5,-58
1754123887.40646,-8,2,-69
1754123887.44546,1,-2,-53
1754123887.4834602,4,-1,-62
1754123887.5194602,1,0,-62
1754123887.55646,0,4,-61
1754123887.5954602,2,0,-60
1754123887.63346,0,-3,-71
1754123887.66946,-6,3,-74
1754123887.7074602,-7,-7,-66
1754123887.74546,1,3,-60
1754123887.78446,-1,-2,-70
1754123887.82046,0,1,-66
1754123887.8584602,-9,-3,-70
1754123887.89646,-4,0,-60
1754123887.93546,-6,-4,-70
1754123887.9734602,-6,-7,-62
1754123888.0094602,-5,-8,-58
1754123888.04746,-2,-4,-52
1754123888.0854602,2,-9,-62
1754123888.12446,-1,-7,-66
1754123888.16046,2,-2,-61
1754123888.19846,0,0,-67
1754123888.2364602,-6,1,-62
1754123888.27546,-7,-3,-57
1754123888.31346,-1,-4,-67
1754123888.34946,0,-3,-70
1754123888.38746,-1,0,-55
1754123888.42646,3,-3,-66
1754123888.46446,6,-5,-58
1754123888.50046,3,3,-63
1754123888.53746,-3,2,-63
1754123888.5754602,0,-8,-63
1754123888.61446,5,-8,-56
1754123888.65046,6,-5,-64
1754123888.68846,7,-5,-56
1754123888.72646,7,0,-62
1754123888.76546,-4,-4,-62
1754123888.80146,0,-8,-64
1754123888.8384602,0,-3,-65
1754123888.87646,-2,-1,-65
1754123888.91546,1,-6,-53
1754123888.95146,3,-5,-66
1754123888.98946,-1,0,-60
1754123889.02746,3,0,-62
1754123889.0654602,-7,4,-62
1754123889.10446,-2,0,-58
1754123889.14046,0,0,-61
1754123889.1774602,-4,3,-63
1754123889.21546,3,1,-58
1754123889.25446,7,6,-61
1754123889.29146,8,2,-61
1754123889.32946,5,-1,-47
1754123889.36646,0,-3,-63
1754123889.40546,5,-6,-68
1754123889.44146,5,0,-68
1754123889.47946,-2,-7,-66
1754123889.51846,0,-5,-66
1754123889.55546,0,-3,-65
1754123889.59446,4,-1,-48
1754123889.63046,8,-5,-53
1754123889.66846,4,0,-68
1754123889.7074602,3,2,-54
1754123889.74546,5,5,-57
1754123889.78146,3,4,-59
1754123889.81846,-1,-2,-63
1754123889.85646,-4,6,-64
1754123889.89546,-6,3,-61
1754123889.93146,-14,0,-71
1754123889.96846,-4,3,-72
1754123890.0064602,0,0,-60
1754123890.04546,1,4,-60
1754123890.08146,-2,7,-54
1754123890.1184602,-2,3,-57
1754123890.15646,-5,1,-57
1754123890.19546,7,0,-60
1754123890.23146,3,0,-59
1754123890.26846,2,-8,-60
1754123890.30646,7,0,-60
1754123890.3454602,-5,3,-56
1754123890.3814602,0,-1,-60
1754123890.41946,-9,0,-56
1754123890.4574602,-1,1,-71
1754123890.4964602,3,5,-57
1754123890.53446,0,0,-57
1754123890.57046,-5,-3,-63
1754123890.6084602,-5,1,-58
1754123890.64646,-3,1,-69
1754123890.68546,1,-5,-76
1754123890.72146,0,-4,-73
1754123890.7594602,11,-4,-65
1754123890.79746,9,-1,-62
1754123890.83646,0,0,-63
1754123890.87446,-3,0,-70
1754123890.91046,0,0,-60
1754123890.9474602,-2,2,-59
1754123890.9864602,6,1,-70
1754123891.02446,0,-1,-69
1754123891.06046,0,5,-67
1754123891.0984602,0,0,-62
1754123891.13646,6,0,-57
1754123891.17546,1,-2,-61
1754123891.21146,-4,2,-69
1754123891.24846,1,5,-65
1754123891.2864602,6,0,-59
1754123891.3254602,0,0,-46
1754123891.3614602,-2,-2,-63
1754123891.39946,0,-1,-63
1754123891.4374602,0,1,-53
1754123891.47646,-4,-5,-46
1754123891.51246,-11,-6,-53
1754123891.55046,-8,0,-58
1754123891.5884602,3,-1,-66
1754123891.62646,0,-4,-50
1754123891.66546,0,-3,-54
1754123891.70146,-2,2,-63
1754123891.73946,-4,5,-68
1754123891.77746,-4,0,-63
1754123891.81646,-5,-3,-70
1754123891.85246,0,3,-72
1754123891.89046,-5,-4,-66
1754123891.92846,-2,-1,-54
1754123891.9674602,-2,-2,-63
1754123892.00546,-1,2,-52
1754123892.04146,-3,-1,-60
1754123892.07946,-3,3,-69
1754123892.11746,0,1,-63
1754123892.15646,-2,-3,-63
1754123892.19246,2,-3,-68
1754123892.2304602,-1,-1,-63
1754123892.26846,-1,-1,-73
1754123892.30746,-3,-3,-65
1754123892.3454602,-4,-1,-62
1754123892.3814602,-9,-4,-59
1754123892.41946,4,-4,-57
1754123892.4574602,4,1,-70
1754123892.4964602,3,1,-69
1754123892.5324602,0,2,-63
1754123892.5694602,0,0,-53
1754123892.6084602,0,0,-54
1754123892.64646,0,3,-63
1754123892.68246,0,6,-66
1754123892.71946,-1,5,-67
1754123892.75746,-4,5,-66
1754123892.7964602,-3,6,-69
1754123892.8324602,0,-1,-59
1754123892.8714602,1,3,-60
1754123892.90946,-3,5,-67
1754123892.9474602,7,1,-64
1754123892.98546,1,0,-58
1754123893.02146,3,-4,-58
1754123893.05846,0,-2,-63
1754123893.09746,7,-2,-66
1754123893.13546,6,-1,-61
1754123893.1714602,6,-3,-64
1754123893.20846,0,4,-64
1754123893.24746,0,0,-66
1754123893.28546,0,2,-61
1754123893.32146,1,-3,-61
1754123893.35946,-1,-1,-55
1754123893.39746,-6,-2,-59
1754123893.43646,-2,-2,-61
1754123893.47246,-1,0,-69
1754123893.51046,-11,-4,-53
1754123893.5494602,-2,0,-62
1754123893.58746,-4,1,-64
1754123893.62346,-4,-1,-63
1754123893.6614602,0,-3,-53
1754123893.69946,-1,3,-56
1754123893.73746,-3,3,-64
1754123893.7764602,3,-1,-66
1754123893.8124602,6,-1,-66
1754123893.85046,0,7,-72
1754123893.8884602,-2,4,-64
1754123893.9274602,0,3,-65
1754123893.9634602,-5,2,-59
1754123894.00146,0,-2,-70
1754123894.0394602,1,-5,-63
1754123894.07846,0,0,-62
1754123894.11646,10,-3,-67
1754123894.15346,2,-5,-66
1754123894.1904602,-2,-5,-71
1754123894.22846,6,0,-58
1754123894.26746,3,-3,-58
1754123894.30346,1,-6,-75
1754123894.34146,1,1,-59
1754123894.37946,0,3,-68
1754123894.41846,0,5,-60
1754123894.45646,9,2,-56
1754123894.49246,-3,1,-59
1754123894.53046,0,0,-59
1754123894.56846,0,-1,-55
1754123894.60746,4,-1,-61
1754123894.64346,-1,-2,-63
1754123894.68146,8,0,-59
1754123894.71946,2,-1,-58
1754123894.75846,0,-4,-66
1754123894.7964602,0,9,-54
1754123894.8324602,1,6,-55
1754123894.86946,7,4,-57
1754123894.90846,4,-3,-66
1754123894.94646,-6,-3,-58
1754123894.98246,-5,-5,-65
1754123895.02146,-1,1,-72
1754123895.05846,5,-2,-66
1754123895.09746,0,-5,-63
1754123895.13346,0,-4,-53
1754123895.1714602,0,1,-58
1754123895.20946,0,2,-65
1754123895.25446,0,-3,-68
1754123895.29146,-13,-9,-57
1754123895.32946,-2,-3,-54
1754123895.3684602,0,5,-57
1754123895.40646,-6,-3,-56
1754123895.44246,-5,0,-70
1754123895.4804602,0,1,-61
1754123895.51846,2,-2,-52
1754123895.55746,-2,0,-55
1754123895.59346,2,2,-63
1754123895.63046,2,3,-71
1754123895.66846,8,1,-67
1754123895.7074602,-2,0,-57
1754123895.7434602,0,0,-68
1754123895.78146,2,2,-75
1754123895.8194602,4,0,-54
1754123895.8584602,-5,0,-49
1754123895.8944602,-6,-1,-54
1754123895.93246,0,0,-55
1754123895.97146,-1,-4,-58
1754123896.00846,0,-1,-63
1754123896.04746,1,-3,-61
1754123896.08346,0,-4,-61
1754123896.1214602,0,6,-55
1754123896.15946,-2,5,-59
1754123896.19846,0,0,-68
1754123896.23446,7,0,-67
1754123896.27146,-8,4,-74
1754123896.3094602,3,-4,-73
1754123896.3484602,1,2,-66
1754123896.3844602,4,9,-64
1754123896.4214602,-2,9,-58
1754123896.45946,5,0,-61
1754123896.49846,-9,5,-69
1754123896.53446,-3,1,-62
1754123896.5724602,-3,0,-62
1754123896.61046,2,0,-66
1754123896.64946,0,-3,-67
1754123896.6874602,-2,1,-62
1754123896.7234602,-4,0,-72
1754123896.76246,-4,-2,-64
1754123896.80046,0,0,-68
1754123896.8384602,0,0,-78
1754123896.87446,0,-3,-73
1754123896.9114602,10,-6,-69
1754123896.94946,0,4,-70
1754123896.98846,0,9,-55
1754123897.02446,0,3,-59
1754123897.06146,3,4,-56
1754123897.09946,4,-1,-65
1754123897.1384602,0,-2,-59
1754123897.17546,4,0,-63
1754123897.21246,-2,2,-54
1754123897.25046,-6,0,-59
1754123897.2894602,-3,-3,-53
1754123897.32746,0,-8,-63
1754123897.36346,0,0,-62
1754123897.4014602,-3,2,-61
1754123897.43946,-1,-4,-71
1754123897.47846,0,0,-69
1754123897.51446,-2,3,-81
1754123897.5524602,-4,0,-62
1754123897.59146,-3,1,-60
1754123897.62946,-7,2,-68
1754123897.6674602,-8,0,-54
1754123897.70346,-3,-4,-54
1754123897.74146,-2,-5,-68
1754123897.7794602,1,-7,-63
1754123897.81846,0,0,-63
1754123897.85446,3,-2,-58
1754123897.8914602,7,-3,-56
1754123897.92946,0,0,-58
1754123897.96846,1,3,-47
1754123898.00446,0,2,-51
1754123898.04146,9,0,-58
1754123898.07946,2,1,-47
1754123898.1184602,-3,0,-67
1754123898.1544602,0,-2,-68
1754123898.19146,4,-5,-66
1754123898.22946,1,-2,-56
1754123898.26846,9,1,-61
1754123898.30446,4,0,-61
1754123898.34146,5,0,-57
1754123898.37946,0,0,-53
1754123898.41846,-1,0,-55
1754123898.45446,2,5,-65
1754123898.49146,4,-3,-68
1754123898.5294602,6,0,-63
1754123898.56846,1,2,-63
1754123898.60446,-4,0,-65
1754123898.6414602,-1,-5,-66
1754123898.67946,0,-3,-65
1754123898.71846,-5,-1,-64
1754123898.75446,1,0,-60
1754123898.79146,0,-2,-63
1754123898.82946,0,1,-58
1754123898.8684602,0,-4,-64
1754123898.9044602,1,-6,-59
1754123898.94146,1,-5,-60
1754123898.9804602,0,-8,-58
1754123899.01846,2,0,-61
1754123899.05446,-2,0,-66
1754123899.0924602,-12,3,-64
1754123899.13046,-5,0,-62
1754123899.16946,-6,0,-58
1754123899.20546,-8,1,-72
1754123899.2434602,3,1,-57
1754123899.28146,3,2,-74
1754123899.32046,-4,1,-72
1754123899.3584602,-3,-1,-65
1754123899.3944602,0,-4,-74
1754123899.43246,-1,-2,-66
1754123899.47146,-3,5,-61
1754123899.5094602,0,-2,-56
1754123899.54546,-4,-3,-69
1754123899.58446,-10,1,-63
1754123899.6214602,-2,0,-67
1754123899.66046,3,3,-57
1754123899.69846,3,0,-48
1754123899.73446,-7,0,-57
1754123899.77246,-2,-5,-64
1754123899.81046,-1,1,-60
1754123899.84946,2,-4,-60
1754123899.88546,3,0,-58
1754123899.92246,8,-3,-61
1754123899.9604602,2,0,-59
1754123899.99946,-1,1,-66
1754123900.03546,2,1,-60
1754123900.0724602,-1,4,-66
1754123900.11046,2,-4,-52
1754123900.14946,6,-4,-61
1754123900.18546,1,-3,-62
1754123900.2234602,0,-2,-61
1754123900.26146,-2,-1,-50
1754123900.30046,2,3,-58
1754123900.33646,-3,0,-58
1754123900.37546,1,1,-65
1754123900.41246,0,5,-67
1754123900.45146,1,8,-63
1754123900.48946,0,4,-64
1754123900.52546,-7,0,-67
1754123900.56346,-4,-1,-55
1754123900.60146,0,0,-62
1754123900.64046,-1,-1,-65
1754123900.67646,-5,0,-61
1754123900.71446,-3,4,-69
1754123900.75246,0,2,-59
1754123900.79046,5,6,-68
1754123900.82946,-5,-3,-68
1754123900.8654602,0,-3,-64
1754123900.90346,1,0,-63
1754123900.94246,-3,0,-52
1754123900.9804602,-2,-1,-67
1754123901.0164602,-4,-1,-55
1754123901.05446,-1,0,-64
1754123901.0924602,0,1,-57
1754123901.13046,-2,5,-58
1754123901.16946,0,4,-60
1754123901.20546,0,7,-63
1754123901.24246,-1,6,-66
1754123901.28146,0,2,-64
1754123901.3194602,1,-1,-57
1754123901.3554602,0,0,-67
1754123901.39246,0,-1,-59
1754123901.43146,-5,0,-57
1754123901.46946,-7,0,-58
1754123901.50546,-4,1,-62
1754123901.54346,3,-5,-60
1754123901.58146,3,4,-56
1754123901.62046,6,-2,-59
1754123901.65646,1,2,-67
1754123901.69546,-9,-2,-76
1754123901.73246,-5,3,-62
1754123901.77146,-4,2,-69
1754123901.8094602,3,1,-60
1754123901.8454602,2,-7,-62
1754123901.88246,7,-7,-60
1754123901.9214602,9,3,-69
1754123901.9604602,6,-2,-54
1754123901.9964602,0,-1,-60
1754123902.03446,0,0,-50
1754123902.07146,0,3,-58
1754123902.11046,0,-1,-65
1754123902.14646,-1,-2,-61
1754123902.1844602,-2,0,-63
1754123902.22246,-6,-6,-52
1754123902.26146,-5,0,-56
1754123902.2994602,-4,-5,-61
1754123902.3354602,-5,-9,-65
1754123902.37446,-2,-6,-53
1754123902.4114602,-1,-1,-48
1754123902.4504602,4,-6,-52
1754123902.48746,2,-2,-62
1754123902.52446,-1,0,-64
1754123902.5624602,2,-10,-56
1754123902.60146,7,-7,-60
1754123902.63746,1,-2,-63
1754123902.67546,1,0,-58
1754123902.7134602,-1,-1,-65
1754123902.75146,-1,5,-55
1754123902.79046,0,0,-45
1754123902.82646,-2,0,-52
1754123902.86446,-3,-8,-63
1754123902.90246,0,-1,-57
1754123902.94146,3,-4,-62
1754123902.97746,-2,-8,-62
1754123903.01546,-1,-2,-55
1754123903.05346,4,2,-57
1754123903.0924602,0,-1,-72
1754123903.13046,1,1,-54
1754123903.16646,0,7,-56
1754123903.20346,-1,0,-63
1754123903.24146,-2,0,-64
1754123903.28046,-2,0,-61
1754123903.31646,-2,3,-62
1754123903.3554602,10,1,-62
1754123903.39246,9,-5,-67
1754123903.43146,0,-4,-65
1754123903.46846,2,-2,-51
1754123903.50546,1,2,-57
1754123903.54346,0,5,-60
1754123903.5824602,3,-1,-70
1754123903.62046,-1,0,-75
1754123903.65646,-9,1,-62
1754123903.6944602,4,0,-62
1754123903.7334602,2,4,-66
1754123903.77146,0,2,-73
1754123903.80746,1,2,-73
1754123903.84646,-4,4,-57
1754123903.88346,-4,1,-59
1754123903.92246,-1,0,-70
1754123903.9604602,-2,2,-66
1754123903.9964602,0,0,-64
1754123904.03346,-2,7,-64
1754123904.0724602,3,-5,-64
1754123904.11046,6,0,-61
1754123904.14646,-2,1,-54
1754123904.1844602,-2,-7,-53
1754123904.22246,-5,-2,-67
1754123904.26146,-6,-1,-57
1754123904.29746,-1,0,-60
1754123904.3354602,1,-5,-66
1754123904.37346,8,1,-79
1754123904.41246,1,0,-69
1754123904.4504602,-2,-2,-72
1754123904.4864602,-4,0,-70
1754123904.52446,3,0,-67
1754123904.5624602,2,5,-56
1754123904.60146,3,3,-65
1754123904.63746,-3,2,-69
1754123904.6744602,9,5,-59
1754123904.71246,14,4,-60
1754123904.75146,9,-4,-55
1754123904.78746,4,-8,-58
1754123904.82446,-4,-11,-57
1754123904.86346,-2,-5,-68
1754123904.9014602,-2,-2,-67
1754123904.9374602,2,-6,-68
1754123904.97446,4,-4,-53
1754123905.0134602,-2,-3,-67
1754123905.05146,-10,-5,-72
1754123905.08746,-5,-1,-65
1754123905.12546,-9,0,-71
1754123905.16346,-9,0,-58
1754123905.20246,0,1,-67
1754123905.23846,0,-4,-66
1754123905.28446,2,-2,-59
1754123905.3224602,1,0,-45
1754123905.35946,-8,4,-50
1754123905.39646,-1,3,-59
1754123905.4344602,0,0,-67
1754123905.47246,-2,-8,-64
1754123905.51146,-5,-1,-62
1754123905.54746,4,0,-63
1754123905.58446,7,0,-82
1754123905.62246,1,-4,-66
1754123905.6614602,-2,-9,-64
1754123905.6974602,2,-8,-55
1754123905.73546,-1,3,-62
1754123905.77246,4,-2,-60
1754123905.81146,4,-1,-53
1754123905.84746,3,-1,-52
1754123905.88546,6,-1,-62
1754123905.92346,0,-5,-65
1754123905.96146,-6,0,-64
1754123905.99746,-8,6,-58
1754123906.03546,-1,-4,-65
1754123906.07346,-4,-2,-65
1754123906.11246,-3,-1,-64
1754123906.14846,-1,5,-69
1754123906.18546,-4,-1,-67
1754123906.2234602,1,-2,-60
1754123906.26246,1,1,-72
1754123906.29846,-1,-1,-76
1754123906.33646,4,-4,-67
1754123906.37446,-1,0,-70
1754123906.41346,-3,3,-56
1754123906.45146,2,-1,-56
1754123906.48746,0,-5,-60
1754123906.52546,3,-2,-48
1754123906.56346,-4,2,-67
1754123906.60246,7,0,-61
1754123906.6384602,2,-4,-60
1754123906.67646,0,-1,-65
1754123906.71446,4,-6,-71
1754123906.7534602,2,-1,-67
1754123906.79146,-7,-5,-52
1754123906.82746,-8,-2,-60
1754123906.8654602,-4,-7,-73
1754123906.90346,1,0,-78
1754123906.94246,2,4,-57
1754123906.97846,0,3,-58
1754123907.01546,-2,1,-70
1754123907.05346,3,-6,-65
1754123907.0924602,4,-4,-56
1754123907.1284602,0,0,-61
1754123907.16546,-9,0,-60
1754123907.20346,-5,-1,-58
1754123907.24246,-4,0,-71
1754123907.27846,0,-3,-71
1754123907.31646,-1,-4,-76
1754123907.3554602,-4,-1,-79
1754123907.39346,-8,-1,-71
1754123907.42946,-2,-1,-74
1754123907.4674602,-5,0,-64
1754123907.50546,-3,-2,-68
1754123907.54346,-3,-5,-63
1754123907.5824602,1,0,-54
1754123907.6184602,2,-7,-60
1754123907.65646,5,-6,-63
1754123907.6944602,3,-2,-61
1754123907.7334602,-3,0,-59
1754123907.7694602,-9,1,-67
1754123907.80746,-6,-2,-66
1754123907.8454602,-11,-4,-48
1754123907.88346,0,2,-60
1754123907.92246,-1,-3,-51
1754123907.95946,-1,-4,-54
1754123907.9964602,0,-1,-64
1754123908.03546,-4,4,-66
1754123908.07346,1,6,-56
1754123908.10946,-1,6,-61
1754123908.14746,-5,0,-65
1754123908.18546,0,-2,-70
1754123908.22446,-5,-1,-68
1754123908.26246,-5,5,-66
1754123908.29846,-6,1,-68
1754123908.33646,-5,0,-65
1754123908.37446,-4,0,-59
1754123908.41346,-7,-4,-54
1754123908.44946,-3,-4,-54
1754123908.48746,-1,0,-57
1754123908.5264602,2,-1,-54
1754123908.56446,-1,-1,-72
1754123908.60246,6,0,-56
1754123908.6384602,5,3,-54
1754123908.67646,1,-2,-48
1754123908.71446,0,1,-53
1754123908.75246,4,0,-45
1754123908.78846,-2,2,-52
1754123908.82646,2,-1,-58
1754123908.86446,3,-1,-60
1754123908.90246,4,-7,-66
1754123908.93846,-7,-3,-60
1754123908.97646,0,-1,-64
1754123909.01446,6,-5,-57
1754123909.05346,4,1,-75
1754123909.08946,8,0,-65
1754123909.12646,4,1,-60
1754123909.1644602,0,-4,-65
1754123909.20346,0,-5,-67
1754123909.23946,-2,-7,-61
1754123909.27746,-2,0,-73
1754123909.3154602,4,0,-73
1754123909.35446,7,1,-70
1754123909.39046,0,1,-59
1754123909.42846,-1,-3,-72
1754123909.46646,0,-2,-70
1754123909.50446,5,-6,-69
1754123909.54346,3,-10,-68
1754123909.57946,-1,-4,-63
1754123909.61746,-1,2,-66
1754123909.65546,-1,0,-66
1754123909.6944602,2,0,-57
1754123909.7304602,0,9,-51
1754123909.76746,2,3,-67
1754123909.80646,9,-5,-68
1754123909.84446,2,1,-67
1754123909.88046,-3,0,-73
1754123909.91946,-3,-3,-71
1754123909.95646,0,0,-65
1754123909.99446,-4,-2,-69
1754123910.03346,-4,-1,-67
1754123910.0694602,0,0,-70
1754123910.10646,-1,0,-68
1754123910.1444602,-2,3,-64
1754123910.18346,0,-2,-77
1754123910.21946,3,-6,-74
1754123910.2564602,0,-4,-59
1754123910.29446,-1,-2,-60
1754123910.33346,-2,-6,-65
1754123910.36946,-2,0,-64
1754123910.40646,7,-3,-67
1754123910.44546,-3,-6,-69
1754123910.4834602,7,0,-68
1754123910.5194602,3,1,-68
1754123910.55646,-3,0,-71
1754123910.5954602,11,4,-59
1754123910.63346,6,3,-63
1754123910.66946,5,-1,-73
1754123910.70646,-9,1,-68
1754123910.74546,3,-1,-62
1754123910.78346,2,0,-58
1754123910.8194602,3,0,-55
1754123910.85646,4,-2,-59
1754123910.89546,-6,-2,-54
1754123910.93346,-1,-2,-64
1754123910.96946,-3,-7,-60
1754123911.00746,-2,-5,-70
1754123911.04546,11,2,-72
1754123911.08446,1,6,-58
1754123911.12046,0,0,-66
1754123911.1574602,-7,4,-58
1754123911.19546,-5,0,-67
1754123911.23446,2,0,-62
1754123911.27046,1,-3,-69
1754123911.30846,3,1,-57
1754123911.34646,2,-3,-53
1754123911.38546,0,-1,-65
1754123911.42346,-1,2,-55
1754123911.45946,0,4,-65
1754123911.4964602,-5,4,-60
1754123911.53546,4,-5,-50
1754123911.57346,1,0,-62
1754123911.60946,1,-5,-64
1754123911.64746,8,0,-62
1754123911.68546,3,-10,-59
1754123911.72446,-3,-2,-61
1754123911.76046,-11,-3,-61
1754123911.79846,-2,-3,-63
1754123911.83646,-7,-1,-54
1754123911.87546,-6,3,-60
1754123911.9114602,-1,2,-63
1754123911.94946,5,6,-67
1754123911.98746,4,5,-66
1754123912.02546,1,1,-67
1754123912.06446,0,-3,-57
1754123912.10046,-5,-2,-55
1754123912.1384602,-6,-2,-59
1754123912.1774602,2,-4,-60
1754123912.21546,1,-2,-57
1754123912.25146,0,0,-45
1754123912.28846,-5,-4,-48
1754123912.32746,-7,-2,-55
1754123912.3654602,-4,-1,-62
1754123912.4014602,0,-1,-64
1754123912.43946,0,-1,-59
1754123912.47746,2,4,-54
1754123912.51546,2,-2,-64
1754123912.55446,0,3,-64
1754123912.59046,-1,3,-59
1754123912.6284602,-6,6,-71
1754123912.66646,-8,5,-63
1754123912.70546,0,0,-64
1754123912.74146,1,4,-72
1754123912.7794602,0,5,-64
1754123912.81746,-4,-3,-62
1754123912.85646,2,1,-63
1754123912.8944602,0,5,-63
1754123912.93046,-8,11,-51
1754123912.96946,-8,0,-49
1754123913.0064602,-9,-1,-60
1754123913.04546,-1,0,-70
1754123913.08446,-4,0,-62
1754123913.12046,-4,0,-55
1754123913.15946,-1,-1,-61
1754123913.1974602,-5,3,-60
1754123913.23546,-3,7,-70
1754123913.27146,-3,-3,-58
1754123913.3094602,-5,-6,-60
1754123913.34746,-5,-1,-60
1754123913.38646,2,6,-67
1754123913.4244602,0,0,-49
1754123913.4604602,-2,2,-53
1754123913.49746,-3,-1,-56
1754123913.5364602,0,-1,-62
1754123913.57446,-9,-6,-59
1754123913.61046,4,0,-66
1754123913.64746,7,-7,-71
1754123913.68646,5,1,-64
1754123913.72446,7,1,-62
1754123913.76046,4,-3,-71
1754123913.79746,-7,0,-71
1754123913.83646,-8,0,-70
1754123913.87446,-3,-7,-68
1754123913.9114602,2,-2,-57
1754123913.94946,4,-4,-64
1754123913.98746,-6,-4,-62
1754123914.0264602,-7,0,-65
1754123914.0624602,-4,-3,-71
1754123914.10046,-7,-4,-60
1754123914.1384602,-2,-1,-69
1754123914.17646,-1,0,-68
1754123914.21546,1,-5,-62
1754123914.25146,0,-4,-59
1754123914.2894602,-3,-3,-67
1754123914.32746,-2,-3,-58
1754123914.36646,-5,-12,-69
1754123914.40246,-3,-5,-62
1754123914.4404602,-7,3,-55
1754123914.47846,-2,1,-57
1754123914.5164602,2,-5,-63
1754123914.55546,-4,4,-61
1754123914.59146,0,3,-53
1754123914.62946,6,0,-62
1754123914.6674602,5,5,-59
1754123914.70646,0,0,-60
1754123914.74246,5,-3,-58
1754123914.7794602,1,4,-63
1754123914.81746,-1,-8,-67
1754123914.8554602,-10,-10,-61
1754123914.8914602,-3,-8,-60
1754123914.92946,-2,-5,-58
1754123914.9674602,-2,-5,-65
1754123915.0064602,-4,-4,-69
1754123915.0424602,2,-4,-71
1754123915.07946,0,-3,-58
1754123915.11746,2,-1,-62
1754123915.15646,1,-1,-65
1754123915.19246,2,-5,-64
1754123915.22946,-1,-3,-61
1754123915.26746,2,-3,-62
1754123915.31146,2,-1,-58
1754123915.34946,-4,-7,-58
1754123915.38746,5,-3,-67
1754123915.42646,5,-9,-64
1754123915.4634602,-1,-5,-62
1754123915.50046,-2,-4,-67
1754123915.53846,0,0,-64
1754123915.57746,1,1,-67
1754123915.6154602,3,-1,-65
1754123915.6514602,4,2,-57
1754123915.68846,0,-7,-61
1754123915.72746,2,-2,-64
1754123915.76546,1,4,-58
1754123915.80146,-3,-6,-65
1754123915.83946,0,-6,-64
1754123915.87746,4,-6,-55
1754123915.91646,-1,-10,-66
1754123915.95346,0,-6,-59
1754123915.9904602,4,-5,-60
1754123916.02846,5,-1,-68
1754123916.06746,0,0,-64
1754123916.1054602,0,-5,-69
1754123916.1414602,0,-9,-64
1754123916.17946,0,-2,-67
1754123916.2174602,3,6,-61
1754123916.2564602,-2,4,-56
1754123916.2924602,0,-4,-62
1754123916.33146,3,-2,-68
1754123916.36946,-1,1,-73
1754123916.4074602,3,0,-67
1754123916.44546,0,6,-59
1754123916.48146,-5,1,-63
1754123916.5194602,1,0,-54
1754123916.55746,-4,0,-61
1754123916.59346,0,0,-65
1754123916.63046,3,-2,-57
1754123916.66946,3,-2,-69
1754123916.7074602,0,-3,-60
1754123916.7434602,-2,-3,-56
1754123916.78146,-5,-5,-63
1754123916.8194602,-4,-6,-66
1754123916.85746,-10,-4,-57
1754123916.89646,4,0,-63
1754123916.93246,0,2,-61
1754123916.96946,-3,-2,-65
1754123917.00746,5,1,-67
1754123917.0464602,0,0,-59
1754123917.0824602,2,-2,-63
1754123917.11946,1,-3,-63
1754123917.1574602,-7,-6,-66
1754123917.19646,-3,-4,-73
1754123917.23246,-2,0,-71
1754123917.2694602,-4,6,-68
1754123917.30846,-5,4,-66
1754123917.34646,-3,3,-66
1754123917.38346,-2,0,-70
1754123917.4214602,-1,3,-71
1754123917.45946,2,0,-67
1754123917.49846,0,-3,-57
1754123917.5364602,0,-5,-62
1754123917.5724602,2,0,-62
1754123917.60946,-3,-1,-71
1754123917.64846,-5,0,-70
1754123917.68646,-8,2,-63
1754123917.72246,-6,1,-68
1754123917.76046,2,-7,-58
1754123917.79846,2,-5,-62
1754123917.83746,0,-7,-74
1754123917.87346,-6,-6,-67
1754123917.9114602,0,-7,-65
1754123917.94946,3,-10,-70
1754123917.98846,-3,-3,-65
1754123918.0264602,0,0,-71
1754123918.0624602,0,-2,-65
1754123918.09946,1,0,-71
1754123918.1384602,7,-1,-67
1754123918.17646,-1,4,-68
1754123918.21246,-1,6,-74
1754123918.25046,-1,-5,-75
1754123918.28846,1,-5,-70
1754123918.32746,3,-7,-65
1754123918.36346,1,0,-66
1754123918.40046,-2,2,-57
1754123918.43946,0,-4,-54
1754123918.47746,10,1,-48
1754123918.5134602,1,-1,-41
1754123918.5524602,0,1,-70
1754123918.58946,-5,-1,-62
1754123918.6284602,-5,-3,-64
1754123918.6644602,5,-1,-61
1754123918.70246,0,5,-63
1754123918.73946,0,0,-60
1754123918.77846,-6,-2,-58
1754123918.81446,-5,-2,-58
1754123918.85246,0,4,-75
1754123918.89046,-5,-3,-72
1754123918.92846,-8,-4,-66
1754123918.9674602,3,-6,-76
1754123919.0034602,4,-9,-70
1754123919.04146,0,-3,-72
1754123919.08046,-2,0,-66
1754123919.1184602,1,-6,-61
1754123919.15546,-4,-4,-55
1754123919.19346,3,-3,-65
1754123919.2304602,-2,0,-61
1754123919.2694602,-6,2,-58
1754123919.30746,-8,0,-70
1754123919.34346,-4,-2,-84
1754123919.3814602,-6,-7,-64
1754123919.41946,-9,0,-62
1754123919.45846,1,0,-60
1754123919.49446,-1,-7,-59
1754123919.5324602,2,-6,-67
1754123919.57046,-2,-4,-61
1754123919.60946,-8,-1,-56
1754123919.64746,-10,5,-52
1754123919.68346,-3,2,-64
1754123919.72246,-6,-7,-66
1754123919.76046,-5,0,-67
1754123919.79846,-2,-9,-77
1754123919.83446,-3,-9,-71
1754123919.87246,3,-1,-66
1754123919.91046,1,-1,-67
1754123919.94946,-2,-3,-63
1754123919.98746,0,3,-68
1754123920.02346,1,0,-67
1754123920.06046,-5,2,-77
1754123920.09946,-2,1,-68
1754123920.13746,8,-5,-57
1754123920.17346,5,-4,-67
1754123920.2104602,0,-1,-60
1754123920.24946,-7,2,-70
1754123920.28746,1,4,-68
1754123920.32346,2,5,-72
1754123920.3614602,4,-4,-73
1754123920.39946,1,-1,-74
1754123920.43846,14,-1,-69
1754123920.47446,10,-1,-66
1754123920.5134602,2,-5,-68
1754123920.55046,2,-7,-59
1754123920.58946,3,-6,-62
1754123920.62746,-3,2,-71
1754123920.66346,-8,0,-71
1754123920.70146,-6,-3,-62
1754123920.73946,-7,-1,-67
1754123920.77846,-3,-9,-76
1754123920.81446,1,-6,-68
1754123920.85246,3,-2,-72
1754123920.8914602,8,-3,-59
1754123920.92946,3,4,-68
1754123920.96546,4,0,-64
1754123921.00246,-3,-1,-62
1754123921.04146,0,2,-57
1754123921.07946,-1,0,-56
1754123921.1154602,4,0,-57
1754123921.15246,0,-1,-64
1754123921.1904602,-9,-5,-78
1754123921.22946,-3,-4,-62
1754123921.26546,-5,2,-72
1754123921.30346,5,0,-70
1754123921.34146,-3,3,-65
1754123921.37946,-4,0,-60
1754123921.41846,0,0,-59
1754123921.45446,2,1,-58
1754123921.49146,-11,-9,-68
1754123921.5294602,-6,2,-61
1754123921.56846,-4,3,-57
1754123921.60446,-10,0,-64
1754123921.64246,-12,4,-70
1754123921.67946,0,-3,-69
1754123921.71846,-3,4,-63
1754123921.75446,-8,2,-55
1754123921.7924602,0,2,-60
1754123921.83046,-1,1,-66
1754123921.8684602,0,2,-53
1754123921.9044602,5,3,-59
1754123921.94246,5,0,-60
1754123921.9804602,8,2,-70
1754123922.01846,3,-6,-63
1754123922.05446,2,1,-68
1754123922.0924602,3,1,-51
1754123922.13046,6,0,-72
1754123922.16846,8,-2,-73
1754123922.20446,5,-5,-61
1754123922.24246,12,2,-67
1754123922.28046,-4,6,-68
1754123922.31846,-3,2,-55
1754123922.35446,0,1,-56
1754123922.39246,0,0,-48
1754123922.43046,2,-2,-57
1754123922.46846,-1,-4,-65
1754123922.50446,3,-1,-65
1754123922.5424602,0,-1,-61
1754123922.58046,-1,-5,-56
1754123922.61946,-3,-3,-69
1754123922.65546,-5,-9,-67
1754123922.69346,-6,0,-60
1754123922.73146,-8,0,-60
1754123922.77046,-8,-7,-68
1754123922.80846,-2,0,-77
1754123922.84446,-2,-3,-78
1754123922.88246,1,-4,-77
1754123922.9214602,5,0,-68
1754123922.95946,5,3,-74
1754123922.99546,6,0,-74
1754123923.0324602,-3,0,-68
1754123923.07046,-6,-2,-62
1754123923.10946,1,-4,-62
1754123923.14546,-2,-3,-56
1754123923.1844602,-15,6,-59
1754123923.22146,-5,0,-59
1754123923.26046,-2,-3,-70
1754123923.2964602,-2,-1,-81
1754123923.33446,-1,2,-64
1754123923.37246,6,-7,-61
1754123923.41046,-6,2,-63
1754123923.44946,-2,-2,-70
1754123923.48546,-6,-5,-61
1754123923.52346,-8,-9,-64
1754123923.5624602,-7,-7,-69
1754123923.60046,-11,4,-64
1754123923.63646,2,1,-69
1754123923.67346,0,1,-54
1754123923.71246,-2,1,-70
1754123923.75046,-7,-5,-76
1754123923.7864602,0,2,-70
1754123923.82346,7,0,-59
1754123923.86246,-8,-3,-56
1754123923.90046,-7,-4,-57
1754123923.93646,-7,1,-57
1754123923.97546,-5,5,-54
1754123924.01246,2,2,-64
1754123924.05046,1,1,-66
1754123924.08946,5,-1,-61
1754123924.12546,0,0,-56
1754123924.16246,1,2,-69
1754123924.20146,0,4,-70
1754123924.23946,-1,0,-66
1754123924.27546,-1,0,-66
1754123924.31346,0,-4,-57
1754123924.35146,-2,0,-76
1754123924.39046,-7,-7,-62
1754123924.42646,-6,-6,-54
1754123924.46446,-11,-8,-54
1754123924.50246,0,3,-49
1754123924.54146,2,-2,-59
1754123924.57946,3,1,-66
1754123924.6154602,10,1,-67
1754123924.65246,7,-8,-62
1754123924.69146,3,0,-67
1754123924.72946,0,-5,-75
1754123924.76546,2,2,-58
1754123924.8024602,3,-4,-70
1754123924.84146,1,-6,-73
1754123924.87946,3,0,-62
1754123924.91546,-3,-2,-64
1754123924.95446,-4,-1,-56
1754123924.99146,-5,-3,-68
1754123925.03046,2,-2,-63
1754123925.06646,2,2,-69
1754123925.10446,1,-9,-64
1754123925.14246,2,-1,-57
1754123925.18146,-2,-1,-74
1754123925.21946,2,4,-73
1754123925.25546,-2,10,-70
1754123925.29346,0,0,-67
1754123925.33946,-3,2,-64
1754123925.37546,-1,0,-67
1754123925.41346,0,-3,-66
1754123925.45146,2,-1,-72
1754123925.4904602,-2,-4,-77
1754123925.5264602,-2,0,-77
1754123925.5654602,-6,-3,-67
1754123925.60246,-3,-1,-83
1754123925.6414602,-3,-3,-73
1754123925.6774602,-3,-1,-60
1754123925.71546,1,1,-53
1754123925.7534602,3,1,-66
1754123925.79146,1,4,-76
1754123925.83046,6,-6,-64
1754123925.86646,6,-4,-55
1754123925.9044602,7,-1,-58
1754123925.94246,-2,0,-62
1754123925.98146,-1,3,-67
1754123926.01746,-6,0,-60
1754123926.05646,-5,-1,-70
1754123926.09346,-11,1,-69
1754123926.1314602,-4,-1,-62
1754123926.17046,-1,-4,-59
1754123926.2074602,4,0,-57
1754123926.24446,-7,5,-47
1754123926.28346,-3,5,-58
1754123926.32146,-1,-3,-65
1754123926.35746,4,-2,-66
1754123926.39546,-3,-1,-62
1754123926.43346,-1,1,-59
1754123926.47246,-12,-2,-60
1754123926.51046,-2,1,-53
1754123926.5464602,-7,0,-66
1754123926.58446,7,-2,-71
1754123926.62246,-1,-12,-56
1754123926.6614602,-1,-4,-66
1754123926.69846,1,-4,-58
1754123926.73546,0,-1,-69
1754123926.77446,-3,0,-66
1754123926.8124602,2,-5,-75
1754123926.85046,4,-3,-65
1754123926.88646,0,-1,-59
1754123926.92346,3,-8,-61
1754123926.96246,-3,1,-57
1754123927.00046,5,-1,-63
1754123927.0364602,6,4,-54
1754123927.07446,1,4,-65
1754123927.11246,0,0,-76
1754123927.15046,-3,-2,-71
1754123927.18646,-5,-9,-68
1754123927.22446,2,-4,-66
1754123927.26246,5,-4,-56
1754123927.30146,-4,-3,-66
1754123927.33746,0,-2,-69
1754123927.37446,1,2,-77
1754123927.41246,0,-5,-71
1754123927.45146,-4,-2,-56
1754123927.48746,0,-2,-64
1754123927.52546,4,2,-75
1754123927.56346,7,0,-71
1754123927.60246,-3,-2,-78
1754123927.64046,-1,-3,-62
1754123927.67646,-2,-2,-57
1754123927.71446,-2,-4,-70
1754123927.7534602,0,-4,-70
1754123927.79146,2,0,-63
1754123927.82746,0,1,-66
1754123927.8654602,-1,3,-67
1754123927.90346,3,1,-62
1754123927.94246,0,1,-67
1754123927.97846,4,-6,-67
1754123928.0164602,3,0,-57
1754123928.05446,-4,0,-58
1754123928.0924602,-3,-5,-63
1754123928.1314602,2,2,-60
1754123928.1674602,9,6,-72
1754123928.20546,9,2,-63
1754123928.2434602,0,-2,-64
1754123928.2824602,4,-10,-70
1754123928.31846,2,-5,-71
1754123928.3554602,-3,10,-67
1754123928.39346,6,-2,-63
1754123928.43246,0,2,-72
1754123928.46846,-1,-1,-73
1754123928.5064602,0,4,-67
1754123928.54446,-1,9,-69
1754123928.5824602,1,3,-52
1754123928.6214602,2,1,-71
1754123928.6574602,7,0,-58
1754123928.6944602,1,3,-66
1754123928.7334602,1,1,-81
1754123928.77146,2,-1,-63
1754123928.80746,3,-4,-60
1754123928.8454602,8,-8,-63
1754123928.88346,3,-6,-68
1754123928.92246,7,-5,-65
1754123928.95846,9,-6,-65
1754123928.9964602,2,-1,-68
1754123929.03446,4,-4,-72
1754123929.07346,6,1,-69
1754123929.1114602,-9,-3,-52
1754123929.14746,-7,-2,-64
1754123929.18546,1,-3,-66
1754123929.2234602,3,-8,-70
1754123929.26246,0,-1,-73
1754123929.29846,-2,-1,-71
1754123929.33646,-2,-4,-54
1754123929.37446,-5,-4,-62
1754123929.41346,-5,-2,-60
1754123929.45146,5,2,-62
1754123929.48746,10,0,-63
1754123929.52546,3,-3,-68
1754123929.56346,3,0,-62
1754123929.60246,3,-6,-66
1754123929.6384602,2,-7,-55
1754123929.67646,11,0,-72
1754123929.71446,0,0,-49
1754123929.7534602,-3,-2,-57
1754123929.79146,0,-2,-60
1754123929.82746,1,5,-67
1754123929.8654602,3,-8,-68
1754123929.90346,-1,-4,-56
1754123929.94146,-2,-2,-60
1754123929.97746,-8,-7,-60
1754123930.01546,-4,-6,-63
1754123930.05346,-6,0,-70
1754123930.0924602,0,-5,-62
1754123930.1284602,-4,-1,-77
1754123930.16646,-11,-6,-68
1754123930.20446,-8,-6,-57
1754123930.2434602,0,-7,-47
1754123930.2794602,-3,-11,-56
1754123930.31746,-3,-5,-59
1754123930.3554602,-1,-6,-54
1754123930.39346,-1,1,-52
1754123930.43246,2,-3,-60
1754123930.46846,6,-1,-65
1754123930.5064602,0,-1,-70
1754123930.54446,2,5,-74
1754123930.58346,-4,-1,-62
1754123930.61946,4,-2,-60
1754123930.6574602,2,1,-68
1754123930.69546,-4,-6,-72
1754123930.7334602,1,-1,-66
1754123930.77246,-6,-2,-68
1754123930.80846,0,-1,-67
1754123930.8454602,0,-5,-73
1754123930.88346,-9,-8,-57
1754123930.92246,-1,-2,-59
1754123930.95846,-1,-4,-67
1754123930.9964602,-4,4,-71
1754123931.03546,-2,0,-69
1754123931.07346,-2,0,-61
1754123931.10946,-5,1,-70
1754123931.14846,-5,-1,-70
1754123931.18546,-4,-6,-65
1754123931.22446,-12,-2,-60
1754123931.26246,-6,0,-56
1754123931.29846,0,-6,-71
1754123931.33646,5,-1,-66
1754123931.37446,5,6,-69
1754123931.41346,7,1,-59
1754123931.44946,-3,1,-58
1754123931.48746,-1,3,-69
1754123931.52546,1,0,-60
1754123931.56446,0,1,-68
1754123931.60246,1,0,-70
1754123931.6384602,3,1,-73
1754123931.67646,0,-4,-73
1754123931.71446,4,-7,-69
1754123931.75246,0,2,-60
1754123931.7894602,0,5,-72
1754123931.82646,-3,6,-64
1754123931.86446,-4,-1,-56
1754123931.90346,-10,-3,-57
1754123931.93946,-7,-1,-58
1754123931.97746,0,-1,-60
1754123932.01546,-1,0,-69
1754123932.05446,-1,-2,-68
1754123932.0924602,-3,-2,-59
1754123932.1284602,0,-3,-69
1754123932.16646,1,-2,-65
1754123932.20546,0,0,-63
1754123932.2434602,-5,4,-57
1754123932.2794602,-4,1,-55
1754123932.31846,0,-1,-57
1754123932.3554602,0,-2,-58
1754123932.3944602,-1,4,-65
1754123932.43246,0,0,-59
1754123932.46846,0,2,-55
1754123932.50546,2,0,-53
1754123932.54446,4,5,-57
1754123932.58146,-1,1,-71
1754123932.6184602,-2,3,-67
1754123932.65646,6,-5,-58
1754123932.6944602,7,9,-60
1754123932.7334602,11,1,-64
1754123932.7694602,9,-1,-71
1754123932.80746,6,4,-61
1754123932.8454602,2,1,-62
1754123932.8844602,1,-6,-72
1754123932.92046,-1,-5,-76
1754123932.95946,4,-5,-67
1754123932.9964602,2,-3,-65
1754123933.03446,2,0,-68
1754123933.07346,4,-1,-57
1754123933.10946,2,0,-60
1754123933.14646,0,-5,-63
1754123933.1844602,1,0,-62
1754123933.2234602,0,4,-54
1754123933.2594602,2,1,-57
1754123933.29746,0,2,-56
1754123933.3354602,0,3,-60
1754123933.37346,5,10,-70
1754123933.40946,4,5,-64
1754123933.4474602,4,0,-59
1754123933.48546,0,0,-70
1754123933.52346,-1,-1,-59
1754123933.5594602,3,0,-60
1754123933.59746,5,0,-61
1754123933.63546,3,6,-75
1754123933.6744602,-4,0,-79
1754123933.7104602,-2,-4,-78
1754123933.74846,-5,0,-64
1754123933.7864602,-7,3,-61
1754123933.8254602,-4,1,-63
1754123933.86346,-1,-2,-59
1754123933.89946,-5,-4,-71
1754123933.93846,-7,-3,-67
1754123933.97546,1,-1,-72
1754123934.01446,-6,0,-63
1754123934.05046,3,2,-67
1754123934.0884602,4,0,-74
1754123934.12546,-2,3,-64
1754123934.1644602,-2,-1,-69
1754123934.2004602,-3,-3,-62
1754123934.23846,4,-12,-65
1754123934.2764602,-5,-5,-51
1754123934.3154602,-5,-2,-61
1754123934.35346,-5,-4,-66
1754123934.38946,-3,0,-63
1754123934.4274602,3,0,-53
1754123934.46546,1,0,-57
1754123934.50446,1,2,-66
1754123934.54046,-5,-3,-66
1754123934.57846,0,-3,-62
1754123934.61646,-7,-1,-52
1754123934.65546,-1,0,-70
1754123934.69146,-1,-2,-65
1754123934.7304602,1,5,-61
1754123934.76746,0,3,-52
1754123934.80546,-7,-1,-69
1754123934.84446,-3,2,-61
1754123934.88046,-3,-1,-62
1754123934.91846,7,-1,-55
1754123934.95646,6,-2,-70
1754123934.99546,-3,0,-64
1754123935.03146,0,1,-56
1754123935.06846,-3,-1,-65
1754123935.10646,-1,2,-46
1754123935.14546,-4,2,-57
1754123935.18146,0,5,-62
1754123935.21846,2,2,-61
1754123935.2564602,0,-1,-61
1754123935.29546,-9,0,-66
1754123935.33946,2,-3,-68
1754123935.37746,5,0,-52
1754123935.41546,-1,-3,-55
1754123935.45446,-1,1,-52
1754123935.4904602,0,0,-65
1754123935.52746,-2,-7,-57
1754123935.5654602,0,1,-65
1754123935.60446,0,0,-60
1754123935.64046,2,1,-62
1754123935.6774602,0,-1,-65
1754123935.71646,-7,-1,-62
1754123935.75446,-3,3,-62
1754123935.79046,4,4,-57
1754123935.82746,2,3,-59
1754123935.86646,0,2,-69
1754123935.9044602,1,0,-76
1754123935.9404602,0,4,-68
1754123935.97746,-7,-2,-64
1754123936.0164602,-7,3,-62
1754123936.05446,3,0,-64
1754123936.09046,4,0,-66
1754123936.12746,-1,-8,-59
1754123936.16646,-1,-6,-52
1754123936.20446,1,-5,-59
1754123936.2404602,-7,-1,-67
1754123936.27846,-4,7,-68
1754123936.31646,-5,7,-78
1754123936.3554602,-4,0,-66
1754123936.3914602,0,-1,-48
1754123936.42946,-9,1,-61
1754123936.4674602,-4,2,-67
1754123936.5064602,0,0,-58
1754123936.54446,3,3,-62
1754123936.58046,0,-1,-68
1754123936.6184602,-9,4,-63
1754123936.65646,-8,-1,-56
1754123936.69546,0,0,-57
1754123936.73146,-5,-2,-60
1754123936.7694602,4,5,-57
1754123936.80746,3,6,-60
1754123936.84646,8,3,-65
1754123936.8844602,-6,2,-65
1754123936.92046,-2,1,-61
1754123936.95846,-4,6,-62
1754123936.9964602,-4,-2,-68
1754123937.03546,-13,-4,-64
1754123937.07146,-7,-5,-65
1754123937.10946,0,1,-63
1754123937.14846,-4,0,-60
1754123937.18646,4,0,-68
1754123937.22546,1,-1,-62
1754123937.26146,-1,-3,-51
1754123937.2994602,7,-2,-63
1754123937.33746,3,0,-65
1754123937.37646,3,-1,-61
1754123937.41246,2,5,-58
1754123937.44946,0,0,-54
1754123937.48746,-3,-4,-66
1754123937.5264602,0,0,-66
1754123937.5624602,-4,1,-70
1754123937.60046,2,-2,-80
1754123937.6384602,1,-5,-80
1754123937.67646,4,-1,-65
1754123937.71546,-2,-2,-63
1754123937.75146,1,3,-61
1754123937.7894602,5,1,-57
1754123937.82746,2,-2,-54
1754123937.86646,-8,-3,-72
1754123937.90246,0,0,-76
1754123937.93946,0,-6,-67
1754123937.97746,0,1,-64
1754123938.0164602,-8,-1,-68
1754123938.0524602,-5,-2,-59
1754123938.09046,-2,-2,-60
1754123938.12946,8,-5,-50
1754123938.1674602,0,-3,-59
1754123938.20546,-1,2,-68
1754123938.24146,4,4,-61
1754123938.2794602,1,6,-58
1754123938.31746,7,5,-67
1754123938.3554602,-5,6,-56
1754123938.3914602,1,4,-58
1754123938.42946,4,6,-55
1754123938.4674602,5,-1,-53
1754123938.50546,7,0,-61
1754123938.54146,1,-1,-52
1754123938.57946,1,0,-60
1754123938.61746,0,1,-61
1754123938.65646,-1,5,-66
1754123938.69246,0,6,-73
1754123938.72946,2,7,-56
1754123938.76846,2,2,-52
1754123938.80646,-2,3,-66
1754123938.8424602,2,0,-63
1754123938.87946,-4,-3,-72
1754123938.9174602,0,-1,-68
1754123938.95646,3,0,-68
1754123938.99246,-5,4,-67
1754123939.03046,-11,0,-56
1754123939.06846,-2,3,-50
1754123939.10746,-2,3,-52
1754123939.14546,3,1,-69
1754123939.18146,-1,-1,-61
1754123939.21946,-5,0,-61
1754123939.25746,0,2,-58
1754123939.2964602,-1,0,-66
1754123939.3324602,6,1,-76
1754123939.36946,0,1,-67
1754123939.4074602,-2,10,-65
1754123939.44646,-2,8,-65
1754123939.48246,1,2,-65
1754123939.5194602,2,-6,-57
1754123939.55746,8,1,-61
1754123939.59646,6,-2,-61
1754123939.63246,-1,-5,-63
1754123939.67046,2,-4,-60
1754123939.70846,2,0,-62
1754123939.74746,0,-6,-70
1754123939.78346,5,-6,-60
1754123939.82146,1,-4,-75
1754123939.85946,6,-5,-76
1754123939.89746,-1,3,-74
1754123939.93646,6,0,-76
1754123939.97246,9,-1,-63
1754123940.01046,4,0,-59
1754123940.04846,0,-6,-64
1754123940.08746,-4,2,-67
1754123940.12346,4,-2,-61
1754123940.1614602,7,-8,-63
1754123940.19946,0,0,-68
1754123940.23846,0,-2,-64
1754123940.2764602,3,-2,-67
1754123940.3124602,6,-4,-66
1754123940.35046,-8,-1,-68
1754123940.3884602,-11,5,-72
1754123940.4274602,-1,3,-67
1754123940.4634602,-8,-1,-64
1754123940.50146,-12,1,-66
1754123940.5394602,0,4,-56
1754123940.57846,0,2,-57
1754123940.61646,0,2,-61
1754123940.65246,4,-4,-59
1754123940.6904602,8,-2,-70
1754123940.72846,4,0,-61
1754123940.76746,1,-4,-60
1754123940.80346,-1,-6,-58
1754123940.84146,-8,2,-63
1754123940.87946,-8,-2,-61
1754123940.91846,-12,-2,-60
1754123940.95646,-6,3,-64
1754123940.99246,-4,3,-66
1754123941.03046,-5,2,-62
1754123941.0694602,-6,-3,-64
1754123941.10746,-3,-2,-54
1754123941.1444602,0,-5,-66
1754123941.18146,2,-3,-65
1754123941.21946,-4,-2,-65
1754123941.25846,1,5,-69
1754123941.2964602,-2,4,-66
1754123941.3324602,2,1,-63
1754123941.36946,-3,2,-48
1754123941.40846,-3,2,-57
1754123941.44646,-1,4,-55
1754123941.48246,-1,-6,-56
1754123941.52046,0,-3,-61
1754123941.55846,1,1,-67
1754123941.59746,-1,-4,-70
1754123941.63346,0,3,-70
1754123941.6714602,0,4,-67
1754123941.70946,0,-2,-65
1754123941.74846,4,-1,-59
1754123941.78546,0,-2,-68
1754123941.8224602,-9,-1,-67
1754123941.8614602,0,7,-71
1754123941.89846,1,6,-69
1754123941.9374602,2,6,-52
1754123941.9734602,-10,4,-61
1754123942.01146,-3,-1,-50
1754123942.0494602,-2,0,-63
1754123942.0884602,0,0,-57
1754123942.12446,-3,-6,-52
1754123942.16246,-1,7,-58
1754123942.2004602,2,4,-64
1754123942.23846,-1,-2,-74
1754123942.27746,0,2,-81
1754123942.31346,0,-2,-78
1754123942.35146,0,-5,-72
1754123942.38946,3,-6,-62
1754123942.42846,3,-3,-73
1754123942.46446,2,1,-73
1754123942.50146,-2,-3,-65
1754123942.5394602,3,-2,-61
1754123942.57846,2,-3,-63
1754123942.61446,-2,-6,-68
1754123942.65246,-1,3,-63
1754123942.6904602,-3,0,-49
1754123942.72946,1,6,-66
1754123942.76746,0,-2,-57
1754123942.80346,0,-2,-59
1754123942.84146,-3,1,-60
1754123942.87946,-2,0,-68
1754123942.91846,-9,2,-58
1754123942.95446,-3,0,-65
1754123942.99246,-2,-2,-70
1754123943.0294602,-1,2,-71
1754123943.06846,-6,-2,-75
1754123943.10446,4,-5,-63
1754123943.14246,2,-2,-62
1754123943.17946,1,8,-72
1754123943.21846,-5,2,-71
1754123943.25446,2,0,-64
1754123943.2924602,0,4,-61
1754123943.32946,0,2,-60
1754123943.3684602,2,-11,-56
1754123943.4044602,3,-4,-63
1754123943.44146,3,0,-53
1754123943.47946,1,2,-60
1754123943.51846,4,6,-58
1754123943.55446,-2,8,-63
1754123943.59146,3,-4,-60
1754123943.63046,2,0,-57
1754123943.66846,2,6,-67
1754123943.70446,0,2,-63
1754123943.74146,-5,-2,-59
1754123943.78046,-1,0,-57
1754123943.81846,-2,-3,-59
1754123943.85446,-3,1,-61
1754123943.8914602,-1,-2,-67
1754123943.92946,-4,1,-73
1754123943.96846,-5,4,-59
1754123944.00446,2,2,-67
1754123944.04346,4,-7,-56
1754123944.08046,0,-3,-57
1754123944.11946,-7,-5,-65
1754123944.15546,-7,-4,-64
1754123944.19346,-2,0,-61
1754123944.23146,0,-1,-62
1754123944.2694602,-4,3,-60
1754123944.30846,0,0,-62
1754123944.34446,4,2,-61
1754123944.3814602,5,0,-67
1754123944.41946,-3,2,-68
1754123944.45846,-8,3,-61
1754123944.49446,-6,1,-54
1754123944.5324602,-2,7,-54
1754123944.57046,-1,-4,-56
1754123944.60946,-2,0,-65
1754123944.64546,-4,0,-71
1754123944.6844602,-2,2,-76
1754123944.72146,-7,-1,-64
1754123944.76046,0,1,-65
1754123944.79846,-5,1,-57
1754123944.83446,0,0,-61
1754123944.8714602,1,-4,-65
1754123944.91046,-2,-6,-73
1754123944.94846,7,-2,-74
1754123944.98446,3,0,-68
1754123945.02146,-2,-3,-64
1754123945.06046,0,0,-53
1754123945.0984602,-8,-1,-64
1754123945.1344602,-3,4,-63
1754123945.17246,3,-2,-69
1754123945.2104602,3,-6,-74
1754123945.24946,6,-3,-71
1754123945.28546,1,-5,-62
1754123945.32346,-2,-2,-68
1754123945.36946,1,-2,-70
1754123945.40546,2,-7,-61
1754123945.44346,0,2,-65
1754123945.48146,0,6,-60
1754123945.52046,-1,-2,-64
1754123945.55846,-1,6,-67
1754123945.59446,-4,7,-64
1754123945.63246,-6,4,-72
1754123945.67046,-1,7,-63
1754123945.70946,2,2,-58
1754123945.74546,-2,-8,-60
1754123945.78346,-5,1,-61
1754123945.82146,-4,-1,-66
1754123945.86046,1,1,-69
1754123945.89846,5,4,-64
1754123945.9344602,0,8,-65
1754123945.97146,5,0,-61
1754123946.01046,1,3,-74
1754123946.04846,-2,1,-67
1754123946.08446,3,0,-69
1754123946.1214602,-3,-2,-67
1754123946.16046,-2,4,-62
1754123946.19646,-2,1,-66
1754123946.2334602,-1,-2,-60
1754123946.27146,0,3,-60
1754123946.31046,-3,0,-62
1754123946.34646,4,-5,-68
1754123946.38346,5,8,-69
1754123946.4214602,4,0,-61
1754123946.4604602,1,3,-65
1754123946.4964602,0,4,-64
1754123946.53346,-7,0,-69
1754123946.57146,-6,0,-70
1754123946.61046,-3,2,-67
1754123946.64646,-2,5,-65
1754123946.68346,2,9,-70
1754123946.72146,2,3,-71
1754123946.76046,-1,1,-64
1754123946.7964602,3,4,-68
1754123946.83346,1,1,-68
1754123946.8714602,-7,-2,-65
1754123946.91046,-4,5,-51
1754123946.94646,-3,0,-57
1754123946.98446,3,4,-59
1754123947.02246,3,1,-52
1754123947.06146,6,-3,-57
1754123947.09946,6,-7,-56
1754123947.13546,2,-3,-55
1754123947.17346,3,3,-58
1754123947.21146,2,4,-59
1754123947.25046,4,2,-55
1754123947.2864602,-1,-1,-58
1754123947.32446,-1,-2,-60
1754123947.36246,5,0,-63
1754123947.4014602,-2,6,-54
1754123947.43946,4,0,-66
1754123947.47546,4,2,-65
1754123947.5134602,-1,-2,-56
1754123947.55146,5,-1,-61
1754123947.59046,2,8,-63
1754123947.62646,5,2,-61
1754123947.66346,1,-4,-60
1754123947.70146,2,2,-56
1754123947.7404602,-1,0,-64
1754123947.7764602,-5,-6,-64
1754123947.81446,2,0,-62
1754123947.85246,0,-5,-72
1754123947.8914602,1,-6,-71
1754123947.92946,-3,0,-68
1754123947.96546,0,-4,-65
1754123948.0034602,7,1,-57
1754123948.0424602,-5,-2,-50
1754123948.08046,-1,1,-61
1754123948.11646,-5,-5,-61
1754123948.1544602,-1,-1,-63
1754123948.19246,-3,-3,-63
1754123948.23146,-8,4,-76
1754123948.2694602,-9,4,-60
1754123948.30546,-4,-2,-69
1754123948.34346,-5,1,-59
1754123948.3814602,-3,1,-68
1754123948.42046,1,1,-56
1754123948.45646,0,-3,-55
1754123948.49446,-2,1,-60
1754123948.5324602,0,-2,-57
1754123948.57146,-7,-1,-54
1754123948.60746,1,0,-52
1754123948.6444602,8,-1,-71
1754123948.68346,5,-1,-67
1754123948.72146,-3,-9,-57
1754123948.75746,0,-4,-67
1754123948.79546,1,-2,-59
1754123948.83346,7,2,-57
1754123948.8714602,5,1,-66
1754123948.91046,0,-3,-67
1754123948.94646,-4,-6,-65
1754123948.98446,-2,0,-67
1754123949.02246,5,-4,-60
1754123949.06146,3,-3,-63
1754123949.09746,-1,-5,-71
1754123949.13546,-4,-1,-62
1754123949.17346,0,-2,-55
1754123949.21146,-1,-2,-58
1754123949.25046,1,0,-64
1754123949.2864602,0,3,-55
1754123949.32346,0,-2,-59
1754123949.36246,-4,0,-61
1754123949.40046,0,1,-63
1754123949.43646,3,-2,-57
1754123949.47546,0,2,-66
1754123949.51246,3,0,-64
1754123949.55146,4,1,-65
1754123949.58746,4,-1,-63
1754123949.62546,1,-3,-67
1754123949.66246,6,-1,-64
1754123949.70146,-1,-3,-64
1754123949.73746,0,-1,-74
1754123949.77546,-5,0,-62
1754123949.81346,0,-3,-72
1754123949.85246,0,2,-66
1754123949.89046,2,-3,-68
1754123949.92646,2,3,-77
1754123949.9634602,-1,1,-63
1754123950.00246,0,-4,-74
1754123950.04046,4,-5,-66
1754123950.07646,-5,1,-55
1754123950.11446,2,-3,-53
1754123950.15346,-3,-3,-58
1754123950.19146,-1,-9,-62
1754123950.22746,3,1,-56
1754123950.26546,1,-5,-50
1754123950.30346,4,-4,-62
1754123950.3424602,-2,-3,-62
1754123950.38046,-3,4,-66
1754123950.41646,-3,2,-67
1754123950.45446,10,-1,-65
1754123950.49246,0,-8,-59
1754123950.53146,-3,0,-57
1754123950.56746,2,-3,-58
1754123950.6054602,-1,-2,-59
1754123950.64346,0,0,-71
1754123950.68246,3,-2,-66
1754123950.71846,2,1,-74
1754123950.75546,9,4,-62
1754123950.79346,2,-1,-53
1754123950.8324602,8,2,-60
1754123950.8714602,-1,4,-60
1754123950.9074602,1,5,-72
1754123950.9444602,-6,1,-62
1754123950.9834602,-10,0,-66
1754123951.02146,0,1,-65
1754123951.05746,4,-1,-64
1754123951.0954602,3,-1,-68
1754123951.13346,-1,-1,-62
1754123951.17246,-8,-5,-57
1754123951.20846,-3,-7,-57
1754123951.2464602,-5,-1,-60
1754123951.28446,-3,-2,-57
1754123951.3224602,4,-7,-63
1754123951.3614602,0,-5,-67
1754123951.39746,-1,0,-65
1754123951.43546,3,-1,-55
1754123951.4734602,-3,2,-54
1754123951.51246,-5,-1,-50
1754123951.54846,0,0,-42
1754123951.58646,-1,0,-53
1754123951.62346,3,-5,-57
1754123951.66246,2,-3,-61
1754123951.69846,0,-1,-61
1754123951.7364602,2,1,-63
1754123951.77546,-3,0,-74
1754123951.81346,0,-2,-74
1754123951.85146,0,2,-66
1754123951.88746,-1,-2,-62
1754123951.92546,0,-2,-65
1754123951.9634602,-1,1,-67
1754123952.00246,-6,-4,-58
1754123952.03846,0,-1,-62
1754123952.07646,-2,0,-62
1754123952.11446,-2,-1,-61
1754123952.15346,-2,2,-61
1754123952.19146,-3,-4,-63
1754123952.22746,-2,-3,-56
1754123952.26546,-5,0,-57
1754123952.30346,0,-2,-58
1754123952.3424602,0,1,-55
1754123952.3784602,-3,-1,-58
1754123952.41646,1,0,-69
1754123952.45446,2,0,-57
1754123952.4934602,0,3,-69
1754123952.53146,-3,2,-69
1754123952.56746,0,-3,-64
1754123952.6054602,11,-5,-67
1754123952.64346,2,0,-56
1754123952.68246,2,6,-59
1754123952.71846,0,3,-67
1754123952.75546,0,1,-65
1754123952.79346,1,2,-71
1754123952.8324602,0,-4,-67
1754123952.8684602,-5,-3,-71
1754123952.90646,-4,2,-67
1754123952.94546,0,6,-57
1754123952.9834602,-2,6,-64
1754123953.0194602,-2,-2,-58
1754123953.05846,3,0,-54
1754123953.0954602,-1,3,-59
1754123953.13346,-1,3,-62
1754123953.17246,-2,-5,-67
1754123953.20846,0,0,-72
1754123953.24546,-2,-5,-65
1754123953.28346,-3,2,-66
1754123953.3224602,0,-2,-63
1754123953.3584602,5,0,-66
1754123953.39546,1,2,-69
1754123953.43346,3,0,-62
1754123953.47246,2,-3,-64
1754123953.50846,-5,-1,-67
1754123953.5464602,-4,0,-65
1754123953.58446,-2,3,-64
1754123953.62346,9,-3,-67
1754123953.65946,-3,-6,-64
1754123953.6974602,-1,-1,-75
1754123953.7364602,-6,2,-69
1754123953.77346,-6,1,-59
1754123953.8124602,-10,6,-53
1754123953.8484602,-1,1,-62
1754123953.88646,-3,-2,-64
1754123953.9244602,-4,3,-59
1754123953.9634602,-7,8,-61
1754123953.99946,-8,14,-67
1754123954.03746,-3,1,-62
1754123954.0754602,0,-2,-73
1754123954.11446,3,-3,-66
1754123954.15246,1,-3,-58
1754123954.18846,-1,-2,-49
1754123954.22646,-4,-6,-67
1754123954.26446,0,0,-66
1754123954.30346,3,2,-60
1754123954.33946,-6,9,-66
1754123954.3784602,1,0,-67
1754123954.41546,-3,3,-76
1754123954.45446,-4,-12,-67
1754123954.49246,-1,1,-58
1754123954.52846,2,1,-72
1754123954.5654602,6,-4,-67
1754123954.60446,4,-1,-59
1754123954.64246,0,-1,-60
1754123954.67846,-1,3,-58
1754123954.71646,-4,0,-62
1754123954.75446,-5,-2,-59
1754123954.79346,-1,3,-56
1754123954.82946,-4,-2,-54
1754123954.86746,-4,-3,-61
1754123954.90546,-5,3,-61
1754123954.9444602,-2,0,-68
1754123954.98246,-3,-1,-54
1754123955.01846,-1,-2,-63
1754123955.05646,4,1,-71
1754123955.0954602,6,-2,-63
1754123955.13346,3,-3,-65
1754123955.17246,-3,-2,-61
1754123955.2104602,2,0,-68
1754123955.24746,1,0,-68
1754123955.28546,0,-4,-84
1754123955.32446,2,-3,-71
1754123955.36046,-7,-4,-71
1754123955.4114602,-3,2,-74
1754123955.4474602,-1,-2,-63
1754123955.48546,0,2,-67
1754123955.52446,-1,-2,-64
1754123955.56046,-1,-5,-60
1754123955.5984602,7,-3,-60
1754123955.63646,-6,0,-69
1754123955.6744602,2,5,-68
1754123955.7134602,4,2,-72
1754123955.74946,1,4,-62
1754123955.7864602,2,-3,-62
1754123955.82446,-5,2,-71
1754123955.86346,0,1,-70
1754123955.89946,-1,-2,-68
1754123955.9374602,3,0,-59
1754123955.97546,4,-2,-70
1754123956.01446,-1,-3,-63
1754123956.05046,-3,-3,-68
1754123956.0884602,3,-4,-63
1754123956.12646,4,0,-63
1754123956.16546,6,0,-58
1754123956.20346,1,1,-61
1754123956.23946,-8,2,-74
1754123956.27746,-4,5,-73
1754123956.3154602,-7,1,-61
1754123956.35446,0,5,-56
1754123956.39046,3,1,-59
1754123956.4274602,-2,0,-63
1754123956.46546,7,0,-68
1754123956.50446,4,0,-62
1754123956.54046,2,-3,-58
1754123956.57846,-4,-2,-65
1754123956.61646,2,2,-60
1754123956.65546,-2,1,-62
1754123956.69346,-3,-1,-64
1754123956.72946,5,1,-56
1754123956.76746,3,7,-57
1754123956.80546,2,5,-66
1754123956.84446,2,-1,-74
1754123956.88046,-1,-4,-67
1754123956.91846,-8,1,-61
1754123956.9574602,-2,2,-67
1754123956.99546,-9,-5,-59
1754123957.03346,-7,-4,-65
1754123957.0694602,-3,5,-63
1754123957.10746,-2,3,-65
1754123957.14546,0,2,-63
1754123957.18346,-2,0,-61
1754123957.21946,5,1,-64
1754123957.25746,4,-3,-60
1754123957.29546,2,3,-62
1754123957.33446,4,1,-66
1754123957.37046,0,-3,-67
1754123957.4074602,-1,-1,-58
1754123957.44546,-2,1,-61
1754123957.48446,-4,-1,-54
1754123957.52046,1,4,-59
1754123957.55846,5,7,-75
1754123957.59646,4,0,-62
1754123957.63546,7,0,-64
1754123957.6714602,7,-1,-59
1754123957.7104602,3,-4,-58
1754123957.74746,0,-6,-62
1754123957.78546,-2,-4,-59
1754123957.82446,-7,-4,-64
1754123957.86046,-9,0,-63
1754123957.89846,-7,0,-63
1754123957.93646,-4,3,-56
1754123957.97546,-6,7,-58
1754123958.01146,-3,5,-63
1754123958.0494602,7,-4,-65
1754123958.08746,-1,-1,-65
1754123958.12546,7,3,-64
1754123958.1644602,-3,1,-70
1754123958.2004602,-1,0,-56
1754123958.23746,0,0,-66
1754123958.27546,7,-8,-59
1754123958.31446,-2,-6,-71
1754123958.35046,0,-1,-58
1754123958.3884602,4,-2,-62
1754123958.42646,4,-1,-58
1754123958.46546,4,1,-51
1754123958.50146,4,-1,-68
1754123958.53846,2,3,-64
1754123958.57646,-1,0,-67
1754123958.6154602,-4,6,-60
1754123958.6514602,-7,6,-63
1754123958.68846,-5,0,-65
1754123958.72646,1,-8,-53
1754123958.76546,6,-5,-64
1754123958.80146,7,-8,-59
1754123958.83946,-1,-3,-65
1754123958.87646,-3,-2,-65
1754123958.91546,-3,-2,-59
1754123958.95146,2,3,-65
1754123958.98946,3,7,-62
1754123959.0264602,-1,1,-57
1754123959.0654602,-1,-1,-70
1754123959.10146,-3,-1,-65
1754123959.13946,0,-3,-57
1754123959.1774602,0,-4,-64
1754123959.21646,-6,-2,-73
1754123959.25446,-1,0,-61
1754123959.29046,5,0,-63
1754123959.32746,-4,5,-64
1754123959.36646,4,1,-46
1754123959.4044602,4,-3,-59
1754123959.4404602,1,1,-57
1754123959.47846,-2,-3,-65
1754123959.5164602,6,1,-60
1754123959.55446,-4,-1,-63
1754123959.59046,-3,-6,-67
1754123959.6284602,2,-3,-74
1754123959.66646,5,0,-68
1754123959.70546,0,0,-56
1754123959.74146,0,0,-71
1754123959.77846,-3,0,-72
1754123959.81646,2,-2,-69
1754123959.8554602,4,0,-63
1754123959.8914602,5,-1,-66
1754123959.92946,0,0,-68
1754123959.9674602,-2,-3,-61
1754123960.0064602,0,0,-80
1754123960.0424602,-8,0,-66
1754123960.08046,0,2,-54
1754123960.1184602,-3,2,-71
1754123960.15646,-2,3,-67
1754123960.19546,-4,11,-67
1754123960.23146,-2,7,-74
1754123960.2694602,-1,-2,-80
1754123960.30746,-4,0,-67
1754123960.34646,-4,1,-66
1754123960.38246,-9,0,-58
1754123960.41946,-13,-3,-59
1754123960.4574602,-3,-4,-57
1754123960.4964602,-1,0,-65
1754123960.53546,4,-7,-77
1754123960.57146,3,-6,-76
1754123960.60946,0,-3,-65
1754123960.64746,-1,-1,-67
1754123960.68646,3,0,-75
1754123960.72246,2,-6,-75
1754123960.76046,0,-1,-67
1754123960.79846,2,0,-62
1754123960.83646,0,6,-74
1754123960.87546,1,0,-73
1754123960.9114602,0,0,-72
1754123960.94946,0,-7,-58
1754123960.98846,-1,-4,-65
1754123961.0264602,0,0,-59
1754123961.0624602,-2,-1,-59
1754123961.10046,-8,-1,-65
1754123961.1384602,2,-6,-64
1754123961.1774602,0,-11,-58
1754123961.21546,0,-4,-73
1754123961.25146,4,-1,-65
1754123961.2894602,3,1,-71
1754123961.32746,-3,0,-66
1754123961.36646,-4,2,-64
1754123961.40246,0,-6,-67
1754123961.4404602,-1,-7,-60
1754123961.47846,-2,-8,-67
1754123961.51746,-2,1,-75
1754123961.55546,6,0,-73
1754123961.59146,1,-2,-67
1754123961.6284602,6,3,-62
1754123961.6674602,3,0,-68
1754123961.70546,2,1,-67
1754123961.74146,3,-1,-63
1754123961.7794602,9,-3,-67
1754123961.81746,2,-7,-66
1754123961.85646,-3,-4,-67
1754123961.89246,-4,-1,-59
1754123961.93046,3,-1,-49
1754123961.96846,2,-7,-63
1754123962.00746,0,-4,-63
1754123962.04546,2,-4,-64
1754123962.08146,-6,3,-64
1754123962.11946,-5,-3,-69
1754123962.15846,6,-2,-69
1754123962.19646,3,-1,-68
1754123962.23246,-3,3,-62
1754123962.27146,3,-1,-61
1754123962.30846,-1,-3,-64
1754123962.34746,0,1,-70
1754123962.38346,-2,1,-65
1754123962.4214602,-2,-5,-58
1754123962.4604602,-3,0,-60
1754123962.49746,0,-3,-53
1754123962.5364602,1,0,-70
1754123962.5724602,2,1,-72
1754123962.6114602,5,-4,-76
1754123962.64846,-2,-2,-61
1754123962.6874602,-2,0,-55
1754123962.7234602,-4,5,-59
1754123962.76046,-2,3,-62
1754123962.79846,2,2,-67
1754123962.83746,4,1,-61
1754123962.87346,-2,-2,-68
1754123962.9114602,-2,-2,-58
1754123962.94946,-3,1,-67
1754123962.98746,-2,1,-62
1754123963.0264602,-7,0,-77
1754123963.0624602,0,-1,-66
1754123963.10046,9,2,-59
1754123963.1384602,-4,0,-58
1754123963.1774602,0,0,-56
1754123963.2134602,-3,-4,-60
1754123963.25246,-4,-2,-52
1754123963.2894602,0,-4,-67
1754123963.32846,5,-4,-71
1754123963.36646,3,-7,-60
1754123963.40246,1,0,-61
1754123963.43946,-2,-5,-71
1754123963.47846,0,3,-68
1754123963.5164602,3,0,-61
1754123963.5524602,0,2,-58
1754123963.59046,-6,-1,-53
1754123963.6284602,-5,0,-66
1754123963.66646,0,-2,-55
1754123963.70246,-1,2,-58
1754123963.7404602,3,-6,-64
1754123963.7794602,5,0,-73
1754123963.81746,7,-3,-61
1754123963.85346,1,-2,-69
1754123963.89046,0,2,-59
1754123963.92846,-1,-1,-60
1754123963.9674602,1,-6,-59
1754123964.0034602,-2,-6,-61
1754123964.04146,2,-6,-59
1754123964.07946,-1,-11,-61
1754123964.1184602,0,-6,-67
1754123964.15646,3,0,-66
1754123964.19246,2,4,-65
1754123964.22946,5,1,-65
1754123964.26846,2,-1,-70
1754123964.30646,-1,-2,-62
1754123964.3424602,3,1,-70
1754123964.37946,-3,0,-60
1754123964.41846,3,-7,-59
1754123964.45446,-1,-4,-59
1754123964.49246,-5,2,-67
1754123964.53046,8,3,-73
1754123964.56846,6,-3,-64
1754123964.60746,-1,-3,-58
1754123964.64346,-1,-6,-64
1754123964.68146,-2,-1,-64
1754123964.71946,-3,-7,-70
1754123964.75846,-3,4,-72
1754123964.79446,-3,0,-68
1754123964.8324602,-3,2,-68
1754123964.87046,-6,-4,-48
1754123964.90846,0,-4,-61
1754123964.9474602,-4,7,-72
1754123964.9834602,-2,6,-69
1754123965.02146,-2,3,-57
1754123965.06046,-5,0,-53
1754123965.0984602,-1,-5,-63
1754123965.1344602,-4,-3,-67
1754123965.17346,0,-3,-71
1754123965.2104602,-6,-3,-76
1754123965.24846,1,0,-75
1754123965.28746,8,1,-77
1754123965.32346,0,-2,-68
1754123965.3614602,0,2,-61
1754123965.39946,0,2,-64
1754123965.44346,6,3,-63
1754123965.48146,7,-1,-65
1754123965.52046,3,1,-53
1754123965.55846,1,-6,-62
1754123965.59446,3,-1,-61
1754123965.63246,-1,-2,-60
1754123965.67046,3,-5,-74
1754123965.70946,2,-1,-70
1754123965.74746,-4,-3,-57
1754123965.78346,-7,-3,-64
1754123965.82146,-7,-5,-61
1754123965.85946,-11,0,-60
1754123965.89846,-3,0,-64
1754123965.9344602,0,-3,-64
1754123965.9734602,-3,6,-58
1754123966.01046,1,4,-70
1754123966.0494602,-1,-5,-57
1754123966.08746,1,-2,-46
1754123966.12346,2,3,-56
1754123966.16046,-2,-1,-54
1754123966.19946,-6,-4,-73
1754123966.23746,-2,0,-62
1754123966.27346,2,6,-67
1754123966.31046,7,-2,-72
1754123966.34946,7,4,-75
1754123966.38746,-7,0,-62
1754123966.42346,-6,-6,-57
1754123966.46146,-1,-5,-72
1754123966.49946,-2,-3,-71
1754123966.53846,0,-2,-76
1754123966.57446,1,-4,-76
1754123966.6114602,0,-1,-65
1754123966.64946,5,-4,-61
1754123966.68846,0,1,-66
1754123966.72446,0,0,-60
1754123966.76146,6,4,-65
1754123966.80046,2,1,-64
1754123966.8384602,-7,3,-65
1754123966.87446,-10,3,-73
1754123966.91246,-1,4,-58
1754123966.9504602,-2,0,-61
1754123966.98946,-1,-3,-61
1754123967.0264602,-5,1,-61
1754123967.06346,-7,3,-62
1754123967.10146,-1,-5,-70
1754123967.13946,-1,-1,-68
1754123967.17846,-4,-5,-61
1754123967.21446,-8,-3,-61
1754123967.25246,0,2,-71
1754123967.29146,-1,-6,-52
1754123967.32946,7,-4,-53
1754123967.3654602,3,2,-60
1754123967.40346,3,-3,-52
1754123967.44146,10,-5,-51
1754123967.47946,5,-14,-53
1754123967.51846,4,1,-69
1754123967.55446,3,0,-61
1754123967.5924602,0,-9,-59
1754123967.63046,-4,-5,-52
1754123967.66946,1,-5,-55
1754123967.70546,-1,-3,-57
1754123967.7434602,-2,-2,-71
1754123967.78146,1,-1,-69
1754123967.82046,3,-4,-59
1754123967.8584602,0,0,-62
1754123967.8944602,3,0,-73
1754123967.93246,-7,-1,-80
1754123967.97146,-12,-1,-70
1754123968.0094602,-6,-4,-62
1754123968.04546,-4,0,-62
1754123968.08346,0,-2,-61
1754123968.1214602,-1,-5,-60
1754123968.16046,-7,0,-60
1754123968.19846,-9,-1,-59
1754123968.23446,-10,-2,-59
1754123968.27246,2,-8,-60
1754123968.31046,4,-3,-66
1754123968.34946,2,-3,-68
1754123968.38546,-1,-2,-65
1754123968.42346,0,-2,-78
1754123968.46146,-3,0,-61
1754123968.50046,1,2,-67
1754123968.53846,-6,4,-70
1754123968.5754602,2,-1,-60
1754123968.61246,3,-4,-53
1754123968.65046,5,3,-65
1754123968.68946,2,0,-65
1754123968.72546,6,0,-69
1754123968.76246,2,0,-53
1754123968.80046,3,-1,-62
1754123968.83946,-1,2,-62
1754123968.87546,3,4,-67
1754123968.91246,-2,0,-62
1754123968.9504602,1,0,-67
1754123968.98946,3,7,-74
1754123969.02546,-2,-1,-68
1754123969.06346,-4,0,-59
1754123969.10146,-1,2,-71
1754123969.14046,-1,0,-62
1754123969.17646,4,-6,-61
1754123969.21446,-7,5,-56
1754123969.25246,-8,4,-55
1754123969.29146,-6,-1,-64
1754123969.32946,0,0,-71
1754123969.3654602,-4,-5,-69
1754123969.4044602,-3,-4,-64
1754123969.44146,-2,-5,-64
1754123969.4804602,4,1,-59
1754123969.51746,3,-2,-57
1754123969.55446,-1,-1,-63
1754123969.5924602,-5,0,-66
1754123969.63046,0,0,-65
1754123969.66946,1,-2,-61
1754123969.70546,2,-2,-69
1754123969.7434602,-3,-1,-63
1754123969.7824602,-3,0,-74
1754123969.82046,-3,1,-69
1754123969.85646,1,2,-62
1754123969.89346,3,-2,-66
1754123969.93146,5,1,-62
1754123969.9704602,4,0,-58
1754123970.0064602,-1,2,-56
1754123970.04446,-6,-2,-61
1754123970.08346,0,-3,-70
1754123970.1214602,1,-7,-68
1754123970.15946,-8,-1,-66
1754123970.19546,-5,-5,-69
1754123970.2334602,4,0,-68
1754123970.27146,-2,0,-69
1754123970.31046,-3,1,-57
1754123970.34646,-5,4,-63
1754123970.38346,-2,-4,-66
1754123970.4214602,6,-2,-66
1754123970.4604602,-2,-7,-72
1754123970.4964602,3,-4,-68
1754123970.53346,3,-6,-64
1754123970.57146,3,-1,-54
1754123970.61046,3,-1,-60
1754123970.64646,5,0,-56
1754123970.68346,-4,3,-67
1754123970.72146,3,-2,-64
1754123970.76046,3,-2,-66
1754123970.7964602,-1,-1,-66
1754123970.83446,0,0,-62
1754123970.87246,0,-3,-68
1754123970.9114602,-2,0,-61
1754123970.94946,0,0,-67
1754123970.98546,-5,3,-57
1754123971.02346,-2,-3,-67
1754123971.06146,4,1,-67
1754123971.10046,5,0,-61
1754123971.13646,5,0,-58
1754123971.17346,0,-1,-65
1754123971.21146,4,-1,-60
1754123971.25046,4,2,-55
1754123971.2864602,4,2,-58
1754123971.32346,0,-6,-69
1754123971.3614602,11,-9,-73
1754123971.40046,-2,-5,-72
1754123971.43646,-8,3,-71
1754123971.47446,-3,0,-72
1754123971.51246,-5,-5,-58
1754123971.55146,-1,-3,-60
1754123971.58746,5,-1,-69
1754123971.62546,-4,-7,-57
1754123971.66346,-4,-11,-50
1754123971.70146,2,-1,-55
1754123971.7404602,4,0,-69
1754123971.7764602,0,-12,-64
1754123971.81446,-3,-9,-54
1754123971.85346,2,-2,-66
1754123971.8914602,4,1,-68
1754123971.9274602,0,-6,-56
1754123971.96446,0,-6,-69
1754123972.00246,-4,-4,-64
1754123972.04146,1,1,-68
1754123972.07746,-2,-5,-63
1754123972.1154602,-2,0,-63
1754123972.15346,-4,-2,-69
1754123972.19146,0,3,-69
1754123972.2304602,-1,6,-64
1754123972.2664602,4,7,-53
1754123972.30446,0,8,-66
1754123972.3424602,-3,1,-58
1754123972.3814602,-4,-4,-57
1754123972.4174602,0,-4,-62
1754123972.45546,-5,-1,-66
1754123972.4934602,-4,-4,-54
1754123972.5324602,-3,0,-63
1754123972.57046,-8,4,-76
1754123972.60646,-1,0,-70
1754123972.64346,-3,-4,-53
1754123972.68246,3,0,-63
1754123972.7204602,-3,1,-73
1754123972.7564602,-2,-4,-70
1754123972.79446,-3,-2,-66
1754123972.8324602,0,2,-63
1754123972.8714602,0,-2,-67
1754123972.9074602,2,0,-68
1754123972.9444602,0,-3,-67
1754123972.98246,5,4,-60
1754123973.02146,-1,3,-58
1754123973.05746,-2,3,-58
1754123973.09446,-5,-2,-60
1754123973.13246,-5,-2,-55
1754123973.1714602,5,0,-66
1754123973.2074602,5,1,-74
1754123973.24446,-6,-1,-61
1754123973.2824602,3,2,-60
1754123973.32146,6,0,-56
1754123973.35746,-2,2,-54
1754123973.39546,-3,1,-60
1754123973.43346,5,0,-54
1754123973.47246,-4,5,-62
1754123973.51046,-2,1,-63
1754123973.5464602,-2,0,-58
1754123973.5854602,-3,-1,-66
1754123973.62246,-8,-3,-61
1754123973.6614602,0,-7,-67
1754123973.6974602,4,-1,-62
1754123973.73546,0,-2,-65
1754123973.77346,3,0,-60
1754123973.8124602,-2,1,-63
1754123973.8484602,-3,-1,-67
1754123973.88646,-1,0,-62
1754123973.9244602,0,0,-72
1754123973.96246,-1,-4,-63
1754123974.00146,0,-2,-64
1754123974.03746,2,-1,-71
1754123974.07446,-1,0,-65
1754123974.11346,-1,-3,-71
1754123974.1514602,-3,0,-59
1754123974.1874602,2,-4,-62
1754123974.22446,-4,4,-72
1754123974.26246,1,4,-68
1754123974.30146,-2,4,-68
1754123974.33746,-8,3,-71
1754123974.37446,1,6,-65
1754123974.41246,0,-3,-60
1754123974.45146,0,-5,-68
1754123974.48746,0,-7,-65
1754123974.52546,-4,-5,-66
1754123974.5624602,1,-7,-69
1754123974.60146,4,-3,-67
1754123974.63746,-1,-2,-73
1754123974.67546,2,0,-64
1754123974.71446,0,-3,-61
1754123974.75246,3,0,-69
1754123974.78846,-4,0,-63
1754123974.82646,0,3,-55
1754123974.86446,2,1,-58
1754123974.90346,1,3,-74
1754123974.94146,-1,0,-70
1754123974.97746,0,3,-55
1754123975.01446,0,4,-53
1754123975.05346,-2,-1,-65
1754123975.09146,3,1,-65
1754123975.12746,-1,-3,-74
1754123975.16546,3,0,-61
1754123975.20346,2,-2,-64
1754123975.24246,4,-4,-68
1754123975.27846,-4,0,-66
1754123975.31646,4,3,-58
1754123975.3554602,1,0,-61
1754123975.39346,-3,1,-57
1754123975.43146,-1,-3,-65
1754123975.47546,0,-6,-62
1754123975.5134602,2,-2,-53
1754123975.5524602,-2,-1,-74
1754123975.5884602,2,1,-65
1754123975.62546,2,-3,-66
1754123975.6644602,5,2,-64
1754123975.70246,-4,3,-70
1754123975.73846,-7,2,-63
1754123975.7764602,-2,6,-64
1754123975.81446,-7,0,-60
1754123975.85346,-2,0,-67
1754123975.8914602,6,0,-60
1754123975.9274602,4,-5,-66
1754123975.96446,-3,0,-69
1754123976.0034602,3,3,-61
1754123976.0394602,4,-3,-65
1754123976.07746,5,-1,-66
1754123976.1154602,0,0,-61
1754123976.15346,0,4,-58
1754123976.19246,-3,0,-49
1754123976.22846,-4,-8,-57
1754123976.26746,-5,-3,-66
1754123976.30446,1,-8,-62
1754123976.34346,-5,-1,-63
1754123976.37946,-5,-3,-54
1754123976.4174602,-1,-2,-64
1754123976.45546,-1,6,-61
1754123976.4934602,-7,5,-56
1754123976.5324602,-4,2,-58
1754123976.56846,-1,3,-59
1754123976.60646,-1,0,-61
1754123976.6444602,-2,0,-61
1754123976.68346,-2,5,-68
1754123976.71946,3,2,-64
1754123976.7564602,0,-1,-71
1754123976.79446,-5,5,-78
1754123976.83346,4,2,-72
1754123976.86946,3,5,-76
1754123976.90646,0,1,-62
1754123976.9444602,-3,2,-73
1754123976.98446,0,-2,-60
1754123977.02246,7,6,-57
1754123977.05846,-4,6,-70
1754123977.09646,4,3,-64
1754123977.1344602,5,6,-72
1754123977.17346,2,0,-62
1754123977.20946,-2,-2,-64
1754123977.24746,1,2,-66
1754123977.2864602,0,-2,-53
1754123977.32446,-4,1,-65
1754123977.36246,-3,0,-64
1754123977.39846,-3,0,-65
1754123977.43646,-7,0,-67
1754123977.47446,-7,-1,-67
1754123977.5134602,-5,1,-69
1754123977.5494602,0,2,-65
1754123977.58646,-11,7,-61
1754123977.62446,-2,0,-67
1754123977.66346,-1,3,-79
1754123977.69946,-3,1,-67
1754123977.73746,5,-4,-64
1754123977.77546,2,5,-60
1754123977.81446,4,6,-65
1754123977.85246,1,1,-61
1754123977.8884602,0,-4,-63
1754123977.92546,-3,-3,-68
1754123977.96446,-10,0,-65
1754123978.00246,-6,-1,-75
1754123978.03846,-2,0,-72
1754123978.0754602,-1,-3,-62
1754123978.11446,0,-5,-62
1754123978.15246,-1,2,-63
1754123978.18846,-3,-7,-61
1754123978.22646,-7,2,-63
1754123978.26446,-4,2,-73
1754123978.30346,4,3,-64
1754123978.33946,3,7,-62
1754123978.37646,-9,-2,-67
1754123978.4144602,0,-4,-81
1754123978.45346,-4,-12,-71
1754123978.48946,-4,-3,-75
1754123978.52746,4,-4,-68
1754123978.5654602,0,0,-72
1754123978.60446,-1,-4,-58
1754123978.64046,-2,-1,-58
1754123978.67846,5,4,-67
1754123978.71646,2,-2,-63
1754123978.75446,1,-2,-72
1754123978.79346,-4,1,-69
1754123978.82946,-1,0,-63
1754123978.86746,1,0,-67
1754123978.90546,-7,3,-61
1754123978.9444602,-5,4,-57
1754123978.9804602,-2,7,-59
1754123979.01846,0,0,-60
1754123979.05646,-8,2,-58
1754123979.09446,-2,-1,-64
1754123979.13346,0,-10,-58
1754123979.16946,-3,-5,-67
1754123979.2074602,-5,-4,-71
1754123979.2464602,0,-11,-64
1754123979.28446,0,-3,-64
1754123979.32046,1,2,-77
1754123979.35746,-2,-7,-56
1754123979.39646,-3,-4,-61
1754123979.4344602,-4,-6,-69
1754123979.4704602,0,0,-71
1754123979.50746,0,0,-71
1754123979.5464602,-2,2,-60
1754123979.58446,-5,0,-65
1754123979.62046,-1,0,-62
1754123979.65846,-1,3,-50
1754123979.69646,-3,9,-63
1754123979.73546,0,0,-63
1754123979.77346,6,-6,-66
1754123979.8094602,9,0,-69
1754123979.84646,0,4,-70
1754123979.88546,1,6,-57
1754123979.92346,-2,4,-50
1754123979.95946,-1,2,-57
1754123979.99746,-4,-1,-58
1754123980.03546,0,1,-64
1754123980.07446,6,-1,-61
1754123980.11046,2,-9,-70
1754123980.14946,0,0,-76
1754123980.1874602,-4,2,-71
1754123980.22546,-5,0,-67
1754123980.2634602,-12,6,-65
1754123980.2994602,-10,2,-60
1754123980.33746,-5,-1,-63
1754123980.37546,-4,-6,-61
1754123980.4144602,4,-2,-59
1754123980.4504602,0,1,-57
1754123980.48746,-6,-5,-64
1754123980.52546,-4,-5,-71
1754123980.56446,-2,2,-63
1754123980.60046,3,10,-69
1754123980.63746,2,3,-70
1754123980.67546,3,0,-60
1754123980.71446,0,3,-65
1754123980.75046,3,0,-61
1754123980.78746,0,3,-72
1754123980.8254602,-5,-4,-57
1754123980.86446,-1,2,-55
1754123980.90046,-5,2,-64
1754123980.9374602,-4,7,-69
1754123980.97546,-2,-1,-76
1754123981.01446,-1,-1,-77
1754123981.05046,-4,0,-74
1754123981.0884602,-2,0,-65
1754123981.12646,-4,1,-60
1754123981.16546,-4,-11,-63
1754123981.20146,-7,-3,-63
1754123981.23946,1,0,-68
1754123981.27746,3,0,-65
1754123981.3154602,-5,1,-63
1754123981.35146,0,2,-66
1754123981.3884602,0,3,-65
1754123981.42646,-1,-3,-74
1754123981.46546,-1,-1,-65
1754123981.50146,-2,-7,-63
1754123981.54046,-3,-3,-61
1754123981.57746,0,2,-57
1754123981.61646,-1,-3,-53
1754123981.6544602,-7,-2,-58
1754123981.6904602,-4,10,-57
1754123981.72846,-6,10,-58
1754123981.7664602,-8,0,-50
1754123981.80546,-5,-8,-54
1754123981.84146,-4,-1,-54
1754123981.87946,-1,-4,-58
1754123981.9174602,-2,-5,-60
1754123981.95646,-3,-6,-61
1754123981.99446,0,0,-63
1754123982.03046,0,5,-67
1754123982.06846,-7,3,-63
1754123982.10646,-3,-2,-60
1754123982.14546,-1,2,-59
1754123982.18146,7,6,-60
1754123982.21846,1,3,-61
1754123982.2564602,-5,0,-58
1754123982.29546,-8,-5,-54
1754123982.33146,-4,0,-59
1754123982.3684602,4,-2,-66
1754123982.40646,0,1,-71
1754123982.44546,-2,0,-69
1754123982.48146,-2,3,-65
1754123982.51846,-5,-1,-63
1754123982.55646,-4,1,-58
1754123982.5954602,-4,3,-65
1754123982.6314602,-1,1,-68
1754123982.66946,3,-3,-61
1754123982.70646,0,-3,-72
1754123982.74546,-3,1,-63
1754123982.78146,0,6,-61
1754123982.8194602,3,7,-65
1754123982.85646,-3,0,-70
1754123982.89546,-8,-7,-65
1754123982.93146,-9,-1,-62
1754123982.96946,-5,6,-61
1754123983.00746,-7,5,-58
1754123983.0464602,1,-5,-59
1754123983.0824602,6,-4,-74
1754123983.11946,3,-2,-70
1754123983.1574602,-5,0,-67
1754123983.19646,-1,2,-65
1754123983.23246,0,0,-63
1754123983.2694602,-1,2,-60
1754123983.30746,-9,-2,-66
1754123983.34646,-6,0,-64
1754123983.38246,-1,-7,-69
1754123983.42046,5,2,-61
1754123983.45846,2,1,-57
1754123983.4964602,-5,0,-65
1754123983.53546,-6,-1,-64
1754123983.57146,-4,3,-69
1754123983.60946,5,3,-71
1754123983.64746,6,-9,-60
1754123983.68646,-1,-4,-63
1754123983.72246,0,-1,-66
1754123983.76046,8,0,-66
1754123983.7994602,-2,0,-68
1754123983.83746,-9,2,-79
1754123983.87546,0,0,-79
1754123983.9114602,-1,-2,-78
1754123983.94946,-7,3,-68
1754123983.98746,-2,6,-61
1754123984.0264602,2,3,-59
1754123984.0624602,3,1,-58
1754123984.09946,-8,4,-62
1754123984.13746,-7,3,-67
1754123984.17646,-5,-6,-62
1754123984.21246,-4,-2,-69
1754123984.25046,-3,0,-65
1754123984.28846,-2,-2,-69
1754123984.32746,2,-4,-71
1754123984.3654602,1,-6,-65
1754123984.4014602,5,0,-59
1754123984.43846,7,-1,-68
1754123984.47746,-2,0,-65
1754123984.51546,0,0,-66
1754123984.55146,-2,-2,-66
1754123984.58946,3,0,-67
1754123984.62746,2,0,-68
1754123984.66646,0,0,-65
1754123984.70246,0,3,-66
1754123984.7404602,-9,1,-59
1754123984.77846,-8,1,-63
1754123984.81746,-8,0,-52
1754123984.8554602,5,1,-62
1754123984.8914602,3,-8,-55
1754123984.92846,5,0,-67
1754123984.9674602,0,-1,-67
1754123985.00546,0,-1,-70
1754123985.04146,2,-2,-61
1754123985.07946,-2,-1,-64
1754123985.11746,0,-5,-72
1754123985.15346,-9,-2,-72
1754123985.19146,0,-10,-63
1754123985.22946,9,0,-55
1754123985.26746,-1,-1,-65
1754123985.30646,0,4,-73
1754123985.3424602,1,-2,-64
1754123985.38046,0,-5,-65
1754123985.41846,6,-2,-62
1754123985.4574602,-3,-4,-59
1754123985.50046,-7,-5,-59
1754123985.5394602,-1,-1,-56
1754123985.57746,2,6,-56
1754123985.61346,4,6,-57
1754123985.65046,-2,-3,-63
1754123985.68846,-8,-1,-65
1754123985.72746,-5,-4,-57
1754123985.7634602,-1,4,-73
1754123985.80146,8,7,-68
1754123985.83946,-3,-1,-67
1754123985.87746,-6,-4,-58
1754123985.91646,-4,2,-49
1754123985.95246,-4,-1,-66
1754123985.9904602,-2,-6,-76
1754123986.02846,-7,-1,-75
1754123986.06746,-2,-5,-63
1754123986.10346,-2,2,-58
1754123986.14046,-3,0,-62
1754123986.17846,0,0,-70
1754123986.2174602,-1,-3,-76
1754123986.2534602,-2,4,-67
1754123986.29146,0,-1,-66
1754123986.32946,-5,-5,-65
1754123986.3684602,-2,-3,-61
1754123986.40646,-3,0,-65
1754123986.44246,-1,0,-76
1754123986.4804602,5,0,-58
1754123986.51846,1,1,-55
1754123986.55746,3,2,-62
1754123986.59346,9,8,-58
1754123986.63246,7,5,-64
1754123986.67046,9,8,-60
1754123986.70846,3,4,-64
1754123986.7464602,-2,-5,-73
1754123986.7824602,2,0,-75
1754123986.82046,11,1,-68
1754123986.8584602,11,4,-62
1754123986.89646,-5,0,-74
1754123986.93246,0,-3,-61
1754123986.9704602,3,-5,-63
1754123987.00846,2,-7,-61
1754123987.0464602,0,3,-64
1754123987.0824602,-4,3,-64
1754123987.1214602,-2,-2,-61
1754123987.15946,1,0,-67
1754123987.19846,0,2,-70
1754123987.2364602,-2,8,-66
1754123987.27346,-6,4,-68
1754123987.3124602,-2,3,-64
1754123987.34946,4,5,-65
1754123987.3884602,-3,7,-60
1754123987.4244602,-1,2,-66
1754123987.46246,-2,6,-58
1754123987.50046,-1,5,-66
1754123987.53846,1,9,-64
1754123987.57746,3,12,-54
1754123987.61346,3,5,-49
1754123987.6514602,-1,-1,-58
1754123987.6904602,-11,1,-63
1754123987.72846,2,0,-56
1754123987.76546,-1,1,-52
1754123987.8024602,-3,0,-53
1754123987.84046,0,1,-65
1754123987.87946,0,-2,-66
1754123987.9174602,-3,-3,-72
1754123987.95346,-4,0,-62
1754123987.99146,0,3,-58
1754123988.0294602,-4,0,-58
1754123988.06846,-1,-3,-54
1754123988.10446,2,-5,-59
1754123988.14246,0,0,-67
1754123988.18046,-5,-8,-59
1754123988.21846,2,-5,-70
1754123988.25746,0,-1,-58
1754123988.29346,5,-6,-61
1754123988.33146,0,-8,-56
1754123988.36946,0,-6,-65
1754123988.40846,8,-9,-68
1754123988.4444602,8,-4,-63
1754123988.4834602,-1,4,-61
1754123988.52046,-3,-1,-63
1754123988.5594602,1,-2,-59
1754123988.59746,2,-6,-57
1754123988.63346,-1,-2,-60
1754123988.6714602,0,9,-60
1754123988.70946,-5,4,-58
1754123988.74846,-5,-10,-71
1754123988.78446,0,-6,-64
1754123988.8224602,-3,-2,-44
1754123988.86046,-4,2,-58
1754123988.89946,-4,-5,-63
1754123988.9374602,-1,0,-62
1754123988.9734602,1,4,-73
1754123989.01046,1,4,-61
1754123989.0494602,-5,-8,-57
1754123989.08746,0,-4,-66
1754123989.12346,0,-7,-57
1754123989.16046,-3,-4,-56
1754123989.19946,0,6,-57
1754123989.23746,0,6,-47
1754123989.27346,3,3,-63
1754123989.31146,-6,4,-68
1754123989.35046,-4,5,-67
1754123989.3884602,3,1,-61
1754123989.4244602,-1,0,-66
1754123989.46146,1,2,-59
1754123989.50046,-5,0,-65
1754123989.53846,-8,0,-61
1754123989.57446,0,8,-56
1754123989.61346,-5,4,-75
1754123989.65046,-2,-8,-76
1754123989.68946,2,1,-65
1754123989.72546,-1,1,-64
1754123989.7634602,-2,-2,-66
1754123989.80146,-1,-3,-48
1754123989.83946,-7,1,-57
1754123989.8784602,1,4,-56
1754123989.9144602,3,-1,-62
1754123989.95246,2,2,-66
1754123989.99146,2,5,-67
1754123990.0294602,-4,5,-65
1754123990.0654602,-3,1,-67
1754123990.10446,0,-4,-68
1754123990.1414602,-1,-1,-53
1754123990.18046,0,0,-61
1754123990.21846,0,1,-58
1754123990.25446,2,3,-55
1754123990.29146,2,0,-74
1754123990.33046,-3,-1,-57
1754123990.3684602,-3,-3,-70
1754123990.4044602,3,-2,-78
1754123990.44146,0,-9,-73
1754123990.4804602,-4,7,-65
1754123990.51846,2,1,-66
1754123990.55446,-2,2,-70
1754123990.59146,5,-2,-67
1754123990.63046,6,0,-63
1754123990.66846,0,3,-65
1754123990.70446,6,4,-57
1754123990.74146,-1,0,-65
1754123990.78046,-8,3,-59
1754123990.81846,0,0,-63
1754123990.85446,0,-4,-61
1754123990.89246,-5,-4,-72
1754123990.93046,-1,-2,-57
1754123990.96946,-3,-9,-56
1754123991.00546,-5,0,-58
1754123991.04346,7,-7,-57
1754123991.08146,8,1,-59
1754123991.12046,4,2,-57
1754123991.15846,1,0,-69
1754123991.1944602,0,1,-69
1754123991.23246,2,2,-54
1754123991.27046,0,5,-54
1754123991.3094602,-1,5,-63
1754123991.3454602,-3,1,-62
1754123991.3844602,-3,-4,-66
1754123991.42246,-10,-2,-53
1754123991.4604602,-5,2,-58
1754123991.49946,-3,2,-70
1754123991.53546,0,-2,-58
1754123991.57346,2,-1,-58
1754123991.6114602,-1,0,-62
1754123991.65046,4,0,-56
1754123991.68846,0,1,-63
1754123991.72446,6,-1,-61
1754123991.76246,0,2,-63
1754123991.80146,0,2,-67
1754123991.83946,2,-3,-59
1754123991.87546,2,-4,-68
1754123991.9144602,4,-1,-64
1754123991.95146,4,-4,-61
1754123991.9904602,0,-9,-52
1754123992.0264602,0,-5,-58
1754123992.06446,-1,-7,-56
1754123992.10246,0,-4,-70
1754123992.14046,3,-3,-68
1754123992.17946,0,0,-65
1754123992.21546,0,2,-60
1754123992.25246,-4,0,-67
1754123992.29046,2,4,-69
1754123992.32946,3,8,-70
1754123992.3654602,8,-2,-69
1754123992.40246,3,0,-62
1754123992.4404602,7,3,-54
1754123992.47946,-2,-4,-54
1754123992.51546,-10,-1,-57
1754123992.55346,0,1,-65
1754123992.59146,0,3,-69
1754123992.63046,0,0,-68
1754123992.66646,0,0,-68
1754123992.70546,2,-4,-60
1754123992.74246,-3,-7,-60
1754123992.78146,4,-5,-61
1754123992.8194602,-1,-2,-52
1754123992.8554602,1,-2,-71
1754123992.89346,4,-1,-68
1754123992.93146,14,-6,-66
1754123992.9704602,2,-7,-62
1754123993.0064602,2,-1,-62
1754123993.04446,-5,-4,-71
1754123993.0824602,0,-4,-67
1754123993.1214602,-5,-3,-66
1754123993.15946,-5,0,-63
1754123993.19546,-6,4,-64
1754123993.2334602,-8,0,-69
1754123993.27246,-6,0,-64
1754123993.31046,5,0,-65
1754123993.34646,2,-13,-61
1754123993.3844602,-8,-1,-61
1754123993.42246,-6,-2,-55
1754123993.46146,-2,2,-64
1754123993.49946,-4,-3,-69
1754123993.53546,-2,-2,-70
1754123993.57346,1,-1,-61
1754123993.6114602,0,0,-48
1754123993.65046,-2,0,-57
1754123993.68646,-3,0,-63
1754123993.72546,-3,-2,-63
1754123993.76246,1,-2,-54
1754123993.80146,-7,-4,-51
1754123993.83946,-9,0,-60
1754123993.87546,-1,-3,-66
1754123993.9144602,2,-4,-68
1754123993.95146,-5,-7,-63
1754123993.9904602,4,-8,-61
1754123994.0264602,5,-6,-67
1754123994.06446,3,0,-59
1754123994.10246,-2,0,-74
1754123994.1414602,1,0,-67
1754123994.17946,1,0,-75
1754123994.21546,-2,-5,-70
1754123994.2534602,0,2,-70
1754123994.2924602,0,-3,-56
1754123994.33046,0,-6,-70
1754123994.36646,-5,-9,-66
1754123994.4044602,-5,-4,-66
1754123994.44246,-7,2,-60
1754123994.48146,-15,0,-65
1754123994.51746,-3,0,-61
1754123994.55546,0,-1,-62
1754123994.59346,3,5,-64
1754123994.6314602,4,1,-62
1754123994.67046,10,1,-57
1754123994.70646,6,1,-51
1754123994.7434602,-1,4,-62
1754123994.78146,3,-2,-61
1754123994.82046,6,-1,-61
1754123994.85646,0,1,-63
1754123994.89346,-2,0,-57
1754123994.93146,-4,0,-53
1754123994.9704602,-3,-3,-52
1754123995.0064602,-3,2,-63
1754123995.04446,2,2,-61
1754123995.0824602,-3,2,-64
1754123995.1214602,4,-3,-49
1754123995.1574602,-6,-5,-53
1754123995.19546,5,0,-67
1754123995.2334602,0,0,-56
1754123995.27246,-5,-2,-56
1754123995.31046,5,2,-55
1754123995.34646,1,4,-66
1754123995.38346,-1,-1,-56
1754123995.42246,1,0,-63
1754123995.4604602,-2,1,-50
1754123995.50446,-6,0,-74
1754123995.54346,-4,2,-60
1754123995.58146,-5,2,-58
1754123995.61746,-5,-4,-62
1754123995.65546,-1,-5,-59
1754123995.69346,0,-3,-56
1754123995.73246,-1,2,-66
1754123995.77046,-1,0,-69
1754123995.80646,-6,2,-67
1754123995.84446,5,-3,-67
1754123995.88246,4,1,-67
1754123995.9214602,0,0,-73
1754123995.9574602,3,2,-76
1754123995.99446,0,5,-59
1754123996.0324602,-9,-1,-66
1754123996.07146,-7,7,-69
1754123996.1084602,5,0,-57
1754123996.14546,0,0,-64
1754123996.18346,1,4,-62
1754123996.22246,3,4,-59
1754123996.26046,0,2,-63
1754123996.2964602,5,0,-59
1754123996.3354602,1,-2,-63
1754123996.37246,6,0,-60
1754123996.4114602,2,1,-55
1754123996.4474602,-3,0,-63
1754123996.48546,-4,0,-61
1754123996.52346,-2,0,-60
1754123996.5624602,-5,-6,-60
1754123996.5984602,-9,1,-72
1754123996.63646,-7,6,-62
1754123996.6744602,2,5,-72
1754123996.71246,6,3,-74
1754123996.75146,-5,1,-73
1754123996.78746,-11,-4,-61
1754123996.82646,-6,-1,-59
1754123996.86346,2,-6,-58
1754123996.90246,2,-5,-53
1754123996.93846,4,-4,-55
1754123996.97646,4,-7,-62
1754123997.01546,-1,-1,-61
1754123997.0524602,0,-2,-66
1754123997.09146,2,0,-64
1754123997.12746,0,0,-67
1754123997.16546,4,-2,-59
1754123997.20246,9,-2,-71
1754123997.24146,2,-3,-61
1754123997.27746,-3,-2,-62
1754123997.3154602,-3,-2,-64
1754123997.35346,-2,-1,-56
1754123997.39246,0,1,-66
1754123997.42846,0,0,-67
1754123997.46546,2,-2,-61
1754123997.5034602,4,-7,-61
1754123997.5424602,0,3,-65
1754123997.57846,1,-1,-52
1754123997.6154602,0,-2,-64
1754123997.65346,-4,-9,-71
1754123997.69246,2,0,-70
1754123997.72846,0,-4,-68
1754123997.76546,-1,-1,-64
1754123997.80346,-3,-3,-61
1754123997.8424602,-2,-2,-65
1754123997.8784602,0,-4,-67
1754123997.91646,-3,-2,-65
1754123997.95446,-3,-1,-64
1754123997.9934602,-5,0,-65
1754123998.03146,3,0,-56
1754123998.06746,-3,0,-53
1754123998.1054602,-6,-6,-66
1754123998.14346,-8,-4,-61
1754123998.18246,0,0,-64
1754123998.21846,-2,3,-61
1754123998.2564602,-6,0,-66
1754123998.29446,-7,2,-72
1754123998.33346,-1,0,-75
1754123998.3714602,0,-7,-58
1754123998.4074602,0,-6,-60
1754123998.44546,1,-1,-65
1754123998.48446,0,-2,-70
1754123998.52246,4,-2,-68
1754123998.55846,-1,-3,-56
1754123998.59646,1,-1,-61
1754123998.6344602,2,-4,-55
1754123998.67346,-2,-2,-62
1754123998.71146,-5,-10,-67
1754123998.74746,-2,-2,-64
1754123998.78546,0,-2,-78
1754123998.82346,2,-4,-70
1754123998.86246,0,-8,-67
1754123998.89846,-4,0,-61
1754123998.93646,-1,-4,-67
1754123998.97446,-4,-3,-62
1754123999.0134602,0,-1,-61
1754123999.0494602,4,0,-61
1754123999.08646,-4,-3,-61
1754123999.12446,-7,-8,-52
1754123999.16346,-4,-4,-60
1754123999.19946,-2,-8,-63
1754123999.23746,-4,-1,-61
1754123999.27546,1,-3,-62
1754123999.31346,5,2,-65
1754123999.35246,-2,0,-72
1754123999.3884602,2,4,-71
1754123999.42546,3,5,-65
1754123999.4634602,0,7,-58
1754123999.50246,-3,3,-56
1754123999.53846,-1,9,-62
1754123999.57646,0,0,-55
1754123999.61446,0,-6,-61
1754123999.65246,0,-2,-65
1754123999.68846,0,-4,-67
1754123999.72646,1,4,-63
1754123999.76546,-8,0,-64
1754123999.80346,-5,0,-57
1754123999.83946,0,2,-60
1754123999.87646,0,0,-63
1754123999.91546,6,-1,-51
1754123999.95346,6,0,-55
1754123999.98946,0,4,-68
1754124000.0264602,6,0,-64
1754124000.06446,-1,0,-68
1754124000.10346,0,-2,-65
1754124000.13946,1,1,-67
1754124000.17646,-2,-2,-58
1754124000.21446,-1,0,-61
1754124000.2534602,2,-6,-64
1754124000.2894602,3,0,-61
1754124000.32746,-5,0,-66
1754124000.3654602,-6,2,-57
1754124000.4044602,-4,0,-72
1754124000.44246,-3,-4,-74
1754124000.47846,-6,-4,-70
1754124000.5164602,-4,5,-56
1754124000.55546,-1,-2,-64
1754124000.59346,-8,0,-65
1754124000.62946,-3,-3,-64
1754124000.6674602,0,-3,-73
1754124000.70546,-2,-1,-72
1754124000.74446,0,7,-59
1754124000.7824602,6,0,-64
1754124000.81846,-1,-4,-55
1754124000.85646,-4,2,-63
1754124000.8944602,3,2,-67
1754124000.93346,0,-3,-63
1754124000.96946,2,-4,-64
1754124001.0064602,-2,-9,-64
1754124001.04446,0,-3,-63
1754124001.08346,4,0,-61
1754124001.11946,0,-3,-60
1754124001.15646,8,-3,-59
1754124001.1944602,0,0,-56
1754124001.2334602,2,-1,-73
1754124001.2694602,-4,-2,-65
1754124001.30746,-4,-2,-57
1754124001.3454602,6,2,-61
1754124001.3844602,6,-3,-60
1754124001.42046,-2,-3,-59
1754124001.45846,-4,-6,-64
1754124001.49746,-3,1,-67
1754124001.53446,-4,2,-62
1754124001.57346,-1,0,-66
1754124001.60946,3,-5,-65
1754124001.64746,-1,-6,-58
1754124001.68546,-2,0,-67
1754124001.72446,5,-3,-69
1754124001.76046,-1,-3,-72
1754124001.79846,-1,0,-61
1754124001.83646,-6,0,-71
1754124001.87446,-10,-1,-66
1754124001.91346,-6,-6,-66
1754124001.94946,3,2,-69
1754124001.9864602,-1,0,-67
1754124002.02446,0,1,-57
1754124002.06346,-6,-2,-62
1754124002.09946,-5,-2,-61
1754124002.13746,-5,1,-51
1754124002.17646,-9,0,-56
1754124002.21446,-7,0,-57
1754124002.25046,-6,1,-60
1754124002.28846,0,-6,-61
1754124002.32646,-4,3,-55
1754124002.3654602,0,3,-68
1754124002.40346,2,0,-70
1754124002.43946,0,-7,-66
1754124002.47746,0,3,-63
1754124002.51546,2,2,-66
1754124002.55446,-5,-2,-62
1754124002.59046,-1,-4,-64
1754124002.6284602,-1,0,-65
1754124002.66646,0,-5,-63
1754124002.70546,2,1,-60
1754124002.7434602,1,3,-63
1754124002.7794602,0,3,-67
1754124002.81746,-5,5,-62
1754124002.85646,-3,1,-55
1754124002.8944602,-4,-2,-68
1754124002.93046,-3,7,-64
1754124002.96846,0,0,-77
1754124003.0064602,-3,1,-65
1754124003.04546,-9,1,-66
1754124003.08346,-7,-4,-61
1754124003.11946,-5,2,-62
1754124003.1574602,-2,-1,-62
1754124003.19546,-2,-4,-56
1754124003.23446,-3,0,-56
1754124003.27046,3,9,-70
1754124003.30846,-2,-1,-73
1754124003.34646,-9,-3,-63
1754124003.38546,-11,3,-56
1754124003.4214602,-2,-5,-61
1754124003.45946,6,6,-61
1754124003.49846,0,5,-64
1754124003.53546,2,6,-60
1754124003.57446,7,2,-60
1754124003.61046,4,2,-70
1754124003.64846,-1,-1,-68
1754124003.68546,1,2,-64
1754124003.72446,4,-8,-66
1754124003.76046,6,-7,-57
1754124003.79846,8,-1,-59
1754124003.83646,1,-1,-59
1754124003.87546,1,5,-60
1754124003.9114602,0,1,-66
1754124003.94846,0,0,-61
1754124003.9864602,6,-2,-54
1754124004.02546,2,0,-55
1754124004.06146,3,-2,-60
1754124004.09946,-2,2,-69
1754124004.13746,-4,5,-70
1754124004.17646,-1,2,-64
1754124004.21446,-1,1,-73
1754124004.25046,-3,-1,-64
1754124004.2894602,-7,4,-62
1754124004.32646,-6,0,-55
1754124004.3654602,-9,-3,-48
1754124004.4014602,3,-1,-59
1754124004.43946,4,-2,-63
1754124004.47746,-3,4,-68
1754124004.5164602,-5,0,-56
1754124004.55446,-1,0,-71
1754124004.59046,-3,1,-64
1754124004.6284602,-3,-2,-64
1754124004.66646,-2,-10,-56
1754124004.70546,0,-5,-53
1754124004.74146,0,-3,-63
1754124004.7794602,7,0,-54
1754124004.81846,-1,0,-49
1754124004.85646,-1,5,-54
1754124004.8944602,-3,2,-65
1754124004.93046,-6,-1,-62
1754124004.96846,3,2,-73
1754124005.0064602,0,0,-56
1754124005.04546,-10,0,-63
1754124005.08146,-5,-1,-66
1754124005.11946,-4,-7,-66
1754124005.1574602,1,-4,-70
1754124005.19646,-5,-8,-66
1754124005.23446,-3,-4,-65
1754124005.27046,-3,-4,-59
1754124005.30846,-1,2,-69
1754124005.34646,-4,0,-71
1754124005.38546,-2,1,-70
1754124005.4214602,-4,-3,-81
1754124005.45946,-9,-4,-69
1754124005.49846,2,3,-66
1754124005.5424602,-1,2,-53
1754124005.58046,3,-2,-66
1754124005.6184602,0,1,-59
1754124005.65646,-2,-6,-55
1754124005.6944602,-1,-4,-63
1754124005.73146,-9,-3,-64
1754124005.76846,-3,-4,-79
1754124005.80646,0,2,-66
1754124005.8454602,0,-5,-58
1754124005.8814602,2,-1,-67
1754124005.91946,3,1,-70
1754124005.9574602,8,5,-75
1754124005.9964602,5,6,-61
1754124006.0324602,-1,6,-64
1754124006.0694602,0,0,-65
1754124006.10746,-2,2,-75
1754124006.14646,3,2,-65
1754124006.18246,-7,0,-56
1754124006.2204602,-7,-2,-64
1754124006.25846,0,3,-58
1754124006.2964602,0,-1,-60
1754124006.3354602,1,-6,-62
1754124006.37246,4,-3,-75
1754124006.41046,-1,-8,-67
1754124006.44846,-1,-1,-68
1754124006.4864602,1,4,-59
1754124006.52546,5,4,-58
1754124006.56146,1,2,-62
1754124006.59946,-6,0,-66
1754124006.6384602,0,4,-71
1754124006.67646,4,2,-73
1754124006.71246,0,1,-63
1754124006.74946,-3,2,-54
1754124006.78746,-3,2,-65
1754124006.82646,4,7,-61
1754124006.86246,2,8,-73
1754124006.89946,-1,4,-64
1754124006.9374602,4,-1,-57
1754124006.97646,-2,3,-59
1754124007.01246,0,-5,-60
1754124007.05146,9,-8,-75
1754124007.0884602,-8,0,-59
1754124007.12746,-6,1,-57
1754124007.16546,0,-1,-67
1754124007.20146,-7,-5,-64
1754124007.23946,1,-10,-48
1754124007.27746,7,-10,-53
1754124007.31646,0,0,-67
1754124007.35246,-1,-2,-60
1754124007.39046,-4,-6,-60
1754124007.4274602,5,-1,-65
1754124007.46646,0,-3,-62
1754124007.50246,-5,0,-60
1754124007.54046,0,0,-65
1754124007.57846,4,2,-63
1754124007.61746,-2,5,-63
1754124007.65546,1,6,-70
1754124007.69146,3,-1,-66
1754124007.72846,-3,2,-67
1754124007.76746,3,3,-60
1754124007.80546,2,5,-68
1754124007.84146,0,0,-79
1754124007.8784602,0,2,-72
1754124007.9174602,0,0,-61
1754124007.95546,4,1,-56
1754124007.99146,0,1,-55
1754124008.02846,2,1,-63
1754124008.06746,-3,-2,-63
1754124008.10346,-2,4,-69
1754124008.1414602,-6,-3,-55
1754124008.18046,2,2,-61
1754124008.2174602,5,-7,-59
1754124008.2564602,4,-3,-72
1754124008.2924602,4,-6,-73
1754124008.33046,-1,2,-61
1754124008.36746,2,2,-64
1754124008.40646,-2,-2,-69
1754124008.44246,0,0,-64
1754124008.4804602,0,-5,-58
1754124008.51746,-3,-10,-57
1754124008.55646,0,-6,-59
1754124008.5924602,-1,-5,-60
1754124008.63046,-8,5,-64
1754124008.66846,0,0,-59
1754124008.7074602,0,2,-62
1754124008.7434602,-1,-3,-62
1754124008.78146,2,0,-62
1754124008.8194602,-3,-1,-67
1754124008.85746,-4,-1,-66
1754124008.89646,-2,1,-62
1754124008.93246,1,0,-57
1754124008.96946,-5,6,-50
1754124009.00746,-6,5,-63
1754124009.0464602,-1,-4,-63
1754124009.0824602,0,-6,-56
1754124009.1214602,-2,0,-65
1754124009.15846,-7,0,-60
1754124009.1974602,-3,-6,-74
1754124009.2334602,-2,-4,-60
1754124009.27146,-7,-1,-62
1754124009.3094602,-2,0,-71
1754124009.3484602,-2,0,-62
1754124009.38646,-2,-4,-65
1754124009.42346,2,-5,-61
1754124009.4604602,-1,2,-51
1754124009.49846,-2,6,-50
1754124009.53746,-3,0,-61
1754124009.57346,1,-7,-64
1754124009.61046,-1,-6,-69
1754124009.64846,-2,4,-58
1754124009.6874602,0,-2,-58
1754124009.7234602,-5,3,-60
1754124009.76046,4,0,-72
1754124009.79846,-1,4,-76
1754124009.83746,-2,0,-68
1754124009.87346,9,1,-67
1754124009.91046,6,0,-74
1754124009.94846,6,0,-74
1754124009.98746,9,-9,-67
1754124010.02346,-1,-5,-69
1754124010.06146,2,-1,-55
1754124010.09946,7,-3,-55
1754124010.1384602,0,-1,-58
1754124010.17646,4,-2,-63
1754124010.21246,4,-4,-59
1754124010.25046,4,1,-61
1754124010.28846,6,-1,-53
1754124010.32746,0,0,-60
1754124010.36346,4,0,-54
1754124010.40046,1,1,-50
1754124010.43846,-1,0,-71
1754124010.47746,2,2,-65
1754124010.5134602,2,-3,-63
1754124010.55146,-7,4,-62
1754124010.58946,-2,0,-67
1754124010.6284602,-10,0,-69
1754124010.66546,-3,2,-57
1754124010.70346,-4,0,-54
1754124010.7404602,2,-6,-59
1754124010.7794602,6,-2,-60
1754124010.81746,-2,1,-54
1754124010.85346,-3,-1,-64
1754124010.8914602,1,-3,-68
1754124010.92946,3,-1,-67
1754124010.96846,4,0,-64
1754124011.00446,-5,-6,-62
1754124011.0424602,2,0,-59
1754124011.08046,-4,4,-66
1754124011.1184602,0,5,-72
1754124011.1574602,-5,1,-61
1754124011.1944602,-6,-5,-74
1754124011.23146,-8,-6,-74
1754124011.2694602,-3,-4,-68
1754124011.30846,4,3,-61
1754124011.34446,-4,0,-63
1754124011.38246,0,-3,-68
1754124011.42046,-2,-9,-67
1754124011.45946,-10,-2,-63
1754124011.49746,0,-1,-60
1754124011.53346,8,-2,-55
1754124011.57146,2,4,-54
1754124011.60946,-4,-2,-61
1754124011.64846,-8,2,-57
1754124011.6844602,-3,1,-62
1754124011.7234602,-4,0,-57
1754124011.76046,6,1,-53
1754124011.7994602,-4,0,-63
1754124011.83746,-12,-1,-69
1754124011.87346,6,0,-59
1754124011.91046,5,2,-64
1754124011.94946,4,0,-67
1754124011.98746,-5,2,-61
1754124012.02346,-6,3,-59
1754124012.0624602,-6,-2,-64
1754124012.09946,-1,-6,-55
1754124012.1384602,2,-7,-54
1754124012.1744602,6,-2,-52
1754124012.21246,0,-2,-69
1754124012.25146,-8,0,-69
1754124012.2894602,-2,-1,-65
1754124012.32746,1,1,-66
1754124012.36346,2,3,-59
1754124012.40046,12,-1,-62
1754124012.43946,5,8,-63
1754124012.47746,5,3,-61
1754124012.5134602,-1,3,-56
1754124012.55146,0,-1,-59
1754124012.58946,3,-2,-62
1754124012.6284602,-3,0,-57
1754124012.6644602,-3,-3,-70
1754124012.70346,2,3,-70
1754124012.7404602,-1,8,-70
1754124012.7794602,1,5,-64
1754124012.8154602,0,2,-61
1754124012.85246,4,3,-66
1754124012.89046,7,-5,-72
1754124012.92946,0,0,-68
1754124012.96546,-5,4,-65
1754124013.00246,3,1,-56
1754124013.04046,0,-5,-63
1754124013.07946,1,-4,-65
1754124013.1154602,-3,-6,-57
1754124013.15346,-3,-4,-65
1754124013.19146,0,-5,-65
1754124013.22946,-1,-2,-69
1754124013.26846,0,-3,-58
1754124013.30446,-3,-1,-62
1754124013.3424602,1,-1,-65
1754124013.38046,1,4,-62
1754124013.41946,2,-1,-68
1754124013.45546,1,-3,-55
1754124013.4934602,0,2,-59
1754124013.53146,-1,-3,-62
1754124013.57046,-2,4,-53
1754124013.6084602,-3,-5,-63
1754124013.6444602,0,-3,-65
1754124013.68246,4,0,-60
1754124013.7204602,1,-2,-59
1754124013.7594602,2,-4,-58
1754124013.79546,-2,0,-63
1754124013.8324602,2,-1,-63
1754124013.87046,-3,0,-55
1754124013.90946,-7,-4,-65
1754124013.94546,-2,-5,-56
1754124013.9834602,-2,-2,-55
1754124014.02146,0,-2,-61
1754124014.06046,-1,-5,-55
1754124014.0984602,-2,-4,-58
1754124014.1344602,2,-3,-67
1754124014.17246,0,-1,-60
1754124014.21146,-5,-3,-58
1754124014.24946,-2,1,-51
1754124014.28546,1,5,-62
1754124014.3224602,2,4,-65
1754124014.3614602,6,2,-66
1754124014.39946,9,-1,-62
1754124014.43546,6,-2,-66
1754124014.4734602,-4,-3,-60
1754124014.51146,6,0,-63
1754124014.55046,1,-1,-68
1754124014.5884602,3,7,-77
1754124014.62446,0,3,-65
1754124014.6614602,1,2,-63
1754124014.7004602,5,-3,-64
1754124014.73846,-1,-2,-65
1754124014.77446,0,1,-68
1754124014.8124602,0,-2,-60
1754124014.85046,-2,-6,-57
1754124014.88946,4,1,-57
1754124014.92546,11,-4,-55
1754124014.9634602,11,-6,-58
1754124015.00246,9,-2,-51
1754124015.04046,3,3,-66
1754124015.07646,1,-2,-67
1754124015.11446,4,-5,-60
1754124015.15246,-5,-4,-62
1754124015.1904602,-9,3,-67
1754124015.22946,-7,3,-66
1754124015.26546,-2,-2,-66
1754124015.30346,-1,-3,-57
1754124015.34146,-3,2,-58
1754124015.38046,-5,-4,-65
1754124015.4174602,-3,2,-61
1754124015.45446,5,1,-68
1754124015.4934602,0,-3,-60
1754124015.53146,4,-2,-71
1754124015.57446,0,-5,-74
1754124015.61246,-4,-7,-71
1754124015.65046,0,4,-75
1754124015.68946,2,0,-70
1754124015.72546,-1,0,-67
1754124015.76446,-5,-7,-61
1754124015.80146,0,-4,-60
1754124015.84046,0,-3,-54
1754124015.87746,-11,-2,-60
1754124015.9144602,-3,0,-67
1754124015.95246,0,-2,-64
1754124015.99146,-8,-2,-64
1754124016.0294602,0,-8,-67
1754124016.0654602,4,-1,-66
1754124016.10346,0,-2,-59
1754124016.1414602,0,-4,-60
1754124016.18046,-9,1,-53
1754124016.21646,0,0,-64
1754124016.2534602,-1,3,-61
1754124016.29146,-5,6,-58
1754124016.33046,1,4,-65
1754124016.36646,4,-4,-48
1754124016.40346,7,-6,-48
1754124016.44246,10,0,-57
1754124016.4804602,0,4,-60
1754124016.5164602,-3,-1,-58
1754124016.55446,-1,-4,-77
1754124016.5924602,-3,4,-63
1754124016.6314602,-6,3,-51
1754124016.66946,-3,-2,-55
1754124016.70546,-1,-7,-73
1754124016.7434602,2,2,-71
1754124016.78146,4,0,-71
1754124016.82046,0,0,-68
1754124016.85646,-9,-1,-66
1754124016.8944602,0,-1,-62
1754124016.93246,-6,1,-61
1754124016.97146,0,4,-56
1754124017.0094602,-3,5,-66
1754124017.04546,0,2,-50
1754124017.08346,-3,0,-55
1754124017.1214602,-8,-4,-64
1754124017.16046,1,-2,-57
1754124017.19646,7,2,-73
1754124017.23446,0,9,-79
1754124017.27146,0,-2,-55
1754124017.31046,1,-2,-64
1754124017.34646,0,-6,-68
1754124017.38346,-5,0,-63
1754124017.4214602,2,0,-67
1754124017.4604602,5,1,-60
1754124017.4964602,1,4,-73
1754124017.53446,6,3,-64
1754124017.57146,4,0,-70
1754124017.61046,0,-6,-62
1754124017.64646,1,-2,-57
1754124017.6844602,4,-3,-60
1754124017.72146,8,-3,-63
1754124017.76046,5,0,-61
1754124017.7964602,0,-3,-59
1754124017.83346,-3,0,-60
1754124017.8714602,-2,1,-64
1754124017.91046,-1,0,-63
1754124017.94646,0,-2,-69
1754124017.98446,-4,-3,-64
1754124018.02246,2,0,-49
1754124018.06146,-2,4,-60
1754124018.09746,0,5,-67
1754124018.1344602,1,-2,-63
1754124018.17246,3,5,-57
1754124018.21146,-3,-1,-67
1754124018.24746,4,-4,-65
1754124018.28546,0,0,-73
1754124018.32346,2,0,-65
1754124018.36246,-1,5,-60
1754124018.40046,-9,-4,-64
1754124018.43646,-6,-2,-64
1754124018.47446,-5,0,-63
1754124018.5134602,-6,-3,-64
1754124018.55146,-4,-7,-61
1754124018.58746,0,-2,-61
1754124018.62646,-4,3,-70
1754124018.66346,0,2,-69
1754124018.70246,0,-4,-62
1754124018.7404602,0,3,-66
1754124018.7764602,7,1,-57
1754124018.81446,0,1,-56
1754124018.85246,8,2,-60
1754124018.8914602,0,-1,-56
1754124018.9274602,-1,1,-60
1754124018.96546,1,6,-59
1754124019.0034602,-3,-1,-66
1754124019.0424602,0,0,-63
1754124019.08046,0,-3,-60
1754124019.11646,-6,-4,-59
1754124019.1544602,-5,-7,-58
1754124019.19246,-3,7,-59
1754124019.23146,-1,5,-61
1754124019.26746,-1,7,-61
1754124019.30546,0,0,-58
1754124019.34346,-7,-1,-53
1754124019.38246,-4,-1,-61
1754124019.42046,1,-1,-63
1754124019.45646,5,-1,-66
1754124019.49446,3,4,-60
1754124019.5324602,1,7,-55
1754124019.57146,-4,0,-67
1754124019.60746,-11,-8,-64
1754124019.64646,-5,-2,-70
1754124019.68346,-2,-1,-71
1754124019.72246,-7,6,-79
1754124019.7594602,1,-1,-74
1754124019.7964602,-7,-1,-73
1754124019.83446,-6,-2,-60
1754124019.87246,-4,-1,-59
1754124019.9114602,-5,-5,-60
1754124019.9474602,-8,0,-64
1754124019.98546,-4,7,-67
1754124020.02346,0,5,-72
1754124020.0624602,2,-2,-62
1754124020.0984602,3,-1,-65
1754124020.13646,1,4,-70
1754124020.1744602,-8,3,-73
1754124020.21246,1,1,-59
1754124020.25146,-2,-7,-66
1754124020.28746,-5,-9,-68
1754124020.3254602,-3,0,-66
1754124020.36346,-4,2,-72
1754124020.40246,0,1,-65
1754124020.43846,-5,-3,-73
1754124020.47646,-2,1,-65
1754124020.51446,-9,2,-64
1754124020.55346,-6,-1,-62
1754124020.59146,-6,2,-49
1754124020.6284602,0,5,-53
1754124020.66546,3,6,-65
1754124020.70346,3,-9,-70
1754124020.74246,-2,4,-65
1754124020.77846,0,-5,-78
1754124020.81646,5,-5,-62
1754124020.85446,3,-4,-61
1754124020.89346,-3,-5,-58
1754124020.93146,-5,0,-70
1754124020.9674602,-2,0,-69
1754124021.00446,-3,4,-63
1754124021.04346,7,2,-53
1754124021.08146,2,-7,-59
1754124021.11746,-5,1,-57
1754124021.15546,1,2,-58
1754124021.19346,-2,-4,-68
1754124021.23246,4,0,-68
1754124021.26846,0,-6,-63
1754124021.30646,1,-2,-61
1754124021.3454602,-1,0,-73
1754124021.38346,1,0,-73
1754124021.4214602,-7,-3,-64
1754124021.4574602,-14,-8,-59
1754124021.49546,-3,-7,-66
1754124021.53346,-3,-2,-71
1754124021.5724602,-1,-1,-64
1754124021.6084602,-9,-1,-68
1754124021.64646,-9,2,-74
1754124021.6844602,-4,4,-66
1754124021.7234602,2,-1,-65
1754124021.76146,-2,1,-57
1754124021.79846,-4,2,-54
1754124021.83646,-3,-4,-60
1754124021.87546,-4,-4,-57
1754124021.91346,0,-1,-61
1754124021.94946,2,3,-65
1754124021.9864602,0,0,-54
1754124022.02446,-3,-2,-58
1754124022.06346,-7,2,-59
1754124022.09946,-1,2,-62
1754124022.13646,5,-3,-64
1754124022.1744602,0,-7,-61
1754124022.2134602,4,0,-68
1754124022.24946,-1,0,-56
1754124022.28746,1,-1,-62
1754124022.3254602,-1,0,-66
1754124022.36346,-5,2,-55
1754124022.40246,-8,0,-59
1754124022.43846,-2,0,-68
1754124022.47646,2,3,-67
1754124022.51446,-4,0,-71
1754124022.55346,1,-2,-76
1754124022.58946,0,0,-70
1754124022.62646,-3,4,-72
1754124022.66546,-9,-7,-60
1754124022.70346,-1,-8,-69
1754124022.73946,0,-8,-66
1754124022.77846,6,-3,-59
1754124022.8154602,2,0,-47
1754124022.85446,3,-3,-59
1754124022.89246,5,3,-58
1754124022.92846,1,0,-62
1754124022.96546,-1,-5,-65
1754124023.00446,7,-8,-72
1754124023.0424602,0,-9,-70
1754124023.07846,-4,-2,-58
1754124023.11646,-1,3,-70
1754124023.1544602,-2,2,-62
1754124023.19346,0,-2,-53
1754124023.22946,-2,-1,-48
1754124023.26746,-3,-1,-64
1754124023.30646,1,6,-62
1754124023.34446,1,11,-61
1754124023.38246,0,4,-65
1754124023.41846,0,0,-70
1754124023.45546,0,0,-66
1754124023.49446,2,-6,-60
1754124023.5324602,3,-4,-51
1754124023.56846,0,-6,-65
1754124023.60746,1,0,-56
1754124023.6444602,1,-2,-62
1754124023.68346,9,-1,-66
1754124023.71946,2,-2,-61
1754124023.75746,0,1,-64
1754124023.79546,4,-10,-64
1754124023.83446,4,-2,-65
1754124023.87246,5,1,-63
1754124023.90846,4,0,-61
1754124023.94546,-1,-1,-56
1754124023.98446,-2,0,-61
1754124024.02246,8,-5,-61
1754124024.05846,4,-3,-70
1754124024.09646,2,-7,-66
1754124024.13546,0,-4,-66
1754124024.17346,-3,2,-62
1754124024.20946,-3,1,-58
1754124024.24846,2,-4,-52
1754124024.28546,-2,-1,-61
1754124024.32446,8,-4,-63
1754124024.36046,2,0,-66
1754124024.39846,0,-8,-61
1754124024.43546,-1,-5,-68
1754124024.47446,1,0,-60
1754124024.51046,0,3,-69
1754124024.54846,1,0,-58
1754124024.5854602,1,1,-67
1754124024.62446,-2,-6,-63
1754124024.66046,2,-2,-57
1754124024.69846,4,-1,-59
1754124024.7364602,2,1,-67
1754124024.77446,1,3,-77
1754124024.81346,-4,-7,-65
1754124024.84946,-3,-3,-66
1754124024.88746,0,-13,-59
1754124024.92546,0,-3,-48
1754124024.96446,-5,-1,-57
1754124025.00046,-1,0,-76
1754124025.03846,5,-2,-68
1754124025.07746,5,-1,-68
1754124025.1154602,6,-1,-66
1754124025.15346,0,0,-64
1754124025.18946,0,-1,-62
1754124025.22746,2,-7,-64
1754124025.26546,1,0,-54
1754124025.30446,-3,0,-55
1754124025.34046,-4,0,-49
1754124025.37746,1,4,-61
1754124025.41546,0,-2,-60
1754124025.45446,-1,-2,-59
1754124025.4904602,-4,-2,-57
1754124025.52846,7,-1,-62
1754124025.56746,2,4,-58
1754124025.61046,0,1,-66
1754124025.64846,-8,0,-63
1754124025.68646,0,-3,-60
1754124025.72546,-8,-6,-62
1754124025.7634602,-7,3,-64
1754124025.7994602,-3,4,-70
1754124025.83746,-5,-7,-72
1754124025.87546,5,1,-65
1754124025.9144602,3,1,-65
1754124025.9504602,0,6,-74
1754124025.98746,5,-1,-67
1754124026.0264602,0,-2,-64
1754124026.06446,1,-4,-73
1754124026.10046,6,-2,-71
1754124026.13746,-12,-6,-61
1754124026.17646,2,-3,-65
1754124026.21446,0,-7,-60
1754124026.25046,-4,-2,-60
1754124026.2894602,-4,0,-59
1754124026.32646,0,-2,-65
1754124026.3654602,-1,0,-56
1754124026.40346,0,-3,-63
1754124026.4404602,2,3,-56
1754124026.47746,7,1,-59
1754124026.51546,-6,-4,-59
1754124026.55446,-2,-2,-77
1754124026.59046,-1,3,-70
1754124026.6284602,-5,-3,-66
1754124026.66646,0,-2,-65
1754124026.70546,6,-7,-67
1754124026.74146,1,-8,-63
1754124026.78046,4,-1,-69
1754124026.81746,-2,-3,-64
1754124026.8554602,-3,5,-76
1754124026.8944602,1,-5,-56
1754124026.93046,1,-3,-64
1754124026.9674602,-2,0,-58
1754124027.00546,0,-1,-64
1754124027.04446,-3,-10,-59
1754124027.08046,0,-9,-59
1754124027.11746,1,-3,-64
1754124027.15546,-1,-4,-61
1754124027.1944602,1,-4,-53
1754124027.2304602,0,-4,-51
1754124027.26846,-4,-5,-55
1754124027.30646,2,0,-68
1754124027.3454602,0,0,-64
1754124027.3814602,0,-2,-66
1754124027.41946,-3,0,-65
1754124027.4574602,-6,2,-60
1754124027.4964602,-6,-3,-58
1754124027.53446,-1,10,-57
1754124027.57046,-4,4,-59
1754124027.60746,-2,0,-65
1754124027.64646,2,-3,-56
1754124027.6844602,-8,0,-58
1754124027.7204602,-1,2,-59
1754124027.75846,3,2,-61
1754124027.7964602,-4,0,-55
1754124027.8354602,2,-3,-56
1754124027.8714602,3,-10,-64
1754124027.90946,-6,-2,-59
1754124027.9474602,-4,-3,-69
1754124027.9864602,-5,-2,-73
1754124028.02446,1,-3,-70
1754124028.06046,-2,-2,-62
1754124028.0984602,-5,-2,-73
1754124028.13646,-5,-7,-69
1754124028.17546,-5,-8,-65
1754124028.21146,-1,-4,-58
1754124028.24946,3,0,-65
1754124028.28846,1,0,-51
1754124028.32646,1,0,-61
1754124028.36446,2,4,-54
1754124028.40046,3,3,-59
1754124028.43846,-4,2,-56
1754124028.47646,-6,-1,-68
1754124028.51446,0,5,-58
1754124028.55046,3,2,-66
1754124028.5884602,-1,-3,-59
1754124028.62646,7,0,-63
1754124028.6644602,0,-3,-63
1754124028.7004602,1,-5,-61
1754124028.73846,-3,-1,-66
1754124028.7764602,-6,1,-65
1754124028.8154602,0,-3,-61
1754124028.85146,-4,-3,-74
1754124028.88946,-1,-1,-69
1754124028.9274602,1,1,-64
1754124028.96646,-6,5,-73
1754124029.00246,-8,5,-69
1754124029.04146,-2,8,-67
1754124029.07846,5,0,-70
1754124029.11646,8,4,-68
1754124029.15546,4,-4,-66
1754124029.19146,-1,2,-70
1754124029.22846,-6,-4,-68
1754124029.2664602,0,-4,-66
1754124029.30546,0,-1,-63
1754124029.34146,-1,-2,-57
1754124029.37946,2,-5,-58
1754124029.4174602,2,-3,-56
1754124029.45646,0,1,-58
1754124029.49246,6,0,-63
1754124029.53046,6,-4,-57
1754124029.56846,4,-2,-60
1754124029.60646,1,0,-42
1754124029.64546,0,0,-60
1754124029.68146,1,-5,-73
1754124029.71946,3,-1,-67
1754124029.75746,3,0,-58
1754124029.7964602,0,-1,-65
1754124029.8324602,8,-5,-60
1754124029.87046,1,-7,-55
1754124029.90846,0,-4,-63
1754124029.9474602,-2,-5,-63
1754124029.98546,0,-6,-59
1754124030.02146,0,0,-63
1754124030.05846,-6,-7,-72
1754124030.09746,0,-2,-69
1754124030.13546,2,-4,-66
1754124030.1714602,-3,0,-75
1754124030.2104602,-2,1,-67
1754124030.24846,0,-2,-54
1754124030.2864602,2,-4,-58
1754124030.3224602,5,1,-52
1754124030.3614602,8,-2,-62
1754124030.39846,4,-4,-59
1754124030.4374602,1,-5,-62
1754124030.47546,9,0,-66
1754124030.51146,5,0,-69
1754124030.54846,7,-2,-72
1754124030.58746,5,-4,-70
1754124030.62546,5,-5,-61
1754124030.6614602,-3,4,-75
1754124030.69946,-6,-4,-70
1754124030.73746,-4,0,-62
1754124030.7764602,0,0,-60
1754124030.81346,0,2,-55
1754124030.85046,2,3,-54
1754124030.8884602,0,2,-64
1754124030.9274602,0,-3,-65
1754124030.96546,-7,0,-51
1754124031.00146,-12,1,-63
1754124031.04046,3,-3,-69
1754124031.07746,3,-4,-69
1754124031.11646,-1,-1,-59
1754124031.15346,-3,5,-74
1754124031.1904602,-1,-2,-69
1754124031.22846,1,2,-65
1754124031.26746,-1,1,-67
1754124031.30346,7,1,-73
1754124031.34046,4,3,-73
1754124031.3784602,4,-2,-62
1754124031.4174602,0,3,-69
1754124031.45346,-5,6,-72
1754124031.49146,-7,0,-74
1754124031.5294602,-2,-2,-70
1754124031.56746,-3,2,-77
1754124031.60646,1,1,-73
1754124031.64246,-3,2,-57
1754124031.68046,-6,-1,-60
1754124031.71946,0,2,-58
1754124031.75746,-1,2,-64
1754124031.79346,-5,-3,-64
1754124031.83146,-8,0,-66
1754124031.86946,-4,0,-52
1754124031.90846,6,2,-59
1754124031.94646,5,-2,-69
1754124031.98246,6,-4,-61
1754124032.0194602,0,-4,-67
1754124032.05846,-1,-5,-69
1754124032.09646,-1,-3,-65
1754124032.13246,-4,0,-62
1754124032.16946,-4,0,-51
1754124032.20846,-2,2,-62
1754124032.2464602,0,-2,-50
1754124032.2824602,-2,4,-61
1754124032.32046,-4,0,-73
1754124032.3584602,2,2,-69
1754124032.39746,5,2,-71
1754124032.43346,-8,1,-59
1754124032.47146,-3,-3,-46
1754124032.5094602,0,-6,-55
1754124032.54846,-2,0,-75
1754124032.58646,4,-1,-69
1754124032.62246,-4,0,-69
1754124032.66046,2,-2,-64
1754124032.69846,2,-1,-65
1754124032.73746,4,3,-69
1754124032.77346,3,6,-70
1754124032.81046,-3,-2,-58
1754124032.8484602,2,4,-59
1754124032.88746,7,-2,-52
1754124032.92346,8,-6,-56
1754124032.96146,7,-3,-65
1754124032.99946,-1,0,-75
1754124033.03846,-2,4,-68
1754124033.07646,6,0,-68
1754124033.11246,1,0,-78
1754124033.14946,-2,-1,-66
1754124033.18846,1,-1,-65
1754124033.22646,-2,2,-74
1754124033.26246,0,0,-61
1754124033.2994602,0,-5,-49
1754124033.3384602,0,4,-65
1754124033.37446,8,5,-66
1754124033.41346,-4,1,-62
1754124033.4504602,-8,0,-62
1754124033.48846,-5,-6,-53
1754124033.52746,-7,-4,-58
1754124033.56346,-2,-1,-59
1754124033.60146,-5,-2,-58
1754124033.63946,1,-5,-53
1754124033.67846,0,2,-66
1754124033.71446,0,-1,-52
1754124033.75246,1,2,-51
1754124033.79046,-5,0,-61
1754124033.82946,-11,-1,-70
1754124033.86746,-3,1,-63
1754124033.90346,-5,2,-72
1754124033.94146,-2,1,-67
1754124033.97946,0,0,-73
1754124034.01846,4,3,-71
1754124034.05446,10,0,-73
1754124034.09146,3,-1,-81
1754124034.12946,0,1,-79
1754124034.16846,0,0,-69
1754124034.20446,7,0,-59
1754124034.24146,-2,-7,-69
1754124034.2794602,-5,-6,-64
1754124034.31846,-5,0,-68
1754124034.35446,-4,0,-67
1754124034.39246,1,1,-65
1754124034.43046,5,2,-80
1754124034.46946,5,0,-68
1754124034.50746,0,0,-64
1754124034.54346,-3,-2,-58
1754124034.58146,-3,5,-63
1754124034.61946,0,-3,-64
1754124034.65846,3,0,-69
1754124034.6944602,3,-3,-79
1754124034.7334602,0,-6,-71
1754124034.77046,1,-6,-64
1754124034.8094602,-5,0,-78
1754124034.84746,-9,0,-59
1754124034.88346,-5,-4,-62
1754124034.9214602,-3,-1,-61
1754124034.95946,1,-3,-61
1754124034.99846,0,-4,-77
1754124035.03446,-5,-2,-80
1754124035.0724602,0,-5,-70
1754124035.11046,1,0,-62
1754124035.14946,-2,1,-65
1754124035.1874602,-3,-3,-66
1754124035.2234602,2,-1,-70
1754124035.26146,3,1,-73
1754124035.2994602,-1,2,-66
1754124035.3384602,-7,5,-64
1754124035.37446,-5,2,-57
1754124035.41246,-8,-1,-64
1754124035.45146,-4,-3,-61
1754124035.48946,0,-1,-77
1754124035.52746,1,-1,-62
1754124035.56346,-4,-3,-60
1754124035.60146,4,-5,-57
1754124035.64746,-5,-3,-62
1754124035.6844602,-8,0,-75
1754124035.72146,5,0,-72
1754124035.7594602,-3,-2,-58
1754124035.79846,-5,-7,-56
1754124035.83446,1,-4,-61
1754124035.87246,-4,-3,-70
1754124035.91046,-3,-1,-65
1754124035.94946,-7,-2,-78
1754124035.98546,-7,-1,-67
1754124036.02346,0,-4,-58
1754124036.0624602,0,-2,-67
1754124036.09946,-1,0,-74
1754124036.1384602,2,-3,-78
1754124036.1744602,1,-3,-71
1754124036.21246,0,7,-50
1754124036.25046,2,0,-51
1754124036.2894602,-4,-1,-60
1754124036.3254602,1,-2,-61
1754124036.36346,-3,0,-57
1754124036.4014602,6,4,-60
1754124036.4404602,9,2,-63
1754124036.47846,3,-1,-48
1754124036.51446,5,-1,-58
1754124036.5524602,4,0,-66
1754124036.59046,3,0,-55
1754124036.62946,-3,7,-63
1754124036.66546,3,0,-65
1754124036.70246,3,-2,-62
1754124036.7404602,6,0,-58
1754124036.7794602,1,-7,-63
1754124036.8154602,3,0,-67
1754124036.85246,6,-1,-65
1754124036.89046,4,2,-66
1754124036.92946,2,-1,-59
1754124036.96546,3,-1,-65
1754124037.00446,0,-4,-72
1754124037.04146,-3,1,-66
1754124037.08046,-10,-1,-60
1754124037.1184602,-2,2,-63
1754124037.1544602,-2,0,-52
1754124037.19246,2,6,-61
1754124037.2304602,2,6,-70
1754124037.2694602,-2,0,-64
1754124037.30546,0,-3,-65
1754124037.34346,-3,-3,-61
1754124037.3814602,4,-1,-79
1754124037.42046,6,4,-66
1754124037.45846,5,-1,-62
1754124037.49446,3,-1,-62
1754124037.5324602,-9,-14,-63
1754124037.57046,2,-6,-67
1754124037.60946,0,-2,-69
1754124037.64546,-3,-8,-61
1754124037.68346,-4,-6,-65
1754124037.72146,-8,-5,-67
1754124037.76046,1,-3,-75
1754124037.79846,1,-2,-66
1754124037.83446,6,-5,-58
1754124037.87246,7,-6,-65
1754124037.9114602,-1,0,-60
1754124037.94946,2,2,-67
1754124037.9864602,7,7,-63
1754124038.02446,0,0,-69
1754124038.06146,5,0,-61
1754124038.10046,-3,1,-65
1754124038.13646,-5,-9,-60
1754124038.1744602,0,-2,-59
1754124038.21246,-7,1,-62
1754124038.25046,0,0,-68
1754124038.2894602,4,6,-80
1754124038.3254602,6,0,-74
1754124038.36246,0,3,-71
1754124038.40046,5,-5,-67
1754124038.43946,-4,-5,-63
1754124038.47546,-1,-5,-64
1754124038.5134602,-1,0,-66
1754124038.55146,-3,1,-69
1754124038.59046,1,2,-65
1754124038.62646,-7,-1,-66
1754124038.6644602,-2,1,-68
1754124038.70246,-3,-3,-58
1754124038.7404602,-2,0,-56
1754124038.7794602,0,2,-61
1754124038.8154602,0,0,-68
1754124038.85346,-3,-6,-62
1754124038.8914602,-7,-5,-66
1754124038.93046,0,-11,-66
1754124038.96646,-2,6,-66
1754124039.00446,0,-3,-62
1754124039.0424602,1,-6,-69
1754124039.08146,1,0,-61
1754124039.11946,-7,-14,-57
1754124039.15546,-6,-5,-69
1754124039.19346,-6,-1,-56
1754124039.23146,-4,-8,-53
1754124039.27046,2,-5,-64
1754124039.30746,0,-1,-54
1754124039.34446,-1,-1,-62
1754124039.38246,-5,-2,-75
1754124039.4214602,4,0,-65
1754124039.45946,0,-4,-61
1754124039.49546,-6,-7,-53
1754124039.53346,-14,-6,-50
1754124039.57146,-3,-4,-57
1754124039.61046,0,-5,-54
1754124039.64646,-7,-6,-59
1754124039.6844602,-7,-3,-66
1754124039.72246,1,-2,-63
1754124039.76146,1,-2,-67
1754124039.7994602,-3,0,-66
1754124039.8354602,0,0,-64
1754124039.87346,-1,1,-60
1754124039.9114602,-7,-1,-62
1754124039.94946,0,-1,-60
1754124039.98546,-2,-2,-71
1754124040.02346,0,-2,-72
1754124040.06146,-4,-2,-60
1754124040.10046,-4,-2,-68
1754124040.13646,0,1,-58
1754124040.17346,-1,2,-58
1754124040.21146,0,3,-47
1754124040.25046,3,2,-57
1754124040.2864602,0,0,-55
1754124040.32346,-1,3,-64
1754124040.3614602,-6,9,-69
1754124040.40046,1,3,-61
1754124040.43646,-7,1,-60
1754124040.47446,-1,-1,-62
1754124040.51246,-1,1,-64
1754124040.55146,-8,2,-61
1754124040.58746,6,0,-58
1754124040.62446,4,0,-60
1754124040.66246,0,0,-68
1754124040.70146,1,-2,-60
1754124040.73746,0,-3,-61
1754124040.77546,-1,-5,-59
1754124040.81446,-4,-1,-73
1754124040.85146,-6,0,-73
1754124040.89046,-3,3,-55
1754124040.92646,-6,2,-62
1754124040.96446,-4,0,-60
1754124041.00246,-7,-4,-66
1754124041.04146,-2,2,-60
1754124041.07746,1,-1,-69
1754124041.1154602,2,-3,-59
1754124041.15346,-3,-8,-82
1754124041.19246,-5,-2,-62
1754124041.2304602,-1,2,-61
1754124041.2664602,-5,1,-62
1754124041.30446,-5,-4,-72
1754124041.3424602,-7,-7,-71
1754124041.3814602,-2,1,-71
1754124041.4174602,-3,-2,-72
1754124041.45546,-3,-4,-71
1754124041.4934602,1,-2,-74
1754124041.5324602,0,-3,-65
1754124041.57046,1,1,-62
1754124041.60646,0,0,-66
1754124041.64346,0,1,-62
1754124041.68246,-3,1,-72
1754124041.7204602,2,0,-56
1754124041.7564602,5,-2,-69
1754124041.79446,3,-7,-76
1754124041.8324602,-2,-3,-76
1754124041.8714602,-2,1,-84
1754124041.9074602,-3,-12,-62
1754124041.94546,-3,-9,-57
1754124041.9834602,0,-3,-57
1754124042.02246,-7,-4,-62
1754124042.06046,5,0,-66
1754124042.09646,-2,0,-59
1754124042.1344602,-3,0,-61
1754124042.17346,0,-4,-64
1754124042.21146,-4,0,-58
1754124042.24746,-2,-5,-53
1754124042.28546,-2,-7,-61
1754124042.32346,-2,-7,-58
1754124042.36246,1,0,-56
1754124042.40046,2,-3,-63
1754124042.43646,4,3,-56
1754124042.4734602,2,-6,-65
1754124042.51246,-2,-13,-67
1754124042.54846,1,-1,-64
1754124042.58646,-2,0,-69
1754124042.62446,-2,2,-67
1754124042.66246,2,0,-62
1754124042.70146,0,0,-62
1754124042.73746,3,1,-58
1754124042.77546,-1,4,-67
1754124042.81346,-1,0,-60
1754124042.85246,-4,0,-62
1754124042.8884602,1,-2,-61
1754124042.92646,2,2,-67
1754124042.96546,0,-4,-69
1754124043.00246,2,0,-75
1754124043.04146,-8,-2,-74
1754124043.07746,-3,-2,-66
1754124043.1154602,1,-2,-60
1754124043.15346,3,3,-58
1754124043.19246,6,-2,-60
1754124043.22846,-6,-4,-55
1754124043.2664602,-7,-3,-62
1754124043.30546,-7,0,-67
1754124043.34346,1,1,-59
1754124043.3814602,0,2,-59
1754124043.4174602,0,5,-59
1754124043.45546,0,2,-62
1754124043.4934602,5,3,-53
1754124043.5324602,2,-2,-54
1754124043.56846,-2,-3,-54
1754124043.60646,0,-4,-49
1754124043.6444602,5,1,-56
1754124043.68346,4,-5,-61
1754124043.72146,4,3,-76
1754124043.75746,5,3,-69
1754124043.79446,0,-3,-58
1754124043.83346,4,-1,-66
1754124043.8714602,2,9,-63
1754124043.9074602,-1,3,-61
1754124043.9444602,0,0,-66
1754124043.9834602,4,-1,-63
1754124044.02146,-11,3,-67
1754124044.05746,0,0,-64
1754124044.0954602,-1,5,-61
1754124044.13346,-7,2,-63
1754124044.17246,-12,-6,-68
1754124044.20846,-4,-2,-70
1754124044.2464602,0,0,-69
1754124044.28446,-6,-2,-66
1754124044.32346,-3,3,-59
1754124044.3614602,-7,-3,-57
1754124044.39746,0,-12,-58
1754124044.43546,-2,-6,-71
1754124044.4734602,1,-3,-72
1754124044.51246,-4,0,-67
1754124044.54846,2,1,-59
1754124044.5854602,2,1,-58
1754124044.62346,-3,3,-60
1754124044.66246,2,-1,-61
1754124044.69846,-1,0,-75
1754124044.7364602,0,-6,-62
1754124044.77446,-6,-3,-68
1754124044.81346,-7,6,-63
1754124044.84946,-1,0,-65
1754124044.88746,0,-2,-67
1754124044.92546,2,-1,-72
1754124044.9634602,0,-6,-65
1754124045.00246,-7,4,-63
1754124045.03846,0,0,-73
1754124045.0754602,0,0,-66
1754124045.11346,0,-3,-59
1754124045.15246,-2,-8,-53
1754124045.18846,1,-6,-55
1754124045.22646,-3,-6,-61
1754124045.26546,2,-8,-51
1754124045.30346,-4,-1,-57
1754124045.33946,-4,-6,-62
1754124045.37746,-1,-2,-65
1754124045.41546,0,-8,-71
1754124045.45346,2,2,-66
1754124045.49246,4,-6,-66
1754124045.52846,-2,3,-68
1754124045.56646,-1,-1,-61
1754124045.6054602,-5,1,-67
1754124045.64846,-1,-2,-67
1754124045.68646,0,0,-55
1754124045.72446,-3,-3,-61
1754124045.7634602,4,-2,-65
1754124045.7994602,0,1,-65
1754124045.83646,-4,-2,-69
1754124045.87446,0,-7,-66
1754124045.91346,-2,-3,-56
1754124045.94946,8,-7,-58
1754124045.9864602,5,-2,-69
1754124046.02446,4,-2,-64
1754124046.06346,4,-1,-68
1754124046.09946,0,-1,-60
1754124046.13746,0,-1,-70
1754124046.17546,6,-1,-70
1754124046.21446,6,-4,-79
1754124046.25246,3,0,-60
1754124046.28846,6,-1,-61
1754124046.32646,3,-1,-71
1754124046.3654602,0,-4,-71
1754124046.40346,-3,-2,-60
1754124046.43946,-6,-1,-56
1754124046.47746,0,-1,-68
1754124046.51546,-5,0,-63
1754124046.55446,-2,-1,-61
1754124046.5924602,0,-6,-68
1754124046.6284602,0,-3,-59
1754124046.66546,3,0,-64
1754124046.70446,6,-3,-62
1754124046.74246,0,1,-67
1754124046.77846,-2,-2,-56
1754124046.81646,-6,-2,-56
1754124046.8554602,4,0,-60
1754124046.89346,3,0,-59
1754124046.92946,3,-4,-65
1754124046.9674602,0,-2,-52
1754124047.00546,1,1,-59
1754124047.04446,1,-1,-61
1754124047.08046,0,4,-63
1754124047.11746,-3,0,-68
1754124047.15546,-6,5,-56
1754124047.1944602,-4,1,-63
1754124047.2304602,-6,0,-58
1754124047.26846,-4,-3,-64
1754124047.30646,-8,0,-57
1754124047.34446,0,3,-62
1754124047.38346,-3,-4,-55
1754124047.41946,-5,0,-66
1754124047.4574602,-2,7,-66
1754124047.49546,-3,1,-66
1754124047.53446,-10,-12,-64
1754124047.57046,-14,-12,-70
1754124047.6084602,-10,-1,-64
1754124047.64746,0,0,-76
1754124047.6844602,1,-5,-65
1754124047.7234602,-2,-5,-68
1754124047.7594602,-1,-3,-54
1754124047.79746,-5,4,-67
1754124047.8354602,-7,2,-74
1754124047.87446,-6,0,-66
1754124047.91046,-1,3,-72
1754124047.9474602,10,-5,-76
1754124047.98546,3,-3,-62
1754124048.02446,-1,0,-63
1754124048.06046,-1,0,-69
1754124048.09746,2,-7,-59
1754124048.13546,0,-3,-64
1754124048.1744602,-5,-3,-58
1754124048.2104602,-6,-2,-56
1754124048.24846,-1,1,-56
1754124048.2864602,-5,-2,-68
1754124048.3254602,-4,0,-63
1754124048.36346,-6,0,-76
1754124048.39946,0,9,-61
1754124048.43646,0,-3,-67
1754124048.47546,-17,-2,-67
1754124048.5134602,-7,1,-71
1754124048.5494602,-2,0,-72
1754124048.58746,-4,2,-70
1754124048.62546,0,2,-55
1754124048.6644602,0,1,-71
1754124048.7004602,2,3,-79
1754124048.73846,0,1,-69
1754124048.7764602,1,3,-77
1754124048.8154602,4,2,-64
1754124048.85346,5,0,-70
1754124048.88946,0,-8,-67
1754124048.9274602,-2,1,-65
1754124048.96546,-2,4,-63
1754124049.00446,-1,1,-60
1754124049.04046,-4,0,-52
1754124049.07746,-2,-1,-67
1754124049.1154602,-4,3,-70
1754124049.1544602,1,-5,-64
1754124049.1904602,9,-4,-53
1754124049.22746,3,-6,-56
1754124049.26546,5,-3,-55
1754124049.30446,-3,5,-53
1754124049.34046,0,2,-60
1754124049.37746,1,3,-72
1754124049.41546,4,0,-63
1754124049.45446,7,2,-62
1754124049.4904602,8,0,-59
1754124049.52846,2,0,-59
1754124049.56646,4,-5,-62
1754124049.6054602,4,-6,-65
1754124049.6414602,0,0,-65
1754124049.68046,7,2,-60
1754124049.7174602,2,-4,-57
1754124049.7564602,5,-4,-72
1754124049.79446,0,-8,-70
1754124049.83046,0,-5,-57
1754124049.8684602,-6,-5,-55
1754124049.90646,0,-5,-61
1754124049.94546,4,-6,-64
1754124049.98146,8,-1,-66
1754124050.0194602,6,0,-61
1754124050.05746,-2,0,-68
1754124050.0954602,5,6,-61
1754124050.1344602,4,0,-77
1754124050.17046,0,2,-71
1754124050.20846,-5,2,-56
1754124050.2464602,-6,-5,-59
1754124050.28546,0,0,-55
1754124050.32146,-3,9,-60
1754124050.3584602,-1,2,-61
1754124050.39646,1,-3,-61
1754124050.43546,-5,-4,-57
1754124050.47246,-7,-7,-62
1754124050.5094602,3,1,-58
1754124050.54846,0,-1,-67
1754124050.58646,-4,4,-70
1754124050.62446,-6,0,-60
1754124050.66046,-12,-2,-65
1754124050.69846,-6,1,-60
1754124050.7364602,-2,0,-63
1754124050.77546,0,3,-63
1754124050.81146,0,1,-69
1754124050.8484602,-6,2,-68
1754124050.88646,-9,1,-58
1754124050.92546,0,-3,-67
1754124050.96146,0,-5,-60
1754124050.99946,2,-3,-69
1754124051.03746,5,1,-72
1754124051.07646,1,0,-61
1754124051.11446,-1,0,-77
1754124051.15046,0,1,-75
1754124051.1874602,-8,2,-66
1754124051.22646,-1,-1,-60
1754124051.26446,-6,-4,-61
1754124051.30046,-2,-5,-56
1754124051.3384602,-6,-3,-62
1754124051.37646,0,-3,-65
1754124051.41546,-4,-3,-60
1754124051.45146,-3,-5,-59
1754124051.48946,-3,-1,-64
1754124051.52746,-1,0,-68
1754124051.56646,-4,5,-59
1754124051.60446,-6,2,-59
1754124051.64046,-2,3,-56
1754124051.67846,-1,3,-63
1754124051.71646,-6,0,-62
1754124051.75546,-6,2,-69
1754124051.79146,-8,-1,-76
1754124051.82946,-7,0,-69
1754124051.8684602,-4,0,-62
1754124051.90646,2,-1,-78
1754124051.94246,-4,-4,-68
1754124051.98146,-3,-3,-65
1754124052.01846,0,0,-67
1754124052.05646,0,-6,-62
1754124052.0954602,2,-2,-77
1754124052.1314602,1,4,-62
1754124052.16846,7,0,-67
1754124052.20646,-4,-6,-63
1754124052.24546,0,0,-57
1754124052.28146,-3,3,-73
1754124052.31846,1,5,-73
1754124052.35646,0,0,-64
1754124052.39546,0,-11,-58
1754124052.43146,0,-5,-65
1754124052.46946,-1,2,-64
1754124052.50746,-3,4,-73
1754124052.5464602,-1,-4,-68
1754124052.5824602,-1,-1,-74
1754124052.62046,2,0,-65
1754124052.65946,1,0,-58
1754124052.6974602,-1,0,-58
1754124052.73546,-2,1,-62
1754124052.77146,3,2,-69
1754124052.8094602,4,-4,-59
1754124052.84746,-2,-2,-51
1754124052.88546,-5,0,-60
1754124052.9214602,-6,0,-74
1754124052.95946,-8,0,-64
1754124052.99746,-10,0,-65
1754124053.0364602,-10,-1,-65
1754124053.0724602,0,4,-59
1754124053.10946,-2,-2,-61
1754124053.14746,-3,-2,-67
1754124053.18646,-3,-3,-70
1754124053.22246,1,3,-68
1754124053.2594602,-3,-2,-64
1754124053.29746,-9,0,-60
1754124053.33646,3,-4,-56
1754124053.37246,6,-8,-68
1754124053.41046,3,-3,-63
1754124053.44846,-8,-9,-68
1754124053.48746,-4,0,-82
1754124053.52546,-1,-1,-79
1754124053.56146,0,9,-75
1754124053.59946,7,5,-72
1754124053.63746,2,-2,-74
1754124053.67646,-4,-8,-80
1754124053.71246,1,-3,-68
1754124053.75146,1,0,-65
1754124053.78846,-2,0,-63
1754124053.82746,0,1,-62
1754124053.8654602,-7,7,-67
1754124053.9014602,-7,0,-67
1754124053.93946,-4,0,-60
1754124053.97746,-2,-3,-75
1754124054.0164602,4,-4,-66
1754124054.0524602,6,-2,-61
1754124054.09046,1,-5,-71
1754124054.1284602,-6,2,-72
1754124054.1674602,0,3,-66
1754124054.20346,1,5,-71
1754124054.24146,0,-1,-63
1754124054.2794602,0,0,-68
1754124054.31746,-1,1,-58
1754124054.35646,-2,-3,-66
1754124054.39246,-5,-2,-64
1754124054.43046,0,3,-65
1754124054.46846,2,-1,-62
1754124054.50746,-3,-4,-63
1754124054.54346,-2,-5,-55
1754124054.58146,-6,-3,-63
1754124054.61946,-5,-1,-55
1754124054.6574602,0,-9,-70
1754124054.69646,-1,-3,-58
1754124054.7334602,1,0,-63
1754124054.77046,6,-5,-69
1754124054.80846,1,0,-72
1754124054.84746,-6,8,-61
1754124054.88346,0,7,-59
1754124054.9214602,-5,0,-61
1754124054.95846,4,-9,-62
1754124054.99746,-3,-5,-58
1754124055.03346,3,-5,-57
1754124055.07146,2,-6,-52
1754124055.10946,3,0,-57
1754124055.14846,-5,-5,-56
1754124055.18646,-1,-8,-61
1754124055.22246,0,0,-73
1754124055.2594602,4,-5,-65
1754124055.29846,1,-5,-62
1754124055.33646,2,2,-58
1754124055.37246,-4,0,-64
1754124055.40946,-8,-2,-46
1754124055.44846,-4,-5,-57
1754124055.4864602,-7,-3,-70
1754124055.52246,0,3,-63
1754124055.56046,5,-7,-70
1754124055.5984602,9,-4,-73
1754124055.63746,6,2,-79
1754124055.68146,-3,6,-68
1754124055.7204602,-2,-1,-68
1754124055.75846,2,-7,-71
1754124055.7964602,-6,-8,-60
1754124055.83346,0,0,-73
1754124055.8714602,-4,-1,-78
1754124055.90846,4,3,-65
1754124055.9474602,2,-2,-70
1754124055.9834602,3,4,-59
1754124056.02146,4,0,-52
1754124056.05846,4,3,-58
1754124056.09746,1,-8,-56
1754124056.13346,4,-2,-63
1754124056.1714602,-1,-2,-63
1754124056.20846,-1,-1,-60
1754124056.24746,-2,-6,-68
1754124056.28346,-3,-2,-77
1754124056.32146,-4,-1,-58
1754124056.35946,2,-1,-61
1754124056.39846,0,-5,-66
1754124056.4344602,-7,0,-63
1754124056.47146,-2,-1,-60
1754124056.5094602,3,0,-64
1754124056.54846,-5,-3,-69
1754124056.58446,-4,-2,-59
1754124056.62246,-7,-2,-56
1754124056.66046,0,3,-67
1754124056.69846,3,5,-72
1754124056.73746,-1,1,-50
1754124056.77346,-2,5,-62
1754124056.81146,0,-3,-47
1754124056.85046,0,-1,-61
1754124056.8884602,0,-4,-63
1754124056.9244602,-4,-4,-67
1754124056.9634602,1,0,-73
1754124057.00046,0,-4,-62
1754124057.03846,2,-6,-63
1754124057.07746,3,-8,-74
1754124057.11346,5,-1,-72
1754124057.15046,1,1,-72
1754124057.18946,1,1,-59
1754124057.22746,0,0,-70
1754124057.2634602,10,1,-71
1754124057.30146,-2,4,-66
1754124057.33946,5,2,-76
1754124057.3784602,2,3,-76
1754124057.4144602,-2,0,-72
1754124057.45246,0,-8,-79
1754124057.49146,3,-5,-77
1754124057.5294602,2,3,-69
1754124057.56746,0,-4,-69
1754124057.60346,2,0,-52
1754124057.6414602,5,0,-55
1754124057.67946,-8,-2,-64
1754124057.71846,-6,-1,-62
1754124057.75446,0,-5,-72
1754124057.7924602,2,-3,-57
1754124057.83046,7,-6,-61
1754124057.86946,8,-3,-55
1754124057.9074602,7,1,-59
1754124057.94346,5,0,-65
1754124057.9804602,0,-1,-64
1754124058.0194602,0,-2,-65
1754124058.05746,-5,0,-61
1754124058.09346,-4,-1,-72
1754124058.1314602,-6,-7,-68
1754124058.16946,-2,-4,-66
1754124058.20846,-10,-12,-50
1754124058.24446,-1,-6,-53
1754124058.2824602,-2,-3,-56
1754124058.32146,-5,-3,-65
1754124058.35946,-8,1,-52
1754124058.39746,-4,1,-52
1754124058.43346,1,-5,-62
1754124058.47146,-4,4,-81
1754124058.5094602,-1,3,-64
1754124058.54846,4,1,-65
1754124058.58446,0,1,-71
1754124058.6214602,-2,-4,-67
1754124058.65946,-1,-1,-56
1754124058.69846,-8,2,-65
1754124058.73446,-5,0,-67
1754124058.77246,0,-3,-61
1754124058.81046,6,-6,-59
1754124058.84946,0,-3,-66
1754124058.88546,0,-1,-65
1754124058.92346,-4,3,-75
1754124058.96146,0,-5,-80
1754124059.00046,0,-2,-78
1754124059.03846,0,2,-80
1754124059.07446,-3,-1,-71
1754124059.11346,-6,0,-66
1754124059.15046,-6,-5,-65
1754124059.18946,0,-8,-67
1754124059.22546,3,-2,-70
1754124059.2634602,2,1,-71
1754124059.30046,0,-2,-61
1754124059.33946,-6,5,-54
1754124059.37546,-9,0,-57
1754124059.41346,-5,-2,-50
1754124059.4504602,7,8,-57
1754124059.48946,-1,7,-61
1754124059.52546,-3,0,-64
1754124059.56346,7,5,-63
1754124059.60146,2,0,-57
1754124059.64046,2,0,-54
1754124059.67846,8,3,-60
1754124059.71446,0,5,-59
1754124059.75146,3,-6,-55
1754124059.79046,-3,0,-59
1754124059.82846,-1,-4,-56
1754124059.86446,1,0,-60
1754124059.9014602,2,0,-60
1754124059.9404602,-2,-6,-56
1754124059.97846,-7,-2,-61
1754124060.01446,-5,-1,-64
1754124060.0524602,0,0,-62
1754124060.09146,-2,-6,-59
1754124060.12946,4,-6,-58
1754124060.16546,5,-1,-57
1754124060.20446,2,-3,-65
1754124060.24146,-6,1,-73
1754124060.28046,-2,7,-59
1754124060.31846,1,-4,-64
1754124060.35446,4,-4,-67
1754124060.3914602,-3,7,-69
1754124060.43046,-4,0,-71
1754124060.46846,-5,2,-67
1754124060.50446,-3,4,-63
1754124060.5424602,-3,2,-62
1754124060.58046,5,2,-66
1754124060.61946,-4,0,-55
1754124060.65546,5,-1,-64
1754124060.69246,5,0,-73
1754124060.7304602,-1,-2,-68
1754124060.7694602,-2,0,-72
1754124060.80646,3,-5,-71
1754124060.84346,5,-5,-70
1754124060.8814602,3,-7,-73
1754124060.92046,3,-7,-67
1754124060.95646,0,-3,-74
1754124060.99446,-3,-3,-71
1754124061.0324602,8,-9,-63
1754124061.07046,0,-5,-69
1754124061.10946,-2,2,-66
1754124061.14546,0,-3,-62
1754124061.18346,2,-7,-68
1754124061.22146,1,-5,-46
1754124061.26046,-6,-1,-67
1754124061.2964602,0,-3,-63
1754124061.33446,-4,-5,-58
1754124061.37246,0,-3,-68
1754124061.41046,0,-2,-56
1754124061.44946,1,-5,-59
1754124061.4864602,0,-2,-67
1754124061.52446,4,-4,-59
1754124061.56146,-2,0,-68
1754124061.60046,-3,-8,-67
1754124061.63646,-4,-1,-70
1754124061.6744602,-3,-2,-66
1754124061.7134602,-5,2,-65
1754124061.75146,-10,-5,-71
1754124061.7894602,1,0,-61
1754124061.8254602,0,-4,-55
1754124061.86346,-2,-7,-56
1754124061.9014602,7,0,-59
1754124061.9404602,7,1,-64
1754124061.97646,0,-4,-62
1754124062.01446,1,0,-57
1754124062.05346,-1,0,-49
1754124062.09146,4,-3,-61
1754124062.12946,1,3,-67
1754124062.16546,-5,-1,-62
1754124062.20346,-4,0,-59
1754124062.24146,-11,3,-57
1754124062.28046,-7,1,-51
1754124062.31646,-9,1,-52
1754124062.35446,0,-7,-59
1754124062.3914602,-8,-1,-66
1754124062.43046,-3,-5,-64
1754124062.46646,6,-4,-66
1754124062.5034602,1,2,-58
1754124062.54146,6,-2,-64
1754124062.58046,-3,-8,-65
1754124062.61646,2,-3,-61
1754124062.6544602,-1,0,-74
1754124062.69246,1,-4,-63
1754124062.73146,0,-2,-64
1754124062.7694602,0,0,-60
1754124062.80546,0,-1,-48
1754124062.84346,0,-2,-49
1754124062.8814602,-12,2,-63
1754124062.92046,-7,-2,-68
1754124062.9574602,-7,0,-55
1754124062.99446,-7,-2,-66
1754124063.0324602,1,-6,-68
1754124063.07146,0,-5,-59
1754124063.10946,0,-8,-63
1754124063.14546,-1,-7,-66
1754124063.1844602,6,-2,-72
1754124063.22146,0,-4,-69
1754124063.26046,-1,5,-72
1754124063.2964602,7,1,-66
1754124063.33446,0,3,-66
1754124063.37246,-1,3,-62
1754124063.4114602,3,4,-57
1754124063.4474602,0,2,-61
1754124063.48446,-4,0,-69
1754124063.52246,-6,-6,-64
1754124063.56146,-5,-5,-73
1754124063.59746,-5,-7,-65
1754124063.63546,-6,7,-61
1754124063.67346,-2,1,-68
1754124063.71246,0,1,-63
1754124063.75046,6,4,-61
1754124063.7864602,0,-7,-60
1754124063.82446,-9,-3,-71
1754124063.86246,-1,1,-67
1754124063.9014602,-6,1,-64
1754124063.9374602,0,-1,-66
1754124063.97546,-7,-4,-67
1754124064.0134602,-6,-4,-59
1754124064.05146,-3,-5,-67
1754124064.09046,1,-4,-58
1754124064.12646,7,-2,-68
1754124064.1644602,5,0,-68
1754124064.20246,1,-7,-68
1754124064.24146,-2,-6,-59
1754124064.27746,-3,-4,-59
1754124064.3154602,2,-2,-60
1754124064.35346,8,-4,-62
1754124064.39246,6,2,-64
1754124064.43046,6,5,-69
1754124064.46646,-1,-6,-63
1754124064.50546,-1,2,-64
1754124064.5424602,1,3,-75
1754124064.58146,0,5,-66
1754124064.61746,-1,-4,-55
1754124064.65546,7,-4,-61
1754124064.69346,4,0,-66
1754124064.73246,0,3,-58
1754124064.77046,0,1,-67
1754124064.80646,1,-2,-74
1754124064.84446,0,0,-72
1754124064.88246,0,-4,-72
1754124064.9214602,5,-1,-63
1754124064.9574602,5,-2,-57
1754124064.99546,-5,-3,-71
1754124065.03446,-6,-4,-65
1754124065.0724602,0,0,-73
1754124065.11046,5,-5,-73
1754124065.14646,3,5,-63
1754124065.1844602,5,-1,-61
1754124065.22246,0,4,-50
1754124065.26146,5,0,-48
1754124065.29746,4,-4,-59
1754124065.3354602,1,-4,-75
1754124065.37346,-1,-2,-56
1754124065.41246,0,-3,-45
1754124065.44846,-3,-4,-53
1754124065.4864602,0,-2,-63
1754124065.52546,0,-3,-61
1754124065.5624602,-7,3,-68
1754124065.60146,-9,0,-69
1754124065.63746,-1,2,-62
1754124065.6744602,-5,-5,-73
1754124065.71846,-4,-3,-61
1754124065.7564602,0,-4,-65
1754124065.79446,1,0,-68
1754124065.8324602,-5,0,-69
1754124065.8714602,-6,-6,-67
1754124065.9074602,-1,8,-68
1754124065.94646,-4,0,-56
1754124065.9834602,2,3,-68
1754124066.02246,-3,-5,-65
1754124066.05846,0,-1,-63
1754124066.09646,-6,0,-55
1754124066.1344602,0,0,-62
1754124066.17346,-4,-3,-66
1754124066.21146,-2,-2,-64
1754124066.24746,4,-3,-67
1754124066.28546,-1,-4,-71
1754124066.32346,-5,-4,-65
1754124066.36246,0,-6,-63
1754124066.39846,-1,-1,-51
1754124066.43646,0,1,-64
1754124066.47446,-6,1,-62
1754124066.5134602,1,0,-71
1754124066.55146,0,1,-64
1754124066.58746,0,-6,-61
1754124066.62546,5,-6,-57
1754124066.66346,-1,-7,-61
1754124066.70246,-12,0,-57
1754124066.73846,1,0,-58
1754124066.7764602,6,1,-63
1754124066.81446,-4,-3,-59
1754124066.85346,2,-1,-61
1754124066.8914602,0,-1,-65
1754124066.9274602,0,-3,-53
1754124066.96446,1,-2,-63
1754124067.0034602,-1,0,-70
1754124067.04146,-4,5,-59
1754124067.07746,-4,-2,-55
1754124067.1154602,-2,-6,-63
1754124067.15346,-3,-5,-61
1754124067.19246,-2,5,-70
1754124067.22846,-5,9,-68
1754124067.2664602,-6,0,-62
1754124067.30446,-6,0,-59
1754124067.34346,-6,-2,-57
1754124067.3814602,-10,0,-67
1754124067.4174602,0,-1,-57
1754124067.45646,0,-3,-57
1754124067.4934602,-4,0,-63
1754124067.5324602,-3,0,-59
1754124067.56846,-4,1,-69
1754124067.60646,3,-4,-70
1754124067.6444602,-3,-3,-65
1754124067.68346,-4,2,-58
1754124067.71946,-11,1,-53
1754124067.75746,-1,-5,-62
1754124067.79546,9,-5,-70
1754124067.83346,4,-4,-61
1754124067.87246,3,5,-64
1754124067.90846,0,-1,-74
1754124067.94546,1,0,-67
1754124067.9834602,5,-3,-63
1754124068.02246,-5,0,-68
1754124068.05846,2,0,-60
1754124068.0954602,0,0,-64
1754124068.13346,3,-4,-71
1754124068.17246,-5,-1,-52
1754124068.20846,1,0,-64
1754124068.2464602,9,-2,-65
1754124068.28546,-3,-1,-72
1754124068.32346,-5,-2,-60
1754124068.35946,0,-1,-61
1754124068.39846,0,0,-58
1754124068.43546,-4,-6,-67
1754124068.4734602,-8,-1,-69
1754124068.51246,0,-3,-65
1754124068.54846,-9,0,-65
1754124068.58646,-1,0,-69
1754124068.62446,10,3,-79
1754124068.66346,4,-6,-71
1754124068.69946,-4,-6,-71
1754124068.73746,-2,0,-65
1754124068.77546,-3,1,-58
1754124068.81446,-5,-2,-58
1754124068.85246,-3,-7,-62
1754124068.8884602,-2,-4,-70
1754124068.92646,-4,0,-67
1754124068.96546,1,3,-63
1754124069.0034602,0,0,-69
1754124069.0394602,-2,-2,-65
1754124069.07746,-2,-2,-78
1754124069.1154602,-8,-1,-69
1754124069.1544602,-12,-8,-73
1754124069.19246,0,-5,-63
1754124069.22846,-2,-3,-64
1754124069.2664602,4,2,-60
1754124069.30446,-1,3,-75
1754124069.34346,-3,-8,-74
1754124069.37946,-2,-5,-68
1754124069.4174602,-9,0,-67
1754124069.45646,-4,-6,-71
1754124069.49446,-1,-1,-73
1754124069.5324602,4,-2,-63
1754124069.56846,3,3,-62
1754124069.6054602,9,2,-70
1754124069.6444602,7,0,-68
1754124069.68246,6,-5,-56
1754124069.71846,-2,-14,-54
1754124069.7564602,-11,-6,-70
1754124069.79446,-9,2,-72
1754124069.83346,-6,-1,-70
1754124069.86946,-2,0,-66
1754124069.90646,-1,-4,-59
1754124069.9444602,2,1,-62
1754124069.9834602,4,-6,-62
1754124070.0194602,1,0,-66
1754124070.05646,-5,-2,-55
1754124070.09446,-1,-2,-68
1754124070.13346,-4,0,-70
1754124070.16946,-1,-1,-71
1754124070.2074602,-1,4,-65
1754124070.24546,-1,-5,-67
1754124070.28446,-10,-2,-70
1754124070.32046,-8,1,-75
1754124070.35746,-4,-2,-73
1754124070.39546,3,-4,-62
1754124070.4344602,3,2,-62
1754124070.4704602,-2,0,-65
1754124070.50746,-4,-7,-56
1754124070.54546,0,0,-65
1754124070.58446,-1,0,-63
1754124070.62046,-1,1,-66
1754124070.6574602,4,0,-62
1754124070.69546,0,2,-58
1754124070.73446,0,0,-59
1754124070.77046,0,1,-62
1754124070.80746,5,0,-61
1754124070.8454602,0,-2,-69
1754124070.8844602,0,0,-61
1754124070.92046,5,-2,-61
1754124070.9574602,5,-4,-45
1754124070.99546,0,-3,-62
1754124071.03446,1,-2,-58
1754124071.07046,4,0,-65
1754124071.10746,-4,0,-63
1754124071.14546,0,0,-64
1754124071.1844602,-5,4,-63
1754124071.2204602,-5,1,-70
1754124071.25746,2,-2,-63
1754124071.29546,5,-2,-60
1754124071.33446,-2,-6,-54
1754124071.37046,2,-4,-59
1754124071.4074602,2,0,-72
1754124071.44546,0,-1,-60
1754124071.48446,-3,-1,-54
1754124071.52046,-1,-3,-58
1754124071.55846,-5,3,-65
1754124071.59646,-7,-2,-65
1754124071.63546,-17,2,-69
1754124071.67346,-2,0,-68
1754124071.70946,-4,0,-71
1754124071.74746,4,-1,-64
1754124071.7864602,-5,-3,-64
1754124071.82446,-3,1,-65
1754124071.86046,-1,-3,-65
1754124071.89946,1,-4,-69
1754124071.93646,9,-2,-79
1754124071.97546,5,4,-58
1754124072.0134602,0,-4,-52
1754124072.0494602,-3,0,-60
1754124072.08646,-2,4,-57
1754124072.12546,-3,-1,-61
1754124072.16346,3,0,-59
1754124072.19946,0,-2,-57
1754124072.23746,7,-6,-64
1754124072.27546,2,-7,-66
1754124072.31446,3,-4,-68
1754124072.35046,-2,1,-68
1754124072.3884602,2,-1,-71
1754124072.42646,0,-6,-66
1754124072.46546,4,-1,-68
1754124072.50146,0,0,-57
1754124072.5394602,3,-4,-57
1754124072.57746,-1,-6,-67
1754124072.61646,-2,2,-64
1754124072.6544602,-8,-1,-66
1754124072.69146,-8,0,-66
1754124072.72846,1,5,-60
1754124072.7664602,1,1,-68
1754124072.80546,6,2,-58
1754124072.84146,-1,6,-55
1754124072.87946,-7,2,-56
1754124072.9174602,3,-4,-58
1754124072.95546,8,0,-67
1754124072.99446,0,3,-66
1754124073.03046,-5,-1,-68
1754124073.06846,-2,1,-65
1754124073.10646,4,-4,-64
1754124073.14546,2,-4,-68
1754124073.18146,-4,3,-49
1754124073.2204602,-1,-2,-57
1754124073.25746,0,-8,-63
1754124073.2964602,5,-4,-58
1754124073.33446,-5,-2,-76
1754124073.37046,0,-3,-74
1754124073.40846,3,4,-65
1754124073.44646,8,2,-69
1754124073.48546,3,1,-75
1754124073.52146,1,-1,-58
1754124073.5594602,0,-4,-57
1754124073.59746,-5,-2,-58
1754124073.63646,-6,2,-66
1754124073.6744602,-10,-2,-68
1754124073.7104602,-5,-4,-62
1754124073.74846,-1,3,-55
1754124073.78746,0,-1,-53
1754124073.8254602,7,2,-57
1754124073.8614602,4,1,-59
1754124073.89846,-3,3,-64
1754124073.9374602,0,0,-61
1754124073.97546,-3,2,-59
1754124074.01146,0,0,-52
1754124074.04846,-2,4,-65
1754124074.08746,8,0,-58
1754124074.12546,0,-5,-49
1754124074.1614602,-5,1,-58
1754124074.2004602,5,-2,-59
1754124074.23746,1,-4,-61
1754124074.2764602,1,0,-71
1754124074.31446,0,3,-54
1754124074.35046,-2,0,-51
1754124074.3884602,-1,9,-56
1754124074.42646,0,2,-53
1754124074.46546,0,-5,-64
1754124074.50146,8,-2,-56
1754124074.54046,0,0,-53
1754124074.57746,1,0,-68
1754124074.61646,-8,4,-61
1754124074.65246,-2,0,-57
1754124074.6904602,6,5,-60
1754124074.72846,1,-2,-62
1754124074.76746,0,3,-72
1754124074.80546,4,2,-61
1754124074.84146,4,-1,-72
1754124074.87946,5,0,-67
1754124074.9174602,9,0,-58
1754124074.95646,3,1,-54
1754124074.99246,0,2,-64
1754124075.0294602,-7,3,-71
1754124075.06746,0,3,-78
1754124075.10646,6,-3,-61
1754124075.14246,2,-1,-61
1754124075.18046,2,4,-58
1754124075.21846,2,7,-63
1754124075.25746,0,-4,-70
1754124075.29546,0,-5,-68
1754124075.33146,0,-2,-72
1754124075.36946,3,-2,-77
1754124075.4074602,4,0,-62
1754124075.44646,0,-2,-54
1754124075.48246,1,-9,-68
1754124075.52146,4,-1,-63
1754124075.55846,-4,0,-65
1754124075.59746,-6,1,-68
1754124075.63546,-5,4,-61
1754124075.6714602,-1,-3,-67
1754124075.70946,5,-3,-61
1754124075.75546,0,0,-66
1754124075.7924602,-5,-6,-69
1754124075.82946,1,0,-63
1754124075.86746,5,-13,-70
1754124075.90646,3,-8,-70
1754124075.94246,6,-6,-66
1754124075.9804602,-4,2,-66
1754124076.01846,-5,-4,-65
1754124076.05746,-6,-5,-64
1754124076.0954602,-1,0,-61
1754124076.1314602,1,4,-70
1754124076.16846,-10,-2,-64
1754124076.2074602,1,0,-74
1754124076.24546,1,-1,-70
1754124076.28146,2,-3,-67
1754124076.3194602,3,-1,-68
1754124076.35746,1,2,-64
1754124076.39646,-3,6,-67
1754124076.43246,-6,5,-62
1754124076.4704602,-5,0,-77
1754124076.5094602,-1,1,-67
1754124076.54746,-5,-4,-66
1754124076.5854602,-2,-5,-56
1754124076.6214602,2,-6,-67
1754124076.65946,4,0,-61
1754124076.6974602,0,3,-68
1754124076.7364602,4,4,-59
1754124076.77246,-1,1,-60
1754124076.81046,-4,-3,-59
1754124076.8484602,-4,-4,-63
1754124076.88746,-2,-3,-62
1754124076.92346,2,-4,-61
1754124076.96146,-3,1,-61
1754124076.99946,-2,-2,-61
1754124077.03846,-4,-3,-61
1754124077.07646,1,-2,-53
1754124077.11246,0,0,-51
1754124077.14946,0,2,-60
1754124077.18846,-2,0,-51
1754124077.22646,4,4,-54
1754124077.26246,-4,3,-68
1754124077.30046,-9,2,-61
1754124077.3384602,0,-6,-57
1754124077.37746,-3,-4,-62
1754124077.41346,0,5,-73
1754124077.4504602,1,2,-78
1754124077.48846,1,-4,-75
1754124077.52746,2,1,-64
1754124077.56346,7,0,-60
1754124077.60046,11,0,-57
1754124077.6384602,0,-3,-71
1754124077.6774602,-5,-6,-70
1754124077.7134602,7,-1,-70
1754124077.75046,-1,-4,-63
1754124077.78846,4,-5,-71
1754124077.82746,3,-4,-68
1754124077.86346,-1,-5,-64
1754124077.9014602,10,-2,-65
1754124077.93946,-3,-2,-68
1754124077.97846,2,-9,-68
1754124078.0164602,1,2,-57
1754124078.0524602,2,1,-62
1754124078.08946,-4,7,-53
1754124078.1284602,-1,0,-61
1754124078.16646,-5,-3,-70
1754124078.20246,0,-3,-68
1754124078.2404602,1,-2,-70
1754124078.27846,2,-3,-58
1754124078.31746,0,-7,-59
1754124078.35346,-1,-9,-56
1754124078.3914602,-3,-1,-71
1754124078.42946,-3,0,-68
1754124078.46846,-6,-2,-71
1754124078.5064602,-1,1,-72
1754124078.5424602,-4,-3,-60
1754124078.58046,-1,0,-68
1754124078.6184602,-6,4,-67
1754124078.6574602,3,4,-62
1754124078.69346,-1,-1,-65
1754124078.73146,4,-3,-65
1754124078.7694602,-3,0,-75
1754124078.80846,1,-4,-68
1754124078.84646,-2,-6,-68
1754124078.88246,5,2,-68
1754124078.91946,6,-2,-59
1754124078.95846,0,-1,-62
1754124078.9964602,4,-4,-70
1754124079.0324602,-2,-8,-64
1754124079.07046,1,-7,-76
1754124079.1084602,5,0,-74
1754124079.14746,1,-3,-70
1754124079.18346,-2,0,-67
1754124079.22146,-4,1,-76
1754124079.2594602,-9,0,-67
1754124079.29846,-4,3,-60
1754124079.33446,-1,0,-63
1754124079.37246,-1,-4,-55
1754124079.41046,0,-3,-59
1754124079.44846,1,-6,-52
1754124079.48746,-2,2,-57
1754124079.52346,2,3,-64
1754124079.56046,9,1,-58
1754124079.5984602,-1,0,-50
1754124079.63746,-2,0,-61
1754124079.67346,-2,-1,-58
1754124079.71146,-6,0,-55
1754124079.74946,-2,5,-55
1754124079.78846,-1,3,-56
1754124079.82446,-4,8,-64
1754124079.86246,-9,-2,-71
1754124079.9014602,-8,-6,-74
1754124079.93846,0,-4,-69
1754124079.97746,-2,5,-65
1754124080.0134602,-1,0,-61
1754124080.05146,0,0,-70
1754124080.08946,7,3,-69
1754124080.1284602,1,-3,-62
1754124080.1644602,-1,-2,-54
1754124080.20246,-1,-5,-68
1754124080.2404602,2,-8,-66
1754124080.2794602,0,-7,-71
1754124080.31746,-3,-4,-59
1754124080.35346,-7,-1,-71
1754124080.3914602,2,-2,-63
1754124080.42946,1,-2,-65
1754124080.46846,2,-7,-60
1754124080.50446,3,-5,-59
1754124080.5424602,3,-1,-70
1754124080.58146,6,-2,-64
1754124080.61946,5,0,-74
1754124080.6574602,-5,0,-60
1754124080.69346,-4,-2,-50
1754124080.73146,-7,-2,-70
1754124080.77046,-10,-6,-58
1754124080.80846,-2,-9,-70
1754124080.84446,-1,0,-70
1754124080.88246,-6,7,-66
1754124080.92046,-3,0,-59
1754124080.95946,4,-1,-57
1754124080.99746,0,3,-62
1754124081.03346,0,1,-68
1754124081.07046,0,-1,-73
1754124081.10946,0,-4,-70
1754124081.14746,0,0,-66
1754124081.18346,2,-3,-62
1754124081.2204602,4,0,-65
1754124081.2594602,6,6,-68
1754124081.29746,0,2,-61
1754124081.33346,-1,0,-52
1754124081.3714602,0,-8,-63
1754124081.40946,-2,-2,-70
1754124081.44846,-1,-1,-69
1754124081.48446,-6,-5,-61
1754124081.52246,-8,-4,-68
1754124081.56046,-4,-1,-62
1754124081.59946,5,-3,-65
1754124081.63546,0,-1,-61
1754124081.6744602,0,0,-64
1754124081.71146,-7,6,-59
1754124081.74946,-2,2,-60
1754124081.78846,-4,3,-57
1754124081.82446,-6,0,-62
1754124081.86246,-2,-2,-59
1754124081.90046,-2,-4,-64
1754124081.93946,-1,-8,-61
1754124081.97546,-3,1,-70
1754124082.0134602,-7,0,-63
1754124082.05146,0,0,-61
1754124082.08946,-9,2,-60
1754124082.1284602,-5,-6,-73
1754124082.1644602,-7,0,-74
1754124082.20246,1,1,-69
1754124082.24146,-6,-3,-63
1754124082.2794602,0,-5,-63
1754124082.3154602,0,-3,-72
1754124082.35246,-1,-6,-80
1754124082.3914602,3,-3,-81
1754124082.42946,6,-5,-65
1754124082.46546,-1,0,-73
1754124082.50246,-4,0,-58
1754124082.54146,-3,-2,-56
1754124082.57946,3,0,-49
1754124082.6154602,-5,6,-55
1754124082.65246,-3,0,-56
1754124082.69146,-8,-4,-69
1754124082.72946,-4,1,-63
1754124082.76546,-1,0,-57
1754124082.8024602,-5,-3,-66
1754124082.84146,4,-2,-73
1754124082.87946,6,-5,-64
1754124082.91546,3,-7,-60
1754124082.95246,7,-6,-58
1754124082.9904602,7,-1,-70
1754124083.0294602,5,-1,-60
1754124083.0654602,-1,5,-70
1754124083.10246,-6,6,-63
1754124083.1414602,-10,1,-67
1754124083.17946,-4,-6,-67
1754124083.21546,0,-2,-62
1754124083.2534602,-1,-5,-58
1754124083.29146,-1,-9,-65
1754124083.33046,5,-2,-61
1754124083.3684602,-4,-7,-55
1754124083.4044602,-6,0,-50
1754124083.44246,-1,2,-61
1754124083.4804602,-4,0,-66
1754124083.5194602,-4,3,-74
1754124083.55546,-2,4,-65
1754124083.59346,3,-3,-67
1754124083.6314602,5,0,-69
1754124083.67046,0,-6,-60
1754124083.70846,1,2,-59
1754124083.74446,0,-1,-59
1754124083.78146,0,-8,-62
1754124083.82046,0,-7,-66
1754124083.85646,-8,-5,-62
1754124083.8944602,-3,-5,-67
1754124083.93246,0,-3,-65
1754124083.97146,-3,2,-63
1754124084.0094602,-9,-1,-61
1754124084.0464602,-1,0,-61
1754124084.08346,-4,2,-57
1754124084.1214602,2,-2,-49
1754124084.16046,0,0,-60
1754124084.19646,-1,-4,-57
1754124084.23446,8,-4,-55
1754124084.27246,0,8,-60
1754124084.31046,0,2,-53
1754124084.34946,-3,4,-54
1754124084.38546,4,6,-64
1754124084.42246,4,2,-69
1754124084.4604602,-4,1,-70
1754124084.49946,-6,-1,-74
1754124084.53546,-7,-3,-74
1754124084.57346,2,1,-68
1754124084.6114602,0,-7,-56
1754124084.65046,-3,1,-53
1754124084.68646,-1,3,-57
1754124084.72446,1,1,-65
1754124084.7634602,-3,-8,-56
1754124084.80146,1,-5,-64
1754124084.83946,6,-4,-66
1754124084.87546,9,-3,-66
1754124084.91346,4,-6,-67
1754124084.95146,-1,-9,-75
1754124084.98946,-2,-5,-69
1754124085.02546,-3,-4,-71
1754124085.06346,0,-3,-52
1754124085.10146,1,-3,-60
1754124085.14046,-6,-4,-66
1754124085.17646,-4,-3,-58
1754124085.21446,2,4,-55
1754124085.25246,-1,-1,-69
1754124085.29146,4,-3,-63
1754124085.32946,0,-6,-62
1754124085.3654602,7,-9,-61
1754124085.40346,-4,-5,-59
1754124085.44146,-2,-4,-63
1754124085.4804602,-1,-3,-76
1754124085.5164602,-2,-1,-68
1754124085.55446,4,2,-62
1754124085.5924602,1,-3,-62
1754124085.6314602,5,-4,-70
1754124085.66946,3,-4,-64
1754124085.70546,7,0,-57
1754124085.74246,3,4,-45
1754124085.7864602,9,-1,-58
1754124085.82446,8,-1,-66
1754124085.86346,4,1,-64
1754124085.9014602,-2,1,-62
1754124085.93946,-2,0,-63
1754124085.97546,-4,-3,-66
1754124086.0134602,-5,-4,-58
1754124086.05146,-1,0,-72
1754124086.09046,5,-6,-68
1754124086.12646,8,-3,-64
1754124086.1644602,-3,-3,-66
1754124086.20246,-1,-3,-63
1754124086.24146,2,0,-49
1754124086.27746,2,-8,-60
1754124086.3154602,1,-4,-59
1754124086.35346,0,-6,-60
1754124086.3914602,-1,0,-66
1754124086.43046,-4,-5,-58
1754124086.46646,1,-7,-62
1754124086.5034602,1,-4,-65
1754124086.54146,-3,-8,-56
1754124086.58046,-9,-3,-69
1754124086.61646,-6,-4,-62
1754124086.6544602,0,-4,-67
1754124086.69346,-1,1,-71
1754124086.73146,0,8,-63
1754124086.76746,10,2,-71
1754124086.80446,7,0,-62
1754124086.84346,-3,-4,-61
1754124086.8814602,0,-3,-62
1754124086.9174602,-2,-1,-58
1754124086.95646,-1,-6,-68
1754124086.9934602,-5,-1,-74
1754124087.0324602,-3,0,-64
1754124087.07046,2,2,-56
1754124087.10646,3,2,-55
1754124087.14346,2,0,-67
1754124087.18246,0,-2,-71
1754124087.2204602,-4,5,-58
1754124087.2564602,-1,3,-56
1754124087.29446,-2,1,-73
1754124087.3324602,1,-1,-70
1754124087.3714602,2,-7,-66
1754124087.4074602,4,-5,-62
1754124087.44546,-1,-3,-71
1754124087.48446,11,-8,-70
1754124087.52246,6,-2,-69
1754124087.56046,4,-5,-72
1754124087.59646,4,-6,-58
1754124087.6344602,1,0,-62
1754124087.67346,0,-1,-65
1754124087.71146,8,0,-66
1754124087.74746,6,-9,-65
1754124087.78546,7,-1,-61
1754124087.82346,-4,4,-59
1754124087.86246,0,2,-74
1754124087.90046,4,-6,-65
1754124087.93646,1,-6,-67
1754124087.97446,2,-8,-55
1754124088.0134602,3,-5,-66
1754124088.05146,7,-2,-63
1754124088.08746,5,3,-64
1754124088.12546,3,-3,-61
1754124088.16346,-4,-1,-70
1754124088.20246,-9,-1,-72
1754124088.2404602,-4,-3,-68
1754124088.2764602,0,-4,-70
1754124088.31446,0,-2,-66
1754124088.35246,-7,0,-70
1754124088.3914602,-7,-3,-68
1754124088.4274602,-3,5,-68
1754124088.46546,1,0,-63
1754124088.5034602,5,0,-63
1754124088.5424602,-3,1,-72
1754124088.57846,-10,0,-66
1754124088.6154602,-4,-7,-62
1754124088.65346,-4,-7,-64
1754124088.69246,-3,-8,-63
1754124088.72846,1,-1,-65
1754124088.7664602,5,-2,-64
1754124088.80446,3,-3,-63
1754124088.8424602,1,-6,-63
1754124088.8814602,-1,1,-66
1754124088.9174602,0,1,-66
1754124088.95446,3,-5,-72
1754124088.99246,-4,-4,-69
1754124089.03146,-3,-1,-72
1754124089.06746,-3,0,-70
1754124089.1054602,-1,-1,-57
1754124089.1444602,0,-2,-63
1754124089.18246,-8,-1,-63
1754124089.21846,3,-2,-50
1754124089.25746,1,-4,-59
1754124089.29446,-3,-10,-59
1754124089.33346,2,-6,-52
1754124089.3714602,0,-8,-56
1754124089.4074602,-6,-2,-65
1754124089.44546,0,-3,-69
1754124089.4834602,0,3,-78
1754124089.52246,4,0,-65
1754124089.55846,-1,1,-65
1754124089.5954602,-7,1,-63
1754124089.63346,-4,3,-59
1754124089.67246,5,-6,-49
1754124089.70846,3,-1,-63
1754124089.74546,4,2,-55
1754124089.78346,10,3,-58
1754124089.8224602,7,3,-64
1754124089.8584602,7,3,-44
1754124089.89546,-3,-8,-51
1754124089.93346,0,-2,-60
1754124089.97246,0,-3,-63
1754124090.00846,-3,-7,-71
1754124090.04746,-2,0,-76
1754124090.0854602,0,4,-65
1754124090.12346,2,-3,-69
1754124090.1614602,8,-3,-63
1754124090.1974602,8,0,-67
1754124090.23446,0,-9,-76
1754124090.27346,-3,-8,-64
1754124090.31146,-7,-9,-66
1754124090.34746,-4,-6,-73
1754124090.38546,3,-6,-67
1754124090.4244602,4,-6,-67
1754124090.46246,-3,-8,-57
1754124090.49846,2,-2,-73
1754124090.5364602,2,2,-65
1754124090.57446,1,-8,-64
1754124090.61346,-3,-5,-58
1754124090.6514602,0,-5,-66
1754124090.6874602,0,-5,-65
1754124090.72446,0,-1,-65
1754124090.7634602,2,-7,-68
1754124090.7994602,5,-8,-66
1754124090.83746,-3,2,-60
1754124090.87546,1,1,-60
1754124090.91346,-4,-2,-57
1754124090.95246,-8,2,-55
1754124090.98846,1,-1,-62
1754124091.0264602,-6,0,-58
1754124091.06446,-1,0,-54
1754124091.10346,0,0,-55
1754124091.13946,1,-1,-59
1754124091.17846,-6,-2,-67
1754124091.21646,2,3,-63
1754124091.2534602,12,1,-62
1754124091.2924602,0,-1,-61
1754124091.32846,1,-4,-65
1754124091.36646,0,-3,-65
1754124091.4044602,0,0,-64
1754124091.44346,-4,-2,-69
1754124091.47946,-5,-4,-59
1754124091.51746,0,-9,-58
1754124091.55546,0,-4,-62
1754124091.59346,-3,-2,-64
1754124091.63246,-4,1,-62
1754124091.66846,5,-2,-62
1754124091.70646,0,-2,-70
1754124091.74446,-6,-4,-71
1754124091.78346,0,-6,-73
1754124091.8194602,0,-3,-77
1754124091.85646,1,-3,-69
1754124091.8944602,4,5,-65
1754124091.93346,3,-2,-60
1754124091.96946,5,0,-66
1754124092.0064602,2,-1,-60
1754124092.04546,8,1,-46
1754124092.08346,3,2,-59
1754124092.11946,2,5,-62
1754124092.15646,-3,1,-68
1754124092.19546,2,0,-73
1754124092.2334602,0,3,-61
1754124092.2694602,-1,-7,-55
1754124092.30746,-3,-4,-54
1754124092.3454602,3,3,-52
1754124092.3844602,11,8,-51
1754124092.42246,0,0,-62
1754124092.45846,0,-3,-62
1754124092.4964602,-3,1,-63
1754124092.53446,-3,-6,-74
1754124092.57346,-4,-5,-75
1754124092.60946,0,-3,-76
1754124092.64846,3,-1,-62
1754124092.68546,4,3,-57
1754124092.72446,2,0,-62
1754124092.76246,-1,-2,-65
1754124092.79846,-4,-2,-70
1754124092.83646,-2,0,-60
1754124092.87446,-2,-8,-58
1754124092.91346,-3,-3,-64
1754124092.94946,0,1,-74
1754124092.98746,4,3,-64
1754124093.02546,-9,7,-69
1754124093.06446,-9,1,-57
1754124093.10046,-3,5,-59
1754124093.13746,-1,-3,-73
1754124093.17546,-3,0,-77
1754124093.21446,0,1,-80
1754124093.25046,3,0,-75
1754124093.28746,-7,-3,-62
1754124093.3254602,0,-9,-79
1754124093.36446,-7,-5,-69
1754124093.40046,2,2,-61
1754124093.4374602,3,-1,-69
1754124093.47646,4,-1,-61
1754124093.51446,1,-4,-74
1754124093.55046,1,-5,-69
1754124093.5884602,-3,1,-72
1754124093.62746,0,0,-73
1754124093.6644602,3,-2,-69
1754124093.70346,1,-5,-70
1754124093.73946,-1,2,-76
1754124093.77746,3,-2,-75
1754124093.8154602,-3,-3,-72
1754124093.85446,-2,-4,-64
1754124093.89046,2,-3,-65
1754124093.92846,-2,-1,-77
1754124093.9674602,5,5,-76
1754124094.00546,6,2,-68
1754124094.04346,0,0,-69
1754124094.07946,3,0,-69
1754124094.11746,-3,0,-64
1754124094.15546,-1,-4,-61
1754124094.19346,2,3,-61
1754124094.22946,4,1,-65
1754124094.26746,3,1,-57
1754124094.30546,10,0,-53
1754124094.34446,0,0,-59
1754124094.38046,-1,-2,-65
1754124094.41846,-3,0,-60
1754124094.45646,-4,4,-65
1754124094.49546,0,2,-73
1754124094.53346,0,0,-67
1754124094.5694602,0,0,-69
1754124094.60746,-2,0,-62
1754124094.64546,-6,-5,-54
1754124094.6844602,-2,-7,-61
1754124094.7204602,3,1,-78
1754124094.75746,-1,0,-63
1754124094.79546,5,5,-54
1754124094.83446,-2,4,-65
1754124094.87046,-1,-3,-64
1754124094.90846,-1,-1,-64
1754124094.9474602,-5,-5,-64
1754124094.98546,0,1,-71
1754124095.02346,0,0,-61
1754124095.06046,0,-1,-61
1754124095.09746,6,-2,-63
1754124095.13546,3,-1,-60
1754124095.1744602,7,-1,-52
1754124095.2104602,-4,-3,-60
1754124095.24846,-1,-8,-61
1754124095.2864602,-4,-4,-49
1754124095.3254602,-6,3,-53
1754124095.3614602,4,2,-59
1754124095.39846,0,0,-58
1754124095.43646,-2,2,-45
1754124095.47546,0,-9,-53
1754124095.51146,0,-8,-63
1754124095.5494602,-4,-2,-69
1754124095.58746,3,-4,-63
1754124095.62546,3,-6,-70
1754124095.6644602,-4,-6,-68
1754124095.7004602,-6,-2,-70
1754124095.73846,2,1,-58
1754124095.77746,2,-1,-64
1754124095.82046,0,-1,-59
1754124095.8584602,3,-2,-57
1754124095.89746,2,0,-62
1754124095.93546,-6,-1,-68
1754124095.97146,0,0,-62
1754124096.00846,7,-1,-59
1754124096.04746,7,7,-68
1754124096.0854602,-2,5,-67
1754124096.1214602,-2,-4,-68
1754124096.16046,3,-5,-72
1754124096.1974602,1,-2,-60
1754124096.2364602,1,0,-71
1754124096.27446,9,-3,-74
1754124096.31046,7,0,-73
1754124096.34746,-4,0,-81
1754124096.38646,-5,4,-73
1754124096.42546,-9,5,-56
1754124096.46146,-2,1,-60
1754124096.49946,-3,2,-61
1754124096.53746,0,2,-69
1754124096.57646,7,-5,-55
1754124096.61446,5,2,-58
1754124096.65046,-1,3,-56
1754124096.68846,-10,-1,-72
1754124096.72746,3,9,-59
1754124096.76546,2,6,-52
1754124096.80146,0,4,-56
1754124096.8384602,2,-1,-55
1754124096.87746,-3,-1,-65
1754124096.91546,0,-3,-76
1754124096.95146,-5,2,-69
1754124096.98946,-6,0,-68
1754124097.02746,-1,-6,-68
1754124097.06646,-2,0,-64
1754124097.10446,1,-12,-56
1754124097.14046,-1,-5,-65
1754124097.17846,3,-6,-63
1754124097.2174602,0,2,-75
1754124097.25546,2,-1,-62
1754124097.29146,4,0,-62
1754124097.32946,4,0,-71
1754124097.3684602,2,1,-73
1754124097.40646,4,-4,-70
1754124097.4444602,-4,0,-61
1754124097.4804602,-1,4,-61
1754124097.51746,-8,5,-63
1754124097.55646,-2,1,-59
1754124097.5924602,0,6,-64
1754124097.62946,-1,1,-61
1754124097.6674602,-6,2,-62
1754124097.70646,-5,0,-71
1754124097.74246,-1,-5,-59
1754124097.78146,0,3,-56
1754124097.81846,-6,8,-64
1754124097.85646,-10,0,-74
1754124097.89546,-1,-2,-65
1754124097.93146,1,-3,-65
1754124097.96946,5,5,-66
1754124098.00746,1,-2,-70
1754124098.0464602,1,-6,-74
1754124098.0824602,3,4,-67
1754124098.11946,-2,4,-60
1754124098.1574602,0,6,-64
1754124098.19646,0,6,-64
1754124098.23246,0,2,-60
1754124098.2694602,-1,-1,-62
1754124098.30746,-3,-4,-59
1754124098.34646,0,-10,-54
1754124098.38246,1,-3,-43
1754124098.41946,1,0,-51
1754124098.4574602,-1,-1,-58
1754124098.4964602,-2,0,-59
1754124098.5324602,2,-2,-64
1754124098.57046,-5,2,-60
1754124098.6084602,-3,-1,-65
1754124098.64746,1,0,-70
1754124098.68546,2,-2,-57
1754124098.72146,-2,-1,-70
1754124098.7594602,-2,0,-64
1754124098.79846,-2,-2,-71
1754124098.83646,2,-2,-61
1754124098.87246,-5,-5,-47
1754124098.9114602,0,4,-62
1754124098.94846,-2,5,-64
1754124098.98746,4,0,-67
1754124099.02546,-3,4,-69
1754124099.06146,0,3,-76
1754124099.0984602,0,-3,-66
1754124099.13746,2,0,-67
1754124099.17546,-4,1,-61
1754124099.21146,-7,0,-63
1754124099.24846,0,-3,-67
1754124099.28746,6,-4,-63
1754124099.3254602,1,-4,-61
1754124099.3614602,0,-5,-54
1754124099.39846,0,2,-76
1754124099.4374602,-6,1,-65
1754124099.47546,-3,1,-60
1754124099.51146,-2,-1,-66
1754124099.5494602,-5,-4,-71
1754124099.58746,-3,-3,-73
1754124099.62646,1,1,-61
1754124099.66246,0,0,-59
1754124099.69946,0,-4,-67
1754124099.73746,2,-4,-60
1754124099.7764602,0,-3,-66
1754124099.8124602,-3,-1,-65
1754124099.85046,1,7,-61
1754124099.88946,7,-1,-56
1754124099.9274602,0,5,-68
1754124099.9634602,2,0,-72
1754124100.00046,4,4,-67
1754124100.03846,3,2,-72
1754124100.07746,6,-4,-70
1754124100.11346,1,0,-66
1754124100.1514602,3,0,-70
1754124100.18946,15,-5,-65
1754124100.22746,1,-5,-64
1754124100.2664602,-1,-7,-56
1754124100.3024602,-1,-7,-68
1754124100.34046,9,-3,-65
1754124100.3784602,4,-5,-60
1754124100.4174602,-3,3,-60
1754124100.45346,0,0,-57
1754124100.4904602,2,-10,-62
1754124100.52846,2,-9,-55
1754124100.56746,-1,-9,-61
1754124100.60346,-7,-6,-64
1754124100.6414602,-8,-5,-67
1754124100.67946,1,-5,-67
1754124100.7174602,2,-5,-75
1754124100.7564602,0,0,-56
1754124100.7924602,-1,0,-64
1754124100.83046,-6,-2,-63
1754124100.86946,0,-3,-72
1754124100.9074602,-3,1,-68
1754124100.94346,-3,1,-60
1754124100.98146,0,-4,-80
1754124101.0194602,4,6,-78
1754124101.05846,5,0,-61
1754124101.09646,0,-1,-57
1754124101.13246,1,-2,-51
1754124101.17046,5,-1,-65
1754124101.20846,2,4,-69
1754124101.24746,-4,3,-67
1754124101.28346,-6,0,-67
1754124101.32146,-1,3,-62
1754124101.35946,0,0,-60
1754124101.39846,2,0,-75
1754124101.43646,-2,1,-77
1754124101.47246,-1,-2,-74
1754124101.51146,-3,-3,-66
1754124101.54846,-1,-4,-63
1754124101.58746,-9,1,-64
1754124101.62346,-6,1,-68
1754124101.6614602,-11,-2,-68
1754124101.69846,0,-3,-60
1754124101.73746,-2,-4,-61
1754124101.77346,-3,3,-62
1754124101.81146,0,12,-61
1754124101.84946,0,5,-50
1754124101.8884602,8,4,-61
1754124101.92646,4,2,-76
1754124101.96246,0,2,-69
1754124101.99946,-1,0,-71
1754124102.03846,1,0,-62
1754124102.07646,0,0,-62
1754124102.11246,4,-2,-66
1754124102.1514602,-2,0,-62
1754124102.18946,-4,-1,-58
1754124102.22746,-7,-9,-58
1754124102.2634602,-1,-8,-49
1754124102.30146,11,-6,-57
1754124102.33946,3,-4,-67
1754124102.3784602,4,-4,-65
1754124102.4144602,6,-2,-71
1754124102.45246,-2,2,-59
1754124102.4904602,3,-1,-66
1754124102.52846,7,4,-58
1754124102.56746,-2,3,-54
1754124102.60346,-3,0,-58
1754124102.64046,3,-5,-56
1754124102.67846,9,-1,-54
1754124102.7174602,3,3,-59
1754124102.7534602,-3,10,-56
1754124102.79146,0,3,-59
1754124102.82946,0,0,-61
1754124102.8684602,-2,1,-68
1754124102.9044602,0,0,-69
1754124102.94146,-4,-3,-67
1754124102.97946,0,5,-63
1754124103.01846,0,-3,-58
1754124103.05546,-3,1,-57
1754124103.0924602,4,-1,-65
1754124103.13046,7,-7,-58
1754124103.16946,-2,2,-67
1754124103.2074602,-1,-2,-71
1754124103.2434602,-5,3,-63
1754124103.28146,-3,3,-72
1754124103.3194602,1,-1,-70
1754124103.3584602,6,-5,-72
1754124103.3944602,5,0,-65
1754124103.43246,-1,-4,-52
1754124103.4704602,3,0,-68
1754124103.5094602,5,-6,-62
1754124103.54746,1,-5,-60
1754124103.58346,-3,2,-59
1754124103.6214602,1,0,-55
1754124103.65946,-1,1,-68
1754124103.69846,6,0,-73
1754124103.73446,7,-5,-72
1754124103.77246,3,-1,-55
1754124103.81046,8,-5,-64
1754124103.84946,0,-3,-61
1754124103.88746,-8,1,-63
1754124103.92346,-12,4,-51
1754124103.96146,-5,-1,-59
1754124103.99946,0,1,-65
1754124104.03846,0,3,-59
1754124104.07446,0,5,-67
1754124104.1114602,5,4,-72
1754124104.14946,-3,-1,-55
1754124104.18846,-3,5,-57
1754124104.22446,-8,1,-63
1754124104.26246,-3,6,-55
1754124104.30046,-1,-1,-69
1754124104.33946,-4,0,-62
1754124104.37746,-1,0,-60
1754124104.4144602,1,5,-67
1754124104.45146,2,0,-65
1754124104.48946,1,-2,-52
1754124104.52846,0,-4,-59
1754124104.56446,0,-8,-56
1754124104.60146,2,0,-60
1754124104.63946,3,1,-67
1754124104.67846,2,-3,-58
1754124104.71446,1,-5,-66
1754124104.75146,3,0,-69
1754124104.7894602,1,0,-67
1754124104.82846,4,5,-61
1754124104.86446,5,0,-62
1754124104.90246,-2,4,-65
1754124104.93946,0,0,-74
1754124104.97846,0,5,-68
1754124105.01446,-2,1,-60
1754124105.0524602,2,0,-60
1754124105.09046,-3,4,-63
1754124105.12946,-4,3,-69
1754124105.16546,2,3,-67
1754124105.20246,-1,-1,-69
1754124105.2404602,0,4,-63
1754124105.2794602,-1,0,-59
1754124105.3154602,0,3,-59
1754124105.35246,6,-6,-71
1754124105.39046,0,-2,-63
1754124105.42946,3,0,-53
1754124105.46546,1,0,-58
1754124105.5034602,-1,2,-58
1754124105.54046,0,-9,-71
1754124105.57946,-4,-2,-69
1754124105.6154602,-1,-2,-62
1754124105.65346,-5,-2,-51
1754124105.69146,-1,0,-55
1754124105.7304602,3,1,-63
1754124105.76846,-5,1,-62
1754124105.80546,2,1,-61
1754124105.85046,6,-4,-56
1754124105.8884602,-3,3,-56
1754124105.9244602,0,-2,-66
1754124105.96146,-5,0,-63
1754124106.00046,-4,2,-63
1754124106.03846,0,2,-51
1754124106.07446,-2,0,-62
1754124106.1114602,4,-3,-59
1754124106.15046,-2,2,-60
1754124106.18846,-5,-2,-65
1754124106.22446,-7,2,-59
1754124106.26146,-4,2,-59
1754124106.30046,-3,0,-60
1754124106.3384602,-6,4,-63
1754124106.37446,1,5,-61
1754124106.41246,5,3,-63
1754124106.4504602,2,1,-55
1754124106.48846,8,0,-53
1754124106.52446,3,4,-50
1754124106.5624602,-4,5,-61
1754124106.60046,-3,-2,-60
1754124106.63946,-2,-6,-59
1754124106.67546,1,-6,-65
1754124106.71246,0,2,-68
1754124106.75046,3,2,-67
1754124106.7894602,3,2,-66
1754124106.8254602,0,-5,-56
1754124106.86346,3,-6,-65
1754124106.9014602,0,-2,-50
1754124106.9404602,3,1,-57
1754124106.97646,-2,0,-71
1754124107.01546,1,3,-53
1754124107.05346,-1,-1,-56
1754124107.09046,3,-5,-60
1754124107.12946,0,-1,-55
1754124107.16546,-3,-5,-61
1754124107.20346,0,-1,-61
1754124107.24146,1,3,-64
1754124107.28046,-5,-5,-70
1754124107.31646,2,0,-64
1754124107.35346,-4,4,-71
1754124107.3914602,0,6,-75
1754124107.43046,-1,2,-68
1754124107.46646,0,-3,-78
1754124107.50446,3,3,-76
1754124107.5424602,2,5,-68
1754124107.58046,3,3,-58
1754124107.61946,4,0,-54
1754124107.65546,3,-8,-64
1754124107.69346,-2,-9,-65
1754124107.73246,-3,0,-73
1754124107.77046,-8,-2,-69
1754124107.80646,-1,4,-55
1754124107.84346,5,1,-59
1754124107.88246,3,0,-61
1754124107.92046,3,0,-61
1754124107.95646,1,-1,-52
1754124107.99546,0,1,-73
1754124108.0324602,5,5,-64
1754124108.07146,2,1,-68
1754124108.10946,0,0,-73
1754124108.14546,-3,0,-60
1754124108.18346,-3,-1,-59
1754124108.22146,-2,-5,-60
1754124108.26046,-4,0,-64
1754124108.2964602,0,0,-59
1754124108.33346,-6,-3,-67
1754124108.3714602,-3,1,-57
1754124108.41046,2,-6,-60
1754124108.44646,0,-3,-60
1754124108.48446,0,-1,-58
1754124108.52246,2,-3,-53
1754124108.56146,0,-5,-56
1754124108.59946,0,-2,-65
1754124108.63546,-5,-2,-73
1754124108.67346,-9,1,-79
1754124108.71246,1,0,-62
1754124108.75046,3,-5,-62
1754124108.7864602,3,-1,-55
1754124108.82446,3,0,-73
1754124108.86246,8,-2,-61
1754124108.9014602,0,0,-59
1754124108.9374602,3,4,-66
1754124108.97446,-3,-1,-69
1754124109.01246,-10,-1,-51
1754124109.05146,-2,3,-54
1754124109.08746,0,-2,-63
1754124109.12546,1,-2,-60
1754124109.16346,-11,-1,-59
1754124109.20146,-7,-1,-61
1754124109.2404602,-2,-3,-52
1754124109.2764602,-6,-1,-57
1754124109.31446,-2,-2,-60
1754124109.35346,0,2,-64
1754124109.3914602,2,-8,-69
1754124109.4274602,-1,-5,-61
1754124109.46546,-5,6,-64
1754124109.5034602,0,8,-57
1754124109.54146,8,2,-68
1754124109.58046,1,0,-61
1754124109.61646,0,0,-66
1754124109.65346,-2,3,-67
1754124109.69146,8,0,-53
1754124109.7304602,5,-1,-57
1754124109.7664602,8,1,-60
1754124109.80346,3,6,-73
1754124109.84146,-3,-6,-69
1754124109.88046,-3,-4,-61
1754124109.91646,-1,-1,-63
1754124109.95446,4,-6,-71
1754124109.99246,1,-4,-74
1754124110.03146,1,6,-71
1754124110.06746,-1,6,-67
1754124110.1054602,0,-6,-68
1754124110.14346,0,0,-64
1754124110.18246,-1,9,-74
1754124110.2204602,5,8,-64
1754124110.2564602,10,1,-61
1754124110.29346,1,-5,-64
1754124110.3324602,-4,7,-79
1754124110.37046,-3,-3,-71
1754124110.40646,2,-4,-74
1754124110.4444602,-7,0,-67
1754124110.48246,-6,7,-55
1754124110.52146,0,-2,-68
1754124110.55746,0,2,-63
1754124110.5954602,4,0,-66
1754124110.63246,-6,5,-59
1754124110.6714602,0,0,-54
1754124110.7074602,1,2,-57
1754124110.74546,1,-5,-66
1754124110.7824602,6,2,-61
1754124110.82146,0,3,-52
1754124110.85746,0,2,-66
1754124110.8944602,-1,4,-65
1754124110.93246,-4,0,-53
1754124110.97146,-2,2,-66
1754124111.00746,0,2,-67
1754124111.04546,-4,-2,-64
1754124111.0824602,1,1,-50
1754124111.1214602,3,-3,-56
1754124111.1574602,1,-2,-58
1754124111.19546,-4,-2,-59
1754124111.2334602,-5,-2,-78
1754124111.27246,0,-7,-74
1754124111.30846,-3,-5,-67
1754124111.34646,-7,6,-67
1754124111.38546,4,5,-61
1754124111.42246,-6,6,-62
1754124111.46146,0,5,-70
1754124111.49746,-7,-1,-65
1754124111.5364602,1,-3,-65
1754124111.57346,0,3,-58
1754124111.61246,-9,0,-69
1754124111.64846,-3,4,-65
1754124111.68646,-7,-3,-71
1754124111.72446,-4,-5,-61
1754124111.76246,-4,0,-69
1754124111.80146,-10,0,-68
1754124111.83746,-11,4,-71
1754124111.87546,0,0,-70
1754124111.91346,1,-1,-79
1754124111.95246,0,-2,-60
1754124111.98946,-3,-2,-56
1754124112.0264602,-3,2,-68
1754124112.06446,0,0,-66
1754124112.10346,-2,1,-62
1754124112.1414602,-8,0,-62
1754124112.1774602,-4,8,-56
1754124112.21446,-7,-1,-67
1754124112.2534602,-8,-1,-55
1754124112.29146,-5,-3,-59
1754124112.32746,-3,-7,-72
1754124112.3654602,0,-8,-59
1754124112.40346,-1,-9,-59
1754124112.44246,-5,-2,-62
1754124112.47846,-2,-3,-58
1754124112.5164602,3,0,-56
1754124112.55446,5,-2,-66
1754124112.59346,3,5,-61
1754124112.6314602,5,0,-58
1754124112.6674602,3,-2,-67
1754124112.70546,1,-8,-70
1754124112.7434602,-1,-4,-58
1754124112.7824602,-4,0,-68
1754124112.81846,-1,0,-60
1754124112.85646,3,1,-68
1754124112.8944602,-1,3,-68
1754124112.93346,-1,6,-59
1754124112.97146,-2,5,-66
1754124113.00746,-4,1,-69
1754124113.04546,0,6,-65
1754124113.08346,-3,4,-71
1754124113.12246,-1,4,-69
1754124113.15846,-1,-2,-69
1754124113.19646,-3,1,-65
1754124113.23446,2,4,-72
1754124113.27346,0,0,-60
1754124113.31146,2,0,-62
1754124113.34746,3,-5,-60
1754124113.38546,9,2,-63
1754124113.42346,1,0,-66
1754124113.46246,0,4,-73
1754124113.49846,0,-2,-68
1754124113.5364602,0,7,-68
1754124113.57446,-5,3,-68
1754124113.61346,-4,-5,-58
1754124113.64946,0,-3,-65
1754124113.6874602,-3,0,-55
1754124113.72546,-15,3,-63
1754124113.7634602,-6,-2,-64
1754124113.8024602,0,-10,-59
1754124113.83946,1,-4,-62
1754124113.87646,-4,-1,-57
1754124113.9144602,1,1,-72
1754124113.95346,-3,-2,-58
1754124113.98946,-7,-1,-64
1754124114.02746,3,7,-70
1754124114.0654602,-2,3,-72
1754124114.10346,0,0,-61
1754124114.14246,6,-1,-69
1754124114.17946,13,-3,-76
1754124114.21646,14,-10,-68
1754124114.25446,1,0,-72
1754124114.29346,0,4,-70
1754124114.32946,2,3,-66
1754124114.36646,1,2,-66
1754124114.4044602,3,-1,-66
1754124114.44346,-10,1,-72
1754124114.47946,-6,2,-74
1754124114.51746,-1,-1,-71
1754124114.55546,-1,0,-62
1754124114.59446,0,2,-68
1754124114.63246,6,4,-65
1754124114.66846,8,-2,-68
1754124114.7074602,-1,0,-66
1754124114.74446,0,-3,-59
1754124114.78346,-5,0,-63
1754124114.8194602,-1,3,-57
1754124114.85746,1,0,-67
1754124114.89646,-1,7,-61
1754124114.9344602,1,0,-65
1754124114.97246,3,0,-68
1754124115.00846,5,0,-66
1754124115.0464602,4,0,-60
1754124115.08446,7,1,-58
1754124115.12246,0,-5,-47
1754124115.15846,1,-6,-53
1754124115.19646,0,-4,-59
1754124115.23446,-3,-3,-58
1754124115.27346,2,0,-64
1754124115.3094602,2,-10,-73
1754124115.34746,0,-10,-68
1754124115.38546,2,1,-59
1754124115.4244602,0,-6,-71
1754124115.46246,-7,3,-80
1754124115.49846,0,0,-64
1754124115.53746,4,-1,-57
1754124115.57446,5,-3,-64
1754124115.61346,5,4,-69
1754124115.64946,0,6,-63
1754124115.6874602,-3,8,-71
1754124115.72446,3,4,-71
1754124115.7634602,8,0,-69
1754124115.7994602,11,-2,-68
1754124115.83746,10,-5,-75
1754124115.88346,5,-4,-56
1754124115.92046,3,-5,-69
1754124115.9574602,1,-7,-57
1754124115.9964602,0,0,-67
1754124116.03446,5,-5,-61
1754124116.07046,-3,3,-68
1754124116.10746,-6,-1,-79
1754124116.14646,0,-1,-73
1754124116.1844602,-7,-2,-72
1754124116.2204602,-6,-2,-73
1754124116.25846,4,-6,-71
1754124116.2964602,0,-2,-72
1754124116.33446,1,0,-67
1754124116.37346,8,3,-57
1754124116.40946,5,8,-67
1754124116.44646,-4,-7,-65
1754124116.48446,4,1,-59
1754124116.52346,0,-3,-58
1754124116.5594602,0,0,-58
1754124116.59646,0,-5,-51
1754124116.6344602,-3,-1,-49
1754124116.67346,0,-3,-58
1754124116.70946,1,-5,-61
1754124116.7464602,-1,0,-56
1754124116.78446,-3,-7,-62
1754124116.82346,-2,-1,-53
1754124116.85946,-4,-1,-63
1754124116.89746,1,0,-59
1754124116.93546,0,7,-70
1754124116.97446,3,-1,-65
1754124117.01046,0,-5,-65
1754124117.04846,-5,-3,-56
1754124117.08646,-3,2,-69
1754124117.12546,-7,-3,-68
1754124117.16346,-1,-5,-59
1754124117.19946,-1,-7,-66
1754124117.23746,6,-1,-57
1754124117.2764602,8,3,-60
1754124117.31446,0,3,-66
1754124117.35046,-1,5,-65
1754124117.3884602,-1,-4,-66
1754124117.42646,0,-5,-61
1754124117.46546,2,-9,-56
1754124117.5034602,1,-3,-50
1754124117.5394602,2,0,-63
1754124117.57746,2,-5,-61
1754124117.6154602,0,0,-71
1754124117.6544602,-5,-4,-74
1754124117.6904602,-5,-2,-76
1754124117.72846,-8,1,-65
1754124117.76746,-3,-3,-63
1754124117.80546,0,-7,-67
1754124117.84346,0,-5,-71
1754124117.87946,-7,2,-65
1754124117.9174602,0,-3,-55
1754124117.95546,4,0,-64
1754124117.99446,0,0,-55
1754124118.03046,-4,-2,-59
1754124118.06846,-1,-5,-65
1754124118.10646,-2,0,-62
1754124118.14546,0,-8,-68
1754124118.18146,-2,-3,-62
1754124118.21946,0,2,-64
1754124118.25746,3,2,-72
1754124118.29546,-1,-1,-58
1754124118.33446,-4,0,-75
1754124118.37046,-1,0,-76
1754124118.40846,-8,-3,-71
1754124118.44646,-4,-4,-66
1754124118.48546,4,-2,-59
1754124118.52146,2,3,-65
1754124118.55846,5,4,-57
1754124118.59646,4,0,-58
1754124118.63546,0,-4,-59
1754124118.6714602,0,-6,-63
1754124118.70846,4,-3,-70
1754124118.7464602,5,-2,-65
1754124118.78546,-3,-10,-60
1754124118.82146,-2,-2,-67
1754124118.85946,-8,2,-55
1754124118.89746,0,3,-57
1754124118.93546,2,-5,-60
1754124118.97446,-1,-5,-68
1754124119.01046,-1,2,-70
1754124119.04846,-6,3,-63
1754124119.08646,2,-2,-52
1754124119.12546,-1,-3,-52
1754124119.1614602,-3,4,-62
1754124119.2004602,1,0,-59
1754124119.23746,0,1,-64
1754124119.2764602,2,-4,-60
1754124119.31446,0,3,-64
1754124119.35046,0,-1,-63
1754124119.38746,0,1,-68
1754124119.42646,4,-3,-70
1754124119.46446,2,-4,-54
1754124119.50046,-1,-7,-64
1754124119.53846,-5,-4,-58
1754124119.57646,-7,-2,-58
1754124119.6154602,-4,2,-59
1754124119.6514602,-3,2,-63
1754124119.68946,0,-6,-75
1754124119.72746,-1,-4,-60
1754124119.7664602,-1,-5,-64
1754124119.80446,-2,-2,-61
1754124119.84046,-8,-1,-67
1754124119.8784602,0,4,-65
1754124119.9174602,-3,9,-60
1754124119.95546,1,0,-57
1754124119.99146,1,-1,-52
1754124120.03046,-3,2,-47
1754124120.06746,0,0,-63
1754124120.10646,-5,-1,-73
1754124120.1444602,-4,3,-71
1754124120.18046,0,2,-73
1754124120.2174602,0,2,-67
1754124120.2564602,0,0,-63
1754124120.29446,-1,0,-69
1754124120.33146,0,0,-66
1754124120.3684602,0,-8,-75
1754124120.40646,-3,-2,-56
1754124120.44546,-1,0,-56
1754124120.48146,1,-2,-47
1754124120.5194602,5,2,-54
1754124120.55746,0,5,-57
1754124120.59646,0,-6,-65
1754124120.63246,-5,-4,-63
1754124120.6714602,-4,0,-61
1754124120.70846,-6,-1,-65
1754124120.7464602,-8,-1,-53
1754124120.78546,-5,-7,-54
1754124120.82146,2,0,-56
1754124120.8584602,-9,6,-49
1754124120.89646,-3,7,-55
1754124120.93546,2,4,-66
1754124120.97146,4,0,-73
1754124121.00846,3,2,-61
1754124121.0464602,-1,-1,-70
1754124121.0854602,-2,0,-64
1754124121.1214602,0,-7,-64
1754124121.15946,-11,3,-56
1754124121.1974602,-5,4,-52
1754124121.2364602,1,5,-54
1754124121.27246,0,0,-64
1754124121.31046,4,-2,-66
1754124121.3484602,-1,0,-62
1754124121.38746,0,-7,-60
1754124121.42546,-5,-7,-64
1754124121.46146,-4,-1,-63
1754124121.50046,-5,1,-63
1754124121.53746,-4,3,-71
1754124121.57646,0,3,-55
1754124121.61246,7,2,-72
1754124121.65046,5,5,-60
1754124121.68846,2,6,-59
1754124121.72746,-1,0,-61
1754124121.76546,3,3,-62
1754124121.80146,0,-6,-67
1754124121.83946,2,-4,-66
1754124121.87746,-1,-5,-65
1754124121.91646,-1,-1,-64
1754124121.95246,1,-1,-69
1754124121.99146,0,-2,-61
1754124122.0294602,2,-2,-57
1754124122.06746,0,1,-62
1754124122.1054602,-7,1,-63
1754124122.1414602,0,-5,-60
1754124122.17946,0,0,-67
1754124122.2174602,-3,-8,-59
1754124122.25546,-5,-6,-62
1754124122.29146,-7,-2,-57
1754124122.32946,-7,1,-61
1754124122.36746,3,0,-63
1754124122.40646,4,-8,-69
1754124122.44246,6,-5,-62
1754124122.47946,-9,-2,-73
1754124122.51746,1,-5,-57
1754124122.55646,-3,3,-73
1754124122.5924602,-4,-3,-79
1754124122.63046,-8,-1,-68
1754124122.66846,-1,-1,-74
1754124122.7074602,0,-2,-63
1754124122.74546,3,1,-72
1754124122.78146,3,-4,-68
1754124122.8194602,-7,0,-63
1754124122.85746,0,-4,-64
1754124122.89646,9,-2,-72
1754124122.93246,0,-3,-68
1754124122.9704602,0,3,-67
1754124123.00846,3,-3,-57
1754124123.04746,-3,3,-64
1754124123.08346,-4,3,-66
1754124123.1214602,6,10,-61
1754124123.15946,0,-2,-61
1754124123.1974602,-1,-2,-58
1754124123.2364602,-1,-5,-53
1754124123.27246,-1,-4,-65
1754124123.31046,-9,-3,-56
1754124123.34946,-1,1,-60
1754124123.38746,-5,-2,-68
1754124123.42346,-8,-2,-60
1754124123.46246,-2,-3,-68
1754124123.49946,-2,0,-63
1754124123.53746,-2,-6,-75
1754124123.57646,-5,-6,-58
1754124123.61246,4,1,-67
1754124123.64946,3,3,-62
1754124123.68846,3,0,-61
1754124123.72646,0,-1,-65
1754124123.76246,0,1,-60
1754124123.7994602,0,3,-74
1754124123.8384602,3,0,-60
1754124123.87646,5,-3,-66
1754124123.91246,1,0,-60
1754124123.94946,-1,0,-47
1754124123.98846,0,1,-54
1754124124.0264602,0,-1,-51
1754124124.0624602,-4,3,-60
1754124124.10046,-4,0,-58
1754124124.1384602,0,1,-58
1754124124.1774602,3,-3,-49
1754124124.2134602,1,2,-51
1754124124.25146,-4,3,-61
1754124124.2894602,-7,0,-69
1754124124.32846,-6,2,-70
1754124124.36646,-2,5,-81
1754124124.40246,-4,3,-70
1754124124.4404602,-6,0,-63
1754124124.47846,-3,5,-59
1754124124.51746,-3,1,-68
1754124124.55346,-8,0,-59
1754124124.59146,-7,-6,-66
1754124124.62946,0,3,-61
1754124124.66846,5,0,-61
1754124124.70646,3,2,-58
1754124124.74246,-2,-3,-68
1754124124.78046,1,-3,-57
1754124124.8194602,0,-1,-62
1754124124.85746,3,-8,-56
1754124124.89346,0,-1,-62
1754124124.93246,-1,0,-72
1754124124.96946,5,4,-67
1754124125.00846,4,3,-67
1754124125.0464602,-2,0,-72
1754124125.0824602,-3,-1,-65
1754124125.12046,-1,2,-67
1754124125.15846,-2,0,-66
1754124125.1974602,-2,1,-70
1754124125.2334602,4,-1,-75
1754124125.27146,2,0,-60
1754124125.3094602,-1,0,-59
1754124125.3484602,2,1,-68
1754124125.3844602,2,5,-69
1754124125.4214602,0,5,-73
1754124125.45946,0,4,-64
1754124125.49846,-1,2,-60
1754124125.53446,0,-1,-59
1754124125.5724602,3,-2,-63
1754124125.6114602,0,2,-69
1754124125.64846,-8,2,-56
1754124125.6874602,-2,2,-70
1754124125.7234602,1,-3,-75
1754124125.76146,-2,-2,-65
1754124125.7994602,4,0,-66
1754124125.8384602,2,1,-63
1754124125.87446,7,4,-66
1754124125.92046,-3,5,-61
1754124125.95846,-2,2,-60
1754124125.99446,3,2,-65
1754124126.03146,2,-6,-67
1754124126.0694602,2,-5,-66
1754124126.1084602,0,2,-69
1754124126.1444602,-5,5,-74
1754124126.18246,0,1,-68
1754124126.2204602,-2,2,-70
1754124126.2594602,1,2,-68
1754124126.29746,3,0,-63
1754124126.33346,0,5,-72
1754124126.3714602,0,4,-69
1754124126.40946,-3,3,-63
1754124126.44846,-10,0,-61
1754124126.48546,4,1,-59
1754124126.52246,-4,0,-64
1754124126.56146,-3,-5,-71
1754124126.59946,-4,-9,-66
1754124126.63746,1,-1,-54
1754124126.67346,-1,-2,-57
1754124126.71146,0,-2,-56
1754124126.74946,-6,-1,-66
1754124126.78846,-9,9,-64
1754124126.82446,-1,3,-68
1754124126.86246,0,0,-60
1754124126.90046,-3,7,-69
1754124126.93946,1,0,-74
1754124126.97746,0,2,-71
1754124127.0134602,-4,4,-59
1754124127.05146,0,4,-63
1754124127.08946,2,2,-62
1754124127.1284602,-1,1,-54
1754124127.1644602,5,2,-51
1754124127.20146,0,1,-57
1754124127.23946,-9,0,-61
1754124127.27846,2,0,-57
1754124127.31446,0,0,-65
1754124127.35146,-3,-2,-66
1754124127.38946,2,-8,-63
1754124127.42846,0,-3,-66
1754124127.46446,3,0,-68
1754124127.50146,0,0,-64
1754124127.5394602,-4,3,-64
1754124127.57846,-5,6,-63
1754124127.61446,-5,9,-53
1754124127.65246,-8,-3,-70
1754124127.6904602,-9,-4,-69
1754124127.72946,7,-1,-59
1754124127.76546,5,-3,-59
1754124127.80346,4,2,-55
1754124127.8424602,0,5,-55
1754124127.88046,-4,10,-62
1754124127.91846,0,6,-64
1754124127.95446,6,3,-62
1754124127.99146,7,4,-56
1754124128.03046,2,3,-53
1754124128.06846,-4,10,-60
1754124128.10446,-2,5,-61
1754124128.1414602,-6,0,-52
1754124128.18046,0,-6,-41
1754124128.21846,-4,-11,-57
1754124128.25446,1,-4,-67
1754124128.29346,-4,-1,-60
1754124128.33046,-5,-5,-49
1754124128.36946,4,0,-53
1754124128.40546,1,-1,-58
1754124128.44346,1,0,-70
1754124128.4804602,0,-9,-70
1754124128.5194602,-3,-6,-70
1754124128.55546,-3,-1,-83
1754124128.59346,-7,1,-69
1754124128.6314602,-7,-1,-74
1754124128.67046,-2,-5,-66
1754124128.70846,-3,-7,-67
1754124128.74446,-3,0,-77
1754124128.7824602,4,9,-60
1754124128.82146,4,1,-53
1754124128.85946,0,-5,-62
1754124128.89546,-3,-2,-60
1754124128.93346,1,-1,-59
1754124128.97146,8,-1,-67
1754124129.01046,2,0,-60
1754124129.04846,4,-5,-59
1754124129.08446,-2,0,-64
1754124129.1214602,-4,1,-68
1754124129.16046,-3,2,-70
1754124129.19846,-4,1,-61
1754124129.23446,-4,0,-60
1754124129.27146,-3,3,-64
1754124129.31046,-12,6,-67
1754124129.3484602,-9,2,-70
1754124129.3844602,-3,2,-72
1754124129.42246,-4,0,-65
1754124129.4604602,0,-1,-55
1754124129.49946,-1,0,-61
1754124129.53546,4,-2,-55
1754124129.57346,2,-2,-67
1754124129.6114602,6,5,-60
1754124129.65046,3,6,-71
1754124129.68646,5,4,-72
1754124129.7234602,0,0,-68
1754124129.76146,0,-5,-71
1754124129.80046,-4,-6,-68
1754124129.83646,-6,0,-65
1754124129.87446,-4,-1,-60
1754124129.9114602,-7,-6,-56
1754124129.9504602,0,3,-66
1754124129.9864602,2,6,-73
1754124130.02446,4,3,-48
1754124130.06146,-2,-1,-57
1754124130.10046,-2,-3,-63
1754124130.13646,0,3,-59
1754124130.1744602,6,-2,-47
1754124130.21146,3,2,-59
1754124130.25046,0,4,-60
1754124130.2864602,0,0,-64
1754124130.32346,0,1,-56
1754124130.36246,3,7,-58
1754124130.40046,1,-1,-54
1754124130.43646,0,-2,-70
1754124130.4734602,-4,4,-56
1754124130.51246,3,0,-68
1754124130.55046,1,3,-68
1754124130.58646,-1,-2,-63
1754124130.62446,-6,-4,-61
1754124130.66246,-5,-3,-56
1754124130.70146,-6,2,-66
1754124130.73946,-3,0,-66
1754124130.77546,3,-1,-59
1754124130.81346,-1,4,-59
1754124130.85146,-6,0,-58
1754124130.89046,2,-3,-56
1754124130.92646,-7,1,-65
1754124130.96446,-7,0,-70
1754124131.0034602,-9,1,-63
1754124131.04146,-1,-8,-69
1754124131.07946,1,-3,-60
1754124131.1154602,0,-2,-64
1754124131.15346,2,-2,-69
1754124131.19146,0,-3,-76
1754124131.2304602,-8,0,-63
1754124131.2664602,-4,0,-67
1754124131.30446,-3,-5,-67
1754124131.3424602,5,-4,-66
1754124131.3814602,4,-3,-62
1754124131.41946,-2,2,-71
1754124131.45546,0,0,-51
1754124131.4934602,-1,1,-61
1754124131.53146,0,0,-62
1754124131.57046,0,0,-61
1754124131.60646,-3,-1,-65
1754124131.64346,0,1,-61
1754124131.68146,0,-3,-69
1754124131.7204602,0,-1,-61
1754124131.7564602,-6,-2,-66
1754124131.79546,-10,-5,-59
1754124131.8324602,-8,-3,-66
1754124131.8714602,-8,-6,-50
1754124131.90946,-13,-1,-69
1754124131.94546,-8,0,-66
1754124131.98246,5,7,-72
1754124132.02146,0,1,-69
1754124132.05746,2,0,-67
1754124132.0954602,0,-3,-60
1754124132.13346,8,-6,-61
1754124132.1714602,0,1,-54
1754124132.2104602,-4,5,-62
1754124132.2464602,-2,0,-48
1754124132.28446,3,-2,-58
1754124132.3224602,-3,-1,-60
1754124132.3614602,2,-5,-69
1754124132.39746,4,0,-61
1754124132.4344602,2,-3,-61
1754124132.47246,-5,-1,-57
1754124132.51146,-8,0,-69
1754124132.54746,-4,2,-61
1754124132.5854602,-7,2,-59
1754124132.62446,-6,-5,-63
1754124132.6614602,6,-2,-60
1754124132.7004602,0,0,-73
1754124132.7364602,-1,2,-72
1754124132.77446,-5,-1,-75
1754124132.8124602,-5,-10,-69
1754124132.85146,1,-4,-60
1754124132.88746,-3,-4,-65
1754124132.92546,1,-5,-64
1754124132.9634602,-1,-1,-54
1754124133.00246,-1,8,-58
1754124133.04046,0,-6,-56
1754124133.07646,0,-2,-68
1754124133.11446,3,7,-67
1754124133.15246,-4,5,-65
1754124133.19146,4,3,-77
1754124133.22746,5,2,-72
1754124133.26546,-3,-7,-70
1754124133.3024602,-2,-2,-71
1754124133.34146,-8,1,-72
1754124133.37746,-2,-5,-67
1754124133.41546,-7,2,-55
1754124133.45346,-2,-1,-57
1754124133.49246,1,3,-66
1754124133.53046,-1,0,-69
1754124133.56646,-2,1,-69
1754124133.60446,-5,2,-80
1754124133.64246,-2,2,-61
1754124133.68146,0,2,-58
1754124133.7174602,1,0,-66
1754124133.75446,0,-3,-60
1754124133.7924602,-2,3,-58
1754124133.83146,4,2,-67
1754124133.86746,1,0,-74
1754124133.9044602,-2,1,-75
1754124133.94246,-3,-3,-69
1754124133.98146,4,2,-72
1754124134.01746,0,3,-69
1754124134.05446,0,0,-64
1754124134.0924602,-2,0,-67
1754124134.1314602,-3,-3,-66
1754124134.1674602,-9,-4,-52
1754124134.20546,-1,-1,-59
1754124134.2434602,-6,-3,-63
1754124134.2824602,-1,-1,-53
1754124134.31846,2,-4,-61
1754124134.35646,-1,-3,-64
1754124134.3944602,-1,-4,-61
1754124134.43246,-2,4,-63
1754124134.47146,-7,1,-62
1754124134.50746,-4,-4,-72
1754124134.54546,-2,-5,-67
1754124134.58346,-7,-4,-57
1754124134.62246,0,-5,-72
1754124134.65846,-2,2,-65
1754124134.69646,-3,-5,-52
1754124134.73446,-4,-1,-66
1754124134.77346,-9,0,-76
1754124134.81146,-4,0,-62
1754124134.84746,0,0,-63
1754124134.8844602,4,0,-53
1754124134.92346,-9,-7,-56
1754124134.96146,2,-6,-65
1754124134.99746,-3,-5,-67
1754124135.03546,-5,-1,-59
1754124135.07346,2,1,-57
1754124135.11246,0,2,-64
1754124135.14846,-3,-3,-65
1754124135.18646,-3,0,-53
1754124135.22446,-2,2,-64
1754124135.2634602,-8,0,-68
1754124135.30146,-7,2,-70
1754124135.3384602,-5,-1,-55
1754124135.37546,-1,-7,-67
1754124135.4144602,1,-9,-52
1754124135.45246,6,0,-62
1754124135.48846,1,-10,-74
1754124135.5264602,7,-6,-68
1754124135.56446,0,4,-66
1754124135.60346,-4,0,-55
1754124135.6414602,1,-2,-52
1754124135.6774602,-10,-2,-50
1754124135.71546,-8,0,-61
1754124135.7534602,-7,1,-67
1754124135.7924602,1,1,-73
1754124135.82846,-4,-1,-67
1754124135.86746,-3,0,-71
1754124135.9044602,3,1,-63
1754124135.94846,2,-5,-58
1754124135.9864602,0,0,-67
1754124136.02446,0,-5,-66
1754124136.06346,1,-9,-48
1754124136.10146,0,-9,-64
1754124136.13746,-4,-3,-60
1754124136.17646,0,-5,-65
1754124136.2134602,0,-1,-66
1754124136.25246,6,-6,-62
1754124136.2894602,-1,2,-64
1754124136.32646,-1,0,-61
1754124136.36446,1,-3,-58
1754124136.40346,2,-3,-70
1754124136.44146,0,-1,-67
1754124136.47746,0,-4,-58
1754124136.51546,4,1,-56
1754124136.55446,1,3,-67
1754124136.5924602,9,2,-57
1754124136.6284602,2,-2,-57
1754124136.66646,-1,-3,-57
1754124136.70446,-10,2,-68
1754124136.7434602,-8,3,-54
1754124136.78146,-6,-4,-69
1754124136.81846,0,-1,-80
1754124136.85646,-3,-10,-72
1754124136.8944602,-3,-2,-66
1754124136.93346,-7,-9,-59
1754124136.96946,1,-7,-65
1754124137.00746,-2,6,-70
1754124137.04546,0,1,-65
1754124137.08346,-6,2,-66
1754124137.12246,-4,6,-69
1754124137.15846,-2,9,-69
1754124137.19546,-2,-1,-66
1754124137.2334602,0,0,-68
1754124137.27246,0,3,-64
1754124137.30846,-5,-7,-61
1754124137.34746,8,-1,-63
1754124137.3844602,7,1,-51
1754124137.42346,0,1,-66
1754124137.45946,3,0,-66
1754124137.4964602,-2,-2,-55
1754124137.53446,4,-6,-60
1754124137.57346,-2,-6,-73
1754124137.60946,-4,-7,-76
1754124137.64746,-5,-2,-71
1754124137.68546,-8,0,-63
1754124137.72446,-3,-1,-60
1754124137.76246,-2,1,-75
1754124137.79846,-8,0,-63
1754124137.83646,-8,-4,-70
1754124137.87546,-4,0,-70
1754124137.91346,-1,1,-63
1754124137.94946,6,-6,-66
1754124137.98846,6,-4,-72
1754124138.02546,-4,-4,-74
1754124138.06446,2,-2,-62
1754124138.10246,-1,7,-56
1754124138.1384602,-8,0,-58
1754124138.17646,-3,-6,-54
1754124138.21446,3,0,-62
1754124138.2534602,2,0,-62
1754124138.2894602,0,-3,-67
1754124138.32746,-8,-5,-68
1754124138.36646,0,2,-62
1754124138.4044602,0,8,-68
1754124138.44246,4,2,-59
1754124138.47946,5,-3,-54
1754124138.5164602,2,-5,-74
1754124138.55446,1,0,-69
1754124138.59346,-12,1,-61
1754124138.62946,-5,3,-69
1754124138.6674602,1,-10,-65
1754124138.70546,5,-1,-66
1754124138.74446,-5,1,-70
1754124138.7824602,-3,4,-58
1754124138.81846,0,2,-66
1754124138.85646,-4,1,-68
1754124138.8944602,0,-3,-54
1754124138.93346,4,0,-65
1754124138.96946,1,4,-55
1754124139.0064602,0,0,-46
1754124139.04446,5,-3,-51
1754124139.08346,4,-4,-56
1754124139.11946,-2,-1,-64
1754124139.1574602,1,0,-67
1754124139.19546,3,4,-69
1754124139.23446,0,3,-61
1754124139.27046,4,2,-62
1754124139.30846,0,-1,-65
1754124139.34646,1,-1,-61
1754124139.3844602,5,-3,-61
1754124139.42346,1,-1,-60
1754124139.45946,-1,-2,-58
1754124139.49846,-2,-4,-63
1754124139.53746,-7,-4,-61
1754124139.57446,0,2,-60
1754124139.61346,0,3,-67
1754124139.64946,-2,-6,-60
1754124139.6874602,-2,-2,-57
1754124139.72546,2,2,-70
1754124139.76446,2,-4,-63
1754124139.80046,-6,-5,-65
1754124139.8384602,4,0,-56
1754124139.87646,2,2,-64
1754124139.91546,-1,-3,-59
1754124139.95346,-1,-3,-68
1754124139.98946,2,3,-66
1754124140.0264602,-2,0,-58
1754124140.0654602,3,-1,-71
1754124140.10346,-2,0,-62
1754124140.13946,2,0,-60
1754124140.17646,1,1,-59
1754124140.21546,6,-3,-56
1754124140.2534602,0,4,-55
1754124140.2894602,1,-1,-52
1754124140.32846,4,-5,-49
1754124140.3654602,4,-2,-50
1754124140.4044602,3,-2,-68
1754124140.4404602,-2,-3,-52
1754124140.47846,0,-2,-57
1754124140.5164602,3,-3,-65
1754124140.55546,2,-3,-66
1754124140.59346,-2,6,-65
1754124140.63046,-1,3,-67
1754124140.6674602,0,6,-56
1754124140.70546,2,4,-61
1754124140.74446,-2,0,-57
1754124140.78046,0,-2,-65
1754124140.81846,-7,0,-52
1754124140.85746,-6,-3,-55
1754124140.89546,-4,1,-59
1754124140.93346,2,0,-64
1754124140.96946,-1,2,-59
1754124141.00746,4,-7,-70
1754124141.04546,0,-1,-73
1754124141.08446,6,4,-62
1754124141.12046,7,0,-61
1754124141.1574602,-2,2,-63
1754124141.19546,-1,2,-63
1754124141.23446,-1,-6,-61
1754124141.27046,0,-4,-61
1754124141.30846,0,-8,-56
1754124141.34646,-1,-5,-56
1754124141.38546,-8,-3,-56
1754124141.42246,-5,1,-58
1754124141.45946,2,4,-68
1754124141.49746,0,0,-64
1754124141.5364602,-3,-7,-63
1754124141.57446,-2,-9,-63
1754124141.61046,1,-5,-54
1754124141.64746,-4,-5,-60
1754124141.68646,2,-5,-63
1754124141.72446,9,-7,-65
1754124141.76046,8,-1,-68
1754124141.79846,7,8,-68
1754124141.83646,7,7,-60
1754124141.87546,8,-4,-49
1754124141.9114602,0,-7,-59
1754124141.94846,-1,-1,-58
1754124141.9864602,-5,-6,-48
1754124142.02546,-4,3,-70
1754124142.06146,2,2,-52
1754124142.0984602,6,-3,-58
1754124142.13646,0,4,-56
1754124142.17546,2,-6,-58
1754124142.21146,3,0,-64
1754124142.24846,0,3,-65
1754124142.2864602,0,2,-52
1754124142.3254602,-4,1,-67
1754124142.3614602,-2,0,-65
1754124142.39946,0,2,-64
1754124142.4374602,-2,-8,-68
1754124142.47646,6,-4,-61
1754124142.51446,8,-1,-60
1754124142.55046,6,-1,-64
1754124142.58946,6,-5,-56
1754124142.62646,3,-4,-57
1754124142.66546,1,2,-61
1754124142.70146,-3,1,-69
1754124142.73946,0,-2,-58
1754124142.77746,4,0,-65
1754124142.81646,3,-6,-77
1754124142.85446,7,-1,-59
1754124142.89046,3,0,-60
1754124142.9274602,3,3,-63
1754124142.96646,3,-1,-58
1754124143.00446,2,0,-65
1754124143.04046,2,-3,-66
1754124143.07846,5,-2,-69
1754124143.11746,2,-3,-65
1754124143.15546,5,1,-61
1754124143.19146,0,-2,-59
1754124143.22946,-5,-4,-64
1754124143.26746,0,1,-60
1754124143.30646,0,1,-71
1754124143.34446,-3,-7,-68
1754124143.38046,-3,-11,-70
1754124143.41846,-2,-10,-68
1754124143.45646,-2,-2,-66
1754124143.49546,0,-9,-77
1754124143.53146,-3,-4,-70
1754124143.5694602,-8,-2,-68
1754124143.60746,-10,3,-69
1754124143.64646,-1,3,-76
1754124143.68246,3,-2,-58
1754124143.7204602,0,-2,-56
1754124143.75846,-1,0,-51
1754124143.7964602,-1,-4,-53
1754124143.8354602,5,0,-52
1754124143.8714602,8,0,-58
1754124143.90946,10,0,-52
1754124143.94646,0,-1,-63
1754124143.98546,-4,3,-57
1754124144.02146,-3,3,-50
1754124144.0594602,-2,-1,-62
1754124144.09746,0,-1,-64
1754124144.13646,1,-9,-64
1754124144.17246,2,-1,-69
1754124144.20946,-1,-5,-61
1754124144.24746,-3,1,-61
1754124144.2864602,2,-1,-63
1754124144.3224602,0,-3,-80
1754124144.35946,0,2,-71
1754124144.39746,1,8,-64
1754124144.43646,2,4,-75
1754124144.47246,4,3,-69
1754124144.5094602,4,1,-59
1754124144.54746,1,-5,-64
1754124144.58646,0,-3,-61
1754124144.62246,-5,9,-53
1754124144.66046,3,1,-59
1754124144.69846,3,-2,-58
1754124144.73746,3,-2,-68
1754124144.77546,-7,-3,-60
1754124144.81146,-3,-3,-68
1754124144.84946,-5,-2,-59
1754124144.8884602,-5,-5,-55
1754124144.92646,-6,-5,-63
1754124144.96246,-6,0,-62
1754124145.00146,-1,2,-62
1754124145.03846,4,-3,-60
1754124145.07746,-3,0,-68
1754124145.1154602,-9,-2,-62
1754124145.1514602,-4,-3,-61
1754124145.18946,5,-3,-67
1754124145.22746,3,-1,-70
1754124145.2664602,-6,-4,-65
1754124145.3024602,-13,-2,-67
1754124145.34046,-2,3,-61
1754124145.3784602,-1,0,-63
1754124145.4174602,-3,-3,-61
1754124145.45546,2,-2,-62
1754124145.49146,2,2,-68
1754124145.52846,-1,3,-56
1754124145.56746,3,4,-58
1754124145.6054602,-3,-4,-63
1754124145.6414602,-3,-5,-61
1754124145.67946,0,5,-64
1754124145.7174602,1,-1,-61
1754124145.7564602,-2,-2,-58
1754124145.7924602,-1,-4,-61
1754124145.83046,-3,-2,-56
1754124145.8684602,0,0,-70
1754124145.9074602,-5,-5,-55
1754124145.9504602,-3,-7,-53
1754124145.98946,-2,-4,-60
1754124146.02746,-4,-6,-71
1754124146.06346,-2,-3,-68
1754124146.10246,-6,-1,-54
1754124146.13946,-10,1,-54
1754124146.17846,0,-6,-50
1754124146.21646,3,3,-50
1754124146.25246,-2,0,-61
1754124146.29146,1,0,-61
1754124146.32846,-4,-2,-63
1754124146.36746,-5,-3,-68
1754124146.40346,2,-3,-72
1754124146.44146,2,0,-65
1754124146.47946,0,-3,-55
1754124146.51746,-3,-1,-60
1754124146.55646,1,4,-74
1754124146.5924602,5,1,-57
1754124146.63046,6,4,-58
1754124146.66846,6,4,-62
1754124146.7074602,3,-1,-62
1754124146.7434602,-1,-5,-62
1754124146.78146,0,-4,-64
1754124146.82046,7,0,-58
1754124146.8584602,-1,-4,-70
1754124146.89646,-2,-2,-55
1754124146.93346,-1,1,-62
1754124146.9704602,1,-1,-63
1754124147.00846,4,0,-70
1754124147.04746,5,-3,-68
1754124147.08346,3,-5,-65
1754124147.1214602,3,-3,-69
1754124147.15946,-3,-1,-63
1754124147.19846,4,-6,-69
1754124147.2364602,-1,-1,-60
1754124147.27246,3,0,-67
1754124147.3094602,0,-4,-62
1754124147.3484602,-4,-4,-53
1754124147.38646,0,-2,-69
1754124147.42246,-4,0,-68
1754124147.4604602,6,-8,-63
1754124147.49946,-2,-3,-70
1754124147.53746,-1,-4,-76
1754124147.57346,-4,-3,-67
1754124147.6114602,0,-3,-65
1754124147.64946,1,-3,-61
1754124147.68846,3,-5,-61
1754124147.72646,8,-2,-74
1754124147.76246,7,0,-65
1754124147.7994602,0,-2,-67
1754124147.8384602,-2,1,-64
1754124147.87646,-3,0,-56
1754124147.91246,0,0,-62
1754124147.94946,-4,-1,-61
1754124147.98846,-3,0,-58
1754124148.02446,-1,-3,-60
1754124148.0624602,-5,-5,-59
1754124148.10046,2,3,-62
1754124148.1384602,0,0,-65
1754124148.1774602,0,-3,-59
1754124148.2134602,-1,-4,-62
1754124148.25146,0,5,-61
1754124148.2894602,2,0,-66
1754124148.32846,-2,-1,-63
1754124148.36446,1,-9,-59
1754124148.40246,-4,-5,-68
1754124148.4404602,0,2,-74
1754124148.47846,-2,1,-68
1754124148.51746,0,0,-56
1754124148.55346,3,0,-55
1754124148.59046,7,-4,-65
1754124148.6284602,8,-6,-67
1754124148.6674602,-2,-11,-67
1754124148.70346,-9,0,-60
1754124148.7404602,1,0,-65
1754124148.77846,-1,-4,-63
1754124148.81746,-6,0,-64
1754124148.85346,-2,-3,-65
1754124148.8914602,-1,-3,-61
1754124148.92946,-5,-1,-71
1754124148.96846,1,1,-69
1754124149.00446,-3,-3,-74
1754124149.04346,-1,0,-77
1754124149.08046,0,-2,-72
1754124149.11946,0,0,-74
1754124149.1574602,4,1,-67
1754124149.19346,0,2,-58
1754124149.2304602,-2,0,-63
1754124149.2694602,-6,-6,-66
1754124149.30746,-6,0,-65
1754124149.34346,-5,-8,-66
1754124149.38246,2,-6,-64
1754124149.41946,2,3,-58
1754124149.45846,-1,0,-63
1754124149.49446,0,5,-72
1754124149.5324602,-9,10,-62
1754124149.5694602,-7,-4,-66
1754124149.6084602,1,1,-74
1754124149.6444602,0,5,-74
1754124149.68146,0,0,-69
1754124149.71946,-1,-3,-58
1754124149.75846,2,-7,-70
1754124149.79446,3,0,-72
1754124149.83146,0,-1,-70
1754124149.86946,1,0,-67
1754124149.90846,8,4,-66
1754124149.9444602,3,5,-65
1754124149.98146,0,-3,-63
1754124150.0194602,3,-4,-62
1754124150.05846,3,-3,-53
1754124150.09446,-5,0,-61
1754124150.13246,-5,-1,-52
1754124150.17046,-10,-9,-55
1754124150.20946,-1,-3,-67
1754124150.24746,-2,-2,-56
1754124150.28446,-5,6,-66
1754124150.3224602,-6,0,-70
1754124150.36046,0,0,-54
1754124150.39946,-1,-1,-67
1754124150.43546,2,-3,-71
1754124150.47246,0,-2,-64
1754124150.51046,-8,0,-63
1754124150.5494602,0,1,-72
1754124150.5854602,-4,-4,-64
1754124150.62346,-11,1,-70
1754124150.6614602,0,3,-74
1754124150.69946,-1,-3,-64
1754124150.73846,0,-4,-62
1754124150.77446,-2,-8,-58
1754124150.8124602,-3,-5,-62
1754124150.85046,13,-2,-70
1754124150.88946,0,2,-69
1754124150.92546,0,-4,-63
1754124150.9634602,5,0,-57
1754124151.00146,-4,-4,-64
1754124151.0394602,0,1,-63
1754124151.07846,0,2,-60
1754124151.11446,0,3,-61
1754124151.1514602,-2,5,-78
1754124151.18946,-2,-3,-81
1754124151.22846,2,0,-67
1754124151.26446,-5,3,-58
1754124151.30146,-1,3,-64
1754124151.34046,-1,2,-69
1754124151.3784602,-8,-3,-63
1754124151.4144602,-10,0,-63
1754124151.45146,-7,1,-64
1754124151.4904602,1,4,-67
1754124151.52846,0,4,-79
1754124151.56446,2,2,-89
1754124151.60146,-1,-3,-65
1754124151.64046,-9,0,-57
1754124151.67846,-4,-3,-57
1754124151.71446,-4,1,-64
1754124151.75146,-9,-1,-64
1754124151.79046,-5,0,-51
1754124151.82846,-5,3,-62
1754124151.86446,1,5,-67
1754124151.9014602,1,2,-60
1754124151.9404602,2,-4,-61
1754124151.97846,0,-2,-69
1754124152.01446,0,-10,-64
1754124152.05146,0,-12,-71
1754124152.09046,0,-5,-63
1754124152.1284602,3,-1,-60
1754124152.1644602,6,-4,-56
1754124152.20246,0,-8,-63
1754124152.2404602,-5,-3,-76
1754124152.2794602,-9,-5,-63
1754124152.3154602,0,0,-58
1754124152.35246,1,-3,-66
1754124152.39046,0,0,-70
1754124152.42946,5,-1,-76
1754124152.46546,3,0,-62
1754124152.5034602,0,1,-69
1754124152.54046,-4,-5,-74
1754124152.57946,-6,1,-71
1754124152.6154602,1,-1,-65
1754124152.65246,0,-2,-81
1754124152.6904602,-5,2,-64
1754124152.72946,-4,-1,-57
1754124152.76546,-5,3,-53
1754124152.80346,0,-2,-55
1754124152.8424602,-4,-4,-66
1754124152.88046,0,-7,-69
1754124152.91646,0,-6,-63
1754124152.95446,-9,-1,-75
1754124152.99246,-9,0,-57
1754124153.03046,2,-4,-63
1754124153.0694602,10,0,-72
1754124153.1054602,5,4,-54
1754124153.14246,-2,-3,-65
1754124153.18046,-1,-1,-62
1754124153.21946,-4,2,-61
1754124153.25546,-3,2,-58
1754124153.29346,-6,-2,-67
1754124153.33146,-2,-6,-75
1754124153.37046,0,-7,-57
1754124153.40646,-3,-4,-62
1754124153.4444602,-1,-6,-70
1754124153.48246,-2,4,-61
1754124153.52146,-1,0,-60
1754124153.5594602,0,0,-66
1754124153.5954602,-5,-4,-66
1754124153.6344602,-7,-5,-71
1754124153.6714602,-7,-1,-66
1754124153.7104602,-7,0,-63
1754124153.74746,4,2,-70
1754124153.78446,5,-3,-71
1754124153.8224602,3,-5,-72
1754124153.8614602,-3,0,-66
1754124153.89946,-2,-1,-70
1754124153.93646,0,-10,-74
1754124153.97546,3,-10,-72
1754124154.01246,1,-4,-61
1754124154.05146,-2,0,-60
1754124154.08946,10,-2,-61
1754124154.12546,0,-3,-64
1754124154.16246,-4,-7,-67
1754124154.20146,-4,-5,-64
1754124154.23946,0,-4,-63
1754124154.27546,1,-9,-60
1754124154.31346,-2,-5,-53
1754124154.35146,-4,-8,-57
1754124154.39046,-6,-5,-63
1754124154.42646,-9,3,-69
1754124154.4634602,-8,1,-57
1754124154.50146,-4,4,-62
1754124154.54046,-7,0,-64
1754124154.57646,-11,1,-55
1754124154.61446,0,0,-60
1754124154.65246,-8,4,-61
1754124154.69146,-3,4,-66
1754124154.72946,-1,0,-65
1754124154.7664602,-1,-2,-66
1754124154.80446,-3,0,-65
1754124154.8424602,-8,0,-65
1754124154.8814602,-1,-5,-70
1754124154.9174602,4,0,-69
1754124154.95446,-2,-2,-76
1754124154.99146,2,0,-65
1754124155.03046,1,2,-60
1754124155.06646,0,4,-69
1754124155.10446,3,4,-64
1754124155.1414602,9,5,-54
1754124155.18046,4,0,-64
1754124155.21646,-5,4,-55
1754124155.25446,-10,6,-47
1754124155.2924602,-9,1,-58
1754124155.33146,-4,6,-65
1754124155.36746,-2,6,-64
1754124155.40546,2,0,-61
1754124155.44346,0,4,-55
1754124155.48146,3,0,-63
1754124155.52046,3,2,-66
1754124155.55646,2,2,-59
1754124155.5954602,2,1,-62
1754124155.63246,9,1,-63
1754124155.6714602,5,0,-54
1754124155.7074602,4,-3,-61
1754124155.74546,0,2,-71
1754124155.78346,3,1,-72
1754124155.82146,-1,-1,-68
1754124155.86046,-7,-5,-70
1754124155.89646,5,-1,-65
1754124155.9344602,3,0,-69
1754124155.9804602,0,-5,-55
1754124156.0164602,0,-3,-56
1754124156.05446,-3,-7,-53
1754124156.0924602,0,-1,-64
1754124156.13046,0,0,-67
1754124156.16646,-4,-4,-66
1754124156.20446,-6,1,-59
1754124156.24246,0,3,-61
1754124156.28146,-1,4,-63
1754124156.31746,3,4,-62
1754124156.35446,-2,-4,-74
1754124156.39246,1,1,-65
1754124156.43146,-3,0,-73
1754124156.4674602,0,-5,-72
1754124156.50446,-1,0,-66
1754124156.5424602,-8,-3,-65
1754124156.58146,0,0,-61
1754124156.61746,5,2,-66
1754124156.65546,1,-4,-64
1754124156.69346,-1,-1,-67
1754124156.73246,-3,1,-57
1754124156.77046,-3,3,-60
1754124156.80646,-2,1,-76
1754124156.84446,0,0,-65
1754124156.88346,0,5,-67
1754124156.9214602,-4,0,-64
1754124156.9574602,0,3,-60
1754124156.99446,-3,-4,-53
1754124157.03346,-4,2,-66
1754124157.07146,0,1,-62
1754124157.10746,-3,0,-67
1754124157.14646,-4,-9,-68
1754124157.18346,-8,-2,-71
1754124157.22246,-7,-1,-63
1754124157.25846,2,3,-65
1754124157.2964602,-1,-1,-54
1754124157.33346,-1,-3,-57
1754124157.37246,-1,0,-57
1754124157.40846,0,5,-56
1754124157.44646,-4,5,-58
1754124157.4834602,-6,3,-57
1754124157.52246,-9,0,-64
1754124157.55846,-3,0,-64
1754124157.59646,4,0,-76
1754124157.6344602,-3,3,-72
1754124157.67246,1,1,-65
1754124157.71146,6,-1,-69
1754124157.74746,6,-1,-66
1754124157.78546,6,-6,-66
1754124157.82446,6,-7,-64
1754124157.86246,2,0,-49
1754124157.89846,1,-1,-46
1754124157.93646,12,4,-58
1754124157.97446,3,-5,-63
1754124158.01246,0,-8,-74
1754124158.05146,1,-2,-65
1754124158.08746,-8,-6,-68
1754124158.12546,0,-1,-62
1754124158.16346,-7,-4,-63
1754124158.20246,-11,1,-65
1754124158.23846,-1,1,-66
1754124158.2764602,2,8,-64
1754124158.31446,-2,-5,-73
1754124158.35346,1,1,-69
1754124158.3914602,-2,1,-67
1754124158.4274602,-1,-7,-65
1754124158.46646,-6,-10,-59
1754124158.5034602,-2,-5,-67
1754124158.5424602,4,-2,-64
1754124158.57946,8,-2,-62
1754124158.61646,2,-10,-65
1754124158.6544602,1,-3,-63
1754124158.69346,0,-5,-54
1754124158.73146,-8,0,-50
1754124158.76746,-2,1,-57
1754124158.80546,-7,-2,-72
1754124158.84346,1,-2,-61
1754124158.88246,4,-1,-61
1754124158.91846,3,-7,-68
1754124158.9574602,-3,0,-65
1754124158.99446,4,-3,-55
1754124159.03346,-2,0,-66
1754124159.07146,-4,-1,-64
1754124159.10746,-7,-6,-66
1754124159.14646,-1,1,-55
1754124159.1844602,2,1,-61
1754124159.22246,7,-9,-63
1754124159.25846,3,-6,-65
1754124159.2964602,0,-3,-64
1754124159.33446,-2,-1,-62
1754124159.37346,-1,-5,-56
1754124159.4114602,5,-3,-53
1754124159.4474602,0,-1,-54
1754124159.48546,-3,0,-61
1754124159.52346,-6,-2,-65
1754124159.5624602,-6,-2,-67
1754124159.5984602,-2,0,-73
1754124159.63746,-3,3,-62
1754124159.6744602,-8,2,-52
1754124159.7134602,4,0,-65
1754124159.74946,-6,5,-61
1754124159.78746,2,-6,-53
1754124159.8254602,2,-9,-54
1754124159.86346,-1,0,-71
1754124159.90246,-2,-6,-62
1754124159.93846,-3,-4,-59
1754124159.97646,8,-3,-64
1754124160.01446,0,-8,-64
1754124160.05346,-1,0,-63
1754124160.08946,-5,7,-68
1754124160.12746,-6,-2,-61
1754124160.16546,-2,1,-62
1754124160.20346,1,-2,-72
1754124160.24246,-4,-2,-60
1754124160.27846,-4,4,-65
1754124160.31646,-1,6,-62
1754124160.35446,4,3,-53
1754124160.39346,-4,5,-57
1754124160.42946,-1,0,-54
1754124160.4674602,2,10,-56
1754124160.50546,0,1,-50
1754124160.54446,-3,0,-61
1754124160.5824602,0,-2,-62
1754124160.6184602,0,-3,-71
1754124160.65546,-7,-5,-68
1754124160.6944602,-12,-3,-64
1754124160.73246,-8,1,-62
1754124160.76846,-8,-10,-59
1754124160.80746,-3,0,-63
1754124160.84446,-3,-1,-60
1754124160.88346,-5,0,-64
1754124160.91946,-6,-8,-65
1754124160.9574602,-9,-3,-69
1754124160.9964602,-4,-3,-68
1754124161.03446,-1,-4,-67
1754124161.0724602,7,-3,-56
1754124161.1084602,6,2,-61
1754124161.14646,6,-3,-60
1754124161.1844602,4,2,-54
1754124161.22246,1,5,-60
1754124161.25846,0,4,-65
1754124161.2964602,2,1,-61
1754124161.33446,11,0,-63
1754124161.37246,7,-3,-66
1754124161.40846,9,0,-60
1754124161.44646,14,-3,-60
1754124161.48446,5,2,-60
1754124161.52246,0,1,-69
1754124161.55846,-4,6,-71
1754124161.59646,-4,7,-67
1754124161.6344602,-4,-1,-60
1754124161.67346,-5,-1,-73
1754124161.70946,-7,2,-60
1754124161.74746,-3,2,-69
1754124161.78546,-7,4,-64
1754124161.82446,-4,3,-65
1754124161.86046,0,2,-74
1754124161.89846,0,-4,-67
1754124161.93646,-3,3,-73
1754124161.97446,0,1,-64
1754124162.0134602,4,4,-57
1754124162.0494602,-3,5,-63
1754124162.08646,-6,1,-61
1754124162.12446,-4,0,-70
1754124162.16346,-6,-3,-72
1754124162.19946,-2,-6,-53
1754124162.23746,3,-6,-56
1754124162.27546,2,1,-75
1754124162.31446,3,2,-63
1754124162.35046,1,3,-67
1754124162.38746,1,1,-64
1754124162.42546,-8,0,-61
1754124162.46446,0,-1,-71
1754124162.50046,3,-9,-77
1754124162.53846,3,-2,-65
1754124162.57646,3,-5,-61
1754124162.61446,3,-6,-67
1754124162.65346,0,-4,-59
1754124162.68946,3,-2,-61
1754124162.72746,0,5,-61
1754124162.7664602,-4,-3,-66
1754124162.80446,-1,8,-70
1754124162.84046,-3,5,-79
1754124162.87946,-3,0,-72
1754124162.91646,0,1,-66
1754124162.95546,5,1,-61
1754124162.9934602,3,4,-65
1754124163.0294602,7,-6,-62
1754124163.06646,2,4,-59
1754124163.1054602,1,0,-62
1754124163.14346,-2,4,-66
1754124163.17946,-5,2,-69
1754124163.2174602,-1,1,-63
1754124163.25546,5,-2,-63
1754124163.29446,5,-1,-63
1754124163.33046,0,0,-59
1754124163.36746,1,4,-63
1754124163.40546,0,4,-74
1754124163.4444602,-1,3,-73
1754124163.4804602,-5,0,-60
1754124163.51746,-4,-1,-58
1754124163.55546,1,-7,-72
1754124163.59446,0,-4,-72
1754124163.63046,-2,-2,-72
1754124163.66846,-4,-7,-61
1754124163.70646,3,0,-76
1754124163.74546,-3,-1,-60
1754124163.78346,-1,-1,-55
1754124163.8194602,-4,4,-60
1754124163.85746,0,0,-64
1754124163.89646,4,-5,-69
1754124163.9344602,1,-7,-64
1754124163.9704602,8,-2,-61
1754124164.00846,-3,0,-62
1754124164.0464602,-2,0,-65
1754124164.0854602,0,0,-67
1754124164.1214602,-5,4,-61
1754124164.15946,0,-2,-61
1754124164.19846,-3,6,-62
1754124164.23546,0,2,-65
1754124164.27446,2,-1,-64
1754124164.31046,2,1,-62
1754124164.3484602,8,-8,-56
1754124164.38746,0,3,-71
1754124164.42546,-5,4,-59
1754124164.46146,-3,-4,-61
1754124164.50046,-3,4,-56
1754124164.53746,1,2,-53
1754124164.5754602,3,3,-55
1754124164.61446,10,1,-65
1754124164.65046,10,1,-51
1754124164.6874602,3,0,-69
1754124164.72546,1,0,-67
1754124164.76446,-2,3,-67
1754124164.80046,0,0,-67
1754124164.83746,2,-1,-67
1754124164.87546,5,-10,-59
1754124164.9144602,8,-8,-60
1754124164.9504602,6,-7,-64
1754124164.98846,-3,-2,-72
1754124165.0264602,-9,-2,-68
1754124165.0654602,0,-3,-67
1754124165.10146,0,-3,-71
1754124165.13946,1,0,-67
1754124165.17846,2,3,-62
1754124165.21646,-1,0,-73
1754124165.25446,0,-3,-75
1754124165.29046,3,-5,-66
1754124165.32846,2,-2,-69
1754124165.36646,-2,0,-61
1754124165.40546,-4,-1,-63
1754124165.44146,-1,-2,-73
1754124165.47946,-1,4,-61
1754124165.51746,-2,1,-68
1754124165.55646,0,7,-60
1754124165.59446,-2,6,-53
1754124165.63046,-4,2,-53
1754124165.66846,3,4,-64
1754124165.70646,7,4,-66
1754124165.74546,-4,8,-61
1754124165.78146,-1,6,-66
1754124165.8194602,2,-1,-53
1754124165.85746,5,0,-54
1754124165.89646,0,0,-59
1754124165.9344602,-2,2,-60
1754124165.9704602,3,0,-48
1754124166.0164602,5,1,-51
1754124166.05446,-2,-4,-58
1754124166.09046,7,0,-64
1754124166.1284602,-8,3,-68
1754124166.16646,1,3,-64
1754124166.20546,2,-1,-70
1754124166.24146,5,1,-72
1754124166.27846,1,5,-71
1754124166.31746,4,8,-72
1754124166.3554602,-8,9,-67
1754124166.3914602,-5,3,-67
1754124166.43046,-4,-2,-66
1754124166.4674602,1,3,-66
1754124166.5064602,2,-1,-64
1754124166.5424602,7,-4,-70
1754124166.58046,-2,-4,-70
1754124166.6184602,1,0,-66
1754124166.65646,2,0,-62
1754124166.69546,-3,-4,-69
1754124166.73146,0,-4,-72
1754124166.7694602,3,2,-60
1754124166.80746,-6,4,-64
1754124166.84646,-8,-1,-74
1754124166.88246,-2,1,-73
1754124166.91946,0,0,-71
1754124166.9574602,10,3,-59
1754124166.9964602,1,2,-67
1754124167.0324602,-3,0,-63
1754124167.07146,-7,-10,-65
1754124167.1084602,1,-1,-68
1754124167.14646,-3,0,-68
1754124167.18546,7,-1,-71
1754124167.22146,4,-4,-66
1754124167.2594602,9,-3,-59
1754124167.29746,-2,1,-61
1754124167.33646,1,2,-60
1754124167.37246,1,-9,-56
1754124167.41046,2,1,-64
1754124167.44846,1,6,-70
1754124167.48746,-3,5,-77
1754124167.52546,-3,2,-66
1754124167.56146,-2,-2,-60
1754124167.60046,-1,-9,-56
1754124167.6384602,-1,0,-72
1754124167.67646,0,3,-69
1754124167.71246,5,10,-62
1754124167.75046,3,8,-61
1754124167.78846,-4,7,-58
1754124167.82746,-4,0,-51
1754124167.8654602,2,1,-60
1754124167.9014602,-3,0,-54
1754124167.93946,0,1,-70
1754124167.97746,-3,-5,-75
1754124168.0164602,-6,0,-70
1754124168.0524602,-5,6,-60
1754124168.09146,0,3,-69
1754124168.1284602,-3,-1,-51
1754124168.1674602,1,-3,-54
1754124168.20546,-1,0,-52
1754124168.24146,0,-4,-70
1754124168.2794602,-2,1,-62
1754124168.31746,4,-2,-59
1754124168.3554602,4,0,-72
1754124168.3914602,5,-3,-58
1754124168.42846,1,-1,-54
1754124168.4674602,7,1,-64
1754124168.50546,1,1,-65
1754124168.54146,3,-3,-70
1754124168.58046,2,-6,-53
1754124168.61746,0,-1,-65
1754124168.65646,3,1,-69
1754124168.69246,-3,0,-71
1754124168.7304602,0,-1,-66
1754124168.76746,4,-6,-63
1754124168.80646,3,-5,-58
1754124168.8424602,3,-2,-62
1754124168.88046,5,0,-65
1754124168.9174602,1,1,-71
1754124168.95646,3,0,-58
1754124168.99246,8,-7,-66
1754124169.03046,6,0,-73
1754124169.06746,5,0,-66
1754124169.10646,-2,3,-65
1754124169.14246,2,-1,-69
1754124169.18046,0,-4,-64
1754124169.2174602,0,-4,-73
1754124169.2564602,1,-4,-69
1754124169.2924602,0,0,-60
1754124169.32946,-2,4,-60
1754124169.36746,-3,4,-66
1754124169.40646,2,-4,-54
1754124169.44246,1,-4,-50
1754124169.4804602,-4,-1,-59
1754124169.51746,2,3,-75
1754124169.55646,3,-2,-69
1754124169.5924602,8,0,-67
1754124169.62946,6,0,-59
1754124169.66846,0,-4,-57
1754124169.70646,6,-1,-58
1754124169.74246,2,1,-57
1754124169.7794602,-2,4,-79
1754124169.81846,-3,2,-74
1754124169.85646,7,-4,-63
1754124169.89246,3,0,-72
1754124169.92946,-3,-3,-60
1754124169.96846,3,0,-61
1754124170.0064602,1,0,-67
1754124170.0424602,0,0,-58
1754124170.07946,2,-6,-57
1754124170.1184602,1,-12,-60
1754124170.15646,10,0,-62
1754124170.19246,3,-2,-62
1754124170.22946,2,-2,-68
1754124170.26846,-5,2,-60
1754124170.30646,1,-3,-55
1754124170.3424602,0,-3,-57
1754124170.37946,0,1,-55
1754124170.41846,4,0,-66
1754124170.45646,-4,2,-62
1754124170.49246,-3,3,-49
1754124170.5294602,0,0,-50
1754124170.56846,0,0,-68
1754124170.60646,-2,4,-71
1754124170.64246,-3,3,-63
1754124170.67946,-5,2,-54
1754124170.71846,-2,1,-70
1754124170.7564602,5,-3,-62
1754124170.7924602,1,-5,-64
1754124170.83146,1,-1,-56
1754124170.8684602,-2,-2,-57
1754124170.9074602,-2,-5,-67
1754124170.94346,4,-5,-58
1754124170.98146,9,-6,-59
1754124171.0194602,2,-9,-50
1754124171.05846,2,0,-60
1754124171.09446,-1,0,-68
1754124171.1314602,-3,0,-65
1754124171.16946,-3,1,-53
1754124171.20846,2,1,-61
1754124171.24446,6,2,-64
1754124171.28146,0,-6,-69
1754124171.3194602,2,2,-64
1754124171.3584602,-3,-4,-68
1754124171.3944602,1,-3,-65
1754124171.43146,-3,5,-56
1754124171.46946,0,3,-68
1754124171.50846,-4,-4,-73
1754124171.54446,1,3,-69
1754124171.5824602,0,2,-66
1754124171.62046,3,0,-66
1754124171.65946,0,-4,-69
1754124171.6974602,-2,-14,-68
1754124171.7334602,-9,-6,-64
1754124171.77146,-3,-6,-53
1754124171.8094602,3,-3,-69
1754124171.8484602,4,-4,-75
1754124171.8844602,-1,3,-71
1754124171.92246,0,0,-67
1754124171.9604602,1,-3,-66
1754124171.99946,-1,-8,-68
1754124172.03746,-5,1,-65
1754124172.07346,-2,-3,-55
1754124172.1114602,-2,7,-66
1754124172.14946,1,2,-68
1754124172.18846,5,0,-64
1754124172.22446,0,-2,-63
1754124172.26246,-2,0,-67
1754124172.30046,-5,0,-64
1754124172.33946,-1,4,-57
1754124172.37746,-3,1,-72
1754124172.41346,0,-1,-59
1754124172.45246,3,0,-59
1754124172.48946,8,2,-53
1754124172.52846,-1,-5,-64
1754124172.5654602,-6,2,-67
1754124172.60246,0,3,-57
1754124172.64046,0,4,-53
1754124172.67946,1,3,-58
1754124172.7174602,0,6,-51
1754124172.7534602,0,5,-54
1754124172.79046,-1,0,-55
1754124172.82946,1,0,-60
1754124172.86746,-4,-9,-69
1754124172.90346,2,1,-59
1754124172.9404602,-1,-2,-69
1754124172.97946,-3,4,-66
1754124173.01746,4,-2,-71
1754124173.05346,-1,-8,-61
1754124173.09146,2,2,-65
1754124173.12946,1,1,-65
1754124173.16846,-4,-7,-63
1754124173.20546,-3,-6,-59
1754124173.24246,3,0,-66
1754124173.28046,7,2,-67
1754124173.3194602,1,2,-61
1754124173.3554602,5,1,-61
1754124173.39346,2,3,-66
1754124173.43046,-1,3,-76
1754124173.46946,0,1,-63
1754124173.50546,-4,-2,-58
1754124173.54346,1,0,-56
1754124173.5824602,0,0,-62
1754124173.61946,-1,4,-69
1754124173.65846,-2,-2,-64
1754124173.6944602,0,0,-68
1754124173.73246,-2,1,-57
1754124173.7694602,-5,-1,-67
1754124173.80846,3,-1,-69
1754124173.84446,6,-2,-64
1754124173.88246,6,0,-62
1754124173.92046,0,-2,-71
1754124173.95946,-3,4,-71
1754124173.99546,-5,-5,-77
1754124174.03346,0,-5,-66
1754124174.07146,-1,-2,-68
1754124174.11046,1,0,-60
1754124174.14846,-2,4,-57
1754124174.1844602,1,1,-63
1754124174.22246,-4,0,-58
1754124174.26046,2,1,-66
1754124174.2994602,-7,-1,-75
1754124174.3354602,0,-2,-68
1754124174.37246,-3,-3,-55
1754124174.41046,-4,-7,-58
1754124174.44946,-12,-1,-56
1754124174.48546,-3,-8,-56
1754124174.52346,-3,-3,-66
1754124174.56146,-1,-6,-66
1754124174.60046,0,3,-70
1754124174.6384602,1,1,-68
1754124174.6744602,0,6,-72
1754124174.71146,-7,-2,-70
1754124174.75046,-7,5,-69
1754124174.78846,-6,-5,-59
1754124174.82446,-5,-6,-76
1754124174.86246,0,-12,-78
1754124174.90046,7,-8,-78
1754124174.93946,3,-7,-70
1754124174.97546,0,-6,-65
1754124175.0134602,-2,-6,-53
1754124175.05146,2,0,-51
1754124175.09046,4,-6,-68
1754124175.1284602,-4,-3,-66
1754124175.1644602,-2,0,-71
1754124175.20346,0,-7,-68
1754124175.2404602,8,-5,-61
1754124175.2794602,1,0,-56
1754124175.3154602,4,0,-53
1754124175.35346,-2,-1,-65
1754124175.3914602,-3,3,-60
1754124175.43046,6,0,-55
1754124175.46846,-4,0,-55
1754124175.50446,0,1,-50
1754124175.54146,10,0,-62
1754124175.58046,0,5,-58
1754124175.61646,-1,5,-62
1754124175.6544602,4,-3,-67
1754124175.69246,-1,0,-54
1754124175.7304602,5,-2,-67
1754124175.7694602,0,-1,-69
1754124175.80546,1,-4,-62
1754124175.84346,5,-6,-58
1754124175.8814602,2,0,-63
1754124175.92046,2,0,-78
1754124175.95646,4,2,-78
1754124175.9934602,1,-4,-73
1754124176.0394602,-1,1,-67
1754124176.0754602,0,-3,-66
1754124176.11246,-1,-9,-52
1754124176.1514602,1,0,-63
1754124176.18946,-2,-2,-64
1754124176.22546,2,1,-59
1754124176.26246,4,0,-46
1754124176.30046,0,2,-63
1754124176.33946,0,-2,-73
1754124176.37546,1,3,-56
1754124176.41246,-4,2,-55
1754124176.4504602,-5,0,-59
1754124176.48946,-5,0,-53
1754124176.52546,0,-3,-55
1754124176.56346,0,-2,-64
1754124176.60146,3,-3,-65
1754124176.64046,6,-5,-78
1754124176.6774602,5,0,-62
1754124176.71446,0,0,-64
1754124176.75246,1,0,-65
1754124176.79146,-2,2,-62
1754124176.82946,-1,2,-69
1754124176.8654602,-5,4,-75
1754124176.9044602,-8,-2,-70
1754124176.94146,-4,4,-61
1754124176.9804602,-1,0,-58
1754124177.0164602,5,4,-63
1754124177.05446,1,0,-71
1754124177.0924602,0,-5,-67
1754124177.1314602,1,-3,-69
1754124177.16946,-7,-4,-61
1754124177.20546,2,2,-56
1754124177.2434602,-2,0,-55
1754124177.28146,-2,-6,-65
1754124177.32046,-6,-3,-60
1754124177.35646,3,-2,-60
1754124177.3944602,-1,-3,-64
1754124177.43246,0,1,-60
1754124177.47146,0,0,-57
1754124177.5094602,1,-2,-63
1754124177.54546,0,-4,-58
1754124177.58446,-6,-5,-61
1754124177.6214602,-2,-10,-61
1754124177.66046,0,-5,-58
1754124177.69646,5,0,-54
1754124177.73446,3,5,-66
1754124177.77146,0,3,-60
1754124177.81046,3,-2,-69
1754124177.84646,6,-5,-56
1754124177.8844602,1,-5,-61
1754124177.92246,0,-2,-77
1754124177.96146,-4,-5,-72
1754124177.99746,-4,-3,-73
1754124178.03546,1,1,-67
1754124178.07346,-1,0,-77
1754124178.1114602,-4,4,-61
1754124178.15046,-8,2,-64
1754124178.18646,0,-2,-58
1754124178.22446,-5,-3,-62
1754124178.26246,-4,-3,-68
1754124178.30146,-3,-9,-69
1754124178.33746,-3,-3,-66
1754124178.37646,0,2,-65
1754124178.41346,0,-9,-65
1754124178.45146,0,0,-63
1754124178.4904602,1,1,-65
1754124178.5264602,3,-1,-60
1754124178.56446,-3,-5,-70
1754124178.60246,0,1,-70
1754124178.6414602,5,1,-72
1754124178.6774602,-1,1,-64
1754124178.71546,-3,-1,-60
1754124178.7534602,-3,-6,-63
1754124178.7924602,2,-4,-65
1754124178.83046,-3,0,-77
1754124178.86646,0,0,-76
1754124178.90346,-3,0,-80
1754124178.94246,-5,-6,-73
1754124178.9804602,0,-9,-64
1754124179.0164602,6,0,-63
1754124179.05546,1,0,-70
1754124179.09346,-6,-8,-70
1754124179.1314602,-5,-5,-63
1754124179.1674602,0,1,-68
1754124179.20446,0,0,-63
1754124179.2434602,-1,2,-57
1754124179.28146,-4,0,-63
1754124179.31746,-8,-1,-68
1754124179.3554602,-8,-3,-82
1754124179.39346,-5,-7,-75
1754124179.43246,0,-6,-51
1754124179.4704602,3,-6,-59
1754124179.5064602,3,-4,-52
1754124179.54446,7,3,-71
1754124179.5824602,4,-3,-73
1754124179.6214602,-6,-1,-77
1754124179.6574602,-5,1,-74
1754124179.69546,-2,2,-58
1754124179.7334602,-1,2,-65
1754124179.77246,0,2,-61
1754124179.81046,5,-4,-55
1754124179.84646,3,0,-60
1754124179.8844602,-5,-4,-55
1754124179.92246,-5,0,-58
1754124179.9604602,-9,1,-61
1754124179.9964602,-7,5,-62
1754124180.03446,0,-4,-69
1754124180.0724602,0,-2,-65
1754124180.1084602,-3,2,-60
1754124180.14746,-3,2,-57
1754124180.1844602,-2,-3,-70
1754124180.22246,2,0,-73
1754124180.26146,-1,-7,-62
1754124180.29746,-4,-3,-61
1754124180.33646,-8,-3,-62
1754124180.37346,-4,-4,-64
1754124180.41246,-2,-5,-68
1754124180.44846,-1,-4,-78
1754124180.4864602,-7,5,-67
1754124180.52446,-4,-3,-61
1754124180.5624602,-2,-1,-57
1754124180.60146,-3,4,-70
1754124180.63746,-7,3,-66
1754124180.67546,-6,-2,-65
1754124180.7134602,0,9,-63
1754124180.75246,-7,0,-56
1754124180.78846,-7,-4,-68
1754124180.82746,-6,4,-61
1754124180.86446,-4,6,-73
1754124180.90246,-2,7,-67
1754124180.94146,1,5,-67
1754124180.97746,-4,4,-59
1754124181.01446,-6,0,-58
1754124181.05346,0,6,-62
1754124181.09146,0,5,-61
1754124181.12746,3,-3,-64
1754124181.1644602,-4,-6,-60
1754124181.20346,0,-1,-62
1754124181.24146,0,-2,-73
1754124181.27746,0,1,-73
1754124181.3154602,0,-2,-57
1754124181.35346,2,-6,-56
1754124181.39246,1,-2,-61
1754124181.42846,-4,-2,-69
1754124181.46646,0,-4,-69
1754124181.50446,-4,2,-69
1754124181.54346,-1,7,-56
1754124181.58146,-5,8,-61
1754124181.61746,0,0,-59
1754124181.65546,6,0,-60
1754124181.6944602,0,1,-67
1754124181.73246,1,1,-64
1754124181.76846,1,4,-71
1754124181.80546,6,-2,-53
1754124181.84346,-3,4,-65
1754124181.88246,1,1,-60
1754124181.91846,-6,-3,-69
1754124181.9574602,4,-5,-58
1754124181.99446,7,0,-63
1754124182.03346,1,-1,-54
1754124182.07146,-1,-2,-57
1754124182.10746,8,0,-65
1754124182.1444602,-2,3,-60
1754124182.18346,-4,2,-61
1754124182.22146,-4,0,-62
1754124182.25746,5,4,-55
1754124182.29446,5,5,-72
1754124182.33346,-1,-6,-63
1754124182.36946,0,-4,-61
1754124182.4074602,6,1,-75
1754124182.44546,-4,-3,-65
1754124182.4834602,-3,-1,-69
1754124182.52246,-1,-5,-66
1754124182.55846,0,1,-76
1754124182.5954602,-4,4,-77
1754124182.63346,0,2,-73
1754124182.67246,2,0,-79
1754124182.70846,-1,7,-64
1754124182.7464602,-1,7,-64
1754124182.78446,0,-1,-66
1754124182.82346,-9,-2,-69
1754124182.85946,-1,0,-60
1754124182.89746,-5,1,-62
1754124182.93546,-1,0,-70
1754124182.9734602,-1,2,-75
1754124183.01246,0,0,-56
1754124183.04846,2,8,-54
1754124183.0854602,2,0,-57
1754124183.12446,0,0,-54
1754124183.16246,2,1,-63
1754124183.19846,-3,2,-65
1754124183.2364602,-1,4,-58
1754124183.27446,-2,3,-67
1754124183.31346,-2,0,-67
1754124183.34946,-7,0,-60
1754124183.38746,2,5,-68
1754124183.42546,11,3,-64
1754124183.46446,5,-4,-59
1754124183.50246,8,0,-65
1754124183.53846,4,0,-75
1754124183.5754602,6,5,-67
1754124183.61446,-1,0,-70
1754124183.65246,0,0,-76
1754124183.68846,0,2,-73
1754124183.72546,13,-3,-59
1754124183.76446,0,0,-64
1754124183.8024602,-2,-1,-64
1754124183.8384602,1,0,-69
1754124183.87546,9,1,-78
1754124183.9144602,-8,5,-70
1754124183.95246,3,7,-70
1754124183.98846,6,-1,-70
1754124184.02546,7,-10,-74
1754124184.06446,2,2,-68
1754124184.10246,-3,0,-64
1754124184.1384602,-1,4,-60
1754124184.17646,0,0,-59
1754124184.21446,-5,-3,-57
1754124184.2534602,3,-4,-71
1754124184.2894602,3,0,-80
1754124184.32646,3,1,-58
1754124184.36446,-1,0,-59
1754124184.40346,-1,1,-72
1754124184.43946,0,-1,-62
1754124184.47646,-5,1,-65
1754124184.51446,-6,7,-73
1754124184.55346,0,-1,-67
1754124184.58946,2,-1,-61
1754124184.62746,-3,-2,-73
1754124184.66646,-1,3,-66
1754124184.70446,3,0,-69
1754124184.74246,4,3,-61
1754124184.77846,0,2,-75
1754124184.81646,2,0,-70
1754124184.8554602,2,-1,-67
1754124184.89346,0,2,-60
1754124184.92946,0,0,-74
1754124184.96646,1,2,-67
1754124185.00546,2,1,-70
1754124185.04346,8,-4,-67
1754124185.07946,0,-2,-67
1754124185.11746,1,0,-67
1754124185.15546,3,-6,-63
1754124185.1944602,-7,0,-72
1754124185.2304602,-9,0,-64
1754124185.26846,-4,3,-66
1754124185.30646,-2,2,-59
1754124185.34446,-5,6,-66
1754124185.38346,-6,0,-72
1754124185.41946,-4,-1,-71
1754124185.4574602,0,-8,-73
1754124185.4964602,-2,-2,-69
1754124185.53446,2,2,-57
1754124185.57046,-4,0,-60
1754124185.6084602,-11,1,-65
1754124185.64646,-3,4,-61
1754124185.68546,-8,1,-57
1754124185.7234602,-8,3,-63
1754124185.7594602,0,9,-68
1754124185.7964602,-1,3,-56
1754124185.8354602,-2,-4,-54
1754124185.87346,0,-10,-48
1754124185.90946,-4,-6,-62
1754124185.9474602,-1,-1,-56
1754124185.98546,0,-10,-56
1754124186.02446,5,-9,-55
1754124186.06746,1,-9,-54
1754124186.1054602,-2,0,-80
1754124186.1444602,-4,4,-76
1754124186.18046,1,0,-75
1754124186.2174602,-6,-1,-65
1754124186.25546,1,3,-58
1754124186.29446,0,3,-59
1754124186.33046,8,7,-61
1754124186.36746,1,-1,-63
1754124186.40546,-5,-5,-62
1754124186.4444602,-8,-1,-63
1754124186.4804602,-8,5,-69
1754124186.51746,-3,-3,-61
1754124186.55546,-1,-6,-68
1754124186.59446,-6,1,-63
1754124186.63046,-3,-1,-63
1754124186.66846,5,0,-62
1754124186.70646,4,0,-66
1754124186.74546,3,-1,-60
1754124186.78346,1,-5,-63
1754124186.8194602,8,0,-63
1754124186.85646,3,0,-57
1754124186.89546,0,0,-60
1754124186.93346,9,-3,-63
1754124186.96946,2,4,-57
1754124187.0064602,-7,0,-70
1754124187.04546,0,3,-71
1754124187.08146,7,-1,-55
1754124187.1184602,6,-2,-62
1754124187.15646,15,-1,-69
1754124187.19546,2,-10,-64
1754124187.23246,0,-1,-50
1754124187.2694602,2,2,-70
1754124187.30746,-8,-6,-64
1754124187.3454602,0,-6,-60
1754124187.3844602,2,1,-60
1754124187.42046,0,-4,-61
1754124187.45846,2,-8,-55
1754124187.4964602,-1,-4,-55
1754124187.53546,2,1,-60
1754124187.57146,1,0,-63
1754124187.6084602,-1,5,-54
1754124187.64646,4,0,-68
1754124187.68546,10,1,-52
1754124187.72146,3,0,-58
1754124187.75846,4,0,-64
1754124187.79746,3,-8,-61
1754124187.8354602,0,-3,-50
1754124187.8714602,-4,-2,-59
1754124187.90946,-1,-3,-56
1754124187.9474602,0,2,-67
1754124187.9864602,-5,1,-57
1754124188.02446,-5,-5,-56
1754124188.06046,2,-5,-62
1754124188.09746,3,-1,-56
1754124188.13646,0,-1,-59
1754124188.1744602,-2,-4,-62
1754124188.2104602,-1,-1,-55
1754124188.24846,-5,1,-61
1754124188.2864602,2,3,-55
1754124188.3254602,-6,-5,-55
1754124188.3614602,-2,-7,-60
1754124188.39946,-3,-6,-64
1754124188.4374602,-3,-1,-55
1754124188.47646,0,0,-57
1754124188.51446,-1,1,-54
1754124188.55046,-4,-4,-58
1754124188.5884602,-7,1,-58
1754124188.62646,-2,-6,-61
1754124188.66546,-6,-2,-59
1754124188.70146,0,0,-66
1754124188.73846,4,0,-56
1754124188.77746,3,-5,-50
1754124188.8154602,2,3,-56
1754124188.85146,-6,0,-60
1754124188.89046,-1,-5,-65
1754124188.9274602,0,2,-51
1754124188.96646,-6,14,-59
1754124189.00446,-4,1,-70
1754124189.04046,-3,2,-58
1754124189.07846,3,-6,-52
1754124189.11646,2,-4,-57
1754124189.15546,3,-3,-53
1754124189.19146,-5,3,-56
1754124189.22946,-5,3,-61
1754124189.26846,-2,0,-53
1754124189.30646,-6,3,-59
1754124189.34446,-8,0,-62
1754124189.38046,0,0,-67
1754124189.41846,2,3,-63
1754124189.4574602,0,-3,-67
1754124189.49546,0,-3,-60
1754124189.53146,7,-1,-67
1754124189.5694602,5,-3,-63
1754124189.60746,0,-3,-60
1754124189.64646,-2,3,-64
1754124189.68246,-3,5,-59
1754124189.7204602,-1,1,-71
1754124189.75846,0,0,-60
1754124189.7964602,1,-1,-59
1754124189.8354602,6,-3,-72
1754124189.8714602,1,-5,-70
1754124189.90946,0,-7,-74
1754124189.9474602,-4,-3,-70
1754124189.9864602,-6,2,-68
1754124190.02246,-9,1,-57
1754124190.06146,-5,0,-56
1754124190.0984602,-6,2,-63
1754124190.13646,0,-4,-71
1754124190.17546,-2,0,-70
1754124190.21146,-1,0,-65
1754124190.24946,1,-1,-61
1754124190.28746,3,0,-60
1754124190.32646,-1,3,-63
1754124190.36246,1,4,-64
1754124190.40046,-5,2,-60
1754124190.43946,-7,-5,-64
1754124190.47746,-6,0,-58
1754124190.51546,-2,1,-59
1754124190.55146,-1,-2,-67
1754124190.58946,-1,0,-72
1754124190.62746,-4,6,-65
1754124190.66646,-6,-5,-62
1754124190.70246,-9,-8,-62
1754124190.7404602,-3,-5,-60
1754124190.77846,-4,-6,-68
1754124190.81746,-3,-1,-70
1754124190.8554602,7,-5,-63
1754124190.8914602,0,0,-63
1754124190.92846,-5,0,-60
1754124190.9674602,0,0,-64
1754124191.00546,-1,-7,-71
1754124191.04146,0,-3,-68
1754124191.07946,-4,-2,-59
1754124191.11746,-8,-1,-54
1754124191.15646,-3,-6,-78
1754124191.19246,-1,-6,-75
1754124191.23146,-7,1,-58
1754124191.2694602,0,6,-68
1754124191.30746,3,-4,-69
1754124191.3454602,5,-1,-60
1754124191.3814602,2,3,-71
1754124191.41846,0,-2,-69
1754124191.4574602,5,-1,-62
1754124191.49546,-1,-1,-65
1754124191.53146,0,-3,-72
1754124191.5694602,3,3,-58
1754124191.60746,0,1,-57
1754124191.64646,3,-2,-65
1754124191.68246,1,-5,-60
1754124191.7204602,0,-2,-78
1754124191.75846,1,0,-60
1754124191.79746,-9,-7,-68
1754124191.83346,-8,0,-63
1754124191.87046,1,0,-67
1754124191.90846,-4,1,-55
1754124191.9474602,-9,1,-48
1754124191.9834602,-2,-3,-57
1754124192.02146,2,0,-66
1754124192.0594602,2,-3,-75
1754124192.09746,-3,2,-57
1754124192.13646,-5,0,-60
1754124192.17246,-1,-5,-59
1754124192.2104602,-7,-6,-67
1754124192.24946,-8,-2,-62
1754124192.28746,1,0,-73
1754124192.32346,0,-1,-74
1754124192.3614602,-3,1,-70
1754124192.39946,-3,-1,-53
1754124192.4374602,0,7,-57
1754124192.47646,6,-1,-57
1754124192.51246,0,-1,-58
1754124192.5494602,1,-9,-64
1754124192.5884602,-4,-4,-56
1754124192.62646,-4,0,-64
1754124192.66246,1,0,-64
1754124192.69946,-3,1,-67
1754124192.73846,-1,-5,-71
1754124192.7764602,-1,-7,-65
1754124192.8124602,-3,-7,-73
1754124192.85046,-3,-6,-61
1754124192.8884602,-3,-5,-59
1754124192.9274602,1,-6,-62
1754124192.9634602,0,1,-64
1754124193.00046,-5,-3,-65
1754124193.03846,-9,-7,-70
1754124193.07746,-2,-5,-56
1754124193.11346,-4,0,-50
1754124193.1514602,-5,0,-69
1754124193.18946,-3,3,-61
1754124193.22846,-3,2,-59
1754124193.2664602,1,-8,-67
1754124193.3024602,0,0,-61
1754124193.33946,0,-2,-61
1754124193.3784602,-3,0,-56
1754124193.41646,0,2,-65
1754124193.45246,2,8,-49
1754124193.48946,-1,1,-66
1754124193.52846,5,4,-66
1754124193.56646,-2,-1,-67
1754124193.60246,-3,0,-60
1754124193.64046,-7,0,-69
1754124193.67846,0,-1,-70
1754124193.7174602,-9,3,-64
1754124193.7534602,-5,8,-61
1754124193.7924602,2,1,-67
1754124193.82946,0,-1,-64
1754124193.8684602,-2,2,-55
1754124193.9044602,-4,-6,-58
1754124193.94246,-3,2,-75
1754124193.9804602,-2,-7,-63
1754124194.01846,-5,-5,-67
1754124194.05746,-1,-1,-62
1754124194.09346,-2,-1,-63
1754124194.1314602,0,-3,-63
1754124194.17046,1,-1,-61
1754124194.20846,-2,-4,-69
1754124194.24446,1,-4,-64
1754124194.2824602,-1,0,-60
1754124194.32046,3,-2,-61
1754124194.35946,-5,1,-76
1754124194.39746,0,2,-69
1754124194.43346,5,-3,-72
1754124194.47146,0,6,-78
1754124194.5094602,0,1,-65
1754124194.54846,3,0,-60
1754124194.58446,0,0,-57
1754124194.6214602,-1,-2,-64
1754124194.65946,-5,0,-55
1754124194.69846,5,-10,-62
1754124194.73446,0,-2,-60
1754124194.77246,0,-8,-50
1754124194.81046,-1,-12,-66
1754124194.84946,-3,-7,-59
1754124194.88746,-5,0,-60
1754124194.92346,-1,10,-62
1754124194.96146,-3,2,-60
1754124194.99946,1,4,-63
1754124195.03846,-2,-5,-65
1754124195.07446,-1,-2,-54
1754124195.11346,4,-3,-64
1754124195.15046,2,5,-69
1754124195.18946,4,-1,-53
1754124195.22746,-5,1,-61
1754124195.2634602,1,0,-50
1754124195.30046,5,4,-59
1754124195.33946,-1,0,-64
1754124195.37746,-6,8,-65
1754124195.41346,0,6,-56
1754124195.4504602,4,3,-64
1754124195.48946,-2,-3,-55
1754124195.52746,-2,0,-57
1754124195.56346,-2,-1,-59
1754124195.60146,5,4,-52
1754124195.63946,3,0,-56
1754124195.67846,-2,4,-60
1754124195.71446,-2,3,-59
1754124195.75246,-6,1,-74
1754124195.79046,1,-2,-56
1754124195.82946,-2,3,-51
1754124195.86746,-5,0,-49
1754124195.90346,0,-3,-59
1754124195.9404602,-3,-2,-76
1754124195.97946,2,-5,-65
1754124196.01746,-7,0,-58
1754124196.05346,-10,3,-60
1754124196.09946,2,-2,-65
1754124196.13746,8,-1,-71
1754124196.17346,-1,-2,-68
1754124196.21146,-1,0,-60
1754124196.24946,-4,1,-49
1754124196.28846,0,2,-63
1754124196.32446,-4,2,-59
1754124196.36346,-2,-7,-62
1754124196.4014602,2,0,-58
1754124196.43946,4,0,-54
1754124196.47546,-1,0,-61
1754124196.5134602,0,-5,-63
1754124196.55146,-4,1,-69
1754124196.58946,-7,6,-74
1754124196.6284602,0,-2,-72
1754124196.6644602,1,-4,-52
1754124196.70246,0,6,-58
1754124196.7404602,-2,8,-56
1754124196.7794602,1,0,-66
1754124196.8154602,-1,-2,-62
1754124196.85346,-2,5,-54
1754124196.8914602,-7,5,-51
1754124196.93046,-2,3,-64
1754124196.96846,-2,-2,-69
1754124197.00446,0,2,-68
1754124197.04146,-1,-5,-76
1754124197.07946,0,-4,-64
1754124197.1184602,-7,-4,-59
1754124197.1544602,-5,-3,-64
1754124197.19346,3,-1,-66
1754124197.2304602,2,3,-57
1754124197.2694602,-1,-3,-53
1754124197.30546,-6,-1,-54
1754124197.34346,-3,1,-55
1754124197.3814602,-2,-1,-67
1754124197.42046,-3,5,-66
1754124197.45846,-9,2,-55
1754124197.49446,-6,2,-58
1754124197.53146,-4,6,-57
1754124197.57046,2,-2,-68
1754124197.6084602,1,2,-64
1754124197.6444602,-4,8,-60
1754124197.68146,-5,-1,-71
1754124197.7204602,-1,-8,-70
1754124197.75846,-1,0,-65
1754124197.79446,3,7,-64
1754124197.83146,0,0,-66
1754124197.87046,6,0,-67
1754124197.90846,4,-1,-78
1754124197.9444602,-3,-7,-67
1754124197.98246,-8,0,-66
1754124198.02046,-6,-3,-70
1754124198.0594602,-3,0,-59
1754124198.0954602,-9,-2,-53
1754124198.13346,-7,-1,-65
1754124198.17246,-4,1,-60
1754124198.2104602,-2,-1,-62
1754124198.24846,1,-2,-65
1754124198.28446,1,-2,-55
1754124198.3224602,-5,1,-64
1754124198.36046,0,-1,-55
1754124198.39946,-2,-8,-71
1754124198.43546,0,0,-72
1754124198.47246,-4,0,-66
1754124198.51046,-2,1,-59
1754124198.5494602,-6,-3,-63
1754124198.5854602,-8,-6,-54
1754124198.62346,-2,-3,-54
1754124198.6614602,-2,-4,-60
1754124198.7004602,8,0,-59
1754124198.7364602,1,-2,-69
1754124198.77446,4,0,-56
1754124198.8124602,0,0,-48
1754124198.85046,2,-1,-54
1754124198.88946,-6,-6,-68
1754124198.92546,0,-4,-54
1754124198.9634602,5,-7,-58
1754124199.00246,-2,-1,-64
1754124199.04046,-5,-2,-75
1754124199.07646,-7,-4,-71
1754124199.11446,0,3,-71
1754124199.15246,6,0,-68
1754124199.1904602,-2,-1,-64
1754124199.22946,6,-5,-64
1754124199.26546,0,0,-74
1754124199.3024602,-1,0,-71
1754124199.34046,-6,-5,-63
1754124199.37946,2,1,-68
1754124199.41546,2,0,-61
1754124199.45246,12,7,-66
1754124199.49146,2,-1,-66
1754124199.5294602,-3,0,-64
1754124199.5654602,-3,1,-64
1754124199.60346,0,-4,-70
1754124199.6414602,-3,-1,-60
1754124199.68046,0,0,-70
1754124199.71646,-6,2,-70
1754124199.75446,-2,-4,-62
1754124199.79346,1,-3,-68
1754124199.83146,0,-1,-66
1754124199.86946,0,0,-57
1754124199.90546,0,0,-57
1754124199.94246,0,3,-69
1754124199.98146,3,-1,-69
1754124200.0194602,3,3,-66
1754124200.05546,9,0,-73
1754124200.0924602,8,-1,-56
1754124200.1314602,6,3,-73
1754124200.16946,0,-3,-57
1754124200.20546,-1,2,-54
1754124200.24246,0,-6,-54
1754124200.28146,0,-3,-59
1754124200.3194602,6,-3,-63
1754124200.3554602,8,-1,-74
1754124200.39346,-2,-4,-68
1754124200.43246,6,-2,-66
1754124200.4704602,5,0,-51
1754124200.5064602,0,-5,-64
1754124200.54346,2,5,-54
1754124200.5824602,0,6,-61
1754124200.62046,-4,-2,-73
1754124200.65646,-6,2,-67
1754124200.69346,-4,0,-65
1754124200.73246,0,-2,-58
1754124200.77046,0,0,-63
1754124200.80646,-3,-5,-65
1754124200.8454602,3,0,-63
1754124200.88246,3,3,-70
1754124200.9214602,-6,-3,-74
1754124200.9574602,5,-2,-67
1754124200.99546,1,3,-66
1754124201.0324602,-2,0,-69
1754124201.07146,-1,-4,-62
1754124201.10746,6,3,-69
1754124201.14546,-3,-5,-68
1754124201.18246,-3,-2,-66
1754124201.22146,4,0,-61
1754124201.25746,5,4,-61
1754124201.29546,1,5,-58
1754124201.3324602,-1,3,-49
1754124201.3714602,-5,0,-59
1754124201.4074602,-6,-4,-53
1754124201.44546,0,-2,-54
1754124201.4834602,8,0,-56
1754124201.52146,1,2,-54
1754124201.56046,-3,2,-61
1754124201.59646,-10,-1,-58
1754124201.63546,-4,-2,-58
1754124201.67346,-4,-2,-61
1754124201.71146,0,1,-63
1754124201.74746,1,4,-67
1754124201.7864602,-1,7,-57
1754124201.82346,-9,3,-61
1754124201.86246,-2,-4,-57
1754124201.9014602,-4,-3,-66
1754124201.9374602,2,-1,-60
1754124201.97546,1,2,-62
1754124202.0134602,0,-3,-64
1754124202.0524602,7,-5,-52
1754124202.09046,-4,-4,-53
1754124202.12646,-1,0,-61
1754124202.1644602,-2,-3,-68
1754124202.20346,0,4,-73
1754124202.24146,-4,-2,-54
1754124202.27746,-4,0,-58
1754124202.31646,3,5,-76
1754124202.35346,-1,3,-58
1754124202.39246,2,1,-74
1754124202.43046,1,-3,-71
1754124202.46646,-4,0,-72
1754124202.5034602,0,3,-71
1754124202.5424602,-9,-3,-67
1754124202.58046,-2,-6,-62
1754124202.61646,3,3,-74
1754124202.65346,0,-2,-74
1754124202.69246,1,-1,-58
1754124202.7304602,0,-6,-68
1754124202.7664602,3,-1,-63
1754124202.80446,7,3,-66
1754124202.8424602,4,0,-64
1754124202.8814602,7,2,-56
1754124202.9174602,0,-5,-59
1754124202.95546,3,1,-64
1754124202.9934602,0,1,-65
1754124203.0324602,-7,3,-64
1754124203.06846,-7,-1,-71
1754124203.10746,-11,-3,-64
1754124203.1444602,-4,-1,-63
1754124203.18346,-5,-2,-65
1754124203.22146,-6,-3,-62
1754124203.25746,6,-3,-69
1754124203.2964602,0,-3,-60
1754124203.33346,-6,-8,-61
1754124203.37246,-3,0,-62
1754124203.40846,0,1,-63
1754124203.44646,0,-6,-61
1754124203.4834602,0,9,-72
1754124203.52246,3,2,-71
1754124203.55846,6,0,-62
1754124203.59646,0,-5,-69
1754124203.63346,3,-4,-60
1754124203.67246,0,1,-62
1754124203.70846,0,-4,-62
1754124203.7464602,-3,-8,-61
1754124203.78446,-3,-4,-64
1754124203.8224602,0,-5,-65
1754124203.8614602,4,2,-71
1754124203.89746,-1,9,-69
1754124203.9344602,12,0,-56
1754124203.97246,5,1,-59
1754124204.01146,1,2,-65
1754124204.04746,5,-4,-71
1754124204.0854602,4,-4,-66
1754124204.12346,2,0,-65
1754124204.16246,4,4,-60
1754124204.19946,1,0,-58
1754124204.23746,-2,-7,-62
1754124204.27446,-1,2,-52
1754124204.31346,0,0,-53
1754124204.35146,-4,0,-54
1754124204.38746,3,-6,-63
1754124204.42546,1,-3,-73
1754124204.4634602,3,-4,-73
1754124204.50246,2,-7,-75
1754124204.53846,0,4,-73
1754124204.5754602,-1,3,-62
1754124204.61346,0,1,-60
1754124204.65246,-5,0,-67
1754124204.68846,-2,-3,-64
1754124204.72646,-1,-1,-71
1754124204.76446,-1,0,-78
1754124204.80346,4,-1,-67
1754124204.84146,2,-4,-66
1754124204.87746,0,0,-49
1754124204.91546,-4,1,-56
1754124204.95446,-1,2,-58
1754124204.99246,0,-4,-68
1754124205.02846,3,-1,-70
1754124205.06746,5,0,-67
1754124205.10446,-2,2,-60
1754124205.14346,2,3,-62
1754124205.18146,4,4,-56
1754124205.2174602,10,-4,-58
1754124205.25546,2,-3,-65
1754124205.29346,-6,-2,-55
1754124205.3324602,2,0,-55
1754124205.3684602,0,7,-53
1754124205.40546,1,-5,-68
1754124205.44346,0,0,-62
1754124205.48246,1,-2,-60
1754124205.51846,-4,0,-68
1754124205.55646,3,1,-66
1754124205.59446,-5,2,-66
1754124205.63346,-12,2,-73
1754124205.66946,-3,3,-69
1754124205.70846,-5,4,-77
1754124205.74546,0,0,-58
1754124205.78346,0,-5,-66
1754124205.8224602,-5,-3,-69
1754124205.8584602,-9,-8,-53
1754124205.89646,-7,-2,-47
1754124205.9344602,2,-2,-66
1754124205.9734602,0,-6,-63
1754124206.0094602,-2,-1,-71
1754124206.04746,-4,2,-71
1754124206.0854602,0,4,-61
1754124206.13046,3,2,-59
1754124206.1674602,0,-4,-48
1754124206.20546,0,4,-57
1754124206.2434602,0,-9,-65
1754124206.2824602,-6,-9,-63
1754124206.31846,-6,-9,-58
1754124206.35646,-3,-2,-61
1754124206.3944602,-8,1,-65
1754124206.43346,-1,0,-62
1754124206.4704602,-5,-2,-68
1754124206.50746,-7,-4,-61
1754124206.54546,0,-5,-68
1754124206.58446,3,1,-66
1754124206.62246,-1,2,-66
1754124206.65846,6,0,-63
1754124206.69546,0,-1,-69
1754124206.73446,-2,-5,-58
1754124206.77246,-11,0,-67
1754124206.80846,-13,0,-72
1754124206.84746,3,4,-59
1754124206.8844602,-6,3,-71
1754124206.92346,-5,-3,-66
1754124206.95946,-5,-1,-61
1754124206.99746,-4,0,-65
1754124207.03546,1,-7,-71
1754124207.07446,-2,-5,-68
1754124207.11246,0,-2,-61
1754124207.14846,2,3,-56
1754124207.18546,0,1,-65
1754124207.22446,0,4,-58
1754124207.26246,3,0,-63
1754124207.29846,-3,-8,-80
1754124207.33746,-4,-10,-71
1754124207.37546,4,-2,-77
1754124207.41346,0,-5,-68
1754124207.44946,-1,-1,-69
1754124207.48746,0,-4,-62
1754124207.52546,-2,-2,-68
1754124207.56446,0,3,-56
1754124207.60246,0,-4,-63
1754124207.6384602,2,3,-68
1754124207.67546,-5,3,-72
1754124207.71446,-1,0,-70
1754124207.75046,-2,-2,-68
1754124207.78846,0,0,-50
1754124207.82646,-5,0,-67
1754124207.86446,-4,3,-63
1754124207.90346,3,-2,-75
1754124207.93946,1,-2,-65
1754124207.97746,-3,0,-62
1754124208.01546,-2,-2,-53
1754124208.05446,4,-9,-65
1754124208.09046,1,-4,-58
1754124208.1284602,-1,-3,-72
1754124208.16646,7,0,-64
1754124208.20446,0,0,-58
1754124208.24146,2,-5,-59
1754124208.27846,-5,2,-62
1754124208.31646,3,-1,-68
1754124208.35446,0,2,-66
1754124208.39346,-5,-3,-63
1754124208.42946,-4,-5,-54
1754124208.46846,8,-9,-56
1754124208.50546,0,-1,-62
1754124208.54446,0,1,-60
1754124208.58146,-5,-3,-59
1754124208.6184602,0,-4,-64
1754124208.65646,-1,5,-68
1754124208.69546,2,1,-62
1754124208.7334602,-8,1,-67
1754124208.7694602,1,-2,-64
1754124208.80746,-1,0,-61
1754124208.8454602,0,-7,-63
1754124208.8844602,2,-6,-70
1754124208.92046,5,-2,-60
1754124208.95846,5,0,-66
1754124208.9964602,0,2,-61
1754124209.03546,2,2,-71
1754124209.07346,0,3,-60
1754124209.10946,0,-2,-65
1754124209.14646,2,3,-67
1754124209.18546,1,-1,-55
1754124209.2234602,1,-2,-65
1754124209.2594602,3,-3,-63
1754124209.29846,5,0,-58
1754124209.3354602,-4,2,-65
1754124209.37446,4,3,-68
1754124209.41046,-5,0,-69
1754124209.44846,0,1,-68
1754124209.48546,0,0,-73
1754124209.52446,4,-7,-70
1754124209.56046,3,4,-69
1754124209.5984602,0,5,-73
1754124209.63546,1,3,-74
1754124209.6744602,5,-1,-63
1754124209.7104602,6,0,-57
1754124209.74846,0,1,-59
1754124209.78546,-6,6,-57
1754124209.82446,2,12,-65
1754124209.86046,7,6,-75
1754124209.89846,0,0,-68
1754124209.93546,2,1,-68
1754124209.97446,2,0,-75
1754124210.01046,3,2,-62
1754124210.04846,-5,-10,-61
1754124210.0854602,6,-7,-72
1754124210.12446,3,2,-65
1754124210.16046,2,3,-52
1754124210.19846,4,1,-68
1754124210.23546,7,0,-63
1754124210.27446,6,0,-68
1754124210.31046,0,3,-61
1754124210.3484602,1,-2,-47
1754124210.38546,0,-3,-57
1754124210.4244602,-4,-4,-63
1754124210.4604602,5,0,-68
1754124210.49846,-2,-6,-60
1754124210.53546,-2,0,-64
1754124210.57446,-4,-1,-68
1754124210.61046,3,0,-65
1754124210.64846,-3,-6,-70
1754124210.68546,-4,-7,-70
1754124210.72446,-2,-3,-62
1754124210.76046,0,-2,-61
1754124210.79746,5,4,-68
1754124210.8354602,5,-1,-68
1754124210.87446,0,-2,-64
1754124210.91046,-5,0,-56
1754124210.94846,0,3,-58
1754124210.9864602,5,3,-60
1754124211.02546,-3,4,-62
1754124211.06146,-5,8,-60
1754124211.0984602,-2,-8,-54
1754124211.13646,10,0,-62
1754124211.17546,-1,2,-72
1754124211.21146,-2,0,-68
1754124211.24846,3,4,-68
1754124211.2864602,-8,3,-65
1754124211.3254602,-5,-2,-58
1754124211.3614602,-8,-5,-57
1754124211.39946,-4,-2,-67
1754124211.4374602,0,-8,-58
1754124211.47646,5,0,-75
1754124211.51446,0,2,-76
1754124211.55046,-2,1,-79
1754124211.5884602,-2,6,-60
1754124211.62646,-1,0,-56
1754124211.66546,6,2,-59
1754124211.70146,-2,-6,-64
1754124211.7404602,2,-3,-58
1754124211.77746,0,1,-57
1754124211.81646,-2,0,-64
1754124211.85446,-1,-10,-66
1754124211.89046,1,-6,-68
1754124211.9274602,1,0,-75
1754124211.96646,0,-4,-65
1754124212.00446,-5,-5,-75
1754124212.04046,-3,-7,-73
1754124212.07846,-4,2,-58
1754124212.11646,0,-3,-65
1754124212.15546,-5,-5,-77
1754124212.19146,-6,-3,-67
1754124212.22946,-4,6,-51
1754124212.26746,0,1,-67
1754124212.30646,0,-2,-69
1754124212.3424602,1,-1,-71
1754124212.38046,2,2,-65
1754124212.41846,0,2,-59
1754124212.4574602,3,0,-67
1754124212.49546,-5,-5,-66
1754124212.53146,-2,6,-73
1754124212.5694602,5,2,-76
1754124212.60746,4,3,-69
1754124212.64646,-2,4,-52
1754124212.68246,-4,0,-56
1754124212.7204602,-5,3,-60
1754124212.75846,-1,7,-63
1754124212.7964602,0,0,-69
1754124212.8354602,0,-5,-72
1754124212.8714602,-3,2,-74
1754124212.90946,-7,0,-69
1754124212.9474602,-12,-5,-68
1754124212.9864602,-1,-5,-56
1754124213.02546,4,-6,-58
1754124213.06146,4,1,-70
1754124213.0984602,3,-3,-61
1754124213.13646,9,-3,-64
1754124213.17546,6,-2,-59
1754124213.21146,3,-3,-49
1754124213.24946,2,-2,-57
1754124213.28746,0,2,-57
1754124213.32646,-7,-1,-74
1754124213.36246,-3,2,-69
1754124213.40046,-2,0,-73
1754124213.43846,-4,-3,-61
1754124213.47746,0,7,-64
1754124213.51546,-1,0,-65
1754124213.55146,-5,-1,-69
1754124213.58946,-2,0,-65
1754124213.6284602,4,0,-67
1754124213.66646,7,1,-79
1754124213.70246,-1,2,-75
1754124213.73946,-4,-1,-82
1754124213.77746,0,0,-67
1754124213.81646,3,5,-54
1754124213.85246,4,0,-59
1754124213.88946,-7,2,-64
1754124213.9274602,-6,0,-66
1754124213.96646,-3,-3,-62
1754124214.00246,0,0,-64
1754124214.0394602,7,1,-76
1754124214.07846,1,-5,-62
1754124214.11646,0,-1,-76
1754124214.15246,-8,0,-70
1754124214.1904602,-4,0,-71
1754124214.22846,-2,0,-75
1754124214.26746,-5,0,-65
1754124214.30546,-5,-7,-64
1754124214.34146,-3,-8,-57
1754124214.37946,-1,2,-63
1754124214.4174602,1,3,-63
1754124214.45646,4,1,-59
1754124214.49246,2,5,-64
1754124214.53046,-3,10,-63
1754124214.56846,0,5,-56
1754124214.60746,-6,5,-72
1754124214.64346,-10,-5,-64
1754124214.68246,-1,-5,-85
1754124214.71946,-2,-1,-74
1754124214.75746,-2,-1,-69
1754124214.7964602,5,-4,-58
1754124214.8324602,1,-1,-57
1754124214.86946,-4,1,-61
1754124214.90846,2,-1,-61
1754124214.94646,-1,1,-62
1754124214.98246,2,1,-58
1754124215.0194602,-3,-5,-64
1754124215.05746,5,-6,-58
1754124215.09646,-3,3,-64
1754124215.13246,0,-2,-56
1754124215.16946,-2,-3,-55
1754124215.2074602,8,0,-67
1754124215.2464602,2,-10,-61
1754124215.2824602,-2,-1,-74
1754124215.32146,4,0,-67
1754124215.3584602,6,0,-65
1754124215.39746,1,2,-43
1754124215.4344602,-6,3,-65
1754124215.47146,-4,2,-64
1754124215.5094602,-2,-7,-57
1754124215.54846,0,0,-56
1754124215.58646,0,-5,-59
1754124215.62246,0,-4,-72
1754124215.66046,-8,0,-68
1754124215.69846,3,-9,-62
1754124215.73746,-1,-4,-61
1754124215.77346,0,0,-63
1754124215.8124602,-4,2,-56
1754124215.84946,3,1,-73
1754124215.8884602,-3,0,-72
1754124215.92646,1,-1,-65
1754124215.96246,-6,-3,-61
1754124216.00146,-1,-3,-68
1754124216.03846,7,0,-63
1754124216.07746,5,3,-66
1754124216.11346,-2,-1,-59
1754124216.15946,8,1,-63
1754124216.1974602,8,0,-70
1754124216.23446,5,-8,-70
1754124216.27146,-1,-1,-67
1754124216.3094602,-4,-6,-61
1754124216.3484602,3,-1,-52
1754124216.38646,-3,1,-48
1754124216.42246,-1,3,-63
1754124216.45946,-9,9,-60
1754124216.49846,0,2,-61
1754124216.5364602,0,-4,-66
1754124216.5724602,1,2,-52
1754124216.60946,1,-1,-69
1754124216.64846,0,-2,-63
1754124216.68646,0,-1,-67
1754124216.72246,3,1,-67
1754124216.7594602,-7,3,-62
1754124216.79846,-2,10,-59
1754124216.83646,-2,10,-72
1754124216.87246,-3,6,-65
1754124216.90946,-4,-1,-68
1754124216.94846,-10,-7,-60
1754124216.98446,0,3,-63
1754124217.02246,3,5,-63
1754124217.06046,3,0,-71
1754124217.0984602,0,1,-62
1754124217.13746,-4,-3,-63
1754124217.1744602,-4,-1,-59
1754124217.21146,0,-1,-62
1754124217.25046,7,-5,-57
1754124217.28846,3,-9,-58
1754124217.32446,9,-10,-59
1754124217.36346,0,0,-77
1754124217.40046,-2,2,-66
1754124217.43846,5,-2,-60
1754124217.47746,3,0,-60
1754124217.5134602,-3,2,-65
1754124217.55146,-4,0,-67
1754124217.58946,-4,-7,-64
1754124217.6284602,5,0,-65
1754124217.6644602,0,0,-58
1754124217.70246,1,9,-62
1754124217.73946,8,7,-67
1754124217.77846,4,0,-74
1754124217.81446,-3,-1,-73
1754124217.85246,-4,-1,-60
1754124217.89046,-3,-1,-66
1754124217.92946,1,-1,-52
1754124217.9674602,3,-2,-64
1754124218.0034602,2,-4,-61
1754124218.04146,2,-2,-64
1754124218.08046,4,1,-65
1754124218.1184602,2,1,-64
1754124218.1544602,10,0,-69
1754124218.19146,-2,-4,-65
1754124218.2304602,-7,-8,-71
1754124218.26846,-7,0,-63
1754124218.30446,0,-3,-64
1754124218.3424602,-3,2,-66
1754124218.38046,-2,0,-66
1754124218.41846,-6,0,-77
1754124218.45546,-4,4,-69
1754124218.4934602,2,1,-69
1754124218.53046,3,7,-62
1754124218.5694602,2,1,-58
1754124218.60746,-1,0,-68
1754124218.64346,0,-4,-64
1754124218.68146,2,0,-64
1754124218.71946,-6,0,-72
1754124218.75846,0,2,-74
1754124218.79446,-9,5,-73
1754124218.8324602,1,4,-60
1754124218.87046,4,1,-68
1754124218.90946,-4,1,-77
1754124218.9474602,-6,1,-60
1754124218.9834602,1,-3,-58
1754124219.02146,2,1,-60
1754124219.0594602,4,0,-48
1754124219.09746,2,-4,-51
1754124219.13346,8,-3,-62
1754124219.1714602,4,-6,-56
1754124219.20946,-8,4,-61
1754124219.24846,-8,7,-64
1754124219.28446,0,6,-66
1754124219.32346,0,4,-65
1754124219.36046,5,4,-58
1754124219.39946,-5,3,-69
1754124219.43546,0,6,-67
1754124219.4734602,-7,-2,-55
1754124219.51146,-4,-2,-63
1754124219.5494602,-1,1,-69
1754124219.5884602,5,5,-71
1754124219.62446,4,4,-68
1754124219.6614602,3,0,-71
1754124219.69946,11,3,-75
1754124219.73846,3,2,-75
1754124219.77446,2,0,-68
1754124219.81146,2,0,-61
1754124219.84946,-5,2,-72
1754124219.8884602,0,0,-65
1754124219.9244602,5,2,-61
1754124219.96146,4,4,-62
1754124219.99946,0,-5,-54
1754124220.03846,8,0,-66
1754124220.07446,4,-2,-64
1754124220.11246,3,-3,-68
1754124220.15046,-1,2,-76
1754124220.18946,0,1,-72
1754124220.22546,5,4,-76
1754124220.26446,1,0,-74
1754124220.30146,-1,-1,-76
1754124220.34046,1,0,-68
1754124220.3784602,2,7,-65
1754124220.4144602,0,7,-69
1754124220.45246,-5,-1,-67
1754124220.4904602,-6,1,-69
1754124220.5294602,-7,7,-73
1754124220.5654602,-3,2,-69
1754124220.60346,-1,1,-51
1754124220.64046,0,2,-58
1754124220.67946,-5,3,-58
1754124220.71546,0,1,-57
1754124220.75246,-4,-6,-53
1754124220.79046,-4,-4,-59
1754124220.82946,0,-3,-56
1754124220.8654602,2,-2,-66
1754124220.90246,6,1,-64
1754124220.9404602,7,-3,-64
1754124220.97946,-8,0,-58
1754124221.01546,0,0,-67
1754124221.0524602,9,1,-53
1754124221.09046,3,7,-59
1754124221.12946,-5,1,-62
1754124221.16546,-3,-1,-66
1754124221.20446,-7,0,-62
1754124221.24146,-5,-1,-57
1754124221.28046,-7,-5,-70
1754124221.31846,-1,0,-76
1754124221.3554602,0,1,-67
1754124221.39246,-1,1,-61
1754124221.43046,6,2,-71
1754124221.46946,0,2,-73
1754124221.50546,3,5,-68
1754124221.5424602,0,-1,-67
1754124221.58046,0,4,-63
1754124221.61946,-2,0,-71
1754124221.65546,5,-1,-62
1754124221.69346,0,3,-65
1754124221.73246,-1,6,-69
1754124221.77046,-1,0,-55
1754124221.80646,7,0,-59
1754124221.8454602,-3,2,-65
1754124221.88246,-1,5,-58
1754124221.92046,-8,2,-63
1754124221.95946,-3,-4,-65
1754124221.99546,1,3,-76
1754124222.0324602,0,10,-65
1754124222.07146,-2,7,-62
1754124222.10946,-1,-1,-83
1754124222.14546,10,-1,-70
1754124222.18346,5,-7,-67
1754124222.22146,0,-5,-61
1754124222.26046,-1,2,-56
1754124222.2964602,1,3,-72
1754124222.33346,7,2,-55
1754124222.3714602,1,-1,-58
1754124222.41046,0,-1,-62
1754124222.44646,0,-3,-68
1754124222.4834602,-5,-1,-59
1754124222.52146,-4,-9,-58
1754124222.56046,-1,0,-63
1754124222.59646,2,6,-76
1754124222.63346,8,4,-69
1754124222.6714602,1,-2,-60
1754124222.7104602,2,-1,-63
1754124222.7464602,5,0,-62
1754124222.78446,0,2,-63
1754124222.8224602,3,0,-61
1754124222.8614602,1,-3,-51
1754124222.89946,2,-5,-61
1754124222.93546,-2,-9,-61
1754124222.9734602,-1,-6,-62
1754124223.01146,-2,-3,-71
1754124223.05046,0,-7,-71
1754124223.08646,-3,0,-60
1754124223.12546,-2,2,-60
1754124223.16246,0,4,-57
1754124223.20146,-1,-3,-61
1754124223.23946,-3,-5,-64
1754124223.27546,0,-1,-69
1754124223.31346,-1,2,-72
1754124223.35146,-10,3,-72
1754124223.39046,-8,1,-62
1754124223.42646,-1,0,-60
1754124223.4634602,6,-1,-63
1754124223.50146,-2,-1,-59
1754124223.54046,2,3,-57
1754124223.57646,-3,3,-65
1754124223.61446,-4,1,-68
1754124223.65246,4,0,-62
1754124223.69146,-2,0,-66
1754124223.72746,2,-4,-69
1754124223.76546,-5,0,-65
1754124223.80346,0,4,-61
1754124223.8424602,8,-4,-74
1754124223.88046,7,-1,-70
1754124223.91646,-1,-1,-65
1754124223.95546,0,-2,-66
1754124223.99246,-4,-6,-68
1754124224.03146,0,1,-63
1754124224.06746,-1,7,-56
1754124224.1054602,-5,6,-64
1754124224.14346,0,0,-60
1754124224.18146,-4,1,-59
1754124224.2204602,-3,2,-53
1754124224.2564602,-2,2,-54
1754124224.29446,1,7,-54
1754124224.33346,-5,1,-46
1754124224.3714602,-14,8,-60
1754124224.4074602,-6,0,-64
1754124224.44646,2,1,-69
1754124224.4834602,-3,2,-61
1754124224.52246,-4,-2,-61
1754124224.56046,-3,3,-59
1754124224.59646,-3,-6,-59
1754124224.6344602,-3,-4,-74
1754124224.67246,-4,0,-72
1754124224.71146,-1,-1,-68
1754124224.74746,0,-6,-56
1754124224.78546,5,0,-59
1754124224.82346,0,1,-69
1754124224.86246,-5,0,-69
1754124224.90046,-2,6,-71
1754124224.93646,-1,5,-65
1754124224.97446,-2,1,-63
1754124225.0134602,-5,1,-60
1754124225.05146,0,4,-61
1754124225.08746,2,-2,-60
1754124225.12646,2,-3,-63
1754124225.16346,0,1,-71
1754124225.20246,3,1,-67
1754124225.2404602,-1,2,-62
1754124225.2764602,3,0,-63
1754124225.31346,4,-6,-65
1754124225.35246,0,-7,-77
1754124225.39046,-2,-5,-71
1754124225.42646,-1,3,-74
1754124225.46446,2,0,-72
1754124225.50246,0,-6,-64
1754124225.54146,2,-2,-60
1754124225.57746,0,-9,-73
1754124225.6154602,-5,-3,-67
1754124225.65346,0,-9,-61
1754124225.69246,-3,-9,-55
1754124225.7304602,1,-5,-59
1754124225.7664602,-2,-6,-59
1754124225.80446,-2,-1,-53
1754124225.84346,7,-3,-67
1754124225.8814602,3,-4,-55
1754124225.9174602,2,-11,-63
1754124225.95646,3,-3,-55
1754124225.9934602,0,-4,-50
1754124226.0324602,4,-3,-42
1754124226.06846,7,-2,-55
1754124226.10646,-3,-1,-68
1754124226.14346,8,-1,-69
1754124226.1874602,0,0,-60
1754124226.22646,-2,0,-55
1754124226.26446,-5,0,-65
1754124226.3024602,-2,-7,-62
1754124226.3384602,0,-6,-54
1754124226.37646,0,-7,-43
1754124226.4144602,9,-5,-56
1754124226.45246,8,-5,-59
1754124226.49146,4,-7,-58
1754124226.52746,-2,0,-62
1754124226.5654602,-5,0,-60
1754124226.60346,-6,-4,-65
1754124226.64246,4,-5,-71
1754124226.67846,-1,0,-67
1754124226.71646,-1,-2,-63
1754124226.75546,-5,1,-47
1754124226.7924602,-1,-2,-51
1754124226.83146,1,-2,-63
1754124226.86746,5,-6,-62
1754124226.90546,5,-5,-67
1754124226.94346,-1,-7,-60
1754124226.98246,-3,-1,-59
1754124227.01846,-3,8,-61
1754124227.05646,3,1,-62
1754124227.09446,7,0,-60
1754124227.13346,-5,0,-67
1754124227.1714602,-1,-2,-54
1754124227.2074602,-6,-3,-61
1754124227.24546,0,0,-60
1754124227.28346,0,0,-66
1754124227.3224602,0,-5,-63
1754124227.35946,-1,-5,-64
1754124227.39646,3,-3,-62
1754124227.4344602,-5,0,-62
1754124227.4734602,1,0,-68
1754124227.51146,1,-5,-57
1754124227.54746,9,-7,-70
1754124227.5854602,0,-5,-60
1754124227.62346,0,-7,-65
1754124227.66246,-7,-6,-67
1754124227.69846,-3,-6,-67
1754124227.7364602,-5,0,-69
1754124227.77446,3,2,-61
1754124227.81346,6,-6,-54
1754124227.85146,-3,0,-58
1754124227.88746,0,-1,-75
1754124227.92546,-7,-4,-65
1754124227.9634602,4,1,-63
1754124228.00246,-5,3,-60
1754124228.03846,-3,-1,-65
1754124228.07746,0,-5,-59
1754124228.11446,5,-4,-53
1754124228.15346,1,0,-55
1754124228.19146,-1,-4,-62
1754124228.22746,5,-8,-66
1754124228.26546,0,-8,-73
1754124228.30346,0,-3,-61
1754124228.3424602,9,-6,-67
1754124228.3784602,1,-1,-67
1754124228.41646,-1,-1,-54
1754124228.45446,-8,-1,-61
1754124228.4934602,-2,-4,-68
1754124228.5294602,0,4,-54
1754124228.56846,3,-5,-47
1754124228.6054602,-1,5,-61
1754124228.6444602,-2,-1,-54
1754124228.68246,3,-2,-58
1754124228.71846,1,1,-68
1754124228.75546,-4,-1,-66
1754124228.79446,-10,-3,-74
1754124228.8324602,-5,-5,-77
1754124228.8684602,-2,-5,-69
1754124228.9074602,0,-10,-59
1754124228.9444602,-1,0,-63
1754124228.9834602,3,4,-65
1754124229.0194602,0,2,-71
1754124229.05746,-4,-2,-70
1754124229.09446,1,-6,-55
1754124229.13346,-3,-5,-53
1754124229.16946,-11,-8,-54
1754124229.2074602,-9,-3,-61
1754124229.24546,0,-2,-55
1754124229.28446,-3,-2,-49
1754124229.3224602,-3,4,-56
1754124229.3584602,1,-1,-61
1754124229.39646,-1,-1,-59
1754124229.4344602,0,0,-66
1754124229.4734602,2,-4,-58
1754124229.51246,1,3,-57
1754124229.54846,0,2,-71
1754124229.5854602,1,-2,-65
1754124229.62446,-2,-5,-58
1754124229.66246,0,-8,-59
1754124229.69846,1,-7,-69
1754124229.73546,-2,-3,-63
1754124229.77446,-4,-5,-67
1754124229.8124602,-5,-10,-62
1754124229.8484602,-7,-10,-61
1754124229.88646,-4,1,-58
1754124229.9244602,-4,1,-63
1754124229.9634602,1,-4,-65
1754124229.99946,-2,-4,-54
1754124230.03746,-6,-1,-65
1754124230.0754602,2,1,-64
1754124230.11446,-3,3,-53
1754124230.15246,0,-3,-58
1754124230.18846,4,0,-67
1754124230.22646,-1,1,-63
1754124230.26546,7,4,-61
1754124230.30346,-2,2,-73
1754124230.33946,-5,0,-66
1754124230.37746,-2,1,-52
1754124230.41546,-10,5,-52
1754124230.45446,-6,0,-61
1754124230.49246,-5,-4,-60
1754124230.52846,0,-5,-70
1754124230.56646,0,0,-66
1754124230.60446,-1,0,-64
1754124230.64346,1,-1,-67
1754124230.67946,3,3,-71
1754124230.7174602,0,0,-68
1754124230.7564602,5,-2,-69
1754124230.79446,3,5,-61
1754124230.83046,7,-2,-74
1754124230.86746,4,-2,-59
1754124230.90646,-3,-6,-46
1754124230.9444602,-1,-5,-56
1754124230.9804602,-4,-3,-69
1754124231.0194602,-4,-1,-71
1754124231.05646,-4,-2,-58
1754124231.09446,-5,-3,-69
1754124231.13346,0,-4,-68
1754124231.16946,1,-1,-66
1754124231.2074602,0,-1,-76
1754124231.24546,-5,-2,-75
1754124231.28346,-4,-3,-59
1754124231.3194602,-5,0,-58
1754124231.35746,4,1,-54
1754124231.39546,6,-2,-58
1754124231.4344602,-1,-2,-66
1754124231.4704602,0,1,-58
1754124231.50746,0,-3,-59
1754124231.54546,-4,1,-63
1754124231.58446,1,6,-58
1754124231.62046,5,5,-61
1754124231.65846,-4,5,-58
1754124231.69546,8,0,-68
1754124231.73446,5,0,-79
1754124231.77046,-3,0,-68
1754124231.80846,1,2,-55
1754124231.84646,-3,-3,-70
1754124231.88546,-3,4,-60
1754124231.92346,-10,4,-62
1754124231.95946,-1,2,-55
1754124231.99746,-5,2,-66
1754124232.03546,-4,-1,-71
1754124232.07446,0,0,-66
1754124232.11046,0,-1,-55
1754124232.14946,5,-5,-61
1754124232.18646,-5,-5,-72
1754124232.22546,4,-6,-66
1754124232.2634602,1,1,-62
1754124232.2994602,0,2,-55
1754124232.33646,-9,-1,-56
1754124232.37546,-8,0,-65
1754124232.41346,-5,4,-59
1754124232.44946,-5,7,-64
1754124232.48746,4,3,-69
1754124232.52546,-1,0,-65
1754124232.56446,0,-6,-62
1754124232.60046,-3,-6,-59
1754124232.6384602,1,0,-58
1754124232.67646,-8,0,-61
1754124232.71546,1,1,-66
1754124232.7534602,0,2,-60
1754124232.7894602,3,0,-55
1754124232.82646,-4,1,-55
1754124232.8654602,-11,-3,-63
1754124232.9014602,-5,-1,-63
1754124232.93946,0,-2,-61
1754124232.97846,1,-3,-56
1754124233.01546,-3,-2,-60
1754124233.05446,0,0,-64
1754124233.09046,-1,1,-68
1754124233.1284602,-6,1,-53
1754124233.16646,-2,-4,-61
1754124233.20546,0,-2,-71
1754124233.24146,0,-2,-60
1754124233.27846,-9,1,-59
1754124233.31646,-11,0,-54
1754124233.3554602,5,-9,-55
1754124233.3914602,4,0,-68
1754124233.42846,2,4,-55
1754124233.46646,5,2,-64
1754124233.50546,-4,0,-70
1754124233.54146,-5,1,-67
1754124233.57946,0,-6,-68
1754124233.61746,3,-1,-56
1754124233.65546,1,-1,-69
1754124233.6944602,-6,6,-58
1754124233.73146,0,2,-61
1754124233.7694602,2,0,-62
1754124233.80746,9,3,-64
1754124233.8454602,0,4,-66
1754124233.8814602,0,-2,-60
1754124233.91946,2,0,-58
1754124233.95846,0,-1,-57
1754124233.9964602,2,-5,-61
1754124234.03446,1,-6,-62
1754124234.07046,0,-4,-58
1754124234.10746,-5,-2,-71
1754124234.14646,-7,1,-69
1754124234.1844602,-6,-1,-51
1754124234.2204602,-7,-3,-62
1754124234.25846,-6,-4,-55
1754124234.2964602,-1,-5,-61
1754124234.3354602,5,-9,-58
1754124234.3714602,1,-4,-55
1754124234.40846,0,-2,-65
1754124234.44646,4,-3,-53
1754124234.48546,-1,-1,-61
1754124234.52146,0,1,-63
1754124234.55846,-3,5,-59
1754124234.59646,-4,0,-63
1754124234.63546,0,0,-56
1754124234.6714602,3,-1,-70
1754124234.70846,0,-5,-58
1754124234.7464602,-4,-1,-60
1754124234.78546,5,-4,-62
1754124234.82146,-3,0,-66
1754124234.8584602,0,3,-71
1754124234.89646,0,-3,-67
1754124234.93546,-1,0,-60
1754124234.97146,4,0,-65
1754124235.00846,0,-4,-60
1754124235.0464602,0,0,-67
1754124235.0854602,0,3,-69
1754124235.1214602,3,-3,-61
1754124235.15846,-9,0,-85
1754124235.19646,0,-8,-67
1754124235.23546,-2,-5,-71
1754124235.27146,0,-6,-63
1754124235.3094602,5,0,-64
1754124235.3484602,0,-5,-65
1754124235.38646,2,-3,-58
1754124235.42246,5,-4,-57
1754124235.4604602,5,3,-63
1754124235.49846,-1,0,-70
1754124235.5364602,4,0,-56
1754124235.5754602,14,-2,-62
1754124235.6114602,7,5,-57
1754124235.64846,-4,5,-79
1754124235.68646,-7,-1,-77
1754124235.72546,-1,-3,-64
1754124235.76146,-2,-3,-54
1754124235.7994602,-6,0,-63
1754124235.83746,1,-1,-68
1754124235.87646,0,-4,-65
1754124235.91246,2,-4,-65
1754124235.9504602,-1,2,-61
1754124235.98846,-1,4,-57
1754124236.0264602,0,2,-58
1754124236.0654602,-7,0,-70
1754124236.10146,-1,0,-78
1754124236.13946,7,-4,-63
1754124236.1774602,0,3,-59
1754124236.22146,0,-3,-70
1754124236.26046,1,1,-72
1754124236.29846,2,0,-64
1754124236.33646,7,4,-65
1754124236.37246,0,7,-54
1754124236.41046,0,0,-54
1754124236.44846,-2,-2,-57
1754124236.48746,3,-5,-47
1754124236.52546,-1,-5,-63
1754124236.56146,0,-3,-63
1754124236.59946,-2,-1,-56
1754124236.63746,-5,-2,-57
1754124236.67646,1,-4,-52
1754124236.71246,-4,0,-49
1754124236.75046,8,0,-67
1754124236.78746,-3,3,-67
1754124236.82646,1,6,-70
1754124236.86246,-2,0,-72
1754124236.89946,-6,0,-69
1754124236.9374602,3,3,-67
1754124236.97646,-9,6,-62
1754124237.01246,-7,-2,-60
1754124237.05046,-4,-4,-54
1754124237.08946,5,-3,-59
1754124237.12746,-1,3,-63
1754124237.16646,2,0,-62
1754124237.20246,3,-6,-67
1754124237.2404602,9,-4,-60
1754124237.27846,4,-4,-56
1754124237.31746,-1,-7,-51
1754124237.3554602,1,0,-56
1754124237.39246,2,-6,-59
1754124237.42946,8,-6,-59
1754124237.4674602,-2,0,-71
1754124237.5064602,-11,-4,-66
1754124237.5424602,-5,-7,-70
1754124237.58046,0,3,-60
1754124237.6184602,1,2,-65
1754124237.6574602,-2,0,-58
1754124237.69346,3,-1,-62
1754124237.73146,2,-5,-70
1754124237.77046,-5,-4,-72
1754124237.80746,-5,-5,-75
1754124237.84646,-1,0,-64
1754124237.88246,-4,-1,-65
1754124237.92046,-6,3,-45
1754124237.95946,-1,4,-52
1754124237.99746,0,-1,-64
1754124238.03346,-1,-6,-63
1754124238.07146,0,-5,-57
1754124238.10946,0,-4,-68
1754124238.14746,12,-1,-63
1754124238.18646,-2,0,-77
1754124238.22246,-9,0,-64
1754124238.26046,9,4,-60
1754124238.29846,-3,0,-53
1754124238.33746,-4,4,-50
1754124238.37346,-8,4,-65
1754124238.4114602,3,2,-65
1754124238.44946,3,4,-68
1754124238.48846,-5,3,-63
1754124238.5264602,-2,8,-58
1754124238.5624602,1,8,-63
1754124238.60046,4,3,-59
1754124238.6384602,6,3,-61
1754124238.67646,-6,-10,-60
1754124238.71246,-3,-4,-68
1754124238.75046,4,1,-65
1754124238.78846,2,-2,-69
1754124238.82746,-3,-6,-53
1754124238.86346,0,-3,-61
1754124238.9014602,2,0,-57
1754124238.93946,-5,3,-69
1754124238.97846,-2,-6,-67
1754124239.0164602,0,-9,-78
1754124239.0524602,-1,-6,-77
1754124239.09046,-2,-4,-66
1754124239.12946,7,-5,-65
1754124239.1674602,2,0,-57
1754124239.20346,1,2,-60
1754124239.2404602,-4,2,-49
1754124239.2794602,-4,2,-68
1754124239.31746,0,-2,-75
1754124239.35346,-1,-2,-78
1754124239.39246,-2,-3,-80
1754124239.42946,0,6,-64
1754124239.46846,1,-4,-80
1754124239.5064602,3,0,-76
1754124239.5424602,3,0,-78
1754124239.58046,0,1,-61
1754124239.6184602,5,0,-62
1754124239.6574602,1,5,-60
1754124239.69346,-1,-2,-72
1754124239.73146,1,-4,-66
1754124239.7694602,-6,-3,-56
1754124239.80846,-3,-4,-56
1754124239.84646,0,-4,-62
1754124239.88246,-2,-5,-62
1754124239.92046,5,-4,-65
1754124239.95946,6,2,-62
1754124239.99746,2,-3,-63
1754124240.03346,2,-1,-63
1754124240.07146,-2,0,-64
1754124240.10946,-3,-1,-69
1754124240.14846,-6,3,-66
1754124240.1844602,-6,2,-70
1754124240.22246,2,-3,-77
1754124240.26046,-3,-5,-60
1754124240.2994602,4,2,-62
1754124240.33746,8,-4,-69
1754124240.37346,6,-9,-60
1754124240.4114602,4,-1,-53
1754124240.44946,-1,2,-62
1754124240.48846,-1,-3,-57
1754124240.52446,0,-3,-50
1754124240.56346,0,-2,-62
1754124240.60046,0,-2,-61
1754124240.6384602,-1,0,-52
1754124240.6774602,-4,0,-57
1754124240.7134602,-6,-1,-56
1754124240.75146,-5,3,-59
1754124240.7894602,-3,-4,-64
1754124240.82846,-5,-2,-59
1754124240.86446,-6,-2,-67
1754124240.90246,0,4,-69
1754124240.9404602,-5,-1,-71
1754124240.97946,3,-1,-75
1754124241.01746,2,-6,-70
1754124241.05346,3,-4,-58
1754124241.09146,0,-8,-63
1754124241.12946,-5,-11,-69
1754124241.16846,0,0,-61
1754124241.20446,4,-2,-60
1754124241.24246,1,-2,-59
1754124241.28046,3,-2,-56
1754124241.3194602,0,4,-51
1754124241.35746,-4,2,-62
1754124241.39346,1,-1,-65
1754124241.43046,1,-7,-71
1754124241.46946,1,-6,-60
1754124241.50746,8,0,-65
1754124241.54346,2,3,-57
1754124241.58046,2,0,-54
1754124241.61946,3,-1,-51
1754124241.6574602,3,5,-64
1754124241.69346,0,7,-63
1754124241.7304602,-1,3,-59
1754124241.7694602,-4,2,-66
1754124241.80746,0,1,-66
1754124241.84346,0,-1,-66
1754124241.88046,0,-2,-62
1754124241.91946,-1,2,-70
1754124241.9574602,1,0,-58
1754124241.9934602,3,2,-58
1754124242.03046,4,-3,-63
1754124242.0694602,1,-2,-63
1754124242.1054602,8,-2,-63
1754124242.14346,6,0,-73
1754124242.18246,-2,5,-69
1754124242.21946,-7,-4,-64
1754124242.25846,-2,-6,-64
1754124242.29446,0,-8,-65
1754124242.3324602,-5,-6,-56
1754124242.37046,1,1,-61
1754124242.40946,6,-3,-74
1754124242.44546,5,-5,-70
1754124242.48246,0,-1,-59
1754124242.52146,-9,0,-66
1754124242.5594602,2,2,-71
1754124242.5954602,4,-6,-68
1754124242.63246,0,-3,-57
1754124242.67046,0,1,-67
1754124242.70946,2,-2,-62
1754124242.74546,2,0,-68
1754124242.7824602,3,0,-72
1754124242.82046,-5,-1,-63
1754124242.85946,0,-6,-55
1754124242.89546,5,3,-49
1754124242.93246,-6,8,-65
1754124242.9704602,0,2,-60
1754124243.0094602,3,3,-57
1754124243.04546,1,-3,-70
1754124243.08446,0,0,-77
1754124243.1214602,-1,-1,-69
1754124243.16046,-8,-2,-55
1754124243.19846,-7,-2,-62
1754124243.23446,-6,-4,-66
1754124243.27246,0,-8,-61
1754124243.31046,-2,-9,-62
1754124243.34946,3,-7,-65
1754124243.38546,2,-2,-59
1754124243.42346,-2,-2,-68
1754124243.46146,-2,-3,-64
1754124243.50046,0,0,-62
1754124243.53846,3,-2,-44
1754124243.57446,-1,3,-58
1754124243.61346,0,1,-50
1754124243.65046,-3,-4,-56
1754124243.68946,-2,-8,-72
1754124243.72546,0,-5,-65
1754124243.7634602,0,-3,-73
1754124243.80146,-5,-6,-81
1754124243.84046,-1,-1,-59
1754124243.8784602,0,-2,-70
1754124243.9144602,2,-8,-68
1754124243.95246,6,-3,-72
1754124243.9904602,-2,3,-61
1754124244.0294602,-2,3,-59
1754124244.0654602,0,9,-63
1754124244.10246,-2,-5,-72
1754124244.14046,8,0,-60
1754124244.17946,0,0,-61
1754124244.21546,2,-5,-60
1754124244.25446,-9,0,-58
1754124244.29146,-5,0,-55
1754124244.33046,-4,5,-63
1754124244.3684602,0,3,-58
1754124244.40546,-7,0,-63
1754124244.44346,1,3,-72
1754124244.4804602,0,-1,-73
1754124244.5194602,-5,0,-57
1754124244.55546,-6,-8,-55
1754124244.59346,-7,-9,-67
1754124244.6314602,-2,-14,-58
1754124244.67046,3,-3,-59
1754124244.70646,-4,-3,-63
1754124244.74446,0,0,-65
1754124244.7824602,3,-1,-70
1754124244.82046,-3,-7,-64
1754124244.85946,0,-5,-66
1754124244.89546,3,-3,-62
1754124244.93346,-1,-2,-58
1754124244.97146,-6,-7,-59
1754124245.01046,-10,2,-71
1754124245.0464602,-5,5,-65
1754124245.08446,1,-5,-67
1754124245.12246,-4,-6,-67
1754124245.16046,-4,-1,-67
1754124245.19946,2,5,-59
1754124245.23546,0,5,-63
1754124245.27246,-3,-1,-62
1754124245.31146,-8,-1,-67
1754124245.34946,4,4,-60
1754124245.38546,7,3,-57
1754124245.42346,0,1,-62
1754124245.46146,-7,2,-57
1754124245.50046,0,-3,-62
1754124245.5364602,0,-4,-62
1754124245.57346,2,-2,-55
1754124245.6114602,-3,0,-46
1754124245.65046,2,2,-51
1754124245.68646,-3,1,-60
1754124245.72446,-4,1,-66
1754124245.7634602,-4,1,-62
1754124245.80146,7,5,-56
1754124245.83946,-1,2,-55
1754124245.87546,-2,-1,-66
1754124245.91346,-2,3,-57
1754124245.95146,-3,1,-60
1754124245.9904602,2,0,-69
1754124246.0264602,5,0,-65
1754124246.06346,-4,2,-72
1754124246.10146,-6,9,-69
1754124246.14046,2,7,-61
1754124246.17646,-2,2,-62
1754124246.21446,6,0,-65
1754124246.26046,1,0,-63
1754124246.2964602,-1,0,-56
1754124246.33446,0,1,-63
1754124246.37246,-3,-4,-61
1754124246.4114602,5,0,-60
1754124246.44946,3,1,-70
1754124246.48546,6,1,-65
1754124246.52246,2,-3,-63
1754124246.56146,0,-11,-67
1754124246.59946,5,1,-55
1754124246.63546,1,2,-54
1754124246.67246,0,0,-57
1754124246.71146,-5,-1,-54
1754124246.74746,0,0,-63
1754124246.78446,-1,0,-57
1754124246.8224602,-1,-2,-46
1754124246.8614602,-5,8,-51
1754124246.89746,0,3,-47
1754124246.9344602,1,6,-53
1754124246.97246,2,4,-66
1754124247.01146,2,-1,-71
1754124247.04746,0,-5,-57
1754124247.08446,0,-6,-65
1754124247.12246,2,6,-67
1754124247.1614602,3,0,-64
1754124247.1974602,7,5,-68
1754124247.23446,13,3,-63
1754124247.27246,5,2,-61
1754124247.31146,-4,-7,-63
1754124247.34746,0,-2,-61
1754124247.3844602,0,6,-58
1754124247.42246,0,-1,-63
1754124247.46146,-3,1,-58
1754124247.49746,5,2,-62
1754124247.53446,6,-6,-67
1754124247.5724602,3,-7,-57
1754124247.6114602,0,-3,-66
1754124247.64746,1,7,-74
1754124247.6844602,-3,0,-68
1754124247.72246,2,2,-63
1754124247.76146,-2,-2,-63
1754124247.79746,4,-3,-66
1754124247.83446,0,0,-72
1754124247.87246,1,2,-55
1754124247.9114602,-3,0,-60
1754124247.9474602,0,0,-62
1754124247.98446,3,0,-65
1754124248.02246,-2,0,-71
1754124248.06146,-1,1,-70
1754124248.09746,-5,5,-61
1754124248.13546,2,0,-51
1754124248.17346,3,0,-52
1754124248.21246,0,1,-71
1754124248.25046,-1,5,-62
1754124248.2864602,-2,3,-67
1754124248.32446,-4,1,-71
1754124248.36346,1,-6,-67
1754124248.4014602,0,4,-75
1754124248.4374602,1,1,-59
1754124248.47446,-4,-1,-74
1754124248.5134602,-2,-1,-65
1754124248.55146,-7,-1,-67
1754124248.58746,-4,-2,-79
1754124248.62646,-2,0,-62
1754124248.66346,8,-6,-62
1754124248.70246,-3,-2,-68
1754124248.7404602,-4,-2,-63
1754124248.7764602,-2,0,-68
1754124248.81446,-2,-6,-69
1754124248.85246,3,-4,-62
1754124248.8914602,4,-6,-68
1754124248.9274602,-4,-4,-66
1754124248.96546,0,0,-67
1754124249.0034602,-4,-2,-70
1754124249.0424602,-3,0,-77
1754124249.07846,1,7,-71
1754124249.1154602,-4,4,-61
1754124249.1544602,-6,0,-71
1754124249.19246,-3,0,-65
1754124249.22846,-1,0,-60
1754124249.26746,0,1,-57
1754124249.30446,-3,4,-63
1754124249.3424602,-3,-5,-64
1754124249.3814602,-8,-10,-70
1754124249.4174602,-3,-4,-60
1754124249.45546,-2,3,-66
1754124249.4934602,-4,-5,-63
1754124249.5324602,-3,-2,-69
1754124249.56846,-1,2,-72
1754124249.60646,7,1,-56
1754124249.6444602,6,-2,-55
1754124249.68246,2,-2,-66
1754124249.72146,2,-3,-62
1754124249.75746,0,-1,-61
1754124249.7964602,3,-4,-67
1754124249.83346,2,2,-66
1754124249.87246,-4,8,-81
1754124249.90846,3,2,-80
1754124249.94646,7,0,-59
1754124249.98446,2,4,-62
1754124250.02346,-1,-4,-74
1754124250.06146,0,1,-76
1754124250.09746,8,0,-74
1754124250.13546,0,-1,-72
1754124250.17346,-3,0,-58
1754124250.21246,-7,3,-75
1754124250.24846,0,1,-64
1754124250.28546,0,-3,-64
1754124250.32346,0,-11,-56
1754124250.36246,-5,-6,-66
1754124250.39846,-6,-11,-60
1754124250.4374602,-2,-9,-50
1754124250.47446,-7,3,-57
1754124250.5134602,-2,-4,-67
1754124250.55146,-3,1,-67
1754124250.58746,0,-4,-51
1754124250.62446,-4,-8,-62
1754124250.66346,-2,-4,-64
1754124250.70146,2,-2,-69
1754124250.73746,0,-4,-80
1754124250.77446,0,0,-60
1754124250.81346,2,3,-55
1754124250.85146,8,3,-63
1754124250.88746,-1,1,-68
1754124250.9244602,-4,0,-57
1754124250.9634602,-2,-3,-54
1754124251.00146,0,0,-60
1754124251.03746,0,1,-73
1754124251.07446,-1,-1,-80
1754124251.11346,-8,-4,-81
1754124251.1514602,-7,-3,-78
1754124251.1874602,4,-2,-73
1754124251.22546,0,-2,-69
1754124251.2634602,1,5,-65
1754124251.2994602,1,4,-75
1754124251.33746,-5,0,-66
1754124251.37546,-11,-1,-77
1754124251.41346,-9,-1,-66
1754124251.45246,-8,-3,-75
1754124251.48846,-4,-2,-67
1754124251.5264602,-4,-2,-64
1754124251.56446,7,-2,-60
1754124251.60346,8,0,-55
1754124251.63946,5,-3,-63
1754124251.6774602,0,-4,-77
1754124251.71546,-1,-2,-67
1754124251.7534602,0,0,-78
1754124251.7924602,0,-3,-85
1754124251.82846,4,-1,-83
1754124251.86646,2,3,-64
1754124251.9044602,0,7,-66
1754124251.94346,1,1,-62
1754124251.97946,4,3,-68
1754124252.0164602,-5,-2,-50
1754124252.05446,-3,-4,-77
1754124252.09346,0,1,-59
1754124252.12946,1,-5,-65
1754124252.1674602,2,-4,-52
1754124252.20546,-1,3,-61
1754124252.24446,-3,-10,-57
1754124252.2824602,-8,-9,-66
1754124252.3194602,-4,-2,-65
1754124252.35746,2,-3,-67
1754124252.3944602,-1,-4,-61
1754124252.43346,-3,0,-67
1754124252.46946,5,0,-64
1754124252.50746,7,3,-57
1754124252.54446,3,-1,-63
1754124252.58346,0,-4,-67
1754124252.61946,1,5,-70
1754124252.6574602,0,1,-54
1754124252.6944602,1,-9,-59
1754124252.7334602,0,-1,-56
1754124252.7694602,-4,0,-62
1754124252.80746,-5,3,-67
1754124252.84446,4,1,-60
1754124252.88346,0,1,-66
1754124252.91946,-13,-4,-61
1754124252.9574602,3,-2,-65
1754124252.99546,-6,-1,-60
1754124253.03446,2,-1,-63
1754124253.0724602,6,-1,-64
1754124253.1084602,4,-5,-59
1754124253.14646,0,3,-59
1754124253.1844602,4,1,-60
1754124253.2234602,-1,-12,-60
1754124253.2594602,1,-1,-63
1754124253.29746,5,-8,-57
1754124253.3354602,3,-1,-68
1754124253.37446,1,-4,-70
1754124253.41246,3,0,-67
1754124253.44846,3,-3,-65
1754124253.4864602,-3,0,-62
1754124253.52546,2,-3,-53
1754124253.56346,-1,-2,-59
1754124253.59946,-5,-5,-58
1754124253.63746,0,-7,-68
1754124253.67546,4,2,-71
1754124253.71446,4,-4,-70
1754124253.75046,5,-4,-70
1754124253.78846,7,2,-62
1754124253.82646,0,-1,-64
1754124253.86446,0,-10,-60
1754124253.90346,-1,-6,-65
1754124253.93946,-7,0,-74
1754124253.97746,2,4,-77
1754124254.0164602,2,9,-68
1754124254.05446,-5,-1,-61
1754124254.09046,-4,-1,-57
1754124254.1284602,1,-4,-60
1754124254.16646,0,-6,-67
1754124254.20446,3,-5,-68
1754124254.2434602,0,2,-62
1754124254.2794602,0,0,-64
1754124254.31646,0,-3,-66
1754124254.35446,9,0,-58
1754124254.39346,7,-3,-50
1754124254.42946,4,-4,-45
1754124254.46646,-1,0,-62
1754124254.50546,1,-2,-60
1754124254.54346,4,0,-68
1754124254.57946,-5,3,-58
1754124254.61646,-2,8,-64
1754124254.65546,5,0,-60
1754124254.69346,0,2,-59
1754124254.72946,0,3,-61
1754124254.7664602,-5,1,-71
1754124254.80546,3,-6,-58
1754124254.84346,3,-7,-57
1754124254.87946,-4,-3,-67
1754124254.9174602,3,-9,-60
1754124254.95546,4,-1,-70
1754124254.99446,7,2,-70
1754124255.03046,5,4,-73
1754124255.06846,7,-1,-67
1754124255.10646,4,-2,-63
1754124255.14546,-2,0,-68
1754124255.18346,0,-3,-68
1754124255.21946,2,-1,-61
1754124255.25846,-1,-6,-64
1754124255.29546,-3,0,-67
1754124255.33446,3,-8,-59
1754124255.37046,4,-4,-66
1754124255.40846,5,-5,-69
1754124255.44646,-2,-5,-61
1754124255.48546,-4,0,-61
1754124255.52346,-4,0,-60
1754124255.5594602,1,6,-61
1754124255.59646,5,6,-65
1754124255.63546,5,-4,-62
1754124255.67346,-1,-2,-60
1754124255.70946,-3,2,-65
1754124255.7464602,0,0,-67
1754124255.78546,4,0,-54
1754124255.82146,2,-1,-61
1754124255.85946,0,-7,-64
1754124255.89746,-6,-8,-68
1754124255.93646,-2,-2,-65
1754124255.97446,-2,-4,-64
1754124256.01046,-3,1,-57
1754124256.04846,-1,3,-66
1754124256.08646,-4,8,-71
1754124256.12546,-5,0,-62
1754124256.1614602,-3,0,-67
1754124256.19846,-2,2,-62
1754124256.2364602,-3,-1,-59
1754124256.28046,1,-1,-71
1754124256.31846,-3,-2,-74
1754124256.35646,0,-8,-59
1754124256.39546,2,-4,-62
1754124256.43146,2,2,-61
1754124256.46846,-3,-3,-67
1754124256.5064602,-3,-5,-61
1754124256.54546,1,-1,-66
1754124256.58146,7,0,-68
1754124256.61946,-2,-4,-67
1754124256.65646,-5,-6,-70
1754124256.69546,-7,0,-66
1754124256.73146,-7,-4,-65
1754124256.7694602,0,-1,-58
1754124256.80846,-6,-4,-58
1754124256.84646,-1,-4,-71
1754124256.8844602,0,0,-72
1754124256.92046,2,-1,-64
1754124256.95846,-1,5,-64
1754124256.9964602,0,-2,-64
1754124257.03446,6,0,-56
1754124257.07046,2,0,-50
1754124257.1084602,3,-2,-60
1754124257.14646,-1,-3,-64
1754124257.1844602,-5,0,-66
1754124257.2204602,0,-6,-58
1754124257.25846,-5,0,-59
1754124257.2964602,2,-4,-49
1754124257.3354602,7,-1,-48
1754124257.3714602,0,-3,-56
1754124257.40946,3,-1,-63
1754124257.4474602,1,-5,-69
1754124257.4864602,2,-2,-62
1754124257.52446,3,0,-51
1754124257.56046,0,-2,-56
1754124257.59946,6,4,-62
1754124257.63646,-3,2,-62
1754124257.67546,-2,6,-67
1754124257.71146,2,0,-59
1754124257.74946,-1,2,-61
1754124257.7864602,-3,0,-71
1754124257.8254602,-6,0,-70
1754124257.8614602,-1,4,-65
1754124257.89946,5,0,-71
1754124257.9374602,-1,1,-66
1754124257.97646,0,-1,-75
1754124258.01446,6,0,-66
1754124258.05046,0,2,-64
1754124258.08746,3,0,-58
1754124258.12646,4,-7,-62
1754124258.16246,-1,-1,-58
1754124258.2004602,3,-6,-70
1754124258.23846,0,0,-78
1754124258.2764602,7,-1,-69
1754124258.3154602,0,2,-64
1754124258.35146,1,0,-57
1754124258.38946,6,0,-49
1754124258.42846,2,-3,-59
1754124258.46646,4,0,-59
1754124258.50246,-1,2,-68
1754124258.5394602,4,5,-60
1754124258.57746,3,7,-62
1754124258.61646,1,0,-57
1754124258.65246,-2,3,-53
1754124258.68946,-9,11,-53
1754124258.72846,-4,3,-61
1754124258.7664602,-7,-3,-63
1754124258.8024602,2,0,-64
1754124258.83946,-4,0,-61
1754124258.8784602,0,0,-61
1754124258.91646,-4,0,-55
1754124258.95246,1,-5,-57
1754124258.98946,-2,-1,-57
1754124259.02846,-1,6,-59
1754124259.06646,0,2,-56
1754124259.10246,4,-4,-56
1754124259.13946,3,-2,-61
1754124259.17846,7,-2,-67
1754124259.21646,3,-3,-57
1754124259.25246,-4,-3,-52
1754124259.29046,1,-2,-68
1754124259.32846,-2,0,-64
1754124259.36746,0,-3,-60
1754124259.40546,-1,-1,-62
1754124259.44146,3,-6,-60
1754124259.47946,-2,-7,-44
1754124259.51746,0,-1,-56
1754124259.55646,2,-3,-64
1754124259.5924602,3,-1,-61
1754124259.6314602,-3,-4,-69
1754124259.66946,-6,1,-75
1754124259.7074602,2,2,-54
1754124259.74546,3,5,-58
1754124259.78146,0,4,-72
1754124259.8194602,1,5,-63
1754124259.85746,1,0,-64
1754124259.89546,-9,0,-59
1754124259.93246,2,-1,-62
1754124259.96946,0,1,-67
1754124260.00846,1,-3,-58
1754124260.0464602,-4,0,-55
1754124260.0824602,-6,2,-55
1754124260.12046,-3,-5,-50
1754124260.15846,-7,-5,-66
1754124260.1974602,1,-5,-65
1754124260.23546,9,-3,-61
1754124260.27146,-1,0,-57
1754124260.3094602,-2,2,-65
1754124260.34746,-1,-1,-66
1754124260.38646,-4,2,-64
1754124260.42246,-6,4,-65
1754124260.4604602,0,2,-67
1754124260.49946,8,-4,-53
1754124260.53746,4,0,-61
1754124260.57346,-3,-6,-64
1754124260.6114602,-9,5,-70
1754124260.64946,-8,10,-68
1754124260.6874602,4,1,-74
1754124260.72646,6,3,-67
1754124260.76246,11,-1,-56
1754124260.80046,1,0,-66
1754124260.8384602,-2,-3,-74
1754124260.87746,-2,4,-60
1754124260.91346,-7,4,-57
1754124260.95146,-2,2,-61
1754124260.98946,-2,3,-64
1754124261.02846,-1,0,-61
1754124261.06646,3,-1,-66
1754124261.10246,-2,-6,-70
1754124261.1414602,-1,-2,-69
1754124261.17846,-5,-4,-64
1754124261.2174602,0,-4,-66
1754124261.2534602,-1,-2,-67
1754124261.29146,3,-7,-69
1754124261.32946,0,0,-61
1754124261.3684602,0,-5,-61
1754124261.40646,0,0,-66
1754124261.44246,-8,-10,-59
1754124261.4804602,-3,-4,-60
1754124261.51846,0,2,-62
1754124261.55746,-7,-2,-69
1754124261.59446,-7,-5,-67
1754124261.6314602,0,-9,-70
1754124261.66946,0,-2,-59
1754124261.70846,2,-2,-71
1754124261.7464602,0,1,-56
1754124261.7824602,4,-6,-61
1754124261.82046,0,-3,-67
1754124261.8584602,4,2,-62
1754124261.89746,5,0,-70
1754124261.93346,3,-3,-66
1754124261.97146,3,-1,-71
1754124262.0094602,4,0,-64
1754124262.04846,-3,-1,-53
1754124262.08646,2,3,-73
1754124262.12246,-1,0,-69
1754124262.16046,6,2,-70
1754124262.19846,6,3,-73
1754124262.23746,-1,-3,-74
1754124262.27346,0,-1,-66
1754124262.3124602,0,2,-57
1754124262.34946,-3,6,-61
1754124262.3884602,1,0,-68
1754124262.42646,0,1,-61
1754124262.46246,1,-3,-59
1754124262.50046,9,-2,-65
1754124262.53846,-2,-3,-61
1754124262.57746,1,1,-53
1754124262.61346,6,0,-55
1754124262.65046,1,-8,-60
1754124262.68846,0,-6,-61
1754124262.72746,-1,0,-63
1754124262.7634602,-1,-5,-59
1754124262.80146,0,-6,-64
1754124262.83946,10,-7,-61
1754124262.8784602,0,3,-65
1754124262.9144602,2,-3,-65
1754124262.95246,-5,-3,-70
1754124262.9904602,1,0,-70
1754124263.0294602,1,2,-50
1754124263.06746,1,0,-64
1754124263.10346,-4,0,-53
1754124263.14046,-1,0,-59
1754124263.17946,-3,1,-70
1754124263.2174602,-1,-1,-67
1754124263.2534602,3,1,-68
1754124263.29046,6,0,-67
1754124263.32946,0,2,-63
1754124263.36746,7,7,-59
1754124263.40346,7,1,-59
1754124263.4404602,5,6,-72
1754124263.47946,-1,-4,-64
1754124263.51746,-4,-4,-72
1754124263.55346,0,-6,-65
1754124263.59046,2,0,-59
1754124263.6284602,0,-4,-52
1754124263.6674602,4,-3,-67
1754124263.70346,7,-8,-58
1754124263.7404602,-4,-7,-70
1754124263.7794602,4,-8,-77
1754124263.81746,-3,-7,-68
1754124263.85346,-3,0,-72
1754124263.89046,-4,-2,-65
1754124263.92946,-1,4,-59
1754124263.9674602,1,4,-62
1754124264.0034602,-7,-1,-64
1754124264.0424602,-3,-1,-70
1754124264.07946,5,-1,-60
1754124264.1184602,-1,-8,-58
1754124264.1544602,-1,-6,-58
1754124264.19246,0,-3,-65
1754124264.2304602,4,0,-52
1754124264.2694602,4,-7,-57
1754124264.30746,0,-4,-71
1754124264.34346,-2,-7,-72
1754124264.3814602,0,1,-64
1754124264.42046,8,-3,-67
1754124264.45846,0,0,-56
1754124264.49446,-5,-8,-59
1754124264.53346,-2,1,-55
1754124264.57046,-6,-2,-56
1754124264.60946,0,0,-52
1754124264.64746,0,-2,-49
1754124264.68346,-3,-3,-54
1754124264.72146,4,-10,-71
1754124264.7594602,1,-3,-72
1754124264.79846,-1,7,-67
1754124264.83446,-5,6,-72
1754124264.87246,-6,1,-67
1754124264.91046,-1,-1,-65
1754124264.94946,6,-8,-68
1754124264.98746,-4,-5,-65
1754124265.02346,-12,-7,-52
1754124265.06146,-5,0,-62
1754124265.10046,-4,-2,-69
1754124265.1384602,-1,-2,-56
1754124265.1744602,-5,-2,-53
1754124265.21246,-2,-6,-57
1754124265.25046,0,-6,-54
1754124265.2894602,3,-3,-51
1754124265.3254602,0,-4,-63
1754124265.36346,0,-1,-68
1754124265.4014602,-8,-2,-60
1754124265.43946,-6,0,-70
1754124265.47846,-2,2,-60
1754124265.51446,0,2,-64
1754124265.5524602,-9,-5,-69
1754124265.58946,-6,3,-55
1754124265.6284602,-5,0,-65
1754124265.6644602,-1,-1,-58
1754124265.70246,-1,0,-50
1754124265.7404602,2,-4,-54
1754124265.7794602,8,3,-64
1754124265.8154602,0,7,-56
1754124265.85246,-4,3,-73
1754124265.89046,3,3,-66
1754124265.92946,-6,-1,-69
1754124265.96546,-3,-1,-70
1754124266.00446,-7,-8,-58
1754124266.04146,-4,-1,-62
1754124266.08046,2,-3,-64
1754124266.1184602,6,-1,-55
1754124266.1544602,7,-1,-62
1754124266.19346,10,0,-71
1754124266.2304602,9,1,-65
1754124266.2694602,4,0,-71
1754124266.31346,-1,-1,-63
1754124266.35046,-2,-4,-62
1754124266.38946,-5,-8,-51
1754124266.42646,0,-2,-56
1754124266.4634602,0,1,-64
1754124266.50146,-5,0,-66
1754124266.54046,-7,-6,-71
1754124266.57846,-6,0,-65
1754124266.61446,2,0,-57
1754124266.6514602,5,-3,-63
1754124266.6904602,-5,-1,-68
1754124266.72846,4,-2,-68
1754124266.76446,1,3,-65
1754124266.80146,-2,0,-64
1754124266.84046,3,3,-62
1754124266.8784602,-3,-2,-68
1754124266.9144602,0,-7,-69
1754124266.95246,5,0,-69
1754124266.9904602,11,0,-65
1754124267.0294602,-2,0,-60
1754124267.0654602,-2,-6,-64
1754124267.10346,-2,-4,-69
1754124267.1414602,5,1,-70
1754124267.18046,-2,1,-52
1754124267.21846,1,-1,-51
1754124267.25446,5,3,-60
1754124267.29146,3,4,-72
1754124267.33046,-3,2,-59
1754124267.36646,-5,-3,-73
1754124267.40546,4,-5,-71
1754124267.44346,13,-1,-75
1754124267.4804602,0,4,-77
1754124267.5194602,0,3,-69
1754124267.55546,1,-1,-61
1754124267.5924602,6,0,-59
1754124267.63046,-7,9,-65
1754124267.66946,0,2,-63
1754124267.70546,2,0,-62
1754124267.74246,4,-2,-68
1754124267.78046,7,-4,-72
1754124267.8194602,-5,3,-67
1754124267.8554602,7,4,-61
1754124267.89246,1,3,-65
1754124267.93046,0,-1,-57
1754124267.96946,0,-4,-65
1754124268.00546,-2,-4,-68
1754124268.04346,-3,-2,-56
1754124268.08146,-2,-2,-57
1754124268.12046,7,-2,-61
1754124268.15646,2,-4,-73
1754124268.1944602,5,1,-65
1754124268.23146,-8,-5,-49
1754124268.27046,2,-7,-68
1754124268.30646,3,-7,-69
1754124268.34446,4,-2,-52
1754124268.3814602,-7,5,-68
1754124268.42046,-3,2,-59
1754124268.45646,2,-2,-52
1754124268.49446,-2,0,-60
1754124268.53146,4,1,-53
1754124268.57046,2,0,-52
1754124268.60646,3,0,-59
1754124268.6444602,-1,6,-68
1754124268.68146,-3,-2,-67
1754124268.7204602,1,-4,-62
1754124268.7564602,-6,-6,-70
1754124268.79446,-3,-5,-73
1754124268.8324602,6,-1,-85
1754124268.8714602,3,-5,-79
1754124268.90946,-4,-1,-83
1754124268.94546,4,-3,-80
1754124268.9834602,2,1,-59
1754124269.02146,0,-1,-55
1754124269.06046,1,0,-61
1754124269.09646,0,-1,-65
1754124269.1344602,-6,-2,-66
1754124269.17246,0,-4,-68
1754124269.21146,1,1,-61
1754124269.24946,3,3,-68
1754124269.28546,4,-1,-68
1754124269.32346,0,8,-55
1754124269.3614602,3,7,-52
1754124269.40046,-3,-3,-52
1754124269.43646,7,-4,-53
1754124269.47446,2,-5,-59
1754124269.51246,2,-5,-58
1754124269.5524602,0,2,-62
1754124269.59046,-2,-3,-62
1754124269.62646,0,0,-56
1754124269.66346,-4,-3,-61
1754124269.70246,-2,0,-55
1754124269.7404602,-5,0,-63
1754124269.7764602,-3,-1,-62
1754124269.8154602,-7,2,-65
1754124269.85246,0,0,-75
1754124269.8914602,4,-1,-69
1754124269.9274602,0,0,-72
1754124269.96546,-4,6,-66
1754124270.0034602,2,2,-71
1754124270.04146,6,0,-65
1754124270.08046,4,0,-65
1754124270.11646,3,1,-65
1754124270.15346,3,0,-54
1754124270.19146,5,-4,-61
1754124270.2304602,2,0,-54
1754124270.2664602,-1,-1,-59
1754124270.30446,4,-1,-60
1754124270.3424602,-10,0,-57
1754124270.3814602,-7,-2,-64
1754124270.41846,-7,1,-56
1754124270.45546,0,2,-62
1754124270.4934602,3,-1,-65
1754124270.5324602,-11,-1,-77
1754124270.57046,2,-6,-68
1754124270.60646,1,-6,-67
1754124270.64546,-6,-9,-69
1754124270.68246,-5,-2,-59
1754124270.72146,-6,-2,-57
1754124270.75746,1,5,-60
1754124270.79546,4,1,-53
1754124270.8324602,2,5,-56
1754124270.8714602,-3,0,-61
1754124270.9074602,5,0,-59
1754124270.94546,4,1,-64
1754124270.98246,-3,-2,-60
1754124271.02146,0,-4,-54
1754124271.05746,0,-3,-69
1754124271.0954602,3,-4,-58
1754124271.13346,-3,-13,-59
1754124271.17246,-9,-1,-52
1754124271.2104602,-4,5,-54
1754124271.2464602,2,0,-57
1754124271.28346,-1,4,-49
1754124271.3224602,0,-4,-57
1754124271.36046,-2,0,-70
1754124271.39646,5,2,-69
1754124271.43346,-1,0,-71
1754124271.47246,-4,0,-60
1754124271.51046,-1,-1,-58
1754124271.5464602,-9,-1,-63
1754124271.58446,-8,-2,-65
1754124271.62246,-7,-7,-65
1754124271.6614602,-4,-8,-58
1754124271.6974602,0,0,-60
1754124271.7364602,-1,1,-62
1754124271.77446,-6,2,-66
1754124271.8124602,0,-4,-69
1754124271.8484602,0,-4,-73
1754124271.88546,-1,-1,-73
1754124271.92346,0,-3,-70
1754124271.96246,-3,4,-73
1754124271.99846,-9,1,-68
1754124272.03546,-9,2,-58
1754124272.07346,0,4,-54
1754124272.11246,0,0,-67
1754124272.14846,4,4,-67
1754124272.18546,10,2,-73
1754124272.2234602,4,1,-52
1754124272.26246,1,-3,-58
1754124272.29846,0,0,-58
1754124272.3354602,-1,0,-61
1754124272.37446,2,2,-64
1754124272.41246,15,-5,-69
1754124272.44846,5,1,-59
1754124272.48546,2,2,-56
1754124272.52446,2,-2,-53
1754124272.5624602,-5,5,-65
1754124272.5984602,-7,0,-60
1754124272.63746,-1,-3,-61
1754124272.6744602,5,0,-63
1754124272.71246,1,1,-57
1754124272.75146,5,3,-63
1754124272.78746,-5,-2,-65
1754124272.8254602,-6,-6,-68
1754124272.86346,3,-5,-68
1754124272.90246,8,-6,-61
1754124272.93846,-3,-4,-69
1754124272.97646,1,-6,-62
1754124273.01446,9,-10,-71
1754124273.05346,0,-1,-57
1754124273.09146,-2,-7,-71
1754124273.12746,-6,-5,-74
1754124273.16546,-7,0,-75
1754124273.20346,-2,-1,-70
1754124273.24246,0,0,-66
1754124273.27846,0,5,-68
1754124273.3154602,2,0,-67
1754124273.35446,-4,4,-63
1754124273.39246,6,1,-60
1754124273.42846,0,0,-61
1754124273.46546,-2,2,-59
1754124273.5034602,0,1,-71
1754124273.5424602,-6,0,-67
1754124273.57846,4,3,-77
1754124273.6154602,7,4,-65
1754124273.6544602,7,0,-71
1754124273.69246,-3,1,-70
1754124273.72846,-2,3,-60
1754124273.76746,-5,-1,-62
1754124273.80446,2,-5,-54
1754124273.84346,5,0,-56
1754124273.8814602,3,4,-55
1754124273.9174602,-2,9,-56
1754124273.95546,0,9,-64
1754124273.9934602,-2,5,-58
1754124274.0324602,-3,2,-53
1754124274.06846,-2,-6,-53
1754124274.10646,1,-6,-56
1754124274.1444602,1,-2,-61
1754124274.18346,2,3,-64
1754124274.21946,2,0,-57
1754124274.25846,0,2,-64
1754124274.29546,-4,1,-61
1754124274.33446,-5,-2,-59
1754124274.37246,3,-1,-60
1754124274.40846,3,-4,-58
1754124274.44546,8,1,-61
1754124274.48446,2,-2,-62
1754124274.52246,5,-1,-76
1754124274.55846,8,-2,-67
1754124274.5954602,-1,-2,-62
1754124274.6344602,1,-1,-66
1754124274.67246,1,0,-57
1754124274.70846,0,-2,-42
1754124274.74546,-3,-5,-69
1754124274.78446,0,-4,-62
1754124274.8224602,0,-3,-63
1754124274.8584602,6,-4,-75
1754124274.89746,-5,-6,-65
1754124274.9344602,-1,0,-54
1754124274.9734602,0,0,-63
1754124275.0094602,-1,7,-55
1754124275.04746,1,2,-51
1754124275.0854602,0,3,-53
1754124275.12446,-1,0,-64
1754124275.16246,-1,-1,-67
1754124275.19846,-4,-2,-71
1754124275.2364602,2,-2,-68
1754124275.27446,-4,-3,-65
1754124275.31346,-1,-1,-76
1754124275.34946,-6,7,-76
1754124275.3884602,3,3,-56
1754124275.42646,-3,6,-67
1754124275.46446,-3,0,-67
1754124275.5034602,-5,-2,-66
1754124275.5394602,-7,2,-64
1754124275.57646,-11,-5,-66
1754124275.61446,-1,-8,-59
1754124275.65346,3,-11,-64
1754124275.68946,-1,-3,-67
1754124275.72746,7,-5,-70
1754124275.76546,4,-5,-64
1754124275.80446,-4,-2,-54
1754124275.8424602,0,1,-58
1754124275.8784602,-5,3,-57
1754124275.91646,3,1,-65
1754124275.95446,-8,5,-65
1754124275.9934602,-9,-1,-56
1754124276.0294602,0,0,-56
1754124276.06746,6,-7,-63
1754124276.1054602,-3,-1,-70
1754124276.1444602,-2,3,-75
1754124276.18246,0,3,-67
1754124276.21846,-1,-1,-53
1754124276.2564602,2,4,-62
1754124276.29446,6,3,-76
1754124276.33946,-3,-3,-71
1754124276.37646,-7,0,-59
1754124276.4144602,3,-3,-60
1754124276.45346,4,3,-60
1754124276.48946,-4,3,-66
1754124276.52746,-5,4,-62
1754124276.5654602,-1,4,-74
1754124276.60446,-2,-1,-54
1754124276.64046,0,2,-68
1754124276.6774602,-5,0,-62
1754124276.71546,-4,-4,-52
1754124276.75446,6,1,-49
1754124276.79046,-1,0,-56
1754124276.82846,2,-3,-55
1754124276.86646,0,-2,-53
1754124276.9044602,-2,0,-59
1754124276.94346,-5,-5,-61
1754124276.97946,-7,-1,-55
1754124277.01746,-1,0,-64
1754124277.05646,1,-2,-73
1754124277.09446,8,0,-69
1754124277.13046,3,0,-64
1754124277.1674602,3,0,-62
1754124277.20646,1,3,-57
1754124277.24446,-6,5,-58
1754124277.28046,2,3,-66
1754124277.31746,3,3,-69
1754124277.3554602,-5,4,-70
1754124277.3944602,4,-3,-62
1754124277.43046,6,-9,-70
1754124277.46946,6,-2,-70
1754124277.5064602,-1,5,-67
1754124277.54546,2,0,-56
1754124277.58346,4,0,-65
1754124277.61946,5,3,-71
1754124277.65646,-1,1,-68
1754124277.69546,-3,0,-59
1754124277.7334602,-4,0,-58
1754124277.7694602,6,-3,-56
1754124277.80746,0,3,-65
1754124277.8454602,-3,-1,-68
1754124277.8844602,-2,-1,-69
1754124277.92046,0,-2,-70
1754124277.95846,3,2,-60
1754124277.9964602,-4,5,-61
1754124278.03546,-6,0,-65
1754124278.07346,-4,-5,-55
1754124278.10946,-5,0,-55
1754124278.14646,0,0,-58
1754124278.18546,1,-1,-68
1754124278.2234602,-6,2,-62
1754124278.2594602,-5,1,-66
1754124278.29746,-10,-3,-70
1754124278.33646,1,9,-54
1754124278.37446,1,9,-77
1754124278.41046,0,6,-77
1754124278.4474602,0,2,-63
1754124278.4864602,3,-3,-59
1754124278.52446,4,1,-57
1754124278.56046,1,-1,-49
1754124278.5984602,3,0,-55
1754124278.63646,2,-1,-61
1754124278.67546,3,-4,-59
1754124278.71146,5,0,-66
1754124278.74846,1,-3,-68
1754124278.7864602,6,0,-61
1754124278.8254602,3,-9,-62
1754124278.8614602,-1,-5,-63
1754124278.89946,2,0,-49
1754124278.9374602,3,1,-59
1754124278.97546,9,-3,-63
1754124279.01446,1,3,-66
1754124279.05046,2,0,-66
1754124279.08746,-3,-2,-75
1754124279.12546,-4,-7,-72
1754124279.1644602,-6,6,-73
1754124279.2004602,2,2,-70
1754124279.23746,0,0,-60
1754124279.27546,2,2,-59
1754124279.31446,4,4,-55
1754124279.35046,-1,1,-54
1754124279.3884602,1,-2,-69
1754124279.42646,0,-3,-56
1754124279.46546,1,-3,-59
1754124279.50146,3,3,-62
1754124279.53846,3,3,-53
1754124279.57646,1,0,-68
1754124279.6154602,6,3,-63
1754124279.6514602,-2,0,-63
1754124279.68946,-3,-3,-58
1754124279.72746,-3,-2,-77
1754124279.7664602,0,-2,-69
1754124279.80446,-2,0,-70
1754124279.84046,-1,2,-66
1754124279.8784602,0,2,-60
1754124279.9174602,2,7,-59
1754124279.95546,4,-2,-59
1754124279.99146,0,-5,-69
1754124280.0294602,2,-5,-68
1754124280.06746,-2,0,-66
1754124280.10646,-4,-1,-60
1754124280.1444602,-8,-1,-61
1754124280.18046,0,4,-77
1754124280.2174602,2,1,-74
1754124280.2564602,0,3,-62
1754124280.29446,2,2,-59
1754124280.33046,-5,2,-53
1754124280.3684602,-2,5,-62
1754124280.40646,1,4,-61
1754124280.44546,-2,-1,-68
1754124280.48146,-1,1,-65
1754124280.5194602,-3,8,-50
1754124280.55746,-7,1,-66
1754124280.59646,-3,-6,-71
1754124280.6344602,-1,-4,-62
1754124280.67046,-3,-7,-67
1754124280.70846,3,-6,-75
1754124280.7464602,0,4,-66
1754124280.78546,0,8,-63
1754124280.82146,0,-5,-67
1754124280.85946,0,-8,-65
1754124280.89746,0,-9,-66
1754124280.93646,-1,-4,-53
1754124280.97446,7,-3,-52
1754124281.01046,5,-9,-55
1754124281.04846,2,-4,-52
1754124281.08646,-3,-2,-58
1754124281.12546,-8,7,-67
1754124281.1614602,-6,2,-63
1754124281.19946,-8,4,-52
1754124281.23846,3,0,-58
1754124281.2764602,3,-1,-49
1754124281.3124602,0,-3,-49
1754124281.35146,0,-2,-70
1754124281.3884602,0,-6,-63
1754124281.42646,0,-4,-61
1754124281.46546,-3,2,-62
1754124281.50146,-12,3,-61
1754124281.5394602,3,0,-66
1754124281.57746,0,3,-53
1754124281.61646,7,0,-55
1754124281.65246,3,-6,-61
1754124281.6904602,1,0,-65
1754124281.72946,5,-2,-67
1754124281.7664602,2,1,-71
1754124281.80546,-4,1,-65
1754124281.84146,-1,6,-61
1754124281.87946,4,0,-45
1754124281.91846,0,-2,-55
1754124281.95646,0,0,-60
1754124281.99246,-1,0,-57
1754124282.03046,-5,4,-73
1754124282.06846,-6,1,-63
1754124282.10746,-8,1,-67
1754124282.14546,-2,-4,-67
1754124282.18146,1,3,-72
1754124282.21846,0,4,-73
1754124282.25746,2,6,-65
1754124282.29546,6,3,-53
1754124282.33146,0,-1,-57
1754124282.3684602,1,-3,-65
1754124282.4074602,-7,-6,-60
1754124282.44546,-1,-13,-63
1754124282.48146,0,-3,-55
1754124282.51846,0,0,-48
1754124282.55746,0,-1,-54
1754124282.5954602,2,3,-71
1754124282.6314602,-2,-5,-73
1754124282.66946,0,1,-69
1754124282.70846,9,-4,-62
1754124282.7464602,0,0,-61
1754124282.7824602,5,6,-60
1754124282.82046,7,-1,-63
1754124282.8584602,-1,3,-56
1754124282.89746,0,-7,-66
1754124282.93546,5,0,-69
1754124282.97146,-2,2,-70
1754124283.0094602,-2,-3,-70
1754124283.04746,-11,-8,-72
1754124283.08646,0,1,-63
1754124283.12246,2,0,-65
1754124283.15946,-2,-1,-68
1754124283.1974602,-5,-6,-65
1754124283.2364602,-5,-9,-63
1754124283.27246,0,-6,-63
1754124283.31046,-1,0,-58
1754124283.3484602,-2,-1,-69
1754124283.38746,-9,-6,-72
1754124283.42346,-7,8,-60
1754124283.46146,-7,0,-61
1754124283.49946,2,0,-59
1754124283.53746,2,4,-64
1754124283.57646,-2,0,-61
1754124283.61246,5,0,-61
1754124283.64946,3,1,-61
1754124283.6874602,1,-1,-70
1754124283.72646,4,-4,-73
1754124283.76246,4,5,-73
1754124283.7994602,-2,-5,-66
1754124283.83746,7,-3,-59
1754124283.87646,6,-5,-64
1754124283.91246,2,-6,-68
1754124283.9504602,0,-10,-63
1754124283.98946,-6,-5,-64
1754124284.02746,-8,-7,-62
1754124284.06346,-6,-4,-63
1754124284.10246,-2,-1,-66
1754124284.13946,-2,-9,-72
1754124284.1774602,0,1,-57
1754124284.21646,-1,4,-57
1754124284.25246,2,3,-66
1754124284.2894602,0,2,-66
1754124284.32846,-2,0,-63
1754124284.36646,-6,0,-58
1754124284.40246,-5,-11,-63
1754124284.4404602,0,-6,-61
1754124284.47846,-1,-4,-57
1754124284.51746,-4,-1,-58
1754124284.55346,-3,-3,-57
1754124284.59146,-1,-6,-58
1754124284.62946,-3,-2,-55
1754124284.66846,-4,-2,-63
1754124284.70646,-2,3,-60
1754124284.74246,-3,0,-64
1754124284.78046,2,-5,-65
1754124284.8194602,-2,0,-62
1754124284.85746,6,-4,-55
1754124284.89346,4,-4,-64
1754124284.93146,3,1,-67
1754124284.96946,-3,-2,-67
1754124285.00846,0,4,-61
1754124285.0464602,-2,3,-59
1754124285.0824602,0,0,-61
1754124285.11946,5,-2,-61
1754124285.15846,2,0,-50
1754124285.19646,9,-1,-58
1754124285.23246,6,-3,-60
1754124285.27046,4,-5,-63
1754124285.30846,7,-5,-63
1754124285.34746,-1,3,-56
1754124285.38346,2,3,-54
1754124285.4214602,-1,-2,-55
1754124285.45946,3,1,-62
1754124285.49846,-3,-3,-63
1754124285.5364602,-5,0,-54
1754124285.5724602,7,2,-51
1754124285.60946,1,0,-61
1754124285.64846,0,-6,-67
1754124285.6844602,1,-4,-64
1754124285.7234602,-8,1,-54
1754124285.76046,0,0,-62
1754124285.79846,9,1,-62
1754124285.83746,4,-1,-56
1754124285.87346,5,0,-55
1754124285.9114602,3,-3,-65
1754124285.94846,13,-7,-67
1754124285.98746,5,0,-69
1754124286.02346,0,0,-63
1754124286.06146,-7,-3,-70
1754124286.0984602,2,1,-68
1754124286.13746,3,-4,-65
1754124286.17346,-3,-2,-54
1754124286.21146,-2,-1,-66
1754124286.24946,5,-3,-65
1754124286.28846,6,0,-65
1754124286.32446,0,3,-68
1754124286.37046,-6,1,-62
1754124286.40846,0,-3,-68
1754124286.4444602,0,-5,-69
1754124286.48246,0,-3,-68
1754124286.52046,-6,-4,-64
1754124286.5594602,-10,0,-69
1754124286.59746,-5,-2,-70
1754124286.63346,0,-4,-60
1754124286.67046,0,-4,-59
1754124286.70946,2,-8,-63
1754124286.74746,-4,2,-66
1754124286.78346,-8,-1,-64
1754124286.82146,0,1,-66
1754124286.85946,-4,-4,-66
1754124286.89846,-9,-7,-67
1754124286.9344602,1,-4,-71
1754124286.97246,0,-1,-76
1754124287.01146,0,2,-67
1754124287.0494602,0,-3,-70
1754124287.08746,-6,-4,-68
1754124287.12346,-6,1,-66
1754124287.1614602,-1,4,-64
1754124287.19946,0,2,-71
1754124287.23846,3,-2,-74
1754124287.27446,0,-2,-79
1754124287.3124602,4,3,-77
1754124287.35046,-1,-5,-73
1754124287.38946,4,-2,-69
1754124287.4274602,1,2,-68
1754124287.4634602,0,-3,-69
1754124287.50146,4,-5,-66
1754124287.5394602,4,0,-73
1754124287.57846,-2,0,-60
1754124287.61446,-3,-5,-72
1754124287.65246,6,0,-70
1754124287.69146,-5,0,-63
1754124287.72946,0,3,-57
1754124287.76746,-1,0,-68
1754124287.80446,-1,-1,-71
1754124287.84146,2,-1,-68
1754124287.87946,-3,0,-67
1754124287.91846,-4,-2,-71
1754124287.95446,-5,2,-71
1754124287.99246,0,-1,-67
1754124288.03046,3,1,-61
1754124288.0694602,0,6,-63
1754124288.1054602,-8,6,-64
1754124288.14346,-5,3,-56
1754124288.18246,-3,0,-62
1754124288.21946,-1,0,-61
1754124288.25846,-8,-4,-59
1754124288.29546,-2,-5,-65
1754124288.3324602,2,-1,-70
1754124288.37046,0,1,-67
1754124288.40946,-6,-4,-65
1754124288.44546,-4,0,-66
1754124288.48246,-2,0,-69
1754124288.52146,1,-1,-59
1754124288.5594602,-1,0,-59
1754124288.5954602,-2,-3,-67
1754124288.63346,0,-4,-67
1754124288.6714602,2,1,-71
1754124288.70946,0,2,-67
1754124288.74846,2,5,-63
1754124288.78446,0,5,-53
1754124288.82146,-5,1,-73
1754124288.86046,-2,1,-59
1754124288.89846,-3,-3,-69
1754124288.9344602,-5,0,-65
1754124288.97246,2,6,-58
1754124289.01046,4,-5,-71
1754124289.0494602,1,-2,-69
1754124289.0854602,-4,0,-63
1754124289.12346,0,0,-57
1754124289.1614602,3,-1,-59
1754124289.2004602,-2,-6,-69
1754124289.23846,-3,-5,-53
1754124289.27446,-6,-9,-68
1754124289.3124602,2,0,-69
1754124289.35046,2,-4,-78
1754124289.38946,0,3,-68
1754124289.42546,-5,3,-57
1754124289.46246,2,0,-61
1754124289.50046,0,0,-62
1754124289.5394602,-3,0,-64
1754124289.5754602,1,1,-60
1754124289.61246,-2,7,-68
1754124289.65046,0,4,-70
1754124289.68946,-1,3,-59
1754124289.72546,0,0,-74
1754124289.76246,-5,2,-71
1754124289.80046,-6,0,-68
1754124289.83946,0,4,-69
1754124289.87546,-7,-2,-75
1754124289.91346,-9,0,-60
1754124289.95146,-5,0,-75
1754124289.9904602,-5,-4,-60
1754124290.02846,-7,0,-57
1754124290.0654602,-4,1,-60
1754124290.10246,4,-2,-59
1754124290.14046,-1,-1,-57
1754124290.17946,5,2,-56
1754124290.21546,1,-2,-52
1754124290.2534602,2,0,-63
1754124290.2924602,1,1,-65
1754124290.33046,4,3,-65
1754124290.36646,4,1,-59
1754124290.40346,0,0,-62
1754124290.44246,-3,2,-57
1754124290.4804602,-1,0,-59
1754124290.5164602,-4,-1,-62
1754124290.55546,1,0,-62
1754124290.5924602,1,-10,-66
1754124290.63046,-7,0,-65
1754124290.66946,-2,-6,-69
1754124290.70546,4,-2,-68
1754124290.7434602,3,-2,-63
1754124290.78146,-4,0,-65
1754124290.82046,-8,-2,-67
1754124290.85646,-7,-6,-69
1754124290.89546,-5,0,-56
1754124290.93246,0,4,-71
1754124290.9704602,3,4,-66
1754124291.0094602,-7,-4,-52
1754124291.04546,0,-6,-65
1754124291.08346,1,0,-74
1754124291.12246,0,-1,-65
1754124291.16046,0,2,-66
1754124291.19646,2,-4,-61
1754124291.23446,-1,0,-63
1754124291.27246,3,5,-53
1754124291.31146,8,3,-56
1754124291.34946,-3,3,-55
1754124291.38546,4,0,-64
1754124291.42246,-3,-2,-63
1754124291.46146,-5,1,-64
1754124291.49946,-1,2,-55
1754124291.53546,4,-2,-57
1754124291.5724602,0,-2,-57
1754124291.6114602,-5,0,-57
1754124291.64946,-5,5,-55
1754124291.68546,-2,-2,-60
1754124291.7234602,4,-5,-54
1754124291.76146,4,-9,-56
1754124291.80046,1,0,-60
1754124291.83646,-5,-7,-66
1754124291.87646,0,-7,-65
1754124291.91346,-2,-3,-66
1754124291.95146,8,1,-74
1754124291.9904602,0,-3,-75
1754124292.0264602,-8,-5,-71
1754124292.06446,-3,-9,-57
1754124292.10246,-3,-4,-58
1754124292.1414602,-1,1,-47
1754124292.17946,-1,0,-58
1754124292.21546,-7,-6,-58
1754124292.2534602,-1,3,-71
1754124292.29146,-2,-4,-69
1754124292.33046,-5,-10,-70
1754124292.36646,-2,-3,-60
1754124292.4044602,-6,-8,-60
1754124292.44246,2,1,-59
1754124292.48146,-2,-3,-62
1754124292.51746,-8,0,-61
1754124292.55446,-7,-3,-63
1754124292.59346,0,0,-71
1754124292.6314602,-4,-2,-61
1754124292.6674602,4,-3,-58
1754124292.70446,0,0,-56
1754124292.7434602,-1,0,-61
1754124292.78146,1,-10,-61
1754124292.81746,-4,-8,-50
1754124292.85646,0,-1,-46
1754124292.89346,1,6,-62
1754124292.93146,4,1,-64
1754124292.9704602,-1,0,-68
1754124293.0064602,2,3,-69
1754124293.04346,2,0,-67
1754124293.08146,4,9,-58
1754124293.12046,-2,3,-65
1754124293.15646,-10,3,-69
1754124293.1944602,1,3,-58
1754124293.23246,0,0,-62
1754124293.27146,2,-2,-65
1754124293.30746,-4,0,-59
1754124293.3454602,-1,-6,-55
1754124293.3844602,4,-4,-60
1754124293.4214602,0,2,-63
1754124293.4604602,7,0,-63
1754124293.4964602,0,1,-67
1754124293.53346,-1,3,-65
1754124293.5724602,0,-4,-55
1754124293.61046,-2,-3,-67
1754124293.64646,0,-1,-70
1754124293.68346,2,-4,-55
1754124293.72246,5,-1,-52
1754124293.76046,1,-8,-49
1754124293.7964602,-1,-5,-63
1754124293.83446,0,-4,-73
1754124293.87346,0,-6,-71
1754124293.9114602,0,-3,-61
1754124293.9474602,0,-7,-73
1754124293.98546,-1,-4,-69
1754124294.02346,-2,-6,-67
1754124294.0624602,2,-3,-63
1754124294.10046,-2,-1,-65
1754124294.13646,-1,1,-51
1754124294.1744602,-3,-5,-47
1754124294.21246,0,-1,-62
1754124294.25146,-9,0,-66
1754124294.28746,-8,-3,-63
1754124294.3254602,4,2,-63
1754124294.36346,0,-5,-59
1754124294.40246,-1,-4,-63
1754124294.4404602,-9,1,-57
1754124294.47646,-5,0,-65
1754124294.5134602,-6,1,-77
1754124294.5524602,0,-6,-69
1754124294.59046,-2,-8,-63
1754124294.62646,0,0,-52
1754124294.66346,-2,-2,-58
1754124294.70246,8,-2,-67
1754124294.7404602,8,2,-56
1754124294.7764602,1,0,-70
1754124294.81346,-6,-7,-64
1754124294.85246,-3,-3,-78
1754124294.8884602,3,0,-60
1754124294.92646,2,-1,-67
1754124294.96546,2,-4,-62
1754124295.00246,0,0,-69
1754124295.04146,3,-2,-70
1754124295.07746,5,4,-61
1754124295.1154602,-1,-2,-63
1754124295.15346,-3,1,-59
1754124295.19246,1,-3,-62
1754124295.22846,2,0,-57
1754124295.26546,-1,1,-61
1754124295.30346,0,0,-64
1754124295.3424602,4,-2,-55
1754124295.3784602,2,-8,-51
1754124295.41546,2,0,-58
1754124295.45346,2,2,-55
1754124295.49246,1,1,-63
1754124295.52846,0,-1,-60
1754124295.56646,-4,0,-75
1754124295.60446,1,4,-69
1754124295.64246,0,0,-73
1754124295.68146,7,3,-62
1754124295.7174602,3,0,-63
1754124295.75446,9,-2,-64
1754124295.79346,-2,-1,-63
1754124295.83146,2,-1,-55
1754124295.86746,-1,5,-58
1754124295.90646,3,7,-65
1754124295.94346,1,0,-71
1754124295.98246,0,3,-70
1754124296.01846,-4,-1,-66
1754124296.05646,-8,2,-57
1754124296.09446,-2,1,-57
1754124296.13346,2,4,-61
1754124296.1714602,-2,11,-67
1754124296.2074602,-1,1,-65
1754124296.24546,-4,-1,-71
1754124296.28346,0,-1,-56
1754124296.3224602,1,-5,-63
1754124296.3584602,0,-4,-69
1754124296.4044602,0,-7,-62
1754124296.44246,-3,0,-60
1754124296.47846,-6,0,-69
1754124296.5164602,-1,0,-65
1754124296.55446,1,1,-72
1754124296.59346,-2,-7,-60
1754124296.6314602,0,-5,-65
1754124296.6674602,0,-1,-61
1754124296.70546,-7,1,-61
1754124296.7434602,-2,1,-63
1754124296.7824602,4,-2,-73
1754124296.81846,4,2,-80
1754124296.8554602,-5,-7,-69
1754124296.89346,5,2,-67
1754124296.93246,3,0,-66
1754124296.96846,-2,-2,-65
1754124297.0064602,-3,0,-61
1754124297.04446,1,0,-66
1754124297.08346,0,2,-63
1754124297.1214602,0,2,-62
1754124297.1574602,-3,9,-59
1754124297.19546,-4,-2,-70
1754124297.2334602,-5,-5,-63
1754124297.27246,-7,0,-62
1754124297.30846,-7,1,-65
1754124297.34646,-4,-3,-60
1754124297.3844602,-2,5,-60
1754124297.42346,5,3,-57
1754124297.45946,3,2,-62
1754124297.4964602,0,5,-65
1754124297.53446,-4,-1,-68
1754124297.57346,0,1,-59
1754124297.60946,0,-1,-66
1754124297.64846,0,-4,-68
1754124297.68546,0,-5,-60
1754124297.7234602,7,3,-56
1754124297.76246,0,3,-63
1754124297.79846,7,-3,-74
1754124297.83746,5,1,-82
1754124297.87546,4,3,-68
1754124297.91346,4,3,-65
1754124297.94946,0,2,-76
1754124297.9864602,-2,2,-63
1754124298.02546,-3,1,-61
1754124298.06346,-1,4,-66
1754124298.09946,5,1,-60
1754124298.13646,2,0,-64
1754124298.17546,0,-4,-70
1754124298.2134602,-2,-11,-67
1754124298.24946,0,-3,-59
1754124298.28746,-3,-1,-57
1754124298.3254602,1,-2,-53
1754124298.36446,0,-7,-52
1754124298.40246,6,-7,-68
1754124298.43846,9,-4,-60
1754124298.47646,4,1,-70
1754124298.51446,5,2,-68
1754124298.55346,-1,5,-60
1754124298.58946,1,-3,-64
1754124298.62746,6,-6,-71
1754124298.66546,4,0,-71
1754124298.70446,1,-6,-67
1754124298.74246,0,-3,-72
1754124298.77846,5,0,-73
1754124298.8154602,3,3,-75
1754124298.85446,-1,3,-66
1754124298.89246,5,0,-71
1754124298.92846,6,-1,-63
1754124298.96546,9,-6,-72
1754124299.00446,8,-7,-71
1754124299.0424602,-4,-8,-61
1754124299.07846,1,3,-61
1754124299.11646,0,4,-61
1754124299.1544602,-6,1,-55
1754124299.19246,-3,2,-56
1754124299.22846,-4,-5,-60
1754124299.26746,-2,0,-65
1754124299.30446,0,-2,-67
1754124299.34346,3,-2,-57
1754124299.37946,-8,0,-60
1754124299.41646,-5,3,-69
1754124299.45446,-11,-2,-64
1754124299.4934602,-5,0,-58
1754124299.5294602,0,-1,-55
1754124299.56646,4,2,-65
1754124299.60446,-5,6,-65
1754124299.64346,-6,1,-57
1754124299.67946,-5,-3,-66
1754124299.7174602,-1,-5,-59
1754124299.75546,6,0,-68
1754124299.79446,-3,-5,-71
1754124299.83046,-1,-8,-66
1754124299.8684602,1,-5,-53
1754124299.90646,0,-4,-57
1754124299.9444602,0,1,-51
1754124299.9834602,-1,5,-70
1754124300.0194602,0,5,-57
1754124300.05646,-9,1,-61
1754124300.09446,-4,1,-62
1754124300.13346,-2,0,-58
1754124300.16946,-1,0,-64
1754124300.2074602,-5,-6,-53
1754124300.2464602,-4,-6,-64
1754124300.28446,0,-4,-59
1754124300.32046,-3,-2,-59
1754124300.3584602,-5,-8,-64
1754124300.39746,-3,-5,-69
1754124300.43546,-1,-6,-57
1754124300.4734602,4,-4,-59
1754124300.5094602,0,-6,-60
1754124300.54746,-8,0,-67
1754124300.5854602,-3,-2,-82
1754124300.62446,-4,-7,-74
1754124300.66046,-1,-5,-68
1754124300.69846,-2,1,-61
1754124300.7364602,-1,3,-72
1754124300.77546,-5,1,-70
1754124300.81346,0,0,-76
1754124300.84946,0,-8,-65
1754124300.88746,2,-10,-72
1754124300.92646,-1,-10,-78
1754124300.96446,-4,0,-64
1754124301.00046,-2,0,-60
1754124301.03846,0,-2,-65
1754124301.07646,4,3,-64
1754124301.1154602,0,5,-61
1754124301.15346,-13,2,-58
1754124301.18946,-8,-2,-57
1754124301.22746,-7,-7,-65
1754124301.26546,-5,4,-74
1754124301.30446,1,-1,-64
1754124301.34046,-2,0,-58
1754124301.3784602,-2,-2,-71
1754124301.4174602,-1,-1,-69
1754124301.45546,2,-3,-74
1754124301.4934602,-5,-6,-71
1754124301.5294602,-4,0,-70
1754124301.56746,-6,3,-63
1754124301.6054602,-7,-2,-65
1754124301.6444602,-10,-5,-66
1754124301.68046,0,-3,-66
1754124301.71846,0,-1,-65
1754124301.7564602,1,-7,-59
1754124301.79546,-5,2,-59
1754124301.83146,-8,2,-65
1754124301.86946,0,-1,-63
1754124301.9074602,1,1,-60
1754124301.94546,-4,-1,-59
1754124301.98446,0,-3,-60
1754124302.02046,-2,-3,-58
1754124302.05846,2,-4,-72
1754124302.09746,6,-1,-61
1754124302.13546,5,0,-62
1754124302.1714602,2,1,-52
1754124302.20846,1,3,-56
1754124302.24746,1,-11,-57
1754124302.28546,0,-4,-59
1754124302.32146,2,-2,-59
1754124302.3584602,0,-4,-65
1754124302.39746,-2,-5,-64
1754124302.43546,3,-5,-65
1754124302.47146,0,-2,-65
1754124302.50846,-4,-2,-49
1754124302.54746,-1,2,-50
1754124302.5854602,0,0,-60
1754124302.6214602,-1,-1,-61
1754124302.66046,-4,-7,-68
1754124302.6974602,-4,-1,-53
1754124302.7364602,-4,-1,-52
1754124302.77446,1,0,-46
1754124302.81046,1,3,-66
1754124302.84746,-6,5,-61
1754124302.88646,-1,0,-52
1754124302.9244602,2,0,-59
1754124302.9604602,7,-9,-57
1754124302.99846,-2,-2,-60
1754124303.03846,0,-3,-59
1754124303.07646,8,-8,-67
1754124303.11446,0,1,-68
1754124303.15046,-2,-4,-61
1754124303.18846,-3,-2,-60
1754124303.22746,-1,-3,-50
1754124303.26546,2,-6,-63
1754124303.30146,-1,-6,-63
1754124303.33946,-3,-3,-64
1754124303.37746,-5,-1,-55
1754124303.41646,0,-3,-49
1754124303.45446,0,-6,-53
1754124303.4904602,-8,-2,-49
1754124303.52846,-6,-3,-54
1754124303.56746,-6,-2,-75
1754124303.6054602,-1,-3,-63
1754124303.6414602,-2,-9,-67
1754124303.67946,1,0,-66
1754124303.71846,-2,-6,-60
1754124303.7564602,0,2,-60
1754124303.79446,4,-2,-52
1754124303.83046,-1,3,-52
1754124303.86746,-7,1,-60
1754124303.90646,-7,-5,-69
1754124303.9444602,-5,-7,-70
1754124303.98146,-3,-4,-65
1754124304.0194602,-3,-1,-74
1754124304.05746,-1,-2,-66
1754124304.09646,-5,2,-51
1754124304.13246,0,-3,-60
1754124304.17046,2,2,-69
1754124304.20846,3,3,-67
1754124304.2464602,0,7,-64
1754124304.28546,-6,6,-73
1754124304.32146,0,2,-62
1754124304.35946,-4,-4,-62
1754124304.39846,-4,-6,-63
1754124304.43646,0,-1,-61
1754124304.47246,-5,-8,-49
1754124304.51146,-1,-4,-64
1754124304.54846,1,4,-52
1754124304.58646,0,3,-53
1754124304.62546,3,-3,-49
1754124304.6614602,-6,0,-57
1754124304.69946,-1,1,-67
1754124304.73746,-5,0,-66
1754124304.7764602,-3,-1,-78
1754124304.8124602,-9,0,-74
1754124304.84946,0,1,-76
1754124304.88746,7,0,-69
1754124304.92646,5,-3,-73
1754124304.96246,4,-9,-63
1754124305.00046,-3,-3,-64
1754124305.0394602,4,-11,-63
1754124305.07746,4,-5,-61
1754124305.1154602,-1,-6,-64
1754124305.15246,-8,-3,-67
1754124305.18946,-3,-2,-57
1754124305.22846,-8,0,-58
1754124305.2664602,-3,-6,-60
1754124305.3024602,-4,1,-62
1754124305.34046,-7,-1,-73
1754124305.3784602,-4,4,-61
1754124305.4174602,-1,-2,-68
1754124305.45546,4,-8,-69
1754124305.49146,0,-3,-60
1754124305.5294602,0,-5,-62
1754124305.56746,3,0,-68
1754124305.60646,0,0,-62
1754124305.64246,5,1,-70
1754124305.68046,0,2,-52
1754124305.71946,-6,3,-52
1754124305.75746,-7,0,-69
1754124305.79546,-6,1,-66
1754124305.83146,-12,3,-68
1754124305.86946,-10,1,-65
1754124305.9074602,-1,1,-67
1754124305.94646,-3,0,-65
1754124305.98246,1,1,-55
1754124306.0194602,-2,-6,-63
1754124306.05746,-1,-4,-59
1754124306.09646,7,-4,-64
1754124306.13246,1,-2,-65
1754124306.17046,-3,-7,-69
1754124306.20846,-4,-6,-64
1754124306.24746,-1,-4,-61
1754124306.28346,0,-9,-63
1754124306.32146,-4,2,-65
1754124306.35946,-5,1,-48
1754124306.39746,-4,-2,-59
1754124306.44246,-5,1,-68
1754124306.47946,-9,-3,-65
1754124306.51846,-8,-1,-59
1754124306.55646,-6,-3,-59
1754124306.5924602,-7,3,-54
1754124306.63046,-5,-3,-61
1754124306.66846,-2,3,-62
1754124306.7074602,-4,5,-52
1754124306.7434602,-2,0,-59
1754124306.7824602,1,0,-59
1754124306.8194602,-4,-1,-58
1754124306.85746,-4,3,-72
1754124306.89346,1,8,-72
1754124306.93046,0,0,-68
1754124306.96846,1,-1,-58
1754124307.00746,3,0,-63
1754124307.04346,7,-3,-59
1754124307.0824602,0,-9,-61
1754124307.11946,-3,-2,-56
1754124307.1574602,-2,-3,-60
1754124307.19646,-1,-3,-55
1754124307.23246,-1,1,-57
1754124307.27046,-4,-1,-53
1754124307.30846,-12,-5,-64
1754124307.34746,-4,0,-60
1754124307.38346,-1,3,-66
1754124307.42046,2,4,-56
1754124307.45846,-6,0,-57
1754124307.49746,5,2,-65
1754124307.53346,-3,0,-62
1754124307.57046,-3,2,-73
1754124307.6084602,7,-2,-67
1754124307.64746,3,0,-64
1754124307.68346,0,-7,-61
1754124307.7204602,0,-8,-60
1754124307.75846,8,-5,-70
1754124307.79746,-3,1,-67
1754124307.83346,-1,0,-55
1754124307.8714602,-1,0,-57
1754124307.90846,-2,5,-58
1754124307.9474602,0,7,-70
1754124307.9834602,3,4,-68
1754124308.02046,5,3,-62
1754124308.05846,2,7,-65
1754124308.09746,-5,3,-57
1754124308.13346,-4,4,-57
1754124308.17046,-7,6,-66
1754124308.20846,-1,-2,-66
1754124308.24746,1,0,-68
1754124308.28346,0,2,-62
1754124308.32046,3,1,-66
1754124308.3584602,-2,3,-63
1754124308.39746,-7,0,-60
1754124308.43346,-6,0,-65
1754124308.4704602,-3,-2,-62
1754124308.50846,-1,-4,-57
1754124308.54746,2,0,-71
1754124308.58346,-5,-6,-57
1754124308.6214602,-7,-7,-65
1754124308.65946,-2,2,-64
1754124308.69846,-2,0,-60
1754124308.73446,0,1,-56
1754124308.77246,-4,-3,-65
1754124308.81046,4,0,-58
1754124308.8484602,1,1,-65
1754124308.88746,-2,-4,-64
1754124308.92346,-3,2,-67
1754124308.96146,0,4,-47
1754124308.99946,-2,4,-67
1754124309.03846,-4,4,-60
1754124309.07446,-2,-2,-55
1754124309.11246,0,-1,-65
1754124309.15046,1,6,-73
1754124309.18846,4,-1,-65
1754124309.22746,2,-6,-63
1754124309.2634602,4,-2,-69
1754124309.3024602,3,-7,-65
1754124309.34046,0,0,-64
1754124309.3784602,4,0,-56
1754124309.41546,3,0,-54
1754124309.45246,3,1,-46
1754124309.49146,-1,-1,-53
1754124309.5294602,0,-3,-62
1754124309.56746,-5,-1,-62
1754124309.60346,0,0,-55
1754124309.6414602,4,0,-52
1754124309.68046,3,-4,-47
1754124309.71846,-1,0,-64
1754124309.75446,-5,-1,-65
1754124309.7924602,0,-2,-59
1754124309.83046,-2,-2,-72
1754124309.86946,-1,-2,-64
1754124309.9074602,0,-4,-58
1754124309.94346,4,4,-70
1754124309.98146,-6,3,-68
1754124310.0194602,-4,0,-73
1754124310.05846,1,1,-75
1754124310.09446,-3,1,-73
1754124310.13346,-5,1,-61
1754124310.17046,0,8,-66
1754124310.20946,2,-5,-70
1754124310.24746,1,-2,-64
1754124310.28346,-9,2,-62
1754124310.32146,-3,2,-63
1754124310.35946,-6,-2,-56
1754124310.39846,-4,-7,-66
1754124310.4344602,1,-2,-70
1754124310.47246,2,2,-61
1754124310.51046,7,0,-70
1754124310.5494602,0,0,-70
1754124310.58746,1,6,-75
1754124310.62346,-1,0,-74
1754124310.66046,2,-6,-62
1754124310.69946,1,0,-62
1754124310.73746,1,-6,-65
1754124310.77446,-5,1,-68
1754124310.81346,-5,2,-73
1754124310.85046,4,-4,-69
1754124310.88946,4,0,-46
1754124310.92546,3,3,-57
1754124310.9634602,3,3,-60
1754124311.00046,-3,-2,-54
1754124311.0394602,2,-1,-51
1754124311.0754602,1,-2,-57
1754124311.11346,0,2,-70
1754124311.15046,-1,4,-65
1754124311.18946,-2,1,-75
1754124311.22546,0,2,-67
1754124311.26246,-1,8,-62
1754124311.30046,0,1,-72
1754124311.33946,-1,1,-71
1754124311.37546,-3,0,-57
1754124311.41346,2,-4,-71
1754124311.4504602,-2,-3,-66
1754124311.48946,-4,3,-59
1754124311.52546,-1,-4,-58
1754124311.56346,-2,0,-56
1754124311.60146,0,4,-72
1754124311.63946,-3,-4,-69
1754124311.67846,-5,2,-63
1754124311.71446,0,-1,-51
1754124311.75246,-8,0,-59
1754124311.79146,-4,-9,-52
1754124311.82946,-1,-2,-54
1754124311.86646,-7,0,-53
1754124311.90346,-6,-6,-58
1754124311.94146,0,-3,-65
1754124311.9804602,-4,-5,-61
1754124312.01846,-7,-2,-67
1754124312.05446,-10,4,-61
1754124312.0924602,-7,1,-50
1754124312.13046,0,-8,-65
1754124312.16946,0,-6,-61
1754124312.20546,7,-2,-58
1754124312.24246,-5,0,-61
1754124312.28046,0,-5,-62
1754124312.3194602,5,-7,-56
1754124312.3554602,3,-4,-61
1754124312.39346,-2,-3,-65
1754124312.43146,3,-2,-67
1754124312.4704602,1,-2,-64
1754124312.50846,-9,-6,-58
1754124312.54446,-8,0,-65
1754124312.58346,-5,0,-54
1754124312.62046,1,1,-70
1754124312.65946,0,-7,-59
1754124312.69546,-4,-3,-62
1754124312.73446,-2,1,-63
1754124312.77146,1,-3,-69
1754124312.81046,-7,0,-64
1754124312.8484602,-5,-3,-64
1754124312.8844602,0,3,-62
1754124312.9214602,5,-3,-67
1754124312.9604602,0,-8,-61
1754124312.99846,-2,-6,-69
1754124313.03446,-3,-5,-62
1754124313.0724602,-4,-9,-79
1754124313.11046,1,-7,-67
1754124313.14946,-2,-6,-60
1754124313.18546,-2,-5,-54
1754124313.2234602,5,1,-55
1754124313.26146,-2,-2,-52
1754124313.30046,0,-5,-62
1754124313.33646,5,1,-56
1754124313.37346,1,-1,-54
1754124313.41046,-2,1,-67
1754124313.44946,-7,3,-60
1754124313.48546,-4,3,-62
1754124313.52346,-2,0,-65
1754124313.56146,-3,1,-59
1754124313.60046,-5,-6,-60
1754124313.63646,-2,1,-67
1754124313.6744602,-3,0,-68
1754124313.71246,-4,-4,-61
1754124313.75146,-2,-6,-68
1754124313.7894602,3,4,-68
1754124313.8254602,-4,1,-68
1754124313.86446,-4,1,-65
1754124313.9014602,-3,-8,-63
1754124313.9404602,-7,-9,-70
1754124313.97646,-3,0,-69
1754124314.01546,-10,-6,-79
1754124314.0524602,-9,-7,-63
1754124314.09146,1,-4,-69
1754124314.12946,8,4,-52
1754124314.16546,-2,10,-64
1754124314.20346,0,8,-73
1754124314.24246,-1,6,-57
1754124314.28046,6,-2,-57
1754124314.31746,3,-3,-70
1754124314.3554602,2,0,-58
1754124314.39246,-3,-2,-62
1754124314.43146,-8,-2,-60
1754124314.46946,-3,3,-59
1754124314.50546,2,0,-56
1754124314.5424602,1,-4,-66
1754124314.58146,-8,0,-67
1754124314.61946,0,0,-60
1754124314.65546,-1,-6,-69
1754124314.69346,-1,-1,-67
1754124314.73146,-6,-2,-75
1754124314.77046,-5,3,-71
1754124314.80646,2,3,-69
1754124314.84446,5,-1,-61
1754124314.8814602,1,-6,-58
1754124314.92046,3,-2,-59
1754124314.95646,4,-4,-55
1754124314.99446,-4,-3,-58
1754124315.0324602,-4,6,-60
1754124315.07146,-12,3,-61
1754124315.10946,-1,3,-69
1754124315.14546,1,0,-66
1754124315.18346,-2,1,-67
1754124315.22146,4,-4,-74
1754124315.26046,-1,6,-60
1754124315.2964602,0,5,-67
1754124315.33346,1,2,-66
1754124315.3714602,-3,6,-71
1754124315.41046,4,2,-59
1754124315.44646,-2,-2,-68
1754124315.48546,-7,0,-69
1754124315.52246,-2,-4,-72
1754124315.56146,0,-6,-64
1754124315.59746,0,-7,-62
1754124315.63546,-2,-4,-68
1754124315.67346,-3,1,-60
1754124315.71146,0,0,-71
1754124315.75046,-9,0,-67
1754124315.7864602,-6,-2,-65
1754124315.82446,-2,0,-65
1754124315.86346,0,-5,-53
1754124315.9014602,0,-4,-62
1754124315.9374602,-5,-3,-68
1754124315.97646,0,0,-64
1754124316.0134602,0,-1,-65
1754124316.0524602,3,-3,-67
1754124316.09046,3,-3,-59
1754124316.12646,9,0,-70
1754124316.1644602,0,-6,-70
1754124316.20246,1,1,-58
1754124316.2404602,-2,-5,-60
1754124316.2764602,6,0,-67
1754124316.31346,7,-3,-68
1754124316.35246,4,2,-56
1754124316.39046,0,-3,-48
1754124316.42646,1,0,-57
1754124316.47246,-11,-2,-54
1754124316.51046,-7,-6,-62
1754124316.5464602,-6,0,-71
1754124316.58446,-3,2,-58
1754124316.62346,0,-2,-64
1754124316.6614602,-7,0,-57
1754124316.6974602,-2,4,-51
1754124316.73546,0,-5,-60
1754124316.77346,4,0,-61
1754124316.8124602,-1,2,-64
1754124316.85046,-4,0,-49
1754124316.88646,0,-3,-51
1754124316.9244602,-4,-9,-58
1754124316.96246,1,-3,-52
1754124317.00146,7,2,-55
1754124317.03846,2,-1,-58
1754124317.07646,-3,1,-67
1754124317.11346,-12,2,-75
1754124317.15246,-15,1,-63
1754124317.1904602,0,4,-59
1754124317.22646,1,9,-64
1754124317.2634602,-3,3,-52
1754124317.3024602,-6,4,-63
1754124317.34046,-4,1,-69
1754124317.37646,-1,2,-81
1754124317.4144602,0,-4,-81
1754124317.45246,1,-5,-56
1754124317.49146,-2,1,-63
1754124317.52746,-1,-1,-61
1754124317.5654602,0,-4,-72
1754124317.60446,2,-4,-71
1754124317.64246,4,-2,-63
1754124317.68046,0,-10,-62
1754124317.71646,-2,-2,-56
1754124317.75446,-4,-10,-54
1754124317.7924602,0,-2,-53
1754124317.83146,2,1,-65
1754124317.86746,1,-3,-68
1754124317.90546,1,0,-68
1754124317.9444602,-2,0,-62
1754124317.98246,0,-6,-65
1754124318.01846,-4,-3,-58
1754124318.05646,1,3,-52
1754124318.09446,-2,2,-62
1754124318.13246,0,1,-81
1754124318.1714602,-2,-4,-76
1754124318.2074602,-6,-3,-65
1754124318.24546,-2,-4,-60
1754124318.28346,-2,-3,-66
1754124318.3224602,4,-5,-68
1754124318.3584602,1,-3,-68
1754124318.39646,-5,3,-63
1754124318.4344602,-5,5,-63
1754124318.47246,-2,-3,-68
1754124318.51146,-5,4,-69
1754124318.54746,0,2,-62
1754124318.5854602,7,-1,-62
1754124318.62446,-3,-3,-60
1754124318.66246,-6,-3,-65
1754124318.69846,-3,-1,-68
1754124318.73546,3,-2,-66
1754124318.77346,-5,-5,-58
1754124318.8124602,8,2,-66
1754124318.8484602,3,3,-66
1754124318.88546,8,0,-58
1754124318.92346,0,2,-61
1754124318.96246,0,3,-58
1754124318.99846,0,1,-67
1754124319.03546,6,1,-63
1754124319.07446,-5,-3,-60
1754124319.11246,-3,-5,-59
1754124319.14846,0,0,-56
1754124319.18546,0,-3,-71
1754124319.22446,0,0,-63
1754124319.26246,0,5,-60
1754124319.29846,0,3,-64
1754124319.3354602,-5,-2,-78
1754124319.37446,-2,2,-71
1754124319.41246,3,0,-67
1754124319.44846,-2,0,-72
1754124319.48746,6,-4,-64
1754124319.52446,6,1,-75
1754124319.56346,1,0,-68
1754124319.60146,-4,-2,-70
1754124319.63746,-1,-5,-66
1754124319.67546,-6,-8,-69
1754124319.7134602,-11,-9,-71
1754124319.75246,4,-5,-66
1754124319.78846,6,2,-70
1754124319.82646,4,-3,-60
1754124319.86446,3,-3,-59
1754124319.90346,-4,3,-45
1754124319.94146,-12,0,-66
1754124319.97746,-8,4,-61
1754124320.01446,-1,-1,-67
1754124320.05346,1,-3,-69
1754124320.08946,-1,-1,-63
1754124320.12746,-1,0,-60
1754124320.16546,2,-1,-61
1754124320.20446,-2,0,-68
1754124320.24246,-4,-2,-75
1754124320.27846,1,0,-75
1754124320.31746,-5,-2,-62
1754124320.35446,2,0,-64
1754124320.39346,0,5,-68
1754124320.42946,5,-1,-52
1754124320.4674602,0,0,-50
1754124320.50446,0,-1,-53
1754124320.54346,0,-2,-62
1754124320.57946,3,-2,-58
1754124320.61746,-3,-1,-51
1754124320.65546,-2,4,-57
1754124320.69346,1,3,-65
1754124320.73246,1,-3,-64
1754124320.76846,-3,0,-50
1754124320.80646,-4,-1,-55
1754124320.8454602,0,0,-55
1754124320.88346,-2,0,-63
1754124320.91946,6,2,-65
1754124320.9574602,0,0,-48
1754124320.99546,-3,1,-55
1754124321.03446,5,1,-55
1754124321.0724602,0,4,-57
1754124321.1084602,-8,0,-63
1754124321.14546,0,-3,-57
1754124321.1844602,3,-2,-59
1754124321.22246,3,-10,-57
1754124321.25846,0,-7,-54
1754124321.2964602,-2,-10,-59
1754124321.33446,0,0,-58
1754124321.37346,6,7,-60
1754124321.40946,3,4,-62
1754124321.44646,-5,0,-65
1754124321.48446,1,-6,-55
1754124321.52346,5,-4,-59
1754124321.5594602,-3,-1,-64
1754124321.59746,-2,2,-60
1754124321.63546,0,2,-65
1754124321.6744602,-5,-1,-72
1754124321.71246,-9,-6,-72
1754124321.74846,0,-1,-59
1754124321.7864602,0,-4,-69
1754124321.82446,1,-1,-58
1754124321.86346,7,2,-73
1754124321.89946,2,-6,-65
1754124321.9374602,-5,-4,-72
1754124321.97546,2,-7,-79
1754124322.0134602,-7,-3,-72
1754124322.0494602,-1,-3,-60
1754124322.0884602,-5,-6,-65
1754124322.12546,-4,-7,-61
1754124322.1644602,-8,1,-66
1754124322.20246,-8,-2,-63
1754124322.23946,-8,-6,-66
1754124322.27746,0,3,-59
1754124322.3154602,-3,3,-61
1754124322.35446,-12,-4,-67
1754124322.39046,-5,-5,-58
1754124322.42846,-4,-2,-55
1754124322.46646,-2,-6,-56
1754124322.50546,-1,-2,-55
1754124322.54346,-6,1,-55
1754124322.57946,-4,0,-58
1754124322.6184602,-7,10,-66
1754124322.65546,4,4,-67
1754124322.6944602,1,0,-63
1754124322.7304602,-3,-4,-63
1754124322.76846,3,-2,-70
1754124322.80646,3,-6,-62
1754124322.84446,0,4,-58
1754124322.88346,-2,7,-68
1754124322.91946,-4,2,-64
1754124322.9574602,-1,-5,-62
1754124322.99546,-1,-1,-61
1754124323.03446,-5,-1,-69
1754124323.07146,2,3,-68
1754124323.1084602,3,-3,-73
1754124323.14646,1,-6,-69
1754124323.18546,2,-1,-74
1754124323.2234602,3,-6,-72
1754124323.2594602,-2,-7,-62
1754124323.29746,2,-1,-64
1754124323.33646,-1,-4,-55
1754124323.37446,-1,1,-47
1754124323.41046,1,-2,-64
1754124323.44846,3,-2,-61
1754124323.4864602,-3,1,-62
1754124323.52546,-2,-3,-55
1754124323.56346,4,-3,-63
1754124323.59946,6,-5,-60
1754124323.63746,4,1,-74
1754124323.67546,8,1,-58
1754124323.71446,8,1,-65
1754124323.75046,-1,-1,-60
1754124323.7894602,2,1,-60
1754124323.82646,-1,0,-62
1754124323.8654602,-4,0,-67
1754124323.90346,-2,-8,-61
1754124323.93946,3,0,-55
1754124323.97646,1,1,-54
1754124324.01546,4,-3,-51
1754124324.05346,4,1,-47
1754124324.08946,7,-3,-60
1754124324.12746,4,2,-61
1754124324.16546,3,0,-66
1754124324.20446,0,0,-60
1754124324.2404602,-4,-3,-54
1754124324.27846,-4,4,-58
1754124324.31646,3,6,-71
1754124324.3554602,11,2,-60
1754124324.39346,3,0,-57
1754124324.42946,2,1,-60
1754124324.46646,6,0,-68
1754124324.50546,-2,-7,-65
1754124324.54346,-7,-11,-58
1754124324.58046,-3,-2,-61
1754124324.6184602,-1,-3,-67
1754124324.65646,-2,-2,-71
1754124324.69546,-3,-5,-63
1754124324.73146,-2,0,-79
1754124324.7694602,-9,-3,-84
1754124324.80646,-2,8,-65
1754124324.8454602,-6,3,-70
1754124324.8814602,-4,-1,-73
1754124324.91946,9,0,-71
1754124324.9574602,7,1,-75
1754124324.99546,2,6,-76
1754124325.03446,0,0,-63
1754124325.07046,3,5,-61
1754124325.10746,-2,0,-45
1754124325.14546,0,9,-60
1754124325.1844602,2,8,-57
1754124325.2204602,2,-2,-62
1754124325.25846,4,-2,-69
1754124325.2964602,0,0,-55
1754124325.3354602,-3,7,-55
1754124325.3714602,-9,2,-63
1754124325.40946,6,1,-65
1754124325.4474602,0,3,-57
1754124325.4864602,-8,-5,-72
1754124325.52446,-2,-9,-75
1754124325.56046,-6,-4,-66
1754124325.5984602,0,-4,-67
1754124325.63646,-3,2,-64
1754124325.67546,0,1,-57
1754124325.71146,-1,6,-65
1754124325.74846,5,-1,-67
1754124325.7864602,-3,5,-64
1754124325.8254602,5,4,-61
1754124325.8614602,3,-7,-53
1754124325.89946,3,0,-63
1754124325.9374602,0,0,-68
1754124325.97646,0,-2,-62
1754124326.01446,4,-5,-62
1754124326.05046,3,-4,-68
1754124326.0884602,-7,1,-62
1754124326.12646,-4,-2,-57
1754124326.16546,-5,-4,-59
1754124326.20146,7,-3,-52
1754124326.23946,3,-6,-62
1754124326.27846,4,-8,-56
1754124326.31646,-4,-8,-64
1754124326.35446,1,-2,-64
1754124326.39046,1,1,-61
1754124326.42846,-1,-2,-58
1754124326.47146,-2,-2,-69
1754124326.5094602,5,4,-64
1754124326.54846,-3,2,-69
1754124326.58646,-1,4,-65
1754124326.62446,4,2,-64
1754124326.66046,6,7,-61
1754124326.69846,-4,-1,-66
1754124326.73746,-2,0,-65
1754124326.77546,-2,1,-66
1754124326.81146,-1,1,-64
1754124326.84946,-1,5,-62
1754124326.88746,0,0,-60
1754124326.92646,0,-2,-51
1754124326.96246,2,-3,-58
1754124327.00046,11,-3,-56
1754124327.03846,-1,0,-66
1754124327.07646,-6,-2,-71
1754124327.1154602,-4,-1,-60
1754124327.1514602,0,3,-61
1754124327.18946,3,1,-57
1754124327.22846,4,0,-62
1754124327.2664602,0,0,-61
1754124327.3024602,-1,-4,-64
1754124327.34046,1,-3,-54
1754124327.3784602,0,3,-69
1754124327.41646,2,0,-62
1754124327.45546,0,-4,-71
1754124327.49146,4,2,-61
1754124327.52846,-6,4,-53
1754124327.56646,0,0,-62
1754124327.6054602,-5,-1,-58
1754124327.6414602,0,-3,-61
1754124327.67946,-3,0,-67
1754124327.7174602,0,0,-54
1754124327.7564602,3,3,-70
1754124327.7924602,-2,6,-65
1754124327.83046,3,4,-72
1754124327.8684602,6,-4,-70
1754124327.9074602,-3,-3,-69
1754124327.94546,1,-5,-63
1754124327.98146,1,0,-75
1754124328.01846,3,3,-64
1754124328.05746,-4,-2,-71
1754124328.0954602,-7,2,-69
1754124328.1314602,-2,5,-64
1754124328.16946,7,0,-65
1754124328.20846,1,1,-65
1754124328.2464602,0,7,-59
1754124328.2824602,1,2,-63
1754124328.3194602,5,-2,-60
1754124328.3584602,0,2,-63
1754124328.39646,1,0,-55
1754124328.43246,1,3,-62
1754124328.46946,4,-3,-64
1754124328.50746,-1,-2,-59
1754124328.5464602,-3,-3,-67
1754124328.5824602,-3,-1,-59
1754124328.62046,0,-3,-63
1754124328.65846,0,0,-52
1754124328.6974602,-3,-5,-50
1754124328.73546,-3,-3,-60
1754124328.77146,-7,-8,-61
1754124328.8094602,-3,0,-66
1754124328.84746,1,2,-62
1754124328.88646,1,6,-53
1754124328.92246,4,0,-66
1754124328.95946,2,4,-70
1754124328.99746,2,2,-68
1754124329.0364602,3,2,-80
1754124329.0724602,4,1,-64
1754124329.10946,-6,1,-57
1754124329.14746,5,1,-61
1754124329.18646,3,-6,-60
1754124329.22246,1,-5,-61
1754124329.26046,5,0,-69
1754124329.29846,0,-3,-64
1754124329.33746,-5,-1,-61
1754124329.37346,0,2,-59
1754124329.41046,2,-1,-62
1754124329.44846,7,4,-49
1754124329.48746,1,2,-59
1754124329.52346,1,2,-56
1754124329.56046,-1,0,-59
1754124329.5984602,-3,-7,-57
1754124329.63746,0,-9,-45
1754124329.67346,-1,0,-56
1754124329.71146,0,0,-61
1754124329.75046,-6,-8,-71
1754124329.78746,0,-10,-68
1754124329.82646,-4,0,-68
1754124329.86346,-5,7,-72
1754124329.90046,-3,-3,-68
1754124329.93946,-6,-1,-63
1754124329.97746,-1,-3,-68
1754124330.0134602,-4,-3,-59
1754124330.05146,-3,-2,-61
1754124330.08946,-1,0,-61
1754124330.12746,-5,0,-52
1754124330.16646,1,-6,-59
1754124330.20246,0,0,-66
1754124330.23946,0,-4,-66
1754124330.27846,1,-6,-63
1754124330.31646,3,3,-61
1754124330.35246,6,0,-70
1754124330.38946,-1,1,-67
1754124330.42846,-4,5,-71
1754124330.46646,0,-4,-58
1754124330.50246,-2,-5,-62
1754124330.54046,-6,0,-54
1754124330.57846,0,1,-63
1754124330.61746,0,1,-65
1754124330.65346,-2,-7,-65
1754124330.69146,-4,-7,-70
1754124330.7304602,-2,-8,-66
1754124330.76846,1,-10,-61
1754124330.80646,-1,0,-55
1754124330.8424602,-3,4,-52
1754124330.88046,3,6,-42
1754124330.91846,0,3,-65
1754124330.95646,-7,-1,-58
1754124330.99246,2,1,-58
1754124331.0294602,2,0,-66
1754124331.06846,0,-2,-66
1754124331.10646,5,3,-74
1754124331.14246,0,0,-59
1754124331.17946,1,-5,-61
1754124331.21846,-3,2,-55
1754124331.2564602,0,1,-43
1754124331.2924602,-1,1,-45
1754124331.33046,3,3,-60
1754124331.3684602,-2,0,-57
1754124331.4074602,1,1,-56
1754124331.44346,5,10,-60
1754124331.4804602,-7,8,-60
1754124331.51846,5,0,-55
1754124331.55746,0,5,-61
1754124331.59346,-1,0,-73
1754124331.63046,-2,-2,-73
1754124331.66846,0,-5,-63
1754124331.7074602,3,1,-69
1754124331.7434602,2,-5,-71
1754124331.78146,2,-6,-61
1754124331.8194602,8,-3,-59
1754124331.8584602,0,0,-67
1754124331.8944602,-5,-1,-60
1754124331.93246,-5,6,-59
1754124331.9704602,0,9,-59
1754124332.00846,-11,-4,-57
1754124332.04746,-1,-3,-61
1754124332.08346,-3,-5,-63
1754124332.1214602,0,0,-68
1754124332.16046,-2,-2,-67
1754124332.19846,6,-1,-71
1754124332.23446,7,1,-63
1754124332.27146,-3,6,-60
1754124332.31046,3,1,-65
1754124332.3484602,3,-6,-71
1754124332.3844602,11,-5,-67
1754124332.42346,8,0,-65
1754124332.4604602,10,-5,-66
1754124332.49946,2,-1,-53
1754124332.53746,2,-2,-54
1754124332.57346,3,-4,-62
1754124332.6114602,-1,0,-67
1754124332.64946,4,-4,-65
1754124332.68846,6,-3,-65
1754124332.72446,4,-3,-65
1754124332.76146,-1,-1,-65
1754124332.7994602,-9,2,-61
1754124332.8384602,0,1,-60
1754124332.87446,-2,-4,-74
1754124332.91246,1,0,-83
1754124332.95146,2,-2,-65
1754124332.98946,-2,4,-59
1754124333.02746,0,1,-61
1754124333.06446,-3,-1,-60
1754124333.10146,-3,1,-44
1754124333.14046,-4,-5,-65
1754124333.17846,-6,-3,-57
1754124333.21446,-4,-7,-62
1754124333.25246,-2,-1,-68
1754124333.29046,-3,0,-66
1754124333.32946,-10,-6,-75
1754124333.36746,0,-2,-63
1754124333.40346,-8,-2,-64
1754124333.44146,-3,-10,-70
1754124333.47946,3,0,-60
1754124333.51846,-3,2,-72
1754124333.55546,3,5,-65
1754124333.5924602,0,6,-65
1754124333.6314602,-2,8,-54
1754124333.66946,-1,-1,-61
1754124333.7074602,4,2,-64
1754124333.7434602,-1,-4,-61
1754124333.78146,0,-3,-54
1754124333.8194602,-3,1,-63
1754124333.8584602,-2,-4,-65
1754124333.8944602,-8,-1,-66
1754124333.93246,-2,-1,-58
1754124333.9704602,-2,-3,-55
1754124334.0094602,-1,-2,-57
1754124334.04546,0,0,-61
1754124334.08346,-1,-1,-59
1754124334.1214602,-2,5,-60
1754124334.16046,-5,-7,-61
1754124334.19846,0,-5,-54
1754124334.23446,2,-5,-66
1754124334.27146,1,-4,-63
1754124334.31046,0,4,-69
1754124334.3484602,-1,2,-63
1754124334.3844602,2,-4,-74
1754124334.4214602,-9,0,-67
1754124334.45946,-8,-4,-67
1754124334.49846,-2,0,-66
1754124334.53446,0,-4,-67
1754124334.5724602,-2,1,-67
1754124334.60946,2,5,-61
1754124334.64846,8,4,-65
1754124334.6844602,0,0,-75
1754124334.72246,-2,3,-69
1754124334.76046,-2,3,-62
1754124334.79846,0,0,-67
1754124334.83446,0,-3,-68
1754124334.87246,-3,-4,-63
1754124334.91046,-4,-3,-67
1754124334.94846,0,3,-58
1754124334.98446,0,3,-54
1754124335.02246,-1,-1,-69
1754124335.06046,0,-3,-65
1754124335.0984602,4,0,-59
1754124335.1344602,9,0,-64
1754124335.1714602,1,-1,-63
1754124335.2104602,0,-4,-66
1754124335.24846,4,-8,-66
1754124335.28446,9,2,-55
1754124335.32146,-4,0,-55
1754124335.36046,-5,0,-53
1754124335.39846,1,5,-61
1754124335.4344602,-4,-3,-66
1754124335.47246,-4,0,-72
1754124335.51146,5,-7,-71
1754124335.5494602,1,-4,-62
1754124335.5854602,1,-2,-54
1754124335.62246,4,-3,-57
1754124335.6614602,0,1,-60
1754124335.69946,5,-5,-61
1754124335.73546,1,-1,-75
1754124335.77446,-4,-3,-59
1754124335.81146,0,-7,-58
1754124335.85046,0,2,-56
1754124335.8884602,-3,3,-61
1754124335.9244602,2,9,-63
1754124335.96146,7,-1,-72
1754124336.00046,1,5,-64
1754124336.03846,-8,-1,-65
1754124336.0754602,1,0,-62
1754124336.11246,3,0,-64
1754124336.15046,-4,3,-54
1754124336.18946,1,4,-69
1754124336.22546,1,0,-63
1754124336.26246,3,-7,-60
1754124336.30046,-6,-14,-62
1754124336.33946,-11,-6,-70
1754124336.37546,1,-1,-64
1754124336.41346,3,1,-56
1754124336.45246,1,0,-63
1754124336.49546,0,-2,-67
1754124336.53346,3,-2,-65
1754124336.57146,4,-1,-67
1754124336.61046,0,-2,-62
1754124336.64646,3,0,-66
1754124336.6844602,1,-3,-67
1754124336.72246,0,1,-64
1754124336.76146,0,-1,-76
1754124336.7994602,-1,-1,-68
1754124336.8354602,5,-1,-68
1754124336.87446,0,3,-69
1754124336.9114602,0,2,-62
1754124336.9504602,0,1,-74
1754124336.9864602,8,-3,-66
1754124337.02446,-1,0,-72
1754124337.0624602,-7,0,-61
1754124337.10146,-7,-1,-57
1754124337.13946,-1,2,-58
1754124337.17546,3,5,-60
1754124337.21246,-1,5,-68
1754124337.25146,4,0,-71
1754124337.2894602,-2,-5,-55
1754124337.3254602,-7,1,-61
1754124337.36346,-8,4,-67
1754124337.4014602,-12,-1,-67
1754124337.4404602,0,-5,-70
1754124337.47646,1,-5,-65
1754124337.51546,-5,-1,-69
1754124337.5524602,-1,2,-64
1754124337.59146,0,-1,-65
1754124337.62946,0,-1,-61
1754124337.66546,-4,-2,-61
1754124337.70346,-2,0,-58
1754124337.74146,3,4,-65
1754124337.78046,2,0,-80
1754124337.81646,0,-3,-77
1754124337.85446,-3,-5,-69
1754124337.89246,7,-3,-67
1754124337.93146,0,-8,-60
1754124337.96946,0,-8,-71
1754124338.00546,1,-5,-64
1754124338.04346,0,0,-55
1754124338.08146,-2,-3,-55
1754124338.12046,-1,-5,-57
1754124338.15646,2,-3,-65
1754124338.19546,2,-2,-56
1754124338.23246,2,-3,-55
1754124338.27146,0,-1,-59
1754124338.3094602,-1,-3,-57
1754124338.3454602,-1,-2,-59
1754124338.38346,-10,1,-55
1754124338.4214602,1,1,-51
1754124338.4604602,0,-2,-62
1754124338.4964602,4,-1,-56
1754124338.53446,4,1,-62
1754124338.57346,7,5,-60
1754124338.6114602,1,-2,-70
1754124338.64746,0,-1,-60
1754124338.68646,-3,-5,-71
1754124338.7234602,0,4,-78
1754124338.76146,-4,4,-66
1754124338.80046,-6,-2,-74
1754124338.83646,-5,4,-72
1754124338.87346,-2,0,-62
1754124338.9114602,2,-6,-78
1754124338.9504602,1,2,-62
1754124338.9864602,0,-2,-66
1754124339.02446,-2,-1,-55
1754124339.0624602,5,2,-61
1754124339.10146,0,0,-57
1754124339.13746,4,2,-61
1754124339.17546,-3,0,-59
1754124339.21246,-6,4,-54
1754124339.25146,-7,5,-48
1754124339.28746,-6,-1,-63
1754124339.3254602,0,-3,-67
1754124339.36346,0,-2,-69
1754124339.40246,11,-2,-62
1754124339.4404602,6,-2,-59
1754124339.47646,9,0,-74
1754124339.5134602,7,-6,-75
1754124339.5524602,2,-6,-62
1754124339.59046,-6,-8,-64
1754124339.62646,-6,-9,-70
1754124339.6644602,0,-8,-72
1754124339.70246,3,-4,-62
1754124339.74146,1,-3,-69
1754124339.77746,0,-2,-61
1754124339.81646,0,-2,-63
1754124339.85346,2,-4,-64
1754124339.89246,3,-8,-63
1754124339.93046,1,-2,-68
1754124339.96646,2,-2,-66
1754124340.0034602,3,-2,-63
1754124340.0424602,-1,-1,-57
1754124340.08046,0,0,-70
1754124340.11646,-3,1,-75
1754124340.15346,2,0,-73
1754124340.19246,-1,-3,-70
1754124340.2304602,0,-6,-59
1754124340.2664602,0,-3,-66
1754124340.30446,0,-6,-70
1754124340.3424602,-1,-4,-80
1754124340.3814602,1,-1,-66
1754124340.4174602,2,4,-60
1754124340.45546,2,4,-59
1754124340.4934602,0,2,-66
1754124340.5324602,1,3,-59
1754124340.57046,6,-4,-66
1754124340.60646,4,-5,-74
1754124340.6444602,1,0,-71
1754124340.68246,-2,-4,-57
1754124340.72146,0,-7,-58
1754124340.75746,-1,-4,-65
1754124340.79546,-2,5,-68
1754124340.83346,-3,0,-65
1754124340.87246,0,-4,-60
1754124340.90846,1,4,-66
1754124340.94546,6,-5,-61
1754124340.9834602,-4,-4,-59
1754124341.02246,0,-7,-60
1754124341.05846,-2,-7,-55
1754124341.09646,-7,-5,-54
1754124341.1344602,1,3,-65
1754124341.17246,1,4,-69
1754124341.21146,-8,1,-70
1754124341.24746,-7,7,-69
1754124341.28546,0,3,-66
1754124341.32346,0,-4,-67
1754124341.36246,-4,-5,-66
1754124341.39846,-5,-6,-71
1754124341.43646,-7,-3,-63
1754124341.47546,-2,-2,-58
1754124341.51246,5,-2,-61
1754124341.55146,-2,0,-55
1754124341.58746,1,-1,-67
1754124341.62546,5,-1,-66
1754124341.66346,9,-4,-61
1754124341.70246,4,-7,-56
1754124341.73846,1,-3,-73
1754124341.7764602,0,-7,-58
1754124341.81446,6,-1,-58
1754124341.85346,-4,1,-50
1754124341.8914602,-9,0,-61
1754124341.92846,-1,3,-76
1754124341.96646,0,1,-65
1754124342.0034602,0,-7,-62
1754124342.0424602,0,-2,-64
1754124342.07846,7,-1,-66
1754124342.1154602,0,0,-76
1754124342.15346,0,-5,-71
1754124342.19246,3,0,-70
1754124342.22846,0,-2,-65
1754124342.26546,-4,-4,-50
1754124342.30346,0,1,-64
1754124342.3424602,0,2,-75
1754124342.3784602,-3,-1,-72
1754124342.41646,-5,0,-75
1754124342.45446,-5,-4,-78
1754124342.4934602,-2,1,-71
1754124342.53146,-1,0,-62
1754124342.56746,-1,-2,-73
1754124342.6054602,2,-6,-59
1754124342.64346,0,-7,-50
1754124342.68246,2,-1,-56
1754124342.71846,-1,5,-57
1754124342.7564602,1,-1,-66
1754124342.79446,-4,6,-61
1754124342.83346,3,7,-62
1754124342.8714602,1,6,-53
1754124342.9074602,7,-2,-57
1754124342.94646,4,7,-71
1754124342.9834602,3,3,-62
1754124343.02246,3,5,-59
1754124343.0594602,1,1,-64
1754124343.09646,0,1,-64
1754124343.1344602,3,4,-63
1754124343.17346,1,5,-68
1754124343.20946,0,6,-67
1754124343.24746,-1,2,-52
1754124343.28546,0,-10,-63
1754124343.32346,1,-5,-55
1754124343.36246,5,1,-59
1754124343.39846,1,6,-67
1754124343.43546,-1,-5,-64
1754124343.47446,-3,-1,-53
1754124343.51246,1,6,-60
1754124343.54846,-5,6,-63
1754124343.58646,-1,1,-66
1754124343.62446,-3,-1,-67
1754124343.66346,4,0,-54
1754124343.7004602,0,-2,-56
1754124343.73746,-5,-3,-68
1754124343.77546,0,0,-64
1754124343.81346,1,0,-69
1754124343.85246,-6,-5,-60
1754124343.8884602,-4,-4,-52
1754124343.92646,-8,1,-57
1754124343.96446,0,0,-59
1754124344.0034602,4,-6,-66
1754124344.0394602,0,0,-64
1754124344.07646,0,-5,-63
1754124344.11446,0,-2,-60
1754124344.15346,1,0,-75
1754124344.18946,-2,1,-71
1754124344.22646,7,-7,-67
1754124344.26446,1,0,-63
1754124344.30346,3,-6,-77
1754124344.33946,-2,0,-76
1754124344.37646,-3,-3,-65
1754124344.41546,-3,4,-67
1754124344.45346,3,3,-59
1754124344.48946,4,-7,-56
1754124344.5264602,5,-10,-53
1754124344.56446,5,2,-44
1754124344.60346,3,0,-56
1754124344.63946,10,-3,-64
1754124344.6774602,1,-2,-60
1754124344.71546,2,-4,-61
1754124344.75446,7,-2,-66
1754124344.7924602,3,-3,-57
1754124344.82846,3,-1,-53
1754124344.86646,7,-2,-45
1754124344.9044602,3,1,-56
1754124344.94346,-2,-1,-64
1754124344.97946,-5,6,-60
1754124345.01746,2,5,-58
1754124345.05546,1,1,-55
1754124345.09446,5,-1,-59
1754124345.13246,-2,-5,-69
1754124345.16846,0,0,-69
1754124345.20646,-6,-3,-61
1754124345.24446,-6,1,-62
1754124345.28346,-8,-2,-52
1754124345.3194602,-10,-10,-49
1754124345.35746,-6,-3,-53
1754124345.39646,1,2,-62
1754124345.4344602,0,-5,-56
1754124345.4704602,5,-3,-70
1754124345.50746,-3,-3,-61
1754124345.5464602,0,-1,-61
1754124345.58446,-11,-5,-50
1754124345.62046,-9,-11,-58
1754124345.65946,-2,-2,-49
1754124345.69646,-6,0,-49
1754124345.73446,-4,-2,-61
1754124345.77346,0,1,-64
1754124345.8094602,4,0,-60
1754124345.84646,4,1,-70
1754124345.8844602,0,-3,-73
1754124345.92346,0,4,-70
1754124345.95946,0,2,-71
1754124345.9964602,-4,-4,-66
1754124346.03446,3,-1,-66
1754124346.07346,-3,-4,-70
1754124346.10946,0,-2,-59
1754124346.14746,-1,-1,-57
1754124346.18546,-5,5,-60
1754124346.22446,1,5,-61
1754124346.26046,0,-1,-58
1754124346.29846,-11,-1,-74
1754124346.33746,1,2,-70
1754124346.37546,4,-1,-64
1754124346.41346,2,-1,-64
1754124346.44946,4,-1,-61
1754124346.48746,-3,0,-74
1754124346.53346,-8,3,-65
1754124346.5694602,-1,0,-61
1754124346.60746,0,-1,-53
1754124346.64646,-4,-1,-61
1754124346.6844602,4,1,-56
1754124346.7204602,-1,-6,-56
1754124346.75846,6,-3,-72
1754124346.7964602,4,-4,-67
1754124346.8354602,4,-5,-58
1754124346.87346,6,-3,-60
1754124346.90946,0,-2,-61
1754124346.9474602,-5,-1,-64
1754124346.9864602,-4,6,-61
1754124347.02446,3,5,-70
1754124347.06046,0,6,-75
1754124347.09746,3,5,-66
1754124347.13546,0,4,-71
1754124347.1744602,-1,7,-64
1754124347.2104602,4,-7,-64
1754124347.24746,-9,-4,-56
1754124347.28546,-5,-6,-57
1754124347.32446,-7,0,-50
1754124347.36046,0,-1,-67
1754124347.39746,-9,3,-59
1754124347.43546,-6,3,-63
1754124347.47446,3,1,-63
1754124347.51046,-3,-2,-72
1754124347.54846,0,-1,-63
1754124347.58646,5,-3,-68
1754124347.62546,1,1,-67
1754124347.6614602,3,2,-65
1754124347.69946,-5,3,-70
1754124347.73746,0,1,-69
1754124347.7764602,0,5,-63
1754124347.81446,2,1,-55
1754124347.85046,8,1,-58
1754124347.88746,-1,0,-54
1754124347.92646,1,1,-65
1754124347.96446,2,4,-64
1754124348.00046,0,7,-64
1754124348.03846,-7,8,-67
1754124348.07646,-5,5,-55
1754124348.1154602,5,5,-55
1754124348.1514602,6,9,-56
1754124348.18846,6,3,-69
1754124348.22646,7,8,-67
1754124348.26546,-1,0,-52
1754124348.30146,3,0,-56
1754124348.3384602,2,-3,-66
1754124348.37646,0,-1,-66
1754124348.41546,-2,-1,-61
1754124348.45146,-8,5,-56
1754124348.48946,0,1,-52
1754124348.52746,-8,1,-61
1754124348.56646,-3,1,-61
1754124348.60446,2,0,-68
1754124348.64046,0,0,-65
1754124348.67846,3,0,-65
1754124348.71646,-8,-2,-63
1754124348.75546,-4,0,-73
1754124348.79146,5,1,-69
1754124348.82846,7,6,-68
1754124348.86646,5,1,-68
1754124348.90546,0,6,-64
1754124348.94146,0,5,-64
1754124348.97846,-3,0,-66
1754124349.0164602,-2,3,-52
1754124349.05546,-1,5,-57
1754124349.09146,-6,6,-63
1754124349.13046,-5,3,-60
1754124349.1674602,0,5,-61
1754124349.20646,-2,-3,-67
1754124349.24446,1,0,-67
1754124349.28046,1,2,-61
1754124349.31746,-5,1,-62
1754124349.35646,-4,0,-61
1754124349.3944602,1,-1,-66
1754124349.43046,-2,0,-75
1754124349.46846,-2,5,-72
1754124349.5064602,3,4,-71
1754124349.54546,8,-1,-77
1754124349.58146,0,0,-66
1754124349.6184602,3,-8,-60
1754124349.65646,10,-7,-66
1754124349.69546,5,-3,-66
1754124349.73146,-1,-5,-69
1754124349.7694602,0,-1,-65
1754124349.80746,2,-3,-65
1754124349.84646,5,-4,-54
1754124349.88246,-5,-2,-53
1754124349.9214602,-3,3,-56
1754124349.95846,4,6,-53
1754124349.9964602,-4,0,-62
1754124350.03546,-4,1,-54
1754124350.07146,3,0,-72
1754124350.1084602,1,2,-65
1754124350.14746,3,0,-54
1754124350.18546,6,-6,-59
1754124350.22146,3,-7,-65
1754124350.25846,7,-5,-65
1754124350.29746,0,-10,-60
1754124350.3354602,2,-1,-66
1754124350.3714602,-9,-5,-71
1754124350.41046,-1,0,-67
1754124350.4474602,-5,2,-57
1754124350.4864602,-5,2,-57
1754124350.52246,0,0,-61
1754124350.56046,-7,1,-54
1754124350.59746,2,-2,-58
1754124350.63646,-5,0,-68
1754124350.67246,-4,4,-71
1754124350.7104602,-2,1,-75
1754124350.74746,0,5,-68
1754124350.7864602,0,0,-65
1754124350.8224602,-2,-3,-59
1754124350.86046,-2,-1,-68
1754124350.89846,-2,0,-67
1754124350.9374602,-3,-6,-65
1754124350.97546,-2,-3,-60
1754124351.01146,-6,-1,-65
1754124351.0494602,5,-2,-67
1754124351.0884602,2,4,-57
1754124351.12646,1,-1,-61
1754124351.16346,0,-4,-60
1754124351.20146,5,-2,-67
1754124351.23846,6,-1,-54
1754124351.27746,2,-2,-65
1754124351.3154602,2,0,-51
1754124351.35146,-1,-2,-62
1754124351.38946,-2,-5,-62
1754124351.4274602,8,0,-65
1754124351.46646,9,-6,-71
1754124351.50246,8,-6,-56
1754124351.5394602,3,-3,-63
1754124351.57746,-6,-1,-62
1754124351.61646,-1,0,-66
1754124351.65246,4,0,-70
1754124351.68946,0,-4,-72
1754124351.72746,-3,0,-83
1754124351.7664602,-1,-4,-60
1754124351.8024602,7,4,-64
1754124351.83946,-1,1,-62
1754124351.87746,5,-1,-65
1754124351.91646,7,5,-65
1754124351.95246,1,5,-70
1754124351.98946,3,3,-64
1754124352.02746,0,1,-48
1754124352.06646,1,3,-67
1754124352.10246,-4,3,-73
1754124352.14046,2,0,-62
1754124352.17846,-4,6,-73
1754124352.2174602,-3,2,-66
1754124352.25546,-1,0,-67
1754124352.2924602,1,0,-69
1754124352.32946,0,-7,-71
1754124352.36746,-1,-2,-66
1754124352.40646,0,3,-61
1754124352.44246,2,3,-63
1754124352.47946,-2,-5,-72
1754124352.51846,-1,-2,-61
1754124352.55646,-5,-2,-62
1754124352.5924602,2,-4,-57
1754124352.6314602,-1,-4,-58
1754124352.66846,0,2,-56
1754124352.7074602,6,1,-57
1754124352.74446,4,-1,-53
1754124352.78146,6,0,-64
1754124352.8194602,0,-2,-55
1754124352.85746,-6,-6,-57
1754124352.89646,-6,1,-60
1754124352.93246,-4,-1,-53
1754124352.9704602,-2,-1,-59
1754124353.0094602,-1,1,-65
1754124353.04746,-5,-4,-65
1754124353.08346,0,-3,-67
1754124353.12046,-1,0,-54
1754124353.15846,2,-4,-65
1754124353.1974602,1,-1,-63
1754124353.2334602,5,3,-58
1754124353.27046,4,-6,-64
1754124353.30846,1,2,-73
1754124353.34746,6,0,-64
1754124353.38346,0,0,-66
1754124353.42046,3,5,-57
1754124353.45846,4,3,-57
1754124353.49746,-4,1,-60
1754124353.53346,-2,0,-56
1754124353.5724602,-3,4,-72
1754124353.60946,-7,5,-65
1754124353.64846,0,0,-59
1754124353.68646,3,-1,-70
1754124353.72246,-9,-2,-57
1754124353.76146,-11,-5,-61
1754124353.79846,-4,-5,-60
1754124353.83746,-7,-5,-57
1754124353.87346,-6,0,-55
1754124353.9114602,1,9,-54
1754124353.94946,-2,-1,-63
1754124353.98846,-5,-7,-57
1754124354.0264602,3,-4,-59
1754124354.0624602,6,-1,-61
1754124354.10046,4,4,-64
1754124354.13946,5,-2,-57
1754124354.1774602,-3,-2,-64
1754124354.2134602,-6,0,-70
1754124354.25146,-4,5,-63
1754124354.2894602,0,2,-65
1754124354.32846,0,1,-63
1754124354.36446,0,0,-57
1754124354.40246,0,5,-54
1754124354.43946,-4,1,-59
1754124354.47846,-12,-7,-69
1754124354.51446,-3,-2,-62
1754124354.5524602,0,0,-62
1754124354.59046,1,0,-66
1754124354.6284602,-1,-1,-65
1754124354.6674602,-3,-5,-60
1754124354.70346,-4,-3,-59
1754124354.74146,-1,8,-61
1754124354.7794602,0,2,-69
1754124354.81846,0,1,-73
1754124354.8554602,-9,1,-73
1754124354.89246,-8,-5,-68
1754124354.93046,5,-2,-64
1754124354.96946,1,-6,-71
1754124355.00746,-3,-6,-65
1754124355.04346,-3,-2,-56
1754124355.08146,-5,1,-61
1754124355.11946,2,3,-64
1754124355.15846,-3,-1,-70
1754124355.1944602,-4,-2,-70
1754124355.23246,-5,4,-63
1754124355.27046,0,0,-60
1754124355.30846,-4,-4,-64
1754124355.34746,4,8,-62
1754124355.38346,0,0,-59
1754124355.4214602,-6,1,-63
1754124355.4604602,-1,4,-63
1754124355.49846,-2,1,-63
1754124355.53446,0,-4,-67
1754124355.57346,-1,-7,-65
1754124355.61046,2,-2,-70
1754124355.64946,-8,0,-66
1754124355.6874602,-1,0,-66
1754124355.7234602,-3,-1,-70
1754124355.76146,1,-5,-59
1754124355.7994602,-1,-1,-66
1754124355.8384602,0,1,-71
1754124355.87446,0,3,-72
1754124355.9114602,4,-4,-75
1754124355.94946,8,0,-76
1754124355.98846,3,1,-63
1754124356.02446,11,3,-55
1754124356.0624602,-1,2,-59
1754124356.09946,-4,-4,-63
1754124356.1384602,-4,-7,-62
1754124356.1744602,-4,0,-66
1754124356.21246,-1,-5,-69
1754124356.24946,0,-5,-68
1754124356.28846,-2,-7,-73
1754124356.32446,0,-5,-72
1754124356.36246,0,-5,-60
1754124356.39946,-2,-4,-58
1754124356.43846,-3,-6,-68
1754124356.47446,1,-2,-69
1754124356.51246,4,-9,-73
1754124356.55746,1,4,-64
1754124356.59346,4,-3,-60
1754124356.63246,4,-7,-64
1754124356.67046,-3,-6,-71
1754124356.70846,-6,3,-69
1754124356.74446,-5,0,-66
1754124356.7824602,0,-2,-54
1754124356.82046,4,-4,-67
1754124356.85946,4,0,-63
1754124356.89546,-3,2,-69
1754124356.93346,-9,-2,-72
1754124356.97146,-2,-8,-70
1754124357.0094602,0,-5,-81
1754124357.04846,1,-4,-73
1754124357.08446,2,-8,-76
1754124357.12346,-1,-5,-59
1754124357.1614602,-6,-5,-63
1754124357.19946,-4,-2,-59
1754124357.23546,-5,-4,-61
1754124357.27346,0,1,-58
1754124357.3124602,-2,-1,-67
1754124357.34946,5,0,-61
1754124357.3884602,2,-4,-69
1754124357.4244602,4,-6,-66
1754124357.46246,4,1,-68
1754124357.50046,2,-3,-69
1754124357.5394602,-1,-4,-65
1754124357.5754602,-1,-4,-64
1754124357.61346,-3,4,-65
1754124357.6514602,3,3,-64
1754124357.6904602,0,2,-59
1754124357.72846,0,-1,-59
1754124357.76446,4,-4,-55
1754124357.8024602,4,-5,-57
1754124357.84046,-6,1,-67
1754124357.87946,0,-4,-65
1754124357.91546,6,-2,-65
1754124357.95246,3,0,-73
1754124357.9904602,0,0,-81
1754124358.0294602,1,1,-66
1754124358.0654602,-7,3,-59
1754124358.10346,-4,1,-66
1754124358.1414602,0,-6,-62
1754124358.18046,0,-10,-59
1754124358.21846,3,-11,-58
1754124358.25446,3,-10,-56
1754124358.2924602,7,-2,-46
1754124358.33046,7,-9,-61
1754124358.36946,3,-7,-65
1754124358.40646,3,-3,-61
1754124358.44346,-2,-7,-53
1754124358.48146,1,-9,-55
1754124358.52046,-2,-5,-69
1754124358.55846,-1,0,-60
1754124358.59446,-6,-3,-58
1754124358.63346,-2,2,-63
1754124358.67046,0,-2,-67
1754124358.70946,-4,-2,-69
1754124358.74546,-4,1,-58
1754124358.78346,5,-3,-66
1754124358.82146,5,3,-49
1754124358.86046,4,0,-66
1754124358.89846,3,0,-77
1754124358.9344602,4,1,-63
1754124358.97146,0,-1,-67
1754124359.01046,1,1,-63
1754124359.0464602,6,-1,-59
1754124359.08446,1,2,-55
1754124359.12246,1,-7,-64
1754124359.16046,3,-2,-71
1754124359.19946,0,-8,-60
1754124359.23546,9,-4,-55
1754124359.27446,0,-5,-60
1754124359.31146,1,-4,-59
1754124359.35046,7,-4,-64
1754124359.38646,0,2,-59
1754124359.42346,-3,1,-63
1754124359.46146,-6,0,-62
1754124359.50046,-8,-1,-68
1754124359.5364602,-8,0,-70
1754124359.57446,-2,-1,-65
1754124359.61346,-5,0,-67
1754124359.65046,-1,-6,-64
1754124359.68946,-2,-4,-56
1754124359.72546,2,3,-61
1754124359.7634602,1,0,-69
1754124359.80046,3,-3,-67
1754124359.83946,-6,-3,-63
1754124359.87546,-3,3,-59
1754124359.91346,2,-1,-64
1754124359.95146,2,2,-73
1754124359.9904602,-2,0,-60
1754124360.0264602,-1,-5,-62
1754124360.06446,1,-1,-62
1754124360.10246,-3,5,-74
1754124360.1414602,-1,0,-72
1754124360.17946,-8,6,-65
1754124360.21546,0,6,-66
1754124360.2534602,0,-1,-65
1754124360.29146,-7,-5,-60
1754124360.33046,0,2,-65
1754124360.36646,-2,-1,-63
1754124360.4044602,-9,2,-68
1754124360.44246,-4,-6,-61
1754124360.48146,-1,-4,-62
1754124360.5194602,3,2,-71
1754124360.55546,9,-1,-67
1754124360.59346,8,-7,-61
1754124360.6314602,6,-4,-64
1754124360.67046,4,2,-67
1754124360.7074602,-2,-1,-71
1754124360.74446,0,-4,-62
1754124360.7824602,3,0,-60
1754124360.82146,0,0,-65
1754124360.85946,1,-1,-53
1754124360.89546,2,0,-53
1754124360.93246,0,0,-56
1754124360.97146,1,-2,-70
1754124361.0094602,0,-8,-69
1754124361.04546,-4,2,-67
1754124361.08446,3,3,-57
1754124361.12246,2,0,-72
1754124361.16046,3,-2,-63
1754124361.1974602,1,-6,-62
1754124361.23446,-7,-3,-68
1754124361.27246,0,0,-63
1754124361.31146,6,0,-60
1754124361.34746,0,5,-60
1754124361.3844602,-6,0,-61
1754124361.42246,-7,-1,-54
1754124361.46146,-4,-3,-68
1754124361.49746,-4,-3,-61
1754124361.53546,0,-3,-68
1754124361.57346,-3,1,-63
1754124361.6114602,2,-2,-64
1754124361.65046,2,4,-72
1754124361.68646,-1,0,-69
1754124361.72546,-5,0,-60
1754124361.76246,-4,0,-60
1754124361.80146,-7,0,-63
1754124361.83746,0,-3,-59
1754124361.87546,4,-3,-56
1754124361.9144602,1,5,-65
1754124361.95146,0,-1,-57
1754124361.9904602,-4,5,-54
1754124362.0264602,-2,-2,-58
1754124362.06446,9,4,-59
1754124362.10246,2,-6,-55
1754124362.1414602,4,3,-57
1754124362.1774602,5,1,-59
1754124362.21446,-2,1,-51
1754124362.25246,2,-2,-57
1754124362.29146,10,2,-54
1754124362.33046,1,-1,-37
1754124362.36646,-1,4,-47
1754124362.40546,5,10,-58
1754124362.44246,0,8,-62
1754124362.48146,0,-2,-64
1754124362.51746,1,-3,-59
1754124362.55546,3,3,-66
1754124362.5924602,2,3,-70
1754124362.6314602,-5,5,-49
1754124362.6674602,-7,6,-65
1754124362.70546,4,1,-62
1754124362.74246,-5,4,-70
1754124362.78146,-3,6,-74
1754124362.81746,-13,8,-62
1754124362.8554602,-6,8,-57
1754124362.89346,0,3,-58
1754124362.93246,0,5,-58
1754124362.9704602,-4,-1,-62
1754124363.0064602,-1,-6,-69
1754124363.04446,-1,2,-69
1754124363.0824602,0,7,-66
1754124363.1214602,-6,-2,-71
1754124363.1574602,-11,0,-64
1754124363.19546,6,10,-64
1754124363.2334602,0,2,-73
1754124363.27246,-8,1,-57
1754124363.31046,4,-2,-58
1754124363.34646,3,3,-60
1754124363.38346,0,5,-58
1754124363.42246,0,5,-50
1754124363.4604602,2,2,-62
1754124363.4964602,9,2,-62
1754124363.53346,8,-4,-51
1754124363.5724602,-2,-5,-60
1754124363.6084602,2,0,-59
1754124363.64546,-4,6,-60
1754124363.68346,-1,-2,-59
1754124363.72246,-1,2,-70
1754124363.75846,0,0,-78
1754124363.79546,2,5,-72
1754124363.83346,-1,0,-66
1754124363.87246,0,1,-59
1754124363.90846,-1,3,-58
1754124363.94646,0,6,-55
1754124363.98546,7,-2,-76
1754124364.02246,0,3,-74
1754124364.06146,3,0,-65
1754124364.09746,0,3,-66
1754124364.13546,0,0,-63
1754124364.17346,-5,-3,-64
1754124364.21246,-6,0,-70
1754124364.24846,-4,1,-65
1754124364.28546,0,1,-59
1754124364.32346,-4,-3,-79
1754124364.36246,-1,3,-65
1754124364.39846,3,2,-76
1754124364.43546,1,-3,-59
1754124364.4734602,-1,2,-60
1754124364.51246,0,3,-64
1754124364.54846,-4,-1,-59
1754124364.58646,1,-2,-62
1754124364.62446,4,-6,-68
1754124364.66346,-2,-2,-63
1754124364.70146,0,-1,-63
1754124364.73746,-3,1,-66
1754124364.7764602,-6,-3,-60
1754124364.81346,0,-3,-59
1754124364.85246,0,3,-72
1754124364.8884602,-2,0,-73
1754124364.92646,-4,-3,-71
1754124364.96546,1,-6,-57
1754124365.0034602,2,-7,-57
1754124365.04146,-6,-5,-60
1754124365.07746,0,-7,-61
1754124365.1154602,4,4,-64
1754124365.15346,3,-1,-65
1754124365.19146,5,3,-60
1754124365.22746,4,0,-66
1754124365.26546,2,6,-71
1754124365.30346,-3,5,-63
1754124365.34146,-4,0,-58
1754124365.37746,4,-2,-63
1754124365.4144602,4,-1,-64
1754124365.45346,5,-2,-73
1754124365.49146,0,2,-62
1754124365.52746,4,5,-66
1754124365.5654602,0,0,-76
1754124365.60346,-2,-1,-69
1754124365.6414602,-4,-4,-71
1754124365.6774602,-7,-5,-54
1754124365.71546,6,-7,-66
1754124365.7534602,4,-4,-65
1754124365.7924602,7,-1,-65
1754124365.82846,0,0,-57
1754124365.8654602,6,-6,-62
1754124365.90346,0,-7,-62
1754124365.94246,3,-1,-67
1754124365.97846,1,3,-60
1754124366.01546,1,1,-69
1754124366.05346,0,-5,-72
1754124366.0924602,-3,0,-58
1754124366.1284602,-6,0,-64
1754124366.16546,6,-2,-67
1754124366.20346,3,1,-66
1754124366.24246,1,5,-58
1754124366.27846,0,-8,-62
1754124366.3154602,-2,-7,-50
1754124366.35346,3,-3,-54
1754124366.39246,-4,-6,-62
1754124366.42846,0,-7,-64
1754124366.46646,-7,4,-67
1754124366.50446,-7,-3,-57
1754124366.54346,-1,-7,-69
1754124366.58746,-1,-2,-58
1754124366.62646,-3,-5,-57
1754124366.6644602,-4,6,-70
1754124366.70246,-5,2,-62
1754124366.73846,-6,3,-65
1754124366.7764602,-2,1,-70
1754124366.81446,-4,-8,-59
1754124366.85346,0,1,-70
1754124366.89046,-9,3,-57
1754124366.9274602,-5,-1,-62
1754124366.96646,4,-4,-62
1754124367.00446,-3,0,-64
1754124367.0424602,-1,-2,-62
1754124367.07846,2,-1,-57
1754124367.11646,5,1,-70
1754124367.1544602,-3,11,-64
1754124367.19346,0,-1,-57
1754124367.22946,0,0,-59
1754124367.2664602,2,6,-59
1754124367.30446,7,2,-69
1754124367.34346,7,-3,-69
1754124367.37946,-3,-2,-60
1754124367.4174602,0,-6,-60
1754124367.45646,2,-6,-61
1754124367.49446,0,-10,-58
1754124367.5324602,-4,-11,-70
1754124367.5694602,-10,-8,-68
1754124367.60646,0,-1,-70
1754124367.6444602,-1,2,-53
1754124367.68346,-4,0,-61
1754124367.71946,0,5,-66
1754124367.7564602,1,0,-57
1754124367.79446,-1,3,-59
1754124367.83346,-5,2,-68
1754124367.86946,-2,2,-57
1754124367.90646,3,-6,-61
1754124367.9444602,1,-5,-66
1754124367.9834602,1,-7,-70
1754124368.0194602,1,0,-57
1754124368.05646,0,3,-55
1754124368.09446,1,3,-65
1754124368.13346,6,1,-55
1754124368.16946,4,0,-60
1754124368.20646,-5,1,-57
1754124368.24446,-4,1,-57
1754124368.28346,-1,-1,-59
1754124368.3194602,3,-2,-57
1754124368.35646,-4,0,-61
1754124368.3944602,1,-10,-66
1754124368.43346,7,-3,-63
1754124368.46946,7,-6,-65
1754124368.50746,0,-3,-60
1754124368.54546,-1,3,-61
1754124368.58446,1,8,-64
1754124368.62046,-4,2,-73
1754124368.65846,-6,-4,-72
1754124368.69546,1,1,-73
1754124368.73446,0,4,-58
1754124368.77046,-2,1,-61
1754124368.80846,-2,-3,-67
1754124368.84646,-2,0,-72
1754124368.8844602,2,2,-73
1754124368.92346,-2,1,-68
1754124368.95946,2,-1,-64
1754124368.99746,-4,1,-58
1754124369.03546,-2,-4,-71
1754124369.07446,-3,-1,-63
1754124369.11046,0,-3,-68
1754124369.14846,-1,-5,-78
1754124369.1874602,-4,2,-73
1754124369.22546,-1,-4,-62
1754124369.2634602,2,-9,-64
1754124369.2994602,0,0,-68
1754124369.33746,-2,-3,-68
1754124369.37546,-2,-6,-74
1754124369.41346,0,0,-68
1754124369.44946,1,1,-72
1754124369.4864602,1,1,-73
1754124369.52546,5,2,-73
1754124369.56346,1,9,-62
1754124369.59946,1,4,-64
1754124369.63646,2,0,-59
1754124369.67546,6,6,-64
1754124369.7134602,6,-3,-71
1754124369.74946,4,-3,-71
1754124369.78746,7,2,-71
1754124369.8254602,0,-1,-58
1754124369.86446,2,-6,-60
1754124369.90046,-2,-4,-57
1754124369.93846,-3,-1,-57
1754124369.97646,-2,2,-63
1754124370.01546,0,6,-63
1754124370.05346,-3,7,-64
1754124370.08946,-2,-2,-59
1754124370.12746,1,0,-77
1754124370.16546,4,-2,-67
1754124370.20446,0,0,-56
1754124370.2404602,-7,1,-58
1754124370.27846,0,7,-67
1754124370.31646,-2,-2,-62
1754124370.3554602,0,0,-68
1754124370.39346,0,0,-63
1754124370.42946,0,2,-57
1754124370.46646,-3,6,-60
1754124370.50546,-4,2,-58
1754124370.54146,-2,-2,-59
1754124370.57946,2,0,-72
1754124370.61746,-4,-2,-79
1754124370.65546,-5,-7,-70
1754124370.6944602,1,1,-55
1754124370.7304602,8,-4,-57
1754124370.76846,-3,1,-70
1754124370.80646,-4,1,-67
1754124370.8454602,-2,-4,-70
1754124370.8814602,-4,0,-67
1754124370.91846,-6,-6,-60
1754124370.95646,-1,-1,-55
1754124370.99546,-2,-4,-59
1754124371.03146,-1,0,-58
1754124371.0694602,1,-9,-60
1754124371.10746,5,0,-64
1754124371.14646,0,-3,-63
1754124371.1844602,4,-2,-70
1754124371.2204602,2,-3,-64
1754124371.25846,2,0,-66
1754124371.2964602,8,-2,-64
1754124371.3354602,3,-2,-80
1754124371.3714602,0,0,-66
1754124371.40946,1,-8,-62
1754124371.44646,-1,-1,-65
1754124371.48546,0,-4,-64
1754124371.52146,1,-5,-71
1754124371.5594602,1,0,-69
1754124371.59746,-4,0,-70
1754124371.63646,-2,0,-61
1754124371.6744602,0,2,-63
1754124371.7104602,-2,-11,-66
1754124371.74846,9,-1,-51
1754124371.7864602,3,-5,-52
1754124371.8254602,4,2,-61
1754124371.8614602,2,1,-72
1754124371.89946,-1,-2,-70
1754124371.9374602,3,-6,-71
1754124371.97646,0,3,-64
1754124372.01446,-4,0,-59
1754124372.05046,-3,0,-66
1754124372.08946,-4,0,-60
1754124372.12646,-1,4,-65
1754124372.16546,-1,-4,-64
1754124372.20146,0,-1,-68
1754124372.23946,5,-1,-65
1754124372.27746,-1,-4,-61
1754124372.31646,-1,0,-60
1754124372.35446,1,-5,-60
1754124372.39046,10,-4,-60
1754124372.42846,-1,0,-54
1754124372.4674602,-4,-2,-63
1754124372.50546,-8,-4,-60
1754124372.54146,2,-7,-56
1754124372.57846,-1,-7,-63
1754124372.61646,1,-4,-67
1754124372.65546,-4,0,-69
1754124372.69146,-2,4,-61
1754124372.72946,-3,0,-57
1754124372.76746,0,-3,-53
1754124372.80646,1,-3,-49
1754124372.8424602,-8,0,-53
1754124372.88046,-1,-2,-65
1754124372.91946,-2,-2,-66
1754124372.95646,0,3,-61
1754124372.99546,4,4,-72
1754124373.03146,1,2,-60
1754124373.0694602,4,-1,-70
1754124373.10646,-5,0,-69
1754124373.14546,-1,1,-71
1754124373.18146,-4,-1,-59
1754124373.21946,-1,3,-53
1754124373.25746,3,-1,-56
1754124373.2964602,0,-1,-63
1754124373.3324602,7,-1,-61
1754124373.37046,0,0,-66
1754124373.40846,-1,4,-63
1754124373.44646,-2,-4,-55
1754124373.48546,6,-1,-60
1754124373.52146,-3,2,-73
1754124373.56046,-2,-4,-70
1754124373.59746,0,-3,-60
1754124373.63646,-8,1,-66
1754124373.67246,-12,-1,-73
1754124373.7104602,-1,-2,-63
1754124373.74846,0,3,-62
1754124373.78746,4,-1,-69
1754124373.8254602,-2,-1,-68
1754124373.8614602,-5,1,-78
1754124373.89946,1,11,-68
1754124373.9374602,0,0,-67
1754124373.97646,-1,-3,-56
1754124374.01246,2,1,-58
1754124374.0494602,-3,-1,-72
1754124374.08746,3,0,-77
1754124374.12646,-11,0,-69
1754124374.16246,-4,6,-65
1754124374.2004602,1,3,-66
1754124374.23846,0,4,-66
1754124374.27746,-4,1,-60
1754124374.3154602,-13,-4,-58
1754124374.35146,-4,-6,-66
1754124374.39046,5,-12,-57
1754124374.4274602,-3,-5,-58
1754124374.46646,-2,1,-63
1754124374.5034602,0,-6,-59
1754124374.54046,1,-2,-51
1754124374.57846,2,-2,-51
1754124374.61746,6,-10,-71
1754124374.65546,-5,-3,-66
1754124374.69146,0,3,-64
1754124374.72846,-1,0,-53
1754124374.76746,2,2,-56
1754124374.80546,-1,-6,-52
1754124374.84146,0,-4,-60
1754124374.87946,0,-6,-59
1754124374.9174602,2,2,-61
1754124374.95646,5,2,-62
1754124374.99246,3,-1,-59
1754124375.03146,2,-9,-63
1754124375.06846,1,-7,-75
1754124375.10746,1,-5,-61
1754124375.14346,6,0,-59
1754124375.18146,-2,-1,-61
1754124375.2204602,-1,-3,-62
1754124375.25746,-10,0,-68
1754124375.2964602,-3,3,-55
1754124375.3324602,-1,4,-56
1754124375.37046,-4,0,-57
1754124375.40846,-4,-5,-53
1754124375.4474602,-6,-3,-69
1754124375.4834602,-4,0,-73
1754124375.52046,-5,-3,-58
1754124375.55846,0,-8,-56
1754124375.59746,0,-8,-58
1754124375.63346,0,-9,-70
1754124375.67046,-5,-5,-74
1754124375.70846,-1,-2,-68
1754124375.74746,3,0,-63
1754124375.78346,-4,-6,-58
1754124375.82146,-2,3,-66
1754124375.85946,0,1,-59
1754124375.89746,1,3,-63
1754124375.93646,-1,1,-54
1754124375.97246,0,-4,-61
1754124376.01146,4,-1,-68
1754124376.04846,0,-1,-67
1754124376.08746,1,1,-63
1754124376.12346,1,-1,-55
1754124376.1614602,2,-2,-63
1754124376.19946,5,-3,-64
1754124376.23846,5,-1,-57
1754124376.2764602,-3,1,-58
1754124376.3124602,-9,-4,-59
1754124376.35046,-1,-1,-66
1754124376.3884602,-3,0,-75
1754124376.4274602,4,4,-68
1754124376.46446,0,1,-68
1754124376.50246,-6,-2,-63
1754124376.5394602,-1,-4,-55
1754124376.57846,2,-6,-61
1754124376.62246,2,-4,-57
1754124376.6614602,5,3,-49
1754124376.69846,7,0,-53
1754124376.73746,-1,-6,-60
1754124376.77346,2,-4,-53
1754124376.81146,0,3,-62
1754124376.84946,6,0,-57
1754124376.8884602,-2,0,-64
1754124376.92646,-2,-3,-71
1754124376.96246,4,-1,-77
1754124377.00046,-3,-4,-67
1754124377.03846,-7,-5,-67
1754124377.07746,0,-7,-62
1754124377.11346,3,-3,-63
1754124377.1514602,-2,0,-49
1754124377.18946,-5,1,-56
1754124377.22846,-5,0,-58
1754124377.2664602,-7,-4,-63
1754124377.3024602,-5,-5,-70
1754124377.34146,5,0,-58
1754124377.3784602,5,-2,-53
1754124377.4174602,2,0,-55
1754124377.45446,-3,1,-61
1754124377.49146,0,-6,-61
1754124377.5294602,4,-8,-60
1754124377.56846,-1,-8,-56
1754124377.60446,-3,-6,-48
1754124377.64246,0,-3,-54
1754124377.68046,-2,0,-45
1754124377.71946,3,-1,-56
1754124377.75746,2,-2,-64
1754124377.79346,-6,2,-53
1754124377.83146,-4,6,-65
1754124377.86946,0,4,-59
1754124377.90846,4,2,-59
1754124377.94546,-2,2,-76
1754124377.98246,0,-1,-59
1754124378.02046,0,-2,-56
1754124378.05846,1,-4,-76
1754124378.09746,-5,-5,-68
1754124378.13346,-2,-4,-65
1754124378.1714602,0,-2,-61
1754124378.2104602,-3,-6,-57
1754124378.24846,-2,0,-67
1754124378.28446,0,2,-49
1754124378.32146,0,-3,-70
1754124378.35946,2,0,-76
1754124378.39846,1,2,-75
1754124378.4344602,0,4,-70
1754124378.47146,0,3,-70
1754124378.5094602,3,-4,-66
1754124378.54846,-8,1,-64
1754124378.58446,-8,-4,-74
1754124378.62246,-7,-2,-57
1754124378.66046,-10,0,-79
1754124378.69946,-1,-4,-72
1754124378.73746,-1,1,-69
1754124378.77346,-2,0,-62
1754124378.8124602,-9,2,-58
1754124378.84946,1,-3,-61
1754124378.8884602,-1,0,-61
1754124378.9244602,-1,0,-65
1754124378.96246,3,-4,-53
1754124379.00046,-2,0,-53
1754124379.0394602,-5,3,-52
1754124379.07746,-2,0,-61
1754124379.11346,-2,0,-61
1754124379.1514602,0,-6,-52
1754124379.18946,4,-8,-62
1754124379.22846,-4,-3,-59
1754124379.26446,0,-6,-61
1754124379.3024602,4,0,-64
1754124379.34146,1,-2,-66
1754124379.37946,4,-5,-64
1754124379.4174602,-3,0,-62
1754124379.45346,1,0,-65
1754124379.49146,-3,0,-67
1754124379.5294602,0,-3,-61
1754124379.56846,-1,2,-60
1754124379.60446,-2,0,-57
1754124379.64246,0,0,-62
1754124379.68046,0,4,-57
1754124379.71946,1,-1,-58
1754124379.75546,0,1,-65
1754124379.7924602,-2,10,-61
1754124379.83046,-5,2,-64
1754124379.86946,-3,-7,-65
1754124379.90546,2,-4,-57
1754124379.94346,-2,-3,-57
1754124379.98146,-1,-3,-62
1754124380.0194602,1,-5,-51
1754124380.05846,0,-4,-66
1754124380.09446,-3,-2,-69
1754124380.13246,2,-2,-60
1754124380.1714602,-3,0,-67
1754124380.20946,-13,-4,-71
1754124380.24546,-10,-3,-62
1754124380.28346,-3,-4,-63
1754124380.32146,-7,2,-72
1754124380.35946,0,-1,-67
1754124380.39846,2,0,-60
1754124380.4344602,1,-5,-64
1754124380.47246,-6,-3,-62
1754124380.51046,-3,-1,-63
1754124380.5494602,0,0,-63
1754124380.5854602,-7,0,-61
1754124380.62346,-7,2,-65
1754124380.6614602,-10,-5,-65
1754124380.7004602,-3,-4,-63
1754124380.73846,-4,1,-70
1754124380.77446,1,-2,-72
1754124380.8124602,-7,3,-76
1754124380.85046,2,1,-71
1754124380.88946,1,6,-71
1754124380.92546,1,5,-64
1754124380.96246,5,-2,-68
1754124381.00046,-2,0,-70
1754124381.0394602,-1,-1,-74
1754124381.0754602,5,-1,-72
1754124381.11246,3,-5,-73
1754124381.15046,4,-4,-78
1754124381.18946,-1,-3,-63
1754124381.22546,-7,0,-72
1754124381.26246,-1,-7,-68
1754124381.30046,1,-3,-75
1754124381.33946,8,-2,-67
1754124381.37546,-6,0,-67
1754124381.41346,0,1,-58
1754124381.45146,-1,-3,-62
1754124381.4904602,-1,-6,-64
1754124381.52846,0,2,-56
1754124381.56446,0,0,-62
1754124381.60146,-4,4,-63
1754124381.64046,-1,1,-54
1754124381.67846,8,2,-60
1754124381.71446,3,0,-56
1754124381.75146,-1,-3,-60
1754124381.79046,5,1,-56
1754124381.82846,-8,1,-67
1754124381.86446,-7,0,-71
1754124381.90246,0,0,-72
1754124381.94146,0,-3,-70
1754124381.97946,1,-4,-68
1754124382.01546,0,-7,-71
1754124382.05446,4,0,-73
1754124382.09146,-3,6,-69
1754124382.13046,0,-2,-61
1754124382.16646,-7,1,-66
1754124382.20446,-4,-7,-59
1754124382.24246,1,2,-71
1754124382.28046,-3,2,-64
1754124382.3194602,-5,-4,-60
1754124382.3554602,0,-7,-61
1754124382.3944602,3,-11,-68
1754124382.43146,3,-3,-72
1754124382.4704602,-1,0,-63
1754124382.5064602,-2,2,-67
1754124382.54546,-1,0,-66
1754124382.5824602,-3,0,-71
1754124382.62046,-1,0,-62
1754124382.65946,-1,0,-59
1754124382.69546,-5,0,-65
1754124382.7334602,-8,-7,-64
1754124382.77146,-4,-5,-66
1754124382.81046,-4,-5,-65
1754124382.84646,-6,-3,-73
1754124382.8844602,-2,-1,-65
1754124382.92246,-7,-2,-68
1754124382.96146,-7,2,-64
1754124382.99946,0,0,-66
1754124383.03546,6,2,-71
1754124383.07446,-3,1,-62
1754124383.1114602,3,-2,-56
1754124383.15046,-2,1,-52
1754124383.1874602,1,0,-57
1754124383.22446,4,-3,-66
1754124383.26246,4,0,-65
1754124383.30146,3,2,-69
1754124383.33946,3,-3,-55
1754124383.37546,-5,-1,-66
1754124383.41346,3,4,-74
1754124383.45246,1,0,-66
1754124383.4904602,-2,0,-71
1754124383.5264602,0,-2,-70
1754124383.56446,-6,-6,-68
1754124383.60346,-6,0,-69
1754124383.6414602,0,3,-58
1754124383.67946,1,-3,-60
1754124383.71546,-4,3,-69
1754124383.7534602,-4,-3,-58
1754124383.79146,6,-8,-68
1754124383.82946,1,-2,-62
1754124383.8654602,2,-2,-61
1754124383.90346,3,-4,-64
1754124383.94146,2,3,-60
1754124383.97946,-1,-6,-55
1754124384.01546,-4,-7,-56
1754124384.05346,6,-3,-56
1754124384.09146,5,-4,-55
1754124384.13046,7,2,-62
1754124384.16646,1,0,-61
1754124384.20346,0,-2,-56
1754124384.24146,5,-2,-56
1754124384.28046,-5,-4,-57
1754124384.31646,-2,-11,-66
1754124384.35446,2,-2,-76
1754124384.39246,6,3,-79
1754124384.43146,5,-4,-69
1754124384.4674602,-1,0,-61
1754124384.50546,-3,2,-60
1754124384.54446,0,0,-64
1754124384.58146,-4,-1,-71
1754124384.62046,-3,-2,-71
1754124384.65646,0,2,-69
1754124384.6944602,-4,-2,-62
1754124384.73146,0,-2,-71
1754124384.77046,0,-1,-63
1754124384.80646,5,2,-68
1754124384.84446,-1,0,-60
1754124384.8814602,-4,0,-75
1754124384.92046,-2,4,-70
1754124384.95646,-1,5,-64
1754124384.99446,-1,0,-55
1754124385.0324602,0,-8,-75
1754124385.07146,1,-2,-76
1754124385.10746,-3,-5,-68
1754124385.14546,0,4,-62
1754124385.18346,0,3,-58
1754124385.22246,0,-3,-63
1754124385.26046,3,0,-71
1754124385.2964602,1,4,-54
1754124385.33346,0,7,-63
1754124385.37246,-5,0,-63
1754124385.41046,-5,-3,-63
1754124385.44646,0,0,-51
1754124385.4834602,0,2,-66
1754124385.52246,-1,5,-67
1754124385.56046,1,0,-68
1754124385.59646,2,0,-70
1754124385.63346,1,-3,-58
1754124385.67246,4,-3,-73
1754124385.7104602,0,0,-68
1754124385.7464602,0,1,-69
1754124385.78346,1,0,-64
1754124385.8224602,2,-2,-67
1754124385.86046,4,-9,-71
1754124385.89646,4,-4,-58
1754124385.93346,-4,3,-59
1754124385.97246,-4,-1,-62
1754124386.01046,-10,4,-64
1754124386.0464602,0,0,-71
1754124386.08346,3,-4,-62
1754124386.12246,-1,7,-59
1754124386.16046,5,0,-54
1754124386.19646,1,0,-59
1754124386.2334602,0,1,-52
1754124386.27246,1,6,-61
1754124386.31046,-4,3,-67
1754124386.34646,1,1,-62
1754124386.38346,-7,2,-67
1754124386.42246,1,2,-54
1754124386.4604602,0,3,-60
1754124386.4964602,-4,-2,-71
1754124386.53446,3,1,-68
1754124386.5724602,3,1,-78
1754124386.6114602,1,3,-80
1754124386.6544602,-1,-6,-71
1754124386.69346,4,0,-61
1754124386.73146,-3,0,-57
1754124386.76746,2,1,-59
1754124386.80446,5,-1,-61
1754124386.84346,1,-5,-67
1754124386.8814602,-2,-5,-63
1754124386.9174602,1,-10,-61
1754124386.95546,0,-3,-69
1754124386.9934602,-4,3,-66
1754124387.0324602,0,0,-55
1754124387.06846,-1,0,-59
1754124387.10646,0,-7,-62
1754124387.1444602,3,-5,-49
1754124387.18246,-8,3,-58
1754124387.22146,-4,2,-62
1754124387.25746,-2,-1,-57
1754124387.2964602,-4,-7,-62
1754124387.33346,0,-7,-68
1754124387.37246,-11,-2,-62
1754124387.40846,-8,1,-58
1754124387.44646,-3,0,-74
1754124387.48546,-3,0,-60
1754124387.52346,6,-4,-58
1754124387.56146,0,-6,-49
1754124387.59746,2,-3,-63
1754124387.63546,0,-4,-72
1754124387.67346,6,-4,-75
1754124387.71246,1,4,-73
1754124387.74846,3,1,-72
1754124387.78546,4,3,-63
1754124387.82346,2,-1,-59
1754124387.86246,-3,5,-65
1754124387.89846,0,-3,-62
1754124387.93646,0,-2,-75
1754124387.97446,7,-3,-74
1754124388.0134602,-4,-2,-73
1754124388.05146,-2,0,-53
1754124388.08746,-4,0,-60
1754124388.12646,-3,0,-51
1754124388.16346,3,0,-71
1754124388.20246,6,0,-66
1754124388.23846,6,4,-59
1754124388.2764602,-5,2,-58
1754124388.31446,-7,12,-56
1754124388.35346,-4,5,-66
1754124388.3914602,-6,0,-58
1754124388.4274602,-6,-6,-60
1754124388.46546,-4,-5,-58
1754124388.5034602,2,-6,-66
1754124388.5424602,0,0,-57
1754124388.57846,-7,0,-57
1754124388.61646,0,0,-64
1754124388.65546,3,-5,-62
1754124388.69346,3,-8,-63
1754124388.73146,0,-3,-69
1754124388.76846,1,-6,-60
1754124388.80546,-2,-4,-69
1754124388.84346,1,3,-64
1754124388.88246,-3,0,-63
1754124388.91846,0,0,-68
1754124388.95546,-1,-3,-63
1754124388.9934602,-8,2,-68
1754124389.0324602,-6,0,-49
1754124389.06846,-15,-2,-55
1754124389.10646,-5,-1,-51
1754124389.1444602,-2,-5,-61
1754124389.18346,-1,-3,-71
1754124389.21946,-2,-7,-71
1754124389.25746,7,-5,-62
1754124389.29546,0,-3,-65
1754124389.33346,-7,4,-64
1754124389.37246,-3,-7,-63
1754124389.40946,-4,-7,-53
1754124389.44646,3,-10,-57
1754124389.48446,9,-1,-62
1754124389.52346,3,-3,-75
1754124389.5594602,2,1,-65
1754124389.59646,0,5,-71
1754124389.6344602,6,3,-66
1754124389.67346,3,0,-59
1754124389.70946,5,2,-52
1754124389.7464602,0,4,-68
1754124389.78446,2,0,-55
1754124389.82346,-8,-5,-55
1754124389.85946,-7,-3,-60
1754124389.89746,0,-4,-61
1754124389.93546,0,-3,-62
1754124389.97446,3,-6,-63
1754124390.01246,0,1,-56
1754124390.04846,0,-5,-66
1754124390.08646,5,-1,-61
1754124390.12446,0,0,-63
1754124390.16346,2,2,-57
1754124390.19946,0,1,-60
1754124390.2364602,10,-1,-63
1754124390.27546,2,0,-58
1754124390.31346,5,-1,-66
1754124390.34946,4,-1,-72
1754124390.3884602,0,-3,-74
1754124390.42546,0,-3,-66
1754124390.46446,-6,4,-55
1754124390.50246,-1,5,-61
1754124390.53846,-2,4,-54
1754124390.57646,-1,5,-71
1754124390.61446,0,3,-71
1754124390.65346,2,-4,-50
1754124390.68946,0,-3,-64
1754124390.72746,1,5,-67
1754124390.76546,0,-3,-66
1754124390.80446,2,-2,-68
1754124390.8424602,-3,-8,-67
1754124390.8784602,-7,-7,-70
1754124390.9174602,4,0,-69
1754124390.95446,1,1,-61
1754124390.9934602,6,-5,-59
1754124391.0294602,6,-6,-69
1754124391.06746,10,-5,-70
1754124391.1054602,0,-6,-68
1754124391.1444602,3,-5,-60
1754124391.18046,-6,-1,-51
1754124391.21846,-5,-5,-60
1754124391.2564602,-1,1,-52
1754124391.29546,0,0,-71
1754124391.33346,3,-7,-68
1754124391.36946,0,-8,-72
1754124391.4074602,0,-3,-66
1754124391.44546,1,-5,-49
1754124391.48446,-1,0,-66
1754124391.52046,-1,-3,-66
1754124391.55846,0,-6,-62
1754124391.59646,-6,-5,-68
1754124391.6344602,-12,-5,-74
1754124391.67346,1,-5,-61
1754124391.70946,-7,-5,-57
1754124391.74746,-2,-7,-60
1754124391.78546,-1,-7,-57
1754124391.82446,1,-1,-68
1754124391.86046,-6,5,-68
1754124391.89846,-1,-4,-59
1754124391.93646,-1,-2,-63
1754124391.97546,-2,-2,-68
1754124392.0134602,-2,1,-68
1754124392.0494602,3,-1,-74
1754124392.08746,-5,-3,-69
1754124392.12546,1,-3,-64
1754124392.1644602,3,0,-68
1754124392.2004602,0,1,-69
1754124392.23746,-1,4,-68
1754124392.27546,-5,0,-77
1754124392.31446,5,-1,-77
1754124392.35046,3,3,-70
1754124392.38746,-1,2,-64
1754124392.42546,-1,4,-60
1754124392.46446,-5,3,-72
1754124392.50046,0,2,-63
1754124392.53746,-3,6,-61
1754124392.5754602,-5,4,-60
1754124392.61446,-5,-2,-65
1754124392.65046,-3,-6,-71
1754124392.68846,0,0,-70
1754124392.72646,3,0,-77
1754124392.76546,-1,1,-60
1754124392.80346,0,-7,-66
1754124392.84046,1,-3,-52
1754124392.8784602,1,3,-52
1754124392.91546,1,-2,-53
1754124392.95446,3,-5,-62
1754124392.9904602,1,0,-70
1754124393.02846,5,1,-70
1754124393.0654602,5,4,-71
1754124393.10446,-3,-3,-62
1754124393.14046,1,0,-61
1754124393.17846,6,0,-70
1754124393.21546,-2,-5,-65
1754124393.25446,-1,0,-66
1754124393.29046,-2,-1,-62
1754124393.32846,-5,-3,-50
1754124393.36746,-3,-3,-60
1754124393.40546,-2,2,-68
1754124393.44146,3,0,-59
1754124393.47846,-5,-1,-57
1754124393.51746,1,0,-45
1754124393.55546,5,4,-51
1754124393.59146,1,0,-59
1754124393.6284602,2,-1,-63
1754124393.6674602,5,-8,-59
1754124393.70546,3,0,-52
1754124393.74146,0,0,-51
1754124393.77846,-1,3,-68
1754124393.81646,-1,6,-71
1754124393.8554602,0,-1,-72
1754124393.8914602,0,2,-71
1754124393.92846,-2,-2,-55
1754124393.96646,-5,1,-67
1754124394.00546,-4,-3,-71
1754124394.04146,-10,0,-74
1754124394.07846,-9,1,-70
1754124394.11646,0,0,-72
1754124394.15546,3,-1,-73
1754124394.19146,-1,-5,-64
1754124394.22946,0,-6,-71
1754124394.26746,2,-4,-69
1754124394.30546,-3,-3,-70
1754124394.34446,0,-1,-67
1754124394.38046,-2,-2,-58
1754124394.41846,0,4,-60
1754124394.45646,4,-1,-62
1754124394.49546,2,5,-74
1754124394.53146,1,2,-71
1754124394.5694602,1,0,-65
1754124394.60746,-3,0,-57
1754124394.64646,5,0,-55
1754124394.6844602,1,0,-58
1754124394.7204602,4,2,-63
1754124394.75746,3,0,-62
1754124394.7964602,1,4,-69
1754124394.83446,0,6,-55
1754124394.87046,-4,5,-64
1754124394.90846,-5,4,-58
1754124394.94646,-2,4,-62
1754124394.98446,0,9,-50
1754124395.02046,-5,5,-57
1754124395.05846,-5,-1,-67
1754124395.09646,1,-2,-64
1754124395.13546,4,3,-74
1754124395.1714602,2,-1,-68
1754124395.20846,2,-3,-59
1754124395.2464602,3,1,-59
1754124395.28546,3,0,-73
1754124395.32146,-4,5,-63
1754124395.35946,-11,2,-65
1754124395.39746,-7,2,-66
1754124395.43646,3,-7,-70
1754124395.47446,-1,-4,-72
1754124395.51046,0,0,-68
1754124395.54746,0,-5,-65
1754124395.58646,1,-1,-75
1754124395.62446,5,-2,-57
1754124395.66046,1,-4,-56
1754124395.69846,7,-5,-59
1754124395.73746,15,-5,-65
1754124395.77546,3,0,-73
1754124395.81146,-2,-3,-68
1754124395.85046,5,-4,-64
1754124395.88746,4,-1,-61
1754124395.92646,2,0,-70
1754124395.96246,-1,-2,-67
1754124396.00046,-12,-2,-58
1754124396.03846,-3,-3,-60
1754124396.07646,-8,0,-61
1754124396.1154602,-10,5,-54
1754124396.1514602,-5,-3,-64
1754124396.18946,-3,6,-65
1754124396.22846,-9,1,-57
1754124396.2664602,0,0,-68
1754124396.3024602,0,-5,-65
1754124396.33946,0,-10,-64
1754124396.37746,-7,2,-53
1754124396.41646,0,-4,-62
1754124396.45246,0,-6,-65
1754124396.48946,4,-3,-71
1754124396.52846,-1,1,-68
1754124396.56646,3,0,-70
1754124396.60246,-5,-3,-65
1754124396.64046,12,0,-72
1754124396.68646,2,-2,-59
1754124396.72246,3,2,-59
1754124396.7594602,2,-2,-64
1754124396.79846,-1,-5,-54
1754124396.83646,1,-8,-59
1754124396.87246,3,-6,-60
1754124396.91046,2,0,-70
1754124396.94846,5,-2,-59
1754124396.98746,0,-1,-59
1754124397.02546,7,-2,-68
1754124397.06146,0,0,-64
1754124397.0984602,-1,0,-61
1754124397.13746,-3,6,-50
1754124397.17546,-7,3,-58
1754124397.21146,-5,5,-61
1754124397.24946,-1,1,-72
1754124397.28746,-9,2,-75
1754124397.32646,0,0,-59
1754124397.36246,-6,-1,-60
1754124397.40046,-3,-7,-70
1754124397.43846,-7,0,-62
1754124397.47746,0,0,-62
1754124397.51546,0,8,-60
1754124397.5524602,-7,0,-61
1754124397.59046,-3,0,-69
1754124397.62746,-1,4,-63
1754124397.66646,-8,1,-66
1754124397.70246,-6,1,-57
1754124397.7404602,0,0,-62
1754124397.77846,1,0,-60
1754124397.81746,1,-2,-54
1754124397.8554602,-2,-3,-56
1754124397.8914602,-5,0,-56
1754124397.92846,-4,0,-66
1754124397.9674602,-8,-1,-70
1754124398.0034602,-5,1,-71
1754124398.04146,-3,0,-72
1754124398.07946,-1,-2,-69
1754124398.11746,0,-3,-59
1754124398.15646,-2,-3,-59
1754124398.19246,-2,2,-51
1754124398.23146,-3,0,-60
1754124398.26846,7,-6,-63
1754124398.30746,-3,-5,-68
1754124398.34346,-2,-1,-54
1754124398.3814602,0,-7,-56
1754124398.41946,-3,0,-70
1754124398.4574602,-5,-3,-62
1754124398.4964602,4,-2,-59
1754124398.5324602,6,-2,-70
1754124398.57046,6,-2,-66
1754124398.6084602,7,-2,-68
1754124398.64746,-2,-5,-66
1754124398.68346,0,6,-76
1754124398.72146,-6,0,-72
1754124398.7594602,-1,-2,-67
1754124398.79746,-8,-3,-60
1754124398.83646,-1,-5,-70
1754124398.87246,-4,-6,-64
1754124398.91046,-1,-2,-68
1754124398.94946,2,0,-76
1754124398.98746,4,-1,-73
1754124399.02346,1,-5,-63
1754124399.06146,2,2,-67
1754124399.09946,-4,2,-66
1754124399.1384602,0,0,-62
1754124399.17646,3,-1,-68
1754124399.21246,9,-1,-69
1754124399.25046,0,-3,-75
1754124399.28846,0,0,-62
1754124399.32746,2,4,-62
1754124399.36346,-1,-1,-55
1754124399.4014602,-3,-4,-53
1754124399.43946,-3,-5,-72
1754124399.47846,4,8,-76
1754124399.5164602,0,1,-68
1754124399.5524602,-1,2,-65
1754124399.59046,-4,-3,-58
1754124399.6284602,-3,0,-57
1754124399.6674602,-6,1,-60
1754124399.70346,-3,0,-55
1754124399.74146,3,-4,-61
1754124399.7794602,-2,-3,-58
1754124399.81846,-3,-3,-61
1754124399.85646,0,-1,-56
1754124399.89246,-1,4,-56
1754124399.93046,0,3,-68
1754124399.96946,-2,0,-66
1754124400.00746,-2,-3,-69
1754124400.04346,-3,-6,-79
1754124400.0824602,-4,0,-62
1754124400.11946,-5,3,-64
1754124400.15846,-9,0,-66
1754124400.19646,-9,1,-77
1754124400.2334602,-6,0,-73
1754124400.27046,-1,-3,-63
1754124400.30846,7,-2,-63
1754124400.34746,-3,-4,-56
1754124400.38346,-3,0,-58
1754124400.42046,-6,0,-58
1754124400.45846,-2,-3,-63
1754124400.49746,5,0,-76
1754124400.53346,2,-3,-66
1754124400.57046,8,3,-67
1754124400.6084602,-1,-8,-67
1754124400.64746,2,-6,-74
1754124400.68346,-4,-10,-72
1754124400.72146,-7,-7,-52
1754124400.7594602,-1,0,-63
1754124400.79846,-4,-2,-71
1754124400.83446,1,-3,-66
1754124400.87346,4,-4,-66
1754124400.91046,-1,-2,-62
1754124400.94846,0,-3,-64
1754124400.98746,-1,-6,-64
1754124401.02346,0,-4,-69
1754124401.06146,0,-2,-68
1754124401.09946,2,-3,-60
1754124401.1384602,-4,-5,-68
1754124401.1744602,0,-7,-71
1754124401.21246,2,0,-68
1754124401.25046,5,2,-61
1754124401.2894602,0,-4,-74
1754124401.32746,9,-2,-77
1754124401.36346,1,-1,-68
1754124401.40246,-1,3,-66
1754124401.43946,-3,2,-70
1754124401.47846,-1,2,-65
1754124401.51446,-6,5,-68
1754124401.5524602,-8,0,-53
1754124401.59046,5,-1,-59
1754124401.62946,0,1,-70
1754124401.6674602,-6,-5,-66
1754124401.70346,9,-4,-65
1754124401.74146,4,0,-62
1754124401.7794602,-3,-11,-58
1754124401.81846,-4,-9,-59
1754124401.85446,-4,-8,-66
1754124401.89346,-11,-5,-58
1754124401.93046,0,0,-68
1754124401.96946,0,0,-59
1754124402.00746,0,0,-63
1754124402.04346,4,-1,-68
1754124402.08146,6,-1,-56
1754124402.11946,-4,-3,-53
1754124402.15846,-5,-7,-60
1754124402.1944602,-5,-3,-67
1754124402.23246,-2,-2,-65
1754124402.27046,0,3,-66
1754124402.3094602,6,-1,-66
1754124402.34746,2,-4,-67
1754124402.38346,5,-2,-63
1754124402.4214602,5,-5,-68
1754124402.45946,-7,-11,-67
1754124402.49846,0,-8,-55
1754124402.53446,2,-8,-66
1754124402.57346,3,-1,-78
1754124402.61046,0,-2,-61
1754124402.64946,-3,-3,-54
1754124402.68546,0,-5,-60
1754124402.7234602,1,0,-60
1754124402.76146,4,-8,-56
1754124402.7994602,0,6,-67
1754124402.8384602,0,0,-70
1754124402.87446,-2,-4,-62
1754124402.91246,0,2,-71
1754124402.9504602,-3,-4,-66
1754124402.98946,-1,2,-63
1754124403.02546,5,-1,-70
1754124403.06346,-1,-3,-75
1754124403.10246,-2,0,-59
1754124403.13946,5,4,-67
1754124403.17846,0,-1,-60
1754124403.21546,-1,-2,-69
1754124403.25246,-2,0,-70
1754124403.29046,0,-1,-60
1754124403.32946,0,-4,-66
1754124403.3654602,3,-7,-70
1754124403.4044602,7,-5,-58
1754124403.44146,4,-1,-72
1754124403.4804602,-8,-4,-73
1754124403.51846,-7,-4,-51
1754124403.55446,-5,-3,-55
1754124403.5924602,1,0,-62
1754124403.63046,1,0,-61
1754124403.66946,3,1,-54
1754124403.70646,0,-1,-54
1754124403.7434602,-11,0,-53
1754124403.78146,-7,-2,-64
1754124403.82046,-8,1,-67
1754124403.8584602,4,-5,-64
1754124403.8944602,7,-5,-60
1754124403.93246,3,-2,-61
1754124403.9704602,-3,-6,-65
1754124404.0094602,-1,-2,-55
1754124404.04546,-3,-4,-61
1754124404.08346,-2,-4,-58
1754124404.1214602,-1,-8,-59
1754124404.16046,-3,-2,-72
1754124404.19846,3,-2,-67
1754124404.23446,3,3,-54
1754124404.27246,0,0,-61
1754124404.31046,1,-3,-69
1754124404.3484602,-1,0,-57
1754124404.3844602,4,-2,-59
1754124404.4214602,9,0,-60
1754124404.4604602,2,-6,-61
1754124404.49846,0,-2,-75
1754124404.53446,-5,-7,-78
1754124404.5724602,-1,-4,-75
1754124404.61046,0,2,-60
1754124404.64946,9,8,-59
1754124404.68546,3,-1,-64
1754124404.72246,3,-3,-60
1754124404.76046,3,-4,-71
1754124404.7994602,3,-7,-58
1754124404.8354602,-1,1,-69
1754124404.87246,-6,-6,-59
1754124404.91046,3,2,-68
1754124404.94946,-5,1,-74
1754124404.98546,0,6,-72
1754124405.02246,-1,5,-65
1754124405.06046,0,0,-56
1754124405.09946,3,-5,-56
1754124405.13546,-4,-4,-53
1754124405.17346,0,-7,-61
1754124405.21146,8,0,-70
1754124405.25046,3,-3,-65
1754124405.2864602,-4,0,-70
1754124405.32346,-4,-2,-68
1754124405.3614602,-2,-6,-62
1754124405.40046,0,2,-68
1754124405.43646,-6,-1,-72
1754124405.47446,-1,0,-64
1754124405.51246,0,-7,-58
1754124405.55046,14,-2,-61
1754124405.58946,4,-2,-60
1754124405.62546,-4,-3,-63
1754124405.66346,-6,-2,-68
1754124405.70246,0,0,-68
1754124405.7404602,4,1,-71
1754124405.7764602,0,0,-67
1754124405.81446,4,-1,-63
1754124405.85246,4,0,-59
1754124405.8914602,0,0,-61
1754124405.92946,5,3,-60
1754124405.96546,2,6,-68
1754124406.00246,-2,-1,-69
1754124406.04146,-5,0,-70
1754124406.07946,0,4,-63
1754124406.1154602,-1,2,-65
1754124406.15246,0,0,-58
1754124406.19146,-3,-7,-58
1754124406.22946,-2,0,-60
1754124406.26546,-3,2,-67
1754124406.30346,-3,-1,-68
1754124406.34146,-2,2,-65
1754124406.38046,1,0,-62
1754124406.41646,-1,0,-79
1754124406.45446,-3,-2,-80
1754124406.49246,-1,-8,-66
1754124406.53146,-4,-6,-71
1754124406.5694602,-3,-5,-64
1754124406.6054602,-9,-2,-65
1754124406.64346,-4,-3,-71
1754124406.68946,5,-7,-68
1754124406.72546,8,-11,-62
1754124406.7634602,0,-2,-70
1754124406.80146,-2,0,-59
1754124406.84046,-6,-1,-72
1754124406.87646,-5,-6,-77
1754124406.9144602,4,-7,-59
1754124406.95246,-5,-9,-60
1754124406.99146,-4,0,-62
1754124407.0294602,-9,5,-63
1754124407.06646,-8,3,-52
1754124407.10446,-7,-10,-63
1754124407.14246,-2,-1,-66
1754124407.18146,1,-2,-68
1754124407.2174602,0,-3,-65
1754124407.25546,0,-4,-70
1754124407.29346,4,3,-61
1754124407.33146,0,1,-66
1754124407.37046,0,-6,-63
1754124407.40646,0,-2,-58
1754124407.44346,-2,-3,-59
1754124407.48146,-2,-1,-63
1754124407.52046,0,5,-59
1754124407.55646,-6,0,-62
1754124407.59446,-12,3,-60
1754124407.63246,-7,1,-66
1754124407.6714602,0,-1,-68
1754124407.7074602,4,-6,-66
1754124407.74546,2,-6,-56
1754124407.78346,6,-4,-56
1754124407.82146,2,0,-59
1754124407.86046,0,6,-73
1754124407.89646,-5,-2,-73
1754124407.93546,-2,-4,-72
1754124407.97246,-4,0,-60
1754124408.01146,-6,3,-63
1754124408.04746,-4,-4,-60
1754124408.0854602,-4,-1,-70
1754124408.12346,-6,2,-46
1754124408.16246,-2,0,-54
1754124408.2004602,-2,3,-59
1754124408.2364602,9,0,-60
1754124408.27346,0,1,-50
1754124408.3124602,-1,9,-73
1754124408.35046,7,4,-65
1754124408.38646,9,6,-57
1754124408.42346,9,0,-54
1754124408.46246,11,0,-56
1754124408.50046,1,7,-61
1754124408.5364602,0,-1,-64
1754124408.57446,4,-4,-70
1754124408.61246,7,0,-72
1754124408.6514602,11,0,-66
1754124408.6874602,8,-6,-66
1754124408.72446,5,2,-70
1754124408.76246,-2,0,-64
1754124408.80146,-7,0,-61
1754124408.83746,-6,0,-63
1754124408.87546,-6,3,-73
1754124408.91346,1,-4,-69
1754124408.95246,2,-1,-64
1754124408.9904602,4,2,-55
1754124409.0264602,-4,0,-62
1754124409.0654602,0,-8,-50
1754124409.10246,2,-5,-61
1754124409.1414602,5,-6,-60
1754124409.1774602,6,0,-61
1754124409.21546,1,3,-72
1754124409.25246,1,-1,-65
1754124409.29146,4,0,-73
1754124409.32746,1,-3,-69
1754124409.3654602,-4,0,-59
1754124409.40346,0,2,-71
1754124409.44246,0,-2,-65
1754124409.47846,0,0,-65
1754124409.51546,-2,4,-60
1754124409.55346,1,-2,-52
1754124409.5924602,0,1,-54
1754124409.6284602,0,-4,-54
1754124409.66646,1,0,-61
1754124409.70446,-1,0,-65
1754124409.74246,0,-11,-68
1754124409.78146,-1,-11,-72
1754124409.81746,0,-4,-64
1754124409.8554602,0,-6,-66
1754124409.89346,1,-1,-72
1754124409.93246,-3,3,-74
1754124409.96846,-2,4,-67
1754124410.0064602,0,6,-64
1754124410.04346,4,0,-52
1754124410.0824602,4,-2,-63
1754124410.1184602,0,-4,-66
1754124410.15546,3,1,-65
1754124410.19346,3,-4,-67
1754124410.23246,-1,0,-78
1754124410.26846,-3,-8,-62
1754124410.30646,-7,-3,-62
1754124410.34446,0,-3,-61
1754124410.38346,0,-5,-58
1754124410.4214602,-1,-1,-62
1754124410.4574602,-1,-3,-70
1754124410.49546,1,0,-63
1754124410.53346,2,0,-60
1754124410.5724602,-2,10,-64
1754124410.6084602,-6,0,-60
1754124410.64746,-6,4,-61
1754124410.6844602,-11,6,-54
1754124410.7234602,-10,-1,-64
1754124410.76146,-2,2,-71
1754124410.79746,0,-2,-70
1754124410.83446,2,-4,-66
1754124410.87346,2,-2,-62
1754124410.9114602,0,-1,-63
1754124410.9474602,-2,2,-65
1754124410.98546,1,0,-73
1754124411.02346,4,-2,-63
1754124411.0624602,1,0,-67
1754124411.0984602,3,-1,-63
1754124411.13646,4,-1,-54
1754124411.1744602,-8,2,-63
1754124411.2134602,-5,7,-72
1754124411.25146,2,1,-64
1754124411.28746,1,0,-57
1754124411.3254602,-4,-1,-47
1754124411.36346,1,-1,-57
1754124411.40246,0,-1,-63
1754124411.43846,-1,0,-53
1754124411.47646,0,2,-70
1754124411.51546,2,-3,-59
1754124411.55346,4,-2,-52
1754124411.59146,1,-6,-63
1754124411.62746,-6,-3,-62
1754124411.66546,6,1,-74
1754124411.70346,10,3,-73
1754124411.74246,1,1,-61
1754124411.77846,4,-6,-63
1754124411.81646,-4,-3,-60
1754124411.85446,3,0,-63
1754124411.89346,1,-1,-63
1754124411.92946,0,3,-52
1754124411.9674602,2,-1,-58
1754124412.00546,3,0,-61
1754124412.04346,4,-1,-57
1754124412.0824602,-1,-3,-72
1754124412.1184602,-6,-4,-68
1754124412.15646,-8,-3,-77
1754124412.1944602,1,-3,-71
1754124412.2334602,-6,-2,-73
1754124412.2694602,0,-1,-60
1754124412.30746,-5,0,-60
1754124412.3454602,-5,-1,-56
1754124412.38346,1,0,-61
1754124412.42246,0,0,-59
1754124412.45846,-3,-1,-64
1754124412.4964602,5,2,-59
1754124412.53446,1,3,-51
1754124412.57346,2,-3,-65
1754124412.60946,-2,-2,-59
1754124412.64746,-4,-1,-55
1754124412.68646,0,-7,-63
1754124412.7234602,3,4,-66
1754124412.76246,-2,-5,-75
1754124412.7994602,0,-1,-75
1754124412.83646,2,0,-69
1754124412.87446,-3,0,-64
1754124412.91346,3,0,-75
1754124412.94946,-1,-2,-65
1754124412.98746,-6,6,-66
1754124413.02546,2,-1,-62
1754124413.06446,7,1,-61
1754124413.10246,0,-2,-63
1754124413.1384602,-5,-3,-55
1754124413.1774602,-1,-4,-69
1754124413.21446,-5,0,-64
1754124413.2534602,4,-3,-64
1754124413.2894602,0,-6,-69
1754124413.32746,4,-4,-68
1754124413.36646,6,0,-64
1754124413.4044602,3,-7,-62
1754124413.44246,4,-7,-68
1754124413.47846,2,-2,-71
1754124413.5164602,0,2,-80
1754124413.55446,6,2,-63
1754124413.59346,3,-1,-73
1754124413.62946,2,-6,-68
1754124413.6674602,2,-6,-67
1754124413.70546,-1,-9,-67
1754124413.74446,4,-2,-68
1754124413.7824602,-7,-3,-76
1754124413.81846,-5,5,-68
1754124413.85646,2,-2,-66
1754124413.8944602,-1,7,-74
1754124413.93346,0,0,-59
1754124413.96946,-2,-4,-65
1754124414.00746,-3,-6,-73
1754124414.04546,-2,1,-72
1754124414.08446,-3,-1,-74
1754124414.12046,4,-4,-69
1754124414.1574602,3,-8,-65
1754124414.19546,-1,-1,-66
1754124414.23446,-4,3,-69
1754124414.27046,-4,3,-69
1754124414.30846,-5,1,-60
1754124414.34646,2,3,-58
1754124414.3844602,-3,2,-50
1754124414.42346,0,-1,-52
1754124414.45946,0,4,-55
1754124414.4964602,-3,2,-68
1754124414.53446,4,-1,-63
1754124414.57346,2,0,-63
1754124414.60946,0,-2,-53
1754124414.64746,-5,0,-63
1754124414.68546,-4,0,-61
1754124414.72446,7,-3,-81
1754124414.76046,5,-2,-71
1754124414.79846,7,0,-65
1754124414.83646,6,-2,-69
1754124414.87446,5,4,-66
1754124414.91346,-10,1,-54
1754124414.94946,-7,0,-60
1754124414.98746,2,-1,-69
1754124415.02546,-4,3,-62
1754124415.06446,-7,4,-65
1754124415.10046,-2,-3,-68
1754124415.1384602,0,-4,-67
1754124415.17646,1,0,-58
1754124415.21546,3,0,-60
1754124415.2534602,2,-2,-66
1754124415.2894602,0,-2,-69
1754124415.32746,6,1,-61
1754124415.3654602,-2,-1,-63
1754124415.4044602,0,-7,-60
1754124415.4404602,0,-2,-55
1754124415.47846,0,-2,-76
1754124415.5164602,-5,-4,-70
1754124415.55546,1,0,-65
1754124415.59346,0,0,-67
1754124415.62946,-1,0,-62
1754124415.66646,3,-3,-58
1754124415.70546,-2,-1,-64
1754124415.7434602,1,-3,-64
1754124415.7794602,2,-2,-53
1754124415.81746,-1,8,-61
1754124415.8554602,-6,-1,-62
1754124415.8944602,4,-5,-65
1754124415.93046,4,0,-75
1754124415.9674602,0,3,-68
1754124416.00546,1,-1,-57
1754124416.04446,-13,-4,-61
1754124416.08046,-3,-2,-58
1754124416.1184602,-1,-8,-61
1754124416.15646,0,-3,-63
1754124416.19546,1,-5,-69
1754124416.2334602,2,1,-59
1754124416.2694602,-2,0,-59
1754124416.30846,-7,-5,-54
1754124416.3454602,-3,-3,-62
1754124416.3844602,-4,0,-54
1754124416.42046,1,-4,-68
1754124416.45846,0,-3,-68
1754124416.4964602,-3,0,-70
1754124416.53546,3,3,-66
1754124416.57146,1,1,-72
1754124416.6084602,-1,0,-58
1754124416.64646,1,1,-66
1754124416.6904602,-1,4,-61
1754124416.72846,5,1,-61
1754124416.76746,9,0,-60
1754124416.80546,4,-2,-67
1754124416.84146,0,1,-70
1754124416.8784602,5,0,-66
1754124416.9174602,1,0,-71
1754124416.95546,3,-5,-72
1754124416.99246,2,-3,-71
1754124417.0294602,-3,0,-64
1754124417.06746,2,0,-68
1754124417.1054602,6,-6,-54
1754124417.1444602,-4,-2,-52
1754124417.18046,0,2,-62
1754124417.2174602,-7,1,-61
1754124417.25546,-6,1,-64
1754124417.29446,-5,-2,-64
1754124417.33046,-6,-1,-67
1754124417.3684602,0,-1,-61
1754124417.40646,-1,4,-59
1754124417.44546,-4,-2,-61
1754124417.48146,-5,-1,-65
1754124417.5194602,4,0,-65
1754124417.55746,-1,0,-67
1754124417.59646,1,-5,-56
1754124417.6344602,-7,1,-61
1754124417.67046,-3,1,-65
1754124417.70946,0,-4,-61
1754124417.7464602,0,8,-66
1754124417.78546,-3,-3,-57
1754124417.82146,-1,-3,-52
1754124417.85946,-3,-5,-65
1754124417.89746,-2,-5,-70
1754124417.93646,0,-1,-64
1754124417.97446,-5,0,-66
1754124418.01046,-1,0,-62
1754124418.04846,0,2,-56
1754124418.08646,0,-2,-70
1754124418.12546,3,0,-64
1754124418.1614602,-4,-1,-53
1754124418.2004602,0,-4,-69
1754124418.23746,-3,-1,-60
1754124418.2764602,3,2,-62
1754124418.31446,1,-2,-65
1754124418.35046,-2,-1,-59
1754124418.3884602,2,1,-62
1754124418.42646,7,-3,-52
1754124418.46546,-4,0,-58
1754124418.50146,0,3,-66
1754124418.5394602,6,-1,-66
1754124418.57746,6,-1,-62
1754124418.61646,4,-1,-55
1754124418.65246,-3,-9,-65
1754124418.6904602,0,-1,-57
1754124418.72846,0,5,-57
1754124418.76746,6,3,-65
1754124418.80546,7,2,-71
1754124418.84146,10,5,-63
1754124418.8784602,6,10,-63
1754124418.91646,-5,0,-61
1754124418.95546,-1,-1,-53
1754124418.99146,2,0,-61
1754124419.02846,4,-2,-69
1754124419.06646,7,0,-66
1754124419.1054602,0,-1,-53
1754124419.1414602,-4,-3,-61
1754124419.17946,-5,-1,-69
1754124419.2174602,-5,-6,-71
1754124419.2564602,0,0,-63
1754124419.2924602,2,-3,-60
1754124419.33046,5,-1,-67
1754124419.36946,5,-1,-66
1754124419.40646,5,-1,-59
1754124419.44546,0,-5,-60
1754124419.48146,-7,-4,-58
1754124419.5194602,-4,-7,-66
1754124419.55746,-3,-6,-64
1754124419.59646,-4,-4,-64
1754124419.63246,1,2,-67
1754124419.66946,6,-2,-70
1754124419.7074602,-5,0,-62
1754124419.7464602,-3,0,-65
1754124419.7824602,-6,3,-71
1754124419.82046,2,0,-63
1754124419.8584602,-1,1,-75
1754124419.89746,2,-1,-78
1754124419.93546,2,1,-75
1754124419.97146,-1,3,-81
1754124420.01046,2,4,-76
1754124420.04746,6,0,-74
1754124420.08646,1,4,-66
1754124420.12246,-6,2,-66
1754124420.16046,0,1,-65
1754124420.19846,0,1,-67
1754124420.23746,0,1,-67
1754124420.27546,-4,-10,-72
1754124420.31146,-2,-7,-68
1754124420.34946,-1,7,-67
1754124420.38746,-6,7,-64
1754124420.42646,0,4,-62
1754124420.46246,-8,4,-61
1754124420.50046,-1,2,-62
1754124420.53846,-2,4,-63
1754124420.57746,5,4,-60
1754124420.6154602,3,2,-55
1754124420.6514602,8,3,-57
1754124420.68846,3,1,-56
1754124420.72746,-1,-3,-52
1754124420.76546,-1,2,-58
1754124420.80146,0,0,-69
1754124420.8384602,0,3,-61
1754124420.87746,-5,1,-69
1754124420.91546,-6,4,-63
1754124420.95146,-15,0,-58
1754124420.98946,-3,2,-61
1754124421.02746,1,4,-70
1754124421.06646,1,1,-80
1754124421.10246,-2,2,-67
1754124421.14046,-1,0,-62
1754124421.17846,-1,1,-56
1754124421.2174602,-6,3,-65
1754124421.2534602,-2,4,-64
1754124421.29146,1,2,-62
1754124421.32946,-2,4,-75
1754124421.36746,5,2,-65
1754124421.40646,0,1,-72
1754124421.44246,5,4,-67
1754124421.4804602,3,-1,-65
1754124421.51846,5,-5,-68
1754124421.55746,-4,1,-71
1754124421.59346,-2,-1,-65
1754124421.6314602,3,-3,-63
1754124421.67046,2,4,-73
1754124421.7074602,-3,7,-55
1754124421.7464602,-2,0,-75
1754124421.7824602,4,0,-68
1754124421.82046,0,-2,-68
1754124421.8584602,1,0,-70
1754124421.89646,-1,8,-51
1754124421.93246,-7,7,-54
1754124421.9704602,-4,-4,-67
1754124422.00846,1,-1,-65
1754124422.04746,0,-1,-70
1754124422.08346,3,-6,-71
1754124422.1214602,2,-2,-71
1754124422.15946,0,-3,-71
1754124422.19846,-2,0,-68
1754124422.2364602,1,-4,-60
1754124422.27246,-7,0,-55
1754124422.31046,-3,0,-58
1754124422.3484602,0,-3,-53
1754124422.38746,-1,-6,-58
1754124422.42346,3,-1,-71
1754124422.4604602,-1,-4,-74
1754124422.49846,1,2,-68
1754124422.53746,0,8,-60
1754124422.57346,-4,0,-62
1754124422.61246,4,0,-66
1754124422.64946,2,9,-67
1754124422.68846,-1,6,-63
1754124422.72646,-2,1,-63
1754124422.76246,-2,1,-64
1754124422.80046,0,1,-70
1754124422.8384602,8,0,-64
1754124422.87746,0,3,-58
1754124422.91346,5,7,-58
1754124422.9504602,2,4,-60
1754124422.98846,3,3,-63
1754124423.02746,0,6,-57
1754124423.06346,1,3,-68
1754124423.10046,-3,0,-57
1754124423.1384602,-4,5,-52
1754124423.1774602,0,0,-53
1754124423.2134602,-4,1,-65
1754124423.25146,-11,-8,-61
1754124423.2894602,-2,-8,-57
1754124423.32846,-4,-7,-75
1754124423.36446,-2,-1,-71
1754124423.40346,-2,0,-64
1754124423.4404602,3,-7,-64
1754124423.47946,7,1,-58
1754124423.51746,3,6,-58
1754124423.55346,-4,9,-70
1754124423.59046,0,4,-65
1754124423.62946,2,-5,-61
1754124423.6674602,-1,0,-57
1754124423.70346,3,-8,-53
1754124423.7404602,0,1,-61
1754124423.7794602,-3,-1,-59
1754124423.81746,-7,-4,-67
1754124423.85346,-8,-1,-71
1754124423.89246,-6,-1,-72
1754124423.92946,-4,-2,-60
1754124423.96846,1,-5,-62
1754124424.00446,-3,-8,-49
1754124424.0424602,-2,1,-53
1754124424.08046,-3,-6,-71
1754124424.1184602,-7,-4,-72
1754124424.1574602,3,0,-76
1754124424.19346,-2,-1,-67
1754124424.23146,-5,6,-66
1754124424.2694602,0,1,-64
1754124424.30846,4,3,-51
1754124424.34446,2,-4,-59
1754124424.38346,-5,-2,-58
1754124424.42046,-5,-3,-62
1754124424.45946,0,-2,-46
1754124424.49746,-2,-2,-53
1754124424.53346,2,-11,-61
1754124424.57146,6,-10,-71
1754124424.60946,3,-6,-65
1754124424.64846,1,-1,-66
1754124424.6844602,-3,-3,-62
1754124424.72246,5,-4,-67
1754124424.76046,4,-5,-73
1754124424.7994602,0,-2,-65
1754124424.83746,-3,1,-71
1754124424.87346,-1,-2,-72
1754124424.9114602,-2,0,-60
1754124424.94946,7,-4,-64
1754124424.98846,-1,2,-65
1754124425.02446,-1,-2,-63
1754124425.06346,0,-6,-63
1754124425.10046,2,1,-56
1754124425.13946,0,0,-69
1754124425.1774602,-10,3,-67
1754124425.2134602,-2,-3,-73
1754124425.25146,3,-4,-73
1754124425.2894602,-5,-2,-56
1754124425.32846,-4,-2,-58
1754124425.36446,-7,2,-63
1754124425.4014602,-3,-3,-70
1754124425.43946,-1,7,-71
1754124425.47846,-3,6,-66
1754124425.51446,1,5,-71
1754124425.55146,-1,2,-72
1754124425.58946,4,3,-71
1754124425.6284602,0,-5,-78
1754124425.6644602,3,-6,-66
1754124425.70146,0,-1,-64
1754124425.73946,9,1,-63
1754124425.77846,7,-9,-67
1754124425.81446,5,0,-57
1754124425.85146,1,-8,-72
1754124425.88946,2,2,-63
1754124425.92846,6,1,-69
1754124425.96446,-6,-2,-63
1754124426.00246,-3,-2,-60
1754124426.04046,-3,-3,-58
1754124426.07946,-7,-1,-66
1754124426.1154602,-6,2,-63
1754124426.15346,-6,-1,-60
1754124426.19146,-6,-1,-60
1754124426.2304602,-4,3,-62
1754124426.26846,2,1,-57
1754124426.30446,2,-5,-68
1754124426.34346,4,0,-68
1754124426.38046,-6,0,-64
1754124426.41946,-1,-3,-59
1754124426.45646,-3,1,-66
1754124426.4934602,-1,2,-64
1754124426.5324602,-1,6,-67
1754124426.57046,0,0,-67
1754124426.6084602,1,-9,-64
1754124426.6444602,1,-5,-64
1754124426.68246,3,-2,-62
1754124426.72846,-2,4,-59
1754124426.76446,-2,0,-69
1754124426.8024602,0,2,-63
1754124426.84046,-5,3,-62
1754124426.87946,-3,0,-63
1754124426.91546,-1,-4,-64
1754124426.95346,0,1,-67
1754124426.99146,0,-4,-59
1754124427.03046,-3,-2,-66
1754124427.06846,-4,-5,-64
1754124427.10446,0,-4,-57
1754124427.14346,-3,-2,-62
1754124427.18146,0,7,-57
1754124427.21946,7,-1,-60
1754124427.2564602,0,6,-55
1754124427.29446,3,2,-59
1754124427.33146,0,-6,-65
1754124427.37046,-2,-6,-59
1754124427.40846,0,-3,-65
1754124427.4444602,-2,1,-78
1754124427.48246,4,2,-67
1754124427.52046,2,1,-72
1754124427.5594602,-4,1,-60
1754124427.5954602,-9,3,-56
1754124427.63346,0,-1,-68
1754124427.6714602,2,-6,-67
1754124427.7104602,1,-4,-78
1754124427.74846,-1,-2,-66
1754124427.78546,0,-3,-62
1754124427.82346,0,1,-56
1754124427.8614602,4,6,-63
1754124427.90046,2,-1,-63
1754124427.93646,8,-3,-68
1754124427.9734602,2,-2,-66
1754124428.01146,0,-2,-59
1754124428.05046,-7,5,-55
1754124428.08646,-5,2,-66
1754124428.12346,-7,-1,-63
1754124428.1614602,-4,4,-59
1754124428.2004602,-4,2,-63
1754124428.2364602,-2,-8,-63
1754124428.27446,4,1,-63
1754124428.3124602,4,-1,-57
1754124428.35046,-3,0,-62
1754124428.38946,-2,6,-48
1754124428.42546,-4,0,-55
1754124428.4634602,-11,0,-68
1754124428.50146,-8,-1,-65
1754124428.54046,-6,6,-68
1754124428.57646,6,-2,-72
1754124428.6154602,0,-7,-74
1754124428.65246,0,4,-67
1754124428.6904602,-2,-1,-69
1754124428.72946,-2,0,-64
1754124428.76546,-1,0,-73
1754124428.80346,2,1,-66
1754124428.84146,2,1,-52
1754124428.88046,0,0,-47
1754124428.91646,4,2,-59
1754124428.95446,-1,-3,-69
1754124428.99246,0,0,-54
1754124429.03146,-1,2,-68
1754124429.0694602,0,0,-63
1754124429.1054602,3,4,-60
1754124429.14246,-8,0,-56
1754124429.18146,-9,8,-65
1754124429.21946,-2,1,-60
1754124429.25546,-4,-3,-55
1754124429.29446,-3,1,-67
1754124429.3324602,-9,-1,-62
1754124429.37046,-10,-4,-56
1754124429.40646,-4,-2,-58
1754124429.4444602,-9,-4,-68
1754124429.48246,2,0,-72
1754124429.52146,2,-2,-64
1754124429.5594602,1,-7,-64
1754124429.5954602,-4,-3,-54
1754124429.63346,-1,-4,-67
1754124429.6714602,-2,-2,-67
1754124429.7104602,-4,1,-60
1754124429.7464602,3,-1,-67
1754124429.78446,-7,-2,-60
1754124429.8224602,0,-5,-61
1754124429.8614602,2,-1,-61
1754124429.89946,5,0,-54
1754124429.93546,0,-1,-66
1754124429.97446,-4,-3,-63
1754124430.01146,0,-6,-62
1754124430.0494602,6,0,-61
1754124430.0854602,0,1,-68
1754124430.12246,-11,-8,-61
1754124430.1614602,0,-3,-60
1754124430.1974602,0,0,-57
1754124430.23446,-3,-3,-59
1754124430.27246,4,1,-74
1754124430.31146,1,-4,-65
1754124430.34746,4,-2,-65
1754124430.3844602,-3,0,-70
1754124430.42346,0,0,-65
1754124430.46146,-6,-1,-69
1754124430.49746,-3,-2,-64
1754124430.53546,-3,4,-67
1754124430.57346,-6,1,-51
1754124430.6114602,1,5,-56
1754124430.65046,6,-5,-64
1754124430.68646,0,-4,-67
1754124430.72446,-2,-1,-59
1754124430.76246,-1,0,-54
1754124430.80146,-6,0,-54
1754124430.83746,-8,-8,-59
1754124430.87546,0,-3,-68
1754124430.91346,5,-2,-80
1754124430.95146,9,0,-71
1754124430.9904602,0,0,-67
1754124431.0264602,-3,5,-74
1754124431.06446,-5,-2,-59
1754124431.10346,13,0,-59
1754124431.1414602,1,3,-67
1754124431.1774602,4,0,-65
1754124431.21446,8,3,-61
1754124431.2534602,-3,-3,-66
1754124431.29146,1,3,-61
1754124431.32746,-4,0,-59
1754124431.36646,-1,0,-71
1754124431.40346,0,-4,-55
1754124431.44246,-1,-4,-56
1754124431.4804602,4,-3,-52
1754124431.5164602,5,-2,-51
1754124431.55446,0,8,-68
1754124431.5924602,-3,4,-68
1754124431.6314602,-7,4,-74
1754124431.6674602,-13,5,-61
1754124431.70546,-2,-1,-57
1754124431.7434602,0,1,-64
1754124431.7824602,-2,2,-65
1754124431.82046,-7,-1,-60
1754124431.85646,-1,-8,-64
1754124431.8944602,-1,-2,-66
1754124431.93346,0,2,-62
1754124431.97146,-4,2,-58
1754124432.00746,3,-2,-59
1754124432.04546,2,-3,-73
1754124432.08446,-2,2,-72
1754124432.12246,0,0,-63
1754124432.16046,-6,-4,-65
1754124432.19646,0,1,-61
1754124432.2334602,-4,4,-69
1754124432.27246,1,4,-50
1754124432.31046,1,5,-56
1754124432.34646,1,4,-75
1754124432.38346,-3,5,-71
1754124432.42246,8,3,-65
1754124432.45846,6,-4,-69
1754124432.4964602,-1,0,-73
1754124432.53446,0,-2,-63
1754124432.5724602,-2,-4,-65
1754124432.6114602,-6,2,-73
1754124432.64746,-1,6,-65
1754124432.68646,-3,-1,-71
1754124432.7234602,-3,-9,-71
1754124432.76246,1,-2,-63
1754124432.79846,2,-1,-60
1754124432.83646,2,0,-61
1754124432.87546,3,2,-67
1754124432.91246,0,-2,-62
1754124432.95146,2,-3,-63
1754124432.98746,-1,3,-72
1754124433.02546,2,5,-59
1754124433.06346,-3,-5,-58
1754124433.10246,-2,-8,-59
1754124433.1384602,-9,-4,-64
1754124433.17646,-1,-6,-58
1754124433.21446,2,-5,-69
1754124433.25246,-9,0,-52
1754124433.29146,0,-2,-55
1754124433.32746,-3,-3,-68
1754124433.3654602,0,-1,-61
1754124433.40346,4,-5,-63
1754124433.44246,9,-2,-70
1754124433.47846,2,0,-72
1754124433.5164602,4,-1,-62
1754124433.55346,4,2,-53
1754124433.5924602,0,-1,-57
1754124433.6284602,0,0,-56
1754124433.66546,-7,-2,-53
1754124433.70446,-2,-6,-61
1754124433.74246,-3,-1,-64
1754124433.77846,-6,10,-68
1754124433.81646,-9,11,-68
1754124433.85446,-9,3,-53
1754124433.89346,-3,-5,-77
1754124433.93146,-8,-2,-62
1754124433.9674602,-7,0,-58
1754124434.00446,-6,-1,-63
1754124434.04346,8,-2,-68
1754124434.08146,1,-2,-68
1754124434.11746,2,-5,-70
1754124434.15546,2,-5,-64
1754124434.19346,-5,-11,-66
1754124434.23246,-4,-2,-57
1754124434.26846,-3,0,-74
1754124434.30646,7,-10,-67
1754124434.34446,1,-7,-62
1754124434.38346,-4,0,-66
1754124434.4214602,-7,5,-66
1754124434.4574602,-4,3,-51
1754124434.4964602,0,-2,-64
1754124434.53346,0,0,-71
1754124434.5724602,5,0,-69
1754124434.6084602,4,-2,-62
1754124434.64646,1,-2,-62
1754124434.6844602,4,0,-68
1754124434.7234602,3,0,-73
1754124434.7594602,1,4,-61
1754124434.7964602,3,-1,-56
1754124434.83446,-2,4,-58
1754124434.87346,-2,-1,-54
1754124434.90946,1,-6,-72
1754124434.9474602,0,0,-63
1754124434.98546,2,1,-60
1754124435.02346,0,0,-63
1754124435.0624602,3,1,-63
1754124435.0984602,-3,0,-59
1754124435.13646,1,5,-57
1754124435.1744602,3,2,-53
1754124435.2134602,1,-2,-70
1754124435.24946,-2,-5,-74
1754124435.28746,3,-10,-72
1754124435.32646,5,2,-66
1754124435.36346,1,3,-62
1754124435.40246,-4,-3,-59
1754124435.43846,-2,-6,-74
1754124435.47646,1,-2,-79
1754124435.51446,0,-9,-56
1754124435.55346,-8,0,-66
1754124435.58946,-7,-3,-75
1754124435.62746,-4,1,-70
1754124435.66546,2,-1,-68
1754124435.70446,2,-3,-63
1754124435.74246,-8,-5,-71
1754124435.77846,0,-2,-70
1754124435.81746,-9,-1,-59
1754124435.85446,1,1,-52
1754124435.89346,0,0,-54
1754124435.92946,0,0,-55
1754124435.96646,-7,0,-61
1754124436.00446,3,0,-63
1754124436.04346,5,1,-60
1754124436.07946,4,-3,-63
1754124436.11746,-4,-9,-64
1754124436.15546,1,1,-64
1754124436.1944602,1,7,-67
1754124436.23246,-2,2,-64
1754124436.26846,0,-4,-64
1754124436.30646,5,8,-63
1754124436.34446,-4,-1,-61
1754124436.38346,-3,-4,-67
1754124436.42046,-1,-3,-72
1754124436.4574602,-1,0,-68
1754124436.49546,2,0,-67
1754124436.53446,7,1,-69
1754124436.5724602,1,-3,-67
1754124436.6084602,3,0,-70
1754124436.64546,2,2,-57
1754124436.6844602,0,0,-67
1754124436.72846,-4,0,-68
1754124436.76746,-8,0,-70
1754124436.80446,0,0,-62
1754124436.84346,-2,2,-66
1754124436.87946,-3,-3,-68
1754124436.9174602,-8,4,-68
1754124436.95546,1,-3,-65
1754124436.99446,-9,3,-59
1754124437.03046,-5,-1,-71
1754124437.06846,-2,-6,-72
1754124437.10646,-8,-1,-64
1754124437.1444602,-2,-5,-67
1754124437.18346,-6,-1,-68
1754124437.21946,-1,4,-58
1754124437.25746,-1,7,-66
1754124437.29546,3,5,-69
1754124437.33446,-8,-2,-60
1754124437.37046,0,0,-62
1754124437.4074602,7,1,-55
1754124437.44546,0,0,-61
1754124437.48446,6,1,-59
1754124437.52046,4,0,-64
1754124437.55746,2,-1,-65
1754124437.5954602,4,2,-61
1754124437.6344602,-2,-2,-65
1754124437.67046,0,-8,-58
1754124437.70946,10,-6,-62
1754124437.7464602,4,6,-60
1754124437.78446,0,6,-59
1754124437.82346,-8,2,-55
1754124437.85946,-9,-1,-59
1754124437.89746,2,-1,-58
1754124437.93546,-7,-1,-70
1754124437.97446,-5,0,-72
1754124438.01046,-5,1,-75
1754124438.04846,-3,0,-68
1754124438.08646,4,-9,-60
1754124438.12546,2,0,-64
1754124438.16346,2,-2,-54
1754124438.19946,8,-6,-58
1754124438.23846,0,0,-56
1754124438.27546,0,7,-60
1754124438.31446,0,1,-69
1754124438.35046,0,10,-78
1754124438.38746,1,0,-62
1754124438.42546,-1,-2,-54
1754124438.46446,-9,0,-55
1754124438.50046,-1,-9,-54
1754124438.53846,2,2,-64
1754124438.57646,-3,-1,-66
1754124438.6154602,-2,-3,-55
1754124438.65346,9,-2,-48
1754124438.68946,4,2,-61
1754124438.72646,5,0,-61
1754124438.76546,7,1,-68
1754124438.80346,-2,-6,-57
1754124438.83946,4,-3,-58
1754124438.87746,-2,0,-55
1754124438.91546,-1,2,-54
1754124438.95446,-3,0,-55
1754124438.9904602,-6,1,-62
1754124439.02846,0,-1,-61
1754124439.06646,-4,2,-63
1754124439.1054602,1,7,-64
1754124439.14346,0,3,-58
1754124439.17946,1,7,-68
1754124439.21646,0,-1,-60
1754124439.25546,-3,-6,-69
1754124439.29146,-2,-1,-69
1754124439.32946,-5,3,-57
1754124439.36746,-4,-3,-70
1754124439.40546,-6,-2,-59
1754124439.4444602,-5,-3,-66
1754124439.4804602,5,0,-74
1754124439.51746,-3,3,-74
1754124439.55646,-1,-9,-61
1754124439.59446,-5,-6,-61
1754124439.63046,0,0,-52
1754124439.6674602,-3,-5,-53
1754124439.70546,-1,0,-61
1754124439.74446,6,-1,-71
1754124439.78046,1,-6,-62
1754124439.81846,-1,-7,-60
1754124439.85646,-8,-6,-55
1754124439.89546,2,0,-75
1754124439.93146,0,-2,-67
1754124439.96946,5,3,-69
1754124440.00746,-4,8,-64
1754124440.04546,-5,2,-67
1754124440.08446,-6,1,-67
1754124440.12046,-1,-7,-64
1754124440.15846,-3,-4,-66
1754124440.19646,-5,-5,-63
1754124440.23546,1,0,-59
1754124440.27146,-3,0,-74
1754124440.31046,-9,-1,-72
1754124440.34746,-6,-6,-61
1754124440.38646,0,-4,-64
1754124440.4244602,-4,0,-65
1754124440.4604602,-1,-1,-62
1754124440.49846,-5,-1,-54
1754124440.5364602,1,3,-60
1754124440.5754602,0,-1,-65
1754124440.6114602,1,0,-70
1754124440.64946,4,-1,-72
1754124440.6874602,-2,-4,-57
1754124440.72646,-4,-6,-53
1754124440.76446,-6,-1,-61
1754124440.80046,0,0,-67
1754124440.8384602,-1,-2,-67
1754124440.87646,0,-4,-55
1754124440.91546,-4,0,-59
1754124440.95146,0,2,-59
1754124440.98846,-10,0,-54
1754124441.02746,-3,4,-68
1754124441.0654602,5,5,-63
1754124441.10146,8,-4,-69
1754124441.13946,2,-1,-62
1754124441.1774602,-5,-5,-68
1754124441.21646,0,-3,-65
1754124441.25446,-4,-1,-57
1754124441.29046,-5,-3,-65
1754124441.32846,0,0,-71
1754124441.36646,-2,-2,-63
1754124441.40546,-7,-5,-58
1754124441.44146,0,-2,-63
1754124441.47846,-2,-2,-75
1754124441.5164602,0,-2,-67
1754124441.55546,-1,-2,-59
1754124441.59146,-2,4,-65
1754124441.62946,-1,-2,-58
1754124441.6674602,0,5,-59
1754124441.70646,-6,3,-69
1754124441.74246,-6,0,-68
1754124441.7794602,-8,-6,-62
1754124441.81746,-1,-2,-70
1754124441.85646,-4,-2,-67
1754124441.89246,-3,3,-73
1754124441.93046,3,6,-68
1754124441.96846,-1,7,-54
1754124442.0064602,-4,4,-71
1754124442.04546,0,5,-73
1754124442.08146,0,2,-64
1754124442.1184602,4,-2,-69
1754124442.15646,3,1,-60
1754124442.19546,1,2,-70
1754124442.23146,-2,0,-62
1754124442.2694602,-4,5,-58
1754124442.30746,2,-1,-46
1754124442.34646,-1,-6,-69
1754124442.38246,-5,1,-66
1754124442.42046,-10,2,-64
1754124442.45846,-3,3,-60
1754124442.4964602,-1,2,-67
1754124442.53546,1,4,-66
1754124442.57146,4,0,-61
1754124442.6084602,-4,-2,-73
1754124442.64746,-4,-1,-68
1754124442.68546,-5,2,-62
1754124442.72146,-9,0,-65
1754124442.75846,0,3,-62
1754124442.79746,0,1,-62
1754124442.8354602,0,3,-64
1754124442.8714602,3,0,-68
1754124442.90846,6,-1,-61
1754124442.9474602,0,-2,-57
1754124442.98546,-3,0,-65
1754124443.02146,2,-4,-72
1754124443.0594602,-2,-3,-67
1754124443.09746,-4,-1,-60
1754124443.13646,0,-3,-71
1754124443.17246,-4,-8,-66
1754124443.2104602,0,-4,-60
1754124443.24846,0,0,-67
1754124443.28746,0,2,-66
1754124443.3254602,-4,1,-68
1754124443.3614602,-1,1,-68
1754124443.39946,0,0,-62
1754124443.4374602,4,0,-60
1754124443.47646,0,0,-60
1754124443.51246,1,4,-69
1754124443.55046,0,1,-66
1754124443.5884602,4,-3,-54
1754124443.62746,12,1,-61
1754124443.66546,0,0,-71
1754124443.70146,1,0,-68
1754124443.7404602,0,-1,-66
1754124443.77846,0,-7,-70
1754124443.81746,-4,0,-63
1754124443.8554602,-1,-1,-65
1754124443.89246,-1,-3,-60
1754124443.93046,-5,0,-70
1754124443.96846,-1,-6,-69
1754124444.00746,0,-7,-63
1754124444.04346,-4,0,-72
1754124444.08146,0,-1,-67
1754124444.11946,0,1,-72
1754124444.1574602,1,7,-68
1754124444.19646,3,-1,-70
1754124444.23246,-2,6,-64
1754124444.2694602,-1,1,-58
1754124444.30746,0,1,-70
1754124444.34646,-4,3,-53
1754124444.38246,2,0,-61
1754124444.41946,3,-4,-59
1754124444.4574602,-2,0,-71
1754124444.4964602,0,1,-62
1754124444.5324602,0,0,-64
1754124444.5694602,0,5,-71
1754124444.6084602,14,-1,-68
1754124444.64646,4,-4,-69
1754124444.68246,3,-7,-66
1754124444.7204602,3,-2,-63
1754124444.75846,0,0,-65
1754124444.79746,2,-1,-69
1754124444.83346,-3,-2,-65
1754124444.8714602,-1,0,-75
1754124444.90946,0,-1,-69
1754124444.94846,-3,-5,-78
1754124444.9864602,1,-8,-74
1754124445.02246,-2,-3,-70
1754124445.06046,-4,-8,-76
1754124445.0984602,1,-3,-71
1754124445.13746,1,1,-68
1754124445.17346,3,-1,-64
1754124445.21146,0,-6,-69
1754124445.25046,0,2,-63
1754124445.28846,-4,1,-69
1754124445.32646,-2,5,-61
1754124445.36246,0,3,-57
1754124445.40046,3,2,-65
1754124445.43846,-2,-4,-55
1754124445.47646,-12,6,-67
1754124445.51246,-4,7,-62
1754124445.55046,-3,5,-68
1754124445.5884602,-3,5,-59
1754124445.62746,-1,5,-56
1754124445.66346,0,-1,-62
1754124445.7004602,-4,-2,-59
1754124445.73846,-9,-5,-79
1754124445.77746,-6,-3,-68
1754124445.81346,-6,1,-61
1754124445.85146,-4,2,-56
1754124445.88946,-4,2,-62
1754124445.92846,-1,0,-56
1754124445.96646,-4,-2,-53
1754124446.00246,-2,-1,-51
1754124446.04046,-5,-4,-68
1754124446.07846,-9,-6,-68
1754124446.11746,-3,-3,-62
1754124446.15346,-11,0,-52
1754124446.19146,-11,-7,-59
1754124446.2304602,-2,-2,-60
1754124446.26846,9,2,-71
1754124446.30446,4,-2,-65
1754124446.3424602,0,0,-67
1754124446.38046,-6,-1,-60
1754124446.41846,-1,-3,-71
1754124446.4574602,0,-2,-63
1754124446.4934602,3,0,-73
1754124446.53046,1,-5,-62
1754124446.56846,6,-3,-58
1754124446.60746,2,-2,-65
1754124446.64346,-6,0,-66
1754124446.68046,-1,-7,-67
1754124446.71846,1,-3,-58
1754124446.76246,-3,-4,-66
1754124446.80146,0,0,-73
1754124446.8384602,-2,0,-67
1754124446.87746,2,3,-56
1754124446.91346,5,8,-55
1754124446.95146,6,-3,-59
1754124446.98946,-4,-2,-65
1754124447.02846,-1,-10,-71
1754124447.06446,-6,-5,-68
1754124447.10346,-4,0,-73
1754124447.14046,0,-1,-61
1754124447.17946,-3,-10,-59
1754124447.2174602,-6,-3,-56
1754124447.2534602,-2,2,-62
1754124447.29146,0,-1,-72
1754124447.32946,-3,-2,-59
1754124447.3684602,1,-5,-71
1754124447.40546,3,-1,-69
1754124447.44246,2,-3,-65
1754124447.4804602,-1,0,-73
1754124447.5194602,4,4,-72
1754124447.55746,0,3,-74
1754124447.59346,-4,1,-62
1754124447.6314602,0,0,-57
1754124447.66946,-5,-6,-68
1754124447.70846,0,-4,-71
1754124447.74446,9,-4,-64
1754124447.7824602,2,2,-72
1754124447.82046,0,1,-77
1754124447.85946,7,2,-71
1754124447.89746,3,1,-43
1754124447.93346,3,2,-52
1754124447.9704602,-1,-2,-48
1754124448.0094602,-2,0,-54
1754124448.04746,-6,3,-57
1754124448.08346,-5,-1,-59
1754124448.12246,-1,1,-65
1754124448.15946,-2,2,-60
1754124448.19846,-3,-3,-72
1754124448.23446,-6,-1,-61
1754124448.27246,-3,3,-64
1754124448.31046,-12,4,-66
1754124448.34946,-2,-4,-61
1754124448.38746,-5,0,-62
1754124448.42346,-2,3,-66
1754124448.46146,0,3,-66
1754124448.49946,-2,3,-68
1754124448.53846,2,-2,-62
1754124448.57446,-3,0,-55
1754124448.61246,-2,5,-53
1754124448.6514602,0,2,-61
1754124448.68946,-2,0,-67
1754124448.72546,-5,1,-77
1754124448.76446,-5,0,-69
1754124448.80146,-2,-2,-68
1754124448.83946,-4,-4,-78
1754124448.8784602,-7,-4,-78
1754124448.9144602,0,-5,-75
1754124448.95246,0,-1,-61
1754124448.9904602,-1,0,-68
1754124449.0294602,5,1,-58
1754124449.0654602,2,0,-63
1754124449.10346,0,-4,-61
1754124449.14246,2,-3,-64
1754124449.17946,5,-1,-59
1754124449.21846,5,-2,-55
1754124449.25446,-4,1,-63
1754124449.2924602,-7,-9,-64
1754124449.33146,-2,-5,-72
1754124449.36946,-3,2,-55
1754124449.40546,-1,3,-58
1754124449.44346,0,-1,-69
1754124449.48146,0,-4,-65
1754124449.52046,1,-7,-60
1754124449.55846,3,-5,-58
1754124449.59446,-2,-9,-56
1754124449.63246,-2,-3,-56
1754124449.67046,0,0,-56
1754124449.70946,0,3,-65
1754124449.74546,-6,-2,-63
1754124449.78346,6,-1,-66
1754124449.82146,0,0,-61
1754124449.86046,3,0,-71
1754124449.89846,-2,3,-60
1754124449.9344602,0,5,-65
1754124449.97146,-1,0,-70
1754124450.01046,2,1,-70
1754124450.04846,0,4,-65
1754124450.08446,1,6,-63
1754124450.1214602,2,1,-54
1754124450.16046,8,-5,-67
1754124450.19846,3,0,-62
1754124450.23446,4,0,-55
1754124450.27146,2,-7,-64
1754124450.31046,4,0,-63
1754124450.3484602,7,0,-63
1754124450.3844602,8,-2,-68
1754124450.42246,2,-2,-67
1754124450.4604602,2,4,-76
1754124450.49946,-7,-3,-79
1754124450.53546,0,-7,-57
1754124450.57346,-1,-1,-62
1754124450.6114602,0,6,-67
1754124450.65046,-5,3,-75
1754124450.68846,-3,5,-74
1754124450.72546,2,-3,-65
1754124450.76246,0,-1,-56
1754124450.80046,0,3,-55
1754124450.83946,-5,-1,-52
1754124450.87546,-8,-2,-61
1754124450.91346,-3,1,-67
1754124450.95246,0,1,-66
1754124450.9904602,-8,0,-71
1754124451.0264602,-6,-2,-58
1754124451.0654602,-2,-3,-54
1754124451.10246,-8,0,-58
1754124451.14046,-4,6,-59
1754124451.17946,0,-1,-61
1754124451.21546,-2,3,-73
1754124451.2534602,0,1,-66
1754124451.29146,-1,-1,-64
1754124451.33046,3,-8,-67
1754124451.36646,0,-6,-71
1754124451.4044602,4,2,-60
1754124451.44246,-1,4,-61
1754124451.4804602,3,2,-68
1754124451.5194602,4,-3,-73
1754124451.55546,5,-3,-69
1754124451.59346,-5,-5,-71
1754124451.63246,-12,-6,-63
1754124451.67046,0,-4,-76
1754124451.70646,1,-2,-67
1754124451.74446,-5,-4,-57
1754124451.7824602,0,1,-59
1754124451.82146,-2,-7,-48
1754124451.85946,-8,-2,-62
1754124451.89546,-8,3,-58
1754124451.93346,0,-2,-60
1754124451.97146,-1,-5,-59
1754124452.01046,0,-4,-68
1754124452.0464602,9,-4,-56
1754124452.08446,1,-2,-52
1754124452.12246,1,0,-50
1754124452.1614602,0,-2,-54
1754124452.19946,0,-4,-65
1754124452.23546,-3,0,-58
1754124452.27346,-4,-2,-52
1754124452.31146,-5,-1,-64
1754124452.35046,-5,0,-59
1754124452.38646,-1,-3,-52
1754124452.4244602,0,2,-56
1754124452.46246,-3,3,-57
1754124452.50146,-6,-4,-66
1754124452.5394602,0,0,-82
1754124452.5754602,0,0,-62
1754124452.61246,-3,-6,-67
1754124452.6514602,-2,-7,-60
1754124452.68946,1,-5,-63
1754124452.72546,8,3,-68
1754124452.76246,7,-1,-73
1754124452.80146,4,-1,-69
1754124452.83946,0,-3,-64
1754124452.87546,1,-5,-60
1754124452.9144602,-2,-6,-58
1754124452.95146,-2,-7,-66
1754124452.9904602,3,-4,-74
1754124453.0264602,7,-10,-70
1754124453.06446,2,-2,-58
1754124453.10246,-1,3,-56
1754124453.1414602,3,-7,-54
1754124453.1774602,0,1,-71
1754124453.21446,-2,1,-62
1754124453.25246,-3,-6,-66
1754124453.29146,0,-5,-61
1754124453.32746,1,-8,-69
1754124453.3654602,7,-6,-64
1754124453.40346,0,0,-68
1754124453.44146,2,0,-63
1754124453.4804602,1,-4,-53
1754124453.5164602,0,-2,-55
1754124453.55346,6,-7,-54
1754124453.59146,1,-4,-58
1754124453.63046,-2,-5,-75
1754124453.66646,-2,0,-63
1754124453.70346,1,-1,-64
1754124453.74146,-5,-4,-57
1754124453.78046,-5,0,-66
1754124453.81646,-1,-1,-78
1754124453.8554602,8,0,-65
1754124453.89246,4,2,-62
1754124453.93146,-1,1,-62
1754124453.9674602,-1,0,-58
1754124454.00546,7,1,-77
1754124454.04346,-3,-2,-66
1754124454.0824602,-3,9,-63
1754124454.12046,6,0,-57
1754124454.1574602,-6,1,-72
1754124454.1944602,-9,-1,-65
1754124454.23246,-1,-3,-69
1754124454.27146,-2,0,-63
1754124454.30746,-4,5,-63
1754124454.3454602,-3,7,-53
1754124454.38346,3,2,-66
1754124454.4214602,-2,6,-65
1754124454.4574602,-4,-3,-49
1754124454.49546,-4,2,-62
1754124454.53346,0,-9,-59
1754124454.5724602,2,-10,-64
1754124454.61046,6,-5,-63
1754124454.64646,0,-3,-58
1754124454.68346,-2,-3,-67
1754124454.72246,-2,-4,-45
1754124454.76046,0,0,-63
1754124454.7964602,1,0,-69
1754124454.83346,3,-4,-58
1754124454.87246,1,-7,-62
1754124454.91046,0,8,-62
1754124454.94646,-2,3,-57
1754124454.9834602,0,0,-60
1754124455.02246,0,-2,-72
1754124455.06046,-3,4,-70
1754124455.09646,1,2,-77
1754124455.13346,0,3,-59
1754124455.17246,-3,0,-67
1754124455.2104602,-4,-11,-64
1754124455.2464602,-4,0,-62
1754124455.28346,-4,0,-61
1754124455.3224602,-2,-2,-64
1754124455.3584602,-1,-7,-67
1754124455.39646,-3,0,-70
1754124455.4344602,-4,-2,-66
1754124455.47246,-1,-3,-56
1754124455.51146,7,-4,-66
1754124455.54746,-1,0,-63
1754124455.5854602,-4,1,-62
1754124455.62446,-3,6,-68
1754124455.66246,-1,0,-69
1754124455.69846,5,0,-55
1754124455.73546,-4,-1,-62
1754124455.77346,0,0,-66
1754124455.8124602,-4,-3,-71
1754124455.8484602,0,-4,-60
1754124455.88646,0,0,-60
1754124455.9244602,0,1,-67
1754124455.96246,2,-3,-69
1754124456.00146,1,4,-67
1754124456.03746,4,1,-73
1754124456.07446,0,4,-67
1754124456.11246,1,1,-75
1754124456.1514602,-1,-3,-67
1754124456.1874602,-9,0,-60
1754124456.22546,-9,-3,-65
1754124456.2634602,-5,0,-57
1754124456.3024602,-2,0,-66
1754124456.3384602,2,2,-69
1754124456.37646,0,-7,-74
1754124456.41546,6,-3,-65
1754124456.45346,3,1,-56
1754124456.49146,0,-4,-55
1754124456.52746,1,-9,-63
1754124456.56646,1,-9,-53
1754124456.60346,2,-6,-52
1754124456.64246,0,-2,-67
1754124456.67846,-1,-3,-55
1754124456.71646,-1,-3,-64
1754124456.75446,0,-3,-66
1754124456.79846,-3,-2,-70
1754124456.83646,-3,2,-64
1754124456.87446,-6,6,-71
1754124456.91346,-3,0,-60
1754124456.95146,2,3,-61
1754124456.98746,1,4,-59
1754124457.02546,-2,-5,-57
1754124457.06346,0,1,-67
1754124457.10246,0,-3,-66
1754124457.1384602,-1,-1,-63
1754124457.17646,0,-7,-62
1754124457.21546,4,-3,-64
1754124457.2534602,1,-5,-66
1754124457.29146,-8,-1,-61
1754124457.32746,4,-3,-57
1754124457.36646,2,-3,-67
1754124457.4044602,-1,0,-59
1754124457.44246,1,4,-67
1754124457.47846,-1,0,-64
1754124457.5164602,0,-3,-58
1754124457.55446,-5,3,-63
1754124457.59346,-6,1,-61
1754124457.62946,-6,1,-55
1754124457.6674602,-2,0,-75
1754124457.70546,7,-5,-71
1754124457.7434602,0,-8,-72
1754124457.7824602,0,3,-74
1754124457.81846,-3,-3,-67
1754124457.85646,3,0,-53
1754124457.8944602,0,3,-56
1754124457.93346,3,2,-65
1754124457.96946,4,0,-65
1754124458.0064602,-3,-2,-60
1754124458.04446,0,-5,-52
1754124458.08346,-5,-2,-58
1754124458.11946,2,-3,-56
1754124458.15646,-1,4,-55
1754124458.1944602,0,2,-53
1754124458.2334602,-4,0,-53
1754124458.2694602,4,-4,-59
1754124458.30646,2,0,-53
1754124458.34446,-3,0,-60
1754124458.38346,0,6,-73
1754124458.41946,-2,-1,-64
1754124458.4574602,-5,-3,-62
1754124458.49546,3,-3,-58
1754124458.53346,1,1,-65
1754124458.5724602,-2,-3,-77
1754124458.6084602,0,-1,-64
1754124458.64646,-1,0,-74
1754124458.6844602,3,3,-60
1754124458.72246,8,0,-54
1754124458.75846,5,-3,-67
1754124458.7964602,5,-3,-78
1754124458.83446,9,-2,-60
1754124458.87346,5,-1,-62
1754124458.90946,5,1,-60
1754124458.9474602,-7,-5,-71
1754124458.98546,-4,2,-68
1754124459.02446,7,-2,-66
1754124459.0624602,-2,1,-74
1754124459.0984602,-2,0,-65
1754124459.13746,-1,-1,-71
1754124459.1744602,1,-1,-64
1754124459.2134602,-1,-3,-63
1754124459.24946,-3,2,-59
1754124459.28746,0,1,-67
1754124459.3254602,1,-3,-71
1754124459.36446,2,-1,-77
1754124459.40246,3,0,-70
1754124459.43846,1,0,-65
1754124459.47546,-3,0,-50
1754124459.51446,-3,-1,-52
1754124459.5524602,-9,1,-53
1754124459.5884602,8,2,-59
1754124459.62546,-2,-6,-57
1754124459.6644602,-4,-4,-59
1754124459.70246,3,0,-60
1754124459.73846,-4,5,-54
1754124459.7764602,-4,4,-66
1754124459.81446,-8,-4,-62
1754124459.85346,0,-1,-59
1754124459.88946,-2,-6,-62
1754124459.92846,-5,-1,-64
1754124459.96546,5,-3,-62
1754124460.00446,-5,-2,-57
1754124460.04046,-1,7,-56
1754124460.07846,1,-2,-55
1754124460.11746,-2,-4,-61
1754124460.1544602,5,-6,-65
1754124460.19346,7,-8,-74
1754124460.22946,12,-7,-65
1754124460.26746,10,-2,-63
1754124460.30546,7,-1,-54
1754124460.34446,6,-7,-61
1754124460.38046,0,-3,-52
1754124460.4174602,-5,-6,-53
1754124460.45546,-1,1,-57
1754124460.49446,-3,3,-61
1754124460.53046,-1,-4,-60
1754124460.56846,-3,-4,-61
1754124460.60646,2,-5,-64
1754124460.64546,0,0,-55
1754124460.68346,1,1,-55
1754124460.71946,7,2,-60
1754124460.75846,-1,0,-54
1754124460.79546,-4,-3,-64
1754124460.83446,-1,-2,-62
1754124460.87046,-6,-1,-60
1754124460.90846,0,-5,-64
1754124460.94646,0,-2,-60
1754124460.98546,0,0,-59
1754124461.02346,1,0,-57
1754124461.0594602,-6,0,-66
1754124461.09746,-4,-2,-52
1754124461.13546,-5,-1,-56
1754124461.1744602,0,-3,-65
1754124461.2104602,-1,0,-63
1754124461.24946,4,2,-65
1754124461.2864602,-1,3,-70
1754124461.3254602,1,8,-64
1754124461.36346,-3,6,-62
1754124461.39946,-7,2,-54
1754124461.4374602,-3,0,-59
1754124461.47546,5,-1,-56
1754124461.51446,0,1,-80
1754124461.55046,0,-4,-69
1754124461.5884602,0,-3,-65
1754124461.62646,-6,4,-63
1754124461.66546,-4,0,-65
1754124461.70346,1,-2,-73
1754124461.73946,3,0,-68
1754124461.77846,10,0,-55
1754124461.8154602,-5,3,-44
1754124461.85446,1,3,-64
1754124461.89046,-4,-1,-61
1754124461.92846,-3,0,-60
1754124461.9674602,2,3,-71
1754124462.00546,-3,-4,-55
1754124462.04346,-2,-3,-54
1754124462.07946,-8,-3,-56
1754124462.11746,-2,-6,-71
1754124462.15546,5,-1,-59
1754124462.1944602,2,-3,-64
1754124462.2304602,3,-3,-59
1754124462.26846,2,-7,-65
1754124462.30646,-3,-6,-66
1754124462.3454602,-2,-5,-62
1754124462.3814602,0,0,-65
1754124462.41946,-5,3,-67
1754124462.4574602,-9,1,-67
1754124462.49546,-5,-1,-70
1754124462.53446,-1,-6,-67
1754124462.57046,-8,-9,-71
1754124462.6084602,-5,-7,-51
1754124462.64646,-3,3,-55
1754124462.68546,-10,0,-55
1754124462.72146,-9,2,-61
1754124462.75846,-5,2,-67
1754124462.7964602,-7,4,-66
1754124462.8354602,-3,5,-59
1754124462.8714602,-2,3,-62
1754124462.90846,0,6,-61
1754124462.94646,0,-6,-65
1754124462.98546,7,0,-69
1754124463.02146,2,1,-64
1754124463.05846,0,0,-69
1754124463.09646,5,-8,-60
1754124463.13546,11,0,-64
1754124463.1714602,5,-5,-62
1754124463.20846,1,-1,-65
1754124463.2464602,4,-5,-61
1754124463.28546,-1,-1,-60
1754124463.32146,-3,-3,-67
1754124463.35946,-1,0,-62
1754124463.39746,-1,-2,-64
1754124463.43646,0,1,-59
1754124463.47446,-2,2,-67
1754124463.51046,-1,5,-73
1754124463.54846,3,4,-67
1754124463.58646,3,5,-68
1754124463.62546,4,0,-68
1754124463.6614602,-6,1,-81
1754124463.69946,2,-3,-65
1754124463.73746,4,-9,-65
1754124463.7764602,8,-10,-64
1754124463.81446,8,-9,-69
1754124463.85146,2,-10,-69
1754124463.8884602,1,-1,-69
1754124463.92646,7,-3,-66
1754124463.96546,-1,0,-68
1754124464.00146,-1,-3,-77
1754124464.0394602,-3,2,-63
1754124464.07746,-6,1,-67
1754124464.11646,-8,1,-60
1754124464.1544602,-5,-4,-65
1754124464.1904602,0,-1,-69
1754124464.22846,2,0,-62
1754124464.2664602,8,-9,-59
1754124464.30546,-3,-8,-62
1754124464.34146,-3,-5,-53
1754124464.37946,3,-2,-55
1754124464.4174602,1,-3,-53
1754124464.45646,2,-4,-68
1754124464.49246,0,-8,-71
1754124464.53046,-3,-5,-66
1754124464.56846,0,7,-56
1754124464.60646,1,2,-58
1754124464.64546,-4,3,-68
1754124464.68146,-1,2,-68
1754124464.71846,-4,4,-67
1754124464.7564602,-5,1,-64
1754124464.79546,-1,1,-53
1754124464.83146,-2,0,-53
1754124464.86946,2,0,-53
1754124464.9074602,6,5,-52
1754124464.94646,3,1,-76
1754124464.98246,-1,-1,-68
1754124465.02046,1,0,-61
1754124465.0594602,0,-2,-67
1754124465.09646,-1,0,-61
1754124465.13546,-4,-1,-62
1754124465.1714602,-1,-4,-54
1754124465.20946,-6,-2,-67
1754124465.24746,-11,-3,-67
1754124465.2864602,0,0,-60
1754124465.3224602,1,0,-58
1754124465.35946,1,4,-59
1754124465.39746,2,-5,-56
1754124465.43646,-2,9,-71
1754124465.47246,-6,0,-69
1754124465.51046,-11,3,-58
1754124465.54846,-3,2,-61
1754124465.58746,-4,2,-64
1754124465.62546,-9,-1,-71
1754124465.6614602,-9,-7,-70
1754124465.69946,-2,-4,-77
1754124465.73746,1,-3,-73
1754124465.7764602,-2,-3,-74
1754124465.8124602,-2,-2,-76
1754124465.85146,-3,7,-61
1754124465.8884602,-3,-6,-52
1754124465.9274602,4,-2,-59
1754124465.96546,7,0,-63
1754124466.00146,6,0,-52
1754124466.03846,-2,-3,-56
1754124466.07746,-2,0,-60
1754124466.1154602,-4,-3,-62
1754124466.1514602,-3,3,-66
1754124466.18946,2,4,-51
1754124466.22746,4,3,-60
1754124466.2664602,4,0,-63
1754124466.3024602,6,4,-62
1754124466.33946,-1,1,-63
1754124466.37746,2,1,-73
1754124466.41646,-6,-5,-70
1754124466.45246,-5,7,-67
1754124466.4904602,-5,7,-60
1754124466.52846,-1,-1,-62
1754124466.56746,0,-5,-63
1754124466.6054602,0,0,-60
1754124466.6414602,5,0,-61
1754124466.67846,9,0,-54
1754124466.7174602,0,-5,-66
1754124466.75546,-9,-4,-60
1754124466.79146,-4,-5,-60
1754124466.83746,4,-1,-66
1754124466.87346,2,-4,-64
1754124466.91246,3,-2,-59
1754124466.94946,2,5,-62
1754124466.98846,0,0,-61
1754124467.0264602,6,3,-61
1754124467.0624602,5,3,-65
1754124467.09946,0,2,-52
1754124467.13746,-1,1,-50
1754124467.17646,7,1,-67
1754124467.21246,-2,3,-73
1754124467.25046,-3,-11,-66
1754124467.28846,-5,-5,-66
1754124467.32746,-4,-3,-65
1754124467.36346,0,-1,-45
1754124467.4014602,0,3,-61
1754124467.43946,-6,1,-61
1754124467.47746,-4,3,-62
1754124467.5164602,-6,1,-60
1754124467.5524602,1,-1,-56
1754124467.59046,-6,-2,-67
1754124467.6284602,-1,-3,-72
1754124467.6674602,1,-1,-62
1754124467.70346,-4,3,-63
1754124467.74146,-8,6,-56
1754124467.7794602,-4,3,-64
1754124467.81846,-3,2,-66
1754124467.85646,2,-4,-69
1754124467.89246,0,-2,-67
1754124467.93046,-6,4,-58
1754124467.96846,0,2,-68
1754124468.00746,-4,0,-49
1754124468.04346,-1,2,-69
1754124468.08146,-6,0,-71
1754124468.11946,-7,2,-69
1754124468.15846,-4,-1,-80
1754124468.19646,2,-5,-64
1754124468.23246,-1,-3,-60
1754124468.27046,-7,-6,-67
1754124468.30846,-1,-4,-68
1754124468.34746,5,-1,-57
1754124468.38346,0,-6,-53
1754124468.42046,3,3,-59
1754124468.45846,0,-3,-64
1754124468.49746,0,-7,-67
1754124468.53346,0,-8,-65
1754124468.5724602,-7,-3,-65
1754124468.60946,-9,1,-60
1754124468.64846,0,0,-55
1754124468.68646,0,-2,-57
1754124468.72246,0,-3,-65
1754124468.76046,-1,0,-65
1754124468.79846,0,1,-58
1754124468.83746,-1,2,-63
1754124468.87346,-6,1,-57
1754124468.9114602,-6,4,-65
1754124468.94946,0,-1,-60
1754124468.98846,-6,2,-60
1754124469.0264602,0,-7,-63
1754124469.0624602,-5,-3,-58
1754124469.10046,-2,-3,-70
1754124469.13946,4,0,-74
1754124469.1774602,4,0,-56
1754124469.2134602,-2,2,-54
1754124469.25046,-4,1,-68
1754124469.2894602,-4,5,-79
1754124469.32746,-3,4,-70
1754124469.36346,7,0,-66
1754124469.40046,4,0,-55
1754124469.43946,1,-5,-56
1754124469.47746,-2,-2,-59
1754124469.5134602,-6,-6,-65
1754124469.5524602,-5,-4,-66
1754124469.58946,2,-2,-65
1754124469.6284602,5,5,-66
1754124469.6644602,0,0,-62
1754124469.70246,-4,-3,-70
1754124469.73946,-13,-3,-56
1754124469.77846,-3,0,-66
1754124469.81446,-4,3,-72
1754124469.85246,0,0,-61
1754124469.88946,1,6,-62
1754124469.92846,9,6,-68
1754124469.96446,3,0,-62
1754124470.00246,6,-1,-64
1754124470.0394602,6,0,-71
1754124470.07846,0,-5,-57
1754124470.11446,2,-2,-52
1754124470.15246,5,1,-55
1754124470.18946,1,-8,-49
1754124470.22846,8,-4,-61
1754124470.26446,8,-1,-61
1754124470.3024602,-4,-1,-60
1754124470.34046,-6,-2,-63
1754124470.37946,-2,-2,-65
1754124470.4174602,-7,-7,-62
1754124470.45346,-4,-3,-57
1754124470.49246,0,-1,-58
1754124470.53046,0,-6,-63
1754124470.56846,0,-4,-61
1754124470.60446,-7,-8,-60
1754124470.64246,0,1,-57
1754124470.68046,-3,0,-70
1754124470.71946,-1,-2,-69
1754124470.75746,-2,0,-60
1754124470.79346,7,-3,-71
1754124470.83046,3,-7,-73
1754124470.86946,2,0,-58
1754124470.9074602,0,-7,-57
1754124470.94346,1,2,-56
1754124470.9804602,-3,-5,-58
1754124471.0194602,-2,0,-66
1754124471.05746,-3,0,-66
1754124471.09346,1,-3,-63
1754124471.1314602,9,1,-60
1754124471.16946,4,-2,-62
1754124471.20846,2,-3,-64
1754124471.24446,-3,0,-62
1754124471.2824602,-3,-5,-60
1754124471.32046,-2,-2,-62
1754124471.35946,3,-2,-61
1754124471.39746,3,-2,-51
1754124471.43346,0,2,-65
1754124471.47146,5,-2,-76
1754124471.5094602,0,-1,-78
1754124471.54846,7,-1,-71
1754124471.58446,3,0,-71
1754124471.6214602,4,-4,-60
1754124471.65946,-5,6,-61
1754124471.69846,0,-4,-59
1754124471.73446,0,0,-64
1754124471.77146,-1,4,-57
1754124471.8094602,6,-7,-57
1754124471.8484602,3,-9,-63
1754124471.8844602,1,0,-65
1754124471.9214602,1,-5,-61
1754124471.95946,-4,4,-71
1754124471.99846,-5,-4,-64
1754124472.03446,2,-3,-68
1754124472.07346,5,2,-61
1754124472.11046,0,0,-71
1754124472.14946,4,2,-61
1754124472.18546,3,1,-59
1754124472.2234602,-2,0,-59
1754124472.26146,-1,-4,-64
1754124472.2994602,-2,0,-58
1754124472.3384602,0,0,-59
1754124472.37446,0,-1,-48
1754124472.4114602,-8,5,-49
1754124472.4504602,-1,-1,-62
1754124472.48846,-3,1,-58
1754124472.52446,-5,1,-67
1754124472.5624602,0,0,-72
1754124472.60046,0,4,-74
1754124472.63946,0,0,-72
1754124472.67546,0,-2,-62
1754124472.7134602,-4,-1,-61
1754124472.75146,-5,1,-68
1754124472.79046,-1,-6,-58
1754124472.82846,-1,-7,-58
1754124472.86446,4,-11,-69
1754124472.90346,2,-7,-71
1754124472.9404602,2,-2,-65
1754124472.97946,-8,0,-54
1754124473.01546,-1,0,-51
1754124473.05346,-1,-7,-61
1754124473.09146,1,-5,-56
1754124473.13046,-1,-3,-66
1754124473.16846,-3,-2,-64
1754124473.20446,2,-8,-57
1754124473.24246,0,-4,-68
1754124473.28046,1,-4,-70
1754124473.3194602,5,-5,-60
1754124473.3554602,-2,-7,-58
1754124473.3944602,2,-3,-61
1754124473.43146,0,-5,-65
1754124473.4704602,0,-4,-70
1754124473.50846,-3,-5,-66
1754124473.54446,-7,-8,-61
1754124473.5824602,2,-1,-58
1754124473.62046,-2,0,-69
1754124473.65946,-6,-3,-71
1754124473.69546,-5,-4,-78
1754124473.7334602,-7,-4,-62
1754124473.77146,-1,-6,-56
1754124473.81046,0,0,-58
1754124473.8484602,1,-6,-57
1754124473.88546,-3,-5,-63
1754124473.92346,1,-5,-62
1754124473.96146,4,-9,-60
1754124474.00046,0,-2,-62
1754124474.0364602,5,0,-68
1754124474.07446,-2,-1,-64
1754124474.11246,-3,-3,-62
1754124474.15046,-1,-3,-53
1754124474.18946,5,-2,-54
1754124474.22546,7,3,-58
1754124474.26246,0,-2,-64
1754124474.30046,0,0,-61
1754124474.33946,-4,1,-69
1754124474.37546,-1,0,-63
1754124474.41346,-2,-4,-59
1754124474.45146,-8,-5,-65
1754124474.4904602,-1,0,-73
1754124474.5264602,6,0,-63
1754124474.56346,-2,1,-65
1754124474.60146,2,1,-69
1754124474.64046,6,3,-75
1754124474.67646,2,-2,-76
1754124474.71446,7,-5,-61
1754124474.75246,10,-4,-64
1754124474.79146,3,-3,-74
1754124474.82946,2,-1,-65
1754124474.8654602,6,-3,-51
1754124474.9044602,0,-1,-54
1754124474.94146,3,-4,-62
1754124474.9804602,-1,0,-73
1754124475.0164602,-1,2,-72
1754124475.05446,1,-5,-61
1754124475.09146,0,-3,-70
1754124475.13046,-4,0,-76
1754124475.16646,-5,-1,-64
1754124475.20446,5,-1,-56
1754124475.24246,2,-3,-68
1754124475.28146,4,0,-58
1754124475.3194602,1,3,-57
1754124475.3554602,1,1,-66
1754124475.39246,2,-3,-70
1754124475.43146,2,-4,-61
1754124475.46946,4,-4,-63
1754124475.50546,2,-5,-62
1754124475.54346,-4,4,-66
1754124475.58146,-7,-3,-64
1754124475.62046,0,-1,-69
1754124475.65646,0,0,-68
1754124475.69546,-1,-2,-62
1754124475.73246,0,-1,-70
1754124475.77146,1,-1,-67
1754124475.8094602,-6,-3,-74
1754124475.8454602,-4,-2,-70
1754124475.88346,2,-2,-71
1754124475.9214602,0,0,-69
1754124475.9604602,0,-5,-61
1754124475.9964602,3,-1,-58
1754124476.03446,0,4,-64
1754124476.0724602,-5,-3,-75
1754124476.1114602,0,6,-67
1754124476.14746,3,1,-63
1754124476.1844602,-4,0,-61
1754124476.22246,0,-3,-64
1754124476.26146,-7,-3,-63
1754124476.29746,-6,8,-61
1754124476.3354602,2,-2,-63
1754124476.37346,1,-3,-54
1754124476.41246,-4,-7,-69
1754124476.4504602,6,0,-54
1754124476.4864602,3,-7,-60
1754124476.52546,0,-4,-55
1754124476.5624602,-8,2,-54
1754124476.60146,-4,2,-58
1754124476.63746,0,-1,-51
1754124476.67546,6,-10,-53
1754124476.71446,4,-2,-62
1754124476.7534602,5,-1,-64
1754124476.79146,6,-2,-67
1754124476.82746,4,-2,-64
1754124476.87346,0,-8,-65
1754124476.9114602,2,3,-67
1754124476.94846,0,-1,-67
1754124476.98546,0,-2,-82
1754124477.02346,2,-11,-69
1754124477.0624602,1,-4,-67
1754124477.10046,6,0,-53
1754124477.13646,2,3,-60
1754124477.17346,2,-2,-70
1754124477.21246,-3,-3,-63
1754124477.25046,0,0,-66
1754124477.2864602,-6,-3,-67
1754124477.3254602,-6,5,-50
1754124477.36246,0,4,-60
1754124477.4014602,1,2,-56
1754124477.4374602,-3,0,-64
1754124477.47646,0,-9,-71
1754124477.5134602,-3,-6,-68
1754124477.5524602,-10,-2,-73
1754124477.59046,0,2,-67
1754124477.62646,-1,4,-66
1754124477.6644602,-4,2,-66
1754124477.70246,0,-2,-62
1754124477.74146,-6,1,-56
1754124477.77746,-6,0,-66
1754124477.81646,-3,-2,-66
1754124477.85346,-4,0,-62
1754124477.89246,-1,-2,-58
1754124477.93046,3,6,-67
1754124477.96646,2,2,-64
1754124478.0034602,0,-2,-66
1754124478.0424602,6,-5,-68
1754124478.08046,-3,-3,-73
1754124478.11646,-2,-2,-68
1754124478.15546,6,2,-55
1754124478.19246,3,1,-55
1754124478.23146,1,-7,-73
1754124478.26746,-1,-1,-80
1754124478.30546,6,0,-71
1754124478.34346,3,-1,-64
1754124478.38246,0,-1,-69
1754124478.41846,0,5,-66
1754124478.45546,1,0,-61
1754124478.4934602,-3,-2,-52
1754124478.5324602,4,-6,-73
1754124478.56846,0,0,-77
1754124478.6054602,-6,4,-66
1754124478.64346,-7,1,-71
1754124478.68246,1,2,-62
1754124478.71846,-5,7,-62
1754124478.75546,-9,1,-57
1754124478.79346,0,-6,-69
1754124478.8324602,0,-1,-74
1754124478.8684602,-6,-1,-61
1754124478.90646,0,0,-56
1754124478.9444602,-2,3,-60
1754124478.9834602,-1,0,-65
1754124479.02146,1,-2,-67
1754124479.05846,3,3,-59
1754124479.0954602,5,0,-63
1754124479.13346,-4,2,-69
1754124479.17246,-3,0,-54
1754124479.20846,5,6,-62
1754124479.2464602,1,0,-66
1754124479.28346,0,2,-79
1754124479.3224602,0,0,-55
1754124479.3584602,2,5,-68
1754124479.39646,6,-2,-70
1754124479.43346,7,6,-52
1754124479.47246,-2,0,-65
1754124479.50846,1,0,-65
1754124479.54546,-4,0,-67
1754124479.58346,0,-2,-68
1754124479.62246,-1,3,-63
1754124479.65846,-8,-1,-63
1754124479.69646,-5,0,-57
1754124479.73446,2,2,-58
1754124479.77346,-6,0,-56
1754124479.81146,0,1,-51
1754124479.84746,0,-1,-60
1754124479.8844602,-7,1,-58
1754124479.92346,-8,3,-60
1754124479.96146,-2,0,-65
1754124479.99746,0,1,-62
1754124480.03446,-2,-3,-58
1754124480.07346,-6,-5,-60
1754124480.1114602,0,-6,-66
1754124480.14746,4,-1,-69
1754124480.18546,0,-9,-61
1754124480.2234602,-4,2,-63
1754124480.26246,1,4,-59
1754124480.29846,3,6,-68
1754124480.33646,-6,8,-64
1754124480.37446,-1,8,-64
1754124480.41346,6,4,-65
1754124480.45146,1,0,-58
1754124480.48746,-4,-1,-73
1754124480.5264602,-4,3,-67
1754124480.56346,-6,3,-72
1754124480.60246,1,-3,-74
1754124480.6384602,-4,1,-70
1754124480.67646,-1,0,-68
1754124480.71446,-2,3,-74
1754124480.7534602,2,2,-54
1754124480.7894602,3,4,-61
1754124480.82646,-4,-3,-47
1754124480.86446,-2,1,-60
1754124480.90346,3,-2,-67
1754124480.93946,-1,1,-68
1754124480.97746,-1,0,-68
1754124481.01546,-3,3,-64
1754124481.05346,-1,0,-68
1754124481.0924602,0,-5,-67
1754124481.1284602,-3,-5,-71
1754124481.16646,4,-2,-65
1754124481.20446,4,-5,-68
1754124481.2434602,-7,-7,-66
1754124481.2794602,-5,-8,-66
1754124481.31746,-12,-1,-56
1754124481.35646,-7,0,-68
1754124481.39346,-2,-1,-75
1754124481.43246,-5,2,-72
1754124481.46846,-6,3,-61
1754124481.5064602,-1,-7,-65
1754124481.54446,5,-3,-59
1754124481.58346,-6,0,-63
1754124481.61946,-2,-3,-67
1754124481.6574602,-1,-2,-61
1754124481.69646,-2,-2,-69
1754124481.73446,2,-2,-68
1754124481.77246,-4,-3,-74
1754124481.80846,-6,-4,-69
1754124481.84646,2,3,-73
1754124481.8844602,-2,8,-66
1754124481.92346,-8,5,-64
1754124481.95946,-11,4,-59
1754124481.9964602,0,0,-53
1754124482.03446,-1,-3,-66
1754124482.07346,-1,0,-69
1754124482.10946,2,-4,-66
1754124482.14746,1,-2,-63
1754124482.1844602,-3,5,-68
1754124482.2234602,-3,1,-67
1754124482.2594602,0,0,-65
1754124482.2964602,-1,1,-74
1754124482.33446,-5,1,-67
1754124482.37346,-3,-1,-60
1754124482.40946,-8,5,-58
1754124482.44646,-2,0,-62
1754124482.48446,9,3,-68
1754124482.52346,2,0,-67
1754124482.5594602,2,0,-68
1754124482.59646,1,-4,-56
1754124482.6344602,0,0,-52
1754124482.67346,3,0,-61
1754124482.70946,-3,2,-63
1754124482.7464602,0,3,-63
1754124482.78446,-5,0,-62
1754124482.82346,0,-1,-66
1754124482.85946,0,0,-73
1754124482.89646,0,1,-70
1754124482.9344602,0,-3,-60
1754124482.9734602,1,-4,-59
1754124483.0094602,5,-4,-55
1754124483.0464602,-1,-4,-59
1754124483.08446,-7,-1,-62
1754124483.12346,6,3,-58
1754124483.15946,0,4,-62
1754124483.19846,-2,-1,-54
1754124483.23546,-2,0,-58
1754124483.27446,-8,2,-77
1754124483.31046,0,5,-71
1754124483.3484602,-11,8,-69
1754124483.38546,-5,8,-65
1754124483.4244602,-1,0,-73
1754124483.4604602,2,-3,-69
1754124483.49746,1,-1,-61
1754124483.53546,1,-6,-59
1754124483.57446,-2,-7,-64
1754124483.61046,1,-6,-59
1754124483.64846,1,-3,-72
1754124483.68546,0,0,-68
1754124483.72446,0,-3,-68
1754124483.76046,-2,-2,-69
1754124483.79846,8,0,-65
1754124483.83646,8,0,-63
1754124483.87546,-1,0,-56
1754124483.91346,1,5,-57
1754124483.94946,-2,0,-62
1754124483.98746,-6,0,-64
1754124484.02546,-6,-2,-57
1754124484.06446,-9,0,-62
1754124484.10046,-13,-1,-58
1754124484.1384602,-2,-1,-56
1754124484.1774602,0,-5,-58
1754124484.21546,0,0,-66
1754124484.2534602,-8,0,-74
1754124484.2894602,-1,2,-61
1754124484.32746,0,2,-67
1754124484.3654602,2,2,-66
1754124484.4044602,2,-5,-59
1754124484.4404602,0,-1,-68
1754124484.47746,2,0,-69
1754124484.51546,0,2,-58
1754124484.55446,1,-2,-58
1754124484.59046,3,0,-66
1754124484.62746,1,7,-66
1754124484.66546,-3,-4,-60
1754124484.70446,0,-2,-68
1754124484.7404602,-7,0,-66
1754124484.77846,0,-4,-73
1754124484.81646,-3,2,-60
1754124484.8554602,1,-1,-64
1754124484.89346,3,0,-69
1754124484.92946,8,-3,-68
1754124484.9674602,3,-1,-51
1754124485.00546,3,0,-54
1754124485.04446,4,-1,-45
1754124485.08046,-2,4,-52
1754124485.1184602,-2,0,-67
1754124485.1574602,-3,0,-65
1754124485.19546,-5,-4,-53
1754124485.23146,-4,0,-56
1754124485.2694602,-2,-4,-66
1754124485.30746,0,-2,-68
1754124485.3454602,0,-2,-58
1754124485.3844602,-2,0,-65
1754124485.42046,1,1,-63
1754124485.45846,-2,-1,-54
1754124485.4964602,2,-4,-62
1754124485.53546,-4,0,-52
1754124485.57146,-6,-7,-64
1754124485.60946,2,-2,-67
1754124485.64846,8,-7,-49
1754124485.68546,4,-4,-65
1754124485.72446,3,-3,-63
1754124485.76046,5,-1,-57
1754124485.79846,-2,3,-65
1754124485.83646,-6,1,-53
1754124485.87546,-2,0,-48
1754124485.9114602,0,-5,-62
1754124485.94946,-6,2,-69
1754124485.98746,-3,3,-72
1754124486.0264602,-5,-7,-66
1754124486.06446,11,-6,-68
1754124486.10046,9,-3,-61
1754124486.1384602,0,-5,-70
1754124486.17646,-1,-9,-70
1754124486.21546,-14,-5,-78
1754124486.25146,-8,0,-70
1754124486.28846,-2,-4,-64
1754124486.32646,2,-2,-62
1754124486.3654602,-2,5,-61
1754124486.4014602,-4,1,-62
1754124486.43846,-1,2,-60
1754124486.47646,0,0,-55
1754124486.51546,6,-2,-55
1754124486.55146,2,0,-52
1754124486.5884602,2,-5,-65
1754124486.62646,0,-6,-58
1754124486.66546,-3,-7,-64
1754124486.70146,0,-4,-68
1754124486.73846,2,-1,-65
1754124486.7764602,0,2,-67
1754124486.8154602,3,4,-61
1754124486.85146,-1,1,-69
1754124486.89746,5,1,-62
1754124486.93546,-3,-9,-72
1754124486.97146,-2,-5,-76
1754124487.0094602,0,0,-52
1754124487.04746,1,0,-53
1754124487.08646,14,7,-56
1754124487.12446,1,5,-66
1754124487.16046,-4,-4,-67
1754124487.19946,-1,-6,-68
1754124487.2364602,0,-1,-61
1754124487.27546,-6,-3,-61
1754124487.31146,1,-3,-61
1754124487.34946,-3,-3,-56
1754124487.38746,-3,3,-69
1754124487.42646,-7,5,-75
1754124487.46246,-10,7,-78
1754124487.50046,-4,3,-72
1754124487.53846,-3,-3,-66
1754124487.57646,-1,0,-75
1754124487.6154602,0,0,-72
1754124487.6514602,-2,-2,-70
1754124487.68946,-2,0,-64
1754124487.72746,0,2,-72
1754124487.7664602,4,0,-72
1754124487.8024602,0,2,-73
1754124487.84046,5,3,-56
1754124487.8784602,1,-2,-62
1754124487.91646,3,-8,-62
1754124487.95246,0,-4,-66
1754124487.9904602,6,5,-64
1754124488.02846,-1,0,-63
1754124488.06646,-1,1,-63
1754124488.1054602,-1,4,-64
1754124488.1414602,-5,0,-56
1754124488.17946,-4,0,-57
1754124488.2174602,-4,-3,-66
1754124488.2564602,-3,-2,-58
1754124488.2924602,1,0,-47
1754124488.32946,-1,5,-75
1754124488.36746,-3,-4,-72
1754124488.40646,-1,-9,-63
1754124488.44246,11,-4,-72
1754124488.4804602,-2,-8,-75
1754124488.5194602,-1,-2,-58
1754124488.55746,-2,3,-59
1754124488.5954602,0,-3,-54
1754124488.6314602,-3,-6,-51
1754124488.66946,-6,1,-67
1754124488.70846,-6,0,-60
1754124488.7464602,-2,-1,-70
1754124488.78346,0,4,-58
1754124488.82046,0,2,-66
1754124488.8584602,0,0,-63
1754124488.89746,-4,4,-65
1754124488.93546,2,5,-67
1754124488.97146,3,0,-60
1754124489.00846,-2,0,-64
1754124489.04746,3,0,-59
1754124489.0854602,5,3,-51
1754124489.1214602,2,2,-59
1754124489.15846,-9,-3,-62
1754124489.1974602,-5,-6,-62
1754124489.23546,2,-1,-56
1754124489.27146,2,2,-61
1754124489.30846,2,-3,-67
1754124489.34746,4,-2,-71
1754124489.38546,-1,-6,-73
1754124489.4214602,-4,-10,-57
1754124489.45946,-2,-11,-60
1754124489.49746,0,-6,-48
1754124489.5364602,3,0,-71
1754124489.5724602,8,0,-59
1754124489.60946,4,-2,-69
1754124489.64746,0,-6,-63
1754124489.68646,0,-2,-63
1754124489.72246,0,0,-60
1754124489.7594602,-5,5,-63
1754124489.79746,-3,-1,-46
1754124489.83646,-1,-2,-54
1754124489.87246,-1,-4,-62
1754124489.91046,0,-1,-64
1754124489.94846,0,-3,-63
1754124489.98746,0,2,-63
1754124490.02446,-7,4,-63
1754124490.06146,-5,1,-64
1754124490.10046,1,-5,-65
1754124490.13746,-4,-4,-72
1754124490.17646,-3,-1,-67
1754124490.21246,-6,-2,-64
1754124490.25046,0,3,-57
1754124490.28846,3,7,-57
1754124490.32746,1,-1,-64
1754124490.36346,2,1,-60
1754124490.40046,0,4,-73
1754124490.43846,-5,0,-61
1754124490.47746,9,-4,-63
1754124490.5134602,4,-4,-65
1754124490.55146,-1,-1,-68
1754124490.58946,0,-1,-62
1754124490.62746,0,-1,-59
1754124490.66646,0,-3,-59
1754124490.70246,4,-2,-54
1754124490.7404602,-7,-4,-55
1754124490.77846,1,-8,-65
1754124490.81746,8,0,-68
1754124490.85346,7,0,-61
1754124490.8914602,0,0,-60
1754124490.92946,1,-4,-65
1754124490.96846,6,-3,-63
1754124491.0064602,-5,-3,-73
1754124491.0424602,-4,-3,-70
1754124491.08046,-3,0,-64
1754124491.1184602,0,5,-73
1754124491.1574602,1,5,-71
1754124491.19346,8,-4,-65
1754124491.23146,-1,-5,-69
1754124491.2694602,0,0,-66
1754124491.30846,-4,0,-53
1754124491.34646,-4,-1,-59
1754124491.38246,-5,2,-59
1754124491.41946,-1,0,-65
1754124491.45846,1,0,-63
1754124491.4964602,3,-2,-57
1754124491.5324602,-6,3,-58
1754124491.5694602,-1,1,-52
1754124491.6084602,-8,-4,-58
1754124491.64646,0,0,-60
1754124491.68246,1,0,-59
1754124491.71946,-5,-4,-69
1754124491.75846,3,-4,-60
1754124491.7964602,6,-1,-49
1754124491.8324602,-2,0,-60
1754124491.86946,0,-6,-64
1754124491.90846,0,0,-65
1754124491.94646,8,0,-56
1754124491.98246,2,2,-56
1754124492.0194602,2,2,-57
1754124492.05846,0,0,-58
1754124492.09446,4,-1,-52
1754124492.13246,3,5,-59
1754124492.17046,-1,6,-62
1754124492.20846,1,0,-67
1754124492.24446,3,-1,-65
1754124492.2824602,0,-2,-68
1754124492.32046,-5,-3,-61
1754124492.3584602,-4,4,-59
1754124492.39746,3,-5,-69
1754124492.43346,4,-2,-64
1754124492.47146,0,-1,-62
1754124492.5094602,-8,2,-70
1754124492.54846,-3,0,-67
1754124492.58446,0,0,-63
1754124492.6214602,1,0,-51
1754124492.65946,-6,4,-64
1754124492.69846,-1,-4,-75
1754124492.73446,-1,-3,-67
1754124492.77246,0,-6,-66
1754124492.81046,-4,-3,-72
1754124492.84946,-5,0,-60
1754124492.88746,1,-2,-69
1754124492.92346,0,-2,-65
1754124492.96146,-2,-2,-49
1754124492.99946,-13,-5,-55
1754124493.03846,-6,-1,-65
1754124493.07446,1,-1,-75
1754124493.11246,3,-2,-65
1754124493.1514602,0,0,-64
1754124493.18946,1,2,-62
1754124493.22746,4,-1,-69
1754124493.2634602,-1,-3,-62
1754124493.30146,-8,2,-59
1754124493.33946,-7,1,-62
1754124493.3784602,-5,-6,-67
1754124493.4144602,-2,-5,-72
1754124493.45246,-2,-4,-62
1754124493.4904602,0,-6,-71
1754124493.5294602,0,-2,-70
1754124493.56746,-11,4,-66
1754124493.60346,-11,0,-59
1754124493.6414602,-5,1,-64
1754124493.68046,1,-2,-65
1754124493.71846,-5,-2,-61
1754124493.75446,2,-2,-66
1754124493.79346,-1,0,-55
1754124493.83046,0,1,-67
1754124493.86946,-3,-2,-63
1754124493.9074602,-2,-1,-60
1754124493.94346,-7,0,-60
1754124493.98146,-3,1,-57
1754124494.02046,0,5,-63
1754124494.05846,0,-1,-62
1754124494.09446,1,5,-64
1754124494.1314602,-4,-1,-69
1754124494.16946,2,1,-67
1754124494.20846,1,-1,-56
1754124494.24446,-2,-2,-61
1754124494.2824602,-3,2,-64
1754124494.32146,-10,-10,-78
1754124494.35946,-4,-7,-58
1754124494.39546,3,-11,-56
1754124494.4344602,5,-2,-55
1754124494.47146,-7,3,-66
1754124494.51046,-9,-2,-55
1754124494.54846,1,0,-61
1754124494.58446,8,-5,-57
1754124494.62246,0,-5,-60
1754124494.66046,0,-1,-69
1754124494.69946,-1,-4,-65
1754124494.73546,-8,-5,-58
1754124494.77346,0,-4,-61
1754124494.81146,1,0,-64
1754124494.84946,2,-1,-71
1754124494.8884602,6,-4,-70
1754124494.9244602,-1,-5,-69
1754124494.96246,-3,-8,-67
1754124495.00146,2,-3,-68
1754124495.0394602,4,-9,-68
1754124495.0754602,0,-2,-61
1754124495.11246,0,0,-67
1754124495.1514602,-4,1,-74
1754124495.18946,0,-2,-56
1754124495.22546,-2,0,-60
1754124495.26446,-4,-3,-57
1754124495.30146,-2,-1,-62
1754124495.34046,-1,4,-70
1754124495.3784602,6,3,-68
1754124495.4144602,-3,-1,-56
1754124495.45246,-4,2,-57
1754124495.4904602,1,0,-64
1754124495.5294602,0,-2,-60
1754124495.5654602,0,-4,-63
1754124495.60346,-1,-1,-59
1754124495.64246,-3,5,-57
1754124495.68046,-6,2,-65
1754124495.71846,-7,3,-58
1754124495.75446,-2,1,-49
1754124495.7924602,-8,6,-44
1754124495.83046,-3,10,-58
1754124495.86946,1,4,-50
1754124495.90546,0,1,-48
1754124495.94246,-3,0,-65
1754124495.9804602,4,0,-67
1754124496.0194602,1,1,-66
1754124496.05546,-6,-2,-51
1754124496.09346,3,1,-53
1754124496.1314602,0,-2,-68
1754124496.17046,-4,0,-63
1754124496.20846,-2,-6,-64
1754124496.24446,0,-5,-72
1754124496.2824602,2,1,-66
1754124496.32046,-1,0,-67
1754124496.35946,-3,9,-75
1754124496.39546,0,6,-66
1754124496.43346,0,2,-64
1754124496.47146,-2,2,-52
1754124496.5094602,0,4,-60
1754124496.54546,-4,-4,-61
1754124496.58346,-1,5,-60
1754124496.62246,-6,-1,-61
1754124496.66046,-5,-7,-58
1754124496.69646,3,-1,-71
1754124496.73546,6,0,-68
1754124496.77246,-3,0,-66
1754124496.81046,2,-1,-68
1754124496.84946,9,-1,-76
1754124496.88546,6,2,-74
1754124496.93146,-2,2,-78
1754124496.96946,0,5,-76
1754124497.00546,2,-1,-79
1754124497.04346,0,0,-79
1754124497.08146,-2,3,-60
1754124497.12046,0,0,-56
1754124497.15646,0,0,-63
1754124497.1944602,0,-3,-72
1754124497.23146,4,-2,-63
1754124497.27046,0,4,-59
1754124497.30646,-2,1,-55
1754124497.34446,-1,-3,-62
1754124497.38246,0,-3,-68
1754124497.42046,3,-1,-60
1754124497.45946,-3,0,-61
1754124497.49546,-6,-4,-68
1754124497.5324602,-6,-2,-77
1754124497.57146,0,-7,-62
1754124497.60946,3,-1,-62
1754124497.64546,14,0,-70
1754124497.68246,0,-6,-67
1754124497.72146,-5,0,-71
1754124497.7594602,-2,1,-65
1754124497.79546,5,-5,-61
1754124497.83346,-2,-3,-59
1754124497.8714602,8,-2,-74
1754124497.91046,-2,0,-65
1754124497.94646,-4,-1,-60
1754124497.98546,1,-3,-62
1754124498.02246,1,-1,-55
1754124498.06146,6,4,-50
1754124498.09946,-2,4,-64
1754124498.13546,-7,4,-66
1754124498.17346,-2,0,-70
1754124498.21146,1,-5,-56
1754124498.25046,-2,-3,-61
1754124498.2864602,-4,-6,-60
1754124498.32446,-3,-2,-77
1754124498.36246,-3,-7,-65
1754124498.4014602,-4,-3,-68
1754124498.43946,-2,0,-57
1754124498.47546,0,-4,-50
1754124498.5134602,3,0,-48
1754124498.55146,-4,-4,-68
1754124498.59046,3,-8,-71
1754124498.62646,0,-1,-71
1754124498.6644602,0,-4,-72
1754124498.70246,-3,-3,-68
1754124498.74146,-5,-2,-72
1754124498.7794602,-6,-3,-77
1754124498.8154602,2,2,-74
1754124498.85246,0,-2,-73
1754124498.8914602,-1,-6,-56
1754124498.92946,-5,-5,-61
1754124498.96546,-1,0,-63
1754124499.0034602,-4,4,-64
1754124499.04146,-4,-4,-62
1754124499.08046,-11,-7,-69
1754124499.11646,-4,-5,-80
1754124499.1544602,0,0,-69
1754124499.19246,4,1,-59
1754124499.23146,-2,3,-65
1754124499.26746,0,6,-64
1754124499.30446,3,5,-70
1754124499.3424602,6,-1,-63
1754124499.3814602,0,-5,-51
1754124499.4174602,12,-4,-60
1754124499.45546,13,-4,-52
1754124499.4934602,4,0,-62
1754124499.5324602,1,3,-64
1754124499.57046,1,1,-70
1754124499.60646,0,2,-75
1754124499.64346,-3,1,-61
1754124499.68246,2,3,-58
1754124499.7204602,-2,0,-57
1754124499.7564602,-4,3,-60
1754124499.79546,-3,0,-62
1754124499.8324602,-13,-6,-60
1754124499.8714602,-2,0,-70
1754124499.9074602,5,1,-69
1754124499.94546,-3,5,-70
1754124499.98246,-1,2,-58
1754124500.02146,0,-1,-64
1754124500.05746,-2,0,-64
1754124500.0954602,7,4,-65
1754124500.13346,0,-3,-61
1754124500.17246,3,0,-56
1754124500.2104602,0,-2,-58
1754124500.2464602,0,-1,-57
1754124500.28546,3,-4,-56
1754124500.32346,-5,-4,-62
1754124500.3614602,-7,-5,-67
1754124500.39746,0,-5,-63
1754124500.43546,-1,-7,-56
1754124500.4734602,2,2,-62
1754124500.51246,-8,2,-69
1754124500.55046,-2,2,-57
1754124500.58646,-10,-3,-55
1754124500.62446,-4,-6,-57
1754124500.66246,2,-5,-64
1754124500.70146,2,1,-58
1754124500.73746,-3,1,-71
1754124500.77446,-7,0,-60
1754124500.8124602,0,-4,-49
1754124500.85146,0,0,-60
1754124500.88746,1,0,-62
1754124500.9244602,-3,-1,-57
1754124500.96246,-5,-5,-59
1754124501.00146,0,-9,-71
1754124501.03746,1,-7,-61
1754124501.0754602,0,-3,-52
1754124501.11346,2,0,-69
1754124501.15246,2,0,-64
1754124501.1904602,0,-2,-67
1754124501.22646,1,-7,-68
1754124501.26446,-4,-1,-62
1754124501.30346,2,4,-64
1754124501.34146,2,0,-59
1754124501.37746,0,-2,-66
1754124501.41646,1,-6,-52
1754124501.45346,-7,5,-57
1754124501.49246,4,0,-57
1754124501.52846,10,-3,-55
1754124501.56646,4,-3,-45
1754124501.60446,-2,1,-49
1754124501.64246,0,7,-54
1754124501.68146,-2,3,-61
1754124501.7174602,2,1,-66
1754124501.75446,-6,-1,-69
1754124501.7924602,6,-2,-61
1754124501.83146,1,-2,-57
1754124501.86746,-2,2,-46
1754124501.9044602,-7,-2,-65
1754124501.94246,-4,1,-66
1754124501.98146,5,0,-69
1754124502.01746,6,-6,-64
1754124502.05446,-7,-5,-69
1754124502.0924602,-9,-5,-63
1754124502.1314602,0,0,-60
1754124502.1674602,0,0,-46
1754124502.20446,-4,1,-51
1754124502.2434602,-6,-2,-62
1754124502.28146,0,2,-70
1754124502.31746,2,2,-65
1754124502.35446,-3,2,-63
1754124502.39346,-2,6,-68
1754124502.43146,1,-3,-80
1754124502.4674602,-10,0,-61
1754124502.50446,-4,-3,-68
1754124502.54346,0,-2,-71
1754124502.58146,-2,-6,-57
1754124502.61746,3,-3,-60
1754124502.65546,1,-13,-51
1754124502.69346,1,-4,-51
1754124502.73246,-1,0,-60
1754124502.76846,3,-2,-61
1754124502.80646,-2,0,-63
1754124502.84446,-5,0,-67
1754124502.88346,-6,-2,-71
1754124502.9214602,-5,0,-66
1754124502.9574602,2,0,-60
1754124502.99446,1,-4,-61
1754124503.03346,0,2,-53
1754124503.07146,-4,-2,-60
1754124503.10746,-7,-5,-75
1754124503.14546,-9,1,-64
1754124503.1844602,-3,2,-63
1754124503.22246,7,3,-59
1754124503.25846,-1,0,-61
1754124503.29746,0,3,-59
1754124503.33446,3,-1,-62
1754124503.37346,-1,0,-68
1754124503.4114602,2,0,-66
1754124503.44846,-10,0,-62
1754124503.4864602,-6,0,-71
1754124503.52446,-1,-1,-64
1754124503.56346,1,0,-55
1754124503.59946,-1,-3,-71
1754124503.63746,4,-3,-58
1754124503.67546,5,-8,-63
1754124503.71446,6,-2,-67
1754124503.75246,1,1,-66
1754124503.78846,6,-4,-63
1754124503.82646,0,-5,-52
1754124503.86446,2,-3,-51
1754124503.90346,7,-3,-56
1754124503.93946,4,0,-60
1754124503.97646,0,-3,-60
1754124504.01446,2,0,-53
1754124504.05346,1,-3,-51
1754124504.08946,-2,0,-68
1754124504.12746,6,-1,-70
1754124504.16546,8,0,-77
1754124504.20346,9,1,-68
1754124504.24246,9,0,-64
1754124504.27846,-4,2,-64
1754124504.31646,4,0,-72
1754124504.3554602,4,3,-63
1754124504.39346,0,0,-62
1754124504.42946,6,-10,-66
1754124504.46846,0,-4,-66
1754124504.50546,1,0,-61
1754124504.54446,2,0,-56
1754124504.5824602,-1,-2,-67
1754124504.6184602,-9,-1,-72
1754124504.65646,-2,2,-62
1754124504.6944602,-9,-2,-63
1754124504.7334602,0,3,-52
1754124504.7694602,-3,-4,-59
1754124504.80746,0,-2,-53
1754124504.8454602,-1,-2,-57
1754124504.8844602,-5,-1,-72
1754124504.92246,-6,2,-68
1754124504.95846,-2,0,-63
1754124504.9964602,-8,1,-70
1754124505.03546,4,-1,-74
1754124505.07346,-4,-4,-71
1754124505.10946,1,-2,-65
1754124505.14646,-2,5,-69
1754124505.18546,-4,4,-72
1754124505.2234602,-2,3,-64
1754124505.2594602,-4,1,-57
1754124505.2964602,2,0,-59
1754124505.3354602,0,-5,-51
1754124505.37346,0,-5,-55
1754124505.40946,6,-3,-62
1754124505.44846,7,3,-62
1754124505.48546,7,0,-66
1754124505.52446,0,-2,-58
1754124505.5624602,0,1,-75
1754124505.5984602,-1,-7,-61
1754124505.63646,-1,-10,-69
1754124505.6744602,0,-2,-61
1754124505.7134602,-5,-5,-55
1754124505.74946,0,-8,-55
1754124505.78746,10,-1,-70
1754124505.82646,7,2,-74
1754124505.86446,-2,2,-73
1754124505.90246,-1,2,-63
1754124505.93946,-4,4,-57
1754124505.97746,-4,3,-58
1754124506.01546,2,-1,-58
1754124506.05446,4,-5,-63
1754124506.09046,1,-6,-67
1754124506.12746,-5,0,-61
1754124506.16546,-4,11,-65
1754124506.20446,-8,-1,-67
1754124506.2404602,0,-6,-63
1754124506.27846,-4,-3,-67
1754124506.31646,7,-3,-60
1754124506.35446,1,-2,-58
1754124506.39346,-5,4,-68
1754124506.42946,-11,-2,-62
1754124506.4674602,-12,0,-67
1754124506.50546,-5,-4,-51
1754124506.54446,-6,1,-58
1754124506.58046,-9,-2,-67
1754124506.61946,-5,-4,-56
1754124506.65646,1,0,-67
1754124506.6944602,-1,1,-70
1754124506.7334602,4,1,-70
1754124506.7694602,3,-4,-73
1754124506.80646,-10,-3,-52
1754124506.8454602,-9,-2,-64
1754124506.88346,1,-4,-59
1754124506.91946,5,4,-61
1754124506.96546,6,-8,-71
1754124507.0034602,4,1,-61
1754124507.0394602,4,-5,-59
1754124507.07746,1,0,-64
1754124507.1154602,2,-2,-62
1754124507.1544602,-4,-1,-67
1754124507.1904602,-11,2,-62
1754124507.22846,-6,0,-62
1754124507.2664602,-5,0,-60
1754124507.30546,2,2,-57
1754124507.34346,0,1,-67
1754124507.37946,2,-2,-76
1754124507.41646,5,-3,-68
1754124507.45546,1,-2,-72
1754124507.4934602,5,-5,-67
1754124507.5294602,-1,-7,-62
1754124507.56746,0,-1,-63
1754124507.6054602,0,1,-61
1754124507.6444602,0,1,-53
1754124507.68046,3,0,-57
1754124507.71846,-4,0,-60
1754124507.75746,0,-1,-64
1754124507.79546,-7,-3,-63
1754124507.83346,0,4,-70
1754124507.86946,-8,0,-66
1754124507.9074602,-4,-4,-67
1754124507.94546,4,-1,-65
1754124507.98446,5,-5,-59
1754124508.02046,0,-2,-60
1754124508.05846,-2,-1,-55
1754124508.09646,-5,-5,-61
1754124508.13546,2,-5,-56
1754124508.1714602,1,0,-63
1754124508.20946,1,-1,-77
1754124508.24746,-3,-7,-70
1754124508.28546,0,-1,-70
1754124508.32446,-1,0,-71
1754124508.36046,4,-2,-65
1754124508.39846,3,2,-57
1754124508.4374602,1,-1,-63
1754124508.47546,2,3,-60
1754124508.51146,2,5,-58
1754124508.54846,-4,4,-67
1754124508.58746,-4,7,-68
1754124508.62546,-1,1,-58
1754124508.6614602,-7,-4,-61
1754124508.7004602,-2,-7,-76
1754124508.73746,1,1,-68
1754124508.77546,-3,2,-69
1754124508.81446,-1,0,-69
1754124508.85046,0,4,-70
1754124508.88746,0,0,-69
1754124508.92546,0,1,-60
1754124508.96446,-3,0,-55
1754124509.00046,-5,-3,-67
1754124509.03846,-1,0,-59
1754124509.07646,2,-3,-69
1754124509.1154602,-2,-6,-69
1754124509.1514602,-5,-3,-64
1754124509.1904602,-1,-7,-65
1754124509.22846,5,-3,-78
1754124509.2664602,-3,3,-70
1754124509.30446,-8,2,-61
1754124509.34046,-9,0,-57
1754124509.3784602,0,-1,-60
1754124509.4174602,0,-2,-63
1754124509.45546,3,2,-64
1754124509.49146,0,2,-65
1754124509.52846,2,-2,-60
1754124509.56746,-5,-2,-58
1754124509.6054602,-8,1,-60
1754124509.6414602,-16,-5,-55
1754124509.67946,1,-1,-69
1754124509.7174602,-2,0,-65
1754124509.7564602,-3,3,-62
1754124509.79446,-4,0,-70
1754124509.83046,-3,0,-59
1754124509.8684602,3,-4,-56
1754124509.9074602,-3,-2,-51
1754124509.94546,4,6,-62
1754124509.98146,6,-1,-67
1754124510.0194602,3,-4,-59
1754124510.05846,0,2,-65
1754124510.09646,0,2,-62
1754124510.1344602,4,1,-68
1754124510.17046,3,0,-64
1754124510.2074602,7,2,-59
1754124510.2464602,0,-1,-67
1754124510.28446,-4,-1,-68
1754124510.32046,-1,0,-68
1754124510.35746,-1,2,-75
1754124510.39646,3,1,-72
1754124510.43246,4,-7,-65
1754124510.47146,6,-8,-71
1754124510.5094602,-3,-4,-72
1754124510.5464602,-6,-9,-55
1754124510.5854602,-5,-9,-71
1754124510.6214602,-1,-9,-69
1754124510.65946,1,0,-67
1754124510.6974602,-9,-1,-65
1754124510.7364602,-8,4,-70
1754124510.77246,0,4,-60
1754124510.8094602,-3,-1,-66
1754124510.84746,-7,0,-67
1754124510.88646,-4,0,-65
1754124510.92246,-1,5,-65
1754124510.9604602,3,3,-60
1754124510.99846,-1,3,-56
1754124511.0364602,-1,0,-56
1754124511.0754602,-3,-4,-61
1754124511.1114602,-6,-1,-66
1754124511.14946,-1,1,-64
1754124511.18846,-4,4,-59
1754124511.22646,2,0,-69
1754124511.26246,-1,1,-58
1754124511.30146,-2,-5,-57
1754124511.3384602,-5,-3,-63
1754124511.37746,0,4,-70
1754124511.41546,0,-1,-72
1754124511.45146,-4,2,-68
1754124511.48946,-5,-6,-52
1754124511.52746,-6,-1,-66
1754124511.56646,0,-4,-73
1754124511.60246,6,2,-64
1754124511.63946,2,-2,-67
1754124511.6774602,-3,-2,-63
1754124511.71646,1,5,-74
1754124511.75246,9,2,-66
1754124511.7894602,-2,-2,-57
1754124511.82746,-4,0,-64
1754124511.86646,-2,0,-55
1754124511.90246,0,0,-56
1754124511.93946,12,-5,-65
1754124511.97746,1,-3,-64
1754124512.0164602,0,-2,-62
1754124512.0524602,-3,0,-61
1754124512.08946,-4,2,-62
1754124512.12746,-2,-2,-56
1754124512.16646,0,-1,-56
1754124512.20246,-2,-5,-74
1754124512.2404602,-1,-2,-61
1754124512.27846,2,-1,-65
1754124512.31746,0,2,-57
1754124512.3554602,-4,-1,-66
1754124512.3914602,2,-9,-60
1754124512.42946,0,-3,-52
1754124512.4674602,-3,0,-73
1754124512.5064602,0,6,-66
1754124512.5424602,0,7,-64
1754124512.58046,0,-1,-60
1754124512.6184602,-8,-3,-48
1754124512.6574602,0,-7,-64
1754124512.69346,-9,-5,-70
1754124512.73146,0,4,-70
1754124512.7694602,-2,-4,-76
1754124512.80746,4,-3,-66
1754124512.84646,-4,0,-63
1754124512.88246,10,2,-77
1754124512.91946,2,1,-64
1754124512.9574602,2,0,-71
1754124512.9964602,-1,-5,-73
1754124513.0324602,1,-6,-66
1754124513.07046,2,-2,-74
1754124513.1084602,1,-2,-59
1754124513.14746,6,2,-70
1754124513.18346,2,-4,-72
1754124513.22146,2,-6,-73
1754124513.26046,0,-4,-56
1754124513.29746,-1,-4,-58
1754124513.33646,-1,0,-67
1754124513.37246,-1,-1,-57
1754124513.41046,0,1,-63
1754124513.44846,2,0,-62
1754124513.48746,-3,3,-64
1754124513.52346,-3,-1,-65
1754124513.56146,1,2,-68
1754124513.59946,-4,6,-64
1754124513.6384602,-2,3,-60
1754124513.67646,0,2,-55
1754124513.71246,-6,7,-55
1754124513.74946,-3,0,-57
1754124513.78846,5,3,-67
1754124513.82646,10,-3,-56
1754124513.86246,2,-3,-64
1754124513.9014602,5,-1,-77
1754124513.93846,0,1,-66
1754124513.97746,0,3,-54
1754124514.0134602,1,-4,-68
1754124514.05146,3,-4,-64
1754124514.0884602,-1,1,-73
1754124514.12746,0,2,-55
1754124514.16346,-2,2,-68
1754124514.20146,0,-3,-68
1754124514.23846,3,-1,-72
1754124514.27746,1,-4,-75
1754124514.31346,6,-4,-78
1754124514.35046,3,1,-64
1754124514.3884602,-5,-3,-61
1754124514.4274602,-6,-5,-53
1754124514.4634602,-8,-4,-56
1754124514.50146,-1,-2,-58
1754124514.54046,-4,-2,-52
1754124514.57846,-4,1,-56
1754124514.61646,-5,4,-56
1754124514.65346,-5,-1,-65
1754124514.6904602,0,-3,-57
1754124514.72846,-8,3,-63
1754124514.76746,-5,-7,-64
1754124514.80346,-1,-7,-73
1754124514.84146,-5,-4,-68
1754124514.87946,1,-5,-68
1754124514.91846,0,-3,-66
1754124514.95446,2,-3,-70
1754124514.99246,2,-3,-63
1754124515.03146,1,0,-60
1754124515.06846,3,-4,-64
1754124515.10746,4,0,-71
1754124515.1444602,7,-3,-63
1754124515.18146,0,0,-51
1754124515.2204602,2,3,-52
1754124515.25846,0,0,-54
1754124515.29446,5,2,-56
1754124515.33146,7,-2,-52
1754124515.37046,0,0,-59
1754124515.40846,4,3,-58
1754124515.4444602,3,3,-67
1754124515.48146,-3,5,-64
1754124515.52046,1,-3,-64
1754124515.55846,-5,1,-70
1754124515.59446,0,0,-61
1754124515.6314602,-1,0,-62
1754124515.67046,0,-5,-74
1754124515.70846,-4,-5,-70
1754124515.74446,-5,1,-77
1754124515.78146,-1,-1,-74
1754124515.82046,-5,-2,-63
1754124515.8584602,-2,-3,-66
1754124515.8944602,4,-2,-70
1754124515.93246,0,0,-56
1754124515.9704602,-2,3,-72
1754124516.0094602,-3,0,-66
1754124516.04746,-1,-1,-55
1754124516.08346,-1,-7,-52
1754124516.1214602,0,-2,-63
1754124516.16046,3,-2,-53
1754124516.19846,2,-1,-74
1754124516.23446,1,0,-63
1754124516.27246,4,1,-59
1754124516.31046,-2,-3,-68
1754124516.34946,6,-2,-67
1754124516.38746,5,-4,-69
1754124516.42346,5,-6,-75
1754124516.4604602,0,-2,-68
1754124516.49946,-6,-2,-68
1754124516.53746,-6,-4,-66
1754124516.57346,-2,-5,-67
1754124516.6114602,-2,-1,-68
1754124516.64946,-1,7,-64
1754124516.68846,-3,3,-69
1754124516.72446,-1,-1,-70
1754124516.76246,-3,2,-66
1754124516.80046,-8,-1,-61
1754124516.83946,-7,-1,-57
1754124516.87746,-11,-8,-62
1754124516.91346,0,-5,-61
1754124516.95146,0,-1,-77
1754124516.99746,-7,0,-72
1754124517.03346,-3,-2,-65
1754124517.07146,-3,-4,-65
1754124517.10946,0,2,-63
1754124517.14846,-5,0,-58
1754124517.1844602,1,-4,-64
1754124517.22146,-5,0,-76
1754124517.2594602,-1,0,-70
1754124517.29546,-5,5,-71
1754124517.33346,-2,0,-66
1754124517.3714602,0,-3,-72
1754124517.40946,-1,0,-62
1754124517.44846,-10,4,-60
1754124517.48446,3,0,-63
1754124517.52146,-4,0,-68
1754124517.5594602,-1,-4,-74
1754124517.5984602,-5,-1,-58
1754124517.6344602,-5,3,-68
1754124517.6714602,-2,2,-61
1754124517.70946,0,0,-73
1754124517.74846,2,-4,-64
1754124517.78446,-1,-6,-70
1754124517.8224602,-1,-5,-60
1754124517.86046,2,-5,-52
1754124517.89946,-7,0,-61
1754124517.93546,0,8,-58
1754124517.9734602,-1,5,-68
1754124518.01146,1,0,-61
1754124518.0494602,-6,0,-59
1754124518.0884602,4,0,-57
1754124518.12446,-2,-2,-54
1754124518.16246,4,-7,-60
1754124518.2004602,3,-8,-65
1754124518.23946,-2,-5,-60
1754124518.27546,-2,1,-55
1754124518.31346,-2,4,-50
1754124518.35146,-5,1,-61
1754124518.39046,-1,1,-61
1754124518.42846,0,-6,-56
1754124518.46446,-2,-4,-50
1754124518.50246,-3,1,-71
1754124518.54046,0,-1,-63
1754124518.57946,-4,2,-73
1754124518.6154602,-5,-2,-62
1754124518.65346,-2,0,-60
1754124518.69246,-3,-3,-65
1754124518.7304602,-1,-1,-60
1754124518.76846,0,1,-58
1754124518.80546,7,3,-69
1754124518.8424602,-1,-3,-70
1754124518.88046,0,-2,-68
1754124518.91946,-5,-6,-69
1754124518.95546,-2,-6,-70
1754124518.9934602,-4,3,-76
1754124519.03146,1,8,-64
1754124519.07046,-1,-5,-70
1754124519.1084602,2,0,-65
1754124519.1444602,1,-12,-69
1754124519.18346,0,-2,-61
1754124519.2204602,-3,-3,-72
1754124519.2594602,-10,0,-68
1754124519.29546,-1,-8,-72
1754124519.33346,-7,0,-59
1754124519.37246,-6,-2,-62
1754124519.41046,3,0,-69
1754124519.44846,0,4,-65
1754124519.48446,1,1,-67
1754124519.52246,1,-4,-74
1754124519.56046,-3,-4,-65
1754124519.59646,0,-6,-60
1754124519.6344602,4,-6,-60
1754124519.67246,0,-11,-62
1754124519.7104602,0,-5,-57
1754124519.74946,0,-5,-50
1754124519.78546,-6,-4,-63
1754124519.82346,1,-2,-61
1754124519.8614602,3,-6,-63
1754124519.90046,1,-1,-67
1754124519.93646,-2,-1,-65
1754124519.97446,-3,-3,-75
1754124520.01246,-1,-5,-62
1754124520.05046,-2,-2,-58
1754124520.08946,-8,-5,-65
1754124520.12546,-10,-6,-69
1754124520.16346,-1,-2,-63
1754124520.20146,-1,-8,-57
1754124520.2404602,-6,-9,-69
1754124520.2764602,-4,-8,-65
1754124520.31446,-5,-8,-59
1754124520.35246,-1,-2,-63
1754124520.39046,-3,0,-61
1754124520.42946,-1,-1,-71
1754124520.46546,0,-3,-59
1754124520.5034602,-1,0,-57
1754124520.54146,-1,-2,-57
1754124520.58046,0,-4,-64
1754124520.61646,-1,-3,-59
1754124520.6544602,5,-7,-56
1754124520.69346,10,-10,-63
1754124520.73146,5,-6,-60
1754124520.7694602,4,-7,-62
1754124520.80546,-1,-5,-65
1754124520.84346,-1,-10,-71
1754124520.8814602,-4,1,-71
1754124520.92046,-4,-5,-59
1754124520.95646,-2,-1,-60
1754124520.99446,0,-6,-58
1754124521.0324602,-1,1,-64
1754124521.07146,2,-1,-51
1754124521.10946,0,-1,-59
1754124521.14546,1,3,-61
1754124521.18246,-3,0,-52
1754124521.22146,-1,-1,-59
1754124521.2594602,-3,-1,-60
1754124521.29546,2,-2,-75
1754124521.33446,-8,-1,-67
1754124521.3714602,-7,-6,-59
1754124521.41046,0,-3,-67
1754124521.44646,10,-7,-69
1754124521.48446,1,-6,-68
1754124521.52346,1,-8,-55
1754124521.56146,7,-3,-49
1754124521.59946,6,5,-50
1754124521.63546,0,2,-53
1754124521.67346,0,0,-65
1754124521.71146,0,0,-54
1754124521.74946,5,-1,-70
1754124521.78546,-2,0,-52
1754124521.82346,-1,1,-69
1754124521.8614602,2,-8,-75
1754124521.90046,-5,0,-67
1754124521.93646,1,0,-65
1754124521.9734602,8,0,-66
1754124522.01146,3,1,-60
1754124522.05046,-2,-2,-56
1754124522.08646,-1,-6,-52
1754124522.12446,4,-6,-53
1754124522.16246,7,-4,-50
1754124522.20146,9,1,-53
1754124522.23746,-2,2,-62
1754124522.27546,-5,7,-65
1754124522.31346,-7,2,-66
1754124522.35146,-1,0,-58
1754124522.39046,0,-2,-54
1754124522.42646,-2,-4,-51
1754124522.46446,-6,0,-63
1754124522.50246,-7,-1,-62
1754124522.54146,-5,-3,-62
1754124522.57746,-6,-1,-57
1754124522.6154602,0,-3,-68
1754124522.65346,-3,-2,-70
1754124522.69146,1,-3,-68
1754124522.7304602,2,-3,-58
1754124522.7664602,2,-11,-59
1754124522.80446,3,0,-69
1754124522.8424602,-4,3,-68
1754124522.8814602,0,0,-54
1754124522.9174602,-3,4,-60
1754124522.95546,-1,4,-65
1754124522.99446,-1,5,-50
1754124523.0324602,-2,-3,-50
1754124523.07046,-3,0,-60
1754124523.10646,0,-9,-61
1754124523.1444602,5,0,-68
1754124523.18246,3,1,-64
1754124523.22146,-12,0,-53
1754124523.25746,-7,-1,-65
1754124523.29546,-5,-2,-59
1754124523.33346,6,-5,-63
1754124523.37246,7,-3,-61
1754124523.41046,0,0,-67
1754124523.44646,4,-1,-68
1754124523.48446,1,3,-66
1754124523.52246,6,6,-59
1754124523.56146,-9,-2,-56
1754124523.59746,-9,-2,-61
1754124523.63546,-3,1,-56
1754124523.67346,-5,0,-71
1754124523.71246,-3,0,-59
1754124523.75046,0,-5,-65
1754124523.7864602,-4,0,-68
1754124523.82446,-4,0,-63
1754124523.86246,2,0,-78
1754124523.9014602,6,-3,-76
1754124523.9374602,-1,0,-75
1754124523.97546,1,-5,-61
1754124524.0134602,-2,5,-68
1754124524.0524602,0,4,-71
1754124524.0884602,0,0,-73
1754124524.12546,-2,3,-67
1754124524.16346,4,7,-73
1754124524.20246,-1,4,-70
1754124524.23846,5,3,-80
1754124524.27546,10,-2,-61
1754124524.31346,3,0,-64
1754124524.35246,-2,10,-67
1754124524.3884602,1,6,-60
1754124524.42546,0,-5,-67
1754124524.4634602,1,-6,-76
1754124524.50246,-2,0,-62
1754124524.53846,-7,1,-51
1754124524.57646,0,0,-65
1754124524.61446,3,1,-63
1754124524.65246,4,3,-74
1754124524.69146,4,1,-69
1754124524.72746,-4,1,-71
1754124524.7664602,-6,6,-65
1754124524.80346,-4,-2,-58
1754124524.8424602,-11,1,-67
1754124524.8784602,-5,-2,-69
1754124524.91646,-8,-6,-61
1754124524.95446,-6,-5,-62
1754124524.99246,-3,-2,-52
1754124525.03146,-1,1,-56
1754124525.06746,2,4,-49
1754124525.10446,-1,3,-57
1754124525.14346,-6,-2,-63
1754124525.18146,-3,-4,-56
1754124525.2174602,-1,1,-65
1754124525.25546,-5,-1,-66
1754124525.29346,-9,-7,-60
1754124525.3324602,-9,0,-54
1754124525.36946,-6,0,-57
1754124525.40646,3,-5,-63
1754124525.4444602,-2,-1,-61
1754124525.4834602,0,-4,-77
1754124525.52146,0,-1,-55
1754124525.55746,-1,8,-67
1754124525.59646,-1,6,-62
1754124525.63346,0,-3,-61
1754124525.67246,0,-1,-70
1754124525.70846,1,0,-76
1754124525.7464602,4,0,-55
1754124525.78446,-4,-1,-56
1754124525.82346,-6,5,-70
1754124525.8614602,-3,7,-68
1754124525.89746,0,3,-61
1754124525.9344602,-4,0,-60
1754124525.9734602,-2,0,-65
1754124526.01146,-2,0,-62
1754124526.04746,-6,1,-56
1754124526.0854602,-4,-1,-52
1754124526.12346,-3,3,-59
1754124526.16246,-2,8,-69
1754124526.19846,0,2,-65
1754124526.23546,-5,-2,-56
1754124526.27346,-5,-4,-58
1754124526.3124602,-2,0,-57
1754124526.3484602,-3,-4,-69
1754124526.38646,-4,-6,-68
1754124526.4244602,1,-7,-68
1754124526.4634602,-1,-4,-78
1754124526.49946,-4,0,-71
1754124526.53746,-6,4,-68
1754124526.5754602,2,0,-64
1754124526.61346,-4,-1,-69
1754124526.65246,0,-3,-58
1754124526.68846,-4,0,-62
1754124526.72546,0,1,-69
1754124526.7634602,0,-1,-78
1754124526.8024602,2,3,-76
1754124526.8384602,-1,-2,-63
1754124526.87646,-6,4,-65
1754124526.9144602,-6,-1,-62
1754124526.95346,-2,-11,-66
1754124526.99746,0,-9,-61
1754124527.03446,0,-5,-58
1754124527.07346,7,-9,-60
1754124527.10946,-1,1,-60
1754124527.14746,-1,-3,-58
1754124527.18546,0,6,-62
1754124527.2234602,-3,0,-66
1754124527.26246,-3,-4,-59
1754124527.29846,-6,-2,-56
1754124527.33646,-3,0,-62
1754124527.37446,-2,1,-58
1754124527.41346,2,-3,-61
1754124527.44946,6,-3,-74
1754124527.48746,5,-1,-62
1754124527.52546,0,1,-66
1754124527.56446,-3,2,-72
1754124527.60246,4,1,-70
1754124527.6384602,3,8,-67
1754124527.67546,0,-3,-67
1754124527.71446,-4,1,-63
1754124527.75246,0,0,-59
1754124527.78846,2,3,-49
1754124527.8254602,0,5,-63
1754124527.86446,0,2,-74
1754124527.90246,-4,3,-74
1754124527.93846,7,-1,-70
1754124527.97746,4,-3,-66
1754124528.01446,-2,-7,-57
1754124528.05346,6,0,-69
1754124528.08946,7,-2,-64
1754124528.12746,3,3,-58
1754124528.16546,0,0,-67
1754124528.20446,1,1,-72
1754124528.24246,0,1,-73
1754124528.27846,-5,5,-62
1754124528.3154602,-4,0,-57
1754124528.35446,-2,2,-52
1754124528.39246,-2,2,-68
1754124528.42846,0,2,-68
1754124528.46546,-1,2,-64
1754124528.50446,0,0,-61
1754124528.5424602,-4,-6,-58
1754124528.57946,1,-3,-57
1754124528.61746,4,2,-60
1754124528.65546,-2,-1,-74
1754124528.6944602,0,0,-66
1754124528.7304602,-3,5,-71
1754124528.7694602,-2,-3,-59
1754124528.80646,-3,0,-60
1754124528.84446,-4,0,-71
1754124528.88346,-8,4,-57
1754124528.91946,-2,0,-59
1754124528.9574602,-6,-1,-64
1754124528.99546,-1,0,-56
1754124529.03446,-2,2,-65
1754124529.07046,0,-2,-62
1754124529.1084602,-7,-11,-61
1754124529.14646,3,-5,-60
1754124529.1844602,-4,-4,-67
1754124529.2234602,-6,-6,-65
1754124529.2594602,-2,0,-58
1754124529.29746,-6,-6,-56
1754124529.33646,-5,0,-62
1754124529.37446,4,-7,-66
1754124529.41046,1,-3,-50
1754124529.4474602,7,0,-50
1754124529.48546,6,-2,-52
1754124529.52446,6,-3,-63
1754124529.56046,5,0,-67
1754124529.59746,4,0,-54
1754124529.63646,-4,1,-61
1754124529.6744602,-6,-1,-72
1754124529.7104602,-3,-4,-66
1754124529.74946,-5,3,-66
1754124529.7864602,2,-4,-63
1754124529.8254602,3,-6,-64
1754124529.86346,0,-9,-70
1754124529.89946,2,-8,-67
1754124529.9374602,0,0,-68
1754124529.97546,-1,-2,-58
1754124530.01446,2,0,-56
1754124530.05046,-4,-1,-75
1754124530.0884602,6,0,-68
1754124530.12646,3,-4,-69
1754124530.16546,-2,6,-65
1754124530.20346,-7,0,-51
1754124530.23946,-8,-4,-61
1754124530.27746,-10,-3,-67
1754124530.31646,-10,0,-62
1754124530.35446,-9,1,-54
1754124530.39046,-6,-1,-63
1754124530.42946,6,6,-57
1754124530.46646,7,5,-53
1754124530.50546,5,-2,-50
1754124530.54346,3,-3,-67
1754124530.57946,-2,1,-70
1754124530.61746,0,-1,-69
1754124530.65546,-4,0,-63
1754124530.6944602,-3,-3,-57
1754124530.7304602,-3,2,-59
1754124530.76846,1,0,-58
1754124530.80646,8,-9,-65
1754124530.8454602,3,-1,-65
1754124530.88346,0,0,-52
1754124530.91946,2,-6,-54
1754124530.9574602,-5,-5,-61
1754124530.9964602,-1,0,-64
1754124531.03446,-5,0,-69
1754124531.07046,-4,-1,-62
1754124531.1084602,0,2,-62
1754124531.14646,0,-9,-69
1754124531.18546,0,1,-68
1754124531.22146,0,3,-63
1754124531.25846,-3,4,-55
1754124531.2964602,2,-2,-58
1754124531.3354602,3,-1,-71
1754124531.3714602,2,0,-75
1754124531.40846,9,-1,-56
1754124531.44646,4,-2,-65
1754124531.48546,0,5,-74
1754124531.52146,-3,3,-55
1754124531.55846,-2,-4,-55
1754124531.59646,-5,-5,-61
1754124531.63546,-3,0,-74
1754124531.6714602,4,-1,-71
1754124531.70946,5,-3,-65
1754124531.74746,-1,-1,-66
1754124531.7864602,5,-3,-69
1754124531.82446,3,0,-73
1754124531.86046,-3,1,-81
1754124531.89846,0,0,-72
1754124531.93646,4,0,-69
1754124531.97546,-2,0,-64
1754124532.01146,-7,5,-73
1754124532.05046,-4,-1,-69
1754124532.08746,2,-7,-54
1754124532.12646,7,-3,-59
1754124532.1644602,3,0,-55
1754124532.2004602,-4,-3,-62
1754124532.23846,5,-1,-75
1754124532.2764602,0,0,-78
1754124532.3154602,6,-1,-71
1754124532.35146,8,1,-68
1754124532.3884602,1,0,-64
1754124532.42646,5,-2,-61
1754124532.46546,10,-2,-62
1754124532.50146,2,-9,-57
1754124532.53846,3,-1,-73
1754124532.57646,7,-4,-62
1754124532.6154602,6,-1,-65
1754124532.6514602,-2,-4,-63
1754124532.68946,-2,-2,-68
1754124532.72746,0,3,-68
1754124532.7664602,0,-1,-58
1754124532.80446,-5,-5,-58
1754124532.84046,-9,-6,-56
1754124532.8784602,5,-3,-65
1754124532.9174602,-1,0,-66
1754124532.95546,0,-1,-61
1754124532.99146,2,-5,-59
1754124533.0294602,5,-3,-69
1754124533.06746,3,3,-59
1754124533.10646,-1,0,-63
1754124533.1444602,-8,0,-69
1754124533.18046,1,-7,-65
1754124533.21846,2,2,-76
1754124533.2564602,4,0,-73
1754124533.29546,-7,-2,-67
1754124533.33146,-8,-3,-65
1754124533.36946,-6,-1,-60
1754124533.4074602,-5,-6,-66
1754124533.44646,0,0,-61
1754124533.48246,-2,1,-66
1754124533.52046,-2,0,-82
1754124533.55846,-6,2,-74
1754124533.59746,2,3,-62
1754124533.63546,3,1,-66
1754124533.67246,0,-1,-76
1754124533.70946,1,-7,-66
1754124533.74746,-5,-5,-69
1754124533.7864602,-1,-1,-58
1754124533.8224602,-2,0,-62
1754124533.86046,0,1,-63
1754124533.89846,-1,-3,-66
1754124533.93646,1,-2,-59
1754124533.97546,-2,0,-68
1754124534.01146,1,-5,-68
1754124534.0494602,4,0,-59
1754124534.08746,2,0,-62
1754124534.12646,1,-1,-71
1754124534.16246,0,0,-64
1754124534.19946,-9,0,-62
1754124534.23746,-7,1,-73
1754124534.2764602,2,0,-60
1754124534.3124602,-3,0,-61
1754124534.35046,-2,-5,-57
1754124534.3884602,-3,-5,-62
1754124534.4274602,0,-10,-54
1754124534.46546,0,-1,-57
1754124534.50146,-4,-3,-73
1754124534.5394602,-1,-5,-74
1754124534.57746,2,-1,-64
1754124534.61646,0,-1,-60
1754124534.65246,2,-6,-60
1754124534.6904602,0,-9,-64
1754124534.72846,4,0,-65
1754124534.76746,2,0,-61
1754124534.80546,-2,-1,-59
1754124534.84146,0,0,-63
1754124534.8784602,0,0,-64
1754124534.9174602,-3,-2,-69
1754124534.95546,-2,-4,-69
1754124534.99146,2,-1,-71
1754124535.02846,-1,4,-72
1754124535.06746,-7,6,-64
1754124535.1054602,-6,1,-63
1754124535.1414602,-5,-3,-68
1754124535.18046,-5,-4,-64
1754124535.2174602,0,-10,-68
1754124535.2564602,6,3,-77
1754124535.2924602,3,4,-57
1754124535.33046,0,-3,-62
1754124535.36746,0,-1,-59
1754124535.40646,-1,0,-59
1754124535.44246,2,-6,-66
1754124535.47946,-4,-4,-59
1754124535.51746,2,-4,-63
1754124535.55646,-4,-3,-70
1754124535.5924602,-9,0,-77
1754124535.63046,-10,-1,-58
1754124535.66946,-6,3,-54
1754124535.7074602,-7,0,-56
1754124535.7434602,-14,-3,-57
1754124535.78146,-7,0,-62
1754124535.8194602,-7,3,-68
1754124535.85746,-1,4,-71
1754124535.89646,-2,-4,-65
1754124535.93246,-6,-5,-62
1754124535.9704602,0,-3,-61
1754124536.00846,0,0,-62
1754124536.04746,-4,2,-74
1754124536.08346,5,0,-60
1754124536.12046,1,2,-67
1754124536.15846,-10,-1,-69
1754124536.1974602,-5,3,-58
1754124536.2334602,-1,0,-63
1754124536.27146,-9,-4,-49
1754124536.31046,-9,-3,-61
1754124536.34746,-10,-3,-68
1754124536.38646,-13,2,-63
1754124536.42246,-1,-4,-57
1754124536.4604602,-1,-5,-61
1754124536.49846,-2,-2,-67
1754124536.53746,0,-4,-65
1754124536.57346,-2,0,-55
1754124536.6114602,3,6,-58
1754124536.64946,2,-2,-61
1754124536.68846,0,-4,-56
1754124536.72646,4,-5,-52
1754124536.76246,-1,-4,-62
1754124536.80046,-6,-9,-71
1754124536.8384602,-4,-4,-68
1754124536.87746,6,-1,-61
1754124536.91346,12,-2,-56
1754124536.95146,5,2,-73
1754124536.98946,0,2,-70
1754124537.03346,-4,-1,-68
1754124537.07146,2,-2,-69
1754124537.11046,-1,1,-65
1754124537.14846,8,4,-59
1754124537.18646,7,4,-65
1754124537.22246,3,1,-64
1754124537.2594602,2,-2,-68
1754124537.29846,1,-7,-60
1754124537.33646,-1,2,-73
1754124537.37246,-5,-5,-73
1754124537.41046,4,-13,-66
1754124537.44946,0,-8,-70
1754124537.48746,4,-6,-78
1754124537.52346,1,-2,-63
1754124537.56146,-7,0,-66
1754124537.59946,0,3,-67
1754124537.6384602,-4,-1,-57
1754124537.67646,-2,-2,-62
1754124537.71246,-10,1,-54
1754124537.75046,-14,-7,-54
1754124537.7894602,1,-3,-61
1754124537.82746,4,-4,-68
1754124537.86346,0,-4,-59
1754124537.9014602,-1,-5,-71
1754124537.93946,1,-4,-56
1754124537.97846,2,3,-62
1754124538.01446,5,0,-72
1754124538.05146,4,-2,-55
1754124538.08946,0,-6,-62
1754124538.1284602,0,-6,-68
1754124538.1644602,6,2,-69
1754124538.20146,-4,0,-77
1754124538.23946,-4,5,-60
1754124538.27846,-4,3,-66
1754124538.31446,-4,-4,-69
1754124538.35346,-3,-2,-65
1754124538.3914602,-4,-1,-63
1754124538.42846,-3,6,-62
1754124538.4674602,0,0,-68
1754124538.5034602,-3,0,-64
1754124538.54146,-3,-4,-75
1754124538.57946,3,2,-67
1754124538.6184602,4,-2,-63
1754124538.6544602,3,-3,-53
1754124538.69246,2,0,-55
1754124538.7304602,0,5,-63
1754124538.76846,1,4,-65
1754124538.80746,2,6,-64
1754124538.84346,3,-4,-62
1754124538.88046,5,-3,-58
1754124538.91946,6,0,-60
1754124538.9574602,0,5,-67
1754124538.9934602,4,4,-76
1754124539.03046,7,3,-70
1754124539.0694602,0,0,-63
1754124539.10746,-5,7,-64
1754124539.14346,-4,0,-64
1754124539.18146,0,-2,-66
1754124539.2204602,4,1,-64
1754124539.25846,-3,3,-55
1754124539.29446,-1,1,-57
1754124539.33346,-2,0,-65
1754124539.37046,-3,-3,-65
1754124539.40946,3,0,-60
1754124539.4474602,5,-3,-60
1754124539.4834602,5,-7,-59
1754124539.52146,4,-2,-62
1754124539.5594602,-1,-5,-56
1754124539.5984602,2,0,-64
1754124539.6344602,5,1,-69
1754124539.6714602,2,2,-70
1754124539.70946,0,2,-69
1754124539.74846,0,8,-73
1754124539.78446,4,6,-67
1754124539.82146,2,4,-67
1754124539.85946,2,-5,-71
1754124539.89846,0,0,-68
1754124539.9344602,2,1,-58
1754124539.97146,6,-2,-56
1754124540.0094602,6,0,-67
1754124540.04846,9,-4,-67
1754124540.08446,3,-10,-58
1754124540.12346,10,-11,-63
1754124540.16046,0,-3,-66
1754124540.19946,0,-1,-56
1754124540.23546,2,0,-62
1754124540.27246,1,0,-70
1754124540.31046,-4,-4,-62
1754124540.34946,1,3,-64
1754124540.38546,0,3,-61
1754124540.42246,6,1,-67
1754124540.4604602,0,0,-73
1754124540.49946,4,0,-60
1754124540.53546,3,0,-58
1754124540.5724602,-5,0,-65
1754124540.61046,-3,-3,-69
1754124540.64946,0,5,-71
1754124540.68546,0,0,-64
1754124540.72246,1,-3,-62
1754124540.76046,-12,1,-65
1754124540.7994602,-2,-3,-72
1754124540.8354602,-2,0,-81
1754124540.87346,0,-2,-85
1754124540.91246,0,4,-77
1754124540.94946,8,4,-65
1754124540.98846,5,-4,-81
1754124541.02546,3,-2,-63
1754124541.0624602,3,-7,-73
1754124541.10146,0,-3,-69
1754124541.13946,7,-1,-60
1754124541.17546,-1,-2,-60
1754124541.2134602,0,0,-69
1754124541.25146,1,3,-69
1754124541.29046,-3,0,-63
1754124541.32846,-4,2,-61
1754124541.36446,-10,3,-54
1754124541.40246,0,6,-57
1754124541.4404602,0,-1,-59
1754124541.47946,-2,-5,-71
1754124541.51546,-4,7,-66
1754124541.55346,2,2,-73
1754124541.5924602,1,0,-65
1754124541.63046,7,0,-58
1754124541.66846,-7,3,-64
1754124541.70446,-5,2,-68
1754124541.74246,4,1,-73
1754124541.78046,5,2,-66
1754124541.81846,-5,0,-59
1754124541.85446,0,4,-53
1754124541.8914602,2,-5,-57
1754124541.93046,3,5,-57
1754124541.96846,9,2,-60
1754124542.00446,1,2,-71
1754124542.04146,1,-5,-68
1754124542.08046,-4,-3,-74
1754124542.1184602,-6,-1,-66
1754124542.1544602,-4,-3,-69
1754124542.19246,-9,4,-68
1754124542.2304602,-4,-1,-60
1754124542.2694602,-6,3,-61
1754124542.30546,-10,4,-60
1754124542.34346,-9,0,-56
1754124542.3814602,-9,-7,-71
1754124542.42046,2,0,-59
1754124542.45646,1,-1,-56
1754124542.49446,-1,0,-61
1754124542.5324602,2,0,-66
1754124542.57046,1,-4,-70
1754124542.60946,-2,-1,-68
1754124542.64546,-1,8,-64
1754124542.68346,-1,0,-68
1754124542.72246,0,0,-69
1754124542.76046,-5,-1,-60
1754124542.7964602,-7,-3,-58
1754124542.8354602,-6,-5,-52
1754124542.87246,-6,-4,-70
1754124542.91046,0,-5,-67
1754124542.94946,-2,-6,-69
1754124542.98546,-4,-5,-78
1754124543.02346,0,-6,-69
1754124543.06146,-7,-6,-60
1754124543.10046,2,-2,-62
1754124543.13646,3,1,-57
1754124543.17346,-4,0,-57
1754124543.21146,2,-2,-61
1754124543.25046,7,0,-56
1754124543.2864602,3,-1,-54
1754124543.32446,3,0,-64
1754124543.36246,7,-5,-55
1754124543.40046,-3,-4,-68
1754124543.43946,1,-4,-70
1754124543.47546,4,-6,-71
1754124543.5134602,7,2,-58
1754124543.5524602,0,4,-70
1754124543.59046,7,-2,-63
1754124543.62646,6,0,-59
1754124543.66346,-3,-2,-62
1754124543.70146,0,0,-76
1754124543.7404602,-3,1,-72
1754124543.7764602,-6,4,-60
1754124543.81446,0,-3,-71
1754124543.85246,0,-3,-74
1754124543.8914602,-4,3,-68
1754124543.93046,3,-2,-71
1754124543.96646,3,-2,-64
1754124544.00446,6,-1,-65
1754124544.0424602,4,0,-74
1754124544.08146,8,4,-65
1754124544.11946,8,2,-71
1754124544.15546,1,1,-70
1754124544.19246,1,-2,-69
1754124544.23146,-6,0,-66
1754124544.2694602,-6,0,-61
1754124544.30546,-3,0,-68
1754124544.34346,-2,0,-70
1754124544.3814602,5,-7,-57
1754124544.42046,0,-5,-61
1754124544.45646,4,-4,-70
1754124544.49446,-1,-1,-72
1754124544.5324602,4,-8,-69
1754124544.57146,0,-7,-64
1754124544.60946,-11,-8,-60
1754124544.64546,0,3,-60
1754124544.68246,5,4,-67
1754124544.72146,4,5,-79
1754124544.75746,0,-4,-68
1754124544.79546,-4,-1,-67
1754124544.83346,-5,3,-67
1754124544.8714602,-6,0,-73
1754124544.91046,-10,1,-58
1754124544.94646,1,-4,-62
1754124544.9834602,1,1,-77
1754124545.02146,1,4,-67
1754124545.06046,-1,4,-71
1754124545.09646,-4,2,-68
1754124545.1344602,3,1,-56
1754124545.17246,-7,0,-61
1754124545.21146,-4,0,-64
1754124545.24746,-4,-5,-62
1754124545.28546,-1,-4,-58
1754124545.32346,4,3,-60
1754124545.3614602,0,2,-70
1754124545.40046,0,1,-58
1754124545.43646,4,1,-65
1754124545.4734602,0,6,-65
1754124545.51146,2,3,-59
1754124545.55046,-3,1,-50
1754124545.58646,-3,0,-54
1754124545.62446,-6,1,-58
1754124545.66246,-2,-3,-74
1754124545.70146,1,-1,-78
1754124545.73746,0,2,-65
1754124545.7764602,3,3,-66
1754124545.81346,5,0,-62
1754124545.85246,3,0,-63
1754124545.89046,-2,-6,-61
1754124545.92646,0,-4,-64
1754124545.9634602,2,-7,-70
1754124546.00246,8,-3,-62
1754124546.04046,-2,-2,-65
1754124546.07646,-2,-1,-62
1754124546.11446,-5,-5,-63
1754124546.15246,-2,-5,-66
1754124546.19146,-8,-8,-79
1754124546.22746,-3,0,-73
1754124546.26546,1,0,-66
1754124546.30346,2,0,-58
1754124546.3424602,-1,2,-60
1754124546.38046,0,0,-48
1754124546.41646,0,4,-56
1754124546.45346,4,5,-66
1754124546.49246,7,5,-62
1754124546.53046,-6,-2,-58
1754124546.56646,0,3,-70
1754124546.60446,-1,4,-61
1754124546.64246,-3,1,-59
1754124546.68046,1,1,-70
1754124546.71646,1,1,-66
1754124546.75446,-4,-6,-64
1754124546.7924602,-4,-1,-73
1754124546.83046,3,-9,-75
1754124546.86646,-2,-8,-70
1754124546.9044602,-1,-6,-74
1754124546.94246,-7,-3,-67
1754124546.98146,0,-6,-81
1754124547.01746,-5,0,-75
1754124547.06346,2,2,-75
1754124547.10146,-3,1,-67
1754124547.13746,0,-1,-52
1754124547.17646,1,-1,-54
1754124547.2134602,-8,0,-67
1754124547.25246,-7,0,-65
1754124547.28846,-2,-2,-58
1754124547.32646,2,-4,-56
1754124547.36446,-3,-4,-59
1754124547.40246,-9,-3,-65
1754124547.44146,-3,-2,-65
1754124547.47746,-3,-7,-58
1754124547.51546,0,-1,-70
1754124547.55346,-1,3,-75
1754124547.5924602,0,-6,-66
1754124547.6284602,0,1,-64
1754124547.66546,0,-3,-59
1754124547.70446,1,-3,-65
1754124547.74246,5,-5,-61
1754124547.77846,2,0,-62
1754124547.8154602,2,0,-54
1754124547.85346,-1,0,-64
1754124547.89246,0,2,-59
1754124547.92846,6,9,-55
1754124547.96646,-8,-1,-57
1754124548.00446,3,4,-59
1754124548.04346,-5,-3,-62
1754124548.08146,-1,-1,-68
1754124548.11746,-3,0,-71
1754124548.15546,3,3,-60
1754124548.19346,-5,2,-57
1754124548.23246,1,0,-58
1754124548.26846,0,-2,-60
1754124548.30546,1,-5,-64
1754124548.34346,1,-6,-71
1754124548.38246,2,5,-72
1754124548.41846,-1,2,-59
1754124548.45546,0,0,-65
1754124548.4934602,-3,-4,-69
1754124548.5324602,-1,4,-61
1754124548.56846,-2,7,-54
1754124548.6054602,3,0,-54
1754124548.64346,-2,5,-53
1754124548.68246,-5,3,-61
1754124548.71846,0,3,-58
1754124548.75546,-3,11,-57
1754124548.79346,4,1,-66
1754124548.8324602,-6,2,-52
1754124548.8684602,0,3,-58
1754124548.90546,4,0,-64
1754124548.94346,2,0,-65
1754124548.98246,-6,-1,-60
1754124549.01846,-5,3,-64
1754124549.05546,-8,2,-58
1754124549.09346,-5,8,-61
1754124549.13246,1,0,-71
1754124549.16846,0,-7,-66
1754124549.20646,-7,1,-71
1754124549.24546,-2,0,-71
1754124549.28346,0,1,-74
1754124549.3194602,-6,-5,-67
1754124549.35746,-6,-3,-65
1754124549.39646,-3,0,-66
1754124549.43346,0,1,-57
1754124549.47246,1,-2,-67
1754124549.50846,0,0,-67
1754124549.54546,0,-3,-76
1754124549.58346,-1,6,-82
1754124549.62246,-6,2,-72
1754124549.65846,-7,3,-71
1754124549.69646,2,-3,-60
1754124549.73446,2,5,-65
1754124549.77346,0,0,-57
1754124549.8094602,6,-1,-66
1754124549.84746,4,-1,-71
1754124549.88546,-2,-7,-71
1754124549.92346,-11,-2,-70
1754124549.96246,-2,-7,-53
1754124549.99846,-1,-2,-58
1754124550.0364602,-9,1,-64
1754124550.07446,-3,5,-62
1754124550.11346,-4,7,-65
1754124550.14946,2,0,-61
1754124550.18646,-6,0,-66
1754124550.22446,-6,1,-65
1754124550.2634602,-4,8,-72
1754124550.2994602,1,2,-66
1754124550.33646,3,2,-69
1754124550.37446,2,2,-69
1754124550.41346,-1,-4,-63
1754124550.44946,-4,3,-74
1754124550.48746,-1,-7,-64
1754124550.5264602,0,0,-61
1754124550.56446,3,-1,-65
1754124550.60246,0,-4,-68
1754124550.63946,-3,0,-67
1754124550.67646,1,0,-54
1754124550.71446,0,-1,-55
1754124550.7534602,2,1,-58
1754124550.7894602,5,4,-66
1754124550.82646,-7,3,-72
1754124550.86446,-5,-5,-73
1754124550.90346,-3,-2,-70
1754124550.93946,0,-5,-66
1754124550.97746,-2,0,-65
1754124551.01546,-1,7,-69
1754124551.05446,-2,0,-71
1754124551.0924602,-2,0,-73
1754124551.1284602,-4,0,-58
1754124551.1674602,-10,-1,-60
1754124551.20446,-6,-6,-57
1754124551.2434602,4,5,-72
1754124551.2794602,0,2,-61
1754124551.31646,6,0,-65
1754124551.35446,7,2,-71
1754124551.39346,8,-2,-61
1754124551.42946,-2,4,-55
1754124551.46646,-3,-3,-64
1754124551.50446,0,0,-64
1754124551.54346,-3,1,-67
1754124551.57946,0,2,-62
1754124551.61646,6,2,-70
1754124551.6544602,4,-1,-67
1754124551.69346,-2,1,-65
1754124551.72946,-7,2,-65
1754124551.7664602,-5,0,-63
1754124551.80446,-10,0,-63
1754124551.84346,1,-3,-54
1754124551.87946,0,0,-68
1754124551.91646,0,-4,-57
1754124551.95546,-3,-7,-54
1754124551.9934602,-2,-2,-64
1754124552.0294602,-1,-2,-58
1754124552.06746,-1,-1,-61
1754124552.1054602,4,0,-56
1754124552.1444602,-2,-1,-65
1754124552.18046,2,-7,-66
1754124552.21846,-2,-1,-61
1754124552.2564602,-3,-1,-52
1754124552.29446,-8,8,-63
1754124552.33346,-4,0,-69
1754124552.36946,-1,3,-67
1754124552.4074602,-1,2,-65
1754124552.44546,4,0,-64
1754124552.48446,0,-3,-64
1754124552.52046,0,1,-53
1754124552.55746,2,0,-51
1754124552.5954602,6,-4,-58
1754124552.6344602,-4,-1,-62
1754124552.67046,-1,-8,-68
1754124552.70846,3,-9,-56
1754124552.7464602,2,-5,-50
1754124552.78546,0,-5,-60
1754124552.82346,-7,0,-71
1754124552.85946,3,-1,-74
1754124552.89746,-6,3,-70
1754124552.93546,2,5,-72
1754124552.97446,4,4,-66
1754124553.01046,0,1,-74
1754124553.04746,-7,-5,-62
1754124553.0854602,3,-7,-62
1754124553.12446,7,-3,-76
1754124553.16046,8,9,-72
1754124553.19846,2,4,-64
1754124553.23546,-2,1,-59
1754124553.27446,3,0,-61
1754124553.31046,2,2,-55
1754124553.3484602,6,-1,-64
1754124553.38646,0,-2,-78
1754124553.42546,5,-2,-68
1754124553.4634602,-7,0,-62
1754124553.49946,-10,2,-64
1754124553.53746,-3,2,-56
1754124553.5754602,-6,0,-58
1754124553.61446,-2,-2,-58
1754124553.65046,0,-5,-73
1754124553.68846,0,-2,-72
1754124553.72746,-9,-2,-71
1754124553.76546,-9,-4,-63
1754124553.80346,-3,-2,-63
1754124553.83946,3,-1,-67
1754124553.87646,2,4,-57
1754124553.91546,-3,1,-60
1754124553.95146,5,0,-59
1754124553.98946,8,-1,-72
1754124554.0264602,3,-3,-74
1754124554.0654602,-2,-2,-71
1754124554.10146,-1,0,-69
1754124554.14046,-3,-4,-56
1754124554.1774602,-8,0,-62
1754124554.21546,-1,-13,-74
1754124554.25446,2,0,-71
1754124554.29046,-2,3,-57
1754124554.32846,-1,2,-55
1754124554.36646,-2,1,-66
1754124554.40546,-3,6,-64
1754124554.44146,-2,8,-65
1754124554.47946,2,-2,-63
1754124554.51746,-1,-6,-74
1754124554.55546,-5,2,-64
1754124554.59446,-6,-2,-60
1754124554.63046,-12,-4,-59
1754124554.66846,-3,-4,-64
1754124554.70646,0,3,-70
1754124554.74546,-4,4,-63
1754124554.7824602,-6,-2,-66
1754124554.8194602,0,2,-66
1754124554.85746,-6,0,-55
1754124554.89646,-3,-5,-63
1754124554.9344602,-2,-4,-69
1754124554.9704602,0,1,-68
1754124555.00746,14,1,-63
1754124555.0464602,7,2,-64
1754124555.08446,0,1,-67
1754124555.12046,0,-5,-56
1754124555.1574602,-3,-6,-48
1754124555.19646,-3,0,-66
1754124555.23446,-1,-2,-60
1754124555.27046,0,0,-63
1754124555.30746,1,3,-69
1754124555.34646,10,3,-71
1754124555.3844602,3,0,-69
1754124555.42046,8,-1,-53
1754124555.4574602,6,-1,-56
1754124555.4964602,1,-7,-63
1754124555.53446,4,-7,-67
1754124555.57046,3,-2,-69
1754124555.6084602,-3,-3,-58
1754124555.64646,-5,-4,-62
1754124555.68546,0,-4,-55
1754124555.72146,-6,-4,-74
1754124555.7594602,-4,-4,-60
1754124555.79846,-8,-2,-51
1754124555.83646,0,-6,-53
1754124555.87446,-3,-1,-61
1754124555.91046,-4,-7,-66
1754124555.94946,-8,-4,-68
1754124555.9864602,-2,0,-67
1754124556.02546,-4,1,-69
1754124556.06146,-1,0,-67
1754124556.09946,0,2,-62
1754124556.13746,-5,2,-66
1754124556.17646,-7,0,-58
1754124556.21246,-3,0,-61
1754124556.25046,3,2,-57
1754124556.28846,1,-1,-55
1754124556.32646,5,1,-60
1754124556.3654602,0,-6,-62
1754124556.4014602,2,-8,-74
1754124556.43846,2,-2,-67
1754124556.47646,1,1,-76
1754124556.51546,-5,5,-77
1754124556.55146,0,9,-67
1754124556.5884602,-1,6,-73
1754124556.62646,4,5,-54
1754124556.66546,4,4,-63
1754124556.70146,4,-3,-71
1754124556.73846,0,0,-57
1754124556.7764602,0,5,-61
1754124556.8154602,-6,-2,-60
1754124556.85146,-2,-2,-58
1754124556.88946,-2,0,-73
1754124556.92846,0,1,-67
1754124556.96646,-3,-2,-69
1754124557.00246,7,-1,-73
1754124557.0394602,-3,-3,-67
1754124557.0854602,0,-3,-59
1754124557.1214602,0,-1,-55
1754124557.15946,-7,-2,-62
1754124557.1974602,-5,0,-72
1754124557.2364602,-2,-6,-71
1754124557.27346,-3,-5,-60
1754124557.31046,-5,-6,-61
1754124557.34946,-4,-6,-61
1754124557.38746,-4,-3,-64
1754124557.42546,-8,-1,-57
1754124557.46146,-1,-3,-58
1754124557.49946,-6,1,-60
1754124557.53746,0,-1,-64
1754124557.57646,1,-2,-60
1754124557.61246,1,1,-61
1754124557.64946,-6,0,-60
1754124557.6874602,-7,-5,-61
1754124557.72646,0,-1,-76
1754124557.76246,0,0,-61
1754124557.7994602,-4,0,-69
1754124557.83746,-4,-5,-58
1754124557.87646,-4,-8,-67
1754124557.91246,0,-3,-53
1754124557.94946,-2,0,-47
1754124557.98746,-10,2,-58
1754124558.0264602,-3,-3,-71
1754124558.0624602,4,-6,-65
1754124558.09946,5,0,-67
1754124558.13746,-3,1,-57
1754124558.17646,-2,0,-55
1754124558.21246,2,-3,-64
1754124558.24946,-4,-5,-68
1754124558.28746,-1,-1,-72
1754124558.32646,-4,6,-61
1754124558.36246,2,2,-64
1754124558.39946,4,4,-66
1754124558.4374602,-3,3,-64
1754124558.47646,-3,0,-67
1754124558.51246,-5,0,-61
1754124558.5494602,-1,-3,-69
1754124558.58746,2,-6,-73
1754124558.62646,-2,-5,-65
1754124558.66246,-2,-2,-65
1754124558.7004602,0,-5,-72
1754124558.73846,1,-5,-59
1754124558.77746,-5,-8,-65
1754124558.81346,-5,-10,-68
1754124558.85146,0,-5,-69
1754124558.88946,-5,-7,-69
1754124558.92846,4,3,-63
1754124558.96646,1,2,-66
1754124559.00246,0,-3,-73
1754124559.04146,0,4,-61
1754124559.07846,5,-1,-58
1754124559.11746,3,2,-64
1754124559.15346,3,-1,-59
1754124559.19146,2,-2,-64
1754124559.22946,-1,-8,-65
1754124559.26746,-3,-5,-65
1754124559.30646,7,1,-64
1754124559.3424602,1,0,-72
1754124559.37946,7,2,-70
1754124559.41846,3,4,-67
1754124559.45646,2,4,-63
1754124559.49246,-7,3,-56
1754124559.53046,0,0,-74
1754124559.5694602,5,0,-67
1754124559.60746,0,-4,-74
1754124559.64346,9,-1,-62
1754124559.68246,-5,0,-63
1754124559.71946,2,0,-63
1754124559.75846,-3,-1,-68
1754124559.7964602,-6,3,-76
1754124559.8324602,-4,0,-73
1754124559.87046,0,-2,-53
1754124559.90846,-1,-9,-57
1754124559.9474602,-3,-7,-59
1754124559.9834602,-7,-8,-65
1754124560.02146,-3,0,-66
1754124560.0594602,-4,0,-70
1754124560.0984602,3,-4,-62
1754124560.13646,2,-3,-69
1754124560.17246,0,-7,-73
1754124560.2104602,3,-2,-71
1754124560.24946,4,-1,-70
1754124560.28746,5,2,-58
1754124560.32346,5,5,-79
1754124560.36046,-1,-3,-75
1754124560.39846,-6,-5,-80
1754124560.4374602,-2,1,-76
1754124560.4734602,1,0,-68
1754124560.51046,0,2,-89
1754124560.54846,2,-3,-68
1754124560.58746,7,2,-63
1754124560.62346,-1,2,-59
1754124560.66046,-1,-5,-57
1754124560.69946,-5,-2,-60
1754124560.73746,-6,-8,-65
1754124560.77346,1,-1,-70
1754124560.81146,2,0,-58
1754124560.84946,-8,-10,-62
1754124560.8884602,-4,-1,-60
1754124560.9244602,-5,-6,-62
1754124560.96246,2,1,-72
1754124561.00046,-1,5,-76
1754124561.03846,-1,-8,-82
1754124561.07746,-5,-6,-78
1754124561.11346,1,-3,-65
1754124561.1514602,0,0,-59
1754124561.18946,-3,0,-65
1754124561.22846,2,-3,-76
1754124561.26446,3,-8,-68
1754124561.3024602,2,-6,-51
1754124561.34146,-1,-3,-59
1754124561.3784602,0,1,-57
1754124561.4174602,2,2,-66
1754124561.45346,3,-4,-74
1754124561.49146,-3,-3,-67
1754124561.52846,0,-7,-68
1754124561.56746,6,-2,-62
1754124561.60346,2,0,-71
1754124561.6414602,-2,0,-68
1754124561.67846,-6,-4,-65
1754124561.7174602,-4,2,-70
1754124561.7534602,-1,4,-68
1754124561.79146,0,-1,-73
1754124561.82946,-1,-6,-64
1754124561.8684602,7,-1,-73
1754124561.9044602,5,3,-65
1754124561.94146,-3,1,-62
1754124561.97946,0,1,-59
1754124562.01846,4,-3,-56
1754124562.05446,1,-2,-67
1754124562.0924602,11,-1,-57
1754124562.13046,9,-4,-60
1754124562.16946,6,0,-73
1754124562.2074602,3,0,-74
1754124562.2434602,-4,3,-59
1754124562.2824602,-6,5,-58
1754124562.3194602,-3,0,-49
1754124562.3584602,-4,-3,-61
1754124562.3944602,0,-5,-65
1754124562.43246,-2,0,-66
1754124562.4704602,-6,0,-68
1754124562.5094602,6,-3,-62
1754124562.54746,1,-3,-55
1754124562.58346,0,0,-64
1754124562.62046,3,0,-67
1754124562.65946,-4,0,-74
1754124562.6974602,-4,-1,-66
1754124562.7334602,4,-2,-62
1754124562.77146,7,6,-56
1754124562.8094602,2,3,-63
1754124562.8484602,-2,0,-66
1754124562.8844602,-5,-2,-63
1754124562.92346,-8,-3,-65
1754124562.9604602,-7,1,-68
1754124562.99946,-6,2,-66
1754124563.03546,-2,8,-66
1754124563.07346,-3,0,-71
1754124563.11046,-6,-2,-61
1754124563.14946,-7,-6,-67
1754124563.18546,0,-9,-65
1754124563.2234602,-3,1,-66
1754124563.26046,-1,0,-70
1754124563.2994602,1,-5,-82
1754124563.3354602,1,0,-79
1754124563.37346,0,0,-66
1754124563.41046,0,-3,-64
1754124563.44946,4,5,-62
1754124563.48546,2,2,-59
1754124563.52346,0,-3,-62
1754124563.56146,2,2,-64
1754124563.59946,2,4,-75
1754124563.63546,1,2,-67
1754124563.67346,-2,5,-63
1754124563.7104602,2,0,-67
1754124563.74946,6,1,-68
1754124563.78546,5,0,-63
1754124563.82346,5,-6,-65
1754124563.86046,4,-1,-73
1754124563.89946,0,2,-74
1754124563.93546,-3,-1,-65
1754124563.9734602,0,1,-67
1754124564.01146,-5,-1,-66
1754124564.05046,-3,0,-63
1754124564.0884602,-1,5,-59
1754124564.12446,2,0,-67
1754124564.1614602,0,5,-58
1754124564.2004602,-5,0,-53
1754124564.23846,1,2,-71
1754124564.27446,4,3,-72
1754124564.31146,0,2,-67
1754124564.35046,0,-1,-68
1754124564.3884602,10,0,-74
1754124564.4244602,0,-1,-72
1754124564.46246,2,-9,-60
1754124564.50046,-4,1,-55
1754124564.5394602,1,4,-63
1754124564.5754602,-3,-3,-73
1754124564.61346,1,3,-75
1754124564.65246,-1,-4,-56
1754124564.6904602,4,-4,-60
1754124564.72846,-2,-1,-63
1754124564.76546,-3,-3,-73
1754124564.8024602,1,3,-70
1754124564.84146,3,0,-58
1754124564.87946,0,4,-55
1754124564.91546,2,2,-57
1754124564.95246,-2,3,-65
1754124564.99146,-5,4,-64
1754124565.0294602,-8,0,-54
1754124565.0654602,4,-1,-62
1754124565.10346,6,-4,-67
1754124565.1414602,3,0,-62
1754124565.18046,9,-3,-65
1754124565.21846,-1,-9,-74
1754124565.25446,4,-4,-77
1754124565.29346,0,-3,-64
1754124565.33046,4,-7,-64
1754124565.36946,7,-4,-73
1754124565.40546,8,-4,-60
1754124565.44346,2,0,-61
1754124565.48246,0,-4,-61
1754124565.52046,-3,-3,-59
1754124565.55646,-9,0,-62
1754124565.59446,-7,7,-59
1754124565.63246,-2,0,-63
1754124565.67046,-2,-7,-61
1754124565.70946,-4,0,-65
1754124565.74546,-2,0,-66
1754124565.7824602,0,-6,-60
1754124565.82046,-5,-6,-66
1754124565.85946,0,-7,-62
1754124565.89546,-1,-3,-58
1754124565.93346,2,0,-59
1754124565.97146,-9,-5,-63
1754124566.01046,0,1,-53
1754124566.0464602,4,0,-57
1754124566.08446,-3,5,-62
1754124566.12246,0,2,-60
1754124566.1614602,-2,-2,-64
1754124566.19946,0,-4,-61
1754124566.23546,3,-4,-65
1754124566.27346,3,-7,-78
1754124566.31146,-3,-3,-56
1754124566.35046,-2,-3,-65
1754124566.38646,-3,0,-60
1754124566.4244602,2,-3,-66
1754124566.46246,8,-6,-63
1754124566.50146,2,1,-71
1754124566.5394602,6,-2,-68
1754124566.5754602,3,-4,-75
1754124566.61346,1,-1,-75
1754124566.6514602,1,-1,-70
1754124566.6904602,-2,-1,-70
1754124566.72746,0,-1,-56
1754124566.76546,-3,-1,-57
1754124566.8024602,3,-5,-63
1754124566.84146,5,0,-53
1754124566.87946,-1,2,-67
1754124566.91546,2,1,-65
1754124566.95246,2,5,-76
1754124566.99146,2,1,-65
1754124567.0294602,2,0,-59
1754124567.0654602,-2,-7,-63
1754124567.1114602,-4,-3,-64
1754124567.14946,-2,-1,-75
1754124567.18546,0,2,-77
1754124567.22446,-2,0,-71
1754124567.26146,-14,-2,-66
1754124567.30046,-3,-2,-68
1754124567.33646,1,4,-83
1754124567.37446,2,2,-75
1754124567.4114602,-3,3,-62
1754124567.4504602,-4,3,-62
1754124567.4864602,-5,0,-61
1754124567.52446,1,1,-65
1754124567.5624602,0,1,-55
1754124567.60146,2,-2,-48
1754124567.63746,-1,-3,-59
1754124567.67546,2,0,-62
1754124567.71446,-3,3,-65
1754124567.75246,0,-3,-53
1754124567.79046,0,-4,-58
1754124567.82646,3,3,-53
1754124567.86346,5,0,-52
1754124567.9014602,3,0,-62
1754124567.9404602,0,-5,-71
1754124567.97646,-5,-3,-67
1754124568.01546,0,-4,-57
1754124568.0524602,-7,3,-63
1754124568.09146,-4,-1,-62
1754124568.12746,7,-2,-57
1754124568.16546,1,-2,-62
1754124568.20346,1,-2,-73
1754124568.24146,8,-1,-65
1754124568.28046,5,-4,-55
1754124568.31646,-4,-6,-58
1754124568.35446,0,-9,-62
1754124568.39246,7,-4,-66
1754124568.43146,0,-10,-68
1754124568.4674602,1,-1,-62
1754124568.50446,4,3,-63
1754124568.5424602,4,-3,-62
1754124568.58146,11,-3,-60
1754124568.61746,0,2,-73
1754124568.6544602,3,4,-76
1754124568.69246,0,1,-63
1754124568.73146,-3,3,-62
1754124568.76746,-4,1,-56
1754124568.80546,5,-3,-66
1754124568.84446,12,-1,-65
1754124568.88246,3,-3,-60
1754124568.92046,0,-4,-62
1754124568.95646,-8,-7,-60
1754124568.99446,-3,-3,-59
1754124569.0324602,-6,-2,-53
1754124569.07146,-1,0,-63
1754124569.10746,-3,0,-62
1754124569.14546,-6,3,-61
1754124569.1844602,5,3,-62
1754124569.22246,2,1,-60
1754124569.26046,0,-1,-59
1754124569.2964602,-5,-7,-54
1754124569.33446,-2,-4,-64
1754124569.37246,1,0,-63
1754124569.4114602,0,-4,-56
1754124569.4474602,0,-3,-53
1754124569.48546,9,0,-65
1754124569.52346,-2,-3,-63
1754124569.56146,9,2,-56
1754124569.59746,8,-10,-59
1754124569.63546,10,-8,-59
1754124569.67346,-3,0,-54
1754124569.71246,-3,-5,-55
1754124569.75046,7,-1,-51
1754124569.7864602,0,-5,-51
1754124569.82446,-3,0,-60
1754124569.86246,5,5,-61
1754124569.9014602,2,4,-66
1754124569.9374602,2,7,-70
1754124569.97546,-2,-1,-67
1754124570.01446,-2,-2,-67
1754124570.0524602,0,-3,-59
1754124570.0884602,-1,0,-80
1754124570.12646,0,-5,-75
1754124570.1644602,-1,-7,-71
1754124570.20246,-7,-8,-70
1754124570.24146,-10,1,-50
1754124570.27746,-1,0,-62
1754124570.3154602,3,1,-58
1754124570.35346,1,0,-53
1754124570.39246,1,-9,-57
1754124570.42846,0,-6,-63
1754124570.4674602,1,-6,-64
1754124570.50446,-5,0,-63
1754124570.54346,3,0,-66
1754124570.58146,3,5,-71
1754124570.61746,1,5,-57
1754124570.6544602,-1,0,-65
1754124570.69346,-1,0,-69
1754124570.73146,3,0,-66
1754124570.76746,4,6,-56
1754124570.80446,-5,4,-60
1754124570.84346,0,-3,-59
1754124570.8814602,4,-4,-64
1754124570.9174602,-5,-4,-65
1754124570.95646,-3,0,-71
1754124570.9934602,0,-3,-73
1754124571.0324602,-2,-3,-61
1754124571.06846,0,-5,-64
1754124571.10646,9,-10,-62
1754124571.1444602,9,-7,-70
1754124571.18346,1,-4,-52
1754124571.22146,1,0,-63
1754124571.25746,7,-7,-53
1754124571.29546,-3,-3,-67
1754124571.33346,0,-3,-64
1754124571.37246,-5,2,-66
1754124571.40846,-5,3,-62
1754124571.44646,-5,-3,-70
1754124571.48446,-8,-6,-61
1754124571.52246,-3,-4,-62
1754124571.55846,5,0,-60
1754124571.5954602,3,1,-69
1754124571.6344602,4,0,-73
1754124571.67246,4,1,-59
1754124571.70846,7,0,-57
1754124571.74546,0,0,-70
1754124571.78446,8,-2,-74
1754124571.8224602,1,3,-64
1754124571.8584602,-6,-1,-73
1754124571.89646,-5,0,-70
1754124571.9344602,0,0,-66
1754124571.9734602,-11,-1,-70
1754124572.01146,-8,3,-61
1754124572.04746,-5,1,-60
1754124572.0854602,1,-2,-51
1754124572.12346,2,0,-55
1754124572.16246,0,2,-61
1754124572.19846,1,0,-69
1754124572.23546,1,-10,-63
1754124572.27346,1,-9,-76
1754124572.3124602,5,0,-61
1754124572.34946,2,1,-68
1754124572.38646,2,0,-65
1754124572.4244602,7,-1,-62
1754124572.4634602,2,1,-68
1754124572.49946,0,0,-77
1754124572.5364602,3,1,-65
1754124572.57446,-11,-1,-77
1754124572.61346,-6,-5,-67
1754124572.64946,-4,-4,-69
1754124572.6874602,0,-1,-65
1754124572.72546,5,-5,-60
1754124572.7634602,0,-5,-69
1754124572.8024602,6,-6,-58
1754124572.8384602,0,-8,-57
1754124572.87646,8,-1,-55
1754124572.9144602,3,-3,-70
1754124572.95346,5,-10,-71
1754124572.98946,-2,-7,-59
1754124573.02746,6,-5,-67
1754124573.0654602,3,-3,-66
1754124573.10346,-3,0,-71
1754124573.14246,-4,5,-76
1754124573.17846,-1,0,-65
1754124573.21646,-1,-2,-63
1754124573.25546,14,-4,-66
1754124573.29346,1,0,-64
1754124573.32946,-2,5,-59
1754124573.36746,6,3,-57
1754124573.40546,4,5,-64
1754124573.4444602,0,-3,-70
1754124573.48246,-7,0,-68
1754124573.51846,-3,-1,-70
1754124573.55646,-1,-3,-66
1754124573.59446,0,-2,-63
1754124573.63346,-1,-7,-53
1754124573.66946,0,-2,-68
1754124573.7074602,-2,-7,-67
1754124573.74546,2,0,-71
1754124573.78446,0,3,-79
1754124573.8224602,0,0,-68
1754124573.8584602,3,0,-58
1754124573.89646,2,-3,-53
1754124573.9344602,-2,1,-65
1754124573.97246,-1,1,-66
1754124574.00846,0,-8,-71
1754124574.0464602,4,-5,-61
1754124574.08446,-2,-6,-70
1754124574.12346,3,-3,-59
1754124574.15946,-3,0,-63
1754124574.1974602,-4,0,-64
1754124574.23546,1,-2,-56
1754124574.27446,2,-9,-59
1754124574.3124602,5,-7,-69
1754124574.3484602,2,-4,-61
1754124574.38546,-5,-5,-61
1754124574.4244602,2,-3,-52
1754124574.46246,11,-1,-59
1754124574.49846,7,1,-56
1754124574.53546,4,-3,-63
1754124574.57446,0,-3,-76
1754124574.61046,-3,-3,-57
1754124574.64846,-5,-1,-65
1754124574.68646,-3,0,-53
1754124574.72546,-3,0,-57
1754124574.7634602,5,-3,-66
1754124574.7994602,0,-5,-66
1754124574.83646,0,-1,-63
1754124574.87546,-1,4,-65
1754124574.91346,1,3,-66
1754124574.94946,-1,0,-64
1754124574.9864602,0,4,-68
1754124575.02546,-6,3,-59
1754124575.06346,-3,3,-65
1754124575.09946,0,-2,-66
1754124575.13646,7,0,-66
1754124575.17546,7,0,-61
1754124575.2134602,7,4,-70
1754124575.24946,3,-7,-66
1754124575.28846,0,-1,-73
1754124575.3254602,-3,-2,-69
1754124575.36446,1,-4,-59
1754124575.40046,-1,1,-53
1754124575.4374602,2,-5,-61
1754124575.47546,0,-6,-59
1754124575.51446,2,-3,-68
1754124575.55046,3,3,-77
1754124575.58746,5,3,-79
1754124575.62546,11,0,-76
1754124575.6644602,10,-7,-66
1754124575.7004602,-1,-1,-72
1754124575.73846,2,3,-67
1754124575.77746,4,5,-61
1754124575.8154602,1,-2,-60
1754124575.85346,5,-4,-69
1754124575.88946,8,4,-60
1754124575.9274602,1,2,-82
1754124575.96546,-6,2,-75
1754124576.00446,-3,0,-73
1754124576.04046,-4,-2,-65
1754124576.07846,-1,3,-61
1754124576.11646,0,0,-60
1754124576.15546,-9,1,-62
1754124576.19346,-1,2,-67
1754124576.22946,-6,4,-67
1754124576.2664602,-3,-3,-65
1754124576.30546,-4,-7,-61
1754124576.34346,-4,-6,-54
1754124576.37946,-2,-2,-60
1754124576.4174602,-11,-3,-66
1754124576.45546,-4,0,-63
1754124576.49446,-3,1,-65
1754124576.53046,1,0,-57
1754124576.56846,-3,-1,-58
1754124576.60646,4,2,-62
1754124576.64546,4,1,-66
1754124576.68346,1,-6,-70
1754124576.71946,1,0,-65
1754124576.7564602,-9,5,-67
1754124576.79546,-8,1,-71
1754124576.83146,-7,6,-64
1754124576.8684602,-5,3,-75
1754124576.90646,2,-7,-77
1754124576.94546,-3,-2,-74
1754124576.98146,-4,-4,-64
1754124577.0194602,-1,-1,-80
1754124577.05746,-2,10,-69
1754124577.0954602,8,4,-62
1754124577.13946,6,-2,-64
1754124577.17846,5,-5,-73
1754124577.21546,-2,-2,-75
1754124577.25446,-2,-4,-62
1754124577.29046,-4,0,-59
1754124577.32846,-2,7,-69
1754124577.36646,2,1,-64
1754124577.40546,0,-3,-58
1754124577.44146,-6,-1,-60
1754124577.47946,-9,-1,-58
1754124577.51746,0,0,-56
1754124577.55546,-7,-4,-61
1754124577.59446,0,0,-72
1754124577.63046,-4,0,-60
1754124577.66846,2,-7,-54
1754124577.7074602,-4,-8,-72
1754124577.74546,-6,-3,-71
1754124577.78146,0,-2,-78
1754124577.82046,0,3,-66
1754124577.85746,0,0,-63
1754124577.89646,6,-1,-64
1754124577.9344602,-6,3,-70
1754124577.9704602,-4,2,-68
1754124578.00846,2,-10,-65
1754124578.0464602,1,-7,-56
1754124578.0854602,-4,-7,-68
1754124578.1214602,-3,-4,-55
1754124578.15946,-4,0,-57
1754124578.19846,-5,0,-55
1754124578.2364602,0,-1,-61
1754124578.27446,3,-7,-63
1754124578.31046,4,-6,-57
1754124578.3484602,3,-5,-56
1754124578.38646,0,-6,-67
1754124578.42546,-5,-6,-70
1754124578.46146,-12,-1,-72
1754124578.49946,-3,6,-67
1754124578.53746,-3,-8,-58
1754124578.57646,-6,-9,-46
1754124578.61446,-1,-9,-64
1754124578.65046,5,0,-68
1754124578.6874602,-1,-3,-64
1754124578.72646,1,-6,-63
1754124578.76446,-1,-4,-67
1754124578.80046,1,-1,-65
1754124578.8384602,-11,0,-58
1754124578.87646,-9,-4,-64
1754124578.91546,-9,0,-59
1754124578.95146,-4,3,-62
1754124578.9904602,0,-2,-63
1754124579.02746,0,0,-73
1754124579.06646,0,8,-66
1754124579.10446,5,-2,-71
1754124579.1414602,3,0,-69
1754124579.17946,-3,2,-62
1754124579.21846,-1,3,-58
1754124579.2564602,2,2,-57
1754124579.2924602,3,1,-54
1754124579.32946,6,0,-46
1754124579.36746,-2,-5,-59
1754124579.40646,-2,-5,-59
1754124579.44246,-3,0,-57
1754124579.4804602,-3,0,-67
1754124579.51846,-2,-5,-70
1754124579.55646,0,-9,-60
1754124579.5954602,0,-4,-65
1754124579.6314602,2,4,-62
1754124579.66946,7,-6,-58
1754124579.70646,6,-7,-52
1754124579.74546,0,-5,-69
1754124579.78146,-2,-3,-65
1754124579.8194602,0,-8,-64
1754124579.85746,-4,0,-66
1754124579.89646,-4,-5,-61
1754124579.93246,-4,2,-64
1754124579.9704602,1,0,-70
1754124580.00846,-2,3,-74
1754124580.04746,0,2,-77
1754124580.0854602,1,3,-64
1754124580.1214602,8,-3,-65
1754124580.16046,0,-3,-66
1754124580.1974602,3,-2,-66
1754124580.2364602,0,1,-64
1754124580.27246,0,2,-61
1754124580.31046,1,0,-60
1754124580.34746,3,-2,-64
1754124580.38646,3,-6,-59
1754124580.42246,-1,-4,-61
1754124580.4604602,0,-6,-69
1754124580.49846,-4,-2,-80
1754124580.53746,-5,0,-75
1754124580.5754602,1,-6,-67
1754124580.6114602,-6,-8,-70
1754124580.64946,-13,-2,-77
1754124580.6874602,-8,0,-68
1754124580.72646,-6,-3,-63
1754124580.76246,-3,-1,-66
1754124580.80046,1,-5,-68
1754124580.83946,14,-1,-81
1754124580.87746,12,3,-71
1754124580.91546,3,5,-62
1754124580.95146,-2,-3,-67
1754124580.98946,-8,-1,-64
1754124581.02746,-6,-5,-66
1754124581.06646,0,-4,-72
1754124581.10246,-4,-3,-69
1754124581.14046,-7,-1,-65
1754124581.17846,-2,-1,-65
1754124581.2174602,4,-2,-70
1754124581.25546,-1,2,-61
1754124581.29146,4,5,-61
1754124581.32946,5,0,-62
1754124581.36746,-8,-5,-62
1754124581.40346,-6,2,-67
1754124581.44146,2,-6,-64
1754124581.4804602,1,0,-66
1754124581.51746,4,-1,-66
1754124581.55646,-1,2,-61
1754124581.59346,0,2,-63
1754124581.63046,4,2,-68
1754124581.66846,-1,6,-63
1754124581.7074602,-4,0,-66
1754124581.7434602,-2,-4,-64
1754124581.78146,9,-6,-51
1754124581.8194602,5,-7,-60
1754124581.85746,7,-2,-60
1754124581.89646,0,-5,-67
1754124581.93246,-1,0,-73
1754124581.9704602,0,-4,-71
1754124582.00846,2,1,-79
1754124582.04746,-2,0,-69
1754124582.08346,4,5,-60
1754124582.12046,5,-2,-57
1754124582.15846,5,-2,-55
1754124582.1974602,6,2,-58
1754124582.2334602,2,4,-58
1754124582.27046,-2,-2,-68
1754124582.3094602,-1,-5,-63
1754124582.34746,3,-2,-63
1754124582.38346,-1,-5,-63
1754124582.42246,-4,-4,-63
1754124582.45946,2,-4,-63
1754124582.49846,-4,0,-55
1754124582.5364602,-1,6,-70
1754124582.5724602,-5,1,-66
1754124582.61046,-7,-3,-71
1754124582.64846,3,0,-63
1754124582.6874602,-1,-5,-74
1754124582.7234602,-3,0,-65
1754124582.76146,-5,0,-56
1754124582.7994602,0,1,-64
1754124582.8384602,1,0,-57
1754124582.87646,-1,-1,-58
1754124582.91246,2,-2,-55
1754124582.95146,5,2,-62
1754124582.98846,-2,-1,-66
1754124583.02746,-3,-3,-68
1754124583.06346,10,-2,-59
1754124583.10146,3,3,-65
1754124583.13946,4,2,-65
1754124583.17846,-1,3,-55
1754124583.21646,-5,-3,-61
1754124583.25246,-8,-3,-61
1754124583.29046,-2,-7,-68
1754124583.32946,3,3,-70
1754124583.36746,-5,-4,-76
1754124583.40346,0,-1,-65
1754124583.44246,7,0,-74
1754124583.47946,1,0,-67
1754124583.51846,1,1,-63
1754124583.55646,-4,-2,-59
1754124583.59346,-5,-2,-57
1754124583.63246,-10,5,-63
1754124583.66946,-3,1,-65
1754124583.70846,-3,0,-64
1754124583.74446,-8,1,-64
1754124583.7824602,-7,-2,-64
1754124583.82146,-1,-5,-65
1754124583.8584602,-1,-3,-71
1754124583.89746,-3,-6,-70
1754124583.9344602,-5,0,-63
1754124583.97146,-2,7,-67
1754124584.0094602,-2,-2,-55
1754124584.04846,-7,-2,-56
1754124584.08446,-1,-3,-55
1754124584.12246,5,-8,-59
1754124584.16046,0,-4,-56
1754124584.19846,4,0,-75
1754124584.23746,1,0,-70
1754124584.27346,0,-1,-66
1754124584.3124602,-2,0,-66
1754124584.34946,-8,-7,-70
1754124584.3884602,2,0,-77
1754124584.4244602,4,1,-75
1754124584.46246,10,4,-71
1754124584.50046,6,0,-67
1754124584.53846,9,2,-66
1754124584.57746,3,2,-57
1754124584.61346,1,-3,-60
1754124584.6514602,8,-3,-47
1754124584.68946,5,-4,-49
1754124584.72846,0,-1,-51
1754124584.76446,-3,2,-53
1754124584.8024602,1,-4,-53
1754124584.84146,0,-1,-64
1754124584.87946,-3,0,-61
1754124584.9174602,0,-1,-59
1754124584.95446,0,0,-56
1754124584.99146,0,3,-53
1754124585.0294602,-4,6,-59
1754124585.06846,-4,-1,-61
1754124585.10446,-9,-2,-57
1754124585.14246,-6,2,-62
1754124585.18046,-1,-5,-78
1754124585.21946,-2,-2,-69
1754124585.25746,2,0,-53
1754124585.29346,-4,-4,-56
1754124585.33146,5,1,-67
1754124585.37046,0,0,-59
1754124585.40846,4,-5,-61
1754124585.4444602,3,0,-67
1754124585.48146,-6,-6,-67
1754124585.5194602,2,0,-65
1754124585.55846,-4,2,-57
1754124585.59446,-4,-2,-56
1754124585.63346,-1,-1,-69
1754124585.67046,0,-3,-72
1754124585.70946,-1,0,-66
1754124585.74746,-1,0,-75
1754124585.78346,0,-3,-66
1754124585.82146,-5,-1,-62
1754124585.85946,0,4,-59
1754124585.89846,-2,1,-81
1754124585.9344602,-4,0,-71
1754124585.97246,-2,1,-69
1754124586.0094602,1,-3,-62
1754124586.04846,5,-2,-67
1754124586.08446,1,-4,-61
1754124586.12246,1,-4,-64
1754124586.1614602,-2,-2,-66
1754124586.19946,0,-2,-64
1754124586.23546,-6,1,-63
1754124586.27346,-6,-7,-67
1754124586.31146,-10,-2,-71
1754124586.34946,-2,-6,-71
1754124586.3884602,-3,-1,-70
1754124586.4244602,-3,-2,-66
1754124586.46246,5,-4,-60
1754124586.50046,-2,-5,-64
1754124586.5394602,0,2,-59
1754124586.5754602,-11,0,-67
1754124586.61346,-8,1,-73
1754124586.6514602,-1,4,-66
1754124586.6904602,2,2,-67
1754124586.72846,2,0,-60
1754124586.76446,1,-1,-56
1754124586.80346,-2,-2,-64
1754124586.84046,1,-7,-57
1754124586.87946,7,0,-58
1754124586.91646,1,-2,-59
1754124586.95346,2,-7,-67
1754124586.99146,6,-2,-65
1754124587.03046,0,0,-63
1754124587.06846,0,2,-63
1754124587.10446,-9,0,-59
1754124587.15046,0,-3,-62
1754124587.18846,-3,-2,-59
1754124587.22446,4,-4,-74
1754124587.26246,0,-3,-74
1754124587.30046,3,0,-62
1754124587.33946,2,0,-56
1754124587.37546,-4,2,-65
1754124587.41346,-4,0,-72
1754124587.45146,-2,-5,-57
1754124587.4904602,-5,-4,-63
1754124587.52846,-9,-8,-56
1754124587.56446,-3,-6,-65
1754124587.60346,-5,-5,-67
1754124587.64046,-4,-6,-56
1754124587.67946,0,-7,-57
1754124587.71646,-6,-5,-57
1754124587.7534602,-4,-3,-64
1754124587.79146,-1,-1,-56
1754124587.83046,-2,0,-63
1754124587.8684602,2,-2,-74
1754124587.9044602,-1,-1,-66
1754124587.94246,-2,-2,-69
1754124587.9804602,-3,-3,-73
1754124588.0194602,3,1,-69
1754124588.05546,-1,3,-69
1754124588.09346,-1,-4,-59
1754124588.13246,4,-7,-69
1754124588.17046,3,-3,-66
1754124588.20846,5,1,-69
1754124588.24446,2,5,-71
1754124588.2824602,7,-3,-61
1754124588.32046,-2,-5,-66
1754124588.35646,3,-3,-71
1754124588.3944602,4,-6,-77
1754124588.43246,-5,-4,-65
1754124588.4704602,2,-1,-64
1754124588.5094602,-5,3,-74
1754124588.54546,-2,0,-75
1754124588.58346,-3,1,-78
1754124588.6214602,1,-1,-69
1754124588.66046,-2,1,-60
1754124588.69646,-7,0,-68
1754124588.73446,-5,5,-63
1754124588.77246,0,-1,-60
1754124588.81046,-2,-7,-57
1754124588.84946,-3,-3,-72
1754124588.88546,-5,-4,-62
1754124588.92346,-3,-4,-60
1754124588.96146,-4,1,-62
1754124589.00046,-8,-3,-67
1754124589.0364602,-1,-3,-73
1754124589.07446,-2,2,-81
1754124589.11246,-3,-1,-70
1754124589.15046,-9,-9,-64
1754124589.18946,0,-12,-62
1754124589.22546,0,-4,-67
1754124589.26246,1,-5,-70
1754124589.30146,6,-11,-70
1754124589.33946,-1,-3,-66
1754124589.37546,3,0,-72
1754124589.41246,5,-6,-57
1754124589.45146,4,-7,-62
1754124589.48946,-1,0,-69
1754124589.52546,0,-4,-78
1754124589.5624602,-9,-5,-65
1754124589.60146,3,-4,-64
1754124589.63946,-2,-4,-66
1754124589.67546,0,0,-65
1754124589.71246,-6,-6,-58
1754124589.75146,-8,-2,-65
1754124589.7894602,-2,3,-63
1754124589.8254602,3,3,-64
1754124589.86246,2,-2,-61
1754124589.9014602,0,-2,-53
1754124589.93946,2,-2,-69
1754124589.97546,0,0,-74
1754124590.0134602,2,5,-69
1754124590.0524602,3,-4,-67
1754124590.09046,-4,-1,-65
1754124590.12646,-1,-3,-71
1754124590.16546,-3,-2,-63
1754124590.20246,-9,-2,-66
1754124590.24146,-7,6,-64
1754124590.2794602,-5,3,-66
1754124590.3154602,-6,1,-70
1754124590.35446,-3,-1,-67
1754124590.3914602,3,0,-63
1754124590.43046,2,-7,-57
1754124590.46646,0,2,-64
1754124590.50446,1,2,-66
1754124590.5424602,-1,0,-70
1754124590.58146,-3,-4,-67
1754124590.61746,-5,-4,-58
1754124590.65546,4,-8,-51
1754124590.69346,0,-6,-65
1754124590.73146,1,0,-58
1754124590.77046,6,2,-60
1754124590.80646,5,6,-61
1754124590.84346,1,4,-51
1754124590.8814602,-3,1,-59
1754124590.92046,-1,2,-58
1754124590.95646,1,-1,-63
1754124590.9934602,-3,-1,-61
1754124591.03146,-2,3,-71
1754124591.07046,0,-1,-62
1754124591.10646,-2,-2,-65
1754124591.1444602,-7,0,-58
1754124591.18246,-2,-5,-67
1754124591.22146,0,-7,-72
1754124591.25746,-7,0,-69
1754124591.29546,0,-5,-63
1754124591.33346,-2,-5,-62
1754124591.3714602,-4,0,-61
1754124591.41046,-12,0,-65
1754124591.44646,-5,0,-74
1754124591.48446,-1,-4,-64
1754124591.52246,-4,-1,-67
1754124591.56146,-4,1,-68
1754124591.59746,1,-4,-62
1754124591.63546,4,-3,-62
1754124591.67346,3,-7,-61
1754124591.71246,-2,-6,-62
1754124591.75046,-2,-6,-66
1754124591.7864602,4,-4,-70
1754124591.82446,4,-9,-61
1754124591.86246,-8,-8,-60
1754124591.9014602,2,-1,-52
1754124591.9374602,4,3,-56
1754124591.97546,-2,1,-65
1754124592.01246,4,-4,-61
1754124592.05146,0,-7,-53
1754124592.08746,4,-3,-57
1754124592.12546,0,0,-60
1754124592.1644602,2,0,-64
1754124592.20246,3,-1,-64
1754124592.2404602,0,0,-60
1754124592.2764602,0,2,-68
1754124592.31446,0,-1,-65
1754124592.35246,0,-4,-66
1754124592.39046,1,4,-52
1754124592.42646,4,0,-66
1754124592.46446,0,-3,-75
1754124592.50246,3,-3,-57
1754124592.54046,-2,-5,-54
1754124592.57646,-1,-1,-60
1754124592.61446,0,-1,-59
1754124592.65246,1,-4,-64
1754124592.69146,-3,-5,-64
1754124592.72746,0,-8,-71
1754124592.76546,3,0,-67
1754124592.80346,7,-4,-63
1754124592.8424602,1,-7,-67
1754124592.8784602,-3,-4,-76
1754124592.91646,1,-7,-67
1754124592.95546,-4,-6,-66
1754124592.99246,-5,-8,-71
1754124593.03146,-1,-10,-65
1754124593.06746,1,-7,-74
1754124593.1054602,-4,-4,-63
1754124593.14346,2,-10,-73
1754124593.18246,1,-2,-69
1754124593.21846,0,-8,-67
1754124593.2564602,-4,-6,-63
1754124593.29446,-10,-3,-71
1754124593.3324602,-4,-6,-63
1754124593.3714602,0,-3,-65
1754124593.4074602,4,4,-67
1754124593.4444602,0,2,-65
1754124593.48246,-6,0,-53
1754124593.52146,-2,2,-63
1754124593.55746,3,6,-71
1754124593.59446,-9,2,-69
1754124593.63246,-5,0,-69
1754124593.6714602,-6,3,-65
1754124593.7074602,-3,0,-63
1754124593.74546,-6,-2,-58
1754124593.78446,1,0,-62
1754124593.8224602,1,-5,-61
1754124593.8584602,-4,-6,-58
1754124593.89646,-3,-5,-61
1754124593.9344602,2,0,-57
1754124593.9734602,-7,1,-67
1754124594.01146,0,4,-64
1754124594.04746,-5,-3,-51
1754124594.0854602,-1,3,-50
1754124594.12346,-6,-1,-54
1754124594.16246,-3,-4,-53
1754124594.19846,-1,-7,-59
1754124594.2364602,-1,-1,-67
1754124594.27446,-7,-5,-57
1754124594.31346,-9,-2,-66
1754124594.35146,-7,4,-59
1754124594.38746,-1,-4,-53
1754124594.42546,0,-2,-58
1754124594.4634602,-3,-1,-58
1754124594.50246,-1,-5,-59
1754124594.53846,-2,2,-70
1754124594.57646,0,-4,-67
1754124594.61446,-4,-5,-64
1754124594.65346,-2,-1,-66
1754124594.69146,1,-3,-65
1754124594.72746,-1,0,-70
1754124594.76546,1,-1,-78
1754124594.80446,0,-8,-70
1754124594.8424602,0,-5,-78
1754124594.8784602,0,-4,-61
1754124594.91646,-1,2,-59
1754124594.95446,-2,-6,-50
1754124594.9934602,-1,-5,-56
1754124595.03146,0,-5,-49
1754124595.06746,-6,-2,-60
1754124595.1054602,-4,-8,-63
1754124595.14346,-3,0,-59
1754124595.18246,-7,1,-60
1754124595.21846,0,1,-69
1754124595.25746,-3,-2,-75
1754124595.29446,-2,-1,-73
1754124595.33346,0,-1,-69
1754124595.36946,-3,0,-63
1754124595.4074602,3,-2,-77
1754124595.44646,-5,-4,-82
1754124595.4834602,-3,1,-71
1754124595.52246,-8,0,-59
1754124595.55846,-10,-1,-70
1754124595.59646,-4,0,-66
1754124595.6344602,4,-3,-69
1754124595.67346,-4,4,-63
1754124595.70946,-8,1,-69
1754124595.74746,1,-2,-66
1754124595.78546,5,2,-66
1754124595.82446,0,1,-59
1754124595.86246,-5,-2,-64
1754124595.89846,0,0,-65
1754124595.93546,0,1,-68
1754124595.97446,-2,-2,-68
1754124596.01246,4,-1,-75
1754124596.04846,1,0,-78
1754124596.0854602,-1,0,-65
1754124596.12346,1,0,-70
1754124596.16246,5,-1,-69
1754124596.19846,1,-6,-63
1754124596.23746,-3,1,-57
1754124596.27446,-1,3,-64
1754124596.31346,1,0,-71
1754124596.34946,-3,-6,-67
1754124596.38746,-1,0,-61
1754124596.42546,-3,-7,-56
1754124596.46446,6,-3,-66
1754124596.50246,6,0,-71
1754124596.53846,2,-2,-66
1754124596.57646,4,-1,-64
1754124596.61446,4,0,-68
1754124596.65346,0,0,-60
1754124596.68946,3,0,-59
1754124596.72646,5,0,-71
1754124596.76446,6,0,-71
1754124596.80346,5,2,-58
1754124596.83946,-2,-1,-65
1754124596.87746,-1,-8,-65
1754124596.91546,-6,-8,-57
1754124596.95446,-2,0,-61
1754124596.99246,-1,1,-62
1754124597.0294602,-9,0,-79
1754124597.06646,-7,-1,-64
1754124597.10446,0,-5,-64
1754124597.14346,0,0,-61
1754124597.1874602,0,-2,-72
1754124597.22546,-5,-1,-66
1754124597.26446,-1,-3,-70
1754124597.3024602,-7,-5,-62
1754124597.33946,-11,-7,-59
1754124597.37746,-4,-2,-56
1754124597.41546,-6,2,-66
1754124597.45446,5,0,-65
1754124597.4904602,1,0,-65
1754124597.52746,-4,2,-65
1754124597.5654602,2,-4,-65
1754124597.60446,3,-2,-60
1754124597.64046,-2,-3,-59
1754124597.67846,1,0,-70
1754124597.71646,-2,1,-66
1754124597.75446,-4,-2,-58
1754124597.79346,-6,1,-67
1754124597.82946,2,0,-56
1754124597.86646,-3,3,-66
1754124597.9044602,-2,4,-67
1754124597.94346,0,1,-55
1754124597.97946,-5,1,-61
1754124598.01846,-4,-1,-70
1754124598.05546,-8,0,-65
1754124598.09446,-5,-3,-73
1754124598.13046,0,-5,-66
1754124598.16946,4,0,-66
1754124598.20646,-3,0,-63
1754124598.24546,7,-4,-59
1754124598.28346,-2,-4,-66
1754124598.3194602,-1,-7,-69
1754124598.35746,-1,2,-62
1754124598.39546,-8,-1,-63
1754124598.4344602,0,0,-66
1754124598.4704602,-3,3,-71
1754124598.50846,4,-4,-69
1754124598.5464602,-2,1,-63
1754124598.5854602,0,-8,-71
1754124598.62346,-3,0,-68
1754124598.65946,-3,2,-63
1754124598.6974602,-1,0,-56
1754124598.7364602,-8,3,-64
1754124598.77446,-3,-1,-70
1754124598.81046,0,-1,-64
1754124598.8484602,2,-4,-62
1754124598.88646,6,2,-57
1754124598.92546,0,-1,-65
1754124598.9634602,6,-6,-74
1754124598.99946,-2,-1,-66
1754124599.03746,-7,3,-56
1754124599.0754602,-6,-7,-53
1754124599.11446,-11,-5,-66
1754124599.1514602,-6,0,-61
1754124599.18946,-12,4,-55
1754124599.22646,-1,-2,-57
1754124599.26546,1,-5,-64
1754124599.30346,-2,-2,-54
1754124599.33946,-10,2,-49
1754124599.3784602,-3,0,-51
1754124599.41546,-2,2,-69
1754124599.45446,-1,-1,-63
1754124599.4904602,4,0,-52
1754124599.52846,-3,-4,-63
1754124599.56646,-9,-8,-50
1754124599.6054602,-6,-6,-55
1754124599.64346,-1,0,-62
1754124599.67946,2,3,-67
1754124599.7174602,-5,-1,-52
1754124599.75546,0,-2,-59
1754124599.79446,8,4,-64
1754124599.83046,5,5,-74
1754124599.86746,-3,0,-68
1754124599.90646,-1,-4,-66
1754124599.94546,0,-2,-52
1754124599.98146,-3,-1,-49
1754124600.0194602,0,-3,-61
1754124600.05746,-5,-3,-56
1754124600.0954602,5,1,-63
1754124600.1344602,-2,2,-52
1754124600.1714602,-2,3,-55
1754124600.20846,-3,4,-53
1754124600.2464602,-3,-7,-67
1754124600.28546,-6,-2,-64
1754124600.32146,3,-12,-50
1754124600.35946,1,-7,-62
1754124600.39746,-2,-4,-52
1754124600.43546,2,0,-68
1754124600.47446,0,0,-73
1754124600.51046,0,8,-71
1754124600.54746,1,9,-53
1754124600.5854602,-4,3,-47
1754124600.62446,-1,-2,-59
1754124600.66046,2,-4,-61
1754124600.69846,5,5,-71
1754124600.7364602,0,3,-62
1754124600.77546,-3,-4,-70
1754124600.81146,1,0,-65
1754124600.8484602,0,0,-66
1754124600.88646,0,-6,-63
1754124600.92546,-2,-1,-70
1754124600.96146,3,0,-70
1754124600.99846,7,0,-66
1754124601.0364602,0,2,-73
1754124601.0754602,-3,3,-72
1754124601.1114602,-1,0,-70
1754124601.14946,9,-5,-64
1754124601.18846,1,-1,-71
1754124601.22646,6,0,-65
1754124601.26446,-6,3,-69
1754124601.30046,-6,-1,-58
1754124601.3384602,-1,-4,-70
1754124601.37746,1,0,-71
1754124601.41546,0,-7,-65
1754124601.45146,-4,-4,-67
1754124601.48946,-2,0,-66
1754124601.52746,-9,-1,-72
1754124601.56646,-3,-3,-68
1754124601.60446,-3,3,-61
1754124601.64046,0,5,-60
1754124601.6774602,4,-6,-71
1754124601.71646,5,-1,-66
1754124601.75446,0,5,-69
1754124601.79046,-1,5,-65
1754124601.82846,-8,3,-57
1754124601.86746,0,0,-65
1754124601.90546,-4,2,-59
1754124601.94146,-3,0,-63
1754124601.9804602,-5,2,-73
1754124602.01746,-7,-1,-60
1754124602.05646,-6,-1,-66
1754124602.0924602,0,9,-59
1754124602.13046,4,5,-61
1754124602.16846,7,5,-62
1754124602.20646,1,-1,-60
1754124602.24546,-5,-3,-65
1754124602.28146,-5,3,-77
1754124602.3194602,4,-2,-80
1754124602.3584602,4,-2,-66
1754124602.39646,6,-5,-84
1754124602.43246,-2,-3,-73
1754124602.4704602,-3,-5,-59
1754124602.50846,-6,-8,-53
1754124602.5464602,1,-2,-61
1754124602.5854602,-2,0,-63
1754124602.6214602,2,3,-62
1754124602.65846,1,3,-72
1754124602.69646,-4,0,-67
1754124602.73546,-8,-6,-58
1754124602.77146,1,-1,-56
1754124602.8094602,1,-3,-64
1754124602.84746,0,-3,-64
1754124602.88646,-1,3,-62
1754124602.92246,-5,-4,-60
1754124602.9604602,-1,0,-56
1754124602.99846,0,-3,-58
1754124603.03746,4,-4,-68
1754124603.0754602,1,-3,-66
1754124603.1114602,0,2,-65
1754124603.15046,5,0,-66
1754124603.1874602,-3,-2,-69
1754124603.22646,-1,-2,-72
1754124603.26246,-9,-7,-68
1754124603.30046,0,-6,-57
1754124603.3384602,0,-5,-62
1754124603.37746,0,-4,-63
1754124603.41546,1,-5,-57
1754124603.45146,1,-8,-63
1754124603.48946,3,-4,-65
1754124603.52746,-3,-9,-60
1754124603.56646,-5,-8,-62
1754124603.60246,-8,-4,-64
1754124603.64046,-5,0,-64
1754124603.67846,-5,0,-47
1754124603.7174602,-2,-2,-59
1754124603.75546,-4,5,-72
1754124603.7924602,-5,6,-69
1754124603.82946,-4,1,-68
1754124603.86746,-5,-2,-72
1754124603.90646,0,-3,-71
1754124603.94246,-1,2,-72
1754124603.97946,0,5,-78
1754124604.01746,4,3,-65
1754124604.05646,3,6,-67
1754124604.0924602,-2,4,-68
1754124604.13046,1,-7,-67
1754124604.16846,0,-2,-73
1754124604.2074602,-1,1,-63
1754124604.24546,0,0,-71
1754124604.28146,-4,-4,-70
1754124604.3194602,-6,-2,-81
1754124604.35746,-10,-4,-65
1754124604.39646,-1,1,-67
1754124604.43246,0,-7,-59
1754124604.4704602,-1,-5,-68
1754124604.50846,-5,-3,-69
1754124604.54746,-1,5,-68
1754124604.58346,1,2,-64
1754124604.62046,0,-1,-67
1754124604.65846,3,-2,-77
1754124604.6974602,-1,0,-81
1754124604.7334602,2,1,-67
1754124604.77046,7,-7,-60
1754124604.80846,0,-7,-66
1754124604.84746,1,-6,-59
1754124604.88346,-4,2,-52
1754124604.9214602,6,2,-65
1754124604.95946,-2,6,-61
1754124604.99846,-1,6,-67
1754124605.0364602,7,-1,-67
1754124605.0724602,-1,-3,-77
1754124605.11046,2,4,-73
1754124605.14946,-2,1,-73
1754124605.1874602,-6,-2,-75
1754124605.2234602,-6,-6,-73
1754124605.26246,-11,-4,-69
1754124605.2994602,0,-3,-67
1754124605.3384602,-3,-8,-68
1754124605.37646,0,-2,-66
1754124605.41246,-2,0,-64
1754124605.4504602,-2,1,-59
1754124605.48846,-4,0,-66
1754124605.52746,-2,2,-57
1754124605.56346,-9,4,-59
1754124605.60146,-3,-1,-51
1754124605.64046,1,0,-67
1754124605.67846,0,4,-53
1754124605.71646,3,-1,-66
1754124605.75246,2,-5,-69
1754124605.79046,-2,-11,-65
1754124605.82846,-2,0,-62
1754124605.86746,9,0,-62
1754124605.90346,7,-1,-58
1754124605.9404602,-1,3,-68
1754124605.97846,-4,2,-73
1754124606.01746,0,3,-68
1754124606.05346,2,0,-59
1754124606.09146,3,0,-65
1754124606.1284602,1,1,-63
1754124606.1674602,1,5,-61
1754124606.20346,-5,2,-69
1754124606.24146,-7,5,-53
1754124606.27846,-3,4,-65
1754124606.31746,3,0,-78
1754124606.35346,0,0,-70
1754124606.3914602,6,2,-59
1754124606.42846,-1,0,-59
1754124606.4674602,-4,1,-66
1754124606.5034602,4,5,-63
1754124606.54146,1,-1,-54
1754124606.57846,-2,-1,-49
1754124606.61746,-6,0,-73
1754124606.65346,-2,5,-80
1754124606.69146,-1,1,-63
1754124606.72846,-3,2,-61
1754124606.76846,-9,2,-61
1754124606.80446,-2,1,-71
1754124606.8424602,-5,-1,-72
1754124606.88046,1,0,-66
1754124606.91846,1,-7,-62
1754124606.9574602,0,0,-62
1754124606.9934602,2,-7,-61
1754124607.0324602,-4,-4,-56
1754124607.0694602,2,3,-57
1754124607.1084602,0,1,-51
1754124607.1444602,3,-1,-52
1754124607.18246,0,-3,-58
1754124607.22846,1,-3,-63
1754124607.26446,-9,6,-59
1754124607.3024602,-1,4,-58
1754124607.34046,-2,-1,-55
1754124607.3784602,0,-2,-57
1754124607.4174602,0,-4,-52
1754124607.45346,0,-1,-52
1754124607.49146,3,4,-59
1754124607.5294602,3,0,-68
1754124607.56846,-2,0,-51
1754124607.60446,-8,-1,-54
1754124607.64246,-7,4,-66
1754124607.68046,-1,1,-65
1754124607.71946,1,-1,-63
1754124607.75746,3,-3,-52
1754124607.79346,5,-3,-60
1754124607.83146,7,-7,-47
1754124607.86946,2,-2,-61
1754124607.90846,-1,0,-71
1754124607.9444602,0,4,-66
1754124607.98146,3,1,-68
1754124608.0194602,-7,-1,-73
1754124608.05846,-6,-4,-64
1754124608.09446,-2,-4,-53
1754124608.13246,-2,-2,-54
1754124608.17046,0,2,-63
1754124608.20946,-3,0,-65
1754124608.24746,-6,3,-74
1754124608.28346,0,-2,-64
1754124608.3224602,5,1,-65
1754124608.35946,0,6,-57
1754124608.39846,4,3,-64
1754124608.4344602,-4,-2,-65
1754124608.47246,-1,3,-63
1754124608.51046,-2,5,-53
1754124608.5494602,-8,4,-64
1754124608.58746,7,3,-71
1754124608.62346,3,2,-54
1754124608.66046,7,1,-71
1754124608.69946,1,2,-67
1754124608.73746,2,0,-64
1754124608.77346,1,4,-72
1754124608.81046,0,3,-64
1754124608.84946,-6,5,-59
1754124608.88546,-2,0,-63
1754124608.92346,1,3,-61
1754124608.96146,3,1,-72
1754124608.99946,4,-4,-50
1754124609.03846,9,-2,-51
1754124609.07446,6,-5,-62
1754124609.11346,-3,-6,-59
1754124609.1514602,-9,0,-62
1754124609.18946,-5,0,-59
1754124609.22646,1,0,-64
1754124609.26446,-1,3,-56
1754124609.30146,-5,2,-55
1754124609.34046,-3,-2,-60
1754124609.3784602,0,-1,-71
1754124609.4144602,0,2,-60
1754124609.45146,1,-6,-71
1754124609.48946,-3,-4,-67
1754124609.52846,1,-9,-65
1754124609.56446,5,-6,-73
1754124609.60246,6,-4,-55
1754124609.64046,2,0,-66
1754124609.67946,7,-4,-61
1754124609.71546,3,-3,-70
1754124609.7534602,8,-1,-73
1754124609.79146,4,-2,-65
1754124609.83046,3,0,-60
1754124609.8684602,-2,7,-63
1754124609.9044602,-3,8,-57
1754124609.94346,-3,0,-74
1754124609.9804602,0,1,-57
1754124610.0194602,8,0,-68
1754124610.05546,9,-1,-71
1754124610.09346,9,-9,-69
1754124610.1314602,0,0,-68
1754124610.17046,-3,-3,-63
1754124610.20846,3,0,-72
1754124610.24446,1,-3,-68
1754124610.2824602,1,-2,-69
1754124610.32046,-6,1,-64
1754124610.35946,-7,-2,-61
1754124610.39546,0,-1,-70
1754124610.4344602,-1,-1,-62
1754124610.47146,0,0,-64
1754124610.51046,0,0,-70
1754124610.54846,6,-1,-68
1754124610.58446,7,-2,-64
1754124610.6214602,4,2,-70
1754124610.66046,3,5,-60
1754124610.69846,5,3,-61
1754124610.73446,0,1,-61
1754124610.77146,-2,1,-60
1754124610.81046,-4,4,-62
1754124610.8484602,-1,-4,-58
1754124610.8844602,0,-1,-67
1754124610.92246,2,-3,-69
1754124610.9604602,1,-2,-63
1754124610.99946,-4,-1,-68
1754124611.03546,-3,-2,-72
1754124611.07346,-3,-6,-67
1754124611.11246,-1,-5,-69
1754124611.15046,-1,0,-75
1754124611.18646,-2,-3,-69
1754124611.22446,2,-4,-68
1754124611.2634602,-8,-6,-71
1754124611.30046,0,-7,-61
1754124611.33946,1,-3,-60
1754124611.37546,-4,-1,-66
1754124611.41346,3,0,-56
1754124611.45146,3,2,-63
1754124611.4904602,0,-3,-65
1754124611.5264602,-1,1,-68
1754124611.56446,0,0,-69
1754124611.60246,3,0,-62
1754124611.64046,0,-1,-62
1754124611.67946,4,3,-66
1754124611.71546,8,0,-57
1754124611.75246,-6,-4,-62
1754124611.79046,-2,-4,-70
1754124611.82946,9,-2,-79
1754124611.8654602,3,0,-68
1754124611.90246,4,0,-62
1754124611.9404602,4,0,-57
1754124611.97946,4,-2,-62
1754124612.01546,-2,3,-59
1754124612.05446,-3,3,-53
1754124612.0924602,-1,-2,-59
1754124612.13046,-3,-2,-68
1754124612.16946,3,3,-65
1754124612.20546,6,2,-75
1754124612.24246,1,1,-79
1754124612.28146,3,-1,-60
1754124612.3194602,5,-2,-57
1754124612.3554602,-1,0,-63
1754124612.39346,2,-5,-64
1754124612.43146,-5,-5,-63
1754124612.4704602,-3,0,-47
1754124612.5064602,0,0,-60
1754124612.54346,0,-2,-68
1754124612.58146,5,-2,-64
1754124612.62046,-4,1,-59
1754124612.65646,-4,8,-69
1754124612.6944602,-5,2,-69
1754124612.7334602,-2,0,-67
1754124612.77146,-3,0,-66
1754124612.8094602,-4,0,-72
1754124612.84646,-4,7,-78
1754124612.88346,4,0,-68
1754124612.9214602,1,-6,-71
1754124612.9604602,6,0,-55
1754124612.9964602,-1,0,-59
1754124613.03346,-4,6,-64
1754124613.07146,-9,2,-61
1754124613.11046,-4,3,-65
1754124613.14646,-1,-4,-64
1754124613.1844602,0,-5,-66
1754124613.22246,0,1,-75
1754124613.26146,1,1,-61
1754124613.2994602,4,3,-64
1754124613.3354602,6,-2,-61
1754124613.37346,3,6,-67
1754124613.4114602,4,3,-69
1754124613.4504602,0,-1,-69
1754124613.4864602,-1,1,-68
1754124613.52546,-1,-5,-65
1754124613.5624602,-3,-2,-62
1754124613.60146,0,1,-59
1754124613.63746,-2,1,-62
1754124613.67546,5,-2,-56
1754124613.7134602,2,-3,-58
1754124613.75146,2,-2,-67
1754124613.79046,0,0,-71
1754124613.82646,0,1,-60
1754124613.86446,-6,3,-68
1754124613.90246,-1,0,-68
1754124613.94146,0,-2,-62
1754124613.97746,-1,-5,-69
1754124614.0164602,-5,-6,-63
1754124614.05346,-1,-3,-59
1754124614.09146,2,-3,-65
1754124614.13046,10,5,-62
1754124614.16646,3,2,-69
1754124614.20346,3,-1,-75
1754124614.24246,0,-3,-64
1754124614.28046,0,2,-59
1754124614.31646,1,-1,-74
1754124614.35446,-3,-5,-65
1754124614.39246,-2,-3,-67
1754124614.43146,-2,-5,-63
1754124614.4674602,-5,4,-61
1754124614.50546,0,0,-65
1754124614.54346,-8,-4,-64
1754124614.5824602,-3,-10,-65
1754124614.62046,-1,0,-60
1754124614.65646,0,2,-71
1754124614.6944602,2,3,-64
1754124614.73246,-5,4,-68
1754124614.77146,5,-3,-62
1754124614.80746,0,-2,-59
1754124614.84446,-2,0,-74
1754124614.88246,0,0,-65
1754124614.9214602,0,1,-74
1754124614.9574602,5,4,-70
1754124614.99546,-1,-4,-67
1754124615.03346,-5,0,-69
1754124615.0724602,-1,-5,-68
1754124615.11046,0,3,-61
1754124615.14646,-7,3,-55
1754124615.1844602,-6,0,-60
1754124615.22246,-4,0,-67
1754124615.26146,1,3,-62
1754124615.29746,-4,0,-60
1754124615.3354602,-5,-1,-61
1754124615.37446,-11,5,-63
1754124615.41246,-7,-9,-75
1754124615.4504602,-7,-3,-67
1754124615.4864602,-7,1,-64
1754124615.52446,6,5,-67
1754124615.5624602,0,2,-72
1754124615.60146,0,-3,-66
1754124615.63746,-1,-1,-72
1754124615.67546,-4,0,-74
1754124615.7134602,0,1,-82
1754124615.75246,-1,0,-73
1754124615.78846,-3,1,-69
1754124615.82746,0,0,-50
1754124615.8654602,9,-8,-57
1754124615.90246,10,-2,-63
1754124615.94146,5,-6,-65
1754124615.97746,-2,-6,-63
1754124616.01546,0,-2,-61
1754124616.05446,0,-3,-64
1754124616.0924602,0,-2,-64
1754124616.1284602,4,-4,-77
1754124616.16646,0,-7,-71
1754124616.20446,1,1,-63
1754124616.24246,1,-8,-64
1754124616.28146,0,-4,-52
1754124616.31746,0,-5,-60
1754124616.3554602,-1,-3,-62
1754124616.39346,-4,-3,-65
1754124616.43246,-3,4,-65
1754124616.46846,-3,-1,-70
1754124616.5064602,5,-1,-55
1754124616.54446,10,0,-65
1754124616.5824602,3,0,-65
1754124616.6214602,3,-6,-63
1754124616.6574602,4,2,-67
1754124616.69546,0,-4,-59
1754124616.7334602,-2,4,-59
1754124616.77146,1,0,-61
1754124616.80746,-1,-6,-58
1754124616.8454602,-2,4,-55
1754124616.88346,4,4,-61
1754124616.92246,6,-3,-59
1754124616.95846,-4,2,-62
1754124616.9964602,-7,0,-63
1754124617.03446,1,1,-62
1754124617.07346,5,-1,-60
1754124617.1114602,6,-9,-72
1754124617.14746,1,-5,-61
1754124617.1844602,-5,-4,-69
1754124617.22846,-6,-2,-66
1754124617.2664602,-12,-1,-70
1754124617.30546,0,-1,-71
1754124617.34346,-6,-7,-65
1754124617.3814602,-3,1,-75
1754124617.4174602,0,0,-68
1754124617.45546,-4,-5,-57
1754124617.4934602,-1,-3,-55
1754124617.5324602,-5,-2,-63
1754124617.56846,-7,-2,-68
1754124617.60746,2,1,-64
1754124617.6444602,0,-4,-82
1754124617.68346,0,1,-74
1754124617.72146,0,-3,-62
1754124617.75746,-4,-5,-60
1754124617.79546,-7,0,-70
1754124617.83346,-5,-3,-67
1754124617.87246,-8,-2,-71
1754124617.90846,-4,-3,-71
1754124617.94646,-1,-5,-73
1754124617.98446,-5,-3,-64
1754124618.02346,4,-1,-64
1754124618.0594602,0,-1,-65
1754124618.09746,5,-10,-63
1754124618.13546,-4,-7,-60
1754124618.17346,0,-2,-76
1754124618.21246,-3,-5,-67
1754124618.24846,2,-1,-66
1754124618.2864602,-6,-8,-66
1754124618.32446,-6,0,-63
1754124618.36346,-4,0,-62
1754124618.39946,-6,4,-66
1754124618.4374602,2,-5,-65
1754124618.47646,-2,-5,-67
1754124618.5134602,-3,0,-53
1754124618.5524602,-3,-8,-60
1754124618.5884602,-5,3,-63
1754124618.62646,-8,0,-72
1754124618.6644602,-5,-7,-63
1754124618.70346,0,-4,-66
1754124618.73946,0,3,-60
1754124618.77746,0,0,-54
1754124618.81446,6,0,-61
1754124618.85346,1,-6,-66
1754124618.88946,-8,1,-64
1754124618.92646,-4,0,-71
1754124618.96446,-1,-3,-63
1754124619.0034602,-1,0,-63
1754124619.0394602,-7,3,-60
1754124619.07746,-2,-2,-66
1754124619.1154602,-3,0,-66
1754124619.1544602,2,-2,-60
1754124619.19246,4,0,-58
1754124619.22846,6,3,-61
1754124619.26546,0,0,-56
1754124619.30446,-8,2,-65
1754124619.3424602,-6,0,-76
1754124619.3784602,-4,-2,-73
1754124619.41646,2,0,-73
1754124619.45446,3,4,-69
1754124619.4934602,-2,0,-64
1754124619.5294602,0,-6,-57
1754124619.56746,0,0,-67
1754124619.6054602,-6,5,-70
1754124619.6444602,0,1,-69
1754124619.68246,9,2,-60
1754124619.71846,2,1,-63
1754124619.75546,9,1,-64
1754124619.79446,5,3,-66
1754124619.8324602,-4,1,-60
1754124619.8684602,-9,-6,-57
1754124619.9074602,-1,2,-65
1754124619.9444602,8,0,-70
1754124619.9834602,5,-13,-63
1754124620.0194602,-1,-7,-58
1754124620.05746,7,-3,-60
1754124620.0954602,0,-6,-74
1754124620.1344602,-3,-5,-64
1754124620.17246,0,-1,-69
1754124620.20846,-2,-1,-66
1754124620.2464602,-6,0,-76
1754124620.28546,0,0,-69
1754124620.32346,2,1,-67
1754124620.35946,-5,3,-65
1754124620.39746,-1,-4,-70
1754124620.43546,-4,0,-70
1754124620.47446,0,-4,-64
1754124620.51046,4,-5,-69
1754124620.54846,2,-3,-68
1754124620.58646,0,0,-75
1754124620.62446,-1,-2,-68
1754124620.66346,-2,0,-66
1754124620.69946,1,-4,-66
1754124620.7364602,-4,3,-65
1754124620.77446,0,1,-67
1754124620.81346,-1,1,-69
1754124620.84946,0,-5,-62
1754124620.88646,0,0,-73
1754124620.9244602,1,-3,-65
1754124620.9634602,2,0,-68
1754124620.99946,0,-4,-65
1754124621.03746,-3,0,-68
1754124621.0754602,-6,-1,-66
1754124621.11446,6,3,-64
1754124621.15046,4,-7,-63
1754124621.18846,2,-1,-63
1754124621.22646,0,0,-58
1754124621.26546,-1,-4,-53
1754124621.30346,-4,1,-60
1754124621.33946,-2,6,-67
1754124621.37746,4,-6,-76
1754124621.41546,3,2,-68
1754124621.45446,10,3,-67
1754124621.4904602,4,0,-59
1754124621.52846,0,0,-58
1754124621.56646,-1,-3,-59
1754124621.6054602,4,-10,-72
1754124621.64346,4,-5,-66
1754124621.68046,3,-5,-60
1754124621.71846,2,-7,-54
1754124621.7564602,2,-6,-59
1754124621.79546,3,0,-60
1754124621.83346,10,4,-66
1754124621.86946,0,1,-63
1754124621.9074602,-4,5,-62
1754124621.94546,-2,2,-71
1754124621.98446,-1,-1,-67
1754124622.02046,0,-5,-67
1754124622.05846,4,0,-58
1754124622.09646,4,-2,-54
1754124622.13546,0,-4,-56
1754124622.17346,0,0,-57
1754124622.20946,2,0,-60
1754124622.2464602,0,-3,-65
1754124622.28546,0,-5,-74
1754124622.32346,1,-6,-72
1754124622.35946,-7,0,-70
1754124622.39646,0,0,-76
1754124622.43546,-4,0,-73
1754124622.4734602,1,2,-63
1754124622.5094602,1,3,-59
1754124622.54746,-2,-2,-73
1754124622.5854602,0,-6,-64
1754124622.62346,0,-1,-61
1754124622.65946,3,0,-69
1754124622.6974602,-4,-2,-66
1754124622.7364602,0,2,-64
1754124622.77346,4,-6,-65
1754124622.8094602,3,-1,-58
1754124622.84746,2,-4,-62
1754124622.88646,-4,-3,-62
1754124622.9244602,8,-3,-59
1754124622.9604602,4,0,-52
1754124622.99846,5,0,-61
1754124623.0364602,8,0,-54
1754124623.0754602,8,0,-59
1754124623.1114602,-3,4,-52
1754124623.14946,-2,-1,-66
1754124623.1874602,5,5,-73
1754124623.22546,-1,-2,-72
1754124623.26446,-5,-2,-69
1754124623.30046,-4,-3,-57
1754124623.3384602,-4,-4,-58
1754124623.37746,-2,1,-58
1754124623.41546,-10,-4,-54
1754124623.45146,-2,-6,-56
1754124623.4904602,-3,-10,-68
1754124623.52746,0,-6,-62
1754124623.56646,-3,-4,-60
1754124623.60446,-5,-4,-75
1754124623.64046,3,0,-75
1754124623.6774602,0,0,-69
1754124623.71646,5,0,-66
1754124623.75446,1,-1,-65
1754124623.79046,-1,0,-67
1754124623.82846,9,2,-62
1754124623.86646,11,5,-67
1754124623.90546,5,-1,-53
1754124623.94146,9,-7,-63
1754124623.97946,5,-7,-68
1754124624.01846,5,1,-65
1754124624.05646,2,5,-73
1754124624.09446,-4,0,-66
1754124624.13046,-5,2,-70
1754124624.16846,0,2,-66
1754124624.20646,-3,-1,-72
1754124624.24546,-6,2,-63
1754124624.28146,-5,-3,-66
1754124624.3194602,4,0,-71
1754124624.35746,-5,0,-70
1754124624.39646,0,-7,-63
1754124624.4344602,2,2,-69
1754124624.4704602,2,0,-61
1754124624.50746,6,4,-63
1754124624.5464602,12,-2,-70
1754124624.58446,-1,-2,-67
1754124624.62046,-4,0,-69
1754124624.6574602,-6,6,-55
1754124624.69646,-2,6,-65
1754124624.73446,-1,-2,-65
1754124624.77046,-2,-1,-63
1754124624.80846,-6,-11,-57
1754124624.84646,-1,-3,-70
1754124624.88546,3,-3,-58
1754124624.9214602,-3,-5,-64
1754124624.95946,-1,-4,-69
1754124624.99746,3,1,-61
1754124625.0364602,8,-5,-69
1754124625.0724602,4,4,-76
1754124625.10946,-5,-2,-72
1754124625.14746,-4,-1,-65
1754124625.18646,-5,-4,-59
1754124625.22246,-12,2,-57
1754124625.26046,-8,8,-69
1754124625.29846,-5,1,-65
1754124625.33646,-4,0,-64
1754124625.37546,-6,-3,-58
1754124625.4114602,1,-2,-63
1754124625.44946,-4,0,-56
1754124625.48746,1,-7,-61
1754124625.5264602,-4,0,-61
1754124625.5624602,-1,0,-56
1754124625.60046,0,-2,-66
1754124625.6384602,-3,-1,-66
1754124625.6774602,-7,-3,-56
1754124625.71546,-1,1,-60
1754124625.75146,2,1,-65
1754124625.78846,4,-11,-67
1754124625.82746,3,-8,-64
1754124625.8654602,0,-8,-58
1754124625.9014602,0,2,-67
1754124625.93846,3,-1,-59
1754124625.97746,-1,6,-66
1754124626.01546,-1,0,-53
1754124626.05146,-3,-5,-75
1754124626.09046,-9,0,-70
1754124626.12746,-6,-1,-68
1754124626.16646,-3,3,-54
1754124626.20246,-7,6,-67
1754124626.2404602,2,0,-67
1754124626.27846,2,6,-51
1754124626.31746,-6,-1,-62
1754124626.3554602,-5,-6,-61
1754124626.3914602,0,-4,-66
1754124626.42946,4,1,-65
1754124626.4674602,0,-1,-68
1754124626.5064602,-5,-5,-67
1754124626.5424602,-9,-3,-66
1754124626.58046,-3,0,-59
1754124626.61946,6,-1,-59
1754124626.6574602,2,1,-57
1754124626.69546,0,0,-59
1754124626.73146,-2,-1,-62
1754124626.7694602,-2,-4,-70
1754124626.80746,0,0,-61
1754124626.84646,-1,1,-59
1754124626.88246,-5,0,-59
1754124626.91946,-6,-4,-58
1754124626.9574602,-9,1,-65
1754124626.9964602,-2,3,-63
1754124627.0324602,-1,1,-61
1754124627.07046,-3,-5,-59
1754124627.1084602,-8,-5,-55
1754124627.14746,-2,-2,-52
1754124627.18346,-2,0,-54
1754124627.22146,0,-3,-69
1754124627.26746,0,0,-58
1754124627.30346,4,1,-48
1754124627.34046,0,-2,-53
1754124627.3784602,4,-1,-65
1754124627.4174602,7,-5,-59
1754124627.45346,0,-1,-71
1754124627.49146,-4,-4,-65
1754124627.5294602,-3,0,-55
1754124627.56746,-2,3,-58
1754124627.60646,-2,1,-64
1754124627.64246,-2,3,-61
1754124627.68046,1,3,-54
1754124627.71946,-3,2,-66
1754124627.75746,3,3,-64
1754124627.79346,-2,0,-50
1754124627.83146,4,0,-68
1754124627.86946,1,0,-59
1754124627.9074602,-7,-2,-58
1754124627.94646,0,1,-57
1754124627.98246,0,1,-48
1754124628.0194602,3,2,-67
1754124628.05746,-4,-1,-67
1754124628.09646,1,-2,-55
1754124628.13246,0,-3,-46
1754124628.17046,-4,-5,-63
1754124628.20846,8,-7,-56
1754124628.24746,2,0,-58
1754124628.28346,0,-3,-67
1754124628.32146,-2,-1,-54
1754124628.36046,0,-1,-61
1754124628.39846,6,5,-70
1754124628.43646,1,0,-67
1754124628.47246,0,2,-68
1754124628.51046,0,2,-69
1754124628.54846,7,1,-68
1754124628.58646,3,4,-59
1754124628.62246,6,10,-62
1754124628.65946,3,0,-67
1754124628.69846,-7,-2,-70
1754124628.7364602,-5,-5,-65
1754124628.77246,0,-8,-64
1754124628.8094602,-2,-3,-59
1754124628.8484602,2,-4,-57
1754124628.88646,3,5,-58
1754124628.92246,-1,2,-56
1754124628.9604602,-1,0,-63
1754124628.99846,-6,-4,-61
1754124629.0364602,-3,0,-50
1754124629.0724602,2,0,-59
1754124629.10946,4,-4,-66
1754124629.14846,-5,1,-64
1754124629.18646,0,-3,-55
1754124629.22246,2,0,-48
1754124629.2594602,0,-7,-53
1754124629.29846,-3,-4,-60
1754124629.33646,0,0,-66
1754124629.37246,2,2,-60
1754124629.41046,5,8,-58
1754124629.44846,0,2,-69
1754124629.48746,3,5,-63
1754124629.52346,5,6,-59
1754124629.56046,9,3,-62
1754124629.5984602,2,0,-68
1754124629.63746,-4,0,-53
1754124629.67346,-1,-1,-44
1754124629.71146,-1,-2,-57
1754124629.74946,-1,1,-56
1754124629.78846,-4,0,-53
1754124629.82446,2,12,-64
1754124629.86246,3,-3,-67
1754124629.9014602,-1,-2,-62
1754124629.93846,4,-2,-61
1754124629.97746,8,-5,-65
1754124630.0134602,1,3,-69
1754124630.05146,0,3,-58
1754124630.0884602,-1,4,-56
1754124630.12746,0,-1,-63
1754124630.16346,-2,-2,-64
1754124630.20146,-3,-1,-63
1754124630.23946,-2,-3,-67
1754124630.27846,6,2,-67
1754124630.31446,5,0,-73
1754124630.35146,2,0,-67
1754124630.38946,0,3,-63
1754124630.42846,-1,3,-61
1754124630.46446,0,0,-60
1754124630.50146,1,-2,-59
1754124630.5394602,-3,0,-58
1754124630.57846,1,0,-53
1754124630.61446,-6,1,-58
1754124630.65246,-1,-4,-59
1754124630.6904602,1,-2,-64
1754124630.72946,0,1,-62
1754124630.76746,0,-1,-58
1754124630.80346,-6,-1,-73
1754124630.8424602,-3,-7,-77
1754124630.87946,3,-3,-77
1754124630.91846,0,2,-62
1754124630.95446,-4,4,-57
1754124630.99246,-7,6,-47
1754124631.03046,-6,-2,-56
1754124631.0694602,-3,-3,-66
1754124631.10746,-3,5,-65
1754124631.14346,1,5,-71
1754124631.18046,2,0,-69
1754124631.21946,-2,-3,-73
1754124631.25746,-4,-3,-74
1754124631.29346,-8,-7,-64
1754124631.33146,0,-3,-68
1754124631.36946,-8,4,-74
1754124631.40846,3,1,-69
1754124631.4444602,2,-2,-70
1754124631.48246,8,-5,-73
1754124631.52046,0,-6,-68
1754124631.5594602,-5,-5,-73
1754124631.59746,-8,-5,-66
1754124631.63346,3,0,-65
1754124631.6714602,-3,-8,-63
1754124631.70946,-8,0,-71
1754124631.74846,-3,0,-60
1754124631.78446,0,-1,-56
1754124631.82346,-4,-3,-70
1754124631.86046,1,-7,-69
1754124631.89946,-5,0,-72
1754124631.9374602,4,0,-67
1754124631.9734602,0,3,-67
1754124632.01046,0,-1,-54
1754124632.0494602,-4,-9,-67
1754124632.08646,0,-2,-65
1754124632.12346,-2,1,-64
1754124632.1614602,-8,-7,-60
1754124632.19946,-7,-13,-65
1754124632.23846,-8,-2,-56
1754124632.27446,-1,-2,-70
1754124632.3124602,0,3,-70
1754124632.35146,-1,-3,-69
1754124632.38946,0,-2,-61
1754124632.42546,-6,-2,-58
1754124632.46446,2,-5,-60
1754124632.50146,0,-2,-67
1754124632.5394602,-3,-2,-67
1754124632.57846,-4,-6,-67
1754124632.61446,-2,4,-66
1754124632.65246,-3,0,-74
1754124632.6904602,9,-6,-58
1754124632.72946,6,0,-53
1754124632.76546,5,2,-54
1754124632.8024602,1,-3,-57
1754124632.84046,-3,0,-57
1754124632.87946,0,0,-66
1754124632.91546,-1,0,-58
1754124632.95246,0,0,-61
1754124632.9904602,-3,5,-66
1754124633.0294602,-1,4,-63
1754124633.0654602,-4,3,-74
1754124633.10246,2,-5,-61
1754124633.14046,-2,-2,-65
1754124633.17946,0,-3,-64
1754124633.21546,-1,-1,-70
1754124633.2534602,5,0,-61
1754124633.29146,3,-2,-58
1754124633.33046,0,0,-70
1754124633.3684602,4,5,-58
1754124633.4044602,6,0,-51
1754124633.44146,-1,4,-47
1754124633.4804602,0,1,-64
1754124633.51846,-3,-4,-60
1754124633.55446,-6,-2,-65
1754124633.5924602,0,0,-65
1754124633.6314602,-3,-3,-58
1754124633.66946,-7,-7,-58
1754124633.70546,-5,-3,-67
1754124633.74446,0,0,-61
1754124633.78146,8,2,-66
1754124633.82046,1,5,-57
1754124633.8584602,4,-1,-63
1754124633.8944602,7,1,-69
1754124633.93146,3,2,-70
1754124633.9704602,2,8,-70
1754124634.00846,5,2,-80
1754124634.04546,-2,-4,-64
1754124634.08346,2,-4,-64
1754124634.1214602,1,-5,-62
1754124634.16046,0,-8,-59
1754124634.19646,-1,2,-53
1754124634.23446,2,2,-60
1754124634.27346,1,-2,-67
1754124634.31046,2,-4,-66
1754124634.34946,-2,-2,-73
1754124634.38546,-5,0,-72
1754124634.42346,0,-3,-76
1754124634.46146,-10,-4,-65
1754124634.50046,-3,-1,-68
1754124634.5364602,0,-7,-66
1754124634.57446,2,4,-63
1754124634.61246,-3,2,-69
1754124634.65046,0,-1,-61
1754124634.68946,3,-2,-62
1754124634.72646,-3,-1,-63
1754124634.76446,-3,-5,-67
1754124634.80146,0,-1,-71
1754124634.84046,1,0,-61
1754124634.87646,1,0,-62
1754124634.91346,-2,-4,-52
1754124634.95146,0,-6,-65
1754124634.9904602,-4,0,-64
1754124635.02746,0,-4,-62
1754124635.06446,0,-1,-71
1754124635.10346,-7,-1,-65
1754124635.1414602,-5,5,-68
1754124635.17946,3,1,-65
1754124635.21546,6,2,-68
1754124635.2534602,11,-3,-64
1754124635.29146,4,0,-60
1754124635.32946,1,0,-71
1754124635.3654602,-1,2,-70
1754124635.40346,0,0,-74
1754124635.44146,1,-1,-77
1754124635.4804602,0,0,-65
1754124635.5164602,3,-4,-70
1754124635.55446,-4,-1,-64
1754124635.59346,1,-1,-75
1754124635.6314602,-2,-1,-76
1754124635.66946,-4,1,-62
1754124635.70546,-5,4,-51
1754124635.7434602,-1,0,-60
1754124635.78146,3,-4,-54
1754124635.82046,-1,5,-56
1754124635.85646,4,-2,-52
1754124635.89346,0,0,-56
1754124635.93146,-1,-2,-72
1754124635.9704602,0,6,-56
1754124636.0064602,2,6,-63
1754124636.04346,4,1,-71
1754124636.08146,0,-6,-64
1754124636.12046,-5,0,-61
1754124636.15646,-3,0,-61
1754124636.19346,4,0,-45
1754124636.23146,0,2,-54
1754124636.27046,1,0,-70
1754124636.30646,0,-2,-66
1754124636.34346,0,2,-58
1754124636.3814602,5,-4,-56
1754124636.42046,0,-5,-50
1754124636.45646,-3,1,-50
1754124636.4934602,1,0,-56
1754124636.53146,-4,-2,-40
1754124636.57046,-1,3,-60
1754124636.60646,-8,-1,-61
1754124636.6444602,1,5,-62
1754124636.68246,4,0,-63
1754124636.72146,0,-1,-65
1754124636.75746,0,-1,-61
1754124636.79546,2,-7,-64
1754124636.8324602,-2,0,-55
1754124636.8714602,-2,-4,-55
1754124636.9074602,-6,0,-60
1754124636.94546,-6,0,-65
1754124636.98246,-6,-6,-64
1754124637.02146,-2,-3,-62
1754124637.05746,-1,2,-71
1754124637.0954602,-7,1,-68
1754124637.13346,0,-2,-62
1754124637.1714602,-3,1,-72
1754124637.2104602,0,0,-77
1754124637.2464602,8,3,-69
1754124637.2924602,-4,1,-65
1754124637.33046,-2,3,-72
1754124637.36646,-10,-2,-65
1754124637.4044602,-3,-4,-64
1754124637.44246,1,1,-70
1754124637.48146,1,2,-75
1754124637.51746,0,-1,-72
1754124637.55446,2,0,-67
1754124637.5924602,0,0,-78
1754124637.6314602,-2,4,-66
1754124637.6674602,-7,3,-68
1754124637.70446,-1,0,-67
1754124637.74246,5,0,-61
1754124637.78146,-6,0,-64
1754124637.81746,-1,3,-61
1754124637.8554602,-3,-4,-76
1754124637.8944602,-3,-4,-71
1754124637.93246,-2,2,-63
1754124637.9704602,0,0,-61
1754124638.00746,-1,0,-52
1754124638.04446,0,-4,-65
1754124638.0824602,0,-3,-63
1754124638.1214602,4,4,-67
1754124638.1574602,2,3,-64
1754124638.1944602,0,0,-63
1754124638.23246,1,-5,-73
1754124638.27146,4,-2,-62
1754124638.30746,0,1,-66
1754124638.34446,-8,0,-75
1754124638.38246,-6,-3,-67
1754124638.4214602,-3,0,-63
1754124638.4574602,-4,-1,-66
1754124638.49546,6,5,-58
1754124638.53346,1,1,-60
1754124638.5724602,0,2,-64
1754124638.61046,-1,3,-58
1754124638.64646,0,4,-62
1754124638.68346,2,-2,-60
1754124638.72246,0,-3,-55
1754124638.75846,-3,9,-65
1754124638.7964602,1,2,-70
1754124638.83446,0,2,-69
1754124638.87246,-9,-1,-69
1754124638.9114602,0,-5,-63
1754124638.9474602,8,2,-66
1754124638.98546,2,-5,-60
1754124639.02346,3,4,-65
1754124639.0624602,5,-4,-63
1754124639.0984602,1,-3,-68
1754124639.13646,3,3,-75
1754124639.1744602,3,-3,-69
1754124639.21246,-2,2,-75
1754124639.25146,3,5,-68
1754124639.28746,1,7,-56
1754124639.3254602,-1,4,-66
1754124639.36346,-4,6,-74
1754124639.4014602,-9,-4,-76
1754124639.4374602,0,-9,-59
1754124639.47546,-1,0,-63
1754124639.5134602,-1,-1,-56
1754124639.5524602,0,0,-66
1754124639.5884602,-4,1,-71
1754124639.62646,-5,5,-76
1754124639.6644602,-6,0,-65
1754124639.70346,-4,1,-68
1754124639.74246,-1,-2,-66
1754124639.77846,-3,-4,-66
1754124639.81646,-2,-5,-73
1754124639.8554602,-6,0,-61
1754124639.89346,-2,-1,-71
1754124639.93146,1,-2,-65
1754124639.9674602,-3,0,-71
1754124640.00546,3,5,-67
1754124640.04346,-2,1,-64
1754124640.0824602,0,5,-62
1754124640.1184602,-1,-1,-57
1754124640.15646,4,1,-65
1754124640.1944602,-2,-5,-51
1754124640.2334602,0,-3,-64
1754124640.27146,2,-3,-59
1754124640.30746,4,-2,-61
1754124640.34646,-8,-8,-60
1754124640.38346,0,-9,-67
1754124640.42246,1,-7,-58
1754124640.45846,-6,-8,-70
1754124640.4964602,0,0,-73
1754124640.53446,-5,0,-69
1754124640.57346,-7,0,-72
1754124640.6114602,-7,1,-65
1754124640.64746,5,-5,-69
1754124640.68546,9,-6,-57
1754124640.7234602,2,-3,-64
1754124640.76246,8,0,-73
1754124640.79846,4,0,-62
1754124640.83646,0,-5,-59
1754124640.87446,1,-3,-71
1754124640.91346,-1,-1,-70
1754124640.94946,-1,4,-67
1754124640.98746,-2,4,-72
1754124641.0264602,-1,1,-58
1754124641.06346,1,7,-58
1754124641.10246,0,0,-59
1754124641.1384602,1,-2,-68
1754124641.17646,-4,0,-61
1754124641.21446,1,-3,-63
1754124641.2534602,5,0,-60
1754124641.2894602,-3,1,-63
1754124641.32746,-9,0,-67
1754124641.3654602,-2,-9,-62
1754124641.40346,1,-3,-61
1754124641.44246,7,-1,-79
1754124641.47846,-2,2,-65
1754124641.51746,-3,-4,-56
1754124641.55446,-2,-2,-60
1754124641.59346,4,-3,-60
1754124641.62946,3,1,-62
1754124641.6674602,0,3,-68
1754124641.70446,0,4,-67
1754124641.7434602,1,-2,-69
1754124641.7794602,1,-5,-72
1754124641.81746,1,-1,-71
1754124641.85646,-2,2,-72
1754124641.89346,0,0,-69
1754124641.93246,-2,0,-69
1754124641.96846,3,-3,-75
1754124642.00546,0,0,-68
1754124642.04446,0,-1,-60
1754124642.0824602,4,0,-60
1754124642.1184602,10,1,-64
1754124642.15646,0,0,-70
1754124642.1944602,-1,-7,-60
1754124642.23246,1,0,-65
1754124642.26846,-1,2,-67
1754124642.30646,-6,0,-66
1754124642.34446,3,-5,-73
1754124642.38346,-4,-4,-64
1754124642.41946,-1,2,-60
1754124642.45646,2,0,-59
1754124642.49446,0,0,-54
1754124642.53346,2,5,-62
1754124642.5694602,2,2,-58
1754124642.60646,-8,2,-59
1754124642.6444602,-7,-2,-63
1754124642.68346,0,-6,-67
1754124642.71946,1,-4,-64
1754124642.7564602,2,-3,-56
1754124642.79446,7,0,-67
1754124642.83346,-3,0,-64
1754124642.86946,0,1,-62
1754124642.90646,-2,0,-60
1754124642.9444602,3,2,-61
1754124642.9834602,7,-2,-64
1754124643.0194602,-5,-6,-68
1754124643.05746,-5,0,-67
1754124643.0954602,-1,-3,-60
1754124643.1344602,2,-6,-69
1754124643.17246,-8,-1,-54
1754124643.20846,-9,1,-64
1754124643.2464602,-9,-2,-74
1754124643.28446,-3,-4,-75
1754124643.32346,9,-1,-71
1754124643.35946,-1,-4,-66
1754124643.39846,2,-9,-70
1754124643.43546,6,-3,-59
1754124643.47446,2,0,-61
1754124643.51046,1,-2,-63
1754124643.54846,2,2,-62
1754124643.58646,0,6,-70
1754124643.62446,2,5,-68
1754124643.66346,8,6,-60
1754124643.69946,10,-4,-72
1754124643.73746,0,-5,-59
1754124643.77546,-1,-3,-60
1754124643.81446,-1,-10,-68
1754124643.85046,-1,3,-62
1754124643.8884602,2,0,-63
1754124643.92646,3,1,-60
1754124643.96446,5,0,-67
1754124644.0034602,8,0,-66
1754124644.0394602,3,3,-62
1754124644.07746,1,-5,-59
1754124644.1154602,-4,-5,-64
1754124644.1544602,1,0,-64
1754124644.1904602,5,0,-61
1754124644.22746,2,1,-62
1754124644.26546,-1,2,-56
1754124644.30446,0,1,-55
1754124644.34046,-2,5,-65
1754124644.3784602,-4,-2,-67
1754124644.41646,-1,-4,-61
1754124644.45546,-5,3,-65
1754124644.4934602,3,1,-59
1754124644.53046,5,1,-53
1754124644.56846,1,0,-64
1754124644.6054602,-3,5,-70
1754124644.6444602,0,2,-77
1754124644.68046,0,-4,-64
1754124644.71846,3,1,-76
1754124644.75746,-4,-4,-75
1754124644.79546,0,-3,-74
1754124644.83346,7,0,-75
1754124644.86946,0,-6,-58
1754124644.9074602,-6,-1,-53
1754124644.94546,-4,-4,-55
1754124644.98446,6,-4,-51
1754124645.02046,0,-1,-63
1754124645.05846,-6,-12,-70
1754124645.09646,-9,-5,-69
1754124645.13546,-6,0,-69
1754124645.17346,-3,-3,-63
1754124645.20946,1,-4,-70
1754124645.24746,0,1,-61
1754124645.28546,0,0,-75
1754124645.32446,0,11,-61
1754124645.36046,3,1,-66
1754124645.39746,2,-6,-63
1754124645.43546,5,-4,-77
1754124645.47446,0,2,-52
1754124645.51046,-1,2,-66
1754124645.54846,-6,-5,-75
1754124645.5854602,0,-5,-73
1754124645.62446,0,-7,-61
1754124645.66046,6,-3,-65
1754124645.69846,3,2,-64
1754124645.73546,1,0,-57
1754124645.77446,-1,-2,-64
1754124645.81046,-3,4,-63
1754124645.8484602,-2,-1,-46
1754124645.88646,0,-8,-52
1754124645.92546,7,-1,-58
1754124645.96146,5,0,-54
1754124645.99846,-3,-3,-69
1754124646.0364602,-3,4,-59
1754124646.0754602,-4,0,-65
1754124646.1114602,-4,0,-54
1754124646.14846,0,-3,-60
1754124646.18646,0,-6,-60
1754124646.22546,5,-5,-59
1754124646.26146,4,-2,-66
1754124646.29846,-6,2,-74
1754124646.33646,-1,6,-66
1754124646.37546,0,1,-64
1754124646.4114602,-2,2,-58
1754124646.44846,-1,9,-69
1754124646.4864602,-3,7,-65
1754124646.52546,1,0,-76
1754124646.56146,5,-2,-71
1754124646.59946,-1,-6,-61
1754124646.63746,-2,1,-62
1754124646.67646,-7,-5,-65
1754124646.71446,-4,3,-59
1754124646.75146,3,4,-64
1754124646.78846,-1,1,-66
1754124646.82646,-2,6,-64
1754124646.8654602,-1,0,-70
1754124646.9014602,-6,-4,-69
1754124646.93946,-11,-1,-72
1754124646.97746,-2,5,-72
1754124647.0164602,3,0,-68
1754124647.05446,0,-4,-65
1754124647.09146,-3,-3,-60
1754124647.1284602,4,-3,-74
1754124647.16646,13,-1,-71
1754124647.20546,-4,-4,-73
1754124647.24146,-1,-2,-68
1754124647.2794602,-2,0,-67
1754124647.3254602,-4,1,-66
1754124647.3614602,-4,2,-63
1754124647.39946,-2,-8,-60
1754124647.4374602,0,1,-57
1754124647.47646,-2,2,-71
1754124647.51446,1,2,-63
1754124647.55046,-6,4,-69
1754124647.5884602,-1,-3,-64
1754124647.62646,0,0,-69
1754124647.66546,3,3,-58
1754124647.70146,1,4,-67
1754124647.73846,1,-1,-68
1754124647.7764602,3,0,-59
1754124647.8154602,5,2,-64
1754124647.85146,0,3,-66
1754124647.8884602,-5,-3,-66
1754124647.92646,2,9,-57
1754124647.96546,1,-3,-56
1754124648.00146,0,-4,-63
1754124648.03846,0,-5,-61
1754124648.07646,0,0,-61
1754124648.1154602,7,3,-59
1754124648.1514602,3,-7,-61
1754124648.18846,4,0,-75
1754124648.22646,2,-5,-53
1754124648.26546,1,-1,-69
1754124648.30146,1,-3,-51
1754124648.33946,2,0,-64
1754124648.3784602,-2,0,-70
1754124648.41646,-4,-2,-66
1754124648.45246,2,-4,-62
1754124648.48946,-1,-1,-68
1754124648.52846,-5,-4,-67
1754124648.56646,-11,-6,-65
1754124648.60246,-4,-1,-68
1754124648.6414602,-2,-6,-65
1754124648.67846,0,-2,-64
1754124648.7174602,-2,-10,-67
1754124648.75546,0,-5,-75
1754124648.79146,2,1,-71
1754124648.82846,-4,5,-71
1754124648.86746,-5,1,-73
1754124648.90546,-2,-2,-65
1754124648.94146,-4,-2,-60
1754124648.97946,-11,2,-65
1754124649.01746,3,-1,-62
1754124649.05646,6,1,-56
1754124649.0924602,3,4,-56
1754124649.12946,-2,-2,-50
1754124649.1674602,2,5,-67
1754124649.20646,-1,3,-59
1754124649.24246,3,1,-73
1754124649.2794602,-2,-3,-86
1754124649.31746,5,-3,-68
1754124649.35646,5,-1,-60
1754124649.39246,-2,-5,-60
1754124649.43146,-2,-4,-57
1754124649.46946,0,6,-74
1754124649.50746,4,7,-71
1754124649.54546,6,9,-64
1754124649.58146,5,5,-64
1754124649.6184602,3,1,-67
1754124649.6574602,0,-3,-71
1754124649.69546,-7,1,-62
1754124649.73146,-7,-3,-65
1754124649.7694602,-6,-13,-63
1754124649.80846,-10,-5,-77
1754124649.84646,-1,-1,-78
1754124649.88246,-4,3,-69
1754124649.92046,-6,4,-63
1754124649.95846,-5,1,-71
1754124649.99746,-5,-4,-65
1754124650.03546,-5,-5,-71
1754124650.07146,3,-3,-66
1754124650.10946,-1,0,-67
1754124650.14746,0,-3,-58
1754124650.18646,6,-8,-51
1754124650.22246,10,-3,-52
1754124650.26046,4,1,-63
1754124650.2994602,-6,0,-70
1754124650.33746,-3,-8,-57
1754124650.37346,1,-4,-60
1754124650.41246,-3,0,-56
1754124650.44946,0,0,-55
1754124650.48746,0,-11,-62
1754124650.5264602,0,-6,-54
1754124650.5624602,7,-8,-68
1754124650.59946,0,1,-75
1754124650.63746,5,3,-66
1754124650.67646,7,5,-74
1754124650.71246,0,3,-73
1754124650.74946,1,-2,-76
1754124650.78746,1,1,-66
1754124650.82646,3,-6,-61
1754124650.86246,2,1,-56
1754124650.89946,2,-2,-65
1754124650.9374602,-2,-3,-75
1754124650.97646,1,-5,-70
1754124651.01246,0,-1,-59
1754124651.0494602,10,7,-61
1754124651.0884602,1,-3,-65
1754124651.12646,2,0,-64
1754124651.16246,5,-2,-53
1754124651.19946,0,2,-57
1754124651.23846,4,2,-83
1754124651.2764602,0,-1,-74
1754124651.3124602,2,0,-71
1754124651.34946,4,2,-60
1754124651.3884602,-1,-1,-64
1754124651.42646,-5,4,-68
1754124651.46246,-5,3,-67
1754124651.49946,-8,3,-71
1754124651.53846,0,0,-65
1754124651.57646,5,-9,-71
1754124651.61246,5,-4,-59
1754124651.64946,7,-3,-67
1754124651.68846,9,-4,-58
1754124651.72646,-3,-7,-50
1754124651.76246,0,0,-58
1754124651.7994602,1,0,-57
1754124651.8384602,0,1,-44
1754124651.87646,1,-1,-56
1754124651.91246,-5,-1,-57
1754124651.9504602,2,-2,-63
1754124651.98846,2,-5,-68
1754124652.02746,-3,1,-72
1754124652.06346,3,0,-59
1754124652.10046,3,3,-59
1754124652.1384602,3,2,-65
1754124652.1774602,0,2,-78
1754124652.2134602,0,-1,-77
1754124652.25146,-3,-2,-65
1754124652.2894602,-6,-5,-54
1754124652.32846,3,3,-56
1754124652.36446,-7,5,-75
1754124652.4014602,-3,3,-67
1754124652.43946,2,3,-71
1754124652.47846,-2,-4,-70
1754124652.51546,0,5,-71
1754124652.55346,0,0,-66
1754124652.59046,5,2,-60
1754124652.62946,13,-10,-49
1754124652.6674602,8,-6,-50
1754124652.70346,3,-1,-58
1754124652.74246,0,-2,-56
1754124652.7794602,1,-2,-59
1754124652.81846,7,3,-58
1754124652.85446,3,0,-64
1754124652.89246,0,2,-57
1754124652.92946,0,-2,-69
1754124652.96846,-2,5,-71
1754124653.00446,1,-1,-72
1754124653.0424602,1,-3,-56
1754124653.08046,-8,0,-62
1754124653.1184602,-2,0,-64
1754124653.1574602,-3,2,-53
1754124653.19346,-6,10,-54
1754124653.23146,-6,0,-60
1754124653.27046,0,1,-61
1754124653.30846,2,-1,-64
1754124653.34446,-7,0,-72
1754124653.38346,-6,-1,-66
1754124653.42046,-6,0,-58
1754124653.45946,-7,-10,-61
1754124653.49746,-5,-4,-71
1754124653.53346,-3,-3,-83
1754124653.57146,0,-3,-76
1754124653.60946,1,-5,-71
1754124653.64846,10,-5,-72
1754124653.6844602,10,-2,-64
1754124653.72246,7,1,-64
1754124653.76046,5,3,-63
1754124653.7994602,-8,-4,-74
1754124653.83746,-7,-3,-77
1754124653.87346,-4,-3,-70
1754124653.9114602,-4,-7,-60
1754124653.9504602,-6,-7,-53
1754124653.98846,-1,-6,-67
1754124654.02446,3,-3,-62
1754124654.06146,-1,1,-67
1754124654.10046,3,-2,-67
1754124654.1384602,-2,7,-59
1754124654.1744602,-9,2,-64
1754124654.2134602,-6,0,-65
1754124654.25046,-1,-1,-70
1754124654.2894602,3,-5,-63
1754124654.32746,-2,-2,-63
1754124654.36346,0,-4,-54
1754124654.4014602,-2,-7,-59
1754124654.43946,1,0,-61
1754124654.47846,0,-2,-69
1754124654.51446,-2,5,-72
1754124654.5524602,4,1,-65
1754124654.59146,6,2,-64
1754124654.62946,5,-1,-66
1754124654.6674602,-3,3,-61
1754124654.70446,0,4,-59
1754124654.74146,0,4,-66
1754124654.78046,-6,4,-65
1754124654.81846,-2,-3,-73
1754124654.85446,-1,-3,-74
1754124654.89346,2,0,-69
1754124654.93046,3,-2,-71
1754124654.96946,5,-7,-63
1754124655.00546,-1,-5,-69
1754124655.04346,2,9,-69
1754124655.08146,1,0,-67
1754124655.11946,-3,-2,-58
1754124655.15846,5,1,-56
1754124655.1944602,3,-4,-57
1754124655.23246,5,0,-56
1754124655.27046,5,6,-57
1754124655.3094602,3,3,-61
1754124655.3454602,-1,0,-58
1754124655.3844602,-1,-5,-59
1754124655.4214602,0,-3,-66
1754124655.45946,-2,0,-62
1754124655.49846,0,0,-60
1754124655.53446,0,-2,-62
1754124655.57146,-2,4,-69
1754124655.61046,5,1,-72
1754124655.64846,0,-2,-67
1754124655.6844602,0,-4,-66
1754124655.72146,0,-2,-56
1754124655.76046,0,-5,-67
1754124655.79846,2,-7,-63
1754124655.83446,-8,-4,-65
1754124655.87246,-10,-1,-63
1754124655.91046,1,-2,-61
1754124655.94946,1,0,-51
1754124655.98546,-2,0,-58
1754124656.02346,-2,-2,-61
1754124656.06046,0,-9,-64
1754124656.09946,0,1,-69
1754124656.13546,-4,7,-60
1754124656.17346,2,-4,-61
1754124656.21146,0,-4,-68
1754124656.25046,4,-6,-65
1754124656.28846,4,-5,-63
1754124656.32446,0,-2,-70
1754124656.36246,-2,-2,-68
1754124656.4014602,-4,0,-76
1754124656.43946,0,1,-54
1754124656.47546,2,-2,-59
1754124656.51446,-2,-1,-62
1754124656.55146,4,-4,-55
1754124656.59046,0,-1,-60
1754124656.6284602,3,-4,-66
1754124656.6644602,-2,-2,-61
1754124656.70246,7,-7,-73
1754124656.7404602,5,-9,-80
1754124656.7794602,0,3,-78
1754124656.8154602,3,0,-69
1754124656.85246,0,3,-64
1754124656.89046,-5,-11,-69
1754124656.92946,-2,-3,-66
1754124656.96546,-2,2,-56
1754124657.00246,2,0,-59
1754124657.04046,2,3,-56
1754124657.07946,2,-1,-61
1754124657.1154602,-1,0,-70
1754124657.15246,1,4,-61
1754124657.1904602,0,5,-77
1754124657.22946,-1,0,-73
1754124657.26546,0,-1,-68
1754124657.3024602,8,9,-54
1754124657.34746,1,2,-57
1754124657.38546,4,-2,-68
1754124657.42246,1,-1,-69
1754124657.4604602,0,5,-65
1754124657.49946,1,0,-61
1754124657.53546,5,6,-79
1754124657.5724602,-1,8,-59
1754124657.6114602,-4,3,-65
1754124657.64946,-7,0,-61
1754124657.68546,-1,-4,-58
1754124657.7234602,1,-1,-65
1754124657.76146,-1,-5,-65
1754124657.80046,1,-2,-59
1754124657.83646,0,-5,-61
1754124657.87446,0,-7,-60
1754124657.91246,4,-3,-68
1754124657.95146,2,-3,-71
1754124657.98946,0,3,-58
1754124658.02546,-7,1,-60
1754124658.06346,-3,7,-59
1754124658.10146,-6,3,-54
1754124658.14046,-1,0,-61
1754124658.17646,-6,-9,-62
1754124658.21546,-1,-2,-65
1754124658.25246,0,-3,-71
1754124658.29146,6,-5,-77
1754124658.32946,2,3,-70
1754124658.3654602,-1,1,-59
1754124658.40346,4,-2,-68
1754124658.44146,10,0,-70
1754124658.4804602,4,-4,-65
1754124658.5164602,4,-10,-65
1754124658.55446,5,0,-64
1754124658.5924602,4,2,-65
1754124658.6314602,0,-3,-68
1754124658.66946,7,-2,-60
1754124658.70546,7,0,-63
1754124658.74246,-2,-2,-51
1754124658.78146,0,2,-56
1754124658.8194602,-3,5,-54
1754124658.8554602,-3,2,-60
1754124658.89246,-8,-1,-71
1754124658.93146,-12,-1,-68
1754124658.96946,-4,-1,-56
1754124659.00546,2,-2,-70
1754124659.0424602,-3,3,-73
1754124659.08146,-3,1,-70
1754124659.11946,-2,0,-57
1754124659.15646,0,1,-56
1754124659.19346,-2,0,-72
1754124659.23246,-4,0,-70
1754124659.27046,0,6,-70
1754124659.30646,1,-4,-71
1754124659.3454602,1,-4,-63
1754124659.38246,2,-1,-64
1754124659.4214602,0,-2,-60
1754124659.4574602,11,-2,-63
1754124659.49546,3,-2,-71
1754124659.53346,-5,-6,-55
1754124659.57146,-1,0,-56
1754124659.61046,1,-2,-70
1754124659.64646,0,-6,-82
1754124659.6844602,1,-6,-76
1754124659.72246,0,1,-75
1754124659.76146,2,-8,-67
1754124659.79746,6,-6,-60
1754124659.8354602,1,6,-64
1754124659.87346,0,2,-73
1754124659.91246,0,6,-63
1754124659.9504602,1,3,-57
1754124659.9864602,-6,3,-60
1754124660.02446,-4,0,-55
1754124660.0624602,3,1,-58
1754124660.10146,0,-3,-57
1754124660.13746,2,-1,-70
1754124660.1744602,-1,-3,-73
1754124660.21246,1,-6,-62
1754124660.25146,-9,0,-65
1754124660.28746,-9,-1,-65
1754124660.3254602,-2,2,-68
1754124660.36346,1,1,-56
1754124660.40246,-5,-3,-54
1754124660.4404602,-4,-2,-70
1754124660.47646,-3,-3,-65
1754124660.51446,-3,-3,-57
1754124660.5524602,0,-1,-51
1754124660.59146,0,-1,-64
1754124660.62746,5,2,-59
1754124660.6644602,7,-4,-60
1754124660.70246,0,-3,-55
1754124660.74146,-3,0,-66
1754124660.77746,-7,0,-72
1754124660.81646,3,2,-70
1754124660.85346,0,0,-73
1754124660.89246,12,0,-60
1754124660.93046,3,-2,-71
1754124660.96646,7,1,-66
1754124661.0034602,-4,0,-77
1754124661.0424602,-1,1,-69
1754124661.08046,0,1,-57
1754124661.11646,0,7,-58
1754124661.1544602,-5,4,-65
1754124661.19246,-1,0,-61
1754124661.2304602,3,-2,-62
1754124661.2664602,0,0,-64
1754124661.30446,-8,1,-66
1754124661.3424602,4,-2,-69
1754124661.38046,1,0,-74
1754124661.41646,5,5,-67
1754124661.45446,-3,-1,-53
1754124661.49246,0,0,-60
1754124661.53046,-3,1,-60
1754124661.56646,3,-7,-66
1754124661.60446,5,-4,-63
1754124661.64246,0,0,-63
1754124661.68146,-3,-9,-62
1754124661.7174602,-7,-3,-70
1754124661.75546,-7,0,-67
1754124661.79346,3,5,-59
1754124661.8324602,-2,-4,-56
1754124661.8684602,-3,-1,-72
1754124661.90646,-2,-2,-75
1754124661.9444602,-1,-8,-68
1754124661.98246,-3,-3,-69
1754124662.02146,3,-3,-60
1754124662.05746,3,-2,-57
1754124662.0954602,-6,-5,-63
1754124662.13346,2,1,-61
1754124662.17246,6,0,-72
1754124662.20846,4,0,-85
1754124662.24546,-4,-5,-71
1754124662.28346,0,3,-75
1754124662.3224602,4,-3,-70
1754124662.3584602,0,0,-81
1754124662.39546,-6,2,-79
1754124662.43346,-8,0,-65
1754124662.47246,-6,0,-78
1754124662.50846,1,1,-82
1754124662.54546,2,0,-67
1754124662.58446,-7,4,-60
1754124662.62246,1,-8,-68
1754124662.65846,0,0,-56
1754124662.69546,-3,-5,-62
1754124662.73446,0,-6,-65
1754124662.77246,2,0,-60
1754124662.80846,3,0,-60
1754124662.8454602,0,4,-63
1754124662.8844602,2,2,-54
1754124662.92246,-3,3,-61
1754124662.95846,-1,7,-59
1754124662.99746,4,-1,-65
1754124663.03446,-10,0,-60
1754124663.07346,-1,1,-57
1754124663.1114602,7,2,-56
1754124663.14746,-4,2,-69
1754124663.18546,0,1,-72
1754124663.2234602,1,-5,-66
1754124663.26246,8,-5,-62
1754124663.29846,3,0,-61
1754124663.3354602,-3,0,-57
1754124663.37346,9,8,-54
1754124663.41246,-2,4,-64
1754124663.44846,-3,1,-62
1754124663.4864602,1,-1,-56
1754124663.52446,3,-3,-59
1754124663.56346,-1,-2,-57
1754124663.60146,0,-1,-79
1754124663.63746,5,-7,-65
1754124663.67546,-3,-1,-59
1754124663.71446,3,-2,-65
1754124663.75246,5,0,-63
1754124663.78846,3,-1,-55
1754124663.82646,5,1,-63
1754124663.86446,6,2,-62
1754124663.90346,10,1,-66
1754124663.93946,7,0,-64
1754124663.97646,0,2,-63
1754124664.01446,3,0,-50
1754124664.05346,5,-4,-72
1754124664.08946,-2,-4,-73
1754124664.12746,-1,-6,-59
1754124664.16546,-4,-5,-68
1754124664.20446,0,-2,-67
1754124664.24246,-7,0,-64
1754124664.27846,-1,-2,-68
1754124664.31646,-2,-1,-66
1754124664.3554602,-2,-3,-77
1754124664.39346,1,1,-67
1754124664.42946,6,-2,-61
1754124664.46646,-2,-2,-67
1754124664.50446,0,-1,-71
1754124664.54346,0,-8,-58
1754124664.57946,-1,-5,-52
1754124664.6184602,1,-3,-66
1754124664.65546,5,3,-65
1754124664.69346,-5,-1,-61
1754124664.73246,-2,-1,-70
1754124664.76846,0,0,-67
1754124664.80546,0,2,-74
1754124664.84446,7,-1,-71
1754124664.88246,2,-5,-73
1754124664.91846,0,-5,-61
1754124664.95646,0,4,-63
1754124664.99446,3,-8,-64
1754124665.03346,0,11,-57
1754124665.0694602,-4,4,-76
1754124665.10746,8,3,-57
1754124665.14546,8,2,-65
1754124665.1844602,0,-2,-49
1754124665.22246,1,0,-57
1754124665.25846,7,-5,-69
1754124665.29546,-1,-3,-65
1754124665.33446,-4,0,-68
1754124665.37246,-6,-2,-66
1754124665.40846,-4,-2,-72
1754124665.4474602,-4,-2,-64
1754124665.48546,-1,1,-76
1754124665.52346,-1,-8,-71
1754124665.5594602,0,3,-60
1754124665.59646,0,0,-50
1754124665.6344602,-4,6,-49
1754124665.67346,1,7,-59
1754124665.70946,1,0,-62
1754124665.7464602,1,3,-58
1754124665.78446,9,2,-57
1754124665.82346,1,0,-61
1754124665.85946,-1,-2,-60
1754124665.89846,0,3,-64
1754124665.93546,-3,-1,-67
1754124665.97446,0,0,-62
1754124666.01246,0,0,-71
1754124666.04846,1,4,-68
1754124666.0854602,1,0,-58
1754124666.12446,5,4,-67
1754124666.16046,2,9,-72
1754124666.1974602,4,1,-66
1754124666.23546,5,0,-62
1754124666.27446,-1,3,-56
1754124666.31046,0,0,-64
1754124666.34746,1,0,-68
1754124666.38546,3,-8,-58
1754124666.4244602,-1,-3,-59
1754124666.4604602,5,1,-67
1754124666.49746,4,-5,-75
1754124666.53546,8,0,-75
1754124666.57446,3,2,-77
1754124666.61046,5,6,-75
1754124666.64746,1,-3,-70
1754124666.68546,2,0,-72
1754124666.72446,-2,0,-66
1754124666.76046,-6,-8,-62
1754124666.79846,-1,-3,-62
1754124666.83646,-2,-3,-58
1754124666.87446,6,0,-60
1754124666.91346,2,0,-71
1754124666.94946,-11,-2,-64
1754124666.98746,-7,0,-63
1754124667.02546,8,2,-59
1754124667.06446,-1,4,-56
1754124667.10046,1,0,-70
1754124667.13746,3,3,-65
1754124667.17546,0,1,-67
1754124667.21446,0,-2,-64
1754124667.25046,4,0,-74
1754124667.28746,-4,-5,-71
1754124667.3254602,-2,-3,-69
1754124667.36946,-3,-9,-64
1754124667.4074602,1,-6,-74
1754124667.44546,8,0,-66
1754124667.48446,2,-6,-63
1754124667.52046,-2,-5,-63
1754124667.55846,-1,-4,-59
1754124667.59646,-5,0,-65
1754124667.63546,0,2,-66
1754124667.67346,0,1,-59
1754124667.70946,0,0,-69
1754124667.7464602,-3,-1,-61
1754124667.78546,-8,-6,-61
1754124667.82346,2,-5,-57
1754124667.85946,5,-1,-61
1754124667.89746,2,2,-58
1754124667.93546,-9,-4,-71
1754124667.97446,-3,0,-73
1754124668.01046,0,0,-67
1754124668.04746,-1,6,-66
1754124668.08646,1,-1,-65
1754124668.12446,-3,5,-74
1754124668.16046,-2,0,-65
1754124668.19846,-5,6,-58
1754124668.2364602,9,-2,-60
1754124668.27546,10,1,-66
1754124668.31346,3,7,-60
1754124668.35046,2,6,-75
1754124668.38746,2,4,-57
1754124668.42546,3,5,-55
1754124668.46446,3,0,-62
1754124668.50046,6,0,-65
1754124668.53746,-2,2,-66
1754124668.5754602,1,3,-69
1754124668.61446,0,-3,-67
1754124668.65046,2,-4,-61
1754124668.68846,5,-1,-64
1754124668.72746,6,0,-55
1754124668.76546,6,0,-64
1754124668.80146,1,-5,-79
1754124668.83946,-6,-4,-79
1754124668.87746,-2,0,-64
1754124668.91646,-1,3,-63
1754124668.95446,0,-4,-77
1754124668.9904602,0,-1,-76
1754124669.02846,-1,1,-67
1754124669.06646,3,2,-60
1754124669.1054602,0,5,-61
1754124669.1414602,3,-8,-64
1754124669.17946,-3,-3,-65
1754124669.2174602,-3,-5,-65
1754124669.25546,-5,-2,-58
1754124669.29446,0,0,-61
1754124669.33046,0,-4,-74
1754124669.3684602,1,-5,-66
1754124669.40646,-2,-3,-72
1754124669.44546,-1,-2,-61
1754124669.48146,-6,3,-66
1754124669.52046,-2,-4,-63
1754124669.55746,-1,-5,-50
1754124669.59646,2,0,-54
1754124669.6344602,5,0,-65
1754124669.67046,1,0,-74
1754124669.7074602,0,-2,-79
1754124669.7464602,-2,-4,-70
1754124669.78446,1,-4,-61
1754124669.82046,4,6,-61
1754124669.85746,14,4,-71
1754124669.89646,10,13,-69
1754124669.9344602,2,7,-61
1754124669.9704602,0,5,-49
1754124670.00746,-4,7,-62
1754124670.0464602,0,0,-72
1754124670.08446,-2,3,-69
1754124670.12046,3,0,-66
1754124670.15846,-3,-3,-61
1754124670.19646,0,-3,-55
1754124670.23446,12,-3,-59
1754124670.27046,1,3,-64
1754124670.30846,8,-6,-64
1754124670.34646,4,-13,-65
1754124670.3844602,-9,-4,-62
1754124670.42046,0,-1,-57
1754124670.45846,2,-7,-60
1754124670.4964602,-1,0,-48
1754124670.53546,2,-3,-76
1754124670.57146,-2,-1,-71
1754124670.60946,6,-4,-65
1754124670.64746,6,0,-67
1754124670.68646,-2,-1,-66
1754124670.7234602,-1,-2,-57
1754124670.76046,-4,2,-55
1754124670.79846,0,-2,-58
1754124670.83746,-5,0,-59
1754124670.87546,-1,-1,-69
1754124670.9114602,-1,-4,-72
1754124670.9504602,-2,3,-73
1754124670.98746,3,3,-64
1754124671.0264602,-2,0,-64
1754124671.0624602,-6,0,-69
1754124671.10046,-4,-2,-71
1754124671.13746,-5,-5,-63
1754124671.17646,-1,-7,-57
1754124671.21246,-1,-4,-63
1754124671.25046,0,2,-64
1754124671.28846,8,-1,-58
1754124671.32646,6,-5,-56
1754124671.3654602,6,2,-59
1754124671.4014602,-1,2,-65
1754124671.4404602,-4,-2,-67
1754124671.47746,0,-5,-59
1754124671.5164602,-1,-7,-59
1754124671.5524602,0,-6,-69
1754124671.59146,0,-10,-67
1754124671.6284602,-4,-6,-70
1754124671.6674602,5,2,-70
1754124671.70546,1,0,-61
1754124671.74146,-5,-5,-62
1754124671.7794602,-3,-5,-63
1754124671.81746,3,-1,-70
1754124671.85646,6,-1,-70
1754124671.89246,7,-1,-61
1754124671.93046,4,5,-57
1754124671.96846,0,3,-52
1754124672.00746,-6,7,-56
1754124672.04546,-2,-2,-59
1754124672.08146,4,0,-56
1754124672.11946,-11,-7,-65
1754124672.1574602,-4,4,-61
1754124672.19646,0,-4,-62
1754124672.23246,3,-2,-57
1754124672.27146,0,-1,-48
1754124672.30846,1,-3,-57
1754124672.34746,1,0,-73
1754124672.38546,0,0,-68
1754124672.4214602,0,2,-66
1754124672.45846,11,-3,-53
1754124672.49746,4,1,-59
1754124672.53546,2,4,-45
1754124672.57146,-4,1,-56
1754124672.60946,-4,6,-55
1754124672.64746,2,9,-74
1754124672.68546,1,-2,-67
1754124672.72146,1,-4,-52
1754124672.7594602,0,-4,-62
1754124672.79746,4,0,-64
1754124672.83646,2,1,-74
1754124672.87246,-3,1,-68
1754124672.91046,-3,2,-69
1754124672.94846,1,-2,-61
1754124672.98746,-4,3,-67
1754124673.02346,-3,7,-69
1754124673.06146,1,0,-70
1754124673.09946,5,-2,-77
1754124673.1384602,2,-1,-74
1754124673.17646,-2,5,-59
1754124673.21246,-3,6,-55
1754124673.25146,3,-4,-65
1754124673.28846,3,-1,-69
1754124673.32746,2,0,-64
1754124673.36346,-1,1,-68
1754124673.4014602,0,2,-67
1754124673.43946,-7,4,-60
1754124673.47746,0,0,-52
1754124673.5164602,-2,-3,-63
1754124673.5524602,0,-7,-49
1754124673.58946,-4,0,-55
1754124673.62746,-2,-1,-67
1754124673.66646,-3,-1,-59
1754124673.70246,-5,2,-54
1754124673.7404602,-8,1,-57
1754124673.77846,-1,-7,-62
1754124673.81746,-1,-2,-59
1754124673.85346,1,2,-68
1754124673.8914602,0,0,-62
1754124673.92946,0,-4,-58
1754124673.96846,1,1,-61
1754124674.0064602,-7,0,-65
1754124674.0424602,-2,-5,-63
1754124674.08046,-3,-8,-57
1754124674.1184602,-1,-3,-66
1754124674.1574602,5,-3,-62
1754124674.19346,5,-2,-75
1754124674.23146,0,-3,-61
1754124674.2694602,0,-2,-64
1754124674.30846,5,-5,-66
1754124674.34646,2,3,-76
1754124674.38246,2,-1,-65
1754124674.42046,1,0,-67
1754124674.45846,0,0,-65
1754124674.49746,-4,-1,-69
1754124674.53346,-3,1,-68
1754124674.5724602,0,0,-70
1754124674.60946,3,5,-66
1754124674.64846,5,-5,-59
1754124674.68646,3,-4,-65
1754124674.72246,0,0,-67
1754124674.76046,3,3,-72
1754124674.79846,3,3,-64
1754124674.83646,-4,-3,-62
1754124674.87246,-4,-9,-59
1754124674.91046,0,2,-65
1754124674.94846,2,-6,-63
1754124674.98746,4,-2,-60
1754124675.02346,0,1,-59
1754124675.06046,5,-2,-58
1754124675.0984602,4,3,-49
1754124675.13746,-3,2,-61
1754124675.17346,-1,0,-57
1754124675.21146,-6,-2,-74
1754124675.24946,-3,1,-64
1754124675.28846,-3,1,-53
1754124675.32446,-2,4,-58
1754124675.36246,1,-1,-61
1754124675.40046,3,0,-59
1754124675.43946,1,-3,-55
1754124675.47746,0,-3,-52
1754124675.5134602,2,-5,-54
1754124675.55046,0,-4,-63
1754124675.58946,0,-6,-71
1754124675.62746,-7,-3,-66
1754124675.66346,0,-3,-61
1754124675.7004602,-9,2,-55
1754124675.73846,-3,3,-60
1754124675.77746,0,9,-68
1754124675.81346,-1,4,-65
1754124675.85146,0,2,-69
1754124675.88946,-5,0,-54
1754124675.92846,0,-5,-58
1754124675.96446,6,-5,-62
1754124676.00146,3,-4,-53
1754124676.0394602,5,0,-67
1754124676.07846,9,-3,-62
1754124676.11446,4,0,-66
1754124676.1514602,-5,-3,-71
1754124676.18946,-3,2,-66
1754124676.22846,3,5,-63
1754124676.26446,3,-1,-59
1754124676.30146,-6,0,-54
1754124676.33946,-5,2,-64
1754124676.3784602,-8,0,-63
1754124676.4144602,0,5,-61
1754124676.45146,-1,0,-68
1754124676.4904602,0,0,-56
1754124676.52846,-1,8,-64
1754124676.56446,1,1,-53
1754124676.60146,-3,0,-59
1754124676.64046,-2,0,-55
1754124676.67846,4,-6,-52
1754124676.71446,0,-7,-69
1754124676.7534602,-5,-5,-63
1754124676.79046,0,5,-79
1754124676.82946,2,2,-67
1754124676.86746,-6,8,-63
1754124676.90346,-5,-1,-64
1754124676.94146,-4,-3,-62
1754124676.97946,-8,-3,-57
1754124677.01846,-4,0,-59
1754124677.05446,-1,-2,-61
1754124677.0924602,-1,-4,-52
1754124677.1314602,-6,-3,-67
1754124677.16946,-2,-5,-69
1754124677.2074602,3,-4,-58
1754124677.2434602,7,-4,-61
1754124677.28146,-4,5,-70
1754124677.32046,-4,4,-79
1754124677.3584602,0,3,-71
1754124677.40346,1,4,-62
1754124677.4404602,0,0,-62
1754124677.47946,-2,3,-69
1754124677.51746,-5,0,-71
1754124677.55446,2,3,-70
1754124677.59146,6,-6,-60
1754124677.63046,-1,-6,-67
1754124677.66846,0,-2,-68
1754124677.70446,-4,-2,-68
1754124677.74246,-5,-5,-64
1754124677.78046,-2,1,-64
1754124677.8194602,0,7,-64
1754124677.85646,7,0,-62
1754124677.89346,3,-4,-64
1754124677.93146,0,-4,-74
1754124677.96946,-11,-2,-74
1754124678.00846,-3,2,-70
1754124678.04446,-6,3,-70
1754124678.0824602,3,2,-73
1754124678.12046,8,2,-67
1754124678.15946,8,1,-68
1754124678.19546,0,0,-60
1754124678.23246,0,1,-73
1754124678.27046,-3,1,-69
1754124678.3094602,-7,3,-64
1754124678.3454602,-6,0,-55
1754124678.38346,0,9,-71
1754124678.4214602,0,1,-74
1754124678.4604602,1,0,-59
1754124678.49846,5,-2,-63
1754124678.53446,4,0,-54
1754124678.5724602,2,-1,-72
1754124678.61046,-1,0,-80
1754124678.64946,8,8,-67
1754124678.68546,5,5,-58
1754124678.72246,-1,1,-62
1754124678.76046,-2,0,-64
1754124678.7994602,2,3,-60
1754124678.8354602,-2,7,-60
1754124678.87246,3,12,-56
1754124678.91046,-2,-3,-65
1754124678.94946,0,-3,-60
1754124678.98546,-3,-4,-68
1754124679.02446,-5,-3,-60
1754124679.06146,1,-6,-67
1754124679.10046,-1,-5,-64
1754124679.1384602,0,0,-59
1754124679.1744602,1,-2,-56
1754124679.21246,1,-4,-64
1754124679.25046,-3,-3,-67
1754124679.2894602,-3,0,-66
1754124679.3254602,0,0,-66
1754124679.36246,1,1,-74
1754124679.40046,-3,0,-74
1754124679.43946,-3,-3,-65
1754124679.47546,-1,-4,-59
1754124679.5134602,2,0,-75
1754124679.55146,1,-2,-57
1754124679.59046,5,1,-61
1754124679.6284602,1,8,-69
1754124679.6644602,8,-1,-65
1754124679.70246,-1,-7,-73
1754124679.74146,-5,-4,-67
1754124679.7794602,-4,-1,-69
1754124679.8154602,0,-3,-65
1754124679.85246,2,-6,-62
1754124679.8914602,1,-1,-62
1754124679.92946,7,-3,-67
1754124679.96546,0,-5,-74
1754124680.00246,0,1,-53
1754124680.04146,-3,-6,-70
1754124680.07946,-3,-7,-75
1754124680.1154602,-1,10,-66
1754124680.1544602,-5,1,-65
1754124680.19146,-4,3,-66
1754124680.2304602,-3,-4,-66
1754124680.2664602,-6,-3,-69
1754124680.30446,-3,1,-62
1754124680.3424602,0,1,-60
1754124680.38046,-3,4,-56
1754124680.41946,0,1,-64
1754124680.45546,1,2,-62
1754124680.49246,3,-5,-55
1754124680.53046,3,3,-57
1754124680.5694602,3,1,-73
1754124680.6054602,-3,1,-60
1754124680.64346,3,-4,-65
1754124680.68146,0,-7,-62
1754124680.7204602,2,-8,-69
1754124680.75746,1,0,-63
1754124680.79446,2,-4,-71
1754124680.8324602,0,2,-67
1754124680.8714602,0,-7,-60
1754124680.90946,-1,0,-63
1754124680.94546,-4,2,-52
1754124680.9834602,-1,-1,-59
1754124681.02146,-7,3,-68
1754124681.06046,8,-2,-62
1754124681.09646,5,1,-55
1754124681.13346,2,-10,-58
1754124681.1714602,5,-3,-61
1754124681.2104602,1,-7,-67
1754124681.2464602,3,-4,-78
1754124681.28446,6,0,-63
1754124681.3224602,0,0,-65
1754124681.3614602,-1,3,-56
1754124681.39946,-5,3,-63
1754124681.43546,-3,6,-66
1754124681.4734602,0,1,-55
1754124681.51146,2,1,-70
1754124681.55046,5,3,-67
1754124681.58646,4,-4,-68
1754124681.62546,-1,-5,-67
1754124681.66246,-3,1,-60
1754124681.70146,-2,2,-62
1754124681.73946,3,-2,-65
1754124681.77546,2,0,-69
1754124681.8124602,0,-6,-71
1754124681.85146,5,1,-61
1754124681.88946,4,-2,-55
1754124681.92546,0,-3,-47
1754124681.9634602,1,-4,-55
1754124682.00146,1,0,-59
1754124682.04046,-3,1,-67
1754124682.07646,-4,1,-63
1754124682.11446,-7,-6,-63
1754124682.15246,-4,-3,-66
1754124682.19146,-6,2,-65
1754124682.22746,-2,-1,-59
1754124682.2664602,0,-2,-55
1754124682.30346,-1,-2,-79
1754124682.3424602,4,0,-59
1754124682.38046,0,-5,-69
1754124682.41646,-3,3,-55
1754124682.45546,-2,1,-63
1754124682.49246,4,0,-57
1754124682.53146,4,-5,-69
1754124682.56746,0,0,-58
1754124682.6054602,10,-4,-62
1754124682.64246,8,0,-61
1754124682.68146,0,2,-81
1754124682.7174602,2,2,-76
1754124682.75546,-3,-2,-64
1754124682.7924602,-5,6,-67
1754124682.83146,-4,2,-62
1754124682.86746,1,1,-79
1754124682.90546,-8,2,-67
1754124682.94246,1,3,-61
1754124682.98146,4,-5,-62
1754124683.01746,-2,1,-58
1754124683.05546,-4,0,-64
1754124683.09346,-4,-3,-67
1754124683.1314602,-1,-3,-57
1754124683.17046,-1,0,-53
1754124683.20646,5,4,-60
1754124683.2434602,-1,5,-56
1754124683.2824602,-6,3,-62
1754124683.32046,3,-2,-64
1754124683.35646,-2,4,-64
1754124683.3944602,0,1,-52
1754124683.43346,2,1,-59
1754124683.47146,-1,-6,-61
1754124683.50746,3,-6,-61
1754124683.5464602,-7,-3,-76
1754124683.58346,-3,0,-67
1754124683.62246,3,4,-68
1754124683.66046,7,0,-71
1754124683.69646,4,-1,-66
1754124683.73446,1,0,-69
1754124683.77246,2,1,-56
1754124683.81146,0,-3,-56
1754124683.84746,6,-3,-48
1754124683.88546,7,1,-72
1754124683.92346,1,0,-61
1754124683.96246,0,-5,-61
1754124684.00046,2,-5,-66
1754124684.0364602,-4,0,-77
1754124684.07446,-7,5,-76
1754124684.11346,-5,5,-79
1754124684.1514602,-7,4,-70
1754124684.1874602,-1,0,-78
1754124684.22546,-6,-3,-49
1754124684.2634602,0,-1,-73
1754124684.3024602,-6,-2,-62
1754124684.34046,-12,-2,-63
1754124684.37646,2,-1,-68
1754124684.4144602,0,0,-65
1754124684.45246,-7,0,-65
1754124684.49146,2,-4,-59
1754124684.52746,0,-3,-62
1754124684.56646,0,2,-68
1754124684.60346,0,-1,-69
1754124684.64246,-5,-7,-58
1754124684.67846,-3,0,-62
1754124684.71646,-3,0,-60
1754124684.75546,-7,-4,-64
1754124684.7924602,0,-1,-70
1754124684.83146,-4,3,-78
1754124684.86746,-8,1,-75
1754124684.90546,1,-3,-70
1754124684.94346,3,-2,-61
1754124684.98246,2,-5,-63
1754124685.01846,-2,-5,-70
1754124685.05646,0,-3,-73
1754124685.0954602,0,-5,-64
1754124685.13346,-2,-1,-65
1754124685.1714602,2,0,-60
1754124685.2074602,6,-2,-59
1754124685.2464602,5,0,-58
1754124685.28346,3,4,-68
1754124685.3224602,-1,-1,-71
1754124685.3584602,0,-1,-66
1754124685.39646,4,-2,-75
1754124685.4344602,2,-4,-63
1754124685.4734602,1,0,-67
1754124685.51146,-3,-2,-79
1754124685.54746,-7,-5,-67
1754124685.5854602,-4,-4,-66
1754124685.62346,2,3,-62
1754124685.66246,0,-2,-76
1754124685.69846,-1,-5,-65
1754124685.7364602,2,-2,-69
1754124685.77446,-5,4,-60
1754124685.81346,3,-2,-65
1754124685.85146,3,-2,-62
1754124685.88746,1,3,-61
1754124685.9244602,-1,2,-58
1754124685.9634602,2,-1,-60
1754124686.00146,6,0,-75
1754124686.03746,0,-5,-64
1754124686.07646,8,-3,-57
1754124686.11346,1,-3,-59
1754124686.15246,0,-4,-69
1754124686.18846,-1,-5,-64
1754124686.22646,3,-5,-65
1754124686.26446,2,0,-42
1754124686.30346,-4,3,-59
1754124686.34146,-2,-2,-58
1754124686.37746,-2,0,-61
1754124686.41646,2,6,-68
1754124686.45446,-4,0,-68
1754124686.49246,-8,-7,-57
1754124686.52846,-4,0,-58
1754124686.56646,-4,-1,-63
1754124686.60446,-2,1,-51
1754124686.64346,2,3,-55
1754124686.68146,-1,1,-56
1754124686.7174602,-9,5,-59
1754124686.75546,-2,0,-65
1754124686.79346,-8,1,-68
1754124686.8324602,-6,4,-64
1754124686.8684602,0,0,-63
1754124686.90546,2,-4,-63
1754124686.94346,2,0,-56
1754124686.98246,3,-1,-52
1754124687.01846,0,-9,-67
1754124687.05646,-1,-1,-61
1754124687.09446,0,-8,-62
1754124687.13346,2,-2,-67
1754124687.16946,-2,-1,-67
1754124687.2074602,-5,-4,-63
1754124687.24546,-5,-2,-54
1754124687.28346,-3,-2,-62
1754124687.3224602,-7,1,-66
1754124687.3584602,0,0,-69
1754124687.39546,3,-3,-60
1754124687.43946,4,-4,-62
1754124687.47746,3,-2,-59
1754124687.51546,7,-3,-67
1754124687.55346,-3,1,-58
1754124687.5924602,0,-2,-64
1754124687.6284602,-1,0,-63
1754124687.6674602,-1,-2,-64
1754124687.70446,-7,-3,-57
1754124687.7434602,2,1,-63
1754124687.7794602,0,0,-66
1754124687.81746,-3,-1,-66
1754124687.85646,7,8,-70
1754124687.8944602,10,6,-73
1754124687.93246,1,0,-69
1754124687.96846,-1,-3,-75
1754124688.0064602,-13,0,-73
1754124688.04446,-7,2,-71
1754124688.08346,-5,0,-59
1754124688.11946,-6,4,-57
1754124688.15646,-3,0,-63
1754124688.1944602,0,1,-62
1754124688.2334602,-6,-6,-65
1754124688.2694602,-2,-1,-67
1754124688.30746,-2,-2,-60
1754124688.3454602,-8,3,-67
1754124688.3844602,-11,-2,-54
1754124688.42246,2,3,-60
1754124688.45846,-1,2,-64
1754124688.49746,4,4,-60
1754124688.53446,0,0,-76
1754124688.57346,-1,1,-70
1754124688.60946,-11,-3,-73
1754124688.64746,-4,-1,-75
1754124688.68546,0,1,-70
1754124688.72446,2,-3,-56
1754124688.76246,7,-2,-60
1754124688.79846,3,-1,-56
1754124688.83646,3,0,-67
1754124688.87446,9,-1,-61
1754124688.91346,1,0,-51
1754124688.94946,5,6,-57
1754124688.9864602,-6,2,-56
1754124689.02446,-5,0,-54
1754124689.06346,-3,0,-68
1754124689.09946,0,0,-72
1754124689.13646,-3,2,-61
1754124689.1744602,-1,-2,-60
1754124689.2134602,0,-5,-66
1754124689.24946,4,-6,-64
1754124689.28746,3,-4,-67
1754124689.3254602,7,0,-51
1754124689.36446,2,4,-63
1754124689.40046,-2,-3,-72
1754124689.43846,7,0,-70
1754124689.47546,2,5,-69
1754124689.51446,-2,-6,-65
1754124689.55046,0,-2,-65
1754124689.5884602,-3,3,-62
1754124689.62646,0,-2,-82
1754124689.6644602,3,6,-76
1754124689.70346,-6,5,-64
1754124689.73946,2,0,-66
1754124689.7764602,-2,-6,-67
1754124689.81446,-9,-2,-59
1754124689.85346,-3,5,-60
1754124689.88946,-8,-2,-61
1754124689.9274602,-3,-4,-64
1754124689.96546,-5,4,-69
1754124690.00446,0,0,-71
1754124690.04046,6,-6,-62
1754124690.07846,6,-1,-62
1754124690.11646,3,0,-63
1754124690.15546,1,2,-65
1754124690.19346,5,3,-68
1754124690.22946,4,-1,-64
1754124690.26746,3,0,-58
1754124690.30646,-1,0,-60
1754124690.34446,-6,3,-58
1754124690.3814602,-8,2,-58
1754124690.41846,5,2,-68
1754124690.45646,-2,-1,-65
1754124690.49546,-4,-3,-63
1754124690.53346,-2,0,-56
1754124690.5694602,-2,1,-61
1754124690.60746,0,-2,-72
1754124690.64546,0,-1,-67
1754124690.6844602,0,-7,-66
1754124690.7204602,-4,-1,-63
1754124690.75846,-3,2,-61
1754124690.7964602,-1,0,-53
1754124690.8354602,0,0,-49
1754124690.87346,-2,-8,-61
1754124690.90946,1,-7,-60
1754124690.94646,-2,-3,-56
1754124690.98546,0,-3,-58
1754124691.02346,-7,0,-52
1754124691.0594602,-8,0,-66
1754124691.09646,3,-4,-63
1754124691.13546,0,-5,-54
1754124691.17346,-2,-8,-73
1754124691.2104602,-3,2,-66
1754124691.24746,-3,2,-68
1754124691.28546,0,3,-62
1754124691.32446,-4,6,-62
1754124691.36046,-1,5,-61
1754124691.39746,0,3,-52
1754124691.43546,-2,-6,-52
1754124691.47446,2,-5,-59
1754124691.51046,-3,-2,-61
1754124691.54846,-1,0,-60
1754124691.58646,-4,3,-78
1754124691.62546,-9,1,-68
1754124691.6614602,-1,0,-69
1754124691.69946,2,-7,-54
1754124691.73746,1,2,-50
1754124691.77546,-3,0,-64
1754124691.81446,-8,0,-71
1754124691.85046,1,0,-72
1754124691.88746,-7,-9,-64
1754124691.92546,-12,3,-64
1754124691.96446,0,4,-63
1754124692.00046,-1,2,-72
1754124692.03846,-3,-4,-75
1754124692.07746,-2,-4,-72
1754124692.1154602,-1,0,-67
1754124692.1514602,-1,-4,-76
1754124692.1904602,-3,3,-65
1754124692.22746,-2,11,-68
1754124692.26546,1,2,-53
1754124692.30446,3,-4,-59
1754124692.34046,6,-3,-61
1754124692.37746,0,-2,-64
1754124692.41646,-7,-7,-64
1754124692.45446,-9,-2,-67
1754124692.4904602,-4,-1,-66
1754124692.52846,1,-2,-65
1754124692.56646,-2,-3,-61
1754124692.6054602,3,-6,-65
1754124692.6414602,1,5,-69
1754124692.67846,-3,-1,-66
1754124692.71646,6,1,-70
1754124692.75546,-1,-5,-69
1754124692.79146,0,-8,-75
1754124692.83046,-2,-11,-74
1754124692.86746,-5,0,-71
1754124692.90646,-2,1,-65
1754124692.9444602,0,3,-69
1754124692.9804602,-2,1,-58
1754124693.01846,0,0,-53
1754124693.05746,7,0,-53
1754124693.0954602,5,-3,-66
1754124693.1314602,-1,-4,-55
1754124693.16946,0,5,-53
1754124693.2074602,2,3,-65
1754124693.2464602,-3,2,-62
1754124693.28446,-5,1,-65
1754124693.32046,-4,-1,-62
1754124693.3584602,-6,2,-65
1754124693.39646,4,-1,-64
1754124693.43546,-2,-2,-61
1754124693.47146,-3,-1,-61
1754124693.5094602,3,-9,-65
1754124693.54846,0,-8,-60
1754124693.58646,2,-3,-66
1754124693.62246,-1,0,-60
1754124693.65946,2,-8,-58
1754124693.6974602,-3,-6,-56
1754124693.7364602,1,-6,-69
1754124693.77246,-5,-2,-66
1754124693.81146,-4,6,-65
1754124693.8484602,2,-2,-66
1754124693.88646,4,2,-63
1754124693.92546,4,2,-51
1754124693.96146,4,2,-48
1754124693.99846,4,0,-70
1754124694.0364602,1,2,-65
1754124694.0754602,-1,-7,-66
1754124694.1114602,3,-3,-70
1754124694.14946,3,1,-74
1754124694.1874602,-3,-8,-63
1754124694.22646,-9,-3,-64
1754124694.26246,-2,-4,-69
1754124694.30046,0,-8,-59
1754124694.33946,4,1,-56
1754124694.37646,-1,4,-60
1754124694.41546,-9,1,-53
1754124694.45146,-5,6,-55
1754124694.48846,0,1,-55
1754124694.5264602,0,-1,-59
1754124694.5654602,3,-2,-62
1754124694.60146,6,2,-62
1754124694.6384602,1,-1,-60
1754124694.6774602,4,0,-64
1754124694.71546,6,0,-60
1754124694.75146,10,-3,-57
1754124694.7894602,2,0,-62
1754124694.82846,5,-8,-62
1754124694.86646,6,-2,-57
1754124694.90246,-2,2,-58
1754124694.94146,-4,0,-62
1754124694.97846,-2,3,-65
1754124695.01746,-3,-1,-64
1754124695.05546,-7,10,-68
1754124695.09146,-1,3,-67
1754124695.12946,0,-6,-52
1754124695.1674602,-3,-6,-52
1754124695.20646,-5,-1,-62
1754124695.24546,0,-2,-65
1754124695.28146,2,0,-69
1754124695.31846,-1,-5,-69
1754124695.35746,-2,-5,-69
1754124695.39546,7,-4,-66
1754124695.43146,5,-3,-57
1754124695.46946,1,-1,-65
1754124695.50746,0,-1,-60
1754124695.5464602,-3,-1,-63
1754124695.5824602,3,-4,-63
1754124695.61946,4,-6,-59
1754124695.6574602,0,-4,-51
1754124695.69646,-3,0,-54
1754124695.73246,0,-2,-57
1754124695.7694602,3,4,-58
1754124695.80746,2,3,-62
1754124695.84646,1,12,-67
1754124695.88246,-1,1,-62
1754124695.91946,4,-3,-61
1754124695.9574602,-2,-3,-46
1754124695.9964602,0,-1,-49
1754124696.0324602,-10,0,-56
1754124696.0694602,-6,-4,-58
1754124696.10746,2,1,-55
1754124696.14646,4,3,-61
1754124696.18246,-5,-7,-60
1754124696.2204602,-3,-6,-57
1754124696.25846,-5,2,-67
1754124696.29746,-3,-3,-69
1754124696.33346,-2,-7,-64
1754124696.3714602,-5,-5,-61
1754124696.40946,-3,0,-69
1754124696.4474602,-2,-2,-59
1754124696.4864602,5,1,-64
1754124696.52246,2,4,-61
1754124696.56046,-5,-5,-67
1754124696.59946,-5,-5,-62
1754124696.63746,0,-1,-69
1754124696.67346,-3,0,-67
1754124696.71146,1,4,-72
1754124696.74946,3,-3,-54
1754124696.78746,0,2,-60
1754124696.82646,-10,0,-59
1754124696.86246,-10,-2,-70
1754124696.90046,-3,-1,-73
1754124696.93846,-2,-5,-68
1754124696.97746,0,-2,-69
1754124697.0134602,0,-1,-70
1754124697.05146,1,-2,-58
1754124697.08946,-1,0,-54
1754124697.1284602,-4,0,-66
1754124697.16646,-3,3,-58
1754124697.20246,-1,0,-60
1754124697.24146,7,0,-67
1754124697.27846,7,-5,-71
1754124697.31746,6,-1,-56
1754124697.35346,-2,4,-52
1754124697.3914602,2,-5,-63
1754124697.42946,5,-1,-71
1754124697.47446,0,0,-62
1754124697.51146,0,-10,-63
1754124697.5494602,0,2,-59
1754124697.5884602,-1,0,-55
1754124697.62646,-4,-4,-56
1754124697.66246,-4,-1,-64
1754124697.7004602,0,0,-50
1754124697.73846,2,0,-60
1754124697.77746,2,0,-67
1754124697.81346,-2,-5,-56
1754124697.85146,2,4,-60
1754124697.88946,-4,-7,-67
1754124697.92846,0,-10,-68
1754124697.96646,0,-3,-73
1754124698.00246,0,4,-82
1754124698.0394602,-5,3,-67
1754124698.07846,-3,-4,-65
1754124698.11646,-4,0,-53
1754124698.15246,-3,0,-56
1754124698.18946,-6,4,-74
1754124698.22846,-3,0,-70
1754124698.26446,0,-1,-67
1754124698.3024602,-3,-6,-64
1754124698.34046,1,1,-68
1754124698.3784602,-2,-2,-72
1754124698.4174602,5,-6,-76
1754124698.45346,5,-4,-59
1754124698.49146,5,-1,-55
1754124698.52846,5,0,-63
1754124698.56746,1,1,-54
1754124698.60346,2,1,-49
1754124698.6414602,1,-3,-60
1754124698.67846,0,-6,-62
1754124698.7174602,6,-5,-60
1754124698.7534602,2,-7,-62
1754124698.79146,0,-3,-62
1754124698.82846,-3,-2,-67
1754124698.86746,0,-1,-60
1754124698.90346,0,0,-67
1754124698.9404602,-2,-2,-65
1754124698.97846,-8,3,-53
1754124699.01746,6,0,-67
1754124699.05346,2,5,-69
1754124699.09046,11,1,-68
1754124699.1284602,3,-3,-66
1754124699.1674602,-3,2,-73
1754124699.20346,-1,1,-63
1754124699.24146,-6,-5,-57
1754124699.2794602,-8,-3,-57
1754124699.31746,2,-8,-65
1754124699.35346,0,-5,-71
1754124699.3914602,-6,-5,-67
1754124699.42946,-6,-5,-73
1754124699.4674602,-4,-10,-62
1754124699.5034602,-5,-3,-68
1754124699.54146,-2,-4,-68
1754124699.57946,1,-7,-50
1754124699.6184602,-4,-2,-44
1754124699.6544602,0,-2,-51
1754124699.69146,3,1,-47
1754124699.72946,-1,-2,-65
1754124699.76846,-1,-2,-70
1754124699.80446,0,2,-78
1754124699.84146,8,1,-73
1754124699.87946,2,5,-64
1754124699.91846,-4,4,-57
1754124699.95446,-1,1,-62
1754124699.99146,-2,-4,-52
1754124700.0294602,0,-2,-61
1754124700.06846,10,0,-57
1754124700.10446,0,-1,-60
1754124700.14246,-1,0,-70
1754124700.18146,4,0,-68
1754124700.21946,4,5,-63
1754124700.25746,-2,2,-65
1754124700.29346,-1,0,-58
1754124700.33146,-1,-3,-55
1754124700.36946,2,-1,-63
1754124700.40846,-6,0,-65
1754124700.4444602,0,1,-67
1754124700.48246,4,1,-61
1754124700.5194602,-5,5,-58
1754124700.55846,3,2,-58
1754124700.59446,-8,-1,-71
1754124700.63246,2,0,-69
1754124700.6714602,0,-2,-53
1754124700.70946,-2,-1,-65
1754124700.74546,-1,-3,-57
1754124700.78346,2,0,-55
1754124700.82146,-1,0,-67
1754124700.85946,9,0,-71
1754124700.89846,11,2,-72
1754124700.9344602,6,0,-68
1754124700.97146,4,4,-60
1754124701.0094602,5,-1,-68
1754124701.04846,0,-2,-69
1754124701.08446,-1,-4,-64
1754124701.12346,4,-2,-60
1754124701.16046,-2,0,-71
1754124701.19946,3,-2,-65
1754124701.23546,-7,2,-73
1754124701.27346,-1,-3,-51
1754124701.31146,2,-4,-63
1754124701.34946,9,-1,-63
1754124701.3884602,6,-5,-70
1754124701.4244602,1,-2,-65
1754124701.46246,-9,-5,-61
1754124701.50046,-9,0,-75
1754124701.5394602,-7,-1,-72
1754124701.5754602,-7,1,-72
1754124701.61346,-4,0,-55
1754124701.65246,3,-2,-60
1754124701.6904602,4,2,-65
1754124701.72846,0,3,-64
1754124701.76446,-1,-1,-62
1754124701.8024602,0,-4,-64
1754124701.84146,-9,-1,-69
1754124701.87946,0,8,-71
1754124701.91546,1,9,-69
1754124701.95246,7,6,-63
1754124701.99146,-1,1,-56
1754124702.0294602,-1,-4,-59
1754124702.0654602,1,-2,-62
1754124702.10246,7,-3,-66
1754124702.1414602,3,-4,-60
1754124702.17946,-3,3,-49
1754124702.21546,-3,-2,-54
1754124702.2534602,-4,-4,-57
1754124702.29146,1,-2,-63
1754124702.33046,-4,-5,-56
1754124702.3684602,-5,-4,-59
1754124702.4044602,-2,0,-54
1754124702.44246,-2,5,-60
1754124702.4804602,-1,2,-56
1754124702.5194602,0,-1,-66
1754124702.55546,-2,0,-66
1754124702.59446,-2,0,-69
1754124702.63246,-8,-2,-51
1754124702.67046,-8,-3,-74
1754124702.70846,-2,-3,-64
1754124702.74546,1,-5,-74
1754124702.78346,-5,-5,-82
1754124702.82146,-2,-4,-70
1754124702.86046,0,3,-60
1754124702.89746,-5,1,-57
1754124702.93546,-7,0,-66
1754124702.97246,4,-3,-60
1754124703.01146,-2,-2,-65
1754124703.0494602,3,-5,-65
1754124703.0854602,0,1,-70
1754124703.12246,-5,2,-71
1754124703.16046,3,0,-66
1754124703.19946,-3,5,-68
1754124703.23546,2,1,-69
1754124703.27246,0,-1,-55
1754124703.31046,-1,-5,-60
1754124703.34946,-2,-3,-62
1754124703.38546,0,5,-70
1754124703.42246,5,1,-68
1754124703.4604602,4,0,-64
1754124703.49946,-4,5,-60
1754124703.53546,-6,2,-62
1754124703.57346,0,1,-74
1754124703.6114602,3,0,-60
1754124703.65046,0,3,-59
1754124703.68646,3,0,-65
1754124703.7234602,-6,2,-65
1754124703.76146,-8,-4,-65
1754124703.80046,1,-3,-66
1754124703.83646,-1,6,-57
1754124703.87446,-5,0,-65
1754124703.91246,-3,0,-74
1754124703.95146,-3,-4,-70
1754124703.98946,-1,1,-69
1754124704.02546,-5,5,-77
1754124704.06346,4,1,-66
1754124704.10146,4,4,-58
1754124704.14046,4,3,-66
1754124704.17646,4,8,-74
1754124704.21446,-4,8,-68
1754124704.25146,1,7,-62
1754124704.29046,-1,5,-65
1754124704.32646,1,-3,-57
1754124704.36446,2,-1,-67
1754124704.40246,-2,0,-63
1754124704.44146,6,-3,-61
1754124704.47946,1,-4,-60
1754124704.51546,-5,2,-61
1754124704.55346,-9,1,-57
1754124704.59146,0,6,-69
1754124704.63046,-3,0,-57
1754124704.66646,-10,0,-62
1754124704.70446,-1,-5,-67
1754124704.7434602,0,-5,-67
1754124704.78146,-1,-4,-75
1754124704.8194602,0,6,-81
1754124704.8554602,-1,-2,-76
1754124704.89346,0,0,-72
1754124704.93146,0,-2,-63
1754124704.9704602,6,-1,-60
1754124705.0064602,3,3,-69
1754124705.04346,4,0,-70
1754124705.08146,6,-4,-62
1754124705.12046,0,-1,-61
1754124705.15646,1,1,-66
1754124705.19346,2,-1,-66
1754124705.23146,2,0,-56
1754124705.27046,-3,-5,-51
1754124705.30646,-7,-4,-57
1754124705.34446,-4,3,-62
1754124705.38246,0,0,-74
1754124705.4214602,-4,2,-60
1754124705.4574602,-6,3,-54
1754124705.49546,-9,-5,-51
1754124705.53346,-5,2,-51
1754124705.57146,-5,3,-64
1754124705.61046,-2,1,-62
1754124705.64646,-2,6,-56
1754124705.6844602,-1,-2,-59
1754124705.72246,-6,0,-63
1754124705.76146,7,-3,-70
1754124705.79746,10,-2,-63
1754124705.83446,9,-13,-84
1754124705.87246,1,-1,-63
1754124705.9114602,-6,0,-62
1754124705.9474602,-7,-7,-64
1754124705.98546,0,-3,-65
1754124706.02346,-3,3,-55
1754124706.0624602,-4,0,-54
1754124706.10046,-3,-2,-52
1754124706.13646,3,-3,-59
1754124706.1744602,4,-2,-56
1754124706.2134602,2,-1,-60
1754124706.25146,-3,-1,-65
1754124706.28746,-1,1,-63
1754124706.3254602,3,0,-62
1754124706.36346,3,0,-66
1754124706.40246,1,3,-66
1754124706.4404602,-6,-2,-64
1754124706.47646,2,1,-67
1754124706.5134602,2,0,-67
1754124706.5524602,-6,-7,-72
1754124706.59046,-5,-3,-66
1754124706.62646,0,-2,-59
1754124706.6644602,-11,0,-64
1754124706.70246,-5,2,-67
1754124706.74146,-5,-5,-70
1754124706.77746,-5,-1,-65
1754124706.8154602,-4,2,-72
1754124706.85346,5,5,-62
1754124706.89246,0,2,-61
1754124706.93046,1,5,-50
1754124706.96646,1,5,-59
1754124707.0034602,0,0,-59
1754124707.0424602,3,0,-67
1754124707.08046,0,-2,-63
1754124707.11646,-9,0,-54
1754124707.15346,-7,-1,-62
1754124707.19246,0,0,-68
1754124707.2304602,-2,3,-66
1754124707.2664602,0,2,-66
1754124707.30346,-2,-4,-56
1754124707.3424602,-1,-1,-63
1754124707.3784602,-5,4,-67
1754124707.41646,-6,-4,-55
1754124707.45446,8,0,-57
1754124707.50046,-2,1,-57
1754124707.53746,1,0,-65
1754124707.5754602,5,-6,-75
1754124707.61346,8,0,-64
1754124707.65246,1,-6,-66
1754124707.68846,-6,-9,-71
1754124707.72646,-3,-6,-72
1754124707.76446,4,1,-69
1754124707.8024602,1,0,-61
1754124707.84146,3,-3,-74
1754124707.87746,4,-1,-66
1754124707.91546,4,-1,-65
1754124707.95246,2,4,-58
1754124707.99146,-8,-1,-67
1754124708.02746,-1,0,-69
1754124708.0654602,-2,-3,-69
1754124708.10446,0,-4,-58
1754124708.14246,-4,-1,-51
1754124708.17846,-7,2,-55
1754124708.21646,-2,-6,-62
1754124708.25446,2,0,-62
1754124708.2924602,-2,-4,-51
1754124708.33146,1,-9,-55
1754124708.36746,6,-3,-72
1754124708.40546,-1,-1,-68
1754124708.44346,0,-5,-60
1754124708.48246,8,-4,-68
1754124708.51846,2,-3,-65
1754124708.55646,10,-1,-64
1754124708.5954602,6,2,-67
1754124708.63346,6,3,-62
1754124708.6714602,2,7,-67
1754124708.7074602,0,5,-72
1754124708.74546,-6,0,-66
1754124708.78346,5,0,-62
1754124708.82146,0,0,-75
1754124708.85746,0,0,-70
1754124708.8944602,6,-1,-69
1754124708.93346,-2,-7,-63
1754124708.97146,2,-2,-59
1754124709.00746,-1,0,-56
1754124709.04446,-3,3,-71
1754124709.08346,-5,1,-70
1754124709.1214602,-5,1,-58
1754124709.1574602,-3,0,-70
1754124709.1944602,-12,-4,-71
1754124709.2334602,1,-7,-74
1754124709.27146,-1,0,-68
1754124709.30746,1,-2,-67
1754124709.3454602,2,4,-52
1754124709.38346,1,-1,-61
1754124709.42246,-1,-3,-65
1754124709.45846,8,-6,-72
1754124709.4964602,-6,-1,-73
1754124709.53546,-1,-4,-69
1754124709.57346,5,-2,-67
1754124709.6114602,-5,-7,-62
1754124709.64846,-5,-9,-60
1754124709.68646,-3,-1,-69
1754124709.72446,0,0,-68
1754124709.7634602,5,-4,-66
1754124709.7994602,3,-2,-74
1754124709.83746,0,-7,-67
1754124709.87546,-2,-11,-59
1754124709.91346,-9,-2,-65
1754124709.95246,-4,-1,-62
1754124709.98946,-1,2,-68
1754124710.02746,0,0,-70
1754124710.06446,-2,0,-73
1754124710.10346,0,0,-59
1754124710.13946,5,-3,-52
1754124710.1774602,-6,0,-49
1754124710.21546,1,-5,-52
1754124710.2534602,-5,2,-55
1754124710.2924602,5,-5,-61
1754124710.32846,6,-4,-52
1754124710.36646,1,-8,-66
1754124710.4044602,5,-7,-65
1754124710.44346,11,-1,-67
1754124710.47946,4,-2,-63
1754124710.51746,0,-3,-63
1754124710.55646,-1,2,-67
1754124710.59346,-3,-3,-72
1754124710.63246,0,-1,-60
1754124710.66846,-1,6,-64
1754124710.7074602,-1,0,-78
1754124710.74546,-5,-3,-67
1754124710.78446,-2,2,-66
1754124710.8224602,0,-2,-76
1754124710.8584602,2,-6,-60
1754124710.89646,3,-5,-63
1754124710.9344602,3,-3,-67
1754124710.9734602,7,-4,-61
1754124711.0094602,5,-5,-59
1754124711.04746,-2,0,-69
1754124711.0854602,1,-2,-70
1754124711.12446,-1,2,-57
1754124711.16246,-3,7,-61
1754124711.19846,-7,6,-66
1754124711.23546,-1,0,-69
1754124711.27446,2,2,-75
1754124711.3124602,-7,-1,-72
1754124711.3484602,-1,3,-57
1754124711.38546,-9,-2,-61
1754124711.4244602,0,-5,-67
1754124711.46246,-4,2,-76
1754124711.49846,4,0,-65
1754124711.53546,6,0,-55
1754124711.57446,1,1,-57
1754124711.61246,-3,1,-61
1754124711.64846,0,-5,-67
1754124711.68546,0,-4,-78
1754124711.72446,1,-3,-70
1754124711.76246,-5,-4,-63
1754124711.79846,-1,-3,-62
1754124711.83646,1,7,-65
1754124711.87446,-5,1,-72
1754124711.91346,-1,-3,-76
1754124711.94946,4,-2,-66
1754124711.98746,0,2,-67
1754124712.02546,-1,2,-67
1754124712.06446,-1,0,-59
1754124712.10046,1,-3,-70
1754124712.13746,1,-3,-72
1754124712.17646,0,-5,-68
1754124712.21446,12,1,-64
1754124712.25046,8,-1,-59
1754124712.28846,4,3,-57
1754124712.32646,1,-1,-60
1754124712.36446,1,6,-58
1754124712.40346,0,5,-72
1754124712.43946,-5,-2,-56
1754124712.47746,-1,-1,-65
1754124712.51546,0,-1,-69
1754124712.55446,0,-1,-76
1754124712.59046,0,0,-87
1754124712.62946,2,0,-73
1754124712.66646,1,0,-75
1754124712.70546,-2,4,-66
1754124712.7434602,-1,0,-58
1754124712.7794602,-5,7,-53
1754124712.81646,-6,-3,-54
1754124712.8554602,0,-2,-59
1754124712.89346,0,5,-75
1754124712.92946,7,-8,-71
1754124712.96646,0,-3,-75
1754124713.00546,7,-5,-59
1754124713.04346,5,-5,-65
1754124713.07946,5,-8,-72
1754124713.11746,-7,-7,-62
1754124713.15546,0,-1,-64
1754124713.1944602,2,0,-46
1754124713.2304602,0,-1,-63
1754124713.26746,3,0,-66
1754124713.30546,0,-3,-60
1754124713.34446,6,-2,-58
1754124713.38046,-1,-9,-55
1754124713.41846,-6,-7,-62
1754124713.45646,-11,-4,-53
1754124713.49546,0,-7,-60
1754124713.53346,-1,0,-57
1754124713.57046,6,-4,-64
1754124713.6084602,9,-2,-71
1754124713.64546,10,-2,-70
1754124713.6844602,5,0,-67
1754124713.7204602,0,-2,-74
1754124713.75846,1,-7,-81
1754124713.7964602,10,-2,-82
1754124713.8354602,0,-2,-68
1754124713.87346,-1,-2,-66
1754124713.90946,2,-3,-63
1754124713.9474602,4,-4,-49
1754124713.98546,5,-5,-58
1754124714.02446,-5,-4,-66
1754124714.06046,-2,-7,-56
1754124714.0984602,2,-5,-70
1754124714.13646,0,-5,-55
1754124714.17546,-5,-2,-68
1754124714.21146,2,0,-63
1754124714.24846,-4,0,-60
1754124714.28746,1,7,-67
1754124714.3254602,5,1,-67
1754124714.3614602,6,1,-63
1754124714.39846,-6,6,-72
1754124714.4374602,-1,0,-70
1754124714.47546,-1,1,-72
1754124714.51146,-5,7,-77
1754124714.54846,-1,-4,-70
1754124714.58646,0,-1,-63
1754124714.62546,-4,1,-74
1754124714.6614602,-1,0,-67
1754124714.69846,0,-4,-65
1754124714.73746,1,-2,-64
1754124714.77546,-2,-7,-70
1754124714.81146,0,0,-71
1754124714.8484602,1,-1,-60
1754124714.88746,-2,-1,-60
1754124714.92546,6,-3,-62
1754124714.96146,-2,-2,-57
1754124715.00046,-2,-1,-65
1754124715.03746,1,-7,-78
1754124715.0754602,-7,-7,-66
1754124715.11446,-6,-7,-59
1754124715.15046,-5,-5,-74
1754124715.18846,-1,-4,-60
1754124715.22646,7,0,-66
1754124715.26546,2,-2,-68
1754124715.30146,-5,-3,-66
1754124715.33946,0,0,-65
1754124715.37746,1,0,-61
1754124715.41646,-2,1,-67
1754124715.45446,0,4,-64
1754124715.4904602,-2,0,-65
1754124715.52846,0,8,-58
1754124715.56646,1,-4,-55
1754124715.6054602,4,-2,-52
1754124715.6414602,6,-1,-47
1754124715.67946,2,-4,-50
1754124715.7174602,0,-3,-57
1754124715.7564602,-1,-1,-63
1754124715.79446,0,5,-69
1754124715.83046,0,3,-64
1754124715.8684602,1,7,-71
1754124715.9074602,-3,3,-70
1754124715.94546,-4,0,-65
1754124715.98146,-4,5,-58
1754124716.0194602,-1,0,-61
1754124716.05746,-4,6,-80
1754124716.09646,-7,6,-61
1754124716.1344602,-2,3,-62
1754124716.17046,1,5,-57
1754124716.2074602,0,3,-63
1754124716.2464602,-7,10,-77
1754124716.28446,-6,4,-63
1754124716.32046,-1,-2,-67
1754124716.3584602,1,-3,-63
1754124716.39646,3,5,-64
1754124716.43546,-3,0,-72
1754124716.47146,-6,-5,-69
1754124716.5094602,-2,-3,-66
1754124716.54746,3,2,-69
1754124716.58646,-1,-3,-69
1754124716.62246,-2,-4,-60
1754124716.66046,-4,-4,-68
1754124716.69946,-8,0,-67
1754124716.7364602,-6,0,-58
1754124716.77546,1,0,-69
1754124716.81146,-1,1,-65
1754124716.84946,1,1,-66
1754124716.88746,-7,-1,-68
1754124716.92646,-3,-1,-60
1754124716.96246,0,-1,-70
1754124717.00046,-6,-5,-58
1754124717.03846,-2,4,-65
1754124717.07646,-2,1,-65
1754124717.1154602,-4,0,-60
1754124717.1514602,-4,0,-59
1754124717.1904602,-2,-4,-64
1754124717.22746,-1,0,-68
1754124717.2664602,-2,0,-62
1754124717.3024602,-1,3,-65
1754124717.34046,-1,0,-66
1754124717.3784602,-1,-4,-69
1754124717.41646,-1,0,-62
1754124717.45546,3,-1,-61
1754124717.49246,0,0,-63
1754124717.53746,5,-12,-65
1754124717.5754602,0,-4,-62
1754124717.6114602,1,0,-58
1754124717.64846,1,-4,-61
1754124717.6874602,-2,2,-55
1754124717.72546,0,-2,-63
1754124717.76146,0,2,-53
1754124717.79846,-3,-7,-68
1754124717.83746,-5,0,-59
1754124717.87546,-6,0,-68
1754124717.9114602,-1,1,-63
1754124717.94846,-2,-1,-60
1754124717.98746,6,-1,-77
1754124718.02546,2,-4,-71
1754124718.06146,-2,0,-57
1754124718.09946,-7,1,-61
1754124718.13746,-5,-6,-71
1754124718.17646,-4,-11,-72
1754124718.21246,-9,-1,-58
1754124718.25046,-6,-4,-59
1754124718.2894602,3,7,-63
1754124718.32746,0,0,-63
1754124718.3654602,-1,-1,-68
1754124718.4014602,-4,0,-57
1754124718.43946,-5,1,-70
1754124718.47746,5,-1,-65
1754124718.5164602,-8,-4,-65
1754124718.5524602,-2,-1,-79
1754124718.59046,2,-6,-71
1754124718.6284602,0,0,-76
1754124718.6674602,2,1,-59
1754124718.70546,-2,0,-67
1754124718.74146,-1,6,-60
1754124718.7794602,2,2,-52
1754124718.81746,0,-2,-72
1754124718.85646,0,7,-54
1754124718.89246,-3,0,-54
1754124718.92946,7,2,-51
1754124718.96846,2,6,-53
1754124719.0064602,1,2,-64
1754124719.0424602,-1,-1,-61
1754124719.08146,-2,-2,-68
1754124719.1184602,0,0,-51
1754124719.1574602,-11,-2,-60
1754124719.19346,0,-5,-69
1754124719.23146,1,0,-57
1754124719.26846,0,-5,-70
1754124719.30746,-1,-2,-69
1754124719.34346,3,0,-71
1754124719.3814602,-3,-3,-66
1754124719.41846,-1,7,-66
1754124719.4574602,-1,2,-62
1754124719.4934602,-1,1,-68
1754124719.53146,1,-1,-66
1754124719.56846,-5,1,-61
1754124719.60746,-2,5,-62
1754124719.64346,-6,8,-61
1754124719.68146,0,8,-71
1754124719.71946,0,9,-55
1754124719.75746,5,8,-65
1754124719.7964602,0,-4,-61
1754124719.8324602,4,2,-55
1754124719.86946,3,1,-57
1754124719.90846,3,-1,-62
1754124719.94646,0,7,-61
1754124719.98246,2,6,-69
1754124720.02046,5,6,-64
1754124720.05846,0,2,-70
1754124720.09746,3,2,-65
1754124720.13346,0,-1,-64
1754124720.1714602,-2,-9,-59
1754124720.20946,0,-6,-63
1754124720.24846,0,-9,-60
1754124720.2864602,-1,-4,-59
1754124720.3224602,-1,-2,-63
1754124720.36046,-2,-1,-55
1754124720.39846,4,0,-58
1754124720.4374602,3,1,-64
1754124720.4734602,-2,0,-61
1754124720.51146,-5,6,-64
1754124720.5494602,-4,2,-61
1754124720.5884602,4,5,-61
1754124720.62646,-1,-3,-69
1754124720.66246,1,1,-76
1754124720.69946,3,1,-66
1754124720.73846,6,2,-82
1754124720.7764602,0,0,-76
1754124720.8124602,-8,0,-65
1754124720.85046,5,1,-73
1754124720.8884602,-10,-9,-61
1754124720.9274602,-4,-5,-65
1754124720.9634602,2,-6,-62
1754124721.00146,0,0,-61
1754124721.0394602,8,-2,-68
1754124721.07846,1,-6,-63
1754124721.11446,3,1,-57
1754124721.1514602,-5,2,-61
1754124721.18946,-2,8,-57
1754124721.22846,-5,11,-69
1754124721.26446,-11,11,-56
1754124721.30346,-13,9,-61
1754124721.34146,-1,6,-63
1754124721.3784602,-4,3,-61
1754124721.4174602,1,6,-69
1754124721.45346,6,-1,-62
1754124721.49146,4,-9,-63
1754124721.53046,-4,-1,-66
1754124721.56846,-7,-9,-60
1754124721.60446,-2,-4,-64
1754124721.64246,-3,2,-72
1754124721.68046,1,0,-71
1754124721.71946,0,0,-67
1754124721.75746,-3,0,-68
1754124721.79346,-5,2,-68
1754124721.83146,-2,6,-67
1754124721.87046,3,-7,-61
1754124721.90846,10,-5,-65
1754124721.9444602,6,-6,-58
1754124721.9834602,5,-5,-71
1754124722.02046,-2,5,-77
1754124722.05846,7,3,-68
1754124722.09746,0,0,-56
1754124722.13346,6,0,-67
1754124722.17046,0,5,-62
1754124722.20946,-5,6,-57
1754124722.24746,-6,1,-59
1754124722.28346,1,1,-55
1754124722.32046,-2,-8,-53
1754124722.35946,3,0,-56
1754124722.39746,4,0,-69
1754124722.43346,5,0,-69
1754124722.4704602,2,-2,-65
1754124722.5094602,0,1,-63
1754124722.54746,4,0,-70
1754124722.58346,9,-3,-65
1754124722.6214602,3,-6,-68
1754124722.65946,3,-4,-60
1754124722.69846,0,3,-76
1754124722.73446,0,1,-71
1754124722.77246,0,11,-63
1754124722.81146,0,3,-68
1754124722.84946,2,5,-57
1754124722.88746,4,-5,-68
1754124722.92346,5,0,-68
1754124722.9604602,-2,-3,-61
1754124722.99946,-5,-2,-59
1754124723.03746,2,-8,-65
1754124723.07346,3,-5,-71
1754124723.11246,3,0,-62
1754124723.14946,-1,0,-62
1754124723.18846,2,7,-76
1754124723.22446,-1,1,-74
1754124723.26246,0,-2,-55
1754124723.30046,1,0,-63
1754124723.33946,3,-8,-58
1754124723.37546,-1,-3,-58
1754124723.41346,-1,-5,-60
1754124723.45246,1,-5,-55
1754124723.4904602,6,0,-61
1754124723.52846,-6,4,-71
1754124723.56446,3,-4,-66
1754124723.60346,0,-6,-74
1754124723.64046,-1,-4,-66
1754124723.67946,-2,4,-62
1754124723.71546,-4,5,-64
1754124723.7534602,1,6,-69
1754124723.79146,2,2,-58
1754124723.82946,9,0,-57
1754124723.8684602,7,-1,-61
1754124723.9044602,6,-4,-51
1754124723.94246,5,-9,-63
1754124723.9804602,3,-4,-57
1754124724.0194602,0,-2,-64
1754124724.05546,-6,-6,-67
1754124724.09346,0,-11,-63
1754124724.13246,0,0,-65
1754124724.16946,-5,0,-59
1754124724.20846,3,10,-60
1754124724.24446,3,5,-54
1754124724.2824602,0,3,-64
1754124724.32046,4,2,-67
1754124724.35946,2,1,-68
1754124724.39546,1,-3,-73
1754124724.43346,1,-6,-64
1754124724.47146,5,-5,-72
1754124724.51046,0,-5,-68
1754124724.54846,3,4,-58
1754124724.58446,-1,7,-59
1754124724.62346,-6,-4,-67
1754124724.66046,-5,-6,-61
1754124724.69946,0,-2,-57
1754124724.73546,7,-2,-60
1754124724.77346,0,-1,-62
1754124724.81146,1,-4,-73
1754124724.85046,2,-6,-60
1754124724.8884602,0,1,-67
1754124724.9244602,0,9,-65
1754124724.96146,-2,1,-64
1754124725.00046,0,2,-68
1754124725.03846,3,0,-71
1754124725.07446,0,1,-77
1754124725.1114602,4,-1,-76
1754124725.15046,1,7,-73
1754124725.18846,0,2,-62
1754124725.22446,0,-2,-72
1754124725.26146,3,0,-57
1754124725.30046,-2,-3,-53
1754124725.3384602,-4,-6,-59
1754124725.37446,-3,-13,-56
1754124725.41246,-6,-2,-70
1754124725.45146,0,0,-59
1754124725.48946,-1,2,-52
1754124725.52546,-1,-4,-57
1754124725.56346,1,0,-63
1754124725.60246,2,-6,-60
1754124725.64046,0,-4,-72
1754124725.67646,-8,-3,-63
1754124725.71546,0,2,-62
1754124725.75246,1,-2,-70
1754124725.79046,0,-4,-69
1754124725.82946,2,0,-66
1754124725.8654602,-1,0,-59
1754124725.90346,0,-1,-58
1754124725.94146,1,-2,-67
1754124725.9804602,0,0,-71
1754124726.0164602,2,-5,-66
1754124726.05446,1,0,-67
1754124726.0924602,-2,4,-70
1754124726.1314602,0,1,-71
1754124726.16946,1,-1,-58
1754124726.20546,-2,-6,-56
1754124726.24446,1,-1,-54
1754124726.28146,-3,3,-53
1754124726.32046,1,-2,-67
1754124726.35646,-7,-5,-57
1754124726.3944602,-1,0,-57
1754124726.43246,1,0,-60
1754124726.4704602,0,-2,-58
1754124726.5094602,0,0,-66
1754124726.54546,-7,2,-72
1754124726.58346,-3,6,-66
1754124726.6214602,0,1,-78
1754124726.66046,-13,-3,-75
1754124726.6974602,0,-10,-71
1754124726.73546,-2,0,-62
1754124726.77246,0,0,-68
1754124726.81146,3,-1,-68
1754124726.84946,2,-4,-62
1754124726.88546,0,0,-62
1754124726.92246,-2,0,-66
1754124726.96146,-2,0,-66
1754124726.99946,2,-4,-61
1754124727.03546,-4,-9,-72
1754124727.07346,-3,0,-85
1754124727.1114602,3,-3,-79
1754124727.15046,-1,1,-74
1754124727.1874602,-7,-1,-55
1754124727.22446,2,-5,-59
1754124727.26246,-5,-1,-71
1754124727.30146,0,-1,-69
1754124727.33946,-7,-6,-60
1754124727.37546,-3,-5,-64
1754124727.4144602,-6,0,-63
1754124727.45146,2,-3,-67
1754124727.4904602,4,4,-62
1754124727.5264602,-5,2,-63
1754124727.5724602,4,1,-67
1754124727.61046,7,-8,-64
1754124727.64646,0,-2,-67
1754124727.68346,-1,2,-70
1754124727.72146,6,-3,-61
1754124727.76046,0,-5,-62
1754124727.7964602,0,-4,-75
1754124727.8354602,0,-4,-75
1754124727.87246,4,-4,-65
1754124727.9114602,-10,0,-67
1754124727.94946,-4,-1,-69
1754124727.9864602,1,-7,-59
1754124728.02446,6,-2,-56
1754124728.0624602,2,0,-52
1754124728.10146,-1,-1,-55
1754124728.13746,1,1,-57
1754124728.1744602,-1,3,-62
1754124728.21246,0,2,-70
1754124728.25146,1,1,-72
1754124728.28746,-2,4,-79
1754124728.3254602,3,3,-81
1754124728.36446,-4,3,-67
1754124728.4014602,-7,-1,-58
1754124728.4404602,0,-6,-57
1754124728.47646,10,-5,-62
1754124728.51446,10,-9,-69
1754124728.5524602,1,-10,-66
1754124728.59146,-5,-2,-74
1754124728.62746,0,0,-70
1754124728.6644602,-1,-3,-63
1754124728.70246,-3,-3,-66
1754124728.74146,-3,1,-71
1754124728.77746,-2,0,-71
1754124728.81446,-8,0,-68
1754124728.85246,-6,-4,-58
1754124728.8914602,2,-4,-63
1754124728.9274602,-6,-6,-66
1754124728.96546,-7,-9,-67
1754124729.0034602,-8,-7,-69
1754124729.0424602,-8,-3,-63
1754124729.08046,-5,0,-76
1754124729.11646,8,0,-69
1754124729.15346,-6,2,-76
1754124729.19246,-1,1,-72
1754124729.2304602,5,-2,-66
1754124729.2664602,4,-7,-59
1754124729.30446,2,0,-67
1754124729.34346,1,0,-54
1754124729.3814602,3,1,-56
1754124729.4174602,1,-3,-67
1754124729.45546,6,-5,-54
1754124729.4934602,4,-10,-61
1754124729.5324602,-2,0,-64
1754124729.57046,0,-2,-66
1754124729.60646,4,0,-65
1754124729.64346,-1,0,-65
1754124729.68246,3,-2,-69
1754124729.7204602,5,0,-69
1754124729.7564602,0,0,-64
1754124729.79446,-5,7,-78
1754124729.8324602,-2,1,-72
1754124729.8714602,-2,8,-65
1754124729.9074602,3,1,-68
1754124729.94546,1,-1,-59
1754124729.98446,0,-4,-56
1754124730.02246,-4,2,-75
1754124730.06046,-1,1,-64
1754124730.09646,-2,-4,-70
1754124730.1344602,-4,-6,-60
1754124730.17246,0,-5,-69
1754124730.21146,-1,-5,-71
1754124730.24746,-7,-5,-79
1754124730.28546,4,4,-68
1754124730.32346,7,4,-72
1754124730.36246,0,7,-79
1754124730.39846,-5,1,-72
1754124730.43646,2,7,-69
1754124730.47446,-1,5,-65
1754124730.51246,-2,0,-62
1754124730.55146,-2,0,-69
1754124730.58746,-1,-4,-66
1754124730.62646,-4,-3,-67
1754124730.66346,-2,6,-70
1754124730.70246,-5,-2,-58
1754124730.73846,-2,-2,-62
1754124730.7764602,-5,2,-68
1754124730.81446,0,1,-62
1754124730.85246,-1,1,-61
1754124730.8914602,-2,-3,-67
1754124730.9274602,-12,-6,-66
1754124730.96546,-4,0,-58
1754124731.00446,-8,0,-55
1754124731.0424602,-3,0,-56
1754124731.07846,-2,1,-60
1754124731.11646,0,1,-57
1754124731.1544602,-1,1,-63
1754124731.19246,-4,-4,-69
1754124731.23146,-4,3,-69
1754124731.26746,-2,5,-68
1754124731.30446,-6,-1,-60
1754124731.34346,-4,-1,-62
1754124731.3814602,3,-1,-55
1754124731.4174602,2,2,-64
1754124731.45446,4,0,-52
1754124731.4934602,0,-2,-57
1754124731.53146,-4,-5,-58
1754124731.56746,1,0,-65
1754124731.60446,-5,-1,-68
1754124731.64346,-2,-4,-64
1754124731.68146,-3,-3,-69
1754124731.7174602,-4,-5,-65
1754124731.75546,1,-5,-74
1754124731.79346,2,-5,-63
1754124731.8324602,0,2,-70
1754124731.8684602,6,-2,-75
1754124731.90646,-1,4,-63
1754124731.9444602,-6,5,-77
1754124731.9834602,-3,3,-75
1754124732.02146,-1,-2,-72
1754124732.05746,0,5,-63
1754124732.09446,-2,-4,-56
1754124732.13346,0,0,-72
1754124732.1714602,-7,-6,-66
1754124732.2074602,-2,-3,-60
1754124732.2464602,-4,-8,-48
1754124732.28346,3,1,-63
1754124732.3224602,4,0,-65
1754124732.3584602,3,0,-73
1754124732.39646,6,0,-77
1754124732.4344602,-5,-1,-70
1754124732.4734602,-1,-7,-78
1754124732.51146,4,1,-68
1754124732.54746,8,0,-63
1754124732.5854602,4,-4,-62
1754124732.62346,1,1,-61
1754124732.66246,-3,2,-67
1754124732.69846,-9,2,-59
1754124732.73546,-11,5,-62
1754124732.77346,-3,-1,-62
1754124732.8124602,0,-8,-60
1754124732.8484602,3,-4,-51
1754124732.88646,4,-1,-58
1754124732.9244602,8,3,-56
1754124732.9634602,-4,-1,-60
1754124732.99946,-3,-4,-68
1754124733.03746,-4,-4,-68
1754124733.0754602,-1,-3,-62
1754124733.11346,-1,-4,-70
1754124733.15246,-5,-1,-67
1754124733.18846,-4,-9,-69
1754124733.22646,0,-2,-60
1754124733.26546,2,0,-60
1754124733.30346,0,0,-62
1754124733.33946,-3,8,-66
1754124733.37746,-3,6,-70
1754124733.41646,-2,-4,-59
1754124733.45346,0,0,-62
1754124733.49246,-3,-8,-58
1754124733.52846,-5,0,-68
1754124733.5654602,-2,-5,-70
1754124733.60446,-5,-2,-66
1754124733.64246,-3,3,-64
1754124733.67846,-2,7,-81
1754124733.71546,0,0,-69
1754124733.75446,5,3,-67
1754124733.7924602,-1,-1,-65
1754124733.82846,5,-5,-61
1754124733.86646,6,-1,-57
1754124733.9044602,-5,0,-61
1754124733.94346,-3,4,-55
1754124733.97946,-4,3,-47
1754124734.01746,-6,0,-68
1754124734.05546,-4,2,-69
1754124734.09446,1,4,-74
1754124734.13246,2,0,-64
1754124734.16946,-2,-2,-71
1754124734.20646,0,2,-57
1754124734.24446,0,0,-58
1754124734.28346,3,0,-64
1754124734.3194602,3,-1,-59
1754124734.35746,0,-9,-68
1754124734.39646,1,-4,-73
1754124734.4344602,3,1,-70
1754124734.47246,1,3,-62
1754124734.5094602,0,4,-64
1754124734.5464602,2,-2,-62
1754124734.58446,6,5,-62
1754124734.62346,-5,0,-53
1754124734.65946,-1,-3,-57
1754124734.6974602,12,0,-53
1754124734.73546,5,-4,-57
1754124734.77446,7,0,-68
1754124734.8124602,-4,-2,-70
1754124734.8484602,5,-2,-73
1754124734.88646,-5,3,-71
1754124734.9244602,1,0,-68
1754124734.9634602,-4,3,-74
1754124735.00046,-1,-1,-76
1754124735.03746,-2,-4,-80
1754124735.0754602,-2,-8,-67
1754124735.11446,-5,0,-70
1754124735.15046,-5,-3,-70
1754124735.18846,2,-2,-61
1754124735.22646,-5,-1,-63
1754124735.26546,3,0,-72
1754124735.30346,-5,6,-70
1754124735.33946,-4,-1,-66
1754124735.37746,0,-5,-74
1754124735.41546,-4,-1,-64
1754124735.45446,-5,2,-57
1754124735.4904602,-2,1,-67
1754124735.52746,-2,-4,-68
1754124735.56646,-1,-4,-69
1754124735.60446,2,-6,-68
1754124735.64046,4,-1,-78
1754124735.67946,2,2,-70
1754124735.71646,-2,1,-87
1754124735.75446,1,-3,-77
1754124735.79346,-2,0,-69
1754124735.82946,-2,0,-60
1754124735.86746,-8,-3,-67
1754124735.90546,-7,0,-62
1754124735.9444602,1,-3,-63
1754124735.9804602,2,-7,-64
1754124736.01846,4,1,-64
1754124736.05646,-3,-3,-70
1754124736.0954602,-3,2,-56
1754124736.13346,-1,-4,-63
1754124736.16946,5,0,-71
1754124736.2074602,6,1,-58
1754124736.24546,2,-5,-67
1754124736.28346,-5,-1,-67
1754124736.3194602,1,0,-67
1754124736.35646,0,3,-63
1754124736.39546,-7,0,-53
1754124736.43346,-6,1,-60
1754124736.46946,0,3,-61
1754124736.5064602,1,0,-53
1754124736.54546,-7,-4,-58
1754124736.58346,4,-4,-63
1754124736.61946,3,3,-61
1754124736.65646,-1,3,-60
1754124736.69546,-2,1,-68
1754124736.7334602,4,2,-59
1754124736.7694602,2,0,-60
1754124736.80646,-1,0,-61
1754124736.8454602,-2,0,-69
1754124736.88346,-2,-2,-57
1754124736.91946,0,-5,-59
1754124736.9574602,0,-8,-57
1754124736.99546,-4,-7,-59
1754124737.03446,3,-8,-66
1754124737.07046,-3,-5,-58
1754124737.1084602,-5,-2,-69
1754124737.14646,0,-5,-69
1754124737.18546,-1,2,-69
1754124737.22146,-3,0,-65
1754124737.25846,0,-2,-63
1754124737.2964602,1,-5,-67
1754124737.3354602,-2,-2,-67
1754124737.3714602,0,-4,-69
1754124737.40846,-2,-1,-65
1754124737.44646,2,-2,-65
1754124737.48546,4,-5,-62
1754124737.52146,9,-5,-59
1754124737.55846,4,1,-65
1754124737.60446,0,-1,-64
1754124737.64046,-3,-1,-61
1754124737.67946,-2,0,-62
1754124737.71646,-3,1,-69
1754124737.75546,-2,-8,-57
1754124737.7924602,0,-1,-61
1754124737.82946,0,3,-57
1754124737.86746,0,3,-68
1754124737.90546,1,-1,-60
1754124737.9444602,-1,5,-56
1754124737.9804602,1,5,-59
1754124738.01846,4,-3,-78
1754124738.05746,3,-6,-70
1754124738.0954602,4,0,-65
1754124738.1314602,-5,-4,-63
1754124738.16946,-3,0,-59
1754124738.20846,-1,1,-59
1754124738.2464602,0,3,-75
1754124738.28446,-8,5,-76
1754124738.32046,-1,1,-67
1754124738.3584602,2,0,-65
1754124738.39646,-1,7,-66
1754124738.43546,-4,1,-60
1754124738.47146,0,6,-64
1754124738.50846,-3,-2,-74
1754124738.5464602,-3,-3,-74
1754124738.5854602,-4,-6,-65
1754124738.6214602,-3,-9,-61
1754124738.65946,0,-5,-57
1754124738.6974602,-3,3,-61
1754124738.7364602,3,1,-63
1754124738.77446,-4,0,-58
1754124738.81046,-3,1,-67
1754124738.8484602,-2,-3,-72
1754124738.88646,4,-4,-82
1754124738.92546,-2,-3,-63
1754124738.96146,0,1,-60
1754124738.99846,0,0,-52
1754124739.0364602,-1,-3,-52
1754124739.0754602,-4,11,-53
1754124739.1114602,-7,4,-58
1754124739.14846,-5,0,-64
1754124739.18646,-9,2,-75
1754124739.22546,-2,4,-63
1754124739.26146,0,2,-59
1754124739.2994602,3,-4,-52
1754124739.33646,0,-4,-61
1754124739.37546,-4,0,-60
1754124739.4114602,-6,0,-63
1754124739.44846,-4,4,-63
1754124739.4864602,2,-2,-63
1754124739.52546,0,-3,-56
1754124739.56146,4,-5,-55
1754124739.59946,-5,-4,-61
1754124739.63746,-3,1,-65
1754124739.67646,0,6,-63
1754124739.71246,-3,2,-74
1754124739.75046,-3,1,-69
1754124739.78846,-5,-4,-57
1754124739.82646,-1,4,-62
1754124739.8654602,0,-2,-53
1754124739.9014602,-1,1,-51
1754124739.93946,-2,5,-55
1754124739.97746,1,0,-47
1754124740.0164602,0,3,-63
1754124740.0524602,1,1,-61
1754124740.08946,-1,0,-69
1754124740.12746,-3,1,-55
1754124740.16646,-5,-4,-59
1754124740.20246,-1,-2,-63
1754124740.2404602,2,-3,-64
1754124740.2794602,-5,-5,-65
1754124740.31646,-3,-1,-57
1754124740.3554602,-1,-2,-59
1754124740.3914602,-1,-4,-71
1754124740.42946,3,-3,-56
1754124740.4674602,8,0,-66
1754124740.5064602,0,-5,-69
1754124740.5424602,-3,0,-65
1754124740.57946,-2,-5,-66
1754124740.61746,-3,4,-55
1754124740.65646,-4,0,-67
1754124740.69246,-4,-1,-67
1754124740.7304602,-5,-8,-63
1754124740.76846,-2,0,-65
1754124740.80746,-1,1,-71
1754124740.8454602,-5,7,-59
1754124740.8814602,5,3,-69
1754124740.91846,1,0,-61
1754124740.9574602,2,-5,-65
1754124740.99546,0,5,-71
1754124741.03146,0,1,-63
1754124741.06846,-8,-5,-51
1754124741.10746,-1,-3,-62
1754124741.14546,-2,-3,-50
1754124741.18146,-3,3,-54
1754124741.21946,1,-1,-54
1754124741.25746,4,-4,-64
1754124741.2964602,2,-2,-57
1754124741.3324602,-6,-1,-55
1754124741.37046,-3,0,-53
1754124741.40846,0,0,-54
1754124741.4474602,4,-1,-62
1754124741.48546,6,2,-80
1754124741.52146,5,-1,-70
1754124741.55846,3,-1,-60
1754124741.59746,0,8,-67
1754124741.63546,-4,3,-67
1754124741.6714602,1,0,-63
1754124741.70846,2,-4,-56
1754124741.74746,-8,-1,-57
1754124741.78346,-8,0,-51
1754124741.82146,-1,1,-62
1754124741.85946,-2,1,-68
1754124741.89746,-3,-1,-69
1754124741.93646,0,0,-61
1754124741.97246,-6,0,-66
1754124742.01046,2,3,-66
1754124742.0494602,2,-2,-59
1754124742.08746,0,0,-62
1754124742.12346,5,1,-66
1754124742.16046,-2,-2,-73
1754124742.19846,3,5,-67
1754124742.23746,-1,-2,-70
1754124742.27346,-3,-5,-57
1754124742.3124602,0,-6,-75
1754124742.34946,0,-3,-79
1754124742.38746,-3,-5,-73
1754124742.42646,-1,-6,-57
1754124742.46246,0,-3,-58
1754124742.50046,-7,-8,-68
1754124742.53846,-2,-2,-69
1754124742.57746,-2,-2,-66
1754124742.61346,2,-5,-59
1754124742.6514602,2,0,-66
1754124742.68946,0,-2,-75
1754124742.72846,-5,0,-77
1754124742.7664602,-2,0,-64
1754124742.8024602,-3,0,-68
1754124742.83946,3,5,-61
1754124742.8784602,3,2,-62
1754124742.91646,0,1,-57
1754124742.95246,-4,2,-60
1754124742.9904602,-2,-5,-65
1754124743.02846,0,-5,-61
1754124743.06746,3,-3,-81
1754124743.10346,-1,-3,-69
1754124743.14246,-7,-1,-64
1754124743.17946,-5,0,-68
1754124743.21846,-3,-1,-69
1754124743.2564602,-9,-4,-56
1754124743.2924602,-8,0,-59
1754124743.33046,0,-5,-58
1754124743.3684602,1,-4,-54
1754124743.4074602,0,-1,-55
1754124743.44346,-3,-6,-52
1754124743.48146,1,-4,-57
1754124743.52046,-8,-6,-64
1754124743.55846,-8,-4,-68
1754124743.59646,2,-3,-63
1754124743.63346,0,3,-69
1754124743.67046,0,0,-70
1754124743.70946,3,1,-71
1754124743.74746,6,-6,-64
1754124743.78346,2,-3,-57
1754124743.82146,-2,1,-65
1754124743.85946,-6,2,-68
1754124743.89846,4,0,-64
1754124743.93646,0,-1,-65
1754124743.97246,-5,1,-65
1754124744.01046,-4,-7,-58
1754124744.04846,0,-4,-58
1754124744.08746,-7,-3,-60
1754124744.12346,-6,0,-62
1754124744.1614602,3,5,-58
1754124744.2004602,1,5,-68
1754124744.23846,-1,-3,-66
1754124744.27446,1,1,-64
1754124744.31146,-2,-2,-68
1754124744.35046,-8,0,-61
1754124744.3884602,-10,5,-57
1754124744.4244602,-2,-1,-55
1754124744.46246,0,1,-60
1754124744.50046,6,-3,-65
1754124744.53846,4,-10,-60
1754124744.57746,0,-7,-68
1754124744.61346,1,-9,-67
1754124744.65046,5,-7,-49
1754124744.68846,-9,-2,-53
1754124744.72746,0,0,-59
1754124744.7634602,1,-3,-70
1754124744.80146,5,3,-74
1754124744.83946,2,-3,-68
1754124744.8784602,-4,1,-63
1754124744.9144602,-2,4,-67
1754124744.95246,-3,-3,-74
1754124744.99146,-2,-6,-68
1754124745.0294602,-10,-1,-68
1754124745.06746,-4,4,-77
1754124745.10346,0,3,-72
1754124745.14046,-9,-3,-68
1754124745.17946,0,-1,-65
1754124745.21846,-1,1,-58
1754124745.25446,-3,1,-49
1754124745.2924602,7,-6,-55
1754124745.33046,0,-5,-66
1754124745.36946,1,1,-67
1754124745.4074602,-10,1,-59
1754124745.44346,-5,3,-52
1754124745.4804602,-8,3,-56
1754124745.5194602,1,-2,-67
1754124745.55746,0,0,-72
1754124745.59346,1,-6,-72
1754124745.63046,2,0,-64
1754124745.66946,5,-6,-64
1754124745.7074602,6,-6,-60
1754124745.7434602,5,-3,-46
1754124745.78146,3,-1,-53
1754124745.8194602,-6,-2,-59
1754124745.8584602,4,1,-61
1754124745.8944602,3,1,-60
1754124745.93146,5,0,-64
1754124745.96946,3,0,-55
1754124746.00846,-5,-3,-58
1754124746.04446,0,-4,-54
1754124746.08146,0,-2,-56
1754124746.11946,8,0,-60
1754124746.15846,2,6,-58
1754124746.1944602,3,7,-63
1754124746.23146,-3,3,-64
1754124746.2694602,-2,3,-65
1754124746.30846,1,0,-68
1754124746.34446,4,-2,-60
1754124746.38246,-4,-2,-71
1754124746.4214602,-1,0,-65
1754124746.45946,1,0,-54
1754124746.49546,0,-1,-54
1754124746.53346,2,-2,-55
1754124746.57146,0,-1,-67
1754124746.61046,9,-5,-57
1754124746.64846,7,-1,-65
1754124746.6844602,4,-4,-65
1754124746.72246,-2,3,-49
1754124746.76046,1,0,-60
1754124746.7994602,0,-3,-71
1754124746.8354602,1,-9,-61
1754124746.87346,1,-1,-65
1754124746.9114602,1,2,-57
1754124746.94946,6,3,-65
1754124746.98846,1,2,-61
1754124747.02446,6,2,-68
1754124747.0624602,-1,0,-64
1754124747.10146,3,4,-58
1754124747.13946,-3,3,-57
1754124747.17546,-4,1,-64
1754124747.21446,-2,1,-68
1754124747.25146,1,-4,-67
1754124747.29046,-4,1,-75
1754124747.32846,-1,-1,-80
1754124747.36446,2,1,-77
1754124747.4014602,1,0,-73
1754124747.4404602,0,-5,-52
1754124747.47846,-4,-7,-47
1754124747.51446,-8,-9,-53
1754124747.5524602,1,-8,-58
1754124747.59046,-3,-12,-65
1754124747.63546,6,-7,-67
1754124747.67246,6,1,-56
1754124747.7104602,1,-3,-59
1754124747.74946,0,-1,-58
1754124747.78546,2,2,-60
1754124747.8224602,6,-1,-70
1754124747.86046,6,-3,-73
1754124747.89946,0,2,-70
1754124747.93546,0,-1,-66
1754124747.97246,0,-1,-63
1754124748.01046,3,-5,-62
1754124748.0494602,-3,3,-60
1754124748.0854602,0,1,-56
1754124748.12346,1,0,-68
1754124748.1614602,2,-1,-61
1754124748.2004602,-1,-2,-73
1754124748.23846,-6,-2,-60
1754124748.27446,-1,-5,-60
1754124748.3124602,2,-4,-55
1754124748.35046,9,-1,-76
1754124748.38946,-3,-3,-55
1754124748.42546,-10,-5,-63
1754124748.4634602,-4,-1,-62
1754124748.50146,-7,-6,-62
1754124748.54046,-5,0,-67
1754124748.57646,4,-6,-62
1754124748.61446,10,-10,-64
1754124748.65246,7,-5,-58
1754124748.6904602,7,1,-63
1754124748.72946,-1,0,-52
1754124748.76546,0,2,-56
1754124748.8024602,0,-1,-60
1754124748.84046,-3,0,-61
1754124748.87946,-7,-2,-70
1754124748.91546,0,5,-69
1754124748.95246,-1,-1,-64
1754124748.9904602,0,0,-65
1754124749.0294602,1,-5,-61
1754124749.0654602,-3,-4,-54
1754124749.10346,-1,-2,-60
1754124749.1414602,3,0,-69
1754124749.18046,-2,-1,-58
1754124749.21646,-4,5,-65
1754124749.25446,-7,-1,-59
1754124749.29346,-3,3,-74
1754124749.33046,0,6,-68
1754124749.36946,2,4,-68
1754124749.40546,2,3,-62
1754124749.44346,0,8,-57
1754124749.4804602,-5,-4,-68
1754124749.5194602,-2,0,-64
1754124749.55546,-2,-8,-57
1754124749.59346,0,-1,-59
1754124749.6314602,5,-6,-67
1754124749.67046,0,-5,-64
1754124749.70646,-4,-4,-67
1754124749.74446,2,-2,-60
1754124749.7824602,7,-5,-64
1754124749.82146,0,-3,-72
1754124749.85946,3,-6,-67
1754124749.89546,2,-3,-65
1754124749.93246,-1,-1,-63
1754124749.97146,3,-2,-53
1754124750.0094602,-9,-4,-68
1754124750.04546,-4,1,-73
1754124750.08346,-4,-4,-68
1754124750.1214602,-5,-1,-62
1754124750.16046,4,-2,-62
1754124750.19646,4,-4,-63
1754124750.23446,-4,4,-61
1754124750.27246,2,-3,-65
1754124750.31146,5,-3,-66
1754124750.34946,0,0,-72
1754124750.38546,3,-6,-78
1754124750.42346,4,2,-68
1754124750.46146,11,1,-71
1754124750.50046,0,-2,-56
1754124750.5364602,0,1,-59
1754124750.57346,2,0,-60
1754124750.6114602,-3,-3,-61
1754124750.65046,-3,-3,-59
1754124750.68646,-3,-5,-64
1754124750.72446,0,-4,-62
1754124750.76246,1,0,-60
1754124750.80146,0,2,-60
1754124750.83946,2,-2,-64
1754124750.87546,-3,-2,-60
1754124750.91346,1,-5,-74
1754124750.95146,-5,-4,-67
1754124750.9904602,3,2,-65
1754124751.0264602,3,0,-66
1754124751.06446,10,-2,-62
1754124751.10246,-1,4,-59
1754124751.1414602,1,-6,-67
1754124751.1774602,-5,-9,-60
1754124751.21546,4,-5,-59
1754124751.2534602,0,-4,-68
1754124751.29146,-1,-3,-70
1754124751.33046,-3,-5,-73
1754124751.36646,-1,-8,-78
1754124751.4044602,-2,-5,-71
1754124751.44246,0,-5,-63
1754124751.48146,0,-1,-65
1754124751.51746,2,0,-65
1754124751.55546,4,-3,-66
1754124751.59346,5,-7,-66
1754124751.6314602,9,-2,-61
1754124751.67046,-1,-6,-65
1754124751.70646,-1,-1,-68
1754124751.74446,-1,-6,-65
1754124751.7824602,5,-3,-70
1754124751.82146,1,0,-57
1754124751.85746,0,-1,-52
1754124751.8944602,0,-9,-66
1754124751.93246,0,-1,-74
1754124751.97146,5,0,-64
1754124752.00746,8,-5,-71
1754124752.04446,2,0,-73
1754124752.0824602,-1,-1,-75
1754124752.1214602,1,6,-56
1754124752.1574602,-3,3,-52
1754124752.1944602,0,0,-58
1754124752.23246,-2,3,-57
1754124752.27146,-4,-3,-65
1754124752.30746,-4,-4,-69
1754124752.3454602,4,-4,-64
1754124752.38346,-6,-4,-76
1754124752.42246,-3,-2,-68
1754124752.4604602,-4,-6,-66
1754124752.4964602,-2,-4,-76
1754124752.53446,-9,7,-62
1754124752.5724602,-9,6,-75
1754124752.6114602,-8,5,-80
1754124752.64746,0,1,-73
1754124752.6844602,-2,0,-63
1754124752.72246,-2,-2,-67
1754124752.76146,5,-6,-53
1754124752.79746,2,0,-56
1754124752.83446,-6,1,-65
1754124752.87246,2,0,-65
1754124752.9114602,1,1,-72
1754124752.9474602,-2,-2,-68
1754124752.98546,-3,4,-70
1754124753.02346,-5,0,-67
1754124753.0624602,-4,5,-66
1754124753.10046,-2,3,-80
1754124753.13746,3,3,-75
1754124753.1744602,4,-3,-76
1754124753.21246,-3,-5,-66
1754124753.25146,4,-5,-57
1754124753.28746,0,-7,-58
1754124753.3254602,0,-1,-60
1754124753.36346,1,-1,-62
1754124753.40246,2,-2,-58
1754124753.43846,1,-5,-62
1754124753.47646,-4,4,-60
1754124753.51446,3,3,-56
1754124753.5524602,1,0,-60
1754124753.59146,-1,-4,-55
1754124753.62746,5,-3,-49
1754124753.66546,7,-8,-57
1754124753.70346,8,-9,-59
1754124753.74246,5,1,-61
1754124753.77846,3,-2,-70
1754124753.81646,3,-3,-64
1754124753.85446,4,-5,-59
1754124753.89246,2,0,-64
1754124753.93146,0,0,-64
1754124753.9674602,-4,0,-65
1754124754.00446,-11,-11,-67
1754124754.0424602,-2,-4,-72
1754124754.08146,-3,-8,-77
1754124754.11746,8,-5,-69
1754124754.1544602,2,5,-59
1754124754.19346,0,4,-69
1754124754.23146,-6,4,-68
1754124754.26746,-5,3,-67
1754124754.30546,0,-2,-53
1754124754.34346,0,3,-66
1754124754.38246,-2,0,-60
1754124754.41846,1,0,-59
1754124754.45646,-4,3,-59
1754124754.49446,-6,0,-60
1754124754.53346,-1,6,-65
1754124754.57146,-5,4,-59
1754124754.60746,-2,0,-59
1754124754.64546,3,-3,-58
1754124754.68346,-7,0,-68
1754124754.72246,-4,5,-69
1754124754.75846,0,0,-56
1754124754.79546,2,0,-61
1754124754.83446,-7,0,-60
1754124754.87246,-8,-2,-60
1754124754.90846,-2,2,-57
1754124754.9474602,-6,0,-63
1754124754.98446,-5,-4,-74
1754124755.02346,-6,6,-74
1754124755.06146,-2,3,-68
1754124755.09746,3,1,-67
1754124755.1344602,4,0,-53
1754124755.17346,1,-5,-71
1754124755.21146,0,2,-72
1754124755.24746,2,-3,-74
1754124755.28546,4,0,-76
1754124755.32346,7,-6,-75
1754124755.36246,-3,0,-64
1754124755.39846,1,1,-66
1754124755.43546,6,6,-64
1754124755.4734602,5,-4,-63
1754124755.51246,-3,1,-56
1754124755.54846,-2,7,-64
1754124755.5854602,-2,-2,-64
1754124755.62346,-1,-4,-68
1754124755.66246,0,-5,-75
1754124755.69846,-3,-4,-69
1754124755.73746,0,-2,-63
1754124755.77546,-3,1,-65
1754124755.81346,2,7,-65
1754124755.84946,0,2,-66
1754124755.88746,0,-5,-70
1754124755.92546,-1,1,-66
1754124755.96446,-6,-2,-60
1754124756.00246,-11,2,-70
1754124756.03846,-2,-3,-66
1754124756.07646,-2,0,-62
1754124756.11446,4,-1,-78
1754124756.15346,1,6,-67
1754124756.18946,0,0,-51
1754124756.22746,-1,-1,-61
1754124756.26546,1,-1,-61
1754124756.30346,-9,0,-59
1754124756.3424602,-1,2,-63
1754124756.3784602,3,5,-64
1754124756.41646,5,0,-67
1754124756.45546,4,-2,-73
1754124756.4934602,-9,1,-68
1754124756.5294602,0,-1,-63
1754124756.56646,0,-2,-62
1754124756.60446,-2,-2,-63
1754124756.64346,-2,1,-61
1754124756.67946,-4,-2,-64
1754124756.71846,-4,2,-67
1754124756.75546,-2,0,-70
1754124756.79446,-4,4,-70
1754124756.8324602,3,5,-84
1754124756.8684602,7,0,-69
1754124756.90546,-2,-1,-61
1754124756.9444602,-2,-7,-62
1754124756.98246,0,2,-61
1754124757.01846,3,2,-62
1754124757.05546,-5,0,-71
1754124757.09446,0,1,-68
1754124757.13246,0,0,-59
1754124757.16846,0,0,-59
1754124757.20546,-1,1,-63
1754124757.24446,0,1,-75
1754124757.2824602,0,-2,-78
1754124757.31846,1,-3,-72
1754124757.35646,1,1,-61
1754124757.3944602,5,0,-63
1754124757.43346,-2,-2,-65
1754124757.46946,3,-6,-75
1754124757.50746,0,0,-85
1754124757.54546,-1,0,-63
1754124757.58446,-6,0,-65
1754124757.62246,-1,0,-72
1754124757.66646,-6,-3,-75
1754124757.70446,-2,-2,-70
1754124757.7434602,0,-1,-84
1754124757.7794602,0,-1,-69
1754124757.81746,3,-1,-70
1754124757.8554602,3,-1,-60
1754124757.8944602,9,-5,-63
1754124757.93046,2,6,-64
1754124757.96846,1,0,-66
1754124758.0064602,-1,-1,-72
1754124758.04446,-1,0,-68
1754124758.08346,-2,-1,-76
1754124758.11946,6,3,-58
1754124758.15646,3,-2,-54
1754124758.1944602,0,4,-49
1754124758.2334602,-5,0,-63
1754124758.2694602,3,-3,-64
1754124758.30746,-1,-3,-57
1754124758.3454602,-5,-8,-67
1754124758.3844602,3,-6,-63
1754124758.42046,6,0,-64
1754124758.45846,3,5,-62
1754124758.4964602,0,2,-70
1754124758.53446,4,0,-72
1754124758.57346,-3,0,-70
1754124758.60946,-2,1,-64
1754124758.64746,-5,-4,-63
1754124758.68546,-3,1,-62
1754124758.72446,0,-4,-60
1754124758.76046,-2,-1,-64
1754124758.79846,3,0,-56
1754124758.83646,1,-3,-59
1754124758.87546,-10,0,-52
1754124758.91346,0,2,-49
1754124758.94946,-6,0,-62
1754124758.9864602,-3,0,-61
1754124759.02546,-7,0,-62
1754124759.06346,-6,2,-69
1754124759.09946,-5,-1,-60
1754124759.13746,-3,-5,-70
1754124759.17546,-3,-5,-66
1754124759.21446,-9,-1,-66
1754124759.25046,-4,-1,-53
1754124759.28846,-9,-5,-66
1754124759.32646,-4,-1,-69
1754124759.3654602,1,-1,-69
1754124759.40346,-3,6,-69
1754124759.43946,0,8,-73
1754124759.47746,0,0,-71
1754124759.51546,1,3,-76
1754124759.55446,-2,-7,-61
1754124759.59046,6,3,-68
1754124759.62746,-2,1,-66
1754124759.66546,-7,-2,-63
1754124759.70446,-11,0,-57
1754124759.7404602,-7,5,-67
1754124759.77846,-1,2,-57
1754124759.81646,-2,0,-54
1754124759.8554602,1,-3,-69
1754124759.89346,-2,4,-69
1754124759.92946,0,3,-56
1754124759.96646,1,-4,-74
1754124760.00546,5,1,-66
1754124760.04346,7,1,-58
1754124760.07946,0,-8,-51
1754124760.11646,-5,0,-63
1754124760.15546,0,1,-64
1754124760.19146,0,0,-62
1754124760.22846,-6,4,-68
1754124760.2664602,-6,-3,-65
1754124760.30546,0,-5,-73
1754124760.34146,3,-7,-70
1754124760.37946,3,-1,-65
1754124760.4174602,0,0,-59
1754124760.45546,-1,0,-57
1754124760.49446,-6,-2,-53
1754124760.53046,-3,3,-55
1754124760.56846,-10,9,-55
1754124760.60746,2,5,-60
1754124760.64546,0,0,-57
1754124760.68146,2,2,-52
1754124760.71846,-1,0,-64
1754124760.7564602,0,0,-62
1754124760.79546,5,-2,-58
1754124760.83146,4,-1,-60
1754124760.87046,2,-1,-71
1754124760.9074602,-4,2,-61
1754124760.94546,4,-2,-68
1754124760.98446,0,3,-63
1754124761.02046,1,-6,-63
1754124761.05846,1,-2,-70
1754124761.09646,0,-2,-70
1754124761.13546,3,0,-73
1754124761.1714602,0,-2,-64
1754124761.20946,-4,-2,-61
1754124761.24746,-3,-6,-61
1754124761.2864602,-3,-2,-62
1754124761.32446,-11,4,-66
1754124761.36046,-1,0,-68
1754124761.39746,3,-1,-66
1754124761.43646,0,3,-64
1754124761.47446,8,-4,-66
1754124761.51046,0,-4,-66
1754124761.54746,4,-3,-68
1754124761.58646,-2,-4,-75
1754124761.62446,6,3,-73
1754124761.66046,-2,0,-68
1754124761.6974602,-1,2,-72
1754124761.7364602,-1,0,-69
1754124761.77446,0,-7,-61
1754124761.81046,4,-5,-66
1754124761.8484602,-1,-3,-57
1754124761.88746,-2,-5,-65
1754124761.92546,-3,1,-59
1754124761.96146,-1,6,-58
1754124761.99846,-1,2,-66
1754124762.03746,-4,7,-49
1754124762.0754602,-6,4,-63
1754124762.1114602,-5,7,-64
1754124762.15046,1,-1,-57
1754124762.1874602,5,-6,-66
1754124762.22646,-6,-4,-71
1754124762.26446,-8,1,-61
1754124762.30146,-1,0,-59
1754124762.34046,4,4,-73
1754124762.3784602,3,0,-59
1754124762.41646,6,0,-65
1754124762.45446,3,1,-71
1754124762.4904602,2,0,-62
1754124762.52846,5,2,-63
1754124762.56646,0,-3,-55
1754124762.60246,2,0,-59
1754124762.6414602,8,-4,-69
1754124762.67846,0,5,-66
1754124762.7174602,1,6,-59
1754124762.75546,6,7,-59
1754124762.79146,5,2,-57
1754124762.82846,4,3,-64
1754124762.86746,0,0,-76
1754124762.90546,-6,-2,-63
1754124762.94146,-7,-3,-68
1754124762.97946,-7,-7,-61
1754124763.01746,4,-1,-53
1754124763.05646,3,-5,-59
1754124763.0924602,2,-3,-65
1754124763.12946,-3,7,-72
1754124763.1674602,-6,6,-70
1754124763.20646,-8,6,-62
1754124763.24246,2,-1,-62
1754124763.28046,0,1,-65
1754124763.31846,-1,4,-60
1754124763.35746,3,2,-76
1754124763.39546,-2,-6,-69
1754124763.43146,-3,-4,-63
1754124763.46946,-3,-1,-55
1754124763.50746,-10,-2,-55
1754124763.5464602,-2,3,-61
1754124763.5824602,-1,2,-80
1754124763.6214602,-2,2,-65
1754124763.65846,8,-6,-56
1754124763.6974602,5,-5,-58
1754124763.73546,10,0,-52
1754124763.77146,3,1,-59
1754124763.80846,3,0,-51
1754124763.84746,-4,-7,-58
1754124763.88546,0,0,-72
1754124763.9214602,0,-1,-64
1754124763.95946,-6,0,-67
1754124763.99746,0,0,-67
1754124764.03546,-2,5,-72
1754124764.07146,5,3,-72
1754124764.10946,0,3,-71
1754124764.14746,0,0,-61
1754124764.18646,-2,0,-60
1754124764.22246,1,-6,-52
1754124764.2594602,-2,0,-57
1754124764.29746,2,3,-65
1754124764.33646,6,2,-56
1754124764.37246,5,-3,-62
1754124764.40946,3,3,-66
1754124764.4474602,-4,4,-74
1754124764.4864602,-3,3,-61
1754124764.52246,5,1,-60
1754124764.5594602,7,0,-61
1754124764.59746,0,-7,-60
1754124764.63646,5,1,-56
1754124764.67246,8,-2,-69
1754124764.7104602,3,-3,-70
1754124764.74846,0,0,-64
1754124764.78746,-1,-3,-61
1754124764.82346,-6,-5,-57
1754124764.8614602,4,0,-49
1754124764.90046,-1,4,-60
1754124764.9374602,1,0,-61
1754124764.97646,10,-4,-68
1754124765.01246,1,-2,-66
1754124765.05046,-4,-7,-68
1754124765.0884602,-5,3,-69
1754124765.12746,-6,-3,-64
1754124765.16346,-4,-3,-70
1754124765.20146,-5,2,-69
1754124765.23946,-10,1,-72
1754124765.27746,4,0,-64
1754124765.31646,2,-1,-57
1754124765.35246,5,0,-55
1754124765.38946,2,0,-59
1754124765.4274602,-1,-5,-54
1754124765.46646,-5,4,-57
1754124765.50246,2,5,-58
1754124765.5394602,-6,1,-55
1754124765.57846,-4,4,-59
1754124765.61646,-1,3,-72
1754124765.65246,-3,2,-69
1754124765.68946,7,3,-66
1754124765.72846,4,-1,-73
1754124765.7664602,0,-2,-74
1754124765.8024602,2,-1,-60
1754124765.84046,-7,-3,-65
1754124765.8784602,-1,-1,-64
1754124765.9174602,-4,1,-59
1754124765.95346,0,-1,-63
1754124765.9904602,-2,1,-68
1754124766.02846,0,-3,-65
1754124766.06746,6,0,-57
1754124766.10346,1,-1,-69
1754124766.1414602,0,-6,-62
1754124766.17946,4,-3,-51
1754124766.21846,2,-4,-64
1754124766.2564602,0,0,-59
1754124766.2924602,0,1,-63
1754124766.32946,-1,-3,-59
1754124766.3684602,1,-2,-69
1754124766.40646,-1,1,-79
1754124766.44346,-4,0,-74
1754124766.4804602,-1,-3,-55
1754124766.5194602,1,0,-74
1754124766.55746,-1,1,-62
1754124766.59346,-1,-2,-52
1754124766.6314602,-1,1,-63
1754124766.66946,-2,13,-68
1754124766.70846,-1,0,-63
1754124766.7464602,0,0,-67
1754124766.7824602,0,8,-72
1754124766.8194602,-8,2,-75
1754124766.8584602,-6,-4,-57
1754124766.89646,2,-1,-49
1754124766.93246,5,-4,-57
1754124766.96946,2,-2,-63
1754124767.00846,1,4,-64
1754124767.04446,-2,0,-68
1754124767.0824602,-1,0,-61
1754124767.12046,2,-2,-70
1754124767.15846,6,0,-63
1754124767.1974602,-8,0,-65
1754124767.2334602,-6,0,-54
1754124767.27146,4,-4,-65
1754124767.3094602,5,-2,-65
1754124767.3484602,-1,0,-66
1754124767.3844602,0,-2,-65
1754124767.42346,1,0,-67
1754124767.4604602,-1,0,-79
1754124767.49846,-4,1,-66
1754124767.53746,-1,-7,-65
1754124767.57346,-2,-6,-68
1754124767.6114602,0,-3,-64
1754124767.64946,3,-1,-64
1754124767.6944602,1,-4,-67
1754124767.73146,4,0,-70
1754124767.7694602,7,-7,-66
1754124767.80846,4,-2,-69
1754124767.84446,7,3,-61
1754124767.8814602,3,1,-70
1754124767.92046,2,4,-66
1754124767.95846,2,1,-60
1754124767.99446,-3,0,-59
1754124768.0324602,-2,0,-64
1754124768.07046,4,0,-66
1754124768.10946,0,-1,-64
1754124768.14746,-7,-1,-61
1754124768.18346,-7,-9,-70
1754124768.22146,-6,-3,-75
1754124768.2594602,-3,-3,-73
1754124768.29846,0,2,-62
1754124768.33446,2,-3,-59
1754124768.37246,2,-3,-70
1754124768.41046,3,7,-49
1754124768.44946,0,0,-58
1754124768.48746,-2,0,-67
1754124768.52346,4,4,-58
1754124768.56146,5,6,-70
1754124768.59946,-2,-2,-65
1754124768.63746,-5,-4,-60
1754124768.67346,0,-5,-51
1754124768.7104602,-5,1,-57
1754124768.74946,2,3,-68
1754124768.78746,0,0,-64
1754124768.82346,-5,0,-58
1754124768.86046,-5,0,-73
1754124768.89946,4,0,-67
1754124768.9374602,0,0,-69
1754124768.9734602,-1,-2,-65
1754124769.01146,0,0,-53
1754124769.0494602,8,-3,-61
1754124769.0884602,8,2,-59
1754124769.12446,6,3,-77
1754124769.1614602,7,5,-70
1754124769.19946,0,1,-67
1754124769.23846,0,3,-68
1754124769.27446,3,2,-67
1754124769.3124602,2,10,-62
1754124769.34946,-4,6,-63
1754124769.3884602,0,1,-69
1754124769.4244602,-3,0,-71
1754124769.46146,1,3,-69
1754124769.49946,3,6,-65
1754124769.53846,4,-4,-69
1754124769.57446,2,-2,-77
1754124769.61246,5,-2,-77
1754124769.64946,6,-4,-65
1754124769.68846,8,-2,-63
1754124769.72446,0,-5,-66
1754124769.76146,-8,0,-58
1754124769.7994602,0,2,-57
1754124769.8384602,-4,3,-54
1754124769.87446,0,8,-55
1754124769.91246,-1,0,-75
1754124769.94946,1,-1,-71
1754124769.98846,8,-6,-80
1754124770.02446,-3,0,-76
1754124770.0624602,2,0,-71
1754124770.09946,-2,0,-65
1754124770.1384602,1,3,-70
1754124770.1744602,-2,-8,-59
1754124770.21246,-1,-8,-68
1754124770.25046,1,-5,-60
1754124770.2894602,-6,0,-45
1754124770.3254602,-2,-7,-58
1754124770.36346,-5,-6,-71
1754124770.4014602,0,-6,-72
1754124770.4404602,0,0,-64
1754124770.47846,-2,-3,-63
1754124770.51546,-2,-5,-60
1754124770.5524602,1,-7,-63
1754124770.59046,0,-9,-70
1754124770.62946,-3,-6,-71
1754124770.66546,4,-1,-78
1754124770.70346,5,-2,-72
1754124770.74246,0,0,-73
1754124770.78046,-3,6,-67
1754124770.8194602,-2,0,-66
1754124770.8554602,-7,-4,-74
1754124770.89346,-3,-3,-76
1754124770.93146,0,-4,-66
1754124770.9704602,7,-2,-52
1754124771.00846,2,-1,-66
1754124771.04446,-1,-3,-65
1754124771.08346,2,3,-63
1754124771.12046,-8,4,-61
1754124771.15946,2,3,-64
1754124771.19546,1,7,-62
1754124771.23246,0,-2,-64
1754124771.27046,-6,1,-59
1754124771.3094602,-6,3,-56
1754124771.3454602,-4,1,-66
1754124771.38346,0,0,-72
1754124771.42246,8,5,-73
1754124771.4604602,3,-2,-68
1754124771.4964602,-2,-3,-60
1754124771.53446,4,-4,-57
1754124771.5724602,-2,-7,-71
1754124771.61046,-4,2,-71
1754124771.64946,0,8,-62
1754124771.68546,4,5,-65
1754124771.72246,-10,1,-74
1754124771.76046,0,-3,-63
1754124771.7994602,-2,-2,-61
1754124771.8354602,0,-3,-68
1754124771.87346,-2,-8,-74
1754124771.9114602,-1,0,-57
1754124771.9504602,-3,-3,-57
1754124771.9864602,-5,0,-58
1754124772.02446,-5,-6,-64
1754124772.06346,-9,-2,-59
1754124772.10046,-2,0,-57
1754124772.13946,-2,-1,-64
1754124772.17546,-1,-4,-77
1754124772.2134602,6,-4,-64
1754124772.25146,3,0,-74
1754124772.29046,0,0,-56
1754124772.32646,-2,4,-56
1754124772.36446,0,-1,-63
1754124772.40246,0,2,-64
1754124772.4404602,1,-4,-60
1754124772.47946,4,1,-64
1754124772.51546,1,2,-62
1754124772.5524602,-2,10,-73
1754124772.59046,0,2,-74
1754124772.62646,6,2,-76
1754124772.66346,4,4,-65
1754124772.70146,3,-6,-66
1754124772.7404602,-2,3,-65
1754124772.7764602,2,-2,-66
1754124772.81446,-3,-3,-65
1754124772.85246,-7,0,-65
1754124772.8914602,3,0,-68
1754124772.92946,-2,0,-63
1754124772.96546,1,0,-63
1754124773.0034602,2,3,-73
1754124773.04146,0,2,-79
1754124773.08046,0,1,-67
1754124773.11646,1,-2,-56
1754124773.15346,0,3,-61
1754124773.19146,-2,4,-70
1754124773.2304602,-4,-6,-60
1754124773.2664602,-9,6,-59
1754124773.30346,-1,6,-59
1754124773.34146,-1,6,-70
1754124773.38046,-7,0,-72
1754124773.41646,-1,3,-72
1754124773.45346,4,4,-64
1754124773.49146,6,8,-59
1754124773.53046,2,11,-65
1754124773.56646,9,2,-81
1754124773.60346,0,-2,-73
1754124773.6414602,-3,3,-66
1754124773.68046,0,4,-62
1754124773.71646,-3,-1,-70
1754124773.75446,4,3,-62
1754124773.79346,2,-5,-58
1754124773.83146,5,-9,-57
1754124773.86746,5,-9,-59
1754124773.9044602,-8,-8,-51
1754124773.94346,1,-4,-51
1754124773.98146,-1,-2,-57
1754124774.01746,-8,0,-68
1754124774.05446,-10,1,-69
1754124774.09346,-1,-2,-69
1754124774.1314602,-3,-9,-59
1754124774.1674602,0,-4,-70
1754124774.20446,2,-6,-65
1754124774.2434602,0,-5,-54
1754124774.28146,0,0,-63
1754124774.31746,0,2,-70
1754124774.35446,-1,12,-76
1754124774.39346,-8,6,-75
1754124774.43146,-8,4,-66
1754124774.4674602,-7,1,-64
1754124774.50446,-4,2,-57
1754124774.54346,-1,2,-63
1754124774.58146,-5,1,-52
1754124774.61746,-7,-1,-70
1754124774.65546,-2,0,-75
1754124774.69346,4,2,-65
1754124774.73146,3,0,-58
1754124774.77046,2,2,-56
1754124774.80646,-1,4,-54
1754124774.84446,-2,0,-63
1754124774.88246,10,6,-65
1754124774.9214602,-3,2,-61
1754124774.9574602,-6,0,-62
1754124774.99546,0,5,-69
1754124775.03446,-6,3,-76
1754124775.0724602,7,4,-64
1754124775.11046,0,-2,-66
1754124775.14646,3,-3,-64
1754124775.1844602,-1,1,-64
1754124775.2234602,-1,0,-63
1754124775.26146,-3,-4,-46
1754124775.29746,2,2,-60
1754124775.3354602,4,1,-60
1754124775.37346,6,-1,-70
1754124775.41246,3,0,-69
1754124775.4504602,5,0,-67
1754124775.4864602,8,3,-69
1754124775.52346,2,5,-71
1754124775.5624602,1,0,-59
1754124775.60046,3,0,-69
1754124775.63646,-3,7,-60
1754124775.6744602,-1,1,-69
1754124775.71246,-7,5,-81
1754124775.75146,-3,-3,-74
1754124775.78746,5,-1,-62
1754124775.8254602,0,3,-59
1754124775.86346,-5,1,-63
1754124775.90246,-4,2,-68
1754124775.9404602,-4,-2,-71
1754124775.97646,-3,-1,-74
1754124776.01446,1,5,-74
1754124776.0524602,0,3,-69
1754124776.09146,-1,4,-70
1754124776.12746,-5,2,-69
1754124776.1644602,-1,-4,-64
1754124776.20246,-5,-2,-67
1754124776.24146,-1,-2,-72
1754124776.27746,0,-2,-61
1754124776.31446,0,-3,-56
1754124776.35246,-1,1,-59
1754124776.3914602,-9,-1,-68
1754124776.4274602,-6,-1,-68
1754124776.46546,-3,-6,-62
1754124776.5034602,0,-6,-53
1754124776.5424602,0,0,-59
1754124776.57846,-10,3,-61
1754124776.61646,-1,3,-64
1754124776.65546,4,0,-68
1754124776.6944602,3,-2,-71
1754124776.73246,2,1,-56
1754124776.76846,1,-1,-73
1754124776.80646,7,-3,-68
1754124776.84446,-1,-9,-57
1754124776.88246,-5,1,-61
1754124776.9214602,0,-1,-66
1754124776.9574602,2,-1,-60
1754124776.99546,4,0,-50
1754124777.03346,11,4,-47
1754124777.0724602,5,2,-61
1754124777.1084602,-1,0,-69
1754124777.14546,2,1,-65
1754124777.18346,1,2,-73
1754124777.22246,6,2,-77
1754124777.25846,-6,-1,-70
1754124777.29746,1,-2,-64
1754124777.33446,7,2,-69
1754124777.37346,0,4,-68
1754124777.4114602,5,-1,-67
1754124777.4474602,-2,1,-70
1754124777.48546,-4,-3,-57
1754124777.52346,-2,0,-65
1754124777.5624602,-5,-1,-57
1754124777.5984602,-7,-9,-53
1754124777.63646,-9,5,-51
1754124777.6744602,-8,-8,-53
1754124777.71946,-2,-9,-66
1754124777.75746,2,-8,-61
1754124777.79446,3,-1,-69
1754124777.83346,4,-6,-63
1754124777.8714602,3,1,-60
1754124777.9074602,-1,1,-69
1754124777.94546,8,-3,-77
1754124777.9834602,0,0,-71
1754124778.02246,7,-4,-62
1754124778.05846,0,-3,-64
1754124778.09646,1,0,-74
1754124778.1344602,-1,0,-70
1754124778.17346,-9,0,-66
1754124778.21146,0,3,-62
1754124778.24746,7,-2,-58
1754124778.28546,2,-2,-66
1754124778.32346,3,-2,-80
1754124778.36246,-1,-3,-71
1754124778.39946,-8,1,-62
1754124778.43646,1,1,-63
1754124778.47446,0,2,-63
1754124778.5134602,3,3,-63
1754124778.5494602,2,1,-57
1754124778.58646,3,0,-64
1754124778.62546,-5,-6,-72
1754124778.66346,0,-1,-54
1754124778.69946,0,0,-57
1754124778.7364602,8,-6,-54
1754124778.77546,0,-3,-63
1754124778.81346,-2,4,-59
1754124778.84946,0,0,-62
1754124778.88646,2,3,-57
1754124778.92546,-2,1,-57
1754124778.9634602,0,-7,-66
1754124778.99946,6,-1,-62
1754124779.03746,11,-6,-68
1754124779.0754602,5,-3,-64
1754124779.11346,4,-2,-66
1754124779.15246,-2,-2,-49
1754124779.18846,-2,0,-49
1754124779.22646,5,-7,-58
1754124779.26446,0,-8,-54
1754124779.30346,-4,-5,-41
1754124779.33946,-5,-4,-51
1754124779.37746,-3,-1,-62
1754124779.41646,1,-5,-59
1754124779.45446,-3,-3,-63
1754124779.49246,-6,-3,-48
1754124779.52846,-4,3,-57
1754124779.56646,2,0,-65
1754124779.60446,3,-4,-62
1754124779.64246,-3,-4,-63
1754124779.67846,-4,-6,-85
1754124779.71646,-2,-7,-73
1754124779.75446,-3,0,-62
1754124779.79346,-4,-2,-78
1754124779.82946,3,1,-70
1754124779.86746,-2,-2,-64
1754124779.90546,0,-1,-62
1754124779.9444602,-1,-3,-62
1754124779.98246,6,0,-59
1754124780.01846,2,-1,-59
1754124780.05646,1,-2,-64
1754124780.09446,4,-1,-59
1754124780.13346,3,-1,-60
1754124780.16946,0,1,-55
1754124780.20646,2,0,-59
1754124780.24446,2,2,-52
1754124780.28346,8,-2,-67
1754124780.3194602,8,0,-71
1754124780.35646,4,-2,-72
1754124780.3944602,0,0,-63
1754124780.43346,3,2,-53
1754124780.46946,7,2,-63
1754124780.5064602,2,2,-71
1754124780.54446,1,1,-57
1754124780.58346,-1,-2,-64
1754124780.61946,0,-1,-63
1754124780.6574602,6,0,-73
1754124780.69646,-4,-9,-52
1754124780.73446,4,-2,-69
1754124780.77046,0,1,-68
1754124780.80746,3,0,-71
1754124780.8454602,1,-3,-69
1754124780.8844602,-3,1,-65
1754124780.92046,0,2,-63
1754124780.9574602,-2,0,-58
1754124780.9964602,5,2,-69
1754124781.03446,3,0,-66
1754124781.07046,5,-1,-69
1754124781.10946,2,0,-67
1754124781.14646,-2,0,-68
1754124781.1844602,-6,0,-70
1754124781.2234602,-2,-7,-60
1754124781.2594602,0,-8,-56
1754124781.29746,2,-12,-61
1754124781.3354602,0,-7,-75
1754124781.37446,4,0,-70
1754124781.41046,5,0,-64
1754124781.4474602,8,1,-67
1754124781.48546,9,4,-70
1754124781.52446,1,5,-67
1754124781.56046,5,3,-56
1754124781.59746,5,-2,-60
1754124781.63546,1,-5,-58
1754124781.6744602,1,-5,-65
1754124781.7104602,-1,0,-67
1754124781.74946,-4,4,-47
1754124781.78746,-5,6,-61
1754124781.8254602,0,-4,-59
1754124781.86346,3,-1,-58
1754124781.89946,0,3,-66
1754124781.9374602,7,1,-71
1754124781.97646,-3,0,-67
1754124782.01446,-1,-6,-56
1754124782.05046,4,-10,-57
1754124782.0884602,-4,0,-58
1754124782.12646,-8,0,-66
1754124782.16546,-3,-2,-75
1754124782.20346,-4,-3,-64
1754124782.23946,-4,-1,-62
1754124782.27746,-2,0,-63
1754124782.3154602,-2,0,-59
1754124782.35446,-2,-3,-70
1754124782.39046,1,-1,-67
1754124782.42846,-2,-4,-60
1754124782.4674602,7,-4,-62
1754124782.50546,-2,0,-58
1754124782.54346,-6,-1,-58
1754124782.57946,0,0,-76
1754124782.61646,2,-8,-46
1754124782.65546,0,-1,-69
1754124782.69346,-4,3,-70
1754124782.72946,0,6,-63
1754124782.7664602,-6,5,-64
1754124782.80546,-6,-2,-70
1754124782.84346,-4,2,-74
1754124782.87946,-4,-4,-76
1754124782.9174602,-4,4,-65
1754124782.95546,-2,-1,-61
1754124782.99446,-4,-2,-70
1754124783.03046,0,-2,-60
1754124783.06846,1,-2,-60
1754124783.10646,-3,-8,-68
1754124783.14546,0,-2,-60
1754124783.18146,3,-2,-63
1754124783.21946,0,-6,-60
1754124783.25746,0,-7,-60
1754124783.29546,0,-1,-63
1754124783.33446,-1,0,-56
1754124783.37046,2,1,-54
1754124783.4074602,4,-3,-64
1754124783.44546,0,7,-77
1754124783.48446,0,5,-78
1754124783.52046,1,4,-67
1754124783.55846,-6,-3,-70
1754124783.59646,-11,-3,-74
1754124783.63546,4,-1,-73
1754124783.6714602,0,3,-77
1754124783.70846,6,3,-71
1754124783.74746,-4,0,-70
1754124783.78546,5,-5,-75
1754124783.82146,0,-9,-64
1754124783.86046,9,-2,-60
1754124783.89746,1,-5,-65
1754124783.93546,-2,-1,-67
1754124783.97446,-1,2,-75
1754124784.01046,-4,1,-70
1754124784.04846,-2,0,-58
1754124784.08646,-7,-2,-61
1754124784.12546,-11,1,-68
1754124784.1614602,-11,0,-52
1754124784.19946,0,-5,-60
1754124784.23746,0,-10,-74
1754124784.2764602,3,-1,-69
1754124784.31446,-2,-5,-67
1754124784.35046,0,-4,-64
1754124784.3884602,5,-2,-69
1754124784.42646,-3,-4,-64
1754124784.46546,5,1,-64
1754124784.50146,4,-2,-62
1754124784.5394602,-4,0,-64
1754124784.57746,4,-4,-71
1754124784.61646,-1,-11,-60
1754124784.6544602,9,-4,-63
1754124784.6904602,8,-10,-67
1754124784.72846,3,-2,-57
1754124784.7664602,3,-3,-57
1754124784.80546,5,-3,-71
1754124784.84146,5,2,-75
1754124784.88046,6,0,-67
1754124784.9174602,-5,-1,-64
1754124784.95646,1,-4,-64
1754124784.99446,-1,-2,-62
1754124785.03046,-1,0,-52
1754124785.06746,-6,-3,-62
1754124785.10646,2,-1,-70
1754124785.1444602,-3,0,-66
1754124785.18046,-2,-2,-64
1754124785.21846,-4,0,-59
1754124785.25746,2,-2,-62
1754124785.2964602,1,-5,-49
1754124785.3324602,0,-5,-58
1754124785.37046,0,-5,-58
1754124785.40846,-2,-4,-55
1754124785.44646,-7,0,-66
1754124785.48546,-7,0,-68
1754124785.52146,-2,4,-61
1754124785.56046,3,-7,-70
1754124785.59746,-2,-2,-69
1754124785.63646,3,-6,-71
1754124785.67246,0,-2,-58
1754124785.7104602,-3,-2,-55
1754124785.74846,-3,-1,-68
1754124785.7864602,-2,-7,-68
1754124785.8254602,2,0,-54
1754124785.8614602,0,-8,-62
1754124785.89946,-1,0,-74
1754124785.93846,-6,-4,-70
1754124785.97646,-8,1,-66
1754124786.01246,-5,0,-69
1754124786.05146,2,6,-71
1754124786.0884602,-2,4,-58
1754124786.12646,0,0,-69
1754124786.16546,5,0,-67
1754124786.20146,1,2,-66
1754124786.23846,-10,-4,-76
1754124786.27746,0,-6,-59
1754124786.3154602,3,0,-50
1754124786.35146,0,-2,-49
1754124786.38946,3,-8,-55
1754124786.4274602,-2,-8,-72
1754124786.46646,-2,-2,-62
1754124786.50246,-4,-1,-55
1754124786.54046,1,-3,-62
1754124786.57846,0,-2,-66
1754124786.61746,-11,1,-64
1754124786.65546,-5,-1,-69
1754124786.69146,0,-5,-75
1754124786.72946,2,-1,-73
1754124786.76746,2,3,-66
1754124786.80646,0,1,-54
1754124786.8424602,1,-2,-56
1754124786.88046,3,-8,-60
1754124786.91846,1,-8,-66
1754124786.9574602,2,-12,-59
1754124786.99546,4,-3,-74
1754124787.03146,2,0,-75
1754124787.06846,-3,-2,-59
1754124787.10746,0,-6,-62
1754124787.14546,3,1,-52
1754124787.18146,-3,0,-62
1754124787.21946,2,-1,-62
1754124787.25746,2,1,-64
1754124787.2964602,0,0,-58
1754124787.3324602,8,0,-69
1754124787.37046,13,0,-68
1754124787.40846,0,0,-59
1754124787.4474602,-1,-2,-60
1754124787.48546,-7,-5,-70
1754124787.52146,0,-3,-74
1754124787.55846,-1,0,-66
1754124787.59746,-1,0,-68
1754124787.63346,0,2,-67
1754124787.67046,-3,1,-65
1754124787.70846,-2,-13,-69
1754124787.75246,-1,-5,-60
1754124787.79046,4,-1,-66
1754124787.82846,0,2,-63
1754124787.86746,-1,-6,-54
1754124787.90346,-6,-6,-60
1754124787.94246,-7,0,-65
1754124787.97946,-3,-5,-71
1754124788.01846,-1,0,-60
1754124788.05646,8,-6,-67
1754124788.0924602,3,-6,-79
1754124788.13046,4,-1,-70
1754124788.16846,-6,2,-64
1754124788.2074602,2,-2,-62
1754124788.2434602,-5,-2,-63
1754124788.28146,1,-7,-63
1754124788.3194602,-3,2,-62
1754124788.3584602,-5,5,-66
1754124788.39646,-2,-4,-64
1754124788.43246,2,-4,-56
1754124788.4704602,-10,0,-65
1754124788.50846,0,3,-74
1754124788.54746,3,-5,-64
1754124788.58346,6,-10,-57
1754124788.6214602,2,-5,-59
1754124788.66046,0,-6,-76
1754124788.69846,2,-4,-68
1754124788.7364602,5,-3,-59
1754124788.77246,-3,-3,-67
1754124788.81046,-2,-3,-65
1754124788.8484602,-2,-3,-63
1754124788.88746,0,2,-60
1754124788.92346,-5,-2,-67
1754124788.96146,-4,-3,-57
1754124789.00046,-5,-2,-63
1754124789.03846,0,-5,-68
1754124789.07646,-6,-3,-60
1754124789.11246,-2,2,-56
1754124789.1514602,1,1,-63
1754124789.18846,0,-1,-67
1754124789.22746,0,1,-62
1754124789.2634602,2,-1,-59
1754124789.30046,-1,-4,-65
1754124789.3384602,1,-5,-67
1754124789.37746,-2,-2,-63
1754124789.41346,-8,-2,-68
1754124789.45146,0,-4,-69
1754124789.48946,0,-3,-58
1754124789.52846,-1,3,-61
1754124789.56646,-7,0,-62
1754124789.60246,-7,0,-58
1754124789.64046,-7,-6,-69
1754124789.67846,6,-2,-50
1754124789.7174602,0,0,-64
1754124789.75446,4,0,-57
1754124789.79146,4,0,-58
1754124789.82946,1,0,-73
1754124789.8684602,0,-1,-75
1754124789.9044602,2,-4,-74
1754124789.94246,-3,-7,-65
1754124789.9804602,-3,-1,-61
1754124790.01846,1,-3,-71
1754124790.05746,0,-2,-68
1754124790.09346,0,4,-64
1754124790.1314602,0,2,-62
1754124790.16946,5,-1,-54
1754124790.20846,-3,2,-62
1754124790.24446,-6,0,-68
1754124790.28146,2,-1,-68
1754124790.3194602,6,-4,-74
1754124790.3584602,2,0,-53
1754124790.3944602,2,0,-53
1754124790.43146,0,2,-55
1754124790.46946,1,0,-64
1754124790.50846,-5,-2,-65
1754124790.54446,2,0,-73
1754124790.5824602,0,0,-67
1754124790.62046,-5,-3,-72
1754124790.65846,-5,-7,-70
1754124790.6974602,0,-2,-68
1754124790.7334602,-4,-8,-66
1754124790.77246,2,-5,-59
1754124790.81046,4,7,-60
1754124790.8484602,2,-3,-59
1754124790.8844602,0,0,-61
1754124790.92246,-1,0,-68
1754124790.9604602,-9,4,-65
1754124790.99946,-7,-4,-60
1754124791.03746,0,2,-55
1754124791.07346,-5,-1,-68
1754124791.1114602,1,-1,-71
1754124791.14946,-6,-1,-76
1754124791.18846,-1,0,-66
1754124791.22446,-10,4,-60
1754124791.26246,-3,8,-67
1754124791.30146,-5,0,-59
1754124791.33946,-2,5,-67
1754124791.37746,-3,0,-60
1754124791.41346,0,0,-58
1754124791.4504602,0,-1,-61
1754124791.48946,4,-1,-61
1754124791.52746,0,-5,-61
1754124791.56346,1,-1,-60
1754124791.60146,-2,-1,-63
1754124791.63946,-2,2,-53
1754124791.67846,-6,0,-76
1754124791.71446,7,3,-69
1754124791.75146,-7,1,-78
1754124791.7894602,-1,2,-75
1754124791.82846,-4,0,-58
1754124791.86446,-3,0,-56
1754124791.90246,-3,3,-56
1754124791.9404602,-5,4,-64
1754124791.97946,0,-3,-60
1754124792.01846,3,-1,-66
1754124792.05446,0,1,-77
1754124792.09146,-2,3,-67
1754124792.12946,-4,-1,-65
1754124792.16846,-4,4,-66
1754124792.20446,-2,2,-60
1754124792.24146,5,4,-64
1754124792.2794602,-4,6,-63
1754124792.31846,5,3,-69
1754124792.35446,-1,-4,-64
1754124792.39246,-7,-3,-73
1754124792.43146,-5,0,-65
1754124792.46946,3,-4,-61
1754124792.50546,1,-5,-65
1754124792.5424602,9,-7,-71
1754124792.58046,0,-2,-53
1754124792.61946,-5,3,-72
1754124792.65546,-2,8,-71
1754124792.69246,3,5,-69
1754124792.73146,-3,2,-66
1754124792.7694602,-5,2,-61
1754124792.80546,-4,6,-76
1754124792.84346,0,1,-66
1754124792.8814602,-4,-5,-58
1754124792.91946,-1,-6,-62
1754124792.95846,0,2,-64
1754124792.99446,-4,6,-62
1754124793.0324602,3,1,-74
1754124793.07146,-1,1,-79
1754124793.10946,0,4,-64
1754124793.14646,-6,2,-65
1754124793.18346,2,0,-65
1754124793.22146,1,2,-67
1754124793.26046,-4,-4,-63
1754124793.29846,-3,0,-59
1754124793.33446,1,-5,-61
1754124793.37246,0,-5,-59
1754124793.41046,-3,-4,-63
1754124793.44946,-6,0,-63
1754124793.48546,0,-4,-61
1754124793.52246,-4,1,-61
1754124793.56046,0,0,-52
1754124793.59946,-4,1,-59
1754124793.63546,4,1,-58
1754124793.67246,0,4,-70
1754124793.7104602,1,5,-59
1754124793.74946,4,0,-56
1754124793.78546,3,-2,-59
1754124793.82346,-1,-9,-64
1754124793.8614602,-1,-5,-71
1754124793.90046,-7,2,-64
1754124793.93846,-3,4,-65
1754124793.97446,-1,4,-61
1754124794.01246,1,0,-58
1754124794.05046,4,-3,-64
1754124794.08946,-5,5,-59
1754124794.12546,0,1,-58
1754124794.16246,2,-7,-67
1754124794.20146,2,-1,-52
1754124794.23946,0,1,-64
1754124794.27546,0,0,-67
1754124794.3124602,7,-4,-64
1754124794.35046,-2,0,-63
1754124794.38946,-8,5,-68
1754124794.42546,2,0,-68
1754124794.46246,1,4,-82
1754124794.50046,-1,0,-72
1754124794.5394602,-1,-9,-70
1754124794.5754602,2,-3,-65
1754124794.61446,0,-6,-69
1754124794.6514602,2,0,-64
1754124794.6904602,-1,-1,-54
1754124794.72646,-6,6,-57
1754124794.76446,-7,8,-62
1754124794.8024602,-2,2,-66
1754124794.84046,-7,4,-62
1754124794.87946,-9,-1,-63
1754124794.91546,-10,7,-68
1754124794.95346,-10,2,-71
1754124794.99146,1,0,-69
1754124795.03046,0,1,-75
1754124795.06646,-5,-1,-65
1754124795.1054602,-2,-2,-68
1754124795.14246,-4,0,-68
1754124795.18146,-3,-12,-71
1754124795.21946,4,-9,-72
1754124795.25546,3,-1,-73
1754124795.29446,0,-5,-68
1754124795.33146,3,-5,-56
1754124795.37046,2,4,-41
1754124795.40646,3,5,-44
1754124795.4444602,5,2,-53
1754124795.48146,-2,0,-66
1754124795.52046,-6,-3,-73
1754124795.55646,-4,0,-64
1754124795.59446,0,0,-52
1754124795.63246,2,0,-61
1754124795.6714602,-3,0,-52
1754124795.70946,-1,0,-74
1754124795.74546,-5,1,-70
1754124795.78346,-6,6,-75
1754124795.82146,-2,1,-67
1754124795.86046,-3,3,-71
1754124795.89646,-6,3,-62
1754124795.9344602,6,-2,-67
1754124795.97246,-5,-1,-68
1754124796.01146,-5,-7,-71
1754124796.0494602,-3,-1,-70
1754124796.0854602,-7,7,-67
1754124796.12346,-3,9,-67
1754124796.1614602,1,2,-69
1754124796.2004602,3,0,-57
1754124796.2364602,2,-3,-60
1754124796.27446,6,-4,-64
1754124796.3124602,2,-2,-76
1754124796.35146,-3,0,-67
1754124796.38946,3,6,-66
1754124796.42546,1,2,-57
1754124796.46446,-1,0,-61
1754124796.50246,-7,0,-63
1754124796.54046,0,-10,-66
1754124796.57646,-3,-8,-66
1754124796.61446,-2,-4,-66
1754124796.65246,0,0,-79
1754124796.69146,1,1,-68
1754124796.72746,-6,0,-66
1754124796.76546,-1,-1,-59
1754124796.80346,0,4,-59
1754124796.84146,2,8,-68
1754124796.88046,-2,4,-70
1754124796.91646,-6,1,-78
1754124796.95546,0,-2,-66
1754124796.99246,2,-4,-58
1754124797.03146,0,-2,-66
1754124797.06746,1,7,-61
1754124797.1054602,-3,0,-66
1754124797.14246,-2,-1,-64
1754124797.18146,-2,1,-66
1754124797.2174602,0,-5,-66
1754124797.25546,0,-3,-58
1754124797.29446,-2,3,-64
1754124797.33146,-2,0,-58
1754124797.37046,-3,2,-66
1754124797.40646,0,4,-69
1754124797.4444602,3,-1,-66
1754124797.48146,-1,-4,-47
1754124797.52046,0,-1,-59
1754124797.55646,-4,-1,-66
1754124797.59446,-11,-3,-66
1754124797.63246,-10,-2,-59
1754124797.6714602,-9,2,-68
1754124797.7074602,-1,-1,-75
1754124797.7464602,-5,2,-77
1754124797.79146,0,1,-76
1754124797.82746,-3,2,-71
1754124797.8654602,2,1,-65
1754124797.90346,-3,3,-62
1754124797.94246,-3,0,-61
1754124797.9804602,-1,0,-67
1754124798.0164602,-3,0,-62
1754124798.05446,-1,3,-77
1754124798.0924602,2,-2,-64
1754124798.1314602,0,-3,-68
1754124798.1674602,-3,-7,-60
1754124798.20546,-2,0,-67
1754124798.24446,-1,5,-69
1754124798.2824602,-4,-1,-74
1754124798.32046,0,-4,-63
1754124798.35646,0,-2,-63
1754124798.3944602,-3,-1,-66
1754124798.43246,-1,2,-67
1754124798.47146,1,4,-67
1754124798.50746,1,0,-63
1754124798.54446,-5,3,-60
1754124798.5824602,-7,4,-62
1754124798.6214602,0,0,-68
1754124798.6574602,-10,-3,-63
1754124798.69546,2,1,-66
1754124798.7334602,-2,-1,-62
1754124798.77246,3,0,-64
1754124798.81046,9,-2,-72
1754124798.84746,-8,0,-72
1754124798.88546,-8,-1,-70
1754124798.92246,-2,5,-62
1754124798.96146,4,0,-58
1754124798.99746,3,0,-58
1754124799.03446,-2,0,-54
1754124799.0724602,-2,-2,-69
1754124799.1114602,-6,3,-74
1754124799.14746,0,-1,-63
1754124799.18546,-5,1,-55
1754124799.22246,-6,-1,-63
1754124799.26146,0,-4,-59
1754124799.29746,-5,-6,-66
1754124799.3354602,-5,-6,-61
1754124799.37346,-2,-7,-61
1754124799.41246,-3,-2,-70
1754124799.44846,-2,-5,-72
1754124799.4864602,-1,-5,-75
1754124799.52446,6,3,-65
1754124799.5624602,4,0,-61
1754124799.60146,2,1,-65
1754124799.63746,0,0,-65
1754124799.6744602,-8,0,-61
1754124799.71246,0,1,-54
1754124799.75146,-2,-3,-59
1754124799.78746,0,-9,-63
1754124799.82646,-3,-5,-60
1754124799.86346,1,-3,-61
1754124799.90246,0,-3,-66
1754124799.93846,-1,0,-68
1754124799.97646,-3,-1,-51
1754124800.01446,0,1,-53
1754124800.05346,2,2,-62
1754124800.09146,-6,-2,-70
1754124800.12746,-4,-3,-62
1754124800.16546,0,0,-61
1754124800.20346,0,-5,-57
1754124800.24246,-2,-5,-55
1754124800.27846,1,-1,-65
1754124800.31646,5,-2,-58
1754124800.35446,1,1,-57
1754124800.39346,3,3,-54
1754124800.43146,-2,0,-62
1754124800.4674602,2,-5,-71
1754124800.50546,1,1,-65
1754124800.54446,-1,-2,-57
1754124800.5824602,-3,-2,-71
1754124800.6184602,-1,1,-49
1754124800.65646,5,1,-63
1754124800.6944602,-3,3,-67
1754124800.7334602,-6,0,-70
1754124800.77146,0,-2,-66
1754124800.80746,-2,0,-59
1754124800.84446,-3,-3,-55
1754124800.88346,-8,3,-70
1754124800.9214602,-1,-6,-73
1754124800.9574602,3,-3,-63
1754124800.99446,0,0,-60
1754124801.03346,6,0,-61
1754124801.07146,2,-6,-71
1754124801.10746,0,-7,-62
1754124801.1444602,2,0,-74
1754124801.18346,4,2,-75
1754124801.22146,7,-2,-75
1754124801.25746,-6,4,-66
1754124801.29446,0,0,-66
1754124801.33346,-2,4,-59
1754124801.36946,-2,7,-59
1754124801.4074602,4,0,-54
1754124801.44546,7,-2,-69
1754124801.48446,0,-6,-72
1754124801.52246,-2,-4,-62
1754124801.55846,-12,-1,-69
1754124801.59646,-4,-8,-69
1754124801.6344602,-3,0,-68
1754124801.67346,-3,-4,-69
1754124801.70946,-5,-3,-55
1754124801.74846,-2,2,-59
1754124801.78546,-4,4,-59
1754124801.82346,-1,-3,-60
1754124801.86246,-1,3,-66
1754124801.89846,-2,0,-60
1754124801.93646,1,3,-60
1754124801.97446,6,5,-70
1754124802.0134602,0,0,-67
1754124802.0494602,5,0,-63
1754124802.08746,0,0,-74
1754124802.12546,-1,-6,-70
1754124802.16346,5,-7,-70
1754124802.20246,6,-8,-68
1754124802.23846,0,-2,-71
1754124802.2764602,-2,-3,-82
1754124802.31446,6,-11,-79
1754124802.35246,0,-7,-69
1754124802.3884602,-4,-3,-62
1754124802.42646,-7,0,-61
1754124802.46446,-7,0,-55
1754124802.5034602,0,4,-65
1754124802.5394602,-3,0,-66
1754124802.57646,-4,-1,-68
1754124802.61446,3,0,-67
1754124802.65346,5,-6,-73
1754124802.68946,-1,0,-75
1754124802.72646,-6,2,-68
1754124802.76446,4,1,-74
1754124802.80346,-2,6,-78
1754124802.83946,-1,3,-77
1754124802.87646,6,-8,-53
1754124802.9144602,-2,-2,-63
1754124802.95346,4,-1,-62
1754124802.98946,1,-2,-68
1754124803.0264602,-5,-6,-71
1754124803.06446,-8,-3,-59
1754124803.10346,1,-8,-61
1754124803.13946,-4,0,-65
1754124803.1774602,-2,-9,-70
1754124803.21546,-6,-3,-70
1754124803.25446,-4,4,-68
1754124803.2924602,-5,1,-61
1754124803.32846,-4,3,-63
1754124803.36646,-1,5,-59
1754124803.4044602,-4,5,-62
1754124803.44346,-5,0,-57
1754124803.47946,2,-7,-71
1754124803.51746,-5,-2,-52
1754124803.55546,-3,-1,-63
1754124803.59446,3,-2,-63
1754124803.63046,0,1,-69
1754124803.6674602,0,3,-53
1754124803.70546,-2,-1,-68
1754124803.74446,1,0,-63
1754124803.78046,1,0,-49
1754124803.81746,0,-5,-51
1754124803.8554602,2,-9,-58
1754124803.8944602,-2,3,-57
1754124803.93046,-2,0,-69
1754124803.96846,0,-2,-68
1754124804.0064602,-3,3,-70
1754124804.04446,-3,-4,-69
1754124804.08346,7,-5,-60
1754124804.11946,0,-1,-64
1754124804.15646,-2,5,-60
1754124804.1944602,10,4,-49
1754124804.2334602,-5,0,-53
1754124804.2694602,0,-3,-59
1754124804.30646,1,-3,-74
1754124804.34446,5,-6,-66
1754124804.38346,-4,-4,-66
1754124804.41946,-3,-2,-73
1754124804.4574602,-4,0,-62
1754124804.49546,1,0,-62
1754124804.53446,1,0,-59
1754124804.57046,4,-2,-65
1754124804.6084602,4,-3,-64
1754124804.64646,-5,-8,-59
1754124804.68546,2,-3,-54
1754124804.7234602,1,7,-66
1754124804.7594602,-3,0,-66
1754124804.79846,-5,6,-67
1754124804.8354602,-2,-2,-60
1754124804.87446,-3,-1,-60
1754124804.9114602,2,0,-64
1754124804.94846,0,5,-56
1754124804.9864602,5,0,-53
1754124805.02546,0,4,-76
1754124805.06346,6,-4,-71
1754124805.09946,3,3,-63
1754124805.13746,0,2,-65
1754124805.17646,-2,3,-59
1754124805.21446,0,-5,-65
1754124805.25046,1,-4,-65
1754124805.28846,-2,0,-65
1754124805.32646,-2,-2,-59
1754124805.3654602,1,0,-61
1754124805.40346,-5,-1,-67
1754124805.43946,-8,-2,-74
1754124805.47746,0,-1,-61
1754124805.51546,-2,4,-56
1754124805.55446,2,2,-68
1754124805.59046,2,1,-65
1754124805.62746,2,-1,-61
1754124805.66546,-4,-1,-62
1754124805.70446,-8,0,-77
1754124805.7404602,-7,2,-73
1754124805.77846,-3,2,-61
1754124805.81646,8,-2,-51
1754124805.8554602,2,-1,-48
1754124805.8914602,0,4,-55
1754124805.92846,-3,-2,-57
1754124805.96646,-1,3,-73
1754124806.00546,-7,-2,-71
1754124806.04146,-6,3,-64
1754124806.07946,-3,-4,-65
1754124806.11746,3,-3,-67
1754124806.15546,3,-5,-74
1754124806.1944602,3,0,-80
1754124806.2304602,-2,-5,-82
1754124806.26846,0,-1,-67
1754124806.30646,2,1,-57
1754124806.3454602,0,-6,-66
1754124806.3814602,-7,-9,-67
1754124806.41946,-4,-6,-68
1754124806.4574602,-2,0,-55
1754124806.49546,3,0,-53
1754124806.53446,-1,2,-54
1754124806.57046,-1,0,-58
1754124806.6084602,-2,-3,-63
1754124806.64646,2,-7,-69
1754124806.68546,2,-4,-62
1754124806.72146,2,-4,-68
1754124806.7594602,-5,6,-67
1754124806.79746,-2,5,-62
1754124806.8354602,0,-3,-68
1754124806.87446,0,-4,-62
1754124806.91046,0,-1,-60
1754124806.94846,-1,-4,-58
1754124806.9864602,5,-6,-69
1754124807.02546,2,-8,-57
1754124807.06146,6,-3,-60
1754124807.0984602,-4,-3,-67
1754124807.13646,7,-3,-61
1754124807.17546,0,0,-56
1754124807.21146,2,2,-59
1754124807.24846,-3,-1,-63
1754124807.2864602,5,-3,-74
1754124807.3254602,1,0,-74
1754124807.3614602,0,-2,-57
1754124807.39846,0,-7,-63
1754124807.43646,-1,-1,-63
1754124807.47546,-1,-6,-68
1754124807.51146,0,-3,-67
1754124807.5494602,7,-4,-75
1754124807.58746,1,2,-62
1754124807.62646,-4,1,-55
1754124807.6644602,1,-1,-57
1754124807.7004602,1,-4,-48
1754124807.73846,-1,-4,-54
1754124807.77746,5,-3,-66
1754124807.82046,1,1,-70
1754124807.85946,7,0,-68
1754124807.89746,-2,0,-65
1754124807.93546,-2,5,-70
1754124807.97146,0,2,-60
1754124808.00846,-1,-2,-73
1754124808.0464602,-9,2,-73
1754124808.0854602,-4,0,-67
1754124808.1214602,-1,1,-63
1754124808.15846,3,0,-71
1754124808.1974602,0,0,-68
1754124808.23546,3,0,-58
1754124808.27146,2,-8,-65
1754124808.30846,2,-4,-76
1754124808.34646,0,-3,-63
1754124808.38546,-2,-5,-55
1754124808.4214602,4,0,-63
1754124808.45946,3,0,-69
1754124808.49746,6,-3,-66
1754124808.53546,0,-3,-64
1754124808.57146,3,0,-74
1754124808.6084602,2,3,-76
1754124808.64746,-1,-7,-65
1754124808.68546,-2,2,-65
1754124808.72146,-3,7,-58
1754124808.75846,0,2,-64
1754124808.79746,2,2,-66
1754124808.8354602,7,-1,-63
1754124808.8714602,1,-4,-60
1754124808.91046,0,0,-62
1754124808.9474602,0,1,-64
1754124808.9864602,-6,-1,-56
1754124809.02246,-6,-8,-55
1754124809.06046,-5,-3,-56
1754124809.0984602,-5,-2,-64
1754124809.13746,-1,-3,-58
1754124809.17546,-3,2,-68
1754124809.21146,-1,0,-59
1754124809.24946,-2,-4,-67
1754124809.28746,0,-4,-66
1754124809.32646,-1,-1,-69
1754124809.36246,4,1,-64
1754124809.39946,5,1,-76
1754124809.43846,3,9,-68
1754124809.47646,-1,1,-66
1754124809.51246,-5,0,-70
1754124809.55146,5,3,-73
1754124809.5884602,6,0,-74
1754124809.62746,0,3,-65
1754124809.66546,1,3,-72
1754124809.70146,2,-2,-60
1754124809.73846,-4,-1,-79
1754124809.77746,-1,1,-79
1754124809.8154602,2,-4,-70
1754124809.85146,0,-3,-70
1754124809.8884602,2,-10,-64
1754124809.9274602,0,-6,-58
1754124809.96546,9,-4,-62
1754124810.00146,6,0,-59
1754124810.03846,4,-6,-52
1754124810.07746,8,-4,-51
1754124810.1154602,1,-4,-63
1754124810.1514602,-3,-1,-76
1754124810.18946,-3,2,-75
1754124810.22746,-3,-4,-72
1754124810.2664602,6,-2,-70
1754124810.3024602,0,0,-68
1754124810.34046,0,0,-68
1754124810.3784602,5,-1,-66
1754124810.4174602,-1,3,-64
1754124810.45346,0,1,-74
1754124810.4904602,0,0,-64
1754124810.52846,-3,3,-66
1754124810.56746,4,-9,-66
1754124810.60346,0,-4,-72
1754124810.64046,-2,-4,-68
1754124810.67846,3,5,-69
1754124810.7174602,-2,3,-67
1754124810.7534602,4,1,-66
1754124810.79146,0,-2,-72
1754124810.82946,8,-8,-64
1754124810.86746,-2,-4,-62
1754124810.90646,-1,-9,-59
1754124810.94246,-8,-9,-62
1754124810.9804602,-2,-4,-56
1754124811.01846,-4,0,-70
1754124811.05746,0,1,-69
1754124811.09346,-1,7,-77
1754124811.1314602,8,-9,-65
1754124811.16946,1,3,-72
1754124811.2074602,2,0,-80
1754124811.2464602,4,2,-76
1754124811.2824602,0,5,-71
1754124811.3194602,-1,-2,-62
1754124811.35746,-2,-6,-67
1754124811.39646,3,-6,-60
1754124811.43246,12,0,-67
1754124811.46946,8,-6,-66
1754124811.50846,-1,0,-76
1754124811.5464602,-3,-7,-69
1754124811.5824602,-6,-3,-68
1754124811.62046,-3,-1,-65
1754124811.65946,-3,-4,-61
1754124811.6974602,1,0,-54
1754124811.7334602,2,-7,-74
1754124811.77146,3,-1,-74
1754124811.8094602,-3,1,-64
1754124811.8484602,5,-5,-59
1754124811.88646,1,-4,-72
1754124811.92246,-3,-6,-72
1754124811.9604602,-6,-7,-57
1754124811.99846,0,-2,-70
1754124812.03746,-1,0,-71
1754124812.07346,-3,-1,-71
1754124812.1114602,0,2,-62
1754124812.14946,-1,2,-63
1754124812.18846,0,-3,-58
1754124812.22646,-7,-4,-61
1754124812.26246,5,-3,-67
1754124812.2994602,0,-1,-63
1754124812.3384602,-4,-2,-70
1754124812.37646,-4,-8,-68
1754124812.41246,-3,1,-63
1754124812.44946,0,-1,-64
1754124812.48846,2,4,-68
1754124812.5264602,-2,-3,-72
1754124812.5624602,-6,-6,-72
1754124812.60046,-9,1,-66
1754124812.6384602,1,-10,-72
1754124812.6774602,5,-6,-69
1754124812.7134602,5,-5,-69
1754124812.75046,1,-1,-76
1754124812.78846,10,0,-70
1754124812.82746,2,-3,-63
1754124812.86346,-1,-5,-73
1754124812.9014602,0,1,-76
1754124812.93946,-1,1,-66
1754124812.97846,-4,-3,-59
1754124813.01446,-2,-4,-67
1754124813.0524602,4,-4,-66
1754124813.09046,0,-2,-54
1754124813.12946,2,2,-52
1754124813.1674602,2,-3,-57
1754124813.20346,0,0,-64
1754124813.2404602,-4,4,-63
1754124813.2794602,0,2,-59
1754124813.31746,0,-2,-67
1754124813.35346,-7,-3,-48
1754124813.39246,-2,-3,-49
1754124813.42946,0,-4,-61
1754124813.46846,1,-1,-76
1754124813.50446,0,-1,-84
1754124813.5424602,-2,-4,-63
1754124813.58046,-3,-4,-71
1754124813.61946,-4,-3,-56
1754124813.6574602,-5,4,-60
1754124813.69346,-5,0,-58
1754124813.73146,-6,-1,-66
1754124813.77046,0,-2,-53
1754124813.80846,-2,1,-56
1754124813.84446,-4,0,-55
1754124813.88346,0,2,-66
1754124813.92046,-2,0,-71
1754124813.95946,-1,0,-67
1754124813.99746,4,-4,-76
1754124814.03346,-1,-10,-85
1754124814.07146,-7,-5,-75
1754124814.10946,-7,-5,-61
1754124814.14846,-2,4,-53
1754124814.1844602,3,-3,-52
1754124814.22246,1,-4,-75
1754124814.26046,-1,-3,-67
1754124814.2994602,3,-8,-58
1754124814.33746,-1,-13,-50
1754124814.37346,0,-7,-68
1754124814.41246,6,2,-62
1754124814.44946,3,-4,-58
1754124814.48846,13,0,-69
1754124814.52446,8,5,-70
1754124814.5624602,2,0,-70
1754124814.59946,10,-2,-64
1754124814.6384602,0,-3,-66
1754124814.6744602,0,0,-70
1754124814.71246,4,-3,-69
1754124814.75046,-1,-9,-64
1754124814.7894602,-7,-2,-59
1754124814.82746,-5,-5,-65
1754124814.86346,-1,-2,-68
1754124814.9014602,-2,-5,-72
1754124814.93946,-4,-1,-75
1754124814.97846,0,3,-66
1754124815.01446,0,-7,-63
1754124815.0524602,-5,-7,-60
1754124815.09046,-7,-8,-60
1754124815.12946,-4,-2,-69
1754124815.16546,1,-3,-67
1754124815.20346,0,0,-64
1754124815.24146,0,0,-64
1754124815.2794602,0,0,-61
1754124815.31846,0,1,-60
1754124815.35446,1,0,-70
1754124815.3914602,2,7,-65
1754124815.42946,-2,-5,-71
1754124815.46846,0,0,-63
1754124815.50446,-2,-1,-76
1754124815.5424602,-3,-3,-65
1754124815.58046,3,-1,-67
1754124815.61946,-5,0,-69
1754124815.65546,0,1,-61
1754124815.69246,-5,-8,-62
1754124815.7304602,0,0,-60
1754124815.7694602,-5,0,-56
1754124815.80546,1,-1,-58
1754124815.84346,-1,-2,-53
1754124815.8814602,1,0,-56
1754124815.91946,0,-4,-69
1754124815.95846,1,0,-66
1754124815.99446,-2,5,-62
1754124816.0324602,-4,-1,-72
1754124816.07046,-9,-2,-80
1754124816.10946,-6,-8,-73
1754124816.14546,-6,-4,-70
1754124816.18346,1,-5,-75
1754124816.22146,-1,-3,-80
1754124816.26046,2,-6,-69
1754124816.29846,0,-1,-66
1754124816.33446,2,0,-54
1754124816.37246,-4,0,-53
1754124816.41046,-4,2,-66
1754124816.44946,-8,-3,-65
1754124816.48546,-3,1,-69
1754124816.52346,-4,2,-69
1754124816.5624602,-2,10,-60
1754124816.60046,9,4,-65
1754124816.6384602,4,3,-60
1754124816.67546,2,-1,-72
1754124816.71246,9,1,-70
1754124816.75046,5,-7,-60
1754124816.7894602,1,5,-56
1754124816.8254602,-1,0,-57
1754124816.86346,0,0,-63
1754124816.9014602,6,3,-69
1754124816.9404602,5,0,-71
1754124816.97846,4,0,-69
1754124817.01446,6,-3,-74
1754124817.0524602,6,-8,-66
1754124817.09046,0,-4,-62
1754124817.12946,0,-1,-58
1754124817.16546,-1,3,-56
1754124817.20346,-2,4,-62
1754124817.24146,0,0,-61
1754124817.28046,-3,0,-60
1754124817.31646,-1,0,-66
1754124817.35346,2,-3,-57
1754124817.3914602,-1,-8,-64
1754124817.43046,5,2,-74
1754124817.46646,6,-2,-82
1754124817.50446,-2,4,-82
1754124817.5424602,-3,2,-64
1754124817.58046,3,-2,-60
1754124817.61946,-3,12,-61
1754124817.65546,2,4,-60
1754124817.69246,0,1,-73
1754124817.7304602,-3,6,-69
1754124817.7694602,-3,-5,-57
1754124817.80546,-5,-1,-66
1754124817.85146,0,-2,-65
1754124817.88946,-9,1,-70
1754124817.92546,2,5,-78
1754124817.96246,-1,5,-62
1754124818.00046,0,8,-73
1754124818.0394602,-2,2,-65
1754124818.0754602,-8,-6,-76
1754124818.11346,-2,-4,-65
1754124818.1514602,0,2,-71
1754124818.1904602,-1,0,-76
1754124818.22646,-5,0,-70
1754124818.26446,2,2,-65
1754124818.3024602,-3,1,-61
1754124818.34146,-4,-3,-61
1754124818.37946,0,0,-62
1754124818.41546,0,6,-64
1754124818.45246,-5,0,-69
1754124818.49146,-6,-3,-71
1754124818.5294602,-6,-1,-63
1754124818.5654602,-10,1,-65
1754124818.60346,7,6,-66
1754124818.6414602,5,5,-58
1754124818.68046,1,0,-62
1754124818.71646,0,-5,-69
1754124818.75446,6,-8,-60
1754124818.7924602,1,-5,-61
1754124818.83146,1,-4,-59
1754124818.86946,-5,3,-64
1754124818.90546,-4,1,-62
1754124818.9444602,1,8,-66
1754124818.98146,-7,8,-63
1754124819.02046,0,8,-61
1754124819.05646,0,1,-62
1754124819.09446,-2,-2,-71
1754124819.13246,-3,-1,-62
1754124819.1714602,3,0,-54
1754124819.20946,-4,-4,-56
1754124819.24546,0,-1,-63
1754124819.28346,-4,-1,-68
1754124819.32146,3,1,-69
1754124819.36046,3,0,-67
1754124819.39646,0,-9,-61
1754124819.4344602,-1,4,-59
1754124819.47246,-7,2,-61
1754124819.51146,1,-3,-65
1754124819.5494602,5,-3,-67
1754124819.58646,2,-5,-67
1754124819.62546,1,0,-64
1754124819.66246,-2,5,-67
1754124819.70146,-2,1,-62
1754124819.73746,-3,1,-69
1754124819.77546,5,-5,-56
1754124819.81346,0,5,-59
1754124819.85146,4,4,-71
1754124819.89046,2,-3,-64
1754124819.92646,6,-6,-66
1754124819.96446,-3,4,-64
1754124820.0034602,1,1,-66
1754124820.04146,0,-1,-58
1754124820.07746,-3,3,-54
1754124820.11646,-3,2,-60
1754124820.15346,0,-3,-63
1754124820.19146,9,-2,-68
1754124820.2304602,8,-2,-75
1754124820.2664602,-2,8,-73
1754124820.30446,-11,-1,-57
1754124820.3424602,-2,6,-65
1754124820.3814602,6,3,-69
1754124820.4174602,4,5,-58
1754124820.45446,0,3,-62
1754124820.49246,-3,2,-61
1754124820.53146,6,3,-72
1754124820.56746,3,3,-61
1754124820.60446,2,0,-56
1754124820.64246,-2,-3,-64
1754124820.68146,-6,-5,-60
1754124820.7174602,0,-5,-62
1754124820.75446,3,0,-61
1754124820.7924602,0,-3,-72
1754124820.83146,6,-2,-61
1754124820.86746,-2,0,-60
1754124820.9044602,1,-1,-58
1754124820.94246,-1,7,-67
1754124820.98146,-4,8,-70
1754124821.01746,5,0,-63
1754124821.05446,3,-1,-61
1754124821.0924602,0,3,-63
1754124821.1314602,-6,0,-62
1754124821.1674602,2,-1,-68
1754124821.20446,3,5,-65
1754124821.24246,1,3,-64
1754124821.28146,-2,5,-68
1754124821.31746,3,7,-63
1754124821.35446,0,0,-72
1754124821.39246,4,0,-72
1754124821.43146,0,2,-64
1754124821.4674602,-1,-1,-63
1754124821.50546,-1,-2,-59
1754124821.54346,-7,0,-66
1754124821.5824602,0,4,-65
1754124821.62046,8,2,-61
1754124821.65646,3,-2,-57
1754124821.6944602,2,0,-63
1754124821.7334602,5,-2,-57
1754124821.77146,4,0,-61
1754124821.80746,-1,-1,-58
1754124821.84646,-4,0,-69
1754124821.88346,2,0,-65
1754124821.92246,2,0,-63
1754124821.9604602,-6,0,-70
1754124821.99746,0,2,-61
1754124822.03546,-9,3,-75
1754124822.07346,3,4,-63
1754124822.11246,0,-2,-67
1754124822.14846,-4,2,-65
1754124822.1874602,-1,3,-63
1754124822.22446,3,1,-63
1754124822.26246,2,0,-65
1754124822.30146,2,-1,-60
1754124822.33746,0,-4,-57
1754124822.37546,-3,4,-63
1754124822.41346,-7,-1,-52
1754124822.45246,-2,5,-56
1754124822.48846,0,0,-54
1754124822.52546,5,3,-59
1754124822.5624602,4,2,-52
1754124822.60146,3,5,-59
1754124822.63746,0,-2,-72
1754124822.67646,0,3,-74
1754124822.7134602,3,1,-59
1754124822.75246,-3,0,-67
1754124822.78846,-3,4,-65
1754124822.82646,-11,-2,-57
1754124822.86446,-6,7,-52
1754124822.90346,-3,1,-70
1754124822.94146,-2,-4,-61
1754124822.97746,-1,2,-63
1754124823.01546,-6,3,-56
1754124823.05346,-2,0,-58
1754124823.0924602,-1,7,-53
1754124823.1284602,1,1,-61
1754124823.16546,0,1,-68
1754124823.20346,-5,-3,-74
1754124823.24246,1,-5,-64
1754124823.27846,0,-2,-65
1754124823.31746,1,-2,-65
1754124823.35446,5,-1,-56
1754124823.39346,-1,-2,-66
1754124823.43146,-5,1,-56
1754124823.4674602,-1,-3,-57
1754124823.50546,-1,-2,-65
1754124823.54346,2,0,-54
1754124823.5824602,2,-1,-59
1754124823.6184602,-4,-3,-64
1754124823.65646,0,-3,-68
1754124823.6944602,0,-5,-64
1754124823.7334602,-5,-2,-60
1754124823.77146,-3,6,-66
1754124823.80746,-2,-3,-67
1754124823.8454602,-2,0,-65
1754124823.8844602,-2,2,-60
1754124823.92246,3,2,-71
1754124823.95846,2,0,-62
1754124823.99546,0,0,-56
1754124824.03446,-6,6,-75
1754124824.0724602,0,-3,-62
1754124824.1084602,1,4,-57
1754124824.14546,1,7,-58
1754124824.1844602,4,3,-52
1754124824.22246,0,0,-60
1754124824.25846,4,1,-58
1754124824.29546,1,-2,-60
1754124824.33446,2,-4,-57
1754124824.37246,0,-3,-58
1754124824.40846,2,-2,-54
1754124824.44546,-1,0,-61
1754124824.48446,1,-4,-53
1754124824.52246,-3,-10,-51
1754124824.55846,-1,0,-53
1754124824.5954602,4,0,-60
1754124824.6344602,1,0,-65
1754124824.67246,0,-1,-66
1754124824.70846,0,1,-59
1754124824.74546,5,2,-59
1754124824.78346,3,-3,-61
1754124824.8224602,-4,-4,-66
1754124824.8584602,4,0,-67
1754124824.89546,2,0,-49
1754124824.93346,0,0,-75
1754124824.97246,0,0,-72
1754124825.00846,1,-2,-72
1754124825.0464602,2,-3,-63
1754124825.08446,0,-2,-64
1754124825.12346,10,-2,-65
1754124825.15946,8,-3,-66
1754124825.1974602,6,0,-50
1754124825.23546,1,-4,-69
1754124825.27446,-5,5,-71
1754124825.3124602,1,9,-77
1754124825.3484602,-5,6,-69
1754124825.38646,-5,0,-64
1754124825.4244602,-2,0,-60
1754124825.4634602,7,-3,-76
1754124825.49946,2,0,-62
1754124825.53746,4,0,-65
1754124825.5754602,-1,-2,-77
1754124825.61446,-5,1,-68
1754124825.65246,0,-3,-71
1754124825.68846,-2,-1,-71
1754124825.72746,3,2,-65
1754124825.76446,0,2,-73
1754124825.80346,3,-3,-70
1754124825.83946,2,-4,-68
1754124825.87746,2,-2,-63
1754124825.9144602,-2,-1,-68
1754124825.95346,0,2,-59
1754124825.98946,0,-2,-57
1754124826.02746,7,0,-58
1754124826.06446,7,1,-56
1754124826.10346,1,-4,-66
1754124826.13946,0,-12,-68
1754124826.17646,0,0,-59
1754124826.21446,1,2,-57
1754124826.2534602,-5,0,-66
1754124826.2894602,-5,9,-63
1754124826.32746,-1,3,-69
1754124826.36446,-4,2,-75
1754124826.40346,-1,0,-64
1754124826.43946,0,-1,-66
1754124826.47746,8,4,-60
1754124826.51446,7,4,-60
1754124826.55346,1,0,-79
1754124826.58946,3,-1,-74
1754124826.62746,1,-3,-67
1754124826.6644602,7,-2,-60
1754124826.70346,6,-2,-61
1754124826.73946,3,-5,-66
1754124826.7764602,5,-2,-60
1754124826.81446,2,-3,-58
1754124826.85346,1,-1,-56
1754124826.88946,0,2,-54
1754124826.92646,-2,2,-60
1754124826.96446,4,-4,-57
1754124827.0034602,0,0,-64
1754124827.0394602,-4,3,-67
1754124827.07746,-2,1,-68
1754124827.1154602,-5,4,-63
1754124827.1544602,2,3,-57
1754124827.1904602,-7,-2,-63
1754124827.22846,-7,-5,-65
1754124827.2664602,-3,-2,-59
1754124827.30546,-7,0,-53
1754124827.34346,-5,0,-60
1754124827.37946,0,4,-62
1754124827.41646,0,-2,-65
1754124827.45546,0,-2,-70
1754124827.4934602,11,-3,-56
1754124827.5294602,7,-7,-61
1754124827.56746,3,0,-66
1754124827.6054602,-8,0,-65
1754124827.6444602,4,2,-63
1754124827.68046,8,-6,-67
1754124827.71846,-4,-6,-72
1754124827.7564602,-3,-9,-67
1754124827.79546,0,-4,-68
1754124827.83346,-3,2,-63
1754124827.87646,2,6,-63
1754124827.91546,-5,-1,-58
1754124827.95346,-10,-2,-63
1754124827.98946,-10,-4,-69
1754124828.02846,-2,-1,-64
1754124828.0654602,-2,2,-74
1754124828.10446,0,-1,-73
1754124828.14046,2,-1,-67
1754124828.17846,1,-7,-60
1754124828.21646,1,0,-63
1754124828.25546,-5,4,-64
1754124828.29346,2,-2,-66
1754124828.32946,-4,-4,-64
1754124828.36746,-1,-2,-65
1754124828.40546,0,-4,-62
1754124828.4444602,-8,1,-69
1754124828.48146,-1,-4,-55
1754124828.51846,0,-8,-64
1754124828.55646,1,-2,-64
1754124828.5954602,1,0,-70
1754124828.63346,-2,-2,-67
1754124828.66946,-2,4,-69
1754124828.7074602,1,0,-81
1754124828.74546,5,0,-74
1754124828.78446,5,0,-77
1754124828.82046,1,0,-77
1754124828.85746,-5,6,-56
1754124828.89546,0,2,-63
1754124828.9344602,4,0,-59
1754124828.9704602,0,-8,-54
1754124829.00846,5,-6,-63
1754124829.0464602,-2,0,-67
1754124829.0854602,0,-4,-67
1754124829.1214602,4,-4,-65
1754124829.15946,-12,-2,-69
1754124829.1974602,-2,-7,-61
1754124829.23546,3,-4,-51
1754124829.27446,5,-6,-59
1754124829.31046,1,-8,-55
1754124829.3484602,0,-4,-62
1754124829.38646,0,3,-59
1754124829.42546,-4,2,-57
1754124829.46246,1,9,-49
1754124829.49946,3,5,-67
1754124829.53746,-4,6,-62
1754124829.5754602,3,-4,-69
1754124829.61446,-5,6,-71
1754124829.65046,-2,0,-76
1754124829.68846,0,5,-67
1754124829.72646,2,6,-63
1754124829.76546,-3,7,-66
1754124829.80146,-6,4,-61
1754124829.83946,0,3,-65
1754124829.87746,6,2,-60
1754124829.91646,1,-7,-64
1754124829.95446,0,-11,-60
1754124829.9904602,0,-5,-56
1754124830.0294602,6,8,-69
1754124830.06646,5,4,-68
1754124830.1054602,4,1,-67
1754124830.1414602,3,0,-67
1754124830.17946,-4,0,-59
1754124830.21646,-1,0,-62
1754124830.25546,1,-5,-69
1754124830.29146,2,1,-70
1754124830.32946,-4,6,-63
1754124830.36646,-8,-2,-56
1754124830.40546,-10,-5,-53
1754124830.44146,-1,1,-62
1754124830.47946,0,0,-58
1754124830.5164602,-4,0,-63
1754124830.55546,0,-6,-72
1754124830.59146,7,-3,-66
1754124830.62946,2,-1,-72
1754124830.66646,-1,-6,-63
1754124830.70546,0,-1,-67
1754124830.74146,-1,5,-64
1754124830.7794602,5,-4,-60
1754124830.81646,0,-7,-60
1754124830.8554602,0,-5,-52
1754124830.8914602,-2,-5,-64
1754124830.92946,-4,0,-59
1754124830.9674602,-7,2,-72
1754124831.0064602,1,-1,-64
1754124831.04446,-3,0,-65
1754124831.08046,-4,6,-63
1754124831.1184602,-10,-3,-60
1754124831.1574602,-2,-1,-56
1754124831.19546,-1,-2,-60
1754124831.23246,0,3,-78
1754124831.27046,0,1,-69
1754124831.30746,-4,3,-59
1754124831.34646,6,3,-62
1754124831.38246,0,-4,-63
1754124831.42046,-2,-8,-65
1754124831.45846,2,-7,-71
1754124831.4964602,3,-1,-73
1754124831.53546,2,-8,-63
1754124831.57146,-1,-8,-60
1754124831.60946,-3,-1,-63
1754124831.64746,-3,1,-65
1754124831.68646,2,0,-54
1754124831.72246,-3,1,-62
1754124831.76046,0,-8,-59
1754124831.79846,2,-1,-61
1754124831.83646,-4,-4,-61
1754124831.87546,-2,-5,-61
1754124831.9114602,0,3,-62
1754124831.94846,1,-5,-64
1754124831.9864602,-3,-9,-62
1754124832.02546,-3,-7,-63
1754124832.06146,-3,-6,-58
1754124832.09946,3,-2,-63
1754124832.13746,4,-3,-62
1754124832.17646,5,-7,-71
1754124832.21246,3,0,-72
1754124832.25046,1,2,-63
1754124832.28846,0,-2,-69
1754124832.32746,-2,2,-60
1754124832.3654602,-5,-4,-72
1754124832.4014602,-7,0,-57
1754124832.4404602,0,0,-53
1754124832.47746,2,-5,-52
1754124832.5164602,6,2,-59
1754124832.5524602,2,-1,-63
1754124832.59146,1,-5,-72
1754124832.6284602,-4,-1,-75
1754124832.6674602,-11,-2,-62
1754124832.70546,-4,-1,-57
1754124832.74146,-8,-4,-56
1754124832.7794602,-4,1,-58
1754124832.81746,3,0,-59
1754124832.85646,-6,-3,-68
1754124832.89246,0,-2,-67
1754124832.93046,0,-1,-54
1754124832.96846,-2,-5,-52
1754124833.00746,-1,-1,-55
1754124833.04546,0,1,-74
1754124833.0824602,-1,-3,-66
1754124833.11946,-1,0,-57
1754124833.1574602,-5,0,-56
1754124833.19646,-3,0,-57
1754124833.23246,3,8,-64
1754124833.2694602,2,1,-57
1754124833.30746,10,0,-54
1754124833.34646,4,2,-60
1754124833.38246,3,3,-61
1754124833.42046,-1,3,-53
1754124833.45846,3,-3,-64
1754124833.49746,5,1,-64
1754124833.53346,0,5,-67
1754124833.57046,8,3,-60
1754124833.6084602,2,-1,-73
1754124833.64746,-5,-2,-70
1754124833.68346,-6,2,-70
1754124833.72146,3,0,-73
1754124833.75846,3,1,-74
1754124833.79746,-1,0,-65
1754124833.83346,4,0,-67
1754124833.8714602,1,6,-72
1754124833.90846,0,2,-63
1754124833.9474602,-2,0,-69
1754124833.9834602,-10,-5,-62
1754124834.02146,-5,-5,-63
1754124834.0594602,-4,0,-70
1754124834.09746,0,8,-70
1754124834.13646,-3,-1,-64
1754124834.17246,-6,4,-66
1754124834.2104602,-9,4,-68
1754124834.24846,-4,2,-67
1754124834.28746,0,0,-69
1754124834.32346,-9,-2,-70
1754124834.3614602,-4,-3,-72
1754124834.40046,3,0,-59
1754124834.43846,2,0,-57
1754124834.47646,0,-1,-50
1754124834.5134602,1,-1,-72
1754124834.55046,6,0,-66
1754124834.5884602,1,-2,-64
1754124834.62746,-6,5,-54
1754124834.66346,-2,0,-69
1754124834.70146,0,0,-60
1754124834.73946,-3,-4,-54
1754124834.77846,2,-1,-57
1754124834.81646,4,-1,-58
1754124834.85246,-3,1,-67
1754124834.89046,-3,0,-70
1754124834.92846,-6,0,-75
1754124834.9674602,-7,-1,-64
1754124835.0034602,4,-5,-57
1754124835.04146,0,-1,-68
1754124835.08046,-5,1,-63
1754124835.1184602,0,2,-55
1754124835.15646,-2,-10,-66
1754124835.19246,0,-8,-63
1754124835.2304602,2,-5,-59
1754124835.26846,1,0,-66
1754124835.30646,12,0,-67
1754124835.3424602,1,-5,-61
1754124835.38046,12,-9,-49
1754124835.41846,0,-2,-56
1754124835.4574602,4,0,-59
1754124835.4934602,1,-4,-63
1754124835.53046,1,-5,-65
1754124835.56846,3,-6,-52
1754124835.60746,8,-8,-55
1754124835.64346,4,-11,-57
1754124835.68146,3,-5,-55
1754124835.71946,-3,-5,-49
1754124835.75846,-2,-4,-53
1754124835.79446,-7,-6,-64
1754124835.8324602,-2,-2,-65
1754124835.8714602,-5,-8,-67
1754124835.90846,-3,1,-63
1754124835.9474602,-2,3,-68
1754124835.9834602,3,6,-74
1754124836.02146,8,-4,-68
1754124836.05846,2,1,-61
1754124836.09746,1,0,-65
1754124836.13346,3,2,-67
1754124836.1714602,-2,5,-57
1754124836.20846,-1,-1,-61
1754124836.24746,0,-2,-69
1754124836.28346,0,-3,-62
1754124836.32146,3,-2,-77
1754124836.35946,3,-9,-66
1754124836.39846,5,0,-51
1754124836.4344602,4,1,-50
1754124836.47246,-5,0,-58
1754124836.51046,0,-1,-64
1754124836.54846,3,0,-58
1754124836.58746,4,0,-64
1754124836.62346,0,-3,-56
1754124836.6614602,-2,-4,-69
1754124836.7004602,1,2,-63
1754124836.73846,-1,-3,-61
1754124836.77446,5,-5,-68
1754124836.81146,-2,-6,-69
1754124836.85046,0,-3,-67
1754124836.8884602,3,-2,-69
1754124836.9244602,0,-11,-58
1754124836.96146,-3,-2,-57
1754124837.00046,-6,-1,-63
1754124837.03846,6,-7,-73
1754124837.07446,-2,-2,-78
1754124837.11346,-2,-3,-78
1754124837.15046,-2,-6,-67
1754124837.18946,0,-4,-68
1754124837.22746,-3,-2,-62
1754124837.2634602,-1,-1,-60
1754124837.30146,0,1,-65
1754124837.33946,3,1,-60
1754124837.3784602,5,-3,-60
1754124837.4144602,6,-3,-55
1754124837.45246,3,-7,-71
1754124837.49146,-2,0,-53
1754124837.5294602,5,-6,-68
1754124837.56746,8,0,-67
1754124837.60446,10,-7,-70
1754124837.6414602,2,-1,-62
1754124837.67946,-5,1,-64
1754124837.71846,0,1,-50
1754124837.75446,0,0,-61
1754124837.79146,-1,-7,-64
1754124837.82946,-1,-6,-60
1754124837.8684602,4,-4,-65
1754124837.91246,0,0,-64
1754124837.95146,0,-1,-70
1754124837.98946,-3,2,-63
1754124838.02546,-2,7,-62
1754124838.06346,0,0,-54
1754124838.10146,1,-1,-67
1754124838.13946,9,-1,-70
1754124838.17846,0,0,-59
1754124838.21446,-3,2,-60
1754124838.25246,-3,1,-72
1754124838.29046,-2,5,-66
1754124838.32946,2,9,-63
1754124838.3654602,-2,-5,-60
1754124838.4044602,0,-6,-71
1754124838.44146,1,-10,-73
1754124838.47946,0,-3,-61
1754124838.51846,2,-1,-68
1754124838.55446,1,0,-62
1754124838.59146,6,-6,-67
1754124838.62946,1,-4,-59
1754124838.66846,6,-4,-64
1754124838.70446,0,-2,-57
1754124838.74246,4,2,-67
1754124838.78046,-1,-1,-60
1754124838.8194602,-5,-3,-67
1754124838.8554602,3,0,-61
1754124838.89246,2,3,-75
1754124838.93046,3,4,-69
1754124838.96946,3,-2,-60
1754124839.00546,0,-3,-63
1754124839.04346,-3,-3,-66
1754124839.08146,4,3,-72
1754124839.12046,-5,8,-73
1754124839.15846,0,1,-71
1754124839.1944602,0,0,-68
1754124839.23146,-2,-1,-58
1754124839.27046,3,-1,-64
1754124839.30846,4,2,-64
1754124839.34446,7,4,-65
1754124839.3814602,-1,1,-69
1754124839.42046,0,1,-68
1754124839.45846,-1,1,-69
1754124839.49446,-3,5,-51
1754124839.53346,-15,6,-69
1754124839.57046,-4,1,-59
1754124839.60946,-4,-2,-57
1754124839.64546,-2,-1,-51
1754124839.68346,8,-1,-63
1754124839.72146,4,-1,-75
1754124839.76046,-7,0,-63
1754124839.79846,0,-2,-55
1754124839.83446,-3,0,-67
1754124839.87246,8,-7,-57
1754124839.91046,2,-2,-67
1754124839.94946,-6,-4,-79
1754124839.98546,0,2,-64
1754124840.02246,0,2,-66
1754124840.06046,-2,-3,-59
1754124840.09946,-3,1,-66
1754124840.13546,-8,0,-69
1754124840.17346,0,-3,-66
1754124840.21246,-6,-5,-63
1754124840.25046,1,0,-64
1754124840.2864602,1,-8,-62
1754124840.32446,0,-5,-63
1754124840.36246,-7,-4,-60
1754124840.40046,4,0,-69
1754124840.43946,-6,-6,-68
1754124840.47546,-7,-3,-66
1754124840.5134602,-3,0,-55
1754124840.55146,0,0,-60
1754124840.59046,-3,0,-58
1754124840.62646,-3,-6,-61
1754124840.6644602,0,-3,-63
1754124840.70346,-5,-3,-57
1754124840.7404602,-3,-6,-51
1754124840.7794602,4,-1,-68
1754124840.8154602,0,-5,-63
1754124840.85346,-4,-2,-59
1754124840.8914602,-1,0,-60
1754124840.93046,-1,-1,-64
1754124840.96646,0,6,-67
1754124841.0034602,0,1,-74
1754124841.04146,-3,0,-68
1754124841.08046,0,-4,-79
1754124841.11646,-4,1,-68
1754124841.1544602,-5,3,-67
1754124841.19246,12,-5,-61
1754124841.23146,9,0,-72
1754124841.2694602,3,0,-67
1754124841.30546,0,2,-69
1754124841.3424602,0,-5,-61
1754124841.3814602,-1,-8,-59
1754124841.41946,-2,-4,-56
1754124841.45546,5,-3,-66
1754124841.49246,0,-4,-71
1754124841.53146,0,-3,-61
1754124841.5694602,-1,0,-52
1754124841.6054602,-6,0,-57
1754124841.64246,-3,-4,-55
1754124841.68146,0,-6,-66
1754124841.71946,5,2,-60
1754124841.75546,8,1,-63
1754124841.7924602,2,4,-74
1754124841.83146,1,3,-62
1754124841.86946,4,0,-68
1754124841.90546,-1,-3,-70
1754124841.94346,0,1,-65
1754124841.98146,-5,-3,-70
1754124842.02046,-8,-3,-70
1754124842.05646,-4,-3,-72
1754124842.09446,5,-7,-74
1754124842.13246,3,-2,-66
1754124842.1714602,2,-1,-63
1754124842.20946,0,1,-52
1754124842.24546,-5,-1,-57
1754124842.28346,-4,-6,-58
1754124842.32146,4,-3,-63
1754124842.36046,-2,2,-60
1754124842.39746,-4,0,-74
1754124842.4344602,2,0,-69
1754124842.47246,6,-1,-67
1754124842.51146,-2,2,-74
1754124842.54746,1,3,-75
1754124842.58446,3,0,-71
1754124842.62246,4,0,-77
1754124842.6614602,0,-7,-72
1754124842.6974602,-1,-7,-72
1754124842.73546,-5,-3,-61
1754124842.77346,-1,1,-67
1754124842.81146,-2,5,-75
1754124842.85046,-3,0,-75
1754124842.88646,0,2,-74
1754124842.92346,5,2,-58
1754124842.96146,6,0,-60
1754124843.00046,1,0,-59
1754124843.0364602,0,0,-60
1754124843.07346,2,-6,-70
1754124843.1114602,5,-1,-63
1754124843.15046,-3,1,-69
1754124843.18646,6,1,-80
1754124843.2234602,3,-4,-69
1754124843.26146,-3,5,-62
1754124843.30046,-4,-1,-63
1754124843.33646,0,-3,-59
1754124843.37446,-3,-2,-65
1754124843.41246,-4,-3,-64
1754124843.45146,-6,-3,-68
1754124843.48746,-7,-4,-68
1754124843.52546,3,-1,-65
1754124843.56446,2,4,-60
1754124843.60246,7,3,-50
1754124843.64046,7,-3,-67
1754124843.67646,1,-3,-68
1754124843.71446,-1,-1,-64
1754124843.75246,-1,-1,-60
1754124843.79146,-7,-2,-63
1754124843.82746,-3,2,-53
1754124843.8654602,-7,-2,-64
1754124843.90346,-5,-1,-65
1754124843.94246,2,7,-53
1754124843.9804602,5,1,-61
1754124844.0164602,1,0,-59
1754124844.05346,4,0,-56
1754124844.0924602,2,-2,-62
1754124844.13046,-3,-3,-66
1754124844.16646,0,-4,-67
1754124844.20446,-2,1,-72
1754124844.2434602,-1,0,-71
1754124844.28146,-2,2,-63
1754124844.31746,-10,-5,-56
1754124844.3554602,-7,2,-59
1754124844.39346,0,3,-68
1754124844.43246,7,2,-52
1754124844.4704602,1,3,-52
1754124844.5064602,4,1,-71
1754124844.54346,0,-2,-62
1754124844.5824602,-1,-2,-62
1754124844.62046,1,1,-60
1754124844.65646,-2,6,-58
1754124844.6944602,-7,-2,-44
1754124844.73246,-6,-1,-64
1754124844.77146,-3,0,-71
1754124844.80746,-4,0,-66
1754124844.8454602,2,-1,-67
1754124844.88346,-1,2,-60
1754124844.92246,10,-2,-52
1754124844.95846,6,1,-65
1754124844.9964602,-5,-1,-60
1754124845.03446,-7,-4,-74
1754124845.0724602,8,-4,-65
1754124845.1114602,2,0,-57
1754124845.14746,7,-4,-58
1754124845.1844602,-2,-4,-59
1754124845.22246,1,-4,-67
1754124845.26146,1,1,-56
1754124845.29746,7,-4,-66
1754124845.3354602,4,0,-66
1754124845.37346,3,0,-63
1754124845.41246,0,0,-71
1754124845.44846,-4,0,-60
1754124845.4864602,-1,-4,-71
1754124845.52446,-5,-6,-61
1754124845.5624602,0,-4,-60
1754124845.60146,1,0,-61
1754124845.63746,0,-1,-55
1754124845.67546,3,-1,-60
1754124845.7134602,0,-1,-69
1754124845.75246,-1,0,-61
1754124845.78846,1,-4,-59
1754124845.82646,-9,5,-62
1754124845.86446,0,-1,-66
1754124845.90346,1,0,-61
1754124845.94146,0,-1,-51
1754124845.97846,0,2,-52
1754124846.01546,7,0,-67
1754124846.05346,-4,0,-74
1754124846.0924602,-4,2,-69
1754124846.1284602,-4,3,-64
1754124846.16546,-1,9,-75
1754124846.20346,-4,1,-68
1754124846.24246,-11,-1,-57
1754124846.27846,7,2,-69
1754124846.3154602,-2,-2,-66
1754124846.35346,-1,-6,-62
1754124846.39246,-6,0,-63
1754124846.42846,1,-5,-57
1754124846.46646,0,-4,-76
1754124846.5034602,2,-3,-72
1754124846.5424602,-1,0,-68
1754124846.57846,-1,2,-66
1754124846.61646,-4,-3,-54
1754124846.6544602,1,-8,-62
1754124846.69346,-1,-3,-58
1754124846.73146,0,0,-80
1754124846.76746,1,2,-83
1754124846.80446,-8,-7,-66
1754124846.84346,3,1,-56
1754124846.8814602,1,-2,-59
1754124846.9174602,-1,-1,-66
1754124846.95546,-3,-9,-66
1754124846.9934602,1,-8,-67
1754124847.0324602,2,0,-69
1754124847.06846,0,1,-68
1754124847.1054602,-8,0,-64
1754124847.14346,1,-1,-60
1754124847.18246,5,-4,-64
1754124847.21846,6,2,-65
1754124847.25546,7,4,-66
1754124847.29346,-10,-3,-64
1754124847.3324602,4,0,-63
1754124847.3684602,2,0,-71
1754124847.40546,-2,-3,-62
1754124847.44346,-2,0,-63
1754124847.48246,2,5,-57
1754124847.51846,3,4,-65
1754124847.55646,2,0,-65
1754124847.59446,4,-5,-72
1754124847.63346,-3,-4,-74
1754124847.66946,-5,-1,-73
1754124847.70846,-1,-8,-64
1754124847.74546,-8,-5,-68
1754124847.78346,-4,7,-66
1754124847.8224602,5,2,-76
1754124847.8584602,4,-6,-64
1754124847.89546,-1,0,-68
1754124847.93946,-4,-5,-68
1754124847.97846,-4,5,-55
1754124848.01546,1,0,-61
1754124848.05346,0,-1,-59
1754124848.0924602,4,4,-57
1754124848.1284602,2,5,-66
1754124848.16646,-2,1,-69
1754124848.20446,-2,-2,-63
1754124848.24246,-4,2,-63
1754124848.27846,-7,-5,-61
1754124848.31646,2,-3,-57
1754124848.35446,3,-7,-60
1754124848.39346,0,-2,-49
1754124848.42946,0,4,-55
1754124848.4674602,10,-4,-61
1754124848.50546,-4,-6,-47
1754124848.54446,-3,0,-54
1754124848.5824602,0,-3,-57
1754124848.6184602,-1,-4,-66
1754124848.6574602,-3,-7,-60
1754124848.6944602,0,-4,-70
1754124848.7334602,-5,2,-61
1754124848.7694602,-3,3,-55
1754124848.80746,0,0,-59
1754124848.8454602,-3,-1,-71
1754124848.8844602,-4,-1,-65
1754124848.92246,3,0,-57
1754124848.95846,-3,-4,-60
1754124848.9964602,0,-5,-71
1754124849.03546,-2,-1,-68
1754124849.07346,0,-1,-56
1754124849.10946,5,-1,-56
1754124849.14846,4,-3,-48
1754124849.18546,4,-3,-68
1754124849.22446,-2,2,-67
1754124849.26246,-6,4,-66
1754124849.2994602,-7,5,-69
1754124849.33746,1,7,-79
1754124849.37546,-4,0,-66
1754124849.4144602,3,2,-68
1754124849.4504602,0,2,-73
1754124849.48746,5,4,-68
1754124849.52546,4,0,-59
1754124849.56446,2,-2,-63
1754124849.60046,-5,-4,-60
1754124849.6384602,-2,0,-63
1754124849.67646,-4,-7,-68
1754124849.71446,3,-1,-66
1754124849.7534602,-3,4,-68
1754124849.79046,4,5,-68
1754124849.82746,1,0,-66
1754124849.8654602,-5,2,-70
1754124849.9044602,1,-3,-61
1754124849.9404602,-4,-7,-57
1754124849.97846,-4,-4,-57
1754124850.0164602,-2,-3,-64
1754124850.05546,0,-2,-56
1754124850.09346,-1,4,-70
1754124850.12946,7,-5,-78
1754124850.16646,0,-4,-68
1754124850.20546,0,-5,-56
1754124850.2434602,1,-5,-69
1754124850.2794602,6,0,-70
1754124850.31746,0,5,-71
1754124850.35646,-5,2,-61
1754124850.3944602,-1,-2,-56
1754124850.43046,0,-3,-50
1754124850.46846,7,-8,-58
1754124850.5064602,4,-3,-68
1754124850.54546,0,0,-58
1754124850.58346,-4,-5,-65
1754124850.61946,-1,-4,-66
1754124850.6574602,-5,-3,-61
1754124850.69546,0,1,-69
1754124850.73446,4,2,-68
1754124850.77046,5,4,-60
1754124850.80846,0,0,-53
1754124850.84746,-4,3,-65
1754124850.88546,-1,1,-64
1754124850.92346,-2,-3,-52
1754124850.95946,-5,2,-62
1754124850.99746,-1,2,-62
1754124851.03546,0,1,-54
1754124851.07346,4,1,-73
1754124851.10946,1,1,-75
1754124851.14746,-5,-1,-65
1754124851.18546,-9,-1,-64
1754124851.2234602,-3,-2,-68
1754124851.2594602,-3,3,-76
1754124851.29746,-3,-7,-62
1754124851.3354602,-6,-3,-59
1754124851.37446,-7,2,-64
1754124851.41046,-4,5,-55
1754124851.44846,0,8,-66
1754124851.4864602,-2,5,-70
1754124851.52546,0,3,-65
1754124851.56346,-2,-3,-68
1754124851.60046,0,0,-72
1754124851.63746,0,-1,-66
1754124851.67646,2,0,-69
1754124851.71446,2,1,-70
1754124851.75046,0,0,-54
1754124851.78746,-2,2,-61
1754124851.82646,-4,6,-72
1754124851.86446,0,1,-61
1754124851.90046,0,1,-61
1754124851.9374602,2,-1,-74
1754124851.97646,1,-3,-77
1754124852.01446,4,-1,-66
1754124852.05046,0,2,-62
1754124852.08746,2,-5,-65
1754124852.12646,1,-6,-69
1754124852.1644602,-1,-9,-58
1754124852.2004602,-1,2,-55
1754124852.23946,-7,2,-58
1754124852.2764602,1,2,-60
1754124852.3154602,4,5,-70
1754124852.35146,-2,5,-65
1754124852.38946,0,-3,-71
1754124852.4274602,0,-2,-64
1754124852.46546,0,-5,-71
1754124852.50446,0,-6,-67
1754124852.54146,-3,-7,-67
1754124852.57846,3,3,-59
1754124852.61646,0,3,-55
1754124852.65546,2,0,-58
1754124852.69146,0,1,-55
1754124852.72846,4,-4,-55
1754124852.7664602,1,-1,-58
1754124852.80546,7,-2,-70
1754124852.84146,6,-6,-73
1754124852.87946,0,-6,-81
1754124852.9174602,1,-3,-72
1754124852.95646,1,0,-66
1754124852.99446,0,-2,-77
1754124853.03046,-2,3,-69
1754124853.06846,-6,1,-59
1754124853.10646,-4,-2,-64
1754124853.14546,-7,10,-58
1754124853.18146,-5,4,-64
1754124853.21946,0,-2,-73
1754124853.25746,-7,1,-72
1754124853.2964602,0,-2,-70
1754124853.33446,-4,-11,-71
1754124853.37046,-4,-5,-72
1754124853.40946,0,2,-67
1754124853.44646,-7,-2,-62
1754124853.48546,-4,-4,-60
1754124853.52146,-2,-2,-69
1754124853.5594602,-2,-9,-67
1754124853.59746,8,-7,-66
1754124853.63646,1,-2,-64
1754124853.6744602,-6,-2,-68
1754124853.7104602,0,-5,-67
1754124853.74846,7,-4,-64
1754124853.7864602,7,1,-56
1754124853.8254602,4,0,-57
1754124853.8614602,-7,0,-62
1754124853.89946,-7,0,-65
1754124853.9374602,-11,0,-58
1754124853.97646,2,0,-64
1754124854.01246,2,2,-68
1754124854.0494602,0,0,-68
1754124854.0884602,1,7,-67
1754124854.12646,1,-1,-56
1754124854.16246,-4,-5,-68
1754124854.2004602,8,-2,-59
1754124854.23846,-2,-2,-60
1754124854.27746,-3,-5,-62
1754124854.3154602,-6,-2,-61
1754124854.35146,-6,0,-59
1754124854.38946,6,1,-64
1754124854.4274602,3,2,-59
1754124854.46646,-1,6,-64
1754124854.50246,0,0,-65
1754124854.54046,1,-8,-64
1754124854.57946,-1,-1,-47
1754124854.61646,1,-3,-61
1754124854.65546,0,2,-63
1754124854.69146,0,3,-59
1754124854.72846,10,2,-54
1754124854.7664602,3,-6,-59
1754124854.80546,1,3,-63
1754124854.84146,0,0,-55
1754124854.87946,4,0,-63
1754124854.91646,-1,0,-55
1754124854.95546,-1,0,-67
1754124854.99146,-1,2,-71
1754124855.0294602,0,-2,-77
1754124855.06746,-4,0,-69
1754124855.10646,0,-1,-68
1754124855.14246,-2,-4,-71
1754124855.18046,-4,1,-65
1754124855.21846,2,2,-63
1754124855.25746,-1,0,-56
1754124855.29546,0,2,-53
1754124855.33146,2,1,-58
1754124855.3684602,5,0,-63
1754124855.4074602,6,0,-70
1754124855.44546,-2,-2,-52
1754124855.48146,-6,-5,-67
1754124855.5194602,5,-1,-58
1754124855.55846,-4,1,-68
1754124855.59646,10,0,-64
1754124855.63246,2,-9,-70
1754124855.66946,-3,-1,-65
1754124855.70846,-1,-1,-59
1754124855.7464602,-1,-1,-62
1754124855.7824602,1,2,-55
1754124855.8194602,0,0,-55
1754124855.8584602,0,3,-65
1754124855.89646,-2,-2,-68
1754124855.93246,-3,-4,-62
1754124855.97146,-3,0,-63
1754124856.00846,-3,-3,-63
1754124856.04746,5,0,-65
1754124856.0854602,-4,-5,-66
1754124856.1214602,-7,-6,-59
1754124856.15946,-7,-3,-60
1754124856.1974602,-3,4,-70
1754124856.2364602,-4,5,-63
1754124856.27246,-3,-1,-72
1754124856.31046,-7,0,-66
1754124856.34946,-2,-3,-63
1754124856.38746,-4,-1,-62
1754124856.42346,-1,3,-65
1754124856.46246,-2,4,-63
1754124856.49946,-5,2,-78
1754124856.53746,1,-4,-65
1754124856.57646,0,-3,-62
1754124856.61246,0,-2,-69
1754124856.65046,1,4,-78
1754124856.68846,0,-4,-62
1754124856.72746,-3,2,-60
1754124856.76446,-4,-7,-78
1754124856.80146,-1,-3,-68
1754124856.83946,2,0,-64
1754124856.8784602,8,-8,-71
1754124856.91646,5,-10,-62
1754124856.95246,3,-6,-60
1754124856.99146,2,-10,-51
1754124857.02846,-5,-5,-73
1754124857.06746,-3,-3,-67
1754124857.10346,-9,1,-62
1754124857.1414602,2,0,-66
1754124857.17946,0,-4,-66
1754124857.21846,2,-3,-63
1754124857.2564602,13,4,-62
1754124857.2924602,5,0,-59
1754124857.33046,-1,4,-56
1754124857.3684602,-6,-6,-64
1754124857.4074602,-1,-7,-51
1754124857.44346,2,-5,-60
1754124857.4804602,1,-3,-67
1754124857.51846,-2,0,-65
1754124857.55746,1,3,-64
1754124857.59346,-2,3,-69
1754124857.63046,-7,2,-63
1754124857.66846,0,2,-53
1754124857.7074602,4,0,-60
1754124857.7434602,2,0,-65
1754124857.78046,-2,0,-65
1754124857.81846,-5,-4,-74
1754124857.85746,3,0,-72
1754124857.89346,5,2,-78
1754124857.93046,1,-4,-66
1754124857.97646,-5,2,-66
1754124858.01246,-3,1,-67
1754124858.05046,0,3,-68
1754124858.08946,-6,1,-62
1754124858.12746,-7,4,-57
1754124858.16346,-3,0,-57
1754124858.20146,1,0,-61
1754124858.23946,-7,3,-59
1754124858.27846,-9,-5,-66
1754124858.31646,-3,-5,-60
1754124858.35246,-2,-1,-57
1754124858.39046,1,7,-59
1754124858.42846,2,7,-74
1754124858.4674602,0,6,-64
1754124858.5034602,-1,4,-63
1754124858.54146,0,0,-58
1754124858.57946,0,9,-69
1754124858.6184602,5,2,-66
1754124858.6544602,4,0,-57
1754124858.69146,6,0,-68
1754124858.72946,-1,0,-74
1754124858.76846,-4,-8,-68
1754124858.80446,-5,-9,-59
1754124858.8424602,-7,0,-73
1754124858.88046,-6,-2,-66
1754124858.91846,-2,5,-67
1754124858.9574602,-2,3,-73
1754124858.9934602,-1,0,-67
1754124859.03146,4,0,-54
1754124859.07046,10,-7,-61
1754124859.1084602,1,0,-60
1754124859.1444602,2,0,-60
1754124859.18146,-2,-2,-55
1754124859.2204602,4,-2,-64
1754124859.25846,-4,3,-58
1754124859.29446,-5,2,-61
1754124859.3324602,-7,-5,-67
1754124859.37046,-4,-6,-55
1754124859.40846,-6,0,-59
1754124859.4474602,0,0,-60
1754124859.4834602,-3,0,-74
1754124859.52046,-5,0,-76
1754124859.5594602,-3,-1,-61
1754124859.59746,-2,4,-71
1754124859.63346,0,-4,-65
1754124859.67046,4,-4,-74
1754124859.70946,-2,-1,-58
1754124859.74746,-1,-7,-58
1754124859.78346,3,-9,-65
1754124859.82046,2,0,-60
1754124859.85946,4,-1,-66
1754124859.89746,3,2,-65
1754124859.93346,7,0,-60
1754124859.9704602,1,3,-54
1754124860.0094602,4,0,-71
1754124860.04746,-2,3,-71
1754124860.08346,1,2,-58
1754124860.1214602,-1,-3,-57
1754124860.15946,9,-4,-48
1754124860.19846,8,-2,-54
1754124860.23446,11,-9,-58
1754124860.27346,1,-1,-68
1754124860.31046,-3,0,-65
1754124860.34946,-3,1,-62
1754124860.38746,-2,0,-50
1754124860.42346,-1,2,-57
1754124860.46146,0,3,-57
1754124860.49946,-1,0,-73
1754124860.53846,-3,4,-70
1754124860.57446,1,-2,-60
1754124860.61246,0,4,-72
1754124860.65046,-4,3,-66
1754124860.68946,0,2,-75
1754124860.72746,0,-3,-71
1754124860.7634602,0,0,-59
1754124860.80046,-2,7,-63
1754124860.83946,-5,6,-65
1754124860.87546,-9,0,-60
1754124860.9144602,-4,0,-55
1754124860.95146,-7,3,-69
1754124860.9904602,0,1,-62
1754124861.02846,0,2,-69
1754124861.06446,0,-3,-64
1754124861.10346,-1,-7,-69
1754124861.14046,0,-9,-67
1754124861.17946,4,-3,-62
1754124861.21546,0,0,-79
1754124861.25246,5,-4,-64
1754124861.29046,5,1,-62
1754124861.32946,-1,5,-62
1754124861.3654602,-6,1,-59
1754124861.40246,0,-4,-67
1754124861.4404602,0,0,-66
1754124861.47946,1,0,-57
1754124861.51546,2,-3,-71
1754124861.5524602,3,-4,-60
1754124861.59046,0,-1,-60
1754124861.62946,-2,1,-73
1754124861.66546,3,0,-68
1754124861.70246,6,-2,-60
1754124861.7404602,4,-1,-67
1754124861.7794602,4,-5,-65
1754124861.8154602,2,-11,-64
1754124861.85346,5,-4,-62
1754124861.8914602,0,-4,-61
1754124861.93046,0,0,-64
1754124861.96846,-7,1,-67
1754124862.00446,-4,3,-66
1754124862.0424602,-4,-2,-60
1754124862.08046,2,1,-68
1754124862.11946,0,-3,-61
1754124862.15546,2,-5,-60
1754124862.19346,0,-2,-59
1754124862.23146,-3,1,-57
1754124862.27046,3,-1,-64
1754124862.30846,0,-3,-71
1754124862.34446,3,1,-69
1754124862.3814602,-2,-2,-67
1754124862.42046,0,1,-65
1754124862.45846,2,2,-65
1754124862.49446,-5,-3,-68
1754124862.5324602,1,1,-59
1754124862.57046,-1,2,-66
1754124862.60946,-4,-2,-69
1754124862.64546,-2,0,-67
1754124862.68346,-5,1,-56
1754124862.72146,2,2,-59
1754124862.76046,1,0,-64
1754124862.79846,-6,-4,-67
1754124862.83446,0,-11,-74
1754124862.87246,-6,-3,-68
1754124862.91046,0,-6,-74
1754124862.94946,4,-6,-66
1754124862.98546,1,-1,-68
1754124863.02346,3,0,-63
1754124863.06146,-1,-1,-56
1754124863.10046,-1,6,-62
1754124863.13646,2,7,-60
1754124863.17346,0,3,-63
1754124863.21146,-1,6,-60
1754124863.25046,-8,0,-60
1754124863.2864602,-2,0,-66
1754124863.32446,3,2,-68
1754124863.36346,-1,1,-64
1754124863.40046,3,0,-61
1754124863.43946,-3,1,-52
1754124863.47546,0,-2,-55
1754124863.5134602,3,-4,-69
1754124863.5524602,2,-2,-66
1754124863.59046,-4,0,-70
1754124863.62646,-6,4,-67
1754124863.66346,-9,-1,-60
1754124863.70246,0,3,-63
1754124863.7404602,-2,1,-73
1754124863.7764602,0,-3,-68
1754124863.81446,-2,0,-65
1754124863.85246,-3,-1,-65
1754124863.89046,-2,-1,-75
1754124863.92946,3,3,-65
1754124863.96546,0,2,-66
1754124864.00246,0,-1,-60
1754124864.04046,0,2,-56
1754124864.07946,1,0,-55
1754124864.1154602,7,1,-64
1754124864.15246,-1,-5,-53
1754124864.19146,3,-2,-59
1754124864.22946,0,0,-61
1754124864.26546,-4,1,-71
1754124864.30346,0,-3,-58
1754124864.34146,-2,0,-67
1754124864.38046,0,-7,-67
1754124864.41646,6,-2,-60
1754124864.45446,0,2,-64
1754124864.4934602,1,4,-46
1754124864.53146,2,0,-60
1754124864.5694602,0,-4,-78
1754124864.6054602,-6,-1,-77
1754124864.64346,-2,-2,-71
1754124864.68146,1,2,-65
1754124864.7204602,0,-1,-66
1754124864.7564602,0,-6,-74
1754124864.79346,2,-2,-73
1754124864.83146,0,0,-64
1754124864.87046,-1,-6,-62
1754124864.90646,-6,-5,-59
1754124864.9444602,0,-3,-56
1754124864.98246,-3,0,-61
1754124865.02146,-2,0,-57
1754124865.0594602,3,-1,-63
1754124865.0954602,5,3,-62
1754124865.13246,2,0,-72
1754124865.1714602,0,-5,-72
1754124865.20946,4,2,-69
1754124865.24546,6,0,-74
1754124865.2824602,2,3,-58
1754124865.32146,3,3,-71
1754124865.35946,0,0,-59
1754124865.39546,-11,3,-60
1754124865.43346,-9,-5,-59
1754124865.47246,-14,0,-64
1754124865.51046,-5,0,-72
1754124865.5464602,-14,-1,-67
1754124865.58446,-2,-1,-56
1754124865.62246,-1,6,-54
1754124865.6614602,-10,-6,-48
1754124865.6974602,-2,-3,-59
1754124865.73546,-2,1,-61
1754124865.77346,-2,-1,-60
1754124865.81146,1,-3,-67
1754124865.85046,0,-6,-70
1754124865.88646,-1,1,-68
1754124865.9244602,-6,-1,-63
1754124865.96246,0,0,-67
1754124866.00146,-2,0,-75
1754124866.03746,5,-3,-66
1754124866.07446,5,-3,-61
1754124866.11346,7,1,-51
1754124866.1514602,3,2,-55
1754124866.1874602,-4,0,-55
1754124866.22446,-8,2,-63
1754124866.2634602,-2,-3,-60
1754124866.30146,1,3,-63
1754124866.33746,0,-2,-72
1754124866.37446,2,3,-66
1754124866.41246,3,4,-69
1754124866.45146,-3,6,-67
1754124866.48746,-2,0,-71
1754124866.52446,-6,0,-62
1754124866.5624602,9,3,-55
1754124866.60146,5,3,-59
1754124866.63746,0,4,-60
1754124866.6744602,-4,1,-59
1754124866.71246,-3,4,-67
1754124866.75146,2,7,-63
1754124866.78746,-3,5,-71
1754124866.82446,1,0,-68
1754124866.86246,-5,0,-66
1754124866.9014602,-6,10,-62
1754124866.9374602,-2,0,-65
1754124866.97546,-5,1,-64
1754124867.01246,5,5,-65
1754124867.05146,0,11,-71
1754124867.08746,-3,7,-67
1754124867.12546,-2,0,-62
1754124867.16346,-3,1,-54
1754124867.20246,-1,-1,-74
1754124867.2404602,1,-1,-63
1754124867.2764602,-1,-3,-61
1754124867.31446,-2,-2,-59
1754124867.35246,0,-3,-65
1754124867.3914602,-5,-6,-76
1754124867.4274602,2,2,-70
1754124867.46546,0,1,-58
1754124867.5034602,3,1,-60
1754124867.5424602,3,0,-62
1754124867.58046,0,-1,-55
1754124867.61646,7,3,-54
1754124867.65346,6,-1,-58
1754124867.69246,4,-4,-62
1754124867.72846,-6,0,-61
1754124867.7664602,-5,-2,-74
1754124867.80546,-6,-3,-73
1754124867.8424602,0,-2,-62
1754124867.8814602,-2,1,-55
1754124867.9174602,-8,2,-74
1754124867.95546,-10,-5,-69
1754124868.00146,-2,0,-63
1754124868.03746,0,-2,-64
1754124868.0754602,1,4,-61
1754124868.11346,0,3,-64
1754124868.15246,-9,4,-68
1754124868.18846,-5,1,-74
1754124868.22646,0,-1,-64
1754124868.26446,-3,-3,-59
1754124868.3024602,-3,1,-69
1754124868.34146,0,0,-68
1754124868.3784602,-6,-4,-63
1754124868.41546,0,0,-61
1754124868.45346,4,-2,-70
1754124868.49246,3,-2,-76
1754124868.52846,8,-1,-74
1754124868.56646,7,-2,-66
1754124868.60446,-4,-4,-67
1754124868.64246,-2,-1,-59
1754124868.68146,0,2,-62
1754124868.7174602,-1,-1,-66
1754124868.75546,0,4,-66
1754124868.79346,1,2,-63
1754124868.8324602,-1,0,-63
1754124868.8684602,-8,8,-61
1754124868.90646,-2,7,-68
1754124868.9444602,-2,0,-77
1754124868.9834602,0,-1,-57
1754124869.02146,1,-2,-65
1754124869.05746,3,-4,-69
1754124869.0954602,-2,-6,-63
1754124869.1344602,1,-1,-58
1754124869.17246,8,-3,-64
1754124869.20846,0,3,-59
1754124869.24546,-2,5,-68
1754124869.28446,0,2,-61
1754124869.3224602,5,-6,-67
1754124869.3584602,1,0,-60
1754124869.39546,-1,-7,-80
1754124869.4344602,1,-1,-80
1754124869.47246,-2,0,-73
1754124869.50846,-1,-5,-75
1754124869.5464602,-1,-1,-66
1754124869.58446,-9,0,-60
1754124869.62346,-5,-4,-63
1754124869.6614602,2,0,-63
1754124869.6974602,0,0,-65
1754124869.73446,0,-1,-69
1754124869.77346,0,-4,-66
1754124869.81146,0,0,-76
1754124869.84746,4,0,-61
1754124869.8844602,-6,-6,-61
1754124869.92346,-2,-11,-65
1754124869.96146,2,3,-58
1754124869.99746,-2,8,-58
1754124870.03546,-1,1,-61
1754124870.07446,-2,-5,-69
1754124870.11246,1,-3,-63
1754124870.14846,5,-5,-71
1754124870.18646,-6,0,-68
1754124870.22446,3,-1,-68
1754124870.2634602,-2,-1,-69
1754124870.2994602,-7,0,-57
1754124870.3384602,0,3,-57
1754124870.37546,0,3,-55
1754124870.41346,0,0,-57
1754124870.45246,3,0,-61
1754124870.48846,0,-5,-67
1754124870.52546,0,1,-55
1754124870.56346,-1,-5,-58
1754124870.60246,0,-10,-64
1754124870.6384602,-2,-4,-65
1754124870.67646,2,0,-62
1754124870.71446,-7,2,-59
1754124870.7534602,-2,0,-70
1754124870.7894602,2,-1,-63
1754124870.82746,3,-1,-57
1754124870.86646,3,7,-71
1754124870.90346,-1,3,-72
1754124870.94246,-1,0,-66
1754124870.97846,-2,-2,-78
1754124871.0164602,-6,-4,-69
1754124871.05446,3,1,-57
1754124871.09346,-3,0,-69
1754124871.12946,3,-2,-53
1754124871.1674602,1,-1,-46
1754124871.20446,0,0,-59
1754124871.2434602,1,-5,-59
1754124871.2794602,6,0,-64
1754124871.31646,4,-5,-64
1754124871.35446,4,-5,-59
1754124871.39346,1,-4,-64
1754124871.42946,-7,-2,-70
1754124871.4674602,-5,-5,-74
1754124871.50546,-7,-1,-65
1754124871.54446,-4,4,-57
1754124871.5824602,-5,-6,-62
1754124871.6184602,1,-2,-62
1754124871.65546,-2,-5,-60
1754124871.6944602,-4,-1,-64
1754124871.73246,-4,-2,-71
1754124871.76846,0,2,-64
1754124871.80546,-1,-2,-57
1754124871.84446,-2,-3,-72
1754124871.88246,-2,0,-74
1754124871.91846,0,2,-70
1754124871.95546,-8,-1,-60
1754124871.99446,-3,-1,-59
1754124872.0324602,-1,-1,-61
1754124872.06846,0,-2,-66
1754124872.1054602,0,6,-66
1754124872.1444602,4,0,-64
1754124872.18246,-2,-2,-65
1754124872.21846,-2,-5,-68
1754124872.2564602,1,-11,-53
1754124872.29546,-3,-3,-65
1754124872.33346,5,1,-59
1754124872.36946,-5,2,-55
1754124872.4074602,-4,-6,-76
1754124872.44546,2,-5,-81
1754124872.48446,0,-5,-79
1754124872.52046,5,-7,-67
1754124872.55746,6,-7,-66
1754124872.5954602,5,-6,-68
1754124872.6344602,-5,-1,-73
1754124872.67046,-6,0,-69
1754124872.7074602,1,3,-59
1754124872.74546,0,-3,-56
1754124872.78446,-5,-3,-54
1754124872.82046,-2,-7,-67
1754124872.8584602,1,-10,-59
1754124872.89646,2,-2,-57
1754124872.9344602,-5,1,-59
1754124872.9734602,-7,0,-61
1754124873.0094602,-2,0,-66
1754124873.04746,8,-10,-66
1754124873.0854602,3,-4,-59
1754124873.12446,4,-3,-71
1754124873.1614602,3,-1,-69
1754124873.19846,1,-4,-65
1754124873.2364602,8,-7,-73
1754124873.27446,16,1,-64
1754124873.31346,6,0,-71
1754124873.34946,2,-1,-77
1754124873.3884602,4,0,-74
1754124873.42546,2,2,-75
1754124873.46446,-4,0,-74
1754124873.50146,-8,3,-68
1754124873.53846,1,0,-60
1754124873.57646,0,7,-62
1754124873.6154602,-5,7,-80
1754124873.65346,-7,-1,-66
1754124873.68946,-4,-5,-72
1754124873.72746,-10,-3,-72
1754124873.76546,1,-4,-68
1754124873.80346,7,1,-68
1754124873.83946,1,-1,-75
1754124873.87746,1,-3,-68
1754124873.91546,0,-3,-66
1754124873.95446,-1,-1,-65
1754124873.9904602,-1,-1,-56
1754124874.02846,8,1,-72
1754124874.06646,3,4,-74
1754124874.1054602,0,3,-67
1754124874.14346,-7,-1,-78
1754124874.17946,0,2,-79
1754124874.21646,-12,4,-77
1754124874.25546,-3,4,-65
1754124874.29346,-3,-1,-63
1754124874.32946,-3,-1,-66
1754124874.36746,0,-3,-65
1754124874.40546,-5,-3,-69
1754124874.4444602,7,-5,-63
1754124874.4804602,3,-6,-58
1754124874.51846,-2,-1,-62
1754124874.55546,-9,-6,-65
1754124874.59446,4,-1,-58
1754124874.63046,-2,-5,-60
1754124874.66846,0,-2,-56
1754124874.70646,0,2,-70
1754124874.74546,4,-3,-63
1754124874.78146,-4,0,-62
1754124874.81846,3,0,-64
1754124874.85646,1,3,-66
1754124874.89546,-2,-1,-64
1754124874.93146,-3,-3,-53
1754124874.96946,-1,-2,-71
1754124875.00746,-2,1,-66
1754124875.04546,2,0,-67
1754124875.08446,2,-5,-55
1754124875.12046,2,2,-62
1754124875.1574602,-3,6,-63
1754124875.19546,-1,2,-73
1754124875.23446,1,-1,-68
1754124875.27046,5,-1,-73
1754124875.30846,-2,-4,-75
1754124875.34646,-3,3,-71
1754124875.38546,-1,0,-68
1754124875.4214602,-3,1,-60
1754124875.45946,1,-5,-70
1754124875.49746,0,-6,-63
1754124875.53546,4,-1,-57
1754124875.57446,-1,-7,-62
1754124875.61046,0,-1,-71
1754124875.64746,-4,1,-61
1754124875.68646,3,-3,-63
1754124875.72446,-3,-1,-73
1754124875.76046,1,3,-82
1754124875.79846,-2,0,-79
1754124875.83646,-1,-4,-68
1754124875.87546,-2,0,-74
1754124875.9114602,-2,5,-68
1754124875.94946,0,6,-72
1754124875.98746,-2,0,-64
1754124876.0264602,-1,-5,-72
1754124876.06446,-1,0,-64
1754124876.10046,3,-2,-68
1754124876.1384602,-5,-3,-61
1754124876.17646,3,1,-61
1754124876.21546,-3,0,-65
1754124876.25146,0,0,-60
1754124876.28846,3,0,-57
1754124876.32646,0,2,-59
1754124876.3654602,-3,-2,-71
1754124876.4014602,0,-1,-64
1754124876.43946,-4,0,-59
1754124876.47746,-2,-1,-61
1754124876.5164602,-2,0,-51
1754124876.55446,3,-2,-60
1754124876.59046,0,-4,-55
1754124876.6284602,1,4,-60
1754124876.66646,6,-1,-47
1754124876.70546,0,0,-64
1754124876.74146,1,5,-66
1754124876.77846,2,1,-64
1754124876.81646,8,3,-51
1754124876.8554602,3,2,-65
1754124876.8914602,2,2,-56
1754124876.92846,3,5,-70
1754124876.96646,-2,0,-72
1754124877.00546,-1,0,-72
1754124877.04146,2,-9,-61
1754124877.08046,0,-8,-70
1754124877.11746,7,-6,-65
1754124877.15646,6,0,-64
1754124877.19346,0,1,-60
1754124877.2304602,0,-1,-62
1754124877.26846,1,1,-61
1754124877.30646,4,-4,-60
1754124877.3454602,-3,-3,-60
1754124877.3814602,0,1,-66
1754124877.41846,-6,-5,-64
1754124877.45646,-11,0,-48
1754124877.49546,-1,0,-60
1754124877.53146,0,-6,-74
1754124877.5694602,-3,1,-65
1754124877.60746,-2,0,-67
1754124877.64646,-3,-4,-65
1754124877.68246,0,-5,-61
1754124877.7204602,8,0,-56
1754124877.75846,0,-2,-56
1754124877.7964602,-2,1,-49
1754124877.8354602,1,-4,-57
1754124877.8714602,5,2,-57
1754124877.90846,-2,-6,-62
1754124877.9474602,-7,7,-72
1754124877.98546,0,4,-71
1754124878.03046,4,7,-68
1754124878.06746,5,1,-68
1754124878.10646,1,0,-64
1754124878.14246,6,-2,-69
1754124878.18046,-6,-12,-67
1754124878.21846,4,-1,-66
1754124878.25746,3,-2,-72
1754124878.29546,1,0,-69
1754124878.33146,1,0,-75
1754124878.3684602,0,-6,-62
1754124878.4074602,-1,0,-68
1754124878.44546,1,-2,-66
1754124878.48146,1,-2,-79
1754124878.51846,0,4,-70
1754124878.55746,-3,3,-70
1754124878.5954602,-1,-2,-52
1754124878.6314602,0,-4,-63
1754124878.66946,0,-5,-57
1754124878.7074602,7,-3,-69
1754124878.7464602,3,-2,-62
1754124878.7824602,6,-4,-73
1754124878.8194602,2,0,-71
1754124878.85746,8,0,-68
1754124878.89646,6,-3,-67
1754124878.93246,1,-2,-70
1754124878.96946,1,-2,-55
1754124879.00746,2,-5,-60
1754124879.0464602,4,-5,-45
1754124879.0824602,-1,-1,-54
1754124879.12046,-5,0,-62
1754124879.15846,-7,7,-56
1754124879.1974602,-4,-3,-63
1754124879.2334602,-2,3,-60
1754124879.27146,-5,-2,-66
1754124879.31046,2,-2,-67
1754124879.34746,-4,-5,-78
1754124879.38646,0,-4,-69
1754124879.42246,1,-3,-63
1754124879.4604602,-7,-5,-59
1754124879.49846,2,-3,-65
1754124879.53746,5,2,-61
1754124879.57346,2,10,-52
1754124879.61046,0,1,-64
1754124879.64846,0,-1,-58
1754124879.6874602,-2,5,-64
1754124879.7234602,-1,0,-62
1754124879.76146,-2,1,-73
1754124879.7994602,2,-3,-67
1754124879.83746,4,0,-67
1754124879.87646,0,1,-75
1754124879.91246,-5,-4,-67
1754124879.9504602,6,1,-69
1754124879.98846,-3,0,-66
1754124880.02746,-4,-2,-61
1754124880.06346,0,-10,-64
1754124880.10046,-2,-4,-67
1754124880.13946,-2,-2,-64
1754124880.1774602,-7,1,-73
1754124880.2134602,-10,5,-70
1754124880.25246,-2,-2,-73
1754124880.2894602,1,-6,-61
1754124880.32846,0,4,-55
1754124880.36646,3,2,-66
1754124880.40246,-3,-3,-63
1754124880.4404602,-5,-4,-56
1754124880.47846,-4,-1,-57
1754124880.51746,0,0,-63
1754124880.55346,0,3,-64
1754124880.59046,-2,-2,-75
1754124880.6284602,-2,-1,-73
1754124880.6674602,0,-2,-63
1754124880.70346,5,-3,-53
1754124880.74146,5,-3,-57
1754124880.7794602,-9,-5,-63
1754124880.81846,-10,-1,-66
1754124880.85646,0,-1,-68
1754124880.89246,-1,-2,-70
1754124880.93046,5,-6,-58
1754124880.96946,1,-10,-58
1754124881.00746,3,0,-64
1754124881.04346,8,0,-60
1754124881.08046,3,-3,-52
1754124881.11946,4,0,-46
1754124881.1574602,-3,2,-54
1754124881.19346,-3,-5,-54
1754124881.23146,4,-6,-69
1754124881.2694602,2,1,-72
1754124881.30846,0,5,-71
1754124881.34646,0,3,-70
1754124881.38246,4,-2,-75
1754124881.42046,5,-5,-65
1754124881.45846,5,3,-62
1754124881.49746,2,2,-63
1754124881.53346,-2,3,-72
1754124881.57146,-1,1,-63
1754124881.61046,-5,4,-72
1754124881.64846,0,-4,-64
1754124881.6844602,3,-1,-70
1754124881.7234602,-4,-3,-66
1754124881.76046,3,-5,-63
1754124881.79846,-7,2,-62
1754124881.83746,-1,-1,-71
1754124881.87346,0,4,-74
1754124881.91046,-4,-2,-70
1754124881.94846,-3,-3,-57
1754124881.98746,-8,2,-64
1754124882.02346,-8,0,-72
1754124882.06046,4,-4,-68
1754124882.0984602,-1,0,-71
1754124882.13746,-2,-8,-69
1754124882.17346,0,-1,-64
1754124882.2104602,-8,1,-57
1754124882.24846,-6,5,-61
1754124882.28746,1,0,-60
1754124882.32346,0,0,-58
1754124882.36046,1,-4,-60
1754124882.39846,6,-6,-60
1754124882.4374602,3,0,-71
1754124882.4734602,1,0,-55
1754124882.51046,2,0,-67
1754124882.5494602,1,2,-63
1754124882.58746,4,5,-76
1754124882.62346,4,-1,-62
1754124882.66046,8,0,-66
1754124882.69946,8,-2,-55
1754124882.73746,4,0,-62
1754124882.77346,0,-1,-60
1754124882.81146,-3,-4,-59
1754124882.84946,1,-3,-64
1754124882.8884602,1,-8,-58
1754124882.9244602,2,-8,-53
1754124882.96246,5,3,-57
1754124883.00146,7,1,-69
1754124883.0394602,0,-2,-71
1754124883.07746,3,-4,-70
1754124883.11346,7,1,-63
1754124883.1514602,5,2,-62
1754124883.18946,-9,10,-51
1754124883.22746,-3,3,-62
1754124883.2634602,0,-2,-60
1754124883.30146,1,0,-62
1754124883.33946,0,1,-67
1754124883.3784602,-1,-3,-66
1754124883.4144602,1,-1,-59
1754124883.45246,-4,1,-66
1754124883.4904602,-6,2,-66
1754124883.5294602,2,1,-67
1754124883.56746,3,0,-72
1754124883.60346,-5,-6,-74
1754124883.6414602,-1,-6,-75
1754124883.68046,2,-2,-74
1754124883.71846,0,-2,-59
1754124883.75446,4,1,-66
1754124883.7924602,3,-2,-58
1754124883.83046,4,-7,-62
1754124883.86946,-4,-8,-65
1754124883.90546,-2,-9,-67
1754124883.94346,4,-6,-71
1754124883.98146,7,0,-66
1754124884.0194602,8,-3,-61
1754124884.05846,0,0,-61
1754124884.09446,-4,5,-60
1754124884.13246,-6,0,-54
1754124884.17046,-2,-4,-65
1754124884.20946,-2,-1,-67
1754124884.24546,-7,-8,-72
1754124884.28346,-6,-3,-63
1754124884.32146,-5,-6,-53
1754124884.36046,0,0,-54
1754124884.39846,-3,3,-63
1754124884.4344602,0,3,-68
1754124884.47146,5,2,-65
1754124884.5094602,2,1,-63
1754124884.54846,-3,-1,-64
1754124884.58446,-1,1,-66
1754124884.62246,0,1,-63
1754124884.66046,-3,2,-69
1754124884.69946,-4,-2,-68
1754124884.73546,-7,0,-72
1754124884.77346,3,-1,-60
1754124884.81146,1,-1,-59
1754124884.85046,-4,0,-60
1754124884.8884602,-1,-4,-57
1754124884.9244602,-5,-2,-57
1754124884.96246,-4,1,-50
1754124885.00046,-3,-5,-57
1754124885.0394602,1,-6,-66
1754124885.0754602,3,-8,-61
1754124885.11346,-10,0,-76
1754124885.15246,-14,-2,-73
1754124885.1904602,-1,0,-69
1754124885.22846,-1,-3,-61
1754124885.26446,3,-4,-52
1754124885.3024602,5,-5,-63
1754124885.34046,3,-6,-58
1754124885.3784602,7,-7,-66
1754124885.4144602,3,1,-66
1754124885.45246,2,5,-62
1754124885.4904602,8,0,-71
1754124885.52846,1,-1,-62
1754124885.56446,-5,-9,-62
1754124885.60246,-2,-7,-67
1754124885.64046,5,0,-68
1754124885.67946,4,-2,-66
1754124885.71546,-1,0,-69
1754124885.7534602,0,-4,-60
1754124885.79146,-6,-4,-67
1754124885.83046,-3,3,-62
1754124885.8684602,7,0,-72
1754124885.9044602,2,5,-65
1754124885.94246,-6,0,-58
1754124885.9804602,4,1,-68
1754124886.0194602,5,0,-69
1754124886.05546,-5,0,-59
1754124886.09346,-6,-6,-58
1754124886.1314602,1,-1,-61
1754124886.17046,-2,0,-65
1754124886.20646,0,0,-75
1754124886.2434602,-1,0,-73
1754124886.28146,0,4,-70
1754124886.32046,-1,0,-72
1754124886.35646,0,-3,-59
1754124886.3944602,0,-1,-76
1754124886.43246,-1,2,-59
1754124886.4704602,-1,1,-64
1754124886.5094602,1,-2,-63
1754124886.54546,2,-6,-71
1754124886.58346,1,2,-66
1754124886.6214602,2,-3,-55
1754124886.66046,7,0,-63
1754124886.69646,3,-1,-75
1754124886.73446,4,-5,-69
1754124886.77146,0,-6,-68
1754124886.81046,8,-3,-61
1754124886.84646,-2,-1,-69
1754124886.88546,-4,-4,-49
1754124886.92246,-11,-6,-72
1754124886.96146,2,0,-72
1754124886.99946,-6,5,-60
1754124887.03546,3,5,-68
1754124887.0724602,0,4,-77
1754124887.1114602,3,4,-79
1754124887.14946,-2,-3,-61
1754124887.18546,-2,0,-63
1754124887.2234602,-4,-1,-58
1754124887.26146,-2,-2,-63
1754124887.30046,-5,1,-60
1754124887.33646,-13,3,-64
1754124887.37446,-11,-3,-58
1754124887.41346,-8,2,-66
1754124887.45146,1,0,-54
1754124887.48946,0,0,-71
1754124887.52546,-1,-7,-81
1754124887.56346,-3,-7,-65
1754124887.60246,-9,0,-64
1754124887.64046,-2,2,-65
1754124887.67646,1,-4,-68
1754124887.7134602,-4,-2,-56
1754124887.75146,-6,5,-65
1754124887.79046,-5,1,-63
1754124887.82646,-4,0,-61
1754124887.86446,-10,2,-58
1754124887.90246,-5,-3,-55
1754124887.94146,0,1,-60
1754124887.97946,2,3,-58
1754124888.01546,4,0,-63
1754124888.06146,-2,3,-79
1754124888.09946,-2,1,-62
1754124888.13546,-4,-1,-58
1754124888.17346,-5,-2,-72
1754124888.21146,-4,-2,-59
1754124888.25046,4,0,-68
1754124888.2864602,2,-2,-68
1754124888.32346,8,2,-68
1754124888.3614602,0,-4,-68
1754124888.40046,2,-2,-61
1754124888.43646,-2,-4,-67
1754124888.47446,1,3,-70
1754124888.5134602,-1,1,-71
1754124888.55146,0,-4,-66
1754124888.58746,-3,0,-59
1754124888.62546,0,-3,-56
1754124888.66346,3,-9,-62
1754124888.70146,2,-11,-66
1754124888.7404602,-3,-1,-63
1754124888.7764602,5,-2,-52
1754124888.81446,1,-2,-69
1754124888.85246,2,0,-70
1754124888.8914602,0,0,-64
1754124888.9274602,-2,-1,-75
1754124888.96546,3,4,-61
1754124889.0034602,-1,2,-50
1754124889.04146,-3,5,-63
1754124889.08046,-3,0,-70
1754124889.11646,0,-4,-60
1754124889.15546,-1,0,-55
1754124889.19246,4,-2,-60
1754124889.23146,12,0,-72
1754124889.26846,0,-1,-69
1754124889.30546,-7,-4,-78
1754124889.34346,-2,-2,-72
1754124889.38246,9,-2,-69
1754124889.42046,3,-5,-67
1754124889.45646,3,-6,-63
1754124889.49446,0,-4,-60
1754124889.53346,2,-4,-66
1754124889.57146,-1,-4,-70
1754124889.60746,1,-8,-79
1754124889.64546,2,-1,-69
1754124889.68346,-1,-6,-58
1754124889.72246,-5,0,-78
1754124889.76046,0,1,-61
1754124889.7964602,0,0,-62
1754124889.83346,2,1,-66
1754124889.87246,3,-2,-55
1754124889.91046,2,0,-67
1754124889.94646,8,-2,-76
1754124889.98446,0,-10,-76
1754124890.02246,-6,-5,-68
1754124890.06046,-3,-5,-71
1754124890.09646,-5,-6,-63
1754124890.1344602,-4,-1,-56
1754124890.17246,-4,-3,-65
1754124890.21146,0,-5,-72
1754124890.24746,0,-2,-66
1754124890.28446,-2,-2,-65
1754124890.3224602,6,-2,-66
1754124890.3614602,-2,0,-62
1754124890.39746,-1,1,-59
1754124890.4344602,0,-4,-75
1754124890.47246,0,-3,-65
1754124890.51146,-1,0,-72
1754124890.54746,-3,-2,-69
1754124890.5854602,4,5,-65
1754124890.62346,-3,1,-57
1754124890.66246,0,-2,-55
1754124890.69846,-4,-3,-47
1754124890.7364602,6,-7,-50
1754124890.77446,-1,-6,-48
1754124890.8124602,-2,-4,-59
1754124890.85146,-6,0,-64
1754124890.88746,0,2,-63
1754124890.9244602,-3,6,-70
1754124890.96246,6,0,-64
1754124891.00146,0,6,-61
1754124891.03746,-5,1,-58
1754124891.0754602,-10,-6,-58
1754124891.11346,-3,-1,-64
1754124891.15246,-1,-4,-54
1754124891.18846,-11,-3,-61
1754124891.22646,-5,-3,-49
1754124891.26446,-5,-4,-52
1754124891.3024602,1,-6,-74
1754124891.34146,0,-4,-65
1754124891.37746,-1,4,-64
1754124891.4144602,-2,7,-56
1754124891.45246,-2,0,-59
1754124891.49146,2,-3,-61
1754124891.52746,-1,-2,-66
1754124891.5654602,-5,-1,-61
1754124891.60446,-4,4,-70
1754124891.64246,0,7,-69
1754124891.67846,-4,0,-63
1754124891.71546,-1,-1,-59
1754124891.75446,0,1,-57
1754124891.7924602,-3,1,-57
1754124891.82846,-2,4,-54
1754124891.8654602,-1,-3,-65
1754124891.9044602,1,3,-61
1754124891.94246,-6,2,-56
1754124891.97846,-2,-1,-56
1754124892.01746,-1,3,-66
1754124892.05446,0,3,-66
1754124892.09346,2,4,-62
1754124892.1314602,-4,-2,-56
1754124892.1674602,-3,10,-66
1754124892.20546,-2,6,-61
1754124892.2434602,-1,-1,-58
1754124892.2824602,4,-5,-63
1754124892.31846,3,-4,-60
1754124892.35646,6,-2,-58
1754124892.39546,0,0,-67
1754124892.43346,-2,1,-61
1754124892.47146,-6,0,-71
1754124892.50746,-2,0,-57
1754124892.54546,3,1,-76
1754124892.58346,2,-3,-65
1754124892.62246,2,-10,-50
1754124892.65846,-1,-3,-62
1754124892.69646,-2,-6,-61
1754124892.73446,3,-3,-57
1754124892.77346,4,-1,-61
1754124892.81146,6,-2,-57
1754124892.84746,2,-2,-63
1754124892.88546,-3,4,-72
1754124892.92346,1,0,-64
1754124892.96246,-4,-3,-69
1754124892.99846,3,-8,-65
1754124893.0364602,4,0,-69
1754124893.07446,0,-3,-62
1754124893.11346,0,0,-58
1754124893.14946,3,0,-63
1754124893.1874602,1,-5,-67
1754124893.22546,3,0,-68
1754124893.2634602,2,-2,-70
1754124893.3024602,1,-5,-68
1754124893.3384602,2,-3,-73
1754124893.37646,-1,-5,-67
1754124893.4144602,-6,-3,-73
1754124893.45346,0,1,-73
1754124893.48946,-3,0,-68
1754124893.5264602,0,0,-69
1754124893.56446,-8,-3,-67
1754124893.60346,-6,3,-68
1754124893.63946,2,-1,-70
1754124893.67646,6,-5,-64
1754124893.71446,0,-2,-59
1754124893.7534602,0,-1,-70
1754124893.7894602,-3,-1,-69
1754124893.82746,-8,-9,-58
1754124893.86646,-1,-1,-59
1754124893.9044602,3,-1,-48
1754124893.94246,-2,0,-58
1754124893.97846,2,-4,-65
1754124894.0164602,-3,-4,-59
1754124894.05446,-3,-3,-53
1754124894.09346,0,0,-52
1754124894.12946,4,0,-68
1754124894.16646,0,0,-64
1754124894.20446,5,-1,-54
1754124894.2434602,0,-2,-55
1754124894.2794602,4,-1,-61
1754124894.31746,-4,8,-65
1754124894.3554602,2,-1,-69
1754124894.3944602,2,-1,-58
1754124894.43246,-5,-2,-75
1754124894.46846,-3,-5,-75
1754124894.5064602,2,0,-66
1754124894.54446,5,0,-70
1754124894.58346,0,-1,-69
1754124894.61946,4,-5,-73
1754124894.6574602,0,-6,-65
1754124894.69546,2,-9,-77
1754124894.73446,3,0,-72
1754124894.77246,-1,2,-60
1754124894.80846,2,-4,-60
1754124894.84646,-7,4,-78
1754124894.8844602,3,-3,-74
1754124894.92346,-4,-2,-66
1754124894.95946,2,0,-67
1754124894.9964602,5,-3,-59
1754124895.03446,1,2,-72
1754124895.07346,0,-5,-61
1754124895.10946,-5,-2,-66
1754124895.14746,-6,-3,-66
1754124895.18546,-1,-1,-55
1754124895.22446,0,1,-55
1754124895.26046,-3,-3,-65
1754124895.2994602,0,1,-64
1754124895.33646,0,1,-63
1754124895.37446,4,-7,-56
1754124895.41346,2,0,-60
1754124895.44946,6,0,-66
1754124895.4864602,2,-5,-71
1754124895.52446,-5,-6,-71
1754124895.56346,-3,-5,-61
1754124895.59946,2,1,-59
1754124895.63646,5,-3,-72
1754124895.6744602,0,2,-65
1754124895.7134602,0,-1,-61
1754124895.74946,2,3,-62
1754124895.7864602,7,1,-60
1754124895.82446,2,5,-62
1754124895.86346,0,1,-62
1754124895.89946,2,-7,-64
1754124895.93646,0,-7,-64
1754124895.97446,3,-4,-81
1754124896.0134602,2,-8,-76
1754124896.0494602,1,-5,-72
1754124896.08746,0,-2,-65
1754124896.12546,1,1,-65
1754124896.1644602,2,-4,-61
1754124896.2004602,-2,-4,-65
1754124896.23846,-5,-1,-61
1754124896.2764602,1,3,-64
1754124896.3154602,2,-3,-64
1754124896.35346,-3,1,-64
1754124896.38946,-3,7,-73
1754124896.4274602,3,0,-62
1754124896.46546,1,-5,-71
1754124896.50446,1,-5,-71
1754124896.54046,1,2,-76
1754124896.57746,0,-3,-61
1754124896.6154602,-3,-3,-66
1754124896.6544602,4,2,-66
1754124896.6904602,7,-4,-67
1754124896.72846,3,-8,-63
1754124896.7664602,0,-7,-75
1754124896.80546,-5,-5,-72
1754124896.84346,0,1,-66
1754124896.87946,-1,-2,-63
1754124896.9174602,-9,-5,-64
1754124896.95546,-7,-1,-66
1754124896.99446,-11,-4,-74
1754124897.03046,-7,-2,-64
1754124897.06846,-6,0,-53
1754124897.10646,0,-1,-51
1754124897.14546,3,0,-58
1754124897.18346,4,-2,-52
1754124897.21946,6,0,-59
1754124897.2564602,0,-5,-69
1754124897.29546,4,2,-67
1754124897.33346,0,0,-67
1754124897.36946,-3,-1,-68
1754124897.4074602,-4,-6,-69
1754124897.44546,-8,0,-67
1754124897.48446,0,-1,-72
1754124897.52046,6,4,-66
1754124897.55746,2,-2,-62
1754124897.59646,2,-3,-63
1754124897.6344602,0,1,-59
1754124897.67046,1,0,-60
1754124897.7074602,-4,0,-59
1754124897.74546,7,5,-52
1754124897.78446,0,-1,-60
1754124897.82046,-5,3,-62
1754124897.8584602,0,-3,-52
1754124897.89746,0,-3,-64
1754124897.93546,-1,-8,-68
1754124897.97246,-2,-2,-56
1754124898.0094602,-4,-7,-69
1754124898.04746,-3,0,-66
1754124898.0924602,-3,-2,-61
1754124898.12946,-4,-2,-68
1754124898.1674602,1,-4,-64
1754124898.20546,-1,-1,-67
1754124898.24446,9,0,-68
1754124898.28046,4,-4,-63
1754124898.31846,-1,-4,-65
1754124898.35646,0,-9,-74
1754124898.39546,-3,-3,-59
1754124898.43146,-2,4,-62
1754124898.46946,-5,0,-68
1754124898.50746,-7,6,-69
1754124898.5464602,0,1,-67
1754124898.58446,3,-2,-66
1754124898.62046,5,-1,-64
1754124898.65846,7,0,-59
1754124898.6974602,5,1,-83
1754124898.73546,3,1,-67
1754124898.77146,1,-10,-58
1754124898.8094602,2,-8,-67
1754124898.84746,6,-9,-62
1754124898.88646,-1,5,-59
1754124898.9244602,1,6,-65
1754124898.9604602,-5,0,-61
1754124898.99846,-8,-4,-75
1754124899.0364602,-10,0,-79
1754124899.0754602,-3,0,-65
1754124899.1114602,3,-3,-69
1754124899.14946,3,-1,-77
1754124899.18846,6,-3,-63
1754124899.22646,4,0,-62
1754124899.26446,-4,-4,-67
1754124899.30046,-2,4,-63
1754124899.3384602,-5,4,-61
1754124899.37646,0,2,-68
1754124899.41546,-2,0,-55
1754124899.45146,0,1,-52
1754124899.48846,5,-2,-57
1754124899.5264602,2,-2,-65
1754124899.5654602,0,3,-69
1754124899.60146,4,3,-65
1754124899.63946,0,1,-70
1754124899.6774602,-2,0,-61
1754124899.71646,2,-3,-64
1754124899.75446,-4,1,-64
1754124899.79046,0,-2,-69
1754124899.82846,-4,-2,-66
1754124899.86646,0,-7,-48
1754124899.90546,1,-4,-62
1754124899.94146,0,2,-68
1754124899.97846,3,-2,-77
1754124900.0164602,6,0,-81
1754124900.05546,2,1,-80
1754124900.09146,2,2,-71
1754124900.1284602,1,-6,-59
1754124900.16646,5,-1,-61
1754124900.20546,-1,2,-62
1754124900.24146,2,0,-64
1754124900.27846,-1,-2,-63
1754124900.31646,0,-2,-61
1754124900.3554602,0,0,-63
1754124900.3914602,-6,-10,-60
1754124900.42946,-3,-6,-57
1754124900.4674602,-5,6,-66
1754124900.5064602,3,4,-69
1754124900.5424602,3,0,-73
1754124900.57946,3,1,-59
1754124900.61746,-2,-3,-61
1754124900.65646,-3,-3,-66
1754124900.69246,-7,-9,-61
1754124900.7304602,10,-4,-67
1754124900.76846,7,-6,-56
1754124900.80746,1,1,-67
1754124900.8454602,-6,4,-65
1754124900.8814602,5,-1,-67
1754124900.91946,8,-4,-62
1754124900.9574602,0,1,-60
1754124900.9964602,5,10,-63
1754124901.0324602,3,5,-69
1754124901.0694602,9,1,-74
1754124901.10746,8,-3,-66
1754124901.14646,-3,4,-60
1754124901.18246,-4,-3,-61
1754124901.2204602,-1,0,-66
1754124901.25846,-4,2,-67
1754124901.29746,0,-2,-58
1754124901.3354602,0,-9,-63
1754124901.3714602,2,-2,-58
1754124901.40946,3,8,-65
1754124901.4474602,-1,1,-70
1754124901.4864602,-4,2,-77
1754124901.52246,-3,-1,-80
1754124901.56046,4,0,-85
1754124901.5984602,0,0,-54
1754124901.63746,5,1,-67
1754124901.67546,1,0,-50
1754124901.71146,4,4,-57
1754124901.74946,-5,2,-58
1754124901.78746,-5,4,-64
1754124901.8254602,3,3,-70
1754124901.8614602,3,-3,-68
1754124901.89946,-7,-6,-62
1754124901.9374602,-3,4,-60
1754124901.97646,2,0,-58
1754124902.01246,1,-2,-51
1754124902.05046,0,4,-51
1754124902.0884602,0,-1,-65
1754124902.12746,5,1,-71
1754124902.16346,-3,4,-56
1754124902.20246,0,0,-64
1754124902.2404602,-1,0,-67
1754124902.27746,1,-3,-68
1754124902.31646,0,-5,-64
1754124902.35246,-4,-2,-60
1754124902.39046,3,2,-67
1754124902.42946,0,4,-70
1754124902.4674602,0,2,-64
1754124902.5034602,-7,0,-68
1754124902.54146,0,1,-63
1754124902.57946,-7,0,-66
1754124902.61746,-4,1,-68
1754124902.65646,0,0,-61
1754124902.69246,1,-7,-67
1754124902.72946,8,0,-66
1754124902.76746,-1,10,-63
1754124902.80646,-1,4,-61
1754124902.8424602,-4,0,-59
1754124902.88046,2,-3,-58
1754124902.91946,2,1,-51
1754124902.9574602,-2,6,-58
1754124902.9964602,1,5,-64
1754124903.0324602,-2,1,-64
1754124903.07046,-5,0,-66
1754124903.1084602,-3,-1,-67
1754124903.14746,5,5,-62
1754124903.18346,9,-3,-62
1754124903.22246,0,-6,-65
1754124903.2594602,-12,5,-70
1754124903.29846,-3,0,-67
1754124903.33646,-7,2,-54
1754124903.37246,2,1,-59
1754124903.40946,3,-3,-58
1754124903.44846,3,-1,-54
1754124903.4864602,-6,-4,-60
1754124903.52246,-5,-1,-57
1754124903.56046,0,-5,-58
1754124903.5984602,2,0,-74
1754124903.63746,0,0,-66
1754124903.67346,1,-4,-66
1754124903.7104602,-6,-1,-66
1754124903.74846,-3,-3,-71
1754124903.78746,1,3,-80
1754124903.82346,2,-4,-71
1754124903.86046,-1,-4,-75
1754124903.89846,6,3,-79
1754124903.9374602,6,3,-80
1754124903.9734602,3,-3,-66
1754124904.01146,0,4,-65
1754124904.0494602,0,3,-60
1754124904.0884602,0,1,-70
1754124904.12646,-2,4,-68
1754124904.16246,6,3,-79
1754124904.19946,4,0,-61
1754124904.23846,0,-3,-59
1754124904.2764602,-1,-1,-55
1754124904.3124602,4,0,-61
1754124904.34946,2,8,-66
1754124904.3884602,-1,-2,-60
1754124904.4244602,-1,-3,-63
1754124904.46246,3,0,-61
1754124904.50046,1,0,-62
1754124904.53846,-1,0,-62
1754124904.57746,0,4,-66
1754124904.61346,0,-1,-71
1754124904.65246,8,1,-62
1754124904.68946,-6,0,-63
1754124904.72846,-5,-2,-83
1754124904.76446,7,0,-80
1754124904.80146,4,0,-65
1754124904.83946,1,0,-59
1754124904.8784602,-3,1,-57
1754124904.9144602,-8,5,-62
1754124904.95246,-3,1,-71
1754124904.9904602,0,0,-79
1754124905.02846,-3,-5,-65
1754124905.06746,-1,6,-67
1754124905.10346,0,0,-71
1754124905.14046,0,1,-68
1754124905.17846,3,2,-64
1754124905.2174602,4,-6,-68
1754124905.2534602,2,-3,-69
1754124905.29146,-4,-7,-81
1754124905.32946,5,-12,-71
1754124905.3684602,3,-4,-68
1754124905.4044602,1,-2,-73
1754124905.44246,3,2,-64
1754124905.48146,5,0,-69
1754124905.5194602,2,0,-64
1754124905.55746,2,7,-63
1754124905.59446,5,3,-58
1754124905.6314602,1,0,-58
1754124905.66946,-3,-1,-57
1754124905.70846,-3,-5,-70
1754124905.74446,1,0,-69
1754124905.78146,0,-1,-73
1754124905.8194602,4,-8,-74
1754124905.8584602,6,-2,-57
1754124905.8944602,-2,1,-58
1754124905.93246,-1,-2,-71
1754124905.9704602,3,1,-68
1754124906.0094602,0,5,-60
1754124906.04746,-2,6,-67
1754124906.08346,0,0,-64
1754124906.12246,-1,9,-61
1754124906.15946,-3,9,-66
1754124906.19846,3,2,-75
1754124906.23446,0,-3,-74
1754124906.27246,-2,-2,-66
1754124906.31146,-11,0,-66
1754124906.34946,-2,0,-70
1754124906.38746,-3,3,-74
1754124906.42346,1,-3,-70
1754124906.46146,-6,-2,-67
1754124906.49946,-4,-3,-54
1754124906.53846,0,0,-56
1754124906.57446,-2,0,-53
1754124906.61246,-1,-5,-56
1754124906.65046,-1,4,-56
1754124906.68946,0,1,-67
1754124906.72546,-9,6,-75
1754124906.76446,-3,5,-72
1754124906.80146,0,3,-69
1754124906.83946,0,0,-68
1754124906.8784602,1,3,-61
1754124906.9144602,8,-1,-56
1754124906.95246,1,0,-69
1754124906.9904602,-5,-2,-63
1754124907.0294602,-4,3,-55
1754124907.0654602,-2,-2,-57
1754124907.10346,3,7,-58
1754124907.1414602,3,0,-68
1754124907.17946,-5,-7,-65
1754124907.21846,-6,-4,-66
1754124907.25446,-11,-8,-70
1754124907.2924602,0,-7,-67
1754124907.33146,-1,-4,-62
1754124907.36946,1,-3,-68
1754124907.40546,5,1,-71
1754124907.44246,0,3,-68
1754124907.48146,7,2,-63
1754124907.5194602,2,-2,-65
1754124907.55546,7,0,-68
1754124907.5924602,0,0,-60
1754124907.63046,1,-1,-61
1754124907.66946,0,0,-54
1754124907.70546,-4,-3,-66
1754124907.7434602,0,-1,-64
1754124907.78146,-1,-4,-65
1754124907.82046,-1,-6,-64
1754124907.8584602,-6,4,-62
1754124907.8944602,-4,3,-67
1754124907.93146,-5,2,-68
1754124907.9704602,-8,-2,-73
1754124908.00846,-5,2,-69
1754124908.04446,4,-5,-60
1754124908.08146,1,0,-60
1754124908.12546,-9,0,-56
1754124908.1644602,-9,-1,-61
1754124908.20146,-6,-1,-71
1754124908.2404602,0,-5,-55
1754124908.27846,-3,-1,-67
1754124908.31446,0,-1,-61
1754124908.35246,-3,-3,-51
1754124908.39046,-5,-2,-63
1754124908.42946,0,-1,-58
1754124908.46546,-4,-1,-55
1754124908.5034602,-3,5,-56
1754124908.54146,-1,6,-57
1754124908.58046,-4,0,-67
1754124908.6184602,-3,0,-70
1754124908.6544602,0,-1,-59
1754124908.69246,0,3,-74
1754124908.7304602,-3,-4,-64
1754124908.7694602,-7,-4,-83
1754124908.80546,-4,3,-70
1754124908.84346,-8,6,-63
1754124908.8814602,-4,3,-68
1754124908.92046,3,4,-68
1754124908.95846,-3,0,-58
1754124908.99446,1,0,-53
1754124909.03146,4,3,-60
1754124909.07046,0,0,-68
1754124909.10646,-1,-3,-67
1754124909.1444602,0,0,-64
1754124909.18246,1,-2,-55
1754124909.2204602,-7,0,-68
1754124909.2594602,2,2,-60
1754124909.29546,6,1,-74
1754124909.33446,2,-1,-64
1754124909.3714602,-1,-3,-77
1754124909.41046,-2,-5,-61
1754124909.44646,0,0,-56
1754124909.4834602,0,-3,-66
1754124909.52146,-1,4,-61
1754124909.56046,1,8,-68
1754124909.59646,1,9,-68
1754124909.6344602,0,-1,-67
1754124909.6714602,-5,-7,-55
1754124909.7104602,0,-1,-59
1754124909.7464602,0,-2,-50
1754124909.78446,3,-3,-60
1754124909.8224602,0,-3,-72
1754124909.86046,2,-4,-70
1754124909.89946,-3,1,-74
1754124909.93546,2,-2,-77
1754124909.9734602,2,-2,-64
1754124910.01146,-7,-2,-76
1754124910.05046,-4,1,-79
1754124910.08646,-7,4,-65
1754124910.12346,1,5,-56
1754124910.1614602,2,0,-53
1754124910.2004602,1,-3,-52
1754124910.2364602,4,-8,-60
1754124910.27446,0,-7,-56
1754124910.31346,0,-6,-65
1754124910.35146,-4,-5,-71
1754124910.38946,2,-1,-62
1754124910.42646,1,1,-65
1754124910.4634602,0,-4,-57
1754124910.50146,3,-3,-61
1754124910.54046,0,-6,-58
1754124910.57646,0,-3,-72
1754124910.61446,-2,0,-67
1754124910.65246,-1,3,-75
1754124910.69146,-3,5,-76
1754124910.72946,-2,0,-64
1754124910.76546,2,1,-61
1754124910.8024602,0,-7,-63
1754124910.84146,-8,0,-64
1754124910.87946,1,4,-65
1754124910.91546,3,3,-69
1754124910.95246,7,3,-68
1754124910.99146,1,2,-69
1754124911.0294602,4,-3,-63
1754124911.0654602,3,0,-64
1754124911.10246,0,-8,-72
1754124911.1414602,4,-1,-67
1754124911.17946,2,2,-61
1754124911.21546,2,1,-68
1754124911.25246,-2,2,-79
1754124911.29146,0,0,-70
1754124911.32946,-4,0,-68
1754124911.36646,1,0,-79
1754124911.40346,-4,-5,-68
1754124911.44246,-11,-2,-69
1754124911.4804602,-10,2,-69
1754124911.5164602,-2,-1,-59
1754124911.55446,5,0,-55
1754124911.5924602,-2,0,-60
1754124911.6314602,-1,-3,-65
1754124911.6674602,0,1,-68
1754124911.70446,2,2,-73
1754124911.74246,5,-1,-70
1754124911.78146,-1,-2,-73
1754124911.81746,0,-2,-64
1754124911.8554602,-1,-2,-68
1754124911.89346,6,-6,-65
1754124911.93146,11,-6,-64
1754124911.9704602,1,-4,-64
1754124912.0064602,3,-2,-54
1754124912.04446,1,1,-65
1754124912.0824602,4,1,-64
1754124912.1214602,0,0,-62
1754124912.1574602,1,-2,-62
1754124912.19546,-1,0,-69
1754124912.2334602,2,-2,-72
1754124912.27246,0,-4,-52
1754124912.31046,-6,-5,-61
1754124912.34646,-2,-8,-59
1754124912.3844602,0,-8,-69
1754124912.42246,-1,-1,-65
1754124912.46146,4,-5,-62
1754124912.49846,-7,1,-59
1754124912.5364602,-9,0,-62
1754124912.57346,-12,-2,-60
1754124912.61246,-4,-4,-61
1754124912.65046,3,2,-70
1754124912.68646,2,0,-61
1754124912.7234602,0,11,-71
1754124912.76246,-1,5,-64
1754124912.80046,-3,2,-72
1754124912.83646,-1,0,-69
1754124912.87546,-2,-8,-60
1754124912.91246,-3,-4,-67
1754124912.95146,3,-5,-61
1754124912.98746,2,-4,-59
1754124913.02546,-2,3,-58
1754124913.06346,3,1,-61
1754124913.10246,5,0,-61
1754124913.14046,5,-5,-65
1754124913.17646,8,-1,-71
1754124913.2134602,3,-3,-69
1754124913.25246,4,-1,-54
1754124913.29046,-1,-2,-64
1754124913.32646,3,-8,-73
1754124913.36446,7,-4,-57
1754124913.40346,-1,1,-49
1754124913.44146,-4,1,-63
1754124913.47746,-2,-8,-57
1754124913.5164602,1,-8,-62
1754124913.55346,-3,-12,-44
1754124913.5924602,-1,1,-58
1754124913.6284602,3,6,-53
1754124913.66646,0,4,-54
1754124913.70346,0,7,-47
1754124913.74246,4,6,-51
1754124913.77846,-4,2,-69
1754124913.81646,1,-10,-76
1754124913.85446,-2,-5,-60
1754124913.89246,-7,-6,-52
1754124913.93146,0,-4,-61
1754124913.9674602,-3,-3,-50
1754124914.00546,-2,-4,-75
1754124914.04346,-6,-8,-69
1754124914.0824602,-2,-7,-60
1754124914.1184602,-5,-10,-61
1754124914.15646,0,5,-56
1754124914.19546,-5,5,-72
1754124914.23246,-6,3,-69
1754124914.27146,-10,-1,-68
1754124914.30746,-4,-2,-61
1754124914.3454602,-4,-9,-48
1754124914.38346,-4,-8,-55
1754124914.42246,-2,-6,-59
1754124914.45846,-5,-6,-69
1754124914.4964602,-6,0,-82
1754124914.53446,2,2,-79
1754124914.57346,-3,-2,-64
1754124914.6114602,0,0,-63
1754124914.64746,-3,-1,-65
1754124914.68646,-7,-1,-67
1754124914.7234602,-10,0,-77
1754124914.76246,-7,4,-66
1754124914.79846,2,-6,-68
1754124914.83646,0,-3,-62
1754124914.87446,-3,0,-65
1754124914.91346,-2,-5,-57
1754124914.95146,0,-9,-54
1754124914.98746,6,-7,-47
1754124915.02446,2,-8,-67
1754124915.06346,0,3,-66
1754124915.10146,4,-1,-59
1754124915.13746,-3,-4,-69
1754124915.17546,1,-2,-70
1754124915.2134602,-3,-4,-65
1754124915.25246,3,3,-53
1754124915.28846,0,-1,-66
1754124915.32646,0,-6,-64
1754124915.36446,7,-1,-66
1754124915.40346,-5,-4,-72
1754124915.44146,-1,-5,-69
1754124915.47746,1,-2,-69
1754124915.51546,1,-6,-67
1754124915.55346,-4,-1,-62
1754124915.5924602,2,-2,-58
1754124915.6284602,-9,3,-67
1754124915.66646,3,-3,-74
1754124915.70446,-4,-4,-73
1754124915.7434602,0,-1,-70
1754124915.78146,0,-1,-63
1754124915.81846,-1,0,-60
1754124915.85646,-2,3,-68
1754124915.89546,-2,0,-62
1754124915.93346,-4,-5,-64
1754124915.96946,-6,-8,-68
1754124916.00846,3,-1,-66
1754124916.04546,2,-1,-75
1754124916.08346,1,0,-78
1754124916.12246,3,0,-69
1754124916.15846,-3,1,-72
1754124916.19646,-11,-3,-64
1754124916.23446,-2,-5,-66
1754124916.27346,2,1,-64
1754124916.3094602,-5,-4,-69
1754124916.34746,-8,2,-68
1754124916.38546,-5,0,-65
1754124916.42346,-3,-5,-66
1754124916.46246,0,1,-71
1754124916.49846,1,0,-61
1754124916.5364602,4,-1,-47
1754124916.57446,0,3,-59
1754124916.61346,1,0,-60
1754124916.64946,-2,-1,-65
1754124916.6874602,-1,-4,-63
1754124916.72546,0,-1,-60
1754124916.76446,4,-7,-62
1754124916.8024602,4,-5,-69
1754124916.8384602,4,0,-69
1754124916.87646,0,-2,-69
1754124916.9144602,1,0,-69
1754124916.95346,-3,0,-52
1754124916.98946,-5,-5,-56
1754124917.02846,-3,-1,-64
1754124917.0654602,0,-3,-61
1754124917.10446,0,-8,-60
1754124917.14246,-5,-8,-65
1754124917.17846,-2,-5,-57
1754124917.21646,-3,-1,-56
1754124917.25446,1,0,-56
1754124917.29346,6,0,-57
1754124917.32946,2,0,-56
1754124917.36646,1,0,-68
1754124917.4044602,-5,0,-69
1754124917.44346,-2,1,-65
1754124917.47946,-11,2,-65
1754124917.51746,0,-3,-71
1754124917.55546,-4,-5,-66
1754124917.59446,5,-2,-57
1754124917.63246,-5,3,-63
1754124917.66846,-1,1,-67
1754124917.70646,6,7,-58
1754124917.74546,9,4,-54
1754124917.78346,7,0,-61
1754124917.8194602,-1,-2,-70
1754124917.85746,-1,-4,-64
1754124917.89546,4,-1,-63
1754124917.9344602,4,-8,-60
1754124917.97246,-8,-10,-58
1754124918.00846,-13,-3,-62
1754124918.04746,-5,-1,-67
1754124918.08446,0,1,-61
1754124918.1284602,-4,1,-62
1754124918.16646,0,-5,-69
1754124918.20546,-1,-6,-63
1754124918.2434602,-1,0,-52
1754124918.2794602,0,1,-53
1754124918.31746,-3,3,-64
1754124918.3554602,-1,0,-71
1754124918.3944602,2,-5,-59
1754124918.43046,-8,-1,-56
1754124918.46946,-1,3,-65
1754124918.5064602,2,5,-62
1754124918.54546,4,-2,-67
1754124918.58346,-6,-4,-63
1754124918.61946,-6,-3,-68
1754124918.65846,0,-1,-69
1754124918.69546,2,-1,-70
1754124918.73446,1,0,-74
1754124918.77046,0,3,-72
1754124918.80846,3,2,-73
1754124918.8454602,1,-1,-78
1754124918.8844602,-3,-1,-66
1754124918.92046,0,-3,-66
1754124918.9574602,1,-1,-63
1754124918.9964602,0,7,-72
1754124919.03446,-6,0,-71
1754124919.07046,-9,-1,-73
1754124919.1084602,-2,0,-68
1754124919.14646,-2,6,-72
1754124919.18546,-7,-3,-69
1754124919.2234602,-3,0,-57
1754124919.2594602,-3,-4,-54
1754124919.29746,-2,-4,-58
1754124919.3354602,-5,1,-60
1754124919.37446,-3,3,-66
1754124919.41046,8,0,-70
1754124919.44946,0,4,-68
1754124919.4864602,-3,0,-66
1754124919.52546,1,-5,-76
1754124919.56346,0,-5,-64
1754124919.59946,3,-11,-58
1754124919.63746,-5,1,-61
1754124919.67546,-5,-10,-66
1754124919.71446,-12,0,-70
1754124919.75046,-4,3,-76
1754124919.78846,-2,2,-62
1754124919.82646,0,-3,-61
1754124919.8654602,-1,-2,-63
1754124919.90346,0,0,-61
1754124919.93946,0,-5,-63
1754124919.97846,0,-4,-61
1754124920.01546,2,-6,-60
1754124920.05446,-2,-2,-63
1754124920.09046,-2,1,-56
1754124920.12946,0,9,-64
1754124920.16646,-4,-4,-62
1754124920.20546,0,1,-49
1754124920.2434602,-5,-5,-50
1754124920.2794602,-1,-5,-55
1754124920.31746,-2,-5,-58
1754124920.3554602,-6,-2,-51
1754124920.3944602,-2,-6,-64
1754124920.43146,-4,-7,-65
1754124920.46846,-3,2,-62
1754124920.5064602,1,14,-66
1754124920.54546,3,6,-56
1754124920.58146,-3,5,-59
1754124920.61946,-5,6,-60
1754124920.65846,0,-4,-57
1754124920.69546,6,3,-56
1754124920.73446,-3,2,-55
1754124920.77046,-1,3,-60
1754124920.80846,0,-2,-65
1754124920.84646,2,2,-64
1754124920.88546,0,0,-64
1754124920.9214602,1,0,-74
1754124920.95846,0,0,-65
1754124920.9964602,-2,3,-61
1754124921.03546,-4,-3,-60
1754124921.07146,-1,-5,-66
1754124921.10946,0,1,-78
1754124921.14746,6,0,-78
1754124921.18546,4,-7,-70
1754124921.22446,-2,-5,-69
1754124921.26046,0,-4,-65
1754124921.2994602,5,-8,-73
1754124921.33646,5,1,-63
1754124921.37546,1,2,-67
1754124921.4114602,0,0,-66
1754124921.44846,4,-1,-67
1754124921.4864602,3,-3,-61
1754124921.52546,1,0,-68
1754124921.56146,3,2,-59
1754124921.5984602,0,3,-75
1754124921.63646,0,0,-78
1754124921.67546,0,3,-72
1754124921.71146,0,8,-78
1754124921.74846,-1,-2,-65
1754124921.7864602,-4,2,-66
1754124921.8254602,0,0,-71
1754124921.8614602,4,1,-58
1754124921.89946,0,0,-60
1754124921.9374602,0,-4,-70
1754124921.97646,-4,-7,-61
1754124922.01446,0,-5,-71
1754124922.05046,0,-5,-65
1754124922.0884602,2,-4,-69
1754124922.12646,4,-1,-66
1754124922.16546,0,-7,-63
1754124922.20146,0,-4,-63
1754124922.23946,-1,-6,-65
1754124922.27746,-7,-4,-66
1754124922.31646,0,1,-59
1754124922.35446,1,5,-53
1754124922.39046,-4,-6,-62
1754124922.42946,2,-1,-50
1754124922.46646,3,0,-45
1754124922.50546,2,-3,-56
1754124922.5424602,3,1,-60
1754124922.57946,5,2,-65
1754124922.61746,6,1,-68
1754124922.65646,-2,1,-58
1754124922.69246,-2,1,-68
1754124922.7304602,2,2,-71
1754124922.76846,2,0,-75
1754124922.80646,-4,-3,-50
1754124922.8454602,-1,-2,-58
1754124922.8814602,-7,4,-73
1754124922.91946,1,0,-69
1754124922.9574602,4,-4,-66
1754124922.9964602,2,-1,-72
1754124923.0324602,0,0,-70
1754124923.07046,-1,-2,-63
1754124923.10946,-5,-3,-66
1754124923.14646,-1,-6,-73
1754124923.18546,0,1,-68
1754124923.22146,0,3,-72
1754124923.2594602,-4,-4,-47
1754124923.2964602,0,-2,-53
1754124923.3354602,-5,-5,-57
1754124923.3714602,-5,-3,-54
1754124923.40946,0,5,-68
1754124923.4474602,5,2,-75
1754124923.4864602,1,5,-61
1754124923.52246,-1,0,-66
1754124923.5594602,3,1,-67
1754124923.59746,3,1,-79
1754124923.63646,-6,0,-71
1754124923.67246,-3,2,-63
1754124923.70946,2,0,-62
1754124923.74746,4,0,-62
1754124923.7864602,0,-2,-61
1754124923.8224602,3,-8,-78
1754124923.85946,-1,-7,-76
1754124923.89746,-11,-3,-71
1754124923.93646,-1,0,-62
1754124923.97246,-4,-1,-62
1754124924.01046,8,-5,-60
1754124924.04846,3,-8,-67
1754124924.08746,3,-3,-74
1754124924.12546,7,2,-69
1754124924.1614602,5,0,-45
1754124924.19946,2,0,-60
1754124924.23746,7,-2,-57
1754124924.2764602,-1,5,-62
1754124924.3124602,-2,0,-58
1754124924.35046,-2,-5,-68
1754124924.3884602,0,-4,-67
1754124924.4274602,-3,1,-66
1754124924.46546,-1,-3,-61
1754124924.50146,10,0,-60
1754124924.53846,-3,-2,-67
1754124924.57746,2,-4,-60
1754124924.6154602,0,-1,-69
1754124924.6514602,2,-4,-68
1754124924.68846,6,-1,-70
1754124924.72746,0,-6,-68
1754124924.76546,10,0,-62
1754124924.80146,4,3,-65
1754124924.8384602,-2,-3,-64
1754124924.87746,0,1,-74
1754124924.91546,-2,-4,-77
1754124924.95146,0,-1,-68
1754124924.98846,-1,1,-63
1754124925.02746,-1,-3,-62
1754124925.06346,0,-9,-73
1754124925.10146,-3,-9,-73
1754124925.13946,-3,-1,-59
1754124925.1774602,1,-2,-60
1754124925.21646,0,-1,-71
1754124925.25246,-3,0,-72
1754124925.29046,4,3,-67
1754124925.32846,2,2,-68
1754124925.36746,-2,-6,-70
1754124925.40346,2,0,-65
1754124925.4404602,6,-3,-58
1754124925.47846,-10,0,-57
1754124925.51746,-2,2,-68
1754124925.55346,-3,1,-70
1754124925.59146,-1,-5,-55
1754124925.62946,-4,-2,-55
1754124925.66846,0,-2,-61
1754124925.70646,3,-3,-66
1754124925.74246,1,0,-69
1754124925.7794602,7,-1,-64
1754124925.81846,2,-3,-64
1754124925.85646,0,-5,-60
1754124925.89246,-1,-1,-63
1754124925.93046,2,0,-70
1754124925.96846,4,-3,-68
1754124926.00746,5,-2,-72
1754124926.04346,-4,-3,-64
1754124926.08146,5,1,-67
1754124926.11946,4,0,-66
1754124926.15846,2,-2,-66
1754124926.19646,5,-2,-62
1754124926.23246,5,-2,-63
1754124926.27046,5,-2,-55
1754124926.30846,1,3,-49
1754124926.34746,1,9,-74
1754124926.38346,0,10,-72
1754124926.42046,-1,7,-67
1754124926.45946,0,4,-66
1754124926.49746,0,-1,-60
1754124926.53346,1,-2,-65
1754124926.57046,-2,0,-63
1754124926.6084602,0,-2,-63
1754124926.64746,3,-3,-62
1754124926.68346,7,-2,-68
1754124926.72246,4,-2,-63
1754124926.7594602,3,-6,-75
1754124926.79846,-2,-2,-74
1754124926.83646,6,-2,-68
1754124926.87246,2,0,-55
1754124926.90946,7,1,-67
1754124926.94846,4,-6,-64
1754124926.9864602,5,-1,-59
1754124927.02246,-5,4,-64
1754124927.06146,0,0,-61
1754124927.0984602,3,-2,-62
1754124927.13746,0,1,-68
1754124927.17346,-1,0,-60
1754124927.21146,2,1,-60
1754124927.24946,1,-3,-54
1754124927.28846,3,2,-57
1754124927.32446,7,0,-63
1754124927.3614602,-3,-2,-68
1754124927.39946,-1,1,-73
1754124927.43846,0,2,-58
1754124927.47446,1,0,-63
1754124927.51146,-4,2,-79
1754124927.5494602,-9,0,-67
1754124927.5884602,2,-2,-76
1754124927.62446,6,-2,-62
1754124927.66246,9,0,-62
1754124927.70146,7,0,-62
1754124927.73846,4,-2,-76
1754124927.77746,6,5,-61
1754124927.81346,2,0,-71
1754124927.85146,1,1,-77
1754124927.88946,2,1,-61
1754124927.92846,-2,0,-61
1754124927.96446,3,1,-75
1754124928.00146,1,1,-67
1754124928.0394602,-1,-1,-54
1754124928.07746,-1,-1,-62
1754124928.11346,0,-4,-61
1754124928.15946,1,-5,-69
1754124928.1974602,9,-5,-69
1754124928.2334602,6,5,-59
1754124928.27246,1,0,-60
1754124928.31046,-4,2,-58
1754124928.3484602,7,2,-61
1754124928.3844602,3,0,-60
1754124928.4214602,1,0,-68
1754124928.45946,4,-2,-56
1754124928.49846,-5,-6,-47
1754124928.53446,-7,-1,-60
1754124928.57346,-3,0,-60
1754124928.61046,-2,-7,-64
1754124928.64946,-4,-3,-67
1754124928.6874602,0,2,-70
1754124928.7234602,-1,-1,-75
1754124928.76146,-2,5,-64
1754124928.7994602,4,0,-80
1754124928.8384602,2,-5,-87
1754124928.87446,-2,-5,-75
1754124928.91246,1,-7,-69
1754124928.9504602,2,0,-71
1754124928.98946,4,-4,-66
1754124929.02746,0,-2,-64
1754124929.06346,5,-7,-68
1754124929.10146,2,-1,-63
1754124929.14046,-6,0,-56
1754124929.17846,-3,7,-55
1754124929.21446,-8,8,-68
1754124929.2534602,6,1,-66
1754124929.29046,4,4,-70
1754124929.32946,-3,2,-61
1754124929.36746,-5,-2,-65
1754124929.40346,-7,-5,-64
1754124929.44146,-4,-5,-53
1754124929.47946,4,-4,-62
1754124929.51846,-2,-2,-69
1754124929.55446,-2,-3,-56
1754124929.5924602,0,-1,-62
1754124929.63046,0,0,-66
1754124929.66946,5,-4,-60
1754124929.70546,0,-6,-58
1754124929.74446,0,-7,-73
1754124929.78146,-1,-4,-63
1754124929.8194602,-1,0,-64
1754124929.8584602,4,1,-65
1754124929.8944602,-2,-3,-73
1754124929.93246,-2,-1,-73
1754124929.9704602,0,-1,-65
1754124930.0094602,-3,4,-69
1754124930.04546,-3,5,-61
1754124930.08346,-3,-6,-61
1754124930.1214602,9,-1,-76
1754124930.15946,7,2,-64
1754124930.19846,3,-7,-65
1754124930.23446,-2,-9,-61
1754124930.27246,0,-3,-53
1754124930.31046,7,1,-58
1754124930.34946,-3,7,-72
1754124930.38546,-9,8,-68
1754124930.42346,-4,4,-64
1754124930.46146,0,2,-69
1754124930.49946,0,-1,-62
1754124930.53846,-1,5,-72
1754124930.57446,4,0,-68
1754124930.6114602,5,0,-64
1754124930.65046,-4,2,-56
1754124930.68846,-1,-1,-65
1754124930.72446,-3,-2,-59
1754124930.76246,0,-2,-56
1754124930.80046,4,0,-49
1754124930.83946,-5,0,-70
1754124930.87546,-2,0,-61
1754124930.91346,7,1,-60
1754124930.95246,4,-12,-62
1754124930.9904602,1,-2,-66
1754124931.02846,6,3,-59
1754124931.06446,0,5,-61
1754124931.10146,0,0,-57
1754124931.14046,-1,-6,-53
1754124931.17846,2,0,-64
1754124931.21446,2,0,-64
1754124931.25146,5,0,-56
1754124931.29046,3,-2,-55
1754124931.32846,-3,0,-67
1754124931.36446,1,-6,-65
1754124931.40246,-8,-4,-70
1754124931.44146,-1,-7,-69
1754124931.47946,-1,-2,-58
1754124931.51546,2,0,-65
1754124931.5524602,-5,-8,-72
1754124931.59046,0,-5,-61
1754124931.62946,-3,1,-50
1754124931.66546,-1,-2,-56
1754124931.70346,0,1,-61
1754124931.74146,9,-2,-67
1754124931.78046,1,-5,-66
1754124931.81846,0,0,-62
1754124931.85446,-4,-5,-65
1754124931.89246,-3,1,-61
1754124931.93046,-2,5,-67
1754124931.96946,-2,0,-56
1754124932.00546,3,-1,-52
1754124932.04346,13,-4,-61
1754124932.08146,2,0,-59
1754124932.12046,6,-2,-55
1754124932.15646,5,-5,-57
1754124932.19546,6,-3,-68
1754124932.23246,0,-4,-59
1754124932.27146,0,-2,-71
1754124932.31046,0,3,-53
1754124932.34646,-2,1,-55
1754124932.3844602,-6,-3,-63
1754124932.42246,-1,-1,-81
1754124932.4604602,0,-1,-76
1754124932.49946,-4,-3,-58
1754124932.53546,-4,-12,-65
1754124932.57346,-1,-6,-61
1754124932.61246,-5,3,-67
1754124932.65046,1,6,-55
1754124932.68646,-3,2,-60
1754124932.72446,0,1,-67
1754124932.7634602,-2,3,-72
1754124932.80046,-1,-3,-66
1754124932.83946,6,0,-71
1754124932.87546,3,-1,-71
1754124932.91246,2,-5,-63
1754124932.95146,-5,-5,-59
1754124932.98946,4,-6,-67
1754124933.02546,2,-2,-68
1754124933.06346,0,-7,-66
1754124933.10146,0,5,-74
1754124933.14046,0,5,-66
1754124933.17646,-1,4,-65
1754124933.2134602,8,-3,-66
1754124933.25146,2,-1,-73
1754124933.29046,-1,0,-72
1754124933.32646,0,0,-56
1754124933.36346,-1,-1,-60
1754124933.4014602,-6,0,-66
1754124933.4404602,0,0,-61
1754124933.47646,-4,-1,-51
1754124933.51446,-3,-3,-57
1754124933.5524602,0,-4,-72
1754124933.59146,1,-2,-72
1754124933.62946,2,0,-69
1754124933.66546,0,-2,-63
1754124933.70346,-7,-3,-71
1754124933.74246,-10,-6,-58
1754124933.78046,0,0,-52
1754124933.81646,-3,-1,-49
1754124933.8554602,1,-7,-60
1754124933.89246,-4,-5,-67
1754124933.93146,0,-4,-62
1754124933.96946,4,5,-62
1754124934.00546,5,8,-61
1754124934.0424602,0,8,-55
1754124934.08146,-2,-1,-62
1754124934.11946,-5,-2,-73
1754124934.15646,-11,-3,-72
1754124934.1944602,-8,-2,-68
1754124934.23246,1,0,-59
1754124934.27146,-3,0,-58
1754124934.30746,-1,2,-61
1754124934.3454602,-8,0,-65
1754124934.38346,-8,0,-59
1754124934.4214602,0,-5,-63
1754124934.4604602,-2,-7,-64
1754124934.4964602,2,-4,-54
1754124934.53446,0,1,-61
1754124934.5724602,2,-7,-57
1754124934.6114602,3,-5,-58
1754124934.64746,3,-5,-58
1754124934.68546,4,-2,-57
1754124934.7234602,10,0,-63
1754124934.76146,3,3,-64
1754124934.80046,0,-1,-48
1754124934.83646,4,-3,-52
1754124934.87546,-9,-2,-72
1754124934.91246,2,0,-66
1754124934.95146,0,-5,-55
1754124934.98746,5,-5,-55
1754124935.02546,1,-3,-68
1754124935.06446,0,-3,-65
1754124935.10146,5,2,-60
1754124935.14046,5,0,-74
1754124935.17646,9,-4,-65
1754124935.21446,-2,-2,-71
1754124935.25246,0,0,-69
1754124935.29146,-7,4,-65
1754124935.32746,-2,2,-56
1754124935.3654602,2,0,-51
1754124935.40346,5,3,-63
1754124935.44246,-13,10,-64
1754124935.4804602,-4,-4,-57
1754124935.5164602,-2,1,-70
1754124935.55446,2,2,-76
1754124935.5924602,-8,1,-67
1754124935.6314602,2,3,-66
1754124935.6674602,4,-3,-67
1754124935.70546,2,-5,-66
1754124935.74246,7,-4,-62
1754124935.78146,-3,-1,-62
1754124935.81746,0,-2,-67
1754124935.85446,-4,3,-61
1754124935.89246,-3,-1,-70
1754124935.93146,-1,-8,-65
1754124935.9674602,-2,-7,-62
1754124936.00546,1,-7,-75
1754124936.04346,2,-1,-66
1754124936.0824602,4,-4,-67
1754124936.12046,-1,-1,-65
1754124936.15646,0,2,-63
1754124936.19346,0,6,-62
1754124936.23246,3,4,-64
1754124936.27046,0,2,-68
1754124936.30646,6,0,-65
1754124936.34346,-2,-5,-62
1754124936.38246,-3,3,-66
1754124936.42046,3,-1,-58
1754124936.45646,13,-1,-59
1754124936.49446,10,2,-60
1754124936.5324602,1,-3,-48
1754124936.57146,4,-9,-46
1754124936.60746,0,-4,-58
1754124936.64546,-4,4,-57
1754124936.68346,-1,-5,-61
1754124936.72246,-6,-5,-60
1754124936.75846,2,1,-68
1754124936.79546,-1,0,-67
1754124936.83346,-3,0,-54
1754124936.87246,-9,1,-55
1754124936.90846,-1,0,-64
1754124936.94646,-5,-10,-80
1754124936.98546,-3,-12,-58
1754124937.02246,-3,-2,-47
1754124937.06146,-1,-1,-61
1754124937.09746,0,0,-63
1754124937.13546,2,1,-65
1754124937.17346,11,0,-67
1754124937.21246,5,-4,-77
1754124937.24846,0,-6,-60
1754124937.2864602,-5,-1,-66
1754124937.32446,0,-3,-69
1754124937.36246,1,2,-69
1754124937.4014602,-5,-3,-51
1754124937.4374602,-4,-9,-53
1754124937.47546,-7,3,-56
1754124937.5134602,-1,-1,-55
1754124937.5524602,-7,-6,-61
1754124937.5884602,-3,-1,-62
1754124937.62646,-7,6,-65
1754124937.66546,-3,-1,-67
1754124937.70346,-1,0,-69
1754124937.74146,3,0,-77
1754124937.77746,0,4,-74
1754124937.8154602,2,6,-83
1754124937.85346,-1,2,-60
1754124937.8914602,7,2,-61
1754124937.9274602,-1,0,-65
1754124937.96546,0,6,-59
1754124938.0034602,7,2,-61
1754124938.04146,4,3,-71
1754124938.07746,4,2,-78
1754124938.1154602,4,2,-76
1754124938.15846,0,1,-74
1754124938.1974602,-2,-5,-63
1754124938.23546,-4,-5,-63
1754124938.27346,-8,-2,-65
1754124938.31146,-4,-1,-68
1754124938.34746,-4,1,-62
1754124938.38546,3,3,-66
1754124938.42346,1,2,-60
1754124938.46246,1,-4,-72
1754124938.49846,9,0,-75
1754124938.53546,1,0,-65
1754124938.57346,-5,-4,-56
1754124938.61246,-9,3,-64
1754124938.64846,-1,-2,-68
1754124938.68646,0,0,-68
1754124938.72446,-3,-5,-71
1754124938.7634602,0,-4,-68
1754124938.7994602,0,0,-62
1754124938.83646,5,5,-64
1754124938.87446,2,1,-70
1754124938.91346,-1,-4,-72
1754124938.94946,3,-2,-63
1754124938.98846,0,-5,-50
1754124939.02546,-2,-4,-55
1754124939.06346,-2,-4,-64
1754124939.10246,-1,0,-64
1754124939.1384602,6,2,-70
1754124939.17546,0,-3,-69
1754124939.2134602,0,4,-62
1754124939.25246,-5,3,-61
1754124939.28846,-4,5,-71
1754124939.3254602,3,3,-61
1754124939.36346,-7,0,-60
1754124939.40246,-5,-4,-56
1754124939.43846,2,-1,-55
1754124939.47746,-1,-1,-61
1754124939.51546,2,-2,-60
1754124939.55346,-4,-2,-61
1754124939.58946,6,0,-64
1754124939.62646,7,1,-66
1754124939.6644602,6,3,-64
1754124939.70346,0,2,-63
1754124939.7404602,-3,2,-64
1754124939.77746,-1,4,-66
1754124939.8154602,-4,10,-58
1754124939.85446,-7,6,-77
1754124939.89246,-1,9,-73
1754124939.92846,-2,0,-58
1754124939.96646,-4,-7,-54
1754124940.00446,-1,5,-61
1754124940.04346,-17,0,-61
1754124940.07946,-6,0,-62
1754124940.11746,-2,1,-66
1754124940.15546,-3,0,-61
1754124940.1944602,0,-5,-64
1754124940.23246,-5,3,-70
1754124940.26846,-5,5,-56
1754124940.30646,-6,3,-58
1754124940.34446,-2,-1,-74
1754124940.38346,1,4,-68
1754124940.41946,0,-3,-63
1754124940.45646,0,-6,-63
1754124940.49446,-2,-6,-65
1754124940.53346,-4,-3,-59
1754124940.5694602,3,-6,-57
1754124940.60746,-7,-2,-58
1754124940.64546,-6,6,-56
1754124940.6844602,-7,0,-65
1754124940.72246,1,-2,-64
1754124940.75846,1,-5,-71
1754124940.7964602,1,3,-71
1754124940.83446,-2,0,-54
1754124940.87346,1,-4,-66
1754124940.90946,0,0,-63
1754124940.94646,0,2,-75
1754124940.98446,0,0,-72
1754124941.02346,-6,-1,-65
1754124941.0594602,-12,0,-57
1754124941.09746,-7,-5,-64
1754124941.13646,-1,-1,-63
1754124941.1744602,10,3,-68
1754124941.2104602,4,0,-69
1754124941.24746,1,-3,-75
1754124941.2864602,8,-4,-77
1754124941.32446,-2,-5,-68
1754124941.36046,5,0,-70
1754124941.39746,-4,-2,-57
1754124941.43646,0,-2,-62
1754124941.47446,6,-8,-54
1754124941.51046,0,-5,-58
1754124941.5494602,-2,0,-68
1754124941.58646,-6,-5,-62
1754124941.62446,2,-2,-65
1754124941.66346,-6,-2,-62
1754124941.69946,-4,-2,-54
1754124941.73746,0,5,-70
1754124941.77546,0,3,-59
1754124941.81446,-3,-4,-74
1754124941.85046,-3,0,-63
1754124941.8884602,-5,4,-66
1754124941.92646,-3,8,-67
1754124941.96446,-3,0,-69
1754124942.0034602,-3,9,-68
1754124942.04046,-5,6,-63
1754124942.07746,0,1,-61
1754124942.1154602,-2,0,-59
1754124942.1544602,1,1,-75
1754124942.1904602,-2,-4,-63
1754124942.22846,-3,-6,-63
1754124942.2664602,-3,0,-74
1754124942.30546,2,0,-69
1754124942.34346,6,-2,-62
1754124942.37946,2,-3,-69
1754124942.41646,-5,-3,-66
1754124942.45546,-6,0,-71
1754124942.4934602,-10,0,-64
1754124942.5294602,0,0,-59
1754124942.56646,1,3,-62
1754124942.6054602,-6,3,-67
1754124942.64346,-2,-1,-65
1754124942.67946,-3,0,-50
1754124942.71646,4,-3,-64
1754124942.75546,0,-9,-70
1754124942.79346,-5,-1,-66
1754124942.82946,-1,0,-61
1754124942.86646,-5,-5,-62
1754124942.90546,-5,0,-58
1754124942.94346,-2,0,-65
1754124942.97946,-4,0,-71
1754124943.0164602,7,-2,-72
1754124943.05546,-1,5,-66
1754124943.09346,0,5,-64
1754124943.12946,2,0,-67
1754124943.16646,-3,1,-73
1754124943.20546,-6,4,-53
1754124943.2434602,0,5,-63
1754124943.2794602,2,0,-60
1754124943.31646,6,1,-55
1754124943.3554602,1,2,-55
1754124943.3914602,1,2,-58
1754124943.42846,3,-1,-55
1754124943.4674602,6,5,-64
1754124943.50546,0,0,-52
1754124943.54146,-2,-2,-56
1754124943.57946,-4,-2,-59
1754124943.61746,-3,-5,-60
1754124943.65546,0,-2,-55
1754124943.6944602,-4,1,-61
1754124943.7304602,-3,-2,-62
1754124943.76846,-1,2,-69
1754124943.80646,0,3,-72
1754124943.8454602,2,1,-64
1754124943.8814602,7,0,-69
1754124943.91846,0,-2,-63
1754124943.9574602,0,2,-57
1754124943.99546,3,1,-67
1754124944.03146,0,3,-72
1754124944.06846,1,-4,-69
1754124944.10746,-1,2,-68
1754124944.14546,-9,12,-65
1754124944.18146,-7,0,-61
1754124944.21846,1,0,-64
1754124944.2564602,-7,-5,-61
1754124944.29546,-1,-2,-80
1754124944.33146,-4,-3,-68
1754124944.36946,-2,1,-66
1754124944.4074602,0,0,-66
1754124944.44646,0,-2,-65
1754124944.48446,8,-1,-77
1754124944.52046,3,-6,-69
1754124944.55846,2,0,-67
1754124944.59646,2,-1,-69
1754124944.63546,3,-2,-69
1754124944.6714602,2,-1,-65
1754124944.7104602,-2,5,-67
1754124944.74746,-2,-2,-66
1754124944.7864602,-3,5,-68
1754124944.82446,-1,-3,-66
1754124944.86046,0,0,-70
1754124944.89746,-2,4,-60
1754124944.93646,-1,0,-59
1754124944.97446,4,-7,-65
1754124945.01046,7,-7,-65
1754124945.0494602,4,0,-71
1754124945.08646,2,-3,-72
1754124945.12546,-1,2,-61
1754124945.1614602,2,1,-59
1754124945.19946,5,-2,-68
1754124945.23746,-2,5,-60
1754124945.27546,-4,1,-72
1754124945.31146,0,-6,-63
1754124945.34946,-5,4,-65
1754124945.38746,0,-8,-62
1754124945.42646,-3,-3,-66
1754124945.46446,-6,0,-72
1754124945.50046,-5,3,-62
1754124945.53846,-6,2,-64
1754124945.57646,-6,-3,-75
1754124945.6154602,2,0,-62
1754124945.6514602,5,3,-55
1754124945.68946,0,0,-56
1754124945.72746,-2,4,-51
1754124945.7664602,5,6,-61
1754124945.8024602,3,3,-64
1754124945.84046,6,0,-68
1754124945.87746,2,0,-63
1754124945.91646,3,0,-68
1754124945.95246,0,4,-63
1754124945.9904602,6,-2,-58
1754124946.02746,-9,-4,-66
1754124946.06646,-5,-1,-55
1754124946.10246,1,-1,-64
1754124946.14046,3,0,-76
1754124946.17846,5,-2,-74
1754124946.21646,-4,2,-72
1754124946.25546,-13,4,-70
1754124946.29146,-3,0,-55
1754124946.32846,-5,3,-67
1754124946.36646,-2,1,-61
1754124946.40546,-1,-3,-67
1754124946.44146,2,-9,-64
1754124946.47946,2,2,-68
1754124946.51746,4,-9,-68
1754124946.55646,6,-3,-65
1754124946.5924602,0,2,-71
1754124946.63046,-2,1,-70
1754124946.66846,1,-2,-63
1754124946.7074602,2,-5,-71
1754124946.74546,-3,-8,-63
1754124946.78146,4,-2,-62
1754124946.8194602,4,-4,-65
1754124946.85746,0,-5,-60
1754124946.89646,5,1,-71
1754124946.93246,-1,-1,-65
1754124946.9704602,2,-5,-68
1754124947.00846,4,-2,-69
1754124947.04746,3,3,-71
1754124947.0854602,1,-4,-72
1754124947.1214602,-2,-1,-69
1754124947.15946,2,-3,-60
1754124947.1974602,-5,0,-61
1754124947.2364602,-3,-7,-59
1754124947.27246,-5,1,-67
1754124947.31046,0,-5,-71
1754124947.3484602,0,-7,-77
1754124947.38746,-5,0,-62
1754124947.42546,-1,4,-68
1754124947.46146,6,0,-72
1754124947.49946,-4,-3,-59
1754124947.53746,2,-3,-68
1754124947.5754602,0,1,-68
1754124947.6114602,-10,1,-68
1754124947.64946,0,3,-66
1754124947.6874602,0,-5,-65
1754124947.72646,0,-5,-60
1754124947.76246,-1,-1,-67
1754124947.80046,-7,-3,-70
1754124947.83946,-8,0,-61
1754124947.87746,-5,-1,-57
1754124947.91346,0,-3,-71
1754124947.95146,0,-3,-63
1754124947.9904602,0,0,-67
1754124948.02746,-1,-3,-72
1754124948.06646,-6,3,-66
1754124948.10246,-3,-3,-64
1754124948.14046,2,2,-68
1754124948.18646,-2,-3,-62
1754124948.22246,-2,-2,-70
1754124948.26046,0,6,-63
1754124948.2994602,3,2,-52
1754124948.33746,2,0,-57
1754124948.37346,0,-11,-54
1754124948.4114602,6,-6,-58
1754124948.44946,2,0,-67
1754124948.48746,3,0,-67
1754124948.5264602,0,-5,-65
1754124948.5624602,-1,-2,-57
1754124948.60046,1,-2,-61
1754124948.6384602,-3,-1,-58
1754124948.6774602,-2,2,-59
1754124948.7134602,-4,9,-56
1754124948.75146,-8,0,-69
1754124948.7894602,0,-4,-77
1754124948.82746,-3,-1,-69
1754124948.86346,0,1,-71
1754124948.9014602,0,-2,-73
1754124948.93946,-2,-3,-61
1754124948.97846,-1,-5,-54
1754124949.0164602,1,-3,-57
1754124949.0524602,0,-9,-67
1754124949.09046,-4,-10,-58
1754124949.1284602,-3,-1,-62
1754124949.1674602,-1,-2,-46
1754124949.20346,-1,4,-59
1754124949.24146,-2,-3,-67
1754124949.2794602,9,0,-70
1754124949.31846,-3,0,-66
1754124949.35646,2,0,-67
1754124949.39246,2,-1,-69
1754124949.43146,-2,0,-76
1754124949.46846,-3,3,-63
1754124949.50746,-2,0,-60
1754124949.54346,0,4,-72
1754124949.58046,1,2,-72
1754124949.6184602,0,4,-62
1754124949.6574602,-2,-5,-61
1754124949.69346,0,-3,-73
1754124949.7304602,-1,0,-66
1754124949.76846,2,-8,-61
1754124949.80746,3,1,-60
1754124949.84346,0,0,-61
1754124949.88046,-2,1,-60
1754124949.91946,0,0,-64
1754124949.9574602,-3,-1,-54
1754124949.9934602,1,-5,-60
1754124950.03146,-3,-3,-54
1754124950.0694602,4,10,-58
1754124950.10746,0,13,-53
1754124950.14346,4,4,-55
1754124950.18046,4,0,-52
1754124950.21946,-5,-3,-57
1754124950.25746,0,0,-53
1754124950.29346,1,-1,-48
1754124950.3324602,6,0,-57
1754124950.37046,4,0,-63
1754124950.40846,5,0,-59
1754124950.4474602,2,-2,-59
1754124950.4834602,4,0,-52
1754124950.52046,8,-3,-53
1754124950.55846,4,-4,-53
1754124950.59746,0,0,-55
1754124950.63346,2,-3,-60
1754124950.6714602,1,0,-59
1754124950.70946,6,-2,-56
1754124950.74846,9,1,-45
1754124950.78446,1,3,-64
1754124950.8224602,-3,-2,-64
1754124950.86046,0,-6,-62
1754124950.89946,0,3,-66
1754124950.9374602,0,2,-69
1754124950.9734602,-1,0,-73
1754124951.01046,0,-3,-68
1754124951.0494602,-4,0,-55
1754124951.08746,1,-2,-66
1754124951.12346,1,-2,-73
1754124951.1614602,6,-1,-61
1754124951.19946,6,2,-61
1754124951.23846,1,1,-63
1754124951.27446,4,5,-72
1754124951.3124602,5,5,-64
1754124951.35046,4,-5,-71
1754124951.38946,3,-4,-58
1754124951.4274602,3,0,-60
1754124951.4634602,5,-2,-80
1754124951.50246,-4,1,-74
1754124951.5394602,-2,-5,-66
1754124951.57846,1,-3,-65
1754124951.61446,-7,4,-64
1754124951.65246,-2,0,-66
1754124951.6904602,5,0,-71
1754124951.72946,0,-7,-69
1754124951.76746,-2,-4,-71
1754124951.80346,-2,-2,-68
1754124951.84146,-6,-6,-56
1754124951.87946,-1,0,-62
1754124951.91846,-7,2,-60
1754124951.95446,-6,-2,-63
1754124951.9934602,-6,-4,-52
1754124952.03046,-2,3,-54
1754124952.0694602,9,1,-62
1754124952.10746,0,-6,-66
1754124952.14346,-1,-1,-63
1754124952.18246,-3,3,-60
1754124952.21946,0,0,-67
1754124952.25846,-3,0,-68
1754124952.29446,1,1,-60
1754124952.3324602,2,2,-56
1754124952.36946,0,-2,-64
1754124952.40846,-5,-3,-54
1754124952.4444602,-1,-7,-59
1754124952.48246,2,4,-64
1754124952.52046,2,3,-66
1754124952.5594602,2,0,-69
1754124952.5954602,4,2,-60
1754124952.63246,-2,-1,-62
1754124952.6714602,5,-6,-51
1754124952.70946,-3,-5,-58
1754124952.74546,-5,-2,-64
1754124952.78346,-4,0,-52
1754124952.82146,6,-3,-54
1754124952.85946,-5,6,-60
1754124952.89846,3,-5,-56
1754124952.9344602,0,-3,-67
1754124952.97146,-3,-1,-70
1754124953.0094602,-1,-6,-72
1754124953.04846,-5,-8,-66
1754124953.08446,4,-2,-67
1754124953.12246,4,-6,-67
1754124953.16046,-4,-5,-57
1754124953.19946,-2,2,-71
1754124953.23546,-6,-6,-66
1754124953.27346,-2,-5,-64
1754124953.31146,-2,-1,-66
1754124953.34946,-10,-6,-67
1754124953.3884602,-8,-2,-66
1754124953.4244602,-3,-5,-61
1754124953.46246,-2,0,-53
1754124953.50046,3,-3,-56
1754124953.5394602,3,-1,-47
1754124953.5754602,-1,-3,-54
1754124953.61346,0,3,-63
1754124953.6514602,-2,2,-55
1754124953.6904602,0,1,-51
1754124953.72846,-1,1,-70
1754124953.76446,-4,-2,-72
1754124953.8024602,-4,0,-61
1754124953.84046,2,-4,-59
1754124953.87946,-4,-5,-44
1754124953.91546,-2,-3,-50
1754124953.95346,-8,-1,-57
1754124953.99146,-7,-5,-68
1754124954.03046,-1,-5,-62
1754124954.06846,4,-1,-59
1754124954.10446,7,-3,-54
1754124954.14246,0,1,-59
1754124954.18146,-7,-1,-66
1754124954.21946,1,-3,-66
1754124954.25546,-5,1,-67
1754124954.29346,-2,-1,-54
1754124954.33146,-6,-1,-57
1754124954.37046,1,3,-66
1754124954.40846,-8,1,-49
1754124954.4444602,-1,-1,-60
1754124954.48246,-4,0,-56
1754124954.52046,3,0,-62
1754124954.5594602,-3,0,-75
1754124954.5954602,0,2,-73
1754124954.63346,-6,-3,-58
1754124954.67246,-2,5,-58
1754124954.7104602,-10,2,-59
1754124954.74846,-4,6,-59
1754124954.78546,-4,-2,-64
1754124954.82346,-3,-2,-71
1754124954.8614602,0,0,-67
1754124954.90046,0,0,-68
1754124954.93646,-5,-2,-60
1754124954.97446,0,-3,-67
1754124955.01246,-1,-1,-68
1754124955.05146,1,-1,-59
1754124955.08946,0,3,-73
1754124955.12546,1,8,-69
1754124955.16246,0,8,-68
1754124955.2004602,1,8,-69
1754124955.23946,-4,-2,-56
1754124955.27546,0,-1,-50
1754124955.31446,-6,-8,-53
1754124955.35146,2,-1,-63
1754124955.39046,-5,-1,-66
1754124955.42646,2,-1,-65
1754124955.46446,-4,1,-57
1754124955.50146,-5,3,-57
1754124955.54046,-7,-2,-66
1754124955.57646,-5,0,-68
1754124955.61446,1,-7,-62
1754124955.6514602,-5,0,-70
1754124955.6904602,-3,4,-65
1754124955.72646,-8,1,-60
1754124955.76446,-5,0,-76
1754124955.80146,2,7,-72
1754124955.84046,-3,0,-73
1754124955.87646,-2,0,-69
1754124955.9144602,0,1,-55
1754124955.95146,9,-6,-71
1754124955.9904602,0,-3,-64
1754124956.0264602,9,0,-58
1754124956.06446,3,0,-76
1754124956.10146,3,0,-86
1754124956.14046,-1,3,-74
1754124956.17646,-7,2,-65
1754124956.21446,4,2,-61
1754124956.25146,-2,-8,-59
1754124956.29046,4,1,-64
1754124956.32646,-3,0,-70
1754124956.36446,-1,-2,-75
1754124956.4014602,4,-1,-62
1754124956.4404602,1,2,-60
1754124956.47646,0,-1,-67
1754124956.51446,3,5,-60
1754124956.5524602,4,4,-66
1754124956.59146,0,3,-70
1754124956.62946,2,2,-74
1754124956.66546,10,-1,-84
1754124956.70346,6,-3,-59
1754124956.74146,6,0,-64
1754124956.78046,5,0,-60
1754124956.81646,4,-1,-66
1754124956.85446,2,0,-66
1754124956.89246,1,-5,-68
1754124956.93146,-1,-3,-65
1754124956.96946,-5,-1,-60
1754124957.00546,-12,1,-62
1754124957.04346,-5,-5,-68
1754124957.08146,-1,-3,-69
1754124957.12046,-11,0,-65
1754124957.15646,-8,0,-59
1754124957.1944602,2,-7,-64
1754124957.23246,3,-3,-65
1754124957.27146,1,0,-66
1754124957.30746,2,3,-77
1754124957.34446,0,0,-64
1754124957.38246,-6,-1,-69
1754124957.4214602,-1,-2,-74
1754124957.4574602,5,-3,-64
1754124957.49546,2,0,-65
1754124957.5324602,3,3,-71
1754124957.57146,0,-7,-79
1754124957.60746,-3,3,-77
1754124957.64546,3,1,-68
1754124957.68346,3,0,-69
1754124957.72146,5,6,-64
1754124957.76046,-8,-4,-63
1754124957.7964602,-2,2,-65
1754124957.83446,-3,-10,-65
1754124957.87246,-3,-4,-72
1754124957.9114602,-7,0,-71
1754124957.9474602,0,-2,-69
1754124957.98546,-7,-3,-62
1754124958.02346,-2,-1,-62
1754124958.0624602,-5,8,-62
1754124958.10046,-1,0,-63
1754124958.13646,-1,9,-54
1754124958.1744602,-4,8,-63
1754124958.2204602,2,0,-69
1754124958.2564602,-2,3,-57
1754124958.29446,2,1,-58
1754124958.33346,-1,0,-69
1754124958.3714602,2,-1,-55
1754124958.4074602,4,2,-63
1754124958.4444602,5,0,-69
1754124958.4834602,-2,-7,-60
1754124958.52146,1,-6,-63
1754124958.55746,-7,-5,-59
1754124958.59646,-7,2,-56
1754124958.63346,1,-4,-67
1754124958.67246,-8,0,-70
1754124958.7104602,2,1,-69
1754124958.7464602,0,5,-64
1754124958.78346,0,6,-60
1754124958.8224602,-2,4,-63
1754124958.86046,-1,-1,-61
1754124958.89646,-4,-1,-72
1754124958.9344602,1,2,-75
1754124958.97246,0,3,-69
1754124959.01146,4,-1,-61
1754124959.04746,1,4,-67
1754124959.08446,0,0,-68
1754124959.12246,6,-6,-55
1754124959.1614602,-1,-2,-67
1754124959.1974602,0,-2,-61
1754124959.23546,2,0,-59
1754124959.27346,-2,2,-57
1754124959.3124602,0,6,-77
1754124959.35046,0,4,-69
1754124959.38746,6,3,-58
1754124959.4244602,0,-2,-59
1754124959.46246,-1,2,-68
1754124959.50146,-6,0,-67
1754124959.53746,-7,-4,-61
1754124959.5754602,-1,-3,-56
1754124959.61346,-1,3,-63
1754124959.65246,1,-3,-64
1754124959.68846,4,-3,-63
1754124959.72646,1,0,-69
1754124959.76446,4,-2,-66
1754124959.8024602,5,-2,-52
1754124959.84146,8,1,-51
1754124959.87746,11,-4,-59
1754124959.91646,2,1,-71
1754124959.95346,9,0,-69
1754124959.99246,2,-3,-67
1754124960.02846,-5,-2,-58
1754124960.06646,-3,-4,-54
1754124960.10446,-1,-5,-51
1754124960.14246,-2,-10,-66
1754124960.18146,0,-2,-85
1754124960.2174602,0,0,-65
1754124960.25546,7,0,-58
1754124960.29346,-3,-3,-54
1754124960.3324602,-5,0,-73
1754124960.3684602,-1,-2,-84
1754124960.4074602,-4,1,-66
1754124960.44546,-3,1,-61
1754124960.4834602,0,1,-73
1754124960.52146,-4,1,-67
1754124960.55746,2,-2,-66
1754124960.5954602,-2,1,-63
1754124960.63346,-4,0,-46
1754124960.6714602,0,7,-67
1754124960.7074602,-1,7,-66
1754124960.74546,2,2,-71
1754124960.78346,2,-3,-65
1754124960.82146,0,-2,-70
1754124960.85746,-3,0,-56
1754124960.89546,-10,-1,-57
1754124960.93346,-9,3,-75
1754124960.97246,-6,-1,-61
1754124961.00846,-7,-5,-59
1754124961.0464602,0,1,-60
1754124961.08446,-1,2,-63
1754124961.12346,-5,1,-67
1754124961.1614602,-4,-2,-64
1754124961.1974602,-3,-9,-69
1754124961.2364602,3,-2,-73
1754124961.27346,-2,-9,-67
1754124961.3124602,3,0,-61
1754124961.3484602,7,-3,-73
1754124961.38646,3,-1,-54
1754124961.4244602,0,0,-53
1754124961.4634602,0,0,-61
1754124961.50146,-4,3,-55
1754124961.53746,-2,0,-61
1754124961.5754602,-1,-3,-69
1754124961.61346,0,-2,-65
1754124961.65246,0,-7,-69
1754124961.68846,0,0,-73
1754124961.72546,0,0,-61
1754124961.7634602,-3,-3,-63
1754124961.8024602,-2,0,-61
1754124961.8384602,-1,3,-67
1754124961.87646,-3,-1,-67
1754124961.91546,-1,-7,-71
1754124961.95346,-6,7,-57
1754124961.98946,-4,-2,-63
1754124962.02846,-2,-5,-65
1754124962.0654602,1,0,-70
1754124962.10346,0,6,-65
1754124962.14246,-7,-4,-69
1754124962.17846,2,-2,-61
1754124962.21646,3,-2,-71
1754124962.25446,7,4,-64
1754124962.29346,0,-3,-74
1754124962.32946,0,-3,-84
1754124962.36746,-1,-4,-78
1754124962.40646,-13,-3,-73
1754124962.44346,-6,-1,-50
1754124962.48246,4,2,-56
1754124962.51846,0,2,-53
1754124962.55646,2,-3,-59
1754124962.59446,0,4,-61
1754124962.63346,0,-4,-59
1754124962.66946,3,0,-66
1754124962.70646,6,0,-71
1754124962.74446,2,0,-58
1754124962.78346,5,-9,-67
1754124962.8194602,2,-1,-73
1754124962.85746,-7,-3,-70
1754124962.89546,-4,-1,-61
1754124962.9344602,0,4,-71
1754124962.97246,-4,3,-64
1754124963.00846,-10,3,-59
1754124963.04746,-2,5,-66
1754124963.08446,-5,1,-62
1754124963.12346,-12,-2,-70
1754124963.15946,-8,-7,-62
1754124963.1974602,-5,4,-64
1754124963.23546,-4,-4,-65
1754124963.27446,3,-1,-54
1754124963.3124602,4,1,-61
1754124963.3484602,0,0,-68
1754124963.38546,-2,-5,-70
1754124963.4244602,0,0,-71
1754124963.46246,5,2,-66
1754124963.49846,0,3,-60
1754124963.53546,7,-11,-69
1754124963.57446,2,-6,-56
1754124963.61246,7,-1,-71
1754124963.64846,-2,1,-67
1754124963.68646,-2,2,-72
1754124963.72446,0,-3,-65
1754124963.7634602,4,0,-71
1754124963.7994602,3,-1,-74
1754124963.83746,0,0,-63
1754124963.87546,-6,-1,-65
1754124963.9144602,-2,3,-67
1754124963.9504602,1,-4,-65
1754124963.98846,1,2,-66
1754124964.02746,0,2,-65
1754124964.06446,5,0,-58
1754124964.10346,0,2,-63
1754124964.13946,-4,0,-57
1754124964.1774602,1,3,-62
1754124964.21546,-4,-4,-67
1754124964.25446,-5,-2,-67
1754124964.29046,-2,-6,-58
1754124964.32846,2,-4,-65
1754124964.36646,0,-6,-56
1754124964.40546,-3,-7,-60
1754124964.44346,-2,0,-58
1754124964.47946,0,0,-65
1754124964.51846,4,-2,-57
1754124964.55546,-4,0,-61
1754124964.59446,0,4,-54
1754124964.63046,2,0,-59
1754124964.66846,2,0,-67
1754124964.70546,-2,0,-61
1754124964.74446,-7,0,-59
1754124964.78046,-2,-2,-62
1754124964.81846,-11,1,-61
1754124964.85646,-1,-1,-57
1754124964.89546,0,-4,-66
1754124964.93346,1,-1,-67
1754124964.96946,3,-1,-60
1754124965.0064602,3,-1,-58
1754124965.04546,-3,-10,-72
1754124965.08346,-6,-5,-55
1754124965.11946,-13,2,-61
1754124965.1574602,-2,-2,-59
1754124965.19546,0,-3,-48
1754124965.23446,4,4,-50
1754124965.27046,0,3,-53
1754124965.30746,2,-4,-51
1754124965.3454602,0,0,-59
1754124965.3844602,1,5,-69
1754124965.42046,3,0,-71
1754124965.4574602,-1,-1,-60
1754124965.49546,-4,-1,-69
1754124965.53446,-5,0,-68
1754124965.57046,-2,-1,-59
1754124965.6084602,0,2,-68
1754124965.64746,-3,-4,-67
1754124965.68546,4,-2,-66
1754124965.7234602,6,1,-55
1754124965.7594602,0,0,-58
1754124965.79746,-3,-3,-65
1754124965.8354602,-10,-4,-61
1754124965.87446,-6,5,-64
1754124965.91046,-5,3,-65
1754124965.94846,4,-10,-73
1754124965.9864602,2,-2,-59
1754124966.02546,2,0,-70
1754124966.06346,1,0,-61
1754124966.09946,2,4,-53
1754124966.13746,3,-2,-67
1754124966.17546,-1,-5,-54
1754124966.21146,2,-3,-54
1754124966.24946,0,1,-58
1754124966.28746,0,0,-69
1754124966.3254602,-5,0,-71
1754124966.36446,-4,3,-72
1754124966.4014602,7,2,-78
1754124966.43846,3,5,-55
1754124966.47646,-6,-4,-52
1754124966.51546,-5,-4,-63
1754124966.55146,-1,-5,-66
1754124966.58946,-1,0,-75
1754124966.62746,0,-1,-72
1754124966.66646,-1,-2,-73
1754124966.70446,-4,-4,-63
1754124966.7404602,2,-7,-74
1754124966.77846,-7,-6,-68
1754124966.81646,-2,-2,-67
1754124966.8554602,-6,4,-63
1754124966.8914602,3,0,-62
1754124966.93046,6,-5,-64
1754124966.9674602,-5,-4,-65
1754124967.00546,-4,-5,-65
1754124967.04446,-9,0,-68
1754124967.08046,-5,-1,-66
1754124967.1184602,-2,2,-64
1754124967.15646,0,1,-61
1754124967.19546,5,-1,-59
1754124967.23146,6,-5,-52
1754124967.2694602,1,0,-61
1754124967.30846,1,-6,-70
1754124967.34646,1,0,-71
1754124967.3844602,-7,7,-63
1754124967.42046,-7,9,-68
1754124967.4574602,-3,-1,-63
1754124967.4964602,-6,-4,-51
1754124967.53446,-4,2,-59
1754124967.57046,0,0,-63
1754124967.60746,2,4,-51
1754124967.64646,-5,-3,-55
1754124967.6844602,-6,0,-69
1754124967.7204602,0,-5,-62
1754124967.75746,0,-4,-58
1754124967.7964602,3,-4,-70
1754124967.83446,0,-1,-64
1754124967.87046,0,-7,-80
1754124967.9074602,6,3,-73
1754124967.94646,-1,7,-62
1754124967.98446,-6,0,-57
1754124968.02046,1,0,-71
1754124968.05746,0,-5,-76
1754124968.09646,0,-6,-55
1754124968.1344602,4,-1,-61
1754124968.17046,0,-3,-66
1754124968.2074602,3,0,-58
1754124968.25146,0,1,-62
1754124968.29046,0,-9,-65
1754124968.32746,-3,-3,-66
1754124968.36646,-2,-5,-67
1754124968.4044602,2,3,-63
1754124968.4404602,0,1,-70
1754124968.47946,1,2,-65
1754124968.5164602,4,7,-66
1754124968.55546,-2,-5,-71
1754124968.5924602,-1,-2,-58
1754124968.62946,-2,1,-62
1754124968.6674602,2,-1,-56
1754124968.70646,2,1,-63
1754124968.74246,0,-2,-57
1754124968.78046,-3,-2,-51
1754124968.81846,6,-5,-63
1754124968.85646,5,3,-56
1754124968.89546,7,0,-57
1754124968.93146,7,-4,-61
1754124968.96946,2,-4,-64
1754124969.00746,-4,-5,-63
1754124969.0464602,-5,-2,-62
1754124969.0824602,-10,-3,-53
1754124969.12046,-2,-1,-57
1754124969.15946,-2,-2,-64
1754124969.19646,-5,-3,-57
1754124969.23546,-5,-3,-62
1754124969.27146,1,-9,-62
1754124969.3094602,3,-3,-64
1754124969.34746,-3,-6,-73
1754124969.38646,4,2,-61
1754124969.42246,2,2,-68
1754124969.45946,0,1,-69
1754124969.49846,-5,4,-63
1754124969.5364602,2,0,-60
1754124969.5724602,-1,1,-68
1754124969.61046,0,2,-53
1754124969.64846,-5,1,-70
1754124969.6874602,-4,-2,-50
1754124969.72546,-4,2,-58
1754124969.76146,-6,0,-58
1754124969.79846,0,5,-57
1754124969.83746,0,-2,-53
1754124969.87546,0,-4,-62
1754124969.9114602,0,-2,-59
1754124969.94946,-9,4,-69
1754124969.98746,-4,2,-74
1754124970.0264602,2,3,-64
1754124970.0624602,-1,3,-53
1754124970.10046,3,8,-72
1754124970.1384602,1,1,-68
1754124970.1774602,0,2,-67
1754124970.21546,-5,0,-67
1754124970.25146,0,-2,-68
1754124970.2894602,0,0,-69
1754124970.32746,0,1,-70
1754124970.36646,0,-7,-57
1754124970.40246,0,-1,-61
1754124970.4404602,-2,0,-54
1754124970.47946,-1,-5,-67
1754124970.51746,3,-8,-61
1754124970.55546,6,-8,-64
1754124970.59146,3,0,-59
1754124970.62946,0,0,-59
1754124970.6674602,0,2,-64
1754124970.70646,-1,-2,-61
1754124970.74246,-3,-6,-71
1754124970.78146,-3,-7,-65
1754124970.8194602,-1,-11,-65
1754124970.85746,-4,-1,-72
1754124970.89546,-4,0,-65
1754124970.93246,0,-4,-59
1754124970.9704602,-4,-2,-57
1754124971.00846,-7,1,-59
1754124971.04746,4,-1,-62
1754124971.08346,2,2,-65
1754124971.12046,7,2,-65
1754124971.15846,-5,3,-58
1754124971.1974602,-4,0,-60
1754124971.2334602,2,4,-58
1754124971.27046,3,-2,-57
1754124971.30846,2,-3,-65
1754124971.34746,0,0,-59
1754124971.38346,0,-5,-58
1754124971.4214602,-5,1,-55
1754124971.45946,4,0,-67
1754124971.49746,0,0,-67
1754124971.5364602,4,0,-65
1754124971.5724602,0,-1,-71
1754124971.61046,0,0,-61
1754124971.64946,-2,0,-58
1754124971.6874602,-3,-4,-72
1754124971.7234602,0,-3,-57
1754124971.76046,-8,-8,-62
1754124971.79846,1,1,-62
1754124971.83746,6,-1,-60
1754124971.87346,6,-2,-61
1754124971.91246,4,-3,-67
1754124971.94946,4,-1,-57
1754124971.98846,-2,0,-60
1754124972.0264602,0,0,-61
1754124972.0624602,10,-4,-63
1754124972.10046,-5,0,-68
1754124972.1384602,1,-4,-70
1754124972.1774602,-2,-1,-62
1754124972.2134602,2,6,-56
1754124972.25146,3,-1,-59
1754124972.2894602,-6,1,-63
1754124972.32846,-4,-13,-63
1754124972.36646,-5,-2,-65
1754124972.40246,4,-2,-64
1754124972.43946,1,-1,-55
1754124972.47846,-5,2,-70
1754124972.5164602,-3,2,-68
1754124972.5524602,0,3,-69
1754124972.58946,0,0,-59
1754124972.6284602,-3,2,-71
1754124972.66646,-1,-6,-62
1754124972.70246,-3,-1,-67
1754124972.7404602,-2,2,-72
1754124972.77846,1,3,-65
1754124972.81746,1,3,-65
1754124972.85346,1,8,-70
1754124972.8914602,0,0,-61
1754124972.92846,4,2,-68
1754124972.9674602,6,-3,-71
1754124973.0034602,-3,0,-67
1754124973.04046,2,3,-67
1754124973.07846,0,-1,-52
1754124973.11746,1,-7,-65
1754124973.15346,-8,-1,-74
1754124973.19146,-8,-5,-69
1754124973.22946,0,5,-68
1754124973.26846,2,-2,-67
1754124973.30446,-5,-1,-64
1754124973.3424602,2,1,-61
1754124973.3814602,0,3,-65
1754124973.41846,0,0,-64
1754124973.4574602,0,-1,-56
1754124973.49446,3,3,-73
1754124973.53146,-2,7,-64
1754124973.5694602,5,4,-57
1754124973.6084602,-4,-3,-59
1754124973.6444602,-11,-4,-66
1754124973.68246,0,3,-44
1754124973.7204602,2,-4,-64
1754124973.75846,2,-3,-55
1754124973.79746,-4,-6,-57
1754124973.83346,-1,-1,-59
1754124973.8714602,3,-4,-72
1754124973.90946,1,0,-64
1754124973.94846,1,0,-58
1754124973.98446,-3,-2,-60
1754124974.02246,5,-7,-68
1754124974.06046,4,-5,-69
1754124974.09946,-1,-4,-82
1754124974.13746,3,-4,-78
1754124974.17346,1,0,-68
1754124974.2104602,0,1,-64
1754124974.24946,-5,2,-64
1754124974.28746,-1,-3,-54
1754124974.32346,-7,-1,-53
1754124974.36246,0,0,-68
1754124974.39946,2,-1,-55
1754124974.43846,2,0,-58
1754124974.47446,-4,1,-70
1754124974.51246,0,-1,-57
1754124974.55046,3,-4,-63
1754124974.58946,-8,-1,-61
1754124974.62746,-4,-6,-71
1754124974.66346,-1,-4,-72
1754124974.70146,-4,-2,-79
1754124974.73946,-3,-1,-58
1754124974.77846,-6,-5,-63
1754124974.81446,-4,-5,-72
1754124974.85246,-3,-5,-55
1754124974.89046,3,-7,-57
1754124974.92946,3,-3,-62
1754124974.9674602,5,-4,-61
1754124975.0034602,2,-4,-60
1754124975.04146,4,-6,-65
1754124975.07946,9,0,-60
1754124975.1184602,5,-11,-62
1754124975.1544602,5,-4,-61
1754124975.19246,0,-3,-59
1754124975.2304602,-3,-4,-59
1754124975.2694602,11,-5,-56
1754124975.30746,4,-3,-63
1754124975.34346,9,-1,-72
1754124975.3814602,1,1,-69
1754124975.41946,-1,2,-71
1754124975.45846,8,5,-74
1754124975.49446,0,9,-73
1754124975.53146,0,4,-69
1754124975.5694602,-1,-4,-68
1754124975.6084602,-5,-3,-74
1754124975.6444602,0,0,-69
1754124975.68146,1,-1,-63
1754124975.71946,0,0,-51
1754124975.75846,0,-2,-63
1754124975.79446,-1,-5,-71
1754124975.83346,2,-5,-65
1754124975.87046,0,0,-56
1754124975.90946,0,2,-63
1754124975.94546,4,3,-74
1754124975.98246,1,3,-66
1754124976.02046,-2,0,-69
1754124976.0594602,-3,-1,-67
1754124976.0954602,-1,0,-74
1754124976.13346,-9,-1,-64
1754124976.1714602,-7,-2,-63
1754124976.20946,-1,-4,-70
1754124976.24846,2,-5,-66
1754124976.28446,0,-6,-62
1754124976.3224602,-4,-11,-70
1754124976.36046,-4,-4,-73
1754124976.39946,-3,-9,-72
1754124976.43546,-2,-5,-69
1754124976.4734602,4,1,-69
1754124976.51246,0,0,-75
1754124976.55046,2,-3,-64
1754124976.5884602,-2,2,-57
1754124976.62446,-9,0,-59
1754124976.66246,-2,4,-67
1754124976.7004602,-1,0,-57
1754124976.73946,1,2,-69
1754124976.77546,-2,-5,-65
1754124976.81346,0,-1,-61
1754124976.85146,-1,2,-73
1754124976.89046,-1,3,-78
1754124976.92846,4,3,-69
1754124976.96446,1,1,-68
1754124977.0034602,4,1,-82
1754124977.04046,6,-2,-74
1754124977.07946,6,-2,-73
1754124977.1154602,3,-7,-59
1754124977.15346,0,-6,-69
1754124977.19246,-5,-1,-67
1754124977.2304602,1,-7,-59
1754124977.26846,-1,-6,-63
1754124977.30446,7,-6,-56
1754124977.3424602,2,0,-67
1754124977.38046,-1,-4,-76
1754124977.41946,-2,-7,-73
1754124977.45546,2,-5,-65
1754124977.49246,4,-1,-67
1754124977.53046,-3,0,-58
1754124977.5694602,-2,0,-57
1754124977.6054602,-1,-6,-61
1754124977.64346,3,0,-57
1754124977.68146,-3,1,-66
1754124977.7204602,0,0,-53
1754124977.7564602,0,3,-60
1754124977.79446,-1,1,-60
1754124977.8324602,6,5,-63
1754124977.87046,0,-2,-61
1754124977.90946,0,1,-62
1754124977.94546,2,2,-57
1754124977.9834602,4,-1,-61
1754124978.02046,6,-8,-62
1754124978.0594602,-2,-9,-72
1754124978.0954602,-5,-8,-76
1754124978.13346,0,-3,-66
1754124978.1714602,2,1,-64
1754124978.2104602,-1,2,-67
1754124978.25446,-2,-2,-65
1754124978.2924602,-5,2,-67
1754124978.33046,-7,2,-56
1754124978.36946,-2,6,-66
1754124978.40546,2,1,-73
1754124978.44246,5,-2,-62
1754124978.4804602,7,-4,-66
1754124978.5194602,4,0,-55
1754124978.55546,1,2,-66
1754124978.5924602,-7,4,-58
1754124978.63046,-9,-1,-59
1754124978.66946,-1,-3,-52
1754124978.70546,-2,0,-66
1754124978.7434602,0,-4,-65
1754124978.78146,-3,0,-60
1754124978.82046,-2,-3,-69
1754124978.85646,3,-6,-76
1754124978.8944602,-4,-6,-80
1754124978.93246,-3,-2,-75
1754124978.97146,-1,-3,-68
1754124979.0094602,7,1,-58
1754124979.04546,0,3,-66
1754124979.0824602,7,3,-53
1754124979.1214602,3,3,-72
1754124979.15946,5,5,-73
1754124979.19546,2,5,-71
1754124979.23246,-4,4,-60
1754124979.27146,-2,2,-62
1754124979.3094602,-3,-2,-63
1754124979.3454602,-3,2,-65
1754124979.3844602,-1,-3,-53
1754124979.4214602,-4,-2,-61
1754124979.4604602,-2,-2,-67
1754124979.4964602,-5,0,-70
1754124979.53446,-6,1,-63
1754124979.57146,-3,-1,-56
1754124979.61046,2,-1,-53
1754124979.64646,0,0,-53
1754124979.6844602,0,-1,-64
1754124979.72246,1,-2,-77
1754124979.76146,-8,-4,-71
1754124979.7994602,0,0,-65
1754124979.8354602,1,2,-61
1754124979.87246,3,-1,-75
1754124979.9114602,0,1,-64
1754124979.94946,3,2,-76
1754124979.98546,3,3,-69
1754124980.02246,-3,0,-67
1754124980.06146,4,-2,-66
1754124980.09746,1,0,-61
1754124980.1344602,-3,2,-66
1754124980.17246,0,5,-70
1754124980.21146,-3,-5,-57
1754124980.24746,0,-1,-68
1754124980.28446,2,0,-62
1754124980.3224602,0,-3,-58
1754124980.3614602,0,-9,-56
1754124980.39746,0,-6,-63
1754124980.4344602,4,-4,-69
1754124980.47246,0,-5,-53
1754124980.51146,2,-5,-54
1754124980.54746,5,0,-52
1754124980.58446,-2,-2,-61
1754124980.62246,-8,-5,-63
1754124980.6614602,-6,4,-68
1754124980.6974602,-3,-7,-65
1754124980.73546,1,0,-58
1754124980.77346,0,-1,-58
1754124980.81146,0,2,-65
1754124980.85046,2,-4,-62
1754124980.88746,0,-2,-57
1754124980.9244602,3,2,-64
1754124980.96246,4,7,-66
1754124981.00146,-2,2,-68
1754124981.03746,0,1,-65
1754124981.07446,-6,-4,-66
1754124981.11246,-5,-4,-69
1754124981.1514602,6,-5,-77
1754124981.1874602,-7,-8,-75
1754124981.22546,-9,-1,-65
1754124981.26446,-8,1,-59
1754124981.3024602,-7,1,-73
1754124981.34046,-5,1,-69
1754124981.37646,0,2,-66
1754124981.4144602,2,-3,-61
1754124981.45246,-1,-10,-65
1754124981.49146,-10,-2,-61
1754124981.52746,-5,2,-72
1754124981.56446,3,3,-62
1754124981.60246,2,-2,-62
1754124981.6414602,-1,-2,-62
1754124981.6774602,-1,0,-54
1754124981.71546,1,-3,-57
1754124981.7534602,-1,-4,-59
1754124981.7924602,0,-4,-58
1754124981.83046,2,0,-54
1754124981.86646,4,1,-61
1754124981.9044602,2,-3,-57
1754124981.94246,-2,0,-61
1754124981.98146,-2,0,-54
1754124982.01746,-7,-3,-60
1754124982.05546,-3,-5,-63
1754124982.09446,3,-1,-66
1754124982.13246,1,8,-70
1754124982.17046,3,5,-62
1754124982.20646,0,1,-62
1754124982.24446,0,0,-58
1754124982.2824602,-2,-2,-70
1754124982.31846,0,0,-63
1754124982.3554602,0,-5,-61
1754124982.3944602,0,4,-63
1754124982.43246,-2,2,-68
1754124982.46846,-4,-6,-74
1754124982.5064602,-3,0,-72
1754124982.54446,-1,3,-65
1754124982.5824602,0,-1,-60
1754124982.6214602,2,1,-70
1754124982.6574602,0,-1,-65
1754124982.6944602,0,3,-69
1754124982.73246,5,2,-50
1754124982.77146,2,-7,-68
1754124982.80746,1,0,-70
1754124982.84446,2,-2,-56
1754124982.88246,-3,6,-51
1754124982.9214602,-3,0,-59
1754124982.9574602,-3,-1,-75
1754124982.99546,2,5,-72
1754124983.03346,3,0,-71
1754124983.0724602,-1,-1,-59
1754124983.1084602,-3,-3,-53
1754124983.14646,-2,-6,-63
1754124983.18546,2,-5,-73
1754124983.22246,-2,3,-60
1754124983.26146,-2,-9,-60
1754124983.29746,-3,-7,-62
1754124983.3354602,-2,-3,-57
1754124983.37346,2,0,-54
1754124983.41246,-2,0,-67
1754124983.44846,-10,-3,-74
1754124983.4864602,1,-5,-51
1754124983.52446,2,-9,-58
1754124983.56346,0,0,-52
1754124983.60146,-6,-3,-52
1754124983.63746,-10,-5,-56
1754124983.67646,-4,0,-61
1754124983.7134602,-5,-4,-57
1754124983.75246,-3,-3,-67
1754124983.78846,-7,3,-63
1754124983.8254602,0,5,-59
1754124983.86346,0,2,-69
1754124983.90246,9,-2,-74
1754124983.93846,-1,-2,-73
1754124983.97646,-5,-2,-66
1754124984.01446,0,0,-67
1754124984.05346,0,0,-60
1754124984.09146,0,0,-50
1754124984.12746,-8,0,-60
1754124984.16546,0,0,-70
1754124984.20346,6,0,-73
1754124984.24246,6,-2,-71
1754124984.27846,0,-5,-69
1754124984.31646,-9,-4,-65
1754124984.35446,-5,-3,-64
1754124984.39346,-2,-4,-65
1754124984.43146,2,-3,-61
1754124984.4674602,4,-4,-65
1754124984.50446,0,5,-71
1754124984.54346,-5,-2,-57
1754124984.57946,-5,1,-52
1754124984.61746,-11,7,-60
1754124984.65546,3,-2,-53
1754124984.69346,2,-9,-64
1754124984.73246,-2,-1,-70
1754124984.76846,-4,0,-61
1754124984.80646,0,0,-53
1754124984.84446,0,5,-66
1754124984.88346,1,0,-62
1754124984.91946,0,0,-63
1754124984.95646,-7,0,-52
1754124984.99446,-8,3,-59
1754124985.03346,0,6,-60
1754124985.0694602,0,0,-68
1754124985.10646,-1,4,-64
1754124985.1444602,2,9,-65
1754124985.18346,3,3,-59
1754124985.21946,6,6,-58
1754124985.2564602,-2,6,-72
1754124985.29446,4,6,-74
1754124985.33346,-3,1,-62
1754124985.36946,1,-5,-64
1754124985.40646,0,0,-62
1754124985.4444602,-9,-3,-73
1754124985.4834602,-9,3,-63
1754124985.5194602,-5,3,-63
1754124985.55646,-3,0,-69
1754124985.59446,-3,-4,-60
1754124985.63346,-7,-1,-55
1754124985.66946,-5,-1,-59
1754124985.7074602,-9,2,-69
1754124985.74546,0,0,-68
1754124985.78446,11,0,-72
1754124985.8224602,3,0,-60
1754124985.8584602,-1,-2,-65
1754124985.89646,3,0,-59
1754124985.9344602,1,-3,-59
1754124985.9734602,6,-5,-65
1754124986.0094602,-1,-2,-58
1754124986.04846,3,0,-63
1754124986.0854602,-6,0,-60
1754124986.12446,-8,-3,-68
1754124986.16246,-4,-5,-62
1754124986.19846,-4,0,-57
1754124986.2364602,-5,2,-57
1754124986.27446,0,2,-51
1754124986.3124602,-5,1,-62
1754124986.3484602,0,-1,-61
1754124986.38546,3,-3,-56
1754124986.4244602,-3,-2,-68
1754124986.46246,0,0,-71
1754124986.49846,0,0,-53
1754124986.5364602,4,-4,-61
1754124986.57446,0,0,-74
1754124986.61246,-7,1,-67
1754124986.64846,0,-1,-68
1754124986.68646,2,0,-72
1754124986.72446,0,5,-69
1754124986.76246,-4,2,-76
1754124986.79846,1,0,-67
1754124986.83646,-3,2,-69
1754124986.87446,2,-2,-65
1754124986.91346,1,-8,-54
1754124986.94946,0,2,-60
1754124986.9864602,-6,0,-59
1754124987.02446,0,1,-62
1754124987.06346,-1,2,-65
1754124987.09946,2,2,-60
1754124987.13646,5,2,-56
1754124987.1744602,-4,0,-69
1754124987.2134602,-1,7,-74
1754124987.24946,-5,3,-73
1754124987.28746,-8,1,-64
1754124987.3254602,2,-5,-77
1754124987.36446,5,1,-72
1754124987.40046,1,0,-67
1754124987.43846,2,0,-64
1754124987.47646,1,2,-69
1754124987.51446,-3,4,-70
1754124987.55346,7,1,-63
1754124987.58946,4,5,-66
1754124987.62646,7,-3,-61
1754124987.6644602,5,-2,-69
1754124987.70346,5,0,-56
1754124987.73946,6,0,-59
1754124987.7764602,5,-7,-67
1754124987.8154602,3,-3,-66
1754124987.85346,-1,-1,-79
1754124987.88946,-2,-3,-78
1754124987.9274602,-4,5,-65
1754124987.96546,3,6,-72
1754124988.00446,0,1,-76
1754124988.04046,-1,3,-70
1754124988.07846,-3,-2,-67
1754124988.11646,-4,-2,-65
1754124988.15546,0,-1,-66
1754124988.19346,-5,4,-55
1754124988.22946,-4,-4,-64
1754124988.27546,-4,5,-73
1754124988.31346,-2,3,-69
1754124988.34946,-5,0,-79
1754124988.38746,-8,2,-67
1754124988.42546,-7,0,-68
1754124988.46446,0,10,-61
1754124988.50046,1,4,-72
1754124988.53846,-3,-3,-66
1754124988.57646,-6,-7,-68
1754124988.6154602,-6,-5,-57
1754124988.65346,1,1,-57
1754124988.68946,2,-6,-51
1754124988.72646,-2,-6,-58
1754124988.76546,-3,1,-69
1754124988.80346,0,-3,-59
1754124988.83946,5,4,-63
1754124988.87646,0,4,-61
1754124988.91546,-5,-4,-53
1754124988.95346,-8,0,-51
1754124988.98946,0,-1,-61
1754124989.0264602,4,-1,-65
1754124989.0654602,-4,0,-58
1754124989.10346,-2,-6,-63
1754124989.13946,9,-7,-58
1754124989.1774602,-4,1,-63
1754124989.21546,-6,0,-54
1754124989.25446,-3,4,-53
1754124989.29046,-2,1,-59
1754124989.32746,3,1,-55
1754124989.3654602,0,0,-64
1754124989.4044602,0,1,-65
1754124989.4404602,0,-1,-62
1754124989.47846,2,1,-67
1754124989.51546,-1,-1,-68
1754124989.55446,13,4,-62
1754124989.59046,0,4,-60
1754124989.6284602,7,-6,-66
1754124989.66546,0,2,-70
1754124989.70446,-2,0,-65
1754124989.7404602,-3,-5,-57
1754124989.77846,-9,-9,-61
1754124989.81646,-3,-4,-70
1754124989.8554602,-4,0,-64
1754124989.8914602,-4,0,-68
1754124989.92846,-7,6,-63
1754124989.96646,-5,0,-81
1754124990.00546,-4,1,-65
1754124990.04146,-7,0,-69
1754124990.07846,-3,0,-68
1754124990.11646,4,-1,-53
1754124990.15546,1,3,-70
1754124990.19146,0,1,-70
1754124990.22846,5,-3,-63
1754124990.2664602,6,-6,-56
1754124990.30546,-4,1,-57
1754124990.34146,-4,6,-61
1754124990.37946,-7,3,-64
1754124990.41846,-9,-6,-60
1754124990.45646,-5,0,-59
1754124990.49446,0,-3,-58
1754124990.53046,-1,3,-54
1754124990.5694602,-2,-2,-67
1754124990.60646,1,0,-63
1754124990.64546,0,1,-72
1754124990.68146,7,0,-72
1754124990.71846,0,-4,-68
1754124990.7564602,-8,0,-67
1754124990.79546,-8,0,-57
1754124990.83146,-2,1,-54
1754124990.86946,-7,-2,-67
1754124990.9074602,-5,0,-62
1754124990.94646,3,2,-54
1754124990.98446,3,2,-59
1754124991.02046,5,0,-63
1754124991.05746,5,-5,-53
1754124991.09646,0,-7,-62
1754124991.1344602,-3,-6,-66
1754124991.17046,-6,-4,-68
1754124991.20846,-6,-4,-64
1754124991.2464602,2,-5,-74
1754124991.28546,2,0,-60
1754124991.32146,5,-5,-62
1754124991.35946,4,-1,-62
1754124991.39746,2,-2,-65
1754124991.43646,-9,3,-77
1754124991.47246,-5,5,-71
1754124991.51046,-1,0,-64
1754124991.54846,3,1,-65
1754124991.58646,0,5,-50
1754124991.62546,-4,1,-64
1754124991.6614602,-2,0,-66
1754124991.69946,0,-4,-61
1754124991.73746,-6,0,-60
1754124991.7764602,2,-3,-72
1754124991.8124602,-2,-8,-68
1754124991.85046,0,-5,-61
1754124991.8884602,0,-1,-68
1754124991.92646,3,0,-64
1754124991.96546,1,0,-64
1754124992.00146,-2,6,-65
1754124992.0394602,-2,-1,-53
1754124992.07846,0,-6,-48
1754124992.11646,-3,-3,-61
1754124992.15246,3,2,-66
1754124992.1904602,0,1,-67
1754124992.22846,3,1,-69
1754124992.2664602,0,-1,-71
1754124992.30546,1,-2,-63
1754124992.34146,3,-6,-70
1754124992.37946,-4,-3,-68
1754124992.4174602,-4,0,-73
1754124992.45646,-7,-4,-63
1754124992.49246,-8,0,-59
1754124992.53046,-9,-3,-63
1754124992.56846,-5,-2,-57
1754124992.60746,0,-3,-71
1754124992.64546,-7,-10,-65
1754124992.68146,-3,-1,-66
1754124992.71946,-7,-2,-58
1754124992.75746,0,1,-76
1754124992.7964602,3,1,-74
1754124992.8324602,-1,-8,-74
1754124992.87046,-6,-4,-69
1754124992.90846,-7,0,-67
1754124992.9474602,-7,-3,-53
1754124992.98546,-1,4,-62
1754124993.02146,-5,0,-66
1754124993.0594602,-2,6,-63
1754124993.09746,-1,2,-61
1754124993.13646,-4,-6,-60
1754124993.17246,-6,-6,-65
1754124993.2104602,0,2,-65
1754124993.24846,-2,1,-65
1754124993.28746,5,3,-64
1754124993.3254602,1,0,-66
1754124993.3614602,-3,-1,-70
1754124993.39946,-6,-3,-63
1754124993.4374602,-4,3,-59
1754124993.47646,-8,8,-66
1754124993.51246,0,1,-57
1754124993.5494602,2,1,-63
1754124993.58746,7,3,-80
1754124993.62646,5,-1,-59
1754124993.66246,0,-1,-61
1754124993.69946,1,0,-60
1754124993.73746,0,1,-65
1754124993.7764602,-1,-4,-61
1754124993.8124602,0,0,-62
1754124993.84946,-1,2,-48
1754124993.88746,0,4,-58
1754124993.92646,0,1,-57
1754124993.96246,-4,2,-73
1754124994.00046,-8,1,-58
1754124994.03846,-6,4,-64
1754124994.07746,-7,-3,-55
1754124994.11346,-5,0,-58
1754124994.1514602,-7,1,-66
1754124994.18946,1,1,-68
1754124994.22746,2,-3,-67
1754124994.2664602,4,-8,-68
1754124994.3024602,1,-8,-73
1754124994.34046,-5,-9,-75
1754124994.3784602,-3,-1,-68
1754124994.4174602,1,0,-69
1754124994.45346,3,-1,-60
1754124994.49146,2,0,-67
1754124994.5294602,0,1,-67
1754124994.56746,-1,-11,-65
1754124994.60646,-6,-5,-61
1754124994.64246,-6,5,-59
1754124994.68046,-9,0,-64
1754124994.71846,1,-1,-65
1754124994.75746,0,10,-71
1754124994.79346,4,7,-73
1754124994.83146,-1,8,-74
1754124994.86946,-2,0,-60
1754124994.90846,-3,-6,-75
1754124994.94646,-5,-1,-73
1754124994.98246,-2,0,-74
1754124995.02046,-7,0,-62
1754124995.05846,0,0,-60
1754124995.09746,6,-1,-60
1754124995.13346,3,-4,-68
1754124995.1714602,-3,-1,-69
1754124995.20946,-8,0,-72
1754124995.24846,1,1,-66
1754124995.2864602,-2,0,-69
1754124995.3224602,-10,-2,-63
1754124995.36046,0,-7,-71
1754124995.39846,-5,0,-78
1754124995.4374602,2,0,-86
1754124995.4734602,4,2,-76
1754124995.51046,0,2,-76
1754124995.5494602,6,-6,-66
1754124995.58746,5,-4,-72
1754124995.62346,0,6,-58
1754124995.66046,-1,3,-55
1754124995.69946,-1,1,-61
1754124995.73746,0,0,-50
1754124995.77346,-2,6,-61
1754124995.8124602,3,-1,-61
1754124995.84946,5,-3,-60
1754124995.8884602,4,-3,-68
1754124995.92646,0,-5,-73
1754124995.9634602,-4,-11,-80
1754124996.00146,0,-4,-61
1754124996.0394602,0,0,-60
1754124996.07846,-1,-1,-60
1754124996.11446,0,-1,-75
1754124996.15246,-1,1,-59
1754124996.1904602,-1,0,-71
1754124996.22846,1,-1,-59
1754124996.26746,5,-8,-54
1754124996.30346,0,-2,-57
1754124996.34146,-5,-1,-68
1754124996.37946,2,-2,-75
1754124996.41846,-1,-9,-71
1754124996.45446,0,-4,-58
1754124996.49146,-13,-9,-75
1754124996.5294602,-3,-8,-66
1754124996.56846,2,-10,-55
1754124996.60446,-3,-1,-66
1754124996.64246,0,-5,-58
1754124996.68046,11,-8,-58
1754124996.71846,-2,-3,-72
1754124996.75746,-4,-7,-70
1754124996.79346,8,1,-57
1754124996.83146,1,1,-59
1754124996.87046,0,1,-55
1754124996.90846,-3,4,-52
1754124996.9444602,-1,1,-54
1754124996.98246,7,-1,-68
1754124997.02046,0,0,-73
1754124997.0594602,-5,1,-68
1754124997.09746,-1,-1,-57
1754124997.13346,-3,-1,-70
1754124997.1714602,-3,-1,-66
1754124997.20946,3,2,-60
1754124997.24846,0,-2,-51
1754124997.28446,-1,-9,-56
1754124997.3224602,-1,0,-62
1754124997.36046,4,0,-65
1754124997.39946,0,-9,-63
1754124997.4374602,1,-7,-72
1754124997.4734602,-1,-6,-65
1754124997.51246,2,-1,-71
1754124997.5494602,3,-9,-63
1754124997.5884602,-1,-3,-62
1754124997.62446,2,1,-67
1754124997.66246,4,-6,-79
1754124997.69946,1,1,-74
1754124997.73846,-2,1,-63
1754124997.77446,-5,0,-65
1754124997.8124602,0,5,-57
1754124997.85046,-6,0,-53
1754124997.88946,4,-6,-60
1754124997.9274602,-1,2,-77
1754124997.9634602,-3,0,-86
1754124998.00046,-7,0,-64
1754124998.0394602,-1,5,-70
1754124998.07746,-4,1,-60
1754124998.11346,-2,4,-67
1754124998.1514602,3,-4,-71
1754124998.18946,3,0,-70
1754124998.22846,4,-3,-71
1754124998.26546,2,-9,-71
1754124998.31046,2,0,-63
1754124998.3484602,3,-2,-68
1754124998.3844602,-1,-1,-71
1754124998.42246,-7,3,-62
1754124998.46146,-4,2,-61
1754124998.49946,-5,1,-51
1754124998.53546,-11,0,-67
1754124998.57346,-6,5,-65
1754124998.6114602,-1,2,-57
1754124998.64946,4,3,-63
1754124998.68846,-7,-3,-61
1754124998.72446,-7,-6,-59
1754124998.76246,-2,-5,-69
1754124998.80046,-3,-3,-65
1754124998.83946,8,-2,-60
1754124998.87546,-3,3,-60
1754124998.91346,-7,-3,-64
1754124998.95246,0,0,-55
1754124998.98946,-2,0,-70
1754124999.02846,-4,3,-70
1754124999.06446,-13,0,-69
1754124999.10246,-7,-5,-68
1754124999.14046,-1,0,-58
1754124999.17946,-1,3,-55
1754124999.21546,0,3,-56
1754124999.25246,4,-6,-64
1754124999.29046,4,-1,-74
1754124999.32946,6,0,-73
1754124999.3654602,4,2,-66
1754124999.40246,5,0,-75
1754124999.4404602,2,5,-74
1754124999.47946,-1,-2,-67
1754124999.51546,3,7,-61
1754124999.5524602,4,6,-70
1754124999.59046,-2,2,-64
1754124999.62946,-3,0,-57
1754124999.66546,-5,1,-58
1754124999.70446,1,7,-67
1754124999.74146,-1,6,-72
1754124999.78046,-5,4,-62
1754124999.81846,-3,1,-68
1754124999.85446,0,-3,-63
1754124999.89246,0,-3,-64
1754124999.93046,9,-1,-61
1754124999.96946,10,-2,-68
1754125000.0064602,7,-5,-51
1754125000.04346,-3,0,-66
1754125000.08146,-2,-2,-69
1754125000.12046,-4,-4,-67
1754125000.15846,-1,-3,-68
1754125000.1944602,3,-2,-55
1754125000.23246,-5,3,-69
1754125000.27046,6,4,-65
1754125000.3094602,6,5,-56
1754125000.3454602,5,4,-64
1754125000.38246,6,0,-64
1754125000.4214602,7,-5,-71
1754125000.45946,5,-2,-69
1754125000.49546,1,-5,-74
1754125000.53346,1,6,-66
1754125000.57146,-2,4,-73
1754125000.61046,-4,6,-70
1754125000.64846,0,-2,-68
1754125000.6844602,2,3,-62
1754125000.72146,1,3,-68
1754125000.76046,-2,-5,-68
1754125000.7964602,1,-1,-63
1754125000.83446,3,2,-63
1754125000.87246,0,7,-72
1754125000.91046,1,-1,-61
1754125000.94946,0,0,-67
1754125000.98546,1,0,-67
1754125001.02446,0,-4,-70
1754125001.06146,3,1,-70
1754125001.10046,-6,-3,-67
1754125001.13646,0,0,-58
1754125001.17346,-3,2,-56
1754125001.21146,-2,-3,-58
1754125001.25046,-1,0,-62
1754125001.2864602,3,0,-64
1754125001.32346,-4,2,-70
1754125001.36246,0,-5,-62
1754125001.40046,-2,6,-62
1754125001.43646,-5,9,-71
1754125001.47446,0,6,-64
1754125001.51246,1,1,-63
1754125001.55046,0,-4,-60
1754125001.58946,0,4,-58
1754125001.62546,1,5,-60
1754125001.66246,-2,6,-63
1754125001.70146,5,7,-66
1754125001.73946,6,3,-73
1754125001.77546,-4,5,-61
1754125001.81346,-2,3,-75
1754125001.85146,1,-4,-67
1754125001.89046,-4,-4,-61
1754125001.92646,7,1,-74
1754125001.9634602,8,0,-73
1754125002.00146,1,0,-62
1754125002.04046,1,2,-66
1754125002.07646,-4,0,-69
1754125002.11446,3,1,-69
1754125002.15246,4,0,-74
1754125002.19146,0,2,-69
1754125002.22946,-1,1,-72
1754125002.26546,-3,-1,-65
1754125002.30346,0,3,-70
1754125002.34146,1,-2,-71
1754125002.38046,0,4,-61
1754125002.41646,0,2,-63
1754125002.45346,1,1,-69
1754125002.49146,5,4,-68
1754125002.53046,-4,0,-75
1754125002.56646,-2,-1,-78
1754125002.60446,-5,-10,-64
1754125002.64246,3,-6,-73
1754125002.68146,-3,-4,-62
1754125002.71946,-1,-4,-71
1754125002.75546,0,-2,-77
1754125002.79346,4,1,-65
1754125002.83146,3,0,-59
1754125002.87046,4,2,-54
1754125002.90646,0,4,-52
1754125002.94346,5,0,-63
1754125002.98146,-6,1,-73
1754125003.02046,-4,2,-71
1754125003.05646,-4,-1,-67
1754125003.09446,-4,6,-69
1754125003.13246,3,-2,-66
1754125003.1714602,6,-1,-74
1754125003.2074602,-2,5,-68
1754125003.2464602,-7,8,-67
1754125003.28346,-3,3,-69
1754125003.3224602,-2,2,-63
1754125003.36046,0,8,-55
1754125003.39646,-3,-1,-63
1754125003.4344602,8,0,-65
1754125003.47246,8,0,-64
1754125003.51146,-2,-2,-58
1754125003.54746,2,-6,-67
1754125003.5854602,-1,1,-70
1754125003.62346,-3,4,-66
1754125003.6614602,0,5,-57
1754125003.7004602,2,-1,-70
1754125003.7364602,5,0,-67
1754125003.77446,-1,9,-66
1754125003.8124602,-8,7,-57
1754125003.85146,-4,0,-59
1754125003.88746,6,2,-65
1754125003.92546,6,2,-72
1754125003.9634602,3,-6,-65
1754125004.00246,-3,2,-61
1754125004.04046,3,0,-62
1754125004.07646,6,0,-56
1754125004.11446,1,-4,-55
1754125004.15246,4,-4,-62
1754125004.1904602,-2,-1,-72
1754125004.22646,-3,6,-72
1754125004.2634602,2,1,-59
1754125004.3024602,0,3,-62
1754125004.34046,-5,-4,-68
1754125004.37646,-8,3,-57
1754125004.41346,-10,0,-68
1754125004.45246,-7,-3,-61
1754125004.4904602,1,0,-57
1754125004.5264602,-1,1,-66
1754125004.56346,-4,4,-62
1754125004.60246,-6,3,-80
1754125004.64046,0,3,-62
1754125004.67646,0,4,-67
1754125004.7134602,-3,2,-63
1754125004.75246,4,1,-72
1754125004.79046,3,1,-68
1754125004.82646,-7,3,-60
1754125004.86346,5,3,-56
1754125004.90246,5,3,-72
1754125004.9404602,1,2,-72
1754125004.97646,0,-1,-64
1754125005.0134602,1,2,-62
1754125005.0524602,-1,-1,-55
1754125005.09046,-7,-5,-54
1754125005.12646,-8,-11,-59
1754125005.16546,3,1,-65
1754125005.20246,3,3,-64
1754125005.24146,-3,0,-74
1754125005.27746,3,2,-59
1754125005.3154602,0,-6,-62
1754125005.35246,5,-1,-56
1754125005.3914602,0,0,-59
1754125005.4274602,1,3,-63
1754125005.46546,1,-1,-66
1754125005.50246,-1,2,-62
1754125005.54146,-2,1,-62
1754125005.57746,-5,2,-55
1754125005.6154602,3,-4,-70
1754125005.65346,-4,-2,-60
1754125005.69246,-1,-3,-59
1754125005.72846,3,-2,-59
1754125005.7664602,9,0,-60
1754125005.80446,0,0,-64
1754125005.8424602,-1,5,-56
1754125005.8814602,-7,2,-59
1754125005.9174602,0,0,-68
1754125005.95646,-5,-6,-69
1754125005.9934602,-2,-4,-67
1754125006.0324602,-3,3,-72
1754125006.06846,2,-2,-61
1754125006.10646,-8,-1,-61
1754125006.1444602,-2,-5,-61
1754125006.18346,0,-1,-65
1754125006.22146,1,2,-70
1754125006.25746,7,-6,-61
1754125006.29546,1,1,-54
1754125006.33346,0,-1,-74
1754125006.37246,-1,1,-73
1754125006.40846,3,1,-72
1754125006.44546,0,0,-66
1754125006.4834602,0,-4,-62
1754125006.52246,-4,1,-68
1754125006.55846,-4,6,-69
1754125006.59746,-4,3,-64
1754125006.6344602,-2,-1,-57
1754125006.67346,3,1,-71
1754125006.71146,-5,-7,-72
1754125006.74746,-3,-11,-64
1754125006.78546,0,0,-56
1754125006.82346,-2,0,-63
1754125006.86246,-2,1,-63
1754125006.89846,-3,2,-64
1754125006.93646,-2,-1,-84
1754125006.97446,1,-3,-73
1754125007.0134602,0,3,-60
1754125007.05146,6,-3,-60
1754125007.08746,3,-2,-67
1754125007.12546,0,-9,-58
1754125007.16346,8,-5,-56
1754125007.20246,0,0,-72
1754125007.23846,1,-3,-65
1754125007.2764602,-3,-6,-63
1754125007.3154602,-4,-1,-65
1754125007.35346,2,3,-76
1754125007.3914602,0,13,-71
1754125007.4274602,-4,6,-59
1754125007.46546,-3,-1,-66
1754125007.5034602,-5,-4,-72
1754125007.5424602,-5,-1,-67
1754125007.57846,-3,3,-68
1754125007.61646,2,0,-69
1754125007.6544602,0,0,-65
1754125007.69346,1,0,-61
1754125007.72946,0,-1,-55
1754125007.76746,-5,3,-60
1754125007.80546,-2,0,-64
1754125007.84346,-3,-2,-61
1754125007.88246,-4,-2,-69
1754125007.91846,-5,-7,-69
1754125007.95646,-3,-2,-67
1754125007.99446,-2,2,-61
1754125008.03346,0,-7,-63
1754125008.0694602,-5,0,-72
1754125008.10646,3,3,-70
1754125008.1444602,-3,-4,-67
1754125008.18346,8,0,-66
1754125008.21946,-2,1,-59
1754125008.2564602,0,1,-58
1754125008.29446,0,0,-53
1754125008.3384602,7,-2,-69
1754125008.37746,3,3,-65
1754125008.41546,4,-5,-76
1754125008.45346,0,-8,-74
1754125008.48946,-3,-1,-70
1754125008.52746,-3,-1,-64
1754125008.5654602,3,0,-68
1754125008.60446,-3,-4,-61
1754125008.64246,-4,0,-67
1754125008.67846,-2,7,-72
1754125008.71546,2,10,-58
1754125008.75446,7,2,-62
1754125008.7924602,0,-3,-75
1754125008.82846,1,0,-65
1754125008.8654602,4,0,-54
1754125008.9044602,5,2,-67
1754125008.94246,0,0,-65
1754125008.97846,0,5,-60
1754125009.01546,0,-3,-66
1754125009.05446,0,1,-75
1754125009.0924602,1,6,-68
1754125009.1284602,-2,-4,-55
1754125009.16646,-2,0,-60
1754125009.20446,-9,-5,-60
1754125009.2434602,-1,0,-61
1754125009.2794602,6,-2,-68
1754125009.31746,-3,0,-75
1754125009.3554602,1,2,-62
1754125009.3944602,7,0,-57
1754125009.43246,1,-6,-64
1754125009.46846,4,-3,-55
1754125009.5064602,1,2,-48
1754125009.54446,-4,1,-63
1754125009.58346,-8,4,-63
1754125009.61946,-11,0,-65
1754125009.6574602,-3,-3,-67
1754125009.69546,2,-1,-66
1754125009.73446,1,-4,-63
1754125009.77046,3,0,-74
1754125009.80746,0,-2,-49
1754125009.8454602,-3,0,-56
1754125009.8844602,-4,5,-77
1754125009.92046,-2,0,-69
1754125009.95846,-3,0,-65
1754125009.9964602,3,-6,-65
1754125010.03446,-5,-6,-61
1754125010.07346,0,-3,-74
1754125010.10946,-2,-5,-72
1754125010.14746,-3,-2,-70
1754125010.18546,-4,0,-72
1754125010.22446,-4,3,-61
1754125010.26046,5,1,-61
1754125010.29746,2,7,-62
1754125010.3354602,0,5,-55
1754125010.37446,-7,-2,-71
1754125010.41046,-2,1,-63
1754125010.4474602,-3,-11,-65
1754125010.48546,0,-3,-59
1754125010.52446,7,-7,-70
1754125010.56046,4,0,-67
1754125010.59746,6,-4,-61
1754125010.63546,8,-10,-62
1754125010.6744602,2,3,-58
1754125010.7104602,-3,0,-67
1754125010.74746,4,-7,-61
1754125010.78546,9,0,-58
1754125010.82446,7,-4,-59
1754125010.86046,7,-3,-70
1754125010.89746,-3,-1,-63
1754125010.93546,4,-5,-68
1754125010.97446,-1,-2,-67
1754125011.01046,0,-1,-69
1754125011.04746,0,2,-80
1754125011.0854602,-9,-2,-59
1754125011.12446,-7,1,-73
1754125011.16046,-8,3,-66
1754125011.19846,-8,-8,-59
1754125011.2364602,1,-2,-60
1754125011.27546,0,-1,-52
1754125011.31346,-1,-1,-69
1754125011.34946,4,-2,-55
1754125011.38746,-5,0,-63
1754125011.42546,-3,0,-66
1754125011.46446,-3,1,-71
1754125011.50046,-5,0,-64
1754125011.53846,-14,-5,-62
1754125011.57646,0,-4,-69
1754125011.6154602,2,-4,-63
1754125011.65346,2,0,-69
1754125011.68946,3,0,-64
1754125011.72646,0,-1,-62
1754125011.76546,-4,3,-62
1754125011.80346,-6,1,-62
1754125011.83946,1,1,-64
1754125011.87646,-1,-1,-68
1754125011.91546,-8,-2,-77
1754125011.95346,2,0,-73
1754125011.98946,0,-1,-67
1754125012.0264602,-9,-7,-64
1754125012.0654602,0,0,-69
1754125012.10146,3,2,-64
1754125012.13946,8,1,-78
1754125012.17646,1,0,-54
1754125012.21546,11,-4,-66
1754125012.25146,-1,-2,-71
1754125012.2894602,0,2,-73
1754125012.32746,-1,0,-65
1754125012.3654602,2,-5,-63
1754125012.4044602,0,0,-62
1754125012.4404602,-2,0,-68
1754125012.47746,4,-1,-74
1754125012.51546,1,-9,-69
1754125012.55446,2,-3,-73
1754125012.59046,-1,0,-68
1754125012.6284602,-1,0,-67
1754125012.66646,-6,0,-62
1754125012.70546,0,2,-76
1754125012.74146,4,1,-70
1754125012.77846,1,-3,-74
1754125012.81646,6,0,-70
1754125012.8554602,5,-1,-72
1754125012.8914602,1,1,-62
1754125012.92846,1,-6,-68
1754125012.96646,1,3,-69
1754125013.00546,2,0,-71
1754125013.04146,-3,2,-67
1754125013.07946,-2,-4,-63
1754125013.1184602,-3,-3,-72
1754125013.15646,-4,-5,-55
1754125013.1944602,-1,-9,-64
1754125013.2304602,7,5,-75
1754125013.26846,0,2,-72
1754125013.30646,1,0,-60
1754125013.3454602,0,2,-60
1754125013.3814602,2,7,-62
1754125013.41946,-6,5,-63
1754125013.45646,1,-9,-59
1754125013.49546,1,-2,-57
1754125013.53146,0,-3,-65
1754125013.5694602,-4,1,-66
1754125013.60746,1,-1,-63
1754125013.64646,3,-5,-61
1754125013.6844602,-7,-2,-65
1754125013.7204602,0,2,-62
1754125013.7594602,3,3,-72
1754125013.7964602,-2,1,-76
1754125013.8354602,-2,4,-74
1754125013.8714602,0,-4,-66
1754125013.90946,-1,0,-57
1754125013.94846,4,5,-71
1754125013.9864602,1,4,-65
1754125014.02446,-5,1,-75
1754125014.06046,-9,1,-75
1754125014.0984602,-8,4,-68
1754125014.13746,0,1,-55
1754125014.17546,1,-5,-73
1754125014.21146,-6,-4,-68
1754125014.24946,-9,-6,-71
1754125014.28746,-2,0,-65
1754125014.32646,0,0,-64
1754125014.36246,2,1,-59
1754125014.39946,-3,4,-73
1754125014.4374602,1,2,-70
1754125014.47646,-2,-2,-67
1754125014.51246,-6,-2,-81
1754125014.55146,-1,-2,-63
1754125014.5884602,-5,-2,-79
1754125014.62646,-2,-7,-64
1754125014.66546,-1,-5,-51
1754125014.70146,1,-3,-56
1754125014.73846,-2,-3,-67
1754125014.7764602,-5,2,-71
1754125014.8154602,7,-1,-57
1754125014.85146,5,-5,-56
1754125014.88946,-4,-1,-61
1754125014.9274602,-1,-3,-66
1754125014.96646,1,1,-65
1754125015.00246,4,0,-67
1754125015.04046,0,1,-68
1754125015.07846,-1,-5,-56
1754125015.11646,2,-2,-57
1754125015.15546,0,-6,-62
1754125015.19146,6,-6,-64
1754125015.22946,9,-4,-62
1754125015.26746,-1,-10,-65
1754125015.30646,3,-4,-59
1754125015.3424602,3,-4,-58
1754125015.38046,-1,-1,-63
1754125015.41846,9,-9,-60
1754125015.4574602,10,0,-62
1754125015.49546,3,-2,-70
1754125015.53146,0,-1,-69
1754125015.56846,-4,0,-64
1754125015.60746,-5,-1,-62
1754125015.64546,-2,1,-47
1754125015.68146,-1,2,-63
1754125015.71946,2,-8,-61
1754125015.75846,4,-8,-53
1754125015.7964602,-1,-3,-62
1754125015.8324602,-4,-5,-64
1754125015.87046,0,-6,-66
1754125015.90846,-2,-9,-64
1754125015.9474602,4,-8,-63
1754125015.98546,3,-8,-60
1754125016.02146,2,-11,-60
1754125016.0594602,3,-8,-53
1754125016.09746,1,0,-55
1754125016.13646,2,-1,-69
1754125016.17246,0,1,-68
1754125016.20946,-3,-2,-59
1754125016.24746,-7,-1,-63
1754125016.2864602,0,3,-58
1754125016.3224602,0,5,-56
1754125016.36046,3,6,-57
1754125016.39846,4,0,-56
1754125016.4374602,1,-4,-73
1754125016.47546,2,-5,-68
1754125016.51146,0,-2,-66
1754125016.5494602,-2,-1,-69
1754125016.58746,6,-1,-57
1754125016.62646,5,-4,-64
1754125016.66246,0,2,-75
1754125016.7004602,0,1,-72
1754125016.73846,-3,0,-69
1754125016.7764602,-1,-7,-69
1754125016.8124602,-2,-7,-60
1754125016.85046,-3,-4,-67
1754125016.8884602,5,-1,-54
1754125016.9274602,0,3,-60
1754125016.9634602,-2,-2,-64
1754125017.00146,0,-5,-65
1754125017.0394602,-1,0,-64
1754125017.07746,-2,0,-73
1754125017.11646,-1,0,-76
1754125017.15246,-4,3,-77
1754125017.1904602,1,-3,-70
1754125017.22846,-4,-2,-65
1754125017.26746,2,-3,-65
1754125017.30446,5,2,-55
1754125017.34146,10,1,-68
1754125017.37946,3,0,-63
1754125017.4174602,10,4,-65
1754125017.45646,6,2,-55
1754125017.49246,-2,3,-69
1754125017.5294602,-4,5,-68
1754125017.56746,0,6,-75
1754125017.60646,-6,0,-62
1754125017.64246,-2,-4,-66
1754125017.68046,-1,1,-62
1754125017.71846,0,0,-62
1754125017.75746,-2,1,-61
1754125017.79346,-2,1,-60
1754125017.83146,1,-4,-61
1754125017.86946,3,4,-71
1754125017.90846,0,-1,-59
1754125017.94646,-6,0,-62
1754125017.98246,-2,4,-66
1754125018.02146,-1,0,-70
1754125018.0594602,2,-3,-69
1754125018.0984602,5,-4,-61
1754125018.13646,2,-7,-68
1754125018.17246,1,-8,-65
1754125018.21146,-1,-3,-67
1754125018.24846,0,-3,-71
1754125018.28746,0,3,-73
1754125018.32346,2,-3,-62
1754125018.36946,-1,0,-70
1754125018.4074602,1,-3,-78
1754125018.44346,-1,-11,-76
1754125018.48146,-3,-2,-67
1754125018.52046,-5,-1,-65
1754125018.55846,-1,-2,-69
1754125018.59646,0,-3,-57
1754125018.63246,3,3,-55
1754125018.67046,2,-2,-65
1754125018.70846,0,2,-61
1754125018.7464602,3,0,-58
1754125018.7824602,2,-4,-63
1754125018.8194602,0,-6,-67
1754125018.8584602,4,1,-60
1754125018.89646,4,-1,-55
1754125018.93246,-1,2,-66
1754125018.9704602,3,4,-70
1754125019.00846,3,2,-66
1754125019.04446,-1,0,-68
1754125019.0824602,-4,4,-71
1754125019.12046,-2,0,-68
1754125019.15846,0,-2,-60
1754125019.1974602,-1,0,-72
1754125019.2334602,-7,-1,-80
1754125019.27146,-1,-3,-71
1754125019.3094602,-4,-3,-70
1754125019.3484602,-4,-4,-61
1754125019.3844602,2,1,-66
1754125019.42346,-4,-3,-61
1754125019.4604602,3,2,-65
1754125019.49946,0,0,-66
1754125019.53746,5,1,-73
1754125019.57346,7,2,-77
1754125019.61046,-4,7,-58
1754125019.64946,-6,9,-58
1754125019.6874602,-1,-1,-64
1754125019.7234602,-3,-1,-67
1754125019.76246,-3,-2,-64
1754125019.7994602,-7,-1,-73
1754125019.8384602,-5,-5,-75
1754125019.87446,-3,0,-73
1754125019.91246,3,-5,-66
1754125019.9504602,3,-4,-73
1754125019.98946,1,-3,-71
1754125020.02746,0,4,-64
1754125020.06346,3,5,-52
1754125020.10146,1,1,-57
1754125020.13946,3,-6,-62
1754125020.17846,2,-9,-66
1754125020.21446,-5,-7,-74
1754125020.25246,-11,4,-73
1754125020.29046,0,0,-54
1754125020.32946,-6,-8,-64
1754125020.36746,4,-5,-61
1754125020.40346,3,-3,-67
1754125020.44146,2,0,-82
1754125020.47946,3,5,-78
1754125020.51846,-2,3,-69
1754125020.55446,-2,2,-58
1754125020.5924602,-2,6,-62
1754125020.63046,-1,6,-63
1754125020.66946,-1,2,-59
1754125020.7074602,-3,1,-63
1754125020.7434602,2,0,-65
1754125020.78046,1,-12,-58
1754125020.8194602,5,-1,-61
1754125020.85746,0,0,-61
1754125020.89346,0,2,-64
1754125020.93046,1,0,-63
1754125020.96946,0,1,-72
1754125021.00746,1,0,-70
1754125021.04346,-2,0,-72
1754125021.08046,-4,1,-67
1754125021.11946,0,-1,-68
1754125021.1574602,2,-4,-69
1754125021.19346,0,0,-68
1754125021.23146,-8,-5,-69
1754125021.2694602,-2,-8,-64
1754125021.30846,0,-3,-72
1754125021.34446,0,0,-75
1754125021.3814602,-7,-10,-75
1754125021.41946,-2,-7,-69
1754125021.45846,-5,-6,-65
1754125021.49446,0,-7,-66
1754125021.53146,2,-2,-66
1754125021.5694602,4,-8,-71
1754125021.6084602,4,-1,-73
1754125021.6444602,3,-1,-58
1754125021.68246,-2,0,-64
1754125021.7204602,-4,1,-62
1754125021.7594602,0,-2,-67
1754125021.79546,2,-8,-77
1754125021.83346,5,0,-66
1754125021.87246,8,0,-65
1754125021.90946,2,7,-59
1754125021.94846,-2,0,-63
1754125021.98446,-3,-2,-65
1754125022.02246,-3,-9,-66
1754125022.06146,-5,-4,-67
1754125022.09946,0,-2,-75
1754125022.13546,-3,-2,-60
1754125022.17346,0,-1,-58
1754125022.21146,-2,0,-65
1754125022.25046,0,5,-67
1754125022.28846,3,6,-61
1754125022.32446,3,0,-57
1754125022.3614602,-5,-4,-56
1754125022.40046,0,-1,-70
1754125022.43846,-1,3,-67
1754125022.47446,-5,-2,-70
1754125022.51246,-2,2,-65
1754125022.55046,1,2,-62
1754125022.58946,-4,0,-62
1754125022.62546,-3,-5,-65
1754125022.6644602,1,0,-79
1754125022.70146,4,-3,-71
1754125022.7404602,-2,-10,-66
1754125022.77846,-5,0,-69
1754125022.81446,-9,0,-81
1754125022.85246,-3,-5,-60
1754125022.89046,1,-4,-60
1754125022.92946,3,-2,-74
1754125022.96546,0,1,-69
1754125023.0034602,1,-1,-61
1754125023.04146,3,0,-63
1754125023.08046,1,-1,-68
1754125023.1184602,5,0,-65
1754125023.1544602,2,-8,-55
1754125023.19246,1,-6,-58
1754125023.23146,2,-3,-66
1754125023.2694602,-4,-3,-62
1754125023.30546,-9,-7,-57
1754125023.34446,0,-2,-61
1754125023.3814602,-7,5,-63
1754125023.42046,-1,-3,-60
1754125023.45846,0,-7,-69
1754125023.49546,1,-7,-72
1754125023.53346,-6,3,-62
1754125023.57146,-6,4,-57
1754125023.61046,0,1,-75
1754125023.64646,0,3,-71
1754125023.68346,4,-3,-70
1754125023.72146,-3,-4,-75
1754125023.76046,1,-10,-70
1754125023.7964602,4,-2,-61
1754125023.83446,0,0,-56
1754125023.87246,-1,-1,-62
1754125023.91046,0,2,-58
1754125023.94946,1,-2,-65
1754125023.98546,1,0,-55
1754125024.02246,5,1,-61
1754125024.06046,-1,3,-60
1754125024.09946,-3,-1,-61
1754125024.13546,0,2,-64
1754125024.17246,4,-1,-63
1754125024.2104602,-2,1,-59
1754125024.24946,0,1,-60
1754125024.28546,-2,2,-68
1754125024.3224602,-3,2,-70
1754125024.36046,-3,0,-66
1754125024.39946,1,-7,-68
1754125024.43546,-1,-6,-64
1754125024.4734602,3,-3,-60
1754125024.51146,2,-10,-62
1754125024.55046,6,-1,-64
1754125024.58646,-1,-2,-70
1754125024.62546,2,5,-62
1754125024.66246,-2,2,-49
1754125024.70146,0,7,-48
1754125024.73946,1,-2,-64
1754125024.77546,-1,-3,-50
1754125024.81346,-10,0,-58
1754125024.85146,7,-2,-64
1754125024.89046,3,-3,-70
1754125024.92646,0,-3,-74
1754125024.96446,-3,0,-70
1754125025.00246,6,-1,-74
1754125025.04146,0,-1,-63
1754125025.07946,1,-4,-71
1754125025.1154602,4,1,-67
1754125025.15346,-5,1,-58
1754125025.19146,0,0,-65
1754125025.2304602,-10,2,-63
1754125025.26746,0,6,-69
1754125025.30446,4,5,-61
1754125025.34346,0,-5,-63
1754125025.3814602,-6,-6,-60
1754125025.41946,-3,-1,-64
1754125025.45546,0,4,-75
1754125025.4934602,-4,0,-57
1754125025.53146,0,0,-62
1754125025.5694602,11,1,-57
1754125025.6054602,7,-3,-61
1754125025.64346,2,1,-66
1754125025.68146,-1,3,-67
1754125025.7204602,-1,0,-63
1754125025.7564602,-3,1,-65
1754125025.79446,2,-1,-49
1754125025.8324602,0,-1,-56
1754125025.8714602,3,0,-73
1754125025.9074602,1,-6,-64
1754125025.94646,-2,-3,-58
1754125025.98446,0,0,-62
1754125026.02146,1,-1,-66
1754125026.06046,2,-2,-74
1754125026.09646,-2,-4,-68
1754125026.1344602,-2,-7,-68
1754125026.17246,2,-7,-54
1754125026.21146,2,-1,-62
1754125026.24746,-3,0,-79
1754125026.28546,0,-2,-60
1754125026.32346,-4,-6,-59
1754125026.3614602,-4,-4,-61
1754125026.40046,-7,-1,-71
1754125026.43646,-9,3,-65
1754125026.47446,0,-5,-63
1754125026.5134602,2,0,-53
1754125026.55146,0,-9,-58
1754125026.58746,-7,-3,-65
1754125026.62546,-1,0,-59
1754125026.66346,5,-2,-62
1754125026.70146,-2,-3,-72
1754125026.7404602,-8,-1,-76
1754125026.7764602,-7,2,-77
1754125026.81446,-3,0,-62
1754125026.85246,-4,-9,-64
1754125026.8914602,1,-3,-64
1754125026.9274602,0,-4,-76
1754125026.96646,3,-5,-76
1754125027.0034602,2,0,-66
1754125027.0424602,2,-2,-68
1754125027.08046,-5,-4,-77
1754125027.11646,3,-1,-69
1754125027.1544602,1,0,-66
1754125027.19246,2,1,-64
1754125027.23146,2,0,-56
1754125027.26746,-6,1,-54
1754125027.30546,-9,-6,-58
1754125027.34346,-5,-3,-61
1754125027.38246,3,0,-56
1754125027.42046,1,7,-60
1754125027.45646,1,4,-57
1754125027.49446,6,1,-73
1754125027.53346,7,0,-59
1754125027.57146,9,-3,-52
1754125027.60746,3,-1,-63
1754125027.64546,-4,-5,-72
1754125027.68346,-5,2,-65
1754125027.72246,-9,0,-72
1754125027.76046,-3,-5,-66
1754125027.7964602,-2,0,-69
1754125027.83446,0,1,-73
1754125027.87246,0,3,-72
1754125027.9114602,-2,-5,-57
1754125027.9474602,2,-6,-56
1754125027.98546,0,-1,-61
1754125028.02346,-8,-3,-53
1754125028.0624602,6,0,-63
1754125028.0984602,5,-3,-59
1754125028.13646,-1,-2,-64
1754125028.17546,1,-12,-71
1754125028.21246,-6,1,-62
1754125028.25146,0,0,-61
1754125028.28746,0,-4,-65
1754125028.3254602,-3,0,-60
1754125028.36946,0,1,-62
1754125028.40646,-2,7,-66
1754125028.44546,-3,5,-56
1754125028.48246,0,6,-58
1754125028.52146,-2,-3,-61
1754125028.55746,-3,0,-54
1754125028.5954602,-1,3,-61
1754125028.63346,-1,-4,-55
1754125028.67246,7,-3,-57
1754125028.70846,7,1,-70
1754125028.74546,4,0,-57
1754125028.78346,-2,-2,-66
1754125028.8224602,5,6,-67
1754125028.8584602,7,0,-63
1754125028.89546,12,0,-66
1754125028.93346,1,0,-56
1754125028.97246,4,-5,-64
1754125029.00846,3,-2,-62
1754125029.04746,-2,-2,-63
1754125029.08446,2,0,-57
1754125029.12346,3,-2,-63
1754125029.1614602,3,4,-69
1754125029.1974602,2,-4,-74
1754125029.23546,2,0,-82
1754125029.27346,-6,-12,-60
1754125029.3124602,0,1,-60
1754125029.3484602,0,-3,-66
1754125029.38646,-3,2,-58
1754125029.4244602,-3,4,-62
1754125029.4634602,5,4,-63
1754125029.50146,-2,-2,-55
1754125029.53746,3,0,-60
1754125029.57446,0,0,-66
1754125029.61346,3,-2,-73
1754125029.6514602,-1,-2,-72
1754125029.6874602,-2,-1,-64
1754125029.72546,3,0,-52
1754125029.7634602,7,2,-63
1754125029.8024602,-6,1,-61
1754125029.8384602,-11,-7,-67
1754125029.87646,-5,-5,-56
1754125029.91546,-5,2,-64
1754125029.95346,-10,-4,-65
1754125029.99146,-12,1,-54
1754125030.02746,-7,6,-61
1754125030.0654602,-7,5,-62
1754125030.10346,1,-1,-73
1754125030.1414602,-6,-2,-72
1754125030.1774602,-3,-1,-73
1754125030.21546,5,-1,-70
1754125030.2534602,1,8,-65
1754125030.2924602,0,6,-59
1754125030.32846,7,2,-56
1754125030.36646,4,-1,-41
1754125030.4044602,1,-6,-54
1754125030.44346,4,-3,-64
1754125030.47946,-2,-7,-57
1754125030.51846,-6,-5,-55
1754125030.55546,2,0,-65
1754125030.59446,7,-1,-67
1754125030.63246,-1,2,-57
1754125030.66846,2,0,-64
1754125030.70546,-6,3,-74
1754125030.74446,0,5,-69
1754125030.7824602,7,-1,-59
1754125030.81846,3,-3,-58
1754125030.85646,10,-1,-59
1754125030.8944602,6,-5,-65
1754125030.93346,-4,-3,-68
1754125030.96946,-3,-2,-65
1754125031.00746,0,0,-62
1754125031.04546,-2,0,-76
1754125031.08346,-7,2,-63
1754125031.12246,-3,-6,-60
1754125031.15846,6,3,-68
1754125031.19646,-4,1,-76
1754125031.23446,-9,1,-72
1754125031.27346,-12,1,-70
1754125031.3094602,-11,-2,-76
1754125031.34746,-12,-9,-73
1754125031.38546,-6,-1,-62
1754125031.4244602,0,7,-57
1754125031.46246,0,3,-69
1754125031.49846,-1,0,-64
1754125031.5364602,0,0,-55
1754125031.57446,4,-3,-62
1754125031.61346,4,-3,-60
1754125031.64946,6,-3,-73
1754125031.68846,1,-1,-73
1754125031.72546,-2,-1,-63
1754125031.76446,-2,-4,-76
1754125031.8024602,-8,3,-57
1754125031.8384602,-3,2,-76
1754125031.87646,0,8,-79
1754125031.9144602,-3,1,-69
1754125031.95346,3,-1,-71
1754125031.98946,-2,-4,-68
1754125032.02746,0,-7,-59
1754125032.0654602,0,-11,-60
1754125032.10446,0,-3,-62
1754125032.14246,4,-2,-63
1754125032.17846,1,-3,-64
1754125032.21646,-2,-8,-70
1754125032.25446,0,1,-71
1754125032.29346,0,6,-59
1754125032.32946,6,8,-51
1754125032.36746,2,4,-59
1754125032.40646,-2,-4,-63
1754125032.4444602,1,1,-75
1754125032.48246,1,2,-70
1754125032.51846,0,2,-73
1754125032.55546,-9,1,-64
1754125032.59446,1,-4,-71
1754125032.63246,-4,1,-69
1754125032.66846,0,-2,-71
1754125032.70546,8,0,-61
1754125032.74446,1,-4,-66
1754125032.78046,0,-5,-68
1754125032.81846,7,4,-68
1754125032.85646,4,0,-73
1754125032.8944602,4,4,-71
1754125032.93346,-7,-2,-59
1754125032.96946,0,-2,-50
1754125033.00746,3,-5,-62
1754125033.04546,-2,-6,-61
1754125033.08446,2,-5,-57
1754125033.12046,7,-3,-60
1754125033.15946,0,5,-65
1754125033.19646,-1,4,-63
1754125033.23446,-1,0,-57
1754125033.27346,5,5,-61
1754125033.3094602,0,-2,-66
1754125033.34746,-1,1,-77
1754125033.38546,5,-3,-67
1754125033.4244602,-3,-4,-80
1754125033.4604602,-1,4,-75
1754125033.49846,-1,-5,-69
1754125033.53746,-12,-4,-61
1754125033.5754602,-8,0,-63
1754125033.61346,-9,0,-68
1754125033.64946,-12,-2,-69
1754125033.68846,0,-4,-63
1754125033.72546,0,-2,-72
1754125033.76446,3,-1,-63
1754125033.80046,6,-4,-68
1754125033.8384602,3,-3,-56
1754125033.87546,6,3,-62
1754125033.9144602,0,1,-61
1754125033.9504602,-4,0,-64
1754125033.98846,-6,1,-59
1754125034.02546,0,0,-57
1754125034.06446,3,0,-63
1754125034.10046,-3,-4,-66
1754125034.1384602,-2,-5,-66
1754125034.17646,0,0,-63
1754125034.21546,0,3,-62
1754125034.2534602,-7,-4,-64
1754125034.2894602,-1,-4,-60
1754125034.32746,-9,-1,-56
1754125034.36646,-10,0,-44
1754125034.4044602,0,-1,-53
1754125034.4404602,-3,-1,-42
1754125034.47846,-10,1,-47
1754125034.5164602,-1,2,-62
1754125034.55546,3,10,-71
1754125034.59346,2,6,-67
1754125034.62946,3,8,-67
1754125034.66646,-3,0,-60
1754125034.70546,7,0,-50
1754125034.7434602,-3,0,-62
1754125034.7794602,-6,0,-54
1754125034.81746,-3,-6,-63
1754125034.8554602,-2,-13,-76
1754125034.8944602,0,-2,-58
1754125034.93046,-9,-1,-62
1754125034.96846,1,-3,-73
1754125035.0064602,0,-1,-64
1754125035.04546,0,1,-61
1754125035.08146,-6,3,-58
1754125035.1184602,0,1,-69
1754125035.15646,0,0,-76
1754125035.19546,-3,0,-69
1754125035.23146,-6,3,-67
1754125035.2694602,-11,1,-63
1754125035.30846,-2,0,-69
1754125035.3454602,-6,0,-63
1754125035.3844602,1,3,-56
1754125035.42046,0,4,-66
1754125035.4574602,1,-5,-68
1754125035.49546,-3,-1,-70
1754125035.53446,-4,-1,-63
1754125035.57046,0,-4,-63
1754125035.6084602,1,0,-74
1754125035.64646,3,-7,-63
1754125035.68546,1,-3,-62
1754125035.72146,0,-4,-55
1754125035.7594602,-3,0,-51
1754125035.79846,0,-2,-47
1754125035.8354602,1,-2,-57
1754125035.87446,-7,1,-57
1754125035.91046,-3,9,-57
1754125035.94846,-1,2,-58
1754125035.98746,-3,0,-53
1754125036.02546,0,-5,-56
1754125036.06146,4,0,-63
1754125036.0984602,8,-2,-55
1754125036.13746,6,0,-60
1754125036.17546,7,4,-63
1754125036.21146,5,-1,-61
1754125036.24846,2,1,-61
1754125036.28746,-6,-3,-58
1754125036.3254602,5,-2,-63
1754125036.3614602,2,-4,-58
1754125036.39846,0,-2,-72
1754125036.43646,0,-2,-72
1754125036.47546,-1,-2,-70
1754125036.51146,6,-2,-65
1754125036.54846,-3,1,-64
1754125036.58646,-2,3,-66
1754125036.62546,0,-3,-74
1754125036.6614602,2,-1,-78
1754125036.69946,6,3,-79
1754125036.73746,5,7,-71
1754125036.7764602,4,1,-64
1754125036.81446,9,3,-70
1754125036.85046,0,-3,-59
1754125036.8884602,0,0,-61
1754125036.92646,-3,0,-59
1754125036.96546,-2,7,-71
1754125037.00146,1,6,-58
1754125037.03846,-5,5,-75
1754125037.07646,7,0,-71
1754125037.1154602,5,3,-59
1754125037.1514602,-1,5,-67
1754125037.18946,-1,5,-58
1754125037.22746,-5,0,-57
1754125037.2664602,1,-3,-69
1754125037.30446,2,1,-70
1754125037.34046,-1,1,-59
1754125037.37746,-3,-7,-68
1754125037.41646,4,2,-64
1754125037.45246,7,4,-67
1754125037.4904602,0,6,-58
1754125037.52846,-1,9,-49
1754125037.56646,5,0,-53
1754125037.6054602,1,-8,-52
1754125037.6414602,0,1,-51
1754125037.67946,2,0,-64
1754125037.7174602,6,-4,-61
1754125037.7564602,-1,8,-61
1754125037.7924602,2,4,-53
1754125037.82946,1,1,-73
1754125037.86746,-2,-3,-67
1754125037.90646,-4,0,-71
1754125037.94246,3,-2,-68
1754125037.9804602,3,4,-68
1754125038.0194602,-4,5,-70
1754125038.05646,0,3,-68
1754125038.0954602,3,0,-65
1754125038.1314602,0,2,-64
1754125038.16946,-3,2,-60
1754125038.2074602,2,3,-71
1754125038.24546,0,-8,-58
1754125038.28146,-3,-9,-59
1754125038.3194602,0,-2,-52
1754125038.35746,-3,-7,-60
1754125038.40246,-7,-4,-57
1754125038.43946,-3,-1,-57
1754125038.47746,-2,-1,-69
1754125038.5164602,5,-4,-63
1754125038.5524602,0,0,-67
1754125038.58946,0,4,-68
1754125038.62746,-2,-1,-72
1754125038.66646,3,0,-64
1754125038.70246,-8,7,-66
1754125038.7404602,-7,1,-64
1754125038.77846,-9,4,-48
1754125038.81746,-3,-5,-61
1754125038.8554602,0,-2,-70
1754125038.8914602,2,-1,-69
1754125038.92946,0,-1,-73
1754125038.9674602,-6,4,-64
1754125039.0064602,-3,-2,-66
1754125039.04346,2,-2,-68
1754125039.08046,7,-2,-64
1754125039.1184602,2,-3,-58
1754125039.1574602,2,-2,-68
1754125039.19546,-1,-3,-56
1754125039.23146,0,-3,-54
1754125039.26846,-4,-5,-61
1754125039.30746,-3,-3,-66
1754125039.3454602,-3,0,-69
1754125039.3814602,1,-2,-57
1754125039.41846,-7,-6,-68
1754125039.4574602,-6,-7,-64
1754125039.4934602,-1,-7,-73
1754125039.53146,2,-10,-78
1754125039.5694602,0,-5,-73
1754125039.60746,-2,-6,-56
1754125039.64646,0,-3,-63
1754125039.68246,4,-2,-66
1754125039.7204602,-1,1,-56
1754125039.7594602,-5,10,-74
1754125039.79746,-2,3,-59
1754125039.83346,-3,6,-71
1754125039.87246,-1,0,-63
1754125039.90946,-3,-2,-61
1754125039.9474602,-5,-1,-61
1754125039.9864602,-10,-7,-69
1754125040.02246,-3,-3,-72
1754125040.06046,-6,-1,-67
1754125040.0984602,-8,-6,-68
1754125040.13746,-4,3,-47
1754125040.17346,0,2,-53
1754125040.21146,-2,4,-58
1754125040.24946,1,0,-69
1754125040.28846,-3,0,-64
1754125040.32646,2,-4,-59
1754125040.36246,2,0,-62
1754125040.39946,4,0,-70
1754125040.43846,1,-4,-66
1754125040.47646,2,0,-63
1754125040.51246,-1,0,-64
1754125040.55146,-6,0,-52
1754125040.5884602,1,0,-53
1754125040.62746,-9,3,-58
1754125040.66346,-5,2,-63
1754125040.70146,0,1,-72
1754125040.73846,-1,0,-76
1754125040.77746,3,2,-74
1754125040.81346,-4,4,-71
1754125040.85146,0,7,-60
1754125040.8884602,-1,1,-58
1754125040.9274602,1,-4,-57
1754125040.9634602,-6,-2,-68
1754125041.00146,-5,0,-66
1754125041.0394602,-1,0,-64
1754125041.07846,2,9,-66
1754125041.11646,2,2,-62
1754125041.15246,3,0,-57
1754125041.18946,0,0,-53
1754125041.22846,-5,1,-55
1754125041.2664602,2,-10,-70
1754125041.3024602,-2,-6,-61
1754125041.34046,-4,-3,-57
1754125041.3784602,-1,-4,-64
1754125041.4174602,0,0,-67
1754125041.45346,3,1,-62
1754125041.4904602,2,-2,-71
1754125041.52846,4,-3,-63
1754125041.56746,1,-1,-67
1754125041.60346,0,0,-75
1754125041.6414602,-2,0,-66
1754125041.67846,-4,1,-56
1754125041.7174602,1,3,-63
1754125041.7534602,-1,0,-69
1754125041.79146,-4,-4,-65
1754125041.82946,-1,-2,-70
1754125041.8684602,-3,0,-63
1754125041.9044602,-7,-6,-66
1754125041.94246,-1,0,-57
1754125041.9804602,-7,0,-66
1754125042.01846,6,-7,-63
1754125042.05746,1,1,-55
1754125042.09346,5,-9,-71
1754125042.1314602,-3,-5,-67
1754125042.16946,2,-2,-70
1754125042.20846,2,2,-61
1754125042.24446,0,0,-58
1754125042.2824602,0,-1,-63
1754125042.3194602,0,-1,-70
1754125042.3584602,-9,-2,-51
1754125042.3944602,-6,-2,-56
1754125042.43246,0,-4,-59
1754125042.4704602,0,-10,-61
1754125042.50846,2,-3,-68
1754125042.54746,0,-3,-66
1754125042.58346,6,-3,-60
1754125042.6214602,0,2,-54
1754125042.65946,-1,-2,-64
1754125042.69846,-3,3,-65
1754125042.73446,-5,2,-73
1754125042.77246,-6,-3,-60
1754125042.81146,-5,-6,-56
1754125042.84946,-1,-2,-61
1754125042.88746,0,1,-63
1754125042.92346,3,0,-57
1754125042.9604602,0,0,-61
1754125042.99946,3,-3,-60
1754125043.03746,0,-4,-60
1754125043.07346,-3,-1,-61
1754125043.1114602,4,0,-67
1754125043.15046,1,0,-66
1754125043.18846,-3,0,-69
1754125043.22446,-5,0,-59
1754125043.26146,1,0,-73
1754125043.30046,-3,-1,-69
1754125043.3384602,0,5,-63
1754125043.37446,-4,-1,-63
1754125043.41246,5,-1,-60
1754125043.4504602,0,1,-56
1754125043.48946,4,7,-67
1754125043.52746,5,0,-67
1754125043.56346,-2,-1,-51
1754125043.60146,-4,-5,-56
1754125043.63946,4,0,-64
1754125043.67846,-8,1,-62
1754125043.71446,-7,-2,-61
1754125043.75246,-5,2,-63
1754125043.79146,-5,0,-60
1754125043.82946,-9,1,-62
1754125043.86746,-6,-5,-64
1754125043.90346,-2,2,-65
1754125043.94146,0,0,-64
1754125043.97946,0,0,-70
1754125044.01746,0,-3,-67
1754125044.05346,2,2,-70
1754125044.09046,-4,-3,-60
1754125044.12946,1,-3,-62
1754125044.16546,-1,3,-75
1754125044.20346,5,3,-62
1754125044.24146,7,-6,-62
1754125044.2794602,3,-2,-62
1754125044.31846,0,2,-64
1754125044.35446,0,1,-74
1754125044.3914602,0,-3,-73
1754125044.42946,2,-4,-65
1754125044.46846,1,2,-66
1754125044.50446,1,0,-65
1754125044.5424602,-1,-3,-78
1754125044.58046,-4,-2,-64
1754125044.61946,-6,-7,-69
1754125044.65546,-4,-4,-64
1754125044.6944602,0,-6,-67
1754125044.73146,0,-2,-60
1754125044.77046,1,1,-62
1754125044.80846,2,0,-68
1754125044.84446,-4,3,-64
1754125044.8814602,2,6,-72
1754125044.92046,10,2,-74
1754125044.95846,1,-4,-55
1754125044.99446,1,-4,-58
1754125045.0324602,3,1,-57
1754125045.07046,1,0,-60
1754125045.10946,10,1,-58
1754125045.14546,0,1,-59
1754125045.18246,-7,-3,-64
1754125045.2204602,-1,3,-64
1754125045.2594602,-1,0,-75
1754125045.29546,-2,2,-69
1754125045.33346,0,4,-74
1754125045.3714602,-4,3,-69
1754125045.41046,0,0,-67
1754125045.44846,8,-5,-61
1754125045.48446,0,4,-66
1754125045.52246,-3,7,-59
1754125045.56046,-4,1,-66
1754125045.59946,-6,5,-62
1754125045.63546,2,0,-71
1754125045.67246,-8,1,-67
1754125045.7104602,2,6,-61
1754125045.74946,-1,0,-61
1754125045.78546,0,-4,-63
1754125045.8224602,-1,-1,-55
1754125045.86046,0,9,-59
1754125045.89946,2,2,-63
1754125045.93546,-5,8,-58
1754125045.9734602,-2,-2,-63
1754125046.01046,3,-1,-62
1754125046.0494602,-4,-4,-67
1754125046.0854602,0,-2,-57
1754125046.12346,0,-1,-59
1754125046.1614602,2,2,-48
1754125046.2004602,-1,-5,-60
1754125046.23846,-5,-4,-65
1754125046.27446,-1,-1,-76
1754125046.3124602,2,0,-66
1754125046.35046,-1,-1,-62
1754125046.38946,-6,-3,-79
1754125046.42546,-3,-6,-67
1754125046.4634602,0,-16,-78
1754125046.50146,7,-8,-62
1754125046.54046,4,2,-59
1754125046.57646,5,6,-57
1754125046.61346,-3,-4,-61
1754125046.6514602,0,-3,-52
1754125046.6904602,-1,-2,-69
1754125046.72646,-1,0,-64
1754125046.76446,-1,2,-80
1754125046.8024602,0,0,-73
1754125046.84046,3,-2,-64
1754125046.87946,2,4,-65
1754125046.91546,6,-2,-64
1754125046.95346,0,1,-60
1754125046.99146,-6,0,-71
1754125047.03046,-6,-1,-88
1754125047.06646,0,2,-78
1754125047.10346,-4,0,-66
1754125047.1414602,-8,0,-51
1754125047.18046,4,-2,-52
1754125047.21646,0,-1,-64
1754125047.25546,-2,-2,-64
1754125047.2924602,0,9,-58
1754125047.33046,-1,4,-66
1754125047.36946,-2,4,-74
1754125047.40546,0,1,-65
1754125047.44246,1,0,-73
1754125047.48146,1,-3,-73
1754125047.5194602,3,-4,-63
1754125047.55546,10,1,-69
1754125047.59346,-6,2,-68
1754125047.6314602,-3,1,-59
1754125047.66946,-6,1,-61
1754125047.70546,0,8,-62
1754125047.74246,-8,4,-61
1754125047.78146,-5,-3,-59
1754125047.8194602,3,-2,-57
1754125047.8554602,1,-2,-67
1754125047.89346,-7,0,-72
1754125047.93246,-6,2,-82
1754125047.9704602,-4,-1,-58
1754125048.0064602,-9,0,-53
1754125048.04446,-6,-1,-51
1754125048.0824602,-6,0,-66
1754125048.1214602,-2,2,-69
1754125048.15946,-9,1,-55
1754125048.19546,-9,1,-61
1754125048.23246,1,5,-60
1754125048.27146,1,0,-59
1754125048.3094602,2,2,-72
1754125048.3454602,6,-6,-74
1754125048.38246,-2,0,-61
1754125048.42646,-5,3,-62
1754125048.46546,0,-5,-67
1754125048.50246,6,-7,-62
1754125048.54146,-6,-5,-61
1754125048.57946,-5,-1,-64
1754125048.61646,0,1,-71
1754125048.65346,9,0,-83
1754125048.69146,1,2,-67
1754125048.7304602,0,5,-61
1754125048.7664602,-7,3,-60
1754125048.80546,-4,0,-52
1754125048.84346,-10,2,-54
1754125048.8814602,2,-1,-55
1754125048.9174602,-5,-1,-57
1754125048.95646,-4,-2,-62
1754125048.9934602,-2,-3,-68
1754125049.0324602,0,-2,-73
1754125049.07046,1,0,-67
1754125049.10646,1,1,-65
1754125049.14346,-5,-1,-73
1754125049.18246,-1,-1,-72
1754125049.2204602,2,0,-76
1754125049.2564602,6,6,-74
1754125049.29346,-1,0,-59
1754125049.3324602,0,5,-59
1754125049.37046,-2,3,-59
1754125049.40646,6,2,-64
1754125049.44346,-5,2,-61
1754125049.48146,1,-3,-60
1754125049.52046,-4,-1,-71
1754125049.55646,-1,-10,-67
1754125049.59446,-5,-3,-75
1754125049.63246,2,7,-64
1754125049.6714602,-2,1,-65
1754125049.7074602,-2,0,-58
1754125049.74546,-3,0,-62
1754125049.78346,-4,0,-58
1754125049.8224602,3,-1,-68
1754125049.86046,-2,0,-63
1754125049.89646,9,3,-71
1754125049.9344602,-3,0,-66
1754125049.9734602,-7,-3,-66
1754125050.01146,-4,2,-67
1754125050.04846,1,1,-84
1754125050.0854602,-2,0,-70
1754125050.12346,2,-9,-68
1754125050.16246,1,2,-56
1754125050.2004602,2,-2,-53
1754125050.2364602,-2,-1,-62
1754125050.27446,-3,0,-60
1754125050.3124602,0,6,-69
1754125050.35146,-5,1,-63
1754125050.38746,-1,5,-64
1754125050.4244602,2,-2,-79
1754125050.46246,5,-1,-79
1754125050.50146,12,2,-72
1754125050.53746,5,5,-68
1754125050.5754602,3,6,-61
1754125050.61346,3,10,-63
1754125050.65246,3,-4,-63
1754125050.6904602,2,3,-65
1754125050.72646,0,-7,-67
1754125050.76446,-2,-1,-64
1754125050.8024602,2,0,-58
1754125050.84146,0,1,-62
1754125050.87746,2,0,-73
1754125050.9144602,0,-1,-52
1754125050.95246,-3,2,-56
1754125050.99146,-5,2,-61
1754125051.02746,-3,0,-64
1754125051.0654602,0,0,-76
1754125051.10346,2,-1,-67
1754125051.14246,0,0,-66
1754125051.17846,-6,2,-68
1754125051.21646,3,0,-44
1754125051.25446,2,0,-64
1754125051.2924602,-3,2,-65
1754125051.33146,7,1,-51
1754125051.36746,-4,4,-62
1754125051.40546,3,2,-70
1754125051.44246,0,-3,-71
1754125051.48146,2,3,-66
1754125051.51746,1,3,-68
1754125051.55446,5,1,-70
1754125051.5924602,-1,0,-72
1754125051.6314602,1,-4,-66
1754125051.6674602,3,-3,-62
1754125051.70446,5,5,-60
1754125051.74246,0,1,-59
1754125051.78146,-2,-10,-58
1754125051.81746,-3,-7,-73
1754125051.8554602,-9,-1,-70
1754125051.89346,-3,7,-74
1754125051.93246,8,-2,-65
1754125051.96846,0,-1,-68
1754125052.00546,0,-6,-70
1754125052.04346,-1,-7,-52
1754125052.0824602,0,-2,-55
1754125052.1184602,2,-7,-61
1754125052.15646,-1,2,-67
1754125052.1944602,0,4,-76
1754125052.2334602,-6,-3,-67
1754125052.27146,0,2,-66
1754125052.30746,-1,3,-64
1754125052.3454602,2,2,-63
1754125052.3844602,0,0,-59
1754125052.42246,7,-4,-62
1754125052.45846,3,0,-60
1754125052.49546,2,0,-58
1754125052.53446,-2,-1,-66
1754125052.5724602,-1,-3,-71
1754125052.6084602,-1,-4,-64
1754125052.64746,1,-1,-66
1754125052.6844602,3,0,-67
1754125052.7234602,0,2,-68
1754125052.76146,5,-2,-54
1754125052.79746,1,-3,-66
1754125052.8354602,1,2,-70
1754125052.87346,-2,1,-61
1754125052.91246,-4,0,-71
1754125052.94846,5,5,-71
1754125052.98546,-2,0,-71
1754125053.02346,3,1,-65
1754125053.0624602,-5,-5,-64
1754125053.0984602,-7,-4,-74
1754125053.13646,-3,0,-60
1754125053.1744602,1,0,-60
1754125053.2134602,-3,-6,-57
1754125053.25146,0,-1,-64
1754125053.28746,2,-3,-61
1754125053.3254602,2,-2,-65
1754125053.36346,-8,3,-65
1754125053.40246,0,-1,-65
1754125053.43846,-2,-5,-68
1754125053.47646,0,-7,-55
1754125053.51446,-4,2,-69
1754125053.55346,-9,1,-71
1754125053.58946,-4,1,-60
1754125053.62746,-1,3,-59
1754125053.66546,2,4,-64
1754125053.70446,5,1,-63
1754125053.74246,-8,-3,-73
1754125053.77846,1,-8,-58
1754125053.81746,-3,-3,-54
1754125053.85446,-3,-1,-61
1754125053.89346,0,4,-67
1754125053.93046,-4,3,-66
1754125053.9674602,2,0,-67
1754125054.00546,-5,3,-61
1754125054.04346,-4,4,-58
1754125054.0824602,2,-2,-62
1754125054.1184602,2,-4,-56
1754125054.15646,0,-3,-56
1754125054.1944602,3,-4,-67
1754125054.2334602,0,-1,-62
1754125054.2694602,0,-3,-64
1754125054.30746,0,-1,-72
1754125054.3454602,0,0,-75
1754125054.3844602,-10,2,-71
1754125054.42246,0,-1,-73
1754125054.45846,-1,2,-65
1754125054.4964602,-1,1,-59
1754125054.53446,1,1,-58
1754125054.5724602,8,6,-60
1754125054.6084602,5,0,-63
1754125054.64646,9,-2,-68
1754125054.6844602,4,-2,-63
1754125054.72246,1,3,-72
1754125054.75846,-1,-1,-65
1754125054.7964602,-12,0,-68
1754125054.83446,0,-5,-52
1754125054.87346,3,1,-49
1754125054.90946,0,0,-69
1754125054.94646,-1,-1,-67
1754125054.98446,-1,-3,-62
1754125055.02346,2,5,-62
1754125055.0594602,3,-1,-67
1754125055.09746,1,0,-68
1754125055.13546,2,1,-67
1754125055.1744602,-1,-4,-74
1754125055.21246,-5,-6,-70
1754125055.24846,2,-1,-65
1754125055.2864602,1,0,-70
1754125055.32446,0,-1,-65
1754125055.36346,0,2,-66
1754125055.39946,5,0,-57
1754125055.43646,5,1,-62
1754125055.47446,0,0,-63
1754125055.5134602,-1,0,-64
1754125055.5494602,2,-1,-68
1754125055.58746,2,-2,-60
1754125055.62546,0,1,-68
1754125055.6644602,-1,5,-61
1754125055.7004602,2,0,-59
1754125055.73746,-3,1,-63
1754125055.77546,12,0,-63
1754125055.81446,15,-6,-67
1754125055.85046,-2,-6,-61
1754125055.8884602,-1,-5,-66
1754125055.92646,3,5,-66
1754125055.96446,0,2,-62
1754125056.0034602,1,1,-61
1754125056.0394602,0,3,-63
1754125056.07646,2,-1,-73
1754125056.1154602,7,-3,-77
1754125056.15346,3,-1,-75
1754125056.18946,-1,0,-67
1754125056.22646,8,-3,-59
1754125056.26446,2,2,-58
1754125056.30346,-1,9,-75
1754125056.33946,-4,3,-71
1754125056.37646,7,1,-70
1754125056.4144602,0,-1,-61
1754125056.45346,-6,-1,-64
1754125056.48946,0,-5,-62
1754125056.52746,0,4,-67
1754125056.5654602,-3,2,-59
1754125056.60346,-6,-2,-64
1754125056.63946,-4,-4,-65
1754125056.6774602,4,4,-68
1754125056.71546,2,3,-58
1754125056.75446,-2,5,-55
1754125056.79046,-5,1,-66
1754125056.82846,4,1,-61
1754125056.8654602,1,-6,-60
1754125056.9044602,-5,-6,-58
1754125056.9404602,-6,-2,-61
1754125056.97846,1,-1,-62
1754125057.0164602,0,-1,-68
1754125057.05546,0,5,-60
1754125057.09346,1,-1,-61
1754125057.12946,-4,-5,-59
1754125057.1674602,-3,2,-47
1754125057.20646,-2,-2,-56
1754125057.24446,0,-2,-67
1754125057.28046,1,-1,-60
1754125057.31846,6,-1,-62
1754125057.35646,3,-1,-65
1754125057.39546,-3,-7,-56
1754125057.43346,-4,-10,-59
1754125057.46946,-3,-7,-60
1754125057.50746,0,-2,-62
1754125057.54546,-1,1,-60
1754125057.58446,-1,-9,-50
1754125057.62046,-1,0,-49
1754125057.65846,-2,2,-54
1754125057.69646,-3,5,-55
1754125057.73546,0,3,-57
1754125057.77346,5,2,-71
1754125057.8094602,-7,-3,-64
1754125057.84746,0,-3,-43
1754125057.88546,0,0,-52
1754125057.9244602,1,0,-65
1754125057.96146,5,-4,-62
1754125057.99846,4,-7,-55
1754125058.0364602,7,-4,-53
1754125058.0754602,6,0,-47
1754125058.1114602,1,2,-56
1754125058.14846,-3,-1,-70
1754125058.18646,-10,-3,-66
1754125058.22546,-1,-3,-65
1754125058.26146,5,8,-68
1754125058.2994602,3,2,-67
1754125058.33746,8,-3,-63
1754125058.37546,5,-6,-61
1754125058.4144602,2,-5,-58
1754125058.45846,-5,0,-65
1754125058.4964602,-1,-2,-51
1754125058.53546,-6,1,-53
1754125058.57146,-2,-1,-54
1754125058.60946,4,2,-68
1754125058.64846,-2,1,-54
1754125058.68546,-5,-6,-56
1754125058.72446,8,-5,-60
1754125058.76046,4,-6,-55
1754125058.79846,-2,-3,-58
1754125058.83646,6,0,-64
1754125058.87546,2,-2,-69
1754125058.9114602,0,-2,-77
1754125058.94846,0,0,-56
1754125058.9864602,-5,2,-64
1754125059.02546,0,5,-55
1754125059.06146,4,-1,-60
1754125059.09946,9,-1,-62
1754125059.1384602,0,2,-67
1754125059.17646,5,-1,-57
1754125059.21446,0,6,-63
1754125059.25046,0,3,-72
1754125059.28746,1,-6,-64
1754125059.32646,0,-11,-73
1754125059.36446,-2,-12,-68
1754125059.40046,-2,-3,-61
1754125059.43846,-7,-2,-70
1754125059.47746,1,0,-68
1754125059.51546,0,-3,-71
1754125059.55146,-1,0,-62
1754125059.58946,8,1,-53
1754125059.62746,0,-1,-59
1754125059.66646,-8,0,-52
1754125059.70446,-1,2,-69
1754125059.7404602,-4,1,-52
1754125059.77746,5,2,-59
1754125059.81646,1,-5,-53
1754125059.85446,-4,-6,-66
1754125059.89046,-2,0,-63
1754125059.9274602,1,0,-59
1754125059.96646,-2,0,-54
1754125060.00446,10,3,-42
1754125060.04046,0,1,-53
1754125060.07746,-2,0,-65
1754125060.11646,-3,0,-65
1754125060.1544602,4,-1,-59
1754125060.1904602,-1,1,-61
1754125060.22746,1,0,-70
1754125060.2664602,1,-4,-75
1754125060.3024602,7,-2,-67
1754125060.34046,5,0,-61
1754125060.3784602,2,2,-63
1754125060.41646,-4,-2,-64
1754125060.45546,-3,0,-64
1754125060.49146,-8,-1,-65
1754125060.5294602,-1,3,-63
1754125060.56846,0,2,-70
1754125060.60646,2,-3,-60
1754125060.64246,0,-2,-61
1754125060.68046,5,2,-72
1754125060.71846,-4,4,-70
1754125060.7564602,0,2,-54
1754125060.79546,4,-4,-71
1754125060.83146,2,-6,-64
1754125060.86946,-2,5,-63
1754125060.9074602,-2,3,-72
1754125060.94646,6,3,-73
1754125060.98246,0,-1,-67
1754125061.02046,-3,-5,-59
1754125061.05846,-1,-2,-51
1754125061.09746,-2,-2,-51
1754125061.13546,-6,-5,-70
1754125061.1714602,-7,-3,-70
1754125061.2104602,0,0,-68
1754125061.24746,-5,-2,-71
1754125061.2864602,-2,-4,-71
1754125061.3224602,-3,-4,-75
1754125061.36046,0,2,-81
1754125061.39846,-5,2,-64
1754125061.4374602,-3,1,-62
1754125061.47546,-4,0,-59
1754125061.51146,0,-4,-56
1754125061.5494602,4,3,-69
1754125061.58746,-1,8,-59
1754125061.62646,0,1,-60
1754125061.66246,1,1,-62
1754125061.69946,4,-3,-60
1754125061.73746,-6,0,-70
1754125061.7764602,-1,0,-58
1754125061.8124602,0,1,-63
1754125061.84946,-1,4,-62
1754125061.88746,0,6,-65
1754125061.92646,3,0,-54
1754125061.96246,-4,5,-61
1754125062.00046,-1,-1,-60
1754125062.03846,0,-2,-58
1754125062.07746,0,-2,-59
1754125062.1154602,4,0,-57
1754125062.1514602,0,-1,-62
1754125062.18946,0,0,-67
1754125062.22746,2,-7,-56
1754125062.2664602,0,0,-67
1754125062.3024602,-2,-9,-64
1754125062.34046,4,-9,-59
1754125062.3784602,7,-4,-60
1754125062.4174602,3,0,-58
1754125062.45346,7,2,-66
1754125062.4904602,3,5,-67
1754125062.52846,3,-1,-74
1754125062.56746,2,-9,-72
1754125062.60346,-6,-6,-66
1754125062.6414602,0,-5,-74
1754125062.68046,-1,-2,-72
1754125062.7174602,1,-4,-78
1754125062.7564602,1,-2,-70
1754125062.7924602,3,2,-55
1754125062.83046,6,2,-66
1754125062.8684602,3,-1,-69
1754125062.9074602,7,3,-55
1754125062.94346,-8,-2,-65
1754125062.98146,-10,-1,-56
1754125063.0194602,0,-7,-58
1754125063.05746,-2,-2,-64
1754125063.09646,8,-4,-68
1754125063.13246,9,0,-61
1754125063.16946,-5,-4,-69
1754125063.2074602,3,-7,-65
1754125063.2464602,-4,-3,-62
1754125063.2824602,-1,-1,-65
1754125063.32046,0,-4,-66
1754125063.35946,0,-1,-50
1754125063.39746,3,-1,-58
1754125063.43346,1,6,-66
1754125063.47146,0,-1,-66
1754125063.5094602,1,0,-74
1754125063.54846,3,1,-67
1754125063.58646,0,-4,-71
1754125063.62246,0,0,-68
1754125063.65946,-1,2,-68
1754125063.69846,-2,2,-60
1754125063.7364602,-5,0,-56
1754125063.77246,-3,-5,-61
1754125063.81046,-4,0,-58
1754125063.8484602,-8,0,-57
1754125063.88746,-2,2,-57
1754125063.92346,0,-1,-59
1754125063.96146,2,-1,-69
1754125064.00046,1,0,-63
1754125064.03846,1,-1,-62
1754125064.07646,-4,-5,-77
1754125064.11246,-7,-8,-68
1754125064.15046,-6,-3,-62
1754125064.18846,3,-2,-68
1754125064.22746,3,-2,-68
1754125064.2634602,-1,-1,-68
1754125064.30146,2,-7,-67
1754125064.33946,-1,-8,-64
1754125064.3784602,0,-2,-67
1754125064.41646,-5,-4,-52
1754125064.45246,2,-3,-58
1754125064.4904602,3,-2,-66
1754125064.5294602,6,-3,-57
1754125064.56746,5,1,-59
1754125064.60346,-1,-2,-64
1754125064.6414602,0,-7,-53
1754125064.67946,-5,-1,-65
1754125064.71846,6,-2,-74
1754125064.75446,5,0,-63
1754125064.7924602,-2,0,-65
1754125064.82946,-2,1,-60
1754125064.8684602,-3,5,-57
1754125064.9044602,-4,1,-61
1754125064.94246,0,-1,-65
1754125064.9804602,0,-5,-66
1754125065.01846,-7,1,-71
1754125065.05746,-2,0,-72
1754125065.09346,-4,6,-64
1754125065.13046,-2,-3,-56
1754125065.16846,-3,-1,-61
1754125065.2074602,-5,6,-53
1754125065.2434602,1,1,-68
1754125065.28146,-7,0,-72
1754125065.32046,-2,2,-57
1754125065.3584602,-1,-6,-50
1754125065.3944602,0,-5,-55
1754125065.43246,5,1,-67
1754125065.4704602,3,-2,-62
1754125065.50846,5,-1,-64
1754125065.54746,-1,-6,-67
1754125065.58346,0,0,-66
1754125065.62046,-8,-3,-63
1754125065.65946,-7,-2,-74
1754125065.6974602,5,-4,-66
1754125065.7334602,-4,-2,-71
1754125065.77146,0,-2,-67
1754125065.8094602,0,-6,-51
1754125065.8484602,-2,-8,-59
1754125065.8844602,2,-7,-58
1754125065.92246,0,0,-48
1754125065.9604602,-2,-5,-60
1754125065.99946,1,-4,-69
1754125066.03746,4,-1,-69
1754125066.07346,-2,2,-72
1754125066.1114602,1,7,-59
1754125066.15046,-1,-5,-58
1754125066.18846,0,0,-59
1754125066.22446,-7,-1,-65
1754125066.26246,-3,0,-65
1754125066.30046,-3,0,-64
1754125066.33946,1,-2,-61
1754125066.37746,-7,0,-55
1754125066.41346,-10,-8,-67
1754125066.45146,-3,-4,-73
1754125066.48946,-4,-1,-70
1754125066.52846,0,-5,-61
1754125066.56446,3,-2,-59
1754125066.60246,2,-1,-61
1754125066.64046,7,-4,-67
1754125066.67946,3,0,-57
1754125066.7174602,-2,-4,-71
1754125066.7534602,1,-2,-73
1754125066.7924602,4,1,-71
1754125066.82946,0,1,-63
1754125066.8684602,-1,4,-58
1754125066.9044602,3,1,-61
1754125066.94146,8,-5,-58
1754125066.97946,13,-1,-65
1754125067.01846,-2,1,-74
1754125067.05446,-2,2,-70
1754125067.0924602,-4,-3,-66
1754125067.13046,-3,-1,-63
1754125067.16946,-5,0,-58
1754125067.20546,-1,-2,-62
1754125067.2434602,0,-4,-70
1754125067.28146,0,0,-68
1754125067.3194602,-4,2,-64
1754125067.3584602,-1,1,-61
1754125067.3944602,1,9,-52
1754125067.43146,1,-2,-56
1754125067.46946,3,-12,-51
1754125067.50846,-1,0,-54
1754125067.54446,0,-1,-59
1754125067.5824602,-1,2,-61
1754125067.62046,0,-4,-56
1754125067.65946,2,0,-64
1754125067.69546,0,0,-65
1754125067.73246,-6,-2,-69
1754125067.77046,0,-2,-66
1754125067.8094602,2,2,-66
1754125067.8454602,0,-3,-65
1754125067.88346,1,-6,-56
1754125067.9214602,0,0,-64
1754125067.95946,-3,3,-65
1754125067.99846,-6,5,-63
1754125068.03446,-2,8,-70
1754125068.0724602,-4,0,-64
1754125068.11046,-6,-3,-61
1754125068.14946,1,-4,-71
1754125068.18546,4,1,-66
1754125068.22246,3,0,-79
1754125068.26046,1,2,-69
1754125068.2994602,0,2,-73
1754125068.3354602,0,0,-65
1754125068.37246,0,-2,-73
1754125068.41046,1,-4,-66
1754125068.44946,0,-2,-73
1754125068.49246,-2,0,-74
1754125068.53146,-10,0,-65
1754125068.5694602,-1,-9,-68
1754125068.6054602,1,-5,-63
1754125068.64346,0,0,-63
1754125068.68246,-7,-5,-55
1754125068.7204602,0,-5,-57
1754125068.75846,-2,-1,-64
1754125068.79446,-2,-7,-67
1754125068.8324602,-3,-6,-72
1754125068.87046,-7,-5,-63
1754125068.90946,-6,0,-63
1754125068.94546,0,-4,-59
1754125068.98246,2,-1,-59
1754125069.02046,-4,-2,-70
1754125069.0594602,-9,-8,-69
1754125069.0954602,-4,0,-63
1754125069.13246,5,-3,-73
1754125069.17046,3,-7,-75
1754125069.20946,0,-1,-76
1754125069.24546,1,-2,-76
1754125069.28346,-7,0,-71
1754125069.32146,-4,3,-64
1754125069.36046,-3,0,-75
1754125069.39646,0,0,-68
1754125069.4344602,-8,0,-77
1754125069.4734602,-2,-2,-68
1754125069.51046,1,-3,-65
1754125069.5494602,3,5,-67
1754125069.5854602,9,-3,-72
1754125069.62346,2,0,-76
1754125069.6614602,-4,-2,-70
1754125069.7004602,1,-2,-65
1754125069.7364602,0,-3,-66
1754125069.77446,-9,1,-64
1754125069.8124602,0,-1,-61
1754125069.85046,0,1,-56
1754125069.88946,3,3,-70
1754125069.92546,1,4,-62
1754125069.96246,-1,2,-63
1754125070.00046,-5,0,-66
1754125070.0394602,-4,4,-62
1754125070.0754602,0,5,-70
1754125070.11246,8,1,-75
1754125070.15046,-1,-2,-72
1754125070.18946,1,-1,-62
1754125070.22546,0,-8,-54
1754125070.26246,5,-5,-64
1754125070.30146,0,-4,-68
1754125070.33946,-1,-2,-65
1754125070.37546,6,-4,-66
1754125070.41246,0,-1,-68
1754125070.45146,1,-3,-57
1754125070.48946,-1,2,-63
1754125070.52546,0,3,-59
1754125070.5624602,-7,7,-54
1754125070.60146,-6,4,-47
1754125070.63946,-2,0,-55
1754125070.67546,1,-2,-56
1754125070.7134602,-1,-5,-59
1754125070.75246,8,-3,-60
1754125070.79046,5,8,-54
1754125070.82646,2,3,-63
1754125070.8654602,-3,2,-65
1754125070.90246,5,0,-62
1754125070.94146,0,-3,-76
1754125070.97946,-7,-1,-68
1754125071.01546,0,5,-75
1754125071.0524602,-1,2,-78
1754125071.09146,-7,7,-70
1754125071.12946,-5,-1,-57
1754125071.16546,0,-3,-61
1754125071.20346,0,-1,-63
1754125071.24146,0,2,-56
1754125071.28046,0,0,-70
1754125071.31646,-3,3,-72
1754125071.35446,-5,0,-77
1754125071.39246,-3,3,-70
1754125071.43146,3,0,-73
1754125071.46946,-4,0,-66
1754125071.50546,-9,0,-65
1754125071.54346,-8,-4,-62
1754125071.5824602,0,0,-57
1754125071.62046,2,3,-72
1754125071.65646,0,2,-69
1754125071.69346,3,0,-73
1754125071.73246,2,3,-62
1754125071.77046,-2,-1,-58
1754125071.80646,3,-3,-72
1754125071.84446,0,5,-65
1754125071.88246,1,3,-73
1754125071.9214602,3,0,-72
1754125071.9574602,-6,0,-66
1754125071.99546,-2,2,-63
1754125072.03346,-4,-4,-59
1754125072.07146,2,-6,-64
1754125072.11046,2,-1,-63
1754125072.14646,-2,-4,-60
1754125072.1844602,3,-2,-64
1754125072.22246,-5,-1,-60
1754125072.26146,-8,0,-61
1754125072.29746,-8,-1,-59
1754125072.3354602,-2,-6,-61
1754125072.37346,-1,-2,-62
1754125072.4114602,-3,1,-52
1754125072.4504602,-2,-1,-57
1754125072.4864602,-3,-5,-64
1754125072.52446,0,1,-67
1754125072.5624602,2,0,-55
1754125072.60146,1,0,-51
1754125072.63746,1,6,-54
1754125072.6744602,4,1,-68
1754125072.71246,0,6,-65
1754125072.75146,-2,-1,-75
1754125072.78746,-2,-3,-75
1754125072.8254602,-2,-3,-69
1754125072.86346,-2,-6,-60
1754125072.90246,-5,-2,-60
1754125072.9404602,-5,5,-64
1754125072.97646,-6,3,-54
1754125073.01546,0,5,-61
1754125073.0524602,-6,-3,-68
1754125073.09146,-2,0,-68
1754125073.12746,-3,0,-66
1754125073.16546,-7,0,-63
1754125073.20346,-5,5,-64
1754125073.24246,-5,2,-61
1754125073.28046,0,0,-71
1754125073.31646,-1,-1,-66
1754125073.35446,-4,1,-66
1754125073.39246,3,0,-61
1754125073.43146,0,-2,-61
1754125073.46846,2,0,-64
1754125073.50546,0,-1,-64
1754125073.54346,-4,-6,-61
1754125073.5824602,1,-2,-63
1754125073.62046,0,-1,-65
1754125073.65646,2,4,-74
1754125073.69346,0,1,-67
1754125073.73246,1,5,-64
1754125073.77046,1,2,-63
1754125073.80646,4,1,-60
1754125073.84346,-2,-1,-53
1754125073.88246,-4,1,-60
1754125073.91846,-8,8,-55
1754125073.95546,0,0,-55
1754125073.9934602,-3,0,-60
1754125074.0324602,0,2,-64
1754125074.06846,1,8,-68
1754125074.1054602,2,-2,-79
1754125074.14346,0,-8,-71
1754125074.18246,-1,-2,-70
1754125074.21846,-6,6,-69
1754125074.25546,1,2,-53
1754125074.29346,2,2,-68
1754125074.3324602,1,8,-59
1754125074.3684602,-1,3,-49
1754125074.40646,0,7,-70
1754125074.44546,3,-1,-71
1754125074.48246,-2,6,-60
1754125074.52146,0,0,-64
1754125074.55746,-1,4,-68
1754125074.5954602,-2,-6,-67
1754125074.63346,0,1,-58
1754125074.67246,-1,-3,-64
1754125074.70846,-3,-5,-69
1754125074.7464602,-2,4,-62
1754125074.78446,5,8,-85
1754125074.8224602,6,4,-65
1754125074.8614602,1,3,-58
1754125074.89746,0,3,-61
1754125074.93546,0,1,-63
1754125074.9734602,0,0,-51
1754125075.01246,2,-1,-58
1754125075.04846,7,-1,-56
1754125075.08646,-5,-1,-45
1754125075.12446,1,1,-59
1754125075.16346,0,7,-65
1754125075.20146,3,1,-72
1754125075.23746,7,3,-63
1754125075.27446,4,4,-60
1754125075.31346,0,4,-54
1754125075.35146,-5,-1,-57
1754125075.38746,-1,1,-64
1754125075.42546,0,0,-61
1754125075.46446,4,-5,-66
1754125075.50246,0,-2,-59
1754125075.53846,2,-1,-64
1754125075.57646,-3,1,-66
1754125075.61446,-6,3,-78
1754125075.65346,-3,-6,-71
1754125075.69146,0,0,-57
1754125075.72746,-3,-6,-57
1754125075.76546,-2,-4,-58
1754125075.80346,1,-1,-63
1754125075.8424602,2,3,-59
1754125075.8784602,2,1,-64
1754125075.91546,-11,-2,-57
1754125075.95346,5,0,-54
1754125075.99246,1,1,-64
1754125076.02846,0,0,-56
1754125076.0654602,-1,-2,-66
1754125076.10346,-6,-8,-69
1754125076.14246,-2,-2,-70
1754125076.17846,-3,2,-60
1754125076.21546,-2,0,-68
1754125076.2534602,-2,4,-67
1754125076.2924602,2,3,-61
1754125076.32846,0,4,-65
1754125076.3654602,12,-2,-67
1754125076.40346,-2,-3,-69
1754125076.44246,-2,-1,-73
1754125076.47846,2,0,-64
1754125076.5164602,0,-9,-59
1754125076.55346,-4,-4,-53
1754125076.5924602,1,-9,-72
1754125076.6284602,1,-6,-56
1754125076.66646,-4,-5,-54
1754125076.70446,3,-2,-57
1754125076.7434602,1,4,-79
1754125076.7794602,5,3,-64
1754125076.81646,2,0,-60
1754125076.85446,4,4,-53
1754125076.89346,-2,-1,-57
1754125076.92946,-8,-3,-66
1754125076.9674602,-6,-6,-63
1754125077.00546,1,-5,-71
1754125077.04346,4,4,-58
1754125077.0824602,6,1,-59
1754125077.1184602,2,-2,-54
1754125077.15646,-9,0,-51
1754125077.19546,-6,-2,-60
1754125077.2334602,-8,1,-65
1754125077.2694602,-8,1,-63
1754125077.30846,1,0,-68
1754125077.3454602,3,2,-53
1754125077.3844602,-2,-7,-57
1754125077.42246,4,-4,-69
1754125077.45846,0,0,-62
1754125077.49546,8,0,-64
1754125077.53446,1,-3,-59
1754125077.5724602,0,-6,-61
1754125077.6084602,-2,-11,-72
1754125077.64646,7,-6,-66
1754125077.6844602,1,-2,-66
1754125077.7234602,-8,1,-70
1754125077.7594602,-8,4,-61
1754125077.7964602,-3,0,-64
1754125077.83446,-1,-4,-77
1754125077.87346,2,-8,-76
1754125077.90946,2,-6,-73
1754125077.9474602,-1,4,-71
1754125077.9864602,-1,-2,-66
1754125078.02446,-4,-7,-70
1754125078.0624602,-4,0,-64
1754125078.09946,1,-2,-62
1754125078.13646,5,-2,-75
1754125078.1744602,0,-4,-67
1754125078.2134602,3,1,-62
1754125078.24946,10,-1,-65
1754125078.28746,7,0,-70
1754125078.3254602,8,0,-65
1754125078.36446,0,5,-61
1754125078.40246,4,-1,-51
1754125078.43846,0,1,-57
1754125078.47546,-2,2,-57
1754125078.5194602,0,-5,-63
1754125078.55846,-1,-10,-60
1754125078.5954602,2,-4,-58
1754125078.6344602,-2,-8,-67
1754125078.67046,-1,-3,-67
1754125078.70846,0,0,-62
1754125078.7464602,-3,1,-72
1754125078.78446,-5,-3,-75
1754125078.82346,-4,0,-61
1754125078.85946,-2,-5,-62
1754125078.89746,0,-3,-65
1754125078.93546,-5,-2,-69
1754125078.97446,0,-4,-73
1754125079.01046,-3,-1,-62
1754125079.0494602,-2,-7,-74
1754125079.08646,-4,-4,-64
1754125079.12446,0,-3,-66
1754125079.16346,3,-1,-67
1754125079.19946,1,1,-65
1754125079.2364602,6,0,-70
1754125079.27446,8,3,-64
1754125079.31346,0,-9,-61
1754125079.34946,0,1,-67
1754125079.38646,-1,3,-58
1754125079.42546,-2,1,-56
1754125079.4634602,0,2,-58
1754125079.49946,-3,0,-61
1754125079.53746,0,-2,-60
1754125079.5754602,-3,3,-59
1754125079.61446,6,1,-61
1754125079.6514602,1,-4,-58
1754125079.68846,0,4,-61
1754125079.72646,2,1,-53
1754125079.76546,4,-1,-55
1754125079.80346,-1,1,-54
1754125079.83946,-2,-2,-51
1754125079.8784602,-6,-1,-60
1754125079.91546,4,2,-71
1754125079.95446,0,1,-66
1754125079.9904602,4,-2,-68
1754125080.02846,0,0,-70
1754125080.06646,3,-5,-72
1754125080.1054602,-1,-6,-68
1754125080.14346,-2,-2,-63
1754125080.17946,1,-5,-66
1754125080.21646,0,-3,-76
1754125080.25546,-5,-5,-59
1754125080.29346,-1,-9,-66
1754125080.32946,-5,-6,-62
1754125080.36746,-5,-7,-76
1754125080.40546,-3,-5,-73
1754125080.4444602,0,-3,-75
1754125080.48146,-5,-3,-60
1754125080.51846,2,2,-59
1754125080.55646,1,-5,-51
1754125080.5954602,1,-3,-54
1754125080.63346,-4,2,-60
1754125080.66946,1,8,-60
1754125080.70646,6,7,-67
1754125080.74546,0,0,-61
1754125080.78346,0,0,-66
1754125080.8194602,-5,-2,-65
1754125080.8584602,3,1,-59
1754125080.89546,-2,-5,-69
1754125080.9344602,0,-1,-64
1754125080.9704602,7,-3,-60
1754125081.00846,-2,-5,-59
1754125081.0464602,0,4,-56
1754125081.0854602,-8,-6,-69
1754125081.1214602,-4,-1,-63
1754125081.15946,-6,-1,-62
1754125081.1974602,7,7,-62
1754125081.23546,0,-3,-65
1754125081.27446,3,-3,-72
1754125081.31046,0,-1,-70
1754125081.34946,7,-6,-66
1754125081.38646,1,0,-58
1754125081.42546,8,0,-55
1754125081.46146,9,-3,-63
1754125081.49946,-2,3,-77
1754125081.5364602,5,1,-63
1754125081.5754602,5,-10,-63
1754125081.6114602,3,-1,-70
1754125081.64946,2,2,-64
1754125081.6874602,0,0,-75
1754125081.72546,1,-6,-49
1754125081.76446,1,3,-54
1754125081.80046,-1,-1,-61
1754125081.8384602,-2,-3,-56
1754125081.87646,-3,-4,-59
1754125081.91546,-4,-2,-57
1754125081.95146,-9,-2,-63
1754125081.98946,-9,3,-60
1754125082.02846,-5,0,-59
1754125082.06646,2,-4,-59
1754125082.10446,-1,1,-73
1754125082.14046,1,0,-70
1754125082.17846,-6,0,-65
1754125082.21646,-7,3,-65
1754125082.25546,-3,-2,-69
1754125082.29146,2,-4,-73
1754125082.32946,-8,-3,-61
1754125082.36746,1,2,-65
1754125082.40646,2,0,-69
1754125082.4444602,2,-1,-62
1754125082.4804602,7,0,-62
1754125082.51746,-8,6,-66
1754125082.55646,-3,5,-75
1754125082.59446,2,-3,-64
1754125082.63046,5,-1,-59
1754125082.66846,-2,3,-59
1754125082.70646,-3,6,-62
1754125082.74546,-6,0,-53
1754125082.78146,-1,-4,-71
1754125082.8194602,0,0,-65
1754125082.8584602,0,-3,-61
1754125082.89646,3,-7,-52
1754125082.9344602,3,-5,-66
1754125082.9704602,0,0,-63
1754125083.00846,0,-1,-64
1754125083.0464602,-1,-3,-70
1754125083.0824602,0,-2,-58
1754125083.12046,-12,-1,-59
1754125083.15846,-1,0,-73
1754125083.19646,0,-5,-65
1754125083.23546,4,-5,-60
1754125083.27146,0,-4,-58
1754125083.30846,-3,-3,-65
1754125083.34746,-1,-2,-72
1754125083.38546,-11,5,-69
1754125083.4214602,-5,2,-70
1754125083.45846,-7,3,-69
1754125083.4964602,0,0,-63
1754125083.53546,0,-3,-58
1754125083.57146,0,-3,-60
1754125083.60946,4,-7,-62
1754125083.64746,3,-6,-60
1754125083.68646,0,-3,-64
1754125083.72246,-5,0,-69
1754125083.76146,-5,-4,-65
1754125083.7994602,-1,-2,-60
1754125083.83646,0,3,-71
1754125083.87546,-6,0,-70
1754125083.9114602,0,-4,-68
1754125083.94946,1,-2,-72
1754125083.98746,-1,0,-70
1754125084.0264602,-8,-4,-72
1754125084.0624602,-5,1,-60
1754125084.10046,-7,-3,-67
1754125084.1384602,8,-3,-64
1754125084.1774602,9,-1,-78
1754125084.21546,7,2,-84
1754125084.25146,10,0,-79
1754125084.28846,5,-6,-75
1754125084.32746,0,-4,-85
1754125084.3654602,0,-9,-65
1754125084.4014602,-1,-5,-74
1754125084.43946,-2,2,-63
1754125084.47846,-3,-1,-72
1754125084.5164602,-5,-11,-62
1754125084.5524602,-5,-5,-71
1754125084.59146,-7,3,-65
1754125084.6284602,-4,2,-60
1754125084.6674602,0,2,-63
1754125084.70546,-5,-1,-59
1754125084.74146,-3,-7,-71
1754125084.7794602,-2,-5,-66
1754125084.81746,-3,-7,-62
1754125084.85646,7,-6,-57
1754125084.89246,4,-7,-58
1754125084.93046,-2,-5,-63
1754125084.96846,-8,-2,-66
1754125085.00746,-1,-2,-64
1754125085.04546,-4,1,-69
1754125085.08146,-4,9,-68
1754125085.11946,-3,1,-64
1754125085.1574602,0,0,-61
1754125085.19646,-2,5,-65
1754125085.23246,1,6,-63
1754125085.2694602,-4,4,-58
1754125085.30746,0,2,-59
1754125085.34646,-1,1,-76
1754125085.38246,0,-2,-70
1754125085.41946,1,1,-74
1754125085.4574602,1,5,-68
1754125085.4964602,1,-2,-58
1754125085.5324602,1,-4,-66
1754125085.57046,-2,2,-76
1754125085.6084602,-3,0,-71
1754125085.64746,-12,-3,-74
1754125085.68346,-4,-3,-70
1754125085.72146,-3,-3,-63
1754125085.7594602,0,-3,-63
1754125085.79746,0,-9,-61
1754125085.83646,-2,-12,-61
1754125085.87246,0,-5,-63
1754125085.9114602,-7,-8,-77
1754125085.94846,3,-8,-63
1754125085.98746,0,-7,-69
1754125086.02446,6,-8,-70
1754125086.06146,5,-3,-69
1754125086.09946,2,-6,-64
1754125086.13746,-3,0,-68
1754125086.17646,-3,-2,-60
1754125086.21246,5,-7,-52
1754125086.25046,6,1,-62
1754125086.2894602,-1,0,-68
1754125086.32746,-3,10,-67
1754125086.36346,0,5,-70
1754125086.40046,6,3,-77
1754125086.43946,1,0,-75
1754125086.47746,-6,-2,-67
1754125086.5134602,-2,-2,-67
1754125086.55146,-2,-5,-71
1754125086.58946,5,-9,-60
1754125086.6284602,2,-6,-64
1754125086.66646,0,-5,-66
1754125086.70246,0,-3,-63
1754125086.7404602,0,-11,-64
1754125086.77846,-6,0,-71
1754125086.81746,0,-2,-67
1754125086.85346,0,0,-65
1754125086.89046,0,0,-70
1754125086.92846,0,-7,-65
1754125086.9674602,0,-6,-75
1754125087.0034602,1,-7,-61
1754125087.04146,1,-5,-68
1754125087.08046,1,-2,-63
1754125087.1184602,-1,-8,-61
1754125087.15646,0,-1,-64
1754125087.19246,3,4,-71
1754125087.2304602,-2,-2,-62
1754125087.26846,-5,0,-73
1754125087.30746,-5,0,-65
1754125087.34346,0,1,-67
1754125087.38046,-6,-1,-85
1754125087.41846,-2,-1,-71
1754125087.4574602,-7,8,-62
1754125087.4934602,-5,8,-60
1754125087.53146,-2,-2,-63
1754125087.56846,-2,1,-61
1754125087.60746,3,2,-60
1754125087.64346,0,-7,-69
1754125087.68046,0,-1,-69
1754125087.71846,2,0,-60
1754125087.75746,0,0,-71
1754125087.79346,1,-2,-66
1754125087.83146,0,0,-65
1754125087.8684602,-3,-3,-61
1754125087.9074602,0,-6,-58
1754125087.94346,-2,-8,-67
1754125087.98146,-2,-8,-57
1754125088.0194602,-3,-4,-59
1754125088.05846,-13,-8,-67
1754125088.09446,-11,-4,-62
1754125088.13246,-6,-4,-66
1754125088.17046,-3,-4,-65
1754125088.20846,-1,0,-76
1754125088.24746,-4,-4,-74
1754125088.28346,-1,2,-76
1754125088.32146,-2,-3,-63
1754125088.36046,-3,-11,-62
1754125088.39846,0,0,-61
1754125088.4344602,0,0,-60
1754125088.47146,-1,-1,-57
1754125088.5094602,-2,-2,-61
1754125088.55346,0,-1,-50
1754125088.59146,-1,-4,-59
1754125088.62946,-3,0,-68
1754125088.66846,5,-5,-70
1754125088.70446,-2,-2,-62
1754125088.74246,5,1,-71
1754125088.78146,0,2,-73
1754125088.8194602,3,1,-60
1754125088.85746,-2,1,-70
1754125088.89346,-6,0,-73
1754125088.93146,0,-5,-70
1754125088.96946,0,-2,-69
1754125089.00846,-2,-2,-57
1754125089.04446,6,-1,-64
1754125089.0824602,0,-6,-63
1754125089.12046,3,0,-61
1754125089.15946,0,7,-70
1754125089.1974602,-11,-1,-66
1754125089.2334602,1,-10,-75
1754125089.27146,8,-12,-56
1754125089.31046,1,-4,-57
1754125089.3484602,3,-2,-56
1754125089.3844602,-1,-1,-54
1754125089.42346,1,-2,-65
1754125089.4604602,5,0,-58
1754125089.49946,2,0,-68
1754125089.53846,4,-2,-55
1754125089.57446,-1,0,-57
1754125089.61346,-2,2,-60
1754125089.65046,2,0,-56
1754125089.68946,3,1,-55
1754125089.72746,2,-4,-54
1754125089.7634602,1,-3,-72
1754125089.80146,5,-3,-75
1754125089.83946,4,-6,-61
1754125089.8784602,3,-2,-65
1754125089.9144602,3,-9,-72
1754125089.95146,6,-8,-60
1754125089.98946,-2,-3,-67
1754125090.02846,0,2,-64
1754125090.06446,2,-1,-63
1754125090.10146,-4,1,-70
1754125090.13946,0,-4,-74
1754125090.17846,-3,-6,-62
1754125090.21446,0,-5,-59
1754125090.25146,1,-5,-62
1754125090.2894602,-1,-6,-66
1754125090.32846,0,-8,-71
1754125090.36446,0,-2,-74
1754125090.40246,0,-7,-74
1754125090.4404602,7,-2,-73
1754125090.47946,10,1,-64
1754125090.51546,9,-6,-58
1754125090.55446,9,-4,-59
1754125090.59146,1,-1,-76
1754125090.62946,-4,-4,-66
1754125090.66846,-4,-3,-71
1754125090.70446,1,-1,-67
1754125090.74246,5,-3,-71
1754125090.78046,0,-6,-69
1754125090.8194602,0,-1,-74
1754125090.8554602,1,3,-76
1754125090.89246,1,2,-66
1754125090.93046,-3,-1,-55
1754125090.96946,-1,-5,-70
1754125091.00546,-10,-4,-65
1754125091.04346,-7,-2,-61
1754125091.08146,-2,3,-60
1754125091.12046,0,3,-79
1754125091.15846,-5,-9,-69
1754125091.1944602,0,-6,-69
1754125091.2334602,5,3,-54
1754125091.27046,1,-1,-53
1754125091.3094602,-4,4,-56
1754125091.34646,0,-1,-64
1754125091.38346,-3,-3,-71
1754125091.4214602,0,-10,-62
1754125091.4604602,3,-6,-42
1754125091.49846,0,-3,-69
1754125091.53446,10,-5,-72
1754125091.5724602,5,0,-75
1754125091.61046,-2,-4,-76
1754125091.64946,0,4,-70
1754125091.68546,2,1,-67
1754125091.72246,-4,7,-68
1754125091.76046,0,4,-63
1754125091.7994602,-7,-7,-67
1754125091.8354602,-6,-2,-72
1754125091.87346,-8,1,-76
1754125091.91246,5,0,-67
1754125091.9504602,-4,0,-67
1754125091.98846,-3,3,-70
1754125092.02446,0,-4,-61
1754125092.0624602,-3,-7,-65
1754125092.10046,-4,-4,-71
1754125092.1384602,-3,-1,-64
1754125092.17546,-10,-1,-79
1754125092.2134602,3,-2,-74
1754125092.25146,-4,0,-77
1754125092.29046,9,-3,-70
1754125092.32646,-6,2,-65
1754125092.36446,1,-2,-70
1754125092.40346,3,0,-78
1754125092.4404602,-8,-2,-74
1754125092.47946,2,-1,-71
1754125092.51546,0,-7,-55
1754125092.55346,-6,-3,-72
1754125092.59146,-9,0,-78
1754125092.63046,1,-2,-66
1754125092.66646,1,-5,-59
1754125092.70446,-7,0,-64
1754125092.74246,-5,0,-65
1754125092.78046,-9,-1,-72
1754125092.8194602,-4,-3,-66
1754125092.8554602,-4,-2,-63
1754125092.89346,0,2,-62
1754125092.93246,6,-2,-63
1754125092.9704602,-1,0,-66
1754125093.0064602,2,2,-72
1754125093.04446,4,9,-62
1754125093.0824602,7,0,-71
1754125093.1214602,1,6,-69
1754125093.15946,2,-4,-59
1754125093.19546,1,0,-60
1754125093.23246,2,4,-60
1754125093.27146,-1,2,-64
1754125093.3094602,-3,0,-63
1754125093.3454602,0,-7,-61
1754125093.38346,-1,-3,-68
1754125093.4214602,-5,-1,-70
1754125093.4604602,-7,-2,-67
1754125093.4964602,-3,0,-76
1754125093.53446,-3,-1,-67
1754125093.5724602,1,-1,-61
1754125093.6114602,1,0,-64
1754125093.64946,2,0,-61
1754125093.68546,-3,-3,-60
1754125093.72446,-2,-2,-64
1754125093.76146,4,3,-70
1754125093.80046,5,-4,-59
1754125093.83746,1,-4,-64
1754125093.87446,1,-2,-66
1754125093.91246,6,-6,-62
1754125093.95146,-1,1,-73
1754125093.98946,1,-2,-77
1754125094.02546,-3,-2,-72
1754125094.06346,0,-3,-66
1754125094.10146,0,1,-71
1754125094.14046,0,-9,-63
1754125094.17646,1,-8,-58
1754125094.21446,2,-7,-69
1754125094.25246,-1,-1,-76
1754125094.29146,2,3,-72
1754125094.32946,-1,4,-67
1754125094.3654602,0,4,-75
1754125094.40246,6,-2,-65
1754125094.44146,0,-3,-48
1754125094.47946,-4,-1,-53
1754125094.51546,5,3,-64
1754125094.5524602,2,0,-56
1754125094.59146,7,10,-58
1754125094.62946,-5,4,-53
1754125094.66546,-5,5,-59
1754125094.70346,0,-5,-70
1754125094.74146,0,0,-61
1754125094.77746,2,3,-63
1754125094.8154602,-6,3,-73
1754125094.85346,0,7,-65
1754125094.8914602,3,1,-58
1754125094.93046,5,-6,-69
1754125094.96646,-1,-3,-66
1754125095.00446,4,-8,-75
1754125095.0424602,0,-5,-61
1754125095.08146,0,-1,-66
1754125095.11746,0,-6,-75
1754125095.15546,-7,-5,-65
1754125095.19346,-6,0,-53
1754125095.23146,-4,-3,-75
1754125095.27046,-2,0,-57
1754125095.30646,1,0,-62
1754125095.34446,-3,0,-64
1754125095.3814602,-9,0,-60
1754125095.42046,-4,-3,-63
1754125095.45646,2,-7,-61
1754125095.49446,0,0,-59
1754125095.5324602,2,2,-62
1754125095.57146,-1,-4,-64
1754125095.60746,0,-1,-53
1754125095.64546,1,0,-66
1754125095.68346,-1,3,-72
1754125095.72246,6,-1,-53
1754125095.76046,2,-5,-69
1754125095.7964602,-3,-3,-68
1754125095.83446,0,0,-70
1754125095.87346,-1,2,-71
1754125095.9114602,0,0,-59
1754125095.9474602,-6,-8,-56
1754125095.9864602,-3,-8,-58
1754125096.02346,0,2,-78
1754125096.0624602,4,0,-61
1754125096.10046,1,2,-55
1754125096.13646,-1,2,-49
1754125096.1744602,5,1,-64
1754125096.21246,2,-1,-73
1754125096.25146,-3,0,-77
1754125096.28746,-6,1,-71
1754125096.3254602,-1,0,-73
1754125096.36346,0,3,-62
1754125096.40246,0,-9,-76
1754125096.4404602,-2,-3,-64
1754125096.47646,-1,3,-63
1754125096.51446,0,8,-68
1754125096.5524602,3,4,-51
1754125096.59146,0,3,-54
1754125096.62746,0,0,-60
1754125096.6644602,0,3,-63
1754125096.70246,0,1,-57
1754125096.74146,-2,-6,-57
1754125096.77746,0,-5,-63
1754125096.81446,6,3,-71
1754125096.85246,-5,1,-61
1754125096.8914602,0,-8,-68
1754125096.9274602,-3,-4,-73
1754125096.96546,-8,-1,-69
1754125097.0034602,0,1,-68
1754125097.0424602,-1,-4,-62
1754125097.07946,0,-2,-63
1754125097.11646,-1,-7,-67
1754125097.1544602,2,0,-61
1754125097.19346,4,-2,-68
1754125097.23146,2,-2,-67
1754125097.26746,7,-1,-68
1754125097.30646,6,2,-66
1754125097.34346,4,0,-68
1754125097.38246,-1,-4,-66
1754125097.41846,-3,-1,-75
1754125097.45646,-2,-3,-59
1754125097.49446,-3,-5,-67
1754125097.5324602,-4,-5,-66
1754125097.57146,0,-5,-67
1754125097.60746,0,2,-61
1754125097.64646,-10,3,-68
1754125097.68346,-5,0,-73
1754125097.72246,3,2,-83
1754125097.75846,1,2,-75
1754125097.7964602,-2,0,-72
1754125097.83346,-2,2,-62
1754125097.87246,-2,1,-54
1754125097.90846,-3,2,-55
1754125097.94646,-9,1,-55
1754125097.98546,0,-1,-69
1754125098.02346,1,0,-70
1754125098.06146,-6,-2,-63
1754125098.09746,0,-5,-59
1754125098.13546,3,0,-70
1754125098.17346,3,-3,-67
1754125098.21246,0,0,-74
1754125098.24846,7,-4,-69
1754125098.2864602,1,-2,-66
1754125098.32446,0,-1,-63
1754125098.36346,0,-1,-71
1754125098.4014602,-5,-1,-72
1754125098.4374602,-7,1,-68
1754125098.47446,-1,0,-62
1754125098.5134602,-4,-3,-53
1754125098.55846,-4,-4,-58
1754125098.59646,-3,-5,-64
1754125098.63346,-8,-5,-62
1754125098.67246,7,-1,-65
1754125098.70846,3,-5,-68
1754125098.7464602,1,2,-68
1754125098.78446,-9,-1,-52
1754125098.82346,-1,-5,-52
1754125098.8614602,-4,-3,-49
1754125098.89746,0,-4,-52
1754125098.9344602,1,-6,-48
1754125098.9734602,-3,0,-64
1754125099.01146,-4,-5,-52
1754125099.04746,1,0,-62
1754125099.0854602,-10,4,-60
1754125099.12346,-10,-7,-72
1754125099.16246,-13,-3,-69
1754125099.19846,-2,0,-69
1754125099.2364602,-8,0,-52
1754125099.27546,0,-8,-56
1754125099.31346,1,-3,-71
1754125099.34946,-6,1,-60
1754125099.3884602,2,0,-56
1754125099.42546,-4,-3,-51
1754125099.4634602,0,-2,-76
1754125099.50246,3,-2,-69
1754125099.53846,0,3,-66
1754125099.5754602,1,-1,-69
1754125099.61346,2,0,-64
1754125099.65246,-1,0,-65
1754125099.68846,1,0,-62
1754125099.72546,-5,-6,-67
1754125099.7634602,0,0,-54
1754125099.8024602,-8,2,-56
1754125099.8384602,-2,3,-52
1754125099.87646,9,4,-65
1754125099.9144602,-5,1,-68
1754125099.95346,3,-3,-66
1754125099.98946,-3,-2,-63
1754125100.02746,-10,3,-68
1754125100.0654602,-5,5,-65
1754125100.10446,1,-1,-66
1754125100.14246,3,-1,-59
1754125100.17846,0,-2,-55
1754125100.21546,-2,0,-65
1754125100.25446,-5,-3,-68
1754125100.2924602,0,-5,-60
1754125100.32846,-5,-3,-61
1754125100.36746,-3,-2,-69
1754125100.4044602,-5,-1,-62
1754125100.44346,-2,0,-65
1754125100.47946,0,2,-75
1754125100.51746,5,0,-72
1754125100.55446,-2,-4,-56
1754125100.59346,0,-6,-50
1754125100.62946,-2,-5,-55
1754125100.6674602,-2,-2,-49
1754125100.70546,-6,-9,-64
1754125100.74446,-1,3,-70
1754125100.7824602,-2,-4,-61
1754125100.81846,-3,3,-65
1754125100.85646,-9,-2,-66
1754125100.8944602,-7,0,-52
1754125100.93346,-4,-2,-65
1754125100.96946,1,3,-71
1754125101.0064602,0,-5,-70
1754125101.04446,-1,1,-76
1754125101.08346,-3,-2,-69
1754125101.11946,5,0,-55
1754125101.15646,-5,-2,-64
1754125101.1944602,-6,0,-70
1754125101.2334602,-7,0,-70
1754125101.2694602,-5,-3,-71
1754125101.30746,0,-2,-69
1754125101.3454602,-2,0,-62
1754125101.3844602,4,4,-57
1754125101.42046,5,3,-54
1754125101.4574602,6,0,-48
1754125101.49546,5,1,-49
1754125101.53446,-7,3,-56
1754125101.57046,-6,-3,-55
1754125101.6084602,-6,0,-57
1754125101.64646,-8,1,-62
1754125101.68546,-9,1,-60
1754125101.72446,-2,0,-70
1754125101.76046,2,-1,-71
1754125101.79846,1,6,-71
1754125101.83646,2,-3,-57
1754125101.87446,-3,-2,-54
1754125101.91346,-3,-2,-60
1754125101.94946,2,-1,-50
1754125101.98746,1,-4,-61
1754125102.02546,3,-2,-55
1754125102.06446,8,0,-57
1754125102.10046,0,-2,-59
1754125102.1384602,-4,0,-54
1754125102.17646,-3,0,-66
1754125102.21446,-1,0,-71
1754125102.2534602,-2,2,-71
1754125102.2894602,2,5,-74
1754125102.32646,1,0,-73
1754125102.3654602,4,1,-64
1754125102.40346,0,-3,-65
1754125102.43946,0,0,-60
1754125102.47746,-1,0,-59
1754125102.5164602,-3,0,-50
1754125102.55446,0,0,-66
1754125102.59046,9,-3,-72
1754125102.6284602,1,-5,-63
1754125102.66646,3,0,-61
1754125102.70546,0,-5,-71
1754125102.7434602,1,2,-67
1754125102.7794602,-7,0,-65
1754125102.81746,5,-4,-64
1754125102.8554602,0,-8,-65
1754125102.8944602,2,-5,-69
1754125102.93046,-3,0,-62
1754125102.96846,-4,2,-62
1754125103.0064602,1,7,-54
1754125103.04546,7,0,-61
1754125103.08346,-1,0,-63
1754125103.11946,-7,-1,-63
1754125103.1574602,0,0,-57
1754125103.19546,-1,-1,-55
1754125103.23446,-5,-2,-55
1754125103.27046,-1,2,-60
1754125103.30846,-6,-5,-72
1754125103.34646,-14,-5,-76
1754125103.38546,-5,1,-54
1754125103.42346,-1,-6,-50
1754125103.45946,0,-1,-59
1754125103.49746,1,-1,-70
1754125103.53546,-5,-7,-64
1754125103.57446,0,0,-55
1754125103.61046,0,3,-60
1754125103.64746,0,-2,-63
1754125103.68546,6,-7,-55
1754125103.72446,1,1,-72
1754125103.76046,6,-5,-69
1754125103.79846,1,3,-59
1754125103.83646,2,1,-60
1754125103.87546,-3,0,-58
1754125103.9114602,0,0,-55
1754125103.94846,0,0,-61
1754125103.9864602,5,4,-62
1754125104.02546,0,1,-66
1754125104.06146,-6,2,-64
1754125104.09946,0,6,-61
1754125104.1384602,5,1,-62
1754125104.17546,7,0,-59
1754125104.21446,0,-3,-69
1754125104.25046,-5,-6,-76
1754125104.2894602,0,-1,-61
1754125104.32646,-3,-1,-60
1754125104.3654602,-1,-7,-52
1754125104.4014602,0,-1,-61
1754125104.43946,-3,-4,-51
1754125104.47646,-3,-2,-61
1754125104.51546,-9,-4,-53
1754125104.55146,-4,-1,-60
1754125104.58946,-1,-1,-56
1754125104.62746,-2,4,-72
1754125104.66646,2,1,-62
1754125104.70446,3,5,-59
1754125104.7404602,4,0,-57
1754125104.77846,-3,6,-57
1754125104.81646,-10,2,-62
1754125104.8554602,-4,0,-60
1754125104.8914602,1,1,-63
1754125104.92846,-2,0,-55
1754125104.96646,-2,-2,-70
1754125105.00546,1,-1,-69
1754125105.04146,3,0,-51
1754125105.07846,-5,0,-61
1754125105.11646,-1,1,-61
1754125105.15546,0,-1,-61
1754125105.19146,-6,2,-61
1754125105.22946,-5,-2,-55
1754125105.26846,-8,-1,-65
1754125105.30646,-4,0,-58
1754125105.34446,-4,-1,-61
1754125105.38046,0,-3,-58
1754125105.41846,-7,0,-62
1754125105.45646,-6,-5,-57
1754125105.49546,-16,0,-55
1754125105.53146,-7,3,-65
1754125105.56846,0,3,-69
1754125105.60646,4,7,-79
1754125105.64546,2,1,-60
1754125105.68146,-1,1,-57
1754125105.71946,-1,0,-72
1754125105.75746,-3,0,-61
1754125105.7964602,0,0,-56
1754125105.83446,-2,-5,-66
1754125105.87046,-4,-4,-73
1754125105.90846,-1,-2,-64
1754125105.9474602,-1,-2,-72
1754125105.98546,3,0,-63
1754125106.02146,-2,-4,-57
1754125106.0594602,0,-4,-50
1754125106.09746,-1,-5,-64
1754125106.13646,-3,-3,-71
1754125106.17246,6,-1,-72
1754125106.2104602,4,-6,-71
1754125106.24846,3,3,-70
1754125106.2864602,0,-1,-65
1754125106.3254602,-2,1,-67
1754125106.3614602,0,5,-69
1754125106.39946,-2,3,-60
1754125106.43846,0,2,-61
1754125106.47646,1,0,-62
1754125106.51246,0,3,-74
1754125106.5494602,0,5,-59
1754125106.58746,2,-2,-55
1754125106.62646,0,5,-54
1754125106.66246,2,4,-58
1754125106.7004602,3,2,-66
1754125106.73846,-1,3,-72
1754125106.7764602,-2,-3,-73
1754125106.8124602,2,0,-72
1754125106.85046,2,-4,-75
1754125106.8884602,0,0,-71
1754125106.9274602,-1,0,-73
1754125106.96546,5,0,-63
1754125107.00146,-2,-8,-58
1754125107.0394602,-6,-4,-65
1754125107.07746,-10,1,-75
1754125107.11646,-16,1,-60
1754125107.15246,-1,6,-59
1754125107.19146,6,1,-58
1754125107.22846,6,2,-54
1754125107.26746,-1,2,-58
1754125107.30546,-15,1,-68
1754125107.34146,-3,2,-64
1754125107.37946,-3,-7,-63
1754125107.4174602,0,-9,-69
1754125107.45646,0,-9,-62
1754125107.49246,9,-5,-57
1754125107.5294602,9,-3,-51
1754125107.56746,6,3,-63
1754125107.60646,9,-3,-64
1754125107.64246,0,-2,-68
1754125107.68046,0,-2,-55
1754125107.71846,4,0,-54
1754125107.75746,-2,-6,-62
1754125107.79546,2,-5,-65
1754125107.8324602,4,-1,-56
1754125107.86946,1,-1,-67
1754125107.9074602,-11,4,-68
1754125107.94646,-4,0,-71
1754125107.98246,3,0,-69
1754125108.0194602,1,-2,-70
1754125108.05746,0,-6,-64
1754125108.09646,-5,3,-65
1754125108.13246,1,-1,-59
1754125108.17046,-7,1,-67
1754125108.20846,-11,3,-59
1754125108.24746,-13,-1,-59
1754125108.28346,-7,-2,-60
1754125108.32146,0,-5,-70
1754125108.35946,0,-4,-67
1754125108.39746,-1,0,-52
1754125108.43646,1,-3,-61
1754125108.47246,2,-2,-63
1754125108.51046,0,5,-63
1754125108.5494602,-1,2,-61
1754125108.5924602,0,1,-68
1754125108.63046,-3,3,-56
1754125108.66846,-1,5,-52
1754125108.7074602,0,0,-66
1754125108.7434602,-3,-2,-69
1754125108.78146,1,-1,-70
1754125108.82046,0,1,-75
1754125108.85746,3,0,-60
1754125108.89646,0,6,-59
1754125108.93246,2,5,-65
1754125108.9704602,-1,4,-71
1754125109.00746,3,-2,-62
1754125109.0464602,-4,1,-59
1754125109.0824602,-6,-1,-65
1754125109.12046,-1,-2,-70
1754125109.15846,-1,-5,-71
1754125109.1974602,0,-5,-66
1754125109.2334602,3,-2,-65
1754125109.27146,0,0,-68
1754125109.3094602,2,0,-59
1754125109.3484602,-2,-3,-67
1754125109.38646,-1,3,-58
1754125109.42246,-5,0,-70
1754125109.4604602,-10,2,-70
1754125109.49946,-4,-6,-66
1754125109.53746,-4,-4,-61
1754125109.57346,-2,-2,-74
1754125109.6114602,1,3,-75
1754125109.64946,0,9,-83
1754125109.68846,6,5,-73
1754125109.72646,1,-1,-77
1754125109.76246,4,-1,-74
1754125109.80046,0,6,-66
1754125109.8384602,4,4,-56
1754125109.87746,1,0,-68
1754125109.91346,4,3,-63
1754125109.95246,0,5,-69
1754125109.98946,0,0,-73
1754125110.02846,-3,-2,-76
1754125110.06646,-1,-4,-58
1754125110.10246,3,-5,-63
1754125110.14046,3,1,-69
1754125110.17846,0,-8,-55
1754125110.2174602,3,-6,-57
1754125110.2534602,0,-10,-68
1754125110.29146,-6,0,-70
1754125110.32946,-6,4,-71
1754125110.3684602,0,5,-61
1754125110.40646,-2,-5,-63
1754125110.44246,-4,-4,-61
1754125110.4804602,-2,-1,-67
1754125110.5194602,-1,-4,-60
1754125110.55746,2,-3,-60
1754125110.59346,-4,-1,-60
1754125110.6314602,5,0,-64
1754125110.66946,-1,4,-66
1754125110.70846,0,4,-48
1754125110.74446,2,6,-56
1754125110.78146,-1,-2,-67
1754125110.8194602,-4,-7,-69
1754125110.8584602,-1,-3,-69
1754125110.8944602,-2,-8,-67
1754125110.93246,0,0,-65
1754125110.9704602,-5,-1,-55
1754125111.00846,-1,2,-58
1754125111.04746,2,4,-59
1754125111.08346,0,5,-67
1754125111.12046,1,6,-59
1754125111.15846,-1,0,-71
1754125111.1974602,2,-3,-63
1754125111.2334602,1,-6,-57
1754125111.27246,-3,0,-54
1754125111.3094602,0,-4,-71
1754125111.3484602,4,-3,-68
1754125111.3844602,1,-2,-61
1754125111.42246,0,-5,-67
1754125111.4604602,-5,-1,-73
1754125111.49846,-3,-3,-65
1754125111.53746,-8,0,-63
1754125111.57346,-1,-4,-64
1754125111.6114602,-6,-1,-68
1754125111.64946,-6,3,-63
1754125111.68846,-10,-1,-58
1754125111.72446,-4,-6,-66
1754125111.76246,-2,-4,-71
1754125111.80046,-5,-4,-60
1754125111.83946,-4,-3,-63
1754125111.87746,3,-3,-66
1754125111.91346,0,-3,-59
1754125111.95146,-3,1,-73
1754125111.98946,0,-2,-67
1754125112.02846,0,-1,-64
1754125112.06446,-2,0,-68
1754125112.10246,0,-8,-76
1754125112.14046,1,-6,-70
1754125112.17946,-9,-3,-63
1754125112.2174602,-4,-8,-68
1754125112.2534602,-2,-1,-64
1754125112.29146,0,-7,-73
1754125112.33046,3,-5,-65
1754125112.3684602,0,-1,-61
1754125112.4044602,3,0,-63
1754125112.44146,2,3,-68
1754125112.47946,1,3,-58
1754125112.51846,3,-3,-57
1754125112.55446,0,-4,-58
1754125112.59346,0,-1,-64
1754125112.63046,1,-2,-60
1754125112.66946,-8,-10,-66
1754125112.7074602,-1,0,-63
1754125112.74446,3,0,-69
1754125112.78146,3,0,-65
1754125112.8194602,-2,5,-64
1754125112.8584602,6,0,-72
1754125112.8944602,0,1,-70
1754125112.93146,2,6,-67
1754125112.96946,2,3,-62
1754125113.00846,-3,-6,-69
1754125113.04446,-1,0,-68
1754125113.0824602,-3,5,-82
1754125113.12046,-5,2,-70
1754125113.15946,-5,5,-59
1754125113.19546,2,5,-49
1754125113.23246,4,1,-62
1754125113.27046,0,6,-68
1754125113.3094602,8,0,-62
1754125113.3454602,7,4,-65
1754125113.38246,4,0,-67
1754125113.42046,3,0,-60
1754125113.45946,-6,-5,-55
1754125113.49546,0,-1,-60
1754125113.53346,-1,1,-71
1754125113.57146,2,-6,-59
1754125113.60946,-5,-3,-66
1754125113.64846,3,-2,-56
1754125113.6844602,9,3,-63
1754125113.72146,2,0,-62
1754125113.7594602,-4,-6,-64
1754125113.79846,-2,-1,-69
1754125113.83446,0,1,-69
1754125113.8714602,0,-3,-72
1754125113.91046,1,2,-68
1754125113.94846,0,1,-65
1754125113.98446,-3,0,-52
1754125114.02246,1,6,-58
1754125114.06046,2,-1,-68
1754125114.09946,-5,-2,-68
1754125114.13546,-2,1,-49
1754125114.1744602,-7,0,-73
1754125114.21146,6,2,-58
1754125114.25046,5,1,-62
1754125114.28846,7,7,-61
1754125114.32446,7,2,-73
1754125114.36246,-1,-1,-73
1754125114.40046,4,-7,-62
1754125114.43846,0,-1,-64
1754125114.47446,0,-5,-63
1754125114.51246,3,0,-65
1754125114.55046,0,-1,-64
1754125114.58946,-1,-5,-65
1754125114.62546,3,-3,-69
1754125114.66346,0,-9,-69
1754125114.70146,4,0,-65
1754125114.7404602,-2,-4,-70
1754125114.77846,-2,-4,-51
1754125114.81446,0,2,-60
1754125114.85146,1,0,-52
1754125114.89046,4,-10,-52
1754125114.92846,5,-4,-63
1754125114.96446,7,6,-61
1754125115.00146,3,10,-55
1754125115.04046,-5,-3,-60
1754125115.07846,-8,-1,-63
1754125115.11446,3,1,-62
1754125115.1514602,3,2,-62
1754125115.1904602,-8,5,-74
1754125115.22846,3,0,-66
1754125115.26446,-8,-2,-67
1754125115.3024602,-2,2,-56
1754125115.34046,-1,-3,-52
1754125115.37946,-1,-7,-53
1754125115.41546,-3,-1,-63
1754125115.45346,-5,0,-65
1754125115.49146,7,4,-67
1754125115.53046,-5,7,-75
1754125115.56646,1,7,-71
1754125115.60346,0,1,-75
1754125115.6414602,2,6,-70
1754125115.68046,-2,9,-71
1754125115.71646,4,0,-71
1754125115.7534602,1,-2,-71
1754125115.79146,3,-10,-69
1754125115.83046,5,-2,-70
1754125115.86646,0,0,-64
1754125115.90346,-1,0,-63
1754125115.94146,-8,-1,-64
1754125115.9804602,3,-3,-66
1754125116.0164602,1,-6,-63
1754125116.05346,1,-3,-71
1754125116.09146,0,-3,-71
1754125116.13046,0,-3,-69
1754125116.16646,-4,-1,-68
1754125116.20446,-4,1,-55
1754125116.24246,-4,-4,-67
1754125116.28146,1,-6,-57
1754125116.3194602,8,-7,-54
1754125116.3554602,3,-6,-63
1754125116.3944602,6,-3,-62
1754125116.43146,1,0,-62
1754125116.4704602,4,-1,-59
1754125116.5064602,9,-1,-57
1754125116.54446,0,-1,-64
1754125116.5824602,-2,0,-73
1754125116.6214602,-2,3,-68
1754125116.65946,0,0,-57
1754125116.69546,-8,-7,-57
1754125116.7334602,-7,-3,-68
1754125116.77146,2,-7,-57
1754125116.81046,0,-8,-51
1754125116.84646,5,-3,-68
1754125116.8844602,1,0,-71
1754125116.92246,2,2,-57
1754125116.96146,3,1,-59
1754125116.99946,3,-5,-74
1754125117.03546,-4,0,-62
1754125117.07346,-4,-1,-62
1754125117.1114602,4,-2,-63
1754125117.15046,-2,-1,-63
1754125117.18646,-1,2,-67
1754125117.22446,8,3,-69
1754125117.26246,1,-3,-60
1754125117.30146,-4,3,-56
1754125117.33946,-2,1,-54
1754125117.37546,0,4,-58
1754125117.41346,-1,-3,-73
1754125117.45146,10,-1,-69
1754125117.4904602,-3,-8,-67
1754125117.5264602,1,-5,-62
1754125117.56446,0,-3,-60
1754125117.60146,-1,-6,-68
1754125117.64046,4,-8,-63
1754125117.67646,4,-9,-64
1754125117.71446,3,3,-56
1754125117.75246,-1,2,-65
1754125117.79146,1,0,-70
1754125117.82746,2,-3,-62
1754125117.8654602,3,3,-53
1754125117.90346,2,-1,-65
1754125117.94146,3,-4,-71
1754125117.9804602,1,0,-66
1754125118.0164602,7,1,-64
1754125118.05346,-1,-4,-69
1754125118.09146,0,-3,-67
1754125118.13046,-4,-6,-64
1754125118.16646,-4,-3,-64
1754125118.20446,0,-2,-65
1754125118.24246,2,5,-59
1754125118.28146,4,0,-69
1754125118.31746,5,-2,-65
1754125118.35646,-5,6,-66
1754125118.39346,0,0,-59
1754125118.43246,0,2,-65
1754125118.4704602,4,1,-58
1754125118.5064602,3,-7,-57
1754125118.54346,0,-7,-64
1754125118.5824602,-3,-4,-70
1754125118.62646,7,-2,-58
1754125118.6644602,7,1,-55
1754125118.70246,0,2,-56
1754125118.74146,6,-1,-60
1754125118.77746,10,0,-66
1754125118.81446,5,-1,-67
1754125118.85246,1,-2,-54
1754125118.8914602,2,0,-54
1754125118.9274602,6,1,-55
1754125118.96546,3,2,-64
1754125119.0034602,4,1,-64
1754125119.0424602,1,-5,-59
1754125119.08046,-2,-6,-69
1754125119.11646,1,-3,-72
1754125119.1544602,-3,-1,-73
1754125119.19246,-1,-4,-68
1754125119.23146,-3,-5,-72
1754125119.26746,-4,-1,-61
1754125119.30646,-2,7,-59
1754125119.34346,6,2,-74
1754125119.38246,0,-5,-64
1754125119.42046,-3,-6,-49
1754125119.45646,-2,-5,-55
1754125119.49446,-4,-2,-55
1754125119.53346,-3,-2,-60
1754125119.57146,-1,-4,-63
1754125119.6084602,-5,1,-64
1754125119.64546,3,0,-51
1754125119.68346,-3,6,-50
1754125119.72246,2,8,-68
1754125119.75846,0,8,-61
1754125119.79546,0,-2,-65
1754125119.83346,-7,-7,-61
1754125119.87246,-1,4,-70
1754125119.90846,-1,1,-53
1754125119.94646,5,0,-65
1754125119.98446,-9,0,-71
1754125120.02246,-1,-1,-76
1754125120.06146,-1,-2,-81
1754125120.09746,5,-6,-73
1754125120.13546,3,-2,-60
1754125120.17346,-1,1,-55
1754125120.21246,-3,0,-71
1754125120.24846,-1,-4,-72
1754125120.2864602,-3,0,-67
1754125120.32446,-3,6,-76
1754125120.36246,6,-4,-72
1754125120.4014602,4,1,-67
1754125120.4374602,0,0,-72
1754125120.47446,-6,-1,-75
1754125120.5134602,-4,-2,-66
1754125120.55146,-3,0,-64
1754125120.58746,1,-5,-75
1754125120.62546,-3,8,-70
1754125120.66346,-8,4,-77
1754125120.70246,0,1,-61
1754125120.73846,4,-5,-62
1754125120.7764602,-3,-3,-70
1754125120.81446,1,-6,-69
1754125120.85346,1,-4,-58
1754125120.8914602,-3,0,-70
1754125120.9274602,0,-2,-68
1754125120.96646,0,-1,-68
1754125121.0034602,1,-6,-62
1754125121.0424602,0,0,-56
1754125121.07846,3,3,-64
1754125121.11646,4,-1,-68
1754125121.15346,2,-2,-67
1754125121.19246,4,-4,-69
1754125121.22946,1,-5,-78
1754125121.2664602,-1,-1,-76
1754125121.30446,-2,-10,-66
1754125121.34346,6,0,-68
1754125121.3814602,-1,3,-73
1754125121.4174602,0,-1,-59
1754125121.45546,0,-8,-56
1754125121.4934602,-5,-6,-61
1754125121.5324602,-1,-3,-69
1754125121.56846,0,-1,-66
1754125121.60646,-5,-4,-60
1754125121.6444602,-6,-6,-60
1754125121.68346,-6,-1,-66
1754125121.72146,4,-10,-44
1754125121.75746,0,-3,-68
1754125121.79446,-3,7,-60
1754125121.83346,5,0,-64
1754125121.8714602,1,0,-59
1754125121.9074602,2,-1,-59
1754125121.9444602,4,3,-61
1754125121.9834602,-6,-1,-60
1754125122.0194602,-8,0,-55
1754125122.05846,-7,0,-62
1754125122.0954602,-3,4,-73
1754125122.13346,-2,0,-67
1754125122.17246,6,-5,-63
1754125122.20846,5,-5,-63
1754125122.24546,4,1,-65
1754125122.28346,3,3,-67
1754125122.3224602,1,-6,-62
1754125122.3584602,2,-2,-63
1754125122.39646,1,-2,-57
1754125122.4344602,-3,-2,-70
1754125122.47446,0,-5,-59
1754125122.51246,0,-2,-61
1754125122.54846,3,-3,-58
1754125122.58746,-1,-5,-60
1754125122.62446,5,-11,-56
1754125122.66346,0,-3,-61
1754125122.69946,-1,-4,-54
1754125122.73746,0,-3,-66
1754125122.77546,-1,3,-64
1754125122.81346,0,0,-75
1754125122.85246,0,-3,-69
1754125122.8884602,-1,-6,-65
1754125122.92646,10,-2,-77
1754125122.96446,5,-1,-62
1754125123.0034602,6,2,-61
1754125123.0394602,2,-4,-53
1754125123.07846,1,-3,-57
1754125123.1154602,1,-2,-59
1754125123.1544602,-4,-1,-63
1754125123.19246,0,-6,-70
1754125123.22846,-1,1,-68
1754125123.2664602,0,-9,-63
1754125123.30446,-3,-6,-77
1754125123.34346,1,-2,-74
1754125123.37946,0,-2,-67
1754125123.4174602,-6,-4,-55
1754125123.45546,-1,-5,-67
1754125123.49446,3,-1,-71
1754125123.5324602,5,6,-65
1754125123.56846,1,7,-59
1754125123.6054602,7,0,-54
1754125123.6444602,4,-1,-69
1754125123.68246,3,2,-59
1754125123.71846,5,1,-66
1754125123.75546,3,0,-67
1754125123.79446,-4,3,-62
1754125123.8324602,0,5,-55
1754125123.8684602,-3,-6,-56
1754125123.9074602,-4,-4,-53
1754125123.9444602,-1,-4,-56
1754125123.9834602,-5,3,-58
1754125124.0194602,-8,3,-64
1754125124.05746,2,2,-64
1754125124.0954602,-1,-3,-67
1754125124.1344602,2,-8,-69
1754125124.17246,0,-6,-68
1754125124.20946,5,-9,-72
1754125124.2464602,6,-6,-64
1754125124.28446,3,0,-66
1754125124.32346,6,1,-65
1754125124.35946,3,-3,-69
1754125124.39746,2,-6,-62
1754125124.43646,0,1,-70
1754125124.47446,-4,-3,-71
1754125124.51046,-2,-1,-67
1754125124.54846,-2,2,-64
1754125124.58646,-1,-2,-66
1754125124.62446,-3,-2,-64
1754125124.66346,-2,-6,-56
1754125124.69946,-11,0,-62
1754125124.7364602,-2,2,-53
1754125124.77446,4,-2,-60
1754125124.81346,-1,0,-58
1754125124.84946,2,-4,-64
1754125124.88646,-6,0,-63
1754125124.9244602,-5,-4,-59
1754125124.9634602,-1,1,-64
1754125124.99946,-3,-1,-75
1754125125.03746,-2,-6,-79
1754125125.0754602,-2,-2,-75
1754125125.11446,6,-1,-65
1754125125.15046,-2,-2,-63
1754125125.18946,-6,1,-67
1754125125.22746,-5,-4,-64
1754125125.26446,-3,1,-67
1754125125.30346,-1,-1,-61
1754125125.33946,-2,-5,-68
1754125125.37746,-9,0,-75
1754125125.41546,-2,3,-66
1754125125.45446,-2,5,-61
1754125125.4904602,-4,5,-49
1754125125.52846,-3,7,-64
1754125125.56646,-4,0,-67
1754125125.6054602,0,0,-69
1754125125.64346,-2,1,-74
1754125125.67946,-5,1,-75
1754125125.71646,1,1,-50
1754125125.75546,0,-5,-53
1754125125.79346,0,5,-65
1754125125.82946,3,8,-63
1754125125.86746,2,-2,-67
1754125125.90546,-3,-3,-69
1754125125.94346,-8,2,-59
1754125125.97946,-2,3,-58
1754125126.01746,0,5,-62
1754125126.05546,-8,2,-60
1754125126.09346,-9,2,-69
1754125126.12946,-6,3,-56
1754125126.16646,-6,-5,-60
1754125126.20546,-8,-1,-54
1754125126.2434602,-5,5,-65
1754125126.2794602,-4,2,-61
1754125126.31746,-7,5,-63
1754125126.3554602,-3,2,-65
1754125126.3944602,0,2,-57
1754125126.43046,-7,-2,-58
1754125126.46846,-1,-1,-65
1754125126.5064602,7,0,-71
1754125126.54546,3,-3,-67
1754125126.58146,-5,5,-64
1754125126.61946,4,2,-67
1754125126.6574602,7,0,-67
1754125126.69546,6,0,-56
1754125126.73446,-1,-11,-67
1754125126.77046,4,-4,-70
1754125126.80846,-2,-1,-73
1754125126.84646,1,2,-79
1754125126.88546,-5,1,-71
1754125126.9214602,5,3,-69
1754125126.95946,0,1,-69
1754125126.9964602,0,-4,-66
1754125127.03546,8,0,-56
1754125127.07146,9,-7,-55
1754125127.10946,-5,-6,-59
1754125127.14746,-3,0,-60
1754125127.18546,0,-4,-53
1754125127.22446,-1,0,-64
1754125127.26046,-1,4,-71
1754125127.29846,-3,-4,-62
1754125127.33646,-1,-7,-59
1754125127.37546,0,-7,-62
1754125127.4114602,0,-9,-74
1754125127.44846,-1,-6,-66
1754125127.4864602,-8,0,-70
1754125127.52546,-1,0,-70
1754125127.56146,1,-2,-59
1754125127.5984602,-1,2,-61
1754125127.63646,0,-1,-52
1754125127.67546,-2,0,-63
1754125127.71146,-1,5,-64
1754125127.74946,-2,2,-74
1754125127.78846,5,1,-68
1754125127.82646,1,0,-66
1754125127.86446,0,-2,-60
1754125127.90046,-2,0,-58
1754125127.93846,0,1,-59
1754125127.97646,5,-1,-63
1754125128.01546,-2,2,-54
1754125128.05146,-5,-3,-56
1754125128.08946,-5,-4,-64
1754125128.12746,-4,-5,-60
1754125128.16646,-1,-4,-59
1754125128.20446,-12,1,-62
1754125128.2404602,-4,0,-69
1754125128.27846,0,-3,-69
1754125128.31746,5,2,-66
1754125128.3554602,-2,-1,-72
1754125128.3914602,7,0,-66
1754125128.42846,5,-3,-70
1754125128.4674602,5,1,-79
1754125128.50546,3,-2,-58
1754125128.54146,3,-3,-60
1754125128.57946,5,1,-66
1754125128.61746,-2,1,-75
1754125128.66246,-2,5,-62
1754125128.7004602,3,0,-69
1754125128.73746,3,0,-72
1754125128.7764602,-2,-3,-71
1754125128.81446,-4,-3,-61
1754125128.85146,-3,-3,-55
1754125128.89046,-1,0,-59
1754125128.9274602,3,-3,-49
1754125128.96646,0,3,-57
1754125129.00246,0,3,-58
1754125129.04146,0,3,-66
1754125129.07846,-11,1,-56
1754125129.11646,-9,-4,-66
1754125129.15546,-2,0,-65
1754125129.19146,-5,2,-68
1754125129.22946,-7,2,-58
1754125129.26746,-3,0,-60
1754125129.30646,0,-5,-70
1754125129.3424602,1,-4,-66
1754125129.38046,-5,1,-69
1754125129.41846,-2,8,-75
1754125129.45646,5,2,-67
1754125129.49546,-4,-1,-59
1754125129.53146,4,1,-46
1754125129.56846,1,5,-52
1754125129.60746,0,-4,-69
1754125129.64546,2,0,-66
1754125129.68146,-6,0,-61
1754125129.7204602,0,-4,-56
1754125129.75746,-7,-4,-71
1754125129.7964602,0,-2,-66
1754125129.83346,4,-7,-56
1754125129.87046,-9,-13,-72
1754125129.90846,-3,-1,-70
1754125129.9474602,2,5,-71
1754125129.98546,2,7,-68
1754125130.02146,5,2,-68
1754125130.0594602,1,-3,-63
1754125130.09746,0,-1,-67
1754125130.13646,0,-1,-66
1754125130.17246,-5,0,-59
1754125130.2104602,-6,-10,-60
1754125130.24846,-3,-6,-64
1754125130.28746,-2,5,-60
1754125130.3254602,-2,4,-70
1754125130.3614602,-7,-3,-77
1754125130.39946,0,1,-59
1754125130.4374602,9,0,-60
1754125130.47646,7,-4,-66
1754125130.51246,0,-5,-69
1754125130.5494602,0,-4,-69
1754125130.58746,-6,0,-67
1754125130.62646,-9,2,-69
1754125130.66246,-7,0,-72
1754125130.7004602,-5,2,-67
1754125130.73846,-7,3,-71
1754125130.77746,4,-5,-56
1754125130.8154602,5,10,-61
1754125130.85146,1,3,-67
1754125130.8884602,1,4,-65
1754125130.9274602,-7,4,-65
1754125130.96546,-2,0,-67
1754125131.00146,0,0,-63
1754125131.03846,3,0,-61
1754125131.07746,3,-1,-62
1754125131.1154602,3,1,-61
1754125131.1514602,6,-2,-62
1754125131.1904602,-1,3,-57
1754125131.22746,-2,-1,-60
1754125131.2664602,1,5,-68
1754125131.3024602,1,0,-67
1754125131.33946,5,1,-62
1754125131.37746,0,-2,-61
1754125131.41646,2,-6,-51
1754125131.45246,-1,-8,-59
1754125131.4904602,0,3,-58
1754125131.52846,0,5,-73
1754125131.56746,1,-1,-66
1754125131.60346,-5,-2,-56
1754125131.6414602,-6,-2,-57
1754125131.67946,2,2,-55
1754125131.7174602,-1,0,-65
1754125131.7564602,1,0,-65
1754125131.7924602,-5,7,-67
1754125131.83046,-6,1,-47
1754125131.8684602,2,0,-54
1754125131.9074602,3,-6,-59
1754125131.94346,-2,-5,-74
1754125131.98146,2,0,-68
1754125132.0194602,0,-4,-61
1754125132.05746,4,-5,-63
1754125132.09646,-1,-1,-64
1754125132.13246,-8,-1,-56
1754125132.17046,0,-2,-58
1754125132.20846,0,-1,-57
1754125132.24746,2,-2,-61
1754125132.28446,-3,-2,-60
1754125132.32146,-5,-6,-62
1754125132.35946,1,-5,-62
1754125132.39846,0,4,-56
1754125132.43646,-3,0,-64
1754125132.47246,0,0,-66
1754125132.5094602,-3,-1,-69
1754125132.54846,-5,-3,-64
1754125132.58646,-2,-4,-66
1754125132.62246,-4,2,-72
1754125132.65946,-3,-1,-68
1754125132.69846,-2,-2,-61
1754125132.7364602,7,-3,-57
1754125132.77246,-2,0,-47
1754125132.8094602,0,1,-67
1754125132.8484602,-5,0,-71
1754125132.88646,6,0,-64
1754125132.92246,0,-2,-66
1754125132.9604602,-1,-9,-63
1754125132.99846,-3,-4,-78
1754125133.03746,-1,-2,-52
1754125133.07446,1,0,-56
1754125133.1114602,0,-8,-48
1754125133.14946,-7,-3,-54
1754125133.18846,0,-1,-61
1754125133.22646,0,1,-58
1754125133.26246,7,5,-60
1754125133.2994602,-3,5,-66
1754125133.3384602,-2,3,-77
1754125133.37646,2,1,-68
1754125133.41246,6,1,-55
1754125133.44946,1,5,-59
1754125133.48846,2,6,-60
1754125133.52446,0,4,-64
1754125133.56146,-9,2,-55
1754125133.59946,-8,5,-63
1754125133.6384602,-2,-2,-67
1754125133.6744602,0,7,-70
1754125133.71146,2,3,-63
1754125133.74946,4,-3,-52
1754125133.78846,7,-4,-65
1754125133.82446,10,-8,-65
1754125133.86246,4,-8,-62
1754125133.90046,-5,0,-67
1754125133.93846,-3,0,-50
1754125133.97746,-6,-2,-51
1754125134.0134602,-7,-4,-57
1754125134.05146,-5,6,-53
1754125134.08946,-9,-1,-67
1754125134.1284602,-7,-3,-67
1754125134.1644602,-2,-3,-62
1754125134.20246,-1,-2,-63
1754125134.24146,-6,4,-60
1754125134.27846,-3,2,-63
1754125134.31746,-14,-1,-62
1754125134.35346,-8,-2,-51
1754125134.3914602,-7,-1,-57
1754125134.43046,-4,0,-47
1754125134.46846,-3,2,-63
1754125134.50446,-7,3,-65
1754125134.54146,-6,0,-71
1754125134.57946,-4,-4,-63
1754125134.6184602,5,-2,-74
1754125134.6544602,1,-1,-67
1754125134.69246,0,-6,-60
1754125134.7304602,-8,-7,-61
1754125134.7694602,-1,0,-59
1754125134.80746,-3,2,-64
1754125134.84346,1,0,-60
1754125134.88046,2,0,-67
1754125134.91946,-5,-6,-62
1754125134.9574602,0,-7,-63
1754125134.9934602,-3,-6,-63
1754125135.03146,-2,2,-59
1754125135.0694602,2,-1,-60
1754125135.1084602,-1,-4,-67
1754125135.1444602,-4,0,-73
1754125135.18346,4,0,-75
1754125135.2204602,-3,-4,-80
1754125135.2594602,-5,1,-66
1754125135.29746,-1,0,-61
1754125135.33346,4,0,-61
1754125135.37046,4,-1,-56
1754125135.40946,-1,-2,-60
1754125135.4474602,-1,-1,-70
1754125135.4834602,0,-5,-66
1754125135.52046,3,0,-76
1754125135.5594602,-8,0,-65
1754125135.59746,-3,0,-62
1754125135.63346,2,6,-66
1754125135.67046,-1,4,-65
1754125135.70946,0,6,-62
1754125135.74746,0,-3,-63
1754125135.78346,8,0,-69
1754125135.82146,0,0,-64
1754125135.85946,5,-2,-70
1754125135.89846,1,0,-73
1754125135.9344602,3,0,-72
1754125135.97146,1,0,-77
1754125136.0094602,2,7,-63
1754125136.04846,-1,6,-58
1754125136.08446,0,1,-56
1754125136.12346,4,-1,-73
1754125136.16046,0,0,-68
1754125136.19946,8,1,-78
1754125136.23546,8,-2,-68
1754125136.27346,4,-1,-69
1754125136.3124602,1,-10,-65
1754125136.34946,6,-5,-63
1754125136.3884602,0,1,-76
1754125136.4244602,-2,4,-61
1754125136.46246,2,1,-59
1754125136.50046,0,-4,-65
1754125136.5394602,-5,-1,-65
1754125136.5754602,-1,-1,-69
1754125136.61346,-8,4,-66
1754125136.6514602,-10,-3,-66
1754125136.68946,-4,-4,-53
1754125136.72846,2,0,-59
1754125136.76446,3,-7,-69
1754125136.80146,0,-1,-59
1754125136.84046,1,-4,-81
1754125136.8784602,0,-6,-67
1754125136.9144602,0,-3,-78
1754125136.95246,0,0,-76
1754125136.9904602,0,3,-68
1754125137.0294602,2,1,-63
1754125137.0654602,4,2,-66
1754125137.10246,-1,1,-69
1754125137.14046,-3,-3,-63
1754125137.17946,-4,0,-67
1754125137.21546,-3,-7,-65
1754125137.2534602,-3,-5,-66
1754125137.29146,-5,0,-62
1754125137.33046,-8,-1,-61
1754125137.3684602,-2,-2,-54
1754125137.4044602,0,-3,-61
1754125137.44346,2,-8,-68
1754125137.4804602,-5,-6,-61
1754125137.5194602,3,-4,-71
1754125137.55546,7,0,-82
1754125137.5924602,1,-4,-57
1754125137.6314602,-1,0,-67
1754125137.66946,8,-3,-58
1754125137.70546,-2,3,-65
1754125137.74446,-4,4,-69
1754125137.78146,-7,-1,-63
1754125137.82046,-2,-4,-63
1754125137.8584602,0,-1,-65
1754125137.8944602,0,-5,-74
1754125137.93246,-2,-6,-72
1754125137.9704602,-4,0,-69
1754125138.0094602,-8,5,-70
1754125138.04546,-12,2,-62
1754125138.08346,-5,-3,-66
1754125138.1214602,-7,0,-68
1754125138.16046,-3,2,-71
1754125138.19646,-3,1,-59
1754125138.23546,1,0,-57
1754125138.27246,-7,2,-55
1754125138.31046,5,4,-69
1754125138.34946,-1,0,-68
1754125138.38546,-6,0,-63
1754125138.42346,-5,0,-65
1754125138.46146,0,6,-71
1754125138.50046,-9,-7,-71
1754125138.5364602,-2,-5,-63
1754125138.57446,-1,-1,-68
1754125138.61246,0,3,-66
1754125138.65046,4,0,-53
1754125138.6944602,9,1,-54
1754125138.73246,2,3,-58
1754125138.77146,0,9,-65
1754125138.8094602,6,4,-75
1754125138.84646,0,-1,-70
1754125138.88346,-4,4,-69
1754125138.92246,-5,1,-59
1754125138.9604602,-15,0,-60
1754125138.99946,-8,2,-75
1754125139.03546,2,-2,-73
1754125139.07346,0,-9,-66
1754125139.1114602,0,-4,-72
1754125139.15046,2,-4,-75
1754125139.18646,4,-2,-61
1754125139.22446,3,-1,-71
1754125139.26246,-3,-1,-65
1754125139.30146,3,-2,-73
1754125139.33946,3,5,-70
1754125139.37546,1,1,-63
1754125139.41246,0,2,-55
1754125139.45146,4,2,-56
1754125139.48946,7,2,-74
1754125139.52546,-4,3,-71
1754125139.56346,0,5,-63
1754125139.60146,1,10,-56
1754125139.64046,5,-2,-55
1754125139.67646,5,0,-71
1754125139.7134602,1,-4,-78
1754125139.75146,-3,-7,-71
1754125139.79046,-6,-6,-60
1754125139.82646,-6,-1,-67
1754125139.86446,0,2,-77
1754125139.90246,1,1,-68
1754125139.94146,-3,-4,-78
1754125139.97946,1,0,-63
1754125140.01546,2,-3,-69
1754125140.05346,5,0,-70
1754125140.09146,-1,5,-66
1754125140.13046,-1,-5,-65
1754125140.16646,0,-6,-63
1754125140.20446,8,0,-66
1754125140.2434602,3,-4,-54
1754125140.28146,11,-5,-62
1754125140.31746,9,2,-54
1754125140.35446,8,4,-62
1754125140.39346,-3,6,-77
1754125140.43146,-4,-1,-69
1754125140.4674602,-1,0,-64
1754125140.50446,-7,1,-66
1754125140.54346,-1,-5,-78
1754125140.58146,0,-4,-72
1754125140.61746,1,0,-58
1754125140.6544602,-2,-1,-61
1754125140.69346,-2,3,-60
1754125140.73146,2,2,-68
1754125140.76746,3,0,-71
1754125140.80446,8,-6,-64
1754125140.8424602,3,-11,-65
1754125140.8814602,6,-5,-62
1754125140.9174602,7,-2,-63
1754125140.95446,1,-5,-61
1754125140.99246,-12,-2,-62
1754125141.03146,1,2,-71
1754125141.06746,0,0,-58
1754125141.10446,4,-2,-67
1754125141.14246,-2,0,-71
1754125141.18146,7,2,-72
1754125141.2174602,2,4,-73
1754125141.25546,0,2,-52
1754125141.29346,-8,-3,-59
1754125141.3324602,-4,-2,-54
1754125141.37046,4,-4,-52
1754125141.40646,5,-7,-73
1754125141.4444602,4,-10,-76
1754125141.48246,-5,-8,-68
1754125141.52146,-1,-9,-66
1754125141.55746,-3,-5,-49
1754125141.59646,1,1,-64
1754125141.63346,4,-2,-67
1754125141.67246,-1,2,-70
1754125141.7104602,0,4,-79
1754125141.7464602,-1,1,-69
1754125141.78446,-8,-4,-65
1754125141.8224602,-3,-4,-71
1754125141.8614602,-1,-2,-65
1754125141.89746,-3,-2,-70
1754125141.93546,-3,-3,-64
1754125141.97446,0,-3,-65
1754125142.01246,0,2,-51
1754125142.05046,1,2,-57
1754125142.08646,2,-2,-61
1754125142.12446,1,-3,-60
1754125142.16246,0,-2,-58
1754125142.20146,4,0,-52
1754125142.23746,0,2,-54
1754125142.27546,-1,7,-64
1754125142.31346,-2,1,-66
1754125142.35246,2,-2,-72
1754125142.39046,-9,3,-69
1754125142.42646,-3,0,-63
1754125142.46446,-1,-5,-69
1754125142.50246,-4,1,-67
1754125142.54146,-6,9,-67
1754125142.57746,-3,1,-69
1754125142.6154602,-3,-3,-69
1754125142.65346,-2,0,-64
1754125142.69246,4,5,-65
1754125142.72846,-5,3,-57
1754125142.7664602,2,-4,-67
1754125142.80346,0,2,-56
1754125142.8424602,0,-2,-52
1754125142.8784602,-4,-7,-59
1754125142.91646,0,2,-54
1754125142.95446,-6,1,-60
1754125142.99246,1,0,-62
1754125143.03146,1,0,-66
1754125143.06746,-1,2,-69
1754125143.1054602,-2,2,-67
1754125143.14346,-5,-1,-73
1754125143.18246,4,-1,-70
1754125143.21846,-1,4,-61
1754125143.25746,-10,7,-69
1754125143.29446,-8,-3,-67
1754125143.33346,4,-7,-68
1754125143.3714602,10,-4,-71
1754125143.4074602,3,-7,-71
1754125143.44546,4,3,-69
1754125143.4834602,8,7,-60
1754125143.52246,-5,0,-59
1754125143.55846,1,0,-58
1754125143.5954602,-5,1,-64
1754125143.63346,-3,0,-64
1754125143.67246,-2,0,-49
1754125143.70846,-6,5,-64
1754125143.7464602,-5,-2,-71
1754125143.78446,0,0,-65
1754125143.82346,2,3,-66
1754125143.8614602,-1,0,-64
1754125143.89746,0,-1,-61
1754125143.93646,-2,-1,-65
1754125143.9734602,5,5,-65
1754125144.01246,-2,4,-66
1754125144.04846,0,7,-77
1754125144.08646,-2,3,-74
1754125144.12546,-5,2,-68
1754125144.16346,4,0,-57
1754125144.20146,4,1,-66
1754125144.23746,9,2,-63
1754125144.27546,0,2,-52
1754125144.31346,3,-1,-58
1754125144.35146,2,-5,-68
1754125144.38746,-4,-7,-60
1754125144.42546,-2,-1,-63
1754125144.4634602,6,-3,-74
1754125144.50246,-5,-2,-61
1754125144.53846,-5,0,-57
1754125144.5754602,-4,3,-72
1754125144.61346,0,5,-73
1754125144.65246,2,-3,-55
1754125144.68846,1,2,-63
1754125144.72546,4,1,-57
1754125144.7634602,5,0,-62
1754125144.8024602,0,-8,-63
1754125144.8384602,0,-11,-60
1754125144.87546,4,-12,-67
1754125144.91346,4,-3,-65
1754125144.95246,4,-2,-71
1754125144.98846,0,-1,-69
1754125145.02546,-5,0,-76
1754125145.06346,-2,-4,-60
1754125145.10246,-6,0,-64
1754125145.1384602,2,1,-57
1754125145.17546,0,0,-68
1754125145.2134602,3,3,-72
1754125145.25246,3,-3,-68
1754125145.28846,-1,-5,-67
1754125145.32646,6,2,-63
1754125145.3654602,0,-5,-57
1754125145.40346,3,0,-59
1754125145.43946,0,-2,-61
1754125145.47846,0,1,-55
1754125145.51546,4,0,-62
1754125145.55346,5,1,-66
1754125145.5924602,-6,-3,-66
1754125145.6284602,-6,-4,-76
1754125145.66646,-2,1,-69
1754125145.70446,-10,-4,-69
1754125145.7434602,-7,-4,-67
1754125145.7794602,3,-5,-56
1754125145.81746,4,0,-65
1754125145.8554602,-4,3,-64
1754125145.8944602,1,1,-57
1754125145.93246,1,0,-66
1754125145.96846,1,-2,-75
1754125146.00546,-2,0,-56
1754125146.04446,0,-2,-51
1754125146.0824602,1,-3,-52
1754125146.1184602,0,-3,-59
1754125146.15546,0,3,-66
1754125146.1944602,1,0,-69
1754125146.23246,-4,2,-60
1754125146.26846,-5,4,-60
1754125146.30646,-2,-1,-62
1754125146.3454602,3,-1,-65
1754125146.38346,9,2,-69
1754125146.41946,9,-3,-59
1754125146.45646,6,-2,-62
1754125146.49446,0,0,-62
1754125146.53346,4,-9,-74
1754125146.5694602,7,0,-74
1754125146.60646,9,4,-61
1754125146.6444602,1,-6,-58
1754125146.68346,-5,0,-74
1754125146.71946,-2,5,-80
1754125146.75746,-3,2,-63
1754125146.79546,1,-1,-61
1754125146.83446,8,0,-69
1754125146.87246,-2,-2,-67
1754125146.90846,1,-4,-77
1754125146.94646,-2,0,-66
1754125146.98446,-1,-2,-70
1754125147.02346,5,0,-68
1754125147.0594602,8,1,-72
1754125147.09746,6,0,-66
1754125147.13546,0,0,-53
1754125147.1744602,2,-1,-61
1754125147.2104602,0,0,-73
1754125147.24746,0,3,-64
1754125147.28546,0,-1,-70
1754125147.32446,0,0,-66
1754125147.36046,0,2,-66
1754125147.39746,7,-3,-66
1754125147.43546,8,1,-65
1754125147.47446,-1,-3,-64
1754125147.51046,-1,0,-66
1754125147.54846,7,0,-67
1754125147.58646,-5,0,-59
1754125147.62446,-1,-2,-65
1754125147.66346,-6,1,-68
1754125147.69946,-3,2,-67
1754125147.7364602,4,-5,-69
1754125147.77446,6,-10,-69
1754125147.81346,3,-1,-72
1754125147.84946,7,3,-67
1754125147.88646,5,0,-62
1754125147.9244602,3,-3,-62
1754125147.9634602,0,6,-68
1754125147.99946,0,2,-65
1754125148.0364602,-9,-5,-63
1754125148.07446,3,-2,-76
1754125148.11346,10,0,-61
1754125148.14946,4,-2,-59
1754125148.1874602,3,2,-62
1754125148.22546,3,1,-57
1754125148.26446,1,-3,-62
1754125148.30046,1,-2,-66
1754125148.3384602,-5,4,-65
1754125148.37646,-5,0,-62
1754125148.41546,0,4,-61
1754125148.45346,-2,6,-63
1754125148.48946,-1,6,-62
1754125148.52846,-4,6,-59
1754125148.5654602,-1,-7,-58
1754125148.60446,4,1,-61
1754125148.64046,0,-9,-70
1754125148.67846,0,-5,-67
1754125148.72446,5,-7,-66
1754125148.76046,1,-7,-66
1754125148.79846,-2,-1,-65
1754125148.83646,-3,1,-76
1754125148.87546,2,-2,-66
1754125148.91346,1,0,-77
1754125148.94946,3,-2,-74
1754125148.98746,-2,1,-59
1754125149.02546,-4,-1,-62
1754125149.06446,-2,-3,-60
1754125149.10046,-2,-4,-64
1754125149.1384602,5,-4,-57
1754125149.17646,-3,-3,-60
1754125149.21546,-3,-4,-61
1754125149.2534602,0,-8,-65
1754125149.2894602,-2,-4,-69
1754125149.32746,-5,-5,-62
1754125149.3654602,0,-2,-56
1754125149.4044602,1,3,-64
1754125149.4404602,4,3,-60
1754125149.47846,4,5,-62
1754125149.5164602,0,2,-68
1754125149.55546,-6,-3,-70
1754125149.59146,-2,-3,-76
1754125149.62946,-4,2,-69
1754125149.66846,0,0,-69
1754125149.70646,-4,-3,-68
1754125149.74446,0,-2,-60
1754125149.78046,1,-4,-64
1754125149.8194602,5,-2,-62
1754125149.85746,10,5,-79
1754125149.89546,4,0,-74
1754125149.93146,6,2,-73
1754125149.96946,6,-9,-64
1754125150.00746,3,-6,-73
1754125150.04546,0,-2,-80
1754125150.08446,5,0,-76
1754125150.1214602,0,1,-72
1754125150.15946,4,2,-72
1754125150.1974602,3,3,-65
1754125150.23546,3,-4,-61
1754125150.27446,2,-5,-65
1754125150.31046,-5,-1,-72
1754125150.3484602,0,0,-66
1754125150.38646,-3,4,-62
1754125150.42546,4,14,-63
1754125150.46146,0,15,-82
1754125150.49846,1,6,-68
1754125150.5364602,0,1,-71
1754125150.5754602,-5,-6,-69
1754125150.6114602,-3,-6,-65
1754125150.64946,0,-4,-66
1754125150.6874602,-3,-6,-61
1754125150.72646,4,-7,-59
1754125150.76446,1,-4,-64
1754125150.80046,0,2,-58
1754125150.83946,6,2,-69
1754125150.87646,0,-1,-75
1754125150.91546,-8,0,-67
1754125150.95146,-3,0,-61
1754125150.98946,1,-6,-65
1754125151.0264602,7,-9,-72
1754125151.0654602,1,-1,-67
1754125151.10146,-6,-9,-60
1754125151.13946,0,1,-65
1754125151.1774602,9,0,-78
1754125151.21646,0,-5,-68
1754125151.25446,1,0,-68
1754125151.29046,-2,2,-68
1754125151.32846,-2,1,-69
1754125151.36646,1,9,-65
1754125151.40546,0,-2,-68
1754125151.44146,1,2,-69
1754125151.47846,0,-2,-66
1754125151.5164602,-7,-1,-69
1754125151.55546,6,-4,-60
1754125151.59146,-4,0,-71
1754125151.62946,0,7,-69
1754125151.6674602,2,1,-60
1754125151.70646,-4,6,-70
1754125151.74446,-7,-6,-66
1754125151.78046,-4,-7,-71
1754125151.81846,-7,-8,-63
1754125151.85746,0,-6,-72
1754125151.8944602,2,-8,-66
1754125151.93046,3,-4,-72
1754125151.96846,1,0,-61
1754125152.00746,2,0,-58
1754125152.04546,2,-5,-58
1754125152.08146,0,0,-55
1754125152.1184602,5,-7,-79
1754125152.15646,-2,-3,-74
1754125152.19546,7,6,-55
1754125152.23146,3,8,-62
1754125152.26846,-2,-2,-72
1754125152.30746,0,-4,-65
1754125152.3454602,0,-3,-63
1754125152.3814602,5,-1,-60
1754125152.41846,2,-9,-69
1754125152.4574602,2,-1,-61
1754125152.49546,0,-2,-70
1754125152.53146,3,1,-65
1754125152.56846,1,5,-76
1754125152.60746,-1,-1,-71
1754125152.64546,0,-1,-60
1754125152.68146,2,0,-56
1754125152.71846,-4,-1,-65
1754125152.75746,4,-2,-58
1754125152.79546,1,-3,-68
1754125152.83146,7,4,-68
1754125152.8684602,9,0,-70
1754125152.9074602,5,4,-73
1754125152.94546,7,0,-82
1754125152.98146,3,0,-74
1754125153.0194602,5,1,-76
1754125153.05746,-1,-5,-81
1754125153.09646,0,-2,-68
1754125153.13246,-3,-5,-74
1754125153.17046,0,3,-68
1754125153.20846,0,7,-68
1754125153.24746,7,0,-68
1754125153.28546,2,-2,-63
1754125153.32146,0,-1,-65
1754125153.35946,2,-1,-71
1754125153.39846,0,2,-72
1754125153.43646,0,1,-68
1754125153.47246,-12,-1,-67
1754125153.51046,-9,3,-61
1754125153.54846,-1,-2,-53
1754125153.58746,-2,2,-60
1754125153.62546,-5,-2,-66
1754125153.6614602,2,-1,-62
1754125153.69846,7,-1,-66
1754125153.73746,1,3,-67
1754125153.77546,2,-5,-57
1754125153.81146,-5,0,-53
1754125153.84946,0,2,-65
1754125153.88746,0,0,-62
1754125153.92646,3,3,-68
1754125153.96246,4,0,-69
1754125154.00146,2,-8,-65
1754125154.03846,0,-2,-76
1754125154.07746,2,-8,-70
1754125154.11346,0,-2,-68
1754125154.1514602,0,-9,-61
1754125154.1904602,-2,-3,-60
1754125154.22746,6,-4,-58
1754125154.2664602,3,0,-57
1754125154.3024602,-3,-2,-57
1754125154.34046,1,1,-55
1754125154.3784602,1,8,-64
1754125154.4174602,-4,-3,-73
1754125154.45346,-2,-9,-68
1754125154.49146,-4,0,-63
1754125154.5294602,9,0,-62
1754125154.56846,-3,3,-67
1754125154.60646,-7,3,-64
1754125154.64346,-3,1,-60
1754125154.68046,-3,-1,-58
1754125154.71846,-1,-2,-61
1754125154.75746,-3,1,-70
1754125154.79346,0,-4,-63
1754125154.83146,5,0,-65
1754125154.8684602,3,0,-74
1754125154.9074602,0,0,-73
1754125154.94346,4,-10,-65
1754125154.98146,-3,-5,-58
1754125155.0194602,2,-5,-69
1754125155.05846,4,-3,-74
1754125155.09646,8,0,-71
1754125155.13246,3,6,-71
1754125155.17046,1,4,-71
1754125155.20846,-1,5,-73
1754125155.24746,1,2,-60
1754125155.28346,3,-1,-56
1754125155.32146,0,-3,-51
1754125155.35946,-6,0,-57
1754125155.39846,-4,2,-59
1754125155.43646,-1,-1,-65
1754125155.47246,0,-1,-70
1754125155.51046,-7,0,-60
1754125155.5494602,3,1,-70
1754125155.58746,3,-1,-62
1754125155.62346,-1,0,-69
1754125155.6614602,-6,0,-69
1754125155.69946,1,0,-72
1754125155.73846,0,3,-66
1754125155.7764602,-3,0,-66
1754125155.8124602,-4,-5,-62
1754125155.85046,-1,0,-60
1754125155.8884602,-6,-10,-55
1754125155.9274602,-2,-6,-69
1754125155.9634602,3,-1,-55
1754125156.00146,-2,0,-64
1754125156.04046,-2,0,-59
1754125156.07846,0,5,-76
1754125156.11646,-3,-6,-74
1754125156.15246,0,-1,-69
1754125156.1904602,-3,-1,-71
1754125156.22846,1,-3,-63
1754125156.2664602,2,0,-68
1754125156.3024602,4,0,-54
1754125156.34046,-4,-3,-59
1754125156.3784602,-3,5,-67
1754125156.4144602,-5,0,-52
1754125156.45246,1,-3,-58
1754125156.4904602,-4,-1,-54
1754125156.52846,-6,2,-54
1754125156.56746,-5,-3,-60
1754125156.60346,-5,-2,-68
1754125156.6414602,-5,-4,-65
1754125156.67946,0,-3,-69
1754125156.71846,-4,-2,-65
1754125156.75446,-6,1,-71
1754125156.7924602,-13,5,-60
1754125156.83146,-6,0,-62
1754125156.8684602,5,-7,-60
1754125156.9074602,-6,-3,-63
1754125156.94346,0,-2,-67
1754125156.98146,-2,-3,-57
1754125157.0194602,2,-4,-61
1754125157.05846,6,-6,-67
1754125157.09446,0,-3,-70
1754125157.13246,-1,-2,-69
1754125157.17046,-7,-5,-73
1754125157.20846,-2,-13,-78
1754125157.24746,-1,-5,-74
1754125157.28346,-3,-6,-71
1754125157.32146,-5,-5,-64
1754125157.36046,-1,-8,-71
1754125157.39846,0,-2,-69
1754125157.4344602,0,-3,-67
1754125157.47146,-7,0,-63
1754125157.51046,-1,1,-67
1754125157.54846,4,-2,-70
1754125157.58446,0,-4,-63
1754125157.6214602,2,-4,-56
1754125157.66046,-2,-4,-57
1754125157.69846,0,-5,-48
1754125157.73446,0,2,-59
1754125157.77146,1,2,-65
1754125157.81046,1,0,-69
1754125157.8484602,-4,-5,-77
1754125157.8844602,4,-7,-71
1754125157.9214602,-1,2,-63
1754125157.9604602,-3,6,-60
1754125157.99846,0,0,-58
1754125158.03446,0,3,-59
1754125158.07146,-2,4,-69
1754125158.11046,2,2,-69
1754125158.14846,-5,0,-66
1754125158.1844602,6,2,-61
1754125158.22146,6,1,-64
1754125158.26046,0,2,-67
1754125158.29846,3,1,-69
1754125158.33446,-1,-6,-72
1754125158.37346,1,-6,-65
1754125158.41046,0,0,-72
1754125158.44946,0,-1,-72
1754125158.48746,0,-4,-73
1754125158.52346,-3,2,-67
1754125158.56146,1,5,-68
1754125158.59946,3,2,-61
1754125158.6384602,8,0,-59
1754125158.6744602,0,2,-63
1754125158.71146,-5,0,-53
1754125158.75546,-3,-5,-62
1754125158.79346,0,-6,-67
1754125158.83146,0,0,-73
1754125158.86946,3,-3,-72
1754125158.90846,0,-3,-74
1754125158.9444602,-1,0,-71
1754125158.98246,-2,0,-68
1754125159.02046,0,3,-49
1754125159.0594602,-1,3,-52
1754125159.0954602,0,3,-56
1754125159.1344602,0,-1,-62
1754125159.1714602,6,-1,-69
1754125159.20946,1,-2,-68
1754125159.24846,3,1,-67
1754125159.28446,0,-1,-68
1754125159.3224602,2,-1,-68
1754125159.36046,-1,2,-57
1754125159.39946,0,2,-66
1754125159.43546,-7,0,-61
1754125159.4734602,-5,-7,-67
1754125159.51146,-4,1,-62
1754125159.5494602,-3,5,-66
1754125159.5884602,0,-3,-68
1754125159.62446,0,-3,-73
1754125159.6614602,-4,-1,-67
1754125159.7004602,-1,3,-63
1754125159.73846,0,0,-60
1754125159.77446,-2,3,-66
1754125159.8124602,-6,0,-72
1754125159.85146,-3,0,-60
1754125159.88946,0,0,-61
1754125159.92546,-4,2,-58
1754125159.9634602,1,-4,-62
1754125160.00146,4,-6,-57
1754125160.04046,3,-5,-52
1754125160.07846,0,1,-66
1754125160.11446,2,1,-74
1754125160.15246,-1,1,-68
1754125160.1904602,-2,4,-66
1754125160.22946,-6,-4,-54
1754125160.26546,2,-2,-55
1754125160.30346,-2,-2,-71
1754125160.34146,-4,-8,-67
1754125160.38046,0,-6,-71
1754125160.41846,1,-1,-80
1754125160.45446,4,-2,-66
1754125160.49246,-1,-1,-67
1754125160.53146,-6,-1,-56
1754125160.5694602,-1,-1,-66
1754125160.6054602,-6,0,-60
1754125160.6444602,-8,-1,-72
1754125160.68146,0,0,-71
1754125160.7204602,6,-4,-71
1754125160.75846,3,-4,-64
1754125160.79446,5,0,-67
1754125160.83146,-4,4,-59
1754125160.87046,4,-1,-53
1754125160.90846,2,2,-60
1754125160.9444602,-1,2,-60
1754125160.98246,-3,2,-62
1754125161.02046,-2,0,-72
1754125161.0594602,-1,-5,-67
1754125161.0954602,-2,1,-80
1754125161.13346,3,2,-63
1754125161.1714602,3,-4,-69
1754125161.2104602,0,-9,-73
1754125161.2464602,1,1,-71
1754125161.28546,-6,5,-59
1754125161.3224602,4,3,-66
1754125161.3614602,0,5,-67
1754125161.39946,-4,5,-68
1754125161.43546,0,1,-65
1754125161.47246,0,-2,-64
1754125161.51146,6,0,-58
1754125161.5494602,-1,0,-60
1754125161.5854602,0,-6,-57
1754125161.62446,-1,-4,-63
1754125161.6614602,-5,1,-76
1754125161.7004602,0,0,-70
1754125161.7364602,6,-3,-73
1754125161.77446,0,2,-73
1754125161.81146,0,4,-60
1754125161.85046,-3,3,-59
1754125161.88646,-2,4,-64
1754125161.92346,-1,-1,-66
1754125161.96146,1,2,-73
1754125162.00046,-4,-5,-72
1754125162.0364602,0,-3,-70
1754125162.07346,-7,0,-70
1754125162.1114602,-4,-1,-64
1754125162.15046,-1,-1,-67
1754125162.18646,-2,3,-55
1754125162.2234602,-3,0,-66
1754125162.26146,0,-4,-66
1754125162.30046,-11,0,-69
1754125162.33646,0,1,-68
1754125162.37346,-1,-7,-67
1754125162.4114602,-1,-1,-75
1754125162.4504602,0,3,-67
1754125162.4864602,-1,-1,-63
1754125162.52546,-4,4,-71
1754125162.5624602,3,0,-70
1754125162.60146,-1,0,-73
1754125162.63946,-4,-7,-69
1754125162.67546,-3,-7,-64
1754125162.7134602,0,2,-62
1754125162.75146,-1,0,-67
1754125162.79046,1,3,-58
1754125162.82646,4,3,-61
1754125162.86346,1,-4,-57
1754125162.9014602,2,-5,-50
1754125162.9404602,-3,-10,-65
1754125162.97646,-2,-6,-57
1754125163.01446,0,1,-65
1754125163.05346,-4,-1,-59
1754125163.09146,3,-4,-57
1754125163.12946,-4,-2,-69
1754125163.16546,-7,-1,-72
1754125163.20346,3,-4,-55
1754125163.24246,0,1,-64
1754125163.28046,7,1,-58
1754125163.31646,-5,4,-58
1754125163.35346,0,2,-59
1754125163.39246,-5,0,-54
1754125163.43046,-2,-1,-57
1754125163.46646,7,3,-63
1754125163.5034602,-2,-1,-63
1754125163.5424602,-9,-5,-63
1754125163.58046,0,-3,-66
1754125163.61646,4,-3,-76
1754125163.6544602,-2,1,-65
1754125163.69246,3,-2,-70
1754125163.73146,4,-6,-67
1754125163.76746,1,3,-63
1754125163.80446,2,4,-60
1754125163.8424602,-4,0,-65
1754125163.8814602,-3,-5,-63
1754125163.9174602,1,-3,-45
1754125163.95446,-3,-5,-49
1754125163.99246,-6,1,-53
1754125164.03146,-4,0,-45
1754125164.06746,2,0,-53
1754125164.10446,-1,-6,-62
1754125164.14246,-2,-1,-72
1754125164.18146,6,-8,-66
1754125164.2174602,1,-1,-64
1754125164.25546,-5,-3,-64
1754125164.29346,-8,0,-69
1754125164.3324602,1,1,-71
1754125164.37046,6,-5,-71
1754125164.40646,6,0,-70
1754125164.44346,-2,0,-68
1754125164.48246,4,-2,-62
1754125164.52046,3,-3,-65
1754125164.55646,-1,-1,-67
1754125164.59446,-4,-2,-67
1754125164.63246,0,-5,-66
1754125164.6714602,-5,-2,-59
1754125164.7074602,-8,1,-61
1754125164.74546,-6,-2,-61
1754125164.78446,4,0,-66
1754125164.8224602,0,-3,-68
1754125164.86046,-4,-6,-67
1754125164.89646,-2,-5,-55
1754125164.9344602,-11,-4,-62
1754125164.97246,4,-3,-59
1754125165.01146,-1,-3,-62
1754125165.04746,-2,-2,-63
1754125165.0854602,-4,3,-58
1754125165.12346,-4,1,-74
1754125165.16246,4,7,-58
1754125165.2004602,0,10,-68
1754125165.2364602,1,-3,-69
1754125165.27446,3,-7,-60
1754125165.3124602,2,0,-69
1754125165.35146,4,-2,-70
1754125165.38746,-4,-1,-63
1754125165.42546,-4,-2,-61
1754125165.4634602,-3,0,-75
1754125165.50246,-1,-3,-69
1754125165.53846,2,5,-73
1754125165.5754602,3,-2,-60
1754125165.61346,-2,-1,-67
1754125165.65246,0,-3,-66
1754125165.68846,1,-4,-67
1754125165.72646,-6,-4,-61
1754125165.76446,7,0,-78
1754125165.8024602,8,0,-62
1754125165.84146,1,3,-64
1754125165.87746,5,-7,-74
1754125165.9144602,-2,-4,-77
1754125165.95246,-3,2,-74
1754125165.99146,0,0,-67
1754125166.02746,1,-3,-62
1754125166.06446,2,-1,-65
1754125166.10246,0,-1,-66
1754125166.1414602,5,0,-69
1754125166.1774602,3,9,-82
1754125166.21446,5,3,-77
1754125166.25246,1,1,-79
1754125166.29146,-2,0,-66
1754125166.32746,0,-3,-65
1754125166.3654602,2,-6,-66
1754125166.4044602,-1,-8,-74
1754125166.44246,-6,-7,-70
1754125166.47846,1,-3,-64
1754125166.51546,-3,0,-68
1754125166.55346,0,-2,-75
1754125166.5924602,0,-5,-63
1754125166.6284602,4,5,-62
1754125166.66546,3,8,-64
1754125166.70346,-5,0,-67
1754125166.74246,0,-4,-61
1754125166.77846,0,-7,-61
1754125166.81646,0,-9,-59
1754125166.8554602,-2,-1,-64
1754125166.89346,4,5,-67
1754125166.93146,-2,-2,-59
1754125166.9674602,-9,-8,-60
1754125167.00546,-4,1,-57
1754125167.04446,0,-1,-55
1754125167.0824602,0,1,-51
1754125167.1184602,1,1,-56
1754125167.15546,3,-4,-67
1754125167.1944602,4,-2,-65
1754125167.23246,-2,0,-57
1754125167.26846,0,5,-69
1754125167.30546,2,1,-75
1754125167.34446,-7,0,-66
1754125167.38246,-6,4,-65
1754125167.41846,-3,4,-68
1754125167.45646,4,0,-62
1754125167.49446,0,3,-67
1754125167.53346,-2,-1,-72
1754125167.57146,0,0,-74
1754125167.60746,0,-4,-68
1754125167.6444602,5,-1,-64
1754125167.68346,-3,-4,-57
1754125167.72146,-4,1,-70
1754125167.75746,-1,0,-66
1754125167.79446,-12,-1,-68
1754125167.83346,-7,-1,-71
1754125167.86946,-8,-4,-75
1754125167.9074602,2,-1,-72
1754125167.94546,0,2,-69
1754125167.9834602,-12,0,-78
1754125168.02246,0,8,-65
1754125168.05846,-6,6,-51
1754125168.09646,3,5,-60
1754125168.1344602,-1,3,-68
1754125168.17346,-3,7,-58
1754125168.20946,0,4,-64
1754125168.2464602,-4,0,-70
1754125168.28546,-6,-2,-61
1754125168.32346,-1,-2,-61
1754125168.35946,-2,-2,-62
1754125168.39846,-4,0,-57
1754125168.43546,0,-4,-60
1754125168.4734602,-3,-7,-70
1754125168.51246,0,-1,-68
1754125168.54846,-2,-2,-65
1754125168.58646,1,-4,-67
1754125168.62446,3,-2,-62
1754125168.66346,0,1,-61
1754125168.69946,7,0,-60
1754125168.7364602,3,4,-71
1754125168.7824602,-3,1,-64
1754125168.8194602,-3,-7,-65
1754125168.85646,0,-6,-70
1754125168.8944602,-8,-3,-55
1754125168.93346,-3,0,-56
1754125168.96946,-3,-1,-63
1754125169.00746,2,0,-61
1754125169.04546,2,-3,-58
1754125169.08446,0,7,-71
1754125169.12246,2,0,-55
1754125169.15846,0,-1,-63
1754125169.19646,-1,1,-77
1754125169.23446,-2,6,-67
1754125169.27346,-9,4,-70
1754125169.3094602,-7,3,-66
1754125169.34746,2,0,-66
1754125169.38546,0,5,-58
1754125169.4244602,0,-1,-63
1754125169.46246,-3,-7,-69
1754125169.49846,0,-2,-68
1754125169.5364602,-1,-6,-60
1754125169.5754602,-4,-6,-70
1754125169.61346,-1,-3,-69
1754125169.64946,-6,0,-72
1754125169.68646,1,0,-59
1754125169.72446,7,-2,-66
1754125169.7634602,-4,0,-64
1754125169.7994602,1,3,-52
1754125169.83646,6,1,-60
1754125169.87446,0,-1,-61
1754125169.91346,2,2,-60
1754125169.94946,-1,-3,-61
1754125169.98746,-3,0,-64
1754125170.02546,-7,-1,-59
1754125170.06446,-4,-2,-64
1754125170.10046,-1,-3,-73
1754125170.1384602,2,-4,-76
1754125170.17646,-2,-6,-68
1754125170.21446,-4,2,-57
1754125170.2534602,-6,0,-53
1754125170.2894602,-3,-2,-57
1754125170.32746,-3,0,-63
1754125170.36646,1,-4,-58
1754125170.4044602,-6,1,-62
1754125170.4404602,0,5,-59
1754125170.47746,0,0,-61
1754125170.5164602,1,0,-73
1754125170.55446,3,-8,-69
1754125170.59046,-1,3,-66
1754125170.62946,-4,0,-59
1754125170.66646,-4,-2,-56
1754125170.70446,-2,7,-45
1754125170.7434602,-1,0,-61
1754125170.7794602,7,1,-62
1754125170.81646,4,3,-64
1754125170.85446,-4,-4,-67
1754125170.89346,1,0,-67
1754125170.92946,4,4,-69
1754125170.96646,-4,9,-70
1754125171.00446,-3,1,-66
1754125171.04346,1,1,-69
1754125171.07946,8,2,-62
1754125171.11646,-4,-2,-60
1754125171.15546,-5,0,-66
1754125171.19346,-4,6,-63
1754125171.22946,0,-2,-58
1754125171.26746,-1,0,-59
1754125171.30546,0,-8,-57
1754125171.34446,5,-3,-64
1754125171.38046,5,1,-62
1754125171.4174602,0,0,-78
1754125171.45546,-1,1,-63
1754125171.49446,0,-7,-66
1754125171.53046,4,1,-69
1754125171.56746,1,-2,-76
1754125171.6054602,3,3,-69
1754125171.6444602,-4,4,-56
1754125171.68046,4,1,-60
1754125171.7174602,3,1,-62
1754125171.75546,-1,4,-67
1754125171.79446,-3,-3,-63
1754125171.83046,-7,2,-71
1754125171.86946,-1,5,-83
1754125171.90646,0,9,-71
1754125171.94546,0,0,-67
1754125171.9834602,0,0,-59
1754125172.0194602,-1,-1,-63
1754125172.05746,0,0,-60
1754125172.09646,0,4,-65
1754125172.1344602,3,1,-68
1754125172.17046,4,4,-68
1754125172.2074602,0,0,-62
1754125172.2464602,1,0,-63
1754125172.28446,-4,-3,-59
1754125172.32146,1,0,-74
1754125172.3584602,-1,0,-71
1754125172.39646,0,4,-67
1754125172.43546,2,7,-62
1754125172.47146,1,7,-53
1754125172.50846,5,3,-58
1754125172.5464602,0,-1,-47
1754125172.5854602,1,2,-64
1754125172.6214602,3,0,-71
1754125172.65846,5,-2,-67
1754125172.69646,3,1,-59
1754125172.73546,1,4,-72
1754125172.77146,0,0,-61
1754125172.80846,-7,0,-57
1754125172.84646,2,-8,-60
1754125172.88546,5,-7,-77
1754125172.9214602,0,-8,-74
1754125172.95946,-4,2,-64
1754125172.99746,-3,4,-58
1754125173.03546,-2,-4,-64
1754125173.07446,2,-1,-58
1754125173.11046,-3,-1,-66
1754125173.14846,-5,-3,-67
1754125173.18646,-4,-8,-70
1754125173.22546,1,-5,-65
1754125173.26146,-7,-6,-77
1754125173.2994602,0,0,-76
1754125173.33746,-3,0,-71
1754125173.37646,0,0,-62
1754125173.4144602,4,5,-63
1754125173.4504602,3,4,-65
1754125173.48746,3,0,-64
1754125173.5264602,7,5,-65
1754125173.56446,-1,6,-59
1754125173.60046,-2,6,-63
1754125173.6384602,3,-4,-60
1754125173.67646,0,-6,-67
1754125173.71546,5,-3,-73
1754125173.75146,11,-5,-66
1754125173.7894602,2,0,-58
1754125173.82746,5,4,-66
1754125173.86646,4,7,-81
1754125173.9044602,6,1,-70
1754125173.9404602,2,0,-63
1754125173.97746,1,-1,-77
1754125174.0164602,-1,-5,-62
1754125174.05446,0,-7,-68
1754125174.09046,1,-9,-62
1754125174.1284602,2,1,-60
1754125174.16646,-10,-3,-57
1754125174.20546,-4,0,-65
1754125174.24146,-4,-1,-68
1754125174.2794602,2,0,-65
1754125174.31746,0,2,-62
1754125174.35646,1,2,-70
1754125174.3944602,5,2,-72
1754125174.43046,2,1,-76
1754125174.46846,6,-2,-66
1754125174.5064602,-2,-1,-68
1754125174.54546,4,-2,-72
1754125174.58146,8,1,-64
1754125174.6184602,0,4,-65
1754125174.65646,-2,0,-70
1754125174.69546,-3,-1,-58
1754125174.73146,-1,-1,-56
1754125174.7694602,-4,1,-64
1754125174.80746,-8,1,-74
1754125174.84646,-8,4,-66
1754125174.88246,-6,0,-54
1754125174.92046,3,-7,-60
1754125174.95946,3,0,-69
1754125174.9964602,-4,-3,-74
1754125175.03546,-2,-6,-81
1754125175.0724602,-3,-6,-76
1754125175.10946,0,-8,-70
1754125175.14746,4,-3,-61
1754125175.18646,-2,0,-67
1754125175.22246,3,-5,-67
1754125175.26046,-1,-5,-74
1754125175.29846,0,-5,-63
1754125175.33646,5,6,-58
1754125175.37546,-1,1,-60
1754125175.4114602,0,-1,-52
1754125175.44946,0,0,-66
1754125175.48746,0,3,-72
1754125175.5264602,-6,-1,-71
1754125175.5624602,-9,1,-76
1754125175.60046,0,0,-67
1754125175.6384602,-1,1,-48
1754125175.6774602,4,0,-63
1754125175.71546,-8,-4,-61
1754125175.75146,3,-1,-58
1754125175.7894602,2,-2,-57
1754125175.82746,0,1,-57
1754125175.86646,2,2,-66
1754125175.90246,1,5,-66
1754125175.93946,-3,2,-72
1754125175.97746,-10,4,-67
1754125176.0164602,-9,0,-58
1754125176.0524602,0,10,-64
1754125176.08946,-4,-1,-61
1754125176.12746,-2,-9,-61
1754125176.16646,-3,-8,-57
1754125176.20246,0,-5,-62
1754125176.23946,-3,-1,-67
1754125176.27746,-4,0,-70
1754125176.31646,-4,3,-62
1754125176.35246,-5,0,-71
1754125176.38946,-7,0,-68
1754125176.4274602,2,0,-72
1754125176.46646,-3,-6,-67
1754125176.50246,-3,-4,-60
1754125176.54046,2,-1,-75
1754125176.57846,1,3,-61
1754125176.61746,4,3,-77
1754125176.65546,0,6,-62
1754125176.69146,10,-1,-60
1754125176.72946,0,0,-54
1754125176.76746,-1,4,-64
1754125176.80646,0,-2,-60
1754125176.8424602,4,1,-63
1754125176.87946,0,-5,-64
1754125176.9174602,7,-12,-63
1754125176.95646,4,-3,-62
1754125176.99246,-5,2,-61
1754125177.03046,-3,0,-64
1754125177.0694602,0,0,-49
1754125177.10746,0,1,-70
1754125177.14346,3,-2,-62
1754125177.18246,-7,-1,-57
1754125177.21946,0,2,-64
1754125177.25746,0,1,-78
1754125177.2964602,-4,5,-64
1754125177.3324602,0,6,-55
1754125177.37046,4,3,-63
1754125177.40846,7,2,-53
1754125177.4474602,6,-4,-68
1754125177.4834602,9,-7,-60
1754125177.52146,-3,-8,-64
1754125177.5594602,3,-4,-74
1754125177.59746,1,0,-72
1754125177.63646,1,0,-63
1754125177.67246,6,-7,-64
1754125177.7104602,-3,-5,-66
1754125177.74946,-6,-1,-57
1754125177.78746,7,-4,-67
1754125177.82346,4,3,-73
1754125177.86046,-5,-6,-69
1754125177.89946,2,2,-62
1754125177.9374602,-4,-5,-57
1754125177.9734602,-2,-7,-63
1754125178.01146,-1,4,-63
1754125178.0494602,0,6,-63
1754125178.0884602,-6,-1,-59
1754125178.12646,1,3,-62
1754125178.16246,-7,0,-61
1754125178.19946,2,3,-75
1754125178.23846,-4,2,-71
1754125178.2764602,-1,-3,-53
1754125178.3124602,1,0,-60
1754125178.34946,-1,-2,-70
1754125178.3884602,2,-3,-60
1754125178.42646,3,1,-63
1754125178.46246,-2,-2,-67
1754125178.50046,-4,-5,-71
1754125178.5394602,5,2,-69
1754125178.57746,0,0,-66
1754125178.61346,-3,-2,-62
1754125178.6514602,-3,0,-62
1754125178.68946,1,-4,-64
1754125178.72846,-2,-8,-73
1754125178.7664602,1,0,-74
1754125178.81146,6,0,-68
1754125178.8484602,-1,0,-69
1754125178.88746,-10,-1,-56
1754125178.92346,-7,-7,-61
1754125178.96146,-3,-4,-59
1754125179.00046,-4,-3,-53
1754125179.03846,1,4,-63
1754125179.07746,1,1,-56
1754125179.11346,5,5,-63
1754125179.15046,-2,1,-74
1754125179.18846,-5,0,-74
1754125179.22746,-8,3,-67
1754125179.2634602,-7,1,-60
1754125179.30146,-1,-2,-62
1754125179.33946,-2,0,-60
1754125179.3784602,-3,1,-61
1754125179.41546,2,4,-70
1754125179.45246,1,-3,-60
1754125179.49146,-2,-3,-63
1754125179.52846,-1,-3,-54
1754125179.56746,-11,-6,-62
1754125179.60346,-10,-1,-55
1754125179.6414602,-13,-2,-65
1754125179.67946,-8,4,-67
1754125179.71846,-2,0,-60
1754125179.75446,0,2,-64
1754125179.79146,-1,2,-60
1754125179.82946,-1,-3,-58
1754125179.8684602,-3,-2,-66
1754125179.9044602,-1,-2,-69
1754125179.94246,-3,0,-70
1754125179.9804602,0,0,-63
1754125180.01846,-2,-3,-60
1754125180.05746,0,3,-48
1754125180.09346,3,0,-49
1754125180.13046,6,5,-62
1754125180.16846,-1,7,-57
1754125180.2074602,-9,4,-64
1754125180.2434602,-2,0,-60
1754125180.2824602,-1,-1,-65
1754125180.3194602,4,7,-59
1754125180.3584602,8,0,-69
1754125180.3944602,-5,1,-69
1754125180.43246,3,-3,-68
1754125180.4704602,0,0,-56
1754125180.5094602,0,-3,-66
1754125180.54746,-4,-7,-68
1754125180.58346,2,-2,-68
1754125180.6214602,4,3,-59
1754125180.65946,3,4,-56
1754125180.69846,-1,2,-61
1754125180.73446,2,3,-67
1754125180.77146,0,4,-65
1754125180.8094602,-5,0,-56
1754125180.8484602,2,-1,-68
1754125180.8844602,5,-4,-59
1754125180.9214602,-2,0,-60
1754125180.95946,0,6,-53
1754125180.99846,-2,7,-66
1754125181.03446,2,5,-57
1754125181.07146,-3,-1,-67
1754125181.10946,-2,0,-61
1754125181.14846,0,2,-50
1754125181.1844602,0,0,-49
1754125181.22146,-3,-6,-56
1754125181.2594602,5,0,-62
1754125181.29846,9,0,-64
1754125181.33446,0,4,-65
1754125181.3714602,8,9,-62
1754125181.40946,5,3,-63
1754125181.44846,10,-2,-51
1754125181.48446,9,-3,-66
1754125181.52146,4,-2,-57
1754125181.56046,4,-8,-57
1754125181.59946,1,0,-62
1754125181.63546,1,-2,-66
1754125181.67246,-4,0,-62
1754125181.7104602,-4,0,-70
1754125181.74946,5,2,-72
1754125181.78546,1,8,-59
1754125181.8224602,-2,1,-57
1754125181.86046,-9,0,-51
1754125181.89946,1,0,-65
1754125181.93546,4,-3,-62
1754125181.9734602,5,0,-65
1754125182.01146,8,-5,-65
1754125182.0494602,2,-5,-77
1754125182.0884602,0,-8,-72
1754125182.12446,-6,-3,-65
1754125182.16246,-6,-6,-61
1754125182.20146,0,-4,-60
1754125182.23946,-8,0,-57
1754125182.27546,-7,-2,-66
1754125182.31346,2,3,-64
1754125182.35146,3,-2,-68
1754125182.38946,1,0,-61
1754125182.42846,0,3,-72
1754125182.46446,0,-2,-64
1754125182.50146,-2,2,-67
1754125182.5394602,-1,1,-69
1754125182.57846,-6,-3,-66
1754125182.61446,-1,-1,-68
1754125182.65246,0,5,-58
1754125182.6904602,-2,3,-75
1754125182.72946,1,0,-68
1754125182.76546,-3,0,-56
1754125182.80346,3,-2,-58
1754125182.84146,1,-1,-57
1754125182.88046,-1,-4,-59
1754125182.91846,-9,-6,-61
1754125182.95446,1,-6,-61
1754125182.99246,-2,-2,-61
1754125183.03046,5,6,-59
1754125183.0694602,3,0,-62
1754125183.1054602,0,3,-59
1754125183.14246,7,5,-67
1754125183.18046,2,-2,-62
1754125183.21946,-2,-4,-59
1754125183.25546,0,-7,-57
1754125183.29346,-6,-3,-63
1754125183.33146,0,-5,-61
1754125183.37046,-3,2,-61
1754125183.40846,-4,0,-70
1754125183.44546,-5,-4,-62
1754125183.48246,0,0,-67
1754125183.52046,-7,-2,-57
1754125183.5594602,-2,-4,-67
1754125183.5954602,3,-2,-61
1754125183.63346,-1,3,-69
1754125183.6714602,-4,0,-63
1754125183.7104602,-6,0,-57
1754125183.74846,-7,-3,-69
1754125183.78446,1,-2,-59
1754125183.8224602,3,0,-64
1754125183.86046,-1,0,-62
1754125183.89946,1,3,-64
1754125183.93546,-6,5,-70
1754125183.97446,-2,-1,-61
1754125184.01146,0,-1,-53
1754125184.05046,-5,4,-67
1754125184.08746,1,3,-58
1754125184.12446,4,8,-58
1754125184.16346,1,2,-64
1754125184.2004602,-6,0,-59
1754125184.23946,-6,-5,-69
1754125184.27546,0,-9,-55
1754125184.31346,1,-3,-54
1754125184.35146,8,-2,-57
1754125184.39046,9,-4,-55
1754125184.42646,5,3,-63
1754125184.4634602,0,-3,-62
1754125184.50146,1,-3,-64
1754125184.54046,1,4,-64
1754125184.57646,3,1,-62
1754125184.61346,-1,4,-59
1754125184.6514602,-7,4,-60
1754125184.6904602,-4,0,-68
1754125184.72646,0,-1,-66
1754125184.7634602,-8,-5,-54
1754125184.80146,-1,-3,-66
1754125184.84046,2,0,-63
1754125184.87646,-8,1,-63
1754125184.9144602,-13,0,-55
1754125184.95246,-1,-5,-62
1754125184.99146,3,-3,-62
1754125185.0294602,3,0,-71
1754125185.0654602,2,-5,-68
1754125185.10346,0,-6,-72
1754125185.1414602,2,-1,-65
1754125185.18046,1,-2,-84
1754125185.21646,4,-6,-79
1754125185.25546,1,-4,-81
1754125185.2924602,5,6,-74
1754125185.33146,0,8,-66
1754125185.36946,1,0,-65
1754125185.40546,3,2,-62
1754125185.44246,2,-1,-56
1754125185.48146,0,-2,-67
1754125185.5194602,0,0,-64
1754125185.55546,-4,-6,-57
1754125185.59346,-1,0,-71
1754125185.6314602,-1,-11,-66
1754125185.67046,1,-2,-65
1754125185.70646,0,-4,-58
1754125185.74446,4,-2,-58
1754125185.7824602,3,-2,-55
1754125185.82146,-4,-3,-64
1754125185.85946,-2,1,-72
1754125185.89546,-3,-1,-71
1754125185.93346,-8,-2,-64
1754125185.97146,-7,3,-65
1754125186.01046,-3,1,-64
1754125186.0464602,-1,7,-72
1754125186.0854602,1,-4,-61
1754125186.12246,0,3,-66
1754125186.1614602,3,7,-66
1754125186.1974602,0,-1,-63
1754125186.23546,1,-1,-50
1754125186.27346,2,-2,-62
1754125186.31146,0,1,-66
1754125186.35046,1,-3,-70
1754125186.38646,-5,-3,-70
1754125186.4244602,-1,0,-74
1754125186.4634602,0,0,-76
1754125186.50146,-1,-1,-68
1754125186.53746,-4,-5,-60
1754125186.5754602,-5,-3,-63
1754125186.61346,3,-4,-75
1754125186.6514602,0,0,-62
1754125186.6904602,-5,-1,-64
1754125186.72646,-2,-1,-72
1754125186.76446,-3,0,-55
1754125186.8024602,-5,3,-64
1754125186.84146,5,1,-58
1754125186.87746,-3,0,-57
1754125186.91546,-1,-1,-59
1754125186.95346,0,8,-66
1754125186.99146,2,4,-72
1754125187.03046,1,1,-68
1754125187.06646,5,0,-66
1754125187.10346,0,-9,-70
1754125187.14246,7,-4,-79
1754125187.18046,2,0,-80
1754125187.21646,-1,1,-69
1754125187.25546,1,-2,-67
1754125187.29346,-3,-5,-67
1754125187.33146,2,-2,-63
1754125187.36746,1,2,-57
1754125187.40546,4,1,-65
1754125187.44346,-6,0,-64
1754125187.48246,0,1,-66
1754125187.52046,5,0,-63
1754125187.55646,0,-3,-69
1754125187.59446,-2,-1,-60
1754125187.63246,0,2,-70
1754125187.6714602,5,-4,-71
1754125187.7074602,5,-4,-62
1754125187.74546,5,2,-59
1754125187.78346,11,-1,-55
1754125187.8224602,0,3,-59
1754125187.86046,2,6,-70
1754125187.89646,1,6,-63
1754125187.93346,0,0,-59
1754125187.97246,3,-3,-63
1754125188.01046,3,-2,-67
1754125188.0464602,4,-1,-66
1754125188.08346,3,0,-67
1754125188.12246,0,0,-66
1754125188.16046,0,-1,-64
1754125188.19646,-6,2,-68
1754125188.2334602,1,-3,-76
1754125188.27246,-9,0,-66
1754125188.31046,4,-8,-62
1754125188.34746,7,-6,-66
1754125188.38546,5,0,-62
1754125188.42246,9,1,-76
1754125188.46146,-3,1,-62
1754125188.49746,-4,-3,-62
1754125188.53546,-1,1,-72
1754125188.57346,3,3,-66
1754125188.61246,4,3,-72
1754125188.64846,1,0,-71
1754125188.68546,0,-4,-55
1754125188.7234602,1,-2,-47
1754125188.76246,7,0,-61
1754125188.79846,0,-5,-71
1754125188.84946,1,2,-72
1754125188.88546,-8,4,-67
1754125188.9244602,-9,-8,-69
1754125188.96246,-6,-7,-73
1754125188.99846,-2,1,-62
1754125189.0364602,2,9,-66
1754125189.07446,0,0,-54
1754125189.11246,0,-2,-61
1754125189.1514602,-5,4,-55
1754125189.1874602,-5,5,-66
1754125189.22446,-1,3,-53
1754125189.26246,-2,-2,-65
1754125189.30146,2,7,-68
1754125189.33746,-5,0,-64
1754125189.37546,0,-1,-59
1754125189.41346,-3,0,-52
1754125189.45246,2,2,-60
1754125189.48846,6,0,-62
1754125189.52546,1,3,-54
1754125189.56346,3,3,-64
1754125189.60246,1,0,-59
1754125189.6384602,3,-5,-69
1754125189.67546,-3,-2,-79
1754125189.7134602,0,-3,-69
1754125189.75246,7,-6,-58
1754125189.78846,2,-3,-62
1754125189.8254602,0,0,-67
1754125189.86346,6,-8,-68
1754125189.90246,-1,0,-61
1754125189.93846,0,-6,-62
1754125189.97546,-1,0,-60
1754125190.0134602,-2,1,-67
1754125190.0524602,0,0,-66
1754125190.0884602,-4,-6,-62
1754125190.12646,1,-5,-67
1754125190.1644602,-1,1,-65
1754125190.20346,1,6,-67
1754125190.24146,-1,4,-59
1754125190.27746,0,0,-66
1754125190.3154602,1,-1,-75
1754125190.35346,0,-2,-61
1754125190.39246,-2,0,-69
1754125190.42846,2,-3,-59
1754125190.4674602,4,-1,-56
1754125190.50446,5,-2,-58
1754125190.54346,2,-3,-56
1754125190.58146,-6,-3,-56
1754125190.6184602,3,1,-55
1754125190.65546,5,4,-67
1754125190.69346,6,-6,-65
1754125190.73246,2,2,-65
1754125190.76846,3,7,-73
1754125190.80546,1,2,-70
1754125190.84346,-8,-2,-60
1754125190.88246,0,2,-68
1754125190.91846,0,-6,-70
1754125190.95546,-1,-10,-64
1754125190.9934602,2,-5,-58
1754125191.0324602,6,0,-69
1754125191.06846,10,6,-62
1754125191.1054602,-1,-3,-62
1754125191.14346,-9,1,-60
1754125191.18246,-7,-3,-64
1754125191.21846,-3,0,-60
1754125191.25546,3,-4,-55
1754125191.29346,-2,0,-62
1754125191.3324602,-2,5,-62
1754125191.3684602,-7,3,-60
1754125191.40646,-3,-2,-55
1754125191.4444602,5,-3,-53
1754125191.4834602,0,-4,-59
1754125191.5194602,-5,3,-53
1754125191.55846,-5,3,-64
1754125191.5954602,-3,0,-84
1754125191.63346,3,4,-83
1754125191.67246,1,-5,-67
1754125191.70846,2,-2,-50
1754125191.7464602,0,0,-48
1754125191.78446,7,1,-69
1754125191.82346,9,2,-77
1754125191.85946,10,-3,-70
1754125191.89746,6,-1,-68
1754125191.93546,0,0,-72
1754125191.97446,4,1,-77
1754125192.01246,-7,-6,-62
1754125192.04846,0,-4,-63
1754125192.08746,-7,-3,-69
1754125192.12446,-5,-1,-65
1754125192.16346,-4,1,-73
1754125192.19946,0,2,-73
1754125192.23746,3,-2,-76
1754125192.27546,-2,-2,-83
1754125192.31446,5,-6,-64
1754125192.35246,1,-1,-62
1754125192.3884602,-4,-5,-54
1754125192.42646,-1,0,-60
1754125192.46446,-2,0,-55
1754125192.5034602,-2,-3,-64
1754125192.5394602,3,-1,-65
1754125192.57746,1,-3,-61
1754125192.61646,3,-2,-58
1754125192.6544602,-9,3,-63
1754125192.69246,-7,0,-63
1754125192.72846,0,0,-57
1754125192.7664602,0,9,-59
1754125192.80446,-1,6,-70
1754125192.8424602,0,-1,-58
1754125192.8784602,2,3,-50
1754125192.91646,1,1,-67
1754125192.95446,2,-3,-61
1754125192.99246,-1,-4,-72
1754125193.02846,0,0,-57
1754125193.06646,3,1,-62
1754125193.10446,10,3,-62
1754125193.14046,10,-1,-60
1754125193.17846,1,1,-62
1754125193.21646,1,-5,-69
1754125193.25446,-1,-4,-72
1754125193.29346,2,0,-68
1754125193.32946,0,-2,-58
1754125193.36646,5,-3,-54
1754125193.4044602,1,-4,-64
1754125193.44346,2,-8,-58
1754125193.47946,-3,-5,-50
1754125193.51746,-10,1,-53
1754125193.55546,4,-1,-67
1754125193.59446,5,-7,-61
1754125193.63046,-2,-5,-59
1754125193.66946,0,-1,-62
1754125193.70646,2,4,-67
1754125193.74446,2,0,-70
1754125193.78346,3,4,-73
1754125193.8194602,4,-1,-67
1754125193.85746,-2,2,-54
1754125193.89546,-10,3,-60
1754125193.9344602,-5,2,-65
1754125193.9704602,-2,-3,-63
1754125194.00846,0,-7,-60
1754125194.0464602,3,-4,-70
1754125194.0854602,-2,0,-76
1754125194.12346,3,0,-72
1754125194.15946,-2,0,-62
1754125194.19646,1,6,-63
1754125194.23546,-1,6,-60
1754125194.27346,1,1,-57
1754125194.3094602,2,-2,-54
1754125194.34746,5,4,-63
1754125194.38546,5,-2,-69
1754125194.42346,3,-5,-68
1754125194.45946,-2,-1,-64
1754125194.49746,7,-10,-72
1754125194.53546,2,-3,-67
1754125194.57446,2,0,-72
1754125194.61046,-2,-4,-82
1754125194.64846,-1,4,-70
1754125194.68646,-4,1,-65
1754125194.72546,1,2,-66
1754125194.7634602,1,0,-71
1754125194.7994602,-2,3,-75
1754125194.8384602,3,4,-80
1754125194.87646,3,1,-69
1754125194.9144602,-5,-1,-58
1754125194.9504602,0,1,-62
1754125194.98946,0,-1,-65
1754125195.0264602,8,-1,-54
1754125195.0654602,0,-2,-61
1754125195.10346,-7,3,-65
1754125195.13946,-8,5,-75
1754125195.1774602,7,-2,-62
1754125195.21546,8,-1,-70
1754125195.25446,4,2,-65
1754125195.29046,-4,1,-50
1754125195.32746,-7,5,-60
1754125195.3654602,0,3,-58
1754125195.4044602,-1,-4,-56
1754125195.4404602,0,-5,-59
1754125195.47746,-1,-2,-62
1754125195.51546,-2,-1,-55
1754125195.55446,-7,-4,-57
1754125195.59046,5,-3,-54
1754125195.6284602,-1,-2,-50
1754125195.66646,7,-3,-61
1754125195.70546,1,-4,-60
1754125195.74146,2,-6,-74
1754125195.7794602,5,-2,-65
1754125195.81846,3,-3,-64
1754125195.8554602,10,-4,-57
1754125195.8944602,3,-2,-58
1754125195.93146,-1,0,-62
1754125195.96846,-6,0,-60
1754125196.0064602,-7,0,-62
1754125196.04546,-1,-3,-55
1754125196.08146,1,0,-60
1754125196.1184602,-7,1,-43
1754125196.15646,-2,3,-74
1754125196.19546,-5,-4,-62
1754125196.23146,-2,-2,-76
1754125196.2694602,2,-3,-66
1754125196.30746,1,4,-59
1754125196.34646,-7,4,-71
1754125196.3844602,-9,-6,-66
1754125196.42046,-8,-8,-76
1754125196.45846,-6,1,-60
1754125196.49746,0,-3,-70
1754125196.53546,0,-2,-72
1754125196.57146,2,-1,-73
1754125196.60946,1,4,-74
1754125196.64746,1,2,-66
1754125196.68646,-3,-2,-68
1754125196.72446,-2,-9,-70
1754125196.76046,0,-6,-55
1754125196.79846,-1,-5,-58
1754125196.83646,-1,-5,-64
1754125196.87546,-3,-8,-66
1754125196.9114602,-1,-6,-68
1754125196.94946,0,0,-69
1754125196.98846,9,-4,-60
1754125197.0264602,3,-1,-68
1754125197.06446,2,-4,-73
1754125197.10046,3,-7,-70
1754125197.1384602,-2,-4,-69
1754125197.17646,-2,2,-78
1754125197.21446,0,-3,-69
1754125197.25046,3,-4,-61
1754125197.28746,4,-3,-59
1754125197.32646,-2,2,-68
1754125197.36446,-6,0,-61
1754125197.40046,-3,0,-70
1754125197.43846,-2,0,-72
1754125197.47646,4,0,-73
1754125197.51546,-5,0,-71
1754125197.55146,-1,-6,-62
1754125197.58946,-7,4,-65
1754125197.62746,4,1,-69
1754125197.66646,2,-2,-68
1754125197.70246,-4,-3,-61
1754125197.74146,1,0,-62
1754125197.77846,0,-4,-68
1754125197.81746,0,-4,-72
1754125197.8554602,-2,-7,-72
1754125197.8914602,-1,-5,-67
1754125197.93046,-6,-4,-61
1754125197.9674602,-3,3,-69
1754125198.0064602,0,-1,-68
1754125198.0424602,4,0,-83
1754125198.08046,1,6,-74
1754125198.11746,0,-2,-71
1754125198.15646,-2,0,-53
1754125198.19246,0,-5,-58
1754125198.2304602,3,-3,-57
1754125198.26846,-2,-4,-67
1754125198.30646,0,-3,-69
1754125198.3454602,-1,-6,-56
1754125198.3814602,2,-5,-60
1754125198.41946,4,-3,-65
1754125198.4574602,0,2,-78
1754125198.4964602,-1,-3,-77
1754125198.5324602,-3,0,-78
1754125198.5694602,-1,0,-79
1754125198.60746,-6,-5,-68
1754125198.64646,-8,-2,-63
1754125198.68246,2,0,-67
1754125198.71946,-2,-1,-51
1754125198.75746,-3,0,-59
1754125198.79546,-1,7,-65
1754125198.83146,-1,2,-53
1754125198.87746,0,-6,-66
1754125198.91546,-4,-2,-60
1754125198.9514601,-8,6,-70
1754125198.98946,-5,2,-67
1754125199.02746,1,-3,-64
1754125199.0664601,3,0,-60
1754125199.1024601,0,0,-65
1754125199.13946,0,-3,-56
1754125199.1774602,-1,-1,-61
1754125199.21646,-4,0,-69
1754125199.25246,-1,-3,-67
1754125199.29046,1,0,-63
1754125199.3294601,0,5,-67
1754125199.36746,4,0,-69
1754125199.4054601,-3,0,-62
1754125199.4414601,0,2,-68
1754125199.47946,-1,0,-60
1754125199.51746,-3,-2,-63
1754125199.55546,7,-3,-59
1754125199.59146,0,-8,-60
1754125199.6284602,2,-2,-65
1754125199.6674602,-4,1,-68
1754125199.70546,0,1,-62
1754125199.74146,-1,-3,-60
1754125199.7794602,-10,-1,-84
1754125199.81746,-9,1,-69
1754125199.85646,-1,-3,-59
1754125199.89246,-2,-4,-63
1754125199.93046,3,2,-59
1754125199.96846,0,3,-65
