time,x,y,z
1755867600.0189445,3,-3,-73
1755867600.0549445,1,-2,-72
1755867600.0929446,-4,-6,-61
1755867600.1309447,0,-3,-74
1755867600.1699443,5,1,-72
1755867600.2059443,3,2,-67
1755867600.2429447,0,2,-77
1755867600.2809446,0,-3,-81
1755867600.3169446,0,-3,-74
1755867600.3549447,7,-1,-73
1755867600.3929446,2,-3,-66
1755867600.4309447,0,-4,-70
1755867600.4699447,2,-5,-74
1755867600.5059447,-2,0,-79
1755867600.542945,8,4,-75
1755867600.5809443,4,2,-74
1755867600.6169446,-4,1,-73
1755867600.654945,-2,1,-78
1755867600.6929443,-7,2,-73
1755867600.7309446,-3,-2,-70
1755867600.769945,-3,-2,-80
1755867600.8059447,-6,-3,-65
1755867600.8439443,5,8,-62
1755867600.881945,1,-6,-69
1755867600.9199443,-1,-4,-67
1755867600.9559443,1,0,-71
1755867600.9929447,0,0,-73
1755867601.0309446,7,-2,-76
1755867601.0669446,-4,-1,-76
1755867601.1049447,-5,-6,-72
1755867601.1429446,-1,0,-83
1755867601.1819446,-6,-2,-82
1755867601.2199447,-5,1,-87
1755867601.2559447,0,-4,-86
1755867601.292945,5,1,-80
1755867601.3309443,2,-1,-69
1755867601.3669446,3,3,-71
1755867601.4039447,4,0,-64
1755867601.4419446,7,-1,-65
1755867601.4799447,3,0,-74
1755867601.5159447,5,5,-75
1755867601.5539446,2,2,-69
1755867601.5919447,-2,1,-62
1755867601.6299446,0,4,-77
1755867601.6659446,0,-5,-76
1755867601.7039447,1,1,-72
1755867601.7419446,3,0,-68
1755867601.779945,-5,-2,-79
1755867601.815945,0,1,-77
1755867601.8539443,-2,0,-69
1755867601.8919446,1,-1,-70
1755867601.9309447,-4,6,-69
1755867601.9669447,-9,11,-68
1755867602.0059447,7,8,-71
1755867602.042945,6,-2,-72
1755867602.0819447,0,1,-69
1755867602.1179447,2,-4,-70
1755867602.1559446,9,3,-74
1755867602.1929443,0,2,-83
1755867602.2319446,6,1,-72
1755867602.2679446,0,1,-69
1755867602.3059447,2,-2,-59
1755867602.3439443,6,0,-66
1755867602.381945,2,-1,-67
1755867602.417945,-1,3,-68
1755867602.4559443,7,0,-65
1755867602.4929447,-3,-4,-71
1755867602.5319445,-1,-7,-61
1755867602.5679443,-4,-10,-68
1755867602.6059446,2,-11,-63
1755867602.6439445,8,3,-63
1755867602.6819446,4,4,-63
1755867602.7179446,6,-3,-64
1755867602.7559447,-1,-3,-65
1755867602.7939446,-9,0,-74
1755867602.8329446,-5,2,-70
1755867602.8709445,-1,4,-69
1755867602.907945,0,2,-70
1755867602.9449446,-3,-3,-66
1755867602.9829447,-4,-1,-69
1755867603.0219443,0,2,-65
1755867603.0579443,-3,-2,-75
1755867603.0959446,2,2,-73
1755867603.1329446,-8,-3,-65
1755867603.1719446,0,2,-77
1755867603.2079446,-7,-1,-75
1755867603.2459445,-7,-6,-73
1755867603.2849443,3,0,-80
1755867603.3229446,-1,0,-78
1755867603.3609445,-9,3,-69
1755867603.3969443,0,-1,-72
1755867603.4349446,0,0,-69
1755867603.4729445,1,3,-69
1755867603.5109446,-7,4,-69
1755867603.5469446,-10,4,-65
1755867603.5849447,-5,1,-73
1755867603.6229446,-5,1,-67
1755867603.6609447,2,-4,-68
1755867603.6969447,7,-5,-69
1755867603.7349446,6,1,-70
1755867603.7729447,5,2,-71
1755867603.8089447,5,1,-64
1755867603.8459446,1,1,-68
1755867603.8829446,0,-1,-76
1755867603.9219446,-4,1,-66
1755867603.9579446,-2,2,-68
1755867603.9959445,-2,-9,-63
1755867604.032945,-2,-10,-57
1755867604.0719447,1,0,-65
1755867604.1079447,0,1,-76
1755867604.1459446,-4,0,-71
1755867604.1829443,0,2,-66
1755867604.2189443,0,0,-66
1755867604.2559447,10,-5,-67
1755867604.2939446,3,-5,-70
1755867604.3329446,-8,4,-78
1755867604.3689446,-3,-2,-79
1755867604.4069445,1,-2,-64
1755867604.4459443,-4,1,-66
1755867604.483945,0,3,-68
1755867604.5219443,0,-2,-80
1755867604.5579443,-6,3,-74
1755867604.5949447,0,0,-74
1755867604.6339445,3,5,-81
1755867604.6719446,8,3,-71
1755867604.7079446,8,0,-70
1755867604.7459445,0,-6,-71
1755867604.7839446,4,1,-72
1755867604.8219447,0,0,-79
1755867604.8579447,3,6,-76
1755867604.8959446,-1,3,-74
1755867604.9339447,-5,2,-74
1755867604.9719446,1,-3,-74
1755867605.0079446,1,2,-68
1755867605.0459447,0,0,-66
1755867605.0839446,0,-1,-59
1755867605.121945,-5,0,-60
1755867605.157945,-6,-2,-68
1755867605.1959443,-1,-3,-69
1755867605.233945,6,-4,-83
1755867605.2729447,-4,-4,-69
1755867605.3169446,-5,-3,-74
1755867605.3549447,1,-5,-72
1755867605.3939445,0,0,-73
1755867605.4319446,1,0,-75
1755867605.4679446,6,0,-82
1755867605.5049446,-4,0,-77
1755867605.5439446,1,2,-76
1755867605.5799446,-4,2,-75
1755867605.6169446,-8,-7,-78
1755867605.654945,5,-2,-65
1755867605.6939447,5,3,-63
1755867605.7299447,-3,-3,-68
1755867605.7679446,3,1,-60
1755867605.8049445,0,2,-66
1755867605.8429446,-7,3,-77
1755867605.8789446,-2,0,-81
1755867605.9159446,0,0,-72
1755867605.9539447,1,0,-67
1755867605.9899447,-1,6,-70
1755867606.0289447,-4,0,-63
1755867606.065945,-4,-1,-69
1755867606.1039443,1,0,-68
1755867606.1429446,-2,-1,-69
1755867606.1789446,0,-1,-72
1755867606.2159443,1,4,-69
1755867606.2539446,7,0,-71
1755867606.2899446,1,-1,-73
1755867606.3269446,-6,0,-68
1755867606.3659446,3,14,-65
1755867606.4039447,6,7,-68
1755867606.4399445,7,3,-78
1755867606.4769447,3,5,-65
1755867606.5149446,0,5,-78
1755867606.552945,3,-5,-80
1755867606.588945,5,-4,-70
1755867606.6269443,-1,1,-72
1755867606.6659446,-1,4,-72
1755867606.7039447,-1,0,-73
1755867606.7399447,0,3,-76
1755867606.7769446,2,-5,-66
1755867606.815945,2,-1,-66
1755867606.8539443,-1,0,-67
1755867606.8899446,-8,8,-65
1755867606.927945,-1,6,-60
1755867606.9659443,0,3,-67
1755867607.0039446,0,0,-80
1755867607.0399446,-4,-5,-70
1755867607.0779445,0,2,-73
1755867607.1169446,0,-7,-70
1755867607.154945,2,0,-72
1755867607.1929443,0,2,-77
1755867607.2289443,10,0,-66
1755867607.2669446,5,-2,-65
1755867607.3049445,6,1,-63
1755867607.3429446,4,3,-63
1755867607.3789446,6,-3,-73
1755867607.4169445,0,-2,-59
1755867607.4549446,-5,-1,-70
1755867607.4909446,-1,2,-74
1755867607.5289447,-7,2,-69
1755867607.5669446,1,8,-75
1755867607.6049447,0,0,-69
1755867607.6409447,3,-3,-66
1755867607.6789446,-1,-6,-80
1755867607.7169447,-5,-2,-76
1755867607.7549446,-3,-3,-73
1755867607.7939446,-1,-1,-66
1755867607.8299446,-12,-5,-72
1755867607.8679447,1,-5,-69
1755867607.9059446,3,-4,-73
1755867607.9449446,-6,3,-73
1755867607.9809446,2,4,-72
1755867608.0189445,2,6,-62
1755867608.0559447,-3,3,-75
1755867608.0949447,-3,4,-66
1755867608.1309447,0,0,-65
1755867608.1689446,0,2,-72
1755867608.2059443,2,-5,-83
1755867608.2449446,2,0,-85
1755867608.2809446,7,-5,-80
1755867608.3189447,5,-4,-68
1755867608.3579447,4,-1,-74
1755867608.3959446,6,3,-65
1755867608.4339447,2,5,-70
1755867608.4699447,0,4,-74
1755867608.506945,-4,-1,-62
1755867608.5459447,2,-2,-66
1755867608.5839446,-3,-1,-76
1755867608.6199446,-6,-6,-83
1755867608.657945,-9,-1,-80
1755867608.6959443,-3,-2,-71
1755867608.7349446,-2,-1,-61
1755867608.7709446,-1,4,-76
1755867608.8079443,0,-5,-70
1755867608.8459446,0,3,-63
1755867608.8839445,-3,4,-75
1755867608.9199443,-1,2,-78
1755867608.9579446,2,-4,-81
1755867608.9959445,0,-7,-60
1755867609.0349443,0,-3,-64
1755867609.0709443,1,-7,-73
1755867609.1079447,5,-3,-69
1755867609.1459446,4,1,-70
1755867609.1819446,12,2,-69
1755867609.2199447,1,2,-76
1755867609.2579446,-1,0,-76
1755867609.2959447,1,-12,-73
1755867609.3319447,0,-4,-73
1755867609.3699446,1,-3,-79
1755867609.4069445,-5,0,-67
1755867609.4459443,-2,3,-61
1755867609.4819446,-2,7,-78
1755867609.519945,6,2,-64
1755867609.5579443,0,-8,-70
1755867609.5959446,-4,-8,-81
1755867609.631945,-2,-4,-71
1755867609.6699443,3,0,-72
1755867609.7069447,-1,-2,-85
1755867609.7459445,3,0,-75
1755867609.7819445,0,0,-76
1755867609.8199446,4,0,-80
1755867609.8569446,-5,4,-84
1755867609.8959446,1,6,-73
1755867609.9329443,10,-2,-76
1755867609.9699447,2,-1,-77
1755867610.0079446,1,0,-87
1755867610.0459447,0,-5,-75
1755867610.0819447,1,-1,-79
1755867610.1199446,-8,-5,-78
1755867610.157945,0,-3,-72
1755867610.1969447,-3,-8,-77
1755867610.2349446,-2,2,-75
1755867610.2709446,0,0,-74
1755867610.3079443,3,0,-68
1755867610.3459446,10,4,-71
1755867610.381945,19,5,-75
1755867610.4199443,4,0,-76
1755867610.4569447,-3,1,-79
1755867610.4959445,-3,-2,-75
1755867610.5319445,-3,0,-80
1755867610.5699446,-2,-1,-74
1755867610.6079447,-3,-1,-64
1755867610.6469443,-6,3,-69
1755867610.6849446,0,4,-74
1755867610.7209446,0,0,-62
1755867610.7579446,0,-7,-73
1755867610.7969446,-3,0,-77
1755867610.8349447,-8,-2,-70
1755867610.8709445,-5,-2,-68
1755867610.9089446,1,-9,-67
1755867610.9469447,-2,-5,-69
1755867610.9859445,0,0,-66
1755867611.0219443,7,2,-82
1755867611.0589447,1,1,-76
1755867611.0969446,-4,7,-76
1755867611.1329446,-6,1,-65
1755867611.1699443,-1,4,-77
1755867611.2079446,-2,7,-75
1755867611.246945,-3,2,-65
1755867611.282945,-4,2,-81
1755867611.3209443,1,2,-70
1755867611.3579447,6,8,-80
1755867611.3959446,-2,5,-80
1755867611.4329443,-3,4,-76
1755867611.4699447,0,-1,-80
1755867611.5079446,-1,-5,-78
1755867611.5469446,-4,3,-80
1755867611.5829446,-2,2,-82
1755867611.6209445,-1,2,-70
1755867611.6589446,0,-8,-74
1755867611.6979446,-7,-8,-71
1755867611.7359445,-7,0,-71
1755867611.7719443,-7,0,-64
1755867611.8099446,-3,-2,-63
1755867611.8479445,-6,2,-59
1755867611.8869443,5,-1,-67
1755867611.9229443,3,-2,-73
1755867611.9599447,2,-4,-60
1755867611.9979446,2,-10,-74
1755867612.0369446,3,-2,-56
1755867612.0739446,0,3,-72
1755867612.1109445,-3,3,-67
1755867612.1489446,0,1,-67
1755867612.1869447,8,1,-60
1755867612.2229445,4,8,-67
1755867612.2609446,3,6,-75
1755867612.2979443,6,1,-74
1755867612.335945,-1,1,-77
1755867612.371945,-2,0,-69
1755867612.4089446,-4,-2,-74
1755867612.4479446,-2,-1,-63
1755867612.4859445,-2,-3,-63
1755867612.5219443,-4,3,-61
1755867612.5589447,-1,-5,-64
1755867612.5979445,10,-4,-76
1755867612.6359446,11,-3,-73
1755867612.6719446,5,-3,-72
1755867612.7089446,-2,2,-68
1755867612.7479446,-1,-2,-75
1755867612.7839446,-1,-6,-63
1755867612.8219447,4,-9,-63
1755867612.8609445,5,-4,-66
1755867612.8979447,-2,1,-69
1755867612.9369447,1,1,-69
1755867612.9729445,5,0,-76
1755867613.0109446,0,0,-73
1755867613.0479443,1,-1,-62
1755867613.0869446,0,2,-70
1755867613.1229446,-8,2,-81
1755867613.1609447,-5,0,-76
1755867613.1989446,-6,8,-68
1755867613.2379446,0,3,-67
1755867613.2739446,0,-1,-76
1755867613.3109446,2,2,-79
1755867613.348945,7,1,-74
1755867613.3869443,-1,2,-73
1755867613.4229443,3,-2,-76
1755867613.460945,6,4,-73
1755867613.4989443,0,3,-77
1755867613.5369446,-4,0,-76
1755867613.5729446,-5,1,-79
1755867613.6109445,4,0,-74
1755867613.6489446,3,-11,-59
1755867613.6869447,3,-2,-73
1755867613.7229445,4,-4,-67
1755867613.7609446,0,-1,-65
1755867613.7989447,-3,-2,-77
1755867613.8379445,-2,4,-74
1755867613.8739443,5,1,-76
1755867613.9109447,5,-3,-73
1755867613.9489446,5,-1,-73
1755867613.9879446,3,0,-75
1755867614.0239446,-5,0,-67
1755867614.0619447,-2,-4,-62
1755867614.098945,-8,-7,-69
1755867614.1379447,-7,5,-75
1755867614.1739447,5,-4,-77
1755867614.210945,1,1,-70
1755867614.2489443,5,-6,-70
1755867614.2869446,0,-4,-72
1755867614.3229446,-2,-4,-86
1755867614.3609445,-4,4,-81
1755867614.3989446,-6,-1,-74
1755867614.437945,-1,-2,-66
1755867614.473945,2,-5,-77
1755867614.5109446,2,0,-72
1755867614.5489447,1,0,-66
1755867614.5849447,0,0,-80
1755867614.621945,-2,6,-69
1755867614.6609447,-3,-1,-61
1755867614.6989446,7,-3,-66
1755867614.7349446,-2,-4,-66
1755867614.7739446,-4,-6,-71
1755867614.8109446,1,-2,-70
1755867614.848945,-2,0,-69
1755867614.8879447,9,-2,-65
1755867614.9239447,3,1,-61
1755867614.960945,-1,0,-69
1755867614.9989443,-1,-1,-69
1755867615.0379446,2,3,-86
1755867615.0739446,0,-3,-80
1755867615.1109445,3,-3,-80
1755867615.1489446,5,0,-74
1755867615.1849446,0,0,-76
1755867615.2219446,-1,-1,-79
1755867615.259945,4,0,-89
1755867615.2989447,2,-2,-76
1755867615.3439443,6,0,-74
1755867615.3809447,2,-6,-74
1755867615.4199443,0,-3,-80
1755867615.4579446,-2,1,-83
1755867615.4939446,0,1,-86
1755867615.5319445,0,2,-86
1755867615.5699446,-2,-4,-82
1755867615.6079447,5,4,-80
1755867615.6439445,7,-4,-69
1755867615.6809447,1,-5,-81
1755867615.7199447,0,-5,-54
1755867615.7579446,-3,0,-65
1755867615.7939446,-3,0,-69
1755867615.8309443,-8,7,-58
1755867615.8699446,-6,3,-70
1755867615.907945,5,4,-70
1755867615.9439447,4,-3,-62
1755867615.9809446,7,0,-65
1755867616.0189445,0,1,-66
1755867616.0549445,-1,-2,-78
1755867616.0929446,0,-3,-69
1755867616.1309447,6,-6,-76
1755867616.1699443,2,-2,-63
1755867616.2079446,2,-1,-57
1755867616.2439446,4,-6,-54
1755867616.2809446,-2,-1,-64
1755867616.3199446,1,0,-67
1755867616.3559446,0,2,-73
1755867616.3929446,-4,-3,-74
1755867616.4309447,0,-4,-71
1755867616.4699447,-2,-4,-80
1755867616.506945,-2,3,-75
1755867616.5439446,-1,-3,-77
1755867616.5819447,2,-4,-80
1755867616.6199446,-3,0,-69
1755867616.6589446,-1,0,-67
1755867616.6949446,2,-5,-65
1755867616.7319446,2,-10,-71
1755867616.769945,-7,0,-63
1755867616.8089447,-4,2,-69
1755867616.8449447,-2,2,-67
1755867616.881945,0,0,-68
1755867616.9199443,3,0,-71
1755867616.9559443,0,-2,-69
1755867616.9939446,0,0,-67
1755867617.0309446,0,0,-76
1755867617.0689447,-3,-4,-64
1755867617.1049447,-3,2,-77
1755867617.1429446,3,-3,-82
1755867617.1809447,-1,-2,-76
1755867617.2199447,-1,-4,-69
1755867617.2559447,0,-5,-68
1755867617.2939446,1,8,-74
1755867617.3309443,3,3,-58
1755867617.3689446,4,-5,-69
1755867617.404945,3,-8,-76
1755867617.4419446,-1,0,-75
1755867617.4809446,-2,-3,-92
1755867617.5189445,-4,-4,-88
1755867617.5549445,-5,-2,-92
1755867617.5929446,-2,-1,-83
1755867617.6309447,-2,-5,-63
1755867617.6699443,-1,-5,-63
1755867617.7069447,0,-4,-73
1755867617.7439446,3,-6,-76
1755867617.7819445,-3,-8,-75
1755867617.8209443,-8,-4,-71
1755867617.858945,0,2,-75
1755867617.894945,0,3,-62
1755867617.9319446,0,1,-74
1755867617.9709446,-5,0,-67
1755867618.0089445,0,0,-71
1755867618.0449443,2,-1,-72
1755867618.0819447,0,0,-68
1755867618.1199446,-4,-2,-72
1755867618.1569445,-8,-4,-70
1755867618.1939447,-9,-4,-70
1755867618.2319446,-7,-7,-68
1755867618.2709446,0,-6,-80
1755867618.3069446,5,-3,-68
1755867618.3439443,7,-1,-78
1755867618.381945,4,-2,-73
1755867618.4209447,-5,-1,-76
1755867618.4569447,-3,-7,-66
1755867618.4949446,-3,0,-69
1755867618.532945,2,-3,-65
1755867618.5719447,-5,-4,-76
1755867618.6099446,-3,-1,-69
1755867618.6459446,3,0,-67
1755867618.6829443,2,-2,-69
1755867618.7209446,0,-8,-69
1755867618.759945,1,-7,-68
1755867618.7959447,-1,-2,-72
1755867618.8339446,-2,3,-62
1755867618.871945,-3,0,-77
1755867618.9109447,1,6,-74
1755867618.9469447,3,0,-73
1755867618.983945,1,7,-63
1755867619.0219443,1,0,-71
1755867619.0599446,1,-2,-70
1755867619.0959446,-3,-6,-84
1755867619.1339445,7,-6,-72
1755867619.1729443,-2,-4,-69
1755867619.210945,-7,-6,-76
1755867619.246945,-3,-1,-70
1755867619.2859447,5,-3,-69
1755867619.3229446,4,-12,-75
1755867619.361945,3,-10,-75
1755867619.3999443,9,-6,-71
1755867619.4359446,4,-7,-70
1755867619.4729445,0,0,-79
1755867619.5119443,-6,-1,-73
1755867619.5499446,5,0,-65
1755867619.585945,7,-5,-66
1755867619.6239443,5,-7,-63
1755867619.6619446,0,-5,-67
1755867619.700945,-2,-3,-75
1755867619.736945,5,0,-75
1755867619.7739446,2,2,-68
1755867619.8119447,2,-2,-71
1755867619.8499446,0,-4,-70
1755867619.8859446,-1,1,-70
1755867619.9239447,0,7,-77
1755867619.9619446,-6,6,-70
1755867619.9979446,1,0,-73
1755867620.0349443,6,0,-65
1755867620.0739446,-7,0,-76
1755867620.111945,-6,-5,-70
1755867620.1479447,-3,-2,-69
1755867620.1869447,4,-3,-66
1755867620.223945,-4,-1,-71
1755867620.2619443,-7,-1,-80
1755867620.3009446,-4,2,-77
1755867620.3369446,-3,3,-79
1755867620.3739443,-4,2,-69
1755867620.4119446,-3,2,-60
1755867620.450945,-3,-1,-55
1755867620.486945,0,2,-67
1755867620.5239446,5,4,-68
1755867620.5619447,3,1,-74
1755867620.5979445,7,-3,-84
1755867620.6359446,0,-5,-66
1755867620.6739447,-1,2,-66
1755867620.7129445,3,-1,-69
1755867620.7509446,2,0,-64
1755867620.7869446,2,-5,-70
1755867620.8249447,4,-2,-70
1755867620.8629446,0,0,-67
1755867620.9019446,0,-6,-68
1755867620.937945,2,-10,-80
1755867620.9759445,2,-2,-71
1755867621.0139446,-2,6,-66
1755867621.052945,-2,1,-61
1755867621.0909443,-5,0,-70
1755867621.1269443,1,1,-72
1755867621.1639447,0,0,-68
1755867621.2019446,2,5,-69
1755867621.2379446,-3,5,-71
1755867621.2759447,2,0,-70
1755867621.3139446,6,0,-69
1755867621.3519447,5,0,-66
1755867621.3879447,2,-1,-70
1755867621.4269447,-1,2,-61
1755867621.463945,0,9,-75
1755867621.5019443,0,2,-73
1755867621.5379446,8,-4,-82
1755867621.5769446,0,-4,-77
1755867621.6139443,2,-6,-73
1755867621.6529446,1,5,-68
1755867621.6889446,0,1,-60
1755867621.7269447,0,9,-75
1755867621.7649446,3,10,-71
1755867621.802945,-1,-6,-80
1755867621.8419447,-1,3,-74
1755867621.8779447,-5,-4,-66
1755867621.9159446,-7,-2,-79
1755867621.9539447,-3,-1,-72
1755867621.9929447,-7,3,-69
1755867622.0289447,-6,0,-72
1755867622.0669446,-6,-1,-65
1755867622.1049447,-3,-6,-75
1755867622.1429446,0,-2,-70
1755867622.1819446,-1,-1,-72
1755867622.2179446,4,1,-74
1755867622.2549446,4,-4,-84
1755867622.292945,-6,-1,-78
1755867622.3319447,-5,-2,-71
1755867622.3679447,5,-3,-79
1755867622.404945,0,5,-77
1755867622.4429443,0,5,-84
1755867622.4789443,-8,2,-77
1755867622.5159447,-3,-1,-81
1755867622.5539446,0,1,-81
1755867622.5929446,6,7,-79
1755867622.6289446,4,5,-79
1755867622.6659446,4,1,-74
1755867622.7039447,2,-1,-74
1755867622.7419446,5,-2,-68
1755867622.7779446,2,0,-71
1755867622.8149445,3,0,-77
1755867622.8539443,9,-1,-78
1755867622.8919446,0,1,-76
1755867622.927945,0,-1,-66
1755867622.9649446,2,1,-65
1755867623.0039446,0,-1,-74
1755867623.0419445,-5,-5,-64
1755867623.0779445,0,2,-78
1755867623.1149447,-1,9,-69
1755867623.1539447,-5,1,-70
1755867623.1919446,2,-2,-67
1755867623.2279446,3,-1,-69
1755867623.2659447,-3,-5,-69
1755867623.3039446,-2,-7,-69
1755867623.3419447,-4,-13,-71
1755867623.3779447,-1,-7,-73
1755867623.4159446,1,0,-80
1755867623.4539447,1,3,-75
1755867623.4899447,2,5,-64
1755867623.5269446,-6,0,-75
1755867623.565945,-2,-1,-70
1755867623.6039443,7,0,-76
1755867623.6399446,-2,1,-75
1755867623.6769447,4,-3,-77
1755867623.7149446,2,-6,-64
1755867623.7539446,3,-5,-69
1755867623.7899446,5,-5,-70
1755867623.8269446,6,-7,-61
1755867623.8649447,7,0,-74
1755867623.9039447,0,-2,-65
1755867623.9399445,1,1,-73
1755867623.9769447,-4,0,-71
1755867624.0149446,-6,-2,-72
1755867624.0539446,1,5,-63
1755867624.0899446,2,0,-74
1755867624.1269443,-4,-4,-69
1755867624.1649446,-1,0,-72
1755867624.2039447,-6,0,-70
1755867624.2399447,-10,0,-69
1755867624.2769446,0,-2,-75
1755867624.3149445,-4,-1,-78
1755867624.3539443,-6,1,-63
1755867624.3899446,1,0,-71
1755867624.4269447,-4,1,-76
1755867624.4649446,0,1,-71
1755867624.5039446,0,4,-70
1755867624.5399446,-5,8,-75
1755867624.5769446,-2,0,-71
1755867624.6149447,-5,2,-73
1755867624.6539447,-4,7,-75
1755867624.6899445,2,0,-78
1755867624.7269447,-2,-4,-70
1755867624.7649446,-3,3,-60
1755867624.8039446,0,-3,-77
1755867624.8399446,1,3,-69
1755867624.8769443,-5,2,-76
1755867624.9149446,3,0,-76
1755867624.9539447,1,6,-73
1755867624.9899447,0,5,-70
1755867625.0269446,0,3,-75
1755867625.0649445,-3,-1,-77
1755867625.1029446,5,0,-75
1755867625.1389446,0,7,-68
1755867625.1759446,0,0,-63
1755867625.2149446,1,3,-78
1755867625.2529447,3,1,-84
1755867625.2889447,-2,-5,-74
1755867625.3269446,-5,-3,-76
1755867625.3709445,-1,-1,-67
1755867625.4099443,2,-5,-71
1755867625.4469447,0,-5,-68
1755867625.4859445,3,-10,-78
1755867625.5239446,0,-3,-80
1755867625.5599446,-1,-2,-77
1755867625.598945,-1,4,-72
1755867625.6359446,1,-2,-78
1755867625.6749446,-1,-4,-78
1755867625.710945,0,2,-57
1755867625.7489443,5,3,-54
1755867625.7859447,14,0,-62
1755867625.8239446,5,4,-74
1755867625.8599446,4,4,-62
1755867625.8969443,4,0,-54
1755867625.9359446,6,1,-57
1755867625.973945,4,0,-58
1755867626.009945,4,-1,-68
1755867626.0469446,-3,-2,-72
1755867626.085945,7,5,-68
1755867626.1239443,13,8,-65
1755867626.1599443,4,0,-71
1755867626.1969447,4,-4,-80
1755867626.2359445,9,0,-74
1755867626.2739446,1,-3,-78
1755867626.3099446,-2,-1,-63
1755867626.3479445,-3,2,-71
1755867626.3859446,-1,-8,-80
1755867626.4249446,-1,-3,-63
1755867626.460945,0,0,-68
1755867626.4979446,3,-7,-62
1755867626.5359447,-3,-4,-61
1755867626.5749447,-10,2,-78
1755867626.6109445,-5,5,-79
1755867626.6479447,0,0,-72
1755867626.6859446,2,0,-71
1755867626.723945,-2,3,-76
1755867626.759945,1,-1,-72
1755867626.7969446,-1,-4,-79
1755867626.835945,-1,4,-79
1755867626.8739443,-4,-1,-76
1755867626.9099443,-1,-7,-76
1755867626.9489446,1,-2,-72
1755867626.9859445,1,-1,-74
1755867627.0249443,0,-2,-72
1755867627.0609446,-1,2,-59
1755867627.0979445,-6,0,-65
1755867627.1359446,-8,-2,-78
1755867627.1749446,-7,0,-72
1755867627.210945,-7,1,-74
1755867627.2479446,2,-2,-73
1755867627.2859447,-1,3,-77
1755867627.3249447,-6,0,-69
1755867627.3609445,-8,0,-73
1755867627.3979447,0,-1,-83
1755867627.4359446,1,4,-69
1755867627.4719446,2,3,-75
1755867627.509945,1,2,-68
1755867627.5469446,1,-3,-73
1755867627.585945,1,0,-83
1755867627.621945,-4,-1,-69
1755867627.6599443,-3,7,-59
1755867627.6979446,-5,3,-67
1755867627.7359445,5,0,-59
1755867627.7719443,1,0,-64
1755867627.8099446,4,0,-65
1755867627.8469446,0,-2,-65
1755867627.8859446,2,0,-67
1755867627.9229443,-4,-1,-72
1755867627.9599447,-4,7,-70
1755867627.9979446,-3,-3,-65
1755867628.0369446,0,0,-72
1755867628.0749447,-4,-6,-83
1755867628.1109445,4,-2,-69
1755867628.1479447,-5,0,-67
1755867628.1869447,4,-1,-64
1755867628.2249446,7,3,-65
1755867628.2609446,5,8,-64
1755867628.2979443,4,7,-75
1755867628.3369446,0,2,-71
1755867628.3749447,-3,0,-80
1755867628.4109447,-4,2,-74
1755867628.4479446,-2,-5,-66
1755867628.486945,-1,-2,-71
1755867628.5249443,-6,-6,-76
1755867628.5609446,-8,1,-79
1755867628.598945,-1,8,-69
1755867628.6369443,-7,5,-74
1755867628.6759446,-4,0,-62
1755867628.7119446,-1,-3,-62
1755867628.7499447,-2,-4,-78
1755867628.7889447,2,0,-70
1755867628.8269446,0,1,-69
1755867628.8629446,-2,4,-69
1755867628.9009447,-1,7,-68
1755867628.9399445,2,7,-69
1755867628.9769447,1,3,-64
1755867629.0129447,1,-1,-69
1755867629.0509446,-9,-4,-82
1755867629.088945,0,-2,-74
1755867629.1269443,-5,-4,-86
1755867629.1659446,-3,-7,-72
1755867629.2019446,-1,0,-72
1755867629.2399447,3,-3,-80
1755867629.2779446,6,-3,-85
1755867629.3169446,-1,-8,-79
1755867629.3529446,2,-4,-74
1755867629.3899446,-2,-4,-68
1755867629.427945,-6,2,-76
1755867629.4669447,-3,0,-66
1755867629.5029447,-2,0,-75
1755867629.5409446,-3,1,-79
1755867629.5789447,-8,3,-78
1755867629.6169446,0,-5,-79
1755867629.6559446,0,-5,-79
1755867629.6919446,2,-3,-75
1755867629.7289443,-2,-6,-69
1755867629.7679446,-7,2,-67
1755867629.8059447,-6,-1,-62
1755867629.8419447,-5,5,-61
1755867629.8789446,0,-2,-68
1755867629.917945,2,-8,-78
1755867629.9559443,-5,2,-67
1755867629.9919446,-1,-4,-77
1755867630.029945,-1,-6,-70
1755867630.0689447,1,-5,-70
1755867630.1069446,-1,2,-67
1755867630.1429446,-3,7,-72
1755867630.1819446,-5,5,-73
1755867630.2189443,6,-5,-65
1755867630.2579446,1,-2,-66
1755867630.2959447,0,2,-71
1755867630.3319447,6,2,-60
1755867630.3689446,9,1,-68
1755867630.4069445,5,3,-65
1755867630.4429443,-1,0,-68
1755867630.4799447,-4,-3,-67
1755867630.5179446,-2,-3,-57
1755867630.5569446,-2,-4,-61
1755867630.5929446,0,0,-69
1755867630.6299446,-1,0,-75
1755867630.667945,-3,2,-75
1755867630.7069447,-4,7,-73
1755867630.7429447,-1,4,-68
1755867630.779945,-2,6,-59
1755867630.8179443,-4,0,-65
1755867630.8569446,-2,7,-70
1755867630.8929446,0,7,-70
1755867630.9299445,4,6,-62
1755867630.9679446,2,6,-62
1755867631.0039446,4,1,-63
1755867631.042945,-2,1,-72
1755867631.0799446,-2,4,-80
1755867631.1179447,-1,7,-69
1755867631.1569445,2,4,-74
1755867631.1929443,9,5,-77
1755867631.2299447,4,2,-66
1755867631.2679446,-1,4,-78
1755867631.3069446,0,-1,-68
1755867631.3429446,-3,-2,-77
1755867631.3809447,-6,-5,-78
1755867631.4189446,-6,-1,-59
1755867631.4579446,0,0,-74
1755867631.4939446,7,3,-75
1755867631.5309446,2,-3,-72
1755867631.5689447,4,-1,-72
1755867631.6079447,-2,-1,-69
1755867631.6439445,2,0,-69
1755867631.6809447,0,6,-71
1755867631.7189443,-6,0,-69
1755867631.7579446,-3,0,-66
1755867631.7939446,0,-2,-71
1755867631.8309443,-2,4,-68
1755867631.8689446,-5,3,-78
1755867631.907945,-4,0,-68
1755867631.9439447,-5,2,-72
1755867631.9819446,-3,4,-66
1755867632.019945,-2,0,-76
1755867632.0589447,-1,3,-65
1755867632.0969446,3,0,-54
1755867632.1329446,6,0,-54
1755867632.1709447,4,-5,-64
1755867632.2099447,8,-4,-68
1755867632.2479446,7,-3,-64
1755867632.2839446,4,3,-76
1755867632.3209443,4,0,-79
1755867632.358945,10,6,-70
1755867632.3969443,-3,11,-69
1755867632.4329443,-2,8,-78
1755867632.4709446,0,2,-76
1755867632.5089445,2,-4,-71
1755867632.5449443,2,-1,-65
1755867632.5819447,9,-6,-75
1755867632.6199446,2,-5,-67
1755867632.6589446,0,-3,-72
1755867632.6949446,5,3,-66
1755867632.7319446,2,2,-80
1755867632.7689445,0,4,-77
1755867632.8059447,0,5,-78
1755867632.8429446,5,-5,-68
1755867632.8809447,8,-5,-57
1755867632.9189446,4,-3,-70
1755867632.9579446,-1,4,-87
1755867632.9939446,-5,-6,-79
1755867633.0319445,1,-4,-76
1755867633.0699446,-3,-2,-80
1755867633.108945,-1,-2,-65
1755867633.144945,2,-2,-69
1755867633.1819446,1,-4,-83
1755867633.2199447,0,-1,-76
1755867633.2589445,0,-5,-80
1755867633.2949443,-2,-4,-75
1755867633.3329446,-4,5,-78
1755867633.3709445,-2,1,-69
1755867633.4099443,0,4,-79
1755867633.4479446,-3,-6,-72
1755867633.483945,-3,-7,-73
1755867633.5229447,0,-1,-68
1755867633.5599446,-1,2,-64
1755867633.598945,-2,-2,-72
1755867633.634945,-2,0,-63
1755867633.6729443,6,0,-73
1755867633.7099447,3,3,-83
1755867633.7489443,4,-1,-88
1755867633.7849443,1,0,-75
1755867633.8229446,0,0,-78
1755867633.8599446,1,-2,-67
1755867633.8989446,-1,1,-62
1755867633.9349446,0,-1,-64
1755867633.9729445,-1,1,-67
1755867634.009945,-1,-1,-81
1755867634.0489447,4,-5,-72
1755867634.0849447,4,-1,-80
1755867634.121945,-1,-7,-74
1755867634.1599443,-10,-7,-77
1755867634.1989446,-1,-2,-72
1755867634.2349446,1,-4,-72
1755867634.2729447,1,-3,-68
1755867634.3099446,0,-3,-69
1755867634.348945,7,-3,-71
1755867634.384945,7,0,-64
1755867634.4219446,5,-5,-68
1755867634.4599447,-4,0,-64
1755867634.4989443,-2,3,-79
1755867634.5349443,3,4,-69
1755867634.5719447,-7,3,-55
1755867634.6099446,-2,3,-67
1755867634.6489446,-9,5,-60
1755867634.6849446,-1,11,-72
1755867634.7219446,8,5,-70
1755867634.759945,-3,12,-69
1755867634.7989447,-2,6,-70
1755867634.8349447,0,2,-67
1755867634.871945,-1,4,-72
1755867634.9099443,3,0,-66
1755867634.9459443,2,5,-80
1755867634.9829447,0,3,-77
1755867635.019945,7,7,-76
1755867635.0589447,0,0,-68
1755867635.0949447,1,2,-75
1755867635.131945,1,3,-67
1755867635.1699443,4,-6,-63
1755867635.2059443,1,-7,-71
1755867635.2439446,3,-7,-67
1755867635.2809446,2,3,-68
1755867635.3189447,2,0,-76
1755867635.3559446,-3,-4,-73
1755867635.4009447,-9,-1,-76
1755867635.4389446,-2,-2,-73
1755867635.4749446,2,0,-73
1755867635.5129447,-3,-3,-69
1755867635.5519447,-2,0,-76
1755867635.5899446,2,-1,-77
1755867635.6259446,-1,-1,-72
1755867635.6649446,0,1,-76
1755867635.7019446,-7,-3,-66
1755867635.7409446,-2,2,-62
1755867635.7789447,0,2,-79
1755867635.8149445,2,1,-71
1755867635.8519447,2,5,-69
1755867635.8909447,0,0,-68
1755867635.9289446,0,-8,-82
1755867635.9649446,6,-3,-70
1755867636.0029447,0,-4,-62
1755867636.0409446,0,3,-72
1755867636.0799446,5,5,-73
1755867636.1159446,1,6,-72
1755867636.1529446,-3,6,-61
1755867636.190945,-1,7,-74
1755867636.2299447,-6,1,-81
1755867636.2669446,-4,-4,-79
1755867636.3039446,0,-2,-78
1755867636.3429446,4,-1,-79
1755867636.3809447,2,11,-76
1755867636.4169445,1,0,-82
1755867636.4539447,-4,1,-77
1755867636.4919446,-3,0,-79
1755867636.5309446,0,-7,-79
1755867636.5669446,5,-1,-74
1755867636.6039443,-3,-4,-79
1755867636.6419446,2,0,-87
1755867636.6809447,-2,4,-72
1755867636.7169447,0,4,-68
1755867636.7539446,0,2,-72
1755867636.7909446,0,-1,-65
1755867636.8299446,-3,0,-71
1755867636.8659446,-6,6,-75
1755867636.9029446,-6,1,-81
1755867636.9419446,-1,0,-69
1755867636.9799447,3,-2,-67
1755867637.0159447,7,3,-67
1755867637.052945,2,0,-61
1755867637.0909443,-3,-3,-72
1755867637.1269443,-1,0,-65
1755867637.1649446,8,2,-72
1755867637.2019446,2,-2,-73
1755867637.2409446,6,1,-76
1755867637.2769446,-2,3,-76
1755867637.3149445,-2,7,-79
1755867637.3519447,-3,3,-78
1755867637.3909447,-4,0,-78
1755867637.4269447,-6,0,-65
1755867637.4649446,-5,-2,-70
1755867637.5019443,6,0,-73
1755867637.5409446,2,4,-78
1755867637.5769446,6,7,-64
1755867637.6149447,9,0,-70
1755867637.6519446,4,4,-72
1755867637.6899445,5,2,-77
1755867637.7259445,2,3,-73
1755867637.7629447,-3,2,-75
1755867637.8019447,-5,4,-66
1755867637.8399446,-2,2,-61
1755867637.8759446,-2,-3,-69
1755867637.9149446,0,7,-74
1755867637.9519446,0,2,-70
1755867637.9879446,3,-1,-59
1755867638.0259447,1,2,-65
1755867638.062945,3,0,-72
1755867638.1009445,-4,-4,-76
1755867638.1369443,1,3,-65
1755867638.1759446,0,3,-80
1755867638.2149446,1,3,-76
1755867638.2519443,5,0,-75
1755867638.2879446,1,0,-71
1755867638.3249447,8,-2,-68
1755867638.3629446,-3,0,-84
1755867638.4019446,-7,4,-78
1755867638.437945,-2,2,-64
1755867638.4749446,0,1,-72
1755867638.5129447,7,6,-66
1755867638.5509446,-1,5,-74
1755867638.5869446,0,0,-70
1755867638.6259446,1,6,-67
1755867638.6629446,2,10,-67
1755867638.7019446,0,9,-71
1755867638.7379446,2,1,-61
1755867638.7749443,-2,-3,-67
1755867638.812945,-2,0,-76
1755867638.8519447,0,1,-67
1755867638.8879447,3,-4,-63
1755867638.9249446,0,1,-71
1755867638.9629445,0,-4,-73
1755867639.0019443,-6,3,-74
1755867639.0379446,-7,0,-73
1755867639.0749447,4,-2,-63
1755867639.1129446,1,-2,-65
1755867639.1519446,-4,-3,-65
1755867639.187945,-3,-1,-68
1755867639.2259445,-6,1,-71
1755867639.2639446,1,4,-66
1755867639.302945,-1,-5,-67
1755867639.3409443,0,0,-81
1755867639.3769443,5,-2,-86
1755867639.4139447,-1,-1,-70
1755867639.4529445,2,5,-64
1755867639.4909446,0,1,-63
1755867639.5269446,3,5,-73
1755867639.5639446,0,-1,-72
1755867639.6029446,-4,-4,-48
1755867639.6389446,-7,-3,-61
1755867639.6769447,-6,8,-74
1755867639.7149446,-2,11,-78
1755867639.7529447,-1,5,-69
1755867639.7919445,-2,7,-71
1755867639.8279445,-3,4,-70
1755867639.8649447,-7,-1,-79
1755867639.9029446,1,-1,-70
1755867639.9419446,2,1,-67
1755867639.9779446,-4,-5,-79
1755867640.0159447,0,1,-88
1755867640.052945,-6,4,-74
1755867640.0919447,4,1,-78
1755867640.1279447,-2,2,-69
1755867640.1649446,1,0,-67
1755867640.2029445,9,4,-81
1755867640.2389443,0,-1,-77
1755867640.2759447,0,-2,-79
1755867640.3139446,0,2,-75
1755867640.3519447,5,0,-67
1755867640.3879447,3,0,-70
1755867640.4249446,2,-3,-73
1755867640.463945,7,-6,-77
1755867640.5019443,3,2,-75
1755867640.5379446,3,-1,-71
1755867640.5749447,4,3,-57
1755867640.6139443,6,2,-75
1755867640.6519446,-4,0,-69
1755867640.687945,-3,-7,-77
1755867640.7259445,2,-7,-82
1755867640.7639446,6,2,-80
1755867640.8019447,1,7,-73
1755867640.8379445,4,10,-73
1755867640.8749447,-2,3,-77
1755867640.9139447,-5,6,-70
1755867640.9519446,0,4,-78
1755867640.9879446,2,5,-69
1755867641.0249443,-7,4,-69
1755867641.0639446,-8,-2,-80
1755867641.1019447,0,0,-84
1755867641.1379447,2,3,-82
1755867641.1749446,-2,-1,-76
1755867641.213945,0,4,-68
1755867641.2519443,4,-1,-66
1755867641.2879446,2,-1,-65
1755867641.325945,1,0,-70
1755867641.3639443,4,2,-77
1755867641.4019446,0,5,-64
1755867641.437945,1,9,-73
1755867641.4769447,6,-2,-65
1755867641.5139446,5,-4,-72
1755867641.552945,1,0,-67
1755867641.588945,3,-6,-68
1755867641.6269443,1,0,-66
1755867641.6639447,-1,-5,-70
1755867641.7029445,-4,-10,-79
1755867641.7389443,-4,-6,-84
1755867641.7769446,0,0,-74
1755867641.815945,-3,0,-73
1755867641.8539443,1,-3,-67
1755867641.8899446,1,-6,-85
1755867641.9269447,6,-2,-75
1755867641.9659443,1,-7,-83
1755867642.0039446,0,-2,-85
1755867642.0399446,-6,-4,-80
1755867642.0779445,0,3,-67
1755867642.1159446,7,0,-71
1755867642.1539447,2,-1,-72
1755867642.1899445,7,-2,-67
1755867642.2269447,6,1,-82
1755867642.2649446,1,0,-87
1755867642.302945,4,0,-81
1755867642.338945,8,0,-73
1755867642.3759446,3,3,-64
1755867642.4149446,-2,0,-61
1755867642.4529445,-6,-2,-67
1755867642.4889443,0,3,-72
1755867642.5259447,2,0,-77
1755867642.5639446,1,3,-71
1755867642.5999446,0,3,-69
1755867642.6369443,0,-5,-66
1755867642.6749446,5,4,-70
1755867642.7129445,4,-1,-67
1755867642.7489443,-4,-1,-70
1755867642.7869446,-5,3,-75
1755867642.8249447,0,0,-84
1755867642.8639443,7,-1,-69
1755867642.8999443,4,4,-80
1755867642.9369447,4,0,-79
1755867642.9749446,-4,-2,-75
1755867643.0129447,0,0,-69
1755867643.0489447,-1,1,-70
1755867643.085945,-1,1,-74
1755867643.1249447,-1,-4,-74
1755867643.1629446,3,-7,-73
1755867643.1989446,-3,-6,-77
1755867643.236945,0,-2,-72
1755867643.2749443,-2,3,-71
1755867643.3139446,0,0,-75
1755867643.3499446,3,-4,-77
1755867643.3869443,-2,-2,-77
1755867643.4249446,-4,-3,-69
1755867643.463945,-1,-1,-70
1755867643.4999447,3,-1,-60
1755867643.5369446,1,6,-74
1755867643.5749447,6,3,-77
1755867643.6109445,5,-7,-71
1755867643.6479447,0,-2,-68
1755867643.6859446,2,-1,-83
1755867643.7249446,-7,7,-74
1755867643.7609446,-10,1,-74
1755867643.7979443,-7,5,-85
1755867643.835945,-6,-3,-80
1755867643.8749447,-4,1,-66
1755867643.9109447,0,6,-69
1755867643.9479446,-3,5,-72
1755867643.986945,-11,-4,-52
1755867644.0249443,-5,-1,-58
1755867644.0609446,2,-2,-68
1755867644.0979445,1,0,-75
1755867644.1359446,0,-1,-71
1755867644.1739447,0,0,-68
1755867644.2099447,-6,-1,-69
1755867644.2479446,-3,-4,-74
1755867644.2859447,-3,-3,-67
1755867644.3249447,-3,0,-65
1755867644.3609445,-2,-3,-69
1755867644.3999443,-2,2,-67
1755867644.4369447,-3,-2,-71
1755867644.4759445,-4,2,-72
1755867644.5139446,3,-2,-74
1755867644.5499446,-1,-4,-79
1755867644.5879445,-1,0,-74
1755867644.6259446,0,-2,-78
1755867644.6649446,-1,4,-72
1755867644.700945,0,0,-71
1755867644.7379446,3,2,-62
1755867644.7759447,-5,0,-74
1755867644.8139446,-5,0,-66
1755867644.8499446,-7,-3,-60
1755867644.8879447,-6,1,-68
1755867644.9259446,4,0,-81
1755867644.963945,-5,7,-79
1755867644.9999447,-4,0,-79
1755867645.0369446,6,-7,-75
1755867645.075945,0,0,-57
1755867645.111945,0,0,-72
1755867645.1489446,0,-1,-67
1755867645.1869447,-6,-3,-69
1755867645.2259445,-1,-4,-73
1755867645.2619443,-7,-3,-76
1755867645.2999446,-3,-2,-75
1755867645.3379445,-3,-2,-66
1755867645.3759446,5,-6,-72
1755867645.4209447,3,-8,-67
1755867645.4589446,-2,0,-71
1755867645.4959445,-3,-3,-66
1755867645.5349443,5,-6,-69
1755867645.5709443,2,-1,-81
1755867645.608945,0,-6,-79
1755867645.6469443,-6,-2,-84
1755867645.6859446,-1,-8,-76
1755867645.7219446,3,-4,-71
1755867645.7589445,7,-4,-74
1755867645.7969446,1,-2,-68
1755867645.835945,0,3,-72
1755867645.871945,1,-2,-76
1755867645.9089446,-1,0,-77
1755867645.9469447,1,0,-67
1755867645.9859445,2,2,-70
1755867646.0219443,1,0,-75
1755867646.0589447,0,0,-80
1755867646.0969446,3,-5,-79
1755867646.134945,3,-3,-69
1755867646.1709447,-2,0,-61
1755867646.2089446,-1,-2,-74
1755867646.246945,2,2,-74
1755867646.2849443,9,1,-79
1755867646.3209443,4,-4,-74
1755867646.3579447,2,-1,-77
1755867646.3969443,1,-2,-75
1755867646.4349446,0,-5,-79
1755867646.4709446,-7,-4,-89
1755867646.5089445,2,4,-75
1755867646.5469446,1,-2,-74
1755867646.585945,4,5,-76
1755867646.621945,-7,0,-70
1755867646.6589446,-4,-1,-76
1755867646.6969447,-8,-4,-76
1755867646.7359445,2,7,-65
1755867646.7719443,-2,6,-67
1755867646.8089447,-4,3,-70
1755867646.8469446,2,4,-66
1755867646.8829446,-3,-1,-61
1755867646.9209447,0,-2,-70
1755867646.9589446,0,1,-81
1755867646.996945,3,0,-75
1755867647.032945,0,1,-73
1755867647.0699446,-1,-1,-75
1755867647.1079447,2,-3,-85
1755867647.1469443,-7,0,-79
1755867647.1829443,0,-3,-74
1755867647.2199447,-3,-3,-75
1755867647.2579446,4,-1,-80
1755867647.2969446,-2,-3,-75
1755867647.3329446,4,-1,-72
1755867647.3709445,-8,0,-76
1755867647.4089446,-2,-1,-77
1755867647.4469447,12,-3,-68
1755867647.4859445,11,0,-76
1755867647.5219443,11,3,-79
1755867647.5599446,5,3,-75
1755867647.5979445,6,3,-78
1755867647.6359446,-3,-1,-71
1755867647.6719446,-2,-2,-72
1755867647.7099447,1,3,-76
1755867647.7479446,1,-11,-76
1755867647.7859447,0,-3,-72
1755867647.8219447,-6,-2,-81
1755867647.8599446,1,1,-78
1755867647.8979447,0,3,-74
1755867647.9359446,-1,9,-69
1755867647.9719446,5,3,-69
1755867648.009945,1,-2,-65
1755867648.0479443,0,2,-68
1755867648.085945,-6,9,-71
1755867648.121945,-3,-2,-74
1755867648.1599443,4,2,-72
1755867648.1979446,3,5,-72
1755867648.2359445,-2,7,-66
1755867648.2719443,8,0,-68
1755867648.3099446,-6,2,-62
1755867648.3479445,0,-4,-77
1755867648.3859446,11,-2,-76
1755867648.4219446,0,0,-80
1755867648.4599447,6,-1,-74
1755867648.4979446,1,-5,-74
1755867648.5359447,0,-11,-65
1755867648.5719447,4,-4,-60
1755867648.6099446,0,3,-76
1755867648.6479447,-1,-3,-72
1755867648.6839447,-4,-7,-71
1755867648.7219446,4,-5,-71
1755867648.759945,4,5,-73
1755867648.7979443,6,0,-82
1755867648.8339446,2,0,-73
1755867648.8709445,2,0,-72
1755867648.907945,-2,0,-68
1755867648.9469447,-1,10,-69
1755867648.9829447,4,5,-70
1755867649.0209446,4,3,-67
1755867649.0589447,1,-2,-68
1755867649.0969446,1,5,-81
1755867649.1329446,0,1,-77
1755867649.1709447,1,1,-75
1755867649.2089446,-1,-1,-73
1755867649.2479446,-5,1,-73
1755867649.2839446,-5,4,-73
1755867649.3209443,-3,-8,-75
1755867649.3599446,0,1,-60
1755867649.3979447,13,0,-63
1755867649.4339447,6,-4,-71
1755867649.4729445,0,-9,-76
1755867649.509945,-5,-4,-82
1755867649.5489447,-2,2,-77
1755867649.5869446,5,-4,-65
1755867649.6229446,-2,1,-61
1755867649.6609447,1,-3,-71
1755867649.6989446,9,-1,-65
1755867649.736945,-2,-2,-80
1755867649.7729447,-8,-4,-77
1755867649.8109446,0,-3,-76
1755867649.848945,1,-6,-71
1755867649.8879447,6,-1,-66
1755867649.9239447,12,3,-71
1755867649.960945,0,-5,-71
1755867649.9989443,-3,-1,-75
1755867650.0379446,-2,4,-80
1755867650.0739446,0,5,-76
1755867650.1109445,-3,2,-74
1755867650.1489446,-4,0,-71
1755867650.187945,-4,0,-72
1755867650.223945,1,0,-86
1755867650.2609446,2,-4,-60
1755867650.2989447,4,-1,-70
1755867650.3379445,-1,2,-68
1755867650.3739443,-4,2,-61
1755867650.4109447,2,-3,-67
1755867650.4489446,7,-1,-68
1755867650.4879446,0,-1,-71
1755867650.5239446,4,2,-67
1755867650.5609446,0,0,-77
1755867650.598945,1,0,-66
1755867650.634945,1,2,-71
1755867650.6719446,0,-6,-68
1755867650.710945,5,-3,-73
1755867650.7489443,6,3,-59
1755867650.7849443,7,-1,-60
1755867650.8219447,2,0,-64
1755867650.8599446,-1,2,-77
1755867650.8979447,-2,-2,-82
1755867650.9339447,-2,-3,-79
1755867650.9719446,0,0,-71
1755867651.0089445,-4,-4,-58
1755867651.0479443,0,-10,-70
1755867651.0839446,7,-1,-68
1755867651.1229446,0,2,-72
1755867651.1599443,-1,2,-82
1755867651.1989446,2,0,-76
1755867651.2349446,1,1,-76
1755867651.2719443,-7,-5,-61
1755867651.3099446,-2,0,-66
1755867651.348945,5,-1,-70
1755867651.384945,0,-10,-66
1755867651.4219446,3,-5,-76
1755867651.4599447,-4,3,-73
1755867651.4989443,-1,0,-81
1755867651.5349443,5,0,-70
1755867651.5719447,4,-2,-66
1755867651.6099446,7,-8,-72
1755867651.6489446,7,-1,-76
1755867651.6849446,1,-4,-68
1755867651.7219446,2,-2,-65
1755867651.759945,7,1,-64
1755867651.7979443,3,7,-62
1755867651.8339446,1,3,-68
1755867651.8709445,2,3,-74
1755867651.9089446,0,-3,-72
1755867651.9449446,1,-1,-58
1755867651.9819446,5,2,-60
1755867652.019945,-3,1,-58
1755867652.0579443,-4,1,-70
1755867652.0939443,4,-1,-77
1755867652.131945,9,-3,-73
1755867652.1709447,0,-2,-76
1755867652.2089446,-3,-3,-69
1755867652.2449446,1,-8,-74
1755867652.2819445,4,-3,-78
1755867652.3209443,0,-5,-75
1755867652.358945,1,-5,-63
1755867652.394945,0,0,-61
1755867652.4319446,-1,0,-62
1755867652.4709446,-4,0,-74
1755867652.5089445,0,0,-74
1755867652.5449443,0,0,-78
1755867652.5819447,1,0,-71
1755867652.6199446,3,-2,-72
1755867652.6569445,6,-5,-81
1755867652.6939447,5,3,-68
1755867652.7319446,1,-1,-77
1755867652.769945,0,0,-64
1755867652.8059447,-5,-5,-73
1755867652.8439443,-4,-8,-60
1755867652.881945,5,-4,-61
1755867652.9209447,-6,-1,-77
1755867652.9589446,1,-6,-81
1755867652.9949446,10,-2,-78
1755867653.032945,-2,1,-85
1755867653.0709443,-4,0,-64
1755867653.1099446,7,-2,-75
1755867653.1459446,2,-4,-70
1755867653.1829443,4,-5,-73
1755867653.2209446,2,-4,-75
1755867653.259945,-2,-9,-70
1755867653.2959447,3,-3,-70
1755867653.3329446,5,0,-79
1755867653.3709445,3,-5,-76
1755867653.4089446,4,-11,-73
1755867653.4459443,5,0,-80
1755867653.4829447,5,0,-77
1755867653.5209446,1,10,-66
1755867653.5589447,0,1,-69
1755867653.5949447,-4,6,-68
1755867653.631945,-5,5,-70
1755867653.6709447,-7,4,-65
1755867653.7089446,-4,4,-71
1755867653.7449446,-1,-2,-74
1755867653.782945,2,-1,-59
1755867653.8209443,6,0,-63
1755867653.8599446,1,1,-68
1755867653.8959446,0,0,-79
1755867653.9329443,1,-6,-77
1755867653.9719446,0,-3,-77
1755867654.009945,-1,-4,-76
1755867654.0459447,-2,-3,-70
1755867654.0839446,-1,-1,-71
1755867654.121945,4,-2,-72
1755867654.1609447,7,4,-69
1755867654.1969447,3,1,-67
1755867654.233945,3,0,-75
1755867654.2719443,5,0,-84
1755867654.3099446,1,-2,-74
1755867654.3459446,-4,5,-63
1755867654.3829446,4,1,-77
1755867654.4209447,-2,5,-65
1755867654.4569447,0,0,-63
1755867654.4959445,-5,0,-67
1755867654.532945,-2,-2,-75
1755867654.5709443,-6,0,-74
1755867654.6099446,-2,6,-63
1755867654.6459446,0,10,-70
1755867654.6839447,1,3,-80
1755867654.7219446,0,-4,-64
1755867654.759945,0,-2,-68
1755867654.7969446,0,-6,-74
1755867654.8339446,3,1,-71
1755867654.871945,0,-1,-75
1755867654.9099443,-1,0,-72
1755867654.9459443,5,0,-65
1755867654.9829447,0,0,-67
1755867655.0219443,-6,2,-70
1755867655.0599446,-2,-1,-70
1755867655.0959446,0,-5,-65
1755867655.1329446,1,0,-77
1755867655.1719446,7,-5,-66
1755867655.2099447,4,-2,-75
1755867655.2459445,8,-6,-68
1755867655.2839446,1,-6,-68
1755867655.3219447,-3,0,-71
1755867655.3609445,2,-5,-81
1755867655.3969443,4,1,-92
1755867655.4429443,0,0,-80
1755867655.4809446,-6,-4,-77
1755867655.5169446,-2,0,-67
1755867655.5549445,-1,4,-84
1755867655.5929446,-5,0,-75
1755867655.6309447,-6,-2,-77
1755867655.6669445,-2,0,-70
1755867655.7039447,2,0,-71
1755867655.7419446,3,5,-79
1755867655.779945,0,2,-76
1755867655.815945,-5,-3,-58
1755867655.8539443,0,-4,-63
1755867655.8919446,2,1,-87
1755867655.9309447,-1,2,-76
1755867655.9669447,2,1,-73
1755867656.0039446,10,-6,-68
1755867656.0419445,-3,2,-66
1755867656.0809443,-5,-3,-69
1755867656.1169446,-5,-5,-65
1755867656.154945,0,-2,-72
1755867656.1929443,-4,2,-71
1755867656.2319446,-8,-2,-69
1755867656.2679446,-13,0,-67
1755867656.3049445,0,-5,-65
1755867656.3429446,4,1,-73
1755867656.3809447,3,5,-64
1755867656.4169445,1,-4,-67
1755867656.4549446,-1,0,-65
1755867656.4919446,-2,0,-76
1755867656.5309446,4,1,-71
1755867656.5669446,7,1,-79
1755867656.6039443,1,6,-79
1755867656.6429446,-2,1,-66
1755867656.6809447,3,1,-60
1755867656.7169447,6,5,-67
1755867656.7539446,1,0,-82
1755867656.792945,-3,1,-68
1755867656.8309443,-2,2,-64
1755867656.8669446,1,0,-63
1755867656.9039447,1,3,-67
1755867656.9429443,0,1,-74
1755867656.9809446,4,3,-75
1755867657.0169446,1,0,-73
1755867657.0539446,0,-5,-80
1755867657.0929446,2,0,-76
1755867657.1309447,6,8,-67
1755867657.1669445,1,6,-73
1755867657.2039447,3,1,-69
1755867657.2429447,1,0,-65
1755867657.2809446,7,-5,-71
1755867657.3169446,3,-2,-58
1755867657.3539443,4,4,-70
1755867657.3929446,4,-3,-63
1755867657.4309447,0,0,-61
1755867657.4669447,0,0,-66
1755867657.5039446,-3,-3,-66
1755867657.542945,-8,-5,-62
1755867657.5809443,-2,-2,-72
1755867657.6169446,4,-5,-72
1755867657.6539447,-3,-4,-72
1755867657.6929443,-4,-2,-71
1755867657.7289443,-2,-5,-82
1755867657.7669446,-2,2,-73
1755867657.8049445,-2,-2,-75
1755867657.8439443,-2,2,-68
1755867657.881945,3,0,-67
1755867657.917945,-2,1,-60
1755867657.9549446,1,1,-67
1755867657.9939446,-2,1,-83
1755867658.0319445,0,4,-80
1755867658.0679443,7,-1,-72
1755867658.1059446,10,0,-69
1755867658.1429446,-1,-2,-63
1755867658.1819446,-1,7,-66
1755867658.2179446,-4,4,-60
1755867658.2559447,-10,5,-64
1755867658.292945,-6,0,-70
1755867658.3319447,-6,3,-82
1755867658.3679447,-4,0,-86
1755867658.404945,-5,-3,-83
1755867658.4439447,-1,0,-76
1755867658.4819446,-5,0,-75
1755867658.5179446,-1,0,-71
1755867658.5549445,-3,-1,-73
1755867658.5939443,0,3,-77
1755867658.631945,0,2,-71
1755867658.667945,5,-1,-72
1755867658.7049446,0,-3,-75
1755867658.7439446,0,6,-72
1755867658.7819445,1,5,-84
1755867658.8179443,-5,0,-75
1755867658.8549447,-4,0,-74
1755867658.8939445,-4,-10,-67
1755867658.9319446,0,-2,-74
1755867658.9679446,1,0,-68
1755867659.0049446,1,0,-69
1755867659.0439446,3,4,-60
1755867659.0819447,4,8,-70
1755867659.1179447,4,3,-80
1755867659.154945,4,-7,-78
1755867659.1939447,0,0,-78
1755867659.2319446,-2,-2,-82
1755867659.2679446,6,-5,-74
1755867659.3049445,-3,3,-74
1755867659.3439443,5,8,-80
1755867659.381945,5,-1,-71
1755867659.417945,1,-2,-71
1755867659.4549446,3,0,-73
1755867659.4929447,1,-1,-73
1755867659.5289447,4,0,-74
1755867659.565945,0,0,-67
1755867659.6039443,1,5,-66
1755867659.6399446,2,0,-69
1755867659.6769447,2,3,-77
1755867659.7149446,3,-2,-72
1755867659.7539446,-1,-5,-74
1755867659.7899446,-1,-5,-67
1755867659.8279445,2,0,-71
1755867659.8659446,1,-1,-63
1755867659.9039447,-4,0,-70
1755867659.9429443,0,-1,-70
1755867659.9789443,-7,-1,-67
1755867660.0169446,0,-1,-77
1755867660.0549445,0,-5,-79
1755867660.0939443,4,0,-87
1755867660.1299446,3,-6,-92
1755867660.167945,0,-5,-76
1755867660.2059443,-4,-4,-68
1755867660.2449446,0,-2,-77
1755867660.282945,-1,-1,-76
1755867660.3189447,5,1,-72
1755867660.3569446,5,-5,-69
1755867660.394945,3,-2,-78
1755867660.4329443,-3,-2,-79
1755867660.4689443,-1,-3,-75
1755867660.506945,4,-3,-72
1755867660.5449443,7,0,-74
1755867660.5829446,5,0,-74
1755867660.6189446,1,-7,-87
1755867660.6559446,-2,-4,-84
1755867660.6949446,1,0,-85
1755867660.7329447,-2,-4,-73
1755867660.7689445,0,2,-59
1755867660.8059447,-3,4,-78
1755867660.8449447,-1,4,-73
1755867660.8829446,-2,9,-74
1755867660.9189446,-8,9,-65
1755867660.9559443,0,0,-71
1755867660.9949446,1,3,-69
1755867661.032945,6,3,-77
1755867661.0689447,-3,5,-79
1755867661.1059446,0,-5,-76
1755867661.144945,-1,-10,-78
1755867661.1829443,0,0,-67
1755867661.2189443,5,3,-65
1755867661.2559447,8,4,-77
1755867661.2949443,-1,3,-67
1755867661.3309443,-3,1,-78
1755867661.3699446,-1,-1,-71
1755867661.4069445,-1,-6,-64
1755867661.4459443,-2,-2,-72
1755867661.483945,7,-1,-63
1755867661.519945,2,-4,-69
1755867661.5569446,-3,0,-74
1755867661.5959446,0,-9,-69
1755867661.6339445,3,-4,-63
1755867661.6699443,0,-6,-68
1755867661.7069447,-4,0,-64
1755867661.7449446,-3,0,-67
1755867661.7839446,0,2,-64
1755867661.8199446,-5,-9,-61
1755867661.858945,-1,-7,-78
1755867661.8959446,-5,-5,-79
1755867661.9349446,1,-10,-79
1755867661.9709446,-3,-4,-74
1755867662.0089445,3,3,-74
1755867662.0459447,-2,10,-80
1755867662.0849447,-1,4,-69
1755867662.1209445,0,1,-72
1755867662.157945,0,-5,-65
1755867662.1959443,3,-5,-70
1755867662.2349446,-4,-1,-70
1755867662.2709446,-2,-3,-76
1755867662.3089447,-9,-9,-81
1755867662.3469446,-3,-5,-77
1755867662.3859446,0,-4,-68
1755867662.4239447,7,-2,-63
1755867662.4599447,8,-5,-70
1755867662.496945,5,-2,-68
1755867662.5359447,1,1,-70
1755867662.5739446,0,-5,-70
1755867662.6099446,3,-7,-80
1755867662.6469443,-7,-1,-80
1755867662.6859446,-1,1,-84
1755867662.723945,4,-4,-83
1755867662.759945,3,-7,-69
1755867662.7969446,-2,-5,-69
1755867662.835945,-3,-1,-67
1755867662.8739443,-9,4,-67
1755867662.9099443,1,-2,-73
1755867662.9469447,-10,2,-64
1755867662.9859445,-3,5,-63
1755867663.0219443,-3,2,-64
1755867663.0589447,-4,0,-65
1755867663.0969446,-1,4,-68
1755867663.1359446,0,5,-73
1755867663.1719446,-9,-2,-77
1755867663.2099447,-6,-2,-68
1755867663.2479446,2,-4,-67
1755867663.2859447,3,-2,-77
1755867663.3249447,3,-11,-75
1755867663.3609445,3,-3,-76
1755867663.3979447,-4,-2,-65
1755867663.4359446,7,0,-63
1755867663.4749446,8,-4,-66
1755867663.5109446,2,-3,-62
1755867663.5479443,5,6,-68
1755867663.585945,0,4,-65
1755867663.621945,-3,-2,-73
1755867663.6599443,-5,-6,-75
1755867663.6979446,2,-4,-79
1755867663.7359445,-2,0,-75
1755867663.7749443,0,-2,-68
1755867663.8109446,3,2,-71
1755867663.8479445,1,1,-65
1755867663.8859446,5,-2,-67
1755867663.9219446,-2,-1,-67
1755867663.9599447,-3,-1,-80
1755867663.9979446,-5,-4,-74
1755867664.0369446,5,-4,-76
1755867664.0749447,3,3,-74
1755867664.1109445,-2,-1,-69
1755867664.1489446,-3,0,-67
1755867664.1869447,0,5,-81
1755867664.2259445,-1,2,-74
1755867664.2619443,-6,0,-68
1755867664.2999446,-1,3,-71
1755867664.3379445,-5,4,-73
1755867664.3769443,0,0,-81
1755867664.4149446,4,0,-80
1755867664.450945,0,-8,-69
1755867664.4879446,-8,-3,-70
1755867664.5269446,0,3,-75
1755867664.5649445,8,4,-79
1755867664.6009445,7,4,-79
1755867664.6379447,0,-3,-67
1755867664.6769447,0,-2,-66
1755867664.7149446,-1,0,-72
1755867664.7509446,4,1,-77
1755867664.7879446,3,5,-78
1755867664.825945,0,0,-73
1755867664.861945,-1,-3,-74
1755867664.8999443,4,-4,-75
1755867664.937945,1,-4,-93
1755867664.9769447,-2,0,-79
1755867665.0129447,0,-4,-80
1755867665.0519447,-2,-1,-76
1755867665.088945,7,-3,-84
1755867665.1269443,4,0,-82
1755867665.1629446,10,-2,-77
1755867665.1999447,-3,0,-88
1755867665.2379446,5,3,-73
1755867665.2769446,6,-1,-72
1755867665.312945,5,2,-72
1755867665.3499446,-4,-3,-74
1755867665.3879447,-3,-9,-75
1755867665.4269447,2,-1,-77
1755867665.4709446,8,1,-73
1755867665.5089445,-1,5,-74
1755867665.5479443,4,-1,-68
1755867665.585945,0,-1,-70
1755867665.621945,-3,0,-77
1755867665.6589446,0,-7,-67
1755867665.6979446,0,-5,-71
1755867665.7359445,-5,1,-77
1755867665.7719443,-4,3,-68
1755867665.8089447,-2,-1,-80
1755867665.8479445,0,0,-79
1755867665.8859446,-5,-5,-82
1755867665.9219446,-1,2,-86
1755867665.9589446,-4,0,-76
1755867665.9979446,-3,-2,-69
1755867666.0359447,2,-2,-67
1755867666.0719447,4,-6,-71
1755867666.1109445,0,-3,-79
1755867666.1479447,-5,2,-82
1755867666.1869447,-1,6,-85
1755867666.2229445,1,2,-77
1755867666.2609446,5,1,-78
1755867666.2979443,0,3,-78
1755867666.335945,0,2,-73
1755867666.371945,-3,0,-65
1755867666.4089446,0,-7,-72
1755867666.4479446,-8,-2,-59
1755867666.4859445,-9,1,-69
1755867666.5219443,0,-6,-72
1755867666.5609446,0,-4,-68
1755867666.5979445,0,6,-67
1755867666.6359446,-1,0,-74
1755867666.6719446,0,0,-69
1755867666.7089446,0,-2,-60
1755867666.7479446,1,-3,-73
1755867666.7839446,0,0,-84
1755867666.8219447,-2,-2,-77
1755867666.858945,-6,2,-64
1755867666.8979447,-5,-1,-71
1755867666.9339447,0,-6,-68
1755867666.9709446,2,-2,-67
1755867667.0089445,-1,-4,-64
1755867667.0479443,0,-2,-74
1755867667.0839446,7,-7,-74
1755867667.1209445,4,-7,-78
1755867667.1599443,-2,1,-85
1755867667.1979446,-4,0,-75
1755867667.233945,-5,-4,-69
1755867667.2729447,-1,-1,-67
1755867667.3099446,2,2,-73
1755867667.3479445,0,-4,-79
1755867667.3839445,2,0,-83
1755867667.4209447,0,11,-78
1755867667.4589446,3,0,-71
1755867667.496945,-5,-2,-75
1755867667.532945,-2,-2,-83
1755867667.5709443,-8,0,-70
1755867667.608945,1,-2,-63
1755867667.6479447,2,0,-72
1755867667.6839447,3,3,-77
1755867667.7209446,-3,7,-71
1755867667.7589445,0,4,-67
1755867667.7979443,0,-1,-59
1755867667.8339446,2,3,-64
1755867667.8729446,6,2,-71
1755867667.9099443,4,1,-70
1755867667.9479446,-1,1,-78
1755867667.983945,0,3,-72
1755867668.0209446,-1,0,-75
1755867668.0589447,0,-1,-77
1755867668.0979445,2,-5,-81
1755867668.1339445,-2,-2,-75
1755867668.1729443,0,-1,-79
1755867668.2099447,6,-9,-78
1755867668.2489443,-4,4,-76
1755867668.2869446,-3,2,-66
1755867668.3229446,-5,2,-60
1755867668.3599446,-3,0,-72
1755867668.3989446,-3,-2,-77
1755867668.4369447,-8,4,-66
1755867668.4729445,-3,4,-71
1755867668.509945,1,0,-65
1755867668.5479443,-3,-7,-58
1755867668.5839446,-7,-4,-64
1755867668.6229446,2,-6,-72
1755867668.6599443,0,-1,-77
1755867668.6989446,-7,-2,-74
1755867668.7349446,-8,-1,-71
1755867668.7729447,-1,-11,-77
1755867668.8109446,-1,2,-80
1755867668.848945,-5,-4,-79
1755867668.8879447,2,-6,-72
1755867668.9239447,3,-7,-74
1755867668.9619446,-4,2,-78
1755867668.9989443,4,-4,-81
1755867669.0379446,2,-3,-80
1755867669.0739446,3,1,-76
1755867669.111945,4,-2,-74
1755867669.1489446,3,-5,-70
1755867669.187945,3,2,-58
1755867669.223945,6,3,-64
1755867669.2609446,2,0,-74
1755867669.2999446,11,-2,-75
1755867669.3379445,6,-6,-75
1755867669.3739443,2,-2,-82
1755867669.4109447,-5,2,-79
1755867669.4499447,0,0,-79
1755867669.4879446,2,-1,-75
1755867669.5239446,2,-2,-70
1755867669.5609446,-3,0,-83
1755867669.5999446,-3,4,-84
1755867669.6379447,4,-3,-65
1755867669.6739447,6,-5,-70
1755867669.710945,5,0,-68
1755867669.7499447,1,2,-74
1755867669.7879446,5,0,-74
1755867669.8239446,4,1,-78
1755867669.8609445,3,-6,-78
1755867669.8999443,7,-2,-72
1755867669.937945,0,-1,-61
1755867669.973945,3,-1,-68
1755867670.0109446,-4,-3,-63
1755867670.0499446,4,1,-60
1755867670.0879445,3,5,-70
1755867670.1239443,0,2,-77
1755867670.1609447,3,-1,-75
1755867670.1999447,3,1,-75
1755867670.2359445,9,0,-79
1755867670.2739446,6,1,-66
1755867670.3109446,-5,9,-67
1755867670.3499446,-3,0,-67
1755867670.3859446,-4,-4,-73
1755867670.4239447,-2,-3,-80
1755867670.4629445,6,4,-68
1755867670.4999447,2,2,-84
1755867670.5359447,0,4,-86
1755867670.5739446,0,1,-71
1755867670.6109445,-2,0,-76
1755867670.6499443,2,0,-63
1755867670.6859446,6,0,-64
1755867670.723945,4,1,-70
1755867670.7609446,1,0,-86
1755867670.7999446,3,-1,-70
1755867670.835945,0,0,-63
1755867670.8729446,-3,1,-80
1755867670.9109447,-6,-4,-82
1755867670.9499447,0,-2,-72
1755867670.9859445,0,-7,-67
1755867671.0239446,7,-1,-77
1755867671.062945,0,5,-78
1755867671.1009445,-2,1,-66
1755867671.1389446,1,0,-63
1755867671.1749446,-2,2,-70
1755867671.2129445,6,3,-61
1755867671.2509446,-2,-7,-66
1755867671.2889447,-10,0,-67
1755867671.3249447,-9,-3,-66
1755867671.3629446,-1,0,-69
1755867671.4009447,5,-2,-83
1755867671.4399445,1,2,-75
1755867671.4759445,0,0,-83
1755867671.5129447,-2,-3,-77
1755867671.5509446,1,1,-70
1755867671.588945,2,1,-63
1755867671.6249447,0,-2,-72
1755867671.6619446,1,-4,-69
1755867671.700945,-3,-1,-70
1755867671.7389443,1,-2,-64
1755867671.7749443,0,-6,-78
1755867671.8119447,0,-6,-70
1755867671.8509445,-1,-7,-63
1755867671.8889446,0,-1,-66
1755867671.9249446,-8,0,-60
1755867671.9619446,-1,0,-66
1755867672.0009446,5,4,-73
1755867672.0389447,-3,1,-77
1755867672.0749447,-3,2,-73
1755867672.111945,1,-1,-73
1755867672.1509447,-6,1,-58
1755867672.1869447,-3,0,-60
1755867672.2249446,0,-9,-67
1755867672.2629447,-3,0,-67
1755867672.3009446,-5,1,-83
1755867672.3399446,4,0,-74
1755867672.3759446,-4,1,-69
1755867672.4139447,-4,6,-64
1755867672.4519446,-4,0,-69
1755867672.4909446,-3,0,-72
1755867672.5269446,0,-4,-72
1755867672.5639446,5,-4,-66
1755867672.6019447,12,-1,-65
1755867672.6409447,3,-5,-68
1755867672.6769447,8,3,-75
1755867672.713945,2,-3,-76
1755867672.7519443,2,0,-67
1755867672.7899446,0,0,-61
1755867672.825945,-5,3,-73
1755867672.8639443,1,0,-62
1755867672.9019446,-4,7,-68
1755867672.9399445,2,0,-76
1755867672.9759445,4,-5,-66
1755867673.0139446,0,-1,-72
1755867673.0519447,-5,1,-68
1755867673.0899446,-8,-4,-69
1755867673.1259446,-1,-8,-73
1755867673.1639447,0,0,-72
1755867673.2019446,-2,0,-72
1755867673.2399447,4,4,-83
1755867673.2759447,3,-1,-81
1755867673.3139446,-2,3,-82
1755867673.3519447,6,-3,-72
1755867673.3899446,1,-2,-70
1755867673.4259446,0,3,-68
1755867673.4629445,2,1,-66
1755867673.5019443,4,-9,-70
1755867673.5399446,-1,1,-77
1755867673.575945,5,0,-70
1755867673.6139443,0,3,-68
1755867673.6519446,-1,-3,-74
1755867673.6899445,-2,-1,-79
1755867673.7259445,-2,2,-69
1755867673.7639446,0,2,-58
1755867673.8019447,1,-4,-62
1755867673.8379445,1,-1,-66
1755867673.8749447,2,9,-81
1755867673.9119446,2,13,-79
1755867673.950945,8,6,-78
1755867673.986945,10,0,-67
1755867674.0239446,-2,-3,-72
1755867674.0619447,-4,3,-81
1755867674.1009445,2,0,-75
1755867674.1369443,1,4,-76
1755867674.1739447,-8,2,-71
1755867674.2129445,1,2,-77
1755867674.2509446,2,0,-75
1755867674.2869446,4,1,-61
1755867674.3239446,3,2,-72
1755867674.361945,0,4,-71
1755867674.3979447,0,0,-71
1755867674.4349446,-3,0,-73
1755867674.4729445,0,4,-71
1755867674.5109446,-3,-1,-72
1755867674.5469446,6,8,-71
1755867674.5849447,4,1,-68
1755867674.6229446,2,-3,-73
1755867674.6609447,0,-6,-76
1755867674.6979446,8,-4,-60
1755867674.7349446,6,-3,-62
1755867674.7729447,-6,0,-66
1755867674.8119447,-6,0,-71
1755867674.8479445,-6,0,-70
1755867674.884945,-2,3,-59
1755867674.9229443,-11,2,-62
1755867674.9619446,-3,0,-71
1755867674.9979446,-1,-7,-77
1755867675.0359447,-1,-5,-68
1755867675.0739446,5,-2,-83
1755867675.1129446,-2,-5,-75
1755867675.1509447,-1,-1,-68
1755867675.1869447,-4,3,-63
1755867675.223945,3,6,-69
1755867675.2619443,1,0,-75
1755867675.2979443,2,0,-67
1755867675.3349447,0,-5,-62
1755867675.3729446,-5,0,-68
1755867675.4119446,5,-3,-59
1755867675.4479446,2,-5,-66
1755867675.4939446,4,2,-73
1755867675.5319445,0,0,-74
1755867675.5679443,0,1,-68
1755867675.6059446,-5,5,-70
1755867675.6429446,2,-4,-76
1755867675.6819446,0,0,-63
1755867675.7179446,5,-2,-72
1755867675.7559447,-2,-5,-84
1755867675.792945,2,-4,-81
1755867675.8319447,-3,-4,-83
1755867675.8679447,1,5,-82
1755867675.904945,1,-3,-79
1755867675.9429443,-8,3,-74
1755867675.9819446,0,0,-64
1755867676.0179446,-1,-3,-76
1755867676.0559447,2,-3,-69
1755867676.0939443,-4,0,-63
1755867676.1329446,-2,1,-62
1755867676.1689446,-8,2,-63
1755867676.2059443,3,2,-74
1755867676.2439446,1,1,-76
1755867676.2819445,1,-2,-70
1755867676.3179443,1,0,-62
1755867676.3549447,5,-6,-63
1755867676.3939445,3,-1,-73
1755867676.4319446,4,-3,-62
1755867676.4679446,2,1,-71
1755867676.5049446,-4,0,-79
1755867676.5439446,0,2,-83
1755867676.5819447,0,-2,-74
1755867676.6179447,-4,3,-68
1755867676.654945,-2,-1,-71
1755867676.6939447,3,6,-67
1755867676.7319446,9,-3,-81
1755867676.7679446,0,-2,-64
1755867676.8049445,-1,-3,-68
1755867676.8439443,-9,0,-60
1755867676.881945,0,-1,-66
1755867676.917945,-2,-7,-71
1755867676.9559443,-1,-4,-67
1755867676.9939446,-1,-9,-70
1755867677.032945,-1,-2,-59
1755867677.0689447,12,-5,-62
1755867677.1069446,4,0,-69
1755867677.1439445,-3,-6,-78
1755867677.1829443,6,0,-84
1755867677.2189443,5,1,-70
1755867677.2559447,7,-3,-71
1755867677.2939446,7,0,-70
1755867677.3319447,4,-1,-76
1755867677.3679447,0,-2,-66
1755867677.404945,-2,-1,-62
1755867677.4439447,-2,-1,-61
1755867677.4799447,2,1,-77
1755867677.5169446,2,2,-70
1755867677.5539446,-2,7,-71
1755867677.5929446,-3,0,-68
1755867677.6289446,-3,1,-68
1755867677.6659446,-5,3,-80
1755867677.7039447,-7,-1,-72
1755867677.7429447,3,3,-88
1755867677.7789447,10,-4,-84
1755867677.815945,1,0,-80
1755867677.8539443,2,2,-63
1755867677.8899446,3,0,-62
1755867677.9269447,0,-1,-75
1755867677.9649446,4,-2,-74
1755867678.0039446,0,0,-71
1755867678.0399446,-8,-1,-62
1755867678.0779445,-4,0,-74
1755867678.1159446,-4,0,-71
1755867678.1539447,-3,0,-58
1755867678.1929443,-4,0,-67
1755867678.2289443,-2,-1,-72
1755867678.2669446,0,-8,-76
1755867678.3049445,-6,-2,-85
1755867678.3439443,1,5,-77
1755867678.3799446,3,0,-74
1755867678.417945,-3,4,-74
1755867678.4559443,-2,5,-62
1755867678.4949446,-1,2,-75
1755867678.532945,-1,11,-75
1755867678.5689447,0,10,-65
1755867678.6069446,8,3,-74
1755867678.644945,0,-5,-76
1755867678.6829443,-3,0,-69
1755867678.7189443,2,2,-65
1755867678.756945,6,2,-67
1755867678.7949443,7,-2,-67
1755867678.8329446,-1,-4,-62
1755867678.8689446,5,0,-69
1755867678.9069445,-1,-9,-67
1755867678.9449446,1,-10,-63
1755867678.9829447,2,0,-62
1755867679.0189445,0,1,-72
1755867679.0569446,2,1,-80
1755867679.0949447,0,-5,-74
1755867679.1329446,-3,0,-70
1755867679.1689446,0,5,-80
1755867679.2069447,0,5,-74
1755867679.2449446,2,2,-66
1755867679.2809446,5,-1,-60
1755867679.3179443,2,-3,-70
1755867679.3559446,5,-7,-70
1755867679.394945,8,-12,-79
1755867679.4309447,6,-5,-77
1755867679.4679446,4,0,-75
1755867679.5049446,-1,3,-63
1755867679.5439446,3,-2,-74
1755867679.5799446,8,0,-76
1755867679.6179447,9,2,-75
1755867679.654945,9,3,-74
1755867679.690945,0,7,-61
1755867679.7279446,-1,3,-76
1755867679.7659447,3,3,-77
1755867679.8039446,-4,-2,-66
1755867679.8399446,-3,0,-68
1755867679.8769443,3,1,-77
1755867679.9159446,-1,-8,-67
1755867679.9539447,-2,-5,-77
1755867679.9909446,-3,-7,-75
1755867680.0279446,-4,7,-72
1755867680.065945,-7,2,-75
1755867680.1049447,-5,6,-70
1755867680.1409447,-3,4,-79
1755867680.177945,8,-1,-80
1755867680.2159443,4,0,-67
1755867680.2539446,0,0,-68
1755867680.2899446,1,0,-72
1755867680.3269446,1,-2,-66
1755867680.3659446,3,0,-70
1755867680.4039447,7,-6,-55
1755867680.4399445,9,2,-66
1755867680.4779446,3,5,-74
1755867680.5159447,-3,5,-70
1755867680.5539446,5,0,-68
1755867680.5899446,6,1,-66
1755867680.6279447,1,0,-67
1755867680.6659446,0,-2,-69
1755867680.7039447,2,-3,-65
1755867680.7399447,0,8,-74
1755867680.7769446,-4,6,-82
1755867680.815945,0,0,-79
1755867680.8539443,3,4,-77
1755867680.8899446,10,-4,-73
1755867680.9269447,10,-2,-69
1755867680.9659443,7,-2,-65
1755867681.0019443,7,-3,-62
1755867681.0389447,6,-4,-64
1755867681.0769446,2,-1,-71
1755867681.1159446,-4,1,-70
1755867681.1519446,1,2,-62
1755867681.1889446,4,0,-81
1755867681.2259445,-5,8,-77
1755867681.2649446,-10,5,-68
1755867681.3009446,-5,-4,-69
1755867681.338945,-7,1,-66
1755867681.3779447,-2,0,-69
1755867681.4159446,-3,-5,-67
1755867681.4519446,-5,0,-74
1755867681.4889443,4,3,-69
1755867681.5269446,0,0,-73
1755867681.565945,-11,-7,-72
1755867681.6019447,-6,-5,-79
1755867681.6409447,1,-2,-75
1755867681.677945,-3,-6,-68
1755867681.7159443,4,0,-85
1755867681.7549446,0,-8,-78
1755867681.7909446,0,-7,-69
1755867681.8279445,0,-4,-68
1755867681.8669446,-3,-1,-64
1755867681.904945,1,-4,-77
1755867681.940945,4,-1,-84
1755867681.9779446,1,-6,-83
1755867682.0169446,1,1,-81
1755867682.0549445,-5,-1,-79
1755867682.0909443,-6,2,-77
1755867682.1279447,3,-1,-77
1755867682.1669445,-3,3,-81
1755867682.2049446,-3,-1,-82
1755867682.2409446,-6,4,-78
1755867682.2789447,-6,-6,-78
1755867682.3169446,4,-1,-65
1755867682.3559446,0,-14,-69
1755867682.3919446,2,-12,-66
1755867682.4299445,-1,3,-66
1755867682.4679446,0,1,-75
1755867682.5059447,6,-2,-74
1755867682.5419445,0,-1,-69
1755867682.5789447,-1,-2,-65
1755867682.6169446,-1,-10,-68
1755867682.6559446,5,-7,-72
1755867682.6919446,4,-3,-74
1755867682.7289443,0,-3,-75
1755867682.7669446,-3,-4,-68
1755867682.8059447,-3,-5,-77
1755867682.8419447,3,-4,-77
1755867682.8789446,2,-6,-84
1755867682.9169445,3,-9,-80
1755867682.9559443,6,-6,-84
1755867682.9919446,3,-7,-92
1755867683.0289447,-4,-6,-81
1755867683.0669446,0,-1,-73
1755867683.1059446,1,-2,-71
1755867683.1419446,7,-3,-67
1755867683.1789446,2,-1,-71
1755867683.2169447,-3,-4,-76
1755867683.2559447,0,0,-79
1755867683.2919445,-4,-8,-68
1755867683.3299446,1,-6,-70
1755867683.3679447,3,0,-66
1755867683.4069445,4,-6,-74
1755867683.4429443,2,-4,-72
1755867683.4809446,1,0,-63
1755867683.5189445,-5,-1,-73
1755867683.5579443,3,0,-75
1755867683.5959446,-2,0,-72
1755867683.631945,4,0,-76
1755867683.6689446,3,2,-78
1755867683.7069447,1,0,-83
1755867683.7429447,2,0,-73
1755867683.7809446,5,0,-63
1755867683.8189447,2,-1,-64
1755867683.8579447,5,0,-72
1755867683.8959446,1,2,-69
1755867683.9319446,-4,5,-68
1755867683.9689443,0,4,-68
1755867684.006945,-7,1,-81
1755867684.0439446,-7,0,-76
1755867684.0809443,-12,-2,-69
1755867684.1189446,-5,1,-80
1755867684.157945,-1,3,-65
1755867684.1959443,2,0,-67
1755867684.2319446,1,5,-74
1755867684.2689445,4,-5,-77
1755867684.3079443,-2,3,-85
1755867684.3459446,-1,7,-70
1755867684.381945,5,7,-71
1755867684.4189446,4,1,-71
1755867684.4569447,5,1,-90
1755867684.4929447,3,0,-73
1755867684.529945,-1,-5,-71
1755867684.5679443,-2,-4,-72
1755867684.6069446,0,2,-78
1755867684.6429446,5,-5,-92
1755867684.6809447,2,-6,-76
1755867684.7189443,1,-11,-81
1755867684.7579446,0,-1,-69
1755867684.7939446,0,-5,-70
1755867684.8309443,2,0,-74
1755867684.8689446,-2,-3,-70
1755867684.907945,0,-4,-71
1755867684.9439447,-2,-4,-67
1755867684.9819446,0,-5,-69
1755867685.019945,0,-2,-68
1755867685.0579443,0,-3,-73
1755867685.0969446,1,0,-75
1755867685.1339445,-4,-3,-74
1755867685.1709447,-4,-3,-55
1755867685.2089446,-2,-5,-66
1755867685.2479446,1,-3,-78
1755867685.2839446,3,3,-79
1755867685.3209443,0,-2,-67
1755867685.358945,7,-4,-70
1755867685.3979447,-2,0,-71
1755867685.4339447,3,-4,-65
1755867685.4709446,2,-2,-76
1755867685.5169446,7,0,-75
1755867685.552945,1,-1,-63
1755867685.5919447,0,-2,-71
1755867685.6289446,5,-1,-75
1755867685.667945,4,-4,-80
1755867685.7039447,3,2,-81
1755867685.7419446,7,-4,-73
1755867685.7789447,3,-9,-76
1755867685.8179443,2,-3,-73
1755867685.8539443,-2,3,-67
1755867685.8919446,4,1,-71
1755867685.9289446,4,0,-69
1755867685.9679446,1,-4,-71
1755867686.0039446,0,0,-74
1755867686.0419445,-5,2,-78
1755867686.0789447,4,-1,-78
1755867686.1179447,0,-1,-79
1755867686.1539447,3,-2,-81
1755867686.190945,8,-1,-82
1755867686.2289443,6,0,-70
1755867686.2669446,3,-2,-68
1755867686.302945,0,1,-81
1755867686.3399446,-5,0,-79
1755867686.3789446,-8,2,-78
1755867686.4149446,0,-1,-66
1755867686.4539447,-2,-2,-67
1755867686.4919446,-5,-3,-76
1755867686.5289447,-5,-1,-76
1755867686.5679443,0,0,-77
1755867686.6039443,2,1,-73
1755867686.6419446,3,4,-80
1755867686.6789446,-2,5,-63
1755867686.7179446,5,-2,-65
1755867686.7539446,-6,0,-73
1755867686.7919445,-2,0,-80
1755867686.8289447,0,-6,-71
1755867686.8679447,-5,0,-73
1755867686.9039447,4,0,-70
1755867686.9419446,1,2,-70
1755867686.9789443,0,6,-67
1755867687.0149446,0,3,-68
1755867687.0519447,8,0,-65
1755867687.088945,-1,-2,-80
1755867687.1279447,-2,-5,-69
1755867687.1639447,-11,-3,-83
1755867687.2019446,-1,-3,-71
1755867687.2399447,0,-1,-77
1755867687.2789447,-5,-3,-66
1755867687.3149445,-2,-8,-74
1755867687.3539443,0,0,-65
1755867687.3919446,-3,-2,-71
1755867687.4299445,-2,0,-75
1755867687.4679446,2,0,-78
1755867687.5039446,0,4,-87
1755867687.5409446,1,-4,-74
1755867687.5799446,7,-6,-74
1755867687.6179447,7,-1,-68
1755867687.6539447,4,0,-74
1755867687.690945,-4,2,-76
1755867687.7299447,0,0,-81
1755867687.7679446,-5,0,-77
1755867687.8039446,-2,-4,-82
1755867687.8419447,10,0,-81
1755867687.8799446,2,0,-72
1755867687.917945,-5,-2,-60
1755867687.9539447,0,-3,-64
1755867687.9919446,-3,4,-65
1755867688.029945,-9,0,-71
1755867688.0679443,-14,-2,-72
1755867688.1039443,-6,-8,-71
1755867688.1419446,1,-7,-79
1755867688.1799445,-3,3,-68
1755867688.2189443,0,0,-76
1755867688.2549446,-2,0,-76
1755867688.2919445,-8,2,-74
1755867688.3299446,-4,-3,-71
1755867688.3689446,8,-4,-71
1755867688.404945,2,3,-72
1755867688.4419446,1,6,-69
1755867688.4799447,-3,4,-69
1755867688.5159447,5,1,-77
1755867688.552945,0,4,-68
1755867688.5909443,-8,4,-68
1755867688.6299446,1,-7,-72
1755867688.6659446,2,-9,-73
1755867688.7039447,1,0,-68
1755867688.7419446,0,3,-70
1755867688.779945,0,0,-70
1755867688.815945,0,2,-79
1755867688.8539443,-11,0,-73
1755867688.8919446,0,1,-65
1755867688.9299445,0,5,-77
1755867688.9659443,-1,-1,-65
1755867689.0039446,-3,-7,-68
1755867689.0419445,-1,3,-63
1755867689.0809443,7,0,-80
1755867689.1189446,-2,3,-73
1755867689.154945,-2,-5,-74
1755867689.1929443,0,-2,-70
1755867689.2309446,-3,2,-65
1755867689.269945,0,3,-70
1755867689.3059447,-4,3,-65
1755867689.3439443,5,0,-72
1755867689.381945,-1,5,-77
1755867689.4209447,-2,-5,-72
1755867689.4589446,0,5,-71
1755867689.4949446,1,1,-66
1755867689.5319445,3,2,-68
1755867689.5699446,-1,8,-71
1755867689.6059446,-5,5,-75
1755867689.6439445,-7,4,-69
1755867689.6819446,-1,1,-62
1755867689.7209446,0,0,-63
1755867689.7589445,4,0,-74
1755867689.7949443,-6,-10,-82
1755867689.8339446,-4,-5,-85
1755867689.8709445,-3,0,-70
1755867689.9099443,1,2,-72
1755867689.9459443,-2,-4,-75
1755867689.983945,-7,3,-69
1755867690.0219443,-2,4,-72
1755867690.0609446,9,4,-77
1755867690.0969446,5,-5,-73
1755867690.1339445,0,-3,-81
1755867690.1719446,-5,0,-69
1755867690.210945,0,-3,-66
1755867690.246945,5,-9,-68
1755867690.2839446,0,-6,-64
1755867690.3219447,-3,0,-77
1755867690.3609445,-5,-1,-71
1755867690.3969443,0,-3,-65
1755867690.4339447,1,0,-69
1755867690.4709446,-5,3,-74
1755867690.509945,-4,-6,-71
1755867690.5459447,5,-7,-73
1755867690.5829446,1,-5,-80
1755867690.6209445,0,0,-82
1755867690.6569445,-3,-1,-74
1755867690.6949446,3,-4,-67
1755867690.7329447,-1,1,-81
1755867690.7709446,2,3,-81
1755867690.8079443,4,0,-72
1755867690.8449447,2,0,-74
1755867690.8829446,-7,-2,-74
1755867690.9219446,-2,2,-77
1755867690.9599447,-3,-3,-77
1755867690.9959445,0,-1,-75
1755867691.032945,-1,0,-77
1755867691.0719447,-5,1,-70
1755867691.1099446,0,5,-71
1755867691.1459446,0,5,-67
1755867691.1829443,0,6,-64
1755867691.2209446,2,0,-62
1755867691.256945,-3,-1,-66
1755867691.2949443,1,6,-77
1755867691.3319447,10,3,-75
1755867691.3699446,6,1,-66
1755867691.4059446,5,0,-67
1755867691.4429443,3,0,-78
1755867691.4809446,3,-5,-73
1755867691.5169446,0,-4,-77
1755867691.5539446,-2,-6,-78
1755867691.5919447,-4,1,-76
1755867691.6309447,4,0,-77
1755867691.6669445,-2,0,-81
1755867691.7039447,7,-6,-67
1755867691.7419446,-3,-8,-66
1755867691.7809446,2,-4,-67
1755867691.8169446,-2,2,-64
1755867691.8539443,-5,5,-86
1755867691.8919446,-1,4,-68
1755867691.9309447,0,3,-78
1755867691.9669447,5,1,-70
1755867692.0039446,8,0,-67
1755867692.0419445,0,7,-62
1755867692.0779445,2,3,-67
1755867692.1149447,0,-3,-73
1755867692.1529446,-9,-3,-71
1755867692.1919446,-6,-7,-80
1755867692.2279446,0,-4,-74
1755867692.2649446,8,0,-72
1755867692.3019447,4,2,-78
1755867692.3379445,2,-5,-71
1755867692.3759446,-4,-5,-69
1755867692.4149446,-7,0,-74
1755867692.4519446,-1,-5,-75
1755867692.4909446,-2,0,-76
1755867692.5269446,-7,0,-68
1755867692.5639446,0,1,-76
1755867692.6029446,8,5,-61
1755867692.6409447,4,-3,-73
1755867692.6769447,2,-1,-63
1755867692.713945,4,-6,-64
1755867692.7529447,0,4,-63
1755867692.7909446,0,1,-67
1755867692.8269446,-1,3,-75
1755867692.8639443,3,6,-82
1755867692.9019446,-6,-3,-88
1755867692.937945,-3,-11,-85
1755867692.9759445,-3,0,-71
1755867693.0139446,4,-1,-71
1755867693.052945,-2,0,-80
1755867693.0909443,0,-4,-68
1755867693.1269443,-3,-9,-76
1755867693.1659446,-8,0,-70
1755867693.2029445,-10,-5,-65
1755867693.2419446,0,0,-75
1755867693.2779446,1,-1,-73
1755867693.315945,-8,4,-80
1755867693.3529446,-5,2,-67
1755867693.3919446,-2,2,-74
1755867693.427945,1,0,-69
1755867693.4659443,-2,0,-65
1755867693.5029447,-1,6,-65
1755867693.5419445,2,2,-78
1755867693.5779445,3,0,-74
1755867693.6159446,3,-3,-64
1755867693.6529446,0,0,-74
1755867693.6889446,2,-1,-77
1755867693.7269447,-1,-7,-69
1755867693.7639446,1,-9,-83
1755867693.802945,-2,0,-71
1755867693.838945,-3,0,-77
1755867693.8769443,-1,4,-77
1755867693.9159446,-10,1,-69
1755867693.9529445,-2,-7,-69
1755867693.9919446,-1,2,-74
1755867694.0279446,-1,2,-74
1755867694.065945,6,-1,-77
1755867694.1039443,0,-3,-79
1755867694.1429446,1,-1,-65
1755867694.1789446,-3,3,-66
1755867694.2159443,5,-6,-73
1755867694.2539446,3,2,-84
1755867694.292945,0,0,-83
1755867694.3289447,-5,5,-77
1755867694.3669446,0,5,-81
1755867694.4039447,-5,2,-79
1755867694.4429443,0,7,-82
1755867694.4789443,0,10,-82
1755867694.5159447,-1,0,-72
1755867694.5539446,-10,-5,-78
1755867694.5929446,0,1,-80
1755867694.6289446,-1,2,-81
1755867694.6659446,0,2,-82
1755867694.7039447,5,9,-77
1755867694.7419446,0,4,-74
1755867694.7779446,-1,-2,-69
1755867694.815945,0,-2,-74
1755867694.8549447,5,0,-69
1755867694.8929446,-4,3,-65
1755867694.9289446,-1,3,-69
1755867694.9669447,3,0,-65
1755867695.0049446,-2,-1,-71
1755867695.0439446,0,5,-61
1755867695.0819447,0,0,-74
1755867695.1179447,2,-2,-73
1755867695.1559446,-2,2,-72
1755867695.1939447,0,1,-77
1755867695.2319446,0,2,-70
1755867695.2679446,-10,7,-62
1755867695.3059447,0,5,-74
1755867695.3439443,0,6,-73
1755867695.381945,-2,3,-66
1755867695.417945,-7,1,-75
1755867695.4549446,-1,-1,-67
1755867695.4939446,0,6,-69
1755867695.5369446,-1,5,-66
1755867695.575945,1,-2,-74
1755867695.6139443,2,2,-70
1755867695.6499443,-1,0,-68
1755867695.687945,0,-3,-83
1755867695.7259445,1,1,-72
1755867695.7639446,1,1,-69
1755867695.8009446,-2,4,-71
1755867695.8379445,0,5,-56
1755867695.8759446,0,3,-79
1755867695.9139447,-5,-1,-81
1755867695.9499447,-4,-1,-75
1755867695.9879446,-4,-6,-61
1755867696.0259447,0,-6,-82
1755867696.0639446,2,-8,-71
1755867696.1029446,6,0,-66
1755867696.1389446,-7,-1,-69
1755867696.1769447,0,2,-64
1755867696.2149446,-8,5,-76
1755867696.2529447,1,-1,-76
1755867696.2889447,3,-7,-71
1755867696.325945,5,0,-68
1755867696.3639443,3,-4,-71
1755867696.3999443,0,-1,-77
1755867696.4369447,4,-2,-67
1755867696.4759445,4,0,-72
1755867696.5139446,-1,-3,-67
1755867696.5499446,3,-4,-70
1755867696.5869446,0,-1,-73
1755867696.6259446,-1,-3,-68
1755867696.6639447,2,-7,-68
1755867696.6999447,4,-3,-64
1755867696.736945,1,-4,-75
1755867696.7749443,-3,-1,-67
1755867696.8139446,-1,-4,-75
1755867696.8499446,0,1,-70
1755867696.8869443,0,0,-78
1755867696.9249446,-4,-6,-68
1755867696.963945,3,10,-75
1755867696.9999447,0,1,-69
1755867697.0369446,4,2,-75
1755867697.0749447,0,5,-75
1755867697.1129446,-5,0,-83
1755867697.1489446,-1,5,-79
1755867697.1869447,2,1,-92
1755867697.2249446,0,-2,-87
1755867697.2609446,0,-9,-79
1755867697.2979443,1,3,-70
1755867697.3349447,1,0,-66
1755867697.3709445,0,-1,-56
1755867697.407945,1,-4,-62
1755867697.4459443,0,3,-74
1755867697.483945,-6,1,-70
1755867697.519945,-5,0,-75
1755867697.5579443,-1,-5,-72
1755867697.5949447,2,3,-81
1755867697.6339445,9,5,-81
1755867697.6699443,4,0,-78
1755867697.7069447,0,-7,-78
1755867697.7449446,8,-4,-88
1755867697.7839446,7,-8,-75
1755867697.8199446,1,0,-75
1755867697.8569446,5,-1,-68
1755867697.894945,0,-5,-72
1755867697.9339447,5,-10,-66
1755867697.9709446,5,-3,-75
1755867698.0079446,6,4,-77
1755867698.0469446,-1,8,-76
1755867698.0849447,-2,0,-63
1755867698.1209445,-5,0,-58
1755867698.157945,-7,-3,-67
1755867698.1969447,0,-5,-65
1755867698.2349446,4,0,-77
1755867698.2709446,3,-7,-67
1755867698.3079443,2,-1,-75
1755867698.3469446,6,-6,-76
1755867698.384945,6,-3,-82
1755867698.4209447,1,-6,-83
1755867698.4589446,0,-2,-74
1755867698.496945,-1,-7,-78
1755867698.5359447,7,-3,-73
1755867698.5739446,-6,0,-63
1755867698.6099446,-4,0,-65
1755867698.6469443,2,-5,-77
1755867698.6859446,2,0,-63
1755867698.723945,-7,-6,-67
1755867698.759945,-7,-9,-58
1755867698.7979443,-2,-1,-71
1755867698.8379445,2,-4,-60
1755867698.8759446,1,-5,-65
1755867698.9139447,0,-9,-65
1755867698.9499447,-5,-4,-78
1755867698.9879446,7,0,-75
1755867699.0259447,0,7,-64
1755867699.0619447,-1,5,-69
1755867699.0999446,2,5,-86
1755867699.1369443,3,2,-84
1755867699.1749446,1,3,-65
1755867699.210945,-5,4,-65
1755867699.2499447,-5,1,-59
1755867699.2879446,0,-1,-56
1755867699.325945,1,3,-67
1755867699.3629446,4,3,-70
1755867699.3999443,0,0,-68
1755867699.4369447,-2,3,-73
1755867699.4759445,-5,0,-67
1755867699.5119443,-6,-1,-67
1755867699.5499446,0,-1,-63
1755867699.5879445,0,0,-68
1755867699.6259446,8,-3,-67
1755867699.6619446,3,-2,-77
1755867699.6999447,4,-7,-82
1755867699.7379446,-2,-10,-78
1755867699.7769446,1,-5,-70
1755867699.8149445,-1,-2,-78
1755867699.8509445,-3,2,-81
1755867699.8879447,2,0,-73
1755867699.9259446,-4,-6,-77
1755867699.9629445,0,-5,-82
1755867699.9999447,5,2,-67
1755867700.0369446,0,-1,-62
1755867700.075945,4,-9,-76
1755867700.1129446,-1,-7,-62
1755867700.1499443,-5,-4,-63
1755867700.187945,-5,0,-76
1755867700.2269447,-5,0,-71
1755867700.2649446,-9,2,-77
1755867700.3009446,-2,1,-71
1755867700.338945,-3,6,-61
1755867700.3779447,-1,-4,-68
1755867700.4159446,-3,0,-71
1755867700.4519446,-7,-10,-79
1755867700.4899447,-3,-4,-73
1755867700.5279446,0,-1,-76
1755867700.5669446,0,0,-75
1755867700.6049447,-1,3,-73
1755867700.6409447,2,-1,-76
1755867700.6799445,9,-2,-74
1755867700.7169447,2,0,-70
1755867700.7549446,4,-1,-70
1755867700.7909446,0,3,-78
1755867700.8279445,-1,5,-71
1755867700.8669446,5,4,-68
1755867700.904945,3,3,-72
1755867700.940945,5,3,-79
1755867700.9789443,4,-4,-79
1755867701.0169446,3,-4,-83
1755867701.0539446,-4,-6,-72
1755867701.0909443,2,-1,-69
1755867701.1289446,-4,-4,-66
1755867701.1669445,-2,-11,-78
1755867701.2059443,3,-1,-74
1755867701.2419446,-3,3,-78
1755867701.2789447,4,-1,-73
1755867701.3169446,-4,-3,-73
1755867701.3559446,-2,0,-81
1755867701.3919446,-3,7,-78
1755867701.4299445,-4,9,-65
1755867701.4689443,-2,-2,-73
1755867701.506945,1,3,-78
1755867701.542945,4,1,-77
1755867701.5809443,5,6,-71
1755867701.6179447,0,6,-62
1755867701.6559446,-3,4,-77
1755867701.6919446,-2,2,-69
1755867701.7289443,-7,0,-67
1755867701.7679446,-4,-1,-65
1755867701.8059447,-3,0,-64
1755867701.8419447,4,-5,-75
1755867701.8789446,-4,-1,-71
1755867701.917945,-1,3,-74
1755867701.9559443,-7,2,-78
1755867701.9919446,-1,-3,-76
1755867702.029945,3,6,-64
1755867702.0679443,-2,3,-75
1755867702.1059446,-5,0,-73
1755867702.1419446,0,0,-84
1755867702.1789446,5,0,-75
1755867702.2169447,2,0,-84
1755867702.2529447,6,-5,-73
1755867702.2899446,-4,-4,-83
1755867702.3289447,2,0,-79
1755867702.3669446,-2,2,-67
1755867702.4029446,0,-4,-64
1755867702.4399445,1,4,-70
1755867702.4789443,3,0,-82
1755867702.5169446,-3,0,-75
1755867702.552945,4,-1,-72
1755867702.5909443,5,-1,-68
1755867702.6289446,0,0,-64
1755867702.667945,3,1,-79
1755867702.7039447,8,1,-75
1755867702.7409446,3,-3,-85
1755867702.7789447,6,-1,-75
1755867702.8179443,2,-2,-67
1755867702.8539443,5,-8,-70
1755867702.8909447,6,-2,-82
1755867702.9289446,-5,0,-81
1755867702.9679446,-8,3,-77
1755867703.0039446,0,6,-76
1755867703.0409446,-1,2,-80
1755867703.0789447,-4,-2,-72
1755867703.1179447,0,0,-72
1755867703.1539447,0,7,-67
1755867703.190945,0,-1,-79
1755867703.2289443,-2,-7,-67
1755867703.2679446,0,-4,-60
1755867703.3039446,-4,0,-84
1755867703.3409443,0,8,-73
1755867703.3789446,-4,0,-80
1755867703.417945,4,-2,-72
1755867703.4539447,-2,0,-69
1755867703.4909446,-4,2,-74
1755867703.5289447,-2,-8,-74
1755867703.5679443,-3,-3,-77
1755867703.6039443,1,0,-77
1755867703.6409447,-9,-2,-73
1755867703.6789446,-3,-2,-70
1755867703.7179446,5,2,-73
1755867703.7539446,8,-2,-71
1755867703.7919445,10,-3,-68
1755867703.8299446,2,-5,-66
1755867703.8689446,-5,1,-71
1755867703.9069445,0,4,-66
1755867703.9429443,-2,5,-57
1755867703.9809446,-2,-4,-74
1755867704.0189445,-5,-1,-77
1755867704.0579443,0,6,-76
1755867704.0939443,-6,4,-86
1755867704.131945,-6,0,-84
1755867704.1699443,0,-1,-81
1755867704.2089446,0,0,-75
1755867704.246945,-2,-2,-84
1755867704.282945,5,-2,-77
1755867704.3199446,-2,2,-71
1755867704.358945,6,3,-74
1755867704.3969443,-5,-2,-76
1755867704.4329443,-8,1,-74
1755867704.4699447,-4,1,-66
1755867704.5089445,-6,-4,-82
1755867704.5449443,-9,-3,-72
1755867704.5829446,-1,0,-72
1755867704.6209445,1,1,-69
1755867704.6589446,3,-2,-69
1755867704.6979446,1,0,-62
1755867704.733945,0,1,-68
1755867704.7709446,3,3,-80
1755867704.8089447,1,6,-69
1755867704.8479445,2,-3,-64
1755867704.8839445,-2,0,-64
1755867704.9229443,0,-10,-62
1755867704.9599447,-3,-3,-71
1755867704.9989443,0,2,-69
1755867705.0349443,5,3,-74
1755867705.0719447,0,-4,-70
1755867705.1099446,-1,-4,-77
1755867705.1489446,-9,-1,-66
1755867705.1849446,-6,1,-76
1755867705.2229445,-5,6,-72
1755867705.2609446,-2,0,-72
1755867705.2999446,-2,2,-65
1755867705.3379445,4,0,-74
1755867705.3739443,7,-3,-86
1755867705.4109447,-1,1,-87
1755867705.4499447,-7,0,-79
1755867705.4879446,2,3,-75
1755867705.5239446,1,6,-75
1755867705.5699446,3,-5,-75
1755867705.6079447,1,-1,-74
1755867705.644945,2,-2,-78
1755867705.6819446,3,-2,-67
1755867705.7199447,-1,10,-65
1755867705.7589445,4,4,-66
1755867705.7949443,4,2,-70
1755867705.8319447,6,-1,-75
1755867705.8699446,0,1,-75
1755867705.907945,9,-1,-70
1755867705.9449446,7,-2,-69
1755867705.9819446,0,0,-70
1755867706.019945,4,-3,-65
1755867706.0579443,3,1,-58
1755867706.0949447,5,-8,-60
1755867706.131945,-5,-8,-71
1755867706.1699443,-7,0,-63
1755867706.2089446,-2,0,-60
1755867706.2449446,4,10,-80
1755867706.2819445,-6,2,-75
1755867706.3199446,-1,-6,-77
1755867706.358945,0,-9,-67
1755867706.394945,2,-2,-77
1755867706.4319446,-1,-5,-72
1755867706.4699447,-4,-3,-63
1755867706.5089445,-3,2,-65
1755867706.5449443,-1,1,-61
1755867706.5819447,0,1,-60
1755867706.6199446,0,0,-60
1755867706.6559446,7,1,-69
1755867706.6929443,6,-4,-71
1755867706.7309446,6,6,-61
1755867706.769945,2,-4,-64
1755867706.8059447,-2,3,-78
1755867706.8429446,4,3,-69
1755867706.8799446,3,0,-70
1755867706.9159446,-9,8,-70
1755867706.9529445,-2,0,-72
1755867706.9909446,0,-4,-74
1755867707.029945,0,4,-84
1755867707.065945,2,3,-77
1755867707.1029446,1,-2,-91
1755867707.1409447,0,-1,-70
1755867707.1799445,0,0,-67
1755867707.2159443,0,-1,-68
1755867707.2529447,-3,-1,-65
1755867707.2909446,-4,4,-74
1755867707.3299446,2,0,-84
1755867707.3659446,0,-4,-71
1755867707.4029446,6,0,-69
1755867707.440945,0,1,-76
1755867707.4789443,-1,1,-75
1755867707.5149446,-4,0,-69
1755867707.552945,-4,-1,-74
1755867707.5909443,0,-5,-75
1755867707.6289446,-2,0,-74
1755867707.6649446,1,4,-76
1755867707.7029445,0,4,-65
1755867707.7409446,0,1,-79
1755867707.7789447,-6,2,-77
1755867707.8149445,-6,1,-74
1755867707.8529446,-2,4,-67
1755867707.8909447,0,4,-56
1755867707.9289446,3,-6,-75
1755867707.9649446,3,1,-69
1755867708.0029447,-10,2,-73
1755867708.0409446,-6,0,-64
1755867708.0769446,-1,0,-57
1755867708.1139443,-5,3,-58
1755867708.1529446,3,1,-63
1755867708.190945,0,6,-70
1755867708.2269447,1,1,-60
1755867708.2639446,4,0,-71
1755867708.3009446,-1,4,-71
1755867708.3399446,0,-1,-76
1755867708.3759446,-5,-1,-71
1755867708.4139447,8,0,-83
1755867708.450945,16,-5,-80
1755867708.4899447,5,-5,-67
1755867708.5259447,-2,-1,-67
1755867708.5649445,-5,1,-66
1755867708.6029446,-1,4,-73
1755867708.6409447,0,2,-64
1755867708.6769447,0,4,-70
1755867708.713945,-6,-4,-71
1755867708.7529447,-5,-1,-67
1755867708.7909446,-3,-3,-70
1755867708.8269446,-3,0,-64
1755867708.8639443,0,-5,-63
1755867708.9029446,7,2,-64
1755867708.940945,3,-1,-76
1755867708.9769447,1,-3,-74
1755867709.0139446,3,-1,-69
1755867709.052945,8,-2,-70
1755867709.0909443,10,0,-79
1755867709.1269443,12,1,-72
1755867709.1639447,6,-3,-71
1755867709.2019446,2,-1,-72
1755867709.2409446,1,-8,-77
1755867709.2769446,-6,-7,-76
1755867709.315945,-6,-5,-81
1755867709.3529446,0,-3,-77
1755867709.3919446,-2,0,-86
1755867709.4299445,-4,-3,-76
1755867709.4659443,-8,-4,-76
1755867709.5039446,0,0,-70
1755867709.5419445,3,-4,-73
1755867709.5799446,3,-1,-73
1755867709.6159446,10,-2,-70
1755867709.6529446,2,-7,-80
1755867709.6919446,-2,-6,-73
1755867709.7299447,1,-8,-84
1755867709.7659447,3,-1,-74
1755867709.802945,2,-12,-77
1755867709.8419447,0,-5,-70
1755867709.8799446,-1,1,-67
1755867709.9159446,0,0,-70
1755867709.9529445,6,1,-63
1755867709.9919446,3,0,-69
1755867710.0289447,-2,0,-78
1755867710.065945,1,-3,-72
1755867710.1039443,6,6,-71
1755867710.1419446,0,1,-75
1755867710.1789446,-1,-2,-68
1755867710.2159443,3,0,-70
1755867710.2529447,-3,-4,-73
1755867710.2919445,-3,-1,-63
1755867710.3279445,-10,2,-65
1755867710.3659446,-1,-1,-65
1755867710.4039447,4,0,-66
1755867710.4419446,2,-1,-76
1755867710.4809446,8,-1,-64
1755867710.5169446,-2,-3,-71
1755867710.5549445,1,-7,-77
1755867710.5929446,3,1,-70
1755867710.631945,1,0,-63
1755867710.667945,0,-4,-70
1755867710.7069447,3,-1,-68
1755867710.7439446,0,-6,-69
1755867710.782945,0,-4,-73
1755867710.8209443,-7,0,-66
1755867710.8569446,-1,0,-67
1755867710.8939445,-13,-1,-68
1755867710.9329443,-12,0,-64
1755867710.9709446,-7,-3,-67
1755867711.006945,1,0,-66
1755867711.0439446,2,-1,-72
1755867711.0829446,1,-2,-68
1755867711.1209445,-4,-3,-71
1755867711.1569445,-7,-2,-80
1755867711.1959443,-1,0,-72
1755867711.233945,2,-9,-68
1755867711.2719443,3,1,-66
1755867711.3079443,4,1,-67
1755867711.3449447,1,3,-72
1755867711.3829446,-2,1,-71
1755867711.4219446,0,1,-68
1755867711.4579446,-4,5,-72
1755867711.4949446,5,5,-82
1755867711.532945,6,1,-83
1755867711.5689447,1,0,-60
1755867711.6059446,2,0,-64
1755867711.6429446,0,0,-61
1755867711.6819446,4,0,-65
1755867711.7179446,8,-4,-65
1755867711.756945,-1,-1,-62
1755867711.7939446,1,-6,-70
1755867711.8329446,-3,-2,-82
1755867711.8689446,-2,-5,-72
1755867711.9069445,0,-1,-64
1755867711.9449446,0,9,-72
1755867711.9829447,-1,4,-67
1755867712.0219443,-1,0,-62
1755867712.0579443,0,-1,-68
1755867712.0949447,-3,-2,-65
1755867712.1329446,0,-7,-71
1755867712.1719446,0,-5,-72
1755867712.2079446,5,0,-64
1755867712.2449446,1,-2,-73
1755867712.282945,8,2,-76
1755867712.3189447,1,0,-71
1755867712.3559446,0,7,-67
1755867712.3939445,0,2,-76
1755867712.4329443,2,4,-71
1755867712.4689443,7,-3,-71
1755867712.5079446,5,-4,-65
1755867712.5449443,5,1,-54
1755867712.5829446,3,4,-69
1755867712.6189446,0,8,-76
1755867712.6559446,2,7,-68
1755867712.6939447,3,4,-81
1755867712.7329447,-1,4,-82
1755867712.7689445,-4,3,-80
1755867712.8059447,0,1,-65
1755867712.8439443,-2,0,-65
1755867712.881945,0,0,-68
1755867712.917945,2,0,-64
1755867712.9549446,7,7,-74
1755867712.9929447,9,3,-75
1755867713.0289447,3,0,-69
1755867713.0669446,3,2,-69
1755867713.1039443,4,7,-73
1755867713.1419446,2,0,-76
1755867713.177945,4,1,-72
1755867713.2159443,1,-2,-74
1755867713.2549446,4,2,-66
1755867713.292945,-3,0,-61
1755867713.3289447,0,3,-64
1755867713.3659446,3,0,-70
1755867713.4039447,0,-4,-70
1755867713.4419446,-7,-4,-67
1755867713.4789443,-5,0,-58
1755867713.5159447,2,-5,-63
1755867713.5549445,0,-4,-76
1755867713.5929446,0,2,-74
1755867713.6289446,0,2,-78
1755867713.6659446,1,3,-72
1755867713.7039447,0,1,-69
1755867713.7399447,-2,-1,-74
1755867713.7779446,-1,2,-66
1755867713.815945,-1,5,-85
1755867713.8539443,0,8,-72
1755867713.8929446,1,-1,-67
1755867713.9289446,1,-2,-74
1755867713.9659443,-1,2,-76
1755867714.0049446,0,1,-76
1755867714.042945,0,0,-63
1755867714.0789447,-4,0,-69
1755867714.1169446,0,-2,-73
1755867714.154945,-1,-5,-67
1755867714.1939447,1,-4,-71
1755867714.2309446,-6,0,-70
1755867714.2679446,-4,-5,-79
1755867714.3059447,0,-1,-64
1755867714.3449447,1,-1,-68
1755867714.3829446,7,-1,-76
1755867714.4189446,9,2,-77
1755867714.4559443,2,4,-68
1755867714.4939446,2,-1,-70
1755867714.529945,-4,-3,-66
1755867714.5679443,-4,3,-66
1755867714.6069446,0,6,-75
1755867714.644945,2,-2,-74
1755867714.6829443,2,-5,-74
1755867714.7189443,2,0,-84
1755867714.7559447,2,-1,-65
1755867714.7949443,1,0,-65
1755867714.8329446,2,-4,-61
1755867714.8689446,3,2,-60
1755867714.9059446,0,1,-71
1755867714.9439447,2,1,-81
1755867714.9799447,1,4,-79
1755867715.0169446,-2,11,-77
1755867715.0549445,-4,10,-69
1755867715.0939443,4,-4,-68
1755867715.1299446,-1,-6,-64
1755867715.167945,-7,-3,-67
1755867715.2059443,-2,-2,-62
1755867715.2449446,-8,0,-66
1755867715.2809446,0,-6,-74
1755867715.3179443,-5,0,-77
1755867715.3559446,1,0,-78
1755867715.3939445,0,-4,-77
1755867715.4299445,4,1,-76
1755867715.4669447,0,0,-79
1755867715.5049446,8,-4,-69
1755867715.5409446,0,0,-66
1755867715.5869446,-4,-4,-71
1755867715.6249447,0,-4,-77
1755867715.6609447,0,-1,-67
1755867715.6979446,2,-3,-66
1755867715.7359445,-1,-4,-73
1755867715.7749443,1,3,-78
1755867715.8109446,-2,0,-75
1755867715.8479445,0,4,-81
1755867715.8859446,0,-3,-80
1755867715.9249446,-3,1,-72
1755867715.960945,0,-1,-63
1755867715.9979446,-4,1,-74
1755867716.0369446,-5,8,-80
1755867716.0749447,-2,-3,-70
1755867716.1109445,-6,-6,-71
1755867716.1489446,-15,-2,-73
1755867716.1869447,-5,-3,-72
1755867716.2259445,5,2,-81
1755867716.2639446,6,-1,-79
1755867716.2999446,-2,4,-78
1755867716.3369446,3,3,-84
1755867716.3759446,8,7,-68
1755867716.4139447,1,3,-66
1755867716.4499447,1,3,-74
1755867716.486945,0,1,-66
1755867716.5249443,0,1,-72
1755867716.5609446,-5,0,-78
1755867716.598945,-2,-1,-67
1755867716.6359446,7,1,-65
1755867716.6749446,1,1,-69
1755867716.710945,-7,7,-80
1755867716.7489443,0,0,-72
1755867716.7859447,-1,-3,-72
1755867716.8249447,-10,-2,-78
1755867716.8609445,-2,3,-74
1755867716.8989446,-6,0,-75
1755867716.9359446,0,2,-71
1755867716.973945,2,11,-76
1755867717.009945,2,6,-70
1755867717.0469446,-2,0,-79
1755867717.085945,4,5,-71
1755867717.121945,3,-2,-77
1755867717.1599443,1,-3,-70
1755867717.1989446,-4,-2,-68
1755867717.2359445,-5,0,-74
1755867717.2749443,0,-7,-72
1755867717.3109446,-3,-1,-67
1755867717.348945,0,-3,-78
1755867717.3869443,-3,-2,-74
1755867717.4259446,0,-2,-68
1755867717.4619446,0,-3,-63
1755867717.4989443,-1,-3,-68
1755867717.5369446,1,0,-73
1755867717.5749447,0,4,-49
1755867717.6109445,0,4,-58
1755867717.6479447,-2,3,-65
1755867717.6859446,0,1,-64
1755867717.7249446,-1,0,-72
1755867717.7609446,-4,0,-76
1755867717.7979443,0,-1,-72
1755867717.8369446,6,-3,-80
1755867717.8749447,3,2,-77
1755867717.9109447,1,5,-80
1755867717.9479446,1,4,-75
1755867717.986945,3,11,-75
1755867718.0249443,3,7,-68
1755867718.0609446,5,1,-60
1755867718.0979445,3,4,-77
1755867718.1359446,-1,-1,-80
1755867718.1719446,-2,-4,-71
1755867718.210945,-2,0,-75
1755867718.2479446,0,0,-87
1755867718.2859447,1,-4,-94
1755867718.3219447,-4,-3,-82
1755867718.3609445,5,-2,-71
1755867718.3979447,6,3,-63
1755867718.4369447,3,-1,-72
1755867718.4749446,-4,-1,-66
1755867718.5109446,1,-3,-78
1755867718.5479443,0,-3,-83
1755867718.5869446,2,-1,-77
1755867718.6249447,-1,0,-76
1755867718.6609447,-4,2,-72
1755867718.6979446,-4,-2,-77
1755867718.736945,0,1,-65
1755867718.7749443,3,0,-74
1755867718.8109446,1,1,-67
1755867718.8479445,1,0,-72
1755867718.8859446,-2,2,-72
1755867718.9219446,0,5,-68
1755867718.9599447,2,5,-71
1755867718.996945,5,1,-62
1755867719.032945,-10,2,-62
1755867719.0699446,-2,2,-57
1755867719.1079447,-1,-10,-72
1755867719.1469443,0,-7,-73
1755867719.1829443,3,-5,-73
1755867719.2209446,2,-2,-66
1755867719.2589445,-1,-6,-74
1755867719.2969446,-5,-3,-66
1755867719.335945,-7,-3,-64
1755867719.371945,-3,-1,-64
1755867719.4099443,-4,0,-75
1755867719.4479446,3,2,-71
1755867719.486945,-2,-1,-67
1755867719.5229447,0,-3,-72
1755867719.5619447,-7,-3,-78
1755867719.598945,4,4,-74
1755867719.6369443,1,3,-69
1755867719.6729443,-1,-3,-79
1755867719.7119446,4,-7,-71
1755867719.7489443,0,-1,-76
1755867719.7879446,-4,-2,-71
1755867719.825945,0,-1,-62
1755867719.861945,9,-4,-64
1755867719.8989446,-6,0,-57
1755867719.937945,-7,0,-69
1755867719.9759445,-5,-3,-67
1755867720.0119443,-1,2,-66
1755867720.0489447,-7,0,-76
1755867720.0879445,3,3,-80
1755867720.1259446,0,0,-75
1755867720.1619446,5,-3,-78
1755867720.1989446,-4,-4,-71
1755867720.2379446,0,-8,-63
1755867720.2759447,0,-3,-74
1755867720.3119447,3,1,-77
1755867720.348945,3,2,-80
1755867720.3879447,0,1,-77
1755867720.4259446,-3,-4,-84
1755867720.4619446,0,1,-76
1755867720.4989443,0,0,-78
1755867720.5369446,4,-7,-82
1755867720.5729446,-1,0,-77
1755867720.6109445,-5,-2,-72
1755867720.6489446,2,3,-67
1755867720.687945,-4,-8,-71
1755867720.723945,0,-3,-75
1755867720.7609446,-2,0,-79
1755867720.7989447,-1,0,-66
1755867720.8379445,6,3,-68
1755867720.8739443,1,-1,-73
1755867720.9109447,0,-3,-72
1755867720.9489446,3,1,-69
1755867720.9879446,-1,2,-67
1755867721.0239446,0,2,-79
1755867721.0609446,-1,0,-63
1755867721.098945,-4,1,-72
1755867721.1379447,-1,-3,-72
1755867721.1739447,-3,4,-70
1755867721.210945,-3,3,-70
1755867721.2489443,-3,-4,-65
1755867721.2879446,0,-4,-67
1755867721.3239446,0,-3,-62
1755867721.361945,-4,0,-76
1755867721.3999443,0,-8,-76
1755867721.437945,2,-3,-67
1755867721.473945,7,-3,-71
1755867721.5109446,0,-3,-70
1755867721.5489447,1,0,-63
1755867721.5879445,-1,2,-65
1755867721.6239443,-7,-3,-62
1755867721.6629446,-4,1,-67
1755867721.6999447,2,0,-65
1755867721.7379446,2,3,-68
1755867721.7739446,2,2,-71
1755867721.8109446,-1,0,-83
1755867721.848945,0,-5,-67
1755867721.8879447,10,0,-75
1755867721.9239447,1,-2,-66
1755867721.960945,0,0,-66
1755867721.9989443,4,-2,-68
1755867722.0379446,0,-2,-68
1755867722.0739446,4,-4,-68
1755867722.1109445,5,0,-74
1755867722.1489446,-1,2,-77
1755867722.1869447,4,-4,-72
1755867722.2229445,2,-5,-71
1755867722.259945,-4,-3,-65
1755867722.2989447,-9,-1,-74
1755867722.3369446,-2,-5,-81
1755867722.3729446,-3,-1,-79
1755867722.4109447,3,3,-79
1755867722.4489446,-4,-3,-80
1755867722.4849446,-2,2,-78
1755867722.5229447,0,5,-71
1755867722.5599446,0,-4,-68
1755867722.598945,2,-5,-70
1755867722.634945,0,-5,-58
1755867722.6719446,3,-3,-63
1755867722.7099447,-2,0,-60
1755867722.7489443,3,-3,-69
1755867722.7849443,-5,-1,-73
1755867722.8229446,1,-1,-82
1755867722.8609445,-5,10,-66
1755867722.8989446,-8,0,-57
1755867722.937945,-2,1,-68
1755867722.973945,2,-4,-62
1755867723.0119443,7,-3,-73
1755867723.0499446,7,-3,-77
1755867723.088945,4,0,-79
1755867723.1249447,0,0,-64
1755867723.1619446,-1,1,-69
1755867723.200945,1,-8,-75
1755867723.2389443,-3,-9,-71
1755867723.2749443,7,-3,-76
1755867723.3119447,4,-8,-75
1755867723.3499446,-6,-5,-75
1755867723.3889446,-7,3,-73
1755867723.4249446,0,-1,-71
1755867723.463945,-9,-2,-77
1755867723.5009446,-2,-1,-72
1755867723.5399446,2,3,-77
1755867723.5779445,1,10,-83
1755867723.6139443,-5,1,-73
1755867723.6519446,-7,-1,-75
1755867723.6899445,-4,-7,-77
1755867723.7289443,3,0,-76
1755867723.7649446,2,1,-81
1755867723.802945,5,0,-83
1755867723.8399446,3,-2,-75
1755867723.8789446,-4,-2,-64
1755867723.9149446,-9,3,-62
1755867723.9529445,-1,-2,-64
1755867723.9899447,-1,-5,-74
1755867724.0289447,4,-8,-63
1755867724.0649445,3,-2,-70
1755867724.1029446,4,4,-73
1755867724.1399446,0,0,-60
1755867724.1759446,4,-1,-68
1755867724.2129445,0,-4,-72
1755867724.2509446,-1,1,-71
1755867724.2899446,8,-5,-71
1755867724.325945,9,-2,-78
1755867724.3629446,-6,-4,-92
1755867724.4009447,-4,0,-76
1755867724.4399445,2,-3,-75
1755867724.4759445,6,-2,-70
1755867724.5129447,2,0,-64
1755867724.5499446,5,0,-72
1755867724.585945,1,-2,-75
1755867724.6229446,0,-3,-68
1755867724.6609447,-2,0,-72
1755867724.6999447,-1,2,-69
1755867724.7359445,0,0,-64
1755867724.7729447,3,-2,-73
1755867724.8109446,3,0,-77
1755867724.848945,3,3,-69
1755867724.884945,-1,0,-67
1755867724.9219446,4,-8,-77
1755867724.960945,-5,0,-68
1755867724.9989443,2,0,-63
1755867725.0349443,0,-1,-71
1755867725.0719447,6,-5,-70
1755867725.1109445,-2,-2,-75
1755867725.1489446,-3,-9,-63
1755867725.1849446,2,0,-72
1755867725.2219446,-2,-2,-84
1755867725.2609446,1,0,-68
1755867725.2989447,-2,-4,-64
1755867725.3349447,4,0,-74
1755867725.371945,10,-6,-73
1755867725.4109447,9,-2,-76
1755867725.4489446,4,2,-67
1755867725.4849446,0,5,-68
1755867725.5219443,4,-3,-72
1755867725.5609446,0,1,-80
1755867725.6059446,0,2,-69
1755867725.6429446,2,-3,-76
1755867725.6819446,-4,0,-82
1755867725.7199447,-1,1,-81
1755867725.7559447,0,3,-81
1755867725.792945,0,0,-74
1755867725.8319447,0,3,-71
1755867725.8699446,2,-6,-74
1755867725.9069445,-6,0,-70
1755867725.9449446,0,2,-76
1755867725.9819446,1,5,-69
1755867726.019945,2,-1,-67
1755867726.0559447,0,6,-66
1755867726.0929446,-3,2,-70
1755867726.131945,0,7,-66
1755867726.1699443,-1,4,-72
1755867726.2059443,-1,1,-66
1755867726.2439446,3,7,-60
1755867726.2819445,0,7,-65
1755867726.3199446,-4,7,-69
1755867726.3559446,1,0,-79
1755867726.3939445,0,4,-69
1755867726.4319446,4,0,-61
1755867726.4699447,4,-5,-56
1755867726.5059447,0,-1,-74
1755867726.5439446,2,-2,-78
1755867726.5819447,0,1,-81
1755867726.6209445,-6,-4,-81
1755867726.6569445,-4,0,-73
1755867726.6949446,-2,3,-65
1755867726.7329447,5,-1,-64
1755867726.7719443,0,-1,-60
1755867726.8099446,-2,3,-61
1755867726.8459446,-8,-1,-68
1755867726.8839445,1,-2,-72
1755867726.9219446,3,0,-77
1755867726.9599447,4,-4,-74
1755867726.9959445,3,-2,-72
1755867727.0339446,6,2,-67
1755867727.0719447,2,6,-73
1755867727.1099446,1,0,-78
1755867727.1459446,-1,1,-68
1755867727.1829443,-7,0,-63
1755867727.2219446,0,1,-71
1755867727.259945,10,3,-86
1755867727.2959447,9,-4,-76
1755867727.3329446,-8,-4,-78
1755867727.371945,-2,1,-82
1755867727.4099443,2,0,-70
1755867727.4459443,7,-6,-81
1755867727.4829447,7,0,-82
1755867727.5209446,1,0,-69
1755867727.5569446,6,2,-71
1755867727.5949447,5,4,-76
1755867727.6329446,-2,10,-59
1755867727.6709447,0,11,-66
1755867727.7069447,-1,2,-68
1755867727.7449446,-3,0,-71
1755867727.782945,-4,-5,-68
1755867727.8219447,-3,-3,-61
1755867727.8579447,0,0,-79
1755867727.894945,-4,2,-83
1755867727.9329443,-4,-1,-74
1755867727.9719446,-2,-4,-66
1755867728.0079446,1,0,-67
1755867728.0449443,0,5,-77
1755867728.0819447,0,-2,-71
1755867728.1209445,7,2,-73
1755867728.1569445,9,-3,-66
1755867728.1949446,4,0,-63
1755867728.2329447,0,-3,-69
1755867728.2709446,-2,4,-68
1755867728.3069446,-5,2,-66
1755867728.3449447,1,3,-74
1755867728.381945,-2,0,-75
1755867728.4209447,3,-3,-81
1755867728.4569447,3,0,-79
1755867728.4949446,-2,0,-71
1755867728.5339446,-1,2,-81
1755867728.5719447,2,-3,-77
1755867728.6079447,0,-1,-63
1755867728.644945,1,7,-71
1755867728.6829443,1,5,-70
1755867728.7209446,11,-3,-70
1755867728.756945,4,-1,-64
1755867728.7939446,0,0,-81
1755867728.8329446,0,1,-83
1755867728.8709445,-4,-1,-72
1755867728.9069445,-6,-4,-70
1755867728.9449446,-6,-5,-67
1755867728.9829447,-9,0,-63
1755867729.0219443,-8,-8,-65
1755867729.0579443,0,-7,-68
1755867729.0949447,-4,0,-78
1755867729.1329446,-1,-4,-72
1755867729.1719446,-4,-9,-63
1755867729.2079446,3,-6,-73
1755867729.2449446,0,-8,-67
1755867729.2839446,-2,0,-74
1755867729.3219447,3,0,-70
1755867729.3579447,2,-3,-68
1755867729.394945,1,0,-85
1755867729.4329443,-5,0,-73
1755867729.4709446,-1,-4,-75
1755867729.506945,-3,-4,-79
1755867729.5449443,4,-4,-82
1755867729.5839446,3,0,-80
1755867729.621945,10,-4,-71
1755867729.657945,3,-2,-75
1755867729.6959443,-1,-3,-72
1755867729.733945,-9,-5,-64
1755867729.7729447,-4,-7,-71
1755867729.8089447,-5,-4,-70
1755867729.8469446,5,-7,-69
1755867729.884945,-2,3,-77
1755867729.9229443,-4,0,-77
1755867729.9619446,-16,0,-78
1755867729.9979446,-2,0,-72
1755867730.0349443,2,-5,-69
1755867730.0729446,3,0,-76
1755867730.108945,-2,4,-83
1755867730.1459446,-1,1,-64
1755867730.1839447,-5,6,-68
1755867730.2229445,-1,2,-71
1755867730.2589445,0,1,-70
1755867730.2959447,-7,1,-74
1755867730.3339446,0,8,-77
1755867730.371945,-1,0,-63
1755867730.407945,-7,4,-68
1755867730.4459443,2,4,-71
1755867730.483945,-6,0,-65
1755867730.5219443,0,0,-64
1755867730.5589447,0,-2,-61
1755867730.5959446,-9,-2,-58
1755867730.6339445,-6,-2,-65
1755867730.6729443,-4,-5,-71
1755867730.7089446,1,-4,-77
1755867730.7459445,-7,-12,-79
1755867730.7839446,-2,-9,-88
1755867730.8229446,-4,-7,-77
1755867730.858945,1,-4,-67
1755867730.8959446,-4,-1,-70
1755867730.9349446,-3,-1,-78
1755867730.9729445,-1,5,-73
1755867731.0089445,0,3,-71
1755867731.0459447,2,1,-79
1755867731.0839446,7,6,-71
1755867731.121945,3,0,-61
1755867731.157945,9,0,-64
1755867731.1949446,5,3,-69
1755867731.233945,0,2,-74
1755867731.2719443,8,-1,-72
1755867731.3079443,8,7,-74
1755867731.3449447,-1,0,-75
1755867731.3839445,-1,-1,-78
1755867731.4199443,-5,5,-68
1755867731.4569447,6,-3,-68
1755867731.4949446,7,-1,-62
1755867731.5339446,3,3,-71
1755867731.5699446,2,6,-68
1755867731.6069446,-2,-2,-64
1755867731.644945,-1,1,-71
1755867731.6839447,-8,0,-65
1755867731.7199447,-8,0,-66
1755867731.756945,0,0,-69
1755867731.7939446,1,-5,-65
1755867731.8329446,3,0,-66
1755867731.8689446,0,0,-67
1755867731.9059446,1,0,-68
1755867731.9439447,7,-1,-65
1755867731.9799447,0,0,-73
1755867732.0169446,4,-3,-77
1755867732.0559447,3,6,-76
1755867732.0939443,1,0,-63
1755867732.1299446,3,-3,-69
1755867732.1669445,-3,-3,-70
1755867732.2059443,5,0,-72
1755867732.2439446,5,1,-72
1755867732.279945,-3,0,-68
1755867732.3189447,-4,-5,-68
1755867732.3559446,-2,-7,-61
1755867732.394945,-2,0,-73
1755867732.4329443,-5,6,-77
1755867732.4689443,-5,0,-64
1755867732.5059447,0,4,-69
1755867732.5449443,-3,-3,-69
1755867732.5829446,-2,4,-68
1755867732.6189446,3,-3,-65
1755867732.6559446,-4,3,-71
1755867732.6949446,-1,-4,-71
1755867732.7329447,-3,-14,-63
1755867732.7689445,1,-7,-67
1755867732.8059447,3,-5,-75
1755867732.8449447,1,3,-70
1755867732.8829446,-3,-5,-71
1755867732.9189446,0,-2,-71
1755867732.9559443,-3,2,-77
1755867732.9949446,2,0,-87
1755867733.032945,-1,3,-80
1755867733.0689447,-6,1,-77
1755867733.1059446,-7,5,-65
1755867733.144945,-9,4,-69
1755867733.1809447,-11,3,-71
1755867733.2179446,-11,0,-68
1755867733.2559447,1,0,-72
1755867733.2939446,0,1,-72
1755867733.3299446,0,-1,-83
1755867733.3679447,6,0,-82
1755867733.4059446,3,-1,-80
1755867733.4449446,5,0,-78
1755867733.4809446,1,-5,-77
1755867733.5179446,1,5,-78
1755867733.5549445,-2,0,-61
1755867733.5939443,-4,0,-79
1755867733.6299446,-2,3,-76
1755867733.667945,0,-2,-74
1755867733.7059443,1,-4,-78
1755867733.7449446,3,-6,-66
1755867733.7809446,0,0,-65
1755867733.8179443,-7,5,-65
1755867733.8559446,0,5,-56
1755867733.894945,-1,2,-60
1755867733.9309447,2,3,-68
1755867733.9679446,9,-8,-79
1755867734.0059447,5,-2,-77
1755867734.0449443,2,1,-82
1755867734.0809443,0,2,-67
1755867734.1179447,-3,-5,-72
1755867734.1559446,-3,0,-60
1755867734.1949446,-9,3,-78
1755867734.2309446,-4,3,-71
1755867734.2679446,0,3,-74
1755867734.3059447,2,-3,-64
1755867734.3439443,8,0,-65
1755867734.3799446,7,1,-80
1755867734.4169445,4,-4,-78
1755867734.4559443,-5,-7,-86
1755867734.4939446,-3,1,-73
1755867734.529945,-2,0,-73
1755867734.5669446,-5,3,-82
1755867734.6059446,2,4,-77
1755867734.6439445,2,2,-65
1755867734.6799445,1,0,-73
1755867734.7169447,4,-2,-71
1755867734.7559447,4,-5,-78
1755867734.7939446,-1,-3,-79
1755867734.8299446,-4,1,-79
1755867734.8669446,-2,-5,-68
1755867734.9059446,-3,-3,-68
1755867734.9419446,2,0,-70
1755867734.9789443,2,3,-76
1755867735.0169446,0,-2,-75
1755867735.0559447,0,-5,-77
1755867735.0919447,2,0,-85
1755867735.1289446,-3,-7,-81
1755867735.1669445,0,3,-78
1755867735.2059443,-7,-1,-78
1755867735.2419446,-4,0,-79
1755867735.2789447,1,3,-71
1755867735.3169446,3,0,-65
1755867735.3549447,-1,-4,-73
1755867735.3909447,-2,-3,-74
1755867735.4289446,-2,-1,-74
1755867735.4669447,-3,0,-66
1755867735.5059447,0,1,-70
1755867735.5419445,6,0,-70
1755867735.5799446,3,-6,-69
1755867735.6259446,0,-2,-67
1755867735.6619446,-1,0,-74
1755867735.700945,1,0,-73
1755867735.7379446,1,5,-76
1755867735.7759447,2,-1,-73
1755867735.8119447,-3,-1,-84
1755867735.8499446,0,2,-85
1755867735.8879447,5,-5,-72
1755867735.9269447,4,4,-64
1755867735.9649446,-2,1,-70
1755867736.0009446,-6,-4,-71
1755867736.0389447,-5,2,-80
1755867736.0769446,-4,0,-81
1755867736.1159446,0,-5,-82
1755867736.1519446,3,-4,-68
1755867736.1899445,6,-3,-69
1755867736.2279446,4,6,-60
1755867736.2659447,-3,0,-67
1755867736.3019447,-9,0,-64
1755867736.338945,-11,1,-69
1755867736.3769443,2,2,-79
1755867736.4149446,5,0,-78
1755867736.450945,4,-3,-81
1755867736.4879446,0,1,-69
1755867736.5259447,0,1,-78
1755867736.5619447,2,-5,-72
1755867736.5999446,-2,-2,-84
1755867736.6379447,2,0,-71
1755867736.6759446,5,0,-72
1755867736.7119446,8,4,-68
1755867736.7489443,0,4,-82
1755867736.7869446,-4,1,-72
1755867736.8229446,-2,0,-67
1755867736.8599446,-3,-6,-71
1755867736.8979447,0,4,-54
1755867736.9359446,2,-2,-62
1755867736.9719446,10,-2,-75
1755867737.0089445,9,4,-71
1755867737.0469446,3,-2,-73
1755867737.0829446,7,-1,-70
1755867737.1199446,-2,-3,-79
1755867737.157945,-5,-4,-84
1755867737.1969447,4,-2,-66
1755867737.2329447,4,-3,-71
1755867737.269945,3,0,-66
1755867737.3069446,-3,6,-69
1755867737.3459446,-8,3,-71
1755867737.381945,2,1,-76
1755867737.4189446,-4,0,-71
1755867737.4569447,2,-2,-66
1755867737.4959445,-1,3,-75
1755867737.5319445,0,-3,-70
1755867737.5689447,6,0,-67
1755867737.6069446,1,1,-72
1755867737.6439445,1,-5,-76
1755867737.6809447,-3,-3,-65
1755867737.7189443,-1,0,-78
1755867737.7579446,6,-2,-73
1755867737.7959447,5,-4,-72
1755867737.8319447,-4,-2,-70
1755867737.8699446,-1,0,-71
1755867737.907945,-5,-3,-82
1755867737.9469447,0,1,-69
1755867737.9829447,1,8,-66
1755867738.0209446,1,4,-61
1755867738.0579443,-5,-1,-69
1755867738.0969446,-5,-1,-72
1755867738.1329446,0,-3,-68
1755867738.1709447,2,-7,-67
1755867738.2089446,4,-12,-68
1755867738.2479446,5,1,-69
1755867738.2859447,3,-7,-74
1755867738.3219447,0,-5,-71
1755867738.3599446,4,-7,-80
1755867738.3979447,0,0,-80
1755867738.4359446,0,2,-67
1755867738.4719446,-4,-2,-63
1755867738.509945,-1,2,-77
1755867738.5479443,-2,2,-66
1755867738.5869446,-6,3,-72
1755867738.6229446,-1,0,-74
1755867738.6599443,1,-5,-67
1755867738.6979446,2,-1,-66
1755867738.736945,-2,0,-64
1755867738.7729447,-3,0,-59
1755867738.8099446,3,0,-59
1755867738.8479445,4,-4,-64
1755867738.8869443,7,0,-71
1755867738.9229443,-1,-5,-75
1755867738.9619446,-2,-3,-77
1755867738.9989443,-8,1,-76
1755867739.0379446,-2,-5,-65
1755867739.0739446,-1,1,-77
1755867739.111945,-2,-2,-61
1755867739.1489446,0,0,-71
1755867739.1869447,8,0,-78
1755867739.2229445,8,-2,-84
1755867739.259945,5,-4,-74
1755867739.2989447,3,-3,-71
1755867739.3369446,-3,-2,-71
1755867739.3729446,-3,0,-69
1755867739.4099443,1,-1,-82
1755867739.4489446,4,4,-70
1755867739.486945,4,4,-80
1755867739.5229447,-4,3,-63
1755867739.5599446,-2,-3,-64
1755867739.598945,1,1,-73
1755867739.6369443,-1,-3,-67
1755867739.6729443,-4,-1,-72
1755867739.710945,-1,-7,-78
1755867739.7489443,4,2,-84
1755867739.7869446,2,-3,-69
1755867739.8229446,-2,-2,-70
1755867739.8609445,-6,3,-68
1755867739.8989446,-8,0,-70
1755867739.937945,0,1,-65
1755867739.973945,7,-2,-51
1755867740.0109446,0,-2,-60
1755867740.0489447,-6,1,-70
1755867740.0879445,-6,2,-66
1755867740.1239443,6,4,-63
1755867740.1609447,3,10,-70
1755867740.1989446,2,7,-76
1755867740.236945,0,3,-71
1755867740.2729447,0,5,-74
1755867740.3099446,1,3,-74
1755867740.348945,-2,3,-75
1755867740.384945,3,-11,-62
1755867740.4229443,1,-7,-66
1755867740.460945,1,3,-75
1755867740.4989443,-5,-1,-71
1755867740.5349443,4,4,-72
1755867740.5739446,1,-3,-64
1755867740.6109445,0,-1,-78
1755867740.6499443,5,0,-70
1755867740.687945,5,3,-78
1755867740.723945,0,4,-73
1755867740.7609446,4,-6,-74
1755867740.7989447,-1,-2,-67
1755867740.8379445,-7,-3,-72
1755867740.8739443,-5,0,-81
1755867740.9109447,-2,7,-80
1755867740.9499447,0,1,-81
1755867740.9879446,3,3,-73
1755867741.0239446,0,0,-66
1755867741.0619447,-1,3,-65
1755867741.0999446,-3,5,-74
1755867741.1379447,2,-4,-71
1755867741.1739447,1,1,-72
1755867741.210945,1,0,-70
1755867741.2499447,0,6,-82
1755867741.2879446,-2,-1,-69
1755867741.3239446,-2,1,-70
1755867741.3609445,3,8,-72
1755867741.3999443,0,-1,-76
1755867741.437945,-6,-5,-69
1755867741.473945,-2,2,-77
1755867741.5119443,0,-2,-77
1755867741.5509446,0,0,-79
1755867741.588945,8,-2,-72
1755867741.6249447,9,-2,-66
1755867741.6619446,1,-5,-74
1755867741.6999447,0,-7,-68
1755867741.7389443,-3,0,-68
1755867741.7749443,-2,3,-72
1755867741.8119447,-5,-3,-77
1755867741.8509445,-3,-4,-70
1755867741.8889446,10,-3,-72
1755867741.9249446,5,5,-78
1755867741.9619446,6,-3,-70
1755867741.9999447,6,-3,-70
1755867742.0389447,6,4,-66
1755867742.0749447,2,2,-75
1755867742.111945,-1,-6,-72
1755867742.1509447,-2,2,-82
1755867742.1889446,2,7,-77
1755867742.2249446,5,1,-71
1755867742.2619443,10,0,-65
1755867742.2999446,3,-1,-70
1755867742.338945,3,-4,-71
1755867742.3749447,0,-3,-72
1755867742.4119446,-3,3,-79
1755867742.4499447,-2,9,-75
1755867742.4889443,4,-1,-70
1755867742.5249443,-4,-1,-80
1755867742.562945,1,-4,-71
1755867742.6009445,15,0,-64
1755867742.6399446,3,-9,-68
1755867742.6759446,6,-8,-77
1755867742.7129445,-8,-3,-81
1755867742.7509446,-1,4,-83
1755867742.7899446,-1,1,-63
1755867742.825945,0,0,-68
1755867742.8629446,-1,-3,-73
1755867742.9019446,0,-1,-70
1755867742.9399445,-8,1,-77
1755867742.9759445,0,8,-82
1755867743.0129447,5,7,-73
1755867743.0519447,-4,3,-69
1755867743.0899446,0,-10,-66
1755867743.1259446,3,-2,-72
1755867743.1629446,0,0,-74
1755867743.200945,1,-1,-76
1755867743.2389443,11,0,-72
1755867743.2749443,5,0,-69
1755867743.312945,9,0,-59
1755867743.3509445,2,0,-76
1755867743.3889446,0,-5,-72
1755867743.4249446,-1,-5,-64
1755867743.463945,1,-4,-62
1755867743.5019443,4,2,-60
1755867743.5399446,0,0,-73
1755867743.575945,-4,0,-77
1755867743.6139443,1,3,-65
1755867743.6509447,-5,-6,-70
1755867743.6899445,4,1,-61
1755867743.7259445,-3,5,-66
1755867743.7629447,-2,5,-77
1755867743.8009446,-7,4,-82
1755867743.8399446,-4,-1,-76
1755867743.8759446,1,0,-73
1755867743.9129446,0,-4,-79
1755867743.950945,7,-3,-70
1755867743.9899447,5,-2,-73
1755867744.0259447,12,-1,-75
1755867744.062945,-1,1,-76
1755867744.1009445,3,0,-73
1755867744.1399446,-3,-6,-66
1755867744.1759446,0,-4,-64
1755867744.2129445,4,-3,-63
1755867744.2509446,2,-2,-68
1755867744.2899446,3,-5,-73
1755867744.325945,1,2,-77
1755867744.3629446,3,1,-75
1755867744.4009447,-1,7,-75
1755867744.4399445,-1,2,-62
1755867744.4759445,3,2,-69
1755867744.5129447,7,-1,-62
1755867744.5509446,-9,4,-70
1755867744.5899446,0,3,-72
1755867744.6259446,0,-2,-90
1755867744.6629446,-1,0,-72
1755867744.7019446,-7,-3,-72
1755867744.7399447,-9,1,-73
1755867744.7759447,-7,9,-76
1755867744.812945,-17,0,-70
1755867744.8519447,1,0,-69
1755867744.8899446,-6,0,-67
1755867744.9259446,0,0,-69
1755867744.9629445,7,-4,-73
1755867745.0019443,1,3,-70
1755867745.0399446,-1,-5,-69
1755867745.075945,3,-1,-77
1755867745.1149447,4,0,-78
1755867745.1519446,0,0,-81
1755867745.1899445,5,-4,-70
1755867745.2259445,0,-4,-76
1755867745.2639446,6,-9,-76
1755867745.3019447,5,0,-80
1755867745.3399446,5,2,-73
1755867745.3759446,3,2,-64
1755867745.4129446,4,7,-66
1755867745.450945,4,1,-57
1755867745.486945,4,-3,-64
1755867745.5239446,0,-4,-66
1755867745.5619447,4,6,-72
1755867745.5999446,6,3,-67
1755867745.6439445,0,6,-73
1755867745.6819446,-1,-7,-72
1755867745.7209446,1,4,-76
1755867745.7579446,8,3,-67
1755867745.7949443,9,-3,-72
1755867745.8329446,2,5,-73
1755867745.8709445,0,-3,-82
1755867745.9069445,-3,0,-74
1755867745.9449446,-6,0,-69
1755867745.9829447,-11,-2,-71
1755867746.0219443,-3,-3,-70
1755867746.0579443,3,0,-70
1755867746.0949447,4,2,-66
1755867746.131945,-5,1,-78
1755867746.1709447,-9,3,-84
1755867746.2079446,-7,1,-74
1755867746.2449446,-1,0,-79
1755867746.2839446,4,-3,-89
1755867746.3219447,-3,-7,-76
1755867746.3579447,-2,0,-75
1755867746.394945,1,-2,-74
1755867746.4339447,-3,-4,-76
1755867746.4719446,1,0,-81
1755867746.5079446,0,1,-70
1755867746.5449443,0,0,-79
1755867746.5829446,1,-2,-73
1755867746.6209445,3,-1,-66
1755867746.6569445,6,1,-81
1755867746.6939447,2,-3,-90
1755867746.7329447,-3,3,-68
1755867746.7709446,-4,0,-59
1755867746.8069446,2,0,-61
1755867746.8439443,2,-2,-68
1755867746.8829446,-3,1,-60
1755867746.9209447,0,0,-63
1755867746.9569447,-3,1,-61
1755867746.9939446,-1,-9,-61
1755867747.032945,0,-2,-74
1755867747.0709443,0,-2,-77
1755867747.1069446,2,-1,-76
1755867747.1439445,2,-2,-74
1755867747.1829443,8,-1,-65
1755867747.2209446,3,-2,-79
1755867747.256945,5,0,-79
1755867747.2939446,0,-5,-80
1755867747.3329446,2,3,-70
1755867747.3709445,3,-4,-72
1755867747.4069445,0,-1,-68
1755867747.4439447,-4,-7,-69
1755867747.4829447,-9,-4,-68
1755867747.5189445,-5,0,-60
1755867747.5559447,-2,2,-73
1755867747.5939443,-1,8,-77
1755867747.6329446,2,6,-81
1755867747.6689446,-7,4,-69
1755867747.7059443,-9,-4,-68
1755867747.7439446,-8,3,-67
1755867747.782945,0,0,-78
1755867747.8189447,0,3,-70
1755867747.8559446,-11,7,-77
1755867747.8939445,0,4,-76
1755867747.9329443,1,3,-69
1755867747.9689443,0,3,-50
1755867748.0059447,2,-2,-64
1755867748.0439446,-1,1,-67
1755867748.0829446,4,-5,-62
1755867748.1189446,2,-2,-63
1755867748.1569445,2,5,-67
1755867748.1949446,-1,1,-68
1755867748.2329447,0,-3,-69
1755867748.2719443,1,-4,-78
1755867748.3079443,0,2,-75
1755867748.3449447,0,0,-73
1755867748.3829446,-1,1,-70
1755867748.4189446,-5,-3,-73
1755867748.4569447,7,-8,-65
1755867748.4949446,1,-2,-76
1755867748.5339446,0,-4,-67
1755867748.5719447,1,1,-69
1755867748.6079447,0,0,-73
1755867748.644945,1,0,-75
1755867748.6829443,0,-1,-72
1755867748.7189443,0,-2,-76
1755867748.7559447,0,6,-83
1755867748.7939446,0,0,-76
1755867748.8319447,0,-3,-72
1755867748.8679447,6,-2,-68
1755867748.9059446,1,-3,-59
1755867748.9439447,-5,-1,-74
1755867748.9829447,-5,1,-80
1755867749.0189445,-2,3,-73
1755867749.0569446,6,-2,-64
1755867749.0949447,7,6,-78
1755867749.1329446,-3,4,-71
1755867749.1689446,0,1,-77
1755867749.2059443,-4,3,-73
1755867749.2439446,-1,10,-71
1755867749.282945,0,-6,-77
1755867749.3189447,0,1,-75
1755867749.3559446,1,0,-84
1755867749.3939445,0,8,-80
1755867749.4299445,0,-4,-77
1755867749.4669447,3,-3,-78
1755867749.5059447,-1,1,-76
1755867749.5439446,2,1,-69
1755867749.5799446,6,0,-78
1755867749.6169446,0,4,-81
1755867749.6559446,-4,1,-76
1755867749.6939447,5,-3,-77
1755867749.7299447,3,-5,-72
1755867749.7669446,4,1,-66
1755867749.8049445,-4,-3,-71
1755867749.8439443,-1,2,-69
1755867749.8799446,-6,6,-69
1755867749.917945,4,1,-77
1755867749.9549446,5,0,-79
1755867749.9929447,2,-1,-72
1755867750.0289447,-1,5,-65
1755867750.0669446,0,7,-65
1755867750.1049447,0,6,-65
1755867750.1429446,2,2,-81
1755867750.1789446,8,-4,-80
1755867750.2169447,7,0,-77
1755867750.2549446,1,-5,-73
1755867750.2939446,-4,-2,-66
1755867750.3299446,0,-1,-66
1755867750.3669446,3,-1,-74
1755867750.404945,3,1,-79
1755867750.4439447,1,1,-79
1755867750.4799447,0,4,-78
1755867750.5169446,0,3,-69
1755867750.5549445,-5,1,-68
1755867750.5939443,-7,-2,-57
1755867750.6299446,-4,4,-65
1755867750.6669445,-1,4,-72
1755867750.7049446,-1,0,-78
1755867750.7439446,2,-4,-79
1755867750.779945,5,3,-77
1755867750.8169446,1,-8,-91
1755867750.8549447,5,0,-80
1755867750.8939445,2,-4,-77
1755867750.9299445,-10,-4,-79
1755867750.9679446,-1,3,-74
1755867751.006945,7,-3,-61
1755867751.0449443,1,5,-77
1755867751.0829446,-3,-3,-71
1755867751.1189446,1,1,-75
1755867751.1559446,-1,6,-67
1755867751.1949446,-3,4,-70
1755867751.2309446,0,6,-63
1755867751.2689445,3,2,-71
1755867751.3059447,2,3,-68
1755867751.3439443,-1,1,-62
1755867751.3799446,-3,0,-68
1755867751.417945,1,1,-70
1755867751.4559443,1,2,-83
1755867751.4939446,1,6,-70
1755867751.529945,-3,10,-72
1755867751.5669446,-3,7,-77
1755867751.6049447,3,4,-70
1755867751.6409447,4,0,-72
1755867751.677945,4,6,-71
1755867751.7159443,0,4,-72
1755867751.7539446,0,4,-75
1755867751.7899446,1,7,-73
1755867751.8269446,-1,2,-76
1755867751.8649447,-1,2,-73
1755867751.9039447,-2,9,-63
1755867751.9399445,-2,4,-79
1755867751.9769447,-1,-6,-83
1755867752.0159447,4,-3,-71
1755867752.0539446,4,-6,-68
1755867752.0899446,1,-5,-82
1755867752.1269443,-2,4,-66
1755867752.1659446,0,1,-66
1755867752.2039447,0,-3,-66
1755867752.2399447,-6,1,-64
1755867752.2769446,0,0,-70
1755867752.3149445,4,-2,-66
1755867752.3509445,-3,4,-62
1755867752.3879447,3,-1,-68
1755867752.4259446,1,4,-64
1755867752.463945,5,5,-74
1755867752.4999447,-1,0,-67
1755867752.5379446,4,7,-82
1755867752.575945,-2,5,-73
1755867752.6139443,-1,2,-67
1755867752.6499443,-3,1,-72
1755867752.687945,-3,-3,-66
1755867752.7259445,0,-6,-71
1755867752.7639446,7,1,-71
1755867752.7999446,6,5,-70
1755867752.8379445,-1,3,-77
1755867752.8759446,1,-2,-74
1755867752.9139447,-3,-7,-68
1755867752.9499447,-9,-6,-83
1755867752.9879446,-4,-10,-69
1755867753.0259447,-4,1,-60
1755867753.0649445,-1,-2,-69
1755867753.1009445,-7,2,-65
1755867753.1379447,-5,4,-73
1755867753.1759446,1,0,-85
1755867753.2119446,-3,6,-84
1755867753.2499447,3,4,-75
1755867753.2869446,-3,3,-70
1755867753.325945,-1,4,-67
1755867753.3629446,0,2,-55
1755867753.3999443,5,8,-53
1755867753.4369447,1,12,-64
1755867753.4749446,-6,-4,-72
1755867753.5109446,-4,-5,-77
1755867753.5489447,0,3,-75
1755867753.5869446,6,1,-71
1755867753.6249447,-3,-1,-75
1755867753.6609447,-2,-4,-83
1755867753.6989446,-3,-7,-76
1755867753.736945,1,-2,-74
1755867753.7759447,3,2,-81
1755867753.8119447,10,1,-67
1755867753.848945,5,-10,-71
1755867753.8869443,7,-2,-75
1755867753.9259446,0,-3,-82
1755867753.9619446,2,-8,-78
1755867753.9999447,10,-1,-73
1755867754.0389447,8,-1,-80
1755867754.0769446,4,-2,-75
1755867754.1149447,-1,0,-72
1755867754.1509447,1,6,-80
1755867754.1889446,7,0,-77
1755867754.2269447,0,-4,-77
1755867754.2649446,-3,0,-68
1755867754.3009446,3,0,-73
1755867754.338945,5,5,-77
1755867754.3769443,-5,-9,-75
1755867754.4149446,3,0,-67
1755867754.450945,0,1,-72
1755867754.4879446,-4,5,-72
1755867754.5269446,-2,0,-77
1755867754.5649445,1,2,-77
1755867754.6009445,-3,7,-79
1755867754.6379447,-3,1,-77
1755867754.6769447,-3,2,-72
1755867754.7149446,-2,6,-69
1755867754.7509446,0,3,-68
1755867754.7879446,0,8,-62
1755867754.825945,-2,1,-72
1755867754.861945,-2,1,-77
1755867754.8999443,0,-10,-77
1755867754.937945,-4,0,-79
1755867754.9769447,1,-3,-71
1755867755.0129447,0,0,-73
1755867755.0509446,-4,0,-76
1755867755.0879445,-4,2,-70
1755867755.1269443,0,3,-66
1755867755.1629446,-2,-2,-73
1755867755.200945,0,0,-62
1755867755.2399447,-1,-9,-58
1755867755.2769446,-2,-9,-64
1755867755.315945,0,-2,-73
1755867755.3519447,0,-6,-68
1755867755.3899446,0,-3,-69
1755867755.4269447,3,-1,-72
1755867755.4659443,1,1,-64
1755867755.5019443,-3,-4,-71
1755867755.5399446,0,-1,-83
1755867755.5779445,0,0,-79
1755867755.6159446,6,1,-88
1755867755.6599443,9,8,-79
1755867755.6979446,4,-1,-74
1755867755.7359445,-3,0,-77
1755867755.7719443,-6,0,-73
1755867755.8089447,-1,7,-69
1755867755.8479445,6,9,-81
1755867755.8859446,-2,1,-72
1755867755.9219446,-2,0,-59
1755867755.9589446,3,4,-60
1755867755.996945,3,-1,-76
1755867756.032945,7,-8,-71
1755867756.0709443,6,-4,-76
1755867756.108945,2,-4,-71
1755867756.1479447,3,3,-80
1755867756.1859446,5,-2,-80
1755867756.2219446,3,-4,-84
1755867756.2589445,2,2,-69
1755867756.2969446,-1,0,-73
1755867756.3329446,1,1,-73
1755867756.3699446,-2,10,-67
1755867756.407945,7,2,-78
1755867756.4459443,4,-6,-74
1755867756.4819446,-3,-4,-81
1755867756.519945,0,2,-78
1755867756.5579443,-3,5,-72
1755867756.5939443,-10,-1,-73
1755867756.631945,-6,-1,-75
1755867756.6699443,0,-6,-69
1755867756.7079446,6,0,-71
1755867756.746945,3,-6,-86
1755867756.782945,-2,0,-81
1755867756.8209443,0,-7,-78
1755867756.858945,-2,3,-73
1755867756.8979447,7,0,-64
1755867756.9339447,13,2,-67
1755867756.9709446,8,2,-63
1755867757.0079446,5,2,-72
1755867757.0439446,1,-6,-68
1755867757.0819447,6,2,-74
1755867757.1189446,5,-5,-80
1755867757.157945,9,0,-69
1755867757.1939447,10,0,-75
1755867757.2309446,3,-1,-71
1755867757.2689445,-3,0,-78
1755867757.3079443,0,1,-85
1755867757.3439443,1,0,-77
1755867757.381945,0,-1,-78
1755867757.4189446,5,0,-78
1755867757.4569447,-1,3,-84
1755867757.4929447,0,-4,-80
1755867757.5309446,-5,-9,-76
1755867757.5689447,-1,-6,-84
1755867757.6079447,-6,-2,-79
1755867757.6439445,-4,1,-82
1755867757.6819446,6,10,-76
1755867757.7189443,-2,-2,-78
1755867757.7579446,2,-2,-75
1755867757.7939446,-3,-7,-73
1755867757.8319447,-5,3,-70
1755867757.8699446,0,3,-70
1755867757.907945,-1,5,-78
1755867757.9439447,5,-3,-64
1755867757.9809446,-8,-3,-68
1755867758.0189445,-5,-1,-76
1755867758.0579443,-7,-6,-81
1755867758.0939443,-5,-7,-69
1755867758.1329446,-2,-6,-76
1755867758.1699443,1,-5,-69
1755867758.2089446,-3,-3,-80
1755867758.246945,-1,-3,-80
1755867758.2839446,1,3,-71
1755867758.3219447,-2,0,-72
1755867758.3599446,3,-1,-72
1755867758.3989446,1,7,-66
1755867758.4349446,0,2,-81
1755867758.4719446,7,0,-66
1755867758.5089445,-1,1,-60
1755867758.5479443,-9,-6,-72
1755867758.5839446,0,1,-76
1755867758.6209445,11,1,-73
1755867758.6589446,1,8,-77
1755867758.6949446,2,5,-85
1755867758.7319446,0,7,-82
1755867758.769945,2,-2,-81
1755867758.8089447,8,0,-70
1755867758.8449447,-5,0,-69
1755867758.8829446,0,0,-63
1755867758.9199443,2,-1,-73
1755867758.9589446,0,0,-70
1755867758.9949446,0,3,-67
1755867759.032945,-4,10,-73
1755867759.0699446,0,6,-75
1755867759.1079447,-4,3,-73
1755867759.1439445,-5,2,-77
1755867759.1819446,1,-3,-72
1755867759.2199447,4,-1,-68
1755867759.2589445,-3,1,-75
1755867759.2949443,-1,4,-80
1755867759.3329446,2,9,-80
1755867759.3699446,-3,5,-69
1755867759.4089446,-2,1,-70
1755867759.4449446,-4,0,-70
1755867759.4819446,-2,0,-81
1755867759.519945,0,0,-80
1755867759.5579443,-4,-4,-85
1755867759.5939443,0,-3,-84
1755867759.631945,9,-3,-78
1755867759.6699443,-4,-1,-79
1755867759.7089446,5,6,-73
1755867759.7449446,-3,0,-76
1755867759.7819445,-2,1,-71
1755867759.8199446,-4,-2,-70
1755867759.858945,2,-4,-75
1755867759.894945,-2,-2,-81
1755867759.9339447,-1,-3,-75
1755867759.9709446,3,-1,-70
1755867760.009945,1,2,-71
1755867760.0479443,-10,4,-65
1755867760.0839446,0,11,-73
1755867760.1209445,9,1,-77
1755867760.1589446,5,3,-71
1755867760.1949446,-3,0,-71
1755867760.2319446,-1,5,-75
1755867760.2709446,0,-2,-82
1755867760.3089447,-3,6,-80
1755867760.3449447,-8,4,-75
1755867760.381945,-1,-1,-64
1755867760.4199443,-3,-4,-67
1755867760.4589446,-4,-3,-80
1755867760.4949446,-3,-2,-75
1755867760.532945,5,1,-60
1755867760.5709443,6,1,-75
1755867760.608945,4,4,-68
1755867760.644945,-2,-1,-72
1755867760.6829443,-3,0,-67
1755867760.7209446,-6,0,-66
1755867760.759945,-3,3,-83
1755867760.7959447,-8,1,-82
1755867760.8329446,-4,0,-63
1755867760.8709445,0,4,-73
1755867760.9089446,4,1,-80
1755867760.9449446,2,2,-72
1755867760.9829447,2,0,-73
1755867761.0209446,0,0,-85
1755867761.0589447,0,0,-72
1755867761.0949447,-1,4,-65
1755867761.1329446,2,1,-68
1755867761.1709447,1,4,-66
1755867761.2089446,4,-6,-80
1755867761.2449446,2,-2,-84
1755867761.282945,-4,0,-89
1755867761.3209443,-4,2,-76
1755867761.3599446,-1,0,-70
1755867761.3959446,1,0,-71
1755867761.4329443,2,0,-66
1755867761.4709446,-1,-2,-73
1755867761.5089445,-5,-7,-68
1755867761.5449443,-4,-7,-67
1755867761.5829446,5,-7,-74
1755867761.6209445,0,4,-76
1755867761.6599443,-2,4,-67
1755867761.6959443,1,0,-75
1755867761.7329447,4,3,-78
1755867761.7709446,4,6,-89
1755867761.8089447,0,5,-79
1755867761.8449447,0,-4,-77
1755867761.881945,5,-3,-73
1755867761.9209447,3,4,-69
1755867761.9569447,-2,6,-69
1755867761.9939446,-4,1,-72
1755867762.0319445,-5,-3,-67
1755867762.0709443,3,1,-69
1755867762.1069446,2,2,-66
1755867762.1439445,-2,-3,-65
1755867762.1819446,8,4,-79
1755867762.2199447,0,4,-64
1755867762.2559447,-7,4,-69
1755867762.2939446,2,0,-60
1755867762.3309443,6,-2,-70
1755867762.3699446,0,-1,-78
1755867762.4059446,-1,1,-71
1755867762.4439447,5,6,-69
1755867762.4809446,0,1,-77
1755867762.5169446,-4,4,-78
1755867762.5539446,-6,-4,-64
1755867762.5919447,1,-1,-70
1755867762.6309447,1,0,-75
1755867762.6669445,-6,4,-65
1755867762.7039447,-1,5,-61
1755867762.7429447,4,4,-72
1755867762.7809446,-2,3,-68
1755867762.8169446,-1,-2,-84
1755867762.8549447,-3,3,-80
1755867762.8929446,2,3,-63
1755867762.9309447,8,0,-74
1755867762.9669447,-2,-3,-73
1755867763.0049446,-3,-1,-73
1755867763.0439446,-2,-1,-68
1755867763.0819447,-1,4,-79
1755867763.1199446,-5,4,-70
1755867763.1559446,-10,1,-68
1755867763.1929443,-6,-1,-67
1755867763.2319446,-5,-3,-71
1755867763.269945,4,-1,-74
1755867763.3059447,-1,2,-77
1755867763.3429446,-7,0,-75
1755867763.381945,4,1,-64
1755867763.4199443,-5,0,-77
1755867763.4559443,5,1,-65
1755867763.4929447,-3,2,-68
1755867763.5319445,1,0,-62
1755867763.5699446,0,-7,-69
1755867763.6059446,3,-5,-71
1755867763.6429446,-2,3,-69
1755867763.6819446,1,3,-82
1755867763.7199447,-3,0,-80
1755867763.7559447,-2,0,-74
1755867763.7949443,3,10,-72
1755867763.8319447,2,2,-66
1755867763.8679447,7,3,-62
1755867763.9059446,7,0,-60
1755867763.9429443,4,1,-73
1755867763.9809446,2,1,-78
1755867764.0169446,-3,7,-75
1755867764.0549445,0,1,-67
1755867764.0929446,0,2,-77
1755867764.1309447,-2,0,-71
1755867764.1669445,0,1,-69
1755867764.2049446,1,0,-76
1755867764.2429447,5,-1,-77
1755867764.2819445,0,-4,-74
1755867764.3179443,1,3,-65
1755867764.3549447,-1,-3,-64
1755867764.3929446,2,0,-65
1755867764.4309447,0,0,-70
1755867764.4669447,1,-3,-70
1755867764.5049446,7,0,-70
1755867764.542945,10,0,-60
1755867764.5809443,2,-3,-68
1755867764.6169446,-3,0,-80
1755867764.654945,0,0,-70
1755867764.6929443,2,-9,-68
1755867764.7319446,4,-2,-70
1755867764.7679446,-1,-2,-63
1755867764.8059447,5,1,-64
1755867764.8439443,-4,3,-63
1755867764.8829446,0,2,-76
1755867764.9209447,-2,0,-80
1755867764.9569447,2,-4,-76
1755867764.9949446,6,-4,-72
1755867765.032945,5,2,-72
1755867765.0709443,0,0,-72
1755867765.1069446,-3,3,-67
1755867765.144945,1,-6,-71
1755867765.1829443,-4,-5,-61
1755867765.2209446,-1,-2,-66
1755867765.256945,3,4,-61
1755867765.2949443,-3,-5,-68
1755867765.3329446,-2,-4,-70
1755867765.3709445,-2,0,-80
1755867765.4069445,0,4,-75
1755867765.4439447,-7,-1,-82
1755867765.4829447,0,0,-79
1755867765.5189445,0,0,-75
1755867765.5559447,3,-3,-72
1755867765.5939443,8,1,-65
1755867765.631945,-2,-1,-65
1755867765.6759446,-3,1,-74
1755867765.713945,-4,2,-73
1755867765.7529447,0,0,-72
1755867765.7889447,1,0,-66
1755867765.825945,-7,-2,-80
1755867765.8639443,0,-3,-76
1755867765.9029446,3,-6,-69
1755867765.9389446,0,0,-73
1755867765.9759445,4,-3,-69
1755867766.0139446,1,2,-67
1755867766.052945,0,3,-60
1755867766.088945,3,-1,-83
1755867766.1259446,6,-1,-74
1755867766.1639447,1,5,-80
1755867766.2019446,4,3,-76
1755867766.2379446,4,0,-79
1755867766.2759447,8,-4,-75
1755867766.3139446,3,-8,-75
1755867766.3529446,4,0,-68
1755867766.3889446,3,2,-61
1755867766.4259446,10,4,-66
1755867766.463945,2,3,-76
1755867766.5029447,0,5,-61
1755867766.5389447,0,-3,-73
1755867766.575945,0,-3,-67
1755867766.6139443,2,0,-66
1755867766.6529446,-3,3,-73
1755867766.6889446,-6,-2,-79
1755867766.7269447,-6,-2,-84
1755867766.7659447,-5,0,-74
1755867766.8039446,-9,1,-70
1755867766.8419447,3,0,-66
1755867766.8779447,1,-1,-70
1755867766.9159446,-1,-7,-69
1755867766.9539447,3,0,-70
1755867766.9919446,0,4,-65
1755867767.0279446,1,7,-70
1755867767.065945,-2,7,-68
1755867767.1039443,-5,0,-81
1755867767.1429446,6,1,-65
1755867767.1789446,6,-1,-71
1755867767.2159443,5,-1,-63
1755867767.2539446,10,1,-77
1755867767.292945,5,5,-78
1755867767.3289447,11,0,-79
1755867767.3659446,9,-3,-76
1755867767.4039447,0,4,-81
1755867767.4399445,1,3,-75
1755867767.4769447,4,3,-65
1755867767.5159447,3,-1,-61
1755867767.5539446,3,0,-71
1755867767.5899446,3,4,-71
1755867767.6269443,4,2,-67
1755867767.6649446,0,-5,-57
1755867767.7039447,-4,1,-57
1755867767.7399447,-2,-2,-63
1755867767.7779446,1,-8,-70
1755867767.815945,-2,4,-65
1755867767.8539443,-3,4,-76
1755867767.8929446,-3,5,-68
1755867767.9289446,-9,1,-72
1755867767.9659443,-4,1,-72
1755867768.0039446,-3,4,-66
1755867768.042945,7,2,-66
1755867768.0789447,0,5,-65
1755867768.1159446,-9,0,-74
1755867768.154945,-1,3,-69
1755867768.1929443,0,4,-67
1755867768.2289443,3,0,-72
1755867768.2659447,2,-2,-74
1755867768.3049445,2,3,-73
1755867768.3429446,3,0,-81
1755867768.3789446,4,-4,-81
1755867768.4159446,1,-2,-82
1755867768.4549446,-5,0,-69
1755867768.4929447,1,-1,-60
1755867768.5289447,0,0,-73
1755867768.565945,0,-5,-67
1755867768.6049447,1,-3,-60
1755867768.6429446,-2,0,-70
1755867768.6789446,0,-5,-69
1755867768.7159443,2,-6,-73
1755867768.7549446,-3,-5,-79
1755867768.792945,-1,-4,-65
1755867768.8289447,3,-7,-72
1755867768.8669446,-1,-7,-86
1755867768.904945,0,0,-87
1755867768.9429443,7,-4,-76
1755867768.9789443,6,-2,-74
1755867769.0169446,4,0,-71
1755867769.0549445,7,0,-77
1755867769.0929446,1,-2,-75
1755867769.1289446,1,4,-77
1755867769.1669445,1,6,-86
1755867769.2049446,4,-2,-76
1755867769.2409446,-6,-4,-70
1755867769.2789447,-1,-3,-74
1755867769.3169446,-9,0,-77
1755867769.3549447,0,-1,-64
1755867769.3939445,-3,-4,-61
1755867769.4299445,-5,-2,-80
1755867769.4679446,0,2,-76
1755867769.5059447,2,2,-79
1755867769.5439446,0,0,-79
1755867769.5799446,-4,0,-78
1755867769.6169446,3,0,-68
1755867769.654945,1,-1,-63
1755867769.690945,-3,2,-74
1755867769.7279446,-7,-1,-74
1755867769.7659447,-4,6,-67
1755867769.8049445,-6,10,-66
1755867769.8409443,-10,-1,-67
1755867769.8799446,0,-3,-69
1755867769.9169445,-4,0,-62
1755867769.9559443,-2,-3,-53
1755867769.9939446,3,0,-67
1755867770.029945,-2,3,-79
1755867770.0669446,-2,-4,-64
1755867770.1059446,1,-1,-81
1755867770.1439445,0,0,-77
1755867770.1799445,-1,-1,-68
1755867770.2179446,-8,-3,-65
1755867770.2559447,-9,-8,-70
1755867770.2949443,0,-1,-61
1755867770.3309443,5,-2,-69
1755867770.3679447,0,0,-74
1755867770.4059446,0,-1,-75
1755867770.4439447,-5,-4,-66
1755867770.4799447,-4,-7,-67
1755867770.5179446,7,-1,-65
1755867770.5559447,9,0,-70
1755867770.5939443,0,-3,-68
1755867770.6299446,-7,-2,-68
1755867770.667945,-5,-7,-72
1755867770.7059443,0,-3,-58
1755867770.7449446,5,-1,-65
1755867770.7809446,8,-1,-66
1755867770.8179443,-2,-1,-61
1755867770.8559446,-4,0,-62
1755867770.894945,-5,1,-70
1755867770.9309447,-1,10,-75
1755867770.9689443,6,0,-74
1755867771.0059447,5,2,-72
1755867771.0449443,0,-1,-61
1755867771.0809443,4,4,-71
1755867771.1179447,0,1,-66
1755867771.1559446,-2,1,-64
1755867771.1919446,0,0,-67
1755867771.2299447,0,-8,-66
1755867771.2669446,1,-5,-65
1755867771.3059447,0,1,-69
1755867771.3419447,6,-2,-73
1755867771.3799446,-6,-2,-73
1755867771.4169445,-3,-7,-82
1755867771.4559443,-5,-5,-77
1755867771.4919446,1,-3,-80
1755867771.5289447,0,0,-72
1755867771.5669446,0,8,-73
1755867771.6049447,0,7,-75
1755867771.6409447,-6,6,-71
1755867771.6789446,-1,0,-71
1755867771.7169447,-10,0,-67
1755867771.7559447,1,0,-63
1755867771.7919445,2,-2,-69
1755867771.8289447,-3,-6,-77
1755867771.8669446,2,1,-72
1755867771.904945,2,-3,-80
1755867771.940945,3,0,-76
1755867771.9789443,0,-1,-75
1755867772.0169446,0,0,-75
1755867772.0549445,-4,0,-70
1755867772.0909443,-2,5,-72
1755867772.1289446,3,2,-74
1755867772.1669445,4,1,-66
1755867772.2049446,6,2,-62
1755867772.2409446,2,5,-79
1755867772.2779446,2,0,-74
1755867772.3169446,4,-4,-70
1755867772.3549447,-5,-8,-64
1755867772.3909447,-1,-1,-67
1755867772.4289446,-2,3,-82
1755867772.4669447,-6,-6,-77
1755867772.5059447,6,1,-69
1755867772.5419445,-6,-2,-70
1755867772.5799446,0,-3,-81
1755867772.6179447,2,-1,-77
1755867772.6569445,-1,-3,-80
1755867772.6949446,2,-4,-77
1755867772.7309446,-2,-3,-67
1755867772.7689445,5,-6,-69
1755867772.8069446,8,0,-65
1755867772.8459446,1,3,-77
1755867772.8829446,-2,-1,-76
1755867772.9199443,-3,0,-65
1755867772.9579446,-2,-1,-72
1755867772.996945,3,-5,-75
1755867773.032945,0,-3,-65
1755867773.0699446,0,-1,-71
1755867773.1079447,0,-2,-73
1755867773.1469443,-4,-8,-62
1755867773.1829443,4,-4,-63
1755867773.2199447,2,-2,-60
1755867773.2579446,0,-2,-67
1755867773.2969446,-2,-6,-70
1755867773.3329446,0,-4,-57
1755867773.3699446,0,0,-63
1755867773.4069445,0,0,-76
1755867773.4429443,0,2,-74
1755867773.4799447,0,-5,-77
1755867773.5179446,3,-2,-66
1755867773.5569446,-3,-10,-65
1755867773.5929446,3,-5,-63
1755867773.6309447,1,-11,-69
1755867773.6689446,2,-1,-72
1755867773.7079446,2,-4,-65
1755867773.7459445,-10,2,-79
1755867773.7819445,5,2,-72
1755867773.8189447,1,-2,-67
1755867773.8579447,-3,-4,-74
1755867773.8959446,-2,-7,-72
1755867773.9319446,1,-8,-82
1755867773.9689443,-5,-3,-72
1755867774.0079446,0,-3,-71
1755867774.0459447,0,-3,-68
1755867774.0819447,0,0,-66
1755867774.1189446,-12,-4,-71
1755867774.157945,0,-3,-78
1755867774.1959443,0,0,-71
1755867774.2319446,-3,-6,-72
1755867774.269945,-2,-4,-62
1755867774.3089447,-3,-1,-81
1755867774.3469446,4,0,-73
1755867774.3829446,0,-5,-70
1755867774.4199443,0,-2,-72
1755867774.4589446,2,-4,-83
1755867774.496945,6,-5,-90
1755867774.532945,1,-6,-78
1755867774.5699446,-2,-3,-74
1755867774.6079447,-5,-2,-72
1755867774.6469443,11,2,-80
1755867774.6829443,6,0,-80
1755867774.7199447,4,2,-84
1755867774.7579446,1,1,-65
1755867774.7969446,1,6,-73
1755867774.8329446,4,-5,-68
1755867774.8699446,0,-5,-82
1755867774.907945,0,-2,-74
1755867774.9469447,2,-4,-85
1755867774.9829447,0,0,-75
1755867775.019945,8,2,-68
1755867775.0589447,3,0,-71
1755867775.0969446,4,-1,-76
1755867775.1329446,4,-7,-82
1755867775.1699443,5,-7,-82
1755867775.2089446,-5,6,-84
1755867775.246945,-6,1,-73
1755867775.282945,-6,0,-71
1755867775.3199446,-3,1,-75
1755867775.358945,-5,3,-72
1755867775.3969443,-1,0,-77
1755867775.4329443,3,-1,-70
1755867775.4709446,3,-3,-64
1755867775.5089445,-1,5,-80
1755867775.5479443,0,-5,-64
1755867775.5839446,0,0,-74
1755867775.6209445,-1,3,-66
1755867775.6589446,4,-1,-74
1755867775.7039447,5,-4,-78
1755867775.7409446,6,0,-61
1755867775.7789447,1,-5,-70
1755867775.8179443,7,0,-73
1755867775.8539443,7,-3,-69
1755867775.8919446,10,-9,-67
1755867775.9309447,4,-5,-67
1755867775.9689443,-5,-1,-69
1755867776.006945,-8,-1,-73
1755867776.042945,0,0,-79
1755867776.0799446,-7,0,-73
1755867776.1189446,0,3,-59
1755867776.1569445,0,1,-75
1755867776.1929443,-2,1,-74
1755867776.2309446,3,0,-69
1755867776.2689445,0,5,-73
1755867776.3069446,0,0,-62
1755867776.3429446,0,-5,-76
1755867776.3809447,-2,-2,-79
1755867776.4189446,2,0,-71
1755867776.4549446,5,-1,-79
1755867776.4919446,0,-2,-84
1755867776.5309446,6,-2,-79
1755867776.5689447,8,0,-78
1755867776.6049447,5,0,-81
1755867776.6419446,5,5,-88
1755867776.6789446,6,5,-69
1755867776.7149446,0,4,-68
1755867776.7519443,0,2,-75
1755867776.7899446,-2,4,-72
1755867776.8289447,2,-1,-76
1755867776.8649447,3,0,-68
1755867776.9019446,-4,-4,-73
1755867776.9399445,5,2,-68
1755867776.9789443,2,1,-65
1755867777.0149446,0,9,-68
1755867777.0519447,-1,1,-69
1755867777.0899446,1,-6,-78
1755867777.1289446,3,-4,-69
1755867777.1649446,0,-5,-69
1755867777.2019446,3,0,-73
1755867777.2399447,-1,0,-71
1755867777.2779446,4,5,-82
1755867777.3139446,2,-4,-83
1755867777.3509445,-3,-11,-77
1755867777.3899446,7,-3,-85
1755867777.427945,4,1,-69
1755867777.463945,3,1,-71
1755867777.5009446,16,3,-71
1755867777.5389447,5,-1,-69
1755867777.5749447,1,3,-75
1755867777.611945,7,3,-73
1755867777.6499443,-3,0,-64
1755867777.6889446,0,3,-70
1755867777.7249446,1,5,-62
1755867777.7629447,-2,4,-66
1755867777.7999446,-4,4,-70
1755867777.838945,-4,-6,-65
1755867777.8749447,0,-6,-71
1755867777.9129446,-6,2,-72
1755867777.9499447,-5,0,-71
1755867777.9889443,-1,-1,-72
1755867778.0249443,0,-2,-84
1755867778.0619447,1,5,-72
1755867778.1009445,0,-1,-65
1755867778.1389446,1,-4,-67
1755867778.1749446,-7,0,-68
1755867778.2119446,-5,-9,-76
1755867778.2499447,0,-3,-72
1755867778.2889447,0,-2,-72
1755867778.3249447,0,2,-68
1755867778.361945,-4,2,-79
1755867778.3999443,6,-2,-71
1755867778.4389446,2,0,-67
1755867778.4749446,11,-2,-76
1755867778.5129447,0,-2,-83
1755867778.5499446,5,-6,-76
1755867778.588945,10,-4,-64
1755867778.6249447,4,2,-63
1755867778.6619446,5,6,-73
1755867778.700945,1,2,-80
1755867778.7389443,-3,0,-78
1755867778.7749443,5,3,-73
1755867778.8119447,9,1,-70
1755867778.8499446,2,0,-72
1755867778.8889446,-1,0,-72
1755867778.9249446,6,0,-67
1755867778.9619446,3,0,-69
1755867779.0009446,1,-5,-71
1755867779.0389447,1,-2,-75
1755867779.0749447,1,-1,-77
1755867779.111945,6,0,-65
1755867779.1509447,4,-2,-61
1755867779.1889446,1,-9,-64
1755867779.2249446,1,-6,-61
1755867779.2619443,0,2,-75
1755867779.2999446,1,1,-72
1755867779.335945,0,-4,-74
1755867779.3739443,-2,7,-73
1755867779.4119446,-1,-3,-76
1755867779.450945,0,-6,-70
1755867779.4889443,-2,-8,-68
1755867779.5249443,-4,-5,-55
1755867779.5639446,-1,-1,-65
1755867779.6009445,2,-8,-51
1755867779.6399446,-1,-6,-71
1755867779.6759446,-3,-4,-64
1755867779.713945,0,0,-60
1755867779.7509446,-7,-5,-61
1755867779.7899446,-4,-6,-66
1755867779.825945,-6,0,-84
1755867779.8639443,5,2,-74
1755867779.9009447,2,-1,-67
1755867779.9399445,1,-1,-79
1755867779.9759445,0,-8,-78
1755867780.0139446,-1,-4,-74
1755867780.0509446,-2,1,-60
1755867780.0899446,-1,0,-70
1755867780.1259446,4,-3,-81
1755867780.1639447,-9,6,-59
1755867780.200945,5,0,-53
1755867780.236945,6,-1,-70
1755867780.2749443,1,2,-67
1755867780.3119447,0,-5,-71
1755867780.3509445,-6,1,-71
1755867780.3869443,-4,0,-68
1755867780.4239447,-2,0,-75
1755867780.4619446,0,4,-72
1755867780.5009446,-6,-3,-78
1755867780.5369446,-3,6,-70
1755867780.5749447,1,10,-77
1755867780.611945,-3,4,-72
1755867780.6509447,5,-3,-70
1755867780.6869447,0,-4,-64
1755867780.723945,3,0,-71
1755867780.7619443,-11,-2,-70
1755867780.8009446,-4,4,-68
1755867780.8369446,0,6,-65
1755867780.8739443,-6,1,-77
1755867780.9119446,3,6,-78
1755867780.9499447,2,0,-87
1755867780.9859445,3,-6,-84
1755867781.0249443,3,-4,-86
1755867781.0619447,-3,1,-74
1755867781.1009445,0,-1,-66
1755867781.1369443,1,-7,-79
1755867781.1739447,-2,1,-78
1755867781.2119446,-2,2,-74
1755867781.2509446,0,-2,-74
1755867781.2869446,2,-1,-79
1755867781.3249447,-1,-1,-78
1755867781.3639443,7,0,-69
1755867781.4019446,0,6,-62
1755867781.4399445,5,3,-74
1755867781.4759445,3,4,-74
1755867781.5139446,0,-2,-77
1755867781.5519447,4,1,-69
1755867781.5899446,-2,-10,-76
1755867781.6259446,3,0,-68
1755867781.6639447,-1,3,-71
1755867781.7019446,5,0,-71
1755867781.7379446,5,0,-82
1755867781.7749443,0,-1,-69
1755867781.8139446,0,-4,-76
1755867781.8519447,-2,-3,-75
1755867781.8879447,-2,0,-71
1755867781.9259446,-3,-2,-77
1755867781.963945,-2,0,-71
1755867782.0019443,-1,-4,-76
1755867782.0409446,-2,0,-79
1755867782.0769446,-2,-3,-80
1755867782.1149447,1,3,-73
1755867782.1519446,0,5,-73
1755867782.190945,-5,1,-74
1755867782.2269447,0,-3,-70
1755867782.2639446,1,0,-65
1755867782.3019447,0,1,-63
1755867782.3379445,0,0,-68
1755867782.3749447,5,-1,-68
1755867782.4129446,3,2,-87
1755867782.4519446,4,-2,-73
1755867782.4879446,0,-7,-73
1755867782.5249443,1,-6,-68
1755867782.562945,0,-3,-70
1755867782.6019447,5,-4,-71
1755867782.6379447,-2,-3,-73
1755867782.6759446,-6,0,-76
1755867782.713945,1,-1,-66
1755867782.7529447,2,-2,-68
1755867782.7909446,-1,0,-69
1755867782.8269446,0,1,-70
1755867782.8639443,2,-4,-65
1755867782.9029446,6,-6,-61
1755867782.940945,2,4,-70
1755867782.9769447,-2,1,-74
1755867783.0139446,-3,2,-70
1755867783.052945,-7,-2,-70
1755867783.0909443,4,-2,-68
1755867783.1269443,1,-5,-77
1755867783.1649446,0,-5,-73
1755867783.2029445,0,-4,-71
1755867783.2419446,2,-4,-77
1755867783.2779446,-1,-5,-79
1755867783.315945,-3,-2,-74
1755867783.3539443,-2,6,-73
1755867783.3929446,0,0,-75
1755867783.4309447,7,-5,-63
1755867783.4669447,-1,-7,-66
1755867783.5049446,-6,-8,-55
1755867783.542945,-3,5,-64
1755867783.5819447,0,0,-70
1755867783.6179447,12,-4,-80
1755867783.6559446,-5,-1,-75
1755867783.6939447,-2,-2,-86
1755867783.7329447,7,-2,-71
1755867783.7689445,7,6,-74
1755867783.8059447,0,2,-88
1755867783.8429446,-5,0,-72
1755867783.881945,-4,9,-79
1755867783.917945,-5,2,-73
1755867783.9549446,-6,1,-70
1755867783.9929447,-1,5,-75
1755867784.0319445,-4,-6,-63
1755867784.0679443,-5,-5,-67
1755867784.1059446,0,-1,-71
1755867784.144945,-3,0,-80
1755867784.1829443,-1,-2,-74
1755867784.2189443,3,-1,-72
1755867784.2579446,1,0,-67
1755867784.2949443,3,1,-68
1755867784.3329446,-3,-5,-75
1755867784.3689446,1,0,-79
1755867784.4059446,-5,0,-68
1755867784.4449446,1,0,-71
1755867784.4829447,0,-2,-69
1755867784.5189445,-1,-3,-72
1755867784.5569446,3,1,-64
1755867784.5939443,0,3,-55
1755867784.6329446,0,6,-66
1755867784.6689446,2,1,-65
1755867784.7059443,0,-7,-56
1755867784.7439446,-6,-1,-64
1755867784.782945,-1,-1,-68
1755867784.8189447,0,4,-70
1755867784.8559446,3,-5,-67
1755867784.8939445,0,-10,-81
1755867784.9329443,-1,0,-76
1755867784.9689443,3,3,-75
1755867785.0059447,0,3,-72
1755867785.0439446,-1,-3,-73
1755867785.0819447,0,-3,-76
1755867785.1179447,0,-3,-68
1755867785.1559446,4,-2,-66
1755867785.1939447,2,-4,-68
1755867785.2329447,1,2,-74
1755867785.2689445,5,-4,-72
1755867785.3069446,8,8,-79
1755867785.3439443,2,7,-78
1755867785.3799446,3,4,-74
1755867785.4169445,2,3,-69
1755867785.4539447,-2,-4,-75
1755867785.4929447,-7,-2,-78
1755867785.5289447,-6,-4,-79
1755867785.5669446,-8,-4,-84
1755867785.6049447,-8,4,-73
1755867785.6439445,2,9,-67
1755867785.6799445,-1,2,-81
1755867785.7259445,-3,3,-83
1755867785.7639446,1,2,-83
1755867785.7999446,6,3,-81
1755867785.8369446,-5,5,-76
1755867785.8749447,0,0,-71
1755867785.9139447,-5,0,-77
1755867785.9499447,-3,2,-68
1755867785.986945,-2,1,-75
1755867786.0249443,-1,1,-65
1755867786.0639446,-2,0,-61
1755867786.0999446,-2,2,-70
1755867786.1369443,-5,-2,-59
1755867786.1749446,6,3,-74
1755867786.2129445,0,-2,-78
1755867786.2489443,2,-1,-85
1755867786.2869446,0,0,-80
1755867786.3249447,1,0,-74
1755867786.3629446,-7,-1,-73
1755867786.3989446,-2,1,-84
1755867786.4359446,4,6,-68
1755867786.473945,2,0,-68
1755867786.509945,10,0,-72
1755867786.5479443,9,-1,-66
1755867786.5869446,-1,0,-86
1755867786.6249447,0,2,-73
1755867786.6629446,0,5,-75
1755867786.6989446,5,5,-74
1755867786.736945,4,0,-70
1755867786.7749443,-1,-1,-78
1755867786.812945,-1,-4,-74
1755867786.848945,-6,-1,-72
1755867786.8869443,-7,-2,-68
1755867786.9249446,0,-5,-72
1755867786.963945,0,-1,-72
1755867786.9999447,0,2,-72
1755867787.0369446,3,-2,-65
1755867787.0749447,10,0,-64
1755867787.1109445,10,-10,-62
1755867787.1489446,4,-9,-82
1755867787.1869447,1,-5,-76
1755867787.2249446,-10,-6,-74
1755867787.2639446,6,0,-64
1755867787.2999446,4,2,-76
1755867787.3369446,0,1,-52
1755867787.3749447,8,-2,-62
1755867787.4109447,5,-6,-64
1755867787.4489446,-3,0,-64
1755867787.486945,-2,1,-87
1755867787.5249443,-5,0,-74
1755867787.5639446,-5,0,-77
1755867787.5999446,0,-5,-72
1755867787.6379447,-4,4,-77
1755867787.6759446,3,-4,-87
1755867787.7149446,4,-4,-78
1755867787.7509446,-2,3,-72
1755867787.7879446,-7,11,-71
1755867787.8269446,0,2,-65
1755867787.8649447,-3,0,-75
1755867787.9009447,-1,3,-76
1755867787.937945,-1,-1,-83
1755867787.9759445,-1,-1,-77
1755867788.0149446,2,-6,-73
1755867788.0509446,0,-3,-71
1755867788.0879445,3,-1,-68
1755867788.1269443,0,7,-74
1755867788.1649446,-4,2,-75
1755867788.200945,-6,0,-66
1755867788.2379446,0,-1,-63
1755867788.2759447,-7,-6,-70
1755867788.3149445,-5,0,-70
1755867788.3509445,3,4,-77
1755867788.3879447,10,-1,-77
1755867788.4259446,5,-4,-70
1755867788.4649446,3,3,-67
1755867788.5009446,5,0,-72
1755867788.5379446,1,-3,-76
1755867788.575945,-1,-7,-73
1755867788.6149447,3,2,-67
1755867788.6509447,-3,-2,-75
1755867788.6889446,-6,0,-59
1755867788.7279446,0,-3,-65
1755867788.7659447,2,-4,-69
1755867788.8039446,4,-2,-69
1755867788.8399446,1,2,-75
1755867788.8779447,-5,3,-72
1755867788.9159446,-7,3,-83
1755867788.9519446,-2,-3,-78
1755867788.9899447,4,-1,-68
1755867789.0279446,3,1,-68
1755867789.065945,0,-5,-68
1755867789.1019447,5,0,-62
1755867789.1389446,2,0,-77
1755867789.1759446,-6,0,-81
1755867789.2149446,0,5,-73
1755867789.2509446,1,0,-71
1755867789.2889447,7,7,-68
1755867789.325945,3,3,-78
1755867789.361945,-2,2,-71
1755867789.3999443,-2,4,-66
1755867789.4389446,0,6,-79
1755867789.4759445,-8,2,-86
1755867789.5149446,-2,-1,-75
1755867789.5509446,3,0,-74
1755867789.588945,7,-3,-68
1755867789.6259446,0,0,-81
1755867789.6649446,0,2,-65
1755867789.700945,-4,0,-80
1755867789.7389443,-10,-3,-71
1755867789.7769446,-6,-2,-76
1755867789.8149445,-2,-2,-72
1755867789.8509445,1,-6,-67
1755867789.8889446,-1,0,-67
1755867789.9269447,0,3,-71
1755867789.9649446,0,-1,-76
1755867790.0019443,-1,2,-72
1755867790.0389447,3,2,-73
1755867790.0769446,0,-3,-79
1755867790.1149447,1,-3,-64
1755867790.1519446,1,-5,-67
1755867790.1889446,0,0,-77
1755867790.2269447,0,-2,-73
1755867790.2649446,0,2,-71
1755867790.3009446,0,1,-85
1755867790.338945,0,8,-66
1755867790.3769443,2,6,-68
1755867790.4149446,0,6,-70
1755867790.4519446,0,2,-67
1755867790.4889443,-7,2,-73
1755867790.5269446,-3,5,-60
1755867790.565945,-3,2,-66
1755867790.6019447,-10,1,-70
1755867790.6389446,-1,3,-60
1755867790.6769447,0,-3,-77
1755867790.7159443,-2,-6,-74
1755867790.7519443,-3,-9,-76
1755867790.7899446,-2,0,-74
1755867790.8279445,0,1,-80
1755867790.8659446,-1,0,-77
1755867790.9019446,0,0,-61
1755867790.9389446,-3,-2,-66
1755867790.9769447,-2,0,-67
1755867791.0159447,6,0,-66
1755867791.0519447,2,-4,-76
1755867791.0899446,2,-8,-74
1755867791.1279447,-2,-9,-72
1755867791.1669445,5,-7,-80
1755867791.2029445,5,0,-77
1755867791.2399447,6,-2,-78
1755867791.2779446,2,-3,-70
1755867791.3169446,8,-5,-70
1755867791.3529446,2,-4,-71
1755867791.3899446,5,0,-58
1755867791.4269447,0,-4,-67
1755867791.4659443,0,-8,-57
1755867791.5019443,1,-5,-63
1755867791.5389447,1,-6,-78
1755867791.5779445,-1,1,-78
1755867791.6159446,5,-3,-78
1755867791.6519446,-3,-3,-82
1755867791.6899445,-2,2,-76
1755867791.7279446,5,1,-74
1755867791.7659447,-3,-4,-79
1755867791.8019447,-4,-2,-75
1755867791.8399446,-6,1,-62
1755867791.8779447,0,-2,-67
1755867791.9169445,2,0,-74
1755867791.9529445,5,0,-69
1755867791.9899447,8,0,-72
1755867792.0279446,-1,-1,-73
1755867792.065945,7,4,-68
1755867792.1019447,0,-2,-73
1755867792.1399446,5,-2,-59
1755867792.177945,5,-5,-60
1755867792.2169447,-2,0,-61
1755867792.2539446,-4,0,-73
1755867792.2909446,-11,3,-77
1755867792.3289447,-2,2,-70
1755867792.3679447,3,-2,-70
1755867792.4059446,8,-7,-61
1755867792.4419446,5,-13,-59
1755867792.4789443,7,-6,-67
1755867792.5179446,3,-2,-72
1755867792.5539446,2,-6,-73
1755867792.5909443,0,-1,-70
1755867792.6289446,-4,0,-73
1755867792.667945,4,0,-72
1755867792.7039447,1,-2,-70
1755867792.7409446,0,3,-65
1755867792.7789447,0,0,-63
1755867792.8169446,-3,0,-74
1755867792.8529446,1,-2,-78
1755867792.8899446,9,-5,-72
1755867792.927945,-1,-3,-74
1755867792.9669447,3,-1,-85
1755867793.0039446,4,5,-71
1755867793.0409446,0,1,-77
1755867793.0789447,1,-1,-67
1755867793.1179447,1,0,-69
1755867793.1539447,-10,0,-73
1755867793.1919446,-4,-2,-68
1755867793.2309446,-6,-5,-70
1755867793.2689445,0,0,-64
1755867793.3069446,3,-4,-73
1755867793.3429446,5,-9,-57
1755867793.3809447,2,-3,-63
1755867793.4189446,2,-4,-65
1755867793.4579446,1,-1,-64
1755867793.4939446,0,-1,-73
1755867793.5309446,1,-1,-74
1755867793.5689447,-1,1,-73
1755867793.6079447,0,1,-74
1755867793.6439445,9,2,-76
1755867793.6809447,0,6,-82
1755867793.7189443,3,0,-76
1755867793.756945,1,-1,-67
1755867793.792945,0,-3,-68
1755867793.8309443,-1,-3,-74
1755867793.8689446,2,3,-79
1755867793.907945,6,0,-79
1755867793.9439447,12,0,-61
1755867793.9809446,0,-2,-72
1755867794.0189445,1,4,-76
1755867794.0569446,-2,1,-78
1755867794.0929446,-3,-2,-68
1755867794.1309447,1,-1,-76
1755867794.1689446,6,2,-77
1755867794.2079446,9,2,-70
1755867794.2439446,-2,-3,-60
1755867794.2819445,-5,-4,-70
1755867794.3199446,5,0,-76
1755867794.3579447,1,3,-70
1755867794.3939445,4,4,-75
1755867794.4309447,2,1,-67
1755867794.4689443,2,6,-68
1755867794.5049446,4,2,-76
1755867794.5419445,0,0,-69
1755867794.5789447,1,0,-66
1755867794.6149447,0,1,-81
1755867794.6519446,6,-2,-64
1755867794.6899445,-1,-4,-66
1755867794.7289443,-3,-3,-62
1755867794.7649446,4,-1,-67
1755867794.802945,-1,-3,-70
1755867794.8409443,-6,-1,-84
1755867794.8789446,1,3,-84
1755867794.9149446,-6,0,-78
1755867794.9519446,-1,0,-72
1755867794.9899447,3,0,-76
1755867795.0279446,0,-4,-61
1755867795.0639446,-3,-1,-58
1755867795.1019447,5,-6,-69
1755867795.1399446,-2,0,-63
1755867795.1789446,0,-5,-51
1755867795.2149446,-3,-5,-61
1755867795.2529447,-2,0,-74
1755867795.2909446,0,3,-72
1755867795.3299446,-1,1,-70
1755867795.3679447,-1,4,-77
1755867795.4039447,0,-5,-73
1755867795.4419446,-6,-4,-70
1755867795.4799447,-6,2,-77
1755867795.5189445,-2,-6,-70
1755867795.5549445,0,1,-66
1755867795.5919447,-2,-3,-55
1755867795.6299446,5,0,-59
1755867795.667945,4,0,-65
1755867795.7039447,0,-2,-68
1755867795.7499447,1,-2,-65
1755867795.7879446,0,0,-66
1755867795.8239446,-4,9,-65
1755867795.861945,3,3,-73
1755867795.8999443,0,1,-68
1755867795.937945,2,5,-69
1755867795.973945,-5,3,-68
1755867796.0119443,-14,6,-68
1755867796.0509446,-3,3,-76
1755867796.088945,3,1,-74
1755867796.1249447,8,4,-75
1755867796.1619446,2,1,-75
1755867796.1999447,3,0,-70
1755867796.2359445,3,-5,-73
1755867796.2739446,3,-10,-76
1755867796.3119447,0,-12,-70
1755867796.3509445,-3,-2,-73
1755867796.3889446,-3,2,-69
1755867796.4249446,3,0,-75
1755867796.4619446,-1,5,-67
1755867796.4999447,-4,3,-75
1755867796.5389447,0,3,-86
1755867796.5749447,1,-1,-87
1755867796.611945,3,-1,-78
1755867796.6509447,1,5,-72
1755867796.6889446,4,4,-75
1755867796.7249446,0,-1,-65
1755867796.7619443,1,-3,-74
1755867796.8009446,-7,4,-62
1755867796.838945,-3,0,-59
1755867796.8749447,-3,-3,-70
1755867796.9139447,-8,-2,-60
1755867796.950945,0,3,-69
1755867796.9889443,-4,4,-82
1755867797.0249443,1,2,-68
1755867797.0619447,5,-2,-73
1755867797.1009445,2,-1,-70
1755867797.1389446,-3,2,-79
1755867797.1749446,6,-3,-75
1755867797.2119446,-2,-6,-74
1755867797.2509446,-2,-8,-71
1755867797.2889447,3,-4,-71
1755867797.3249447,8,0,-76
1755867797.361945,8,-4,-81
1755867797.4009447,4,1,-86
1755867797.4389446,1,-9,-84
1755867797.4749446,4,-7,-76
1755867797.5119443,-5,-2,-75
1755867797.5509446,-3,0,-76
1755867797.588945,3,1,-70
1755867797.6249447,4,0,-68
1755867797.6619446,-4,2,-72
1755867797.700945,-1,9,-73
1755867797.7389443,-2,0,-81
1755867797.7749443,1,4,-70
1755867797.8119447,5,4,-67
1755867797.8499446,1,6,-73
1755867797.8859446,3,3,-73
1755867797.9229443,2,5,-75
1755867797.960945,3,2,-76
1755867797.996945,-8,3,-76
1755867798.0339446,0,1,-75
1755867798.0709443,0,0,-74
1755867798.1099446,0,2,-80
1755867798.1459446,2,1,-74
1755867798.1829443,5,1,-65
1755867798.2209446,9,1,-60
1755867798.256945,7,-3,-66
1755867798.2949443,3,2,-79
1755867798.3319447,-3,-7,-64
1755867798.3709445,-6,-4,-75
1755867798.4069445,-3,-9,-67
1755867798.4449446,-3,-5,-67
1755867798.4829447,10,-2,-67
1755867798.5209446,8,-8,-74
1755867798.5599446,3,-2,-66
1755867798.5959446,5,-6,-60
1755867798.6329446,7,-6,-67
1755867798.6719446,0,-6,-80
1755867798.7099447,-10,-5,-66
1755867798.7459445,-2,7,-76
1755867798.782945,0,6,-68
1755867798.8219447,3,3,-76
1755867798.8599446,3,0,-72
1755867798.8959446,5,5,-76
1755867798.9329443,-3,-2,-67
1755867798.9719446,-2,2,-67
1755867799.009945,1,1,-76
1755867799.0459447,-1,-2,-75
1755867799.0839446,-2,-1,-72
1755867799.121945,0,-3,-74
1755867799.1609447,7,0,-76
1755867799.1969447,5,2,-65
1755867799.233945,3,-2,-70
1755867799.2719443,0,9,-72
1755867799.3099446,1,0,-71
1755867799.3459446,3,-1,-76
1755867799.3829446,7,-5,-73
1755867799.4219446,-1,1,-80
1755867799.4599447,-6,2,-73
1755867799.4959445,-1,0,-66
1755867799.5339446,-7,-1,-75
1755867799.5719447,-2,3,-72
1755867799.6099446,4,4,-70
1755867799.6459446,2,3,-77
1755867799.6829443,1,0,-84
1755867799.7219446,-2,-3,-69
1755867799.7579446,4,-3,-73
1755867799.7949443,2,1,-78
1755867799.8319447,1,0,-70
1755867799.8709445,0,-2,-80
1755867799.9069445,0,2,-71
1755867799.9449446,-7,8,-72
1755867799.9829447,-6,5,-69
1755867800.0219443,4,0,-69
1755867800.0579443,0,-1,-77
1755867800.0949447,0,-6,-65
1755867800.1329446,1,-4,-71
1755867800.1719446,2,1,-68
1755867800.2079446,4,-4,-69
1755867800.2449446,2,5,-76
1755867800.2819445,3,0,-61
1755867800.3209443,-1,6,-58
1755867800.3569446,4,7,-62
1755867800.394945,-3,1,-75
1755867800.4329443,0,-1,-74
1755867800.4719446,3,-4,-75
1755867800.5079446,5,4,-80
1755867800.5449443,-1,-1,-84
1755867800.5829446,6,0,-67
1755867800.6209445,7,-1,-78
1755867800.6569445,6,-8,-89
1755867800.6949446,0,-1,-76
1755867800.733945,-5,0,-80
1755867800.7719443,1,4,-82
1755867800.8079443,-3,-2,-70
1755867800.8459446,3,-7,-79
1755867800.8839445,2,0,-70
1755867800.9219446,2,-2,-73
1755867800.9579446,2,0,-77
1755867800.9949446,0,-1,-73
1755867801.032945,-4,1,-79
1755867801.0719447,-1,7,-74
1755867801.1079447,-5,6,-82
1755867801.144945,5,-4,-73
1755867801.1829443,-3,-4,-67
1755867801.2219446,-9,-4,-78
1755867801.2579446,0,-2,-79
1755867801.2949443,-4,-3,-75
1755867801.3329446,0,-1,-70
1755867801.371945,0,-6,-78
1755867801.407945,0,-3,-70
1755867801.4449446,-5,-2,-70
1755867801.4829447,0,-5,-68
1755867801.5219443,-4,-3,-70
1755867801.5579443,2,-4,-71
1755867801.5949447,0,-7,-67
1755867801.6329446,-2,-6,-72
1755867801.6719446,4,-4,-92
1755867801.7079446,1,-6,-81
1755867801.7449446,3,-3,-65
1755867801.7839446,5,5,-67
1755867801.8219447,-2,2,-62
1755867801.8579447,-2,4,-68
1755867801.894945,-3,0,-70
1755867801.9329443,8,5,-75
1755867801.9719446,0,7,-77
1755867802.0079446,-2,4,-69
1755867802.0449443,5,2,-76
1755867802.0829446,-1,1,-71
1755867802.1189446,-1,-2,-71
1755867802.1569445,-1,-5,-78
1755867802.1949446,5,-6,-82
1755867802.2329447,0,-1,-80
1755867802.2719443,2,7,-79
1755867802.3079443,0,4,-74
1755867802.3449447,0,1,-74
1755867802.3829446,-9,6,-67
1755867802.4189446,-5,6,-72
1755867802.4559443,5,8,-77
1755867802.4939446,2,4,-75
1755867802.5319445,0,0,-88
1755867802.5679443,-2,-1,-81
1755867802.6059446,3,3,-76
1755867802.6439445,0,-8,-73
1755867802.6819446,2,0,-71
1755867802.7179446,-4,-3,-70
1755867802.7559447,-5,4,-70
1755867802.7939446,-1,-1,-67
1755867802.8329446,2,-1,-68
1755867802.8689446,2,4,-74
1755867802.9069445,0,-3,-77
1755867802.9449446,8,-2,-69
1755867802.983945,4,0,-79
1755867803.0219443,0,10,-71
1755867803.0579443,-2,6,-78
1755867803.0949447,0,-2,-73
1755867803.1339445,4,-6,-67
1755867803.1719446,3,-6,-60
1755867803.2079446,-1,-4,-60
1755867803.2459445,-14,-9,-73
1755867803.2849443,0,-2,-70
1755867803.3229446,-4,-6,-79
1755867803.3599446,-4,-6,-78
1755867803.3969443,2,5,-76
1755867803.4339447,8,0,-70
1755867803.4699447,5,7,-68
1755867803.506945,1,9,-74
1755867803.5449443,-3,1,-68
1755867803.5839446,-3,0,-79
1755867803.6199446,0,4,-86
1755867803.6569445,7,0,-87
1755867803.6949446,0,-4,-73
1755867803.733945,3,0,-57
1755867803.769945,-9,0,-61
1755867803.8069446,5,-2,-74
1755867803.8449447,-2,-5,-67
1755867803.8839445,5,0,-70
1755867803.9199443,1,1,-77
1755867803.9569447,0,-1,-78
1755867803.9949446,2,-1,-73
1755867804.0339446,6,2,-71
1755867804.0699446,0,0,-70
1755867804.1069446,2,4,-82
1755867804.144945,-3,0,-75
1755867804.1839447,-4,0,-68
1755867804.2199447,3,0,-66
1755867804.256945,-2,0,-74
1755867804.2949443,-1,-1,-68
1755867804.3339446,2,0,-74
1755867804.3699446,-2,-2,-72
1755867804.407945,2,2,-72
1755867804.4459443,0,6,-82
1755867804.4849446,2,7,-72
1755867804.5229447,-4,0,-71
1755867804.5599446,0,-3,-72
1755867804.5969446,8,3,-71
1755867804.634945,3,-3,-66
1755867804.6729443,1,1,-75
1755867804.7099447,11,3,-72
1755867804.746945,8,-3,-71
1755867804.7849443,0,0,-74
1755867804.8239446,-5,-2,-68
1755867804.8599446,0,0,-78
1755867804.8969443,-1,0,-65
1755867804.9349446,0,0,-64
1755867804.9729445,2,3,-62
1755867805.009945,0,-2,-67
1755867805.0469446,1,0,-70
1755867805.0849447,0,-2,-67
1755867805.1209445,1,-3,-65
1755867805.157945,1,3,-66
1755867805.1949446,2,-1,-70
1755867805.233945,-4,0,-65
1755867805.269945,1,2,-72
1755867805.3069446,2,-2,-64
1755867805.3449447,3,1,-73
1755867805.3839445,4,7,-68
1755867805.4199443,2,7,-61
1755867805.4569447,0,0,-74
1755867805.4949446,0,0,-69
1755867805.5309446,3,-3,-73
1755867805.5679443,3,-2,-61
1755867805.6059446,5,-6,-70
1755867805.644945,-1,-4,-67
1755867805.6809447,3,-3,-68
1755867805.7179446,1,-4,-64
1755867805.7639446,-1,-5,-83
1755867805.7999446,2,-5,-77
1755867805.8379445,5,-4,-76
1755867805.8759446,2,-3,-73
1755867805.9149446,7,2,-72
1755867805.950945,1,-1,-63
1755867805.9889443,-6,-3,-61
1755867806.0269446,0,-2,-61
1755867806.065945,-3,0,-76
1755867806.1039443,-3,0,-70
1755867806.1399446,-2,-1,-69
1755867806.177945,3,0,-72
1755867806.2159443,-1,2,-72
1755867806.2539446,3,1,-80
1755867806.2899446,-4,5,-69
1755867806.3279445,-1,4,-77
1755867806.3659446,-2,2,-80
1755867806.404945,-1,1,-73
1755867806.440945,-2,1,-76
1755867806.4799447,3,0,-78
1755867806.5179446,2,-2,-69
1755867806.5559447,5,-1,-70
1755867806.5939443,0,2,-76
1755867806.6299446,0,0,-76
1755867806.6669445,-9,-5,-74
1755867806.7059443,-4,-7,-78
1755867806.7439446,-6,-5,-77
1755867806.779945,-10,0,-73
1755867806.8169446,-1,0,-78
1755867806.8559446,2,-3,-69
1755867806.8919446,-1,1,-73
1755867806.9289446,0,-1,-73
1755867806.9679446,-1,0,-71
1755867807.0059447,-10,-5,-80
1755867807.0419445,-4,0,-82
1755867807.0799446,7,-2,-79
1755867807.1169446,0,1,-87
1755867807.1559446,0,0,-77
1755867807.1919446,1,-6,-74
1755867807.2289443,4,0,-69
1755867807.2659447,-2,-4,-78
1755867807.3049445,0,-2,-75
1755867807.3409443,4,-4,-68
1755867807.3789446,0,-3,-64
1755867807.417945,1,-5,-60
1755867807.4559443,-2,-6,-66
1755867807.4919446,-3,-4,-67
1755867807.529945,0,-3,-64
1755867807.5679443,-9,-7,-62
1755867807.6059446,5,-7,-82
1755867807.644945,0,-2,-81
1755867807.6809447,2,2,-70
1755867807.7179446,-5,-5,-66
1755867807.756945,-1,0,-69
1755867807.7949443,2,-7,-74
1755867807.8309443,6,0,-74
1755867807.8679447,4,0,-70
1755867807.9069445,2,2,-64
1755867807.9449446,0,-1,-79
1755867807.9809446,0,0,-75
1755867808.0179446,10,0,-75
1755867808.0569446,4,-1,-81
1755867808.0949447,9,4,-64
1755867808.1309447,2,-5,-65
1755867808.167945,5,-4,-62
1755867808.2069447,3,1,-66
1755867808.2449446,-2,-1,-71
1755867808.2809446,-5,3,-75
1755867808.3179443,-5,0,-74
1755867808.3569446,-8,2,-75
1755867808.394945,0,4,-71
1755867808.4309447,6,2,-66
1755867808.4679446,6,-4,-61
1755867808.506945,2,-9,-75
1755867808.5449443,0,-3,-69
1755867808.5809443,1,-7,-82
1755867808.6179447,2,-2,-74
1755867808.6569445,8,-5,-87
1755867808.6929443,1,-8,-73
1755867808.7309446,-3,-8,-77
1755867808.7689445,-2,1,-74
1755867808.8069446,2,-1,-80
1755867808.8459446,-2,-4,-69
1755867808.881945,2,-5,-67
1755867808.9199443,-2,-2,-76
1755867808.9579446,-11,-3,-79
1755867808.996945,-8,-5,-72
1755867809.032945,-10,-4,-76
1755867809.0709443,-9,-2,-78
1755867809.1099446,2,-2,-83
1755867809.1469443,6,0,-82
1755867809.1829443,2,2,-73
1755867809.2199447,7,2,-69
1755867809.256945,2,4,-77
1755867809.292945,2,1,-63
1755867809.3299446,8,8,-85
1755867809.3679447,-3,0,-76
1755867809.4069445,-3,-3,-76
1755867809.4429443,-5,-2,-76
1755867809.4809446,-7,-3,-84
1755867809.5189445,2,0,-71
1755867809.5569446,-4,0,-81
1755867809.5929446,-4,-1,-72
1755867809.6309447,5,0,-60
1755867809.667945,-1,-2,-69
1755867809.7069447,1,0,-72
1755867809.7429447,-2,-1,-65
1755867809.7809446,3,1,-80
1755867809.8179443,0,3,-78
1755867809.8559446,-1,-1,-66
1755867809.8919446,-4,0,-68
1755867809.9289446,0,0,-64
1755867809.9669447,6,-1,-69
1755867810.0029447,7,-1,-74
1755867810.0409446,5,0,-65
1755867810.0789447,0,2,-75
1755867810.1169446,2,0,-63
1755867810.1529446,3,-3,-69
1755867810.190945,0,1,-67
1755867810.2289443,0,-6,-82
1755867810.2679446,-2,-1,-70
1755867810.3059447,0,-7,-81
1755867810.3419447,2,0,-77
1755867810.3789446,0,6,-62
1755867810.4169445,1,7,-80
1755867810.4529445,0,6,-80
1755867810.4909446,-2,0,-74
1755867810.5289447,4,-2,-76
1755867810.5679443,5,0,-59
1755867810.6039443,-4,-3,-65
1755867810.6419446,-4,-3,-71
1755867810.6809447,-3,-5,-73
1755867810.7179446,-5,1,-60
1755867810.756945,-2,-4,-71
1755867810.7939446,-2,-4,-80
1755867810.8309443,-5,-1,-62
1755867810.8689446,0,7,-69
1755867810.907945,-2,1,-78
1755867810.9439447,-7,-10,-62
1755867810.9819446,0,0,-67
1755867811.0189445,1,3,-72
1755867811.0569446,1,1,-68
1755867811.0939443,-3,3,-66
1755867811.1309447,0,-2,-65
1755867811.1699443,2,6,-70
1755867811.2079446,1,3,-81
1755867811.2439446,0,0,-69
1755867811.2809446,-2,-6,-73
1755867811.3189447,-4,-2,-67
1755867811.3579447,-2,-1,-73
1755867811.3939445,-4,1,-69
1755867811.4309447,-5,-4,-70
1755867811.4689443,-6,-6,-65
1755867811.5079446,-2,-4,-67
1755867811.5439446,1,-4,-70
1755867811.5809443,-4,0,-78
1755867811.6189446,0,0,-71
1755867811.657945,-1,-3,-59
1755867811.6939447,-8,-3,-65
1755867811.7319446,3,-2,-65
1755867811.769945,0,0,-69
1755867811.8079443,-2,1,-75
1755867811.8439443,2,0,-75
1755867811.8809447,2,0,-66
1755867811.9189446,8,0,-81
1755867811.9569447,3,-1,-78
1755867811.9929447,4,-5,-79
1755867812.0309446,-7,0,-78
1755867812.0689447,-2,1,-74
1755867812.1079447,0,0,-77
1755867812.1439445,6,-2,-68
1755867812.1819446,3,-7,-68
1755867812.2199447,-1,-5,-68
1755867812.2589445,2,0,-67
1755867812.2949443,4,1,-71
1755867812.3319447,2,0,-71
1755867812.3689446,5,-2,-76
1755867812.407945,-6,2,-71
1755867812.4439447,-11,4,-65
1755867812.4809446,-8,0,-72
1755867812.5189445,-5,1,-75
1755867812.5579443,7,2,-71
1755867812.5939443,2,3,-73
1755867812.6309447,1,-4,-69
1755867812.6689446,0,0,-76
1755867812.7079446,1,3,-72
1755867812.7439446,-1,2,-76
1755867812.7809446,0,-2,-72
1755867812.8189447,2,3,-73
1755867812.8549447,5,4,-79
1755867812.8919446,-5,3,-68
1755867812.9309447,-6,5,-71
1755867812.9689443,1,1,-73
1755867813.0049446,1,2,-73
1755867813.0419445,4,4,-66
1755867813.0809443,-3,0,-77
1755867813.1189446,5,-4,-65
1755867813.154945,-1,-4,-66
1755867813.1929443,-2,-1,-68
1755867813.2309446,0,-7,-70
1755867813.269945,4,-3,-81
1755867813.3079443,-1,-3,-86
1755867813.3439443,1,-3,-78
1755867813.3809447,-7,0,-74
1755867813.4199443,-4,5,-77
1755867813.4579446,0,1,-87
1755867813.4939446,-2,1,-78
1755867813.5309446,-4,2,-82
1755867813.5699446,3,3,-77
1755867813.6079447,4,1,-80
1755867813.6439445,-3,5,-77
1755867813.6809447,-6,0,-71
1755867813.7199447,-7,2,-76
1755867813.7579446,-7,0,-73
1755867813.7939446,-4,-4,-66
1755867813.8319447,4,-7,-77
1755867813.8699446,5,0,-76
1755867813.907945,0,-7,-77
1755867813.9439447,-6,-1,-82
1755867813.9819446,-6,-1,-80
1755867814.019945,-2,0,-72
1755867814.0589447,1,0,-64
1755867814.0949447,-9,-2,-68
1755867814.1329446,0,-1,-65
1755867814.1709447,12,5,-62
1755867814.2089446,8,0,-62
1755867814.2449446,1,-5,-63
1755867814.2819445,-1,-2,-70
1755867814.3199446,2,-1,-71
1755867814.358945,-6,1,-68
1755867814.394945,0,2,-76
1755867814.4319446,-6,2,-69
1755867814.4699447,3,-1,-79
1755867814.5089445,2,0,-81
1755867814.5449443,4,-2,-66
1755867814.5819447,6,-5,-66
1755867814.6199446,-2,6,-64
1755867814.6589446,0,-2,-63
1755867814.6949446,-5,-2,-76
1755867814.733945,3,-3,-67
1755867814.7709446,3,-3,-70
1755867814.8099446,9,-1,-67
1755867814.8459446,10,-5,-73
1755867814.8839445,5,3,-81
1755867814.9209447,5,0,-68
1755867814.9589446,6,0,-74
1755867814.9949446,0,-1,-80
1755867815.0319445,1,2,-70
1755867815.0699446,0,0,-73
1755867815.1059446,0,4,-66
1755867815.1429446,-5,3,-69
1755867815.1809447,0,3,-77
1755867815.2199447,0,0,-72
1755867815.2559447,1,-3,-56
1755867815.292945,3,-3,-74
1755867815.3319447,0,-1,-79
1755867815.3699446,0,-3,-80
1755867815.4059446,0,-3,-73
1755867815.4429443,4,3,-77
1755867815.4809446,0,-6,-68
1755867815.5189445,-4,0,-79
1755867815.5549445,-9,-2,-72
1755867815.5929446,-4,2,-62
1755867815.6309447,-5,3,-56
1755867815.6699443,-2,0,-62
1755867815.7059443,5,-3,-70
1755867815.7429447,4,4,-73
1755867815.7889447,4,-2,-89
1755867815.8249447,8,-5,-82
1755867815.8629446,1,0,-70
1755867815.9009447,-3,0,-80
1755867815.9369447,5,-5,-57
1755867815.9749446,2,-4,-71
1755867816.0129447,-3,-2,-66
1755867816.0509446,5,0,-65
1755867816.0869446,10,-2,-69
1755867816.1249447,4,-1,-67
1755867816.1629446,0,2,-69
1755867816.200945,0,-7,-77
1755867816.236945,-4,-6,-73
1755867816.2749443,0,-3,-81
1755867816.312945,-2,0,-84
1755867816.3509445,4,0,-77
1755867816.3869443,4,3,-75
1755867816.4239447,0,-3,-75
1755867816.4619446,1,-2,-65
1755867816.5009446,-7,-1,-74
1755867816.5369446,3,-2,-77
1755867816.5739446,1,2,-71
1755867816.611945,-2,-1,-69
1755867816.6499443,-8,0,-71
1755867816.6859446,0,-14,-70
1755867816.7229445,1,-5,-71
1755867816.7619443,0,-1,-74
1755867816.7999446,8,1,-80
1755867816.835945,3,-1,-71
1755867816.8739443,0,-1,-71
1755867816.9119446,3,-1,-67
1755867816.950945,5,-1,-62
1755867816.986945,-2,-3,-64
1755867817.0249443,0,1,-63
1755867817.0619447,-2,0,-72
1755867817.1009445,-4,0,-73
1755867817.1369443,1,0,-66
1755867817.1739447,11,2,-68
1755867817.2119446,8,-3,-77
1755867817.2499447,0,3,-81
1755867817.2859447,4,3,-77
1755867817.3229446,1,1,-83
1755867817.361945,1,6,-67
1755867817.3999443,-5,1,-67
1755867817.4359446,-4,3,-68
1755867817.4729445,-6,6,-72
1755867817.5119443,-1,1,-65
1755867817.5499446,4,6,-75
1755867817.585945,-1,2,-70
1755867817.6229446,9,0,-76
1755867817.6619446,-4,1,-72
1755867817.6979446,-1,0,-63
1755867817.7349446,0,-4,-69
1755867817.7729447,0,-4,-81
1755867817.8119447,-5,0,-79
1755867817.8479445,0,-1,-74
1755867817.884945,5,-5,-64
1755867817.9229443,4,-8,-69
1755867817.9619446,3,-6,-75
1755867817.9979446,3,-7,-76
1755867818.0349443,5,-6,-81
1755867818.0729446,0,-4,-76
1755867818.111945,-2,0,-79
1755867818.1479447,0,-4,-75
1755867818.1849446,-4,0,-67
1755867818.2229445,-1,-5,-76
1755867818.2619443,3,0,-69
1755867818.2979443,3,1,-71
1755867818.3349447,2,-2,-68
1755867818.3729446,-3,-1,-66
1755867818.4119446,-4,6,-66
1755867818.4479446,-5,2,-90
1755867818.4849446,0,-1,-83
1755867818.5229447,9,-4,-68
1755867818.5619447,6,-7,-75
1755867818.5979445,0,-5,-79
1755867818.634945,1,0,-74
1755867818.6729443,-1,-3,-82
1755867818.710945,-3,0,-70
1755867818.7479446,-7,-1,-69
1755867818.7849443,2,-2,-78
1755867818.8229446,-5,-1,-77
1755867818.861945,-11,-2,-77
1755867818.8979447,-2,7,-70
1755867818.9349446,-3,2,-76
1755867818.9729445,-3,3,-64
1755867819.0119443,-3,2,-68
1755867819.0479443,2,-1,-76
1755867819.0849447,0,-5,-83
1755867819.1239443,-1,1,-60
1755867819.1619446,3,-2,-60
1755867819.1979446,3,-3,-65
1755867819.2349446,5,4,-65
1755867819.2729447,2,4,-75
1755867819.3109446,-1,-3,-76
1755867819.3469446,3,2,-76
1755867819.3839445,5,0,-72
1755867819.4219446,4,-5,-67
1755867819.4579446,2,-1,-72
1755867819.4959445,-3,4,-60
1755867819.532945,0,0,-75
1755867819.5689447,-2,0,-64
1755867819.6069446,0,-2,-79
1755867819.6459446,0,7,-71
1755867819.6829443,-2,4,-80
1755867819.7219446,0,3,-68
1755867819.7579446,-1,2,-71
1755867819.7959447,-3,2,-64
1755867819.8329446,0,1,-68
1755867819.8689446,-10,-7,-84
1755867819.9069445,-9,1,-64
1755867819.9459443,-4,-1,-66
1755867819.9829447,4,-1,-80
1755867820.0219443,6,0,-66
1755867820.0579443,2,-1,-76
1755867820.0959446,-1,-2,-72
1755867820.1329446,4,-4,-77
1755867820.1719446,7,0,-66
1755867820.2079446,-1,-6,-67
1755867820.2459445,-5,-3,-83
1755867820.2839446,-5,2,-88
1755867820.3229446,0,3,-82
1755867820.358945,-2,1,-72
1755867820.3959446,2,2,-60
1755867820.4339447,0,0,-67
1755867820.4719446,-2,-4,-79
1755867820.5079446,-4,0,-69
1755867820.5459447,0,0,-66
1755867820.5839446,0,-5,-70
1755867820.621945,1,-6,-78
1755867820.657945,0,-1,-87
1755867820.6959443,0,1,-87
1755867820.733945,-3,-2,-80
1755867820.7719443,-1,-1,-68
1755867820.8079443,3,0,-71
1755867820.8449447,1,4,-75
1755867820.8839445,3,0,-70
1755867820.9219446,4,-1,-72
1755867820.9579446,1,-5,-70
1755867820.9959445,0,0,-75
1755867821.0339446,15,-9,-82
1755867821.0719447,13,3,-82
1755867821.1079447,2,0,-78
1755867821.1459446,-3,-4,-70
1755867821.1839447,3,-2,-71
1755867821.2219446,-1,3,-78
1755867821.2579446,-1,6,-86
1755867821.2949443,0,6,-70
1755867821.3339446,0,1,-75
1755867821.3699446,-3,0,-86
1755867821.4069445,-3,0,-69
1755867821.4459443,-1,-2,-71
1755867821.483945,0,2,-62
1755867821.519945,0,3,-62
1755867821.5569446,2,7,-74
1755867821.5939443,4,3,-63
1755867821.6329446,6,4,-68
1755867821.6689446,0,3,-66
1755867821.7059443,-7,6,-79
1755867821.7439446,-6,1,-70
1755867821.782945,-16,0,-73
1755867821.8189447,-2,0,-81
1755867821.8569446,0,0,-71
1755867821.894945,-2,-1,-61
1755867821.9339447,1,-4,-49
1755867821.9699447,1,0,-60
1755867822.0079446,3,-1,-63
1755867822.0449443,-3,-3,-62
1755867822.0839446,-6,2,-67
1755867822.1199446,0,-3,-77
1755867822.157945,0,-7,-75
1755867822.1959443,-3,2,-76
1755867822.2349446,0,0,-82
1755867822.2729447,0,1,-75
1755867822.3089447,-1,-1,-77
1755867822.3469446,-4,-1,-82
1755867822.384945,3,1,-73
1755867822.4239447,-5,0,-70
1755867822.4599447,0,0,-62
1755867822.496945,0,4,-70
1755867822.5349443,3,-1,-84
1755867822.5729446,4,-2,-74
1755867822.608945,0,-2,-67
1755867822.6459446,-8,-2,-60
1755867822.6849446,-4,1,-67
1755867822.7229445,-4,3,-70
1755867822.7589445,0,0,-75
1755867822.7959447,-3,1,-74
1755867822.8349447,-2,-1,-59
1755867822.8729446,-1,-6,-69
1755867822.9089446,-8,-7,-73
1755867822.9469447,-3,-1,-78
1755867822.9849446,-9,1,-73
1755867823.0239446,-8,-8,-77
1755867823.0599446,-2,-6,-70
1755867823.0979445,-2,1,-68
1755867823.1359446,-4,-1,-85
1755867823.1749446,-3,-2,-66
1755867823.210945,-3,-2,-69
1755867823.2489443,1,-3,-62
1755867823.2869446,1,-3,-66
1755867823.3249447,-2,6,-74
1755867823.3639443,1,0,-74
1755867823.3999443,-1,-2,-72
1755867823.437945,2,-2,-70
1755867823.4759445,0,-6,-63
1755867823.5149446,-5,-2,-68
1755867823.5509446,-7,-2,-68
1755867823.588945,-3,-3,-69
1755867823.6269443,-12,-2,-81
1755867823.6649446,0,-2,-74
1755867823.7039447,7,1,-81
1755867823.7399447,-1,4,-76
1755867823.7769446,-4,2,-73
1755867823.8149445,2,0,-68
1755867823.8509445,-3,-3,-69
1755867823.8889446,0,-6,-70
1755867823.9269447,0,0,-71
1755867823.9649446,0,0,-78
1755867824.0009446,1,-3,-68
1755867824.0379446,2,5,-86
1755867824.075945,-3,4,-72
1755867824.1139443,-2,3,-76
1755867824.1499443,2,4,-74
1755867824.187945,5,3,-64
1755867824.2259445,4,-5,-74
1755867824.2639446,0,-1,-75
1755867824.2999446,0,-5,-68
1755867824.3379445,-1,-2,-64
1755867824.3759446,0,-1,-61
1755867824.4149446,-1,0,-78
1755867824.450945,0,2,-76
1755867824.4879446,5,0,-82
1755867824.5259447,9,-3,-82
1755867824.5649445,-2,-2,-79
1755867824.6009445,0,-3,-71
1755867824.6379447,4,-1,-65
1755867824.6759446,0,-4,-63
1755867824.7149446,0,7,-64
1755867824.7509446,-5,0,-65
1755867824.7879446,-4,-2,-76
1755867824.825945,1,-1,-70
1755867824.8649447,4,-5,-69
1755867824.9009447,0,-3,-61
1755867824.937945,5,0,-62
1755867824.9759445,0,2,-66
1755867825.0119443,0,0,-71
1755867825.0489447,0,-5,-62
1755867825.0869446,3,-3,-69
1755867825.1259446,1,-2,-62
1755867825.1619446,-4,1,-70
1755867825.1989446,-1,0,-81
1755867825.236945,0,0,-80
1755867825.2749443,0,0,-82
1755867825.3109446,3,-4,-79
1755867825.348945,2,-3,-80
1755867825.3879447,0,-5,-77
1755867825.4259446,-8,5,-82
1755867825.4619446,-2,-3,-79
1755867825.4999447,-9,-10,-75
1755867825.5379446,-5,-6,-73
1755867825.575945,-1,-1,-73
1755867825.6149447,-2,-2,-77
1755867825.6509447,0,0,-88
1755867825.687945,5,1,-79
1755867825.7259445,-5,-4,-62
1755867825.7619443,-1,-5,-59
1755867825.8079443,-2,-7,-57
1755867825.8459446,-7,-3,-70
1755867825.8829446,-7,-6,-70
1755867825.9199443,-1,-4,-60
1755867825.9579446,5,-5,-70
1755867825.996945,2,-4,-71
1755867826.0349443,-3,1,-76
1755867826.0709443,-1,-2,-74
1755867826.108945,2,3,-62
1755867826.1469443,-7,0,-66
1755867826.1849446,-2,1,-61
1755867826.2219446,8,0,-64
1755867826.2589445,0,0,-74
1755867826.2969446,11,2,-67
1755867826.3349447,0,1,-65
1755867826.3709445,1,3,-68
1755867826.4089446,0,-3,-65
1755867826.4469447,3,1,-70
1755867826.4849446,0,-4,-72
1755867826.5209446,1,-9,-63
1755867826.5589447,4,-8,-79
1755867826.5969446,-1,-4,-74
1755867826.6359446,9,1,-74
1755867826.6719446,-1,0,-79
1755867826.7089446,-1,-6,-69
1755867826.746945,0,-9,-67
1755867826.7859447,2,-5,-57
1755867826.8219447,2,-4,-68
1755867826.858945,-5,-1,-71
1755867826.8969443,-6,0,-64
1755867826.9359446,-6,-1,-74
1755867826.9719446,-1,-4,-78
1755867827.009945,0,-2,-65
1755867827.0479443,1,4,-61
1755867827.0869446,1,7,-73
1755867827.1229446,-2,9,-72
1755867827.1609447,-6,3,-77
1755867827.1989446,0,-1,-71
1755867827.236945,3,0,-71
1755867827.2729447,1,5,-71
1755867827.3099446,-1,2,-66
1755867827.3479445,1,1,-68
1755867827.3859446,2,1,-62
1755867827.4219446,-1,-3,-77
1755867827.4599447,-5,-1,-77
1755867827.4979446,-2,2,-84
1755867827.5369446,4,0,-76
1755867827.5729446,-5,3,-73
1755867827.6099446,4,5,-65
1755867827.6479447,-4,2,-78
1755867827.6859446,1,-5,-65
1755867827.7219446,0,-2,-70
1755867827.7589445,6,-4,-71
1755867827.7979443,5,1,-77
1755867827.835945,0,-2,-66
1755867827.871945,3,-3,-73
1755867827.9089446,-8,-4,-73
1755867827.9479446,0,-5,-70
1755867827.9859445,-2,0,-65
1755867828.0219443,-1,-6,-68
1755867828.0599446,-1,-7,-73
1755867828.0979445,3,0,-80
1755867828.1359446,-4,0,-72
1755867828.1719446,2,0,-76
1755867828.2089446,2,2,-86
1755867828.246945,3,-4,-80
1755867828.282945,4,-2,-81
1755867828.3209443,-1,0,-69
1755867828.358945,7,2,-72
1755867828.3969443,-5,5,-76
1755867828.4329443,3,5,-74
1755867828.4699447,6,4,-75
1755867828.5079446,-1,-1,-65
1755867828.5439446,-4,-4,-69
1755867828.5819447,-5,1,-75
1755867828.6199446,-8,0,-73
1755867828.657945,-1,-2,-69
1755867828.6969447,-1,0,-68
1755867828.7329447,-3,2,-71
1755867828.7719443,-5,5,-72
1755867828.8089447,-4,1,-69
1755867828.8479445,6,-2,-76
1755867828.8839445,5,2,-61
1755867828.9219446,1,0,-66
1755867828.9589446,9,-4,-83
1755867828.9979446,1,-3,-66
1755867829.0339446,0,0,-71
1755867829.0709443,-5,-2,-71
1755867829.108945,-4,-2,-82
1755867829.1479447,-8,-3,-78
1755867829.1839447,0,2,-74
1755867829.2219446,-1,5,-72
1755867829.2589445,0,2,-77
1755867829.2969446,2,-2,-63
1755867829.3329446,4,2,-67
1755867829.3709445,0,5,-76
1755867829.4089446,0,3,-63
1755867829.4469447,3,-10,-71
1755867829.4829447,6,-4,-75
1755867829.5209446,0,-2,-73
1755867829.5589447,4,1,-74
1755867829.5969446,-3,0,-76
1755867829.6329446,-2,5,-68
1755867829.6699443,-7,-4,-72
1755867829.7089446,3,-5,-81
1755867829.746945,-1,-7,-77
1755867829.782945,1,-3,-84
1755867829.8209443,2,0,-81
1755867829.858945,4,3,-70
1755867829.8969443,-6,2,-65
1755867829.9329443,-5,1,-69
1755867829.9709446,-2,3,-71
1755867830.0089445,-9,1,-78
1755867830.0479443,-11,-4,-77
1755867830.0839446,-5,-2,-72
1755867830.1229446,2,0,-74
1755867830.1599443,5,1,-80
1755867830.1979446,-5,-2,-69
1755867830.233945,-2,-1,-61
1755867830.2729447,0,0,-64
1755867830.3099446,-5,-1,-80
1755867830.348945,-5,-3,-68
1755867830.384945,-5,-2,-74
1755867830.4229443,-10,-2,-74
1755867830.460945,-5,2,-78
1755867830.4989443,5,4,-79
1755867830.5349443,0,9,-72
1755867830.5729446,0,-1,-79
1755867830.6099446,1,2,-84
1755867830.6479447,6,-1,-85
1755867830.6839447,1,-1,-84
1755867830.7209446,-2,-6,-92
1755867830.7589445,3,-7,-79
1755867830.7979443,1,-3,-75
1755867830.8339446,2,-2,-67
1755867830.871945,2,-2,-77
1755867830.9099443,0,3,-67
1755867830.9479446,3,5,-61
1755867830.983945,-4,2,-71
1755867831.0209446,-1,-1,-67
1755867831.0599446,7,-4,-63
1755867831.0979445,0,-1,-64
1755867831.1339445,-2,-3,-70
1755867831.1719446,0,-3,-74
1755867831.2099447,6,3,-81
1755867831.2479446,0,-7,-81
1755867831.2839446,1,-4,-83
1755867831.3209443,-2,1,-79
1755867831.3599446,-7,-3,-72
1755867831.3979447,-1,-8,-75
1755867831.4339447,0,-1,-77
1755867831.4709446,-1,0,-69
1755867831.509945,-2,-2,-73
1755867831.5479443,3,0,-81
1755867831.5839446,8,-2,-78
1755867831.6209445,1,0,-73
1755867831.6589446,2,0,-81
1755867831.6949446,0,0,-72
1755867831.7319446,-9,3,-65
1755867831.769945,1,-1,-68
1755867831.8089447,-1,-2,-76
1755867831.8449447,-1,-1,-64
1755867831.8829446,-2,-3,-69
1755867831.9209447,0,4,-79
1755867831.9589446,6,0,-76
1755867831.9949446,0,3,-78
1755867832.0319445,2,0,-69
1755867832.0699446,-8,-6,-75
1755867832.1059446,0,0,-76
1755867832.1429446,-3,-5,-79
1755867832.1819446,2,-1,-67
1755867832.2199447,-2,0,-73
1755867832.2559447,-7,0,-81
1755867832.292945,-7,6,-78
1755867832.3309443,-4,-2,-74
1755867832.3699446,1,-3,-73
1755867832.4059446,0,5,-64
1755867832.4439447,-4,1,-70
1755867832.4819446,-1,0,-76
1755867832.519945,0,4,-80
1755867832.5559447,-1,0,-73
1755867832.5939443,-1,3,-68
1755867832.631945,-1,-1,-76
1755867832.6699443,0,-2,-73
1755867832.7089446,-1,-2,-77
1755867832.7449446,-13,-1,-76
1755867832.782945,-5,0,-64
1755867832.8209443,-1,0,-66
1755867832.8599446,-8,0,-73
1755867832.8959446,0,-2,-66
1755867832.9339447,0,1,-75
1755867832.9709446,-2,-4,-75
1755867833.009945,8,0,-78
1755867833.0459447,0,0,-73
1755867833.0839446,-2,-8,-69
1755867833.121945,3,1,-65
1755867833.1599443,7,-3,-73
1755867833.1959443,5,0,-70
1755867833.2329447,1,1,-78
1755867833.2709446,1,0,-70
1755867833.3099446,-7,-1,-76
1755867833.3459446,0,-5,-80
1755867833.3839445,3,-8,-76
1755867833.4229443,-6,-8,-64
1755867833.460945,-4,-3,-71
1755867833.4989443,-4,-3,-71
1755867833.5349443,0,-4,-73
1755867833.5719447,0,-5,-76
1755867833.6109445,0,0,-74
1755867833.6489446,-11,3,-78
1755867833.6849446,1,10,-85
1755867833.7219446,1,5,-74
1755867833.7609446,3,1,-65
1755867833.7989447,-2,-1,-77
1755867833.8349447,-1,4,-67
1755867833.871945,2,1,-72
1755867833.9109447,4,1,-79
1755867833.9469447,7,-5,-78
1755867833.983945,-5,-3,-70
1755867834.0219443,0,-2,-74
1755867834.0609446,-4,-8,-54
1755867834.0969446,-7,-8,-64
1755867834.1359446,4,1,-76
1755867834.1739447,-2,3,-74
1755867834.210945,0,-3,-74
1755867834.2499447,5,0,-68
1755867834.2859447,3,0,-77
1755867834.3239446,0,-1,-88
1755867834.3609445,1,1,-79
1755867834.3969443,-3,-3,-67
1755867834.4359446,0,-3,-61
1755867834.473945,6,0,-65
1755867834.5109446,-1,-3,-58
1755867834.5499446,2,-9,-72
1755867834.585945,3,0,-75
1755867834.6239443,-1,-3,-64
1755867834.6619446,9,-2,-73
1755867834.6999447,0,0,-79
1755867834.7359445,-3,0,-65
1755867834.7739446,0,-3,-71
1755867834.8119447,0,-1,-74
1755867834.8499446,-6,0,-75
1755867834.8859446,-3,-1,-75
1755867834.9239447,-5,-4,-74
1755867834.9619446,4,-2,-77
1755867835.0009446,-1,4,-67
1755867835.0369446,-4,-4,-61
1755867835.0749447,-8,-9,-74
1755867835.1129446,0,-2,-77
1755867835.1519446,1,1,-76
1755867835.1899445,0,0,-79
1755867835.2259445,-6,-4,-64
1755867835.2639446,2,1,-78
1755867835.3019447,0,1,-73
1755867835.3399446,1,-4,-70
1755867835.3759446,-1,-2,-87
1755867835.4139447,-3,0,-81
1755867835.4519446,0,2,-70
1755867835.4909446,-5,1,-74
1755867835.5269446,-5,4,-72
1755867835.5639446,2,2,-60
1755867835.6019447,3,-3,-83
1755867835.6399446,0,-9,-71
1755867835.6759446,-5,-7,-74
1755867835.713945,-9,-4,-70
1755867835.7529447,-7,-4,-75
1755867835.7909446,-1,-1,-74
1755867835.8349447,0,0,-80
1755867835.8739443,0,2,-75
1755867835.9119446,3,-3,-80
1755867835.9479446,1,-3,-82
1755867835.9849446,-1,6,-78
1755867836.0239446,3,0,-73
1755867836.0619447,2,2,-72
1755867836.0979445,1,-6,-64
1755867836.134945,8,-6,-61
1755867836.1739447,1,6,-66
1755867836.2119446,6,-1,-61
1755867836.2479446,0,-4,-71
1755867836.2849443,0,2,-79
1755867836.3219447,6,0,-80
1755867836.3579447,0,-5,-82
1755867836.3959446,-2,-6,-71
1755867836.4339447,-2,-3,-61
1755867836.4729445,6,2,-59
1755867836.5109446,0,-1,-67
1755867836.5469446,2,-2,-70
1755867836.5849447,4,1,-78
1755867836.6229446,4,9,-66
1755867836.6609447,8,0,-71
1755867836.6969447,3,1,-75
1755867836.7349446,1,3,-74
1755867836.7729447,4,3,-69
1755867836.8109446,0,1,-70
1755867836.8469446,-2,-3,-79
1755867836.884945,1,3,-74
1755867836.9229443,-6,-2,-79
1755867836.9619446,-7,6,-80
1755867836.9979446,-3,0,-80
1755867837.0349443,0,0,-71
1755867837.0739446,-5,-2,-66
1755867837.111945,2,1,-72
1755867837.1479447,0,-2,-76
1755867837.1849446,3,0,-67
1755867837.2229445,-6,4,-67
1755867837.2609446,0,5,-81
1755867837.2969446,2,-1,-76
1755867837.3349447,0,-8,-70
1755867837.3729446,3,-1,-62
1755867837.4119446,-3,-7,-73
1755867837.4479446,-6,-4,-70
1755867837.4859445,-6,-1,-63
1755867837.5239446,-4,-2,-60
1755867837.562945,-2,1,-67
1755867837.5999446,8,-2,-69
1755867837.6369443,-2,1,-79
1755867837.6749446,3,1,-69
1755867837.7129445,2,0,-81
1755867837.7499447,0,4,-76
1755867837.7869446,0,0,-73
1755867837.8239446,-5,-3,-72
1755867837.8629446,-5,0,-74
1755867837.8999443,1,1,-72
1755867837.9369447,-6,1,-89
1755867837.9749446,1,0,-70
1755867838.0129447,3,-2,-70
1755867838.0489447,-3,0,-71
1755867838.0869446,-2,7,-70
1755867838.1249447,-2,6,-63
1755867838.1629446,-1,-4,-74
1755867838.2019446,-1,-2,-71
1755867838.2379446,1,1,-83
1755867838.2749443,2,0,-79
1755867838.312945,-3,-4,-74
1755867838.348945,-5,-7,-73
1755867838.3869443,-7,-6,-67
1755867838.4249446,-2,-5,-63
1755867838.463945,2,-3,-63
1755867838.5019443,2,0,-64
1755867838.5379446,-1,0,-69
1755867838.5749447,5,-6,-67
1755867838.6139443,-4,-3,-69
1755867838.6519446,1,-4,-69
1755867838.687945,0,-2,-53
1755867838.7249446,2,-1,-58
1755867838.7639446,-5,3,-64
1755867838.8019447,1,4,-68
1755867838.8379445,1,1,-71
1755867838.8749447,9,2,-70
1755867838.9129446,-3,0,-70
1755867838.9489446,-8,-6,-73
1755867838.986945,-5,-5,-81
1755867839.0249443,6,-3,-78
1755867839.0639446,-2,-7,-63
1755867839.1019447,-3,-6,-75
1755867839.1379447,-3,-10,-76
1755867839.1759446,3,-3,-79
1755867839.213945,5,-3,-76
1755867839.2529447,3,-2,-77
1755867839.2899446,0,2,-61
1755867839.3269446,-3,-3,-58
1755867839.3649447,-1,0,-64
1755867839.4039447,-9,-4,-84
1755867839.4399445,0,-3,-85
1755867839.4769447,3,-3,-73
1755867839.5149446,-1,7,-74
1755867839.5539446,-2,4,-75
1755867839.5899446,1,1,-77
1755867839.6269443,-1,0,-73
1755867839.6649446,-1,0,-71
1755867839.7039447,3,0,-73
1755867839.7399447,-6,-6,-77
1755867839.7779446,6,-1,-72
1755867839.8169446,-3,-1,-68
1755867839.8539443,0,0,-60
1755867839.8899446,-2,-1,-68
1755867839.927945,0,0,-70
1755867839.9649446,-6,-1,-73
1755867840.0039446,1,4,-65
1755867840.0399446,0,4,-68
1755867840.0769446,3,0,-57
1755867840.1149447,6,-12,-69
1755867840.1539447,-2,-5,-75
1755867840.1899445,-1,-7,-70
1755867840.2279446,7,-3,-69
1755867840.2669446,0,-1,-73
1755867840.3049445,-4,-3,-76
1755867840.3429446,0,0,-74
1755867840.3789446,-1,1,-64
1755867840.4169445,7,-4,-71
1755867840.4549446,4,-1,-78
1755867840.4929447,-3,0,-75
1755867840.5289447,6,-2,-82
1755867840.5669446,3,0,-73
1755867840.6049447,0,3,-82
1755867840.6429446,3,4,-75
1755867840.6789446,-4,1,-65
1755867840.7169447,2,-3,-71
1755867840.7549446,6,-1,-71
1755867840.792945,0,0,-66
1755867840.8289447,1,-2,-66
1755867840.8669446,1,7,-73
1755867840.904945,-1,10,-81
1755867840.9429443,-1,1,-66
1755867840.9789443,-1,0,-72
1755867841.0169446,3,5,-83
1755867841.0549445,2,-2,-79
1755867841.0909443,-2,-7,-72
1755867841.1289446,-6,2,-84
1755867841.1669445,2,1,-84
1755867841.2049446,3,0,-59
1755867841.2439446,-12,6,-75
1755867841.279945,-10,4,-73
1755867841.3169446,-11,-2,-72
1755867841.3549447,1,1,-74
1755867841.3939445,-2,-1,-73
1755867841.4299445,-1,-4,-73
1755867841.4679446,1,0,-75
1755867841.5049446,0,-3,-69
1755867841.5439446,-2,-2,-77
1755867841.5799446,2,0,-81
1755867841.6169446,3,3,-74
1755867841.654945,0,-1,-77
1755867841.690945,0,0,-71
1755867841.7279446,3,-5,-72
1755867841.7669446,-2,0,-83
1755867841.8049445,0,-1,-79
1755867841.8409443,6,-4,-78
1755867841.8779447,0,1,-82
1755867841.9159446,-2,1,-73
1755867841.9539447,-3,-2,-75
1755867841.9899447,4,3,-76
1755867842.0269446,5,2,-73
1755867842.065945,-8,0,-70
1755867842.1039443,4,3,-71
1755867842.1399446,0,0,-90
1755867842.1769447,2,6,-70
1755867842.2149446,0,-2,-70
1755867842.2509446,5,1,-65
1755867842.2879446,0,0,-74
1755867842.325945,-3,3,-91
1755867842.3639443,4,3,-82
1755867842.3999443,0,0,-86
1755867842.4369447,3,-2,-73
1755867842.4759445,0,-3,-75
1755867842.5139446,-1,3,-74
1755867842.5499446,0,-5,-72
1755867842.5869446,5,-2,-76
1755867842.6259446,5,5,-78
1755867842.6639447,8,-3,-72
1755867842.6999447,0,-7,-71
1755867842.736945,-1,-2,-87
1755867842.7759447,3,1,-69
1755867842.8139446,1,0,-60
1755867842.8499446,2,10,-63
1755867842.8869443,-8,0,-74
1755867842.9259446,-6,5,-78
1755867842.9619446,-3,2,-77
1755867842.9989443,-6,-2,-81
1755867843.0369446,-4,-4,-76
1755867843.075945,10,-2,-67
1755867843.111945,1,0,-67
1755867843.1489446,4,-4,-72
1755867843.1869447,1,0,-71
1755867843.2249446,-1,-4,-80
1755867843.2609446,-4,-2,-87
1755867843.2989447,-8,-3,-77
1755867843.3369446,3,0,-75
1755867843.3749447,-4,2,-65
1755867843.4109447,-4,-4,-71
1755867843.4489446,2,-4,-72
1755867843.486945,-4,-3,-71
1755867843.5259447,-5,-9,-67
1755867843.5619447,2,-8,-64
1755867843.598945,3,-4,-67
1755867843.6369443,4,0,-79
1755867843.6759446,2,-4,-69
1755867843.7119446,6,-10,-71
1755867843.7489443,-1,0,-70
1755867843.7869446,-4,0,-68
1755867843.825945,-1,0,-72
1755867843.861945,2,-4,-72
1755867843.8989446,2,1,-68
1755867843.9369447,-2,0,-81
1755867843.9749446,0,3,-74
1755867844.0109446,1,2,-72
1755867844.0489447,-2,-5,-78
1755867844.0869446,5,0,-77
1755867844.1249447,1,2,-77
1755867844.1609447,0,4,-75
1755867844.1989446,-2,4,-74
1755867844.236945,-7,0,-78
1755867844.2749443,4,0,-73
1755867844.3109446,-1,-8,-74
1755867844.348945,-1,0,-79
1755867844.3869443,-1,-2,-79
1755867844.4259446,0,-3,-72
1755867844.4619446,-4,-4,-72
1755867844.4999447,0,0,-66
1755867844.5369446,0,1,-67
1755867844.5749447,-5,0,-74
1755867844.611945,2,0,-63
1755867844.6489446,3,3,-70
1755867844.6869447,8,1,-69
1755867844.7229445,8,10,-75
1755867844.759945,0,6,-84
1755867844.7989447,2,1,-83
1755867844.8369446,3,-4,-70
1755867844.8729446,3,-6,-72
1755867844.9109447,3,2,-67
1755867844.9489446,3,-5,-62
1755867844.986945,1,-5,-80
1755867845.0259447,0,-5,-65
1755867845.0619447,6,-4,-63
1755867845.098945,1,-5,-44
1755867845.1369443,0,-1,-58
1755867845.1759446,-3,-2,-70
1755867845.2119446,0,-3,-80
1755867845.2489443,6,-3,-80
1755867845.2869446,-3,0,-89
1755867845.325945,3,1,-82
1755867845.361945,0,0,-75
1755867845.3989446,-1,1,-75
1755867845.437945,0,0,-74
1755867845.4759445,2,-1,-69
1755867845.5119443,-2,-3,-69
1755867845.5499446,-3,0,-79
1755867845.5879445,-2,1,-75
1755867845.6269443,0,-2,-77
1755867845.6629446,-2,0,-76
1755867845.6999447,0,-3,-72
1755867845.7379446,0,-1,-75
1755867845.7769446,3,-1,-69
1755867845.812945,2,-3,-74
1755867845.858945,1,0,-68
1755867845.8969443,2,-5,-64
1755867845.9329443,4,-2,-77
1755867845.9709446,2,2,-84
1755867846.0079446,1,5,-72
1755867846.0459447,-1,4,-77
1755867846.0819447,2,0,-76
1755867846.1189446,5,-1,-69
1755867846.157945,5,0,-60
1755867846.1969447,7,0,-68
1755867846.233945,9,1,-67
1755867846.2709446,2,-1,-74
1755867846.3089447,0,2,-74
1755867846.3469446,-6,2,-65
1755867846.3839445,1,-3,-71
1755867846.4209447,-2,-5,-81
1755867846.4589446,-4,-1,-65
1755867846.4979446,-8,0,-68
1755867846.5339446,0,-2,-76
1755867846.5709443,-3,-1,-63
1755867846.608945,4,6,-72
1755867846.6469443,7,8,-90
1755867846.6839447,0,3,-78
1755867846.7209446,1,6,-76
1755867846.7579446,0,4,-59
1755867846.7969446,-4,-3,-73
1755867846.8339446,-2,-8,-70
1755867846.8709445,1,-1,-77
1755867846.9089446,7,0,-78
1755867846.9479446,8,-5,-76
1755867846.983945,1,0,-69
1755867847.0209446,4,0,-73
1755867847.0579443,4,0,-76
1755867847.0939443,0,0,-76
1755867847.1309447,-5,-7,-70
1755867847.1689446,3,-5,-62
1755867847.2079446,-3,-10,-74
1755867847.2439446,0,-5,-67
1755867847.2809446,-3,-4,-77
1755867847.3189447,4,-2,-63
1755867847.3579447,-2,2,-79
1755867847.3939445,0,0,-70
1755867847.4309447,0,0,-74
1755867847.4689443,1,-4,-73
1755867847.5079446,1,-2,-79
1755867847.5439446,0,-6,-86
1755867847.5809443,-1,0,-69
1755867847.6189446,5,-8,-71
1755867847.657945,-2,-4,-70
1755867847.6939447,-4,0,-66
1755867847.7309446,-2,-1,-65
1755867847.7689445,3,4,-66
1755867847.8069446,3,1,-66
1755867847.8429446,2,-5,-81
1755867847.8809447,2,-4,-68
1755867847.9189446,7,0,-70
1755867847.9569447,2,2,-73
1755867847.9929447,-4,0,-69
1755867848.0309446,-4,0,-70
1755867848.0689447,-7,-1,-74
1755867848.1079447,-3,-1,-75
1755867848.1439445,3,-6,-77
1755867848.1809447,2,-1,-63
1755867848.2189443,0,-5,-68
1755867848.2579446,3,0,-72
1755867848.2939446,-3,-2,-73
1755867848.3319447,4,-2,-84
1755867848.3709445,5,5,-73
1755867848.4089446,0,-3,-74
1755867848.4449446,1,-3,-69
1755867848.4819446,3,0,-78
1755867848.5209446,0,0,-69
1755867848.5589447,-1,5,-70
1755867848.5949447,5,0,-73
1755867848.631945,4,-2,-77
1755867848.6709447,8,1,-72
1755867848.7089446,8,1,-66
1755867848.7449446,-4,3,-69
1755867848.7819445,-1,0,-68
1755867848.8209443,-4,0,-72
1755867848.858945,0,-2,-57
1755867848.894945,0,0,-66
1755867848.9319446,-5,0,-71
1755867848.9699447,-6,-1,-71
1755867849.0089445,3,-9,-78
1755867849.0449443,1,-8,-79
1755867849.0829446,1,-2,-72
1755867849.1209445,-6,-5,-75
1755867849.1599443,-1,-11,-67
1755867849.1979446,4,1,-69
1755867849.233945,6,3,-71
1755867849.2709446,1,2,-76
1755867849.3089447,7,4,-73
1755867849.3449447,6,4,-73
1755867849.381945,3,6,-70
1755867849.4199443,-1,2,-74
1755867849.4589446,4,2,-78
1755867849.4949446,1,10,-86
1755867849.5319445,0,3,-81
1755867849.5709443,2,3,-80
1755867849.608945,3,8,-75
1755867849.644945,0,4,-81
1755867849.6819446,-3,-1,-79
1755867849.7209446,-1,0,-75
1755867849.7589445,0,3,-75
1755867849.7949443,-2,-1,-72
1755867849.8329446,0,-6,-74
1755867849.8709445,-6,1,-73
1755867849.9099443,2,-2,-80
1755867849.9479446,2,2,-74
1755867849.983945,0,-2,-75
1755867850.0209446,2,0,-64
1755867850.0589447,3,1,-57
1755867850.0949447,-3,0,-70
1755867850.1329446,2,0,-73
1755867850.1709447,8,0,-79
1755867850.2089446,-3,0,-79
1755867850.2449446,-1,0,-70
1755867850.2819445,-8,3,-70
1755867850.3199446,-5,0,-73
1755867850.358945,-9,-5,-74
1755867850.394945,-4,3,-64
1755867850.4319446,-5,-5,-61
1755867850.4699447,0,-7,-74
1755867850.5089445,-2,-4,-61
1755867850.5449443,0,-1,-69
1755867850.5829446,4,-4,-72
1755867850.6199446,0,-2,-66
1755867850.6589446,-5,3,-70
1755867850.6949446,4,4,-66
1755867850.7319446,1,10,-67
1755867850.769945,-2,2,-73
1755867850.8089447,-1,-1,-70
1755867850.8449447,-3,5,-75
1755867850.881945,10,-1,-73
1755867850.9209447,4,0,-81
1755867850.9589446,2,1,-65
1755867850.9949446,9,0,-59
1755867851.0319445,-3,-3,-69
1755867851.0709443,-8,-4,-60
1755867851.108945,-5,0,-71
1755867851.144945,-3,-3,-74
1755867851.1829443,0,-5,-82
1755867851.2209446,-8,-2,-75
1755867851.259945,2,-5,-72
1755867851.2959447,1,-1,-76
1755867851.3329446,7,1,-84
1755867851.3709445,-1,-6,-74
1755867851.4089446,-9,-5,-78
1755867851.4449446,-1,-3,-76
1755867851.4829447,1,-9,-76
1755867851.5209446,2,-2,-77
1755867851.5599446,0,-3,-76
1755867851.5959446,-3,0,-72
1755867851.6329446,-6,-3,-75
1755867851.6709447,3,-2,-70
1755867851.7099447,-1,1,-67
1755867851.7459445,0,0,-55
1755867851.782945,-1,4,-74
1755867851.8209443,0,-1,-68
1755867851.8599446,-6,-1,-72
1755867851.8959446,-6,0,-74
1755867851.9329443,5,2,-69
1755867851.9709446,0,0,-71
1755867852.006945,-4,-2,-76
1755867852.0459447,-2,-10,-77
1755867852.0829446,2,-6,-68
1755867852.121945,-1,0,-72
1755867852.1599443,-6,6,-70
1755867852.1959443,2,-1,-78
1755867852.233945,0,0,-79
1755867852.2709446,1,-1,-70
1755867852.3099446,-3,-1,-71
1755867852.3459446,-8,5,-69
1755867852.3829446,0,4,-69
1755867852.4209447,13,3,-66
1755867852.4569447,3,2,-75
1755867852.4949446,1,-6,-74
1755867852.532945,1,5,-78
1755867852.5709443,-2,0,-71
1755867852.6069446,-8,1,-64
1755867852.644945,-4,0,-68
1755867852.6829443,-1,-5,-75
1755867852.7219446,2,2,-76
1755867852.759945,1,-1,-71
1755867852.7959447,-1,-2,-72
1755867852.8349447,-3,1,-77
1755867852.871945,3,0,-85
1755867852.9109447,-3,-2,-62
1755867852.9469447,0,3,-62
1755867852.983945,5,-3,-68
1755867853.0219443,0,3,-77
1755867853.0599446,-1,-1,-75
1755867853.0959446,-4,2,-78
1755867853.1329446,2,-6,-63
1755867853.1719446,4,-6,-64
1755867853.2099447,8,-4,-72
1755867853.2459445,5,-2,-79
1755867853.282945,2,-5,-66
1755867853.3219447,0,1,-65
1755867853.3599446,-1,-1,-70
1755867853.3959446,-10,-3,-72
1755867853.4349446,-5,9,-73
1755867853.4719446,-1,1,-74
1755867853.5109446,3,2,-79
1755867853.5469446,0,-5,-77
1755867853.5849447,-3,-1,-79
1755867853.621945,0,2,-71
1755867853.657945,4,-1,-59
1755867853.6949446,1,-1,-55
1755867853.7329447,-2,0,-70
1755867853.7719443,-4,0,-71
1755867853.8079443,-10,0,-75
1755867853.8449447,0,0,-74
1755867853.8829446,5,-7,-73
1755867853.9219446,4,3,-71
1755867853.9579446,-1,3,-78
1755867853.9949446,0,6,-59
1755867854.0319445,-1,5,-66
1755867854.0709443,0,2,-65
1755867854.1069446,0,-1,-71
1755867854.144945,3,-1,-77
1755867854.1839447,0,8,-69
1755867854.2219446,-1,8,-71
1755867854.2579446,1,3,-77
1755867854.2949443,7,6,-76
1755867854.3319447,0,5,-75
1755867854.3679447,-2,8,-71
1755867854.4059446,0,0,-71
1755867854.4439447,1,5,-76
1755867854.4829447,-4,-2,-72
1755867854.5209446,-7,-3,-79
1755867854.5569446,-4,2,-82
1755867854.5939443,2,-2,-71
1755867854.6329446,-3,-5,-72
1755867854.6709447,-4,1,-72
1755867854.7069447,-3,2,-71
1755867854.7439446,-5,3,-67
1755867854.782945,-5,-5,-73
1755867854.8209443,0,-7,-72
1755867854.8569446,-1,-12,-78
1755867854.894945,0,-5,-72
1755867854.9329443,-2,1,-84
1755867854.9719446,-5,2,-76
1755867855.0079446,3,-2,-75
1755867855.0449443,2,0,-77
1755867855.0829446,5,-3,-71
1755867855.121945,5,-2,-76
1755867855.157945,7,4,-61
1755867855.1949446,5,9,-74
1755867855.2329447,2,-1,-70
1755867855.2709446,4,1,-76
1755867855.3069446,0,0,-86
1755867855.3439443,-5,-1,-72
1755867855.3829446,3,-1,-73
1755867855.4189446,7,3,-72
1755867855.4559443,2,3,-71
1755867855.4939446,-5,3,-71
1755867855.5319445,-2,0,-78
1755867855.5679443,-4,0,-71
1755867855.6059446,-1,-3,-81
1755867855.6439445,1,0,-78
1755867855.6819446,3,3,-73
1755867855.7179446,4,2,-75
1755867855.7559447,-1,-3,-83
1755867855.7939446,9,1,-67
1755867855.8319447,5,0,-73
1755867855.8759446,2,0,-71
1755867855.9139447,-3,-3,-78
1755867855.9519446,3,-2,-74
1755867855.9879446,8,-4,-74
1755867856.0259447,8,-2,-81
1755867856.0639446,1,-1,-69
1755867856.1029446,4,1,-64
1755867856.1389446,0,2,-65
1755867856.1769447,2,-1,-62
1755867856.213945,7,-1,-64
1755867856.2529447,9,-6,-79
1755867856.2889447,9,0,-74
1755867856.325945,-2,1,-73
1755867856.3639443,-3,1,-80
1755867856.4029446,0,-8,-77
1755867856.4389446,-5,0,-66
1755867856.4769447,-5,-7,-78
1755867856.5139446,2,-10,-80
1755867856.552945,1,-7,-68
1755867856.588945,-8,-7,-71
1755867856.6269443,-3,-1,-75
1755867856.6649446,-7,0,-72
1755867856.7039447,-3,0,-55
1755867856.7419446,0,2,-67
1755867856.7779446,-2,8,-67
1755867856.8149445,-5,0,-67
1755867856.8539443,-10,4,-74
1755867856.8919446,-3,1,-77
1755867856.927945,-3,-3,-81
1755867856.9659443,0,-1,-73
1755867857.0039446,-4,-3,-68
1755867857.042945,0,0,-62
1755867857.0789447,2,-4,-64
1755867857.1169446,1,0,-66
1755867857.154945,2,-11,-76
1755867857.1939447,0,2,-62
1755867857.2299447,0,2,-63
1755867857.2669446,5,4,-69
1755867857.3049445,-4,2,-61
1755867857.3439443,-2,1,-72
1755867857.3799446,0,0,-71
1755867857.4169445,1,5,-79
1755867857.4549446,2,-1,-73
1755867857.4939446,1,0,-62
1755867857.529945,-9,-3,-70
1755867857.5689447,-7,-3,-69
1755867857.6069446,0,-1,-77
1755867857.6439445,-1,0,-73
1755867857.6829443,-4,7,-71
1755867857.7189443,1,0,-76
1755867857.756945,3,0,-80
1755867857.7949443,2,2,-83
1755867857.8329446,0,-4,-85
1755867857.8689446,-3,0,-79
1755867857.9069445,-2,-1,-68
1755867857.9449446,-3,0,-63
1755867857.983945,3,-1,-68
1755867858.019945,8,-6,-69
1755867858.0569446,0,1,-69
1755867858.0949447,-2,7,-68
1755867858.1329446,6,-4,-75
1755867858.1689446,0,-1,-74
1755867858.2069447,-1,1,-75
1755867858.2449446,3,0,-74
1755867858.282945,14,-2,-71
1755867858.3189447,9,1,-71
1755867858.3569446,1,-5,-67
1755867858.394945,4,-6,-62
1755867858.4329443,-2,0,-74
1755867858.4689443,-1,6,-76
1755867858.5059447,-1,3,-82
1755867858.5449443,-1,0,-74
1755867858.5829446,-3,0,-66
1755867858.6189446,-8,1,-69
1755867858.6559446,-3,-7,-72
1755867858.6949446,-5,0,-64
1755867858.7329447,4,-3,-63
1755867858.7689445,1,-1,-74
1755867858.8059447,5,-2,-76
1755867858.8449447,0,0,-72
1755867858.8829446,1,0,-67
1755867858.9189446,7,3,-67
1755867858.9559443,7,-3,-66
1755867858.9949446,10,4,-76
1755867859.0309446,7,8,-81
1755867859.0679443,-1,1,-81
1755867859.1059446,-4,4,-80
1755867859.144945,-7,-1,-76
1755867859.1809447,-7,0,-74
1755867859.2179446,-3,-1,-78
1755867859.2559447,-2,-5,-72
1755867859.2949443,-1,1,-83
1755867859.3309443,2,6,-77
1755867859.3679447,2,8,-88
1755867859.4059446,-1,1,-77
1755867859.4449446,3,0,-67
1755867859.4809446,0,4,-78
1755867859.5179446,4,-1,-76
1755867859.5559447,0,-4,-75
1755867859.5949447,0,5,-64
1755867859.6309447,8,0,-60
1755867859.667945,2,-1,-68
1755867859.7059443,-1,2,-69
1755867859.7449446,3,-4,-79
1755867859.7809446,5,-9,-86
1755867859.8179443,11,-2,-76
1755867859.8559446,2,-6,-82
1755867859.894945,0,-2,-78
1755867859.9309447,5,-5,-78
1755867859.9679446,0,8,-77
1755867860.0059447,2,6,-70
1755867860.0439446,1,2,-62
1755867860.0799446,5,4,-71
1755867860.1169446,3,3,-74
1755867860.1559446,3,-1,-66
1755867860.1939447,-2,0,-67
1755867860.2299447,-4,-1,-64
1755867860.2679446,-9,0,-71
1755867860.3059447,-3,-3,-69
1755867860.3449447,6,-2,-70
1755867860.3809447,-1,4,-69
1755867860.417945,-2,0,-64
1755867860.4559443,0,4,-64
1755867860.4949446,2,-3,-72
1755867860.5309446,4,0,-81
1755867860.5679443,0,-6,-63
1755867860.6059446,-4,-3,-71
1755867860.644945,7,1,-71
1755867860.6809447,5,-1,-75
1755867860.7179446,1,0,-78
1755867860.7559447,1,-3,-74
1755867860.7919445,2,-6,-64
1755867860.8289447,3,-4,-77
1755867860.8669446,9,-2,-71
1755867860.9059446,7,0,-78
1755867860.9419446,11,-3,-72
1755867860.9799447,2,-7,-70
1755867861.0179446,3,-2,-66
1755867861.0559447,-3,-1,-66
1755867861.0949447,8,1,-66
1755867861.1309447,7,0,-65
1755867861.167945,5,-5,-68
1755867861.2059443,4,0,-77
1755867861.2449446,0,-3,-67
1755867861.2809446,-3,-5,-65
1755867861.3189447,-3,-1,-69
1755867861.3579447,-3,-1,-64
1755867861.3959446,-3,1,-58
1755867861.4319446,1,0,-70
1755867861.4699447,-7,-3,-78
1755867861.506945,0,-7,-71
1755867861.5459447,2,-3,-68
1755867861.5819447,0,-3,-77
1755867861.6189446,2,-2,-70
1755867861.6569445,3,-1,-70
1755867861.6959443,3,-10,-74
1755867861.7319446,0,0,-73
1755867861.7689445,-3,0,-72
1755867861.8069446,-3,0,-72
1755867861.8459446,2,4,-78
1755867861.881945,3,-1,-76
1755867861.9189446,-2,1,-67
1755867861.9569447,1,2,-78
1755867861.9949446,-6,0,-66
1755867862.0309446,8,1,-72
1755867862.0689447,6,2,-81
1755867862.1069446,3,0,-70
1755867862.144945,8,-5,-67
1755867862.1809447,8,1,-76
1755867862.2179446,2,1,-76
1755867862.2559447,-2,-1,-78
1755867862.2919445,-5,0,-79
1755867862.3289447,1,4,-77
1755867862.3669446,-2,-1,-72
1755867862.404945,0,0,-80
1755867862.440945,-6,-5,-81
1755867862.4789443,-4,-5,-70
1755867862.5169446,-1,0,-65
1755867862.5559447,5,0,-70
1755867862.5919447,4,-4,-77
1755867862.6289446,2,-1,-71
1755867862.6669445,1,3,-68
1755867862.7029445,-5,2,-72
1755867862.7419446,0,-6,-68
1755867862.7789447,2,0,-68
1755867862.8169446,-5,4,-78
1755867862.8559446,-2,-2,-68
1755867862.8919446,0,-8,-61
1755867862.9299445,-7,1,-68
1755867862.9679446,2,5,-71
1755867863.0059447,-1,7,-73
1755867863.0419445,-1,2,-69
1755867863.0789447,-4,1,-74
1755867863.1169446,-6,0,-77
1755867863.1559446,0,-6,-77
1755867863.1919446,1,-1,-69
1755867863.2289443,6,0,-68
1755867863.2669446,5,0,-79
1755867863.302945,4,-4,-73
1755867863.3409443,0,-10,-76
1755867863.3799446,0,-4,-71
1755867863.417945,6,-1,-71
1755867863.4559443,-1,2,-67
1755867863.4919446,-4,0,-63
1755867863.529945,0,1,-62
1755867863.5679443,2,8,-75
1755867863.6059446,-6,8,-73
1755867863.6419446,-10,2,-70
1755867863.6789446,-7,0,-76
1755867863.7179446,0,-5,-81
1755867863.7559447,2,-1,-73
1755867863.7919445,-1,0,-79
1755867863.8289447,4,-8,-76
1755867863.8679447,0,-2,-76
1755867863.9059446,-1,-1,-80
1755867863.9419446,0,4,-70
1755867863.9789443,-7,7,-78
1755867864.0179446,-2,8,-74
1755867864.0559447,-4,0,-64
1755867864.0919447,1,-2,-69
1755867864.1289446,0,-2,-74
1755867864.167945,-2,-3,-76
1755867864.2059443,0,-3,-81
1755867864.2419446,0,-2,-73
1755867864.2789447,0,2,-77
1755867864.3179443,-1,3,-67
1755867864.3559446,0,0,-60
1755867864.3919446,-5,-3,-68
1755867864.4299445,0,-1,-66
1755867864.4679446,0,1,-62
1755867864.5039446,4,3,-72
1755867864.5409446,0,0,-72
1755867864.5779445,-1,6,-76
1755867864.6169446,0,-2,-63
1755867864.6529446,-2,-2,-63
1755867864.690945,3,-2,-70
1755867864.7289443,-1,-5,-83
1755867864.7679446,-5,-1,-81
1755867864.8039446,-8,0,-76
1755867864.8409443,0,0,-76
1755867864.8789446,-3,0,-73
1755867864.917945,1,3,-73
1755867864.9539447,1,0,-66
1755867864.9909446,-3,-4,-64
1755867865.0289447,0,-4,-70
1755867865.0679443,-5,2,-79
1755867865.1039443,-3,-1,-68
1755867865.1419446,1,0,-70
1755867865.1809447,0,-2,-59
1755867865.2189443,-6,-4,-61
1755867865.256945,5,-1,-56
1755867865.292945,9,0,-63
1755867865.3309443,5,-6,-68
1755867865.3689446,-2,-3,-68
1755867865.4069445,-5,-4,-74
1755867865.4429443,-7,-1,-78
1755867865.4809446,-4,0,-74
1755867865.5189445,1,-2,-82
1755867865.5579443,-2,-6,-71
1755867865.5939443,-2,-3,-83
1755867865.631945,-6,-7,-71
1755867865.6699443,0,-2,-79
1755867865.7089446,0,-3,-85
1755867865.746945,0,-1,-67
1755867865.782945,5,-5,-69
1755867865.8199446,6,-2,-61
1755867865.858945,0,-4,-66
1755867865.9029446,-1,4,-68
1755867865.940945,-4,1,-74
1755867865.9789443,-2,-3,-71
1755867866.0179446,-1,2,-72
1755867866.0539446,0,0,-78
1755867866.0919447,-3,-6,-66
1755867866.1299446,1,-5,-70
1755867866.1689446,0,-4,-64
1755867866.2069447,-2,-8,-66
1755867866.2439446,-2,0,-79
1755867866.2809446,-4,1,-62
1755867866.3189447,-3,-6,-73
1755867866.3579447,-5,7,-80
1755867866.3939445,-6,5,-72
1755867866.4309447,0,8,-68
1755867866.4689443,1,-1,-66
1755867866.5079446,1,3,-77
1755867866.5439446,11,3,-74
1755867866.5809443,9,1,-76
1755867866.6189446,2,1,-74
1755867866.654945,2,3,-82
1755867866.6919446,0,0,-81
1755867866.7289443,2,4,-76
1755867866.7649446,0,-4,-52
1755867866.8019447,-3,1,-65
1755867866.8399446,0,0,-58
1755867866.8779447,-4,-1,-68
1755867866.9139447,4,-3,-53
1755867866.950945,-3,-4,-64
1755867866.9899447,0,0,-61
1755867867.0279446,-3,-5,-68
1755867867.0639446,7,0,-72
1755867867.1009445,-3,5,-67
1755867867.1399446,-7,9,-74
1755867867.177945,-5,3,-84
1755867867.213945,-3,2,-80
1755867867.2509446,-10,0,-68
1755867867.2899446,0,-5,-70
1755867867.3279445,2,-2,-73
1755867867.3639443,0,0,-71
1755867867.4009447,-2,-2,-58
1755867867.4399445,-9,1,-72
1755867867.4779446,2,3,-70
1755867867.5139446,1,-3,-65
1755867867.5519447,5,-3,-84
1755867867.5899446,-3,-5,-75
1755867867.6289446,0,0,-75
1755867867.6649446,-8,0,-76
1755867867.7019446,-2,-6,-75
1755867867.7399447,0,-1,-71
1755867867.7789447,0,3,-60
1755867867.8149445,3,0,-76
1755867867.8519447,3,-2,-83
1755867867.8899446,3,0,-74
1755867867.927945,0,-6,-79
1755867867.963945,-3,-3,-77
1755867868.0019443,0,0,-76
1755867868.0399446,-4,0,-79
1755867868.0789447,-3,1,-74
1755867868.1149447,5,0,-74
1755867868.1519446,0,-2,-69
1755867868.1899445,-4,-2,-69
1755867868.2289443,2,0,-91
1755867868.2649446,3,0,-90
1755867868.3019447,8,-2,-66
1755867868.3399446,2,2,-60
1755867868.3759446,1,-3,-62
1755867868.4129446,0,-1,-67
1755867868.450945,0,-7,-63
1755867868.4899447,2,-3,-84
1755867868.5259447,-9,-2,-78
1755867868.5639446,-5,0,-77
1755867868.6019447,0,-3,-76
1755867868.6399446,8,3,-71
1755867868.6759446,2,-3,-66
1755867868.7129445,-2,-7,-71
1755867868.7509446,5,-9,-59
1755867868.7899446,0,-4,-72
1755867868.825945,-3,-4,-75
1755867868.8649447,-5,-7,-76
1755867868.9019446,-8,-11,-69
1755867868.940945,5,-5,-80
1755867868.9789443,-1,-1,-73
1755867869.0149446,-1,-3,-77
1755867869.052945,1,-8,-61
1755867869.0909443,1,-6,-64
1755867869.1299446,0,0,-71
1755867869.1669445,-2,-2,-70
1755867869.2039447,-2,-6,-68
1755867869.2419446,7,-4,-60
1755867869.2809446,1,1,-72
1755867869.3189447,-1,-1,-72
1755867869.3549447,-6,-5,-70
1755867869.3939445,0,0,-65
1755867869.4309447,0,0,-65
1755867869.4699447,-2,2,-57
1755867869.5059447,3,3,-64
1755867869.5439446,3,7,-66
1755867869.5809443,5,5,-69
1755867869.6199446,1,2,-61
1755867869.6559446,3,0,-68
1755867869.6939447,5,0,-72
1755867869.7309446,2,-5,-75
1755867869.769945,-1,0,-75
1755867869.8059447,-2,-3,-64
1755867869.8439443,3,0,-70
1755867869.8809447,-2,-1,-67
1755867869.9199443,3,-3,-67
1755867869.9559443,0,1,-68
1755867869.9939446,-1,2,-77
1755867870.0309446,-8,-3,-82
1755867870.0699446,-3,-7,-68
1755867870.1059446,-15,-7,-74
1755867870.1439445,0,-1,-78
1755867870.1819446,-7,0,-77
1755867870.2209446,-2,0,-71
1755867870.256945,5,-7,-76
1755867870.2949443,2,-1,-76
1755867870.3329446,-4,2,-74
1755867870.3709445,-10,3,-78
1755867870.4099443,4,5,-75
1755867870.4459443,0,-2,-67
1755867870.4829447,-9,-4,-64
1755867870.5209446,-3,-3,-66
1755867870.5599446,1,0,-78
1755867870.5959446,-9,0,-71
1755867870.634945,-6,-1,-65
1755867870.6719446,0,-1,-69
1755867870.710945,2,-7,-74
1755867870.746945,3,-8,-74
1755867870.7849443,-5,-4,-78
1755867870.8239446,3,6,-84
1755867870.861945,0,4,-82
1755867870.8999443,9,-3,-75
1755867870.9359446,1,-5,-78
1755867870.973945,0,-1,-62
1755867871.0119443,-1,4,-57
1755867871.0499446,-2,4,-70
1755867871.085945,0,0,-69
1755867871.1239443,-4,-6,-57
1755867871.1619446,-3,0,-65
1755867871.1999447,-1,-1,-69
1755867871.2359445,-4,-5,-71
1755867871.2739446,-1,-1,-67
1755867871.3119447,0,3,-67
1755867871.3499446,0,0,-72
1755867871.3859446,2,5,-76
1755867871.4239447,0,5,-80
1755867871.4619446,4,4,-71
1755867871.4999447,9,-6,-78
1755867871.5359447,5,-2,-66
1755867871.5729446,3,-2,-67
1755867871.611945,-3,1,-67
1755867871.6479447,0,0,-66
1755867871.6849446,0,0,-65
1755867871.7219446,-6,-2,-69
1755867871.7609446,-1,0,-67
1755867871.7979443,8,4,-63
1755867871.8349447,2,2,-64
1755867871.871945,11,2,-75
1755867871.907945,7,0,-84
1755867871.9449446,1,0,-78
1755867871.9819446,0,-1,-84
1755867872.0209446,-5,-4,-69
1755867872.0569446,-1,3,-82
1755867872.0939443,0,-4,-77
1755867872.131945,2,-1,-72
1755867872.1709447,4,-3,-61
1755867872.2069447,4,1,-56
1755867872.2439446,4,-2,-61
1755867872.2819445,4,-6,-66
1755867872.3209443,-3,3,-74
1755867872.3569446,2,6,-69
1755867872.3939445,5,0,-76
1755867872.4319446,-4,0,-71
1755867872.4679446,5,-5,-63
1755867872.5049446,8,-6,-64
1755867872.5439446,0,-7,-62
1755867872.5819447,-4,1,-73
1755867872.6179447,-5,6,-77
1755867872.6559446,0,-1,-69
1755867872.6939447,0,1,-72
1755867872.7319446,-1,2,-72
1755867872.7679446,-5,-5,-75
1755867872.8069446,4,2,-84
1755867872.8439443,6,0,-65
1755867872.881945,0,4,-70
1755867872.917945,5,3,-64
1755867872.9549446,-1,3,-71
1755867872.9939446,-2,1,-79
1755867873.0319445,-4,-3,-60
1755867873.0679443,-3,0,-66
1755867873.1049447,-4,0,-59
1755867873.1439445,3,6,-67
1755867873.1819446,10,-8,-66
1755867873.2179446,2,-8,-67
1755867873.2549446,-3,-3,-65
1755867873.2939446,-5,2,-63
1755867873.3319447,-1,2,-67
1755867873.3679447,-2,-1,-65
1755867873.4069445,-2,-2,-71
1755867873.4439447,2,-2,-78
1755867873.4829447,0,-5,-73
1755867873.5189445,8,-2,-76
1755867873.5569446,-3,-4,-69
1755867873.5939443,-1,-1,-62
1755867873.6329446,0,7,-62
1755867873.6689446,-3,8,-67
1755867873.7069447,0,3,-77
1755867873.7439446,-2,6,-67
1755867873.782945,-4,1,-66
1755867873.8189447,5,-5,-79
1755867873.8569446,0,-7,-82
1755867873.8939445,3,-1,-82
1755867873.9329443,4,-2,-73
1755867873.9689443,4,1,-73
1755867874.006945,7,3,-72
1755867874.0439446,3,0,-81
1755867874.0819447,0,-6,-67
1755867874.1179447,8,-3,-74
1755867874.154945,0,3,-67
1755867874.1929443,-2,-2,-64
1755867874.2289443,0,-8,-70
1755867874.2669446,0,-4,-62
1755867874.3049445,0,-3,-79
1755867874.3439443,-4,-3,-78
1755867874.381945,-3,2,-65
1755867874.417945,0,-2,-79
1755867874.4569447,8,-1,-74
1755867874.4939446,2,1,-75
1755867874.5319445,0,0,-73
1755867874.5679443,-1,4,-66
1755867874.6049447,0,0,-60
1755867874.6429446,-3,1,-69
1755867874.6789446,3,7,-65
1755867874.7179446,0,-3,-72
1755867874.7549446,0,-5,-75
1755867874.7939446,5,-2,-71
1755867874.8319447,0,2,-69
1755867874.8679447,-5,-3,-77
1755867874.9069445,-1,3,-78
1755867874.9439447,1,2,-82
1755867874.9829447,-5,6,-75
1755867875.0189445,0,1,-73
1755867875.0569446,1,0,-75
1755867875.0939443,9,3,-68
1755867875.131945,-1,4,-69
1755867875.167945,-2,3,-65
1755867875.2049446,-3,-1,-68
1755867875.2439446,-2,0,-69
1755867875.2819445,3,-6,-69
1755867875.3179443,0,0,-79
1755867875.3549447,-8,-4,-70
1755867875.3939445,0,-5,-68
1755867875.4299445,-1,-6,-60
1755867875.4679446,-6,1,-75
1755867875.5059447,1,-5,-77
1755867875.5439446,-3,-8,-72
1755867875.5829446,5,-3,-76
1755867875.6189446,1,5,-75
1755867875.6559446,0,3,-75
1755867875.6939447,-2,0,-87
1755867875.7329447,-4,1,-67
1755867875.7689445,0,2,-66
1755867875.8059447,2,0,-75
1755867875.8439443,4,0,-73
1755867875.8799446,3,3,-79
1755867875.9259446,5,4,-83
1755867875.963945,1,4,-88
1755867875.9999447,0,9,-83
1755867876.0369446,-2,0,-79
1755867876.0749447,0,-4,-64
1755867876.1139443,4,-5,-79
1755867876.1499443,-7,9,-87
1755867876.1869447,3,4,-71
1755867876.2249446,-3,3,-75
1755867876.2639446,10,-1,-74
1755867876.2999446,1,0,-66
1755867876.3369446,1,-3,-71
1755867876.3749447,-5,2,-74
1755867876.4139447,0,-4,-76
1755867876.4499447,-1,3,-71
1755867876.4879446,2,2,-86
1755867876.5249443,5,3,-82
1755867876.562945,0,-1,-65
1755867876.598945,3,2,-69
1755867876.6359446,-4,1,-69
1755867876.6749446,-4,1,-68
1755867876.7129445,3,6,-78
1755867876.7489443,-6,0,-71
1755867876.7869446,-1,-1,-67
1755867876.8249447,6,-1,-72
1755867876.8639443,0,0,-76
1755867876.8999443,-2,-2,-76
1755867876.937945,2,1,-78
1755867876.9749446,5,3,-74
1755867877.0139446,-3,-1,-73
1755867877.0499446,-1,-5,-62
1755867877.0879445,9,1,-64
1755867877.1249447,10,-3,-71
1755867877.1639447,-1,-4,-69
1755867877.1999447,-3,1,-70
1755867877.236945,-6,2,-66
1755867877.2749443,-2,2,-65
1755867877.3139446,4,0,-65
1755867877.3499446,-3,-4,-60
1755867877.3879447,-7,0,-67
1755867877.4259446,-3,-3,-77
1755867877.4649446,-2,-3,-73
1755867877.5009446,-3,-4,-78
1755867877.5389447,-4,-6,-72
1755867877.5769446,0,2,-58
1755867877.6149447,0,-3,-65
1755867877.6509447,-1,-9,-66
1755867877.6889446,0,-7,-77
1755867877.7269447,3,-1,-81
1755867877.7649446,3,0,-78
1755867877.8009446,0,-1,-81
1755867877.8379445,7,-2,-69
1755867877.8759446,1,-7,-75
1755867877.9149446,-3,1,-64
1755867877.950945,-4,-2,-70
1755867877.9889443,0,0,-83
1755867878.0269446,2,-2,-80
1755867878.065945,1,0,-83
1755867878.1039443,2,3,-81
1755867878.1399446,1,1,-84
1755867878.1769447,4,4,-75
1755867878.2149446,0,-2,-77
1755867878.2509446,6,2,-73
1755867878.2879446,0,5,-77
1755867878.325945,-1,1,-70
1755867878.3639443,-2,-4,-81
1755867878.3999443,-2,-2,-79
1755867878.437945,4,-2,-73
1755867878.4759445,0,1,-68
1755867878.5139446,2,3,-59
1755867878.5499446,0,1,-74
1755867878.5879445,3,5,-73
1755867878.6259446,-2,7,-80
1755867878.6639447,-2,3,-82
1755867878.6999447,0,2,-77
1755867878.7379446,6,-1,-80
1755867878.7759447,-2,1,-68
1755867878.8119447,-2,9,-69
1755867878.848945,2,0,-70
1755867878.8859446,2,-1,-77
1755867878.9249446,-1,0,-76
1755867878.960945,0,-4,-85
1755867878.9989443,5,-4,-68
1755867879.0379446,1,-2,-83
1755867879.075945,0,5,-79
1755867879.111945,-1,1,-73
1755867879.1499443,-2,-3,-77
1755867879.1889446,-1,-4,-73
1755867879.2259445,2,3,-74
1755867879.2619443,6,1,-76
1755867879.2989447,0,-1,-83
1755867879.3369446,-2,-3,-69
1755867879.3759446,0,0,-67
1755867879.4119446,-1,10,-74
1755867879.4489446,5,1,-78
1755867879.4859445,0,0,-76
1755867879.5219443,-5,3,-90
1755867879.5589447,-1,0,-76
1755867879.5969446,-2,-5,-65
1755867879.6359446,-4,-1,-56
1755867879.6719446,-3,1,-67
1755867879.7089446,0,3,-61
1755867879.746945,7,2,-67
1755867879.7859447,-2,0,-72
1755867879.8219447,-7,1,-79
1755867879.858945,0,1,-78
1755867879.8969443,-8,-1,-84
1755867879.9349446,3,-1,-71
1755867879.9709446,-3,0,-76
1755867880.0079446,-6,2,-85
1755867880.0469446,0,0,-78
1755867880.0849447,6,-1,-73
1755867880.1209445,0,0,-63
1755867880.157945,0,0,-70
1755867880.1969447,2,2,-72
1755867880.2349446,0,-1,-71
1755867880.2709446,0,-3,-64
1755867880.3079443,0,-6,-63
1755867880.3469446,-4,-6,-69
1755867880.384945,-3,1,-75
1755867880.4209447,0,5,-67
1755867880.4579446,1,3,-67
1755867880.496945,8,0,-68
1755867880.5349443,9,0,-73
1755867880.5709443,8,0,-82
1755867880.608945,7,3,-68
1755867880.6469443,3,0,-71
1755867880.6829443,7,-3,-74
1755867880.7219446,-3,-2,-74
1755867880.7589445,3,4,-68
1755867880.7969446,-7,5,-77
1755867880.8329446,-4,-3,-78
1755867880.871945,2,-3,-83
1755867880.9089446,1,0,-70
1755867880.9469447,9,-2,-64
1755867880.9829447,3,-1,-70
1755867881.019945,-1,-4,-71
1755867881.0589447,4,0,-77
1755867881.0969446,0,0,-78
1755867881.1329446,-5,3,-80
1755867881.1699443,0,-1,-85
1755867881.2079446,0,2,-78
1755867881.246945,7,-1,-71
1755867881.282945,5,-2,-73
1755867881.3199446,3,-1,-70
1755867881.3579447,3,0,-86
1755867881.3969443,4,0,-76
1755867881.4329443,1,1,-72
1755867881.4699447,-7,0,-80
1755867881.5089445,0,2,-80
1755867881.5469446,-6,2,-78
1755867881.5829446,1,-4,-77
1755867881.6199446,0,-3,-68
1755867881.6589446,1,-5,-72
1755867881.6969447,0,-4,-65
1755867881.7329447,9,2,-70
1755867881.769945,4,2,-72
1755867881.8089447,0,2,-73
1755867881.8469446,-1,1,-66
1755867881.8829446,1,3,-69
1755867881.9199443,-5,6,-67
1755867881.9589446,3,5,-67
1755867881.996945,-1,-2,-72
1755867882.032945,0,1,-65
1755867882.0699446,-4,0,-75
1755867882.108945,-1,5,-72
1755867882.1469443,1,7,-73
1755867882.1829443,-1,-2,-81
1755867882.2219446,0,9,-71
1755867882.2589445,0,4,-65
1755867882.2969446,-6,3,-68
1755867882.3329446,0,2,-59
1755867882.3699446,0,-3,-85
1755867882.4089446,-4,-3,-81
1755867882.4479446,-2,0,-84
1755867882.483945,5,0,-69
1755867882.5219443,3,-2,-69
1755867882.5589447,2,4,-70
1755867882.5969446,0,1,-79
1755867882.6329446,2,6,-73
1755867882.6699443,2,4,-82
1755867882.7079446,0,8,-72
1755867882.7439446,-5,0,-71
1755867882.782945,-1,-2,-76
1755867882.8199446,-2,0,-78
1755867882.858945,4,-6,-70
1755867882.8969443,2,-4,-78
1755867882.9329443,4,-6,-76
1755867882.9699447,3,0,-76
1755867883.0079446,4,4,-80
1755867883.0439446,6,-3,-92
1755867883.0829446,3,-1,-80
1755867883.1199446,0,6,-74
1755867883.157945,2,5,-62
1755867883.1939447,4,-3,-67
1755867883.2319446,-3,-3,-63
1755867883.269945,-3,-1,-79
1755867883.3089447,-4,3,-74
1755867883.3469446,-1,3,-84
1755867883.3829446,0,0,-77
1755867883.4199443,-4,8,-66
1755867883.4589446,9,2,-73
1755867883.496945,3,1,-71
1755867883.532945,2,6,-76
1755867883.5699446,7,1,-74
1755867883.6079447,2,1,-73
1755867883.6439445,-2,-5,-70
1755867883.6819446,0,-5,-62
1755867883.7199447,-5,0,-68
1755867883.7589445,-1,-6,-69
1755867883.7969446,0,-5,-76
1755867883.8329446,4,-4,-70
1755867883.8699446,4,-1,-84
1755867883.9089446,-4,-2,-74
1755867883.9469447,-1,0,-66
1755867883.9829447,6,-2,-70
1755867884.0209446,13,3,-70
1755867884.0589447,5,0,-77
1755867884.0969446,6,3,-79
1755867884.1329446,4,3,-81
1755867884.1699443,-3,-4,-77
1755867884.2089446,-6,-1,-83
1755867884.246945,-3,-5,-70
1755867884.2839446,-2,0,-68
1755867884.3219447,-1,0,-73
1755867884.3599446,-2,-1,-66
1755867884.3989446,-1,1,-77
1755867884.4349446,-1,-3,-73
1755867884.4729445,2,0,-79
1755867884.509945,-5,11,-67
1755867884.5489447,0,6,-70
1755867884.5849447,1,0,-72
1755867884.6229446,0,-3,-75
1755867884.6609447,-4,2,-69
1755867884.6989446,6,0,-68
1755867884.7379446,-5,-6,-68
1755867884.7739446,-2,-1,-61
1755867884.8119447,2,4,-74
1755867884.848945,10,-4,-81
1755867884.8879447,2,-1,-71
1755867884.9239447,-5,0,-77
1755867884.9619446,-1,1,-72
1755867884.9999447,-7,0,-61
1755867885.0379446,2,0,-77
1755867885.0739446,0,4,-75
1755867885.111945,9,-3,-64
1755867885.1499443,0,4,-70
1755867885.187945,-2,4,-72
1755867885.223945,-7,5,-80
1755867885.2609446,-1,-5,-73
1755867885.2999446,-4,-2,-66
1755867885.3379445,3,-4,-57
1755867885.3739443,2,-2,-63
1755867885.4119446,4,0,-63
1755867885.4499447,-2,0,-72
1755867885.4879446,-2,7,-77
1755867885.5239446,1,2,-71
1755867885.5609446,5,2,-71
1755867885.5999446,0,0,-66
1755867885.6379447,0,-3,-69
1755867885.6739447,-1,0,-77
1755867885.7119446,0,2,-77
1755867885.7499447,-6,-2,-80
1755867885.7879446,0,-10,-78
1755867885.8239446,-1,-3,-76
1755867885.861945,2,1,-75
1755867885.8999443,5,-2,-64
1755867885.9439447,-2,3,-68
1755867885.9819446,0,-2,-72
1755867886.0209446,-1,1,-73
1755867886.0589447,1,0,-73
1755867886.0949447,1,-5,-66
1755867886.131945,0,-4,-67
1755867886.1709447,-4,-5,-59
1755867886.2089446,-7,-4,-83
1755867886.2449446,-5,-3,-78
1755867886.282945,0,3,-85
1755867886.3209443,3,-2,-80
1755867886.358945,0,-6,-83
1755867886.394945,-1,-2,-77
1755867886.4329443,-2,-2,-69
1755867886.4709446,0,0,-70
1755867886.509945,-4,2,-80
1755867886.5459447,-2,2,-66
1755867886.5829446,3,-1,-69
1755867886.6209445,-1,2,-59
1755867886.6599443,3,-1,-55
1755867886.6959443,4,0,-64
1755867886.7329447,-3,0,-61
1755867886.7709446,-5,6,-57
1755867886.8099446,4,2,-60
1755867886.8459446,1,0,-66
1755867886.8829446,0,0,-73
1755867886.9209447,-7,-2,-70
1755867886.9589446,-1,-2,-76
1755867886.9949446,-1,-1,-76
1755867887.032945,0,-2,-71
1755867887.0709443,-1,3,-72
1755867887.1099446,-1,3,-68
1755867887.1459446,2,2,-81
1755867887.1829443,2,0,-81
1755867887.2209446,-3,6,-66
1755867887.2589445,-5,5,-65
1755867887.2949443,2,-2,-79
1755867887.3319447,-6,-1,-77
1755867887.3709445,0,-8,-74
1755867887.4089446,-2,-6,-74
1755867887.4449446,-3,0,-74
1755867887.4819446,7,-1,-78
1755867887.5209446,-6,1,-65
1755867887.5589447,2,3,-72
1755867887.5949447,-1,2,-70
1755867887.631945,5,-3,-74
1755867887.6709447,0,-5,-65
1755867887.7089446,0,-9,-64
1755867887.7449446,0,-8,-74
1755867887.7819445,-2,-3,-78
1755867887.8209443,-6,-1,-75
1755867887.8569446,-2,2,-72
1755867887.8939445,-3,6,-65
1755867887.9319446,0,4,-60
1755867887.9699447,-3,3,-54
1755867888.0059447,1,1,-67
1755867888.042945,-5,2,-71
1755867888.0819447,-7,-1,-70
1755867888.1199446,-7,2,-74
1755867888.1559446,0,0,-72
1755867888.1929443,-3,5,-66
1755867888.2309446,0,6,-67
1755867888.269945,-3,4,-74
1755867888.3059447,-2,0,-95
1755867888.3429446,4,-2,-85
1755867888.3809447,0,-2,-77
1755867888.4199443,-1,-4,-74
1755867888.4559443,4,-5,-79
1755867888.4929447,0,1,-73
1755867888.5309446,6,0,-78
1755867888.5669446,4,1,-84
1755867888.6039443,-4,-4,-72
1755867888.6419446,0,-6,-69
1755867888.6809447,7,4,-61
1755867888.7169447,7,0,-77
1755867888.7539446,6,4,-72
1755867888.7919445,0,0,-76
1755867888.8299446,-3,-2,-68
1755867888.8659446,-1,-6,-70
1755867888.9039447,0,3,-71
1755867888.9429443,-1,-1,-63
1755867888.9809446,-5,0,-74
1755867889.0169446,-6,-1,-81
1755867889.0549445,-5,0,-76
1755867889.0929446,3,-3,-70
1755867889.131945,-4,-3,-71
1755867889.1699443,-7,9,-78
1755867889.2059443,-9,-1,-79
1755867889.2449446,-5,-3,-77
1755867889.2819445,-7,-1,-78
1755867889.3209443,1,-3,-75
1755867889.3569446,-1,0,-64
1755867889.3939445,-1,1,-69
1755867889.4319446,1,3,-78
1755867889.4699447,0,0,-77
1755867889.5059447,1,-1,-73
1755867889.542945,-2,0,-68
1755867889.5819447,0,2,-57
1755867889.6179447,-5,1,-63
1755867889.654945,0,-1,-68
1755867889.6929443,2,8,-75
1755867889.7309446,1,1,-70
1755867889.7669446,3,-4,-75
1755867889.8039446,4,-7,-62
1755867889.8429446,-2,0,-68
1755867889.8809447,-8,-3,-75
1755867889.9169445,-7,2,-71
1755867889.9539447,-3,-1,-68
1755867889.9919446,0,6,-75
1755867890.0309446,0,8,-76
1755867890.0669446,-8,0,-84
1755867890.1039443,-2,0,-81
1755867890.1419446,-1,-4,-78
1755867890.1809447,0,3,-77
1755867890.2169447,3,0,-83
1755867890.2539446,9,5,-75
1755867890.2919445,6,-3,-88
1755867890.3279445,-1,-3,-77
1755867890.3659446,1,-6,-78
1755867890.4039447,3,-4,-72
1755867890.4429443,-5,-1,-71
1755867890.4809446,-4,-1,-83
1755867890.5169446,2,2,-66
1755867890.5539446,-2,4,-69
1755867890.5929446,3,0,-80
1755867890.6309447,4,1,-74
1755867890.6669445,4,0,-72
1755867890.7039447,0,1,-74
1755867890.7429447,-4,0,-65
1755867890.7809446,1,0,-80
1755867890.8169446,5,0,-82
1755867890.8539443,-3,-3,-83
1755867890.8929446,0,0,-77
1755867890.9309447,0,0,-70
1755867890.9669447,8,-4,-78
1755867891.0039446,8,-2,-74
1755867891.042945,4,-3,-87
1755867891.0809443,0,0,-73
1755867891.1169446,-1,-4,-74
1755867891.154945,0,-2,-76
1755867891.1929443,0,-2,-69
1755867891.2319446,4,6,-77
1755867891.2679446,3,5,-79
1755867891.3049445,10,6,-75
1755867891.3429446,-5,5,-75
1755867891.381945,5,0,-70
1755867891.417945,4,0,-65
1755867891.4549446,-1,-6,-72
1755867891.4929447,6,-1,-71
1755867891.5319445,2,1,-76
1755867891.5679443,7,-1,-74
1755867891.6049447,17,-1,-75
1755867891.6429446,1,-1,-79
1755867891.6819446,-2,0,-81
1755867891.7179446,-2,-2,-85
1755867891.756945,0,2,-72
1755867891.7939446,-6,3,-69
1755867891.8329446,-1,0,-75
1755867891.8689446,-5,0,-68
1755867891.9069445,0,7,-73
1755867891.9439447,5,-3,-78
1755867891.9829447,-2,-3,-65
1755867892.0189445,0,1,-69
1755867892.0569446,0,9,-74
1755867892.0939443,-4,5,-66
1755867892.1329446,0,3,-83
1755867892.1689446,-7,1,-77
1755867892.2069447,0,3,-67
1755867892.2439446,2,4,-72
1755867892.2819445,0,2,-70
1755867892.3179443,1,-5,-70
1755867892.3569446,-3,0,-73
1755867892.3939445,-2,-1,-84
1755867892.4329443,3,-8,-76
1755867892.4689443,5,-4,-70
1755867892.506945,9,-3,-63
1755867892.5449443,7,-1,-70
1755867892.5839446,5,1,-68
1755867892.621945,3,0,-66
1755867892.657945,-4,-5,-69
1755867892.6959443,-3,0,-67
1755867892.733945,-5,-6,-67
1755867892.7729447,0,-2,-66
1755867892.8089447,0,-6,-74
1755867892.8479445,2,8,-76
1755867892.884945,-3,0,-79
1755867892.9239447,-5,3,-77
1755867892.9619446,-1,4,-74
1755867892.9979446,6,6,-73
1755867893.0349443,4,6,-72
1755867893.0729446,6,0,-76
1755867893.108945,0,0,-78
1755867893.1459446,0,0,-64
1755867893.1839447,1,0,-69
1755867893.2199447,0,-2,-84
1755867893.256945,-4,-8,-82
1755867893.2949443,4,1,-69
1755867893.3329446,5,2,-62
1755867893.3689446,2,1,-70
1755867893.4069445,4,2,-69
1755867893.4449446,-1,6,-64
1755867893.4829447,2,0,-66
1755867893.5189445,3,-1,-72
1755867893.5569446,6,0,-84
1755867893.5949447,5,-6,-70
1755867893.6329446,4,0,-62
1755867893.6689446,3,3,-74
1755867893.7069447,0,-2,-79
1755867893.7449446,5,1,-79
1755867893.782945,-3,-6,-63
1755867893.8189447,-7,-8,-69
1755867893.8569446,0,-5,-66
1755867893.894945,-5,-3,-81
1755867893.9339447,-4,1,-74
1755867893.9699447,-4,1,-70
1755867894.006945,-1,-2,-78
1755867894.0449443,0,3,-83
1755867894.0829446,6,0,-70
1755867894.1199446,1,1,-68
1755867894.1569445,-1,5,-67
1755867894.1949446,-3,1,-69
1755867894.233945,2,0,-66
1755867894.269945,5,4,-67
1755867894.3069446,2,2,-76
1755867894.3449447,-4,-1,-78
1755867894.3829446,-5,3,-64
1755867894.4189446,-1,0,-75
1755867894.4569447,0,0,-65
1755867894.4949446,-1,-2,-73
1755867894.532945,6,1,-71
1755867894.5689447,-1,-1,-73
1755867894.6069446,2,-5,-61
1755867894.644945,3,-6,-69
1755867894.6839447,0,-7,-61
1755867894.7199447,4,1,-68
1755867894.756945,4,-4,-62
1755867894.7949443,6,1,-75
1755867894.8329446,-3,0,-68
1755867894.8689446,-3,0,-75
1755867894.9059446,1,1,-77
1755867894.9439447,-1,-2,-79
1755867894.9799447,-2,-1,-82
1755867895.0179446,-2,-7,-84
1755867895.0559447,2,-3,-65
1755867895.0949447,2,3,-77
1755867895.1309447,-3,0,-71
1755867895.1689446,4,3,-73
1755867895.2059443,7,1,-70
1755867895.2439446,4,-1,-68
1755867895.279945,6,-1,-66
1755867895.3169446,0,-1,-77
1755867895.3549447,3,0,-72
1755867895.3939445,5,1,-78
1755867895.4299445,0,-1,-82
1755867895.4679446,1,-1,-72
1755867895.5059447,-2,-6,-73
1755867895.5449443,0,-5,-84
1755867895.5809443,-2,-6,-83
1755867895.6189446,-4,-4,-72
1755867895.6569445,-4,0,-70
1755867895.6949446,1,-3,-78
1755867895.733945,-2,-10,-76
1755867895.769945,4,-5,-68
1755867895.8079443,5,-4,-65
1755867895.8459446,2,1,-76
1755867895.8839445,6,-6,-82
1755867895.9199443,-3,-1,-75
1755867895.9659443,1,7,-72
1755867896.0039446,5,-1,-77
1755867896.0399446,-1,-3,-80
1755867896.0779445,8,-3,-83
1755867896.1159446,3,-4,-76
1755867896.154945,-5,-2,-77
1755867896.190945,0,-6,-71
1755867896.2279446,5,-1,-72
1755867896.2659447,4,1,-70
1755867896.3039446,6,-2,-74
1755867896.3399446,3,-1,-71
1755867896.3769443,-2,-1,-62
1755867896.4159446,3,-2,-71
1755867896.4539447,-2,0,-73
1755867896.4899447,-4,0,-74
1755867896.5289447,-8,-12,-78
1755867896.565945,-7,-1,-80
1755867896.6049447,1,-5,-82
1755867896.6409447,0,-4,-68
1755867896.6789446,-1,5,-58
1755867896.7159443,0,2,-76
1755867896.7519443,9,1,-68
1755867896.7889447,4,0,-72
1755867896.8269446,0,1,-86
1755867896.8649447,-2,-1,-72
1755867896.9009447,-2,-4,-59
1755867896.9389446,-6,1,-65
1755867896.9769447,-12,7,-66
1755867897.0159447,-4,2,-74
1755867897.0519447,0,3,-73
1755867897.0899446,0,-2,-78
1755867897.1279447,5,2,-75
1755867897.1659446,-3,-2,-81
1755867897.2049446,2,-1,-77
1755867897.2409446,4,7,-78
1755867897.2779446,0,-3,-69
1755867897.315945,3,4,-64
1755867897.3519447,2,4,-61
1755867897.3899446,2,5,-74
1755867897.4269447,-1,0,-71
1755867897.4659443,5,-1,-83
1755867897.5019443,1,2,-73
1755867897.5399446,4,-7,-71
1755867897.5779445,-1,4,-68
1755867897.6169446,-5,2,-70
1755867897.654945,1,3,-79
1755867897.690945,-5,-1,-78
1755867897.7289443,-10,4,-79
1755867897.7669446,-6,-1,-77
1755867897.8059447,0,1,-66
1755867897.8419447,0,-4,-66
1755867897.8789446,4,0,-81
1755867897.9169445,0,-12,-73
1755867897.9549446,-2,-3,-65
1755867897.9909446,-2,0,-64
1755867898.0279446,-3,0,-70
1755867898.0669446,2,-1,-77
1755867898.1049447,-8,2,-74
1755867898.1409447,-6,0,-68
1755867898.1789446,-4,1,-70
1755867898.2169447,-1,-4,-71
1755867898.2549446,-7,0,-68
1755867898.2909446,-5,-2,-72
1755867898.3289447,1,0,-64
1755867898.3669446,0,3,-66
1755867898.404945,0,-4,-76
1755867898.440945,-2,3,-78
1755867898.4779446,-14,4,-63
1755867898.5169446,0,-3,-69
1755867898.5549445,0,-5,-65
1755867898.5909443,-5,-7,-62
1755867898.6289446,0,6,-62
1755867898.6669445,4,8,-73
1755867898.7029445,6,0,-74
1755867898.7399447,6,5,-66
1755867898.7769446,-3,0,-61
1755867898.815945,-2,2,-75
1755867898.8519447,-8,2,-70
1755867898.8889446,-5,-6,-61
1755867898.927945,3,-3,-64
1755867898.9629445,4,2,-69
1755867898.9999447,0,2,-66
1755867899.0369446,-4,1,-67
1755867899.075945,3,3,-68
1755867899.111945,1,0,-76
1755867899.1499443,0,1,-76
1755867899.1869447,-7,5,-76
1755867899.2259445,-7,-2,-79
1755867899.2619443,1,-1,-77
1755867899.2999446,0,0,-73
1755867899.3379445,0,-1,-74
1755867899.3759446,8,-1,-67
1755867899.4119446,0,-1,-64
1755867899.4499447,0,-2,-67
1755867899.4889443,-3,0,-58
1755867899.5269446,1,1,-75
1755867899.562945,0,3,-79
1755867899.5999446,3,2,-75
1755867899.6379447,4,5,-66
1755867899.6759446,9,-4,-64
1755867899.7119446,0,-12,-66
1755867899.7489443,2,-8,-70
1755867899.7879446,-4,-3,-63
1755867899.825945,-8,3,-84
1755867899.861945,6,-2,-74
1755867899.8989446,1,0,-70
1755867899.937945,-7,-9,-67
1755867899.9759445,-8,3,-63
1755867900.0119443,-2,3,-55
1755867900.0499446,0,-4,-66
1755867900.088945,-4,-14,-71
1755867900.1269443,-1,-7,-72
1755867900.1629446,3,3,-70
1755867900.1999447,7,2,-78
1755867900.2379446,3,-1,-71
1755867900.2769446,5,-4,-69
1755867900.312945,6,0,-74
1755867900.3499446,2,6,-66
1755867900.3879447,2,5,-71
1755867900.4259446,4,1,-87
1755867900.4619446,0,1,-76
1755867900.4999447,-1,-1,-65
1755867900.5379446,0,3,-70
1755867900.5739446,0,4,-74
1755867900.611945,0,-1,-70
1755867900.6499443,-1,0,-64
1755867900.6889446,-6,6,-69
1755867900.7269447,-8,0,-81
1755867900.7629447,-9,2,-69
1755867900.7999446,-3,2,-69
1755867900.838945,0,2,-75
1755867900.8769443,-5,2,-65
1755867900.9139447,0,4,-64
1755867900.950945,2,-1,-79
1755867900.9889443,0,0,-64
1755867901.0269446,1,1,-73
1755867901.062945,1,5,-74
1755867901.0999446,7,0,-65
1755867901.1379447,2,2,-65
1755867901.1739447,9,-1,-63
1755867901.210945,-1,0,-67
1755867901.2489443,-7,-3,-67
1755867901.2879446,0,-10,-70
1755867901.3239446,-2,-1,-74
1755867901.361945,-1,2,-73
1755867901.4009447,3,2,-62
1755867901.4389446,4,-2,-67
1755867901.4769447,0,1,-72
1755867901.5129447,10,1,-83
1755867901.5509446,1,-1,-75
1755867901.588945,0,3,-69
1755867901.6279447,-4,6,-71
1755867901.6639447,-1,2,-72
1755867901.700945,9,-5,-77
1755867901.7389443,8,2,-83
1755867901.7779446,-4,-5,-84
1755867901.8139446,-10,-5,-66
1755867901.8519447,-2,-1,-71
1755867901.8899446,-2,0,-76
1755867901.9289446,7,4,-79
1755867901.9669447,5,3,-81
1755867902.0029447,3,1,-80
1755867902.0399446,-2,0,-77
1755867902.0789447,-1,6,-69
1755867902.1169446,3,3,-83
1755867902.1529446,-1,0,-78
1755867902.1899445,0,1,-70
1755867902.2279446,1,5,-74
1755867902.2639446,-3,1,-64
1755867902.3009446,1,3,-72
1755867902.338945,-1,5,-60
1755867902.3749447,1,1,-55
1755867902.4129446,-2,-3,-73
1755867902.450945,1,-1,-72
1755867902.4899447,0,-6,-63
1755867902.5279446,10,-1,-71
1755867902.5639446,0,1,-74
1755867902.6009445,-6,5,-62
1755867902.6399446,-3,0,-60
1755867902.677945,-10,-4,-71
1755867902.713945,0,-6,-78
1755867902.7509446,2,-1,-67
1755867902.7899446,2,-6,-75
1755867902.8279445,5,0,-76
1755867902.8639443,1,-4,-94
1755867902.9019446,3,-2,-85
1755867902.9399445,7,-3,-73
1755867902.9789443,8,0,-83
1755867903.0149446,1,0,-67
1755867903.0519447,3,0,-77
1755867903.0899446,-9,1,-73
1755867903.1279447,-3,-3,-78
1755867903.1639447,0,-3,-80
1755867903.200945,3,0,-75
1755867903.2389443,4,0,-64
1755867903.2749443,3,2,-80
1755867903.312945,-3,0,-73
1755867903.3509445,-1,-7,-69
1755867903.3899446,-6,-3,-68
1755867903.427945,0,-4,-76
1755867903.463945,-4,3,-76
1755867903.5009446,5,-5,-78
1755867903.5399446,-1,-3,-90
1755867903.5779445,1,-1,-81
1755867903.6139443,-1,-3,-68
1755867903.6519446,-4,-3,-76
1755867903.6899445,4,1,-73
1755867903.7279446,-4,-1,-73
1755867903.7639446,0,-4,-67
1755867903.8009446,3,-4,-69
1755867903.8399446,5,0,-66
1755867903.8779447,1,-1,-67
1755867903.9139447,0,1,-68
1755867903.9519446,1,0,-83
1755867903.9899447,-8,-3,-88
1755867904.0289447,-6,-5,-70
1755867904.0649445,3,-2,-73
1755867904.1019447,-1,0,-68
1755867904.1399446,1,2,-69
1755867904.1759446,0,-1,-72
1755867904.2129445,0,-5,-72
1755867904.2519443,7,3,-72
1755867904.2899446,-2,0,-62
1755867904.325945,9,0,-71
1755867904.3629446,7,-5,-68
1755867904.4019446,3,-2,-72
1755867904.4399445,0,0,-84
1755867904.4759445,-7,0,-86
1755867904.5149446,0,-1,-71
1755867904.5519447,5,-3,-72
1755867904.5899446,1,-2,-74
1755867904.6289446,4,-6,-84
1755867904.6649446,3,-1,-81
1755867904.7029445,0,6,-64
1755867904.7409446,6,-1,-66
1755867904.7789447,0,-2,-68
1755867904.8149445,3,-6,-70
1755867904.8519447,3,0,-77
1755867904.8899446,1,-2,-74
1755867904.9259446,0,-3,-75
1755867904.9629445,4,-3,-65
1755867905.0009446,10,-2,-68
1755867905.0399446,3,-6,-83
1755867905.075945,3,-3,-72
1755867905.1149447,-5,0,-72
1755867905.1519446,-3,0,-67
1755867905.190945,-3,-5,-67
1755867905.2289443,0,-2,-63
1755867905.2649446,-4,-6,-66
1755867905.302945,-7,0,-71
1755867905.3409443,-2,2,-68
1755867905.3799446,-5,-1,-69
1755867905.4159446,-6,-5,-81
1755867905.4539447,-13,3,-74
1755867905.4919446,-5,0,-76
1755867905.5309446,-1,-1,-67
1755867905.5689447,-3,1,-82
1755867905.6049447,2,6,-76
1755867905.6419446,0,-1,-69
1755867905.6809447,0,-3,-70
1755867905.7189443,6,-3,-69
1755867905.7549446,-1,-1,-64
1755867905.7939446,-3,9,-72
1755867905.8319447,3,1,-60
1755867905.8699446,0,1,-73
1755867905.9059446,-6,0,-73
1755867905.9439447,-11,4,-70
1755867905.986945,-6,-2,-72
1755867906.0249443,-3,-3,-70
1755867906.0639446,0,6,-75
1755867906.1019447,3,0,-78
1755867906.1399446,8,-1,-71
1755867906.1759446,3,-1,-73
1755867906.213945,-2,0,-72
1755867906.2519443,-8,-1,-69
1755867906.2909446,-3,-6,-70
1755867906.3269446,4,0,-70
1755867906.3649447,1,-7,-63
1755867906.4029446,3,-4,-64
1755867906.440945,1,-12,-72
1755867906.4799447,10,-5,-75
1755867906.5159447,9,-5,-78
1755867906.5539446,0,5,-80
1755867906.5919447,-1,0,-70
1755867906.6299446,-2,4,-67
1755867906.6659446,2,0,-68
1755867906.7039447,0,3,-89
1755867906.7419446,0,6,-74
1755867906.779945,1,0,-79
1755867906.815945,2,-1,-78
1755867906.8529446,-3,1,-73
1755867906.8919446,0,-3,-68
1755867906.9299445,0,-9,-65
1755867906.9659443,5,-11,-65
1755867907.0029447,3,-9,-71
1755867907.0419445,-1,-5,-73
1755867907.0799446,0,2,-76
1755867907.1159446,-1,4,-62
1755867907.1529446,-5,4,-68
1755867907.1919446,-4,7,-62
1755867907.2299447,0,-1,-68
1755867907.2659447,6,-1,-65
1755867907.302945,0,-8,-72
1755867907.3419447,-4,-3,-66
1755867907.3799446,8,0,-75
1755867907.4159446,8,-1,-77
1755867907.4539447,0,0,-79
1755867907.4919446,5,-3,-74
1755867907.529945,9,0,-73
1755867907.565945,0,0,-74
1755867907.6029446,7,-5,-82
1755867907.6419446,4,-2,-83
1755867907.677945,-1,-1,-77
1755867907.7159443,1,2,-70
1755867907.7529447,2,5,-71
1755867907.7909446,-2,-1,-73
1755867907.8269446,6,-2,-77
1755867907.8639443,0,-2,-79
1755867907.9019446,3,0,-67
1755867907.937945,-2,-8,-63
1755867907.9759445,6,-6,-62
1755867908.0139446,10,-4,-70
1755867908.0519447,0,0,-69
1755867908.0879445,-5,0,-82
1755867908.1259446,0,1,-75
1755867908.1629446,1,0,-68
1755867908.2019446,2,3,-78
1755867908.2379446,-3,-1,-60
1755867908.2759447,3,-4,-74
1755867908.3139446,-5,-3,-72
1755867908.3519447,-1,-6,-80
1755867908.3909447,-1,-2,-75
1755867908.4269447,-2,1,-67
1755867908.463945,-7,-5,-68
1755867908.5029447,-4,-2,-66
1755867908.5409446,-5,6,-66
1755867908.5769446,-5,4,-72
1755867908.6139443,0,5,-64
1755867908.6529446,-3,-2,-80
1755867908.690945,-8,-1,-74
1755867908.7269447,-12,-2,-68
1755867908.7659447,-4,1,-64
1755867908.802945,4,-1,-63
1755867908.8419447,-2,-4,-62
1755867908.8779447,-1,2,-71
1755867908.9149446,-5,-2,-68
1755867908.9529445,1,-1,-73
1755867908.9919446,10,-3,-73
1755867909.0279446,1,2,-74
1755867909.0649445,3,9,-72
1755867909.1029446,0,3,-78
1755867909.1409447,2,0,-79
1755867909.1769447,-2,5,-77
1755867909.2159443,-4,0,-78
1755867909.2529447,-1,-1,-75
1755867909.2919445,-6,-1,-65
1755867909.3279445,-2,-2,-73
1755867909.3659446,-2,-4,-73
1755867909.4039447,-1,-2,-67
1755867909.4429443,-3,6,-69
1755867909.4789443,3,0,-54
1755867909.5159447,2,-6,-58
1755867909.5539446,-5,0,-68
1755867909.5929446,-4,0,-77
1755867909.6289446,2,1,-72
1755867909.6659446,7,-6,-73
1755867909.7039447,6,-3,-85
1755867909.7429447,4,3,-84
1755867909.7789447,4,3,-81
1755867909.815945,1,-2,-71
1755867909.8539443,0,0,-74
1755867909.8919446,-7,-2,-64
1755867909.927945,-6,-1,-64
1755867909.9669447,-5,-3,-78
1755867910.0039446,-2,4,-79
1755867910.042945,-5,-2,-69
1755867910.0789447,-5,-4,-61
1755867910.1169446,-2,-4,-71
1755867910.154945,-1,-1,-69
1755867910.1939447,-3,3,-66
1755867910.2319446,0,7,-66
1755867910.2679446,-9,0,-74
1755867910.3059447,5,-1,-83
1755867910.3439443,-9,-4,-71
1755867910.3829446,-9,0,-74
1755867910.4189446,3,2,-86
1755867910.4559443,1,2,-70
1755867910.4939446,4,-2,-72
1755867910.5319445,4,2,-77
1755867910.5689447,8,6,-81
1755867910.6059446,0,0,-86
1755867910.6439445,1,-4,-55
1755867910.6819446,2,-2,-61
1755867910.7179446,4,0,-66
1755867910.7549446,1,3,-75
1755867910.7939446,0,0,-76
1755867910.8319447,2,-5,-66
1755867910.8679447,1,0,-70
1755867910.904945,0,-1,-65
1755867910.9439447,-5,-3,-66
1755867910.9819446,0,-3,-60
1755867911.0179446,-10,1,-64
1755867911.0549445,-7,-2,-64
1755867911.0939443,-2,-1,-79
1755867911.131945,1,1,-72
1755867911.167945,0,1,-78
1755867911.2049446,-3,-3,-72
1755867911.2439446,-8,-1,-73
1755867911.279945,0,4,-79
1755867911.3169446,5,3,-81
1755867911.3549447,2,0,-75
1755867911.3929446,0,-2,-79
1755867911.4289446,0,-6,-85
1755867911.4659443,8,-5,-77
1755867911.5039446,-1,-3,-71
1755867911.542945,0,5,-63
1755867911.5789447,-3,0,-63
1755867911.6169446,1,0,-74
1755867911.6539447,-3,-2,-68
1755867911.6929443,-7,-3,-77
1755867911.7289443,0,-6,-85
1755867911.7659447,-1,0,-86
1755867911.8039446,-1,-5,-85
1755867911.8429446,0,-5,-68
1755867911.8789446,-5,-5,-65
1755867911.917945,-10,-5,-60
1755867911.9549446,0,-2,-63
1755867911.9939446,3,-4,-71
1755867912.029945,5,-7,-68
1755867912.0679443,2,-5,-63
1755867912.1049447,5,-3,-76
1755867912.1439445,3,1,-66
1755867912.1799445,3,1,-65
1755867912.2179446,3,0,-74
1755867912.2549446,-2,2,-64
1755867912.2939446,0,1,-66
1755867912.3299446,2,1,-77
1755867912.3669446,2,0,-85
1755867912.404945,-1,0,-71
1755867912.4439447,-1,-5,-71
1755867912.4799447,-2,0,-77
1755867912.5169446,-2,0,-72
1755867912.5549445,-2,-6,-82
1755867912.5939443,1,0,-77
1755867912.6299446,4,-1,-69
1755867912.667945,3,0,-78
1755867912.7049446,0,-3,-73
1755867912.7439446,-2,0,-66
1755867912.779945,1,2,-68
1755867912.8179443,-1,1,-67
1755867912.8549447,-1,-6,-64
1755867912.8939445,1,0,-73
1755867912.9299445,-3,-2,-71
1755867912.9679446,-1,-1,-73
1755867913.0059447,-5,0,-72
1755867913.0449443,-5,0,-68
1755867913.0809443,0,0,-69
1755867913.1179447,1,-4,-69
1755867913.1559446,11,0,-72
1755867913.1939447,7,0,-65
1755867913.2299447,0,5,-59
1755867913.2669446,1,3,-84
1755867913.3049445,7,2,-77
1755867913.3409443,5,3,-78
1755867913.3789446,3,-3,-72
1755867913.4169445,4,0,-62
1755867913.4549446,1,-3,-68
1755867913.4939446,-6,-3,-65
1755867913.529945,-4,-1,-64
1755867913.5679443,-4,-6,-73
1755867913.6059446,-8,-4,-82
1755867913.644945,2,-6,-77
1755867913.6809447,-1,-9,-75
1755867913.7189443,3,-9,-72
1755867913.756945,-2,-3,-74
1755867913.7959447,8,-5,-68
1755867913.8339446,14,-1,-76
1755867913.8699446,6,-1,-81
1755867913.907945,-1,-4,-69
1755867913.9459443,-4,-5,-63
1755867913.9849446,-2,0,-79
1755867914.0209446,5,0,-84
1755867914.0579443,-1,-1,-63
1755867914.0959446,-1,-3,-67
1755867914.134945,-11,-8,-69
1755867914.1709447,4,1,-75
1755867914.2079446,-7,7,-76
1755867914.2459445,-3,-4,-73
1755867914.2849443,0,1,-67
1755867914.3209443,-1,3,-67
1755867914.3579447,0,-2,-66
1755867914.3959446,-2,-6,-76
1755867914.4349446,1,2,-64
1755867914.4709446,4,-1,-68
1755867914.5079446,9,0,-79
1755867914.5459447,9,-1,-68
1755867914.5849447,2,2,-74
1755867914.6209445,5,-2,-68
1755867914.657945,0,0,-73
1755867914.6959443,10,6,-65
1755867914.733945,0,6,-78
1755867914.769945,-3,-1,-68
1755867914.8079443,9,2,-68
1755867914.8459446,4,-2,-68
1755867914.884945,-3,-4,-72
1755867914.9209447,2,-8,-69
1755867914.9589446,0,-3,-64
1755867914.9979446,-2,0,-73
1755867915.0359447,0,-5,-65
1755867915.0719447,1,-5,-57
1755867915.1099446,8,-4,-70
1755867915.1479447,2,4,-80
1755867915.1859446,4,-1,-76
1755867915.2219446,2,-5,-71
1755867915.2589445,0,-2,-66
1755867915.2969446,-2,-6,-75
1755867915.335945,-1,-1,-76
1755867915.371945,1,-5,-69
1755867915.4089446,5,0,-69
1755867915.4469447,3,-10,-65
1755867915.4859445,2,-2,-55
1755867915.5219443,3,1,-65
1755867915.5599446,-1,-1,-74
1755867915.5969446,0,6,-66
1755867915.634945,3,7,-63
1755867915.6709447,1,-1,-72
1755867915.7089446,2,4,-70
1755867915.746945,-2,-5,-65
1755867915.7859447,-2,2,-73
1755867915.8219447,-3,4,-67
1755867915.858945,1,4,-73
1755867915.8969443,-2,-2,-65
1755867915.9359446,-2,0,-72
1755867915.9719446,0,0,-68
1755867916.0179446,4,1,-63
1755867916.0559447,2,1,-60
1755867916.0919447,4,1,-68
1755867916.1299446,6,-2,-89
1755867916.167945,0,-5,-80
1755867916.2069447,-3,-7,-71
1755867916.2449446,3,3,-73
1755867916.2809446,0,-4,-71
1755867916.3179443,-2,-3,-64
1755867916.3569446,5,4,-64
1755867916.394945,0,-4,-76
1755867916.4309447,1,-4,-76
1755867916.4679446,1,-3,-75
1755867916.506945,13,-3,-78
1755867916.5449443,6,0,-71
1755867916.5809443,1,-2,-71
1755867916.6189446,5,-5,-74
1755867916.6569445,-8,3,-70
1755867916.6929443,-8,-5,-76
1755867916.7319446,0,-4,-73
1755867916.7689445,-3,-2,-79
1755867916.8069446,0,-3,-76
1755867916.8459446,5,1,-74
1755867916.881945,3,3,-82
1755867916.9199443,1,-2,-74
1755867916.9569447,1,0,-65
1755867916.9959445,0,-8,-67
1755867917.0319445,-6,-11,-64
1755867917.0699446,0,0,-68
1755867917.1079447,0,8,-68
1755867917.1459446,4,5,-75
1755867917.1819446,1,3,-68
1755867917.2199447,-3,5,-74
1755867917.256945,2,-1,-68
1755867917.2959447,2,-2,-79
1755867917.3319447,-5,-1,-76
1755867917.3699446,-15,1,-71
1755867917.407945,-12,-9,-75
1755867917.4469447,-6,-5,-76
1755867917.4829447,-3,-11,-84
1755867917.5209446,3,-5,-86
1755867917.5589447,-2,0,-66
1755867917.5979445,-2,-5,-58
1755867917.6359446,0,0,-78
1755867917.6719446,0,5,-76
1755867917.7099447,-10,-3,-84
1755867917.7489443,0,0,-66
1755867917.7869446,0,-9,-65
1755867917.8229446,-3,0,-66
1755867917.8599446,2,4,-69
1755867917.8989446,3,5,-64
1755867917.9369447,3,0,-79
1755867917.9729445,3,0,-75
1755867918.009945,-1,-4,-76
1755867918.0489447,1,1,-75
1755867918.0869446,0,2,-72
1755867918.1229446,0,0,-72
1755867918.1609447,3,-5,-65
1755867918.1989446,-2,-6,-71
1755867918.2379446,-5,-3,-77
1755867918.2759447,-6,2,-72
1755867918.3119447,0,1,-69
1755867918.348945,2,1,-74
1755867918.3869443,-4,0,-78
1755867918.4229443,3,4,-78
1755867918.4599447,-1,0,-81
1755867918.4989443,-4,0,-69
1755867918.5369446,-5,3,-58
1755867918.5729446,0,5,-59
1755867918.6109445,3,0,-59
1755867918.6479447,3,8,-67
1755867918.6869447,1,2,-78
1755867918.7229445,1,0,-66
1755867918.759945,0,-4,-79
1755867918.7979443,3,-7,-72
1755867918.8369446,0,-3,-76
1755867918.8729446,-5,0,-74
1755867918.9099443,-4,-4,-62
1755867918.9479446,1,0,-72
1755867918.986945,-6,-3,-78
1755867919.0229447,2,2,-72
1755867919.0599446,8,-5,-75
1755867919.0979445,2,3,-64
1755867919.1339445,3,6,-76
1755867919.1719446,-2,0,-66
1755867919.2099447,0,-5,-70
1755867919.2489443,-6,-5,-75
1755867919.2869446,0,-2,-74
1755867919.3229446,-1,-2,-70
1755867919.3609445,-9,-3,-71
1755867919.3989446,-4,0,-76
1755867919.437945,-4,-4,-81
1755867919.473945,1,0,-89
1755867919.5109446,-1,1,-78
1755867919.5489447,-1,0,-73
1755867919.5879445,-2,2,-71
1755867919.6239443,-8,1,-84
1755867919.6629446,0,0,-75
1755867919.6999447,-1,0,-80
1755867919.7389443,0,5,-72
1755867919.7769446,-6,-1,-63
1755867919.812945,-4,0,-78
1755867919.8499446,-2,0,-63
1755867919.8889446,4,-2,-80
1755867919.9269447,4,-1,-63
1755867919.9629445,-4,-6,-70
1755867920.0009446,-1,0,-82
1755867920.0389447,0,8,-81
1755867920.0779445,-4,7,-65
1755867920.1139443,-5,8,-75
1755867920.1509447,0,-4,-68
1755867920.1889446,-2,-6,-82
1755867920.2279446,3,2,-69
1755867920.2639446,-1,1,-70
1755867920.3019447,1,5,-66
1755867920.3409443,-5,-4,-73
1755867920.3789446,0,1,-67
1755867920.4149446,-5,-3,-70
1755867920.4539447,1,-11,-72
1755867920.4909446,2,-4,-76
1755867920.5289447,3,0,-69
1755867920.5679443,5,-1,-70
1755867920.6039443,8,0,-69
1755867920.6409447,6,3,-67
1755867920.6789446,8,0,-71
1755867920.7149446,2,-1,-64
1755867920.7539446,0,0,-71
1755867920.7909446,-3,-1,-73
1755867920.8289447,0,-5,-74
1755867920.8679447,0,-1,-69
1755867920.9039447,0,0,-66
1755867920.940945,4,-4,-69
1755867920.9799447,4,-1,-70
1755867921.0179446,10,4,-89
1755867921.0539446,-2,7,-90
1755867921.0909443,1,10,-85
1755867921.1289446,-5,3,-61
1755867921.1649446,2,0,-75
1755867921.2029445,-1,-5,-69
1755867921.2409446,-5,-4,-74
1755867921.279945,4,0,-75
1755867921.3179443,2,1,-76
1755867921.3539443,4,-2,-77
1755867921.3919446,3,0,-72
1755867921.4299445,2,2,-59
1755867921.4679446,0,-4,-62
1755867921.5039446,-4,2,-66
1755867921.5409446,6,7,-63
1755867921.5789447,4,3,-76
1755867921.6149447,5,9,-71
1755867921.6519446,0,8,-66
1755867921.690945,-3,2,-73
1755867921.7289443,1,0,-74
1755867921.7649446,1,-9,-60
1755867921.802945,0,0,-55
1755867921.8399446,-1,8,-69
1755867921.8789446,-4,1,-75
1755867921.9149446,-4,0,-73
1755867921.9529445,-4,-6,-79
1755867921.9909446,-2,-5,-73
1755867922.029945,4,-1,-71
1755867922.065945,5,3,-66
1755867922.1029446,1,0,-69
1755867922.1399446,-1,0,-77
1755867922.1789446,-3,-4,-64
1755867922.2149446,-4,1,-53
1755867922.2539446,-2,0,-58
1755867922.2909446,7,-6,-76
1755867922.3299446,5,4,-72
1755867922.3659446,3,0,-74
1755867922.4029446,1,-2,-73
1755867922.440945,-6,0,-72
1755867922.4799447,0,-1,-77
1755867922.5159447,0,0,-76
1755867922.552945,6,1,-78
1755867922.5899446,0,1,-79
1755867922.6259446,3,10,-75
1755867922.6629446,2,4,-71
1755867922.700945,-3,-6,-73
1755867922.7389443,-2,-12,-73
1755867922.7749443,3,-4,-77
1755867922.8119447,1,0,-77
1755867922.8499446,3,0,-63
1755867922.8859446,10,-1,-69
1755867922.9229443,-1,-2,-61
1755867922.960945,2,-3,-78
1755867922.9999447,-2,2,-64
1755867923.0359447,0,0,-62
1755867923.0729446,-5,-4,-76
1755867923.1109445,6,-6,-78
1755867923.1499443,4,-4,-70
1755867923.1859446,4,-2,-65
1755867923.2229445,5,-6,-69
1755867923.2609446,4,2,-65
1755867923.2999446,-1,1,-72
1755867923.335945,0,2,-78
1755867923.3729446,-1,-3,-73
1755867923.4109447,-3,-1,-67
1755867923.4499447,0,1,-61
1755867923.4859445,0,-4,-68
1755867923.5229447,4,0,-63
1755867923.5609446,0,4,-67
1755867923.598945,6,-1,-70
1755867923.634945,10,-4,-61
1755867923.6729443,2,5,-70
1755867923.710945,0,-2,-62
1755867923.7489443,2,4,-73
1755867923.7849443,-3,0,-74
1755867923.8219447,5,-1,-76
1755867923.8609445,2,1,-80
1755867923.8969443,3,2,-73
1755867923.9339447,-7,1,-90
1755867923.9719446,-2,-2,-77
1755867924.0109446,4,-2,-69
1755867924.0469446,0,0,-75
1755867924.0839446,0,0,-78
1755867924.1209445,0,1,-72
1755867924.1569445,-1,-2,-65
1755867924.1949446,-5,-3,-71
1755867924.233945,-3,-1,-71
1755867924.2709446,0,8,-82
1755867924.3099446,0,3,-69
1755867924.3459446,-1,0,-80
1755867924.3839445,-5,-2,-69
1755867924.4219446,0,0,-63
1755867924.4599447,0,1,-67
1755867924.4959445,8,0,-72
1755867924.5349443,1,1,-73
1755867924.5729446,0,2,-70
1755867924.6109445,4,1,-76
1755867924.6469443,7,0,-73
1755867924.6839447,-2,-2,-66
1755867924.7219446,-4,4,-77
1755867924.7609446,0,1,-74
1755867924.7969446,-3,1,-63
1755867924.8339446,-1,8,-65
1755867924.871945,-2,-1,-74
1755867924.9109447,-1,-5,-67
1755867924.9469447,-1,3,-72
1755867924.9849446,6,-4,-72
1755867925.0229447,5,-4,-68
1755867925.0619447,0,0,-67
1755867925.0999446,-1,0,-69
1755867925.1359446,3,0,-68
1755867925.1739447,-4,0,-66
1755867925.2119446,-1,1,-77
1755867925.2509446,-2,0,-73
1755867925.2869446,0,0,-70
1755867925.3239446,3,3,-67
1755867925.361945,-6,3,-64
1755867925.4009447,-2,-6,-67
1755867925.4369447,-4,-2,-70
1755867925.4749446,-5,6,-72
1755867925.5139446,-7,4,-68
1755867925.5519447,-5,-2,-68
1755867925.5879445,-4,0,-68
1755867925.6259446,-10,0,-64
1755867925.6639447,5,-6,-63
1755867925.7019446,-1,-5,-63
1755867925.7409446,4,5,-69
1755867925.7769446,-5,3,-63
1755867925.8139446,1,-1,-75
1755867925.8519447,0,3,-76
1755867925.8879447,-4,-4,-69
1755867925.9259446,0,2,-68
1755867925.963945,-5,0,-75
1755867926.0019443,0,-7,-79
1755867926.0469446,10,-9,-77
1755867926.0839446,0,-1,-77
1755867926.121945,4,-6,-78
1755867926.1609447,5,-2,-78
1755867926.1969447,0,0,-71
1755867926.233945,3,0,-79
1755867926.2719443,2,-1,-69
1755867926.3079443,2,-2,-68
1755867926.3459446,-9,-1,-65
1755867926.3839445,-2,-2,-58
1755867926.4229443,-2,2,-74
1755867926.460945,-2,-4,-71
1755867926.496945,4,-7,-70
1755867926.5339446,-3,-9,-58
1755867926.5729446,-2,-7,-71
1755867926.6109445,2,-5,-79
1755867926.6469443,-3,-10,-82
1755867926.6849446,1,-7,-85
1755867926.7229445,1,-5,-73
1755867926.7619443,1,3,-69
1755867926.7979443,-4,5,-74
1755867926.8349447,0,1,-85
1755867926.8729446,-4,-2,-79
1755867926.9109447,-11,0,-67
1755867926.9469447,-4,-1,-70
1755867926.9849446,-4,0,-78
1755867927.0229447,5,-4,-72
1755867927.0619447,0,-1,-71
1755867927.0979445,-4,-2,-77
1755867927.1359446,2,-4,-61
1755867927.1739447,0,0,-70
1755867927.2119446,-3,3,-59
1755867927.2479446,-4,1,-70
1755867927.2849443,-2,-4,-74
1755867927.3229446,-4,-6,-68
1755867927.361945,-8,0,-64
1755867927.3979447,-7,4,-72
1755867927.4349446,4,4,-60
1755867927.4729445,3,-3,-66
1755867927.5089445,-2,-3,-73
1755867927.5469446,1,4,-59
1755867927.5849447,3,1,-66
1755867927.6229446,8,0,-69
1755867927.6589446,4,-2,-73
1755867927.6959443,4,-3,-74
1755867927.733945,-1,2,-77
1755867927.7729447,-11,-4,-71
1755867927.8089447,-10,2,-71
1755867927.8459446,-1,0,-78
1755867927.884945,8,-8,-67
1755867927.9229443,-2,-6,-70
1755867927.9589446,-3,0,-70
1755867927.9959445,-1,0,-59
1755867928.0339446,-4,-1,-68
1755867928.0729446,2,5,-79
1755867928.108945,11,0,-73
1755867928.1459446,8,-5,-78
1755867928.1849446,-2,-4,-79
1755867928.2229445,0,8,-71
1755867928.2589445,5,6,-72
1755867928.2959447,-2,-1,-70
1755867928.3349447,3,-7,-72
1755867928.3729446,10,-3,-70
1755867928.4089446,8,1,-67
1755867928.4459443,2,2,-66
1755867928.483945,0,0,-69
1755867928.5219443,4,1,-77
1755867928.5579443,1,0,-76
1755867928.5949447,2,0,-62
1755867928.6339445,0,1,-71
1755867928.6719446,0,-5,-67
1755867928.7079446,4,0,-63
1755867928.7449446,4,0,-74
1755867928.7839446,-4,2,-71
1755867928.8219447,-2,-1,-70
1755867928.8579447,0,4,-71
1755867928.894945,6,1,-70
1755867928.9339447,9,1,-71
1755867928.9719446,0,10,-72
1755867929.0079446,-3,3,-71
1755867929.0449443,9,7,-72
1755867929.0839446,8,1,-71
1755867929.121945,7,1,-86
1755867929.157945,4,0,-75
1755867929.1949446,7,1,-75
1755867929.233945,-1,5,-60
1755867929.269945,5,6,-77
1755867929.3079443,0,-2,-76
1755867929.3459446,-1,-4,-77
1755867929.384945,-6,-4,-71
1755867929.4229443,-4,-7,-69
1755867929.4589446,-5,-8,-72
1755867929.4979446,3,-4,-74
1755867929.5349443,-7,-2,-72
1755867929.5739446,-4,-2,-75
1755867929.6099446,-12,0,-61
1755867929.6479447,0,-2,-78
1755867929.6849446,-4,-5,-69
1755867929.723945,4,-6,-65
1755867929.759945,4,0,-64
1755867929.7979443,2,-8,-86
1755867929.8349447,-2,-8,-72
1755867929.8739443,-2,0,-68
1755867929.9099443,-1,-3,-56
1755867929.9479446,6,-5,-53
1755867929.9859445,-6,4,-64
1755867930.0249443,-7,-2,-70
1755867930.062945,0,0,-81
1755867930.098945,7,4,-65
1755867930.1359446,-2,-4,-72
1755867930.1749446,-6,2,-76
1755867930.2129445,-3,-4,-71
1755867930.2489443,0,5,-75
1755867930.2859447,-2,4,-65
1755867930.3249447,-4,9,-67
1755867930.3629446,-9,3,-67
1755867930.3989446,-2,0,-70
1755867930.4359446,0,-2,-66
1755867930.4749446,-10,-3,-61
1755867930.5129447,-3,-2,-76
1755867930.5489447,-3,-5,-76
1755867930.5869446,-1,-1,-81
1755867930.6249447,10,-3,-83
1755867930.6639447,4,-5,-80
1755867930.6999447,1,-1,-88
1755867930.7379446,-4,0,-79
1755867930.7759447,-1,3,-67
1755867930.8149445,-3,-1,-70
1755867930.8529446,-3,1,-77
1755867930.8889446,-6,0,-65
1755867930.9259446,-3,-2,-73
1755867930.9649446,2,0,-88
1755867931.0009446,4,-1,-82
1755867931.0379446,10,0,-63
1755867931.0749447,9,-5,-86
1755867931.1139443,0,-2,-86
1755867931.1499443,0,2,-82
1755867931.187945,-1,-1,-68
1755867931.2249446,-5,-8,-60
1755867931.2639446,-8,-2,-73
1755867931.2999446,-2,-2,-79
1755867931.3379445,-1,2,-72
1755867931.3759446,-5,0,-73
1755867931.4149446,-8,-4,-76
1755867931.450945,-2,4,-82
1755867931.4879446,-3,6,-66
1755867931.5259447,-10,1,-67
1755867931.5649445,-6,-1,-61
1755867931.6009445,-3,0,-67
1755867931.6389446,-1,0,-63
1755867931.6769447,-5,0,-63
1755867931.7159443,-7,1,-64
1755867931.7539446,3,0,-75
1755867931.7899446,3,-9,-79
1755867931.8269446,8,0,-79
1755867931.8649447,4,-3,-67
1755867931.9009447,5,-7,-62
1755867931.937945,1,-1,-66
1755867931.9759445,6,0,-69
1755867932.0139446,1,-1,-75
1755867932.0499446,-2,-2,-79
1755867932.0879445,0,-1,-76
1755867932.1259446,4,-8,-72
1755867932.1649446,3,-4,-83
1755867932.200945,7,-5,-70
1755867932.2379446,9,-11,-62
1755867932.2759447,7,1,-73
1755867932.3139446,0,0,-73
1755867932.3499446,-4,2,-75
1755867932.3879447,3,2,-79
1755867932.4259446,0,0,-85
1755867932.4649446,-3,0,-73
1755867932.5009446,-3,6,-76
1755867932.5379446,-2,2,-71
1755867932.575945,3,3,-69
1755867932.6149447,9,0,-73
1755867932.6509447,8,-5,-74
1755867932.687945,0,0,-73
1755867932.7259445,0,0,-74
1755867932.7619443,-6,0,-78
1755867932.7989447,-3,-3,-73
1755867932.8369446,-7,-3,-72
1755867932.8759446,-6,0,-67
1755867932.9119446,-2,0,-71
1755867932.9489446,8,-3,-67
1755867932.986945,-3,-2,-68
1755867933.0259447,8,4,-64
1755867933.0619447,6,2,-60
1755867933.098945,8,4,-74
1755867933.1359446,3,7,-70
1755867933.1749446,-1,1,-74
1755867933.210945,-5,2,-70
1755867933.2479446,-2,3,-83
1755867933.2859447,-2,1,-72
1755867933.3249447,-1,0,-73
1755867933.3609445,-3,0,-76
1755867933.3979447,-5,-1,-79
1755867933.4359446,1,-3,-81
1755867933.4749446,1,-5,-74
1755867933.5109446,2,1,-77
1755867933.5479443,-5,2,-62
1755867933.5869446,-3,4,-72
1755867933.6249447,6,4,-68
1755867933.6609447,6,0,-75
1755867933.6989446,-1,-2,-77
1755867933.736945,-3,-4,-62
1755867933.7749443,0,3,-60
1755867933.8109446,5,1,-71
1755867933.8479445,-1,0,-73
1755867933.8869443,4,-1,-73
1755867933.9249446,4,6,-79
1755867933.960945,4,2,-67
1755867933.9989443,7,-2,-72
1755867934.0369446,6,4,-73
1755867934.0749447,-1,0,-68
1755867934.1109445,-2,0,-76
1755867934.1489446,-7,-6,-66
1755867934.1869447,-2,-1,-77
1755867934.2249446,7,-3,-77
1755867934.2609446,5,2,-73
1755867934.2989447,-1,0,-79
1755867934.3369446,8,2,-69
1755867934.3749447,0,0,-60
1755867934.4109447,3,2,-69
1755867934.4489446,1,-1,-70
1755867934.486945,-1,-1,-64
1755867934.5249443,-5,-6,-65
1755867934.5609446,1,-5,-63
1755867934.598945,5,-1,-60
1755867934.6369443,2,4,-70
1755867934.6759446,-5,7,-67
1755867934.7119446,2,-1,-82
1755867934.7489443,1,0,-78
1755867934.7869446,9,2,-68
1755867934.8229446,2,-2,-67
1755867934.8599446,-5,0,-84
1755867934.8989446,-6,3,-79
1755867934.9369447,-4,-3,-74
1755867934.9729445,2,-4,-72
1755867935.009945,-2,-1,-68
1755867935.0489447,3,1,-82
1755867935.0869446,-2,1,-65
1755867935.1229446,1,-4,-69
1755867935.1599443,-5,-2,-70
1755867935.1989446,0,5,-67
1755867935.236945,0,1,-71
1755867935.2729447,0,-1,-68
1755867935.3099446,-3,-7,-71
1755867935.3479445,-2,-1,-68
1755867935.3869443,5,-9,-70
1755867935.4229443,4,-2,-63
1755867935.4599447,6,0,-64
1755867935.4979446,4,1,-77
1755867935.5359447,0,1,-82
1755867935.5719447,-2,3,-84
1755867935.608945,-2,1,-87
1755867935.6479447,0,-1,-82
1755867935.6859446,3,-3,-77
1755867935.7219446,-2,0,-64
1755867935.7589445,0,-3,-70
1755867935.7979443,0,-7,-68
1755867935.835945,0,-6,-61
1755867935.871945,7,-2,-65
1755867935.9099443,6,-4,-62
1755867935.9489446,1,2,-66
1755867935.986945,-2,-5,-71
1755867936.0229447,0,-5,-69
1755867936.0689447,4,-6,-75
1755867936.1069446,-1,-5,-81
1755867936.1429446,-2,-5,-70
1755867936.1809447,4,-1,-71
1755867936.2189443,-2,-5,-83
1755867936.2579446,4,-3,-65
1755867936.2939446,3,-1,-58
1755867936.3309443,-3,2,-63
1755867936.3699446,-1,-2,-68
1755867936.407945,-5,-4,-77
1755867936.4439447,-3,0,-71
1755867936.4809446,-1,0,-73
1755867936.5189445,-4,-2,-73
1755867936.5579443,1,-3,-79
1755867936.5939443,3,0,-77
1755867936.6309447,-10,-1,-79
1755867936.6689446,0,-4,-70
1755867936.7079446,-3,0,-70
1755867936.7439446,-2,-2,-76
1755867936.7819445,1,-5,-76
1755867936.8199446,-1,-2,-66
1755867936.8579447,4,0,-72
1755867936.8939445,-1,1,-72
1755867936.9309447,0,-4,-63
1755867936.9699447,-2,-1,-69
1755867937.0079446,-5,3,-69
1755867937.0439446,5,2,-66
1755867937.0809443,5,5,-89
1755867937.1189446,2,0,-76
1755867937.1569445,0,1,-67
1755867937.1929443,-6,-3,-75
1755867937.2309446,-2,-6,-71
1755867937.2689445,0,-8,-71
1755867937.3079443,-8,4,-77
1755867937.3439443,-3,4,-59
1755867937.3809447,-1,0,-67
1755867937.4199443,4,3,-65
1755867937.4579446,-1,0,-66
1755867937.4939446,0,4,-57
1755867937.5309446,-9,4,-68
1755867937.5699446,0,-1,-64
1755867937.6079447,-6,-1,-62
1755867937.6439445,-4,0,-75
1755867937.6819446,-2,-1,-70
1755867937.7199447,-4,2,-80
1755867937.7589445,0,0,-80
1755867937.7969446,0,0,-73
1755867937.8329446,2,-1,-69
1755867937.8699446,-3,2,-71
1755867937.9089446,1,3,-76
1755867937.9469447,0,-6,-77
1755867937.9829447,1,-2,-70
1755867938.019945,1,-2,-65
1755867938.0589447,2,3,-71
1755867938.0969446,1,-1,-77
1755867938.1329446,-3,-4,-72
1755867938.1709447,4,-4,-75
1755867938.2089446,3,7,-79
1755867938.2449446,-9,-1,-78
1755867938.282945,-3,-7,-71
1755867938.3209443,-6,-3,-72
1755867938.358945,-3,2,-70
1755867938.3979447,-2,0,-75
1755867938.4339447,-6,-4,-70
1755867938.4719446,-4,-3,-65
1755867938.509945,-4,3,-77
1755867938.5489447,-2,3,-76
1755867938.5849447,-2,-3,-48
1755867938.6239443,-4,4,-64
1755867938.6609447,-8,0,-71
1755867938.6989446,-3,0,-76
1755867938.7379446,2,2,-77
1755867938.7739446,0,5,-72
1755867938.8109446,-6,0,-76
1755867938.848945,7,2,-71
1755867938.8879447,0,1,-66
1755867938.9239447,7,2,-67
1755867938.960945,2,0,-65
1755867938.9989443,1,1,-63
1755867939.0349443,-3,1,-62
1755867939.0719447,0,-1,-76
1755867939.1099446,1,-1,-68
1755867939.1489446,2,-2,-68
1755867939.1849446,-4,-4,-79
1755867939.2229445,3,3,-74
1755867939.2609446,13,0,-63
1755867939.2999446,8,1,-77
1755867939.3379445,0,-1,-77
1755867939.3739443,4,-3,-76
1755867939.4109447,0,-5,-71
1755867939.4499447,0,-2,-73
1755867939.4879446,-5,1,-70
1755867939.5239446,-2,1,-62
1755867939.5609446,-7,0,-74
1755867939.5999446,4,0,-76
1755867939.6379447,3,4,-78
1755867939.6739447,1,0,-65
1755867939.710945,2,-3,-69
1755867939.7499447,1,0,-64
1755867939.7879446,1,-2,-66
1755867939.8239446,0,-3,-76
1755867939.8609445,2,-2,-74
1755867939.8999443,1,-5,-70
1755867939.9359446,2,-5,-71
1755867939.973945,6,4,-80
1755867940.0109446,0,2,-79
1755867940.0489447,-1,1,-73
1755867940.0849447,7,2,-64
1755867940.121945,7,-3,-77
1755867940.1609447,3,5,-76
1755867940.1989446,0,10,-74
1755867940.2349446,3,2,-76
1755867940.2729447,-2,9,-65
1755867940.3109446,0,7,-66
1755867940.348945,1,0,-66
1755867940.384945,-1,-3,-70
1755867940.4239447,-6,6,-72
1755867940.460945,-1,4,-65
1755867940.4999447,2,2,-85
1755867940.5359447,1,-1,-80
1755867940.5729446,6,-4,-72
1755867940.611945,4,0,-77
1755867940.6499443,5,-2,-77
1755867940.6859446,2,0,-79
1755867940.7229445,10,-2,-79
1755867940.7609446,4,3,-84
1755867940.7989447,-4,2,-66
1755867940.8349447,2,-3,-66
1755867940.8739443,2,-3,-66
1755867940.9109447,2,-2,-76
1755867940.9499447,0,-4,-72
1755867940.9859445,-2,-6,-76
1755867941.0239446,1,1,-64
1755867941.0609446,-2,1,-77
1755867941.0999446,2,0,-74
1755867941.1359446,1,-5,-79
1755867941.1729443,-3,-4,-80
1755867941.210945,-1,-2,-65
1755867941.2499447,0,-1,-76
1755867941.2859447,4,-7,-80
1755867941.3229446,-6,-1,-64
1755867941.3609445,0,0,-65
1755867941.3989446,-4,3,-76
1755867941.4349446,0,-1,-73
1755867941.473945,0,0,-72
1755867941.5109446,2,6,-83
1755867941.5489447,2,3,-80
1755867941.5849447,2,1,-74
1755867941.621945,5,-6,-57
1755867941.6609447,4,-8,-66
1755867941.6989446,-2,0,-64
1755867941.7349446,-2,-4,-68
1755867941.7729447,0,-2,-70
1755867941.8109446,-5,-3,-63
1755867941.8499446,-2,-5,-68
1755867941.8859446,0,-3,-66
1755867941.9239447,4,0,-61
1755867941.960945,1,-4,-74
1755867941.9999447,3,2,-72
1755867942.0359447,7,3,-70
1755867942.0729446,3,0,-66
1755867942.1109445,4,-4,-88
1755867942.1499443,-2,1,-83
1755867942.1859446,4,1,-73
1755867942.2229445,0,-4,-79
1755867942.2609446,-4,-2,-69
1755867942.2999446,-1,-3,-71
1755867942.335945,0,-2,-78
1755867942.3739443,-1,-3,-58
1755867942.4109447,-3,-5,-63
1755867942.4499447,1,-6,-67
1755867942.4859445,2,-10,-71
1755867942.5229447,-2,1,-71
1755867942.5619447,0,0,-69
1755867942.5999446,-2,0,-73
1755867942.6359446,0,4,-70
1755867942.6729443,1,2,-79
1755867942.7119446,-7,0,-65
1755867942.7499447,-2,-2,-72
1755867942.7859447,-5,-4,-64
1755867942.8239446,-3,-7,-61
1755867942.861945,-1,-10,-73
1755867942.9009447,-3,-7,-67
1755867942.9369447,-6,-4,-69
1755867942.9749446,-5,-6,-67
1755867943.0129447,4,0,-70
1755867943.0509446,4,-5,-72
1755867943.0869446,6,-8,-72
1755867943.1239443,7,0,-73
1755867943.1619446,2,2,-72
1755867943.1999447,-5,3,-60
1755867943.2359445,0,4,-68
1755867943.2739446,-1,0,-70
1755867943.3119447,2,-5,-76
1755867943.3499446,0,0,-70
1755867943.3859446,-6,-3,-71
1755867943.4239447,-4,1,-69
1755867943.4619446,0,2,-72
1755867943.4999447,1,-2,-73
1755867943.5359447,1,3,-73
1755867943.5729446,1,1,-84
1755867943.611945,1,-6,-75
1755867943.6479447,8,-5,-72
1755867943.6849446,13,-9,-67
1755867943.723945,2,-4,-85
1755867943.7619443,-2,0,-69
1755867943.7979443,-1,-3,-73
1755867943.835945,-1,-9,-61
1755867943.8739443,-1,-2,-76
1755867943.9119446,0,2,-75
1755867943.9479446,-2,0,-68
1755867943.9849446,-1,-2,-70
1755867944.0239446,0,1,-70
1755867944.0619447,8,-2,-67
1755867944.0979445,2,-1,-72
1755867944.1359446,0,-6,-73
1755867944.1739447,0,-6,-80
1755867944.2119446,-3,-3,-81
1755867944.2509446,0,0,-76
1755867944.2869446,0,0,-72
1755867944.3239446,3,9,-72
1755867944.3629446,2,3,-73
1755867944.4009447,-4,-1,-86
1755867944.4369447,1,-1,-81
1755867944.473945,-1,-5,-65
1755867944.5129447,-2,-4,-75
1755867944.5509446,0,0,-79
1755867944.5869446,-2,-4,-70
1755867944.6249447,-4,0,-76
1755867944.6629446,1,3,-73
1755867944.700945,2,-2,-69
1755867944.736945,0,-2,-78
1755867944.7739446,-4,0,-60
1755867944.812945,0,-1,-65
1755867944.8509445,4,-5,-60
1755867944.8869443,-4,-8,-60
1755867944.9249446,2,6,-64
1755867944.9629445,4,-4,-62
1755867945.0009446,-3,-1,-70
1755867945.0369446,4,2,-62
1755867945.0739446,-4,4,-66
1755867945.1129446,6,8,-76
1755867945.1509447,9,2,-75
1755867945.1869447,6,1,-85
1755867945.223945,5,2,-82
1755867945.2619443,2,-1,-84
1755867945.2979443,0,3,-83
1755867945.3349447,0,-1,-66
1755867945.3729446,5,4,-79
1755867945.4119446,3,-5,-71
1755867945.4479446,0,4,-78
1755867945.4849446,1,6,-77
1755867945.5229447,-1,1,-58
1755867945.5589447,-6,-5,-62
1755867945.5969446,0,-2,-72
1755867945.634945,3,-1,-68
1755867945.6729443,-2,5,-73
1755867945.7119446,5,-2,-69
1755867945.7479446,-1,-1,-72
1755867945.7869446,4,2,-72
1755867945.8239446,8,1,-87
1755867945.861945,-4,-1,-74
1755867945.8979447,-1,-6,-74
1755867945.9369447,3,-9,-71
1755867945.973945,0,-7,-66
1755867946.0129447,-1,3,-67
1755867946.0489447,-3,2,-70
1755867946.0949447,-1,0,-68
1755867946.1329446,-3,0,-59
1755867946.1689446,-2,-3,-65
1755867946.2069447,-6,0,-65
1755867946.2449446,0,1,-74
1755867946.2839446,4,-1,-75
1755867946.3219447,4,1,-67
1755867946.3579447,2,-5,-74
1755867946.394945,-2,3,-79
1755867946.4339447,-3,-3,-83
1755867946.4719446,4,0,-74
1755867946.5079446,3,4,-75
1755867946.5449443,-2,3,-79
1755867946.5829446,-3,-1,-64
1755867946.6189446,0,2,-80
1755867946.6559446,5,1,-78
1755867946.6939447,-2,4,-79
1755867946.7329447,-5,-1,-72
1755867946.7689445,-4,0,-65
1755867946.8059447,2,-4,-71
1755867946.8439443,-5,-2,-72
1755867946.8829446,0,-3,-72
1755867946.9189446,0,-6,-59
1755867946.9559443,-6,-1,-69
1755867946.9939446,-3,1,-68
1755867947.032945,1,-3,-71
1755867947.0689447,8,-7,-72
1755867947.1069446,1,-5,-60
1755867947.144945,1,-2,-65
1755867947.1839447,0,0,-77
1755867947.2199447,-7,-6,-67
1755867947.2579446,-7,-8,-61
1755867947.2959447,-8,-2,-80
1755867947.3339446,-5,-2,-74
1755867947.3729446,-8,0,-76
1755867947.4089446,0,0,-77
1755867947.4459443,8,-4,-73
1755867947.483945,2,1,-68
1755867947.519945,0,2,-73
1755867947.5579443,-1,1,-68
1755867947.5949447,-2,2,-75
1755867947.6339445,-1,-2,-73
1755867947.6699443,0,0,-67
1755867947.7069447,0,0,-74
1755867947.7439446,7,2,-74
1755867947.779945,0,-3,-74
1755867947.8179443,0,0,-79
1755867947.8549447,0,-2,-80
1755867947.8939445,-3,2,-83
1755867947.9299445,-2,-2,-77
1755867947.9679446,2,1,-69
1755867948.0049446,-2,0,-76
1755867948.0439446,0,-1,-67
1755867948.0799446,4,1,-72
1755867948.1169446,2,3,-73
1755867948.154945,-5,-5,-74
1755867948.1929443,0,-6,-77
1755867948.2289443,-2,-1,-71
1755867948.2669446,0,-2,-65
1755867948.3049445,3,2,-65
1755867948.3439443,8,1,-64
1755867948.3799446,1,1,-61
1755867948.4169445,-5,0,-63
1755867948.4549446,-6,-8,-70
1755867948.4939446,-2,-1,-81
1755867948.529945,-7,-6,-71
1755867948.5679443,-2,-5,-69
1755867948.6059446,1,-4,-75
1755867948.644945,0,-4,-80
1755867948.6829443,-1,-4,-78
1755867948.7189443,0,-6,-78
1755867948.7579446,-2,0,-73
1755867948.7949443,0,2,-73
1755867948.8329446,-6,0,-78
1755867948.8689446,2,-3,-77
1755867948.907945,2,-3,-68
1755867948.9449446,-1,-6,-86
1755867948.983945,1,0,-75
1755867949.019945,-3,-2,-72
1755867949.0579443,-1,0,-67
1755867949.0959446,1,1,-78
1755867949.1339445,0,-5,-76
1755867949.1699443,0,-2,-72
1755867949.2079446,1,-1,-77
1755867949.2449446,4,1,-74
1755867949.2809446,7,0,-65
1755867949.3189447,3,-5,-73
1755867949.3579447,7,4,-56
1755867949.394945,1,0,-72
1755867949.4309447,-3,-2,-67
1755867949.4689443,1,-7,-63
1755867949.5079446,0,-7,-66
1755867949.5449443,-2,-6,-66
1755867949.5839446,0,1,-64
1755867949.6199446,3,0,-70
1755867949.6569445,1,2,-72
1755867949.6959443,2,6,-84
1755867949.733945,1,2,-73
1755867949.769945,0,3,-73
1755867949.8069446,-1,4,-71
1755867949.8459446,-3,6,-75
1755867949.8839445,0,1,-68
1755867949.9199443,-2,1,-79
1755867949.9569447,2,4,-76
1755867949.9959445,4,0,-73
1755867950.0339446,-6,1,-73
1755867950.0699446,-2,0,-65
1755867950.1069446,5,-5,-71
1755867950.1459446,4,-3,-64
1755867950.1839447,2,2,-69
1755867950.2199447,-1,-4,-76
1755867950.2579446,0,1,-87
1755867950.2959447,6,-1,-79
1755867950.3339446,4,5,-75
1755867950.3699446,2,2,-75
1755867950.4069445,4,-6,-62
1755867950.4459443,9,1,-70
1755867950.483945,4,7,-75
1755867950.519945,2,10,-57
1755867950.5569446,4,11,-73
1755867950.5959446,8,7,-59
1755867950.6339445,3,0,-72
1755867950.6699443,3,1,-74
1755867950.7079446,3,-1,-75
1755867950.7459445,1,1,-79
1755867950.7819445,-1,0,-79
1755867950.8189447,-2,-1,-86
1755867950.8569446,-1,-1,-76
1755867950.8959446,0,-3,-72
1755867950.9319446,-2,-3,-69
1755867950.9699447,1,1,-69
1755867951.0079446,0,2,-80
1755867951.0459447,-1,0,-75
1755867951.0849447,2,0,-67
1755867951.1209445,1,-3,-63
1755867951.157945,-3,2,-61
1755867951.1959443,0,-1,-76
1755867951.2349446,-4,5,-65
1755867951.2709446,4,4,-67
1755867951.3079443,8,2,-66
1755867951.3459446,5,0,-67
1755867951.381945,2,-1,-59
1755867951.4189446,2,-4,-73
1755867951.4579446,1,3,-81
1755867951.4959445,-2,0,-74
1755867951.5319445,-3,1,-74
1755867951.5689447,0,2,-78
1755867951.6069446,0,-1,-75
1755867951.644945,4,-4,-72
1755867951.6809447,-2,-5,-68
1755867951.7189443,4,-3,-71
1755867951.756945,0,-1,-53
1755867951.7959447,1,2,-64
1755867951.8319447,2,1,-60
1755867951.8689446,0,4,-64
1755867951.9069445,3,1,-73
1755867951.9449446,6,3,-78
1755867951.9809446,7,5,-71
1755867952.0189445,-3,0,-75
1755867952.0569446,-3,-3,-73
1755867952.0959446,0,2,-77
1755867952.131945,4,-1,-72
1755867952.1689446,1,-6,-79
1755867952.2069447,-7,-3,-85
1755867952.2459445,2,-4,-78
1755867952.2819445,2,2,-73
1755867952.3189447,1,-4,-78
1755867952.3569446,0,-5,-68
1755867952.3959446,-4,-10,-65
1755867952.4319446,3,0,-64
1755867952.4689443,8,1,-72
1755867952.506945,1,2,-72
1755867952.5459447,1,0,-64
1755867952.5819447,3,-3,-68
1755867952.6189446,4,-2,-67
1755867952.6569445,0,0,-75
1755867952.6969447,-1,7,-88
1755867952.7329447,-4,5,-80
1755867952.7709446,0,2,-62
1755867952.8079443,9,0,-73
1755867952.8459446,6,-2,-72
1755867952.881945,2,-5,-86
1755867952.9189446,2,2,-79
1755867952.9569447,-4,-1,-74
1755867952.9929447,2,2,-71
1755867953.0309446,1,-5,-81
1755867953.0689447,1,-6,-73
1755867953.1079447,0,-4,-68
1755867953.1459446,0,-3,-77
1755867953.1819446,6,-4,-67
1755867953.2189443,7,-3,-69
1755867953.256945,8,-7,-69
1755867953.2959447,0,-1,-81
1755867953.3319447,1,-2,-68
1755867953.3689446,0,-5,-85
1755867953.407945,-2,7,-80
1755867953.4459443,0,-3,-67
1755867953.4819446,2,1,-56
1755867953.5189445,3,2,-60
1755867953.5579443,-4,1,-68
1755867953.5959446,4,0,-84
1755867953.631945,5,2,-75
1755867953.6689446,3,0,-67
1755867953.7069447,-1,0,-82
1755867953.7429447,-3,-4,-68
1755867953.7809446,-1,-8,-67
1755867953.8189447,0,-9,-72
1755867953.8579447,6,-5,-68
1755867953.8959446,2,-5,-65
1755867953.9319446,-2,-2,-60
1755867953.9709446,-6,-2,-73
1755867954.0079446,1,2,-76
1755867954.0459447,1,5,-70
1755867954.0819447,7,6,-82
1755867954.1189446,3,4,-71
1755867954.1569445,-2,-3,-73
1755867954.1929443,-1,-1,-72
1755867954.2319446,4,-3,-69
1755867954.2709446,9,-5,-59
1755867954.3079443,5,-6,-81
1755867954.3469446,1,-5,-77
1755867954.3829446,3,-3,-75
1755867954.4209447,14,-6,-81
1755867954.4589446,9,3,-66
1755867954.496945,0,2,-76
1755867954.532945,3,-3,-75
1755867954.5709443,2,7,-76
1755867954.6079447,-2,-2,-84
1755867954.6469443,-1,4,-72
1755867954.6829443,0,9,-64
1755867954.7199447,0,5,-63
1755867954.7589445,0,1,-58
1755867954.7969446,-3,-1,-59
1755867954.8339446,0,-3,-56
1755867954.8709445,7,0,-62
1755867954.9089446,4,-4,-62
1755867954.9469447,2,-8,-65
1755867954.9829447,-3,0,-73
1755867955.0209446,6,1,-70
1755867955.0589447,-2,-7,-56
1755867955.0969446,-1,0,-60
1755867955.1329446,-4,-5,-72
1755867955.1709447,-3,-6,-69
1755867955.2089446,3,-6,-79
1755867955.2479446,2,-6,-77
1755867955.2839446,4,-2,-81
1755867955.3209443,-3,2,-70
1755867955.358945,-5,2,-73
1755867955.3979447,-3,-4,-73
1755867955.4339447,-4,-3,-74
1755867955.4719446,-7,-3,-69
1755867955.509945,-2,-4,-68
1755867955.5489447,-3,0,-83
1755867955.5869446,-6,0,-69
1755867955.6229446,-3,-2,-66
1755867955.6609447,1,-3,-67
1755867955.6989446,-3,-5,-70
1755867955.7379446,-2,1,-76
1755867955.7739446,-7,2,-71
1755867955.8119447,1,1,-69
1755867955.848945,0,0,-62
1755867955.8869443,5,7,-74
1755867955.9229443,3,-2,-69
1755867955.960945,2,1,-71
1755867955.9989443,6,1,-73
1755867956.0369446,0,4,-65
1755867956.0729446,-4,-4,-75
1755867956.1189446,-4,5,-69
1755867956.154945,1,-2,-71
1755867956.1919446,2,-4,-70
1755867956.2299447,0,0,-72
1755867956.2679446,-4,1,-76
1755867956.3039446,1,1,-75
1755867956.3419447,-3,-6,-66
1755867956.3789446,0,-10,-74
1755867956.417945,3,-4,-75
1755867956.4539447,4,-1,-65
1755867956.4909446,0,-5,-69
1755867956.5289447,-8,-3,-72
1755867956.5679443,1,1,-71
1755867956.6039443,2,-3,-72
1755867956.6409447,2,4,-81
1755867956.6789446,-2,6,-76
1755867956.7179446,-7,3,-75
1755867956.7539446,-2,-5,-73
1755867956.7919445,1,-1,-77
1755867956.8299446,0,-6,-69
1755867956.8689446,-2,-2,-69
1755867956.904945,-1,1,-68
1755867956.9419446,0,-6,-77
1755867956.9799447,2,-3,-73
1755867957.0189445,5,-5,-77
1755867957.0549445,-3,-2,-76
1755867957.0929446,-6,1,-77
1755867957.1309447,-5,5,-72
1755867957.1699443,-5,0,-63
1755867957.2079446,0,-6,-73
1755867957.2449446,-4,-5,-68
1755867957.2819445,-2,2,-75
1755867957.3199446,0,-4,-74
1755867957.358945,-4,0,-75
1755867957.394945,-2,4,-74
1755867957.4319446,0,-4,-70
1755867957.4699447,0,0,-80
1755867957.5079446,3,4,-76
1755867957.5439446,5,3,-78
1755867957.5809443,7,1,-79
1755867957.6189446,3,9,-70
1755867957.654945,-6,0,-67
1755867957.6919446,0,0,-74
1755867957.7299447,6,3,-81
1755867957.7679446,7,-1,-76
1755867957.8039446,3,0,-87
1755867957.8409443,2,-1,-81
1755867957.8799446,-6,-2,-79
1755867957.917945,-2,2,-65
1755867957.9549446,-7,0,-74
1755867957.9919446,0,2,-76
1755867958.029945,0,1,-78
1755867958.065945,0,0,-71
1755867958.1039443,3,2,-76
1755867958.1409447,6,1,-70
1755867958.1789446,4,-9,-66
1755867958.2149446,1,-7,-69
1755867958.2529447,5,-3,-66
1755867958.2909446,0,-4,-55
1755867958.3299446,0,-1,-59
1755867958.3659446,1,3,-54
1755867958.4039447,0,7,-68
1755867958.440945,-7,7,-76
1755867958.4799447,-4,-2,-72
1755867958.5159447,-1,-4,-75
1755867958.5539446,-3,3,-72
1755867958.5929446,-1,1,-74
1755867958.6299446,0,5,-74
1755867958.6689446,1,1,-71
1755867958.7049446,-2,0,-73
1755867958.7429447,1,-3,-78
1755867958.7809446,4,-4,-69
1755867958.8189447,0,-5,-72
1755867958.8549447,0,-2,-65
1755867958.8919446,-2,0,-72
1755867958.9309447,0,-2,-62
1755867958.9689443,-2,-4,-71
1755867959.0049446,-1,2,-80
1755867959.0419445,0,0,-74
1755867959.0809443,0,-1,-73
1755867959.1189446,5,1,-85
1755867959.154945,1,2,-80
1755867959.1919446,-6,2,-68
1755867959.2309446,-3,6,-65
1755867959.2689445,4,-6,-63
1755867959.3049445,2,-2,-71
1755867959.3429446,2,1,-83
1755867959.3809447,4,-8,-79
1755867959.4189446,1,0,-73
1755867959.4549446,0,4,-68
1755867959.4919446,5,0,-69
1755867959.529945,-2,-5,-76
1755867959.565945,-4,0,-83
1755867959.6039443,0,2,-83
1755867959.6409447,2,0,-88
1755867959.6799445,7,1,-81
1755867959.7159443,-4,4,-75
1755867959.7539446,7,1,-80
1755867959.7909446,0,-1,-75
1755867959.8299446,-8,-5,-77
1755867959.8659446,-4,-5,-75
1755867959.9039447,-3,-3,-73
1755867959.9419446,-1,-6,-71
1755867959.9809446,-2,-7,-81
1755867960.0169446,-5,-2,-78
1755867960.0549445,0,-1,-75
1755867960.0939443,0,-3,-66
1755867960.1309447,3,-4,-62
1755867960.1699443,2,2,-76
1755867960.2059443,1,1,-78
1755867960.2439446,2,-2,-78
1755867960.2809446,-2,0,-59
1755867960.3199446,1,0,-77
1755867960.3559446,1,-3,-67
1755867960.3939445,-2,1,-61
1755867960.4319446,0,-7,-74
1755867960.4709446,0,0,-60
1755867960.506945,-5,4,-75
1755867960.5449443,4,6,-73
1755867960.5819447,1,-3,-77
1755867960.6209445,0,-5,-74
1755867960.6569445,0,-4,-69
1755867960.6939447,4,-9,-67
1755867960.7319446,-1,-1,-82
1755867960.7709446,0,-2,-72
1755867960.8069446,0,1,-54
1755867960.8439443,-7,2,-66
1755867960.881945,-2,2,-65
1755867960.9209447,-2,6,-80
1755867960.9569447,0,1,-85
1755867960.9939446,4,8,-83
1755867961.0319445,1,0,-82
1755867961.0699446,4,-3,-81
1755867961.1059446,2,-2,-80
1755867961.1439445,-4,-6,-76
1755867961.1819446,1,-1,-74
1755867961.2199447,2,6,-83
1755867961.2559447,13,0,-82
1755867961.2939446,13,-4,-79
1755867961.3319447,4,-7,-63
1755867961.3699446,-1,-4,-65
1755867961.4059446,-3,-7,-75
1755867961.4439447,1,1,-75
1755867961.4819446,0,-3,-73
1755867961.5209446,4,0,-81
1755867961.5569446,1,2,-77
1755867961.5939443,0,3,-76
1755867961.631945,4,4,-65
1755867961.667945,3,4,-65
1755867961.7049446,2,3,-71
1755867961.7429447,-6,0,-82
1755867961.7819445,-2,1,-75
1755867961.8179443,0,-3,-79
1755867961.8549447,1,-4,-71
1755867961.8929446,-2,4,-82
1755867961.9319446,-6,2,-77
1755867961.9679446,0,-4,-66
1755867962.0059447,1,-4,-70
1755867962.0439446,-6,-3,-65
1755867962.0819447,-1,0,-74
1755867962.1209445,-3,0,-83
1755867962.1569445,2,0,-76
1755867962.1939447,2,4,-80
1755867962.2319446,-1,1,-83
1755867962.2679446,0,1,-75
1755867962.3049445,0,-2,-71
1755867962.3429446,1,-1,-69
1755867962.381945,-4,5,-67
1755867962.417945,-2,0,-56
1755867962.4569447,-1,0,-64
1755867962.4939446,-2,-2,-68
1755867962.532945,-4,1,-67
1755867962.5709443,4,-5,-74
1755867962.6069446,3,-5,-74
1755867962.6439445,4,-8,-78
1755867962.6829443,6,-6,-72
1755867962.7209446,11,-3,-79
1755867962.756945,3,1,-84
1755867962.7949443,3,1,-70
1755867962.8329446,-4,0,-75
1755867962.8709445,0,0,-67
1755867962.9069445,-3,-7,-71
1755867962.9449446,-2,0,-79
1755867962.9829447,-3,-1,-80
1755867963.0219443,6,8,-91
1755867963.0579443,1,8,-78
1755867963.0949447,-3,3,-80
1755867963.1329446,-2,0,-79
1755867963.1719446,3,1,-80
1755867963.2079446,1,3,-74
1755867963.2449446,1,4,-86
1755867963.282945,-1,2,-72
1755867963.3219447,-1,-1,-72
1755867963.3579447,-5,1,-67
1755867963.394945,4,-2,-77
1755867963.4329443,0,6,-65
1755867963.4689443,-2,7,-76
1755867963.5059447,-2,-1,-82
1755867963.5449443,-3,-2,-63
1755867963.5829446,3,8,-78
1755867963.6189446,4,-1,-76
1755867963.6559446,-2,-1,-69
1755867963.6939447,-7,-10,-65
1755867963.7329447,-6,-3,-72
1755867963.7689445,1,-5,-78
1755867963.8059447,-4,-3,-70
1755867963.8439443,-4,-9,-77
1755867963.8829446,1,-8,-71
1755867963.9189446,1,-5,-66
1755867963.9559443,-3,1,-69
1755867963.9949446,-2,-5,-64
1755867964.032945,3,1,-79
1755867964.0689447,0,1,-74
1755867964.1059446,4,5,-60
1755867964.144945,6,3,-67
1755867964.1829443,3,3,-77
1755867964.2189443,-2,3,-82
1755867964.2559447,1,3,-69
1755867964.2939446,1,0,-68
1755867964.3319447,-9,0,-67
1755867964.3689446,-1,2,-65
1755867964.4059446,6,7,-67
1755867964.4439447,10,-2,-61
1755867964.4819446,6,0,-71
1755867964.5179446,4,1,-70
1755867964.5559447,-5,2,-63
1755867964.5949447,-1,-4,-70
1755867964.6329446,1,-5,-77
1755867964.6689446,-1,1,-81
1755867964.7059443,4,-1,-80
1755867964.7439446,0,-4,-72
1755867964.782945,-4,-3,-64
1755867964.8189447,0,-4,-64
1755867964.8559446,3,-7,-61
1755867964.8939445,3,-6,-69
1755867964.9329443,13,-4,-70
1755867964.9689443,7,-8,-58
1755867965.0059447,4,-6,-66
1755867965.0439446,9,0,-65
1755867965.0829446,5,-1,-75
1755867965.1189446,7,0,-72
1755867965.1559446,6,0,-76
1755867965.1939447,6,1,-79
1755867965.2329447,-4,0,-74
1755867965.2689445,-4,-7,-64
1755867965.3069446,-2,0,-64
1755867965.3449447,0,-1,-67
1755867965.3839445,5,5,-75
1755867965.4209447,3,4,-78
1755867965.4579446,0,-1,-70
1755867965.4959445,0,-2,-75
1755867965.5339446,-1,1,-87
1755867965.5729446,-3,-3,-77
1755867965.608945,-7,-4,-71
1755867965.6469443,-7,0,-70
1755867965.6849446,-1,-2,-62
1755867965.723945,1,3,-81
1755867965.7609446,1,4,-75
1755867965.7989447,1,2,-78
1755867965.835945,-3,1,-74
1755867965.8749447,0,-6,-61
1755867965.9129446,-4,-2,-57
1755867965.9489446,-2,-1,-67
1755867965.986945,-3,-3,-78
1755867966.0249443,2,-1,-73
1755867966.0639446,8,1,-76
1755867966.0999446,-2,4,-73
1755867966.1459446,-1,7,-73
1755867966.1839447,0,5,-72
1755867966.2199447,11,3,-68
1755867966.256945,0,0,-71
1755867966.2949443,3,-1,-63
1755867966.3339446,1,0,-74
1755867966.3699446,2,0,-76
1755867966.407945,4,-3,-90
1755867966.4459443,3,-5,-72
1755867966.4849446,-3,0,-70
1755867966.5229447,-11,1,-66
1755867966.5589447,-6,0,-61
1755867966.5959446,-1,-2,-69
1755867966.634945,0,0,-69
1755867966.6729443,-4,-4,-65
1755867966.7089446,-3,4,-69
1755867966.7459445,2,2,-71
1755867966.7839446,-4,3,-67
1755867966.8199446,4,1,-77
1755867966.8569446,-2,-6,-74
1755867966.8959446,6,2,-75
1755867966.9339447,9,-2,-77
1755867966.9699447,4,-4,-73
1755867967.006945,-1,-2,-75
1755867967.0449443,-5,-4,-78
1755867967.0839446,-4,-6,-77
1755867967.1199446,-2,-6,-68
1755867967.157945,2,2,-57
1755867967.1949446,8,-3,-66
1755867967.233945,6,-3,-72
1755867967.269945,3,0,-72
1755867967.3069446,1,-7,-68
1755867967.3459446,-5,-3,-60
1755867967.3839445,2,3,-69
1755867967.4199443,1,0,-80
1755867967.4569447,1,0,-73
1755867967.4949446,-6,-3,-77
1755867967.5309446,-8,-7,-73
1755867967.5689447,0,3,-81
1755867967.6069446,6,3,-67
1755867967.644945,6,0,-67
1755867967.6809447,0,1,-58
1755867967.7179446,-1,2,-62
1755867967.7559447,-1,-8,-69
1755867967.7949443,3,-6,-63
1755867967.8309443,5,2,-62
1755867967.8689446,0,1,-79
1755867967.9069445,0,13,-78
1755867967.9449446,6,2,-74
1755867967.9809446,1,4,-73
1755867968.0179446,2,0,-69
1755867968.0559447,-2,-5,-75
1755867968.0939443,-3,2,-75
1755867968.1299446,-8,0,-76
1755867968.1669445,-12,2,-70
1755867968.2059443,2,0,-65
1755867968.2439446,-6,-1,-82
1755867968.279945,0,4,-70
1755867968.3169446,0,-2,-66
1755867968.3559446,-7,0,-77
1755867968.3939445,-2,0,-71
1755867968.4299445,3,-10,-72
1755867968.4669447,0,-8,-80
1755867968.5059447,0,-5,-67
1755867968.5439446,0,-2,-75
1755867968.5809443,1,2,-72
1755867968.6179447,-1,-1,-70
1755867968.6559446,0,2,-85
1755867968.6919446,-3,2,-83
1755867968.7299447,3,-10,-82
1755867968.7669446,-3,-3,-84
1755867968.8059447,4,-4,-81
1755867968.8419447,1,-5,-71
1755867968.8799446,2,-5,-70
1755867968.9169445,2,0,-66
1755867968.9549446,-1,0,-57
1755867968.9909446,-8,3,-67
1755867969.0279446,-2,2,-65
1755867969.065945,4,0,-71
1755867969.1049447,1,1,-71
1755867969.1409447,12,-2,-74
1755867969.177945,6,0,-78
1755867969.2169447,0,0,-73
1755867969.2549446,2,0,-79
1755867969.2909446,4,-6,-66
1755867969.3279445,0,-5,-66
1755867969.3659446,4,1,-72
1755867969.404945,-2,1,-65
1755867969.440945,-2,0,-64
1755867969.4779446,-4,2,-69
1755867969.5169446,-3,0,-72
1755867969.5549445,-6,2,-63
1755867969.5909443,-3,-1,-77
1755867969.6289446,9,0,-80
1755867969.6669445,4,7,-80
1755867969.7049446,2,2,-77
1755867969.7409446,0,0,-82
1755867969.7779446,-5,-2,-76
1755867969.8169446,0,-5,-88
1755867969.8549447,2,-2,-77
1755867969.8909447,-3,0,-71
1755867969.927945,-8,4,-73
1755867969.9669447,-6,2,-77
1755867970.0049446,-4,0,-73
1755867970.0409446,0,5,-65
1755867970.0779445,3,0,-66
1755867970.1169446,-4,0,-72
1755867970.154945,3,6,-81
1755867970.190945,0,-7,-74
1755867970.2299447,0,-5,-71
1755867970.2669446,7,0,-68
1755867970.3049445,-1,-4,-70
1755867970.3409443,-3,0,-69
1755867970.3789446,-2,3,-67
1755867970.4169445,0,5,-70
1755867970.4559443,-3,5,-69
1755867970.4919446,2,-3,-69
1755867970.5289447,0,1,-69
1755867970.5669446,2,0,-70
1755867970.6029446,5,0,-78
1755867970.6409447,2,-5,-66
1755867970.6789446,1,-7,-75
1755867970.7169447,5,0,-62
1755867970.7529447,2,1,-68
1755867970.7909446,2,-7,-66
1755867970.8299446,0,-6,-71
1755867970.8669446,0,0,-77
1755867970.9029446,8,-2,-68
1755867970.940945,3,0,-77
1755867970.9789443,3,1,-64
1755867971.0169446,2,0,-90
1755867971.052945,-2,-6,-75
1755867971.0909443,1,-2,-72
1755867971.1289446,-3,0,-71
1755867971.1669445,2,0,-68
1755867971.2029445,7,-2,-75
1755867971.2409446,8,-4,-59
1755867971.2789447,6,-4,-63
1755867971.3179443,2,5,-79
1755867971.3559446,-4,-4,-81
1755867971.3919446,-7,-2,-86
1755867971.4299445,0,6,-78
1755867971.4679446,1,0,-68
1755867971.506945,1,0,-68
1755867971.542945,3,-3,-64
1755867971.5809443,1,-5,-68
1755867971.6179447,2,-8,-76
1755867971.6569445,2,-4,-61
1755867971.6929443,-1,-5,-66
1755867971.7309446,-8,0,-70
1755867971.7689445,0,-6,-67
1755867971.8079443,0,-4,-67
1755867971.8459446,-2,5,-63
1755867971.881945,4,3,-61
1755867971.9189446,4,0,-70
1755867971.9569447,0,3,-62
1755867971.9929447,-6,8,-64
1755867972.0309446,1,-1,-73
1755867972.0689447,0,1,-61
1755867972.1069446,-5,4,-64
1755867972.1429446,-5,-3,-68
1755867972.1809447,-6,-4,-61
1755867972.2189443,1,2,-71
1755867972.256945,-3,3,-68
1755867972.292945,-3,-1,-70
1755867972.3309443,-2,-5,-70
1755867972.3689446,0,0,-73
1755867972.4069445,3,0,-70
1755867972.4429443,-8,1,-65
1755867972.4809446,-3,2,-67
1755867972.5179446,0,-1,-74
1755867972.5569446,8,-7,-77
1755867972.5929446,8,-3,-78
1755867972.6309447,-1,-3,-71
1755867972.667945,-8,1,-68
1755867972.7069447,-4,-1,-66
1755867972.7429447,-6,2,-74
1755867972.7809446,-6,-3,-59
1755867972.8179443,-1,-4,-60
1755867972.8569446,2,0,-60
1755867972.8929446,5,3,-65
1755867972.9299445,-6,3,-68
1755867972.9679446,-2,1,-71
1755867973.006945,0,-3,-67
1755867973.042945,-1,-2,-79
1755867973.0809443,-3,-1,-79
1755867973.1189446,-1,0,-68
1755867973.157945,-9,-2,-68
1755867973.1939447,-2,-1,-77
1755867973.2319446,0,-1,-72
1755867973.269945,-5,3,-77
1755867973.3089447,1,-1,-71
1755867973.3469446,0,-6,-65
1755867973.3829446,1,-10,-72
1755867973.4219446,3,-5,-74
1755867973.4589446,8,-3,-76
1755867973.4979446,6,-5,-69
1755867973.5339446,2,4,-79
1755867973.5709443,-8,4,-68
1755867973.608945,-1,4,-71
1755867973.6479447,-1,4,-74
1755867973.6839447,-1,-3,-74
1755867973.7219446,3,-3,-80
1755867973.759945,-1,-5,-78
1755867973.7989447,0,3,-71
1755867973.8369446,7,1,-65
1755867973.8729446,2,2,-72
1755867973.9099443,-4,0,-75
1755867973.9489446,-3,-3,-62
1755867973.986945,-4,-3,-60
1755867974.0229447,1,0,-57
1755867974.0599446,-3,5,-73
1755867974.098945,0,2,-74
1755867974.134945,0,1,-64
1755867974.1719446,6,-1,-71
1755867974.210945,-9,-5,-80
1755867974.2489443,-2,-3,-77
1755867974.2849443,-4,-6,-72
1755867974.3229446,0,-1,-79
1755867974.3609445,0,3,-80
1755867974.3989446,-2,-3,-68
1755867974.4349446,-5,-4,-59
1755867974.473945,0,-7,-63
1755867974.5109446,3,-5,-70
1755867974.5489447,3,1,-68
1755867974.5879445,-7,3,-64
1755867974.6239443,3,3,-66
1755867974.6609447,5,-1,-79
1755867974.6989446,6,1,-70
1755867974.7349446,0,-3,-73
1755867974.7719443,-3,-3,-63
1755867974.8109446,1,-3,-70
1755867974.848945,0,-5,-71
1755867974.884945,7,-3,-77
1755867974.9219446,6,2,-74
1755867974.960945,5,5,-83
1755867974.9989443,0,0,-71
1755867975.0349443,2,-3,-69
1755867975.0719447,-7,-3,-68
1755867975.1099446,-3,-7,-69
1755867975.1489446,2,-4,-75
1755867975.1849446,2,-2,-67
1755867975.223945,-2,-2,-83
1755867975.2609446,0,0,-80
1755867975.2989447,-3,9,-83
1755867975.3349447,-2,1,-82
1755867975.371945,2,-8,-73
1755867975.4109447,4,2,-71
1755867975.4489446,-2,-1,-54
1755867975.4849446,-1,-3,-56
1755867975.5239446,-1,1,-68
1755867975.5609446,-6,6,-86
1755867975.5999446,-3,2,-81
1755867975.6379447,-3,-5,-75
1755867975.6739447,0,-1,-73
1755867975.710945,-5,4,-76
1755867975.7499447,-1,0,-59
1755867975.7879446,3,1,-61
1755867975.8239446,1,3,-76
1755867975.8609445,4,0,-78
1755867975.8989446,5,-3,-71
1755867975.9349446,3,-3,-75
1755867975.9729445,-6,-6,-61
1755867976.0109446,-9,-3,-72
1755867976.0499446,-8,-6,-74
1755867976.085945,-7,-2,-91
1755867976.1239443,-7,1,-69
1755867976.1699443,2,-4,-71
1755867976.2059443,-1,-4,-83
1755867976.2449446,-2,-3,-76
1755867976.2819445,1,0,-78
1755867976.3199446,-5,-2,-75
1755867976.3559446,1,-9,-78
1755867976.394945,7,-4,-76
1755867976.4319446,-2,2,-68
1755867976.4699447,-1,-2,-69
1755867976.5089445,0,-1,-76
1755867976.5449443,0,0,-69
1755867976.5819447,4,-2,-70
1755867976.6209445,1,1,-77
1755867976.6589446,2,-3,-73
1755867976.6949446,-3,-1,-61
1755867976.7329447,-6,1,-61
1755867976.7709446,-16,-8,-69
1755867976.8099446,-7,-1,-59
1755867976.8459446,-7,-5,-64
1755867976.8839445,7,-4,-68
1755867976.9219446,6,0,-90
1755867976.960945,1,5,-89
1755867976.9989443,11,-4,-86
1755867977.0349443,12,-4,-72
1755867977.0719447,3,0,-70
1755867977.1109445,-6,5,-63
1755867977.1489446,-10,-3,-66
1755867977.1849446,-11,5,-73
1755867977.2219446,2,0,-68
1755867977.2609446,-6,-2,-75
1755867977.2989447,-17,-4,-82
1755867977.3349447,-4,-3,-72
1755867977.3729446,-3,-1,-72
1755867977.4119446,-10,1,-78
1755867977.4499447,-11,-4,-74
1755867977.4859445,-7,-5,-68
1755867977.5239446,0,-1,-72
1755867977.5619447,8,0,-68
1755867977.5999446,4,7,-67
1755867977.6359446,-5,0,-62
1755867977.6729443,-6,2,-68
1755867977.7119446,0,7,-71
1755867977.7499447,-1,0,-68
1755867977.7859447,-8,-3,-71
1755867977.8249447,-3,-1,-80
1755867977.861945,-2,1,-76
1755867977.9009447,7,0,-79
1755867977.9369447,11,1,-66
1755867977.973945,0,0,-60
1755867978.0119443,-6,3,-71
1755867978.0509446,-1,-1,-74
1755867978.0869446,6,-2,-73
1755867978.1249447,2,-1,-66
1755867978.1629446,2,2,-68
1755867978.200945,0,2,-70
1755867978.236945,2,4,-70
1755867978.2739446,5,0,-66
1755867978.3119447,5,-3,-69
1755867978.3509445,1,1,-62
1755867978.3869443,-2,3,-64
1755867978.4239447,-1,-1,-66
1755867978.4619446,1,2,-75
1755867978.4999447,-1,3,-71
1755867978.5359447,2,-3,-74
1755867978.5729446,-1,4,-67
1755867978.611945,3,-7,-78
1755867978.6499443,-3,-1,-74
1755867978.6859446,3,-8,-72
1755867978.7229445,-5,-7,-71
1755867978.7619443,-7,-6,-78
1755867978.7999446,-2,-4,-74
1755867978.835945,5,-2,-75
1755867978.8729446,6,-7,-78
1755867978.9119446,-3,-2,-76
1755867978.9499447,1,2,-72
1755867978.9859445,-1,2,-70
1755867979.0229447,6,0,-68
1755867979.0619447,4,0,-74
1755867979.0999446,-3,0,-64
1755867979.1359446,0,-2,-59
1755867979.1729443,3,-3,-70
1755867979.2119446,-2,-2,-71
1755867979.2499447,5,-4,-69
1755867979.2859447,5,-4,-67
1755867979.3229446,3,-1,-76
1755867979.361945,4,0,-82
1755867979.3999443,0,-2,-76
1755867979.4359446,4,2,-65
1755867979.4729445,-7,1,-68
1755867979.5119443,-9,1,-63
1755867979.5479443,-10,2,-69
1755867979.585945,0,0,-79
1755867979.6239443,-3,9,-76
1755867979.6629446,-4,-2,-66
1755867979.700945,-5,0,-61
1755867979.736945,0,2,-64
1755867979.7739446,-3,2,-72
1755867979.812945,1,-3,-64
1755867979.8509445,-8,0,-73
1755867979.8869443,-3,-8,-75
1755867979.9259446,-1,1,-68
1755867979.9629445,-8,-4,-73
1755867980.0019443,4,0,-70
1755867980.0379446,0,0,-75
1755867980.075945,-1,0,-84
1755867980.1129446,-1,1,-74
1755867980.1519446,-3,-6,-87
1755867980.187945,4,-5,-71
1755867980.2259445,2,-5,-81
1755867980.2629447,2,-10,-73
1755867980.3019447,-10,-8,-68
1755867980.3379445,-1,-5,-65
1755867980.3759446,-6,-1,-71
1755867980.4129446,2,-1,-73
1755867980.4519446,-1,-4,-74
1755867980.4879446,6,2,-69
1755867980.5259447,0,5,-67
1755867980.562945,0,-2,-80
1755867980.6019447,-2,0,-75
1755867980.6379447,0,-2,-66
1755867980.6749446,0,4,-69
1755867980.7129445,-3,1,-70
1755867980.7509446,-6,-2,-69
1755867980.7869446,-6,-4,-69
1755867980.8249447,-3,-4,-76
1755867980.8629446,-2,-4,-75
1755867980.9019446,-1,2,-74
1755867980.937945,0,7,-77
1755867980.9749446,2,0,-73
1755867981.0129447,7,-2,-70
1755867981.0509446,2,-6,-74
1755867981.0869446,0,-2,-71
1755867981.1249447,1,2,-66
1755867981.1629446,0,-1,-73
1755867981.200945,-8,-7,-68
1755867981.236945,0,-2,-76
1755867981.2739446,-1,-4,-78
1755867981.312945,-2,2,-74
1755867981.348945,0,-3,-67
1755867981.3869443,7,-2,-75
1755867981.4249446,7,-3,-75
1755867981.4629445,1,-4,-79
1755867981.5019443,0,-5,-82
1755867981.5379446,2,0,-79
1755867981.5749447,2,1,-68
1755867981.6129446,-1,-1,-62
1755867981.6519446,7,0,-69
1755867981.687945,11,-4,-73
1755867981.7249446,9,-4,-70
1755867981.7629447,4,-2,-62
1755867981.8019447,-4,-7,-69
1755867981.8379445,-5,-1,-66
1755867981.8759446,0,-3,-75
1755867981.9139447,-4,-6,-71
1755867981.9529445,-1,-1,-75
1755867981.9889443,0,-2,-75
1755867982.0259447,0,-2,-76
1755867982.0639446,1,-1,-76
1755867982.1029446,-2,-1,-70
1755867982.1389446,-4,2,-70
1755867982.1769447,0,2,-67
1755867982.213945,7,1,-71
1755867982.2519443,8,-2,-59
1755867982.2879446,7,-1,-80
1755867982.3269446,0,1,-80
1755867982.3639443,-2,-2,-70
1755867982.4029446,0,-4,-82
1755867982.4389446,3,-6,-74
1755867982.4769447,-1,-3,-62
1755867982.5139446,-3,2,-77
1755867982.552945,1,-7,-83
1755867982.588945,7,-2,-76
1755867982.6269443,5,-7,-75
1755867982.6639447,0,-1,-76
1755867982.7029445,2,-3,-73
1755867982.7389443,-4,0,-70
1755867982.7769446,-4,0,-78
1755867982.8139446,-7,-2,-86
1755867982.8529446,-6,-3,-69
1755867982.8889446,-1,-6,-67
1755867982.9269447,3,-4,-67
1755867982.9649446,4,0,-62
1755867983.0029447,7,1,-64
1755867983.0389447,4,-1,-74
1755867983.0769446,9,-6,-77
1755867983.1139443,2,-3,-73
1755867983.1529446,-5,2,-74
1755867983.1889446,2,-4,-69
1755867983.2269447,2,4,-83
1755867983.2639446,-6,3,-76
1755867983.302945,-3,2,-70
1755867983.338945,4,4,-74
1755867983.3769443,6,-1,-72
1755867983.4139447,-3,-5,-74
1755867983.4529445,2,-11,-64
1755867983.4889443,0,-7,-67
1755867983.5269446,-3,1,-70
1755867983.5639446,-1,0,-72
1755867983.6029446,-5,4,-75
1755867983.6389446,2,5,-79
1755867983.6769447,1,2,-81
1755867983.713945,5,3,-67
1755867983.7499447,2,0,-66
1755867983.7869446,0,6,-70
1755867983.8239446,3,1,-74
1755867983.8629446,3,0,-68
1755867983.8989446,0,1,-80
1755867983.9369447,-4,-2,-88
1755867983.9749446,-3,-4,-58
1755867984.0139446,-2,-1,-69
1755867984.0499446,-4,1,-73
1755867984.0869446,-6,1,-75
1755867984.1249447,3,4,-76
1755867984.1639447,0,0,-76
1755867984.1999447,0,-3,-72
1755867984.236945,0,0,-63
1755867984.2749443,-5,-4,-68
1755867984.312945,-4,2,-64
1755867984.348945,-3,0,-66
1755867984.3869443,2,-3,-72
1755867984.4249446,0,1,-68
1755867984.4629445,1,0,-65
1755867984.4989443,4,4,-66
1755867984.5369446,11,0,-75
1755867984.5749447,-1,1,-75
1755867984.6139443,-4,4,-80
1755867984.6499443,-7,7,-81
1755867984.6889446,0,9,-69
1755867984.7269447,2,7,-57
1755867984.7649446,7,2,-65
1755867984.802945,0,0,-73
1755867984.838945,-1,3,-71
1755867984.8769443,8,1,-67
1755867984.9149446,0,5,-66
1755867984.9529445,6,-1,-67
1755867984.9889443,8,3,-62
1755867985.0269446,4,8,-75
1755867985.0649445,0,0,-70
1755867985.1009445,0,-1,-71
1755867985.1389446,0,-2,-62
1755867985.1769447,-1,2,-67
1755867985.2149446,-1,2,-70
1755867985.2539446,0,2,-78
1755867985.2899446,-3,5,-72
1755867985.3269446,-3,0,-72
1755867985.3649447,-4,0,-78
1755867985.4039447,7,6,-85
1755867985.4399445,11,4,-76
1755867985.4769447,-11,3,-71
1755867985.5149446,-2,-5,-76
1755867985.5539446,-4,0,-68
1755867985.5899446,-1,-1,-89
1755867985.6279447,-4,-2,-76
1755867985.6659446,-6,-1,-73
1755867985.7049446,-3,-1,-77
1755867985.7409446,-1,0,-75
1755867985.7789447,1,-6,-80
1755867985.8169446,0,0,-83
1755867985.8549447,-2,0,-79
1755867985.8909447,1,3,-75
1755867985.927945,-1,-5,-73
1755867985.9659443,5,4,-74
1755867986.0049446,-4,1,-78
1755867986.0409446,0,3,-74
1755867986.0779445,6,2,-69
1755867986.1169446,4,4,-78
1755867986.154945,5,-3,-63
1755867986.1989446,9,2,-78
1755867986.2379446,7,-1,-72
1755867986.2759447,9,0,-81
1755867986.3139446,1,-1,-73
1755867986.3499446,0,0,-77
1755867986.3869443,2,3,-86
1755867986.4259446,2,0,-78
1755867986.463945,5,-8,-70
1755867986.4999447,4,-2,-70
1755867986.5369446,1,0,-68
1755867986.575945,1,9,-68
1755867986.6139443,0,4,-75
1755867986.6499443,-4,2,-73
1755867986.6869447,-6,0,-70
1755867986.7249446,-4,5,-70
1755867986.7609446,0,0,-77
1755867986.7979443,1,-7,-74
1755867986.835945,0,-9,-69
1755867986.8749447,-2,-8,-67
1755867986.9109447,-3,-4,-63
1755867986.9489446,0,-4,-71
1755867986.986945,-5,-2,-75
1755867987.0259447,-5,-5,-70
1755867987.0619447,4,-4,-77
1755867987.098945,1,-2,-76
1755867987.1379447,-5,0,-77
1755867987.1759446,-9,-2,-73
1755867987.2119446,-3,3,-77
1755867987.2489443,5,0,-76
1755867987.2869446,-1,-1,-80
1755867987.325945,-1,0,-75
1755867987.361945,2,-4,-78
1755867987.3989446,-2,-2,-63
1755867987.4369447,-6,5,-63
1755867987.4759445,-4,4,-82
1755867987.5119443,-6,8,-93
1755867987.5489447,-4,-3,-70
1755867987.5869446,0,-2,-80
1755867987.6259446,0,1,-74
1755867987.6619446,-3,0,-80
1755867987.6989446,-15,3,-69
1755867987.736945,-5,-4,-64
1755867987.7759447,-1,5,-70
1755867987.8119447,-4,1,-78
1755867987.848945,1,-2,-77
1755867987.8869443,12,0,-64
1755867987.9249446,8,-3,-72
1755867987.960945,6,-1,-65
1755867987.9979446,2,-2,-70
1755867988.0369446,-2,4,-71
1755867988.0749447,-4,-1,-69
1755867988.1109445,-5,5,-71
1755867988.1479447,-2,3,-62
1755867988.1869447,0,0,-73
1755867988.2249446,-1,-2,-83
1755867988.2609446,2,0,-70
1755867988.2979443,0,0,-67
1755867988.3369446,10,-1,-75
1755867988.3749447,6,0,-77
1755867988.4109447,0,0,-69
1755867988.4479446,2,-2,-71
1755867988.486945,2,0,-65
1755867988.5229447,0,-3,-76
1755867988.5609446,0,0,-70
1755867988.5979445,-7,-3,-74
1755867988.6369443,10,0,-64
1755867988.6729443,9,-4,-63
1755867988.710945,3,-2,-73
1755867988.7479446,6,-1,-74
1755867988.7869446,5,0,-76
1755867988.8229446,0,0,-75
1755867988.8609445,8,-2,-77
1755867988.8979447,4,5,-74
1755867988.9359446,-1,7,-87
1755867988.9719446,1,5,-81
1755867989.0089445,-6,4,-73
1755867989.0479443,-12,-3,-75
1755867989.085945,-1,2,-76
1755867989.121945,-6,-7,-68
1755867989.1599443,1,0,-71
1755867989.1979446,2,5,-67
1755867989.2359445,-2,1,-66
1755867989.2719443,-1,0,-72
1755867989.3089447,-2,-4,-64
1755867989.3479445,0,0,-74
1755867989.3859446,0,0,-77
1755867989.4219446,3,0,-69
1755867989.4589446,8,0,-82
1755867989.4979446,4,0,-69
1755867989.5359447,0,-2,-71
1755867989.5719447,-5,1,-77
1755867989.608945,4,-2,-72
1755867989.6479447,-1,-6,-73
1755867989.6859446,-1,-1,-68
1755867989.7219446,-2,-1,-59
1755867989.7609446,-2,-5,-69
1755867989.7979443,-8,2,-78
1755867989.8369446,-1,4,-71
1755867989.8729446,-7,3,-72
1755867989.9109447,0,-2,-79
1755867989.9479446,-3,-1,-79
1755867989.986945,-2,-1,-68
1755867990.0229447,6,3,-65
1755867990.0609446,3,3,-65
1755867990.0979445,1,5,-74
1755867990.1359446,1,-3,-76
1755867990.1719446,1,-1,-72
1755867990.2089446,-3,1,-73
1755867990.2479446,-4,4,-77
1755867990.2839446,0,5,-66
1755867990.3209443,-9,2,-64
1755867990.358945,-8,-3,-63
1755867990.3979447,0,-4,-67
1755867990.4339447,5,0,-70
1755867990.4719446,5,4,-75
1755867990.5089445,5,-4,-77
1755867990.5479443,5,-6,-70
1755867990.5839446,2,-5,-60
1755867990.621945,2,-3,-72
1755867990.6599443,-3,0,-72
1755867990.6979446,0,0,-71
1755867990.733945,0,-5,-73
1755867990.7719443,2,-2,-67
1755867990.8099446,-4,-6,-62
1755867990.8479445,-2,-4,-70
1755867990.8869443,0,-2,-71
1755867990.9229443,1,0,-74
1755867990.9599447,1,-5,-71
1755867990.9979446,-1,-2,-64
1755867991.0369446,-4,-8,-71
1755867991.0729446,7,-7,-67
1755867991.1099446,12,-4,-69
1755867991.1489446,5,-1,-73
1755867991.1869447,0,3,-71
1755867991.2229445,-1,1,-70
1755867991.259945,-7,-1,-62
1755867991.2989447,6,-5,-70
1755867991.3369446,-2,0,-75
1755867991.3729446,0,4,-67
1755867991.4109447,6,1,-81
1755867991.4489446,-1,-3,-78
1755867991.486945,1,-1,-79
1755867991.5229447,-1,-11,-77
1755867991.5609446,-5,-4,-70
1755867991.598945,-6,-2,-74
1755867991.6379447,-6,-8,-81
1755867991.6739447,1,-8,-81
1755867991.710945,2,-6,-78
1755867991.7489443,1,-1,-82
1755867991.7879446,3,0,-71
1755867991.8239446,7,3,-75
1755867991.8609445,3,-2,-69
1755867991.8989446,-2,-2,-67
1755867991.937945,-4,-2,-67
1755867991.973945,-1,4,-74
1755867992.0109446,2,0,-80
1755867992.0489447,-1,-1,-58
1755867992.0849447,2,-2,-58
1755867992.121945,3,0,-74
1755867992.1589446,1,-3,-73
1755867992.1979446,6,-1,-69
1755867992.233945,4,-3,-79
1755867992.2719443,0,1,-66
1755867992.3089447,0,-1,-82
1755867992.3479445,-4,0,-66
1755867992.3839445,-4,0,-80
1755867992.4219446,3,-1,-85
1755867992.4599447,-2,-3,-74
1755867992.4989443,-3,-1,-80
1755867992.5349443,-12,-2,-72
1755867992.5729446,-6,0,-80
1755867992.6109445,-2,-4,-75
1755867992.6489446,0,-1,-67
1755867992.687945,-1,4,-72
1755867992.723945,0,0,-79
1755867992.7609446,5,-4,-88
1755867992.7999446,0,-6,-78
1755867992.8379445,0,-2,-79
1755867992.8739443,1,4,-70
1755867992.9109447,2,-1,-73
1755867992.9499447,-1,-7,-66
1755867992.9879446,-2,-6,-67
1755867993.0239446,3,-10,-73
1755867993.0609446,-1,-13,-70
1755867993.0999446,2,4,-57
1755867993.1379447,3,10,-70
1755867993.1739447,-4,7,-73
1755867993.2119446,-4,2,-79
1755867993.2499447,0,-1,-59
1755867993.2889447,-4,0,-84
1755867993.3249447,-1,0,-73
1755867993.361945,3,-3,-74
1755867993.3999443,-6,0,-70
1755867993.4389446,-4,0,-67
1755867993.4749446,0,1,-77
1755867993.5119443,-9,-1,-76
1755867993.5499446,6,0,-76
1755867993.588945,4,-5,-63
1755867993.6249447,4,-8,-71
1755867993.6629446,2,-1,-61
1755867993.700945,6,-4,-80
1755867993.7399447,4,-5,-72
1755867993.7779446,6,-5,-72
1755867993.8139446,3,-1,-75
1755867993.8509445,4,-3,-69
1755867993.8899446,3,3,-74
1755867993.927945,-9,-3,-75
1755867993.963945,7,1,-70
1755867994.0009446,2,-2,-81
1755867994.0399446,0,0,-72
1755867994.075945,-1,-1,-71
1755867994.1139443,-1,-4,-82
1755867994.1519446,2,-2,-88
1755867994.1899445,-3,0,-77
1755867994.2289443,-1,-7,-75
1755867994.2649446,-1,0,-74
1755867994.3019447,-1,-1,-70
1755867994.3399446,0,2,-74
1755867994.3759446,0,0,-68
1755867994.4139447,3,3,-64
1755867994.450945,0,3,-71
1755867994.4889443,-2,8,-65
1755867994.5249443,-5,5,-73
1755867994.5619447,-4,1,-69
1755867994.6009445,-3,-2,-71
1755867994.6389446,0,0,-70
1755867994.6749446,0,6,-74
1755867994.7119446,-2,3,-70
1755867994.7509446,-1,4,-74
1755867994.7889447,1,3,-67
1755867994.8249447,2,-2,-68
1755867994.861945,0,0,-78
1755867994.8999443,2,0,-72
1755867994.9359446,-3,-6,-74
1755867994.973945,0,-2,-72
1755867995.0119443,4,-3,-56
1755867995.0509446,1,-3,-62
1755867995.088945,0,1,-67
1755867995.1249447,6,-2,-58
1755867995.1619446,2,-8,-57
1755867995.200945,-1,-3,-79
1755867995.2389443,9,-2,-89
1755867995.2749443,5,-6,-74
1755867995.3119447,9,-6,-84
1755867995.3509445,-6,2,-65
1755867995.3889446,-6,-3,-81
1755867995.4249446,0,-7,-83
1755867995.4619446,-2,-3,-83
1755867995.5009446,4,-4,-80
1755867995.5389447,1,-7,-72
1755867995.5749447,-8,-2,-65
1755867995.6129446,-5,4,-68
1755867995.6509447,0,0,-68
1755867995.6899445,-4,-2,-76
1755867995.7259445,0,0,-69
1755867995.7629447,0,-4,-68
1755867995.8009446,1,0,-67
1755867995.8369446,-4,0,-68
1755867995.8739443,2,-5,-72
1755867995.9129446,-8,0,-69
1755867995.950945,-2,6,-69
1755867995.986945,-8,2,-70
1755867996.0239446,-7,-1,-68
1755867996.0619447,-4,-4,-67
1755867996.1009445,-3,0,-73
1755867996.1369443,0,5,-67
1755867996.1739447,2,0,-74
1755867996.2199447,6,-3,-72
1755867996.2559447,4,-3,-78
1755867996.2939446,2,-3,-88
1755867996.3319447,1,-5,-83
1755867996.3709445,0,-4,-78
1755867996.4069445,8,-3,-61
1755867996.4459443,-4,2,-76
1755867996.483945,-5,-4,-65
1755867996.5219443,-5,-6,-61
1755867996.5599446,2,-2,-70
1755867996.5959446,-1,-6,-70
1755867996.6339445,-3,-2,-76
1755867996.6719446,-6,0,-76
1755867996.710945,2,-1,-66
1755867996.746945,-4,2,-72
1755867996.7849443,2,-1,-69
1755867996.8229446,1,-1,-73
1755867996.861945,-2,3,-78
1755867996.8999443,1,9,-69
1755867996.9359446,0,3,-71
1755867996.9729445,-2,2,-70
1755867997.0119443,0,0,-67
1755867997.0499446,-2,8,-76
1755867997.085945,-3,5,-83
1755867997.1229446,-3,-1,-73
1755867997.1619446,-2,-9,-70
1755867997.1999447,2,-3,-71
1755867997.2359445,4,-3,-86
1755867997.2729447,1,1,-76
1755867997.3119447,2,3,-70
1755867997.3499446,1,-1,-68
1755867997.3859446,-1,0,-70
1755867997.4229443,0,4,-68
1755867997.4619446,1,-1,-75
1755867997.4979446,0,-1,-72
1755867997.5349443,-13,0,-66
1755867997.5729446,-12,-9,-71
1755867997.611945,-3,0,-62
1755867997.6479447,-8,-3,-70
1755867997.6859446,-2,-4,-69
1755867997.723945,-2,4,-69
1755867997.7619443,0,-1,-75
1755867997.8009446,0,0,-61
1755867997.8369446,1,-2,-71
1755867997.8739443,-14,-2,-68
1755867997.9119446,-1,-2,-70
1755867997.950945,-1,0,-84
1755867997.986945,1,-1,-81
1755867998.0239446,1,0,-77
1755867998.0619447,2,0,-70
1755867998.0979445,-3,1,-73
1755867998.134945,2,4,-59
1755867998.1719446,-4,2,-71
1755867998.210945,1,-3,-84
1755867998.246945,0,-3,-81
1755867998.2849443,-3,0,-67
1755867998.3229446,-5,-5,-78
1755867998.361945,-3,-5,-66
1755867998.3979447,3,-1,-76
1755867998.4349446,3,-4,-84
1755867998.4729445,7,0,-89
1755867998.5119443,-1,-3,-89
1755867998.5479443,4,0,-81
1755867998.5849447,-3,-2,-72
1755867998.6229446,1,-5,-77
1755867998.6619446,-1,-1,-79
1755867998.6979446,-7,5,-85
1755867998.7359445,-1,-2,-82
1755867998.7749443,-4,-6,-69
1755867998.812945,-1,-5,-73
1755867998.8509445,9,4,-72
1755867998.8869443,-3,4,-70
1755867998.9239447,-3,-7,-64
1755867998.9629445,1,0,-80
1755867999.0009446,-4,-3,-81
1755867999.0369446,-4,0,-74
1755867999.0749447,9,-3,-69
1755867999.1129446,-5,0,-69
1755867999.1509447,-3,1,-59
1755867999.1869447,-9,0,-58
1755867999.2249446,-2,-5,-67
1755867999.2629447,0,-6,-62
1755867999.2989447,-4,-6,-73
1755867999.3369446,-3,1,-72
1755867999.3749447,0,1,-73
1755867999.4129446,0,-5,-73
1755867999.4489446,2,-5,-69
1755867999.4859445,-3,-7,-75
1755867999.5249443,2,-8,-63
1755867999.562945,0,-3,-75
1755867999.598945,4,0,-79
1755867999.6359446,0,3,-68
1755867999.6729443,0,5,-81
1755867999.7089446,-2,-1,-69
1755867999.746945,9,-8,-56
1755867999.7849443,-3,-2,-64
1755867999.8229446,-3,-1,-68
1755867999.861945,0,0,-65
1755867999.8979447,-6,4,-62
1755867999.9359446,0,0,-66
1755867999.973945,0,-4,-73
1755868000.0129447,-1,-2,-73
1755868000.0489447,3,-6,-65
1755868000.085945,7,-1,-68
1755868000.1239443,1,1,-76
1755868000.1629446,-1,-6,-76
1755868000.1989446,1,-2,-69
1755868000.2359445,-6,5,-62
1755868000.2739446,-1,3,-67
1755868000.312945,-4,2,-72
1755868000.348945,1,-1,-64
1755868000.3859446,-3,-4,-78
1755868000.4239447,-3,-3,-74
1755868000.4629445,8,5,-61
1755868000.4989443,4,-9,-69
1755868000.5359447,0,0,-74
1755868000.5739446,7,1,-79
1755868000.611945,-3,-6,-72
1755868000.6489446,4,-4,-73
1755868000.6859446,0,-7,-66
1755868000.723945,-3,0,-71
1755868000.7629447,1,-3,-79
1755868000.7989447,0,1,-79
1755868000.835945,1,-2,-75
1755868000.8739443,3,0,-75
1755868000.9119446,2,1,-62
1755868000.9479446,-5,4,-65
1755868000.9859445,0,1,-78
1755868001.0239446,-1,-3,-79
1755868001.062945,-1,1,-75
1755868001.098945,2,8,-64
1755868001.1359446,-5,2,-63
1755868001.1739447,-2,1,-67
1755868001.2129445,-3,-6,-67
1755868001.2489443,-3,-4,-79
1755868001.2869446,1,-1,-77
1755868001.3249447,4,-4,-73
1755868001.3639443,2,-2,-82
1755868001.3999443,4,-2,-66
1755868001.437945,-1,-7,-73
1755868001.4759445,-1,2,-66
1755868001.5139446,0,7,-60
1755868001.552945,0,7,-65
1755868001.588945,0,-2,-66
1755868001.6259446,1,0,-74
1755868001.6639447,0,-1,-68
1755868001.6999447,-8,1,-73
1755868001.7379446,-4,-4,-71
1755868001.7759447,-3,-4,-68
1755868001.8139446,4,-6,-64
1755868001.8529446,-1,-1,-59
1755868001.8889446,-1,0,-70
1755868001.9259446,-1,-2,-71
1755868001.9649446,3,0,-82
1755868002.0029447,0,-2,-71
1755868002.0389447,-3,0,-83
1755868002.075945,-2,-1,-79
1755868002.1149447,3,0,-75
1755868002.1529446,0,-4,-69
1755868002.1889446,0,0,-74
1755868002.2259445,2,0,-73
1755868002.2639446,0,-1,-75
1755868002.2999446,0,0,-73
1755868002.3369446,-3,-4,-71
1755868002.3749447,1,-2,-67
1755868002.4139447,-8,0,-80
1755868002.4499447,2,7,-70
1755868002.4889443,4,0,-83
1755868002.5259447,6,-3,-78
1755868002.5649445,-6,-6,-69
1755868002.6029446,-7,-2,-73
1755868002.6389446,-4,4,-72
1755868002.6759446,-6,1,-73
1755868002.7149446,-2,-1,-66
1755868002.7529447,0,0,-66
1755868002.7889447,0,4,-63
1755868002.825945,0,0,-68
1755868002.8649447,-4,2,-69
1755868002.9009447,-4,1,-70
1755868002.937945,0,4,-62
1755868002.9769447,-2,5,-74
1755868003.0149446,-9,0,-71
1755868003.0509446,-9,-4,-74
1755868003.088945,-5,-5,-70
1755868003.1269443,-2,-12,-74
1755868003.1649446,-4,-1,-68
1755868003.2039447,1,-9,-67
1755868003.2399447,4,-4,-61
1755868003.2769446,6,1,-73
1755868003.3149445,2,-1,-74
1755868003.3539443,0,0,-71
1755868003.3899446,0,0,-69
1755868003.4269447,-8,3,-61
1755868003.4649446,-2,2,-83
1755868003.5039446,4,-7,-78
1755868003.5399446,1,0,-76
1755868003.5769446,2,-3,-73
1755868003.6159446,-2,6,-74
1755868003.6539447,0,-2,-71
1755868003.6899445,-3,0,-78
1755868003.7269447,0,-3,-71
1755868003.7659447,-2,4,-77
1755868003.8039446,0,-2,-76
1755868003.8399446,4,1,-72
1755868003.8769443,3,2,-71
1755868003.9149446,-3,-4,-66
1755868003.950945,0,-3,-63
1755868003.9879446,2,2,-72
1755868004.0259447,2,0,-75
1755868004.0649445,0,6,-86
1755868004.1009445,0,3,-76
1755868004.1379447,-4,2,-86
1755868004.1769447,2,3,-89
1755868004.2149446,-1,0,-80
1755868004.2509446,-5,0,-78
1755868004.2879446,2,-4,-68
1755868004.325945,0,-4,-69
1755868004.3649447,5,-6,-77
1755868004.4009447,5,0,-74
1755868004.437945,-3,3,-80
1755868004.4759445,3,1,-70
1755868004.5149446,5,-6,-72
1755868004.5509446,7,-2,-85
1755868004.5879445,4,1,-83
1755868004.6259446,1,1,-84
1755868004.6619446,-1,6,-71
1755868004.6999447,-2,0,-60
1755868004.7379446,4,-2,-68
1755868004.7769446,1,-4,-65
1755868004.8149445,-7,2,-76
1755868004.8509445,1,5,-85
1755868004.8879447,-4,6,-75
1755868004.9269447,0,-5,-79
1755868004.9649446,0,-1,-83
1755868005.0009446,0,-6,-75
1755868005.0379446,-3,-2,-81
1755868005.0769446,-6,2,-69
1755868005.1149447,-7,7,-64
1755868005.1509447,-2,-5,-62
1755868005.1889446,0,0,-69
1755868005.2269447,-5,0,-68
1755868005.2659447,-4,0,-68
1755868005.3019447,0,-1,-71
1755868005.338945,-6,-5,-72
1755868005.3769443,-5,2,-74
1755868005.4159446,0,-6,-77
1755868005.4519446,0,0,-65
1755868005.4889443,-1,-2,-68
1755868005.5269446,-6,-1,-72
1755868005.565945,0,0,-64
1755868005.6019447,4,-3,-67
1755868005.6389446,5,-2,-79
1755868005.6769447,0,-4,-75
1755868005.7159443,-1,-1,-80
1755868005.7519443,-4,-2,-62
1755868005.7899446,3,0,-60
1755868005.8279445,0,7,-56
1755868005.8669446,1,-4,-67
1755868005.904945,4,1,-74
1755868005.940945,0,1,-69
1755868005.9789443,-5,6,-79
1755868006.0169446,-1,-2,-71
1755868006.0559447,0,-3,-64
1755868006.0919447,1,-4,-60
1755868006.1289446,-3,0,-77
1755868006.1669445,-10,6,-62
1755868006.2059443,-4,5,-69
1755868006.2509446,-3,-1,-78
1755868006.2889447,-1,1,-76
1755868006.3269446,4,7,-71
1755868006.3649447,1,3,-70
1755868006.4009447,-1,0,-66
1755868006.437945,5,0,-69
1755868006.4769447,3,1,-60
1755868006.5149446,-1,-1,-67
1755868006.5509446,7,0,-68
1755868006.5879445,5,-2,-63
1755868006.6269443,2,-1,-67
1755868006.6639447,-6,-2,-75
1755868006.700945,-3,0,-71
1755868006.7389443,-2,-5,-78
1755868006.7769446,-2,-9,-70
1755868006.815945,-5,-9,-67
1755868006.8519447,-3,0,-65
1755868006.8889446,0,-9,-70
1755868006.9269447,3,-3,-81
1755868006.9659443,5,-3,-80
1755868007.0019443,7,0,-67
1755868007.0389447,2,5,-71
1755868007.0769446,4,2,-70
1755868007.1129446,-1,-6,-81
1755868007.1509447,0,3,-76
1755868007.1889446,5,2,-69
1755868007.2269447,-1,0,-68
1755868007.2629447,0,4,-68
1755868007.2999446,8,6,-71
1755868007.3379445,3,-2,-62
1755868007.3769443,6,4,-61
1755868007.4129446,0,1,-68
1755868007.4499447,-2,3,-66
1755868007.4889443,0,-4,-70
1755868007.5269446,-4,0,-66
1755868007.562945,0,4,-72
1755868007.5999446,-7,0,-64
1755868007.6389446,0,0,-68
1755868007.6769447,4,0,-68
1755868007.7129445,-1,-7,-86
1755868007.7509446,3,-7,-67
1755868007.7889447,0,-2,-73
1755868007.8279445,2,11,-63
1755868007.8659446,3,0,-62
1755868007.9019446,-2,2,-66
1755868007.9389446,-3,-5,-76
1755868007.9779446,-2,-5,-81
1755868008.0159447,5,0,-74
1755868008.0519447,5,0,-72
1755868008.088945,4,-5,-66
1755868008.1279447,4,-4,-72
1755868008.1659446,0,-3,-69
1755868008.2019446,-1,-1,-68
1755868008.2399447,0,0,-73
1755868008.2779446,1,-2,-73
1755868008.3139446,-5,-4,-73
1755868008.3519447,0,-2,-68
1755868008.3899446,1,5,-79
1755868008.427945,1,1,-77
1755868008.463945,5,-1,-60
1755868008.5009446,-6,0,-71
1755868008.5389447,-4,3,-71
1755868008.5779445,-4,-2,-76
1755868008.6139443,-9,-4,-79
1755868008.6519446,-7,-5,-61
1755868008.6899445,-1,-7,-57
1755868008.7279446,-7,-4,-62
1755868008.7669446,0,-2,-71
1755868008.802945,-8,2,-69
1755868008.8409443,-2,-1,-68
1755868008.8789446,0,1,-70
1755868008.917945,-3,1,-70
1755868008.9539447,-2,-4,-65
1755868008.9919446,9,1,-71
1755868009.0289447,6,1,-76
1755868009.0669446,-2,-3,-74
1755868009.1029446,3,-3,-70
1755868009.1409447,2,1,-78
1755868009.1789446,-4,3,-77
1755868009.2169447,6,-8,-75
1755868009.2529447,3,-6,-68
1755868009.2919445,-2,-7,-65
1755868009.3289447,-8,-5,-73
1755868009.3679447,-9,3,-71
1755868009.4039447,-1,0,-65
1755868009.4419446,0,-2,-64
1755868009.4789443,-3,-4,-64
1755868009.5179446,6,0,-70
1755868009.5539446,1,2,-65
1755868009.5919447,5,-4,-68
1755868009.6299446,2,-6,-75
1755868009.667945,0,-8,-78
1755868009.7049446,-2,-6,-75
1755868009.7419446,-6,2,-79
1755868009.779945,0,1,-57
1755868009.8179443,-9,-4,-70
1755868009.8539443,-8,3,-61
1755868009.8919446,3,2,-67
1755868009.9299445,1,-1,-67
1755868009.9679446,4,1,-61
1755868010.0039446,3,0,-67
1755868010.0419445,-1,3,-68
1755868010.0799446,-1,1,-81
1755868010.1189446,-2,-1,-78
1755868010.154945,0,-4,-80
1755868010.1919446,0,-1,-66
1755868010.2299447,-3,0,-74
1755868010.2689445,0,0,-75
1755868010.3049445,-4,2,-64
1755868010.3419447,-4,3,-62
1755868010.3799446,-9,5,-60
1755868010.4189446,-6,-3,-71
1755868010.4549446,-1,0,-64
1755868010.4919446,0,7,-57
1755868010.529945,-6,0,-67
1755868010.5689447,-3,1,-66
1755868010.6049447,-2,1,-62
1755868010.6419446,7,-1,-64
1755868010.6799445,0,1,-63
1755868010.7179446,-6,2,-71
1755868010.7549446,-5,3,-76
1755868010.7919445,0,4,-76
1755868010.8299446,-9,4,-65
1755868010.8679447,1,2,-69
1755868010.904945,1,-3,-67
1755868010.9419446,0,-4,-65
1755868010.9799447,-4,-4,-75
1755868011.0189445,-3,-4,-78
1755868011.0549445,-2,-1,-82
1755868011.0929446,-3,0,-72
1755868011.1309447,3,12,-62
1755868011.1689446,0,5,-85
1755868011.2049446,1,0,-84
1755868011.2419446,5,3,-76
1755868011.279945,4,5,-72
1755868011.3179443,-1,2,-87
1755868011.3539443,-3,0,-85
1755868011.3919446,0,-6,-78
1755868011.4299445,1,-10,-70
1755868011.4689443,1,-8,-75
1755868011.5049446,2,-11,-76
1755868011.5419445,6,-7,-76
1755868011.5799446,-2,-3,-73
1755868011.6189446,0,2,-70
1755868011.654945,2,-3,-66
1755868011.6919446,0,2,-74
1755868011.7299447,2,-4,-74
1755868011.7679446,-4,-4,-70
1755868011.8039446,-6,-4,-82
1755868011.8419447,0,-3,-67
1755868011.8799446,-2,-1,-68
1755868011.9189446,0,4,-77
1755868011.9549446,1,-4,-78
1755868011.9919446,1,3,-71
1755868012.029945,-4,0,-68
1755868012.065945,3,-6,-76
1755868012.1029446,4,-1,-74
1755868012.1409447,4,-1,-72
1755868012.1799445,-9,4,-66
1755868012.2159443,-3,-1,-74
1755868012.2539446,-5,-2,-84
1755868012.2919445,0,-2,-77
1755868012.3299446,7,2,-66
1755868012.3659446,2,-1,-73
1755868012.4029446,2,0,-72
1755868012.440945,3,3,-75
1755868012.4789443,0,4,-81
1755868012.5149446,9,4,-77
1755868012.552945,1,0,-73
1755868012.5899446,4,-3,-77
1755868012.6289446,0,2,-69
1755868012.6649446,6,-1,-78
1755868012.7019446,3,2,-74
1755868012.7409446,5,-7,-79
1755868012.7789447,-2,-1,-80
1755868012.8149445,3,9,-70
1755868012.8519447,-1,0,-72
1755868012.8909447,-6,0,-62
1755868012.9289446,1,1,-69
1755868012.9649446,-4,0,-73
1755868013.0019443,-2,0,-62
1755868013.0409446,-3,-2,-77
1755868013.0789447,1,-4,-67
1755868013.1149447,2,2,-76
1755868013.1519446,5,-5,-79
1755868013.190945,0,0,-79
1755868013.2289443,0,-6,-77
1755868013.2649446,-1,-1,-77
1755868013.3039446,-3,0,-80
1755868013.3409443,-2,4,-72
1755868013.3799446,-1,-4,-71
1755868013.4159446,-6,-1,-61
1755868013.4539447,0,-4,-60
1755868013.4919446,6,-5,-67
1755868013.5309446,5,-5,-61
1755868013.5689447,4,-3,-72
1755868013.6049447,1,-4,-72
1755868013.6419446,-3,-1,-78
1755868013.6809447,-5,-2,-69
1755868013.7169447,-3,0,-75
1755868013.7539446,7,4,-77
1755868013.7909446,4,0,-72
1755868013.8269446,2,-3,-72
1755868013.8639443,2,1,-69
1755868013.9009447,-6,1,-64
1755868013.9399445,-10,-3,-76
1755868013.9759445,0,1,-76
1755868014.0139446,0,-5,-79
1755868014.0519447,3,-3,-73
1755868014.0909443,-5,-4,-71
1755868014.1269443,-7,0,-77
1755868014.1649446,0,-3,-77
1755868014.2019446,-2,9,-72
1755868014.2409446,6,0,-75
1755868014.2779446,4,-2,-74
1755868014.3149445,-1,0,-74
1755868014.3539443,1,-3,-68
1755868014.3909447,-4,-5,-71
1755868014.4299445,-2,-4,-80
1755868014.4659443,3,-4,-80
1755868014.5039446,6,-2,-71
1755868014.5419445,2,0,-73
1755868014.5799446,5,0,-83
1755868014.6159446,5,0,-76
1755868014.6529446,-1,-3,-71
1755868014.6919446,-1,0,-83
1755868014.7299447,-5,-5,-75
1755868014.7659447,-4,0,-70
1755868014.8039446,0,6,-62
1755868014.8419447,0,-5,-78
1755868014.8799446,-4,3,-81
1755868014.9159446,-4,0,-74
1755868014.9529445,-3,-1,-64
1755868014.9919446,-6,1,-73
1755868015.029945,4,-1,-72
1755868015.065945,0,0,-75
1755868015.1029446,-2,1,-73
1755868015.1419446,1,-7,-68
1755868015.1799445,0,-2,-67
1755868015.2159443,-4,0,-83
1755868015.2529447,-1,-1,-78
1755868015.2919445,-1,-7,-79
1755868015.3299446,-3,2,-75
1755868015.3659446,-8,-3,-77
1755868015.4039447,-5,-2,-78
1755868015.4419446,2,1,-69
1755868015.4809446,0,-5,-72
1755868015.5169446,2,0,-71
1755868015.5539446,0,-1,-61
1755868015.5919447,5,-2,-62
1755868015.6309447,4,-2,-72
1755868015.6669445,-4,-2,-68
1755868015.7049446,7,0,-81
1755868015.7429447,0,2,-87
1755868015.7819445,3,3,-79
1755868015.8179443,1,0,-70
1755868015.8549447,2,6,-70
1755868015.8919446,0,4,-72
1755868015.9309447,0,1,-68
1755868015.9669447,-6,0,-72
1755868016.0049446,-9,-3,-74
1755868016.042945,4,-6,-78
1755868016.0819447,-1,0,-74
1755868016.1179447,0,-1,-73
1755868016.154945,3,-6,-68
1755868016.1929443,0,0,-67
1755868016.2319446,-1,1,-68
1755868016.2769446,-1,0,-71
1755868016.3149445,6,-1,-81
1755868016.3529446,3,-3,-81
1755868016.3909447,5,4,-65
1755868016.4269447,0,2,-57
1755868016.463945,-4,5,-74
1755868016.5029447,0,0,-70
1755868016.5409446,-4,1,-68
1755868016.5769446,-5,-4,-66
1755868016.6149447,-2,-3,-69
1755868016.6529446,-8,-2,-63
1755868016.6919446,-8,-4,-68
1755868016.7279446,-8,-7,-64
1755868016.7659447,1,0,-65
1755868016.802945,0,-4,-70
1755868016.8419447,-2,2,-72
1755868016.8779447,-1,1,-74
1755868016.9149446,-7,-1,-65
1755868016.9529445,0,2,-64
1755868016.9919446,5,-1,-64
1755868017.0279446,7,0,-62
1755868017.0649445,-3,-4,-77
1755868017.1039443,6,-4,-73
1755868017.1419446,-6,-4,-72
1755868017.177945,2,-2,-62
1755868017.2149446,-2,-5,-56
1755868017.2529447,-4,5,-78
1755868017.2919445,-13,8,-71
1755868017.3279445,0,3,-73
1755868017.3649447,4,5,-71
1755868017.4029446,0,0,-66
1755868017.4389446,2,0,-72
1755868017.4769447,5,-5,-70
1755868017.5139446,5,-6,-69
1755868017.552945,3,-8,-75
1755868017.588945,4,0,-68
1755868017.6269443,-3,-2,-73
1755868017.6639447,0,0,-68
1755868017.7019446,3,4,-69
1755868017.7379446,3,1,-59
1755868017.7749443,0,-2,-72
1755868017.8139446,4,-1,-69
1755868017.8519447,-2,-4,-72
1755868017.8879447,-3,3,-69
1755868017.9249446,2,3,-84
1755868017.9629445,0,1,-77
1755868017.9989443,0,-6,-79
1755868018.0359447,3,-8,-71
1755868018.0739446,6,0,-73
1755868018.1129446,2,-2,-78
1755868018.1489446,2,3,-72
1755868018.1859446,0,5,-69
1755868018.223945,4,-4,-69
1755868018.2629447,-5,-4,-71
1755868018.2989447,-4,-10,-75
1755868018.3369446,-4,-1,-71
1755868018.3749447,-6,-2,-63
1755868018.4139447,-7,3,-63
1755868018.4519446,0,-3,-73
1755868018.4879446,0,-3,-81
1755868018.5249443,-6,-4,-67
1755868018.5639446,1,-6,-73
1755868018.6019447,7,1,-63
1755868018.6379447,-5,1,-65
1755868018.6769447,-3,-8,-69
1755868018.713945,-1,-3,-71
1755868018.7529447,0,3,-76
1755868018.7889447,7,-2,-70
1755868018.825945,-1,-4,-67
1755868018.8639443,1,-2,-66
1755868018.9029446,2,-1,-67
1755868018.9389446,0,-7,-69
1755868018.9759445,4,0,-76
1755868019.0139446,0,-4,-74
1755868019.0499446,-3,-3,-70
1755868019.088945,0,0,-76
1755868019.1259446,-1,0,-80
1755868019.1639447,2,-1,-72
1755868019.2029445,0,0,-66
1755868019.2389443,1,1,-69
1755868019.2759447,-1,-9,-74
1755868019.3139446,-9,-3,-79
1755868019.3529446,1,-11,-57
1755868019.3889446,-1,-2,-65
1755868019.4269447,0,-7,-72
1755868019.4649446,10,-3,-73
1755868019.5039446,5,-1,-62
1755868019.5399446,12,-2,-63
1755868019.5769446,9,-2,-69
1755868019.6149447,2,-2,-64
1755868019.6539447,0,-2,-70
1755868019.6899445,-2,-7,-77
1755868019.7279446,0,0,-73
1755868019.7649446,-2,3,-75
1755868019.8039446,0,8,-69
1755868019.8399446,-3,3,-70
1755868019.8779447,4,0,-83
1755868019.9159446,1,-4,-79
1755868019.9549446,9,-1,-66
1755868019.9929447,0,4,-69
1755868020.0289447,3,0,-73
1755868020.065945,-5,0,-84
1755868020.1049447,0,1,-70
1755868020.1429446,1,2,-72
1755868020.1789446,-3,-5,-75
1755868020.2179446,-1,1,-78
1755868020.2549446,-3,0,-77
1755868020.2939446,-2,2,-77
1755868020.3299446,-2,-1,-76
1755868020.3679447,0,-6,-57
1755868020.4059446,2,-2,-63
1755868020.4449446,-1,0,-70
1755868020.4829447,-1,0,-74
1755868020.5189445,-1,7,-75
1755868020.5579443,3,5,-79
1755868020.5959446,1,2,-73
1755868020.6339445,0,1,-65
1755868020.6699443,2,0,-71
1755868020.7079446,-3,0,-78
1755868020.7459445,-3,0,-72
1755868020.7849443,-1,0,-70
1755868020.8209443,-8,0,-62
1755868020.8579447,0,4,-68
1755868020.8959446,-3,1,-70
1755868020.9349446,-3,-2,-78
1755868020.9709446,-1,-5,-80
1755868021.0089445,-4,-5,-80
1755868021.0469446,3,-1,-88
1755868021.0849447,-7,-1,-77
1755868021.1239443,1,0,-62
1755868021.1599443,0,-4,-68
1755868021.1969447,-1,-2,-77
1755868021.2349446,3,7,-67
1755868021.2709446,-6,-3,-67
1755868021.3089447,1,-1,-74
1755868021.3469446,2,-3,-62
1755868021.384945,5,-3,-73
1755868021.4239447,1,-2,-77
1755868021.4599447,6,1,-76
1755868021.4979446,2,3,-79
1755868021.5349443,0,1,-84
1755868021.5709443,4,-2,-73
1755868021.6079447,3,-7,-71
1755868021.6459446,-3,-3,-74
1755868021.6849446,-3,-1,-65
1755868021.7209446,2,-2,-79
1755868021.7579446,0,-3,-62
1755868021.7959447,3,-2,-63
1755868021.8349447,-2,1,-68
1755868021.8709445,-11,3,-57
1755868021.907945,1,8,-75
1755868021.9459443,5,-1,-75
1755868021.983945,0,-2,-82
1755868022.019945,2,3,-76
1755868022.0569446,0,-3,-64
1755868022.0959446,2,-1,-74
1755868022.1339445,5,0,-64
1755868022.1699443,0,-2,-74
1755868022.2069447,0,-2,-71
1755868022.2459445,-1,-2,-70
1755868022.2839446,-2,-4,-82
1755868022.3199446,2,-8,-89
1755868022.3569446,3,-3,-78
1755868022.3959446,0,4,-80
1755868022.4339447,-7,-1,-75
1755868022.4699447,4,3,-81
1755868022.506945,2,-2,-72
1755868022.5459447,-2,0,-71
1755868022.5839446,-2,-3,-78
1755868022.6199446,1,-7,-85
1755868022.6569445,-4,-3,-85
1755868022.6959443,1,0,-81
1755868022.7319446,-2,3,-77
1755868022.7689445,-5,7,-71
1755868022.8069446,0,8,-74
1755868022.8449447,-3,0,-77
1755868022.8809447,0,-2,-64
1755868022.9189446,1,-2,-62
1755868022.9569447,-1,1,-61
1755868022.9959445,7,0,-74
1755868023.0319445,-1,-6,-75
1755868023.0699446,-3,-7,-73
1755868023.1079447,-3,-8,-77
1755868023.1459446,2,-6,-77
1755868023.1849446,-6,-8,-71
1755868023.2209446,-5,-12,-67
1755868023.2589445,-3,-4,-65
1755868023.2969446,0,-2,-73
1755868023.335945,3,1,-50
1755868023.371945,-2,-5,-49
1755868023.4099443,-8,3,-58
1755868023.4479446,-2,0,-59
1755868023.486945,5,0,-75
1755868023.5249443,2,-1,-82
1755868023.5609446,2,-3,-76
1755868023.598945,-4,3,-72
1755868023.6369443,-1,-1,-72
1755868023.6749446,-5,-3,-65
1755868023.710945,-4,-2,-77
1755868023.7489443,4,-1,-68
1755868023.7869446,2,-4,-77
1755868023.825945,0,0,-72
1755868023.861945,4,3,-76
1755868023.8999443,9,7,-65
1755868023.9369447,1,4,-62
1755868023.9749446,5,1,-80
1755868024.0109446,-2,6,-76
1755868024.0479443,4,-1,-82
1755868024.0869446,-4,-2,-70
1755868024.1249447,4,-1,-73
1755868024.1609447,0,-2,-84
1755868024.1979446,-5,3,-77
1755868024.236945,0,2,-76
1755868024.2749443,-2,-8,-56
1755868024.3109446,-1,-4,-61
1755868024.348945,-1,-3,-68
1755868024.3869443,5,-2,-68
1755868024.4259446,8,-2,-66
1755868024.4619446,-2,-4,-72
1755868024.4999447,0,-2,-69
1755868024.5379446,6,-1,-73
1755868024.5769446,2,-2,-74
1755868024.6129446,-2,-3,-72
1755868024.6509447,2,-9,-60
1755868024.6889446,0,-4,-58
1755868024.7269447,4,2,-64
1755868024.7659447,1,-1,-72
1755868024.8019447,-1,-1,-75
1755868024.8409443,-3,-3,-72
1755868024.8779447,0,-1,-75
1755868024.9169445,2,-2,-73
1755868024.9529445,1,0,-70
1755868024.9909446,-10,0,-73
1755868025.0279446,-5,-1,-82
1755868025.0669446,2,2,-72
1755868025.1029446,2,-1,-65
1755868025.1399446,0,-7,-69
1755868025.177945,-2,8,-71
1755868025.2169447,5,0,-71
1755868025.2529447,4,-1,-74
1755868025.2909446,-3,1,-77
1755868025.3279445,0,0,-80
1755868025.3669446,4,0,-75
1755868025.4029446,5,2,-69
1755868025.4399445,1,-7,-66
1755868025.4779446,0,-4,-81
1755868025.5169446,5,-1,-73
1755868025.552945,0,-3,-71
1755868025.5909443,2,-2,-70
1755868025.6279447,0,-3,-69
1755868025.6669445,-1,7,-66
1755868025.7029445,-2,10,-73
1755868025.7399447,-6,-1,-68
1755868025.7779446,0,-3,-78
1755868025.8169446,-6,-6,-71
1755868025.8529446,-3,-4,-75
1755868025.8909447,-1,3,-68
1755868025.9289446,-1,5,-74
1755868025.9679446,0,4,-67
1755868026.0059447,-2,8,-64
1755868026.0419445,-6,2,-67
1755868026.0799446,-3,-3,-67
1755868026.1179447,-5,1,-74
1755868026.1569445,-2,-2,-66
1755868026.1929443,0,0,-70
1755868026.2299447,-2,-4,-71
1755868026.2679446,4,-1,-61
1755868026.3119447,3,0,-79
1755868026.3509445,3,1,-67
1755868026.3889446,-1,-2,-67
1755868026.4269447,-3,1,-76
1755868026.4629445,-1,-2,-74
1755868026.5009446,3,-2,-86
1755868026.5389447,-5,-5,-84
1755868026.5779445,0,2,-81
1755868026.6139443,3,6,-75
1755868026.6509447,3,-3,-60
1755868026.6889446,3,4,-65
1755868026.7279446,3,-1,-71
1755868026.7639446,2,-4,-79
1755868026.8009446,-2,-2,-71
1755868026.8399446,-5,-5,-68
1755868026.8779447,-1,-5,-76
1755868026.9139447,9,-6,-69
1755868026.950945,-1,-1,-79
1755868026.9899447,-4,-1,-76
1755868027.0279446,3,-2,-69
1755868027.0639446,5,2,-62
1755868027.1009445,-2,3,-74
1755868027.1389446,0,-2,-70
1755868027.177945,0,0,-80
1755868027.213945,3,3,-68
1755868027.2509446,4,1,-69
1755868027.2889447,8,2,-76
1755868027.3279445,-4,0,-78
1755868027.3639443,-7,4,-85
1755868027.4019446,0,4,-73
1755868027.4399445,-1,3,-89
1755868027.4779446,1,0,-73
1755868027.5139446,-2,0,-73
1755868027.5509446,-3,2,-83
1755868027.5899446,-7,2,-67
1755868027.6279447,0,1,-64
1755868027.6639447,5,2,-69
1755868027.7019446,0,-1,-69
1755868027.7399447,0,-3,-65
1755868027.7779446,0,0,-70
1755868027.8149445,6,0,-78
1755868027.8519447,1,4,-63
1755868027.8899446,5,3,-62
1755868027.927945,-5,1,-72
1755868027.963945,-4,0,-76
1755868028.0019443,0,-2,-64
1755868028.0399446,4,2,-63
1755868028.0779445,10,-2,-80
1755868028.1139443,1,-2,-85
1755868028.1519446,-8,1,-78
1755868028.1899445,-10,0,-78
1755868028.2289443,-8,-4,-73
1755868028.2649446,-9,-9,-79
1755868028.302945,6,-9,-72
1755868028.3409443,1,-4,-83
1755868028.3789446,8,1,-73
1755868028.417945,0,1,-78
1755868028.4539447,2,0,-67
1755868028.4909446,0,-2,-71
1755868028.5289447,-4,0,-81
1755868028.5679443,-1,-1,-76
1755868028.6039443,-1,0,-71
1755868028.6409447,-1,2,-80
1755868028.6799445,0,2,-75
1755868028.7179446,-2,-4,-71
1755868028.7539446,2,-6,-71
1755868028.7909446,-1,-5,-76
1755868028.8299446,-1,-3,-80
1755868028.8679447,3,-2,-69
1755868028.9039447,4,1,-78
1755868028.940945,-2,-2,-61
1755868028.9799447,0,4,-63
1755868029.0179446,2,3,-69
1755868029.0539446,2,0,-60
1755868029.0909443,6,0,-73
1755868029.1299446,13,-2,-74
1755868029.167945,3,-3,-68
1755868029.2039447,5,-3,-67
1755868029.2409446,-1,-5,-69
1755868029.279945,3,-3,-76
1755868029.3179443,1,0,-74
1755868029.3539443,1,3,-78
1755868029.3919446,5,-1,-73
1755868029.4299445,1,2,-67
1755868029.4679446,0,1,-75
1755868029.5039446,-10,1,-62
1755868029.5419445,-1,7,-70
1755868029.5809443,2,5,-66
1755868029.6189446,-4,1,-67
1755868029.654945,1,-1,-70
1755868029.6919446,4,0,-73
1755868029.7299447,9,6,-79
1755868029.7679446,2,6,-73
1755868029.8049445,-1,-2,-77
1755868029.8429446,-2,-2,-73
1755868029.8809447,4,-1,-64
1755868029.9199443,1,3,-69
1755868029.9559443,4,4,-63
1755868029.9929447,-2,0,-82
1755868030.0309446,1,-4,-83
1755868030.0699446,-1,1,-72
1755868030.1059446,-1,2,-76
1755868030.1429446,0,2,-73
1755868030.1799445,4,-4,-61
1755868030.2189443,4,-10,-69
1755868030.2549446,1,-3,-74
1755868030.2919445,-1,5,-62
1755868030.3299446,-2,3,-66
1755868030.3689446,-2,-7,-69
1755868030.404945,-4,-4,-68
1755868030.4429443,7,0,-69
1755868030.4799447,-4,-2,-76
1755868030.5189445,-5,-4,-74
1755868030.5549445,0,-2,-72
1755868030.5929446,-1,-4,-62
1755868030.6309447,-4,0,-63
1755868030.6699443,1,0,-54
1755868030.7059443,-6,1,-71
1755868030.7429447,4,-9,-74
1755868030.7809446,0,0,-73
1755868030.8189447,-1,2,-62
1755868030.8549447,-1,2,-69
1755868030.8919446,0,-2,-62
1755868030.9309447,2,0,-63
1755868030.9689443,-1,-2,-60
1755868031.0049446,-2,0,-67
1755868031.0419445,1,-5,-63
1755868031.0809443,2,1,-75
1755868031.1189446,4,3,-71
1755868031.154945,2,6,-75
1755868031.1919446,-2,0,-66
1755868031.2309446,1,-4,-77
1755868031.2689445,0,1,-72
1755868031.3049445,-1,4,-79
1755868031.3429446,-4,0,-71
1755868031.3809447,-3,-6,-68
1755868031.4199443,-5,1,-77
1755868031.4559443,0,0,-80
1755868031.4929447,5,-6,-75
1755868031.5309446,4,-7,-78
1755868031.5699446,1,-1,-75
1755868031.6059446,-1,0,-69
1755868031.6439445,4,2,-77
1755868031.6819446,3,7,-77
1755868031.7199447,4,-1,-68
1755868031.756945,5,-3,-69
1755868031.7939446,-2,-1,-66
1755868031.8319447,-4,0,-77
1755868031.8709445,-8,0,-72
1755868031.9069445,-6,1,-78
1755868031.9449446,-2,4,-73
1755868031.9819446,5,4,-63
1755868032.019945,1,0,-59
1755868032.0559447,-10,0,-66
1755868032.0949447,7,3,-70
1755868032.131945,-2,1,-65
1755868032.1709447,0,-1,-66
1755868032.2069447,1,-5,-64
1755868032.2439446,-6,-1,-73
1755868032.2819445,-3,-4,-78
1755868032.3209443,-3,-5,-66
1755868032.3569446,0,2,-71
1755868032.3939445,-4,-4,-66
1755868032.4329443,2,-3,-66
1755868032.4709446,-6,-2,-73
1755868032.506945,2,-3,-82
1755868032.5439446,0,-6,-72
1755868032.5829446,-3,-2,-74
1755868032.6209445,0,3,-74
1755868032.6569445,1,0,-66
1755868032.6939447,-3,0,-67
1755868032.7329447,-4,7,-72
1755868032.7709446,-4,6,-73
1755868032.8069446,-1,-1,-67
1755868032.8459446,-3,6,-72
1755868032.8829446,5,4,-78
1755868032.9219446,3,5,-64
1755868032.9599447,0,-1,-69
1755868032.9959445,4,0,-48
1755868033.032945,0,6,-59
1755868033.0709443,-1,2,-67
1755868033.1069446,4,-1,-67
1755868033.1439445,7,0,-77
1755868033.1819446,1,-1,-71
1755868033.2199447,-1,-3,-77
1755868033.2559447,-6,-10,-72
1755868033.2939446,7,-3,-68
1755868033.3319447,0,6,-71
1755868033.3709445,0,-4,-56
1755868033.4069445,4,4,-61
1755868033.4439447,1,-7,-75
1755868033.4819446,-1,-4,-73
1755868033.5209446,-1,-2,-65
1755868033.5569446,-1,-1,-70
1755868033.5959446,-2,-11,-65
1755868033.6329446,0,-2,-68
1755868033.6719446,-2,1,-73
1755868033.7079446,0,0,-79
1755868033.7459445,0,1,-64
1755868033.782945,0,-3,-77
1755868033.8219447,-3,-1,-70
1755868033.8579447,-2,-1,-63
1755868033.8959446,-2,8,-67
1755868033.9339447,-5,1,-64
1755868033.9719446,-9,0,-92
1755868034.0109446,-4,-4,-76
1755868034.0469446,0,-6,-76
1755868034.0849447,1,-6,-68
1755868034.1239443,0,3,-65
1755868034.1619446,6,4,-61
1755868034.1979446,7,0,-73
1755868034.2349446,1,1,-75
1755868034.2729447,3,2,-73
1755868034.3109446,2,2,-65
1755868034.3469446,0,2,-67
1755868034.384945,0,2,-66
1755868034.4229443,0,3,-75
1755868034.460945,-3,0,-79
1755868034.496945,-2,-8,-59
1755868034.5349443,2,-3,-78
1755868034.5729446,1,-3,-76
1755868034.611945,5,1,-83
1755868034.6479447,3,3,-78
1755868034.6849446,-5,7,-89
1755868034.7229445,3,5,-80
1755868034.7619443,6,3,-67
1755868034.7979443,5,4,-68
1755868034.8349447,-1,2,-65
1755868034.8729446,0,2,-70
1755868034.9109447,1,-4,-66
1755868034.9469447,0,0,-76
1755868034.9849446,0,-10,-69
1755868035.0229447,-1,-3,-74
1755868035.0619447,-5,-2,-71
1755868035.0979445,0,-8,-69
1755868035.134945,5,-8,-73
1755868035.1729443,6,-12,-60
1755868035.2119446,2,-3,-65
1755868035.2479446,-4,-1,-64
1755868035.2859447,-2,-1,-67
1755868035.3239446,0,0,-64
1755868035.361945,-3,0,-71
1755868035.3979447,1,6,-61
1755868035.4349446,-3,0,-66
1755868035.4729445,-3,-5,-71
1755868035.5119443,-1,0,-66
1755868035.5479443,-2,-1,-86
1755868035.585945,0,0,-74
1755868035.6229446,3,3,-75
1755868035.6589446,2,-4,-61
1755868035.6969447,-2,0,-59
1755868035.7349446,-1,0,-70
1755868035.7729447,1,-7,-70
1755868035.8119447,1,0,-66
1755868035.8479445,8,-6,-69
1755868035.884945,0,-1,-70
1755868035.9229443,6,-5,-71
1755868035.9619446,5,1,-74
1755868035.9979446,5,-5,-70
1755868036.0359447,2,0,-76
1755868036.0739446,0,-2,-73
1755868036.111945,-5,0,-70
1755868036.1479447,-1,-3,-55
1755868036.1849446,-2,-8,-68
1755868036.223945,0,-2,-77
1755868036.2619443,6,0,-69
1755868036.2979443,6,-7,-57
1755868036.3439443,2,1,-74
1755868036.381945,4,4,-74
1755868036.417945,0,-2,-64
1755868036.4559443,-4,6,-60
1755868036.4949446,-3,7,-70
1755868036.532945,-5,0,-81
1755868036.5689447,-2,-1,-65
1755868036.6069446,-1,2,-70
1755868036.644945,-2,0,-63
1755868036.6839447,1,-3,-75
1755868036.7219446,4,1,-73
1755868036.7579446,0,-4,-75
1755868036.7949443,3,-3,-79
1755868036.8339446,1,-2,-74
1755868036.871945,2,0,-71
1755868036.907945,5,-9,-60
1755868036.9449446,1,-3,-71
1755868036.983945,6,0,-67
1755868037.019945,1,0,-73
1755868037.0569446,-3,0,-77
1755868037.0949447,2,-3,-68
1755868037.1339445,-11,-1,-84
1755868037.1699443,-3,-1,-99
1755868037.2079446,8,0,-88
1755868037.2449446,3,0,-72
1755868037.282945,0,0,-77
1755868037.3189447,1,-6,-68
1755868037.3559446,0,-3,-76
1755868037.3939445,4,-2,-86
1755868037.4329443,0,3,-74
1755868037.4689443,-7,0,-74
1755868037.5059447,3,0,-69
1755868037.5439446,-3,1,-68
1755868037.5799446,2,2,-69
1755868037.6169446,0,-2,-68
1755868037.6559446,-4,-10,-77
1755868037.6939447,0,-10,-73
1755868037.7299447,1,-6,-71
1755868037.7669446,-4,-3,-77
1755868037.8049445,0,2,-73
1755868037.8429446,0,1,-85
1755868037.8789446,-3,0,-72
1755868037.9159446,-6,3,-73
1755868037.9549446,0,0,-70
1755868037.9929447,-6,2,-73
1755868038.0289447,-3,4,-79
1755868038.0669446,1,3,-85
1755868038.1049447,5,-1,-79
1755868038.1429446,1,-1,-63
1755868038.1789446,4,4,-60
1755868038.2169447,4,-2,-61
1755868038.2559447,2,-3,-63
1755868038.2939446,-1,4,-69
1755868038.3299446,0,1,-61
1755868038.3669446,-1,-6,-69
1755868038.404945,-7,0,-77
1755868038.4439447,-2,0,-72
1755868038.4799447,0,-7,-63
1755868038.5169446,3,1,-72
1755868038.5549445,1,0,-75
1755868038.5929446,-5,-1,-74
1755868038.6289446,-1,-3,-81
1755868038.6669445,1,0,-85
1755868038.7049446,8,0,-72
1755868038.7409446,3,4,-79
1755868038.7779446,-10,8,-69
1755868038.815945,0,-1,-64
1755868038.8549447,5,0,-78
1755868038.8909447,2,-2,-62
1755868038.927945,-6,-4,-72
1755868038.9659443,-7,0,-70
1755868039.0049446,3,-3,-62
1755868039.0409446,4,-3,-76
1755868039.0789447,5,4,-66
1755868039.1169446,0,4,-78
1755868039.154945,0,-1,-74
1755868039.1939447,0,-1,-64
1755868039.2299447,5,1,-74
1755868039.2669446,-4,-2,-85
1755868039.3049445,0,0,-71
1755868039.3409443,-2,-2,-62
1755868039.3789446,-6,-3,-66
1755868039.4169445,3,-1,-63
1755868039.4549446,4,-4,-63
1755868039.4939446,-1,0,-74
1755868039.529945,-3,1,-62
1755868039.5679443,0,3,-67
1755868039.6059446,0,-2,-74
1755868039.644945,7,-4,-62
1755868039.6809447,0,-6,-72
1755868039.7179446,-1,-1,-68
1755868039.7559447,0,3,-66
1755868039.7939446,-1,-4,-77
1755868039.8299446,0,-2,-72
1755868039.8679447,2,3,-67
1755868039.9059446,-8,2,-69
1755868039.9449446,-1,8,-76
1755868039.9809446,2,3,-74
1755868040.0179446,0,1,-75
1755868040.0559447,1,3,-69
1755868040.0939443,0,0,-72
1755868040.1299446,0,2,-78
1755868040.167945,-5,-2,-75
1755868040.2059443,-5,0,-68
1755868040.2439446,-5,0,-68
1755868040.279945,-8,-3,-70
1755868040.3179443,-1,-1,-82
1755868040.3559446,3,0,-78
1755868040.3939445,-2,1,-71
1755868040.4299445,-2,3,-75
1755868040.4679446,-8,-5,-79
1755868040.5059447,0,3,-76
1755868040.5439446,-2,6,-87
1755868040.5799446,-3,0,-72
1755868040.6179447,-2,-1,-70
1755868040.6559446,-2,-2,-74
1755868040.6949446,1,-2,-75
1755868040.7309446,1,-3,-72
1755868040.7679446,1,-3,-75
1755868040.8059447,2,0,-65
1755868040.8419447,5,2,-68
1755868040.8789446,1,4,-81
1755868040.9159446,-2,7,-72
1755868040.9549446,2,-3,-69
1755868040.9909446,0,-5,-61
1755868041.0289447,-1,-8,-64
1755868041.0679443,4,-3,-57
1755868041.1059446,0,-4,-72
1755868041.1419446,-6,-4,-68
1755868041.1799445,2,0,-77
1755868041.2179446,-4,4,-73
1755868041.2559447,-6,-5,-70
1755868041.2949443,3,-2,-66
1755868041.3309443,4,-6,-74
1755868041.3679447,13,-4,-73
1755868041.4069445,3,1,-77
1755868041.4449446,-4,0,-73
1755868041.4809446,-2,-4,-71
1755868041.5189445,2,1,-70
1755868041.5569446,-4,2,-70
1755868041.5949447,0,2,-66
1755868041.6309447,-3,1,-66
1755868041.667945,-4,0,-69
1755868041.7069447,1,2,-67
1755868041.7449446,7,0,-80
1755868041.7809446,9,7,-82
1755868041.8179443,0,2,-82
1755868041.8559446,7,1,-79
1755868041.8919446,0,-5,-75
1755868041.9289446,2,0,-72
1755868041.9669447,1,4,-67
1755868042.0049446,2,-2,-73
1755868042.0409446,4,0,-84
1755868042.0789447,-1,5,-75
1755868042.1179447,0,3,-69
1755868042.1559446,7,5,-70
1755868042.1919446,-1,6,-77
1755868042.2299447,0,0,-76
1755868042.2679446,4,0,-70
1755868042.3059447,0,2,-63
1755868042.3419447,-1,2,-66
1755868042.3789446,-1,1,-75
1755868042.417945,1,2,-73
1755868042.4559443,5,2,-72
1755868042.4919446,0,0,-79
1755868042.5289447,2,2,-86
1755868042.5669446,2,0,-66
1755868042.6029446,0,0,-63
1755868042.6399446,3,0,-66
1755868042.6769447,4,3,-63
1755868042.7159443,-1,-3,-74
1755868042.7519443,-1,-13,-76
1755868042.7899446,1,3,-67
1755868042.8269446,0,-3,-72
1755868042.8659446,-8,3,-72
1755868042.9019446,0,0,-65
1755868042.9389446,1,-3,-67
1755868042.9769447,3,0,-62
1755868043.0159447,-1,0,-68
1755868043.0519447,0,5,-81
1755868043.088945,-3,2,-73
1755868043.1279447,-8,-4,-72
1755868043.1659446,-4,0,-69
1755868043.2019446,0,-7,-81
1755868043.2389443,-2,-1,-74
1755868043.2779446,-4,5,-73
1755868043.315945,-2,5,-76
1755868043.3519447,-1,-1,-80
1755868043.3899446,1,0,-85
1755868043.427945,0,0,-68
1755868043.4659443,-1,5,-63
1755868043.5019443,2,1,-61
1755868043.5389447,3,-3,-64
1755868043.5779445,1,-1,-63
1755868043.6159446,-1,2,-67
1755868043.6519446,2,-4,-76
1755868043.6889446,-7,-6,-68
1755868043.7279446,-3,-1,-78
1755868043.7659447,-1,3,-80
1755868043.8019447,1,-2,-75
1755868043.838945,3,0,-79
1755868043.8779447,1,-1,-70
1755868043.9159446,0,0,-59
1755868043.9519446,-2,-3,-72
1755868043.9899447,1,-3,-72
1755868044.0279446,4,-5,-71
1755868044.0669446,-1,3,-73
1755868044.1029446,-7,1,-72
1755868044.1419446,-2,-1,-80
1755868044.1789446,2,0,-69
1755868044.2169447,3,1,-67
1755868044.2529447,4,-4,-80
1755868044.2909446,-1,-3,-75
1755868044.3289447,0,0,-67
1755868044.3679447,16,0,-79
1755868044.4039447,6,0,-73
1755868044.440945,0,1,-66
1755868044.4789443,2,1,-72
1755868044.5169446,-5,0,-67
1755868044.552945,-8,0,-71
1755868044.5909443,0,2,-68
1755868044.6289446,0,0,-61
1755868044.6669445,-2,-2,-70
1755868044.7029445,-3,1,-73
1755868044.7409446,0,-2,-67
1755868044.7789447,-4,-3,-68
1755868044.8179443,-1,1,-72
1755868044.8539443,-5,-1,-76
1755868044.8919446,-3,-3,-65
1755868044.9309447,-1,0,-67
1755868044.9689443,6,-1,-78
1755868045.006945,-6,3,-78
1755868045.042945,0,1,-71
1755868045.0809443,-1,3,-69
1755868045.1189446,0,2,-73
1755868045.157945,4,-1,-62
1755868045.1939447,4,-3,-61
1755868045.2309446,-3,3,-74
1755868045.2689445,-1,0,-73
1755868045.3079443,-5,0,-85
1755868045.3439443,-5,-1,-66
1755868045.381945,3,5,-71
1755868045.4199443,1,2,-84
1755868045.4579446,-2,0,-69
1755868045.4939446,-3,5,-57
1755868045.5309446,0,1,-66
1755868045.5689447,-5,1,-72
1755868045.6069446,4,-1,-78
1755868045.6429446,2,-2,-77
1755868045.6809447,2,3,-84
1755868045.7189443,-8,-6,-74
1755868045.756945,0,-6,-73
1755868045.792945,5,-4,-66
1755868045.8309443,0,-1,-66
1755868045.8689446,0,3,-68
1755868045.9069445,0,5,-77
1755868045.9429443,0,7,-77
1755868045.9809446,0,8,-71
1755868046.0189445,11,1,-85
1755868046.0549445,6,4,-90
1755868046.0919447,6,6,-91
1755868046.1289446,4,5,-86
1755868046.1649446,4,-1,-73
1755868046.2019446,-3,6,-81
1755868046.2399447,0,0,-72
1755868046.2779446,-2,-4,-70
1755868046.3139446,-5,2,-73
1755868046.3599446,6,6,-74
1755868046.3979447,5,0,-79
1755868046.4339447,11,-1,-79
1755868046.4719446,-5,5,-68
1755868046.5109446,4,0,-68
1755868046.5489447,0,-1,-78
1755868046.5849447,-5,-2,-72
1755868046.6229446,-8,-2,-67
1755868046.6609447,2,4,-68
1755868046.6989446,0,1,-70
1755868046.7349446,-1,-6,-74
1755868046.7729447,5,0,-65
1755868046.8109446,1,-4,-76
1755868046.848945,-10,-7,-71
1755868046.884945,-3,-5,-65
1755868046.9229443,1,-5,-73
1755868046.960945,-7,0,-58
1755868046.9999447,-9,4,-75
1755868047.0379446,-2,-5,-78
1755868047.0739446,-4,0,-82
1755868047.111945,-2,2,-79
1755868047.1499443,-2,-1,-79
1755868047.187945,-7,2,-82
1755868047.223945,-5,0,-73
1755868047.2609446,-8,-7,-77
1755868047.2999446,-8,-3,-69
1755868047.3379445,-4,-5,-69
1755868047.3739443,-6,0,-84
1755868047.4109447,1,7,-73
1755868047.4499447,1,2,-74
1755868047.4879446,-2,-2,-61
1755868047.5239446,0,-2,-60
1755868047.5609446,0,2,-73
1755868047.598945,-1,0,-74
1755868047.634945,2,0,-70
1755868047.6719446,3,-1,-78
1755868047.7099447,6,5,-72
1755868047.7479446,0,0,-79
1755868047.7839446,-3,-1,-77
1755868047.8219447,1,-5,-79
1755868047.8599446,6,2,-77
1755868047.8959446,6,-2,-80
1755868047.9329443,5,0,-68
1755868047.9709446,-3,0,-59
1755868048.009945,0,-6,-79
1755868048.0459447,0,2,-73
1755868048.0829446,-6,5,-73
1755868048.1209445,-2,3,-71
1755868048.1599443,-6,2,-73
1755868048.1959443,-2,0,-73
1755868048.2329447,-2,-3,-73
1755868048.2709446,0,6,-79
1755868048.3089447,3,5,-71
1755868048.3449447,8,7,-68
1755868048.381945,-2,2,-82
1755868048.4199443,2,3,-70
1755868048.4559443,1,1,-63
1755868048.4949446,-3,7,-68
1755868048.5319445,3,4,-68
1755868048.5699446,2,2,-81
1755868048.6059446,3,-1,-72
1755868048.6429446,-3,-1,-81
1755868048.6809447,-4,-1,-70
1755868048.7199447,0,-6,-71
1755868048.7559447,0,-7,-60
1755868048.792945,1,-5,-74
1755868048.8309443,1,1,-71
1755868048.8699446,0,3,-68
1755868048.9059446,1,2,-59
1755868048.9429443,-13,-4,-71
1755868048.9809446,-4,-9,-71
1755868049.019945,-9,-2,-77
1755868049.0559447,-5,-4,-69
1755868049.0939443,-3,-7,-71
1755868049.131945,-3,-2,-68
1755868049.1709447,-1,-6,-69
1755868049.2089446,3,-2,-72
1755868049.2449446,6,-3,-72
1755868049.2819445,2,-9,-68
1755868049.3209443,-4,-4,-72
1755868049.358945,1,-4,-67
1755868049.394945,-7,-3,-61
1755868049.4329443,-2,0,-76
1755868049.4709446,-1,-5,-75
1755868049.509945,0,-7,-77
1755868049.5459447,1,-4,-74
1755868049.5849447,13,-11,-70
1755868049.6229446,-10,-2,-70
1755868049.6609447,-4,-1,-69
1755868049.6969447,-1,8,-75
1755868049.7349446,3,1,-72
1755868049.7739446,-5,-1,-73
1755868049.8109446,-7,1,-77
1755868049.8499446,5,-2,-67
1755868049.8859446,5,1,-70
1755868049.9229443,5,0,-80
1755868049.960945,-3,-2,-77
1755868049.996945,2,-2,-74
1755868050.0339446,-2,-1,-74
1755868050.0719447,4,0,-67
1755868050.1109445,6,-3,-74
1755868050.1469443,6,0,-80
1755868050.1839447,3,0,-72
1755868050.2219446,2,4,-67
1755868050.2609446,6,5,-72
1755868050.2969446,2,1,-63
1755868050.3339446,2,7,-67
1755868050.371945,-2,2,-70
1755868050.4099443,1,-9,-78
1755868050.4459443,0,-8,-90
1755868050.4829447,2,-3,-77
1755868050.5219443,1,1,-67
1755868050.5599446,0,5,-64
1755868050.5959446,1,0,-66
1755868050.6329446,1,-2,-69
1755868050.6719446,2,8,-73
1755868050.7099447,-5,2,-76
1755868050.7459445,-1,1,-63
1755868050.782945,1,1,-70
1755868050.8209443,-1,-1,-78
1755868050.8569446,-6,-1,-69
1755868050.8959446,-3,0,-68
1755868050.9329443,4,2,-64
1755868050.9709446,2,-1,-66
1755868051.006945,1,3,-76
1755868051.0439446,-4,7,-83
1755868051.0819447,-4,5,-77
1755868051.1209445,-12,-6,-81
1755868051.1569445,-6,-7,-72
1755868051.1959443,0,-6,-77
1755868051.2329447,0,3,-72
1755868051.2709446,0,0,-75
1755868051.3069446,3,-4,-84
1755868051.3449447,-5,2,-74
1755868051.381945,0,-1,-65
1755868051.4209447,2,-2,-72
1755868051.4569447,1,0,-79
1755868051.4939446,1,-2,-69
1755868051.5319445,0,-17,-71
1755868051.5709443,-2,-1,-67
1755868051.6069446,-3,-1,-70
1755868051.644945,5,0,-85
1755868051.6819446,0,-5,-81
1755868051.7209446,2,-5,-76
1755868051.756945,8,-1,-71
1755868051.7939446,5,-1,-77
1755868051.8319447,0,-1,-76
1755868051.8709445,7,-3,-64
1755868051.9069445,1,-6,-67
1755868051.9439447,2,-4,-79
1755868051.9819446,-1,4,-76
1755868052.0209446,7,2,-68
1755868052.0569446,10,2,-62
1755868052.0939443,7,0,-69
1755868052.1329446,3,2,-70
1755868052.1709447,1,-5,-78
1755868052.2069447,6,-7,-73
1755868052.2449446,5,-9,-71
1755868052.2839446,0,-7,-75
1755868052.3219447,-1,1,-70
1755868052.3579447,0,5,-69
1755868052.394945,0,0,-61
1755868052.4329443,-3,-7,-66
1755868052.4709446,-1,-6,-69
1755868052.506945,4,-12,-62
1755868052.5439446,5,-3,-75
1755868052.5829446,3,2,-83
1755868052.6209445,2,-5,-79
1755868052.6569445,5,-6,-65
1755868052.6939447,5,-1,-57
1755868052.7329447,2,2,-70
1755868052.7709446,-4,-2,-72
1755868052.8069446,0,-5,-71
1755868052.8439443,5,-6,-73
1755868052.8829446,2,1,-71
1755868052.9209447,-5,0,-69
1755868052.9569447,-2,-2,-67
1755868052.9949446,0,2,-66
1755868053.032945,0,0,-70
1755868053.0709443,-5,0,-71
1755868053.1069446,-3,0,-71
1755868053.1439445,4,4,-79
1755868053.1819446,4,6,-91
1755868053.2179446,7,3,-81
1755868053.2549446,5,-8,-75
1755868053.292945,1,-7,-64
1755868053.3319447,12,-2,-70
1755868053.3679447,5,5,-57
1755868053.404945,0,-3,-62
1755868053.4429443,0,0,-65
1755868053.4789443,-1,-1,-63
1755868053.5169446,0,6,-72
1755868053.5549445,0,1,-64
1755868053.5929446,-2,-3,-79
1755868053.6289446,3,-1,-72
1755868053.6659446,2,2,-64
1755868053.7049446,1,0,-63
1755868053.7429447,-11,0,-69
1755868053.7789447,1,-6,-64
1755868053.8169446,0,-4,-76
1755868053.8549447,4,-5,-76
1755868053.8929446,1,8,-77
1755868053.9289446,1,9,-75
1755868053.9659443,-4,-4,-79
1755868054.0039446,-6,-6,-74
1755868054.042945,0,2,-81
1755868054.0789447,3,0,-75
1755868054.1159446,-5,-1,-65
1755868054.1539447,0,-2,-54
1755868054.1929443,4,3,-66
1755868054.2289443,0,2,-63
1755868054.2659447,-1,-4,-67
1755868054.3049445,-2,-6,-71
1755868054.3429446,-1,6,-75
1755868054.3789446,-2,3,-67
1755868054.417945,1,-4,-81
1755868054.4549446,-1,-5,-85
1755868054.4939446,0,0,-75
1755868054.5319445,3,0,-74
1755868054.5679443,-3,3,-82
1755868054.6049447,-3,1,-75
1755868054.6439445,0,3,-71
1755868054.6819446,0,2,-73
1755868054.7179446,0,3,-74
1755868054.7549446,3,1,-69
1755868054.7939446,-4,-5,-63
1755868054.8319447,5,0,-67
1755868054.8679447,1,2,-53
1755868054.9059446,3,-4,-59
1755868054.9439447,11,3,-63
1755868054.9799447,6,-3,-72
1755868055.0179446,10,-3,-88
1755868055.0559447,3,-3,-75
1755868055.0939443,6,-6,-78
1755868055.1329446,6,-9,-74
1755868055.1689446,4,-5,-66
1755868055.2059443,4,-4,-74
1755868055.2439446,-4,-5,-78
1755868055.282945,4,1,-75
1755868055.3189447,4,0,-79
1755868055.3559446,4,1,-74
1755868055.3939445,-2,0,-73
1755868055.4299445,-8,-3,-70
1755868055.4679446,-4,0,-78
1755868055.5059447,-5,0,-70
1755868055.5439446,-1,-2,-69
1755868055.5829446,2,2,-67
1755868055.6189446,7,5,-70
1755868055.6559446,2,0,-80
1755868055.6939447,2,-2,-82
1755868055.7329447,0,0,-79
1755868055.7689445,-3,0,-76
1755868055.8059447,-5,0,-80
1755868055.8449447,-4,3,-77
1755868055.8829446,3,6,-71
1755868055.9189446,-5,3,-69
1755868055.9569447,-4,1,-77
1755868055.9949446,-4,-1,-73
1755868056.0339446,-4,5,-70
1755868056.0709443,-5,3,-72
1755868056.1079447,-5,0,-66
1755868056.1459446,-6,0,-72
1755868056.1849446,-1,-5,-68
1755868056.2229445,0,-4,-70
1755868056.2589445,-4,-6,-72
1755868056.2969446,-5,-4,-67
1755868056.3349447,2,-1,-76
1755868056.3789446,2,3,-76
1755868056.4169445,1,-1,-70
1755868056.4559443,2,-7,-76
1755868056.4939446,1,-1,-71
1755868056.529945,-3,-2,-80
1755868056.5689447,-3,0,-79
1755868056.6059446,3,0,-75
1755868056.644945,-1,-1,-71
1755868056.6829443,-2,-1,-70
1755868056.7189443,0,-4,-78
1755868056.7559447,2,4,-73
1755868056.7939446,3,7,-75
1755868056.8299446,7,1,-71
1755868056.8669446,2,7,-71
1755868056.904945,2,-2,-78
1755868056.9439447,-3,2,-65
1755868056.9799447,1,-3,-66
1755868057.0169446,1,0,-68
1755868057.0559447,-9,-5,-60
1755868057.0939443,0,-7,-71
1755868057.1299446,-9,-4,-71
1755868057.1689446,3,2,-74
1755868057.2059443,3,-4,-71
1755868057.2449446,0,-10,-69
1755868057.2809446,-3,-10,-67
1755868057.3189447,6,-7,-67
1755868057.3569446,1,2,-77
1755868057.394945,0,2,-79
1755868057.4309447,-3,3,-85
1755868057.4689443,0,1,-79
1755868057.5059447,-4,-4,-77
1755868057.5449443,4,-7,-73
1755868057.5809443,10,0,-70
1755868057.6189446,8,-4,-79
1755868057.6569445,-1,2,-77
1755868057.6959443,-2,0,-65
1755868057.733945,4,0,-78
1755868057.769945,-2,1,-77
1755868057.8069446,-10,2,-62
1755868057.8459446,1,0,-73
1755868057.8839445,2,2,-61
1755868057.9199443,3,-2,-71
1755868057.9569447,-7,-2,-86
1755868057.9959445,3,-2,-77
1755868058.0339446,0,-5,-71
1755868058.0699446,0,-4,-59
1755868058.1069446,3,0,-69
1755868058.144945,3,0,-71
1755868058.1809447,6,-1,-71
1755868058.2179446,-1,-7,-60
1755868058.2559447,1,-2,-59
1755868058.2949443,2,3,-71
1755868058.3309443,8,0,-73
1755868058.3679447,4,0,-60
1755868058.4059446,-1,0,-70
1755868058.4439447,0,0,-77
1755868058.4799447,-4,0,-78
1755868058.5179446,-1,1,-73
1755868058.5559447,6,-1,-65
1755868058.5949447,0,2,-66
1755868058.6309447,-7,3,-61
1755868058.667945,0,-3,-67
1755868058.7069447,-4,-7,-77
1755868058.7449446,1,-3,-82
1755868058.7809446,0,-14,-77
1755868058.8189447,-1,-8,-73
1755868058.8569446,2,-3,-69
1755868058.8959446,-2,-6,-65
1755868058.9319446,0,0,-61
1755868058.9699447,0,-3,-75
1755868059.0079446,-1,-7,-82
1755868059.0459447,5,-4,-82
1755868059.0849447,-9,0,-72
1755868059.1209445,-3,0,-63
1755868059.157945,6,-5,-73
1755868059.1959443,-4,-6,-76
1755868059.2349446,-2,-1,-70
1755868059.2709446,-1,-1,-77
1755868059.3089447,3,-3,-74
1755868059.3469446,3,0,-72
1755868059.3859446,0,-9,-68
1755868059.4219446,-1,-2,-80
1755868059.4599447,-2,0,-73
1755868059.4979446,0,1,-69
1755868059.5369446,7,-2,-56
1755868059.5749447,-1,-6,-68
1755868059.6109445,1,0,-72
1755868059.6479447,-7,1,-72
1755868059.6869447,-11,0,-81
1755868059.7249446,3,1,-74
1755868059.7609446,-6,0,-68
1755868059.7979443,-1,3,-61
1755868059.8369446,-7,3,-76
1755868059.8749447,-6,7,-69
1755868059.9109447,0,1,-55
1755868059.9479446,1,-3,-69
1755868059.986945,9,0,-73
1755868060.0249443,3,3,-67
1755868060.0609446,4,0,-66
1755868060.0979445,0,-1,-71
1755868060.1369443,8,-2,-72
1755868060.1749446,6,-7,-65
1755868060.210945,3,-6,-62
1755868060.2479446,6,1,-67
1755868060.2859447,2,8,-74
1755868060.3219447,2,-1,-67
1755868060.3609445,-2,-6,-67
1755868060.3979447,0,-3,-76
1755868060.4369447,-9,-7,-77
1755868060.4729445,0,-6,-70
1755868060.5109446,-8,-1,-87
1755868060.5499446,0,2,-91
1755868060.5869446,-1,0,-85
1755868060.6259446,-7,-1,-78
1755868060.6619446,-11,-2,-81
1755868060.6999447,-10,8,-74
1755868060.7379446,0,8,-58
1755868060.7759447,-9,-4,-65
1755868060.8119447,-9,0,-74
1755868060.8499446,0,1,-74
1755868060.8869443,1,5,-74
1755868060.9239447,0,0,-76
1755868060.960945,-5,-2,-67
1755868060.9989443,-8,3,-68
1755868061.0369446,2,0,-70
1755868061.075945,2,-1,-82
1755868061.111945,2,2,-82
1755868061.1489446,3,1,-78
1755868061.187945,-8,-1,-79
1755868061.2259445,-8,-1,-75
1755868061.2619443,0,-1,-70
1755868061.2989447,-10,-2,-58
1755868061.3379445,0,1,-70
1755868061.3759446,0,-3,-67
1755868061.4119446,6,1,-68
1755868061.4499447,1,-4,-73
1755868061.4879446,-8,-2,-76
1755868061.5259447,-6,-1,-85
1755868061.5619447,0,1,-82
1755868061.5999446,-1,0,-71
1755868061.6379447,0,7,-72
1755868061.6759446,1,-1,-68
1755868061.7119446,4,0,-72
1755868061.7489443,-5,-2,-70
1755868061.7869446,-10,-6,-64
1755868061.8229446,-2,3,-69
1755868061.8599446,-7,-3,-83
1755868061.8979447,-6,0,-69
1755868061.9369447,-6,-4,-61
1755868061.9729445,4,4,-64
1755868062.009945,1,6,-69
1755868062.0479443,3,0,-71
1755868062.085945,4,-12,-72
1755868062.121945,-2,-1,-76
1755868062.1599443,-2,0,-68
1755868062.1989446,2,-1,-86
1755868062.236945,-3,-3,-83
1755868062.2729447,-8,-1,-81
1755868062.3119447,-12,1,-76
1755868062.348945,0,0,-80
1755868062.3869443,-5,5,-68
1755868062.4229443,-7,1,-63
1755868062.460945,-3,-2,-68
1755868062.4989443,-3,0,-73
1755868062.5379446,-5,1,-74
1755868062.5739446,-8,0,-63
1755868062.611945,-9,-1,-66
1755868062.6499443,-5,-8,-60
1755868062.687945,-4,-8,-71
1755868062.7269447,0,-5,-65
1755868062.7629447,1,-2,-71
1755868062.8009446,-1,-1,-71
1755868062.838945,8,-1,-69
1755868062.8779447,-2,-6,-77
1755868062.9139447,7,-3,-74
1755868062.950945,3,-2,-64
1755868062.9889443,0,-2,-77
1755868063.0279446,-3,3,-78
1755868063.0639446,-5,-3,-83
1755868063.1019447,-4,-6,-70
1755868063.1399446,-3,-5,-68
1755868063.1789446,-12,0,-66
1755868063.2169447,-3,-6,-62
1755868063.2529447,0,-6,-70
1755868063.2899446,0,-3,-67
1755868063.3289447,0,-4,-78
1755868063.3669446,0,-2,-84
1755868063.4029446,8,-4,-76
1755868063.4399445,0,-1,-64
1755868063.4789443,2,-1,-77
1755868063.5169446,5,-3,-67
1755868063.552945,10,0,-74
1755868063.5899446,0,-1,-66
1755868063.6289446,-2,0,-65
1755868063.6669445,2,-3,-79
1755868063.7029445,-3,-1,-73
1755868063.7419446,3,0,-72
1755868063.7789447,0,2,-69
1755868063.8169446,4,5,-71
1755868063.8529446,4,1,-67
1755868063.8899446,-2,-2,-70
1755868063.9289446,-6,3,-82
1755868063.9649446,-4,0,-75
1755868064.0029447,-1,-2,-73
1755868064.0409446,-6,-6,-81
1755868064.0789447,-3,-13,-75
1755868064.1179447,7,-3,-84
1755868064.1539447,3,-1,-73
1755868064.190945,0,-3,-65
1755868064.2289443,4,2,-76
1755868064.2649446,2,-1,-72
1755868064.302945,0,1,-72
1755868064.3399446,0,0,-76
1755868064.3789446,1,0,-69
1755868064.4149446,-2,-3,-66
1755868064.4529445,-6,-3,-73
1755868064.4919446,-3,4,-65
1755868064.5289447,-6,-1,-67
1755868064.5679443,4,-4,-57
1755868064.6039443,-1,0,-67
1755868064.6409447,5,1,-78
1755868064.6799445,0,2,-73
1755868064.7179446,9,-1,-68
1755868064.7539446,11,0,-75
1755868064.7909446,2,-1,-58
1755868064.8299446,-2,0,-66
1755868064.8679447,-7,2,-74
1755868064.9039447,0,3,-72
1755868064.940945,1,1,-77
1755868064.9789443,0,3,-78
1755868065.0149446,-1,-5,-74
1755868065.052945,2,-6,-73
1755868065.0909443,7,1,-70
1755868065.1299446,7,-1,-89
1755868065.167945,4,-2,-80
1755868065.2039447,3,1,-74
1755868065.2409446,-5,2,-68
1755868065.279945,8,-2,-77
1755868065.3179443,1,0,-70
1755868065.3539443,4,-7,-68
1755868065.3909447,2,-5,-70
1755868065.4299445,-1,-3,-69
1755868065.4679446,-1,-1,-77
1755868065.5039446,-1,-7,-77
1755868065.5419445,4,-10,-78
1755868065.5799446,4,1,-73
1755868065.6179447,10,1,-70
1755868065.6539447,4,3,-69
1755868065.690945,-1,3,-79
1755868065.7299447,1,1,-78
1755868065.7659447,1,0,-71
1755868065.802945,1,5,-73
1755868065.8399446,2,5,-71
1755868065.8789446,4,-3,-67
1755868065.9149446,1,-4,-67
1755868065.9519446,-4,-2,-69
1755868065.9899447,0,-3,-70
1755868066.0289447,1,0,-65
1755868066.0649445,2,6,-69
1755868066.1019447,1,2,-63
1755868066.1399446,0,3,-65
1755868066.1759446,2,-2,-63
1755868066.213945,6,-11,-63
1755868066.2519443,-1,5,-64
1755868066.2899446,-2,3,-69
1755868066.3289447,1,4,-77
1755868066.3649447,4,0,-64
1755868066.4109447,-1,-7,-76
1755868066.4489446,-1,0,-86
1755868066.4849446,1,-1,-87
1755868066.5219443,3,1,-83
1755868066.5599446,7,0,-84
1755868066.5959446,0,3,-76
1755868066.6329446,-9,0,-76
1755868066.6719446,-5,-5,-69
1755868066.7099447,1,1,-71
1755868066.7459445,3,1,-79
1755868066.782945,1,2,-67
1755868066.8209443,-4,0,-74
1755868066.858945,4,0,-79
1755868066.894945,2,1,-71
1755868066.9319446,6,0,-70
1755868066.9709446,6,6,-68
1755868067.0089445,4,0,-66
1755868067.0449443,2,-1,-74
1755868067.0819447,3,2,-67
1755868067.1209445,-5,-2,-69
1755868067.1589446,3,-2,-73
1755868067.1949446,4,-7,-82
1755868067.2319446,3,-8,-72
1755868067.2709446,8,-5,-68
1755868067.3089447,-3,-5,-74
1755868067.3449447,-3,0,-86
1755868067.3829446,4,-1,-78
1755868067.4219446,6,0,-62
1755868067.4599447,-3,3,-67
1755868067.4959445,0,5,-60
1755868067.532945,3,-1,-64
1755868067.5719447,3,0,-71
1755868067.6099446,-3,-1,-70
1755868067.6459446,2,0,-75
1755868067.6829443,9,-3,-70
1755868067.7219446,3,5,-75
1755868067.759945,0,1,-79
1755868067.7959447,-6,0,-70
1755868067.8329446,3,2,-82
1755868067.8709445,6,-3,-65
1755868067.9099443,5,-2,-68
1755868067.9459443,6,-5,-71
1755868067.983945,2,7,-80
1755868068.0209446,5,-1,-68
1755868068.0599446,0,-1,-70
1755868068.0959446,0,-3,-77
1755868068.1339445,-2,-4,-70
1755868068.1709447,-5,-8,-74
1755868068.2099447,-5,-5,-74
1755868068.2459445,-8,-4,-71
1755868068.2839446,0,0,-61
1755868068.3219447,-1,-3,-70
1755868068.3599446,-5,3,-70
1755868068.3959446,-4,2,-70
1755868068.4329443,-2,-1,-75
1755868068.4719446,6,7,-76
1755868068.509945,4,-4,-75
1755868068.5459447,-6,-6,-73
1755868068.5839446,-3,-2,-84
1755868068.621945,-1,1,-82
1755868068.6609447,6,0,-68
1755868068.6969447,0,-4,-71
1755868068.733945,-1,-1,-66
1755868068.7719443,-5,-5,-67
1755868068.8109446,0,-2,-79
1755868068.8469446,2,-4,-83
1755868068.8839445,7,-3,-80
1755868068.9219446,6,-5,-73
1755868068.960945,-2,-7,-68
1755868068.996945,0,-1,-84
1755868069.0339446,4,-3,-71
1755868069.0719447,-4,-1,-76
1755868069.1109445,3,-4,-84
1755868069.1469443,1,2,-68
1755868069.1839447,-4,4,-76
1755868069.2229445,-6,4,-76
1755868069.2609446,-3,0,-74
1755868069.2969446,1,0,-74
1755868069.3339446,3,0,-77
1755868069.371945,0,3,-65
1755868069.407945,1,8,-77
1755868069.4449446,0,7,-80
1755868069.4819446,0,3,-80
1755868069.5179446,-2,4,-77
1755868069.5559447,-1,1,-68
1755868069.5939443,4,4,-64
1755868069.631945,5,-1,-56
1755868069.6709447,-1,-6,-75
1755868069.7069447,8,2,-75
1755868069.7439446,-5,2,-78
1755868069.7819445,-7,0,-64
1755868069.8209443,2,0,-69
1755868069.8569446,0,0,-77
1755868069.8939445,0,-3,-85
1755868069.9319446,-6,-7,-69
1755868069.9709446,-2,-8,-67
1755868070.006945,1,-4,-72
1755868070.0439446,-1,-3,-62
1755868070.0819447,3,-3,-66
1755868070.1209445,6,-6,-73
1755868070.1569445,4,-5,-79
1755868070.1949446,2,2,-65
1755868070.2329447,1,-4,-74
1755868070.2709446,1,0,-95
1755868070.3069446,-5,4,-83
1755868070.3439443,-2,-1,-83
1755868070.3829446,0,2,-85
1755868070.4209447,0,-2,-68
1755868070.4569447,-3,1,-64
1755868070.4939446,0,-3,-70
1755868070.532945,2,0,-69
1755868070.5709443,-2,0,-62
1755868070.6069446,5,2,-62
1755868070.6439445,5,4,-73
1755868070.6829443,7,-1,-67
1755868070.7209446,-1,-1,-63
1755868070.756945,0,8,-72
1755868070.7939446,3,4,-83
1755868070.8319447,0,-2,-77
1755868070.8679447,-2,-3,-72
1755868070.9059446,0,-8,-68
1755868070.9439447,3,-6,-77
1755868070.9829447,1,0,-78
1755868071.0209446,1,0,-71
1755868071.0569446,-2,4,-75
1755868071.0939443,-2,1,-77
1755868071.1329446,8,-5,-74
1755868071.1689446,7,-7,-68
1755868071.2069447,8,-2,-62
1755868071.2449446,2,-2,-71
1755868071.282945,-9,0,-68
1755868071.3219447,-4,0,-79
1755868071.3579447,0,-1,-68
1755868071.3959446,-3,-5,-62
1755868071.4339447,0,-1,-70
1755868071.4729445,0,3,-65
1755868071.5089445,2,6,-69
1755868071.5459447,3,3,-83
1755868071.5829446,-6,-2,-79
1755868071.621945,0,0,-74
1755868071.657945,-5,-2,-65
1755868071.6959443,-1,0,-74
1755868071.733945,0,1,-77
1755868071.7729447,5,-1,-58
1755868071.8089447,11,1,-67
1755868071.8459446,9,0,-78
1755868071.8839445,0,2,-76
1755868071.9219446,-5,2,-77
1755868071.9579446,-3,-2,-79
1755868071.9959445,0,-3,-78
1755868072.0339446,0,0,-79
1755868072.0729446,-2,2,-74
1755868072.108945,4,2,-66
1755868072.1469443,2,5,-66
1755868072.1839447,6,-1,-76
1755868072.2229445,3,0,-72
1755868072.2589445,5,6,-76
1755868072.2959447,4,1,-85
1755868072.3339446,-3,-1,-74
1755868072.371945,1,3,-65
1755868072.407945,4,7,-70
1755868072.4459443,0,2,-75
1755868072.483945,2,-5,-70
1755868072.5219443,6,-4,-82
1755868072.5579443,4,-3,-76
1755868072.5969446,12,-4,-67
1755868072.6339445,0,2,-82
1755868072.6729443,-6,6,-66
1755868072.7089446,-6,1,-79
1755868072.7459445,-7,-2,-75
1755868072.7839446,-3,-1,-75
1755868072.8229446,-1,-4,-68
1755868072.858945,-5,1,-74
1755868072.8959446,0,3,-71
1755868072.9339447,-4,-2,-68
1755868072.9699447,0,0,-72
1755868073.006945,0,-6,-83
1755868073.0449443,3,-12,-77
1755868073.0839446,2,-2,-72
1755868073.1199446,4,2,-65
1755868073.1569445,5,0,-78
1755868073.1939447,-4,-3,-81
1755868073.2329447,-5,2,-84
1755868073.2689445,-1,-3,-85
1755868073.3069446,1,1,-83
1755868073.3449447,1,-3,-82
1755868073.3839445,-3,-1,-74
1755868073.4199443,0,2,-83
1755868073.4569447,4,0,-69
1755868073.4939446,2,2,-75
1755868073.529945,1,4,-62
1755868073.5669446,1,2,-67
1755868073.6049447,8,1,-81
1755868073.6429446,0,2,-82
1755868073.6789446,2,5,-70
1755868073.7159443,-5,2,-66
1755868073.7549446,2,1,-74
1755868073.792945,0,-4,-87
1755868073.8289447,-6,-1,-68
1755868073.8669446,-5,8,-79
1755868073.904945,-7,8,-74
1755868073.9439447,-3,-1,-75
1755868073.9799447,1,0,-81
1755868074.0169446,0,4,-77
1755868074.0549445,1,2,-70
1755868074.0929446,4,-6,-69
1755868074.1289446,1,-10,-67
1755868074.1669445,4,1,-85
1755868074.2049446,-3,3,-75
1755868074.2439446,-2,0,-75
1755868074.279945,-1,0,-75
1755868074.3169446,1,2,-70
1755868074.3549447,5,2,-70
1755868074.3929446,-2,3,-70
1755868074.4289446,8,-4,-59
1755868074.4669447,-3,0,-61
1755868074.5049446,0,1,-61
1755868074.542945,-1,-1,-66
1755868074.5789447,1,0,-79
1755868074.6159446,6,0,-65
1755868074.6539447,-3,2,-66
1755868074.6899445,-2,3,-66
1755868074.7269447,-2,2,-77
1755868074.7649446,-3,14,-81
1755868074.8039446,-1,5,-78
1755868074.8399446,-1,3,-78
1755868074.8769443,0,2,-72
1755868074.9149446,-2,-1,-65
1755868074.9539447,-5,0,-63
1755868074.9899447,-6,-5,-66
1755868075.0279446,-2,0,-61
1755868075.065945,0,1,-71
1755868075.1039443,-3,-1,-73
1755868075.1399446,-5,-1,-66
1755868075.177945,-1,7,-74
1755868075.2159443,-4,-1,-79
1755868075.2549446,0,-1,-70
1755868075.2909446,5,-5,-62
1755868075.3279445,-2,1,-71
1755868075.3659446,-4,4,-71
1755868075.404945,-5,-3,-66
1755868075.440945,4,-2,-72
1755868075.4789443,0,0,-78
1755868075.5169446,2,1,-80
1755868075.5559447,4,3,-72
1755868075.5939443,0,-6,-56
1755868075.6299446,-7,1,-63
1755868075.6669445,-1,3,-76
1755868075.7059443,-2,-7,-79
1755868075.7439446,-2,0,-79
1755868075.779945,-1,3,-77
1755868075.8179443,-3,2,-74
1755868075.8569446,-5,5,-74
1755868075.894945,0,1,-77
1755868075.9309447,4,1,-71
1755868075.9679446,1,0,-73
1755868076.0059447,-8,2,-72
1755868076.0449443,-8,1,-78
1755868076.0809443,-6,0,-70
1755868076.1179447,-6,0,-66
1755868076.1569445,-2,2,-66
1755868076.1949446,-2,2,-66
1755868076.2309446,-1,-2,-71
1755868076.269945,-3,1,-64
1755868076.3069446,-4,0,-70
1755868076.3459446,2,1,-75
1755868076.3839445,0,-2,-86
1755868076.427945,-4,2,-79
1755868076.4659443,-4,-1,-84
1755868076.5049446,0,-4,-75
1755868076.5409446,2,0,-72
1755868076.5779445,5,-2,-79
1755868076.6159446,-2,0,-74
1755868076.654945,-3,1,-64
1755868076.690945,-10,2,-77
1755868076.7289443,-5,-2,-68
1755868076.7669446,-8,0,-64
1755868076.8059447,-6,-5,-55
1755868076.8419447,0,-12,-65
1755868076.8799446,-2,-11,-66
1755868076.9189446,-6,-2,-73
1755868076.9569447,0,-5,-70
1755868076.9949446,2,0,-86
1755868077.0309446,7,-5,-68
1755868077.0679443,10,1,-76
1755868077.1059446,8,2,-69
1755868077.1419446,4,6,-76
1755868077.1789446,3,0,-68
1755868077.2159443,5,3,-65
1755868077.2519443,3,2,-59
1755868077.2899446,-2,-5,-65
1755868077.3269446,1,-4,-74
1755868077.3659446,5,-2,-74
1755868077.4019446,8,1,-76
1755868077.4399445,3,3,-70
1755868077.4769447,-1,-3,-86
1755868077.5159447,-5,-4,-101
1755868077.5519447,-8,-5,-94
1755868077.5899446,-3,1,-68
1755868077.6279447,4,0,-73
1755868077.6659446,2,3,-64
1755868077.7019446,5,1,-73
1755868077.7399447,4,5,-70
1755868077.7769446,0,-3,-76
1755868077.815945,2,-5,-75
1755868077.8519447,-2,2,-69
1755868077.8899446,-2,0,-77
1755868077.927945,-1,8,-62
1755868077.9669447,1,3,-65
1755868078.0049446,7,-6,-70
1755868078.0409446,1,-4,-69
1755868078.0779445,3,3,-74
1755868078.1159446,-4,1,-80
1755868078.1519446,0,1,-76
1755868078.1899445,-3,0,-69
1755868078.2279446,2,-5,-67
1755868078.2669446,-1,-4,-69
1755868078.302945,-4,-4,-72
1755868078.3409443,2,-2,-73
1755868078.3789446,0,-9,-66
1755868078.4169445,3,-1,-70
1755868078.4559443,8,-1,-81
1755868078.4919446,0,0,-84
1755868078.5289447,-5,-3,-72
1755868078.5669446,-4,-1,-76
1755868078.6059446,-1,4,-76
1755868078.6419446,-6,0,-81
1755868078.6789446,3,4,-85
1755868078.7169447,-3,3,-72
1755868078.7559447,-4,0,-66
1755868078.7919445,4,-4,-80
1755868078.8289447,-5,0,-73
1755868078.8669446,0,2,-77
1755868078.9059446,2,0,-84
1755868078.9419446,6,3,-69
1755868078.9789443,3,-3,-80
1755868079.0169446,8,0,-77
1755868079.0559447,6,2,-80
1755868079.0919447,-1,6,-71
1755868079.1289446,0,1,-62
1755868079.1669445,0,2,-72
1755868079.2029445,3,-2,-73
1755868079.2399447,6,-5,-64
1755868079.2779446,3,2,-75
1755868079.3169446,-2,0,-86
1755868079.3529446,-2,-3,-82
1755868079.3909447,-1,0,-80
1755868079.4289446,0,0,-85
1755868079.4669447,3,-1,-77
1755868079.5029447,0,5,-63
1755868079.5399446,6,-2,-66
1755868079.5779445,0,1,-65
1755868079.6169446,-6,-4,-68
1755868079.6529446,-2,3,-74
1755868079.6899445,0,-2,-76
1755868079.7279446,-4,-5,-77
1755868079.7669446,3,-1,-72
1755868079.802945,0,5,-81
1755868079.8399446,-1,-1,-72
1755868079.8779447,-4,-3,-67
1755868079.9169445,-2,-2,-69
1755868079.9529445,1,0,-81
1755868079.9899447,-1,3,-70
1755868080.0279446,-2,-4,-81
1755868080.0669446,-5,7,-78
1755868080.1029446,-6,9,-70
1755868080.1399446,-6,-2,-73
1755868080.177945,0,-2,-75
1755868080.2169447,9,0,-69
1755868080.2529447,0,2,-63
1755868080.2909446,-2,-3,-77
1755868080.3289447,-2,5,-66
1755868080.3679447,4,-1,-68
1755868080.4039447,3,2,-69
1755868080.4419446,2,-3,-69
1755868080.4799447,0,-3,-74
1755868080.5189445,3,-3,-85
1755868080.5569446,-1,-5,-77
1755868080.5939443,0,0,-71
1755868080.6309447,0,2,-68
1755868080.6689446,-5,0,-64
1755868080.7069447,0,-1,-71
1755868080.7429447,-3,0,-55
1755868080.779945,-2,-3,-56
1755868080.8189447,-4,-5,-73
1755868080.8569446,2,0,-77
1755868080.8939445,-1,0,-76
1755868080.9309447,0,-1,-82
1755868080.9689443,1,-2,-83
1755868081.0079446,-6,-2,-70
1755868081.0439446,-7,-6,-69
1755868081.0819447,1,3,-71
1755868081.1189446,-1,-1,-74
1755868081.157945,-1,1,-72
1755868081.1939447,1,-3,-87
1755868081.2319446,1,0,-83
1755868081.2689445,-7,3,-80
1755868081.3079443,-4,4,-86
1755868081.3439443,4,7,-77
1755868081.3809447,1,2,-80
1755868081.4189446,0,4,-57
1755868081.4569447,4,-3,-69
1755868081.4929447,3,-2,-74
1755868081.529945,3,4,-65
1755868081.5679443,3,0,-71
1755868081.6039443,-2,0,-64
1755868081.6429446,-4,0,-76
1755868081.6799445,1,1,-66
1755868081.7179446,6,0,-64
1755868081.7539446,7,7,-64
1755868081.7919445,4,0,-72
1755868081.8299446,1,0,-72
1755868081.8679447,-2,0,-79
1755868081.9039447,8,0,-79
1755868081.9419446,-4,-1,-75
1755868081.9799447,-6,-3,-82
1755868082.0189445,-2,3,-73
1755868082.0549445,0,-1,-80
1755868082.0929446,-8,2,-74
1755868082.1299446,-2,-7,-63
1755868082.1689446,1,-1,-76
1755868082.2049446,-1,5,-63
1755868082.2429447,6,-4,-71
1755868082.279945,4,0,-62
1755868082.3189447,-1,-2,-60
1755868082.3549447,4,-1,-64
1755868082.3919446,0,-4,-68
1755868082.4299445,-3,-2,-75
1755868082.4689443,-5,0,-75
1755868082.5049446,-9,5,-64
1755868082.542945,-4,0,-69
1755868082.5799446,6,0,-74
1755868082.6179447,-1,-6,-72
1755868082.6539447,2,-3,-63
1755868082.6919446,-6,0,-76
1755868082.7299447,-2,0,-66
1755868082.7689445,-7,-5,-65
1755868082.8049445,-1,-4,-70
1755868082.8429446,-2,0,-74
1755868082.8809447,3,-6,-67
1755868082.9199443,4,-4,-67
1755868082.9579446,1,2,-82
1755868082.9939446,8,6,-84
1755868083.0309446,4,9,-79
1755868083.0689447,6,-5,-70
1755868083.1049447,3,3,-77
1755868083.1419446,0,0,-80
1755868083.1799445,-4,-1,-78
1755868083.2189443,6,0,-74
1755868083.2549446,-1,-1,-83
1755868083.292945,-2,0,-71
1755868083.3309443,2,1,-76
1755868083.3699446,2,3,-74
1755868083.407945,0,-2,-81
1755868083.4439447,0,1,-71
1755868083.4809446,3,-2,-77
1755868083.519945,7,-4,-72
1755868083.5579443,-2,-9,-69
1755868083.5939443,0,0,-77
1755868083.6309447,5,2,-74
1755868083.6689446,-3,5,-72
1755868083.7049446,-2,0,-72
1755868083.7419446,-6,-5,-73
1755868083.779945,2,0,-62
1755868083.815945,3,2,-83
1755868083.8529446,2,3,-72
1755868083.8909447,-1,2,-69
1755868083.9299445,1,-2,-74
1755868083.9659443,-3,2,-77
1755868084.0029447,0,0,-78
1755868084.0409446,1,3,-69
1755868084.0789447,-2,8,-78
1755868084.1149447,-6,2,-84
1755868084.1519446,-7,0,-83
1755868084.1899445,-7,2,-74
1755868084.2289443,-5,1,-70
1755868084.2649446,7,5,-75
1755868084.3019447,8,-3,-63
1755868084.3399446,-1,1,-65
1755868084.3789446,-1,0,-65
1755868084.4149446,1,0,-61
1755868084.4529445,-10,1,-59
1755868084.4909446,-2,4,-59
1755868084.529945,7,9,-73
1755868084.565945,4,2,-61
1755868084.6029446,7,3,-69
1755868084.6409447,-5,-4,-66
1755868084.6789446,1,1,-61
1755868084.7149446,1,0,-73
1755868084.7529447,-1,-2,-65
1755868084.7909446,-5,-1,-61
1755868084.8299446,-7,-1,-76
1755868084.8659446,1,0,-79
1755868084.9029446,-4,-4,-64
1755868084.940945,9,3,-60
1755868084.9799447,2,5,-66
1755868085.0159447,1,1,-68
1755868085.052945,-1,0,-71
1755868085.0909443,4,0,-73
1755868085.1299446,5,4,-67
1755868085.1659446,0,2,-70
1755868085.2029445,-3,4,-74
1755868085.2419446,-4,-1,-71
1755868085.279945,-5,-1,-75
1755868085.315945,0,0,-66
1755868085.3529446,-3,-9,-68
1755868085.3919446,2,-5,-68
1755868085.4299445,9,-1,-77
1755868085.4659443,2,-7,-76
1755868085.5039446,-5,-2,-75
1755868085.5419445,2,-2,-69
1755868085.5809443,0,-1,-75
1755868085.6169446,-3,0,-84
1755868085.654945,-1,-4,-66
1755868085.6929443,-7,-1,-66
1755868085.7309446,0,-2,-75
1755868085.769945,-6,-3,-73
1755868085.8059447,-3,-4,-67
1755868085.8439443,-5,-1,-76
1755868085.881945,0,-3,-67
1755868085.9209447,2,-1,-69
1755868085.9569447,3,-1,-65
1755868085.9949446,7,2,-74
1755868086.0319445,2,0,-79
1755868086.0699446,6,-1,-85
1755868086.1059446,0,2,-82
1755868086.144945,-2,-4,-81
1755868086.1819446,-5,-5,-75
1755868086.2209446,-1,0,-73
1755868086.256945,-3,-4,-75
1755868086.2949443,4,3,-68
1755868086.3319447,0,-6,-72
1755868086.3709445,0,1,-81
1755868086.4069445,-1,0,-71
1755868086.4529445,3,3,-72
1755868086.4909446,4,4,-62
1755868086.5269446,4,6,-74
1755868086.5639446,3,-1,-77
1755868086.6019447,1,-2,-63
1755868086.6409447,5,1,-76
1755868086.6769447,12,-4,-70
1755868086.713945,1,-2,-69
1755868086.7519443,1,-5,-67
1755868086.7909446,2,-1,-68
1755868086.8269446,1,-7,-77
1755868086.8639443,-2,-7,-75
1755868086.9019446,-3,-3,-75
1755868086.940945,2,4,-84
1755868086.9769447,2,5,-91
1755868087.0139446,-3,-1,-85
1755868087.0519447,-6,-10,-73
1755868087.0909443,-2,-5,-69
1755868087.1269443,0,-4,-61
1755868087.1639447,6,1,-65
1755868087.2019446,-1,5,-67
1755868087.2409446,-1,7,-69
1755868087.2769446,-6,4,-75
1755868087.3139446,-2,-1,-76
1755868087.3529446,-2,4,-69
1755868087.3909447,1,4,-68
1755868087.4269447,0,2,-66
1755868087.463945,8,3,-62
1755868087.5019443,3,-2,-77
1755868087.5409446,8,-1,-60
1755868087.5769446,-2,10,-59
1755868087.6139443,3,-1,-75
1755868087.6519446,4,1,-75
1755868087.687945,5,1,-67
1755868087.7249446,2,1,-73
1755868087.7619443,3,-1,-72
1755868087.8009446,5,1,-69
1755868087.8369446,0,2,-77
1755868087.8739443,2,0,-73
1755868087.9119446,-3,5,-79
1755868087.9479446,-6,2,-73
1755868087.9849446,-6,0,-67
1755868088.0229447,0,-2,-63
1755868088.0619447,-2,5,-65
1755868088.0979445,0,0,-63
1755868088.134945,0,-5,-69
1755868088.1729443,0,-2,-66
1755868088.2119446,1,-5,-69
1755868088.2479446,0,-1,-63
1755868088.2849443,-4,0,-75
1755868088.3229446,-1,-7,-78
1755868088.361945,-5,-3,-76
1755868088.3979447,-4,-3,-71
1755868088.4359446,3,3,-71
1755868088.473945,6,6,-78
1755868088.5119443,-3,11,-72
1755868088.5479443,0,3,-72
1755868088.585945,5,-1,-78
1755868088.6239443,0,2,-83
1755868088.6619446,0,-1,-80
1755868088.6979446,-3,-4,-71
1755868088.7359445,0,0,-68
1755868088.7739446,5,0,-68
1755868088.8119447,3,0,-59
1755868088.8479445,3,4,-66
1755868088.884945,-3,0,-75
1755868088.9229443,-6,-1,-73
1755868088.9619446,-2,-3,-83
1755868088.9979446,5,0,-78
1755868089.0349443,3,0,-77
1755868089.0729446,1,0,-67
1755868089.1109445,2,2,-70
1755868089.1469443,3,0,-69
1755868089.1849446,1,-3,-69
1755868089.223945,1,5,-67
1755868089.2619443,1,3,-80
1755868089.2979443,-8,4,-76
1755868089.335945,2,7,-73
1755868089.3739443,4,1,-70
1755868089.4119446,-1,0,-72
1755868089.4479446,2,0,-78
1755868089.4859445,0,-5,-75
1755868089.5239446,2,2,-72
1755868089.5619447,2,-5,-71
1755868089.5979445,3,-1,-76
1755868089.6359446,4,-14,-81
1755868089.6739447,2,-8,-66
1755868089.7129445,3,-2,-79
1755868089.7489443,-1,-2,-65
1755868089.7869446,1,1,-73
1755868089.8239446,-3,0,-64
1755868089.8629446,-4,0,-78
1755868089.8989446,-6,2,-72
1755868089.9369447,-3,7,-67
1755868089.9749446,4,4,-72
1755868090.0129447,6,1,-67
1755868090.0489447,3,3,-65
1755868090.085945,-1,1,-74
1755868090.1239443,9,0,-80
1755868090.1629446,0,-3,-78
1755868090.1989446,-2,-4,-77
1755868090.236945,-1,-3,-67
1755868090.2749443,-2,-6,-76
1755868090.3139446,0,3,-81
1755868090.3519447,3,-1,-69
1755868090.3879447,7,-7,-70
1755868090.4249446,1,-5,-62
1755868090.463945,5,0,-79
1755868090.5019443,0,0,-74
1755868090.5379446,0,0,-67
1755868090.5749447,2,-5,-65
1755868090.6139443,-1,-4,-71
1755868090.6519446,7,0,-71
1755868090.687945,8,-3,-63
1755868090.7259445,7,0,-73
1755868090.7639446,6,-1,-76
1755868090.802945,6,3,-63
1755868090.838945,9,3,-72
1755868090.8759446,0,-1,-70
1755868090.9139447,-8,-3,-74
1755868090.9529445,2,-5,-72
1755868090.9899447,5,-5,-67
1755868091.0269446,2,0,-61
1755868091.0649445,3,-1,-78
1755868091.1029446,4,-1,-70
1755868091.1389446,0,-9,-72
1755868091.1759446,0,-7,-82
1755868091.213945,4,-3,-74
1755868091.2529447,-2,-2,-72
1755868091.2889447,-4,0,-70
1755868091.3269446,-5,4,-61
1755868091.3649447,1,-2,-57
1755868091.4039447,2,4,-80
1755868091.4399445,7,6,-85
1755868091.4769447,0,-4,-72
1755868091.5149446,2,-5,-55
1755868091.5539446,-1,-6,-65
1755868091.5899446,11,0,-72
1755868091.6269443,0,-5,-80
1755868091.6649446,0,0,-70
1755868091.7029445,14,1,-64
1755868091.7389443,3,6,-67
1755868091.7759447,3,1,-76
1755868091.8149445,0,0,-70
1755868091.8529446,3,0,-70
1755868091.8889446,4,1,-66
1755868091.9259446,4,2,-69
1755868091.963945,0,-2,-72
1755868091.9999447,0,0,-69
1755868092.0369446,-2,-3,-76
1755868092.0749447,-1,1,-71
1755868092.1139443,2,2,-66
1755868092.1509447,0,0,-71
1755868092.187945,1,-4,-60
1755868092.2259445,3,-8,-58
1755868092.2649446,1,-3,-72
1755868092.302945,3,-3,-76
1755868092.338945,5,-4,-65
1755868092.3759446,-1,0,-65
1755868092.4149446,3,2,-80
1755868092.4529445,1,0,-69
1755868092.4889443,1,1,-75
1755868092.5259447,4,-3,-69
1755868092.5649445,-6,0,-73
1755868092.6029446,-2,-3,-74
1755868092.6399446,-3,-1,-71
1755868092.677945,-3,4,-69
1755868092.7159443,2,4,-71
1755868092.7539446,0,8,-69
1755868092.7899446,-4,3,-71
1755868092.8269446,-1,0,-67
1755868092.8649447,-8,-7,-75
1755868092.9039447,-5,-5,-80
1755868092.9399445,-6,0,-69
1755868092.9769447,-6,2,-72
1755868093.0149446,-4,-2,-70
1755868093.0539446,1,-3,-69
1755868093.0899446,3,3,-73
1755868093.1269443,3,0,-69
1755868093.1649446,9,6,-69
1755868093.200945,3,4,-64
1755868093.2389443,10,4,-69
1755868093.2759447,1,0,-71
1755868093.3139446,-2,0,-78
1755868093.3499446,-2,4,-84
1755868093.3879447,1,0,-59
1755868093.4249446,2,0,-68
1755868093.460945,3,3,-67
1755868093.4979446,1,0,-77
1755868093.5359447,0,3,-70
1755868093.5739446,4,-3,-78
1755868093.6099446,-2,-2,-75
1755868093.6479447,0,-2,-72
1755868093.6859446,0,-3,-68
1755868093.7249446,5,-1,-69
1755868093.7609446,8,-4,-75
1755868093.7979443,6,-1,-79
1755868093.835945,3,-2,-71
1755868093.8749447,8,-3,-85
1755868093.9109447,3,-1,-81
1755868093.9489446,4,0,-84
1755868093.9859445,-3,-1,-78
1755868094.0249443,0,-5,-78
1755868094.0609446,-2,-4,-66
1755868094.098945,2,2,-82
1755868094.1369443,0,5,-82
1755868094.1749446,0,2,-81
1755868094.210945,0,1,-63
1755868094.2479446,3,2,-77
1755868094.2859447,0,-2,-75
1755868094.3239446,3,3,-62
1755868094.3599446,1,-3,-72
1755868094.3969443,-1,-7,-61
1755868094.4359446,3,0,-64
1755868094.473945,7,-3,-66
1755868094.509945,0,-1,-78
1755868094.5469446,-4,2,-81
1755868094.585945,1,-2,-64
1755868094.621945,0,-2,-73
1755868094.6589446,-4,2,-62
1755868094.6969447,3,-3,-78
1755868094.7359445,4,-2,-82
1755868094.7719443,6,1,-68
1755868094.8089447,8,-5,-70
1755868094.8469446,1,-2,-71
1755868094.8859446,-5,0,-74
1755868094.9219446,-11,-7,-67
1755868094.9599447,-2,-6,-68
1755868094.9979446,-2,-3,-58
1755868095.0359447,8,-10,-60
1755868095.0749447,-1,-3,-68
1755868095.1109445,-1,-6,-73
1755868095.1489446,-5,3,-84
1755868095.187945,2,-1,-71
1755868095.2259445,-1,-3,-63
1755868095.2619443,-3,0,-71
1755868095.2989447,-4,2,-74
1755868095.3369446,-8,-3,-67
1755868095.3759446,0,3,-65
1755868095.4119446,1,6,-75
1755868095.4489446,3,3,-74
1755868095.486945,0,-1,-67
1755868095.5249443,8,0,-62
1755868095.5609446,4,0,-56
1755868095.598945,0,2,-63
1755868095.6369443,-1,2,-71
1755868095.6749446,1,-4,-74
1755868095.710945,6,-11,-77
1755868095.7489443,0,2,-67
1755868095.7869446,-5,-4,-76
1755868095.825945,-4,-6,-64
1755868095.861945,-2,-4,-75
1755868095.8999443,1,-7,-66
1755868095.937945,-1,-7,-73
1755868095.9769447,-5,-3,-66
1755868096.0149446,-5,-2,-80
1755868096.0509446,1,-1,-77
1755868096.0879445,2,4,-66
1755868096.1259446,1,1,-71
1755868096.1619446,-2,1,-66
1755868096.1989446,-6,2,-69
1755868096.2379446,0,4,-77
1755868096.2759447,-1,5,-72
1755868096.3119447,4,0,-75
1755868096.3499446,6,-1,-65
1755868096.3879447,4,-3,-71
1755868096.4259446,3,-5,-74
1755868096.4689443,3,-2,-75
1755868096.5079446,10,9,-67
1755868096.5459447,3,5,-69
1755868096.5819447,0,6,-60
1755868096.6189446,2,2,-63
1755868096.6569445,-6,0,-79
1755868096.6929443,-1,-6,-84
1755868096.7309446,2,-2,-71
1755868096.7689445,-1,0,-68
1755868096.8079443,4,-6,-61
1755868096.8459446,1,-3,-68
1755868096.881945,8,-6,-59
1755868096.9189446,-10,-5,-59
1755868096.9569447,-6,5,-65
1755868096.9959445,-12,-1,-74
1755868097.0319445,-10,-4,-73
1755868097.0709443,-6,1,-62
1755868097.1079447,0,-5,-68
1755868097.1469443,-2,-1,-75
1755868097.1829443,-2,-3,-75
1755868097.2209446,2,-2,-68
1755868097.2589445,0,1,-74
1755868097.2969446,-2,3,-76
1755868097.3329446,1,0,-67
1755868097.3709445,1,-2,-61
1755868097.407945,-2,-5,-80
1755868097.4469447,2,-3,-85
1755868097.4829447,-1,-1,-78
1755868097.5209446,-2,2,-68
1755868097.5589447,4,-3,-79
1755868097.5979445,0,-4,-70
1755868097.6359446,4,-2,-75
1755868097.6729443,2,0,-72
1755868097.7099447,4,-2,-87
1755868097.7479446,0,-5,-75
1755868097.7869446,1,3,-75
1755868097.8229446,-2,1,-66
1755868097.8599446,-2,-2,-78
1755868097.8979447,-1,-1,-67
1755868097.9369447,-1,-4,-84
1755868097.9729445,6,0,-82
1755868098.009945,-2,3,-81
1755868098.0479443,5,0,-71
1755868098.0869446,0,-2,-75
1755868098.1229446,-1,2,-67
1755868098.1599443,1,6,-93
1755868098.1979446,5,0,-80
1755868098.233945,3,-4,-86
1755868098.2709446,2,0,-76
1755868098.3079443,0,1,-73
1755868098.3469446,2,-7,-75
1755868098.3829446,0,-6,-75
1755868098.4199443,1,5,-67
1755868098.4579446,5,1,-73
1755868098.4939446,-5,-3,-73
1755868098.5319445,1,9,-82
1755868098.5699446,-4,3,-68
1755868098.6079447,0,5,-65
1755868098.6439445,4,4,-66
1755868098.6809447,2,0,-68
1755868098.7179446,0,-3,-70
1755868098.756945,0,-5,-67
1755868098.792945,-3,-3,-69
1755868098.8309443,0,-2,-69
1755868098.8699446,2,-4,-64
1755868098.907945,1,-2,-62
1755868098.9439447,0,-4,-65
1755868098.9829447,-1,-4,-71
1755868099.019945,-1,-5,-61
1755868099.0589447,-6,3,-64
1755868099.0969446,2,-3,-70
1755868099.1329446,-2,-1,-70
1755868099.1709447,-1,-2,-80
1755868099.2089446,0,0,-82
1755868099.246945,-6,5,-80
1755868099.282945,-2,-4,-76
1755868099.3209443,-3,-3,-76
1755868099.358945,-2,0,-90
1755868099.3979447,-4,-5,-78
1755868099.4349446,0,4,-71
1755868099.4719446,3,5,-78
1755868099.509945,4,3,-73
1755868099.5489447,-1,-1,-67
1755868099.5869446,1,4,-61
1755868099.6229446,0,0,-64
1755868099.6599443,0,-6,-75
1755868099.6989446,-9,5,-58
1755868099.736945,-5,1,-69
1755868099.7729447,2,4,-70
1755868099.8099446,0,-6,-80
1755868099.848945,-2,0,-81
1755868099.884945,-2,0,-75
1755868099.9219446,2,4,-69
1755868099.9589446,0,6,-58
1755868099.9979446,3,0,-72
1755868100.0339446,-4,0,-76
1755868100.0729446,0,0,-73
1755868100.1099446,0,0,-70
1755868100.1479447,-3,3,-74
1755868100.1839447,-7,-3,-57
1755868100.2219446,-2,0,-75
1755868100.259945,-8,-8,-67
1755868100.2989447,7,0,-65
1755868100.3349447,0,-3,-64
1755868100.371945,-5,2,-70
1755868100.4099443,-5,6,-62
1755868100.4489446,-8,-2,-71
1755868100.4859445,0,0,-72
1755868100.5229447,-5,-2,-77
1755868100.5619447,0,2,-73
1755868100.598945,-2,-1,-79
1755868100.6379447,-2,-5,-77
1755868100.6739447,-1,5,-81
1755868100.7119446,0,-1,-84
1755868100.7499447,8,-1,-83
1755868100.7879446,7,0,-78
1755868100.8239446,-3,0,-75
1755868100.8609445,1,8,-70
1755868100.8999443,3,-2,-69
1755868100.937945,-5,-5,-68
1755868100.973945,-4,-9,-60
1755868101.0119443,-2,-4,-69
1755868101.0499446,0,-5,-67
1755868101.088945,-3,0,-76
1755868101.1249447,0,-2,-76
1755868101.1619446,1,3,-77
1755868101.1999447,-6,3,-75
1755868101.2379446,-4,2,-68
1755868101.2739446,3,3,-75
1755868101.3109446,-3,-1,-59
1755868101.3499446,-8,1,-70
1755868101.3879447,-4,-2,-72
1755868101.4239447,-2,1,-75
1755868101.460945,-4,3,-84
1755868101.4999447,6,-4,-83
1755868101.5379446,4,-5,-72
1755868101.5739446,5,-3,-80
1755868101.6109445,2,-4,-67
1755868101.6499443,3,-3,-67
1755868101.6859446,0,-3,-75
1755868101.7229445,4,-4,-75
1755868101.7609446,-8,3,-72
1755868101.7999446,-5,-5,-61
1755868101.835945,-5,-4,-69
1755868101.8739443,0,-7,-69
1755868101.9119446,-2,-7,-79
1755868101.9499447,0,-2,-77
1755868101.9889443,0,0,-72
1755868102.0249443,-3,-5,-71
1755868102.062945,-2,-2,-71
1755868102.1019447,1,2,-77
1755868102.1399446,4,0,-73
1755868102.1759446,-1,-1,-69
1755868102.2149446,0,-10,-70
1755868102.2519443,0,-2,-67
1755868102.2899446,1,-7,-75
1755868102.3289447,11,-3,-74
1755868102.3649447,5,0,-79
1755868102.4019446,0,5,-88
1755868102.4399445,3,-2,-71
1755868102.4759445,4,0,-73
1755868102.5129447,4,1,-65
1755868102.5509446,2,1,-73
1755868102.588945,-2,-3,-78
1755868102.6249447,2,-7,-66
1755868102.6629446,7,-1,-77
1755868102.700945,4,3,-74
1755868102.7389443,4,3,-78
1755868102.7749443,4,0,-74
1755868102.812945,-7,1,-76
1755868102.8509445,0,0,-69
1755868102.8889446,8,-4,-75
1755868102.9249446,-3,-1,-72
1755868102.9629445,-1,1,-67
1755868103.0009446,-3,1,-69
1755868103.0399446,1,-4,-71
1755868103.075945,-9,0,-66
1755868103.1129446,-4,-8,-74
1755868103.1509447,3,-6,-72
1755868103.1899445,1,-4,-79
1755868103.2259445,6,3,-79
1755868103.2629447,2,0,-74
1755868103.3009446,1,3,-65
1755868103.338945,-7,3,-70
1755868103.3749447,2,1,-73
1755868103.4129446,0,4,-69
1755868103.450945,-1,-2,-73
1755868103.4889443,-8,-1,-72
1755868103.5249443,-5,-3,-70
1755868103.562945,-3,-3,-59
1755868103.6019447,1,-4,-72
1755868103.6399446,5,-1,-66
1755868103.6759446,0,1,-82
1755868103.7129445,-5,1,-83
1755868103.7509446,0,-1,-72
1755868103.7899446,1,0,-64
1755868103.825945,0,-2,-70
1755868103.8629446,1,9,-74
1755868103.9009447,0,3,-70
1755868103.9369447,4,0,-78
1755868103.973945,-2,5,-69
1755868104.0119443,0,-1,-70
1755868104.0509446,-3,-2,-75
1755868104.0869446,-7,-3,-77
1755868104.1249447,-5,-4,-70
1755868104.1629446,-14,2,-70
1755868104.200945,-6,5,-64
1755868104.2399447,0,0,-71
1755868104.2759447,-6,0,-62
1755868104.312945,-5,0,-70
1755868104.3519447,-5,-3,-75
1755868104.3899446,-1,1,-78
1755868104.4259446,3,-4,-71
1755868104.4629445,-4,-6,-68
1755868104.5019443,0,0,-70
1755868104.5399446,0,-2,-63
1755868104.575945,-8,2,-57
1755868104.6129446,-6,1,-68
1755868104.6519446,0,3,-69
1755868104.6899445,3,-5,-60
1755868104.7259445,0,-2,-69
1755868104.7629447,-1,-2,-78
1755868104.8019447,-6,1,-75
1755868104.8399446,-5,-8,-64
1755868104.8759446,3,-5,-56
1755868104.9129446,-2,0,-66
1755868104.9519446,0,-2,-76
1755868104.9899447,-1,-2,-75
1755868105.0259447,-1,0,-77
1755868105.062945,7,0,-78
1755868105.1009445,2,0,-72
1755868105.1369443,6,-1,-60
1755868105.1739447,-5,2,-70
1755868105.2119446,-2,0,-73
1755868105.2509446,-4,1,-83
1755868105.2879446,0,0,-72
1755868105.3249447,1,0,-75
1755868105.3629446,0,-4,-78
1755868105.4019446,-3,0,-68
1755868105.437945,-3,3,-80
1755868105.4749446,0,-1,-73
1755868105.5129447,-5,1,-72
1755868105.5519447,-8,5,-76
1755868105.5879445,-3,2,-84
1755868105.6249447,0,5,-68
1755868105.6629446,0,-5,-67
1755868105.7019446,3,1,-74
1755868105.7379446,4,-4,-70
1755868105.7749443,-2,-1,-75
1755868105.812945,3,-5,-72
1755868105.8519447,2,-5,-76
1755868105.8879447,4,-3,-85
1755868105.9249446,3,0,-80
1755868105.9629445,-4,1,-67
1755868106.0019443,9,-3,-75
1755868106.0379446,-2,0,-83
1755868106.075945,-5,0,-68
1755868106.1139443,-8,0,-70
1755868106.1529446,-3,-6,-69
1755868106.190945,1,-1,-72
1755868106.2269447,5,-2,-62
1755868106.2639446,5,-3,-60
1755868106.302945,0,8,-71
1755868106.3409443,2,4,-81
1755868106.3769443,-4,-1,-76
1755868106.4149446,2,-3,-73
1755868106.4529445,-4,-5,-92
1755868106.4979446,8,-2,-80
1755868106.5359447,3,-7,-76
1755868106.5739446,0,1,-76
1755868106.611945,-1,1,-71
1755868106.6479447,2,0,-61
1755868106.6849446,1,0,-69
1755868106.7229445,0,0,-80
1755868106.7609446,0,-8,-80
1755868106.7969446,-1,-11,-69
1755868106.8349447,0,-5,-79
1755868106.8729446,-2,-4,-75
1755868106.9119446,0,-1,-81
1755868106.9479446,7,0,-73
1755868106.9849446,3,-2,-59
1755868107.0229447,0,-7,-64
1755868107.0619447,0,-3,-74
1755868107.0979445,1,-8,-63
1755868107.134945,-2,3,-69
1755868107.1729443,0,-2,-77
1755868107.2119446,4,3,-80
1755868107.2479446,0,-1,-75
1755868107.2849443,-5,2,-93
1755868107.3229446,1,-6,-83
1755868107.361945,2,-4,-68
1755868107.3979447,-1,-3,-70
1755868107.4359446,-1,-5,-69
1755868107.473945,-1,0,-71
1755868107.5129447,4,0,-76
1755868107.5489447,6,-1,-65
1755868107.5869446,3,0,-65
1755868107.6249447,-2,2,-66
1755868107.6629446,-5,-2,-66
1755868107.7019446,-2,-1,-59
1755868107.7379446,8,4,-61
1755868107.7749443,-2,0,-59
1755868107.812945,-7,0,-74
1755868107.8519447,2,1,-74
1755868107.8879447,0,1,-75
1755868107.9249446,2,3,-86
1755868107.963945,0,-7,-78
1755868108.0019443,3,-4,-75
1755868108.0379446,6,-3,-78
1755868108.075945,0,-3,-78
1755868108.1139443,0,0,-79
1755868108.1529446,0,0,-78
1755868108.1889446,7,2,-67
1755868108.2259445,3,1,-83
1755868108.2639446,-7,9,-78
1755868108.3019447,-3,0,-68
1755868108.3379445,-9,0,-60
1755868108.3749447,-2,-1,-63
1755868108.4139447,-2,-5,-78
1755868108.4519446,4,-2,-81
1755868108.4879446,8,-4,-71
1755868108.5249443,3,4,-77
1755868108.5639446,5,-3,-70
1755868108.6019447,6,-1,-71
1755868108.6379447,2,3,-80
1755868108.6749446,3,0,-84
1755868108.713945,4,4,-68
1755868108.7519443,-3,-3,-74
1755868108.7879446,0,-1,-75
1755868108.8249447,14,-4,-79
1755868108.8639443,10,0,-84
1755868108.8999443,8,-2,-84
1755868108.937945,-2,-2,-80
1755868108.9759445,4,2,-66
1755868109.0139446,3,-7,-72
1755868109.0499446,-3,-10,-66
1755868109.088945,0,-2,-65
1755868109.1259446,-1,-6,-76
1755868109.1649446,-5,-4,-77
1755868109.2029445,-5,-1,-73
1755868109.2389443,4,-7,-62
1755868109.2759447,3,0,-74
1755868109.3149445,6,0,-72
1755868109.3529446,2,2,-77
1755868109.3889446,-1,0,-87
1755868109.4259446,-10,-3,-86
1755868109.4649446,-6,-2,-73
1755868109.5029447,-8,-8,-81
1755868109.5389447,-7,-2,-86
1755868109.5779445,0,-2,-65
1755868109.6149447,5,10,-74
1755868109.6529446,1,0,-62
1755868109.6889446,4,-5,-70
1755868109.7269447,4,0,-68
1755868109.7649446,1,0,-62
1755868109.802945,0,3,-62
1755868109.838945,-5,0,-60
1755868109.8759446,-3,1,-73
1755868109.9149446,5,2,-72
1755868109.9529445,-4,-5,-79
1755868109.9889443,0,-4,-72
1755868110.0269446,4,1,-75
1755868110.0649445,0,-4,-80
1755868110.1029446,2,-2,-81
1755868110.1389446,0,-2,-70
1755868110.1759446,0,-3,-71
1755868110.2149446,2,-1,-69
1755868110.2529447,-3,0,-71
1755868110.2889447,3,1,-68
1755868110.325945,-1,-9,-72
1755868110.3649447,7,-1,-76
1755868110.4029446,0,0,-81
1755868110.4389446,1,-4,-71
1755868110.4759445,-1,-1,-70
1755868110.5149446,5,-4,-76
1755868110.552945,2,-7,-70
1755868110.588945,1,-1,-68
1755868110.6259446,6,-3,-74
1755868110.6649446,-1,-2,-72
1755868110.700945,1,-1,-71
1755868110.7379446,2,0,-70
1755868110.7759447,-1,-9,-67
1755868110.8149445,0,-5,-76
1755868110.8509445,-4,1,-68
1755868110.8899446,2,4,-68
1755868110.9269447,2,3,-68
1755868110.9649446,0,-4,-73
1755868111.0009446,-5,-2,-70
1755868111.0389447,-2,4,-73
1755868111.0769446,-1,-1,-72
1755868111.1149447,-3,-7,-74
1755868111.1539447,1,-6,-67
1755868111.1899445,-1,0,-72
1755868111.2269447,1,-3,-82
1755868111.2659447,0,-6,-77
1755868111.3039446,5,-4,-82
1755868111.3399446,9,1,-82
1755868111.3769443,6,2,-64
1755868111.4149446,6,0,-63
1755868111.450945,4,5,-62
1755868111.4889443,-4,-1,-69
1755868111.5269446,4,-6,-73
1755868111.565945,-8,-5,-68
1755868111.6039443,-9,-1,-74
1755868111.6399446,-2,1,-76
1755868111.6769447,-4,-3,-71
1755868111.7159443,-3,0,-69
1755868111.7539446,0,-1,-66
1755868111.7899446,1,4,-75
1755868111.8269446,0,4,-73
1755868111.8659446,5,0,-74
1755868111.9039447,8,9,-72
1755868111.9399445,11,1,-57
1755868111.9769447,1,2,-58
1755868112.0159447,0,4,-64
1755868112.0539446,-4,0,-71
1755868112.0899446,-4,8,-73
1755868112.1279447,1,5,-73
1755868112.1659446,2,1,-67
1755868112.2039447,-4,0,-78
1755868112.2399447,-9,3,-78
1755868112.2769446,0,5,-82
1755868112.315945,3,0,-79
1755868112.3539443,1,-1,-85
1755868112.3899446,2,2,-73
1755868112.4269447,-2,3,-69
1755868112.4659443,4,0,-59
1755868112.5019443,1,1,-74
1755868112.5389447,0,-2,-71
1755868112.5769446,-2,-2,-70
1755868112.6159446,2,-1,-71
1755868112.6519446,7,0,-66
1755868112.6889446,-3,-3,-64
1755868112.7269447,1,1,-66
1755868112.7659447,-3,2,-82
1755868112.8019447,-8,-3,-81
1755868112.8399446,-2,-7,-82
1755868112.8779447,-4,-5,-76
1755868112.9169445,-5,-1,-87
1755868112.9549446,-2,0,-71
1755868112.9909446,2,0,-60
1755868113.0279446,3,-4,-65
1755868113.0669446,-3,0,-71
1755868113.1049447,-5,5,-77
1755868113.1409447,-9,3,-73
1755868113.177945,-7,2,-78
1755868113.2159443,-1,1,-74
1755868113.2549446,-1,-1,-80
1755868113.2909446,-4,-7,-83
1755868113.3299446,1,-9,-72
1755868113.3669446,0,-1,-69
1755868113.4059446,1,0,-67
1755868113.4419446,-7,-6,-75
1755868113.4799447,0,-4,-74
1755868113.5179446,-9,5,-67
1755868113.5569446,1,2,-66
1755868113.5949447,-3,7,-66
1755868113.6309447,1,2,-72
1755868113.667945,3,6,-63
1755868113.7069447,3,0,-75
1755868113.7449446,0,2,-68
1755868113.7809446,2,6,-66
1755868113.8179443,-6,6,-77
1755868113.8569446,-4,4,-78
1755868113.894945,4,4,-64
1755868113.9309447,0,4,-79
1755868113.9679446,0,0,-78
1755868114.006945,2,-5,-79
1755868114.0449443,1,0,-75
1755868114.0809443,2,1,-76
1755868114.1179447,-7,3,-67
1755868114.1569445,9,0,-56
1755868114.1949446,6,0,-68
1755868114.2309446,5,2,-73
1755868114.2679446,6,2,-72
1755868114.3059447,2,6,-74
1755868114.3419447,5,-2,-75
1755868114.3789446,-10,-3,-70
1755868114.4169445,-3,-3,-57
1755868114.4559443,3,4,-55
1755868114.4919446,1,0,-65
1755868114.5289447,11,0,-69
1755868114.5669446,1,-6,-67
1755868114.6029446,0,-1,-71
1755868114.6399446,-3,2,-67
1755868114.677945,-4,0,-84
1755868114.7169447,5,0,-69
1755868114.7529447,-2,1,-76
1755868114.7899446,-3,-2,-77
1755868114.8279445,5,0,-77
1755868114.8669446,12,2,-63
1755868114.9029446,7,0,-59
1755868114.940945,2,-5,-63
1755868114.9789443,-1,-1,-72
1755868115.0169446,-1,0,-68
1755868115.0559447,2,0,-66
1755868115.0919447,6,1,-64
1755868115.1289446,9,6,-62
1755868115.1669445,1,6,-60
1755868115.2029445,-2,-3,-75
1755868115.2419446,-4,3,-56
1755868115.2789447,0,6,-84
1755868115.3169446,3,8,-78
1755868115.3529446,3,4,-82
1755868115.3919446,2,1,-68
1755868115.4289446,-1,1,-69
1755868115.4679446,-14,1,-74
1755868115.5059447,-10,0,-75
1755868115.5419445,0,-1,-71
1755868115.5809443,-1,1,-81
1755868115.6179447,-6,0,-91
1755868115.6569445,2,-3,-79
1755868115.6929443,-4,0,-76
1755868115.7299447,-5,-2,-75
1755868115.7679446,-3,-6,-55
1755868115.8069446,-1,-3,-67
1755868115.8429446,5,0,-74
1755868115.8799446,6,-1,-68
1755868115.917945,1,-1,-73
1755868115.9569447,-3,0,-69
1755868115.9929447,0,0,-61
1755868116.0309446,2,1,-76
1755868116.0679443,-7,-4,-73
1755868116.1069446,-7,-8,-61
1755868116.1429446,-2,1,-70
1755868116.1799445,-1,11,-53
1755868116.2179446,2,11,-58
1755868116.2539446,4,8,-61
1755868116.2909446,-3,0,-68
1755868116.3289447,2,-2,-79
1755868116.3679447,-4,2,-79
1755868116.4039447,0,0,-79
1755868116.4419446,-4,3,-77
1755868116.4799447,-12,3,-81
1755868116.5229447,-1,-2,-79
1755868116.5609446,-4,1,-67
1755868116.598945,-1,7,-65
1755868116.6379447,0,10,-81
1755868116.6739447,6,7,-82
1755868116.710945,7,3,-78
1755868116.7479446,5,0,-78
1755868116.7869446,0,1,-81
1755868116.8229446,-5,-2,-71
1755868116.8609445,1,-2,-69
1755868116.8989446,0,3,-73
1755868116.9369447,1,5,-82
1755868116.9729445,0,3,-84
1755868117.009945,3,-10,-74
1755868117.0489447,0,-1,-71
1755868117.0869446,0,0,-73
1755868117.1229446,-4,0,-62
1755868117.1599443,-3,2,-62
1755868117.1989446,-7,3,-79
1755868117.236945,-1,0,-80
1755868117.2729447,1,2,-77
1755868117.3099446,-3,0,-73
1755868117.348945,-5,0,-75
1755868117.3869443,-2,4,-85
1755868117.4229443,-2,5,-77
1755868117.460945,-2,2,-87
1755868117.4989443,-2,5,-80
1755868117.5379446,4,-4,-80
1755868117.5739446,2,1,-80
1755868117.6109445,3,5,-75
1755868117.6489446,8,0,-67
1755868117.6869447,1,-3,-75
1755868117.7229445,0,-2,-73
1755868117.759945,1,2,-71
1755868117.7979443,5,2,-71
1755868117.8339446,2,0,-68
1755868117.871945,-1,-10,-86
1755868117.9089446,3,-4,-80
1755868117.9479446,0,0,-78
1755868117.983945,-1,-1,-75
1755868118.0229447,3,-3,-71
1755868118.0599446,-2,-1,-64
1755868118.098945,-4,-5,-72
1755868118.134945,-2,0,-67
1755868118.1719446,7,6,-75
1755868118.2099447,5,3,-60
1755868118.2479446,-1,4,-65
1755868118.2839446,4,1,-64
1755868118.3229446,3,-3,-60
1755868118.3599446,0,-3,-65
1755868118.3989446,3,-7,-84
1755868118.4349446,-2,-7,-87
1755868118.4729445,-4,0,-80
1755868118.5109446,-10,-3,-81
1755868118.5489447,1,-1,-75
1755868118.5879445,0,0,-82
1755868118.6239443,3,3,-73
1755868118.6619446,3,-2,-64
1755868118.6999447,-4,1,-65
1755868118.7389443,3,2,-69
1755868118.7749443,-6,-4,-74
1755868118.812945,-1,0,-77
1755868118.8509445,-3,-4,-78
1755868118.8899446,6,1,-81
1755868118.927945,0,-4,-80
1755868118.963945,3,3,-75
1755868119.0009446,-1,2,-65
1755868119.0399446,2,-5,-64
1755868119.0779445,8,3,-75
1755868119.1139443,1,3,-67
1755868119.1509447,1,4,-84
1755868119.1899445,1,0,-79
1755868119.2279446,0,0,-71
1755868119.2639446,-3,-6,-77
1755868119.302945,2,0,-77
1755868119.3399446,-3,1,-80
1755868119.3789446,0,3,-68
1755868119.4149446,-1,-5,-69
1755868119.4529445,3,-6,-77
1755868119.4909446,-1,1,-79
1755868119.529945,0,5,-72
1755868119.5679443,2,1,-73
1755868119.6039443,6,-1,-71
1755868119.6409447,0,5,-64
1755868119.6789446,2,-4,-70
1755868119.7149446,0,1,-69
1755868119.7529447,1,0,-62
1755868119.7909446,0,0,-73
1755868119.8289447,7,-5,-78
1755868119.8649447,3,-2,-85
1755868119.9029446,1,2,-65
1755868119.940945,3,0,-73
1755868119.9789443,6,6,-79
1755868120.0149446,1,0,-83
1755868120.0519447,1,5,-77
1755868120.0909443,0,2,-74
1755868120.1289446,0,-1,-67
1755868120.1649446,0,0,-73
1755868120.2019446,-3,-2,-63
1755868120.2409446,-1,0,-62
1755868120.2789447,0,-1,-74
1755868120.3149445,3,7,-69
1755868120.3519447,-1,-2,-76
1755868120.3899446,-7,-5,-68
1755868120.4289446,-2,1,-69
1755868120.4649446,-2,2,-75
1755868120.5019443,5,-1,-84
1755868120.5409446,1,-3,-76
1755868120.5789447,7,2,-72
1755868120.6149447,6,-2,-75
1755868120.6519446,0,-3,-78
1755868120.690945,-3,2,-67
1755868120.7289443,2,-5,-77
1755868120.7649446,-2,-2,-71
1755868120.802945,0,-4,-58
1755868120.8409443,-4,-4,-68
1755868120.8799446,-1,-2,-75
1755868120.9159446,-2,6,-71
1755868120.9539447,15,0,-70
1755868120.9909446,3,-1,-61
1755868121.029945,1,0,-67
1755868121.065945,8,2,-69
1755868121.1039443,1,4,-63
1755868121.1409447,2,-4,-64
1755868121.1799445,0,-3,-66
1755868121.2159443,4,-6,-72
1755868121.2539446,4,0,-73
1755868121.2919445,6,0,-70
1755868121.3309443,4,2,-71
1755868121.3689446,0,4,-65
1755868121.404945,0,0,-64
1755868121.4419446,9,-1,-60
1755868121.4809446,-4,6,-69
1755868121.5169446,1,2,-76
1755868121.5539446,-3,-2,-63
1755868121.5919447,0,4,-73
1755868121.6299446,3,1,-82
1755868121.6659446,0,4,-75
1755868121.7039447,-6,-4,-81
1755868121.7419446,-2,-5,-80
1755868121.7809446,-2,-8,-83
1755868121.8169446,1,-6,-79
1755868121.8539443,4,-8,-84
1755868121.8919446,-2,-7,-75
1755868121.9309447,-3,-5,-70
1755868121.9669447,0,1,-75
1755868122.0039446,-3,-6,-71
1755868122.0419445,-1,-11,-68
1755868122.0809443,-1,-5,-73
1755868122.1169446,-9,-3,-70
1755868122.154945,-6,-4,-62
1755868122.1929443,-11,3,-75
1755868122.2319446,-4,1,-80
1755868122.269945,-1,-9,-67
1755868122.3059447,0,-4,-67
1755868122.3439443,-2,-5,-67
1755868122.381945,-1,-2,-74
1755868122.4209447,-3,-3,-82
1755868122.4569447,0,-5,-69
1755868122.4939446,6,-5,-75
1755868122.5319445,1,-4,-71
1755868122.5709443,3,-3,-64
1755868122.6069446,2,2,-72
1755868122.6439445,5,0,-73
1755868122.6819446,5,0,-77
1755868122.7209446,7,-5,-75
1755868122.756945,1,-1,-74
1755868122.7939446,0,0,-76
1755868122.8319447,0,0,-71
1755868122.8699446,-2,-1,-78
1755868122.9059446,-4,0,-82
1755868122.9449446,-4,-1,-76
1755868122.9819446,-1,0,-68
1755868123.0209446,-5,1,-76
1755868123.0569446,-5,2,-75
1755868123.0939443,3,4,-78
1755868123.131945,-2,0,-77
1755868123.1709447,-2,-1,-74
1755868123.2069447,2,-1,-82
1755868123.2439446,-2,-5,-71
1755868123.2819445,0,-11,-70
1755868123.3209443,4,-5,-71
1755868123.3569446,0,-8,-67
1755868123.3939445,4,-7,-70
1755868123.4329443,-4,4,-77
1755868123.4709446,-4,-6,-81
1755868123.506945,1,0,-81
1755868123.5439446,0,2,-73
1755868123.5819447,6,0,-65
1755868123.6179447,13,0,-70
1755868123.654945,-2,-5,-62
1755868123.6929443,2,5,-73
1755868123.7309446,-4,2,-81
1755868123.7679446,-6,5,-61
1755868123.8049445,-1,-2,-77
1755868123.8429446,-1,-3,-74
1755868123.881945,0,0,-77
1755868123.917945,0,-2,-75
1755868123.9549446,1,-4,-60
1755868123.9929447,2,-1,-78
1755868124.0319445,-4,-2,-71
1755868124.0679443,0,-4,-66
1755868124.1049447,-2,-5,-64
1755868124.1429446,0,-1,-73
1755868124.1819446,6,-3,-82
1755868124.2179446,3,-1,-82
1755868124.2549446,2,-3,-84
1755868124.292945,4,-4,-69
1755868124.3319447,0,-4,-77
1755868124.3679447,3,-8,-79
1755868124.404945,0,-8,-80
1755868124.4429443,3,-3,-69
1755868124.4819446,1,-7,-67
1755868124.5179446,1,1,-76
1755868124.5549445,-4,3,-74
1755868124.5929446,0,2,-71
1755868124.6309447,0,-1,-71
1755868124.6669445,-10,-2,-76
1755868124.7049446,-9,-5,-57
1755868124.7429447,0,-4,-65
1755868124.7819445,0,-1,-75
1755868124.8179443,-7,-2,-73
1755868124.8559446,1,-7,-86
1755868124.8939445,3,-7,-71
1755868124.9329443,5,-1,-78
1755868124.9709446,1,0,-69
1755868125.006945,2,4,-70
1755868125.0449443,-5,-9,-77
1755868125.0829446,2,1,-69
1755868125.1189446,9,5,-78
1755868125.1559446,1,-3,-71
1755868125.1939447,5,4,-77
1755868125.2319446,0,2,-74
1755868125.2679446,4,-1,-74
1755868125.3059447,7,-1,-71
1755868125.3439443,6,-2,-69
1755868125.3829446,3,-3,-71
1755868125.4189446,1,1,-79
1755868125.4559443,1,0,-67
1755868125.4939446,4,0,-80
1755868125.5319445,1,1,-76
1755868125.5679443,8,-6,-77
1755868125.6059446,1,-2,-82
1755868125.6439445,3,5,-68
1755868125.6819446,5,-1,-71
1755868125.7179446,0,-5,-73
1755868125.7559447,5,-4,-73
1755868125.7939446,1,-5,-71
1755868125.8329446,9,-7,-82
1755868125.8689446,9,-5,-78
1755868125.9059446,0,-4,-68
1755868125.9439447,0,-7,-69
1755868125.9829447,8,-3,-69
1755868126.0189445,5,-1,-77
1755868126.0559447,8,0,-79
1755868126.0939443,0,-1,-84
1755868126.131945,3,5,-76
1755868126.1689446,0,-1,-76
1755868126.2059443,-3,1,-65
1755868126.2439446,-3,0,-75
1755868126.282945,-4,0,-76
1755868126.3189447,0,-6,-70
1755868126.3559446,1,2,-74
1755868126.3939445,3,4,-74
1755868126.4319446,0,-4,-69
1755868126.4679446,0,-5,-70
1755868126.5059447,2,-4,-72
1755868126.5519447,-2,-5,-75
1755868126.5879445,1,-4,-74
1755868126.6249447,-2,-3,-75
1755868126.6639447,-8,-3,-71
1755868126.7019446,1,0,-61
1755868126.7379446,2,-6,-86
1755868126.7749443,2,-5,-85
1755868126.8139446,1,-5,-83
1755868126.8499446,0,4,-75
1755868126.8879447,5,4,-78
1755868126.9249446,0,-3,-79
1755868126.963945,1,-5,-78
1755868126.9999447,12,-7,-66
1755868127.0379446,3,-10,-71
1755868127.075945,9,0,-75
1755868127.1139443,1,-1,-74
1755868127.1529446,-5,0,-79
1755868127.1889446,-6,1,-73
1755868127.2259445,0,0,-73
1755868127.2639446,-4,-2,-77
1755868127.302945,0,0,-76
1755868127.338945,-3,5,-73
1755868127.3769443,0,0,-73
1755868127.4139447,1,0,-68
1755868127.4499447,-2,-5,-64
1755868127.4879446,-4,-2,-72
1755868127.5269446,1,0,-69
1755868127.5639446,1,6,-66
1755868127.5999446,7,0,-73
1755868127.6379447,1,-1,-64
1755868127.6759446,1,-4,-72
1755868127.7149446,-4,-7,-75
1755868127.7529447,5,-7,-71
1755868127.7889447,1,-8,-74
1755868127.825945,-2,-1,-83
1755868127.8649447,-7,0,-78
1755868127.9029446,-4,2,-71
1755868127.9389446,3,-1,-79
1755868127.9759445,3,0,-65
1755868128.0139446,-6,-3,-75
1755868128.0499446,-1,-4,-81
1755868128.0879445,-3,-4,-81
1755868128.1259446,0,-1,-67
1755868128.1649446,-3,-4,-71
1755868128.2029445,2,0,-68
1755868128.2389443,7,-8,-70
1755868128.2769446,0,-4,-67
1755868128.3149445,1,0,-73
1755868128.3529446,-1,-3,-73
1755868128.3889446,-3,2,-72
1755868128.4259446,5,2,-80
1755868128.463945,7,0,-85
1755868128.4999447,2,1,-96
1755868128.5369446,-4,-6,-74
1755868128.5749447,-4,0,-68
1755868128.6139443,4,2,-64
1755868128.6499443,0,4,-67
1755868128.687945,1,4,-72
1755868128.7259445,7,3,-80
1755868128.7639446,1,3,-73
1755868128.7999446,-1,0,-76
1755868128.8369446,1,-2,-72
1755868128.8749447,-4,-2,-70
1755868128.9139447,-5,-1,-65
1755868128.9499447,0,0,-58
1755868128.986945,-3,3,-69
1755868129.0249443,-2,6,-72
1755868129.0639446,7,1,-90
1755868129.0999446,2,-2,-81
1755868129.1369443,1,-3,-73
1755868129.1749446,4,0,-72
1755868129.213945,-9,1,-73
1755868129.2499447,-3,0,-74
1755868129.2869446,2,0,-67
1755868129.3249447,0,1,-68
1755868129.3609445,-2,1,-73
1755868129.3979447,-11,1,-76
1755868129.4359446,-5,-6,-75
1755868129.4749446,-3,0,-79
1755868129.5109446,0,1,-79
1755868129.5479443,4,1,-69
1755868129.585945,5,-1,-90
1755868129.6239443,1,7,-76
1755868129.6599443,-3,0,-66
1755868129.6969447,-1,2,-65
1755868129.7359445,3,3,-56
1755868129.7739446,-1,9,-66
1755868129.8099446,0,7,-71
1755868129.8469446,-2,-1,-58
1755868129.8859446,-5,-2,-67
1755868129.9239447,6,-7,-75
1755868129.9599447,2,1,-72
1755868129.996945,-4,2,-69
1755868130.0359447,0,-5,-69
1755868130.0739446,-1,0,-66
1755868130.1099446,-2,3,-67
1755868130.1479447,4,4,-72
1755868130.1859446,5,1,-76
1755868130.223945,-4,1,-71
1755868130.259945,0,0,-74
1755868130.2979443,5,-3,-75
1755868130.335945,1,-1,-71
1755868130.3739443,-2,-1,-69
1755868130.4099443,2,-3,-71
1755868130.4469447,3,-3,-77
1755868130.4859445,0,0,-67
1755868130.5219443,6,0,-78
1755868130.5589447,7,2,-78
1755868130.5979445,6,0,-76
1755868130.6359446,0,-7,-76
1755868130.6719446,7,-2,-84
1755868130.7099447,8,-4,-67
1755868130.7479446,-3,-7,-71
1755868130.7869446,-8,0,-80
1755868130.8249447,-2,-3,-75
1755868130.8609445,-2,-5,-76
1755868130.8989446,-1,-5,-79
1755868130.9369447,0,2,-72
1755868130.9749446,0,-4,-64
1755868131.0109446,2,7,-72
1755868131.0489447,2,-6,-75
1755868131.0869446,1,-1,-82
1755868131.1259446,1,2,-78
1755868131.1619446,0,3,-68
1755868131.1989446,7,5,-61
1755868131.236945,3,2,-57
1755868131.2749443,-4,-1,-59
1755868131.3109446,-9,-1,-70
1755868131.348945,1,-1,-68
1755868131.3869443,3,-5,-61
1755868131.4259446,0,3,-75
1755868131.4619446,0,0,-72
1755868131.4989443,2,-4,-74
1755868131.5369446,1,-4,-80
1755868131.575945,0,-2,-71
1755868131.611945,4,-1,-66
1755868131.6489446,5,3,-75
1755868131.6869447,5,0,-66
1755868131.7249446,-7,-1,-62
1755868131.7609446,-4,-1,-62
1755868131.7989447,-5,-2,-79
1755868131.8369446,-2,0,-79
1755868131.8759446,0,-2,-82
1755868131.9119446,-1,-6,-88
1755868131.9499447,1,5,-73
1755868131.986945,1,-7,-69
1755868132.0259447,3,1,-65
1755868132.0619447,7,-2,-78
1755868132.098945,0,3,-64
1755868132.1369443,1,5,-67
1755868132.1749446,-3,3,-71
1755868132.210945,3,2,-69
1755868132.2489443,-7,1,-71
1755868132.2869446,-2,-1,-81
1755868132.3249447,3,-2,-81
1755868132.3609445,-1,0,-71
1755868132.3979447,0,-1,-74
1755868132.4369447,-3,-2,-68
1755868132.4729445,-3,-5,-75
1755868132.5109446,0,0,-70
1755868132.5489447,-6,0,-68
1755868132.5879445,8,0,-65
1755868132.6259446,2,2,-72
1755868132.6619446,4,-4,-73
1755868132.6989446,4,-10,-60
1755868132.7379446,-3,-4,-64
1755868132.7759447,0,-4,-86
1755868132.8119447,-4,-4,-83
1755868132.8499446,0,0,-74
1755868132.8879447,5,-1,-58
1755868132.9259446,3,-1,-62
1755868132.9619446,10,1,-66
1755868132.9989443,2,1,-68
1755868133.0369446,-4,2,-77
1755868133.0729446,-5,5,-80
1755868133.1109445,0,-1,-81
1755868133.1489446,0,-2,-72
1755868133.187945,0,-6,-77
1755868133.2259445,2,-7,-61
1755868133.2619443,1,-8,-61
1755868133.2989447,3,-9,-61
1755868133.3379445,-6,-2,-68
1755868133.3759446,-1,-3,-73
1755868133.4119446,-4,0,-78
1755868133.4489446,4,1,-75
1755868133.4879446,1,0,-72
1755868133.5259447,4,2,-76
1755868133.5619447,-3,0,-84
1755868133.5999446,0,1,-77
1755868133.6379447,0,0,-67
1755868133.6759446,-3,5,-76
1755868133.7119446,-1,-2,-82
1755868133.7499447,8,0,-77
1755868133.7879446,0,2,-66
1755868133.825945,-4,-2,-78
1755868133.861945,-7,0,-79
1755868133.8999443,-5,4,-77
1755868133.937945,2,1,-63
1755868133.9759445,1,-2,-72
1755868134.0129447,-7,-4,-68
1755868134.0499446,3,-3,-81
1755868134.0879445,-4,0,-76
1755868134.1269443,0,0,-79
1755868134.1629446,1,5,-82
1755868134.1999447,5,4,-76
1755868134.2379446,3,-1,-70
1755868134.2739446,0,-3,-73
1755868134.3109446,8,3,-69
1755868134.3479445,9,2,-74
1755868134.3839445,0,5,-75
1755868134.4209447,1,4,-77
1755868134.4589446,-1,2,-67
1755868134.4979446,-1,0,-63
1755868134.5339446,3,8,-76
1755868134.5719447,-3,5,-76
1755868134.608945,-3,-4,-69
1755868134.6479447,-5,-4,-70
1755868134.6839447,-5,-2,-87
1755868134.7219446,1,-3,-68
1755868134.759945,-4,-2,-65
1755868134.7989447,-2,-3,-68
1755868134.8369446,-3,0,-71
1755868134.8729446,3,1,-79
1755868134.9099443,3,-2,-70
1755868134.9489446,0,-1,-84
1755868134.986945,0,-1,-70
1755868135.0229447,0,0,-68
1755868135.0599446,1,-4,-66
1755868135.098945,2,0,-76
1755868135.1369443,0,0,-71
1755868135.1729443,-4,5,-65
1755868135.210945,-2,-3,-68
1755868135.2489443,-9,-1,-68
1755868135.2879446,0,4,-67
1755868135.3239446,-2,0,-66
1755868135.3609445,0,2,-65
1755868135.3989446,4,0,-71
1755868135.4369447,0,4,-78
1755868135.4729445,0,1,-81
1755868135.509945,0,0,-71
1755868135.5479443,-5,0,-67
1755868135.5839446,1,-4,-68
1755868135.621945,3,-4,-77
1755868135.6599443,-7,0,-81
1755868135.6989446,2,4,-80
1755868135.736945,0,2,-69
1755868135.7729447,2,-4,-83
1755868135.8099446,-10,-3,-81
1755868135.848945,-6,-7,-82
1755868135.884945,-3,-1,-69
1755868135.9229443,-9,-3,-67
1755868135.960945,-4,-3,-76
1755868135.9999447,3,-4,-64
1755868136.0379446,4,0,-74
1755868136.0739446,13,0,-78
1755868136.111945,4,0,-77
1755868136.1499443,6,0,-75
1755868136.187945,4,0,-72
1755868136.223945,-6,4,-79
1755868136.2629447,-4,6,-62
1755868136.2999446,4,2,-68
1755868136.3379445,0,-2,-70
1755868136.3739443,7,-7,-80
1755868136.4119446,3,1,-80
1755868136.4499447,3,4,-80
1755868136.4879446,1,3,-78
1755868136.5239446,3,-2,-71
1755868136.5699446,0,-6,-67
1755868136.6079447,0,0,-75
1755868136.6439445,-5,-2,-74
1755868136.6819446,-1,0,-70
1755868136.7199447,0,-7,-76
1755868136.7589445,5,-2,-77
1755868136.7949443,-6,6,-74
1755868136.8329446,-5,1,-76
1755868136.8709445,-2,3,-76
1755868136.9089446,-5,-5,-79
1755868136.9449446,-3,4,-67
1755868136.9819446,-3,0,-62
1755868137.019945,1,4,-68
1755868137.0589447,6,-1,-74
1755868137.0949447,2,-8,-71
1755868137.1329446,1,2,-79
1755868137.1709447,1,-3,-76
1755868137.2089446,9,-2,-67
1755868137.2449446,11,-2,-76
1755868137.2819445,0,-6,-71
1755868137.3209443,-6,-1,-70
1755868137.358945,3,-4,-69
1755868137.394945,1,-7,-79
1755868137.4319446,-2,-7,-73
1755868137.4709446,2,0,-75
1755868137.5089445,2,-3,-76
1755868137.5449443,5,-4,-72
1755868137.5819447,2,-2,-82
1755868137.6199446,5,9,-80
1755868137.6589446,3,0,-72
1755868137.6949446,-2,-2,-74
1755868137.733945,-3,1,-80
1755868137.7709446,2,-5,-72
1755868137.8099446,-2,-4,-68
1755868137.8459446,-4,-7,-71
1755868137.8839445,0,-4,-67
1755868137.9219446,-1,2,-66
1755868137.9599447,10,-2,-69
1755868137.9989443,8,-4,-60
1755868138.0349443,0,0,-69
1755868138.0719447,3,-5,-76
1755868138.1099446,6,0,-80
1755868138.1459446,4,-2,-65
1755868138.1839447,2,-1,-58
1755868138.2219446,3,-1,-72
1755868138.259945,7,-1,-66
1755868138.2989447,5,0,-73
1755868138.3349447,0,-4,-76
1755868138.371945,-3,-4,-67
1755868138.4109447,-5,0,-68
1755868138.4489446,2,4,-65
1755868138.4849446,3,-5,-73
1755868138.5219443,-1,-3,-72
1755868138.5609446,-2,-4,-72
1755868138.598945,-6,0,-66
1755868138.634945,-1,5,-86
1755868138.6719446,0,-3,-67
1755868138.710945,1,0,-70
1755868138.7489443,0,3,-74
1755868138.7849443,1,-1,-72
1755868138.8219447,1,3,-76
1755868138.8609445,0,-2,-73
1755868138.8989446,-5,0,-62
1755868138.9349446,-3,0,-72
1755868138.9719446,-5,3,-70
1755868139.0109446,1,2,-75
1755868139.0489447,-5,0,-74
1755868139.0849447,-5,-6,-70
1755868139.1229446,1,-6,-73
1755868139.1609447,-4,4,-67
1755868139.1999447,2,-1,-68
1755868139.2359445,-4,3,-68
1755868139.2729447,0,-1,-69
1755868139.3109446,-4,0,-70
1755868139.3499446,-4,-6,-75
1755868139.3859446,0,-7,-72
1755868139.4229443,5,-5,-65
1755868139.460945,5,-2,-72
1755868139.4999447,-2,-7,-72
1755868139.5359447,1,-3,-75
1755868139.5729446,3,0,-77
1755868139.6109445,3,-3,-90
1755868139.6469443,4,-6,-80
1755868139.6839447,2,-1,-74
1755868139.7219446,-1,1,-70
1755868139.7609446,-3,-1,-60
1755868139.7969446,2,-1,-73
1755868139.8339446,9,-1,-72
1755868139.8729446,-2,-3,-61
1755868139.9109447,-1,-5,-59
1755868139.9469447,2,1,-55
1755868139.983945,0,2,-62
1755868140.0209446,-3,-6,-51
1755868140.0599446,-2,-4,-66
1755868140.0969446,4,-3,-72
1755868140.1339445,-1,3,-74
1755868140.1719446,-1,-1,-79
1755868140.210945,-9,5,-80
1755868140.246945,2,1,-82
1755868140.2839446,-4,7,-64
1755868140.3229446,0,3,-67
1755868140.3609445,-3,2,-75
1755868140.3969443,-3,1,-82
1755868140.4349446,-7,-2,-76
1755868140.4729445,-4,-5,-92
1755868140.5119443,2,0,-87
1755868140.5499446,1,0,-71
1755868140.585945,-2,0,-71
1755868140.6229446,0,0,-68
1755868140.6609447,0,8,-69
1755868140.6969447,-5,0,-65
1755868140.733945,5,1,-66
1755868140.7719443,-8,-5,-70
1755868140.8099446,-4,-3,-82
1755868140.8459446,-4,-1,-79
1755868140.8839445,2,0,-82
1755868140.9219446,-4,-1,-82
1755868140.9599447,3,5,-70
1755868140.9959445,5,0,-78
1755868141.0339446,5,-8,-74
1755868141.0719447,-1,-8,-74
1755868141.1099446,-5,1,-76
1755868141.1459446,0,-2,-65
1755868141.1839447,2,1,-71
1755868141.2219446,1,0,-69
1755868141.259945,-1,-5,-75
1755868141.2959447,-5,1,-77
1755868141.3339446,2,2,-72
1755868141.371945,-4,4,-72
1755868141.4089446,0,0,-70
1755868141.4459443,-4,0,-80
1755868141.483945,-5,0,-80
1755868141.5229447,1,-5,-84
1755868141.5609446,-3,-3,-70
1755868141.5969446,-3,-3,-62
1755868141.634945,-2,5,-75
1755868141.6729443,1,0,-70
1755868141.710945,-4,-1,-72
1755868141.746945,-1,-4,-61
1755868141.7849443,3,-1,-54
1755868141.8229446,6,0,-73
1755868141.8609445,0,3,-76
1755868141.8969443,-2,-5,-77
1755868141.9349446,2,-4,-74
1755868141.9729445,3,0,-71
1755868142.0109446,4,-6,-68
1755868142.0469446,1,-1,-65
1755868142.0839446,2,-2,-76
1755868142.1229446,-1,-4,-68
1755868142.1609447,3,-6,-71
1755868142.1969447,3,-4,-75
1755868142.233945,5,3,-71
1755868142.2719443,-1,3,-82
1755868142.3079443,-4,-1,-87
1755868142.3469446,-6,-7,-77
1755868142.3839445,-5,2,-72
1755868142.4229443,-3,4,-75
1755868142.460945,0,1,-78
1755868142.496945,-4,0,-69
1755868142.5339446,-3,0,-66
1755868142.5729446,-6,0,-68
1755868142.6109445,-1,0,-73
1755868142.6469443,0,1,-73
1755868142.6839447,1,1,-67
1755868142.7219446,-3,7,-65
1755868142.7579446,-5,0,-62
1755868142.7959447,-6,-1,-55
1755868142.8339446,-1,-6,-62
1755868142.8729446,-6,-6,-66
1755868142.9109447,-2,-8,-66
1755868142.9479446,0,-5,-77
1755868142.9859445,3,0,-70
1755868143.0229447,-3,-2,-69
1755868143.0619447,-11,1,-69
1755868143.0979445,-7,1,-75
1755868143.1359446,-2,0,-76
1755868143.1739447,5,-3,-69
1755868143.2129445,2,0,-71
1755868143.2489443,2,1,-66
1755868143.2859447,-4,-9,-73
1755868143.3239446,-1,-1,-72
1755868143.3629446,0,0,-76
1755868143.3989446,0,0,-75
1755868143.4369447,1,-3,-70
1755868143.4759445,0,5,-80
1755868143.5139446,0,5,-87
1755868143.5519447,0,4,-83
1755868143.5879445,4,0,-77
1755868143.6259446,-3,4,-75
1755868143.6639447,0,1,-73
1755868143.7019446,2,-2,-70
1755868143.7389443,3,6,-77
1755868143.7759447,1,-1,-74
1755868143.8139446,-3,-3,-68
1755868143.8529446,0,6,-64
1755868143.8889446,2,0,-66
1755868143.9259446,2,0,-66
1755868143.963945,0,2,-87
1755868144.0019443,2,-3,-87
1755868144.0379446,-1,-8,-81
1755868144.075945,1,6,-67
1755868144.1139443,-3,2,-67
1755868144.1519446,-1,3,-77
1755868144.187945,-2,5,-69
1755868144.2259445,4,-1,-77
1755868144.2639446,2,0,-77
1755868144.3019447,4,-3,-77
1755868144.3379445,5,-8,-63
1755868144.3759446,3,2,-73
1755868144.4139447,0,0,-65
1755868144.4519446,-6,-3,-80
1755868144.4879446,-1,-3,-78
1755868144.5259447,4,-5,-67
1755868144.5639446,7,-3,-63
1755868144.6029446,-5,1,-66
1755868144.6389446,7,0,-72
1755868144.6759446,-5,3,-68
1755868144.713945,2,1,-68
1755868144.7519443,2,-1,-76
1755868144.7879446,4,0,-70
1755868144.825945,1,-2,-63
1755868144.8639443,6,7,-74
1755868144.8999443,1,-4,-76
1755868144.9369447,-2,0,-73
1755868144.9759445,-2,-7,-66
1755868145.0139446,-1,-2,-68
1755868145.0499446,-5,-1,-72
1755868145.088945,4,0,-75
1755868145.1259446,-3,-3,-65
1755868145.1639447,8,4,-66
1755868145.1999447,7,4,-68
1755868145.236945,-3,-2,-80
1755868145.2759447,-6,-3,-76
1755868145.3139446,2,3,-69
1755868145.3499446,0,6,-57
1755868145.3869443,4,0,-59
1755868145.4239447,6,2,-70
1755868145.4629445,2,1,-72
1755868145.4989443,2,1,-73
1755868145.5359447,-1,3,-69
1755868145.5739446,1,1,-73
1755868145.6099446,0,2,-75
1755868145.6469443,-3,2,-74
1755868145.6849446,-1,1,-66
1755868145.723945,0,3,-72
1755868145.759945,-2,9,-70
1755868145.7969446,0,-2,-74
1755868145.8349447,1,1,-74
1755868145.8739443,-2,2,-80
1755868145.9099443,1,4,-76
1755868145.9469447,-6,4,-83
1755868145.9849446,2,4,-68
1755868146.0229447,0,-1,-68
1755868146.0589447,-5,-2,-70
1755868146.0969446,-2,-3,-73
1755868146.134945,1,3,-91
1755868146.1739447,2,2,-86
1755868146.2099447,-2,-1,-88
1755868146.2479446,-2,-2,-72
1755868146.2859447,2,0,-74
1755868146.3249447,-6,2,-76
1755868146.3629446,-2,-3,-68
1755868146.3989446,0,9,-67
1755868146.4359446,-3,1,-68
1755868146.4749446,0,1,-75
1755868146.5129447,-4,1,-70
1755868146.5489447,0,-3,-76
1755868146.5949447,6,0,-74
1755868146.6329446,-4,-2,-73
1755868146.6689446,-4,-1,-77
1755868146.7069447,-5,1,-83
1755868146.7449446,-5,1,-76
1755868146.7839446,-4,1,-80
1755868146.8199446,-2,0,-75
1755868146.8569446,4,-4,-73
1755868146.894945,0,0,-72
1755868146.9309447,-5,0,-79
1755868146.9689443,3,0,-68
1755868147.0059447,-3,2,-69
1755868147.0449443,5,2,-74
1755868147.0809443,3,1,-68
1755868147.1179447,4,3,-68
1755868147.1559446,-3,4,-63
1755868147.1949446,-4,1,-71
1755868147.2309446,-5,1,-72
1755868147.2679446,3,-2,-73
1755868147.3059447,-2,0,-70
1755868147.3449447,-7,-3,-64
1755868147.3809447,-11,-2,-58
1755868147.4189446,-13,1,-65
1755868147.4569447,-10,0,-66
1755868147.4959445,3,0,-64
1755868147.5339446,3,-2,-59
1755868147.5699446,1,-4,-75
1755868147.608945,-1,-5,-67
1755868147.6459446,1,-2,-59
1755868147.6849446,1,0,-69
1755868147.7209446,0,4,-68
1755868147.7589445,-1,7,-76
1755868147.7969446,0,-1,-70
1755868147.835945,-8,-2,-74
1755868147.8739443,-1,0,-71
1755868147.9099443,2,6,-72
1755868147.9479446,7,0,-69
1755868147.9859445,6,-1,-76
1755868148.0239446,0,3,-67
1755868148.0599446,0,4,-66
1755868148.0969446,0,7,-69
1755868148.134945,2,2,-71
1755868148.1709447,-6,0,-79
1755868148.2089446,0,-1,-76
1755868148.246945,-5,0,-81
1755868148.2859447,-1,-2,-67
1755868148.3239446,-1,-1,-72
1755868148.3599446,-2,3,-69
1755868148.3969443,4,4,-61
1755868148.4349446,4,0,-79
1755868148.4709446,0,1,-73
1755868148.5089445,-5,-3,-73
1755868148.5459447,-3,-6,-70
1755868148.5849447,-2,4,-74
1755868148.621945,-3,6,-77
1755868148.6589446,0,6,-77
1755868148.6959443,3,1,-78
1755868148.7349446,2,3,-76
1755868148.7719443,3,0,-78
1755868148.8089447,-3,13,-76
1755868148.8469446,0,-1,-66
1755868148.8859446,-4,-9,-61
1755868148.9219446,0,-5,-69
1755868148.9589446,-7,1,-65
1755868148.996945,2,-3,-74
1755868149.0349443,7,2,-68
1755868149.0709443,2,-3,-63
1755868149.108945,-2,1,-65
1755868149.1469443,-1,-3,-77
1755868149.1859446,-3,3,-74
1755868149.2219446,3,0,-68
1755868149.2589445,1,-7,-81
1755868149.2969446,-2,-1,-78
1755868149.335945,2,-6,-81
1755868149.371945,3,0,-80
1755868149.4089446,6,1,-76
1755868149.4469447,-2,1,-79
1755868149.4859445,4,0,-72
1755868149.5219443,1,5,-74
1755868149.5589447,-1,3,-72
1755868149.5969446,-7,2,-69
1755868149.6359446,4,2,-82
1755868149.6719446,6,1,-81
1755868149.7089446,0,-4,-72
1755868149.746945,-2,-6,-75
1755868149.7859447,3,0,-71
1755868149.8219447,1,4,-65
1755868149.858945,-3,3,-82
1755868149.8969443,-1,1,-83
1755868149.9359446,1,0,-90
1755868149.9719446,6,0,-77
1755868150.0089445,3,-3,-77
1755868150.0469446,-1,-4,-70
1755868150.085945,-4,-2,-69
1755868150.121945,-7,0,-72
1755868150.1589446,-4,0,-72
1755868150.1969447,0,-1,-81
1755868150.2359445,-6,-3,-75
1755868150.2719443,1,-12,-75
1755868150.3089447,-3,-3,-78
1755868150.3469446,-1,-2,-75
1755868150.3859446,0,-3,-77
1755868150.4219446,6,3,-78
1755868150.4589446,16,3,-82
1755868150.496945,7,4,-85
1755868150.532945,4,8,-68
1755868150.5699446,0,5,-69
1755868150.6079447,-2,0,-69
1755868150.6469443,-1,-1,-71
1755868150.6829443,-2,0,-67
1755868150.7199447,-8,6,-71
1755868150.7579446,-5,1,-84
1755868150.7969446,2,6,-61
1755868150.8329446,5,2,-74
1755868150.8699446,6,6,-63
1755868150.9089446,0,5,-64
1755868150.9469447,0,4,-70
1755868150.9829447,0,7,-65
1755868151.019945,-6,5,-63
1755868151.0589447,2,2,-70
1755868151.0969446,2,2,-78
1755868151.1329446,-2,-1,-75
1755868151.1719446,-4,-1,-56
1755868151.2089446,-3,1,-69
1755868151.2479446,-1,1,-69
1755868151.2859447,-1,8,-64
1755868151.3219447,2,1,-64
1755868151.358945,0,-4,-67
1755868151.3979447,-2,-7,-63
1755868151.4359446,0,-2,-68
1755868151.4719446,0,-3,-64
1755868151.5089445,2,-3,-69
1755868151.5479443,2,-14,-76
1755868151.585945,0,0,-61
1755868151.621945,0,3,-54
1755868151.6589446,-4,0,-61
1755868151.6979446,4,8,-59
1755868151.7359445,1,8,-70
1755868151.7719443,2,-1,-62
1755868151.8089447,-1,-5,-66
1755868151.8479445,1,-1,-71
1755868151.8859446,-5,2,-63
1755868151.9219446,-4,5,-68
1755868151.9599447,-5,0,-78
1755868151.9979446,5,0,-73
1755868152.0339446,2,-2,-70
1755868152.0709443,-1,0,-69
1755868152.108945,3,0,-69
1755868152.1479447,2,1,-71
1755868152.1839447,-6,0,-74
1755868152.2209446,-6,5,-79
1755868152.2589445,-5,8,-68
1755868152.2979443,-4,-3,-79
1755868152.3339446,0,-1,-66
1755868152.3709445,1,1,-71
1755868152.407945,-2,2,-64
1755868152.4469447,-1,3,-78
1755868152.4829447,-3,4,-79
1755868152.5209446,-4,5,-79
1755868152.5599446,0,4,-72
1755868152.5979445,0,5,-73
1755868152.6339445,1,0,-74
1755868152.6709447,0,5,-60
1755868152.7079446,8,2,-66
1755868152.7439446,-2,0,-76
1755868152.7809446,4,1,-74
1755868152.8189447,-2,0,-80
1755868152.8569446,4,-3,-77
1755868152.8929446,2,0,-73
1755868152.9309447,-2,2,-76
1755868152.9689443,1,-3,-83
1755868153.0079446,7,0,-72
1755868153.0439446,6,0,-73
1755868153.0809443,-1,1,-70
1755868153.1189446,-6,1,-66
1755868153.157945,-4,-2,-68
1755868153.1939447,-6,-6,-79
1755868153.2319446,-4,0,-63
1755868153.269945,0,-1,-63
1755868153.3089447,-1,2,-74
1755868153.3469446,4,-3,-63
1755868153.3829446,-1,-2,-65
1755868153.4209447,-1,0,-63
1755868153.4589446,4,-6,-73
1755868153.4979446,-1,-3,-73
1755868153.5339446,0,3,-75
1755868153.5709443,2,-1,-76
1755868153.608945,0,0,-70
1755868153.6479447,-2,-3,-75
1755868153.6839447,2,-1,-66
1755868153.7209446,4,-4,-76
1755868153.759945,7,-2,-87
1755868153.7979443,0,-4,-81
1755868153.8339446,3,-3,-74
1755868153.8709445,6,-2,-60
1755868153.9089446,2,-2,-73
1755868153.9479446,-4,1,-73
1755868153.983945,1,4,-77
1755868154.0219443,5,0,-70
1755868154.0589447,4,1,-74
1755868154.0979445,4,0,-67
1755868154.1339445,0,3,-70
1755868154.1709447,3,0,-69
1755868154.2089446,5,3,-59
1755868154.2449446,1,4,-68
1755868154.2819445,3,-2,-75
1755868154.3199446,-1,-3,-69
1755868154.358945,0,-3,-79
1755868154.394945,1,-6,-84
1755868154.4319446,-1,1,-72
1755868154.4699447,1,2,-71
1755868154.5079446,-1,1,-72
1755868154.5439446,0,5,-65
1755868154.5809443,0,0,-66
1755868154.6199446,-3,-1,-76
1755868154.657945,-1,-2,-89
1755868154.6939447,7,-4,-89
1755868154.7319446,3,3,-76
1755868154.769945,2,2,-66
1755868154.8079443,-2,0,-69
1755868154.8439443,1,-1,-66
1755868154.8809447,0,-2,-73
1755868154.9199443,3,-2,-77
1755868154.9579446,-2,3,-79
1755868154.9939446,1,0,-74
1755868155.0319445,-1,-3,-75
1755868155.0699446,-3,0,-71
1755868155.1079447,-4,4,-68
1755868155.1439445,-1,2,-65
1755868155.1809447,-9,-2,-54
1755868155.2199447,-4,-7,-65
1755868155.2579446,-3,-4,-68
1755868155.2939446,-1,-4,-62
1755868155.3319447,1,0,-65
1755868155.3699446,5,-1,-59
1755868155.407945,6,-3,-64
1755868155.4439447,2,-2,-69
1755868155.4819446,-8,-5,-73
1755868155.519945,-8,-1,-66
1755868155.5579443,-6,2,-60
1755868155.5939443,0,0,-73
1755868155.631945,1,-1,-68
1755868155.6699443,3,-2,-67
1755868155.7059443,5,0,-65
1755868155.7429447,4,0,-65
1755868155.7809446,9,-3,-61
1755868155.8189447,0,-1,-67
1755868155.8549447,8,1,-67
1755868155.8929446,1,0,-81
1755868155.9299445,-2,2,-69
1755868155.9689443,1,-5,-70
1755868156.0049446,1,-6,-78
1755868156.042945,-3,0,-65
1755868156.0809443,0,9,-75
1755868156.1189446,-3,-2,-69
1755868156.154945,-6,-3,-81
1755868156.1929443,-1,-1,-81
1755868156.2309446,0,-4,-71
1755868156.269945,4,0,-73
1755868156.3059447,-1,0,-74
1755868156.3449447,5,-4,-82
1755868156.381945,1,-5,-59
1755868156.4209447,1,-4,-54
1755868156.4589446,-6,2,-57
1755868156.4949446,2,0,-63
1755868156.5319445,-1,-2,-78
1755868156.5709443,0,-4,-77
1755868156.6159446,3,-7,-70
1755868156.6539447,0,-3,-69
1755868156.690945,-1,3,-65
1755868156.7299447,2,0,-73
1755868156.7659447,3,-1,-81
1755868156.802945,6,3,-75
1755868156.8409443,0,-1,-77
1755868156.8789446,1,-1,-75
1755868156.9159446,0,0,-76
1755868156.9529445,-4,1,-76
1755868156.9909446,0,4,-65
1755868157.029945,7,4,-60
1755868157.065945,5,3,-75
1755868157.1029446,-4,6,-69
1755868157.1409447,-3,7,-67
1755868157.1799445,-1,-2,-73
1755868157.2159443,-1,-5,-76
1755868157.2539446,-4,-6,-72
1755868157.2919445,1,-3,-66
1755868157.3309443,-6,-5,-62
1755868157.3689446,-1,3,-75
1755868157.404945,0,3,-75
1755868157.4419446,0,0,-71
1755868157.4799447,-3,-1,-72
1755868157.5159447,-3,1,-69
1755868157.552945,2,0,-77
1755868157.5909443,0,2,-73
1755868157.6269443,5,0,-85
1755868157.6639447,1,1,-80
1755868157.7019446,1,1,-75
1755868157.7409446,1,-2,-73
1755868157.7769446,1,-3,-69
1755868157.8149445,-2,2,-77
1755868157.8529446,-1,-5,-71
1755868157.8919446,2,1,-80
1755868157.9299445,-1,2,-67
1755868157.9659443,3,1,-67
1755868158.0029447,1,-2,-70
1755868158.0419445,-4,-2,-74
1755868158.0799446,0,-2,-75
1755868158.1159446,-3,-2,-70
1755868158.1539447,1,-4,-76
1755868158.1919446,1,3,-63
1755868158.2309446,-1,1,-68
1755868158.2669446,5,5,-62
1755868158.3039446,6,2,-73
1755868158.3419447,2,-3,-78
1755868158.3799446,0,0,-69
1755868158.4159446,-5,-1,-75
1755868158.4539447,-1,0,-77
1755868158.4919446,-6,1,-77
1755868158.5309446,0,-4,-78
1755868158.5669446,-5,2,-74
1755868158.6039443,-2,-4,-68
1755868158.6419446,-4,-3,-55
1755868158.6809447,-3,-2,-71
1755868158.7169447,-1,-2,-69
1755868158.7549446,3,1,-79
1755868158.7919445,0,-1,-77
1755868158.8309443,1,-6,-65
1755868158.8669446,-1,0,-77
1755868158.9039447,4,6,-77
1755868158.9419446,5,2,-79
1755868158.9799447,6,-3,-51
1755868159.0159447,5,-3,-57
1755868159.0539446,4,-5,-77
1755868159.0919447,-5,2,-68
1755868159.1309447,-3,-1,-60
1755868159.1669445,-1,2,-64
1755868159.2039447,0,1,-67
1755868159.2419446,-2,0,-77
1755868159.2779446,2,-4,-72
1755868159.3149445,-2,-2,-64
1755868159.3539443,7,0,-66
1755868159.3919446,-4,5,-73
1755868159.427945,0,-1,-76
1755868159.4649446,-1,-2,-77
1755868159.5039446,0,-5,-70
1755868159.5419445,4,0,-73
1755868159.5779445,4,-3,-72
1755868159.6149447,1,0,-73
1755868159.6519446,-1,-6,-66
1755868159.690945,1,-1,-69
1755868159.7269447,6,0,-75
1755868159.7639446,-1,-5,-80
1755868159.8019447,3,-6,-68
1755868159.8409443,5,0,-82
1755868159.8769443,9,2,-76
1755868159.9139447,0,10,-73
1755868159.9519446,3,7,-71
1755868159.9879446,0,2,-83
1755868160.0259447,2,1,-70
1755868160.062945,5,4,-78
1755868160.1009445,4,-1,-75
1755868160.1369443,0,-2,-71
1755868160.1739447,-3,3,-73
1755868160.2129445,-2,0,-77
1755868160.2509446,2,3,-84
1755868160.2869446,2,4,-78
1755868160.3239446,1,-2,-70
1755868160.3629446,-3,2,-72
1755868160.4009447,6,-1,-70
1755868160.4369447,6,0,-79
1755868160.473945,1,-2,-74
1755868160.5129447,-6,0,-81
1755868160.5509446,-7,-3,-85
1755868160.5869446,-3,5,-79
1755868160.6239443,-3,5,-82
1755868160.6629446,-5,-4,-70
1755868160.700945,-3,-4,-75
1755868160.736945,7,1,-63
1755868160.7749443,2,2,-67
1755868160.812945,7,2,-55
1755868160.8509445,9,-1,-53
1755868160.8869443,12,-1,-58
1755868160.9259446,8,2,-60
1755868160.9629445,-4,4,-71
1755868161.0019443,3,3,-70
1755868161.0379446,3,-3,-73
1755868161.075945,11,0,-72
1755868161.1129446,6,-1,-69
1755868161.1519446,0,-1,-78
1755868161.1889446,-4,0,-76
1755868161.2259445,4,-2,-72
1755868161.2639446,0,-5,-77
1755868161.302945,-2,1,-74
1755868161.338945,0,-3,-73
1755868161.3759446,-1,3,-78
1755868161.4139447,3,14,-75
1755868161.4519446,2,3,-66
1755868161.4879446,3,3,-70
1755868161.5249443,3,0,-75
1755868161.562945,0,11,-66
1755868161.598945,-1,5,-82
1755868161.6359446,6,1,-77
1755868161.6729443,-1,-1,-76
1755868161.7119446,2,0,-62
1755868161.7479446,-2,-5,-70
1755868161.7859447,7,1,-65
1755868161.8239446,7,2,-71
1755868161.861945,-8,4,-77
1755868161.8979447,2,-3,-66
1755868161.9349446,0,0,-73
1755868161.973945,-2,0,-71
1755868162.0119443,-1,0,-78
1755868162.0479443,6,-5,-75
1755868162.085945,12,-5,-66
1755868162.1239443,5,0,-71
1755868162.1629446,-1,1,-76
1755868162.1989446,4,0,-80
1755868162.2359445,-1,6,-68
1755868162.2739446,0,1,-65
1755868162.312945,1,2,-74
1755868162.348945,0,5,-78
1755868162.3859446,2,2,-62
1755868162.4239447,6,3,-73
1755868162.4619446,-3,1,-72
1755868162.4979446,-9,3,-68
1755868162.5359447,-3,-2,-74
1755868162.5739446,-1,8,-65
1755868162.6129446,2,0,-67
1755868162.6489446,-3,-2,-71
1755868162.687945,-9,-5,-64
1755868162.7249446,0,0,-79
1755868162.7639446,1,-1,-78
1755868162.8019447,5,3,-84
1755868162.8379445,1,5,-83
1755868162.8749447,-3,4,-79
1755868162.9139447,-2,2,-69
1755868162.9499447,0,-1,-80
1755868162.9879446,3,8,-76
1755868163.0259447,-2,7,-73
1755868163.0639446,-2,3,-63
1755868163.1029446,9,2,-74
1755868163.1389446,7,-1,-68
1755868163.1759446,4,0,-72
1755868163.213945,3,-2,-64
1755868163.2529447,2,0,-65
1755868163.2889447,2,-4,-74
1755868163.325945,2,-6,-77
1755868163.3639443,0,-3,-85
1755868163.4029446,0,-3,-67
1755868163.4389446,0,0,-74
1755868163.4769447,1,5,-85
1755868163.5139446,2,1,-80
1755868163.552945,0,1,-72
1755868163.588945,-3,0,-73
1755868163.6269443,-5,-5,-70
1755868163.6649446,-5,-7,-71
1755868163.7029445,1,-1,-63
1755868163.7389443,0,-5,-69
1755868163.7769446,-6,2,-83
1755868163.8149445,5,2,-75
1755868163.8529446,2,3,-76
1755868163.8889446,4,-3,-74
1755868163.9269447,0,-5,-73
1755868163.9649446,3,1,-64
1755868164.0029447,0,7,-62
1755868164.0389447,-1,5,-68
1755868164.0769446,2,-3,-73
1755868164.1149447,4,-1,-75
1755868164.1539447,1,-3,-75
1755868164.1899445,-1,-1,-67
1755868164.2279446,-3,1,-62
1755868164.2659447,8,4,-63
1755868164.3039446,3,7,-70
1755868164.3399446,-3,2,-65
1755868164.3769443,0,-2,-73
1755868164.4149446,-5,-1,-71
1755868164.4539447,5,-3,-70
1755868164.4899447,3,-5,-63
1755868164.5269446,-2,-8,-67
1755868164.5649445,-1,3,-82
1755868164.6039443,0,-3,-72
1755868164.6399446,-1,-2,-70
1755868164.677945,0,-2,-67
1755868164.7159443,3,-3,-75
1755868164.7549446,9,-1,-74
1755868164.7909446,3,0,-88
1755868164.8289447,10,3,-84
1755868164.8659446,7,-7,-73
1755868164.904945,0,-3,-74
1755868164.940945,-1,1,-64
1755868164.9789443,0,-1,-70
1755868165.0169446,2,-1,-76
1755868165.0549445,2,-3,-74
1755868165.0939443,-7,-5,-74
1755868165.1299446,-3,0,-75
1755868165.167945,-1,7,-82
1755868165.2059443,-1,7,-70
1755868165.2449446,-6,0,-69
1755868165.2809446,-7,-4,-76
1755868165.3189447,2,0,-73
1755868165.3559446,2,0,-79
1755868165.3939445,-3,2,-71
1755868165.4299445,-5,0,-73
1755868165.4669447,-1,-4,-73
1755868165.5059447,4,-3,-81
1755868165.5439446,4,0,-79
1755868165.5799446,-5,6,-78
1755868165.6169446,-7,4,-63
1755868165.6559446,-1,5,-72
1755868165.6939447,0,-3,-80
1755868165.7299447,1,4,-69
1755868165.7669446,-1,7,-72
1755868165.8059447,-5,2,-63
1755868165.8439443,-2,-4,-71
1755868165.8799446,1,-6,-70
1755868165.9169445,-5,3,-77
1755868165.9559443,-1,5,-63
1755868165.9939446,0,0,-56
1755868166.029945,-7,1,-70
1755868166.0679443,-7,0,-82
1755868166.1059446,1,5,-77
1755868166.1439445,-2,5,-73
1755868166.1799445,-3,6,-64
1755868166.2189443,-3,-2,-78
1755868166.2559447,4,0,-69
1755868166.2939446,-1,0,-71
1755868166.3299446,-2,1,-82
1755868166.3669446,-7,5,-74
1755868166.4059446,-8,4,-80
1755868166.4419446,-2,0,-67
1755868166.4799447,-2,-3,-61
1755868166.5189445,4,-6,-72
1755868166.5559447,1,-6,-60
1755868166.5949447,9,-4,-62
1755868166.6389446,9,4,-68
1755868166.677945,0,-1,-60
1755868166.7159443,-6,2,-76
1755868166.7519443,2,6,-75
1755868166.7889447,-4,3,-68
1755868166.8269446,0,-1,-79
1755868166.8659446,0,-1,-74
1755868166.9019446,0,-6,-79
1755868166.9389446,3,3,-71
1755868166.9779446,2,4,-77
1755868167.0159447,0,4,-72
1755868167.0519447,0,1,-68
1755868167.088945,1,3,-83
1755868167.1259446,-3,0,-71
1755868167.1649446,-4,-4,-66
1755868167.200945,-6,-9,-66
1755868167.2389443,0,-7,-79
1755868167.2779446,6,0,-67
1755868167.315945,6,-2,-64
1755868167.3519447,9,4,-68
1755868167.3889446,1,-3,-66
1755868167.427945,0,-2,-59
1755868167.4659443,-2,1,-64
1755868167.5019443,1,9,-64
1755868167.5389447,2,3,-67
1755868167.5779445,0,5,-71
1755868167.6159446,-1,0,-72
1755868167.6519446,-1,4,-70
1755868167.6889446,-2,0,-62
1755868167.7269447,1,-1,-60
1755868167.7659447,-1,0,-68
1755868167.8019447,-7,4,-78
1755868167.8399446,-9,0,-73
1755868167.8779447,-6,0,-74
1755868167.9169445,-3,5,-68
1755868167.9549446,-3,7,-78
1755868167.9909446,0,7,-71
1755868168.0279446,-7,9,-75
1755868168.0669446,-1,6,-73
1755868168.1049447,3,1,-77
1755868168.1409447,-1,-1,-76
1755868168.1789446,0,4,-67
1755868168.2169447,1,0,-68
1755868168.2529447,0,-2,-77
1755868168.2899446,0,0,-72
1755868168.3269446,7,-3,-69
1755868168.3659446,0,0,-69
1755868168.4019446,6,-4,-75
1755868168.4399445,3,-3,-72
1755868168.4779446,1,6,-69
1755868168.5159447,4,2,-64
1755868168.5519447,4,3,-72
1755868168.588945,4,2,-77
1755868168.6269443,0,3,-74
1755868168.6629446,-3,2,-72
1755868168.700945,-7,3,-75
1755868168.7399447,8,4,-70
1755868168.7769446,3,8,-79
1755868168.812945,1,2,-78
1755868168.8499446,-5,-4,-79
1755868168.8879447,-2,1,-84
1755868168.9269447,-3,-1,-89
1755868168.9629445,0,0,-85
1755868168.9999447,0,0,-71
1755868169.0379446,2,6,-76
1755868169.075945,1,4,-60
1755868169.111945,-3,1,-78
1755868169.1489446,0,2,-87
1755868169.1869447,0,3,-77
1755868169.2229445,0,4,-79
1755868169.259945,3,-5,-67
1755868169.2989447,0,0,-74
1755868169.3369446,0,2,-63
1755868169.3729446,-2,-2,-63
1755868169.4109447,2,3,-67
1755868169.4489446,2,6,-70
1755868169.486945,0,2,-82
1755868169.5229447,-1,-4,-67
1755868169.5619447,-5,1,-63
1755868169.598945,0,6,-65
1755868169.6369443,2,0,-73
1755868169.6729443,2,0,-67
1755868169.7099447,0,-7,-73
1755868169.7479446,12,-4,-81
1755868169.7869446,7,1,-78
1755868169.8229446,0,5,-76
1755868169.8599446,0,6,-81
1755868169.8989446,0,6,-73
1755868169.9369447,-4,4,-71
1755868169.9729445,7,7,-78
1755868170.009945,3,5,-74
1755868170.0489447,2,2,-73
1755868170.0869446,-3,6,-77
1755868170.1229446,-1,-1,-67
1755868170.1609447,-7,7,-68
1755868170.1989446,0,8,-80
1755868170.236945,-1,6,-64
1755868170.2729447,0,0,-64
1755868170.3099446,1,-2,-83
1755868170.3479445,-1,-4,-77
1755868170.3869443,0,0,-73
1755868170.4229443,7,0,-67
1755868170.460945,0,-2,-70
1755868170.4979446,-3,-5,-76
1755868170.5369446,-1,-5,-76
1755868170.5729446,-4,-1,-77
1755868170.6109445,1,0,-67
1755868170.6479447,5,3,-66
1755868170.6839447,0,-1,-66
1755868170.7209446,-4,-2,-78
1755868170.7589445,-6,2,-77
1755868170.7979443,-6,0,-78
1755868170.8339446,-2,0,-71
1755868170.8709445,0,1,-71
1755868170.9089446,-2,3,-69
1755868170.9479446,0,7,-77
1755868170.983945,-2,5,-77
1755868171.0209446,-3,1,-75
1755868171.0589447,0,4,-80
1755868171.0969446,2,3,-75
1755868171.1329446,2,5,-75
1755868171.1699443,6,-6,-70
1755868171.2089446,-1,0,-76
1755868171.246945,0,-5,-72
1755868171.282945,-7,-5,-80
1755868171.3209443,1,-3,-70
1755868171.358945,-7,-1,-70
1755868171.3969443,-4,4,-78
1755868171.4329443,-3,2,-73
1755868171.4699447,-2,6,-69
1755868171.5089445,-3,-3,-71
1755868171.5469446,-9,-2,-72
1755868171.5829446,-3,0,-67
1755868171.6199446,0,-1,-74
1755868171.6589446,3,-1,-71
1755868171.6969447,3,-5,-78
1755868171.7329447,-1,0,-79
1755868171.7709446,-1,-1,-77
1755868171.8089447,8,7,-76
1755868171.8449447,5,3,-81
1755868171.881945,3,4,-86
1755868171.9209447,-3,4,-87
1755868171.9589446,8,9,-87
1755868171.9949446,8,4,-71
1755868172.032945,0,0,-80
1755868172.0699446,0,-2,-76
1755868172.108945,3,-4,-68
1755868172.1459446,1,3,-73
1755868172.1829443,0,1,-69
1755868172.2209446,-2,0,-68
1755868172.2589445,-8,-1,-68
1755868172.2949443,-5,3,-67
1755868172.3329446,5,2,-69
1755868172.3709445,3,-4,-75
1755868172.4089446,2,0,-74
1755868172.4449446,6,0,-64
1755868172.4819446,0,1,-65
1755868172.5209446,0,-4,-68
1755868172.5589447,-2,-7,-69
1755868172.5949447,-4,-4,-63
1755868172.6329446,-2,-1,-61
1755868172.6709447,1,0,-68
1755868172.7089446,-3,1,-70
1755868172.7449446,7,0,-77
1755868172.7819445,0,-6,-77
1755868172.8199446,4,0,-61
1755868172.858945,8,4,-71
1755868172.894945,2,2,-71
1755868172.9319446,4,0,-66
1755868172.9699447,1,0,-69
1755868173.0079446,-1,2,-67
1755868173.0439446,1,2,-63
1755868173.0819447,-1,-4,-75
1755868173.1209445,4,0,-70
1755868173.1589446,-2,4,-75
1755868173.1949446,3,0,-67
1755868173.2319446,1,0,-75
1755868173.269945,0,1,-72
1755868173.3079443,7,-4,-73
1755868173.3439443,8,-2,-74
1755868173.381945,0,-4,-69
1755868173.4209447,-2,-3,-70
1755868173.4589446,0,0,-57
1755868173.4949446,-9,0,-67
1755868173.5319445,0,-4,-72
1755868173.5709443,0,0,-62
1755868173.608945,0,0,-75
1755868173.644945,-2,1,-62
1755868173.6829443,-6,-6,-70
1755868173.7199447,-5,-10,-77
1755868173.7589445,-7,-2,-67
1755868173.7949443,-4,4,-74
1755868173.8319447,2,-7,-73
1755868173.8699446,-1,5,-78
1755868173.9089446,0,-1,-76
1755868173.9449446,-4,4,-77
1755868173.9819446,-2,5,-75
1755868174.0209446,-1,0,-80
1755868174.0589447,1,0,-86
1755868174.0949447,-2,2,-83
1755868174.131945,1,2,-63
1755868174.1699443,-2,1,-67
1755868174.2059443,3,-3,-62
1755868174.2439446,3,-4,-76
1755868174.2819445,-1,-7,-76
1755868174.3199446,1,-2,-75
1755868174.358945,-5,-2,-70
1755868174.394945,-2,-4,-63
1755868174.4329443,-4,0,-72
1755868174.4709446,-3,-3,-65
1755868174.509945,0,-3,-60
1755868174.5469446,-1,-2,-66
1755868174.5839446,2,0,-66
1755868174.6209445,2,0,-73
1755868174.6599443,0,-2,-75
1755868174.6969447,3,0,-77
1755868174.733945,-1,5,-74
1755868174.7719443,-3,7,-86
1755868174.8109446,-1,4,-65
1755868174.848945,1,-5,-81
1755868174.884945,6,4,-81
1755868174.9219446,-1,5,-78
1755868174.960945,0,0,-74
1755868174.9989443,5,6,-75
1755868175.0349443,4,0,-73
1755868175.0719447,1,3,-77
1755868175.1099446,3,-4,-70
1755868175.1459446,2,-2,-60
1755868175.1839447,8,-7,-68
1755868175.2219446,2,-7,-69
1755868175.2609446,-1,-1,-74
1755868175.2989447,-1,-6,-78
1755868175.3349447,4,-2,-74
1755868175.371945,2,0,-65
1755868175.4099443,4,-1,-81
1755868175.4459443,-5,-2,-78
1755868175.483945,-6,-8,-83
1755868175.5219443,-3,4,-86
1755868175.5609446,-7,2,-75
1755868175.5969446,-7,0,-69
1755868175.6339445,2,4,-69
1755868175.6709447,3,0,-73
1755868175.7099447,-3,0,-74
1755868175.7459445,-3,0,-75
1755868175.7839446,1,0,-80
1755868175.8219447,2,0,-62
1755868175.8599446,3,0,-76
1755868175.8959446,0,-3,-77
1755868175.9339447,3,-1,-67
1755868175.9719446,0,-3,-70
1755868176.0109446,0,-2,-65
1755868176.0469446,0,-4,-60
1755868176.0839446,2,-7,-63
1755868176.121945,0,-6,-64
1755868176.1609447,-2,-4,-70
1755868176.1969447,5,-3,-72
1755868176.2349446,-2,7,-76
1755868176.2729447,5,3,-77
1755868176.3109446,-3,7,-84
1755868176.3469446,2,-1,-86
1755868176.384945,-1,1,-72
1755868176.4229443,6,-3,-80
1755868176.4619446,1,0,-70
1755868176.4999447,5,2,-70
1755868176.5359447,8,3,-73
1755868176.5729446,5,0,-62
1755868176.6109445,6,-1,-71
1755868176.654945,13,-6,-78
1755868176.6929443,7,3,-69
1755868176.7319446,2,2,-66
1755868176.769945,5,1,-65
1755868176.8059447,2,0,-64
1755868176.8429446,2,-1,-71
1755868176.881945,0,-1,-68
1755868176.9199443,1,-4,-73
1755868176.9559443,-1,-1,-69
1755868176.9939446,-1,0,-68
1755868177.0319445,9,0,-69
1755868177.0699446,10,2,-81
1755868177.1059446,0,5,-67
1755868177.1429446,-5,-2,-66
1755868177.1819446,-6,6,-64
1755868177.2179446,3,6,-78
1755868177.2549446,-2,0,-72
1755868177.292945,-1,-2,-67
1755868177.3319447,6,-1,-66
1755868177.3679447,4,-2,-66
1755868177.404945,-1,-4,-69
1755868177.4429443,4,-5,-67
1755868177.4819446,5,-2,-54
1755868177.5179446,1,3,-61
1755868177.5549445,2,1,-71
1755868177.5919447,0,-7,-74
1755868177.6309447,2,-13,-73
1755868177.6669445,0,-7,-75
1755868177.7049446,8,0,-72
1755868177.7419446,8,1,-82
1755868177.7779446,3,0,-78
1755868177.815945,2,-2,-74
1755868177.8539443,5,-3,-66
1755868177.8919446,0,-7,-65
1755868177.9309447,-1,-4,-67
1755868177.9669447,1,-3,-74
1755868178.0049446,2,2,-81
1755868178.042945,-6,2,-73
1755868178.0809443,0,0,-71
1755868178.1169446,-2,0,-69
1755868178.154945,-3,2,-70
1755868178.1929443,-8,-1,-72
1755868178.2309446,-2,1,-78
1755868178.2669446,0,2,-69
1755868178.3049445,0,-5,-64
1755868178.3429446,-2,2,-67
1755868178.3809447,-6,4,-65
1755868178.4169445,1,2,-68
1755868178.4539447,-4,0,-66
1755868178.4929447,5,-1,-71
1755868178.5309446,4,1,-74
1755868178.5669446,2,1,-73
1755868178.6049447,7,0,-79
1755868178.6429446,10,2,-73
1755868178.6809447,5,3,-79
1755868178.7169447,3,3,-79
1755868178.7549446,0,-1,-82
1755868178.792945,5,-3,-67
1755868178.8309443,-5,2,-74
1755868178.8669446,0,1,-67
1755868178.904945,0,-3,-69
1755868178.9429443,1,-2,-76
1755868178.9789443,3,-4,-85
1755868179.0159447,-2,3,-72
1755868179.0549445,-1,12,-57
1755868179.0929446,1,6,-76
1755868179.1289446,-6,4,-75
1755868179.1659446,-4,0,-73
1755868179.2039447,4,-1,-69
1755868179.2429447,7,0,-78
1755868179.2789447,-5,0,-77
1755868179.3179443,0,-2,-66
1755868179.3549447,-4,0,-70
1755868179.3929446,-9,5,-70
1755868179.4319446,-4,1,-66
1755868179.4679446,-2,-2,-66
1755868179.5059447,1,0,-67
1755868179.542945,-3,0,-74
1755868179.5819447,-8,0,-76
1755868179.6179447,-7,2,-82
1755868179.654945,3,1,-66
1755868179.6929443,-9,-3,-67
1755868179.7289443,-3,0,-65
1755868179.7679446,3,-4,-66
1755868179.8049445,9,-4,-76
1755868179.8439443,6,-7,-70
1755868179.881945,2,-4,-73
1755868179.917945,0,-6,-64
1755868179.9549446,0,-5,-75
1755868179.9939446,0,0,-78
1755868180.0319445,0,-1,-67
1755868180.0679443,5,0,-74
1755868180.1049447,6,1,-67
1755868180.1429446,8,3,-68
1755868180.1789446,-3,7,-71
1755868180.2159443,5,3,-69
1755868180.2539446,6,1,-75
1755868180.2919445,5,0,-85
1755868180.3279445,7,-4,-68
1755868180.3659446,3,-1,-64
1755868180.404945,5,-3,-76
1755868180.4429443,0,-2,-66
1755868180.4789443,5,6,-68
1755868180.5159447,7,2,-82
1755868180.5539446,0,-5,-66
1755868180.5919447,-3,-2,-73
1755868180.6279447,-4,0,-81
1755868180.6659446,1,-7,-72
1755868180.7049446,-3,-2,-76
1755868180.7429447,-4,-6,-75
1755868180.7789447,-5,-4,-74
1755868180.8169446,-9,-2,-73
1755868180.8549447,1,1,-72
1755868180.8929446,3,0,-66
1755868180.9289446,4,-5,-76
1755868180.9659443,-2,0,-73
1755868181.0039446,-6,1,-69
1755868181.042945,-5,1,-67
1755868181.0789447,-2,-1,-74
1755868181.1169446,5,-4,-69
1755868181.154945,5,-1,-64
1755868181.1939447,-1,1,-74
1755868181.2299447,-6,0,-74
1755868181.2679446,-4,-3,-75
1755868181.3059447,-2,-3,-60
1755868181.3439443,-1,1,-68
1755868181.3829446,2,-3,-66
1755868181.4189446,0,5,-64
1755868181.4569447,-2,-2,-66
1755868181.4949446,2,2,-71
1755868181.5339446,0,2,-76
1755868181.5699446,-2,-2,-65
1755868181.6079447,-2,1,-61
1755868181.6459446,0,-4,-64
1755868181.6849446,3,-4,-70
1755868181.7229445,5,0,-70
1755868181.7589445,-6,0,-72
1755868181.7959447,-2,-1,-61
1755868181.8349447,3,6,-70
1755868181.8729446,-6,1,-75
1755868181.9089446,-1,-3,-77
1755868181.9469447,-2,-2,-75
1755868181.9849446,0,-4,-65
1755868182.0239446,0,-3,-81
1755868182.0599446,6,7,-78
1755868182.0969446,4,2,-79
1755868182.134945,-1,0,-90
1755868182.1729443,1,-1,-70
1755868182.2089446,7,-6,-67
1755868182.246945,4,-2,-82
1755868182.2849443,-3,-3,-75
1755868182.3229446,-3,0,-67
1755868182.358945,1,-3,-74
1755868182.3969443,-8,2,-71
1755868182.4349446,-2,3,-81
1755868182.4729445,5,-3,-67
1755868182.5089445,11,-2,-68
1755868182.5469446,3,-4,-68
1755868182.5849447,9,-9,-78
1755868182.6239443,10,-3,-62
1755868182.6599443,5,0,-77
1755868182.6969447,11,-3,-70
1755868182.7349446,2,-2,-73
1755868182.7739446,5,0,-78
1755868182.8099446,-4,-2,-71
1755868182.8479445,-3,-7,-64
1755868182.8869443,0,-1,-75
1755868182.9249446,-3,-5,-70
1755868182.960945,-3,-2,-78
1755868182.9989443,1,0,-79
1755868183.0369446,-2,1,-75
1755868183.0749447,3,-1,-67
1755868183.1109445,3,4,-64
1755868183.1489446,-2,1,-62
1755868183.1869447,-4,-1,-65
1755868183.2249446,0,1,-70
1755868183.2609446,-2,0,-80
1755868183.2989447,0,0,-69
1755868183.3369446,2,0,-77
1755868183.3749447,3,1,-80
1755868183.4109447,2,0,-73
1755868183.4489446,-3,-1,-58
1755868183.4879446,0,1,-63
1755868183.5259447,3,0,-73
1755868183.5639446,8,-1,-80
1755868183.5999446,4,0,-76
1755868183.6379447,-1,0,-80
1755868183.6759446,0,-2,-75
1755868183.713945,0,-1,-83
1755868183.7499447,0,2,-78
1755868183.7869446,-5,1,-82
1755868183.825945,-11,-5,-81
1755868183.8639443,-2,-5,-72
1755868183.8999443,-7,-2,-68
1755868183.937945,-6,-2,-64
1755868183.9759445,0,-4,-69
1755868184.0149446,-2,2,-60
1755868184.0509446,1,-2,-71
1755868184.0879445,1,-7,-76
1755868184.1259446,2,-6,-72
1755868184.1649446,5,3,-63
1755868184.200945,4,5,-63
1755868184.2389443,1,-2,-73
1755868184.2759447,-8,-1,-80
1755868184.3149445,-9,-2,-77
1755868184.3509445,-2,-4,-82
1755868184.3889446,3,-3,-70
1755868184.4269447,2,-7,-82
1755868184.4659443,4,-3,-76
1755868184.5019443,1,-4,-66
1755868184.5399446,0,-4,-70
1755868184.5779445,-1,-4,-69
1755868184.6169446,-2,-8,-68
1755868184.654945,-3,-2,-77
1755868184.690945,-5,0,-77
1755868184.7279446,-3,4,-67
1755868184.7659447,6,0,-72
1755868184.8049445,-1,4,-77
1755868184.8409443,0,-3,-82
1755868184.8779447,-2,0,-66
1755868184.9159446,1,-10,-68
1755868184.9549446,-6,-1,-70
1755868184.9909446,-12,-7,-74
1755868185.0289447,-3,-5,-68
1755868185.0669446,-8,-5,-71
1755868185.1059446,3,3,-61
1755868185.1419446,2,5,-65
1755868185.1789446,2,8,-78
1755868185.2169447,0,-3,-77
1755868185.2559447,-3,-1,-80
1755868185.2919445,3,2,-73
1755868185.3289447,2,-1,-77
1755868185.3669446,4,-5,-69
1755868185.4059446,0,-3,-79
1755868185.4419446,-4,-2,-72
1755868185.4799447,-3,-7,-74
1755868185.5179446,1,0,-72
1755868185.5559447,-3,-2,-69
1755868185.5919447,0,5,-76
1755868185.6299446,0,-2,-59
1755868185.6669445,8,-1,-66
1755868185.7059443,4,-8,-69
1755868185.7419446,-6,-3,-76
1755868185.779945,1,0,-84
1755868185.8169446,7,2,-61
1755868185.8549447,7,2,-56
1755868185.8909447,0,0,-75
1755868185.927945,0,0,-70
1755868185.9669447,-5,-1,-74
1755868186.0049446,-1,-8,-77
1755868186.0409446,0,2,-68
1755868186.0779445,-1,0,-75
1755868186.1169446,2,-2,-68
1755868186.1529446,-1,1,-71
1755868186.190945,-1,2,-73
1755868186.2299447,-2,0,-79
1755868186.2669446,0,4,-80
1755868186.302945,-2,-2,-86
1755868186.3409443,-5,0,-76
1755868186.3799446,-3,-1,-72
1755868186.4169445,-5,-2,-68
1755868186.4559443,-7,-2,-67
1755868186.4919446,-2,-7,-65
1755868186.529945,-3,-1,-63
1755868186.5679443,0,1,-67
1755868186.6069446,-4,-1,-66
1755868186.6429446,1,-3,-79
1755868186.6889446,6,4,-74
1755868186.7269447,5,0,-69
1755868186.7629447,3,1,-68
1755868186.7999446,3,3,-72
1755868186.8369446,-3,-8,-70
1755868186.8759446,1,-6,-63
1755868186.9119446,4,-2,-64
1755868186.9499447,0,1,-79
1755868186.9879446,2,0,-74
1755868187.0259447,3,0,-70
1755868187.0619447,-1,2,-75
1755868187.0999446,2,3,-68
1755868187.1379447,0,-3,-69
1755868187.1769447,2,-4,-74
1755868187.2129445,0,-5,-68
1755868187.2509446,-6,0,-67
1755868187.2889447,-8,3,-79
1755868187.3279445,2,4,-70
1755868187.3659446,4,2,-65
1755868187.4019446,3,1,-68
1755868187.4389446,2,0,-62
1755868187.4769447,2,-7,-63
1755868187.5129447,1,-5,-74
1755868187.5499446,4,-2,-69
1755868187.5879445,5,-1,-75
1755868187.6269443,0,-2,-71
1755868187.6629446,-4,-1,-69
1755868187.700945,2,0,-70
1755868187.7379446,6,2,-69
1755868187.7769446,4,2,-72
1755868187.815945,3,-4,-72
1755868187.8519447,0,-4,-72
1755868187.8889446,5,-6,-76
1755868187.927945,5,1,-70
1755868187.963945,8,-1,-74
1755868188.0009446,0,4,-78
1755868188.0389447,4,0,-89
1755868188.0769446,4,4,-77
1755868188.1129446,-2,-5,-68
1755868188.1509447,4,1,-82
1755868188.1889446,0,2,-80
1755868188.2279446,1,-4,-68
1755868188.2639446,0,0,-65
1755868188.3009446,0,3,-66
1755868188.338945,0,-1,-77
1755868188.3779447,0,1,-69
1755868188.4139447,0,3,-62
1755868188.450945,3,0,-67
1755868188.4889443,6,0,-56
1755868188.5269446,1,-4,-71
1755868188.562945,8,-4,-78
1755868188.5999446,5,0,-75
1755868188.6379447,11,-3,-64
1755868188.6739447,8,-7,-65
1755868188.710945,11,0,-67
1755868188.7489443,-3,-3,-73
1755868188.7869446,0,1,-78
1755868188.8229446,0,5,-82
1755868188.8599446,0,-1,-76
1755868188.8989446,1,4,-67
1755868188.9369447,2,-4,-63
1755868188.9729445,-3,-13,-65
1755868189.0109446,-2,-10,-78
1755868189.0499446,-11,0,-76
1755868189.0879445,0,-6,-59
1755868189.1239443,-2,-2,-65
1755868189.1619446,0,-10,-77
1755868189.1999447,0,-3,-80
1755868189.2389443,0,0,-65
1755868189.2769446,-3,1,-66
1755868189.312945,-3,-5,-71
1755868189.3509445,-3,-6,-76
1755868189.3889446,0,1,-69
1755868189.4269447,2,1,-65
1755868189.4629445,-5,2,-67
1755868189.4999447,-2,-4,-79
1755868189.5389447,6,12,-74
1755868189.5769446,3,9,-63
1755868189.6129446,2,6,-74
1755868189.6499443,-2,-3,-58
1755868189.6889446,4,-2,-74
1755868189.7269447,0,2,-79
1755868189.7629447,2,0,-70
1755868189.7999446,-3,0,-84
1755868189.838945,1,1,-77
1755868189.8749447,-3,6,-74
1755868189.9129446,-5,0,-69
1755868189.9519446,1,9,-77
1755868189.9889443,8,9,-64
1755868190.0279446,-2,2,-81
1755868190.0639446,-3,4,-70
1755868190.1019447,2,0,-73
1755868190.1389446,0,1,-71
1755868190.1749446,0,6,-73
1755868190.2119446,-4,3,-76
1755868190.2499447,1,-3,-67
1755868190.2889447,7,0,-73
1755868190.3249447,9,0,-79
1755868190.361945,5,-4,-89
1755868190.3999443,4,-1,-70
1755868190.4389446,-3,-1,-71
1755868190.4749446,-4,0,-67
1755868190.5129447,-3,2,-73
1755868190.5519447,-4,-2,-72
1755868190.5899446,2,-1,-69
1755868190.6279447,2,-2,-69
1755868190.6639447,-5,2,-70
1755868190.7019446,0,3,-76
1755868190.7399447,-2,-1,-77
1755868190.7789447,1,-2,-76
1755868190.8149445,1,1,-71
1755868190.8519447,3,9,-68
1755868190.8899446,-4,2,-70
1755868190.9289446,-6,-1,-61
1755868190.9649446,0,-7,-62
1755868191.0029447,-1,2,-64
1755868191.0399446,-2,-4,-83
1755868191.0789447,-6,-7,-73
1755868191.1149447,-2,-10,-69
1755868191.1529446,-4,0,-65
1755868191.190945,1,-2,-76
1755868191.2299447,-5,-2,-83
1755868191.2679446,-3,5,-85
1755868191.3049445,-5,0,-80
1755868191.3419447,0,-1,-79
1755868191.3799446,-7,0,-73
1755868191.4189446,-6,0,-67
1755868191.4549446,-3,-6,-74
1755868191.4929447,-2,6,-66
1755868191.5319445,7,2,-77
1755868191.5699446,0,3,-70
1755868191.6059446,0,2,-76
1755868191.6429446,1,-2,-74
1755868191.6819446,-6,1,-69
1755868191.7199447,3,0,-68
1755868191.7559447,0,-8,-60
1755868191.792945,0,-1,-71
1755868191.8319447,-1,-3,-67
1755868191.8699446,3,-6,-64
1755868191.9059446,-3,-5,-80
1755868191.9449446,-6,-2,-76
1755868191.9819446,-5,-3,-78
1755868192.019945,0,-6,-79
1755868192.0589447,1,0,-83
1755868192.0949447,-1,-2,-69
1755868192.1329446,-7,-8,-63
1755868192.1709447,-3,-5,-58
1755868192.2099447,-2,-6,-66
1755868192.2459445,-2,-5,-65
1755868192.2839446,0,-2,-62
1755868192.3229446,-3,0,-68
1755868192.3609445,-2,1,-69
1755868192.3989446,-2,-2,-73
1755868192.4349446,-2,-2,-76
1755868192.4729445,-1,0,-73
1755868192.5109446,0,0,-78
1755868192.5489447,6,-6,-72
1755868192.585945,0,-1,-75
1755868192.6239443,6,0,-67
1755868192.6609447,8,0,-72
1755868192.6989446,14,1,-78
1755868192.7359445,8,-3,-76
1755868192.7729447,0,-1,-75
1755868192.8109446,0,-13,-68
1755868192.8499446,1,-5,-67
1755868192.8859446,8,-9,-62
1755868192.9229443,6,-3,-89
1755868192.960945,3,1,-99
1755868192.9989443,-3,0,-78
1755868193.0349443,1,1,-72
1755868193.0719447,-1,2,-83
1755868193.1109445,0,2,-84
1755868193.1489446,0,-5,-68
1755868193.1849446,0,-1,-76
1755868193.2229445,9,-3,-74
1755868193.2609446,0,-3,-74
1755868193.2999446,0,-6,-73
1755868193.335945,5,-4,-71
1755868193.3729446,10,2,-77
1755868193.4109447,-2,-1,-79
1755868193.4469447,0,4,-72
1755868193.4849446,4,2,-72
1755868193.5219443,0,1,-78
1755868193.5599446,4,-2,-74
1755868193.5959446,0,-1,-65
1755868193.634945,-2,4,-70
1755868193.6719446,-3,0,-64
1755868193.710945,3,-1,-65
1755868193.746945,1,-1,-78
1755868193.7839446,-10,0,-85
1755868193.8219447,-4,-4,-75
1755868193.8609445,-1,-6,-76
1755868193.8969443,2,-3,-80
1755868193.9339447,6,-3,-84
1755868193.9719446,1,-4,-77
1755868194.0109446,-5,-4,-76
1755868194.0469446,-3,-12,-69
1755868194.0849447,0,-6,-76
1755868194.1229446,-2,5,-76
1755868194.1619446,4,10,-78
1755868194.1999447,4,4,-80
1755868194.2359445,-1,5,-77
1755868194.2729447,1,-1,-76
1755868194.3119447,-7,1,-66
1755868194.3499446,1,1,-77
1755868194.3859446,2,1,-65
1755868194.4229443,-3,0,-70
1755868194.4619446,4,1,-71
1755868194.4999447,4,-5,-76
1755868194.5359447,1,-10,-76
1755868194.5739446,-10,-4,-65
1755868194.611945,0,-2,-66
1755868194.6509447,-2,0,-67
1755868194.6869447,0,-6,-70
1755868194.7249446,-7,-5,-76
1755868194.7639446,0,-6,-69
1755868194.8019447,-1,-7,-71
1755868194.8399446,-1,-1,-69
1755868194.8769443,-1,-1,-70
1755868194.9139447,-3,1,-66
1755868194.9519446,-8,-2,-76
1755868194.9909446,0,2,-72
1755868195.0269446,-8,7,-71
1755868195.0639446,-6,5,-61
1755868195.1019447,1,-2,-70
1755868195.1409447,-2,-12,-66
1755868195.1769447,-3,-5,-67
1755868195.2149446,6,-2,-70
1755868195.2529447,6,0,-67
1755868195.2909446,5,1,-60
1755868195.3269446,1,-4,-73
1755868195.3639443,2,-5,-74
1755868195.4019446,5,-5,-78
1755868195.440945,3,-5,-80
1755868195.4769447,-2,3,-75
1755868195.5139446,-1,-2,-72
1755868195.5519447,-3,-5,-76
1755868195.5909443,-9,-5,-74
1755868195.6269443,-3,0,-79
1755868195.6639447,1,0,-67
1755868195.7019446,3,-1,-68
1755868195.7379446,0,7,-71
1755868195.7749443,1,0,-72
1755868195.8119447,-2,0,-68
1755868195.8509445,-1,-5,-74
1755868195.8869443,1,-1,-71
1755868195.9239447,12,3,-78
1755868195.9629445,-6,-2,-69
1755868196.0009446,-3,-1,-72
1755868196.0369446,-5,0,-66
1755868196.0739446,-4,5,-72
1755868196.1129446,-4,-3,-72
1755868196.1509447,-1,3,-72
1755868196.1869447,-6,1,-70
1755868196.223945,-3,4,-67
1755868196.2629447,1,2,-64
1755868196.3009446,-1,-1,-74
1755868196.3369446,2,-7,-66
1755868196.3749447,9,0,-73
1755868196.4129446,2,1,-73
1755868196.450945,4,0,-70
1755868196.486945,3,-4,-63
1755868196.5249443,-3,0,-68
1755868196.562945,2,-8,-78
1755868196.6009445,3,-4,-67
1755868196.6369443,3,-2,-64
1755868196.6739447,7,3,-75
1755868196.7179446,10,0,-79
1755868196.7559447,5,-1,-81
1755868196.7939446,1,-2,-75
1755868196.8329446,4,0,-78
1755868196.8709445,4,2,-76
1755868196.9069445,7,0,-78
1755868196.9449446,0,3,-73
1755868196.9829447,1,4,-77
1755868197.0189445,3,0,-72
1755868197.0559447,3,1,-69
1755868197.0939443,5,1,-64
1755868197.131945,-2,-2,-69
1755868197.167945,-6,2,-71
1755868197.2049446,3,1,-74
1755868197.2429447,0,3,-69
1755868197.2789447,0,1,-69
1755868197.315945,6,4,-58
1755868197.3539443,-4,2,-75
1755868197.3929446,-4,12,-81
1755868197.4289446,3,2,-78
1755868197.4669447,4,-7,-71
1755868197.5039446,2,-14,-71
1755868197.542945,1,-8,-73
1755868197.5789447,-4,-8,-77
1755868197.6169446,-2,-8,-71
1755868197.654945,4,0,-81
1755868197.6929443,6,3,-79
1755868197.7289443,0,0,-69
1755868197.7669446,3,1,-68
1755868197.8039446,-6,2,-72
1755868197.8429446,-2,0,-75
1755868197.8789446,-7,1,-85
1755868197.9159446,6,1,-71
1755868197.9539447,0,1,-74
1755868197.9929447,3,0,-70
1755868198.0289447,-2,-3,-72
1755868198.0669446,0,-1,-63
1755868198.1049447,-5,0,-83
1755868198.1439445,-3,-1,-80
1755868198.1819446,-4,1,-73
1755868198.2179446,-3,6,-66
1755868198.2559447,-5,0,-66
1755868198.2939446,3,5,-74
1755868198.3329446,0,-5,-71
1755868198.3689446,-2,-3,-74
1755868198.4069445,-1,-2,-64
1755868198.4459443,-4,-6,-73
1755868198.483945,-5,-4,-76
1755868198.5219443,0,-5,-81
1755868198.5579443,1,0,-81
1755868198.5959446,-2,0,-72
1755868198.6339445,3,5,-74
1755868198.6719446,6,2,-68
1755868198.7089446,6,-2,-67
1755868198.7459445,-3,0,-79
1755868198.7839446,-5,-8,-73
1755868198.8229446,0,-1,-71
1755868198.858945,0,-3,-69
1755868198.8959446,-2,-1,-73
1755868198.9339447,0,-4,-75
1755868198.9729445,0,-3,-71
1755868199.0089445,1,-3,-71
1755868199.0459447,11,2,-64
1755868199.0839446,0,5,-75
1755868199.1199446,2,5,-71
1755868199.1569445,0,0,-72
1755868199.1939447,-4,2,-63
1755868199.2329447,-2,4,-68
1755868199.2689445,-3,4,-57
1755868199.3059447,-2,-1,-65
1755868199.3439443,3,0,-69
1755868199.3829446,2,3,-71
1755868199.4189446,-6,0,-66
1755868199.4559443,2,-7,-65
1755868199.4949446,7,-9,-72
1755868199.532945,5,-3,-80
1755868199.5689447,9,0,-77
1755868199.6059446,3,7,-80
1755868199.644945,-4,1,-73
1755868199.6829443,3,-2,-68
1755868199.7189443,2,1,-69
1755868199.7559447,3,4,-72
1755868199.7949443,3,0,-69
1755868199.8329446,2,-4,-70
1755868199.8689446,0,1,-65
1755868199.9059446,-1,-8,-70
1755868199.9449446,1,-2,-76
1755868199.9829447,6,-4,-74
1755868200.0189445,0,0,-74
1755868200.0559447,6,10,-62
1755868200.0949447,4,6,-72
1755868200.1329446,2,4,-78
1755868200.1689446,3,1,-77
1755868200.2069447,3,0,-71
1755868200.2449446,-1,7,-70
1755868200.282945,1,4,-68
1755868200.3189447,4,4,-69
1755868200.3569446,4,-2,-76
1755868200.394945,-1,-3,-68
1755868200.4329443,-3,-3,-77
1755868200.4689443,0,-1,-82
1755868200.506945,4,0,-87
1755868200.5449443,5,-5,-67
1755868200.5809443,-3,0,-57
1755868200.6179447,0,3,-65
1755868200.654945,1,7,-57
1755868200.690945,0,-3,-74
1755868200.7289443,-4,-12,-70
1755868200.7669446,-8,-8,-65
1755868200.8049445,2,0,-65
1755868200.8409443,-1,0,-74
1755868200.8789446,-1,3,-87
1755868200.9169445,3,1,-84
1755868200.9549446,-3,-4,-78
1755868200.9909446,-2,-3,-80
1755868201.0289447,5,-2,-77
1755868201.0669446,-3,-1,-63
1755868201.1049447,1,1,-62
1755868201.1409447,0,-10,-66
1755868201.177945,2,-6,-66
1755868201.2159443,1,-4,-71
1755868201.2549446,9,-1,-63
1755868201.2909446,5,-4,-60
1755868201.3279445,4,-1,-61
1755868201.3659446,5,-5,-69
1755868201.404945,4,1,-68
1755868201.440945,6,-1,-66
1755868201.4779446,-6,2,-75
1755868201.5159447,-12,2,-78
1755868201.5549445,1,2,-80
1755868201.5909443,-4,-4,-85
1755868201.6289446,-8,-3,-76
1755868201.6669445,2,-5,-66
1755868201.7059443,0,-7,-63
1755868201.7439446,4,2,-60
1755868201.779945,6,0,-64
1755868201.8179443,6,0,-81
1755868201.8559446,1,4,-67
1755868201.8939445,7,4,-65
1755868201.9299445,1,1,-66
1755868201.9669447,-5,-7,-66
1755868202.0059447,-2,-2,-71
1755868202.0439446,4,-9,-69
1755868202.0799446,-3,0,-68
1755868202.1179447,0,0,-75
1755868202.1559446,-3,1,-85
1755868202.1949446,0,1,-78
1755868202.2309446,-7,-1,-81
1755868202.2689445,1,0,-76
1755868202.3059447,3,-2,-76
1755868202.3449447,2,0,-73
1755868202.3809447,-3,0,-69
1755868202.4189446,-4,1,-72
1755868202.4579446,-8,0,-65
1755868202.4959445,6,5,-63
1755868202.5319445,0,-1,-60
1755868202.5689447,-4,5,-68
1755868202.6079447,1,4,-70
1755868202.6459446,-1,5,-77
1755868202.6819446,0,4,-73
1755868202.7189443,0,2,-69
1755868202.7559447,0,-2,-77
1755868202.7949443,-4,1,-66
1755868202.8309443,2,3,-68
1755868202.8689446,2,4,-72
1755868202.9059446,0,1,-63
1755868202.9419446,-2,-4,-84
1755868202.9799447,-4,3,-79
1755868203.0189445,-4,-6,-74
1755868203.0569446,2,-6,-82
1755868203.0949447,1,-7,-72
1755868203.1309447,1,-8,-69
1755868203.1689446,-2,0,-67
1755868203.2069447,1,-4,-63
1755868203.2459445,-1,5,-59
1755868203.2819445,-4,10,-55
1755868203.3189447,9,3,-69
1755868203.3569446,0,-2,-89
1755868203.394945,-5,0,-80
1755868203.4309447,1,0,-78
1755868203.4689443,1,-1,-73
1755868203.506945,1,0,-88
1755868203.5459447,5,2,-97
1755868203.5819447,4,4,-86
1755868203.6189446,0,3,-78
1755868203.6569445,-1,3,-87
1755868203.6959443,6,2,-78
1755868203.7319446,1,0,-58
1755868203.7689445,0,-3,-66
1755868203.8069446,0,-3,-69
1755868203.8459446,-3,-1,-77
1755868203.881945,5,-5,-76
1755868203.9189446,7,3,-72
1755868203.9569447,0,-3,-71
1755868203.9949446,-4,-2,-72
1755868204.0309446,-5,0,-77
1755868204.0679443,-5,0,-72
1755868204.1069446,0,-4,-70
1755868204.1429446,-6,4,-84
1755868204.1809447,-1,-2,-80
1755868204.2189443,0,-1,-77
1755868204.256945,0,0,-79
1755868204.292945,1,4,-71
1755868204.3299446,-9,2,-63
1755868204.3679447,-1,0,-78
1755868204.4069445,-2,0,-78
1755868204.4429443,-1,-2,-72
1755868204.4809446,-1,-1,-80
1755868204.5189445,-1,0,-72
1755868204.5569446,5,-1,-63
1755868204.5959446,2,-6,-69
1755868204.631945,2,-3,-74
1755868204.6689446,1,-5,-75
1755868204.7069447,0,-3,-65
1755868204.7459445,5,-1,-78
1755868204.7819445,2,-5,-79
1755868204.8189447,-3,0,-85
1755868204.8569446,2,0,-85
1755868204.8929446,-1,2,-73
1755868204.9299445,-4,1,-72
1755868204.9679446,-6,-1,-75
1755868205.006945,-2,0,-71
1755868205.042945,2,-7,-73
1755868205.0799446,0,0,-73
1755868205.1179447,-1,0,-74
1755868205.1559446,-4,2,-82
1755868205.1929443,0,-2,-71
1755868205.2299447,-5,-2,-79
1755868205.2679446,-3,1,-77
1755868205.3069446,2,2,-89
1755868205.3429446,0,5,-83
1755868205.3799446,-3,-3,-72
1755868205.417945,0,-4,-70
1755868205.4569447,2,-1,-74
1755868205.4929447,-4,-3,-79
1755868205.5309446,-1,3,-72
1755868205.5689447,0,1,-71
1755868205.6069446,5,-4,-69
1755868205.6429446,-3,0,-67
1755868205.6799445,-1,-1,-70
1755868205.7179446,-7,0,-74
1755868205.756945,-6,-2,-65
1755868205.792945,-2,-5,-75
1755868205.8309443,-4,0,-72
1755868205.8689446,-7,-5,-55
1755868205.907945,-5,1,-80
1755868205.9439447,7,7,-79
1755868205.9809446,2,4,-76
1755868206.0179446,-6,-3,-83
1755868206.0569446,-3,-7,-72
1755868206.0929446,-12,-6,-66
1755868206.1309447,-6,2,-66
1755868206.1689446,6,-4,-67
1755868206.2079446,3,-10,-64
1755868206.2439446,-1,-5,-75
1755868206.2819445,-5,-10,-65
1755868206.3199446,-7,-10,-64
1755868206.3579447,-7,-2,-67
1755868206.3969443,-3,0,-67
1755868206.4329443,2,-2,-72
1755868206.4709446,-1,1,-67
1755868206.5089445,0,-2,-67
1755868206.5479443,-2,0,-71
1755868206.5839446,-2,4,-73
1755868206.6209445,2,0,-82
1755868206.6599443,2,-1,-76
1755868206.6979446,-1,0,-67
1755868206.7419446,7,1,-67
1755868206.7809446,1,-3,-71
1755868206.8189447,-1,-7,-80
1755868206.8569446,-4,-1,-75
1755868206.8929446,-4,2,-71
1755868206.9309447,-1,0,-78
1755868206.9689443,-8,-6,-77
1755868207.006945,-3,-7,-66
1755868207.042945,3,-4,-69
1755868207.0809443,-2,0,-73
1755868207.1189446,-2,0,-70
1755868207.1569445,1,1,-69
1755868207.1929443,8,5,-78
1755868207.2299447,-5,-2,-76
1755868207.2689445,-3,-5,-72
1755868207.3069446,1,-4,-64
1755868207.3429446,6,-8,-62
1755868207.3809447,-1,0,-71
1755868207.4189446,-4,-5,-64
1755868207.4569447,-3,-2,-69
1755868207.4929447,0,4,-64
1755868207.5309446,0,1,-71
1755868207.5689447,0,-3,-66
1755868207.6069446,2,6,-67
1755868207.6429446,4,5,-67
1755868207.6809447,-4,3,-69
1755868207.7189443,-2,3,-75
1755868207.7549446,3,3,-65
1755868207.7919445,7,-1,-67
1755868207.8299446,2,-1,-62
1755868207.8689446,-8,0,-76
1755868207.904945,-7,1,-77
1755868207.9419446,3,2,-83
1755868207.9809446,-2,-6,-74
1755868208.0189445,0,0,-70
1755868208.0549445,0,-6,-72
1755868208.0929446,-1,1,-63
1755868208.1309447,-5,-3,-69
1755868208.1689446,1,-4,-69
1755868208.2079446,-4,-1,-70
1755868208.2439446,2,4,-73
1755868208.2809446,-5,-5,-68
1755868208.3189447,-3,0,-80
1755868208.3579447,0,-5,-77
1755868208.3939445,1,1,-67
1755868208.4309447,-1,-4,-74
1755868208.4689443,-3,-3,-71
1755868208.5079446,-4,-2,-68
1755868208.5439446,-1,6,-73
1755868208.5809443,-8,0,-78
1755868208.6199446,-7,-1,-82
1755868208.657945,1,0,-75
1755868208.6939447,-1,-3,-67
1755868208.7319446,-5,-6,-75
1755868208.769945,-1,-5,-66
1755868208.8089447,-4,-3,-69
1755868208.8449447,-8,-2,-74
1755868208.8839445,-6,0,-73
1755868208.9209447,3,1,-81
1755868208.9589446,2,-3,-69
1755868208.9949446,0,-7,-66
1755868209.0339446,4,-6,-59
1755868209.0709443,13,-4,-77
1755868209.1099446,4,-8,-63
1755868209.1479447,3,-6,-65
1755868209.1839447,6,-2,-70
1755868209.2209446,4,4,-79
1755868209.2589445,-1,7,-77
1755868209.2949443,1,2,-75
1755868209.3319447,4,0,-62
1755868209.3699446,0,0,-74
1755868209.407945,0,-6,-77
1755868209.4439447,-3,-3,-78
1755868209.4819446,-9,4,-75
1755868209.5209446,0,-2,-70
1755868209.5589447,1,-3,-79
1755868209.5949447,1,0,-72
1755868209.631945,3,7,-66
1755868209.6699443,6,10,-72
1755868209.7059443,-4,0,-64
1755868209.7429447,-4,4,-71
1755868209.7809446,0,0,-73
1755868209.8199446,-6,0,-74
1755868209.8559446,4,0,-72
1755868209.8929446,7,3,-70
1755868209.9299445,0,0,-80
1755868209.9689443,-2,-4,-70
1755868210.0049446,5,-4,-72
1755868210.042945,-4,-2,-68
1755868210.0809443,-8,0,-66
1755868210.1199446,2,-2,-70
1755868210.1559446,0,0,-80
1755868210.1929443,-4,-4,-75
1755868210.2309446,-1,-2,-73
1755868210.269945,0,2,-67
1755868210.3059447,0,4,-71
1755868210.3429446,0,6,-74
1755868210.3809447,6,7,-72
1755868210.4189446,3,0,-71
1755868210.4549446,-4,-5,-70
1755868210.4929447,-3,-4,-64
1755868210.5309446,1,1,-72
1755868210.5689447,-4,1,-73
1755868210.6049447,-10,1,-75
1755868210.6419446,2,-2,-79
1755868210.6809447,2,-5,-84
1755868210.7189443,3,-7,-82
1755868210.7549446,1,-3,-84
1755868210.792945,2,-6,-80
1755868210.8309443,2,-3,-81
1755868210.8699446,4,-2,-76
1755868210.9059446,-6,0,-74
1755868210.9429443,-10,-3,-70
1755868210.9809446,2,4,-62
1755868211.019945,-5,7,-79
1755868211.0559447,-2,5,-75
1755868211.0949447,7,1,-75
1755868211.131945,4,3,-71
1755868211.1709447,-3,0,-67
1755868211.2089446,-2,3,-73
1755868211.2459445,0,0,-76
1755868211.282945,1,0,-76
1755868211.3209443,-8,1,-71
1755868211.3569446,-4,0,-66
1755868211.394945,-6,-8,-61
1755868211.4329443,-4,0,-67
1755868211.4719446,0,-2,-71
1755868211.509945,-3,3,-73
1755868211.5459447,-9,0,-65
1755868211.5829446,-4,4,-69
1755868211.6209445,-2,1,-63
1755868211.6599443,-4,-4,-62
1755868211.6959443,1,0,-70
1755868211.7329447,6,-4,-74
1755868211.7719443,13,-2,-68
1755868211.8099446,6,0,-70
1755868211.8459446,-3,-2,-68
1755868211.8839445,-3,-4,-71
1755868211.9219446,-3,1,-82
1755868211.960945,-2,-10,-77
1755868211.996945,-9,-2,-73
1755868212.0349443,-10,0,-79
1755868212.0729446,-9,0,-83
1755868212.111945,-5,0,-71
1755868212.1499443,-2,9,-73
1755868212.1859446,7,2,-82
1755868212.2229445,3,3,-74
1755868212.2609446,2,2,-71
1755868212.2979443,0,2,-72
1755868212.3349447,-2,6,-84
1755868212.3729446,1,4,-67
1755868212.4109447,-2,4,-70
1755868212.4469447,0,2,-74
1755868212.483945,2,-3,-69
1755868212.5219443,4,-6,-72
1755868212.5609446,0,-5,-64
1755868212.5969446,1,-3,-75
1755868212.634945,0,-2,-81
1755868212.6729443,3,-3,-86
1755868212.7119446,2,-2,-79
1755868212.7499447,0,-7,-70
1755868212.7859447,1,-6,-66
1755868212.8229446,11,-2,-71
1755868212.861945,5,-6,-73
1755868212.8999443,-4,0,-73
1755868212.9359446,-1,1,-73
1755868212.9729445,-4,3,-83
1755868213.0119443,7,-4,-69
1755868213.0499446,2,0,-75
1755868213.085945,3,4,-70
1755868213.1229446,0,5,-79
1755868213.1619446,3,-1,-64
1755868213.1979446,-4,-1,-65
1755868213.2359445,-3,1,-69
1755868213.2739446,0,4,-76
1755868213.3119447,0,2,-66
1755868213.3509445,-6,7,-70
1755868213.3879447,-4,1,-79
1755868213.4249446,4,4,-65
1755868213.4619446,2,1,-74
1755868213.4979446,1,-1,-77
1755868213.5349443,0,2,-73
1755868213.5729446,-7,1,-72
1755868213.611945,4,3,-69
1755868213.6479447,0,-1,-72
1755868213.6859446,0,-5,-68
1755868213.7249446,1,-1,-67
1755868213.7619443,5,-1,-67
1755868213.8009446,0,1,-75
1755868213.8369446,-8,3,-65
1755868213.8749447,-1,11,-77
1755868213.9129446,3,3,-74
1755868213.950945,0,0,-69
1755868213.986945,2,3,-76
1755868214.0239446,1,-3,-90
1755868214.062945,2,3,-88
1755868214.1009445,0,8,-86
1755868214.1369443,0,3,-81
1755868214.1739447,0,-5,-74
1755868214.2129445,2,0,-71
1755868214.2509446,0,-1,-70
1755868214.2869446,-4,-1,-62
1755868214.3249447,-7,8,-65
1755868214.3629446,-5,4,-69
1755868214.4019446,3,0,-73
1755868214.440945,-1,1,-78
1755868214.4769447,0,-1,-82
1755868214.5139446,-5,3,-78
1755868214.552945,0,-5,-73
1755868214.5909443,8,2,-72
1755868214.6269443,4,4,-63
1755868214.6639447,-2,5,-76
1755868214.7029445,-4,2,-75
1755868214.7409446,-4,-1,-68
1755868214.7769446,0,6,-91
1755868214.8139446,-4,-4,-80
1755868214.8529446,2,2,-76
1755868214.8909447,5,-4,-81
1755868214.9269447,3,6,-83
1755868214.9649446,5,2,-79
1755868215.0029447,4,-5,-72
1755868215.0389447,1,-2,-68
1755868215.0769446,-5,-7,-74
1755868215.1149447,5,-2,-72
1755868215.1539447,4,5,-71
1755868215.1919446,-5,0,-63
1755868215.2279446,-5,8,-74
1755868215.2649446,4,-5,-62
1755868215.3039446,0,2,-62
1755868215.3419447,0,6,-70
1755868215.3779447,-3,-3,-69
1755868215.4159446,4,-4,-76
1755868215.4539447,-4,-2,-75
1755868215.4929447,-1,0,-74
1755868215.5289447,2,0,-76
1755868215.565945,4,0,-69
1755868215.6029446,6,-4,-63
1755868215.6419446,7,-1,-64
1755868215.677945,1,-8,-69
1755868215.7149446,8,3,-78
1755868215.7529447,5,5,-70
1755868215.7889447,6,-3,-74
1755868215.8279445,4,0,-71
1755868215.8649447,-1,-3,-75
1755868215.9039447,-4,-2,-81
1755868215.9419446,-6,0,-91
1755868215.9779446,-6,6,-81
1755868216.0149446,-2,-4,-70
1755868216.0539446,-6,-2,-79
1755868216.0919447,-1,-2,-76
1755868216.1279447,2,-5,-81
1755868216.1649446,2,-4,-81
1755868216.2039447,4,-5,-71
1755868216.2419446,0,-3,-65
1755868216.2779446,-4,-1,-74
1755868216.315945,0,-1,-77
1755868216.3539443,0,2,-68
1755868216.3919446,-2,0,-83
1755868216.427945,-3,0,-77
1755868216.4649446,3,0,-76
1755868216.5029447,0,4,-76
1755868216.5389447,0,2,-75
1755868216.575945,0,-3,-76
1755868216.6139443,0,-1,-65
1755868216.6529446,0,0,-66
1755868216.6889446,10,3,-79
1755868216.7259445,3,2,-73
1755868216.769945,2,-1,-65
1755868216.8079443,1,-4,-74
1755868216.8459446,7,-1,-81
1755868216.8839445,3,6,-77
1755868216.9229443,0,2,-71
1755868216.9589446,-3,4,-73
1755868216.9959445,-1,0,-72
1755868217.0339446,-10,2,-78
1755868217.0729446,0,-3,-66
1755868217.108945,1,7,-68
1755868217.1459446,-1,0,-68
1755868217.1839447,9,0,-71
1755868217.2229445,3,-5,-79
1755868217.2589445,-1,-5,-80
1755868217.2969446,0,1,-72
1755868217.3349447,1,0,-63
1755868217.3729446,0,4,-61
1755868217.4089446,1,-2,-62
1755868217.4459443,-2,-3,-66
1755868217.4849446,4,1,-70
1755868217.5229447,-1,-2,-76
1755868217.5589447,0,-3,-75
1755868217.5959446,1,6,-74
1755868217.634945,-1,-2,-71
1755868217.6729443,-5,-9,-69
1755868217.7089446,0,-4,-72
1755868217.7459445,0,0,-73
1755868217.7839446,0,1,-60
1755868217.8199446,0,2,-68
1755868217.8569446,-3,7,-72
1755868217.894945,-4,0,-72
1755868217.9339447,-4,-6,-65
1755868217.9699447,-3,-3,-71
1755868218.0079446,-3,5,-70
1755868218.0459447,-1,-4,-58
1755868218.0849447,0,-3,-72
1755868218.1229446,0,-6,-71
1755868218.1589446,8,4,-71
1755868218.1959443,6,5,-68
1755868218.2349446,4,0,-58
1755868218.2729447,-4,-2,-65
1755868218.3089447,-3,-5,-76
1755868218.3469446,-1,-4,-70
1755868218.384945,3,-1,-70
1755868218.4239447,0,-10,-69
1755868218.4599447,7,-7,-69
1755868218.496945,-2,0,-68
1755868218.5359447,0,8,-80
1755868218.5739446,2,-2,-82
1755868218.6099446,-1,0,-72
1755868218.6479447,0,-4,-75
1755868218.6859446,5,-4,-78
1755868218.7249446,-2,-2,-87
1755868218.7609446,5,2,-65
1755868218.7979443,-2,1,-75
1755868218.835945,-7,2,-70
1755868218.8749447,-3,-9,-71
1755868218.9109447,-6,-9,-66
1755868218.9489446,0,1,-76
1755868218.9859445,-1,-8,-77
1755868219.0249443,0,-8,-73
1755868219.0609446,6,-9,-72
1755868219.0979445,1,-4,-78
1755868219.1359446,-5,-4,-77
1755868219.1749446,3,-5,-72
1755868219.210945,14,-6,-74
1755868219.2479446,3,-10,-78
1755868219.2859447,-2,-2,-56
1755868219.3249447,-1,-7,-56
1755868219.3609445,-9,-3,-60
1755868219.3989446,1,-2,-70
1755868219.4369447,-2,3,-66
1755868219.4759445,4,-3,-70
1755868219.5139446,0,-6,-65
1755868219.5499446,1,-6,-57
1755868219.5879445,-1,-14,-66
1755868219.6269443,-4,-5,-73
1755868219.6649446,-7,1,-75
1755868219.700945,5,0,-82
1755868219.7379446,2,-1,-63
1755868219.7769446,1,-5,-60
1755868219.8149445,-1,-4,-66
1755868219.8509445,8,-5,-71
1755868219.8879447,7,-6,-65
1755868219.9259446,0,-1,-66
1755868219.9649446,0,-3,-58
1755868220.0009446,3,-4,-67
1755868220.0379446,1,0,-68
1755868220.075945,2,-2,-73
1755868220.1139443,7,-2,-72
1755868220.1499443,4,0,-78
1755868220.187945,-2,0,-73
1755868220.2259445,2,-3,-67
1755868220.2649446,-6,-4,-79
1755868220.3009446,0,0,-70
1755868220.3379445,4,-3,-82
1755868220.3759446,6,1,-79
1755868220.4149446,0,0,-72
1755868220.450945,1,-6,-72
1755868220.4879446,6,1,-77
1755868220.5259447,-6,0,-76
1755868220.5649445,-9,-3,-72
1755868220.6009445,-2,-4,-67
1755868220.6389446,-3,-11,-71
1755868220.6769447,0,-4,-81
1755868220.7159443,-10,-4,-78
1755868220.7519443,-3,-6,-68
1755868220.7899446,-2,-8,-78
1755868220.8279445,-4,5,-61
1755868220.8659446,-4,2,-72
1755868220.904945,0,1,-77
1755868220.940945,0,-1,-74
1755868220.9779446,0,-1,-75
1755868221.0159447,-1,0,-83
1755868221.0549445,0,0,-68
1755868221.0919447,-4,-2,-67
1755868221.1289446,-3,-2,-65
1755868221.1669445,-3,0,-77
1755868221.2059443,6,10,-78
1755868221.2419446,2,4,-74
1755868221.279945,-5,-2,-76
1755868221.3169446,-4,-3,-76
1755868221.3559446,-3,0,-72
1755868221.3919446,3,5,-79
1755868221.4299445,-3,6,-81
1755868221.4669447,1,5,-81
1755868221.5059447,0,2,-83
1755868221.5419445,3,0,-77
1755868221.5789447,-1,2,-76
1755868221.6169446,-2,0,-70
1755868221.6559446,-1,0,-82
1755868221.6919446,4,-4,-83
1755868221.7289443,2,-12,-77
1755868221.7669446,0,-1,-67
1755868221.8059447,0,-3,-70
1755868221.8419447,2,0,-68
1755868221.8799446,-2,2,-69
1755868221.9169445,-3,0,-74
1755868221.9559443,2,0,-65
1755868221.9919446,-2,-3,-68
1755868222.029945,6,-5,-70
1755868222.0689447,4,-8,-71
1755868222.1069446,-2,-6,-78
1755868222.1429446,-8,-1,-74
1755868222.1809447,-7,-1,-76
1755868222.2189443,0,-6,-80
1755868222.256945,2,0,-86
1755868222.292945,10,-5,-78
1755868222.3299446,0,0,-79
1755868222.3689446,-3,-2,-83
1755868222.4069445,-1,7,-67
1755868222.4429443,-4,11,-63
1755868222.4799447,-2,-1,-66
1755868222.5189445,1,0,-61
1755868222.5569446,6,1,-72
1755868222.5929446,6,0,-67
1755868222.6299446,4,-2,-66
1755868222.6689446,0,6,-72
1755868222.7069447,3,-1,-79
1755868222.7429447,-3,1,-75
1755868222.779945,-1,3,-77
1755868222.8189447,1,4,-71
1755868222.8569446,-5,-2,-85
1755868222.8929446,2,-2,-84
1755868222.9299445,0,5,-69
1755868222.9679446,-7,-4,-73
1755868223.0059447,-4,-9,-70
1755868223.0419445,-4,-5,-67
1755868223.0799446,1,-3,-66
1755868223.1189446,-4,-5,-68
1755868223.1569445,-5,-1,-75
1755868223.1929443,-11,-3,-66
1755868223.2309446,-2,0,-71
1755868223.2689445,3,-5,-68
1755868223.3079443,-2,1,-70
1755868223.3459446,-2,-8,-69
1755868223.381945,-1,2,-64
1755868223.4189446,-5,0,-72
1755868223.4579446,-1,3,-82
1755868223.4959445,-2,2,-67
1755868223.5319445,-4,1,-63
1755868223.5689447,4,6,-77
1755868223.6069446,0,2,-70
1755868223.6429446,-3,0,-70
1755868223.6799445,-3,-1,-69
1755868223.7189443,-6,5,-75
1755868223.756945,-6,3,-84
1755868223.792945,0,-1,-86
1755868223.8299446,3,0,-82
1755868223.8679447,0,4,-70
1755868223.9059446,3,0,-75
1755868223.9419446,0,-4,-70
1755868223.9799447,5,-2,-58
1755868224.0179446,4,2,-63
1755868224.0539446,-3,-2,-72
1755868224.0919447,-1,2,-76
1755868224.1299446,0,-2,-64
1755868224.1689446,5,-7,-73
1755868224.2069447,-1,-2,-79
1755868224.2429447,5,0,-76
1755868224.279945,-3,-7,-80
1755868224.3189447,3,-8,-68
1755868224.3569446,2,-8,-58
1755868224.3929446,3,-3,-61
1755868224.4299445,3,-5,-73
1755868224.4689443,5,-3,-71
1755868224.506945,9,-2,-72
1755868224.542945,5,-2,-72
1755868224.5799446,7,0,-79
1755868224.6179447,2,0,-78
1755868224.6539447,-4,-8,-75
1755868224.6919446,-7,-6,-77
1755868224.7299447,-14,0,-71
1755868224.7689445,0,-1,-84
1755868224.8069446,0,2,-86
1755868224.8429446,0,3,-78
1755868224.8799446,-1,9,-70
1755868224.9189446,0,2,-58
1755868224.9569447,2,1,-68
1755868224.9929447,4,-2,-75
1755868225.029945,3,-7,-66
1755868225.0689447,0,-6,-72
1755868225.1069446,-1,-4,-72
1755868225.1429446,4,-2,-80
1755868225.1799445,-7,2,-82
1755868225.2189443,0,-1,-70
1755868225.256945,2,2,-62
1755868225.292945,-1,4,-64
1755868225.3309443,2,7,-69
1755868225.3689446,5,8,-68
1755868225.4069445,8,-1,-62
1755868225.4429443,-1,-2,-70
1755868225.4809446,-1,-5,-75
1755868225.5189445,0,1,-67
1755868225.5569446,0,-2,-61
1755868225.5929446,-3,-3,-67
1755868225.6309447,0,-5,-70
1755868225.6689446,0,-6,-84
1755868225.7079446,0,1,-75
1755868225.7439446,2,3,-73
1755868225.7809446,-1,-5,-76
1755868225.8189447,3,-4,-67
1755868225.8579447,-6,0,-73
1755868225.8939445,-10,-1,-66
1755868225.9319446,-1,1,-71
1755868225.9699447,1,-2,-83
1755868226.0089445,-4,-1,-76
1755868226.0449443,-2,0,-81
1755868226.0829446,0,-2,-72
1755868226.1209445,-4,3,-63
1755868226.1589446,0,4,-66
1755868226.1949446,-5,-1,-66
1755868226.2329447,-5,-7,-76
1755868226.2709446,0,-3,-69
1755868226.3089447,0,-2,-70
1755868226.3479445,-2,-5,-62
1755868226.3839445,-1,-14,-71
1755868226.4229443,-3,-7,-74
1755868226.4599447,-3,-7,-60
1755868226.4989443,2,-1,-64
1755868226.5359447,1,8,-69
1755868226.5729446,2,3,-72
1755868226.6099446,-1,1,-66
1755868226.6489446,4,-3,-71
1755868226.6849446,0,4,-73
1755868226.7229445,1,3,-77
1755868226.759945,6,0,-77
1755868226.8039446,8,3,-70
1755868226.8419447,-2,-2,-73
1755868226.8809447,5,0,-66
1755868226.9189446,1,-1,-66
1755868226.9549446,-1,1,-79
1755868226.9929447,-4,4,-65
1755868227.0309446,0,6,-65
1755868227.0689447,-4,-1,-71
1755868227.1049447,-2,1,-75
1755868227.1419446,-2,1,-75
1755868227.1809447,6,0,-79
1755868227.2189443,3,0,-75
1755868227.2549446,-4,5,-69
1755868227.2919445,2,7,-60
1755868227.3299446,0,0,-71
1755868227.3679447,2,1,-73
1755868227.4039447,-6,7,-66
1755868227.440945,-6,2,-70
1755868227.4799447,3,7,-78
1755868227.5159447,10,-3,-73
1755868227.552945,8,-4,-67
1755868227.5909443,-2,-3,-68
1755868227.6299446,0,6,-81
1755868227.6659446,-2,0,-88
1755868227.7029445,-2,3,-84
1755868227.7409446,-5,4,-74
1755868227.779945,-2,-1,-73
1755868227.815945,-10,0,-63
1755868227.8529446,-4,0,-62
1755868227.8909447,-1,-1,-76
1755868227.9299445,-4,0,-71
1755868227.9659443,3,0,-73
1755868228.0029447,-1,4,-63
1755868228.0409446,3,-10,-81
1755868228.0799446,1,-12,-67
1755868228.1159446,-2,-7,-78
1755868228.1539447,-1,0,-79
1755868228.1929443,0,-2,-63
1755868228.2299447,0,-3,-69
1755868228.2689445,3,2,-79
1755868228.3049445,0,0,-75
1755868228.3429446,11,1,-71
1755868228.3809447,-1,3,-72
1755868228.4199443,-2,-3,-71
1755868228.4559443,4,-7,-70
1755868228.4939446,-4,0,-88
1755868228.5309446,-5,0,-82
1755868228.5699446,-2,5,-71
1755868228.6059446,5,2,-73
1755868228.6429446,-1,3,-63
1755868228.6809447,0,2,-71
1755868228.7189443,-1,-6,-68
1755868228.7549446,0,0,-64
1755868228.792945,0,1,-68
1755868228.8309443,0,6,-65
1755868228.8689446,-6,4,-71
1755868228.9059446,-2,-4,-68
1755868228.9429443,2,3,-68
1755868228.9809446,1,-3,-77
1755868229.0189445,-4,-6,-73
1755868229.0549445,-6,-2,-72
1755868229.0929446,0,6,-70
1755868229.1309447,-5,0,-71
1755868229.1689446,-15,-2,-78
1755868229.2049446,-13,1,-66
1755868229.2429447,-5,1,-80
1755868229.2809446,-6,0,-80
1755868229.3199446,2,-4,-81
1755868229.3559446,-1,-5,-79
1755868229.394945,-1,0,-78
1755868229.4319446,0,0,-84
1755868229.4709446,-4,4,-86
1755868229.506945,2,3,-70
1755868229.5439446,3,-3,-74
1755868229.5819447,-3,3,-78
1755868229.6209445,0,3,-82
1755868229.6569445,-1,1,-81
1755868229.6939447,0,-2,-85
1755868229.7319446,-5,-1,-81
1755868229.7709446,2,-3,-79
1755868229.8069446,3,-6,-77
1755868229.8449447,6,-1,-79
1755868229.881945,1,-1,-70
1755868229.9209447,6,-4,-81
1755868229.9569447,7,0,-82
1755868229.9949446,2,-1,-74
1755868230.0319445,-1,-3,-79
1755868230.0709443,3,0,-82
1755868230.1069446,2,2,-81
1755868230.1439445,-4,4,-71
1755868230.1819446,-3,8,-69
1755868230.2209446,0,5,-86
1755868230.256945,-5,-7,-84
1755868230.2949443,-5,0,-78
1755868230.3329446,-11,-1,-74
1755868230.371945,0,-2,-67
1755868230.4099443,0,-4,-69
1755868230.4459443,7,0,-64
1755868230.4829447,0,4,-77
1755868230.5209446,3,-1,-68
1755868230.5569446,1,3,-83
1755868230.5939443,2,1,-73
1755868230.631945,2,6,-75
1755868230.6699443,-1,-5,-74
1755868230.7059443,2,-2,-70
1755868230.7429447,-4,-1,-72
1755868230.7819445,-1,2,-64
1755868230.8199446,3,0,-67
1755868230.8559446,4,0,-67
1755868230.8929446,0,-3,-71
1755868230.9319446,-4,-5,-75
1755868230.9699447,0,-10,-66
1755868231.0059447,5,-11,-67
1755868231.042945,-3,0,-65
1755868231.0819447,-5,4,-67
1755868231.1179447,2,2,-78
1755868231.1559446,-7,3,-69
1755868231.1939447,-1,0,-75
1755868231.2319446,0,-2,-82
1755868231.2709446,-6,-1,-98
1755868231.3069446,-3,-2,-80
1755868231.3449447,0,2,-84
1755868231.3829446,-1,1,-84
1755868231.4219446,-6,-2,-78
1755868231.4579446,-1,0,-68
1755868231.4949446,2,4,-78
1755868231.5319445,-3,0,-68
1755868231.5709443,-8,-4,-75
1755868231.6069446,-1,-5,-77
1755868231.644945,1,1,-68
1755868231.6829443,-4,-4,-80
1755868231.7219446,1,0,-67
1755868231.7579446,-1,6,-61
1755868231.7949443,-1,10,-70
1755868231.8329446,0,4,-68
1755868231.8709445,-4,5,-86
1755868231.9069445,-4,0,-77
1755868231.9449446,4,-2,-68
1755868231.9819446,8,0,-76
1755868232.0179446,3,0,-72
1755868232.0559447,-2,-6,-69
1755868232.0939443,1,-10,-74
1755868232.1329446,6,-2,-81
1755868232.1709447,-2,-1,-75
1755868232.2069447,-3,0,-76
1755868232.2439446,0,-4,-84
1755868232.282945,-1,-2,-69
1755868232.3209443,-2,-9,-72
1755868232.3569446,-2,-6,-72
1755868232.394945,2,2,-77
1755868232.4329443,-8,-5,-79
1755868232.4719446,-4,1,-64
1755868232.5079446,0,0,-72
1755868232.5449443,1,-1,-78
1755868232.5829446,4,1,-84
1755868232.6209445,6,-2,-74
1755868232.6569445,2,-2,-74
1755868232.6949446,2,-1,-67
1755868232.7329447,7,3,-77
1755868232.7709446,6,-5,-73
1755868232.8069446,5,-2,-63
1755868232.8439443,1,-2,-76
1755868232.8829446,0,0,-82
1755868232.9189446,-6,2,-75
1755868232.9569447,0,3,-67
1755868232.9959445,-4,-5,-73
1755868233.032945,-2,2,-74
1755868233.0719447,-3,3,-84
1755868233.1079447,0,3,-74
1755868233.144945,-3,0,-75
1755868233.1829443,-1,1,-78
1755868233.2219446,8,0,-79
1755868233.2579446,2,2,-73
1755868233.2959447,4,0,-75
1755868233.3329446,2,-9,-74
1755868233.371945,-2,0,-67
1755868233.407945,-1,-2,-72
1755868233.4459443,1,0,-73
1755868233.4829447,6,7,-67
1755868233.5189445,0,4,-62
1755868233.5569446,-8,1,-70
1755868233.5959446,-7,1,-69
1755868233.6329446,0,2,-71
1755868233.6689446,6,2,-74
1755868233.7069447,4,0,-71
1755868233.7459445,-3,0,-74
1755868233.7839446,-5,1,-75
1755868233.8219447,0,0,-65
1755868233.8579447,3,3,-68
1755868233.8959446,-3,0,-73
1755868233.9339447,-5,0,-76
1755868233.9719446,0,-2,-70
1755868234.0079446,1,0,-81
1755868234.0449443,6,1,-84
1755868234.0839446,-2,5,-73
1755868234.121945,0,1,-67
1755868234.157945,5,0,-59
1755868234.1959443,3,-2,-62
1755868234.233945,-2,3,-72
1755868234.2719443,-3,2,-78
1755868234.3079443,-6,1,-70
1755868234.3459446,1,0,-82
1755868234.3839445,-7,0,-63
1755868234.4219446,-6,-5,-75
1755868234.4579446,-2,0,-73
1755868234.4959445,0,1,-82
1755868234.5339446,3,5,-80
1755868234.5719447,0,4,-74
1755868234.6079447,-6,5,-78
1755868234.644945,-4,-4,-67
1755868234.6839447,-3,6,-69
1755868234.7199447,-5,3,-77
1755868234.756945,0,-1,-73
1755868234.7949443,-7,-4,-69
1755868234.8339446,-2,-3,-59
1755868234.8699446,2,-4,-58
1755868234.9069445,-1,0,-74
1755868234.9449446,0,1,-71
1755868234.983945,-4,8,-67
1755868235.019945,0,11,-74
1755868235.0569446,5,7,-78
1755868235.0949447,0,0,-72
1755868235.1329446,-2,2,-74
1755868235.1689446,6,0,-82
1755868235.2069447,-2,8,-79
1755868235.2449446,-4,-4,-83
1755868235.2839446,-2,1,-75
1755868235.3199446,0,4,-73
1755868235.3569446,3,0,-76
1755868235.3939445,3,-1,-78
1755868235.4329443,3,-2,-73
1755868235.4689443,8,-3,-67
1755868235.506945,6,4,-74
1755868235.5459447,1,4,-64
1755868235.5839446,4,-1,-62
1755868235.6199446,0,4,-70
1755868235.6569445,4,-2,-81
1755868235.6959443,4,-4,-67
1755868235.733945,0,3,-66
1755868235.769945,0,4,-63
1755868235.8069446,-3,-4,-81
1755868235.8459446,-6,-1,-73
1755868235.8839445,0,0,-82
1755868235.9199443,-4,0,-78
1755868235.9569447,0,2,-67
1755868235.9949446,0,-1,-79
1755868236.032945,-8,-1,-67
1755868236.0689447,-3,-4,-64
1755868236.1069446,-5,2,-74
1755868236.144945,-5,1,-73
1755868236.1839447,2,-2,-73
1755868236.2199447,2,-1,-80
1755868236.256945,-1,-2,-78
1755868236.2949443,6,-3,-73
1755868236.3339446,5,1,-77
1755868236.3699446,0,2,-66
1755868236.4069445,5,0,-73
1755868236.4449446,0,1,-65
1755868236.4809446,8,5,-71
1755868236.5179446,1,5,-70
1755868236.5549445,-5,3,-72
1755868236.5939443,-6,1,-82
1755868236.6299446,-1,0,-81
1755868236.6669445,-3,-3,-77
1755868236.7049446,5,3,-72
1755868236.7439446,0,0,-79
1755868236.779945,2,-2,-69
1755868236.825945,6,-3,-73
1755868236.8639443,10,-2,-66
1755868236.8999443,2,0,-69
1755868236.9369447,3,5,-63
1755868236.9749446,0,6,-70
1755868237.0139446,-5,-2,-67
1755868237.0499446,-8,1,-65
1755868237.0869446,-1,4,-69
1755868237.1259446,-6,-5,-76
1755868237.1639447,6,-2,-82
1755868237.1999447,6,0,-79
1755868237.236945,1,-3,-75
1755868237.2759447,-4,2,-62
1755868237.3149445,0,0,-74
1755868237.3509445,-4,0,-69
1755868237.3889446,-2,3,-74
1755868237.4269447,7,0,-81
1755868237.4659443,2,-8,-71
1755868237.5039446,0,5,-68
1755868237.5399446,-2,2,-70
1755868237.5769446,0,5,-72
1755868237.6159446,-2,-2,-82
1755868237.6539447,1,5,-69
1755868237.6899445,0,-5,-75
1755868237.7279446,-3,2,-73
1755868237.7659447,-9,4,-66
1755868237.8049445,-4,-1,-76
1755868237.8409443,-3,4,-77
1755868237.8799446,-2,0,-69
1755868237.9169445,-5,4,-78
1755868237.9559443,-3,-1,-81
1755868237.9939446,4,2,-58
1755868238.029945,0,4,-67
1755868238.0669446,-3,-1,-82
1755868238.1059446,-6,1,-80
1755868238.1439445,-11,2,-57
1755868238.1799445,0,4,-71
1755868238.2169447,5,3,-64
1755868238.2549446,4,-4,-72
1755868238.2919445,4,-4,-77
1755868238.3289447,3,-2,-68
1755868238.3669446,0,0,-78
1755868238.404945,3,2,-70
1755868238.4419446,2,0,-67
1755868238.4789443,0,2,-65
1755868238.5159447,5,2,-76
1755868238.5519447,3,4,-78
1755868238.588945,0,2,-75
1755868238.6259446,-6,2,-83
1755868238.6649446,1,0,-73
1755868238.700945,0,3,-77
1755868238.7379446,1,4,-67
1755868238.7759447,-4,8,-73
1755868238.8119447,-2,6,-71
1755868238.8499446,-1,4,-73
1755868238.8879447,6,0,-73
1755868238.9259446,3,-2,-76
1755868238.9619446,3,0,-75
1755868238.9989443,1,-2,-71
1755868239.0369446,-4,0,-63
1755868239.075945,-2,7,-72
1755868239.111945,-1,2,-79
1755868239.1489446,0,4,-77
1755868239.1869447,5,0,-61
1755868239.2249446,2,2,-60
1755868239.2609446,0,2,-67
1755868239.2979443,-2,-1,-75
1755868239.3369446,9,1,-76
1755868239.3749447,2,-1,-72
1755868239.4109447,4,2,-65
1755868239.4479446,2,4,-76
1755868239.486945,1,4,-70
1755868239.5249443,0,2,-59
1755868239.5609446,3,3,-71
1755868239.598945,-6,3,-80
1755868239.6369443,-2,-3,-80
1755868239.6759446,-10,0,-62
1755868239.7119446,-5,-1,-75
1755868239.7509446,6,0,-68
1755868239.7879446,2,1,-81
1755868239.825945,6,1,-75
1755868239.861945,4,-1,-82
1755868239.9009447,5,0,-79
1755868239.937945,-4,0,-73
1755868239.9769447,-2,-3,-83
1755868240.0149446,-6,5,-80
1755868240.0509446,-2,10,-71
1755868240.0879445,-9,3,-83
1755868240.1269443,-4,2,-85
1755868240.1629446,10,2,-73
1755868240.1999447,3,4,-70
1755868240.2379446,-2,7,-67
1755868240.2769446,-4,4,-59
1755868240.312945,-4,-1,-78
1755868240.3509445,-4,-3,-76
1755868240.3899446,0,-2,-71
1755868240.4269447,-6,0,-73
1755868240.4659443,7,0,-81
1755868240.5019443,5,5,-72
1755868240.5399446,-2,-5,-71
1755868240.5769446,-5,-1,-66
1755868240.6159446,-4,-4,-65
1755868240.6519446,-6,5,-68
1755868240.6899445,0,5,-72
1755868240.7269447,-4,7,-70
1755868240.7659447,9,-2,-70
1755868240.8019447,5,-2,-66
1755868240.8399446,9,3,-81
1755868240.8779447,-2,-4,-86
1755868240.9159446,-1,-3,-71
1755868240.9519446,-10,0,-75
1755868240.9899447,-7,-1,-67
1755868241.0279446,3,2,-66
1755868241.065945,0,0,-67
1755868241.1019447,-2,-1,-72
1755868241.1399446,-9,5,-66
1755868241.177945,-7,0,-79
1755868241.2169447,0,-1,-81
1755868241.2529447,1,-6,-72
1755868241.2899446,-2,0,-68
1755868241.3279445,-12,-2,-70
1755868241.3669446,1,-3,-74
1755868241.4029446,-7,-5,-80
1755868241.440945,-1,0,-78
1755868241.4789443,-3,0,-63
1755868241.5179446,-2,-2,-69
1755868241.5559447,-3,6,-74
1755868241.5919447,-2,4,-77
1755868241.6299446,0,0,-63
1755868241.667945,3,8,-71
1755868241.7059443,0,8,-72
1755868241.7419446,10,0,-70
1755868241.779945,6,-5,-70
1755868241.8179443,-8,1,-78
1755868241.8569446,-5,-1,-70
1755868241.8929446,-5,0,-71
1755868241.9299445,-3,-3,-68
1755868241.9679446,0,-9,-82
1755868242.006945,-7,-3,-73
1755868242.042945,-7,-3,-67
1755868242.0809443,-7,-3,-71
1755868242.1189446,-4,0,-65
1755868242.157945,-1,0,-57
1755868242.1939447,-1,1,-66
1755868242.2309446,-6,-7,-83
1755868242.2689445,6,-8,-77
1755868242.3079443,2,0,-77
1755868242.3439443,-1,-3,-73
1755868242.381945,0,-1,-78
1755868242.4199443,0,0,-70
1755868242.4579446,1,0,-71
1755868242.4939446,2,-1,-86
1755868242.5319445,0,-6,-76
1755868242.5699446,1,-1,-83
1755868242.6079447,0,-6,-76
1755868242.6469443,2,0,-64
1755868242.6839447,-3,2,-78
1755868242.7209446,6,1,-76
1755868242.7589445,-1,-1,-72
1755868242.7979443,-7,0,-67
1755868242.8339446,1,0,-70
1755868242.8709445,-7,-2,-61
1755868242.9089446,-1,-1,-68
1755868242.9479446,1,5,-69
1755868242.983945,-2,2,-67
1755868243.0209446,-3,1,-73
1755868243.0589447,3,1,-67
1755868243.0979445,-3,0,-66
1755868243.1339445,0,3,-68
1755868243.1709447,-9,1,-69
1755868243.2089446,1,4,-71
1755868243.2479446,7,1,-76
1755868243.2839446,0,0,-78
1755868243.3209443,0,3,-78
1755868243.358945,5,0,-71
1755868243.3979447,1,3,-67
1755868243.4339447,-1,1,-76
1755868243.4709446,5,0,-81
1755868243.5089445,4,-2,-72
1755868243.5469446,4,-4,-72
1755868243.5829446,10,-2,-70
1755868243.6199446,1,-4,-65
1755868243.6589446,7,-1,-71
1755868243.6949446,-3,1,-67
1755868243.7319446,-4,-5,-77
1755868243.769945,-5,-1,-65
1755868243.8089447,1,-1,-67
1755868243.8449447,-2,-3,-71
1755868243.8829446,-3,-2,-68
1755868243.9209447,-3,0,-72
1755868243.9589446,-8,0,-67
1755868243.9979446,-6,0,-79
1755868244.0339446,0,-3,-75
1755868244.0709443,0,2,-79
1755868244.108945,0,-3,-67
1755868244.144945,-6,-3,-68
1755868244.1829443,-1,-7,-64
1755868244.2209446,2,-2,-82
1755868244.2589445,2,1,-71
1755868244.2979443,0,2,-79
1755868244.3339446,1,1,-87
1755868244.3709445,3,-4,-73
1755868244.4089446,3,-1,-79
1755868244.4479446,0,-2,-78
1755868244.483945,0,2,-76
1755868244.5209446,-4,3,-71
1755868244.5599446,7,-1,-79
1755868244.5979445,0,-8,-85
1755868244.6339445,-1,-10,-78
1755868244.6719446,7,1,-75
1755868244.7099447,-1,0,-69
1755868244.7489443,-2,2,-77
1755868244.7849443,-3,1,-78
1755868244.8219447,-5,0,-70
1755868244.8599446,-1,4,-84
1755868244.8989446,-1,5,-78
1755868244.9349446,2,0,-77
1755868244.9729445,1,0,-81
1755868245.009945,-1,-1,-76
1755868245.0489447,-2,-4,-74
1755868245.0849447,-8,2,-67
1755868245.1229446,0,5,-63
1755868245.1599443,-1,1,-67
1755868245.1989446,-4,-6,-68
1755868245.2349446,5,0,-73
1755868245.2719443,-5,1,-82
1755868245.3099446,-5,6,-78
1755868245.348945,-7,-1,-83
1755868245.384945,-8,0,-73
1755868245.4219446,0,0,-71
1755868245.4599447,-4,-3,-75
1755868245.4989443,0,1,-83
1755868245.5349443,0,0,-76
1755868245.5729446,1,1,-68
1755868245.6099446,2,3,-73
1755868245.6459446,5,2,-70
1755868245.6839447,1,6,-56
1755868245.7209446,0,4,-67
1755868245.7589445,0,-2,-56
1755868245.7949443,11,-4,-71
1755868245.8319447,-5,-5,-76
1755868245.8699446,-9,-1,-84
1755868245.9089446,-3,-3,-82
1755868245.9449446,0,-2,-77
1755868245.9819446,3,-2,-63
1755868246.019945,7,1,-73
1755868246.0559447,-2,-2,-70
1755868246.0949447,0,1,-69
1755868246.131945,2,-1,-62
1755868246.1699443,-4,3,-63
1755868246.2089446,0,2,-63
1755868246.2449446,4,-3,-63
1755868246.2819445,2,1,-70
1755868246.3199446,1,0,-61
1755868246.3559446,0,-8,-66
1755868246.3929446,-1,0,-75
1755868246.4309447,1,-1,-66
1755868246.4699447,-1,-4,-77
1755868246.5059447,6,-1,-85
1755868246.542945,6,-10,-66
1755868246.5809443,1,-7,-62
1755868246.6199446,5,0,-56
1755868246.6559446,4,0,-68
1755868246.6929443,0,2,-72
1755868246.7309446,0,2,-69
1755868246.7689445,-1,5,-62
1755868246.8049445,0,1,-65
1755868246.8509445,0,2,-74
1755868246.8889446,0,-3,-71
1755868246.9249446,3,-4,-72
1755868246.9629445,6,2,-74
1755868247.0009446,-6,4,-78
1755868247.0389447,0,-1,-70
1755868247.0749447,-3,1,-68
1755868247.111945,-9,-1,-81
1755868247.1509447,-15,-2,-66
1755868247.1889446,-13,2,-75
1755868247.2259445,-9,1,-78
1755868247.2629447,-3,4,-71
1755868247.3009446,2,-2,-73
1755868247.3399446,1,-7,-74
1755868247.3759446,-1,0,-77
1755868247.4139447,-3,-1,-78
1755868247.4529445,-1,1,-87
1755868247.4909446,0,-3,-90
1755868247.5269446,-5,-5,-79
1755868247.565945,-2,-6,-67
1755868247.6029446,-3,-5,-79
1755868247.6409447,8,1,-75
1755868247.6799445,5,4,-64
1755868247.7159443,2,2,-69
1755868247.7529447,-2,-1,-71
1755868247.7909446,1,-3,-67
1755868247.8299446,0,1,-67
1755868247.8659446,-2,7,-72
1755868247.9029446,-2,10,-76
1755868247.940945,1,9,-58
1755868247.9799447,3,0,-69
1755868248.0159447,-2,1,-66
1755868248.052945,-2,-5,-82
1755868248.0919447,-1,0,-88
1755868248.1299446,5,-2,-77
1755868248.1659446,7,2,-73
1755868248.2029445,-1,2,-67
1755868248.2419446,-5,0,-72
1755868248.279945,-8,1,-79
1755868248.315945,-5,0,-75
1755868248.3529446,-1,-2,-71
1755868248.3919446,-1,0,-72
1755868248.4299445,9,-2,-84
1755868248.4659443,4,0,-78
1755868248.5029447,8,2,-74
1755868248.5409446,5,0,-73
1755868248.5769446,3,1,-68
1755868248.6149447,3,-2,-73
1755868248.6519446,1,2,-74
1755868248.690945,6,-2,-58
1755868248.7269447,2,-1,-61
1755868248.7649446,2,0,-68
1755868248.802945,-6,-2,-68
1755868248.8419447,-1,-5,-68
1755868248.8799446,5,4,-82
1755868248.9159446,7,5,-76
1755868248.9529445,4,3,-66
1755868248.9919446,-2,-2,-76
1755868249.029945,3,6,-68
1755868249.065945,6,6,-79
1755868249.1029446,3,3,-66
1755868249.1409447,0,4,-72
1755868249.1769447,5,2,-62
1755868249.2149446,6,3,-74
1755868249.2529447,-1,0,-64
1755868249.2909446,-5,1,-71
1755868249.3269446,-3,0,-80
1755868249.3659446,-9,-1,-73
1755868249.4029446,-4,-2,-80
1755868249.4419446,0,-4,-88
1755868249.4779446,1,-7,-78
1755868249.5159447,-7,1,-76
1755868249.5539446,0,-1,-80
1755868249.5919447,-5,5,-69
1755868249.6309447,-1,-1,-77
1755868249.6669445,0,4,-70
1755868249.7039447,-3,-1,-68
1755868249.7419446,0,0,-75
1755868249.7779446,-5,-1,-68
1755868249.815945,0,-6,-59
1755868249.8539443,-3,0,-81
1755868249.8929446,5,-3,-81
1755868249.9309447,1,-4,-65
1755868249.9669447,1,2,-79
1755868250.0039446,5,2,-73
1755868250.0419445,10,11,-70
1755868250.0779445,3,7,-70
1755868250.1149447,0,3,-77
1755868250.1529446,-3,5,-83
1755868250.1919446,-5,4,-80
1755868250.2279446,-11,3,-86
1755868250.2649446,-12,-1,-80
1755868250.302945,-7,-6,-75
1755868250.3419447,-7,0,-70
1755868250.3779447,2,11,-75
1755868250.4159446,1,6,-61
1755868250.4529445,4,-6,-74
1755868250.4919446,4,-4,-58
1755868250.5279446,6,-2,-62
1755868250.565945,0,-4,-65
1755868250.6029446,4,1,-66
1755868250.6409447,0,0,-54
1755868250.6769447,-5,0,-64
1755868250.7149446,-3,0,-66
1755868250.7529447,0,0,-70
1755868250.7909446,9,-3,-67
1755868250.8269446,5,-2,-67
1755868250.8649447,3,-2,-67
1755868250.9029446,2,-3,-68
1755868250.9419446,7,-4,-65
1755868250.9779446,1,-6,-62
1755868251.0149446,2,-7,-66
1755868251.052945,8,-6,-72
1755868251.0919447,6,-5,-77
1755868251.1279447,8,-11,-73
1755868251.1649446,-4,-4,-75
1755868251.2029445,0,6,-76
1755868251.2389443,0,0,-75
1755868251.2769446,-11,0,-75
1755868251.315945,-6,-6,-76
1755868251.3529446,-4,-8,-76
1755868251.3919446,-2,-3,-76
1755868251.427945,-5,-6,-71
1755868251.4659443,0,-7,-72
1755868251.5039446,0,0,-75
1755868251.542945,0,6,-77
1755868251.5789447,0,3,-73
1755868251.6159446,-2,3,-72
1755868251.6539447,-6,3,-72
1755868251.6929443,-2,0,-68
1755868251.7289443,-3,-5,-66
1755868251.7669446,0,0,-60
1755868251.8039446,-3,-1,-67
1755868251.8429446,-1,-2,-71
1755868251.8789446,-1,0,-66
1755868251.9159446,-3,-5,-82
1755868251.9539447,0,-1,-72
1755868251.9929447,3,1,-69
1755868252.0289447,-1,3,-76
1755868252.065945,0,1,-81
1755868252.1039443,6,-3,-80
1755868252.1429446,6,3,-78
1755868252.1789446,1,3,-71
1755868252.2159443,-1,-2,-73
1755868252.2539446,-1,-1,-66
1755868252.292945,3,0,-67
1755868252.3289447,7,0,-72
1755868252.3659446,6,3,-77
1755868252.4039447,1,1,-75
1755868252.4419446,-6,-3,-70
1755868252.4779446,0,0,-67
1755868252.5159447,4,1,-60
1755868252.5539446,-1,0,-72
1755868252.5919447,0,1,-62
1755868252.6279447,4,4,-72
1755868252.6659446,1,3,-68
1755868252.7039447,-4,3,-62
1755868252.7399447,3,3,-56
1755868252.7769446,0,0,-67
1755868252.8139446,-2,4,-67
1755868252.8529446,-2,-2,-64
1755868252.8889446,4,-3,-79
1755868252.9269447,8,0,-89
1755868252.963945,5,3,-82
1755868252.9999447,6,5,-69
1755868253.0369446,6,-3,-74
1755868253.0749447,7,-2,-69
1755868253.1139443,3,-2,-69
1755868253.1499443,1,0,-75
1755868253.1869447,-9,-4,-74
1755868253.2249446,0,1,-64
1755868253.2639446,0,3,-81
1755868253.2999446,-3,1,-74
1755868253.3369446,0,-2,-65
1755868253.3749447,6,-7,-63
1755868253.4139447,3,-8,-69
1755868253.4499447,0,-5,-63
1755868253.486945,4,0,-60
1755868253.5249443,5,-1,-60
1755868253.562945,-1,0,-68
1755868253.598945,-3,1,-56
1755868253.6359446,-1,1,-61
1755868253.6749446,1,2,-75
1755868253.7129445,0,-4,-76
1755868253.7489443,1,1,-79
1755868253.7859447,5,0,-72
1755868253.8239446,1,5,-75
1755868253.8599446,0,7,-83
1755868253.8969443,2,9,-77
1755868253.9349446,-1,0,-68
1755868253.9729445,-3,7,-76
1755868254.0089445,5,0,-69
1755868254.0459447,3,0,-70
1755868254.0849447,-1,5,-68
1755868254.1229446,0,4,-67
1755868254.1589446,1,0,-63
1755868254.1959443,0,1,-68
1755868254.233945,5,-3,-69
1755868254.269945,2,-5,-61
1755868254.3079443,2,0,-65
1755868254.3459446,0,0,-62
1755868254.384945,0,-1,-81
1755868254.4209447,-1,0,-82
1755868254.4579446,-2,0,-77
1755868254.4959445,2,-5,-76
1755868254.5349443,-3,-5,-70
1755868254.5709443,-8,-4,-59
1755868254.608945,-11,-7,-65
1755868254.6479447,0,-1,-78
1755868254.6849446,9,8,-88
1755868254.723945,10,1,-78
1755868254.759945,9,-1,-81
1755868254.7969446,2,4,-74
1755868254.8349447,-6,9,-64
1755868254.8709445,-3,4,-66
1755868254.907945,-9,2,-73
1755868254.9459443,-9,3,-72
1755868254.9849446,-2,-3,-72
1755868255.0209446,2,-3,-68
1755868255.0579443,-4,-3,-76
1755868255.0959446,-6,0,-72
1755868255.134945,3,0,-78
1755868255.1709447,3,5,-74
1755868255.2079446,1,7,-73
1755868255.2459445,4,2,-84
1755868255.2839446,0,-5,-83
1755868255.3199446,-1,0,-87
1755868255.3569446,3,-8,-85
1755868255.3959446,0,-3,-78
1755868255.4339447,-6,-8,-79
1755868255.4699447,-1,-1,-69
1755868255.5079446,3,-6,-71
1755868255.5469446,1,0,-75
1755868255.5849447,7,-4,-76
1755868255.6209445,5,0,-64
1755868255.657945,0,-2,-76
1755868255.6959443,-2,-3,-75
1755868255.7349446,3,-1,-66
1755868255.7709446,2,0,-81
1755868255.8079443,1,0,-82
1755868255.8459446,10,-4,-78
1755868255.8839445,-1,-1,-86
1755868255.9199443,2,-4,-84
1755868255.9569447,3,-3,-75
1755868255.9959445,-3,-4,-91
1755868256.0339446,-2,1,-78
1755868256.0699446,2,1,-67
1755868256.1069446,-4,3,-60
1755868256.1459446,5,-4,-60
1755868256.1839447,-4,-7,-75
1755868256.2199447,-6,-7,-81
1755868256.2579446,-4,-4,-60
1755868256.2959447,2,-10,-79
1755868256.3349447,2,-2,-86
1755868256.3709445,0,0,-79
1755868256.4089446,5,8,-77
1755868256.4469447,5,2,-82
1755868256.4849446,0,2,-60
1755868256.5209446,0,3,-70
1755868256.5579443,1,-3,-70
1755868256.5969446,-2,1,-72
1755868256.634945,-1,1,-64
1755868256.6709447,-3,-4,-69
1755868256.7089446,-2,3,-72
1755868256.746945,-5,-3,-56
1755868256.7859447,-1,-6,-82
1755868256.8219447,2,-7,-61
1755868256.8679447,-6,-3,-64
1755868256.9059446,2,-12,-71
1755868256.9419446,6,-2,-69
1755868256.9799447,8,5,-61
1755868257.0179446,7,-7,-77
1755868257.0569446,-2,-2,-74
1755868257.0949447,-9,0,-73
1755868257.1309447,-1,-4,-70
1755868257.1699443,-2,0,-65
1755868257.2069447,-4,-6,-65
1755868257.2459445,-5,-3,-73
1755868257.2819445,-1,0,-73
1755868257.3189447,0,0,-66
1755868257.3569446,2,-3,-54
1755868257.394945,-1,-4,-61
1755868257.4309447,1,0,-60
1755868257.4679446,-3,3,-70
1755868257.506945,-1,0,-67
1755868257.5449443,-7,2,-57
1755868257.5809443,-8,0,-68
1755868257.6179447,-3,0,-69
1755868257.6569445,2,2,-70
1755868257.6949446,-2,4,-81
1755868257.7309446,-7,0,-78
1755868257.7679446,-1,-3,-88
1755868257.8069446,0,-1,-72
1755868257.8449447,-5,5,-75
1755868257.8809447,-2,-4,-76
1755868257.9189446,-1,-1,-75
1755868257.9569447,-6,-1,-61
1755868257.9959445,-2,0,-71
1755868258.0319445,1,-1,-69
1755868258.0689447,3,1,-71
1755868258.1069446,-1,2,-66
1755868258.1459446,-7,4,-64
1755868258.1819446,1,1,-72
1755868258.2189443,-2,0,-74
1755868258.256945,3,0,-71
1755868258.292945,-1,-2,-67
1755868258.3309443,5,-6,-66
1755868258.3689446,3,2,-70
1755868258.4069445,5,5,-76
1755868258.4429443,-2,-4,-78
1755868258.4809446,-2,-2,-76
1755868258.5189445,-4,-2,-69
1755868258.5569446,-3,-2,-71
1755868258.5959446,-1,-1,-59
1755868258.631945,-4,1,-62
1755868258.6699443,6,4,-68
1755868258.7069447,1,-1,-73
1755868258.7459445,-1,-2,-62
1755868258.7819445,-2,1,-65
1755868258.8199446,-2,-2,-72
1755868258.8579447,0,-1,-65
1755868258.8969443,7,0,-70
1755868258.9329443,0,-3,-76
1755868258.9699447,-2,2,-86
1755868259.0079446,2,2,-76
1755868259.0459447,8,7,-82
1755868259.0819447,2,5,-75
1755868259.1189446,-1,1,-86
1755868259.157945,2,3,-76
1755868259.1959443,0,-2,-76
1755868259.2319446,2,1,-76
1755868259.2689445,4,-4,-70
1755868259.3079443,1,0,-65
1755868259.3459446,-8,0,-79
1755868259.381945,-10,-4,-88
1755868259.4199443,3,0,-69
1755868259.4579446,0,0,-76
1755868259.4959445,7,-6,-80
1755868259.5319445,6,-3,-95
1755868259.5699446,2,-5,-88
1755868259.6079447,-2,-3,-81
1755868259.6469443,-2,-6,-78
1755868259.6829443,-6,-3,-78
1755868259.7209446,0,0,-65
1755868259.7579446,-8,2,-82
1755868259.7969446,-3,4,-80
1755868259.8329446,-1,0,-73
1755868259.8699446,0,-1,-66
1755868259.907945,-3,0,-71
1755868259.9469447,5,-2,-69
1755868259.9829447,0,-7,-72
1755868260.019945,-1,0,-67
1755868260.0579443,3,0,-67
1755868260.0969446,0,-4,-70
1755868260.1329446,-1,0,-71
1755868260.1699443,1,8,-67
1755868260.2079446,6,9,-88
1755868260.246945,2,2,-74
1755868260.282945,-4,3,-74
1755868260.3199446,0,-4,-79
1755868260.3579447,-4,-2,-59
1755868260.3969443,-2,-3,-72
1755868260.4329443,0,-6,-69
1755868260.4699447,0,-1,-66
1755868260.5079446,-1,-1,-66
1755868260.5469446,1,0,-65
1755868260.5829446,1,1,-65
1755868260.6199446,-3,-6,-76
1755868260.6589446,4,0,-72
1755868260.6969447,7,-5,-70
1755868260.7329447,4,-7,-76
1755868260.769945,-1,0,-80
1755868260.8089447,4,1,-85
1755868260.8469446,3,7,-74
1755868260.8829446,4,0,-64
1755868260.9199443,2,0,-67
1755868260.9589446,-1,0,-60
1755868260.996945,4,-4,-72
1755868261.032945,0,0,-68
1755868261.0699446,0,1,-78
1755868261.108945,-5,0,-85
1755868261.1469443,2,0,-86
1755868261.1829443,1,-2,-84
1755868261.2199447,-1,-4,-82
1755868261.2589445,0,-6,-66
1755868261.2969446,0,-6,-70
1755868261.3329446,-7,-2,-74
1755868261.3709445,-2,-3,-84
1755868261.4089446,-5,3,-69
1755868261.4479446,-1,-3,-83
1755868261.483945,1,1,-75
1755868261.5209446,0,-4,-75
1755868261.5589447,3,-1,-86
1755868261.5979445,-1,1,-73
1755868261.6339445,-7,0,-63
1755868261.6719446,-7,-6,-66
1755868261.7099447,0,-14,-69
1755868261.7489443,4,-3,-86
1755868261.7849443,0,-1,-71
1755868261.8219447,0,0,-66
1755868261.858945,-3,-4,-69
1755868261.8979447,0,-4,-66
1755868261.9339447,9,0,-75
1755868261.9709446,-3,0,-77
1755868262.0089445,2,-4,-78
1755868262.0479443,-9,-4,-88
1755868262.0839446,-9,-5,-73
1755868262.121945,0,2,-65
1755868262.1589446,1,-2,-68
1755868262.1979446,8,-1,-85
1755868262.233945,10,-7,-59
1755868262.2709446,2,-7,-67
1755868262.3089447,-3,-3,-77
1755868262.3479445,-5,1,-68
1755868262.3839445,3,-5,-65
1755868262.4209447,4,-5,-61
1755868262.4599447,3,-7,-78
1755868262.4979446,3,-17,-73
1755868262.5339446,-1,-5,-69
1755868262.5719447,2,4,-77
1755868262.6099446,0,-4,-68
1755868262.6479447,2,-2,-70
1755868262.6839447,3,-2,-75
1755868262.7209446,4,-1,-74
1755868262.759945,-1,0,-64
1755868262.7979443,-3,-2,-59
1755868262.8339446,-6,0,-69
1755868262.8709445,-3,0,-68
1755868262.9099443,2,4,-68
1755868262.9479446,4,5,-76
1755868262.983945,0,0,-76
1755868263.0209446,-2,-2,-73
1755868263.0599446,3,-3,-82
1755868263.0979445,5,-3,-65
1755868263.1339445,11,1,-75
1755868263.1709447,11,0,-66
1755868263.2089446,4,-2,-77
1755868263.2449446,3,-3,-70
1755868263.2839446,-2,-4,-75
1755868263.3209443,2,-5,-77
1755868263.3599446,-2,-3,-82
1755868263.3979447,-1,-8,-90
1755868263.4339447,-4,-7,-73
1755868263.4719446,3,-4,-69
1755868263.509945,7,-3,-73
1755868263.5489447,2,0,-80
1755868263.5849447,-3,4,-69
1755868263.621945,6,-6,-75
1755868263.6599443,4,-7,-77
1755868263.6989446,0,0,-70
1755868263.7349446,-5,0,-74
1755868263.7719443,-3,7,-93
1755868263.8099446,2,2,-82
1755868263.8459446,-1,1,-79
1755868263.8829446,2,0,-79
1755868263.9209447,0,-3,-71
1755868263.9589446,4,1,-70
1755868263.9949446,6,0,-74
1755868264.0319445,-3,0,-81
1755868264.0709443,-4,-4,-80
1755868264.108945,0,0,-72
1755868264.144945,1,0,-76
1755868264.1819446,-7,5,-79
1755868264.2209446,2,-1,-70
1755868264.2589445,0,-7,-76
1755868264.2949443,-2,0,-70
1755868264.3329446,-5,3,-68
1755868264.3709445,6,1,-73
1755868264.4089446,4,2,-79
1755868264.4449446,9,-3,-75
1755868264.4819446,6,-2,-74
1755868264.5209446,7,0,-64
1755868264.5589447,0,-1,-66
1755868264.5949447,-10,-6,-72
1755868264.6329446,5,-10,-71
1755868264.6709447,-5,-6,-66
1755868264.7099447,-4,1,-71
1755868264.7459445,1,6,-74
1755868264.7839446,0,0,-77
1755868264.8209443,-8,3,-73
1755868264.8599446,0,0,-79
1755868264.8959446,-6,0,-67
1755868264.9339447,-2,1,-59
1755868264.9719446,0,-2,-68
1755868265.0109446,-6,8,-79
1755868265.0489447,-7,-1,-67
1755868265.0849447,-6,2,-70
1755868265.121945,-7,-2,-74
1755868265.1609447,-3,0,-79
1755868265.1989446,2,-1,-73
1755868265.2349446,6,4,-71
1755868265.2719443,-2,7,-82
1755868265.3109446,1,0,-65
1755868265.3469446,-2,1,-65
1755868265.3839445,8,-1,-73
1755868265.4219446,3,1,-68
1755868265.4599447,0,2,-70
1755868265.4959445,3,-1,-75
1755868265.5339446,0,-4,-82
1755868265.5719447,-3,0,-85
1755868265.6109445,0,0,-81
1755868265.6469443,2,3,-77
1755868265.6839447,2,-3,-77
1755868265.7219446,0,3,-76
1755868265.7609446,4,-1,-67
1755868265.7969446,0,-5,-72
1755868265.8339446,1,-5,-70
1755868265.871945,-9,4,-88
1755868265.9109447,0,0,-80
1755868265.9469447,0,0,-86
1755868265.9849446,2,0,-74
1755868266.0219443,2,-5,-67
1755868266.0609446,1,2,-67
1755868266.0969446,6,0,-54
1755868266.1339445,-8,-3,-62
1755868266.1719446,-4,-5,-64
1755868266.210945,0,-6,-66
1755868266.246945,-1,-7,-70
1755868266.2849443,-5,-2,-68
1755868266.3229446,-1,2,-72
1755868266.361945,1,5,-72
1755868266.3999443,-1,4,-71
1755868266.4359446,-1,0,-72
1755868266.473945,-12,-1,-61
1755868266.5119443,-17,0,-65
1755868266.5509446,-6,-4,-75
1755868266.5869446,-2,-3,-83
1755868266.6249447,-3,3,-82
1755868266.6629446,-5,-1,-73
1755868266.7019446,-13,4,-77
1755868266.7399447,6,3,-68
1755868266.7759447,6,7,-74
1755868266.812945,-2,4,-69
1755868266.8519447,-1,1,-85
1755868266.8959446,-7,1,-78
1755868266.9339447,0,-2,-81
1755868266.9729445,5,-1,-73
1755868267.0109446,-4,0,-95
1755868267.0469446,0,-3,-78
1755868267.0839446,-5,-7,-72
1755868267.1229446,0,-1,-68
1755868267.1609447,0,0,-71
1755868267.1969447,5,-2,-66
1755868267.2349446,0,5,-66
1755868267.2729447,9,2,-74
1755868267.3109446,5,0,-85
1755868267.3469446,0,0,-77
1755868267.3839445,3,0,-64
1755868267.4229443,3,-4,-72
1755868267.460945,4,-8,-72
1755868267.496945,-3,-8,-81
1755868267.5349443,-5,0,-71
1755868267.5729446,-5,-4,-71
1755868267.611945,2,-2,-68
1755868267.6479447,-4,2,-70
1755868267.6859446,-8,-3,-87
1755868267.7229445,-10,0,-75
1755868267.7619443,-5,1,-69
1755868267.7979443,-10,0,-72
1755868267.8349447,3,5,-72
1755868267.8729446,0,1,-76
1755868267.9109447,4,0,-77
1755868267.9469447,2,-4,-73
1755868267.9849446,1,1,-61
1755868268.0229447,1,7,-60
1755868268.0609446,-4,4,-68
1755868268.0979445,5,0,-65
1755868268.134945,-3,-2,-56
1755868268.1729443,-5,3,-65
1755868268.2119446,-5,-1,-72
1755868268.2479446,0,-3,-69
1755868268.2849443,2,0,-73
1755868268.3229446,1,-7,-67
1755868268.3609445,3,-4,-82
1755868268.3969443,0,-3,-79
1755868268.4349446,6,0,-69
1755868268.4729445,-3,0,-68
1755868268.5109446,0,1,-75
1755868268.5469446,1,-4,-74
1755868268.5849447,-3,-2,-73
1755868268.6229446,4,-5,-71
1755868268.6619446,0,2,-76
1755868268.6979446,0,-4,-76
1755868268.7349446,-1,0,-77
1755868268.7729447,3,-2,-69
1755868268.8119447,0,-4,-84
1755868268.8479445,-4,-1,-78
1755868268.8859446,-6,-3,-68
1755868268.9239447,2,0,-70
1755868268.9629445,-4,-1,-73
1755868268.9989443,0,-1,-74
1755868269.0369446,4,-5,-87
1755868269.0749447,0,-7,-85
1755868269.1129446,0,2,-76
1755868269.1489446,5,-6,-74
1755868269.1859446,5,-5,-73
1755868269.223945,5,-2,-65
1755868269.2629447,-5,0,-65
1755868269.2989447,-1,-3,-74
1755868269.3369446,0,3,-73
1755868269.3739443,-1,0,-62
1755868269.4129446,0,4,-58
1755868269.4489446,-4,8,-72
1755868269.4859445,3,-3,-80
1755868269.5239446,0,0,-74
1755868269.562945,-2,1,-67
1755868269.598945,3,1,-73
1755868269.6359446,5,-5,-64
1755868269.6739447,10,-6,-76
1755868269.7129445,0,1,-73
1755868269.7489443,2,1,-69
1755868269.7859447,3,0,-85
1755868269.8239446,-10,2,-72
1755868269.861945,-9,-2,-74
1755868269.8979447,0,-1,-74
1755868269.9349446,-3,5,-74
1755868269.973945,0,1,-94
1755868270.0119443,-3,0,-67
1755868270.0479443,-4,0,-74
1755868270.0849447,1,-1,-73
1755868270.1239443,-2,6,-80
1755868270.1619446,0,-1,-77
1755868270.1979446,2,7,-81
1755868270.2349446,0,4,-79
1755868270.2739446,1,4,-66
1755868270.3119447,3,1,-74
1755868270.348945,13,-2,-79
1755868270.3859446,6,-1,-70
1755868270.4239447,-3,4,-73
1755868270.4629445,1,3,-78
1755868270.4989443,-2,6,-83
1755868270.5359447,5,0,-64
1755868270.5739446,0,-4,-77
1755868270.6099446,2,-7,-79
1755868270.6489446,2,-1,-76
1755868270.6859446,8,2,-70
1755868270.723945,1,3,-67
1755868270.7629447,1,1,-73
1755868270.7989447,2,1,-72
1755868270.835945,-3,-2,-74
1755868270.8739443,2,-4,-78
1755868270.9129446,0,0,-77
1755868270.9489446,3,2,-74
1755868270.9859445,0,2,-82
1755868271.0239446,3,-1,-76
1755868271.0599446,-5,-5,-68
1755868271.098945,-3,-2,-70
1755868271.1359446,0,0,-74
1755868271.1739447,2,-4,-78
1755868271.2129445,3,2,-80
1755868271.2489443,8,-1,-73
1755868271.2869446,1,-1,-67
1755868271.3249447,0,0,-73
1755868271.3629446,-1,-1,-72
1755868271.3989446,-2,-8,-74
1755868271.4369447,-2,-2,-82
1755868271.4749446,1,-1,-76
1755868271.5139446,-6,1,-77
1755868271.5499446,-9,2,-67
1755868271.5869446,-5,6,-69
1755868271.6249447,4,0,-77
1755868271.6629446,-1,-3,-80
1755868271.6989446,2,-5,-80
1755868271.7359445,2,-1,-77
1755868271.7749443,-2,-1,-77
1755868271.812945,0,0,-73
1755868271.848945,-5,0,-72
1755868271.8859446,-9,0,-72
1755868271.9249446,-5,-4,-65
1755868271.9629445,0,-3,-69
1755868271.9989443,-1,0,-79
1755868272.0359447,4,2,-76
1755868272.0739446,6,-2,-70
1755868272.1099446,-3,0,-73
1755868272.1479447,0,4,-66
1755868272.1849446,-5,-2,-69
1755868272.223945,-6,-2,-73
1755868272.2609446,-10,0,-66
1755868272.2979443,-12,-2,-74
1755868272.335945,0,-3,-71
1755868272.3749447,3,-5,-74
1755868272.4109447,1,-4,-82
1755868272.4479446,0,-6,-73
1755868272.4859445,-2,6,-71
1755868272.5249443,-6,-2,-81
1755868272.5609446,-3,-2,-85
1755868272.5999446,0,-1,-82
1755868272.6369443,-4,-9,-82
1755868272.6749446,-2,-4,-75
1755868272.713945,5,0,-81
1755868272.7499447,-6,-1,-81
1755868272.7879446,0,-4,-72
1755868272.825945,5,3,-67
1755868272.8639443,1,-4,-79
1755868272.8999443,3,2,-79
1755868272.9369447,0,-4,-80
1755868272.9749446,2,-2,-84
1755868273.0139446,1,-2,-82
1755868273.0499446,-4,1,-93
1755868273.0869446,3,-4,-92
1755868273.1249447,0,-4,-77
1755868273.1639447,-3,-2,-72
1755868273.1999447,-3,-5,-69
1755868273.2379446,-3,1,-60
1755868273.2759447,-7,2,-75
1755868273.3149445,-7,-2,-80
1755868273.3509445,-5,0,-72
1755868273.3879447,-1,0,-69
1755868273.4259446,4,-2,-66
1755868273.4649446,-2,4,-71
1755868273.5009446,-2,3,-74
1755868273.5379446,6,4,-76
1755868273.575945,3,3,-81
1755868273.6139443,-3,3,-63
1755868273.6499443,4,-4,-71
1755868273.6869447,-7,-3,-81
1755868273.7259445,3,-5,-73
1755868273.7639446,0,1,-67
1755868273.7999446,0,0,-60
1755868273.8369446,0,4,-74
1755868273.8749447,-4,4,-67
1755868273.9109447,-3,3,-72
1755868273.9489446,1,4,-82
1755868273.9859445,0,8,-85
1755868274.0249443,-5,0,-67
1755868274.0619447,4,-9,-70
1755868274.098945,1,-3,-82
1755868274.1369443,-5,-1,-73
1755868274.1759446,6,0,-64
1755868274.213945,2,0,-71
1755868274.2499447,2,3,-70
1755868274.2869446,4,3,-72
1755868274.3249447,4,1,-81
1755868274.3609445,-1,-5,-72
1755868274.3989446,-1,0,-73
1755868274.4369447,0,2,-65
1755868274.4749446,3,3,-62
1755868274.5109446,0,4,-61
1755868274.5489447,0,-1,-75
1755868274.5869446,-1,5,-63
1755868274.6259446,-4,4,-70
1755868274.6619446,0,1,-75
1755868274.6989446,1,0,-88
1755868274.7359445,2,0,-80
1755868274.7719443,-2,-4,-79
1755868274.8099446,-9,-11,-80
1755868274.8479445,3,-8,-68
1755868274.8859446,3,1,-76
1755868274.9249446,3,2,-80
1755868274.960945,4,5,-73
1755868274.9989443,3,1,-75
1755868275.0369446,-9,4,-82
1755868275.0749447,-2,-1,-78
1755868275.1109445,0,-3,-72
1755868275.1479447,0,-1,-74
1755868275.1869447,1,1,-69
1755868275.2249446,4,-11,-70
1755868275.2609446,2,-5,-73
1755868275.2979443,-4,-4,-70
1755868275.3369446,1,-4,-68
1755868275.3749447,2,1,-70
1755868275.4109447,-1,-2,-76
1755868275.4489446,-2,7,-75
1755868275.4879446,0,9,-72
1755868275.5259447,-3,3,-70
1755868275.5619447,0,5,-76
1755868275.598945,0,2,-72
1755868275.6369443,-5,-1,-71
1755868275.6749446,-3,-3,-77
1755868275.710945,-2,-6,-81
1755868275.7489443,-3,2,-73
1755868275.7869446,-7,1,-77
1755868275.825945,0,2,-58
1755868275.861945,2,-5,-64
1755868275.9009447,-2,-3,-75
1755868275.937945,-11,-6,-75
1755868275.9769447,-2,-3,-75
1755868276.0129447,1,0,-82
1755868276.0499446,0,-1,-77
1755868276.0879445,-4,11,-71
1755868276.1269443,9,1,-61
1755868276.1629446,8,0,-72
1755868276.200945,-4,-3,-81
1755868276.2379446,-2,-3,-79
1755868276.2769446,1,-4,-75
1755868276.312945,9,5,-79
1755868276.3499446,6,1,-73
1755868276.3879447,4,-3,-80
1755868276.4269447,-8,1,-67
1755868276.4629445,-9,0,-66
1755868276.5009446,4,-2,-74
1755868276.5389447,5,-3,-76
1755868276.5769446,9,-2,-71
1755868276.6159446,-2,-3,-77
1755868276.6519446,0,-4,-76
1755868276.6889446,0,-4,-72
1755868276.7269447,0,-3,-72
1755868276.7659447,0,-4,-80
1755868276.8019447,0,2,-77
1755868276.838945,-2,1,-74
1755868276.8779447,1,0,-70
1755868276.9219446,0,0,-69
1755868276.9599447,-4,2,-70
1755868276.9979446,2,1,-71
1755868277.0359447,-4,4,-78
1755868277.0719447,-4,-5,-74
1755868277.1109445,-7,-1,-69
1755868277.1489446,-2,7,-70
1755868277.187945,-5,0,-73
1755868277.2259445,0,-7,-65
1755868277.2619443,-1,-1,-78
1755868277.2999446,6,-1,-73
1755868277.3379445,-6,-4,-77
1755868277.3769443,-2,-1,-98
1755868277.4129446,1,-7,-86
1755868277.4519446,2,-4,-83
1755868277.4889443,-2,1,-71
1755868277.5279446,-1,-3,-84
1755868277.565945,0,-2,-75
1755868277.6019447,-6,0,-81
1755868277.6389446,-7,-3,-74
1755868277.677945,-2,3,-70
1755868277.7159443,0,4,-79
1755868277.7519443,0,0,-75
1755868277.7889447,-2,0,-65
1755868277.8279445,9,-2,-73
1755868277.8639443,-1,-3,-73
1755868277.9019446,-3,-6,-70
1755868277.9399445,-6,0,-76
1755868277.9779446,4,0,-66
1755868278.0169446,7,-4,-72
1755868278.052945,0,-5,-83
1755868278.0899446,0,-3,-76
1755868278.1279447,1,0,-73
1755868278.1669445,4,-4,-72
1755868278.2029445,1,-1,-66
1755868278.2399447,2,-2,-73
1755868278.2779446,3,0,-72
1755868278.3169446,1,-3,-86
1755868278.3529446,-2,-5,-78
1755868278.3909447,-7,-5,-68
1755868278.4289446,5,-4,-57
1755868278.4679446,6,-1,-65
1755868278.5039446,-2,-3,-70
1755868278.5419445,-7,-2,-65
1755868278.5799446,-2,2,-63
1755868278.6189446,-3,-5,-68
1755868278.6569445,-1,-3,-65
1755868278.6929443,-2,-5,-77
1755868278.7319446,0,0,-70
1755868278.7689445,1,4,-69
1755868278.8069446,-4,1,-72
1755868278.8429446,-7,-8,-72
1755868278.881945,-1,-10,-56
1755868278.9189446,7,-7,-59
1755868278.9579446,4,-1,-63
1755868278.9949446,0,5,-69
1755868279.0319445,-2,3,-68
1755868279.0699446,-1,3,-66
1755868279.108945,3,5,-71
1755868279.1469443,3,-4,-72
1755868279.1829443,2,0,-68
1755868279.2199447,0,1,-76
1755868279.2579446,-1,-2,-89
1755868279.2939446,0,5,-76
1755868279.3319447,1,2,-63
1755868279.3699446,0,-1,-78
1755868279.407945,-8,-4,-76
1755868279.4439447,-1,-6,-75
1755868279.4819446,2,0,-69
1755868279.5189445,1,1,-74
1755868279.5579443,-2,-7,-64
1755868279.5939443,2,-1,-61
1755868279.631945,-2,4,-70
1755868279.6699443,5,2,-72
1755868279.7089446,4,0,-71
1755868279.7449446,2,-2,-73
1755868279.7819445,-3,-6,-73
1755868279.8199446,-5,0,-72
1755868279.858945,0,0,-74
1755868279.894945,-1,4,-80
1755868279.9319446,4,-2,-79
1755868279.9699447,-10,1,-76
1755868280.0089445,-6,0,-72
1755868280.0449443,-5,0,-74
1755868280.0819447,0,-4,-75
1755868280.1199446,0,-6,-81
1755868280.1589446,-3,-2,-71
1755868280.1949446,1,-3,-70
1755868280.2319446,-1,-2,-71
1755868280.269945,-3,-4,-84
1755868280.3089447,11,0,-72
1755868280.3449447,5,1,-69
1755868280.381945,-7,4,-69
1755868280.4199443,0,2,-68
1755868280.4579446,-2,-5,-65
1755868280.4939446,-4,-5,-74
1755868280.5319445,-2,3,-65
1755868280.5699446,0,0,-80
1755868280.6079447,-2,5,-82
1755868280.6439445,-7,-5,-74
1755868280.6819446,-3,-5,-78
1755868280.7199447,-2,-5,-74
1755868280.7589445,-1,-1,-74
1755868280.7949443,4,-1,-73
1755868280.8329446,4,-7,-77
1755868280.8709445,7,-6,-81
1755868280.9099443,0,0,-77
1755868280.9479446,-4,0,-70
1755868280.983945,-4,3,-71
1755868281.0219443,-2,0,-67
1755868281.0599446,-2,6,-74
1755868281.098945,6,2,-69
1755868281.134945,-3,5,-78
1755868281.1729443,-4,-2,-75
1755868281.210945,-3,-3,-69
1755868281.2499447,-3,-3,-79
1755868281.2879446,-2,-1,-67
1755868281.3239446,-7,0,-65
1755868281.3609445,-2,2,-75
1755868281.3999443,-1,-1,-75
1755868281.4359446,0,-3,-73
1755868281.473945,0,-4,-68
1755868281.5129447,0,-1,-72
1755868281.5499446,0,3,-77
1755868281.585945,0,4,-75
1755868281.6229446,4,5,-75
1755868281.6609447,5,-2,-80
1755868281.6999447,-2,-1,-81
1755868281.7359445,-8,0,-86
1755868281.7729447,-9,4,-78
1755868281.8109446,-5,4,-82
1755868281.8499446,2,-6,-78
1755868281.8859446,-4,-2,-81
1755868281.9239447,-6,-5,-70
1755868281.9629445,0,3,-73
1755868281.9999447,-12,0,-69
1755868282.0389447,-10,3,-69
1755868282.0749447,-2,1,-74
1755868282.1129446,-3,5,-74
1755868282.1499443,-2,2,-71
1755868282.1889446,1,-2,-77
1755868282.2249446,-3,-7,-73
1755868282.2629447,-1,0,-70
1755868282.3009446,3,2,-70
1755868282.338945,5,-6,-74
1755868282.3749447,5,-3,-69
1755868282.4129446,1,6,-68
1755868282.450945,4,2,-77
1755868282.4889443,-2,1,-81
1755868282.5249443,0,-4,-81
1755868282.5619447,-5,7,-83
1755868282.6009445,-5,-4,-69
1755868282.6389446,0,0,-73
1755868282.6749446,0,-6,-67
1755868282.7119446,5,-5,-73
1755868282.7509446,0,-3,-75
1755868282.7889447,0,1,-71
1755868282.8249447,4,2,-75
1755868282.861945,4,1,-68
1755868282.8999443,5,-2,-70
1755868282.9359446,2,-1,-70
1755868282.9729445,3,4,-58
1755868283.0109446,0,6,-63
1755868283.0489447,0,2,-73
1755868283.0849447,-1,-1,-70
1755868283.1229446,-3,-3,-71
1755868283.1609447,5,1,-75
1755868283.1999447,-2,0,-71
1755868283.2359445,-2,2,-74
1755868283.2729447,-1,-2,-68
1755868283.3109446,7,-1,-75
1755868283.3499446,3,0,-84
1755868283.3859446,1,-2,-74
1755868283.4229443,3,-8,-70
1755868283.460945,4,-7,-72
1755868283.4999447,0,-9,-79
1755868283.5359447,-1,-1,-70
1755868283.5749447,0,-6,-64
1755868283.611945,-5,2,-80
1755868283.6509447,-10,-5,-68
1755868283.6869447,-8,-1,-79
1755868283.7249446,0,2,-73
1755868283.7619443,-5,0,-78
1755868283.8009446,-1,5,-59
1755868283.8369446,-4,6,-74
1755868283.8749447,0,0,-70
1755868283.9139447,0,-4,-69
1755868283.950945,0,-6,-77
1755868283.9899447,0,2,-85
1755868284.0259447,-1,3,-76
1755868284.062945,4,0,-73
1755868284.1019447,0,0,-71
1755868284.1399446,3,-1,-62
1755868284.1759446,-6,1,-63
1755868284.213945,-2,0,-70
1755868284.2519443,-2,-5,-74
1755868284.2899446,-6,-2,-72
1755868284.325945,-2,2,-70
1755868284.3639443,-12,9,-90
1755868284.4019446,-2,6,-77
1755868284.4399445,-6,0,-63
1755868284.4759445,-7,0,-69
1755868284.5139446,-8,0,-69
1755868284.5519447,-4,-4,-68
1755868284.5899446,1,-2,-64
1755868284.6259446,-2,2,-72
1755868284.6629446,0,-1,-81
1755868284.7019446,-5,2,-83
1755868284.7399447,0,3,-77
1755868284.7759447,3,3,-84
1755868284.812945,1,0,-76
1755868284.8509445,5,0,-76
1755868284.8869443,7,-7,-71
1755868284.9249446,-3,1,-64
1755868284.9629445,4,0,-79
1755868285.0009446,-5,-5,-85
1755868285.0369446,-5,0,-79
1755868285.0739446,-3,0,-67
1755868285.111945,-12,-1,-76
1755868285.1509447,-11,2,-73
1755868285.1869447,-8,-3,-74
1755868285.2249446,3,3,-70
1755868285.2629447,1,0,-82
1755868285.3009446,3,3,-73
1755868285.3369446,2,1,-76
1755868285.3739443,7,-2,-78
1755868285.4119446,1,-3,-62
1755868285.450945,-9,0,-68
1755868285.486945,1,-4,-71
1755868285.5259447,5,-3,-71
1755868285.562945,5,1,-72
1755868285.6009445,2,3,-74
1755868285.6379447,-2,4,-64
1755868285.6759446,5,-1,-62
1755868285.7129445,2,0,-70
1755868285.7509446,1,0,-73
1755868285.7869446,1,-4,-74
1755868285.825945,0,-3,-82
1755868285.8629446,0,0,-73
1755868285.9009447,-5,-7,-74
1755868285.9369447,-6,-6,-76
1755868285.9749446,-2,-6,-76
1755868286.0129447,0,-1,-69
1755868286.0519447,5,-2,-74
1755868286.0879445,0,-3,-74
1755868286.1259446,2,2,-64
1755868286.1629446,-2,2,-65
1755868286.2019446,0,-1,-65
1755868286.2379446,3,-3,-63
1755868286.2749443,0,2,-67
1755868286.312945,0,2,-62
1755868286.3509445,4,-2,-63
1755868286.3869443,2,2,-57
1755868286.4259446,2,1,-65
1755868286.4629445,-10,0,-72
1755868286.5019443,-4,0,-73
1755868286.5379446,-3,4,-73
1755868286.5749447,0,0,-78
1755868286.6129446,-6,-3,-83
1755868286.6509447,0,0,-73
1755868286.6869447,8,-1,-62
1755868286.7249446,7,0,-65
1755868286.7629447,4,0,-76
1755868286.7989447,3,-6,-68
1755868286.835945,3,0,-65
1755868286.8729446,-3,1,-71
1755868286.9119446,-2,-3,-68
1755868286.9559443,3,-5,-73
1755868286.9939446,2,0,-72
1755868287.0319445,0,0,-63
1755868287.0679443,2,4,-73
1755868287.1049447,-5,3,-68
1755868287.1429446,-2,0,-64
1755868287.1819446,2,5,-64
1755868287.2179446,-3,0,-74
1755868287.2549446,2,-4,-77
1755868287.292945,1,1,-81
1755868287.3289447,0,-3,-87
1755868287.3659446,0,0,-74
1755868287.4029446,0,-6,-79
1755868287.4419446,-7,-3,-71
1755868287.4779446,-4,-1,-73
1755868287.5159447,-1,-4,-81
1755868287.5539446,-2,-9,-76
1755868287.5929446,1,-4,-79
1755868287.6289446,-4,-6,-68
1755868287.6669445,-5,-5,-72
1755868287.7049446,-2,2,-70
1755868287.7439446,5,4,-61
1755868287.7819445,-3,1,-84
1755868287.8179443,6,3,-83
1755868287.8549447,-5,1,-59
1755868287.8939445,0,-2,-66
1755868287.9319446,-1,0,-76
1755868287.9679446,0,-6,-64
1755868288.0049446,-2,-4,-75
1755868288.0439446,1,2,-89
1755868288.0819447,-3,4,-91
1755868288.1179447,-1,3,-81
1755868288.154945,0,1,-74
1755868288.1929443,4,0,-81
1755868288.2289443,-1,-1,-75
1755868288.2669446,4,0,-77
1755868288.3049445,3,0,-59
1755868288.3429446,5,2,-70
1755868288.3789446,7,-1,-69
1755868288.4159446,-1,0,-68
1755868288.4539447,-2,0,-80
1755868288.4929447,-4,-1,-70
1755868288.5289447,-2,-1,-73
1755868288.5669446,3,-5,-79
1755868288.6049447,1,-1,-76
1755868288.6439445,0,-1,-68
1755868288.6799445,6,-1,-71
1755868288.7179446,9,1,-63
1755868288.7549446,5,0,-53
1755868288.792945,4,-5,-63
1755868288.8289447,1,0,-66
1755868288.8659446,4,0,-75
1755868288.9039447,0,0,-81
1755868288.9399445,-7,-5,-83
1755868288.9779446,-3,0,-76
1755868289.0159447,-1,-6,-65
1755868289.0539446,-2,-3,-70
1755868289.0929446,8,3,-76
1755868289.1289446,13,1,-70
1755868289.1659446,2,2,-60
1755868289.2039447,-8,1,-74
1755868289.2399447,3,6,-74
1755868289.2769446,-2,1,-68
1755868289.3149445,2,-6,-79
1755868289.3539443,6,0,-69
1755868289.3899446,-2,0,-80
1755868289.427945,0,-3,-67
1755868289.4659443,0,2,-69
1755868289.5039446,-6,-1,-83
1755868289.5399446,0,3,-74
1755868289.5769446,-2,7,-81
1755868289.6159446,-3,0,-91
1755868289.6539447,4,5,-79
1755868289.6899445,-4,1,-72
1755868289.7279446,-6,-4,-77
1755868289.7659447,-5,0,-75
1755868289.8049445,-2,-1,-82
1755868289.8429446,-5,3,-74
1755868289.8789446,2,0,-76
1755868289.9159446,-2,-2,-70
1755868289.9549446,-10,0,-62
1755868289.9929447,-3,8,-67
1755868290.0289447,0,0,-74
1755868290.065945,-2,2,-82
1755868290.1049447,-4,3,-79
1755868290.1429446,0,-4,-73
1755868290.1789446,0,-6,-72
1755868290.2159443,-8,-6,-70
1755868290.2549446,7,0,-73
1755868290.292945,2,5,-73
1755868290.3289447,9,0,-76
1755868290.3659446,5,-8,-74
1755868290.404945,-4,0,-69
1755868290.440945,0,-3,-65
1755868290.4779446,-5,-2,-57
1755868290.5159447,-7,2,-66
1755868290.5549445,-11,4,-60
1755868290.5909443,-8,1,-68
1755868290.6279447,-1,-2,-73
1755868290.6659446,-2,-3,-72
1755868290.7049446,3,1,-71
1755868290.7409446,1,0,-75
1755868290.7779446,2,-4,-73
1755868290.815945,-3,0,-66
1755868290.8549447,-3,3,-66
1755868290.8909447,0,1,-72
1755868290.927945,5,-2,-67
1755868290.9659443,5,-4,-74
1755868291.0049446,1,-3,-67
1755868291.0409446,1,-3,-61
1755868291.0779445,6,0,-62
1755868291.1149447,2,3,-59
1755868291.1509447,3,-1,-71
1755868291.187945,2,8,-77
1755868291.2259445,0,4,-82
1755868291.2649446,-7,3,-73
1755868291.3009446,-9,-5,-75
1755868291.338945,0,2,-76
1755868291.3779447,2,-1,-83
1755868291.4159446,-1,2,-80
1755868291.4539447,3,3,-79
1755868291.4899447,-4,-2,-79
1755868291.5279446,4,5,-76
1755868291.565945,2,-3,-78
1755868291.6039443,1,3,-72
1755868291.6399446,0,0,-70
1755868291.677945,-2,1,-74
1755868291.7169447,-1,-3,-85
1755868291.7549446,0,-1,-70
1755868291.7909446,-8,0,-72
1755868291.8279445,0,0,-76
1755868291.8659446,0,-1,-86
1755868291.9039447,-3,-1,-73
1755868291.9399445,0,-2,-75
1755868291.9779446,3,-1,-79
1755868292.0159447,-5,0,-69
1755868292.0539446,-1,-7,-74
1755868292.0909443,10,-3,-86
1755868292.1279447,7,1,-74
1755868292.1659446,3,0,-71
1755868292.2039447,-1,-2,-69
1755868292.2399447,3,-2,-70
1755868292.2769446,2,-4,-77
1755868292.315945,-5,-2,-67
1755868292.3519447,-3,-1,-72
1755868292.3899446,1,0,-70
1755868292.427945,3,1,-79
1755868292.4659443,-3,-3,-71
1755868292.5019443,4,0,-67
1755868292.5399446,10,0,-78
1755868292.5769446,3,-2,-59
1755868292.6159446,2,-1,-67
1755868292.6519446,5,2,-63
1755868292.6889446,-2,0,-58
1755868292.7269447,-2,-4,-69
1755868292.7659447,1,-1,-69
1755868292.8019447,3,0,-70
1755868292.8399446,6,1,-71
1755868292.8769443,1,0,-84
1755868292.9159446,2,2,-79
1755868292.9519446,0,5,-70
1755868292.9889443,-2,1,-69
1755868293.0269446,1,-1,-59
1755868293.065945,4,6,-66
1755868293.1019447,-8,-2,-64
1755868293.1399446,0,3,-75
1755868293.1769447,5,-3,-70
1755868293.2159443,7,-2,-76
1755868293.2519443,4,2,-75
1755868293.2889447,0,4,-71
1755868293.3269446,-7,3,-78
1755868293.3659446,-8,3,-74
1755868293.4019446,-5,2,-86
1755868293.4389446,0,-1,-72
1755868293.4769447,0,-2,-69
1755868293.5159447,-8,0,-65
1755868293.5519447,-4,2,-70
1755868293.588945,-5,1,-69
1755868293.6269443,0,-1,-76
1755868293.6659446,3,0,-75
1755868293.7019446,3,5,-77
1755868293.7389443,-6,3,-74
1755868293.7769446,3,0,-75
1755868293.8149445,-4,1,-75
1755868293.8509445,-3,1,-73
1755868293.8889446,0,-1,-73
1755868293.9269447,-5,1,-72
1755868293.9659443,-1,-1,-68
1755868294.0019443,6,0,-77
1755868294.0389447,-2,-1,-67
1755868294.0769446,0,-5,-63
1755868294.1159446,0,-3,-72
1755868294.1519446,-2,1,-73
1755868294.1889446,-6,-4,-69
1755868294.2269447,0,0,-67
1755868294.2629447,-6,0,-63
1755868294.3009446,6,0,-73
1755868294.3379445,0,-3,-62
1755868294.3769443,1,1,-70
1755868294.4129446,0,-1,-75
1755868294.450945,5,-1,-72
1755868294.4879446,1,-2,-73
1755868294.5269446,-2,0,-59
1755868294.562945,-3,-3,-75
1755868294.6009445,-8,-3,-67
1755868294.6389446,2,-3,-65
1755868294.6769447,0,7,-62
1755868294.7129445,0,0,-65
1755868294.7499447,9,-6,-67
1755868294.7879446,11,2,-63
1755868294.825945,12,0,-74
1755868294.861945,1,-2,-85
1755868294.8989446,-3,7,-67
1755868294.937945,-1,0,-74
1755868294.9759445,-3,-2,-76
1755868295.0119443,-5,-2,-70
1755868295.0499446,0,0,-67
1755868295.0879445,-4,2,-76
1755868295.1259446,5,-2,-73
1755868295.1619446,-3,0,-86
1755868295.1989446,0,4,-75
1755868295.2379446,0,2,-77
1755868295.2759447,8,-6,-74
1755868295.3119447,0,3,-81
1755868295.348945,4,4,-73
1755868295.3879447,0,4,-79
1755868295.4259446,-6,1,-82
1755868295.4619446,2,0,-80
1755868295.4989443,2,-1,-73
1755868295.5379446,0,-5,-74
1755868295.575945,-1,-6,-68
1755868295.611945,0,2,-72
1755868295.6489446,0,0,-83
1755868295.687945,4,4,-64
1755868295.7259445,-3,3,-67
1755868295.7619443,4,9,-73
1755868295.7989447,9,0,-70
1755868295.8379445,7,-1,-76
1755868295.8749447,6,-3,-73
1755868295.9129446,-2,-6,-74
1755868295.9499447,1,-4,-76
1755868295.9889443,2,-8,-78
1755868296.0269446,3,-2,-74
1755868296.062945,2,-4,-66
1755868296.0999446,7,0,-75
1755868296.1379447,7,-1,-72
1755868296.1739447,2,0,-78
1755868296.210945,3,-1,-73
1755868296.2489443,-2,-1,-75
1755868296.2879446,-5,-8,-74
1755868296.3239446,-7,-5,-61
1755868296.3629446,-1,0,-62
1755868296.4019446,0,3,-75
1755868296.4389446,0,3,-67
1755868296.4769447,-5,1,-67
1755868296.5129447,0,-2,-70
1755868296.5519447,8,-4,-70
1755868296.588945,-2,-1,-66
1755868296.6279447,-6,-7,-62
1755868296.6639447,1,0,-68
1755868296.7019446,3,-2,-73
1755868296.7389443,0,1,-65
1755868296.7769446,-6,2,-68
1755868296.812945,0,0,-73
1755868296.8499446,8,6,-66
1755868296.8889446,4,1,-61
1755868296.9269447,-2,0,-70
1755868296.9719446,0,4,-73
1755868297.009945,-5,6,-74
1755868297.0479443,0,3,-73
1755868297.0839446,3,0,-79
1755868297.121945,-1,-7,-83
1755868297.1599443,9,4,-75
1755868297.1979446,-1,-4,-75
1755868297.233945,-8,-6,-82
1755868297.2719443,0,1,-81
1755868297.3089447,1,1,-80
1755868297.3479445,-1,-9,-77
1755868297.3839445,-2,-5,-70
1755868297.4219446,0,-4,-77
1755868297.4599447,6,-1,-78
1755868297.4989443,5,-1,-76
1755868297.5369446,0,0,-82
1755868297.5729446,0,-3,-80
1755868297.6099446,1,-3,-77
1755868297.6489446,-2,1,-74
1755868297.6849446,1,-2,-70
1755868297.7219446,-2,1,-82
1755868297.759945,-5,4,-69
1755868297.7989447,5,-1,-78
1755868297.8349447,-2,-6,-67
1755868297.8729446,-1,3,-78
1755868297.9109447,-6,0,-69
1755868297.9489446,0,6,-77
1755868297.9849446,0,3,-76
1755868298.0219443,0,3,-65
1755868298.0599446,0,3,-61
1755868298.0979445,5,-1,-65
1755868298.1339445,2,-2,-67
1755868298.1709447,1,-7,-67
1755868298.2099447,3,-1,-75
1755868298.2479446,-2,0,-74
1755868298.2839446,-3,-1,-62
1755868298.3219447,0,1,-69
1755868298.3599446,1,-5,-67
1755868298.3989446,2,-3,-69
1755868298.4349446,5,-2,-67
1755868298.4729445,9,-2,-76
1755868298.5109446,3,-9,-72
1755868298.5499446,-6,-1,-69
1755868298.5879445,-8,-6,-75
1755868298.6239443,1,-1,-74
1755868298.6619446,1,0,-72
1755868298.6999447,1,3,-89
1755868298.7379446,-5,0,-85
1755868298.7739446,0,-2,-77
1755868298.8119447,-9,-1,-71
1755868298.8509445,1,0,-77
1755868298.8889446,0,0,-75
1755868298.9249446,-1,-1,-66
1755868298.963945,0,-4,-65
1755868299.0009446,4,2,-64
1755868299.0389447,4,-2,-78
1755868299.0749447,2,5,-78
1755868299.1139443,-4,2,-79
1755868299.1509447,5,-4,-74
1755868299.1899445,9,-1,-78
1755868299.2279446,4,4,-87
1755868299.2639446,0,6,-65
1755868299.3009446,-2,-1,-69
1755868299.3399446,-5,2,-59
1755868299.3779447,7,-2,-71
1755868299.4139447,-3,-3,-65
1755868299.4519446,-1,-1,-69
1755868299.4899447,-4,5,-63
1755868299.5289447,-2,4,-76
1755868299.5649445,-7,2,-72
1755868299.6019447,3,0,-60
1755868299.6399446,-1,2,-70
1755868299.6789446,-3,-3,-70
1755868299.7149446,-2,2,-69
1755868299.7519443,3,-2,-76
1755868299.7899446,5,0,-79
1755868299.8269446,6,-1,-70
1755868299.8639443,6,0,-61
1755868299.9009447,2,-5,-79
1755868299.9399445,0,-5,-77
1755868299.9769447,-3,0,-74
1755868300.0139446,-1,-3,-71
1755868300.0519447,-3,-2,-73
1755868300.0899446,-2,5,-78
1755868300.1289446,7,0,-71
1755868300.1649446,10,0,-68
1755868300.2019446,9,0,-72
1755868300.2409446,6,0,-70
1755868300.2789447,4,-7,-68
1755868300.3149445,0,-3,-69
1755868300.3519447,-3,-1,-73
1755868300.3909447,-2,-4,-71
1755868300.4289446,-1,3,-77
1755868300.4649446,0,2,-76
1755868300.5019443,0,-1,-71
1755868300.5409446,-3,-4,-68
1755868300.5789447,-4,0,-72
1755868300.6149447,5,-1,-61
1755868300.6519446,6,-1,-56
1755868300.690945,0,-2,-69
1755868300.7289443,-2,-2,-65
1755868300.7649446,-4,1,-73
1755868300.8019447,3,0,-71
1755868300.8399446,0,0,-77
1755868300.8769443,3,1,-70
1755868300.9139447,-1,2,-74
1755868300.9519446,1,4,-76
1755868300.9899447,-1,1,-77
1755868301.0269446,3,-1,-75
1755868301.0639446,-6,-5,-68
1755868301.1019447,-2,3,-70
1755868301.1409447,-4,0,-81
1755868301.1769447,-1,-4,-76
1755868301.2149446,1,-5,-86
1755868301.2529447,5,0,-75
1755868301.2909446,11,1,-76
1755868301.3269446,2,-1,-66
1755868301.3639443,0,0,-73
1755868301.4009447,4,-1,-73
1755868301.4399445,-3,0,-72
1755868301.4759445,-4,-5,-77
1755868301.5139446,-2,-5,-77
1755868301.5519447,1,-5,-58
1755868301.5909443,2,3,-55
1755868301.6269443,-3,4,-61
1755868301.6639447,-3,0,-72
1755868301.7019446,1,0,-77
1755868301.7409446,-5,0,-72
1755868301.7769446,1,-5,-72
1755868301.8139446,9,-2,-72
1755868301.8519447,-5,-7,-76
1755868301.8909447,-1,0,-80
1755868301.9269447,-1,-1,-71
1755868301.9649446,1,-2,-69
1755868302.0029447,0,-2,-69
1755868302.0419445,-2,-2,-76
1755868302.0799446,-3,0,-81
1755868302.1159446,5,-2,-83
1755868302.1529446,5,4,-78
1755868302.190945,5,-5,-88
1755868302.2269447,5,-2,-78
1755868302.2639446,2,-6,-71
1755868302.3019447,0,-4,-76
1755868302.3409443,-4,2,-70
1755868302.3769443,0,5,-62
1755868302.4139447,6,-1,-66
1755868302.4519446,-2,3,-75
1755868302.4909446,-5,0,-83
1755868302.5269446,0,1,-74
1755868302.5639446,5,1,-74
1755868302.6019447,7,7,-77
1755868302.6399446,0,-4,-80
1755868302.6759446,-4,-2,-67
1755868302.713945,0,0,-65
1755868302.7519443,6,-4,-76
1755868302.7899446,3,2,-79
1755868302.8269446,0,4,-74
1755868302.8639443,-2,3,-84
1755868302.9019446,-1,1,-68
1755868302.940945,0,-10,-63
1755868302.9769447,0,-10,-64
1755868303.0139446,4,3,-59
1755868303.0519447,0,2,-68
1755868303.0879445,-2,3,-69
1755868303.1249447,2,2,-68
1755868303.1619446,5,-1,-78
1755868303.200945,-3,2,-78
1755868303.236945,-10,0,-88
1755868303.2739446,-6,-2,-75
1755868303.3119447,0,-3,-83
1755868303.3509445,0,4,-83
1755868303.3869443,-3,-3,-76
1755868303.4249446,-2,3,-55
1755868303.4629445,2,6,-58
1755868303.5009446,5,0,-74
1755868303.5369446,0,0,-65
1755868303.5739446,1,-3,-84
1755868303.611945,8,0,-73
1755868303.6479447,3,1,-81
1755868303.6859446,3,-3,-81
1755868303.7229445,-4,0,-67
1755868303.7619443,-1,-1,-64
1755868303.7979443,-4,-1,-66
1755868303.835945,-9,0,-75
1755868303.8739443,-2,1,-81
1755868303.9129446,3,-1,-85
1755868303.950945,-1,-5,-76
1755868303.986945,-3,0,-85
1755868304.0239446,2,-4,-68
1755868304.062945,-7,-4,-80
1755868304.1009445,-6,-1,-73
1755868304.1369443,-3,8,-81
1755868304.1739447,0,6,-74
1755868304.2129445,-3,-2,-77
1755868304.2509446,-10,-2,-71
1755868304.2869446,-4,-3,-78
1755868304.3249447,0,-4,-81
1755868304.3629446,5,-2,-66
1755868304.4019446,-1,5,-63
1755868304.437945,-3,2,-55
1755868304.4749446,-6,-4,-66
1755868304.5129447,3,1,-77
1755868304.5519447,0,-9,-73
1755868304.5879445,-4,-3,-77
1755868304.6269443,-1,-1,-79
1755868304.6639447,7,-3,-79
1755868304.7029445,0,-1,-79
1755868304.7389443,0,1,-71
1755868304.7769446,-1,-1,-71
1755868304.8139446,-1,0,-77
1755868304.8529446,2,0,-75
1755868304.8889446,5,-2,-82
1755868304.9259446,1,-2,-72
1755868304.963945,-2,-1,-65
1755868305.0029447,-3,-1,-74
1755868305.0389447,-4,0,-83
1755868305.075945,-6,3,-73
1755868305.1139443,-6,1,-67
1755868305.1529446,-1,2,-61
1755868305.1889446,-3,0,-70
1755868305.2269447,-3,2,-82
1755868305.2639446,3,6,-79
1755868305.3019447,5,5,-77
1755868305.3379445,2,5,-70
1755868305.3749447,-2,0,-80
1755868305.4129446,0,3,-76
1755868305.4489446,-1,-1,-72
1755868305.486945,4,10,-79
1755868305.5249443,0,8,-75
1755868305.562945,-2,2,-61
1755868305.598945,-4,-2,-66
1755868305.6369443,4,1,-69
1755868305.6739447,-1,-2,-60
1755868305.7129445,0,-2,-56
1755868305.7489443,-4,0,-58
1755868305.7859447,0,-2,-62
1755868305.8239446,-3,-3,-65
1755868305.8629446,-1,-5,-67
1755868305.8989446,-2,0,-66
1755868305.9359446,0,-2,-64
1755868305.973945,6,2,-73
1755868306.0129447,1,3,-78
1755868306.0489447,-5,4,-68
1755868306.085945,0,7,-82
1755868306.1239443,-3,-2,-69
1755868306.1629446,-4,-4,-67
1755868306.1989446,0,-2,-72
1755868306.2359445,-4,3,-67
1755868306.2739446,-5,1,-71
1755868306.312945,0,-1,-72
1755868306.348945,0,1,-77
1755868306.3859446,4,2,-80
1755868306.4239447,0,4,-71
1755868306.4619446,3,3,-80
1755868306.4979446,-1,1,-84
1755868306.5349443,2,2,-85
1755868306.5739446,3,1,-66
1755868306.6099446,5,-7,-70
1755868306.6469443,0,0,-73
1755868306.6849446,-3,-4,-73
1755868306.7229445,3,-2,-69
1755868306.7589445,3,-1,-70
1755868306.7969446,2,-7,-70
1755868306.8349447,2,-6,-67
1755868306.8739443,-4,2,-70
1755868306.9099443,-4,4,-68
1755868306.9469447,-3,-2,-76
1755868306.9929447,3,1,-68
1755868307.0289447,-1,0,-76
1755868307.0669446,-2,-1,-73
1755868307.1049447,-9,3,-66
1755868307.1439445,-2,-2,-83
1755868307.1799445,-4,-1,-86
1755868307.2179446,0,1,-64
1755868307.2559447,-5,0,-55
1755868307.2949443,-4,-5,-68
1755868307.3329446,-3,-1,-72
1755868307.3689446,2,-8,-62
1755868307.4059446,-1,-6,-58
1755868307.4449446,-8,2,-70
1755868307.4829447,1,-3,-78
1755868307.5189445,-5,-1,-81
1755868307.5569446,1,-4,-81
1755868307.5959446,-4,-2,-74
1755868307.6339445,-4,-5,-87
1755868307.6699443,-4,-5,-73
1755868307.7089446,0,-3,-64
1755868307.746945,1,-2,-69
1755868307.7849443,2,0,-74
1755868307.8229446,1,3,-72
1755868307.858945,-4,-2,-70
1755868307.8969443,-10,0,-67
1755868307.9349446,1,0,-81
1755868307.9729445,-3,-1,-85
1755868308.0089445,-1,3,-70
1755868308.0459447,-2,3,-70
1755868308.0849447,8,0,-79
1755868308.1229446,2,1,-75
1755868308.1589446,-2,2,-74
1755868308.1959443,0,0,-72
1755868308.233945,3,2,-69
1755868308.269945,1,-3,-73
1755868308.3079443,-3,0,-70
1755868308.3459446,2,-6,-75
1755868308.384945,0,-4,-68
1755868308.4209447,1,-4,-69
1755868308.4579446,-5,4,-74
1755868308.4959445,1,3,-70
1755868308.5339446,1,1,-74
1755868308.5699446,-4,0,-76
1755868308.6079447,3,2,-82
1755868308.6459446,-2,2,-67
1755868308.6849446,-6,0,-73
1755868308.7209446,-8,-5,-69
1755868308.759945,-9,-2,-77
1755868308.7969446,-1,-2,-81
1755868308.8349447,-1,-4,-66
1755868308.8739443,-2,-4,-76
1755868308.9099443,0,-1,-68
1755868308.9469447,-11,5,-74
1755868308.9849446,-3,1,-76
1755868309.0239446,6,1,-72
1755868309.0599446,6,1,-72
1755868309.0969446,6,4,-72
1755868309.1359446,2,6,-72
1755868309.1739447,-3,0,-78
1755868309.2099447,-3,-2,-81
1755868309.2479446,-1,0,-80
1755868309.2859447,-2,1,-78
1755868309.3249447,-3,0,-76
1755868309.3609445,0,5,-66
1755868309.3979447,1,-2,-68
1755868309.4359446,-1,-1,-74
1755868309.4749446,-5,1,-85
1755868309.5109446,-5,0,-65
1755868309.5489447,-3,-3,-70
1755868309.5879445,-2,-1,-71
1755868309.6259446,-4,-1,-82
1755868309.6639447,-1,0,-73
1755868309.6999447,0,-4,-75
1755868309.7379446,0,-2,-79
1755868309.7759447,0,-5,-78
1755868309.8149445,-6,-1,-71
1755868309.8509445,-9,0,-70
1755868309.8879447,-3,-3,-79
1755868309.9259446,-2,-6,-76
1755868309.9649446,-3,0,-77
1755868310.0009446,-5,6,-80
1755868310.0379446,1,-2,-75
1755868310.075945,-1,1,-68
1755868310.1149447,9,2,-77
1755868310.1509447,0,-4,-83
1755868310.1889446,-4,-3,-71
1755868310.2269447,0,1,-69
1755868310.2649446,1,-1,-77
1755868310.3009446,2,0,-79
1755868310.3379445,0,-3,-73
1755868310.3759446,-2,-9,-76
1755868310.4149446,-9,-2,-76
1755868310.450945,-8,1,-69
1755868310.4879446,3,6,-82
1755868310.5259447,2,-1,-77
1755868310.5649445,0,0,-81
1755868310.6009445,7,1,-75
1755868310.6379447,6,-8,-58
1755868310.6759446,0,3,-64
1755868310.7119446,10,7,-69
1755868310.7489443,2,1,-71
1755868310.7859447,-3,3,-71
1755868310.8249447,-4,0,-72
1755868310.8609445,0,0,-68
1755868310.8979447,2,1,-72
1755868310.9369447,-7,0,-70
1755868310.9749446,0,0,-83
1755868311.0109446,-2,-1,-73
1755868311.0489447,-1,2,-68
1755868311.0879445,0,0,-69
1755868311.1259446,8,-7,-71
1755868311.1619446,2,3,-73
1755868311.1989446,-5,-4,-70
1755868311.2379446,2,-4,-75
1755868311.2759447,2,-1,-69
1755868311.3119447,6,-4,-62
1755868311.3509445,-2,0,-72
1755868311.3879447,-4,-4,-74
1755868311.4269447,-2,-5,-74
1755868311.4649446,-3,-2,-80
1755868311.5009446,0,-2,-75
1755868311.5379446,-2,2,-69
1755868311.5769446,-4,5,-59
1755868311.6149447,-4,-2,-65
1755868311.6509447,2,-4,-72
1755868311.687945,8,-4,-81
1755868311.7269447,3,1,-75
1755868311.7649446,0,0,-79
1755868311.8009446,4,2,-73
1755868311.8379445,5,2,-68
1755868311.8759446,-4,-3,-74
1755868311.9119446,-1,-3,-71
1755868311.950945,-5,-6,-73
1755868311.9879446,3,-5,-81
1755868312.0269446,0,1,-76
1755868312.062945,1,-1,-65
1755868312.1009445,0,-1,-76
1755868312.1379447,3,2,-73
1755868312.1769447,8,0,-75
1755868312.2129445,4,1,-64
1755868312.2499447,-1,-5,-63
1755868312.2879446,-2,-1,-64
1755868312.3269446,2,1,-74
1755868312.3629446,5,2,-71
1755868312.3999443,-1,2,-67
1755868312.437945,-1,0,-72
1755868312.4769447,5,2,-75
1755868312.5129447,7,-1,-70
1755868312.5499446,8,-2,-70
1755868312.5879445,5,-2,-76
1755868312.6269443,5,0,-70
1755868312.6629446,6,3,-70
1755868312.6999447,1,0,-75
1755868312.7379446,-1,2,-80
1755868312.7769446,-1,3,-77
1755868312.812945,6,0,-79
1755868312.8499446,5,-10,-62
1755868312.8879447,2,-4,-69
1755868312.9269447,5,-5,-71
1755868312.9629445,2,-4,-81
1755868312.9999447,3,-3,-76
1755868313.0379446,-3,-6,-70
1755868313.0769446,0,-7,-76
1755868313.1129446,1,-6,-74
1755868313.1499443,3,1,-71
1755868313.187945,4,0,-62
1755868313.2259445,6,0,-77
1755868313.2619443,5,0,-71
1755868313.2989447,1,3,-67
1755868313.3369446,2,-1,-72
1755868313.3729446,3,4,-79
1755868313.4099443,-3,-1,-71
1755868313.4479446,-2,-2,-84
1755868313.486945,-1,3,-82
1755868313.5229447,-6,4,-78
1755868313.5599446,-3,0,-83
1755868313.5979445,-11,-3,-69
1755868313.6369443,-6,-4,-76
1755868313.6729443,0,-8,-63
1755868313.7099447,-6,-7,-66
1755868313.7479446,-5,-5,-73
1755868313.7869446,-1,-2,-71
1755868313.8229446,-1,0,-65
1755868313.8599446,6,-5,-74
1755868313.8979447,4,-1,-74
1755868313.9369447,-6,6,-73
1755868313.9729445,-4,7,-73
1755868314.009945,5,4,-71
1755868314.0479443,9,1,-77
1755868314.0839446,7,2,-72
1755868314.1209445,5,4,-69
1755868314.157945,3,2,-77
1755868314.1939447,0,0,-78
1755868314.2309446,3,-4,-76
1755868314.2689445,-2,2,-70
1755868314.3079443,-6,11,-72
1755868314.3439443,-8,7,-70
1755868314.3809447,0,0,-69
1755868314.4189446,9,-5,-66
1755868314.4579446,-2,1,-75
1755868314.4939446,0,0,-66
1755868314.5309446,8,0,-65
1755868314.5689447,3,-8,-63
1755868314.6079447,6,-6,-65
1755868314.6439445,2,0,-61
1755868314.6809447,0,1,-71
1755868314.7189443,0,-2,-71
1755868314.7579446,1,-2,-74
1755868314.7939446,0,-3,-69
1755868314.8309443,-6,0,-67
1755868314.8689446,-3,3,-71
1755868314.907945,-2,2,-64
1755868314.9439447,3,0,-76
1755868314.9809446,0,-9,-64
1755868315.0189445,2,-7,-63
1755868315.0579443,3,-7,-56
1755868315.0939443,-1,-6,-56
1755868315.131945,0,-1,-64
1755868315.1709447,-1,0,-65
1755868315.2089446,-1,0,-77
1755868315.246945,1,-1,-70
1755868315.282945,-1,0,-61
1755868315.3209443,-8,-2,-73
1755868315.358945,-8,-2,-76
1755868315.3979447,4,-3,-75
1755868315.4339447,5,-5,-78
1755868315.4709446,6,-6,-82
1755868315.5089445,10,0,-83
1755868315.5479443,3,-6,-69
1755868315.5839446,-1,-7,-65
1755868315.621945,3,-2,-72
1755868315.6599443,-2,0,-65
1755868315.6989446,-5,-4,-65
1755868315.7349446,-1,-4,-69
1755868315.7729447,-2,3,-72
1755868315.8109446,-1,1,-70
1755868315.848945,0,-1,-63
1755868315.8879447,-4,1,-73
1755868315.9239447,-6,-6,-69
1755868315.9619446,2,-2,-56
1755868315.9999447,2,-2,-70
1755868316.0389447,-1,-4,-67
1755868316.0749447,9,0,-73
1755868316.111945,3,1,-83
1755868316.1489446,-2,4,-69
1755868316.187945,-3,-7,-66
1755868316.223945,-6,-7,-65
1755868316.2619443,-13,-3,-75
1755868316.2999446,-9,1,-67
1755868316.338945,-2,0,-77
1755868316.3749447,-2,-2,-73
1755868316.4129446,-5,-3,-62
1755868316.450945,0,0,-71
1755868316.4889443,-4,-1,-76
1755868316.5249443,-3,-2,-73
1755868316.562945,-9,0,-68
1755868316.6009445,-4,0,-67
1755868316.6399446,-6,1,-70
1755868316.677945,0,0,-70
1755868316.713945,1,0,-74
1755868316.7519443,0,0,-66
1755868316.7899446,-3,-1,-59
1755868316.8279445,-2,-7,-75
1755868316.8639443,-6,4,-85
1755868316.9019446,-1,1,-87
1755868316.940945,-4,2,-76
1755868316.9789443,6,2,-81
1755868317.0219443,5,0,-77
1755868317.0599446,3,2,-72
1755868317.098945,6,6,-63
1755868317.134945,4,2,-68
1755868317.1729443,4,-2,-78
1755868317.2119446,5,-4,-71
1755868317.2499447,4,-5,-73
1755868317.2879446,1,-4,-84
1755868317.3239446,7,6,-86
1755868317.3609445,1,2,-82
1755868317.3999443,2,-1,-73
1755868317.4359446,5,0,-77
1755868317.4729445,5,0,-84
1755868317.509945,1,3,-82
1755868317.5459447,-2,3,-76
1755868317.5839446,-7,0,-74
1755868317.621945,-6,-2,-76
1755868317.6599443,3,5,-79
1755868317.6959443,0,5,-68
1755868317.7329447,0,6,-74
1755868317.7709446,5,-2,-84
1755868317.8099446,0,0,-79
1755868317.8459446,6,-6,-73
1755868317.8829446,0,3,-70
1755868317.9209447,2,0,-71
1755868317.9589446,9,-3,-63
1755868317.9949446,4,1,-75
1755868318.0319445,0,-2,-71
1755868318.0699446,4,1,-75
1755868318.108945,-2,-3,-69
1755868318.144945,-1,4,-72
1755868318.1819446,2,3,-80
1755868318.2199447,-1,2,-78
1755868318.2559447,1,0,-71
1755868318.292945,1,3,-76
1755868318.3309443,0,-3,-64
1755868318.3689446,4,-5,-73
1755868318.404945,4,-3,-66
1755868318.4429443,0,-5,-75
1755868318.4809446,-5,0,-72
1755868318.519945,-4,3,-71
1755868318.5559447,-2,3,-75
1755868318.5939443,-4,-3,-74
1755868318.631945,-2,1,-65
1755868318.6709447,0,2,-77
1755868318.7089446,-4,0,-82
1755868318.7449446,0,1,-75
1755868318.7819445,1,-3,-71
1755868318.8209443,0,-4,-70
1755868318.858945,5,3,-56
1755868318.894945,0,0,-61
1755868318.9319446,3,0,-70
1755868318.9699447,3,2,-72
1755868319.0059447,3,-2,-73
1755868319.042945,-3,5,-72
1755868319.0809443,-7,0,-77
1755868319.1199446,-3,2,-62
1755868319.1569445,0,-4,-68
1755868319.1949446,-5,-5,-77
1755868319.2319446,-4,-5,-70
1755868319.2709446,0,-4,-64
1755868319.3069446,0,0,-61
1755868319.3449447,-1,1,-70
1755868319.3829446,0,-1,-69
1755868319.4209447,4,-2,-56
1755868319.4599447,2,4,-66
1755868319.4959445,5,0,-72
1755868319.5339446,3,-1,-71
1755868319.5709443,-1,-1,-73
1755868319.6099446,-4,4,-76
1755868319.6459446,0,1,-75
1755868319.6839447,0,-1,-83
1755868319.7209446,3,-2,-74
1755868319.759945,5,1,-67
1755868319.7959447,-4,2,-70
1755868319.8329446,4,1,-76
1755868319.871945,-2,3,-69
1755868319.9099443,-2,0,-66
1755868319.9459443,0,1,-59
1755868319.983945,-5,-2,-55
1755868320.0219443,0,-8,-66
1755868320.0599446,0,-3,-65
1755868320.0959446,6,-4,-59
1755868320.1339445,4,0,-69
1755868320.1719446,2,3,-76
1755868320.2099447,0,-1,-64
1755868320.2459445,2,6,-69
1755868320.2839446,-1,1,-62
1755868320.3219447,0,1,-77
1755868320.3599446,-4,1,-77
1755868320.3959446,1,2,-76
1755868320.4339447,0,-2,-79
1755868320.4719446,2,-5,-78
1755868320.509945,-2,-5,-61
1755868320.5459447,0,-4,-68
1755868320.5839446,1,0,-81
1755868320.621945,0,3,-75
1755868320.6599443,-5,-2,-74
1755868320.6959443,1,2,-75
1755868320.733945,4,-4,-74
1755868320.7719443,2,3,-68
1755868320.8099446,0,0,-63
1755868320.8459446,0,-1,-80
1755868320.8839445,-3,-3,-73
1755868320.9219446,1,0,-65
1755868320.9579446,3,-2,-69
1755868320.9949446,0,0,-69
1755868321.0319445,7,0,-66
1755868321.0679443,-5,-5,-59
1755868321.1059446,0,0,-52
1755868321.1439445,-3,-3,-68
1755868321.1819446,4,-1,-70
1755868321.2209446,0,-3,-74
1755868321.256945,0,-3,-77
1755868321.2949443,4,-9,-63
1755868321.3339446,0,-4,-65
1755868321.371945,0,-2,-79
1755868321.407945,6,0,-66
1755868321.4449446,-3,-12,-74
1755868321.4819446,-8,1,-75
1755868321.5209446,-7,3,-68
1755868321.5569446,-2,1,-70
1755868321.5939443,-2,0,-67
1755868321.631945,1,1,-72
1755868321.667945,-3,-5,-70
1755868321.7069447,-4,-1,-64
1755868321.7449446,2,0,-71
1755868321.782945,0,-2,-61
1755868321.8209443,-1,0,-77
1755868321.8569446,-2,3,-75
1755868321.894945,1,-5,-75
1755868321.9329443,3,2,-77
1755868321.9709446,-1,-2,-72
1755868322.006945,-1,-1,-74
1755868322.0449443,-4,1,-68
1755868322.0839446,0,-5,-67
1755868322.121945,1,-4,-70
1755868322.157945,6,-4,-73
1755868322.1949446,0,1,-80
1755868322.2329447,-3,1,-67
1755868322.2709446,0,-2,-76
1755868322.3069446,5,0,-80
1755868322.3439443,1,-4,-76
1755868322.3829446,0,1,-72
1755868322.4209447,0,-5,-77
1755868322.4569447,-2,-12,-75
1755868322.4949446,-1,-1,-73
1755868322.5339446,5,-2,-76
1755868322.5719447,4,3,-83
1755868322.6079447,8,-3,-75
1755868322.644945,-1,-9,-71
1755868322.6839447,-1,1,-71
1755868322.7219446,-4,3,-68
1755868322.7579446,-3,-1,-69
1755868322.7959447,-3,6,-68
1755868322.8339446,-6,2,-68
1755868322.8729446,-2,2,-64
1755868322.9089446,-2,0,-68
1755868322.9459443,0,-1,-67
1755868322.983945,5,0,-72
1755868323.0219443,3,6,-75
1755868323.0579443,7,0,-66
1755868323.0949447,7,3,-79
1755868323.1339445,4,-7,-74
1755868323.1719446,-4,-5,-65
1755868323.2079446,1,-5,-70
1755868323.2449446,-6,2,-67
1755868323.282945,-2,0,-70
1755868323.3219447,1,-5,-71
1755868323.3579447,-1,-2,-72
1755868323.3959446,0,-4,-85
1755868323.4339447,-3,3,-76
1755868323.4729445,0,5,-69
1755868323.5089445,-2,3,-79
1755868323.5459447,7,1,-76
1755868323.5839446,3,2,-77
1755868323.621945,2,-6,-80
1755868323.657945,0,-4,-71
1755868323.6949446,0,1,-76
1755868323.7329447,-2,-2,-73
1755868323.7689445,-5,12,-71
1755868323.8069446,-1,0,-63
1755868323.8449447,-8,0,-62
1755868323.8839445,4,-1,-72
1755868323.9219446,6,-2,-73
1755868323.9579446,7,0,-60
1755868323.9949446,-3,1,-67
1755868324.0339446,-2,0,-61
1755868324.0719447,4,0,-80
1755868324.1079447,-5,-4,-75
1755868324.1459446,-3,0,-74
1755868324.1839447,0,-4,-69
1755868324.2229445,5,-7,-69
1755868324.2589445,0,5,-63
1755868324.2959447,-4,-3,-63
1755868324.3339446,-1,-3,-66
1755868324.3729446,5,-8,-62
1755868324.4089446,0,-10,-67
1755868324.4459443,-3,-8,-61
1755868324.483945,-3,-5,-69
1755868324.5229447,2,-8,-73
1755868324.5589447,-2,0,-76
1755868324.5959446,-6,-2,-77
1755868324.6339445,1,0,-74
1755868324.6699443,2,3,-79
1755868324.7069447,0,4,-73
1755868324.7439446,6,0,-74
1755868324.779945,1,-4,-69
1755868324.8169446,-2,0,-81
1755868324.8549447,-4,-3,-71
1755868324.8939445,0,-9,-61
1755868324.9299445,5,-6,-72
1755868324.9669447,3,-2,-72
1755868325.0049446,0,2,-58
1755868325.0439446,-7,1,-61
1755868325.0799446,-2,1,-61
1755868325.1169446,-3,1,-67
1755868325.154945,6,2,-75
1755868325.1929443,4,-2,-73
1755868325.2289443,0,-4,-72
1755868325.2659447,-6,0,-67
1755868325.3049445,1,4,-64
1755868325.3429446,6,-3,-72
1755868325.3789446,1,-3,-80
1755868325.4159446,1,-5,-74
1755868325.4549446,8,-6,-82
1755868325.4929447,3,-4,-72
1755868325.5289447,0,-3,-64
1755868325.5669446,-5,-2,-62
1755868325.6049447,0,0,-73
1755868325.6429446,1,-7,-55
1755868325.6789446,-3,-8,-53
1755868325.7169447,-1,3,-67
1755868325.7549446,1,4,-68
1755868325.792945,0,6,-85
1755868325.8289447,5,0,-73
1755868325.8659446,0,0,-77
1755868325.9039447,0,0,-81
1755868325.9399445,0,-2,-83
1755868325.9769447,0,0,-66
1755868326.0149446,-1,-2,-69
1755868326.052945,-4,-4,-68
1755868326.088945,2,-10,-68
1755868326.1259446,7,2,-76
1755868326.1639447,1,-1,-79
1755868326.200945,3,0,-85
1755868326.2379446,0,0,-81
1755868326.2749443,1,0,-68
1755868326.3109446,-4,-5,-67
1755868326.348945,4,-5,-75
1755868326.3869443,1,-7,-76
1755868326.4249446,-7,-3,-80
1755868326.463945,-3,-3,-82
1755868326.4999447,0,0,-77
1755868326.5379446,-8,0,-80
1755868326.575945,3,2,-76
1755868326.6149447,2,1,-79
1755868326.6509447,-5,0,-70
1755868326.687945,-4,-2,-75
1755868326.7259445,3,-2,-76
1755868326.7649446,0,0,-64
1755868326.8009446,5,1,-63
1755868326.8379445,0,0,-67
1755868326.8749447,-1,0,-73
1755868326.9139447,-8,-1,-76
1755868326.9499447,-2,0,-78
1755868326.9879446,-3,2,-74
1755868327.0339446,-5,-4,-78
1755868327.0699446,-2,7,-80
1755868327.108945,0,-4,-74
1755868327.1459446,0,-1,-73
1755868327.1849446,-1,-7,-83
1755868327.2209446,1,-8,-78
1755868327.2579446,8,-7,-73
1755868327.2959447,6,3,-72
1755868327.3339446,0,3,-79
1755868327.3699446,5,5,-67
1755868327.4069445,6,3,-69
1755868327.4449446,1,4,-62
1755868327.4809446,9,1,-67
1755868327.5179446,1,-1,-74
1755868327.5559447,1,-14,-72
1755868327.5949447,0,0,-85
1755868327.6309447,2,5,-77
1755868327.667945,0,5,-74
1755868327.7059443,-6,-5,-77
1755868327.7439446,-2,-10,-75
1755868327.779945,-9,-3,-79
1755868327.8179443,0,0,-82
1755868327.8559446,-5,4,-76
1755868327.8939445,-2,3,-66
1755868327.9299445,0,0,-65
1755868327.9679446,7,3,-68
1755868328.0059447,1,-3,-58
1755868328.0439446,5,-1,-58
1755868328.0799446,1,3,-64
1755868328.1179447,7,1,-60
1755868328.1559446,3,4,-65
1755868328.1919446,0,4,-66
1755868328.2289443,3,4,-73
1755868328.2659447,-2,3,-75
1755868328.3049445,-3,4,-70
1755868328.3409443,-1,1,-72
1755868328.3779447,-3,0,-86
1755868328.4159446,-4,3,-71
1755868328.4549446,7,-3,-67
1755868328.4909446,5,-3,-66
1755868328.5289447,0,4,-74
1755868328.565945,-9,-1,-71
1755868328.6049447,-5,-4,-71
1755868328.6409447,-1,-2,-70
1755868328.6789446,0,0,-64
1755868328.7159443,0,-1,-83
1755868328.7549446,-2,1,-79
1755868328.7909446,-2,0,-72
1755868328.8279445,4,1,-63
1755868328.8659446,1,1,-79
1755868328.9019446,-2,1,-80
1755868328.9389446,6,-1,-75
1755868328.9769447,2,2,-71
1755868329.0149446,-2,-3,-76
1755868329.0509446,-2,-3,-80
1755868329.088945,4,-3,-77
1755868329.1269443,-1,-2,-81
1755868329.1659446,0,-3,-64
1755868329.2019446,0,1,-67
1755868329.2389443,4,2,-72
1755868329.2769446,7,-2,-70
1755868329.3149445,3,1,-73
1755868329.3509445,-7,2,-81
1755868329.3879447,-4,2,-68
1755868329.4269447,-5,-3,-72
1755868329.4649446,0,-4,-65
1755868329.5009446,-4,-2,-75
1755868329.5389447,-3,-5,-76
1755868329.5769446,1,-5,-76
1755868329.6159446,0,0,-83
1755868329.6519446,0,-6,-78
1755868329.6899445,1,-1,-76
1755868329.7279446,-1,-1,-70
1755868329.7669446,0,0,-72
1755868329.8049445,-2,-1,-68
1755868329.8409443,0,3,-72
1755868329.8779447,2,-2,-65
1755868329.9169445,-1,1,-71
1755868329.9549446,3,1,-81
1755868329.9909446,-7,-3,-79
1755868330.0289447,0,-8,-75
1755868330.0669446,0,-3,-67
1755868330.1059446,-5,1,-73
1755868330.1419446,0,1,-86
1755868330.1789446,0,-2,-76
1755868330.2169447,5,-3,-76
1755868330.2559447,1,0,-78
1755868330.2919445,1,0,-73
1755868330.3289447,-3,-1,-70
1755868330.3669446,-3,0,-71
1755868330.4059446,2,5,-71
1755868330.4419446,-1,8,-64
1755868330.4799447,-6,3,-49
1755868330.5179446,5,-6,-70
1755868330.5569446,2,-8,-70
1755868330.5929446,0,-4,-69
1755868330.6299446,-2,0,-67
1755868330.667945,0,4,-73
1755868330.7069447,-1,4,-70
1755868330.7429447,0,3,-73
1755868330.779945,9,-5,-80
1755868330.8179443,0,-6,-82
1755868330.8569446,0,1,-86
1755868330.8929446,-6,-5,-78
1755868330.9309447,2,-1,-60
1755868330.9689443,0,7,-73
1755868331.0079446,-3,-3,-71
1755868331.0459447,-4,1,-69
1755868331.0819447,-3,0,-75
1755868331.1199446,-11,-3,-66
1755868331.157945,-1,8,-82
1755868331.1969447,-2,0,-66
1755868331.2329447,0,-1,-74
1755868331.2709446,0,6,-67
1755868331.3089447,-6,-5,-65
1755868331.3479445,1,0,-72
1755868331.3859446,-3,0,-83
1755868331.4219446,0,-1,-73
1755868331.4599447,0,3,-66
1755868331.4979446,-6,2,-62
1755868331.5359447,-3,1,-74
1755868331.5719447,3,3,-64
1755868331.608945,6,-4,-72
1755868331.6479447,0,-4,-70
1755868331.6859446,1,0,-76
1755868331.7219446,-3,3,-84
1755868331.7589445,-1,11,-70
1755868331.7979443,0,4,-71
1755868331.8339446,2,8,-72
1755868331.8709445,0,0,-80
1755868331.907945,-8,0,-73
1755868331.9469447,-12,0,-80
1755868331.9829447,-11,-5,-73
1755868332.0209446,-7,0,-77
1755868332.0599446,-2,0,-77
1755868332.0979445,-13,0,-65
1755868332.1339445,4,-3,-84
1755868332.1709447,0,-1,-79
1755868332.2099447,0,-2,-81
1755868332.2479446,0,0,-73
1755868332.2839446,-3,2,-79
1755868332.3209443,-1,0,-63
1755868332.358945,2,-3,-71
1755868332.3979447,-2,-8,-61
1755868332.4339447,3,-12,-67
1755868332.4709446,-1,-4,-66
1755868332.5089445,-1,-6,-64
1755868332.5479443,-1,0,-63
1755868332.5839446,7,5,-73
1755868332.6209445,-3,1,-69
1755868332.6589446,0,6,-63
1755868332.6969447,5,-2,-73
1755868332.7329447,0,0,-80
1755868332.7709446,3,-3,-67
1755868332.8089447,2,-2,-65
1755868332.8479445,6,0,-81
1755868332.8839445,0,4,-72
1755868332.9209447,3,7,-73
1755868332.9589446,0,7,-69
1755868332.996945,6,3,-76
1755868333.032945,8,3,-78
1755868333.0709443,3,0,-82
1755868333.108945,0,-9,-76
1755868333.1469443,-4,-2,-72
1755868333.1829443,-9,0,-69
1755868333.2209446,-5,5,-65
1755868333.259945,-2,5,-77
1755868333.2979443,-3,1,-71
1755868333.3339446,2,1,-81
1755868333.3709445,-2,4,-75
1755868333.4089446,-1,7,-80
1755868333.4479446,5,0,-78
1755868333.483945,-5,-2,-75
1755868333.5229447,0,0,-73
1755868333.5599446,1,1,-76
1755868333.5979445,1,4,-57
1755868333.6339445,6,0,-57
1755868333.6709447,-2,1,-71
1755868333.7089446,-6,-5,-80
1755868333.7479446,-2,-1,-85
1755868333.7839446,4,-1,-76
1755868333.8209443,11,-6,-77
1755868333.858945,-3,1,-76
1755868333.8979447,6,1,-75
1755868333.9339447,2,7,-69
1755868333.9709446,3,3,-67
1755868334.0089445,0,-3,-64
1755868334.0449443,0,-1,-69
1755868334.0829446,0,-1,-74
1755868334.1209445,-3,-1,-71
1755868334.1589446,-7,4,-72
1755868334.1979446,-5,5,-73
1755868334.233945,-5,7,-67
1755868334.2729447,-4,3,-74
1755868334.3109446,-1,0,-68
1755868334.348945,-5,3,-69
1755868334.384945,-1,-7,-71
1755868334.4229443,-1,0,-83
1755868334.460945,-5,3,-78
1755868334.4999447,1,6,-71
1755868334.5379446,2,-9,-68
1755868334.5739446,4,-9,-76
1755868334.6109445,7,-2,-76
1755868334.6499443,4,2,-67
1755868334.687945,8,-8,-74
1755868334.723945,4,-3,-68
1755868334.7609446,3,-4,-60
1755868334.7999446,-4,-4,-65
1755868334.8379445,-8,0,-69
1755868334.8739443,-6,-5,-64
1755868334.9119446,2,4,-62
1755868334.9499447,0,7,-67
1755868334.9879446,6,0,-63
1755868335.0239446,5,0,-75
1755868335.0609446,0,5,-72
1755868335.098945,-8,5,-77
1755868335.134945,-3,1,-73
1755868335.1719446,8,5,-71
1755868335.2099447,5,-3,-65
1755868335.2479446,-5,5,-70
1755868335.2839446,4,-3,-76
1755868335.3219447,0,-8,-65
1755868335.3609445,-1,-3,-72
1755868335.3989446,3,-7,-54
1755868335.4349446,2,-2,-75
1755868335.4719446,1,-1,-80
1755868335.5109446,-4,-3,-92
1755868335.5489447,0,-2,-77
1755868335.5849447,5,3,-57
1755868335.621945,-1,3,-65
1755868335.6609447,1,-1,-65
1755868335.6989446,0,0,-75
1755868335.7349446,-1,-2,-74
1755868335.7729447,5,-3,-80
1755868335.8109446,3,1,-85
1755868335.848945,8,0,-70
1755868335.884945,7,-2,-68
1755868335.9219446,1,8,-77
1755868335.9599447,2,2,-73
1755868335.9959445,5,0,-73
1755868336.0339446,1,-3,-84
1755868336.0719447,0,-3,-79
1755868336.1109445,-8,-3,-73
1755868336.1489446,1,0,-76
1755868336.1849446,0,0,-72
1755868336.2219446,-2,-1,-70
1755868336.2609446,-3,-4,-66
1755868336.2989447,1,-2,-57
1755868336.3349447,16,-6,-73
1755868336.371945,6,-2,-63
1755868336.4109447,-1,-3,-79
1755868336.4489446,-8,-6,-71
1755868336.4849446,2,-3,-76
1755868336.5219443,-4,2,-65
1755868336.5609446,-2,-3,-68
1755868336.598945,9,-1,-70
1755868336.634945,4,0,-65
1755868336.6719446,5,0,-58
1755868336.7099447,7,0,-72
1755868336.7459445,0,1,-62
1755868336.782945,3,1,-56
1755868336.8209443,-3,-1,-71
1755868336.858945,-1,-3,-79
1755868336.894945,-1,0,-63
1755868336.9319446,0,0,-70
1755868336.9699447,-1,-2,-79
1755868337.0059447,0,2,-72
1755868337.0519447,0,1,-75
1755868337.0899446,0,0,-82
1755868337.1259446,1,1,-70
1755868337.1629446,-4,1,-77
1755868337.200945,-4,1,-73
1755868337.2399447,-3,3,-71
1755868337.2759447,1,-2,-64
1755868337.312945,1,0,-71
1755868337.3509445,1,4,-72
1755868337.3869443,-5,0,-69
1755868337.4239447,-3,2,-68
1755868337.4619446,-2,2,-72
1755868337.5009446,-1,-1,-62
1755868337.5369446,-4,-5,-68
1755868337.5749447,0,0,-71
1755868337.6129446,-1,5,-82
1755868337.6509447,-3,0,-76
1755868337.6899445,-4,1,-73
1755868337.7259445,7,0,-75
1755868337.7639446,3,1,-66
1755868337.8019447,-2,0,-66
1755868337.8409443,8,-4,-82
1755868337.8769443,11,0,-73
1755868337.9149446,2,-3,-73
1755868337.9519446,0,0,-77
1755868337.9899447,5,4,-76
1755868338.0259447,-2,-1,-86
1755868338.0639446,-2,0,-77
1755868338.1019447,5,0,-74
1755868338.1409447,4,0,-70
1755868338.1769447,0,-3,-61
1755868338.213945,7,-4,-65
1755868338.2519443,5,1,-71
1755868338.2899446,1,1,-64
1755868338.325945,6,7,-63
1755868338.3639443,7,1,-66
1755868338.4019446,5,-1,-67
1755868338.440945,8,-3,-77
1755868338.4769447,7,-4,-79
1755868338.5149446,9,7,-70
1755868338.552945,3,0,-66
1755868338.5909443,0,-6,-71
1755868338.6269443,2,-3,-57
1755868338.6649446,0,-4,-67
1755868338.7039447,6,2,-73
1755868338.7419446,6,3,-74
1755868338.779945,-3,1,-69
1755868338.815945,0,4,-76
1755868338.8539443,-1,6,-75
1755868338.8919446,-4,0,-77
1755868338.927945,-9,0,-69
1755868338.9649446,-8,5,-81
1755868339.0029447,0,-1,-78
1755868339.0419445,-5,-1,-79
1755868339.0779445,-7,0,-72
1755868339.1149447,-6,0,-68
1755868339.1529446,-1,1,-73
1755868339.1919446,1,0,-79
1755868339.2279446,4,-3,-73
1755868339.2649446,0,0,-74
1755868339.3039446,4,-6,-76
1755868339.3419447,-2,-7,-74
1755868339.3779447,0,-8,-79
1755868339.4159446,0,0,-72
1755868339.4539447,-2,0,-78
1755868339.4919446,-2,-2,-69
1755868339.5279446,4,3,-76
1755868339.565945,3,-4,-68
1755868339.6039443,5,2,-78
1755868339.6419446,4,-2,-68
1755868339.677945,1,-1,-60
1755868339.7159443,-1,2,-67
1755868339.7539446,2,-1,-77
1755868339.792945,0,-3,-72
1755868339.8309443,-1,-4,-69
1755868339.8669446,3,0,-69
1755868339.9039447,7,-3,-79
1755868339.9429443,3,-2,-79
1755868339.9809446,-1,-7,-71
1755868340.0169446,-5,-1,-65
1755868340.0549445,3,-2,-74
1755868340.0929446,0,0,-66
1755868340.131945,0,0,-76
1755868340.167945,-1,-6,-79
1755868340.2059443,-4,-4,-77
1755868340.2449446,-5,0,-68
1755868340.282945,1,-6,-66
1755868340.3209443,2,-4,-58
1755868340.3569446,-6,-2,-68
1755868340.394945,2,2,-67
1755868340.4329443,-2,-6,-81
1755868340.4719446,0,-1,-81
1755868340.5079446,0,4,-77
1755868340.5449443,-1,0,-71
1755868340.5829446,2,-9,-67
1755868340.621945,3,-6,-77
1755868340.657945,4,-6,-75
1755868340.6949446,11,-2,-77
1755868340.7329447,0,-2,-70
1755868340.7719443,1,-3,-79
1755868340.8079443,-1,1,-86
1755868340.8449447,0,4,-66
1755868340.8829446,0,1,-76
1755868340.9189446,-1,1,-70
1755868340.9559443,6,5,-80
1755868340.9929447,7,0,-75
1755868341.0319445,3,-2,-72
1755868341.0679443,0,3,-69
1755868341.1049447,0,5,-69
1755868341.1429446,4,-1,-71
1755868341.1789446,-5,0,-70
1755868341.2159443,-5,-1,-71
1755868341.2539446,3,-4,-69
1755868341.292945,-2,-1,-70
1755868341.3289447,0,-2,-70
1755868341.3659446,11,0,-73
1755868341.4029446,0,-3,-66
1755868341.4419446,-1,1,-68
1755868341.4779446,2,-1,-79
1755868341.5159447,3,-2,-68
1755868341.5539446,0,-1,-73
1755868341.5919447,-12,4,-57
1755868341.6289446,-1,2,-73
1755868341.6659446,-6,4,-73
1755868341.7039447,0,1,-75
1755868341.7419446,0,-9,-78
1755868341.7779446,3,-1,-80
1755868341.815945,0,-3,-75
1755868341.8539443,0,0,-83
1755868341.8919446,-2,-7,-80
1755868341.927945,-4,-2,-77
1755868341.9659443,-6,-5,-71
1755868342.0039446,0,0,-69
1755868342.042945,-6,1,-60
1755868342.0789447,-5,-4,-63
1755868342.1169446,-2,0,-64
1755868342.154945,-5,1,-62
1755868342.1939447,1,1,-66
1755868342.2319446,0,-3,-68
1755868342.2679446,0,-5,-66
1755868342.3049445,4,-4,-66
1755868342.3439443,-3,-3,-80
1755868342.381945,5,2,-83
1755868342.417945,2,-2,-72
1755868342.4549446,-3,-4,-76
1755868342.4939446,-1,-2,-79
1755868342.529945,-6,3,-64
1755868342.5669446,-10,-1,-67
1755868342.6049447,-10,1,-63
1755868342.6439445,-4,-2,-72
1755868342.6799445,-7,-1,-78
1755868342.7179446,-6,0,-71
1755868342.7559447,0,-3,-83
1755868342.7939446,6,6,-86
1755868342.8329446,1,-1,-75
1755868342.8689446,4,0,-69
1755868342.9069445,-8,-1,-69
1755868342.9459443,0,-2,-74
1755868342.983945,1,1,-70
1755868343.019945,4,0,-65
1755868343.0569446,-6,2,-75
1755868343.0949447,0,-1,-50
1755868343.1339445,1,1,-68
1755868343.1699443,-1,-2,-63
1755868343.2079446,7,-2,-58
1755868343.2459445,1,-7,-68
1755868343.2849443,3,-6,-72
1755868343.3229446,0,-2,-71
1755868343.358945,1,1,-69
1755868343.3959446,-1,0,-71
1755868343.4349446,3,3,-73
1755868343.4729445,-3,3,-66
1755868343.5089445,0,3,-68
1755868343.5459447,-6,-1,-68
1755868343.5849447,-4,0,-72
1755868343.6229446,-3,0,-67
1755868343.6589446,-5,-1,-71
1755868343.6969447,3,3,-71
1755868343.7349446,0,0,-72
1755868343.7729447,0,-4,-65
1755868343.8089447,-7,-3,-67
1755868343.8469446,1,-5,-64
1755868343.884945,-1,2,-59
1755868343.9239447,6,-2,-61
1755868343.9599447,0,-2,-65
1755868343.9979446,1,3,-68
1755868344.0349443,-1,1,-73
1755868344.0739446,0,8,-73
1755868344.1099446,0,5,-80
1755868344.1479447,4,8,-77
1755868344.1849446,2,3,-78
1755868344.223945,-6,4,-69
1755868344.259945,-1,3,-78
1755868344.2979443,0,-7,-75
1755868344.335945,0,0,-70
1755868344.3749447,-3,0,-78
1755868344.4109447,0,0,-77
1755868344.4479446,0,-9,-91
1755868344.4859445,-3,-6,-74
1755868344.5249443,0,0,-84
1755868344.5609446,1,0,-77
1755868344.5979445,1,-4,-71
1755868344.6369443,0,-2,-68
1755868344.6749446,0,-1,-84
1755868344.710945,4,0,-72
1755868344.7479446,5,-1,-79
1755868344.7859447,0,-3,-74
1755868344.8249447,2,-4,-66
1755868344.8609445,-8,1,-69
1755868344.8979447,-1,0,-74
1755868344.9369447,-4,0,-82
1755868344.9749446,-5,4,-72
1755868345.0109446,-2,2,-72
1755868345.0479443,-2,-2,-64
1755868345.085945,0,-1,-70
1755868345.1249447,-3,-4,-63
1755868345.1609447,-5,-2,-71
1755868345.1989446,-2,-1,-66
1755868345.236945,5,2,-73
1755868345.2749443,-2,-1,-76
1755868345.3109446,-6,-4,-60
1755868345.348945,-3,-2,-74
1755868345.3869443,-4,-2,-70
1755868345.4259446,-5,-6,-70
1755868345.463945,3,-4,-71
1755868345.4999447,-5,-5,-79
1755868345.5379446,0,0,-78
1755868345.575945,1,7,-66
1755868345.6149447,-9,4,-69
1755868345.6509447,-3,0,-67
1755868345.687945,6,-5,-63
1755868345.7259445,3,-4,-63
1755868345.7649446,3,-2,-69
1755868345.8009446,11,-5,-73
1755868345.8379445,-1,-2,-69
1755868345.8759446,-7,-1,-57
1755868345.9149446,4,-2,-61
1755868345.950945,5,-1,-76
1755868345.9879446,7,-3,-67
1755868346.0259447,4,-2,-63
1755868346.0649445,0,-6,-59
1755868346.1009445,0,0,-58
1755868346.1379447,-4,2,-72
1755868346.1759446,-10,5,-68
1755868346.2149446,0,-1,-70
1755868346.2509446,0,-2,-64
1755868346.2879446,2,-6,-73
1755868346.325945,1,1,-79
1755868346.361945,0,2,-64
1755868346.3989446,2,7,-60
1755868346.4369447,-1,0,-65
1755868346.4759445,4,6,-62
1755868346.5119443,6,-2,-69
1755868346.5499446,0,-2,-72
1755868346.588945,0,4,-86
1755868346.6259446,3,6,-71
1755868346.6649446,3,2,-71
1755868346.700945,0,5,-68
1755868346.7389443,-1,2,-78
1755868346.7759447,1,-3,-68
1755868346.8149445,0,-1,-61
1755868346.8509445,-3,0,-68
1755868346.8889446,-4,1,-66
1755868346.9269447,-3,3,-75
1755868346.9649446,-5,-2,-76
1755868347.0009446,-8,-4,-76
1755868347.0389447,-7,-3,-88
1755868347.0849447,-1,-5,-71
1755868347.121945,-1,2,-71
1755868347.1589446,2,2,-74
1755868347.1969447,2,-3,-76
1755868347.2359445,0,3,-71
1755868347.2719443,-4,-1,-81
1755868347.3099446,0,2,-72
1755868347.3469446,0,7,-78
1755868347.384945,2,5,-80
1755868347.4209447,0,0,-70
1755868347.4579446,-1,-2,-62
1755868347.496945,-2,-1,-78
1755868347.5349443,0,1,-78
1755868347.5709443,0,-1,-90
1755868347.6079447,1,0,-59
1755868347.6469443,11,-8,-65
1755868347.6849446,17,-4,-71
1755868347.7209446,2,-5,-68
1755868347.7579446,-7,-4,-69
1755868347.7969446,0,6,-60
1755868347.8349447,3,4,-59
1755868347.8709445,0,0,-67
1755868347.907945,2,-3,-71
1755868347.9469447,1,0,-67
1755868347.9829447,4,0,-65
1755868348.019945,0,-5,-68
1755868348.0579443,0,-10,-69
1755868348.0969446,4,0,-70
1755868348.1329446,1,1,-74
1755868348.1699443,3,2,-66
1755868348.2079446,-5,2,-73
1755868348.246945,-4,-8,-68
1755868348.282945,-2,0,-68
1755868348.3209443,-7,4,-73
1755868348.358945,-3,3,-64
1755868348.3969443,-5,3,-71
1755868348.4359446,-1,0,-55
1755868348.4719446,-6,-4,-69
1755868348.509945,-6,-2,-73
1755868348.5479443,0,3,-79
1755868348.585945,2,3,-76
1755868348.621945,1,0,-72
1755868348.6599443,5,0,-63
1755868348.6979446,-2,0,-60
1755868348.7359445,0,4,-69
1755868348.7719443,6,5,-73
1755868348.8099446,-2,1,-72
1755868348.8479445,3,-1,-80
1755868348.8859446,3,2,-79
1755868348.9219446,1,3,-71
1755868348.9599447,10,2,-82
1755868348.9979446,5,-1,-69
1755868349.0359447,5,-4,-66
1755868349.0729446,0,0,-67
1755868349.1099446,0,2,-69
1755868349.1479447,0,4,-71
1755868349.1859446,-3,0,-78
1755868349.2229445,0,-5,-68
1755868349.259945,-1,0,-82
1755868349.2979443,2,-3,-72
1755868349.3369446,0,-6,-70
1755868349.3729446,6,0,-69
1755868349.4099443,-1,-3,-73
1755868349.4479446,-2,0,-67
1755868349.486945,3,-1,-64
1755868349.5229447,6,0,-64
1755868349.5599446,1,-10,-74
1755868349.5979445,-1,-3,-78
1755868349.6369443,0,-5,-77
1755868349.6729443,-2,-2,-77
1755868349.710945,3,2,-71
1755868349.7489443,0,0,-65
1755868349.7879446,0,0,-68
1755868349.8239446,0,0,-83
1755868349.8609445,-7,-1,-65
1755868349.8989446,-3,0,-70
1755868349.937945,0,1,-72
1755868349.973945,-3,0,-78
1755868350.0109446,0,-5,-81
1755868350.0489447,-3,-1,-74
1755868350.0879445,-13,-6,-75
1755868350.1239443,-12,-7,-77
1755868350.1629446,-4,0,-63
1755868350.200945,5,3,-65
1755868350.2379446,0,0,-68
1755868350.2739446,5,1,-67
1755868350.3109446,0,1,-74
1755868350.3479445,5,0,-78
1755868350.3839445,8,0,-74
1755868350.4209447,-3,-9,-73
1755868350.4599447,6,-4,-63
1755868350.4979446,0,2,-74
1755868350.5339446,-3,0,-70
1755868350.5709443,11,-2,-67
1755868350.6099446,2,0,-67
1755868350.6479447,1,-3,-73
1755868350.6839447,0,1,-71
1755868350.7209446,-4,0,-78
1755868350.759945,-2,-4,-66
1755868350.7979443,0,-1,-69
1755868350.8339446,0,-5,-63
1755868350.8709445,1,-5,-64
1755868350.9089446,1,-2,-60
1755868350.9479446,-2,-2,-65
1755868350.983945,0,0,-70
1755868351.0219443,9,-4,-66
1755868351.0589447,4,-5,-75
1755868351.0979445,-4,-2,-90
1755868351.1339445,0,-4,-75
1755868351.1719446,4,-5,-81
1755868351.2089446,-1,1,-83
1755868351.2479446,-6,-4,-84
1755868351.2839446,-1,-4,-89
1755868351.3219447,5,-4,-75
1755868351.3599446,-7,-2,-74
1755868351.3989446,-1,0,-67
1755868351.4369447,0,-12,-77
1755868351.4729445,3,-4,-73
1755868351.509945,3,-9,-73
1755868351.5489447,4,4,-79
1755868351.5849447,-2,9,-69
1755868351.621945,-2,4,-76
1755868351.6609447,0,-5,-84
1755868351.6989446,0,0,-71
1755868351.7349446,7,7,-57
1755868351.7719443,4,4,-77
1755868351.8089447,0,4,-65
1755868351.8449447,-6,-6,-68
1755868351.8829446,-1,-6,-62
1755868351.9209447,-3,2,-63
1755868351.9589446,-3,2,-61
1755868351.9979446,-3,2,-65
1755868352.0339446,-1,0,-64
1755868352.0709443,-6,5,-62
1755868352.108945,-4,3,-69
1755868352.1479447,-3,1,-67
1755868352.1839447,-1,4,-70
1755868352.2209446,-1,0,-67
1755868352.259945,4,-8,-71
1755868352.2979443,-4,0,-72
1755868352.3339446,-3,-5,-81
1755868352.371945,-10,-1,-77
1755868352.4109447,4,-1,-63
1755868352.4489446,0,-7,-71
1755868352.4849446,2,-3,-72
1755868352.5219443,-5,-2,-73
1755868352.5609446,-1,-5,-72
1755868352.598945,0,-4,-66
1755868352.634945,0,-2,-71
1755868352.6719446,-2,-5,-70
1755868352.710945,2,-3,-79
1755868352.7489443,3,-4,-81
1755868352.7849443,11,0,-80
1755868352.8219447,3,-5,-81
1755868352.8599446,-5,-2,-76
1755868352.8989446,-1,0,-78
1755868352.9349446,0,0,-81
1755868352.9719446,2,1,-86
1755868353.009945,-4,-4,-76
1755868353.0479443,2,0,-62
1755868353.0839446,2,2,-67
1755868353.1209445,2,-6,-61
1755868353.1599443,6,1,-56
1755868353.1979446,0,8,-69
1755868353.233945,-6,7,-67
1755868353.2709446,-1,-1,-73
1755868353.3099446,-3,1,-64
1755868353.3459446,-1,1,-73
1755868353.3839445,-1,-2,-74
1755868353.4219446,0,1,-75
1755868353.4599447,1,4,-76
1755868353.4959445,-6,4,-70
1755868353.5339446,-12,0,-71
1755868353.5719447,-6,-1,-63
1755868353.6109445,0,-3,-70
1755868353.6489446,-2,0,-77
1755868353.6849446,0,4,-66
1755868353.7219446,6,0,-70
1755868353.759945,-2,2,-67
1755868353.7959447,0,-2,-69
1755868353.8339446,7,-3,-68
1755868353.871945,11,0,-77
1755868353.9099443,0,0,-70
1755868353.9459443,0,1,-81
1755868353.983945,-2,5,-75
1755868354.0219443,-6,-2,-71
1755868354.0609446,-6,1,-72
1755868354.098945,-1,0,-73
1755868354.134945,0,-3,-73
1755868354.1739447,0,-4,-64
1755868354.210945,0,-2,-70
1755868354.2499447,8,-4,-63
1755868354.2859447,0,0,-61
1755868354.3229446,0,-1,-63
1755868354.3609445,2,-8,-67
1755868354.3999443,3,-5,-75
1755868354.4359446,7,-4,-73
1755868354.473945,-2,-5,-70
1755868354.5109446,-2,1,-62
1755868354.5499446,0,1,-58
1755868354.585945,1,-4,-77
1755868354.6239443,2,-6,-72
1755868354.6609447,1,-1,-62
1755868354.6999447,0,3,-65
1755868354.7359445,0,0,-57
1755868354.7739446,-5,-4,-77
1755868354.8109446,-6,0,-81
1755868354.8499446,-5,-2,-71
1755868354.8859446,-7,8,-73
1755868354.9239447,-5,4,-70
1755868354.960945,4,-2,-68
1755868354.9999447,-2,0,-73
1755868355.0359447,-5,-3,-71
1755868355.0739446,-4,-4,-66
1755868355.111945,0,0,-76
1755868355.1499443,-1,-3,-73
1755868355.1859446,1,-8,-70
1755868355.2229445,3,-2,-71
1755868355.2609446,0,0,-71
1755868355.2969446,-3,0,-73
1755868355.3339446,-3,-1,-80
1755868355.371945,-3,7,-71
1755868355.4109447,-5,4,-65
1755868355.4469447,0,4,-70
1755868355.483945,0,0,-72
1755868355.5219443,-3,0,-76
1755868355.5609446,-2,-3,-63
1755868355.5969446,11,0,-74
1755868355.6339445,0,-3,-73
1755868355.6729443,0,-11,-55
1755868355.710945,4,-4,-73
1755868355.746945,5,-6,-71
1755868355.7839446,1,-1,-78
1755868355.8229446,1,4,-71
1755868355.8609445,9,4,-65
1755868355.8969443,4,0,-70
1755868355.9339447,1,-2,-59
1755868355.9719446,1,1,-68
1755868356.0109446,1,0,-72
1755868356.0469446,2,-3,-63
1755868356.0839446,-3,0,-70
1755868356.121945,-6,2,-73
1755868356.1609447,-5,-1,-73
1755868356.1969447,-14,-1,-71
1755868356.2349446,-6,4,-74
1755868356.2729447,0,1,-69
1755868356.3109446,0,4,-82
1755868356.3469446,0,3,-75
1755868356.3839445,-4,0,-68
1755868356.4219446,-6,-3,-80
1755868356.460945,-7,-4,-66
1755868356.496945,-6,-4,-68
1755868356.5349443,-1,-5,-63
1755868356.5729446,1,0,-72
1755868356.6109445,3,5,-71
1755868356.6469443,4,1,-78
1755868356.6849446,4,0,-66
1755868356.7219446,3,0,-68
1755868356.7609446,2,1,-83
1755868356.7969446,6,2,-77
1755868356.8339446,-1,10,-76
1755868356.871945,-2,-1,-91
1755868356.9109447,1,-6,-85
1755868356.9469447,4,-2,-72
1755868356.983945,-1,-4,-79
1755868357.0219443,7,0,-70
1755868357.0609446,3,-9,-64
1755868357.1049447,0,-7,-61
1755868357.1429446,-1,-3,-60
1755868357.1819446,9,-3,-72
1755868357.2179446,5,0,-75
1755868357.2549446,-2,-5,-69
1755868357.292945,1,0,-69
1755868357.3319447,-4,4,-70
1755868357.3679447,-1,1,-68
1755868357.404945,2,-2,-62
1755868357.4429443,-1,0,-61
1755868357.4819446,-4,-7,-74
1755868357.5179446,-1,2,-68
1755868357.5549445,0,-2,-64
1755868357.5929446,2,0,-60
1755868357.6309447,4,0,-78
1755868357.6669445,-2,2,-76
1755868357.7049446,4,0,-77
1755868357.7429447,-3,-4,-71
1755868357.7819445,0,0,-66
1755868357.8179443,-6,1,-58
1755868357.8549447,-3,1,-72
1755868357.8929446,1,-1,-66
1755868357.9319446,1,-4,-72
1755868357.9679446,2,-4,-68
1755868358.0049446,5,-1,-77
1755868358.042945,5,-5,-69
1755868358.0819447,4,-1,-68
1755868358.1179447,2,-1,-78
1755868358.1559446,2,-2,-79
1755868358.1939447,0,3,-76
1755868358.2329447,2,5,-71
1755868358.2709446,-3,-1,-70
1755868358.3069446,-7,-2,-72
1755868358.3449447,-8,-2,-74
1755868358.3829446,-6,3,-68
1755868358.4219446,-1,4,-79
1755868358.4579446,2,1,-74
1755868358.4949446,-3,3,-72
1755868358.532945,-4,2,-68
1755868358.5719447,4,1,-65
1755868358.6079447,0,0,-71
1755868358.644945,-1,3,-67
1755868358.6829443,0,3,-78
1755868358.7219446,1,1,-72
1755868358.7579446,0,3,-66
1755868358.7949443,-3,-2,-69
1755868358.8329446,1,-1,-61
1755868358.871945,0,-1,-68
1755868358.907945,1,-2,-74
1755868358.9449446,-4,-2,-70
1755868358.9829447,1,5,-67
1755868359.0189445,4,6,-69
1755868359.0559447,6,4,-70
1755868359.0939443,10,-3,-70
1755868359.1329446,3,-3,-67
1755868359.1689446,0,-1,-69
1755868359.2059443,-4,0,-74
1755868359.2449446,-1,-8,-71
1755868359.282945,4,-7,-76
1755868359.3189447,7,-8,-76
1755868359.3559446,0,-4,-65
1755868359.3939445,1,-7,-65
1755868359.4329443,3,-1,-58
1755868359.4689443,0,-3,-70
1755868359.5059447,2,4,-74
1755868359.5439446,0,2,-63
1755868359.5819447,9,-5,-68
1755868359.6179447,5,-2,-74
1755868359.6559446,-4,0,-72
1755868359.6949446,1,0,-81
1755868359.7329447,7,1,-70
1755868359.7689445,2,3,-75
1755868359.8059447,-2,-1,-71
1755868359.8449447,0,-2,-64
1755868359.8829446,3,0,-66
1755868359.9189446,1,-9,-68
1755868359.9559443,5,-3,-69
1755868359.9949446,1,-3,-68
1755868360.032945,1,0,-72
1755868360.0689447,0,-7,-77
1755868360.1059446,-2,-3,-70
1755868360.144945,-6,-3,-76
1755868360.1829443,0,0,-70
1755868360.2189443,2,-6,-72
1755868360.2559447,4,-9,-60
1755868360.2939446,-1,-3,-51
1755868360.3319447,-1,3,-64
1755868360.3679447,-3,4,-78
1755868360.4059446,-8,0,-67
1755868360.4439447,0,-3,-69
1755868360.4829447,-3,-2,-67
1755868360.5189445,-2,-10,-69
1755868360.5569446,-2,-3,-68
1755868360.5949447,-1,0,-77
1755868360.6339445,0,1,-72
1755868360.6699443,0,-5,-76
1755868360.7079446,2,0,-80
1755868360.7449446,-14,-1,-76
1755868360.7839446,-9,-3,-66
1755868360.8199446,-3,-1,-73
1755868360.8579447,0,-1,-59
1755868360.8959446,2,1,-75
1755868360.9339447,-2,-4,-70
1755868360.9729445,-1,-2,-80
1755868361.0089445,0,-3,-74
1755868361.0459447,-7,0,-55
1755868361.0839446,-6,2,-72
1755868361.1229446,3,-3,-76
1755868361.1589446,0,1,-71
1755868361.1959443,-4,-1,-60
1755868361.2349446,6,2,-67
1755868361.2729447,0,1,-64
1755868361.3089447,-4,-1,-67
1755868361.3469446,4,-6,-82
1755868361.384945,1,0,-70
1755868361.4239447,3,-4,-72
1755868361.460945,1,2,-78
1755868361.4979446,-2,4,-64
1755868361.5359447,0,0,-67
1755868361.5739446,0,1,-69
1755868361.6099446,0,-3,-63
1755868361.6479447,0,-10,-61
1755868361.6859446,-7,-5,-81
1755868361.7249446,-4,-4,-78
1755868361.7629447,-4,-2,-77
1755868361.7989447,-3,2,-70
1755868361.835945,-1,1,-65
1755868361.8749447,-1,-1,-61
1755868361.9129446,0,1,-70
1755868361.9489446,2,2,-63
1755868361.9859445,5,-4,-67
1755868362.0249443,-6,0,-69
1755868362.062945,6,0,-80
1755868362.098945,-2,-7,-72
1755868362.1369443,3,1,-74
1755868362.1749446,-5,6,-74
1755868362.2129445,-5,1,-77
1755868362.2489443,-2,0,-65
1755868362.2869446,-3,1,-62
1755868362.3249447,-1,0,-72
1755868362.3639443,-1,-5,-61
1755868362.3999443,-2,-3,-62
1755868362.437945,-3,1,-77
1755868362.4759445,-4,-1,-70
1755868362.5149446,-6,-1,-67
1755868362.5509446,4,-5,-69
1755868362.588945,-5,0,-69
1755868362.6269443,-6,-6,-84
1755868362.6659446,3,0,-71
1755868362.7039447,-12,-1,-64
1755868362.7399447,0,1,-68
1755868362.7769446,0,-1,-77
1755868362.8149445,0,4,-80
1755868362.8539443,0,2,-71
1755868362.8899446,5,4,-71
1755868362.9269447,8,6,-73
1755868362.9649446,1,-1,-84
1755868363.0009446,-8,-1,-73
1755868363.0389447,-1,-1,-80
1755868363.0769446,-3,-1,-66
1755868363.1159446,0,-6,-67
1755868363.1539447,-3,-5,-86
1755868363.1899445,0,-5,-76
1755868363.2269447,10,-7,-63
1755868363.2659447,11,-8,-73
1755868363.3039446,4,-2,-60
1755868363.3399446,3,0,-66
1755868363.3769443,1,0,-69
1755868363.4149446,2,5,-60
1755868363.4519446,1,3,-65
1755868363.4889443,4,1,-60
1755868363.5269446,-2,1,-70
1755868363.565945,-3,0,-72
1755868363.6039443,1,0,-70
1755868363.6399446,2,0,-71
1755868363.6769447,-1,4,-75
1755868363.7159443,-2,1,-67
1755868363.7539446,-2,5,-75
1755868363.7899446,-3,7,-67
1755868363.8269446,0,5,-71
1755868363.8649447,-3,3,-67
1755868363.9009447,0,2,-77
1755868363.937945,0,3,-77
1755868363.9759445,-10,0,-68
1755868364.0139446,0,0,-67
1755868364.0499446,-2,-2,-75
1755868364.0879445,0,-1,-76
1755868364.1259446,0,-2,-86
1755868364.1649446,0,-2,-73
1755868364.200945,-1,-9,-83
1755868364.2389443,0,-2,-73
1755868364.2769446,1,3,-73
1755868364.3149445,7,-2,-63
1755868364.3509445,0,-2,-65
1755868364.3889446,1,1,-78
1755868364.4269447,-2,4,-77
1755868364.4659443,1,3,-77
1755868364.5019443,1,0,-73
1755868364.5389447,-1,-4,-70
1755868364.5769446,1,-1,-71
1755868364.6159446,4,5,-65
1755868364.6519446,4,1,-67
1755868364.6889446,-7,-3,-74
1755868364.7269447,-6,2,-80
1755868364.7659447,-1,-3,-86
1755868364.8019447,0,-4,-77
1755868364.838945,4,-6,-82
1755868364.8769443,7,-4,-73
1755868364.9159446,1,-2,-71
1755868364.9519446,-1,0,-58
1755868364.9889443,-2,1,-56
1755868365.0269446,-6,1,-62
1755868365.065945,3,-1,-68
1755868365.1019447,6,-2,-73
1755868365.1399446,0,-7,-67
1755868365.1789446,0,-10,-75
1755868365.2169447,1,-2,-75
1755868365.2549446,12,-4,-77
1755868365.2909446,7,0,-82
1755868365.3289447,-3,-2,-78
1755868365.3669446,-4,-2,-77
1755868365.4059446,1,-2,-71
1755868365.4419446,4,0,-91
1755868365.4789443,3,-6,-81
1755868365.5169446,0,0,-76
1755868365.5549445,-1,0,-67
1755868365.5909443,2,-7,-64
1755868365.6289446,-2,-13,-67
1755868365.6669445,-1,-4,-68
1755868365.7059443,1,1,-76
1755868365.7419446,3,2,-71
1755868365.7789447,0,11,-73
1755868365.8169446,2,2,-76
1755868365.8549447,9,-1,-72
1755868365.8919446,8,2,-75
1755868365.9289446,-4,-5,-77
1755868365.9669447,2,-4,-73
1755868366.0059447,5,-6,-78
1755868366.0419445,3,-5,-63
1755868366.0789447,6,-3,-69
1755868366.1169446,-1,2,-73
1755868366.1559446,0,-3,-66
1755868366.1919446,-1,1,-81
1755868366.2289443,-2,1,-61
1755868366.2669446,6,1,-55
1755868366.302945,-1,2,-56
1755868366.3399446,-2,-4,-68
1755868366.3779447,-5,-4,-74
1755868366.4169445,-7,-5,-79
1755868366.4529445,-2,-1,-73
1755868366.4919446,3,-4,-67
1755868366.5289447,1,2,-71
1755868366.5669446,0,2,-72
1755868366.6029446,-4,4,-68
1755868366.6399446,-7,6,-65
1755868366.677945,-8,0,-74
1755868366.7169447,0,-1,-71
1755868366.7529447,8,1,-73
1755868366.7899446,9,-4,-71
1755868366.8279445,-2,0,-66
1755868366.8669446,1,6,-63
1755868366.9029446,0,8,-65
1755868366.9399445,-2,4,-76
1755868366.9779446,-3,0,-81
1755868367.0169446,0,0,-81
1755868367.052945,0,-3,-78
1755868367.0899446,-2,1,-76
1755868367.1359446,3,5,-74
1755868367.1719446,0,1,-63
1755868367.2089446,-1,-6,-79
1755868367.2479446,2,-10,-67
1755868367.2859447,7,-7,-73
1755868367.3219447,-1,-4,-71
1755868367.358945,4,-5,-62
1755868367.3979447,2,-2,-73
1755868367.4359446,-11,-3,-68
1755868367.4719446,-6,-3,-70
1755868367.509945,-2,-4,-72
1755868367.5479443,-1,2,-71
1755868367.5869446,-2,5,-80
1755868367.6229446,2,6,-73
1755868367.6599443,-6,5,-76
1755868367.6979446,-1,0,-90
1755868367.736945,1,-3,-82
1755868367.7729447,2,-2,-72
1755868367.8119447,0,-1,-70
1755868367.8499446,2,-3,-80
1755868367.8879447,-1,-3,-65
1755868367.9239447,-5,3,-63
1755868367.9619446,-1,5,-67
1755868367.9989443,-2,1,-67
1755868368.0379446,3,0,-69
1755868368.0739446,3,1,-80
1755868368.111945,-2,3,-71
1755868368.1489446,0,8,-71
1755868368.187945,0,4,-66
1755868368.223945,-1,-1,-70
1755868368.2619443,-1,4,-69
1755868368.2999446,1,1,-62
1755868368.3379445,0,-1,-62
1755868368.3739443,3,-6,-67
1755868368.4119446,0,2,-76
1755868368.4499447,1,0,-82
1755868368.4879446,3,1,-75
1755868368.5239446,-1,4,-66
1755868368.5619447,-1,8,-71
1755868368.5999446,0,1,-75
1755868368.6379447,6,-2,-77
1755868368.6739447,-5,1,-73
1755868368.7119446,-2,-1,-69
1755868368.7489443,5,-3,-72
1755868368.7879446,3,0,-68
1755868368.8239446,-2,-2,-76
1755868368.861945,-1,-2,-66
1755868368.8999443,0,-2,-67
1755868368.9389446,7,-1,-52
1755868368.9769447,5,-6,-67
1755868369.0129447,6,-3,-73
1755868369.0499446,9,-4,-72
1755868369.088945,-1,-3,-73
1755868369.1269443,0,-1,-69
1755868369.1629446,-3,-4,-81
1755868369.200945,4,-4,-81
1755868369.2389443,2,2,-71
1755868369.2779446,1,-3,-64
1755868369.3139446,0,3,-70
1755868369.3519447,0,-3,-60
1755868369.3899446,-9,0,-68
1755868369.4289446,-5,-6,-79
1755868369.4649446,-1,-4,-83
1755868369.5029447,-2,0,-74
1755868369.5419445,-5,2,-77
1755868369.5789447,5,3,-55
1755868369.6149447,1,-3,-67
1755868369.6529446,0,2,-73
1755868369.6899445,4,3,-72
1755868369.7279446,3,4,-68
1755868369.7639446,0,-1,-70
1755868369.8019447,-1,-3,-61
1755868369.8399446,7,-1,-69
1755868369.8789446,-3,-1,-73
1755868369.9149446,5,-3,-73
1755868369.9529445,1,-1,-69
1755868369.9909446,1,3,-75
1755868370.0289447,3,-3,-79
1755868370.0649445,-3,-5,-80
1755868370.1029446,-4,-8,-73
1755868370.1409447,-8,-2,-73
1755868370.1789446,1,-6,-67
1755868370.2179446,-1,0,-65
1755868370.2539446,0,-1,-62
1755868370.2909446,2,6,-73
1755868370.3299446,1,10,-73
1755868370.3679447,5,4,-70
1755868370.4039447,1,0,-71
1755868370.4419446,-2,2,-73
1755868370.4799447,-1,0,-79
1755868370.5179446,-2,-4,-78
1755868370.5539446,2,0,-74
1755868370.5919447,1,-3,-71
1755868370.6299446,3,-1,-70
1755868370.667945,-2,-2,-60
1755868370.7039447,6,-2,-66
1755868370.7419446,5,-2,-79
1755868370.779945,1,1,-75
1755868370.8179443,0,6,-58
1755868370.8539443,2,7,-70
1755868370.8919446,-5,2,-76
1755868370.9299445,-6,-3,-70
1755868370.9679446,0,-2,-76
1755868371.0039446,-4,0,-80
1755868371.0419445,0,-3,-76
1755868371.0799446,12,0,-67
1755868371.1179447,0,-4,-66
1755868371.1539447,-6,2,-66
1755868371.1919446,-1,2,-66
1755868371.2299447,-7,2,-71
1755868371.2679446,-2,2,-64
1755868371.3039446,6,0,-69
1755868371.3409443,-3,-2,-63
1755868371.3799446,1,-4,-68
1755868371.4159446,1,-6,-77
1755868371.4539447,-2,-3,-66
1755868371.4919446,-3,0,-67
1755868371.529945,3,-7,-82
1755868371.5689447,-2,0,-69
1755868371.6049447,9,0,-63
1755868371.6419446,4,-2,-59
1755868371.6799445,1,0,-76
1755868371.7159443,-3,-1,-72
1755868371.7539446,0,-1,-76
1755868371.7919445,6,0,-84
1755868371.8299446,2,1,-70
1755868371.8659446,0,-5,-83
1755868371.9039447,-3,-2,-81
1755868371.9419446,-4,3,-77
1755868371.9799447,0,5,-67
1755868372.0159447,0,3,-69
1755868372.052945,-4,6,-63
1755868372.0909443,1,0,-66
1755868372.1289446,0,-3,-72
1755868372.1649446,1,-6,-72
1755868372.2019446,-2,0,-62
1755868372.2409446,-4,-1,-67
1755868372.2789447,-1,0,-76
1755868372.3149445,1,1,-71
1755868372.3519447,3,3,-79
1755868372.3909447,-2,2,-80
1755868372.4289446,6,-4,-80
1755868372.4649446,2,-2,-74
1755868372.5029447,6,2,-62
1755868372.5409446,7,4,-68
1755868372.5789447,5,1,-67
1755868372.6149447,7,0,-73
1755868372.6519446,-1,1,-67
1755868372.690945,6,-3,-59
1755868372.7289443,5,2,-63
1755868372.7649446,-3,-4,-71
1755868372.802945,-2,-1,-68
1755868372.8409443,-4,-2,-78
1755868372.8799446,-1,0,-77
1755868372.9159446,1,0,-76
1755868372.9529445,-1,2,-72
1755868372.9909446,0,-3,-83
1755868373.029945,0,-3,-81
1755868373.0669446,-2,-7,-79
1755868373.1039443,-3,-2,-68
1755868373.1419446,5,-1,-64
1755868373.1809447,5,2,-74
1755868373.2169447,5,0,-79
1755868373.2539446,0,1,-76
1755868373.2909446,3,5,-69
1755868373.3269446,-3,3,-65
1755868373.3639443,-5,-2,-64
1755868373.4019446,-5,-2,-77
1755868373.440945,0,7,-75
1755868373.4769447,4,4,-70
1755868373.5139446,1,3,-67
1755868373.5519447,-1,0,-68
1755868373.5909443,3,2,-78
1755868373.6269443,4,3,-66
1755868373.6639447,0,5,-74
1755868373.700945,-1,4,-74
1755868373.7399447,-5,0,-56
1755868373.7759447,7,-1,-70
1755868373.8139446,7,-4,-73
1755868373.8519447,2,0,-73
1755868373.8899446,2,2,-81
1755868373.9259446,4,1,-86
1755868373.9629445,3,-1,-68
1755868374.0019443,3,-1,-65
1755868374.0399446,1,0,-74
1755868374.075945,1,-6,-78
1755868374.1129446,0,0,-70
1755868374.1509447,3,1,-72
1755868374.1869447,7,0,-79
1755868374.223945,6,-3,-70
1755868374.2629447,1,-1,-84
1755868374.3009446,0,-1,-77
1755868374.3369446,0,0,-73
1755868374.3739443,8,0,-75
1755868374.4129446,0,-7,-69
1755868374.450945,0,-11,-75
1755868374.486945,5,-6,-78
1755868374.5239446,-3,0,-70
1755868374.562945,1,-2,-73
1755868374.6009445,-2,-3,-67
1755868374.6369443,2,4,-73
1755868374.6739447,3,-1,-67
1755868374.7129445,-8,-1,-69
1755868374.7509446,-5,-4,-74
1755868374.7869446,-7,-1,-84
1755868374.8249447,-5,0,-69
1755868374.8629446,1,4,-73
1755868374.9009447,0,0,-74
1755868374.9369447,0,8,-68
1755868374.973945,0,-2,-79
1755868375.0129447,-1,1,-74
1755868375.0509446,1,0,-74
1755868375.0869446,-2,-6,-75
1755868375.1249447,-1,-1,-69
1755868375.1629446,-1,0,-73
1755868375.2019446,2,0,-77
1755868375.2379446,2,5,-75
1755868375.2749443,-9,-1,-79
1755868375.312945,-7,4,-65
1755868375.3519447,-3,3,-75
1755868375.3879447,-6,2,-72
1755868375.4249446,0,-5,-79
1755868375.4629445,0,0,-79
1755868375.5009446,7,6,-72
1755868375.5369446,2,3,-73
1755868375.5749447,-6,0,-86
1755868375.611945,-1,-4,-76
1755868375.6509447,-5,-1,-80
1755868375.6869447,-3,0,-70
1755868375.7249446,-4,0,-78
1755868375.7629447,-3,1,-77
1755868375.8009446,2,-1,-72
1755868375.8369446,-1,0,-70
1755868375.8749447,-3,-3,-73
1755868375.9129446,5,-3,-67
1755868375.950945,1,4,-68
1755868375.986945,0,-1,-76
1755868376.0239446,5,2,-77
1755868376.062945,1,2,-71
1755868376.1009445,-2,-3,-72
1755868376.1369443,4,-1,-74
1755868376.1749446,0,2,-64
1755868376.2129445,4,0,-69
1755868376.2519443,6,-3,-62
1755868376.2879446,3,-3,-61
1755868376.3249447,-4,-7,-80
1755868376.3629446,0,0,-72
1755868376.4019446,-4,1,-74
1755868376.437945,-1,5,-73
1755868376.4759445,-6,0,-75
1755868376.5139446,-1,0,-74
1755868376.552945,-4,-3,-79
1755868376.5909443,-3,6,-75
1755868376.6269443,0,-3,-85
1755868376.6639447,-10,0,-72
1755868376.7029445,-1,-8,-80
1755868376.7389443,-2,-5,-76
1755868376.7769446,0,3,-73
1755868376.8139446,-1,2,-88
1755868376.8529446,-2,0,-74
1755868376.8889446,-2,1,-68
1755868376.9259446,1,0,-77
1755868376.963945,6,-3,-87
1755868377.0029447,2,-1,-64
1755868377.0389447,2,-2,-66
1755868377.075945,-4,2,-70
1755868377.1139443,-2,0,-62
1755868377.157945,0,2,-80
1755868377.1969447,-2,2,-71
1755868377.233945,0,-2,-65
1755868377.2729447,5,5,-66
1755868377.3099446,7,1,-77
1755868377.3469446,0,0,-73
1755868377.3839445,-2,-4,-68
1755868377.4229443,0,0,-61
1755868377.4589446,0,1,-64
1755868377.4959445,-6,-1,-73
1755868377.5339446,-2,1,-81
1755868377.5729446,1,2,-80
1755868377.608945,1,0,-83
1755868377.6459446,6,0,-77
1755868377.6839447,4,-2,-87
1755868377.7229445,-1,-1,-82
1755868377.7589445,7,-2,-70
1755868377.7969446,-7,1,-71
1755868377.8349447,-7,5,-76
1755868377.8739443,-7,1,-70
1755868377.9119446,3,-5,-73
1755868377.9479446,-2,-4,-81
1755868377.9859445,0,-5,-76
1755868378.0239446,2,1,-75
1755868378.062945,0,0,-73
1755868378.098945,-2,-2,-65
1755868378.1369443,1,-2,-67
1755868378.1749446,3,1,-75
1755868378.2129445,-5,2,-87
1755868378.2489443,-2,1,-83
1755868378.2869446,0,0,-66
1755868378.3249447,-1,3,-70
1755868378.3639443,-3,-4,-74
1755868378.4019446,0,-1,-72
1755868378.437945,-8,-6,-71
1755868378.4769447,-11,-6,-70
1755868378.5139446,-5,-8,-79
1755868378.552945,2,3,-86
1755868378.588945,-1,6,-74
1755868378.6269443,7,7,-82
1755868378.6639447,0,1,-71
1755868378.6999447,-3,4,-70
1755868378.7379446,0,-6,-70
1755868378.7769446,0,-6,-72
1755868378.8139446,1,-11,-78
1755868378.8529446,7,-3,-82
1755868378.8889446,6,-1,-74
1755868378.9269447,0,0,-67
1755868378.963945,-4,10,-74
1755868379.0029447,-8,0,-72
1755868379.0389447,-9,-3,-77
1755868379.0769446,-5,0,-72
1755868379.1149447,4,-3,-70
1755868379.1539447,-1,-5,-67
1755868379.1899445,0,-3,-61
1755868379.2269447,0,-5,-71
1755868379.2649446,0,-2,-79
1755868379.3039446,-4,0,-71
1755868379.3399446,2,3,-76
1755868379.3769443,4,-1,-70
1755868379.4149446,1,0,-75
1755868379.4539447,4,-3,-75
1755868379.4899447,-3,1,-89
1755868379.5269446,-3,3,-87
1755868379.5649445,-3,0,-72
1755868379.6039443,-2,1,-76
1755868379.6399446,0,0,-71
1755868379.6769447,2,-3,-69
1755868379.7149446,3,-6,-77
1755868379.7539446,6,-4,-64
1755868379.7899446,-1,0,-68
1755868379.8279445,-4,-1,-71
1755868379.8669446,1,-5,-69
1755868379.904945,0,2,-71
1755868379.9429443,7,-1,-72
1755868379.9789443,10,-1,-72
1755868380.0169446,0,0,-69
1755868380.0549445,1,-8,-78
1755868380.0939443,-6,-1,-67
1755868380.1299446,-3,-3,-64
1755868380.167945,2,-3,-75
1755868380.2059443,2,-3,-69
1755868380.2449446,7,5,-71
1755868380.2809446,0,3,-74
1755868380.3179443,-3,-1,-70
1755868380.3559446,-6,2,-67
1755868380.394945,-2,3,-72
1755868380.4309447,-2,1,-77
1755868380.4679446,6,0,-78
1755868380.5049446,5,2,-59
1755868380.5409446,10,-1,-67
1755868380.5789447,11,-1,-74
1755868380.6169446,0,-3,-74
1755868380.654945,-3,-2,-80
1755868380.6939447,0,-3,-79
1755868380.7299447,0,0,-77
1755868380.7669446,4,-4,-74
1755868380.8049445,10,0,-67
1755868380.8409443,7,-2,-60
1755868380.8789446,6,-2,-73
1755868380.9169445,-6,0,-71
1755868380.9549446,-9,0,-66
1755868380.9939446,-3,0,-80
1755868381.029945,3,6,-74
1755868381.0669446,0,0,-78
1755868381.1059446,-4,-3,-75
1755868381.1439445,-2,6,-82
1755868381.1799445,6,3,-73
1755868381.2169447,-3,-1,-76
1755868381.2559447,-1,-6,-76
1755868381.2939446,-2,0,-71
1755868381.3299446,4,-1,-69
1755868381.3669446,6,1,-74
1755868381.404945,0,-2,-75
1755868381.440945,2,0,-74
1755868381.4789443,2,-7,-80
1755868381.5169446,1,0,-83
1755868381.5559447,-5,4,-81
1755868381.5939443,0,4,-59
1755868381.6299446,2,6,-66
1755868381.667945,3,3,-65
1755868381.7059443,-1,-1,-76
1755868381.7439446,3,6,-79
1755868381.779945,3,0,-79
1755868381.8179443,0,1,-75
1755868381.8559446,0,-4,-74
1755868381.8939445,0,3,-81
1755868381.9299445,1,-3,-81
1755868381.9679446,-4,-6,-83
1755868382.0059447,2,-6,-77
1755868382.0449443,-3,4,-70
1755868382.0809443,-1,3,-65
1755868382.1179447,2,2,-69
1755868382.1559446,-1,4,-71
1755868382.1919446,-2,0,-77
1755868382.2289443,-3,3,-60
1755868382.2679446,0,7,-59
1755868382.3059447,0,3,-78
1755868382.3419447,-12,-1,-73
1755868382.3809447,-1,0,-73
1755868382.417945,-1,1,-74
1755868382.4559443,0,6,-87
1755868382.4919446,4,9,-78
1755868382.5289447,0,0,-69
1755868382.565945,0,2,-74
1755868382.6019447,0,7,-69
1755868382.6389446,0,6,-81
1755868382.6759446,3,11,-65
1755868382.7149446,8,4,-62
1755868382.7509446,9,-3,-72
1755868382.7889447,2,1,-74
1755868382.8269446,0,0,-75
1755868382.8649447,-2,-3,-67
1755868382.9009447,4,-1,-63
1755868382.937945,10,-5,-71
1755868382.9769447,2,5,-69
1755868383.0149446,-3,0,-71
1755868383.0509446,-5,-2,-74
1755868383.088945,-3,-5,-77
1755868383.1269443,5,-2,-69
1755868383.1659446,6,-8,-71
1755868383.2019446,-3,-7,-71
1755868383.2399447,2,-4,-60
1755868383.2779446,-3,0,-65
1755868383.3169446,-3,1,-74
1755868383.3549447,-1,3,-71
1755868383.3909447,1,-2,-69
1755868383.4289446,0,2,-74
1755868383.4669447,-4,1,-76
1755868383.5049446,2,0,-73
1755868383.5409446,0,1,-67
1755868383.5789447,-5,0,-60
1755868383.6169446,1,1,-80
1755868383.6559446,3,1,-72
1755868383.6919446,3,0,-75
1755868383.7289443,0,-3,-71
1755868383.7669446,-2,5,-71
1755868383.8059447,3,-2,-72
1755868383.8419447,0,-8,-71
1755868383.8789446,0,-5,-75
1755868383.917945,-4,1,-71
1755868383.9559443,1,9,-81
1755868383.9919446,4,7,-69
1755868384.0289447,0,3,-65
1755868384.0669446,5,1,-61
1755868384.1029446,8,0,-75
1755868384.1409447,8,-1,-82
1755868384.1789446,0,-12,-82
1755868384.2169447,0,-6,-78
1755868384.2559447,-5,-11,-77
1755868384.2919445,4,0,-87
1755868384.3289447,5,1,-89
1755868384.3679447,0,-10,-73
1755868384.4059446,-3,-7,-65
1755868384.4419446,-2,-2,-78
1755868384.4799447,-2,1,-70
1755868384.5179446,0,8,-71
1755868384.5569446,5,0,-74
1755868384.5929446,4,2,-74
1755868384.6309447,0,-3,-72
1755868384.6689446,-1,-2,-73
1755868384.7079446,1,0,-67
1755868384.7459445,8,0,-66
1755868384.7819445,3,0,-64
1755868384.8189447,3,-5,-75
1755868384.8579447,6,-9,-79
1755868384.8959446,4,-1,-74
1755868384.9319446,3,-4,-69
1755868384.9699447,3,-7,-74
1755868385.0079446,0,-5,-72
1755868385.0469446,-5,2,-66
1755868385.0829446,3,1,-65
1755868385.1199446,0,1,-70
1755868385.157945,-1,8,-70
1755868385.1959443,-6,0,-78
1755868385.2319446,-10,1,-76
1755868385.2689445,-6,-2,-77
1755868385.3079443,-4,0,-69
1755868385.3459446,0,-8,-71
1755868385.381945,0,-9,-68
1755868385.4189446,4,-6,-71
1755868385.4579446,0,-3,-66
1755868385.4959445,7,-2,-66
1755868385.5319445,0,-2,-70
1755868385.5699446,-4,-3,-62
1755868385.6079447,7,-3,-67
1755868385.6469443,2,-8,-70
1755868385.6829443,4,-3,-73
1755868385.7219446,1,4,-70
1755868385.7589445,-2,0,-74
1755868385.7979443,2,1,-68
1755868385.8339446,-4,2,-71
1755868385.871945,0,2,-71
1755868385.9089446,-1,-2,-62
1755868385.9479446,1,0,-57
1755868385.983945,0,0,-58
1755868386.0209446,4,-5,-68
1755868386.0589447,4,-5,-75
1755868386.0979445,13,-4,-74
1755868386.1339445,8,-2,-65
1755868386.1719446,2,2,-67
1755868386.2099447,1,1,-69
1755868386.2479446,-1,-7,-63
1755868386.2869446,-2,-4,-72
1755868386.3229446,-4,-3,-66
1755868386.3609445,6,-9,-66
1755868386.3989446,2,-3,-75
1755868386.437945,1,-3,-72
1755868386.473945,4,-2,-67
1755868386.5119443,3,0,-68
1755868386.5489447,-3,0,-70
1755868386.5879445,4,-1,-73
1755868386.6239443,-7,2,-81
1755868386.6609447,-6,0,-77
1755868386.6989446,5,0,-73
1755868386.7379446,4,-4,-58
1755868386.7739446,1,5,-62
1755868386.8109446,6,2,-54
1755868386.848945,2,1,-73
1755868386.8869443,-4,-1,-75
1755868386.9229443,0,-2,-89
1755868386.9599447,4,2,-77
1755868386.9989443,-7,2,-74
1755868387.0369446,-1,0,-74
1755868387.0729446,-1,0,-70
1755868387.1099446,-2,-1,-76
1755868387.1489446,4,-2,-80
1755868387.1929443,0,0,-74
1755868387.2309446,2,2,-76
1755868387.2689445,5,1,-70
1755868387.3069446,-5,0,-67
1755868387.3429446,1,-5,-67
1755868387.3809447,0,-1,-67
1755868387.4189446,8,-3,-75
1755868387.4579446,3,0,-70
1755868387.4939446,3,-4,-76
1755868387.5319445,-4,8,-61
1755868387.5689447,0,0,-65
1755868387.6049447,5,0,-68
1755868387.6419446,6,-1,-62
1755868387.6799445,1,7,-75
1755868387.7189443,2,2,-77
1755868387.7549446,3,0,-83
1755868387.7919445,7,1,-69
1755868387.8289447,0,-5,-74
1755868387.8679447,0,-1,-70
1755868387.9039447,7,-7,-65
1755868387.940945,7,-5,-67
1755868387.9789443,-7,-1,-71
1755868388.0179446,-4,0,-69
1755868388.0539446,-1,-1,-70
1755868388.0919447,-3,-6,-87
1755868388.1299446,-1,1,-82
1755868388.1689446,-2,-7,-84
1755868388.2049446,3,-3,-72
1755868388.2419446,2,2,-67
1755868388.279945,2,2,-68
1755868388.3189447,3,3,-61
1755868388.3549447,1,2,-68
1755868388.3919446,-2,-2,-65
1755868388.4299445,-2,2,-79
1755868388.4689443,2,-1,-74
1755868388.5049446,-4,2,-73
1755868388.5419445,-9,-1,-70
1755868388.5799446,5,-1,-71
1755868388.6189446,5,0,-71
1755868388.654945,5,-3,-66
1755868388.6919446,1,0,-77
1755868388.7299447,1,4,-79
1755868388.7679446,1,1,-67
1755868388.8039446,-4,0,-73
1755868388.8409443,0,2,-69
1755868388.8799446,-3,3,-67
1755868388.917945,2,7,-73
1755868388.9539447,1,8,-69
1755868388.9909446,-1,3,-75
1755868389.029945,2,-2,-73
1755868389.0679443,7,-4,-74
1755868389.1039443,2,-5,-82
1755868389.1409447,-2,-1,-74
1755868389.1799445,-4,-3,-67
1755868389.2179446,1,0,-67
1755868389.2539446,-2,-4,-72
1755868389.2919445,0,0,-75
1755868389.3299446,9,0,-59
1755868389.3689446,0,3,-66
1755868389.404945,-6,1,-61
1755868389.4419446,0,4,-73
1755868389.4799447,-1,0,-61
1755868389.5189445,-1,-6,-69
1755868389.5549445,3,-5,-74
1755868389.5929446,3,-2,-80
1755868389.6309447,3,0,-82
1755868389.6689446,-6,1,-70
1755868389.7049446,-3,0,-73
1755868389.7419446,1,10,-73
1755868389.779945,1,1,-74
1755868389.815945,0,6,-76
1755868389.8529446,0,0,-72
1755868389.8919446,-6,2,-74
1755868389.9299445,1,-1,-71
1755868389.9659443,7,0,-79
1755868390.0029447,5,6,-82
1755868390.0409446,4,2,-75
1755868390.0789447,-6,-5,-68
1755868390.1149447,-5,-2,-57
1755868390.1529446,0,0,-74
1755868390.190945,4,1,-70
1755868390.2289443,0,-5,-66
1755868390.2649446,0,0,-72
1755868390.302945,-1,1,-63
1755868390.3419447,-4,0,-67
1755868390.3799446,5,1,-66
1755868390.4159446,0,0,-68
1755868390.4529445,-2,3,-61
1755868390.4919446,-7,3,-59
1755868390.529945,0,6,-70
1755868390.565945,0,-2,-72
1755868390.6029446,0,0,-70
1755868390.6409447,0,2,-85
1755868390.6789446,2,-3,-72
1755868390.7149446,-1,5,-65
1755868390.7529447,-3,-1,-65
1755868390.7909446,0,4,-66
1755868390.8299446,6,-3,-72
1755868390.8659446,7,0,-73
1755868390.9029446,2,0,-64
1755868390.940945,-1,3,-59
1755868390.9799447,-1,-2,-74
1755868391.0159447,0,-1,-75
1755868391.052945,-4,0,-76
1755868391.0909443,0,3,-78
1755868391.1299446,3,3,-76
1755868391.1659446,7,2,-70
1755868391.2029445,7,1,-86
1755868391.2409446,-4,-3,-72
1755868391.2769446,-3,-3,-74
1755868391.315945,2,0,-74
1755868391.3529446,4,0,-73
1755868391.3909447,4,5,-67
1755868391.4299445,-4,0,-72
1755868391.4659443,-1,0,-70
1755868391.5039446,3,-3,-76
1755868391.542945,6,0,-65
1755868391.5809443,3,4,-62
1755868391.6169446,0,-2,-69
1755868391.654945,0,0,-72
1755868391.6929443,0,-4,-71
1755868391.7309446,0,7,-83
1755868391.7669446,1,0,-76
1755868391.8049445,0,-8,-69
1755868391.8429446,3,0,-68
1755868391.8809447,-5,1,-63
1755868391.9169445,-12,10,-67
1755868391.9539447,-3,7,-78
1755868391.9929447,-2,-2,-82
1755868392.0309446,1,-3,-82
1755868392.0669446,0,-3,-72
1755868392.1049447,0,0,-58
1755868392.1419446,3,5,-68
1755868392.1809447,4,-1,-77
1755868392.2169447,3,-4,-82
1755868392.2539446,-6,7,-72
1755868392.292945,-12,4,-79
1755868392.3309443,5,-1,-66
1755868392.3669446,4,-2,-69
1755868392.4039447,1,-3,-74
1755868392.4429443,0,-5,-60
1755868392.4809446,-2,0,-74
1755868392.5169446,-3,5,-63
1755868392.5549445,2,-1,-64
1755868392.5929446,1,2,-67
1755868392.6309447,6,0,-72
1755868392.6669445,1,4,-72
1755868392.7039447,-3,2,-70
1755868392.7429447,5,0,-67
1755868392.7809446,2,2,-70
1755868392.8169446,-6,5,-77
1755868392.8539443,0,2,-71
1755868392.8919446,-3,8,-82
1755868392.927945,0,0,-67
1755868392.9659443,-4,-9,-70
1755868393.0029447,0,0,-72
1755868393.0419445,-4,-3,-62
1755868393.0779445,1,-2,-66
1755868393.1159446,0,-7,-71
1755868393.1539447,1,-7,-78
1755868393.1929443,0,0,-90
1755868393.2309446,0,-1,-79
1755868393.2669446,5,-5,-79
1755868393.3049445,3,-9,-63
1755868393.3429446,-2,0,-76
1755868393.381945,-1,0,-66
1755868393.417945,-9,0,-67
1755868393.4549446,-2,-1,-55
1755868393.4929447,-1,-9,-68
1755868393.5319445,-2,1,-62
1755868393.5679443,0,-4,-65
1755868393.6059446,-6,1,-69
1755868393.6439445,-5,2,-67
1755868393.6829443,-4,3,-76
1755868393.7209446,-5,5,-93
1755868393.756945,6,2,-80
1755868393.7939446,-4,9,-81
1755868393.8329446,1,5,-83
1755868393.8709445,1,1,-77
1755868393.9069445,4,-3,-81
1755868393.9459443,-1,-1,-59
1755868393.983945,4,-2,-66
1755868394.0219443,4,2,-61
1755868394.0579443,2,-4,-64
1755868394.0959446,-1,-6,-61
1755868394.1339445,1,-4,-71
1755868394.1729443,2,-4,-70
1755868394.210945,-2,1,-75
1755868394.246945,-4,0,-79
1755868394.2839446,-5,3,-68
1755868394.3229446,0,-4,-72
1755868394.3609445,1,0,-63
1755868394.3969443,0,1,-58
1755868394.4339447,3,-2,-77
1755868394.4729445,4,2,-68
1755868394.5109446,-6,-1,-70
1755868394.5469446,-8,0,-71
1755868394.5839446,0,4,-61
1755868394.621945,-2,0,-68
1755868394.657945,1,-1,-67
1755868394.6959443,0,-4,-67
1755868394.733945,2,0,-66
1755868394.7719443,-1,3,-71
1755868394.8089447,3,-1,-75
1755868394.8459446,-5,4,-78
1755868394.8839445,-3,6,-66
1755868394.9229443,-3,-5,-67
1755868394.9589446,-5,-6,-74
1755868394.996945,3,-4,-77
1755868395.0349443,-1,6,-75
1755868395.0729446,1,1,-77
1755868395.111945,2,-2,-75
1755868395.1479447,8,4,-73
1755868395.1849446,4,-2,-68
1755868395.223945,-3,0,-68
1755868395.2619443,7,4,-67
1755868395.2979443,8,-5,-76
1755868395.3349447,-1,-8,-70
1755868395.3729446,-4,-2,-63
1755868395.4119446,-3,1,-69
1755868395.4479446,0,-1,-75
1755868395.4859445,-9,0,-69
1755868395.5239446,0,3,-70
1755868395.5619447,3,1,-79
1755868395.5979445,0,-1,-71
1755868395.634945,0,0,-75
1755868395.6729443,3,-1,-70
1755868395.7089446,-1,-1,-65
1755868395.746945,2,0,-62
1755868395.7849443,5,-6,-74
1755868395.8239446,7,-2,-78
1755868395.861945,9,-2,-59
1755868395.8979447,6,-5,-71
1755868395.9349446,2,-6,-72
1755868395.973945,-3,0,-75
1755868396.0119443,7,-4,-69
1755868396.0479443,3,6,-72
1755868396.0849447,-4,7,-79
1755868396.1239443,-2,4,-71
1755868396.1619446,2,0,-71
1755868396.1979446,5,0,-63
1755868396.2359445,-3,-7,-65
1755868396.2749443,-2,-5,-80
1755868396.312945,-7,-6,-69
1755868396.348945,-9,-4,-64
1755868396.3869443,-4,1,-72
1755868396.4249446,2,1,-81
1755868396.463945,12,-7,-73
1755868396.4999447,7,-2,-74
1755868396.5369446,0,-10,-73
1755868396.5749447,1,-2,-72
1755868396.6139443,8,-2,-66
1755868396.6499443,1,-7,-71
1755868396.6869447,1,5,-64
1755868396.7249446,7,0,-69
1755868396.7629447,8,-4,-68
1755868396.7989447,3,-7,-79
1755868396.835945,1,-9,-62
1755868396.8739443,5,1,-63
1755868396.9129446,1,-8,-72
1755868396.9489446,2,-4,-67
1755868396.9859445,-9,4,-67
1755868397.0239446,-8,5,-63
1755868397.062945,0,1,-69
1755868397.098945,1,-2,-57
1755868397.1359446,1,-7,-70
1755868397.1749446,-1,0,-63
1755868397.2189443,-5,6,-75
1755868397.2579446,-2,2,-65
1755868397.2949443,-4,0,-75
1755868397.3339446,0,-9,-70
1755868397.3699446,-5,-5,-77
1755868397.407945,-3,-6,-72
1755868397.4459443,0,-7,-80
1755868397.4849446,4,2,-78
1755868397.5229447,1,1,-72
1755868397.5589447,-2,5,-80
1755868397.5969446,4,-2,-77
1755868397.6359446,0,-2,-63
1755868397.6739447,-6,-3,-73
1755868397.7099447,-6,-4,-71
1755868397.7489443,-9,0,-64
1755868397.7859447,-5,-1,-83
1755868397.8249447,-1,-2,-71
1755868397.8629446,-3,-4,-80
1755868397.8989446,9,-8,-72
1755868397.9359446,5,-1,-67
1755868397.9749446,-2,0,-83
1755868398.0129447,0,4,-59
1755868398.0489447,-1,5,-57
1755868398.085945,-6,2,-64
1755868398.1249447,-8,0,-74
1755868398.1629446,-11,-8,-73
1755868398.1989446,4,2,-78
1755868398.2359445,-2,2,-85
1755868398.2749443,0,-1,-77
1755868398.3109446,1,-2,-79
1755868398.3479445,9,-6,-77
1755868398.3859446,2,-4,-76
1755868398.4249446,5,3,-72
1755868398.460945,-2,0,-72
1755868398.4979446,9,2,-83
1755868398.5349443,2,-3,-72
1755868398.5739446,-4,-12,-72
1755868398.6099446,-5,3,-76
1755868398.6469443,6,0,-75
1755868398.6849446,3,3,-64
1755868398.7209446,3,0,-63
1755868398.7589445,-6,6,-80
1755868398.7969446,0,8,-71
1755868398.8349447,-3,1,-64
1755868398.8739443,-7,0,-80
1755868398.9099443,-10,5,-86
1755868398.9469447,-8,3,-80
1755868398.9859445,-1,2,-76
1755868399.0239446,-3,1,-76
1755868399.0599446,1,-2,-77
1755868399.0969446,0,-4,-73
1755868399.1359446,2,-3,-59
1755868399.1739447,1,-3,-73
1755868399.2099447,3,-12,-65
1755868399.2479446,1,0,-65
1755868399.2859447,-5,-1,-81
1755868399.3239446,-1,-9,-66
1755868399.3599446,2,-5,-69
1755868399.3979447,-3,-1,-66
1755868399.4359446,0,-2,-73
1755868399.473945,0,0,-74
1755868399.509945,5,6,-76
1755868399.5479443,-6,3,-80
1755868399.585945,-7,2,-76
1755868399.6249447,-6,0,-84
1755868399.6609447,-6,1,-71
1755868399.6979446,-5,0,-70
1755868399.7359445,0,0,-87
1755868399.7739446,2,0,-75
1755868399.8099446,-4,0,-69
1755868399.8479445,2,0,-69
1755868399.8859446,-3,-9,-77
1755868399.9239447,-1,3,-77
1755868399.9599447,0,-2,-70
1755868399.996945,0,-1,-73
1755868400.0359447,0,-1,-76
1755868400.0719447,-5,-7,-64
1755868400.1099446,0,4,-64
1755868400.1469443,3,1,-75
1755868400.1849446,0,-3,-65
1755868400.2209446,-3,-9,-66
1755868400.259945,-2,1,-70
1755868400.2979443,1,-7,-69
1755868400.335945,0,-3,-61
1755868400.371945,0,5,-60
1755868400.4089446,0,-5,-61
1755868400.4479446,0,-2,-67
1755868400.4859445,-6,-4,-67
1755868400.5219443,-2,-6,-79
1755868400.5599446,-2,1,-83
1755868400.5979445,-5,-4,-72
1755868400.6359446,0,4,-73
1755868400.6719446,4,-1,-81
1755868400.7099447,1,0,-62
1755868400.7479446,-1,0,-66
1755868400.7869446,-2,0,-82
1755868400.8249447,-8,-2,-85
1755868400.8609445,0,-5,-79
1755868400.8979447,0,4,-73
1755868400.9359446,0,5,-80
1755868400.9729445,8,0,-66
1755868401.009945,4,-1,-70
1755868401.0479443,-6,2,-74
1755868401.0869446,7,0,-71
1755868401.1249447,13,0,-76
1755868401.1609447,4,0,-77
1755868401.1979446,6,-3,-75
1755868401.236945,0,-3,-66
1755868401.2749443,-5,3,-74
1755868401.3109446,-6,0,-77
1755868401.348945,1,-2,-63
1755868401.3869443,-7,4,-78
1755868401.4259446,-6,3,-69
1755868401.4619446,-1,3,-51
1755868401.4999447,-5,-1,-71
1755868401.5379446,0,-6,-87
1755868401.5769446,0,-5,-92
1755868401.6149447,1,-1,-82
1755868401.6509447,5,2,-76
1755868401.6889446,5,6,-66
1755868401.7269447,5,0,-70
1755868401.7649446,2,-5,-61
1755868401.8009446,6,-3,-79
1755868401.838945,5,-3,-79
1755868401.8769443,-1,-2,-77
1755868401.9149446,-1,-1,-84
1755868401.9519446,0,2,-82
1755868401.9889443,5,0,-73
1755868402.0269446,-2,0,-72
1755868402.065945,4,-2,-66
1755868402.1019447,5,4,-81
1755868402.1389446,-4,3,-80
1755868402.1769447,2,-3,-72
1755868402.2159443,0,3,-75
1755868402.2519443,5,2,-76
1755868402.2889447,2,0,-64
1755868402.3269446,4,0,-60
1755868402.3629446,0,0,-69
1755868402.3999443,6,-1,-71
1755868402.4389446,1,4,-66
1755868402.4769447,4,2,-74
1755868402.5129447,1,3,-74
1755868402.5499446,1,2,-78
1755868402.588945,0,1,-79
1755868402.6269443,0,4,-64
1755868402.6629446,-1,4,-66
1755868402.6999447,-2,-5,-83
1755868402.7389443,-4,-4,-75
1755868402.7769446,-1,-1,-68
1755868402.812945,0,4,-70
1755868402.8499446,2,2,-66
1755868402.8879447,-5,9,-72
1755868402.9259446,0,5,-67
1755868402.9619446,0,0,-67
1755868402.9999447,-2,-1,-71
1755868403.0379446,1,-4,-75
1755868403.075945,0,4,-75
1755868403.111945,0,0,-80
1755868403.1499443,5,-2,-79
1755868403.187945,2,-2,-70
1755868403.2259445,4,0,-69
1755868403.2619443,5,1,-74
1755868403.2989447,-1,6,-79
1755868403.3379445,1,-2,-68
1755868403.3759446,-1,-1,-71
1755868403.4119446,0,0,-80
1755868403.4499447,4,-5,-82
1755868403.4879446,5,-6,-82
1755868403.5269446,3,-3,-72
1755868403.562945,6,-3,-70
1755868403.5999446,-3,-3,-64
1755868403.6379447,0,-1,-66
1755868403.6769447,-2,3,-67
1755868403.7129445,4,10,-62
1755868403.7499447,-3,3,-71
1755868403.7879446,5,4,-69
1755868403.8239446,1,2,-74
1755868403.8609445,3,-1,-73
1755868403.8989446,0,-5,-67
1755868403.937945,-7,-1,-72
1755868403.973945,-4,-2,-63
1755868404.0129447,3,-3,-69
1755868404.0499446,2,-6,-70
1755868404.0879445,5,-3,-63
1755868404.1269443,1,-4,-66
1755868404.1629446,2,-10,-77
1755868404.1999447,3,-2,-79
1755868404.2379446,-2,-1,-67
1755868404.2769446,-4,0,-67
1755868404.312945,0,2,-67
1755868404.3499446,0,1,-63
1755868404.3879447,-7,-1,-67
1755868404.4239447,6,1,-62
1755868404.460945,5,-3,-57
1755868404.4989443,5,4,-71
1755868404.5379446,5,0,-68
1755868404.5739446,-4,-1,-76
1755868404.611945,3,-7,-69
1755868404.6499443,0,2,-75
1755868404.6889446,4,4,-70
1755868404.7269447,8,-1,-68
1755868404.7629447,7,0,-71
1755868404.7999446,-2,-8,-73
1755868404.838945,2,-5,-65
1755868404.8769443,0,-2,-76
1755868404.9129446,-6,0,-67
1755868404.9499447,-10,-3,-74
1755868404.9889443,2,-8,-66
1755868405.0269446,3,7,-70
1755868405.062945,1,6,-62
1755868405.0999446,-1,-3,-52
1755868405.1389446,5,0,-66
1755868405.1769447,0,-3,-75
1755868405.2129445,0,-7,-72
1755868405.2509446,-7,-1,-63
1755868405.2889447,1,0,-78
1755868405.3269446,1,-3,-69
1755868405.3629446,6,-4,-74
1755868405.3999443,6,-1,-74
1755868405.4389446,3,-3,-76
1755868405.4749446,-4,-7,-70
1755868405.5129447,0,-2,-76
1755868405.5509446,2,-1,-63
1755868405.588945,0,-2,-68
1755868405.6279447,0,0,-69
1755868405.6639447,-2,0,-73
1755868405.7019446,0,-3,-72
1755868405.7399447,-4,0,-77
1755868405.7789447,-4,8,-77
1755868405.8149445,0,2,-74
1755868405.8519447,-1,0,-78
1755868405.8899446,0,-1,-70
1755868405.9289446,0,3,-85
1755868405.9649446,4,0,-72
1755868406.0019443,3,4,-75
1755868406.0409446,3,3,-79
1755868406.0789447,-5,0,-77
1755868406.1149447,1,3,-75
1755868406.1519446,0,-2,-84
1755868406.190945,7,8,-78
1755868406.2289443,0,0,-75
1755868406.2649446,-2,-6,-65
1755868406.302945,0,-2,-73
1755868406.3409443,4,-5,-57
1755868406.3799446,2,-4,-66
1755868406.417945,5,-1,-68
1755868406.4539447,1,0,-80
1755868406.4909446,1,-6,-74
1755868406.529945,-5,-1,-75
1755868406.5679443,0,0,-80
1755868406.6039443,7,-3,-69
1755868406.6409447,3,0,-67
1755868406.6789446,7,0,-61
1755868406.7149446,8,1,-69
1755868406.7519443,-6,-2,-74
1755868406.7909446,-8,3,-74
1755868406.8289447,-4,0,-62
1755868406.8649447,3,-2,-78
1755868406.9019446,1,0,-74
1755868406.9399445,-3,-3,-75
1755868406.9779446,-7,-8,-78
1755868407.0139446,1,-3,-84
1755868407.0509446,1,1,-78
1755868407.0899446,1,0,-70
1755868407.1279447,7,3,-72
1755868407.1639447,0,6,-60
1755868407.200945,5,9,-68
1755868407.2449446,1,11,-72
1755868407.282945,0,6,-60
1755868407.3209443,-2,0,-73
1755868407.3599446,0,-6,-77
1755868407.3959446,0,-8,-79
1755868407.4349446,2,0,-85
1755868407.4719446,1,-7,-72
1755868407.509945,5,-13,-75
1755868407.5489447,2,-11,-86
1755868407.5849447,1,-9,-84
1755868407.621945,2,0,-81
1755868407.6599443,0,-2,-81
1755868407.6989446,2,0,-79
1755868407.7349446,0,0,-77
1755868407.7719443,0,-5,-67
1755868407.8099446,0,0,-69
1755868407.848945,0,0,-71
1755868407.884945,6,-4,-78
1755868407.9219446,6,-1,-72
1755868407.960945,4,-3,-79
1755868407.9989443,-10,0,-78
1755868408.0349443,7,0,-65
1755868408.0719447,-2,-5,-75
1755868408.1109445,-4,1,-70
1755868408.1489446,-1,-2,-66
1755868408.1849446,5,-3,-69
1755868408.2219446,-4,-3,-74
1755868408.2609446,0,-4,-70
1755868408.2989447,-5,0,-74
1755868408.3349447,-2,-5,-61
1755868408.3739443,1,-9,-67
1755868408.4109447,0,-2,-70
1755868408.4499447,0,0,-75
1755868408.4859445,-3,0,-78
1755868408.5239446,5,3,-81
1755868408.5609446,3,0,-68
1755868408.5999446,3,3,-65
1755868408.6359446,4,-5,-66
1755868408.6739447,3,-7,-62
1755868408.7119446,4,-3,-66
1755868408.7509446,5,-7,-59
1755868408.7889447,5,-3,-67
1755868408.8249447,1,-4,-66
1755868408.8629446,-1,-2,-59
1755868408.9009447,-7,1,-67
1755868408.9399445,5,-2,-67
1755868408.9759445,5,1,-71
1755868409.0129447,1,5,-81
1755868409.0509446,3,3,-64
1755868409.0899446,8,-3,-80
1755868409.1259446,-2,-1,-87
1755868409.1639447,4,0,-76
1755868409.2019446,3,-6,-71
1755868409.2409446,-3,-5,-68
1755868409.2769446,2,0,-66
1755868409.3139446,4,-3,-75
1755868409.3519447,0,-1,-78
1755868409.3909447,0,-4,-72
1755868409.4269447,-7,2,-61
1755868409.463945,2,-7,-63
1755868409.5029447,-2,0,-76
1755868409.5409446,-5,-4,-68
1755868409.5769446,4,-3,-64
1755868409.6139443,-7,0,-77
1755868409.6529446,0,6,-73
1755868409.690945,0,2,-70
1755868409.7269447,3,-3,-60
1755868409.7639446,1,-4,-68
1755868409.802945,-3,2,-74
1755868409.8409443,-12,-1,-79
1755868409.8769443,-14,-4,-86
1755868409.9149446,-9,1,-67
1755868409.9529445,-6,1,-61
1755868409.9919446,2,-8,-68
1755868410.029945,3,0,-72
1755868410.065945,-6,0,-73
1755868410.1029446,-2,-2,-68
1755868410.1419446,-6,0,-83
1755868410.1799445,3,-1,-61
1755868410.2159443,1,1,-65
1755868410.2529447,-3,6,-73
1755868410.2919445,-2,4,-73
1755868410.3299446,-8,-4,-74
1755868410.3659446,-5,-5,-74
1755868410.4039447,-6,-2,-78
1755868410.4419446,-6,-8,-59
1755868410.4809446,0,-3,-63
1755868410.5169446,1,-3,-73
1755868410.5559447,-1,-2,-71
1755868410.5939443,0,0,-73
1755868410.631945,0,-3,-69
1755868410.6699443,-9,0,-70
1755868410.7069447,-3,-7,-68
1755868410.7449446,7,-2,-65
1755868410.782945,-2,0,-64
1755868410.8219447,-4,3,-71
1755868410.8579447,-1,-4,-65
1755868410.8969443,0,-9,-74
1755868410.9339447,0,-5,-76
1755868410.9729445,-3,3,-82
1755868411.0109446,0,1,-82
1755868411.0469446,0,-5,-84
1755868411.0839446,0,-1,-79
1755868411.1229446,0,0,-77
1755868411.1609447,-5,0,-72
1755868411.1969447,1,2,-77
1755868411.233945,2,9,-84
1755868411.2719443,0,7,-82
1755868411.3079443,2,3,-69
1755868411.3449447,-3,10,-65
1755868411.3829446,1,1,-85
1755868411.4219446,5,-3,-73
1755868411.4579446,4,1,-68
1755868411.4949446,4,0,-61
1755868411.532945,-1,-5,-73
1755868411.5719447,-2,1,-77
1755868411.6079447,-2,1,-69
1755868411.644945,3,-2,-71
1755868411.6839447,1,-4,-75
1755868411.7219446,-12,-2,-82
1755868411.7579446,-7,-4,-87
1755868411.7969446,4,-1,-79
1755868411.8339446,-1,-1,-79
1755868411.8729446,0,1,-61
1755868411.9109447,0,-3,-69
1755868411.9469447,1,0,-71
1755868411.983945,2,0,-65
1755868412.0219443,-1,0,-56
1755868412.0579443,3,-3,-76
1755868412.0949447,0,-3,-61
1755868412.1329446,0,4,-78
1755868412.1719446,0,-2,-68
1755868412.2079446,-3,0,-70
1755868412.2449446,-7,-1,-76
1755868412.2849443,-4,-3,-84
1755868412.3229446,0,2,-71
1755868412.3609445,3,-1,-71
1755868412.3969443,3,4,-64
1755868412.4339447,2,7,-71
1755868412.4729445,-3,4,-61
1755868412.5109446,0,-3,-81
1755868412.5469446,-1,0,-65
1755868412.5849447,4,3,-65
1755868412.6229446,2,3,-71
1755868412.6589446,0,1,-66
1755868412.6959443,1,4,-80
1755868412.733945,-4,5,-73
1755868412.7729447,2,0,-64
1755868412.8089447,-6,5,-63
1755868412.8459446,-4,2,-67
1755868412.884945,-6,-1,-78
1755868412.9229443,-4,3,-87
1755868412.9589446,-1,0,-72
1755868412.996945,0,3,-75
1755868413.0349443,0,5,-79
1755868413.0729446,-3,5,-71
1755868413.108945,0,11,-63
1755868413.1459446,6,10,-75
1755868413.1829443,7,2,-63
1755868413.2189443,8,4,-75
1755868413.2559447,8,0,-70
1755868413.292945,5,-2,-73
1755868413.3319447,0,4,-68
1755868413.3679447,0,-2,-77
1755868413.404945,-2,2,-80
1755868413.4439447,1,2,-80
1755868413.4819446,-1,-4,-83
1755868413.5179446,0,-5,-80
1755868413.5549445,-2,-7,-76
1755868413.5939443,-2,5,-70
1755868413.631945,0,-2,-79
1755868413.667945,4,0,-84
1755868413.7049446,-2,3,-81
1755868413.7439446,-10,-2,-72
1755868413.7819445,-7,-2,-67
1755868413.8179443,-1,0,-71
1755868413.8549447,0,-4,-73
1755868413.8939445,1,4,-70
1755868413.9319446,4,6,-76
1755868413.9679446,1,3,-72
1755868414.0049446,7,3,-66
1755868414.042945,0,2,-69
1755868414.0789447,-6,4,-69
1755868414.1159446,0,3,-70
1755868414.154945,-2,5,-71
1755868414.1929443,-3,8,-61
1755868414.2289443,-4,6,-71
1755868414.2659447,0,-2,-77
1755868414.3049445,-2,-6,-75
1755868414.3429446,-6,-1,-71
1755868414.3789446,-6,-4,-64
1755868414.417945,-4,-4,-78
1755868414.4549446,-1,-7,-69
1755868414.4939446,-4,-4,-66
1755868414.529945,0,-1,-73
1755868414.5679443,-4,1,-81
1755868414.6049447,0,-7,-72
1755868414.6439445,1,-7,-76
1755868414.6799445,7,-4,-74
1755868414.7179446,0,0,-68
1755868414.7549446,-1,0,-73
1755868414.7939446,4,-1,-74
1755868414.8299446,0,-6,-71
1755868414.8679447,0,0,-71
1755868414.904945,2,2,-78
1755868414.9429443,3,1,-67
1755868414.9789443,4,0,-59
1755868415.0159447,-2,-3,-70
1755868415.0549445,-4,3,-76
1755868415.0929446,-9,-3,-72
1755868415.1289446,-10,5,-63
1755868415.1659446,1,3,-79
1755868415.2039447,1,5,-81
1755868415.2399447,-2,-1,-62
1755868415.2789447,0,4,-76
1755868415.315945,0,1,-74
1755868415.3539443,5,4,-70
1755868415.3899446,1,0,-67
1755868415.4269447,0,10,-81
1755868415.4649446,2,2,-92
1755868415.5029447,-1,5,-71
1755868415.5389447,-1,-1,-62
1755868415.5769446,8,-2,-80
1755868415.6149447,6,0,-68
1755868415.6539447,-1,0,-71
1755868415.6899445,2,4,-68
1755868415.7269447,-2,4,-64
1755868415.7659447,-3,-2,-76
1755868415.8039446,-1,-2,-76
1755868415.8399446,-1,0,-80
1755868415.8769443,-4,-3,-65
1755868415.9149446,1,1,-69
1755868415.9539447,-3,3,-75
1755868415.9899447,9,-5,-75
1755868416.0269446,4,7,-74
1755868416.0649445,0,2,-69
1755868416.1029446,4,-3,-67
1755868416.1389446,3,2,-76
1755868416.1769447,2,-4,-83
1755868416.2149446,1,0,-73
1755868416.2539446,4,0,-66
1755868416.2899446,4,-4,-70
1755868416.3279445,1,1,-70
1755868416.3669446,12,2,-79
1755868416.404945,0,5,-67
1755868416.4419446,-1,9,-69
1755868416.4789443,-3,0,-72
1755868416.5169446,0,4,-63
1755868416.5549445,-6,6,-66
1755868416.5909443,-5,6,-73
1755868416.6289446,-6,7,-77
1755868416.6669445,-2,-3,-73
1755868416.7049446,-3,6,-69
1755868416.7439446,5,7,-73
1755868416.779945,0,6,-71
1755868416.8169446,0,-11,-78
1755868416.8549447,-2,-9,-61
1755868416.8939445,-2,-9,-65
1755868416.9299445,-4,-10,-71
1755868416.9679446,-5,-6,-74
1755868417.006945,5,-3,-72
1755868417.0449443,-2,-1,-78
1755868417.0809443,0,3,-65
1755868417.1189446,0,0,-75
1755868417.1559446,8,0,-71
1755868417.1949446,0,-1,-67
1755868417.2309446,1,-3,-67
1755868417.2769446,-1,-4,-64
1755868417.3149445,0,-2,-71
1755868417.3509445,-1,1,-73
1755868417.3879447,5,-3,-69
1755868417.4259446,-4,-5,-80
1755868417.4649446,0,1,-72
1755868417.5009446,-6,-2,-64
1755868417.5389447,-3,-3,-69
1755868417.5769446,4,-1,-76
1755868417.6159446,-1,-4,-80
1755868417.6539447,0,3,-65
1755868417.6899445,3,0,-73
1755868417.7269447,1,3,-70
1755868417.7659447,0,3,-73
1755868417.8039446,3,8,-66
1755868417.8399446,-1,0,-70
1755868417.8769443,-7,-4,-65
1755868417.9159446,-6,-3,-74
1755868417.9539447,0,-3,-74
1755868417.9899447,-1,-5,-72
1755868418.0279446,1,-2,-73
1755868418.0669446,0,-3,-69
1755868418.1049447,-5,4,-72
1755868418.1409447,-1,0,-65
1755868418.177945,-1,-1,-68
1755868418.2169447,0,-2,-74
1755868418.2549446,-3,4,-71
1755868418.2909446,-3,6,-86
1755868418.3289447,-7,0,-61
1755868418.3669446,1,-3,-68
1755868418.4059446,0,4,-67
1755868418.4419446,-5,3,-75
1755868418.4789443,0,0,-75
1755868418.5169446,3,-3,-93
1755868418.5549445,-1,-3,-75
1755868418.5909443,-4,-2,-72
1755868418.6289446,-8,-3,-77
1755868418.6669445,4,-6,-66
1755868418.7059443,5,-7,-72
1755868418.7419446,4,-3,-68
1755868418.7789447,3,3,-68
1755868418.8169446,-4,0,-67
1755868418.8549447,-3,1,-68
1755868418.8909447,4,4,-81
1755868418.927945,6,-6,-81
1755868418.9669447,11,-2,-79
1755868419.0049446,0,-9,-71
1755868419.0409446,-6,-5,-73
1755868419.0789447,-5,0,-62
1755868419.1169446,-3,-5,-76
1755868419.1559446,2,-6,-79
1755868419.1919446,-1,-5,-72
1755868419.2299447,-3,1,-57
1755868419.2679446,0,2,-69
1755868419.3059447,-1,0,-82
1755868419.3419447,-1,0,-79
1755868419.3789446,-2,7,-76
1755868419.4169445,-7,2,-69
1755868419.4559443,-6,0,-92
1755868419.4919446,-4,5,-79
1755868419.5289447,5,7,-78
1755868419.5669446,9,0,-65
1755868419.6049447,3,1,-63
1755868419.6409447,0,-3,-72
1755868419.677945,-3,1,-76
1755868419.7169447,1,2,-75
1755868419.7529447,-3,-4,-70
1755868419.7909446,2,1,-57
1755868419.8279445,-2,2,-62
1755868419.8669446,5,4,-76
1755868419.9029446,4,2,-63
1755868419.940945,1,0,-60
1755868419.9779446,3,-2,-76
1755868420.0169446,1,-4,-77
1755868420.052945,3,0,-71
1755868420.0909443,5,5,-73
1755868420.1279447,-3,3,-72
1755868420.1669445,0,0,-82
1755868420.2029445,-8,0,-73
1755868420.2409446,-5,2,-66
1755868420.2779446,7,8,-67
1755868420.315945,3,2,-72
1755868420.3519447,-1,2,-69
1755868420.3889446,0,0,-69
1755868420.4269447,0,-5,-73
1755868420.4629445,-1,1,-64
1755868420.5009446,3,0,-69
1755868420.5379446,-5,2,-67
1755868420.5769446,0,-1,-69
1755868420.6129446,3,0,-72
1755868420.6499443,4,3,-70
1755868420.687945,3,-1,-71
1755868420.7259445,-1,-1,-77
1755868420.7619443,-6,0,-69
1755868420.7999446,-3,2,-66
1755868420.8379445,2,2,-71
1755868420.8759446,1,8,-72
1755868420.9119446,1,4,-76
1755868420.9499447,-5,0,-68
1755868420.9879446,0,0,-75
1755868421.0259447,2,1,-60
1755868421.0619447,-5,0,-74
1755868421.0999446,0,-4,-72
1755868421.1379447,-3,-9,-69
1755868421.1759446,-5,-6,-71
1755868421.2119446,-6,0,-81
1755868421.2499447,1,3,-66
1755868421.2879446,6,6,-70
1755868421.325945,9,4,-76
1755868421.361945,0,1,-60
1755868421.3999443,0,3,-61
1755868421.437945,0,0,-72
1755868421.4759445,-1,-9,-82
1755868421.5119443,-1,-5,-69
1755868421.5499446,1,-2,-67
1755868421.5879445,1,1,-63
1755868421.6269443,-1,2,-64
1755868421.6629446,1,3,-64
1755868421.6999447,5,1,-76
1755868421.7379446,2,0,-72
1755868421.7739446,5,-5,-66
1755868421.8109446,0,-5,-68
1755868421.8499446,3,-9,-74
1755868421.8879447,-3,-4,-75
1755868421.9239447,5,3,-72
1755868421.960945,1,1,-70
1755868421.9979446,6,0,-72
1755868422.0339446,-3,-3,-72
1755868422.0719447,-2,-4,-69
1755868422.1109445,6,0,-72
1755868422.1479447,-3,-4,-73
1755868422.1869447,2,3,-67
1755868422.2229445,-2,1,-75
1755868422.2609446,-2,5,-81
1755868422.2999446,0,0,-77
1755868422.3379445,-4,-6,-74
1755868422.3739443,-2,0,-77
1755868422.4109447,6,-1,-70
1755868422.4499447,1,4,-70
1755868422.4879446,1,-1,-78
1755868422.5239446,0,2,-53
1755868422.5609446,4,2,-66
1755868422.598945,0,1,-61
1755868422.6369443,0,2,-64
1755868422.6729443,0,3,-72
1755868422.7099447,-15,-1,-77
1755868422.7489443,-4,0,-80
1755868422.7869446,5,-1,-74
1755868422.8229446,0,-3,-74
1755868422.8609445,4,6,-74
1755868422.8989446,4,0,-72
1755868422.9369447,-5,0,-70
1755868422.9729445,0,3,-65
1755868423.009945,0,1,-61
1755868423.0479443,1,1,-67
1755868423.0839446,-1,4,-76
1755868423.1209445,1,2,-67
1755868423.1589446,-4,1,-74
1755868423.1979446,-4,0,-77
1755868423.233945,-3,-1,-77
1755868423.2719443,-3,-1,-68
1755868423.3099446,-3,-1,-81
1755868423.348945,-7,-6,-66
1755868423.384945,-2,-5,-63
1755868423.4229443,-4,-7,-64
1755868423.460945,1,-3,-70
1755868423.4989443,8,1,-66
1755868423.5379446,-3,-5,-69
1755868423.5739446,-1,-3,-76
1755868423.611945,0,4,-70
1755868423.6499443,1,-1,-65
1755868423.687945,0,1,-76
1755868423.723945,6,-3,-63
1755868423.7619443,2,2,-68
1755868423.7999446,4,0,-76
1755868423.8379445,-2,4,-76
1755868423.8739443,0,2,-63
1755868423.9109447,5,-1,-68
1755868423.9489446,4,3,-73
1755868423.9879446,5,4,-75
1755868424.0239446,1,4,-71
1755868424.0619447,2,-3,-69
1755868424.0999446,3,0,-65
1755868424.1379447,0,3,-85
1755868424.1739447,-1,-1,-80
1755868424.2119446,2,4,-72
1755868424.2499447,0,1,-76
1755868424.2879446,2,-5,-82
1755868424.3239446,-2,-2,-80
1755868424.361945,0,1,-78
1755868424.3999443,0,0,-84
1755868424.437945,4,2,-76
1755868424.473945,6,1,-68
1755868424.5119443,1,-8,-74
1755868424.5499446,-1,-14,-65
1755868424.5879445,1,-6,-66
1755868424.6249447,0,-3,-66
1755868424.6619446,5,0,-65
1755868424.6999447,0,-9,-71
1755868424.7379446,1,1,-69
1755868424.7739446,6,0,-67
1755868424.8119447,8,-1,-72
1755868424.8499446,6,-6,-72
1755868424.8889446,-2,0,-82
1755868424.9249446,3,-3,-72
1755868424.9619446,0,-6,-79
1755868424.9999447,0,-1,-87
1755868425.0389447,-2,0,-79
1755868425.0749447,3,-3,-82
1755868425.111945,-2,0,-79
1755868425.1499443,4,0,-69
1755868425.1859446,6,0,-67
1755868425.2229445,3,-3,-72
1755868425.2609446,0,-1,-76
1755868425.2999446,-4,-3,-71
1755868425.335945,-3,-4,-69
1755868425.3739443,-8,0,-62
1755868425.4119446,-7,5,-60
1755868425.4499447,-3,1,-64
1755868425.4889443,-7,-1,-72
1755868425.5249443,-5,3,-73
1755868425.5619447,7,5,-73
1755868425.5999446,5,2,-67
1755868425.6359446,-1,7,-68
1755868425.6729443,0,7,-84
1755868425.7099447,6,2,-80
1755868425.7459445,2,2,-78
1755868425.7839446,-1,0,-70
1755868425.8209443,-7,3,-72
1755868425.8599446,7,1,-74
1755868425.8959446,-7,4,-81
1755868425.9339447,-5,4,-78
1755868425.9709446,-4,-3,-85
1755868426.009945,5,-7,-79
1755868426.0459447,7,0,-85
1755868426.0839446,0,0,-76
1755868426.1209445,-2,-6,-70
1755868426.1599443,-4,-2,-84
1755868426.1959443,0,-5,-78
1755868426.233945,-3,-9,-73
1755868426.2709446,-3,0,-81
1755868426.3099446,-2,5,-74
1755868426.3459446,-3,0,-59
1755868426.3839445,-7,-1,-69
1755868426.4209447,-5,-11,-66
1755868426.4599447,-3,-3,-67
1755868426.4959445,0,-1,-77
1755868426.532945,-6,1,-76
1755868426.5709443,5,-1,-76
1755868426.6099446,4,-5,-66
1755868426.6459446,3,-3,-56
1755868426.6839447,1,-3,-62
1755868426.7209446,1,3,-68
1755868426.7589445,-7,0,-64
1755868426.7949443,0,2,-60
1755868426.8329446,-3,-2,-71
1755868426.8709445,-1,1,-78
1755868426.9089446,1,-8,-83
1755868426.9449446,2,-6,-81
1755868426.9819446,-4,-3,-71
1755868427.0209446,-7,-4,-65
1755868427.0569446,-1,-4,-66
1755868427.0959446,1,-1,-67
1755868427.1339445,8,-6,-66
1755868427.1709447,4,-8,-70
1755868427.2099447,3,0,-78
1755868427.2459445,-2,-2,-70
1755868427.2919445,-1,-5,-73
1755868427.3299446,5,-3,-78
1755868427.3659446,1,-2,-76
1755868427.404945,0,3,-79
1755868427.4419446,-3,-1,-72
1755868427.4809446,0,-7,-73
1755868427.5169446,0,-3,-70
1755868427.5549445,-4,0,-71
1755868427.5929446,-1,1,-78
1755868427.6309447,1,-1,-71
1755868427.6699443,-3,1,-64
1755868427.7059443,-6,-4,-72
1755868427.7439446,-4,-6,-64
1755868427.7819445,-2,3,-69
1755868427.8209443,0,2,-73
1755868427.8569446,-1,3,-76
1755868427.8939445,-2,0,-65
1755868427.9319446,6,-9,-68
1755868427.9709446,0,1,-62
1755868428.006945,4,1,-73
1755868428.0439446,3,2,-67
1755868428.0819447,-2,-3,-85
1755868428.1199446,9,0,-88
1755868428.1559446,5,4,-76
1755868428.1929443,-3,0,-73
1755868428.2319446,2,-2,-69
1755868428.269945,0,3,-74
1755868428.3059447,-1,-8,-70
1755868428.3439443,-7,3,-74
1755868428.381945,-2,5,-72
1755868428.4209447,-2,0,-71
1755868428.4569447,0,2,-76
1755868428.4939446,-2,1,-74
1755868428.5319445,-3,-1,-73
1755868428.5709443,0,0,-65
1755868428.6069446,0,3,-64
1755868428.644945,-3,-2,-81
1755868428.6829443,-4,-1,-73
1755868428.7219446,-4,-1,-70
1755868428.7579446,0,2,-69
1755868428.7949443,1,4,-78
1755868428.8329446,1,-2,-74
1755868428.871945,2,4,-71
1755868428.907945,2,1,-69
1755868428.9449446,-3,-1,-66
1755868428.9829447,1,-2,-77
1755868429.0219443,-7,-2,-57
1755868429.0579443,-7,-1,-62
1755868429.0959446,-1,1,-65
1755868429.1339445,0,-5,-64
1755868429.1719446,0,0,-66
1755868429.2079446,1,-5,-83
1755868429.2449446,-3,-5,-67
1755868429.282945,-4,-6,-67
1755868429.3219447,-1,2,-67
1755868429.3579447,-1,6,-68
1755868429.394945,3,-2,-90
1755868429.4339447,-8,0,-86
1755868429.4719446,4,0,-80
1755868429.5079446,1,1,-82
1755868429.5449443,1,4,-76
1755868429.5829446,1,1,-72
1755868429.6209445,2,3,-76
1755868429.6569445,0,0,-83
1755868429.6949446,0,3,-87
1755868429.7329447,5,6,-79
1755868429.7709446,2,2,-82
1755868429.8069446,0,1,-82
1755868429.8439443,-7,4,-80
1755868429.8829446,0,0,-78
1755868429.9209447,5,0,-81
1755868429.9569447,-2,-2,-69
1755868429.9949446,0,3,-72
1755868430.032945,-1,0,-73
1755868430.0719447,-2,1,-67
1755868430.1079447,-4,4,-65
1755868430.1459446,-2,8,-73
1755868430.1839447,3,0,-77
1755868430.2219446,-1,1,-74
1755868430.2579446,-4,-7,-76
1755868430.2969446,-3,-8,-73
1755868430.3339446,-1,-9,-77
1755868430.3729446,-3,-7,-75
1755868430.4109447,0,-6,-74
1755868430.4469447,-4,-6,-80
1755868430.4859445,-1,-3,-86
1755868430.5229447,2,2,-76
1755868430.5589447,0,1,-78
1755868430.5969446,-3,-2,-72
1755868430.6339445,-7,2,-71
1755868430.6729443,2,-1,-70
1755868430.7089446,-3,0,-78
1755868430.7459445,0,4,-71
1755868430.7839446,4,3,-73
1755868430.8219447,5,-1,-73
1755868430.8579447,4,-2,-77
1755868430.8959446,6,-2,-80
1755868430.9339447,-2,2,-62
1755868430.9729445,-5,-3,-85
1755868431.0089445,0,-2,-77
1755868431.0469446,-5,-7,-70
1755868431.085945,3,-1,-72
1755868431.1229446,5,-5,-78
1755868431.1619446,-5,-3,-61
1755868431.1979446,0,-4,-67
1755868431.2359445,3,-2,-74
1755868431.2729447,1,-2,-66
1755868431.3119447,0,0,-79
1755868431.3479445,0,-4,-72
1755868431.3859446,-3,0,-78
1755868431.4239447,-2,-4,-70
1755868431.4619446,2,-4,-65
1755868431.4979446,0,1,-72
1755868431.5359447,0,-7,-73
1755868431.5739446,-4,0,-76
1755868431.6129446,5,2,-70
1755868431.6489446,4,3,-74
1755868431.6859446,-5,-6,-74
1755868431.723945,-9,-8,-76
1755868431.7629447,-4,1,-76
1755868431.7989447,-1,-2,-65
1755868431.8369446,-4,2,-79
1755868431.8749447,-6,0,-77
1755868431.9139447,3,-1,-76
1755868431.9519446,1,0,-83
1755868431.9879446,-4,0,-78
1755868432.0259447,0,0,-79
1755868432.0639446,-1,-4,-80
1755868432.1019447,3,-3,-75
1755868432.1379447,2,-1,-73
1755868432.1759446,1,0,-75
1755868432.213945,-1,1,-74
1755868432.2519443,1,3,-68
1755868432.2879446,0,0,-70
1755868432.325945,0,5,-75
1755868432.3639443,10,4,-74
1755868432.3999443,3,0,-77
1755868432.4369447,6,-5,-66
1755868432.4749446,0,-6,-70
1755868432.5139446,2,-5,-71
1755868432.5499446,-2,-5,-63
1755868432.5879445,4,4,-63
1755868432.6249447,-6,-6,-60
1755868432.6639447,-4,-4,-66
1755868432.6999447,2,-2,-73
1755868432.736945,4,0,-77
1755868432.7739446,4,1,-80
1755868432.8099446,1,1,-75
1755868432.8479445,-1,10,-78
1755868432.8869443,1,1,-76
1755868432.9239447,-4,0,-63
1755868432.9629445,-7,0,-68
1755868432.9989443,-2,1,-71
1755868433.0369446,0,-2,-77
1755868433.0739446,2,-1,-80
1755868433.1129446,7,-8,-79
1755868433.1489446,1,-7,-79
1755868433.1869447,1,0,-75
1755868433.2249446,0,-3,-74
1755868433.2639446,1,-6,-66
1755868433.2999446,0,-3,-72
1755868433.3369446,-1,-3,-66
1755868433.3749447,-3,-1,-73
1755868433.4139447,0,-2,-67
1755868433.4499447,0,-1,-69
1755868433.486945,-1,5,-76
1755868433.5249443,3,1,-71
1755868433.562945,-6,-1,-74
1755868433.598945,0,0,-69
1755868433.6359446,4,-7,-69
1755868433.6749446,-2,-5,-59
1755868433.7129445,0,-6,-70
1755868433.7489443,-6,-3,-72
1755868433.7869446,-3,-3,-73
1755868433.8249447,-4,-1,-75
1755868433.8639443,-5,-5,-68
1755868433.8999443,-5,-3,-76
1755868433.937945,-1,-3,-78
1755868433.9759445,2,-3,-73
1755868434.0149446,7,-2,-70
1755868434.052945,-4,0,-70
1755868434.088945,-8,0,-76
1755868434.1259446,0,2,-73
1755868434.1649446,-1,3,-67
1755868434.200945,1,-2,-60
1755868434.2389443,0,-1,-69
1755868434.2769446,-1,-5,-70
1755868434.3149445,-1,0,-79
1755868434.3539443,2,-6,-76
1755868434.3899446,2,-8,-72
1755868434.4269447,1,-2,-74
1755868434.4649446,0,-1,-70
1755868434.5039446,1,0,-66
1755868434.5399446,5,0,-75
1755868434.5769446,1,0,-76
1755868434.6149447,-2,-1,-85
1755868434.6509447,-2,1,-78
1755868434.687945,1,1,-91
1755868434.7249446,0,2,-75
1755868434.7639446,-1,-3,-73
1755868434.7999446,-5,-2,-68
1755868434.8379445,-6,2,-75
1755868434.8759446,-4,-5,-70
1755868434.9149446,0,-11,-77
1755868434.950945,1,1,-77
1755868434.9879446,1,6,-77
1755868435.0259447,4,-1,-80
1755868435.0639446,3,2,-73
1755868435.0999446,4,1,-78
1755868435.1369443,-2,7,-74
1755868435.1759446,4,2,-71
1755868435.213945,0,0,-79
1755868435.2499447,7,0,-72
1755868435.2869446,3,-2,-76
1755868435.325945,0,4,-73
1755868435.3639443,2,-4,-74
1755868435.3999443,4,-4,-69
1755868435.4369447,2,-1,-77
1755868435.4759445,1,2,-76
1755868435.5139446,0,-3,-66
1755868435.5499446,3,0,-67
1755868435.5879445,8,-2,-74
1755868435.6259446,8,3,-72
1755868435.6639447,-5,-1,-67
1755868435.6999447,-3,0,-70
1755868435.7379446,1,0,-71
1755868435.7759447,9,3,-70
1755868435.8139446,2,3,-62
1755868435.8499446,2,-1,-75
1755868435.8879447,-2,1,-68
1755868435.9259446,1,-2,-68
1755868435.9619446,-2,-2,-77
1755868435.9999447,-3,0,-71
1755868436.0379446,-8,-2,-77
1755868436.075945,-1,-7,-65
1755868436.1149447,0,-3,-63
1755868436.1509447,1,-4,-72
1755868436.187945,0,-6,-74
1755868436.2259445,-3,1,-80
1755868436.2649446,-1,-2,-82
1755868436.3009446,-7,-5,-70
1755868436.338945,-4,0,-71
1755868436.3779447,-9,3,-63
1755868436.4159446,2,-2,-63
1755868436.4519446,-3,4,-65
1755868436.4899447,-2,0,-64
1755868436.5279446,0,-4,-65
1755868436.565945,-2,-1,-60
1755868436.6049447,-1,2,-75
1755868436.6409447,1,8,-71
1755868436.677945,0,-4,-75
1755868436.7169447,2,0,-74
1755868436.7549446,0,-2,-62
1755868436.7909446,4,0,-77
1755868436.8279445,5,5,-73
1755868436.8659446,4,7,-81
1755868436.9019446,5,3,-78
1755868436.9389446,-1,1,-86
1755868436.9769447,4,7,-74
1755868437.0159447,12,1,-80
1755868437.0519447,0,-4,-71
1755868437.0899446,0,-1,-70
1755868437.1279447,-6,-4,-81
1755868437.1669445,-2,6,-76
1755868437.2049446,-5,-1,-87
1755868437.2409446,-3,-4,-79
1755868437.2789447,4,5,-76
1755868437.3249447,0,1,-72
1755868437.3609445,-3,-1,-80
1755868437.3999443,-4,-1,-76
1755868437.4369447,-11,0,-79
1755868437.4759445,1,-3,-77
1755868437.5119443,-6,-7,-68
1755868437.5499446,-3,3,-85
1755868437.5879445,0,6,-69
1755868437.6259446,0,3,-74
1755868437.6629446,6,-1,-74
1755868437.6999447,11,4,-77
1755868437.7379446,0,2,-74
1755868437.7769446,7,4,-76
1755868437.812945,-1,-1,-67
1755868437.8509445,2,9,-76
1755868437.8889446,4,-3,-73
1755868437.9269447,2,0,-75
1755868437.9659443,3,-1,-78
1755868438.0019443,1,1,-79
1755868438.0389447,-3,-2,-69
1755868438.0769446,0,0,-75
1755868438.1159446,3,-4,-71
1755868438.1519446,4,-6,-67
1755868438.1889446,7,-2,-74
1755868438.2269447,-1,-7,-74
1755868438.2659447,-2,-8,-81
1755868438.3019447,-3,-1,-82
1755868438.3399446,2,4,-88
1755868438.3769443,0,-3,-77
1755868438.4159446,-4,0,-78
1755868438.4519446,5,-2,-64
1755868438.4889443,-4,0,-76
1755868438.5279446,0,-2,-77
1755868438.565945,-3,-3,-81
1755868438.6019447,-4,1,-80
1755868438.6399446,-7,3,-71
1755868438.677945,2,2,-79
1755868438.7169447,0,-1,-79
1755868438.7529447,2,0,-63
1755868438.7909446,0,5,-67
1755868438.8289447,0,0,-72
1755868438.8669446,3,-5,-61
1755868438.9029446,9,-3,-64
1755868438.940945,0,-9,-75
1755868438.9789443,-2,-1,-70
1755868439.0179446,-3,-2,-66
1755868439.0559447,-8,-2,-64
1755868439.0919447,-2,0,-70
1755868439.1289446,-6,2,-73
1755868439.167945,-3,-5,-74
1755868439.2059443,0,0,-61
1755868439.2419446,-1,0,-64
1755868439.2789447,-1,-1,-71
1755868439.3179443,-6,-2,-75
1755868439.3559446,-1,0,-70
1755868439.3919446,3,-1,-66
1755868439.4289446,-4,-4,-63
1755868439.4679446,-2,1,-69
1755868439.5059447,-3,2,-71
1755868439.5419445,-3,5,-79
1755868439.5789447,-2,1,-72
1755868439.6179447,3,-5,-83
1755868439.6539447,-1,0,-82
1755868439.690945,0,-5,-79
1755868439.7289443,3,3,-70
1755868439.7679446,0,5,-64
1755868439.8039446,0,7,-75
1755868439.8409443,2,0,-74
1755868439.8779447,5,4,-80
1755868439.9169445,14,1,-77
1755868439.9529445,6,3,-74
1755868439.9899447,-1,3,-78
1755868440.0279446,-3,0,-80
1755868440.0669446,3,-2,-60
1755868440.1029446,0,3,-71
1755868440.1399446,2,2,-75
1755868440.177945,0,-5,-68
1755868440.213945,-3,-4,-70
1755868440.2519443,2,0,-68
1755868440.2889447,2,-3,-60
1755868440.3279445,-2,5,-67
1755868440.3639443,-1,3,-69
1755868440.4009447,0,-3,-73
1755868440.4399445,0,5,-67
1755868440.4779446,0,7,-67
1755868440.5139446,4,-1,-76
1755868440.5519447,0,-1,-80
1755868440.5899446,0,-2,-72
1755868440.6289446,4,-3,-70
1755868440.6669445,-6,-4,-71
1755868440.7029445,-1,-6,-68
1755868440.7409446,-8,-5,-65
1755868440.7789447,2,-2,-80
1755868440.8179443,2,-1,-76
1755868440.8539443,0,-3,-79
1755868440.8919446,0,-4,-68
1755868440.9309447,4,1,-71
1755868440.9689443,1,4,-63
1755868441.006945,3,3,-73
1755868441.042945,1,1,-70
1755868441.0799446,-9,8,-80
1755868441.1189446,-1,8,-72
1755868441.1569445,11,3,-80
1755868441.1929443,6,-2,-76
1755868441.2309446,7,0,-78
1755868441.2689445,2,6,-80
1755868441.3069446,0,-8,-69
1755868441.3429446,3,-4,-71
1755868441.3799446,3,-4,-75
1755868441.4189446,1,-4,-80
1755868441.4549446,0,-5,-83
1755868441.4919446,0,0,-66
1755868441.529945,7,-2,-70
1755868441.5679443,2,-5,-80
1755868441.6039443,-7,2,-81
1755868441.6419446,-3,6,-81
1755868441.6799445,-6,5,-75
1755868441.7189443,4,-5,-74
1755868441.7549446,-2,0,-70
1755868441.7919445,1,3,-68
1755868441.8289447,-3,1,-66
1755868441.8679447,-3,2,-88
1755868441.9039447,-1,3,-76
1755868441.9419446,0,1,-65
1755868441.9799447,-8,1,-61
1755868442.0189445,-7,0,-63
1755868442.0549445,-1,0,-50
1755868442.0919447,4,-6,-65
1755868442.1299446,-5,1,-81
1755868442.1689446,1,7,-66
1755868442.2049446,4,1,-59
1755868442.2419446,6,-3,-58
1755868442.279945,6,-6,-71
1755868442.3189447,-2,0,-66
1755868442.3549447,3,5,-66
1755868442.3919446,-2,0,-64
1755868442.4299445,-5,-8,-70
1755868442.4689443,-2,-6,-66
1755868442.5049446,0,-9,-81
1755868442.5439446,-5,-2,-76
1755868442.5819447,-3,0,-69
1755868442.6199446,0,-3,-58
1755868442.657945,-6,5,-61
1755868442.6939447,-5,9,-61
1755868442.7309446,7,-1,-67
1755868442.769945,0,3,-68
1755868442.8079443,2,0,-79
1755868442.8439443,5,-9,-76
1755868442.8809447,2,1,-76
1755868442.9199443,2,0,-75
1755868442.9579446,-2,-1,-70
1755868442.9939446,-1,-4,-80
1755868443.0319445,0,0,-77
1755868443.0699446,2,-6,-75
1755868443.108945,8,2,-67
1755868443.144945,0,-3,-61
1755868443.1819446,-6,0,-70
1755868443.2199447,-2,0,-66
1755868443.2589445,0,0,-79
1755868443.2949443,3,-5,-80
1755868443.3319447,2,1,-69
1755868443.3699446,3,3,-65
1755868443.4059446,3,2,-70
1755868443.4429443,2,2,-79
1755868443.4799447,-4,-5,-78
1755868443.5189445,-1,0,-69
1755868443.5549445,-3,3,-65
1755868443.5929446,-1,-2,-69
1755868443.631945,0,0,-72
1755868443.6699443,0,1,-75
1755868443.7059443,0,-6,-68
1755868443.7449446,3,-1,-60
1755868443.7819445,0,0,-65
1755868443.8199446,-3,7,-63
1755868443.8559446,-1,0,-71
1755868443.8929446,-4,1,-73
1755868443.9309447,-2,3,-65
1755868443.9699447,3,-4,-72
1755868444.0059447,2,-7,-70
1755868444.042945,0,-2,-77
1755868444.0809443,9,6,-71
1755868444.1189446,-1,-2,-72
1755868444.154945,-5,-3,-73
1755868444.1929443,-3,-1,-80
1755868444.2309446,-6,2,-78
1755868444.269945,0,1,-78
1755868444.3059447,-2,-1,-80
1755868444.3449447,-1,4,-69
1755868444.3829446,-5,2,-79
1755868444.4209447,-7,3,-80
1755868444.4589446,3,0,-77
1755868444.4949446,2,-3,-77
1755868444.5319445,6,1,-74
1755868444.5699446,3,1,-71
1755868444.6059446,1,0,-72
1755868444.6429446,5,-4,-78
1755868444.6809447,0,-1,-68
1755868444.7199447,-6,0,-71
1755868444.7559447,-4,2,-82
1755868444.7939446,1,2,-77
1755868444.8329446,-2,0,-76
1755868444.8709445,0,-6,-80
1755868444.9069445,0,0,-74
1755868444.9439447,-4,-2,-74
1755868444.9809446,5,2,-70
1755868445.0169446,-4,1,-73
1755868445.0539446,-3,4,-80
1755868445.0919447,0,-1,-73
1755868445.1309447,-6,-1,-66
1755868445.1669445,-3,-3,-67
1755868445.2049446,2,-2,-69
1755868445.2429447,5,4,-76
1755868445.2809446,6,2,-73
1755868445.3169446,3,-3,-78
1755868445.3549447,-2,-3,-71
1755868445.3929446,0,-3,-76
1755868445.4309447,6,-2,-66
1755868445.4699447,-1,-1,-70
1755868445.5059447,2,-1,-73
1755868445.5439446,0,2,-72
1755868445.5809443,-4,4,-72
1755868445.6199446,-1,2,-71
1755868445.6559446,5,6,-65
1755868445.6939447,0,6,-70
1755868445.7319446,0,-6,-64
1755868445.769945,-2,-8,-59
1755868445.8059447,-2,-6,-68
1755868445.8439443,2,-10,-67
1755868445.8829446,-1,-5,-78
1755868445.9209447,-9,4,-76
1755868445.9569447,2,1,-77
1755868445.9939446,-6,-4,-78
1755868446.032945,4,0,-71
1755868446.0709443,-4,0,-64
1755868446.1069446,4,1,-62
1755868446.1439445,0,-2,-60
1755868446.1819446,3,2,-67
1755868446.2199447,-8,4,-67
1755868446.2559447,-1,4,-73
1755868446.2939446,-5,-1,-70
1755868446.3319447,-5,3,-65
1755868446.3709445,3,1,-66
1755868446.4069445,3,1,-74
1755868446.4439447,4,2,-61
1755868446.4819446,9,0,-78
1755868446.519945,2,-1,-78
1755868446.5559447,0,-1,-80
1755868446.5929446,-2,4,-71
1755868446.631945,4,1,-81
1755868446.6699443,5,-3,-76
1755868446.7059443,2,-3,-65
1755868446.7429447,6,-8,-68
1755868446.7819445,-2,-2,-84
1755868446.8179443,-5,0,-69
1755868446.8549447,-7,0,-75
1755868446.8929446,-8,0,-71
1755868446.9319446,-1,0,-60
1755868446.9679446,-5,0,-68
1755868447.0049446,0,0,-68
1755868447.0419445,2,-3,-58
1755868447.0809443,3,0,-78
1755868447.1169446,9,1,-77
1755868447.1539447,-1,5,-76
1755868447.1929443,-5,0,-78
1755868447.2309446,-4,2,-77
1755868447.2669446,0,5,-73
1755868447.3039446,5,1,-78
1755868447.3479445,0,-2,-71
1755868447.3859446,7,0,-70
1755868447.4229443,0,-1,-80
1755868447.4619446,-3,0,-79
1755868447.4979446,-3,4,-80
1755868447.5359447,-2,3,-73
1755868447.5739446,-1,2,-64
1755868447.6129446,-6,6,-69
1755868447.6509447,-2,-1,-70
1755868447.6869447,-2,-4,-78
1755868447.7249446,-2,-4,-67
1755868447.7629447,-6,-7,-70
1755868447.8019447,-1,0,-73
1755868447.8379445,0,1,-71
1755868447.8749447,-6,1,-69
1755868447.9129446,0,5,-72
1755868447.950945,5,0,-78
1755868447.986945,2,1,-77
1755868448.0239446,0,4,-79
1755868448.062945,0,0,-75
1755868448.1009445,0,2,-72
1755868448.1369443,0,-1,-68
1755868448.1739447,2,3,-79
1755868448.2129445,-1,-3,-82
1755868448.2509446,1,0,-82
1755868448.2869446,-5,-1,-77
1755868448.3249447,0,0,-74
1755868448.3639443,0,0,-75
1755868448.4019446,-1,0,-74
1755868448.437945,0,3,-75
1755868448.4749446,-2,5,-73
1755868448.5139446,-7,0,-72
1755868448.5519447,2,4,-65
1755868448.5879445,9,0,-75
1755868448.6249447,3,-4,-86
1755868448.6629446,0,1,-71
1755868448.7019446,-1,1,-67
1755868448.7379446,3,-6,-77
1755868448.7749443,-8,1,-77
1755868448.812945,2,0,-78
1755868448.8519447,-4,0,-75
1755868448.8879447,-3,7,-77
1755868448.9249446,-12,5,-76
1755868448.963945,-9,1,-72
1755868449.0019443,6,-1,-70
1755868449.0379446,1,4,-67
1755868449.0749447,1,7,-74
1755868449.1129446,-7,5,-76
1755868449.1489446,-2,6,-73
1755868449.187945,9,1,-72
1755868449.2249446,6,0,-68
1755868449.2629447,4,0,-60
1755868449.2989447,1,-1,-69
1755868449.3369446,6,0,-75
1755868449.3739443,-4,4,-79
1755868449.4129446,0,-4,-66
1755868449.4489446,4,-4,-57
1755868449.4879446,0,0,-68
1755868449.5249443,2,2,-74
1755868449.5639446,3,-3,-78
1755868449.6019447,2,0,-74
1755868449.6379447,-1,-1,-69
1755868449.6759446,0,-2,-73
1755868449.713945,0,3,-68
1755868449.7519443,-3,1,-75
1755868449.7879446,0,0,-74
1755868449.8249447,0,5,-73
1755868449.8639443,0,2,-76
1755868449.9019446,-9,-5,-69
1755868449.937945,0,-5,-76
1755868449.9759445,2,0,-77
1755868450.0139446,1,0,-74
1755868450.0519447,-10,-1,-69
1755868450.0879445,1,-4,-72
1755868450.1249447,1,-1,-75
1755868450.1639447,4,-10,-80
1755868450.2019446,4,0,-75
1755868450.2379446,-3,0,-73
1755868450.2759447,0,-1,-68
1755868450.3139446,-4,-7,-65
1755868450.3499446,-2,0,-70
1755868450.3869443,0,1,-69
1755868450.4239447,10,5,-73
1755868450.4619446,-3,-4,-69
1755868450.4989443,-1,-5,-73
1755868450.5369446,-2,-4,-64
1755868450.5749447,3,-5,-70
1755868450.6139443,1,1,-68
1755868450.6509447,-3,-5,-79
1755868450.6889446,0,-1,-74
1755868450.7259445,-3,5,-71
1755868450.7649446,-6,0,-80
1755868450.802945,-6,-3,-80
1755868450.838945,0,-8,-78
1755868450.8759446,6,-8,-79
1755868450.9149446,5,-9,-66
1755868450.9529445,5,3,-64
1755868450.9889443,4,1,-71
1755868451.0259447,-3,3,-82
1755868451.0639446,0,1,-88
1755868451.1029446,3,-8,-78
1755868451.1389446,0,-4,-75
1755868451.1759446,-2,0,-70
1755868451.2149446,-5,6,-68
1755868451.2529447,-7,1,-67
1755868451.2889447,-10,-1,-66
1755868451.3279445,-4,0,-77
1755868451.3649447,6,-6,-64
1755868451.4039447,4,0,-64
1755868451.4399445,3,-4,-70
1755868451.4779446,-2,-5,-63
1755868451.5149446,0,0,-66
1755868451.552945,0,1,-61
1755868451.588945,-2,2,-65
1755868451.6269443,-7,5,-77
1755868451.6649446,3,-2,-62
1755868451.7039447,2,-2,-64
1755868451.7399447,-2,-4,-60
1755868451.7779446,-6,0,-61
1755868451.815945,-8,1,-59
1755868451.8549447,-11,-7,-80
1755868451.8929446,-3,6,-67
1755868451.9289446,3,0,-61
1755868451.9659443,4,-3,-68
1755868452.0049446,3,-1,-69
1755868452.042945,-1,0,-68
1755868452.0789447,0,1,-69
1755868452.1159446,-3,0,-73
1755868452.154945,-5,-8,-68
1755868452.190945,-2,-2,-80
1755868452.2289443,-3,-1,-76
1755868452.2669446,-4,0,-84
1755868452.3049445,-3,6,-76
1755868452.3439443,-5,0,-69
1755868452.3799446,-1,1,-61
1755868452.417945,3,-2,-72
1755868452.4569447,3,0,-70
1755868452.4949446,1,8,-73
1755868452.5309446,0,4,-65
1755868452.5679443,1,-5,-70
1755868452.6059446,0,5,-69
1755868452.6439445,-3,4,-66
1755868452.6799445,-3,7,-71
1755868452.7179446,-1,0,-74
1755868452.7559447,2,-8,-76
1755868452.7949443,-5,0,-71
1755868452.8309443,-8,0,-71
1755868452.8689446,-1,4,-75
1755868452.9069445,-4,0,-72
1755868452.9459443,-3,1,-80
1755868452.983945,-1,1,-85
1755868453.019945,0,-1,-80
1755868453.0569446,-1,1,-82
1755868453.0959446,3,0,-78
1755868453.1339445,0,0,-71
1755868453.1699443,-2,0,-73
1755868453.2069447,4,1,-81
1755868453.2459445,5,6,-82
1755868453.2839446,-5,1,-62
1755868453.3199446,4,2,-74
1755868453.3569446,1,7,-73
1755868453.394945,5,0,-94
1755868453.4309447,2,-4,-80
1755868453.4679446,-1,5,-74
1755868453.506945,-6,4,-74
1755868453.5449443,0,-1,-69
1755868453.5809443,-2,-4,-60
1755868453.6199446,-2,-6,-65
1755868453.6569445,-3,-3,-71
1755868453.6959443,0,-3,-59
1755868453.733945,-1,-6,-76
1755868453.769945,1,1,-66
1755868453.8069446,-5,4,-75
1755868453.8459446,2,1,-77
1755868453.8839445,5,1,-81
1755868453.9199443,-2,-1,-67
1755868453.9579446,-2,-3,-71
1755868453.9959445,0,0,-73
1755868454.0319445,2,-3,-77
1755868454.0689447,6,-2,-82
1755868454.1069446,-2,-1,-71
1755868454.1459446,3,-2,-78
1755868454.1819446,2,-2,-86
1755868454.2189443,-3,0,-80
1755868454.256945,0,-5,-81
1755868454.2959447,-5,1,-79
1755868454.3319447,-1,6,-80
1755868454.3689446,6,1,-75
1755868454.4059446,-4,-6,-74
1755868454.4449446,-3,2,-76
1755868454.4809446,-3,8,-77
1755868454.5189445,0,-2,-75
1755868454.5569446,5,-4,-67
1755868454.5959446,4,-7,-71
1755868454.631945,0,1,-70
1755868454.6689446,2,0,-78
1755868454.7069447,-3,2,-69
1755868454.7449446,-3,4,-70
1755868454.7809446,0,-2,-79
1755868454.8189447,-11,-2,-81
1755868454.8569446,-12,0,-70
1755868454.8959446,-15,1,-84
1755868454.9319446,-7,0,-83
1755868454.9689443,-2,-2,-82
1755868455.006945,-5,0,-76
1755868455.0459447,-2,4,-81
1755868455.0819447,0,6,-75
1755868455.1189446,-1,0,-71
1755868455.1569445,-6,-3,-70
1755868455.1959443,-3,-1,-71
1755868455.2319446,3,-5,-65
1755868455.2689445,6,6,-67
1755868455.3069446,-1,7,-75
1755868455.3449447,-6,4,-64
1755868455.3809447,-7,1,-74
1755868455.417945,-1,5,-77
1755868455.4569447,0,4,-77
1755868455.4949446,-5,-1,-68
1755868455.5309446,-1,1,-64
1755868455.5679443,0,0,-64
1755868455.6059446,-5,-1,-74
1755868455.6419446,-6,0,-71
1755868455.6799445,-4,0,-68
1755868455.7169447,1,1,-69
1755868455.7529447,2,2,-76
1755868455.7899446,-3,-2,-75
1755868455.8279445,-2,0,-66
1755868455.8669446,-2,-1,-76
1755868455.9029446,0,-3,-84
1755868455.940945,-1,-1,-81
1755868455.9799447,-4,-1,-68
1755868456.0169446,-3,-8,-74
1755868456.0559447,0,-5,-79
1755868456.0919447,0,-3,-83
1755868456.1289446,3,-2,-72
1755868456.1669445,-1,1,-72
1755868456.2059443,0,0,-67
1755868456.2419446,-6,1,-72
1755868456.2789447,-4,5,-78
1755868456.3169446,-5,-6,-84
1755868456.3559446,6,-4,-83
1755868456.3919446,2,0,-81
1755868456.4299445,0,-1,-79
1755868456.4669447,-5,0,-78
1755868456.5059447,-3,-4,-79
1755868456.5419445,-7,-1,-76
1755868456.5799446,5,-5,-76
1755868456.6179447,6,0,-82
1755868456.6559446,5,2,-78
1755868456.6919446,-1,1,-66
1755868456.7289443,4,0,-74
1755868456.7679446,7,4,-71
1755868456.8059447,4,8,-74
1755868456.8419447,-2,5,-65
1755868456.8789446,4,6,-78
1755868456.9169445,10,0,-73
1755868456.9529445,1,2,-71
1755868456.9899447,9,6,-65
1755868457.0279446,4,6,-78
1755868457.0669446,3,6,-76
1755868457.1029446,5,0,-72
1755868457.1399446,6,-2,-77
1755868457.177945,-1,0,-85
1755868457.2169447,-5,-7,-84
1755868457.2529447,3,-5,-72
1755868457.2899446,-1,-10,-73
1755868457.3279445,2,-6,-71
1755868457.371945,-4,-4,-74
1755868457.4099443,3,0,-74
1755868457.4479446,0,4,-64
1755868457.4859445,2,3,-66
1755868457.5219443,5,3,-74
1755868457.5589447,0,0,-75
1755868457.5969446,-2,-1,-84
1755868457.6329446,4,2,-82
1755868457.6699443,3,2,-64
1755868457.7079446,-1,6,-69
1755868457.746945,0,1,-72
1755868457.782945,-4,2,-81
1755868457.8199446,-5,-6,-76
1755868457.8579447,0,0,-73
1755868457.8969443,3,0,-76
1755868457.9329443,1,-3,-69
1755868457.9699447,-11,0,-74
1755868458.0089445,2,5,-72
1755868458.0469446,0,0,-68
1755868458.0829446,-2,1,-73
1755868458.1209445,-1,2,-68
1755868458.1589446,3,-3,-78
1755868458.1979446,3,-4,-66
1755868458.233945,-1,2,-66
1755868458.2719443,-6,-1,-75
1755868458.3089447,4,0,-72
1755868458.3469446,1,0,-73
1755868458.3829446,6,2,-75
1755868458.4199443,-1,4,-73
1755868458.4589446,9,-4,-82
1755868458.496945,2,3,-75
1755868458.532945,0,-1,-75
1755868458.5709443,2,0,-67
1755868458.608945,-1,5,-74
1755868458.6469443,5,-1,-77
1755868458.6829443,0,1,-73
1755868458.7199447,-2,3,-77
1755868458.7589445,-1,9,-74
1755868458.7969446,0,0,-81
1755868458.8329446,3,0,-80
1755868458.871945,4,2,-78
1755868458.9089446,2,0,-70
1755868458.9479446,6,-1,-65
1755868458.983945,6,-3,-67
1755868459.0229447,0,5,-71
1755868459.0599446,0,3,-71
1755868459.0979445,-1,-6,-74
1755868459.1339445,-1,1,-84
1755868459.1709447,4,-7,-75
1755868459.2089446,-1,-2,-71
1755868459.2479446,0,1,-68
1755868459.2839446,3,-1,-61
1755868459.3209443,4,0,-62
1755868459.358945,2,-6,-71
1755868459.394945,1,2,-71
1755868459.4319446,4,1,-66
1755868459.4689443,1,2,-70
1755868459.5079446,0,2,-86
1755868459.5439446,0,-1,-86
1755868459.5819447,6,-2,-75
1755868459.6189446,8,5,-67
1755868459.654945,1,0,-69
1755868459.6929443,-2,-3,-92
1755868459.7299447,-4,-9,-77
1755868459.7689445,0,-3,-70
1755868459.8049445,-5,-3,-69
1755868459.8429446,3,-4,-65
1755868459.881945,5,-11,-75
1755868459.9189446,0,-3,-75
1755868459.9579446,1,-3,-58
1755868459.9939446,6,-9,-49
1755868460.0319445,4,-6,-76
1755868460.0699446,2,-1,-62
1755868460.108945,1,4,-63
1755868460.144945,-1,3,-78
1755868460.1819446,1,4,-71
1755868460.2199447,3,0,-74
1755868460.2579446,-4,4,-71
1755868460.2939446,-1,2,-67
1755868460.3309443,3,-2,-71
1755868460.3699446,-6,2,-58
1755868460.407945,-5,10,-66
1755868460.4439447,-4,-1,-64
1755868460.4819446,-3,2,-71
1755868460.519945,-3,-1,-74
1755868460.5589447,1,3,-67
1755868460.5949447,4,8,-69
1755868460.631945,9,2,-71
1755868460.6699443,1,2,-74
1755868460.7079446,0,1,-72
1755868460.7439446,3,-2,-72
1755868460.7809446,2,-2,-75
1755868460.8199446,-1,-4,-85
1755868460.8579447,0,1,-70
1755868460.8939445,7,0,-72
1755868460.9309447,1,0,-73
1755868460.9699447,0,-7,-71
1755868461.0079446,-2,-2,-64
1755868461.0439446,-5,-2,-57
1755868461.0819447,-6,1,-64
1755868461.1199446,-14,5,-61
1755868461.1589446,-7,2,-63
1755868461.1949446,-3,1,-67
1755868461.2319446,-1,0,-77
1755868461.269945,0,3,-72
1755868461.3069446,-3,4,-66
1755868461.3439443,0,-3,-72
1755868461.381945,0,4,-70
1755868461.4199443,-3,2,-62
1755868461.4589446,2,-6,-75
1755868461.4949446,6,-4,-76
1755868461.5319445,-2,-2,-68
1755868461.5699446,2,-2,-73
1755868461.608945,4,2,-69
1755868461.644945,1,2,-73
1755868461.6829443,0,0,-72
1755868461.7199447,-3,2,-76
1755868461.7589445,5,-5,-81
1755868461.7949443,4,-5,-68
1755868461.8329446,-4,-1,-84
1755868461.8709445,-4,-1,-69
1755868461.9089446,0,-4,-73
1755868461.9449446,0,-4,-66
1755868461.9829447,3,-2,-72
1755868462.0209446,6,0,-67
1755868462.0589447,-6,0,-68
1755868462.0949447,-2,-1,-71
1755868462.1329446,-1,-6,-72
1755868462.1709447,0,0,-67
1755868462.2089446,-5,-5,-75
1755868462.2449446,-3,0,-76
1755868462.2819445,-1,-3,-67
1755868462.3209443,1,-6,-70
1755868462.358945,0,-7,-75
1755868462.394945,-4,-1,-71
1755868462.4329443,-1,-4,-73
1755868462.4709446,-2,-6,-68
1755868462.509945,-3,-3,-75
1755868462.5459447,1,-4,-68
1755868462.5829446,3,-1,-67
1755868462.6209445,0,-4,-64
1755868462.6599443,1,1,-74
1755868462.6959443,-5,-2,-75
1755868462.733945,-1,1,-77
1755868462.7719443,0,-4,-67
1755868462.8109446,3,-6,-64
1755868462.8469446,5,-4,-62
1755868462.8839445,0,-4,-64
1755868462.9219446,-3,-1,-68
1755868462.960945,-11,-6,-65
1755868462.996945,-8,-1,-63
1755868463.0349443,-1,0,-67
1755868463.0729446,-1,3,-60
1755868463.111945,0,1,-77
1755868463.1499443,4,1,-79
1755868463.1859446,5,2,-72
1755868463.2229445,1,3,-74
1755868463.2619443,7,0,-64
1755868463.2999446,-1,2,-61
1755868463.335945,0,7,-61
1755868463.3729446,8,-3,-65
1755868463.4109447,7,-4,-75
1755868463.4499447,-2,-4,-75
1755868463.4859445,8,-3,-79
1755868463.5249443,4,1,-79
1755868463.5619447,-1,-1,-72
1755868463.6009445,10,0,-75
1755868463.6369443,0,3,-78
1755868463.6739447,8,-6,-78
1755868463.7119446,6,-2,-64
1755868463.7509446,-2,3,-70
1755868463.7869446,0,0,-67
1755868463.8239446,12,6,-69
1755868463.861945,10,-1,-71
1755868463.9009447,10,-3,-69
1755868463.9369447,6,5,-72
1755868463.9749446,6,3,-74
1755868464.0119443,7,-3,-74
1755868464.0509446,1,0,-64
1755868464.0869446,4,1,-66
1755868464.1239443,-5,0,-63
1755868464.1619446,0,0,-71
1755868464.1999447,-9,3,-66
1755868464.2359445,-5,0,-65
1755868464.2739446,2,3,-71
1755868464.3119447,1,2,-75
1755868464.3499446,6,2,-70
1755868464.3859446,5,0,-66
1755868464.4249446,1,0,-80
1755868464.4619446,3,0,-79
1755868464.4999447,-4,-5,-79
1755868464.5359447,-1,-5,-75
1755868464.5739446,0,-1,-77
1755868464.611945,3,-6,-73
1755868464.6509447,8,1,-69
1755868464.6869447,-2,-2,-74
1755868464.7249446,1,-2,-61
1755868464.7629447,-2,2,-69
1755868464.8019447,2,-6,-69
1755868464.8379445,5,-4,-67
1755868464.8749447,-2,0,-63
1755868464.9129446,1,-5,-63
1755868464.9519446,1,-5,-78
1755868464.9879446,4,-3,-76
1755868465.0249443,4,-3,-78
1755868465.062945,4,2,-71
1755868465.1009445,-1,0,-64
1755868465.1369443,0,-2,-70
1755868465.1739447,-2,-5,-80
1755868465.2119446,0,-7,-66
1755868465.2509446,-1,-6,-65
1755868465.2869446,0,-7,-65
1755868465.3239446,0,-3,-76
1755868465.361945,-7,-3,-75
1755868465.4009447,0,0,-79
1755868465.4369447,-3,-3,-75
1755868465.4759445,-6,8,-76
1755868465.5129447,-3,6,-68
1755868465.5519447,0,-1,-78
1755868465.5879445,1,1,-79
1755868465.6249447,-5,0,-77
1755868465.6629446,-6,-4,-64
1755868465.7019446,-3,-6,-72
1755868465.7379446,-2,0,-67
1755868465.7759447,0,-11,-81
1755868465.812945,-6,0,-77
1755868465.8519447,-1,-1,-78
1755868465.8879447,3,-4,-76
1755868465.9259446,1,-3,-75
1755868465.963945,-1,6,-73
1755868466.0029447,1,6,-66
1755868466.0409446,1,1,-75
1755868466.0769446,0,4,-68
1755868466.1149447,-5,-1,-67
1755868466.1529446,0,2,-65
1755868466.1919446,-2,-4,-77
1755868466.2279446,3,-4,-77
1755868466.2649446,-5,-3,-75
1755868466.302945,-3,2,-66
1755868466.3419447,-5,0,-73
1755868466.3789446,-2,5,-78
1755868466.4169445,-1,2,-77
1755868466.4539447,-1,-2,-77
1755868466.4929447,6,0,-79
1755868466.5289447,3,-8,-75
1755868466.565945,1,-3,-75
1755868466.6039443,6,-1,-72
1755868466.6429446,3,3,-74
1755868466.6789446,-3,2,-72
1755868466.7159443,0,-2,-78
1755868466.7539446,0,-10,-75
1755868466.792945,2,-11,-79
1755868466.8289447,-1,-2,-85
1755868466.8669446,4,0,-74
1755868466.9059446,6,2,-69
1755868466.9429443,-4,0,-69
1755868466.9819446,-7,2,-77
1755868467.0179446,-1,-1,-70
1755868467.0559447,5,1,-65
1755868467.0929446,1,-3,-75
1755868467.131945,0,-1,-81
1755868467.1689446,-5,-4,-76
1755868467.2059443,-7,0,-70
1755868467.2439446,-5,0,-74
1755868467.282945,0,-2,-65
1755868467.3189447,2,-5,-66
1755868467.3559446,3,0,-67
1755868467.4019446,8,-2,-75
1755868467.437945,-1,-1,-77
1755868467.4759445,6,-2,-74
1755868467.5139446,3,-2,-69
1755868467.552945,0,-1,-66
1755868467.588945,-10,-1,-69
1755868467.6269443,-5,1,-70
1755868467.6649446,3,1,-71
1755868467.7029445,0,-4,-70
1755868467.7389443,-6,2,-74
1755868467.7769446,2,0,-67
1755868467.8139446,0,-1,-66
1755868467.8529446,-3,3,-73
1755868467.8889446,-4,6,-74
1755868467.9259446,-3,1,-70
1755868467.963945,2,0,-82
1755868468.0019443,-6,-5,-75
1755868468.0379446,0,2,-70
1755868468.0769446,6,6,-72
1755868468.1139443,3,2,-72
1755868468.1519446,-2,0,-72
1755868468.187945,2,-1,-70
1755868468.2259445,-2,4,-79
1755868468.2639446,3,6,-82
1755868468.2999446,8,5,-82
1755868468.3379445,0,0,-83
1755868468.3759446,-1,-4,-77
1755868468.4139447,-4,1,-67
1755868468.4529445,-2,0,-66
1755868468.4889443,-6,1,-70
1755868468.5259447,-3,0,-67
1755868468.5639446,0,-3,-67
1755868468.6029446,-6,-5,-60
1755868468.6389446,-10,-3,-67
1755868468.6769447,-7,-1,-68
1755868468.7149446,-13,6,-70
1755868468.7539446,0,1,-70
1755868468.7899446,2,-4,-67
1755868468.8269446,2,1,-81
1755868468.8639443,1,2,-74
1755868468.8999443,1,0,-80
1755868468.9369447,2,-1,-87
1755868468.9749446,-2,4,-70
1755868469.0139446,-1,5,-79
1755868469.0499446,0,-1,-73
1755868469.0869446,0,-1,-82
1755868469.1249447,-5,-7,-70
1755868469.1639447,0,0,-71
1755868469.1999447,10,0,-66
1755868469.236945,0,1,-68
1755868469.2749443,4,2,-80
1755868469.312945,0,-3,-70
1755868469.348945,0,-1,-72
1755868469.3869443,6,-7,-61
1755868469.4249446,0,-2,-62
1755868469.4629445,-1,1,-73
1755868469.4989443,-1,0,-65
1755868469.5369446,1,0,-68
1755868469.5749447,-1,1,-74
1755868469.6129446,0,1,-65
1755868469.6489446,-1,0,-70
1755868469.6869447,-5,1,-77
1755868469.7249446,1,0,-80
1755868469.7629447,3,6,-73
1755868469.7989447,3,5,-72
1755868469.8369446,-5,8,-72
1755868469.8749447,1,6,-68
1755868469.9129446,-7,3,-70
1755868469.9489446,-5,3,-80
1755868469.9859445,0,-4,-69
1755868470.0249443,1,5,-74
1755868470.062945,2,-3,-77
1755868470.098945,0,3,-73
1755868470.1369443,-2,0,-70
1755868470.1749446,0,-1,-74
1755868470.2119446,-1,0,-70
1755868470.2489443,3,0,-69
1755868470.2859447,-5,-5,-69
1755868470.3249447,-1,-2,-69
1755868470.3609445,0,-3,-73
1755868470.3989446,-3,-1,-71
1755868470.4369447,-4,-3,-73
1755868470.4749446,0,0,-71
1755868470.5109446,4,4,-74
1755868470.5489447,-1,2,-67
1755868470.585945,0,-1,-75
1755868470.6249447,-4,1,-72
1755868470.6609447,2,7,-80
1755868470.6989446,12,2,-79
1755868470.7359445,-1,2,-76
1755868470.7749443,-1,2,-72
1755868470.8109446,-1,-3,-63
1755868470.848945,-1,-2,-80
1755868470.8869443,3,0,-74
1755868470.9259446,7,1,-69
1755868470.963945,7,4,-77
1755868470.9999447,0,-6,-70
1755868471.0369446,0,1,-69
1755868471.075945,0,0,-65
1755868471.1139443,-2,3,-73
1755868471.1499443,3,-5,-67
1755868471.187945,5,-5,-66
1755868471.2259445,1,-1,-78
1755868471.2639446,1,-6,-70
1755868471.2999446,-6,2,-77
1755868471.3379445,-3,7,-71
1755868471.3759446,1,0,-63
1755868471.4139447,0,0,-70
1755868471.4499447,5,5,-74
1755868471.4879446,0,5,-76
1755868471.5259447,0,1,-82
1755868471.5639446,1,-1,-79
1755868471.5999446,-2,-3,-74
1755868471.6379447,0,-1,-80
1755868471.6759446,4,1,-73
1755868471.713945,-2,-3,-78
1755868471.7499447,4,4,-76
1755868471.7879446,3,-3,-68
1755868471.825945,1,-1,-72
1755868471.861945,2,-11,-71
1755868471.8999443,-3,-6,-72
1755868471.937945,2,0,-74
1755868471.9759445,5,0,-76
1755868472.0119443,7,-7,-73
1755868472.0499446,1,-2,-63
1755868472.0879445,0,-1,-67
1755868472.1259446,0,-2,-80
1755868472.1649446,1,0,-73
1755868472.200945,6,0,-75
1755868472.2379446,0,7,-77
1755868472.2759447,5,-4,-63
1755868472.3119447,0,-4,-73
1755868472.3499446,4,-7,-71
1755868472.3879447,3,-2,-75
1755868472.4259446,-2,1,-79
1755868472.4619446,-5,2,-75
1755868472.4999447,-6,-1,-60
1755868472.5379446,0,-1,-68
1755868472.575945,-2,-1,-76
1755868472.6149447,-5,1,-71
1755868472.6509447,-8,1,-80
1755868472.687945,-7,4,-71
1755868472.7269447,1,5,-65
1755868472.7649446,10,7,-66
1755868472.8009446,8,3,-69
1755868472.8379445,8,-2,-72
1755868472.8769443,0,-2,-72
1755868472.9149446,1,-8,-78
1755868472.950945,10,-2,-73
1755868472.9879446,5,2,-71
1755868473.0269446,9,3,-76
1755868473.0649445,3,2,-74
1755868473.1009445,-1,-1,-72
1755868473.1389446,-4,1,-73
1755868473.1769447,-2,1,-75
1755868473.2159443,0,9,-66
1755868473.2519443,3,2,-74
1755868473.2889447,0,1,-74
1755868473.3269446,3,-1,-78
1755868473.3649447,-8,2,-82
1755868473.4009447,4,2,-64
1755868473.4389446,4,5,-65
1755868473.4769447,1,6,-61
1755868473.5149446,5,0,-72
1755868473.5509446,2,-6,-64
1755868473.588945,-1,-5,-73
1755868473.6269443,1,-1,-62
1755868473.6629446,0,0,-72
1755868473.6999447,-4,0,-80
1755868473.7379446,-1,-3,-77
1755868473.7769446,-4,1,-71
1755868473.812945,-4,-2,-80
1755868473.8509445,1,0,-72
1755868473.8879447,1,2,-70
1755868473.9269447,0,6,-72
1755868473.9629445,-1,6,-64
1755868473.9999447,5,0,-65
1755868474.0389447,8,-2,-72
1755868474.0769446,0,-6,-81
1755868474.1139443,0,-4,-79
1755868474.1509447,1,-5,-83
1755868474.1889446,-1,0,-79
1755868474.2269447,6,0,-74
1755868474.2639446,5,8,-76
1755868474.3009446,0,0,-62
1755868474.338945,1,3,-59
1755868474.3769443,-4,7,-61
1755868474.4159446,4,5,-73
1755868474.4519446,3,-2,-60
1755868474.4889443,1,0,-68
1755868474.5269446,5,-3,-79
1755868474.562945,4,-2,-87
1755868474.6009445,-1,-5,-79
1755868474.6389446,-4,-1,-74
1755868474.677945,-9,2,-81
1755868474.7159443,0,-3,-79
1755868474.7519443,0,0,-81
1755868474.7889447,-7,-1,-74
1755868474.8279445,-4,0,-71
1755868474.8659446,2,-2,-63
1755868474.9019446,-1,-1,-74
1755868474.9399445,2,-3,-77
1755868474.9779446,2,-2,-75
1755868475.0169446,2,2,-75
1755868475.052945,-1,1,-66
1755868475.0909443,-10,5,-62
1755868475.1289446,0,2,-60
1755868475.1669445,5,-6,-78
1755868475.2029445,6,-5,-82
1755868475.2399447,8,-5,-68
1755868475.2779446,-7,-10,-82
1755868475.3169446,-1,1,-75
1755868475.3529446,4,2,-79
1755868475.3899446,3,0,-81
1755868475.427945,8,0,-79
1755868475.4669447,-2,2,-63
1755868475.5029447,-6,3,-71
1755868475.5399446,-2,2,-82
1755868475.5779445,3,-3,-77
1755868475.6169446,1,-1,-72
1755868475.6529446,7,-2,-79
1755868475.6899445,2,-1,-82
1755868475.7279446,3,4,-75
1755868475.7639446,0,2,-70
1755868475.8009446,9,3,-69
1755868475.8379445,-5,-4,-65
1755868475.8769443,10,-1,-79
1755868475.9129446,2,-2,-70
1755868475.950945,0,0,-66
1755868475.9879446,-6,0,-69
1755868476.0269446,-3,0,-66
1755868476.062945,0,-5,-66
1755868476.0999446,-1,-8,-71
1755868476.1379447,5,-5,-78
1755868476.1769447,8,-7,-77
1755868476.2129445,3,-5,-63
1755868476.2499447,4,-4,-59
1755868476.2889447,4,1,-71
1755868476.3269446,8,-3,-63
1755868476.3629446,10,-5,-72
1755868476.3999443,6,0,-69
1755868476.4389446,0,-6,-85
1755868476.4769447,-3,0,-76
1755868476.5129447,-3,-3,-75
1755868476.5509446,-5,2,-68
1755868476.5899446,0,0,-74
1755868476.6279447,5,0,-74
1755868476.6639447,2,5,-87
1755868476.700945,4,-6,-66
1755868476.7399447,8,0,-66
1755868476.7779446,4,-1,-76
1755868476.8139446,6,-1,-76
1755868476.8519447,0,1,-74
1755868476.8899446,0,0,-73
1755868476.927945,6,-12,-83
1755868476.963945,4,-9,-72
1755868477.0019443,-8,-3,-70
1755868477.0399446,0,-9,-73
1755868477.0789447,6,-8,-74
1755868477.1169446,3,-12,-76
1755868477.1529446,3,-3,-90
1755868477.1899445,0,3,-79
1755868477.2279446,-7,0,-79
1755868477.2639446,-5,2,-70
1755868477.3019447,0,0,-64
1755868477.338945,2,3,-74
1755868477.3749447,-2,0,-67
1755868477.4259446,-2,7,-70
1755868477.4619446,-2,2,-73
1755868477.4999447,3,5,-77
1755868477.5389447,1,-1,-65
1755868477.5749447,-3,-4,-68
1755868477.6129446,-1,0,-74
1755868477.6519446,-2,1,-76
1755868477.6889446,-3,1,-70
1755868477.7279446,-2,1,-60
1755868477.7649446,-1,0,-67
1755868477.8019447,-2,4,-65
1755868477.8399446,-3,-5,-64
1755868477.8789446,0,0,-83
1755868477.9149446,-4,-2,-73
1755868477.9529445,-4,-2,-60
1755868477.9909446,-3,1,-66
1755868478.029945,-1,-2,-69
1755868478.0679443,0,-2,-71
1755868478.1039443,0,0,-76
1755868478.1409447,8,-1,-80
1755868478.1799445,-1,0,-76
1755868478.2179446,-5,-2,-85
1755868478.2539446,0,6,-77
1755868478.2909446,-2,3,-81
1755868478.3299446,1,0,-72
1755868478.3679447,3,-8,-68
1755868478.4039447,3,-3,-56
1755868478.440945,5,-3,-58
1755868478.4799447,0,-2,-78
1755868478.5179446,-1,0,-74
1755868478.5539446,-3,-6,-76
1755868478.5919447,1,-3,-84
1755868478.6299446,-7,-4,-82
1755868478.6689446,-4,-3,-80
1755868478.7049446,4,-1,-71
1755868478.7439446,-3,5,-66
1755868478.7809446,0,3,-73
1755868478.8199446,-3,0,-65
1755868478.8579447,1,1,-77
1755868478.8939445,1,1,-69
1755868478.9319446,2,-4,-76
1755868478.9699447,-5,2,-70
1755868479.0059447,3,0,-78
1755868479.042945,8,1,-75
1755868479.0799446,-1,-5,-60
1755868479.1189446,-4,-2,-68
1755868479.154945,-7,-6,-69
1755868479.1929443,-4,-1,-68
1755868479.2319446,-3,-5,-65
1755868479.269945,-2,-1,-80
1755868479.3059447,-3,4,-82
1755868479.3429446,-4,2,-76
1755868479.381945,-11,-4,-67
1755868479.4199443,6,0,-62
1755868479.4559443,5,-7,-74
1755868479.4939446,0,7,-67
1755868479.5319445,0,6,-74
1755868479.5699446,-1,3,-75
1755868479.608945,-5,-6,-79
1755868479.644945,-1,0,-71
1755868479.6819446,4,-3,-68
1755868479.7199447,3,-3,-72
1755868479.7589445,2,-1,-63
1755868479.7949443,0,-5,-67
1755868479.8319447,4,0,-74
1755868479.8699446,5,5,-69
1755868479.9059446,-1,4,-70
1755868479.9429443,1,1,-66
1755868479.9809446,0,5,-61
1755868480.0189445,2,7,-65
1755868480.0549445,-2,0,-68
1755868480.0929446,1,10,-71
1755868480.1309447,-3,-3,-65
1755868480.1689446,6,-4,-61
1755868480.2049446,12,-2,-65
1755868480.2429447,4,3,-77
1755868480.2809446,1,2,-61
1755868480.3189447,-1,-7,-60
1755868480.3549447,3,-3,-70
1755868480.3929446,0,3,-71
1755868480.4309447,-1,5,-63
1755868480.4689443,8,-2,-69
1755868480.5049446,0,-1,-65
1755868480.542945,-3,3,-78
1755868480.5809443,-4,-3,-64
1755868480.6199446,2,5,-67
1755868480.6559446,6,4,-68
1755868480.6929443,4,1,-68
1755868480.7309446,3,-3,-76
1755868480.769945,3,0,-74
1755868480.8059447,0,0,-66
1755868480.8429446,3,4,-70
1755868480.8809447,0,2,-81
1755868480.9169445,-4,0,-83
1755868480.9549446,-4,6,-74
1755868480.9929447,-1,5,-74
1755868481.0309446,1,5,-73
1755868481.0669446,-3,1,-79
1755868481.1049447,4,-1,-78
1755868481.1429446,-7,0,-75
1755868481.1809447,4,0,-72
1755868481.2169447,2,-6,-71
1755868481.2539446,0,4,-69
1755868481.2909446,2,1,-77
1755868481.3269446,-1,0,-63
1755868481.3639443,-3,0,-70
1755868481.4019446,1,6,-74
1755868481.440945,-1,0,-76
1755868481.4769447,9,5,-77
1755868481.5139446,5,-4,-75
1755868481.5519447,2,5,-73
1755868481.5909443,-4,4,-77
1755868481.6269443,-4,-1,-69
1755868481.6649446,-3,4,-71
1755868481.7029445,0,-2,-74
1755868481.7419446,0,-2,-69
1755868481.779945,-2,-2,-82
1755868481.815945,-3,8,-71
1755868481.8539443,-2,2,-75
1755868481.8919446,-2,0,-70
1755868481.9309447,0,-1,-80
1755868481.9669447,5,-2,-78
1755868482.0039446,2,-5,-79
1755868482.0419445,-3,-1,-69
1755868482.0809443,8,0,-67
1755868482.1169446,7,3,-63
1755868482.1539447,-10,2,-74
1755868482.1919446,-1,0,-72
1755868482.2309446,-6,7,-69
1755868482.2669446,-4,1,-68
1755868482.3049445,1,1,-66
1755868482.3419447,5,0,-60
1755868482.3799446,0,-5,-67
1755868482.4159446,-6,3,-76
1755868482.4529445,-2,1,-74
1755868482.4919446,4,2,-67
1755868482.529945,7,8,-71
1755868482.565945,6,9,-78
1755868482.6029446,3,10,-76
1755868482.6409447,5,2,-75
1755868482.6769447,2,0,-76
1755868482.713945,-1,-1,-66
1755868482.7529447,0,-8,-66
1755868482.7909446,-5,-3,-71
1755868482.8269446,0,-1,-74
1755868482.8639443,6,-2,-68
1755868482.9029446,-1,2,-57
1755868482.940945,-5,0,-67
1755868482.9769447,0,-4,-68
1755868483.0149446,2,-7,-76
1755868483.052945,11,0,-66
1755868483.0909443,-3,1,-68
1755868483.1269443,6,4,-65
1755868483.1649446,11,1,-68
1755868483.2019446,1,-3,-66
1755868483.2409446,1,-1,-80
1755868483.2769446,-1,-1,-76
1755868483.315945,-4,8,-71
1755868483.3529446,0,0,-65
1755868483.3919446,2,2,-71
1755868483.427945,-6,2,-69
1755868483.4659443,-1,5,-83
1755868483.5029447,-3,-3,-72
1755868483.5419445,-6,6,-76
1755868483.5779445,-9,9,-84
1755868483.6149447,-3,7,-79
1755868483.6529446,-3,-2,-72
1755868483.6919446,-6,-1,-70
1755868483.7279446,-1,-1,-66
1755868483.7659447,-5,-5,-71
1755868483.8039446,-10,2,-72
1755868483.8429446,-1,-5,-81
1755868483.8809447,-2,-7,-75
1755868483.9169445,2,0,-73
1755868483.9539447,1,-2,-79
1755868483.9929447,-7,4,-75
1755868484.0309446,-1,4,-73
1755868484.0669446,-2,5,-65
1755868484.1049447,-5,5,-59
1755868484.1429446,3,0,-66
1755868484.1809447,1,-2,-70
1755868484.2169447,-2,0,-67
1755868484.2539446,0,-5,-68
1755868484.292945,8,-9,-72
1755868484.3309443,-3,-4,-63
1755868484.3669446,2,-2,-61
1755868484.4039447,3,-2,-66
1755868484.4429443,-5,6,-62
1755868484.4789443,-9,6,-76
1755868484.5169446,-2,-1,-69
1755868484.5549445,0,0,-66
1755868484.5929446,-3,-2,-65
1755868484.6289446,-8,0,-71
1755868484.6659446,-4,-6,-72
1755868484.7039447,1,-2,-73
1755868484.7429447,0,-1,-83
1755868484.7789447,0,0,-74
1755868484.815945,4,0,-83
1755868484.8529446,0,-3,-74
1755868484.8919446,-4,-2,-78
1755868484.927945,3,0,-68
1755868484.9649446,3,2,-66
1755868485.0029447,-1,-6,-74
1755868485.0389447,1,-4,-73
1755868485.0769446,1,3,-80
1755868485.1149447,1,7,-63
1755868485.1529446,2,-2,-82
1755868485.1889446,8,0,-70
1755868485.2269447,4,-5,-77
1755868485.2649446,-2,-6,-65
1755868485.3039446,-4,5,-66
1755868485.3419447,-4,6,-77
1755868485.3779447,-2,1,-63
1755868485.4149446,2,-2,-64
1755868485.4539447,-1,0,-72
1755868485.4919446,-2,-2,-69
1755868485.5279446,0,5,-61
1755868485.5649445,4,1,-73
1755868485.6029446,8,0,-69
1755868485.6389446,-1,-2,-83
1755868485.6769447,-7,0,-84
1755868485.7159443,0,0,-89
1755868485.7539446,-4,-3,-80
1755868485.7919445,-4,1,-73
1755868485.8279445,-6,-1,-68
1755868485.8659446,0,1,-80
1755868485.9039447,-5,0,-78
1755868485.9419446,3,0,-72
1755868485.9779446,-2,-11,-78
1755868486.0159447,2,-4,-76
1755868486.0539446,-3,-9,-63
1755868486.0929446,5,1,-68
1755868486.1289446,0,1,-64
1755868486.1659446,5,2,-69
1755868486.2039447,-1,4,-68
1755868486.2399447,2,2,-77
1755868486.2769446,1,0,-82
1755868486.3149445,-3,1,-61
1755868486.3529446,3,2,-66
1755868486.3889446,3,-2,-71
1755868486.4269447,4,0,-71
1755868486.4649446,4,4,-75
1755868486.5029447,1,3,-81
1755868486.5389447,7,0,-62
1755868486.5769446,4,0,-76
1755868486.6149447,9,-13,-73
1755868486.6529446,0,0,-70
1755868486.6889446,-1,2,-73
1755868486.7269447,1,0,-79
1755868486.7649446,5,-1,-65
1755868486.8039446,7,1,-77
1755868486.8399446,2,-1,-73
1755868486.8769443,-5,0,-80
1755868486.9149446,0,-4,-75
1755868486.9539447,-5,-1,-70
1755868486.9899447,-8,-3,-75
1755868487.0289447,-11,-3,-63
1755868487.065945,-6,0,-78
1755868487.1049447,0,0,-74
1755868487.1429446,2,-3,-78
1755868487.1789446,6,4,-89
1755868487.2159443,-4,0,-83
1755868487.2549446,-1,0,-74
1755868487.292945,-2,3,-80
1755868487.3289447,0,-6,-75
1755868487.3659446,-1,-4,-66
1755868487.404945,-1,3,-74
1755868487.4489446,1,2,-68
1755868487.486945,-3,-1,-72
1755868487.5249443,-2,1,-70
1755868487.5639446,0,-6,-81
1755868487.5999446,0,0,-80
1755868487.6369443,-3,0,-76
1755868487.6749446,1,6,-76
1755868487.713945,2,1,-72
1755868487.7499447,-7,0,-71
1755868487.7869446,0,-2,-63
1755868487.8249447,-1,-2,-68
1755868487.8639443,2,1,-68
1755868487.8999443,-4,-1,-64
1755868487.937945,0,0,-73
1755868487.9749446,-2,0,-75
1755868488.0139446,2,-2,-73
1755868488.0499446,2,-4,-59
1755868488.0869446,0,0,-78
1755868488.1249447,5,0,-74
1755868488.1609447,1,-2,-73
1755868488.1979446,1,5,-66
1755868488.2359445,-1,-2,-60
1755868488.2749443,-1,2,-75
1755868488.3109446,1,-4,-62
1755868488.348945,-7,-8,-73
1755868488.3859446,3,-6,-76
1755868488.4249446,-3,-7,-74
1755868488.460945,4,-3,-82
1755868488.4979446,1,-1,-75
1755868488.5359447,0,1,-61
1755868488.5739446,0,0,-66
1755868488.6099446,9,-4,-65
1755868488.6479447,8,0,-75
1755868488.6859446,-6,3,-77
1755868488.7249446,2,0,-72
1755868488.7609446,4,2,-67
1755868488.7979443,0,-1,-67
1755868488.835945,2,1,-70
1755868488.8739443,0,0,-73
1755868488.9099443,0,-6,-73
1755868488.9469447,5,-1,-72
1755868488.9859445,3,-1,-79
1755868489.0239446,0,-3,-83
1755868489.0599446,-8,-3,-78
1755868489.098945,-4,3,-86
1755868489.1359446,0,-4,-87
1755868489.1749446,0,-2,-68
1755868489.210945,5,-3,-59
1755868489.2479446,-2,-2,-60
1755868489.2859447,2,0,-75
1755868489.3239446,-5,-3,-69
1755868489.3599446,2,-1,-70
1755868489.3969443,-1,1,-68
1755868489.4359446,2,-2,-72
1755868489.473945,-4,-1,-66
1755868489.509945,-3,-2,-81
1755868489.5489447,-1,6,-81
1755868489.585945,-2,2,-75
1755868489.6249447,-3,4,-79
1755868489.6609447,-1,3,-81
1755868489.6989446,2,2,-82
1755868489.7359445,0,-1,-78
1755868489.7749443,0,0,-62
1755868489.8109446,-2,-4,-64
1755868489.848945,0,0,-72
1755868489.8859446,-1,-2,-72
1755868489.9249446,-3,0,-68
1755868489.960945,-4,7,-69
1755868489.9989443,-5,-1,-66
1755868490.0359447,6,-4,-77
1755868490.0749447,4,-3,-68
1755868490.1109445,-5,-1,-71
1755868490.1489446,5,0,-68
1755868490.1859446,1,-4,-82
1755868490.2249446,1,1,-72
1755868490.2609446,-3,-1,-80
1755868490.2989447,-4,0,-66
1755868490.3369446,5,4,-71
1755868490.3749447,2,-1,-83
1755868490.4109447,0,1,-79
1755868490.4479446,3,-1,-75
1755868490.4859445,-1,1,-74
1755868490.5249443,-6,-4,-74
1755868490.5609446,1,-2,-67
1755868490.5979445,6,2,-64
1755868490.6359446,6,-1,-60
1755868490.6719446,1,0,-70
1755868490.7089446,6,-4,-73
1755868490.7479446,-3,-6,-76
1755868490.7859447,-2,-5,-69
1755868490.8219447,-8,-6,-67
1755868490.8599446,-7,-3,-78
1755868490.8979447,0,-1,-75
1755868490.9369447,-1,8,-63
1755868490.9749446,0,1,-72
1755868491.0109446,0,3,-62
1755868491.0479443,-3,-2,-83
1755868491.0869446,-3,1,-61
1755868491.1249447,-4,0,-76
1755868491.1609447,-4,-4,-82
1755868491.1989446,0,-3,-67
1755868491.236945,-8,5,-74
1755868491.2759447,-5,-1,-73
1755868491.3119447,-2,-2,-77
1755868491.3499446,-2,3,-76
1755868491.3879447,-2,5,-83
1755868491.4269447,-3,9,-70
1755868491.4649446,-1,1,-70
1755868491.5009446,0,2,-79
1755868491.5389447,-1,-2,-61
1755868491.5769446,3,-1,-65
1755868491.6129446,0,-2,-71
1755868491.6509447,-2,-3,-70
1755868491.687945,0,0,-72
1755868491.7269447,-8,-10,-76
1755868491.7629447,0,-9,-74
1755868491.7999446,1,0,-72
1755868491.8369446,-1,2,-73
1755868491.8759446,-1,1,-63
1755868491.9129446,0,1,-59
1755868491.9499447,0,2,-68
1755868491.986945,1,2,-65
1755868492.0229447,0,-1,-69
1755868492.0599446,1,-2,-74
1755868492.0979445,-3,-4,-71
1755868492.1369443,0,-5,-69
1755868492.1729443,-2,-1,-63
1755868492.210945,-2,3,-74
1755868492.2489443,0,-5,-68
1755868492.2869446,-9,-7,-81
1755868492.325945,0,0,-62
1755868492.361945,-2,0,-66
1755868492.3999443,-3,0,-75
1755868492.437945,-5,-5,-67
1755868492.4769447,-4,-5,-70
1755868492.5129447,0,-6,-76
1755868492.5509446,3,0,-83
1755868492.5879445,-3,5,-71
1755868492.6269443,-8,-4,-67
1755868492.6629446,-3,2,-75
1755868492.700945,-4,-1,-73
1755868492.7379446,0,-1,-62
1755868492.7769446,5,3,-71
1755868492.812945,7,2,-65
1755868492.8509445,1,-2,-65
1755868492.8879447,0,1,-75
1755868492.9259446,3,3,-77
1755868492.9619446,-3,3,-72
1755868492.9999447,-5,3,-77
1755868493.0379446,-1,-3,-73
1755868493.0769446,1,0,-67
1755868493.1129446,4,3,-71
1755868493.1499443,-7,9,-68
1755868493.187945,-7,0,-74
1755868493.2269447,3,0,-71
1755868493.2639446,-3,4,-64
1755868493.3009446,0,0,-70
1755868493.3399446,1,-1,-81
1755868493.3779447,2,7,-76
1755868493.4139447,-3,0,-77
1755868493.450945,7,4,-67
1755868493.4879446,-2,6,-78
1755868493.5269446,-1,7,-77
1755868493.5639446,1,2,-69
1755868493.6009445,6,0,-83
1755868493.6379447,0,-8,-65
1755868493.6769447,2,-1,-70
1755868493.7129445,4,-1,-78
1755868493.7499447,-1,6,-76
1755868493.7879446,0,5,-72
1755868493.8239446,1,2,-77
1755868493.8609445,0,3,-80
1755868493.8979447,-1,3,-67
1755868493.9369447,0,1,-67
1755868493.9729445,0,-1,-73
1755868494.009945,-6,-2,-73
1755868494.0479443,-9,-2,-78
1755868494.0869446,0,-1,-65
1755868494.1229446,6,-2,-75
1755868494.1599443,0,4,-74
1755868494.1979446,-1,4,-66
1755868494.233945,3,3,-72
1755868494.2709446,9,3,-59
1755868494.3089447,5,2,-76
1755868494.3469446,-5,6,-75
1755868494.3829446,-3,-6,-75
1755868494.4209447,2,0,-74
1755868494.4589446,2,-9,-69
1755868494.4979446,2,0,-79
1755868494.5339446,4,2,-72
1755868494.5709443,5,-5,-71
1755868494.6099446,2,0,-56
1755868494.6479447,0,0,-66
1755868494.6839447,-3,-3,-64
1755868494.7229445,0,7,-78
1755868494.759945,-2,3,-72
1755868494.7989447,0,3,-71
1755868494.8369446,5,1,-67
1755868494.8729446,-5,-2,-75
1755868494.9109447,-10,4,-76
1755868494.9489446,0,-1,-74
1755868494.9879446,0,-3,-70
1755868495.0239446,1,-4,-79
1755868495.0619447,-1,-2,-71
1755868495.0999446,1,-2,-68
1755868495.1389446,0,-4,-56
1755868495.1749446,-3,-3,-68
1755868495.213945,-2,-4,-78
1755868495.2509446,-5,2,-78
1755868495.2889447,-6,0,-71
1755868495.3279445,-8,-2,-69
1755868495.3639443,-1,0,-68
1755868495.4009447,6,1,-73
1755868495.4389446,-2,-1,-81
1755868495.4749446,0,3,-76
1755868495.5119443,0,-2,-69
1755868495.5499446,-3,-1,-70
1755868495.588945,-7,-1,-83
1755868495.6249447,-12,0,-83
1755868495.6619446,-8,-2,-68
1755868495.700945,-4,-1,-71
1755868495.7389443,0,0,-87
1755868495.7749443,-5,0,-74
1755868495.8119447,0,1,-65
1755868495.848945,2,1,-76
1755868495.884945,-1,-3,-82
1755868495.9229443,-4,-4,-92
1755868495.960945,-9,6,-81
1755868495.9999447,-6,-1,-70
1755868496.0379446,-4,5,-76
1755868496.0739446,-2,0,-78
1755868496.111945,1,0,-65
1755868496.1499443,-4,-1,-68
1755868496.187945,-7,-1,-68
1755868496.223945,-3,-2,-60
1755868496.2619443,1,-1,-74
1755868496.2999446,2,-7,-74
1755868496.338945,1,-2,-78
1755868496.3749447,0,0,-64
1755868496.4119446,1,-7,-77
1755868496.4499447,-2,-5,-65
1755868496.4889443,-1,-9,-61
1755868496.5249443,0,-3,-68
1755868496.5619447,2,2,-78
1755868496.5999446,0,6,-81
1755868496.6379447,1,0,-80
1755868496.6739447,4,-1,-73
1755868496.7119446,1,-2,-78
1755868496.7499447,2,-9,-78
1755868496.7889447,-11,4,-65
1755868496.8249447,-1,1,-61
1755868496.861945,-1,-1,-68
1755868496.8999443,1,1,-74
1755868496.937945,-5,5,-59
1755868496.9749446,0,1,-71
1755868497.0119443,0,3,-60
1755868497.0499446,2,0,-65
1755868497.085945,6,2,-60
1755868497.1229446,-4,1,-77
1755868497.1609447,3,0,-60
1755868497.1999447,-3,-3,-69
1755868497.2359445,-9,2,-75
1755868497.2749443,-2,1,-68
1755868497.3119447,3,-5,-68
1755868497.3499446,-1,-5,-67
1755868497.3889446,-4,-8,-79
1755868497.4249446,-1,-4,-76
1755868497.4709446,1,2,-66
1755868497.5089445,-2,-2,-73
1755868497.5449443,0,-6,-71
1755868497.5819447,6,3,-66
1755868497.6199446,0,0,-78
1755868497.6559446,4,2,-83
1755868497.6929443,-1,4,-83
1755868497.7309446,-3,0,-73
1755868497.769945,3,2,-74
1755868497.8059447,0,3,-67
1755868497.8429446,2,3,-69
1755868497.8809447,-6,0,-82
1755868497.9189446,1,7,-71
1755868497.9549446,-6,2,-76
1755868497.9929447,-1,-1,-75
1755868498.0309446,2,-1,-70
1755868498.0699446,1,4,-60
1755868498.1059446,3,4,-66
1755868498.1429446,5,0,-72
1755868498.1809447,3,-6,-75
1755868498.2189443,0,-6,-80
1755868498.2549446,0,-1,-88
1755868498.292945,4,0,-61
1755868498.3309443,-2,1,-66
1755868498.3689446,-7,-6,-86
1755868498.404945,-3,-5,-80
1755868498.4429443,-1,-4,-71
1755868498.4809446,1,0,-59
1755868498.5189445,0,0,-71
1755868498.5549445,-6,-7,-77
1755868498.5929446,0,1,-79
1755868498.6309447,-10,4,-68
1755868498.6689446,-3,0,-82
1755868498.7049446,-3,1,-71
1755868498.7419446,-2,5,-65
1755868498.7809446,2,0,-62
1755868498.8169446,5,0,-56
1755868498.8539443,1,-1,-69
1755868498.8919446,-4,1,-72
1755868498.9309447,4,1,-68
1755868498.9669447,3,1,-75
1755868499.0039446,1,2,-72
1755868499.0409446,1,-1,-70
1755868499.0799446,3,-3,-69
1755868499.1159446,7,-11,-63
1755868499.1539447,7,-9,-61
1755868499.1919446,1,-3,-71
1755868499.2309446,-7,-2,-77
1755868499.2669446,-5,-2,-79
1755868499.3049445,-8,-4,-71
1755868499.3429446,4,-5,-61
1755868499.3809447,-2,1,-60
1755868499.4199443,2,-1,-61
1755868499.4559443,3,0,-76
1755868499.4929447,-1,1,-69
1755868499.5319445,-2,0,-65
1755868499.5709443,5,-4,-80
1755868499.6069446,11,-5,-83
1755868499.644945,3,2,-74
1755868499.6829443,2,3,-74
1755868499.7209446,0,0,-88
1755868499.756945,0,0,-88
1755868499.7939446,2,-2,-79
1755868499.8319447,-1,-1,-69
1755868499.8709445,4,-1,-57
1755868499.9069445,2,0,-63
1755868499.9439447,1,1,-64
1755868499.9819446,0,4,-61
1755868500.0209446,0,-3,-63
1755868500.0569446,8,0,-78
1755868500.0939443,0,1,-74
1755868500.131945,-1,-2,-72
1755868500.1709447,-4,-1,-63
1755868500.2069447,0,0,-73
1755868500.2449446,-5,0,-59
1755868500.2819445,2,-1,-73
1755868500.3209443,-1,-1,-74
1755868500.3569446,-3,1,-71
1755868500.394945,1,2,-76
1755868500.4319446,6,0,-77
1755868500.4709446,3,0,-76
1755868500.506945,-1,-2,-67
1755868500.5449443,-1,-2,-65
1755868500.5829446,-5,-4,-65
1755868500.621945,-2,-3,-67
1755868500.657945,-4,2,-64
1755868500.6959443,-6,0,-69
1755868500.733945,-5,3,-79
1755868500.7719443,-3,0,-79
1755868500.8109446,-4,0,-78
1755868500.8469446,0,1,-76
1755868500.8839445,4,6,-76
1755868500.9219446,3,7,-67
1755868500.9579446,1,8,-84
1755868500.9959445,-5,6,-69
1755868501.032945,-9,-1,-69
1755868501.0719447,-5,2,-73
1755868501.1079447,-2,4,-71
1755868501.1459446,-5,3,-72
1755868501.1829443,2,0,-64
1755868501.2219446,0,4,-80
1755868501.2579446,-7,4,-80
1755868501.2949443,-4,0,-73
1755868501.3329446,-7,0,-73
1755868501.371945,-6,6,-81
1755868501.407945,2,0,-71
1755868501.4449446,1,-1,-74
1755868501.4829447,-5,-6,-69
1755868501.5219443,0,0,-76
1755868501.5579443,-5,-4,-73
1755868501.5959446,-3,0,-68
1755868501.6339445,12,0,-79
1755868501.6719446,1,0,-71
1755868501.7079446,0,3,-75
1755868501.7449446,3,-6,-72
1755868501.782945,1,-6,-74
1755868501.8219447,3,-2,-79
1755868501.8579447,7,1,-72
1755868501.894945,2,0,-71
1755868501.9329443,-3,0,-71
1755868501.9719446,-3,-1,-75
1755868502.0079446,-1,-2,-81
1755868502.0459447,3,-2,-83
1755868502.0839446,8,-2,-85
1755868502.1229446,0,-2,-76
1755868502.1609447,-11,1,-71
1755868502.1969447,-5,3,-73
1755868502.2349446,0,3,-70
1755868502.2729447,1,1,-76
1755868502.3109446,2,-6,-64
1755868502.3469446,3,-3,-74
1755868502.3839445,3,-8,-75
1755868502.4229443,1,-1,-82
1755868502.4589446,5,-2,-69
1755868502.4959445,-1,3,-65
1755868502.5339446,-1,3,-68
1755868502.5729446,2,-2,-63
1755868502.608945,0,-4,-76
1755868502.6459446,-2,-2,-71
1755868502.6839447,-7,-14,-83
1755868502.7229445,-2,0,-80
1755868502.7589445,-3,-6,-89
1755868502.7969446,-3,-1,-83
1755868502.8349447,-6,-2,-76
1755868502.8729446,-2,0,-72
1755868502.9119446,-7,-4,-61
1755868502.9489446,1,-8,-67
1755868502.986945,3,-10,-77
1755868503.0239446,-2,0,-78
1755868503.062945,8,-1,-79
1755868503.098945,0,-4,-73
1755868503.1369443,3,-4,-73
1755868503.1739447,7,0,-73
1755868503.2119446,6,0,-75
1755868503.2479446,4,0,-65
1755868503.2849443,-5,0,-71
1755868503.3239446,-5,-1,-69
1755868503.361945,-6,8,-69
1755868503.3979447,-3,3,-80
1755868503.4349446,-3,2,-74
1755868503.473945,1,5,-69
1755868503.5119443,2,3,-77
1755868503.5479443,2,3,-69
1755868503.5849447,0,4,-75
1755868503.6229446,1,-2,-83
1755868503.6589446,2,0,-77
1755868503.6959443,0,-7,-66
1755868503.733945,1,-2,-76
1755868503.7729447,2,0,-65
1755868503.8089447,3,0,-75
1755868503.8459446,4,-1,-72
1755868503.8839445,-5,-3,-73
1755868503.9229443,-1,-1,-69
1755868503.9589446,-4,-2,-65
1755868503.996945,0,-4,-70
1755868504.0349443,1,-5,-75
1755868504.0739446,0,-7,-82
1755868504.111945,6,-3,-78
1755868504.1479447,0,-1,-68
1755868504.1849446,2,1,-65
1755868504.2229445,-2,-4,-60
1755868504.2589445,-2,-3,-62
1755868504.2969446,-2,0,-60
1755868504.3349447,0,0,-79
1755868504.3729446,0,9,-62
1755868504.4089446,-3,4,-74
1755868504.4459443,0,0,-65
1755868504.483945,-1,-2,-59
1755868504.5229447,-1,-2,-71
1755868504.5589447,-1,2,-69
1755868504.5959446,2,3,-61
1755868504.6339445,-10,-2,-68
1755868504.6699443,-2,0,-66
1755868504.7069447,1,3,-85
1755868504.7439446,-1,-1,-83
1755868504.782945,2,-3,-83
1755868504.8189447,0,1,-76
1755868504.8569446,-1,-4,-73
1755868504.8959446,-5,3,-63
1755868504.9339447,-7,0,-72
1755868504.9699447,0,3,-72
1755868505.006945,2,0,-71
1755868505.0449443,7,4,-63
1755868505.0839446,1,-2,-75
1755868505.1199446,-2,5,-68
1755868505.1569445,0,-3,-74
1755868505.1959443,5,-1,-78
1755868505.233945,6,4,-75
1755868505.269945,8,3,-68
1755868505.3079443,2,1,-72
1755868505.3459446,0,-3,-71
1755868505.3839445,-5,-1,-67
1755868505.4199443,0,1,-67
1755868505.4579446,1,1,-68
1755868505.4959445,0,-4,-76
1755868505.5339446,2,0,-67
1755868505.5709443,4,0,-69
1755868505.6079447,3,-6,-78
1755868505.6459446,-6,-3,-69
1755868505.6849446,-2,1,-65
1755868505.7229445,3,3,-67
1755868505.7589445,3,2,-63
1755868505.7959447,4,-1,-62
1755868505.8349447,0,-1,-70
1755868505.8729446,-4,1,-73
1755868505.9089446,2,0,-72
1755868505.9459443,2,1,-80
1755868505.983945,1,2,-68
1755868506.019945,-2,6,-70
1755868506.0579443,-2,-1,-73
1755868506.0959446,0,-6,-72
1755868506.134945,-6,-4,-77
1755868506.1709447,-3,-3,-75
1755868506.2089446,0,-2,-62
1755868506.246945,-2,-4,-86
1755868506.2849443,-8,-4,-65
1755868506.3239446,-6,2,-67
1755868506.3599446,8,1,-81
1755868506.3969443,0,1,-76
1755868506.4349446,0,2,-77
1755868506.4709446,1,2,-76
1755868506.5079446,6,-4,-66
1755868506.5459447,2,-9,-72
1755868506.5849447,-4,-10,-58
1755868506.6209445,-5,-7,-64
1755868506.6589446,0,-10,-78
1755868506.6969447,-1,-6,-77
1755868506.7359445,1,2,-80
1755868506.7739446,0,0,-81
1755868506.8099446,0,1,-74
1755868506.8469446,4,2,-73
1755868506.884945,2,-1,-77
1755868506.9209447,-4,-2,-84
1755868506.9589446,-7,0,-86
1755868506.996945,7,1,-70
1755868507.0349443,3,1,-67
1755868507.0709443,3,0,-78
1755868507.1079447,0,-7,-72
1755868507.1459446,5,-7,-80
1755868507.1849446,1,4,-68
1755868507.2209446,-6,5,-66
1755868507.2579446,-1,4,-71
1755868507.2959447,-1,3,-74
1755868507.3349447,0,-1,-64
1755868507.3709445,3,0,-75
1755868507.407945,1,3,-73
1755868507.4459443,5,-3,-74
1755868507.4909446,8,-9,-74
1755868507.5279446,1,0,-71
1755868507.565945,9,6,-66
1755868507.6039443,2,-6,-61
1755868507.6399446,0,-3,-73
1755868507.6769447,-4,2,-74
1755868507.7159443,-5,2,-75
1755868507.7539446,-6,3,-69
1755868507.7899446,10,3,-67
1755868507.8269446,1,0,-75
1755868507.8659446,-5,2,-67
1755868507.9019446,-6,-4,-64
1755868507.940945,4,0,-51
1755868507.9779446,2,0,-68
1755868508.0159447,-5,4,-65
1755868508.0519447,-3,-2,-63
1755868508.0899446,0,-2,-59
1755868508.1279447,-1,-1,-74
1755868508.1659446,-3,2,-79
1755868508.2049446,2,2,-83
1755868508.2409446,4,-3,-77
1755868508.2779446,3,-8,-82
1755868508.315945,1,-7,-75
1755868508.3549447,0,-1,-84
1755868508.3909447,4,0,-81
1755868508.427945,-1,-6,-69
1755868508.4659443,0,-8,-77
1755868508.5049446,0,2,-76
1755868508.5409446,9,2,-74
1755868508.5789447,7,-4,-84
1755868508.6169446,7,1,-73
1755868508.654945,2,6,-77
1755868508.690945,5,-4,-74
1755868508.7279446,7,0,-71
1755868508.7659447,-3,-2,-70
1755868508.8019447,7,0,-71
1755868508.838945,5,3,-63
1755868508.8769443,4,-2,-67
1755868508.9149446,2,0,-75
1755868508.950945,3,0,-75
1755868508.9889443,3,-1,-57
1755868509.0279446,5,4,-74
1755868509.065945,0,3,-75
1755868509.1019447,-2,-2,-76
1755868509.1399446,1,6,-75
1755868509.177945,0,-3,-72
1755868509.2169447,0,-8,-73
1755868509.2549446,0,0,-85
1755868509.2909446,0,1,-82
1755868509.3279445,6,0,-91
1755868509.3659446,-5,-1,-76
1755868509.4019446,0,0,-83
1755868509.4389446,-2,-4,-74
1755868509.4779446,6,0,-77
1755868509.5159447,2,5,-80
1755868509.5519447,-5,3,-79
1755868509.588945,-5,0,-69
1755868509.6279447,0,2,-71
1755868509.6659446,-1,1,-72
1755868509.7019446,5,1,-71
1755868509.7389443,3,4,-75
1755868509.7769446,1,0,-67
1755868509.812945,1,0,-71
1755868509.8509445,0,-8,-79
1755868509.8889446,1,-7,-75
1755868509.927945,0,-2,-78
1755868509.9659443,4,-4,-75
1755868510.0019443,0,-1,-84
1755868510.0389447,1,2,-83
1755868510.0769446,3,-4,-82
1755868510.1139443,0,-9,-81
1755868510.1509447,-6,-2,-67
1755868510.1889446,1,-1,-73
1755868510.2269447,4,-2,-74
1755868510.2659447,7,-2,-80
1755868510.3019447,-1,3,-79
1755868510.338945,1,0,-76
1755868510.3769443,-4,4,-77
1755868510.4129446,-4,4,-73
1755868510.4519446,-2,2,-74
1755868510.4889443,-5,1,-75
1755868510.5279446,7,-1,-81
1755868510.565945,-7,0,-75
1755868510.6019447,1,-8,-70
1755868510.6389446,-5,-4,-69
1755868510.677945,8,3,-75
1755868510.7159443,7,1,-72
1755868510.7519443,2,1,-72
1755868510.7889447,1,-1,-76
1755868510.8279445,2,-7,-71
1755868510.8659446,0,-4,-78
1755868510.9019446,2,-3,-75
1755868510.9389446,0,-4,-63
1755868510.9779446,7,-7,-67
1755868511.0159447,6,-4,-70
1755868511.0519447,4,-6,-57
1755868511.0899446,4,1,-67
1755868511.1279447,-9,0,-70
1755868511.1659446,-4,4,-76
1755868511.2019446,4,0,-70
1755868511.2399447,9,0,-78
1755868511.2779446,3,4,-76
1755868511.315945,-5,0,-80
1755868511.3519447,-3,4,-80
1755868511.3899446,5,0,-83
1755868511.427945,0,-2,-75
1755868511.463945,4,-8,-62
1755868511.5009446,2,-2,-72
1755868511.5399446,0,-6,-72
1755868511.5779445,0,-4,-65
1755868511.6139443,-2,-11,-72
1755868511.6529446,-2,-10,-73
1755868511.6899445,1,0,-68
1755868511.7279446,0,-5,-65
1755868511.7639446,2,-7,-65
1755868511.8009446,-2,-2,-69
1755868511.838945,-2,-1,-82
1755868511.8779447,11,2,-74
1755868511.9139447,6,-5,-79
1755868511.950945,-3,-2,-64
1755868511.9899447,-8,1,-71
1755868512.0279446,0,-6,-72
1755868512.0639446,10,-6,-72
1755868512.1009445,6,-3,-69
1755868512.1399446,-3,6,-67
1755868512.177945,-2,3,-72
1755868512.213945,6,4,-68
1755868512.2509446,2,8,-73
1755868512.2899446,0,-2,-68
1755868512.3279445,0,-2,-73
1755868512.3639443,0,-5,-71
1755868512.4009447,-7,0,-75
1755868512.4399445,-3,-3,-77
1755868512.4779446,-4,-1,-67
1755868512.5139446,-1,-5,-80
1755868512.552945,-6,2,-75
1755868512.5899446,1,7,-79
1755868512.6279447,-5,-1,-68
1755868512.6639447,-4,-3,-74
1755868512.7029445,-3,1,-69
1755868512.7399447,1,-4,-68
1755868512.7789447,1,-5,-67
1755868512.8169446,3,2,-71
1755868512.8529446,1,2,-64
1755868512.8899446,-9,-1,-74
1755868512.9289446,-6,-2,-72
1755868512.9669447,6,2,-82
1755868513.0029447,9,0,-75
1755868513.0399446,7,-3,-63
1755868513.0789447,1,0,-63
1755868513.1169446,8,-3,-77
1755868513.1529446,7,-2,-63
1755868513.1899445,0,-2,-59
1755868513.2289443,2,0,-69
1755868513.2649446,0,-5,-75
1755868513.302945,2,-8,-71
1755868513.3399446,-9,-4,-77
1755868513.3789446,0,0,-66
1755868513.4149446,4,-1,-69
1755868513.4529445,1,0,-72
1755868513.4899447,0,1,-69
1755868513.5279446,5,-1,-74
1755868513.5639446,1,-2,-65
1755868513.6009445,2,-4,-77
1755868513.6399446,5,-9,-79
1755868513.677945,-6,0,-76
1755868513.713945,0,0,-78
1755868513.7509446,5,-2,-74
1755868513.7889447,2,-4,-82
1755868513.8279445,0,-4,-82
1755868513.8639443,-1,-2,-76
1755868513.9029446,4,0,-82
1755868513.9399445,0,0,-80
1755868513.9779446,0,3,-75
1755868514.0139446,3,0,-80
1755868514.0509446,-3,-5,-75
1755868514.0899446,-1,-2,-78
1755868514.1279447,0,2,-65
1755868514.1639447,0,-1,-68
1755868514.200945,0,1,-73
1755868514.2399447,0,-2,-78
1755868514.2779446,4,-1,-78
1755868514.3139446,4,-3,-78
1755868514.3509445,-8,2,-75
1755868514.3899446,-3,0,-80
1755868514.427945,1,-1,-76
1755868514.463945,-1,3,-80
1755868514.5009446,1,-5,-66
1755868514.5399446,0,-4,-73
1755868514.5779445,1,-4,-72
1755868514.6139443,1,-5,-76
1755868514.6509447,-2,-2,-75
1755868514.6899445,-4,3,-70
1755868514.7279446,-3,9,-74
1755868514.7639446,-1,6,-76
1755868514.8009446,3,-4,-80
1755868514.8399446,-3,0,-79
1755868514.8779447,4,0,-82
1755868514.9139447,4,0,-82
1755868514.950945,0,0,-75
1755868514.9899447,3,-2,-81
1755868515.0279446,0,2,-78
1755868515.0639446,-3,1,-77
1755868515.1009445,-8,0,-69
1755868515.1399446,-7,1,-74
1755868515.1759446,4,-4,-76
1755868515.2129445,9,0,-77
1755868515.2509446,8,0,-81
1755868515.2889447,0,2,-77
1755868515.3249447,0,-1,-81
1755868515.3629446,-2,2,-72
1755868515.4009447,-1,0,-71
1755868515.4399445,0,-1,-73
1755868515.4769447,0,0,-67
1755868515.5139446,3,0,-71
1755868515.5509446,0,-3,-72
1755868515.5899446,-7,1,-72
1755868515.6259446,-9,-3,-76
1755868515.6639447,-5,-12,-76
1755868515.7029445,-1,-9,-83
1755868515.7409446,-9,0,-75
1755868515.7789447,-5,3,-81
1755868515.8149445,-4,1,-82
1755868515.8529446,-5,3,-76
1755868515.8909447,-9,6,-64
1755868515.9299445,-1,4,-76
1755868515.9659443,4,4,-79
1755868516.0029447,4,-3,-80
1755868516.0409446,7,2,-66
1755868516.0789447,-1,5,-85
1755868516.1149447,1,1,-75
1755868516.1529446,5,2,-68
1755868516.190945,6,-1,-69
1755868516.2289443,0,-3,-67
1755868516.2649446,-1,1,-68
1755868516.302945,0,0,-51
1755868516.3409443,-8,-1,-68
1755868516.3789446,-2,1,-73
1755868516.4149446,-4,1,-72
1755868516.4529445,4,-5,-72
1755868516.4909446,0,-2,-70
1755868516.5289447,0,2,-81
1755868516.5649445,0,0,-75
1755868516.6029446,-5,-2,-72
1755868516.6409447,-1,0,-65
1755868516.6789446,0,-7,-65
1755868516.7149446,1,-12,-67
1755868516.7529447,3,-4,-60
1755868516.7909446,9,-2,-67
1755868516.8269446,0,-5,-76
1755868516.8639443,-5,5,-77
1755868516.9029446,-3,0,-70
1755868516.940945,3,-2,-73
1755868516.9769447,2,1,-79
1755868517.0139446,9,6,-77
1755868517.0509446,3,5,-75
1755868517.0899446,9,4,-70
1755868517.1259446,3,-3,-67
1755868517.1629446,-3,1,-79
1755868517.200945,1,1,-72
1755868517.236945,4,0,-78
1755868517.2739446,0,-3,-72
1755868517.3119447,11,-6,-73
1755868517.3509445,2,-6,-75
1755868517.3869443,0,-4,-82
1755868517.4239447,0,2,-78
1755868517.460945,0,2,-81
1755868517.5049446,-3,4,-68
1755868517.5439446,2,-4,-73
1755868517.5819447,-3,-2,-63
1755868517.6199446,0,-1,-75
1755868517.6559446,-1,0,-72
1755868517.6939447,3,-1,-75
1755868517.7319446,1,0,-70
1755868517.769945,10,0,-62
1755868517.8059447,2,2,-70
1755868517.8429446,0,-7,-72
1755868517.881945,4,-1,-76
1755868517.9199443,1,-3,-71
1755868517.9559443,-1,-2,-64
1755868517.9939446,3,1,-70
1755868518.0319445,0,6,-74
1755868518.0699446,-3,1,-69
1755868518.1059446,0,-2,-76
1755868518.1439445,-2,-8,-66
1755868518.1819446,-1,-7,-74
1755868518.2199447,-3,-12,-74
1755868518.2559447,0,-6,-76
1755868518.2939446,-4,-3,-64
1755868518.3319447,-1,-4,-73
1755868518.3699446,7,-5,-78
1755868518.4059446,0,-5,-75
1755868518.4429443,1,0,-74
1755868518.4809446,0,0,-61
1755868518.5169446,-3,0,-63
1755868518.5549445,-6,-4,-69
1755868518.5929446,-2,-5,-80
1755868518.631945,8,-1,-72
1755868518.667945,0,5,-78
1755868518.7049446,-1,-2,-74
1755868518.7429447,-3,-9,-80
1755868518.7819445,-5,-5,-71
1755868518.8179443,-4,3,-72
1755868518.8569446,-3,-2,-77
1755868518.8939445,-10,-3,-73
1755868518.9319446,-3,1,-83
1755868518.9709446,1,2,-77
1755868519.006945,-2,-3,-84
1755868519.0449443,-5,0,-69
1755868519.0829446,3,1,-75
1755868519.121945,3,-1,-70
1755868519.157945,4,-8,-73
1755868519.1959443,-8,-1,-85
1755868519.233945,0,0,-76
1755868519.2719443,-2,0,-72
1755868519.3109446,-1,0,-74
1755868519.3469446,2,1,-73
1755868519.3839445,-4,1,-89
1755868519.4229443,-4,3,-80
1755868519.460945,-6,0,-78
1755868519.496945,0,6,-82
1755868519.5339446,0,4,-64
1755868519.5729446,-1,9,-73
1755868519.6109445,6,2,-75
1755868519.6469443,2,5,-74
1755868519.6839447,-2,0,-78
1755868519.7229445,2,0,-75
1755868519.7609446,-5,3,-71
1755868519.7969446,6,-1,-68
1755868519.8339446,-1,-3,-74
1755868519.8729446,2,-9,-80
1755868519.9109447,6,-4,-67
1755868519.9469447,8,-1,-69
1755868519.983945,3,11,-76
1755868520.0229447,0,4,-73
1755868520.0609446,2,1,-72
1755868520.0969446,2,-2,-86
1755868520.1339445,4,0,-69
1755868520.1729443,3,1,-76
1755868520.210945,3,3,-73
1755868520.246945,2,0,-66
1755868520.2839446,-4,-1,-72
1755868520.3229446,5,4,-71
1755868520.358945,-5,1,-72
1755868520.3969443,-6,0,-71
1755868520.4349446,0,-8,-63
1755868520.4729445,-1,-3,-65
1755868520.5119443,-4,0,-74
1755868520.5479443,-5,0,-73
1755868520.5849447,-3,-1,-67
1755868520.6239443,-5,-7,-68
1755868520.6619446,-2,3,-70
1755868520.6979446,2,-5,-74
1755868520.736945,-2,2,-74
1755868520.7739446,-2,0,-78
1755868520.812945,-4,-4,-78
1755868520.848945,0,-1,-66
1755868520.8869443,1,-6,-75
1755868520.9239447,0,1,-58
1755868520.9619446,-6,0,-64
1755868520.9979446,-10,0,-67
1755868521.0349443,-1,1,-72
1755868521.0739446,6,3,-76
1755868521.111945,-7,1,-74
1755868521.1479447,-9,2,-74
1755868521.1849446,0,-2,-68
1755868521.223945,3,0,-74
1755868521.2619443,-5,4,-78
1755868521.2979443,-2,2,-76
1755868521.3349447,-3,-3,-70
1755868521.3739443,0,-2,-74
1755868521.4119446,5,0,-67
1755868521.4479446,5,1,-71
1755868521.4849446,9,4,-65
1755868521.5229447,14,-6,-65
1755868521.5589447,2,-4,-66
1755868521.5969446,-6,-1,-71
1755868521.634945,-6,3,-71
1755868521.6739447,-2,0,-83
1755868521.7119446,2,4,-79
1755868521.7479446,0,5,-79
1755868521.7849443,0,1,-78
1755868521.8229446,0,4,-87
1755868521.858945,0,-6,-71
1755868521.8969443,-4,1,-76
1755868521.9349446,0,1,-85
1755868521.973945,-2,2,-79
1755868522.0119443,1,6,-67
1755868522.0479443,0,2,-75
1755868522.0849447,-3,8,-86
1755868522.1239443,-2,0,-73
1755868522.1619446,-5,-3,-75
1755868522.1979446,6,-1,-69
1755868522.2349446,5,0,-69
1755868522.2739446,-3,1,-69
1755868522.3099446,1,0,-75
1755868522.3469446,0,6,-84
1755868522.384945,-2,0,-87
1755868522.4239447,4,-3,-72
1755868522.4599447,0,1,-67
1755868522.496945,0,4,-70
1755868522.5339446,0,7,-79
1755868522.5699446,-6,5,-64
1755868522.6079447,-1,4,-65
1755868522.6459446,-13,-1,-77
1755868522.6839447,-1,-3,-78
1755868522.7229445,-3,8,-78
1755868522.7589445,-2,6,-75
1755868522.7969446,3,-4,-61
1755868522.8349447,6,-6,-67
1755868522.8739443,4,1,-76
1755868522.9099443,8,-2,-68
1755868522.9469447,3,-2,-80
1755868522.9859445,0,1,-67
1755868523.0239446,2,3,-71
1755868523.0599446,0,2,-75
1755868523.0969446,-4,-4,-67
1755868523.1359446,-2,-9,-74
1755868523.1739447,-2,0,-78
1755868523.2099447,-3,0,-66
1755868523.246945,3,-1,-62
1755868523.2859447,0,0,-72
1755868523.3239446,5,0,-75
1755868523.3599446,0,-4,-71
1755868523.3989446,-5,0,-77
1755868523.4359446,-1,-4,-73
1755868523.4749446,3,1,-77
1755868523.5129447,8,-3,-80
1755868523.5489447,5,2,-73
1755868523.585945,7,4,-60
1755868523.6239443,0,0,-70
1755868523.6599443,1,4,-66
1755868523.6969447,-1,-4,-68
1755868523.7349446,0,-3,-70
1755868523.7739446,0,-5,-65
1755868523.8099446,6,4,-68
1755868523.8469446,-1,4,-73
1755868523.884945,0,-3,-64
1755868523.9239447,0,-5,-72
1755868523.9599447,-2,0,-76
1755868523.996945,-12,0,-70
1755868524.0349443,-6,-5,-61
1755868524.0739446,0,-10,-67
1755868524.1099446,-1,1,-70
1755868524.1469443,0,1,-74
1755868524.1849446,-1,-1,-68
1755868524.2209446,-2,-6,-73
1755868524.2589445,-2,-1,-70
1755868524.2969446,-3,-2,-72
1755868524.3349447,-5,1,-77
1755868524.3739443,4,0,-74
1755868524.4099443,-1,3,-63
1755868524.4489446,0,-5,-81
1755868524.4859445,1,-1,-71
1755868524.5249443,2,5,-70
1755868524.5609446,2,2,-76
1755868524.598945,4,-2,-64
1755868524.6369443,2,-1,-65
1755868524.6749446,1,0,-63
1755868524.710945,-2,5,-58
1755868524.7479446,-4,3,-69
1755868524.7859447,-6,0,-57
1755868524.8249447,-5,3,-64
1755868524.8609445,4,4,-70
1755868524.8989446,-2,4,-79
1755868524.9359446,-4,1,-82
1755868524.9749446,1,0,-71
1755868525.0119443,5,-3,-75
1755868525.0489447,11,1,-86
1755868525.085945,4,1,-69
1755868525.1239443,0,-3,-69
1755868525.1599443,3,3,-76
1755868525.1969447,-4,4,-69
1755868525.2359445,0,5,-80
1755868525.2739446,1,2,-86
1755868525.3099446,-6,-5,-68
1755868525.3479445,0,-7,-65
1755868525.3859446,0,-4,-75
1755868525.4249446,1,-1,-69
1755868525.460945,-2,4,-84
1755868525.4989443,-9,-4,-73
1755868525.5369446,2,-3,-59
1755868525.575945,2,7,-68
1755868525.6139443,3,5,-61
1755868525.6499443,5,0,-70
1755868525.6869447,-2,1,-70
1755868525.7259445,2,3,-68
1755868525.7619443,-3,4,-62
1755868525.7999446,1,-2,-68
1755868525.8379445,-1,-1,-71
1755868525.8759446,0,-5,-70
1755868525.9149446,0,1,-59
1755868525.950945,0,-6,-64
1755868525.9879446,5,2,-79
1755868526.0259447,-5,0,-70
1755868526.0619447,4,-1,-72
1755868526.098945,-4,-1,-79
1755868526.1379447,2,-3,-77
1755868526.1759446,0,0,-70
1755868526.2119446,2,5,-61
1755868526.2489443,1,0,-65
1755868526.2859447,0,1,-68
1755868526.3219447,-3,4,-59
1755868526.358945,-4,4,-70
1755868526.3969443,0,1,-79
1755868526.4349446,0,-2,-78
1755868526.4709446,-2,-3,-79
1755868526.5089445,-3,2,-65
1755868526.5469446,-6,-4,-77
1755868526.585945,1,0,-72
1755868526.621945,3,0,-74
1755868526.6589446,-2,1,-84
1755868526.6969447,-5,-3,-95
1755868526.7359445,-7,-3,-92
1755868526.7719443,-3,0,-95
1755868526.8089447,2,9,-79
1755868526.8469446,-4,1,-77
1755868526.884945,3,0,-83
1755868526.9209447,0,-5,-69
1755868526.9589446,0,0,-75
1755868526.996945,-2,-1,-68
1755868527.0349443,3,-7,-69
1755868527.0709443,0,-4,-66
1755868527.108945,-2,0,-61
1755868527.1469443,2,3,-62
1755868527.1849446,-5,1,-69
1755868527.2209446,-2,3,-74
1755868527.2579446,6,6,-75
1755868527.2959447,9,0,-73
1755868527.3319447,0,-9,-64
1755868527.3689446,0,-4,-65
1755868527.407945,11,-3,-78
1755868527.4459443,1,0,-85
1755868527.4819446,-4,-3,-72
1755868527.5279446,5,-3,-77
1755868527.565945,2,0,-74
1755868527.6029446,-6,2,-67
1755868527.6399446,-3,-7,-70
1755868527.677945,-3,-7,-75
1755868527.7169447,3,-1,-81
1755868527.7529447,-7,-1,-75
1755868527.7909446,7,-4,-74
1755868527.8289447,6,4,-73
1755868527.8669446,0,0,-62
1755868527.9029446,-3,-2,-66
1755868527.940945,-1,-2,-65
1755868527.9789443,-14,0,-83
1755868528.0169446,-4,1,-70
1755868528.0559447,-4,6,-75
1755868528.0919447,-11,1,-77
1755868528.1289446,-3,-1,-67
1755868528.1669445,-1,1,-68
1755868528.2059443,-3,-10,-75
1755868528.2419446,0,-1,-73
1755868528.2789447,-2,0,-63
1755868528.3179443,-6,1,-63
1755868528.3559446,-2,2,-71
1755868528.3919446,4,-4,-68
1755868528.4289446,10,0,-79
1755868528.4679446,5,-1,-73
1755868528.5059447,4,2,-69
1755868528.5419445,6,1,-56
1755868528.5789447,-5,2,-77
1755868528.6179447,-1,0,-78
1755868528.6559446,-6,-2,-73
1755868528.6919446,-7,1,-76
1755868528.7289443,-1,0,-77
1755868528.7679446,5,-1,-63
1755868528.8059447,-1,-7,-65
1755868528.8419447,6,0,-72
1755868528.8789446,-3,-5,-78
1755868528.917945,4,0,-76
1755868528.9559443,1,0,-75
1755868528.9919446,0,0,-67
1755868529.0289447,-3,-1,-65
1755868529.0679443,-2,0,-87
1755868529.1059446,3,6,-82
1755868529.1419446,-9,7,-77
1755868529.1789446,-8,-2,-75
1755868529.2179446,2,-2,-87
1755868529.2559447,3,5,-70
1755868529.2919445,-3,-1,-79
1755868529.3299446,-4,-2,-75
1755868529.3679447,0,3,-72
1755868529.4039447,0,1,-73
1755868529.440945,-1,1,-77
1755868529.4789443,-3,0,-80
1755868529.5179446,-5,1,-67
1755868529.5539446,2,-3,-62
1755868529.5909443,0,2,-79
1755868529.6289446,-2,6,-72
1755868529.667945,6,0,-78
1755868529.7039447,-2,2,-66
1755868529.7409446,-9,2,-69
1755868529.7789447,-5,-4,-71
1755868529.8179443,-1,0,-78
1755868529.8539443,0,-1,-66
1755868529.8909447,0,-3,-63
1755868529.9289446,-4,-4,-72
1755868529.9679446,-1,0,-84
1755868530.0039446,8,-3,-84
1755868530.0419445,1,4,-69
1755868530.0799446,-4,0,-72
1755868530.1179447,-5,0,-74
1755868530.1569445,1,3,-74
1755868530.1929443,2,7,-67
1755868530.2319446,-2,8,-52
1755868530.2689445,-5,0,-66
1755868530.3079443,-4,2,-66
1755868530.3439443,1,2,-70
1755868530.381945,-2,3,-79
1755868530.4189446,-1,-1,-75
1755868530.4589446,7,3,-71
1755868530.496945,0,3,-68
1755868530.532945,-2,1,-66
1755868530.5709443,0,1,-61
1755868530.608945,2,-7,-60
1755868530.6469443,-5,-8,-62
1755868530.6829443,-4,-3,-69
1755868530.7209446,-7,-1,-75
1755868530.7589445,1,-8,-72
1755868530.7979443,3,8,-74
1755868530.8339446,1,13,-78
1755868530.8709445,-3,0,-75
1755868530.9089446,-5,1,-79
1755868530.9479446,0,-1,-70
1755868530.983945,1,-1,-73
1755868531.0209446,0,-1,-79
1755868531.0589447,2,-3,-87
1755868531.0979445,-4,2,-87
1755868531.1339445,-1,0,-77
1755868531.1709447,3,0,-79
1755868531.2089446,-2,2,-89
1755868531.2449446,-7,-6,-82
1755868531.282945,-7,0,-71
1755868531.3209443,7,-4,-76
1755868531.358945,3,1,-68
1755868531.3959446,0,-3,-71
1755868531.4329443,-5,-3,-69
1755868531.4709446,0,-1,-80
1755868531.5089445,0,11,-81
1755868531.5459447,-4,4,-80
1755868531.5829446,-3,4,-74
1755868531.6209445,0,0,-79
1755868531.6589446,2,5,-75
1755868531.6949446,-2,4,-77
1755868531.7329447,4,-2,-75
1755868531.7709446,0,1,-62
1755868531.8089447,0,-6,-69
1755868531.8479445,0,-4,-82
1755868531.8839445,0,3,-83
1755868531.9209447,7,0,-86
1755868531.9589446,4,-3,-75
1755868531.9959445,2,-4,-76
1755868532.032945,-1,-8,-69
1755868532.0709443,1,-3,-76
1755868532.1099446,1,-3,-68
1755868532.1479447,6,5,-73
1755868532.1839447,0,0,-77
1755868532.2209446,3,-2,-73
1755868532.259945,-8,1,-67
1755868532.2979443,0,-5,-78
1755868532.3339446,4,-4,-78
1755868532.3709445,-1,1,-75
1755868532.4099443,2,2,-78
1755868532.4479446,-6,6,-78
1755868532.483945,-6,1,-78
1755868532.5209446,1,0,-71
1755868532.5589447,-2,-11,-68
1755868532.5949447,4,-9,-74
1755868532.6329446,4,-5,-81
1755868532.6709447,0,3,-90
1755868532.7089446,-1,-2,-88
1755868532.7449446,1,-2,-78
1755868532.782945,0,-1,-78
1755868532.8209443,-3,-4,-80
1755868532.858945,-2,-6,-71
1755868532.8959446,0,-5,-69
1755868532.9329443,6,-1,-83
1755868532.9709446,5,-3,-82
1755868533.009945,-1,3,-82
1755868533.0459447,-4,0,-82
1755868533.0829446,-4,1,-81
1755868533.1209445,-3,-4,-77
1755868533.1599443,-11,-1,-78
1755868533.1959443,0,2,-76
1755868533.2329447,1,5,-79
1755868533.2709446,-4,0,-77
1755868533.3089447,-6,0,-73
1755868533.3449447,-4,-3,-75
1755868533.3829446,-8,-1,-67
1755868533.4209447,-5,1,-67
1755868533.4599447,2,-3,-66
1755868533.4959445,1,0,-70
1755868533.532945,3,0,-73
1755868533.5699446,4,-1,-72
1755868533.608945,2,1,-81
1755868533.644945,2,3,-84
1755868533.6819446,2,-2,-80
1755868533.7209446,3,8,-67
1755868533.7589445,-3,3,-69
1755868533.7949443,-3,-2,-68
1755868533.8329446,1,0,-79
1755868533.8709445,4,-1,-73
1755868533.9089446,8,-10,-73
1755868533.9449446,0,-7,-69
1755868533.9819446,-3,0,-73
1755868534.0209446,4,0,-62
1755868534.0589447,7,5,-75
1755868534.0949447,12,-3,-78
1755868534.131945,4,2,-81
1755868534.1699443,0,5,-71
1755868534.2059443,-11,5,-73
1755868534.2439446,-4,0,-67
1755868534.2819445,2,-2,-73
1755868534.3209443,2,1,-73
1755868534.358945,5,-5,-71
1755868534.394945,0,0,-66
1755868534.4319446,6,0,-67
1755868534.4709446,4,-2,-64
1755868534.5089445,-1,2,-69
1755868534.5449443,-2,-3,-75
1755868534.5829446,-4,2,-75
1755868534.6209445,1,1,-74
1755868534.6589446,0,1,-65
1755868534.6949446,0,0,-62
1755868534.7319446,3,-4,-62
1755868534.7709446,0,-3,-72
1755868534.8069446,2,-1,-66
1755868534.8439443,1,0,-75
1755868534.8809447,3,-1,-68
1755868534.9199443,4,-4,-71
1755868534.9559443,-5,-2,-75
1755868534.9939446,-5,0,-75
1755868535.0319445,-1,-4,-72
1755868535.0709443,2,-3,-73
1755868535.1069446,-1,-1,-66
1755868535.144945,0,-3,-65
1755868535.1829443,3,2,-71
1755868535.2209446,-5,8,-78
1755868535.256945,-1,2,-61
1755868535.2949443,-2,5,-59
1755868535.3319447,0,0,-74
1755868535.3699446,4,-4,-77
1755868535.4059446,0,1,-80
1755868535.4429443,-3,1,-76
1755868535.4819446,2,5,-71
1755868535.519945,-3,0,-81
1755868535.5569446,0,0,-92
1755868535.5939443,3,4,-68
1755868535.631945,4,0,-82
1755868535.6699443,8,4,-75
1755868535.7059443,1,1,-71
1755868535.7439446,0,-1,-81
1755868535.782945,-1,-2,-88
1755868535.8219447,1,-2,-69
1755868535.8599446,-3,-6,-76
1755868535.8959446,-6,-3,-80
1755868535.9339447,-2,-8,-63
1755868535.9719446,-4,-3,-75
1755868536.0109446,-4,-1,-71
1755868536.0469446,-2,-1,-68
1755868536.0849447,0,-2,-81
1755868536.1239443,2,5,-84
1755868536.1619446,1,1,-76
1755868536.1999447,0,-3,-81
1755868536.2359445,1,-1,-83
1755868536.2739446,5,0,-70
1755868536.3119447,2,6,-71
1755868536.3499446,-1,4,-70
1755868536.3859446,1,5,-79
1755868536.4239447,4,-4,-66
1755868536.4619446,5,-2,-62
1755868536.5009446,-1,-4,-65
1755868536.5369446,3,-1,-59
1755868536.5739446,7,-5,-64
1755868536.611945,0,0,-64
1755868536.6479447,1,-3,-71
1755868536.6849446,4,0,-70
1755868536.7219446,1,1,-68
1755868536.7579446,0,1,-73
1755868536.7949443,5,3,-57
1755868536.8319447,-5,4,-69
1755868536.8709445,-3,5,-72
1755868536.9069445,-9,0,-60
1755868536.9449446,0,1,-67
1755868536.9819446,-3,0,-65
1755868537.0209446,-3,2,-72
1755868537.0569446,0,0,-74
1755868537.0949447,-4,-1,-86
1755868537.131945,-1,8,-83
1755868537.1709447,4,-1,-73
1755868537.2069447,-1,0,-85
1755868537.2449446,3,1,-74
1755868537.2819445,-1,-2,-73
1755868537.3209443,3,-3,-75
1755868537.3569446,4,0,-77
1755868537.394945,-1,0,-72
1755868537.4329443,0,-4,-83
1755868537.4709446,-1,-3,-86
1755868537.506945,4,-4,-75
1755868537.552945,4,-3,-68
1755868537.5909443,5,0,-62
1755868537.6269443,3,1,-74
1755868537.6649446,2,2,-70
1755868537.7029445,1,-8,-61
1755868537.7409446,1,-1,-65
1755868537.7769446,6,-7,-63
1755868537.8149445,7,-2,-65
1755868537.8529446,2,0,-72
1755868537.8909447,3,1,-78
1755868537.9269447,-5,0,-76
1755868537.9649446,-3,5,-65
1755868538.0029447,-2,1,-64
1755868538.0419445,-1,-3,-80
1755868538.0779445,3,-2,-64
1755868538.1159446,4,0,-67
1755868538.1529446,-4,6,-82
1755868538.1919446,-2,5,-82
1755868538.2279446,-3,2,-84
1755868538.2649446,1,3,-76
1755868538.302945,3,1,-69
1755868538.338945,0,2,-65
1755868538.3759446,-2,-1,-69
1755868538.4139447,2,-3,-74
1755868538.4529445,-1,2,-86
1755868538.4889443,-2,7,-77
1755868538.5259447,-6,1,-76
1755868538.5639446,0,1,-65
1755868538.6019447,4,-2,-69
1755868538.6379447,-5,-2,-65
1755868538.6759446,-5,4,-65
1755868538.713945,-3,8,-76
1755868538.7529447,-5,-1,-74
1755868538.7889447,-7,4,-65
1755868538.825945,-1,-2,-65
1755868538.8639443,0,0,-68
1755868538.9019446,-7,1,-73
1755868538.937945,6,2,-79
1755868538.9759445,7,-6,-64
1755868539.0129447,1,-4,-66
1755868539.0519447,5,2,-75
1755868539.0879445,6,4,-75
1755868539.1259446,6,-2,-78
1755868539.1639447,-3,0,-79
1755868539.2029445,-4,2,-85
1755868539.2389443,-1,0,-75
1755868539.2769446,-1,3,-76
1755868539.3139446,0,0,-63
1755868539.3519447,0,4,-62
1755868539.3879447,-5,5,-77
1755868539.4269447,0,2,-77
1755868539.463945,6,0,-81
1755868539.5019443,-2,-4,-74
1755868539.5379446,0,-2,-63
1755868539.5749447,5,-2,-71
1755868539.6139443,2,-8,-76
1755868539.6519446,0,-7,-70
1755868539.687945,-3,-3,-74
1755868539.7269447,-3,4,-74
1755868539.7639446,0,2,-74
1755868539.8019447,2,-5,-70
1755868539.8379445,-4,-11,-73
1755868539.8759446,0,-3,-72
1755868539.9139447,7,-1,-76
1755868539.9529445,-4,-7,-75
1755868539.9889443,-1,-3,-67
1755868540.0269446,1,-7,-68
1755868540.0649445,-2,-5,-67
1755868540.1039443,-3,0,-70
1755868540.1399446,-6,12,-75
1755868540.1769447,-7,16,-76
1755868540.2149446,0,4,-71
1755868540.2529447,0,-1,-64
1755868540.2889447,4,0,-61
1755868540.3269446,6,1,-59
1755868540.3639443,0,-3,-85
1755868540.4029446,-1,-1,-75
1755868540.4389446,4,-2,-73
1755868540.4769447,-4,3,-77
1755868540.5139446,-1,-2,-88
1755868540.552945,-5,-1,-74
1755868540.588945,-1,-1,-75
1755868540.6259446,-2,-8,-83
1755868540.6639447,5,-7,-66
1755868540.7029445,0,0,-65
1755868540.7389443,0,-5,-69
1755868540.7769446,4,-7,-69
1755868540.8149445,7,-2,-77
1755868540.8539443,2,3,-82
1755868540.8899446,-2,2,-69
1755868540.9269447,-4,1,-80
1755868540.9649446,1,0,-66
1755868541.0029447,-7,-3,-65
1755868541.0389447,-1,5,-81
1755868541.075945,3,0,-72
1755868541.1139443,5,-2,-66
1755868541.1499443,3,0,-60
1755868541.1869447,2,2,-71
1755868541.2249446,-4,8,-80
1755868541.2629447,-3,-1,-69
1755868541.2989447,1,-1,-77
1755868541.3369446,0,-4,-83
1755868541.3759446,0,-6,-74
1755868541.4139447,5,-1,-85
1755868541.4499447,0,-4,-86
1755868541.486945,-10,-2,-80
1755868541.5259447,-5,-1,-62
1755868541.5639446,-5,-5,-69
1755868541.5999446,0,-1,-75
1755868541.6369443,-1,-2,-83
1755868541.6759446,-1,0,-87
1755868541.713945,-2,2,-77
1755868541.7499447,3,0,-78
1755868541.7869446,5,-6,-78
1755868541.8249447,0,1,-75
1755868541.8639443,2,0,-61
1755868541.8999443,1,1,-80
1755868541.9369447,0,0,-65
1755868541.9749446,-5,-5,-71
1755868542.0109446,0,-8,-69
1755868542.0489447,4,0,-74
1755868542.0879445,3,-2,-74
1755868542.1259446,0,-1,-67
1755868542.1609447,3,0,-71
1755868542.1979446,-1,7,-84
1755868542.2359445,0,-2,-70
1755868542.2749443,3,-8,-70
1755868542.3109446,3,-1,-67
1755868542.348945,0,-2,-77
1755868542.3879447,2,-2,-72
1755868542.4249446,5,2,-71
1755868542.463945,5,3,-60
1755868542.4999447,7,0,-62
1755868542.5379446,13,3,-72
1755868542.5749447,7,7,-68
1755868542.6109445,10,1,-70
1755868542.6479447,5,2,-66
1755868542.6859446,-2,7,-70
1755868542.7249446,4,6,-64
1755868542.7609446,3,7,-68
1755868542.7979443,1,0,-64
1755868542.835945,0,-4,-62
1755868542.8749447,0,-1,-63
1755868542.9109447,-1,0,-71
1755868542.9479446,0,-2,-75
1755868542.9859445,2,1,-66
1755868543.0249443,2,0,-72
1755868543.0609446,3,-2,-77
1755868543.0979445,1,0,-85
1755868543.1359446,-1,-8,-70
1755868543.1749446,-2,-7,-62
1755868543.210945,-4,0,-73
1755868543.2479446,-1,-3,-76
1755868543.2859447,-3,-2,-70
1755868543.3249447,0,-2,-75
1755868543.3609445,-7,-5,-77
1755868543.3989446,13,4,-60
1755868543.4369447,9,-4,-68
1755868543.4759445,6,3,-73
1755868543.5139446,0,0,-69
1755868543.5499446,1,-5,-79
1755868543.5869446,4,-1,-77
1755868543.6259446,6,-4,-76
1755868543.6639447,0,-6,-70
1755868543.6999447,-2,-4,-78
1755868543.7379446,-6,4,-64
1755868543.7759447,4,6,-72
1755868543.8149445,0,-6,-59
1755868543.8509445,0,-6,-59
1755868543.8879447,-2,0,-68
1755868543.9259446,-8,-2,-79
1755868543.9649446,1,6,-79
1755868544.0009446,3,7,-74
1755868544.0379446,3,5,-72
1755868544.075945,-4,4,-76
1755868544.111945,-5,0,-69
1755868544.1489446,0,-2,-75
1755868544.1869447,-5,0,-72
1755868544.2259445,-7,-2,-69
1755868544.2619443,-3,-2,-78
1755868544.2999446,-5,-2,-72
1755868544.3379445,-3,1,-68
1755868544.3759446,-4,4,-67
1755868544.4149446,1,-3,-66
1755868544.450945,5,2,-64
1755868544.4879446,2,-2,-83
1755868544.5269446,-1,-7,-84
1755868544.5649445,3,-2,-79
1755868544.6009445,2,-5,-73
1755868544.6379447,1,2,-70
1755868544.6759446,2,3,-66
1755868544.7119446,3,0,-65
1755868544.7499447,2,-2,-67
1755868544.7869446,-2,6,-67
1755868544.825945,-1,2,-65
1755868544.861945,0,1,-66
1755868544.8989446,-7,-2,-74
1755868544.9369447,0,1,-67
1755868544.9749446,-5,-1,-70
1755868545.0109446,-2,5,-81
1755868545.0479443,5,2,-75
1755868545.085945,4,-2,-84
1755868545.121945,0,-9,-68
1755868545.1599443,-5,2,-71
1755868545.1979446,-8,-3,-74
1755868545.236945,-3,-2,-69
1755868545.2749443,-2,-6,-78
1755868545.3109446,0,-4,-76
1755868545.3499446,-2,0,-74
1755868545.3869443,-6,3,-74
1755868545.4259446,-1,0,-76
1755868545.4619446,0,2,-75
1755868545.4999447,9,2,-85
1755868545.5369446,4,0,-80
1755868545.575945,2,0,-90
1755868545.611945,-2,0,-88
1755868545.6499443,3,-1,-78
1755868545.6869447,-4,4,-72
1755868545.7259445,-3,-1,-82
1755868545.7619443,-4,-11,-80
1755868545.7999446,1,-7,-76
1755868545.8379445,-6,-4,-62
1755868545.8769443,0,-5,-65
1755868545.9129446,1,0,-72
1755868545.9499447,1,4,-67
1755868545.986945,0,-4,-74
1755868546.0259447,6,-3,-91
1755868546.0619447,7,-9,-83
1755868546.0999446,4,-6,-83
1755868546.1379447,5,-4,-88
1755868546.1769447,2,-5,-83
1755868546.2129445,-3,3,-75
1755868546.2499447,5,3,-63
1755868546.2879446,3,0,-68
1755868546.325945,3,4,-75
1755868546.361945,0,-3,-81
1755868546.3989446,5,-2,-67
1755868546.437945,4,2,-70
1755868546.4759445,3,2,-75
1755868546.5119443,-1,6,-61
1755868546.5489447,7,0,-66
1755868546.5879445,8,-4,-53
1755868546.6259446,8,-2,-74
1755868546.6619446,5,-4,-79
1755868546.6989446,3,-6,-64
1755868546.7379446,5,-5,-67
1755868546.7759447,0,1,-76
1755868546.8119447,0,0,-83
1755868546.848945,1,-3,-72
1755868546.8879447,2,-7,-71
1755868546.9259446,-2,-4,-74
1755868546.9619446,-1,-2,-73
1755868546.9999447,-2,-1,-68
1755868547.0379446,4,-5,-75
1755868547.0769446,0,-8,-79
1755868547.1129446,1,-4,-83
1755868547.1509447,2,0,-73
1755868547.1889446,4,4,-72
1755868547.2269447,3,10,-69
1755868547.2629447,-1,6,-81
1755868547.2999446,7,1,-76
1755868547.3379445,10,-9,-84
1755868547.3739443,5,-10,-82
1755868547.4109447,4,-5,-74
1755868547.4489446,1,4,-88
1755868547.486945,-4,10,-78
1755868547.5229447,3,2,-63
1755868547.5689447,0,-1,-67
1755868547.6069446,-2,2,-58
1755868547.6429446,-5,3,-61
1755868547.6809447,-1,-7,-70
1755868547.7179446,-2,0,-81
1755868547.756945,3,2,-67
1755868547.792945,1,4,-74
1755868547.8299446,0,0,-65
1755868547.8679447,7,-6,-79
1755868547.9069445,0,0,-77
1755868547.9429443,2,-1,-75
1755868547.9799447,-5,-1,-76
1755868548.0179446,0,-1,-70
1755868548.0569446,-2,1,-68
1755868548.0929446,-8,0,-67
1755868548.1309447,-6,-2,-75
1755868548.1699443,2,-1,-71
1755868548.2079446,-2,0,-76
1755868548.2439446,1,0,-84
1755868548.2809446,-1,5,-69
1755868548.3189447,1,0,-77
1755868548.3569446,-3,0,-67
1755868548.3929446,-2,1,-72
1755868548.4299445,0,3,-61
1755868548.4689443,0,1,-70
1755868548.506945,2,2,-69
1755868548.542945,2,0,-63
1755868548.5809443,2,0,-73
1755868548.6189446,6,-7,-76
1755868548.6569445,4,-6,-69
1755868548.6929443,3,-2,-66
1755868548.7309446,12,-5,-64
1755868548.7689445,5,0,-64
1755868548.8069446,-2,-5,-66
1755868548.8429446,-3,-2,-75
1755868548.8809447,7,5,-77
1755868548.9189446,10,2,-71
1755868548.9569447,7,4,-62
1755868548.9929447,6,5,-68
1755868549.029945,2,5,-63
1755868549.0689447,-3,5,-68
1755868549.1049447,0,8,-79
1755868549.1419446,7,0,-70
1755868549.1799445,5,1,-66
1755868549.2189443,3,0,-71
1755868549.2549446,-6,-10,-73
1755868549.292945,2,5,-72
1755868549.3299446,2,4,-72
1755868549.3689446,0,0,-74
1755868549.404945,-9,5,-77
1755868549.4429443,-1,-5,-81
1755868549.4809446,-4,0,-75
1755868549.5189445,-5,0,-72
1755868549.5579443,1,3,-61
1755868549.5939443,-2,1,-70
1755868549.631945,2,2,-65
1755868549.6689446,4,-1,-69
1755868549.7079446,4,-4,-60
1755868549.7439446,4,-2,-70
1755868549.7819445,8,-2,-72
1755868549.8189447,-1,-4,-81
1755868549.8579447,-1,0,-83
1755868549.8939445,-3,3,-80
1755868549.9309447,-2,-1,-79
1755868549.9699447,0,-5,-65
1755868550.0079446,0,1,-73
1755868550.0439446,-2,0,-74
1755868550.0809443,5,2,-71
1755868550.1199446,7,6,-74
1755868550.157945,6,-4,-75
1755868550.1939447,6,0,-74
1755868550.2309446,-10,5,-64
1755868550.269945,-8,5,-76
1755868550.3079443,-2,-1,-67
1755868550.3439443,-1,0,-77
1755868550.381945,5,0,-69
1755868550.4199443,-5,7,-73
1755868550.4579446,1,0,-80
1755868550.4939446,3,-2,-72
1755868550.5319445,3,5,-79
1755868550.5699446,3,0,-83
1755868550.6079447,-1,-5,-75
1755868550.6439445,0,0,-75
1755868550.6819446,0,4,-72
1755868550.7199447,-1,-4,-84
1755868550.7579446,2,-1,-80
1755868550.7939446,0,0,-75
1755868550.8319447,-6,3,-64
1755868550.8699446,-1,5,-72
1755868550.9059446,14,0,-64
1755868550.9429443,-1,0,-64
1755868550.9819446,2,0,-69
1755868551.019945,-2,7,-80
1755868551.0559447,-6,0,-86
1755868551.0929446,1,-4,-82
1755868551.131945,0,5,-81
1755868551.1699443,-1,-1,-75
1755868551.2059443,6,5,-67
1755868551.2429447,6,5,-68
1755868551.279945,15,7,-74
1755868551.3189447,7,3,-79
1755868551.3549447,9,0,-74
1755868551.3919446,4,-2,-73
1755868551.4299445,2,2,-73
1755868551.4659443,-3,4,-66
1755868551.5029447,0,1,-75
1755868551.5399446,0,-1,-79
1755868551.5789447,1,10,-80
1755868551.6149447,4,1,-76
1755868551.6519446,0,-2,-79
1755868551.690945,0,-1,-72
1755868551.7289443,-3,0,-75
1755868551.7649446,-3,-5,-75
1755868551.802945,2,-4,-71
1755868551.8409443,-2,2,-83
1755868551.8799446,-1,-10,-75
1755868551.9159446,-1,-2,-74
1755868551.9539447,3,1,-73
1755868551.9909446,1,-4,-70
1755868552.029945,4,-7,-76
1755868552.065945,-7,-2,-77
1755868552.1039443,-4,0,-80
1755868552.1419446,0,-1,-77
1755868552.1809447,-1,-1,-70
1755868552.2189443,6,5,-64
1755868552.2549446,3,-2,-67
1755868552.292945,1,3,-85
1755868552.3309443,-7,0,-83
1755868552.3689446,-2,2,-79
1755868552.404945,-1,-6,-84
1755868552.4429443,-4,-6,-84
1755868552.4809446,-3,-5,-80
1755868552.519945,-2,-1,-75
1755868552.5559447,-1,2,-73
1755868552.5939443,0,1,-75
1755868552.6309447,7,0,-71
1755868552.6669445,3,-3,-73
1755868552.7039447,0,0,-74
1755868552.7409446,-2,-5,-66
1755868552.779945,-4,7,-64
1755868552.815945,0,0,-68
1755868552.8529446,2,-1,-76
1755868552.8909447,4,-1,-67
1755868552.9299445,4,-2,-63
1755868552.9659443,2,2,-78
1755868553.0039446,-2,-1,-74
1755868553.042945,2,-1,-71
1755868553.0809443,-1,2,-81
1755868553.1169446,1,5,-85
1755868553.1539447,6,7,-93
1755868553.190945,3,4,-77
1755868553.2299447,-1,0,-70
1755868553.2659447,-1,4,-76
1755868553.3039446,-1,1,-85
1755868553.3419447,1,0,-76
1755868553.3799446,-3,-3,-61
1755868553.4159446,-3,1,-60
1755868553.4539447,-2,0,-70
1755868553.4919446,6,6,-81
1755868553.529945,1,4,-79
1755868553.565945,-4,1,-82
1755868553.6049447,6,2,-75
1755868553.6419446,8,-6,-72
1755868553.6809447,5,-2,-72
1755868553.7169447,6,-5,-67
1755868553.7539446,0,0,-69
1755868553.7919445,-3,-1,-58
1755868553.8299446,-4,5,-54
1755868553.8669446,-1,0,-61
1755868553.9039447,-1,-7,-57
1755868553.9419446,0,-6,-60
1755868553.9809446,1,-2,-76
1755868554.0169446,6,-3,-73
1755868554.0539446,-4,-2,-86
1755868554.0919447,-5,0,-82
1755868554.1309447,-1,4,-77
1755868554.1669445,1,4,-65
1755868554.2039447,2,5,-61
1755868554.2419446,-8,6,-69
1755868554.279945,-2,-4,-56
1755868554.3169446,-1,-2,-59
1755868554.3539443,-7,-8,-64
1755868554.3919446,0,-5,-73
1755868554.4309447,-6,0,-71
1755868554.4669447,-3,1,-81
1755868554.5049446,1,6,-79
1755868554.542945,0,-3,-79
1755868554.5819447,2,0,-76
1755868554.6179447,6,-5,-68
1755868554.654945,4,-3,-71
1755868554.6929443,0,0,-78
1755868554.7309446,0,5,-71
1755868554.7669446,1,7,-68
1755868554.8039446,3,-2,-66
1755868554.8419447,-1,2,-67
1755868554.8809447,-2,1,-80
1755868554.9169445,1,-4,-85
1755868554.9549446,-2,-1,-76
1755868554.9919446,5,0,-66
1755868555.0309446,6,0,-69
1755868555.0669446,-3,-5,-70
1755868555.1049447,-3,-3,-77
1755868555.1429446,-2,0,-73
1755868555.1819446,0,0,-77
1755868555.2179446,-4,1,-72
1755868555.2549446,1,3,-76
1755868555.292945,-1,2,-73
1755868555.3319447,2,0,-62
1755868555.3679447,6,-5,-75
1755868555.404945,-1,-4,-83
1755868555.4429443,-1,0,-77
1755868555.4819446,-2,-6,-65
1755868555.5179446,-6,3,-64
1755868555.5549445,2,1,-70
1755868555.5929446,1,4,-63
1755868555.6309447,-2,-2,-64
1755868555.6669445,-1,-8,-68
1755868555.7049446,-1,-2,-71
1755868555.7429447,-1,2,-68
1755868555.7819445,5,-3,-67
1755868555.8179443,1,-6,-72
1755868555.8549447,0,0,-74
1755868555.8929446,-2,2,-66
1755868555.9309447,-1,-6,-69
1755868555.9669447,2,0,-77
1755868556.0049446,4,7,-78
1755868556.042945,0,5,-74
1755868556.0809443,-1,-1,-76
1755868556.1169446,-3,0,-72
1755868556.154945,0,3,-67
1755868556.1929443,2,3,-74
1755868556.2309446,-12,0,-78
1755868556.2669446,1,0,-80
1755868556.3039446,2,0,-84
1755868556.3419447,8,0,-70
1755868556.3779447,0,1,-79
1755868556.4149446,-5,0,-66
1755868556.4529445,-1,-5,-68
1755868556.4919446,0,-5,-62
1755868556.5279446,-3,-1,-70
1755868556.5669446,-4,0,-73
1755868556.6039443,-13,-1,-73
1755868556.6429446,-11,-2,-69
1755868556.6799445,-9,4,-70
1755868556.7169447,0,1,-70
1755868556.7539446,3,3,-84
1755868556.7919445,-3,2,-79
1755868556.8279445,-5,4,-74
1755868556.8649447,0,2,-73
1755868556.9029446,0,0,-71
1755868556.9389446,0,-4,-78
1755868556.9769447,-4,0,-59
1755868557.0149446,3,3,-63
1755868557.052945,5,0,-66
1755868557.088945,0,-3,-60
1755868557.1269443,0,0,-62
1755868557.1649446,6,-4,-60
1755868557.2039447,5,-8,-73
1755868557.2419446,-2,-3,-63
1755868557.2779446,-1,-1,-63
1755868557.315945,0,-2,-80
1755868557.3539443,4,-7,-83
1755868557.3929446,4,-2,-74
1755868557.4289446,9,-9,-71
1755868557.4659443,2,-10,-65
1755868557.5039446,-6,-4,-69
1755868557.542945,2,0,-79
1755868557.5869446,1,1,-73
1755868557.6259446,9,8,-63
1755868557.6639447,7,8,-69
1755868557.7019446,2,-3,-79
1755868557.7379446,0,-1,-80
1755868557.7749443,0,-1,-71
1755868557.8139446,5,3,-64
1755868557.8519447,0,1,-67
1755868557.8879447,3,5,-61
1755868557.9249446,-3,1,-64
1755868557.963945,-11,-3,-76
1755868558.0019443,-6,-5,-78
1755868558.0379446,0,-3,-66
1755868558.075945,1,-2,-80
1755868558.1139443,-4,3,-77
1755868558.1529446,-3,1,-75
1755868558.1889446,-4,2,-73
1755868558.2269447,0,3,-70
1755868558.2639446,0,4,-75
1755868558.2999446,-2,0,-82
1755868558.3369446,3,8,-75
1755868558.3739443,0,7,-71
1755868558.4099443,-5,0,-67
1755868558.4479446,-2,-1,-67
1755868558.4859445,0,-1,-69
1755868558.5239446,3,-5,-65
1755868558.562945,-2,1,-64
1755868558.598945,-2,-6,-66
1755868558.6369443,6,-2,-64
1755868558.6749446,1,0,-59
1755868558.7129445,-2,-2,-71
1755868558.7489443,0,0,-67
1755868558.7869446,2,3,-70
1755868558.8239446,-1,-9,-75
1755868558.8629446,-2,-2,-71
1755868558.8989446,-7,0,-68
1755868558.9369447,7,1,-69
1755868558.9749446,4,0,-70
1755868559.0129447,1,0,-77
1755868559.0489447,2,-5,-83
1755868559.0869446,0,-8,-70
1755868559.1249447,-3,-7,-78
1755868559.1629446,0,-6,-70
1755868559.1989446,2,-6,-84
1755868559.2359445,8,-5,-72
1755868559.2749443,5,-2,-72
1755868559.312945,1,1,-75
1755868559.348945,-5,-1,-75
1755868559.3869443,-8,5,-71
1755868559.4249446,5,0,-77
1755868559.4629445,0,4,-73
1755868559.4989443,1,0,-61
1755868559.5359447,2,2,-76
1755868559.5749447,5,1,-74
1755868559.6129446,1,3,-75
1755868559.6489446,0,0,-76
1755868559.6859446,1,0,-81
1755868559.7249446,-1,1,-83
1755868559.7629447,2,2,-73
1755868559.7989447,5,1,-70
1755868559.835945,5,6,-82
1755868559.8739443,3,-1,-74
1755868559.9099443,1,-8,-72
1755868559.9469447,0,-3,-61
1755868559.9849446,8,-6,-75
1755868560.0239446,1,-6,-73
1755868560.0599446,5,-2,-65
1755868560.0969446,2,0,-76
1755868560.134945,10,2,-80
1755868560.1709447,1,1,-75
1755868560.2079446,1,-1,-68
1755868560.2459445,-2,-1,-75
1755868560.2849443,0,-3,-76
1755868560.3219447,-4,-1,-74
1755868560.358945,-4,-3,-77
1755868560.3969443,1,4,-73
1755868560.4349446,0,8,-70
1755868560.4709446,-1,5,-66
1755868560.5089445,-2,-2,-70
1755868560.5469446,-2,-1,-69
1755868560.585945,2,1,-79
1755868560.6239443,-6,-6,-91
1755868560.6599443,-5,-7,-80
1755868560.6979446,0,-6,-76
1755868560.7359445,-8,-1,-68
1755868560.7749443,-6,-5,-71
1755868560.8109446,0,-5,-64
1755868560.8479445,5,-4,-71
1755868560.8859446,1,-1,-81
1755868560.9249446,1,6,-76
1755868560.960945,-3,7,-68
1755868560.9979446,-3,3,-81
1755868561.0359447,-2,6,-77
1755868561.0749447,0,0,-73
1755868561.1109445,-5,1,-78
1755868561.1479447,-7,1,-82
1755868561.1859446,1,-2,-83
1755868561.2249446,-5,-2,-84
1755868561.2609446,0,1,-82
1755868561.2979443,0,0,-66
1755868561.335945,3,-3,-70
1755868561.3749447,4,-1,-65
1755868561.4109447,-1,0,-75
1755868561.4479446,1,4,-77
1755868561.4859445,2,3,-82
1755868561.5239446,4,-3,-71
1755868561.5599446,-1,0,-70
1755868561.5969446,1,1,-65
1755868561.6359446,0,1,-76
1755868561.6739447,6,1,-73
1755868561.7099447,2,1,-73
1755868561.746945,2,0,-81
1755868561.7859447,-4,-1,-72
1755868561.8219447,2,1,-75
1755868561.858945,-4,-1,-73
1755868561.8979447,-2,-5,-80
1755868561.9359446,-1,4,-78
1755868561.9719446,2,1,-70
1755868562.0089445,-2,3,-82
1755868562.0469446,1,1,-82
1755868562.085945,-4,1,-74
1755868562.121945,-6,0,-73
1755868562.1589446,-6,0,-75
1755868562.1979446,-1,-2,-69
1755868562.2359445,4,-1,-68
1755868562.2719443,2,6,-73
1755868562.3089447,2,2,-69
1755868562.3459446,-1,3,-77
1755868562.384945,-7,5,-76
1755868562.4209447,-5,8,-70
1755868562.4579446,1,1,-70
1755868562.496945,6,0,-74
1755868562.5349443,-1,-2,-68
1755868562.5709443,-8,-1,-66
1755868562.608945,1,1,-77
1755868562.6469443,3,1,-76
1755868562.6859446,6,8,-64
1755868562.7219446,4,3,-74
1755868562.7589445,2,-3,-85
1755868562.7979443,3,-11,-78
1755868562.835945,-2,-3,-82
1755868562.871945,2,1,-80
1755868562.9089446,2,-6,-84
1755868562.9479446,4,-4,-76
1755868562.9859445,0,0,-70
1755868563.0219443,-2,4,-58
1755868563.0589447,-8,1,-69
1755868563.0979445,1,1,-69
1755868563.1359446,2,0,-67
1755868563.1719446,1,4,-63
1755868563.2089446,-4,3,-70
1755868563.246945,-5,-7,-71
1755868563.2859447,0,2,-74
1755868563.3219447,0,-8,-70
1755868563.358945,-2,1,-70
1755868563.3969443,-4,-2,-70
1755868563.4359446,4,-5,-63
1755868563.4719446,4,-1,-62
1755868563.5089445,3,1,-74
1755868563.5469446,6,4,-59
1755868563.5829446,0,4,-61
1755868563.6199446,6,3,-70
1755868563.6569445,9,4,-76
1755868563.6939447,1,0,-71
1755868563.7309446,7,-1,-83
1755868563.7689445,-3,-2,-77
1755868563.8069446,-1,1,-74
1755868563.8459446,-3,1,-76
1755868563.881945,3,-3,-71
1755868563.9199443,0,-3,-71
1755868563.9589446,-2,6,-74
1755868563.996945,0,-2,-68
1755868564.032945,-2,0,-67
1755868564.0699446,0,4,-72
1755868564.108945,-5,4,-70
1755868564.1469443,-1,0,-68
1755868564.1829443,-10,0,-67
1755868564.2199447,-2,8,-68
1755868564.2579446,-2,4,-77
1755868564.2969446,8,-8,-83
1755868564.3329446,0,-11,-81
1755868564.3699446,-2,-5,-68
1755868564.407945,-2,-4,-64
1755868564.4469447,-6,-3,-55
1755868564.4829447,0,1,-63
1755868564.519945,0,0,-63
1755868564.5579443,0,-1,-63
1755868564.5959446,-2,-4,-82
1755868564.631945,0,-6,-74
1755868564.6699443,11,0,-72
1755868564.7079446,2,0,-70
1755868564.746945,1,-2,-79
1755868564.782945,-4,6,-81
1755868564.8199446,1,1,-83
1755868564.8579447,4,-3,-76
1755868564.8969443,2,-6,-79
1755868564.9329443,5,-4,-77
1755868564.9699447,5,-4,-67
1755868565.0079446,-3,-2,-72
1755868565.0469446,-2,0,-74
1755868565.0829446,-5,2,-77
1755868565.1199446,-5,-2,-82
1755868565.157945,3,-4,-65
1755868565.1969447,4,1,-72
1755868565.2329447,-2,4,-77
1755868565.269945,1,-3,-77
1755868565.3079443,-1,-10,-80
1755868565.3469446,-4,-7,-69
1755868565.3829446,0,1,-82
1755868565.4199443,1,3,-75
1755868565.4579446,2,0,-73
1755868565.4939446,3,0,-81
1755868565.5309446,0,-1,-68
1755868565.5689447,-4,-2,-80
1755868565.6079447,-3,1,-73
1755868565.6439445,-5,0,-83
1755868565.6809447,-5,0,-72
1755868565.7189443,-2,-2,-62
1755868565.7579446,2,-5,-77
1755868565.7939446,2,-1,-77
1755868565.8309443,0,-2,-66
1755868565.8689446,-2,0,-70
1755868565.907945,2,3,-74
1755868565.9439447,0,4,-76
1755868565.9809446,-7,4,-74
1755868566.0189445,-8,0,-58
1755868566.0579443,-5,4,-81
1755868566.0939443,-4,2,-62
1755868566.1329446,-13,1,-73
1755868566.1709447,-4,-2,-75
1755868566.2089446,-7,0,-91
1755868566.246945,-8,-2,-71
1755868566.282945,0,-1,-72
1755868566.3199446,-5,-1,-71
1755868566.358945,-3,0,-76
1755868566.3969443,2,-1,-70
1755868566.4329443,0,0,-68
1755868566.4709446,1,3,-72
1755868566.5089445,2,0,-80
1755868566.5469446,-4,-2,-72
1755868566.5829446,1,-3,-76
1755868566.6209445,7,4,-78
1755868566.6589446,5,3,-76
1755868566.6979446,0,-8,-77
1755868566.733945,6,4,-77
1755868566.7709446,9,3,-78
1755868566.8089447,11,3,-59
1755868566.8469446,0,0,-65
1755868566.8829446,-9,0,-70
1755868566.9209447,0,-5,-70
1755868566.9589446,3,0,-61
1755868566.9979446,4,-5,-67
1755868567.0339446,-6,-1,-77
1755868567.0719447,-5,-1,-72
1755868567.1099446,1,0,-79
1755868567.1479447,1,-1,-78
1755868567.1839447,-1,-3,-75
1755868567.2219446,-6,6,-76
1755868567.259945,-5,3,-75
1755868567.2989447,0,7,-77
1755868567.3349447,0,1,-77
1755868567.3729446,-2,4,-85
1755868567.4109447,-2,5,-78
1755868567.4489446,-5,1,-70
1755868567.4879446,2,-4,-79
1755868567.5239446,0,0,-74
1755868567.5609446,-7,2,-75
1755868567.6049447,3,0,-82
1755868567.6429446,1,-3,-80
1755868567.6809447,2,2,-75
1755868567.7189443,0,-3,-73
1755868567.7579446,-6,0,-87
1755868567.7939446,3,6,-72
1755868567.8309443,3,-2,-76
1755868567.8699446,0,-5,-83
1755868567.907945,0,-3,-74
1755868567.9449446,-4,-4,-61
1755868567.9819446,0,0,-61
1755868568.019945,0,-3,-74
1755868568.0579443,-7,-5,-68
1755868568.0939443,0,0,-69
1755868568.1309447,2,-4,-77
1755868568.1699443,1,-5,-79
1755868568.2079446,-11,0,-66
1755868568.2449446,-7,1,-78
1755868568.2819445,1,0,-83
1755868568.3199446,-2,4,-74
1755868568.3579447,8,3,-61
1755868568.3939445,-1,-3,-70
1755868568.4319446,4,0,-65
1755868568.4699447,0,3,-74
1755868568.5089445,-4,-3,-66
1755868568.5449443,0,-1,-73
1755868568.5819447,-3,0,-67
1755868568.6209445,-1,-4,-72
1755868568.6589446,-5,-3,-76
1755868568.6949446,1,1,-72
1755868568.7319446,6,-8,-74
1755868568.769945,7,-7,-73
1755868568.8089447,6,-5,-78
1755868568.8449447,3,-3,-76
1755868568.881945,3,0,-65
1755868568.9199443,-1,-3,-74
1755868568.9559443,0,-4,-71
1755868568.9929447,4,-7,-77
1755868569.0309446,3,-3,-75
1755868569.0699446,0,-2,-73
1755868569.1059446,-1,9,-74
1755868569.1429446,-7,0,-78
1755868569.1809447,2,1,-78
1755868569.2199447,1,4,-78
1755868569.2559447,2,0,-77
1755868569.292945,4,-7,-81
1755868569.3309443,0,0,-77
1755868569.3699446,7,1,-90
1755868569.4059446,7,2,-89
1755868569.4429443,0,3,-76
1755868569.4799447,-3,-1,-71
1755868569.5189445,-3,0,-61
1755868569.5549445,8,3,-67
1755868569.5919447,2,0,-80
1755868569.6299446,-11,0,-73
1755868569.6659446,-8,1,-71
1755868569.7039447,0,-2,-76
1755868569.7419446,-10,1,-70
1755868569.7809446,2,-5,-71
1755868569.8199446,-1,-1,-79
1755868569.8559446,-8,0,-85
1755868569.8929446,-3,-4,-72
1755868569.9309447,-4,-2,-70
1755868569.9699447,-11,2,-67
1755868570.0059447,-2,1,-72
1755868570.042945,2,-8,-84
1755868570.0819447,13,-4,-89
1755868570.1199446,10,0,-81
1755868570.1559446,2,-1,-78
1755868570.1929443,6,-1,-78
1755868570.2309446,9,1,-75
1755868570.269945,0,-11,-79
1755868570.3059447,1,-12,-68
1755868570.3429446,-4,-5,-76
1755868570.3809447,-4,-1,-70
1755868570.4199443,-4,-3,-81
1755868570.4559443,-4,-1,-77
1755868570.4939446,-4,-1,-84
1755868570.5319445,-1,1,-79
1755868570.5709443,6,0,-79
1755868570.608945,-1,1,-71
1755868570.644945,0,-6,-78
1755868570.6819446,-2,-3,-66
1755868570.7209446,0,0,-57
1755868570.756945,2,2,-64
1755868570.7939446,-1,1,-65
1755868570.8319447,-3,-4,-66
1755868570.8709445,-7,-8,-75
1755868570.9069445,0,-10,-73
1755868570.9439447,0,-5,-81
1755868570.9819446,1,-3,-70
1755868571.0209446,1,2,-72
1755868571.0569446,-2,-3,-70
1755868571.0959446,-1,-3,-66
1755868571.1329446,-4,0,-70
1755868571.1709447,-2,0,-75
1755868571.2099447,-5,-3,-76
1755868571.2459445,1,0,-76
1755868571.282945,2,-2,-83
1755868571.3209443,1,-1,-84
1755868571.3599446,0,-1,-64
1755868571.3959446,-1,-1,-74
1755868571.4339447,2,-7,-57
1755868571.4719446,0,-2,-71
1755868571.5109446,0,-7,-71
1755868571.5469446,2,-2,-66
1755868571.5839446,5,-6,-65
1755868571.621945,0,2,-74
1755868571.6599443,0,3,-75
1755868571.6959443,0,2,-69
1755868571.7329447,-2,4,-64
1755868571.7719443,1,1,-66
1755868571.8099446,0,-1,-63
1755868571.8459446,-7,-2,-72
1755868571.8839445,-4,1,-78
1755868571.9219446,0,-4,-78
1755868571.960945,0,-4,-66
1755868571.996945,0,-2,-64
1755868572.0339446,0,-9,-66
1755868572.0719447,4,-6,-68
1755868572.1109445,-1,-2,-57
1755868572.1469443,1,-4,-66
1755868572.1839447,6,-3,-74
1755868572.2219446,4,3,-72
1755868572.259945,1,-2,-77
1755868572.2959447,4,-1,-74
1755868572.3339446,1,9,-77
1755868572.371945,8,1,-77
1755868572.4099443,7,0,-85
1755868572.4459443,-2,-6,-79
1755868572.483945,1,-5,-77
1755868572.5219443,-5,-1,-74
1755868572.5609446,-3,1,-79
1755868572.5969446,-3,-3,-66
1755868572.634945,-5,-1,-68
1755868572.6729443,2,3,-78
1755868572.7119446,1,3,-77
1755868572.7479446,0,2,-63
1755868572.7849443,-4,5,-65
1755868572.8229446,-5,-9,-68
1755868572.861945,-1,0,-74
1755868572.8979447,-5,-1,-77
1755868572.9359446,-2,0,-79
1755868572.973945,1,-6,-84
1755868573.0129447,4,4,-79
1755868573.0509446,3,5,-73
1755868573.0869446,-7,-3,-73
1755868573.1259446,-7,0,-67
1755868573.1629446,-1,4,-72
1755868573.2019446,1,0,-81
1755868573.2379446,-2,0,-72
1755868573.2759447,0,0,-63
1755868573.312945,0,3,-68
1755868573.3509445,-2,1,-70
1755868573.3869443,-2,-1,-72
1755868573.4259446,-2,-4,-66
1755868573.4629445,-2,-1,-77
1755868573.5019443,-4,3,-70
1755868573.5379446,-6,-3,-71
1755868573.575945,1,-4,-70
1755868573.6139443,0,6,-75
1755868573.6519446,2,-9,-80
1755868573.687945,4,-5,-78
1755868573.7259445,1,-4,-79
1755868573.7629447,-5,-2,-77
1755868573.8019447,-5,0,-69
1755868573.8379445,-6,6,-65
1755868573.8759446,-11,-6,-69
1755868573.9129446,4,0,-73
1755868573.950945,1,3,-66
1755868573.986945,7,0,-71
1755868574.0239446,2,5,-70
1755868574.0619447,0,-1,-71
1755868574.0979445,1,-3,-79
1755868574.1359446,-6,-6,-67
1755868574.1739447,-2,-2,-78
1755868574.2129445,-2,0,-74
1755868574.2509446,6,1,-76
1755868574.2869446,8,3,-71
1755868574.3239446,5,-9,-73
1755868574.3629446,-3,-4,-77
1755868574.3989446,4,-3,-71
1755868574.4369447,0,-9,-74
1755868574.4759445,8,-2,-69
1755868574.5129447,7,3,-77
1755868574.5519447,6,1,-72
1755868574.5879445,1,-7,-70
1755868574.6259446,-3,1,-78
1755868574.6639447,-1,-3,-79
1755868574.7029445,6,-4,-80
1755868574.7389443,-3,-3,-62
1755868574.7769446,0,-2,-64
1755868574.8149445,0,-6,-67
1755868574.8529446,1,2,-71
1755868574.8889446,4,-4,-82
1755868574.9259446,0,1,-78
1755868574.9629445,0,-1,-84
1755868575.0019443,0,0,-81
1755868575.0379446,7,-1,-67
1755868575.075945,1,-2,-72
1755868575.1139443,-4,0,-72
1755868575.1529446,3,-3,-77
1755868575.1889446,3,-3,-76
1755868575.2259445,0,0,-85
1755868575.2639446,3,-6,-63
1755868575.3019447,7,0,-61
1755868575.3379445,-4,-4,-67
1755868575.3759446,-2,0,-62
1755868575.4139447,0,-1,-53
1755868575.4529445,-2,-2,-67
1755868575.4889443,4,1,-63
1755868575.5259447,4,-2,-71
1755868575.5639446,-2,-3,-65
1755868575.6029446,0,-3,-71
1755868575.6389446,-3,3,-67
1755868575.6759446,2,-3,-61
1755868575.713945,2,0,-72
1755868575.7529447,3,2,-77
1755868575.7889447,-5,5,-71
1755868575.825945,-7,12,-80
1755868575.8639443,-3,7,-86
1755868575.9029446,-4,2,-76
1755868575.9389446,-4,-4,-74
1755868575.9769447,0,-2,-75
1755868576.0149446,-3,1,-69
1755868576.0539446,-6,-5,-63
1755868576.0899446,1,-1,-79
1755868576.1269443,4,-2,-72
1755868576.1649446,-2,0,-76
1755868576.2039447,1,-1,-71
1755868576.2399447,4,-4,-74
1755868576.2769446,-7,-3,-74
1755868576.3149445,-1,-2,-76
1755868576.3539443,2,-1,-76
1755868576.3899446,-1,-1,-78
1755868576.427945,7,-4,-80
1755868576.4659443,10,0,-71
1755868576.5039446,-1,5,-79
1755868576.5399446,1,4,-75
1755868576.5769446,-2,1,-68
1755868576.6149447,0,-2,-89
1755868576.6539447,5,-10,-74
1755868576.6899445,0,0,-77
1755868576.7269447,2,0,-78
1755868576.7639446,-1,0,-71
1755868576.802945,-7,0,-64
1755868576.838945,-8,-4,-73
1755868576.8769443,0,3,-76
1755868576.9149446,0,0,-81
1755868576.9529445,-2,-4,-76
1755868576.9889443,0,-3,-77
1755868577.0269446,-1,1,-72
1755868577.0649445,1,0,-66
1755868577.1029446,3,-2,-71
1755868577.1389446,3,0,-81
1755868577.1769447,2,-3,-77
1755868577.2149446,0,-7,-62
1755868577.2529447,2,-5,-68
1755868577.2889447,-2,0,-73
1755868577.3269446,-6,2,-78
1755868577.3649447,6,-4,-82
1755868577.4029446,0,1,-66
1755868577.4389446,1,0,-70
1755868577.4769447,3,0,-77
1755868577.5149446,8,1,-70
1755868577.552945,8,3,-75
1755868577.588945,0,1,-64
1755868577.634945,1,6,-72
1755868577.6729443,-3,1,-79
1755868577.7089446,-2,0,-77
1755868577.746945,-2,2,-80
1755868577.7849443,0,1,-77
1755868577.8239446,-3,-4,-74
1755868577.8599446,-1,0,-66
1755868577.8969443,1,0,-70
1755868577.9349446,-4,0,-81
1755868577.9709446,5,1,-80
1755868578.0089445,4,-8,-75
1755868578.0469446,12,-1,-73
1755868578.0849447,3,3,-81
1755868578.1209445,3,1,-76
1755868578.157945,-3,-3,-73
1755868578.1959443,0,0,-67
1755868578.233945,-2,0,-71
1755868578.269945,-1,-3,-79
1755868578.3079443,3,-2,-81
1755868578.3459446,-6,0,-87
1755868578.384945,-10,4,-82
1755868578.4209447,1,7,-74
1755868578.4579446,3,2,-79
1755868578.4959445,10,-1,-79
1755868578.5349443,1,0,-74
1755868578.5709443,-2,-5,-78
1755868578.608945,1,-4,-73
1755868578.6469443,3,-7,-73
1755868578.6859446,-2,3,-82
1755868578.723945,4,2,-90
1755868578.759945,3,3,-81
1755868578.7969446,-3,2,-71
1755868578.835945,-9,0,-69
1755868578.8739443,-5,-6,-67
1755868578.9099443,-6,-1,-59
1755868578.9479446,-4,-1,-63
1755868578.9859445,3,0,-71
1755868579.0239446,0,2,-76
1755868579.0599446,-8,0,-65
1755868579.0979445,-2,-1,-65
1755868579.1359446,6,6,-67
1755868579.1739447,1,-5,-79
1755868579.210945,0,-8,-73
1755868579.2479446,-1,-2,-72
1755868579.2859447,-3,-6,-62
1755868579.3249447,-8,1,-71
1755868579.3609445,-12,1,-76
1755868579.3979447,0,2,-74
1755868579.4359446,2,3,-71
1755868579.473945,5,0,-71
1755868579.5109446,2,-10,-65
1755868579.5479443,2,-6,-71
1755868579.585945,0,-6,-74
1755868579.6249447,2,-3,-76
1755868579.6609447,0,0,-74
1755868579.6979446,-2,0,-77
1755868579.7359445,2,2,-67
1755868579.7749443,-1,2,-68
1755868579.8109446,5,1,-63
1755868579.8479445,-4,-2,-70
1755868579.8859446,6,3,-72
1755868579.9219446,-1,0,-77
1755868579.9589446,0,1,-72
1755868579.9959445,-9,3,-81
1755868580.0349443,0,0,-70
1755868580.0709443,-3,4,-71
1755868580.1079447,-2,-5,-72
1755868580.1459446,1,0,-66
1755868580.1819446,0,-1,-65
1755868580.2189443,0,-2,-63
1755868580.256945,-2,6,-73
1755868580.2959447,-5,7,-82
1755868580.3319447,2,-5,-63
1755868580.3689446,4,-6,-62
1755868580.4069445,-4,-1,-75
1755868580.4459443,-5,2,-72
1755868580.4819446,-4,0,-65
1755868580.5189445,-11,-8,-84
1755868580.5569446,-3,-7,-74
1755868580.5959446,1,-1,-68
1755868580.631945,5,-2,-67
1755868580.6689446,4,-4,-65
1755868580.7069447,3,3,-68
1755868580.7449446,-1,3,-70
1755868580.7809446,-9,6,-69
1755868580.8179443,-2,-2,-73
1755868580.8569446,-6,5,-60
1755868580.894945,-2,1,-74
1755868580.9309447,0,-4,-70
1755868580.9679446,-1,-1,-58
1755868581.006945,2,8,-59
1755868581.0449443,0,2,-66
1755868581.0809443,-5,5,-69
1755868581.1179447,0,7,-68
1755868581.1559446,-3,-2,-70
1755868581.1919446,3,-4,-79
1755868581.2299447,1,3,-79
1755868581.2679446,4,-4,-70
1755868581.3059447,-3,2,-71
1755868581.3419447,-6,-1,-58
1755868581.3799446,-4,0,-64
1755868581.4189446,-4,7,-77
1755868581.4569447,5,-3,-75
1755868581.4929447,-1,1,-80
1755868581.529945,4,-5,-66
1755868581.5679443,-6,2,-63
1755868581.6069446,-4,-2,-70
1755868581.6429446,0,2,-79
1755868581.6799445,8,3,-82
1755868581.7189443,-2,0,-70
1755868581.756945,2,-3,-73
1755868581.792945,-4,2,-81
1755868581.8319447,-7,3,-83
1755868581.8689446,0,-5,-76
1755868581.9069445,0,-5,-73
1755868581.9459443,1,4,-72
1755868581.9819446,4,3,-78
1755868582.0189445,2,0,-75
1755868582.0569446,-1,5,-71
1755868582.0929446,1,-3,-62
1755868582.1299446,6,-5,-63
1755868582.167945,9,3,-77
1755868582.2059443,0,4,-81
1755868582.2419446,3,-1,-81
1755868582.2789447,-1,-1,-74
1755868582.3179443,-4,5,-76
1755868582.3559446,0,-1,-76
1755868582.3919446,2,-2,-69
1755868582.4299445,-1,-6,-66
1755868582.4679446,2,0,-72
1755868582.5059447,2,-1,-83
1755868582.5419445,6,-3,-91
1755868582.5789447,0,3,-85
1755868582.6169446,-4,-3,-76
1755868582.6529446,0,-5,-66
1755868582.6899445,1,-4,-73
1755868582.7279446,0,-2,-81
1755868582.7669446,6,-4,-69
1755868582.802945,12,-4,-69
1755868582.8399446,1,-2,-77
1755868582.8779447,0,0,-72
1755868582.9169445,0,-12,-75
1755868582.9529445,0,-1,-66
1755868582.9909446,-4,4,-59
1755868583.0289447,0,-4,-66
1755868583.0679443,3,-8,-67
1755868583.1059446,4,2,-60
1755868583.1419446,6,-2,-70
1755868583.1789446,1,3,-66
1755868583.2169447,1,-7,-75
1755868583.2529447,0,3,-70
1755868583.2899446,-5,0,-69
1755868583.3289447,3,-2,-68
1755868583.3669446,4,4,-62
1755868583.4029446,7,-4,-68
1755868583.440945,11,-2,-68
1755868583.4789443,1,3,-67
1755868583.5179446,-3,3,-72
1755868583.5539446,-5,0,-75
1755868583.5909443,1,8,-74
1755868583.6289446,-2,0,-82
1755868583.6669445,-4,0,-82
1755868583.7029445,-6,3,-67
1755868583.7409446,3,2,-75
1755868583.7789447,4,-6,-74
1755868583.8169446,6,-5,-78
1755868583.8529446,5,-3,-71
1755868583.8899446,0,-4,-72
1755868583.9289446,4,-8,-84
1755868583.9669447,0,4,-79
1755868584.0029447,6,-3,-71
1755868584.0409446,-2,4,-77
1755868584.0789447,-1,-2,-70
1755868584.1179447,-8,1,-75
1755868584.1539447,0,-3,-78
1755868584.190945,0,2,-72
1755868584.2289443,5,-4,-67
1755868584.2669446,5,-1,-71
1755868584.302945,-3,-5,-82
1755868584.3409443,-5,-6,-92
1755868584.3789446,-10,-8,-85
1755868584.417945,-9,4,-74
1755868584.4539447,-7,0,-69
1755868584.4909446,1,-1,-68
1755868584.5289447,0,-4,-80
1755868584.5679443,1,0,-76
1755868584.6039443,-2,-2,-75
1755868584.6419446,0,7,-65
1755868584.6789446,2,-4,-62
1755868584.7179446,0,-2,-69
1755868584.7539446,-7,-3,-76
1755868584.7919445,-6,-6,-69
1755868584.8299446,-2,-4,-72
1755868584.8689446,-3,-3,-71
1755868584.9069445,2,-5,-75
1755868584.9429443,-6,-8,-68
1755868584.9809446,-3,-4,-76
1755868585.0189445,4,0,-89
1755868585.0549445,4,-1,-82
1755868585.0929446,-5,-1,-71
1755868585.1309447,3,-1,-73
1755868585.1689446,6,-5,-72
1755868585.2079446,2,-7,-74
1755868585.2439446,0,5,-69
1755868585.2809446,0,1,-77
1755868585.3189447,0,0,-76
1755868585.3549447,0,0,-72
1755868585.3919446,0,3,-69
1755868585.4289446,3,2,-68
1755868585.4679446,2,5,-74
1755868585.5039446,0,6,-84
1755868585.5409446,0,5,-69
1755868585.5789447,0,0,-68
1755868585.6149447,-3,6,-68
1755868585.6529446,-7,2,-67
1755868585.690945,2,2,-65
1755868585.7289443,-5,-6,-65
1755868585.7649446,5,-7,-76
1755868585.802945,1,-5,-68
1755868585.8409443,-5,0,-71
1755868585.8799446,-2,0,-71
1755868585.917945,0,-3,-78
1755868585.9539447,1,3,-59
1755868585.9909446,-1,0,-63
1755868586.029945,1,1,-67
1755868586.0679443,2,0,-79
1755868586.1039443,-2,-6,-73
1755868586.1419446,4,-1,-83
1755868586.1799445,-7,-3,-80
1755868586.2189443,-3,-6,-75
1755868586.2549446,-7,-8,-73
1755868586.292945,-3,0,-69
1755868586.3309443,3,-1,-66
1755868586.3699446,9,-1,-62
1755868586.407945,2,-3,-76
1755868586.4439447,-6,3,-74
1755868586.4819446,0,-3,-83
1755868586.519945,-3,-2,-75
1755868586.5589447,-5,9,-72
1755868586.5949447,-5,5,-65
1755868586.631945,-2,-2,-66
1755868586.6709447,-1,-7,-69
1755868586.7089446,-6,-3,-72
1755868586.7449446,-2,1,-69
1755868586.7819445,1,0,-74
1755868586.8199446,0,1,-85
1755868586.8579447,1,4,-86
1755868586.8939445,-3,5,-74
1755868586.9319446,1,4,-79
1755868586.9699447,-4,1,-78
1755868587.0059447,-1,3,-78
1755868587.0439446,0,5,-90
1755868587.0829446,1,3,-87
1755868587.1209445,3,0,-82
1755868587.1589446,2,-2,-77
1755868587.1949446,2,0,-69
1755868587.2319446,3,5,-76
1755868587.269945,1,9,-84
1755868587.3059447,2,9,-71
1755868587.3429446,-5,4,-80
1755868587.3809447,6,5,-74
1755868587.4189446,1,4,-58
1755868587.4549446,-3,1,-59
1755868587.4929447,1,0,-65
1755868587.529945,0,0,-78
1755868587.5689447,-3,-1,-68
1755868587.6049447,7,0,-74
1755868587.6509447,6,-1,-74
1755868587.6889446,-1,2,-79
1755868587.7249446,-5,1,-86
1755868587.7639446,-3,-4,-82
1755868587.8009446,-1,2,-63
1755868587.8399446,1,-5,-59
1755868587.8759446,4,2,-56
1755868587.9139447,5,1,-73
1755868587.950945,6,6,-68
1755868587.9889443,2,1,-62
1755868588.0249443,-6,0,-75
1755868588.062945,-6,0,-78
1755868588.1009445,-5,-5,-79
1755868588.1399446,-2,-6,-73
1755868588.1759446,-6,-1,-71
1755868588.213945,4,0,-66
1755868588.2519443,-3,6,-64
1755868588.2909446,-11,6,-65
1755868588.3289447,-4,7,-69
1755868588.3649447,4,2,-67
1755868588.4019446,-2,1,-68
1755868588.440945,2,0,-68
1755868588.4789443,7,-3,-70
1755868588.5149446,0,-4,-75
1755868588.5519447,0,-5,-70
1755868588.5909443,-3,-6,-71
1755868588.6289446,1,0,-71
1755868588.6649446,-3,0,-73
1755868588.7019446,-5,-3,-64
1755868588.7409446,-2,2,-80
1755868588.7769446,-3,-6,-75
1755868588.8149445,-5,0,-73
1755868588.8529446,-7,-5,-71
1755868588.8909447,0,-8,-73
1755868588.9299445,-6,-8,-68
1755868588.9659443,0,-1,-80
1755868589.0039446,-5,-3,-68
1755868589.0419445,1,-4,-78
1755868589.0809443,0,-3,-69
1755868589.1169446,-1,-3,-78
1755868589.154945,-2,-1,-73
1755868589.1929443,0,-3,-79
1755868589.2309446,2,12,-57
1755868589.269945,4,3,-72
1755868589.3059447,-2,3,-78
1755868589.3429446,-1,-1,-72
1755868589.381945,-6,-5,-64
1755868589.4199443,-5,-4,-72
1755868589.4559443,0,0,-79
1755868589.4929447,2,0,-72
1755868589.5309446,0,0,-71
1755868589.5669446,-4,5,-77
1755868589.6039443,-3,3,-69
1755868589.6429446,-5,-1,-62
1755868589.6809447,-2,7,-76
1755868589.7169447,1,3,-74
1755868589.7539446,6,4,-74
1755868589.7919445,7,2,-68
1755868589.8309443,-1,-8,-71
1755868589.8669446,1,2,-73
1755868589.9039447,-1,-8,-73
1755868589.9419446,5,-5,-76
1755868589.9809446,1,-1,-66
1755868590.0169446,-1,2,-73
1755868590.0539446,1,2,-78
1755868590.0929446,4,3,-77
1755868590.1309447,-1,-9,-74
1755868590.1669445,2,-3,-76
1755868590.2039447,2,6,-74
1755868590.2419446,5,0,-73
1755868590.279945,12,-11,-73
1755868590.315945,7,-3,-69
1755868590.3529446,5,1,-67
1755868590.3919446,0,-1,-70
1755868590.427945,-4,-3,-72
1755868590.4659443,0,-3,-71
1755868590.5039446,-2,-3,-80
1755868590.5419445,-5,11,-77
1755868590.5809443,2,-1,-79
1755868590.6169446,4,7,-65
1755868590.6539447,0,0,-64
1755868590.6919446,6,-1,-61
1755868590.7279446,2,5,-71
1755868590.7649446,0,4,-67
1755868590.8019447,-2,-1,-71
1755868590.8409443,-2,5,-67
1755868590.8769443,-6,-1,-76
1755868590.9149446,0,-2,-69
1755868590.9529445,-5,0,-80
1755868590.9919446,-2,-3,-73
1755868591.0279446,0,2,-58
1755868591.0649445,-3,-7,-76
1755868591.1029446,3,0,-74
1755868591.1409447,-1,-6,-74
1755868591.1769447,-2,-9,-72
1755868591.2149446,0,-5,-73
1755868591.2529447,2,-4,-79
1755868591.2919445,3,-2,-73
1755868591.3279445,-2,0,-62
1755868591.3649447,-2,-1,-70
1755868591.4029446,1,3,-77
1755868591.440945,0,2,-73
1755868591.4769447,1,6,-71
1755868591.5139446,-1,6,-71
1755868591.552945,-6,0,-78
1755868591.5909443,0,6,-70
1755868591.6269443,-7,7,-78
1755868591.6639447,-4,1,-74
1755868591.7029445,-4,-2,-75
1755868591.7409446,-3,0,-67
1755868591.7769446,0,2,-69
1755868591.8139446,6,7,-74
1755868591.8519447,2,2,-76
1755868591.8879447,0,-2,-75
1755868591.9269447,3,0,-74
1755868591.963945,2,0,-69
1755868592.0019443,0,-1,-77
1755868592.0379446,-1,-1,-69
1755868592.075945,-2,-9,-74
1755868592.1139443,0,-4,-78
1755868592.1529446,-3,-1,-69
1755868592.190945,-11,0,-69
1755868592.2269447,-6,1,-75
1755868592.2639446,-8,0,-84
1755868592.302945,-2,-4,-80
1755868592.3409443,-5,-3,-73
1755868592.3779447,4,-1,-76
1755868592.4149446,1,-3,-74
1755868592.4529445,1,-5,-79
1755868592.4919446,3,-1,-83
1755868592.5279446,1,4,-71
1755868592.5649445,0,-1,-71
1755868592.6029446,1,0,-65
1755868592.6389446,1,0,-74
1755868592.6769447,0,-4,-75
1755868592.713945,0,-1,-83
1755868592.7529447,0,-2,-66
1755868592.7889447,2,-6,-72
1755868592.8269446,0,-2,-72
1755868592.8639443,-1,-4,-70
1755868592.9029446,-4,0,-71
1755868592.9389446,-4,-6,-66
1755868592.9769447,-2,2,-64
1755868593.0159447,3,-4,-66
1755868593.0539446,6,2,-75
1755868593.0919447,6,-2,-79
1755868593.1279447,-1,-2,-73
1755868593.1659446,-1,1,-70
1755868593.2039447,-1,-5,-70
1755868593.2429447,-5,-4,-74
1755868593.2789447,-2,-6,-77
1755868593.3169446,0,-2,-72
1755868593.3549447,-9,-1,-74
1755868593.3939445,-6,0,-80
1755868593.4319446,-11,1,-67
1755868593.4679446,-4,-4,-73
1755868593.5059447,-4,0,-69
1755868593.5439446,1,0,-68
1755868593.5829446,2,-1,-65
1755868593.6189446,-2,-4,-67
1755868593.6569445,-2,-3,-70
1755868593.6949446,0,0,-72
1755868593.7329447,-2,4,-70
1755868593.7689445,0,-3,-67
1755868593.8059447,-1,-4,-61
1755868593.8439443,-5,1,-67
1755868593.8829446,-7,-4,-67
1755868593.9189446,-13,-10,-59
1755868593.9569447,-1,0,-67
1755868593.9949446,0,-2,-64
1755868594.0339446,5,-5,-80
1755868594.0699446,-4,3,-74
1755868594.1069446,-5,0,-75
1755868594.144945,-2,-3,-72
1755868594.1839447,-2,1,-69
1755868594.2199447,-5,-1,-68
1755868594.2579446,-4,-2,-68
1755868594.2959447,-1,-2,-65
1755868594.3339446,-4,-3,-73
1755868594.3729446,-1,-2,-69
1755868594.4089446,0,-4,-83
1755868594.4469447,-3,1,-82
1755868594.4849446,0,-3,-76
1755868594.5239446,2,-3,-66
1755868594.5599446,0,-2,-64
1755868594.5979445,-2,0,-76
1755868594.6369443,-8,2,-62
1755868594.6739447,-2,0,-73
1755868594.7129445,-2,-1,-70
1755868594.7489443,0,6,-59
1755868594.7869446,-3,7,-81
1755868594.8249447,2,0,-67
1755868594.8629446,0,-2,-69
1755868594.8989446,-1,-1,-61
1755868594.9369447,-2,-1,-71
1755868594.9749446,6,0,-74
1755868595.0129447,2,1,-75
1755868595.0499446,-2,3,-66
1755868595.0869446,2,0,-73
1755868595.1249447,8,-4,-70
1755868595.1639447,0,0,-64
1755868595.1999447,7,1,-53
1755868595.236945,6,-3,-63
1755868595.2749443,7,-4,-68
1755868595.3139446,0,1,-66
1755868595.3499446,-1,2,-75
1755868595.3879447,-1,3,-80
1755868595.4249446,0,-3,-77
1755868595.463945,1,3,-83
1755868595.4999447,1,3,-78
1755868595.5369446,7,3,-70
1755868595.5749447,8,0,-66
1755868595.6129446,7,-1,-57
1755868595.6489446,0,-7,-72
1755868595.6869447,5,-1,-75
1755868595.7249446,7,-1,-63
1755868595.7639446,3,-3,-66
1755868595.7999446,3,2,-75
1755868595.8369446,4,1,-66
1755868595.8749447,2,1,-68
1755868595.9109447,3,1,-64
1755868595.9479446,0,-5,-62
1755868595.986945,-1,-1,-61
1755868596.0249443,0,2,-56
1755868596.0609446,1,2,-62
1755868596.0979445,-3,-6,-70
1755868596.1369443,0,-1,-66
1755868596.1749446,-3,0,-75
1755868596.210945,-5,-1,-77
1755868596.2499447,-1,-2,-79
1755868596.2869446,0,-3,-75
1755868596.3249447,2,1,-78
1755868596.3609445,-1,-3,-79
1755868596.3989446,2,-4,-74
1755868596.4359446,2,0,-67
1755868596.4749446,-4,-2,-77
1755868596.5109446,2,-1,-79
1755868596.5479443,-1,3,-85
1755868596.585945,-7,7,-79
1755868596.6249447,-1,7,-71
1755868596.6609447,-7,7,-63
1755868596.6979446,1,-1,-70
1755868596.7359445,-3,-3,-66
1755868596.7749443,-7,-2,-71
1755868596.8109446,0,-7,-67
1755868596.848945,0,-3,-67
1755868596.8869443,3,-2,-61
1755868596.9259446,9,0,-63
1755868596.963945,6,-6,-74
1755868596.9999447,-3,-2,-86
1755868597.0379446,2,-1,-74
1755868597.075945,1,0,-72
1755868597.1139443,0,9,-82
1755868597.1499443,2,5,-83
1755868597.1869447,-6,-5,-76
1755868597.2259445,-3,8,-72
1755868597.2639446,0,6,-68
1755868597.2999446,-2,5,-72
1755868597.3379445,0,1,-59
1755868597.3759446,7,-1,-72
1755868597.4139447,2,-2,-64
1755868597.4499447,4,-6,-64
1755868597.4879446,7,0,-78
1755868597.5259447,-2,-2,-62
1755868597.5639446,-2,3,-67
1755868597.5999446,0,3,-73
1755868597.6369443,5,5,-77
1755868597.6809447,4,4,-77
1755868597.7189443,3,1,-75
1755868597.7559447,2,-2,-65
1755868597.7949443,-4,-3,-76
1755868597.8309443,3,-4,-69
1755868597.8689446,6,-1,-82
1755868597.9069445,3,-3,-61
1755868597.9459443,1,-8,-66
1755868597.9819446,-4,-7,-70
1755868598.019945,3,-2,-68
1755868598.0589447,0,0,-67
1755868598.0959446,4,-3,-60
1755868598.134945,1,0,-62
1755868598.1709447,1,3,-62
1755868598.2089446,-7,-4,-68
1755868598.2459445,-8,-5,-67
1755868598.2849443,-2,0,-59
1755868598.3209443,-1,4,-69
1755868598.3579447,-4,3,-72
1755868598.3969443,1,7,-79
1755868598.4349446,6,3,-83
1755868598.4709446,10,0,-79
1755868598.5079446,7,0,-69
1755868598.5459447,9,3,-64
1755868598.5819447,-2,3,-62
1755868598.6209445,3,6,-72
1755868598.657945,0,-1,-75
1755868598.6969447,5,1,-73
1755868598.7349446,3,2,-63
1755868598.7709446,2,-2,-72
1755868598.8079443,2,2,-79
1755868598.8469446,2,6,-85
1755868598.884945,6,3,-82
1755868598.9209447,0,-1,-83
1755868598.9579446,4,2,-75
1755868598.996945,-3,-1,-86
1755868599.0349443,-1,4,-73
1755868599.0709443,7,1,-71
1755868599.108945,-1,5,-71
1755868599.1469443,3,3,-75
1755868599.1849446,2,0,-75
1755868599.2209446,0,0,-75
1755868599.2579446,0,-1,-82
1755868599.2969446,0,-1,-72
1755868599.3349447,0,0,-79
1755868599.3709445,1,-6,-66
1755868599.4089446,1,3,-72
1755868599.4469447,2,0,-82
1755868599.4829447,-2,-2,-72
1755868599.5209446,5,-5,-74
1755868599.5589447,2,0,-66
1755868599.5969446,-5,1,-81
1755868599.6329446,-2,-1,-75
1755868599.6709447,-4,-1,-75
1755868599.7089446,-1,-2,-71
1755868599.746945,9,1,-69
1755868599.782945,6,5,-64
1755868599.8209443,3,5,-66
1755868599.858945,5,5,-65
1755868599.8969443,5,0,-69
1755868599.9329443,7,-4,-73
1755868599.9699447,2,-2,-66
1755868600.0079446,0,-10,-75
1755868600.0469446,0,0,-65
1755868600.0829446,-2,-2,-63
1755868600.121945,10,0,-62
1755868600.1589446,1,-1,-65
1755868600.1979446,6,-3,-77
1755868600.2359445,4,-7,-78
1755868600.2719443,5,4,-80
1755868600.3089447,5,3,-80
1755868600.3479445,-3,1,-71
1755868600.3859446,3,1,-72
1755868600.4219446,0,0,-72
1755868600.4589446,0,0,-64
1755868600.496945,6,8,-63
1755868600.532945,10,6,-71
1755868600.5699446,4,-9,-86
1755868600.6079447,2,-3,-84
1755868600.6469443,5,-8,-72
1755868600.6829443,10,-1,-69
1755868600.7199447,4,3,-67
1755868600.7579446,-5,0,-73
1755868600.7969446,-4,0,-75
1755868600.8329446,-5,0,-67
1755868600.8699446,2,3,-82
1755868600.907945,3,0,-77
1755868600.9459443,2,1,-79
1755868600.9819446,4,1,-65
1755868601.0189445,2,-3,-78
1755868601.0579443,4,-6,-77
1755868601.0959446,0,-8,-66
1755868601.131945,-5,-10,-61
1755868601.1699443,-1,-6,-68
1755868601.2079446,-1,-3,-61
1755868601.246945,-2,-7,-65
1755868601.282945,-2,4,-72
1755868601.3209443,1,-1,-66
1755868601.358945,3,-4,-65
1755868601.3979447,-1,-5,-79
1755868601.4339447,0,0,-80
1755868601.4719446,0,-2,-74
1755868601.509945,-3,2,-68
1755868601.5479443,-1,-1,-69
1755868601.5839446,0,-2,-66
1755868601.6209445,1,3,-61
1755868601.6589446,-3,0,-66
1755868601.6979446,-1,-6,-70
1755868601.733945,-3,-2,-80
1755868601.7719443,3,-2,-80
1755868601.8099446,1,-6,-70
1755868601.8479445,1,-6,-72
1755868601.8869443,2,-4,-73
1755868601.9229443,-6,1,-76
1755868601.960945,0,-4,-73
1755868601.9989443,-4,-4,-68
1755868602.0379446,-3,-7,-74
1755868602.0739446,0,-8,-76
1755868602.111945,7,-5,-83
1755868602.1499443,2,2,-69
1755868602.1889446,2,10,-69
1755868602.2269447,-2,4,-64
1755868602.2629447,0,0,-66
1755868602.2999446,0,7,-56
1755868602.338945,4,1,-65
1755868602.3769443,4,4,-71
1755868602.4129446,2,3,-63
1755868602.450945,-3,-1,-68
1755868602.4889443,1,-3,-72
1755868602.5269446,7,-6,-72
1755868602.562945,2,0,-73
1755868602.6009445,7,0,-76
1755868602.6389446,-3,6,-75
1755868602.6769447,10,0,-76
1755868602.7129445,13,-6,-72
1755868602.7509446,2,0,-70
1755868602.7889447,0,7,-68
1755868602.8269446,1,3,-67
1755868602.8629446,-3,3,-65
1755868602.8999443,-1,1,-71
1755868602.9389446,-2,2,-68
1755868602.9769447,2,3,-69
1755868603.0129447,1,2,-72
1755868603.0499446,3,1,-75
1755868603.088945,-2,0,-66
1755868603.1249447,-1,0,-75
1755868603.1639447,-3,5,-85
1755868603.200945,-9,1,-69
1755868603.2389443,-5,-1,-79
1755868603.2779446,-2,-1,-83
1755868603.3139446,0,-3,-81
1755868603.3509445,0,-4,-72
1755868603.3899446,3,0,-70
1755868603.427945,-1,1,-75
1755868603.463945,-2,-4,-75
1755868603.5029447,-5,-5,-74
1755868603.5399446,-4,-1,-72
1755868603.5789447,-2,0,-73
1755868603.6149447,-2,1,-63
1755868603.6529446,1,-2,-66
1755868603.6899445,2,6,-76
1755868603.7279446,-3,7,-72
1755868603.7639446,-6,1,-63
1755868603.8009446,-2,3,-71
1755868603.8399446,8,-4,-75
1755868603.8779447,3,-5,-74
1755868603.9139447,6,0,-70
1755868603.950945,0,-4,-74
1755868603.9899447,-4,-2,-66
1755868604.0279446,-3,3,-64
1755868604.0639446,0,-3,-67
1755868604.1029446,-1,3,-70
1755868604.1399446,6,6,-80
1755868604.177945,-3,-2,-81
1755868604.213945,6,2,-82
1755868604.2509446,1,0,-75
1755868604.2899446,2,3,-81
1755868604.3279445,-2,0,-68
1755868604.3639443,4,0,-64
1755868604.4019446,-3,4,-69
1755868604.4399445,-2,6,-72
1755868604.4779446,3,3,-69
1755868604.5139446,2,8,-79
1755868604.5509446,4,0,-74
1755868604.5899446,0,5,-79
1755868604.6279447,-6,6,-76
1755868604.6639447,-4,8,-63
1755868604.7019446,2,2,-78
1755868604.7399447,0,-4,-71
1755868604.7759447,0,0,-74
1755868604.812945,-5,0,-76
1755868604.8509445,-3,0,-70
1755868604.8899446,-4,-2,-68
1755868604.9259446,2,-3,-62
1755868604.9629445,-5,-2,-67
1755868605.0009446,-6,0,-85
1755868605.0389447,-5,-1,-74
1755868605.0749447,-6,-4,-78
1755868605.1129446,3,-5,-75
1755868605.1509447,-3,-6,-65
1755868605.1899445,0,-8,-77
1755868605.2259445,0,-1,-78
1755868605.2629447,0,0,-75
1755868605.2999446,-4,-1,-67
1755868605.338945,5,4,-68
1755868605.3749447,-3,2,-63
1755868605.4119446,1,5,-73
1755868605.4499447,-1,-4,-72
1755868605.4859445,-3,0,-72
1755868605.5239446,-5,0,-62
1755868605.5619447,0,-4,-68
1755868605.6009445,0,0,-67
1755868605.6389446,-1,0,-61
1755868605.6749446,-1,3,-67
1755868605.7129445,0,-4,-64
1755868605.7509446,-2,2,-75
1755868605.7899446,-2,3,-81
1755868605.825945,-1,0,-69
1755868605.8639443,1,-1,-71
1755868605.9019446,0,3,-80
1755868605.9399445,3,2,-73
1755868605.9759445,-1,2,-70
1755868606.0149446,-3,6,-74
1755868606.0519447,-1,0,-80
1755868606.0909443,0,-1,-75
1755868606.1289446,-1,2,-76
1755868606.1649446,6,2,-71
1755868606.2019446,4,0,-78
1755868606.2409446,2,0,-71
1755868606.2789447,7,1,-78
1755868606.3149445,4,4,-77
1755868606.3529446,1,3,-83
1755868606.3909447,1,-1,-67
1755868606.4289446,0,0,-85
1755868606.4649446,1,4,-94
1755868606.5029447,-3,5,-80
1755868606.5409446,1,4,-77
1755868606.5769446,5,6,-79
1755868606.6139443,3,2,-84
1755868606.6509447,-6,5,-80
1755868606.6899445,-6,-4,-72
1755868606.7259445,-4,-2,-73
1755868606.7639446,0,-6,-79
1755868606.8019447,-3,0,-83
1755868606.8409443,2,4,-80
1755868606.8769443,0,2,-83
1755868606.9139447,6,0,-74
1755868606.9519446,7,-7,-71
1755868606.9909446,1,-1,-61
1755868607.0269446,-1,-1,-68
1755868607.0649445,-2,-5,-65
1755868607.1029446,-1,2,-65
1755868607.1419446,-5,1,-71
1755868607.1799445,0,0,-71
1755868607.2159443,-7,-2,-73
1755868607.2549446,-5,0,-72
1755868607.2919445,-10,0,-80
1755868607.3309443,-10,-1,-74
1755868607.3669446,-3,-1,-79
1755868607.404945,-1,-2,-75
1755868607.4429443,-6,1,-74
1755868607.4819446,-3,0,-69
1755868607.519945,-3,1,-74
1755868607.5559447,-4,6,-74
1755868607.5929446,-8,3,-77
1755868607.631945,1,-4,-74
1755868607.6699443,0,-5,-80
1755868607.713945,-7,-2,-70
1755868607.7519443,0,0,-65
1755868607.7909446,-1,-2,-65
1755868607.8269446,-9,-2,-68
1755868607.8649447,-5,-3,-77
1755868607.9029446,-5,-2,-75
1755868607.9419446,-9,-4,-79
1755868607.9799447,2,-4,-79
1755868608.0159447,-2,0,-73
1755868608.052945,-5,-4,-73
1755868608.0919447,-2,4,-69
1755868608.1299446,1,2,-54
1755868608.1659446,0,4,-65
1755868608.2029445,1,6,-87
1755868608.2419446,-3,-1,-67
1755868608.279945,-2,-5,-71
1755868608.315945,-1,0,-76
1755868608.3529446,0,0,-71
1755868608.3919446,0,0,-70
1755868608.427945,10,-1,-68
1755868608.4649446,-5,0,-76
1755868608.5039446,5,-1,-72
1755868608.5419445,3,-2,-75
1755868608.5779445,0,-4,-68
1755868608.6149447,0,1,-81
1755868608.6519446,-1,-1,-78
1755868608.690945,0,1,-70
1755868608.7269447,-1,0,-80
1755868608.7649446,-4,-3,-77
1755868608.802945,4,-3,-71
1755868608.8419447,-3,-4,-74
1755868608.8779447,2,-4,-81
1755868608.9149446,8,-2,-66
1755868608.9529445,6,-4,-60
1755868608.9919446,5,-5,-64
1755868609.0279446,6,0,-66
1755868609.065945,-2,-7,-65
1755868609.1039443,-1,-5,-76
1755868609.1429446,-7,2,-75
1755868609.1809447,-5,2,-67
1755868609.2169447,4,3,-77
1755868609.2539446,-5,-1,-80
1755868609.292945,-2,-2,-79
1755868609.3309443,-1,1,-76
1755868609.3669446,1,0,-81
1755868609.4039447,0,-3,-68
1755868609.4429443,0,2,-61
1755868609.4809446,5,-4,-64
1755868609.5169446,2,-3,-63
1755868609.5539446,4,-5,-56
1755868609.5929446,-3,0,-60
1755868609.6309447,-1,0,-68
1755868609.6669445,2,0,-76
1755868609.7039447,0,8,-66
1755868609.7419446,-2,6,-84
1755868609.7779446,0,2,-82
1755868609.8149445,0,-2,-63
1755868609.8529446,-4,-1,-71
1755868609.8919446,1,0,-75
1755868609.927945,0,-3,-79
1755868609.9659443,2,-4,-79
1755868610.0039446,-4,-3,-73
1755868610.042945,-4,0,-67
1755868610.0809443,2,0,-73
1755868610.1169446,2,5,-81
1755868610.1539447,3,2,-76
1755868610.1929443,6,3,-71
1755868610.2289443,2,0,-69
1755868610.2659447,9,-1,-70
1755868610.3039446,2,-2,-57
1755868610.3429446,-4,-6,-63
1755868610.3789446,6,-6,-74
1755868610.4159446,-4,4,-73
1755868610.4539447,1,2,-63
1755868610.4929447,-2,1,-75
1755868610.5289447,4,6,-72
1755868610.565945,-4,-1,-68
1755868610.6049447,0,-2,-70
1755868610.6429446,-9,-5,-75
1755868610.6789446,-1,1,-78
1755868610.7159443,-1,3,-78
1755868610.7539446,-2,2,-73
1755868610.792945,0,4,-73
1755868610.8289447,13,0,-70
1755868610.8659446,4,3,-71
1755868610.9029446,3,0,-74
1755868610.9419446,9,2,-77
1755868610.9779446,-6,5,-78
1755868611.0149446,-7,1,-76
1755868611.0539446,0,0,-66
1755868611.0919447,0,0,-69
1755868611.1279447,-6,-1,-66
1755868611.1659446,-1,-1,-74
1755868611.2039447,1,-1,-68
1755868611.2429447,-3,3,-68
1755868611.2789447,0,3,-64
1755868611.3179443,0,1,-69
1755868611.3549447,0,0,-72
1755868611.3929446,3,-2,-65
1755868611.4299445,5,5,-59
1755868611.4679446,-2,6,-71
1755868611.5049446,-6,10,-76
1755868611.5439446,-6,0,-68
1755868611.5819447,3,-1,-75
1755868611.6179447,-4,-4,-79
1755868611.6569445,-3,-5,-70
1755868611.6939447,-4,0,-72
1755868611.7329447,-1,1,-76
1755868611.7689445,0,0,-62
1755868611.8069446,2,3,-71
1755868611.8439443,-7,4,-70
1755868611.8829446,1,-1,-68
1755868611.9189446,-2,4,-76
1755868611.9569447,-3,0,-89
1755868611.9939446,6,-3,-88
1755868612.032945,1,-1,-80
1755868612.0689447,2,3,-66
1755868612.1069446,-5,0,-71
1755868612.1439445,4,1,-63
1755868612.1799445,1,-5,-75
1755868612.2179446,-3,-1,-82
1755868612.256945,-1,0,-79
1755868612.2939446,0,2,-75
1755868612.3299446,4,0,-72
1755868612.3669446,0,-4,-69
1755868612.404945,-2,3,-72
1755868612.4439447,-5,1,-71
1755868612.4799447,1,0,-69
1755868612.5179446,0,2,-84
1755868612.5569446,4,2,-78
1755868612.5939443,2,4,-73
1755868612.6299446,4,1,-71
1755868612.667945,0,0,-69
1755868612.7049446,-4,-2,-74
1755868612.7439446,-4,13,-69
1755868612.779945,-2,8,-60
1755868612.8169446,1,7,-53
1755868612.8549447,0,4,-64
1755868612.8939445,1,4,-80
1755868612.9299445,-2,0,-84
1755868612.9669447,1,2,-75
1755868613.0049446,1,-1,-69
1755868613.042945,3,-1,-72
1755868613.0789447,0,-2,-79
1755868613.1169446,4,-1,-82
1755868613.1559446,4,0,-70
1755868613.1939447,1,0,-74
1755868613.2299447,-2,2,-81
1755868613.2669446,-2,-2,-67
1755868613.3059447,-1,-1,-71
1755868613.3439443,-2,4,-78
1755868613.3799446,-2,1,-77
1755868613.4169445,-7,1,-69
1755868613.4549446,0,-7,-69
1755868613.4939446,1,-10,-75
1755868613.529945,-4,0,-71
1755868613.5669446,-8,2,-65
1755868613.6059446,-2,4,-69
1755868613.6439445,-5,1,-67
1755868613.6799445,0,0,-83
1755868613.7169447,2,-3,-78
1755868613.7549446,5,-2,-73
1755868613.7939446,4,5,-84
1755868613.8299446,1,0,-75
1755868613.8669446,2,0,-80
1755868613.904945,-2,-1,-81
1755868613.940945,-1,11,-77
1755868613.9779446,3,0,-78
1755868614.0149446,3,2,-86
1755868614.0539446,-1,13,-75
1755868614.0899446,0,2,-81
1755868614.1279447,-4,-1,-70
1755868614.1659446,3,-3,-71
1755868614.2049446,0,-1,-81
1755868614.2409446,2,2,-70
1755868614.2779446,7,0,-64
1755868614.3149445,3,6,-75
1755868614.3539443,0,0,-71
1755868614.3899446,0,4,-67
1755868614.4269447,-3,2,-76
1755868614.4659443,-3,-3,-76
1755868614.5039446,-2,0,-71
1755868614.5399446,4,2,-77
1755868614.5769446,0,1,-79
1755868614.6159446,-1,0,-78
1755868614.6539447,0,-2,-74
1755868614.6899445,-1,0,-72
1755868614.7269447,-1,-3,-69
1755868614.7659447,-3,1,-67
1755868614.8039446,5,-2,-72
1755868614.8399446,0,-1,-59
1755868614.8779447,0,1,-67
1755868614.9159446,8,1,-75
1755868614.9539447,9,-1,-73
1755868614.9899447,-1,1,-77
1755868615.0269446,-4,1,-72
1755868615.065945,0,5,-72
1755868615.1039443,-6,0,-72
1755868615.1399446,-1,4,-70
1755868615.177945,-4,-2,-70
1755868615.2159443,-5,-4,-57
1755868615.2549446,-1,0,-69
1755868615.2909446,-4,2,-78
1755868615.3289447,0,0,-74
1755868615.3659446,-3,-3,-85
1755868615.404945,1,5,-68
1755868615.440945,4,4,-74
1755868615.4779446,2,5,-58
1755868615.5159447,-2,1,-76
1755868615.5549445,3,0,-68
1755868615.5909443,3,-2,-77
1755868615.6289446,5,-7,-76
1755868615.6669445,0,0,-78
1755868615.7049446,-1,0,-76
1755868615.7409446,-6,7,-79
1755868615.7789447,-6,5,-83
1755868615.8169446,1,3,-84
1755868615.8549447,0,0,-78
1755868615.8909447,-1,-3,-74
1755868615.9289446,3,-3,-72
1755868615.9669447,4,0,-70
1755868616.0059447,-4,3,-65
1755868616.0419445,-2,4,-58
1755868616.0789447,-2,2,-70
1755868616.1169446,3,-2,-79
1755868616.1559446,3,-2,-83
1755868616.1919446,0,0,-72
1755868616.2289443,0,-5,-70
1755868616.2669446,0,-2,-66
1755868616.3059447,0,3,-72
1755868616.3419447,2,2,-61
1755868616.3789446,2,-1,-70
1755868616.4169445,1,-5,-74
1755868616.4559443,2,-3,-70
1755868616.4919446,1,-5,-67
1755868616.5289447,2,-2,-76
1755868616.5669446,-5,1,-76
1755868616.6059446,-1,-5,-79
1755868616.6419446,1,-3,-81
1755868616.6789446,-3,-7,-77
1755868616.7169447,0,0,-69
1755868616.7549446,0,0,-75
1755868616.7909446,-5,-1,-71
1755868616.8289447,-5,-5,-87
1755868616.8669446,1,-6,-86
1755868616.9059446,-1,-6,-72
1755868616.9419446,5,1,-60
1755868616.9789443,0,-1,-59
1755868617.0169446,-3,-1,-78
1755868617.0559447,-2,4,-83
1755868617.0919447,1,4,-78
1755868617.1289446,0,-4,-79
1755868617.1669445,0,-1,-69
1755868617.2059443,0,-4,-73
1755868617.2419446,-1,-3,-68
1755868617.279945,0,-3,-67
1755868617.3179443,-2,-2,-68
1755868617.3569446,0,1,-67
1755868617.3929446,-1,0,-66
1755868617.4299445,3,3,-66
1755868617.4669447,0,0,-65
1755868617.5029447,0,0,-73
1755868617.5409446,9,0,-77
1755868617.5779445,0,-3,-78
1755868617.6169446,-4,-6,-80
1755868617.6529446,-8,-3,-77
1755868617.690945,1,0,-67
1755868617.736945,4,2,-60
1755868617.7729447,0,6,-58
1755868617.8109446,5,4,-64
1755868617.8479445,0,3,-66
1755868617.8859446,-5,-2,-69
1755868617.9219446,0,-1,-58
1755868617.9589446,-9,-4,-67
1755868617.996945,-1,-10,-70
1755868618.0359447,2,0,-67
1755868618.0719447,-7,1,-78
1755868618.108945,-4,1,-74
1755868618.1479447,-9,-1,-78
1755868618.1859446,2,-3,-76
1755868618.2219446,0,-8,-76
1755868618.259945,-1,-6,-65
1755868618.2979443,2,4,-65
1755868618.3369446,1,4,-75
1755868618.3729446,1,3,-65
1755868618.4099443,10,2,-61
1755868618.4479446,5,-1,-69
1755868618.4859445,1,-8,-65
1755868618.5219443,0,-7,-71
1755868618.5589447,3,-9,-65
1755868618.5979445,2,-1,-66
1755868618.6359446,-2,7,-65
1755868618.6719446,-6,3,-77
1755868618.7089446,-6,3,-72
1755868618.7479446,-4,-2,-73
1755868618.7859447,-1,0,-67
1755868618.8219447,0,-4,-70
1755868618.858945,0,-7,-74
1755868618.8979447,5,-2,-68
1755868618.9359446,7,-4,-72
1755868618.9719446,3,-1,-72
1755868619.0089445,0,3,-76
1755868619.0479443,8,0,-72
1755868619.085945,5,2,-69
1755868619.121945,-5,-2,-75
1755868619.1599443,-4,-9,-77
1755868619.1979446,0,0,-62
1755868619.236945,-2,-1,-78
1755868619.2729447,-3,0,-81
1755868619.3099446,1,-5,-67
1755868619.3479445,0,-1,-73
1755868619.3869443,1,-5,-73
1755868619.4229443,2,3,-77
1755868619.4599447,7,-6,-72
1755868619.4979446,7,-6,-77
1755868619.5369446,-1,1,-77
1755868619.5729446,3,-3,-77
1755868619.6099446,-2,-1,-75
1755868619.6479447,-1,0,-68
1755868619.6869447,3,1,-69
1755868619.7229445,4,-4,-66
1755868619.759945,4,-1,-79
1755868619.7979443,0,1,-71
1755868619.8369446,-3,0,-66
1755868619.8729446,-6,-5,-82
1755868619.9109447,-3,-3,-75
1755868619.9489446,-5,7,-70
1755868619.9879446,0,3,-75
1755868620.0239446,1,5,-74
1755868620.0619447,-4,3,-73
1755868620.1009445,4,1,-52
1755868620.1389446,3,0,-68
1755868620.1769447,-9,-3,-73
1755868620.2129445,-8,-3,-67
1755868620.2509446,0,-4,-77
1755868620.2889447,0,1,-66
1755868620.3269446,-5,3,-60
1755868620.3629446,-10,0,-61
1755868620.4009447,-7,7,-74
1755868620.4389446,-4,4,-73
1755868620.4779446,0,2,-80
1755868620.5139446,8,3,-85
1755868620.5509446,-1,0,-71
1755868620.588945,1,-1,-69
1755868620.6279447,5,-6,-64
1755868620.6639447,3,-3,-60
1755868620.700945,-3,-1,-62
1755868620.7389443,-2,0,-76
1755868620.7779446,-4,-6,-75
1755868620.8139446,0,-1,-69
1755868620.8509445,-2,5,-69
1755868620.8889446,7,1,-80
1755868620.9269447,5,5,-68
1755868620.9629445,5,-1,-73
1755868620.9999447,8,-1,-66
1755868621.0389447,1,0,-70
1755868621.0749447,0,-2,-65
1755868621.111945,8,3,-72
1755868621.1499443,2,-2,-75
1755868621.1889446,3,-1,-72
1755868621.2249446,-4,0,-75
1755868621.2619443,-5,-2,-71
1755868621.2999446,-1,-3,-59
1755868621.338945,-5,0,-64
1755868621.3749447,0,0,-64
1755868621.4119446,9,2,-64
1755868621.4489446,1,0,-77
1755868621.4879446,-3,-5,-77
1755868621.5239446,-2,-6,-84
1755868621.5619447,-3,-1,-76
1755868621.6009445,1,1,-78
1755868621.6389446,-1,0,-74
1755868621.6749446,-2,0,-87
1755868621.7119446,9,0,-79
1755868621.7499447,7,-1,-68
1755868621.7879446,3,2,-76
1755868621.8239446,11,-3,-80
1755868621.8609445,7,-1,-75
1755868621.8999443,2,-2,-78
1755868621.937945,2,0,-70
1755868621.973945,6,1,-70
1755868622.0109446,6,-2,-67
1755868622.0499446,3,-11,-69
1755868622.0879445,-3,-6,-81
1755868622.1239443,-4,0,-84
1755868622.1609447,-1,-4,-85
1755868622.1999447,-8,-9,-68
1755868622.2379446,-5,-7,-68
1755868622.2739446,-7,-1,-62
1755868622.3119447,1,3,-71
1755868622.3499446,1,3,-62
1755868622.3879447,2,7,-67
1755868622.4239447,9,0,-66
1755868622.460945,8,-4,-77
1755868622.4999447,0,2,-75
1755868622.5379446,1,0,-86
1755868622.5739446,9,1,-77
1755868622.6109445,10,5,-85
1755868622.6489446,1,6,-73
1755868622.6849446,-4,4,-75
1755868622.7219446,-4,1,-71
1755868622.7609446,-2,1,-79
1755868622.7989447,-4,2,-80
1755868622.8349447,0,-5,-70
1755868622.871945,-1,0,-80
1755868622.9109447,-7,-2,-75
1755868622.9489446,0,2,-75
1755868622.9849446,4,6,-83
1755868623.0219443,9,-4,-76
1755868623.0599446,3,0,-69
1755868623.098945,0,5,-72
1755868623.134945,-4,0,-80
1755868623.1729443,4,0,-71
1755868623.210945,-2,-4,-72
1755868623.2489443,2,-3,-86
1755868623.2849443,1,-3,-82
1755868623.3219447,0,-3,-80
1755868623.3609445,-3,-3,-76
1755868623.3989446,0,1,-76
1755868623.4359446,1,1,-71
1755868623.4729445,0,1,-72
1755868623.509945,3,2,-74
1755868623.5489447,5,1,-71
1755868623.585945,6,-8,-71
1755868623.6229446,-3,-10,-74
1755868623.6609447,-3,-4,-83
1755868623.6999447,-6,0,-76
1755868623.7359445,-2,2,-76
1755868623.7729447,-1,6,-63
1755868623.8109446,-6,0,-69
1755868623.8499446,-7,1,-69
1755868623.8859446,2,0,-69
1755868623.9229443,3,-5,-64
1755868623.960945,-8,-3,-68
1755868623.9999447,-6,0,-77
1755868624.0359447,0,2,-81
1755868624.0729446,6,6,-70
1755868624.1109445,-2,0,-65
1755868624.1489446,3,2,-69
1755868624.1849446,3,-4,-79
1755868624.2229445,-7,-1,-65
1755868624.2609446,2,-4,-70
1755868624.2999446,8,-5,-71
1755868624.335945,0,-1,-74
1755868624.3729446,0,0,-67
1755868624.4109447,-7,-4,-67
1755868624.4489446,5,-7,-70
1755868624.4859445,5,-2,-75
1755868624.5229447,-4,1,-76
1755868624.5609446,-3,3,-60
1755868624.5999446,3,0,-67
1755868624.6359446,1,3,-77
1755868624.6729443,6,0,-69
1755868624.710945,4,1,-74
1755868624.746945,4,1,-70
1755868624.7849443,5,-6,-71
1755868624.8229446,0,-1,-63
1755868624.8609445,1,1,-72
1755868624.8999443,2,7,-70
1755868624.9359446,9,1,-71
1755868624.9729445,0,5,-75
1755868625.0109446,1,4,-73
1755868625.0469446,10,1,-66
1755868625.0849447,-4,-8,-63
1755868625.121945,1,-4,-75
1755868625.1609447,0,0,-76
1755868625.1969447,-5,4,-75
1755868625.2349446,1,-7,-82
1755868625.2729447,4,-8,-85
1755868625.3119447,1,-2,-83
1755868625.3499446,-6,-1,-72
1755868625.3859446,-1,3,-73
1755868625.4229443,0,0,-77
1755868625.460945,-1,-4,-74
1755868625.496945,5,-2,-79
1755868625.5349443,2,-9,-64
1755868625.5729446,10,-10,-83
1755868625.611945,0,-4,-80
1755868625.6499443,2,-2,-71
1755868625.6859446,-1,4,-66
1755868625.7229445,3,7,-66
1755868625.7619443,-1,5,-86
1755868625.7999446,3,3,-71
1755868625.835945,9,2,-79
1755868625.8729446,-3,-2,-72
1755868625.9119446,-9,-6,-74
1755868625.9499447,-1,0,-82
1755868625.9859445,2,-1,-74
1755868626.0229447,4,-1,-65
1755868626.0619447,1,-1,-63
1755868626.0999446,4,-2,-63
1755868626.1369443,3,-8,-71
1755868626.1739447,0,-1,-61
1755868626.2119446,-3,-1,-80
1755868626.2509446,3,-7,-75
1755868626.2869446,5,-3,-76
1755868626.3239446,2,-3,-77
1755868626.361945,6,0,-79
1755868626.3979447,2,0,-75
1755868626.4349446,0,0,-66
1755868626.4719446,3,-1,-72
1755868626.5109446,0,-1,-68
1755868626.5469446,7,5,-80
1755868626.5839446,0,-2,-74
1755868626.621945,0,-6,-78
1755868626.6609447,6,0,-71
1755868626.6969447,-7,1,-79
1755868626.733945,0,0,-68
1755868626.7719443,3,0,-76
1755868626.8109446,0,0,-72
1755868626.8469446,4,-2,-69
1755868626.8839445,1,0,-77
1755868626.9219446,-2,6,-89
1755868626.960945,0,7,-81
1755868626.996945,5,-1,-74
1755868627.0339446,3,0,-73
1755868627.0719447,-2,-8,-70
1755868627.1079447,-4,-6,-76
1755868627.1459446,-3,-3,-68
1755868627.1839447,3,-1,-75
1755868627.2229445,6,3,-87
1755868627.2609446,4,-6,-72
1755868627.2969446,3,2,-74
1755868627.3339446,-8,0,-72
1755868627.3729446,3,3,-88
1755868627.4109447,8,2,-79
1755868627.4469447,-2,5,-73
1755868627.483945,1,1,-78
1755868627.5219443,3,-4,-71
1755868627.5579443,2,-4,-69
1755868627.5949447,3,-3,-74
1755868627.6329446,7,-4,-75
1755868627.6719446,7,-6,-70
1755868627.7079446,0,-3,-87
1755868627.7539446,-1,0,-74
1755868627.7919445,0,-4,-72
1755868627.8279445,8,2,-71
1755868627.8649447,5,-4,-70
1755868627.9039447,2,0,-72
1755868627.9419446,-5,-3,-74
1755868627.9779446,-2,-3,-69
1755868628.0159447,0,-5,-71
1755868628.0539446,3,-1,-79
1755868628.0929446,-3,-2,-71
1755868628.1309447,3,0,-81
1755868628.1669445,-3,1,-85
1755868628.2039447,0,1,-60
1755868628.2429447,0,0,-71
1755868628.2789447,2,2,-78
1755868628.3169446,7,5,-78
1755868628.3539443,1,1,-65
1755868628.3919446,0,-2,-71
1755868628.427945,2,2,-73
1755868628.4649446,2,-5,-68
1755868628.5039446,7,-1,-72
1755868628.5419445,-1,1,-72
1755868628.5779445,1,3,-74
1755868628.6149447,-4,6,-79
1755868628.6539447,6,-3,-66
1755868628.6919446,2,-7,-60
1755868628.7279446,-1,-10,-77
1755868628.7659447,6,-11,-72
1755868628.8039446,2,-4,-71
1755868628.8429446,4,0,-73
1755868628.8799446,3,1,-73
1755868628.9169445,0,-1,-71
1755868628.9549446,2,-1,-67
1755868628.9939446,-3,3,-72
1755868629.0319445,1,3,-80
1755868629.0679443,-7,4,-74
1755868629.1059446,-5,-1,-61
1755868629.1439445,-3,-8,-74
1755868629.1829443,0,-2,-79
1755868629.2189443,0,0,-78
1755868629.2559447,2,0,-76
1755868629.2939446,1,-1,-74
1755868629.3329446,4,3,-64
1755868629.3689446,7,-1,-67
1755868629.407945,0,-3,-72
1755868629.4449446,-4,0,-73
1755868629.483945,1,0,-75
1755868629.5219443,7,0,-74
1755868629.5579443,6,0,-63
1755868629.5949447,-4,-2,-65
1755868629.6339445,0,1,-71
1755868629.6719446,1,5,-72
1755868629.7079446,0,1,-86
1755868629.7449446,-5,0,-76
1755868629.7839446,0,-3,-70
1755868629.8219447,-2,-6,-73
1755868629.8579447,-2,-4,-70
1755868629.8969443,3,-5,-73
1755868629.9339447,4,-8,-72
1755868629.9729445,4,0,-77
1755868630.0089445,-7,2,-65
1755868630.0469446,0,-1,-73
1755868630.0839446,-1,5,-67
1755868630.1229446,-5,5,-71
1755868630.1589446,-3,5,-61
1755868630.1969447,-10,-3,-67
1755868630.233945,-7,-4,-74
1755868630.2729447,-3,-4,-66
1755868630.3089447,2,-8,-70
1755868630.3459446,3,-1,-79
1755868630.3839445,5,0,-83
1755868630.4229443,-1,2,-87
1755868630.4589446,-1,0,-78
1755868630.4959445,2,5,-59
1755868630.5339446,6,-2,-69
1755868630.5729446,-2,2,-74
1755868630.608945,0,2,-74
1755868630.6459446,-4,1,-71
1755868630.6839447,-2,6,-69
1755868630.7229445,-8,4,-75
1755868630.7589445,-6,6,-73
1755868630.7969446,-1,0,-74
1755868630.8349447,-1,-3,-68
1755868630.8729446,-6,-1,-72
1755868630.9089446,-3,2,-79
1755868630.9469447,0,2,-81
1755868630.9849446,1,-5,-74
1755868631.0229447,-3,0,-64
1755868631.0589447,1,3,-75
1755868631.0959446,3,0,-83
1755868631.134945,10,2,-80
1755868631.1729443,3,0,-77
1755868631.2089446,-1,4,-76
1755868631.2459445,1,-5,-86
1755868631.2849443,-1,0,-78
1755868631.3229446,7,-1,-65
1755868631.358945,5,0,-73
1755868631.3959446,-1,5,-70
1755868631.4349446,-1,-5,-79
1755868631.4729445,0,-1,-74
1755868631.5089445,0,2,-66
1755868631.5459447,0,8,-74
1755868631.5839446,-2,3,-71
1755868631.6199446,4,-2,-64
1755868631.6569445,-1,0,-70
1755868631.6959443,12,0,-72
1755868631.733945,7,0,-63
1755868631.769945,4,3,-76
1755868631.8069446,-1,4,-83
1755868631.8459446,-3,3,-77
1755868631.8839445,-8,-9,-71
1755868631.9199443,-4,-1,-65
1755868631.9589446,5,5,-59
1755868631.9959445,-2,0,-72
1755868632.0349443,-1,1,-70
1755868632.0709443,0,0,-75
1755868632.108945,0,-3,-64
1755868632.1459446,1,-5,-72
1755868632.1849446,3,0,-66
1755868632.2209446,0,-2,-72
1755868632.2589445,-6,-5,-63
1755868632.2969446,2,-2,-63
1755868632.3349447,-6,1,-79
1755868632.3739443,-6,-2,-68
1755868632.4099443,-1,-2,-69
1755868632.4479446,-1,0,-78
1755868632.4859445,4,1,-75
1755868632.5249443,1,3,-76
1755868632.5609446,3,3,-78
1755868632.5979445,-2,-1,-69
1755868632.6359446,4,-1,-72
1755868632.6749446,0,2,-72
1755868632.710945,-1,-7,-66
1755868632.7489443,0,2,-76
1755868632.7859447,-1,0,-67
1755868632.8249447,2,2,-80
1755868632.8609445,5,-5,-74
1755868632.8979447,0,-5,-67
1755868632.9359446,0,0,-78
1755868632.9749446,6,-1,-74
1755868633.0109446,3,6,-71
1755868633.0479443,7,7,-66
1755868633.085945,4,-2,-75
1755868633.1239443,-3,1,-72
1755868633.1599443,-2,-4,-70
1755868633.1979446,2,-6,-68
1755868633.2359445,3,2,-72
1755868633.2749443,-3,-1,-66
1755868633.3109446,-2,0,-65
1755868633.3479445,2,-1,-70
1755868633.3859446,0,3,-77
1755868633.4249446,-4,1,-72
1755868633.460945,0,-2,-74
1755868633.4979446,0,-3,-71
1755868633.5359447,-4,-2,-77
1755868633.5749447,-2,-1,-73
1755868633.6109445,-1,2,-67
1755868633.6489446,0,0,-76
1755868633.6869447,0,-2,-69
1755868633.7249446,4,-4,-80
1755868633.7609446,2,-1,-71
1755868633.7979443,0,-3,-79
1755868633.835945,-2,-5,-70
1755868633.8749447,-2,0,-61
1755868633.9109447,-11,-4,-72
1755868633.9489446,-7,-1,-69
1755868633.986945,0,0,-74
1755868634.0259447,-1,-5,-62
1755868634.0619447,6,2,-56
1755868634.0999446,4,-2,-68
1755868634.1389446,2,2,-73
1755868634.1759446,0,2,-78
1755868634.2119446,1,3,-77
1755868634.2499447,1,3,-64
1755868634.2869446,7,3,-75
1755868634.3249447,4,-1,-81
1755868634.3609445,-2,-1,-73
1755868634.3989446,-2,-5,-73
1755868634.4369447,0,-1,-74
1755868634.4759445,0,-2,-72
1755868634.5119443,-3,-11,-77
1755868634.5499446,1,-1,-75
1755868634.5879445,2,0,-74
1755868634.6269443,4,0,-71
1755868634.6649446,0,0,-85
1755868634.700945,2,-1,-78
1755868634.7379446,8,2,-66
1755868634.7759447,6,8,-69
1755868634.812945,0,0,-72
1755868634.8499446,-4,1,-64
1755868634.8889446,3,3,-70
1755868634.9269447,4,1,-71
1755868634.9649446,1,1,-71
1755868635.0009446,0,-1,-67
1755868635.0389447,2,-2,-66
1755868635.0769446,1,1,-70
1755868635.1149447,-4,0,-68
1755868635.1509447,0,-5,-72
1755868635.1889446,3,2,-72
1755868635.2269447,0,-1,-74
1755868635.2649446,1,0,-66
1755868635.3009446,-2,1,-65
1755868635.3379445,-5,5,-69
1755868635.3769443,-2,1,-78
1755868635.4129446,-2,0,-73
1755868635.4499447,2,3,-64
1755868635.4889443,-10,7,-73
1755868635.5269446,-7,0,-75
1755868635.562945,3,1,-68
1755868635.5999446,3,0,-66
1755868635.6369443,-4,3,-77
1755868635.6759446,-1,-1,-70
1755868635.7119446,-1,-4,-65
1755868635.7499447,0,-4,-63
1755868635.7889447,0,-8,-62
1755868635.8269446,-2,7,-66
1755868635.8629446,-2,4,-70
1755868635.8999443,-9,-5,-69
1755868635.9389446,-1,-6,-71
1755868635.9769447,2,-4,-63
1755868636.0129447,-6,0,-64
1755868636.0499446,-2,1,-65
1755868636.088945,2,-3,-59
1755868636.1269443,-10,-1,-66
1755868636.1629446,-10,-1,-61
1755868636.200945,-6,-3,-70
1755868636.2389443,-4,-1,-76
1755868636.2779446,-1,-6,-66
1755868636.315945,-1,1,-62
1755868636.3519447,2,0,-54
1755868636.3889446,0,0,-69
1755868636.4269447,0,-5,-74
1755868636.4629445,4,-4,-80
1755868636.4999447,9,-4,-84
1755868636.5389447,1,0,-83
1755868636.5769446,-1,0,-79
1755868636.6129446,5,2,-79
1755868636.6509447,3,0,-72
1755868636.687945,1,4,-66
1755868636.7259445,-6,1,-73
1755868636.7619443,-3,-1,-80
1755868636.8009446,2,0,-78
1755868636.838945,3,-2,-70
1755868636.8769443,3,-2,-75
1755868636.9129446,0,0,-70
1755868636.950945,1,0,-71
1755868636.9879446,-7,-5,-68
1755868637.0269446,2,-6,-71
1755868637.062945,-3,0,-67
1755868637.1009445,-7,-3,-72
1755868637.1389446,0,-5,-65
1755868637.177945,3,-4,-60
1755868637.213945,7,0,-77
1755868637.2509446,5,2,-73
1755868637.2889447,0,4,-62
1755868637.3269446,-1,0,-62
1755868637.3639443,-7,-2,-59
1755868637.4009447,-4,-1,-71
1755868637.4389446,5,1,-71
1755868637.4769447,-3,6,-69
1755868637.5129447,0,1,-60
1755868637.5499446,2,8,-64
1755868637.588945,3,1,-73
1755868637.6269443,4,3,-69
1755868637.6629446,11,0,-65
1755868637.700945,2,0,-63
1755868637.7379446,1,0,-66
1755868637.7819445,-2,1,-69
1755868637.8209443,5,0,-61
1755868637.8579447,5,0,-60
1755868637.8939445,7,-3,-70
1755868637.9309447,0,-4,-76
1755868637.9689443,0,-4,-76
1755868638.0079446,-3,-3,-77
1755868638.0439446,-7,-5,-77
1755868638.0819447,0,3,-80
1755868638.1199446,3,-2,-73
1755868638.1589446,2,2,-67
1755868638.1969447,-2,-2,-65
1755868638.2329447,-7,-2,-70
1755868638.2709446,2,-2,-71
1755868638.3089447,3,0,-84
1755868638.3479445,6,2,-79
1755868638.3839445,8,1,-72
1755868638.4219446,-6,0,-68
1755868638.4589446,-2,-11,-81
1755868638.4979446,-3,-9,-66
1755868638.5339446,5,-5,-64
1755868638.5709443,0,6,-66
1755868638.608945,0,1,-72
1755868638.6469443,0,-7,-81
1755868638.6829443,-10,-8,-75
1755868638.7219446,-5,5,-64
1755868638.7589445,-2,9,-63
1755868638.7979443,0,4,-70
1755868638.8339446,-1,-1,-80
1755868638.871945,-3,4,-72
1755868638.9099443,5,5,-66
1755868638.9489446,-1,-6,-84
1755868638.9849446,-3,-3,-72
1755868639.0229447,0,-1,-78
1755868639.0609446,0,-5,-75
1755868639.098945,-3,0,-78
1755868639.1379447,2,3,-71
1755868639.1739447,5,-2,-68
1755868639.210945,-5,-3,-62
1755868639.2489443,-4,3,-82
1755868639.2879446,-4,0,-75
1755868639.3239446,-1,-3,-71
1755868639.361945,-1,-1,-70
1755868639.3999443,-6,0,-70
1755868639.4389446,0,2,-64
1755868639.4749446,0,4,-75
1755868639.5119443,-6,-1,-72
1755868639.5509446,-4,0,-77
1755868639.588945,-3,1,-66
1755868639.6249447,-4,-1,-71
1755868639.6639447,-2,-4,-59
1755868639.700945,-1,-5,-69
1755868639.7399447,-4,0,-84
1755868639.7779446,0,-2,-69
1755868639.8139446,1,5,-75
1755868639.8509445,1,6,-82
1755868639.8889446,4,-3,-71
1755868639.9249446,0,-3,-69
1755868639.9629445,-1,0,-64
1755868640.0009446,7,0,-74
1755868640.0389447,5,0,-75
1755868640.0749447,4,4,-64
1755868640.111945,-2,-2,-71
1755868640.1509447,-13,-3,-79
1755868640.1889446,-10,1,-81
1755868640.2249446,-13,2,-78
1755868640.2619443,0,-1,-73
1755868640.2999446,-1,0,-72
1755868640.338945,0,3,-65
1755868640.3749447,-3,4,-67
1755868640.4119446,0,0,-72
1755868640.4499447,0,-3,-84
1755868640.4889443,-7,5,-76
1755868640.5249443,-8,5,-64
1755868640.5619447,-1,-4,-62
1755868640.5999446,-3,-1,-63
1755868640.6389446,-1,0,-74
1755868640.6749446,0,2,-64
1755868640.7119446,2,-3,-63
1755868640.7499447,-3,-8,-66
1755868640.7889447,-1,-3,-85
1755868640.8249447,-7,2,-74
1755868640.861945,-9,-7,-64
1755868640.8999443,-1,-8,-74
1755868640.9389446,-11,3,-67
1755868640.9749446,-1,0,-71
1755868641.0129447,0,-6,-75
1755868641.0509446,2,1,-66
1755868641.088945,-4,-5,-71
1755868641.1249447,-4,0,-71
1755868641.1619446,6,2,-62
1755868641.1999447,-1,0,-72
1755868641.2359445,0,0,-73
1755868641.2729447,0,3,-80
1755868641.3099446,-5,-2,-75
1755868641.348945,-2,5,-64
1755868641.384945,0,3,-63
1755868641.4229443,2,4,-65
1755868641.4619446,0,0,-72
1755868641.4999447,0,1,-70
1755868641.5359447,5,-5,-71
1755868641.5729446,-2,2,-70
1755868641.611945,-2,-1,-81
1755868641.6499443,-4,0,-79
1755868641.6859446,-7,0,-72
1755868641.7229445,-2,-4,-72
1755868641.7619443,0,-9,-75
1755868641.7999446,0,-4,-68
1755868641.835945,9,-4,-69
1755868641.8729446,7,-2,-76
1755868641.9109447,6,3,-80
1755868641.9499447,-3,4,-87
1755868641.9859445,1,6,-72
1755868642.0229447,1,2,-75
1755868642.0609446,2,-6,-71
1755868642.0999446,-3,-2,-78
1755868642.1359446,4,0,-78
1755868642.1729443,-6,-2,-70
1755868642.210945,0,-3,-69
1755868642.2499447,-5,0,-65
1755868642.2859447,-7,1,-71
1755868642.3229446,1,1,-75
1755868642.3609445,1,-7,-74
1755868642.3999443,-2,-2,-74
1755868642.4359446,-5,-1,-78
1755868642.473945,0,3,-77
1755868642.5119443,3,4,-81
1755868642.5509446,-1,5,-70
1755868642.588945,7,0,-66
1755868642.6249447,10,0,-70
1755868642.6619446,8,1,-79
1755868642.700945,0,0,-80
1755868642.736945,2,2,-76
1755868642.7739446,8,2,-72
1755868642.812945,0,-8,-74
1755868642.8509445,-5,0,-67
1755868642.8869443,-2,-4,-77
1755868642.9249446,-5,2,-67
1755868642.9629445,-5,1,-72
1755868643.0009446,-1,3,-79
1755868643.0399446,3,6,-71
1755868643.075945,5,5,-67
1755868643.1129446,1,-2,-83
1755868643.1509447,0,-2,-75
1755868643.1899445,-2,1,-81
1755868643.2259445,-2,2,-86
1755868643.2629447,2,-4,-79
1755868643.3019447,1,-3,-81
1755868643.3399446,0,-1,-72
1755868643.3759446,-1,-1,-75
1755868643.4139447,0,0,-65
1755868643.4529445,7,0,-82
1755868643.4909446,1,-1,-76
1755868643.5269446,-1,2,-76
1755868643.5649445,5,-3,-67
1755868643.6029446,-3,-3,-64
1755868643.6419446,1,1,-64
1755868643.6799445,-2,-1,-72
1755868643.7159443,-4,0,-69
1755868643.7529447,-2,0,-73
1755868643.7919445,-1,-7,-65
1755868643.8299446,-2,-4,-72
1755868643.8659446,-4,-10,-72
1755868643.9039447,-7,-2,-75
1755868643.9419446,-5,-7,-71
1755868643.9809446,3,0,-76
1755868644.0169446,4,2,-70
1755868644.0539446,11,-1,-77
1755868644.0919447,4,3,-84
1755868644.1299446,0,0,-81
1755868644.1659446,1,2,-76
1755868644.2029445,6,3,-77
1755868644.2419446,2,3,-81
1755868644.279945,0,0,-64
1755868644.315945,0,-1,-58
1755868644.3529446,7,-3,-58
1755868644.3919446,-3,4,-62
1755868644.427945,-4,0,-68
1755868644.4649446,-10,-3,-74
1755868644.5029447,-3,1,-64
1755868644.5419445,0,3,-69
1755868644.5779445,-3,-3,-72
1755868644.6159446,-1,0,-67
1755868644.6539447,0,-6,-66
1755868644.6919446,0,-2,-61
1755868644.7309446,5,-5,-68
1755868644.7669446,0,3,-77
1755868644.8039446,3,-3,-78
1755868644.8429446,-3,-2,-74
1755868644.881945,-1,3,-62
1755868644.917945,-4,0,-78
1755868644.9559443,2,-2,-67
1755868644.9949446,-3,0,-76
1755868645.0319445,-4,0,-79
1755868645.0709443,-9,-1,-72
1755868645.1069446,-9,0,-67
1755868645.144945,-1,0,-72
1755868645.1829443,0,0,-67
1755868645.2209446,0,0,-72
1755868645.256945,-5,2,-74
1755868645.2949443,-3,-3,-69
1755868645.3329446,2,0,-74
1755868645.3709445,-1,0,-62
1755868645.4069445,6,-2,-67
1755868645.4449446,-1,0,-65
1755868645.4829447,-2,-3,-74
1755868645.5209446,-2,0,-80
1755868645.5569446,1,7,-71
1755868645.5949447,1,0,-75
1755868645.6329446,0,1,-81
1755868645.6709447,-7,6,-78
1755868645.7069447,-6,4,-83
1755868645.7439446,1,0,-72
1755868645.782945,5,0,-69
1755868645.8209443,6,-4,-66
1755868645.8569446,9,-9,-75
1755868645.894945,0,3,-71
1755868645.9329443,0,0,-79
1755868645.9709446,6,0,-84
1755868646.006945,-2,0,-70
1755868646.0439446,0,9,-75
1755868646.0829446,-1,8,-74
1755868646.1189446,1,4,-66
1755868646.1559446,0,-5,-71
1755868646.1949446,3,6,-71
1755868646.2329447,-1,3,-58
1755868646.2689445,1,1,-62
1755868646.3059447,-1,5,-74
1755868646.3439443,4,5,-67
1755868646.3829446,1,-1,-69
1755868646.4189446,0,-2,-71
1755868646.4559443,8,0,-74
1755868646.4929447,-1,7,-76
1755868646.5319445,4,6,-78
1755868646.5679443,1,0,-75
1755868646.6059446,1,0,-67
1755868646.6429446,0,4,-72
1755868646.6789446,-1,0,-76
1755868646.7169447,1,3,-75
1755868646.7539446,3,6,-78
1755868646.7919445,0,3,-85
1755868646.8279445,-1,0,-77
1755868646.8659446,1,-3,-80
1755868646.9039447,3,-8,-73
1755868646.9429443,3,0,-70
1755868646.9789443,3,1,-53
1755868647.0169446,0,-1,-64
1755868647.0549445,4,1,-65
1755868647.0929446,3,5,-79
1755868647.1299446,-7,-2,-74
1755868647.1669445,-7,0,-75
1755868647.2059443,0,0,-75
1755868647.2439446,2,2,-68
1755868647.2819445,-1,0,-74
1755868647.3179443,4,0,-69
1755868647.3549447,3,1,-74
1755868647.3939445,4,-2,-72
1755868647.4319446,7,3,-75
1755868647.4679446,4,-1,-72
1755868647.5049446,-2,-6,-74
1755868647.5439446,-3,-1,-80
1755868647.5819447,-3,3,-70
1755868647.6179447,-4,-1,-65
1755868647.6559446,-2,-2,-73
1755868647.6939447,1,0,-72
1755868647.7329447,2,0,-64
1755868647.7689445,0,-4,-64
1755868647.8149445,0,1,-69
1755868647.8529446,-1,0,-77
1755868647.8889446,-1,-4,-75
1755868647.9269447,4,-2,-62
1755868647.9649446,0,3,-66
1755868648.0039446,2,2,-55
1755868648.0399446,7,0,-70
1755868648.0769446,5,0,-74
1755868648.1159446,0,0,-63
1755868648.1539447,-3,1,-76
1755868648.1899445,0,-2,-77
1755868648.2269447,2,3,-76
1755868648.2649446,-3,0,-74
1755868648.3039446,-3,3,-72
1755868648.3399446,0,6,-71
1755868648.3769443,0,1,-70
1755868648.4149446,-2,-1,-72
1755868648.4539447,0,-9,-69
1755868648.4899447,0,-7,-72
1755868648.5269446,6,-6,-72
1755868648.5649445,3,-6,-85
1755868648.6039443,6,-5,-81
1755868648.6399446,3,0,-67
1755868648.6769447,0,1,-74
1755868648.7149446,2,1,-90
1755868648.7529447,0,2,-81
1755868648.7889447,-6,0,-68
1755868648.825945,-2,-4,-60
1755868648.8649447,1,-1,-65
1755868648.9029446,3,-3,-81
1755868648.9389446,5,1,-84
1755868648.9769447,-4,-1,-71
1755868649.0149446,-7,2,-78
1755868649.0539446,3,10,-70
1755868649.0899446,4,0,-74
1755868649.1269443,1,1,-80
1755868649.1649446,4,1,-74
1755868649.2029445,-1,3,-70
1755868649.2389443,-2,0,-74
1755868649.2759447,0,-5,-72
1755868649.3149445,0,2,-68
1755868649.3529446,-5,4,-69
1755868649.3889446,-3,5,-82
1755868649.4269447,2,-4,-71
1755868649.4649446,0,-1,-68
1755868649.5039446,-10,0,-68
1755868649.5399446,-3,5,-68
1755868649.5779445,-4,0,-72
1755868649.6159446,-4,0,-67
1755868649.654945,0,6,-70
1755868649.6929443,-1,0,-68
1755868649.7289443,-8,0,-73
1755868649.7669446,-5,6,-85
1755868649.8049445,-6,0,-80
1755868649.8439443,0,-3,-74
1755868649.8799446,8,0,-77
1755868649.9169445,5,-7,-74
1755868649.9549446,-5,-3,-77
1755868649.9939446,-1,-1,-73
1755868650.029945,-1,3,-70
1755868650.0669446,1,7,-79
1755868650.1049447,4,0,-80
1755868650.1409447,0,1,-74
1755868650.1789446,-6,-3,-75
1755868650.2169447,0,2,-72
1755868650.2549446,4,-6,-78
1755868650.2909446,1,-4,-82
1755868650.3279445,2,0,-78
1755868650.3659446,-10,1,-71
1755868650.404945,-2,1,-70
1755868650.440945,0,2,-58
1755868650.4779446,-7,-3,-69
1755868650.5159447,-4,-2,-72
1755868650.5549445,-7,0,-66
1755868650.5909443,-6,-3,-64
1755868650.6289446,-1,2,-72
1755868650.6669445,-2,-2,-55
1755868650.7059443,3,4,-61
1755868650.7439446,4,3,-78
1755868650.779945,1,3,-76
1755868650.8169446,-3,8,-67
1755868650.8559446,0,2,-70
1755868650.8939445,0,-3,-62
1755868650.9299445,-6,1,-72
1755868650.9669447,-2,-1,-69
1755868651.0059447,1,2,-75
1755868651.0439446,2,-7,-66
1755868651.0799446,2,-4,-68
1755868651.1169446,-3,4,-62
1755868651.1559446,-1,3,-71
1755868651.1939447,6,0,-70
1755868651.2299447,3,0,-78
1755868651.2669446,1,-1,-74
1755868651.3059447,0,-1,-68
1755868651.3439443,4,0,-72
1755868651.3799446,8,-1,-71
1755868651.417945,-1,-2,-63
1755868651.4559443,-3,-5,-80
1755868651.4949446,0,-7,-76
1755868651.5309446,-1,-2,-73
1755868651.5689447,-9,2,-68
1755868651.6069446,-2,3,-65
1755868651.6459446,3,2,-62
1755868651.6819446,1,-1,-61
1755868651.7199447,6,-1,-78
1755868651.7579446,2,2,-75
1755868651.7959447,1,2,-82
1755868651.8319447,2,-6,-90
1755868651.8699446,0,0,-70
1755868651.907945,0,0,-58
1755868651.9459443,-4,0,-77
1755868651.9819446,-7,1,-74
1755868652.0189445,-3,2,-70
1755868652.0569446,3,6,-62
1755868652.0959446,2,7,-76
1755868652.131945,0,1,-77
1755868652.1689446,0,-1,-73
1755868652.2069447,1,4,-70
1755868652.2449446,0,-3,-63
1755868652.2809446,0,3,-73
1755868652.3179443,-2,-1,-80
1755868652.3569446,2,-2,-76
1755868652.394945,5,7,-74
1755868652.4309447,7,4,-66
1755868652.4679446,1,-1,-72
1755868652.506945,9,8,-76
1755868652.5449443,3,1,-73
1755868652.5809443,-6,7,-77
1755868652.6189446,8,2,-69
1755868652.6569445,2,1,-66
1755868652.6949446,1,-6,-55
1755868652.7309446,-1,3,-63
1755868652.7679446,-6,5,-79
1755868652.8069446,0,7,-74
1755868652.8449447,1,2,-68
1755868652.8809447,-1,5,-61
1755868652.917945,-3,3,-71
1755868652.9569447,-1,2,-69
1755868652.9949446,-4,2,-81
1755868653.0309446,-6,0,-77
1755868653.0689447,0,-3,-76
1755868653.1069446,2,-5,-68
1755868653.1459446,0,-1,-70
1755868653.1819446,-1,0,-74
1755868653.2189443,4,-1,-76
1755868653.256945,1,0,-77
1755868653.292945,0,-1,-77
1755868653.3309443,0,-4,-71
1755868653.3679447,-2,-3,-69
1755868653.4069445,3,0,-73
1755868653.4429443,4,-1,-64
1755868653.4809446,6,0,-69
1755868653.5179446,8,4,-64
1755868653.5559447,-3,0,-68
1755868653.5919447,-1,2,-65
1755868653.6289446,-3,-5,-63
1755868653.6669445,-7,-3,-73
1755868653.7059443,0,4,-67
1755868653.7419446,2,0,-65
1755868653.7789447,0,4,-61
1755868653.8169446,3,-2,-65
1755868653.8559446,4,-4,-75
1755868653.8919446,2,-3,-77
1755868653.9289446,1,-5,-63
1755868653.9679446,3,0,-73
1755868654.0059447,3,0,-72
1755868654.0419445,-5,-1,-66
1755868654.0799446,-4,-2,-69
1755868654.1179447,-1,-9,-78
1755868654.1569445,-1,-1,-68
1755868654.1929443,0,1,-64
1755868654.2299447,-4,-4,-71
1755868654.2679446,-7,-4,-73
1755868654.3069446,0,-8,-70
1755868654.3429446,0,0,-75
1755868654.3799446,-3,0,-70
1755868654.417945,0,-3,-79
1755868654.4569447,3,-3,-69
1755868654.4929447,0,0,-76
1755868654.529945,3,0,-68
1755868654.5679443,3,0,-81
1755868654.6059446,1,-2,-77
1755868654.6419446,0,-10,-78
1755868654.6799445,2,-7,-73
1755868654.7179446,-1,-2,-75
1755868654.7559447,3,0,-80
1755868654.7919445,1,-2,-79
1755868654.8289447,-2,1,-76
1755868654.8679447,-2,-2,-64
1755868654.9059446,-3,1,-63
1755868654.9419446,-4,-1,-72
1755868654.9809446,4,0,-70
1755868655.0189445,-1,0,-67
1755868655.0579443,2,2,-67
1755868655.0939443,3,1,-68
1755868655.1309447,0,2,-74
1755868655.167945,-4,0,-69
1755868655.2069447,0,-2,-66
1755868655.2429447,0,-1,-69
1755868655.2809446,-2,-5,-63
1755868655.3189447,-1,0,-66
1755868655.3579447,0,0,-77
1755868655.3939445,-2,-2,-70
1755868655.4319446,9,0,-70
1755868655.4689443,0,-4,-68
1755868655.5079446,5,-4,-69
1755868655.5439446,4,-2,-69
1755868655.5809443,0,6,-74
1755868655.6189446,-4,7,-73
1755868655.657945,2,-3,-80
1755868655.6939447,2,-1,-73
1755868655.7309446,5,-5,-71
1755868655.7689445,9,-5,-74
1755868655.8079443,4,1,-74
1755868655.8439443,2,0,-84
1755868655.881945,0,-5,-68
1755868655.9189446,1,-2,-81
1755868655.9579446,0,-1,-73
1755868655.9939446,-4,0,-68
1755868656.0319445,2,5,-83
1755868656.0689447,-6,7,-78
1755868656.1079447,-6,1,-81
1755868656.1439445,-3,2,-79
1755868656.1819446,1,0,-72
1755868656.2189443,5,-2,-86
1755868656.2579446,1,-6,-76
1755868656.2939446,0,-9,-70
1755868656.3319447,0,-10,-63
1755868656.3689446,-2,-4,-67
1755868656.407945,-2,0,-69
1755868656.4439447,0,5,-70
1755868656.4819446,-3,-1,-62
1755868656.5189445,-1,-6,-78
1755868656.5579443,4,-2,-84
1755868656.5939443,4,4,-74
1755868656.631945,0,3,-84
1755868656.6689446,4,-2,-71
1755868656.7079446,4,0,-65
1755868656.7439446,0,0,-60
1755868656.7819445,0,-3,-75
1755868656.8189447,-1,-2,-74
1755868656.8579447,-7,-6,-68
1755868656.8939445,-7,4,-72
1755868656.9319446,2,-1,-69
1755868656.9689443,0,-1,-66
1755868657.0079446,-3,2,-70
1755868657.0439446,2,0,-60
1755868657.0819447,-1,-2,-64
1755868657.1189446,2,3,-81
1755868657.1559446,-5,-1,-80
1755868657.1929443,-4,-3,-77
1755868657.2319446,-3,1,-75
1755868657.2689445,-6,0,-65
1755868657.3079443,0,1,-68
1755868657.3439443,3,1,-62
1755868657.3809447,-2,3,-67
1755868657.4189446,-2,0,-79
1755868657.4579446,1,-1,-75
1755868657.4939446,-3,-2,-73
1755868657.5319445,-2,-6,-74
1755868657.5699446,2,2,-67
1755868657.608945,2,3,-82
1755868657.644945,-6,8,-82
1755868657.6819446,-3,0,-85
1755868657.7199447,-1,-2,-73
1755868657.7589445,0,-2,-66
1755868657.7949443,0,-2,-75
1755868657.8409443,0,0,-68
1755868657.8789446,-4,-2,-66
1755868657.9149446,1,-3,-69
1755868657.9529445,0,-1,-81
1755868657.9909446,0,0,-80
1755868658.0289447,2,-1,-75
1755868658.0649445,-1,-3,-70
1755868658.1029446,0,-9,-64
1755868658.1409447,-2,-3,-75
1755868658.1799445,0,0,-71
1755868658.2179446,2,0,-76
1755868658.2539446,-2,2,-66
1755868658.2919445,-1,-2,-80
1755868658.3299446,-1,4,-72
1755868658.3689446,-5,-5,-68
1755868658.404945,-2,-5,-79
1755868658.4439447,-5,0,-78
1755868658.4819446,-10,-1,-79
1755868658.519945,-5,0,-78
1755868658.5579443,0,3,-72
1755868658.5939443,5,4,-78
1755868658.6309447,0,-2,-71
1755868658.6699443,-2,-2,-65
1755868658.7079446,-6,7,-66
1755868658.7439446,-4,3,-70
1755868658.7809446,-9,-6,-63
1755868658.8199446,-6,-6,-70
1755868658.8569446,-4,-6,-78
1755868658.8939445,3,-5,-70
1755868658.9319446,3,0,-61
1755868658.9699447,-1,-2,-65
1755868659.0089445,-1,4,-73
1755868659.0449443,0,2,-70
1755868659.0819447,-1,2,-74
1755868659.1199446,0,0,-71
1755868659.1559446,-2,-5,-61
1755868659.1939447,2,2,-72
1755868659.2309446,0,3,-74
1755868659.2689445,-3,0,-84
1755868659.3049445,-2,0,-79
1755868659.3419447,-1,1,-85
1755868659.3809447,0,0,-74
1755868659.4189446,-7,0,-69
1755868659.4549446,-6,-3,-73
1755868659.4929447,-5,2,-75
1755868659.5309446,2,-2,-69
1755868659.5699446,0,0,-84
1755868659.6059446,-2,0,-79
1755868659.6439445,2,-5,-72
1755868659.6819446,6,-7,-73
1755868659.7209446,1,-2,-72
1755868659.7589445,-6,0,-65
1755868659.7949443,0,1,-63
1755868659.8319447,0,1,-71
1755868659.8709445,4,-4,-69
1755868659.9089446,5,-2,-65
1755868659.9449446,-4,-5,-70
1755868659.9829447,-5,-2,-75
1755868660.0209446,-2,2,-76
1755868660.0599446,-2,0,-66
1755868660.0959446,-3,-4,-69
1755868660.1339445,-3,0,-69
1755868660.1719446,2,3,-75
1755868660.2099447,4,1,-63
1755868660.2459445,9,5,-64
1755868660.282945,4,0,-81
1755868660.3209443,1,-1,-72
1755868660.358945,-1,0,-65
1755868660.394945,-1,-4,-67
1755868660.4329443,-11,0,-74
1755868660.4709446,-6,4,-75
1755868660.509945,0,3,-66
1755868660.5459447,1,-8,-68
1755868660.5829446,2,0,-66
1755868660.6209445,-2,2,-73
1755868660.6569445,4,2,-76
1755868660.6939447,2,0,-75
1755868660.7309446,-1,4,-72
1755868660.769945,-1,0,-82
1755868660.8059447,1,-1,-82
1755868660.8429446,-3,1,-87
1755868660.8809447,1,2,-79
1755868660.9169445,6,2,-79
1755868660.9539447,6,-3,-69
1755868660.9919446,7,-3,-70
1755868661.0309446,2,-1,-77
1755868661.0669446,-3,-2,-76
1755868661.1049447,3,0,-67
1755868661.1429446,-5,2,-70
1755868661.1809447,-1,-2,-64
1755868661.2199447,1,-10,-76
1755868661.256945,0,-4,-74
1755868661.2939446,-4,-8,-70
1755868661.3319447,0,-3,-69
1755868661.3709445,-3,3,-62
1755868661.4069445,-5,0,-63
1755868661.4439447,2,-6,-72
1755868661.4819446,-2,3,-73
1755868661.5209446,0,-1,-74
1755868661.5569446,-3,2,-69
1755868661.5949447,1,-6,-69
1755868661.6329446,-2,-4,-69
1755868661.6719446,-7,2,-71
1755868661.7099447,-3,-1,-70
1755868661.7459445,1,2,-64
1755868661.782945,0,0,-67
1755868661.8209443,5,-1,-73
1755868661.8569446,1,-9,-80
1755868661.8939445,-5,0,-83
1755868661.9329443,2,0,-79
1755868661.9709446,2,0,-88
1755868662.006945,1,-4,-82
1755868662.0439446,-6,-2,-68
1755868662.0819447,-9,0,-79
1755868662.1209445,-3,-4,-85
1755868662.1569445,-1,-4,-81
1755868662.1949446,-2,-2,-80
1755868662.2329447,6,-7,-67
1755868662.2719443,1,-1,-64
1755868662.3079443,1,0,-76
1755868662.3449447,3,5,-80
1755868662.381945,0,1,-68
1755868662.4209447,2,4,-72
1755868662.4569447,0,6,-82
1755868662.4939446,-4,3,-81
1755868662.532945,1,0,-70
1755868662.5709443,3,2,-84
1755868662.6069446,2,2,-78
1755868662.6439445,-1,0,-75
1755868662.6819446,0,-4,-72
1755868662.7209446,0,-5,-72
1755868662.756945,0,-4,-76
1755868662.7949443,-1,-5,-72
1755868662.8329446,3,-1,-58
1755868662.871945,2,-2,-50
1755868662.907945,2,0,-67
1755868662.9449446,-4,3,-68
1755868662.9829447,-6,6,-69
1755868663.0219443,2,-1,-71
1755868663.0579443,0,-7,-73
1755868663.0949447,2,-3,-81
1755868663.1329446,5,0,-77
1755868663.1709447,2,-1,-65
1755868663.2069447,-6,1,-71
1755868663.2439446,-5,3,-57
1755868663.282945,-7,0,-70
1755868663.3209443,0,-2,-74
1755868663.3569446,-4,0,-75
1755868663.3939445,0,2,-65
1755868663.4319446,0,-9,-58
1755868663.4679446,0,-6,-67
1755868663.5059447,0,-5,-73
1755868663.5439446,3,-1,-76
1755868663.5829446,0,-2,-79
1755868663.6209445,3,-7,-61
1755868663.6569445,0,-5,-74
1755868663.6939447,-3,-4,-64
1755868663.7329447,-2,2,-70
1755868663.7709446,0,2,-71
1755868663.8069446,-4,1,-82
1755868663.8439443,-1,0,-78
1755868663.8829446,0,-3,-71
1755868663.9209447,0,-11,-83
1755868663.9569447,1,-7,-68
1755868663.9939446,2,1,-69
1755868664.032945,7,1,-80
1755868664.0689447,2,-3,-71
1755868664.1059446,-2,-7,-60
1755868664.1439445,2,-2,-69
1755868664.1829443,-3,0,-73
1755868664.2189443,-1,1,-76
1755868664.256945,5,-2,-71
1755868664.2949443,0,3,-75
1755868664.3329446,-3,0,-66
1755868664.371945,-7,0,-65
1755868664.407945,-7,1,-69
1755868664.4449446,-6,4,-77
1755868664.4829447,0,-4,-72
1755868664.5219443,-1,-3,-74
1755868664.5579443,4,-1,-75
1755868664.5949447,0,0,-74
1755868664.6329446,-1,-2,-73
1755868664.6689446,-2,0,-74
1755868664.7069447,-2,0,-74
1755868664.7439446,1,-1,-75
1755868664.782945,2,-7,-71
1755868664.8189447,4,2,-67
1755868664.8559446,-1,-2,-70
1755868664.8939445,7,-3,-61
1755868664.9329443,1,-6,-54
1755868664.9689443,0,2,-66
1755868665.006945,0,0,-67
1755868665.0439446,0,-3,-65
1755868665.0829446,-1,-10,-68
1755868665.1189446,-2,0,-65
1755868665.1559446,6,-5,-62
1755868665.1939447,-2,-4,-74
1755868665.2329447,3,-1,-72
1755868665.2689445,0,-2,-68
1755868665.3069446,-4,2,-62
1755868665.3449447,2,2,-67
1755868665.3829446,6,2,-74
1755868665.4189446,2,3,-68
1755868665.4559443,5,-1,-63
1755868665.4939446,5,-2,-73
1755868665.532945,2,0,-75
1755868665.5689447,5,-4,-66
1755868665.6059446,12,2,-74
1755868665.6439445,2,0,-68
1755868665.6819446,3,0,-73
1755868665.7179446,0,-4,-68
1755868665.7559447,-9,0,-76
1755868665.7939446,-5,4,-73
1755868665.8319447,-2,3,-69
1755868665.8689446,0,-3,-75
1755868665.9059446,-4,9,-69
1755868665.9439447,-6,3,-66
1755868665.9829447,-4,0,-76
1755868666.0189445,-5,-7,-78
1755868666.0569446,-5,-2,-69
1755868666.0949447,-3,-2,-72
1755868666.1339445,-3,-5,-73
1755868666.1699443,-4,-4,-74
1755868666.2079446,2,-3,-76
1755868666.2459445,0,-6,-67
1755868666.2839446,0,-1,-75
1755868666.3229446,7,3,-73
1755868666.3599446,0,0,-78
1755868666.3969443,6,1,-78
1755868666.4349446,4,2,-73
1755868666.4729445,0,-1,-66
1755868666.5089445,2,-3,-69
1755868666.5469446,-2,-1,-71
1755868666.5849447,-2,-5,-69
1755868666.6239443,5,0,-71
1755868666.6599443,7,-2,-61
1755868666.6979446,11,-6,-69
1755868666.7359445,1,-1,-75
1755868666.7749443,5,-1,-77
1755868666.812945,4,-3,-83
1755868666.848945,2,-5,-81
1755868666.8859446,2,0,-86
1755868666.9249446,4,-1,-82
1755868666.9629445,-1,0,-72
1755868666.9989443,-2,-3,-64
1755868667.0369446,1,1,-73
1755868667.0749447,2,1,-73
1755868667.1129446,2,4,-68
1755868667.1489446,1,-2,-71
1755868667.1869447,-1,3,-72
1755868667.2249446,-3,0,-72
1755868667.2639446,0,-4,-72
1755868667.2999446,3,-5,-62
1755868667.3369446,0,4,-65
1755868667.3749447,0,5,-63
1755868667.4129446,2,6,-67
1755868667.4489446,6,4,-74
1755868667.4859445,1,1,-80
1755868667.5249443,0,-2,-64
1755868667.562945,0,1,-60
1755868667.598945,-5,2,-77
1755868667.6369443,3,-3,-84
1755868667.6749446,0,-1,-78
1755868667.713945,-2,0,-72
1755868667.7499447,-1,-1,-68
1755868667.7879446,5,2,-65
1755868667.825945,-4,-1,-73
1755868667.8699446,-3,-7,-70
1755868667.907945,1,0,-73
1755868667.9469447,5,1,-83
1755868667.9849446,3,-1,-78
1755868668.0209446,6,2,-78
1755868668.0579443,1,-1,-72
1755868668.0959446,2,-5,-68
1755868668.134945,-1,-1,-86
1755868668.1709447,-5,-1,-83
1755868668.2089446,-5,-5,-76
1755868668.246945,3,0,-76
1755868668.2849443,4,-9,-65
1755868668.3239446,4,-7,-69
1755868668.3599446,4,-2,-82
1755868668.3969443,-2,-6,-89
1755868668.4359446,7,-2,-75
1755868668.473945,4,0,-75
1755868668.509945,6,4,-74
1755868668.5469446,3,-6,-70
1755868668.585945,3,2,-71
1755868668.6239443,9,4,-74
1755868668.6599443,3,0,-65
1755868668.6969447,3,-5,-75
1755868668.7359445,3,0,-71
1755868668.7739446,-6,-3,-63
1755868668.8099446,1,-4,-65
1755868668.8469446,3,-1,-81
1755868668.8859446,4,2,-63
1755868668.9239447,-2,0,-61
1755868668.9599447,3,-2,-64
1755868668.996945,-3,-4,-61
1755868669.0359447,-8,-9,-71
1755868669.0739446,1,-1,-62
1755868669.1099446,7,0,-70
1755868669.1469443,-5,-3,-53
1755868669.1859446,-2,2,-61
1755868669.223945,-2,-1,-60
1755868669.259945,-5,-2,-73
1755868669.2979443,2,-4,-64
1755868669.3369446,2,1,-74
1755868669.3749447,2,-5,-77
1755868669.4109447,-1,-2,-75
1755868669.4489446,2,4,-86
1755868669.486945,4,0,-76
1755868669.5249443,2,-1,-70
1755868669.5609446,0,-2,-82
1755868669.5979445,8,-1,-89
1755868669.6359446,2,-1,-82
1755868669.6749446,3,0,-88
1755868669.710945,0,0,-76
1755868669.7479446,3,-5,-66
1755868669.7859447,-3,3,-70
1755868669.8249447,-5,-8,-74
1755868669.8609445,-4,-2,-74
1755868669.8989446,4,-3,-68
1755868669.9369447,5,-4,-73
1755868669.9759445,2,-2,-76
1755868670.0119443,5,3,-71
1755868670.0489447,0,0,-81
1755868670.0869446,1,2,-66
1755868670.1249447,5,0,-82
1755868670.1609447,8,-3,-83
1755868670.1979446,4,1,-72
1755868670.2359445,3,-1,-79
1755868670.2729447,3,0,-66
1755868670.3099446,-1,-3,-82
1755868670.3479445,-2,0,-65
1755868670.3869443,-4,2,-76
1755868670.4249446,-6,5,-71
1755868670.460945,-11,-2,-73
1755868670.4989443,-9,0,-71
1755868670.5369446,3,-2,-79
1755868670.575945,0,-5,-77
1755868670.611945,5,-7,-73
1755868670.6489446,8,-4,-78
1755868670.6869447,-3,-1,-66
1755868670.7259445,-1,-1,-81
1755868670.7619443,-1,-6,-71
1755868670.7999446,7,0,-78
1755868670.8369446,2,0,-70
1755868670.8749447,-5,-2,-76
1755868670.9109447,-2,-2,-73
1755868670.9499447,-1,2,-77
1755868670.986945,4,0,-64
1755868671.0249443,0,0,-62
1755868671.0609446,2,0,-60
1755868671.098945,-7,-4,-73
1755868671.1369443,0,-4,-73
1755868671.1759446,6,-1,-66
1755868671.2119446,1,-3,-64
1755868671.2489443,-6,-2,-81
1755868671.2869446,-1,-1,-66
1755868671.325945,-1,6,-60
1755868671.361945,1,1,-61
1755868671.3989446,0,6,-84
1755868671.4369447,0,7,-64
1755868671.4729445,-3,7,-75
1755868671.5109446,4,3,-79
1755868671.5479443,3,4,-76
1755868671.585945,3,-2,-74
1755868671.621945,3,-4,-73
1755868671.6609447,1,-1,-70
1755868671.6979446,0,1,-80
1755868671.7359445,1,0,-78
1755868671.7729447,3,0,-74
1755868671.8109446,0,1,-74
1755868671.8479445,4,0,-74
1755868671.8859446,4,3,-78
1755868671.9219446,-4,1,-68
1755868671.960945,-7,3,-67
1755868671.9979446,0,1,-76
1755868672.0359447,-2,1,-78
1755868672.0719447,-7,1,-71
1755868672.1099446,-8,2,-72
1755868672.1479447,0,1,-74
1755868672.1859446,5,-8,-74
1755868672.2219446,0,-5,-77
1755868672.2609446,2,0,-59
1755868672.2979443,4,0,-75
1755868672.335945,-1,4,-64
1755868672.371945,2,1,-73
1755868672.4089446,-2,0,-76
1755868672.4479446,-2,6,-66
1755868672.4859445,-2,2,-67
1755868672.5219443,0,-4,-79
1755868672.5609446,0,0,-77
1755868672.5979445,0,-4,-76
1755868672.6369443,2,0,-68
1755868672.6729443,0,5,-63
1755868672.710945,1,2,-79
1755868672.7479446,1,0,-67
1755868672.7859447,2,2,-81
1755868672.8219447,0,2,-73
1755868672.858945,0,6,-73
1755868672.8979447,2,2,-74
1755868672.9359446,3,-1,-82
1755868672.9719446,4,-4,-87
1755868673.009945,-5,-2,-60
1755868673.0479443,-6,2,-71
1755868673.0869446,-6,0,-76
1755868673.1229446,-8,1,-73
1755868673.1609447,-4,-3,-78
1755868673.1989446,-5,3,-76
1755868673.2379446,0,-1,-69
1755868673.2739446,0,-3,-67
1755868673.3109446,-1,-8,-66
1755868673.348945,-4,-2,-66
1755868673.3879447,-7,1,-72
1755868673.4239447,1,0,-72
1755868673.460945,0,3,-79
1755868673.4979446,0,2,-67
1755868673.5339446,0,1,-69
1755868673.5709443,0,-5,-64
1755868673.608945,9,-3,-75
1755868673.6479447,5,0,-72
1755868673.6839447,-3,0,-68
1755868673.7209446,0,-2,-73
1755868673.7589445,5,0,-74
1755868673.7969446,3,-3,-69
1755868673.8329446,5,-5,-68
1755868673.8699446,-5,-11,-79
1755868673.9089446,0,-2,-67
1755868673.9469447,1,0,-80
1755868673.9829447,-3,7,-74
1755868674.019945,-4,-2,-73
1755868674.0589447,3,-1,-72
1755868674.0969446,-2,-2,-70
1755868674.1329446,3,0,-72
1755868674.1699443,2,5,-71
1755868674.2079446,7,2,-65
1755868674.2439446,-1,4,-67
1755868674.282945,1,1,-73
1755868674.3199446,-3,1,-77
1755868674.358945,-4,1,-73
1755868674.3969443,0,-3,-69
1755868674.4329443,3,-2,-71
1755868674.4709446,2,0,-70
1755868674.5089445,7,7,-69
1755868674.5469446,-2,3,-60
1755868674.5829446,2,5,-73
1755868674.6199446,0,0,-75
1755868674.657945,-5,0,-79
1755868674.6939447,-2,3,-75
1755868674.7309446,-5,-1,-73
1755868674.7689445,0,0,-76
1755868674.8079443,0,1,-66
1755868674.8439443,-1,1,-57
1755868674.8809447,-3,3,-69
1755868674.9199443,1,0,-71
1755868674.9579446,9,-10,-65
1755868674.9939446,0,-6,-66
1755868675.0309446,0,0,-56
1755868675.0689447,-2,-1,-71
1755868675.1049447,-2,-5,-83
1755868675.1429446,-1,-2,-85
1755868675.1809447,4,-7,-73
1755868675.2199447,9,-1,-70
1755868675.2579446,8,2,-77
1755868675.2939446,4,0,-75
1755868675.3309443,-1,0,-62
1755868675.3699446,-7,-6,-68
1755868675.407945,-2,0,-70
1755868675.4439447,-2,-3,-72
1755868675.4829447,0,-5,-70
1755868675.519945,5,-1,-83
1755868675.5589447,-1,1,-80
1755868675.5949447,0,0,-82
1755868675.631945,0,1,-81
1755868675.6699443,5,-5,-63
1755868675.7089446,2,1,-72
1755868675.7449446,-6,4,-76
1755868675.7819445,-2,1,-59
1755868675.8199446,-2,-4,-60
1755868675.858945,7,2,-59
1755868675.894945,-4,5,-68
1755868675.9319446,-6,1,-64
1755868675.9699447,-1,-8,-73
1755868676.0089445,0,-2,-84
1755868676.0449443,2,2,-84
1755868676.0819447,0,0,-75
1755868676.1199446,0,1,-72
1755868676.157945,0,-2,-70
1755868676.1939447,4,-5,-59
1755868676.2309446,6,3,-61
1755868676.2689445,-1,-1,-61
1755868676.3049445,-1,-3,-70
1755868676.3429446,1,-2,-61
1755868676.3809447,-4,-4,-75
1755868676.4199443,-2,-2,-73
1755868676.4579446,-3,0,-83
1755868676.4939446,-1,0,-73
1755868676.5309446,4,2,-82
1755868676.5689447,-4,5,-64
1755868676.6049447,-9,1,-63
1755868676.6419446,0,3,-62
1755868676.6799445,-1,1,-77
1755868676.7159443,9,5,-78
1755868676.7529447,3,5,-63
1755868676.7899446,3,1,-80
1755868676.825945,-5,0,-77
1755868676.8629446,2,0,-73
1755868676.9009447,7,1,-72
1755868676.9399445,1,3,-67
1755868676.9759445,3,0,-83
1755868677.0129447,3,-3,-75
1755868677.0509446,3,-3,-72
1755868677.0899446,1,-3,-72
1755868677.1259446,4,0,-75
1755868677.1629446,7,-1,-74
1755868677.200945,3,11,-67
1755868677.2399447,0,0,-77
1755868677.2759447,-9,2,-64
1755868677.312945,-6,-2,-68
1755868677.3509445,-2,6,-70
1755868677.3899446,-3,-6,-74
1755868677.4259446,-2,5,-77
1755868677.463945,0,5,-90
1755868677.5009446,-8,6,-83
1755868677.5399446,-4,2,-81
1755868677.575945,-3,0,-70
1755868677.6129446,-1,1,-74
1755868677.6509447,-3,8,-68
1755868677.6899445,-1,-3,-70
1755868677.7259445,-6,1,-68
1755868677.7629447,-6,5,-73
1755868677.8009446,-2,0,-78
1755868677.8399446,1,1,-69
1755868677.8829446,3,-5,-71
1755868677.9209447,1,-4,-79
1755868677.9599447,3,-1,-77
1755868677.9959445,2,-3,-80
1755868678.0339446,-3,1,-74
1755868678.0729446,1,-2,-73
1755868678.1109445,2,-6,-70
1755868678.1489446,5,0,-61
1755868678.1849446,5,3,-76
1755868678.2219446,-5,2,-71
1755868678.2609446,0,2,-73
1755868678.2989447,-5,0,-74
1755868678.3349447,1,-2,-71
1755868678.3729446,4,6,-70
1755868678.4109447,0,8,-54
1755868678.4489446,1,3,-70
1755868678.4849446,-2,-1,-70
1755868678.5229447,-1,-3,-82
1755868678.5609446,2,0,-73
1755868678.5969446,-2,5,-58
1755868678.6359446,-2,-2,-59
1755868678.6729443,-5,-9,-61
1755868678.710945,0,-3,-70
1755868678.7499447,-1,0,-71
1755868678.7859447,-7,0,-83
1755868678.8229446,-8,3,-68
1755868678.8609445,-1,-2,-68
1755868678.8999443,3,0,-70
1755868678.9359446,7,-1,-69
1755868678.973945,2,-1,-80
1755868679.0119443,-4,3,-71
1755868679.0509446,2,-2,-59
1755868679.0869446,3,6,-66
1755868679.1249447,2,5,-68
1755868679.1619446,0,4,-65
1755868679.1999447,3,5,-71
1755868679.2359445,1,4,-67
1755868679.2729447,-1,-1,-59
1755868679.3119447,-4,3,-72
1755868679.3499446,-6,6,-78
1755868679.3859446,-6,-1,-92
1755868679.4239447,-7,-3,-70
1755868679.4619446,-2,-8,-73
1755868679.5009446,2,-3,-72
1755868679.5369446,1,-4,-66
1755868679.5739446,0,-7,-62
1755868679.611945,4,-3,-65
1755868679.6509447,-4,0,-72
1755868679.6869447,1,-1,-78
1755868679.7249446,2,-1,-80
1755868679.7639446,0,-7,-80
1755868679.8019447,4,0,-73
1755868679.8399446,3,-1,-77
1755868679.8759446,-1,0,-69
1755868679.9139447,-5,9,-75
1755868679.9519446,-1,5,-75
1755868679.9899447,1,4,-73
1755868680.0259447,2,2,-76
1755868680.0639446,2,0,-58
1755868680.1009445,0,-1,-69
1755868680.1369443,1,-5,-79
1755868680.1749446,-2,1,-68
1755868680.2129445,2,-2,-67
1755868680.2519443,-1,3,-59
1755868680.2879446,-2,1,-71
1755868680.3249447,0,3,-70
1755868680.361945,1,3,-66
1755868680.3979447,3,-4,-73
1755868680.4359446,-4,-8,-73
1755868680.473945,3,-8,-80
1755868680.5119443,0,1,-73
1755868680.5509446,-3,1,-64
1755868680.5869446,4,0,-65
1755868680.6249447,3,1,-73
1755868680.6619446,-5,2,-65
1755868680.700945,-4,3,-76
1755868680.736945,1,3,-70
1755868680.7749443,-6,-1,-63
1755868680.812945,-10,-2,-72
1755868680.8519447,-9,-4,-71
1755868680.8879447,-4,-2,-70
1755868680.9259446,2,-6,-78
1755868680.9649446,5,1,-76
1755868681.0019443,4,-4,-71
1755868681.0409446,0,-4,-77
1755868681.0769446,-1,0,-81
1755868681.1149447,-4,-7,-87
1755868681.1529446,2,0,-68
1755868681.190945,1,-3,-75
1755868681.2269447,-6,-2,-76
1755868681.2649446,-3,0,-68
1755868681.302945,0,-6,-78
1755868681.3419447,2,-3,-78
1755868681.3779447,-2,2,-60
1755868681.4149446,-2,10,-73
1755868681.4529445,3,1,-71
1755868681.4909446,0,2,-70
1755868681.5269446,1,1,-68
1755868681.5649445,-3,2,-77
1755868681.6029446,-1,-5,-69
1755868681.6409447,-2,-2,-75
1755868681.6769447,4,0,-68
1755868681.7149446,1,-1,-72
1755868681.7529447,4,-2,-83
1755868681.7909446,-2,4,-74
1755868681.8269446,-1,3,-75
1755868681.8649447,5,0,-77
1755868681.9029446,-2,0,-69
1755868681.940945,3,3,-74
1755868681.9769447,-5,7,-78
1755868682.0149446,-4,-5,-82
1755868682.052945,-2,-5,-86
1755868682.0909443,5,-4,-86
1755868682.1269443,6,2,-80
1755868682.1639447,2,1,-85
1755868682.2029445,3,-2,-82
1755868682.2389443,3,-4,-70
1755868682.2759447,-4,1,-75
1755868682.3139446,-13,-2,-79
1755868682.3529446,3,-5,-75
1755868682.3889446,-7,-3,-78
1755868682.4269447,2,0,-77
1755868682.463945,3,9,-82
1755868682.5029447,3,7,-82
1755868682.5389447,1,2,-78
1755868682.575945,-5,0,-71
1755868682.6139443,-9,2,-59
1755868682.6529446,0,-4,-59
1755868682.6889446,3,-1,-68
1755868682.7269447,-1,0,-77
1755868682.7649446,2,4,-72
1755868682.802945,-2,0,-68
1755868682.838945,0,0,-64
1755868682.8759446,1,6,-61
1755868682.9139447,-2,2,-63
1755868682.9519446,-1,2,-80
1755868682.9879446,0,0,-70
1755868683.0249443,6,-4,-71
1755868683.0639446,3,4,-72
1755868683.1019447,-6,4,-50
1755868683.1379447,-9,0,-74
1755868683.1749446,-5,-9,-77
1755868683.213945,-3,0,-73
1755868683.2519443,-2,2,-72
1755868683.2879446,0,10,-75
1755868683.325945,-9,1,-74
1755868683.3639443,0,-2,-66
1755868683.4019446,3,-8,-78
1755868683.437945,0,-8,-75
1755868683.4749446,0,-4,-71
1755868683.5139446,0,0,-64
1755868683.5519447,1,-2,-72
1755868683.5879445,1,-4,-82
1755868683.6259446,8,4,-81
1755868683.6639447,1,2,-76
1755868683.7019446,-4,5,-76
1755868683.7379446,-6,-1,-79
1755868683.7759447,9,0,-75
1755868683.8139446,6,0,-78
1755868683.8519447,1,3,-80
1755868683.8879447,2,0,-81
1755868683.9249446,-2,3,-75
1755868683.963945,0,-2,-73
1755868683.9999447,-8,0,-65
1755868684.0379446,-4,-4,-68
1755868684.075945,0,-2,-82
1755868684.1149447,0,0,-76
1755868684.1529446,3,-8,-77
1755868684.1889446,4,-4,-85
1755868684.2259445,-4,-2,-76
1755868684.2649446,-3,-7,-66
1755868684.302945,-1,1,-64
1755868684.338945,-1,0,-60
1755868684.3759446,4,1,-77
1755868684.4139447,5,2,-72
1755868684.450945,0,0,-82
1755868684.4879446,1,3,-74
1755868684.5259447,-7,4,-78
1755868684.5649445,2,2,-84
1755868684.6029446,-2,0,-81
1755868684.6389446,1,-1,-62
1755868684.6759446,3,-7,-66
1755868684.7149446,-2,-2,-76
1755868684.7529447,3,0,-68
1755868684.7889447,-3,2,-72
1755868684.8269446,-1,-4,-72
1755868684.8649447,0,-3,-73
1755868684.9039447,4,0,-77
1755868684.9399445,-6,-6,-78
1755868684.9779446,2,-6,-86
1755868685.0159447,-2,-1,-68
1755868685.0549445,-2,1,-61
1755868685.0929446,-3,-4,-71
1755868685.1289446,-4,-6,-71
1755868685.1669445,-4,-3,-82
1755868685.2049446,-6,-6,-73
1755868685.2439446,-2,-6,-82
1755868685.279945,4,-4,-81
1755868685.3169446,7,3,-73
1755868685.3549447,6,5,-74
1755868685.3939445,7,-2,-78
1755868685.4299445,4,3,-67
1755868685.4669447,-2,2,-63
1755868685.5059447,3,0,-71
1755868685.5439446,0,-5,-69
1755868685.5799446,2,1,-60
1755868685.6169446,-3,8,-77
1755868685.654945,0,1,-77
1755868685.6939447,0,3,-67
1755868685.7299447,10,0,-69
1755868685.7669446,4,0,-74
1755868685.8049445,1,-4,-80
1755868685.8409443,-3,-5,-74
1755868685.8789446,-2,1,-64
1755868685.9169445,5,-1,-82
1755868685.9549446,1,1,-78
1755868685.9939446,-1,-2,-72
1755868686.029945,0,-3,-80
1755868686.0669446,8,0,-70
1755868686.1049447,3,1,-69
1755868686.1409447,4,1,-82
1755868686.177945,-1,0,-74
1755868686.2159443,0,0,-71
1755868686.2549446,2,-1,-79
1755868686.2909446,-2,0,-77
1755868686.3279445,-7,-2,-86
1755868686.3659446,-2,-9,-79
1755868686.404945,2,-6,-67
1755868686.440945,4,0,-71
1755868686.4789443,7,-4,-87
1755868686.5169446,-1,-3,-72
1755868686.5559447,3,-2,-74
1755868686.5939443,-1,-3,-69
1755868686.6299446,-2,-4,-67
1755868686.667945,-3,1,-68
1755868686.7059443,-2,5,-71
1755868686.7449446,2,0,-80
1755868686.7809446,0,-3,-63
1755868686.8189447,-1,3,-76
1755868686.8569446,-5,-4,-73
1755868686.8959446,-1,-2,-81
1755868686.9339447,-3,-3,-84
1755868686.9699447,-2,2,-78
1755868687.0079446,3,1,-76
1755868687.0459447,8,4,-69
1755868687.0849447,1,-3,-71
1755868687.1209445,1,-3,-71
1755868687.157945,1,3,-79
1755868687.1959443,-6,-6,-70
1755868687.233945,-6,-2,-74
1755868687.269945,-7,1,-64
1755868687.3079443,2,0,-73
1755868687.3459446,5,-4,-68
1755868687.3839445,1,0,-76
1755868687.4199443,1,0,-69
1755868687.4569447,0,-2,-78
1755868687.4959445,-2,0,-69
1755868687.5319445,-12,-7,-70
1755868687.5699446,-4,0,-69
1755868687.6079447,2,0,-69
1755868687.6459446,2,0,-73
1755868687.6819446,-4,3,-81
1755868687.7189443,-5,2,-78
1755868687.756945,1,-3,-74
1755868687.7959447,-7,-1,-72
1755868687.8319447,1,-1,-76
1755868687.8689446,3,-1,-71
1755868687.9149446,1,-1,-56
1755868687.950945,-5,-1,-69
1755868687.9889443,1,-3,-75
1755868688.0269446,-1,1,-84
1755868688.065945,3,0,-74
1755868688.1019447,10,1,-71
1755868688.1389446,0,2,-72
1755868688.1769447,0,4,-74
1755868688.2149446,1,3,-68
1755868688.2509446,-5,4,-70
1755868688.2889447,-5,2,-72
1755868688.3269446,1,1,-76
1755868688.3649447,0,0,-67
1755868688.4009447,-1,-4,-77
1755868688.4389446,-5,-5,-69
1755868688.4769447,0,-4,-72
1755868688.5159447,-6,6,-77
1755868688.5519447,-5,0,-69
1755868688.588945,-5,-3,-73
1755868688.6269443,1,2,-73
1755868688.6649446,-3,8,-72
1755868688.700945,0,9,-80
1755868688.7379446,0,10,-75
1755868688.7759447,-7,2,-75
1755868688.8119447,-3,1,-70
1755868688.848945,-4,-1,-87
1755868688.8869443,3,3,-75
1755868688.9259446,6,-2,-81
1755868688.9619446,-8,2,-82
1755868688.9999447,-4,-3,-87
1755868689.0379446,-3,-1,-79
1755868689.0769446,0,-5,-87
1755868689.1149447,0,0,-70
1755868689.1509447,2,5,-72
1755868689.187945,-4,4,-80
1755868689.2269447,-1,2,-81
1755868689.2629447,3,7,-72
1755868689.2999446,6,5,-72
1755868689.3369446,-2,3,-72
1755868689.3759446,-1,-3,-76
1755868689.4119446,0,1,-84
1755868689.4489446,3,4,-82
1755868689.486945,10,0,-72
1755868689.5229447,2,0,-79
1755868689.5599446,2,-6,-71
1755868689.5979445,3,0,-69
1755868689.6369443,0,0,-65
1755868689.6729443,-1,1,-70
1755868689.7099447,1,6,-68
1755868689.746945,-4,3,-90
1755868689.7859447,-1,2,-65
1755868689.8219447,1,-2,-67
1755868689.8599446,4,3,-82
1755868689.8969443,2,5,-80
1755868689.9329443,1,7,-74
1755868689.9699447,1,0,-62
1755868690.0079446,7,6,-66
1755868690.0469446,7,4,-80
1755868690.0829446,2,1,-83
1755868690.1199446,0,-1,-70
1755868690.157945,-4,6,-74
1755868690.1969447,0,-3,-79
1755868690.2329447,2,-3,-64
1755868690.269945,-1,-4,-70
1755868690.3079443,-3,4,-72
1755868690.3469446,-2,0,-68
1755868690.3829446,-10,0,-75
1755868690.4199443,-4,-3,-61
1755868690.4579446,-1,-6,-72
1755868690.496945,-3,-3,-66
1755868690.532945,-1,-4,-72
1755868690.5709443,-8,-1,-75
1755868690.608945,0,-3,-64
1755868690.6479447,3,0,-70
1755868690.6859446,-1,4,-62
1755868690.7219446,-1,3,-67
1755868690.759945,-4,0,-67
1755868690.7979443,1,6,-73
1755868690.835945,-1,1,-75
1755868690.871945,-2,1,-81
1755868690.9099443,-5,2,-76
1755868690.9479446,-1,-1,-74
1755868690.986945,3,-1,-83
1755868691.0229447,-1,1,-75
1755868691.0599446,0,0,-72
1755868691.0979445,-2,6,-64
1755868691.1339445,-5,-5,-75
1755868691.1719446,2,-5,-68
1755868691.2099447,3,3,-64
1755868691.2479446,-4,1,-64
1755868691.2839446,-4,2,-70
1755868691.3209443,-4,3,-79
1755868691.358945,4,-1,-76
1755868691.3979447,9,-3,-72
1755868691.4339447,2,-5,-74
1755868691.4729445,1,1,-77
1755868691.509945,7,0,-83
1755868691.5479443,4,2,-78
1755868691.5839446,2,-2,-69
1755868691.6209445,-2,3,-76
1755868691.6589446,-6,0,-73
1755868691.6979446,0,6,-67
1755868691.733945,6,-3,-72
1755868691.7709446,2,-5,-72
1755868691.8089447,-1,-7,-71
1755868691.8479445,0,2,-72
1755868691.8839445,5,-3,-68
1755868691.9209447,-4,1,-66
1755868691.9589446,1,2,-76
1755868691.9979446,-4,2,-80
1755868692.0339446,-6,0,-74
1755868692.0709443,-4,-2,-67
1755868692.108945,-5,0,-62
1755868692.1479447,-4,0,-66
1755868692.1839447,-4,-3,-66
1755868692.2219446,0,3,-63
1755868692.259945,-5,-1,-72
1755868692.2989447,-4,-4,-76
1755868692.3369446,1,5,-72
1755868692.3729446,8,4,-67
1755868692.4099443,2,0,-80
1755868692.4479446,-2,3,-78
1755868692.483945,4,0,-57
1755868692.5209446,-3,3,-60
1755868692.5589447,-2,0,-73
1755868692.5979445,-3,-7,-67
1755868692.6339445,0,-3,-63
1755868692.6709447,-4,-1,-78
1755868692.7099447,-2,0,-76
1755868692.7479446,0,-2,-69
1755868692.7839446,6,-8,-70
1755868692.8209443,3,-5,-73
1755868692.858945,2,4,-74
1755868692.8979447,1,8,-62
1755868692.9339447,5,1,-58
1755868692.9709446,-4,0,-74
1755868693.009945,3,0,-70
1755868693.0479443,12,-2,-76
1755868693.0839446,-1,-3,-74
1755868693.1229446,1,0,-69
1755868693.1599443,0,-4,-68
1755868693.1989446,-2,-5,-65
1755868693.2349446,-4,-5,-77
1755868693.2729447,3,-3,-80
1755868693.3099446,5,4,-82
1755868693.3479445,-3,0,-78
1755868693.3839445,1,0,-81
1755868693.4209447,-7,-3,-73
1755868693.4589446,0,-7,-73
1755868693.4979446,2,-1,-64
1755868693.5339446,-4,0,-74
1755868693.5709443,-3,-10,-82
1755868693.6099446,-4,-3,-76
1755868693.6479447,-1,0,-75
1755868693.6839447,-6,-1,-66
1755868693.7219446,-10,1,-73
1755868693.759945,-1,3,-84
1755868693.7989447,1,0,-77
1755868693.8349447,0,0,-82
1755868693.871945,4,0,-71
1755868693.9099443,-7,0,-68
1755868693.9489446,-2,-3,-71
1755868693.9849446,1,-4,-68
1755868694.0229447,0,3,-76
1755868694.0599446,3,10,-80
1755868694.0979445,0,0,-74
1755868694.1339445,-2,0,-75
1755868694.1709447,-6,0,-70
1755868694.2099447,0,-5,-79
1755868694.2479446,-5,-5,-69
1755868694.2839446,2,0,-68
1755868694.3209443,-1,0,-74
1755868694.3599446,1,-7,-82
1755868694.3979447,-8,2,-87
1755868694.4339447,0,4,-67
1755868694.4709446,0,7,-63
1755868694.5089445,4,-2,-67
1755868694.5449443,-8,2,-82
1755868694.5819447,-3,-6,-73
1755868694.6199446,2,6,-69
1755868694.6589446,-1,3,-71
1755868694.6949446,0,0,-76
1755868694.7319446,-3,-2,-75
1755868694.769945,-1,0,-82
1755868694.8089447,0,-6,-86
1755868694.8449447,-3,-6,-90
1755868694.8829446,-4,0,-80
1755868694.9209447,0,1,-72
1755868694.9589446,-3,-2,-74
1755868694.9949446,1,0,-65
1755868695.0319445,2,-1,-64
1755868695.0699446,1,0,-58
1755868695.108945,-6,-3,-71
1755868695.144945,0,-7,-75
1755868695.1819446,-1,-3,-77
1755868695.2199447,5,-5,-73
1755868695.2589445,-6,-3,-68
1755868695.2949443,-5,-2,-68
1755868695.3329446,0,0,-68
1755868695.3709445,0,3,-65
1755868695.4089446,7,-2,-64
1755868695.4449446,3,-1,-65
1755868695.4819446,5,8,-65
1755868695.5209446,-1,4,-65
1755868695.5589447,-1,1,-78
1755868695.5949447,-2,0,-74
1755868695.631945,1,5,-66
1755868695.6709447,-2,-2,-75
1755868695.7089446,-4,-3,-71
1755868695.7449446,-4,-4,-74
1755868695.782945,-2,0,-71
1755868695.8209443,1,-6,-71
1755868695.8599446,0,-1,-67
1755868695.8959446,2,2,-67
1755868695.9339447,4,4,-82
1755868695.9709446,0,5,-79
1755868696.0089445,0,4,-72
1755868696.0449443,1,-4,-68
1755868696.0829446,0,2,-78
1755868696.1209445,-3,-10,-78
1755868696.1589446,-7,-3,-69
1755868696.1949446,-6,-1,-77
1755868696.2329447,0,-2,-72
1755868696.2709446,2,0,-74
1755868696.3099446,-1,1,-74
1755868696.3459446,0,-5,-67
1755868696.3839445,-6,-2,-72
1755868696.4229443,-4,0,-71
1755868696.460945,1,5,-73
1755868696.496945,-2,-1,-75
1755868696.5349443,1,0,-73
1755868696.5729446,5,3,-79
1755868696.6109445,1,0,-78
1755868696.6469443,0,3,-66
1755868696.6839447,1,7,-75
1755868696.7209446,4,4,-68
1755868696.759945,4,-10,-70
1755868696.7959447,0,-2,-63
1755868696.8339446,-3,0,-69
1755868696.8729446,0,-9,-50
1755868696.9109447,3,-11,-60
1755868696.9469447,0,-2,-70
1755868696.9849446,3,1,-69
1755868697.0229447,3,-1,-87
1755868697.0609446,-1,1,-68
1755868697.0999446,0,0,-71
1755868697.1359446,-5,3,-67
1755868697.1729443,2,-2,-63
1755868697.2119446,1,-1,-71
1755868697.2499447,3,0,-62
1755868697.2859447,8,5,-66
1755868697.3229446,6,4,-65
1755868697.3609445,5,5,-75
1755868697.3969443,1,-2,-75
1755868697.4339447,5,-1,-66
1755868697.4729445,-6,0,-71
1755868697.5109446,0,3,-82
1755868697.5469446,7,1,-79
1755868697.5839446,1,10,-69
1755868697.621945,-4,1,-60
1755868697.6599443,-4,1,-72
1755868697.6959443,-5,0,-69
1755868697.733945,1,-2,-76
1755868697.7719443,-6,2,-63
1755868697.8109446,-9,1,-54
1755868697.8469446,-7,-2,-68
1755868697.884945,-12,-3,-77
1755868697.9309447,0,-3,-87
1755868697.9669447,2,-1,-75
1755868698.0049446,1,0,-79
1755868698.0419445,-4,7,-88
1755868698.0809443,1,-2,-72
1755868698.1179447,1,-3,-55
1755868698.154945,-3,4,-66
1755868698.1929443,5,2,-76
1755868698.2319446,1,-2,-71
1755868698.2679446,0,-3,-70
1755868698.3049445,-4,-4,-65
1755868698.3429446,-1,0,-73
1755868698.381945,1,5,-74
1755868698.417945,0,7,-68
1755868698.4549446,0,6,-72
1755868698.4929447,-2,2,-68
1755868698.5319445,-4,-5,-65
1755868698.5679443,1,0,-63
1755868698.6049447,8,-9,-78
1755868698.6429446,7,-5,-79
1755868698.6819446,8,0,-69
1755868698.7179446,0,5,-80
1755868698.7549446,-3,7,-80
1755868698.792945,-5,2,-82
1755868698.8319447,0,-1,-80
1755868698.8679447,-3,-1,-67
1755868698.9059446,-3,-1,-71
1755868698.9439447,0,0,-57
1755868698.9829447,-1,0,-77
1755868699.0209446,2,8,-77
1755868699.0569446,0,8,-68
1755868699.0939443,2,2,-75
1755868699.131945,4,-1,-70
1755868699.167945,4,3,-67
1755868699.2049446,1,0,-62
1755868699.2429447,3,4,-82
1755868699.2809446,-7,2,-68
1755868699.3169446,-6,1,-64
1755868699.3549447,-13,3,-65
1755868699.3929446,-4,5,-65
1755868699.4319446,-2,1,-80
1755868699.4679446,0,3,-74
1755868699.5049446,0,-4,-76
1755868699.542945,-1,-3,-77
1755868699.5819447,5,0,-66
1755868699.6179447,3,0,-75
1755868699.654945,0,-2,-72
1755868699.6929443,2,-1,-74
1755868699.7319446,-7,-1,-73
1755868699.7679446,-9,-5,-59
1755868699.8069446,-3,-7,-72
1755868699.8439443,-2,-3,-66
1755868699.8829446,5,-3,-78
1755868699.9209447,0,-7,-77
1755868699.9569447,-3,0,-75
1755868699.9939446,2,0,-70
1755868700.0319445,6,1,-70
1755868700.0679443,-2,5,-75
1755868700.1049447,1,5,-72
1755868700.1429446,1,6,-65
1755868700.1789446,2,-5,-73
1755868700.2159443,7,-6,-74
1755868700.2539446,0,1,-76
1755868700.292945,0,-5,-78
1755868700.3289447,-5,2,-76
1755868700.3659446,1,7,-70
1755868700.4029446,4,-10,-84
1755868700.4419446,-4,-6,-68
1755868700.4779446,2,2,-69
1755868700.5159447,-4,-2,-69
1755868700.552945,-3,-4,-73
1755868700.5919447,-2,0,-76
1755868700.6279447,-1,3,-69
1755868700.6659446,0,0,-67
1755868700.7029445,1,-3,-75
1755868700.7419446,0,-6,-64
1755868700.7779446,3,0,-72
1755868700.815945,0,-5,-67
1755868700.8539443,-1,0,-70
1755868700.8919446,1,-7,-67
1755868700.927945,6,-2,-77
1755868700.9659443,1,-8,-72
1755868701.0039446,1,-7,-77
1755868701.0419445,6,-5,-76
1755868701.0779445,0,2,-74
1755868701.1159446,-2,3,-78
1755868701.1539447,3,5,-80
1755868701.1919446,0,-5,-63
1755868701.2279446,0,4,-57
1755868701.2659447,0,4,-75
1755868701.3039446,0,10,-75
1755868701.3419447,2,8,-68
1755868701.3779447,-3,0,-73
1755868701.4159446,-1,-4,-59
1755868701.4539447,6,-3,-79
1755868701.4919446,0,-9,-77
1755868701.5279446,-1,-1,-71
1755868701.565945,0,1,-76
1755868701.6039443,-1,5,-82
1755868701.6419446,0,4,-76
1755868701.677945,0,0,-72
1755868701.7159443,1,2,-77
1755868701.7539446,0,0,-75
1755868701.7919445,-4,-2,-71
1755868701.8279445,-4,-3,-78
1755868701.8659446,0,2,-71
1755868701.9039447,2,1,-68
1755868701.9399445,1,0,-65
1755868701.9769447,1,0,-71
1755868702.0139446,6,-1,-77
1755868702.052945,9,1,-72
1755868702.088945,0,2,-74
1755868702.1259446,-5,2,-75
1755868702.1639447,4,-1,-76
1755868702.2029445,5,3,-82
1755868702.2389443,1,1,-72
1755868702.2759447,1,0,-70
1755868702.3139446,5,0,-69
1755868702.3499446,11,1,-78
1755868702.3869443,2,4,-74
1755868702.4239447,-8,3,-72
1755868702.4629445,-12,-1,-73
1755868702.4989443,-4,1,-66
1755868702.5359447,3,0,-72
1755868702.5739446,0,-1,-68
1755868702.6099446,1,1,-72
1755868702.6479447,1,-4,-75
1755868702.6849446,3,-4,-74
1755868702.723945,5,0,-75
1755868702.759945,2,-5,-69
1755868702.7979443,1,-3,-73
1755868702.8349447,4,-2,-56
1755868702.8739443,-3,-2,-64
1755868702.9099443,-1,0,-66
1755868702.9479446,0,3,-62
1755868702.9859445,2,5,-61
1755868703.0249443,1,8,-67
1755868703.062945,3,0,-67
1755868703.098945,5,-6,-78
1755868703.1359446,0,2,-80
1755868703.1739447,1,0,-81
1755868703.2099447,2,-5,-74
1755868703.246945,10,-2,-76
1755868703.2849443,5,-1,-72
1755868703.3239446,2,-3,-69
1755868703.3599446,1,3,-66
1755868703.3969443,2,-2,-62
1755868703.4349446,5,3,-66
1755868703.4729445,0,-4,-79
1755868703.5089445,-2,-4,-82
1755868703.5469446,0,-1,-78
1755868703.5849447,0,-1,-65
1755868703.6239443,0,1,-64
1755868703.6599443,0,7,-73
1755868703.6969447,-6,5,-75
1755868703.7349446,-1,6,-83
1755868703.7739446,0,10,-68
1755868703.8099446,-5,1,-74
1755868703.8469446,-4,-8,-86
1755868703.884945,-5,-1,-85
1755868703.9239447,1,2,-65
1755868703.9599447,-6,1,-66
1755868703.996945,0,3,-71
1755868704.0349443,-1,4,-69
1755868704.0739446,0,-1,-66
1755868704.1099446,-9,2,-72
1755868704.1469443,0,0,-71
1755868704.1849446,1,-6,-71
1755868704.223945,3,0,-68
1755868704.259945,1,0,-75
1755868704.2969446,8,1,-75
1755868704.335945,3,0,-80
1755868704.3739443,1,0,-76
1755868704.4099443,3,0,-82
1755868704.4469447,1,2,-73
1755868704.4859445,-4,6,-70
1755868704.5239446,4,1,-74
1755868704.5599446,2,5,-75
1755868704.5969446,3,-1,-66
1755868704.6359446,-7,3,-61
1755868704.6739447,-3,5,-53
1755868704.7099447,-2,5,-73
1755868704.746945,0,0,-81
1755868704.7859447,-7,6,-65
1755868704.8239446,0,9,-81
1755868704.8599446,1,5,-78
1755868704.8969443,-5,4,-86
1755868704.9359446,-6,1,-70
1755868704.973945,1,0,-75
1755868705.009945,-3,-1,-64
1755868705.0479443,5,-2,-66
1755868705.0869446,3,0,-75
1755868705.1249447,4,-2,-65
1755868705.1609447,2,1,-74
1755868705.1979446,-4,2,-79
1755868705.236945,6,0,-74
1755868705.2749443,1,0,-67
1755868705.3109446,0,2,-59
1755868705.3479445,-2,-3,-74
1755868705.3859446,3,-1,-65
1755868705.4249446,-4,-8,-74
1755868705.460945,-1,-2,-72
1755868705.4999447,-1,0,-82
1755868705.5369446,-2,-2,-77
1755868705.575945,-2,-2,-80
1755868705.611945,-3,-1,-69
1755868705.6499443,-1,-6,-68
1755868705.687945,0,-3,-74
1755868705.7259445,10,1,-82
1755868705.7619443,4,5,-76
1755868705.7989447,8,5,-68
1755868705.8369446,1,8,-80
1755868705.8749447,1,4,-69
1755868705.9109447,-6,6,-75
1755868705.9489446,-1,5,-76
1755868705.986945,2,-1,-65
1755868706.0259447,-1,0,-71
1755868706.0619447,-4,-4,-70
1755868706.0999446,7,-4,-66
1755868706.1379447,0,-2,-78
1755868706.1769447,-3,-8,-74
1755868706.2149446,0,-3,-77
1755868706.2509446,2,0,-84
1755868706.2879446,-4,2,-65
1755868706.3269446,-2,-4,-58
1755868706.3649447,1,-1,-73
1755868706.4009447,-4,1,-67
1755868706.437945,4,8,-63
1755868706.4769447,2,7,-80
1755868706.5149446,0,9,-63
1755868706.5509446,0,-1,-66
1755868706.5879445,0,1,-73
1755868706.6269443,-1,-1,-75
1755868706.6649446,3,0,-69
1755868706.700945,-2,0,-62
1755868706.7379446,3,3,-64
1755868706.7759447,-8,-2,-59
1755868706.8119447,-7,-8,-65
1755868706.8499446,5,-2,-66
1755868706.8879447,-1,5,-74
1755868706.9269447,-6,5,-84
1755868706.9649446,2,11,-80
1755868707.0009446,0,4,-77
1755868707.0379446,-3,3,-65
1755868707.0769446,-5,4,-66
1755868707.1149447,-5,6,-64
1755868707.1509447,-7,1,-66
1755868707.187945,-3,-2,-76
1755868707.2269447,-1,-1,-72
1755868707.2629447,-1,0,-73
1755868707.2999446,3,-2,-68
1755868707.3379445,4,0,-73
1755868707.3759446,-2,1,-64
1755868707.4119446,2,2,-66
1755868707.4489446,3,2,-68
1755868707.486945,1,-1,-68
1755868707.5229447,6,-2,-70
1755868707.5599446,-2,-1,-82
1755868707.5979445,3,-4,-75
1755868707.6369443,5,1,-76
1755868707.6729443,3,0,-78
1755868707.710945,8,-2,-76
1755868707.7489443,4,-1,-78
1755868707.7869446,0,7,-87
1755868707.825945,-1,-2,-76
1755868707.861945,2,-2,-67
1755868707.8989446,-3,1,-72
1755868707.9429443,-3,6,-72
1755868707.9819446,-8,2,-68
1755868708.0189445,2,6,-67
1755868708.0579443,3,-2,-57
1755868708.0959446,1,5,-59
1755868708.131945,-5,2,-67
1755868708.1699443,-2,-3,-72
1755868708.2079446,0,0,-76
1755868708.2459445,-1,0,-72
1755868708.2819445,2,-1,-71
1755868708.3199446,-3,4,-75
1755868708.3579447,0,4,-76
1755868708.3969443,-1,7,-75
1755868708.4329443,-9,4,-77
1755868708.4699447,-7,-2,-79
1755868708.5079446,0,1,-82
1755868708.5469446,-8,8,-71
1755868708.5829446,3,7,-70
1755868708.6199446,-5,5,-71
1755868708.6589446,6,-1,-74
1755868708.6969447,7,-3,-79
1755868708.7329447,0,-2,-74
1755868708.769945,-1,-8,-67
1755868708.8089447,5,3,-66
1755868708.8469446,1,0,-63
1755868708.8829446,-2,0,-66
1755868708.9199443,-3,-2,-74
1755868708.9579446,1,-1,-76
1755868708.996945,2,5,-85
1755868709.032945,-4,3,-77
1755868709.0699446,4,6,-75
1755868709.1079447,-5,11,-68
1755868709.1439445,-1,1,-77
1755868709.1819446,-1,3,-76
1755868709.2199447,0,13,-70
1755868709.2579446,-2,0,-76
1755868709.2939446,1,0,-77
1755868709.3319447,0,-3,-80
1755868709.3699446,3,-2,-82
1755868709.407945,-4,1,-69
1755868709.4469447,-6,-2,-69
1755868709.4829447,-6,-6,-72
1755868709.5209446,-6,-3,-76
1755868709.5589447,-6,-1,-72
1755868709.5979445,-5,2,-67
1755868709.6339445,1,-3,-72
1755868709.6719446,0,1,-68
1755868709.7089446,-1,-2,-70
1755868709.7479446,-5,-6,-73
1755868709.7839446,-3,-2,-82
1755868709.8219447,-6,-4,-84
1755868709.8599446,0,-1,-68
1755868709.8989446,1,3,-69
1755868709.9369447,-5,-1,-72
1755868709.9729445,0,-3,-68
1755868710.0109446,1,-2,-75
1755868710.0489447,-10,-6,-66
1755868710.0879445,-6,0,-64
1755868710.1239443,4,0,-68
1755868710.1629446,7,-2,-69
1755868710.1999447,6,-1,-65
1755868710.2389443,2,-2,-67
1755868710.2769446,3,5,-79
1755868710.312945,1,1,-74
1755868710.3499446,0,0,-69
1755868710.3889446,4,-6,-75
1755868710.4269447,2,-5,-72
1755868710.4629445,-3,-3,-67
1755868710.5019443,-3,-11,-79
1755868710.5389447,-2,-6,-75
1755868710.5779445,4,-3,-64
1755868710.6139443,5,-4,-65
1755868710.6509447,0,-7,-66
1755868710.6889446,6,-2,-63
1755868710.7279446,1,0,-73
1755868710.7639446,5,7,-75
1755868710.8019447,2,-2,-85
1755868710.838945,-3,-2,-74
1755868710.8779447,0,3,-65
1755868710.9139447,0,0,-65
1755868710.950945,2,4,-57
1755868710.9889443,-1,4,-68
1755868711.0249443,3,0,-69
1755868711.0619447,0,-1,-73
1755868711.0999446,1,-1,-69
1755868711.1389446,0,-6,-81
1755868711.1749446,7,-5,-79
1755868711.2119446,2,-3,-75
1755868711.2509446,3,1,-71
1755868711.2889447,-1,-3,-71
1755868711.3249447,0,-5,-81
1755868711.361945,-4,4,-74
1755868711.3999443,1,-4,-78
1755868711.4389446,-5,1,-57
1755868711.4749446,2,-2,-72
1755868711.5119443,8,-5,-82
1755868711.5499446,7,-1,-76
1755868711.588945,-4,6,-65
1755868711.6249447,0,6,-70
1755868711.6619446,0,1,-71
1755868711.6999447,3,-2,-78
1755868711.7389443,5,1,-69
1755868711.7759447,4,2,-68
1755868711.8139446,-1,-1,-78
1755868711.8509445,-5,-3,-82
1755868711.8899446,2,-2,-69
1755868711.927945,2,-3,-80
1755868711.963945,1,-7,-79
1755868712.0009446,2,-6,-74
1755868712.0399446,-9,-6,-61
1755868712.0779445,1,-5,-58
1755868712.1139443,0,-7,-76
1755868712.1509447,5,-5,-79
1755868712.1899445,6,-3,-73
1755868712.2279446,0,-2,-70
1755868712.2639446,-3,1,-62
1755868712.3009446,-9,-1,-66
1755868712.3399446,1,0,-70
1755868712.3779447,2,2,-73
1755868712.4139447,0,0,-77
1755868712.450945,-2,2,-84
1755868712.4899447,1,3,-90
1755868712.5279446,5,-1,-72
1755868712.5639446,3,-3,-76
1755868712.6009445,12,-4,-76
1755868712.6399446,6,0,-65
1755868712.6759446,3,0,-62
1755868712.7129445,2,2,-61
1755868712.7509446,2,-5,-69
1755868712.7899446,-4,-3,-75
1755868712.825945,0,-8,-73
1755868712.8629446,0,-5,-78
1755868712.9009447,-1,-2,-77
1755868712.9399445,5,-5,-67
1755868712.9759445,3,-8,-68
1755868713.0129447,0,-2,-70
1755868713.0519447,0,-4,-77
1755868713.0899446,-2,-5,-66
1755868713.1259446,0,-7,-65
1755868713.1629446,0,-6,-59
1755868713.200945,-6,-7,-60
1755868713.2399447,0,-7,-61
1755868713.2759447,-2,1,-62
1755868713.3139446,-3,-6,-66
1755868713.3519447,0,0,-66
1755868713.3909447,-2,-5,-67
1755868713.4289446,-2,6,-77
1755868713.4649446,0,3,-63
1755868713.5019443,-6,0,-70
1755868713.5409446,-3,1,-76
1755868713.5789447,7,-5,-73
1755868713.6149447,0,-1,-63
1755868713.6519446,2,3,-69
1755868713.690945,10,-3,-68
1755868713.7289443,-2,-1,-69
1755868713.7649446,2,-1,-71
1755868713.8019447,-4,2,-73
1755868713.8409443,-4,6,-72
1755868713.8789446,-4,-4,-70
1755868713.9149446,-1,-13,-75
1755868713.9529445,1,-4,-66
1755868713.9909446,0,-2,-74
1755868714.029945,-5,0,-76
1755868714.065945,-6,2,-74
1755868714.1039443,0,-2,-72
1755868714.1419446,6,-9,-81
1755868714.1809447,6,-3,-77
1755868714.2189443,6,0,-77
1755868714.2549446,0,3,-82
1755868714.2919445,-3,5,-67
1755868714.3309443,-5,1,-59
1755868714.3669446,-7,3,-70
1755868714.4039447,-6,-10,-72
1755868714.4419446,0,-6,-76
1755868714.4809446,3,-9,-79
1755868714.5169446,5,-7,-73
1755868714.5539446,2,0,-70
1755868714.5909443,-1,-3,-72
1755868714.6299446,-5,-2,-73
1755868714.6659446,0,3,-75
1755868714.7029445,0,5,-75
1755868714.7409446,6,3,-82
1755868714.7769446,7,0,-76
1755868714.8139446,0,-1,-75
1755868714.8519447,-3,-2,-64
1755868714.8909447,7,3,-68
1755868714.9269447,6,-3,-79
1755868714.963945,-2,-2,-80
1755868715.0019443,0,-1,-67
1755868715.0409446,5,-3,-70
1755868715.0769446,5,-5,-76
1755868715.1139443,2,-2,-70
1755868715.1519446,8,0,-71
1755868715.190945,-5,1,-70
1755868715.2269447,-5,-3,-71
1755868715.2649446,0,-3,-65
1755868715.302945,-2,-7,-69
1755868715.3419447,-10,-3,-76
1755868715.3799446,2,-1,-88
1755868715.4159446,-4,1,-84
1755868715.4529445,0,-4,-84
1755868715.4919446,11,-8,-80
1755868715.529945,0,-5,-73
1755868715.565945,2,-3,-67
1755868715.6039443,0,3,-72
1755868715.6419446,0,4,-64
1755868715.6799445,-4,4,-75
1755868715.7159443,-4,0,-65
1755868715.7529447,1,0,-68
1755868715.7909446,8,-2,-63
1755868715.8269446,4,-4,-73
1755868715.8659446,-5,-2,-72
1755868715.9029446,-1,2,-66
1755868715.9419446,0,0,-66
1755868715.9799447,4,-6,-68
1755868716.0159447,1,-7,-67
1755868716.052945,-6,-14,-64
1755868716.0919447,-7,-6,-73
1755868716.1299446,-1,-9,-63
1755868716.1659446,-10,-4,-60
1755868716.2039447,-1,7,-75
1755868716.2419446,2,-11,-75
1755868716.2809446,-3,-7,-74
1755868716.3169446,-3,-10,-76
1755868716.3549447,-1,-5,-77
1755868716.3929446,-3,1,-73
1755868716.4319446,-5,0,-74
1755868716.4679446,3,0,-67
1755868716.5049446,-2,0,-77
1755868716.542945,-3,0,-81
1755868716.5819447,-2,0,-78
1755868716.6179447,-1,-3,-76
1755868716.6559446,-3,0,-76
1755868716.6939447,-2,0,-73
1755868716.7329447,-4,5,-67
1755868716.7709446,-6,4,-68
1755868716.8069446,0,6,-66
1755868716.8449447,1,0,-74
1755868716.881945,9,-11,-68
1755868716.9209447,2,-3,-67
1755868716.9569447,5,-6,-64
1755868716.9949446,3,-3,-67
1755868717.032945,3,-2,-73
1755868717.0719447,-4,7,-75
1755868717.1079447,0,2,-72
1755868717.1459446,0,-2,-74
1755868717.1829443,8,-4,-73
1755868717.2219446,6,-3,-72
1755868717.2579446,6,-2,-71
1755868717.2949443,5,-3,-71
1755868717.3329446,0,0,-78
1755868717.3709445,-3,-4,-72
1755868717.4069445,-1,-2,-60
1755868717.4449446,1,0,-75
1755868717.4829447,0,0,-69
1755868717.5209446,-3,2,-78
1755868717.5569446,-1,-1,-68
1755868717.5949447,0,-6,-79
1755868717.6329446,2,-2,-79
1755868717.6719446,0,-4,-74
1755868717.7079446,-3,0,-68
1755868717.7449446,-3,4,-73
1755868717.782945,3,-5,-72
1755868717.8219447,-3,-6,-75
1755868717.8579447,0,-9,-78
1755868717.8959446,1,-3,-83
1755868717.9329443,-8,-1,-72
1755868717.9769447,-2,1,-74
1755868718.0159447,-7,4,-79
1755868718.0539446,1,-1,-68
1755868718.0919447,2,-1,-61
1755868718.1279447,3,2,-70
1755868718.1649446,2,7,-82
1755868718.2029445,2,1,-73
1755868718.2389443,7,2,-71
1755868718.2759447,5,6,-71
1755868718.312945,4,4,-69
1755868718.3519447,-2,2,-79
1755868718.3889446,0,-1,-72
1755868718.4259446,8,1,-70
1755868718.4629445,5,0,-69
1755868718.4989443,0,0,-73
1755868718.5359447,0,-3,-74
1755868718.5739446,7,2,-72
1755868718.6129446,3,5,-71
1755868718.6489446,-2,0,-82
1755868718.6869447,-4,4,-79
1755868718.7249446,2,2,-71
1755868718.7639446,2,-5,-77
1755868718.8019447,-1,-3,-73
1755868718.8379445,0,-4,-66
1755868718.8769443,5,-1,-74
1755868718.9139447,-3,0,-71
1755868718.9529445,3,-3,-68
1755868718.9889443,3,-5,-61
1755868719.0259447,1,-4,-72
1755868719.0639446,1,-1,-79
1755868719.1029446,1,8,-67
1755868719.1389446,3,5,-69
1755868719.1759446,-1,4,-77
1755868719.213945,0,2,-77
1755868719.2519443,-3,1,-63
1755868719.2879446,-1,7,-58
1755868719.325945,0,-3,-67
1755868719.3639443,3,-3,-70
1755868719.4029446,3,2,-65
1755868719.4389446,0,2,-66
1755868719.4759445,3,6,-66
1755868719.5139446,-7,7,-76
1755868719.5519447,-5,1,-70
1755868719.5879445,-9,1,-64
1755868719.6249447,-1,0,-56
1755868719.6639447,4,-6,-60
1755868719.7019446,5,-6,-61
1755868719.7379446,0,-5,-76
1755868719.7749443,-3,-1,-76
1755868719.8139446,4,3,-83
1755868719.8499446,12,-3,-87
1755868719.8869443,0,-4,-78
1755868719.9249446,-2,-4,-65
1755868719.963945,0,6,-79
1755868719.9999447,1,3,-75
1755868720.0369446,-5,5,-83
1755868720.0749447,1,3,-71
1755868720.1139443,6,-7,-65
1755868720.1499443,5,-3,-64
1755868720.1869447,4,-6,-64
1755868720.2249446,2,-4,-69
1755868720.2639446,-5,-8,-75
1755868720.2999446,-1,0,-71
1755868720.3369446,4,-1,-77
1755868720.3749447,0,1,-72
1755868720.4129446,-3,0,-71
1755868720.4489446,-1,-1,-74
1755868720.486945,0,-5,-79
1755868720.5249443,-3,0,-78
1755868720.5639446,1,-2,-74
1755868720.5999446,2,0,-68
1755868720.6369443,6,3,-85
1755868720.6749446,3,-1,-71
1755868720.713945,-1,-3,-79
1755868720.7499447,0,1,-74
1755868720.7869446,5,-3,-73
1755868720.825945,1,-1,-71
1755868720.8639443,5,-1,-74
1755868720.8999443,0,0,-81
1755868720.9369447,-11,-2,-76
1755868720.9749446,0,4,-78
1755868721.0129447,-3,-1,-79
1755868721.0489447,-5,-5,-80
1755868721.0869446,0,-4,-81
1755868721.1249447,0,-2,-72
1755868721.1639447,1,5,-75
1755868721.1999447,-3,-1,-78
1755868721.2379446,0,0,-82
1755868721.2769446,0,-7,-70
1755868721.3149445,1,-2,-69
1755868721.3529446,0,-9,-72
1755868721.3889446,-5,-3,-73
1755868721.4269447,-3,-5,-74
1755868721.4649446,0,-2,-65
1755868721.5039446,3,-1,-81
1755868721.5399446,-1,1,-80
1755868721.5769446,0,1,-74
1755868721.6149447,2,0,-80
1755868721.6509447,1,5,-72
1755868721.6889446,-5,8,-75
1755868721.7259445,-5,1,-76
1755868721.7649446,-5,-4,-65
1755868721.8009446,3,-2,-73
1755868721.838945,-4,-6,-67
1755868721.8759446,0,1,-73
1755868721.9139447,2,2,-67
1755868721.950945,-3,1,-78
1755868721.9879446,1,0,-69
1755868722.0259447,2,3,-63
1755868722.0639446,0,-1,-76
1755868722.0999446,1,3,-75
1755868722.1369443,3,5,-74
1755868722.1749446,-5,0,-73
1755868722.210945,-3,5,-66
1755868722.2489443,4,0,-74
1755868722.2859447,-1,0,-83
1755868722.3249447,1,0,-69
1755868722.3609445,3,-3,-73
1755868722.3979447,4,1,-64
1755868722.4359446,4,-2,-59
1755868722.473945,0,0,-69
1755868722.509945,0,0,-71
1755868722.5469446,2,-2,-67
1755868722.585945,-2,1,-65
1755868722.6239443,-6,-3,-65
1755868722.6599443,-5,-5,-68
1755868722.6979446,-1,1,-72
1755868722.7359445,4,2,-80
1755868722.7749443,7,3,-70
1755868722.8109446,5,3,-71
1755868722.848945,-2,-5,-72
1755868722.8859446,-3,-3,-79
1755868722.9249446,5,-3,-72
1755868722.960945,0,-6,-68
1755868722.9989443,-4,-4,-74
1755868723.0359447,0,1,-63
1755868723.0739446,3,-3,-64
1755868723.1099446,5,-3,-70
1755868723.1479447,0,1,-76
1755868723.1859446,-3,-2,-79
1755868723.223945,-6,-1,-81
1755868723.259945,-8,-7,-65
1755868723.2979443,2,3,-80
1755868723.335945,3,-11,-77
1755868723.3749447,-3,-6,-73
1755868723.4109447,2,0,-71
1755868723.4479446,-1,0,-75
1755868723.4859445,0,5,-78
1755868723.5219443,-1,4,-91
1755868723.5599446,-5,3,-79
1755868723.5979445,2,-2,-69
1755868723.6359446,1,-2,-54
1755868723.6749446,-4,-2,-58
1755868723.710945,-2,-2,-61
1755868723.7489443,0,0,-64
1755868723.7859447,-3,0,-70
1755868723.8249447,-5,-2,-73
1755868723.8609445,-1,-4,-78
1755868723.8989446,0,-5,-78
1755868723.9369447,-1,3,-71
1755868723.9759445,5,1,-69
1755868724.0119443,12,0,-74
1755868724.0489447,5,-1,-77
1755868724.0869446,9,0,-79
1755868724.1249447,3,3,-71
1755868724.1609447,5,1,-73
1755868724.1979446,-5,3,-74
1755868724.236945,-2,4,-68
1755868724.2749443,-5,-4,-64
1755868724.3109446,-8,2,-69
1755868724.3479445,2,0,-71
1755868724.3869443,0,-3,-85
1755868724.4249446,2,-5,-68
1755868724.460945,-8,-2,-64
1755868724.4989443,-6,-5,-66
1755868724.5369446,6,4,-71
1755868724.5749447,1,8,-65
1755868724.6109445,-1,8,-61
1755868724.6479447,0,0,-72
1755868724.6859446,2,-4,-78
1755868724.7219446,3,-2,-71
1755868724.759945,0,2,-77
1755868724.7969446,0,6,-83
1755868724.835945,2,6,-72
1755868724.871945,0,5,-76
1755868724.9089446,-3,4,-71
1755868724.9469447,0,7,-67
1755868724.9859445,-10,5,-63
1755868725.0219443,-9,-3,-68
1755868725.0599446,-12,0,-71
1755868725.0979445,-6,4,-72
1755868725.1369443,-7,5,-63
1755868725.1729443,0,0,-64
1755868725.2099447,0,-6,-68
1755868725.2479446,-4,-6,-81
1755868725.2869446,-6,-3,-76
1755868725.3229446,-5,0,-74
1755868725.361945,-4,0,-64
1755868725.3999443,-1,-6,-72
1755868725.4369447,-2,-8,-72
1755868725.4759445,4,0,-71
1755868725.5119443,-4,-1,-75
1755868725.5499446,1,4,-76
1755868725.5869446,0,-5,-76
1755868725.6259446,-1,-5,-80
1755868725.6619446,-2,0,-71
1755868725.6999447,-5,2,-73
1755868725.736945,0,-1,-84
1755868725.7759447,-3,-1,-66
1755868725.8119447,-3,0,-76
1755868725.848945,5,0,-69
1755868725.8869443,6,0,-70
1755868725.9229443,1,0,-65
1755868725.960945,-3,1,-77
1755868725.9989443,7,-8,-68
1755868726.0379446,0,-5,-76
1755868726.075945,6,-3,-74
1755868726.111945,-3,4,-65
1755868726.1489446,-1,4,-86
1755868726.187945,4,4,-80
1755868726.2259445,4,1,-75
1755868726.2619443,-4,4,-62
1755868726.2989447,1,0,-56
1755868726.3379445,1,1,-72
1755868726.3759446,6,-3,-79
1755868726.4119446,8,-4,-75
1755868726.4489446,-1,-3,-68
1755868726.4879446,3,-2,-63
1755868726.5259447,-2,1,-75
1755868726.5619447,2,6,-78
1755868726.598945,-6,-5,-80
1755868726.6379447,-1,-2,-64
1755868726.6759446,-4,-3,-64
1755868726.7119446,-5,5,-67
1755868726.7489443,1,4,-80
1755868726.7869446,0,-2,-77
1755868726.8229446,5,4,-85
1755868726.8609445,4,0,-64
1755868726.8979447,8,0,-67
1755868726.9369447,-2,-2,-82
1755868726.9729445,-6,-6,-80
1755868727.0109446,-1,-5,-74
1755868727.0489447,-8,-6,-76
1755868727.0879445,0,5,-91
1755868727.1239443,0,10,-77
1755868727.1609447,-1,0,-78
1755868727.1989446,1,2,-82
1755868727.236945,2,0,-78
1755868727.2729447,3,0,-57
1755868727.3099446,-6,0,-67
1755868727.3479445,5,-3,-69
1755868727.3869443,5,-5,-66
1755868727.4229443,5,-7,-69
1755868727.4599447,2,0,-76
1755868727.4979446,-1,3,-74
1755868727.5339446,-4,-2,-78
1755868727.5719447,-3,-1,-74
1755868727.6099446,0,-3,-75
1755868727.6489446,8,0,-76
1755868727.6869447,2,-2,-84
1755868727.7229445,5,-1,-80
1755868727.759945,6,6,-69
1755868727.7979443,1,-3,-68
1755868727.8339446,-4,-4,-71
1755868727.871945,3,0,-76
1755868727.9089446,7,0,-77
1755868727.9479446,5,-5,-83
1755868727.9929447,3,-2,-58
1755868728.029945,1,3,-79
1755868728.0689447,5,-2,-72
1755868728.1069446,2,0,-76
1755868728.1429446,0,1,-75
1755868728.1799445,1,2,-72
1755868728.2179446,-1,8,-82
1755868728.2539446,-9,4,-75
1755868728.2909446,-4,4,-71
1755868728.3299446,-8,9,-70
1755868728.3679447,-7,-1,-76
1755868728.4039447,0,4,-62
1755868728.4419446,5,3,-64
1755868728.4789443,-1,3,-66
1755868728.5179446,2,0,-63
1755868728.5539446,3,-2,-65
1755868728.5919447,-3,-4,-76
1755868728.6289446,9,-4,-71
1755868728.667945,5,-2,-78
1755868728.7039447,1,-3,-79
1755868728.7409446,-3,0,-70
1755868728.7789447,0,0,-67
1755868728.8149445,5,4,-81
1755868728.8519447,-1,-3,-75
1755868728.8899446,2,0,-69
1755868728.927945,-4,-8,-76
1755868728.963945,0,-3,-65
1755868729.0009446,3,7,-66
1755868729.0389447,-3,3,-74
1755868729.0749447,3,6,-61
1755868729.111945,2,3,-60
1755868729.1499443,1,0,-72
1755868729.187945,12,0,-71
1755868729.223945,8,-3,-72
1755868729.2619443,4,-2,-66
1755868729.2999446,-6,0,-72
1755868729.338945,-7,-1,-61
1755868729.3749447,-8,0,-68
1755868729.4129446,5,-1,-61
1755868729.450945,11,-1,-76
1755868729.4899447,3,-1,-72
1755868729.5279446,2,-1,-75
1755868729.5639446,-2,0,-75
1755868729.6019447,-5,3,-79
1755868729.6399446,0,1,-65
1755868729.677945,-4,1,-68
1755868729.713945,5,-3,-71
1755868729.7519443,-2,1,-70
1755868729.7899446,3,-6,-76
1755868729.8279445,-3,0,-87
1755868729.8639443,0,-3,-82
1755868729.9019446,-2,-1,-76
1755868729.9399445,3,-3,-79
1755868729.9779446,-2,-1,-72
1755868730.0139446,4,-2,-71
1755868730.0519447,6,0,-81
1755868730.0899446,0,3,-71
1755868730.1279447,5,-3,-74
1755868730.1639447,-3,-7,-73
1755868730.2019446,2,-6,-70
1755868730.2399447,1,-3,-74
1755868730.2789447,9,2,-71
1755868730.3149445,6,0,-85
1755868730.3519447,-1,-1,-82
1755868730.3899446,-6,-1,-73
1755868730.4289446,-1,3,-70
1755868730.4649446,0,0,-67
1755868730.5019443,1,3,-64
1755868730.5399446,-1,-6,-69
1755868730.575945,-3,-5,-74
1755868730.6139443,-6,-9,-75
1755868730.6519446,-1,-9,-82
1755868730.6899445,8,4,-82
1755868730.7259445,3,4,-80
1755868730.7629447,0,-1,-61
1755868730.8019447,4,-1,-71
1755868730.8399446,-6,1,-70
1755868730.8759446,-5,7,-73
1755868730.9129446,-2,0,-81
1755868730.950945,2,-4,-86
1755868730.9899447,-3,0,-72
1755868731.0259447,-1,0,-66
1755868731.062945,-3,3,-73
1755868731.1009445,-6,2,-83
1755868731.1399446,-5,-5,-79
1755868731.1759446,-11,-4,-66
1755868731.213945,0,-7,-65
1755868731.2519443,2,1,-77
1755868731.2899446,1,4,-66
1755868731.325945,2,-9,-68
1755868731.3639443,0,-6,-66
1755868731.4019446,6,-6,-71
1755868731.440945,7,-7,-56
1755868731.4789443,10,0,-67
1755868731.5149446,5,0,-76
1755868731.552945,8,5,-78
1755868731.5909443,-1,1,-61
1755868731.6289446,-5,6,-68
1755868731.6649446,-2,0,-73
1755868731.7019446,4,5,-76
1755868731.7409446,2,0,-59
1755868731.7789447,3,-1,-73
1755868731.8149445,-7,-2,-65
1755868731.8529446,1,-1,-70
1755868731.8909447,0,2,-65
1755868731.9299445,-1,11,-77
1755868731.9659443,-5,9,-76
1755868732.0029447,5,5,-74
1755868732.0409446,1,0,-69
1755868732.0789447,0,6,-69
1755868732.1149447,4,2,-81
1755868732.1519446,5,3,-62
1755868732.190945,-2,0,-65
1755868732.2289443,3,-2,-60
1755868732.2649446,2,-1,-72
1755868732.3019447,0,1,-67
1755868732.3409443,-5,2,-67
1755868732.3769443,-7,2,-65
1755868732.4139447,-7,0,-67
1755868732.4519446,5,1,-79
1755868732.4909446,0,-1,-84
1755868732.5269446,-9,6,-78
1755868732.5639446,-16,3,-70
1755868732.6029446,-9,2,-77
1755868732.6409447,-2,2,-74
1755868732.6799445,4,0,-86
1755868732.7159443,8,-1,-73
1755868732.7529447,3,-1,-81
1755868732.7909446,1,0,-68
1755868732.8269446,-6,4,-70
1755868732.8639443,-8,7,-77
1755868732.9019446,-4,-3,-80
1755868732.940945,7,-6,-70
1755868732.9769447,-2,-4,-73
1755868733.0159447,7,-5,-77
1755868733.052945,6,-2,-78
1755868733.0919447,5,-2,-71
1755868733.1299446,5,-2,-76
1755868733.1659446,1,6,-67
1755868733.2029445,0,6,-76
1755868733.2409446,2,0,-68
1755868733.2769446,-2,0,-76
1755868733.3139446,0,-1,-81
1755868733.3519447,-1,0,-67
1755868733.3909447,3,-1,-66
1755868733.4269447,2,4,-70
1755868733.463945,-7,3,-71
1755868733.5019443,1,7,-75
1755868733.5399446,3,-1,-69
1755868733.575945,7,0,-78
1755868733.6129446,-4,-1,-73
1755868733.6519446,-2,0,-75
1755868733.6899445,-3,2,-66
1755868733.7259445,-3,-1,-74
1755868733.7639446,0,0,-81
1755868733.8019447,2,-1,-79
1755868733.8399446,-3,0,-79
1755868733.8759446,7,4,-81
1755868733.9129446,6,5,-79
1755868733.950945,1,5,-75
1755868733.986945,0,5,-81
1755868734.0239446,-1,6,-75
1755868734.0619447,0,0,-62
1755868734.0999446,3,0,-63
1755868734.1359446,4,1,-69
1755868734.1729443,2,-4,-60
1755868734.2119446,-5,1,-59
1755868734.2479446,-4,0,-68
1755868734.2849443,2,-1,-68
1755868734.3239446,2,-1,-70
1755868734.361945,-2,3,-62
1755868734.3979447,-2,2,-76
1755868734.4359446,-2,-5,-60
1755868734.473945,3,-1,-65
1755868734.5129447,-3,2,-62
1755868734.5509446,3,0,-63
1755868734.5869446,4,1,-60
1755868734.6239443,10,-4,-69
1755868734.6629446,3,-6,-69
1755868734.700945,9,-5,-75
1755868734.736945,1,-4,-72
1755868734.7739446,0,-4,-76
1755868734.812945,3,-1,-72
1755868734.8509445,1,-7,-79
1755868734.8869443,0,-4,-73
1755868734.9249446,1,-2,-72
1755868734.9629445,-5,-3,-77
1755868735.0019443,0,0,-65
1755868735.0379446,2,4,-71
1755868735.0749447,-1,0,-69
1755868735.1129446,-2,2,-80
1755868735.1519446,-5,-1,-76
1755868735.187945,-1,-3,-80
1755868735.2259445,4,0,-74
1755868735.2629447,14,2,-81
1755868735.3019447,14,-2,-82
1755868735.3379445,3,1,-62
1755868735.3749447,-2,6,-70
1755868735.4129446,-4,3,-80
1755868735.4519446,3,-3,-69
1755868735.4879446,5,-7,-78
1755868735.5249443,1,4,-78
1755868735.562945,4,0,-66
1755868735.6009445,4,4,-69
1755868735.6379447,2,3,-73
1755868735.6749446,-4,5,-71
1755868735.7129445,-6,6,-71
1755868735.7519443,-1,-1,-85
1755868735.7879446,2,-1,-72
1755868735.8249447,-1,-6,-80
1755868735.8629446,-1,-3,-67
1755868735.9019446,0,4,-69
1755868735.937945,-5,4,-80
1755868735.9749446,-8,0,-79
1755868736.0129447,-6,-2,-78
1755868736.0519447,2,0,-79
1755868736.0879445,3,0,-76
1755868736.1249447,7,1,-75
1755868736.1629446,4,2,-72
1755868736.1989446,4,1,-75
1755868736.2359445,5,-2,-66
1755868736.2749443,5,-3,-62
1755868736.312945,0,0,-62
1755868736.348945,-4,0,-62
1755868736.3879447,-3,-4,-69
1755868736.4249446,-1,-5,-73
1755868736.4629445,2,0,-70
1755868736.5019443,10,1,-75
1755868736.5379446,7,0,-72
1755868736.5749447,10,-1,-74
1755868736.6139443,0,0,-75
1755868736.6519446,-3,-5,-69
1755868736.687945,-3,0,-70
1755868736.7249446,0,-7,-84
1755868736.7639446,0,-11,-79
1755868736.8019447,-2,-8,-81
1755868736.8379445,0,-11,-84
1755868736.8749447,2,-4,-74
1755868736.9139447,1,-1,-84
1755868736.9519446,-3,2,-75
1755868736.9879446,0,1,-88
1755868737.0249443,-1,-2,-56
1755868737.0639446,-8,-4,-64
1755868737.1019447,0,-1,-65
1755868737.1379447,2,-1,-79
1755868737.1749446,0,-2,-77
1755868737.213945,4,-4,-77
1755868737.2519443,6,0,-68
1755868737.2879446,-1,-4,-72
1755868737.325945,0,1,-74
1755868737.3639443,2,1,-76
1755868737.4019446,0,1,-73
1755868737.437945,-3,-1,-75
1755868737.4759445,-3,-4,-75
1755868737.5139446,-7,-2,-71
1755868737.552945,-7,0,-70
1755868737.588945,-2,3,-85
1755868737.6259446,-7,-1,-77
1755868737.6639447,0,-3,-74
1755868737.7029445,-3,-4,-81
1755868737.7389443,-2,2,-72
1755868737.7759447,-2,3,-70
1755868737.8139446,5,3,-72
1755868737.8499446,-3,4,-69
1755868737.8869443,2,3,-64
1755868737.9239447,0,-1,-78
1755868737.9629445,0,1,-87
1755868738.0059447,5,2,-78
1755868738.0439446,-2,-1,-74
1755868738.0829446,0,1,-72
1755868738.1189446,1,2,-76
1755868738.1559446,0,-3,-71
1755868738.1939447,0,-4,-60
1755868738.2329447,1,0,-68
1755868738.2689445,0,3,-72
1755868738.3059447,-1,-1,-80
1755868738.3439443,0,-2,-57
1755868738.3829446,-1,-4,-54
1755868738.4189446,-6,-3,-65
1755868738.4569447,-7,5,-67
1755868738.4949446,-7,1,-67
1755868738.5339446,-1,-1,-69
1755868738.5699446,1,0,-80
1755868738.6079447,0,1,-72
1755868738.644945,5,3,-79
1755868738.6839447,4,4,-66
1755868738.7199447,-2,6,-68
1755868738.7579446,2,3,-64
1755868738.7949443,0,3,-56
1755868738.8329446,-2,-4,-60
1755868738.8689446,-7,3,-70
1755868738.9059446,-5,-2,-72
1755868738.9449446,4,-9,-67
1755868738.9829447,3,-2,-70
1755868739.0189445,3,1,-70
1755868739.0559447,1,-2,-69
1755868739.0949447,3,3,-54
1755868739.1329446,6,-4,-66
1755868739.1689446,13,-1,-71
1755868739.2059443,2,0,-72
1755868739.2439446,-1,-3,-69
1755868739.279945,3,-2,-71
1755868739.3169446,5,-2,-73
1755868739.3549447,5,-2,-71
1755868739.3939445,0,-5,-83
1755868739.4299445,0,0,-74
1755868739.4669447,-4,-4,-70
1755868739.5059447,-7,1,-81
1755868739.5439446,-6,-4,-66
1755868739.5799446,-10,-6,-76
1755868739.6189446,-3,0,-65
1755868739.6559446,-3,1,-74
1755868739.6949446,3,4,-76
1755868739.7319446,2,-2,-71
1755868739.7689445,5,1,-76
1755868739.8059447,-7,1,-63
1755868739.8449447,1,-3,-72
1755868739.881945,4,-11,-84
1755868739.9189446,2,-6,-74
1755868739.9569447,0,-3,-79
1755868739.9949446,-5,0,-66
1755868740.0339446,-6,8,-77
1755868740.0699446,-5,7,-83
1755868740.1079447,1,6,-80
1755868740.1459446,-1,-1,-73
1755868740.1849446,-3,0,-83
1755868740.2209446,-1,0,-83
1755868740.2579446,1,4,-75
1755868740.2959447,1,0,-80
1755868740.3339446,0,3,-79
1755868740.3699446,-3,-1,-84
1755868740.407945,-6,-3,-75
1755868740.4459443,3,-1,-67
1755868740.4849446,6,5,-68
1755868740.5209446,0,1,-65
1755868740.5589447,-10,-2,-76
1755868740.5969446,2,-1,-70
1755868740.6359446,-1,-1,-67
1755868740.6739447,3,-5,-64
1755868740.7099447,5,1,-63
1755868740.746945,5,-3,-69
1755868740.7859447,-1,1,-69
1755868740.8239446,1,-2,-69
1755868740.8599446,6,-2,-75
1755868740.8969443,5,-1,-65
1755868740.9359446,2,0,-80
1755868740.973945,-1,-1,-91
1755868741.009945,-3,-3,-71
1755868741.0489447,-6,-5,-60
1755868741.085945,-7,-6,-63
1755868741.1249447,-3,-1,-64
1755868741.1609447,4,-3,-82
1755868741.1979446,-7,4,-81
1755868741.2359445,-1,4,-79
1755868741.2719443,-3,4,-76
1755868741.3089447,0,-1,-69
1755868741.3469446,-1,7,-60
1755868741.3859446,-6,4,-75
1755868741.4219446,-15,5,-66
1755868741.4589446,-8,1,-73
1755868741.496945,1,-1,-75
1755868741.5359447,4,-1,-80
1755868741.5719447,1,-1,-79
1755868741.608945,-2,-1,-82
1755868741.6469443,0,0,-67
1755868741.6859446,-3,0,-69
1755868741.7219446,3,-2,-63
1755868741.759945,9,0,-76
1755868741.7979443,4,1,-82
1755868741.835945,2,0,-74
1755868741.8749447,3,-1,-72
1755868741.9109447,4,0,-69
1755868741.9479446,0,-3,-81
1755868741.9859445,4,-6,-74
1755868742.0249443,-2,0,-73
1755868742.0609446,-1,1,-78
1755868742.0979445,-2,1,-76
1755868742.1369443,-2,0,-71
1755868742.1749446,-5,2,-81
1755868742.210945,-4,4,-72
1755868742.2479446,-7,-13,-76
1755868742.2869446,-3,-9,-72
1755868742.3249447,0,-6,-73
1755868742.3609445,0,-4,-66
1755868742.3979447,-2,-7,-74
1755868742.4369447,0,-4,-71
1755868742.4749446,8,-3,-69
1755868742.5109446,4,-5,-68
1755868742.5479443,4,0,-70
1755868742.585945,1,-6,-70
1755868742.621945,-1,-2,-75
1755868742.6599443,-4,6,-83
1755868742.6979446,-8,2,-74
1755868742.736945,-2,-2,-73
1755868742.7749443,-3,-5,-69
1755868742.8109446,0,0,-67
1755868742.8479445,-3,2,-59
1755868742.8869443,2,5,-70
1755868742.9249446,0,7,-73
1755868742.960945,-5,-6,-74
1755868742.9989443,-6,-8,-58
1755868743.0369446,0,-4,-67
1755868743.075945,-4,-3,-78
1755868743.111945,0,-1,-77
1755868743.1499443,0,-4,-72
1755868743.1869447,3,-1,-80
1755868743.2259445,-2,-1,-74
1755868743.2619443,0,-9,-72
1755868743.2999446,-3,-5,-85
1755868743.3369446,1,0,-87
1755868743.3759446,3,-5,-79
1755868743.4119446,9,-4,-77
1755868743.4499447,4,-1,-80
1755868743.486945,7,-2,-66
1755868743.5259447,1,-2,-63
1755868743.5619447,3,-2,-62
1755868743.5999446,0,-3,-59
1755868743.6369443,6,0,-73
1755868743.6729443,3,0,-75
1755868743.7099447,1,-3,-77
1755868743.7479446,3,-3,-65
1755868743.7869446,2,3,-67
1755868743.8229446,4,0,-65
1755868743.8599446,1,0,-74
1755868743.8979447,-1,-3,-67
1755868743.9369447,4,-1,-64
1755868743.9729445,5,3,-69
1755868744.009945,-1,3,-76
1755868744.0479443,-4,-1,-80
1755868744.0869446,0,0,-80
1755868744.1229446,-8,0,-69
1755868744.1599443,-2,1,-73
1755868744.1979446,0,0,-58
1755868744.236945,0,1,-61
1755868744.2729447,0,10,-68
1755868744.3099446,0,3,-64
1755868744.3479445,0,0,-72
1755868744.3859446,-1,0,-77
1755868744.4219446,-3,0,-72
1755868744.4599447,-11,-6,-70
1755868744.4989443,-5,-10,-71
1755868744.5369446,-6,-8,-74
1755868744.5729446,-6,-2,-65
1755868744.6109445,0,0,-72
1755868744.6489446,-3,-1,-71
1755868744.687945,0,4,-68
1755868744.7259445,-1,-2,-74
1755868744.7619443,0,4,-67
1755868744.7989447,3,-2,-66
1755868744.8379445,0,0,-68
1755868744.8759446,1,-5,-65
1755868744.9119446,0,1,-74
1755868744.9489446,-3,-1,-76
1755868744.9879446,-8,-5,-79
1755868745.0239446,-14,-5,-72
1755868745.0619447,-2,-2,-71
1755868745.0999446,7,-2,-65
1755868745.1379447,0,1,-67
1755868745.1739447,-2,-1,-70
1755868745.2119446,5,4,-77
1755868745.2489443,0,4,-70
1755868745.2869446,3,0,-75
1755868745.3229446,-1,-1,-76
1755868745.3609445,-4,7,-84
1755868745.3989446,-5,0,-81
1755868745.437945,0,0,-69
1755868745.473945,1,3,-67
1755868745.5119443,-2,4,-79
1755868745.5489447,-4,4,-68
1755868745.5879445,-12,1,-68
1755868745.6239443,-11,-2,-77
1755868745.6619446,-9,0,-77
1755868745.700945,0,-5,-83
1755868745.7389443,2,-2,-83
1755868745.7769446,7,-3,-74
1755868745.812945,4,-3,-73
1755868745.8509445,-2,4,-81
1755868745.8889446,-2,-1,-69
1755868745.927945,-1,3,-57
1755868745.963945,-1,1,-72
1755868746.0009446,-4,-3,-72
1755868746.0389447,0,1,-62
1755868746.0779445,-5,2,-73
1755868746.1139443,1,2,-75
1755868746.1519446,4,1,-75
1755868746.1889446,0,0,-66
1755868746.2269447,2,0,-66
1755868746.2629447,0,4,-69
1755868746.3009446,-4,2,-78
1755868746.338945,-5,1,-81
1755868746.3769443,-2,5,-65
1755868746.4129446,-4,0,-61
1755868746.450945,-1,2,-69
1755868746.4889443,1,-8,-70
1755868746.5269446,0,0,-67
1755868746.562945,2,-6,-65
1755868746.5999446,-1,-4,-67
1755868746.6389446,0,-4,-64
1755868746.6769447,1,-5,-72
1755868746.7129445,2,-3,-76
1755868746.7499447,10,2,-68
1755868746.7879446,5,0,-77
1755868746.8239446,1,-1,-79
1755868746.8609445,4,-3,-77
1755868746.8999443,-8,-4,-84
1755868746.937945,3,-5,-66
1755868746.973945,0,-6,-68
1755868747.0109446,0,-1,-71
1755868747.0489447,-3,0,-68
1755868747.0879445,-3,0,-64
1755868747.1239443,-4,-1,-73
1755868747.1619446,2,-4,-65
1755868747.1999447,-8,0,-55
1755868747.2389443,-9,2,-72
1755868747.2749443,-7,1,-75
1755868747.312945,0,1,-71
1755868747.3499446,7,2,-69
1755868747.3879447,0,1,-65
1755868747.4239447,8,-2,-72
1755868747.4629445,-2,5,-73
1755868747.4999447,-6,0,-57
1755868747.5389447,-5,-1,-64
1755868747.5749447,0,4,-71
1755868747.6129446,1,4,-71
1755868747.6499443,-3,6,-66
1755868747.6889446,0,1,-76
1755868747.7249446,0,4,-79
1755868747.7629447,0,0,-68
1755868747.7999446,-6,1,-70
1755868747.838945,-6,-2,-69
1755868747.8749447,-2,-2,-72
1755868747.9129446,0,0,-74
1755868747.9499447,2,-2,-89
1755868747.9889443,5,0,-76
1755868748.032945,-3,-2,-79
1755868748.0719447,-11,-2,-72
1755868748.1099446,-4,0,-78
1755868748.1479447,0,-4,-76
1755868748.1839447,-3,-4,-73
1755868748.2219446,-8,-6,-74
1755868748.259945,1,0,-83
1755868748.2979443,1,1,-74
1755868748.3339446,5,-1,-79
1755868748.3709445,2,3,-76
1755868748.4099443,-1,2,-77
1755868748.4479446,-3,0,-76
1755868748.483945,-1,2,-74
1755868748.5209446,2,0,-75
1755868748.5589447,5,8,-76
1755868748.5949447,1,3,-76
1755868748.631945,-5,-3,-78
1755868748.6699443,-9,-3,-65
1755868748.7089446,-13,-8,-67
1755868748.7449446,-6,-2,-66
1755868748.782945,-7,2,-66
1755868748.8209443,-6,1,-66
1755868748.8599446,0,2,-59
1755868748.8959446,0,4,-59
1755868748.9329443,7,0,-75
1755868748.9709446,5,3,-76
1755868749.0089445,-1,9,-67
1755868749.0449443,-8,1,-68
1755868749.0819447,-2,-3,-69
1755868749.1199446,0,1,-80
1755868749.1559446,6,-1,-76
1755868749.1939447,8,1,-71
1755868749.2309446,-5,1,-84
1755868749.269945,-2,9,-85
1755868749.3059447,7,6,-70
1755868749.3439443,2,-3,-70
1755868749.3809447,0,-1,-73
1755868749.4199443,0,-7,-66
1755868749.4559443,-5,-5,-67
1755868749.4939446,-3,-4,-74
1755868749.5319445,-3,-4,-79
1755868749.5709443,6,1,-72
1755868749.608945,-3,-2,-72
1755868749.644945,0,-4,-70
1755868749.6819446,1,0,-70
1755868749.7199447,1,-3,-72
1755868749.7559447,-1,5,-71
1755868749.792945,2,1,-63
1755868749.8309443,1,0,-69
1755868749.8689446,8,-3,-80
1755868749.904945,3,-1,-78
1755868749.9419446,6,-1,-82
1755868749.9809446,-1,-4,-70
1755868750.0189445,-3,0,-65
1755868750.0549445,0,-2,-63
1755868750.0919447,0,-5,-61
1755868750.1309447,-1,0,-78
1755868750.1689446,-4,-4,-71
1755868750.2049446,3,0,-67
1755868750.2429447,-4,3,-67
1755868750.2809446,-2,0,-62
1755868750.3169446,2,-8,-55
1755868750.3549447,0,-4,-75
1755868750.3929446,0,-7,-81
1755868750.4309447,-3,0,-73
1755868750.4699447,-1,-2,-73
1755868750.5059447,-1,7,-74
1755868750.542945,2,10,-67
1755868750.5809443,2,1,-74
1755868750.6169446,3,0,-80
1755868750.654945,-1,9,-77
1755868750.6929443,0,4,-64
1755868750.7309446,-4,-7,-79
1755868750.7669446,-4,-1,-76
1755868750.8049445,0,0,-67
1755868750.8429446,7,0,-69
1755868750.8809447,4,-6,-69
1755868750.9169445,-2,-5,-72
1755868750.9549446,-3,-5,-64
1755868750.9929447,-3,0,-75
1755868751.0319445,5,-6,-68
1755868751.0699446,-4,-8,-62
1755868751.1059446,3,-5,-66
1755868751.1429446,1,-5,-58
1755868751.1819446,5,-7,-62
1755868751.2199447,5,-4,-71
1755868751.2559447,4,3,-76
1755868751.292945,1,6,-72
1755868751.3309443,5,0,-71
1755868751.3669446,0,3,-75
1755868751.4039447,4,3,-68
1755868751.4419446,-2,-4,-74
1755868751.4799447,0,-4,-70
1755868751.5159447,-1,-2,-61
1755868751.5539446,3,2,-58
1755868751.5919447,1,5,-66
1755868751.6309447,-3,4,-75
1755868751.6669445,1,2,-67
1755868751.7039447,1,5,-73
1755868751.7419446,-1,0,-83
1755868751.779945,0,0,-77
1755868751.815945,0,-2,-67
1755868751.8529446,4,-3,-75
1755868751.8919446,-3,-1,-62
1755868751.9299445,-1,3,-81
1755868751.9659443,0,-8,-78
1755868752.0039446,0,-1,-76
1755868752.0419445,0,4,-72
1755868752.0779445,0,2,-71
1755868752.1149447,2,-4,-80
1755868752.1539447,-1,-1,-78
1755868752.1919446,-4,-1,-78
1755868752.2279446,1,-4,-79
1755868752.2649446,7,-4,-71
1755868752.3039446,-4,-7,-59
1755868752.3419447,-6,-3,-67
1755868752.3779447,2,-1,-66
1755868752.4149446,1,-4,-63
1755868752.4539447,-8,-2,-68
1755868752.4919446,-6,-5,-69
1755868752.5279446,-3,2,-66
1755868752.5649445,3,-5,-65
1755868752.6039443,0,-6,-71
1755868752.6419446,-2,1,-79
1755868752.677945,0,1,-75
1755868752.7149446,2,-1,-73
1755868752.7529447,0,-3,-69
1755868752.7919445,6,-7,-71
1755868752.8279445,3,-3,-63
1755868752.8649447,-1,-1,-67
1755868752.9039447,5,-1,-71
1755868752.9419446,4,-7,-72
1755868752.9789443,-2,-1,-60
1755868753.0159447,3,-6,-69
1755868753.0539446,-7,-3,-66
1755868753.0929446,-4,2,-76
1755868753.1309447,2,2,-81
1755868753.1669445,6,-2,-77
1755868753.2039447,-1,-3,-83
1755868753.2429447,0,-2,-73
1755868753.2809446,0,-5,-70
1755868753.3169446,-2,-4,-69
1755868753.3549447,3,-2,-65
1755868753.3929446,2,-3,-69
1755868753.4319446,1,3,-72
1755868753.4679446,5,-5,-75
1755868753.5049446,0,-4,-84
1755868753.5439446,-1,-5,-86
1755868753.5819447,0,1,-75
1755868753.6179447,-1,3,-73
1755868753.654945,0,0,-87
1755868753.6929443,-9,-2,-82
1755868753.7309446,0,1,-70
1755868753.7669446,6,-6,-80
1755868753.8039446,0,-3,-78
1755868753.8429446,-1,-4,-74
1755868753.8789446,-6,-7,-72
1755868753.9169445,6,1,-82
1755868753.9539447,5,-2,-71
1755868753.9929447,2,1,-70
1755868754.0289447,-4,0,-71
1755868754.065945,-5,0,-79
1755868754.1039443,4,0,-70
1755868754.1429446,-1,6,-70
1755868754.1789446,1,1,-66
1755868754.2159443,-7,-7,-65
1755868754.2539446,-1,-3,-76
1755868754.292945,-4,-1,-82
1755868754.3289447,-4,0,-76
1755868754.3659446,5,3,-73
1755868754.4029446,-5,3,-60
1755868754.4419446,-11,1,-64
1755868754.4779446,1,6,-72
1755868754.5159447,0,3,-76
1755868754.552945,9,2,-58
1755868754.5919447,7,-4,-63
1755868754.6279447,3,-1,-62
1755868754.6649446,3,0,-64
1755868754.7039447,2,5,-70
1755868754.7419446,2,-5,-72
1755868754.7779446,-5,-2,-73
1755868754.815945,-4,4,-81
1755868754.8549447,1,2,-79
1755868754.8929446,0,1,-67
1755868754.9289446,1,-3,-71
1755868754.9669447,2,-1,-76
1755868755.0049446,1,0,-69
1755868755.042945,-3,-8,-65
1755868755.0789447,4,-6,-64
1755868755.1159446,-7,0,-73
1755868755.154945,5,-4,-61
1755868755.1929443,0,-5,-79
1755868755.2289443,0,0,-77
1755868755.2669446,0,-4,-74
1755868755.3049445,0,1,-75
1755868755.3429446,6,-3,-69
1755868755.3789446,9,-6,-76
1755868755.4159446,-2,3,-68
1755868755.4549446,-4,1,-70
1755868755.4929447,-3,-1,-71
1755868755.5289447,-6,0,-78
1755868755.5669446,-6,0,-70
1755868755.6049447,-7,-7,-76
1755868755.6429446,-3,0,-68
1755868755.6789446,0,1,-80
1755868755.7169447,3,2,-93
1755868755.7539446,4,2,-75
1755868755.792945,3,0,-77
1755868755.8289447,3,-1,-78
1755868755.8669446,2,-6,-74
1755868755.904945,-4,-1,-74
1755868755.9439447,1,-2,-71
1755868755.9799447,0,0,-80
1755868756.0169446,-2,1,-66
1755868756.0549445,-9,0,-68
1755868756.0939443,6,-2,-70
1755868756.1299446,0,-1,-79
1755868756.1669445,-4,1,-74
1755868756.2049446,-6,1,-72
1755868756.2439446,-8,7,-72
1755868756.279945,-4,2,-70
1755868756.3169446,2,-1,-71
1755868756.3549447,2,1,-85
1755868756.3929446,2,4,-75
1755868756.4289446,-2,7,-69
1755868756.4669447,1,9,-64
1755868756.5049446,1,4,-67
1755868756.542945,4,1,-77
1755868756.5789447,2,2,-70
1755868756.6169446,0,8,-73
1755868756.654945,1,-1,-69
1755868756.6929443,-2,-1,-72
1755868756.7289443,0,-6,-75
1755868756.7669446,1,-3,-65
1755868756.8049445,8,-4,-70
1755868756.8439443,-1,0,-74
1755868756.8799446,-5,-4,-63
1755868756.917945,-3,-5,-81
1755868756.9559443,5,1,-77
1755868756.9939446,3,-3,-71
1755868757.029945,6,-4,-65
1755868757.0669446,-5,-2,-64
1755868757.1049447,-5,-7,-87
1755868757.1439445,4,-1,-79
1755868757.1799445,7,-2,-67
1755868757.2179446,4,-9,-74
1755868757.2559447,2,-12,-73
1755868757.2949443,2,-1,-62
1755868757.3329446,-3,-5,-69
1755868757.3689446,0,-2,-70
1755868757.4059446,-3,2,-71
1755868757.4449446,1,0,-74
1755868757.4809446,5,-1,-72
1755868757.5189445,8,0,-70
1755868757.5559447,-4,-11,-72
1755868757.5949447,0,0,-76
1755868757.6309447,-10,0,-76
1755868757.667945,-5,1,-76
1755868757.7059443,-2,1,-77
1755868757.7449446,2,0,-71
1755868757.7809446,6,-4,-66
1755868757.8179443,0,-4,-67
1755868757.8559446,-8,-3,-75
1755868757.894945,5,0,-81
1755868757.9309447,1,-1,-70
1755868757.9679446,0,-4,-70
1755868758.0059447,-4,1,-80
1755868758.0499446,-1,-2,-74
1755868758.088945,-4,2,-70
1755868758.1259446,-6,-2,-55
1755868758.1649446,-3,-2,-72
1755868758.200945,-6,-4,-79
1755868758.2389443,-2,2,-72
1755868758.2769446,4,0,-66
1755868758.3149445,-1,6,-69
1755868758.3509445,-3,4,-69
1755868758.3879447,2,4,-68
1755868758.4259446,-3,0,-59
1755868758.463945,1,5,-68
1755868758.4999447,3,5,-61
1755868758.5369446,5,4,-71
1755868758.575945,2,6,-72
1755868758.6139443,-3,2,-73
1755868758.6499443,4,-6,-76
1755868758.6869447,3,-7,-69
1755868758.7259445,2,0,-71
1755868758.7639446,5,0,-82
1755868758.7999446,-4,1,-83
1755868758.8369446,1,7,-73
1755868758.8759446,5,5,-77
1755868758.9139447,-3,-3,-70
1755868758.9499447,-4,0,-73
1755868758.9879446,1,4,-82
1755868759.0259447,-1,-1,-71
1755868759.0639446,0,-6,-63
1755868759.0999446,0,-2,-74
1755868759.1379447,9,-5,-70
1755868759.1759446,0,2,-61
1755868759.213945,-1,0,-69
1755868759.2499447,4,0,-65
1755868759.2879446,5,-3,-69
1755868759.325945,-1,-3,-72
1755868759.361945,-2,-3,-86
1755868759.4009447,0,-5,-77
1755868759.437945,3,-4,-66
1755868759.4759445,3,1,-82
1755868759.5119443,-6,-9,-80
1755868759.5509446,1,2,-81
1755868759.5879445,0,3,-74
1755868759.6259446,-2,0,-67
1755868759.6619446,-5,7,-74
1755868759.6989446,-5,1,-82
1755868759.7379446,0,-2,-69
1755868759.7759447,-1,3,-77
1755868759.8119447,-3,0,-79
1755868759.848945,-10,0,-89
1755868759.8869443,0,0,-89
1755868759.9259446,4,0,-78
1755868759.9619446,6,-2,-81
1755868759.9989443,8,-1,-78
1755868760.0369446,1,0,-75
1755868760.075945,-6,5,-68
1755868760.111945,0,2,-73
1755868760.1489446,4,0,-75
1755868760.1869447,3,-3,-80
1755868760.2259445,-5,1,-72
1755868760.2619443,-3,0,-66
1755868760.2999446,-3,-5,-69
1755868760.3379445,0,-10,-73
1755868760.3769443,-2,5,-80
1755868760.4149446,1,1,-78
1755868760.450945,0,-1,-80
1755868760.4879446,0,-2,-73
1755868760.5269446,1,-5,-71
1755868760.5649445,3,5,-78
1755868760.6009445,7,6,-73
1755868760.6379447,5,7,-72
1755868760.6759446,4,-6,-73
1755868760.7119446,-2,0,-80
1755868760.7499447,-1,-3,-69
1755868760.7879446,-1,-2,-67
1755868760.8269446,0,5,-70
1755868760.8649447,1,2,-79
1755868760.9009447,-1,0,-68
1755868760.937945,-1,-3,-72
1755868760.9769447,1,0,-71
1755868761.0129447,5,1,-74
1755868761.0499446,3,5,-70
1755868761.0879445,-3,0,-70
1755868761.1269443,4,-11,-73
1755868761.1629446,6,-3,-76
1755868761.200945,-5,5,-76
1755868761.2389443,-3,-1,-71
1755868761.2769446,1,-7,-65
1755868761.315945,-1,-2,-69
1755868761.3519447,0,0,-68
1755868761.3889446,9,-6,-73
1755868761.4269447,4,-3,-71
1755868761.4659443,9,5,-74
1755868761.5019443,0,-2,-76
1755868761.5389447,7,1,-79
1755868761.5769446,0,1,-78
1755868761.6159446,-4,5,-78
1755868761.6519446,-1,-1,-75
1755868761.6899445,4,-2,-83
1755868761.7279446,6,-5,-76
1755868761.7669446,3,-1,-71
1755868761.802945,-6,5,-62
1755868761.8399446,-3,-8,-60
1755868761.8779447,-2,0,-63
1755868761.9169445,-1,1,-73
1755868761.9529445,5,1,-74
1755868761.9899447,0,-5,-63
1755868762.0279446,1,-1,-74
1755868762.0669446,4,4,-72
1755868762.1029446,4,4,-80
1755868762.1399446,1,0,-73
1755868762.177945,-5,-5,-78
1755868762.2159443,0,0,-69
1755868762.2519443,-1,0,-68
1755868762.2889447,-3,-6,-63
1755868762.3279445,2,0,-70
1755868762.3659446,4,-1,-67
1755868762.4019446,2,-3,-70
1755868762.4389446,-1,-2,-76
1755868762.4779446,-8,-4,-62
1755868762.5159447,0,-1,-64
1755868762.5519447,5,-1,-77
1755868762.588945,1,4,-75
1755868762.6279447,3,-3,-74
1755868762.6659446,1,-3,-81
1755868762.7019446,-3,3,-74
1755868762.7389443,3,-4,-66
1755868762.7779446,0,4,-75
1755868762.815945,3,5,-73
1755868762.8519447,3,0,-68
1755868762.8889446,-3,-5,-79
1755868762.927945,2,2,-80
1755868762.963945,1,2,-76
1755868763.0009446,0,0,-67
1755868763.0379446,0,1,-69
1755868763.0739446,-5,-2,-78
1755868763.1129446,-1,-5,-76
1755868763.1499443,0,-8,-75
1755868763.187945,6,1,-70
1755868763.223945,9,0,-79
1755868763.2609446,7,0,-69
1755868763.2979443,1,2,-56
1755868763.3339446,3,-1,-65
1755868763.3709445,0,-9,-67
1755868763.4099443,-5,-3,-77
1755868763.4479446,-1,3,-72
1755868763.483945,-5,3,-73
1755868763.5209446,-4,-1,-68
1755868763.5599446,5,0,-68
1755868763.5979445,2,-3,-70
1755868763.6339445,-5,4,-69
1755868763.6709447,-12,7,-68
1755868763.7099447,-2,6,-69
1755868763.7479446,0,-5,-64
1755868763.7839446,7,-3,-81
1755868763.8209443,3,0,-82
1755868763.858945,4,-5,-74
1755868763.8979447,4,3,-74
1755868763.9339447,6,1,-70
1755868763.9709446,5,5,-71
1755868764.009945,3,-1,-76
1755868764.0479443,10,-3,-77
1755868764.0839446,5,-8,-81
1755868764.1209445,1,9,-93
1755868764.1599443,0,7,-84
1755868764.1979446,4,-1,-77
1755868764.233945,7,-5,-70
1755868764.2709446,4,7,-72
1755868764.3089447,3,10,-67
1755868764.3469446,3,7,-74
1755868764.3829446,0,0,-71
1755868764.4199443,-1,0,-73
1755868764.4589446,-1,0,-69
1755868764.496945,5,2,-66
1755868764.532945,5,2,-77
1755868764.5699446,3,0,-71
1755868764.608945,5,-4,-62
1755868764.6459446,7,-4,-72
1755868764.6839447,-1,-5,-76
1755868764.7209446,-3,0,-67
1755868764.759945,7,0,-77
1755868764.7979443,0,-3,-74
1755868764.8339446,-2,0,-77
1755868764.8709445,9,10,-83
1755868764.9089446,6,2,-74
1755868764.9449446,10,5,-74
1755868764.983945,1,4,-66
1755868765.0209446,-1,0,-65
1755868765.0599446,0,-4,-71
1755868765.0979445,4,3,-73
1755868765.1339445,4,-3,-74
1755868765.1709447,6,-7,-81
1755868765.2099447,1,-7,-74
1755868765.2479446,7,-2,-69
1755868765.2839446,3,0,-65
1755868765.3209443,-1,-2,-68
1755868765.358945,10,-3,-88
1755868765.3979447,12,2,-66
1755868765.4339447,6,-11,-77
1755868765.4709446,5,1,-77
1755868765.509945,3,-4,-66
1755868765.5479443,-2,0,-68
1755868765.5839446,-3,0,-76
1755868765.6209445,0,1,-66
1755868765.6599443,4,-2,-62
1755868765.6979446,0,0,-62
1755868765.733945,2,0,-66
1755868765.7709446,6,0,-65
1755868765.8089447,-4,-5,-80
1755868765.8449447,0,0,-89
1755868765.8829446,-4,-1,-76
1755868765.9209447,5,-2,-82
1755868765.9599447,3,2,-80
1755868765.9979446,-1,4,-68
1755868766.0339446,-6,8,-75
1755868766.0729446,-4,1,-72
1755868766.1099446,9,0,-76
1755868766.1479447,0,-4,-66
1755868766.1839447,-1,-2,-84
1755868766.2229445,0,9,-73
1755868766.259945,1,3,-66
1755868766.2979443,0,-1,-76
1755868766.3339446,-4,-4,-69
1755868766.3729446,1,0,-63
1755868766.4099443,0,-2,-72
1755868766.4489446,-2,2,-70
1755868766.4849446,-3,0,-83
1755868766.5229447,0,-2,-80
1755868766.5599446,-4,0,-78
1755868766.598945,5,3,-69
1755868766.634945,14,5,-67
1755868766.6729443,14,6,-80
1755868766.7099447,2,-2,-69
1755868766.7489443,1,-4,-66
1755868766.7849443,-3,-6,-68
1755868766.8229446,-1,-3,-68
1755868766.8609445,0,-1,-60
1755868766.8999443,2,-2,-63
1755868766.9359446,7,-3,-58
1755868766.9729445,1,0,-62
1755868767.009945,1,1,-60
1755868767.0459447,0,-1,-65
1755868767.0829446,-2,-3,-68
1755868767.1209445,8,2,-73
1755868767.1589446,0,-2,-65
1755868767.1949446,3,-4,-60
1755868767.2329447,3,-2,-68
1755868767.2709446,0,-5,-60
1755868767.3099446,-2,3,-65
1755868767.3459446,-1,0,-64
1755868767.3839445,-2,0,-69
1755868767.4229443,6,-3,-73
1755868767.460945,8,-5,-75
1755868767.4989443,2,0,-81
1755868767.5349443,4,2,-78
1755868767.5729446,4,-4,-83
1755868767.6109445,8,-2,-71
1755868767.6489446,12,-6,-66
1755868767.6849446,3,-5,-76
1755868767.7229445,-1,0,-77
1755868767.7609446,2,4,-71
1755868767.7989447,-1,0,-70
1755868767.8349447,2,5,-72
1755868767.8729446,1,2,-69
1755868767.9109447,0,4,-69
1755868767.9489446,-5,1,-78
1755868767.9849446,0,4,-90
1755868768.0229447,1,0,-86
1755868768.065945,4,0,-80
1755868768.1039443,-4,3,-73
1755868768.1429446,-5,-1,-64
1755868768.1809447,0,0,-70
1755868768.2189443,-4,1,-67
1755868768.2549446,-1,3,-74
1755868768.2919445,-7,1,-70
1755868768.3309443,0,0,-60
1755868768.3669446,-2,-2,-68
1755868768.404945,0,-2,-65
1755868768.4439447,5,-7,-63
1755868768.4809446,6,-3,-64
1755868768.519945,2,4,-72
1755868768.5559447,10,5,-69
1755868768.5929446,14,2,-72
1755868768.6309447,3,1,-80
1755868768.6669445,0,4,-79
1755868768.7049446,0,0,-80
1755868768.7419446,4,4,-74
1755868768.779945,-4,-4,-82
1755868768.815945,-1,-3,-78
1755868768.8549447,2,-4,-76
1755868768.8919446,0,-2,-68
1755868768.9309447,-3,3,-67
1755868768.9669447,6,-9,-80
1755868769.0049446,5,-6,-68
1755868769.0419445,7,2,-82
1755868769.0799446,1,2,-75
1755868769.1169446,1,3,-70
1755868769.1539447,2,0,-74
1755868769.1919446,4,-4,-76
1755868769.2309446,-2,-2,-88
1755868769.2669446,0,-1,-81
1755868769.3039446,8,-2,-72
1755868769.3419447,5,4,-71
1755868769.3799446,0,6,-77
1755868769.4159446,0,-1,-78
1755868769.4539447,0,-4,-73
1755868769.4919446,-2,-2,-73
1755868769.5309446,-1,1,-76
1755868769.5669446,6,2,-67
1755868769.6039443,0,0,-66
1755868769.6419446,-1,0,-55
1755868769.6809447,-3,-1,-70
1755868769.7169447,10,-8,-76
1755868769.7539446,5,-3,-66
1755868769.7919445,1,1,-70
1755868769.8299446,-6,0,-65
1755868769.8659446,1,-6,-66
1755868769.9039447,8,-6,-69
1755868769.9419446,9,1,-81
1755868769.9799447,4,0,-78
1755868770.0169446,3,0,-81
1755868770.0539446,0,0,-73
1755868770.0919447,7,3,-75
1755868770.1279447,3,3,-68
1755868770.1649446,5,0,-66
1755868770.2029445,5,-3,-68
1755868770.2419446,7,-2,-67
1755868770.2779446,3,-2,-73
1755868770.3149445,0,-1,-76
1755868770.3529446,4,1,-71
1755868770.3909447,10,1,-75
1755868770.4269447,12,-6,-77
1755868770.463945,0,-2,-73
1755868770.5019443,-1,-1,-71
1755868770.5409446,-8,-3,-74
1755868770.5769446,-4,1,-74
1755868770.6139443,2,1,-76
1755868770.6519446,1,0,-76
1755868770.687945,-5,0,-65
1755868770.7259445,-6,-5,-73
1755868770.7639446,3,5,-82
1755868770.8019447,0,-2,-80
1755868770.8409443,0,-6,-73
1755868770.8769443,-8,2,-70
1755868770.9139447,6,-1,-79
1755868770.9529445,3,0,-69
1755868770.9909446,4,-2,-71
1755868771.0269446,1,2,-72
1755868771.0639446,0,-7,-68
1755868771.1029446,0,-1,-66
1755868771.1409447,-2,-1,-58
1755868771.1769447,0,-3,-75
1755868771.213945,2,1,-77
1755868771.2529447,1,-1,-80
1755868771.2909446,-2,-13,-86
1755868771.3269446,0,-10,-83
1755868771.3649447,3,3,-73
1755868771.4029446,-5,5,-74
1755868771.440945,-7,1,-75
1755868771.4769447,-1,-2,-78
1755868771.5149446,-3,3,-63
1755868771.552945,0,4,-61
1755868771.5909443,6,1,-70
1755868771.6269443,0,-1,-72
1755868771.6639447,6,0,-62
1755868771.7019446,3,2,-70
1755868771.7379446,2,6,-72
1755868771.7759447,-6,3,-71
1755868771.8149445,0,2,-85
1755868771.8529446,-6,14,-77
1755868771.8889446,0,9,-68
1755868771.9259446,3,2,-70
1755868771.963945,-2,-6,-57
1755868772.0029447,-6,0,-63
1755868772.0389447,3,-7,-70
1755868772.075945,-4,0,-81
1755868772.1139443,5,2,-73
1755868772.1529446,-1,-5,-74
1755868772.1889446,-1,0,-75
1755868772.2259445,3,3,-76
1755868772.2629447,3,-2,-77
1755868772.3019447,2,4,-66
1755868772.3379445,1,-1,-70
1755868772.3759446,0,1,-78
1755868772.4129446,0,0,-77
1755868772.4489446,3,0,-80
1755868772.4859445,3,-2,-71
1755868772.5239446,5,3,-78
1755868772.5619447,0,2,-82
1755868772.5979445,-9,0,-74
1755868772.634945,6,5,-72
1755868772.6729443,8,-2,-72
1755868772.7089446,5,2,-73
1755868772.746945,4,6,-70
1755868772.7849443,-1,2,-70
1755868772.8239446,-7,4,-83
1755868772.861945,-14,2,-79
1755868772.8979447,0,0,-73
1755868772.9349446,-4,3,-71
1755868772.973945,4,2,-74
1755868773.0119443,0,-5,-70
1755868773.0479443,-1,-2,-77
1755868773.085945,-1,0,-70
1755868773.1239443,-2,-4,-78
1755868773.1629446,0,-12,-63
1755868773.1989446,0,-8,-70
1755868773.2359445,0,-2,-77
1755868773.2739446,-3,-4,-87
1755868773.312945,-7,6,-70
1755868773.348945,7,3,-81
1755868773.3859446,0,0,-79
1755868773.4239447,0,2,-68
1755868773.4619446,1,8,-68
1755868773.4979446,8,-2,-74
1755868773.5359447,2,-4,-83
1755868773.5739446,2,-6,-75
1755868773.6129446,-6,-2,-78
1755868773.6489446,-7,6,-70
1755868773.6859446,-2,0,-75
1755868773.723945,-1,-4,-72
1755868773.7629447,-3,0,-76
1755868773.7989447,0,-5,-80
1755868773.835945,5,2,-77
1755868773.8739443,7,2,-73
1755868773.9099443,6,0,-80
1755868773.9469447,1,-3,-72
1755868773.9849446,3,2,-70
1755868774.0229447,-2,1,-71
1755868774.0589447,-6,2,-65
1755868774.0959446,0,-5,-72
1755868774.1339445,-1,6,-69
1755868774.1729443,-1,0,-82
1755868774.2089446,-1,0,-73
1755868774.2459445,-2,3,-71
1755868774.2839446,0,0,-66
1755868774.3229446,2,-4,-74
1755868774.358945,0,1,-67
1755868774.3959446,1,1,-72
1755868774.4339447,2,0,-63
1755868774.4699447,2,0,-63
1755868774.5079446,-7,0,-74
1755868774.5449443,-5,-3,-67
1755868774.5839446,-7,-2,-76
1755868774.6199446,-6,-6,-75
1755868774.657945,-1,0,-73
1755868774.6969447,3,1,-73
1755868774.7349446,7,1,-65
1755868774.7729447,4,2,-67
1755868774.8089447,4,-2,-81
1755868774.8459446,2,-1,-84
1755868774.884945,0,-4,-81
1755868774.9229443,2,5,-82
1755868774.9589446,-5,1,-71
1755868774.996945,-8,-4,-70
1755868775.0359447,-1,0,-67
1755868775.0739446,-1,-3,-64
1755868775.1099446,3,0,-64
1755868775.1479447,-1,0,-76
1755868775.1859446,-3,4,-77
1755868775.223945,-4,-2,-73
1755868775.259945,1,1,-81
1755868775.2979443,6,2,-74
1755868775.3349447,-1,-2,-73
1755868775.3739443,4,0,-70
1755868775.4109447,6,0,-74
1755868775.4479446,-1,0,-73
1755868775.4859445,-11,2,-63
1755868775.5249443,-7,0,-75
1755868775.5609446,0,0,-70
1755868775.5979445,0,-4,-75
1755868775.6359446,-7,-3,-75
1755868775.6749446,-3,0,-80
1755868775.710945,-2,2,-71
1755868775.7489443,0,5,-68
1755868775.7859447,-2,3,-79
1755868775.8249447,1,-3,-76
1755868775.8609445,0,-1,-76
1755868775.8979447,-5,-1,-73
1755868775.9359446,-5,0,-80
1755868775.9749446,7,-1,-66
1755868776.0109446,-1,-1,-79
1755868776.0489447,-2,1,-69
1755868776.0869446,-4,0,-77
1755868776.1249447,9,-5,-74
1755868776.1639447,1,0,-74
1755868776.1999447,3,3,-78
1755868776.236945,1,-3,-66
1755868776.2759447,-2,-3,-60
1755868776.3139446,2,-4,-81
1755868776.3499446,-1,4,-73
1755868776.3869443,6,2,-85
1755868776.4249446,-5,-4,-69
1755868776.460945,0,-3,-68
1755868776.4979446,-7,1,-63
1755868776.5369446,-1,-3,-66
1755868776.5749447,-2,0,-73
1755868776.6109445,-3,-4,-68
1755868776.6489446,0,0,-65
1755868776.6869447,-4,0,-67
1755868776.7259445,3,0,-71
1755868776.7639446,-7,-4,-68
1755868776.7999446,-3,1,-70
1755868776.8369446,-5,5,-75
1755868776.8759446,-2,0,-69
1755868776.9139447,-2,1,-77
1755868776.9499447,1,0,-80
1755868776.986945,-1,3,-84
1755868777.0259447,2,1,-78
1755868777.0639446,3,1,-79
1755868777.0999446,5,-1,-67
1755868777.1379447,-6,0,-70
1755868777.1759446,-5,0,-65
1755868777.2149446,-3,-1,-78
1755868777.2509446,2,-5,-74
1755868777.2889447,1,-4,-71
1755868777.3269446,1,0,-71
1755868777.3649447,-5,1,-73
1755868777.4009447,-6,4,-62
1755868777.437945,-4,8,-62
1755868777.4759445,-6,7,-70
1755868777.5149446,-4,0,-64
1755868777.5509446,4,-1,-75
1755868777.5879445,3,-4,-85
1755868777.6259446,2,-2,-79
1755868777.6649446,1,-2,-70
1755868777.700945,-1,2,-72
1755868777.7379446,-5,0,-84
1755868777.7759447,0,0,-79
1755868777.8119447,-7,-3,-64
1755868777.8499446,-4,1,-69
1755868777.8879447,-5,-8,-80
1755868777.9259446,0,0,-68
1755868777.9619446,-8,-2,-66
1755868777.9999447,0,0,-75
1755868778.0369446,-4,-1,-73
1755868778.0809443,-1,3,-77
1755868778.1189446,-4,2,-67
1755868778.1569445,-2,5,-79
1755868778.1959443,-7,2,-78
1755868778.2319446,-2,-2,-68
1755868778.269945,5,0,-73
1755868778.3089447,4,-2,-73
1755868778.3469446,0,-8,-68
1755868778.384945,0,0,-73
1755868778.4209447,4,0,-75
1755868778.4589446,2,1,-79
1755868778.496945,0,-1,-70
1755868778.5349443,-7,0,-79
1755868778.5709443,-4,2,-76
1755868778.6079447,0,5,-75
1755868778.6469443,-1,0,-72
1755868778.6849446,-4,-3,-77
1755868778.7209446,0,5,-68
1755868778.7589445,3,3,-78
1755868778.7969446,3,0,-78
1755868778.8349447,3,6,-91
1755868778.8709445,0,7,-82
1755868778.9089446,-7,0,-71
1755868778.9469447,3,-1,-70
1755868778.9849446,-3,1,-63
1755868779.0209446,8,-5,-58
1755868779.0589447,5,-1,-74
1755868779.0969446,2,1,-65
1755868779.1329446,-1,5,-69
1755868779.1709447,1,-2,-67
1755868779.2089446,0,-5,-74
1755868779.246945,-3,1,-64
1755868779.2859447,1,-2,-67
1755868779.3219447,-2,3,-66
1755868779.358945,-4,3,-77
1755868779.3969443,-6,4,-76
1755868779.4359446,2,1,-68
1755868779.4719446,5,0,-72
1755868779.5089445,6,1,-68
1755868779.5469446,1,0,-75
1755868779.5829446,2,0,-77
1755868779.6199446,1,2,-66
1755868779.657945,0,7,-71
1755868779.6969447,7,3,-77
1755868779.7329447,4,0,-68
1755868779.769945,-3,7,-72
1755868779.8079443,-4,8,-72
1755868779.8469446,-8,4,-73
1755868779.8829446,0,0,-68
1755868779.9199443,7,3,-72
1755868779.9579446,-1,-7,-71
1755868779.996945,0,-3,-76
1755868780.032945,0,0,-72
1755868780.0699446,-3,4,-69
1755868780.1079447,3,-4,-70
1755868780.1469443,5,-1,-66
1755868780.1829443,2,-5,-68
1755868780.2209446,-3,-7,-69
1755868780.2589445,0,0,-66
1755868780.2979443,0,-1,-88
1755868780.335945,0,2,-79
1755868780.371945,0,-1,-78
1755868780.4089446,7,-1,-72
1755868780.4479446,3,-1,-70
1755868780.4859445,6,0,-65
1755868780.5219443,0,7,-75
1755868780.5589447,12,-3,-72
1755868780.5979445,9,3,-83
1755868780.6359446,5,-1,-74
1755868780.6719446,0,-3,-84
1755868780.7089446,-2,-6,-63
1755868780.7479446,-8,0,-62
1755868780.7859447,2,6,-74
1755868780.8219447,-3,6,-71
1755868780.858945,8,-2,-82
1755868780.8979447,4,3,-72
1755868780.9339447,8,0,-67
1755868780.9709446,7,6,-81
1755868781.0079446,-1,5,-78
1755868781.0469446,8,-1,-70
1755868781.0839446,14,0,-66
1755868781.1209445,0,-3,-71
1755868781.1599443,-4,1,-75
1755868781.1979446,-5,0,-82
1755868781.233945,-3,-1,-84
1755868781.2719443,4,-6,-73
1755868781.3099446,2,0,-69
1755868781.3479445,0,1,-85
1755868781.3839445,1,3,-73
1755868781.4209447,3,0,-70
1755868781.4579446,3,-4,-82
1755868781.496945,2,2,-85
1755868781.532945,3,3,-77
1755868781.5709443,0,-2,-67
1755868781.6099446,-2,-1,-78
1755868781.6479447,3,0,-73
1755868781.6839447,4,0,-63
1755868781.7209446,3,-1,-67
1755868781.759945,-4,6,-72
1755868781.7979443,-4,4,-73
1755868781.8339446,-5,3,-74
1755868781.8709445,-3,-2,-81
1755868781.9099443,-1,-3,-91
1755868781.9479446,-1,0,-74
1755868781.983945,-1,0,-74
1755868782.0209446,-1,6,-81
1755868782.0599446,0,0,-78
1755868782.0979445,-2,-2,-82
1755868782.1339445,-3,0,-80
1755868782.1709447,-3,3,-76
1755868782.2099447,-3,-2,-68
1755868782.2479446,-5,1,-66
1755868782.2839446,-9,3,-70
1755868782.3209443,2,-5,-76
1755868782.3599446,0,4,-75
1755868782.3979447,3,8,-73
1755868782.4339447,-2,5,-80
1755868782.4709446,-6,-1,-79
1755868782.509945,-2,-4,-73
1755868782.5479443,1,12,-61
1755868782.5839446,1,0,-76
1755868782.6209445,-3,-1,-81
1755868782.6599443,-2,-4,-74
1755868782.6979446,1,0,-76
1755868782.733945,6,-4,-74
1755868782.7709446,-1,0,-73
1755868782.8099446,-5,-1,-73
1755868782.8479445,2,-1,-70
1755868782.8839445,2,4,-66
1755868782.9209447,-1,1,-78
1755868782.9599447,-8,0,-70
1755868782.9979446,-3,5,-72
1755868783.0339446,5,4,-67
1755868783.0709443,4,-6,-63
1755868783.1099446,1,-3,-79
1755868783.1479447,-3,3,-77
1755868783.1839447,-2,2,-80
1755868783.2219446,0,0,-76
1755868783.259945,1,0,-72
1755868783.2979443,3,-2,-72
1755868783.3339446,8,2,-62
1755868783.3709445,4,4,-67
1755868783.4089446,2,0,-76
1755868783.4449446,3,0,-74
1755868783.4829447,7,0,-75
1755868783.5209446,7,0,-64
1755868783.5589447,1,-4,-68
1755868783.5959446,0,-4,-71
1755868783.6329446,0,-6,-72
1755868783.6709447,2,0,-73
1755868783.7089446,5,4,-74
1755868783.7449446,6,0,-77
1755868783.782945,5,7,-77
1755868783.8209443,7,5,-71
1755868783.858945,-1,0,-60
1755868783.8959446,2,-2,-61
1755868783.9339447,-2,0,-77
1755868783.9709446,2,-4,-72
1755868784.009945,0,-4,-77
1755868784.0479443,3,2,-75
1755868784.0839446,-2,5,-67
1755868784.1209445,4,-3,-72
1755868784.1599443,-2,0,-75
1755868784.1979446,0,2,-73
1755868784.233945,0,-4,-80
1755868784.2709446,8,-4,-77
1755868784.3099446,-1,0,-77
1755868784.3479445,4,-4,-77
1755868784.3839445,-2,0,-76
1755868784.4209447,2,-8,-74
1755868784.4599447,0,-6,-64
1755868784.4959445,6,0,-73
1755868784.532945,3,0,-77
1755868784.5709443,3,-2,-84
1755868784.608945,-2,1,-75
1755868784.644945,1,3,-71
1755868784.6819446,3,0,-78
1755868784.7209446,-3,-2,-61
1755868784.7589445,0,1,-66
1755868784.7949443,4,0,-58
1755868784.8319447,5,0,-65
1755868784.8699446,0,-1,-69
1755868784.9089446,5,-5,-70
1755868784.9449446,3,4,-77
1755868784.9819446,4,1,-69
1755868785.019945,6,-1,-74
1755868785.0589447,3,-2,-72
1755868785.0949447,-2,-2,-59
1755868785.1329446,1,-1,-67
1755868785.1709447,-8,-1,-74
1755868785.2099447,-4,-2,-66
1755868785.2459445,-5,3,-68
1755868785.282945,0,-1,-68
1755868785.3209443,-1,-1,-60
1755868785.3599446,-2,0,-62
1755868785.3959446,0,-2,-71
1755868785.4329443,0,1,-71
1755868785.4709446,1,4,-74
1755868785.5089445,0,-2,-81
1755868785.5449443,0,0,-74
1755868785.5819447,11,1,-77
1755868785.6209445,8,3,-80
1755868785.6589446,5,-2,-76
1755868785.6949446,3,-1,-73
1755868785.7329447,5,-3,-76
1755868785.7709446,0,0,-67
1755868785.8089447,-1,0,-75
1755868785.8449447,-2,5,-66
1755868785.8829446,-10,0,-65
1755868785.9209447,-3,2,-72
1755868785.9599447,1,0,-71
1755868785.9959445,4,7,-67
1755868786.0339446,-3,2,-70
1755868786.0709443,-4,4,-76
1755868786.1099446,-6,0,-67
1755868786.1459446,2,0,-74
1755868786.1829443,3,0,-76
1755868786.2209446,-1,2,-75
1755868786.256945,-3,0,-67
1755868786.2939446,1,-5,-73
1755868786.3319447,0,0,-77
1755868786.3709445,9,3,-74
1755868786.4069445,5,1,-77
1755868786.4439447,7,5,-73
1755868786.4809446,3,2,-76
1755868786.5169446,0,-2,-70
1755868786.5549445,1,0,-73
1755868786.5919447,6,1,-72
1755868786.6309447,6,-2,-76
1755868786.6669445,0,-3,-78
1755868786.7049446,3,-7,-70
1755868786.7429447,0,0,-61
1755868786.7809446,-3,0,-64
1755868786.8169446,-2,2,-63
1755868786.8539443,0,3,-58
1755868786.8919446,-2,-1,-74
1755868786.9309447,1,1,-71
1755868786.9669447,-2,0,-72
1755868787.0049446,-1,4,-68
1755868787.042945,1,3,-68
1755868787.0809443,0,3,-76
1755868787.1169446,10,2,-67
1755868787.154945,4,-1,-71
1755868787.1929443,2,0,-69
1755868787.2309446,-5,-7,-77
1755868787.2669446,2,-4,-69
1755868787.3049445,2,0,-67
1755868787.3419447,-2,-5,-80
1755868787.3809447,-3,-1,-76
1755868787.4169445,4,4,-69
1755868787.4549446,4,1,-70
1755868787.4919446,3,8,-76
1755868787.529945,1,2,-81
1755868787.565945,-1,1,-78
1755868787.6029446,0,0,-72
1755868787.6409447,1,5,-75
1755868787.6769447,8,2,-85
1755868787.713945,-3,0,-77
1755868787.7519443,0,4,-79
1755868787.7909446,0,0,-66
1755868787.8269446,-6,2,-72
1755868787.8639443,-3,0,-72
1755868787.9019446,2,-3,-71
1755868787.940945,2,-5,-69
1755868787.9769447,4,-7,-66
1755868788.0139446,-5,-5,-74
1755868788.0519447,0,5,-61
1755868788.0969446,2,6,-74
1755868788.134945,8,4,-75
1755868788.1719446,0,4,-68
1755868788.210945,-2,2,-71
1755868788.246945,-2,0,-76
1755868788.2839446,-5,3,-71
1755868788.3219447,-8,4,-87
1755868788.3609445,-2,-4,-72
1755868788.3969443,3,-3,-78
1755868788.4339447,3,0,-61
1755868788.4719446,3,1,-60
1755868788.5079446,6,0,-71
1755868788.5449443,4,0,-84
1755868788.5829446,0,0,-84
1755868788.6209445,-3,0,-77
1755868788.6569445,-5,2,-74
1755868788.6939447,-1,0,-80
1755868788.7329447,0,-4,-80
1755868788.7709446,-5,1,-71
1755868788.8069446,-4,1,-74
1755868788.8439443,-1,4,-78
1755868788.8829446,-2,-2,-75
1755868788.9209447,-1,8,-72
1755868788.9569447,0,4,-59
1755868788.9939446,1,0,-65
1755868789.0319445,2,-4,-65
1755868789.0679443,-5,3,-66
1755868789.1049447,4,4,-73
1755868789.1429446,0,1,-71
1755868789.1809447,1,5,-73
1755868789.2169447,0,1,-70
1755868789.2539446,-4,4,-63
1755868789.292945,-5,6,-75
1755868789.3309443,2,2,-66
1755868789.3669446,-1,-3,-72
1755868789.404945,-9,2,-82
1755868789.4429443,4,6,-69
1755868789.4819446,6,2,-68
1755868789.5179446,1,4,-69
1755868789.5549445,-5,3,-79
1755868789.5929446,-7,-3,-71
1755868789.631945,0,0,-64
1755868789.667945,7,-3,-81
1755868789.7059443,8,-4,-75
1755868789.7439446,-4,-7,-69
1755868789.782945,0,-11,-69
1755868789.8189447,8,-7,-75
1755868789.8559446,2,-6,-70
1755868789.8939445,2,-6,-76
1755868789.9329443,0,-1,-74
1755868789.9689443,-1,0,-63
1755868790.0059447,2,4,-75
1755868790.042945,0,3,-81
1755868790.0789447,-2,0,-81
1755868790.1159446,2,2,-80
1755868790.1529446,6,6,-75
1755868790.1919446,2,-1,-71
1755868790.2279446,0,0,-81
1755868790.2649446,4,1,-73
1755868790.302945,-1,0,-77
1755868790.338945,-1,0,-70
1755868790.3769443,-1,-2,-73
1755868790.4139447,-3,4,-84
1755868790.4529445,-3,-5,-81
1755868790.4889443,5,2,-83
1755868790.5269446,3,3,-68
1755868790.5639446,9,2,-67
1755868790.6019447,6,0,-69
1755868790.6379447,6,-1,-66
1755868790.6749446,3,0,-67
1755868790.7129445,2,0,-71
1755868790.7489443,0,4,-80
1755868790.7869446,2,3,-77
1755868790.8249447,3,4,-63
1755868790.8629446,-7,-3,-73
1755868790.8989446,-6,-4,-77
1755868790.9369447,-9,5,-69
1755868790.9749446,-4,5,-71
1755868791.0139446,0,13,-73
1755868791.0519447,1,6,-76
1755868791.0879445,-4,3,-78
1755868791.1249447,1,-8,-71
1755868791.1639447,0,-11,-74
1755868791.2019446,-2,-4,-70
1755868791.2379446,-4,-5,-65
1755868791.2769446,4,0,-80
1755868791.3139446,6,-3,-69
1755868791.3529446,0,-2,-86
1755868791.3889446,-1,0,-89
1755868791.4269447,2,-5,-73
1755868791.463945,-4,-5,-71
1755868791.5029447,3,-2,-74
1755868791.5389447,-1,0,-77
1755868791.5769446,-2,-5,-64
1755868791.6139443,-9,-6,-74
1755868791.6529446,0,1,-79
1755868791.6889446,-4,0,-73
1755868791.7269447,2,-3,-75
1755868791.7639446,-2,-3,-69
1755868791.802945,-2,3,-74
1755868791.838945,-1,-4,-81
1755868791.8769443,-2,-7,-87
1755868791.9149446,0,-10,-78
1755868791.9539447,7,-1,-69
1755868791.9899447,5,-5,-69
1755868792.0269446,-6,-6,-73
1755868792.0649445,-1,-5,-80
1755868792.1039443,0,1,-71
1755868792.1399446,2,-5,-70
1755868792.1769447,-3,-3,-75
1755868792.2149446,4,2,-68
1755868792.2529447,3,6,-79
1755868792.2889447,-1,5,-82
1755868792.3269446,3,1,-78
1755868792.3649447,-5,0,-73
1755868792.4029446,-1,8,-70
1755868792.4389446,-11,-1,-72
1755868792.4769447,-5,0,-67
1755868792.5149446,-3,1,-69
1755868792.5539446,3,0,-70
1755868792.5899446,-2,-3,-58
1755868792.6279447,0,0,-69
1755868792.6649446,2,5,-82
1755868792.7029445,4,-2,-73
1755868792.7389443,2,0,-75
1755868792.7769446,-1,4,-81
1755868792.8149445,-1,2,-67
1755868792.8529446,-6,-1,-76
1755868792.8889446,0,5,-66
1755868792.9269447,7,3,-73
1755868792.9649446,0,1,-92
1755868793.0029447,-7,5,-79
1755868793.0389447,3,10,-78
1755868793.0769446,0,6,-76
1755868793.1149447,-2,4,-71
1755868793.1529446,0,3,-78
1755868793.1889446,-1,-3,-72
1755868793.2269447,3,1,-75
1755868793.2649446,6,3,-68
1755868793.3039446,-3,-2,-72
1755868793.3399446,-3,-7,-78
1755868793.3779447,-1,-3,-63
1755868793.4159446,-1,-7,-59
1755868793.4549446,1,-6,-64
1755868793.4909446,0,-4,-65
1755868793.5289447,0,-3,-79
1755868793.5669446,2,3,-70
1755868793.6049447,3,0,-71
1755868793.6409447,1,-3,-67
1755868793.6789446,-3,-2,-74
1755868793.7179446,0,-4,-77
1755868793.7549446,1,0,-74
1755868793.7909446,3,-4,-69
1755868793.8289447,-3,-5,-76
1755868793.8669446,-1,-3,-74
1755868793.904945,-8,-4,-57
1755868793.9439447,0,-3,-69
1755868793.9799447,3,1,-76
1755868794.0179446,5,1,-74
1755868794.0549445,10,4,-70
1755868794.0909443,2,-1,-71
1755868794.1289446,-2,0,-69
1755868794.1669445,-3,-4,-65
1755868794.2059443,-1,-1,-78
1755868794.2439446,-6,-1,-76
1755868794.279945,0,0,-76
1755868794.3169446,-5,2,-75
1755868794.3559446,-1,0,-80
1755868794.3939445,-4,2,-78
1755868794.4299445,-4,-2,-74
1755868794.4679446,2,-1,-77
1755868794.5059447,-3,-5,-66
1755868794.5449443,-10,0,-57
1755868794.5809443,-3,-1,-61
1755868794.6189446,-10,5,-65
1755868794.6569445,-4,3,-75
1755868794.6959443,0,0,-73
1755868794.733945,0,3,-74
1755868794.769945,0,1,-86
1755868794.8069446,-1,4,-76
1755868794.8459446,-1,0,-70
1755868794.8839445,-3,6,-71
1755868794.9199443,-5,4,-75
1755868794.9569447,-5,3,-70
1755868794.9959445,-2,1,-73
1755868795.0339446,-6,0,-63
1755868795.0699446,-5,0,-68
1755868795.1079447,0,-1,-80
1755868795.1459446,-3,3,-87
1755868795.1849446,-4,0,-73
1755868795.2209446,3,6,-78
1755868795.2579446,-5,1,-78
1755868795.2959447,-4,-2,-74
1755868795.3349447,0,0,-76
1755868795.3709445,5,5,-80
1755868795.407945,-3,0,-72
1755868795.4459443,5,3,-60
1755868795.4849446,-1,-2,-69
1755868795.5209446,-1,0,-70
1755868795.5589447,0,-7,-63
1755868795.5969446,2,-4,-73
1755868795.6359446,6,-6,-78
1755868795.6719446,5,-8,-72
1755868795.7089446,3,-4,-72
1755868795.746945,2,1,-80
1755868795.7849443,0,-1,-78
1755868795.8209443,5,-1,-79
1755868795.858945,-4,-2,-66
1755868795.8959446,0,-2,-65
1755868795.9349446,4,-1,-78
1755868795.9709446,1,0,-63
1755868796.0079446,9,-1,-75
1755868796.0469446,5,8,-76
1755868796.0849447,-3,2,-76
1755868796.1209445,-3,3,-76
1755868796.157945,-2,2,-71
1755868796.1969447,0,1,-73
1755868796.2349446,0,2,-75
1755868796.2709446,-1,1,-69
1755868796.3079443,0,1,-68
1755868796.3469446,7,-1,-71
1755868796.384945,2,-6,-70
1755868796.4209447,-6,-3,-67
1755868796.4589446,2,-4,-69
1755868796.496945,5,0,-76
1755868796.5349443,8,1,-78
1755868796.5709443,3,2,-65
1755868796.6079447,1,3,-67
1755868796.6469443,0,-3,-65
1755868796.6849446,-9,1,-68
1755868796.7209446,-13,0,-66
1755868796.7579446,-4,4,-62
1755868796.7969446,3,3,-67
1755868796.8349447,-7,1,-76
1755868796.8709445,1,2,-71
1755868796.9089446,-9,-3,-75
1755868796.9469447,-6,-8,-72
1755868796.9829447,-4,-9,-68
1755868797.0209446,0,0,-77
1755868797.0589447,6,-2,-67
1755868797.0969446,-2,-2,-65
1755868797.1359446,-2,-6,-73
1755868797.1719446,-3,0,-74
1755868797.2089446,-2,0,-78
1755868797.246945,0,0,-80
1755868797.282945,4,0,-66
1755868797.3199446,4,0,-70
1755868797.3569446,1,4,-76
1755868797.3929446,3,-2,-69
1755868797.4309447,6,-3,-78
1755868797.4689443,3,-7,-81
1755868797.506945,1,3,-72
1755868797.542945,0,0,-77
1755868797.5809443,-8,0,-69
1755868797.6179447,-8,3,-73
1755868797.6569445,-4,4,-75
1755868797.6929443,0,4,-71
1755868797.7309446,-11,7,-70
1755868797.7689445,-6,-2,-80
1755868797.8079443,-2,0,-72
1755868797.8459446,-5,2,-68
1755868797.881945,-1,3,-76
1755868797.9199443,1,-7,-76
1755868797.9579446,0,-4,-70
1755868797.996945,5,-4,-72
1755868798.032945,0,-2,-71
1755868798.0709443,-7,0,-74
1755868798.1169446,3,-2,-83
1755868798.1529446,2,0,-82
1755868798.190945,1,1,-78
1755868798.2289443,-1,4,-76
1755868798.2679446,2,-6,-65
1755868798.3059447,-7,1,-60
1755868798.3419447,-8,3,-59
1755868798.3789446,7,-1,-65
1755868798.417945,2,0,-78
1755868798.4559443,-4,7,-86
1755868798.4919446,-6,3,-80
1755868798.5289447,-8,1,-80
1755868798.5679443,7,2,-70
1755868798.6059446,6,6,-64
1755868798.6419446,0,7,-66
1755868798.6789446,-4,2,-74
1755868798.7179446,-6,0,-77
1755868798.7539446,-1,0,-76
1755868798.7909446,3,1,-81
1755868798.8289447,4,0,-74
1755868798.8669446,5,3,-75
1755868798.9039447,-2,1,-71
1755868798.940945,-6,-4,-75
1755868798.9789443,-3,-4,-80
1755868799.0179446,7,-3,-81
1755868799.0539446,5,-3,-68
1755868799.0909443,8,1,-85
1755868799.1289446,-3,1,-73
1755868799.167945,-2,4,-80
1755868799.2039447,0,9,-82
1755868799.2409446,-5,5,-78
1755868799.2789447,-4,5,-77
1755868799.3179443,-4,0,-86
1755868799.3539443,3,-1,-85
1755868799.3909447,3,2,-84
1755868799.4289446,3,2,-74
1755868799.4669447,3,0,-72
1755868799.5029447,-1,-3,-74
1755868799.5409446,-2,2,-82
1755868799.5789447,-3,1,-77
1755868799.6179447,1,-4,-77
1755868799.6539447,-2,-5,-76
1755868799.6919446,-4,-4,-72
1755868799.7309446,-7,-3,-72
1755868799.7689445,-3,3,-77
1755868799.8069446,1,2,-65
1755868799.8429446,3,-4,-70
1755868799.881945,-4,-3,-77
1755868799.9189446,-4,4,-75
1755868799.9579446,-8,5,-69
1755868799.9939446,-7,6,-61
1755868800.0309446,0,1,-66
1755868800.0689447,1,1,-77
1755868800.1069446,1,0,-70
1755868800.1429446,3,1,-74
1755868800.1809447,-4,-2,-80
1755868800.2189443,-5,-1,-74
1755868800.256945,-4,7,-83
1755868800.292945,0,6,-75
1755868800.3309443,6,2,-89
1755868800.3689446,-1,-2,-71
1755868800.4069445,-5,-2,-71
1755868800.4429443,-2,1,-69
1755868800.4809446,-6,4,-69
1755868800.5189445,-5,2,-65
1755868800.5579443,-5,1,-72
1755868800.5939443,-2,2,-71
1755868800.631945,2,2,-77
1755868800.6689446,3,-11,-70
1755868800.7079446,8,-6,-67
1755868800.7439446,6,-7,-58
1755868800.7819445,2,-2,-63
1755868800.8199446,3,5,-78
1755868800.8579447,3,-2,-70
1755868800.8939445,-1,-4,-71
1755868800.9319446,1,-4,-60
1755868800.9699447,6,-3,-64
1755868801.0089445,5,-1,-71
1755868801.0449443,5,-3,-74
1755868801.0819447,-4,-6,-73
1755868801.1199446,-12,1,-82
1755868801.1589446,-5,-1,-71
1755868801.1949446,-3,0,-70
1755868801.2319446,3,2,-72
1755868801.2689445,-2,1,-73
1755868801.3079443,0,-1,-62
1755868801.3439443,3,-2,-55
1755868801.3809447,7,-1,-66
1755868801.4199443,5,-4,-65
1755868801.4579446,-7,0,-76
1755868801.4939446,0,1,-72
1755868801.5309446,-2,3,-79
1755868801.5699446,-2,-3,-79
1755868801.6079447,-1,-2,-73
1755868801.6439445,0,1,-76
1755868801.6809447,2,3,-79
1755868801.7189443,-3,3,-70
1755868801.7549446,-6,-2,-77
1755868801.792945,2,1,-75
1755868801.8309443,0,0,-76
1755868801.8689446,-4,3,-66
1755868801.904945,-2,-8,-73
1755868801.9429443,7,-1,-68
1755868801.9809446,1,-1,-68
1755868802.019945,7,0,-69
1755868802.0579443,5,-4,-66
1755868802.0939443,5,-1,-74
1755868802.1309447,7,-4,-72
1755868802.1699443,7,-3,-58
1755868802.2079446,-1,1,-72
1755868802.2439446,-1,0,-77
1755868802.2809446,0,2,-72
1755868802.3189447,0,0,-70
1755868802.3549447,3,-4,-69
1755868802.3929446,-5,-2,-63
1755868802.4309447,-1,-7,-73
1755868802.4699447,-4,-5,-80
1755868802.5059447,5,-3,-71
1755868802.542945,5,4,-60
1755868802.5809443,3,1,-66
1755868802.6199446,-4,-5,-76
1755868802.6559446,-9,0,-88
1755868802.6929443,-4,-5,-77
1755868802.7309446,0,0,-65
1755868802.7689445,2,0,-78
1755868802.8049445,6,-4,-67
1755868802.8419447,5,-6,-73
1755868802.8799446,2,-4,-78
1755868802.9189446,3,1,-82
1755868802.9549446,-4,-1,-87
1755868802.9929447,0,-1,-80
1755868803.0309446,-1,0,-72
1755868803.0699446,0,6,-72
1755868803.1059446,2,8,-76
1755868803.1429446,1,-2,-80
1755868803.1809447,0,-3,-79
1755868803.2199447,1,4,-74
1755868803.2559447,-5,-7,-70
1755868803.2939446,-4,-2,-69
1755868803.3319447,-2,0,-70
1755868803.3709445,-8,3,-74
1755868803.4089446,2,-1,-67
1755868803.4449446,-1,0,-74
1755868803.4829447,-2,1,-73
1755868803.5209446,2,-4,-77
1755868803.5599446,6,-3,-59
1755868803.5959446,5,-7,-57
1755868803.6329446,-6,-1,-72
1755868803.6709447,7,-3,-76
1755868803.7099447,7,0,-73
1755868803.7459445,-1,0,-76
1755868803.782945,3,0,-74
1755868803.8209443,1,-1,-69
1755868803.8599446,0,0,-80
1755868803.8959446,0,0,-81
1755868803.9329443,-3,1,-80
1755868803.9709446,0,-2,-59
1755868804.009945,2,2,-72
1755868804.0459447,-3,-4,-70
1755868804.0839446,3,-2,-69
1755868804.121945,1,-6,-67
1755868804.1609447,0,-4,-63
1755868804.1969447,-3,-6,-72
1755868804.2359445,0,-7,-60
1755868804.2729447,8,0,-79
1755868804.3109446,0,7,-77
1755868804.3469446,-5,6,-80
1755868804.3859446,1,0,-78
1755868804.4229443,-2,0,-75
1755868804.460945,-1,-3,-78
1755868804.4999447,-1,-1,-68
1755868804.5359447,6,3,-68
1755868804.5729446,-10,3,-75
1755868804.6109445,-6,4,-72
1755868804.6499443,-8,-5,-82
1755868804.6859446,-8,-1,-73
1755868804.723945,-2,5,-60
1755868804.7619443,0,3,-74
1755868804.7999446,0,-3,-83
1755868804.835945,1,2,-77
1755868804.8729446,-1,1,-82
1755868804.9119446,-4,0,-77
1755868804.9499447,0,2,-77
1755868804.9859445,0,1,-79
1755868805.0229447,8,5,-77
1755868805.0619447,10,9,-70
1755868805.0999446,6,4,-73
1755868805.1359446,3,6,-79
1755868805.1729443,1,10,-76
1755868805.210945,0,13,-81
1755868805.246945,-1,5,-92
1755868805.2849443,4,-3,-91
1755868805.3229446,0,-3,-88
1755868805.361945,-1,5,-83
1755868805.3999443,6,8,-86
1755868805.4359446,2,5,-84
1755868805.4729445,-2,4,-77
1755868805.5119443,1,0,-78
1755868805.5499446,1,0,-66
1755868805.585945,-2,0,-72
1755868805.6229446,0,1,-63
1755868805.6609447,-2,1,-69
1755868805.6969447,3,2,-63
1755868805.7359445,0,0,-74
1755868805.7729447,5,-2,-67
1755868805.8119447,6,0,-73
1755868805.8499446,3,-5,-66
1755868805.8859446,-8,0,-63
1755868805.9229443,-4,2,-67
1755868805.9619446,-2,2,-61
1755868805.9979446,-3,3,-78
1755868806.0349443,0,8,-74
1755868806.0719447,-1,1,-70
1755868806.1109445,-9,4,-85
1755868806.1469443,0,0,-82
1755868806.1849446,4,1,-81
1755868806.2219446,1,0,-82
1755868806.2579446,-1,2,-68
1755868806.2949443,3,1,-68
1755868806.3319447,1,7,-74
1755868806.3709445,0,0,-80
1755868806.4069445,-4,0,-76
1755868806.4439447,4,-3,-76
1755868806.4819446,4,-3,-71
1755868806.5209446,7,3,-86
1755868806.5569446,-1,6,-79
1755868806.5939443,1,2,-82
1755868806.631945,-13,3,-74
1755868806.667945,-4,2,-72
1755868806.7059443,-1,-2,-65
1755868806.7439446,-2,-6,-59
1755868806.782945,6,0,-74
1755868806.8209443,5,4,-74
1755868806.8569446,4,0,-78
1755868806.8939445,6,-3,-76
1755868806.9329443,9,0,-77
1755868806.9709446,6,-3,-75
1755868807.006945,0,1,-64
1755868807.0439446,4,0,-65
1755868807.0829446,7,3,-83
1755868807.1209445,3,2,-87
1755868807.1569445,1,-2,-77
1755868807.1949446,-2,-6,-85
1755868807.2329447,8,-2,-77
1755868807.2719443,0,8,-72
1755868807.3079443,0,1,-70
1755868807.3459446,7,-2,-75
1755868807.3829446,7,2,-82
1755868807.4209447,2,-5,-73
1755868807.4569447,1,0,-69
1755868807.4939446,-2,-2,-79
1755868807.532945,2,-2,-76
1755868807.5709443,5,5,-67
1755868807.6069446,-6,0,-74
1755868807.6439445,0,0,-71
1755868807.6829443,1,4,-70
1755868807.7209446,-3,1,-76
1755868807.756945,4,-2,-72
1755868807.7939446,1,0,-69
1755868807.8319447,1,2,-65
1755868807.8679447,1,3,-76
1755868807.904945,-5,3,-65
1755868807.9429443,0,3,-77
1755868807.9819446,0,0,-65
1755868808.0179446,5,-1,-76
1755868808.0559447,0,-3,-62
1755868808.0939443,-5,-2,-75
1755868808.1379447,2,0,-72
1755868808.1759446,1,-1,-70
1755868808.213945,5,0,-65
1755868808.2529447,-1,3,-54
1755868808.2889447,0,1,-71
1755868808.3269446,-3,5,-67
1755868808.3649447,1,2,-77
1755868808.4029446,6,1,-75
1755868808.4389446,-2,-6,-80
1755868808.4769447,-2,-5,-71
1755868808.5149446,0,-14,-78
1755868808.5539446,-1,-2,-71
1755868808.5919447,3,-6,-74
1755868808.6279447,2,0,-79
1755868808.6649446,1,-2,-65
1755868808.7039447,6,3,-64
1755868808.7419446,5,0,-71
1755868808.7779446,11,0,-84
1755868808.8149445,0,3,-76
1755868808.8529446,0,-1,-63
1755868808.8899446,0,-4,-64
1755868808.9269447,-2,-2,-77
1755868808.9649446,-3,-6,-75
1755868809.0039446,-4,-1,-80
1755868809.0419445,-1,-2,-72
1755868809.0779445,6,0,-71
1755868809.1149447,0,-7,-77
1755868809.1539447,0,0,-73
1755868809.1919446,2,3,-79
1755868809.2279446,-2,-2,-75
1755868809.2669446,4,-4,-76
1755868809.3039446,-2,-2,-73
1755868809.3429446,3,0,-64
1755868809.3789446,0,6,-75
1755868809.4169445,0,-4,-77
1755868809.4549446,1,-4,-79
1755868809.4939446,-2,4,-63
1755868809.529945,-6,0,-69
1755868809.5669446,-5,0,-68
1755868809.6049447,-3,-1,-71
1755868809.6439445,-6,-1,-67
1755868809.6799445,4,0,-67
1755868809.7169447,1,0,-61
1755868809.7549446,1,0,-75
1755868809.792945,7,1,-77
1755868809.8289447,1,3,-75
1755868809.8669446,-3,3,-64
1755868809.9039447,-3,5,-70
1755868809.9429443,-3,4,-71
1755868809.9789443,5,-5,-74
1755868810.0169446,0,-2,-84
1755868810.0549445,3,-6,-71
1755868810.0939443,0,1,-77
1755868810.1299446,-5,-2,-72
1755868810.167945,-2,0,-74
1755868810.2059443,-7,3,-65
1755868810.2439446,-7,1,-73
1755868810.282945,-2,-2,-60
1755868810.3189447,-1,-3,-68
1755868810.3569446,4,2,-73
1755868810.394945,-1,-1,-68
1755868810.4339447,-7,-4,-79
1755868810.4699447,6,-5,-83
1755868810.506945,7,-6,-66
1755868810.5449443,14,-9,-65
1755868810.5839446,8,0,-78
1755868810.6199446,0,0,-74
1755868810.6569445,-3,6,-81
1755868810.6949446,0,10,-94
1755868810.7329447,0,14,-91
1755868810.7689445,2,4,-74
1755868810.8069446,7,-3,-66
1755868810.8449447,1,3,-75
1755868810.8839445,0,-1,-81
1755868810.9199443,-1,-1,-83
1755868810.9579446,5,1,-82
1755868810.9949446,1,3,-74
1755868811.032945,0,1,-66
1755868811.0689447,0,-9,-67
1755868811.1069446,0,-6,-72
1755868811.144945,-1,-3,-66
1755868811.1839447,-2,7,-76
1755868811.2199447,3,-2,-80
1755868811.256945,-2,0,-64
1755868811.2949443,-5,3,-67
1755868811.3339446,-8,4,-83
1755868811.3699446,0,-1,-78
1755868811.4069445,7,3,-73
1755868811.4449446,0,-1,-77
1755868811.4809446,-2,5,-78
1755868811.5179446,-1,1,-77
1755868811.5559447,3,-1,-71
1755868811.5949447,4,1,-75
1755868811.6309447,1,-1,-71
1755868811.667945,2,-1,-75
1755868811.7059443,9,-1,-70
1755868811.7449446,3,0,-73
1755868811.7809446,-4,-4,-79
1755868811.8189447,1,0,-70
1755868811.8569446,2,1,-72
1755868811.8959446,-6,6,-78
1755868811.9339447,-4,3,-72
1755868811.9699447,-3,-1,-75
1755868812.0089445,-4,-3,-60
1755868812.0459447,-4,0,-69
1755868812.0849447,-8,0,-73
1755868812.1209445,-1,-3,-74
1755868812.1589446,-5,4,-73
1755868812.1969447,-1,5,-70
1755868812.2359445,5,0,-73
1755868812.2739446,1,0,-73
1755868812.3099446,0,-6,-61
1755868812.3469446,-4,-4,-77
1755868812.3859446,1,-2,-67
1755868812.4239447,10,1,-76
1755868812.4599447,2,6,-68
1755868812.496945,-5,-1,-75
1755868812.5359447,-5,2,-68
1755868812.5739446,-2,0,-62
1755868812.6099446,-2,0,-64
1755868812.6469443,-12,2,-81
1755868812.6859446,-1,-1,-79
1755868812.723945,5,0,-76
1755868812.759945,3,-2,-73
1755868812.7969446,-1,1,-73
1755868812.835945,5,-1,-70
1755868812.8739443,2,2,-69
1755868812.9099443,2,4,-73
1755868812.9469447,3,0,-80
1755868812.9859445,-4,-1,-61
1755868813.0239446,-10,0,-76
1755868813.0599446,-1,2,-80
1755868813.0979445,3,7,-76
1755868813.1359446,1,0,-73
1755868813.1719446,0,-2,-88
1755868813.2089446,-6,-2,-83
1755868813.2479446,-1,-5,-72
1755868813.2859447,-6,-5,-67
1755868813.3219447,3,-10,-58
1755868813.358945,0,-6,-67
1755868813.3979447,6,-6,-71
1755868813.4359446,5,-4,-76
1755868813.4719446,5,-1,-72
1755868813.509945,3,-5,-72
1755868813.5479443,5,-8,-74
1755868813.585945,-3,-4,-75
1755868813.6249447,-1,-5,-73
1755868813.6609447,9,-3,-71
1755868813.6979446,0,-3,-62
1755868813.7359445,2,0,-74
1755868813.7719443,0,0,-64
1755868813.8089447,-6,5,-63
1755868813.8479445,-5,0,-75
1755868813.8859446,-1,-1,-72
1755868813.9219446,0,-1,-76
1755868813.9589446,-3,0,-82
1755868813.9979446,0,5,-82
1755868814.0359447,-3,5,-72
1755868814.0719447,0,2,-73
1755868814.108945,3,2,-70
1755868814.1469443,9,0,-73
1755868814.1859446,0,-2,-75
1755868814.2219446,0,3,-76
1755868814.2589445,1,12,-61
1755868814.2979443,0,3,-63
1755868814.335945,1,0,-64
1755868814.371945,5,0,-64
1755868814.4099443,-5,5,-71
1755868814.4479446,-6,-1,-73
1755868814.486945,1,-5,-74
1755868814.5249443,5,5,-73
1755868814.5609446,0,4,-69
1755868814.5979445,-1,0,-70
1755868814.6369443,6,-7,-77
1755868814.6749446,1,-8,-74
1755868814.710945,0,-4,-80
1755868814.7479446,1,0,-82
1755868814.7859447,7,-2,-70
1755868814.8219447,0,-3,-66
1755868814.8599446,8,-10,-73
1755868814.8979447,3,-2,-68
1755868814.9369447,8,-10,-70
1755868814.9729445,0,-10,-65
1755868815.009945,0,-6,-66
1755868815.0479443,3,-3,-75
1755868815.0869446,-2,-5,-76
1755868815.1229446,-12,-3,-78
1755868815.1609447,0,-1,-79
1755868815.1989446,3,-2,-78
1755868815.236945,0,1,-81
1755868815.2759447,-4,2,-80
1755868815.3119447,0,3,-69
1755868815.348945,1,0,-80
1755868815.3869443,1,-3,-79
1755868815.4229443,0,-1,-70
1755868815.4599447,0,0,-63
1755868815.496945,-3,-1,-68
1755868815.5359447,0,-3,-77
1755868815.5729446,2,0,-84
1755868815.6099446,0,0,-74
1755868815.6469443,-1,0,-63
1755868815.6859446,1,3,-73
1755868815.7219446,7,-3,-73
1755868815.7609446,0,5,-71
1755868815.7979443,2,11,-86
1755868815.8369446,4,-1,-79
1755868815.8729446,2,0,-81
1755868815.9099443,0,2,-70
1755868815.9479446,-4,6,-74
1755868815.9859445,0,-1,-70
1755868816.0219443,-1,3,-71
1755868816.0599446,1,-3,-80
1755868816.098945,0,1,-87
1755868816.1369443,1,0,-65
1755868816.1729443,-4,6,-76
1755868816.210945,-5,4,-71
1755868816.2489443,-4,5,-83
1755868816.2879446,1,2,-64
1755868816.325945,-4,0,-69
1755868816.361945,0,4,-64
1755868816.3989446,-4,0,-65
1755868816.437945,4,0,-60
1755868816.4759445,4,-2,-72
1755868816.5119443,-6,0,-76
1755868816.5489447,3,-6,-69
1755868816.5879445,0,-4,-69
1755868816.6259446,-6,-9,-81
1755868816.6619446,-4,-5,-86
1755868816.6999447,-6,-6,-81
1755868816.7379446,-3,-2,-73
1755868816.7769446,1,0,-76
1755868816.812945,-3,-2,-78
1755868816.8509445,-2,-5,-75
1755868816.8889446,-6,1,-63
1755868816.927945,5,2,-77
1755868816.963945,4,-1,-73
1755868817.0009446,-1,1,-69
1755868817.0399446,3,-5,-65
1755868817.0779445,1,2,-72
1755868817.1139443,1,-1,-62
1755868817.1509447,7,1,-58
1755868817.187945,-1,-5,-61
1755868817.2269447,-4,-3,-76
1755868817.2629447,-4,0,-73
1755868817.3009446,-8,-1,-71
1755868817.338945,0,4,-82
1755868817.3769443,0,0,-64
1755868817.4129446,0,-1,-67
1755868817.450945,-4,1,-76
1755868817.4889443,0,8,-68
1755868817.5279446,2,5,-64
1755868817.5639446,-2,-9,-79
1755868817.6029446,-3,-4,-80
1755868817.6399446,0,5,-87
1755868817.6789446,0,0,-83
1755868817.7169447,2,-1,-78
1755868817.7529447,-7,4,-77
1755868817.7899446,-7,-4,-76
1755868817.8289447,2,-8,-83
1755868817.8669446,0,-4,-68
1755868817.9029446,5,-3,-68
1755868817.940945,0,-9,-79
1755868817.9789443,7,-6,-80
1755868818.0179446,1,-4,-73
1755868818.0539446,0,-2,-81
1755868818.0909443,3,-2,-82
1755868818.1289446,3,-3,-79
1755868818.1729443,-5,0,-66
1755868818.210945,-7,1,-80
1755868818.2499447,0,-6,-73
1755868818.2879446,-3,-1,-78
1755868818.3239446,-8,0,-70
1755868818.3609445,-2,0,-77
1755868818.3999443,0,-2,-68
1755868818.437945,-4,-4,-70
1755868818.473945,2,-4,-74
1755868818.5109446,5,-5,-77
1755868818.5499446,-5,-4,-81
1755868818.5879445,1,3,-78
1755868818.6239443,1,0,-80
1755868818.6619446,-8,-1,-67
1755868818.6999447,0,1,-66
1755868818.7389443,-3,0,-60
1755868818.7749443,-2,0,-60
1755868818.8119447,2,7,-68
1755868818.8499446,4,15,-71
1755868818.8879447,5,0,-74
1755868818.9239447,8,3,-65
1755868818.960945,2,-1,-71
1755868818.9999447,-2,0,-70
1755868819.0379446,-1,-1,-71
1755868819.0739446,0,-4,-72
1755868819.1109445,-7,-2,-71
1755868819.1489446,-4,-3,-75
1755868819.187945,0,2,-72
1755868819.223945,-6,-2,-84
1755868819.2619443,-3,0,-75
1755868819.2999446,-2,-1,-73
1755868819.3399446,1,-9,-76
1755868819.3779447,-2,2,-64
1755868819.4139447,-5,-3,-66
1755868819.4519446,-4,-5,-67
1755868819.4899447,-6,-6,-79
1755868819.5289447,-2,-3,-81
1755868819.5649445,1,1,-83
1755868819.6019447,0,1,-71
1755868819.6399446,-5,0,-69
1755868819.677945,0,-7,-80
1755868819.713945,-1,-5,-90
1755868819.7519443,0,-4,-91
1755868819.7899446,-4,-3,-68
1755868819.8289447,-2,-3,-63
1755868819.8649447,0,-3,-61
1755868819.9019446,5,-5,-75
1755868819.9399445,-4,0,-65
1755868819.9789443,1,-2,-68
1755868820.0149446,6,-5,-74
1755868820.0519447,-4,-4,-67
1755868820.0899446,1,1,-70
1755868820.1279447,6,0,-81
1755868820.1639447,3,-4,-79
1755868820.200945,3,-2,-72
1755868820.2399447,-3,-5,-81
1755868820.2779446,0,0,-71
1755868820.3139446,2,-5,-65
1755868820.3509445,-1,-6,-77
1755868820.3899446,8,4,-74
1755868820.4259446,1,0,-70
1755868820.4629445,4,0,-74
1755868820.4999447,0,4,-68
1755868820.5389447,-4,-8,-79
1755868820.5749447,-1,-3,-75
1755868820.6129446,-2,-12,-70
1755868820.6509447,-2,-8,-71
1755868820.6899445,0,-5,-66
1755868820.7259445,4,-4,-77
1755868820.7629447,1,-3,-67
1755868820.8009446,-2,-6,-69
1755868820.8399446,-3,-4,-78
1755868820.8759446,-3,1,-76
1755868820.9129446,0,3,-67
1755868820.950945,0,-2,-58
1755868820.9889443,-1,-1,-67
1755868821.0249443,-3,-3,-73
1755868821.062945,3,3,-70
1755868821.1009445,7,1,-65
1755868821.1389446,3,0,-66
1755868821.1749446,1,1,-59
1755868821.2119446,-2,1,-66
1755868821.2509446,0,2,-80
1755868821.2889447,3,3,-70
1755868821.3249447,8,0,-66
1755868821.361945,0,-2,-75
1755868821.4009447,-4,-2,-67
1755868821.4389446,-10,-2,-59
1755868821.4749446,-6,0,-71
1755868821.5129447,-3,2,-68
1755868821.5509446,0,1,-74
1755868821.588945,-3,-1,-75
1755868821.6259446,4,13,-72
1755868821.6629446,1,9,-64
1755868821.700945,4,5,-77
1755868821.7389443,5,4,-78
1755868821.7749443,4,0,-70
1755868821.8119447,0,-5,-73
1755868821.8509445,3,-7,-69
1755868821.8889446,0,0,-68
1755868821.9249446,-5,0,-71
1755868821.9629445,0,-4,-75
1755868822.0009446,3,-7,-80
1755868822.0399446,-1,-1,-69
1755868822.075945,-2,0,-64
1755868822.1129446,0,0,-69
1755868822.1509447,-7,3,-73
1755868822.1869447,1,2,-61
1755868822.223945,5,-1,-69
1755868822.2619443,1,0,-74
1755868822.3009446,0,-4,-80
1755868822.3369446,0,-7,-78
1755868822.3749447,-1,-9,-80
1755868822.4129446,-2,-6,-83
1755868822.450945,-3,-3,-78
1755868822.4899447,1,-2,-81
1755868822.5259447,0,-4,-66
1755868822.562945,-1,-4,-66
1755868822.6019447,0,-1,-68
1755868822.6399446,-1,0,-64
1755868822.6759446,-3,0,-73
1755868822.7129445,0,-2,-75
1755868822.7519443,5,0,-79
1755868822.7899446,8,-2,-61
1755868822.825945,0,2,-61
1755868822.8629446,2,0,-77
1755868822.9009447,2,-2,-81
1755868822.9369447,0,1,-81
1755868822.9749446,1,0,-82
1755868823.0119443,-4,0,-76
1755868823.0509446,2,1,-73
1755868823.0869446,1,0,-78
1755868823.1249447,5,-4,-75
1755868823.1629446,0,1,-76
1755868823.200945,8,-2,-73
1755868823.236945,3,-4,-82
1755868823.2749443,2,0,-73
1755868823.3119447,2,1,-75
1755868823.3499446,0,4,-74
1755868823.3859446,1,7,-77
1755868823.4229443,0,6,-69
1755868823.460945,-1,-5,-75
1755868823.496945,7,-3,-74
1755868823.5349443,0,0,-71
1755868823.5729446,0,0,-68
1755868823.6109445,0,-4,-82
1755868823.6469443,7,-7,-74
1755868823.6839447,5,-1,-74
1755868823.7229445,5,0,-57
1755868823.7609446,3,-3,-65
1755868823.7969446,6,2,-71
1755868823.8339446,1,0,-94
1755868823.871945,-3,-1,-82
1755868823.907945,-7,-1,-79
1755868823.9469447,-5,-2,-78
1755868823.983945,3,-1,-86
1755868824.0219443,5,2,-72
1755868824.0609446,4,1,-77
1755868824.0969446,-5,-2,-75
1755868824.1359446,-6,-3,-85
1755868824.1729443,-2,-12,-61
1755868824.2119446,-4,-6,-70
1755868824.2479446,-6,-3,-69
1755868824.2859447,-10,-5,-66
1755868824.3239446,-6,-1,-73
1755868824.361945,-5,4,-76
1755868824.4009447,-5,0,-65
1755868824.4369447,-2,2,-67
1755868824.473945,-6,-2,-71
1755868824.5119443,-9,-1,-69
1755868824.5509446,-2,0,-75
1755868824.5869446,0,5,-84
1755868824.6239443,1,-3,-87
1755868824.6629446,0,-2,-82
1755868824.700945,1,0,-78
1755868824.736945,-5,-3,-70
1755868824.7749443,-5,0,-68
1755868824.8139446,-4,0,-77
1755868824.8519447,-4,1,-77
1755868824.8879447,5,3,-61
1755868824.9249446,2,7,-68
1755868824.9629445,-2,1,-57
1755868825.0019443,1,0,-74
1755868825.0379446,-1,3,-70
1755868825.075945,0,-3,-62
1755868825.1149447,-4,5,-73
1755868825.1529446,0,6,-73
1755868825.190945,0,8,-72
1755868825.2279446,1,0,-73
1755868825.2649446,7,5,-75
1755868825.302945,3,0,-70
1755868825.3409443,2,-2,-70
1755868825.3769443,-1,0,-81
1755868825.4149446,0,-1,-73
1755868825.4529445,-9,0,-76
1755868825.4919446,-1,0,-63
1755868825.5279446,4,-4,-71
1755868825.5649445,1,1,-67
1755868825.6029446,5,-2,-80
1755868825.6409447,-3,0,-90
1755868825.6769447,-1,0,-88
1755868825.7149446,-2,2,-86
1755868825.7529447,0,-1,-91
1755868825.7919445,3,-2,-71
1755868825.8279445,2,0,-66
1755868825.8649447,-4,2,-74
1755868825.9029446,-2,1,-68
1755868825.9419446,0,-1,-75
1755868825.9779446,0,-6,-72
1755868826.0149446,-6,-1,-68
1755868826.0539446,-3,0,-64
1755868826.0919447,2,0,-68
1755868826.1279447,-1,-1,-72
1755868826.1659446,0,-2,-72
1755868826.2039447,8,0,-68
1755868826.2419446,9,0,-79
1755868826.2779446,1,0,-81
1755868826.3149445,-2,0,-69
1755868826.3539443,-4,-1,-73
1755868826.3919446,-6,2,-67
1755868826.427945,1,1,-64
1755868826.4649446,-10,0,-69
1755868826.5039446,4,-1,-58
1755868826.5419445,8,-1,-66
1755868826.5779445,6,2,-69
1755868826.6159446,5,4,-72
1755868826.6539447,1,3,-57
1755868826.6919446,0,4,-74
1755868826.7279446,-2,1,-76
1755868826.7659447,-2,7,-70
1755868826.8039446,-3,-2,-64
1755868826.8429446,0,5,-60
1755868826.8789446,-1,-2,-69
1755868826.9169445,5,-1,-68
1755868826.9549446,1,-2,-78
1755868826.9939446,-7,0,-73
1755868827.0319445,-7,0,-80
1755868827.0679443,-6,2,-81
1755868827.1049447,-1,4,-74
1755868827.1439445,2,-4,-68
1755868827.1819446,-5,-2,-66
1755868827.2179446,-2,-3,-76
1755868827.2559447,0,-4,-77
1755868827.2939446,0,1,-66
1755868827.3319447,0,-1,-76
1755868827.3679447,-3,-1,-73
1755868827.4059446,0,4,-75
1755868827.4439447,4,3,-67
1755868827.4799447,12,-2,-59
1755868827.5169446,3,-2,-69
1755868827.5549445,-3,-7,-76
1755868827.5939443,0,-6,-68
1755868827.6299446,-1,-4,-77
1755868827.667945,2,6,-77
1755868827.7049446,2,3,-76
1755868827.7429447,9,2,-80
1755868827.7789447,9,4,-73
1755868827.815945,-2,-3,-74
1755868827.8549447,-1,-3,-69
1755868827.8929446,-5,2,-69
1755868827.9289446,-5,6,-71
1755868827.9659443,-6,-2,-70
1755868828.0049446,-11,3,-76
1755868828.042945,-3,4,-76
1755868828.0789447,-6,1,-67
1755868828.1159446,0,-6,-68
1755868828.154945,1,-4,-79
1755868828.1979446,4,0,-82
1755868828.2359445,-3,0,-78
1755868828.2749443,-1,-1,-72
1755868828.312945,-1,0,-83
1755868828.348945,3,1,-83
1755868828.3859446,-3,2,-85
1755868828.4249446,-4,0,-74
1755868828.4629445,0,2,-71
1755868828.4989443,-7,0,-70
1755868828.5359447,0,0,-62
1755868828.5749447,0,-2,-66
1755868828.6129446,-2,3,-64
1755868828.6489446,4,-2,-65
1755868828.6859446,-1,0,-68
1755868828.7249446,-3,-1,-73
1755868828.7629447,3,1,-75
1755868828.7989447,0,0,-68
1755868828.835945,-1,10,-70
1755868828.8749447,-1,2,-82
1755868828.9129446,4,-11,-80
1755868828.9489446,-7,1,-76
1755868828.9859445,0,6,-88
1755868829.0249443,2,2,-78
1755868829.062945,4,-4,-85
1755868829.098945,7,9,-74
1755868829.1359446,7,10,-73
1755868829.1749446,8,5,-72
1755868829.2129445,5,-3,-65
1755868829.2489443,3,-11,-65
1755868829.2869446,-3,-9,-67
1755868829.325945,8,-3,-75
1755868829.3639443,4,2,-61
1755868829.3999443,0,5,-63
1755868829.4369447,5,-1,-63
1755868829.4749446,-6,0,-65
1755868829.5139446,-4,3,-68
1755868829.5499446,-10,1,-69
1755868829.5869446,-4,4,-65
1755868829.6259446,-4,-1,-65
1755868829.6639447,0,0,-76
1755868829.6999447,2,2,-70
1755868829.736945,-2,3,-74
1755868829.7749443,2,-1,-73
1755868829.8139446,-4,0,-76
1755868829.8499446,3,0,-77
1755868829.8869443,4,1,-67
1755868829.9249446,1,5,-69
1755868829.963945,-1,3,-67
1755868829.9999447,2,-1,-68
1755868830.0369446,6,-4,-64
1755868830.075945,7,-6,-70
1755868830.1139443,-1,0,-73
1755868830.1499443,0,0,-62
1755868830.1869447,0,-3,-59
1755868830.2259445,-1,3,-64
1755868830.2639446,-4,0,-79
1755868830.2999446,3,4,-68
1755868830.3379445,2,6,-85
1755868830.3759446,1,0,-72
1755868830.4139447,-1,0,-76
1755868830.4499447,0,0,-74
1755868830.486945,0,5,-71
1755868830.5259447,-3,2,-77
1755868830.5639446,1,0,-73
1755868830.5999446,0,3,-66
1755868830.6369443,-1,2,-73
1755868830.6759446,0,-2,-69
1755868830.713945,-4,0,-77
1755868830.7499447,1,-3,-71
1755868830.7869446,-7,0,-71
1755868830.825945,-14,-3,-74
1755868830.8639443,-10,6,-77
1755868830.8999443,0,1,-71
1755868830.9369447,0,3,-71
1755868830.9759445,5,2,-86
1755868831.0139446,0,2,-75
1755868831.0499446,-1,1,-70
1755868831.0869446,1,-1,-69
1755868831.1259446,3,-1,-72
1755868831.1619446,7,0,-64
1755868831.1999447,0,5,-66
1755868831.236945,-6,9,-81
1755868831.2759447,-9,8,-74
1755868831.3119447,-4,2,-75
1755868831.3499446,-5,0,-65
1755868831.3879447,-4,3,-71
1755868831.4269447,-4,4,-74
1755868831.4649446,-5,3,-69
1755868831.5009446,-3,5,-85
1755868831.5379446,-9,3,-72
1755868831.5769446,0,4,-74
1755868831.6149447,-1,0,-65
1755868831.6509447,0,-6,-66
1755868831.687945,-4,2,-63
1755868831.7259445,4,-7,-66
1755868831.7649446,0,-6,-70
1755868831.8009446,-5,-3,-75
1755868831.838945,-6,-4,-70
1755868831.8769443,2,-4,-69
1755868831.9159446,-2,3,-72
1755868831.9519446,-9,0,-78
1755868831.9889443,4,-1,-80
1755868832.0269446,2,-1,-68
1755868832.065945,-3,-1,-64
1755868832.1019447,-3,5,-59
1755868832.1389446,8,0,-76
1755868832.1769447,-4,-1,-70
1755868832.2149446,4,-7,-68
1755868832.2509446,6,-6,-75
1755868832.2879446,3,-1,-75
1755868832.3269446,-1,-1,-80
1755868832.3649447,-4,0,-78
1755868832.4009447,-7,0,-76
1755868832.437945,-7,5,-75
1755868832.4769447,0,5,-82
1755868832.5149446,3,-1,-92
1755868832.5509446,0,-3,-68
1755868832.5879445,-5,-1,-80
1755868832.6269443,0,-2,-69
1755868832.6649446,1,-4,-72
1755868832.700945,0,5,-77
1755868832.7379446,-3,-1,-76
1755868832.7769446,0,-3,-69
1755868832.8149445,-5,3,-70
1755868832.8509445,3,3,-70
1755868832.8879447,3,-3,-75
1755868832.9269447,-3,-5,-79
1755868832.9629445,-7,4,-77
1755868833.0019443,-3,1,-70
1755868833.0389447,2,3,-64
1755868833.0769446,0,-1,-72
1755868833.1129446,-2,0,-71
1755868833.1519446,0,8,-82
1755868833.1889446,5,2,-79
1755868833.2269447,1,-2,-81
1755868833.2629447,1,-3,-74
1755868833.3009446,-2,-1,-78
1755868833.338945,3,-4,-71
1755868833.3769443,-1,3,-70
1755868833.4159446,3,1,-71
1755868833.4519446,2,-2,-73
1755868833.4889443,8,-4,-76
1755868833.5269446,1,-2,-83
1755868833.565945,-5,-2,-80
1755868833.6019447,-5,-4,-71
1755868833.6409447,1,-2,-70
1755868833.677945,0,-1,-76
1755868833.7169447,-2,2,-77
1755868833.7529447,0,3,-77
1755868833.7899446,0,0,-77
1755868833.8279445,-6,-1,-65
1755868833.8669446,0,3,-61
1755868833.9029446,0,4,-76
1755868833.9399445,6,0,-73
1755868833.9779446,4,-6,-75
1755868834.0159447,2,-6,-83
1755868834.0519447,3,-5,-68
1755868834.0899446,1,2,-62
1755868834.1279447,6,-1,-74
1755868834.1669445,4,-3,-83
1755868834.2029445,0,0,-77
1755868834.2399447,0,-1,-67
1755868834.2779446,-1,-3,-76
1755868834.3169446,-1,-1,-73
1755868834.3529446,-2,-10,-84
1755868834.3919446,-2,-3,-73
1755868834.4289446,3,-1,-60
1755868834.4679446,0,-1,-61
1755868834.5059447,-3,0,-71
1755868834.5419445,0,0,-80
1755868834.5789447,-7,1,-72
1755868834.6179447,-12,3,-75
1755868834.6559446,-13,6,-65
1755868834.6919446,3,10,-75
1755868834.7289443,1,0,-61
1755868834.7669446,-4,0,-59
1755868834.802945,1,0,-60
1755868834.8399446,2,1,-71
1755868834.8779447,3,1,-71
1755868834.9139447,-2,0,-67
1755868834.9529445,-1,-1,-61
1755868834.9899447,-3,3,-63
1755868835.0289447,1,5,-62
1755868835.0669446,3,-3,-63
1755868835.1029446,-1,-1,-64
1755868835.1419446,0,-3,-70
1755868835.1789446,11,3,-68
1755868835.2169447,2,-1,-79
1755868835.2529447,6,-3,-75
1755868835.2899446,0,-6,-72
1755868835.3279445,1,-8,-73
1755868835.3669446,1,0,-64
1755868835.4029446,0,-4,-68
1755868835.4399445,3,0,-69
1755868835.4779446,3,-4,-79
1755868835.5139446,0,0,-75
1755868835.5519447,3,0,-71
1755868835.588945,2,0,-80
1755868835.6269443,6,0,-88
1755868835.6629446,0,7,-80
1755868835.6999447,0,2,-73
1755868835.7379446,-1,2,-73
1755868835.7739446,-2,1,-78
1755868835.8109446,5,1,-69
1755868835.848945,5,3,-85
1755868835.8869443,0,7,-81
1755868835.9229443,6,6,-75
1755868835.960945,5,-1,-76
1755868835.9999447,0,-1,-69
1755868836.0379446,-2,-2,-61
1755868836.0739446,-3,2,-60
1755868836.1109445,-4,0,-64
1755868836.1499443,5,-5,-67
1755868836.187945,4,-10,-64
1755868836.223945,-8,-6,-59
1755868836.2629447,0,0,-59
1755868836.2999446,5,3,-69
1755868836.338945,-4,3,-72
1755868836.3769443,0,-2,-76
1755868836.4129446,-1,-2,-68
1755868836.450945,-2,0,-74
1755868836.4889443,9,-1,-77
1755868836.5279446,-3,-1,-73
1755868836.5639446,-2,-5,-66
1755868836.6019447,2,-3,-77
1755868836.6409447,3,6,-76
1755868836.6789446,-4,6,-68
1755868836.7149446,2,1,-73
1755868836.7519443,0,1,-74
1755868836.7889447,0,7,-77
1755868836.825945,7,0,-65
1755868836.8629446,3,-2,-65
1755868836.9009447,3,-2,-63
1755868836.9389446,0,1,-61
1755868836.9749446,0,-4,-68
1755868837.0129447,-1,5,-68
1755868837.0509446,2,7,-65
1755868837.088945,-2,-3,-66
1755868837.1279447,-1,0,-56
1755868837.1639447,-1,-2,-66
1755868837.2019446,5,-9,-81
1755868837.2399447,10,-8,-60
1755868837.2789447,3,0,-73
1755868837.3149445,3,-4,-71
1755868837.3519447,0,-5,-79
1755868837.3899446,2,-4,-79
1755868837.4289446,-6,1,-82
1755868837.4649446,0,0,-78
1755868837.5029447,0,2,-81
1755868837.5409446,9,-1,-76
1755868837.5799446,3,4,-76
1755868837.6179447,6,-2,-75
1755868837.6539447,2,0,-70
1755868837.690945,5,2,-66
1755868837.7289443,2,3,-77
1755868837.7649446,3,-4,-65
1755868837.802945,-2,-4,-71
1755868837.8409443,-2,1,-66
1755868837.8799446,0,-4,-73
1755868837.917945,-12,-1,-73
1755868837.9539447,-7,-5,-66
1755868837.9929447,-4,4,-70
1755868838.029945,-6,2,-73
1755868838.0689447,-2,0,-72
1755868838.1049447,-2,-9,-77
1755868838.1429446,1,2,-74
1755868838.1809447,8,-1,-59
1755868838.2249446,4,0,-75
1755868838.2619443,0,0,-78
1755868838.2999446,1,1,-78
1755868838.335945,0,-4,-74
1755868838.3739443,2,-5,-64
1755868838.4119446,-4,-10,-74
1755868838.450945,-2,-10,-64
1755868838.4889443,4,-3,-68
1755868838.5249443,2,-2,-70
1755868838.5619447,-3,8,-77
1755868838.5999446,-4,11,-80
1755868838.6389446,-4,3,-78
1755868838.6749446,-3,5,-76
1755868838.7119446,1,4,-71
1755868838.7509446,5,2,-59
1755868838.7889447,3,0,-68
1755868838.8249447,2,-1,-72
1755868838.861945,-2,-4,-75
1755868838.8999443,-6,0,-67
1755868838.9389446,-2,-4,-73
1755868838.9749446,-8,4,-78
1755868839.0119443,-5,6,-75
1755868839.0509446,2,-9,-74
1755868839.088945,5,0,-73
1755868839.1249447,5,2,-79
1755868839.1619446,4,0,-70
1755868839.1999447,2,-5,-71
1755868839.2359445,-1,4,-74
1755868839.2729447,6,0,-82
1755868839.3109446,-6,-7,-71
1755868839.3499446,-5,-7,-63
1755868839.3859446,2,-3,-65
1755868839.4239447,1,-5,-79
1755868839.4619446,-4,-6,-70
1755868839.5009446,0,-11,-80
1755868839.5389447,6,-1,-63
1755868839.5749447,4,-2,-74
1755868839.6139443,1,1,-50
1755868839.6519446,-1,-1,-64
1755868839.6899445,0,-4,-67
1755868839.7259445,-7,-4,-74
1755868839.7639446,-3,-4,-81
1755868839.8019447,-1,-3,-75
1755868839.8409443,1,-5,-66
1755868839.8789446,1,-2,-67
1755868839.9149446,1,-4,-78
1755868839.9519446,0,2,-78
1755868839.9909446,1,0,-72
1755868840.0289447,4,2,-75
1755868840.0649445,0,5,-80
1755868840.1019447,2,2,-92
1755868840.1399446,0,1,-79
1755868840.1759446,-4,-3,-72
1755868840.213945,5,-7,-76
1755868840.2519443,0,-5,-73
1755868840.2909446,0,0,-70
1755868840.3269446,-3,-3,-68
1755868840.3649447,-3,-2,-74
1755868840.4029446,0,0,-77
1755868840.440945,-7,0,-75
1755868840.4769447,-2,-2,-71
1755868840.5149446,-6,0,-63
1755868840.552945,0,-3,-65
1755868840.5909443,0,0,-80
1755868840.6269443,-12,-1,-76
1755868840.6649446,-5,0,-74
1755868840.7029445,0,0,-66
1755868840.7409446,-3,-3,-66
1755868840.7769446,0,-1,-75
1755868840.8149445,1,-3,-76
1755868840.8529446,0,0,-88
1755868840.8919446,-6,0,-71
1755868840.9299445,-4,0,-68
1755868840.9659443,-2,0,-70
1755868841.0029447,2,4,-73
1755868841.0409446,0,0,-83
1755868841.0779445,0,7,-80
1755868841.1149447,4,6,-62
1755868841.1519446,0,5,-84
1755868841.190945,3,1,-78
1755868841.2269447,5,-4,-79
1755868841.2639446,4,1,-87
1755868841.3019447,3,5,-83
1755868841.3409443,0,-4,-85
1755868841.3769443,0,-3,-71
1755868841.4139447,-2,-3,-65
1755868841.4529445,8,2,-76
1755868841.4909446,5,5,-72
1755868841.5269446,3,3,-82
1755868841.5649445,-4,6,-69
1755868841.6029446,0,5,-69
1755868841.6409447,6,4,-75
1755868841.6769447,5,-4,-69
1755868841.7149446,3,-2,-77
1755868841.7529447,-1,-3,-80
1755868841.7909446,0,0,-73
1755868841.8269446,-4,-4,-78
1755868841.8649447,0,4,-78
1755868841.9019446,-2,0,-81
1755868841.940945,-4,-5,-84
1755868841.9769447,-6,0,-79
1755868842.0139446,-8,6,-68
1755868842.0519447,-4,-2,-74
1755868842.0909443,-1,0,-73
1755868842.1269443,-1,1,-78
1755868842.1639447,-7,8,-73
1755868842.2029445,-1,3,-65
1755868842.2409446,-1,0,-71
1755868842.2769446,2,-3,-80
1755868842.3149445,-2,-6,-81
1755868842.3529446,-1,-6,-69
1755868842.3919446,0,-8,-64
1755868842.427945,1,-6,-59
1755868842.4659443,4,-4,-67
1755868842.5039446,0,-6,-65
1755868842.5419445,1,0,-63
1755868842.5779445,0,-3,-65
1755868842.6159446,0,3,-71
1755868842.6529446,3,6,-74
1755868842.690945,-9,3,-64
1755868842.7269447,-9,1,-68
1755868842.7639446,-5,6,-77
1755868842.802945,2,0,-70
1755868842.8409443,5,-8,-77
1755868842.8769443,1,-9,-67
1755868842.9139447,5,-4,-72
1755868842.9529445,-2,-1,-74
1755868842.9909446,3,-3,-75
1755868843.0269446,0,-3,-67
1755868843.0639446,0,0,-64
1755868843.1029446,2,0,-66
1755868843.1409447,-1,1,-75
1755868843.1769447,1,-4,-80
1755868843.213945,5,-2,-68
1755868843.2529447,-5,0,-74
1755868843.2909446,0,-1,-67
1755868843.3269446,-2,0,-68
1755868843.3639443,-3,0,-76
1755868843.4029446,-4,5,-85
1755868843.440945,3,0,-77
1755868843.4769447,0,0,-73
1755868843.5139446,0,-7,-65
1755868843.552945,3,-8,-54
1755868843.5909443,0,-8,-69
1755868843.6269443,0,-7,-70
1755868843.6649446,0,4,-68
1755868843.7039447,6,0,-78
1755868843.7419446,9,2,-78
1755868843.7779446,0,4,-78
1755868843.8149445,1,0,-74
1755868843.8529446,-7,6,-80
1755868843.8919446,-5,-3,-75
1755868843.927945,0,-2,-82
1755868843.9649446,0,-4,-74
1755868844.0039446,-2,-5,-78
1755868844.0419445,3,-2,-72
1755868844.0779445,2,1,-75
1755868844.1149447,2,5,-71
1755868844.1529446,2,-4,-66
1755868844.1889446,3,0,-72
1755868844.2259445,-1,-2,-73
1755868844.2639446,-2,0,-73
1755868844.302945,2,-2,-85
1755868844.3399446,2,0,-87
1755868844.3769443,8,-2,-75
1755868844.4149446,7,4,-71
1755868844.4529445,6,6,-56
1755868844.4889443,2,-1,-71
1755868844.5269446,-2,-3,-64
1755868844.5649445,6,1,-72
1755868844.6029446,2,-2,-73
1755868844.6389446,-7,-2,-63
1755868844.6769447,-1,5,-79
1755868844.7149446,0,-2,-78
1755868844.7539446,4,-3,-71
1755868844.7919445,5,2,-63
1755868844.8279445,1,2,-71
1755868844.8649447,4,10,-74
1755868844.9039447,3,5,-74
1755868844.9419446,-5,8,-70
1755868844.9779446,0,1,-84
1755868845.0149446,-1,-3,-78
1755868845.0539446,-3,-4,-67
1755868845.0919447,-1,-1,-73
1755868845.1279447,-2,1,-81
1755868845.1659446,0,-4,-86
1755868845.2039447,11,0,-71
1755868845.2429447,2,0,-75
1755868845.2789447,1,-5,-61
1755868845.3169446,-8,-3,-72
1755868845.3549447,-10,-2,-77
1755868845.3939445,-1,-1,-79
1755868845.4299445,0,1,-79
1755868845.4669447,0,-5,-73
1755868845.5049446,1,-1,-73
1755868845.5439446,4,-1,-71
1755868845.5799446,4,1,-69
1755868845.6169446,-1,2,-78
1755868845.654945,2,0,-73
1755868845.6939447,0,-4,-74
1755868845.7299447,4,-3,-67
1755868845.7669446,0,-7,-63
1755868845.8049445,0,-2,-77
1755868845.8439443,1,2,-80
1755868845.8799446,1,2,-76
1755868845.9169445,2,-7,-81
1755868845.9549446,2,1,-73
1755868845.9929447,1,1,-88
1755868846.0289447,-1,2,-85
1755868846.065945,0,-5,-73
1755868846.1049447,-4,-4,-61
1755868846.1429446,-1,0,-55
1755868846.1789446,-7,2,-55
1755868846.2159443,-2,2,-72
1755868846.2549446,0,-10,-87
1755868846.292945,2,2,-73
1755868846.3289447,2,5,-74
1755868846.3659446,14,5,-77
1755868846.4039447,8,6,-75
1755868846.440945,2,-3,-72
1755868846.4779446,2,-2,-71
1755868846.5159447,2,-3,-71
1755868846.5549445,0,-4,-87
1755868846.5929446,-2,-3,-74
1755868846.6289446,-7,-2,-75
1755868846.6669445,-1,2,-79
1755868846.7049446,6,0,-65
1755868846.7429447,1,5,-65
1755868846.7789447,6,1,-69
1755868846.815945,-9,-3,-59
1755868846.8549447,-5,-1,-74
1755868846.8929446,2,0,-76
1755868846.9289446,3,-2,-82
1755868846.9659443,1,-5,-93
1755868847.0049446,11,-7,-78
1755868847.042945,3,1,-66
1755868847.0789447,0,4,-77
1755868847.1159446,4,0,-79
1755868847.1539447,0,0,-72
1755868847.1899445,0,6,-69
1755868847.2269447,-2,-7,-73
1755868847.2649446,-1,-5,-66
1755868847.3039446,-5,-5,-76
1755868847.3399446,0,-5,-84
1755868847.3769443,0,-3,-85
1755868847.4149446,-4,0,-74
1755868847.4539447,2,0,-72
1755868847.4899447,-6,0,-83
1755868847.5269446,-2,0,-83
1755868847.5649445,0,-1,-80
1755868847.6039443,-4,-4,-81
1755868847.6399446,-4,9,-73
1755868847.6769447,3,3,-78
1755868847.7149446,3,0,-76
1755868847.7509446,-10,-2,-70
1755868847.7889447,-12,0,-83
1755868847.8269446,-9,-1,-74
1755868847.8649447,-1,-3,-67
1755868847.9039447,1,-3,-71
1755868847.9399445,0,-9,-80
1755868847.9769447,8,0,-74
1755868848.0149446,2,2,-67
1755868848.0509446,0,5,-66
1755868848.0879445,-2,-6,-64
1755868848.1259446,2,-5,-66
1755868848.1649446,-5,2,-61
1755868848.200945,-5,6,-68
1755868848.246945,-4,1,-76
1755868848.2849443,5,0,-78
1755868848.3209443,4,-3,-83
1755868848.3599446,10,-2,-87
1755868848.3969443,5,-4,-89
1755868848.4359446,3,-6,-82
1755868848.473945,-10,-2,-79
1755868848.509945,-13,0,-73
1755868848.5469446,-10,0,-74
1755868848.585945,-3,0,-61
1755868848.6239443,2,0,-75
1755868848.6599443,0,-2,-61
1755868848.6989446,-4,3,-65
1755868848.7359445,-2,3,-58
1755868848.7749443,-3,-2,-76
1755868848.8109446,-1,8,-75
1755868848.848945,1,-3,-74
1755868848.8859446,1,0,-82
1755868848.9239447,-2,-1,-79
1755868848.9599447,-5,0,-79
1755868848.996945,-1,-4,-81
1755868849.0359447,-1,7,-74
1755868849.0719447,-4,7,-71
1755868849.108945,-2,5,-69
1755868849.1469443,-5,7,-74
1755868849.1859446,-2,-3,-90
1755868849.2219446,2,-9,-83
1755868849.259945,-4,-6,-67
1755868849.2969446,-5,-6,-77
1755868849.335945,-9,-3,-73
1755868849.371945,-5,-6,-71
1755868849.4099443,0,-9,-81
1755868849.4489446,-9,-7,-73
1755868849.4859445,-3,4,-74
1755868849.5249443,-1,-4,-71
1755868849.5609446,-1,-4,-69
1755868849.598945,2,0,-69
1755868849.6359446,3,4,-77
1755868849.6719446,3,4,-71
1755868849.7089446,-2,-3,-76
1755868849.7479446,3,0,-70
1755868849.7859447,0,4,-68
1755868849.8219447,4,3,-65
1755868849.858945,2,3,-67
1755868849.8969443,-4,3,-68
1755868849.9349446,-2,-1,-66
1755868849.9709446,0,2,-63
1755868850.0089445,0,2,-60
1755868850.0469446,-1,-3,-70
1755868850.0849447,4,3,-86
1755868850.1209445,6,-5,-83
1755868850.1589446,12,-7,-79
1755868850.1969447,4,-2,-86
1755868850.2359445,0,2,-68
1755868850.2719443,-5,3,-71
1755868850.3109446,-5,0,-77
1755868850.3479445,-5,1,-69
1755868850.3869443,-8,1,-85
1755868850.4249446,-5,-3,-59
1755868850.460945,3,0,-63
1755868850.4979446,0,4,-66
1755868850.5359447,-6,0,-76
1755868850.5719447,-2,3,-67
1755868850.6099446,1,0,-70
1755868850.6479447,5,0,-72
1755868850.6869447,1,0,-74
1755868850.7249446,0,3,-70
1755868850.7609446,3,-4,-82
1755868850.7979443,10,-3,-82
1755868850.8369446,2,-2,-70
1755868850.8729446,-2,0,-75
1755868850.9109447,1,-5,-73
1755868850.9489446,6,0,-74
1755868850.986945,2,-3,-70
1755868851.0259447,0,-5,-72
1755868851.0619447,0,1,-79
1755868851.0999446,1,0,-72
1755868851.1369443,-2,2,-78
1755868851.1759446,-4,6,-84
1755868851.2119446,-3,4,-70
1755868851.2489443,-2,-2,-67
1755868851.2869446,-6,-4,-79
1755868851.325945,-1,1,-80
1755868851.361945,0,0,-80
1755868851.3989446,-9,1,-82
1755868851.4369447,-2,4,-76
1755868851.4759445,-5,-10,-83
1755868851.5119443,-9,-3,-75
1755868851.5499446,-1,-9,-85
1755868851.5879445,3,1,-79
1755868851.6259446,0,3,-78
1755868851.6619446,1,4,-74
1755868851.6989446,7,0,-65
1755868851.736945,0,-6,-75
1755868851.7729447,3,0,-67
1755868851.8099446,7,-4,-73
1755868851.8479445,3,0,-71
1755868851.8869443,-6,1,-66
1755868851.9229443,-5,-5,-66
1755868851.9619446,0,0,-56
1755868851.9989443,1,0,-69
1755868852.0369446,2,6,-62
1755868852.0729446,-4,7,-77
1755868852.1109445,-8,-3,-74
1755868852.1489446,-1,-4,-81
1755868852.187945,-2,-2,-73
1755868852.2259445,-4,-3,-69
1755868852.2619443,-2,-1,-72
1755868852.3009446,1,-3,-71
1755868852.3379445,-3,-1,-63
1755868852.3769443,-7,-2,-70
1755868852.4129446,3,3,-92
1755868852.450945,-3,3,-70
1755868852.4879446,-7,0,-76
1755868852.5269446,2,-4,-78
1755868852.562945,-2,0,-78
1755868852.5999446,0,-2,-71
1755868852.6379447,6,-6,-79
1755868852.6769447,4,-2,-72
1755868852.7129445,9,-2,-78
1755868852.7499447,12,-1,-81
1755868852.7879446,3,-2,-82
1755868852.8269446,-8,0,-80
1755868852.8629446,-3,6,-76
1755868852.9009447,-2,2,-70
1755868852.937945,0,2,-76
1755868852.973945,2,-1,-65
1755868853.0109446,-2,-3,-77
1755868853.0489447,-8,1,-74
1755868853.0879445,1,1,-65
1755868853.1239443,-2,0,-72
1755868853.1609447,-4,1,-70
1755868853.1999447,-4,2,-65
1755868853.2379446,0,-9,-75
1755868853.2739446,3,-2,-67
1755868853.3109446,-2,-3,-78
1755868853.348945,-1,1,-85
1755868853.3879447,-10,2,-79
1755868853.4239447,0,-1,-75
1755868853.4619446,1,-6,-77
1755868853.4999447,2,2,-75
1755868853.5379446,3,-2,-79
1755868853.5739446,-2,-5,-81
1755868853.6129446,0,-2,-73
1755868853.6499443,3,-3,-80
1755868853.6889446,-2,-1,-77
1755868853.7269447,2,-3,-77
1755868853.7629447,1,-2,-72
1755868853.7999446,1,-1,-79
1755868853.838945,4,-8,-72
1755868853.8769443,0,-6,-69
1755868853.9129446,0,-1,-81
1755868853.950945,4,1,-72
1755868853.9889443,-1,-3,-67
1755868854.0269446,-2,0,-67
1755868854.062945,0,-5,-75
1755868854.0999446,-6,0,-73
1755868854.1389446,0,1,-67
1755868854.1769447,6,10,-68
1755868854.2129445,2,3,-69
1755868854.2499447,2,4,-81
1755868854.2879446,4,-2,-77
1755868854.3239446,-5,4,-85
1755868854.361945,-5,0,-71
1755868854.3999443,-1,-3,-72
1755868854.4389446,5,-1,-66
1755868854.4749446,1,-4,-69
1755868854.5119443,-3,-1,-70
1755868854.5509446,0,-2,-73
1755868854.588945,-2,-7,-64
1755868854.6249447,-3,-2,-71
1755868854.6639447,-1,-5,-78
1755868854.700945,5,-12,-86
1755868854.7389443,4,-7,-73
1755868854.7779446,4,-7,-75
1755868854.8139446,4,-9,-71
1755868854.8509445,-5,2,-80
1755868854.8889446,-6,1,-74
1755868854.927945,-1,-2,-72
1755868854.963945,0,1,-62
1755868855.0009446,-3,4,-63
1755868855.0389447,-2,0,-84
1755868855.0779445,-4,0,-65
1755868855.1139443,1,4,-63
1755868855.1509447,2,5,-66
1755868855.1899445,-6,0,-64
1755868855.2279446,-6,0,-74
1755868855.2639446,0,1,-70
1755868855.3009446,-5,1,-64
1755868855.3399446,-4,-1,-58
1755868855.3779447,9,-3,-68
1755868855.4139447,7,4,-70
1755868855.450945,-2,-5,-64
1755868855.4899447,-1,2,-62
1755868855.5279446,1,0,-73
1755868855.5639446,8,-1,-66
1755868855.6009445,4,2,-76
1755868855.6389446,-3,-6,-83
1755868855.6749446,-3,-7,-87
1755868855.713945,0,0,-75
1755868855.7509446,-1,3,-77
1755868855.7899446,0,2,-78
1755868855.8279445,-4,0,-62
1755868855.8639443,0,0,-71
1755868855.9019446,-4,-1,-80
1755868855.9399445,-3,-5,-84
1755868855.9779446,-4,-7,-73
1755868856.0139446,0,-6,-75
1755868856.0509446,6,-7,-81
1755868856.0899446,-1,-2,-74
1755868856.1279447,0,0,-72
1755868856.1639447,1,-1,-68
1755868856.2019446,-1,-1,-73
1755868856.2399447,2,1,-78
1755868856.2759447,6,2,-73
1755868856.312945,-4,3,-78
1755868856.3509445,-5,-2,-76
1755868856.3899446,-4,-10,-73
1755868856.4259446,3,-3,-66
1755868856.4629445,4,0,-66
1755868856.4999447,6,0,-69
1755868856.5369446,5,-1,-75
1755868856.5739446,-4,-3,-76
1755868856.611945,-2,-6,-67
1755868856.6499443,-3,-3,-67
1755868856.6889446,-1,0,-67
1755868856.7249446,-1,0,-74
1755868856.7619443,1,0,-60
1755868856.7999446,-1,0,-74
1755868856.838945,5,-5,-75
1755868856.8749447,-5,-3,-69
1755868856.9129446,0,-4,-78
1755868856.950945,3,-6,-76
1755868856.9899447,5,1,-75
1755868857.0259447,3,-1,-82
1755868857.0639446,4,0,-73
1755868857.1009445,2,1,-73
1755868857.1389446,3,4,-69
1755868857.1749446,5,8,-66
1755868857.2119446,0,-2,-68
1755868857.2509446,-4,0,-72
1755868857.2889447,-5,-2,-70
1755868857.3249447,-4,3,-71
1755868857.361945,-3,-1,-83
1755868857.4009447,-6,-9,-75
1755868857.4389446,-3,-2,-69
1755868857.4749446,-4,1,-80
1755868857.5119443,1,2,-82
1755868857.5499446,0,5,-68
1755868857.585945,2,-3,-84
1755868857.6229446,5,-4,-75
1755868857.6609447,0,0,-73
1755868857.6999447,2,0,-70
1755868857.7359445,-6,-2,-73
1755868857.7739446,1,-3,-68
1755868857.8119447,1,-1,-73
1755868857.8509445,0,2,-80
1755868857.8889446,-1,3,-75
1755868857.9249446,1,3,-88
1755868857.9619446,-5,1,-86
1755868858.0009446,-1,9,-83
1755868858.0369446,3,0,-80
1755868858.0749447,1,-4,-72
1755868858.111945,-5,-5,-64
1755868858.1509447,1,-5,-80
1755868858.187945,-6,-1,-87
1755868858.2249446,-1,-5,-75
1755868858.2709446,-1,-3,-72
1755868858.3069446,-5,3,-79
1755868858.3439443,-4,3,-76
1755868858.3829446,6,-3,-79
1755868858.4209447,0,3,-68
1755868858.4569447,1,0,-70
1755868858.4959445,5,2,-70
1755868858.532945,6,-7,-71
1755868858.5719447,-5,-2,-75
1755868858.6099446,-6,-3,-69
1755868858.6459446,-2,0,-80
1755868858.6829443,-5,6,-63
1755868858.7219446,-2,12,-59
1755868858.759945,-7,1,-75
1755868858.7959447,-2,4,-76
1755868858.8339446,1,1,-67
1755868858.871945,-7,3,-58
1755868858.9099443,-4,4,-74
1755868858.9459443,0,4,-71
1755868858.9829447,-7,-1,-82
1755868859.0219443,-4,0,-75
1755868859.0599446,-5,1,-63
1755868859.0959446,1,3,-55
1755868859.1339445,5,-2,-71
1755868859.1719446,-4,-5,-76
1755868859.210945,-3,0,-72
1755868859.246945,-2,2,-62
1755868859.2839446,0,5,-71
1755868859.3219447,-4,5,-80
1755868859.3599446,3,1,-84
1755868859.3959446,-2,-4,-71
1755868859.4339447,-1,-3,-66
1755868859.4719446,-1,-5,-66
1755868859.5109446,-2,0,-71
1755868859.5469446,-12,-3,-66
1755868859.5849447,0,0,-83
1755868859.6229446,-8,4,-78
1755868859.6619446,-5,0,-76
1755868859.6999447,-3,2,-82
1755868859.7359445,-2,-3,-87
1755868859.7739446,5,2,-85
1755868859.8119447,1,-4,-82
1755868859.8479445,-3,0,-77
1755868859.8869443,-8,-1,-63
1755868859.9239447,-4,2,-68
1755868859.9619446,-9,6,-80
1755868860.0009446,-3,-1,-70
1755868860.0369446,-2,0,-64
1755868860.0749447,0,1,-64
1755868860.111945,9,-1,-74
1755868860.1509447,0,0,-78
1755868860.1869447,-4,0,-71
1755868860.2249446,-3,6,-67
1755868860.2629447,3,0,-69
1755868860.3019447,6,-1,-83
1755868860.3379445,6,-1,-74
1755868860.3749447,13,0,-73
1755868860.4129446,4,2,-74
1755868860.450945,8,-3,-81
1755868860.486945,6,0,-77
1755868860.5249443,3,-3,-72
1755868860.562945,2,-5,-62
1755868860.6019447,10,2,-76
1755868860.6379447,-1,1,-79
1755868860.6749446,-6,-5,-83
1755868860.7129445,3,-1,-80
1755868860.7519443,2,4,-86
1755868860.7879446,0,6,-81
1755868860.8249447,0,-1,-77
1755868860.8629446,2,1,-74
1755868860.9009447,4,2,-75
1755868860.9369447,0,3,-77
1755868860.973945,0,-8,-77
1755868861.0129447,0,0,-80
1755868861.0509446,2,0,-76
1755868861.0869446,-2,-3,-80
1755868861.1249447,-1,-1,-76
1755868861.1629446,0,4,-75
1755868861.200945,5,-3,-84
1755868861.236945,1,5,-81
1755868861.2739446,5,0,-72
1755868861.3119447,1,4,-78
1755868861.3479445,-1,5,-79
1755868861.384945,-5,-1,-71
1755868861.4239447,-5,-1,-73
1755868861.4619446,-4,2,-67
1755868861.4979446,5,-4,-65
1755868861.5349443,1,0,-65
1755868861.5729446,5,-3,-76
1755868861.6109445,1,-3,-80
1755868861.6469443,-1,3,-72
1755868861.6839447,-6,7,-75
1755868861.7229445,-3,6,-75
1755868861.7589445,-3,3,-78
1755868861.7969446,-1,1,-78
1755868861.835945,-2,3,-80
1755868861.8729446,-6,1,-66
1755868861.9119446,-8,-2,-65
1755868861.9479446,1,-4,-80
1755868861.9859445,3,-8,-77
1755868862.0229447,-2,-6,-82
1755868862.0619447,2,-4,-78
1755868862.0979445,0,0,-76
1755868862.1359446,-6,-8,-79
1755868862.1739447,-5,-1,-73
1755868862.2129445,1,-2,-67
1755868862.2489443,2,3,-75
1755868862.2859447,0,-1,-70
1755868862.3239446,-7,2,-71
1755868862.3629446,-3,3,-73
1755868862.3989446,2,-1,-79
1755868862.4359446,0,-3,-72
1755868862.4749446,-3,0,-69
1755868862.5129447,0,2,-74
1755868862.5489447,1,-3,-78
1755868862.585945,2,0,-83
1755868862.6239443,0,3,-83
1755868862.6619446,-3,0,-71
1755868862.6989446,-8,0,-69
1755868862.7359445,0,-2,-63
1755868862.7749443,2,-5,-73
1755868862.812945,3,0,-75
1755868862.848945,-2,2,-84
1755868862.8859446,-1,-1,-80
1755868862.9249446,0,0,-81
1755868862.963945,-2,1,-74
1755868863.0019443,-6,1,-74
1755868863.0379446,-5,-2,-75
1755868863.075945,-2,0,-67
1755868863.1139443,1,2,-81
1755868863.1529446,0,3,-71
1755868863.1889446,1,0,-76
1755868863.2269447,4,-5,-64
1755868863.2649446,3,-8,-64
1755868863.3039446,0,-6,-72
1755868863.3419447,1,2,-77
1755868863.3779447,-1,0,-68
1755868863.4149446,-3,6,-68
1755868863.4539447,-5,0,-68
1755868863.4899447,-2,-2,-64
1755868863.5289447,0,3,-73
1755868863.5669446,0,-3,-72
1755868863.6039443,-4,-5,-77
1755868863.6429446,0,7,-74
1755868863.6789446,-1,9,-77
1755868863.7169447,5,-2,-70
1755868863.7539446,0,2,-65
1755868863.7899446,0,0,-68
1755868863.8279445,-4,-7,-67
1755868863.8669446,1,-3,-68
1755868863.9039447,-6,0,-75
1755868863.9429443,-12,2,-77
1755868863.9789443,-4,2,-72
1755868864.0169446,-3,1,-72
1755868864.0539446,-1,0,-79
1755868864.0929446,0,4,-68
1755868864.1289446,-1,6,-71
1755868864.1669445,3,7,-75
1755868864.2049446,-3,4,-67
1755868864.2429447,-12,-1,-69
1755868864.2789447,-4,-1,-68
1755868864.3169446,-2,-2,-74
1755868864.3549447,0,-5,-73
1755868864.3939445,-4,-5,-68
1755868864.4299445,-4,-4,-69
1755868864.4679446,-8,3,-65
1755868864.5059447,4,-1,-63
1755868864.5449443,1,0,-72
1755868864.5829446,0,1,-74
1755868864.6189446,-2,0,-71
1755868864.6569445,-1,-7,-84
1755868864.6949446,3,-6,-70
1755868864.733945,6,-5,-70
1755868864.769945,7,-2,-74
1755868864.8069446,-3,4,-76
1755868864.8449447,-2,5,-80
1755868864.8839445,3,2,-86
1755868864.9199443,5,0,-79
1755868864.9569447,1,0,-79
1755868864.9949446,1,2,-78
1755868865.032945,-2,-3,-66
1755868865.0689447,0,0,-75
1755868865.1059446,1,-1,-75
1755868865.144945,3,0,-69
1755868865.1829443,0,-4,-79
1755868865.2189443,1,-4,-77
1755868865.2559447,5,-4,-84
1755868865.2949443,4,-2,-73
1755868865.3309443,0,3,-62
1755868865.3679447,3,-1,-61
1755868865.4059446,-2,-2,-58
1755868865.4449446,-3,-9,-85
1755868865.4809446,-3,-7,-73
1755868865.5189445,-2,-4,-72
1755868865.5569446,-8,2,-76
1755868865.5949447,-11,0,-84
1755868865.6339445,-6,-7,-83
1755868865.6699443,-1,0,-82
1755868865.7069447,7,2,-82
1755868865.7449446,8,-2,-68
1755868865.7839446,2,-2,-69
1755868865.8199446,1,-3,-76
1755868865.858945,-1,-2,-69
1755868865.8959446,0,-4,-71
1755868865.9349446,-3,-4,-63
1755868865.9709446,-5,-5,-55
1755868866.0089445,0,-4,-73
1755868866.0469446,5,-5,-64
1755868866.085945,6,-2,-76
1755868866.1239443,4,-2,-76
1755868866.1599443,7,-1,-72
1755868866.1979446,3,0,-68
1755868866.2359445,-5,1,-80
1755868866.2739446,-4,-1,-71
1755868866.3099446,0,1,-68
1755868866.3479445,0,-4,-71
1755868866.3859446,-1,-6,-71
1755868866.4239447,-2,0,-65
1755868866.4599447,-2,-2,-69
1755868866.4979446,8,-2,-76
1755868866.5359447,4,0,-69
1755868866.5739446,-1,0,-81
1755868866.6109445,-3,0,-72
1755868866.6479447,-5,0,-73
1755868866.6859446,1,3,-77
1755868866.723945,0,0,-74
1755868866.759945,0,0,-67
1755868866.7979443,2,-3,-75
1755868866.835945,-6,0,-77
1755868866.8749447,0,3,-75
1755868866.9109447,-3,-1,-77
1755868866.9489446,-1,-1,-70
1755868866.986945,6,-3,-62
1755868867.0259447,10,0,-64
1755868867.0619447,6,3,-70
1755868867.098945,2,-1,-69
1755868867.1369443,1,-2,-72
1755868867.1759446,-3,0,-68
1755868867.2119446,4,-3,-68
1755868867.2489443,6,-4,-69
1755868867.2869446,-1,-2,-60
1755868867.325945,-4,-5,-63
1755868867.361945,-11,0,-73
1755868867.3999443,-4,-7,-65
1755868867.437945,-6,0,-70
1755868867.4759445,-3,2,-81
1755868867.5149446,-1,1,-73
1755868867.5509446,-5,1,-82
1755868867.588945,1,-6,-75
1755868867.6279447,3,-2,-78
1755868867.6659446,-3,-3,-78
1755868867.7019446,0,-4,-79
1755868867.7399447,2,-3,-82
1755868867.7779446,2,-4,-76
1755868867.8169446,8,-6,-77
1755868867.8549447,4,1,-73
1755868867.8909447,-1,-4,-82
1755868867.9289446,-3,0,-72
1755868867.9669447,3,-1,-71
1755868868.0059447,0,-4,-68
1755868868.0419445,8,-4,-65
1755868868.0789447,3,0,-69
1755868868.1169446,0,0,-64
1755868868.154945,-2,-4,-63
1755868868.190945,2,0,-80
1755868868.2279446,-3,2,-76
1755868868.2719443,-5,-1,-72
1755868868.3109446,0,-5,-73
1755868868.348945,5,-9,-65
1755868868.3869443,4,-6,-81
1755868868.4249446,0,0,-88
1755868868.4619446,-4,0,-83
1755868868.4989443,1,2,-83
1755868868.5369446,-1,-6,-83
1755868868.5749447,4,-4,-85
1755868868.6109445,3,-3,-82
1755868868.6489446,0,-2,-72
1755868868.6869447,0,-8,-64
1755868868.7259445,-2,-7,-56
1755868868.7619443,2,-5,-63
1755868868.7999446,1,5,-68
1755868868.8379445,0,-1,-68
1755868868.8769443,4,-3,-79
1755868868.9129446,0,-1,-73
1755868868.9499447,3,3,-74
1755868868.986945,0,2,-61
1755868869.0229447,2,6,-62
1755868869.0599446,-2,1,-73
1755868869.0979445,-3,-1,-83
1755868869.1369443,-4,-11,-81
1755868869.1729443,1,-5,-73
1755868869.210945,4,0,-57
1755868869.2479446,4,3,-70
1755868869.2859447,10,1,-72
1755868869.3219447,2,1,-75
1755868869.3599446,0,-4,-72
1755868869.3979447,2,0,-77
1755868869.4359446,3,-2,-66
1755868869.4719446,0,-4,-71
1755868869.509945,7,-3,-80
1755868869.5479443,-1,0,-70
1755868869.5869446,4,5,-76
1755868869.6229446,2,5,-78
1755868869.6599443,6,-9,-74
1755868869.6979446,3,-2,-76
1755868869.736945,6,-4,-82
1755868869.7729447,13,-1,-88
1755868869.8099446,7,1,-82
1755868869.8479445,4,-1,-80
1755868869.8869443,3,1,-74
1755868869.9229443,-5,1,-92
1755868869.9599447,0,3,-76
1755868869.9979446,0,-4,-67
1755868870.0369446,5,0,-63
1755868870.0729446,2,1,-72
1755868870.1099446,3,0,-88
1755868870.1479447,0,-2,-76
1755868870.1869447,4,-5,-78
1755868870.2229445,1,-5,-74
1755868870.259945,5,-2,-72
1755868870.2979443,-1,-2,-66
1755868870.3369446,0,2,-64
1755868870.3729446,4,0,-65
1755868870.4109447,0,-2,-55
1755868870.4489446,3,4,-57
1755868870.4879446,1,2,-67
1755868870.5259447,-4,-1,-75
1755868870.5619447,-10,-1,-63
1755868870.5999446,-13,0,-66
1755868870.6379447,-6,-3,-81
1755868870.6769447,-1,-3,-72
1755868870.7129445,-5,5,-75
1755868870.7499447,7,1,-64
1755868870.7879446,0,-2,-59
1755868870.8239446,0,-3,-63
1755868870.861945,2,-3,-66
1755868870.8989446,-3,-3,-72
1755868870.937945,-2,0,-64
1755868870.973945,-3,6,-62
1755868871.0109446,-4,-1,-73
1755868871.0489447,-4,-4,-70
1755868871.0879445,0,0,-70
1755868871.1239443,1,-5,-71
1755868871.1609447,-5,-2,-79
1755868871.1989446,0,-1,-78
1755868871.2379446,0,2,-71
1755868871.2739446,-2,5,-73
1755868871.3109446,-4,0,-73
1755868871.348945,-3,1,-75
1755868871.3879447,-7,2,-75
1755868871.4239447,-5,4,-67
1755868871.460945,4,9,-61
1755868871.4989443,4,7,-83
1755868871.5379446,6,-4,-75
1755868871.5739446,3,-7,-71
1755868871.6109445,-3,-1,-75
1755868871.6489446,-2,0,-70
1755868871.687945,-1,-5,-79
1755868871.723945,4,-6,-74
1755868871.7609446,3,-1,-77
1755868871.7989447,0,0,-71
1755868871.8379445,-3,1,-68
1755868871.8739443,0,-3,-62
1755868871.9109447,-2,2,-64
1755868871.9489446,0,5,-70
1755868871.986945,-5,-4,-83
1755868872.0229447,0,-4,-67
1755868872.0599446,-2,-1,-69
1755868872.098945,-2,1,-81
1755868872.1369443,0,0,-71
1755868872.1729443,-4,-3,-78
1755868872.210945,-2,4,-85
1755868872.2489443,0,-3,-67
1755868872.2879446,-7,0,-70
1755868872.3239446,-4,-5,-63
1755868872.361945,-2,0,-56
1755868872.3999443,2,-6,-64
1755868872.4389446,1,-8,-68
1755868872.4749446,5,-4,-69
1755868872.5119443,0,-3,-77
1755868872.5499446,-2,2,-83
1755868872.588945,0,-1,-91
1755868872.6249447,4,-2,-81
1755868872.6619446,7,-1,-78
1755868872.6999447,7,-3,-79
1755868872.7389443,0,2,-70
1755868872.7749443,-5,-2,-77
1755868872.812945,0,-4,-66
1755868872.8509445,1,-7,-78
1755868872.8889446,7,-2,-75
1755868872.927945,9,2,-74
1755868872.963945,1,5,-66
1755868873.0009446,-5,1,-77
1755868873.0389447,3,-2,-72
1755868873.0779445,1,-2,-71
1755868873.1139443,7,-3,-74
1755868873.1519446,4,2,-71
1755868873.1899445,0,0,-73
1755868873.2279446,-1,0,-76
1755868873.2649446,3,3,-76
1755868873.3019447,0,1,-73
1755868873.3399446,0,-4,-66
1755868873.3779447,-3,3,-74
1755868873.4149446,1,0,-77
1755868873.4519446,0,1,-74
1755868873.4899447,-1,0,-72
1755868873.5279446,0,3,-79
1755868873.5639446,1,3,-76
1755868873.6019447,5,-1,-77
1755868873.6399446,-5,-2,-78
1755868873.677945,-4,1,-85
1755868873.713945,1,3,-93
1755868873.7519443,-4,8,-81
1755868873.7899446,4,1,-78
1755868873.8279445,-5,0,-76
1755868873.8639443,-6,6,-69
1755868873.9019446,-1,2,-46
1755868873.9399445,-5,-4,-67
1755868873.9779446,0,1,-81
1755868874.0139446,1,6,-79
1755868874.0509446,-1,-2,-82
1755868874.0899446,6,0,-74
1755868874.1279447,3,11,-83
1755868874.1639447,8,10,-82
1755868874.200945,6,0,-78
1755868874.2389443,0,0,-74
1755868874.2749443,3,-1,-73
1755868874.312945,-4,-3,-76
1755868874.3509445,-7,0,-74
1755868874.3899446,2,-2,-67
1755868874.4259446,3,-4,-71
1755868874.463945,-5,-10,-77
1755868874.5019443,-5,-1,-75
1755868874.5399446,0,-3,-76
1755868874.5789447,8,-2,-79
1755868874.6149447,10,-3,-82
1755868874.6529446,4,-4,-66
1755868874.690945,3,0,-72
1755868874.7289443,0,-2,-70
1755868874.7649446,-3,-3,-77
1755868874.802945,0,-1,-74
1755868874.8409443,-3,-3,-62
1755868874.8799446,-2,-2,-58
1755868874.9159446,0,0,-72
1755868874.9529445,-3,-5,-78
1755868874.9909446,0,-9,-70
1755868875.029945,-4,-1,-75
1755868875.065945,-1,0,-78
1755868875.1029446,3,-2,-71
1755868875.1409447,0,4,-78
1755868875.1789446,2,-2,-79
1755868875.2149446,3,1,-74
1755868875.2529447,7,0,-81
1755868875.2909446,-2,-5,-80
1755868875.3299446,3,1,-82
1755868875.3659446,8,-1,-77
1755868875.4029446,9,0,-58
1755868875.440945,5,1,-67
1755868875.4789443,7,0,-70
1755868875.5149446,2,-1,-68
1755868875.552945,3,0,-74
1755868875.5909443,11,-11,-79
1755868875.6289446,9,-4,-84
1755868875.6659446,-3,0,-88
1755868875.7029445,0,3,-69
1755868875.7409446,2,0,-73
1755868875.7789447,2,3,-72
1755868875.8149445,0,-5,-72
1755868875.8519447,2,-1,-70
1755868875.8909447,0,-3,-63
1755868875.9289446,-5,-1,-74
1755868875.9649446,1,-6,-79
1755868876.0019443,3,3,-86
1755868876.0399446,11,4,-79
1755868876.075945,1,6,-68
1755868876.1139443,-4,6,-76
1755868876.1519446,0,2,-86
1755868876.1899445,-6,3,-87
1755868876.2259445,-2,1,-75
1755868876.2639446,3,3,-61
1755868876.3019447,5,1,-66
1755868876.3399446,9,-1,-71
1755868876.3759446,4,0,-73
1755868876.4139447,1,-5,-77
1755868876.4519446,3,-4,-69
1755868876.4909446,-1,1,-70
1755868876.5269446,-4,0,-65
1755868876.5639446,0,0,-70
1755868876.6019447,7,-4,-70
1755868876.6409447,-4,-1,-77
1755868876.6769447,0,0,-72
1755868876.713945,2,5,-78
1755868876.7519443,0,0,-69
1755868876.7899446,0,-2,-73
1755868876.825945,-4,-2,-73
1755868876.8639443,0,0,-75
1755868876.9019446,-2,-4,-68
1755868876.940945,-6,1,-66
1755868876.9769447,-6,-3,-73
1755868877.0149446,2,-2,-75
1755868877.0539446,0,-2,-70
1755868877.0919447,-3,-6,-64
1755868877.1299446,-4,3,-62
1755868877.1659446,-8,-1,-71
1755868877.2039447,-4,-3,-72
1755868877.2419446,7,1,-84
1755868877.279945,1,-4,-74
1755868877.315945,2,-3,-65
1755868877.3539443,-6,0,-67
1755868877.3919446,-1,-5,-87
1755868877.4309447,-3,-3,-82
1755868877.4669447,-1,-7,-85
1755868877.5049446,7,2,-79
1755868877.5419445,4,-4,-69
1755868877.5809443,-4,0,-76
1755868877.6169446,2,7,-78
1755868877.6539447,5,5,-73
1755868877.6919446,5,-2,-84
1755868877.7299447,0,-3,-75
1755868877.7659447,0,-4,-76
1755868877.802945,7,-1,-68
1755868877.8419447,5,-2,-74
1755868877.8779447,4,-2,-79
1755868877.9149446,-4,6,-82
1755868877.9529445,0,-3,-71
1755868877.9919446,0,0,-81
1755868878.0279446,2,-5,-82
1755868878.065945,3,2,-69
1755868878.1029446,2,-5,-67
1755868878.1419446,-9,-6,-62
1755868878.177945,-3,0,-79
1755868878.2159443,2,-1,-73
1755868878.2529447,5,3,-72
1755868878.2969446,-1,3,-71
1755868878.3349447,3,-2,-70
1755868878.3729446,1,-2,-85
1755868878.4119446,0,-4,-76
1755868878.4479446,-3,-2,-76
1755868878.4859445,-2,-4,-77
1755868878.5249443,0,3,-69
1755868878.562945,-1,-1,-73
1755868878.6009445,-1,-1,-80
1755868878.6369443,3,-1,-75
1755868878.6739447,-5,-11,-71
1755868878.7129445,-1,-1,-72
1755868878.7509446,-4,-2,-72
1755868878.7869446,-2,-2,-74
1755868878.8249447,-2,-3,-66
1755868878.8629446,0,5,-70
1755868878.9009447,3,1,-71
1755868878.9369447,0,-2,-82
1755868878.973945,0,6,-70
1755868879.0119443,2,3,-78
1755868879.0479443,0,0,-81
1755868879.0849447,-2,-1,-74
1755868879.1229446,5,4,-68
1755868879.1619446,7,-2,-82
1755868879.1979446,2,-3,-76
1755868879.2349446,6,-2,-76
1755868879.2729447,-2,-6,-74
1755868879.3119447,4,0,-70
1755868879.3479445,-3,2,-66
1755868879.3859446,-5,0,-66
1755868879.4239447,0,-1,-69
1755868879.4629445,-2,3,-83
1755868879.5009446,0,3,-82
1755868879.5369446,-3,0,-85
1755868879.5739446,-3,4,-72
1755868879.6129446,4,0,-74
1755868879.6489446,2,-2,-78
1755868879.6869447,4,1,-73
1755868879.723945,-4,2,-78
1755868879.7629447,-4,0,-81
1755868879.7989447,-4,0,-79
1755868879.8369446,-2,-3,-69
1755868879.8759446,-1,3,-70
1755868879.9129446,-1,-1,-64
1755868879.9519446,0,1,-51
1755868879.9879446,5,2,-70
1755868880.0259447,0,1,-77
1755868880.062945,-3,-4,-77
1755868880.1019447,0,0,-70
1755868880.1379447,-1,-5,-73
1755868880.1759446,0,-2,-69
1755868880.213945,0,0,-67
1755868880.2519443,2,-4,-84
1755868880.2879446,1,-2,-71
1755868880.3249447,4,-3,-71
1755868880.3639443,5,-2,-74
1755868880.4019446,2,3,-80
1755868880.437945,3,1,-80
1755868880.4749446,0,-3,-58
1755868880.5139446,6,-1,-69
1755868880.5519447,8,2,-75
1755868880.5879445,7,3,-79
1755868880.6249447,7,-1,-73
1755868880.6639447,2,-6,-66
1755868880.7019446,1,-1,-72
1755868880.7379446,2,3,-63
1755868880.7749443,0,2,-73
1755868880.8139446,0,-6,-63
1755868880.8519447,1,-2,-83
1755868880.8879447,0,0,-81
1755868880.9249446,2,-5,-69
1755868880.963945,4,-7,-71
1755868881.0019443,3,-3,-70
1755868881.0379446,4,0,-78
1755868881.0749447,4,0,-87
1755868881.1129446,2,3,-81
1755868881.1489446,3,-2,-74
1755868881.1859446,-5,8,-71
1755868881.2249446,1,-1,-78
1755868881.2629447,-7,-5,-76
1755868881.2989447,-9,-6,-75
1755868881.3369446,3,-3,-69
1755868881.3749447,4,-4,-81
1755868881.4139447,4,-2,-80
1755868881.4499447,-3,0,-72
1755868881.4889443,-1,2,-71
1755868881.5269446,-4,-2,-74
1755868881.5639446,2,5,-85
1755868881.5999446,2,0,-81
1755868881.6379447,0,2,-86
1755868881.6749446,2,7,-73
1755868881.7129445,-4,-6,-69
1755868881.7489443,-2,-2,-70
1755868881.7869446,-5,2,-66
1755868881.8249447,-5,1,-70
1755868881.8639443,-4,3,-77
1755868881.8999443,-6,-2,-79
1755868881.937945,-8,-2,-76
1755868881.9769447,-8,0,-78
1755868882.0139446,-2,10,-79
1755868882.052945,-1,3,-71
1755868882.088945,1,2,-67
1755868882.1269443,1,5,-69
1755868882.1649446,-3,-3,-80
1755868882.2029445,-1,1,-72
1755868882.2389443,0,3,-57
1755868882.2769446,3,7,-59
1755868882.3149445,-11,0,-62
1755868882.3529446,-5,-9,-65
1755868882.3889446,-11,-8,-71
1755868882.4269447,-8,0,-68
1755868882.4649446,0,2,-69
1755868882.5029447,1,-3,-68
1755868882.5389447,0,0,-72
1755868882.575945,0,3,-69
1755868882.6149447,-8,-5,-72
1755868882.6529446,6,0,-65
1755868882.6889446,8,2,-71
1755868882.7259445,1,-2,-72
1755868882.7649446,-5,-3,-81
1755868882.802945,0,0,-74
1755868882.838945,0,-3,-78
1755868882.8759446,7,0,-83
1755868882.9139447,4,-2,-78
1755868882.9499447,6,1,-74
1755868882.9879446,-4,-3,-77
1755868883.0259447,0,-3,-83
1755868883.0649445,6,-9,-83
1755868883.1029446,3,2,-80
1755868883.1389446,1,3,-74
1755868883.1759446,7,-4,-72
1755868883.2149446,8,-2,-67
1755868883.2509446,9,2,-69
1755868883.2879446,-2,14,-81
1755868883.3269446,-2,2,-67
1755868883.3649447,1,-1,-75
1755868883.4009447,0,2,-68
1755868883.437945,-2,0,-57
1755868883.4759445,1,5,-64
1755868883.5139446,5,2,-77
1755868883.5499446,6,-3,-62
1755868883.5879445,9,0,-65
1755868883.6259446,5,5,-63
1755868883.6639447,-2,0,-76
1755868883.6999447,-5,-5,-65
1755868883.7379446,4,-5,-75
1755868883.7759447,1,1,-65
1755868883.8149445,6,-3,-71
1755868883.8519447,8,2,-79
1755868883.8899446,5,-3,-79
1755868883.927945,3,0,-70
1755868883.9659443,-5,-1,-76
1755868884.0039446,-3,4,-63
1755868884.0399446,3,2,-69
1755868884.0769446,0,0,-78
1755868884.1149447,1,-8,-78
1755868884.1509447,0,-8,-70
1755868884.1889446,0,0,-65
1755868884.2269447,0,-5,-62
1755868884.2659447,-2,0,-72
1755868884.3039446,-7,1,-70
1755868884.3399446,1,3,-72
1755868884.3769443,0,9,-68
1755868884.4149446,0,-2,-60
1755868884.450945,-4,-2,-76
1755868884.4889443,0,-3,-74
1755868884.5279446,-4,0,-79
1755868884.565945,0,0,-65
1755868884.6039443,1,5,-85
1755868884.6399446,-2,9,-90
1755868884.677945,5,2,-93
1755868884.7159443,3,0,-86
1755868884.7539446,3,1,-70
1755868884.7899446,2,1,-70
1755868884.8279445,0,-2,-64
1755868884.8659446,2,1,-71
1755868884.9039447,6,-3,-68
1755868884.9399445,6,1,-70
1755868884.9779446,0,-7,-62
1755868885.0159447,1,-4,-70
1755868885.0519447,-3,-6,-69
1755868885.0899446,6,-3,-74
1755868885.1279447,1,1,-70
1755868885.1659446,3,-2,-59
1755868885.2019446,2,0,-68
1755868885.2389443,-4,-7,-62
1755868885.2779446,3,-2,-60
1755868885.315945,2,0,-70
1755868885.3519447,0,-1,-74
1755868885.3889446,1,0,-70
1755868885.4269447,0,-2,-70
1755868885.4659443,3,8,-66
1755868885.5019443,0,1,-76
1755868885.5389447,2,2,-78
1755868885.575945,-4,-5,-77
1755868885.6149447,-4,-2,-71
1755868885.6509447,-6,1,-68
1755868885.6889446,-5,1,-80
1755868885.7269447,-6,-6,-75
1755868885.7659447,-2,-7,-83
1755868885.8019447,-7,-2,-77
1755868885.8409443,1,-3,-86
1755868885.8779447,8,0,-73
1755868885.9159446,1,-7,-72
1755868885.9519446,6,0,-67
1755868885.9889443,0,-3,-77
1755868886.0269446,0,-2,-73
1755868886.065945,4,-1,-72
1755868886.1019447,5,1,-79
1755868886.1389446,-3,6,-68
1755868886.177945,5,2,-73
1755868886.2159443,4,-5,-68
1755868886.2519443,4,-4,-71
1755868886.2889447,5,-1,-67
1755868886.3269446,3,0,-73
1755868886.3659446,1,9,-76
1755868886.4019446,6,2,-83
1755868886.4389446,-4,4,-70
1755868886.4769447,-7,4,-71
1755868886.5159447,-5,-1,-60
1755868886.5519447,-5,2,-70
1755868886.588945,-2,4,-63
1755868886.6269443,5,3,-72
1755868886.6649446,8,7,-74
1755868886.700945,3,7,-71
1755868886.7379446,6,0,-67
1755868886.7759447,3,-5,-68
1755868886.8119447,0,-2,-67
1755868886.8499446,-3,-6,-62
1755868886.8879447,-3,-4,-79
1755868886.9269447,3,-1,-72
1755868886.9629445,0,4,-70
1755868886.9999447,3,2,-75
1755868887.0369446,1,2,-69
1755868887.0729446,1,0,-75
1755868887.1099446,-4,0,-77
1755868887.1479447,0,-5,-78
1755868887.1869447,5,-3,-85
1755868887.2229445,2,-3,-77
1755868887.259945,2,-1,-64
1755868887.2979443,-3,1,-65
1755868887.3369446,-2,3,-78
1755868887.3729446,0,0,-83
1755868887.4099443,0,-2,-65
1755868887.4479446,0,-2,-59
1755868887.486945,6,-4,-71
1755868887.5229447,7,0,-76
1755868887.5599446,-4,2,-77
1755868887.5979445,0,1,-72
1755868887.6369443,-2,4,-78
1755868887.6729443,6,4,-65
1755868887.7099447,6,3,-61
1755868887.7479446,11,0,-78
1755868887.7859447,-2,-1,-82
1755868887.8219447,-4,2,-76
1755868887.858945,0,0,-77
1755868887.8979447,6,1,-75
1755868887.9359446,12,3,-68
1755868887.9719446,6,-1,-70
1755868888.0089445,-1,-2,-67
1755868888.0479443,-5,-1,-79
1755868888.085945,6,0,-86
1755868888.121945,0,-2,-75
1755868888.1589446,-4,-10,-65
1755868888.1979446,-5,-8,-66
1755868888.2359445,-12,-3,-79
1755868888.2719443,-7,-2,-78
1755868888.3179443,0,2,-61
1755868888.3559446,2,0,-64
1755868888.3919446,-5,0,-80
1755868888.4289446,1,-2,-71
1755868888.4679446,-2,-7,-69
1755868888.5059447,-3,0,-76
1755868888.5419445,-8,-1,-79
1755868888.5799446,0,0,-75
1755868888.6179447,0,1,-81
1755868888.6539447,0,1,-79
1755868888.690945,-4,3,-80
1755868888.7289443,-7,-6,-72
1755868888.7679446,0,-6,-84
1755868888.8039446,-3,-7,-88
1755868888.8419447,1,-1,-76
1755868888.8799446,-1,0,-86
1755868888.917945,-6,3,-81
1755868888.9569447,0,4,-70
1755868888.9929447,5,-2,-67
1755868889.0309446,-8,-8,-65
1755868889.0689447,3,0,-78
1755868889.1069446,1,-6,-59
1755868889.1429446,-3,-3,-71
1755868889.1809447,0,-1,-82
1755868889.2189443,2,-1,-79
1755868889.2579446,3,-4,-75
1755868889.2939446,2,3,-70
1755868889.3319447,2,-2,-64
1755868889.3689446,-4,0,-75
1755868889.407945,-2,10,-60
1755868889.4439447,-3,10,-68
1755868889.4809446,8,3,-73
1755868889.5189445,-1,-5,-77
1755868889.5579443,-5,-8,-74
1755868889.5939443,-2,-5,-75
1755868889.631945,-1,0,-76
1755868889.6699443,0,-1,-71
1755868889.7089446,0,-1,-73
1755868889.746945,-4,-1,-65
1755868889.782945,-4,-5,-75
1755868889.8209443,0,-6,-76
1755868889.858945,-1,1,-75
1755868889.8979447,3,5,-68
1755868889.9339447,10,0,-71
1755868889.9709446,6,4,-71
1755868890.0089445,-1,0,-90
1755868890.0469446,-3,6,-77
1755868890.0829446,1,0,-88
1755868890.1199446,-2,0,-81
1755868890.1589446,-1,0,-88
1755868890.1969447,-1,0,-83
1755868890.2329447,2,3,-79
1755868890.269945,-5,1,-87
1755868890.3089447,-2,0,-84
1755868890.3449447,0,4,-73
1755868890.381945,-4,0,-73
1755868890.4199443,-3,0,-79
1755868890.4589446,0,1,-87
1755868890.4949446,-3,3,-79
1755868890.532945,4,1,-76
1755868890.5699446,0,0,-68
1755868890.6079447,1,2,-73
1755868890.6439445,-2,5,-74
1755868890.6809447,-2,1,-80
1755868890.7199447,-8,4,-73
1755868890.7579446,-7,4,-76
1755868890.7939446,-2,-1,-67
1755868890.8319447,-4,0,-72
1755868890.8699446,-2,0,-73
1755868890.9089446,-4,10,-83
1755868890.9449446,-2,0,-80
1755868890.9829447,2,-4,-81
1755868891.0209446,3,-3,-71
1755868891.0589447,0,6,-75
1755868891.0949447,4,7,-73
1755868891.1329446,0,2,-75
1755868891.1699443,6,0,-67
1755868891.2079446,-1,7,-68
1755868891.2439446,-17,2,-75
1755868891.2809446,-5,1,-83
1755868891.3199446,-1,0,-79
1755868891.3579447,0,4,-83
1755868891.3939445,-2,-2,-82
1755868891.4329443,3,-2,-87
1755868891.4699447,2,-5,-71
1755868891.5089445,-1,-5,-66
1755868891.5449443,-2,0,-63
1755868891.5829446,0,-5,-68
1755868891.6209445,0,0,-76
1755868891.6589446,-4,4,-77
1755868891.6949446,-7,2,-69
1755868891.7329447,1,-1,-76
1755868891.7709446,-2,-1,-75
1755868891.8099446,-4,1,-73
1755868891.8479445,0,-1,-71
1755868891.8839445,1,1,-81
1755868891.9209447,-1,0,-70
1755868891.9599447,-4,0,-70
1755868891.9979446,-10,0,-77
1755868892.0339446,-7,1,-93
1755868892.0719447,0,0,-81
1755868892.1099446,-1,0,-75
1755868892.1489446,0,0,-68
1755868892.1849446,-1,2,-77
1755868892.2219446,-1,0,-76
1755868892.259945,1,0,-81
1755868892.2989447,0,1,-76
1755868892.3349447,5,-2,-78
1755868892.371945,4,0,-63
1755868892.4099443,1,6,-67
1755868892.4459443,0,6,-66
1755868892.4829447,-1,0,-69
1755868892.5209446,4,-1,-71
1755868892.5599446,-5,6,-75
1755868892.5959446,0,0,-76
1755868892.6329446,-10,0,-74
1755868892.6709447,2,0,-75
1755868892.7089446,5,-3,-78
1755868892.7459445,8,6,-79
1755868892.782945,8,3,-68
1755868892.8199446,1,-2,-77
1755868892.858945,-2,-4,-73
1755868892.8959446,-1,0,-79
1755868892.9329443,2,7,-73
1755868892.9709446,-1,-2,-81
1755868893.0089445,-6,4,-71
1755868893.0449443,-2,4,-75
1755868893.0829446,0,-5,-70
1755868893.1209445,1,0,-68
1755868893.1589446,1,7,-66
1755868893.1949446,1,9,-65
1755868893.2319446,1,-3,-70
1755868893.2709446,0,-1,-76
1755868893.3089447,-3,-7,-63
1755868893.3459446,-2,-4,-69
1755868893.3829446,4,-6,-82
1755868893.4209447,4,2,-76
1755868893.4599447,1,0,-74
1755868893.4959445,3,0,-64
1755868893.532945,-3,-5,-70
1755868893.5709443,-5,-2,-68
1755868893.6099446,0,-1,-68
1755868893.6459446,5,-1,-70
1755868893.6839447,3,0,-66
1755868893.7209446,3,-2,-67
1755868893.759945,-4,-5,-72
1755868893.7959447,0,-4,-67
1755868893.8329446,-2,-1,-69
1755868893.8709445,-1,-2,-70
1755868893.9099443,0,-1,-77
1755868893.9459443,0,0,-71
1755868893.9829447,1,-1,-73
1755868894.0209446,0,-4,-71
1755868894.0599446,2,-4,-79
1755868894.0959446,-1,0,-70
1755868894.1329446,0,6,-80
1755868894.1709447,6,7,-86
1755868894.2069447,4,0,-82
1755868894.2439446,0,0,-76
1755868894.2809446,-6,0,-65
1755868894.3199446,-1,0,-68
1755868894.3559446,4,0,-73
1755868894.3929446,1,0,-73
1755868894.4309447,-2,-5,-69
1755868894.4699447,-3,-1,-79
1755868894.5059447,-4,4,-73
1755868894.542945,0,1,-78
1755868894.5809443,8,8,-76
1755868894.6169446,7,0,-74
1755868894.654945,6,-1,-71
1755868894.6919446,8,0,-66
1755868894.7309446,6,0,-71
1755868894.7669446,3,0,-79
1755868894.8049445,-9,0,-77
1755868894.8419447,-7,6,-73
1755868894.8809447,-4,5,-82
1755868894.9169445,-4,0,-78
1755868894.9549446,1,1,-71
1755868894.9919446,2,-2,-79
1755868895.0309446,0,2,-71
1755868895.0669446,0,4,-73
1755868895.1039443,-5,0,-76
1755868895.1419446,-3,-5,-71
1755868895.1809447,-3,-7,-71
1755868895.2169447,2,-6,-78
1755868895.2549446,8,-2,-74
1755868895.292945,8,2,-78
1755868895.3319447,15,-6,-89
1755868895.3699446,11,-6,-82
1755868895.4059446,8,-5,-75
1755868895.4429443,-3,-3,-77
1755868895.4819446,-1,-3,-69
1755868895.519945,0,-3,-71
1755868895.5559447,0,-1,-86
1755868895.5929446,0,-3,-78
1755868895.631945,-3,3,-82
1755868895.6699443,7,8,-73
1755868895.7059443,11,3,-81
1755868895.7429447,6,1,-71
1755868895.7819445,-5,1,-75
1755868895.8179443,0,4,-69
1755868895.8549447,1,-8,-80
1755868895.8929446,-4,-2,-77
1755868895.9319446,9,-3,-73
1755868895.9679446,6,-1,-68
1755868896.0049446,1,-2,-63
1755868896.042945,0,-7,-74
1755868896.0819447,-6,-3,-69
1755868896.1179447,0,-3,-63
1755868896.154945,2,-6,-82
1755868896.1929443,-3,4,-74
1755868896.2319446,8,0,-77
1755868896.2679446,3,0,-78
1755868896.3049445,-5,4,-66
1755868896.3429446,-2,-1,-73
1755868896.381945,0,0,-75
1755868896.417945,8,5,-80
1755868896.4549446,-3,-7,-76
1755868896.4929447,-3,-5,-74
1755868896.5319445,1,2,-70
1755868896.5679443,1,0,-70
1755868896.6049447,5,-8,-71
1755868896.6429446,11,0,-74
1755868896.6809447,5,0,-75
1755868896.7169447,2,6,-75
1755868896.7539446,10,6,-67
1755868896.7919445,0,2,-78
1755868896.8279445,7,3,-83
1755868896.8649447,-5,-3,-72
1755868896.9039447,1,-3,-59
1755868896.9419446,0,-10,-65
1755868896.9779446,0,-4,-62
1755868897.0149446,0,0,-73
1755868897.052945,1,6,-77
1755868897.0909443,-6,2,-78
1755868897.1269443,-2,-7,-82
1755868897.1649446,5,-8,-77
1755868897.2029445,5,0,-73
1755868897.2419446,-4,0,-78
1755868897.2779446,3,6,-73
1755868897.3149445,5,-5,-84
1755868897.3529446,4,-1,-81
1755868897.3919446,0,-2,-75
1755868897.427945,1,0,-72
1755868897.4649446,-4,-4,-81
1755868897.5029447,8,-7,-77
1755868897.5419445,3,0,-76
1755868897.5779445,4,-6,-68
1755868897.6149447,-5,0,-75
1755868897.6529446,-6,-1,-79
1755868897.6919446,-8,0,-77
1755868897.7279446,-2,-5,-82
1755868897.7659447,1,0,-82
1755868897.8039446,7,-2,-65
1755868897.8429446,8,-1,-76
1755868897.8789446,6,0,-67
1755868897.9159446,5,-2,-73
1755868897.9539447,-1,0,-79
1755868897.9929447,-1,-3,-70
1755868898.0289447,2,-1,-67
1755868898.0669446,-2,0,-69
1755868898.1059446,-1,2,-75
1755868898.1429446,0,-2,-70
1755868898.1819446,0,-6,-70
1755868898.2179446,-1,-6,-84
1755868898.2559447,6,-4,-70
1755868898.2939446,-3,-5,-66
1755868898.338945,-1,-10,-79
1755868898.3759446,-3,-5,-71
1755868898.4139447,2,-5,-72
1755868898.4529445,-4,1,-72
1755868898.4889443,-3,5,-74
1755868898.5259447,-4,-1,-75
1755868898.5649445,-5,-2,-72
1755868898.6029446,2,-1,-75
1755868898.6389446,0,4,-78
1755868898.6759446,5,-1,-74
1755868898.713945,1,2,-70
1755868898.7519443,4,-2,-77
1755868898.7879446,0,0,-76
1755868898.8249447,3,4,-77
1755868898.8639443,-1,0,-81
1755868898.9019446,-9,-1,-70
1755868898.937945,-6,1,-70
1755868898.9749446,-5,6,-72
1755868899.0139446,0,10,-79
1755868899.0519447,6,0,-66
1755868899.0879445,1,-1,-71
1755868899.1249447,-1,0,-73
1755868899.1639447,-7,-2,-64
1755868899.2019446,-3,2,-66
1755868899.2379446,-3,-2,-63
1755868899.2759447,3,-1,-72
1755868899.3139446,2,-1,-77
1755868899.3529446,-8,-4,-80
1755868899.3889446,-1,0,-80
1755868899.4269447,6,-1,-68
1755868899.4649446,-3,-7,-75
1755868899.5039446,-5,-6,-87
1755868899.5399446,8,0,-83
1755868899.5769446,-2,0,-74
1755868899.6149447,6,-3,-82
1755868899.6539447,1,3,-67
1755868899.6899445,1,-1,-82
1755868899.7269447,5,3,-78
1755868899.7639446,0,-8,-63
1755868899.802945,0,-4,-65
1755868899.838945,1,-3,-77
1755868899.8769443,0,-1,-73
1755868899.9149446,0,6,-72
1755868899.9539447,10,2,-65
1755868899.9899447,2,-6,-69
1755868900.0269446,-3,0,-62
1755868900.0649445,-7,2,-70
1755868900.1039443,-7,0,-63
1755868900.1399446,-4,-3,-74
1755868900.177945,-1,5,-75
1755868900.2159443,-7,1,-62
1755868900.2549446,0,3,-64
1755868900.292945,-2,-2,-74
1755868900.3289447,-3,0,-72
1755868900.3679447,3,-2,-65
1755868900.404945,-9,-5,-72
1755868900.4439447,-8,-7,-78
1755868900.4799447,-1,-6,-69
1755868900.5179446,4,-4,-76
1755868900.5559447,0,1,-76
1755868900.5949447,3,-4,-81
1755868900.6329446,0,6,-70
1755868900.6689446,2,5,-64
1755868900.7069447,-1,3,-73
1755868900.7449446,3,2,-74
1755868900.782945,0,-6,-70
1755868900.8189447,5,2,-61
1755868900.8569446,1,0,-60
1755868900.894945,-1,0,-70
1755868900.9329443,0,3,-73
1755868900.9689443,1,2,-68
1755868901.006945,-4,-3,-76
1755868901.0449443,3,-2,-76
1755868901.0829446,-3,-3,-74
1755868901.1189446,2,2,-75
1755868901.1569445,0,-2,-84
1755868901.1949446,4,0,-86
1755868901.2309446,1,3,-74
1755868901.2679446,-3,2,-64
1755868901.3069446,-3,0,-58
1755868901.3449447,1,0,-71
1755868901.3809447,7,2,-78
1755868901.417945,2,-3,-72
1755868901.4559443,-3,-1,-71
1755868901.4949446,0,9,-79
1755868901.5309446,-1,0,-84
1755868901.5689447,-7,-2,-82
1755868901.6069446,4,0,-82
1755868901.644945,6,-7,-71
1755868901.6809447,0,-2,-71
1755868901.7179446,0,-2,-84
1755868901.756945,-3,0,-80
1755868901.7949443,0,1,-74
1755868901.8309443,7,0,-73
1755868901.8689446,3,7,-81
1755868901.9059446,6,9,-88
1755868901.9449446,2,3,-68
1755868901.9809446,6,0,-77
1755868902.0179446,2,1,-78
1755868902.0559447,3,1,-76
1755868902.0939443,8,-1,-80
1755868902.1299446,5,0,-65
1755868902.1669445,0,-3,-66
1755868902.2059443,4,-3,-61
1755868902.2439446,0,-3,-59
1755868902.279945,4,-8,-59
1755868902.3179443,3,-6,-49
1755868902.3559446,1,6,-66
1755868902.3939445,0,5,-74
1755868902.4299445,5,-2,-71
1755868902.4669447,0,3,-72
1755868902.5049446,3,4,-76
1755868902.5409446,1,-1,-78
1755868902.5779445,-1,2,-86
1755868902.6159446,0,-4,-80
1755868902.654945,-2,0,-82
1755868902.690945,0,-6,-86
1755868902.7289443,7,-2,-81
1755868902.7669446,0,0,-69
1755868902.8049445,0,0,-67
1755868902.8409443,-8,-4,-83
1755868902.8789446,-1,-5,-84
1755868902.9169445,4,3,-76
1755868902.9549446,4,-4,-77
1755868902.9909446,-5,-5,-65
1755868903.0289447,-5,-6,-63
1755868903.0669446,0,0,-68
1755868903.1049447,1,-5,-71
1755868903.1409447,-2,-5,-71
1755868903.1789446,-1,0,-77
1755868903.2169447,-3,11,-80
1755868903.2559447,3,8,-78
1755868903.2919445,7,8,-77
1755868903.3289447,-1,-1,-74
1755868903.3669446,0,0,-77
1755868903.404945,-4,0,-80
1755868903.440945,1,6,-75
1755868903.4779446,0,3,-74
1755868903.5159447,0,3,-72
1755868903.5519447,5,-1,-72
1755868903.588945,2,-7,-83
1755868903.6269443,1,0,-84
1755868903.6659446,1,-2,-76
1755868903.7019446,1,2,-82
1755868903.7389443,-5,4,-80
1755868903.7769446,0,2,-71
1755868903.815945,0,0,-72
1755868903.8519447,-2,-7,-68
1755868903.8899446,-2,-3,-83
1755868903.927945,-1,1,-76
1755868903.9669447,-3,0,-68
1755868904.0049446,-5,3,-72
1755868904.0409446,0,4,-64
1755868904.0779445,2,2,-68
1755868904.1159446,1,-1,-76
1755868904.1519446,-3,-2,-73
1755868904.1899445,0,0,-88
1755868904.2279446,-1,1,-79
1755868904.2669446,-5,-3,-66
1755868904.3049445,-2,2,-78
1755868904.3409443,2,-1,-76
1755868904.3779447,6,3,-67
1755868904.4169445,0,9,-65
1755868904.4549446,-6,2,-74
1755868904.4909446,-10,0,-79
1755868904.5289447,-11,-3,-74
1755868904.5669446,-1,-9,-68
1755868904.6059446,0,-5,-86
1755868904.6419446,2,-1,-79
1755868904.6789446,2,2,-72
1755868904.7169447,-4,0,-62
1755868904.7529447,5,1,-85
1755868904.7899446,0,-1,-70
1755868904.8279445,-2,-1,-89
1755868904.8669446,-1,-5,-72
1755868904.9029446,2,-5,-88
1755868904.9399445,4,1,-77
1755868904.9769447,1,6,-69
1755868905.0159447,-7,6,-76
1755868905.0519447,-1,4,-78
1755868905.088945,-1,-2,-74
1755868905.1269443,2,1,-73
1755868905.1659446,1,-3,-78
1755868905.2019446,3,-5,-76
1755868905.2389443,3,-1,-75
1755868905.2769446,2,0,-78
1755868905.312945,-1,-5,-81
1755868905.3509445,0,-4,-83
1755868905.3889446,1,0,-83
1755868905.4269447,-3,0,-72
1755868905.4659443,-4,0,-81
1755868905.5019443,-2,-4,-75
1755868905.5399446,-8,-1,-69
1755868905.5789447,0,-4,-67
1755868905.6169446,8,1,-69
1755868905.6529446,0,2,-68
1755868905.6899445,1,-3,-73
1755868905.7279446,1,-4,-78
1755868905.7669446,0,-2,-75
1755868905.802945,-1,4,-81
1755868905.8399446,-1,-4,-63
1755868905.8779447,-8,-2,-80
1755868905.9169445,-8,-2,-78
1755868905.9529445,-7,-2,-66
1755868905.9919446,-5,-4,-67
1755868906.0289447,-5,-5,-79
1755868906.0679443,4,-5,-87
1755868906.1059446,-1,-4,-74
1755868906.1419446,-3,-3,-73
1755868906.1799445,0,0,-75
1755868906.2179446,1,1,-59
1755868906.2559447,2,1,-60
1755868906.2919445,5,2,-78
1755868906.3289447,2,2,-68
1755868906.3679447,9,2,-73
1755868906.4059446,0,6,-76
1755868906.4419446,0,2,-72
1755868906.4789443,6,9,-68
1755868906.5169446,-1,0,-81
1755868906.552945,3,2,-71
1755868906.5909443,3,-1,-69
1755868906.6279447,2,1,-77
1755868906.6639447,6,1,-81
1755868906.700945,-4,-2,-67
1755868906.7389443,-2,-6,-67
1755868906.7779446,-7,-1,-73
1755868906.8139446,-2,-6,-70
1755868906.8519447,0,2,-83
1755868906.8899446,-9,-2,-67
1755868906.927945,-2,0,-72
1755868906.9669447,-2,-5,-62
1755868907.0029447,0,3,-63
1755868907.0399446,1,-5,-79
1755868907.0779445,-4,1,-72
1755868907.1169446,-3,2,-83
1755868907.1529446,-3,0,-79
1755868907.1899445,-6,-3,-68
1755868907.2279446,-4,-9,-83
1755868907.2669446,-4,3,-91
1755868907.302945,4,8,-80
1755868907.3399446,2,8,-74
1755868907.3789446,-7,3,-73
1755868907.4169445,0,-1,-78
1755868907.4529445,0,0,-75
1755868907.4899447,0,-5,-66
1755868907.5289447,-1,-1,-73
1755868907.5669446,-8,2,-72
1755868907.6029446,-4,1,-60
1755868907.6399446,-6,-4,-75
1755868907.6789446,-4,-4,-73
1755868907.7169447,-8,-1,-71
1755868907.7529447,-5,-4,-74
1755868907.7909446,2,0,-67
1755868907.8299446,6,-1,-69
1755868907.8679447,6,1,-81
1755868907.9039447,4,1,-85
1755868907.940945,0,0,-79
1755868907.9799447,-4,3,-75
1755868908.0179446,-5,7,-67
1755868908.0539446,-3,0,-73
1755868908.0909443,1,-1,-78
1755868908.1299446,2,5,-83
1755868908.167945,0,5,-72
1755868908.2039447,0,5,-63
1755868908.2409446,-1,1,-69
1755868908.2789447,-9,-3,-68
1755868908.3179443,-4,3,-77
1755868908.3629446,0,-5,-66
1755868908.4009447,-2,-7,-64
1755868908.4389446,1,-1,-68
1755868908.4749446,-1,-4,-72
1755868908.5129447,4,-6,-70
1755868908.5509446,8,-2,-69
1755868908.588945,-1,-1,-84
1755868908.6279447,-6,-5,-77
1755868908.6639447,-4,-11,-82
1755868908.7019446,2,-4,-86
1755868908.7399447,-1,-3,-76
1755868908.7789447,4,-2,-72
1755868908.8149445,8,0,-72
1755868908.8529446,1,-2,-75
1755868908.8909447,8,3,-74
1755868908.9289446,4,4,-80
1755868908.9649446,4,1,-78
1755868909.0029447,-5,2,-73
1755868909.0419445,4,5,-71
1755868909.0799446,2,1,-76
1755868909.1179447,2,2,-80
1755868909.1539447,2,5,-77
1755868909.1919446,-4,0,-64
1755868909.2299447,-3,2,-69
1755868909.2679446,-6,-3,-71
1755868909.3039446,0,-3,-68
1755868909.3409443,-2,-4,-83
1755868909.3799446,-3,-10,-71
1755868909.417945,-2,-3,-62
1755868909.4539447,0,-5,-71
1755868909.4909446,2,-3,-79
1755868909.529945,-5,2,-76
1755868909.5679443,0,0,-72
1755868909.6039443,6,-3,-68
1755868909.6409447,3,-7,-61
1755868909.6799445,6,-3,-66
1755868909.7179446,-1,0,-72
1755868909.7539446,-6,-4,-77
1755868909.7919445,0,-9,-81
1755868909.8299446,-4,-1,-77
1755868909.8689446,-2,4,-68
1755868909.904945,0,-4,-78
1755868909.9419446,-4,0,-72
1755868909.9809446,-4,0,-69
1755868910.0189445,-2,9,-79
1755868910.0549445,3,0,-81
1755868910.0919447,2,-7,-74
1755868910.1309447,-8,-2,-75
1755868910.1689446,0,-3,-76
1755868910.2049446,0,5,-64
1755868910.2419446,4,1,-66
1755868910.279945,-3,6,-56
1755868910.315945,-2,3,-65
1755868910.3549447,-2,7,-59
1755868910.3919446,-13,6,-72
1755868910.4299445,3,4,-72
1755868910.4689443,0,0,-60
1755868910.5049446,3,2,-75
1755868910.5419445,0,5,-73
1755868910.5799446,7,0,-75
1755868910.6159446,0,0,-79
1755868910.6539447,-1,-1,-74
1755868910.6919446,0,-1,-72
1755868910.7309446,0,0,-72
1755868910.7689445,0,-5,-73
1755868910.8049445,2,-8,-79
1755868910.8419447,0,2,-75
1755868910.8799446,-3,2,-76
1755868910.9159446,2,0,-84
1755868910.9539447,-2,1,-86
1755868910.9919446,0,-5,-76
1755868911.0309446,1,-4,-77
1755868911.0689447,3,-3,-76
1755868911.1049447,1,3,-71
1755868911.1419446,-5,3,-74
1755868911.1809447,-5,2,-65
1755868911.2189443,-7,7,-70
1755868911.2549446,-11,-4,-74
1755868911.2939446,-1,-2,-72
1755868911.3309443,2,2,-75
1755868911.3689446,4,0,-71
1755868911.404945,0,1,-64
1755868911.4419446,0,-1,-64
1755868911.4809446,1,0,-76
1755868911.5189445,0,2,-79
1755868911.5549445,1,7,-62
1755868911.5919447,0,-1,-73
1755868911.6309447,-5,4,-77
1755868911.6689446,1,1,-78
1755868911.7049446,0,0,-84
1755868911.7429447,0,-2,-69
1755868911.7809446,10,-5,-76
1755868911.8189447,0,2,-85
1755868911.8549447,0,3,-75
1755868911.8919446,-1,-4,-66
1755868911.9309447,-3,4,-70
1755868911.9669447,-8,1,-65
1755868912.0039446,-2,0,-83
1755868912.042945,1,-2,-77
1755868912.0809443,3,3,-65
1755868912.1169446,5,1,-75
1755868912.1539447,2,0,-70
1755868912.190945,2,0,-75
1755868912.2269447,1,2,-74
1755868912.2649446,0,-4,-82
1755868912.302945,3,-2,-79
1755868912.3409443,4,-4,-75
1755868912.3799446,0,-3,-77
1755868912.4159446,6,3,-67
1755868912.4529445,4,0,-76
1755868912.4909446,6,-2,-75
1755868912.5279446,2,4,-83
1755868912.5649445,2,0,-69
1755868912.6019447,0,0,-73
1755868912.6409447,2,-10,-70
1755868912.6769447,2,1,-72
1755868912.7149446,0,-1,-67
1755868912.7529447,-4,0,-71
1755868912.7919445,-1,0,-61
1755868912.8299446,7,4,-70
1755868912.8659446,7,2,-73
1755868912.9029446,3,6,-78
1755868912.940945,2,5,-72
1755868912.9769447,6,0,-69
1755868913.0139446,1,-1,-63
1755868913.0519447,4,-1,-74
1755868913.0909443,5,-2,-60
1755868913.1269443,4,-1,-65
1755868913.1649446,1,4,-80
1755868913.2019446,9,-4,-68
1755868913.2409446,-2,4,-76
1755868913.2779446,5,0,-68
1755868913.3149445,4,-8,-64
1755868913.3529446,3,-4,-71
1755868913.3919446,8,-3,-62
1755868913.4299445,2,-1,-71
1755868913.4659443,-3,2,-64
1755868913.5029447,-6,6,-72
1755868913.5419445,-5,4,-83
1755868913.5799446,1,2,-76
1755868913.6159446,-3,2,-72
1755868913.6529446,10,2,-74
1755868913.6919446,8,-4,-70
1755868913.7279446,4,-1,-68
1755868913.7649446,2,-2,-80
1755868913.802945,8,3,-84
1755868913.8409443,1,7,-79
1755868913.8769443,1,-1,-74
1755868913.9139447,0,0,-75
1755868913.9519446,-2,4,-69
1755868913.9879446,4,2,-74
1755868914.0249443,0,-4,-80
1755868914.062945,0,0,-79
1755868914.1009445,0,5,-64
1755868914.1369443,3,3,-70
1755868914.1739447,2,0,-69
1755868914.2119446,0,-1,-65
1755868914.2479446,-1,0,-74
1755868914.2849443,-3,-2,-77
1755868914.3229446,-2,-4,-76
1755868914.361945,0,2,-82
1755868914.3979447,2,-3,-87
1755868914.4349446,0,-5,-81
1755868914.4729445,-1,-3,-80
1755868914.5119443,-3,-5,-84
1755868914.5479443,-8,-5,-86
1755868914.585945,-2,0,-85
1755868914.6239443,6,9,-79
1755868914.6619446,0,0,-78
1755868914.6979446,-3,3,-80
1755868914.7359445,7,6,-78
1755868914.7729447,0,0,-74
1755868914.8119447,5,3,-73
1755868914.8479445,5,-2,-71
1755868914.884945,-1,5,-64
1755868914.9229443,-2,1,-67
1755868914.9619446,-7,3,-74
1755868914.9979446,-3,3,-70
1755868915.0349443,-2,12,-63
1755868915.0729446,-2,7,-65
1755868915.111945,-3,0,-65
1755868915.1479447,-1,-1,-68
1755868915.1869447,5,0,-70
1755868915.223945,10,3,-76
1755868915.2619443,1,-4,-78
1755868915.2979443,-1,0,-82
1755868915.3349447,10,2,-73
1755868915.3729446,5,3,-76
1755868915.4109447,1,-3,-76
1755868915.4469447,4,-3,-59
1755868915.4849446,0,-2,-60
1755868915.5229447,3,3,-65
1755868915.5589447,-2,0,-68
1755868915.5959446,-2,0,-80
1755868915.6339445,0,0,-67
1755868915.6729443,2,-6,-63
1755868915.7089446,3,-5,-71
1755868915.7459445,0,-1,-59
1755868915.7839446,-3,6,-72
1755868915.8229446,2,-4,-70
1755868915.858945,-5,-5,-77
1755868915.8969443,0,-3,-78
1755868915.9349446,4,-1,-72
1755868915.973945,2,2,-67
1755868916.0119443,4,0,-80
1755868916.0479443,4,-2,-71
1755868916.0849447,11,0,-68
1755868916.1229446,0,0,-66
1755868916.1589446,2,3,-58
1755868916.1959443,4,3,-65
1755868916.233945,-4,4,-71
1755868916.2729447,0,0,-74
1755868916.3089447,-6,-4,-78
1755868916.3469446,3,-10,-71
1755868916.384945,9,0,-80
1755868916.4239447,3,-1,-65
1755868916.4619446,0,-2,-79
1755868916.4979446,-7,2,-79
1755868916.5369446,0,-1,-74
1755868916.5739446,-2,-1,-69
1755868916.6129446,0,3,-69
1755868916.6489446,2,10,-74
1755868916.6869447,6,5,-69
1755868916.7249446,1,0,-70
1755868916.7629447,-5,-1,-75
1755868916.7989447,0,0,-71
1755868916.835945,1,2,-70
1755868916.8739443,1,3,-79
1755868916.9129446,5,2,-74
1755868916.9489446,7,0,-67
1755868916.9859445,4,0,-71
1755868917.0239446,3,1,-72
1755868917.0619447,1,1,-72
1755868917.0979445,-2,4,-81
1755868917.1359446,-3,0,-73
1755868917.1739447,-2,0,-85
1755868917.2129445,2,-4,-81
1755868917.2489443,3,0,-80
1755868917.2869446,0,4,-75
1755868917.3239446,0,0,-55
1755868917.3599446,6,4,-74
1755868917.3969443,0,-4,-76
1755868917.4349446,-7,-5,-66
1755868917.473945,-8,5,-65
1755868917.509945,-7,2,-66
1755868917.5479443,4,0,-65
1755868917.5869446,-2,-3,-70
1755868917.6239443,-3,-7,-76
1755868917.6629446,0,-2,-63
1755868917.6989446,0,4,-76
1755868917.7359445,0,0,-74
1755868917.7739446,0,4,-69
1755868917.8099446,-10,3,-67
1755868917.8469446,-1,3,-73
1755868917.884945,-2,-3,-78
1755868917.9239447,5,0,-82
1755868917.9599447,0,-8,-89
1755868917.996945,7,-6,-78
1755868918.0349443,-3,-3,-79
1755868918.0739446,11,2,-74
1755868918.1099446,5,3,-77
1755868918.1469443,0,-1,-69
1755868918.1849446,0,-1,-68
1755868918.223945,5,-2,-71
1755868918.259945,4,-5,-83
1755868918.2969446,1,0,-74
1755868918.3349447,0,5,-72
1755868918.3799446,-10,0,-59
1755868918.417945,-12,-1,-69
1755868918.4549446,0,0,-67
1755868918.4939446,0,1,-87
1755868918.529945,-2,2,-88
1755868918.5679443,0,-5,-73
1755868918.6049447,3,-3,-61
1755868918.6439445,2,1,-65
1755868918.6799445,6,-4,-74
1755868918.7179446,0,-1,-63
1755868918.7559447,-2,0,-70
1755868918.7949443,-2,0,-72
1755868918.8329446,-4,0,-62
1755868918.8689446,2,2,-66
1755868918.9069445,8,2,-75
1755868918.9449446,9,3,-68
1755868918.983945,-1,-6,-66
1755868919.019945,-6,-2,-77
1755868919.0579443,-5,-2,-84
1755868919.0969446,-7,-2,-94
1755868919.134945,-4,0,-72
1755868919.1709447,-2,-2,-71
1755868919.2089446,2,4,-74
1755868919.246945,0,2,-71
1755868919.2849443,1,2,-76
1755868919.3209443,8,2,-73
1755868919.3579447,4,2,-72
1755868919.394945,1,0,-76
1755868919.4339447,4,0,-69
1755868919.4699447,0,-3,-73
1755868919.506945,-4,0,-73
1755868919.5449443,1,5,-74
1755868919.5809443,-8,4,-72
1755868919.6179447,-4,2,-88
1755868919.6559446,0,0,-84
1755868919.6939447,4,-4,-82
1755868919.7299447,6,0,-76
1755868919.7669446,-3,6,-71
1755868919.8049445,5,4,-70
1755868919.8409443,4,1,-78
1755868919.8779447,0,1,-71
1755868919.9159446,5,0,-70
1755868919.9539447,3,0,-77
1755868919.9899447,6,0,-83
1755868920.0269446,-6,-7,-70
1755868920.065945,-1,-5,-74
1755868920.1039443,0,-3,-69
1755868920.1399446,4,5,-66
1755868920.177945,3,-4,-70
1755868920.2159443,5,-5,-72
1755868920.2549446,0,-3,-61
1755868920.2909446,-7,5,-64
1755868920.3279445,-4,-2,-72
1755868920.3659446,0,4,-82
1755868920.4039447,-4,-4,-82
1755868920.4399445,-9,3,-74
1755868920.4779446,-4,-2,-70
1755868920.5159447,-8,0,-64
1755868920.5549445,-3,-3,-66
1755868920.5909443,-6,-1,-65
1755868920.6289446,4,-7,-77
1755868920.667945,5,-3,-75
1755868920.7059443,-3,-2,-60
1755868920.7439446,0,-1,-69
1755868920.779945,1,3,-81
1755868920.8179443,-1,3,-69
1755868920.8559446,2,0,-73
1755868920.8919446,2,-8,-71
1755868920.9289446,6,-1,-86
1755868920.9679446,7,-6,-69
1755868921.0059447,0,-1,-72
1755868921.0419445,1,0,-64
1755868921.0789447,5,2,-69
1755868921.1179447,-11,3,-67
1755868921.1559446,-11,1,-70
1755868921.1919446,-7,7,-71
1755868921.2289443,-1,1,-66
1755868921.2679446,1,3,-66
1755868921.3059447,0,0,-60
1755868921.3419447,-7,0,-64
1755868921.3789446,-6,6,-74
1755868921.417945,5,2,-74
1755868921.4559443,2,-3,-71
1755868921.4919446,-1,-7,-75
1755868921.529945,-1,-2,-76
1755868921.5679443,0,1,-65
1755868921.6059446,-2,-2,-70
1755868921.644945,-3,-5,-75
1755868921.6809447,-4,-4,-78
1755868921.7189443,3,0,-71
1755868921.756945,-3,-5,-77
1755868921.7949443,0,-7,-79
1755868921.8309443,-3,-3,-72
1755868921.8689446,0,-3,-71
1755868921.9069445,-1,1,-57
1755868921.9459443,-1,2,-65
1755868921.9819446,1,-5,-72
1755868922.0189445,-4,-1,-71
1755868922.0569446,5,4,-78
1755868922.0949447,-2,4,-74
1755868922.1309447,0,2,-68
1755868922.167945,2,-5,-73
1755868922.2069447,2,-2,-73
1755868922.2449446,5,-4,-62
1755868922.2809446,0,7,-73
1755868922.3179443,-6,5,-81
1755868922.3569446,-5,1,-76
1755868922.394945,2,-3,-67
1755868922.4309447,13,-1,-70
1755868922.4679446,0,0,-71
1755868922.5059447,0,-7,-73
1755868922.5419445,-3,-5,-77
1755868922.5799446,0,-2,-70
1755868922.6179447,-4,2,-67
1755868922.6569445,-4,-4,-77
1755868922.6929443,1,-3,-80
1755868922.7299447,-8,-4,-73
1755868922.7679446,2,0,-70
1755868922.8069446,0,-3,-74
1755868922.8429446,-8,0,-73
1755868922.8799446,-6,-4,-77
1755868922.917945,1,0,-60
1755868922.9559443,-2,7,-73
1755868922.9919446,-1,2,-65
1755868923.0289447,4,0,-65
1755868923.0669446,6,1,-77
1755868923.1029446,3,-6,-72
1755868923.1409447,6,0,-71
1755868923.1789446,1,0,-71
1755868923.2169447,0,-2,-66
1755868923.2559447,-1,-2,-65
1755868923.2919445,-6,-3,-74
1755868923.3299446,-1,-6,-83
1755868923.3679447,-1,-4,-78
1755868923.4069445,-4,-1,-65
1755868923.4429443,-9,-5,-64
1755868923.4809446,-10,0,-77
1755868923.5189445,0,-8,-69
1755868923.5579443,-4,-2,-80
1755868923.5959446,-5,0,-83
1755868923.631945,-3,-5,-69
1755868923.6699443,-3,-5,-70
1755868923.7079446,-1,-3,-70
1755868923.746945,-4,1,-66
1755868923.782945,8,1,-72
1755868923.8199446,3,-5,-65
1755868923.8579447,10,-8,-78
1755868923.8969443,3,-5,-79
1755868923.9329443,5,0,-72
1755868923.9699447,3,-6,-62
1755868924.0079446,0,-12,-68
1755868924.0469446,0,0,-76
1755868924.0829446,-1,-1,-75
1755868924.1209445,-3,1,-76
1755868924.1589446,11,1,-76
1755868924.1979446,4,-5,-79
1755868924.2359445,0,-2,-67
1755868924.2719443,-3,2,-67
1755868924.3099446,-1,0,-71
1755868924.3479445,-3,-4,-74
1755868924.3869443,2,-3,-65
1755868924.4229443,-2,1,-74
1755868924.4599447,-4,5,-75
1755868924.4979446,0,2,-69
1755868924.5369446,0,5,-75
1755868924.5729446,4,0,-62
1755868924.6099446,4,0,-76
1755868924.6479447,-1,-3,-86
1755868924.6869447,-5,2,-81
1755868924.7229445,0,0,-81
1755868924.759945,0,3,-79
1755868924.7979443,-2,-2,-82
1755868924.8369446,0,-2,-66
1755868924.8729446,-6,1,-64
1755868924.9099443,-7,7,-75
1755868924.9479446,-1,-1,-79
1755868924.986945,4,4,-79
1755868925.0229447,4,3,-74
1755868925.0599446,-1,-2,-74
1755868925.098945,0,-2,-66
1755868925.1369443,2,-1,-75
1755868925.1729443,7,-8,-75
1755868925.2099447,0,-2,-79
1755868925.2489443,0,0,-83
1755868925.2869446,6,-4,-79
1755868925.3229446,7,-4,-78
1755868925.3599446,1,0,-83
1755868925.3979447,2,2,-81
1755868925.4339447,8,0,-70
1755868925.4709446,-1,1,-79
1755868925.5089445,2,2,-75
1755868925.5479443,4,3,-75
1755868925.5839446,1,-7,-71
1755868925.6229446,-5,-1,-76
1755868925.6599443,-1,0,-66
1755868925.6989446,-1,-4,-80
1755868925.736945,0,-4,-73
1755868925.7729447,2,0,-69
1755868925.8099446,2,-2,-68
1755868925.848945,0,3,-70
1755868925.8869443,-6,-3,-81
1755868925.9229443,0,-1,-75
1755868925.9599447,-7,1,-55
1755868925.9989443,-7,-3,-75
1755868926.0369446,-7,1,-81
1755868926.0729446,-8,7,-70
1755868926.1099446,-5,0,-66
1755868926.1489446,-2,-2,-74
1755868926.1869447,8,4,-81
1755868926.2229445,5,2,-82
1755868926.259945,-6,5,-66
1755868926.2989447,1,-4,-72
1755868926.3349447,-2,-10,-79
1755868926.3729446,0,-1,-77
1755868926.4109447,0,0,-75
1755868926.4489446,-2,0,-71
1755868926.4849446,2,8,-69
1755868926.5219443,4,11,-68
1755868926.5589447,5,1,-77
1755868926.5949447,3,3,-74
1755868926.631945,10,-9,-78
1755868926.6699443,3,-4,-73
1755868926.7089446,2,-2,-76
1755868926.7449446,-1,0,-62
1755868926.7819445,-10,-4,-74
1755868926.8199446,-10,-1,-82
1755868926.858945,-4,-1,-79
1755868926.894945,0,-5,-81
1755868926.9329443,8,0,-76
1755868926.9699447,6,1,-77
1755868927.0089445,-3,-2,-75
1755868927.0449443,-4,0,-72
1755868927.0819447,-1,-3,-77
1755868927.1199446,-5,-7,-76
1755868927.1589446,-6,0,-77
1755868927.1949446,-1,6,-83
1755868927.2319446,-7,3,-85
1755868927.269945,1,-1,-80
1755868927.3089447,1,-2,-74
1755868927.3449447,0,-5,-68
1755868927.381945,5,-1,-70
1755868927.4199443,3,-5,-74
1755868927.4589446,1,-3,-80
1755868927.4949446,-1,-10,-78
1755868927.532945,0,-6,-78
1755868927.5709443,-2,-3,-79
1755868927.6099446,-4,0,-75
1755868927.6479447,-1,2,-70
1755868927.6839447,-1,-2,-74
1755868927.7219446,-2,0,-77
1755868927.759945,2,-3,-64
1755868927.7989447,2,3,-77
1755868927.8349447,0,3,-72
1755868927.871945,7,3,-77
1755868927.9099443,7,3,-75
1755868927.9479446,4,-6,-76
1755868927.983945,3,3,-67
1755868928.0209446,-2,2,-73
1755868928.0599446,4,6,-73
1755868928.0959446,2,3,-68
1755868928.1329446,-1,5,-73
1755868928.1709447,-2,1,-78
1755868928.2099447,0,-3,-81
1755868928.2459445,1,-1,-67
1755868928.282945,6,-5,-66
1755868928.3209443,4,-1,-63
1755868928.3599446,-1,-1,-65
1755868928.404945,-2,2,-72
1755868928.4419446,0,1,-71
1755868928.4799447,-8,-6,-85
1755868928.5189445,1,1,-81
1755868928.5549445,-7,4,-84
1755868928.5929446,-1,4,-77
1755868928.6309447,-2,-6,-73
1755868928.6699443,-3,9,-67
1755868928.7059443,2,0,-73
1755868928.7429447,-3,-3,-64
1755868928.7809446,-2,-6,-76
1755868928.8199446,1,-3,-88
1755868928.8559446,-3,-4,-90
1755868928.8939445,-10,-9,-73
1755868928.9329443,-12,6,-81
1755868928.9709446,3,-3,-77
1755868929.0089445,2,0,-71
1755868929.0449443,-2,0,-80
1755868929.0819447,4,-2,-74
1755868929.1209445,-1,-7,-77
1755868929.1589446,0,0,-73
1755868929.1949446,6,0,-72
1755868929.2319446,3,-7,-79
1755868929.2709446,1,0,-79
1755868929.3089447,-1,0,-81
1755868929.3449447,0,0,-83
1755868929.381945,5,5,-75
1755868929.4209447,4,9,-82
1755868929.4589446,0,-2,-84
1755868929.4949446,-2,4,-74
1755868929.532945,6,1,-76
1755868929.5709443,9,0,-77
1755868929.608945,4,2,-75
1755868929.644945,7,1,-74
1755868929.6829443,7,0,-84
1755868929.7209446,-1,-2,-88
1755868929.7589445,2,-2,-73
1755868929.7949443,0,-7,-72
1755868929.8329446,-8,-2,-74
1755868929.8709445,-3,-2,-71
1755868929.9089446,-6,-1,-74
1755868929.9459443,-1,1,-79
1755868929.9829447,7,-1,-78
1755868930.0209446,5,5,-85
1755868930.0569446,6,-3,-87
1755868930.0949447,6,-6,-67
1755868930.1329446,2,-2,-70
1755868930.1709447,0,4,-60
1755868930.2069447,-1,-3,-69
1755868930.2449446,1,-5,-68
1755868930.282945,-7,-2,-81
1755868930.3209443,-8,-3,-79
1755868930.3599446,-7,-9,-77
1755868930.3959446,-4,-1,-78
1755868930.4339447,-11,-2,-86
1755868930.4719446,-1,0,-75
1755868930.5109446,0,4,-68
1755868930.5469446,1,2,-76
1755868930.5839446,2,-4,-68
1755868930.621945,-1,-6,-74
1755868930.6609447,-6,-6,-67
1755868930.6969447,0,-6,-62
1755868930.733945,-1,2,-68
1755868930.7719443,-3,8,-72
1755868930.8109446,1,3,-66
1755868930.8469446,5,2,-75
1755868930.8839445,4,1,-79
1755868930.9219446,1,-1,-72
1755868930.9599447,-9,-4,-74
1755868930.9959445,-8,-6,-73
1755868931.0339446,-2,0,-82
1755868931.0719447,-3,0,-79
1755868931.1109445,0,-3,-74
1755868931.1469443,5,-5,-79
1755868931.1839447,-5,-2,-66
1755868931.2219446,1,-1,-69
1755868931.2609446,2,1,-76
1755868931.2969446,-4,0,-68
1755868931.3339446,-3,-2,-82
1755868931.371945,-1,-5,-77
1755868931.4109447,0,0,-63
1755868931.4469447,2,0,-75
1755868931.483945,-6,1,-61
1755868931.5219443,0,-1,-64
1755868931.5609446,-7,1,-67
1755868931.5969446,-4,1,-68
1755868931.634945,0,1,-71
1755868931.6719446,-2,1,-78
1755868931.710945,-3,-1,-70
1755868931.746945,0,5,-76
1755868931.7839446,-2,-5,-78
1755868931.8219447,1,-7,-71
1755868931.8609445,0,0,-64
1755868931.8969443,2,-2,-61
1755868931.9339447,-3,0,-67
1755868931.9719446,-9,1,-59
1755868932.0109446,1,0,-69
1755868932.0469446,-5,-1,-72
1755868932.0849447,-7,6,-67
1755868932.1229446,-7,2,-70
1755868932.1619446,-10,-3,-77
1755868932.1979446,0,-1,-66
1755868932.2359445,-3,5,-73
1755868932.2739446,0,2,-77
1755868932.3119447,-1,-2,-80
1755868932.3509445,-4,3,-71
1755868932.3869443,1,0,-74
1755868932.4239447,0,-1,-71
1755868932.4629445,3,1,-68
1755868932.5009446,0,-1,-82
1755868932.5369446,2,-2,-77
1755868932.5739446,2,-1,-71
1755868932.6129446,-3,-3,-63
1755868932.6509447,2,-3,-63
1755868932.6869447,3,-2,-69
1755868932.723945,0,-4,-78
1755868932.7629447,3,2,-72
1755868932.8009446,-1,-6,-66
1755868932.8369446,6,-2,-75
1755868932.8739443,1,0,-75
1755868932.9119446,1,4,-78
1755868932.9479446,-2,9,-65
1755868932.9859445,-6,3,-74
1755868933.0239446,-4,-9,-74
1755868933.062945,-4,-4,-74
1755868933.1009445,4,-5,-73
1755868933.1369443,0,-3,-80
1755868933.1739447,8,-6,-77
1755868933.2129445,1,-1,-74
1755868933.2509446,0,-6,-68
1755868933.2869446,6,-7,-67
1755868933.3239446,2,0,-64
1755868933.361945,5,0,-68
1755868933.3979447,0,0,-70
1755868933.4349446,0,-1,-80
1755868933.4729445,0,2,-76
1755868933.5119443,3,-6,-75
1755868933.5479443,0,0,-72
1755868933.5849447,1,2,-69
1755868933.6229446,4,0,-70
1755868933.6589446,1,1,-71
1755868933.6959443,1,0,-63
1755868933.7329447,-2,1,-67
1755868933.7719443,-13,3,-63
1755868933.8079443,-6,4,-79
1755868933.8459446,-5,2,-72
1755868933.8839445,-6,-2,-75
1755868933.9229443,3,0,-71
1755868933.9589446,6,-5,-67
1755868933.9959445,9,0,-82
1755868934.032945,0,-5,-84
1755868934.0719447,-9,-7,-61
1755868934.108945,-5,0,-71
1755868934.1459446,-6,0,-65
1755868934.1839447,-1,-5,-70
1755868934.2229445,-4,-1,-74
1755868934.2589445,-1,2,-84
1755868934.2969446,2,-2,-70
1755868934.3349447,0,4,-58
1755868934.3729446,1,2,-61
1755868934.4089446,-4,3,-59
1755868934.4459443,2,0,-71
1755868934.4849446,0,-4,-80
1755868934.5229447,2,1,-86
1755868934.5589447,1,-3,-87
1755868934.5959446,-1,-8,-75
1755868934.634945,-1,-5,-80
1755868934.6729443,0,-1,-77
1755868934.7089446,-4,-4,-65
1755868934.7479446,0,0,-72
1755868934.7859447,-6,-4,-65
1755868934.8239446,-6,-2,-68
1755868934.8629446,-10,0,-77
1755868934.8989446,-4,-3,-70
1755868934.9369447,1,0,-70
1755868934.973945,3,-2,-63
1755868935.0129447,1,-3,-63
1755868935.0489447,-8,2,-69
1755868935.0869446,0,0,-68
1755868935.1249447,-1,1,-63
1755868935.1629446,-2,0,-66
1755868935.1989446,-11,0,-59
1755868935.236945,-7,2,-69
1755868935.2749443,0,6,-67
1755868935.312945,-4,4,-71
1755868935.348945,-5,0,-80
1755868935.3869443,-5,-1,-87
1755868935.4249446,-3,-1,-85
1755868935.463945,-3,-9,-73
1755868935.4999447,-4,0,-72
1755868935.5369446,-8,1,-70
1755868935.5749447,-9,2,-76
1755868935.6139443,0,7,-80
1755868935.6499443,-1,-3,-74
1755868935.6889446,4,-4,-88
1755868935.7259445,0,-1,-71
1755868935.7639446,-2,0,-80
1755868935.802945,-5,-2,-84
1755868935.838945,0,6,-74
1755868935.8759446,-1,0,-75
1755868935.9139447,-2,3,-71
1755868935.9529445,-7,0,-66
1755868935.9889443,0,-1,-63
1755868936.0269446,1,0,-70
1755868936.0649445,-4,2,-72
1755868936.1029446,2,0,-65
1755868936.1389446,5,-1,-73
1755868936.1759446,10,1,-76
1755868936.213945,12,-3,-88
1755868936.2499447,1,-5,-74
1755868936.2879446,-1,-6,-74
1755868936.325945,-2,-1,-72
1755868936.3649447,-3,-1,-78
1755868936.4029446,2,1,-66
1755868936.4389446,3,-1,-69
1755868936.4759445,-3,-5,-71
1755868936.5149446,-2,-7,-72
1755868936.552945,-8,-4,-82
1755868936.588945,-14,1,-79
1755868936.6269443,-4,3,-75
1755868936.6649446,-3,-5,-74
1755868936.7039447,1,3,-82
1755868936.7399447,2,0,-80
1755868936.7769446,0,9,-70
1755868936.8149445,1,4,-63
1755868936.8529446,3,3,-68
1755868936.8889446,6,0,-68
1755868936.9269447,5,1,-77
1755868936.9649446,-3,1,-80
1755868937.0009446,-6,-7,-77
1755868937.0399446,-3,0,-67
1755868937.0769446,-6,2,-77
1755868937.1149447,-6,-6,-84
1755868937.1539447,-2,-3,-73
1755868937.1899445,-1,-5,-69
1755868937.2279446,-7,-3,-69
1755868937.2659447,0,-2,-78
1755868937.3049445,1,-3,-73
1755868937.3409443,3,-2,-80
1755868937.3789446,-2,-6,-68
1755868937.4169445,-2,-7,-61
1755868937.4549446,-3,-13,-62
1755868937.4939446,-7,-5,-56
1755868937.529945,-3,-7,-61
1755868937.5679443,-2,-11,-58
1755868937.6069446,3,1,-55
1755868937.644945,6,0,-74
1755868937.6809447,0,-5,-72
1755868937.7179446,5,-1,-83
1755868937.756945,1,0,-81
1755868937.7949443,-2,0,-88
1755868937.8309443,0,-2,-91
1755868937.8679447,-6,0,-79
1755868937.9059446,-2,0,-71
1755868937.9449446,-5,2,-81
1755868937.9809446,-5,-2,-69
1755868938.019945,-8,1,-69
1755868938.0569446,0,0,-84
1755868938.0949447,0,0,-71
1755868938.1309447,0,4,-74
1755868938.167945,-1,3,-76
1755868938.2069447,1,-3,-60
1755868938.2449446,0,-9,-65
1755868938.2809446,0,-4,-71
1755868938.3179443,3,3,-74
1755868938.3559446,-7,-5,-75
1755868938.3939445,-5,-7,-75
1755868938.4369447,-3,-9,-78
1755868938.4759445,1,2,-81
1755868938.5139446,-1,-2,-86
1755868938.5499446,3,-5,-73
1755868938.5869446,-1,-1,-77
1755868938.6259446,3,-3,-70
1755868938.6639447,3,-1,-65
1755868938.6999447,-1,5,-69
1755868938.7379446,-7,-2,-75
1755868938.7759447,8,1,-87
1755868938.8119447,4,-3,-75
1755868938.848945,3,-1,-62
1755868938.8869443,0,4,-69
1755868938.9249446,-6,1,-68
1755868938.960945,0,-3,-67
1755868938.9989443,-4,0,-74
1755868939.0369446,4,3,-72
1755868939.0749447,-1,1,-69
1755868939.1109445,-2,2,-64
1755868939.1489446,-9,1,-66
1755868939.1869447,0,0,-63
1755868939.2249446,4,7,-78
1755868939.2609446,-5,7,-80
1755868939.2979443,-3,-4,-68
1755868939.3369446,-3,-1,-69
1755868939.3749447,-8,-4,-64
1755868939.4109447,-5,-2,-70
1755868939.4489446,4,-1,-70
1755868939.486945,3,-2,-67
1755868939.5259447,-1,4,-63
1755868939.5619447,-2,3,-71
1755868939.598945,-4,0,-75
1755868939.6369443,-4,-2,-77
1755868939.6759446,-7,0,-83
1755868939.7119446,-6,4,-82
1755868939.7489443,-1,1,-78
1755868939.7869446,1,0,-70
1755868939.8249447,1,4,-75
1755868939.8609445,0,4,-81
1755868939.8989446,2,2,-70
1755868939.9369447,3,-1,-63
1755868939.9749446,7,-3,-64
1755868940.0109446,1,-6,-63
1755868940.0489447,-2,-7,-67
1755868940.0869446,4,-2,-69
1755868940.1259446,0,5,-69
1755868940.1619446,-5,0,-73
1755868940.1989446,2,-5,-76
1755868940.2379446,1,-3,-74
1755868940.2759447,-10,0,-74
1755868940.3119447,-5,-2,-81
1755868940.3499446,-4,-5,-80
1755868940.3879447,7,-5,-69
1755868940.4269447,-1,-8,-64
1755868940.4649446,-5,-1,-68
1755868940.5009446,-5,2,-71
1755868940.5389447,3,-2,-69
1755868940.5769446,-4,2,-76
1755868940.6159446,4,2,-75
1755868940.6519446,-4,1,-76
1755868940.6899445,-12,7,-65
1755868940.7289443,-7,5,-59
1755868940.7669446,-6,3,-73
1755868940.802945,0,6,-62
1755868940.8399446,3,0,-78
1755868940.8779447,2,0,-71
1755868940.9159446,-3,0,-75
1755868940.9519446,3,-2,-78
1755868940.9899447,2,4,-66
1755868941.0279446,3,0,-77
1755868941.065945,-2,7,-67
1755868941.1019447,7,6,-83
1755868941.1399446,2,1,-78
1755868941.1769447,-3,-2,-84
1755868941.2159443,2,-4,-76
1755868941.2519443,-3,0,-77
1755868941.2899446,-1,-9,-76
1755868941.3279445,2,10,-72
1755868941.3659446,-1,3,-77
1755868941.4019446,6,-4,-74
1755868941.4399445,4,1,-57
1755868941.4779446,4,7,-67
1755868941.5159447,-3,3,-62
1755868941.5519447,-4,2,-72
1755868941.588945,2,5,-72
1755868941.6269443,2,-3,-72
1755868941.6629446,7,-4,-74
1755868941.6999447,1,3,-73
1755868941.7379446,4,-1,-67
1755868941.7759447,1,1,-70
1755868941.812945,7,-2,-76
1755868941.8499446,1,-2,-70
1755868941.8879447,-3,-9,-71
1755868941.9269447,-6,-1,-72
1755868941.9629445,0,-1,-78
1755868941.9999447,7,1,-83
1755868942.0379446,5,2,-84
1755868942.075945,0,1,-77
1755868942.111945,9,1,-65
1755868942.1499443,3,2,-74
1755868942.187945,-4,4,-81
1755868942.2259445,-4,0,-78
1755868942.2619443,3,2,-76
1755868942.2989447,2,-3,-78
1755868942.3379445,-2,-2,-78
1755868942.3759446,8,-1,-73
1755868942.4119446,9,-4,-81
1755868942.4499447,-4,3,-75
1755868942.4879446,-9,2,-67
1755868942.5239446,-3,2,-70
1755868942.5619447,-3,8,-80
1755868942.5999446,-1,8,-89
1755868942.6389446,-1,3,-80
1755868942.6769447,1,-3,-63
1755868942.7129445,3,-6,-74
1755868942.7499447,1,-1,-73
1755868942.7889447,3,0,-66
1755868942.8269446,-1,4,-73
1755868942.8629446,4,6,-82
1755868942.8999443,5,6,-73
1755868942.937945,0,-6,-74
1755868942.973945,11,-2,-79
1755868943.0119443,5,1,-74
1755868943.0489447,0,-1,-84
1755868943.0879445,6,-7,-86
1755868943.1239443,6,0,-77
1755868943.1609447,0,0,-76
1755868943.1989446,-3,7,-70
1755868943.2379446,-4,1,-69
1755868943.2739446,0,-3,-74
1755868943.3119447,0,-6,-80
1755868943.3499446,3,-7,-75
1755868943.3889446,3,-2,-80
1755868943.4269447,4,0,-71
1755868943.4629445,0,3,-70
1755868943.5009446,7,0,-71
1755868943.5389447,3,2,-73
1755868943.5769446,-1,-3,-76
1755868943.6129446,-1,-11,-79
1755868943.6509447,-4,-3,-68
1755868943.6889446,-7,3,-69
1755868943.7279446,1,7,-70
1755868943.7639446,0,1,-63
1755868943.8009446,0,0,-71
1755868943.838945,-6,0,-71
1755868943.8769443,-3,-1,-67
1755868943.9139447,-2,-1,-60
1755868943.950945,2,-3,-76
1755868943.9889443,1,-1,-68
1755868944.0279446,8,-3,-78
1755868944.0639446,11,-5,-83
1755868944.1019447,0,0,-83
1755868944.1389446,0,4,-67
1755868944.177945,-1,4,-65
1755868944.213945,-2,2,-70
1755868944.2509446,-6,6,-63
1755868944.2899446,-5,4,-72
1755868944.3279445,-1,2,-77
1755868944.3639443,-1,0,-74
1755868944.4009447,9,4,-68
1755868944.4389446,6,1,-71
1755868944.4749446,1,-3,-69
1755868944.5129447,3,1,-60
1755868944.5509446,-7,6,-74
1755868944.588945,-3,8,-79
1755868944.6249447,-8,5,-70
1755868944.6629446,-1,-5,-75
1755868944.700945,9,-6,-69
1755868944.7399447,11,-1,-73
1755868944.7779446,2,-2,-76
1755868944.8139446,1,-10,-68
1755868944.8519447,2,-2,-71
1755868944.8899446,7,-7,-69
1755868944.9289446,7,0,-67
1755868944.9649446,3,-6,-70
1755868945.0019443,-5,0,-68
1755868945.0399446,-5,7,-75
1755868945.0789447,-2,4,-65
1755868945.1149447,-3,3,-75
1755868945.1519446,1,7,-68
1755868945.1899445,3,-1,-81
1755868945.2279446,-1,7,-80
1755868945.2639446,-1,3,-76
1755868945.3019447,3,-5,-70
1755868945.3399446,5,0,-77
1755868945.3779447,0,0,-71
1755868945.4139447,-4,0,-68
1755868945.450945,4,-1,-79
1755868945.4899447,4,-2,-81
1755868945.5279446,1,1,-67
1755868945.5639446,-2,4,-67
1755868945.6019447,5,3,-85
1755868945.6399446,0,4,-78
1755868945.6789446,0,-6,-73
1755868945.7149446,-2,-6,-77
1755868945.7529447,-3,0,-72
1755868945.7909446,0,3,-66
1755868945.8289447,1,0,-59
1755868945.8649447,1,0,-69
1755868945.9019446,3,9,-77
1755868945.9399445,0,5,-74
1755868945.9779446,1,0,-68
1755868946.0139446,1,-1,-70
1755868946.0519447,3,0,-70
1755868946.0899446,1,2,-64
1755868946.1259446,0,0,-66
1755868946.1639447,2,-2,-77
1755868946.2019446,4,0,-81
1755868946.2399447,-1,4,-82
1755868946.2759447,3,-5,-76
1755868946.3139446,5,-1,-66
1755868946.3519447,4,5,-75
1755868946.3899446,3,1,-61
1755868946.4259446,-1,6,-72
1755868946.4649446,-6,0,-64
1755868946.5019443,3,0,-74
1755868946.5399446,-3,-6,-74
1755868946.575945,-3,-3,-81
1755868946.6149447,4,0,-83
1755868946.6519446,3,-1,-61
1755868946.690945,-2,2,-70
1755868946.7289443,0,1,-69
1755868946.7649446,4,3,-65
1755868946.8019447,-4,-4,-79
1755868946.8409443,-6,6,-77
1755868946.8789446,-3,2,-78
1755868946.9149446,3,5,-83
1755868946.9529445,4,1,-85
1755868946.9909446,2,0,-78
1755868947.0289447,2,9,-68
1755868947.0649445,0,5,-75
1755868947.1029446,-1,-1,-72
1755868947.1409447,-3,-2,-73
1755868947.1799445,0,2,-61
1755868947.2159443,0,0,-66
1755868947.2529447,0,0,-72
1755868947.2909446,-3,-3,-65
1755868947.3289447,1,-3,-65
1755868947.3649447,-1,0,-71
1755868947.4019446,-2,4,-70
1755868947.440945,6,-4,-77
1755868947.4789443,8,-2,-70
1755868947.5149446,3,-5,-73
1755868947.552945,0,6,-63
1755868947.5909443,-3,4,-65
1755868947.6299446,-8,0,-76
1755868947.6659446,-2,-2,-77
1755868947.7039447,-4,2,-76
1755868947.7419446,0,0,-73
1755868947.779945,-4,4,-77
1755868947.815945,1,4,-64
1755868947.8529446,-4,0,-68
1755868947.8909447,7,0,-70
1755868947.9299445,1,-2,-57
1755868947.9659443,-3,0,-70
1755868948.0029447,0,0,-66
1755868948.0419445,-5,-2,-79
1755868948.0799446,-4,2,-75
1755868948.1159446,3,-1,-83
1755868948.1529446,2,3,-66
1755868948.190945,-1,-1,-67
1755868948.2269447,-1,-5,-68
1755868948.2649446,1,-7,-76
1755868948.302945,5,-8,-77
1755868948.3419447,2,-10,-72
1755868948.3799446,5,0,-79
1755868948.4159446,3,-2,-66
1755868948.4619446,3,-2,-80
1755868948.4999447,0,-4,-69
1755868948.5359447,0,1,-69
1755868948.5739446,0,0,-65
1755868948.611945,0,3,-75
1755868948.6499443,3,4,-78
1755868948.6859446,3,2,-77
1755868948.7229445,2,0,-72
1755868948.7619443,-1,0,-74
1755868948.7999446,2,3,-71
1755868948.835945,7,-2,-74
1755868948.8729446,0,3,-81
1755868948.9119446,-1,2,-71
1755868948.9499447,8,-1,-80
1755868948.9859445,-1,-5,-82
1755868949.0239446,4,-6,-81
1755868949.062945,-1,2,-78
1755868949.1009445,1,3,-68
1755868949.1369443,-5,0,-64
1755868949.1739447,-1,2,-64
1755868949.2129445,-4,0,-66
1755868949.2509446,-3,-6,-71
1755868949.2869446,-5,-4,-69
1755868949.325945,-7,-1,-74
1755868949.3629446,4,-1,-67
1755868949.4019446,0,1,-73
1755868949.4399445,-4,0,-70
1755868949.4759445,-3,0,-57
1755868949.5129447,0,1,-76
1755868949.5519447,1,1,-81
1755868949.5899446,6,-5,-70
1755868949.6269443,3,-2,-76
1755868949.6639447,6,3,-84
1755868949.7019446,0,-4,-81
1755868949.7379446,-2,2,-76
1755868949.7759447,-2,-3,-83
1755868949.812945,3,-3,-81
1755868949.8519447,2,-3,-73
1755868949.8879447,0,-10,-79
1755868949.9249446,2,-7,-77
1755868949.9629445,5,2,-71
1755868950.0009446,0,0,-79
1755868950.0369446,0,-1,-69
1755868950.0749447,0,-3,-64
1755868950.1129446,-7,3,-73
1755868950.1519446,-3,-5,-79
1755868950.187945,1,-9,-85
1755868950.2249446,0,-2,-84
1755868950.2629447,-3,0,-72
1755868950.3019447,-2,1,-74
1755868950.3379445,-8,-1,-80
1755868950.3759446,-1,-1,-74
1755868950.4139447,-2,-1,-78
1755868950.4529445,10,3,-73
1755868950.4909446,2,1,-72
1755868950.5269446,6,0,-71
1755868950.5639446,2,0,-72
1755868950.6029446,0,-3,-68
1755868950.6409447,3,1,-60
1755868950.6769447,1,-1,-67
1755868950.713945,0,-4,-78
1755868950.7529447,0,1,-71
1755868950.7909446,1,-2,-78
1755868950.8269446,-1,0,-72
1755868950.8639443,4,1,-79
1755868950.9019446,1,4,-74
1755868950.937945,0,0,-74
1755868950.9749446,3,0,-80
1755868951.0129447,-2,3,-72
1755868951.0509446,-2,1,-69
1755868951.0869446,-3,5,-73
1755868951.1249447,7,0,-67
1755868951.1629446,4,-1,-71
1755868951.200945,-2,-2,-68
1755868951.236945,1,2,-82
1755868951.2739446,1,-7,-78
1755868951.312945,4,-5,-77
1755868951.3509445,6,1,-76
1755868951.3869443,3,1,-78
1755868951.4239447,1,1,-67
1755868951.4619446,5,-7,-74
1755868951.4979446,1,-3,-77
1755868951.5349443,-1,-5,-72
1755868951.5729446,-1,-6,-74
1755868951.611945,4,-3,-74
1755868951.6479447,2,1,-75
1755868951.6849446,7,0,-84
1755868951.7229445,6,0,-81
1755868951.7589445,6,-4,-86
1755868951.7959447,0,-6,-73
1755868951.8339446,-4,-8,-75
1755868951.8729446,0,-1,-80
1755868951.9089446,0,1,-77
1755868951.9459443,-5,7,-79
1755868951.983945,2,1,-69
1755868952.0229447,1,-5,-83
1755868952.0589447,2,-2,-73
1755868952.0969446,0,1,-78
1755868952.134945,0,6,-72
1755868952.1729443,3,1,-75
1755868952.2089446,3,-9,-75
1755868952.2459445,4,-8,-69
1755868952.2839446,5,-4,-76
1755868952.3229446,6,0,-80
1755868952.358945,7,3,-81
1755868952.3959446,1,0,-79
1755868952.4339447,0,-2,-58
1755868952.4719446,5,-3,-72
1755868952.5079446,3,-7,-79
1755868952.5449443,-3,0,-68
1755868952.5839446,0,2,-69
1755868952.621945,-6,0,-76
1755868952.657945,-2,0,-73
1755868952.6949446,0,0,-71
1755868952.733945,1,1,-83
1755868952.7719443,-4,-5,-83
1755868952.8079443,-2,-4,-76
1755868952.8459446,1,3,-72
1755868952.8839445,-6,-2,-73
1755868952.9219446,-1,5,-59
1755868952.9579446,0,-2,-66
1755868952.9949446,-8,2,-68
1755868953.0339446,-4,-9,-71
1755868953.0719447,2,-4,-78
1755868953.1079447,5,-8,-70
1755868953.144945,2,-8,-72
1755868953.1839447,-6,-10,-80
1755868953.2199447,-2,-5,-81
1755868953.2579446,5,-10,-79
1755868953.2959447,5,-7,-74
1755868953.3339446,2,-1,-69
1755868953.3729446,3,0,-65
1755868953.4089446,7,1,-74
1755868953.4469447,0,2,-68
1755868953.4849446,3,0,-69
1755868953.5229447,4,5,-64
1755868953.5589447,3,5,-66
1755868953.5969446,3,-5,-66
1755868953.634945,2,-3,-62
1755868953.6739447,2,0,-65
1755868953.7099447,1,3,-74
1755868953.746945,0,5,-70
1755868953.7839446,-5,0,-76
1755868953.8229446,0,-4,-84
1755868953.858945,0,-4,-78
1755868953.8969443,-4,-1,-73
1755868953.9349446,1,-1,-66
1755868953.973945,-1,0,-83
1755868954.009945,-5,4,-81
1755868954.0469446,-6,1,-85
1755868954.0849447,1,-1,-71
1755868954.1239443,-2,-2,-72
1755868954.1599443,4,4,-72
1755868954.1969447,3,1,-82
1755868954.2349446,-4,4,-70
1755868954.2729447,1,5,-73
1755868954.3089447,-2,9,-69
1755868954.3469446,0,-1,-73
1755868954.384945,-1,-2,-73
1755868954.4239447,-5,-7,-74
1755868954.4599447,-4,-3,-68
1755868954.4989443,2,3,-74
1755868954.5369446,-5,-2,-77
1755868954.5749447,2,-1,-85
1755868954.6129446,6,-2,-81
1755868954.6489446,-2,-3,-79
1755868954.6869447,9,7,-73
1755868954.7249446,1,4,-83
1755868954.7629447,4,-3,-83
1755868954.7989447,6,0,-71
1755868954.8369446,6,0,-58
1755868954.8749447,0,-5,-76
1755868954.9129446,-1,0,-72
1755868954.9489446,-7,-2,-74
1755868954.986945,0,1,-68
1755868955.0249443,-5,1,-71
1755868955.0609446,6,0,-67
1755868955.0979445,0,0,-76
1755868955.134945,-3,4,-74
1755868955.1739447,1,2,-76
1755868955.2099447,-4,-1,-79
1755868955.2479446,2,-1,-68
1755868955.2869446,1,-3,-56
1755868955.3249447,-9,0,-66
1755868955.3609445,-8,1,-75
1755868955.3989446,-3,0,-85
1755868955.4369447,6,3,-72
1755868955.4749446,-4,-4,-65
1755868955.5109446,-2,-5,-69
1755868955.5499446,0,1,-75
1755868955.5869446,-4,0,-73
1755868955.6249447,3,-3,-87
1755868955.6639447,1,0,-80
1755868955.6999447,5,-3,-76
1755868955.736945,1,0,-71
1755868955.7759447,-2,-2,-75
1755868955.8139446,-8,2,-61
1755868955.8499446,-5,0,-55
1755868955.8869443,-4,-2,-76
1755868955.9259446,-1,-2,-86
1755868955.963945,-2,-5,-76
1755868955.9999447,-1,-7,-69
1755868956.0379446,2,-2,-83
1755868956.075945,1,-3,-69
1755868956.1149447,-2,0,-84
1755868956.1509447,0,-3,-68
1755868956.187945,4,0,-66
1755868956.2259445,-2,-3,-75
1755868956.2639446,-2,-3,-79
1755868956.2999446,-2,5,-88
1755868956.3379445,0,-4,-88
1755868956.3759446,6,0,-81
1755868956.4139447,4,-2,-73
1755868956.4499447,-2,0,-70
1755868956.4879446,0,0,-75
1755868956.5259447,7,-1,-74
1755868956.5639446,-2,2,-73
1755868956.5999446,1,-1,-75
1755868956.6379447,2,1,-72
1755868956.6759446,1,-4,-72
1755868956.713945,-1,0,-81
1755868956.7499447,-1,-5,-81
1755868956.7879446,1,-9,-63
1755868956.825945,-3,2,-61
1755868956.8649447,3,-4,-64
1755868956.9009447,-4,-1,-70
1755868956.9389446,0,1,-66
1755868956.9769447,-1,0,-76
1755868957.0159447,1,4,-75
1755868957.0519447,-3,-3,-77
1755868957.0899446,1,1,-73
1755868957.1269443,-2,-2,-70
1755868957.1659446,-2,5,-68
1755868957.2019446,0,-5,-67
1755868957.2399447,-2,0,-68
1755868957.2779446,-4,1,-63
1755868957.3169446,4,1,-70
1755868957.3549447,4,-1,-68
1755868957.3909447,8,-4,-69
1755868957.4289446,0,-4,-51
1755868957.4659443,-1,5,-60
1755868957.5049446,2,0,-70
1755868957.5409446,8,1,-73
1755868957.5789447,5,0,-67
1755868957.6169446,2,-3,-69
1755868957.654945,0,-2,-64
1755868957.690945,0,1,-71
1755868957.7279446,-6,0,-63
1755868957.7669446,-4,1,-74
1755868957.8049445,-1,0,-71
1755868957.8409443,1,0,-75
1755868957.8779447,-1,0,-75
1755868957.9169445,3,5,-73
1755868957.9549446,0,0,-64
1755868957.9909446,-1,2,-66
1755868958.0289447,-5,5,-69
1755868958.0669446,-1,0,-64
1755868958.1059446,-2,4,-72
1755868958.1419446,4,4,-72
1755868958.1789446,2,6,-78
1755868958.2169447,5,2,-80
1755868958.2549446,2,1,-75
1755868958.2909446,-2,0,-72
1755868958.3279445,0,4,-65
1755868958.3669446,-2,-1,-76
1755868958.404945,-2,-1,-81
1755868958.440945,-5,-2,-68
1755868958.486945,-2,-1,-58
1755868958.5249443,10,-6,-69
1755868958.5609446,5,-3,-65
1755868958.5979445,0,-3,-68
1755868958.6369443,-2,-4,-68
1755868958.6729443,-4,-1,-55
1755868958.710945,-3,-1,-63
1755868958.7489443,2,0,-79
1755868958.7869446,1,2,-77
1755868958.8229446,9,-4,-74
1755868958.8599446,-1,-5,-74
1755868958.8979447,0,-2,-70
1755868958.9369447,0,0,-75
1755868958.9729445,2,2,-74
1755868959.009945,0,0,-80
1755868959.0479443,-5,1,-72
1755868959.0869446,0,3,-66
1755868959.1229446,5,3,-73
1755868959.1599443,-1,-5,-81
1755868959.1979446,0,0,-86
1755868959.2359445,2,4,-59
1755868959.2719443,0,-1,-61
1755868959.3089447,-4,-4,-75
1755868959.3479445,0,-4,-64
1755868959.3859446,2,-1,-64
1755868959.4219446,0,0,-70
1755868959.4589446,0,-8,-68
1755868959.4979446,-4,-4,-80
1755868959.5359447,0,-2,-74
1755868959.5719447,-3,-5,-74
1755868959.6099446,0,-6,-64
1755868959.6479447,2,-5,-84
1755868959.6869447,1,0,-72
1755868959.7229445,2,-6,-65
1755868959.759945,5,-2,-73
1755868959.7979443,5,-2,-75
1755868959.8369446,-8,-8,-72
1755868959.8729446,-5,-5,-62
1755868959.9109447,0,-2,-64
1755868959.9489446,-5,0,-76
1755868959.9879446,-1,-5,-63
1755868960.0259447,-3,-1,-72
1755868960.0619447,3,-2,-72
1755868960.0999446,-3,0,-69
1755868960.1379447,6,0,-68
1755868960.1769447,1,1,-74
1755868960.2129445,8,-2,-80
1755868960.2499447,1,1,-77
1755868960.2879446,3,-6,-77
1755868960.325945,-1,-4,-64
1755868960.361945,3,-1,-67
1755868960.3989446,0,-1,-72
1755868960.437945,-5,7,-65
1755868960.473945,2,9,-72
1755868960.5109446,-5,0,-60
1755868960.5489447,-1,-1,-61
1755868960.5879445,0,1,-66
1755868960.6239443,1,1,-67
1755868960.6609447,-6,3,-76
1755868960.6989446,-4,7,-73
1755868960.7379446,0,-4,-83
1755868960.7739446,-1,-6,-73
1755868960.8119447,-3,1,-74
1755868960.8499446,2,-1,-73
1755868960.8879447,0,0,-73
1755868960.9239447,3,1,-76
1755868960.960945,0,0,-77
1755868960.9989443,-1,-7,-79
1755868961.0369446,8,-6,-78
1755868961.0729446,4,-8,-80
1755868961.1099446,3,-1,-70
1755868961.1489446,0,0,-80
1755868961.1869447,-13,-2,-76
1755868961.2229445,-7,0,-77
1755868961.259945,-5,-3,-78
1755868961.2989447,-5,4,-78
1755868961.3369446,-6,4,-75
1755868961.3729446,-4,0,-71
1755868961.4109447,-8,0,-79
1755868961.4489446,-1,0,-76
1755868961.4879446,0,-4,-70
1755868961.5239446,-3,-1,-66
1755868961.5619447,3,3,-83
1755868961.598945,-5,2,-80
1755868961.6379447,-1,3,-77
1755868961.6739447,-1,0,-74
1755868961.7119446,-9,0,-64
1755868961.7499447,-1,4,-70
1755868961.7889447,-4,-5,-77
1755868961.8269446,-5,0,-74
1755868961.8629446,-5,0,-73
1755868961.8999443,-3,-1,-80
1755868961.9389446,11,-5,-79
1755868961.9769447,5,-4,-67
1755868962.0129447,0,-3,-72
1755868962.0499446,2,0,-76
1755868962.0879445,1,0,-76
1755868962.1239443,1,0,-66
1755868962.1609447,-6,-5,-66
1755868962.1989446,-1,6,-81
1755868962.2379446,-6,-1,-74
1755868962.2739446,0,-3,-70
1755868962.3109446,-17,-1,-66
1755868962.348945,-8,-2,-66
1755868962.3879447,-2,2,-78
1755868962.4239447,-8,1,-73
1755868962.460945,0,1,-77
1755868962.4989443,1,0,-71
1755868962.5349443,0,1,-76
1755868962.5729446,4,0,-68
1755868962.6099446,7,-2,-76
1755868962.6489446,0,-4,-81
1755868962.6849446,-5,-6,-70
1755868962.7229445,-2,-1,-61
1755868962.7609446,-6,-1,-69
1755868962.7999446,-5,-4,-63
1755868962.8379445,6,0,-66
1755868962.8739443,4,1,-69
1755868962.9109447,2,-9,-65
1755868962.9499447,-2,-5,-71
1755868962.9879446,4,-7,-66
1755868963.0239446,1,-9,-62
1755868963.0609446,-3,2,-73
1755868963.0999446,-2,2,-83
1755868963.1379447,-6,1,-70
1755868963.1739447,0,-1,-69
1755868963.210945,2,0,-69
1755868963.2499447,3,-4,-70
1755868963.2879446,-1,1,-72
1755868963.3239446,5,6,-68
1755868963.3609445,6,-2,-71
1755868963.3999443,2,-1,-79
1755868963.437945,3,2,-81
1755868963.473945,5,6,-77
1755868963.5109446,0,3,-77
1755868963.5499446,-6,-3,-76
1755868963.5879445,-3,0,-66
1755868963.6239443,2,-6,-70
1755868963.6619446,-9,1,-70
1755868963.6999447,0,0,-64
1755868963.7379446,-2,-1,-70
1755868963.7739446,0,1,-72
1755868963.8119447,7,1,-78
1755868963.8499446,2,0,-77
1755868963.8889446,0,0,-76
1755868963.9249446,3,-2,-71
1755868963.9619446,9,-1,-66
1755868963.9999447,3,-2,-70
1755868964.0389447,5,3,-67
1755868964.0749447,0,4,-70
1755868964.111945,0,2,-85
1755868964.1499443,1,-2,-80
1755868964.1859446,6,-1,-79
1755868964.223945,-4,4,-71
1755868964.2619443,-5,2,-71
1755868964.3009446,-2,2,-80
1755868964.338945,-3,1,-72
1755868964.3749447,0,0,-72
1755868964.4119446,1,3,-70
1755868964.4499447,7,-3,-71
1755868964.4859445,0,0,-80
1755868964.5229447,-6,3,-76
1755868964.5609446,4,5,-74
1755868964.5999446,3,6,-70
1755868964.6359446,2,0,-81
1755868964.6739447,-1,1,-74
1755868964.7119446,0,3,-75
1755868964.7499447,6,0,-76
1755868964.7859447,4,-3,-83
1755868964.8239446,6,-3,-78
1755868964.861945,-3,-4,-86
1755868964.9009447,1,-8,-77
1755868964.9389446,0,-4,-73
1755868964.9759445,2,3,-70
1755868965.0129447,10,-6,-81
1755868965.0509446,6,-6,-76
1755868965.0899446,5,-1,-72
1755868965.1259446,15,2,-78
1755868965.1629446,2,-5,-75
1755868965.200945,-5,-9,-66
1755868965.2399447,-8,-6,-67
1755868965.2759447,-7,-5,-67
1755868965.3139446,-4,-2,-73
1755868965.3519447,-1,3,-72
1755868965.3909447,-2,5,-76
1755868965.4289446,0,2,-73
1755868965.4649446,7,5,-71
1755868965.5019443,0,2,-78
1755868965.5399446,-3,-4,-77
1755868965.575945,-5,-3,-72
1755868965.6139443,0,-1,-72
1755868965.6519446,6,-5,-72
1755868965.690945,-2,-2,-76
1755868965.7289443,-1,0,-75
1755868965.7649446,4,4,-79
1755868965.8019447,-4,1,-78
1755868965.8409443,6,3,-67
1755868965.8769443,4,7,-69
1755868965.9139447,6,1,-76
1755868965.9519446,4,3,-78
1755868965.9899447,-2,0,-70
1755868966.0259447,4,-1,-68
1755868966.062945,4,-3,-70
1755868966.1019447,13,6,-59
1755868966.1399446,0,2,-65
1755868966.1759446,5,0,-71
1755868966.2129445,1,-8,-72
1755868966.2519443,-2,-1,-71
1755868966.2899446,0,2,-75
1755868966.325945,5,4,-71
1755868966.3629446,-6,4,-77
1755868966.4019446,4,-3,-82
1755868966.4399445,-3,0,-76
1755868966.4759445,6,0,-83
1755868966.5129447,5,0,-75
1755868966.5519447,-5,-2,-69
1755868966.5899446,6,-4,-72
1755868966.6259446,1,0,-72
1755868966.6629446,5,-6,-76
1755868966.7019446,-2,0,-67
1755868966.7399447,1,3,-68
1755868966.7769446,2,0,-71
1755868966.8139446,5,2,-72
1755868966.8519447,1,0,-70
1755868966.8899446,0,-1,-75
1755868966.9269447,0,3,-78
1755868966.963945,0,1,-73
1755868967.0019443,-2,5,-77
1755868967.0399446,-5,3,-70
1755868967.075945,0,2,-79
1755868967.1139443,0,-6,-57
1755868967.1519446,-1,3,-64
1755868967.1899445,-3,4,-81
1755868967.2259445,0,0,-76
1755868967.2629447,0,-5,-80
1755868967.3019447,0,-6,-81
1755868967.3399446,5,-4,-61
1755868967.3759446,4,0,-72
1755868967.4139447,-1,0,-70
1755868967.4519446,0,-13,-70
1755868967.4909446,1,-4,-73
1755868967.5269446,10,-5,-68
1755868967.5649445,1,-2,-76
1755868967.6029446,4,4,-81
1755868967.6409447,-1,-2,-82
1755868967.6769447,-7,-1,-80
1755868967.7149446,5,-2,-67
1755868967.7519443,3,-6,-77
1755868967.7909446,1,-7,-68
1755868967.8269446,0,-3,-61
1755868967.8649447,4,-5,-67
1755868967.9029446,7,-3,-78
1755868967.9419446,-2,4,-71
1755868967.9779446,2,3,-74
1755868968.0149446,0,0,-67
1755868968.052945,-1,-8,-77
1755868968.0909443,0,-8,-70
1755868968.1269443,1,-1,-65
1755868968.1649446,1,-1,-66
1755868968.2029445,14,0,-69
1755868968.2409446,11,-3,-79
1755868968.2769446,0,0,-73
1755868968.3139446,2,2,-77
1755868968.3519447,6,-1,-80
1755868968.3879447,8,0,-77
1755868968.4249446,4,-6,-74
1755868968.4629445,0,-5,-69
1755868968.506945,8,-3,-78
1755868968.5449443,-9,1,-88
1755868968.5839446,3,-1,-70
1755868968.621945,-3,-2,-82
1755868968.657945,-4,-4,-81
1755868968.6959443,5,-1,-78
1755868968.733945,1,-1,-67
1755868968.7729447,1,0,-87
1755868968.8109446,1,0,-74
1755868968.8469446,-6,3,-66
1755868968.8839445,-3,-4,-67
1755868968.9229443,6,-5,-75
1755868968.960945,2,-1,-78
1755868968.996945,1,0,-77
1755868969.0339446,1,3,-75
1755868969.0729446,5,4,-69
1755868969.1109445,2,0,-70
1755868969.1469443,1,0,-75
1755868969.1839447,5,1,-83
1755868969.2229445,3,-2,-77
1755868969.2609446,5,-5,-81
1755868969.2969446,1,-2,-83
1755868969.3339446,-4,-7,-79
1755868969.3729446,-1,1,-79
1755868969.4089446,2,1,-76
1755868969.4479446,1,-4,-78
1755868969.4849446,-10,4,-77
1755868969.5229447,2,1,-85
1755868969.5619447,2,1,-74
1755868969.5979445,2,2,-81
1755868969.634945,4,4,-80
1755868969.6729443,3,5,-84
1755868969.7089446,0,-5,-88
1755868969.746945,9,3,-77
1755868969.7849443,9,3,-67
1755868969.8229446,3,-1,-69
1755868969.861945,2,-1,-64
1755868969.8979447,0,-2,-62
1755868969.9349446,1,-6,-67
1755868969.973945,-7,-6,-67
1755868970.0119443,4,-4,-67
1755868970.0479443,-3,-5,-65
1755868970.085945,0,-2,-64
1755868970.1239443,-11,5,-81
1755868970.1629446,3,0,-75
1755868970.1989446,1,-1,-73
1755868970.2359445,-1,-1,-81
1755868970.2739446,1,-1,-66
1755868970.312945,8,2,-74
1755868970.348945,1,0,-76
1755868970.3859446,1,5,-84
1755868970.4239447,2,3,-89
1755868970.4629445,1,1,-74
1755868970.4989443,0,-6,-70
1755868970.5359447,2,8,-70
1755868970.5739446,-1,0,-80
1755868970.611945,1,0,-76
1755868970.6479447,4,0,-78
1755868970.6849446,6,5,-69
1755868970.723945,1,-2,-77
1755868970.7619443,1,0,-74
1755868970.7979443,-5,-1,-80
1755868970.835945,3,0,-94
1755868970.8739443,7,2,-77
1755868970.9119446,8,1,-71
1755868970.9479446,8,1,-70
1755868970.9849446,10,-2,-62
1755868971.0239446,-1,0,-73
1755868971.0619447,0,-1,-64
1755868971.0979445,-7,1,-69
1755868971.134945,-8,9,-67
1755868971.1739447,0,4,-69
1755868971.2099447,-1,2,-72
1755868971.2489443,-4,-2,-79
1755868971.2859447,-1,-1,-82
1755868971.3249447,-6,-1,-74
1755868971.3629446,-1,3,-90
1755868971.3989446,4,-3,-83
1755868971.4359446,-1,5,-77
1755868971.473945,-3,2,-84
1755868971.5129447,-1,5,-77
1755868971.5489447,-2,2,-78
1755868971.585945,2,0,-76
1755868971.6249447,2,-4,-77
1755868971.6629446,-2,-6,-77
1755868971.6989446,1,3,-75
1755868971.7359445,-3,-3,-74
1755868971.7739446,-2,-3,-75
1755868971.812945,-9,-4,-58
1755868971.848945,-5,0,-72
1755868971.8859446,-4,-1,-75
1755868971.9239447,0,2,-77
1755868971.9629445,-1,3,-75
1755868971.9989443,-1,0,-75
1755868972.0359447,-2,-2,-72
1755868972.0749447,4,0,-84
1755868972.1129446,-2,-4,-68
1755868972.1489446,6,-1,-75
1755868972.1859446,6,-9,-70
1755868972.2249446,1,-4,-73
1755868972.2629447,14,0,-61
1755868972.2989447,11,6,-53
1755868972.335945,-2,1,-65
1755868972.3749447,0,3,-76
1755868972.4129446,0,3,-79
1755868972.4489446,-4,-2,-69
1755868972.486945,1,6,-79
1755868972.5249443,0,0,-76
1755868972.562945,9,-1,-80
1755868972.598945,9,0,-80
1755868972.6369443,8,0,-69
1755868972.6749446,-1,3,-79
1755868972.7129445,0,3,-84
1755868972.7489443,3,8,-73
1755868972.7859447,3,5,-73
1755868972.8249447,-1,1,-81
1755868972.8629446,7,6,-67
1755868972.8989446,9,0,-73
1755868972.9359446,9,6,-73
1755868972.9749446,4,-1,-69
1755868973.0109446,6,1,-73
1755868973.0479443,0,0,-64
1755868973.085945,1,4,-61
1755868973.1249447,5,3,-81
1755868973.1609447,-1,9,-68
1755868973.1989446,-2,1,-71
1755868973.236945,-4,-2,-76
1755868973.2749443,-1,1,-74
1755868973.3139446,-4,-1,-82
1755868973.3499446,-1,3,-83
1755868973.3869443,-6,7,-80
1755868973.4259446,2,5,-63
1755868973.463945,0,0,-87
1755868973.4999447,0,0,-80
1755868973.5369446,2,0,-70
1755868973.575945,0,-1,-65
1755868973.6139443,-2,-2,-74
1755868973.6499443,-1,-5,-74
1755868973.687945,2,0,-68
1755868973.7259445,13,-3,-65
1755868973.7639446,6,1,-64
1755868973.7999446,3,-2,-75
1755868973.8379445,2,-6,-86
1755868973.8759446,5,-2,-79
1755868973.9139447,1,2,-79
1755868973.9499447,4,6,-70
1755868973.986945,2,0,-72
1755868974.0259447,4,4,-65
1755868974.0639446,3,-1,-72
1755868974.0999446,7,-6,-74
1755868974.1369443,5,0,-76
1755868974.1759446,4,4,-76
1755868974.213945,0,-4,-70
1755868974.2499447,5,1,-71
1755868974.2869446,1,3,-76
1755868974.325945,2,3,-70
1755868974.3639443,-6,-4,-77
1755868974.3999443,2,-4,-70
1755868974.4369447,8,1,-78
1755868974.4759445,2,0,-71
1755868974.5139446,8,1,-57
1755868974.5499446,0,0,-57
1755868974.5869446,-7,-1,-77
1755868974.6259446,0,3,-72
1755868974.6639447,-4,-3,-67
1755868974.6999447,-2,0,-68
1755868974.736945,-1,-9,-68
1755868974.7759447,1,0,-72
1755868974.8119447,0,4,-77
1755868974.8499446,1,0,-69
1755868974.8869443,0,3,-68
1755868974.9259446,-1,-7,-69
1755868974.9619446,0,0,-83
1755868975.0009446,2,5,-77
1755868975.0379446,3,0,-70
1755868975.075945,11,7,-73
1755868975.111945,4,-1,-60
1755868975.1499443,-1,-6,-60
1755868975.187945,5,-4,-74
1755868975.2259445,-1,-2,-77
1755868975.2649446,1,-1,-74
1755868975.3009446,0,-6,-75
1755868975.3379445,1,-5,-78
1755868975.3759446,4,0,-78
1755868975.4149446,6,5,-81
1755868975.450945,0,1,-72
1755868975.4879446,3,-3,-66
1755868975.5269446,5,0,-76
1755868975.5649445,0,3,-78
1755868975.6009445,-1,2,-72
1755868975.6389446,-9,9,-65
1755868975.6769447,1,8,-86
1755868975.7149446,2,4,-75
1755868975.7509446,7,2,-64
1755868975.7889447,10,3,-60
1755868975.8269446,9,-5,-75
1755868975.8649447,5,2,-79
1755868975.9009447,1,2,-73
1755868975.9389446,-5,7,-79
1755868975.9769447,2,2,-80
1755868976.0149446,-3,3,-78
1755868976.0509446,0,0,-72
1755868976.0879445,4,-6,-60
1755868976.1269443,-2,-9,-84
1755868976.1649446,-2,-2,-80
1755868976.200945,-5,0,-74
1755868976.2379446,-9,-3,-72
1755868976.2769446,-3,2,-64
1755868976.3149445,-4,3,-83
1755868976.3509445,-4,-1,-70
1755868976.3889446,0,-2,-85
1755868976.4269447,1,-3,-78
1755868976.4659443,2,0,-83
1755868976.5019443,-1,0,-76
1755868976.5399446,-4,2,-72
1755868976.5779445,-2,-1,-71
1755868976.6169446,-4,-3,-73
1755868976.6529446,-1,4,-69
1755868976.690945,-2,10,-69
1755868976.7279446,0,2,-68
1755868976.7659447,-3,1,-72
1755868976.8019447,0,-3,-69
1755868976.838945,0,-6,-85
1755868976.8769443,-3,-1,-78
1755868976.9159446,-5,-5,-79
1755868976.9519446,-3,-8,-84
1755868976.9909446,-2,0,-87
1755868977.0279446,-5,0,-81
1755868977.0669446,-1,3,-85
1755868977.1029446,-2,5,-75
1755868977.1409447,4,4,-77
1755868977.177945,-2,3,-68
1755868977.2169447,-6,-3,-73
1755868977.2529447,-9,1,-78
1755868977.2909446,-3,1,-69
1755868977.3279445,-3,5,-72
1755868977.3669446,-3,0,-76
1755868977.4029446,-6,-1,-75
1755868977.440945,-1,-3,-76
1755868977.4789443,4,-2,-68
1755868977.5179446,-5,-1,-77
1755868977.5559447,-2,7,-68
1755868977.5919447,6,2,-75
1755868977.6289446,-3,2,-73
1755868977.667945,-1,-1,-61
1755868977.7059443,-2,5,-70
1755868977.7419446,-1,0,-71
1755868977.7789447,-6,-1,-77
1755868977.8179443,2,-4,-81
1755868977.8559446,4,-2,-72
1755868977.8919446,-1,1,-80
1755868977.9289446,2,-1,-75
1755868977.9679446,-1,0,-72
1755868978.0059447,-10,-2,-70
1755868978.0419445,-8,-4,-67
1755868978.0799446,-2,0,-74
1755868978.1179447,1,-3,-73
1755868978.1569445,3,0,-68
1755868978.1929443,5,-2,-66
1755868978.2309446,7,0,-57
1755868978.2689445,3,1,-63
1755868978.3079443,4,-2,-61
1755868978.3439443,1,1,-59
1755868978.3809447,0,0,-64
1755868978.4189446,2,-5,-76
1755868978.4569447,2,-2,-88
1755868978.4929447,2,-10,-91
1755868978.5389447,1,-10,-87
1755868978.5769446,4,-4,-84
1755868978.6129446,0,0,-76
1755868978.6499443,-6,-2,-84
1755868978.687945,0,6,-81
1755868978.723945,-1,0,-81
1755868978.7619443,-4,1,-82
1755868978.7999446,0,-2,-70
1755868978.8379445,3,0,-63
1755868978.8739443,-7,6,-64
1755868978.9119446,0,1,-59
1755868978.9499447,-3,0,-76
1755868978.9879446,-1,0,-71
1755868979.0269446,-4,-1,-78
1755868979.062945,-2,4,-86
1755868979.1009445,-5,3,-80
1755868979.1389446,-2,-3,-69
1755868979.177945,-2,1,-73
1755868979.213945,-1,1,-74
1755868979.2509446,-3,-1,-80
1755868979.2889447,-3,5,-76
1755868979.3279445,8,4,-78
1755868979.3639443,4,0,-77
1755868979.4019446,0,-4,-76
1755868979.4399445,0,-1,-62
1755868979.4789443,-2,0,-63
1755868979.5169446,4,-2,-73
1755868979.552945,-2,-6,-77
1755868979.5909443,1,-1,-82
1755868979.6289446,0,-5,-77
1755868979.667945,4,-4,-57
1755868979.7039447,5,-5,-75
1755868979.7409446,-3,2,-77
1755868979.7789447,-4,0,-78
1755868979.8179443,2,3,-68
1755868979.8539443,4,1,-66
1755868979.8919446,0,7,-72
1755868979.9289446,-3,-1,-77
1755868979.9679446,0,0,-66
1755868980.0039446,3,-1,-81
1755868980.0419445,-4,0,-75
1755868980.0799446,-1,-2,-76
1755868980.1189446,-3,0,-74
1755868980.154945,-4,-8,-81
1755868980.1929443,-4,6,-77
1755868980.2309446,-5,-1,-75
1755868980.2689445,-3,-4,-74
1755868980.3079443,0,0,-84
1755868980.3439443,5,1,-68
1755868980.3809447,1,-3,-74
1755868980.4199443,2,-8,-70
1755868980.4579446,1,-11,-75
1755868980.4939446,2,-8,-61
1755868980.5319445,6,-1,-65
1755868980.5699446,5,-7,-67
1755868980.608945,0,-2,-70
1755868980.644945,-4,-2,-73
1755868980.6829443,0,0,-70
1755868980.7209446,-3,-4,-63
1755868980.7589445,-9,0,-74
1755868980.7979443,-3,-3,-66
1755868980.8339446,-4,4,-66
1755868980.871945,1,6,-73
1755868980.9099443,8,5,-81
1755868980.9479446,4,2,-82
1755868980.983945,2,-5,-77
1755868981.0209446,2,-2,-65
1755868981.0599446,-5,-1,-72
1755868981.0979445,0,3,-72
1755868981.1339445,-4,1,-73
1755868981.1709447,-3,-1,-76
1755868981.2099447,-6,-1,-69
1755868981.2479446,-7,-2,-62
1755868981.2839446,-9,0,-71
1755868981.3209443,-1,4,-78
1755868981.3599446,1,0,-75
1755868981.3979447,-6,1,-74
1755868981.4339447,-2,0,-68
1755868981.4709446,0,-4,-61
1755868981.509945,-5,1,-61
1755868981.5479443,5,0,-67
1755868981.5839446,4,6,-59
1755868981.6209445,2,4,-68
1755868981.6589446,0,1,-70
1755868981.6949446,0,-1,-71
1755868981.7319446,-1,-2,-80
1755868981.769945,0,0,-80
1755868981.8089447,2,1,-80
1755868981.8449447,2,0,-77
1755868981.881945,0,-3,-77
1755868981.9209447,1,-7,-70
1755868981.9589446,0,0,-69
1755868981.9949446,0,1,-77
1755868982.032945,-6,0,-76
1755868982.0709443,3,0,-74
1755868982.108945,2,0,-72
1755868982.144945,8,0,-70
1755868982.1829443,3,-9,-76
1755868982.2209446,-1,-5,-66
1755868982.259945,8,-6,-80
1755868982.2959447,3,1,-80
1755868982.3329446,-2,-10,-78
1755868982.371945,4,-5,-75
1755868982.4099443,10,-1,-81
1755868982.4459443,1,0,-75
1755868982.4829447,3,0,-73
1755868982.519945,3,-2,-85
1755868982.5589447,2,-2,-80
1755868982.5949447,-3,-3,-76
1755868982.6329446,1,-5,-83
1755868982.6709447,4,2,-75
1755868982.7089446,2,0,-78
1755868982.7449446,-2,-1,-80
1755868982.782945,-4,0,-79
1755868982.8209443,-3,-1,-80
1755868982.8599446,-8,-8,-73
1755868982.8959446,-1,-5,-69
1755868982.9349446,-3,2,-64
1755868982.9719446,-3,4,-77
1755868983.0109446,0,-1,-72
1755868983.0489447,-4,-3,-80
1755868983.0849447,0,0,-78
1755868983.121945,0,-2,-72
1755868983.1609447,4,-2,-74
1755868983.1989446,0,-5,-75
1755868983.2349446,0,-3,-70
1755868983.2719443,-3,-2,-66
1755868983.3109446,0,-3,-81
1755868983.348945,1,-1,-82
1755868983.384945,1,-1,-83
1755868983.4229443,-1,-7,-80
1755868983.460945,-1,-1,-75
1755868983.4999447,0,-1,-76
1755868983.5359447,0,1,-78
1755868983.5729446,-2,0,-73
1755868983.6109445,-5,2,-71
1755868983.6499443,0,0,-74
1755868983.6859446,-2,1,-76
1755868983.7229445,-4,3,-82
1755868983.7609446,-2,3,-75
1755868983.7999446,-4,-4,-79
1755868983.835945,3,-2,-78
1755868983.8729446,-1,-10,-83
1755868983.9109447,0,0,-81
1755868983.9469447,0,0,-77
1755868983.983945,-8,3,-71
1755868984.0229447,-7,0,-71
1755868984.0609446,-6,2,-67
1755868984.0969446,-6,-1,-72
1755868984.1359446,3,0,-76
1755868984.1729443,-5,0,-78
1755868984.210945,-3,-4,-68
1755868984.2499447,0,0,-69
1755868984.2859447,3,-1,-69
1755868984.3229446,1,2,-67
1755868984.3609445,1,4,-68
1755868984.3969443,2,4,-70
1755868984.4339447,0,-7,-74
1755868984.4729445,-3,-5,-69
1755868984.5109446,-8,-2,-70
1755868984.5469446,-5,0,-69
1755868984.5839446,-1,-5,-76
1755868984.6229446,-3,-5,-80
1755868984.6609447,0,-3,-73
1755868984.6969447,5,2,-77
1755868984.733945,2,-4,-71
1755868984.7719443,-1,-2,-70
1755868984.8109446,2,-4,-60
1755868984.8469446,9,-1,-76
1755868984.884945,-6,2,-81
1755868984.9229443,0,-5,-82
1755868984.9619446,-3,-3,-72
1755868984.9999447,1,-2,-66
1755868985.0359447,0,3,-61
1755868985.0729446,4,-2,-66
1755868985.111945,-10,-4,-60
1755868985.1499443,-11,-8,-73
1755868985.1859446,-1,0,-64
1755868985.2229445,3,2,-69
1755868985.2609446,4,-4,-68
1755868985.2969446,0,0,-70
1755868985.3349447,-1,5,-79
1755868985.3729446,-1,0,-89
1755868985.4119446,0,2,-72
1755868985.4499447,-1,-4,-73
1755868985.486945,-3,0,-70
1755868985.5239446,-9,0,-73
1755868985.5619447,3,4,-82
1755868985.5979445,4,8,-72
1755868985.634945,4,1,-69
1755868985.6719446,7,1,-70
1755868985.7079446,1,0,-71
1755868985.7449446,7,1,-73
1755868985.782945,4,-4,-72
1755868985.8219447,-2,0,-72
1755868985.8579447,-3,-5,-76
1755868985.8959446,-2,-7,-68
1755868985.9339447,0,-2,-70
1755868985.9719446,3,0,-73
1755868986.0109446,2,2,-74
1755868986.0469446,8,2,-71
1755868986.0839446,5,0,-66
1755868986.121945,2,0,-76
1755868986.157945,-2,-6,-76
1755868986.1959443,-2,0,-69
1755868986.233945,2,0,-70
1755868986.2719443,4,-1,-84
1755868986.3079443,6,-1,-85
1755868986.3459446,0,0,-70
1755868986.3829446,2,-1,-67
1755868986.4219446,0,0,-82
1755868986.4579446,0,5,-86
1755868986.4959445,1,0,-86
1755868986.532945,-5,2,-80
1755868986.5719447,-13,5,-84
1755868986.6079447,-2,1,-81
1755868986.644945,0,8,-74
1755868986.6829443,0,7,-82
1755868986.7209446,3,7,-70
1755868986.756945,3,-1,-76
1755868986.7939446,-2,0,-64
1755868986.8329446,1,-3,-67
1755868986.8709445,4,-3,-64
1755868986.9069445,-1,-6,-68
1755868986.9449446,3,2,-72
1755868986.9829447,-2,4,-77
1755868987.0219443,-5,2,-71
1755868987.0579443,-6,4,-76
1755868987.0959446,-1,4,-75
1755868987.1339445,0,2,-70
1755868987.1719446,-1,4,-76
1755868987.2079446,1,6,-76
1755868987.2449446,6,1,-72
1755868987.282945,1,1,-72
1755868987.3189447,-4,-3,-76
1755868987.3569446,3,-4,-76
1755868987.394945,-3,-3,-73
1755868987.4329443,-3,0,-71
1755868987.4719446,2,-1,-72
1755868987.5079446,1,-1,-76
1755868987.5449443,1,0,-72
1755868987.5829446,2,0,-74
1755868987.6189446,0,2,-81
1755868987.6559446,0,5,-75
1755868987.6939447,-1,-3,-78
1755868987.7329447,5,0,-76
1755868987.7689445,3,-2,-68
1755868987.8079443,1,0,-71
1755868987.8449447,-3,0,-84
1755868987.8829446,-8,-2,-82
1755868987.9219446,-1,0,-80
1755868987.9579446,1,0,-87
1755868987.9949446,-1,4,-87
1755868988.032945,0,3,-70
1755868988.0719447,5,-5,-76
1755868988.1079447,2,0,-76
1755868988.144945,2,2,-77
1755868988.1829443,-7,11,-67
1755868988.2189443,0,2,-72
1755868988.256945,-3,-5,-73
1755868988.2949443,-2,-5,-74
1755868988.3339446,4,-1,-75
1755868988.371945,10,-3,-71
1755868988.407945,3,3,-68
1755868988.4449446,-4,-2,-78
1755868988.483945,-2,4,-71
1755868988.5219443,4,-4,-72
1755868988.565945,2,-5,-73
1755868988.6049447,-6,2,-81
1755868988.6429446,-12,2,-75
1755868988.6789446,-2,-2,-80
1755868988.7169447,3,5,-81
1755868988.7549446,-3,5,-69
1755868988.7939446,-4,-3,-68
1755868988.8319447,5,-2,-69
1755868988.8679447,5,6,-73
1755868988.904945,0,1,-71
1755868988.9429443,0,2,-76
1755868988.9789443,-5,-4,-83
1755868989.0179446,0,0,-70
1755868989.0549445,3,-1,-68
1755868989.0939443,3,-2,-82
1755868989.131945,-1,-6,-67
1755868989.1689446,-2,0,-73
1755868989.2059443,1,3,-71
1755868989.2439446,3,6,-59
1755868989.279945,4,5,-64
1755868989.3179443,5,9,-65
1755868989.3549447,2,2,-78
1755868989.3939445,0,-1,-78
1755868989.4299445,-2,-3,-72
1755868989.4679446,0,4,-78
1755868989.5059447,-10,-6,-78
1755868989.5439446,-8,-1,-72
1755868989.5799446,-2,0,-64
1755868989.6179447,3,3,-78
1755868989.6559446,4,6,-74
1755868989.6939447,-4,-4,-69
1755868989.7299447,-3,-3,-71
1755868989.7679446,-1,3,-69
1755868989.8059447,-7,-2,-68
1755868989.8439443,-4,-2,-65
1755868989.8829446,-1,-1,-79
1755868989.9189446,-1,0,-70
1755868989.9559443,6,-1,-64
1755868989.9949446,7,1,-82
1755868990.032945,2,-2,-75
1755868990.0689447,-1,-1,-73
1755868990.1069446,0,-5,-72
1755868990.144945,2,-3,-73
1755868990.1839447,-1,-4,-82
1755868990.2199447,5,-1,-80
1755868990.2579446,0,-1,-75
1755868990.2969446,4,0,-67
1755868990.3349447,-2,1,-70
1755868990.3729446,-9,1,-73
1755868990.4089446,-9,1,-67
1755868990.4469447,0,7,-65
1755868990.4849446,0,-1,-63
1755868990.5229447,0,-4,-71
1755868990.5589447,2,-1,-78
1755868990.5969446,-3,-2,-68
1755868990.634945,0,2,-58
1755868990.6729443,-4,2,-65
1755868990.7089446,-2,-1,-68
1755868990.746945,1,-6,-60
1755868990.7849443,5,-6,-66
1755868990.8239446,-4,-7,-60
1755868990.8599446,0,1,-68
1755868990.8969443,1,0,-64
1755868990.9349446,2,1,-62
1755868990.9709446,7,2,-76
1755868991.0089445,-1,0,-70
1755868991.0469446,-1,-1,-74
1755868991.0849447,5,5,-75
1755868991.1239443,-2,-7,-61
1755868991.1599443,0,4,-58
1755868991.1969447,2,-1,-73
1755868991.2359445,7,3,-75
1755868991.2739446,3,-2,-77
1755868991.3099446,0,6,-78
1755868991.3469446,0,2,-66
1755868991.384945,0,-2,-76
1755868991.4209447,2,-1,-74
1755868991.4589446,-1,-6,-68
1755868991.496945,1,1,-62
1755868991.5349443,-3,-1,-80
1755868991.5709443,-4,-5,-69
1755868991.608945,-1,-11,-70
1755868991.6469443,2,-1,-68
1755868991.6859446,2,-5,-71
1755868991.723945,2,-6,-82
1755868991.759945,2,1,-80
1755868991.7969446,-4,0,-79
1755868991.835945,-5,3,-70
1755868991.8739443,-6,0,-68
1755868991.9099443,-5,0,-72
1755868991.9479446,0,1,-66
1755868991.9859445,3,1,-69
1755868992.0239446,-6,0,-68
1755868992.0599446,-3,0,-80
1755868992.0969446,1,-5,-54
1755868992.1359446,0,2,-59
1755868992.1739447,-6,1,-69
1755868992.2099447,-5,-1,-65
1755868992.2479446,-7,-1,-59
1755868992.2859447,-5,3,-69
1755868992.3249447,-9,7,-71
1755868992.3609445,1,2,-61
1755868992.3979447,2,0,-71
1755868992.4359446,9,1,-75
1755868992.4749446,1,0,-77
1755868992.5109446,2,0,-76
1755868992.5479443,-1,6,-77
1755868992.5869446,4,0,-61
1755868992.6249447,9,-6,-58
1755868992.6609447,0,-14,-65
1755868992.6979446,4,-15,-79
1755868992.7359445,2,0,-70
1755868992.7749443,5,3,-79
1755868992.8109446,0,3,-77
1755868992.8479445,-6,3,-71
1755868992.8869443,-2,5,-67
1755868992.9249446,-6,-3,-72
1755868992.960945,0,1,-72
1755868992.9979446,0,0,-65
1755868993.0359447,-2,0,-71
1755868993.0719447,0,4,-79
1755868993.1099446,2,2,-70
1755868993.1479447,0,-1,-67
1755868993.1869447,-5,0,-75
1755868993.2249446,-1,-3,-67
1755868993.2609446,7,-11,-77
1755868993.2979443,1,-6,-80
1755868993.3369446,0,-1,-72
1755868993.3749447,-4,0,-72
1755868993.4109447,2,-3,-76
1755868993.4479446,0,-1,-66
1755868993.486945,5,2,-71
1755868993.5249443,0,0,-70
1755868993.5609446,-7,0,-73
1755868993.5979445,-3,0,-84
1755868993.6369443,-3,-2,-73
1755868993.6749446,3,9,-70
1755868993.710945,5,0,-69
1755868993.7479446,3,-2,-72
1755868993.7869446,-3,0,-73
1755868993.8249447,0,-3,-75
1755868993.8609445,6,-7,-65
1755868993.8979447,-2,2,-64
1755868993.9369447,-1,0,-72
1755868993.9749446,-6,1,-73
1755868994.0109446,0,6,-72
1755868994.0479443,-1,1,-76
1755868994.0869446,-5,-3,-67
1755868994.1249447,-3,-3,-66
1755868994.1609447,-3,3,-73
1755868994.1979446,-3,6,-67
1755868994.236945,5,0,-66
1755868994.2749443,3,-3,-72
1755868994.3109446,3,-2,-74
1755868994.3479445,5,0,-81
1755868994.3869443,5,1,-80
1755868994.4249446,0,0,-82
1755868994.460945,-4,0,-93
1755868994.4979446,0,0,-77
1755868994.5359447,4,-1,-67
1755868994.5719447,0,6,-71
1755868994.608945,-2,0,-70
1755868994.6469443,-8,0,-77
1755868994.6859446,-5,-5,-67
1755868994.7219446,-5,0,-67
1755868994.7589445,1,-2,-82
1755868994.7969446,1,-2,-56
1755868994.835945,1,-4,-73
1755868994.871945,8,-2,-66
1755868994.9089446,3,-8,-67
1755868994.9469447,-2,-1,-74
1755868994.9859445,-4,1,-72
1755868995.0219443,0,0,-80
1755868995.0589447,1,-6,-82
1755868995.0969446,-5,1,-80
1755868995.1359446,-2,6,-66
1755868995.1719446,0,8,-72
1755868995.2089446,-3,5,-77
1755868995.2479446,-2,-2,-73
1755868995.2859447,0,0,-75
1755868995.3219447,-6,0,-76
1755868995.358945,-2,-2,-68
1755868995.3979447,-5,-2,-72
1755868995.4359446,1,-5,-71
1755868995.4719446,-1,-2,-82
1755868995.509945,9,0,-83
1755868995.5479443,0,3,-77
1755868995.585945,0,0,-67
1755868995.621945,3,-5,-76
1755868995.6589446,3,0,-63
1755868995.6979446,-1,0,-69
1755868995.7359445,6,0,-72
1755868995.7719443,2,-4,-68
1755868995.8089447,-5,-5,-64
1755868995.8479445,1,3,-69
1755868995.8859446,4,3,-76
1755868995.9219446,1,4,-76
1755868995.9599447,0,-1,-77
1755868995.9979446,-1,2,-83
1755868996.0359447,-6,1,-75
1755868996.0719447,2,-7,-79
1755868996.1099446,-5,4,-96
1755868996.1479447,1,3,-76
1755868996.1859446,0,0,-73
1755868996.2219446,2,0,-72
1755868996.2589445,3,-2,-76
1755868996.2979443,0,-7,-70
1755868996.3339446,10,-4,-70
1755868996.3709445,-1,-2,-67
1755868996.4089446,-1,-7,-72
1755868996.4479446,6,-3,-69
1755868996.483945,5,-5,-77
1755868996.5209446,0,-3,-70
1755868996.5599446,1,-4,-72
1755868996.5979445,0,0,-72
1755868996.6339445,-2,0,-68
1755868996.6709447,5,3,-86
1755868996.7079446,6,-3,-65
1755868996.746945,-2,-8,-72
1755868996.782945,-1,-6,-75
1755868996.8209443,2,2,-72
1755868996.858945,0,8,-75
1755868996.8969443,-1,3,-77
1755868996.9329443,0,4,-80
1755868996.9709446,-5,4,-75
1755868997.0089445,-1,4,-71
1755868997.0479443,8,0,-61
1755868997.0839446,8,-2,-66
1755868997.1229446,-1,3,-77
1755868997.1599443,-2,4,-69
1755868997.1989446,0,-6,-76
1755868997.236945,0,1,-83
1755868997.2729447,-4,1,-79
1755868997.3099446,0,-1,-54
1755868997.348945,1,-1,-74
1755868997.3869443,0,-2,-80
1755868997.4229443,1,2,-83
1755868997.4599447,1,0,-75
1755868997.4989443,0,-3,-73
1755868997.5369446,0,4,-72
1755868997.5729446,-9,2,-62
1755868997.6109445,-4,-2,-82
1755868997.6489446,-3,1,-65
1755868997.6869447,4,5,-71
1755868997.7229445,0,2,-78
1755868997.759945,2,2,-55
1755868997.7979443,5,-2,-58
1755868997.8339446,2,-2,-64
1755868997.871945,-4,0,-76
1755868997.9109447,2,10,-82
1755868997.9489446,-4,3,-75
1755868997.986945,2,4,-75
1755868998.0229447,4,0,-76
1755868998.0599446,-2,-4,-72
1755868998.098945,1,1,-73
1755868998.134945,-3,3,-80
1755868998.1729443,-7,2,-69
1755868998.210945,-1,-4,-75
1755868998.2489443,-2,1,-72
1755868998.2879446,-4,-1,-76
1755868998.3239446,-6,-4,-74
1755868998.361945,0,4,-71
1755868998.3989446,-5,6,-72
1755868998.437945,-8,3,-72
1755868998.473945,1,8,-69
1755868998.5109446,-4,7,-70
1755868998.5489447,-3,2,-62
1755868998.5929446,-1,1,-67
1755868998.631945,0,4,-66
1755868998.6699443,0,0,-76
1755868998.7079446,8,-2,-88
1755868998.7439446,3,1,-94
1755868998.7809446,1,9,-81
1755868998.8189447,1,-2,-72
1755868998.8549447,3,0,-62
1755868998.8929446,1,-3,-63
1755868998.9309447,5,-2,-75
1755868998.9699447,0,0,-70
1755868999.0079446,1,2,-75
1755868999.0439446,0,-1,-70
1755868999.0809443,-4,-2,-65
1755868999.1199446,5,-1,-67
1755868999.157945,3,-3,-84
1755868999.1939447,0,-6,-84
1755868999.2319446,-2,-2,-74
1755868999.269945,3,7,-81
1755868999.3079443,1,-1,-69
1755868999.3439443,6,-1,-67
1755868999.381945,4,-3,-61
1755868999.4199443,8,5,-65
1755868999.4579446,-3,2,-63
1755868999.4939446,-2,-4,-79
1755868999.5319445,-2,0,-80
1755868999.5699446,-9,4,-76
1755868999.608945,-3,0,-93
1755868999.644945,4,-7,-81
1755868999.6829443,4,1,-72
1755868999.7199447,12,-1,-75
1755868999.7589445,4,3,-74
1755868999.7949443,3,3,-65
1755868999.8319447,6,4,-67
1755868999.8699446,3,-3,-70
1755868999.9059446,0,7,-80
1755868999.9439447,-3,-3,-67
1755868999.9809446,2,0,-75
1755869000.019945,0,-3,-84
1755869000.0559447,-11,0,-75
1755869000.0939443,-3,5,-74
1755869000.131945,0,4,-75
1755869000.1699443,0,-1,-69
1755869000.2059443,1,-5,-71
1755869000.2439446,-4,1,-72
1755869000.2819445,-4,-5,-74
1755869000.3209443,6,-5,-79
1755869000.358945,7,-3,-67
1755869000.394945,2,2,-72
1755869000.4319446,1,3,-60
1755869000.4699447,-4,-1,-62
1755869000.5059447,0,-2,-60
1755869000.5439446,0,-4,-60
1755869000.5819447,0,-2,-71
1755869000.6199446,-4,0,-67
1755869000.6589446,6,2,-68
1755869000.6949446,0,-1,-74
1755869000.7329447,2,6,-70
1755869000.7709446,-5,-7,-81
1755869000.8089447,1,1,-69
1755869000.8449447,4,4,-76
1755869000.8829446,-5,-2,-74
1755869000.9209447,-5,9,-64
1755869000.9599447,-2,0,-60
1755869000.9959445,-2,2,-75
1755869001.032945,-3,1,-69
1755869001.0709443,-3,0,-59
1755869001.1099446,-4,-3,-71
1755869001.1459446,0,-6,-79
1755869001.1829443,-3,0,-78
1755869001.2209446,-10,2,-77
1755869001.259945,-2,0,-69
1755869001.2959447,-4,-2,-71
1755869001.3339446,3,-2,-68
1755869001.371945,3,-6,-71
1755869001.4109447,4,-5,-74
1755869001.4489446,10,0,-66
1755869001.4849446,-1,-1,-68
1755869001.5229447,6,2,-76
1755869001.5609446,3,-4,-65
1755869001.598945,0,4,-62
1755869001.634945,-4,-5,-54
1755869001.6729443,0,2,-66
1755869001.710945,-1,2,-77
1755869001.746945,1,0,-77
1755869001.7839446,-1,3,-68
1755869001.8219447,-5,-6,-70
1755869001.8609445,2,-1,-67
1755869001.8969443,1,0,-71
1755869001.9339447,9,6,-75
1755869001.9709446,0,-3,-79
1755869002.009945,-2,-1,-74
1755869002.0459447,-3,-4,-76
1755869002.0839446,1,3,-72
1755869002.121945,2,-4,-74
1755869002.1599443,-5,-3,-77
1755869002.1959443,-1,2,-80
1755869002.2329447,-5,-3,-74
1755869002.2719443,-1,-2,-83
1755869002.3099446,0,3,-76
1755869002.3459446,4,0,-72
1755869002.3829446,4,0,-65
1755869002.4209447,0,-3,-62
1755869002.4569447,-3,0,-68
1755869002.4949446,-4,0,-74
1755869002.532945,3,4,-73
1755869002.5719447,-11,2,-75
1755869002.6099446,-4,-3,-72
1755869002.6459446,-2,-3,-79
1755869002.6839447,2,-2,-76
1755869002.7219446,7,-2,-73
1755869002.7609446,1,-3,-60
1755869002.7969446,-4,0,-75
1755869002.8339446,-4,0,-71
1755869002.871945,-4,-2,-69
1755869002.9109447,3,3,-70
1755869002.9469447,-2,4,-71
1755869002.9849446,0,-1,-82
1755869003.0229447,-8,1,-82
1755869003.0619447,-2,6,-78
1755869003.0999446,-3,8,-82
1755869003.1359446,-11,9,-78
1755869003.1739447,-7,0,-64
1755869003.2119446,-7,0,-63
1755869003.2509446,-6,0,-76
1755869003.2869446,0,3,-75
1755869003.3239446,-2,0,-80
1755869003.361945,-9,2,-92
1755869003.4009447,-3,1,-82
1755869003.4369447,-5,0,-72
1755869003.4749446,2,0,-67
1755869003.5139446,3,-4,-71
1755869003.5519447,-2,-2,-75
1755869003.588945,0,-1,-71
1755869003.6259446,-2,-4,-81
1755869003.6639447,3,0,-70
1755869003.7019446,3,-4,-65
1755869003.7409446,9,-1,-79
1755869003.7769446,8,0,-80
1755869003.8139446,6,-1,-79
1755869003.8519447,4,2,-62
1755869003.8879447,0,-1,-54
1755869003.9249446,2,2,-67
1755869003.963945,-2,2,-80
1755869004.0019443,-2,7,-74
1755869004.0379446,-9,3,-74
1755869004.0749447,0,-1,-69
1755869004.1139443,-2,-8,-67
1755869004.1519446,-2,-3,-68
1755869004.187945,6,-3,-68
1755869004.2249446,13,2,-73
1755869004.2629447,9,-1,-83
1755869004.3009446,3,2,-83
1755869004.3369446,0,3,-84
1755869004.3749447,-2,-6,-79
1755869004.4139447,1,-5,-66
1755869004.4519446,3,-3,-71
1755869004.4879446,4,4,-71
1755869004.5249443,-2,3,-69
1755869004.5639446,-1,0,-60
1755869004.6019447,1,-3,-60
1755869004.6379447,-3,1,-71
1755869004.6749446,5,2,-61
1755869004.7129445,0,0,-72
1755869004.7509446,0,1,-72
1755869004.7869446,6,-2,-69
1755869004.8249447,0,6,-75
1755869004.8629446,2,0,-84
1755869004.9009447,3,-1,-73
1755869004.9369447,0,-5,-76
1755869004.9749446,1,-6,-70
1755869005.0139446,1,-3,-81
1755869005.0519447,0,-1,-75
1755869005.0879445,4,-1,-70
1755869005.1249447,4,-7,-82
1755869005.1629446,4,-11,-73
1755869005.2019446,-1,-2,-71
1755869005.2379446,3,0,-77
1755869005.2749443,1,-1,-73
1755869005.312945,0,0,-74
1755869005.3519447,-1,0,-62
1755869005.3879447,-5,5,-60
1755869005.4249446,-6,1,-66
1755869005.4629445,1,-2,-64
1755869005.5019443,-3,-7,-64
1755869005.5379446,0,-8,-69
1755869005.5749447,1,0,-73
1755869005.6129446,-5,1,-77
1755869005.6489446,-5,0,-76
1755869005.6859446,10,5,-69
1755869005.7229445,0,-1,-83
1755869005.7619443,-1,1,-71
1755869005.7979443,-2,-5,-67
1755869005.835945,2,0,-60
1755869005.8729446,7,-3,-63
1755869005.9119446,8,0,-72
1755869005.9479446,5,3,-73
1755869005.9849446,1,2,-75
1755869006.0229447,-1,-4,-81
1755869006.0589447,-2,-2,-80
1755869006.0979445,0,-1,-74
1755869006.134945,6,-5,-75
1755869006.1739447,-1,-2,-73
1755869006.2119446,-8,0,-73
1755869006.2479446,-9,3,-73
1755869006.2849443,-5,0,-74
1755869006.3239446,-2,2,-73
1755869006.361945,6,0,-78
1755869006.3979447,0,0,-75
1755869006.4349446,-8,2,-74
1755869006.473945,-6,0,-75
1755869006.5119443,-5,0,-78
1755869006.5479443,-3,-2,-75
1755869006.585945,-1,-1,-87
1755869006.6239443,-4,-2,-77
1755869006.6629446,-2,1,-75
1755869006.6989446,0,-5,-68
1755869006.7359445,-2,-6,-66
1755869006.7739446,4,1,-77
1755869006.8119447,8,0,-79
1755869006.8479445,10,0,-69
1755869006.884945,2,-5,-73
1755869006.9239447,1,2,-68
1755869006.9619446,-3,3,-67
1755869006.9979446,-9,-1,-64
1755869007.0359447,-6,4,-76
1755869007.0739446,0,-4,-79
1755869007.1129446,0,-6,-62
1755869007.1489446,5,-8,-63
1755869007.1869447,1,2,-68
1755869007.223945,-5,-1,-76
1755869007.2629447,-9,-4,-76
1755869007.2989447,-2,3,-74
1755869007.335945,0,4,-75
1755869007.3739443,1,0,-71
1755869007.4099443,6,-1,-69
1755869007.4469447,0,3,-92
1755869007.483945,-7,3,-73
1755869007.5229447,-1,-3,-66
1755869007.5589447,3,-2,-73
1755869007.5969446,4,-6,-74
1755869007.634945,-1,-8,-76
1755869007.6739447,5,-3,-67
1755869007.7099447,2,-5,-73
1755869007.746945,2,-3,-62
1755869007.7849443,-1,0,-69
1755869007.8239446,0,0,-69
1755869007.8599446,0,0,-69
1755869007.8969443,0,4,-74
1755869007.9349446,3,-3,-74
1755869007.9729445,5,-1,-69
1755869008.0089445,-5,0,-71
1755869008.0469446,-5,-1,-68
1755869008.0849447,0,-2,-78
1755869008.1239443,-6,-6,-75
1755869008.1599443,2,-3,-70
1755869008.1989446,11,4,-75
1755869008.2359445,9,-1,-78
1755869008.2749443,6,0,-82
1755869008.312945,7,-2,-72
1755869008.348945,1,0,-68
1755869008.3859446,-7,0,-66
1755869008.4249446,-1,6,-71
1755869008.4629445,1,0,-69
1755869008.4989443,0,-1,-66
1755869008.5359447,-1,0,-76
1755869008.5749447,-6,1,-61
1755869008.6199446,-5,-3,-71
1755869008.6569445,-5,1,-64
1755869008.6949446,0,-3,-69
1755869008.733945,-4,0,-76
1755869008.769945,-1,0,-74
1755869008.8079443,-3,-5,-80
1755869008.8449447,1,-4,-76
1755869008.8839445,-1,-3,-82
1755869008.9199443,-8,-4,-79
1755869008.9579446,0,-6,-71
1755869008.996945,0,2,-77
1755869009.0349443,-1,0,-72
1755869009.0709443,0,0,-72
1755869009.1079447,-1,-5,-75
1755869009.1459446,7,1,-66
1755869009.1849446,2,1,-81
1755869009.2209446,-2,0,-68
1755869009.2579446,-7,2,-71
1755869009.2959447,-6,0,-71
1755869009.3349447,-2,0,-73
1755869009.3709445,-2,-1,-78
1755869009.4089446,-3,-4,-80
1755869009.4469447,0,-6,-69
1755869009.4849446,0,-7,-64
1755869009.5239446,-2,-9,-73
1755869009.5599446,7,-7,-72
1755869009.5969446,-3,-7,-77
1755869009.6359446,1,-6,-78
1755869009.6739447,4,0,-79
1755869009.7099447,2,-1,-80
1755869009.746945,-3,-5,-79
1755869009.7859447,-8,-3,-71
1755869009.8239446,-8,4,-67
1755869009.8599446,0,4,-69
1755869009.8969443,1,5,-75
1755869009.9349446,3,6,-75
1755869009.9709446,2,2,-72
1755869010.0079446,-3,3,-75
1755869010.0459447,3,-3,-69
1755869010.0849447,4,0,-68
1755869010.1209445,3,3,-75
1755869010.157945,1,-4,-68
1755869010.1959443,-3,1,-63
1755869010.2349446,-1,1,-66
1755869010.2709446,-5,0,-76
1755869010.3079443,0,0,-86
1755869010.3459446,-10,-2,-65
1755869010.3839445,-1,-8,-68
1755869010.4199443,-3,-7,-68
1755869010.4579446,0,-3,-74
1755869010.4959445,-3,-1,-80
1755869010.5349443,-5,3,-70
1755869010.5709443,0,0,-76
1755869010.6079447,6,-1,-76
1755869010.6459446,5,0,-67
1755869010.6839447,3,0,-69
1755869010.7199447,1,-2,-77
1755869010.7579446,2,-1,-63
1755869010.7959447,-1,-6,-58
1755869010.8349447,5,-1,-69
1755869010.8709445,3,-4,-73
1755869010.907945,0,0,-70
1755869010.9459443,0,0,-72
1755869010.9819446,-4,3,-75
1755869011.019945,-6,-1,-80
1755869011.0579443,1,3,-73
1755869011.0959446,1,-10,-72
1755869011.131945,-4,-11,-69
1755869011.1699443,3,1,-68
1755869011.2069447,-1,4,-68
1755869011.2459445,2,2,-77
1755869011.2819445,1,-4,-70
1755869011.3189447,-1,-9,-56
1755869011.3569446,3,-4,-67
1755869011.3959446,-1,-4,-74
1755869011.4319446,-1,0,-68
1755869011.4689443,-3,0,-73
1755869011.506945,0,4,-71
1755869011.5459447,2,-2,-79
1755869011.5819447,-1,-4,-73
1755869011.6199446,-5,-7,-78
1755869011.657945,-4,-6,-71
1755869011.6969447,-1,3,-83
1755869011.7349446,-1,2,-79
1755869011.7709446,-3,-1,-80
1755869011.8089447,-5,3,-61
1755869011.8469446,0,6,-62
1755869011.884945,3,-4,-74
1755869011.9209447,1,0,-65
1755869011.9579446,1,0,-58
1755869011.996945,0,4,-60
1755869012.0349443,-2,4,-73
1755869012.0709443,2,0,-75
1755869012.1079447,5,-3,-74
1755869012.1469443,0,4,-76
1755869012.1849446,-6,4,-64
1755869012.2209446,-3,5,-71
1755869012.2579446,7,6,-75
1755869012.2959447,6,5,-65
1755869012.3319447,1,3,-75
1755869012.3699446,3,-6,-68
1755869012.407945,-3,3,-66
1755869012.4469447,-6,5,-72
1755869012.4829447,-3,-3,-62
1755869012.5209446,1,-5,-79
1755869012.5589447,3,-4,-80
1755869012.5969446,5,-2,-76
1755869012.6359446,3,-11,-72
1755869012.6719446,2,-4,-72
1755869012.7099447,3,-1,-76
1755869012.7489443,5,5,-75
1755869012.7869446,3,-4,-77
1755869012.8229446,-2,0,-76
1755869012.8599446,7,2,-66
1755869012.8979447,6,0,-76
1755869012.9369447,0,1,-68
1755869012.9729445,-1,2,-87
1755869013.009945,-3,1,-86
1755869013.0489447,-7,4,-77
1755869013.0869446,-7,1,-69
1755869013.1229446,-8,6,-64
1755869013.1599443,7,0,-80
1755869013.1979446,9,1,-84
1755869013.2359445,6,3,-84
1755869013.2719443,4,-5,-78
1755869013.3099446,0,-2,-82
1755869013.348945,0,-1,-73
1755869013.3869443,-3,0,-75
1755869013.4229443,0,4,-64
1755869013.4599447,4,1,-76
1755869013.4979446,0,0,-68
1755869013.5359447,-4,3,-65
1755869013.5719447,0,-4,-79
1755869013.6099446,-3,-2,-77
1755869013.6489446,-4,1,-77
1755869013.6869447,2,-1,-88
1755869013.7229445,5,0,-72
1755869013.759945,-1,-3,-70
1755869013.7979443,1,-7,-85
1755869013.8369446,-5,-1,-81
1755869013.8729446,3,1,-76
1755869013.9099443,4,0,-78
1755869013.9479446,1,10,-71
1755869013.986945,-1,3,-80
1755869014.0229447,-10,5,-77
1755869014.0599446,-6,0,-71
1755869014.098945,4,-7,-75
1755869014.1369443,2,-4,-78
1755869014.1729443,-3,-4,-65
1755869014.210945,2,-9,-73
1755869014.2489443,-1,-1,-89
1755869014.2879446,-2,-2,-81
1755869014.3239446,3,-1,-79
1755869014.3609445,-1,7,-82
1755869014.3989446,-2,1,-68
1755869014.437945,4,1,-58
1755869014.473945,10,-1,-72
1755869014.5119443,0,7,-81
1755869014.5489447,4,3,-74
1755869014.5869446,-4,-5,-68
1755869014.6229446,1,-5,-76
1755869014.6609447,3,-4,-75
1755869014.6989446,0,3,-75
1755869014.736945,-1,3,-70
1755869014.7729447,-3,2,-84
1755869014.8109446,-3,0,-73
1755869014.848945,1,4,-78
1755869014.8869443,3,6,-78
1755869014.9229443,0,3,-71
1755869014.960945,0,3,-67
1755869014.9989443,-4,1,-74
1755869015.0369446,0,0,-63
1755869015.0729446,-12,0,-76
1755869015.1109445,8,7,-80
1755869015.1489446,-3,1,-74
1755869015.1869447,-1,-6,-74
1755869015.2229445,0,5,-71
1755869015.2609446,0,6,-75
1755869015.2989447,0,3,-74
1755869015.3369446,3,0,-80
1755869015.3729446,0,0,-74
1755869015.4109447,-6,3,-73
1755869015.4489446,-8,-3,-78
1755869015.486945,2,1,-69
1755869015.5229447,4,0,-64
1755869015.5609446,3,3,-69
1755869015.598945,-3,2,-69
1755869015.6369443,-4,1,-77
1755869015.6739447,-3,-4,-67
1755869015.710945,0,1,-75
1755869015.7489443,-4,2,-74
1755869015.7869446,-1,3,-74
1755869015.8229446,-6,2,-73
1755869015.8609445,4,7,-74
1755869015.8989446,-1,8,-73
1755869015.9369447,-7,-2,-75
1755869015.9729445,0,-6,-71
1755869016.0109446,2,-2,-67
1755869016.0489447,-3,-1,-70
1755869016.0879445,-3,5,-75
1755869016.1239443,0,1,-72
1755869016.1609447,-8,-2,-73
1755869016.1989446,-6,-5,-79
1755869016.2379446,-7,0,-84
1755869016.2739446,-6,-3,-81
1755869016.3119447,1,-6,-69
1755869016.3499446,-1,-6,-75
1755869016.3889446,2,-3,-79
1755869016.4259446,1,-1,-82
1755869016.463945,-4,-7,-75
1755869016.5009446,-6,2,-68
1755869016.5399446,2,-1,-60
1755869016.5779445,0,-8,-70
1755869016.6139443,-1,-1,-80
1755869016.6519446,3,1,-67
1755869016.6889446,6,-5,-82
1755869016.7279446,5,-7,-80
1755869016.7639446,7,-1,-74
1755869016.8019447,0,0,-87
1755869016.8399446,-9,4,-77
1755869016.8779447,-6,2,-78
1755869016.9139447,1,0,-66
1755869016.950945,0,0,-80
1755869016.9889443,0,-2,-83
1755869017.0249443,0,-2,-83
1755869017.062945,1,1,-68
1755869017.1009445,11,-2,-76
1755869017.1389446,0,0,-76
1755869017.1749446,-1,-4,-74
1755869017.2129445,7,-2,-72
1755869017.2509446,-3,1,-68
1755869017.2899446,-5,1,-74
1755869017.3279445,0,0,-69
1755869017.3639443,1,-5,-73
1755869017.4009447,0,-6,-72
1755869017.4399445,0,-6,-68
1755869017.4779446,0,1,-71
1755869017.5139446,-2,2,-68
1755869017.5509446,-3,3,-70
1755869017.5899446,-3,3,-73
1755869017.6279447,-4,0,-74
1755869017.6639447,-7,3,-69
1755869017.7019446,-8,2,-75
1755869017.7399447,-1,0,-84
1755869017.7789447,-3,1,-82
1755869017.8149445,-1,2,-78
1755869017.8519447,4,2,-74
1755869017.8899446,-1,0,-75
1755869017.9259446,1,-6,-82
1755869017.963945,3,-1,-85
1755869018.0019443,5,0,-74
1755869018.0399446,1,8,-74
1755869018.075945,-5,3,-76
1755869018.1139443,-8,4,-75
1755869018.1509447,-1,0,-75
1755869018.1899445,-1,-5,-80
1755869018.2259445,-2,0,-76
1755869018.2639446,-6,2,-72
1755869018.3009446,1,-3,-81
1755869018.3399446,-2,-2,-78
1755869018.3759446,-2,0,-77
1755869018.4129446,-7,0,-82
1755869018.450945,-5,-9,-69
1755869018.4899447,-1,-4,-72
1755869018.5259447,5,-6,-68
1755869018.5639446,1,0,-69
1755869018.6009445,-11,0,-67
1755869018.644945,0,7,-81
1755869018.6829443,0,4,-64
1755869018.7209446,-1,-1,-62
1755869018.759945,1,-6,-81
1755869018.7959447,0,-2,-74
1755869018.8339446,-1,-1,-70
1755869018.871945,2,-2,-73
1755869018.9109447,-5,2,-75
1755869018.9489446,-2,0,-80
1755869018.9849446,-2,-2,-87
1755869019.0229447,-4,-7,-80
1755869019.0609446,3,0,-81
1755869019.098945,0,3,-74
1755869019.134945,1,-3,-68
1755869019.1719446,0,0,-66
1755869019.210945,-12,0,-58
1755869019.2489443,-5,-2,-61
1755869019.2849443,-12,-1,-69
1755869019.3229446,-2,4,-75
1755869019.3609445,7,3,-75
1755869019.3999443,0,-1,-72
1755869019.4359446,-4,0,-69
1755869019.473945,-5,6,-74
1755869019.5119443,-3,4,-74
1755869019.5509446,-6,6,-67
1755869019.588945,-1,0,-64
1755869019.6249447,6,-11,-65
1755869019.6619446,-2,2,-81
1755869019.700945,3,-3,-74
1755869019.736945,-5,-3,-69
1755869019.7749443,-3,-3,-85
1755869019.812945,3,-2,-78
1755869019.8509445,2,-2,-91
1755869019.8899446,0,0,-85
1755869019.9259446,1,-3,-78
1755869019.9629445,-8,-1,-79
1755869020.0009446,7,0,-79
1755869020.0369446,1,-2,-81
1755869020.0739446,11,-4,-70
1755869020.111945,0,-1,-72
1755869020.1509447,-5,-1,-75
1755869020.1869447,-3,-1,-77
1755869020.2249446,0,-1,-83
1755869020.2629447,-1,0,-78
1755869020.3009446,4,1,-69
1755869020.3369446,2,0,-68
1755869020.3749447,-1,0,-63
1755869020.4119446,6,0,-76
1755869020.450945,1,-2,-80
1755869020.486945,9,0,-81
1755869020.5239446,3,0,-83
1755869020.5619447,3,0,-74
1755869020.6009445,-6,6,-75
1755869020.6369443,0,0,-69
1755869020.6739447,6,6,-75
1755869020.7119446,11,2,-76
1755869020.7499447,8,0,-74
1755869020.7859447,4,1,-83
1755869020.8229446,4,1,-87
1755869020.8609445,-2,1,-75
1755869020.8969443,0,3,-77
1755869020.9339447,0,-8,-77
1755869020.9719446,-3,0,-79
1755869021.0109446,1,4,-70
1755869021.0469446,-2,0,-71
1755869021.0839446,3,5,-67
1755869021.121945,3,0,-74
1755869021.1599443,3,-1,-73
1755869021.1959443,2,-3,-66
1755869021.2329447,8,-3,-64
1755869021.2719443,8,-6,-74
1755869021.3099446,12,-5,-65
1755869021.3459446,6,1,-69
1755869021.3829446,-4,-1,-66
1755869021.4219446,0,0,-71
1755869021.4579446,7,5,-73
1755869021.4949446,5,4,-64
1755869021.532945,0,-6,-71
1755869021.5719447,0,2,-76
1755869021.6079447,3,0,-76
1755869021.644945,-1,-3,-75
1755869021.6829443,-1,-1,-59
1755869021.7219446,-3,-6,-78
1755869021.7579446,-3,0,-79
1755869021.7949443,-2,7,-83
1755869021.8329446,6,-1,-79
1755869021.871945,-1,-3,-76
1755869021.907945,0,-9,-76
1755869021.9449446,-5,-1,-70
1755869021.9829447,1,-5,-69
1755869022.0219443,1,3,-64
1755869022.0579443,0,5,-70
1755869022.0949447,2,1,-70
1755869022.131945,-4,2,-68
1755869022.1709447,-4,0,-66
1755869022.2069447,4,0,-63
1755869022.2439446,0,9,-76
1755869022.282945,4,0,-65
1755869022.3209443,8,5,-64
1755869022.3569446,8,5,-76
1755869022.394945,10,9,-78
1755869022.4329443,6,-5,-71
1755869022.4709446,0,0,-78
1755869022.506945,0,-3,-80
1755869022.5449443,4,-1,-77
1755869022.5829446,-2,-1,-90
1755869022.6209445,2,2,-75
1755869022.6569445,-1,4,-76
1755869022.6949446,-2,2,-77
1755869022.7329447,6,2,-72
1755869022.7709446,3,3,-66
1755869022.8069446,0,4,-79
1755869022.8439443,1,1,-83
1755869022.8829446,2,0,-70
1755869022.9209447,3,-5,-79
1755869022.9569447,-5,0,-76
1755869022.9949446,1,-6,-80
1755869023.032945,2,2,-90
1755869023.0709443,2,4,-87
1755869023.1069446,6,-3,-86
1755869023.1439445,8,-2,-73
1755869023.1829443,2,0,-80
1755869023.2189443,0,-1,-82
1755869023.256945,0,-1,-81
1755869023.2949443,6,0,-81
1755869023.3329446,-1,-3,-74
1755869023.3689446,2,-1,-73
1755869023.4069445,-2,-1,-74
1755869023.4449446,3,-5,-75
1755869023.4829447,-4,-10,-78
1755869023.5219443,-11,-2,-74
1755869023.5579443,-9,2,-73
1755869023.5949447,-1,-1,-70
1755869023.6329446,8,2,-67
1755869023.6719446,7,2,-74
1755869023.7079446,1,0,-76
1755869023.7449446,-6,0,-68
1755869023.782945,0,6,-73
1755869023.8189447,1,-2,-65
1755869023.8569446,9,0,-69
1755869023.8939445,-2,2,-83
1755869023.9329443,0,1,-74
1755869023.9689443,4,0,-74
1755869024.006945,1,0,-63
1755869024.0439446,2,1,-68
1755869024.0829446,8,0,-81
1755869024.1189446,4,-4,-80
1755869024.1569445,4,-3,-81
1755869024.1949446,0,-3,-86
1755869024.233945,-4,-6,-71
1755869024.2719443,11,-3,-65
1755869024.3079443,12,-1,-68
1755869024.3459446,-3,-4,-68
1755869024.384945,2,0,-68
1755869024.4229443,2,-4,-74
1755869024.4589446,6,-4,-80
1755869024.4959445,8,0,-84
1755869024.5349443,9,1,-73
1755869024.5729446,-1,-2,-68
1755869024.608945,0,0,-82
1755869024.6459446,-5,0,-89
1755869024.6839447,0,0,-70
1755869024.7229445,-5,3,-74
1755869024.7589445,-2,3,-77
1755869024.7969446,-4,-2,-74
1755869024.8349447,-1,0,-69
1755869024.8739443,0,1,-76
1755869024.9119446,-2,6,-75
1755869024.9479446,1,5,-81
1755869024.9859445,2,0,-75
1755869025.0239446,-4,3,-68
1755869025.0619447,3,0,-67
1755869025.098945,3,-1,-75
1755869025.1359446,0,2,-70
1755869025.1739447,-3,-3,-63
1755869025.2099447,-4,2,-60
1755869025.2479446,2,3,-67
1755869025.2859447,1,2,-70
1755869025.3239446,4,3,-77
1755869025.3599446,3,-2,-72
1755869025.3969443,1,-3,-71
1755869025.4349446,-6,-6,-85
1755869025.473945,-9,-2,-73
1755869025.509945,-1,1,-74
1755869025.5469446,-4,-1,-73
1755869025.585945,-4,1,-85
1755869025.6239443,3,-2,-87
1755869025.6599443,-1,4,-80
1755869025.6969447,-1,0,-85
1755869025.7359445,-4,1,-67
1755869025.7739446,4,1,-68
1755869025.8099446,6,-4,-80
1755869025.8469446,-4,-3,-79
1755869025.8859446,-2,2,-84
1755869025.9239447,-2,4,-75
1755869025.9599447,-8,0,-82
1755869025.996945,-2,-2,-73
1755869026.0359447,-6,-3,-72
1755869026.0739446,-7,0,-73
1755869026.1099446,-1,9,-68
1755869026.1469443,0,5,-72
1755869026.1849446,1,2,-66
1755869026.2229445,2,-2,-67
1755869026.2589445,6,1,-73
1755869026.2969446,-1,-1,-64
1755869026.3349447,1,-6,-70
1755869026.3739443,-3,-4,-68
1755869026.4099443,-1,-4,-69
1755869026.4479446,0,-1,-72
1755869026.4859445,0,-3,-68
1755869026.5249443,1,-1,-71
1755869026.562945,-3,-4,-77
1755869026.598945,0,-4,-74
1755869026.6369443,-1,0,-73
1755869026.6749446,2,2,-68
1755869026.7129445,1,-1,-70
1755869026.7489443,-3,-2,-67
1755869026.7869446,2,1,-71
1755869026.8249447,0,0,-76
1755869026.8609445,0,0,-70
1755869026.8979447,-1,0,-67
1755869026.9359446,1,-5,-69
1755869026.9749446,2,2,-73
1755869027.0109446,3,0,-77
1755869027.0479443,3,-3,-71
1755869027.085945,-2,-7,-67
1755869027.1249447,-2,1,-65
1755869027.1609447,0,-2,-72
1755869027.1989446,-6,0,-74
1755869027.236945,-2,2,-79
1755869027.2749443,-5,-4,-70
1755869027.3139446,-5,-7,-71
1755869027.3499446,-2,1,-81
1755869027.3869443,0,-4,-68
1755869027.4249446,1,-2,-64
1755869027.463945,0,-2,-75
1755869027.4999447,1,-1,-74
1755869027.5389447,-2,2,-63
1755869027.575945,-2,4,-79
1755869027.6149447,1,0,-81
1755869027.6509447,4,5,-69
1755869027.6889446,-4,-4,-70
1755869027.7269447,5,-1,-71
1755869027.7659447,2,1,-71
1755869027.8039446,-2,0,-76
1755869027.8399446,-1,-4,-82
1755869027.8779447,-5,0,-74
1755869027.9169445,0,-2,-81
1755869027.9549446,-4,-2,-74
1755869027.9909446,-13,-2,-76
1755869028.029945,-1,-5,-75
1755869028.0669446,1,1,-83
1755869028.1049447,0,-5,-74
1755869028.1409447,-4,-7,-84
1755869028.1789446,0,-2,-78
1755869028.2169447,2,0,-70
1755869028.2559447,0,-7,-68
1755869028.2939446,-6,-3,-72
1755869028.3299446,1,-2,-64
1755869028.3669446,0,2,-74
1755869028.4059446,0,0,-74
1755869028.4439447,-3,3,-73
1755869028.4799447,-1,-1,-82
1755869028.5179446,-3,-4,-73
1755869028.5559447,-2,-3,-78
1755869028.5949447,1,-8,-65
1755869028.6309447,-3,-11,-68
1755869028.6769447,2,-9,-82
1755869028.7149446,5,1,-68
1755869028.7509446,0,2,-63
1755869028.7879446,0,-3,-70
1755869028.825945,6,-3,-77
1755869028.8649447,5,0,-70
1755869028.9009447,5,1,-73
1755869028.937945,5,-1,-67
1755869028.9759445,5,2,-73
1755869029.0119443,8,-1,-66
1755869029.0499446,-2,4,-70
1755869029.0869446,4,-2,-71
1755869029.1259446,1,0,-71
1755869029.1619446,-5,0,-77
1755869029.1999447,-1,0,-67
1755869029.2379446,-2,-7,-69
1755869029.2759447,0,3,-69
1755869029.3119447,-3,3,-69
1755869029.348945,-3,-1,-70
1755869029.3879447,-7,1,-70
1755869029.4259446,-1,-3,-71
1755869029.4619446,-3,0,-82
1755869029.4989443,-10,-8,-78
1755869029.5379446,1,0,-62
1755869029.575945,6,2,-70
1755869029.611945,0,2,-79
1755869029.6489446,6,-1,-80
1755869029.6869447,0,1,-73
1755869029.7259445,-2,0,-68
1755869029.7619443,-2,3,-69
1755869029.7989447,1,3,-71
1755869029.8369446,-9,5,-66
1755869029.8749447,0,-3,-72
1755869029.9109447,3,-4,-69
1755869029.9479446,-2,-3,-80
1755869029.986945,-6,0,-71
1755869030.0249443,-1,0,-69
1755869030.0609446,-2,-5,-81
1755869030.098945,3,-1,-80
1755869030.1379447,-1,0,-78
1755869030.1759446,0,-6,-67
1755869030.2119446,-3,-7,-72
1755869030.2509446,8,-2,-75
1755869030.2879446,-4,0,-73
1755869030.3269446,1,0,-68
1755869030.3629446,-4,5,-62
1755869030.4009447,-2,-1,-83
1755869030.437945,-5,-2,-73
1755869030.4769447,-3,2,-70
1755869030.5129447,3,1,-63
1755869030.5509446,4,-3,-77
1755869030.5879445,-2,-4,-69
1755869030.6269443,-2,3,-74
1755869030.6629446,6,0,-62
1755869030.700945,1,2,-65
1755869030.7379446,-1,0,-70
1755869030.7769446,0,-2,-74
1755869030.812945,5,-2,-80
1755869030.8509445,4,2,-71
1755869030.8879447,-4,3,-68
1755869030.9269447,-8,0,-69
1755869030.9629445,1,-1,-77
1755869031.0009446,4,1,-70
1755869031.0379446,0,1,-70
1755869031.075945,0,1,-80
1755869031.111945,-2,-6,-87
1755869031.1499443,0,-3,-74
1755869031.187945,-5,3,-76
1755869031.2269447,-1,-3,-78
1755869031.2629447,0,5,-71
1755869031.2999446,3,-4,-66
1755869031.3379445,-1,-2,-78
1755869031.3769443,4,-5,-67
1755869031.4129446,5,-2,-60
1755869031.4499447,2,-3,-66
1755869031.4879446,-6,-7,-78
1755869031.5269446,0,-4,-75
1755869031.562945,1,-5,-77
1755869031.5999446,-4,-5,-70
1755869031.6379447,0,-5,-75
1755869031.6769447,-3,0,-73
1755869031.7129445,-4,4,-81
1755869031.7499447,-9,-3,-69
1755869031.7879446,-3,-5,-68
1755869031.8269446,3,6,-82
1755869031.8629446,-4,2,-72
1755869031.9009447,-5,1,-66
1755869031.9389446,-8,1,-69
1755869031.9779446,-8,5,-70
1755869032.0159447,-2,-1,-76
1755869032.0519447,-2,0,-77
1755869032.0899446,2,-7,-79
1755869032.1279447,-9,0,-81
1755869032.1669445,-1,4,-76
1755869032.2029445,-6,3,-69
1755869032.2399447,-1,-5,-68
1755869032.2779446,2,2,-74
1755869032.3169446,-4,1,-73
1755869032.3529446,1,0,-79
1755869032.3899446,-3,0,-76
1755869032.427945,-1,4,-79
1755869032.4669447,-1,0,-72
1755869032.5029447,1,2,-79
1755869032.5399446,-4,0,-75
1755869032.5779445,-3,4,-74
1755869032.6169446,0,0,-82
1755869032.6529446,-7,0,-84
1755869032.6899445,-1,6,-74
1755869032.7279446,7,0,-78
1755869032.7639446,7,0,-80
1755869032.8009446,7,-2,-79
1755869032.838945,8,-2,-61
1755869032.8779447,10,2,-67
1755869032.9139447,7,-3,-65
1755869032.9529445,4,3,-66
1755869032.9909446,2,-3,-82
1755869033.0289447,0,3,-73
1755869033.0669446,-3,-2,-80
1755869033.1029446,-1,-2,-71
1755869033.1409447,-5,-6,-68
1755869033.1789446,0,-5,-75
1755869033.2179446,3,2,-70
1755869033.2539446,3,2,-77
1755869033.2909446,-6,1,-79
1755869033.3289447,1,0,-77
1755869033.3669446,-1,4,-78
1755869033.4029446,0,5,-78
1755869033.4399445,0,5,-69
1755869033.4789443,4,1,-69
1755869033.5169446,5,10,-72
1755869033.552945,3,2,-68
1755869033.5899446,4,-2,-74
1755869033.6289446,-1,-6,-79
1755869033.6669445,3,-2,-79
1755869033.7029445,1,-6,-80
1755869033.7399447,-7,-2,-83
1755869033.7789447,-2,-3,-73
1755869033.8169446,0,-2,-72
1755869033.8529446,0,-4,-74
1755869033.8899446,-4,-6,-66
1755869033.9289446,-3,-2,-74
1755869033.9649446,-1,-3,-82
1755869034.0029447,1,0,-72
1755869034.0409446,0,0,-74
1755869034.0789447,-1,2,-73
1755869034.1149447,-2,-5,-75
1755869034.1529446,-10,2,-69
1755869034.190945,-4,2,-66
1755869034.2289443,-2,2,-73
1755869034.2679446,5,-1,-84
1755869034.3039446,-2,-1,-72
1755869034.3419447,4,0,-76
1755869034.3799446,4,0,-77
1755869034.417945,6,-1,-73
1755869034.4539447,0,-2,-68
1755869034.4909446,0,1,-66
1755869034.5289447,-2,6,-68
1755869034.5679443,-6,4,-64
1755869034.6039443,-3,-6,-66
1755869034.6419446,5,-1,-80
1755869034.6799445,0,1,-80
1755869034.7179446,-2,-7,-78
1755869034.7539446,0,-8,-71
1755869034.7909446,-4,-6,-73
1755869034.8299446,3,-8,-81
1755869034.8679447,0,2,-84
1755869034.9039447,-2,-4,-81
1755869034.9419446,1,2,-82
1755869034.9799447,-2,2,-80
1755869035.0189445,0,6,-73
1755869035.0549445,0,4,-77
1755869035.0929446,-2,-5,-74
1755869035.1309447,-5,-3,-70
1755869035.1699443,-7,0,-81
1755869035.2079446,-11,8,-80
1755869035.2439446,0,3,-73
1755869035.2809446,6,5,-72
1755869035.3199446,4,-1,-82
1755869035.3579447,2,0,-77
1755869035.3939445,5,-1,-75
1755869035.4309447,5,1,-83
1755869035.4699447,-7,4,-78
1755869035.5079446,2,0,-76
1755869035.5439446,2,0,-75
1755869035.5809443,-5,0,-72
1755869035.6199446,2,-1,-72
1755869035.657945,3,2,-68
1755869035.6939447,2,0,-74
1755869035.7309446,-1,-2,-73
1755869035.769945,-5,2,-76
1755869035.8059447,-2,1,-76
1755869035.8429446,4,-1,-68
1755869035.8809447,-2,1,-75
1755869035.9199443,-3,8,-73
1755869035.9559443,0,4,-66
1755869035.9929447,-3,0,-70
1755869036.0309446,-1,-5,-70
1755869036.0699446,4,-2,-75
1755869036.1059446,-2,7,-68
1755869036.144945,0,-6,-60
1755869036.1829443,9,-4,-79
1755869036.2199447,15,-2,-88
1755869036.2589445,5,0,-79
1755869036.2949443,5,3,-73
1755869036.3329446,5,2,-70
1755869036.3699446,7,-4,-63
1755869036.4089446,0,-4,-79
1755869036.4449446,6,-6,-83
1755869036.4819446,-4,3,-83
1755869036.5209446,-3,-2,-77
1755869036.5589447,-3,-7,-73
1755869036.5949447,3,-3,-76
1755869036.6329446,6,-2,-66
1755869036.6709447,3,0,-76
1755869036.7089446,1,-5,-75
1755869036.7449446,-2,-3,-74
1755869036.782945,3,3,-69
1755869036.8209443,2,0,-66
1755869036.858945,3,0,-68
1755869036.894945,0,1,-70
1755869036.9329443,1,0,-85
1755869036.9709446,8,-2,-85
1755869037.0089445,-3,3,-76
1755869037.0449443,-2,0,-71
1755869037.0829446,-3,6,-65
1755869037.1209445,-1,9,-66
1755869037.1589446,-2,2,-78
1755869037.1949446,4,3,-76
1755869037.2329447,-5,-8,-65
1755869037.2709446,4,3,-72
1755869037.3089447,1,1,-73
1755869037.3449447,0,2,-65
1755869037.3829446,-3,2,-72
1755869037.4209447,0,1,-68
1755869037.4599447,-2,0,-85
1755869037.4959445,-7,-5,-84
1755869037.5339446,0,2,-76
1755869037.5709443,3,0,-67
1755869037.6099446,-2,-5,-72
1755869037.6459446,1,3,-73
1755869037.6829443,0,-2,-69
1755869037.7209446,3,-2,-67
1755869037.759945,4,-3,-74
1755869037.7959447,1,-2,-79
1755869037.8329446,-7,6,-71
1755869037.8709445,2,8,-72
1755869037.9099443,0,2,-71
1755869037.9459443,4,-2,-76
1755869037.9829447,3,6,-69
1755869038.0209446,-3,2,-67
1755869038.0599446,0,-2,-70
1755869038.0959446,2,-3,-76
1755869038.1329446,-2,0,-73
1755869038.1719446,1,-3,-75
1755869038.2099447,-7,1,-74
1755869038.2459445,-2,5,-70
1755869038.2839446,0,-1,-72
1755869038.3219447,-5,0,-76
1755869038.3609445,1,-1,-69
1755869038.3969443,-2,3,-59
1755869038.4349446,-3,-1,-71
1755869038.4729445,2,-5,-64
1755869038.5119443,1,-1,-79
1755869038.5499446,2,-3,-63
1755869038.585945,6,-1,-74
1755869038.6239443,-2,-2,-72
1755869038.6619446,0,-2,-60
1755869038.7069447,-3,-5,-69
1755869038.7439446,-6,-6,-69
1755869038.7819445,0,-11,-73
1755869038.8209443,-2,-3,-66
1755869038.8569446,4,-6,-73
1755869038.8939445,5,0,-79
1755869038.9319446,0,-4,-73
1755869038.9709446,-3,-3,-65
1755869039.006945,0,5,-71
1755869039.0439446,-2,2,-73
1755869039.0819447,-3,1,-76
1755869039.1209445,1,0,-79
1755869039.1569445,2,0,-83
1755869039.1939447,-4,-2,-70
1755869039.2319446,2,1,-72
1755869039.2709446,14,2,-75
1755869039.3069446,3,0,-71
1755869039.3439443,-1,-4,-80
1755869039.381945,1,-5,-80
1755869039.4209447,0,-1,-77
1755869039.4569447,2,4,-71
1755869039.4939446,4,0,-76
1755869039.5319445,8,-3,-67
1755869039.5679443,2,1,-76
1755869039.6049447,-4,0,-80
1755869039.6429446,0,-3,-83
1755869039.6819446,-1,0,-71
1755869039.7179446,2,2,-72
1755869039.7549446,-5,1,-74
1755869039.792945,1,-3,-69
1755869039.8319447,1,-3,-79
1755869039.8679447,-4,-4,-84
1755869039.9069445,-4,-3,-72
1755869039.9439447,0,2,-66
1755869039.9819446,0,-3,-81
1755869040.0209446,6,-4,-75
1755869040.0569446,0,-8,-73
1755869040.0939443,4,-1,-79
1755869040.1329446,6,-5,-82
1755869040.1709447,8,0,-76
1755869040.2069447,0,0,-78
1755869040.2439446,2,2,-66
1755869040.2819445,-3,0,-67
1755869040.3179443,4,6,-76
1755869040.3549447,6,-5,-62
1755869040.3929446,2,-4,-74
1755869040.4319446,7,-6,-71
1755869040.4679446,4,-7,-71
1755869040.5049446,0,-2,-72
1755869040.542945,0,-3,-87
1755869040.5819447,1,-3,-76
1755869040.6179447,3,-4,-88
1755869040.654945,0,9,-66
1755869040.6929443,-9,0,-81
1755869040.7319446,-3,3,-73
1755869040.7679446,-1,0,-78
1755869040.8059447,-3,1,-79
1755869040.8429446,1,-2,-81
1755869040.881945,0,2,-81
1755869040.917945,3,0,-70
1755869040.9549446,3,-1,-75
1755869040.9929447,1,3,-72
1755869041.0309446,-1,1,-76
1755869041.0669446,1,1,-77
1755869041.1039443,2,2,-73
1755869041.1429446,0,0,-82
1755869041.1789446,3,-5,-81
1755869041.2169447,4,-2,-76
1755869041.2549446,7,1,-71
1755869041.292945,12,6,-78
1755869041.3289447,3,6,-78
1755869041.3669446,-2,2,-63
1755869041.404945,-9,4,-62
1755869041.4429443,1,6,-73
1755869041.4789443,-1,-1,-69
1755869041.5169446,4,0,-69
1755869041.5549445,5,-1,-73
1755869041.5929446,2,1,-65
1755869041.6289446,1,-2,-69
1755869041.6669445,-1,-2,-76
1755869041.7049446,5,-2,-73
1755869041.7429447,4,3,-75
1755869041.7789447,8,-4,-77
1755869041.8169446,2,0,-72
1755869041.8539443,2,0,-74
1755869041.8919446,1,1,-78
1755869041.927945,-1,0,-73
1755869041.9649446,-6,0,-65
1755869042.0039446,1,-4,-73
1755869042.0419445,4,1,-71
1755869042.0779445,-1,7,-66
1755869042.1149447,2,-4,-69
1755869042.1539447,0,-1,-72
1755869042.1919446,2,-4,-76
1755869042.2279446,1,0,-68
1755869042.2649446,-3,-3,-74
1755869042.302945,-4,0,-73
1755869042.338945,-8,0,-75
1755869042.3759446,0,1,-72
1755869042.4139447,3,0,-71
1755869042.4529445,0,1,-76
1755869042.4889443,-6,3,-76
1755869042.5259447,7,4,-77
1755869042.5639446,3,3,-81
1755869042.6019447,-7,0,-78
1755869042.6379447,-8,1,-80
1755869042.6759446,-3,1,-73
1755869042.713945,-6,-5,-85
1755869042.7529447,-7,-5,-80
1755869042.7889447,-8,0,-75
1755869042.825945,-2,3,-69
1755869042.8639443,2,2,-66
1755869042.9019446,6,0,-71
1755869042.937945,-3,0,-68
1755869042.9759445,-3,-3,-75
1755869043.0139446,2,2,-73
1755869043.0499446,4,2,-69
1755869043.0869446,0,4,-85
1755869043.1239443,-2,0,-81
1755869043.1629446,0,2,-74
1755869043.1989446,-1,5,-77
1755869043.2359445,-2,0,-74
1755869043.2739446,-3,-8,-67
1755869043.312945,2,-1,-77
1755869043.348945,0,1,-76
1755869043.3859446,-3,1,-82
1755869043.4239447,-2,-2,-83
1755869043.4629445,-11,-5,-86
1755869043.4989443,0,-2,-70
1755869043.5369446,-2,-2,-75
1755869043.5749447,10,2,-77
1755869043.6139443,-6,4,-75
1755869043.6499443,-11,4,-70
1755869043.6869447,-9,-1,-70
1755869043.7249446,-6,-3,-82
1755869043.7639446,-1,-4,-86
1755869043.7999446,2,0,-76
1755869043.8369446,-5,-1,-76
1755869043.8759446,-3,0,-80
1755869043.9139447,-1,1,-74
1755869043.9499447,0,4,-69
1755869043.986945,5,2,-77
1755869044.0249443,0,3,-79
1755869044.0639446,0,4,-76
1755869044.0999446,3,0,-69
1755869044.1369443,-6,-1,-75
1755869044.1749446,-3,-3,-66
1755869044.213945,-7,3,-64
1755869044.2499447,-5,-3,-65
1755869044.2879446,-7,0,-75
1755869044.325945,-1,4,-71
1755869044.3649447,-4,9,-75
1755869044.4029446,-3,5,-74
1755869044.4389446,-3,-1,-74
1755869044.4769447,-1,3,-63
1755869044.5149446,-2,-2,-71
1755869044.5539446,2,-1,-71
1755869044.5899446,0,4,-79
1755869044.6279447,-1,1,-82
1755869044.6659446,-3,0,-83
1755869044.7049446,-3,5,-81
1755869044.7409446,1,1,-76
1755869044.7779446,-4,1,-69
1755869044.815945,-1,1,-68
1755869044.8549447,-2,0,-67
1755869044.8909447,2,-2,-74
1755869044.927945,1,0,-72
1755869044.9659443,-3,-3,-67
1755869045.0049446,-1,-3,-78
1755869045.0409446,5,0,-83
1755869045.0789447,7,9,-71
1755869045.1169446,3,7,-70
1755869045.154945,3,7,-69
1755869045.190945,-1,4,-76
1755869045.2279446,-1,0,-75
1755869045.2659447,-1,-4,-67
1755869045.3049445,8,-14,-72
1755869045.3409443,5,-7,-67
1755869045.3779447,5,-3,-75
1755869045.4159446,1,-1,-69
1755869045.4549446,-5,4,-76
1755869045.4909446,0,0,-80
1755869045.5279446,-4,-6,-85
1755869045.565945,-4,-3,-73
1755869045.6049447,-3,-5,-72
1755869045.6409447,-6,-10,-71
1755869045.6789446,1,-3,-60
1755869045.7169447,9,0,-72
1755869045.7549446,13,-3,-76
1755869045.7909446,10,-2,-70
1755869045.8289447,6,3,-69
1755869045.8659446,-5,0,-79
1755869045.904945,1,0,-69
1755869045.940945,0,0,-79
1755869045.9789443,2,4,-71
1755869046.0159447,2,1,-62
1755869046.0539446,-7,0,-67
1755869046.0899446,-6,3,-74
1755869046.1279447,-8,4,-68
1755869046.1659446,-3,1,-67
1755869046.2049446,-3,8,-58
1755869046.2409446,-4,0,-69
1755869046.2779446,2,0,-62
1755869046.315945,1,-1,-59
1755869046.3549447,-7,-6,-69
1755869046.3909447,-10,-6,-72
1755869046.4289446,-10,1,-69
1755869046.4669447,-8,-1,-74
1755869046.5059447,-3,3,-75
1755869046.5419445,0,-1,-75
1755869046.5789447,-1,-1,-72
1755869046.6169446,2,-6,-74
1755869046.6559446,4,-1,-80
1755869046.6919446,1,-7,-76
1755869046.7299447,1,-2,-71
1755869046.7679446,-2,-1,-70
1755869046.8059447,-6,-5,-69
1755869046.8449447,-13,-6,-55
1755869046.8809447,-9,5,-59
1755869046.917945,-10,-2,-60
1755869046.9559443,-2,3,-73
1755869046.9949446,4,-2,-68
1755869047.0309446,4,-5,-66
1755869047.0679443,3,0,-65
1755869047.1059446,-3,0,-80
1755869047.1419446,0,3,-77
1755869047.1799445,0,-1,-75
1755869047.2169447,-8,5,-75
1755869047.2559447,-6,6,-65
1755869047.2919445,-4,-1,-82
1755869047.3299446,-5,0,-75
1755869047.3679447,-5,0,-76
1755869047.4069445,2,0,-75
1755869047.4449446,-2,4,-73
1755869047.4809446,0,-1,-73
1755869047.5179446,-2,-3,-78
1755869047.5569446,-5,-5,-73
1755869047.5949447,3,-1,-71
1755869047.6309447,4,1,-75
1755869047.667945,-1,-4,-66
1755869047.7069447,0,-1,-62
1755869047.7449446,3,-6,-63
1755869047.7809446,7,-3,-71
1755869047.8179443,10,-2,-81
1755869047.8569446,5,-5,-67
1755869047.894945,3,-7,-74
1755869047.9309447,-2,-5,-77
1755869047.9689443,2,-8,-76
1755869048.006945,-3,-2,-81
1755869048.0459447,-4,2,-95
1755869048.0819447,0,2,-77
1755869048.1209445,0,-1,-77
1755869048.157945,-1,0,-72
1755869048.1969447,7,-3,-71
1755869048.2349446,8,1,-72
1755869048.2709446,14,0,-75
1755869048.3079443,1,1,-75
1755869048.3459446,-1,0,-64
1755869048.3829446,0,0,-70
1755869048.4209447,-7,1,-73
1755869048.4579446,-10,0,-71
1755869048.496945,-1,-2,-77
1755869048.532945,-1,3,-75
1755869048.5709443,0,7,-81
1755869048.6079447,1,-3,-83
1755869048.6469443,0,-2,-75
1755869048.6829443,-1,3,-85
1755869048.7289443,2,-6,-70
1755869048.7669446,1,1,-68
1755869048.802945,-2,4,-68
1755869048.8409443,-1,4,-74
1755869048.8779447,-3,7,-80
1755869048.9169445,-7,6,-65
1755869048.9529445,-3,6,-69
1755869048.9899447,-15,5,-57
1755869049.0279446,-4,0,-68
1755869049.0669446,6,0,-78
1755869049.1029446,0,-2,-75
1755869049.1399446,5,2,-64
1755869049.177945,12,2,-67
1755869049.2169447,4,-3,-69
1755869049.2529447,0,-4,-70
1755869049.2909446,-4,-3,-70
1755869049.3299446,0,0,-60
1755869049.3679447,-8,-2,-70
1755869049.4059446,1,4,-63
1755869049.4419446,2,1,-71
1755869049.4799447,-5,6,-73
1755869049.5179446,3,0,-61
1755869049.5559447,0,1,-70
1755869049.5919447,-4,2,-74
1755869049.6289446,1,0,-65
1755869049.667945,0,-6,-81
1755869049.7059443,0,0,-85
1755869049.7419446,-3,1,-78
1755869049.779945,3,3,-60
1755869049.8179443,-3,1,-71
1755869049.8559446,-4,-2,-64
1755869049.8919446,-7,-8,-67
1755869049.9299445,-6,0,-67
1755869049.9679446,-6,1,-71
1755869050.006945,-5,5,-72
1755869050.042945,-5,-2,-74
1755869050.0809443,-1,0,-81
1755869050.1199446,-5,-3,-70
1755869050.157945,-5,2,-68
1755869050.1939447,4,6,-69
1755869050.2319446,10,5,-60
1755869050.269945,4,0,-68
1755869050.3079443,6,3,-81
1755869050.3439443,8,2,-73
1755869050.381945,10,7,-74
1755869050.4189446,3,4,-75
1755869050.4579446,-4,-2,-80
1755869050.4939446,0,0,-83
1755869050.5319445,2,-1,-67
1755869050.5699446,1,-2,-79
1755869050.6079447,-4,4,-78
1755869050.6469443,5,6,-77
1755869050.6829443,4,1,-81
1755869050.7199447,0,-2,-71
1755869050.7579446,1,-4,-71
1755869050.7969446,0,-2,-84
1755869050.8329446,-3,4,-72
1755869050.8709445,-7,1,-68
1755869050.9089446,2,2,-69
1755869050.9469447,0,-7,-70
1755869050.9829447,-4,-1,-76
1755869051.0209446,-1,0,-78
1755869051.0589447,-4,-3,-72
1755869051.0979445,0,-3,-81
1755869051.1339445,6,-2,-67
1755869051.1709447,5,-3,-68
1755869051.2089446,6,0,-75
1755869051.246945,-2,-2,-76
1755869051.282945,-3,0,-75
1755869051.3209443,-4,0,-78
1755869051.358945,-3,-2,-88
1755869051.3969443,-4,-4,-85
1755869051.4329443,-4,4,-87
1755869051.4709446,2,0,-77
1755869051.5089445,0,3,-68
1755869051.5469446,0,4,-74
1755869051.5829446,4,2,-74
1755869051.6199446,-5,1,-68
1755869051.6589446,4,-1,-75
1755869051.6969447,-4,-4,-66
1755869051.7329447,-1,-5,-72
1755869051.7709446,-9,0,-76
1755869051.8089447,-2,2,-77
1755869051.8479445,2,2,-73
1755869051.8839445,0,0,-78
1755869051.9209447,4,0,-69
1755869051.9589446,0,-2,-61
1755869051.9979446,0,-3,-65
1755869052.0339446,1,0,-65
1755869052.0709443,2,0,-68
1755869052.108945,7,-4,-66
1755869052.144945,2,-8,-82
1755869052.1819446,2,1,-82
1755869052.2189443,4,1,-76
1755869052.2579446,7,-3,-73
1755869052.2939446,0,1,-81
1755869052.3319447,7,7,-66
1755869052.3689446,9,1,-66
1755869052.407945,13,0,-64
1755869052.4439447,11,-6,-66
1755869052.4819446,2,4,-81
1755869052.519945,-1,3,-75
1755869052.5589447,1,3,-69
1755869052.5949447,1,-3,-72
1755869052.631945,8,-8,-71
1755869052.6699443,2,-5,-67
1755869052.7089446,0,-6,-72
1755869052.7449446,4,-3,-81
1755869052.7819445,2,-4,-78
1755869052.8199446,0,1,-85
1755869052.8579447,7,-3,-83
1755869052.8939445,10,-1,-68
1755869052.9319446,6,2,-66
1755869052.9699447,-1,0,-75
1755869053.0089445,5,5,-64
1755869053.0449443,2,0,-73
1755869053.0819447,6,2,-70
1755869053.1199446,4,0,-69
1755869053.157945,0,1,-85
1755869053.1939447,0,0,-80
1755869053.2309446,-4,0,-67
1755869053.269945,0,-1,-60
1755869053.3079443,1,10,-67
1755869053.3439443,0,11,-64
1755869053.3809447,4,1,-67
1755869053.4189446,4,0,-77
1755869053.4549446,4,-1,-77
1755869053.4919446,1,-2,-70
1755869053.529945,5,1,-69
1755869053.5689447,1,0,-67
1755869053.6049447,-1,-3,-69
1755869053.6429446,-1,-8,-70
1755869053.6809447,1,-1,-74
1755869053.7199447,-7,-1,-72
1755869053.7559447,-5,0,-78
1755869053.792945,-1,-1,-69
1755869053.8309443,-3,2,-73
1755869053.8699446,-4,-6,-78
1755869053.9059446,-6,0,-82
1755869053.9429443,-2,4,-69
1755869053.9809446,1,-3,-65
1755869054.019945,6,0,-76
1755869054.0559447,5,-1,-75
1755869054.0939443,4,3,-64
1755869054.1309447,0,3,-82
1755869054.1689446,1,-1,-79
1755869054.2049446,0,0,-74
1755869054.2419446,0,8,-75
1755869054.279945,3,3,-68
1755869054.315945,0,9,-68
1755869054.3529446,0,5,-81
1755869054.3899446,1,1,-74
1755869054.4259446,9,-1,-74
1755869054.463945,0,-2,-60
1755869054.5009446,-3,5,-78
1755869054.5399446,2,-1,-69
1755869054.575945,1,0,-67
1755869054.6139443,4,1,-76
1755869054.6509447,-1,6,-70
1755869054.6899445,0,5,-71
1755869054.7259445,4,4,-71
1755869054.7639446,0,0,-78
1755869054.8009446,9,1,-70
1755869054.838945,10,8,-77
1755869054.8749447,0,2,-79
1755869054.9119446,0,0,-63
1755869054.9499447,-6,-5,-71
1755869054.9859445,-9,-4,-72
1755869055.0239446,0,-1,-64
1755869055.0619447,3,1,-71
1755869055.0999446,-2,2,-65
1755869055.1359446,-4,3,-66
1755869055.1739447,0,3,-75
1755869055.2119446,-4,1,-72
1755869055.2509446,5,1,-75
1755869055.2889447,3,-1,-67
1755869055.3249447,5,5,-78
1755869055.361945,2,-4,-76
1755869055.4009447,-4,-1,-78
1755869055.4389446,1,0,-77
1755869055.4749446,-3,1,-72
1755869055.5119443,-4,2,-67
1755869055.5509446,-4,0,-78
1755869055.5869446,-9,1,-70
1755869055.6239443,-1,3,-65
1755869055.6619446,2,3,-77
1755869055.6999447,4,3,-80
1755869055.7359445,0,0,-83
1755869055.7739446,-6,-2,-73
1755869055.8119447,-1,-2,-77
1755869055.8509445,-4,-7,-70
1755869055.8869443,0,0,-61
1755869055.9239447,-7,3,-69
1755869055.9619446,1,0,-72
1755869056.0009446,3,-1,-81
1755869056.0369446,7,-1,-82
1755869056.0739446,0,7,-60
1755869056.1109445,1,0,-64
1755869056.1469443,1,-1,-65
1755869056.1849446,0,-3,-70
1755869056.2229445,1,8,-73
1755869056.2609446,4,4,-69
1755869056.2969446,2,4,-68
1755869056.3349447,3,-4,-79
1755869056.3729446,1,2,-78
1755869056.4109447,-5,0,-69
1755869056.4469447,0,-9,-78
1755869056.4849446,1,2,-81
1755869056.5219443,2,-2,-77
1755869056.5609446,-3,0,-65
1755869056.5969446,4,-1,-70
1755869056.634945,5,-5,-62
1755869056.6729443,1,-1,-71
1755869056.7119446,-5,0,-79
1755869056.7499447,-4,-1,-66
1755869056.7859447,-3,2,-61
1755869056.8229446,-4,0,-79
1755869056.861945,0,-6,-75
1755869056.8999443,7,0,-78
1755869056.9359446,-2,0,-78
1755869056.9729445,0,2,-72
1755869057.0109446,-6,0,-78
1755869057.0479443,0,-2,-66
1755869057.0849447,-1,1,-65
1755869057.1229446,4,8,-68
1755869057.1609447,3,4,-80
1755869057.1969447,3,4,-69
1755869057.2349446,5,-5,-71
1755869057.2719443,8,-9,-77
1755869057.3109446,1,2,-82
1755869057.3469446,2,-3,-73
1755869057.384945,-1,1,-72
1755869057.4229443,5,-5,-68
1755869057.4619446,-2,-8,-61
1755869057.4979446,-5,-9,-74
1755869057.5359447,0,-2,-70
1755869057.5739446,7,2,-66
1755869057.611945,-2,0,-69
1755869057.6479447,-5,0,-61
1755869057.6859446,0,-2,-64
1755869057.723945,1,2,-72
1755869057.7619443,-2,12,-75
1755869057.7979443,-2,5,-72
1755869057.8349447,3,2,-68
1755869057.8729446,-1,-5,-66
1755869057.9109447,-1,2,-71
1755869057.9469447,-1,0,-74
1755869057.9849446,0,0,-73
1755869058.0219443,-1,3,-71
1755869058.0609446,2,-2,-74
1755869058.0969446,-5,5,-78
1755869058.134945,-7,-1,-69
1755869058.1729443,0,2,-81
1755869058.210945,-2,3,-79
1755869058.246945,-1,-3,-76
1755869058.2849443,-1,-2,-69
1755869058.3229446,0,0,-66
1755869058.3609445,-4,2,-66
1755869058.3969443,0,-6,-71
1755869058.4339447,3,-6,-75
1755869058.4729445,5,-5,-80
1755869058.5109446,0,-4,-75
1755869058.5469446,-5,0,-66
1755869058.5839446,-4,3,-70
1755869058.6229446,2,-3,-74
1755869058.6609447,5,1,-79
1755869058.6969447,-3,-1,-75
1755869058.7429447,-2,-2,-73
1755869058.7809446,-3,0,-63
1755869058.8179443,4,9,-64
1755869058.8549447,7,4,-74
1755869058.8929446,0,-3,-72
1755869058.9319446,8,-6,-75
1755869058.9679446,11,6,-73
1755869059.0049446,11,-2,-79
1755869059.042945,8,-3,-64
1755869059.0819447,6,-4,-68
1755869059.1179447,0,1,-62
1755869059.154945,0,3,-70
1755869059.1929443,-6,2,-72
1755869059.2289443,-10,-1,-73
1755869059.2669446,-5,2,-65
1755869059.3049445,5,5,-65
1755869059.3429446,0,0,-72
1755869059.3789446,2,-2,-76
1755869059.4159446,-5,5,-71
1755869059.4549446,-1,2,-71
1755869059.4929447,-3,-2,-69
1755869059.5289447,-1,3,-76
1755869059.565945,-2,-3,-62
1755869059.6039443,5,0,-69
1755869059.6429446,0,0,-65
1755869059.6789446,3,-1,-63
1755869059.7159443,0,3,-79
1755869059.7529447,0,-1,-81
1755869059.7919445,3,0,-68
1755869059.8279445,9,3,-77
1755869059.8649447,3,-2,-86
1755869059.9039447,5,-2,-88
1755869059.9419446,-2,-1,-77
1755869059.9779446,-7,0,-62
1755869060.0149446,3,-3,-80
1755869060.0539446,0,-4,-84
1755869060.0919447,0,-3,-70
1755869060.1279447,1,0,-80
1755869060.1649446,7,-3,-79
1755869060.2039447,0,-11,-75
1755869060.2419446,0,-7,-72
1755869060.2779446,1,-1,-67
1755869060.315945,5,-5,-78
1755869060.3539443,-1,-3,-68
1755869060.3919446,0,0,-80
1755869060.427945,0,0,-76
1755869060.4659443,-5,8,-81
1755869060.5039446,8,-1,-77
1755869060.5419445,1,4,-73
1755869060.5779445,5,2,-69
1755869060.6159446,7,-2,-69
1755869060.6539447,1,7,-66
1755869060.6919446,4,1,-68
1755869060.7279446,5,2,-68
1755869060.7659447,0,-2,-74
1755869060.8039446,-3,-3,-84
1755869060.8419447,-1,-5,-79
1755869060.8779447,-3,-2,-87
1755869060.9159446,1,-3,-75
1755869060.9539447,0,-3,-67
1755869060.9929447,2,5,-67
1755869061.0289447,3,0,-75
1755869061.065945,5,4,-72
1755869061.1039443,0,4,-72
1755869061.1399446,4,2,-74
1755869061.177945,-1,-4,-67
1755869061.2159443,5,3,-69
1755869061.2539446,6,-3,-64
1755869061.292945,0,1,-76
1755869061.3289447,-8,1,-69
1755869061.3659446,-2,-3,-62
1755869061.4039447,-2,-1,-81
1755869061.4429443,0,-3,-84
1755869061.4789443,-2,-5,-72
1755869061.5169446,-7,-5,-79
1755869061.5539446,3,-5,-79
1755869061.5929446,5,3,-77
1755869061.6289446,2,0,-72
1755869061.6659446,2,3,-73
1755869061.7039447,-6,1,-75
1755869061.7399447,4,-5,-73
1755869061.7779446,0,1,-69
1755869061.8149445,-3,9,-70
1755869061.8539443,5,5,-75
1755869061.8899446,0,-2,-65
1755869061.927945,2,3,-63
1755869061.9659443,1,5,-66
1755869062.0049446,-1,-5,-66
1755869062.042945,-4,-3,-70
1755869062.0789447,-5,-3,-66
1755869062.1169446,1,-3,-79
1755869062.154945,6,-7,-59
1755869062.1939447,3,-1,-74
1755869062.2299447,1,4,-76
1755869062.2669446,1,-5,-70
1755869062.3049445,-3,-5,-75
1755869062.3439443,6,-4,-65
1755869062.3799446,6,-5,-71
1755869062.4169445,6,-7,-60
1755869062.4549446,4,0,-70
1755869062.4939446,7,4,-73
1755869062.529945,5,1,-67
1755869062.5669446,1,4,-64
1755869062.6049447,3,-3,-66
1755869062.6429446,-2,3,-75
1755869062.6789446,-4,-3,-78
1755869062.7169447,5,-10,-86
1755869062.7549446,-1,-6,-78
1755869062.7939446,-6,-1,-72
1755869062.8299446,1,-3,-81
1755869062.8669446,0,-1,-63
1755869062.904945,-5,-3,-62
1755869062.9439447,-2,-4,-62
1755869062.9799447,-3,-5,-64
1755869063.0179446,1,0,-65
1755869063.0559447,0,4,-62
1755869063.0939443,-7,6,-70
1755869063.1299446,-5,-3,-81
1755869063.167945,1,1,-72
1755869063.2059443,0,0,-77
1755869063.2449446,0,0,-80
1755869063.2809446,-1,0,-72
1755869063.3189447,-3,7,-68
1755869063.3569446,3,1,-64
1755869063.394945,2,3,-67
1755869063.4309447,-2,0,-75
1755869063.4689443,0,-4,-85
1755869063.506945,-2,2,-72
1755869063.5459447,1,-1,-81
1755869063.5839446,5,1,-76
1755869063.6199446,8,0,-73
1755869063.6569445,4,0,-64
1755869063.6949446,0,-8,-78
1755869063.7309446,-2,-3,-70
1755869063.7689445,-2,-5,-68
1755869063.8069446,1,0,-77
1755869063.8459446,-1,-1,-63
1755869063.8839445,-1,2,-71
1755869063.9199443,-2,3,-81
1755869063.9569447,-4,2,-77
1755869063.9959445,2,-3,-75
1755869064.0339446,4,-3,-83
1755869064.0699446,-1,-3,-81
1755869064.108945,3,-6,-76
1755869064.1459446,-1,0,-86
1755869064.1849446,-2,0,-73
1755869064.2209446,1,0,-75
1755869064.2579446,0,3,-84
1755869064.2959447,-3,-1,-83
1755869064.3349447,1,1,-78
1755869064.3709445,8,9,-79
1755869064.407945,0,5,-73
1755869064.4459443,-3,1,-74
1755869064.4849446,3,-1,-65
1755869064.5209446,5,0,-61
1755869064.5589447,7,-2,-72
1755869064.5959446,0,5,-67
1755869064.634945,5,2,-61
1755869064.6709447,6,5,-75
1755869064.7079446,-4,8,-78
1755869064.7459445,-2,0,-77
1755869064.7849443,-4,3,-73
1755869064.8209443,-5,-4,-79
1755869064.858945,2,-5,-75
1755869064.8969443,3,-1,-66
1755869064.9359446,-1,0,-90
1755869064.9719446,2,0,-79
1755869065.0089445,-3,0,-76
1755869065.0469446,-5,-2,-68
1755869065.085945,0,-1,-77
1755869065.121945,-5,3,-83
1755869065.1599443,2,-1,-81
1755869065.1979446,-1,4,-74
1755869065.2359445,-1,0,-64
1755869065.2749443,0,-8,-77
1755869065.3109446,-2,1,-72
1755869065.348945,0,-2,-66
1755869065.3869443,0,-6,-65
1755869065.4259446,2,0,-70
1755869065.4619446,4,5,-74
1755869065.4989443,1,-1,-76
1755869065.5369446,1,-4,-77
1755869065.575945,4,0,-84
1755869065.611945,-5,-1,-76
1755869065.6499443,-5,2,-74
1755869065.687945,-1,1,-81
1755869065.7269447,0,-1,-84
1755869065.7649446,-1,-1,-64
1755869065.8009446,4,0,-62
1755869065.838945,2,-4,-75
1755869065.8769443,-2,1,-75
1755869065.9149446,0,3,-79
1755869065.950945,0,0,-83
1755869065.9889443,5,-2,-72
1755869066.0269446,10,1,-70
1755869066.0649445,14,1,-79
1755869066.1009445,16,0,-74
1755869066.1379447,8,3,-81
1755869066.1769447,6,7,-73
1755869066.2149446,-1,0,-68
1755869066.2509446,3,-1,-85
1755869066.2879446,0,-2,-74
1755869066.3269446,-2,-5,-73
1755869066.3629446,-1,0,-69
1755869066.4009447,0,-5,-75
1755869066.437945,-2,-6,-74
1755869066.4769447,1,0,-66
1755869066.5129447,1,-6,-60
1755869066.5499446,-3,-1,-75
1755869066.5879445,6,0,-80
1755869066.6259446,7,2,-78
1755869066.6619446,1,-2,-75
1755869066.6999447,6,1,-70
1755869066.7379446,1,0,-74
1755869066.7769446,-3,-3,-76
1755869066.812945,0,0,-69
1755869066.8499446,-7,0,-74
1755869066.8879447,-1,-5,-72
1755869066.9269447,3,0,-74
1755869066.9629445,-1,-3,-74
1755869067.0009446,-4,1,-75
1755869067.0389447,-2,-4,-76
1755869067.0769446,-5,-7,-73
1755869067.1159446,4,-6,-79
1755869067.1529446,7,0,-75
1755869067.1899445,0,2,-86
1755869067.2279446,1,0,-81
1755869067.2659447,3,-3,-67
1755869067.3019447,2,0,-73
1755869067.338945,2,7,-75
1755869067.3779447,0,12,-78
1755869067.4159446,0,9,-70
1755869067.4519446,4,4,-76
1755869067.4899447,0,-6,-75
1755869067.5279446,3,-3,-72
1755869067.5669446,-2,0,-77
1755869067.6029446,3,0,-85
1755869067.6399446,2,3,-77
1755869067.677945,10,3,-80
1755869067.7159443,4,-2,-70
1755869067.7519443,-3,0,-77
1755869067.7889447,-5,3,-76
1755869067.8279445,-8,10,-88
1755869067.8659446,-4,5,-82
1755869067.9019446,-6,1,-72
1755869067.9389446,0,2,-78
1755869067.9769447,0,4,-78
1755869068.0129447,-3,-3,-75
1755869068.0509446,1,-3,-71
1755869068.088945,-1,0,-71
1755869068.1279447,0,0,-79
1755869068.1639447,2,0,-78
1755869068.200945,-3,3,-72
1755869068.2389443,-5,2,-77
1755869068.2779446,-2,3,-62
1755869068.3139446,-1,1,-67
1755869068.3519447,0,0,-73
1755869068.3889446,-5,-3,-72
1755869068.427945,7,3,-73
1755869068.463945,9,-3,-78
1755869068.5009446,5,0,-63
1755869068.5389447,2,2,-66
1755869068.5779445,0,3,-72
1755869068.6139443,-8,-2,-76
1755869068.6519446,0,0,-75
1755869068.6889446,1,4,-82
1755869068.7279446,-1,0,-85
1755869068.7719443,3,-1,-80
1755869068.8099446,7,0,-88
1755869068.8479445,-1,-8,-84
1755869068.8869443,1,0,-86
1755869068.9229443,0,-6,-79
1755869068.9599447,0,0,-83
1755869068.9979446,-4,-4,-78
1755869069.0339446,-4,-5,-80
1755869069.0719447,-4,5,-76
1755869069.1099446,-4,2,-78
1755869069.1489446,0,1,-74
1755869069.1869447,-4,1,-72
1755869069.2229445,-2,3,-85
1755869069.2619443,0,2,-81
1755869069.2989447,2,-1,-73
1755869069.3379445,-9,-8,-79
1755869069.3739443,0,-9,-90
1755869069.4109447,0,-8,-71
1755869069.4489446,-3,-2,-80
1755869069.4879446,-1,2,-74
1755869069.5239446,-3,-1,-67
1755869069.5619447,-8,-4,-74
1755869069.5999446,-8,1,-76
1755869069.6389446,-6,0,-71
1755869069.6769447,4,2,-81
1755869069.7129445,6,1,-81
1755869069.7499447,6,4,-66
1755869069.7879446,-1,-1,-71
1755869069.8239446,-5,-2,-70
1755869069.861945,-5,0,-75
1755869069.8999443,-5,-4,-76
1755869069.9389446,-6,6,-69
1755869069.9749446,-5,10,-70
1755869070.0129447,-3,4,-71
1755869070.0499446,-7,0,-63
1755869070.088945,-12,2,-75
1755869070.1249447,0,3,-73
1755869070.1629446,-2,2,-68
1755869070.1999447,-5,-2,-72
1755869070.2389443,1,-4,-64
1755869070.2749443,-1,-2,-84
1755869070.312945,-2,0,-74
1755869070.3509445,-6,2,-75
1755869070.3889446,1,-3,-74
1755869070.427945,1,-2,-74
1755869070.463945,0,0,-88
1755869070.5009446,-2,1,-69
1755869070.5389447,-1,-2,-67
1755869070.5779445,2,0,-69
1755869070.6139443,-5,0,-66
1755869070.6509447,-6,-3,-66
1755869070.6899445,3,3,-67
1755869070.7279446,0,0,-90
1755869070.7639446,0,0,-79
1755869070.8009446,-2,-2,-76
1755869070.8399446,-3,0,-86
1755869070.8779447,-1,-1,-80
1755869070.9139447,-2,-2,-75
1755869070.9519446,1,-1,-66
1755869070.9899447,1,0,-73
1755869071.0279446,4,0,-67
1755869071.0639446,8,0,-68
1755869071.1009445,-1,-6,-84
1755869071.1399446,2,-5,-73
1755869071.177945,-2,2,-73
1755869071.213945,-3,-2,-85
1755869071.2519443,2,0,-67
1755869071.2899446,-6,-4,-67
1755869071.3289447,-5,2,-76
1755869071.3649447,0,0,-76
1755869071.4029446,0,0,-90
1755869071.440945,8,4,-80
1755869071.4789443,5,-6,-73
1755869071.5149446,2,0,-73
1755869071.5519447,1,2,-83
1755869071.5899446,-3,-2,-67
1755869071.6259446,-4,1,-75
1755869071.6629446,1,9,-74
1755869071.700945,3,2,-76
1755869071.7389443,8,5,-76
1755869071.7749443,1,0,-74
1755869071.8119447,1,-2,-67
1755869071.8509445,0,1,-61
1755869071.8889446,0,-1,-81
1755869071.9249446,0,0,-86
1755869071.9619446,4,-2,-87
1755869071.9999447,0,4,-67
1755869072.0389447,-3,2,-68
1755869072.0749447,0,5,-70
1755869072.111945,6,-1,-71
1755869072.1499443,-2,-1,-86
1755869072.1889446,4,1,-84
1755869072.2249446,-5,-1,-81
1755869072.2639446,4,0,-70
1755869072.3009446,4,-2,-82
1755869072.3399446,0,-2,-85
1755869072.3759446,3,-1,-75
1755869072.4139447,3,-3,-74
1755869072.4519446,2,1,-65
1755869072.4899447,1,1,-72
1755869072.5259447,-5,1,-69
1755869072.5639446,-6,5,-68
1755869072.6009445,2,7,-79
1755869072.6389446,7,0,-70
1755869072.6749446,5,-5,-79
1755869072.7119446,2,-3,-88
1755869072.7509446,-8,-5,-82
1755869072.7889447,-9,-5,-80
1755869072.8249447,-10,0,-82
1755869072.8629446,-3,-5,-80
1755869072.9009447,-9,-4,-79
1755869072.9399445,-1,-1,-70
1755869072.9759445,0,-3,-70
1755869073.0129447,1,-4,-60
1755869073.0509446,3,1,-78
1755869073.088945,5,5,-72
1755869073.1249447,6,1,-75
1755869073.1619446,1,4,-86
1755869073.200945,0,1,-76
1755869073.2389443,-4,7,-69
1755869073.2749443,-8,6,-74
1755869073.312945,-3,0,-79
1755869073.3509445,-1,-1,-83
1755869073.3899446,0,7,-77
1755869073.4259446,2,7,-85
1755869073.4629445,-4,0,-84
1755869073.5009446,2,-3,-74
1755869073.5399446,-5,0,-76
1755869073.575945,2,-6,-75
1755869073.6129446,3,0,-85
1755869073.6509447,0,-4,-84
1755869073.6899445,-3,-3,-74
1755869073.7259445,1,0,-71
1755869073.7629447,5,6,-77
1755869073.8009446,1,0,-76
1755869073.8369446,5,-5,-82
1755869073.8739443,3,1,-76
1755869073.9109447,2,0,-63
1755869073.9469447,0,1,-74
1755869073.9849446,-1,-1,-79
1755869074.0239446,0,-6,-84
1755869074.0609446,-1,-1,-84
1755869074.0999446,2,-9,-79
1755869074.1359446,1,1,-77
1755869074.1739447,3,4,-71
1755869074.210945,4,0,-73
1755869074.246945,-3,-2,-81
1755869074.2849443,-2,1,-74
1755869074.3239446,1,2,-66
1755869074.361945,0,-3,-75
1755869074.3999443,-1,2,-79
1755869074.4359446,-8,0,-72
1755869074.473945,3,-4,-80
1755869074.5119443,1,-5,-71
1755869074.5499446,-1,1,-73
1755869074.585945,-4,0,-80
1755869074.6239443,-4,1,-85
1755869074.6619446,1,-3,-82
1755869074.6999447,-2,0,-79
1755869074.7359445,-2,-4,-76
1755869074.7739446,0,-6,-70
1755869074.8119447,3,0,-86
1755869074.8509445,1,-2,-80
1755869074.8869443,-6,-2,-81
1755869074.9249446,-4,1,-82
1755869074.9629445,1,-5,-70
1755869075.0019443,6,-2,-63
1755869075.0399446,8,9,-76
1755869075.075945,11,8,-71
1755869075.1129446,6,-5,-77
1755869075.1519446,0,4,-67
1755869075.1899445,5,2,-81
1755869075.2269447,0,1,-82
1755869075.2639446,-1,4,-74
1755869075.3019447,-2,-3,-69
1755869075.3409443,0,2,-75
1755869075.3769443,1,4,-73
1755869075.4139447,5,3,-74
1755869075.4519446,2,0,-79
1755869075.4879446,9,2,-79
1755869075.5249443,0,-3,-79
1755869075.5639446,1,-3,-78
1755869075.6019447,1,-1,-76
1755869075.6379447,0,-1,-70
1755869075.6749446,-4,-4,-81
1755869075.7129445,-2,-4,-75
1755869075.7519443,4,3,-74
1755869075.7879446,-1,2,-64
1755869075.8249447,-2,0,-77
1755869075.8629446,0,-5,-82
1755869075.9019446,2,-2,-72
1755869075.937945,2,6,-82
1755869075.9749446,-1,1,-72
1755869076.0129447,0,-1,-76
1755869076.0519447,2,-1,-76
1755869076.0879445,-3,0,-70
1755869076.1249447,-1,0,-75
1755869076.1629446,5,-2,-90
1755869076.2019446,1,-4,-72
1755869076.2379446,2,0,-73
1755869076.2749443,4,-1,-72
1755869076.312945,2,3,-78
1755869076.3519447,5,-2,-77
1755869076.3879447,16,0,-76
1755869076.4249446,10,6,-77
1755869076.4629445,2,0,-72
1755869076.5009446,0,-2,-64
1755869076.5369446,2,-3,-82
1755869076.5749447,0,-3,-77
1755869076.6129446,3,1,-78
1755869076.6509447,-2,-2,-70
1755869076.6869447,1,-6,-83
1755869076.723945,-4,0,-79
1755869076.7629447,5,-4,-81
1755869076.8009446,7,-3,-87
1755869076.8369446,3,-1,-95
1755869076.8749447,-3,-2,-88
1755869076.9129446,-3,-1,-72
1755869076.950945,1,3,-82
1755869076.986945,4,4,-86
1755869077.0249443,2,0,-75
1755869077.062945,0,1,-78
1755869077.1009445,0,-4,-83
1755869077.1369443,3,-8,-70
1755869077.1739447,3,3,-82
1755869077.2119446,1,-2,-74
1755869077.2479446,2,-8,-70
1755869077.2849443,0,-6,-80
1755869077.3239446,0,0,-84
1755869077.361945,6,8,-74
1755869077.3979447,0,3,-83
1755869077.4349446,5,-5,-76
1755869077.473945,-5,-2,-78
1755869077.5119443,0,0,-56
1755869077.5479443,0,1,-67
1755869077.5849447,2,-3,-77
1755869077.6229446,-4,-1,-75
1755869077.6619446,0,-1,-83
1755869077.6979446,2,-3,-82
1755869077.7349446,4,0,-80
1755869077.7729447,5,-2,-55
1755869077.8089447,1,-3,-64
1755869077.8469446,2,5,-77
1755869077.8839445,0,-4,-79
1755869077.9229443,-2,-1,-73
1755869077.9589446,-2,0,-76
1755869077.9959445,-6,1,-64
1755869078.0339446,2,3,-60
1755869078.0719447,2,3,-64
1755869078.108945,4,-2,-78
1755869078.1459446,1,1,-76
1755869078.1839447,-4,0,-87
1755869078.2219446,-3,-3,-84
1755869078.2589445,-10,-2,-86
1755869078.2959447,1,0,-71
1755869078.3339446,-2,-5,-67
1755869078.371945,-4,0,-71
1755869078.407945,-5,3,-72
1755869078.4459443,-6,-1,-75
1755869078.483945,6,-3,-77
1755869078.5219443,4,0,-69
1755869078.5579443,-1,6,-72
1755869078.5949447,0,2,-78
1755869078.6339445,1,2,-69
1755869078.6719446,1,0,-88
1755869078.7079446,1,-3,-74
1755869078.7449446,3,3,-71
1755869078.7889447,2,3,-77
1755869078.8269446,5,0,-78
1755869078.8639443,10,-3,-89
1755869078.9029446,-3,-2,-69
1755869078.9389446,0,-8,-70
1755869078.9759445,-8,-3,-67
1755869079.0139446,-2,6,-71
1755869079.052945,-1,6,-82
1755869079.088945,2,3,-87
1755869079.1259446,-1,2,-83
1755869079.1639447,2,0,-77
1755869079.1999447,0,3,-75
1755869079.236945,9,1,-67
1755869079.2739446,-1,-3,-65
1755869079.312945,-2,-7,-76
1755869079.348945,-2,-3,-73
1755869079.3869443,2,-3,-62
1755869079.4249446,0,-2,-68
1755869079.463945,-3,2,-81
1755869079.4999447,-7,2,-80
1755869079.5379446,-8,0,-81
1755869079.575945,0,1,-83
1755869079.6139443,-8,0,-69
1755869079.6529446,-4,5,-72
1755869079.6889446,-2,1,-70
1755869079.7259445,-8,3,-83
1755869079.7649446,1,4,-78
1755869079.802945,-1,-4,-81
1755869079.838945,5,0,-86
1755869079.8759446,-1,3,-78
1755869079.9149446,2,1,-76
1755869079.9529445,0,-4,-69
1755869079.9889443,6,0,-67
1755869080.0259447,-5,9,-69
1755869080.0649445,-4,3,-74
1755869080.1029446,-5,1,-81
1755869080.1389446,1,0,-83
1755869080.1769447,0,0,-75
1755869080.2149446,0,1,-71
1755869080.2529447,4,-1,-78
1755869080.2889447,8,4,-78
1755869080.3269446,7,2,-70
1755869080.3649447,0,0,-79
1755869080.4029446,6,-7,-65
1755869080.4389446,5,0,-69
1755869080.4769447,6,8,-77
1755869080.5149446,0,2,-77
1755869080.552945,2,-2,-72
1755869080.588945,-3,-3,-73
1755869080.6269443,-2,2,-68
1755869080.6649446,1,-2,-76
1755869080.7039447,-7,-5,-63
1755869080.7399447,-1,-3,-68
1755869080.7779446,-3,-5,-71
1755869080.815945,4,-8,-72
1755869080.8549447,7,-2,-86
1755869080.8909447,2,0,-73
1755869080.9289446,0,-3,-72
1755869080.9679446,3,0,-77
1755869081.0049446,0,5,-80
1755869081.0409446,-3,5,-69
1755869081.0789447,-3,0,-71
1755869081.1169446,-1,-6,-82
1755869081.154945,0,0,-76
1755869081.190945,-8,-1,-69
1755869081.2289443,-3,-3,-75
1755869081.2669446,4,-6,-63
1755869081.3049445,-3,2,-73
1755869081.3439443,3,-1,-70
1755869081.3799446,-2,2,-71
1755869081.4169445,-4,1,-63
1755869081.4559443,6,0,-71
1755869081.4939446,4,-3,-64
1755869081.529945,-5,0,-64
1755869081.5669446,2,-2,-64
1755869081.6059446,4,-1,-56
1755869081.6439445,0,8,-66
1755869081.6799445,1,4,-76
1755869081.7169447,3,-7,-84
1755869081.7559447,6,0,-70
1755869081.7939446,4,-1,-68
1755869081.8299446,0,-11,-70
1755869081.8669446,7,-5,-83
1755869081.9059446,-2,-7,-82
1755869081.9439447,-5,1,-70
1755869081.9799447,2,0,-70
1755869082.0179446,-6,-3,-70
1755869082.0559447,-10,-2,-66
1755869082.0939443,-4,1,-77
1755869082.1299446,-4,7,-78
1755869082.1669445,-7,1,-70
1755869082.2059443,2,-1,-65
1755869082.2439446,1,-5,-73
1755869082.279945,3,0,-82
1755869082.3169446,-3,0,-72
1755869082.3559446,1,1,-72
1755869082.3919446,0,-5,-60
1755869082.4299445,1,3,-56
1755869082.4669447,1,0,-64
1755869082.5049446,-4,-1,-74
1755869082.5409446,0,-6,-81
1755869082.5789447,3,-3,-77
1755869082.6169446,-3,3,-73
1755869082.6559446,7,2,-77
1755869082.6919446,1,1,-78
1755869082.7299447,0,-2,-77
1755869082.7679446,-3,0,-70
1755869082.8059447,-7,-5,-88
1755869082.8449447,-2,-10,-72
1755869082.8809447,-4,-9,-77
1755869082.9189446,6,-5,-72
1755869082.9569447,-6,0,-71
1755869082.9959445,-6,2,-72
1755869083.0319445,-3,-2,-79
1755869083.0699446,-7,-1,-77
1755869083.1079447,-7,-1,-76
1755869083.1459446,-3,-1,-74
1755869083.1849446,-7,2,-64
1755869083.2209446,3,4,-67
1755869083.2579446,0,5,-75
1755869083.2959447,7,6,-77
1755869083.3319447,8,1,-69
1755869083.3689446,2,-4,-69
1755869083.4069445,0,-4,-73
1755869083.4459443,-13,-7,-72
1755869083.4819446,-7,-9,-74
1755869083.519945,0,2,-73
1755869083.5569446,-2,-2,-87
1755869083.5959446,-13,0,-80
1755869083.631945,-7,-8,-73
1755869083.6699443,-6,-1,-68
1755869083.7079446,-6,1,-63
1755869083.746945,-8,3,-56
1755869083.7849443,-4,0,-71
1755869083.8209443,0,1,-77
1755869083.8579447,2,1,-79
1755869083.8959446,8,-5,-70
1755869083.9319446,6,0,-82
1755869083.9689443,-1,2,-70
1755869084.006945,-2,-6,-85
1755869084.0459447,-3,-4,-74
1755869084.0819447,-3,-1,-77
1755869084.1199446,0,0,-69
1755869084.157945,-5,4,-65
1755869084.1969447,1,5,-70
1755869084.2329447,2,-1,-76
1755869084.269945,9,1,-76
1755869084.3069446,0,0,-75
1755869084.3429446,5,4,-75
1755869084.3809447,3,4,-71
1755869084.417945,2,3,-74
1755869084.4559443,1,-1,-67
1755869084.4919446,10,-2,-63
1755869084.5289447,9,-1,-67
1755869084.5669446,2,-1,-70
1755869084.6059446,-1,-7,-66
1755869084.6419446,-3,0,-70
1755869084.6799445,-10,-1,-84
1755869084.7179446,1,-3,-63
1755869084.756945,-9,0,-61
1755869084.792945,-9,-2,-65
1755869084.8309443,-8,0,-67
1755869084.8689446,-13,-1,-71
1755869084.9069445,0,-5,-77
1755869084.9459443,4,-1,-88
1755869084.9819446,3,-5,-81
1755869085.0189445,5,-4,-74
1755869085.0579443,-8,-4,-77
1755869085.0959446,-9,-4,-65
1755869085.131945,-2,-5,-76
1755869085.1699443,1,-4,-68
1755869085.2079446,-7,-5,-76
1755869085.246945,0,2,-82
1755869085.282945,-4,4,-81
1755869085.3209443,0,8,-80
1755869085.3579447,3,4,-75
1755869085.3959446,2,0,-74
1755869085.4319446,6,-1,-78
1755869085.4689443,-5,0,-80
1755869085.5079446,-3,-1,-80
1755869085.5459447,-4,0,-79
1755869085.5819447,-5,2,-71
1755869085.6199446,5,-1,-70
1755869085.657945,2,3,-65
1755869085.6959443,0,2,-77
1755869085.7319446,-1,-5,-70
1755869085.769945,2,-5,-74
1755869085.8079443,-3,0,-75
1755869085.8469446,3,7,-71
1755869085.8829446,5,4,-71
1755869085.9199443,6,1,-75
1755869085.9579446,-1,-4,-70
1755869085.996945,-5,4,-73
1755869086.032945,4,3,-78
1755869086.0699446,5,3,-80
1755869086.1079447,-5,8,-80
1755869086.1439445,-3,-3,-69
1755869086.1829443,-1,0,-75
1755869086.2209446,0,2,-69
1755869086.2579446,3,4,-73
1755869086.2939446,3,0,-78
1755869086.3319447,1,4,-75
1755869086.3709445,-4,4,-80
1755869086.407945,0,5,-83
1755869086.4469447,-3,4,-69
1755869086.4829447,-2,-10,-72
1755869086.5209446,1,-10,-72
1755869086.5589447,2,-7,-75
1755869086.5979445,5,-3,-70
1755869086.6339445,3,-1,-72
1755869086.6709447,3,2,-72
1755869086.7079446,2,7,-78
1755869086.7439446,1,2,-85
1755869086.7819445,-3,0,-76
1755869086.8209443,2,0,-66
1755869086.858945,0,-1,-63
1755869086.8969443,3,3,-75
1755869086.9329443,-2,0,-75
1755869086.9709446,2,-3,-74
1755869087.0089445,2,0,-74
1755869087.0469446,0,-11,-69
1755869087.0829446,0,-9,-79
1755869087.1209445,2,-3,-89
1755869087.1589446,3,1,-84
1755869087.1969447,6,-8,-67
1755869087.2329447,6,-1,-72
1755869087.269945,1,-6,-80
1755869087.3089447,1,0,-83
1755869087.3469446,0,0,-82
1755869087.3829446,0,-8,-78
1755869087.4199443,0,-1,-82
1755869087.4589446,6,5,-78
1755869087.496945,5,4,-76
1755869087.532945,10,-3,-81
1755869087.5699446,5,-1,-65
1755869087.608945,-2,6,-74
1755869087.6469443,0,6,-74
1755869087.6829443,2,1,-84
1755869087.7199447,-5,3,-79
1755869087.7589445,-10,2,-67
1755869087.7969446,-7,5,-71
1755869087.8329446,-4,7,-62
1755869087.871945,2,0,-66
1755869087.9089446,-6,0,-78
1755869087.9479446,0,3,-74
1755869087.983945,0,-2,-76
1755869088.0219443,0,2,-74
1755869088.0589447,-5,4,-64
1755869088.0979445,5,1,-67
1755869088.1339445,3,0,-73
1755869088.1719446,3,1,-76
1755869088.2089446,-3,-3,-80
1755869088.2479446,4,0,-88
1755869088.2839446,8,-2,-86
1755869088.3209443,2,2,-75
1755869088.358945,1,1,-68
1755869088.3979447,8,0,-73
1755869088.4339447,7,0,-77
1755869088.4719446,4,-4,-68
1755869088.5089445,0,-9,-63
1755869088.5479443,1,-4,-67
1755869088.5839446,2,-1,-66
1755869088.6209445,-2,-1,-73
1755869088.6599443,0,3,-73
1755869088.6979446,0,6,-75
1755869088.733945,-2,3,-68
1755869088.7719443,-3,0,-66
1755869088.8149445,-3,1,-63
1755869088.8529446,-1,3,-71
1755869088.8909447,1,2,-79
1755869088.9289446,2,7,-74
1755869088.9649446,-2,8,-68
1755869089.0029447,-8,-4,-73
1755869089.0409446,-1,9,-76
1755869089.0799446,-3,-3,-69
1755869089.1179447,0,-1,-76
1755869089.1539447,6,-2,-79
1755869089.190945,2,1,-70
1755869089.2289443,4,2,-67
1755869089.2649446,2,-2,-60
1755869089.3019447,4,0,-65
1755869089.3399446,9,3,-73
1755869089.3789446,2,-1,-84
1755869089.4149446,1,-3,-67
1755869089.4519446,-2,0,-81
1755869089.4899447,2,0,-87
1755869089.5279446,-5,2,-77
1755869089.5649445,1,2,-77
1755869089.6019447,3,5,-77
1755869089.6399446,-4,6,-79
1755869089.6759446,-1,1,-76
1755869089.7129445,-3,0,-69
1755869089.7519443,3,0,-55
1755869089.7899446,6,3,-65
1755869089.825945,0,-3,-68
1755869089.8629446,3,2,-82
1755869089.9009447,3,0,-81
1755869089.9399445,0,0,-79
1755869089.9759445,2,-8,-79
1755869090.0129447,3,-6,-74
1755869090.0509446,-1,0,-63
1755869090.0899446,-3,5,-77
1755869090.1259446,9,4,-57
1755869090.1629446,6,3,-74
1755869090.2019446,8,0,-77
1755869090.2399447,3,-1,-82
1755869090.2759447,2,2,-84
1755869090.312945,-1,-5,-78
1755869090.3509445,-3,-1,-72
1755869090.3899446,-6,-1,-70
1755869090.4259446,-9,-3,-77
1755869090.463945,-4,3,-81
1755869090.5019443,6,0,-77
1755869090.5399446,0,1,-71
1755869090.575945,3,0,-73
1755869090.6139443,9,-6,-68
1755869090.6509447,0,-2,-70
1755869090.6899445,4,-4,-71
1755869090.7259445,-2,-4,-68
1755869090.7639446,-1,5,-69
1755869090.8019447,2,1,-71
1755869090.8409443,0,-1,-59
1755869090.8789446,3,-4,-74
1755869090.9149446,-5,0,-77
1755869090.9529445,-3,-3,-71
1755869090.9909446,-1,0,-58
1755869091.029945,0,0,-73
1755869091.065945,1,2,-72
1755869091.1029446,-3,4,-70
1755869091.1409447,-3,1,-86
1755869091.1799445,-9,-3,-80
1755869091.2159443,1,-4,-79
1755869091.2539446,-2,3,-67
1755869091.2919445,-1,3,-70
1755869091.3309443,5,2,-72
1755869091.3689446,0,-3,-82
1755869091.404945,-4,1,-75
1755869091.4419446,-5,2,-76
1755869091.4809446,4,1,-81
1755869091.5169446,3,4,-77
1755869091.5539446,0,-2,-76
1755869091.5919447,1,-3,-67
1755869091.6309447,-2,0,-67
1755869091.6669445,0,-3,-70
1755869091.7039447,4,-4,-76
1755869091.7419446,4,-1,-67
1755869091.7809446,6,-4,-74
1755869091.8169446,14,5,-70
1755869091.8539443,-1,0,-69
1755869091.8919446,-2,0,-74
1755869091.9309447,-6,1,-76
1755869091.9669447,-1,2,-74
1755869092.0039446,-5,2,-82
1755869092.0419445,-3,-1,-73
1755869092.0809443,0,-5,-70
1755869092.1169446,-1,-1,-78
1755869092.1559446,-2,-1,-72
1755869092.1929443,5,-3,-68
1755869092.2319446,4,-1,-75
1755869092.269945,1,2,-81
1755869092.3059447,0,6,-70
1755869092.3439443,0,0,-80
1755869092.381945,4,1,-76
1755869092.4199443,0,1,-79
1755869092.4559443,1,3,-70
1755869092.4929447,2,7,-64
1755869092.5319445,5,3,-71
1755869092.5699446,-1,6,-77
1755869092.6059446,5,7,-78
1755869092.6429446,2,6,-78
1755869092.6809447,1,-1,-72
1755869092.7169447,7,-2,-62
1755869092.7539446,1,10,-68
1755869092.7919445,4,0,-62
1755869092.8299446,1,6,-70
1755869092.8659446,5,0,-77
1755869092.9039447,0,0,-76
1755869092.9419446,0,-3,-86
1755869092.9799447,0,2,-82
1755869093.0159447,0,0,-73
1755869093.0539446,2,-3,-66
1755869093.0919447,7,2,-83
1755869093.1309447,-4,-1,-67
1755869093.1669445,-10,-4,-74
1755869093.2049446,2,0,-75
1755869093.2429447,0,-1,-75
1755869093.2819445,0,0,-79
1755869093.3179443,-1,-2,-79
1755869093.3559446,0,0,-67
1755869093.3929446,1,-4,-78
1755869093.4319446,-4,-8,-71
1755869093.4679446,-3,-8,-75
1755869093.5059447,1,-5,-75
1755869093.5449443,5,2,-69
1755869093.5819447,0,-4,-66
1755869093.6209445,5,-1,-76
1755869093.6569445,4,-2,-82
1755869093.6949446,-2,0,-79
1755869093.733945,-5,-6,-72
1755869093.7719443,1,2,-79
1755869093.8079443,-1,0,-66
1755869093.8449447,-4,-9,-63
1755869093.8839445,5,0,-85
1755869093.9219446,4,-2,-64
1755869093.9579446,1,-3,-68
1755869093.9959445,-3,-7,-71
1755869094.0339446,-2,-1,-81
1755869094.0729446,2,4,-68
1755869094.1109445,4,-1,-69
1755869094.1469443,13,1,-77
1755869094.1839447,3,-3,-77
1755869094.2229445,1,-3,-72
1755869094.2609446,-3,-2,-76
1755869094.2969446,-8,-2,-77
1755869094.3349447,-1,-8,-71
1755869094.3729446,0,-3,-71
1755869094.4119446,-1,0,-61
1755869094.4479446,0,-1,-63
1755869094.4859445,-2,1,-64
1755869094.5239446,1,7,-60
1755869094.562945,5,-2,-67
1755869094.6009445,9,-3,-73
1755869094.6369443,8,1,-76
1755869094.6739447,4,-3,-75
1755869094.7129445,0,-4,-66
1755869094.7509446,3,0,-69
1755869094.7869446,0,0,-67
1755869094.8239446,0,0,-73
1755869094.861945,2,3,-75
1755869094.8979447,0,0,-74
1755869094.9349446,0,1,-85
1755869094.9729445,-3,-2,-84
1755869095.0089445,0,-4,-67
1755869095.0459447,-3,-5,-67
1755869095.0839446,-2,-4,-69
1755869095.1229446,1,-6,-75
1755869095.1589446,1,-4,-81
1755869095.1959443,-2,-1,-71
1755869095.233945,0,-7,-77
1755869095.2729447,-1,2,-86
1755869095.3089447,4,-4,-83
1755869095.3459446,11,-1,-79
1755869095.3839445,4,0,-62
1755869095.4229443,3,0,-68
1755869095.4589446,0,0,-68
1755869095.4959445,3,3,-79
1755869095.532945,7,-1,-82
1755869095.5719447,-6,0,-71
1755869095.6079447,-5,0,-78
1755869095.6459446,-3,2,-65
1755869095.6839447,-8,0,-68
1755869095.7229445,-3,-5,-76
1755869095.7589445,2,-2,-76
1755869095.7959447,1,-1,-76
1755869095.8349447,-1,0,-64
1755869095.8729446,6,-1,-74
1755869095.9089446,4,-3,-77
1755869095.9459443,4,-4,-74
1755869095.9849446,0,-6,-75
1755869096.0229447,1,-2,-82
1755869096.0589447,1,2,-73
1755869096.0959446,3,4,-84
1755869096.1339445,-1,0,-79
1755869096.1719446,7,5,-64
1755869096.2079446,-4,-4,-62
1755869096.2459445,-6,-1,-72
1755869096.2849443,0,-5,-63
1755869096.3229446,0,2,-72
1755869096.358945,0,0,-72
1755869096.3959446,2,-2,-62
1755869096.4339447,0,-5,-58
1755869096.4729445,6,2,-72
1755869096.5089445,7,3,-76
1755869096.5459447,5,0,-79
1755869096.5849447,4,8,-65
1755869096.6229446,1,6,-55
1755869096.6589446,2,5,-63
1755869096.6959443,2,7,-57
1755869096.733945,-2,2,-74
1755869096.7719443,-1,3,-64
1755869096.8079443,0,-3,-68
1755869096.8459446,2,-1,-71
1755869096.8839445,-1,-4,-69
1755869096.9229443,-5,2,-78
1755869096.9589446,-2,2,-81
1755869096.9959445,0,-2,-71
1755869097.0339446,-5,0,-73
1755869097.0729446,-6,0,-68
1755869097.108945,-6,0,-75
1755869097.1469443,0,3,-66
1755869097.1839447,0,1,-69
1755869097.2199447,3,-1,-75
1755869097.256945,-1,4,-69
1755869097.2949443,2,-1,-76
1755869097.3339446,2,1,-78
1755869097.3699446,4,3,-70
1755869097.4069445,-2,0,-67
1755869097.4449446,2,1,-72
1755869097.4829447,-5,-2,-64
1755869097.5189445,-5,-1,-62
1755869097.5569446,-1,2,-64
1755869097.5949447,3,1,-78
1755869097.6329446,-6,1,-79
1755869097.6689446,1,2,-72
1755869097.7059443,9,0,-75
1755869097.7439446,7,1,-81
1755869097.779945,0,1,-74
1755869097.8169446,-3,6,-78
1755869097.8559446,-4,3,-66
1755869097.8939445,-1,4,-79
1755869097.9299445,-4,2,-74
1755869097.9669447,-9,-7,-76
1755869098.0059447,-4,1,-80
1755869098.0439446,1,0,-78
1755869098.0829446,5,-3,-62
1755869098.1189446,5,0,-72
1755869098.1559446,-2,2,-78
1755869098.1949446,0,6,-69
1755869098.2329447,3,-3,-71
1755869098.2689445,2,-3,-66
1755869098.3059447,1,-3,-61
1755869098.3449447,3,6,-73
1755869098.3829446,2,4,-78
1755869098.4189446,3,-1,-85
1755869098.4559443,6,-4,-82
1755869098.4949446,-2,-2,-84
1755869098.532945,-8,0,-79
1755869098.5689447,-8,4,-76
1755869098.6059446,-1,10,-70
1755869098.644945,1,6,-77
1755869098.6809447,8,6,-67
1755869098.7179446,0,0,-75
1755869098.7549446,0,-1,-82
1755869098.7939446,3,-3,-81
1755869098.8379445,0,0,-85
1755869098.8759446,0,-1,-68
1755869098.9149446,0,-2,-69
1755869098.950945,3,-2,-81
1755869098.9879446,5,2,-77
1755869099.0259447,2,1,-65
1755869099.0649445,-11,5,-73
1755869099.1009445,-2,3,-82
1755869099.1399446,-3,-1,-82
1755869099.1769447,-4,7,-79
1755869099.2149446,-3,0,-80
1755869099.2539446,6,2,-70
1755869099.2899446,8,0,-69
1755869099.3269446,1,-1,-78
1755869099.3649447,4,1,-90
1755869099.4039447,2,0,-81
1755869099.4399445,10,-7,-84
1755869099.4769447,0,2,-78
1755869099.5159447,0,0,-69
1755869099.5539446,-2,-5,-77
1755869099.5899446,-1,0,-86
1755869099.6269443,1,-1,-89
1755869099.6659446,6,-2,-80
1755869099.7039447,-1,4,-72
1755869099.7399447,-1,2,-75
1755869099.7779446,2,8,-78
1755869099.815945,4,3,-77
1755869099.8539443,-2,6,-65
1755869099.8899446,0,3,-74
1755869099.927945,3,-1,-90
1755869099.9659443,5,-4,-83
1755869100.0039446,-3,-1,-87
1755869100.0399446,0,0,-74
1755869100.0779445,0,0,-73
1755869100.1159446,0,1,-82
1755869100.1539447,-1,-4,-79
1755869100.1899445,-8,-1,-86
1755869100.2279446,-3,4,-87
1755869100.2659447,4,3,-76
1755869100.3039446,3,0,-81
1755869100.3399446,4,-4,-82
1755869100.3769443,0,-4,-75
1755869100.4159446,7,-6,-76
1755869100.4519446,1,1,-81
1755869100.4889443,-5,0,-76
1755869100.5279446,-1,3,-69
1755869100.565945,2,8,-85
1755869100.6019447,2,4,-87
1755869100.6389446,0,-4,-77
1755869100.677945,0,0,-65
1755869100.7159443,-2,2,-58
1755869100.7519443,-1,6,-63
1755869100.7889447,-7,0,-63
1755869100.8269446,3,1,-73
1755869100.8649447,0,0,-74
1755869100.9009447,-1,-3,-84
1755869100.9389446,8,1,-74
1755869100.9769447,3,1,-70
1755869101.0159447,-5,5,-73
1755869101.0519447,-1,4,-74
1755869101.088945,0,-2,-73
1755869101.1279447,1,-2,-74
1755869101.1659446,-2,-3,-66
1755869101.2019446,-6,-4,-73
1755869101.2399447,0,0,-71
1755869101.2779446,-3,4,-65
1755869101.3169446,2,1,-78
1755869101.3549447,0,0,-73
1755869101.3909447,0,0,-70
1755869101.427945,-4,1,-62
1755869101.4669447,-5,-1,-67
1755869101.5049446,1,-6,-71
1755869101.5409446,-3,-6,-75
1755869101.5789447,4,-6,-80
1755869101.6169446,5,7,-88
1755869101.654945,5,0,-72
1755869101.690945,6,-2,-73
1755869101.7279446,3,-7,-69
1755869101.7669446,3,1,-77
1755869101.8049445,-1,1,-69
1755869101.8409443,0,-2,-80
1755869101.8789446,2,-4,-88
1755869101.9169445,3,-7,-77
1755869101.9549446,3,0,-73
1755869101.9909446,1,-3,-84
1755869102.0289447,3,1,-77
1755869102.0669446,-3,-3,-65
1755869102.1049447,2,-2,-67
1755869102.1409447,5,4,-69
1755869102.177945,5,8,-73
1755869102.2169447,2,2,-81
1755869102.2529447,0,1,-84
1755869102.2899446,0,-3,-88
1755869102.3289447,-4,2,-83
1755869102.3669446,-6,2,-77
1755869102.4029446,0,4,-72
1755869102.4399445,-5,2,-81
1755869102.4789443,-2,2,-81
1755869102.5169446,-4,0,-73
1755869102.552945,2,-4,-71
1755869102.5909443,0,-4,-75
1755869102.6289446,1,0,-73
1755869102.6669445,-3,-1,-70
1755869102.7029445,-6,2,-64
1755869102.7399447,3,2,-66
1755869102.7769446,0,0,-71
1755869102.812945,3,-2,-73
1755869102.8499446,0,-3,-73
1755869102.8879447,5,0,-77
1755869102.9259446,2,-3,-77
1755869102.9619446,5,-6,-71
1755869102.9989443,5,-1,-74
1755869103.0379446,6,0,-72
1755869103.075945,0,-1,-82
1755869103.111945,-2,-5,-82
1755869103.1499443,4,-4,-86
1755869103.187945,4,7,-75
1755869103.2259445,3,0,-79
1755869103.2619443,2,1,-70
1755869103.2989447,0,9,-76
1755869103.3369446,-4,2,-75
1755869103.3729446,0,0,-63
1755869103.4099443,2,0,-75
1755869103.4479446,-3,-2,-79
1755869103.486945,-5,-2,-72
1755869103.5229447,1,-1,-72
1755869103.5609446,0,6,-73
1755869103.5979445,7,4,-71
1755869103.6369443,10,-3,-78
1755869103.6739447,1,0,-74
1755869103.710945,0,0,-67
1755869103.7479446,-3,2,-72
1755869103.7869446,-6,-2,-73
1755869103.8229446,-3,-7,-79
1755869103.8609445,-5,-10,-74
1755869103.8989446,-6,-3,-76
1755869103.937945,-3,1,-71
1755869103.973945,-3,3,-70
1755869104.0109446,0,-1,-71
1755869104.0489447,0,-6,-67
1755869104.0879445,-2,-3,-78
1755869104.1239443,7,-2,-73
1755869104.1619446,7,-4,-72
1755869104.1999447,4,0,-73
1755869104.2379446,2,-5,-75
1755869104.2739446,-1,-7,-76
1755869104.312945,1,1,-76
1755869104.3499446,-3,-7,-82
1755869104.3879447,-2,-6,-75
1755869104.4269447,6,1,-85
1755869104.4629445,-2,2,-78
1755869104.4999447,-5,8,-90
1755869104.5379446,-1,4,-79
1755869104.5769446,0,4,-80
1755869104.6129446,1,1,-75
1755869104.6499443,3,3,-69
1755869104.687945,4,-2,-73
1755869104.723945,-1,-5,-75
1755869104.7619443,-1,-7,-77
1755869104.7999446,1,-2,-73
1755869104.838945,7,-2,-86
1755869104.8769443,8,-2,-77
1755869104.9129446,-8,-3,-87
1755869104.950945,-7,0,-73
1755869104.9889443,0,-5,-77
1755869105.0279446,6,-8,-69
1755869105.0639446,1,-1,-62
1755869105.1009445,3,0,-70
1755869105.1389446,5,5,-79
1755869105.1769447,-1,4,-74
1755869105.2129445,-1,5,-64
1755869105.2509446,0,1,-69
1755869105.2889447,0,-4,-63
1755869105.3269446,5,-6,-64
1755869105.3629446,-1,-7,-63
1755869105.4009447,3,-3,-68
1755869105.4389446,7,-3,-68
1755869105.4779446,3,-10,-60
1755869105.5139446,4,-6,-73
1755869105.5509446,2,-5,-74
1755869105.588945,1,4,-73
1755869105.6269443,1,-1,-77
1755869105.6629446,11,0,-75
1755869105.6999447,9,-1,-75
1755869105.7389443,9,-3,-68
1755869105.7769446,1,-2,-67
1755869105.812945,1,-1,-76
1755869105.8499446,-3,0,-66
1755869105.8889446,0,1,-69
1755869105.9249446,0,-1,-68
1755869105.9619446,0,0,-72
1755869105.9999447,-1,0,-56
1755869106.0389447,-6,0,-67
1755869106.0749447,3,0,-79
1755869106.111945,0,4,-67
1755869106.1489446,4,-2,-71
1755869106.187945,0,-1,-64
1755869106.223945,0,2,-63
1755869106.2609446,-1,-4,-71
1755869106.2989447,0,-4,-73
1755869106.3379445,-3,-6,-75
1755869106.3739443,-7,0,-76
1755869106.4119446,-2,-2,-74
1755869106.4499447,-4,0,-79
1755869106.4889443,-9,0,-79
1755869106.5249443,-4,-3,-66
1755869106.5639446,0,0,-71
1755869106.6009445,0,-4,-75
1755869106.6399446,-5,0,-82
1755869106.677945,-4,-4,-75
1755869106.713945,-8,-3,-69
1755869106.7519443,-1,0,-64
1755869106.7899446,-1,0,-84
1755869106.8289447,5,0,-73
1755869106.8649447,-1,2,-78
1755869106.9019446,-3,0,-80
1755869106.9399445,0,0,-68
1755869106.9789443,0,-2,-64
1755869107.0149446,-3,-1,-59
1755869107.052945,-7,0,-74
1755869107.0909443,1,-5,-74
1755869107.1299446,1,-17,-74
1755869107.167945,0,-12,-65
1755869107.2039447,2,-7,-74
1755869107.2419446,2,-4,-78
1755869107.2809446,0,-5,-76
1755869107.3189447,-9,0,-76
1755869107.3549447,-2,7,-82
1755869107.3929446,0,8,-74
1755869107.4309447,-1,4,-74
1755869107.4699447,-5,0,-79
1755869107.5079446,-3,5,-75
1755869107.5439446,1,4,-67
1755869107.5809443,-4,-2,-83
1755869107.6199446,8,-5,-77
1755869107.6559446,4,-4,-69
1755869107.6939447,1,1,-80
1755869107.7309446,8,-1,-68
1755869107.769945,1,-2,-75
1755869107.8069446,-5,-3,-83
1755869107.8439443,-4,1,-78
1755869107.881945,-1,-3,-72
1755869107.9199443,1,0,-73
1755869107.9569447,0,-4,-72
1755869107.9939446,6,5,-66
1755869108.0309446,-5,-6,-70
1755869108.0699446,2,5,-84
1755869108.1069446,3,-2,-74
1755869108.1439445,3,-4,-82
1755869108.1819446,0,2,-79
1755869108.2199447,-1,-3,-72
1755869108.2589445,0,-7,-73
1755869108.2949443,5,0,-85
1755869108.3319447,5,-4,-83
1755869108.3709445,0,0,-76
1755869108.4089446,0,0,-77
1755869108.4449446,0,-4,-64
1755869108.4819446,0,-7,-69
1755869108.5209446,2,-2,-70
1755869108.5589447,5,-1,-71
1755869108.5949447,5,-4,-68
1755869108.631945,-6,-2,-64
1755869108.6709447,-8,-2,-72
1755869108.7089446,-10,1,-69
1755869108.7449446,0,-2,-67
1755869108.7819445,-1,2,-76
1755869108.8209443,-2,7,-84
1755869108.8649447,2,4,-75
1755869108.9029446,-1,-3,-77
1755869108.940945,2,-1,-86
1755869108.9799447,3,-3,-75
1755869109.0159447,0,-4,-65
1755869109.0539446,1,-4,-70
1755869109.0919447,9,5,-68
1755869109.1299446,4,-2,-81
1755869109.1659446,0,-5,-79
1755869109.2039447,3,-2,-70
1755869109.2419446,-3,-6,-74
1755869109.2809446,-3,0,-65
1755869109.3189447,-6,1,-68
1755869109.3549447,-5,3,-66
1755869109.3929446,-3,0,-73
1755869109.4319446,3,3,-73
1755869109.4699447,-5,0,-66
1755869109.5059447,-5,-7,-62
1755869109.5439446,-5,-3,-72
1755869109.5819447,-2,1,-91
1755869109.6209445,1,4,-78
1755869109.6569445,2,-4,-81
1755869109.6949446,3,-5,-77
1755869109.7329447,-1,-8,-67
1755869109.7709446,-7,-4,-67
1755869109.8099446,-9,-4,-63
1755869109.8459446,-5,0,-72
1755869109.8839445,-3,1,-71
1755869109.9229443,-3,0,-76
1755869109.960945,-5,4,-84
1755869109.996945,-3,3,-74
1755869110.0339446,-4,7,-65
1755869110.0719447,1,-1,-71
1755869110.1109445,5,0,-75
1755869110.1469443,7,-5,-77
1755869110.1839447,7,-1,-78
1755869110.2219446,0,0,-80
1755869110.2609446,4,-9,-77
1755869110.2969446,0,-2,-64
1755869110.3349447,1,-2,-65
1755869110.3729446,2,-2,-65
1755869110.4119446,0,-3,-70
1755869110.4499447,-6,-1,-63
1755869110.4859445,-9,-7,-65
1755869110.5239446,-3,-1,-71
1755869110.5619447,-7,2,-63
1755869110.6009445,-5,8,-71
1755869110.6369443,-5,2,-69
1755869110.6739447,-5,-2,-65
1755869110.7119446,-2,-2,-69
1755869110.7509446,1,-1,-74
1755869110.7869446,-8,-2,-82
1755869110.8249447,-3,-9,-79
1755869110.8629446,-2,-4,-83
1755869110.9019446,-7,-3,-82
1755869110.9399445,-6,-6,-74
1755869110.9759445,0,0,-74
1755869111.0129447,2,1,-70
1755869111.0509446,4,-2,-81
1755869111.0869446,7,-2,-74
1755869111.1249447,8,1,-71
1755869111.1619446,5,-3,-73
1755869111.200945,3,-2,-73
1755869111.236945,0,2,-71
1755869111.2749443,0,-2,-65
1755869111.3119447,0,0,-83
1755869111.348945,2,-2,-76
1755869111.3859446,0,6,-78
1755869111.4229443,-9,0,-74
1755869111.4619446,-3,-7,-74
1755869111.4979446,-3,-7,-69
1755869111.5359447,4,-5,-83
1755869111.5749447,-5,-4,-79
1755869111.611945,-9,-7,-73
1755869111.6509447,-3,0,-82
1755869111.6869447,3,-2,-75
1755869111.723945,4,0,-77
1755869111.7619443,0,-3,-59
1755869111.8009446,-4,-2,-79
1755869111.8369446,-2,-3,-72
1755869111.8749447,1,-2,-68
1755869111.9129446,0,-6,-78
1755869111.9519446,1,-1,-70
1755869111.9879446,3,-3,-65
1755869112.0249443,-4,5,-79
1755869112.062945,1,0,-74
1755869112.1019447,4,1,-79
1755869112.1379447,7,-2,-67
1755869112.1749446,6,0,-56
1755869112.2129445,3,-4,-71
1755869112.2509446,-3,-4,-70
1755869112.2869446,2,-1,-71
1755869112.3239446,-5,0,-71
1755869112.3629446,-6,-4,-71
1755869112.4009447,-10,-1,-65
1755869112.4369447,-7,0,-70
1755869112.473945,0,4,-75
1755869112.5119443,6,1,-68
1755869112.5479443,-1,-1,-75
1755869112.585945,3,-1,-74
1755869112.6239443,0,4,-84
1755869112.6619446,-1,2,-83
1755869112.6979446,-2,-5,-75
1755869112.7359445,0,0,-77
1755869112.7729447,4,1,-74
1755869112.8119447,0,0,-78
1755869112.8479445,-1,-8,-72
1755869112.8859446,-6,3,-72
1755869112.9239447,0,-4,-68
1755869112.9629445,-5,5,-68
1755869113.0009446,-5,-2,-65
1755869113.0369446,-6,-4,-66
1755869113.0749447,0,1,-71
1755869113.1129446,2,0,-83
1755869113.1519446,2,-1,-77
1755869113.187945,-2,-2,-77
1755869113.2259445,2,-4,-58
1755869113.2639446,-1,-4,-71
1755869113.302945,-5,0,-78
1755869113.338945,-1,-2,-87
1755869113.3769443,-2,-1,-85
1755869113.4149446,-1,0,-77
1755869113.4529445,-3,3,-61
1755869113.4919446,-3,1,-64
1755869113.5279446,-6,-3,-59
1755869113.5669446,-2,3,-82
1755869113.6039443,-1,8,-89
1755869113.6429446,-12,8,-83
1755869113.6789446,-9,3,-69
1755869113.7169447,2,-3,-70
1755869113.7539446,0,-4,-71
1755869113.792945,2,0,-65
1755869113.8289447,-3,-1,-73
1755869113.8669446,0,3,-68
1755869113.9039447,0,2,-69
1755869113.9419446,-5,0,-67
1755869113.9779446,-7,2,-67
1755869114.0169446,-6,-1,-73
1755869114.0539446,0,2,-66
1755869114.0919447,0,2,-78
1755869114.1279447,0,8,-77
1755869114.1659446,1,3,-66
1755869114.2039447,3,-4,-63
1755869114.2429447,1,0,-70
1755869114.2789447,4,6,-75
1755869114.315945,-2,0,-69
1755869114.3539443,2,0,-60
1755869114.3919446,-1,2,-73
1755869114.427945,-3,2,-74
1755869114.4659443,0,-1,-62
1755869114.5039446,1,2,-69
1755869114.5419445,3,2,-72
1755869114.5779445,0,3,-65
1755869114.6159446,1,-2,-58
1755869114.6539447,0,-4,-71
1755869114.6929443,-5,0,-78
1755869114.7289443,1,2,-75
1755869114.7659447,-5,4,-68
1755869114.8039446,-3,5,-67
1755869114.8429446,1,-1,-76
1755869114.8789446,3,0,-72
1755869114.9159446,7,2,-79
1755869114.9539447,0,2,-76
1755869114.9899447,-4,4,-75
1755869115.0269446,-10,-2,-74
1755869115.0649445,-1,3,-74
1755869115.1039443,-9,-4,-79
1755869115.1399446,-4,-6,-81
1755869115.177945,-1,-4,-80
1755869115.2159443,-4,6,-70
1755869115.2539446,-3,0,-68
1755869115.292945,-14,-6,-72
1755869115.3289447,-4,-2,-81
1755869115.3679447,-6,-4,-82
1755869115.404945,0,-2,-74
1755869115.4439447,-1,-6,-73
1755869115.4799447,-1,-4,-77
1755869115.5179446,1,-2,-78
1755869115.5559447,-2,-2,-73
1755869115.5949447,2,0,-77
1755869115.6329446,-2,-1,-72
1755869115.6689446,-8,-4,-67
1755869115.7069447,-3,-1,-57
1755869115.7449446,-5,0,-69
1755869115.7839446,-7,2,-74
1755869115.8199446,-2,0,-75
1755869115.8569446,-3,0,-75
1755869115.894945,12,2,-62
1755869115.9339447,-4,-1,-62
1755869115.9699447,-4,4,-83
1755869116.006945,-5,0,-83
1755869116.0449443,-2,0,-66
1755869116.0839446,0,6,-73
1755869116.1199446,0,5,-74
1755869116.1569445,2,-2,-78
1755869116.1949446,4,0,-81
1755869116.2329447,2,-6,-94
1755869116.2689445,-2,-6,-78
1755869116.3069446,2,1,-82
1755869116.3449447,1,0,-71
1755869116.3829446,2,1,-66
1755869116.4189446,3,6,-65
1755869116.4559443,12,7,-57
1755869116.4939446,7,-2,-73
1755869116.529945,4,-1,-75
1755869116.5679443,1,0,-79
1755869116.6049447,0,3,-67
1755869116.6409447,-1,-1,-62
1755869116.6789446,-5,0,-72
1755869116.7169447,-5,-1,-80
1755869116.7549446,-1,-3,-74
1755869116.7939446,-8,0,-64
1755869116.8299446,-2,0,-69
1755869116.8669446,-3,5,-60
1755869116.904945,-5,6,-73
1755869116.9439447,-4,-3,-72
1755869116.9799447,-6,-3,-79
1755869117.0189445,-3,0,-61
1755869117.0559447,-2,4,-67
1755869117.0949447,-1,2,-74
1755869117.1309447,8,-1,-61
1755869117.1689446,4,0,-70
1755869117.2059443,4,1,-72
1755869117.2439446,-4,0,-76
1755869117.279945,2,-1,-71
1755869117.3169446,2,0,-66
1755869117.3549447,0,-2,-66
1755869117.3909447,-2,-4,-70
1755869117.4289446,6,-3,-74
1755869117.4669447,6,1,-83
1755869117.5049446,4,0,-87
1755869117.5409446,1,0,-79
1755869117.5779445,-1,4,-83
1755869117.6159446,2,1,-78
1755869117.654945,0,-3,-79
1755869117.690945,0,0,-78
1755869117.7279446,3,-1,-69
1755869117.7659447,-6,6,-66
1755869117.8049445,-3,1,-66
1755869117.8409443,-6,2,-62
1755869117.8789446,-9,1,-73
1755869117.9169445,-5,-1,-75
1755869117.9559443,-1,6,-78
1755869117.9939446,4,3,-73
1755869118.029945,3,3,-76
1755869118.0669446,10,4,-84
1755869118.1049447,8,0,-70
1755869118.1409447,2,-1,-65
1755869118.177945,0,4,-69
1755869118.2159443,2,7,-72
1755869118.2539446,5,6,-71
1755869118.2899446,5,1,-83
1755869118.3269446,-1,1,-75
1755869118.3659446,1,-3,-83
1755869118.4019446,-1,-2,-87
1755869118.4399445,-3,-7,-82
1755869118.4779446,-1,0,-80
1755869118.5159447,3,3,-76
1755869118.5519447,5,0,-67
1755869118.5899446,0,0,-62
1755869118.6279447,-11,-2,-82
1755869118.6659446,-9,-1,-84
1755869118.7019446,1,-2,-79
1755869118.7389443,-3,5,-82
1755869118.7779446,-9,0,-78
1755869118.815945,-4,1,-79
1755869118.8519447,-7,0,-74
1755869118.8979447,-4,1,-75
1755869118.9359446,2,-3,-80
1755869118.9719446,5,2,-84
1755869119.0089445,2,-2,-74
1755869119.0469446,7,2,-64
1755869119.0849447,2,2,-74
1755869119.121945,-4,0,-78
1755869119.1589446,-2,0,-81
1755869119.1969447,2,4,-81
1755869119.2349446,1,0,-82
1755869119.2709446,0,7,-79
1755869119.3079443,1,2,-63
1755869119.3459446,3,-1,-73
1755869119.381945,2,-5,-62
1755869119.4199443,7,-6,-73
1755869119.4579446,-6,0,-77
1755869119.496945,-6,-2,-67
1755869119.5349443,-2,-2,-84
1755869119.5709443,1,-4,-80
1755869119.608945,6,-3,-64
1755869119.6469443,-3,2,-74
1755869119.6859446,0,0,-78
1755869119.7219446,-1,0,-72
1755869119.7589445,0,2,-65
1755869119.7969446,-9,-7,-68
1755869119.835945,-1,-7,-72
1755869119.871945,2,-2,-75
1755869119.9089446,4,-6,-71
1755869119.9469447,10,2,-68
1755869119.9859445,5,-1,-67
1755869120.0219443,6,-12,-72
1755869120.0589447,-1,-4,-62
1755869120.0969446,-6,-2,-80
1755869120.1359446,3,-5,-87
1755869120.1719446,5,-2,-88
1755869120.2089446,2,0,-89
1755869120.246945,-2,3,-63
1755869120.282945,-2,-1,-70
1755869120.3209443,-3,1,-77
1755869120.358945,1,1,-73
1755869120.3969443,3,-2,-75
1755869120.4329443,12,-6,-80
1755869120.4699447,6,0,-75
1755869120.5079446,3,-7,-74
1755869120.5469446,-2,-4,-84
1755869120.5829446,-6,3,-74
1755869120.6199446,-1,3,-72
1755869120.657945,-6,2,-71
1755869120.6969447,-7,0,-70
1755869120.7329447,0,-3,-72
1755869120.769945,2,0,-74
1755869120.8069446,4,-2,-67
1755869120.8459446,6,-6,-63
1755869120.881945,6,-5,-73
1755869120.9189446,-1,-1,-66
1755869120.9579446,-5,-4,-76
1755869120.9959445,0,-4,-77
1755869121.0319445,9,-1,-81
1755869121.0689447,3,6,-72
1755869121.1079447,-1,-1,-81
1755869121.1459446,1,1,-84
1755869121.1819446,0,0,-80
1755869121.2189443,-3,-3,-78
1755869121.2579446,4,-5,-78
1755869121.2959447,4,-3,-74
1755869121.3319447,0,0,-65
1755869121.3699446,2,1,-68
1755869121.407945,-2,0,-73
1755869121.4459443,-1,0,-82
1755869121.4819446,-1,-7,-75
1755869121.519945,1,-3,-84
1755869121.5579443,4,-1,-69
1755869121.5969446,2,-6,-86
1755869121.6329446,-1,-5,-80
1755869121.6709447,6,-4,-72
1755869121.7089446,-1,0,-76
1755869121.7479446,2,-1,-68
1755869121.7859447,9,4,-74
1755869121.8219447,11,4,-87
1755869121.858945,7,-1,-75
1755869121.8979447,1,3,-75
1755869121.9339447,0,-3,-72
1755869121.9709446,-3,1,-76
1755869122.0089445,6,-7,-73
1755869122.0479443,-3,0,-68
1755869122.0839446,-8,-4,-77
1755869122.121945,-4,2,-71
1755869122.1599443,6,0,-61
1755869122.1979446,13,7,-77
1755869122.233945,2,10,-82
1755869122.2709446,5,0,-84
1755869122.3079443,6,0,-84
1755869122.3439443,9,-4,-80
1755869122.3809447,-4,-3,-83
1755869122.4189446,1,0,-75
1755869122.4569447,7,3,-77
1755869122.4929447,8,-6,-68
1755869122.529945,1,-3,-69
1755869122.5689447,3,0,-71
1755869122.6069446,6,2,-73
1755869122.6429446,4,2,-70
1755869122.6799445,0,0,-75
1755869122.7179446,9,-4,-72
1755869122.7539446,0,1,-69
1755869122.7909446,-6,-5,-77
1755869122.8289447,-1,-3,-85
1755869122.8679447,-3,-1,-77
1755869122.9039447,1,2,-71
1755869122.940945,-1,3,-78
1755869122.9789443,0,0,-79
1755869123.0179446,-1,2,-78
1755869123.0539446,4,1,-79
1755869123.0909443,10,0,-62
1755869123.1289446,7,-3,-84
1755869123.1669445,1,3,-84
1755869123.2029445,-2,2,-82
1755869123.2409446,1,4,-77
1755869123.2789447,-2,3,-72
1755869123.3169446,3,0,-79
1755869123.3529446,5,-1,-76
1755869123.3909447,-2,-4,-76
1755869123.4299445,7,0,-66
1755869123.4679446,-5,0,-77
1755869123.5039446,-3,0,-87
1755869123.5419445,-2,0,-77
1755869123.5799446,2,3,-74
1755869123.6179447,0,3,-71
1755869123.6539447,5,-2,-82
1755869123.6919446,4,2,-75
1755869123.7299447,3,-1,-84
1755869123.7679446,6,-9,-77
1755869123.8039446,10,-1,-73
1755869123.8409443,8,-7,-74
1755869123.8799446,4,-11,-71
1755869123.917945,-4,-5,-88
1755869123.9539447,-3,-8,-83
1755869123.9919446,10,0,-76
1755869124.029945,1,-4,-81
1755869124.0689447,5,-5,-90
1755869124.1049447,1,-1,-79
1755869124.1419446,-1,2,-72
1755869124.1799445,1,-3,-72
1755869124.2189443,3,-1,-68
1755869124.2549446,3,0,-81
1755869124.2919445,0,2,-80
1755869124.3299446,3,6,-73
1755869124.3679447,9,4,-73
1755869124.4039447,4,0,-66
1755869124.440945,-4,4,-58
1755869124.4799447,0,0,-67
1755869124.5179446,-5,-4,-75
1755869124.5539446,1,-4,-78
1755869124.5909443,0,-2,-80
1755869124.6299446,7,-7,-71
1755869124.667945,5,2,-70
1755869124.7049446,4,-3,-75
1755869124.7419446,3,-6,-73
1755869124.779945,-1,-2,-76
1755869124.8189447,-1,-3,-78
1755869124.8549447,-9,0,-84
1755869124.8919446,0,-4,-82
1755869124.9299445,-2,-5,-74
1755869124.9689443,8,-4,-73
1755869125.0049446,2,0,-76
1755869125.0419445,6,3,-84
1755869125.0799446,7,2,-74
1755869125.1179447,4,-1,-60
1755869125.154945,0,0,-69
1755869125.1919446,-2,1,-76
1755869125.2299447,0,0,-74
1755869125.2679446,-6,4,-75
1755869125.3039446,-3,2,-78
1755869125.3409443,-3,2,-77
1755869125.3799446,2,-1,-73
1755869125.417945,-4,-1,-81
1755869125.4539447,0,3,-76
1755869125.4919446,-1,-5,-65
1755869125.529945,-7,-5,-76
1755869125.565945,-5,-2,-71
1755869125.6049447,-4,-5,-68
1755869125.6419446,-4,2,-76
1755869125.6799445,0,1,-86
1755869125.7159443,3,-5,-81
1755869125.7529447,-7,0,-68
1755869125.7919445,1,-5,-77
1755869125.8299446,5,1,-86
1755869125.8659446,0,1,-84
1755869125.9029446,0,7,-73
1755869125.9399445,1,-1,-73
1755869125.9789443,2,0,-60
1755869126.0149446,0,0,-58
1755869126.0519447,0,1,-66
1755869126.0899446,-5,-4,-75
1755869126.1289446,-2,10,-85
1755869126.1649446,-4,4,-81
1755869126.2019446,1,-2,-67
1755869126.2399447,0,0,-66
1755869126.2789447,0,-7,-70
1755869126.3149445,2,-10,-80
1755869126.3529446,2,3,-66
1755869126.3909447,2,-2,-64
1755869126.4289446,2,-2,-66
1755869126.4649446,-3,-4,-69
1755869126.5039446,-5,-3,-69
1755869126.5419445,-1,3,-76
1755869126.5799446,9,5,-92
1755869126.6159446,4,7,-87
1755869126.654945,0,0,-79
1755869126.6919446,0,-2,-73
1755869126.7309446,1,1,-77
1755869126.7689445,1,-4,-80
1755869126.8049445,-2,-5,-68
1755869126.8429446,0,-1,-72
1755869126.8809447,-5,-2,-72
1755869126.9199443,3,-6,-66
1755869126.9559443,0,5,-73
1755869126.9929447,7,3,-67
1755869127.0309446,-1,-4,-74
1755869127.0689447,2,1,-77
1755869127.1049447,0,4,-77
1755869127.1419446,-7,-4,-71
1755869127.1809447,-1,-6,-73
1755869127.2189443,-6,-5,-73
1755869127.2559447,-12,-2,-59
1755869127.2939446,-10,-1,-69
1755869127.3319447,5,-4,-77
1755869127.3709445,3,2,-86
1755869127.4089446,0,-4,-79
1755869127.4449446,2,-5,-90
1755869127.4829447,-1,-1,-79
1755869127.5209446,-3,0,-78
1755869127.5599446,0,-3,-80
1755869127.5959446,-7,-2,-76
1755869127.6339445,-3,0,-64
1755869127.6719446,1,4,-74
1755869127.710945,0,0,-67
1755869127.746945,0,-6,-66
1755869127.7849443,-4,-8,-69
1755869127.8229446,-2,-13,-82
1755869127.8609445,7,-7,-73
1755869127.8999443,5,-8,-75
1755869127.9359446,-1,-7,-78
1755869127.973945,-4,-2,-73
1755869128.0119443,-2,-2,-75
1755869128.0509446,-3,0,-74
1755869128.0869446,-4,0,-79
1755869128.1249447,-6,1,-70
1755869128.1629446,2,-1,-76
1755869128.2019446,2,-9,-82
1755869128.2399447,1,-8,-69
1755869128.2759447,-3,1,-68
1755869128.312945,-2,0,-62
1755869128.3519447,-13,-1,-74
1755869128.3899446,0,2,-62
1755869128.4259446,1,1,-70
1755869128.4629445,-7,1,-65
1755869128.5019443,-8,1,-69
1755869128.5399446,7,1,-57
1755869128.575945,3,3,-56
1755869128.6129446,3,0,-63
1755869128.6509447,0,3,-74
1755869128.6869447,1,1,-83
1755869128.7259445,-7,-7,-87
1755869128.7629447,-2,-3,-78
1755869128.8019447,9,-1,-66
1755869128.8399446,4,-2,-71
1755869128.8759446,4,-2,-73
1755869128.9219446,3,-7,-62
1755869128.9599447,2,0,-66
1755869128.9959445,0,3,-81
1755869129.032945,2,-1,-77
1755869129.0719447,1,-1,-84
1755869129.1099446,-4,-3,-77
1755869129.1459446,-4,-3,-72
1755869129.1839447,5,-1,-78
1755869129.2219446,1,1,-74
1755869129.2579446,5,-3,-76
1755869129.2959447,8,0,-81
1755869129.3349447,7,-1,-76
1755869129.3729446,-5,1,-85
1755869129.4109447,0,1,-74
1755869129.4469447,1,4,-81
1755869129.483945,0,-2,-78
1755869129.5229447,-1,5,-82
1755869129.5609446,4,6,-85
1755869129.5969446,-4,1,-91
1755869129.6339445,-4,1,-71
1755869129.6719446,-5,5,-79
1755869129.710945,0,-1,-66
1755869129.746945,-4,0,-77
1755869129.7839446,-6,1,-82
1755869129.8229446,-4,1,-65
1755869129.8609445,-8,-6,-67
1755869129.8969443,-6,1,-71
1755869129.9339447,-9,0,-76
1755869129.9729445,2,2,-82
1755869130.0109446,-1,-8,-72
1755869130.0469446,-3,-5,-72
1755869130.0849447,-3,-5,-77
1755869130.1229446,3,4,-75
1755869130.1609447,3,4,-78
1755869130.1969447,0,5,-77
1755869130.233945,-3,4,-82
1755869130.2729447,-1,0,-72
1755869130.3109446,-5,-1,-69
1755869130.3469446,0,0,-77
1755869130.3839445,-7,7,-78
1755869130.4229443,-3,7,-67
1755869130.460945,-4,0,-81
1755869130.496945,-5,0,-68
1755869130.5349443,1,-2,-64
1755869130.5729446,3,-5,-82
1755869130.611945,1,-1,-70
1755869130.6479447,2,-3,-74
1755869130.6859446,-5,-9,-92
1755869130.723945,-4,-2,-78
1755869130.7629447,0,-5,-66
1755869130.8009446,1,0,-75
1755869130.8369446,3,-2,-87
1755869130.8749447,0,-5,-83
1755869130.9129446,0,-2,-81
1755869130.9519446,-1,-5,-82
1755869130.9879446,6,-5,-79
1755869131.0249443,2,-3,-63
1755869131.062945,-1,-3,-70
1755869131.1019447,-4,7,-75
1755869131.1379447,-1,0,-69
1755869131.1749446,-1,-2,-73
1755869131.2129445,1,0,-79
1755869131.2519443,-7,-5,-78
1755869131.2879446,-8,1,-83
1755869131.3249447,-1,-1,-75
1755869131.3629446,3,-3,-80
1755869131.4019446,0,-6,-83
1755869131.437945,-1,-4,-64
1755869131.4759445,-3,0,-77
1755869131.5139446,4,0,-67
1755869131.5519447,-6,4,-60
1755869131.5879445,-6,2,-68
1755869131.6249447,0,0,-65
1755869131.6629446,-4,-2,-65
1755869131.6989446,1,-4,-69
1755869131.7359445,2,-6,-77
1755869131.7739446,0,2,-62
1755869131.812945,7,-6,-68
1755869131.848945,0,-9,-60
1755869131.8859446,1,-1,-76
1755869131.9239447,-2,-2,-79
1755869131.9629445,3,-5,-72
1755869131.9989443,7,-2,-74
1755869132.0359447,-1,1,-74
1755869132.0739446,-2,-3,-75
1755869132.1129446,-3,-7,-70
1755869132.1489446,0,3,-63
1755869132.1859446,4,-3,-53
1755869132.223945,4,-4,-69
1755869132.2629447,0,0,-71
1755869132.2989447,1,7,-74
1755869132.335945,-1,0,-64
1755869132.3739443,0,-3,-79
1755869132.4129446,-3,-2,-71
1755869132.4489446,-3,0,-66
1755869132.4859445,3,-2,-84
1755869132.5239446,6,3,-66
1755869132.5619447,-4,1,-70
1755869132.5979445,-9,-2,-76
1755869132.6359446,-1,0,-66
1755869132.6739447,0,-9,-64
1755869132.7129445,-2,0,-70
1755869132.7489443,0,5,-63
1755869132.7859447,-3,0,-68
1755869132.8239446,-2,-5,-71
1755869132.8629446,2,-7,-76
1755869132.8989446,0,0,-70
1755869132.9359446,1,-1,-67
1755869132.973945,-3,0,-73
1755869133.0129447,-1,2,-74
1755869133.0489447,6,-2,-84
1755869133.085945,8,-1,-87
1755869133.1239443,4,0,-77
1755869133.1599443,5,0,-75
1755869133.1969447,0,-3,-75
1755869133.2349446,3,0,-77
1755869133.2739446,2,1,-76
1755869133.3099446,0,4,-73
1755869133.3469446,0,1,-71
1755869133.3839445,1,3,-82
1755869133.4199443,0,0,-83
1755869133.4569447,-4,0,-87
1755869133.4949446,-4,0,-79
1755869133.5339446,-4,2,-73
1755869133.5699446,-3,3,-75
1755869133.6069446,-2,1,-73
1755869133.644945,-2,-1,-68
1755869133.6839447,-6,2,-74
1755869133.7199447,-2,0,-69
1755869133.7579446,1,0,-69
1755869133.7949443,1,-4,-64
1755869133.8339446,0,-4,-67
1755869133.8699446,1,-10,-63
1755869133.9069445,-5,-4,-70
1755869133.9449446,-7,-5,-68
1755869133.983945,-1,0,-70
1755869134.019945,3,1,-72
1755869134.0569446,-2,-3,-71
1755869134.0949447,-1,-1,-71
1755869134.1339445,2,-8,-77
1755869134.1699443,-1,-10,-72
1755869134.2079446,3,-4,-73
1755869134.2459445,1,-7,-69
1755869134.2849443,5,0,-72
1755869134.3229446,3,-6,-76
1755869134.3599446,9,-4,-84
1755869134.3979447,0,-2,-83
1755869134.4349446,-6,4,-85
1755869134.473945,-1,2,-75
1755869134.509945,2,-3,-72
1755869134.5479443,5,-6,-82
1755869134.5849447,-6,0,-80
1755869134.6239443,-4,-5,-70
1755869134.6599443,0,0,-74
1755869134.6969447,1,0,-78
1755869134.7349446,0,4,-73
1755869134.7709446,-2,0,-73
1755869134.8089447,0,-1,-65
1755869134.8469446,0,6,-69
1755869134.884945,2,5,-76
1755869134.9209447,-5,4,-76
1755869134.9579446,-2,0,-76
1755869134.9959445,0,-7,-68
1755869135.0349443,5,0,-67
1755869135.0709443,-3,3,-63
1755869135.108945,1,-4,-66
1755869135.1469443,3,0,-83
1755869135.1849446,1,-3,-73
1755869135.223945,-1,-1,-71
1755869135.259945,0,-3,-70
1755869135.2969446,0,-1,-75
1755869135.335945,0,0,-71
1755869135.3739443,-4,0,-73
1755869135.4099443,0,0,-78
1755869135.4469447,5,2,-74
1755869135.4859445,0,7,-76
1755869135.5239446,7,2,-80
1755869135.5599446,2,2,-72
1755869135.5969446,-3,3,-78
1755869135.6359446,3,7,-75
1755869135.6739447,-2,0,-71
1755869135.7099447,-4,-1,-72
1755869135.7479446,1,0,-78
1755869135.7859447,-1,4,-79
1755869135.8239446,-3,0,-78
1755869135.8599446,2,-8,-74
1755869135.8969443,4,-4,-74
1755869135.9359446,4,-7,-72
1755869135.973945,5,-5,-75
1755869136.009945,6,-3,-74
1755869136.0469446,1,0,-82
1755869136.085945,0,3,-68
1755869136.1239443,0,0,-69
1755869136.1599443,-3,-4,-69
1755869136.1979446,-2,-4,-76
1755869136.236945,8,-3,-86
1755869136.2749443,9,-6,-79
1755869136.3109446,14,-7,-77
1755869136.3479445,4,-1,-71
1755869136.3869443,7,0,-85
1755869136.4249446,7,3,-73
1755869136.460945,5,-1,-75
1755869136.4979446,-6,-5,-77
1755869136.5359447,-3,7,-82
1755869136.5749447,-1,9,-76
1755869136.6109445,-5,5,-74
1755869136.6479447,-4,7,-69
1755869136.6869447,0,6,-72
1755869136.7249446,-1,-2,-67
1755869136.7609446,-5,-2,-66
1755869136.7989447,5,2,-61
1755869136.8369446,0,3,-70
1755869136.8749447,0,-3,-75
1755869136.9109447,-2,-9,-66
1755869136.9489446,2,-9,-67
1755869136.986945,-1,-4,-67
1755869137.0259447,3,1,-67
1755869137.0619447,2,0,-71
1755869137.0999446,5,-1,-67
1755869137.1369443,5,-4,-54
1755869137.1759446,5,0,-64
1755869137.2119446,0,0,-63
1755869137.2489443,0,-2,-71
1755869137.2869446,4,-3,-79
1755869137.325945,-2,0,-75
1755869137.361945,0,4,-77
1755869137.3989446,0,9,-82
1755869137.4369447,2,5,-88
1755869137.4759445,5,-3,-76
1755869137.5119443,-2,-8,-79
1755869137.5499446,0,3,-82
1755869137.5869446,10,0,-65
1755869137.6249447,6,-2,-69
1755869137.6609447,7,-2,-69
1755869137.6979446,4,-2,-69
1755869137.736945,3,0,-70
1755869137.7749443,2,2,-73
1755869137.8109446,-2,-4,-88
1755869137.848945,0,5,-82
1755869137.8869443,1,0,-83
1755869137.9249446,5,1,-76
1755869137.960945,1,8,-66
1755869137.9979446,-4,7,-58
1755869138.0369446,-1,0,-72
1755869138.0749447,-8,0,-60
1755869138.1109445,3,-1,-65
1755869138.1479447,4,0,-60
1755869138.1869447,-2,2,-60
1755869138.2229445,-8,-2,-64
1755869138.2609446,-2,-4,-72
1755869138.2989447,-5,1,-78
1755869138.3369446,-3,2,-82
1755869138.3759446,-5,-7,-82
1755869138.4119446,-3,-2,-82
1755869138.450945,-2,-2,-81
1755869138.4879446,-3,1,-77
1755869138.5269446,1,-3,-61
1755869138.562945,1,3,-54
1755869138.6009445,0,3,-63
1755869138.6379447,0,0,-71
1755869138.6759446,5,3,-75
1755869138.7119446,4,-5,-77
1755869138.7489443,4,0,-68
1755869138.7869446,6,1,-70
1755869138.8229446,7,0,-59
1755869138.8609445,-1,1,-77
1755869138.8989446,1,5,-78
1755869138.9429443,0,2,-77
1755869138.9819446,4,-3,-71
1755869139.0189445,-1,-3,-81
1755869139.0579443,1,-4,-76
1755869139.0959446,4,-4,-73
1755869139.131945,0,-6,-80
1755869139.1699443,3,3,-72
1755869139.2079446,3,-3,-73
1755869139.2459445,0,4,-72
1755869139.2819445,-1,0,-78
1755869139.3199446,0,6,-72
1755869139.3579447,-2,0,-73
1755869139.3959446,8,0,-78
1755869139.4319446,10,-3,-77
1755869139.4709446,-6,2,-68
1755869139.5079446,1,0,-78
1755869139.5469446,-4,2,-69
1755869139.5829446,-3,8,-68
1755869139.6199446,4,1,-78
1755869139.657945,-12,-3,-68
1755869139.6959443,-3,-5,-69
1755869139.7319446,-9,0,-61
1755869139.769945,-4,7,-73
1755869139.8079443,-1,1,-74
1755869139.8469446,-4,0,-67
1755869139.8829446,4,-5,-77
1755869139.9199443,-2,0,-72
1755869139.9589446,-4,0,-77
1755869139.996945,-3,-2,-73
1755869140.032945,2,-5,-70
1755869140.0699446,9,-1,-65
1755869140.1079447,0,7,-81
1755869140.144945,3,7,-77
1755869140.1819446,7,8,-70
1755869140.2199447,4,3,-76
1755869140.2579446,0,6,-70
1755869140.2939446,-1,0,-76
1755869140.3309443,-2,0,-76
1755869140.3689446,4,2,-66
1755869140.4069445,3,-3,-68
1755869140.4429443,1,-3,-78
1755869140.4799447,1,0,-74
1755869140.5179446,2,-1,-71
1755869140.5569446,-1,6,-76
1755869140.5929446,-2,12,-69
1755869140.6299446,-2,-2,-77
1755869140.6689446,-3,0,-77
1755869140.7069447,-2,1,-69
1755869140.7429447,-2,4,-70
1755869140.779945,-8,-3,-79
1755869140.8189447,-3,2,-76
1755869140.8569446,1,-1,-68
1755869140.8929446,1,2,-73
1755869140.9299445,1,3,-78
1755869140.9679446,-4,7,-76
1755869141.0039446,-3,0,-72
1755869141.0409446,6,-1,-66
1755869141.0789447,-1,-2,-62
1755869141.1179447,0,0,-75
1755869141.1539447,-5,1,-78
1755869141.190945,5,3,-76
1755869141.2289443,4,2,-76
1755869141.2669446,1,-1,-72
1755869141.302945,-1,-6,-79
1755869141.3409443,-3,-1,-66
1755869141.3799446,7,0,-61
1755869141.417945,2,0,-73
1755869141.4539447,-6,-6,-76
1755869141.4919446,4,-8,-83
1755869141.529945,-2,5,-74
1755869141.5689447,-2,4,-85
1755869141.6069446,1,4,-77
1755869141.6429446,4,2,-71
1755869141.6799445,1,2,-68
1755869141.7179446,2,9,-76
1755869141.7539446,0,6,-81
1755869141.7919445,5,0,-79
1755869141.8289447,-5,-1,-66
1755869141.8679447,2,-2,-79
1755869141.9039447,0,-6,-69
1755869141.9419446,0,4,-70
1755869141.9789443,-1,-4,-72
1755869142.0179446,0,-4,-70
1755869142.0539446,1,-1,-75
1755869142.0919447,5,2,-71
1755869142.1299446,6,-4,-75
1755869142.1689446,-2,-4,-69
1755869142.2049446,-1,-6,-72
1755869142.2429447,0,0,-73
1755869142.2809446,-1,4,-73
1755869142.3199446,-3,2,-76
1755869142.3579447,1,-1,-72
1755869142.3939445,0,2,-79
1755869142.4309447,-5,1,-72
1755869142.4699447,2,3,-78
1755869142.5079446,-1,0,-82
1755869142.5439446,-5,3,-80
1755869142.5819447,2,0,-77
1755869142.6199446,-5,8,-69
1755869142.657945,-2,6,-75
1755869142.6939447,1,3,-74
1755869142.7309446,0,-3,-61
1755869142.769945,-3,-1,-73
1755869142.8079443,-1,0,-77
1755869142.8439443,-3,1,-73
1755869142.8809447,1,1,-67
1755869142.9189446,5,1,-75
1755869142.9549446,1,6,-74
1755869142.9919446,0,0,-74
1755869143.029945,2,6,-84
1755869143.0679443,0,7,-86
1755869143.1039443,6,2,-75
1755869143.1409447,6,0,-71
1755869143.1799445,10,-2,-79
1755869143.2179446,-1,-7,-67
1755869143.2539446,-2,-2,-78
1755869143.2919445,4,3,-73
1755869143.3299446,10,-2,-83
1755869143.3679447,0,-1,-78
1755869143.4039447,4,-1,-73
1755869143.440945,6,4,-68
1755869143.4789443,-1,6,-74
1755869143.5149446,0,3,-75
1755869143.552945,-2,0,-65
1755869143.5899446,-3,0,-66
1755869143.6289446,0,5,-90
1755869143.6649446,2,5,-81
1755869143.7029445,8,-3,-85
1755869143.7399447,1,-5,-88
1755869143.7789447,-1,-6,-72
1755869143.8149445,-8,-8,-81
1755869143.8529446,4,2,-74
1755869143.8909447,-3,0,-74
1755869143.9299445,-7,0,-70
1755869143.9659443,-5,1,-74
1755869144.0039446,5,2,-81
1755869144.042945,1,2,-71
1755869144.0799446,1,3,-75
1755869144.1189446,-4,6,-77
1755869144.154945,0,8,-61
1755869144.1919446,-1,2,-60
1755869144.2299447,-5,-1,-67
1755869144.2689445,-1,1,-81
1755869144.3049445,2,2,-72
1755869144.3419447,-2,0,-68
1755869144.3809447,-2,-2,-80
1755869144.4189446,2,4,-77
1755869144.4559443,-1,2,-84
1755869144.4929447,0,0,-78
1755869144.5309446,-2,6,-75
1755869144.5689447,-3,9,-79
1755869144.6049447,-7,4,-75
1755869144.6429446,0,5,-78
1755869144.6809447,-2,1,-78
1755869144.7189443,1,2,-81
1755869144.7549446,0,2,-74
1755869144.792945,-5,-2,-78
1755869144.8309443,-5,2,-80
1755869144.8689446,-2,5,-72
1755869144.904945,-2,1,-76
1755869144.9429443,1,1,-88
1755869144.9809446,2,4,-83
1755869145.0189445,1,2,-73
1755869145.0549445,-8,3,-66
1755869145.0929446,-4,0,-67
1755869145.1309447,-3,4,-78
1755869145.1699443,-9,0,-76
1755869145.2059443,-2,-1,-70
1755869145.2449446,2,-3,-81
1755869145.2819445,-3,3,-76
1755869145.3209443,-3,1,-79
1755869145.3569446,-5,1,-65
1755869145.394945,-4,3,-72
1755869145.4319446,4,0,-73
1755869145.4699447,2,-3,-74
1755869145.5059447,-2,-5,-62
1755869145.5439446,5,0,-72
1755869145.5819447,5,1,-70
1755869145.6199446,6,2,-70
1755869145.6559446,4,1,-63
1755869145.6929443,3,1,-67
1755869145.7319446,0,0,-79
1755869145.769945,-2,0,-75
1755869145.8059447,-6,0,-82
1755869145.8449447,-1,1,-83
1755869145.881945,9,-2,-90
1755869145.9209447,-6,-3,-68
1755869145.9569447,1,-10,-65
1755869145.9939446,-1,0,-82
1755869146.0319445,-4,1,-72
1755869146.0709443,4,0,-63
1755869146.1069446,9,1,-75
1755869146.1439445,2,0,-70
1755869146.1819446,-2,-1,-80
1755869146.2209446,-5,1,-72
1755869146.256945,0,1,-71
1755869146.2949443,-2,-3,-78
1755869146.3319447,-3,-1,-63
1755869146.3709445,4,1,-65
1755869146.4069445,-4,0,-74
1755869146.4439447,1,2,-77
1755869146.4819446,3,0,-68
1755869146.519945,-10,-2,-68
1755869146.5559447,-3,-1,-61
1755869146.5939443,0,0,-70
1755869146.631945,1,6,-84
1755869146.6699443,0,4,-65
1755869146.7059443,-5,2,-76
1755869146.7439446,-2,7,-72
1755869146.7819445,-8,-4,-78
1755869146.8209443,-4,0,-69
1755869146.8569446,-3,-1,-77
1755869146.894945,9,0,-80
1755869146.9329443,0,2,-80
1755869146.9719446,6,0,-67
1755869147.009945,0,-5,-69
1755869147.0459447,1,0,-75
1755869147.0829446,5,-1,-68
1755869147.121945,1,2,-63
1755869147.157945,-4,3,-75
1755869147.1949446,0,-2,-78
1755869147.2329447,2,4,-77
1755869147.2709446,0,3,-76
1755869147.3069446,-3,2,-82
1755869147.3439443,-5,3,-78
1755869147.381945,0,-7,-76
1755869147.4209447,-2,-6,-69
1755869147.4569447,1,1,-78
1755869147.4939446,0,6,-83
1755869147.5319445,1,0,-74
1755869147.5679443,-9,-6,-66
1755869147.6059446,-5,-6,-76
1755869147.6439445,-1,0,-64
1755869147.6819446,-2,-5,-74
1755869147.7209446,2,0,-74
1755869147.756945,1,-4,-78
1755869147.7939446,-7,-1,-60
1755869147.8329446,-1,0,-78
1755869147.8709445,-1,-2,-72
1755869147.9069445,-1,-3,-84
1755869147.9459443,5,-3,-80
1755869147.9829447,5,-4,-76
1755869148.0219443,6,-5,-71
1755869148.0579443,5,-3,-76
1755869148.0959446,3,-6,-80
1755869148.1329446,-1,-1,-79
1755869148.1719446,-7,1,-83
1755869148.2079446,-3,-2,-84
1755869148.2459445,3,1,-71
1755869148.282945,-4,-1,-74
1755869148.3219447,-3,2,-69
1755869148.3579447,-5,2,-68
1755869148.3959446,-2,0,-62
1755869148.4329443,3,4,-71
1755869148.4709446,-4,1,-70
1755869148.506945,-6,5,-76
1755869148.5449443,-2,9,-70
1755869148.5829446,0,0,-69
1755869148.6209445,9,0,-78
1755869148.6569445,2,0,-66
1755869148.6939447,-4,1,-74
1755869148.7329447,1,0,-66
1755869148.7709446,0,-3,-76
1755869148.8069446,2,1,-75
1755869148.8439443,1,-1,-78
1755869148.8829446,-4,1,-60
1755869148.9189446,-3,3,-67
1755869148.9699447,-3,4,-65
1755869149.0059447,-7,1,-73
1755869149.0439446,-1,0,-65
1755869149.0829446,3,-1,-75
1755869149.1189446,0,-1,-71
1755869149.1559446,0,-3,-82
1755869149.1939447,-3,-6,-75
1755869149.2329447,-2,-3,-76
1755869149.2689445,0,-2,-74
1755869149.3069446,5,-1,-82
1755869149.3449447,0,0,-76
1755869149.3829446,6,-4,-80
1755869149.4189446,7,-6,-74
1755869149.4559443,3,1,-68
1755869149.4929447,-2,-1,-73
1755869149.5319445,-2,-1,-71
1755869149.5679443,1,0,-70
1755869149.6049447,-3,-1,-66
1755869149.6439445,1,0,-67
1755869149.6819446,3,0,-73
1755869149.7179446,-5,-8,-78
1755869149.7559447,0,-2,-82
1755869149.7939446,-5,1,-75
1755869149.8329446,-5,2,-74
1755869149.8689446,-8,2,-73
1755869149.9059446,2,5,-74
1755869149.9439447,1,-3,-73
1755869149.9819446,5,0,-75
1755869150.0179446,4,0,-78
1755869150.0559447,0,6,-77
1755869150.0939443,1,1,-72
1755869150.131945,9,4,-70
1755869150.167945,1,-5,-62
1755869150.2059443,-4,0,-74
1755869150.2439446,-8,-2,-73
1755869150.2819445,-2,-2,-75
1755869150.3179443,0,-3,-71
1755869150.3559446,1,2,-80
1755869150.3939445,4,0,-68
1755869150.4319446,-3,-1,-74
1755869150.4679446,-1,0,-63
1755869150.5059447,4,2,-66
1755869150.5439446,5,0,-72
1755869150.5819447,3,3,-70
1755869150.6179447,0,3,-74
1755869150.654945,9,1,-68
1755869150.6939447,3,0,-84
1755869150.7319446,2,-2,-78
1755869150.7679446,3,0,-82
1755869150.8049445,-2,0,-71
1755869150.8439443,-2,-4,-74
1755869150.8809447,1,0,-77
1755869150.917945,1,0,-74
1755869150.9559443,9,-1,-81
1755869150.9939446,-6,2,-73
1755869151.029945,-7,-1,-83
1755869151.0679443,-2,-4,-81
1755869151.1059446,-2,1,-85
1755869151.1439445,-3,1,-87
1755869151.1829443,-3,-7,-71
1755869151.2189443,-5,0,-73
1755869151.2559447,0,5,-76
1755869151.2939446,-2,-3,-66
1755869151.3329446,0,-5,-76
1755869151.3689446,0,-11,-76
1755869151.4059446,-3,-8,-80
1755869151.4449446,3,-3,-79
1755869151.4829447,2,0,-62
1755869151.5189445,7,1,-66
1755869151.5559447,5,-1,-78
1755869151.5949447,-2,-6,-86
1755869151.6329446,-6,-1,-78
1755869151.6689446,-6,-1,-73
1755869151.7069447,-5,1,-74
1755869151.7449446,-5,7,-85
1755869151.7839446,-1,4,-74
1755869151.8199446,4,4,-80
1755869151.8569446,-5,1,-81
1755869151.894945,-3,6,-77
1755869151.9339447,0,-2,-79
1755869151.9699447,0,3,-74
1755869152.006945,2,0,-61
1755869152.0449443,-3,-5,-57
1755869152.0829446,8,-4,-63
1755869152.1189446,4,-5,-80
1755869152.1569445,0,-6,-66
1755869152.1949446,5,-4,-70
1755869152.2329447,-2,-7,-72
1755869152.2689445,-3,-3,-68
1755869152.3069446,-7,-9,-68
1755869152.3449447,-1,0,-68
1755869152.3839445,0,-3,-69
1755869152.4199443,6,0,-71
1755869152.4579446,1,-1,-65
1755869152.4949446,2,-8,-73
1755869152.5339446,5,-6,-67
1755869152.5699446,5,4,-65
1755869152.6069446,6,1,-77
1755869152.644945,5,2,-77
1755869152.6809447,1,-4,-70
1755869152.7189443,0,2,-62
1755869152.7559447,-3,-5,-68
1755869152.7949443,0,-2,-67
1755869152.8319447,1,-3,-74
1755869152.8689446,6,0,-74
1755869152.9069445,4,-2,-72
1755869152.9449446,-1,2,-65
1755869152.983945,4,2,-68
1755869153.019945,9,-5,-68
1755869153.0569446,7,3,-63
1755869153.0949447,-3,0,-67
1755869153.1309447,-11,-7,-58
1755869153.1689446,-3,-6,-65
1755869153.2069447,-2,-4,-67
1755869153.2459445,0,-6,-69
1755869153.2839446,0,-5,-71
1755869153.3199446,-1,-6,-69
1755869153.3579447,0,-8,-72
1755869153.3969443,0,-7,-67
1755869153.4349446,-1,-2,-69
1755869153.4709446,1,-3,-77
1755869153.5079446,1,2,-90
1755869153.5459447,-4,-2,-92
1755869153.5839446,0,2,-79
1755869153.6199446,6,-2,-76
1755869153.6569445,2,2,-79
1755869153.6959443,0,0,-76
1755869153.733945,-2,3,-71
1755869153.769945,5,0,-74
1755869153.8069446,3,-4,-70
1755869153.8459446,-1,4,-71
1755869153.8839445,-3,1,-81
1755869153.9199443,2,1,-78
1755869153.9579446,6,-2,-76
1755869153.9959445,0,-1,-80
1755869154.0339446,4,2,-78
1755869154.0699446,2,-1,-80
1755869154.1079447,1,-10,-70
1755869154.1459446,-4,-7,-69
1755869154.1839447,-7,-2,-72
1755869154.2199447,-7,-6,-77
1755869154.2579446,3,-5,-79
1755869154.2959447,-6,-2,-83
1755869154.3349447,-5,-1,-93
1755869154.3709445,-15,4,-79
1755869154.407945,-4,-4,-80
1755869154.4459443,1,2,-82
1755869154.4819446,1,0,-79
1755869154.5189445,0,0,-62
1755869154.5559447,1,-2,-86
1755869154.5949447,4,0,-77
1755869154.6309447,-3,-4,-76
1755869154.6689446,2,-7,-70
1755869154.7079446,-4,-6,-72
1755869154.7459445,-10,-7,-73
1755869154.7819445,0,-3,-69
1755869154.8189447,0,-7,-66
1755869154.8579447,-4,-3,-70
1755869154.8959446,-2,-4,-80
1755869154.9329443,3,-1,-79
1755869154.9699447,-4,0,-76
1755869155.0079446,0,-3,-69
1755869155.0469446,-1,-2,-67
1755869155.0849447,0,0,-86
1755869155.1209445,-1,1,-74
1755869155.1589446,-1,-3,-64
1755869155.1969447,-1,-10,-76
1755869155.2359445,-1,-6,-67
1755869155.2719443,0,-9,-67
1755869155.3089447,0,0,-62
1755869155.3469446,1,-3,-59
1755869155.384945,-2,0,-83
1755869155.4209447,1,-3,-80
1755869155.4579446,-5,1,-79
1755869155.496945,4,3,-75
1755869155.5349443,9,1,-66
1755869155.5709443,2,0,-72
1755869155.6079447,-5,-4,-73
1755869155.6469443,0,-3,-75
1755869155.6849446,-3,-7,-75
1755869155.7209446,3,-5,-78
1755869155.7579446,3,2,-78
1755869155.7969446,-6,0,-72
1755869155.8349447,-3,-3,-78
1755869155.8709445,-2,-1,-78
1755869155.9089446,11,-5,-68
1755869155.9469447,10,0,-71
1755869155.9859445,0,3,-76
1755869156.0219443,1,-2,-90
1755869156.0589447,8,4,-75
1755869156.0969446,-5,0,-76
1755869156.1329446,-2,0,-70
1755869156.1699443,2,-6,-71
1755869156.2089446,-10,-1,-75
1755869156.246945,-4,-3,-74
1755869156.282945,3,-5,-88
1755869156.3199446,4,2,-86
1755869156.3569446,-3,4,-93
1755869156.3959446,3,-6,-85
1755869156.4319446,-4,-6,-79
1755869156.4699447,7,0,-71
1755869156.5089445,1,2,-67
1755869156.5469446,0,0,-73
1755869156.5829446,-2,6,-62
1755869156.6199446,2,-6,-68
1755869156.6589446,1,-1,-76
1755869156.6969447,0,-6,-71
1755869156.7329447,-1,0,-80
1755869156.769945,0,1,-80
1755869156.8079443,3,0,-66
1755869156.8469446,-7,-1,-70
1755869156.8829446,-1,2,-65
1755869156.9209447,-2,0,-71
1755869156.9589446,-2,0,-73
1755869156.9979446,-4,-1,-75
1755869157.0359447,3,-11,-74
1755869157.0719447,-4,-8,-73
1755869157.1099446,3,2,-68
1755869157.1479447,0,2,-82
1755869157.1859446,4,-1,-84
1755869157.2219446,-2,-3,-80
1755869157.259945,0,-1,-76
1755869157.2979443,0,-1,-75
1755869157.3369446,-7,0,-71
1755869157.3729446,-7,1,-69
1755869157.4109447,4,-2,-76
1755869157.4489446,5,-1,-81
1755869157.4879446,4,-2,-75
1755869157.5259447,-3,-1,-75
1755869157.5619447,5,-2,-68
1755869157.598945,3,2,-80
1755869157.6369443,6,3,-78
1755869157.6729443,1,0,-74
1755869157.7099447,0,0,-78
1755869157.7479446,0,0,-73
1755869157.7859447,5,0,-76
1755869157.8219447,1,2,-74
1755869157.858945,-6,-2,-79
1755869157.8979447,-2,0,-82
1755869157.9339447,-5,1,-75
1755869157.9709446,-5,-1,-70
1755869158.0089445,-4,-4,-59
1755869158.0479443,-4,0,-71
1755869158.0839446,0,-2,-64
1755869158.121945,8,3,-76
1755869158.1589446,4,1,-84
1755869158.1979446,7,5,-80
1755869158.233945,0,-2,-90
1755869158.2709446,1,-1,-95
1755869158.3089447,-3,2,-81
1755869158.3479445,6,5,-69
1755869158.3839445,4,1,-64
1755869158.4209447,0,5,-80
1755869158.4579446,2,4,-68
1755869158.4939446,3,6,-67
1755869158.5309446,0,8,-78
1755869158.5689447,0,13,-84
1755869158.6069446,-1,3,-65
1755869158.6429446,-1,2,-64
1755869158.6799445,0,-2,-65
1755869158.7189443,-2,0,-73
1755869158.756945,-3,-3,-72
1755869158.792945,4,-5,-68
1755869158.8299446,5,1,-65
1755869158.8679447,4,-9,-71
1755869158.9039447,3,-8,-77
1755869158.940945,3,-2,-81
1755869158.986945,-4,3,-69
1755869159.0229447,-1,1,-73
1755869159.0599446,-2,4,-69
1755869159.098945,4,10,-71
1755869159.1369443,-12,0,-80
1755869159.1729443,-11,2,-73
1755869159.210945,-9,0,-76
1755869159.2499447,1,1,-78
1755869159.2879446,5,-3,-64
1755869159.3239446,0,-2,-69
1755869159.361945,-7,-2,-62
1755869159.4009447,-2,-3,-72
1755869159.4389446,-1,-4,-71
1755869159.4769447,6,-4,-77
1755869159.5129447,3,-1,-69
1755869159.5519447,2,-6,-70
1755869159.588945,5,-1,-75
1755869159.6279447,-2,1,-67
1755869159.6639447,8,0,-65
1755869159.700945,14,3,-73
1755869159.7389443,11,4,-63
1755869159.7749443,4,-4,-68
1755869159.8119447,0,-5,-87
1755869159.8499446,5,-4,-80
1755869159.8889446,8,-7,-72
1755869159.9249446,5,0,-82
1755869159.9619446,-7,-2,-73
1755869159.9999447,2,1,-79
1755869160.0379446,2,0,-73
1755869160.0739446,-7,5,-77
1755869160.111945,-4,0,-81
1755869160.1499443,2,5,-83
1755869160.187945,-1,1,-72
1755869160.223945,0,6,-71
1755869160.2619443,-6,3,-69
1755869160.2999446,5,5,-64
1755869160.3379445,5,-3,-64
1755869160.3739443,1,-3,-87
1755869160.4119446,0,1,-78
1755869160.4499447,-3,-1,-79
1755869160.4879446,0,0,-78
1755869160.5239446,-6,0,-76
1755869160.5619447,3,1,-71
1755869160.5999446,4,-4,-82
1755869160.6389446,2,2,-76
1755869160.6749446,-2,-3,-72
1755869160.713945,-2,-4,-69
1755869160.7519443,1,0,-68
1755869160.7899446,-3,-3,-68
1755869160.8279445,0,-3,-73
1755869160.8639443,-1,-2,-76
1755869160.9019446,3,0,-68
1755869160.9399445,4,2,-72
1755869160.9779446,6,-1,-73
1755869161.0139446,4,-2,-78
1755869161.0509446,-2,4,-90
1755869161.0899446,-1,-5,-87
1755869161.1279447,2,-5,-82
1755869161.1639447,3,0,-75
1755869161.200945,-1,1,-76
1755869161.2399447,0,7,-62
1755869161.2779446,2,8,-79
1755869161.3139446,0,9,-65
1755869161.3519447,0,4,-61
1755869161.3899446,3,1,-72
1755869161.427945,1,0,-84
1755869161.463945,7,4,-76
1755869161.5019443,2,3,-77
1755869161.5399446,-2,2,-76
1755869161.575945,0,-1,-75
1755869161.6139443,0,3,-78
1755869161.6519446,4,-3,-84
1755869161.6899445,5,6,-69
1755869161.7259445,9,10,-77
1755869161.7629447,2,7,-69
1755869161.8019447,3,5,-67
1755869161.8399446,2,7,-63
1755869161.8759446,-2,2,-74
1755869161.9129446,1,0,-63
1755869161.950945,-1,1,-62
1755869161.9899447,3,-2,-66
1755869162.0259447,4,-1,-65
1755869162.062945,0,2,-61
1755869162.0999446,2,5,-69
1755869162.1359446,-1,0,-76
1755869162.1729443,5,-4,-74
1755869162.210945,8,4,-76
1755869162.2489443,4,-1,-82
1755869162.2849443,0,1,-75
1755869162.3219447,0,3,-70
1755869162.3599446,1,-1,-77
1755869162.3969443,2,-2,-75
1755869162.4349446,-2,2,-74
1755869162.4719446,-1,0,-72
1755869162.5109446,0,7,-71
1755869162.5489447,-1,0,-61
1755869162.5849447,4,6,-72
1755869162.621945,-4,8,-72
1755869162.6609447,-1,0,-76
1755869162.6989446,3,-1,-73
1755869162.7349446,1,0,-86
1755869162.7719443,1,0,-73
1755869162.8099446,-2,0,-71
1755869162.8459446,0,1,-77
1755869162.8839445,2,2,-78
1755869162.9209447,-4,6,-73
1755869162.9599447,2,-1,-80
1755869162.9959445,-1,-3,-88
1755869163.0339446,-1,2,-71
1755869163.0719447,-3,4,-73
1755869163.1109445,5,8,-69
1755869163.1489446,0,5,-64
1755869163.1849446,0,0,-67
1755869163.2219446,4,-1,-84
1755869163.2609446,9,1,-70
1755869163.2969446,1,0,-78
1755869163.3339446,9,0,-81
1755869163.3709445,3,0,-75
1755869163.4099443,0,0,-74
1755869163.4459443,-3,0,-80
1755869163.483945,1,-4,-75
1755869163.5219443,0,1,-69
1755869163.5599446,-2,-5,-70
1755869163.5959446,-1,-4,-72
1755869163.6339445,-4,-1,-71
1755869163.6719446,-1,1,-62
1755869163.710945,3,-5,-70
1755869163.746945,-1,-4,-69
1755869163.7859447,0,-4,-68
1755869163.8229446,11,0,-82
1755869163.8609445,5,1,-84
1755869163.8969443,5,7,-75
1755869163.9339447,-1,2,-71
1755869163.9719446,5,-2,-67
1755869164.0109446,3,-1,-74
1755869164.0469446,0,-2,-69
1755869164.0839446,3,-2,-68
1755869164.121945,-6,-5,-76
1755869164.1609447,3,2,-69
1755869164.1969447,4,6,-73
1755869164.233945,-8,0,-74
1755869164.2719443,-7,-5,-68
1755869164.3109446,-5,-3,-73
1755869164.3469446,1,-3,-60
1755869164.3839445,-6,-5,-72
1755869164.4219446,-2,2,-75
1755869164.460945,0,3,-78
1755869164.496945,-1,2,-82
1755869164.5339446,0,-9,-73
1755869164.5719447,-2,-3,-73
1755869164.6109445,0,-10,-79
1755869164.6469443,-3,-2,-83
1755869164.6859446,0,-6,-83
1755869164.7229445,2,-6,-74
1755869164.7619443,0,0,-71
1755869164.7999446,-1,3,-73
1755869164.835945,3,4,-70
1755869164.8729446,0,2,-70
1755869164.9109447,0,-1,-78
1755869164.9469447,-4,-1,-76
1755869164.9859445,-7,0,-74
1755869165.0229447,-3,0,-70
1755869165.0619447,0,0,-77
1755869165.0979445,-1,1,-72
1755869165.1359446,-4,-4,-76
1755869165.1729443,1,-6,-63
1755869165.2119446,-5,0,-73
1755869165.2479446,-1,-5,-74
1755869165.2859447,-4,-7,-68
1755869165.3239446,-3,-4,-69
1755869165.361945,4,1,-61
1755869165.4009447,4,1,-69
1755869165.4369447,2,1,-75
1755869165.473945,3,0,-68
1755869165.5119443,3,-8,-69
1755869165.5479443,0,-7,-69
1755869165.5849447,2,-4,-61
1755869165.6229446,6,-1,-70
1755869165.6619446,-4,0,-70
1755869165.6979446,-8,2,-79
1755869165.7359445,1,5,-79
1755869165.7729447,0,-1,-76
1755869165.8119447,2,3,-72
1755869165.8479445,5,1,-69
1755869165.884945,-3,2,-58
1755869165.9229443,-7,-1,-73
1755869165.9619446,-8,-6,-74
1755869165.9979446,2,0,-79
1755869166.0349443,-1,2,-70
1755869166.0729446,1,3,-69
1755869166.111945,-5,-8,-70
1755869166.1479447,3,-4,-84
1755869166.1849446,-2,5,-68
1755869166.2229445,0,0,-84
1755869166.2609446,-2,-2,-82
1755869166.2969446,6,-6,-70
1755869166.3349447,3,0,-76
1755869166.3729446,-3,-6,-73
1755869166.4109447,-5,-8,-77
1755869166.4469447,-2,-3,-69
1755869166.4849446,-2,-2,-76
1755869166.5229447,3,0,-73
1755869166.5609446,0,-3,-80
1755869166.5969446,1,3,-63
1755869166.6339445,-2,0,-67
1755869166.6729443,-5,-5,-69
1755869166.710945,-2,0,-68
1755869166.746945,0,-2,-78
1755869166.7849443,-2,-4,-85
1755869166.8229446,-1,7,-71
1755869166.861945,-1,4,-66
1755869166.8979447,2,-11,-76
1755869166.9349446,3,0,-66
1755869166.9729445,-1,4,-70
1755869167.0089445,-4,0,-70
1755869167.0469446,0,-1,-58
1755869167.0849447,0,6,-63
1755869167.1229446,-1,5,-69
1755869167.1589446,-7,4,-65
1755869167.1959443,-2,2,-71
1755869167.233945,2,4,-71
1755869167.2729447,7,-7,-76
1755869167.3089447,0,-8,-81
1755869167.3459446,-4,0,-69
1755869167.3839445,3,5,-69
1755869167.4229443,-4,4,-77
1755869167.4589446,-11,6,-86
1755869167.4959445,-1,-1,-68
1755869167.5339446,4,-6,-65
1755869167.5729446,3,4,-73
1755869167.608945,0,0,-84
1755869167.6459446,7,7,-77
1755869167.6839447,4,4,-75
1755869167.7219446,-1,-2,-72
1755869167.7579446,9,0,-72
1755869167.7949443,5,2,-75
1755869167.8339446,-4,-3,-71
1755869167.871945,0,4,-76
1755869167.907945,-7,7,-69
1755869167.9449446,7,0,-69
1755869167.983945,-3,-1,-70
1755869168.0219443,-3,1,-67
1755869168.0579443,0,0,-63
1755869168.0949447,-3,3,-68
1755869168.1339445,0,4,-74
1755869168.1719446,0,-1,-70
1755869168.2079446,8,-4,-73
1755869168.2459445,0,-4,-67
1755869168.2839446,1,-5,-67
1755869168.3219447,1,-11,-85
1755869168.3579447,8,-7,-84
1755869168.3959446,2,0,-88
1755869168.4339447,-4,-7,-88
1755869168.4719446,4,4,-83
1755869168.5079446,-1,3,-80
1755869168.5459447,-1,6,-68
1755869168.5839446,-5,8,-74
1755869168.621945,-10,5,-68
1755869168.657945,-3,2,-71
1755869168.6959443,-4,0,-74
1755869168.733945,7,2,-77
1755869168.769945,5,0,-72
1755869168.8069446,0,-2,-78
1755869168.8459446,2,-1,-77
1755869168.8839445,0,-2,-66
1755869168.9199443,3,-4,-64
1755869168.9569447,11,-8,-78
1755869169.0029447,5,-3,-80
1755869169.0389447,1,0,-68
1755869169.075945,3,0,-69
1755869169.1139443,3,1,-73
1755869169.1499443,0,0,-68
1755869169.1869447,-7,-4,-82
1755869169.2249446,0,0,-77
1755869169.2629447,-5,4,-68
1755869169.2989447,-3,4,-73
1755869169.335945,0,1,-75
1755869169.3749447,7,7,-72
1755869169.4129446,9,5,-63
1755869169.4489446,4,-6,-70
1755869169.486945,6,-3,-79
1755869169.5249443,3,-7,-74
1755869169.562945,5,-7,-73
1755869169.598945,-1,-4,-79
1755869169.6369443,-3,-2,-73
1755869169.6749446,4,-7,-71
1755869169.713945,4,-7,-67
1755869169.7499447,1,-3,-78
1755869169.7869446,-8,3,-82
1755869169.8249447,-4,0,-71
1755869169.8639443,-5,2,-72
1755869169.8999443,-4,-3,-82
1755869169.937945,0,-3,-84
1755869169.9759445,4,0,-78
1755869170.0139446,1,0,-84
1755869170.0499446,-4,2,-80
1755869170.0879445,-1,0,-66
1755869170.1259446,0,3,-72
1755869170.1639447,-4,-7,-63
1755869170.1999447,4,-8,-69
1755869170.2379446,2,-5,-68
1755869170.2749443,0,3,-70
1755869170.3139446,-3,-1,-66
1755869170.3499446,0,-9,-72
1755869170.3879447,1,0,-72
1755869170.4249446,1,-1,-81
1755869170.463945,5,-7,-82
1755869170.4999447,-2,-4,-77
1755869170.5379446,0,-5,-76
1755869170.575945,-1,2,-73
1755869170.6149447,2,0,-71
1755869170.6509447,0,-1,-62
1755869170.687945,4,0,-78
1755869170.7259445,-3,-2,-79
1755869170.7649446,0,0,-78
1755869170.8009446,4,0,-73
1755869170.8379445,1,-2,-71
1755869170.8759446,-1,-2,-73
1755869170.9149446,1,0,-72
1755869170.950945,0,2,-76
1755869170.9879446,0,-1,-84
1755869171.0259447,-7,-4,-79
1755869171.0649445,-1,1,-86
1755869171.1009445,3,0,-82
1755869171.1389446,4,-3,-73
1755869171.1769447,-2,0,-76
1755869171.2159443,2,0,-70
1755869171.2539446,4,-3,-68
1755869171.2899446,6,-1,-70
1755869171.3279445,-8,0,-73
1755869171.3669446,-3,0,-73
1755869171.404945,0,1,-74
1755869171.440945,1,0,-74
1755869171.4779446,1,-4,-63
1755869171.5169446,-1,5,-78
1755869171.5549445,-4,4,-75
1755869171.5909443,-2,-3,-70
1755869171.6289446,-2,1,-80
1755869171.6669445,-7,3,-69
1755869171.7059443,-1,-2,-69
1755869171.7439446,-2,-3,-70
1755869171.779945,-3,-3,-67
1755869171.8179443,-7,-2,-76
1755869171.8559446,-3,0,-65
1755869171.894945,9,-2,-79
1755869171.9309447,2,0,-83
1755869171.9679446,2,-1,-76
1755869172.0059447,4,-1,-92
1755869172.0449443,0,2,-73
1755869172.0809443,4,1,-72
1755869172.1179447,-1,-2,-81
1755869172.1559446,0,-2,-74
1755869172.1949446,0,-1,-83
1755869172.2309446,0,3,-80
1755869172.2679446,-2,-4,-84
1755869172.3059447,4,-6,-72
1755869172.3449447,3,-1,-68
1755869172.3809447,-3,0,-82
1755869172.417945,-1,1,-88
1755869172.4559443,3,-5,-72
1755869172.4949446,8,-2,-70
1755869172.5309446,6,0,-72
1755869172.5679443,0,0,-79
1755869172.6059446,0,-3,-87
1755869172.6419446,-2,-4,-76
1755869172.6799445,0,-1,-88
1755869172.7179446,3,2,-69
1755869172.7559447,-2,1,-79
1755869172.7949443,-10,0,-77
1755869172.8309443,0,2,-70
1755869172.8679447,-3,-4,-85
1755869172.9059446,-3,-6,-75
1755869172.9449446,-6,0,-91
1755869172.9809446,-6,-5,-78
1755869173.0189445,4,-1,-75
1755869173.0569446,-1,0,-75
1755869173.0959446,-4,0,-79
1755869173.131945,3,-1,-77
1755869173.1689446,-4,-2,-76
1755869173.2069447,1,-7,-71
1755869173.2459445,-5,-1,-64
1755869173.2819445,-1,-4,-63
1755869173.3209443,-6,0,-77
1755869173.3579447,-7,3,-75
1755869173.3969443,-4,-1,-72
1755869173.4349446,0,3,-53
1755869173.4709446,-3,5,-61
1755869173.5089445,-1,1,-70
1755869173.5469446,-3,5,-67
1755869173.585945,2,-1,-76
1755869173.621945,6,-2,-72
1755869173.6589446,3,-3,-75
1755869173.6969447,-1,4,-77
1755869173.7359445,-3,-1,-83
1755869173.7719443,-1,-2,-82
1755869173.8099446,-2,-3,-67
1755869173.8479445,3,3,-62
1755869173.8859446,-7,1,-56
1755869173.9219446,-9,1,-58
1755869173.9589446,-1,3,-78
1755869173.9979446,1,0,-57
1755869174.0359447,-1,-3,-72
1755869174.0719447,-3,1,-73
1755869174.108945,-6,-3,-70
1755869174.1479447,-8,0,-68
1755869174.1859446,-9,0,-84
1755869174.2219446,-1,6,-70
1755869174.2589445,3,2,-82
1755869174.2969446,-1,3,-85
1755869174.3329446,-3,0,-88
1755869174.371945,0,0,-81
1755869174.4089446,-4,1,-79
1755869174.4479446,0,4,-79
1755869174.4859445,-6,0,-83
1755869174.5219443,-2,1,-79
1755869174.5589447,-1,2,-71
1755869174.5979445,1,5,-82
1755869174.6359446,1,1,-78
1755869174.6719446,1,2,-79
1755869174.7089446,-4,1,-76
1755869174.746945,-7,1,-72
1755869174.7859447,-4,6,-79
1755869174.8219447,-1,3,-76
1755869174.858945,0,4,-68
1755869174.8979447,0,5,-78
1755869174.9359446,-2,0,-69
1755869174.9719446,-7,1,-73
1755869175.0089445,-1,-7,-80
1755869175.0479443,0,-3,-79
1755869175.085945,-2,4,-81
1755869175.121945,3,2,-81
1755869175.1589446,0,4,-78
1755869175.1979446,-6,-1,-75
1755869175.2359445,-6,-4,-82
1755869175.2729447,1,-1,-79
1755869175.3099446,1,-2,-89
1755869175.3479445,0,-1,-88
1755869175.3869443,1,0,-85
1755869175.4229443,4,-1,-81
1755869175.4599447,6,-1,-79
1755869175.4989443,2,0,-87
1755869175.5369446,0,-8,-88
1755869175.5729446,0,-4,-83
1755869175.6099446,-1,-1,-76
1755869175.6479447,-2,-1,-86
1755869175.6869447,-1,1,-88
1755869175.7229445,-1,0,-75
1755869175.759945,0,0,-80
1755869175.7979443,3,6,-73
1755869175.8339446,0,3,-74
1755869175.8709445,4,-9,-74
1755869175.9089446,0,-6,-77
1755869175.9479446,-2,-2,-76
1755869175.983945,-4,1,-62
1755869176.0209446,-4,3,-67
1755869176.0589447,-2,0,-71
1755869176.0979445,0,0,-74
1755869176.1339445,-3,-2,-81
1755869176.1719446,-3,-6,-90
1755869176.2099447,4,-11,-91
1755869176.2479446,-10,-5,-83
1755869176.2869446,-13,4,-71
1755869176.3229446,-4,0,-68
1755869176.3599446,-3,-2,-65
1755869176.3979447,-2,-1,-71
1755869176.4369447,-2,-6,-78
1755869176.4729445,1,-4,-79
1755869176.509945,-6,0,-77
1755869176.5479443,-2,-8,-81
1755869176.5869446,0,0,-84
1755869176.6229446,-2,1,-74
1755869176.6609447,1,-8,-81
1755869176.6989446,-2,-10,-74
1755869176.7379446,6,-4,-74
1755869176.7739446,0,-6,-77
1755869176.8109446,4,2,-79
1755869176.848945,0,1,-64
1755869176.8869443,1,0,-72
1755869176.9229443,1,0,-72
1755869176.9599447,0,-4,-70
1755869176.9989443,6,-1,-74
1755869177.0369446,3,3,-59
1755869177.0729446,0,0,-70
1755869177.1099446,11,-4,-71
1755869177.1489446,3,0,-78
1755869177.1869447,1,-2,-80
1755869177.2229445,-1,0,-73
1755869177.259945,-6,-5,-71
1755869177.2989447,-7,6,-73
1755869177.3369446,-2,-3,-66
1755869177.3729446,-3,-5,-74
1755869177.4109447,-6,-1,-73
1755869177.4489446,4,2,-75
1755869177.4879446,1,1,-79
1755869177.5239446,1,-6,-68
1755869177.5619447,-2,2,-77
1755869177.5999446,5,0,-88
1755869177.6379447,0,-3,-90
1755869177.6739447,1,4,-83
1755869177.710945,-2,2,-79
1755869177.7489443,-4,-1,-71
1755869177.7879446,-5,-1,-59
1755869177.8239446,1,-5,-61
1755869177.8609445,4,-5,-70
1755869177.8989446,6,1,-66
1755869177.9349446,0,0,-74
1755869177.9719446,3,-9,-84
1755869178.009945,4,-2,-69
1755869178.0489447,-2,0,-66
1755869178.0849447,-4,8,-70
1755869178.121945,-11,0,-82
1755869178.1599443,1,3,-80
1755869178.1989446,2,-2,-80
1755869178.2349446,1,3,-74
1755869178.2719443,0,5,-79
1755869178.3089447,1,0,-71
1755869178.3449447,1,3,-72
1755869178.381945,3,0,-74
1755869178.4199443,5,0,-80
1755869178.4579446,0,3,-70
1755869178.4939446,4,6,-70
1755869178.5309446,4,7,-80
1755869178.5689447,7,7,-79
1755869178.6049447,5,0,-77
1755869178.6439445,1,-8,-70
1755869178.6809447,0,-3,-78
1755869178.7199447,-3,4,-73
1755869178.7579446,-4,6,-79
1755869178.7939446,1,4,-75
1755869178.8309443,5,1,-70
1755869178.8689446,5,-8,-67
1755869178.904945,4,-2,-70
1755869178.9439447,0,-8,-66
1755869178.9809446,6,-11,-76
1755869179.0249443,-1,0,-78
1755869179.062945,0,-4,-79
1755869179.1019447,6,0,-87
1755869179.1399446,3,-2,-84
1755869179.177945,-2,-5,-79
1755869179.213945,0,-8,-78
1755869179.2509446,-2,6,-82
1755869179.2899446,-1,-2,-72
1755869179.3279445,-2,1,-81
1755869179.3639443,1,-2,-80
1755869179.4009447,6,-2,-73
1755869179.4399445,5,0,-70
1755869179.4759445,1,-5,-76
1755869179.5129447,-1,-5,-76
1755869179.5509446,2,0,-80
1755869179.5899446,-2,-1,-78
1755869179.6259446,-7,3,-82
1755869179.6629446,0,-1,-76
1755869179.700945,-2,3,-69
1755869179.7399447,0,4,-65
1755869179.7759447,2,4,-67
1755869179.812945,0,6,-63
1755869179.8499446,5,-3,-77
1755869179.8889446,-2,-3,-73
1755869179.9249446,2,-1,-69
1755869179.9619446,-4,2,-77
1755869179.9999447,-1,3,-84
1755869180.0389447,-1,1,-83
1755869180.0749447,-2,-5,-71
1755869180.1129446,0,-3,-78
1755869180.1509447,-2,4,-69
1755869180.1899445,-4,-4,-67
1755869180.2259445,-3,-12,-59
1755869180.2639446,-2,-5,-76
1755869180.3019447,-2,-5,-79
1755869180.3409443,0,-4,-75
1755869180.3789446,-4,0,-76
1755869180.4149446,-2,-1,-75
1755869180.4529445,6,0,-68
1755869180.4909446,4,7,-71
1755869180.5289447,1,5,-73
1755869180.5649445,1,1,-76
1755869180.6019447,5,-2,-77
1755869180.6409447,4,-4,-78
1755869180.6789446,-4,-5,-80
1755869180.7149446,0,2,-81
1755869180.7519443,-5,1,-67
1755869180.7909446,-1,-2,-71
1755869180.8289447,-1,-2,-75
1755869180.8649447,-9,-3,-71
1755869180.9029446,-2,-3,-70
1755869180.940945,-1,-1,-70
1755869180.9799447,-5,2,-64
1755869181.0159447,-7,2,-72
1755869181.052945,-7,3,-67
1755869181.0909443,2,-3,-76
1755869181.1299446,-4,0,-69
1755869181.1659446,3,0,-64
1755869181.2029445,0,1,-76
1755869181.2409446,0,-1,-66
1755869181.279945,0,-3,-79
1755869181.315945,0,-1,-77
1755869181.3529446,-5,0,-76
1755869181.3909447,0,3,-63
1755869181.4269447,5,-1,-70
1755869181.463945,-3,-8,-63
1755869181.5019443,-2,-4,-68
1755869181.5409446,0,0,-72
1755869181.5769446,0,0,-67
1755869181.6139443,0,-2,-68
1755869181.6519446,4,0,-63
1755869181.690945,0,5,-67
1755869181.7269447,0,1,-63
1755869181.7639446,0,-1,-67
1755869181.8019447,-4,7,-62
1755869181.8409443,-1,1,-73
1755869181.8769443,2,-8,-82
1755869181.9139447,4,1,-68
1755869181.9519446,0,2,-68
1755869181.9909446,-1,4,-70
1755869182.0269446,-2,6,-75
1755869182.0639446,2,2,-73
1755869182.1019447,0,-6,-67
1755869182.1409447,6,-6,-65
1755869182.1769447,0,-6,-64
1755869182.213945,-3,1,-72
1755869182.2519443,2,0,-69
1755869182.2899446,-1,10,-69
1755869182.325945,5,2,-74
1755869182.3629446,6,-4,-74
1755869182.4019446,6,-1,-71
1755869182.4399445,0,4,-80
1755869182.4759445,2,-1,-79
1755869182.5129447,-1,4,-75
1755869182.5519447,-4,0,-80
1755869182.5899446,-2,-1,-69
1755869182.6259446,0,-4,-77
1755869182.6639447,-7,-1,-68
1755869182.7019446,-4,7,-74
1755869182.7409446,1,8,-75
1755869182.7769446,2,0,-79
1755869182.8139446,-2,-1,-79
1755869182.8519447,-3,-3,-78
1755869182.8909447,-4,2,-67
1755869182.9269447,4,5,-80
1755869182.963945,-3,1,-87
1755869183.0019443,0,2,-74
1755869183.0379446,-1,3,-63
1755869183.0749447,1,-2,-69
1755869183.1129446,11,-8,-72
1755869183.1519446,0,-6,-68
1755869183.187945,1,-2,-77
1755869183.2249446,8,-4,-80
1755869183.2629447,-2,-3,-73
1755869183.3019447,0,-2,-78
1755869183.3379445,2,-1,-81
1755869183.3749447,2,-2,-80
1755869183.4129446,0,-3,-80
1755869183.4519446,-3,-6,-67
1755869183.4879446,3,1,-65
1755869183.5249443,6,1,-71
1755869183.5619447,-1,10,-63
1755869183.6009445,-3,-3,-70
1755869183.6369443,0,1,-77
1755869183.6739447,-3,4,-62
1755869183.7119446,-7,0,-76
1755869183.7509446,4,4,-75
1755869183.7869446,5,3,-57
1755869183.8239446,6,4,-61
1755869183.8629446,0,1,-61
1755869183.9009447,0,-7,-70
1755869183.9369447,6,-8,-82
1755869183.973945,-3,-1,-70
1755869184.0129447,-5,1,-76
1755869184.0509446,2,-7,-66
1755869184.0869446,5,-6,-71
1755869184.1249447,6,0,-86
1755869184.1629446,1,4,-72
1755869184.200945,2,3,-78
1755869184.236945,0,2,-88
1755869184.2749443,-1,6,-90
1755869184.312945,-6,-2,-87
1755869184.3509445,1,0,-73
1755869184.3869443,2,0,-67
1755869184.4249446,9,-2,-72
1755869184.4629445,5,2,-72
1755869184.5009446,0,0,-79
1755869184.5369446,-4,2,-78
1755869184.5749447,-1,-5,-78
1755869184.6129446,0,-1,-74
1755869184.6509447,-1,1,-83
1755869184.6869447,0,5,-82
1755869184.7249446,-1,2,-76
1755869184.7629447,0,-2,-79
1755869184.7989447,2,-5,-75
1755869184.835945,-4,-3,-65
1755869184.8749447,0,0,-84
1755869184.9129446,3,-2,-77
1755869184.9489446,-2,0,-78
1755869184.9859445,4,6,-73
1755869185.0239446,4,0,-71
1755869185.0619447,2,1,-77
1755869185.0979445,-3,5,-84
1755869185.1359446,0,-8,-78
1755869185.1739447,-10,-1,-81
1755869185.2129445,0,0,-73
1755869185.2489443,3,3,-84
1755869185.2859447,-1,5,-78
1755869185.3239446,9,2,-71
1755869185.3629446,7,0,-72
1755869185.3989446,3,-3,-72
1755869185.4369447,-1,-2,-75
1755869185.4749446,7,-2,-72
1755869185.5139446,10,-5,-67
1755869185.5519447,1,-4,-66
1755869185.5879445,-1,0,-71
1755869185.6249447,-9,1,-79
1755869185.6639447,-7,-1,-78
1755869185.7019446,5,-3,-79
1755869185.7379446,2,-7,-73
1755869185.7749443,-4,1,-77
1755869185.8139446,-2,1,-77
1755869185.8519447,-2,2,-79
1755869185.8879447,-7,-1,-76
1755869185.9259446,2,3,-73
1755869185.963945,-2,-3,-80
1755869186.0029447,-4,-3,-68
1755869186.0389447,0,-6,-78
1755869186.075945,3,0,-72
1755869186.1139443,1,1,-70
1755869186.1519446,0,3,-63
1755869186.187945,0,-8,-74
1755869186.2249446,0,2,-70
1755869186.2629447,3,4,-69
1755869186.2989447,0,-3,-78
1755869186.335945,0,-4,-79
1755869186.3739443,9,2,-75
1755869186.4129446,0,-1,-71
1755869186.4489446,0,-2,-69
1755869186.486945,4,-4,-74
1755869186.5249443,2,-5,-73
1755869186.5639446,0,7,-70
1755869186.6019447,-14,0,-75
1755869186.6379447,0,0,-78
1755869186.6749446,-4,-2,-70
1755869186.713945,0,-1,-74
1755869186.7499447,3,2,-86
1755869186.7879446,5,3,-73
1755869186.8249447,0,4,-75
1755869186.8629446,0,-4,-75
1755869186.8989446,0,-3,-79
1755869186.9359446,10,-1,-70
1755869186.9749446,4,-2,-79
1755869187.0129447,2,0,-81
1755869187.0489447,0,0,-79
1755869187.085945,-4,2,-67
1755869187.1239443,-8,0,-69
1755869187.1629446,5,4,-76
1755869187.1989446,3,2,-80
1755869187.2359445,3,0,-75
1755869187.2739446,-1,0,-75
1755869187.3099446,-1,5,-75
1755869187.3469446,3,0,-76
1755869187.384945,0,3,-72
1755869187.4229443,0,-5,-67
1755869187.4589446,3,0,-68
1755869187.4959445,4,-2,-71
1755869187.5349443,-1,-4,-74
1755869187.5729446,-1,-1,-81
1755869187.608945,-7,-3,-75
1755869187.6469443,-1,2,-72
1755869187.6849446,5,8,-73
1755869187.723945,5,2,-78
1755869187.759945,1,5,-76
1755869187.7979443,1,0,-70
1755869187.835945,0,0,-78
1755869187.8739443,-1,-1,-74
1755869187.9099443,-8,3,-77
1755869187.9479446,7,0,-67
1755869187.9859445,2,-5,-71
1755869188.0249443,2,-2,-79
1755869188.062945,-4,3,-76
1755869188.098945,0,0,-70
1755869188.1359446,-5,7,-72
1755869188.1749446,-1,3,-78
1755869188.2129445,0,-3,-83
1755869188.2489443,3,4,-82
1755869188.2859447,6,-6,-79
1755869188.3249447,8,1,-78
1755869188.3609445,13,3,-84
1755869188.3979447,7,0,-75
1755869188.4359446,-2,-5,-78
1755869188.4749446,-5,-4,-88
1755869188.5109446,-1,0,-84
1755869188.5479443,3,0,-68
1755869188.585945,3,-4,-78
1755869188.6249447,3,-6,-85
1755869188.6609447,3,0,-77
1755869188.6979446,-2,-7,-70
1755869188.7359445,-4,-2,-74
1755869188.7749443,-1,3,-70
1755869188.8109446,-6,5,-69
1755869188.8479445,3,0,-72
1755869188.8859446,-2,-4,-86
1755869188.9249446,2,-3,-73
1755869188.960945,2,-7,-74
1755869188.9979446,0,-6,-72
1755869189.0439446,9,-3,-74
1755869189.0799446,2,-7,-73
1755869189.1179447,0,-3,-62
1755869189.1559446,9,0,-68
1755869189.1949446,3,0,-78
1755869189.2309446,-4,0,-75
1755869189.2679446,4,3,-65
1755869189.3059447,5,-2,-72
1755869189.3439443,0,1,-68
1755869189.3799446,-2,-3,-76
1755869189.417945,6,0,-64
1755869189.4559443,-1,-9,-68
1755869189.4939446,6,-2,-59
1755869189.529945,6,-3,-64
1755869189.5679443,-2,2,-64
1755869189.6059446,0,4,-71
1755869189.644945,-5,0,-66
1755869189.6809447,-3,-1,-74
1755869189.7189443,2,-4,-78
1755869189.756945,-2,-5,-75
1755869189.7959447,2,-3,-83
1755869189.8339446,8,1,-72
1755869189.8699446,5,-1,-64
1755869189.9069445,-8,-2,-56
1755869189.9459443,-4,11,-77
1755869189.983945,-5,0,-75
1755869190.019945,-5,-4,-69
1755869190.0579443,-5,2,-70
1755869190.0959446,-3,-5,-67
1755869190.134945,-2,-10,-67
1755869190.1709447,5,-5,-61
1755869190.2079446,0,0,-65
1755869190.2459445,4,1,-73
1755869190.2819445,9,3,-72
1755869190.3189447,8,-5,-75
1755869190.3569446,7,-4,-76
1755869190.3959446,7,-1,-83
1755869190.4319446,6,3,-78
1755869190.4689443,1,0,-74
1755869190.5059447,-3,5,-77
1755869190.5449443,2,-3,-80
1755869190.5809443,-4,-1,-66
1755869190.6189446,1,1,-73
1755869190.6569445,2,0,-67
1755869190.6959443,-4,-2,-75
1755869190.7319446,-4,0,-76
1755869190.7709446,-5,2,-82
1755869190.8079443,-2,-4,-75
1755869190.8459446,0,-2,-63
1755869190.884945,4,-12,-74
1755869190.9209447,6,-14,-83
1755869190.9579446,-1,-12,-81
1755869190.996945,-7,-3,-91
1755869191.0349443,0,-1,-70
1755869191.0709443,0,-1,-67
1755869191.108945,5,6,-72
1755869191.1469443,-5,-5,-71
1755869191.1849446,0,0,-69
1755869191.2209446,5,1,-53
1755869191.2589445,2,3,-77
1755869191.2969446,-2,0,-76
1755869191.3349447,-6,-2,-75
1755869191.3709445,2,-4,-74
1755869191.4089446,-4,1,-76
1755869191.4469447,-6,-3,-84
1755869191.4849446,0,1,-76
1755869191.5209446,2,-3,-72
1755869191.5589447,8,-4,-67
1755869191.5969446,7,-3,-63
1755869191.634945,7,1,-73
1755869191.6709447,4,2,-74
1755869191.7079446,-1,9,-81
1755869191.746945,-1,-1,-70
1755869191.7849443,-4,2,-81
1755869191.8209443,-7,0,-88
1755869191.858945,1,2,-81
1755869191.8969443,2,2,-77
1755869191.9349446,0,0,-80
1755869191.9709446,5,-1,-74
1755869192.0079446,4,0,-68
1755869192.0469446,-1,-1,-69
1755869192.0829446,0,0,-74
1755869192.1199446,-5,10,-76
1755869192.157945,-1,3,-81
1755869192.1969447,0,-2,-86
1755869192.2329447,-1,-3,-74
1755869192.2709446,-4,-5,-76
1755869192.3089447,3,-3,-72
1755869192.3469446,7,1,-68
1755869192.3829446,1,0,-71
1755869192.4199443,3,-1,-76
1755869192.4579446,-1,0,-86
1755869192.496945,1,-2,-76
1755869192.532945,2,1,-72
1755869192.5699446,7,3,-70
1755869192.6079447,1,6,-71
1755869192.6469443,8,5,-77
1755869192.6829443,4,0,-76
1755869192.7199447,3,-2,-83
1755869192.7579446,5,-7,-73
1755869192.7969446,3,-7,-74
1755869192.8329446,1,-1,-74
1755869192.8699446,0,-2,-79
1755869192.907945,3,-2,-74
1755869192.9469447,6,-5,-82
1755869192.9829447,2,-3,-76
1755869193.019945,3,-6,-67
1755869193.0579443,-1,6,-76
1755869193.0969446,-7,-3,-68
1755869193.1329446,-5,0,-68
1755869193.1699443,4,-2,-71
1755869193.2089446,4,5,-68
1755869193.246945,1,5,-84
1755869193.282945,-1,0,-74
1755869193.3209443,-3,0,-59
1755869193.358945,0,0,-80
1755869193.3979447,-5,-4,-70
1755869193.4359446,3,-4,-68
1755869193.4719446,-5,-6,-72
1755869193.509945,-4,-7,-79
1755869193.5479443,-4,-7,-70
1755869193.5869446,1,-5,-68
1755869193.6229446,4,-2,-70
1755869193.6609447,4,2,-80
1755869193.6979446,7,2,-68
1755869193.7359445,2,-1,-68
1755869193.7719443,-5,-1,-75
1755869193.8099446,-3,-2,-81
1755869193.8479445,-4,-3,-75
1755869193.8869443,0,4,-84
1755869193.9229443,8,2,-70
1755869193.9599447,0,-5,-73
1755869193.9979446,-4,-4,-81
1755869194.0369446,2,-3,-74
1755869194.0729446,-1,2,-66
1755869194.1109445,0,-3,-67
1755869194.1489446,-3,-3,-71
1755869194.187945,2,1,-80
1755869194.223945,5,-1,-71
1755869194.2609446,2,3,-71
1755869194.2979443,7,4,-71
1755869194.3339446,6,0,-69
1755869194.3709445,-1,2,-80
1755869194.4089446,0,1,-86
1755869194.4469447,0,0,-75
1755869194.4829447,6,0,-75
1755869194.519945,-2,-3,-64
1755869194.5589447,0,-7,-75
1755869194.5969446,10,-5,-80
1755869194.6329446,5,2,-74
1755869194.6699443,2,0,-75
1755869194.7079446,-2,-2,-73
1755869194.7439446,3,2,-65
1755869194.7809446,-1,1,-73
1755869194.8189447,-2,2,-78
1755869194.8579447,-10,0,-77
1755869194.8939445,-2,4,-77
1755869194.9319446,-4,-2,-69
1755869194.9699447,-4,0,-71
1755869195.0089445,5,0,-63
1755869195.0469446,5,5,-67
1755869195.0829446,3,4,-70
1755869195.1199446,7,-1,-77
1755869195.1589446,11,-5,-68
1755869195.1969447,3,0,-75
1755869195.2329447,-7,2,-72
1755869195.269945,0,1,-76
1755869195.3079443,-5,0,-76
1755869195.3439443,-1,0,-81
1755869195.3809447,-5,-5,-82
1755869195.4189446,0,-2,-72
1755869195.4579446,0,1,-76
1755869195.4939446,0,1,-76
1755869195.5309446,6,-2,-78
1755869195.5699446,7,-7,-78
1755869195.6079447,4,-2,-70
1755869195.6439445,0,-9,-63
1755869195.6809447,-1,-3,-77
1755869195.7189443,0,-4,-79
1755869195.7579446,3,-2,-82
1755869195.7939446,-1,0,-76
1755869195.8309443,-2,-4,-70
1755869195.8689446,3,1,-72
1755869195.904945,-1,2,-74
1755869195.9429443,0,-5,-85
1755869195.9799447,0,-5,-78
1755869196.0189445,-5,-9,-76
1755869196.0549445,-2,-7,-79
1755869196.0929446,-5,-3,-77
1755869196.1309447,-8,0,-84
1755869196.1689446,1,4,-71
1755869196.2049446,-8,2,-69
1755869196.2419446,1,0,-78
1755869196.279945,2,-1,-73
1755869196.3189447,-4,0,-60
1755869196.3549447,-6,-2,-79
1755869196.3929446,-5,-2,-69
1755869196.4309447,-4,-4,-64
1755869196.4699447,-1,-3,-73
1755869196.5079446,0,-8,-65
1755869196.5439446,-5,-2,-82
1755869196.5819447,0,-4,-84
1755869196.6199446,0,-1,-74
1755869196.6589446,0,2,-76
1755869196.6949446,-3,0,-80
1755869196.7329447,-3,8,-75
1755869196.7719443,-7,0,-72
1755869196.8099446,-7,-1,-80
1755869196.8479445,0,-2,-72
1755869196.8839445,0,2,-81
1755869196.9219446,0,-1,-78
1755869196.9599447,0,0,-69
1755869196.9979446,-6,3,-67
1755869197.0339446,0,10,-81
1755869197.0709443,-4,-2,-71
1755869197.1099446,6,3,-75
1755869197.1479447,4,-2,-72
1755869197.1839447,-5,-2,-67
1755869197.2219446,0,-2,-71
1755869197.259945,2,-3,-83
1755869197.2989447,0,-1,-78
1755869197.3349447,6,-1,-72
1755869197.371945,-1,2,-67
1755869197.4099443,-2,-2,-63
1755869197.4489446,0,-8,-71
1755869197.4849446,1,-12,-74
1755869197.5219443,-5,-2,-77
1755869197.5599446,-4,-6,-74
1755869197.598945,-2,-4,-74
1755869197.634945,-3,-2,-72
1755869197.6729443,1,-6,-73
1755869197.710945,2,-3,-81
1755869197.7499447,-2,2,-71
1755869197.7859447,0,5,-80
1755869197.8229446,-1,6,-82
1755869197.8609445,0,8,-82
1755869197.8989446,1,10,-87
1755869197.9349446,7,3,-74
1755869197.9719446,0,0,-80
1755869198.009945,-2,1,-73
1755869198.0459447,0,0,-79
1755869198.0829446,2,3,-78
1755869198.1209445,-6,3,-83
1755869198.1599443,-3,-7,-70
1755869198.1959443,-4,0,-77
1755869198.2329447,3,-4,-79
1755869198.2709446,1,0,-75
1755869198.3089447,0,4,-74
1755869198.3459446,-2,4,-77
1755869198.3829446,0,4,-69
1755869198.4209447,0,3,-78
1755869198.4589446,0,4,-79
1755869198.4949446,0,-1,-74
1755869198.532945,-1,1,-79
1755869198.5709443,-7,-2,-69
1755869198.6099446,0,-6,-75
1755869198.6459446,-3,3,-62
1755869198.6829443,-1,1,-66
1755869198.7209446,-3,3,-75
1755869198.759945,-2,-1,-64
1755869198.7959447,0,-3,-69
1755869198.8329446,-6,-5,-80
1755869198.8709445,0,-8,-60
1755869198.9099443,-1,-6,-73
1755869198.9459443,3,0,-67
1755869198.9829447,-2,0,-82
1755869199.0209446,1,-3,-81
1755869199.0649445,0,4,-79
1755869199.1029446,2,-3,-68
1755869199.1409447,6,0,-76
1755869199.1799445,1,-4,-71
1755869199.2159443,0,0,-69
1755869199.2529447,1,-5,-80
1755869199.2909446,0,-3,-75
1755869199.3299446,-6,-4,-72
1755869199.3659446,-7,1,-67
1755869199.4029446,0,2,-62
1755869199.440945,1,0,-67
1755869199.4769447,-2,0,-67
1755869199.5139446,-3,1,-82
1755869199.552945,7,0,-79
1755869199.5909443,6,5,-75
1755869199.6269443,7,0,-70
1755869199.6639447,0,2,-72
1755869199.700945,0,3,-79
1755869199.736945,-1,1,-79
1755869199.7749443,0,2,-78
1755869199.8119447,-1,2,-78
1755869199.8509445,-1,-2,-74
1755869199.8869443,-3,-3,-87
1755869199.9249446,5,-1,-73
1755869199.9629445,1,-8,-65
1755869200.0019443,4,3,-73
1755869200.0399446,0,1,-79
1755869200.075945,2,-11,-80
1755869200.1139443,-2,-8,-67
1755869200.1519446,0,-6,-66
1755869200.1899445,6,2,-65
1755869200.2259445,5,1,-70
1755869200.2629447,3,1,-59
1755869200.3019447,4,0,-70
1755869200.3399446,5,0,-58
1755869200.3759446,6,-1,-68
1755869200.4129446,12,-2,-77
1755869200.4519446,-5,-1,-84
1755869200.4899447,-10,-1,-87
1755869200.5259447,-1,0,-74
1755869200.5639446,1,0,-67
1755869200.6019447,0,2,-66
1755869200.6409447,-1,0,-65
1755869200.6769447,-7,-7,-76
1755869200.7149446,-5,-7,-74
1755869200.7529447,9,-3,-70
1755869200.7919445,7,1,-71
1755869200.8299446,2,0,-76
1755869200.8659446,-3,0,-57
1755869200.9029446,0,3,-71
1755869200.940945,5,0,-76
1755869200.9779446,6,-2,-73
1755869201.0149446,6,-5,-65
1755869201.052945,0,-7,-67
1755869201.0919447,-3,-8,-55
1755869201.1279447,-2,-5,-70
1755869201.1659446,4,-5,-77
1755869201.2039447,-2,-5,-84
1755869201.2419446,2,0,-87
1755869201.2809446,0,3,-81
1755869201.3169446,3,1,-81
1755869201.3539443,3,1,-76
1755869201.3919446,-1,4,-78
1755869201.427945,-3,0,-66
1755869201.4649446,0,-1,-59
1755869201.5029447,2,-2,-68
1755869201.5409446,0,-5,-68
1755869201.5769446,0,-4,-73
1755869201.6149447,2,0,-83
1755869201.6519446,0,-1,-72
1755869201.690945,-6,-7,-74
1755869201.7269447,-7,3,-78
1755869201.7649446,-4,0,-73
1755869201.802945,0,0,-75
1755869201.8419447,-1,-2,-88
1755869201.8779447,0,5,-94
1755869201.9149446,-4,0,-76
1755869201.9529445,-8,-2,-66
1755869201.9919446,-4,-4,-64
1755869202.0279446,-3,7,-74
1755869202.0649445,-4,0,-80
1755869202.1029446,4,-1,-78
1755869202.1419446,-3,-3,-81
1755869202.177945,-8,-4,-75
1755869202.2159443,-6,-11,-91
1755869202.2539446,0,-4,-80
1755869202.292945,-3,-2,-87
1755869202.3309443,0,1,-79
1755869202.3669446,0,1,-75
1755869202.4039447,-6,2,-80
1755869202.4429443,0,1,-79
1755869202.4809446,4,-3,-71
1755869202.5169446,2,-1,-72
1755869202.5539446,2,-3,-65
1755869202.5929446,-2,1,-71
1755869202.6309447,2,-3,-74
1755869202.6669445,5,7,-78
1755869202.7039447,0,1,-65
1755869202.7419446,-1,5,-82
1755869202.7779446,-2,-4,-76
1755869202.815945,5,0,-78
1755869202.8539443,0,-7,-61
1755869202.8919446,-4,2,-72
1755869202.927945,-2,6,-81
1755869202.9649446,-1,3,-79
1755869203.0039446,-4,3,-80
1755869203.0419445,5,1,-64
1755869203.0779445,-1,9,-60
1755869203.1159446,0,0,-63
1755869203.1539447,3,-3,-72
1755869203.1919446,4,3,-77
1755869203.2279446,-2,4,-67
1755869203.2649446,-6,-1,-73
1755869203.3039446,-2,-1,-70
1755869203.3419447,0,1,-67
1755869203.3789446,-1,-2,-75
1755869203.4159446,-4,-3,-69
1755869203.4539447,3,-2,-77
1755869203.4929447,0,0,-78
1755869203.5289447,-1,2,-83
1755869203.565945,2,0,-81
1755869203.6039443,3,-1,-69
1755869203.6419446,6,1,-74
1755869203.677945,-4,3,-73
1755869203.7159443,-2,4,-73
1755869203.7539446,2,6,-82
1755869203.7919445,-1,3,-81
1755869203.8279445,-4,0,-76
1755869203.8659446,3,-1,-75
1755869203.9039447,7,-3,-86
1755869203.9429443,2,-1,-68
1755869203.9789443,-4,1,-80
1755869204.0159447,0,3,-75
1755869204.0539446,2,3,-66
1755869204.0919447,4,5,-70
1755869204.1279447,2,-2,-79
1755869204.1659446,6,0,-75
1755869204.2039447,7,-3,-77
1755869204.2429447,6,-2,-84
1755869204.2789447,3,-11,-83
1755869204.3169446,4,0,-76
1755869204.3539443,4,2,-67
1755869204.3929446,4,-4,-73
1755869204.4289446,2,-5,-68
1755869204.4659443,2,0,-64
1755869204.5039446,2,2,-73
1755869204.5419445,4,3,-78
1755869204.5779445,-5,0,-81
1755869204.6149447,-7,2,-74
1755869204.6539447,-4,7,-80
1755869204.6899445,-5,2,-75
1755869204.7279446,-2,-5,-67
1755869204.7659447,1,1,-72
1755869204.8039446,-1,-3,-78
1755869204.8399446,-7,0,-75
1755869204.8779447,-2,-1,-64
1755869204.9159446,6,4,-71
1755869204.9549446,-3,4,-74
1755869204.9929447,0,7,-70
1755869205.0289447,-2,2,-69
1755869205.065945,-7,3,-69
1755869205.1049447,1,-4,-78
1755869205.1429446,6,2,-70
1755869205.1789446,2,1,-69
1755869205.2159443,-4,3,-74
1755869205.2549446,-4,0,-87
1755869205.292945,-8,2,-66
1755869205.3289447,0,3,-78
1755869205.3669446,-4,1,-81
1755869205.404945,-7,0,-87
1755869205.4439447,-3,-3,-72
1755869205.4799447,-6,1,-73
1755869205.5169446,0,5,-71
1755869205.5549445,-3,-4,-73
1755869205.5929446,0,-4,-75
1755869205.6289446,0,0,-81
1755869205.6659446,0,-4,-71
1755869205.7049446,0,-2,-80
1755869205.7429447,-2,3,-74
1755869205.779945,0,2,-65
1755869205.8169446,-5,1,-64
1755869205.8549447,5,3,-64
1755869205.8929446,6,-4,-63
1755869205.9289446,4,-12,-65
1755869205.9669447,0,0,-69
1755869206.0049446,-3,1,-74
1755869206.0439446,-1,-2,-77
1755869206.0799446,-3,-4,-83
1755869206.1179447,-2,0,-72
1755869206.1559446,-1,3,-78
1755869206.1949446,7,0,-78
1755869206.2329447,1,2,-66
1755869206.2689445,1,5,-70
1755869206.3059447,4,0,-74
1755869206.3439443,4,4,-68
1755869206.3799446,0,0,-76
1755869206.4169445,0,3,-78
1755869206.4549446,-2,1,-68
1755869206.4909446,0,-3,-70
1755869206.529945,1,-6,-68
1755869206.5669446,0,-3,-80
1755869206.6049447,5,-5,-79
1755869206.6439445,0,-5,-73
1755869206.6799445,8,-5,-75
1755869206.7169447,10,-3,-74
1755869206.7549446,6,1,-75
1755869206.7939446,9,-2,-69
1755869206.8299446,-2,0,-79
1755869206.8679447,0,2,-70
1755869206.9059446,0,-4,-66
1755869206.9439447,0,0,-65
1755869206.9799447,-3,3,-80
1755869207.0169446,0,-2,-66
1755869207.0559447,1,-1,-75
1755869207.0939443,0,-3,-73
1755869207.1299446,-1,1,-72
1755869207.1669445,-1,-8,-57
1755869207.2059443,0,-4,-64
1755869207.2439446,-8,2,-69
1755869207.279945,-11,1,-71
1755869207.3179443,-2,2,-83
1755869207.3559446,0,0,-81
1755869207.3939445,1,-3,-78
1755869207.4299445,0,-10,-67
1755869207.4669447,0,-2,-76
1755869207.5059447,-5,-4,-82
1755869207.5439446,-9,0,-74
1755869207.5799446,-4,1,-71
1755869207.6179447,-11,-3,-68
1755869207.6559446,-7,5,-66
1755869207.6949446,-2,2,-69
1755869207.7309446,0,0,-65
1755869207.7679446,7,-2,-68
1755869207.8059447,-2,2,-76
1755869207.8449447,0,-2,-84
1755869207.8809447,-1,0,-89
1755869207.917945,-3,-2,-75
1755869207.9559443,7,-4,-78
1755869207.9949446,0,-8,-75
1755869208.0309446,1,-13,-83
1755869208.0679443,10,-1,-78
1755869208.1059446,-3,-4,-70
1755869208.144945,-1,-4,-67
1755869208.1809447,-1,-5,-79
1755869208.2189443,-1,-1,-83
1755869208.256945,3,1,-68
1755869208.2949443,0,0,-78
1755869208.3309443,-8,0,-76
1755869208.3679447,-5,6,-77
1755869208.4059446,-3,1,-74
1755869208.4449446,-2,-3,-72
1755869208.4809446,4,1,-86
1755869208.5179446,7,-1,-84
1755869208.5559447,0,-1,-61
1755869208.5949447,1,2,-74
1755869208.6309447,-3,0,-80
1755869208.6689446,-5,-3,-74
1755869208.7069447,0,0,-62
1755869208.7449446,2,0,-70
1755869208.7809446,-1,0,-79
1755869208.8179443,0,1,-75
1755869208.8559446,-2,-3,-65
1755869208.8929446,-2,1,-77
1755869208.9309447,-5,-5,-68
1755869208.9679446,-9,-2,-76
1755869209.006945,0,0,-74
1755869209.0449443,-4,3,-75
1755869209.0899446,-2,3,-73
1755869209.1269443,1,-2,-66
1755869209.1659446,5,-1,-86
1755869209.2019446,-7,-2,-88
1755869209.2399447,-4,-5,-82
1755869209.2779446,4,-2,-80
1755869209.3169446,2,1,-70
1755869209.3549447,-8,3,-61
1755869209.3909447,-2,0,-74
1755869209.427945,-1,-1,-92
1755869209.4669447,0,0,-76
1755869209.5049446,-2,1,-66
1755869209.5409446,1,-5,-66
1755869209.5779445,-6,0,-67
1755869209.6169446,0,2,-80
1755869209.654945,-7,-3,-76
1755869209.690945,4,0,-84
1755869209.7279446,4,5,-75
1755869209.7659447,4,0,-64
1755869209.8019447,-1,-4,-77
1755869209.8399446,-6,2,-68
1755869209.8779447,-3,-2,-81
1755869209.9169445,1,0,-79
1755869209.9529445,5,7,-74
1755869209.9899447,2,-4,-84
1755869210.0279446,6,0,-73
1755869210.065945,-1,-1,-72
1755869210.1019447,6,-4,-72
1755869210.1389446,6,-8,-71
1755869210.1769447,-7,-5,-84
1755869210.2159443,3,-8,-81
1755869210.2519443,0,-10,-72
1755869210.2889447,11,-1,-77
1755869210.3269446,7,6,-77
1755869210.3659446,4,4,-70
1755869210.4019446,0,0,-80
1755869210.4389446,-2,1,-74
1755869210.4769447,0,2,-76
1755869210.5159447,-6,-1,-86
1755869210.5519447,3,1,-83
1755869210.588945,4,0,-67
1755869210.6269443,12,-2,-68
1755869210.6659446,-2,1,-70
1755869210.7019446,0,2,-69
1755869210.7389443,7,1,-87
1755869210.7779446,0,4,-76
1755869210.815945,0,0,-73
1755869210.8519447,-10,0,-77
1755869210.8889446,0,4,-75
1755869210.9269447,0,0,-86
1755869210.9629445,2,-6,-73
1755869211.0009446,2,7,-64
1755869211.0379446,0,2,-78
1755869211.0769446,-5,-2,-74
1755869211.1129446,0,-1,-72
1755869211.1509447,1,2,-69
1755869211.187945,7,-6,-71
1755869211.2269447,3,3,-80
1755869211.2629447,7,-2,-75
1755869211.3009446,1,1,-74
1755869211.3379445,0,-1,-82
1755869211.3769443,-3,6,-74
1755869211.4129446,3,1,-76
1755869211.450945,2,-2,-77
1755869211.4889443,3,-2,-79
1755869211.5279446,-1,-2,-70
1755869211.565945,-3,-4,-77
1755869211.6019447,-4,1,-74
1755869211.6389446,-1,-6,-72
1755869211.677945,1,-7,-82
1755869211.7159443,2,-4,-77
1755869211.7519443,0,0,-66
1755869211.7899446,0,-4,-60
1755869211.8279445,-5,-1,-80
1755869211.8639443,-2,-11,-80
1755869211.9029446,-1,-1,-69
1755869211.9399445,-1,-2,-61
1755869211.9779446,-2,1,-74
1755869212.0169446,-7,1,-75
1755869212.052945,-1,0,-68
1755869212.0899446,0,1,-75
1755869212.1279447,-6,2,-69
1755869212.1639447,-4,0,-68
1755869212.2029445,-7,5,-79
1755869212.2399447,-4,1,-73
1755869212.2779446,-2,0,-68
1755869212.3169446,-1,0,-63
1755869212.3529446,2,1,-64
1755869212.3899446,2,2,-68
1755869212.427945,-6,-6,-75
1755869212.463945,0,-2,-67
1755869212.5009446,0,-2,-67
1755869212.5389447,2,1,-66
1755869212.5779445,5,3,-73
1755869212.6139443,-3,1,-71
1755869212.6509447,-1,2,-78
1755869212.6889446,5,5,-73
1755869212.7279446,0,0,-73
1755869212.7639446,-3,-1,-66
1755869212.802945,-3,1,-77
1755869212.8399446,2,0,-73
1755869212.8779447,-2,-2,-78
1755869212.9139447,-5,-4,-81
1755869212.9519446,0,0,-72
1755869212.9899447,4,-4,-76
1755869213.0289447,5,-3,-84
1755869213.0669446,4,-6,-79
1755869213.1029446,0,-1,-89
1755869213.1399446,5,0,-88
1755869213.177945,-6,0,-71
1755869213.213945,-6,-1,-69
1755869213.2519443,4,-3,-63
1755869213.2899446,2,0,-66
1755869213.3289447,1,0,-71
1755869213.3669446,0,0,-79
1755869213.4029446,3,3,-81
1755869213.4399445,-3,-1,-84
1755869213.4789443,0,-4,-82
1755869213.5149446,0,-2,-83
1755869213.552945,0,2,-74
1755869213.5899446,-8,0,-74
1755869213.6289446,-7,-2,-81
1755869213.6649446,-9,0,-83
1755869213.7019446,-3,3,-69
1755869213.7399447,-1,2,-75
1755869213.7789447,3,9,-74
1755869213.8149445,-1,8,-79
1755869213.8519447,0,3,-82
1755869213.8899446,8,1,-78
1755869213.927945,0,7,-70
1755869213.963945,1,8,-71
1755869214.0019443,5,6,-73
1755869214.0399446,4,0,-80
1755869214.0779445,3,-3,-75
1755869214.1139443,1,1,-86
1755869214.1519446,-5,0,-73
1755869214.1899445,-1,-4,-75
1755869214.2289443,-1,-8,-75
1755869214.2649446,1,-4,-75
1755869214.3019447,0,-6,-78
1755869214.3399446,6,2,-87
1755869214.3789446,8,3,-74
1755869214.4149446,4,1,-71
1755869214.4519446,4,-5,-77
1755869214.4899447,4,1,-68
1755869214.5289447,3,-2,-63
1755869214.5649445,0,1,-77
1755869214.6019447,4,4,-77
1755869214.6399446,-3,2,-74
1755869214.677945,-1,-5,-71
1755869214.713945,0,2,-70
1755869214.7519443,-5,0,-78
1755869214.7909446,-6,3,-76
1755869214.8289447,-2,2,-83
1755869214.8649447,-3,3,-70
1755869214.9019446,-1,-5,-79
1755869214.9399445,0,-5,-83
1755869214.9789443,6,-6,-80
1755869215.0149446,-1,-6,-78
1755869215.052945,2,-4,-79
1755869215.0909443,3,3,-83
1755869215.1289446,-2,6,-73
1755869215.1649446,-1,7,-57
1755869215.2019446,-4,-3,-60
1755869215.2399447,-4,0,-65
1755869215.2789447,-5,0,-83
1755869215.3149445,-4,6,-92
1755869215.3519447,3,8,-76
1755869215.3899446,5,6,-81
1755869215.4259446,-4,2,-71
1755869215.4629445,0,-7,-77
1755869215.5009446,-1,-3,-80
1755869215.5399446,8,0,-75
1755869215.575945,1,-1,-76
1755869215.6129446,3,-4,-66
1755869215.6509447,-1,0,-69
1755869215.6899445,2,2,-86
1755869215.7259445,0,0,-82
1755869215.7629447,-3,-1,-77
1755869215.8009446,5,3,-70
1755869215.838945,6,1,-83
1755869215.8749447,3,-2,-67
1755869215.9129446,0,-3,-76
1755869215.950945,0,2,-85
1755869215.9889443,-3,2,-80
1755869216.0249443,0,3,-71
1755869216.062945,2,5,-74
1755869216.1009445,-5,-2,-73
1755869216.1389446,-6,5,-74
1755869216.1749446,-2,4,-75
1755869216.2129445,2,3,-72
1755869216.2509446,2,-4,-76
1755869216.2889447,0,-5,-75
1755869216.3249447,3,0,-75
1755869216.3629446,0,-1,-73
1755869216.4009447,0,0,-67
1755869216.4389446,0,1,-71
1755869216.4749446,4,2,-70
1755869216.5119443,2,-4,-69
1755869216.5509446,5,-6,-76
1755869216.588945,3,0,-81
1755869216.6249447,0,0,-80
1755869216.6619446,3,-3,-81
1755869216.700945,4,7,-67
1755869216.7389443,-2,4,-71
1755869216.7749443,0,0,-65
1755869216.8119447,2,-2,-67
1755869216.8509445,2,-7,-76
1755869216.8889446,3,-4,-75
1755869216.9249446,6,0,-78
1755869216.9619446,12,9,-74
1755869216.9999447,5,-1,-73
1755869217.0359447,-1,-2,-72
1755869217.0749447,-3,-2,-73
1755869217.111945,5,0,-70
1755869217.1499443,2,-2,-73
1755869217.1859446,-1,-2,-68
1755869217.223945,1,-1,-68
1755869217.2619443,-1,-1,-77
1755869217.3009446,5,-6,-73
1755869217.3369446,9,-2,-76
1755869217.3739443,2,-3,-79
1755869217.4119446,-2,-9,-79
1755869217.450945,-10,-2,-73
1755869217.486945,-11,-3,-65
1755869217.5249443,0,0,-60
1755869217.5619447,-3,1,-55
1755869217.6009445,0,0,-61
1755869217.6369443,-5,-2,-69
1755869217.6749446,-3,2,-69
1755869217.7129445,0,0,-77
1755869217.7509446,1,-2,-74
1755869217.7899446,-4,2,-73
1755869217.825945,4,3,-75
1755869217.8639443,-1,3,-54
1755869217.9019446,6,3,-59
1755869217.9399445,-3,-5,-68
1755869217.9759445,-2,1,-67
1755869218.0139446,-2,1,-59
1755869218.0519447,0,5,-68
1755869218.0899446,0,1,-83
1755869218.1259446,0,-7,-72
1755869218.1639447,-5,-1,-71
1755869218.2019446,-3,1,-71
1755869218.2409446,4,-4,-75
1755869218.2769446,-1,3,-68
1755869218.3139446,1,-2,-77
1755869218.3519447,6,1,-73
1755869218.3899446,2,-1,-73
1755869218.4269447,5,2,-68
1755869218.463945,0,-1,-70
1755869218.5019443,-2,-1,-72
1755869218.5409446,0,8,-72
1755869218.5769446,1,5,-73
1755869218.6139443,0,-1,-82
1755869218.6519446,-2,-4,-74
1755869218.690945,1,0,-80
1755869218.7269447,9,1,-81
1755869218.7639446,0,-6,-69
1755869218.8019447,-2,-2,-68
1755869218.8409443,-3,0,-79
1755869218.8769443,0,-2,-76
1755869218.9139447,0,0,-71
1755869218.9519446,-3,-4,-69
1755869218.9909446,-3,-4,-72
1755869219.0269446,-4,-2,-75
1755869219.0649445,2,5,-76
1755869219.1109445,0,4,-68
1755869219.1469443,-8,-3,-70
1755869219.1849446,5,3,-82
1755869219.2229445,-2,1,-81
1755869219.2619443,0,-1,-71
1755869219.2979443,-1,2,-75
1755869219.3349447,7,-1,-69
1755869219.3729446,7,-2,-59
1755869219.4119446,0,-2,-70
1755869219.4479446,2,-1,-72
1755869219.4849446,1,-13,-68
1755869219.5229447,0,-3,-73
1755869219.5619447,1,-3,-67
1755869219.5979445,-3,1,-78
1755869219.634945,-2,3,-74
1755869219.6729443,3,0,-83
1755869219.710945,5,2,-68
1755869219.746945,10,0,-71
1755869219.7849443,6,0,-78
1755869219.8229446,0,0,-86
1755869219.8609445,2,1,-76
1755869219.8969443,-5,5,-74
1755869219.9339447,-8,3,-70
1755869219.9729445,0,3,-63
1755869220.0109446,0,-3,-63
1755869220.0469446,6,-6,-75
1755869220.0839446,7,-2,-72
1755869220.1229446,3,5,-60
1755869220.1609447,-1,1,-65
1755869220.1969447,0,0,-66
1755869220.233945,3,-6,-78
1755869220.2729447,2,-4,-76
1755869220.3109446,-3,0,-78
1755869220.3469446,7,-1,-74
1755869220.384945,-3,1,-70
1755869220.4229443,-2,3,-81
1755869220.4619446,2,10,-72
1755869220.4979446,7,3,-73
1755869220.5349443,11,-2,-81
1755869220.5729446,3,0,-74
1755869220.611945,0,0,-79
1755869220.6479447,-1,4,-74
1755869220.6849446,4,1,-72
1755869220.7229445,7,2,-82
1755869220.7589445,2,-1,-71
1755869220.7979443,-6,-1,-83
1755869220.8349447,0,-5,-78
1755869220.8729446,4,0,-73
1755869220.9089446,-5,1,-75
1755869220.9459443,-1,4,-67
1755869220.983945,-1,-1,-73
1755869221.0229447,-3,10,-62
1755869221.0589447,2,1,-59
1755869221.0959446,-1,-4,-75
1755869221.1339445,-3,-7,-76
1755869221.1729443,-3,0,-77
1755869221.2089446,-4,-4,-87
1755869221.246945,2,2,-80
1755869221.2849443,-3,-2,-76
1755869221.3229446,1,-4,-68
1755869221.361945,0,-4,-71
1755869221.3979447,7,-4,-73
1755869221.4359446,1,1,-70
1755869221.473945,-4,0,-70
1755869221.5119443,-4,2,-68
1755869221.5479443,0,0,-69
1755869221.585945,1,0,-74
1755869221.6239443,-3,-1,-76
1755869221.6619446,3,-5,-80
1755869221.6979446,7,-7,-72
1755869221.7359445,4,-4,-78
1755869221.7739446,9,-7,-83
1755869221.8119447,-3,3,-78
1755869221.8479445,0,-1,-80
1755869221.884945,6,-7,-80
1755869221.9239447,2,2,-75
1755869221.9619446,-2,0,-89
1755869221.9979446,0,0,-69
1755869222.0359447,2,2,-75
1755869222.0739446,2,-3,-62
1755869222.111945,3,3,-68
1755869222.1479447,0,0,-80
1755869222.1849446,-2,2,-79
1755869222.223945,-4,1,-84
1755869222.2619443,4,7,-77
1755869222.2979443,3,8,-68
1755869222.3349447,0,2,-68
1755869222.3739443,1,0,-67
1755869222.4119446,-2,1,-81
1755869222.4479446,-1,-1,-82
1755869222.4859445,3,0,-76
1755869222.5239446,-3,4,-78
1755869222.5599446,3,-1,-77
1755869222.5969446,-4,-4,-80
1755869222.6359446,0,2,-72
1755869222.6739447,2,8,-72
1755869222.7099447,-2,5,-80
1755869222.7479446,2,-2,-73
1755869222.7859447,0,-3,-70
1755869222.8239446,1,-3,-67
1755869222.8629446,0,-2,-74
1755869222.8989446,-1,1,-74
1755869222.9359446,1,-2,-81
1755869222.973945,-1,-5,-75
1755869223.0129447,1,9,-69
1755869223.0489447,4,4,-65
1755869223.085945,-1,0,-63
1755869223.1239443,0,-1,-67
1755869223.1629446,1,0,-62
1755869223.1989446,0,-1,-62
1755869223.2359445,-7,9,-79
1755869223.2749443,-7,0,-75
1755869223.312945,-1,-6,-54
1755869223.348945,3,4,-71
1755869223.3859446,0,-3,-77
1755869223.4249446,0,-2,-81
1755869223.4629445,-5,1,-79
1755869223.4989443,-1,-3,-78
1755869223.5369446,-4,-2,-68
1755869223.5749447,3,-3,-62
1755869223.6139443,-3,0,-67
1755869223.6499443,3,-1,-74
1755869223.6869447,0,2,-70
1755869223.7249446,-2,0,-70
1755869223.7629447,2,-1,-65
1755869223.7989447,5,1,-64
1755869223.835945,0,3,-76
1755869223.8739443,-1,-3,-84
1755869223.9099443,-3,-3,-84
1755869223.9489446,0,-3,-72
1755869223.9859445,6,-4,-79
1755869224.0249443,2,-2,-84
1755869224.062945,1,3,-88
1755869224.098945,-1,7,-86
1755869224.1359446,2,0,-80
1755869224.1749446,-3,1,-74
1755869224.2129445,1,-2,-68
1755869224.2489443,3,-2,-67
1755869224.2859447,5,-1,-72
1755869224.3249447,-3,-2,-77
1755869224.3609445,-8,-9,-83
1755869224.3989446,-1,-5,-77
1755869224.4369447,-7,-6,-72
1755869224.4749446,-7,-2,-68
1755869224.5139446,-3,-3,-69
1755869224.5499446,1,0,-77
1755869224.5869446,2,-1,-80
1755869224.6249447,-1,-1,-72
1755869224.6639447,0,1,-75
1755869224.6999447,0,-5,-84
1755869224.736945,1,2,-73
1755869224.7749443,1,3,-73
1755869224.8109446,-2,-2,-78
1755869224.848945,0,-1,-78
1755869224.8869443,-2,-4,-78
1755869224.9249446,2,2,-79
1755869224.960945,-6,0,-78
1755869224.9989443,0,2,-77
1755869225.0369446,3,7,-87
1755869225.0749447,-2,0,-79
1755869225.1109445,0,-3,-70
1755869225.1479447,-5,-2,-80
1755869225.1859446,-1,-5,-70
1755869225.2249446,2,0,-75
1755869225.2609446,-2,1,-79
1755869225.2989447,9,1,-81
1755869225.335945,10,0,-84
1755869225.3749447,5,-7,-72
1755869225.4109447,2,-4,-76
1755869225.4479446,2,2,-74
1755869225.4859445,4,1,-83
1755869225.5239446,-1,11,-78
1755869225.5599446,0,2,-77
1755869225.5979445,2,1,-82
1755869225.6359446,9,-7,-74
1755869225.6739447,2,-4,-69
1755869225.7099447,-1,1,-70
1755869225.7479446,-4,-1,-81
1755869225.7869446,1,3,-68
1755869225.8249447,0,-1,-69
1755869225.8609445,1,-3,-68
1755869225.8979447,7,-8,-93
1755869225.9359446,5,0,-87
1755869225.9749446,-2,0,-70
1755869226.0109446,4,2,-67
1755869226.0479443,3,-3,-75
1755869226.085945,1,-1,-67
1755869226.1249447,1,5,-73
1755869226.1609447,2,7,-68
1755869226.1979446,1,5,-65
1755869226.2359445,0,3,-72
1755869226.2719443,3,3,-72
1755869226.3089447,-1,-1,-82
1755869226.3469446,-4,0,-80
1755869226.3859446,-2,0,-70
1755869226.4229443,0,0,-75
1755869226.4599447,0,5,-78
1755869226.4979446,2,-4,-84
1755869226.5359447,1,-3,-87
1755869226.5749447,-5,-1,-71
1755869226.6109445,-1,-5,-85
1755869226.6499443,-4,-2,-78
1755869226.6869447,-1,-1,-76
1755869226.7259445,-5,-3,-74
1755869226.7619443,-7,0,-69
1755869226.7999446,2,2,-73
1755869226.8369446,2,-5,-76
1755869226.8759446,2,1,-78
1755869226.9119446,4,1,-73
1755869226.9499447,0,-3,-87
1755869226.9879446,0,7,-81
1755869227.0259447,3,5,-81
1755869227.0619447,0,1,-74
1755869227.0999446,2,0,-72
1755869227.1369443,-1,-6,-68
1755869227.1759446,2,-2,-58
1755869227.2119446,-6,-4,-62
1755869227.2499447,2,-4,-73
1755869227.2879446,1,0,-73
1755869227.325945,-1,-3,-67
1755869227.361945,-1,-2,-65
1755869227.3999443,0,-2,-69
1755869227.437945,-3,6,-72
1755869227.4769447,0,1,-68
1755869227.5149446,-2,0,-67
1755869227.5509446,-1,0,-71
1755869227.5879445,-6,-3,-72
1755869227.6269443,0,1,-83
1755869227.6649446,6,-1,-75
1755869227.700945,2,-2,-78
1755869227.7379446,-2,3,-69
1755869227.7769446,0,3,-71
1755869227.8149445,-3,-1,-67
1755869227.8509445,1,5,-71
1755869227.8879447,-2,2,-85
1755869227.9269447,-6,1,-81
1755869227.9629445,1,-6,-81
1755869228.0009446,5,-2,-65
1755869228.0389447,0,-6,-81
1755869228.0769446,-3,0,-79
1755869228.1159446,0,-4,-82
1755869228.1519446,4,-3,-72
1755869228.1899445,-5,-2,-73
1755869228.2279446,-2,1,-74
1755869228.2669446,-14,1,-77
1755869228.302945,-1,5,-68
1755869228.3399446,3,12,-63
1755869228.3779447,-1,7,-77
1755869228.4169445,-6,-12,-80
1755869228.4529445,-1,-6,-76
1755869228.4909446,-3,-4,-66
1755869228.5289447,-2,-2,-85
1755869228.5669446,2,1,-77
1755869228.6059446,-1,8,-81
1755869228.6419446,1,10,-86
1755869228.6789446,0,6,-75
1755869228.7179446,6,-3,-68
1755869228.7559447,0,0,-70
1755869228.7919445,0,-3,-75
1755869228.8289447,-4,0,-69
1755869228.8679447,-4,-2,-69
1755869228.9059446,0,-9,-75
1755869228.9419446,1,-1,-68
1755869228.9789443,0,0,-76
1755869229.0169446,-1,0,-68
1755869229.052945,-2,1,-75
1755869229.0909443,1,0,-74
1755869229.1369443,8,1,-64
1755869229.1729443,0,0,-66
1755869229.2099447,0,0,-65
1755869229.2479446,-3,-5,-76
1755869229.2869446,4,-4,-76
1755869229.3229446,-2,-2,-74
1755869229.3609445,1,-7,-64
1755869229.3989446,5,3,-76
1755869229.4369447,7,-1,-77
1755869229.4729445,2,1,-82
1755869229.509945,0,-3,-80
1755869229.5479443,2,2,-76
1755869229.585945,0,1,-74
1755869229.621945,1,5,-79
1755869229.6589446,-2,-4,-76
1755869229.6979446,0,-9,-75
1755869229.733945,-3,-5,-74
1755869229.7729447,7,3,-78
1755869229.8099446,6,2,-71
1755869229.8479445,-2,-1,-78
1755869229.8839445,-8,-3,-69
1755869229.9219446,-9,0,-86
1755869229.9599447,-3,0,-78
1755869229.9979446,4,-2,-75
1755869230.0369446,6,0,-85
1755869230.0729446,4,-3,-79
1755869230.1099446,-5,-2,-74
1755869230.1479447,0,-3,-73
1755869230.1869447,-2,0,-71
1755869230.2229445,-4,-6,-70
1755869230.2609446,1,2,-76
1755869230.2979443,3,-2,-78
1755869230.3369446,4,-2,-74
1755869230.3729446,2,3,-80
1755869230.4099443,-8,-2,-74
1755869230.4489446,-3,-5,-64
1755869230.486945,0,-8,-75
1755869230.5229447,6,-5,-64
1755869230.5599446,0,-1,-77
1755869230.598945,-11,0,-58
1755869230.6369443,0,-3,-63
1755869230.6729443,0,-4,-69
1755869230.7099447,-1,8,-75
1755869230.7489443,3,4,-80
1755869230.7869446,-1,3,-73
1755869230.8229446,0,0,-60
1755869230.8599446,-1,3,-70
1755869230.8989446,3,3,-63
1755869230.9369447,8,-2,-76
1755869230.9729445,1,0,-69
1755869231.009945,-4,2,-65
1755869231.0489447,0,-2,-67
1755869231.0869446,-3,0,-71
1755869231.1229446,-1,0,-69
1755869231.1599443,-2,0,-75
1755869231.1989446,8,0,-75
1755869231.236945,2,1,-83
1755869231.2729447,0,-5,-80
1755869231.3099446,4,5,-75
1755869231.3479445,2,8,-68
1755869231.3839445,2,2,-68
1755869231.4219446,6,0,-76
1755869231.4589446,-3,8,-77
1755869231.4979446,-3,11,-73
1755869231.5349443,-5,0,-73
1755869231.5719447,-5,-2,-78
1755869231.6099446,-4,-4,-77
1755869231.6489446,1,0,-72
1755869231.6849446,14,0,-78
1755869231.7219446,4,3,-74
1755869231.759945,1,-1,-72
1755869231.7989447,-3,0,-65
1755869231.8349447,4,0,-64
1755869231.871945,3,-8,-89
1755869231.9099443,11,-3,-80
1755869231.9489446,7,-2,-79
1755869231.9849446,0,0,-84
1755869232.0229447,1,2,-83
1755869232.0599446,1,-2,-84
1755869232.098945,5,-3,-78
1755869232.134945,-2,0,-75
1755869232.1719446,-7,4,-66
1755869232.2099447,0,-5,-76
1755869232.2489443,1,1,-81
1755869232.2849443,-6,1,-76
1755869232.3219447,3,-5,-62
1755869232.3599446,1,0,-62
1755869232.3989446,-1,0,-78
1755869232.4349446,0,6,-79
1755869232.4719446,3,-6,-76
1755869232.509945,7,-11,-82
1755869232.5489447,5,-5,-90
1755869232.5849447,7,0,-75
1755869232.621945,-5,1,-81
1755869232.6599443,-1,4,-73
1755869232.6989446,-4,0,-72
1755869232.7349446,-2,-2,-75
1755869232.7739446,-6,0,-75
1755869232.8109446,0,1,-63
1755869232.848945,-2,0,-72
1755869232.884945,-4,0,-69
1755869232.9219446,-3,0,-72
1755869232.9599447,-3,4,-72
1755869232.9989443,0,6,-72
1755869233.0349443,7,7,-69
1755869233.0719447,3,6,-70
1755869233.1099446,3,1,-68
1755869233.1479447,0,-4,-70
1755869233.1839447,3,-4,-66
1755869233.2209446,-1,-4,-74
1755869233.259945,2,-6,-76
1755869233.2959447,6,0,-73
1755869233.3329446,2,-6,-66
1755869233.3709445,-2,0,-78
1755869233.4099443,-3,-3,-84
1755869233.4459443,-1,-4,-71
1755869233.483945,-2,4,-75
1755869233.5229447,2,-1,-70
1755869233.5599446,9,4,-85
1755869233.598945,0,9,-71
1755869233.634945,10,1,-72
1755869233.6739447,-8,2,-62
1755869233.710945,1,4,-75
1755869233.7489443,-10,-5,-78
1755869233.7849443,-4,0,-67
1755869233.8239446,-2,0,-81
1755869233.8609445,-3,5,-76
1755869233.8999443,-2,0,-78
1755869233.9359446,-5,1,-84
1755869233.973945,-1,-4,-77
1755869234.0109446,-2,-7,-77
1755869234.0499446,3,-12,-76
1755869234.085945,-3,-7,-80
1755869234.1239443,-1,4,-75
1755869234.1619446,3,0,-78
1755869234.1999447,-2,2,-78
1755869234.2359445,-3,0,-71
1755869234.2729447,-3,-2,-67
1755869234.3109446,0,4,-70
1755869234.348945,-1,-3,-80
1755869234.384945,-2,0,-70
1755869234.4229443,1,0,-76
1755869234.460945,6,4,-73
1755869234.4989443,0,3,-77
1755869234.5349443,-2,1,-85
1755869234.5729446,0,-8,-74
1755869234.611945,-3,-6,-65
1755869234.6499443,-1,-1,-65
1755869234.6859446,8,-3,-70
1755869234.7249446,-2,-4,-71
1755869234.7619443,3,-2,-68
1755869234.8009446,0,0,-79
1755869234.838945,3,-3,-72
1755869234.8749447,0,-3,-62
1755869234.9119446,1,1,-66
1755869234.9499447,0,-3,-67
1755869234.9859445,2,2,-67
1755869235.0229447,7,0,-71
1755869235.0609446,4,-2,-68
1755869235.0969446,5,-3,-65
1755869235.1339445,6,-3,-66
1755869235.1719446,7,-3,-77
1755869235.210945,3,1,-69
1755869235.246945,-1,0,-76
1755869235.2839446,-8,9,-70
1755869235.3219447,-2,0,-79
1755869235.3609445,5,-3,-77
1755869235.3969443,-1,-2,-78
1755869235.4349446,2,2,-76
1755869235.4719446,-2,0,-79
1755869235.5109446,-7,-4,-72
1755869235.5469446,-1,-2,-79
1755869235.5849447,-2,0,-72
1755869235.6239443,-7,0,-84
1755869235.6609447,0,6,-76
1755869235.6999447,2,2,-71
1755869235.7359445,7,-1,-76
1755869235.7739446,6,-3,-78
1755869235.8119447,3,-2,-76
1755869235.8509445,-1,-3,-68
1755869235.8869443,8,3,-69
1755869235.9239447,3,-2,-67
1755869235.9619446,6,-3,-68
1755869236.0009446,2,-3,-70
1755869236.0369446,1,0,-74
1755869236.0739446,2,1,-71
1755869236.111945,3,0,-76
1755869236.1499443,7,0,-85
1755869236.1859446,2,2,-83
1755869236.2229445,-1,1,-71
1755869236.2619443,0,2,-64
1755869236.2999446,0,-1,-63
1755869236.335945,-1,-2,-71
1755869236.3739443,-6,-5,-86
1755869236.4119446,-8,2,-84
1755869236.450945,4,1,-74
1755869236.486945,9,-4,-78
1755869236.5239446,9,-4,-73
1755869236.5619447,1,-6,-67
1755869236.6009445,5,-4,-67
1755869236.6369443,-1,1,-75
1755869236.6739447,1,5,-76
1755869236.7119446,0,6,-57
1755869236.7499447,1,3,-76
1755869236.7859447,-2,0,-81
1755869236.8229446,2,4,-68
1755869236.861945,0,6,-68
1755869236.8979447,0,3,-68
1755869236.9359446,3,5,-70
1755869236.9729445,2,1,-67
1755869237.0119443,10,-4,-70
1755869237.0479443,5,-6,-67
1755869237.085945,4,-2,-72
1755869237.1239443,-1,0,-74
1755869237.1629446,0,3,-74
1755869237.200945,1,-2,-68
1755869237.236945,-5,-4,-71
1755869237.2749443,0,-8,-71
1755869237.312945,0,2,-82
1755869237.3509445,-5,-2,-76
1755869237.3869443,-7,4,-81
1755869237.4259446,7,6,-73
1755869237.4629445,0,3,-83
1755869237.5009446,-1,2,-83
1755869237.5369446,7,-1,-88
1755869237.5749447,-2,-4,-70
1755869237.6129446,-2,-2,-73
1755869237.6519446,-1,4,-76
1755869237.687945,3,0,-84
1755869237.7259445,3,-2,-85
1755869237.7629447,3,7,-92
1755869237.8009446,-1,2,-87
1755869237.8369446,6,2,-82
1755869237.8739443,4,-5,-66
1755869237.9129446,2,1,-64
1755869237.950945,-3,3,-66
1755869237.986945,2,4,-62
1755869238.0239446,4,0,-94
1755869238.062945,4,2,-86
1755869238.1009445,-2,5,-73
1755869238.1369443,-8,0,-81
1755869238.1749446,-9,5,-77
1755869238.2129445,-4,2,-77
1755869238.2519443,4,-2,-66
1755869238.2879446,0,-5,-62
1755869238.3249447,5,0,-74
1755869238.3629446,-4,1,-77
1755869238.4009447,3,2,-84
1755869238.4369447,-7,0,-76
1755869238.473945,-1,-6,-83
1755869238.5129447,0,1,-77
1755869238.5509446,0,7,-80
1755869238.5869446,0,0,-77
1755869238.6239443,-1,3,-87
1755869238.6629446,9,7,-78
1755869238.6989446,1,0,-68
1755869238.7359445,4,-7,-87
1755869238.7739446,2,1,-77
1755869238.8119447,0,1,-64
1755869238.8479445,-3,-1,-62
1755869238.8859446,2,-10,-63
1755869238.9239447,-1,0,-75
1755869238.9629445,-3,-2,-84
1755869238.9989443,0,-3,-76
1755869239.0359447,-4,6,-73
1755869239.0739446,1,-4,-79
1755869239.1129446,0,2,-81
1755869239.157945,9,-1,-70
1755869239.1949446,5,3,-72
1755869239.2329447,-3,2,-67
1755869239.2689445,-5,-9,-74
1755869239.3069446,-1,4,-76
1755869239.3449447,2,-6,-77
1755869239.3839445,0,0,-79
1755869239.4219446,-5,-3,-72
1755869239.4579446,3,-5,-70
1755869239.4959445,0,0,-71
1755869239.5339446,1,-9,-74
1755869239.5719447,-3,0,-77
1755869239.6079447,-3,3,-77
1755869239.6459446,-3,7,-73
1755869239.6839447,-5,5,-77
1755869239.7229445,0,5,-68
1755869239.7589445,4,1,-83
1755869239.7959447,-6,1,-78
1755869239.8339446,-11,2,-68
1755869239.8729446,0,-2,-79
1755869239.9089446,0,-3,-70
1755869239.9479446,4,-2,-67
1755869239.9849446,-2,0,-71
1755869240.0239446,6,2,-69
1755869240.0619447,0,-3,-64
1755869240.0979445,2,4,-72
1755869240.134945,0,0,-71
1755869240.1729443,1,0,-64
1755869240.2089446,4,3,-69
1755869240.246945,3,3,-68
1755869240.2849443,5,-6,-72
1755869240.3239446,2,0,-78
1755869240.3599446,-7,-1,-71
1755869240.3979447,0,6,-73
1755869240.4349446,-3,0,-77
1755869240.473945,0,-3,-84
1755869240.509945,-5,0,-70
1755869240.5469446,-4,0,-77
1755869240.5849447,-3,-3,-76
1755869240.6239443,2,2,-77
1755869240.6599443,-2,-1,-75
1755869240.6979446,-3,3,-75
1755869240.7359445,0,1,-72
1755869240.7739446,-6,9,-81
1755869240.812945,2,0,-74
1755869240.848945,-1,7,-60
1755869240.8869443,4,4,-60
1755869240.9239447,0,3,-80
1755869240.9599447,-6,0,-63
1755869240.9979446,-5,-3,-69
1755869241.0349443,-3,1,-75
1755869241.0739446,1,5,-67
1755869241.1099446,8,3,-62
1755869241.1469443,-4,3,-64
1755869241.1859446,-4,-4,-67
1755869241.223945,-3,-1,-72
1755869241.259945,-2,0,-78
1755869241.2989447,-5,4,-70
1755869241.335945,-1,4,-69
1755869241.3749447,0,7,-73
1755869241.4129446,5,2,-77
1755869241.4489446,0,2,-70
1755869241.4859445,-2,-4,-72
1755869241.5249443,3,-6,-72
1755869241.562945,-3,0,-82
1755869241.598945,-9,-10,-75
1755869241.6369443,-6,-4,-77
1755869241.6749446,-6,-1,-85
1755869241.713945,-3,2,-72
1755869241.7499447,-2,1,-81
1755869241.7879446,2,-1,-82
1755869241.825945,11,4,-88
1755869241.8649447,3,0,-72
1755869241.9029446,-4,0,-87
1755869241.9389446,-1,-3,-82
1755869241.9769447,1,0,-73
1755869242.0149446,-2,5,-78
1755869242.052945,-2,-1,-82
1755869242.088945,-4,0,-78
1755869242.1259446,-4,1,-69
1755869242.1649446,0,0,-75
1755869242.200945,-3,-1,-69
1755869242.2389443,-1,-1,-74
1755869242.2779446,-1,-1,-70
1755869242.315945,0,-7,-74
1755869242.3539443,6,-1,-68
1755869242.3899446,5,3,-80
1755869242.427945,-5,2,-83
1755869242.4659443,-7,2,-76
1755869242.5049446,-8,0,-76
1755869242.5409446,-3,2,-74
1755869242.5779445,-6,-1,-81
1755869242.6159446,-1,0,-72
1755869242.654945,1,4,-80
1755869242.690945,-2,0,-80
1755869242.7279446,1,-7,-74
1755869242.7659447,0,-2,-70
1755869242.8049445,5,0,-72
1755869242.8409443,0,-4,-72
1755869242.8779447,5,-4,-65
1755869242.9159446,-2,0,-66
1755869242.9549446,2,0,-73
1755869242.9909446,3,0,-68
1755869243.0279446,1,0,-63
1755869243.0669446,6,1,-68
1755869243.1049447,-3,-5,-78
1755869243.1409447,-4,0,-77
1755869243.177945,-3,6,-73
1755869243.2159443,-11,-3,-73
1755869243.2549446,-3,-7,-80
1755869243.2909446,2,-1,-71
1755869243.3279445,4,1,-69
1755869243.3659446,4,0,-74
1755869243.4039447,3,6,-72
1755869243.4399445,-8,-5,-72
1755869243.4779446,-4,-1,-75
1755869243.5159447,1,4,-73
1755869243.5549445,0,-3,-77
1755869243.5909443,7,0,-77
1755869243.6279447,3,0,-76
1755869243.6669445,1,1,-84
1755869243.7049446,-6,1,-78
1755869243.7409446,3,0,-74
1755869243.7779446,1,0,-74
1755869243.815945,2,-2,-84
1755869243.8539443,0,-3,-73
1755869243.8899446,-4,-1,-81
1755869243.9289446,-5,1,-82
1755869243.9659443,-2,7,-74
1755869244.0049446,4,3,-81
1755869244.0409446,3,2,-86
1755869244.0789447,-2,-1,-75
1755869244.1169446,3,-2,-81
1755869244.1559446,1,-1,-81
1755869244.1919446,0,-3,-74
1755869244.2289443,0,-7,-79
1755869244.2669446,4,1,-80
1755869244.3049445,1,0,-81
1755869244.3409443,0,1,-75
1755869244.3779447,1,-6,-84
1755869244.4169445,-2,-2,-69
1755869244.4559443,1,-2,-76
1755869244.4919446,4,-7,-66
1755869244.529945,7,-4,-58
1755869244.5679443,7,0,-69
1755869244.6059446,3,5,-56
1755869244.6419446,0,2,-51
1755869244.6789446,4,2,-68
1755869244.7169447,4,3,-79
1755869244.7559447,3,1,-66
1755869244.7919445,0,3,-76
1755869244.8289447,-8,2,-73
1755869244.8669446,-5,-5,-78
1755869244.9059446,1,0,-81
1755869244.9419446,-3,-4,-81
1755869244.9809446,0,-5,-67
1755869245.0179446,-5,0,-69
1755869245.0569446,3,-2,-72
1755869245.0949447,2,0,-69
1755869245.1309447,3,4,-65
1755869245.167945,-3,0,-75
1755869245.2069447,-6,0,-77
1755869245.2449446,0,-6,-76
1755869245.2809446,2,0,-80
1755869245.3179443,6,3,-73
1755869245.3559446,-8,2,-64
1755869245.3919446,-1,-1,-54
1755869245.4309447,9,1,-71
1755869245.4679446,2,-3,-77
1755869245.506945,3,-8,-75
1755869245.5449443,-2,-12,-79
1755869245.5809443,-1,-3,-71
1755869245.6189446,-2,2,-74
1755869245.6569445,-1,-2,-66
1755869245.6959443,-4,-5,-72
1755869245.7319446,-4,-7,-85
1755869245.769945,-2,-4,-77
1755869245.8079443,-3,2,-65
1755869245.8469446,-1,0,-69
1755869245.8829446,4,1,-75
1755869245.9199443,-2,1,-79
1755869245.9579446,0,2,-75
1755869245.9959445,-5,0,-70
1755869246.0319445,-6,1,-77
1755869246.0689447,-3,-1,-78
1755869246.1069446,-4,1,-62
1755869246.1459446,-5,2,-69
1755869246.1819446,0,6,-82
1755869246.2189443,0,4,-78
1755869246.256945,-4,2,-80
1755869246.292945,-7,0,-77
1755869246.3299446,4,-4,-82
1755869246.3679447,-3,-2,-80
1755869246.4069445,2,-7,-74
1755869246.4429443,2,-4,-78
1755869246.4799447,3,0,-85
1755869246.5169446,-3,2,-78
1755869246.5559447,1,-4,-79
1755869246.5919447,-3,-1,-73
1755869246.6299446,-7,-1,-73
1755869246.6689446,-3,-4,-79
1755869246.7069447,1,-2,-83
1755869246.7429447,0,-1,-81
1755869246.779945,-2,-2,-66
1755869246.8179443,3,-1,-66
1755869246.8569446,0,-5,-63
1755869246.8929446,-2,-7,-63
1755869246.9309447,-3,-3,-64
1755869246.9689443,2,-4,-65
1755869247.0079446,5,-2,-71
1755869247.0459447,-3,-1,-65
1755869247.0819447,-4,2,-67
1755869247.1189446,-9,1,-73
1755869247.157945,-3,2,-74
1755869247.1959443,-3,-4,-74
1755869247.2319446,6,1,-72
1755869247.2689445,3,0,-73
1755869247.3069446,9,-1,-71
1755869247.3429446,6,3,-71
1755869247.3809447,10,3,-78
1755869247.4189446,2,3,-81
1755869247.4569447,0,2,-82
1755869247.4929447,2,6,-80
1755869247.5319445,3,0,-79
1755869247.5689447,0,-2,-71
1755869247.6079447,3,0,-61
1755869247.6439445,2,-6,-73
1755869247.6809447,0,-10,-73
1755869247.7189443,-1,-9,-68
1755869247.7579446,3,-7,-65
1755869247.7939446,2,-5,-67
1755869247.8319447,8,0,-78
1755869247.8689446,8,2,-77
1755869247.9069445,9,-5,-80
1755869247.9429443,6,-4,-74
1755869247.9819446,5,-5,-69
1755869248.0189445,-2,4,-77
1755869248.0579443,6,2,-73
1755869248.0939443,0,2,-72
1755869248.1309447,6,1,-69
1755869248.1689446,2,-2,-71
1755869248.2069447,0,-1,-70
1755869248.2429447,7,-9,-74
1755869248.2809446,-5,1,-74
1755869248.3189447,-4,0,-77
1755869248.3579447,-3,0,-72
1755869248.3939445,2,-4,-80
1755869248.4309447,-2,-5,-77
1755869248.4689443,-1,-3,-76
1755869248.5079446,-5,-1,-61
1755869248.5439446,-1,-4,-68
1755869248.5829446,2,2,-68
1755869248.6199446,3,1,-86
1755869248.657945,3,-7,-79
1755869248.6939447,0,-2,-70
1755869248.7309446,5,0,-60
1755869248.769945,2,-4,-78
1755869248.8079443,-1,-4,-74
1755869248.8439443,-5,-2,-70
1755869248.881945,-1,-2,-71
1755869248.9199443,-8,1,-75
1755869248.9589446,3,-3,-81
1755869248.996945,0,-3,-70
1755869249.032945,-4,-2,-75
1755869249.0709443,4,-1,-80
1755869249.108945,1,0,-72
1755869249.1469443,5,1,-72
1755869249.1919446,-3,-3,-74
1755869249.2289443,-3,-4,-74
1755869249.2679446,-5,-8,-70
1755869249.3039446,-1,-3,-70
1755869249.3419447,5,1,-65
1755869249.3799446,0,0,-65
1755869249.417945,1,3,-65
1755869249.4539447,-4,3,-73
1755869249.4919446,-1,0,-76
1755869249.5289447,0,1,-66
1755869249.5649445,0,1,-77
1755869249.6019447,-2,1,-66
1755869249.6399446,-6,-2,-67
1755869249.6789446,-3,0,-70
1755869249.7149446,-2,0,-72
1755869249.7529447,6,0,-70
1755869249.7909446,0,4,-80
1755869249.8289447,-2,7,-70
1755869249.8649447,2,0,-69
1755869249.9019446,1,-1,-74
1755869249.9399445,-2,0,-86
1755869249.9789443,-13,0,-75
1755869250.0149446,-3,0,-66
1755869250.0519447,-4,1,-73
1755869250.0899446,-2,-1,-75
1755869250.1289446,-5,6,-71
1755869250.1649446,-1,7,-73
1755869250.2019446,-2,0,-68
1755869250.2409446,1,0,-68
1755869250.2789447,-1,-1,-68
1755869250.3149445,-3,-1,-69
1755869250.3539443,-2,1,-64
1755869250.3909447,-2,6,-78
1755869250.4299445,-3,8,-75
1755869250.4679446,-1,-3,-75
1755869250.5039446,5,2,-78
1755869250.5409446,2,0,-70
1755869250.5789447,-2,3,-79
1755869250.6149447,-1,0,-72
1755869250.6519446,-8,1,-84
1755869250.6899445,0,3,-81
1755869250.7289443,0,2,-81
1755869250.7659447,-6,0,-80
1755869250.8039446,-6,2,-74
1755869250.8409443,0,-4,-75
1755869250.8799446,-2,-5,-70
1755869250.917945,-1,-2,-73
1755869250.9539447,-4,-9,-82
1755869250.9929447,8,-2,-80
1755869251.029945,2,0,-74
1755869251.0679443,-2,7,-73
1755869251.1049447,0,2,-70
1755869251.1429446,4,-3,-72
1755869251.1799445,0,5,-82
1755869251.2159443,-1,1,-77
1755869251.2529447,0,0,-78
1755869251.2909446,4,0,-72
1755869251.3299446,3,4,-73
1755869251.3659446,2,0,-70
1755869251.4029446,5,-3,-69
1755869251.440945,-3,-2,-75
1755869251.4799447,0,0,-79
1755869251.5159447,-1,0,-76
1755869251.552945,-2,3,-71
1755869251.5909443,-1,0,-80
1755869251.6299446,-2,1,-82
1755869251.6659446,-1,7,-76
1755869251.7029445,0,0,-76
1755869251.7399447,0,1,-79
1755869251.7759447,-2,6,-81
1755869251.812945,0,-4,-73
1755869251.8509445,5,-5,-69
1755869251.8899446,6,4,-90
1755869251.9259446,13,2,-74
1755869251.9629445,1,8,-80
1755869252.0009446,4,0,-69
1755869252.0389447,1,2,-74
1755869252.0749447,-3,0,-64
1755869252.111945,9,5,-67
1755869252.1499443,1,-4,-54
1755869252.1859446,2,-9,-71
1755869252.223945,9,0,-75
1755869252.2619443,3,-5,-65
1755869252.3009446,6,-1,-72
1755869252.338945,7,3,-75
1755869252.3749447,1,-3,-74
1755869252.4139447,0,-9,-79
1755869252.450945,-4,-1,-68
1755869252.4899447,-9,0,-68
1755869252.5259447,2,1,-65
1755869252.5639446,3,-2,-70
1755869252.6019447,-2,-5,-75
1755869252.6409447,-1,3,-80
1755869252.6789446,-2,0,-74
1755869252.7149446,2,3,-76
1755869252.7519443,0,1,-68
1755869252.7899446,-1,4,-70
1755869252.825945,2,7,-73
1755869252.8639443,4,11,-74
1755869252.9009447,-1,-1,-85
1755869252.9399445,0,-1,-80
1755869252.9759445,8,1,-75
1755869253.0129447,0,2,-71
1755869253.0509446,0,-1,-81
1755869253.0899446,1,0,-83
1755869253.1259446,12,2,-72
1755869253.1639447,6,-1,-77
1755869253.2019446,-6,-2,-69
1755869253.2409446,-8,0,-81
1755869253.2769446,-7,1,-75
1755869253.3139446,2,-1,-74
1755869253.3519447,3,4,-69
1755869253.3899446,2,5,-74
1755869253.4269447,6,-5,-69
1755869253.463945,1,-3,-64
1755869253.5019443,5,-1,-67
1755869253.5409446,8,-7,-77
1755869253.5769446,3,4,-81
1755869253.6139443,0,2,-81
1755869253.6519446,-8,4,-86
1755869253.6899445,-9,4,-69
1755869253.7259445,-3,0,-73
1755869253.7629447,3,1,-65
1755869253.8009446,2,-1,-80
1755869253.8369446,5,4,-84
1755869253.8739443,0,3,-84
1755869253.9119446,8,0,-73
1755869253.9499447,0,-1,-83
1755869253.9859445,1,1,-67
1755869254.0229447,-4,-9,-74
1755869254.0619447,-3,-3,-77
1755869254.0999446,2,0,-71
1755869254.1359446,2,1,-69
1755869254.1729443,8,6,-72
1755869254.210945,5,1,-78
1755869254.246945,2,0,-69
1755869254.2849443,1,-2,-68
1755869254.3219447,4,-1,-78
1755869254.3609445,7,-6,-88
1755869254.3969443,8,-7,-72
1755869254.4349446,0,1,-75
1755869254.4719446,-1,0,-68
1755869254.5109446,1,0,-82
1755869254.5469446,-5,1,-85
1755869254.5839446,-5,-2,-75
1755869254.621945,-3,-1,-72
1755869254.6609447,-4,2,-79
1755869254.6969447,-3,0,-70
1755869254.733945,0,2,-72
1755869254.7719443,-2,-2,-63
1755869254.8109446,-4,0,-62
1755869254.8469446,-1,2,-55
1755869254.8839445,2,2,-75
1755869254.9219446,5,-1,-67
1755869254.9579446,1,-2,-64
1755869254.9959445,-4,3,-71
1755869255.0339446,-9,0,-70
1755869255.0729446,-4,-1,-68
1755869255.1109445,0,0,-68
1755869255.1469443,0,2,-77
1755869255.1839447,1,0,-74
1755869255.2219446,2,3,-61
1755869255.2579446,1,0,-75
1755869255.2949443,6,4,-80
1755869255.3319447,0,0,-71
1755869255.3679447,0,0,-77
1755869255.4059446,-2,0,-75
1755869255.4449446,-1,6,-77
1755869255.4819446,-1,-1,-72
1755869255.5209446,1,2,-76
1755869255.5569446,5,2,-71
1755869255.5949447,8,4,-75
1755869255.6329446,4,-1,-73
1755869255.6709447,-1,-3,-72
1755869255.7069447,4,2,-76
1755869255.7449446,-4,0,-71
1755869255.782945,-2,1,-80
1755869255.8209443,-4,-3,-75
1755869255.8569446,2,-4,-81
1755869255.894945,-1,4,-75
1755869255.9329443,-2,3,-76
1755869255.9709446,-8,4,-75
1755869256.006945,-9,1,-75
1755869256.0449443,-1,2,-87
1755869256.0829446,1,-1,-82
1755869256.1209445,4,-2,-74
1755869256.1569445,8,-2,-75
1755869256.1949446,0,-5,-70
1755869256.2329447,-6,-5,-72
1755869256.2709446,1,1,-65
1755869256.3069446,0,2,-63
1755869256.3439443,0,0,-71
1755869256.3829446,-4,3,-68
1755869256.4209447,-5,-3,-68
1755869256.4569447,-3,-3,-78
1755869256.4949446,5,0,-73
1755869256.532945,3,0,-81
1755869256.5709443,-4,5,-74
1755869256.6069446,-5,5,-69
1755869256.644945,-6,3,-81
1755869256.6829443,0,1,-69
1755869256.7209446,-6,6,-61
1755869256.756945,0,7,-71
1755869256.7939446,0,0,-75
1755869256.8319447,6,-2,-83
1755869256.8679447,2,1,-73
1755869256.904945,-5,0,-77
1755869256.9439447,0,4,-82
1755869256.9819446,0,1,-70
1755869257.0179446,0,-4,-68
1755869257.0569446,5,0,-67
1755869257.0939443,2,6,-68
1755869257.131945,-1,1,-73
1755869257.167945,-1,2,-73
1755869257.2069447,6,0,-73
1755869257.2439446,4,2,-71
1755869257.2819445,7,0,-75
1755869257.3179443,0,4,-85
1755869257.3549447,4,-4,-75
1755869257.3939445,3,-1,-75
1755869257.4319446,1,0,-73
1755869257.4679446,0,-3,-70
1755869257.5049446,-1,-4,-62
1755869257.5439446,0,0,-68
1755869257.5819447,-3,6,-73
1755869257.6179447,-3,-5,-66
1755869257.6559446,1,-4,-66
1755869257.6939447,-1,-11,-74
1755869257.7329447,0,0,-68
1755869257.7689445,0,-2,-74
1755869257.8069446,0,0,-80
1755869257.8439443,1,0,-74
1755869257.881945,0,1,-86
1755869257.917945,-1,1,-73
1755869257.9559443,1,0,-75
1755869257.9939446,4,0,-75
1755869258.0319445,0,4,-74
1755869258.0679443,-9,1,-63
1755869258.1059446,-6,-2,-77
1755869258.1439445,0,0,-74
1755869258.1829443,4,-4,-81
1755869258.2189443,6,-2,-75
1755869258.256945,2,5,-75
1755869258.2939446,-1,-2,-75
1755869258.3329446,-1,0,-79
1755869258.3689446,-1,-1,-77
1755869258.4069445,-1,1,-72
1755869258.4459443,-6,-2,-80
1755869258.483945,-5,2,-65
1755869258.519945,-1,-1,-80
1755869258.5579443,0,3,-78
1755869258.5959446,-9,0,-76
1755869258.6339445,-3,-2,-72
1755869258.6699443,0,1,-73
1755869258.7069447,2,0,-79
1755869258.7439446,0,0,-85
1755869258.782945,-2,0,-74
1755869258.8189447,-6,2,-62
1755869258.8559446,-10,3,-56
1755869258.8939445,-2,5,-72
1755869258.9329443,-3,-4,-58
1755869258.9689443,-1,0,-63
1755869259.0059447,-1,3,-68
1755869259.0439446,-1,4,-79
1755869259.0829446,4,-4,-74
1755869259.1189446,-4,-3,-64
1755869259.1569445,-3,2,-72
1755869259.2029445,2,2,-75
1755869259.2389443,1,2,-69
1755869259.2759447,0,3,-78
1755869259.3139446,7,-1,-74
1755869259.3499446,5,3,-72
1755869259.3869443,6,1,-74
1755869259.4249446,5,-9,-81
1755869259.4629445,0,3,-77
1755869259.4989443,0,-1,-75
1755869259.5359447,7,-2,-82
1755869259.5749447,5,0,-83
1755869259.6129446,4,2,-81
1755869259.6489446,-9,4,-72
1755869259.6859446,-7,-1,-78
1755869259.7249446,1,-4,-72
1755869259.7629447,-2,1,-73
1755869259.7989447,0,0,-69
1755869259.835945,0,1,-70
1755869259.8739443,-3,0,-76
1755869259.9099443,-2,2,-81
1755869259.9469447,0,1,-74
1755869259.9849446,-9,0,-72
1755869260.0229447,2,-8,-76
1755869260.0589447,2,1,-78
1755869260.0969446,-5,-4,-71
1755869260.134945,-4,-1,-62
1755869260.1709447,2,0,-68
1755869260.2079446,-1,-2,-62
1755869260.246945,1,1,-62
1755869260.2849443,-5,0,-72
1755869260.3209443,0,0,-72
1755869260.3579447,1,1,-90
1755869260.394945,0,4,-75
1755869260.4309447,4,4,-77
1755869260.4679446,1,3,-72
1755869260.5049446,-3,4,-72
1755869260.5439446,-3,0,-72
1755869260.5799446,2,-4,-66
1755869260.6169446,-1,-3,-63
1755869260.654945,-1,-5,-80
1755869260.6939447,-3,7,-85
1755869260.7299447,-5,4,-81
1755869260.7669446,-4,5,-79
1755869260.8049445,-9,0,-70
1755869260.8439443,-6,-1,-78
1755869260.8799446,0,3,-75
1755869260.9169445,-9,-4,-71
1755869260.9559443,1,0,-76
1755869260.9939446,-7,1,-80
1755869261.029945,1,2,-62
1755869261.0669446,0,0,-65
1755869261.1059446,-3,1,-78
1755869261.1439445,-3,0,-60
1755869261.1799445,1,0,-68
1755869261.2169447,2,-8,-65
1755869261.2559447,-6,2,-78
1755869261.2939446,1,0,-72
1755869261.3299446,-5,-5,-66
1755869261.3679447,-1,-1,-75
1755869261.4059446,-5,-4,-67
1755869261.4449446,3,7,-65
1755869261.4809446,5,1,-82
1755869261.5179446,1,-1,-79
1755869261.5559447,-4,-5,-60
1755869261.5949447,-11,-3,-73
1755869261.6309447,-5,0,-68
1755869261.667945,4,-1,-74
1755869261.7059443,0,0,-76
1755869261.7439446,4,-4,-75
1755869261.7809446,0,-6,-71
1755869261.8179443,-4,1,-71
1755869261.8559446,-2,5,-73
1755869261.894945,0,-3,-72
1755869261.9309447,1,-3,-77
1755869261.9679446,2,-2,-75
1755869262.0059447,2,-4,-71
1755869262.0449443,1,0,-82
1755869262.0809443,4,-1,-78
1755869262.1179447,-4,-1,-74
1755869262.1559446,-2,-2,-75
1755869262.1949446,3,0,-79
1755869262.2309446,5,4,-66
1755869262.2679446,5,0,-76
1755869262.3059447,6,-4,-83
1755869262.3419447,7,1,-74
1755869262.3789446,1,3,-72
1755869262.4169445,-1,0,-62
1755869262.4559443,-3,4,-67
1755869262.4919446,5,2,-75
1755869262.5289447,2,3,-76
1755869262.5679443,-3,0,-70
1755869262.6059446,0,2,-67
1755869262.6419446,0,1,-67
1755869262.6789446,-1,-2,-63
1755869262.7169447,0,-1,-66
1755869262.7559447,0,3,-75
1755869262.7919445,-5,-6,-74
1755869262.8299446,-10,-3,-60
1755869262.8679447,-4,-2,-65
1755869262.9069445,-1,-2,-68
1755869262.9449446,-1,-3,-76
1755869262.9809446,2,-1,-82
1755869263.0179446,4,6,-72
1755869263.0559447,1,2,-66
1755869263.0919447,0,-1,-80
1755869263.1289446,0,2,-86
1755869263.1669445,-1,-2,-67
1755869263.2059443,1,-4,-58
1755869263.2419446,5,-1,-66
1755869263.2789447,-4,1,-56
1755869263.3169446,-2,5,-64
1755869263.3559446,-3,-3,-76
1755869263.3919446,-4,0,-78
1755869263.4289446,5,2,-77
1755869263.4669447,11,1,-69
1755869263.5059447,-2,2,-85
1755869263.5419445,-7,0,-80
1755869263.5789447,-5,-2,-75
1755869263.6169446,5,-1,-75
1755869263.6559446,4,-1,-74
1755869263.6919446,4,-3,-75
1755869263.7289443,3,5,-78
1755869263.7669446,-4,2,-76
1755869263.8059447,3,-2,-77
1755869263.8419447,6,8,-85
1755869263.8789446,2,1,-74
1755869263.9169445,1,2,-74
1755869263.9529445,4,-1,-75
1755869263.9909446,3,3,-77
1755869264.0279446,-2,-1,-70
1755869264.0669446,2,6,-65
1755869264.1029446,0,-2,-68
1755869264.1399446,-2,4,-76
1755869264.177945,1,-1,-63
1755869264.2169447,-2,-6,-70
1755869264.2529447,-5,4,-63
1755869264.2899446,0,0,-72
1755869264.3279445,-8,-2,-81
1755869264.3669446,-10,3,-84
1755869264.4029446,0,-2,-74
1755869264.4399445,0,1,-69
1755869264.4779446,0,1,-67
1755869264.5159447,7,2,-66
1755869264.5519447,0,2,-65
1755869264.5899446,-2,4,-68
1755869264.6279447,-2,4,-49
1755869264.6659446,-3,3,-78
1755869264.7019446,-1,5,-73
1755869264.7389443,-3,0,-69
1755869264.7779446,0,-7,-71
1755869264.815945,1,-1,-75
1755869264.8519447,-3,-6,-73
1755869264.8899446,0,1,-71
1755869264.927945,-2,-2,-69
1755869264.9659443,1,-1,-78
1755869265.0019443,-1,-1,-77
1755869265.0399446,4,0,-71
1755869265.0779445,1,1,-70
1755869265.1159446,1,-2,-72
1755869265.1519446,5,0,-69
1755869265.1889446,-2,0,-65
1755869265.2279446,0,1,-74
1755869265.2659447,0,0,-76
1755869265.3019447,-1,1,-77
1755869265.338945,-2,-1,-74
1755869265.3779447,-3,0,-78
1755869265.4159446,-6,1,-72
1755869265.4519446,-3,8,-67
1755869265.4899447,-2,1,-69
1755869265.5279446,-2,-2,-66
1755869265.5639446,-2,1,-74
1755869265.6019447,-4,-7,-78
1755869265.6409447,-5,1,-67
1755869265.677945,-1,-2,-81
1755869265.7179446,0,5,-80
1755869265.7539446,-2,8,-71
1755869265.7909446,2,5,-70
1755869265.8279445,4,-9,-65
1755869265.8669446,-4,-9,-72
1755869265.9029446,-3,-7,-67
1755869265.940945,-2,-6,-54
1755869265.9789443,-9,-4,-71
1755869266.0179446,-5,0,-82
1755869266.0539446,-8,-6,-82
1755869266.0919447,-2,-2,-86
1755869266.1299446,-1,-7,-74
1755869266.167945,0,0,-79
1755869266.2069447,-3,-7,-58
1755869266.2429447,4,-5,-54
1755869266.279945,-4,3,-70
1755869266.3189447,5,0,-75
1755869266.3569446,6,0,-77
1755869266.3929446,-1,1,-80
1755869266.4299445,-3,2,-81
1755869266.4689443,3,4,-68
1755869266.506945,8,5,-74
1755869266.542945,-1,4,-74
1755869266.5799446,0,5,-78
1755869266.6179447,-2,2,-79
1755869266.6539447,-2,2,-80
1755869266.690945,2,3,-76
1755869266.7289443,-1,-5,-82
1755869266.7669446,-1,-2,-68
1755869266.802945,-4,-1,-70
1755869266.8409443,3,3,-72
1755869266.8789446,4,2,-75
1755869266.9169445,0,2,-81
1755869266.9529445,-2,1,-73
1755869266.9899447,-4,2,-71
1755869267.0289447,0,2,-68
1755869267.0669446,2,-1,-69
1755869267.1029446,-2,-1,-69
1755869267.1409447,-1,3,-65
1755869267.1789446,2,0,-66
1755869267.2179446,3,4,-70
1755869267.2539446,1,0,-71
1755869267.2909446,-1,-5,-72
1755869267.3289447,0,-1,-64
1755869267.3679447,6,5,-71
1755869267.4039447,0,7,-71
1755869267.440945,0,-3,-76
1755869267.4789443,8,4,-88
1755869267.5149446,2,0,-82
1755869267.5519447,-1,1,-70
1755869267.5899446,-5,0,-65
1755869267.6289446,-1,3,-61
1755869267.6649446,6,0,-66
1755869267.7019446,7,-1,-58
1755869267.7399447,-5,0,-64
1755869267.7789447,2,-3,-68
1755869267.8149445,6,-1,-61
1755869267.8519447,0,1,-70
1755869267.8889446,0,-3,-77
1755869267.927945,-4,2,-79
1755869267.963945,0,7,-59
1755869268.0009446,0,0,-71
1755869268.0389447,1,-3,-73
1755869268.0749447,-3,1,-73
1755869268.111945,-3,3,-77
1755869268.1499443,6,2,-67
1755869268.187945,8,1,-67
1755869268.223945,2,-2,-73
1755869268.2619443,8,-1,-82
1755869268.2999446,8,-1,-71
1755869268.338945,6,5,-73
1755869268.3749447,0,-1,-79
1755869268.4119446,1,0,-79
1755869268.4499447,-5,-5,-66
1755869268.4879446,-2,0,-66
1755869268.5239446,1,-3,-72
1755869268.5619447,4,-1,-64
1755869268.5999446,-1,4,-72
1755869268.6379447,0,-6,-74
1755869268.6739447,-1,-5,-69
1755869268.7119446,-1,-9,-77
1755869268.7509446,-10,-4,-83
1755869268.7889447,-3,-6,-76
1755869268.8249447,-5,0,-70
1755869268.861945,6,-2,-66
1755869268.9009447,-1,4,-71
1755869268.9389446,-2,5,-76
1755869268.9749446,-3,7,-88
1755869269.0119443,-5,1,-93
1755869269.0509446,-5,5,-67
1755869269.088945,-9,6,-68
1755869269.1249447,-4,0,-65
1755869269.1619446,3,3,-73
1755869269.2079446,3,2,-67
1755869269.2449446,13,-4,-71
1755869269.282945,0,1,-75
1755869269.3199446,9,0,-73
1755869269.3559446,4,0,-81
1755869269.3929446,1,1,-67
1755869269.4299445,0,6,-62
1755869269.4689443,3,0,-93
1755869269.5049446,0,1,-88
1755869269.5419445,-2,0,-77
1755869269.5799446,5,-4,-77
1755869269.6189446,-3,0,-63
1755869269.654945,-12,-4,-69
1755869269.6929443,0,0,-71
1755869269.7299447,1,1,-75
1755869269.7689445,2,-1,-78
1755869269.8049445,0,4,-79
1755869269.8419447,-3,5,-76
1755869269.8809447,0,1,-74
1755869269.9189446,0,-1,-84
1755869269.9549446,0,-1,-73
1755869269.9929447,2,1,-80
1755869270.0309446,1,4,-74
1755869270.0689447,0,2,-78
1755869270.1049447,0,-1,-79
1755869270.1429446,0,-7,-67
1755869270.1809447,1,-1,-74
1755869270.2189443,2,0,-87
1755869270.2549446,-2,-2,-87
1755869270.292945,2,-3,-75
1755869270.3309443,-3,-5,-76
1755869270.3699446,-4,-3,-82
1755869270.4059446,-2,0,-87
1755869270.4429443,-5,-6,-76
1755869270.4809446,-1,1,-76
1755869270.519945,3,4,-69
1755869270.5559447,7,0,-74
1755869270.5929446,9,2,-73
1755869270.6309447,-3,0,-82
1755869270.6689446,2,0,-79
1755869270.7049446,0,1,-80
1755869270.7419446,6,-3,-67
1755869270.7809446,1,-2,-68
1755869270.8189447,1,1,-72
1755869270.8549447,3,3,-76
1755869270.8929446,4,2,-83
1755869270.9309447,-1,6,-78
1755869270.9669447,-2,6,-80
1755869271.0039446,-8,2,-74
1755869271.042945,-7,1,-79
1755869271.0809443,0,-2,-83
1755869271.1169446,0,3,-74
1755869271.1539447,-1,0,-70
1755869271.1919446,3,-1,-70
1755869271.2309446,-2,-4,-80
1755869271.2669446,3,-4,-82
1755869271.3039446,3,-3,-79
1755869271.3429446,-1,-3,-72
1755869271.3809447,-1,-2,-75
1755869271.4169445,-4,1,-74
1755869271.4539447,-1,3,-69
1755869271.4919446,-5,-4,-74
1755869271.5309446,-6,-9,-78
1755869271.5669446,-8,-2,-84
1755869271.6049447,1,1,-73
1755869271.6429446,1,6,-72
1755869271.6809447,-2,-2,-75
1755869271.7169447,0,-2,-72
1755869271.7549446,-4,7,-89
1755869271.792945,6,2,-83
1755869271.8309443,9,-6,-82
1755869271.8669446,0,-2,-77
1755869271.9039447,0,-5,-94
1755869271.9419446,0,-5,-77
1755869271.9809446,3,-3,-73
1755869272.0169446,2,3,-82
1755869272.0539446,0,0,-78
1755869272.0919447,0,-10,-74
1755869272.1299446,-4,-7,-79
1755869272.1659446,-1,0,-73
1755869272.2029445,1,-4,-74
1755869272.2419446,0,-4,-68
1755869272.279945,0,-3,-79
1755869272.315945,0,1,-70
1755869272.3529446,1,-4,-66
1755869272.3919446,0,-7,-75
1755869272.4299445,5,0,-69
1755869272.4659443,0,2,-73
1755869272.5029447,6,4,-76
1755869272.5409446,3,5,-77
1755869272.5769446,1,1,-71
1755869272.6139443,0,-2,-65
1755869272.6529446,-5,-2,-67
1755869272.690945,-7,0,-82
1755869272.7269447,-9,-4,-73
1755869272.7649446,-3,-5,-64
1755869272.802945,-6,-5,-64
1755869272.8419447,-7,-1,-71
1755869272.8779447,-2,-1,-71
1755869272.9159446,0,0,-72
1755869272.9539447,-2,-3,-80
1755869272.9919446,-5,-8,-70
1755869273.0309446,-4,-1,-73
1755869273.0669446,-1,0,-72
1755869273.1049447,-2,-4,-76
1755869273.1429446,-6,0,-71
1755869273.1819446,6,0,-76
1755869273.2179446,2,4,-79
1755869273.2549446,9,0,-73
1755869273.2919445,5,0,-78
1755869273.3279445,3,-2,-74
1755869273.3649447,8,1,-67
1755869273.4019446,-2,8,-70
1755869273.440945,-5,3,-82
1755869273.4769447,-4,5,-84
1755869273.5149446,-1,3,-83
1755869273.552945,-4,3,-70
1755869273.5919447,2,2,-83
1755869273.6279447,2,0,-71
1755869273.6649446,3,-5,-74
1755869273.7029445,2,-3,-74
1755869273.7419446,0,1,-78
1755869273.7779446,-1,2,-66
1755869273.8149445,-2,-1,-73
1755869273.8529446,-2,0,-66
1755869273.8919446,-2,-6,-68
1755869273.927945,-3,-6,-75
1755869273.9659443,-2,-2,-86
1755869274.0039446,0,2,-86
1755869274.0419445,-2,-1,-82
1755869274.0779445,-5,0,-83
1755869274.1149447,-5,-1,-76
1755869274.1529446,3,0,-70
1755869274.190945,0,3,-70
1755869274.2269447,-3,3,-83
1755869274.2649446,0,1,-81
1755869274.302945,-8,2,-76
1755869274.3409443,-7,4,-77
1755869274.3769443,1,0,-63
1755869274.4149446,1,2,-69
1755869274.4529445,5,-1,-70
1755869274.4909446,6,0,-69
1755869274.5279446,-1,0,-80
1755869274.5649445,7,-3,-84
1755869274.6029446,0,-6,-71
1755869274.6419446,-3,1,-68
1755869274.677945,-5,1,-69
1755869274.7149446,-1,-5,-77
1755869274.7539446,-1,-1,-74
1755869274.7919445,-3,-1,-79
1755869274.8279445,-3,0,-69
1755869274.8649447,1,5,-76
1755869274.9029446,5,0,-76
1755869274.9389446,1,-1,-69
1755869274.9769447,0,0,-62
1755869275.0149446,0,1,-61
1755869275.052945,2,1,-65
1755869275.088945,-9,-7,-73
1755869275.1269443,2,-2,-77
1755869275.1649446,-1,2,-76
1755869275.2039447,8,0,-76
1755869275.2419446,0,-5,-84
1755869275.2779446,0,1,-80
1755869275.3149445,0,-1,-77
1755869275.3539443,5,1,-71
1755869275.3919446,0,-5,-78
1755869275.427945,1,-5,-77
1755869275.4659443,5,0,-69
1755869275.5039446,-2,7,-77
1755869275.5419445,0,5,-71
1755869275.5789447,0,6,-74
1755869275.6159446,2,2,-73
1755869275.6539447,1,1,-80
1755869275.6919446,0,-4,-83
1755869275.7279446,-2,-1,-74
1755869275.7659447,-6,-3,-75
1755869275.8039446,0,-5,-68
1755869275.8429446,-8,-2,-78
1755869275.8789446,3,4,-89
1755869275.9159446,2,7,-74
1755869275.9539447,0,3,-65
1755869275.9919446,0,-3,-71
1755869276.0279446,1,0,-74
1755869276.065945,0,-7,-67
1755869276.1039443,2,-3,-70
1755869276.1429446,3,3,-76
1755869276.1789446,0,0,-81
1755869276.2159443,-4,2,-69
1755869276.2539446,4,-2,-66
1755869276.292945,3,-8,-65
1755869276.3289447,-6,-8,-72
1755869276.3669446,2,-9,-74
1755869276.404945,9,-8,-75
1755869276.4439447,6,0,-86
1755869276.4799447,2,6,-81
1755869276.5169446,-3,1,-73
1755869276.5549445,-6,2,-67
1755869276.5939443,4,-4,-67
1755869276.6299446,-1,-3,-79
1755869276.667945,0,-6,-83
1755869276.7059443,-6,-7,-75
1755869276.7439446,-4,-9,-71
1755869276.782945,-3,-2,-67
1755869276.8189447,-6,0,-71
1755869276.8569446,-7,-2,-86
1755869276.8959446,-1,-8,-69
1755869276.9339447,1,-1,-62
1755869276.9699447,-1,-4,-67
1755869277.0079446,-3,-6,-64
1755869277.0459447,-8,-6,-73
1755869277.0849447,-7,-9,-75
1755869277.1229446,-1,-5,-64
1755869277.1589446,0,0,-63
1755869277.1959443,0,0,-74
1755869277.2349446,-6,-3,-73
1755869277.2729447,0,0,-70
1755869277.3089447,-3,0,-72
1755869277.3459446,-5,0,-65
1755869277.384945,0,-8,-70
1755869277.4229443,-7,-5,-78
1755869277.4589446,-2,-7,-75
1755869277.496945,8,-6,-78
1755869277.5349443,7,-5,-75
1755869277.5739446,0,-2,-74
1755869277.6099446,-7,-3,-83
1755869277.6479447,-3,-1,-74
1755869277.6859446,-1,0,-66
1755869277.7249446,-4,-4,-63
1755869277.7629447,-2,-3,-71
1755869277.7989447,2,-6,-76
1755869277.835945,-7,-1,-77
1755869277.8749447,-7,0,-76
1755869277.9129446,-1,0,-77
1755869277.9489446,-5,-4,-67
1755869277.986945,-2,-1,-73
1755869278.0249443,4,-7,-80
1755869278.0639446,-5,-1,-81
1755869278.0999446,-9,3,-71
1755869278.1369443,-8,-4,-70
1755869278.1749446,2,-1,-69
1755869278.213945,7,0,-64
1755869278.2499447,4,5,-69
1755869278.2869446,-4,1,-69
1755869278.325945,0,-1,-73
1755869278.3639443,-1,-3,-86
1755869278.3999443,0,-3,-71
1755869278.4369447,7,-3,-72
1755869278.4749446,6,-5,-60
1755869278.5139446,0,-2,-65
1755869278.5499446,-2,0,-62
1755869278.5869446,-9,3,-64
1755869278.6249447,4,0,-75
1755869278.6639447,6,-8,-78
1755869278.6999447,-4,-1,-74
1755869278.7379446,-9,-1,-70
1755869278.7759447,0,-1,-78
1755869278.8149445,0,-3,-75
1755869278.8509445,0,-1,-76
1755869278.8879447,1,-5,-74
1755869278.9269447,-1,3,-83
1755869278.9659443,0,4,-73
1755869279.0039446,-7,7,-78
1755869279.0399446,-9,1,-74
1755869279.0769446,-1,-6,-65
1755869279.1159446,1,7,-75
1755869279.1539447,6,4,-81
1755869279.1899445,-1,4,-78
1755869279.2359445,9,0,-65
1755869279.2739446,8,3,-72
1755869279.3099446,12,-3,-66
1755869279.3469446,-4,-3,-73
1755869279.3859446,5,4,-73
1755869279.4239447,5,7,-74
1755869279.4599447,-3,2,-70
1755869279.496945,-4,-3,-69
1755869279.5359447,-6,-1,-64
1755869279.5739446,1,-1,-67
1755869279.6099446,1,-1,-81
1755869279.6469443,0,-1,-79
1755869279.6859446,0,-6,-75
1755869279.723945,0,-4,-86
1755869279.759945,-5,0,-83
1755869279.7979443,-2,0,-73
1755869279.835945,0,-5,-62
1755869279.8749447,0,-1,-67
1755869279.9109447,3,-2,-70
1755869279.9479446,5,2,-70
1755869279.9859445,3,0,-79
1755869280.0219443,3,1,-84
1755869280.0599446,-2,-2,-85
1755869280.0969446,-4,0,-81
1755869280.1359446,1,1,-64
1755869280.1719446,0,0,-67
1755869280.2089446,0,-6,-68
1755869280.2479446,3,0,-82
1755869280.2859447,-2,0,-77
1755869280.3219447,-10,-8,-79
1755869280.3599446,-1,-4,-79
1755869280.3979447,-4,-4,-75
1755869280.4359446,-3,1,-77
1755869280.4749446,-4,0,-66
1755869280.5109446,-8,-1,-64
1755869280.5489447,-5,0,-72
1755869280.5869446,-4,11,-81
1755869280.6259446,-2,4,-70
1755869280.6619446,0,-2,-64
1755869280.700945,5,0,-71
1755869280.7379446,6,-7,-68
1755869280.7769446,-1,-5,-81
1755869280.8149445,1,-1,-64
1755869280.8509445,-4,0,-70
1755869280.8889446,-9,-1,-74
1755869280.9269447,3,-1,-81
1755869280.9649446,12,2,-75
1755869281.0009446,10,2,-82
1755869281.0379446,-2,-5,-82
1755869281.0769446,-4,-6,-77
1755869281.1149447,0,-3,-79
1755869281.1509447,8,2,-80
1755869281.187945,-7,-1,-70
1755869281.2269447,-2,-4,-70
1755869281.2649446,-7,3,-79
1755869281.3009446,-4,0,-76
1755869281.3379445,-5,0,-71
1755869281.3769443,-5,4,-66
1755869281.4149446,-4,1,-71
1755869281.450945,0,7,-80
1755869281.4879446,1,7,-81
1755869281.5269446,1,4,-74
1755869281.5649445,6,0,-81
1755869281.6009445,2,-3,-81
1755869281.6379447,4,-6,-68
1755869281.6769447,3,-4,-60
1755869281.7129445,4,-6,-62
1755869281.7509446,0,2,-65
1755869281.7889447,-1,9,-63
1755869281.8279445,-5,-2,-66
1755869281.8659446,-1,2,-76
1755869281.9019446,0,4,-83
1755869281.9389446,0,1,-80
1755869281.9769447,-5,-2,-66
1755869282.0129447,-2,0,-72
1755869282.0509446,-1,0,-73
1755869282.088945,0,-4,-70
1755869282.1269443,4,-8,-69
1755869282.1659446,6,-6,-68
1755869282.2029445,7,-7,-73
1755869282.2409446,-1,-6,-72
1755869282.2779446,-1,-5,-79
1755869282.3169446,0,-4,-83
1755869282.3529446,-8,-3,-68
1755869282.3909447,3,-5,-76
1755869282.4289446,-3,1,-79
1755869282.4679446,-6,2,-68
1755869282.5059447,-1,-5,-70
1755869282.5419445,-1,0,-59
1755869282.5789447,0,3,-70
1755869282.6169446,0,0,-75
1755869282.6529446,0,1,-82
1755869282.6899445,1,-5,-68
1755869282.7279446,0,-3,-63
1755869282.7669446,-1,-2,-75
1755869282.802945,0,-5,-75
1755869282.8399446,8,-2,-73
1755869282.8779447,9,-2,-76
1755869282.9169445,3,-4,-84
1755869282.9529445,1,-4,-80
1755869282.9909446,-5,0,-73
1755869283.0289447,0,1,-71
1755869283.0669446,7,4,-73
1755869283.1029446,8,-1,-68
1755869283.1399446,1,3,-71
1755869283.177945,-4,-4,-73
1755869283.2159443,2,7,-71
1755869283.2519443,8,4,-67
1755869283.2889447,2,3,-64
1755869283.3279445,5,0,-80
1755869283.3659446,0,3,-84
1755869283.4019446,6,0,-82
1755869283.4389446,0,-3,-78
1755869283.4779446,5,-3,-82
1755869283.5139446,1,-1,-84
1755869283.5519447,-1,0,-80
1755869283.5899446,2,4,-70
1755869283.6279447,-3,-4,-67
1755869283.6639447,-1,-4,-73
1755869283.7019446,5,-7,-76
1755869283.7399447,-3,-10,-77
1755869283.7789447,-3,-4,-80
1755869283.8169446,-1,0,-78
1755869283.8529446,-1,1,-69
1755869283.8899446,1,-2,-77
1755869283.9289446,-8,2,-76
1755869283.9669447,-4,0,-75
1755869284.0029447,-3,-3,-83
1755869284.0419445,-12,-1,-85
1755869284.0789447,-4,0,-88
1755869284.1179447,-1,5,-83
1755869284.1539447,0,2,-74
1755869284.1919446,5,-4,-68
1755869284.2289443,3,-1,-72
1755869284.2679446,7,-1,-73
1755869284.3039446,2,0,-79
1755869284.3409443,4,-2,-69
1755869284.3789446,7,-2,-82
1755869284.417945,7,-6,-73
1755869284.4539447,3,-2,-71
1755869284.4909446,-5,2,-59
1755869284.5289447,-7,6,-77
1755869284.5679443,-1,-6,-68
1755869284.6039443,-1,-4,-80
1755869284.6419446,4,-2,-87
1755869284.6799445,0,-4,-76
1755869284.7189443,-2,5,-82
1755869284.756945,-1,-2,-74
1755869284.792945,2,-9,-71
1755869284.8299446,0,2,-76
1755869284.8679447,1,-3,-70
1755869284.9039447,-4,0,-63
1755869284.940945,-3,-3,-69
1755869284.9789443,-1,-5,-71
1755869285.0179446,5,-1,-67
1755869285.0539446,0,2,-70
1755869285.0909443,3,-2,-70
1755869285.1289446,-4,-1,-70
1755869285.167945,0,9,-66
1755869285.2039447,1,2,-64
1755869285.2409446,2,-7,-56
1755869285.279945,0,-3,-68
1755869285.3179443,0,6,-74
1755869285.3539443,0,1,-72
1755869285.3909447,0,0,-65
1755869285.4289446,-5,3,-78
1755869285.4649446,0,-3,-74
1755869285.5029447,0,0,-60
1755869285.5409446,0,4,-73
1755869285.5789447,-3,-4,-65
1755869285.6149447,2,-1,-72
1755869285.6529446,3,-2,-73
1755869285.690945,-2,0,-61
1755869285.7299447,-7,-5,-76
1755869285.7679446,-8,1,-78
1755869285.8039446,0,1,-83
1755869285.8409443,1,-6,-82
1755869285.8789446,7,0,-79
1755869285.917945,1,0,-79
1755869285.9539447,2,-1,-82
1755869285.9909446,3,-5,-83
1755869286.029945,-1,-2,-84
1755869286.0679443,3,-5,-86
1755869286.1039443,-2,-2,-81
1755869286.1429446,4,1,-64
1755869286.1799445,0,-1,-73
1755869286.2189443,-5,0,-81
1755869286.2549446,0,2,-78
1755869286.292945,0,-2,-75
1755869286.3299446,1,0,-77
1755869286.3679447,-3,-6,-72
1755869286.4039447,2,4,-77
1755869286.4419446,6,1,-67
1755869286.4799447,13,-7,-78
1755869286.5179446,6,-7,-81
1755869286.5539446,-1,-4,-79
1755869286.5919447,5,3,-77
1755869286.6299446,-1,0,-65
1755869286.667945,-2,0,-58
1755869286.7039447,3,-7,-62
1755869286.7409446,4,-2,-68
1755869286.779945,3,4,-68
1755869286.8179443,6,-3,-76
1755869286.8539443,7,-1,-72
1755869286.8909447,3,0,-71
1755869286.9299445,4,1,-74
1755869286.9679446,-2,-2,-76
1755869287.0049446,0,-9,-73
1755869287.0419445,2,-7,-80
1755869287.0809443,-2,-1,-71
1755869287.1189446,-4,0,-81
1755869287.154945,-1,-1,-79
1755869287.1939447,0,9,-74
1755869287.2309446,-2,11,-82
1755869287.269945,1,0,-66
1755869287.3059447,0,0,-64
1755869287.3439443,-3,0,-66
1755869287.3809447,-6,3,-53
1755869287.4199443,-3,6,-68
1755869287.4559443,3,4,-74
1755869287.4939446,-3,6,-81
1755869287.5309446,-8,3,-82
1755869287.5699446,6,2,-74
1755869287.6059446,3,4,-75
1755869287.6439445,6,9,-81
1755869287.6809447,7,1,-77
1755869287.7189443,3,2,-71
1755869287.7549446,1,2,-75
1755869287.7919445,-3,-4,-75
1755869287.8309443,-3,0,-77
1755869287.8689446,0,-2,-82
1755869287.904945,0,-1,-77
1755869287.9419446,-1,3,-68
1755869287.9809446,3,-1,-72
1755869288.0189445,3,4,-67
1755869288.0549445,3,1,-75
1755869288.0919447,-3,0,-85
1755869288.1309447,0,3,-76
1755869288.1689446,3,0,-79
1755869288.2049446,0,0,-77
1755869288.2419446,-6,1,-83
1755869288.2809446,0,-8,-76
1755869288.3189447,-3,-3,-79
1755869288.3549447,-1,-3,-79
1755869288.3929446,-4,1,-69
1755869288.4309447,2,-6,-67
1755869288.4699447,0,0,-75
1755869288.5059447,-6,1,-76
1755869288.542945,0,1,-80
1755869288.5809443,0,-6,-76
1755869288.6189446,3,3,-82
1755869288.654945,7,0,-81
1755869288.6919446,5,-1,-80
1755869288.7309446,0,2,-67
1755869288.7689445,-3,5,-73
1755869288.8049445,-3,7,-70
1755869288.8429446,0,6,-71
1755869288.8809447,-1,6,-77
1755869288.9169445,-6,7,-77
1755869288.9539447,6,1,-74
1755869288.9909446,-5,-3,-70
1755869289.029945,-3,4,-71
1755869289.065945,3,-1,-68
1755869289.1029446,-1,0,-69
1755869289.1409447,4,-8,-74
1755869289.1799445,1,-6,-75
1755869289.2159443,-4,-1,-66
1755869289.2619443,-7,-6,-59
1755869289.2999446,6,2,-79
1755869289.335945,0,5,-74
1755869289.3729446,-4,2,-78
1755869289.4109447,-3,-2,-66
1755869289.4499447,0,1,-77
1755869289.4859445,-5,-2,-70
1755869289.5239446,2,6,-77
1755869289.5609446,-7,5,-73
1755869289.5999446,2,4,-66
1755869289.6359446,3,0,-66
1755869289.6729443,8,2,-65
1755869289.7119446,6,0,-69
1755869289.7499447,0,1,-76
1755869289.7859447,-2,-2,-69
1755869289.8239446,-4,-2,-77
1755869289.861945,-7,-3,-68
1755869289.9009447,0,0,-61
1755869289.9369447,10,-2,-73
1755869289.973945,1,0,-87
1755869290.0119443,0,1,-86
1755869290.0499446,4,8,-77
1755869290.085945,0,6,-80
1755869290.1229446,0,-1,-73
1755869290.1619446,-2,5,-72
1755869290.1999447,-8,-1,-73
1755869290.2359445,-2,0,-66
1755869290.2729447,0,0,-76
1755869290.3109446,0,-1,-75
1755869290.3469446,0,1,-77
1755869290.384945,1,0,-72
1755869290.4219446,-2,0,-73
1755869290.460945,1,2,-64
1755869290.4979446,7,2,-79
1755869290.5349443,-3,-4,-72
1755869290.5729446,-7,-1,-73
1755869290.611945,0,-4,-83
1755869290.6499443,0,-1,-75
1755869290.6859446,-3,4,-69
1755869290.723945,0,1,-66
1755869290.7619443,0,1,-73
1755869290.7979443,5,-2,-76
1755869290.8349447,1,-9,-75
1755869290.8729446,6,-7,-77
1755869290.9119446,1,2,-78
1755869290.9479446,0,2,-73
1755869290.9849446,0,0,-85
1755869291.0219443,3,-2,-82
1755869291.0609446,-5,-7,-70
1755869291.0969446,-7,2,-72
1755869291.1339445,4,0,-62
1755869291.1719446,3,-1,-75
1755869291.210945,0,-2,-79
1755869291.246945,-9,0,-80
1755869291.2839446,-2,-1,-68
1755869291.3219447,2,0,-67
1755869291.3609445,5,-7,-75
1755869291.3969443,1,-8,-69
1755869291.4339447,5,2,-69
1755869291.4729445,4,3,-74
1755869291.5109446,1,3,-82
1755869291.5469446,4,0,-77
1755869291.5839446,0,0,-83
1755869291.621945,3,3,-64
1755869291.657945,3,0,-59
1755869291.6959443,-3,0,-67
1755869291.7329447,-1,-3,-62
1755869291.7719443,-4,0,-72
1755869291.8079443,0,2,-70
1755869291.8459446,-3,-3,-75
1755869291.8829446,-2,-1,-85
1755869291.9219446,-6,1,-82
1755869291.9579446,-3,-2,-76
1755869291.9959445,-3,0,-73
1755869292.0339446,-10,0,-75
1755869292.0729446,-1,-4,-75
1755869292.1109445,0,-6,-68
1755869292.1469443,-3,1,-61
1755869292.1839447,0,0,-71
1755869292.2219446,-1,0,-80
1755869292.2579446,1,-3,-70
1755869292.2959447,3,1,-75
1755869292.3329446,6,-1,-71
1755869292.371945,4,0,-83
1755869292.407945,4,5,-92
1755869292.4459443,4,2,-81
1755869292.4829447,2,-1,-66
1755869292.5219443,0,0,-84
1755869292.5579443,0,0,-82
1755869292.5959446,-4,-3,-70
1755869292.6329446,1,0,-78
1755869292.6689446,1,-3,-74
1755869292.7059443,-2,-3,-64
1755869292.7439446,0,-7,-65
1755869292.782945,-3,-5,-78
1755869292.8189447,-3,0,-80
1755869292.8559446,-1,-2,-77
1755869292.894945,-2,-2,-64
1755869292.9329443,-1,-2,-91
1755869292.9689443,4,1,-80
1755869293.0059447,2,-5,-83
1755869293.0439446,-2,0,-70
1755869293.0829446,-5,1,-66
1755869293.1189446,0,-4,-64
1755869293.157945,0,7,-65
1755869293.1949446,3,0,-76
1755869293.2329447,0,0,-72
1755869293.2689445,2,1,-69
1755869293.3059447,-1,6,-64
1755869293.3439443,-8,0,-65
1755869293.3829446,0,2,-69
1755869293.4189446,0,3,-62
1755869293.4579446,-2,1,-69
1755869293.4949446,5,2,-75
1755869293.5339446,0,0,-68
1755869293.5719447,6,0,-70
1755869293.6079447,-1,-1,-73
1755869293.6459446,4,3,-76
1755869293.6839447,8,4,-63
1755869293.7219446,1,3,-73
1755869293.7579446,5,-1,-76
1755869293.7949443,2,2,-74
1755869293.8329446,0,-4,-78
1755869293.8689446,7,3,-67
1755869293.9059446,3,0,-64
1755869293.9439447,2,3,-65
1755869293.9819446,-1,-6,-68
1755869294.0179446,0,-2,-69
1755869294.0559447,1,-4,-74
1755869294.0939443,0,-1,-75
1755869294.1329446,1,0,-77
1755869294.1689446,-1,-1,-73
1755869294.2079446,3,0,-74
1755869294.2449446,-3,6,-68
1755869294.2839446,-10,1,-75
1755869294.3209443,0,2,-73
1755869294.3579447,-1,-4,-72
1755869294.3969443,2,-1,-74
1755869294.4339447,0,-3,-79
1755869294.4729445,-3,1,-81
1755869294.5089445,-5,1,-74
1755869294.5459447,-7,0,-78
1755869294.5839446,0,-1,-67
1755869294.6229446,5,4,-72
1755869294.6589446,-3,0,-74
1755869294.6969447,4,2,-67
1755869294.733945,2,0,-82
1755869294.769945,0,-3,-79
1755869294.8069446,-7,-3,-76
1755869294.8449447,-7,4,-76
1755869294.8839445,1,-3,-75
1755869294.9199443,0,-5,-68
1755869294.9569447,-2,-7,-73
1755869294.9959445,-4,-2,-77
1755869295.0339446,-1,1,-91
1755869295.0699446,5,0,-83
1755869295.1069446,5,-9,-71
1755869295.144945,2,-2,-67
1755869295.1839447,-1,-1,-68
1755869295.2199447,-1,-4,-72
1755869295.2589445,-7,1,-80
1755869295.2959447,0,-4,-83
1755869295.3349447,-2,0,-84
1755869295.3729446,-3,0,-82
1755869295.4089446,0,0,-71
1755869295.4459443,5,-4,-78
1755869295.4849446,-1,1,-67
1755869295.5229447,2,-3,-74
1755869295.5589447,8,-6,-68
1755869295.5959446,4,-1,-73
1755869295.634945,5,5,-67
1755869295.6729443,6,0,-69
1755869295.7089446,5,-4,-69
1755869295.7459445,2,-4,-63
1755869295.7849443,0,-1,-76
1755869295.8229446,1,-2,-80
1755869295.858945,2,-1,-76
1755869295.8959446,2,2,-78
1755869295.9339447,0,3,-82
1755869295.9699447,-3,1,-84
1755869296.0079446,-12,7,-72
1755869296.0459447,-6,2,-83
1755869296.0849447,0,4,-69
1755869296.1209445,0,6,-75
1755869296.1589446,6,7,-68
1755869296.1979446,9,1,-61
1755869296.2349446,3,0,-68
1755869296.2739446,3,-1,-82
1755869296.3099446,6,-1,-76
1755869296.3479445,9,1,-71
1755869296.384945,1,11,-68
1755869296.4209447,-2,7,-78
1755869296.4589446,-7,-2,-79
1755869296.4979446,-3,-3,-80
1755869296.5349443,7,0,-85
1755869296.5709443,5,5,-83
1755869296.6079447,5,-4,-71
1755869296.6459446,3,-2,-60
1755869296.6849446,-2,3,-78
1755869296.7209446,-3,5,-70
1755869296.7579446,-6,5,-80
1755869296.7959447,-3,1,-73
1755869296.8349447,1,-1,-71
1755869296.8709445,5,0,-71
1755869296.9089446,4,0,-71
1755869296.9459443,1,3,-64
1755869296.983945,3,0,-71
1755869297.019945,1,-5,-68
1755869297.0579443,0,-2,-70
1755869297.0959446,10,6,-70
1755869297.134945,7,-1,-62
1755869297.1709447,-1,-2,-71
1755869297.2089446,2,-4,-76
1755869297.2479446,1,-4,-74
1755869297.2859447,0,-4,-78
1755869297.3239446,6,-4,-78
1755869297.3599446,10,-4,-79
1755869297.3979447,6,-7,-79
1755869297.4359446,5,-5,-79
1755869297.4749446,1,-1,-76
1755869297.5109446,0,1,-76
1755869297.5479443,0,0,-69
1755869297.585945,-8,3,-69
1755869297.6239443,-11,-4,-74
1755869297.6599443,-10,-6,-75
1755869297.6969447,-3,-6,-77
1755869297.7359445,0,-5,-68
1755869297.7739446,4,-1,-62
1755869297.8099446,11,0,-77
1755869297.8469446,2,1,-72
1755869297.884945,2,1,-69
1755869297.9209447,1,1,-74
1755869297.9579446,6,2,-80
1755869297.9959445,-4,7,-70
1755869298.0319445,2,-2,-64
1755869298.0689447,4,-3,-65
1755869298.1069446,6,-1,-73
1755869298.1459446,-9,0,-75
1755869298.1819446,-5,-4,-77
1755869298.2199447,1,-8,-79
1755869298.2579446,-1,-1,-74
1755869298.2959447,-3,3,-70
1755869298.3349447,4,0,-75
1755869298.371945,6,3,-68
1755869298.4089446,-5,1,-70
1755869298.4469447,-10,0,-67
1755869298.4859445,-8,0,-81
1755869298.5219443,-5,2,-76
1755869298.5599446,2,0,-77
1755869298.5969446,-2,-6,-73
1755869298.6359446,6,0,-78
1755869298.6719446,1,-9,-72
1755869298.7089446,2,-2,-60
1755869298.746945,-7,-4,-64
1755869298.7859447,0,-1,-82
1755869298.8219447,2,6,-68
1755869298.858945,-4,1,-69
1755869298.8969443,-1,1,-69
1755869298.9359446,0,1,-69
1755869298.9719446,-6,-1,-75
1755869299.009945,-1,1,-72
1755869299.0489447,3,-2,-68
1755869299.0869446,1,-8,-74
1755869299.1249447,0,-8,-74
1755869299.1609447,-1,-6,-82
1755869299.1989446,-6,-3,-66
1755869299.236945,0,-8,-78
1755869299.2819445,2,0,-79
1755869299.3189447,-1,-2,-81
1755869299.3569446,2,-5,-73
1755869299.3959446,3,0,-83
1755869299.4319446,0,1,-73
1755869299.4689443,0,-2,-72
1755869299.506945,6,6,-72
1755869299.5449443,2,4,-73
1755869299.5809443,-4,2,-70
1755869299.6179447,3,-3,-84
1755869299.6569445,4,1,-76
1755869299.6929443,1,-3,-73
1755869299.7309446,4,0,-63
1755869299.7679446,-1,2,-69
1755869299.8069446,-4,-3,-79
1755869299.8429446,-5,-1,-66
1755869299.8809447,0,0,-75
1755869299.917945,-1,-4,-73
1755869299.9569447,-1,1,-71
1755869299.9929447,2,0,-68
1755869300.029945,8,1,-75
1755869300.0679443,2,3,-76
1755869300.1059446,4,3,-77
1755869300.1419446,2,2,-78
1755869300.1799445,5,3,-92
1755869300.2179446,2,0,-70
1755869300.2559447,0,-7,-76
1755869300.292945,0,-6,-81
1755869300.3299446,0,-2,-69
1755869300.3679447,-4,0,-69
1755869300.4069445,-2,-3,-78
1755869300.4429443,0,3,-82
1755869300.4799447,0,0,-77
1755869300.5179446,1,0,-80
1755869300.5559447,0,-4,-81
1755869300.5919447,3,-4,-60
1755869300.6289446,0,-4,-65
1755869300.667945,3,-5,-66
1755869300.7059443,3,-1,-81
1755869300.7419446,2,-2,-75
1755869300.779945,6,1,-83
1755869300.8179443,0,4,-77
1755869300.8559446,-2,-3,-79
1755869300.8919446,4,0,-68
1755869300.9289446,-4,1,-69
1755869300.9679446,0,-2,-75
1755869301.0059447,0,0,-65
1755869301.0419445,0,-1,-63
1755869301.0789447,4,0,-69
1755869301.1169446,6,0,-83
1755869301.1529446,4,-8,-73
1755869301.1899445,3,1,-79
1755869301.2279446,6,-4,-76
1755869301.2669446,7,-1,-64
1755869301.302945,-4,0,-65
1755869301.3399446,-1,1,-68
1755869301.3779447,-2,-6,-71
1755869301.4169445,-1,-10,-73
1755869301.4529445,4,-3,-72
1755869301.4899447,-2,3,-67
1755869301.5279446,1,0,-67
1755869301.5639446,5,1,-70
1755869301.6019447,11,0,-68
1755869301.6389446,5,-4,-81
1755869301.677945,5,-1,-92
1755869301.713945,7,-7,-85
1755869301.7519443,2,-3,-69
1755869301.7909446,-4,-5,-69
1755869301.8279445,-7,-2,-73
1755869301.8669446,-4,-1,-71
1755869301.9029446,0,0,-87
1755869301.9399445,0,-1,-83
1755869301.9779446,6,1,-70
1755869302.0139446,2,2,-79
1755869302.0519447,2,8,-78
1755869302.088945,5,1,-73
1755869302.1269443,8,-2,-73
1755869302.1629446,7,7,-74
1755869302.1999447,0,7,-77
1755869302.2379446,-4,2,-75
1755869302.2739446,-8,2,-73
1755869302.3119447,-2,-1,-76
1755869302.3499446,-4,0,-75
1755869302.3889446,-2,0,-65
1755869302.4269447,5,-2,-69
1755869302.4629445,4,-2,-61
1755869302.5009446,-1,0,-74
1755869302.5389447,1,2,-67
1755869302.5779445,0,-1,-57
1755869302.6139443,-4,-3,-65
1755869302.6519446,-1,3,-70
1755869302.690945,0,-1,-67
1755869302.7289443,-3,-7,-80
1755869302.7669446,3,-4,-66
1755869302.802945,1,-8,-64
1755869302.8399446,0,0,-68
1755869302.8779447,0,1,-68
1755869302.9139447,1,2,-68
1755869302.950945,3,1,-58
1755869302.9889443,-1,-3,-70
1755869303.0269446,0,-10,-75
1755869303.062945,7,-8,-73
1755869303.0999446,-1,0,-72
1755869303.1389446,-5,3,-72
1755869303.1769447,-2,0,-67
1755869303.2129445,-2,-4,-71
1755869303.2509446,-5,-2,-83
1755869303.2889447,2,-4,-78
1755869303.3279445,10,1,-76
1755869303.3639443,3,1,-82
1755869303.4009447,1,-5,-77
1755869303.4389446,-1,-9,-75
1755869303.4779446,0,-2,-79
1755869303.5139446,1,0,-64
1755869303.5509446,-11,-3,-72
1755869303.588945,3,-6,-68
1755869303.6279447,0,2,-66
1755869303.6639447,0,-3,-73
1755869303.700945,-8,-3,-74
1755869303.7389443,-4,1,-65
1755869303.7779446,2,0,-73
1755869303.8139446,0,2,-85
1755869303.8509445,6,-9,-68
1755869303.8889446,5,-2,-71
1755869303.927945,1,1,-67
1755869303.963945,-1,-4,-73
1755869304.0019443,1,-2,-62
1755869304.0399446,-1,-4,-67
1755869304.0789447,4,-1,-76
1755869304.1149447,9,-2,-78
1755869304.1529446,8,-3,-76
1755869304.190945,0,-3,-63
1755869304.2299447,-5,-4,-78
1755869304.2679446,0,-4,-74
1755869304.3039446,1,-3,-65
1755869304.3419447,-3,0,-62
1755869304.3799446,-7,-2,-82
1755869304.417945,-1,-4,-71
1755869304.4539447,5,0,-82
1755869304.4919446,4,-2,-72
1755869304.529945,3,-4,-77
1755869304.5679443,-2,-3,-76
1755869304.6039443,0,2,-68
1755869304.6419446,-1,2,-76
1755869304.6799445,-2,5,-74
1755869304.7179446,1,-6,-76
1755869304.7539446,3,-4,-72
1755869304.7919445,-1,0,-74
1755869304.8299446,0,-1,-75
1755869304.8679447,3,0,-63
1755869304.9039447,6,-4,-66
1755869304.940945,-2,2,-67
1755869304.9799447,0,-1,-77
1755869305.0159447,-3,-1,-72
1755869305.0549445,1,-1,-75
1755869305.0919447,5,7,-77
1755869305.1299446,-2,1,-75
1755869305.1689446,-1,-2,-77
1755869305.2049446,-3,-1,-86
1755869305.2429447,-1,-3,-71
1755869305.2809446,-2,-6,-69
1755869305.3199446,-1,-4,-73
1755869305.3559446,0,1,-76
1755869305.3929446,-2,-1,-89
1755869305.4309447,-8,0,-83
1755869305.4699447,1,-2,-95
1755869305.5059447,3,-1,-79
1755869305.5439446,5,-8,-82
1755869305.5819447,2,1,-77
1755869305.6199446,4,-5,-72
1755869305.6589446,2,2,-61
1755869305.6949446,-1,-4,-63
1755869305.7329447,0,2,-71
1755869305.7709446,-5,-1,-69
1755869305.8089447,-2,3,-73
1755869305.8449447,0,-3,-67
1755869305.881945,-5,2,-63
1755869305.9209447,-3,2,-65
1755869305.9589446,0,0,-69
1755869305.9949446,0,-6,-70
1755869306.0319445,0,-1,-64
1755869306.0709443,-2,3,-86
1755869306.108945,-2,-1,-84
1755869306.144945,-5,0,-80
1755869306.1819446,-5,0,-81
1755869306.2209446,1,-5,-77
1755869306.2589445,2,0,-71
1755869306.2949443,2,6,-75
1755869306.3319447,0,5,-74
1755869306.3709445,0,1,-76
1755869306.4089446,-1,-3,-80
1755869306.4449446,-4,3,-79
1755869306.4819446,-2,0,-85
1755869306.5209446,2,-2,-84
1755869306.5589447,8,5,-64
1755869306.5949447,4,6,-61
1755869306.631945,0,0,-72
1755869306.6709447,1,-3,-67
1755869306.7089446,5,3,-72
1755869306.7449446,7,1,-69
1755869306.7819445,-2,0,-57
1755869306.8209443,-1,-4,-71
1755869306.8569446,5,-3,-75
1755869306.894945,0,-2,-62
1755869306.9329443,-6,0,-74
1755869306.9719446,-1,-4,-76
1755869307.009945,4,-2,-72
1755869307.0459447,5,0,-77
1755869307.0829446,0,-2,-78
1755869307.1209445,1,0,-73
1755869307.1599443,-1,0,-71
1755869307.1959443,-3,0,-65
1755869307.2329447,-7,0,-77
1755869307.2709446,-1,1,-72
1755869307.3099446,1,0,-91
1755869307.3459446,1,-8,-78
1755869307.3829446,4,-4,-84
1755869307.4219446,0,-4,-86
1755869307.4599447,0,0,-72
1755869307.4959445,1,2,-72
1755869307.532945,5,-4,-73
1755869307.5719447,5,3,-65
1755869307.6099446,1,-4,-68
1755869307.6459446,0,-2,-62
1755869307.6829443,2,-2,-79
1755869307.7219446,11,-2,-73
1755869307.759945,-2,-2,-78
1755869307.7959447,2,3,-78
1755869307.8329446,3,-3,-74
1755869307.871945,0,-6,-80
1755869307.9099443,2,-2,-70
1755869307.9459443,5,-3,-65
1755869307.983945,3,-1,-62
1755869308.0219443,7,1,-67
1755869308.0599446,1,0,-63
1755869308.0959446,-2,4,-60
1755869308.1339445,6,5,-72
1755869308.1719446,-1,-1,-64
1755869308.2099447,-6,1,-77
1755869308.2459445,-1,2,-77
1755869308.282945,1,0,-77
1755869308.3219447,-2,0,-75
1755869308.3599446,0,-4,-77
1755869308.3959446,4,-1,-74
1755869308.4329443,3,-2,-70
1755869308.4719446,-5,2,-74
1755869308.509945,0,0,-74
1755869308.5459447,1,-1,-61
1755869308.5829446,2,8,-71
1755869308.621945,5,5,-77
1755869308.657945,-4,4,-71
1755869308.6969447,-2,0,-69
1755869308.733945,-1,4,-65
1755869308.7719443,2,4,-75
1755869308.8109446,8,5,-77
1755869308.8469446,-3,-1,-75
1755869308.884945,5,0,-75
1755869308.9229443,0,3,-78
1755869308.960945,-8,4,-72
1755869308.996945,-4,2,-80
1755869309.0339446,-4,-1,-71
1755869309.0729446,1,-7,-84
1755869309.1109445,11,-9,-86
1755869309.1469443,5,-6,-84
1755869309.1839447,8,-2,-68
1755869309.2229445,7,-2,-73
1755869309.2609446,0,-1,-67
1755869309.3059447,-3,4,-67
1755869309.3439443,3,3,-73
1755869309.381945,-4,-2,-83
1755869309.4189446,-2,2,-83
1755869309.4559443,-3,0,-85
1755869309.4939446,-3,-1,-79
1755869309.532945,6,-1,-76
1755869309.5709443,6,1,-70
1755869309.6069446,-1,-4,-78
1755869309.644945,-2,0,-75
1755869309.6829443,-3,-1,-73
1755869309.7219446,2,-1,-67
1755869309.7579446,3,5,-69
1755869309.7969446,6,0,-75
1755869309.8339446,6,-3,-76
1755869309.8729446,4,-3,-69
1755869309.9109447,3,-1,-68
1755869309.9469447,1,-2,-69
1755869309.983945,-1,1,-68
1755869310.0229447,2,2,-74
1755869310.0609446,2,3,-81
1755869310.0969446,2,1,-73
1755869310.1339445,2,-3,-74
1755869310.1729443,4,-1,-78
1755869310.210945,6,-9,-71
1755869310.246945,-7,-7,-64
1755869310.2859447,0,-9,-69
1755869310.3229446,3,0,-67
1755869310.3609445,-1,1,-75
1755869310.3979447,2,-3,-77
1755869310.4349446,4,-1,-80
1755869310.4729445,5,-2,-74
1755869310.5119443,3,-8,-67
1755869310.5479443,-3,-1,-69
1755869310.585945,2,4,-81
1755869310.6239443,1,-2,-79
1755869310.6629446,3,0,-80
1755869310.6989446,0,1,-74
1755869310.7359445,5,0,-73
1755869310.7729447,3,-1,-68
1755869310.8119447,-1,0,-73
1755869310.8479445,-1,-2,-71
1755869310.8859446,-10,-1,-66
1755869310.9239447,0,1,-70
1755869310.9619446,0,0,-71
1755869310.9979446,0,-2,-71
1755869311.0349443,-4,-3,-79
1755869311.0729446,-3,3,-70
1755869311.111945,0,2,-70
1755869311.1479447,6,6,-73
1755869311.1849446,11,4,-75
1755869311.2229445,5,3,-78
1755869311.2589445,-1,5,-66
1755869311.2959447,-9,1,-65
1755869311.3339446,-3,-3,-67
1755869311.3729446,4,2,-67
1755869311.4089446,3,-4,-73
1755869311.4469447,5,2,-76
1755869311.4849446,4,3,-74
1755869311.5239446,0,0,-74
1755869311.5619447,-6,0,-70
1755869311.5979445,-4,4,-72
1755869311.634945,-1,-5,-79
1755869311.6739447,2,-4,-55
1755869311.7119446,3,-1,-72
1755869311.7479446,-4,2,-79
1755869311.7849443,-1,2,-72
1755869311.8239446,0,0,-65
1755869311.861945,-2,-6,-72
1755869311.8979447,4,-7,-65
1755869311.9349446,1,3,-77
1755869311.973945,2,0,-68
1755869312.0119443,-4,-3,-80
1755869312.0479443,-8,-2,-76
1755869312.0869446,0,-7,-69
1755869312.1239443,0,0,-62
1755869312.1619446,-3,-3,-78
1755869312.1979446,-2,-2,-77
1755869312.236945,-6,-2,-69
1755869312.2739446,-3,7,-67
1755869312.312945,-8,3,-66
1755869312.348945,2,1,-61
1755869312.3869443,2,-2,-72
1755869312.4239447,0,-2,-82
1755869312.4629445,0,1,-80
1755869312.4989443,0,6,-74
1755869312.5369446,-3,0,-68
1755869312.5739446,-2,-3,-69
1755869312.6129446,0,-3,-78
1755869312.6489446,5,-6,-71
1755869312.6859446,4,-5,-77
1755869312.723945,0,-4,-83
1755869312.7629447,0,-8,-81
1755869312.7989447,5,-7,-76
1755869312.8369446,-1,2,-86
1755869312.8739443,3,4,-72
1755869312.9099443,7,0,-73
1755869312.9469447,4,1,-74
1755869312.9849446,8,4,-59
1755869313.0229447,-1,-1,-73
1755869313.0589447,-4,-5,-72
1755869313.0969446,1,0,-64
1755869313.134945,4,2,-74
1755869313.1729443,3,-1,-79
1755869313.2089446,-1,2,-84
1755869313.246945,-4,-1,-82
1755869313.2849443,-4,0,-83
1755869313.3239446,-5,2,-81
1755869313.3599446,0,8,-76
1755869313.3969443,2,-2,-80
1755869313.4359446,2,2,-72
1755869313.473945,7,1,-79
1755869313.509945,1,-6,-80
1755869313.5469446,2,0,-78
1755869313.5849447,-5,0,-66
1755869313.6239443,-1,2,-74
1755869313.6599443,-4,0,-74
1755869313.6969447,-7,1,-75
1755869313.7349446,-2,2,-74
1755869313.7739446,1,0,-78
1755869313.8099446,-6,0,-79
1755869313.848945,-5,4,-77
1755869313.8859446,3,-6,-79
1755869313.9249446,0,-4,-86
1755869313.9629445,0,0,-68
1755869313.9989443,0,0,-69
1755869314.0359447,0,2,-76
1755869314.0739446,1,-4,-76
1755869314.1109445,2,-8,-74
1755869314.1479447,0,-2,-82
1755869314.1859446,-2,-3,-83
1755869314.2249446,1,0,-80
1755869314.2609446,0,0,-67
1755869314.2979443,-1,-7,-70
1755869314.335945,-1,-1,-70
1755869314.3749447,4,0,-73
1755869314.4109447,5,-1,-75
1755869314.4479446,-1,-4,-83
1755869314.4859445,-5,-1,-77
1755869314.5249443,3,3,-74
1755869314.5609446,0,1,-74
1755869314.5979445,1,7,-68
1755869314.6359446,-7,0,-81
1755869314.6749446,0,3,-75
1755869314.710945,0,3,-68
1755869314.7479446,-3,4,-72
1755869314.7859447,-4,-2,-71
1755869314.8249447,1,-4,-75
1755869314.8609445,1,1,-73
1755869314.8979447,2,0,-75
1755869314.9359446,1,3,-79
1755869314.973945,2,1,-84
1755869315.009945,5,3,-80
1755869315.0479443,-1,1,-72
1755869315.085945,0,2,-58
1755869315.1249447,-7,9,-61
1755869315.1609447,1,3,-63
1755869315.1979446,1,3,-72
1755869315.2359445,0,0,-82
1755869315.2739446,1,2,-80
1755869315.3099446,-3,5,-74
1755869315.3479445,1,6,-76
1755869315.3859446,7,7,-80
1755869315.4249446,0,2,-86
1755869315.460945,-8,2,-86
1755869315.4979446,0,-2,-71
1755869315.5369446,-2,-5,-66
1755869315.5749447,6,0,-77
1755869315.6109445,-3,-1,-79
1755869315.6489446,-3,2,-69
1755869315.6869447,1,-1,-80
1755869315.7259445,-3,-5,-74
1755869315.7639446,2,1,-80
1755869315.7999446,2,-4,-77
1755869315.8369446,1,2,-74
1755869315.8749447,3,0,-78
1755869315.9109447,1,-4,-83
1755869315.9479446,1,1,-70
1755869315.9859445,-3,-5,-66
1755869316.0249443,-1,-2,-75
1755869316.0609446,5,2,-70
1755869316.0979445,0,-1,-75
1755869316.1359446,-5,-1,-74
1755869316.1749446,3,-3,-78
1755869316.210945,-1,-8,-74
1755869316.2489443,3,-2,-79
1755869316.2869446,6,-1,-84
1755869316.325945,3,-3,-74
1755869316.3629446,2,-6,-72
1755869316.3999443,0,-4,-77
1755869316.4389446,1,-2,-83
1755869316.4759445,-2,-5,-66
1755869316.5149446,-8,0,-61
1755869316.5509446,0,1,-67
1755869316.588945,-1,1,-68
1755869316.6269443,-4,6,-72
1755869316.6649446,-2,-4,-77
1755869316.700945,-3,-1,-79
1755869316.7389443,0,0,-78
1755869316.7769446,4,2,-76
1755869316.815945,-3,3,-75
1755869316.8519447,0,-1,-60
1755869316.8889446,1,0,-62
1755869316.9269447,0,0,-62
1755869316.9649446,-3,-2,-70
1755869317.0009446,0,-5,-75
1755869317.0389447,-1,2,-75
1755869317.0769446,-7,1,-76
1755869317.1149447,5,6,-71
1755869317.1509447,3,1,-85
1755869317.1889446,-5,-3,-78
1755869317.2269447,2,4,-72
1755869317.2649446,1,-3,-78
1755869317.3009446,0,-3,-68
1755869317.338945,2,-5,-63
1755869317.3769443,1,0,-69
1755869317.4149446,3,-4,-71
1755869317.450945,6,-4,-74
1755869317.4879446,-3,1,-70
1755869317.5269446,0,3,-83
1755869317.5649445,1,-2,-79
1755869317.6009445,-4,0,-85
1755869317.6379447,0,0,-74
1755869317.6759446,6,-1,-72
1755869317.7119446,-1,-1,-77
1755869317.7499447,3,-2,-82
1755869317.7879446,0,-4,-74
1755869317.8269446,-5,2,-92
1755869317.8629446,-7,1,-91
1755869317.9009447,-10,3,-76
1755869317.9389446,-7,-1,-70
1755869317.9769447,-4,-3,-68
1755869318.0159447,0,0,-65
1755869318.0519447,0,0,-81
1755869318.088945,-2,-2,-80
1755869318.1269443,-1,12,-80
1755869318.1659446,3,0,-79
1755869318.2019446,2,-1,-83
1755869318.2399447,1,-1,-75
1755869318.2769446,0,4,-62
1755869318.3139446,-1,3,-60
1755869318.3509445,2,0,-71
1755869318.3899446,3,1,-76
1755869318.427945,1,0,-71
1755869318.4659443,2,-5,-69
1755869318.5019443,1,0,-68
1755869318.5399446,-2,-4,-78
1755869318.5779445,5,-2,-74
1755869318.6159446,8,0,-65
1755869318.6519446,3,0,-60
1755869318.6899445,0,1,-55
1755869318.7279446,-8,-4,-73
1755869318.7659447,0,-2,-80
1755869318.8019447,-3,5,-69
1755869318.838945,-6,4,-79
1755869318.8779447,1,-2,-84
1755869318.9159446,-1,-4,-77
1755869318.9519446,5,-3,-80
1755869318.9889443,4,-6,-73
1755869319.0279446,-2,1,-75
1755869319.065945,0,-1,-71
1755869319.1019447,0,-6,-70
1755869319.1399446,0,0,-74
1755869319.177945,3,5,-79
1755869319.2159443,-2,-2,-82
1755869319.2519443,-3,-1,-69
1755869319.2899446,7,-4,-57
1755869319.335945,0,1,-68
1755869319.371945,0,-4,-64
1755869319.4109447,4,-7,-68
1755869319.4489446,2,-3,-68
1755869319.486945,0,-3,-72
1755869319.5229447,3,-8,-68
1755869319.5609446,0,1,-68
1755869319.5979445,-4,-4,-64
1755869319.6369443,0,0,-66
1755869319.6729443,0,0,-73
1755869319.710945,-3,-1,-72
1755869319.7489443,4,-5,-69
1755869319.7879446,1,-6,-56
1755869319.8239446,1,-3,-70
1755869319.861945,5,-6,-78
1755869319.8999443,-3,-2,-73
1755869319.937945,-2,-1,-71
1755869319.9769447,-3,0,-62
1755869320.0129447,-6,2,-73
1755869320.0499446,2,-4,-81
1755869320.0879445,0,-1,-77
1755869320.1269443,6,2,-72
1755869320.1629446,1,0,-65
1755869320.1999447,3,-1,-72
1755869320.2389443,3,4,-80
1755869320.2769446,0,4,-90
1755869320.312945,-2,6,-85
1755869320.3519447,0,2,-91
1755869320.3889446,-3,-2,-87
1755869320.427945,-1,-1,-73
1755869320.463945,0,6,-76
1755869320.5009446,-12,-2,-73
1755869320.5389447,-6,3,-75
1755869320.5779445,0,-1,-74
1755869320.6149447,-6,-1,-68
1755869320.6519446,3,0,-82
1755869320.6889446,0,-4,-69
1755869320.7279446,10,-2,-63
1755869320.7639446,8,-1,-73
1755869320.8019447,1,0,-75
1755869320.838945,5,0,-78
1755869320.8779447,0,0,-71
1755869320.9139447,0,2,-85
1755869320.950945,-3,-2,-71
1755869320.9889443,-1,1,-89
1755869321.0279446,2,1,-83
1755869321.0639446,1,5,-82
1755869321.1009445,-4,2,-73
1755869321.1389446,1,0,-67
1755869321.1749446,3,-2,-54
1755869321.2119446,1,0,-64
1755869321.2489443,-1,3,-61
1755869321.2879446,-2,6,-65
1755869321.3239446,-1,6,-65
1755869321.3609445,-4,0,-82
1755869321.3989446,0,-6,-89
1755869321.437945,-3,-1,-75
1755869321.473945,-4,0,-76
1755869321.5109446,0,2,-73
1755869321.5489447,5,0,-77
1755869321.5849447,7,-1,-71
1755869321.621945,5,0,-69
1755869321.6599443,1,11,-86
1755869321.6979446,0,-2,-77
1755869321.7349446,1,-8,-80
1755869321.7719443,9,-7,-77
1755869321.8099446,3,1,-80
1755869321.8479445,1,7,-76
1755869321.8839445,6,3,-78
1755869321.9219446,2,2,-73
1755869321.9599447,2,-2,-71
1755869321.9989443,10,-1,-69
1755869322.0349443,7,1,-75
1755869322.0719447,2,-3,-64
1755869322.1099446,1,-4,-75
1755869322.1489446,0,-5,-71
1755869322.1849446,3,-1,-72
1755869322.2219446,0,0,-77
1755869322.259945,-5,-4,-71
1755869322.2989447,0,-1,-68
1755869322.3349447,-2,-3,-64
1755869322.3729446,-2,1,-75
1755869322.4119446,-8,-1,-75
1755869322.4499447,0,-1,-77
1755869322.4879446,-6,-1,-77
1755869322.5239446,-7,-6,-81
1755869322.5619447,0,0,-83
1755869322.5999446,3,5,-61
1755869322.6379447,5,0,-68
1755869322.6739447,0,-1,-68
1755869322.7119446,-3,-1,-67
1755869322.7499447,0,2,-65
1755869322.7879446,6,-3,-68
1755869322.8249447,6,1,-73
1755869322.861945,1,2,-75
1755869322.8999443,3,-1,-75
1755869322.937945,10,-1,-78
1755869322.973945,0,-4,-71
1755869323.0109446,1,-2,-81
1755869323.0499446,8,-1,-75
1755869323.085945,8,-2,-69
1755869323.1229446,4,2,-80
1755869323.1609447,-3,0,-79
1755869323.1999447,-4,0,-74
1755869323.2359445,-10,-4,-72
1755869323.2739446,-7,4,-65
1755869323.3119447,4,-6,-76
1755869323.3499446,-3,-3,-76
1755869323.3889446,6,0,-76
1755869323.4249446,4,0,-80
1755869323.4619446,0,2,-80
1755869323.4999447,0,-2,-70
1755869323.5359447,0,0,-71
1755869323.5729446,-3,-2,-64
1755869323.6109445,-2,2,-70
1755869323.6499443,-1,10,-79
1755869323.6859446,-2,-3,-79
1755869323.723945,0,-7,-78
1755869323.7619443,-1,-2,-82
1755869323.8009446,1,-3,-81
1755869323.838945,3,-1,-71
1755869323.8749447,0,6,-81
1755869323.9129446,4,2,-77
1755869323.950945,-1,0,-74
1755869323.9889443,-3,-6,-68
1755869324.0249443,-4,1,-79
1755869324.062945,-1,-1,-81
1755869324.1009445,0,0,-85
1755869324.1399446,3,3,-79
1755869324.1759446,-2,1,-72
1755869324.2129445,-2,0,-72
1755869324.2509446,-2,1,-74
1755869324.2899446,0,3,-81
1755869324.325945,3,3,-79
1755869324.3629446,0,2,-70
1755869324.4009447,0,-3,-65
1755869324.4389446,-4,-6,-61
1755869324.4749446,-3,-7,-72
1755869324.5129447,-6,1,-76
1755869324.5509446,0,-1,-73
1755869324.5899446,4,1,-74
1755869324.6259446,3,-4,-73
1755869324.6629446,1,-1,-76
1755869324.700945,2,3,-86
1755869324.7389443,0,-1,-81
1755869324.7749443,0,-1,-70
1755869324.812945,-1,0,-69
1755869324.8509445,-5,4,-84
1755869324.8899446,0,-3,-80
1755869324.9259446,-2,5,-77
1755869324.9629445,-2,-1,-75
1755869325.0009446,4,-4,-72
1755869325.0399446,9,-5,-73
1755869325.075945,7,-4,-79
1755869325.1129446,0,4,-80
1755869325.1509447,1,-1,-75
1755869325.1869447,0,5,-71
1755869325.223945,0,2,-80
1755869325.2619443,1,4,-77
1755869325.2999446,0,0,-70
1755869325.335945,1,0,-71
1755869325.3749447,-7,3,-71
1755869325.4119446,-1,4,-67
1755869325.450945,6,3,-74
1755869325.486945,3,-1,-73
1755869325.5239446,-7,0,-83
1755869325.5619447,-3,-1,-72
1755869325.6009445,0,1,-81
1755869325.6369443,2,0,-70
1755869325.6739447,-3,6,-70
1755869325.7119446,-5,-3,-72
1755869325.7509446,-6,-2,-74
1755869325.7869446,-10,-1,-83
1755869325.8249447,5,-4,-88
1755869325.8629446,1,-7,-73
1755869325.9019446,0,0,-69
1755869325.9399445,-4,-4,-56
1755869325.9759445,-1,-4,-71
1755869326.0139446,-2,0,-82
1755869326.0519447,6,0,-89
1755869326.0899446,-3,0,-81
1755869326.1259446,0,-1,-84
1755869326.1639447,-1,-4,-84
1755869326.2019446,-1,2,-80
1755869326.2409446,1,-10,-75
1755869326.2769446,0,-6,-73
1755869326.3139446,-2,2,-79
1755869326.3519447,0,0,-65
1755869326.3899446,3,0,-68
1755869326.4269447,-5,0,-68
1755869326.463945,-1,-3,-74
1755869326.5019443,2,-7,-79
1755869326.5409446,-4,-3,-80
1755869326.5769446,-3,-1,-79
1755869326.6149447,-3,-3,-73
1755869326.6529446,-2,-1,-86
1755869326.6919446,2,1,-73
1755869326.7279446,4,7,-64
1755869326.7649446,-10,0,-79
1755869326.802945,0,0,-76
1755869326.8409443,-6,6,-83
1755869326.8769443,-2,-3,-79
1755869326.9149446,0,2,-87
1755869326.9519446,-6,0,-69
1755869326.9909446,-3,7,-73
1755869327.0269446,-10,2,-79
1755869327.0639446,-5,0,-68
1755869327.1019447,6,-5,-75
1755869327.1409447,-6,2,-64
1755869327.1769447,4,-1,-65
1755869327.213945,-3,0,-66
1755869327.2519443,-2,-3,-68
1755869327.2909446,-4,1,-80
1755869327.3269446,-2,1,-76
1755869327.3649447,0,-5,-82
1755869327.4029446,-10,2,-82
1755869327.4419446,-9,9,-70
1755869327.4779446,-1,4,-74
1755869327.5149446,-4,3,-72
1755869327.552945,4,-3,-76
1755869327.5919447,1,0,-65
1755869327.6279447,-4,2,-67
1755869327.6649446,-4,6,-71
1755869327.7029445,-2,1,-81
1755869327.7419446,-5,1,-74
1755869327.7779446,2,0,-72
1755869327.8149445,0,0,-77
1755869327.8529446,-2,4,-78
1755869327.8909447,0,2,-89
1755869327.9269447,-5,3,-93
1755869327.9649446,-6,-3,-86
1755869328.0029447,0,5,-72
1755869328.0419445,1,6,-83
1755869328.0779445,5,-3,-76
1755869328.1149447,6,2,-76
1755869328.1529446,-6,3,-73
1755869328.190945,3,-2,-71
1755869328.2279446,4,3,-76
1755869328.2649446,-1,2,-67
1755869328.302945,6,-6,-72
1755869328.3419447,2,-2,-63
1755869328.3779447,2,-3,-62
1755869328.4159446,6,2,-65
1755869328.4529445,4,0,-73
1755869328.4889443,5,0,-74
1755869328.5259447,5,-1,-71
1755869328.5649445,1,0,-73
1755869328.6029446,1,0,-63
1755869328.6389446,1,-1,-66
1755869328.6759446,7,1,-70
1755869328.713945,9,6,-76
1755869328.7529447,1,0,-79
1755869328.7889447,8,1,-75
1755869328.825945,5,3,-72
1755869328.8639443,0,0,-82
1755869328.9029446,3,0,-80
1755869328.9389446,0,0,-78
1755869328.9759445,0,-4,-77
1755869329.0149446,0,-6,-74
1755869329.052945,0,-4,-68
1755869329.088945,-2,-6,-70
1755869329.1269443,2,-3,-71
1755869329.1649446,-4,-7,-68
1755869329.2039447,-1,-10,-83
1755869329.2419446,-7,-6,-85
1755869329.2779446,-5,-2,-69
1755869329.315945,-2,4,-71
1755869329.361945,0,2,-72
1755869329.3979447,-1,7,-63
1755869329.4359446,-1,1,-71
1755869329.473945,1,-1,-77
1755869329.5119443,-1,0,-73
1755869329.5479443,-7,-4,-73
1755869329.585945,-6,0,-62
1755869329.6239443,-2,-5,-76
1755869329.6629446,6,1,-80
1755869329.6989446,2,1,-80
1755869329.7359445,0,-3,-68
1755869329.7739446,1,-1,-75
1755869329.812945,-1,0,-74
1755869329.848945,0,3,-81
1755869329.8859446,0,2,-73
1755869329.9239447,-4,4,-67
1755869329.9629445,-5,-4,-71
1755869329.9989443,-3,-2,-70
1755869330.0369446,-6,-1,-73
1755869330.0749447,-10,0,-71
1755869330.1139443,-7,-4,-74
1755869330.1499443,-5,4,-76
1755869330.1869447,-10,-4,-77
1755869330.2249446,-6,-7,-78
1755869330.2639446,-3,-2,-76
1755869330.2999446,-3,1,-79
1755869330.3369446,-5,4,-77
1755869330.3749447,0,0,-78
1755869330.4129446,-2,4,-69
1755869330.4489446,1,0,-73
1755869330.486945,0,4,-71
1755869330.5239446,-5,3,-78
1755869330.562945,-3,4,-66
1755869330.598945,-5,0,-69
1755869330.6369443,1,2,-57
1755869330.6739447,0,-6,-71
1755869330.7129445,-2,-1,-63
1755869330.7489443,-5,1,-71
1755869330.7869446,1,-4,-80
1755869330.8239446,9,1,-71
1755869330.8599446,0,6,-69
1755869330.8979447,0,-5,-68
1755869330.9359446,-3,2,-66
1755869330.9749446,-9,4,-73
1755869331.0129447,0,0,-76
1755869331.0489447,6,4,-72
1755869331.0869446,2,-3,-77
1755869331.1249447,3,0,-69
1755869331.1629446,-4,-2,-78
1755869331.1989446,0,0,-82
1755869331.236945,-8,4,-73
1755869331.2749443,1,2,-66
1755869331.312945,-3,-2,-76
1755869331.348945,2,-2,-81
1755869331.3859446,6,0,-76
1755869331.4249446,0,2,-81
1755869331.4629445,-4,0,-81
1755869331.4989443,-2,-5,-74
1755869331.5369446,-2,-1,-76
1755869331.5749447,4,0,-62
1755869331.6129446,0,1,-74
1755869331.6489446,-2,0,-78
1755869331.6859446,-4,0,-79
1755869331.7249446,-3,-2,-69
1755869331.7629447,-3,1,-76
1755869331.7989447,3,5,-68
1755869331.835945,-1,-2,-73
1755869331.8749447,-2,-1,-76
1755869331.9129446,-4,2,-69
1755869331.9489446,-8,2,-70
1755869331.986945,5,8,-69
1755869332.0249443,-2,7,-89
1755869332.0609446,0,4,-86
1755869332.0979445,1,-3,-73
1755869332.1359446,-2,1,-77
1755869332.1749446,-4,-1,-62
1755869332.210945,-6,0,-63
1755869332.2479446,-3,-4,-76
1755869332.2859447,1,-3,-73
1755869332.3249447,0,-1,-69
1755869332.3609445,-4,1,-68
1755869332.3989446,-6,-4,-70
1755869332.4369447,-6,9,-75
1755869332.4749446,-4,8,-69
1755869332.5139446,0,5,-70
1755869332.5499446,2,0,-77
1755869332.5879445,3,6,-74
1755869332.6249447,-2,0,-72
1755869332.6639447,1,3,-57
1755869332.6999447,-9,2,-63
1755869332.736945,0,2,-77
1755869332.7759447,-1,-2,-72
1755869332.8139446,-3,-9,-81
1755869332.8499446,-3,-6,-93
1755869332.8879447,1,-2,-74
1755869332.9259446,0,-5,-70
1755869332.9649446,-1,-2,-69
1755869333.0009446,-4,1,-77
1755869333.0379446,-10,5,-81
1755869333.075945,2,-2,-73
1755869333.1149447,0,5,-69
1755869333.1509447,3,0,-70
1755869333.187945,-1,-5,-82
1755869333.2259445,3,0,-71
1755869333.2639446,6,2,-63
1755869333.2999446,1,0,-71
1755869333.3369446,0,0,-72
1755869333.3759446,2,0,-74
1755869333.4139447,-1,5,-73
1755869333.4499447,-6,5,-72
1755869333.486945,1,1,-80
1755869333.5259447,3,2,-79
1755869333.5639446,6,-1,-65
1755869333.5999446,6,-5,-62
1755869333.6379447,-5,0,-67
1755869333.6759446,-3,5,-69
1755869333.7149446,-1,2,-73
1755869333.7509446,3,1,-77
1755869333.7879446,-6,2,-76
1755869333.825945,-1,-3,-75
1755869333.8649447,-8,2,-75
1755869333.9009447,-5,3,-77
1755869333.937945,-2,0,-76
1755869333.9759445,-4,2,-77
1755869334.0149446,0,-1,-82
1755869334.0509446,0,-5,-76
1755869334.0879445,-3,-5,-71
1755869334.1259446,0,-5,-66
1755869334.1649446,0,0,-62
1755869334.200945,1,-4,-69
1755869334.2379446,1,-7,-74
1755869334.2759447,-3,0,-68
1755869334.3149445,0,0,-67
1755869334.3509445,-1,0,-76
1755869334.3889446,-4,1,-72
1755869334.4259446,2,0,-79
1755869334.4619446,4,3,-67
1755869334.4989443,3,0,-75
1755869334.5369446,4,0,-66
1755869334.5749447,0,-7,-73
1755869334.6109445,0,-1,-80
1755869334.6479447,-1,-2,-71
1755869334.6869447,2,0,-74
1755869334.7249446,-10,-5,-74
1755869334.7609446,0,-6,-70
1755869334.7979443,4,-9,-59
1755869334.8369446,0,2,-66
1755869334.8749447,5,-1,-67
1755869334.9109447,0,0,-81
1755869334.9479446,4,5,-76
1755869334.986945,3,0,-75
1755869335.0249443,2,-6,-74
1755869335.0609446,3,0,-77
1755869335.0979445,2,0,-86
1755869335.1359446,5,-1,-70
1755869335.1719446,4,-1,-79
1755869335.2089446,-3,1,-76
1755869335.2479446,0,-3,-69
1755869335.2859447,-7,-4,-76
1755869335.3219447,1,-1,-72
1755869335.358945,0,3,-69
1755869335.3969443,-6,0,-65
1755869335.4349446,-11,-1,-69
1755869335.4709446,-8,0,-74
1755869335.5079446,-3,-2,-68
1755869335.5469446,0,-5,-69
1755869335.5849447,-11,0,-64
1755869335.6209445,-1,-2,-62
1755869335.6589446,4,-3,-75
1755869335.6979446,5,2,-74
1755869335.7359445,3,0,-75
1755869335.7719443,5,1,-77
1755869335.8089447,-1,-9,-71
1755869335.8479445,3,3,-64
1755869335.8859446,1,0,-67
1755869335.9219446,1,2,-74
1755869335.9599447,-2,0,-80
1755869335.996945,0,8,-78
1755869336.032945,0,8,-65
1755869336.0709443,0,6,-63
1755869336.108945,3,2,-70
1755869336.1469443,-2,1,-63
1755869336.1829443,-6,2,-74
1755869336.2199447,2,2,-79
1755869336.2579446,6,-1,-78
1755869336.2969446,8,5,-72
1755869336.3329446,6,3,-84
1755869336.3699446,1,1,-68
1755869336.407945,2,0,-65
1755869336.4459443,0,5,-71
1755869336.4819446,-9,3,-59
1755869336.519945,-4,-1,-81
1755869336.5579443,1,0,-63
1755869336.5959446,1,3,-74
1755869336.631945,0,2,-66
1755869336.6689446,2,-2,-61
1755869336.7079446,4,-1,-73
1755869336.7459445,0,-5,-65
1755869336.7819445,6,0,-68
1755869336.8189447,7,-5,-86
1755869336.8579447,-4,0,-73
1755869336.8959446,-6,-1,-78
1755869336.9319446,0,0,-81
1755869336.9689443,1,2,-71
1755869337.006945,-3,-2,-66
1755869337.042945,4,-6,-64
1755869337.0799446,0,-4,-63
1755869337.1179447,1,0,-77
1755869337.1569445,-5,-1,-74
1755869337.1929443,-4,5,-70
1755869337.2299447,-3,-4,-65
1755869337.2679446,-2,-4,-81
1755869337.3069446,-3,0,-73
1755869337.3429446,0,-2,-62
1755869337.381945,6,-3,-68
1755869337.4189446,3,-5,-77
1755869337.4579446,5,-1,-73
1755869337.4939446,9,2,-72
1755869337.5309446,5,2,-75
1755869337.5679443,2,-5,-76
1755869337.6069446,-3,-3,-80
1755869337.6429446,-2,-3,-78
1755869337.6809447,-2,-2,-86
1755869337.7189443,-6,-1,-81
1755869337.7579446,0,-2,-67
1755869337.7939446,4,-10,-61
1755869337.8309443,0,-3,-67
1755869337.8689446,1,-5,-72
1755869337.907945,3,-6,-81
1755869337.9439447,1,-1,-86
1755869337.9809446,2,1,-71
1755869338.0179446,7,1,-74
1755869338.0569446,0,0,-75
1755869338.0929446,-3,-4,-75
1755869338.1309447,0,-1,-74
1755869338.1689446,1,-2,-75
1755869338.2079446,6,1,-74
1755869338.2439446,-2,0,-71
1755869338.2809446,-5,-5,-77
1755869338.3199446,-1,2,-66
1755869338.3579447,1,-2,-64
1755869338.3939445,-3,-2,-65
1755869338.4329443,-6,4,-72
1755869338.4699447,3,-1,-72
1755869338.5089445,3,-5,-66
1755869338.5469446,3,1,-71
1755869338.5829446,2,-3,-69
1755869338.6199446,0,6,-78
1755869338.657945,10,-2,-69
1755869338.6939447,9,-1,-63
1755869338.7309446,6,0,-74
1755869338.769945,-7,2,-67
1755869338.8079443,-6,6,-71
1755869338.8439443,-1,1,-83
1755869338.8809447,2,3,-79
1755869338.9189446,-3,-7,-74
1755869338.9579446,-5,0,-64
1755869338.9939446,0,0,-77
1755869339.0309446,-3,-1,-72
1755869339.0699446,-6,-2,-78
1755869339.1079447,-10,-2,-67
1755869339.1439445,0,3,-69
1755869339.1809447,9,0,-62
1755869339.2189443,0,0,-71
1755869339.2549446,-1,2,-73
1755869339.292945,1,-2,-73
1755869339.3309443,-1,-3,-81
1755869339.3749447,2,-1,-81
1755869339.4129446,3,-2,-75
1755869339.450945,-1,0,-79
1755869339.4889443,0,-1,-75
1755869339.5279446,2,2,-71
1755869339.5639446,4,3,-72
1755869339.6019447,2,-1,-78
1755869339.6409447,0,-1,-75
1755869339.6789446,0,-2,-68
1755869339.7149446,2,-3,-72
1755869339.7519443,-1,-8,-76
1755869339.7899446,5,-5,-77
1755869339.8289447,9,4,-79
1755869339.8649447,-1,4,-75
1755869339.9019446,1,-2,-90
1755869339.940945,-3,-6,-84
1755869339.9789443,-7,0,-80
1755869340.0149446,-9,1,-74
1755869340.052945,-4,2,-67
1755869340.0909443,6,1,-77
1755869340.1289446,7,-3,-67
1755869340.1649446,4,0,-63
1755869340.2019446,0,1,-83
1755869340.2399447,0,-1,-78
1755869340.2779446,0,4,-74
1755869340.3139446,-3,0,-78
1755869340.3519447,3,-2,-81
1755869340.3909447,-1,0,-75
1755869340.4289446,-1,-2,-65
1755869340.4649446,-2,0,-64
1755869340.5029447,3,-4,-86
1755869340.5409446,-3,4,-68
1755869340.5799446,-3,-3,-66
1755869340.6179447,3,9,-80
1755869340.6539447,-3,6,-69
1755869340.690945,1,1,-85
1755869340.7289443,4,5,-78
1755869340.7649446,1,4,-61
1755869340.8019447,2,1,-67
1755869340.8399446,0,1,-80
1755869340.8779447,7,1,-80
1755869340.9139447,4,0,-76
1755869340.950945,8,-4,-84
1755869340.9899447,11,-1,-73
1755869341.0259447,11,1,-84
1755869341.062945,0,-1,-82
1755869341.1009445,0,2,-71
1755869341.1389446,2,0,-74
1755869341.1749446,-4,3,-76
1755869341.2129445,-11,6,-76
1755869341.2509446,-6,1,-74
1755869341.2899446,0,-1,-65
1755869341.325945,0,1,-66
1755869341.3629446,2,3,-77
1755869341.4009447,4,-5,-65
1755869341.4389446,1,-4,-85
1755869341.4749446,5,-6,-82
1755869341.5129447,4,-4,-76
1755869341.5509446,6,-8,-66
1755869341.5899446,4,0,-80
1755869341.6259446,-3,-5,-82
1755869341.6639447,-2,2,-85
1755869341.7019446,-2,-4,-65
1755869341.7409446,-2,-4,-67
1755869341.7789447,-2,0,-69
1755869341.8149445,2,-2,-66
1755869341.8529446,-4,1,-71
1755869341.8909447,3,5,-58
1755869341.9289446,0,5,-66
1755869341.9649446,2,-3,-71
1755869342.0029447,1,-3,-67
1755869342.0409446,5,-3,-74
1755869342.0799446,-4,1,-73
1755869342.1159446,-1,4,-66
1755869342.1529446,3,4,-63
1755869342.190945,2,-1,-62
1755869342.2299447,-3,0,-67
1755869342.2659447,-1,-2,-67
1755869342.3039446,0,0,-60
1755869342.3419447,6,0,-65
1755869342.3799446,0,-2,-75
1755869342.4159446,-3,-6,-80
1755869342.4549446,0,-2,-67
1755869342.4919446,-2,-6,-79
1755869342.5309446,2,-4,-71
1755869342.5689447,-1,-4,-69
1755869342.6049447,-2,0,-76
1755869342.6419446,2,1,-80
1755869342.6809447,-1,-4,-77
1755869342.7169447,-8,0,-72
1755869342.7549446,-1,-2,-65
1755869342.792945,3,-11,-74
1755869342.8309443,0,-9,-73
1755869342.8699446,-5,-1,-68
1755869342.9059446,0,1,-72
1755869342.9429443,0,-6,-63
1755869342.9809446,-6,-2,-72
1755869343.019945,-2,1,-72
1755869343.0559447,-4,0,-81
1755869343.0929446,5,0,-70
1755869343.1309447,-3,4,-70
1755869343.1699443,0,0,-74
1755869343.2059443,5,-2,-62
1755869343.2429447,4,0,-76
1755869343.2809446,-1,0,-78
1755869343.3169446,4,1,-67
1755869343.3539443,-6,1,-74
1755869343.3919446,-1,4,-68
1755869343.4309447,2,3,-75
1755869343.4669447,0,-1,-73
1755869343.5039446,3,-1,-83
1755869343.542945,4,-7,-74
1755869343.5809443,5,-4,-69
1755869343.6169446,8,0,-67
1755869343.6539447,3,-1,-80
1755869343.6929443,-3,-1,-78
1755869343.7309446,-3,0,-73
1755869343.7669446,2,-2,-68
1755869343.8039446,1,-9,-75
1755869343.8419447,-4,-4,-78
1755869343.8809447,4,-6,-77
1755869343.9169445,8,3,-72
1755869343.9539447,3,1,-71
1755869343.9919446,2,0,-68
1755869344.029945,0,-1,-68
1755869344.065945,-5,-6,-67
1755869344.1039443,0,0,-67
1755869344.1419446,1,0,-73
1755869344.1799445,0,-4,-79
1755869344.2159443,-2,0,-75
1755869344.2539446,-6,-1,-70
1755869344.2919445,1,-2,-72
1755869344.3309443,7,0,-67
1755869344.3669446,0,-5,-71
1755869344.4059446,5,-2,-67
1755869344.4429443,1,0,-55
1755869344.4809446,1,0,-62
1755869344.5169446,0,-5,-60
1755869344.5539446,0,-4,-76
1755869344.5919447,1,-2,-88
1755869344.6309447,-3,0,-87
1755869344.6669445,0,-4,-85
1755869344.7039447,1,-1,-69
1755869344.7419446,0,0,-78
1755869344.7779446,5,5,-68
1755869344.8149445,4,-2,-70
1755869344.8529446,0,-2,-56
1755869344.8919446,-5,-3,-71
1755869344.927945,-1,-5,-68
1755869344.9659443,3,0,-66
1755869345.0029447,0,4,-74
1755869345.0409446,3,4,-74
1755869345.0769446,4,0,-73
1755869345.1139443,3,0,-81
1755869345.1519446,5,-4,-77
1755869345.187945,13,-2,-74
1755869345.2259445,12,0,-63
1755869345.2639446,-2,2,-74
1755869345.302945,1,2,-77
1755869345.3409443,2,-1,-82
1755869345.3769443,6,-1,-74
1755869345.4139447,1,3,-76
1755869345.4519446,-2,-2,-86
1755869345.4879446,0,-2,-80
1755869345.5269446,0,1,-71
1755869345.5639446,-2,4,-80
1755869345.6029446,2,2,-74
1755869345.6409447,2,1,-67
1755869345.6769447,1,4,-63
1755869345.713945,-1,-6,-66
1755869345.7529447,0,1,-71
1755869345.7909446,-6,-5,-63
1755869345.8269446,-3,-1,-59
1755869345.8649447,-7,0,-62
1755869345.9029446,-2,3,-70
1755869345.9419446,-6,7,-64
1755869345.9779446,4,8,-67
1755869346.0149446,3,0,-77
1755869346.052945,2,5,-89
1755869346.0909443,2,3,-72
1755869346.1269443,-1,0,-74
1755869346.1639447,-3,-4,-69
1755869346.2029445,-6,-3,-60
1755869346.2409446,4,-5,-65
1755869346.2769446,0,0,-73
1755869346.3149445,-1,-2,-80
1755869346.3529446,1,-3,-78
1755869346.3919446,2,-5,-82
1755869346.427945,2,-4,-68
1755869346.4649446,-4,-5,-70
1755869346.5029447,0,0,-67
1755869346.5389447,4,-3,-73
1755869346.575945,-1,-3,-71
1755869346.6139443,2,4,-74
1755869346.6529446,-6,5,-81
1755869346.6889446,-2,-1,-81
1755869346.7279446,-7,-6,-81
1755869346.7649446,0,2,-78
1755869346.802945,3,1,-65
1755869346.838945,10,0,-60
1755869346.8759446,1,-1,-76
1755869346.9149446,-2,-3,-75
1755869346.9529445,5,-3,-69
1755869346.9889443,-1,-3,-68
1755869347.0269446,1,3,-64
1755869347.0649445,0,4,-69
1755869347.1029446,2,1,-81
1755869347.1389446,5,3,-75
1755869347.1759446,-4,0,-81
1755869347.213945,-6,4,-83
1755869347.2529447,-11,9,-84
1755869347.2889447,0,5,-76
1755869347.325945,-4,0,-73
1755869347.3639443,-1,0,-73
1755869347.4029446,4,1,-85
1755869347.4399445,7,-1,-80
1755869347.4769447,1,4,-73
1755869347.5139446,-1,-4,-72
1755869347.552945,3,-4,-75
1755869347.588945,-3,-6,-75
1755869347.6269443,2,-2,-63
1755869347.6649446,0,3,-69
1755869347.7029445,1,-3,-72
1755869347.7389443,0,-4,-72
1755869347.7769446,3,-3,-70
1755869347.8149445,5,-3,-58
1755869347.8539443,1,-1,-57
1755869347.8919446,0,-3,-63
1755869347.9289446,-2,0,-67
1755869347.9659443,1,-5,-76
1755869348.0039446,2,-7,-75
1755869348.042945,2,0,-86
1755869348.0789447,3,-5,-74
1755869348.1159446,9,0,-68
1755869348.1539447,10,0,-68
1755869348.1899445,4,-4,-65
1755869348.2269447,3,2,-65
1755869348.2639446,3,3,-77
1755869348.2999446,5,-5,-73
1755869348.3379445,-5,-2,-60
1755869348.3749447,1,1,-64
1755869348.4129446,0,1,-67
1755869348.4489446,-1,-1,-72
1755869348.486945,2,-1,-71
1755869348.5249443,-9,2,-65
1755869348.5639446,0,3,-64
1755869348.5999446,4,-4,-73
1755869348.6379447,-8,-1,-75
1755869348.6749446,-7,2,-77
1755869348.713945,-5,8,-80
1755869348.7499447,-4,9,-72
1755869348.7879446,0,0,-73
1755869348.8249447,-8,2,-82
1755869348.8639443,1,-1,-80
1755869348.8999443,5,-6,-71
1755869348.9369447,4,1,-80
1755869348.9749446,-2,2,-81
1755869349.0139446,0,1,-69
1755869349.0499446,4,0,-74
1755869349.0869446,-5,1,-71
1755869349.1249447,0,5,-68
1755869349.1629446,10,1,-74
1755869349.1989446,2,5,-68
1755869349.2359445,8,2,-71
1755869349.2749443,1,2,-78
1755869349.312945,1,-3,-70
1755869349.348945,0,0,-69
1755869349.394945,1,-1,-71
1755869349.4329443,-3,-6,-78
1755869349.4689443,-1,-3,-78
1755869349.506945,-2,0,-71
1755869349.5449443,-2,-5,-72
1755869349.5839446,-3,-1,-77
1755869349.6199446,0,-5,-73
1755869349.6569445,-2,-3,-77
1755869349.6949446,0,0,-73
1755869349.733945,3,2,-69
1755869349.769945,7,-2,-73
1755869349.8089447,3,0,-78
1755869349.8469446,4,1,-76
1755869349.884945,4,4,-82
1755869349.9209447,2,0,-74
1755869349.9579446,-1,-2,-73
1755869349.9959445,-1,-5,-75
1755869350.0349443,0,-1,-69
1755869350.0709443,0,-1,-67
1755869350.1079447,-4,-3,-75
1755869350.1459446,0,0,-78
1755869350.1839447,-1,1,-71
1755869350.2199447,-2,4,-74
1755869350.2579446,2,2,-76
1755869350.2949443,3,1,-76
1755869350.3339446,-1,-1,-78
1755869350.3699446,4,1,-75
1755869350.407945,2,1,-74
1755869350.4449446,5,-5,-63
1755869350.483945,2,1,-69
1755869350.519945,0,0,-59
1755869350.5579443,0,-8,-69
1755869350.5959446,4,-5,-72
1755869350.634945,2,6,-67
1755869350.6709447,4,2,-69
1755869350.7079446,-1,8,-70
1755869350.7459445,4,7,-66
1755869350.7839446,9,0,-72
1755869350.8199446,4,-1,-74
1755869350.8579447,-2,-6,-67
1755869350.8959446,2,-1,-76
1755869350.9349446,6,2,-69
1755869350.9709446,6,0,-76
1755869351.0079446,5,-1,-69
1755869351.0459447,9,0,-84
1755869351.0839446,6,-5,-80
1755869351.1199446,1,1,-83
1755869351.1569445,0,0,-84
1755869351.1949446,1,-3,-73
1755869351.2309446,-1,-3,-75
1755869351.2689445,-1,0,-80
1755869351.3069446,0,-2,-67
1755869351.3459446,-5,-2,-74
1755869351.3839445,0,8,-71
1755869351.4199443,-3,1,-66
1755869351.4569447,-3,-6,-69
1755869351.4959445,9,-6,-72
1755869351.5339446,0,0,-65
1755869351.5699446,0,4,-70
1755869351.6069446,2,2,-70
1755869351.6459446,0,4,-73
1755869351.6819446,2,-2,-74
1755869351.7189443,-1,2,-60
1755869351.756945,4,0,-73
1755869351.7949443,0,0,-71
1755869351.8309443,0,0,-68
1755869351.8679447,3,1,-82
1755869351.9059446,-5,0,-74
1755869351.9429443,-6,4,-75
1755869351.9799447,1,7,-75
1755869352.0169446,4,4,-72
1755869352.0559447,-6,2,-71
1755869352.0919447,-4,3,-77
1755869352.1299446,0,5,-74
1755869352.1669445,4,1,-74
1755869352.2049446,0,0,-62
1755869352.2409446,0,1,-67
1755869352.2779446,4,-3,-72
1755869352.315945,0,2,-71
1755869352.3519447,0,4,-71
1755869352.3889446,3,-4,-75
1755869352.427945,-1,8,-82
1755869352.4659443,-5,7,-75
1755869352.5019443,0,1,-70
1755869352.5389447,1,0,-71
1755869352.5769446,3,-1,-74
1755869352.6149447,0,2,-78
1755869352.6509447,-5,5,-72
1755869352.6889446,2,0,-84
1755869352.7269447,0,1,-82
1755869352.7649446,0,3,-82
1755869352.8009446,-3,0,-79
1755869352.8379445,3,-2,-65
1755869352.8769443,-2,2,-64
1755869352.9149446,2,9,-78
1755869352.950945,1,-1,-76
1755869352.9879446,4,3,-77
1755869353.0259447,2,4,-68
1755869353.0619447,1,0,-70
1755869353.098945,-9,4,-75
1755869353.1369443,0,2,-63
1755869353.1749446,0,4,-72
1755869353.210945,-2,3,-73
1755869353.2489443,2,-6,-79
1755869353.2869446,-2,1,-75
1755869353.3249447,1,1,-77
1755869353.3609445,0,1,-69
1755869353.3979447,5,0,-73
1755869353.4369447,0,3,-80
1755869353.4749446,-2,2,-72
1755869353.5119443,-1,3,-71
1755869353.5489447,0,-5,-74
1755869353.5869446,5,-1,-78
1755869353.6259446,-4,-1,-77
1755869353.6619446,-3,-1,-85
1755869353.6999447,-4,0,-76
1755869353.7379446,-5,-2,-62
1755869353.7769446,4,-2,-69
1755869353.812945,0,4,-71
1755869353.8499446,1,2,-83
1755869353.8869443,4,2,-69
1755869353.9229443,6,3,-78
1755869353.9599447,3,-5,-72
1755869353.9979446,4,0,-73
1755869354.0359447,3,1,-71
1755869354.0719447,7,3,-79
1755869354.108945,3,-3,-82
1755869354.1469443,1,0,-71
1755869354.1859446,0,1,-64
1755869354.2219446,-2,5,-75
1755869354.2589445,-3,4,-69
1755869354.2979443,2,-1,-68
1755869354.335945,8,-4,-81
1755869354.371945,3,3,-67
1755869354.4089446,2,-4,-61
1755869354.4479446,-5,-1,-72
1755869354.4859445,-6,7,-85
1755869354.5219443,-1,2,-87
1755869354.5589447,-3,5,-74
1755869354.5979445,3,1,-66
1755869354.6359446,-1,4,-63
1755869354.6719446,4,-5,-68
1755869354.7099447,-6,-1,-69
1755869354.7489443,-1,-6,-70
1755869354.7869446,0,-9,-83
1755869354.8229446,-1,3,-77
1755869354.8609445,0,0,-76
1755869354.8989446,-5,0,-68
1755869354.937945,3,0,-73
1755869354.9759445,-1,8,-76
1755869355.0119443,-2,3,-71
1755869355.0499446,2,1,-70
1755869355.0879445,-5,-4,-68
1755869355.1259446,-4,3,-69
1755869355.1619446,3,0,-67
1755869355.1989446,2,-3,-79
1755869355.2379446,-3,-5,-74
1755869355.2739446,-3,-4,-85
1755869355.3119447,-7,1,-83
1755869355.3499446,0,0,-87
1755869355.3879447,-3,-5,-83
1755869355.4269447,-2,-6,-80
1755869355.4629445,0,-4,-66
1755869355.4999447,-3,-2,-66
1755869355.5379446,-2,9,-61
1755869355.5769446,-1,-3,-74
1755869355.6129446,-9,-1,-71
1755869355.6509447,-9,-2,-63
1755869355.6889446,-3,-6,-68
1755869355.7279446,3,-5,-72
1755869355.7639446,8,0,-79
1755869355.8009446,5,0,-82
1755869355.8379445,4,0,-66
1755869355.8769443,2,5,-73
1755869355.9129446,3,-2,-74
1755869355.950945,-2,0,-75
1755869355.9879446,0,1,-68
1755869356.0239446,3,-4,-69
1755869356.0619447,-1,-11,-58
1755869356.0999446,0,-4,-74
1755869356.1389446,-2,2,-80
1755869356.1769447,3,4,-81
1755869356.2129445,5,7,-72
1755869356.2499447,2,9,-69
1755869356.2879446,2,0,-65
1755869356.3239446,0,0,-65
1755869356.3609445,7,3,-70
1755869356.3989446,-4,-4,-75
1755869356.4369447,3,-4,-70
1755869356.4729445,1,-1,-62
1755869356.509945,-7,-1,-72
1755869356.5489447,0,-1,-61
1755869356.5869446,3,-2,-59
1755869356.6229446,6,0,-75
1755869356.6599443,1,-4,-82
1755869356.6989446,8,-5,-79
1755869356.736945,6,-4,-59
1755869356.7729447,7,1,-61
1755869356.8099446,7,2,-65
1755869356.848945,12,-1,-69
1755869356.8869443,3,0,-69
1755869356.9229443,0,2,-67
1755869356.960945,3,-6,-70
1755869356.9989443,6,2,-69
1755869357.0369446,0,0,-61
1755869357.0729446,-1,-1,-70
1755869357.1109445,0,4,-64
1755869357.1489446,-4,-2,-70
1755869357.187945,-5,2,-63
1755869357.223945,-7,2,-60
1755869357.2619443,1,-2,-57
1755869357.2989447,2,-2,-62
1755869357.3379445,-6,-5,-60
1755869357.3739443,-2,0,-64
1755869357.4119446,3,-1,-66
1755869357.4499447,-6,3,-75
1755869357.4889443,-2,2,-70
1755869357.5249443,0,0,-69
1755869357.562945,7,-4,-85
1755869357.6009445,7,2,-79
1755869357.6389446,0,5,-81
1755869357.6749446,-1,4,-84
1755869357.7129445,-2,-1,-76
1755869357.7509446,5,2,-78
1755869357.7889447,2,-3,-71
1755869357.8249447,5,3,-67
1755869357.861945,5,0,-75
1755869357.8999443,-5,5,-76
1755869357.937945,0,9,-80
1755869357.973945,1,-2,-80
1755869358.0109446,-1,-7,-71
1755869358.0499446,-3,0,-65
1755869358.0879445,-1,4,-85
1755869358.1239443,0,3,-75
1755869358.1609447,11,6,-59
1755869358.1999447,5,0,-60
1755869358.2379446,2,1,-75
1755869358.2739446,1,-1,-65
1755869358.3119447,-3,0,-61
1755869358.3499446,-2,-2,-67
1755869358.3879447,-1,0,-65
1755869358.4239447,-1,-2,-79
1755869358.4619446,0,4,-86
1755869358.4999447,-6,3,-74
1755869358.5389447,-7,2,-71
1755869358.5749447,0,2,-70
1755869358.611945,1,6,-78
1755869358.6499443,-1,0,-80
1755869358.687945,2,3,-60
1755869358.723945,0,3,-71
1755869358.7609446,6,1,-69
1755869358.7999446,2,0,-73
1755869358.8379445,6,1,-69
1755869358.8739443,3,-6,-70
1755869358.9119446,8,2,-70
1755869358.9499447,11,0,-68
1755869358.9879446,3,-3,-80
1755869359.0239446,0,-4,-78
1755869359.0609446,1,0,-72
1755869359.098945,-4,6,-76
1755869359.134945,0,0,-79
1755869359.1719446,8,-5,-81
1755869359.210945,0,0,-71
1755869359.2489443,0,-1,-82
1755869359.2849443,1,0,-80
1755869359.3219447,1,-2,-90
1755869359.3599446,3,-5,-72
1755869359.4039447,2,-4,-74
1755869359.4419446,3,0,-76
1755869359.4799447,0,-1,-70
1755869359.5189445,1,-3,-77
1755869359.5549445,-4,-1,-74
1755869359.5929446,-5,-1,-70
1755869359.6309447,-6,-2,-73
1755869359.6699443,-3,-5,-74
1755869359.7059443,2,-3,-70
1755869359.7429447,1,-11,-68
1755869359.7809446,7,-4,-74
1755869359.8199446,3,-8,-72
1755869359.8559446,4,-2,-74
1755869359.8929446,0,2,-68
1755869359.9309447,14,-4,-59
1755869359.9689443,-1,0,-63
1755869360.0049446,5,0,-69
1755869360.0419445,-2,-1,-70
1755869360.0809443,0,-6,-74
1755869360.1189446,-3,-3,-69
1755869360.154945,-1,-6,-71
1755869360.1929443,6,-9,-71
1755869360.2309446,0,0,-72
1755869360.269945,0,0,-81
1755869360.3059447,3,-4,-76
1755869360.3429446,5,-2,-65
1755869360.3809447,3,2,-68
1755869360.4189446,6,-7,-62
1755869360.4549446,4,-9,-67
1755869360.4929447,4,0,-80
1755869360.5309446,0,-6,-81
1755869360.5689447,0,-11,-80
1755869360.6059446,-6,0,-75
1755869360.6439445,2,6,-76
1755869360.6819446,1,1,-75
1755869360.7199447,-3,-1,-73
1755869360.7559447,0,-6,-74
1755869360.7939446,0,-10,-83
1755869360.8319447,7,-4,-68
1755869360.8709445,-2,-4,-66
1755869360.9069445,-1,-2,-71
1755869360.9449446,1,3,-66
1755869360.9819446,-3,1,-63
1755869361.0209446,3,0,-67
1755869361.0569446,7,-3,-73
1755869361.0939443,0,-4,-80
1755869361.131945,3,-2,-72
1755869361.1709447,2,1,-72
1755869361.2069447,2,4,-67
1755869361.2449446,4,0,-73
1755869361.2839446,2,-10,-76
1755869361.3219447,5,-5,-72
1755869361.3599446,2,1,-67
1755869361.3959446,-2,0,-61
1755869361.4329443,-2,7,-69
1755869361.4719446,3,4,-73
1755869361.509945,4,-2,-71
1755869361.5459447,4,0,-60
1755869361.5829446,2,0,-83
1755869361.6209445,0,0,-75
1755869361.6569445,5,-5,-79
1755869361.6949446,1,6,-74
1755869361.7329447,3,1,-80
1755869361.7709446,3,-4,-73
1755869361.8069446,1,4,-70
1755869361.8439443,5,-5,-68
1755869361.881945,3,-6,-78
1755869361.9209447,2,-9,-73
1755869361.9569447,-2,-4,-67
1755869361.9949446,6,0,-73
1755869362.032945,-2,1,-73
1755869362.0719447,-4,1,-66
1755869362.1099446,-3,2,-70
1755869362.1459446,3,-4,-70
1755869362.1839447,7,6,-70
1755869362.2219446,4,3,-66
1755869362.259945,6,0,-71
1755869362.2959447,4,-4,-63
1755869362.3329446,0,-5,-58
1755869362.371945,-3,0,-68
1755869362.4099443,0,5,-70
1755869362.4459443,2,0,-71
1755869362.4829447,2,0,-72
1755869362.5209446,6,0,-68
1755869362.5579443,-9,-1,-63
1755869362.5949447,-2,1,-72
1755869362.6329446,4,-5,-79
1755869362.6719446,1,-5,-79
1755869362.7079446,3,0,-80
1755869362.7449446,4,4,-78
1755869362.7819445,-4,3,-80
1755869362.8209443,0,2,-81
1755869362.8569446,-3,0,-75
1755869362.8939445,-6,1,-74
1755869362.9319446,2,0,-59
1755869362.9679446,1,2,-59
1755869363.0049446,0,-1,-62
1755869363.042945,0,-1,-60
1755869363.0819447,-1,0,-66
1755869363.1179447,-3,-8,-70
1755869363.1559446,0,-4,-83
1755869363.1939447,-2,-1,-69
1755869363.2329447,1,-6,-76
1755869363.2709446,-6,-5,-83
1755869363.3069446,-1,4,-72
1755869363.3439443,3,0,-67
1755869363.381945,-4,2,-83
1755869363.417945,-3,9,-78
1755869363.4549446,-6,3,-74
1755869363.4929447,0,6,-69
1755869363.5309446,0,3,-77
1755869363.5669446,-1,4,-75
1755869363.6039443,-6,-6,-73
1755869363.6429446,-5,1,-75
1755869363.6809447,-5,0,-84
1755869363.7169447,-4,-5,-84
1755869363.7549446,1,-2,-75
1755869363.7939446,0,-4,-78
1755869363.8319447,0,3,-77
1755869363.8679447,3,10,-77
1755869363.904945,0,7,-74
1755869363.9429443,2,0,-64
1755869363.9809446,-3,0,-78
1755869364.0169446,-1,1,-78
1755869364.0539446,-1,1,-80
1755869364.0929446,-12,0,-77
1755869364.1309447,-3,3,-85
1755869364.1669445,0,3,-74
1755869364.2039447,7,-2,-73
1755869364.2429447,2,-4,-72
1755869364.2789447,7,-1,-82
1755869364.315945,8,4,-81
1755869364.3529446,2,3,-74
1755869364.3889446,8,0,-82
1755869364.4259446,-1,2,-68
1755869364.463945,-3,0,-82
1755869364.5029447,1,0,-76
1755869364.5389447,-4,-1,-74
1755869364.5779445,1,-5,-71
1755869364.6149447,2,-4,-76
1755869364.6529446,0,-4,-77
1755869364.6919446,1,-5,-83
1755869364.7279446,-7,-1,-73
1755869364.7659447,-2,4,-70
1755869364.8039446,1,-1,-64
1755869364.8429446,-4,1,-69
1755869364.8789446,-1,-5,-75
1755869364.9169445,-2,0,-56
1755869364.9549446,1,6,-70
1755869364.9939446,5,1,-63
1755869365.0319445,8,0,-65
1755869365.0679443,5,-2,-69
1755869365.1049447,2,2,-60
1755869365.1429446,3,-3,-63
1755869365.1789446,-4,0,-65
1755869365.2169447,-2,0,-65
1755869365.2539446,4,-3,-63
1755869365.292945,-4,2,-69
1755869365.3289447,-5,2,-81
1755869365.3669446,-3,-5,-81
1755869365.4039447,3,-8,-79
1755869365.4429443,1,-4,-75
1755869365.4789443,-6,-5,-70
1755869365.5169446,0,-3,-74
1755869365.5549445,2,-1,-63
1755869365.5939443,-6,0,-62
1755869365.631945,0,1,-68
1755869365.667945,4,-4,-61
1755869365.7049446,-2,-4,-66
1755869365.7439446,2,-2,-74
1755869365.7819445,6,-3,-76
1755869365.8179443,-1,0,-76
1755869365.8549447,0,-4,-80
1755869365.8939445,1,7,-73
1755869365.9319446,-5,0,-63
1755869365.9679446,-2,-2,-57
1755869366.0059447,5,0,-72
1755869366.0439446,3,-6,-75
1755869366.0829446,7,-4,-72
1755869366.1189446,0,2,-79
1755869366.1559446,0,1,-77
1755869366.1939447,-1,-1,-69
1755869366.2329447,1,6,-63
1755869366.2689445,-3,4,-57
1755869366.3059447,4,-2,-53
1755869366.3439443,-2,-8,-67
1755869366.3829446,-6,-3,-68
1755869366.4189446,-2,0,-82
1755869366.4559443,2,0,-80
1755869366.4939446,-1,0,-79
1755869366.529945,-1,-1,-71
1755869366.5679443,-2,-9,-61
1755869366.6059446,-5,-2,-70
1755869366.6439445,1,0,-84
1755869366.6799445,2,-5,-88
1755869366.7169447,0,-6,-89
1755869366.7549446,9,-3,-77
1755869366.7939446,-5,-1,-70
1755869366.8299446,-4,0,-77
1755869366.8679447,-1,2,-65
1755869366.9059446,0,0,-74
1755869366.9439447,3,0,-74
1755869366.9799447,5,2,-82
1755869367.0169446,4,-2,-89
1755869367.0549445,-3,-5,-71
1755869367.0939443,1,-1,-63
1755869367.1299446,-2,-1,-69
1755869367.167945,-3,-3,-68
1755869367.2059443,-1,3,-71
1755869367.2449446,0,-2,-88
1755869367.282945,-5,3,-70
1755869367.3189447,-2,3,-63
1755869367.3559446,-4,-3,-67
1755869367.394945,-3,0,-74
1755869367.4329443,-6,9,-76
1755869367.4689443,0,4,-62
1755869367.5059447,0,-4,-68
1755869367.5449443,4,1,-62
1755869367.5829446,2,1,-66
1755869367.6189446,-5,1,-68
1755869367.6559446,0,1,-69
1755869367.6939447,0,3,-77
1755869367.7299447,-6,0,-66
1755869367.7669446,-4,0,-68
1755869367.8059447,-6,-5,-69
1755869367.8439443,0,3,-80
1755869367.8799446,-3,1,-76
1755869367.9169445,2,0,-81
1755869367.9559443,0,-4,-70
1755869367.9939446,-6,0,-73
1755869368.029945,-8,-2,-70
1755869368.0679443,-1,4,-72
1755869368.1059446,2,6,-77
1755869368.1439445,0,-3,-77
1755869368.1799445,0,-3,-80
1755869368.2179446,-8,-4,-77
1755869368.2559447,1,0,-73
1755869368.2939446,2,-3,-64
1755869368.3299446,0,-3,-66
1755869368.3669446,-1,-1,-76
1755869368.404945,-8,5,-72
1755869368.4439447,-2,-2,-68
1755869368.4799447,-9,0,-69
1755869368.5179446,1,-5,-70
1755869368.5559447,0,-1,-72
1755869368.5939443,-3,1,-77
1755869368.6299446,-3,1,-75
1755869368.6669445,2,-1,-66
1755869368.7059443,-2,-3,-75
1755869368.7439446,4,0,-71
1755869368.779945,0,-1,-70
1755869368.8169446,6,-3,-73
1755869368.8559446,2,2,-83
1755869368.8939445,3,8,-63
1755869368.9299445,0,-1,-60
1755869368.9669447,-4,2,-64
1755869369.0059447,-1,0,-75
1755869369.0439446,-2,-4,-59
1755869369.0799446,-4,-3,-73
1755869369.1179447,-2,-8,-72
1755869369.1559446,-2,-2,-70
1755869369.1949446,5,0,-77
1755869369.2309446,3,4,-69
1755869369.2679446,4,3,-86
1755869369.3059447,4,-3,-77
1755869369.3439443,0,1,-79
1755869369.3799446,-1,0,-77
1755869369.4259446,-2,0,-70
1755869369.463945,1,-2,-63
1755869369.4999447,1,-2,-70
1755869369.5379446,0,6,-89
1755869369.575945,2,2,-83
1755869369.6139443,-6,-2,-62
1755869369.6499443,-8,0,-68
1755869369.6869447,-1,0,-76
1755869369.7259445,1,4,-81
1755869369.7619443,0,5,-82
1755869369.7989447,-3,4,-80
1755869369.8369446,2,-4,-67
1755869369.8759446,-10,-2,-70
1755869369.9119446,-5,-2,-71
1755869369.9499447,-5,-6,-78
1755869369.9879446,2,-1,-70
1755869370.0259447,-1,1,-77
1755869370.0649445,-4,0,-70
1755869370.1009445,-1,0,-71
1755869370.1389446,0,0,-68
1755869370.1769447,0,2,-67
1755869370.2159443,-1,7,-72
1755869370.2519443,0,1,-73
1755869370.2889447,0,1,-78
1755869370.3269446,4,0,-75
1755869370.3649447,3,2,-78
1755869370.4009447,-1,0,-72
1755869370.437945,-3,1,-72
1755869370.4769447,0,2,-76
1755869370.5149446,-2,1,-81
1755869370.5509446,5,-1,-83
1755869370.5879445,0,2,-83
1755869370.6259446,3,1,-81
1755869370.6619446,-4,-1,-74
1755869370.6999447,-4,-1,-69
1755869370.7379446,2,3,-64
1755869370.7759447,1,0,-73
1755869370.8119447,0,-6,-81
1755869370.8499446,-1,-4,-83
1755869370.8879447,0,2,-75
1755869370.9269447,0,-3,-80
1755869370.9649446,-10,-4,-75
1755869371.0009446,-8,-3,-82
1755869371.0389447,-2,-2,-76
1755869371.0769446,-6,2,-71
1755869371.1159446,0,-1,-81
1755869371.1519446,3,-2,-81
1755869371.1899445,6,-5,-76
1755869371.2279446,2,6,-74
1755869371.2669446,10,0,-69
1755869371.3049445,4,-3,-72
1755869371.3409443,9,-2,-76
1755869371.3779447,8,5,-63
1755869371.4159446,-5,0,-69
1755869371.4519446,-3,0,-68
1755869371.4899447,-1,-6,-71
1755869371.5289447,3,2,-67
1755869371.5669446,-1,0,-75
1755869371.6029446,8,0,-69
1755869371.6399446,6,8,-68
1755869371.6769447,1,4,-79
1755869371.7159443,-1,-6,-74
1755869371.7519443,7,-1,-74
1755869371.7889447,12,-1,-78
1755869371.8269446,6,2,-76
1755869371.8659446,8,7,-81
1755869371.9019446,0,2,-75
1755869371.9389446,0,0,-81
1755869371.9769447,-5,0,-78
1755869372.0129447,3,6,-71
1755869372.0499446,-1,4,-67
1755869372.0879445,-1,-2,-73
1755869372.1269443,-7,1,-72
1755869372.1629446,-5,-2,-67
1755869372.200945,-1,-1,-73
1755869372.2389443,-2,-3,-78
1755869372.2779446,-7,-6,-80
1755869372.315945,4,-5,-77
1755869372.3519447,7,0,-78
1755869372.3889446,6,3,-79
1755869372.427945,9,3,-76
1755869372.4659443,7,6,-89
1755869372.5019443,1,-9,-83
1755869372.5389447,0,1,-74
1755869372.5769446,-3,-9,-69
1755869372.6129446,-6,-13,-67
1755869372.6509447,-5,0,-62
1755869372.6889446,-2,-9,-74
1755869372.7279446,-11,-4,-85
1755869372.7659447,0,-1,-80
1755869372.8019447,1,4,-71
1755869372.838945,-6,1,-67
1755869372.8779447,4,-3,-74
1755869372.9159446,0,-3,-81
1755869372.9519446,-1,-5,-75
1755869372.9899447,0,-2,-64
1755869373.0289447,-5,-6,-69
1755869373.0669446,-2,-1,-68
1755869373.1029446,-2,0,-73
1755869373.1409447,4,1,-73
1755869373.1789446,-1,3,-86
1755869373.2179446,-3,6,-80
1755869373.2539446,-6,0,-89
1755869373.2909446,0,-2,-79
1755869373.3289447,6,-2,-87
1755869373.3679447,10,0,-78
1755869373.4039447,5,0,-84
1755869373.440945,3,3,-80
1755869373.4789443,4,2,-68
1755869373.5169446,6,-2,-74
1755869373.552945,2,-4,-78
1755869373.5909443,5,3,-80
1755869373.6279447,4,3,-81
1755869373.6669445,0,2,-79
1755869373.7029445,2,-2,-82
1755869373.7399447,2,0,-68
1755869373.7779446,3,-1,-69
1755869373.8139446,3,5,-71
1755869373.8509445,0,2,-77
1755869373.8879447,3,4,-75
1755869373.9239447,1,8,-74
1755869373.960945,-1,-4,-79
1755869373.9989443,-2,-1,-85
1755869374.0379446,-1,-4,-78
1755869374.0739446,0,-3,-84
1755869374.1109445,-3,0,-93
1755869374.1489446,-7,-1,-92
1755869374.187945,-3,6,-70
1755869374.223945,1,4,-64
1755869374.2609446,7,2,-74
1755869374.2989447,0,1,-80
1755869374.3369446,7,-3,-75
1755869374.3729446,0,0,-77
1755869374.4099443,5,1,-76
1755869374.4489446,5,-1,-76
1755869374.486945,-3,2,-77
1755869374.5229447,-6,1,-77
1755869374.5609446,-12,-2,-75
1755869374.598945,2,-12,-65
1755869374.6379447,16,-6,-75
1755869374.6739447,7,0,-68
1755869374.710945,1,1,-84
1755869374.7489443,-2,-3,-73
1755869374.7869446,-1,1,-76
1755869374.8239446,2,-1,-78
1755869374.8609445,4,-1,-67
1755869374.8989446,6,-3,-70
1755869374.937945,0,-5,-76
1755869374.973945,3,0,-78
1755869375.0109446,6,0,-68
1755869375.0489447,-1,2,-70
1755869375.0849447,5,-5,-67
1755869375.121945,-1,-3,-86
1755869375.1599443,10,-9,-75
1755869375.1989446,6,-5,-80
1755869375.2349446,-3,2,-68
1755869375.2719443,0,1,-70
1755869375.3109446,-2,-2,-71
1755869375.348945,-3,-7,-78
1755869375.384945,0,0,-77
1755869375.4219446,-2,6,-66
1755869375.4599447,-6,1,-54
1755869375.4989443,0,6,-60
1755869375.5349443,1,0,-75
1755869375.5729446,-2,1,-81
1755869375.6099446,1,-3,-79
1755869375.6489446,8,1,-82
1755869375.6849446,1,-2,-79
1755869375.7219446,-2,-9,-70
1755869375.759945,7,-10,-61
1755869375.7989447,0,-6,-69
1755869375.8349447,4,1,-75
1755869375.871945,9,-3,-83
1755869375.9099443,-1,-5,-78
1755869375.9489446,-1,0,-77
1755869375.9849446,-2,-2,-77
1755869376.0229447,-4,-5,-68
1755869376.0619447,4,-1,-64
1755869376.0999446,0,0,-63
1755869376.1379447,2,1,-62
1755869376.1749446,3,-4,-73
1755869376.2119446,0,-5,-86
1755869376.2499447,5,-1,-82
1755869376.2889447,7,1,-88
1755869376.3249447,9,-1,-87
1755869376.3629446,-7,0,-76
1755869376.4009447,0,2,-78
1755869376.4389446,3,-6,-71
1755869376.4749446,4,0,-62
1755869376.5119443,4,-1,-70
1755869376.5499446,8,0,-76
1755869376.5879445,2,0,-68
1755869376.6239443,-2,0,-76
1755869376.6619446,2,5,-76
1755869376.6999447,-7,-4,-78
1755869376.7379446,-1,4,-84
1755869376.7739446,-2,1,-84
1755869376.8119447,4,-1,-84
1755869376.8499446,0,0,-87
1755869376.8859446,-3,0,-83
1755869376.9239447,2,4,-75
1755869376.960945,2,-1,-76
1755869376.9999447,3,-6,-77
1755869377.0359447,0,5,-73
1755869377.0729446,5,1,-69
1755869377.1109445,7,4,-62
1755869377.1489446,2,5,-77
1755869377.1849446,4,0,-71
1755869377.2219446,-1,0,-69
1755869377.259945,1,0,-77
1755869377.2959447,2,-4,-68
1755869377.3329446,-5,-4,-79
1755869377.3709445,2,6,-65
1755869377.4089446,2,-2,-59
1755869377.4449446,3,-2,-67
1755869377.4819446,4,-10,-68
1755869377.519945,4,-10,-70
1755869377.5589447,-2,-6,-76
1755869377.5949447,1,-2,-75
1755869377.631945,-3,-2,-67
1755869377.6709447,-1,-2,-84
1755869377.7089446,-5,-1,-83
1755869377.7449446,-4,-6,-85
1755869377.7839446,0,-3,-72
1755869377.8209443,-4,-6,-75
1755869377.8599446,1,-4,-76
1755869377.8959446,9,-6,-85
1755869377.9339447,6,-7,-74
1755869377.9709446,-2,-7,-71
1755869378.009945,-4,2,-68
1755869378.0459447,-2,0,-63
1755869378.0839446,0,1,-77
1755869378.1209445,0,-1,-82
1755869378.1599443,0,0,-77
1755869378.1959443,-1,0,-72
1755869378.2329447,-4,3,-69
1755869378.2709446,0,-1,-80
1755869378.3099446,2,-5,-81
1755869378.3459446,-8,-5,-76
1755869378.3839445,-2,-5,-77
1755869378.4219446,0,-3,-73
1755869378.460945,5,-10,-73
1755869378.4989443,-2,-2,-80
1755869378.5349443,-4,-4,-81
1755869378.5729446,0,0,-78
1755869378.6109445,4,1,-75
1755869378.6469443,3,0,-74
1755869378.6839447,-2,0,-71
1755869378.7219446,0,4,-78
1755869378.759945,1,0,-83
1755869378.7959447,1,0,-82
1755869378.8329446,-4,0,-68
1755869378.8709445,-5,-2,-75
1755869378.9099443,0,-3,-82
1755869378.9459443,-5,-1,-73
1755869378.983945,-2,-2,-73
1755869379.0219443,0,2,-67
1755869379.0599446,-1,4,-69
1755869379.0959446,1,0,-71
1755869379.1329446,2,-9,-80
1755869379.1709447,-4,-6,-83
1755869379.2099447,3,-1,-78
1755869379.2459445,0,-6,-73
1755869379.282945,4,-2,-79
1755869379.3209443,2,1,-68
1755869379.3599446,-4,-3,-79
1755869379.3959446,0,-3,-74
1755869379.4419446,0,0,-70
1755869379.4799447,-3,0,-68
1755869379.5159447,2,0,-73
1755869379.552945,3,2,-75
1755869379.5919447,0,-2,-73
1755869379.6299446,0,-2,-68
1755869379.6659446,-6,3,-78
1755869379.7039447,-2,0,-75
1755869379.7419446,-7,-2,-73
1755869379.7809446,0,-2,-83
1755869379.8169446,4,1,-85
1755869379.8549447,-1,3,-72
1755869379.8939445,0,-1,-79
1755869379.9319446,-5,0,-74
1755869379.9699447,-2,2,-69
1755869380.0059447,-2,0,-72
1755869380.042945,-10,0,-75
1755869380.0819447,-12,7,-72
1755869380.1199446,-9,3,-71
1755869380.1559446,2,7,-70
1755869380.1929443,-1,2,-68
1755869380.2319446,-1,2,-75
1755869380.269945,-4,0,-75
1755869380.3059447,3,-4,-80
1755869380.3439443,0,-2,-66
1755869380.381945,0,2,-69
1755869380.4199443,0,5,-69
1755869380.4559443,-4,0,-79
1755869380.4929447,-7,0,-77
1755869380.5319445,-3,1,-86
1755869380.5679443,0,-1,-85
1755869380.6059446,-8,2,-86
1755869380.6429446,4,0,-69
1755869380.6809447,3,3,-74
1755869380.7169447,0,0,-72
1755869380.7539446,5,2,-83
1755869380.7919445,7,4,-71
1755869380.8279445,0,-1,-77
1755869380.8649447,0,1,-79
1755869380.9019446,-1,-2,-88
1755869380.940945,1,2,-84
1755869380.9769447,0,0,-85
1755869381.0149446,6,-5,-80
1755869381.052945,8,-4,-80
1755869381.0919447,6,-1,-75
1755869381.1279447,8,2,-66
1755869381.1649446,0,0,-69
1755869381.2029445,4,-3,-65
1755869381.2409446,1,0,-67
1755869381.2779446,3,-2,-74
1755869381.3149445,-2,-2,-82
1755869381.3529446,-5,0,-78
1755869381.3919446,-2,-2,-80
1755869381.427945,1,0,-71
1755869381.4649446,-1,-5,-72
1755869381.5029447,2,0,-74
1755869381.5409446,10,0,-77
1755869381.5769446,8,3,-67
1755869381.6139443,-1,5,-75
1755869381.6529446,3,4,-82
1755869381.690945,-3,4,-75
1755869381.7269447,0,6,-70
1755869381.7639446,-3,-6,-68
1755869381.802945,-4,-6,-82
1755869381.8409443,-5,-8,-74
1755869381.8769443,-5,-1,-72
1755869381.9149446,4,-5,-70
1755869381.9529445,4,-1,-77
1755869381.9919446,3,-3,-73
1755869382.0279446,-3,-3,-72
1755869382.065945,2,0,-76
1755869382.1039443,6,-6,-62
1755869382.1429446,-6,0,-69
1755869382.1809447,-6,3,-70
1755869382.2169447,-13,5,-80
1755869382.2549446,-11,3,-69
1755869382.2939446,-2,0,-72
1755869382.3319447,-6,1,-74
1755869382.3679447,-7,0,-59
1755869382.404945,-3,-4,-68
1755869382.4429443,-6,1,-72
1755869382.4819446,-3,5,-75
1755869382.5179446,-3,6,-81
1755869382.5549445,0,0,-77
1755869382.5929446,1,2,-63
1755869382.631945,-14,-4,-76
1755869382.6689446,-8,-2,-66
1755869382.7059443,1,-7,-70
1755869382.7439446,7,3,-75
1755869382.7819445,2,4,-76
1755869382.8179443,6,-2,-88
1755869382.8569446,2,-2,-76
1755869382.8939445,-4,-4,-67
1755869382.9329443,-5,-2,-66
1755869382.9689443,-2,-4,-73
1755869383.006945,0,-1,-70
1755869383.0459447,0,2,-71
1755869383.0839446,-2,1,-67
1755869383.121945,3,10,-84
1755869383.157945,-4,1,-69
1755869383.1959443,-7,4,-81
1755869383.233945,0,-3,-80
1755869383.2729447,5,-8,-77
1755869383.3089447,-1,-1,-79
1755869383.3469446,-7,-3,-75
1755869383.384945,-6,0,-72
1755869383.4239447,-1,-2,-70
1755869383.4619446,0,3,-74
1755869383.4979446,3,7,-78
1755869383.5359447,-3,3,-78
1755869383.5739446,-2,6,-67
1755869383.6129446,1,3,-69
1755869383.6489446,-1,9,-68
1755869383.6859446,-3,2,-59
1755869383.723945,8,0,-79
1755869383.7619443,-5,0,-77
1755869383.7979443,-5,-6,-86
1755869383.835945,-5,-8,-78
1755869383.8739443,2,-4,-73
1755869383.9129446,-2,-1,-75
1755869383.9489446,-1,0,-71
1755869383.9859445,-4,-7,-72
1755869384.0249443,-7,6,-78
1755869384.062945,-9,0,-79
1755869384.098945,-4,-6,-77
1755869384.1369443,-8,0,-76
1755869384.1749446,-5,0,-74
1755869384.213945,-1,2,-65
1755869384.2499447,3,0,-72
1755869384.2879446,-3,0,-71
1755869384.3249447,-3,0,-81
1755869384.3639443,-3,3,-85
1755869384.3999443,-8,3,-75
1755869384.4369447,0,0,-86
1755869384.4749446,0,-8,-71
1755869384.5139446,-1,-3,-67
1755869384.5499446,0,-4,-60
1755869384.5879445,0,2,-64
1755869384.6249447,3,-2,-67
1755869384.6639447,3,-2,-72
1755869384.6999447,3,-3,-71
1755869384.736945,0,0,-72
1755869384.7739446,2,3,-72
1755869384.812945,0,2,-85
1755869384.848945,-1,-1,-81
1755869384.8869443,6,0,-75
1755869384.9249446,8,1,-76
1755869384.9629445,1,3,-69
1755869384.9989443,0,-2,-74
1755869385.0369446,0,-4,-75
1755869385.0749447,2,-4,-84
1755869385.1139443,0,-1,-78
1755869385.1499443,0,-2,-85
1755869385.1869447,8,2,-70
1755869385.2249446,0,-1,-71
1755869385.2629447,0,2,-72
1755869385.2989447,-3,8,-80
1755869385.3369446,-5,6,-73
1755869385.3749447,-4,0,-67
1755869385.4139447,0,0,-75
1755869385.4499447,0,3,-86
1755869385.486945,0,-6,-82
1755869385.5259447,0,-3,-72
1755869385.5639446,-6,1,-71
1755869385.5999446,-2,2,-61
1755869385.6389446,-8,-1,-74
1755869385.6759446,-3,1,-64
1755869385.7149446,-5,2,-65
1755869385.7529447,3,8,-72
1755869385.7889447,1,7,-69
1755869385.825945,6,4,-71
1755869385.8649447,0,-4,-78
1755869385.9009447,0,-7,-73
1755869385.9389446,3,-7,-76
1755869385.9769447,-6,-1,-73
1755869386.0149446,0,0,-72
1755869386.0509446,-3,2,-72
1755869386.0879445,-5,0,-69
1755869386.1259446,-1,-2,-72
1755869386.1649446,3,-7,-64
1755869386.200945,0,-5,-67
1755869386.2379446,4,-1,-69
1755869386.2769446,-2,5,-73
1755869386.3149445,-2,5,-74
1755869386.3509445,-2,2,-71
1755869386.3899446,0,-3,-85
1755869386.4269447,-3,-1,-83
1755869386.4649446,4,0,-73
1755869386.5009446,-2,3,-82
1755869386.5379446,-5,1,-70
1755869386.5769446,0,2,-68
1755869386.6149447,7,-11,-76
1755869386.6509447,8,-8,-67
1755869386.6899445,0,-4,-76
1755869386.7269447,0,0,-79
1755869386.7649446,-1,-11,-77
1755869386.8009446,5,-3,-81
1755869386.8379445,0,4,-77
1755869386.8769443,3,-4,-84
1755869386.9149446,4,-6,-83
1755869386.950945,-7,1,-78
1755869386.9889443,-1,0,-64
1755869387.0269446,-2,5,-72
1755869387.065945,7,0,-78
1755869387.1039443,0,-5,-74
1755869387.1399446,-4,-1,-72
1755869387.177945,-5,-3,-78
1755869387.2159443,-4,-4,-81
1755869387.2549446,1,-1,-64
1755869387.2909446,1,-3,-71
1755869387.3279445,-2,-1,-77
1755869387.3659446,4,5,-77
1755869387.404945,0,0,-71
1755869387.440945,-3,0,-69
1755869387.4789443,4,-5,-57
1755869387.5169446,-3,-1,-75
1755869387.5559447,1,0,-81
1755869387.5939443,7,0,-82
1755869387.6299446,12,2,-78
1755869387.667945,7,-6,-78
1755869387.7059443,6,-1,-74
1755869387.7449446,-3,1,-86
1755869387.7809446,3,-3,-77
1755869387.8199446,-2,0,-75
1755869387.8569446,1,-3,-75
1755869387.8959446,5,-1,-78
1755869387.9319446,5,-2,-81
1755869387.9699447,9,-4,-80
1755869388.0079446,0,2,-80
1755869388.0459447,-2,2,-77
1755869388.0819447,4,4,-73
1755869388.1199446,10,4,-77
1755869388.1569445,0,0,-85
1755869388.1949446,3,5,-69
1755869388.2309446,-3,-1,-67
1755869388.2689445,1,-4,-73
1755869388.3069446,-2,-4,-74
1755869388.3459446,0,0,-78
1755869388.381945,0,-6,-73
1755869388.4189446,-3,-2,-81
1755869388.4579446,-2,2,-81
1755869388.4959445,0,-3,-74
1755869388.5319445,-1,-1,-77
1755869388.5699446,2,-5,-73
1755869388.6079447,-7,-3,-81
1755869388.6469443,-1,-2,-78
1755869388.6849446,-1,-7,-83
1755869388.7209446,-1,-4,-76
1755869388.7589445,3,-4,-83
1755869388.7969446,1,-6,-77
1755869388.835945,0,0,-81
1755869388.871945,-2,-4,-78
1755869388.9099443,0,8,-71
1755869388.9479446,0,-4,-65
1755869388.986945,6,-6,-72
1755869389.0249443,0,0,-66
1755869389.0609446,0,8,-78
1755869389.0979445,1,3,-73
1755869389.1369443,-1,0,-61
1755869389.1749446,-3,-8,-78
1755869389.210945,2,-10,-68
1755869389.2489443,2,-6,-78
1755869389.2869446,-5,3,-76
1755869389.325945,1,9,-73
1755869389.361945,4,3,-69
1755869389.3989446,3,-2,-68
1755869389.4429443,0,0,-71
1755869389.4809446,0,8,-76
1755869389.5189445,0,0,-76
1755869389.5569446,-5,2,-72
1755869389.5929446,-1,0,-81
1755869389.6299446,-3,0,-74
1755869389.667945,-3,0,-75
1755869389.7069447,1,-3,-75
1755869389.7429447,2,-3,-79
1755869389.779945,1,3,-73
1755869389.8169446,-8,1,-77
1755869389.8559446,-8,2,-77
1755869389.8919446,0,0,-70
1755869389.9289446,0,1,-70
1755869389.9669447,-5,2,-79
1755869390.0029447,-2,4,-78
1755869390.0419445,-5,10,-77
1755869390.0789447,0,1,-80
1755869390.1169446,-4,5,-72
1755869390.1529446,-11,0,-69
1755869390.190945,0,1,-71
1755869390.2279446,-1,0,-78
1755869390.2669446,4,-2,-69
1755869390.302945,3,0,-66
1755869390.3419447,1,3,-69
1755869390.3789446,-2,-7,-66
1755869390.417945,0,0,-69
1755869390.4559443,2,1,-75
1755869390.4919446,2,6,-70
1755869390.529945,-1,2,-70
1755869390.5679443,-2,3,-73
1755869390.6069446,-2,-4,-71
1755869390.6429446,-1,-1,-69
1755869390.6809447,-2,-6,-73
1755869390.7189443,2,6,-73
1755869390.756945,3,1,-69
1755869390.792945,0,3,-86
1755869390.8299446,10,9,-83
1755869390.8679447,4,0,-77
1755869390.9059446,0,0,-86
1755869390.9419446,0,-3,-93
1755869390.9799447,-8,-2,-83
1755869391.0179446,-5,5,-75
1755869391.0569446,0,0,-68
1755869391.0929446,2,-9,-67
1755869391.1309447,1,-6,-71
1755869391.1689446,-3,-2,-70
1755869391.2079446,0,-7,-65
1755869391.2439446,-2,-2,-74
1755869391.2819445,0,-2,-68
1755869391.3199446,0,1,-67
1755869391.3579447,2,2,-74
1755869391.3939445,4,-5,-71
1755869391.4309447,-1,-8,-79
1755869391.4689443,5,-3,-75
1755869391.5079446,11,3,-74
1755869391.5439446,3,4,-81
1755869391.5819447,-2,0,-79
1755869391.6199446,4,1,-79
1755869391.657945,0,0,-91
1755869391.6939447,-6,-4,-84
1755869391.7319446,-3,-1,-77
1755869391.769945,-5,1,-81
1755869391.8089447,1,-4,-81
1755869391.8469446,-2,-7,-71
1755869391.8829446,0,-6,-70
1755869391.9209447,2,-8,-71
1755869391.9599447,-4,-2,-62
1755869391.9979446,6,9,-61
1755869392.0339446,9,6,-73
1755869392.0709443,-3,-3,-75
1755869392.108945,-1,0,-74
1755869392.1479447,-5,0,-73
1755869392.1839447,3,0,-76
1755869392.2209446,-1,-3,-80
1755869392.259945,1,-6,-66
1755869392.2979443,5,-6,-60
1755869392.3339446,0,-4,-66
1755869392.3709445,1,0,-71
1755869392.4089446,-1,0,-60
1755869392.4469447,0,2,-70
1755869392.4829447,0,2,-74
1755869392.519945,2,5,-71
1755869392.5579443,2,-4,-71
1755869392.5939443,12,-4,-80
1755869392.6309447,6,-3,-75
1755869392.6689446,1,2,-70
1755869392.7069447,0,2,-71
1755869392.7429447,-5,2,-81
1755869392.7809446,-8,-2,-68
1755869392.8189447,-7,-4,-60
1755869392.8579447,2,-2,-62
1755869392.8939445,6,-1,-65
1755869392.9309447,2,-2,-73
1755869392.9689443,0,-1,-73
1755869393.0079446,-1,-6,-73
1755869393.0439446,0,3,-66
1755869393.0809443,-1,5,-67
1755869393.1189446,-4,-2,-68
1755869393.157945,7,-5,-63
1755869393.1939447,0,-3,-56
1755869393.2309446,-3,-3,-70
1755869393.269945,-3,1,-65
1755869393.3079443,4,-3,-65
1755869393.3439443,1,-6,-72
1755869393.3809447,-6,0,-71
1755869393.4199443,-5,0,-64
1755869393.4579446,0,-8,-70
1755869393.4939446,-2,5,-72
1755869393.5309446,-6,1,-73
1755869393.5699446,-2,-4,-85
1755869393.6079447,1,-3,-84
1755869393.6439445,-3,1,-80
1755869393.6809447,3,-4,-82
1755869393.7199447,-4,-4,-62
1755869393.7579446,-1,-3,-77
1755869393.7939446,1,0,-78
1755869393.8309443,-9,-7,-70
1755869393.8699446,-3,-7,-59
1755869393.907945,2,-1,-72
1755869393.9439447,0,3,-82
1755869393.9809446,4,5,-77
1755869394.0189445,1,2,-76
1755869394.0549445,0,0,-79
1755869394.0929446,0,2,-75
1755869394.1299446,-2,-5,-80
1755869394.1689446,5,4,-72
1755869394.2049446,2,2,-82
1755869394.2419446,-5,0,-67
1755869394.279945,5,-2,-68
1755869394.3189447,0,-3,-71
1755869394.3549447,6,-6,-72
1755869394.3919446,2,-4,-79
1755869394.4299445,2,4,-82
1755869394.4679446,-3,-2,-69
1755869394.5039446,-5,6,-81
1755869394.5409446,2,2,-69
1755869394.5799446,-2,1,-66
1755869394.6179447,-4,-1,-73
1755869394.6539447,-4,-3,-75
1755869394.6919446,1,-8,-77
1755869394.7299447,-6,-5,-77
1755869394.7689445,-4,4,-72
1755869394.8049445,0,7,-74
1755869394.8419447,-2,-2,-69
1755869394.8799446,-9,-1,-77
1755869394.9189446,2,1,-80
1755869394.9549446,1,0,-72
1755869394.9919446,0,0,-75
1755869395.029945,3,-4,-81
1755869395.065945,1,-6,-66
1755869395.1029446,-4,0,-66
1755869395.1409447,-6,0,-72
1755869395.1799445,-1,-1,-81
1755869395.2159443,-1,-1,-80
1755869395.2539446,-2,0,-76
1755869395.2919445,2,-2,-66
1755869395.3299446,1,1,-64
1755869395.3659446,-4,0,-70
1755869395.4029446,-7,-3,-64
1755869395.440945,1,-1,-75
1755869395.4799447,-5,2,-84
1755869395.5159447,-1,1,-77
1755869395.552945,-1,2,-74
1755869395.5909443,0,-1,-65
1755869395.6299446,9,0,-70
1755869395.6659446,4,-2,-72
1755869395.7029445,3,-2,-79
1755869395.7409446,4,2,-77
1755869395.7789447,1,4,-68
1755869395.8149445,5,3,-75
1755869395.8519447,11,0,-67
1755869395.8909447,1,2,-70
1755869395.9289446,12,0,-69
1755869395.9649446,7,-2,-71
1755869396.0019443,-1,-6,-67
1755869396.0409446,-2,0,-73
1755869396.0789447,-4,1,-80
1755869396.1149447,1,5,-69
1755869396.1519446,8,1,-65
1755869396.190945,4,-1,-75
1755869396.2289443,5,0,-82
1755869396.2649446,5,2,-76
1755869396.3019447,0,3,-81
1755869396.3409443,5,6,-69
1755869396.3789446,0,0,-72
1755869396.4149446,0,-4,-89
1755869396.4519446,-2,-8,-78
1755869396.4909446,-1,-2,-74
1755869396.5269446,0,0,-74
1755869396.5649445,0,6,-63
1755869396.6029446,4,-3,-73
1755869396.6419446,7,-2,-76
1755869396.6799445,-3,-3,-73
1755869396.7159443,-5,-1,-70
1755869396.7549446,-1,0,-78
1755869396.7919445,-2,-8,-82
1755869396.8309443,2,-2,-86
1755869396.8669446,-3,-3,-89
1755869396.904945,-1,2,-75
1755869396.9429443,4,-2,-70
1755869396.9809446,3,0,-72
1755869397.019945,11,0,-77
1755869397.0559447,1,-4,-76
1755869397.0929446,6,1,-66
1755869397.1309447,3,2,-75
1755869397.1669445,-4,-1,-88
1755869397.2049446,0,4,-83
1755869397.2429447,-7,5,-68
1755869397.2809446,0,-5,-70
1755869397.3199446,0,-7,-79
1755869397.3559446,-1,-8,-81
1755869397.3939445,0,-3,-70
1755869397.4319446,6,-3,-80
1755869397.4709446,0,-7,-72
1755869397.506945,-8,4,-73
1755869397.5449443,-4,2,-61
1755869397.5829446,0,0,-68
1755869397.621945,-7,2,-82
1755869397.6599443,-8,3,-83
1755869397.6959443,-4,0,-84
1755869397.733945,0,1,-70
1755869397.7719443,-4,0,-78
1755869397.8099446,1,-2,-90
1755869397.8459446,2,0,-89
1755869397.8839445,3,-6,-80
1755869397.9219446,5,-8,-75
1755869397.960945,-4,-3,-73
1755869397.996945,-1,-1,-76
1755869398.0349443,3,-1,-77
1755869398.0729446,-3,-2,-70
1755869398.111945,0,-1,-68
1755869398.1499443,7,0,-71
1755869398.1859446,0,0,-72
1755869398.2229445,8,-5,-69
1755869398.2619443,-3,-3,-71
1755869398.2999446,0,-6,-71
1755869398.335945,-3,-6,-73
1755869398.3739443,-6,0,-68
1755869398.4119446,-3,0,-63
1755869398.450945,4,-1,-68
1755869398.486945,6,-2,-74
1755869398.5249443,5,-1,-73
1755869398.5639446,-3,0,-68
1755869398.6019447,-2,0,-72
1755869398.6379447,0,-2,-77
1755869398.6759446,6,-2,-71
1755869398.713945,-3,-3,-78
1755869398.7519443,2,0,-71
1755869398.7879446,2,8,-77
1755869398.8249447,2,4,-76
1755869398.861945,3,-1,-69
1755869398.9009447,-1,0,-81
1755869398.9369447,0,5,-78
1755869398.9749446,-2,2,-73
1755869399.0129447,2,-5,-77
1755869399.0519447,5,-3,-70
1755869399.0879445,0,-3,-72
1755869399.1259446,-2,1,-85
1755869399.1639447,-4,2,-77
1755869399.2029445,-3,-4,-79
1755869399.2409446,-3,-2,-71
1755869399.2769446,-1,-2,-71
1755869399.3149445,-5,-7,-69
1755869399.3529446,-2,-4,-66
1755869399.3919446,1,0,-76
1755869399.427945,5,-1,-74
1755869399.473945,0,-1,-71
1755869399.5119443,-1,-2,-71
1755869399.5479443,-7,-2,-75
1755869399.585945,-7,-1,-81
1755869399.6239443,0,1,-78
1755869399.6619446,-3,-3,-73
1755869399.6979446,0,3,-63
1755869399.7349446,-2,-1,-66
1755869399.7729447,4,-6,-79
1755869399.8119447,0,2,-73
1755869399.8479445,6,0,-72
1755869399.884945,3,0,-72
1755869399.9229443,-1,2,-64
1755869399.960945,-2,-4,-68
1755869399.996945,2,-1,-64
1755869400.0349443,0,-2,-69
1755869400.0739446,3,-5,-75
1755869400.111945,1,0,-76
1755869400.1479447,-1,2,-71
1755869400.1849446,4,0,-75
1755869400.2229445,6,0,-73
1755869400.2589445,4,2,-63
1755869400.2959447,2,3,-55
1755869400.3339446,0,0,-72
1755869400.3729446,2,0,-86
1755869400.4089446,3,-3,-83
1755869400.4469447,1,0,-72
1755869400.4849446,3,-5,-63
1755869400.5239446,-1,-4,-75
1755869400.5619447,3,-3,-80
1755869400.5979445,-3,-3,-80
1755869400.6359446,-3,0,-77
1755869400.6739447,2,0,-76
1755869400.7119446,-1,-2,-77
1755869400.7489443,0,1,-81
1755869400.7859447,0,2,-78
1755869400.8239446,3,0,-74
1755869400.861945,-3,2,-74
1755869400.8979447,2,8,-71
1755869400.9359446,-2,3,-73
1755869400.973945,-1,4,-76
1755869401.0129447,-2,5,-76
1755869401.0489447,0,7,-77
1755869401.085945,-2,0,-66
1755869401.1239443,1,0,-72
1755869401.1619446,3,4,-64
1755869401.1979446,8,2,-66
1755869401.2359445,6,-4,-63
1755869401.2739446,2,-3,-77
1755869401.312945,-7,0,-62
1755869401.348945,-9,-5,-71
1755869401.3869443,-4,-2,-80
1755869401.4249446,0,2,-70
1755869401.4629445,-4,7,-70
1755869401.4989443,0,6,-86
1755869401.5359447,0,4,-74
1755869401.5739446,0,-1,-74
1755869401.611945,0,2,-86
1755869401.6479447,-1,3,-81
1755869401.6859446,-9,-2,-70
1755869401.723945,-1,1,-85
1755869401.7619443,-5,-8,-79
1755869401.7979443,0,2,-76
1755869401.8349447,9,0,-78
1755869401.8739443,12,4,-64
1755869401.9119446,3,-2,-75
1755869401.9479446,6,0,-79
1755869401.9849446,0,0,-72
1755869402.0239446,-1,0,-68
1755869402.0599446,0,-1,-74
1755869402.0979445,-3,2,-72
1755869402.1359446,-1,1,-69
1755869402.1749446,1,1,-70
1755869402.2129445,0,-2,-72
1755869402.2489443,1,2,-80
1755869402.2859447,0,2,-67
1755869402.3239446,1,-2,-78
1755869402.3599446,5,-5,-80
1755869402.3979447,-1,-2,-72
1755869402.4359446,-2,0,-72
1755869402.4749446,-2,-2,-78
1755869402.5129447,2,-5,-81
1755869402.5499446,0,1,-78
1755869402.5869446,3,-3,-75
1755869402.6249447,2,0,-84
1755869402.6629446,-2,-1,-73
1755869402.6999447,0,0,-67
1755869402.736945,-2,-5,-60
1755869402.7749443,-1,1,-67
1755869402.8139446,-3,1,-67
1755869402.8499446,-1,-2,-70
1755869402.8879447,-4,7,-68
1755869402.9259446,-1,4,-80
1755869402.9649446,-2,0,-78
1755869403.0029447,5,-3,-82
1755869403.0389447,0,-1,-80
1755869403.075945,-8,-5,-78
1755869403.1149447,-6,0,-77
1755869403.1529446,-12,4,-67
1755869403.1889446,-11,6,-69
1755869403.2269447,0,3,-78
1755869403.2649446,3,-1,-70
1755869403.302945,4,0,-72
1755869403.338945,3,-2,-70
1755869403.3759446,-2,5,-71
1755869403.4149446,2,0,-78
1755869403.4529445,3,1,-72
1755869403.4889443,3,1,-68
1755869403.5259447,5,-4,-74
1755869403.5649445,2,-4,-79
1755869403.6029446,-3,0,-78
1755869403.6389446,-8,0,-76
1755869403.6759446,-8,-6,-82
1755869403.7149446,-6,-1,-87
1755869403.7509446,-11,1,-83
1755869403.7889447,-3,2,-70
1755869403.8269446,-2,3,-65
1755869403.8649447,0,0,-70
1755869403.9039447,1,1,-63
1755869403.9399445,6,0,-62
1755869403.9779446,7,-1,-68
1755869404.0159447,-1,-5,-71
1755869404.0549445,-2,0,-85
1755869404.0909443,0,-1,-68
1755869404.1279447,2,0,-74
1755869404.1659446,5,-1,-79
1755869404.2039447,0,-3,-76
1755869404.2399447,6,-2,-65
1755869404.2779446,4,2,-55
1755869404.315945,0,0,-68
1755869404.3539443,2,1,-69
1755869404.3899446,6,-2,-69
1755869404.427945,3,2,-65
1755869404.4659443,1,0,-74
1755869404.5039446,3,1,-76
1755869404.5399446,3,3,-70
1755869404.5779445,-2,-1,-62
1755869404.6159446,-3,-1,-77
1755869404.654945,1,-9,-73
1755869404.690945,1,-8,-77
1755869404.7279446,5,-1,-82
1755869404.7659447,0,-3,-80
1755869404.8049445,2,-4,-75
1755869404.8409443,3,-2,-74
1755869404.8779447,4,1,-81
1755869404.9159446,8,0,-79
1755869404.9539447,0,-4,-69
1755869404.9899447,1,2,-69
1755869405.0269446,-1,4,-65
1755869405.065945,-1,0,-71
1755869405.1039443,1,-4,-78
1755869405.1399446,4,3,-70
1755869405.1769447,4,-4,-72
1755869405.2159443,6,-4,-77
1755869405.2539446,0,-5,-76
1755869405.2899446,1,-3,-69
1755869405.3269446,-1,-2,-62
1755869405.3659446,-1,-1,-71
1755869405.4039447,0,0,-66
1755869405.4399445,-3,0,-72
1755869405.4769447,6,7,-74
1755869405.5159447,4,-8,-78
1755869405.5519447,-1,-8,-83
1755869405.5899446,-4,-16,-78
1755869405.6279447,-4,-9,-71
1755869405.6659446,-2,-3,-79
1755869405.7049446,5,0,-79
1755869405.7409446,5,3,-70
1755869405.7789447,5,1,-73
1755869405.815945,11,-3,-76
1755869405.8549447,2,3,-72
1755869405.8909447,2,-2,-74
1755869405.9289446,8,-4,-65
1755869405.9679446,2,-4,-85
1755869406.0059447,1,-5,-79
1755869406.0419445,-2,1,-73
1755869406.0789447,-6,2,-76
1755869406.1179447,-6,4,-84
1755869406.1559446,-4,-9,-76
1755869406.1919446,-5,-8,-82
1755869406.2299447,9,-2,-73
1755869406.2679446,2,3,-79
1755869406.3059447,6,2,-81
1755869406.3419447,1,4,-73
1755869406.3789446,4,1,-79
1755869406.417945,-1,0,-68
1755869406.4559443,5,2,-81
1755869406.4919446,7,1,-73
1755869406.5289447,-1,-1,-75
1755869406.5669446,7,0,-71
1755869406.6059446,1,-7,-82
1755869406.6419446,1,-4,-74
1755869406.6789446,5,-2,-83
1755869406.7179446,-2,4,-87
1755869406.7559447,0,5,-76
1755869406.7919445,1,-1,-65
1755869406.8309443,-2,-2,-75
1755869406.8679447,3,0,-68
1755869406.9059446,0,-3,-66
1755869406.9419446,2,3,-68
1755869406.9789443,-1,1,-71
1755869407.0169446,0,10,-57
1755869407.0559447,-5,2,-72
1755869407.0919447,-13,0,-74
1755869407.1289446,0,3,-78
1755869407.1669445,0,3,-76
1755869407.2049446,2,-1,-73
1755869407.2409446,3,4,-77
1755869407.2779446,-1,-3,-83
1755869407.3169446,1,3,-89
1755869407.3529446,0,1,-80
1755869407.3899446,1,5,-76
1755869407.4269447,-2,0,-77
1755869407.4659443,-3,-1,-84
1755869407.5019443,-4,-7,-87
1755869407.5399446,-1,-6,-72
1755869407.5779445,3,-4,-64
1755869407.6169446,5,-10,-66
1755869407.6529446,6,-3,-71
1755869407.6899445,3,6,-71
1755869407.7269447,0,3,-87
1755869407.7659447,-3,3,-81
1755869407.8019447,-5,0,-82
1755869407.838945,0,-4,-84
1755869407.8769443,7,-1,-79
1755869407.9159446,7,6,-78
1755869407.9519446,13,3,-70
1755869407.9889443,9,0,-76
1755869408.0279446,4,3,-74
1755869408.065945,12,-1,-74
1755869408.1019447,12,-4,-85
1755869408.1399446,-1,-1,-79
1755869408.177945,-7,0,-70
1755869408.2169447,0,-2,-72
1755869408.2529447,3,-1,-86
1755869408.2899446,-4,-4,-76
1755869408.3279445,-3,-5,-71
1755869408.3669446,8,0,-77
1755869408.4029446,9,1,-74
1755869408.4399445,1,-1,-70
1755869408.4779446,2,-6,-75
1755869408.5169446,1,-6,-74
1755869408.552945,0,-2,-73
1755869408.5899446,-1,1,-74
1755869408.6279447,-3,0,-82
1755869408.6669445,-4,-4,-74
1755869408.7029445,0,-3,-77
1755869408.7399447,1,-5,-67
1755869408.7779446,9,-5,-68
1755869408.8169446,2,-4,-76
1755869408.8529446,6,-5,-80
1755869408.8899446,0,4,-75
1755869408.927945,7,-2,-71
1755869408.9659443,10,-3,-69
1755869409.0019443,2,-6,-75
1755869409.0399446,4,-6,-76
1755869409.0779445,3,3,-69
1755869409.1139443,0,0,-86
1755869409.1509447,-4,1,-86
1755869409.1889446,0,5,-73
1755869409.2269447,1,3,-82
1755869409.2629447,-1,1,-81
1755869409.3009446,-2,3,-94
1755869409.338945,-3,3,-88
1755869409.3779447,5,-1,-68
1755869409.4139447,5,-2,-75
1755869409.450945,1,3,-69
1755869409.496945,-1,0,-83
1755869409.532945,0,2,-92
1755869409.5709443,2,0,-81
1755869409.608945,0,0,-67
1755869409.6479447,4,0,-69
1755869409.6839447,12,2,-56
1755869409.7209446,-3,-6,-65
1755869409.7589445,-2,-3,-64
1755869409.7979443,0,4,-71
1755869409.8339446,2,6,-71
1755869409.8709445,4,-1,-65
1755869409.9089446,3,-6,-75
1755869409.9479446,2,2,-70
1755869409.983945,3,4,-67
1755869410.0219443,3,2,-69
1755869410.0599446,1,0,-73
1755869410.098945,-3,1,-73
1755869410.1369443,4,4,-72
1755869410.1729443,0,0,-84
1755869410.2099447,-2,0,-74
1755869410.2489443,-8,-9,-74
1755869410.2869446,-6,-2,-71
1755869410.3229446,0,1,-72
1755869410.3599446,2,1,-71
1755869410.3979447,0,-3,-76
1755869410.4339447,1,0,-78
1755869410.4719446,-3,0,-83
1755869410.509945,0,0,-81
1755869410.5489447,5,0,-86
1755869410.5869446,0,6,-80
1755869410.6229446,1,2,-85
1755869410.6599443,-3,0,-72
1755869410.6989446,2,0,-71
1755869410.736945,5,-3,-77
1755869410.7729447,5,-1,-77
1755869410.8099446,0,1,-83
1755869410.8479445,-6,6,-82
1755869410.8839445,-3,3,-72
1755869410.9219446,-1,5,-67
1755869410.9599447,0,-1,-70
1755869410.9989443,2,-4,-66
1755869411.0349443,-1,-7,-80
1755869411.0729446,-2,-2,-78
1755869411.111945,2,1,-78
1755869411.1489446,-1,5,-72
1755869411.187945,0,3,-83
1755869411.223945,-1,-1,-88
1755869411.2619443,-3,-3,-65
1755869411.2999446,-1,3,-77
1755869411.338945,-1,0,-74
1755869411.3749447,9,-3,-72
1755869411.4119446,0,0,-89
1755869411.4489446,-1,7,-76
1755869411.4879446,-1,2,-76
1755869411.5239446,-5,-4,-84
1755869411.5619447,-6,0,-74
1755869411.5999446,1,-4,-78
1755869411.6389446,0,2,-79
1755869411.6749446,-1,-1,-78
1755869411.7129445,5,-6,-65
1755869411.7509446,2,1,-77
1755869411.7899446,-8,0,-72
1755869411.8279445,0,0,-73
1755869411.8639443,1,-1,-68
1755869411.9019446,1,3,-70
1755869411.9399445,5,0,-76
1755869411.9779446,4,-1,-70
1755869412.0139446,3,-3,-68
1755869412.0519447,3,-10,-71
1755869412.0899446,5,-8,-70
1755869412.1289446,1,2,-75
1755869412.1649446,2,4,-66
1755869412.2019446,0,-2,-68
1755869412.2409446,1,-2,-79
1755869412.2789447,-7,-1,-71
1755869412.3149445,1,-5,-76
1755869412.3519447,-8,0,-77
1755869412.3899446,-5,2,-81
1755869412.4289446,2,4,-74
1755869412.4649446,0,4,-77
1755869412.5019443,0,11,-78
1755869412.5399446,6,3,-74
1755869412.5789447,2,2,-85
1755869412.6149447,0,-1,-70
1755869412.6519446,7,2,-66
1755869412.6899445,0,6,-76
1755869412.7259445,1,4,-71
1755869412.7629447,-1,-2,-73
1755869412.8009446,9,-6,-74
1755869412.8399446,6,-2,-75
1755869412.8759446,0,-7,-78
1755869412.9129446,6,3,-77
1755869412.9499447,1,5,-72
1755869412.9859445,0,6,-79
1755869413.0239446,-1,0,-84
1755869413.0619447,0,0,-82
1755869413.0999446,1,3,-73
1755869413.1359446,3,5,-77
1755869413.1739447,2,-2,-80
1755869413.210945,11,-2,-82
1755869413.2499447,10,-2,-74
1755869413.2859447,8,-5,-66
1755869413.3239446,0,1,-66
1755869413.3609445,5,3,-76
1755869413.3989446,-4,2,-68
1755869413.4349446,0,-3,-70
1755869413.4719446,-1,-5,-78
1755869413.5109446,-5,-2,-69
1755869413.5489447,4,-2,-75
1755869413.5849447,-1,-3,-73
1755869413.6239443,5,-2,-85
1755869413.6609447,-4,3,-78
1755869413.6999447,-1,2,-81
1755869413.7359445,-1,5,-81
1755869413.7739446,2,5,-83
1755869413.8109446,0,0,-72
1755869413.848945,3,-2,-73
1755869413.884945,3,3,-81
1755869413.9239447,4,2,-76
1755869413.960945,-3,-4,-65
1755869413.9999447,4,1,-66
1755869414.0359447,1,1,-72
1755869414.0729446,-2,-1,-71
1755869414.1109445,-5,0,-69
1755869414.1499443,1,0,-76
1755869414.1859446,-4,5,-81
1755869414.2229445,-2,0,-76
1755869414.2609446,0,4,-81
1755869414.2999446,-2,0,-70
1755869414.335945,1,-1,-73
1755869414.3729446,-1,-5,-69
1755869414.4109447,1,-4,-79
1755869414.4499447,1,0,-78
1755869414.4859445,0,3,-77
1755869414.5229447,-6,4,-78
1755869414.5609446,-2,3,-66
1755869414.5999446,-1,4,-65
1755869414.6359446,0,6,-76
1755869414.6729443,1,2,-74
1755869414.710945,-2,-4,-78
1755869414.746945,0,-4,-86
1755869414.7839446,1,9,-84
1755869414.8209443,0,7,-64
1755869414.8599446,-1,0,-76
1755869414.8959446,3,-2,-85
1755869414.9329443,3,1,-88
1755869414.9709446,0,5,-78
1755869415.006945,7,2,-70
1755869415.0439446,9,6,-77
1755869415.0819447,6,3,-79
1755869415.1199446,4,0,-73
1755869415.1559446,-1,-3,-64
1755869415.1939447,2,-2,-69
1755869415.2319446,0,-3,-75
1755869415.2709446,4,-2,-77
1755869415.3069446,1,1,-76
1755869415.3439443,7,-7,-84
1755869415.381945,5,0,-74
1755869415.4199443,0,-1,-75
1755869415.4559443,-2,2,-76
1755869415.4939446,6,-6,-75
1755869415.5319445,1,-2,-73
1755869415.5709443,1,0,-77
1755869415.6069446,1,1,-75
1755869415.6439445,3,0,-81
1755869415.6819446,1,-3,-81
1755869415.7209446,5,-2,-67
1755869415.756945,2,-5,-77
1755869415.7939446,4,1,-63
1755869415.8319447,4,-3,-70
1755869415.8709445,0,-3,-71
1755869415.9069445,-3,-6,-75
1755869415.9449446,-7,6,-77
1755869415.9829447,-1,-1,-68
1755869416.0219443,-4,4,-65
1755869416.0599446,-3,1,-71
1755869416.0959446,-2,0,-82
1755869416.1329446,4,-4,-92
1755869416.1719446,3,0,-81
1755869416.2099447,4,0,-78
1755869416.2459445,0,0,-74
1755869416.282945,2,0,-74
1755869416.3219447,-3,4,-79
1755869416.3579447,6,0,-79
1755869416.394945,-1,-3,-76
1755869416.4329443,4,1,-77
1755869416.4719446,-2,0,-77
1755869416.5079446,-4,-2,-80
1755869416.5459447,-3,-3,-77
1755869416.5839446,-7,-3,-74
1755869416.621945,-3,-6,-72
1755869416.6609447,-2,-1,-76
1755869416.6969447,3,0,-75
1755869416.733945,-1,0,-76
1755869416.7719443,5,-7,-81
1755869416.8109446,9,-1,-60
1755869416.8469446,4,0,-76
1755869416.8839445,-3,4,-78
1755869416.9219446,-8,0,-82
1755869416.960945,-2,2,-65
1755869416.996945,0,4,-83
1755869417.0339446,-1,-3,-72
1755869417.0729446,3,2,-69
1755869417.1109445,2,0,-78
1755869417.1469443,0,2,-73
1755869417.1839447,0,2,-61
1755869417.2219446,-3,-4,-78
1755869417.2579446,-9,-6,-70
1755869417.2959447,3,0,-80
1755869417.3339446,2,-2,-64
1755869417.3729446,0,-2,-72
1755869417.4109447,2,-6,-60
1755869417.4469447,8,4,-64
1755869417.483945,10,5,-65
1755869417.5229447,3,1,-70
1755869417.5609446,0,0,-69
1755869417.5969446,-5,2,-69
1755869417.6339445,0,1,-75
1755869417.6719446,6,2,-80
1755869417.7079446,3,1,-72
1755869417.7449446,0,2,-82
1755869417.782945,-2,2,-68
1755869417.8209443,-2,0,-74
1755869417.8569446,1,-3,-69
1755869417.8939445,1,6,-66
1755869417.9329443,4,-1,-72
1755869417.9709446,-1,5,-72
1755869418.006945,0,4,-78
1755869418.0439446,1,2,-78
1755869418.0829446,1,-1,-78
1755869418.1189446,3,4,-76
1755869418.157945,-2,0,-63
1755869418.1949446,-1,-1,-59
1755869418.2329447,1,-2,-72
1755869418.2719443,0,0,-65
1755869418.3079443,-3,2,-74
1755869418.3449447,0,4,-72
1755869418.3829446,6,-4,-70
1755869418.4189446,3,-5,-78
1755869418.4579446,0,-1,-68
1755869418.4949446,-2,1,-64
1755869418.532945,-8,0,-70
1755869418.5719447,4,0,-73
1755869418.6079447,0,-6,-75
1755869418.644945,4,-2,-79
1755869418.6829443,0,-2,-67
1755869418.7219446,2,6,-71
1755869418.7579446,0,1,-61
1755869418.7949443,4,1,-67
1755869418.8329446,0,1,-67
1755869418.8689446,0,-4,-65
1755869418.9069445,-5,-2,-68
1755869418.9449446,-10,-2,-73
1755869418.983945,-5,-4,-60
1755869419.0219443,-1,-1,-70
1755869419.0579443,-4,-5,-73
1755869419.0959446,-5,0,-76
1755869419.1339445,-10,1,-58
1755869419.1729443,-2,-1,-67
1755869419.2089446,-6,1,-66
1755869419.2459445,-1,-3,-59
1755869419.2839446,0,0,-63
1755869419.3219447,-2,3,-81
1755869419.3579447,-3,1,-71
1755869419.394945,-1,0,-74
1755869419.4339447,0,0,-75
1755869419.4719446,5,-2,-60
1755869419.5159447,0,-6,-76
1755869419.5539446,0,-10,-68
1755869419.5929446,-4,-1,-85
1755869419.6299446,-7,-1,-73
1755869419.6669445,0,-1,-67
1755869419.7049446,-3,-3,-76
1755869419.7439446,-2,-1,-80
1755869419.7819445,-7,0,-82
1755869419.8179443,2,0,-82
1755869419.8549447,3,-2,-76
1755869419.8939445,2,0,-67
1755869419.9299445,4,0,-69
1755869419.9669447,0,0,-72
1755869420.0039446,-3,1,-65
1755869420.042945,1,-1,-75
1755869420.0789447,2,0,-79
1755869420.1169446,0,-5,-68
1755869420.154945,-4,-1,-74
1755869420.1939447,-3,2,-67
1755869420.2299447,-1,5,-70
1755869420.2669446,-4,6,-70
1755869420.3049445,0,-2,-67
1755869420.3439443,2,-1,-82
1755869420.3799446,6,7,-73
1755869420.4169445,2,0,-73
1755869420.4539447,0,2,-77
1755869420.4929447,0,1,-84
1755869420.5289447,4,0,-75
1755869420.5669446,3,3,-80
1755869420.6039443,10,0,-64
1755869420.6429446,5,0,-71
1755869420.6789446,0,5,-83
1755869420.7169447,-1,0,-61
1755869420.7549446,6,-4,-74
1755869420.792945,3,0,-75
1755869420.8289447,4,-1,-83
1755869420.8669446,2,4,-76
1755869420.904945,1,4,-74
1755869420.9429443,2,-4,-58
1755869420.9789443,0,-10,-70
1755869421.0169446,-4,-1,-66
1755869421.0549445,1,-4,-71
1755869421.0939443,3,-4,-70
1755869421.1299446,-4,0,-63
1755869421.1669445,0,6,-75
1755869421.2049446,0,-2,-76
1755869421.2439446,5,2,-67
1755869421.279945,5,8,-71
1755869421.3169446,2,3,-68
1755869421.3549447,-4,0,-64
1755869421.3929446,0,0,-78
1755869421.4289446,-3,1,-73
1755869421.4669447,4,1,-74
1755869421.5049446,-2,1,-74
1755869421.5439446,-8,-1,-92
1755869421.5799446,-7,-6,-83
1755869421.6179447,-3,-2,-73
1755869421.6559446,3,3,-73
1755869421.6939447,-3,0,-70
1755869421.7299447,-1,-2,-67
1755869421.7679446,-7,0,-68
1755869421.8059447,-5,-2,-59
1755869421.8449447,-3,-3,-67
1755869421.8809447,-5,-6,-70
1755869421.9189446,-5,-1,-72
1755869421.9579446,2,-8,-69
1755869421.9949446,2,-8,-87
1755869422.0339446,3,-5,-82
1755869422.0699446,-1,0,-78
1755869422.1079447,1,0,-73
1755869422.144945,-9,0,-60
1755869422.1839447,1,4,-61
1755869422.2209446,3,3,-65
1755869422.2579446,3,1,-73
1755869422.2949443,-1,1,-72
1755869422.3339446,-6,1,-80
1755869422.3699446,0,2,-77
1755869422.407945,1,-1,-75
1755869422.4459443,-1,-5,-75
1755869422.4849446,0,-5,-70
1755869422.5209446,0,-7,-66
1755869422.5579443,7,0,-72
1755869422.5959446,2,5,-79
1755869422.6339445,-3,0,-72
1755869422.6709447,0,7,-76
1755869422.7079446,0,1,-61
1755869422.7459445,3,-4,-77
1755869422.7849443,-1,-3,-72
1755869422.8209443,2,-7,-68
1755869422.8579447,0,-3,-78
1755869422.8959446,-2,0,-82
1755869422.9349446,-3,-1,-72
1755869422.9709446,-1,-1,-70
1755869423.0089445,-1,-1,-61
1755869423.0469446,-6,4,-68
1755869423.085945,0,8,-61
1755869423.1239443,1,3,-63
1755869423.1599443,-2,-2,-65
1755869423.1979446,-10,0,-69
1755869423.2359445,-9,-5,-78
1755869423.2749443,-8,-7,-67
1755869423.3109446,-1,-2,-74
1755869423.348945,-1,-7,-74
1755869423.3879447,1,-3,-80
1755869423.4259446,1,-2,-63
1755869423.463945,5,-4,-80
1755869423.4999447,0,3,-85
1755869423.5369446,2,0,-73
1755869423.5749447,3,0,-81
1755869423.6109445,0,-1,-79
1755869423.6489446,-2,-2,-75
1755869423.687945,5,0,-71
1755869423.7259445,0,1,-80
1755869423.7649446,1,1,-83
1755869423.8009446,-4,3,-86
1755869423.8379445,9,1,-79
1755869423.8759446,2,3,-74
1755869423.9119446,2,1,-67
1755869423.9489446,0,0,-77
1755869423.9879446,0,-1,-68
1755869424.0259447,6,-7,-86
1755869424.0619447,0,-4,-83
1755869424.098945,-1,-9,-82
1755869424.1379447,-7,-5,-80
1755869424.1759446,-3,-3,-71
1755869424.2119446,-3,-7,-74
1755869424.2499447,-2,0,-69
1755869424.2879446,-2,5,-69
1755869424.3269446,0,-2,-64
1755869424.3649447,-6,-7,-66
1755869424.4009447,-3,-2,-69
1755869424.4389446,0,-4,-69
1755869424.4769447,3,-9,-70
1755869424.5159447,0,-4,-74
1755869424.5519447,0,6,-69
1755869424.5909443,-2,-3,-72
1755869424.6279447,-5,1,-80
1755869424.6669445,-4,-6,-77
1755869424.7049446,-8,-1,-77
1755869424.7409446,-4,2,-76
1755869424.7779446,-4,-4,-81
1755869424.8169446,-2,1,-81
1755869424.8549447,-2,1,-78
1755869424.8909447,0,-3,-69
1755869424.927945,-12,-3,-60
1755869424.9669447,-1,-3,-59
1755869425.0049446,-4,5,-65
1755869425.0409446,-3,6,-64
1755869425.0779445,-2,1,-75
1755869425.1169446,-5,5,-76
1755869425.154945,1,2,-78
1755869425.190945,4,6,-77
1755869425.2279446,3,7,-83
1755869425.2669446,7,0,-74
1755869425.302945,7,4,-89
1755869425.3399446,1,6,-74
1755869425.3769443,0,2,-63
1755869425.4159446,-5,-2,-61
1755869425.4519446,-2,-4,-76
1755869425.4899447,1,1,-73
1755869425.5269446,6,-2,-69
1755869425.565945,0,2,-73
1755869425.6019447,1,-3,-73
1755869425.6399446,-5,3,-72
1755869425.677945,0,2,-73
1755869425.7159443,-9,-3,-79
1755869425.7519443,-10,-6,-78
1755869425.7899446,-11,-1,-79
1755869425.8279445,-11,6,-70
1755869425.8669446,0,9,-82
1755869425.9029446,0,5,-66
1755869425.940945,-2,2,-81
1755869425.9799447,-1,4,-68
1755869426.0169446,-4,3,-72
1755869426.0559447,0,-3,-73
1755869426.0919447,3,3,-66
1755869426.1299446,1,4,-69
1755869426.167945,1,-2,-70
1755869426.2059443,3,-6,-79
1755869426.2419446,6,-11,-78
1755869426.279945,4,0,-71
1755869426.3179443,0,-2,-77
1755869426.3559446,-5,-2,-73
1755869426.3919446,4,-3,-81
1755869426.4299445,4,-6,-72
1755869426.4679446,4,0,-67
1755869426.5059447,-2,2,-76
1755869426.5419445,4,-3,-81
1755869426.5799446,4,-5,-71
1755869426.6179447,7,3,-71
1755869426.6559446,-4,0,-69
1755869426.6919446,-5,-4,-65
1755869426.7299447,-3,-1,-74
1755869426.7679446,-3,0,-76
1755869426.8069446,-7,-4,-81
1755869426.8429446,-3,-2,-75
1755869426.8809447,0,-1,-70
1755869426.9189446,-3,-3,-70
1755869426.9579446,2,-4,-76
1755869426.9959445,-2,-5,-83
1755869427.0319445,1,-1,-76
1755869427.0699446,0,4,-68
1755869427.1079447,1,2,-70
1755869427.1439445,-3,0,-72
1755869427.1819446,-1,-3,-67
1755869427.2199447,0,-4,-74
1755869427.2579446,10,5,-73
1755869427.2939446,3,1,-82
1755869427.3309443,5,2,-71
1755869427.3679447,-3,8,-68
1755869427.4069445,3,1,-71
1755869427.4429443,3,-1,-69
1755869427.4799447,-1,-5,-69
1755869427.5179446,-1,-2,-81
1755869427.5569446,1,-1,-85
1755869427.5929446,4,-5,-85
1755869427.6299446,3,0,-74
1755869427.667945,-5,5,-76
1755869427.7039447,-6,4,-76
1755869427.7419446,-4,3,-63
1755869427.779945,0,-4,-62
1755869427.8179443,-2,-3,-72
1755869427.8569446,-1,-2,-68
1755869427.8929446,8,-2,-67
1755869427.9299445,1,-4,-77
1755869427.9689443,0,0,-76
1755869428.006945,2,-3,-67
1755869428.042945,0,0,-71
1755869428.0799446,0,3,-71
1755869428.1179447,0,5,-77
1755869428.1539447,-1,2,-81
1755869428.1919446,-2,0,-76
1755869428.2299447,-6,6,-71
1755869428.2689445,5,-3,-87
1755869428.3069446,-6,0,-90
1755869428.3429446,1,0,-84
1755869428.3799446,-1,2,-82
1755869428.4189446,4,2,-84
1755869428.4569447,-4,1,-83
1755869428.4929447,0,-1,-80
1755869428.529945,-2,0,-74
1755869428.5689447,-2,7,-70
1755869428.6069446,0,5,-74
1755869428.6429446,2,1,-67
1755869428.6799445,4,6,-75
1755869428.7179446,0,-1,-80
1755869428.7539446,1,-6,-86
1755869428.7919445,0,0,-81
1755869428.8289447,-2,-1,-73
1755869428.8679447,2,-1,-77
1755869428.9039447,3,1,-74
1755869428.9419446,4,1,-77
1755869428.9799447,0,-2,-72
1755869429.0189445,0,3,-76
1755869429.0549445,0,2,-64
1755869429.0919447,0,0,-70
1755869429.1299446,4,-1,-83
1755869429.1689446,3,2,-86
1755869429.2049446,4,5,-72
1755869429.2419446,4,8,-74
1755869429.2789447,10,3,-77
1755869429.3149445,4,1,-83
1755869429.3519447,-1,5,-85
1755869429.3899446,-14,2,-70
1755869429.4289446,-1,0,-75
1755869429.4649446,0,0,-77
1755869429.5019443,5,-4,-67
1755869429.5479443,3,-1,-67
1755869429.5839446,-3,-3,-68
1755869429.621945,0,0,-72
1755869429.6599443,-1,3,-81
1755869429.6979446,-1,0,-76
1755869429.733945,0,-5,-79
1755869429.7709446,-6,2,-71
1755869429.8099446,1,2,-79
1755869429.8479445,2,2,-80
1755869429.8839445,6,3,-76
1755869429.9209447,0,-4,-65
1755869429.9599447,-2,-1,-60
1755869429.9979446,3,-2,-63
1755869430.0339446,8,1,-73
1755869430.0719447,0,3,-73
1755869430.1099446,2,2,-75
1755869430.1479447,-3,0,-86
1755869430.1839447,-4,-3,-77
1755869430.2219446,0,-6,-68
1755869430.259945,2,-2,-78
1755869430.2989447,-3,-2,-80
1755869430.3349447,0,3,-78
1755869430.371945,-1,6,-72
1755869430.4099443,-3,-2,-78
1755869430.4489446,5,-7,-68
1755869430.4849446,2,-10,-72
1755869430.5219443,-6,-4,-77
1755869430.5599446,-2,-5,-62
1755869430.598945,1,3,-72
1755869430.634945,2,3,-74
1755869430.6719446,9,1,-68
1755869430.7099447,2,-7,-71
1755869430.7459445,1,-2,-83
1755869430.782945,9,-5,-69
1755869430.8219447,9,-2,-75
1755869430.8599446,7,-4,-74
1755869430.8959446,4,-2,-64
1755869430.9329443,3,3,-66
1755869430.9699447,4,2,-79
1755869431.0059447,3,5,-74
1755869431.042945,-3,0,-78
1755869431.0809443,-7,3,-73
1755869431.1199446,-3,4,-68
1755869431.1559446,-1,6,-73
1755869431.1929443,-6,0,-80
1755869431.2309446,-2,-6,-73
1755869431.269945,2,-1,-76
1755869431.3059447,-1,-4,-80
1755869431.3439443,0,-2,-66
1755869431.381945,-7,-3,-77
1755869431.4199443,0,-1,-74
1755869431.4589446,1,8,-70
1755869431.4949446,4,4,-77
1755869431.532945,2,6,-66
1755869431.5709443,-1,0,-71
1755869431.608945,-6,4,-68
1755869431.644945,0,5,-70
1755869431.6829443,1,1,-64
1755869431.7209446,-1,-2,-67
1755869431.7589445,-2,5,-65
1755869431.7949443,-4,-1,-83
1755869431.8329446,0,-4,-79
1755869431.871945,0,1,-83
1755869431.9099443,-3,-1,-80
1755869431.9459443,4,-2,-79
1755869431.9829447,-1,0,-66
1755869432.0209446,0,0,-72
1755869432.0599446,3,5,-71
1755869432.0959446,4,-4,-72
1755869432.1329446,2,0,-68
1755869432.1709447,1,0,-63
1755869432.2089446,3,-2,-67
1755869432.2449446,0,-4,-66
1755869432.282945,0,-5,-58
1755869432.3209443,0,-3,-67
1755869432.358945,11,4,-77
1755869432.394945,6,3,-76
1755869432.4329443,-2,2,-81
1755869432.4709446,-5,2,-72
1755869432.509945,-2,3,-67
1755869432.5459447,-2,5,-65
1755869432.5829446,2,1,-73
1755869432.6209445,1,-3,-79
1755869432.6569445,1,-2,-56
1755869432.6949446,-5,3,-72
1755869432.7329447,-1,-2,-77
1755869432.7719443,0,5,-75
1755869432.8099446,0,4,-73
1755869432.8459446,1,-6,-67
1755869432.8829446,2,-5,-74
1755869432.9209447,3,-5,-75
1755869432.9599447,2,-2,-63
1755869432.9959445,-2,1,-75
1755869433.032945,-8,0,-74
1755869433.0719447,-4,10,-75
1755869433.1099446,-3,10,-82
1755869433.1459446,-5,2,-78
1755869433.1829443,-6,-5,-81
1755869433.2219446,-4,-2,-81
1755869433.259945,0,0,-81
1755869433.2959447,-1,4,-66
1755869433.3329446,7,-3,-69
1755869433.371945,-6,-1,-67
1755869433.4099443,-3,-3,-81
1755869433.4459443,0,0,-87
1755869433.4829447,3,4,-71
1755869433.5209446,4,-1,-66
1755869433.5569446,-2,-2,-80
1755869433.5949447,-1,-3,-78
1755869433.6329446,-1,-8,-78
1755869433.6719446,1,-4,-66
1755869433.7099447,-2,-6,-83
1755869433.7459445,-1,-2,-73
1755869433.7839446,3,0,-77
1755869433.8229446,-3,-5,-80
1755869433.8609445,-2,-4,-70
1755869433.8969443,3,-2,-73
1755869433.9349446,-6,0,-65
1755869433.9729445,-4,-3,-59
1755869434.0119443,-2,6,-69
1755869434.0499446,2,2,-79
1755869434.085945,0,0,-76
1755869434.1229446,-2,0,-76
1755869434.1619446,2,-2,-73
1755869434.1999447,3,2,-72
1755869434.2359445,0,3,-77
1755869434.2729447,2,0,-70
1755869434.3119447,-3,0,-67
1755869434.3479445,0,2,-70
1755869434.384945,3,-6,-86
1755869434.4229443,-1,0,-88
1755869434.4619446,-2,3,-84
1755869434.4979446,-1,3,-79
1755869434.5359447,1,0,-79
1755869434.5729446,-1,5,-79
1755869434.611945,-4,1,-81
1755869434.6479447,0,2,-80
1755869434.6849446,-4,-4,-95
1755869434.7229445,4,2,-83
1755869434.7609446,-2,1,-85
1755869434.7969446,-1,0,-72
1755869434.8339446,-10,1,-80
1755869434.8729446,-4,1,-71
1755869434.9109447,0,1,-69
1755869434.9469447,1,0,-77
1755869434.983945,-5,0,-72
1755869435.0229447,8,-2,-77
1755869435.0609446,4,-1,-88
1755869435.0969446,0,-6,-72
1755869435.1339445,-2,0,-71
1755869435.1729443,7,0,-83
1755869435.210945,1,0,-83
1755869435.246945,0,0,-68
1755869435.2839446,0,-6,-62
1755869435.3229446,-6,4,-65
1755869435.3609445,0,-2,-63
1755869435.3969443,12,-3,-63
1755869435.4349446,0,0,-59
1755869435.4729445,4,3,-73
1755869435.5109446,7,5,-63
1755869435.5469446,0,2,-73
1755869435.5839446,7,3,-63
1755869435.621945,7,1,-78
1755869435.657945,0,2,-78
1755869435.6949446,6,1,-76
1755869435.7329447,1,-1,-73
1755869435.7709446,-1,-3,-67
1755869435.8069446,3,2,-70
1755869435.8439443,0,-5,-70
1755869435.8829446,-6,-8,-84
1755869435.9209447,0,-4,-87
1755869435.9569447,5,-6,-86
1755869435.9939446,2,-4,-75
1755869436.032945,5,0,-64
1755869436.0689447,9,0,-70
1755869436.1059446,3,-5,-70
1755869436.1439445,-1,-4,-76
1755869436.1829443,-9,-1,-71
1755869436.2189443,0,0,-60
1755869436.2559447,6,-6,-70
1755869436.2939446,-2,-4,-71
1755869436.3329446,1,-1,-70
1755869436.3689446,11,0,-74
1755869436.4059446,2,-2,-83
1755869436.4439447,-2,-2,-81
1755869436.4829447,-2,-3,-84
1755869436.5189445,0,2,-68
1755869436.5559447,-2,0,-61
1755869436.5939443,-4,-1,-80
1755869436.6329446,1,2,-82
1755869436.6689446,1,-2,-66
1755869436.7059443,-3,-4,-64
1755869436.7439446,-2,-7,-81
1755869436.782945,2,-7,-76
1755869436.8189447,0,-2,-82
1755869436.8559446,5,2,-79
1755869436.8939445,3,5,-77
1755869436.9319446,7,-4,-71
1755869436.9679446,8,1,-64
1755869437.0049446,7,-2,-75
1755869437.0439446,3,2,-67
1755869437.0819447,6,-4,-72
1755869437.1179447,-1,-5,-75
1755869437.1559446,4,0,-77
1755869437.1939447,3,-5,-76
1755869437.2319446,1,-2,-79
1755869437.2679446,-1,-3,-80
1755869437.3059447,-6,5,-76
1755869437.3439443,-1,0,-67
1755869437.3829446,-1,0,-78
1755869437.4189446,0,1,-74
1755869437.4569447,-3,-1,-76
1755869437.4939446,-4,2,-76
1755869437.532945,-9,0,-71
1755869437.5689447,-5,0,-72
1755869437.6059446,-3,0,-73
1755869437.6439445,2,4,-69
1755869437.6819446,0,5,-75
1755869437.7179446,-8,0,-89
1755869437.7549446,0,0,-74
1755869437.7939446,0,3,-64
1755869437.8299446,-3,5,-69
1755869437.8689446,-5,-3,-73
1755869437.9069445,-1,2,-83
1755869437.9439447,-2,-2,-59
1755869437.9829447,-1,0,-65
1755869438.0189445,-9,-3,-61
1755869438.0569446,-1,-2,-70
1755869438.0949447,4,-2,-71
1755869438.1339445,7,-4,-74
1755869438.1699443,7,-1,-74
1755869438.2069447,-2,-5,-75
1755869438.2449446,3,0,-78
1755869438.282945,7,2,-74
1755869438.3189447,2,1,-73
1755869438.3559446,0,-6,-76
1755869438.3939445,1,-2,-69
1755869438.4329443,0,1,-82
1755869438.4689443,1,3,-88
1755869438.506945,-4,-5,-76
1755869438.5439446,0,1,-70
1755869438.5799446,-1,-5,-67
1755869438.6179447,2,-2,-68
1755869438.6569445,0,0,-71
1755869438.6949446,1,-3,-76
1755869438.7329447,0,-1,-76
1755869438.7689445,-4,0,-71
1755869438.8069446,0,7,-67
1755869438.8449447,0,5,-79
1755869438.8829446,4,-4,-82
1755869438.9189446,2,-13,-64
1755869438.9569447,1,-6,-59
1755869438.9949446,2,1,-59
1755869439.032945,1,5,-73
1755869439.0689447,2,2,-70
1755869439.1069446,-2,6,-76
1755869439.144945,-2,2,-70
1755869439.1829443,3,0,-57
1755869439.2189443,0,-1,-62
1755869439.256945,0,4,-62
1755869439.2949443,3,7,-71
1755869439.3329446,-1,0,-79
1755869439.3689446,7,-4,-77
1755869439.4069445,-1,-3,-76
1755869439.4449446,2,0,-73
1755869439.4829447,-5,0,-71
1755869439.5189445,2,6,-73
1755869439.5649445,0,-2,-72
1755869439.6029446,0,-1,-72
1755869439.6389446,7,-2,-81
1755869439.6769447,12,-1,-80
1755869439.7149446,-3,-4,-64
1755869439.7539446,-3,0,-67
1755869439.7899446,0,-5,-78
1755869439.8269446,-3,-4,-68
1755869439.8659446,-10,-6,-76
1755869439.9039447,-6,-3,-72
1755869439.9399445,6,0,-79
1755869439.9779446,-8,4,-64
1755869440.0159447,7,-2,-67
1755869440.0549445,4,6,-79
1755869440.0909443,7,-1,-69
1755869440.1289446,5,-1,-73
1755869440.1669445,1,-1,-83
1755869440.2049446,6,-5,-70
1755869440.2439446,1,-2,-75
1755869440.279945,-6,2,-73
1755869440.3179443,-1,-5,-81
1755869440.3559446,1,-6,-84
1755869440.394945,4,-8,-76
1755869440.4309447,1,-4,-69
1755869440.4679446,-3,2,-76
1755869440.5059447,0,0,-73
1755869440.5439446,4,3,-76
1755869440.5799446,1,0,-81
1755869440.6169446,1,2,-68
1755869440.6559446,0,2,-72
1755869440.6939447,-7,0,-77
1755869440.7299447,-7,0,-70
1755869440.7669446,2,0,-69
1755869440.8049445,3,-1,-69
1755869440.8409443,1,-4,-81
1755869440.8779447,1,-5,-80
1755869440.9159446,0,7,-87
1755869440.9539447,5,0,-80
1755869440.9909446,4,-3,-68
1755869441.0279446,5,-8,-74
1755869441.065945,-1,-4,-78
1755869441.1049447,-3,2,-74
1755869441.1409447,-7,6,-76
1755869441.1789446,6,-1,-71
1755869441.2169447,2,2,-73
1755869441.2549446,2,1,-87
1755869441.2909446,1,-1,-74
1755869441.3279445,5,0,-73
1755869441.3659446,4,-2,-75
1755869441.4039447,-8,2,-71
1755869441.4399445,-1,1,-69
1755869441.4779446,-4,0,-74
1755869441.5169446,-7,1,-76
1755869441.5549445,-6,8,-80
1755869441.5909443,-6,5,-73
1755869441.6279447,2,-6,-82
1755869441.6669445,0,0,-71
1755869441.7049446,0,-5,-59
1755869441.7409446,-1,3,-62
1755869441.7779446,-13,3,-68
1755869441.8169446,-7,-1,-65
1755869441.8549447,0,-3,-65
1755869441.8909447,-1,2,-74
1755869441.927945,-2,1,-81
1755869441.9669447,0,-3,-66
1755869442.0049446,-3,-3,-72
1755869442.0409446,1,-3,-72
1755869442.0779445,1,-8,-72
1755869442.1169446,1,-8,-80
1755869442.154945,2,-8,-86
1755869442.190945,1,-7,-76
1755869442.2289443,3,-5,-69
1755869442.2669446,0,4,-73
1755869442.3049445,-4,-2,-71
1755869442.3409443,3,7,-85
1755869442.3779447,-1,6,-79
1755869442.4169445,-4,-2,-71
1755869442.4549446,-2,-4,-75
1755869442.4909446,1,4,-69
1755869442.5279446,-5,-2,-78
1755869442.5669446,-3,0,-64
1755869442.6049447,0,5,-68
1755869442.6419446,0,7,-71
1755869442.6789446,0,0,-67
1755869442.7169447,-3,0,-71
1755869442.7549446,-3,0,-71
1755869442.7919445,-3,-4,-68
1755869442.8289447,1,1,-77
1755869442.8669446,-5,0,-69
1755869442.904945,-1,0,-82
1755869442.940945,-6,-3,-84
1755869442.9789443,2,-1,-78
1755869443.0169446,6,0,-76
1755869443.0549445,4,2,-80
1755869443.0909443,6,3,-84
1755869443.1279447,1,6,-72
1755869443.1659446,0,3,-62
1755869443.2019446,2,-1,-63
1755869443.2389443,5,-6,-75
1755869443.2769446,-5,-4,-81
1755869443.315945,-2,-6,-80
1755869443.3519447,0,0,-84
1755869443.3889446,-4,-5,-85
1755869443.4269447,1,-3,-85
1755869443.4659443,4,0,-78
1755869443.5019443,8,1,-76
1755869443.5389447,0,1,-83
1755869443.5769446,0,-6,-72
1755869443.6159446,0,-5,-75
1755869443.6519446,0,-4,-75
1755869443.6889446,0,4,-73
1755869443.7269447,-8,-2,-79
1755869443.7659447,-3,1,-70
1755869443.8019447,-2,3,-72
1755869443.8409443,0,5,-79
1755869443.8789446,10,0,-72
1755869443.9169445,7,2,-78
1755869443.9529445,2,8,-76
1755869443.9909446,1,-2,-69
1755869444.0289447,0,0,-79
1755869444.0669446,0,0,-70
1755869444.1029446,7,-2,-69
1755869444.1409447,-4,-4,-78
1755869444.1789446,-1,0,-79
1755869444.2179446,2,0,-66
1755869444.2559447,-6,-2,-80
1755869444.2919445,-4,-1,-67
1755869444.3299446,0,2,-68
1755869444.3679447,-4,2,-73
1755869444.4069445,-3,1,-76
1755869444.4429443,1,-1,-75
1755869444.4799447,-5,-5,-66
1755869444.5179446,-7,0,-67
1755869444.5569446,-5,-9,-59
1755869444.5929446,3,-4,-77
1755869444.6299446,1,-2,-67
1755869444.667945,1,0,-57
1755869444.7059443,6,-4,-73
1755869444.7419446,-1,0,-63
1755869444.7789447,-3,-2,-66
1755869444.8179443,-4,-4,-75
1755869444.8559446,2,1,-72
1755869444.8919446,3,-1,-79
1755869444.9299445,0,-5,-79
1755869444.9679446,0,-4,-68
1755869445.006945,0,0,-71
1755869445.042945,0,3,-71
1755869445.0799446,3,-3,-81
1755869445.1179447,-1,-5,-80
1755869445.1569445,0,-4,-70
1755869445.1929443,2,-6,-68
1755869445.2299447,7,-5,-72
1755869445.2679446,1,-5,-76
1755869445.3069446,0,-5,-74
1755869445.3429446,2,-7,-66
1755869445.3799446,-7,-2,-68
1755869445.417945,-3,-2,-73
1755869445.4569447,-6,2,-71
1755869445.4929447,-6,4,-59
1755869445.529945,0,9,-61
1755869445.5679443,0,2,-74
1755869445.6039443,0,4,-85
1755869445.6409447,-2,0,-78
1755869445.6799445,-1,-3,-78
1755869445.7179446,1,-5,-69
1755869445.7539446,3,-1,-76
1755869445.7909446,3,-5,-75
1755869445.8299446,1,-9,-65
1755869445.8679447,4,0,-64
1755869445.9039447,3,0,-69
1755869445.940945,7,3,-63
1755869445.9799447,-1,-4,-62
1755869446.0179446,-3,-2,-72
1755869446.0539446,0,3,-63
1755869446.0919447,8,6,-63
1755869446.1299446,3,-1,-64
1755869446.1689446,8,-3,-77
1755869446.2069447,0,0,-78
1755869446.2429447,-2,-1,-79
1755869446.2809446,-5,2,-84
1755869446.3189447,-6,1,-84
1755869446.3579447,-2,-4,-71
1755869446.3939445,-1,-8,-72
1755869446.4319446,-3,-1,-88
1755869446.4699447,1,-2,-87
1755869446.5089445,2,-3,-76
1755869446.5469446,-1,-6,-76
1755869446.5829446,-1,-9,-75
1755869446.6209445,-10,-4,-69
1755869446.6599443,-2,0,-77
1755869446.6979446,-8,-4,-71
1755869446.733945,0,-4,-83
1755869446.7709446,4,-3,-77
1755869446.8099446,0,0,-80
1755869446.8479445,2,-3,-72
1755869446.8839445,4,-2,-80
1755869446.9209447,1,-3,-59
1755869446.9589446,4,1,-83
1755869446.9979446,10,0,-81
1755869447.0339446,6,0,-72
1755869447.0709443,2,-5,-72
1755869447.108945,3,-6,-65
1755869447.1479447,7,-3,-78
1755869447.1839447,2,-6,-83
1755869447.2209446,-9,-2,-70
1755869447.2589445,-5,0,-68
1755869447.2979443,8,2,-74
1755869447.3339446,5,5,-85
1755869447.3709445,2,2,-70
1755869447.4089446,1,0,-76
1755869447.4449446,-4,-5,-74
1755869447.4829447,1,-5,-54
1755869447.5209446,5,8,-74
1755869447.5589447,3,5,-75
1755869447.5959446,0,4,-80
1755869447.6329446,-1,-8,-63
1755869447.6709447,3,3,-57
1755869447.7099447,2,-2,-76
1755869447.7479446,-3,-3,-82
1755869447.7839446,-3,-3,-79
1755869447.8209443,-2,-2,-76
1755869447.8599446,-7,1,-79
1755869447.8979447,-6,2,-72
1755869447.9339447,-6,5,-78
1755869447.9709446,-12,-2,-81
1755869448.009945,-9,-5,-76
1755869448.0479443,1,-3,-79
1755869448.0839446,-3,-2,-81
1755869448.121945,-4,2,-76
1755869448.1599443,-6,-3,-76
1755869448.1989446,-2,0,-71
1755869448.2349446,2,3,-68
1755869448.2729447,-1,1,-67
1755869448.3099446,0,6,-75
1755869448.3479445,0,2,-78
1755869448.3839445,4,0,-73
1755869448.4209447,6,1,-76
1755869448.4589446,-1,-3,-65
1755869448.4949446,-1,-2,-62
1755869448.532945,2,-1,-75
1755869448.5709443,7,-1,-72
1755869448.6099446,0,0,-73
1755869448.6459446,-1,0,-70
1755869448.6829443,3,3,-72
1755869448.7199447,3,1,-73
1755869448.7559447,-3,4,-69
1755869448.7939446,-1,0,-75
1755869448.8309443,2,-1,-65
1755869448.8699446,2,7,-74
1755869448.9059446,1,7,-76
1755869448.9429443,0,0,-78
1755869448.9809446,-1,-1,-82
1755869449.019945,5,0,-73
1755869449.0559447,2,3,-75
1755869449.0929446,-5,-5,-73
1755869449.1309447,-3,-6,-71
1755869449.1699443,-2,-8,-57
1755869449.2059443,-5,-1,-73
1755869449.2439446,4,-1,-78
1755869449.2819445,0,0,-75
1755869449.3199446,1,-3,-63
1755869449.3559446,5,1,-71
1755869449.3929446,4,-9,-78
1755869449.4309447,0,1,-69
1755869449.4699447,-8,-6,-67
1755869449.5059447,-6,0,-65
1755869449.5439446,2,3,-73
1755869449.588945,-7,8,-77
1755869449.6249447,-9,0,-74
1755869449.6629446,-8,-4,-66
1755869449.700945,-6,-3,-84
1755869449.7399447,-10,1,-78
1755869449.7759447,-8,-1,-81
1755869449.8149445,3,-1,-69
1755869449.8519447,3,6,-75
1755869449.8899446,3,1,-73
1755869449.9259446,2,5,-71
1755869449.9629445,-8,2,-52
1755869450.0009446,0,0,-64
1755869450.0399446,8,1,-70
1755869450.075945,2,0,-73
1755869450.1129446,3,0,-66
1755869450.1509447,1,-1,-72
1755869450.1899445,-4,1,-66
1755869450.2259445,-7,-1,-72
1755869450.2639446,-4,-10,-68
1755869450.3019447,-9,-8,-69
1755869450.3409443,-4,-4,-67
1755869450.3769443,-6,-5,-63
1755869450.4149446,-6,7,-68
1755869450.4529445,0,3,-65
1755869450.4909446,-7,-1,-74
1755869450.529945,1,0,-82
1755869450.565945,7,-4,-81
1755869450.6039443,4,2,-80
1755869450.6409447,0,0,-69
1755869450.6799445,-1,5,-64
1755869450.7159443,-3,-1,-70
1755869450.7539446,-1,-10,-66
1755869450.7919445,0,-12,-77
1755869450.8309443,1,1,-67
1755869450.8669446,5,0,-68
1755869450.9039447,-4,0,-70
1755869450.9419446,-2,0,-69
1755869450.9809446,7,1,-79
1755869451.0169446,8,1,-81
1755869451.0539446,0,0,-78
1755869451.0909443,-2,0,-63
1755869451.1299446,-1,1,-70
1755869451.1659446,-3,-6,-65
1755869451.2039447,-3,-2,-73
1755869451.2419446,2,5,-62
1755869451.2809446,3,6,-65
1755869451.3169446,-9,0,-71
1755869451.3539443,0,-1,-72
1755869451.3919446,-5,-3,-69
1755869451.4309447,-1,-3,-69
1755869451.4669447,3,-5,-78
1755869451.5039446,-2,-1,-72
1755869451.5419445,-2,0,-74
1755869451.5809443,-5,6,-69
1755869451.6169446,-2,3,-72
1755869451.6539447,-4,-2,-72
1755869451.6919446,-6,-1,-74
1755869451.7309446,-5,-1,-71
1755869451.7669446,0,2,-73
1755869451.8039446,6,0,-69
1755869451.8419447,4,2,-69
1755869451.8799446,1,0,-69
1755869451.9159446,2,2,-74
1755869451.9539447,6,7,-73
1755869451.9919446,-3,5,-82
1755869452.029945,1,2,-90
1755869452.065945,3,0,-80
1755869452.1039443,-3,-3,-83
1755869452.1419446,0,-1,-82
1755869452.177945,-2,-5,-77
1755869452.2159443,5,1,-66
1755869452.2539446,1,-5,-77
1755869452.2919445,0,0,-79
1755869452.3309443,0,-2,-77
1755869452.3669446,0,-1,-78
1755869452.4039447,1,-1,-79
1755869452.4419446,1,0,-76
1755869452.4779446,-4,1,-74
1755869452.5159447,0,-5,-79
1755869452.5539446,8,-4,-80
1755869452.5919447,5,1,-73
1755869452.6279447,7,-2,-77
1755869452.6659446,-3,0,-66
1755869452.7039447,0,-2,-67
1755869452.7419446,0,0,-75
1755869452.7779446,4,2,-76
1755869452.815945,1,-3,-80
1755869452.8539443,-3,-6,-66
1755869452.8919446,-7,-6,-74
1755869452.9309447,-6,0,-68
1755869452.9669447,-7,1,-70
1755869453.0039446,-2,9,-75
1755869453.042945,11,1,-77
1755869453.0809443,4,5,-72
1755869453.1169446,2,1,-78
1755869453.1539447,2,4,-72
1755869453.1929443,6,2,-77
1755869453.2309446,15,2,-76
1755869453.2669446,8,1,-77
1755869453.3039446,3,0,-75
1755869453.3429446,-1,5,-80
1755869453.3809447,-1,-1,-82
1755869453.4169445,5,-2,-80
1755869453.4549446,4,-6,-67
1755869453.4929447,0,1,-83
1755869453.5319445,-1,-4,-75
1755869453.5679443,-2,1,-68
1755869453.6049447,0,-8,-76
1755869453.6429446,2,-3,-75
1755869453.6819446,-6,-1,-68
1755869453.7179446,-4,-8,-68
1755869453.7559447,-2,-2,-72
1755869453.7939446,3,0,-71
1755869453.8319447,7,1,-74
1755869453.8679447,1,1,-69
1755869453.904945,-2,3,-62
1755869453.9429443,2,-2,-70
1755869453.9819446,-3,5,-73
1755869454.0179446,1,4,-68
1755869454.0549445,0,5,-73
1755869454.0929446,0,5,-77
1755869454.131945,0,0,-74
1755869454.167945,0,1,-75
1755869454.2049446,1,-6,-79
1755869454.2429447,-7,-7,-76
1755869454.2819445,-1,-4,-80
1755869454.3179443,1,0,-84
1755869454.3549447,0,-3,-84
1755869454.3929446,-4,-7,-72
1755869454.4319446,2,0,-77
1755869454.4679446,7,-9,-75
1755869454.5049446,7,2,-73
1755869454.542945,2,2,-67
1755869454.5789447,5,-2,-70
1755869454.6169446,3,-2,-70
1755869454.654945,8,2,-81
1755869454.6929443,-4,-2,-72
1755869454.7289443,-5,-5,-73
1755869454.7669446,-4,0,-71
1755869454.8049445,-1,-3,-77
1755869454.8439443,-2,-4,-63
1755869454.881945,-3,-5,-63
1755869454.917945,-5,-7,-65
1755869454.9559443,-7,4,-63
1755869454.9939446,-4,0,-66
1755869455.032945,-2,-3,-60
1755869455.0689447,-2,0,-63
1755869455.1069446,4,-1,-69
1755869455.144945,4,6,-76
1755869455.1829443,0,3,-77
1755869455.2189443,4,6,-65
1755869455.256945,5,2,-76
1755869455.2939446,-2,1,-77
1755869455.3329446,9,0,-82
1755869455.3689446,4,0,-74
1755869455.4069445,-3,-2,-78
1755869455.4449446,6,-3,-74
1755869455.483945,9,-1,-79
1755869455.5219443,-5,2,-76
1755869455.5579443,0,6,-70
1755869455.5949447,-4,-2,-71
1755869455.6339445,-4,2,-74
1755869455.6719446,-3,0,-68
1755869455.7079446,-6,-3,-77
1755869455.746945,-3,2,-80
1755869455.7839446,-6,-7,-81
1755869455.8229446,-5,5,-79
1755869455.858945,6,-1,-74
1755869455.8959446,0,-1,-74
1755869455.9339447,0,2,-76
1755869455.9699447,3,1,-77
1755869456.006945,3,-2,-78
1755869456.0449443,-3,1,-65
1755869456.0839446,3,-3,-66
1755869456.1199446,1,-2,-63
1755869456.1589446,0,-2,-64
1755869456.1959443,0,9,-85
1755869456.233945,1,6,-79
1755869456.269945,-9,3,-73
1755869456.3079443,-5,-3,-80
1755869456.3469446,0,-1,-71
1755869456.3839445,-2,6,-67
1755869456.4229443,0,4,-71
1755869456.4589446,0,5,-74
1755869456.496945,0,-1,-75
1755869456.5349443,-1,-1,-69
1755869456.5729446,-5,-1,-72
1755869456.608945,-3,0,-70
1755869456.6459446,1,-1,-74
1755869456.6849446,-1,-4,-65
1755869456.7229445,2,0,-83
1755869456.7589445,2,2,-74
1755869456.7969446,0,-5,-74
1755869456.8349447,3,-8,-76
1755869456.8729446,-7,-7,-69
1755869456.9089446,-8,-5,-82
1755869456.9469447,-2,0,-76
1755869456.9849446,0,4,-81
1755869457.0229447,0,-1,-75
1755869457.0589447,-1,7,-81
1755869457.0959446,-4,-4,-72
1755869457.134945,-2,1,-65
1755869457.1729443,6,-3,-68
1755869457.2089446,0,-5,-74
1755869457.246945,0,-1,-78
1755869457.2849443,0,-1,-81
1755869457.3229446,2,4,-70
1755869457.358945,1,4,-86
1755869457.3959446,1,-2,-75
1755869457.4349446,0,0,-79
1755869457.4729445,9,-3,-91
1755869457.5089445,5,-11,-73
1755869457.5459447,8,-3,-66
1755869457.5849447,8,5,-76
1755869457.6209445,5,4,-66
1755869457.657945,4,0,-71
1755869457.6949446,0,2,-65
1755869457.7309446,-5,9,-65
1755869457.7679446,3,0,-62
1755869457.8049445,-2,2,-58
1755869457.8439443,-1,2,-59
1755869457.8799446,0,2,-69
1755869457.9169445,3,-1,-65
1755869457.9559443,8,-3,-74
1755869457.9939446,5,3,-68
1755869458.029945,3,3,-78
1755869458.0669446,-3,4,-90
1755869458.1059446,2,3,-82
1755869458.1439445,-6,0,-77
1755869458.1809447,-4,-1,-67
1755869458.2179446,3,2,-65
1755869458.2559447,-4,3,-75
1755869458.2939446,-3,3,-79
1755869458.3299446,-9,-1,-71
1755869458.3679447,-4,1,-76
1755869458.4059446,-1,-3,-66
1755869458.4449446,-4,1,-74
1755869458.4809446,-5,0,-77
1755869458.5179446,-4,-2,-82
1755869458.5559447,5,1,-83
1755869458.5939443,4,-2,-77
1755869458.6299446,9,0,-82
1755869458.667945,0,0,-79
1755869458.7059443,3,3,-69
1755869458.7439446,-2,-1,-70
1755869458.779945,0,-4,-66
1755869458.8179443,-6,5,-73
1755869458.8559446,2,3,-76
1755869458.8939445,-3,-1,-77
1755869458.9299445,1,6,-81
1755869458.9679446,-1,3,-84
1755869459.0059447,-7,5,-81
1755869459.0449443,0,3,-97
1755869459.0809443,12,6,-84
1755869459.1179447,6,4,-74
1755869459.1559446,0,-4,-66
1755869459.1939447,4,0,-82
1755869459.2299447,-1,1,-73
1755869459.2679446,3,1,-68
1755869459.3059447,3,0,-87
1755869459.3439443,2,-5,-73
1755869459.3799446,1,2,-70
1755869459.417945,3,-2,-68
1755869459.4559443,6,-4,-63
1755869459.4919446,2,0,-69
1755869459.529945,0,-3,-72
1755869459.5679443,-7,6,-72
1755869459.6109445,-2,-1,-64
1755869459.6489446,-8,-2,-61
1755869459.6869447,-1,-5,-72
1755869459.7259445,0,0,-63
1755869459.7619443,2,-1,-72
1755869459.8009446,0,-4,-71
1755869459.8379445,2,-2,-74
1755869459.8769443,-1,1,-72
1755869459.9149446,1,0,-69
1755869459.950945,0,1,-76
1755869459.9879446,-1,-2,-87
1755869460.0269446,2,-3,-71
1755869460.0649445,3,-1,-66
1755869460.1009445,0,-5,-73
1755869460.1389446,4,4,-82
1755869460.1769447,0,8,-78
1755869460.2159443,0,0,-78
1755869460.2519443,2,-8,-83
1755869460.2889447,4,-1,-82
1755869460.3269446,1,-2,-79
1755869460.3659446,2,1,-70
1755869460.4019446,4,-1,-73
1755869460.4389446,9,0,-69
1755869460.4769447,10,0,-76
1755869460.5149446,12,-4,-65
1755869460.5509446,4,9,-74
1755869460.588945,1,-1,-64
1755869460.6269443,6,0,-77
1755869460.6649446,0,1,-70
1755869460.700945,-4,6,-80
1755869460.7379446,-3,14,-61
1755869460.7769446,-1,2,-68
1755869460.8149445,2,3,-66
1755869460.8509445,0,3,-67
1755869460.8879447,-7,-5,-65
1755869460.9269447,-3,-5,-71
1755869460.9649446,1,2,-63
1755869461.0009446,5,2,-70
1755869461.0379446,-1,-2,-76
1755869461.0769446,3,0,-84
1755869461.1149447,2,-1,-77
1755869461.1509447,9,4,-72
1755869461.187945,4,5,-71
1755869461.2269447,0,-4,-64
1755869461.2629447,-3,-6,-60
1755869461.3009446,-3,-1,-70
1755869461.338945,1,-3,-65
1755869461.3769443,2,0,-72
1755869461.4159446,7,-1,-83
1755869461.4519446,0,0,-83
1755869461.4889443,0,-2,-78
1755869461.5279446,-1,-8,-82
1755869461.565945,4,-3,-68
1755869461.6019447,2,4,-67
1755869461.6389446,3,1,-70
1755869461.6769447,6,0,-72
1755869461.713945,2,-3,-69
1755869461.7519443,-2,0,-77
1755869461.7889447,-1,2,-73
1755869461.8279445,7,-2,-65
1755869461.8659446,2,-4,-79
1755869461.9019446,0,2,-77
1755869461.9389446,0,0,-72
1755869461.9769447,-2,2,-76
1755869462.0129447,-1,2,-72
1755869462.0509446,1,-1,-77
1755869462.088945,2,-3,-74
1755869462.1279447,7,-6,-79
1755869462.1659446,2,0,-66
1755869462.2019446,7,-2,-74
1755869462.2389443,5,1,-80
1755869462.2779446,-2,7,-84
1755869462.315945,0,9,-84
1755869462.3519447,3,1,-79
1755869462.3889446,0,8,-82
1755869462.427945,-5,4,-85
1755869462.4659443,-4,2,-76
1755869462.5019443,3,5,-75
1755869462.5389447,-7,0,-69
1755869462.5779445,-9,4,-80
1755869462.6159446,-2,2,-83
1755869462.6519446,-5,1,-80
1755869462.6889446,1,-1,-71
1755869462.7279446,-1,0,-65
1755869462.7659447,0,1,-66
1755869462.8019447,0,-2,-73
1755869462.8409443,0,-4,-63
1755869462.8779447,-5,0,-87
1755869462.9169445,1,-7,-81
1755869462.9529445,14,-3,-72
1755869462.9909446,17,2,-81
1755869463.0279446,2,5,-62
1755869463.0639446,0,-1,-80
1755869463.1009445,-8,-10,-70
1755869463.1389446,1,-13,-70
1755869463.177945,4,-3,-80
1755869463.213945,4,2,-80
1755869463.2509446,0,1,-79
1755869463.2879446,2,2,-69
1755869463.3239446,0,6,-70
1755869463.3609445,3,2,-65
1755869463.3989446,1,4,-72
1755869463.4369447,2,1,-68
1755869463.4729445,0,-4,-71
1755869463.509945,-4,0,-69
1755869463.5489447,-1,0,-77
1755869463.5869446,-4,-2,-63
1755869463.6229446,-5,0,-67
1755869463.6599443,-6,4,-72
1755869463.6979446,-1,3,-75
1755869463.736945,2,0,-85
1755869463.7729447,2,-5,-70
1755869463.8099446,-2,-10,-69
1755869463.848945,2,0,-72
1755869463.8869443,0,-1,-74
1755869463.9229443,4,-6,-73
1755869463.960945,-3,-3,-67
1755869463.9989443,0,-4,-73
1755869464.0379446,0,0,-76
1755869464.0749447,1,-5,-79
1755869464.111945,-2,0,-77
1755869464.1499443,-5,1,-75
1755869464.1889446,-9,6,-76
1755869464.2269447,-1,5,-81
1755869464.2629447,0,3,-92
1755869464.2999446,4,-2,-81
1755869464.338945,5,-2,-84
1755869464.3769443,0,0,-90
1755869464.4129446,0,-3,-91
1755869464.4499447,2,7,-83
1755869464.4879446,-7,-2,-69
1755869464.5239446,-4,-3,-65
1755869464.5619447,-3,-3,-72
1755869464.5999446,-1,-1,-68
1755869464.6389446,-1,-1,-68
1755869464.6769447,7,-3,-73
1755869464.7129445,5,3,-72
1755869464.7499447,-11,0,-68
1755869464.7889447,-5,2,-70
1755869464.8249447,0,0,-75
1755869464.861945,1,0,-72
1755869464.8999443,3,4,-66
1755869464.937945,-2,4,-82
1755869464.973945,-3,8,-70
1755869465.0119443,3,-3,-69
1755869465.0499446,1,3,-85
1755869465.0879445,-1,0,-83
1755869465.1239443,2,-4,-76
1755869465.1609447,-5,0,-76
1755869465.1999447,-8,-2,-63
1755869465.2379446,-8,-1,-69
1755869465.2739446,-5,-4,-69
1755869465.3119447,0,-2,-84
1755869465.3499446,2,5,-84
1755869465.3879447,0,4,-71
1755869465.4239447,0,0,-66
1755869465.460945,-1,0,-80
1755869465.4999447,-2,0,-77
1755869465.5379446,-1,1,-66
1755869465.5739446,5,0,-70
1755869465.6109445,3,0,-71
1755869465.6499443,-6,-1,-81
1755869465.687945,-4,-2,-76
1755869465.723945,-4,0,-78
1755869465.7609446,0,-1,-73
1755869465.7999446,-6,4,-78
1755869465.8379445,0,0,-71
1755869465.8739443,5,0,-71
1755869465.9109447,-5,4,-79
1755869465.9499447,-2,3,-70
1755869465.9879446,-3,5,-69
1755869466.0239446,-10,4,-79
1755869466.0619447,-2,-4,-69
1755869466.0999446,2,1,-69
1755869466.1379447,-3,-7,-70
1755869466.1739447,0,-8,-74
1755869466.210945,2,-1,-75
1755869466.2499447,-2,1,-79
1755869466.2879446,-2,2,-73
1755869466.3239446,-2,-4,-85
1755869466.3629446,1,4,-80
1755869466.3999443,1,2,-68
1755869466.437945,6,6,-73
1755869466.473945,1,-1,-87
1755869466.5109446,8,-1,-83
1755869466.5499446,6,-2,-91
1755869466.585945,1,-2,-80
1755869466.6229446,4,5,-70
1755869466.6609447,-1,2,-67
1755869466.6999447,5,-7,-80
1755869466.7359445,1,-7,-69
1755869466.7729447,1,0,-63
1755869466.8109446,0,-2,-74
1755869466.8499446,-2,5,-67
1755869466.8859446,0,0,-74
1755869466.9229443,-3,7,-73
1755869466.960945,-3,-1,-68
1755869466.9999447,-2,2,-83
1755869467.0359447,-2,2,-79
1755869467.0739446,-1,7,-77
1755869467.1129446,-4,-1,-73
1755869467.1499443,-8,-6,-81
1755869467.1889446,-9,-5,-83
1755869467.2249446,-10,-5,-80
1755869467.2629447,-8,0,-86
1755869467.3009446,-5,0,-82
1755869467.3399446,7,-1,-76
1755869467.3759446,5,0,-77
1755869467.4129446,-3,-8,-69
1755869467.4519446,0,-6,-63
1755869467.4899447,5,-4,-79
1755869467.5259447,-2,-1,-85
1755869467.5639446,-1,-5,-76
1755869467.6019447,4,-5,-68
1755869467.6409447,3,3,-78
1755869467.6789446,2,0,-75
1755869467.7149446,-3,2,-71
1755869467.7519443,-3,-4,-70
1755869467.7909446,1,-1,-64
1755869467.8289447,0,0,-74
1755869467.8649447,-4,4,-72
1755869467.9039447,0,2,-75
1755869467.940945,0,-3,-76
1755869467.9799447,13,-4,-81
1755869468.0159447,3,0,-78
1755869468.0539446,7,0,-75
1755869468.0909443,4,0,-73
1755869468.1289446,-2,6,-81
1755869468.1649446,3,0,-79
1755869468.2019446,-6,0,-84
1755869468.2409446,0,-2,-76
1755869468.2789447,8,-5,-80
1755869468.3149445,0,-5,-81
1755869468.3529446,-2,2,-74
1755869468.3909447,-5,0,-83
1755869468.4299445,-7,-2,-68
1755869468.4659443,-9,0,-69
1755869468.5039446,-5,-2,-67
1755869468.542945,1,2,-80
1755869468.5809443,5,6,-65
1755869468.6169446,0,5,-60
1755869468.654945,2,0,-69
1755869468.6929443,6,-3,-77
1755869468.7309446,0,3,-95
1755869468.7679446,13,3,-86
1755869468.8049445,3,0,-77
1755869468.8429446,2,2,-88
1755869468.8809447,-1,0,-76
1755869468.9169445,6,-2,-67
1755869468.9539447,0,-8,-73
1755869468.9919446,-1,0,-73
1755869469.0309446,-2,0,-71
1755869469.0679443,-6,-2,-80
1755869469.1049447,-11,4,-70
1755869469.1429446,-4,4,-83
1755869469.1819446,-6,1,-78
1755869469.2199447,-6,-2,-71
1755869469.2559447,-15,-2,-71
1755869469.2939446,-5,-3,-66
1755869469.3319447,-2,6,-80
1755869469.3709445,1,-2,-70
1755869469.4069445,0,-2,-66
1755869469.4439447,0,5,-57
1755869469.4819446,1,-2,-58
1755869469.519945,2,-4,-79
1755869469.5559447,1,-1,-75
1755869469.5929446,3,0,-82
1755869469.6379447,1,0,-76
1755869469.6749446,6,1,-74
1755869469.7119446,-2,-2,-77
1755869469.7509446,-7,-7,-80
1755869469.7869446,-3,-6,-79
1755869469.8249447,-7,-5,-88
1755869469.8629446,-7,-5,-76
1755869469.9019446,6,2,-57
1755869469.9399445,2,8,-64
1755869469.9759445,4,5,-74
1755869470.0139446,-1,1,-72
1755869470.0519447,-4,2,-72
1755869470.0909443,4,2,-83
1755869470.1269443,1,0,-82
1755869470.1649446,4,0,-75
1755869470.2029445,0,-3,-74
1755869470.2419446,0,-2,-77
1755869470.2779446,0,-9,-77
1755869470.3149445,1,-9,-66
1755869470.3529446,2,0,-72
1755869470.3909447,4,4,-79
1755869470.4269447,3,1,-77
1755869470.463945,4,-4,-84
1755869470.5019443,1,1,-71
1755869470.5379446,2,2,-74
1755869470.5749447,-5,-2,-83
1755869470.6139443,0,7,-83
1755869470.6519446,1,3,-69
1755869470.687945,-5,0,-76
1755869470.7269447,0,-6,-83
1755869470.7639446,-7,0,-78
1755869470.8019447,-3,-2,-73
1755869470.8409443,2,-5,-68
1755869470.8769443,-1,4,-72
1755869470.9139447,2,2,-70
1755869470.9519446,7,-1,-70
1755869470.9879446,0,0,-71
1755869471.0259447,3,-2,-67
1755869471.062945,3,-2,-72
1755869471.1019447,-1,-1,-77
1755869471.1379447,0,-7,-83
1755869471.1759446,3,-2,-87
1755869471.2129445,-3,-2,-78
1755869471.2519443,3,-4,-82
1755869471.2879446,0,-6,-73
1755869471.3249447,-4,-2,-70
1755869471.3629446,-5,-2,-70
1755869471.4019446,-7,0,-76
1755869471.437945,4,-1,-86
1755869471.4749446,1,0,-82
1755869471.5129447,-3,2,-73
1755869471.5519447,4,2,-83
1755869471.5879445,10,-2,-75
1755869471.6249447,1,-8,-85
1755869471.6629446,1,-4,-79
1755869471.7019446,0,5,-70
1755869471.7379446,3,0,-63
1755869471.7759447,-1,0,-76
1755869471.8149445,0,0,-71
1755869471.8529446,0,0,-67
1755869471.8909447,0,-9,-76
1755869471.9269447,3,-6,-74
1755869471.9649446,1,-4,-59
1755869472.0029447,-4,0,-75
1755869472.0419445,0,0,-76
1755869472.0779445,-2,-10,-73
1755869472.1159446,0,-1,-74
1755869472.1539447,5,8,-75
1755869472.1919446,0,0,-69
1755869472.2279446,0,-1,-74
1755869472.2649446,2,-4,-80
1755869472.302945,0,9,-75
1755869472.338945,-8,-3,-74
1755869472.3779447,1,2,-82
1755869472.4149446,-1,3,-80
1755869472.4529445,-2,1,-69
1755869472.4919446,0,2,-76
1755869472.5279446,1,2,-79
1755869472.5649445,-2,-3,-70
1755869472.6029446,-2,3,-66
1755869472.6419446,1,-4,-72
1755869472.677945,3,0,-69
1755869472.7149446,4,-2,-78
1755869472.7539446,0,6,-65
1755869472.7919445,0,0,-70
1755869472.8279445,-2,1,-69
1755869472.8659446,-3,3,-67
1755869472.9039447,4,5,-71
1755869472.9419446,3,-1,-69
1755869472.9779446,4,2,-81
1755869473.0149446,6,-2,-76
1755869473.0539446,1,-1,-71
1755869473.0919447,5,2,-76
1755869473.1279447,1,0,-77
1755869473.1649446,8,0,-66
1755869473.2029445,-1,5,-79
1755869473.2389443,0,1,-75
1755869473.2759447,-4,0,-81
1755869473.3139446,0,0,-80
1755869473.3519447,3,0,-78
1755869473.3879447,-1,-2,-82
1755869473.4269447,0,2,-68
1755869473.463945,6,1,-77
1755869473.5019443,0,6,-82
1755869473.5379446,-1,1,-83
1755869473.5769446,-6,-1,-84
1755869473.6139443,-1,0,-74
1755869473.6529446,-4,-2,-64
1755869473.6889446,-9,0,-66
1755869473.7259445,-1,-2,-70
1755869473.7639446,2,4,-62
1755869473.7999446,-5,1,-67
1755869473.8369446,2,-3,-69
1755869473.8749447,-4,2,-71
1755869473.9139447,-1,0,-83
1755869473.9499447,0,-8,-76
1755869473.986945,-3,-6,-81
1755869474.0249443,1,-1,-82
1755869474.0639446,2,0,-80
1755869474.0999446,3,0,-71
1755869474.1369443,-1,-3,-71
1755869474.1749446,3,0,-67
1755869474.2129445,0,0,-67
1755869474.2489443,7,8,-76
1755869474.2869446,0,0,-77
1755869474.3239446,2,-6,-65
1755869474.3629446,-3,-1,-68
1755869474.3989446,-7,-5,-69
1755869474.4369447,0,0,-80
1755869474.4749446,0,1,-77
1755869474.5129447,0,0,-76
1755869474.5489447,-2,5,-75
1755869474.5869446,1,2,-74
1755869474.6249447,0,0,-79
1755869474.6629446,-1,2,-76
1755869474.6989446,2,3,-82
1755869474.7359445,3,5,-79
1755869474.7749443,3,1,-68
1755869474.812945,1,0,-69
1755869474.848945,-2,7,-61
1755869474.8869443,-1,2,-71
1755869474.9249446,2,5,-70
1755869474.9629445,2,1,-69
1755869474.9989443,0,4,-74
1755869475.0369446,-4,-5,-76
1755869475.0749447,-2,-6,-74
1755869475.1129446,0,-3,-77
1755869475.1489446,-9,1,-76
1755869475.1869447,-3,-7,-78
1755869475.2249446,-2,0,-81
1755869475.2629447,-3,0,-86
1755869475.2989447,-4,0,-62
1755869475.3369446,8,1,-73
1755869475.3749447,1,0,-83
1755869475.4129446,1,2,-76
1755869475.4489446,4,-2,-73
1755869475.4859445,0,2,-74
1755869475.5249443,-2,0,-76
1755869475.5609446,-2,0,-74
1755869475.5979445,3,1,-80
1755869475.634945,1,-5,-78
1755869475.6739447,9,0,-83
1755869475.7099447,2,-1,-76
1755869475.7479446,0,3,-76
1755869475.7859447,0,1,-81
1755869475.8239446,0,3,-75
1755869475.8599446,-6,-2,-67
1755869475.8979447,-1,-3,-63
1755869475.9359446,-4,1,-69
1755869475.9749446,-3,8,-72
1755869476.0109446,2,4,-70
1755869476.0479443,-3,-3,-70
1755869476.085945,-4,0,-73
1755869476.1249447,1,0,-72
1755869476.1609447,-3,5,-74
1755869476.1999447,0,0,-77
1755869476.2379446,-1,0,-81
1755869476.2759447,-4,-1,-87
1755869476.3139446,-3,-2,-83
1755869476.3499446,-4,5,-73
1755869476.3879447,-10,-8,-78
1755869476.4259446,-4,-3,-70
1755869476.463945,-3,-4,-73
1755869476.4999447,0,-7,-84
1755869476.5379446,-3,-2,-81
1755869476.575945,-8,-1,-79
1755869476.6139443,-7,-3,-75
1755869476.6499443,-4,-4,-94
1755869476.687945,0,-6,-87
1755869476.7259445,0,1,-73
1755869476.7639446,-7,1,-72
1755869476.7999446,-7,3,-75
1755869476.8369446,-3,8,-78
1755869476.8759446,-1,-7,-67
1755869476.9139447,-1,0,-68
1755869476.9499447,0,4,-79
1755869476.986945,2,1,-72
1755869477.0259447,-4,0,-70
1755869477.0639446,-4,-3,-81
1755869477.0999446,1,-4,-72
1755869477.1379447,3,-9,-79
1755869477.1759446,4,-4,-72
1755869477.213945,3,4,-67
1755869477.2499447,4,1,-62
1755869477.2879446,-4,3,-77
1755869477.325945,0,-10,-74
1755869477.361945,2,-6,-72
1755869477.3989446,-4,0,-81
1755869477.437945,-9,0,-70
1755869477.4759445,3,6,-68
1755869477.5119443,2,-1,-74
1755869477.5489447,2,0,-65
1755869477.585945,-2,0,-72
1755869477.6249447,-1,2,-68
1755869477.6609447,1,0,-67
1755869477.6989446,3,-3,-68
1755869477.736945,-5,0,-83
1755869477.7759447,0,-2,-65
1755869477.8119447,4,1,-72
1755869477.848945,0,0,-75
1755869477.8869443,1,-2,-63
1755869477.9259446,2,-6,-67
1755869477.9619446,3,0,-76
1755869478.0009446,-2,-2,-72
1755869478.0379446,-3,2,-73
1755869478.0769446,-3,-2,-85
1755869478.1149447,-2,-4,-78
1755869478.1509447,4,-1,-68
1755869478.1889446,-7,2,-81
1755869478.2269447,0,-1,-69
1755869478.2659447,0,1,-75
1755869478.3019447,6,3,-78
1755869478.338945,2,4,-79
1755869478.3769443,-1,1,-80
1755869478.4149446,-1,-2,-71
1755869478.450945,0,-5,-69
1755869478.4879446,0,3,-86
1755869478.5259447,-2,2,-84
1755869478.5619447,3,2,-86
1755869478.5999446,1,0,-74
1755869478.6369443,-4,1,-79
1755869478.6759446,-1,-6,-60
1755869478.7129445,8,-3,-55
1755869478.7499447,5,-1,-70
1755869478.7879446,10,2,-81
1755869478.8269446,0,0,-82
1755869478.8649447,-1,-1,-84
1755869478.9009447,-1,-2,-80
1755869478.9389446,-6,4,-81
1755869478.9769447,-6,6,-71
1755869479.0159447,0,0,-62
1755869479.0519447,3,-3,-72
1755869479.088945,12,0,-66
1755869479.1269443,6,-1,-71
1755869479.1659446,1,-7,-69
1755869479.2019446,1,-5,-79
1755869479.2399447,-4,-1,-75
1755869479.2779446,-7,-1,-73
1755869479.3169446,-6,-2,-64
1755869479.3529446,0,1,-65
1755869479.3899446,0,-2,-72
1755869479.427945,1,0,-57
1755869479.4659443,1,-9,-68
1755869479.5019443,-2,-8,-71
1755869479.5399446,2,-5,-77
1755869479.5779445,2,-4,-87
1755869479.6169446,2,0,-70
1755869479.6619446,4,-5,-75
1755869479.6989446,4,0,-80
1755869479.736945,8,2,-76
1755869479.7759447,5,2,-79
1755869479.8119447,0,4,-87
1755869479.848945,-3,-2,-75
1755869479.8879447,3,-3,-62
1755869479.9259446,-1,4,-76
1755869479.9619446,-4,0,-78
1755869479.9989443,0,-2,-82
1755869480.0379446,0,-4,-73
1755869480.075945,0,-3,-82
1755869480.111945,-5,-4,-77
1755869480.1499443,-3,3,-81
1755869480.187945,0,5,-75
1755869480.2269447,0,-4,-75
1755869480.2629447,4,-5,-80
1755869480.3019447,-2,-3,-81
1755869480.338945,6,-3,-80
1755869480.3779447,-2,-8,-85
1755869480.4159446,2,-6,-69
1755869480.4519446,4,1,-72
1755869480.4889443,0,-4,-79
1755869480.5279446,-4,2,-77
1755869480.565945,0,-4,-82
1755869480.6019447,-5,-1,-78
1755869480.6399446,0,1,-73
1755869480.677945,1,0,-85
1755869480.7159443,7,0,-75
1755869480.7519443,9,-2,-71
1755869480.7899446,3,-3,-67
1755869480.8279445,5,-1,-71
1755869480.8659446,2,0,-69
1755869480.9019446,-1,-1,-77
1755869480.9399445,-2,-1,-71
1755869480.9779446,-2,-7,-73
1755869481.0169446,-1,-1,-70
1755869481.052945,7,-2,-75
1755869481.0899446,-7,-4,-81
1755869481.1279447,3,0,-75
1755869481.1639447,3,0,-75
1755869481.200945,2,0,-71
1755869481.2379446,0,-10,-88
1755869481.2769446,1,4,-68
1755869481.312945,-1,1,-74
1755869481.3509445,0,1,-66
1755869481.3879447,2,1,-67
1755869481.4239447,3,0,-71
1755869481.460945,3,-1,-67
1755869481.4989443,6,-6,-67
1755869481.5379446,-3,0,-72
1755869481.5739446,3,0,-69
1755869481.6109445,-10,2,-77
1755869481.6489446,-3,-1,-77
1755869481.687945,-2,0,-73
1755869481.723945,0,-2,-76
1755869481.7609446,-8,0,-76
1755869481.7989447,-9,8,-66
1755869481.8379445,1,0,-70
1755869481.8739443,3,0,-71
1755869481.9109447,-6,-1,-84
1755869481.9489446,-2,-3,-80
1755869481.9879446,7,-2,-74
1755869482.0239446,1,-4,-69
1755869482.0609446,2,0,-60
1755869482.098945,-1,0,-70
1755869482.1369443,-6,-9,-68
1755869482.1739447,-1,0,-79
1755869482.210945,5,-2,-78
1755869482.2489443,1,4,-75
1755869482.2879446,3,0,-86
1755869482.3239446,3,5,-74
1755869482.3609445,4,-2,-80
1755869482.3999443,0,-3,-88
1755869482.437945,5,2,-83
1755869482.473945,-2,-7,-85
1755869482.5119443,-1,0,-80
1755869482.5499446,-5,0,-74
1755869482.588945,-6,2,-71
1755869482.6269443,-6,2,-80
1755869482.6629446,-2,2,-86
1755869482.6999447,7,-6,-86
1755869482.7389443,4,-4,-82
1755869482.7749443,0,-2,-89
1755869482.8119447,6,4,-70
1755869482.8499446,3,4,-74
1755869482.8889446,-2,0,-61
1755869482.9249446,0,-3,-62
1755869482.9619446,-1,1,-79
1755869482.9999447,3,0,-80
1755869483.0379446,-2,0,-68
1755869483.0739446,-4,0,-80
1755869483.1109445,1,0,-78
1755869483.1489446,1,1,-71
1755869483.1849446,5,0,-72
1755869483.2219446,1,-2,-80
1755869483.259945,-3,3,-72
1755869483.2989447,-1,3,-75
1755869483.3349447,-7,1,-69
1755869483.3729446,0,2,-72
1755869483.4109447,0,1,-73
1755869483.4489446,-1,0,-76
1755869483.4849446,5,2,-76
1755869483.5229447,-1,4,-68
1755869483.5619447,6,-5,-75
1755869483.5999446,8,0,-87
1755869483.6379447,5,-1,-75
1755869483.6749446,2,1,-78
1755869483.7119446,2,0,-80
1755869483.7499447,1,-4,-62
1755869483.7879446,0,-2,-63
1755869483.8239446,-2,3,-70
1755869483.861945,0,-4,-62
1755869483.8999443,2,-4,-63
1755869483.9389446,7,-3,-66
1755869483.9749446,3,-2,-67
1755869484.0129447,1,5,-69
1755869484.0499446,-1,4,-67
1755869484.088945,3,3,-79
1755869484.1249447,-4,6,-69
1755869484.1619446,8,3,-72
1755869484.1999447,3,9,-66
1755869484.2379446,0,-1,-78
1755869484.2739446,3,3,-68
1755869484.3119447,-2,3,-69
1755869484.3499446,12,-1,-76
1755869484.3879447,12,-1,-72
1755869484.4239447,9,-2,-71
1755869484.4619446,4,-2,-76
1755869484.4999447,5,-5,-73
1755869484.5389447,3,0,-72
1755869484.5749447,1,3,-72
1755869484.611945,0,2,-84
1755869484.6499443,-5,0,-79
1755869484.6859446,-6,2,-75
1755869484.723945,3,-2,-82
1755869484.7619443,6,-2,-73
1755869484.8009446,1,-5,-74
1755869484.838945,-5,-2,-78
1755869484.8749447,-10,-5,-67
1755869484.9129446,1,4,-68
1755869484.950945,4,0,-82
1755869484.9889443,-3,0,-80
1755869485.0249443,7,-5,-71
1755869485.0619447,11,-2,-69
1755869485.0999446,4,-2,-73
1755869485.1389446,3,-2,-84
1755869485.1749446,1,-5,-74
1755869485.2119446,6,1,-78
1755869485.2509446,8,8,-75
1755869485.2889447,3,11,-78
1755869485.3249447,0,-1,-78
1755869485.3629446,0,2,-75
1755869485.4009447,3,3,-68
1755869485.4389446,0,5,-69
1755869485.4759445,3,2,-67
1755869485.5129447,-3,8,-73
1755869485.5509446,-2,0,-79
1755869485.5899446,-1,6,-82
1755869485.6259446,0,5,-78
1755869485.6629446,2,7,-74
1755869485.700945,-1,4,-74
1755869485.7389443,0,-1,-83
1755869485.7749443,-7,0,-91
1755869485.812945,2,2,-82
1755869485.8509445,3,0,-71
1755869485.8889446,0,-3,-75
1755869485.9249446,-4,-6,-72
1755869485.9629445,1,-5,-77
1755869486.0009446,3,-5,-78
1755869486.0399446,3,-3,-71
1755869486.075945,0,-1,-74
1755869486.1129446,4,-8,-72
1755869486.1509447,0,-3,-83
1755869486.1899445,-4,0,-80
1755869486.2259445,0,-7,-74
1755869486.2629447,-3,0,-72
1755869486.3019447,2,2,-86
1755869486.3399446,-8,6,-80
1755869486.3759446,-2,-3,-71
1755869486.4139447,-2,1,-64
1755869486.4519446,0,6,-74
1755869486.4899447,5,4,-65
1755869486.5259447,3,0,-65
1755869486.562945,7,4,-72
1755869486.6009445,0,7,-72
1755869486.6399446,0,4,-74
1755869486.6759446,-1,5,-76
1755869486.7129445,-1,0,-80
1755869486.7519443,0,-7,-77
1755869486.7899446,-3,-6,-72
1755869486.825945,-1,-4,-73
1755869486.8639443,0,-8,-89
1755869486.9019446,-9,-7,-69
1755869486.940945,0,-1,-76
1755869486.9769447,4,0,-80
1755869487.0139446,8,-2,-73
1755869487.0519447,0,-6,-74
1755869487.0909443,6,0,-78
1755869487.1269443,0,-1,-90
1755869487.1639447,1,-6,-74
1755869487.2019446,1,-7,-65
1755869487.2409446,0,2,-74
1755869487.2769446,0,0,-69
1755869487.3139446,-3,-5,-74
1755869487.3519447,2,-2,-79
1755869487.3909447,4,-4,-70
1755869487.4269447,-9,-5,-79
1755869487.4649446,-4,1,-66
1755869487.5029447,-5,1,-79
1755869487.5419445,3,-5,-66
1755869487.5799446,1,-7,-72
1755869487.6159446,-5,-6,-77
1755869487.6539447,-1,0,-73
1755869487.6919446,-4,-3,-72
1755869487.7309446,4,0,-72
1755869487.7669446,6,-3,-72
1755869487.8039446,-2,-2,-82
1755869487.8429446,3,-2,-71
1755869487.8809447,3,1,-70
1755869487.9169445,0,-1,-77
1755869487.9549446,0,3,-79
1755869487.9939446,-1,10,-75
1755869488.0319445,0,0,-70
1755869488.0689447,1,-4,-69
1755869488.1059446,-3,-5,-69
1755869488.1439445,0,1,-77
1755869488.1819446,2,-3,-84
1755869488.2209446,5,3,-75
1755869488.256945,8,2,-72
1755869488.2939446,0,5,-78
1755869488.3319447,-2,2,-68
1755869488.3679447,-4,1,-63
1755869488.404945,-3,-1,-64
1755869488.4429443,-3,1,-62
1755869488.4819446,-2,-4,-71
1755869488.5179446,0,-6,-76
1755869488.5549445,-5,-4,-74
1755869488.5929446,-13,-5,-75
1755869488.631945,-2,-3,-79
1755869488.667945,3,0,-73
1755869488.7049446,5,-5,-73
1755869488.7429447,9,-5,-90
1755869488.7819445,6,-3,-76
1755869488.8179443,5,0,-75
1755869488.8549447,3,-2,-67
1755869488.8939445,1,-6,-66
1755869488.9319446,3,3,-66
1755869488.9679446,0,-3,-71
1755869489.0049446,0,0,-70
1755869489.042945,5,-2,-63
1755869489.0809443,2,-4,-71
1755869489.1169446,4,-5,-67
1755869489.154945,0,-5,-59
1755869489.1929443,2,-5,-72
1755869489.2309446,-3,-17,-65
1755869489.2669446,-4,-9,-65
1755869489.3049445,0,1,-81
1755869489.3429446,0,4,-79
1755869489.3809447,-4,0,-72
1755869489.4169445,0,0,-76
1755869489.4549446,-1,-5,-89
1755869489.4929447,0,-2,-82
1755869489.5319445,3,0,-84
1755869489.5679443,0,4,-82
1755869489.6049447,-1,1,-78
1755869489.6429446,4,0,-76
1755869489.6869447,5,4,-72
1755869489.7249446,5,3,-81
1755869489.7629447,7,8,-84
1755869489.8019447,11,4,-70
1755869489.8379445,4,2,-69
1755869489.8749447,4,-2,-84
1755869489.9129446,0,-8,-73
1755869489.9519446,-1,-7,-89
1755869489.9879446,5,-8,-84
1755869490.0249443,2,-5,-80
1755869490.062945,-2,-2,-69
1755869490.1019447,-5,-1,-82
1755869490.1379447,7,6,-83
1755869490.1749446,-5,1,-81
1755869490.2129445,-2,0,-83
1755869490.2519443,0,0,-80
1755869490.2879446,1,5,-71
1755869490.3249447,1,-1,-83
1755869490.3629446,0,-1,-82
1755869490.4019446,-5,0,-81
1755869490.437945,-3,-6,-75
1755869490.4759445,-7,-1,-77
1755869490.5149446,0,4,-60
1755869490.552945,2,3,-66
1755869490.588945,0,1,-68
1755869490.6279447,5,-3,-71
1755869490.6649446,2,-2,-87
1755869490.7039447,2,-1,-76
1755869490.7419446,-1,0,-67
1755869490.7779446,-4,1,-72
1755869490.8149445,-2,0,-79
1755869490.8539443,-1,0,-80
1755869490.8919446,-1,0,-67
1755869490.927945,-2,0,-79
1755869490.9649446,-4,0,-79
1755869491.0039446,-1,-7,-85
1755869491.0419445,-6,-6,-77
1755869491.0779445,0,0,-56
1755869491.1149447,-5,3,-66
1755869491.1539447,0,-1,-66
1755869491.1919446,1,-6,-74
1755869491.2279446,6,-5,-72
1755869491.2649446,6,1,-72
1755869491.3039446,6,4,-68
1755869491.3419447,3,2,-70
1755869491.3779447,1,-1,-76
1755869491.4159446,7,-4,-74
1755869491.4539447,6,0,-74
1755869491.4919446,1,-1,-75
1755869491.5279446,-1,-1,-83
1755869491.565945,-2,-5,-78
1755869491.6039443,0,-6,-68
1755869491.6429446,0,-7,-67
1755869491.6789446,-1,-7,-74
1755869491.7169447,0,-6,-76
1755869491.7549446,-1,-6,-72
1755869491.7939446,-2,-9,-67
1755869491.8299446,-5,-6,-56
1755869491.8679447,1,-7,-62
1755869491.9059446,3,-8,-75
1755869491.9439447,0,-4,-76
1755869491.9829447,-1,-5,-78
1755869492.0189445,1,-3,-77
1755869492.0559447,0,-5,-82
1755869492.0949447,-8,0,-84
1755869492.1329446,5,-3,-77
1755869492.1689446,0,-6,-79
1755869492.2059443,-3,1,-76
1755869492.2439446,1,3,-63
1755869492.279945,1,3,-67
1755869492.3169446,2,3,-60
1755869492.3549447,5,5,-76
1755869492.3929446,4,0,-64
1755869492.4289446,-8,-4,-71
1755869492.4669447,-3,-5,-71
1755869492.5049446,0,-5,-81
1755869492.5439446,-3,0,-76
1755869492.5799446,-2,2,-81
1755869492.6169446,-3,3,-76
1755869492.654945,0,0,-70
1755869492.6939447,0,-1,-70
1755869492.7299447,6,0,-75
1755869492.7669446,0,-8,-70
1755869492.8049445,1,1,-76
1755869492.8429446,-2,-1,-81
1755869492.8789446,-1,2,-83
1755869492.9169445,5,-3,-74
1755869492.9549446,5,-6,-74
1755869492.9939446,2,0,-81
1755869493.029945,7,-3,-64
1755869493.0669446,1,0,-59
1755869493.1049447,-5,-1,-66
1755869493.1429446,4,-2,-63
1755869493.1789446,0,-6,-54
1755869493.2159443,7,-6,-72
1755869493.2549446,-4,-6,-62
1755869493.292945,3,-11,-64
1755869493.3289447,-7,-7,-69
1755869493.3669446,-3,-3,-68
1755869493.404945,2,-1,-67
1755869493.4439447,5,0,-71
1755869493.4799447,6,-4,-76
1755869493.5169446,-7,-2,-73
1755869493.5549445,-12,0,-76
1755869493.5939443,-6,1,-68
1755869493.6299446,-14,-3,-73
1755869493.667945,-1,3,-66
1755869493.7059443,5,0,-69
1755869493.7449446,5,1,-63
1755869493.7819445,2,-3,-70
1755869493.8189447,1,-5,-74
1755869493.8569446,9,0,-70
1755869493.894945,-2,-2,-66
1755869493.9309447,5,0,-77
1755869493.9679446,4,1,-65
1755869494.0049446,1,2,-62
1755869494.0409446,1,2,-77
1755869494.0779445,0,0,-74
1755869494.1149447,-7,-5,-81
1755869494.1539447,-3,0,-85
1755869494.1899445,-5,0,-77
1755869494.2279446,5,0,-74
1755869494.2659447,3,5,-86
1755869494.3039446,2,0,-84
1755869494.3399446,1,-2,-73
1755869494.3779447,2,-2,-74
1755869494.4159446,2,-1,-77
1755869494.4549446,-4,-2,-74
1755869494.4909446,-2,0,-78
1755869494.5289447,-2,4,-72
1755869494.5669446,-5,0,-67
1755869494.6059446,-2,5,-72
1755869494.6439445,-5,2,-84
1755869494.6799445,-7,3,-74
1755869494.7169447,-4,1,-73
1755869494.7559447,-3,2,-84
1755869494.7939446,5,-6,-78
1755869494.8299446,5,-5,-72
1755869494.8669446,4,-7,-75
1755869494.9059446,3,3,-72
1755869494.9439447,0,4,-74
1755869494.9799447,-2,3,-70
1755869495.0169446,-7,2,-73
1755869495.0559447,-4,6,-70
1755869495.0939443,1,-1,-70
1755869495.1299446,0,1,-76
1755869495.1669445,0,-5,-77
1755869495.2059443,0,-4,-80
1755869495.2419446,3,-5,-85
1755869495.279945,0,-3,-70
1755869495.3169446,-2,-2,-70
1755869495.3559446,0,-4,-73
1755869495.3919446,1,0,-77
1755869495.4289446,-3,-7,-74
1755869495.4669447,0,4,-74
1755869495.5049446,0,1,-74
1755869495.5409446,4,-1,-76
1755869495.5789447,-2,3,-78
1755869495.6169446,4,5,-72
1755869495.654945,8,2,-86
1755869495.690945,-2,2,-78
1755869495.7289443,0,-1,-78
1755869495.7669446,0,-3,-73
1755869495.8059447,-2,-4,-76
1755869495.8419447,6,-4,-70
1755869495.8789446,-6,-5,-62
1755869495.9169445,1,0,-65
1755869495.9549446,-1,3,-71
1755869495.9909446,2,-3,-70
1755869496.0289447,4,-5,-65
1755869496.0669446,-6,-7,-67
1755869496.1059446,-2,-2,-79
1755869496.1419446,-4,-1,-79
1755869496.1799445,-6,-1,-68
1755869496.2179446,-7,-6,-68
1755869496.256945,-1,5,-67
1755869496.2949443,-1,11,-66
1755869496.3309443,0,8,-67
1755869496.3679447,3,5,-79
1755869496.4059446,0,0,-82
1755869496.4419446,1,-4,-79
1755869496.4789443,7,-1,-83
1755869496.5169446,-3,0,-76
1755869496.5559447,4,3,-70
1755869496.5919447,4,-4,-61
1755869496.6309447,-3,-3,-64
1755869496.667945,1,-7,-74
1755869496.7069447,-2,3,-69
1755869496.7449446,0,-1,-76
1755869496.7809446,1,-6,-75
1755869496.8179443,6,6,-72
1755869496.8559446,3,-2,-78
1755869496.8919446,4,5,-72
1755869496.9289446,-3,-1,-72
1755869496.9669447,-5,-2,-67
1755869497.0059447,-2,-1,-64
1755869497.0419445,-1,1,-79
1755869497.0809443,0,0,-75
1755869497.1179447,3,0,-85
1755869497.1569445,7,0,-87
1755869497.1929443,1,4,-85
1755869497.2299447,5,-4,-75
1755869497.2679446,0,5,-74
1755869497.3059447,-1,3,-77
1755869497.3419447,4,3,-71
1755869497.3789446,4,-3,-83
1755869497.417945,0,0,-70
1755869497.4559443,-2,-6,-76
1755869497.4919446,4,-2,-70
1755869497.5289447,-2,-1,-73
1755869497.5679443,2,-1,-77
1755869497.6059446,3,3,-75
1755869497.6419446,-1,-1,-75
1755869497.6809447,6,-1,-74
1755869497.7179446,0,-1,-72
1755869497.756945,0,3,-72
1755869497.792945,3,-3,-69
1755869497.8309443,1,-1,-71
1755869497.8679447,2,2,-77
1755869497.9059446,-1,5,-84
1755869497.9419446,0,0,-87
1755869497.9799447,4,0,-73
1755869498.0179446,3,-3,-72
1755869498.0559447,-2,-2,-79
1755869498.0919447,0,-3,-73
1755869498.1299446,3,-6,-63
1755869498.167945,1,-8,-73
1755869498.2069447,4,-4,-71
1755869498.2429447,0,-8,-73
1755869498.279945,2,0,-80
1755869498.3179443,1,0,-77
1755869498.3559446,1,5,-68
1755869498.3919446,0,3,-71
1755869498.4289446,1,7,-70
1755869498.4679446,-2,-2,-67
1755869498.5059447,-4,-6,-70
1755869498.5419445,0,0,-60
1755869498.5799446,0,2,-58
1755869498.6179447,-3,2,-63
1755869498.6559446,5,0,-76
1755869498.6929443,-6,-1,-69
1755869498.7309446,-5,1,-73
1755869498.7679446,1,2,-68
1755869498.8069446,0,1,-60
1755869498.8429446,-2,7,-75
1755869498.8799446,3,5,-64
1755869498.917945,0,1,-75
1755869498.9539447,8,5,-81
1755869498.9909446,1,3,-70
1755869499.0289447,-2,0,-77
1755869499.0679443,5,-1,-75
1755869499.1039443,0,-3,-81
1755869499.1409447,-6,3,-79
1755869499.1789446,-5,-3,-74
1755869499.2179446,-1,0,-72
1755869499.2539446,2,1,-64
1755869499.2909446,8,8,-70
1755869499.3279445,7,0,-80
1755869499.3649447,0,0,-77
1755869499.4019446,0,1,-65
1755869499.4399445,0,1,-73
1755869499.4779446,-10,5,-72
1755869499.5169446,-5,0,-85
1755869499.552945,-1,0,-75
1755869499.5909443,-6,1,-72
1755869499.6289446,-2,0,-74
1755869499.6669445,-3,-6,-58
1755869499.710945,-1,-7,-71
1755869499.7489443,1,1,-72
1755869499.7879446,3,4,-81
1755869499.8239446,9,8,-73
1755869499.8609445,7,0,-73
1755869499.8989446,1,-2,-82
1755869499.937945,1,1,-77
1755869499.973945,4,2,-75
1755869500.0109446,5,7,-71
1755869500.0489447,8,5,-73
1755869500.0869446,-2,-2,-77
1755869500.1229446,4,2,-65
1755869500.1609447,4,4,-67
1755869500.1989446,-2,-1,-71
1755869500.236945,0,0,-71
1755869500.2729447,1,-5,-85
1755869500.3099446,4,0,-78
1755869500.3479445,5,1,-70
1755869500.384945,0,0,-70
1755869500.4219446,0,-1,-73
1755869500.4599447,0,-3,-73
1755869500.4989443,-4,-2,-71
1755869500.5369446,0,-2,-67
1755869500.5729446,-6,10,-77
1755869500.6099446,0,2,-69
1755869500.6479447,2,-2,-60
1755869500.6839447,5,0,-62
1755869500.7209446,8,1,-64
1755869500.7589445,0,4,-73
1755869500.7949443,0,-5,-73
1755869500.8319447,1,-4,-69
1755869500.8699446,3,-2,-67
1755869500.9089446,4,-2,-72
1755869500.9449446,1,4,-77
1755869500.9819446,-1,5,-77
1755869501.019945,1,-1,-67
1755869501.0589447,-4,0,-68
1755869501.0949447,-2,-1,-72
1755869501.1329446,-5,-5,-76
1755869501.1709447,-6,0,-77
1755869501.2089446,-11,3,-82
1755869501.2479446,-7,8,-70
1755869501.2839446,-3,4,-64
1755869501.3219447,-6,4,-77
1755869501.3599446,0,-4,-77
1755869501.3989446,2,-1,-69
1755869501.4349446,-9,-5,-77
1755869501.4729445,-5,-4,-75
1755869501.5119443,-4,-5,-79
1755869501.5499446,-3,2,-81
1755869501.5879445,-14,7,-67
1755869501.6239443,-3,5,-65
1755869501.6619446,7,5,-66
1755869501.6999447,13,0,-71
1755869501.7379446,10,-1,-70
1755869501.7739446,7,5,-72
1755869501.8109446,7,5,-81
1755869501.8499446,2,4,-80
1755869501.8879447,2,-4,-76
1755869501.9239447,3,-2,-71
1755869501.9619446,4,-4,-75
1755869501.9999447,8,-2,-77
1755869502.0389447,13,0,-66
1755869502.0749447,8,5,-77
1755869502.111945,-1,-3,-77
1755869502.1499443,5,-6,-72
1755869502.1889446,-4,0,-78
1755869502.2249446,-2,1,-82
1755869502.2619443,-1,-5,-77
1755869502.2999446,-1,-3,-67
1755869502.338945,3,0,-67
1755869502.3749447,5,2,-64
1755869502.4119446,5,10,-69
1755869502.4499447,0,4,-85
1755869502.4859445,2,5,-87
1755869502.5239446,3,8,-84
1755869502.5609446,4,2,-70
1755869502.598945,1,-2,-73
1755869502.634945,-4,-1,-80
1755869502.6739447,-2,-4,-81
1755869502.710945,-2,-1,-76
1755869502.7499447,0,-4,-76
1755869502.7859447,0,-1,-73
1755869502.8239446,2,0,-91
1755869502.8609445,2,1,-80
1755869502.8989446,0,4,-76
1755869502.9349446,-5,3,-64
1755869502.9729445,-2,2,-82
1755869503.0109446,4,1,-76
1755869503.0489447,-1,-3,-71
1755869503.0849447,6,-4,-79
1755869503.1229446,0,-2,-83
1755869503.1609447,-7,5,-67
1755869503.1999447,-4,2,-73
1755869503.2359445,2,4,-63
1755869503.2729447,2,-4,-62
1755869503.3109446,0,-2,-71
1755869503.3499446,5,1,-72
1755869503.3859446,9,3,-74
1755869503.4229443,7,-3,-64
1755869503.460945,11,0,-66
1755869503.4999447,6,0,-74
1755869503.5359447,2,0,-70
1755869503.5729446,2,-2,-71
1755869503.6109445,-3,-2,-58
1755869503.6499443,-3,-4,-66
1755869503.6859446,2,-3,-66
1755869503.7229445,2,-4,-58
1755869503.7609446,0,-1,-71
1755869503.7999446,-4,2,-76
1755869503.835945,-2,2,-73
1755869503.8729446,3,0,-75
1755869503.9109447,0,2,-72
1755869503.9489446,-3,1,-73
1755869503.9859445,-3,0,-74
1755869504.0229447,-2,-2,-71
1755869504.0609446,-3,0,-77
1755869504.0999446,-2,-1,-79
1755869504.1359446,-5,1,-90
1755869504.1729443,0,-1,-81
1755869504.210945,0,0,-71
1755869504.246945,1,4,-69
1755869504.2839446,-6,1,-68
1755869504.3219447,-1,-4,-77
1755869504.3609445,2,0,-76
1755869504.3969443,0,0,-86
1755869504.4339447,1,4,-81
1755869504.4709446,0,-1,-78
1755869504.509945,4,3,-73
1755869504.5459447,-1,6,-73
1755869504.5829446,-3,-1,-67
1755869504.6209445,0,4,-73
1755869504.6599443,0,0,-84
1755869504.6959443,-3,-8,-83
1755869504.733945,0,-5,-78
1755869504.7719443,2,-2,-84
1755869504.8109446,3,-5,-77
1755869504.8469446,6,-6,-76
1755869504.8839445,6,-5,-69
1755869504.9219446,1,-3,-73
1755869504.960945,0,-2,-73
1755869504.996945,-1,0,-75
1755869505.0339446,-3,-7,-78
1755869505.0719447,5,-5,-77
1755869505.1109445,2,0,-66
1755869505.1469443,0,0,-78
1755869505.1839447,-5,0,-67
1755869505.2219446,2,-8,-62
1755869505.2609446,1,-9,-56
1755869505.2969446,2,-3,-57
1755869505.3349447,1,0,-68
1755869505.371945,-8,2,-73
1755869505.4109447,0,2,-62
1755869505.4469447,-7,-4,-73
1755869505.4849446,5,-4,-70
1755869505.5229447,7,2,-74
1755869505.5609446,7,0,-79
1755869505.5969446,0,3,-68
1755869505.634945,-5,-6,-71
1755869505.6719446,-1,0,-70
1755869505.710945,6,-1,-73
1755869505.746945,7,-8,-75
1755869505.7839446,-5,-4,-77
1755869505.8219447,4,-4,-78
1755869505.8609445,1,-4,-81
1755869505.8969443,-7,-4,-78
1755869505.9349446,-1,-4,-59
1755869505.9729445,-4,-6,-71
1755869506.0119443,-1,2,-68
1755869506.0479443,0,1,-66
1755869506.0849447,-2,-9,-79
1755869506.1229446,0,0,-75
1755869506.1619446,0,0,-79
1755869506.1979446,-1,-4,-88
1755869506.2359445,0,0,-83
1755869506.2729447,5,-5,-76
1755869506.3119447,2,-1,-73
1755869506.3479445,3,7,-69
1755869506.384945,-4,3,-75
1755869506.4229443,-8,-8,-78
1755869506.4619446,-9,-3,-71
1755869506.4979446,-5,-5,-66
1755869506.5359447,1,-4,-74
1755869506.5739446,-2,0,-77
1755869506.611945,-4,2,-76
1755869506.6509447,-3,-2,-67
1755869506.6869447,-8,-6,-66
1755869506.7249446,-5,-4,-64
1755869506.7629447,-5,2,-66
1755869506.8019447,1,1,-78
1755869506.8379445,2,2,-80
1755869506.8749447,2,7,-76
1755869506.9129446,2,-7,-73
1755869506.9519446,0,-7,-71
1755869506.9879446,-2,-3,-58
1755869507.0259447,-1,3,-68
1755869507.0649445,0,0,-79
1755869507.1029446,3,-7,-72
1755869507.1409447,4,0,-79
1755869507.1769447,2,-5,-68
1755869507.2149446,-3,1,-67
1755869507.2529447,0,-3,-74
1755869507.2919445,0,2,-60
1755869507.3279445,0,-3,-67
1755869507.3649447,-2,-6,-77
1755869507.4029446,0,-9,-68
1755869507.4419446,-2,0,-72
1755869507.4779446,1,3,-74
1755869507.5149446,2,5,-77
1755869507.552945,0,10,-81
1755869507.5909443,4,4,-88
1755869507.6269443,5,3,-81
1755869507.6649446,0,0,-77
1755869507.7029445,-8,6,-83
1755869507.7409446,1,3,-72
1755869507.7769446,0,0,-72
1755869507.8139446,4,-1,-70
1755869507.8529446,5,-8,-64
1755869507.8889446,-1,2,-64
1755869507.9259446,0,5,-75
1755869507.9629445,3,-1,-77
1755869508.0019443,0,1,-66
1755869508.0379446,-1,-3,-71
1755869508.075945,0,3,-74
1755869508.1139443,1,1,-68
1755869508.1529446,1,3,-67
1755869508.1889446,0,-2,-71
1755869508.2259445,6,-7,-74
1755869508.2639446,1,1,-66
1755869508.302945,1,-4,-70
1755869508.338945,-4,-1,-61
1755869508.3769443,-11,1,-76
1755869508.4149446,0,-1,-79
1755869508.4529445,-3,0,-73
1755869508.4919446,1,0,-69
1755869508.5279446,2,1,-63
1755869508.5649445,0,2,-72
1755869508.6029446,-3,-4,-71
1755869508.6389446,2,-3,-76
1755869508.6759446,-5,-6,-77
1755869508.713945,0,-4,-67
1755869508.7529447,-6,2,-78
1755869508.7889447,0,-2,-76
1755869508.825945,-3,-5,-70
1755869508.8639443,-2,-5,-80
1755869508.9029446,-4,-2,-80
1755869508.9389446,1,-3,-81
1755869508.9759445,6,-2,-69
1755869509.0139446,-1,8,-81
1755869509.052945,-7,0,-67
1755869509.088945,0,-1,-64
1755869509.1259446,0,-1,-80
1755869509.1639447,-1,3,-65
1755869509.2029445,-1,7,-71
1755869509.2389443,-4,4,-74
1755869509.2759447,2,3,-79
1755869509.3139446,-3,2,-80
1755869509.3529446,-7,2,-77
1755869509.3889446,-3,0,-70
1755869509.4259446,-1,0,-71
1755869509.463945,-4,2,-76
1755869509.5029447,-1,5,-78
1755869509.5389447,-4,-2,-79
1755869509.5769446,1,-1,-67
1755869509.6149447,4,-1,-67
1755869509.6539447,1,1,-61
1755869509.6899445,3,2,-65
1755869509.7409446,0,-5,-59
1755869509.7769446,-1,-3,-65
1755869509.815945,10,-1,-68
1755869509.8539443,3,0,-69
1755869509.8899446,3,-7,-62
1755869509.9269447,0,-3,-71
1755869509.9659443,1,1,-75
1755869510.0039446,0,-7,-84
1755869510.0399446,-1,-4,-70
1755869510.0779445,-3,1,-70
1755869510.1159446,0,-2,-64
1755869510.1539447,-6,-2,-73
1755869510.1929443,-4,6,-64
1755869510.2289443,0,1,-67
1755869510.2659447,1,8,-77
1755869510.3039446,7,-6,-79
1755869510.3429446,6,-2,-71
1755869510.3789446,1,2,-74
1755869510.4159446,-3,1,-67
1755869510.4549446,-1,0,-67
1755869510.4929447,-2,-8,-77
1755869510.5289447,-8,-3,-77
1755869510.5669446,-1,-7,-72
1755869510.6049447,2,-6,-72
1755869510.6439445,1,1,-74
1755869510.6799445,2,2,-69
1755869510.7169447,4,4,-74
1755869510.7549446,2,-5,-78
1755869510.792945,3,-5,-91
1755869510.8289447,9,0,-79
1755869510.8669446,-1,-3,-75
1755869510.904945,2,-1,-78
1755869510.9439447,-4,1,-81
1755869510.9799447,-8,4,-67
1755869511.0169446,2,3,-81
1755869511.0549445,5,-1,-71
1755869511.0929446,2,-1,-83
1755869511.1299446,4,-1,-72
1755869511.1669445,7,-7,-74
1755869511.2049446,10,5,-82
1755869511.2429447,5,-1,-74
1755869511.279945,-1,-2,-71
1755869511.3169446,-1,4,-74
1755869511.3549447,-5,4,-72
1755869511.3939445,0,2,-72
1755869511.4299445,-1,-3,-68
1755869511.4679446,4,4,-80
1755869511.5049446,3,0,-71
1755869511.5409446,0,0,-61
1755869511.5779445,0,1,-68
1755869511.6169446,-7,-1,-76
1755869511.654945,0,2,-70
1755869511.690945,0,-4,-79
1755869511.7289443,7,-2,-74
1755869511.7669446,8,1,-70
1755869511.8049445,6,-6,-67
1755869511.8409443,2,0,-77
1755869511.8779447,-6,-3,-78
1755869511.9159446,-1,-9,-67
1755869511.9549446,-6,-1,-72
1755869511.9909446,0,-6,-75
1755869512.0279446,0,-4,-74
1755869512.065945,9,-4,-75
1755869512.1049447,1,-5,-77
1755869512.1409447,3,-1,-70
1755869512.177945,0,-2,-73
1755869512.2159443,-2,-9,-78
1755869512.2549446,-6,-5,-73
1755869512.2909446,-7,0,-76
1755869512.3279445,-2,-2,-72
1755869512.3659446,0,0,-69
1755869512.404945,-2,-1,-75
1755869512.440945,-2,0,-79
1755869512.4779446,-2,-8,-78
1755869512.5159447,2,1,-75
1755869512.5539446,0,0,-77
1755869512.5899446,3,0,-77
1755869512.6269443,1,-4,-74
1755869512.6659446,1,2,-81
1755869512.7039447,6,-4,-76
1755869512.7399447,-5,-5,-80
1755869512.7779446,1,-5,-66
1755869512.8169446,-10,-10,-62
1755869512.8549447,-6,-7,-71
1755869512.8909447,-3,-5,-72
1755869512.9289446,-1,0,-75
1755869512.9679446,6,2,-70
1755869513.0059447,2,-3,-77
1755869513.0439446,1,-1,-65
1755869513.0799446,-1,-4,-79
1755869513.1179447,3,-2,-75
1755869513.1559446,8,0,-70
1755869513.1919446,3,0,-72
1755869513.2289443,0,0,-77
1755869513.2659447,10,2,-77
1755869513.3019447,9,0,-77
1755869513.338945,0,-4,-62
1755869513.3769443,0,-4,-68
1755869513.4159446,1,-2,-70
1755869513.4519446,0,-3,-78
1755869513.4899447,6,-6,-77
1755869513.5279446,-4,-4,-79
1755869513.565945,0,-2,-69
1755869513.6049447,-1,-3,-67
1755869513.6409447,-8,-7,-83
1755869513.6789446,-3,2,-75
1755869513.7169447,7,-4,-79
1755869513.7559447,7,-2,-67
1755869513.7919445,7,-2,-74
1755869513.8299446,3,7,-67
1755869513.8669446,4,-3,-71
1755869513.9059446,1,2,-81
1755869513.9419446,-2,1,-67
1755869513.9789443,2,-4,-75
1755869514.0169446,0,-6,-60
1755869514.0559447,2,-8,-58
1755869514.0919447,0,-9,-66
1755869514.1289446,-4,-4,-59
1755869514.1669445,1,-3,-75
1755869514.2059443,0,0,-85
1755869514.2419446,1,-1,-91
1755869514.2789447,2,0,-73
1755869514.3169446,-3,1,-73
1755869514.3559446,-7,-2,-78
1755869514.3919446,-11,0,-81
1755869514.4289446,-4,0,-78
1755869514.4669447,9,-1,-79
1755869514.5059447,2,0,-75
1755869514.5419445,1,3,-76
1755869514.5789447,0,5,-66
1755869514.6169446,-3,0,-66
1755869514.6559446,6,0,-69
1755869514.6919446,12,0,-71
1755869514.7289443,4,-4,-68
1755869514.7669446,5,-10,-69
1755869514.8059447,2,-2,-67
1755869514.8419447,7,3,-72
1755869514.8789446,6,-1,-77
1755869514.9169445,2,1,-79
1755869514.9549446,0,0,-76
1755869514.9909446,-3,-3,-75
1755869515.0289447,3,-2,-79
1755869515.0669446,0,-3,-86
1755869515.1059446,1,0,-79
1755869515.1419446,4,1,-85
1755869515.1789446,1,-1,-87
1755869515.2169447,0,3,-81
1755869515.2529447,1,3,-78
1755869515.2899446,0,2,-87
1755869515.3269446,2,-2,-80
1755869515.3659446,4,-1,-80
1755869515.4019446,3,-7,-81
1755869515.4389446,-3,-3,-73
1755869515.4769447,-5,-2,-74
1755869515.5159447,-2,0,-74
1755869515.5519447,-2,6,-77
1755869515.5899446,5,-1,-77
1755869515.6269443,6,-4,-81
1755869515.6659446,-5,0,-62
1755869515.7019446,-8,-1,-80
1755869515.7399447,2,2,-72
1755869515.7779446,0,1,-71
1755869515.815945,-3,-5,-72
1755869515.8519447,-2,-6,-73
1755869515.8899446,5,-2,-64
1755869515.927945,2,0,-77
1755869515.9659443,1,3,-75
1755869516.0019443,4,-2,-73
1755869516.0389447,4,-8,-83
1755869516.0779445,-3,-5,-71
1755869516.1159446,2,-1,-70
1755869516.1519446,-4,-2,-81
1755869516.1899445,1,-1,-83
1755869516.2279446,0,0,-70
1755869516.2659447,5,-5,-65
1755869516.3019447,8,-3,-74
1755869516.338945,4,-6,-75
1755869516.3779447,6,-6,-81
1755869516.4159446,-6,0,-84
1755869516.4519446,4,2,-82
1755869516.4889443,0,0,-81
1755869516.5269446,6,0,-81
1755869516.562945,-2,0,-73
1755869516.5999446,-5,3,-68
1755869516.6389446,-5,2,-70
1755869516.6769447,4,-1,-81
1755869516.7129445,1,0,-78
1755869516.7499447,0,-4,-72
1755869516.7879446,-3,-3,-70
1755869516.8269446,0,-7,-73
1755869516.8629446,5,-1,-89
1755869516.8999443,-3,-7,-87
1755869516.937945,2,2,-68
1755869516.9769447,0,0,-79
1755869517.0129447,0,3,-81
1755869517.0499446,2,-4,-71
1755869517.0879445,5,-1,-81
1755869517.1269443,3,0,-78
1755869517.1629446,2,0,-77
1755869517.1999447,0,-3,-79
1755869517.2379446,5,-3,-73
1755869517.2769446,3,-6,-72
1755869517.312945,0,-5,-80
1755869517.3499446,1,1,-86
1755869517.3879447,0,-4,-86
1755869517.4269447,0,-3,-76
1755869517.4629445,0,2,-75
1755869517.4999447,-2,1,-76
1755869517.5389447,-1,2,-83
1755869517.5769446,-2,-3,-72
1755869517.6129446,-2,-2,-72
1755869517.6509447,-1,3,-67
1755869517.6889446,1,0,-79
1755869517.7269447,0,-1,-77
1755869517.7629447,-6,1,-81
1755869517.7999446,-2,3,-75
1755869517.838945,-5,1,-76
1755869517.8769443,-4,1,-70
1755869517.9129446,3,0,-70
1755869517.9499447,2,-2,-71
1755869517.9889443,1,-5,-72
1755869518.0269446,-2,0,-68
1755869518.062945,0,5,-63
1755869518.0999446,6,5,-71
1755869518.1379447,0,4,-79
1755869518.1739447,1,-2,-73
1755869518.2119446,-3,7,-72
1755869518.2499447,-4,8,-65
1755869518.2889447,-1,4,-73
1755869518.3269446,0,1,-71
1755869518.3629446,7,-2,-75
1755869518.3999443,1,1,-81
1755869518.437945,4,0,-70
1755869518.473945,5,-1,-77
1755869518.5109446,0,-3,-83
1755869518.5499446,-1,-2,-80
1755869518.5879445,7,-5,-83
1755869518.6239443,-4,4,-84
1755869518.6609447,-2,-2,-74
1755869518.6989446,-2,3,-68
1755869518.7379446,0,1,-65
1755869518.7749443,6,0,-61
1755869518.8119447,1,-3,-72
1755869518.8499446,-6,-1,-67
1755869518.8889446,-6,1,-68
1755869518.9249446,-8,2,-67
1755869518.9619446,-1,2,-66
1755869518.9999447,-6,-3,-86
1755869519.0389447,1,2,-75
1755869519.0749447,7,-1,-68
1755869519.111945,0,-2,-65
1755869519.1499443,1,-1,-65
1755869519.1889446,-9,-5,-80
1755869519.2249446,0,-3,-81
1755869519.2619443,3,1,-74
1755869519.2999446,-4,6,-83
1755869519.338945,-6,6,-74
1755869519.3749447,-6,9,-90
1755869519.4129446,3,-1,-76
1755869519.450945,0,-6,-74
1755869519.4899447,2,3,-74
1755869519.5279446,-8,0,-70
1755869519.5639446,-10,-8,-67
1755869519.6019447,0,-4,-73
1755869519.6399446,-2,-2,-71
1755869519.6789446,0,0,-68
1755869519.7149446,-4,-7,-69
1755869519.7609446,3,-6,-75
1755869519.7989447,4,-2,-67
1755869519.8349447,2,-4,-71
1755869519.871945,2,3,-74
1755869519.9099443,7,2,-82
1755869519.9489446,4,0,-77
1755869519.9849446,-3,7,-71
1755869520.0219443,3,0,-72
1755869520.0599446,2,6,-74
1755869520.0979445,0,8,-77
1755869520.1339445,-2,3,-68
1755869520.1709447,2,-4,-76
1755869520.2099447,1,-2,-69
1755869520.2479446,-2,-6,-67
1755869520.2849443,-2,-3,-74
1755869520.3229446,5,-1,-71
1755869520.361945,5,-4,-65
1755869520.3999443,7,2,-76
1755869520.437945,0,5,-70
1755869520.473945,0,2,-69
1755869520.5119443,0,-4,-71
1755869520.5509446,3,1,-79
1755869520.588945,-3,-6,-80
1755869520.6249447,-3,-1,-70
1755869520.6629446,-1,7,-63
1755869520.7019446,5,5,-69
1755869520.7399447,-6,0,-67
1755869520.7759447,-11,4,-76
1755869520.812945,0,-4,-69
1755869520.8509445,0,3,-73
1755869520.8889446,3,0,-73
1755869520.9249446,4,1,-66
1755869520.9619446,1,5,-67
1755869520.9999447,5,-3,-70
1755869521.0359447,-2,3,-75
1755869521.0739446,-2,0,-81
1755869521.1129446,-1,2,-66
1755869521.1509447,2,-2,-69
1755869521.1889446,-1,-3,-71
1755869521.2249446,0,-5,-61
1755869521.2629447,-2,6,-80
1755869521.3009446,3,4,-82
1755869521.338945,0,-3,-84
1755869521.3749447,0,-4,-92
1755869521.4119446,2,0,-79
1755869521.4499447,2,-2,-79
1755869521.486945,-3,-9,-72
1755869521.5239446,-7,-7,-77
1755869521.5619447,-5,-2,-78
1755869521.6009445,-6,0,-77
1755869521.6389446,-15,0,-74
1755869521.6749446,0,0,-65
1755869521.7119446,-2,1,-72
1755869521.7509446,3,-1,-67
1755869521.7889447,4,0,-72
1755869521.8249447,5,-7,-69
1755869521.8629446,4,-5,-78
1755869521.9009447,-6,-2,-67
1755869521.9399445,2,2,-75
1755869521.9759445,0,-1,-68
1755869522.0129447,2,1,-77
1755869522.0509446,-3,1,-68
1755869522.088945,0,1,-57
1755869522.1249447,2,5,-74
1755869522.1629446,3,0,-68
1755869522.200945,-2,7,-85
1755869522.236945,-9,2,-77
1755869522.2739446,1,7,-77
1755869522.3119447,-3,-1,-72
1755869522.3509445,-2,0,-73
1755869522.3869443,3,4,-88
1755869522.4239447,6,-1,-77
1755869522.4619446,3,-4,-81
1755869522.5009446,4,2,-72
1755869522.5369446,4,-1,-78
1755869522.5749447,4,3,-83
1755869522.6129446,-5,0,-80
1755869522.6509447,-8,3,-74
1755869522.6899445,-12,6,-72
1755869522.7259445,-2,4,-80
1755869522.7629447,2,-4,-89
1755869522.8019447,-6,-2,-74
1755869522.8399446,-6,-1,-82
1755869522.8759446,0,0,-80
1755869522.9129446,10,-12,-73
1755869522.9519446,0,8,-73
1755869522.9899447,1,10,-73
1755869523.0259447,-2,10,-77
1755869523.062945,6,3,-73
1755869523.1009445,1,1,-82
1755869523.1369443,5,0,-79
1755869523.1739447,2,-5,-70
1755869523.2119446,-3,3,-70
1755869523.2509446,1,-2,-68
1755869523.2869446,1,4,-71
1755869523.3239446,7,2,-72
1755869523.361945,5,-1,-66
1755869523.4009447,0,-5,-78
1755869523.4369447,0,-4,-78
1755869523.4759445,0,-4,-70
1755869523.5129447,2,-8,-71
1755869523.5519447,1,-6,-71
1755869523.5899446,-7,-3,-72
1755869523.6259446,-2,-5,-76
1755869523.6639447,3,-6,-67
1755869523.7019446,-3,2,-85
1755869523.7409446,-4,1,-80
1755869523.7769446,2,-9,-79
1755869523.8139446,0,-4,-67
1755869523.8519447,1,0,-70
1755869523.8899446,4,-3,-67
1755869523.9259446,-1,0,-71
1755869523.963945,-9,0,-66
1755869524.0019443,-4,3,-80
1755869524.0409446,-3,2,-76
1755869524.0769446,-3,-4,-79
1755869524.1149447,2,-6,-83
1755869524.1529446,1,-2,-71
1755869524.1919446,-3,-4,-74
1755869524.2279446,1,2,-73
1755869524.2649446,-5,0,-79
1755869524.302945,-4,-6,-74
1755869524.3419447,-2,1,-73
1755869524.3779447,0,0,-77
1755869524.4149446,3,0,-76
1755869524.4519446,1,9,-82
1755869524.4879446,-4,0,-79
1755869524.5249443,-3,-3,-85
1755869524.562945,2,0,-65
1755869524.6019447,-1,0,-67
1755869524.6379447,2,0,-68
1755869524.6749446,0,4,-73
1755869524.7129445,0,-3,-74
1755869524.7509446,-7,-1,-75
1755869524.7869446,-7,-3,-79
1755869524.8249447,6,2,-71
1755869524.8629446,1,-5,-68
1755869524.9009447,2,-5,-68
1755869524.9369447,6,1,-68
1755869524.973945,7,0,-73
1755869525.0119443,-1,3,-73
1755869525.0479443,-1,8,-80
1755869525.085945,0,3,-69
1755869525.1229446,6,3,-63
1755869525.1609447,1,-1,-75
1755869525.1969447,0,3,-78
1755869525.233945,5,-3,-76
1755869525.2729447,-4,-4,-83
1755869525.3109446,-3,-4,-82
1755869525.3469446,1,-2,-77
1755869525.3839445,6,-1,-85
1755869525.4229443,13,-1,-91
1755869525.460945,5,7,-77
1755869525.496945,6,4,-78
1755869525.5339446,0,2,-79
1755869525.5719447,0,4,-68
1755869525.6079447,-1,2,-69
1755869525.6459446,-5,0,-82
1755869525.6839447,-12,-3,-80
1755869525.7229445,-6,-8,-83
1755869525.7589445,-3,-3,-77
1755869525.7979443,-2,0,-75
1755869525.835945,-9,-2,-77
1755869525.8729446,-2,-1,-84
1755869525.9119446,2,-3,-79
1755869525.9479446,-1,-4,-72
1755869525.9859445,0,-4,-67
1755869526.0239446,2,0,-69
1755869526.0619447,3,5,-73
1755869526.0979445,4,0,-80
1755869526.134945,5,-2,-73
1755869526.1729443,5,-3,-79
1755869526.2119446,-4,1,-81
1755869526.2479446,-11,4,-76
1755869526.2849443,-8,-1,-80
1755869526.3229446,1,-1,-69
1755869526.361945,4,2,-79
1755869526.3979447,4,2,-83
1755869526.4349446,0,5,-81
1755869526.4729445,-8,-1,-73
1755869526.5089445,-1,4,-77
1755869526.5459447,4,2,-71
1755869526.5839446,4,-4,-78
1755869526.621945,3,-2,-72
1755869526.657945,-2,-8,-75
1755869526.6959443,-7,-7,-77
1755869526.733945,1,0,-71
1755869526.7729447,-2,-1,-69
1755869526.8089447,-1,-4,-70
1755869526.8479445,4,-1,-88
1755869526.884945,1,-11,-86
1755869526.9239447,0,-11,-78
1755869526.9619446,0,-1,-75
1755869526.9979446,3,-1,-69
1755869527.0349443,-1,-1,-67
1755869527.0739446,5,1,-75
1755869527.111945,0,0,-62
1755869527.1479447,0,-5,-72
1755869527.1849446,6,2,-76
1755869527.223945,-3,-4,-77
1755869527.2619443,5,-4,-73
1755869527.2979443,2,0,-79
1755869527.3349447,8,-5,-67
1755869527.3739443,3,-2,-67
1755869527.4119446,1,-6,-77
1755869527.4479446,1,-7,-73
1755869527.4849446,4,0,-57
1755869527.5239446,-2,-3,-74
1755869527.5599446,0,0,-76
1755869527.5969446,2,-2,-77
1755869527.634945,8,3,-67
1755869527.6729443,0,4,-82
1755869527.7089446,-1,5,-77
1755869527.746945,0,-2,-81
1755869527.7849443,0,-4,-65
1755869527.8239446,-6,-5,-58
1755869527.8599446,-2,-1,-65
1755869527.8979447,3,1,-70
1755869527.9359446,-1,-6,-70
1755869527.973945,4,-1,-70
1755869528.0129447,-5,-2,-78
1755869528.0489447,1,-7,-85
1755869528.0869446,4,0,-79
1755869528.1239443,6,4,-73
1755869528.1599443,6,0,-80
1755869528.1969447,10,0,-72
1755869528.233945,1,-7,-73
1755869528.2729447,0,2,-74
1755869528.3089447,2,-1,-72
1755869528.3469446,1,1,-77
1755869528.384945,4,8,-75
1755869528.4229443,0,5,-67
1755869528.4589446,-5,5,-78
1755869528.4959445,-6,1,-72
1755869528.5349443,0,-3,-68
1755869528.5729446,6,3,-68
1755869528.608945,6,4,-74
1755869528.6459446,-5,-1,-73
1755869528.6849446,-1,2,-80
1755869528.7229445,7,3,-87
1755869528.7589445,11,1,-79
1755869528.7959447,6,4,-74
1755869528.8349447,4,-1,-74
1755869528.8729446,1,-1,-59
1755869528.9089446,1,-2,-76
1755869528.9459443,1,-1,-71
1755869528.9849446,-4,-6,-77
1755869529.0229447,0,-5,-82
1755869529.0589447,0,0,-75
1755869529.0959446,5,-5,-71
1755869529.134945,8,3,-72
1755869529.1729443,13,4,-76
1755869529.2089446,6,0,-72
1755869529.2459445,-2,-2,-73
1755869529.2849443,0,-5,-73
1755869529.3229446,-2,-6,-74
1755869529.358945,0,0,-70
1755869529.3959446,0,1,-74
1755869529.4339447,-1,-4,-67
1755869529.4699447,-2,7,-61
1755869529.506945,0,2,-71
1755869529.5449443,-6,-1,-77
1755869529.5839446,0,-2,-68
1755869529.6199446,0,4,-84
1755869529.6569445,4,4,-83
1755869529.6949446,3,0,-65
1755869529.7309446,4,-6,-67
1755869529.7769446,-1,-4,-66
1755869529.8149445,1,1,-77
1755869529.8509445,0,1,-84
1755869529.8889446,0,0,-75
1755869529.9269447,-2,-2,-79
1755869529.9649446,0,-4,-81
1755869530.0039446,6,-4,-80
1755869530.0399446,4,-2,-77
1755869530.0779445,-1,-3,-63
1755869530.1159446,-5,-2,-60
1755869530.154945,-4,0,-71
1755869530.190945,6,2,-78
1755869530.2279446,-1,3,-80
1755869530.2659447,0,3,-78
1755869530.3049445,4,-8,-88
1755869530.3409443,3,-6,-80
1755869530.3779447,4,-3,-86
1755869530.4159446,2,-2,-86
1755869530.4549446,-4,-6,-86
1755869530.4909446,2,-1,-83
1755869530.5279446,-2,-8,-71
1755869530.565945,-1,-5,-84
1755869530.6049447,3,-3,-84
1755869530.6409447,6,1,-79
1755869530.677945,3,1,-77
1755869530.7159443,2,-2,-61
1755869530.7539446,2,0,-68
1755869530.7899446,1,0,-75
1755869530.8269446,0,4,-73
1755869530.8659446,-4,-2,-62
1755869530.9039447,4,-6,-79
1755869530.9399445,-1,-2,-72
1755869530.9779446,-5,4,-73
1755869531.0159447,2,3,-76
1755869531.0549445,-3,8,-76
1755869531.0909443,-4,0,-76
1755869531.1279447,-3,-1,-66
1755869531.1659446,3,-4,-66
1755869531.2049446,-1,2,-66
1755869531.2409446,1,2,-68
1755869531.2779446,2,3,-71
1755869531.315945,-1,-3,-69
1755869531.3549447,1,-5,-72
1755869531.3909447,7,4,-69
1755869531.427945,3,0,-73
1755869531.4659443,10,0,-68
1755869531.5019443,1,1,-62
1755869531.5389447,0,2,-72
1755869531.575945,0,-4,-78
1755869531.6149447,0,-3,-73
1755869531.6509447,-8,-3,-69
1755869531.6889446,1,1,-75
1755869531.7259445,2,0,-79
1755869531.7619443,1,3,-79
1755869531.7999446,3,0,-81
1755869531.8369446,2,4,-81
1755869531.8759446,4,4,-75
1755869531.9119446,5,-2,-74
1755869531.9489446,0,-3,-69
1755869531.986945,3,4,-79
1755869532.0259447,2,-3,-80
1755869532.0619447,1,4,-80
1755869532.098945,0,4,-73
1755869532.1369443,-2,-1,-63
1755869532.1749446,-3,9,-82
1755869532.210945,-1,2,-72
1755869532.2479446,-4,2,-71
1755869532.2869446,-2,3,-63
1755869532.3249447,1,2,-63
1755869532.3609445,-4,6,-72
1755869532.3979447,2,0,-66
1755869532.4369447,0,5,-70
1755869532.4749446,-2,3,-77
1755869532.5109446,0,-2,-81
1755869532.5479443,2,-3,-68
1755869532.5869446,-5,0,-77
1755869532.6249447,3,-2,-72
1755869532.6609447,3,-3,-66
1755869532.6979446,3,-2,-70
1755869532.736945,-4,-2,-73
1755869532.7749443,0,-5,-74
1755869532.8109446,-9,-2,-82
1755869532.848945,2,2,-80
1755869532.8869443,0,0,-69
1755869532.9249446,0,0,-65
1755869532.960945,-2,-2,-76
1755869532.9989443,-5,4,-74
1755869533.0369446,4,1,-82
1755869533.075945,4,-3,-72
1755869533.111945,-2,0,-66
1755869533.1499443,5,6,-69
1755869533.187945,-4,5,-81
1755869533.2269447,1,-1,-86
1755869533.2629447,0,6,-74
1755869533.2999446,0,-2,-71
1755869533.3379445,-4,-6,-66
1755869533.3769443,0,-2,-76
1755869533.4129446,1,-3,-74
1755869533.450945,-7,-8,-67
1755869533.4889443,-9,-7,-71
1755869533.5269446,0,-4,-67
1755869533.565945,0,-7,-59
1755869533.6019447,-5,-6,-69
1755869533.6399446,-16,2,-83
1755869533.677945,0,-7,-68
1755869533.7169447,0,-2,-64
1755869533.7529447,-3,-2,-69
1755869533.7909446,0,1,-63
1755869533.8279445,2,-2,-71
1755869533.8669446,1,5,-64
1755869533.9029446,0,-4,-72
1755869533.9399445,1,-5,-72
1755869533.9779446,-2,-2,-84
1755869534.0169446,6,-3,-80
1755869534.052945,1,1,-88
1755869534.0899446,2,-7,-91
1755869534.1279447,-3,-4,-98
1755869534.1669445,-2,-7,-75
1755869534.2029445,0,-2,-75
1755869534.2399447,0,-4,-68
1755869534.2779446,-2,0,-69
1755869534.3169446,-2,5,-75
1755869534.3529446,1,1,-68
1755869534.3899446,1,-7,-71
1755869534.427945,-6,-2,-70
1755869534.4669447,-5,-1,-79
1755869534.5029447,-8,0,-73
1755869534.5399446,4,3,-73
1755869534.5779445,3,2,-66
1755869534.6159446,0,-6,-70
1755869534.6519446,0,-7,-67
1755869534.6889446,4,-5,-78
1755869534.7279446,3,-4,-85
1755869534.7649446,2,-1,-79
1755869534.8019447,0,6,-68
1755869534.838945,0,1,-76
1755869534.8779447,1,5,-74
1755869534.9139447,-1,1,-72
1755869534.950945,0,1,-72
1755869534.9889443,0,6,-79
1755869535.0269446,-2,6,-83
1755869535.062945,3,9,-72
1755869535.1019447,2,1,-81
1755869535.1389446,-1,-1,-81
1755869535.177945,-1,-2,-75
1755869535.213945,1,8,-78
1755869535.2519443,-4,0,-78
1755869535.2889447,-1,-3,-71
1755869535.3279445,-2,-6,-67
1755869535.3639443,-1,-3,-75
1755869535.4019446,1,-1,-67
1755869535.440945,-4,-1,-72
1755869535.4779446,-4,6,-72
1755869535.5169446,-2,-2,-64
1755869535.552945,0,-7,-75
1755869535.5909443,0,2,-76
1755869535.6289446,1,-1,-76
1755869535.6669445,-1,4,-88
1755869535.7029445,0,5,-76
1755869535.7409446,8,3,-80
1755869535.7789447,10,0,-81
1755869535.8169446,8,0,-64
1755869535.8529446,7,-9,-70
1755869535.8909447,6,0,-76
1755869535.9289446,2,-1,-71
1755869535.9669447,-7,2,-66
1755869536.0029447,-5,-1,-64
1755869536.0409446,-1,-10,-64
1755869536.0789447,0,0,-63
1755869536.1169446,2,0,-73
1755869536.1529446,0,1,-61
1755869536.190945,3,1,-54
1755869536.2289443,3,-1,-66
1755869536.2669446,0,-6,-78
1755869536.302945,0,-4,-83
1755869536.3409443,-3,-1,-78
1755869536.3789446,-8,0,-76
1755869536.4169445,-1,-1,-80
1755869536.4529445,-4,-3,-83
1755869536.4909446,-9,0,-72
1755869536.5289447,-5,3,-70
1755869536.5679443,0,-1,-64
1755869536.6039443,1,2,-68
1755869536.6409447,-1,1,-58
1755869536.6789446,-3,-1,-74
1755869536.7179446,-1,-1,-78
1755869536.7539446,0,-3,-84
1755869536.7909446,0,0,-70
1755869536.8289447,0,-2,-73
1755869536.8649447,4,-5,-75
1755869536.9029446,-2,-4,-70
1755869536.940945,0,-2,-73
1755869536.9789443,0,-4,-65
1755869537.0179446,-6,-2,-63
1755869537.0539446,-2,1,-71
1755869537.0909443,0,3,-73
1755869537.1289446,-3,-2,-90
1755869537.1649446,0,0,-75
1755869537.2029445,0,-4,-82
1755869537.2399447,1,-6,-81
1755869537.2789447,-5,-1,-70
1755869537.315945,-2,-1,-72
1755869537.3529446,10,-5,-77
1755869537.3909447,8,-5,-74
1755869537.4299445,4,-2,-69
1755869537.4679446,0,-5,-83
1755869537.5039446,1,0,-76
1755869537.5409446,-6,-3,-70
1755869537.5799446,-1,-4,-66
1755869537.6179447,1,2,-69
1755869537.6539447,5,-1,-76
1755869537.690945,7,3,-70
1755869537.7299447,-2,5,-66
1755869537.7679446,-2,1,-76
1755869537.8039446,3,-3,-74
1755869537.8409443,3,-4,-70
1755869537.8799446,-3,-2,-71
1755869537.917945,-7,0,-73
1755869537.9539447,-3,4,-68
1755869537.9909446,-8,3,-70
1755869538.029945,4,7,-69
1755869538.0679443,6,0,-73
1755869538.1039443,1,-5,-71
1755869538.1409447,2,2,-61
1755869538.1799445,1,-2,-66
1755869538.2179446,3,2,-63
1755869538.2539446,2,-8,-76
1755869538.2919445,10,-7,-62
1755869538.3299446,1,-3,-76
1755869538.3659446,0,-6,-72
1755869538.4029446,-3,0,-68
1755869538.440945,0,-2,-84
1755869538.4799447,1,-8,-79
1755869538.5159447,-1,-4,-75
1755869538.5539446,0,-5,-74
1755869538.5919447,0,-3,-71
1755869538.6299446,-4,0,-73
1755869538.6689446,-5,-5,-60
1755869538.7049446,0,-4,-73
1755869538.7419446,3,-3,-72
1755869538.779945,-1,-7,-79
1755869538.8189447,-6,-3,-75
1755869538.8549447,-4,-1,-73
1755869538.8929446,-1,2,-80
1755869538.9309447,0,6,-91
1755869538.9689443,8,2,-88
1755869539.0049446,0,0,-70
1755869539.0419445,-2,0,-72
1755869539.0809443,0,-3,-71
1755869539.1189446,1,4,-81
1755869539.154945,4,3,-75
1755869539.1919446,9,1,-78
1755869539.2299447,0,0,-69
1755869539.2659447,3,3,-69
1755869539.302945,7,2,-65
1755869539.3409443,0,-1,-64
1755869539.3789446,-1,-1,-66
1755869539.4149446,3,1,-66
1755869539.4519446,-3,4,-60
1755869539.4909446,0,1,-69
1755869539.5289447,0,-3,-77
1755869539.5649445,-5,2,-69
1755869539.6019447,-3,2,-67
1755869539.6409447,-3,-3,-62
1755869539.6789446,0,-2,-68
1755869539.7149446,-5,2,-68
1755869539.7519443,-2,0,-70
1755869539.7959447,-1,-3,-71
1755869539.8339446,3,0,-62
1755869539.871945,5,3,-82
1755869539.9099443,4,-3,-85
1755869539.9459443,8,-3,-77
1755869539.983945,0,2,-73
1755869540.0209446,-7,0,-87
1755869540.0599446,-2,-6,-68
1755869540.0959446,1,-2,-65
1755869540.1329446,-1,-1,-58
1755869540.1709447,-1,8,-75
1755869540.2099447,0,0,-74
1755869540.2459445,5,-1,-71
1755869540.282945,8,-4,-74
1755869540.3209443,4,-5,-74
1755869540.3599446,-2,0,-57
1755869540.3959446,-3,-5,-58
1755869540.4339447,3,-7,-62
1755869540.4719446,6,2,-74
1755869540.509945,1,0,-68
1755869540.5459447,1,3,-78
1755869540.5829446,-2,1,-56
1755869540.6209445,-3,3,-70
1755869540.6599443,0,3,-71
1755869540.6959443,-6,-1,-72
1755869540.733945,-1,-5,-65
1755869540.7719443,-4,3,-73
1755869540.8109446,-4,0,-88
1755869540.8469446,-5,1,-78
1755869540.884945,-1,1,-75
1755869540.9239447,3,3,-61
1755869540.9619446,2,4,-67
1755869540.9999447,4,-1,-74
1755869541.0359447,-8,1,-79
1755869541.0739446,-10,3,-76
1755869541.111945,-7,0,-76
1755869541.1499443,-5,-7,-73
1755869541.1859446,-2,-8,-72
1755869541.223945,-6,-4,-63
1755869541.2619443,2,-1,-73
1755869541.3009446,-4,3,-78
1755869541.3369446,2,-3,-85
1755869541.3739443,12,0,-77
1755869541.4119446,4,1,-79
1755869541.4499447,5,0,-91
1755869541.4859445,0,-1,-82
1755869541.5229447,0,-1,-78
1755869541.5619447,-3,2,-71
1755869541.5999446,-1,2,-79
1755869541.6359446,5,4,-68
1755869541.6729443,0,-1,-74
1755869541.7119446,-1,1,-73
1755869541.7499447,-6,7,-70
1755869541.7859447,3,1,-79
1755869541.8229446,-4,-5,-80
1755869541.861945,-3,0,-77
1755869541.8999443,-2,-3,-72
1755869541.9369447,0,-2,-75
1755869541.973945,-1,-3,-69
1755869542.0119443,2,-4,-72
1755869542.0509446,-5,-8,-76
1755869542.0869446,-1,-6,-65
1755869542.1249447,0,0,-69
1755869542.1629446,5,-7,-60
1755869542.2019446,0,-3,-72
1755869542.2379446,7,-2,-77
1755869542.2749443,1,-6,-80
1755869542.312945,0,-1,-67
1755869542.3519447,-1,1,-74
1755869542.3879447,-4,6,-66
1755869542.4249446,1,4,-67
1755869542.4629445,4,-10,-51
1755869542.5019443,3,-3,-65
1755869542.5379446,3,2,-68
1755869542.5749447,4,0,-68
1755869542.6129446,0,0,-78
1755869542.6509447,-1,-2,-74
1755869542.6869447,0,1,-80
1755869542.723945,4,2,-74
1755869542.7629447,-4,1,-74
1755869542.8009446,0,0,-83
1755869542.8369446,10,0,-76
1755869542.8739443,3,0,-74
1755869542.9119446,6,-4,-70
1755869542.9479446,3,-6,-73
1755869542.9849446,11,1,-75
1755869543.0229447,4,3,-60
1755869543.0619447,2,-2,-71
1755869543.0979445,8,-5,-56
1755869543.1359446,0,1,-77
1755869543.1739447,-2,0,-70
1755869543.2129445,-4,1,-74
1755869543.2509446,1,0,-77
1755869543.2869446,1,0,-72
1755869543.3239446,-9,0,-76
1755869543.3629446,-5,-2,-71
1755869543.4009447,-5,-1,-62
1755869543.4369447,-1,1,-70
1755869543.473945,-2,-3,-65
1755869543.5129447,6,-1,-62
1755869543.5509446,0,-2,-71
1755869543.5869446,2,2,-70
1755869543.6239443,8,-3,-71
1755869543.6629446,-3,-2,-76
1755869543.700945,-2,0,-72
1755869543.736945,4,3,-70
1755869543.7739446,0,-2,-73
1755869543.812945,4,0,-72
1755869543.848945,0,2,-83
1755869543.8869443,-6,-1,-75
1755869543.9239447,0,3,-85
1755869543.9619446,7,-1,-67
1755869543.9979446,1,-3,-70
1755869544.0369446,4,4,-64
1755869544.0739446,-2,5,-65
1755869544.1129446,1,1,-58
1755869544.1489446,0,-6,-69
1755869544.1869447,0,4,-71
1755869544.223945,-2,0,-70
1755869544.2629447,-4,-1,-82
1755869544.2989447,-8,-7,-77
1755869544.3369446,-4,3,-63
1755869544.3749447,2,-3,-69
1755869544.4129446,-1,-3,-75
1755869544.4519446,-4,-3,-72
1755869544.4879446,-3,0,-62
1755869544.5249443,-2,-9,-60
1755869544.5639446,-7,-8,-67
1755869544.6019447,-6,0,-75
1755869544.6379447,-2,6,-76
1755869544.6749446,-4,-3,-77
1755869544.713945,0,6,-79
1755869544.7519443,1,0,-76
1755869544.7879446,5,7,-78
1755869544.8249447,3,0,-68
1755869544.8639443,0,-3,-68
1755869544.9019446,0,-5,-70
1755869544.937945,2,-10,-69
1755869544.9749446,1,-5,-66
1755869545.0139446,8,0,-74
1755869545.0519447,0,-1,-78
1755869545.0879445,-6,-3,-70
1755869545.1259446,0,1,-74
1755869545.1639447,1,1,-70
1755869545.2029445,5,0,-70
1755869545.2389443,3,0,-70
1755869545.2759447,-3,3,-81
1755869545.3139446,0,-2,-67
1755869545.3529446,7,5,-69
1755869545.3889446,0,3,-70
1755869545.4259446,1,5,-83
1755869545.463945,-5,1,-71
1755869545.5029447,-3,6,-74
1755869545.5389447,-2,1,-74
1755869545.575945,-4,1,-66
1755869545.6139443,2,-4,-75
1755869545.6529446,-1,-3,-82
1755869545.6889446,6,0,-76
1755869545.7259445,0,-7,-78
1755869545.7639446,-6,-4,-74
1755869545.802945,-5,-1,-73
1755869545.838945,-2,0,-76
1755869545.8759446,2,3,-73
1755869545.9139447,-5,-5,-67
1755869545.9499447,0,-5,-61
1755869545.986945,0,1,-67
1755869546.0239446,0,5,-68
1755869546.0599446,0,2,-65
1755869546.0979445,1,-2,-74
1755869546.134945,-2,-1,-83
1755869546.1739447,8,0,-74
1755869546.2099447,10,8,-64
1755869546.246945,0,0,-79
1755869546.2849443,0,-2,-70
1755869546.3229446,-1,0,-75
1755869546.358945,-1,-1,-68
1755869546.3969443,0,-3,-67
1755869546.4349446,-3,-4,-70
1755869546.473945,-5,2,-70
1755869546.509945,2,5,-72
1755869546.5469446,2,0,-78
1755869546.5849447,1,0,-75
1755869546.6229446,1,6,-77
1755869546.6589446,-1,0,-72
1755869546.6959443,4,-1,-68
1755869546.7349446,1,0,-71
1755869546.7729447,1,5,-78
1755869546.8089447,3,0,-73
1755869546.8469446,3,-1,-79
1755869546.884945,2,-2,-69
1755869546.9239447,0,0,-67
1755869546.9599447,0,-5,-80
1755869546.996945,-7,-4,-73
1755869547.0349443,-4,0,-88
1755869547.0739446,-5,-3,-85
1755869547.1099446,-5,-3,-78
1755869547.1479447,-8,-6,-76
1755869547.1869447,5,-8,-74
1755869547.2249446,-3,-1,-80
1755869547.2629447,0,2,-63
1755869547.2989447,2,1,-71
1755869547.335945,3,4,-89
1755869547.3749447,5,6,-84
1755869547.4109447,5,3,-82
1755869547.4489446,4,-6,-76
1755869547.486945,-6,-3,-61
1755869547.5249443,6,4,-64
1755869547.5609446,2,1,-72
1755869547.598945,1,5,-84
1755869547.6369443,3,3,-72
1755869547.6749446,-1,-1,-74
1755869547.713945,4,5,-76
1755869547.7499447,0,2,-90
1755869547.7869446,1,-5,-70
1755869547.825945,5,1,-65
1755869547.8639443,-1,0,-79
1755869547.8999443,-2,0,-74
1755869547.9369447,-8,-1,-75
1755869547.9749446,-5,6,-74
1755869548.0139446,0,5,-79
1755869548.0499446,-7,5,-84
1755869548.0869446,-4,2,-85
1755869548.1259446,0,8,-76
1755869548.1639447,6,7,-71
1755869548.1999447,0,0,-67
1755869548.236945,0,-1,-61
1755869548.2759447,0,0,-65
1755869548.3139446,5,2,-77
1755869548.3499446,-6,-3,-71
1755869548.3879447,2,-3,-73
1755869548.4259446,0,-2,-78
1755869548.4649446,-2,1,-71
1755869548.5009446,-2,-3,-74
1755869548.5389447,8,3,-68
1755869548.575945,0,6,-83
1755869548.6139443,-4,4,-70
1755869548.6499443,-3,-3,-68
1755869548.687945,0,-4,-72
1755869548.7259445,1,-4,-80
1755869548.7649446,2,-7,-85
1755869548.8009446,4,1,-84
1755869548.8379445,-3,-2,-83
1755869548.8759446,0,1,-84
1755869548.9139447,0,0,-82
1755869548.9499447,-1,-4,-71
1755869548.9879446,2,0,-69
1755869549.0259447,4,-6,-61
1755869549.0639446,-3,-4,-63
1755869549.1009445,2,-1,-63
1755869549.1379447,0,0,-82
1755869549.1759446,-1,0,-72
1755869549.2119446,-5,0,-69
1755869549.2489443,-5,1,-65
1755869549.2869446,0,2,-76
1755869549.3249447,1,0,-74
1755869549.3609445,-4,4,-77
1755869549.3989446,-5,0,-72
1755869549.4369447,-3,-3,-79
1755869549.4759445,-4,-4,-79
1755869549.5119443,1,-4,-82
1755869549.5489447,8,2,-87
1755869549.5869446,3,5,-76
1755869549.6249447,1,-5,-80
1755869549.6619446,5,-1,-74
1755869549.6989446,2,0,-65
1755869549.736945,5,4,-77
1755869549.7749443,7,6,-61
1755869549.8199446,7,4,-79
1755869549.8569446,-6,-1,-66
1755869549.8959446,1,-2,-77
1755869549.9319446,-3,-4,-81
1755869549.9709446,0,-2,-74
1755869550.0079446,0,-3,-80
1755869550.0469446,-4,-4,-72
1755869550.0849447,-3,0,-79
1755869550.1209445,-3,0,-77
1755869550.157945,-4,7,-87
1755869550.1969447,-3,-1,-66
1755869550.2349446,-1,6,-65
1755869550.2709446,-1,5,-83
1755869550.3079443,3,0,-69
1755869550.3469446,0,0,-64
1755869550.384945,-7,-3,-77
1755869550.4209447,-4,-6,-68
1755869550.4589446,-11,-4,-72
1755869550.4979446,0,-4,-70
1755869550.5359447,1,-5,-71
1755869550.5719447,0,0,-79
1755869550.608945,-5,4,-92
1755869550.6469443,-1,-1,-70
1755869550.6859446,1,-2,-63
1755869550.7219446,-3,0,-71
1755869550.7589445,-4,5,-79
1755869550.7969446,-3,7,-71
1755869550.835945,6,0,-79
1755869550.871945,2,-1,-74
1755869550.9109447,1,-1,-75
1755869550.9489446,-1,-8,-73
1755869550.986945,0,0,-81
1755869551.0229447,0,0,-73
1755869551.0609446,-1,2,-69
1755869551.098945,-3,-5,-64
1755869551.1369443,-1,-8,-67
1755869551.1759446,-1,-5,-76
1755869551.2119446,-2,0,-80
1755869551.2499447,3,-4,-76
1755869551.2879446,0,-3,-86
1755869551.3269446,0,-3,-79
1755869551.3629446,0,-3,-68
1755869551.3999443,-3,-3,-87
1755869551.437945,-4,-4,-92
1755869551.4769447,-4,-9,-80
1755869551.5129447,-3,-7,-68
1755869551.5509446,3,-8,-70
1755869551.588945,4,-8,-64
1755869551.6269443,6,-2,-69
1755869551.6659446,-2,-1,-72
1755869551.7019446,0,0,-75
1755869551.7389443,0,-1,-81
1755869551.7779446,1,-5,-84
1755869551.815945,-4,-9,-84
1755869551.8519447,1,-4,-80
1755869551.8899446,6,0,-70
1755869551.927945,1,0,-71
1755869551.9669447,3,2,-70
1755869552.0029447,0,0,-82
1755869552.0399446,7,-1,-85
1755869552.0779445,2,-2,-63
1755869552.1169446,-6,-3,-62
1755869552.1529446,6,3,-69
1755869552.1899445,4,6,-80
1755869552.2279446,2,2,-77
1755869552.2659447,3,-3,-76
1755869552.3019447,-6,-2,-74
1755869552.3399446,-1,-4,-77
1755869552.3779447,-3,-4,-73
1755869552.4169445,-2,0,-78
1755869552.4529445,-2,0,-76
1755869552.4909446,-2,0,-83
1755869552.5289447,0,4,-86
1755869552.5679443,-2,-2,-74
1755869552.6059446,2,4,-75
1755869552.6419446,3,0,-63
1755869552.6789446,1,-2,-77
1755869552.7179446,6,2,-71
1755869552.7539446,-1,0,-76
1755869552.7909446,2,-2,-77
1755869552.8289447,-2,-1,-71
1755869552.8679447,-4,-2,-71
1755869552.9039447,2,-3,-80
1755869552.940945,2,7,-72
1755869552.9779446,2,7,-60
1755869553.0139446,3,3,-61
1755869553.0519447,0,-2,-71
1755869553.0899446,-1,-2,-79
1755869553.1279447,0,-2,-78
1755869553.1669445,1,-4,-78
1755869553.2029445,-3,0,-78
1755869553.2399447,-7,0,-81
1755869553.2779446,-2,-1,-77
1755869553.3169446,6,0,-73
1755869553.3529446,-4,0,-75
1755869553.3899446,-8,0,-77
1755869553.427945,1,0,-82
1755869553.463945,0,0,-83
1755869553.5019443,0,-2,-85
1755869553.5399446,-2,-1,-87
1755869553.5789447,1,0,-78
1755869553.6169446,0,-2,-70
1755869553.6529446,1,-2,-86
1755869553.6899445,0,-5,-79
1755869553.7289443,0,-3,-71
1755869553.7669446,1,2,-62
1755869553.802945,2,0,-71
1755869553.8399446,-3,-5,-75
1755869553.8789446,1,-6,-83
1755869553.9169445,0,0,-70
1755869553.9529445,1,0,-68
1755869553.9899447,2,-1,-67
1755869554.0289447,1,0,-77
1755869554.0669446,7,0,-75
1755869554.1029446,6,2,-74
1755869554.1399446,2,-2,-88
1755869554.1789446,4,0,-75
1755869554.2169447,0,1,-68
1755869554.2529447,0,-8,-66
1755869554.2899446,4,1,-74
1755869554.3289447,1,0,-71
1755869554.3669446,-2,-2,-68
1755869554.4029446,2,-2,-84
1755869554.4399445,-2,-2,-79
1755869554.4789443,2,0,-70
1755869554.5149446,-1,0,-69
1755869554.552945,-7,2,-73
1755869554.5909443,-5,-3,-63
1755869554.6289446,-4,-4,-65
1755869554.6649446,0,-1,-68
1755869554.7019446,-4,-5,-80
1755869554.7399447,0,-2,-80
1755869554.7789447,-6,1,-66
1755869554.8149445,-3,0,-71
1755869554.8529446,2,1,-80
1755869554.8909447,-1,4,-79
1755869554.9299445,2,0,-83
1755869554.9679446,1,-1,-81
1755869555.0039446,-3,0,-73
1755869555.0409446,0,-2,-73
1755869555.0799446,3,-5,-67
1755869555.1179447,5,-4,-64
1755869555.1539447,4,-6,-76
1755869555.1919446,4,-1,-79
1755869555.2299447,6,9,-68
1755869555.2679446,2,2,-75
1755869555.3039446,1,4,-77
1755869555.3409443,1,0,-72
1755869555.3789446,0,-5,-73
1755869555.4159446,2,-1,-78
1755869555.4539447,8,0,-79
1755869555.4909446,-1,-3,-67
1755869555.529945,2,-5,-77
1755869555.5679443,-2,1,-74
1755869555.6039443,-3,3,-63
1755869555.6409447,0,0,-73
1755869555.6789446,-3,3,-74
1755869555.7159443,-4,5,-72
1755869555.7539446,0,6,-72
1755869555.7909446,1,0,-78
1755869555.8289447,-1,0,-75
1755869555.8649447,-8,4,-78
1755869555.9029446,0,3,-66
1755869555.940945,1,0,-64
1755869555.9789443,2,0,-66
1755869556.0149446,3,0,-70
1755869556.0539446,-4,0,-87
1755869556.0909443,-2,-2,-83
1755869556.1299446,-4,-2,-71
1755869556.167945,-1,2,-72
1755869556.2039447,5,1,-77
1755869556.2409446,7,3,-73
1755869556.279945,-6,0,-79
1755869556.315945,-3,0,-76
1755869556.3529446,-5,2,-76
1755869556.3909447,-1,7,-71
1755869556.4299445,2,0,-77
1755869556.4659443,1,-1,-76
1755869556.5039446,6,-3,-64
1755869556.542945,0,-3,-68
1755869556.5799446,-1,-1,-75
1755869556.6189446,1,4,-69
1755869556.654945,9,6,-78
1755869556.6929443,-2,7,-78
1755869556.7299447,-4,2,-72
1755869556.7689445,-2,-1,-75
1755869556.8049445,-7,0,-75
1755869556.8429446,-4,3,-75
1755869556.8799446,-1,3,-72
1755869556.9189446,1,0,-67
1755869556.9549446,0,0,-77
1755869556.9929447,0,0,-75
1755869557.0309446,3,2,-74
1755869557.0689447,8,-1,-77
1755869557.1049447,4,-1,-84
1755869557.1429446,5,-1,-74
1755869557.1809447,2,0,-74
1755869557.2189443,-3,0,-75
1755869557.2549446,-11,8,-77
1755869557.292945,-6,1,-68
1755869557.3309443,3,5,-75
1755869557.3699446,0,3,-75
1755869557.4059446,2,-2,-81
1755869557.4429443,-3,-3,-71
1755869557.4809446,-4,5,-63
1755869557.519945,0,0,-78
1755869557.5559447,-10,1,-76
1755869557.5929446,-7,4,-75
1755869557.6309447,-4,0,-74
1755869557.6699443,-2,-3,-79
1755869557.7059443,0,-5,-72
1755869557.7429447,0,0,-72
1755869557.7809446,1,-6,-79
1755869557.8189447,4,0,-72
1755869557.8549447,1,-1,-76
1755869557.8929446,0,2,-78
1755869557.9309447,-4,2,-72
1755869557.9689443,0,0,-69
1755869558.0049446,1,-1,-75
1755869558.042945,0,-7,-73
1755869558.0809443,-9,-5,-72
1755869558.1169446,-10,0,-80
1755869558.1539447,-1,3,-63
1755869558.1929443,0,0,-70
1755869558.2309446,1,-7,-67
1755869558.2669446,1,-2,-76
1755869558.3039446,-7,-5,-66
1755869558.3429446,0,-6,-62
1755869558.3809447,2,1,-75
1755869558.4169445,-1,0,-69
1755869558.4539447,0,0,-78
1755869558.4909446,3,0,-82
1755869558.529945,5,0,-76
1755869558.565945,8,-3,-75
1755869558.6039443,9,-1,-75
1755869558.6429446,0,-6,-63
1755869558.6809447,-4,-1,-75
1755869558.7169447,-5,-2,-72
1755869558.7549446,7,-5,-77
1755869558.792945,3,-2,-65
1755869558.8319447,4,2,-77
1755869558.8699446,3,3,-77
1755869558.9059446,0,0,-73
1755869558.9429443,-3,-3,-81
1755869558.9819446,-1,0,-70
1755869559.019945,0,2,-73
1755869559.0559447,0,0,-77
1755869559.0929446,0,0,-78
1755869559.1309447,-4,-1,-67
1755869559.1669445,-9,-4,-67
1755869559.2049446,5,-11,-70
1755869559.2429447,0,0,-73
1755869559.2809446,0,-7,-68
1755869559.3169446,0,-1,-69
1755869559.3539443,9,-6,-74
1755869559.3919446,-1,2,-80
1755869559.4309447,2,2,-74
1755869559.4669447,0,4,-75
1755869559.5039446,7,1,-68
1755869559.5419445,5,1,-81
1755869559.5799446,12,1,-75
1755869559.6159446,0,-4,-68
1755869559.6539447,0,0,-64
1755869559.6919446,3,0,-67
1755869559.7299447,-6,-2,-68
1755869559.7669446,-4,-3,-79
1755869559.8039446,-3,6,-86
1755869559.8499446,-3,7,-86
1755869559.8879447,-4,-1,-84
1755869559.9259446,-9,-3,-67
1755869559.9629445,-3,-5,-71
1755869560.0019443,0,0,-63
1755869560.0379446,-3,1,-69
1755869560.075945,-6,3,-67
1755869560.1129446,1,2,-77
1755869560.1509447,-5,0,-78
1755869560.1869447,-4,2,-89
1755869560.223945,9,1,-73
1755869560.2629447,4,4,-81
1755869560.3009446,0,1,-80
1755869560.3369446,3,1,-76
1755869560.3739443,0,-5,-81
1755869560.4129446,0,1,-72
1755869560.450945,-3,4,-73
1755869560.486945,-5,1,-75
1755869560.5239446,0,-5,-78
1755869560.562945,1,3,-68
1755869560.6009445,2,5,-71
1755869560.6369443,-1,3,-75
1755869560.6739447,-2,-3,-77
1755869560.7129445,0,2,-64
1755869560.7509446,0,1,-64
1755869560.7869446,-2,3,-60
1755869560.8239446,2,1,-75
1755869560.861945,0,8,-66
1755869560.8979447,2,8,-74
1755869560.9349446,0,2,-72
1755869560.9729445,3,-2,-68
1755869561.0109446,1,-4,-66
1755869561.0469446,0,-8,-76
1755869561.0849447,4,-4,-71
1755869561.1229446,5,1,-71
1755869561.1619446,0,-3,-74
1755869561.1979446,0,0,-78
1755869561.236945,2,1,-84
1755869561.2739446,-4,3,-72
1755869561.312945,3,5,-76
1755869561.3509445,3,1,-75
1755869561.3869443,-3,4,-67
1755869561.4239447,-7,2,-58
1755869561.4629445,0,1,-59
1755869561.5009446,0,-1,-75
1755869561.5369446,-5,-2,-69
1755869561.575945,-2,5,-75
1755869561.6129446,0,-2,-71
1755869561.6519446,0,-5,-74
1755869561.687945,0,-5,-74
1755869561.7259445,-4,-7,-71
1755869561.7629447,0,-3,-67
1755869561.8019447,-2,-2,-77
1755869561.8379445,1,-11,-75
1755869561.8759446,6,1,-72
1755869561.9129446,8,-5,-71
1755869561.9519446,0,-2,-74
1755869561.9879446,3,0,-85
1755869562.0259447,0,0,-75
1755869562.062945,-1,7,-80
1755869562.1019447,0,-4,-70
1755869562.1379447,-2,0,-63
1755869562.1759446,2,3,-85
1755869562.2129445,0,0,-72
1755869562.2499447,0,-5,-75
1755869562.2869446,4,0,-71
1755869562.3239446,2,-5,-75
1755869562.3629446,5,0,-85
1755869562.3989446,8,2,-87
1755869562.4369447,0,2,-75
1755869562.473945,4,1,-70
1755869562.5129447,0,1,-75
1755869562.5489447,8,0,-71
1755869562.5869446,-2,-8,-76
1755869562.6239443,-4,3,-70
1755869562.6629446,-6,0,-80
1755869562.6989446,-2,2,-85
1755869562.736945,-5,4,-90
1755869562.7749443,0,0,-81
1755869562.8139446,2,-3,-79
1755869562.8519447,1,-1,-67
1755869562.8879447,-1,0,-72
1755869562.9259446,-8,0,-64
1755869562.963945,0,2,-65
1755869563.0029447,-1,1,-74
1755869563.0389447,0,-3,-75
1755869563.0769446,1,2,-89
1755869563.1139443,-3,6,-69
1755869563.1529446,-3,0,-67
1755869563.1889446,0,0,-77
1755869563.2259445,-4,-3,-77
1755869563.2639446,-6,-5,-77
1755869563.302945,-4,1,-76
1755869563.338945,-2,0,-79
1755869563.3759446,-2,-1,-77
1755869563.4139447,1,0,-78
1755869563.4529445,2,-5,-63
1755869563.4889443,0,-2,-78
1755869563.5259447,0,3,-85
1755869563.5639446,4,-1,-79
1755869563.5999446,0,5,-72
1755869563.6369443,-1,0,-77
1755869563.6749446,1,-7,-83
1755869563.713945,0,-5,-75
1755869563.7499447,-1,3,-66
1755869563.7869446,1,3,-65
1755869563.8239446,1,0,-73
1755869563.8599446,-2,-1,-73
1755869563.8979447,-4,-5,-76
1755869563.9359446,1,1,-73
1755869563.973945,-2,-3,-71
1755869564.009945,0,0,-65
1755869564.0469446,2,1,-76
1755869564.0849447,7,4,-75
1755869564.1239443,1,-4,-78
1755869564.1599443,-1,3,-75
1755869564.1979446,6,1,-82
1755869564.2359445,3,-2,-83
1755869564.2749443,3,0,-78
1755869564.312945,0,1,-79
1755869564.3499446,0,0,-73
1755869564.3869443,-2,1,-67
1755869564.4249446,-3,-2,-63
1755869564.463945,-3,6,-78
1755869564.4999447,0,1,-80
1755869564.5369446,4,6,-88
1755869564.5749447,3,4,-84
1755869564.6129446,5,-1,-80
1755869564.6489446,5,1,-67
1755869564.6859446,-4,-5,-72
1755869564.7249446,-3,-2,-76
1755869564.7629447,1,2,-72
1755869564.7989447,1,6,-64
1755869564.835945,2,0,-80
1755869564.8749447,-5,2,-87
1755869564.9129446,-1,0,-83
1755869564.9489446,2,-4,-83
1755869564.9859445,1,-8,-88
1755869565.0249443,1,-2,-82
1755869565.062945,2,-2,-70
1755869565.098945,4,2,-71
1755869565.1359446,1,-1,-71
1755869565.1749446,-4,0,-63
1755869565.2129445,-6,3,-71
1755869565.2489443,0,5,-80
1755869565.2859447,5,5,-77
1755869565.3239446,-1,0,-67
1755869565.3599446,-2,-5,-68
1755869565.3979447,-1,1,-77
1755869565.4359446,-3,5,-62
1755869565.4749446,-1,2,-72
1755869565.5109446,6,0,-70
1755869565.5479443,2,-3,-70
1755869565.585945,2,4,-83
1755869565.6239443,6,-2,-76
1755869565.6609447,-4,0,-73
1755869565.6979446,-3,2,-83
1755869565.7359445,1,-2,-83
1755869565.7749443,10,-6,-84
1755869565.8109446,2,-4,-81
1755869565.8479445,7,1,-76
1755869565.8859446,-1,0,-79
1755869565.9249446,0,-1,-79
1755869565.960945,-3,-2,-75
1755869565.9989443,0,-2,-75
1755869566.0369446,2,2,-86
1755869566.0749447,-5,-2,-80
1755869566.1109445,-1,4,-73
1755869566.1479447,-2,0,-72
1755869566.1859446,4,0,-69
1755869566.223945,5,2,-71
1755869566.259945,3,4,-77
1755869566.2969446,3,0,-68
1755869566.3349447,4,-2,-74
1755869566.3709445,0,0,-84
1755869566.407945,1,-8,-73
1755869566.4459443,3,-1,-71
1755869566.4849446,7,-1,-81
1755869566.5209446,1,3,-79
1755869566.5579443,-1,0,-63
1755869566.5959446,0,0,-65
1755869566.634945,0,-2,-67
1755869566.6709447,0,-4,-71
1755869566.7079446,-1,-1,-72
1755869566.7459445,2,2,-68
1755869566.7849443,-8,-6,-70
1755869566.8209443,-10,-8,-65
1755869566.858945,-12,4,-78
1755869566.8969443,1,-4,-76
1755869566.9359446,1,-3,-71
1755869566.973945,-6,0,-70
1755869567.009945,1,1,-65
1755869567.0469446,4,5,-76
1755869567.0849447,9,5,-72
1755869567.1209445,2,-3,-72
1755869567.157945,12,6,-76
1755869567.1959443,0,7,-73
1755869567.2319446,6,8,-75
1755869567.2689445,-1,3,-69
1755869567.3069446,2,3,-62
1755869567.3449447,2,-6,-72
1755869567.3809447,1,-4,-67
1755869567.4189446,0,0,-85
1755869567.4559443,-5,0,-92
1755869567.4949446,-3,-7,-77
1755869567.5309446,3,1,-74
1755869567.5679443,3,0,-74
1755869567.6059446,-1,5,-71
1755869567.644945,0,2,-73
1755869567.6809447,-3,1,-67
1755869567.7189443,6,3,-79
1755869567.7559447,11,-3,-78
1755869567.7949443,8,-3,-71
1755869567.8309443,-1,2,-60
1755869567.8689446,-6,0,-54
1755869567.9069445,-4,-1,-63
1755869567.9459443,5,-4,-73
1755869567.9819446,-5,0,-70
1755869568.0189445,-4,11,-71
1755869568.0569446,-2,7,-72
1755869568.0959446,-4,-2,-73
1755869568.131945,6,-6,-85
1755869568.1689446,11,1,-85
1755869568.2069447,-2,-2,-81
1755869568.2449446,6,-3,-74
1755869568.2809446,6,-2,-76
1755869568.3189447,5,4,-74
1755869568.3569446,10,1,-71
1755869568.3959446,8,-1,-75
1755869568.4319446,0,3,-76
1755869568.4689443,5,1,-82
1755869568.506945,4,1,-83
1755869568.5449443,-2,0,-86
1755869568.5809443,-4,5,-76
1755869568.6179447,-2,0,-72
1755869568.6569445,-12,3,-73
1755869568.6949446,-2,0,-71
1755869568.7309446,9,-2,-78
1755869568.7689445,2,-1,-80
1755869568.8069446,-2,0,-80
1755869568.8459446,-7,5,-75
1755869568.881945,0,0,-77
1755869568.9189446,-2,8,-75
1755869568.9569447,-2,0,-66
1755869568.9959445,-3,-5,-64
1755869569.0319445,0,-4,-69
1755869569.0699446,-2,0,-68
1755869569.1079447,1,1,-74
1755869569.1459446,1,-3,-78
1755869569.1819446,-5,-7,-84
1755869569.2199447,-4,-1,-82
1755869569.2579446,3,-4,-80
1755869569.2969446,2,-6,-88
1755869569.3329446,3,-4,-85
1755869569.371945,13,1,-77
1755869569.4089446,6,0,-87
1755869569.4479446,-1,-6,-77
1755869569.4859445,-2,-5,-66
1755869569.5219443,-4,-5,-72
1755869569.5599446,2,1,-88
1755869569.5979445,0,6,-74
1755869569.6359446,1,-6,-79
1755869569.6719446,0,-4,-82
1755869569.7099447,-1,-7,-85
1755869569.7479446,-1,-3,-88
1755869569.7859447,5,-3,-76
1755869569.8219447,6,2,-71
1755869569.8679447,12,8,-69
1755869569.9059446,4,-1,-70
1755869569.9419446,-2,1,-66
1755869569.9789443,-8,-5,-61
1755869570.0179446,-7,0,-67
1755869570.0559447,-3,11,-83
1755869570.0919447,-7,4,-85
1755869570.1289446,2,0,-77
1755869570.1669445,5,0,-74
1755869570.2029445,5,3,-73
1755869570.2399447,9,-4,-70
1755869570.2779446,0,-8,-76
1755869570.3169446,9,0,-62
1755869570.3529446,5,0,-63
1755869570.3899446,3,0,-75
1755869570.427945,2,1,-69
1755869570.4669447,2,0,-75
1755869570.5029447,-3,2,-80
1755869570.5399446,1,-1,-82
1755869570.5789447,6,1,-76
1755869570.6169446,-8,-2,-79
1755869570.6529446,-7,-5,-71
1755869570.690945,0,4,-77
1755869570.7279446,-2,3,-74
1755869570.7669446,-1,-1,-83
1755869570.802945,5,1,-79
1755869570.8399446,11,-3,-93
1755869570.8779447,6,-8,-88
1755869570.9169445,4,0,-85
1755869570.9529445,-1,0,-96
1755869570.9899447,-1,6,-85
1755869571.0279446,-7,-2,-79
1755869571.0669446,-8,-1,-73
1755869571.1029446,0,3,-74
1755869571.1399446,0,3,-86
1755869571.177945,1,2,-82
1755869571.213945,3,0,-77
1755869571.2509446,-3,-5,-76
1755869571.2889447,-9,-1,-75
1755869571.3279445,-3,0,-76
1755869571.3639443,0,-2,-75
1755869571.4009447,-5,-2,-82
1755869571.4389446,2,1,-87
1755869571.4779446,0,1,-84
1755869571.5139446,-2,-2,-83
1755869571.5519447,-2,-1,-81
1755869571.5899446,3,-3,-77
1755869571.6279447,2,-4,-77
1755869571.6639447,0,1,-75
1755869571.700945,3,1,-76
1755869571.7389443,2,0,-76
1755869571.7769446,5,-1,-75
1755869571.812945,-1,5,-77
1755869571.8509445,-3,0,-72
1755869571.8889446,-2,0,-80
1755869571.927945,-5,0,-67
1755869571.963945,0,-11,-70
1755869572.0019443,-2,-2,-67
1755869572.0399446,-4,0,-73
1755869572.0789447,-4,1,-74
1755869572.1169446,-2,2,-71
1755869572.1529446,4,4,-72
1755869572.1899445,0,5,-73
1755869572.2279446,-9,0,-73
1755869572.2639446,-6,2,-81
1755869572.3019447,-6,-2,-87
1755869572.3399446,1,0,-83
1755869572.3779447,-1,1,-79
1755869572.4139447,-3,-5,-80
1755869572.4519446,1,1,-71
1755869572.4889443,0,-7,-72
1755869572.5279446,0,-4,-76
1755869572.5639446,1,-6,-85
1755869572.6009445,2,-5,-81
1755869572.6389446,13,2,-73
1755869572.6749446,9,3,-72
1755869572.7119446,4,-1,-75
1755869572.7499447,-2,-1,-75
1755869572.7889447,1,-3,-68
1755869572.8249447,-1,1,-76
1755869572.861945,1,-1,-88
1755869572.8999443,-2,-5,-81
1755869572.9389446,-7,-3,-70
1755869572.9749446,0,-2,-73
1755869573.0129447,3,0,-76
1755869573.0509446,0,0,-68
1755869573.088945,4,6,-71
1755869573.1249447,3,-6,-66
1755869573.1619446,-3,-3,-73
1755869573.1999447,-13,-3,-75
1755869573.2389443,-6,-3,-74
1755869573.2749443,-8,0,-80
1755869573.3119447,-1,-3,-81
1755869573.3499446,-4,1,-79
1755869573.3889446,-1,2,-73
1755869573.4249446,0,5,-69
1755869573.4629445,0,5,-72
1755869573.4999447,1,2,-66
1755869573.5389447,-5,-2,-72
1755869573.5749447,6,2,-80
1755869573.611945,0,-1,-71
1755869573.6499443,1,-5,-72
1755869573.6889446,8,-4,-80
1755869573.7249446,3,0,-75
1755869573.7619443,2,0,-72
1755869573.7999446,1,0,-72
1755869573.8379445,-3,2,-62
1755869573.8739443,-4,5,-70
1755869573.9119446,-2,2,-67
1755869573.9499447,-2,0,-70
1755869573.9889443,5,1,-73
1755869574.0249443,8,2,-81
1755869574.0619447,4,-5,-86
1755869574.0999446,5,-4,-76
1755869574.1389446,7,-8,-77
1755869574.1749446,7,-6,-80
1755869574.2119446,3,-4,-72
1755869574.2499447,0,-6,-78
1755869574.2889447,-2,-7,-76
1755869574.3249447,4,-3,-74
1755869574.361945,0,3,-69
1755869574.3999443,0,5,-67
1755869574.4359446,-1,3,-63
1755869574.4729445,1,8,-70
1755869574.509945,8,3,-69
1755869574.5459447,10,-4,-73
1755869574.5829446,-1,2,-77
1755869574.6209445,-2,-5,-80
1755869574.6599443,-2,2,-63
1755869574.6959443,0,-2,-76
1755869574.733945,2,9,-67
1755869574.7709446,4,0,-70
1755869574.8099446,-1,5,-79
1755869574.8459446,0,0,-75
1755869574.8829446,0,0,-79
1755869574.9199443,0,0,-93
1755869574.9589446,0,-3,-79
1755869574.9949446,5,3,-76
1755869575.0319445,2,0,-76
1755869575.0699446,-4,3,-78
1755869575.1059446,-1,0,-67
1755869575.1429446,3,5,-72
1755869575.1809447,0,2,-70
1755869575.2189443,6,1,-80
1755869575.2549446,2,2,-81
1755869575.2919445,0,2,-82
1755869575.3299446,5,-3,-74
1755869575.3659446,0,-5,-66
1755869575.4029446,6,0,-73
1755869575.440945,3,8,-69
1755869575.4789443,2,6,-70
1755869575.5149446,-8,11,-64
1755869575.552945,2,6,-64
1755869575.5909443,4,1,-64
1755869575.6289446,1,2,-76
1755869575.6649446,-2,-1,-75
1755869575.7029445,2,-2,-69
1755869575.7409446,0,-2,-70
1755869575.779945,1,0,-66
1755869575.815945,0,4,-67
1755869575.8529446,0,-1,-76
1755869575.8909447,-3,3,-71
1755869575.9289446,-1,-1,-83
1755869575.9659443,-1,2,-80
1755869576.0029447,0,0,-70
1755869576.0409446,5,0,-73
1755869576.0769446,2,2,-73
1755869576.1149447,-5,10,-66
1755869576.1529446,1,2,-79
1755869576.190945,4,0,-75
1755869576.2269447,2,-7,-78
1755869576.2649446,-3,-5,-81
1755869576.3039446,1,-8,-76
1755869576.3409443,2,-4,-69
1755869576.3799446,2,2,-69
1755869576.4159446,6,4,-68
1755869576.4529445,3,0,-69
1755869576.4909446,3,-1,-76
1755869576.529945,1,-1,-80
1755869576.565945,-1,0,-76
1755869576.6039443,-5,-1,-72
1755869576.6409447,-1,-7,-69
1755869576.6799445,2,0,-61
1755869576.7159443,11,1,-66
1755869576.7529447,-1,6,-70
1755869576.7919445,8,6,-72
1755869576.8299446,8,10,-72
1755869576.8659446,0,0,-76
1755869576.9029446,2,-2,-82
1755869576.9419446,0,-3,-78
1755869576.9799447,2,-2,-75
1755869577.0159447,0,-1,-82
1755869577.0539446,3,1,-84
1755869577.0919447,1,-1,-71
1755869577.1299446,1,-2,-78
1755869577.1659446,-3,1,-75
1755869577.2029445,3,-2,-80
1755869577.2419446,0,1,-82
1755869577.279945,5,-7,-86
1755869577.315945,3,-1,-80
1755869577.3529446,8,0,-79
1755869577.3919446,0,4,-78
1755869577.4299445,9,2,-78
1755869577.4659443,15,0,-79
1755869577.5029447,7,6,-75
1755869577.5419445,2,1,-77
1755869577.5799446,3,7,-77
1755869577.6159446,-4,0,-75
1755869577.6529446,-5,0,-88
1755869577.6919446,-2,-2,-74
1755869577.7299447,4,4,-67
1755869577.7659447,7,-3,-72
1755869577.802945,6,-3,-73
1755869577.8419447,4,-2,-79
1755869577.8779447,4,-2,-80
1755869577.9149446,0,0,-89
1755869577.9519446,1,6,-82
1755869577.9879446,4,1,-75
1755869578.0249443,-5,-4,-70
1755869578.062945,-2,-4,-71
1755869578.1019447,-1,0,-78
1755869578.1379447,-2,8,-77
1755869578.1749446,2,2,-67
1755869578.2129445,7,4,-76
1755869578.2509446,-1,5,-79
1755869578.2869446,-1,1,-89
1755869578.3239446,0,4,-87
1755869578.361945,5,-5,-78
1755869578.3979447,0,-1,-81
1755869578.4369447,5,-5,-75
1755869578.473945,2,0,-73
1755869578.5119443,-3,-1,-73
1755869578.5479443,-1,4,-63
1755869578.5849447,0,-1,-62
1755869578.6229446,0,-4,-69
1755869578.6619446,-4,-7,-79
1755869578.6979446,0,-10,-74
1755869578.7349446,-6,-1,-81
1755869578.7729447,-2,5,-78
1755869578.8119447,3,6,-79
1755869578.8479445,2,3,-71
1755869578.884945,-4,5,-81
1755869578.9229443,-2,-1,-74
1755869578.9619446,0,-1,-66
1755869578.9979446,1,8,-81
1755869579.0349443,-4,3,-77
1755869579.0729446,-7,1,-68
1755869579.111945,-1,-3,-70
1755869579.1479447,1,-1,-67
1755869579.1849446,-4,-4,-62
1755869579.2229445,-5,7,-79
1755869579.2619443,1,0,-70
1755869579.2979443,-3,-4,-65
1755869579.335945,-5,4,-85
1755869579.3749447,3,-3,-70
1755869579.4129446,0,-2,-78
1755869579.450945,3,-2,-77
1755869579.486945,4,1,-74
1755869579.5249443,0,1,-72
1755869579.562945,-3,-1,-70
1755869579.598945,-10,-5,-73
1755869579.6379447,-4,-6,-81
1755869579.6749446,-6,-2,-72
1755869579.7129445,-1,0,-61
1755869579.7519443,5,0,-60
1755869579.7879446,5,5,-61
1755869579.8249447,0,3,-59
1755869579.8699446,9,-2,-75
1755869579.907945,3,1,-75
1755869579.9459443,-3,0,-79
1755869579.9829447,3,0,-77
1755869580.0189445,-3,0,-72
1755869580.0569446,-3,0,-75
1755869580.0959446,-4,-4,-73
1755869580.1329446,-7,-1,-80
1755869580.1719446,3,-1,-75
1755869580.2079446,0,-1,-76
1755869580.2459445,-5,1,-69
1755869580.282945,1,0,-82
1755869580.3199446,1,3,-79
1755869580.3569446,3,-4,-79
1755869580.3959446,-5,1,-69
1755869580.4339447,-8,-3,-72
1755869580.4719446,-13,2,-65
1755869580.5079446,-8,-2,-68
1755869580.5459447,-2,-3,-70
1755869580.5839446,-1,-6,-77
1755869580.6229446,10,-6,-65
1755869580.6589446,11,1,-73
1755869580.6959443,-1,0,-67
1755869580.733945,3,0,-66
1755869580.7719443,6,0,-75
1755869580.8079443,5,-5,-77
1755869580.8459446,-4,-8,-70
1755869580.8839445,-5,-7,-77
1755869580.9219446,0,-2,-63
1755869580.9579446,2,-1,-65
1755869580.9949446,2,-2,-75
1755869581.0339446,-10,-7,-60
1755869581.0719447,0,-2,-76
1755869581.1079447,-2,4,-76
1755869581.144945,-6,-5,-67
1755869581.1839447,-3,0,-75
1755869581.2219446,-1,3,-81
1755869581.2579446,-3,2,-72
1755869581.2949443,2,1,-69
1755869581.3329446,-4,0,-68
1755869581.3689446,-1,7,-63
1755869581.407945,2,-5,-76
1755869581.4449446,-4,-2,-71
1755869581.483945,0,2,-72
1755869581.519945,0,5,-74
1755869581.5579443,7,5,-78
1755869581.5959446,1,-3,-70
1755869581.6339445,4,-7,-68
1755869581.6709447,5,-4,-71
1755869581.7079446,4,0,-73
1755869581.7449446,0,4,-69
1755869581.782945,-1,1,-66
1755869581.8189447,2,-4,-75
1755869581.8569446,-8,0,-74
1755869581.894945,-5,-1,-85
1755869581.9339447,-4,2,-73
1755869581.9699447,-5,-1,-67
1755869582.0079446,-4,-1,-72
1755869582.0459447,4,-4,-80
1755869582.0839446,-1,-1,-82
1755869582.1229446,-4,-1,-79
1755869582.1589446,0,0,-80
1755869582.1959443,0,0,-73
1755869582.233945,2,-2,-66
1755869582.269945,-1,-3,-68
1755869582.3079443,-4,-4,-75
1755869582.3459446,8,-2,-69
1755869582.384945,3,-4,-68
1755869582.4229443,-1,0,-71
1755869582.4589446,2,0,-72
1755869582.496945,-1,-5,-67
1755869582.5349443,-3,-8,-62
1755869582.5739446,5,-8,-79
1755869582.6099446,5,-2,-68
1755869582.6469443,7,0,-69
1755869582.6849446,0,1,-69
1755869582.7229445,-6,0,-66
1755869582.7589445,-5,0,-73
1755869582.7969446,-6,0,-63
1755869582.8349447,-4,0,-77
1755869582.8739443,-5,2,-70
1755869582.9099443,-1,1,-69
1755869582.9469447,3,5,-85
1755869582.9849446,2,3,-87
1755869583.0229447,-1,4,-74
1755869583.0589447,-2,4,-64
1755869583.0969446,-6,2,-78
1755869583.134945,0,3,-78
1755869583.1739447,-6,4,-77
1755869583.2099447,-1,0,-82
1755869583.246945,-3,-5,-66
1755869583.2849443,-11,-1,-65
1755869583.3239446,-1,0,-65
1755869583.3599446,0,-2,-81
1755869583.3969443,-2,-4,-80
1755869583.4359446,4,-4,-80
1755869583.473945,1,-3,-70
1755869583.509945,-6,-2,-60
1755869583.5479443,-6,-2,-68
1755869583.585945,-1,0,-71
1755869583.6249447,-13,6,-68
1755869583.6609447,-3,1,-63
1755869583.6989446,-5,2,-72
1755869583.736945,-4,1,-79
1755869583.7749443,0,-5,-74
1755869583.8139446,-6,-10,-64
1755869583.8499446,-2,0,-84
1755869583.8869443,-3,-1,-74
1755869583.9249446,2,0,-58
1755869583.960945,6,0,-65
1755869583.9979446,2,0,-69
1755869584.0359447,5,0,-65
1755869584.0739446,4,1,-68
1755869584.1099446,3,2,-58
1755869584.1469443,0,-3,-66
1755869584.1859446,4,-3,-64
1755869584.223945,-2,3,-89
1755869584.259945,-2,6,-79
1755869584.2969446,0,0,-67
1755869584.3349447,-1,-4,-67
1755869584.3709445,-4,-5,-75
1755869584.4089446,-7,0,-70
1755869584.4469447,-5,1,-66
1755869584.4859445,5,9,-62
1755869584.5239446,-7,0,-68
1755869584.5599446,-5,4,-74
1755869584.5969446,-6,1,-71
1755869584.6359446,-12,0,-74
1755869584.6739447,3,4,-73
1755869584.7099447,8,-3,-76
1755869584.746945,3,1,-72
1755869584.7849443,3,6,-68
1755869584.8209443,8,4,-70
1755869584.8579447,-4,0,-67
1755869584.8959446,-4,-2,-57
1755869584.9349446,-2,-7,-58
1755869584.9709446,-7,-5,-64
1755869585.0089445,-2,6,-63
1755869585.0469446,2,8,-70
1755869585.0849447,0,1,-82
1755869585.1209445,0,-2,-75
1755869585.157945,-3,2,-68
1755869585.1959443,-4,0,-71
1755869585.2349446,3,3,-82
1755869585.2709446,3,0,-73
1755869585.3079443,0,4,-76
1755869585.3459446,3,6,-79
1755869585.381945,5,1,-69
1755869585.4189446,2,0,-76
1755869585.4559443,0,-3,-68
1755869585.4949446,0,1,-68
1755869585.5309446,0,4,-75
1755869585.5689447,0,-4,-73
1755869585.6059446,-2,7,-80
1755869585.644945,-3,8,-77
1755869585.6809447,0,3,-73
1755869585.7189443,-2,6,-75
1755869585.756945,-2,4,-70
1755869585.7949443,-2,2,-67
1755869585.8309443,-5,-3,-68
1755869585.8689446,-4,2,-78
1755869585.9069445,-5,0,-77
1755869585.9459443,1,3,-86
1755869585.9819446,-4,-1,-75
1755869586.019945,2,0,-73
1755869586.0569446,0,1,-72
1755869586.0949447,0,-9,-73
1755869586.1309447,-1,-7,-73
1755869586.1689446,3,-3,-72
1755869586.2069447,0,-6,-77
1755869586.2459445,-1,-2,-70
1755869586.2819445,0,1,-64
1755869586.3189447,2,0,-60
1755869586.3569446,-1,-4,-59
1755869586.3959446,-1,-6,-57
1755869586.4319446,0,-1,-63
1755869586.4689443,-8,1,-69
1755869586.506945,5,6,-64
1755869586.5449443,2,4,-76
1755869586.5809443,-5,10,-77
1755869586.6179447,1,0,-68
1755869586.6569445,5,0,-81
1755869586.6949446,-1,-6,-75
1755869586.7309446,1,0,-83
1755869586.7679446,7,3,-84
1755869586.8069446,0,2,-72
1755869586.8429446,-1,2,-75
1755869586.8799446,5,1,-72
1755869586.9169445,3,-1,-66
1755869586.9559443,1,0,-65
1755869586.9919446,-4,2,-72
1755869587.029945,1,1,-69
1755869587.0669446,-3,0,-72
1755869587.1059446,-7,1,-75
1755869587.1429446,-4,-3,-68
1755869587.1799445,1,0,-68
1755869587.2169447,0,-2,-74
1755869587.2559447,4,0,-67
1755869587.292945,1,-5,-72
1755869587.3299446,-2,-3,-68
1755869587.3679447,-1,-5,-71
1755869587.4069445,1,-7,-74
1755869587.4429443,5,-3,-66
1755869587.4809446,-1,2,-69
1755869587.5179446,0,-4,-73
1755869587.5569446,3,-7,-76
1755869587.5929446,11,-1,-76
1755869587.6309447,11,-4,-68
1755869587.667945,2,-6,-74
1755869587.7069447,0,-3,-77
1755869587.7429447,-2,0,-85
1755869587.7809446,4,8,-81
1755869587.8179443,0,3,-72
1755869587.8559446,-6,-3,-65
1755869587.8919446,-2,0,-73
1755869587.9299445,0,-1,-83
1755869587.9679446,5,-3,-73
1755869588.006945,4,2,-75
1755869588.042945,-1,0,-70
1755869588.0809443,0,-1,-73
1755869588.1199446,5,-4,-70
1755869588.157945,2,0,-77
1755869588.1959443,4,1,-68
1755869588.2319446,8,-3,-70
1755869588.269945,9,0,-69
1755869588.3079443,1,0,-82
1755869588.3459446,2,-4,-71
1755869588.381945,6,-5,-80
1755869588.4199443,2,-6,-74
1755869588.4579446,4,9,-79
1755869588.4959445,-5,1,-77
1755869588.5319445,2,-1,-80
1755869588.5699446,-5,-5,-86
1755869588.6079447,5,-12,-81
1755869588.6439445,2,0,-68
1755869588.6809447,2,1,-68
1755869588.7179446,0,3,-62
1755869588.7539446,4,0,-68
1755869588.7909446,1,-9,-63
1755869588.8289447,-2,-6,-68
1755869588.8679447,-7,-5,-70
1755869588.9039447,-6,0,-68
1755869588.9419446,-4,3,-77
1755869588.9809446,-4,1,-59
1755869589.0179446,-6,-3,-64
1755869589.0569446,-3,0,-70
1755869589.0929446,1,3,-81
1755869589.1309447,6,-1,-79
1755869589.1689446,1,-2,-67
1755869589.2079446,0,2,-79
1755869589.2439446,2,3,-85
1755869589.2809446,4,5,-79
1755869589.3179443,0,2,-80
1755869589.3569446,3,0,-64
1755869589.3939445,2,0,-59
1755869589.4309447,3,0,-59
1755869589.4689443,4,0,-69
1755869589.5079446,5,2,-73
1755869589.5439446,-1,0,-71
1755869589.5809443,-4,2,-80
1755869589.6199446,-4,0,-91
1755869589.6589446,4,-4,-90
1755869589.6969447,1,0,-75
1755869589.7329447,-5,1,-71
1755869589.769945,6,3,-72
1755869589.8079443,3,-1,-69
1755869589.8439443,5,0,-69
1755869589.8899446,0,-2,-63
1755869589.927945,10,0,-70
1755869589.963945,5,0,-82
1755869590.0009446,4,-8,-71
1755869590.0399446,1,-5,-78
1755869590.0779445,4,-5,-78
1755869590.1139443,4,-5,-71
1755869590.1509447,1,2,-82
1755869590.1889446,4,-3,-76
1755869590.2269447,-3,-2,-70
1755869590.2629447,-5,-1,-66
1755869590.3009446,-8,-3,-74
1755869590.338945,-1,0,-76
1755869590.3779447,7,7,-77
1755869590.4139447,6,4,-76
1755869590.450945,7,0,-67
1755869590.4889443,7,4,-66
1755869590.5249443,5,0,-76
1755869590.5619447,-5,3,-72
1755869590.5999446,-2,0,-69
1755869590.6389446,-2,-10,-71
1755869590.6749446,-7,-4,-69
1755869590.713945,3,-5,-82
1755869590.7509446,0,-6,-84
1755869590.7889447,4,-6,-78
1755869590.8279445,8,-4,-79
1755869590.8639443,5,-8,-78
1755869590.9009447,0,-2,-66
1755869590.9389446,0,-2,-69
1755869590.9779446,2,-4,-63
1755869591.0139446,0,-9,-61
1755869591.0509446,-6,0,-68
1755869591.088945,-10,0,-69
1755869591.1279447,4,0,-71
1755869591.1639447,3,-4,-73
1755869591.200945,-1,-3,-73
1755869591.2399447,0,-10,-76
1755869591.2779446,-5,-1,-74
1755869591.3139446,-2,0,-71
1755869591.3509445,-2,5,-70
1755869591.3899446,5,0,-75
1755869591.427945,0,-6,-73
1755869591.463945,0,3,-74
1755869591.5009446,-3,-1,-69
1755869591.5399446,3,-8,-78
1755869591.5779445,-2,-7,-70
1755869591.6139443,1,-4,-65
1755869591.6519446,-6,5,-88
1755869591.6899445,-3,-2,-75
1755869591.7279446,3,-1,-77
1755869591.7639446,6,-2,-79
1755869591.8019447,6,0,-73
1755869591.8399446,2,1,-71
1755869591.8779447,-2,0,-75
1755869591.9139447,-4,-1,-80
1755869591.9519446,0,-5,-85
1755869591.9899447,0,-4,-69
1755869592.0289447,-1,-1,-79
1755869592.0649445,-4,0,-78
1755869592.1019447,2,-1,-83
1755869592.1399446,-2,1,-86
1755869592.1789446,-2,5,-69
1755869592.2149446,-1,-2,-71
1755869592.2529447,-4,1,-78
1755869592.2909446,5,-4,-76
1755869592.3299446,-8,-1,-67
1755869592.3659446,-6,0,-70
1755869592.4039447,0,-2,-75
1755869592.4429443,3,-1,-77
1755869592.4799447,3,-2,-81
1755869592.5189445,-4,-2,-88
1755869592.5549445,1,3,-87
1755869592.5919447,4,-6,-74
1755869592.6299446,-2,-8,-68
1755869592.6689446,-3,-6,-78
1755869592.7049446,1,0,-89
1755869592.7429447,4,-9,-74
1755869592.779945,2,0,-77
1755869592.815945,0,10,-75
1755869592.8539443,1,-3,-68
1755869592.8929446,-1,1,-74
1755869592.9309447,0,1,-76
1755869592.9689443,-3,-5,-66
1755869593.0049446,1,-8,-80
1755869593.042945,4,-10,-80
1755869593.0809443,8,1,-66
1755869593.1189446,-3,-5,-71
1755869593.154945,-6,-6,-73
1755869593.1929443,1,0,-74
1755869593.2309446,-1,-6,-70
1755869593.2689445,-3,3,-80
1755869593.3049445,3,-2,-81
1755869593.3429446,1,-6,-68
1755869593.3809447,0,-2,-57
1755869593.4189446,2,0,-59
1755869593.4549446,-1,-5,-58
1755869593.4929447,4,0,-60
1755869593.5309446,-3,0,-68
1755869593.5689447,2,0,-76
1755869593.6049447,-8,1,-76
1755869593.6429446,-2,-5,-79
1755869593.6809447,-1,1,-77
1755869593.7199447,-4,5,-76
1755869593.7559447,1,1,-80
1755869593.792945,3,7,-80
1755869593.8309443,-2,4,-83
1755869593.8689446,2,5,-76
1755869593.904945,1,-1,-79
1755869593.9419446,2,0,-84
1755869593.9799447,2,-4,-72
1755869594.0159447,2,-2,-71
1755869594.0549445,-2,-4,-75
1755869594.0919447,6,-2,-79
1755869594.1309447,-3,0,-87
1755869594.1669445,4,7,-77
1755869594.2049446,5,2,-66
1755869594.2419446,3,4,-65
1755869594.279945,8,-1,-66
1755869594.315945,-4,0,-78
1755869594.3529446,-5,4,-70
1755869594.3919446,-6,0,-80
1755869594.4299445,1,6,-74
1755869594.4659443,8,0,-74
1755869594.5029447,6,2,-69
1755869594.5409446,0,3,-62
1755869594.5769446,-3,0,-61
1755869594.6149447,-2,-3,-71
1755869594.6529446,-2,-5,-82
1755869594.690945,1,1,-68
1755869594.7299447,-8,1,-68
1755869594.7659447,-5,1,-76
1755869594.802945,2,-1,-73
1755869594.8419447,-1,-9,-80
1755869594.8799446,-1,-8,-79
1755869594.9159446,-3,-5,-73
1755869594.9539447,0,-4,-71
1755869594.9919446,1,-4,-61
1755869595.0309446,0,0,-71
1755869595.0669446,0,-1,-75
1755869595.1039443,0,-2,-63
1755869595.1419446,4,-2,-75
1755869595.1809447,2,0,-72
1755869595.2169447,0,2,-72
1755869595.2539446,0,8,-67
1755869595.2919445,5,-5,-71
1755869595.3309443,2,-5,-64
1755869595.3669446,3,-2,-67
1755869595.4039447,8,-2,-62
1755869595.4419446,-1,0,-69
1755869595.4809446,-6,3,-71
1755869595.5169446,-4,3,-66
1755869595.5539446,1,5,-72
1755869595.5919447,-4,3,-73
1755869595.6299446,2,0,-81
1755869595.6659446,5,-2,-75
1755869595.7039447,-7,-1,-72
1755869595.7419446,0,-6,-81
1755869595.7809446,-11,-2,-69
1755869595.8169446,0,-2,-81
1755869595.8539443,-2,-7,-72
1755869595.8919446,2,-3,-74
1755869595.9309447,6,-2,-78
1755869595.9669447,8,7,-70
1755869596.0039446,4,-3,-60
1755869596.0419445,4,-4,-71
1755869596.0809443,1,2,-77
1755869596.1169446,0,1,-69
1755869596.1539447,-7,4,-71
1755869596.1919446,-8,5,-75
1755869596.2309446,-3,5,-70
1755869596.2669446,-2,-1,-74
1755869596.3049445,-2,-1,-68
1755869596.3429446,2,0,-63
1755869596.3809447,-2,7,-72
1755869596.4169445,3,6,-74
1755869596.4539447,1,-3,-69
1755869596.4929447,4,-5,-79
1755869596.5309446,-1,2,-80
1755869596.5669446,-2,-5,-77
1755869596.6049447,8,-2,-84
1755869596.6429446,9,-2,-81
1755869596.6819446,8,1,-81
1755869596.7179446,0,1,-81
1755869596.7549446,0,-6,-77
1755869596.792945,0,0,-63
1755869596.8319447,-1,1,-70
1755869596.8679447,2,-3,-76
1755869596.904945,2,-1,-82
1755869596.9429443,7,-1,-72
1755869596.9819446,3,-1,-73
1755869597.0179446,-2,1,-67
1755869597.0549445,1,4,-79
1755869597.0929446,6,-6,-83
1755869597.131945,1,3,-76
1755869597.167945,6,2,-76
1755869597.2049446,0,-1,-79
1755869597.2429447,-1,1,-84
1755869597.2819445,-4,0,-74
1755869597.3189447,-3,0,-63
1755869597.3559446,-2,-2,-70
1755869597.3939445,-5,5,-64
1755869597.4329443,6,1,-59
1755869597.4709446,5,-4,-77
1755869597.5079446,7,1,-71
1755869597.5449443,5,6,-72
1755869597.5829446,3,6,-62
1755869597.6189446,4,-3,-69
1755869597.6559446,-2,-2,-80
1755869597.6939447,-3,-6,-76
1755869597.7329447,9,-5,-81
1755869597.7689445,3,2,-75
1755869597.8059447,-2,-4,-60
1755869597.8439443,-2,4,-71
1755869597.8829446,-7,0,-68
1755869597.9189446,-3,0,-66
1755869597.9569447,-4,-2,-62
1755869597.9949446,-5,-9,-60
1755869598.032945,2,-5,-75
1755869598.0719447,9,-2,-69
1755869598.1079447,5,2,-60
1755869598.144945,0,-3,-64
1755869598.1829443,4,-3,-70
1755869598.2229445,0,1,-66
1755869598.2589445,2,0,-69
1755869598.2959447,6,-4,-71
1755869598.3339446,-1,2,-71
1755869598.3729446,-2,-5,-70
1755869598.4089446,-5,-5,-76
1755869598.4469447,-7,0,-67
1755869598.4849446,-2,-4,-79
1755869598.5239446,-7,-10,-77
1755869598.5619447,-6,-5,-76
1755869598.5979445,-7,2,-65
1755869598.634945,-5,5,-70
1755869598.6739447,0,4,-76
1755869598.7119446,-8,0,-63
1755869598.7479446,1,5,-72
1755869598.7849443,2,5,-70
1755869598.8229446,-6,-2,-81
1755869598.858945,-7,-1,-77
1755869598.8969443,-1,0,-74
1755869598.9349446,0,0,-77
1755869598.973945,0,-8,-70
1755869599.0119443,3,3,-75
1755869599.0479443,6,5,-73
1755869599.0849447,0,-2,-58
1755869599.1239443,-1,-6,-59
1755869599.1619446,4,-2,-62
1755869599.1979446,1,-7,-74
1755869599.2359445,2,-3,-66
1755869599.2739446,6,1,-79
1755869599.3119447,-8,0,-73
1755869599.348945,-6,-6,-70
1755869599.3859446,-1,-1,-70
1755869599.4239447,-7,0,-72
1755869599.4629445,3,1,-77
1755869599.4989443,6,-1,-75
1755869599.5359447,8,-9,-79
1755869599.5739446,6,0,-84
1755869599.6099446,7,8,-85
1755869599.6469443,5,7,-85
1755869599.6839447,0,5,-80
1755869599.7199447,3,-2,-89
1755869599.7579446,0,0,-84
1755869599.7949443,0,5,-90
1755869599.8329446,0,5,-75
1755869599.8689446,4,1,-74
1755869599.9149446,6,-1,-66
1755869599.9529445,5,-4,-62
1755869599.9889443,1,-4,-62
1755869600.0269446,5,-7,-62
1755869600.0649445,9,-2,-65
1755869600.1039443,5,3,-67
1755869600.1399446,2,-5,-73
1755869600.1769447,1,-1,-70
1755869600.2149446,3,-2,-69
1755869600.2539446,4,-2,-67
1755869600.2899446,1,-3,-75
1755869600.3269446,11,-1,-72
1755869600.3649447,8,-2,-74
1755869600.4039447,0,-2,-72
1755869600.4399445,-1,-3,-80
1755869600.4779446,-11,0,-73
1755869600.5159447,-8,-3,-79
1755869600.5549445,-2,-3,-80
1755869600.5929446,5,-2,-81
1755869600.6289446,7,-4,-80
1755869600.6659446,-1,-3,-78
1755869600.7049446,2,-4,-86
1755869600.7429447,5,0,-73
1755869600.7789447,-3,2,-70
1755869600.815945,2,0,-80
1755869600.8539443,0,0,-72
1755869600.8899446,-4,2,-77
1755869600.927945,-9,0,-80
1755869600.9659443,-1,4,-69
1755869601.0049446,5,0,-77
1755869601.042945,0,3,-66
1755869601.0789447,3,1,-59
1755869601.1159446,-4,-5,-77
1755869601.154945,-10,2,-66
1755869601.190945,-1,2,-70
1755869601.2279446,0,5,-77
1755869601.2649446,-4,5,-71
1755869601.3039446,-1,-3,-73
1755869601.3399446,11,-2,-71
1755869601.3769443,0,-4,-67
1755869601.4149446,-6,-2,-69
1755869601.4539447,0,-5,-65
1755869601.4899447,5,0,-76
1755869601.5269446,11,-2,-78
1755869601.5649445,7,-2,-80
1755869601.6039443,-1,-10,-72
1755869601.6399446,-1,-6,-62
1755869601.677945,-2,-7,-70
1755869601.7159443,-1,-5,-77
1755869601.7549446,1,-4,-68
1755869601.7909446,0,-4,-69
1755869601.8279445,-4,0,-80
1755869601.8659446,-2,0,-78
1755869601.904945,1,-3,-82
1755869601.940945,-1,1,-76
1755869601.9789443,0,-2,-74
1755869602.0169446,-1,5,-78
1755869602.0559447,0,8,-73
1755869602.0939443,1,5,-71
1755869602.1299446,2,4,-69
1755869602.1669445,-6,4,-79
1755869602.2059443,-2,2,-70
1755869602.2439446,4,-1,-70
1755869602.279945,2,0,-68
1755869602.3169446,1,6,-65
1755869602.3559446,2,6,-62
1755869602.3939445,1,6,-74
1755869602.4299445,2,12,-69
1755869602.4669447,-3,3,-63
1755869602.5059447,-7,6,-70
1755869602.5439446,-2,0,-72
1755869602.5799446,2,0,-86
1755869602.6169446,5,-1,-61
1755869602.6559446,2,-1,-77
1755869602.6939447,-2,3,-70
1755869602.7299447,2,-1,-72
1755869602.7689445,3,4,-72
1755869602.8059447,2,0,-75
1755869602.8439443,-4,-7,-67
1755869602.8799446,4,-5,-70
1755869602.9169445,0,-1,-73
1755869602.9559443,-3,5,-78
1755869602.9919446,-1,-2,-73
1755869603.0309446,-4,-1,-76
1755869603.0689447,1,0,-72
1755869603.1059446,2,-4,-72
1755869603.144945,1,-1,-67
1755869603.1809447,6,-4,-75
1755869603.2189443,8,-1,-80
1755869603.256945,5,-6,-73
1755869603.2959447,7,-1,-72
1755869603.3319447,8,0,-85
1755869603.3689446,0,0,-74
1755869603.4059446,3,-1,-65
1755869603.4449446,0,-2,-66
1755869603.4809446,-2,-3,-71
1755869603.5189445,3,0,-76
1755869603.5559447,-2,-5,-79
1755869603.5949447,0,0,-59
1755869603.6309447,9,1,-63
1755869603.6689446,4,-4,-76
1755869603.7069447,-3,0,-78
1755869603.7459445,-3,-5,-65
1755869603.7819445,0,-5,-70
1755869603.8189447,-6,-6,-73
1755869603.8569446,-7,-1,-66
1755869603.8959446,-8,-1,-70
1755869603.9319446,2,-2,-66
1755869603.9689443,2,-3,-66
1755869604.006945,3,-1,-71
1755869604.0459447,3,5,-70
1755869604.0819447,-4,1,-69
1755869604.1189446,1,1,-74
1755869604.1569445,2,-2,-84
1755869604.1949446,1,0,-80
1755869604.2309446,2,0,-72
1755869604.2689445,3,-3,-74
1755869604.3069446,0,-2,-69
1755869604.3459446,5,0,-82
1755869604.381945,-5,3,-78
1755869604.4189446,-2,2,-92
1755869604.4569447,-6,-2,-79
1755869604.4959445,0,-1,-87
1755869604.5319445,-3,0,-72
1755869604.5689447,-7,0,-84
1755869604.6069446,-12,4,-79
1755869604.6459446,1,1,-76
1755869604.6819446,6,0,-78
1755869604.7189443,3,-7,-69
1755869604.756945,2,-4,-75
1755869604.7959447,2,-1,-80
1755869604.8319447,-4,-2,-78
1755869604.8699446,0,4,-74
1755869604.9069445,-8,6,-73
1755869604.9459443,-8,0,-76
1755869604.9819446,1,3,-72
1755869605.0189445,-2,6,-84
1755869605.0569446,-3,1,-71
1755869605.0959446,0,-1,-70
1755869605.131945,3,0,-65
1755869605.1689446,-6,-5,-69
1755869605.2069447,-8,-13,-79
1755869605.2459445,0,-5,-66
1755869605.2819445,4,-4,-68
1755869605.3189447,-4,0,-72
1755869605.3569446,5,-6,-63
1755869605.3959446,0,-1,-78
1755869605.4319446,0,0,-75
1755869605.4689443,5,1,-66
1755869605.5079446,2,0,-65
1755869605.5459447,2,-5,-58
1755869605.5819447,0,-4,-63
1755869605.6189446,-1,3,-65
1755869605.657945,0,-2,-71
1755869605.6959443,-1,0,-76
1755869605.7319446,4,-2,-76
1755869605.769945,-8,-2,-76
1755869605.8079443,1,8,-73
1755869605.8459446,6,2,-65
1755869605.881945,3,-2,-81
1755869605.9189446,3,3,-82
1755869605.9579446,4,4,-73
1755869605.9959445,7,0,-75
1755869606.0319445,3,0,-77
1755869606.0699446,1,0,-66
1755869606.1079447,6,1,-81
1755869606.1459446,10,5,-80
1755869606.1819446,2,3,-78
1755869606.2199447,5,1,-66
1755869606.2579446,4,7,-64
1755869606.2959447,5,4,-65
1755869606.3319447,-1,-1,-77
1755869606.3699446,-2,2,-75
1755869606.407945,0,-3,-68
1755869606.4469447,-6,8,-73
1755869606.4829447,-1,1,-76
1755869606.519945,6,-4,-76
1755869606.5579443,6,2,-71
1755869606.5939443,4,5,-68
1755869606.6309447,1,-1,-75
1755869606.6689446,-5,0,-66
1755869606.7079446,1,0,-63
1755869606.7439446,-5,5,-64
1755869606.7809446,-5,3,-64
1755869606.8199446,0,0,-64
1755869606.8579447,6,-2,-72
1755869606.8939445,10,-7,-77
1755869606.9309447,4,-1,-78
1755869606.9689443,0,-3,-63
1755869607.0079446,0,-1,-66
1755869607.0439446,0,5,-68
1755869607.0809443,1,2,-68
1755869607.1189446,0,-1,-78
1755869607.157945,-7,-1,-78
1755869607.1939447,-1,1,-76
1755869607.2309446,4,4,-76
1755869607.269945,13,4,-68
1755869607.3079443,1,-4,-56
1755869607.3439443,0,0,-68
1755869607.3809447,0,1,-80
1755869607.4189446,4,-5,-79
1755869607.4579446,5,9,-85
1755869607.4939446,-4,7,-83
1755869607.5319445,-6,6,-72
1755869607.5689447,0,-4,-79
1755869607.6079447,-2,2,-81
1755869607.6439445,-3,6,-74
1755869607.6819446,-6,0,-76
1755869607.7189443,0,0,-86
1755869607.756945,1,5,-91
1755869607.7939446,-4,-2,-78
1755869607.8309443,0,2,-74
1755869607.8689446,5,2,-81
1755869607.9069445,2,0,-69
1755869607.9429443,-3,-6,-68
1755869607.9809446,0,2,-74
1755869608.0189445,5,4,-78
1755869608.0569446,5,2,-72
1755869608.0929446,5,3,-71
1755869608.1299446,0,3,-81
1755869608.167945,5,1,-81
1755869608.2039447,3,0,-82
1755869608.2409446,1,1,-83
1755869608.2789447,-1,-4,-78
1755869608.3179443,3,-4,-64
1755869608.3539443,1,-2,-66
1755869608.3919446,-8,1,-77
1755869608.4289446,-1,1,-74
1755869608.4679446,0,-2,-61
1755869608.5039446,-1,2,-77
1755869608.5409446,1,-1,-68
1755869608.5789447,-4,4,-66
1755869608.6179447,-12,-1,-68
1755869608.6539447,-5,0,-63
1755869608.6919446,-1,0,-62
1755869608.7289443,-1,-4,-70
1755869608.7679446,-1,1,-68
1755869608.8039446,-3,-4,-70
1755869608.8419447,1,-6,-71
1755869608.8799446,-4,-4,-59
1755869608.9189446,2,0,-77
1755869608.9549446,1,8,-74
1755869608.9919446,-1,5,-71
1755869609.029945,-4,1,-70
1755869609.0689447,1,-4,-78
1755869609.1049447,4,-5,-76
1755869609.1419446,2,6,-72
1755869609.1799445,2,0,-63
1755869609.2189443,-4,3,-73
1755869609.2549446,-2,2,-72
1755869609.2919445,-3,6,-74
1755869609.3299446,-7,-2,-83
1755869609.3689446,-1,2,-81
1755869609.404945,-3,-2,-66
1755869609.4429443,-5,5,-66
1755869609.4809446,-6,-4,-68
1755869609.519945,1,0,-83
1755869609.5579443,0,-1,-83
1755869609.5939443,-7,-1,-75
1755869609.6329446,4,10,-75
1755869609.6699443,3,0,-68
1755869609.7079446,5,4,-81
1755869609.7449446,-3,7,-79
1755869609.7819445,3,5,-71
1755869609.8199446,3,0,-65
1755869609.8579447,5,1,-77
1755869609.894945,2,2,-80
1755869609.940945,4,-2,-70
1755869609.9789443,7,-3,-80
1755869610.0149446,0,0,-72
1755869610.052945,0,-7,-60
1755869610.0909443,0,-7,-62
1755869610.1299446,1,-1,-70
1755869610.1659446,2,4,-74
1755869610.2029445,-5,-4,-76
1755869610.2409446,0,-4,-79
1755869610.279945,-4,-4,-66
1755869610.315945,0,5,-74
1755869610.3529446,2,1,-61
1755869610.3899446,5,-7,-58
1755869610.4289446,1,-1,-77
1755869610.4649446,0,0,-78
1755869610.5019443,8,-5,-73
1755869610.5399446,9,-1,-72
1755869610.5789447,6,-3,-74
1755869610.6149447,0,3,-71
1755869610.6519446,0,0,-78
1755869610.6899445,-4,6,-75
1755869610.7259445,-4,4,-72
1755869610.7629447,0,4,-60
1755869610.7999446,-3,1,-60
1755869610.838945,-4,0,-79
1755869610.8749447,-3,2,-71
1755869610.9129446,4,5,-79
1755869610.950945,1,5,-71
1755869610.9889443,8,0,-73
1755869611.0249443,4,0,-75
1755869611.0619447,2,2,-80
1755869611.1009445,0,-4,-73
1755869611.1389446,3,0,-64
1755869611.1749446,8,0,-70
1755869611.2119446,4,-3,-71
1755869611.2509446,-1,-3,-75
1755869611.2889447,-6,-8,-76
1755869611.3249447,-10,-4,-90
1755869611.3629446,3,2,-87
1755869611.4009447,1,0,-82
1755869611.4389446,-4,-2,-78
1755869611.4749446,-8,-3,-72
1755869611.5129447,1,-3,-66
1755869611.5519447,0,-6,-77
1755869611.5899446,0,-1,-72
1755869611.6259446,2,-1,-71
1755869611.6629446,0,4,-74
1755869611.700945,1,-4,-69
1755869611.7399447,4,-3,-84
1755869611.7759447,4,6,-80
1755869611.812945,4,4,-76
1755869611.8509445,2,-2,-74
1755869611.8899446,-1,-2,-69
1755869611.9259446,-5,-2,-78
1755869611.963945,-4,0,-85
1755869612.0019443,-2,-5,-78
1755869612.0409446,-4,0,-78
1755869612.0769446,-6,-8,-82
1755869612.1149447,-1,-4,-68
1755869612.1529446,1,-1,-63
1755869612.190945,-3,-5,-71
1755869612.2299447,-4,3,-64
1755869612.2659447,1,-3,-77
1755869612.3039446,-3,0,-82
1755869612.3429446,-7,-5,-81
1755869612.3809447,-8,-1,-76
1755869612.4169445,-2,4,-75
1755869612.4539447,4,6,-82
1755869612.4919446,4,3,-84
1755869612.529945,0,0,-70
1755869612.565945,-3,2,-75
1755869612.6039443,-5,-5,-69
1755869612.6419446,0,-2,-86
1755869612.6809447,-2,-5,-71
1755869612.7169447,-9,-5,-70
1755869612.7559447,-2,-3,-79
1755869612.792945,-4,0,-80
1755869612.8319447,4,2,-71
1755869612.8699446,-2,0,-64
1755869612.9059446,-2,-4,-70
1755869612.9449446,-8,0,-71
1755869612.9819446,0,0,-72
1755869613.019945,0,0,-71
1755869613.0559447,1,0,-72
1755869613.0939443,1,-1,-77
1755869613.131945,5,2,-73
1755869613.1699443,-3,-2,-82
1755869613.2059443,0,-6,-77
1755869613.2429447,0,-3,-73
1755869613.2819445,6,1,-77
1755869613.3199446,4,-4,-73
1755869613.3559446,3,-8,-82
1755869613.3929446,2,-7,-90
1755869613.4319446,-8,-4,-76
1755869613.4699447,-4,-3,-69
1755869613.5059447,-10,-3,-67
1755869613.5439446,2,-6,-73
1755869613.5819447,3,-6,-87
1755869613.6209445,3,-3,-74
1755869613.6569445,0,0,-59
1755869613.6939447,-1,0,-71
1755869613.7319446,-7,2,-71
1755869613.7709446,-2,-8,-69
1755869613.8069446,-1,1,-80
1755869613.8439443,-4,0,-76
1755869613.881945,3,0,-72
1755869613.917945,3,-3,-74
1755869613.9549446,-3,-1,-76
1755869613.9939446,0,-5,-81
1755869614.0319445,6,-1,-86
1755869614.0679443,3,-4,-78
1755869614.1049447,0,0,-70
1755869614.1429446,0,5,-72
1755869614.1809447,-8,4,-72
1755869614.2169447,-1,1,-66
1755869614.2549446,0,2,-59
1755869614.292945,-2,3,-58
1755869614.3319447,3,-1,-70
1755869614.3679447,0,1,-70
1755869614.404945,6,-4,-68
1755869614.4429443,3,-3,-65
1755869614.4819446,7,3,-78
1755869614.5179446,3,-4,-81
1755869614.5569446,0,-3,-76
1755869614.5939443,-6,-5,-81
1755869614.6329446,-4,-5,-82
1755869614.6709447,-7,-6,-78
1755869614.7079446,-2,-8,-72
1755869614.7459445,0,-6,-72
1755869614.7839446,-1,-2,-77
1755869614.8229446,-1,4,-66
1755869614.8609445,1,0,-67
1755869614.8969443,4,-2,-67
1755869614.9339447,2,-12,-67
1755869614.9729445,0,-4,-65
1755869615.0109446,-2,0,-62
1755869615.0469446,-4,-1,-77
1755869615.0849447,-2,0,-80
1755869615.1239443,-2,1,-72
1755869615.1619446,1,3,-70
1755869615.1979446,-1,1,-66
1755869615.2349446,-4,1,-57
1755869615.2739446,2,3,-77
1755869615.3119447,4,3,-74
1755869615.3479445,4,0,-73
1755869615.384945,-3,-4,-74
1755869615.4229443,3,-6,-65
1755869615.4619446,7,-3,-67
1755869615.4979446,3,1,-69
1755869615.5349443,3,8,-61
1755869615.5729446,0,1,-76
1755869615.608945,0,0,-76
1755869615.6469443,1,0,-74
1755869615.6839447,-1,1,-74
1755869615.7229445,1,-1,-78
1755869615.7589445,-8,0,-80
1755869615.7969446,-5,-5,-75
1755869615.8349447,-8,3,-80
1755869615.8729446,-2,-2,-75
1755869615.9119446,-6,0,-72
1755869615.9479446,1,4,-71
1755869615.9849446,1,2,-76
1755869616.0229447,0,4,-74
1755869616.0589447,-5,-2,-79
1755869616.0969446,3,-7,-85
1755869616.134945,-1,-3,-80
1755869616.1729443,-2,2,-68
1755869616.2119446,-5,3,-76
1755869616.2479446,-1,1,-87
1755869616.2849443,-7,-1,-77
1755869616.3239446,-1,0,-65
1755869616.361945,-1,-7,-70
1755869616.3979447,6,-2,-82
1755869616.4349446,7,-12,-85
1755869616.473945,1,-1,-65
1755869616.5119443,-2,-5,-68
1755869616.5479443,3,0,-76
1755869616.5849447,-3,0,-66
1755869616.6239443,2,2,-61
1755869616.6619446,-3,0,-66
1755869616.6979446,2,-2,-71
1755869616.7349446,-11,-4,-66
1755869616.7739446,1,-6,-67
1755869616.8119447,-7,-6,-75
1755869616.8479445,2,2,-67
1755869616.884945,6,-4,-70
1755869616.9239447,7,-3,-74
1755869616.9619446,4,9,-71
1755869616.9979446,-1,5,-73
1755869617.0349443,-3,0,-73
1755869617.0739446,0,-4,-67
1755869617.111945,-2,1,-63
1755869617.1479447,1,-1,-77
1755869617.1849446,5,-4,-84
1755869617.223945,3,-3,-87
1755869617.259945,0,5,-82
1755869617.2969446,0,6,-78
1755869617.3339446,-3,3,-80
1755869617.3729446,-3,-1,-85
1755869617.4089446,-1,1,-72
1755869617.4459443,-3,-4,-68
1755869617.483945,-11,6,-73
1755869617.5229447,-10,0,-60
1755869617.5589447,-5,0,-74
1755869617.5959446,0,1,-74
1755869617.6339445,0,-4,-64
1755869617.6699443,-3,-2,-69
1755869617.7079446,0,-10,-72
1755869617.7459445,-9,-2,-73
1755869617.7839446,0,-1,-61
1755869617.8229446,-4,1,-57
1755869617.858945,0,4,-69
1755869617.8959446,3,0,-74
1755869617.9339447,-2,0,-65
1755869617.9699447,-7,-6,-64
1755869618.0079446,-7,-10,-61
1755869618.0459447,-1,-5,-65
1755869618.0849447,1,-4,-73
1755869618.1229446,-1,0,-66
1755869618.1589446,-5,1,-72
1755869618.1959443,4,2,-69
1755869618.2349446,6,5,-65
1755869618.2729447,9,0,-60
1755869618.3089447,4,8,-71
1755869618.3459446,-2,3,-79
1755869618.384945,0,6,-81
1755869618.4229443,-4,-4,-75
1755869618.4589446,-4,3,-76
1755869618.4979446,-3,0,-74
1755869618.5349443,-3,8,-73
1755869618.5739446,0,4,-71
1755869618.6099446,-4,0,-73
1755869618.6479447,3,0,-77
1755869618.6859446,-2,-4,-81
1755869618.7249446,-10,0,-77
1755869618.7629447,-8,-3,-74
1755869618.7989447,-5,0,-81
1755869618.8369446,1,3,-82
1755869618.8749447,-5,3,-80
1755869618.9129446,1,6,-74
1755869618.9489446,2,7,-64
1755869618.9859445,6,3,-76
1755869619.0249443,6,-2,-63
1755869619.0609446,0,-2,-67
1755869619.0979445,-1,-1,-69
1755869619.1359446,0,4,-72
1755869619.1749446,0,4,-69
1755869619.210945,-1,3,-64
1755869619.2499447,4,0,-59
1755869619.2869446,4,3,-64
1755869619.3249447,7,3,-83
1755869619.3609445,2,6,-72
1755869619.3999443,7,0,-65
1755869619.4369447,7,1,-79
1755869619.4749446,5,3,-78
1755869619.5109446,6,3,-74
1755869619.5489447,0,3,-69
1755869619.5869446,-6,-2,-75
1755869619.6259446,-6,-14,-70
1755869619.6639447,-3,-2,-71
1755869619.6999447,-5,2,-62
1755869619.736945,-3,-2,-69
1755869619.7759447,0,-1,-75
1755869619.8139446,2,-3,-83
1755869619.8499446,0,2,-78
1755869619.8869443,-6,4,-77
1755869619.9259446,-6,2,-72
1755869619.9699447,-5,-4,-75
1755869620.0089445,2,-1,-68
1755869620.0469446,-2,-2,-66
1755869620.0849447,1,-3,-75
1755869620.1209445,0,-4,-70
1755869620.157945,-2,-6,-62
1755869620.1959443,0,-2,-73
1755869620.2349446,0,-1,-68
1755869620.2709446,2,0,-60
1755869620.3079443,-1,0,-68
1755869620.3459446,-1,-5,-71
1755869620.384945,-4,-5,-81
1755869620.4209447,-2,0,-83
1755869620.4579446,-3,-2,-70
1755869620.496945,2,-2,-73
1755869620.5349443,6,1,-80
1755869620.5709443,4,0,-74
1755869620.6079447,4,-7,-80
1755869620.6469443,2,-1,-70
1755869620.6849446,1,-5,-70
1755869620.7209446,5,1,-69
1755869620.7579446,0,-2,-69
1755869620.7959447,4,5,-73
1755869620.8349447,1,-2,-71
1755869620.8709445,1,0,-83
1755869620.907945,0,2,-81
1755869620.9459443,1,3,-84
1755869620.9819446,2,0,-69
1755869621.019945,-4,4,-68
1755869621.0579443,7,4,-74
1755869621.0969446,2,4,-69
1755869621.134945,0,3,-70
1755869621.1709447,6,0,-80
1755869621.2079446,1,1,-72
1755869621.2459445,-9,0,-80
1755869621.2819445,-7,2,-88
1755869621.3199446,0,-3,-88
1755869621.3579447,2,0,-79
1755869621.3959446,-2,-1,-79
1755869621.4319446,-2,-7,-76
1755869621.4699447,0,-4,-71
1755869621.5079446,-3,-1,-72
1755869621.5459447,-10,-4,-64
1755869621.5849447,-7,-2,-79
1755869621.6209445,-8,-1,-82
1755869621.6599443,-4,-11,-67
1755869621.6969447,-2,-5,-71
1755869621.7359445,-7,-6,-67
1755869621.7729447,-1,-5,-65
1755869621.8099446,2,-11,-70
1755869621.8479445,2,-6,-81
1755869621.8869443,-4,-5,-66
1755869621.9249446,8,-6,-72
1755869621.960945,7,-1,-77
1755869621.9989443,-1,0,-73
1755869622.0369446,7,1,-70
1755869622.075945,3,-1,-74
1755869622.111945,5,-4,-75
1755869622.1499443,-4,-3,-74
1755869622.187945,-5,0,-72
1755869622.2269447,-5,-5,-79
1755869622.2649446,1,-3,-74
1755869622.3009446,3,3,-70
1755869622.3379445,-2,1,-72
1755869622.3769443,-3,2,-74
1755869622.4149446,-2,1,-64
1755869622.450945,1,4,-68
1755869622.4879446,4,3,-68
1755869622.5269446,1,3,-67
1755869622.5649445,-4,-9,-62
1755869622.6009445,-2,-4,-74
1755869622.6399446,-4,1,-73
1755869622.6769447,-1,-1,-67
1755869622.7159443,-3,0,-73
1755869622.7519443,-1,0,-65
1755869622.7899446,-2,6,-76
1755869622.8269446,3,7,-67
1755869622.8629446,3,4,-74
1755869622.9009447,5,0,-63
1755869622.937945,-5,-1,-80
1755869622.9769447,1,-6,-77
1755869623.0129447,6,-4,-81
1755869623.0499446,2,0,-79
1755869623.0869446,-1,2,-83
1755869623.1259446,-2,-3,-76
1755869623.1619446,-1,0,-55
1755869623.1999447,4,-1,-63
1755869623.2379446,0,-5,-67
1755869623.2769446,-1,0,-72
1755869623.312945,-3,-4,-64
1755869623.3519447,0,-4,-70
1755869623.3899446,9,2,-75
1755869623.427945,10,2,-70
1755869623.4659443,8,2,-64
1755869623.5019443,5,1,-72
1755869623.5389447,-2,1,-67
1755869623.5779445,2,1,-73
1755869623.6159446,0,12,-72
1755869623.6519446,-13,4,-72
1755869623.6889446,-5,3,-76
1755869623.7279446,-4,2,-89
1755869623.7659447,0,-4,-74
1755869623.8019447,-2,-2,-64
1755869623.8399446,-2,-1,-68
1755869623.8779447,-11,-5,-70
1755869623.9169445,0,-13,-71
1755869623.9529445,2,-9,-68
1755869623.9899447,4,0,-74
1755869624.0279446,6,1,-73
1755869624.065945,9,2,-76
1755869624.1019447,0,0,-79
1755869624.1389446,0,-5,-79
1755869624.177945,-10,-2,-72
1755869624.2159443,-2,2,-76
1755869624.2519443,4,-2,-77
1755869624.2889447,6,7,-74
1755869624.3269446,-1,2,-73
1755869624.3629446,-2,2,-72
1755869624.3999443,0,1,-75
1755869624.437945,6,0,-75
1755869624.473945,0,1,-72
1755869624.5109446,0,4,-68
1755869624.5479443,0,-7,-57
1755869624.5869446,0,-6,-79
1755869624.6229446,-2,-2,-77
1755869624.6609447,-6,0,-80
1755869624.6989446,-2,-3,-69
1755869624.7379446,-2,2,-77
1755869624.7739446,7,2,-79
1755869624.8109446,3,1,-73
1755869624.8479445,4,-8,-81
1755869624.8869443,-2,-7,-64
1755869624.9229443,-1,-3,-65
1755869624.960945,-1,-2,-73
1755869624.9989443,-2,1,-83
1755869625.0379446,0,0,-71
1755869625.0739446,0,0,-72
1755869625.1109445,-3,1,-76
1755869625.1489446,-9,-1,-71
1755869625.187945,1,-9,-70
1755869625.223945,3,-5,-84
1755869625.2609446,2,-1,-64
1755869625.2989447,4,0,-64
1755869625.3379445,5,-6,-51
1755869625.3739443,1,-2,-59
1755869625.4109447,-4,-2,-67
1755869625.4489446,5,1,-73
1755869625.486945,5,-1,-68
1755869625.5229447,-3,-3,-69
1755869625.5609446,0,2,-71
1755869625.598945,-3,0,-76
1755869625.6369443,0,0,-82
1755869625.6729443,3,-2,-76
1755869625.710945,4,-4,-85
1755869625.7489443,2,-8,-76
1755869625.7879446,-2,-3,-87
1755869625.8239446,-2,0,-71
1755869625.861945,-5,0,-79
1755869625.8999443,-12,4,-81
1755869625.9389446,-3,0,-82
1755869625.9769447,-7,5,-70
1755869626.0129447,2,-9,-63
1755869626.0509446,6,0,-84
1755869626.088945,-1,5,-82
1755869626.1279447,-3,-1,-78
1755869626.1639447,-1,-6,-65
1755869626.2019446,-4,0,-78
1755869626.2409446,-1,2,-88
1755869626.2789447,-4,1,-73
1755869626.3149445,-6,0,-68
1755869626.3519447,-1,0,-66
1755869626.3909447,0,1,-72
1755869626.4289446,0,7,-72
1755869626.4649446,-5,-1,-71
1755869626.5029447,0,2,-76
1755869626.5409446,-6,-1,-78
1755869626.5789447,-4,0,-76
1755869626.6149447,-2,-3,-87
1755869626.6529446,-2,0,-83
1755869626.690945,-2,0,-72
1755869626.7289443,6,6,-75
1755869626.7649446,0,0,-81
1755869626.8019447,5,0,-77
1755869626.8399446,4,-2,-74
1755869626.8779447,-6,-3,-77
1755869626.9139447,0,-6,-67
1755869626.950945,1,-1,-66
1755869626.9889443,0,0,-81
1755869627.0279446,0,0,-78
1755869627.0639446,-5,0,-71
1755869627.1009445,-9,6,-74
1755869627.1399446,-11,1,-86
1755869627.177945,7,0,-84
1755869627.213945,5,0,-78
1755869627.2509446,0,0,-70
1755869627.2899446,-7,-4,-70
1755869627.3279445,0,-1,-59
1755869627.3639443,10,-1,-75
1755869627.4009447,1,1,-72
1755869627.4399445,1,-7,-68
1755869627.4779446,0,0,-66
1755869627.5139446,-7,4,-68
1755869627.5509446,0,0,-76
1755869627.588945,-6,1,-76
1755869627.6249447,-1,0,-76
1755869627.6619446,-4,2,-80
1755869627.6999447,0,1,-62
1755869627.7379446,2,-2,-67
1755869627.7749443,0,-2,-56
1755869627.8119447,1,-3,-66
1755869627.8499446,-1,-1,-71
1755869627.8889446,-3,-1,-77
1755869627.9249446,-4,-13,-79
1755869627.9629445,-5,-6,-86
1755869628.0009446,6,1,-98
1755869628.0389447,0,-2,-89
1755869628.0749447,-3,7,-83
1755869628.111945,-6,2,-75
1755869628.1499443,-1,0,-80
1755869628.1889446,-1,-5,-75
1755869628.2249446,2,0,-70
1755869628.2619443,-2,-5,-84
1755869628.2999446,4,0,-80
1755869628.335945,6,4,-69
1755869628.3729446,5,-4,-71
1755869628.4109447,-3,-2,-75
1755869628.4499447,0,3,-87
1755869628.4859445,7,1,-82
1755869628.5229447,1,-8,-76
1755869628.5609446,0,3,-78
1755869628.5999446,-2,1,-81
1755869628.6359446,4,0,-73
1755869628.6729443,3,-3,-82
1755869628.7119446,0,-8,-71
1755869628.7499447,-3,-4,-76
1755869628.7859447,0,0,-70
1755869628.8229446,-2,5,-73
1755869628.861945,4,3,-69
1755869628.8999443,4,8,-61
1755869628.9359446,7,1,-70
1755869628.9729445,0,3,-69
1755869629.0109446,2,5,-79
1755869629.0499446,-3,-3,-76
1755869629.085945,0,-1,-72
1755869629.1229446,-8,-3,-61
1755869629.1609447,0,-5,-78
1755869629.1999447,-3,-6,-76
1755869629.2359445,-2,-6,-73
1755869629.2739446,1,-9,-74
1755869629.3119447,8,1,-71
1755869629.3499446,3,-5,-67
1755869629.3859446,3,-1,-74
1755869629.4239447,0,5,-69
1755869629.460945,-5,1,-62
1755869629.4999447,-1,3,-80
1755869629.5359447,-4,6,-82
1755869629.5739446,-6,1,-87
1755869629.611945,-1,-6,-77
1755869629.6509447,-1,4,-72
1755869629.6889446,4,0,-76
1755869629.7249446,4,0,-79
1755869629.7619443,2,1,-78
1755869629.8009446,3,-4,-74
1755869629.8369446,-4,3,-80
1755869629.8739443,-7,5,-67
1755869629.9119446,-5,-1,-72
1755869629.950945,5,0,-79
1755869629.9959445,-2,-4,-74
1755869630.0339446,-7,-5,-77
1755869630.0709443,-1,-4,-70
1755869630.1099446,11,0,-70
1755869630.1459446,6,-3,-88
1755869630.1829443,7,0,-78
1755869630.2209446,0,2,-66
1755869630.256945,2,0,-68
1755869630.2939446,0,-3,-75
1755869630.3319447,5,0,-84
1755869630.3699446,0,7,-85
1755869630.4059446,0,-4,-87
1755869630.4429443,-6,1,-76
1755869630.4809446,0,4,-73
1755869630.519945,1,-1,-72
1755869630.5559447,-1,-5,-77
1755869630.5939443,-3,-7,-76
1755869630.631945,3,-5,-82
1755869630.6709447,0,0,-79
1755869630.7069447,0,-3,-81
1755869630.7459445,1,-5,-72
1755869630.7839446,3,-4,-82
1755869630.8219447,-2,0,-81
1755869630.8599446,1,-4,-68
1755869630.8959446,-4,-4,-64
1755869630.9339447,-7,0,-73
1755869630.9719446,-3,-2,-68
1755869631.0109446,0,-1,-76
1755869631.0469446,-1,-1,-78
1755869631.0849447,0,-6,-65
1755869631.1229446,-2,-6,-76
1755869631.1619446,2,-3,-84
1755869631.1999447,3,-4,-77
1755869631.2359445,-2,0,-76
1755869631.2729447,-6,1,-74
1755869631.3119447,0,-6,-85
1755869631.3499446,4,-5,-80
1755869631.3859446,-3,0,-77
1755869631.4229443,-3,-12,-84
1755869631.4619446,1,-12,-75
1755869631.4999447,-4,-8,-69
1755869631.5369446,5,-6,-80
1755869631.5739446,6,-4,-70
1755869631.6129446,2,-4,-82
1755869631.6509447,3,-4,-78
1755869631.6869447,3,0,-79
1755869631.723945,2,-2,-85
1755869631.7629447,1,-3,-85
1755869631.8009446,2,-3,-78
1755869631.8369446,0,-7,-78
1755869631.8739443,2,-2,-80
1755869631.9129446,4,-6,-74
1755869631.950945,0,1,-59
1755869631.986945,0,3,-62
1755869632.0239446,4,2,-76
1755869632.0619447,-3,-4,-65
1755869632.1009445,-3,-5,-75
1755869632.1369443,-6,0,-74
1755869632.1739447,4,5,-69
1755869632.2119446,3,1,-70
1755869632.2479446,-4,7,-70
1755869632.2859447,1,2,-73
1755869632.3229446,4,4,-80
1755869632.3609445,-5,0,-77
1755869632.3969443,-1,1,-71
1755869632.4339447,-1,-2,-79
1755869632.4729445,3,0,-80
1755869632.5109446,-7,0,-76
1755869632.5469446,0,1,-69
1755869632.5839446,2,4,-79
1755869632.621945,2,1,-88
1755869632.657945,-1,1,-72
1755869632.6949446,-1,-5,-74
1755869632.7329447,-3,0,-74
1755869632.7719443,3,0,-68
1755869632.8079443,7,-1,-66
1755869632.8469446,-2,3,-82
1755869632.8839445,2,-3,-73
1755869632.9229443,0,1,-76
1755869632.960945,-5,-1,-76
1755869632.996945,-6,-3,-67
1755869633.0349443,-12,-1,-64
1755869633.0729446,3,0,-66
1755869633.1109445,2,-2,-69
1755869633.1469443,7,-3,-74
1755869633.1839447,11,1,-84
1755869633.2229445,6,2,-72
1755869633.2609446,0,-2,-77
1755869633.2969446,-4,0,-79
1755869633.3339446,5,4,-81
1755869633.371945,11,3,-67
1755869633.407945,7,2,-69
1755869633.4449446,-1,0,-78
1755869633.4829447,0,2,-82
1755869633.5189445,0,0,-70
1755869633.5559447,-1,0,-76
1755869633.5939443,4,0,-67
1755869633.631945,-5,2,-67
1755869633.667945,0,-4,-71
1755869633.7049446,-3,-2,-71
1755869633.7429447,4,-6,-71
1755869633.7819445,1,-2,-71
1755869633.8179443,-1,-2,-68
1755869633.8559446,0,0,-75
1755869633.8929446,2,2,-80
1755869633.9319446,5,-2,-77
1755869633.9679446,2,-1,-75
1755869634.0049446,4,-1,-82
1755869634.042945,-1,-8,-84
1755869634.0819447,0,-1,-74
1755869634.1179447,-2,4,-65
1755869634.154945,4,-2,-67
1755869634.1939447,4,-9,-79
1755869634.2319446,-4,0,-67
1755869634.2679446,-3,0,-76
1755869634.3059447,-1,1,-73
1755869634.3439443,-1,1,-75
1755869634.3829446,0,0,-71
1755869634.4189446,4,3,-73
1755869634.4559443,0,4,-68
1755869634.4939446,-6,5,-84
1755869634.5319445,0,-1,-79
1755869634.5679443,-4,1,-81
1755869634.6049447,-5,3,-83
1755869634.6439445,1,2,-66
1755869634.6819446,5,6,-70
1755869634.7179446,7,4,-81
1755869634.7549446,9,0,-66
1755869634.7939446,7,1,-71
1755869634.8319447,2,0,-70
1755869634.8679447,-4,-1,-66
1755869634.9059446,-6,0,-70
1755869634.9439447,-1,-1,-76
1755869634.9829447,-2,2,-77
1755869635.0189445,-5,-1,-68
1755869635.0569446,-10,-2,-72
1755869635.0949447,-4,7,-68
1755869635.1339445,-10,3,-77
1755869635.1719446,-3,3,-85
1755869635.2079446,-3,1,-76
1755869635.2459445,0,0,-68
1755869635.2839446,7,7,-65
1755869635.3219447,3,3,-69
1755869635.3579447,1,2,-66
1755869635.3959446,-1,-3,-72
1755869635.4339447,3,-3,-81
1755869635.4729445,4,-2,-79
1755869635.5089445,4,-3,-71
1755869635.5459447,-2,-4,-77
1755869635.5839446,3,1,-86
1755869635.6199446,-2,4,-82
1755869635.657945,-8,-1,-74
1755869635.6959443,-3,0,-80
1755869635.733945,9,-5,-67
1755869635.7729447,9,-5,-79
1755869635.8089447,2,-1,-73
1755869635.8459446,1,-8,-74
1755869635.8839445,-4,-1,-67
1755869635.9229443,-7,2,-69
1755869635.9589446,-7,-3,-78
1755869635.9979446,3,-3,-78
1755869636.0349443,7,-2,-80
1755869636.0739446,4,2,-68
1755869636.1109445,1,-2,-74
1755869636.1479447,5,3,-68
1755869636.1849446,-1,2,-72
1755869636.223945,4,-5,-85
1755869636.259945,6,2,-83
1755869636.2969446,11,-6,-71
1755869636.3349447,7,-2,-76
1755869636.3739443,-2,-6,-73
1755869636.4099443,2,0,-62
1755869636.4469447,1,5,-71
1755869636.4849446,3,10,-71
1755869636.5239446,6,3,-78
1755869636.5599446,6,3,-80
1755869636.5979445,-5,-4,-74
1755869636.6359446,-2,-3,-69
1755869636.6749446,-4,1,-68
1755869636.7129445,-2,3,-66
1755869636.7489443,-4,0,-69
1755869636.7859447,0,4,-75
1755869636.8239446,-1,4,-73
1755869636.8599446,-2,3,-69
1755869636.8979447,5,0,-78
1755869636.9349446,-4,-2,-78
1755869636.973945,0,-4,-64
1755869637.009945,1,1,-69
1755869637.0469446,0,0,-75
1755869637.085945,-1,0,-79
1755869637.1239443,0,9,-70
1755869637.1599443,-6,5,-68
1755869637.1969447,-7,7,-68
1755869637.2359445,4,4,-68
1755869637.2739446,1,-5,-63
1755869637.3099446,-2,0,-62
1755869637.3469446,-2,0,-65
1755869637.384945,1,-10,-83
1755869637.4239447,4,-4,-79
1755869637.4599447,6,0,-81
1755869637.496945,-2,0,-74
1755869637.5349443,1,3,-85
1755869637.5739446,6,1,-72
1755869637.6099446,2,0,-71
1755869637.6469443,0,-3,-64
1755869637.6859446,0,-3,-73
1755869637.723945,-1,-11,-60
1755869637.759945,-3,-6,-77
1755869637.7979443,5,-8,-64
1755869637.835945,6,-1,-77
1755869637.8749447,3,6,-66
1755869637.9109447,-2,4,-74
1755869637.9489446,6,6,-64
1755869637.9859445,2,1,-66
1755869638.0249443,-7,0,-82
1755869638.0609446,-4,6,-76
1755869638.098945,-3,-2,-62
1755869638.1369443,-2,0,-76
1755869638.1759446,-2,-3,-74
1755869638.213945,3,5,-72
1755869638.2499447,-4,2,-70
1755869638.2869446,-1,-1,-83
1755869638.325945,-4,2,-69
1755869638.3639443,0,2,-75
1755869638.3999443,0,2,-85
1755869638.4369447,-1,-2,-73
1755869638.4759445,0,-3,-76
1755869638.5139446,-4,1,-78
1755869638.5499446,-4,3,-74
1755869638.5879445,1,5,-83
1755869638.6259446,-3,0,-82
1755869638.6639447,5,4,-73
1755869638.6999447,0,2,-67
1755869638.7379446,-1,1,-71
1755869638.7759447,-4,5,-71
1755869638.8149445,2,-1,-67
1755869638.8509445,1,3,-76
1755869638.8899446,-3,1,-63
1755869638.9269447,-8,0,-76
1755869638.9659443,4,2,-72
1755869639.0019443,0,-2,-75
1755869639.0399446,0,0,-77
1755869639.0789447,-1,1,-68
1755869639.1159446,5,1,-71
1755869639.1519446,2,0,-67
1755869639.1889446,0,-1,-77
1755869639.2269447,-3,-7,-82
1755869639.2659447,1,-4,-82
1755869639.302945,-1,1,-81
1755869639.3399446,3,0,-70
1755869639.3769443,-1,-2,-70
1755869639.4159446,7,-3,-77
1755869639.4519446,7,2,-79
1755869639.4899447,5,-5,-72
1755869639.5269446,5,1,-76
1755869639.5649445,-3,4,-78
1755869639.6009445,-6,0,-67
1755869639.6389446,-3,6,-62
1755869639.6769447,2,8,-74
1755869639.7159443,-7,0,-80
1755869639.7519443,-4,2,-70
1755869639.7889447,-2,-4,-76
1755869639.8269446,-1,2,-67
1755869639.8659446,-3,2,-75
1755869639.9029446,-3,1,-73
1755869639.9399445,1,4,-69
1755869639.9769447,-9,-1,-75
1755869640.0209446,-11,2,-75
1755869640.0599446,-1,1,-76
1755869640.0969446,-6,6,-72
1755869640.1359446,-7,5,-71
1755869640.1719446,-1,-4,-80
1755869640.210945,2,0,-67
1755869640.2479446,4,-2,-80
1755869640.2869446,0,-1,-77
1755869640.3249447,-3,3,-78
1755869640.3609445,-3,0,-76
1755869640.3979447,-4,-1,-71
1755869640.4369447,-2,2,-78
1755869640.4749446,3,1,-73
1755869640.5109446,0,0,-72
1755869640.5479443,1,2,-69
1755869640.5869446,-1,-1,-78
1755869640.6229446,-2,-2,-72
1755869640.6609447,12,-5,-68
1755869640.6999447,6,4,-72
1755869640.736945,1,1,-79
1755869640.7729447,3,1,-76
1755869640.8099446,-3,-4,-80
1755869640.8479445,-2,0,-82
1755869640.8869443,-2,-2,-68
1755869640.9229443,-9,-2,-68
1755869640.960945,1,-8,-72
1755869640.9989443,4,-8,-65
1755869641.0369446,-7,-4,-64
1755869641.075945,-1,-6,-72
1755869641.1129446,0,2,-74
1755869641.1499443,4,-1,-71
1755869641.187945,-5,-5,-70
1755869641.2269447,7,4,-75
1755869641.2629447,2,0,-73
1755869641.2999446,3,0,-74
1755869641.3379445,0,-2,-81
1755869641.3759446,1,-4,-74
1755869641.4119446,2,-5,-70
1755869641.4499447,-7,0,-76
1755869641.4879446,0,7,-70
1755869641.5259447,0,7,-73
1755869641.5619447,4,-2,-80
1755869641.598945,9,-1,-70
1755869641.6379447,1,1,-62
1755869641.6759446,3,-2,-65
1755869641.7119446,1,-2,-59
1755869641.7499447,2,4,-63
1755869641.7879446,0,1,-73
1755869641.825945,2,-4,-84
1755869641.861945,3,-4,-86
1755869641.8999443,4,2,-81
1755869641.937945,6,8,-70
1755869641.9759445,6,1,-80
1755869642.0119443,0,3,-66
1755869642.0499446,-3,5,-71
1755869642.0879445,0,5,-65
1755869642.1259446,8,0,-61
1755869642.1619446,-3,6,-57
1755869642.1989446,-7,4,-65
1755869642.2379446,-3,0,-63
1755869642.2759447,0,-3,-66
1755869642.3119447,2,1,-76
1755869642.348945,0,-1,-69
1755869642.3879447,3,2,-72
1755869642.4239447,5,8,-75
1755869642.4619446,1,-1,-56
1755869642.4989443,-4,-3,-67
1755869642.5379446,0,0,-68
1755869642.5739446,0,-9,-72
1755869642.6109445,-4,-2,-70
1755869642.6489446,0,-1,-76
1755869642.687945,5,1,-76
1755869642.723945,2,-6,-72
1755869642.7609446,10,-4,-74
1755869642.7989447,-2,-1,-74
1755869642.8379445,0,-5,-78
1755869642.8739443,2,1,-68
1755869642.9109447,-5,2,-68
1755869642.9489446,0,8,-70
1755869642.986945,4,0,-71
1755869643.0229447,1,4,-69
1755869643.0609446,2,1,-82
1755869643.098945,-1,0,-71
1755869643.1379447,4,1,-72
1755869643.1739447,5,3,-70
1755869643.210945,0,-9,-80
1755869643.2489443,3,-3,-74
1755869643.2879446,-1,-6,-78
1755869643.3239446,0,0,-71
1755869643.3609445,7,-1,-73
1755869643.3989446,13,4,-76
1755869643.437945,10,4,-71
1755869643.473945,7,8,-65
1755869643.5109446,0,4,-66
1755869643.5489447,-6,5,-67
1755869643.5879445,-2,-1,-84
1755869643.6239443,0,-4,-77
1755869643.6609447,-6,-5,-79
1755869643.6989446,-3,-1,-85
1755869643.7379446,1,0,-73
1755869643.7739446,-3,4,-72
1755869643.8109446,-6,3,-68
1755869643.848945,4,-5,-71
1755869643.8879447,0,-11,-73
1755869643.9239447,6,-7,-71
1755869643.960945,0,-1,-73
1755869643.9989443,-1,1,-68
1755869644.0379446,-3,-4,-79
1755869644.0739446,-4,-3,-77
1755869644.111945,-1,0,-67
1755869644.1499443,-2,1,-67
1755869644.1889446,6,6,-76
1755869644.2249446,8,-2,-80
1755869644.2619443,-3,2,-89
1755869644.2999446,-5,1,-77
1755869644.338945,3,0,-76
1755869644.3749447,2,2,-74
1755869644.4119446,2,0,-83
1755869644.450945,3,0,-85
1755869644.4889443,-3,-3,-69
1755869644.5249443,0,-2,-56
1755869644.5619447,-4,-4,-72
1755869644.6009445,-7,0,-59
1755869644.6389446,-4,-3,-64
1755869644.6749446,-4,-1,-68
1755869644.7129445,-3,0,-79
1755869644.7509446,-8,-1,-83
1755869644.7889447,-6,-4,-76
1755869644.8279445,-4,-2,-68
1755869644.8639443,-2,4,-71
1755869644.9009447,-8,2,-68
1755869644.9389446,-6,1,-75
1755869644.9779446,2,-1,-61
1755869645.0139446,-1,2,-60
1755869645.0519447,7,9,-65
1755869645.0899446,-2,-1,-65
1755869645.1279447,-4,0,-73
1755869645.1639447,2,-5,-82
1755869645.200945,5,-7,-67
1755869645.2399447,-5,1,-81
1755869645.2779446,0,2,-69
1755869645.3139446,0,0,-65
1755869645.3509445,1,2,-73
1755869645.3899446,-7,-1,-72
1755869645.427945,-6,1,-69
1755869645.463945,-9,0,-63
1755869645.5019443,-5,-6,-65
1755869645.5399446,4,-3,-79
1755869645.5789447,-4,-5,-86
1755869645.6149447,-4,-9,-78
1755869645.6529446,-4,-3,-75
1755869645.690945,2,2,-66
1755869645.7289443,-2,0,-78
1755869645.7649446,1,3,-65
1755869645.8019447,-3,0,-71
1755869645.8399446,0,5,-81
1755869645.8789446,2,2,-73
1755869645.9149446,3,5,-71
1755869645.9519446,2,1,-62
1755869645.9899447,9,-2,-62
1755869646.0259447,-2,0,-76
1755869646.062945,-7,2,-71
1755869646.1009445,1,-3,-79
1755869646.1399446,-15,-4,-90
1755869646.1759446,0,4,-83
1755869646.2129445,5,-3,-77
1755869646.2519443,0,0,-80
1755869646.2899446,-1,-2,-70
1755869646.325945,0,-4,-70
1755869646.3629446,-8,2,-73
1755869646.4009447,-10,2,-76
1755869646.4399445,0,7,-79
1755869646.4759445,-1,0,-73
1755869646.5129447,-8,0,-74
1755869646.5519447,3,2,-62
1755869646.5899446,-6,-1,-78
1755869646.6259446,-3,-4,-76
1755869646.6649446,3,-5,-67
1755869646.7019446,1,-5,-66
1755869646.7399447,-1,-2,-70
1755869646.7789447,-5,-3,-69
1755869646.8149445,0,-1,-67
1755869646.8529446,-3,0,-66
1755869646.8909447,0,0,-76
1755869646.9289446,-3,-1,-74
1755869646.9649446,-7,-7,-87
1755869647.0029447,-1,2,-80
1755869647.0409446,-1,1,-81
1755869647.0799446,1,4,-65
1755869647.1159446,-1,-1,-68
1755869647.1539447,-2,1,-79
1755869647.1929443,-7,-1,-83
1755869647.2309446,-9,0,-95
1755869647.2689445,3,0,-77
1755869647.3049445,4,1,-73
1755869647.3419447,0,6,-70
1755869647.3809447,5,-1,-72
1755869647.4189446,14,-3,-81
1755869647.4549446,8,0,-75
1755869647.4929447,4,0,-72
1755869647.5309446,1,0,-82
1755869647.5689447,0,-3,-74
1755869647.6049447,-10,-5,-77
1755869647.6429446,-3,-4,-74
1755869647.6819446,3,-8,-67
1755869647.7199447,4,-3,-63
1755869647.7559447,0,-2,-55
1755869647.792945,1,0,-74
1755869647.8309443,-4,1,-76
1755869647.8669446,0,1,-82
1755869647.9039447,1,-4,-72
1755869647.9419446,-4,2,-78
1755869647.9809446,0,0,-72
1755869648.0169446,3,3,-72
1755869648.0549445,3,0,-67
1755869648.0919447,1,-2,-69
1755869648.1309447,3,4,-74
1755869648.1669445,-8,0,-74
1755869648.2049446,2,-1,-69
1755869648.2439446,6,0,-57
1755869648.2819445,0,2,-60
1755869648.3199446,-4,-1,-71
1755869648.3559446,-7,0,-64
1755869648.3929446,-5,0,-74
1755869648.4309447,6,2,-79
1755869648.4669447,8,1,-66
1755869648.5039446,4,3,-67
1755869648.5419445,-3,2,-59
1755869648.5809443,1,5,-72
1755869648.6169446,0,1,-76
1755869648.6539447,0,0,-69
1755869648.6929443,-1,-5,-75
1755869648.7309446,-1,-4,-80
1755869648.7669446,-1,-7,-75
1755869648.8049445,3,-8,-66
1755869648.8429446,-4,-9,-69
1755869648.881945,5,0,-61
1755869648.9199443,-10,0,-77
1755869648.9559443,-2,-1,-78
1755869648.9939446,1,7,-75
1755869649.0319445,-1,2,-77
1755869649.0699446,4,1,-79
1755869649.1059446,0,-1,-67
1755869649.1429446,5,-3,-62
1755869649.1819446,0,-1,-72
1755869649.2199447,-4,-4,-82
1755869649.2559447,-1,0,-77
1755869649.292945,0,-3,-71
1755869649.3319447,-2,-1,-73
1755869649.3699446,-3,0,-78
1755869649.4059446,1,2,-83
1755869649.4439447,0,2,-70
1755869649.4819446,0,0,-71
1755869649.519945,6,-9,-64
1755869649.5569446,0,-6,-72
1755869649.5939443,3,0,-76
1755869649.631945,0,-7,-79
1755869649.6709447,0,-4,-68
1755869649.7069447,-2,1,-71
1755869649.7439446,0,7,-66
1755869649.7819445,3,0,-71
1755869649.8179443,0,1,-70
1755869649.8549447,4,0,-63
1755869649.8939445,4,-7,-75
1755869649.9319446,-1,0,-74
1755869649.9679446,1,-4,-71
1755869650.006945,-1,-4,-77
1755869650.0519447,1,0,-74
1755869650.0879445,2,-1,-59
1755869650.1259446,3,0,-71
1755869650.1639447,3,1,-79
1755869650.2019446,-6,-3,-72
1755869650.2379446,-5,0,-74
1755869650.2759447,-4,0,-66
1755869650.3139446,-1,1,-77
1755869650.3529446,1,1,-76
1755869650.3909447,1,-4,-76
1755869650.4269447,0,-2,-81
1755869650.463945,2,0,-75
1755869650.5029447,4,0,-92
1755869650.5409446,0,0,-84
1755869650.5769446,5,1,-71
1755869650.6139443,-3,1,-77
1755869650.6529446,2,-2,-66
1755869650.690945,-2,-3,-75
1755869650.7269447,-4,0,-80
1755869650.7639446,-6,0,-84
1755869650.802945,2,1,-71
1755869650.8409443,5,1,-64
1755869650.8769443,2,0,-71
1755869650.9139447,-2,3,-68
1755869650.9529445,-4,3,-74
1755869650.9909446,0,-3,-80
1755869651.0269446,0,-3,-80
1755869651.0639446,2,0,-80
1755869651.1029446,8,0,-87
1755869651.1409447,-4,0,-70
1755869651.1769447,0,1,-62
1755869651.213945,0,1,-75
1755869651.2529447,0,-2,-72
1755869651.2909446,0,-1,-59
1755869651.3269446,-2,5,-67
1755869651.3639443,-4,0,-57
1755869651.4029446,2,0,-65
1755869651.4389446,-1,-6,-78
1755869651.4779446,-4,4,-74
1755869651.5149446,-3,1,-73
1755869651.552945,-4,10,-63
1755869651.5919447,0,4,-66
1755869651.6279447,0,-1,-73
1755869651.6659446,6,-8,-80
1755869651.7039447,4,-5,-60
1755869651.7429447,6,-4,-70
1755869651.7789447,4,-4,-77
1755869651.8169446,4,-3,-87
1755869651.8549447,2,-1,-73
1755869651.8929446,-4,-2,-68
1755869651.9319446,3,-4,-74
1755869651.9679446,8,-2,-66
1755869652.0059447,0,-5,-71
1755869652.0439446,-2,-2,-77
1755869652.0829446,-2,-5,-70
1755869652.1189446,-1,0,-74
1755869652.1559446,-5,-5,-71
1755869652.1949446,0,0,-78
1755869652.2329447,1,4,-83
1755869652.2689445,4,-4,-87
1755869652.3059447,2,0,-76
1755869652.3439443,1,1,-77
1755869652.381945,-2,-5,-73
1755869652.417945,5,-4,-80
1755869652.4569447,5,0,-76
1755869652.4949446,-2,3,-76
1755869652.532945,2,5,-77
1755869652.5689447,-3,4,-78
1755869652.6059446,0,0,-67
1755869652.6439445,-8,-3,-64
1755869652.6819446,-2,-5,-61
1755869652.7179446,1,-2,-68
1755869652.7559447,1,-1,-69
1755869652.7939446,3,-6,-77
1755869652.8329446,0,-4,-78
1755869652.8689446,5,0,-79
1755869652.9059446,10,4,-85
1755869652.9439447,4,5,-73
1755869652.9819446,0,1,-83
1755869653.0179446,-6,0,-84
1755869653.0549445,0,4,-81
1755869653.0939443,0,-2,-79
1755869653.131945,0,0,-77
1755869653.167945,2,0,-73
1755869653.2049446,1,-3,-75
1755869653.2439446,2,-3,-77
1755869653.279945,0,1,-66
1755869653.3169446,-5,-6,-64
1755869653.3549447,4,0,-80
1755869653.3939445,-2,0,-72
1755869653.4299445,4,-2,-72
1755869653.4669447,3,-7,-63
1755869653.5049446,2,0,-67
1755869653.542945,4,0,-74
1755869653.5789447,-7,0,-80
1755869653.6169446,-5,8,-72
1755869653.6539447,-2,2,-73
1755869653.6929443,-2,3,-81
1755869653.7289443,3,-3,-73
1755869653.7669446,-1,-3,-57
1755869653.8039446,5,-3,-65
1755869653.8429446,7,2,-70
1755869653.8789446,4,3,-71
1755869653.9169445,7,-1,-74
1755869653.9539447,10,1,-69
1755869653.9899447,-4,-2,-75
1755869654.0279446,-1,4,-67
1755869654.0669446,3,2,-76
1755869654.1049447,-4,0,-69
1755869654.1429446,3,0,-73
1755869654.1789446,0,-4,-75
1755869654.2169447,1,-1,-80
1755869654.2549446,3,-3,-75
1755869654.292945,-1,9,-81
1755869654.3289447,-3,6,-80
1755869654.3669446,0,0,-81
1755869654.404945,-1,1,-74
1755869654.4429443,-3,0,-73
1755869654.4789443,0,-3,-62
1755869654.5169446,1,0,-71
1755869654.5549445,2,-6,-71
1755869654.5929446,0,-5,-75
1755869654.6289446,9,0,-67
1755869654.6669445,4,0,-62
1755869654.7049446,3,-4,-71
1755869654.7429447,2,-3,-76
1755869654.7789447,2,6,-77
1755869654.8169446,-4,1,-84
1755869654.8549447,-1,-1,-74
1755869654.8929446,2,0,-69
1755869654.9289446,-2,2,-72
1755869654.9659443,2,4,-68
1755869655.0049446,2,6,-58
1755869655.0409446,4,8,-58
1755869655.0779445,-2,2,-70
1755869655.1159446,-5,0,-78
1755869655.154945,-4,-5,-73
1755869655.190945,-7,-2,-83
1755869655.2289443,3,1,-78
1755869655.2669446,6,-5,-80
1755869655.3049445,4,0,-85
1755869655.3409443,3,-3,-78
1755869655.3789446,2,-8,-77
1755869655.4169445,7,0,-74
1755869655.4549446,2,-2,-71
1755869655.4909446,-1,-4,-81
1755869655.5289447,0,2,-79
1755869655.565945,-4,5,-71
1755869655.6049447,0,2,-73
1755869655.6409447,0,7,-71
1755869655.6789446,2,3,-71
1755869655.7159443,0,-3,-74
1755869655.7549446,-2,3,-85
1755869655.7919445,-1,2,-84
1755869655.8289447,0,0,-84
1755869655.8659446,0,0,-63
1755869655.904945,-2,1,-81
1755869655.940945,-2,2,-76
1755869655.9789443,0,-2,-67
1755869656.0169446,1,3,-62
1755869656.0549445,-2,1,-76
1755869656.0909443,0,-4,-79
1755869656.1279447,2,4,-73
1755869656.1659446,3,5,-70
1755869656.2039447,7,-6,-78
1755869656.2399447,3,-5,-76
1755869656.2769446,0,-3,-74
1755869656.315945,3,0,-81
1755869656.3539443,-6,-5,-82
1755869656.3899446,-2,-1,-75
1755869656.427945,-6,2,-75
1755869656.4659443,-5,0,-74
1755869656.5049446,3,-1,-85
1755869656.5409446,-1,0,-77
1755869656.5779445,1,1,-90
1755869656.6159446,0,1,-74
1755869656.654945,0,-4,-71
1755869656.6919446,1,0,-72
1755869656.7289443,10,0,-70
1755869656.7659447,9,0,-71
1755869656.8039446,1,-2,-76
1755869656.8399446,1,0,-78
1755869656.8769443,0,-5,-72
1755869656.9159446,3,-5,-74
1755869656.9519446,0,-7,-70
1755869656.9899447,-6,-8,-73
1755869657.0279446,-5,-1,-70
1755869657.065945,0,-1,-60
1755869657.1049447,0,1,-85
1755869657.1409447,-5,-3,-67
1755869657.1789446,-7,0,-68
1755869657.2169447,-9,4,-85
1755869657.2559447,0,4,-79
1755869657.2919445,-1,3,-68
1755869657.3289447,1,0,-79
1755869657.3659446,-7,7,-78
1755869657.404945,-3,0,-88
1755869657.440945,-4,-6,-82
1755869657.4789443,1,-9,-72
1755869657.5169446,-1,1,-69
1755869657.5559447,3,-1,-73
1755869657.5919447,4,0,-84
1755869657.6289446,6,1,-72
1755869657.6669445,9,0,-68
1755869657.7049446,5,0,-79
1755869657.7409446,1,-10,-73
1755869657.7789447,0,1,-74
1755869657.8169446,-5,7,-67
1755869657.8549447,-9,-1,-74
1755869657.8909447,-2,-1,-82
1755869657.9289446,0,-3,-82
1755869657.9669447,4,-7,-80
1755869658.0059447,5,2,-71
1755869658.0419445,8,3,-67
1755869658.0789447,6,-5,-80
1755869658.1169446,0,-2,-78
1755869658.1559446,-2,-2,-76
1755869658.1919446,8,2,-76
1755869658.2289443,0,-1,-75
1755869658.2669446,0,0,-85
1755869658.3049445,4,4,-71
1755869658.3409443,1,5,-91
1755869658.3789446,0,0,-72
1755869658.4169445,-2,-2,-57
1755869658.4549446,-5,-3,-69
1755869658.4909446,-4,0,-71
1755869658.5289447,5,0,-65
1755869658.5669446,8,0,-66
1755869658.6029446,7,-7,-70
1755869658.6399446,2,-8,-71
1755869658.677945,2,0,-69
1755869658.7169447,5,2,-71
1755869658.7529447,-1,2,-75
1755869658.7899446,0,2,-70
1755869658.8279445,-1,2,-69
1755869658.8669446,0,-7,-68
1755869658.9029446,2,-9,-67
1755869658.9399445,0,-2,-70
1755869658.9779446,0,-5,-79
1755869659.0169446,-3,-3,-82
1755869659.052945,0,-3,-74
1755869659.0899446,-3,-9,-71
1755869659.1279447,0,-4,-71
1755869659.1669445,1,-2,-86
1755869659.2029445,1,-6,-79
1755869659.2409446,-2,-4,-68
1755869659.2789447,-3,-1,-70
1755869659.3179443,0,3,-62
1755869659.3559446,0,-5,-59
1755869659.3919446,0,-5,-57
1755869659.4289446,0,0,-65
1755869659.4669447,2,3,-79
1755869659.5029447,-1,1,-77
1755869659.5409446,3,-1,-75
1755869659.5789447,8,-3,-75
1755869659.6179447,1,-9,-79
1755869659.6559446,6,4,-72
1755869659.6919446,8,7,-76
1755869659.7289443,3,2,-72
1755869659.7669446,3,-2,-74
1755869659.802945,-1,-7,-77
1755869659.8409443,-6,-4,-73
1755869659.8789446,-1,-2,-75
1755869659.917945,-2,3,-65
1755869659.9559443,0,4,-75
1755869659.9919446,2,1,-73
1755869660.0289447,5,0,-72
1755869660.0729446,-3,-4,-77
1755869660.1109445,3,-5,-73
1755869660.1489446,-7,0,-68
1755869660.187945,-3,1,-65
1755869660.2259445,2,4,-70
1755869660.2619443,3,1,-77
1755869660.2989447,1,2,-67
1755869660.3369446,2,-3,-64
1755869660.3729446,-3,0,-60
1755869660.4119446,-6,-4,-67
1755869660.4489446,1,-4,-66
1755869660.4879446,-2,0,-74
1755869660.5239446,-3,0,-78
1755869660.5609446,0,-4,-73
1755869660.598945,7,-6,-76
1755869660.6379447,0,0,-82
1755869660.6739447,0,0,-70
1755869660.710945,-2,7,-72
1755869660.7489443,-1,0,-66
1755869660.7879446,-6,0,-73
1755869660.8239446,-4,-4,-79
1755869660.861945,-5,3,-87
1755869660.9009447,-1,-2,-77
1755869660.937945,3,-2,-75
1755869660.9769447,4,3,-80
1755869661.0129447,-1,1,-80
1755869661.0499446,-2,3,-71
1755869661.088945,-7,0,-64
1755869661.1269443,1,-2,-71
1755869661.1629446,1,-3,-69
1755869661.200945,1,-3,-60
1755869661.2389443,5,0,-59
1755869661.2769446,0,-4,-76
1755869661.312945,3,0,-84
1755869661.3499446,5,2,-72
1755869661.3889446,-1,0,-65
1755869661.4269447,-4,-2,-75
1755869661.4629445,-4,1,-75
1755869661.5009446,4,4,-80
1755869661.5389447,7,2,-76
1755869661.5769446,4,2,-69
1755869661.6129446,0,0,-71
1755869661.6499443,4,0,-70
1755869661.6889446,-6,-4,-53
1755869661.7269447,-3,-1,-70
1755869661.7629447,8,-3,-70
1755869661.7999446,1,1,-69
1755869661.838945,3,3,-77
1755869661.8769443,1,3,-80
1755869661.9129446,2,0,-73
1755869661.950945,3,-4,-75
1755869661.9889443,3,-1,-67
1755869662.0269446,3,0,-80
1755869662.062945,4,-7,-75
1755869662.0999446,10,-8,-70
1755869662.1389446,11,-8,-76
1755869662.1749446,0,-11,-91
1755869662.2129445,-4,-13,-81
1755869662.2509446,-2,-6,-75
1755869662.2889447,0,-1,-72
1755869662.3279445,4,3,-77
1755869662.3639443,-3,3,-79
1755869662.4009447,-4,-2,-81
1755869662.4389446,-5,-2,-86
1755869662.4779446,-3,2,-69
1755869662.5139446,-3,0,-70
1755869662.5509446,-1,0,-81
1755869662.588945,-1,6,-71
1755869662.6279447,0,-5,-72
1755869662.6639447,6,-13,-80
1755869662.700945,3,-1,-80
1755869662.7389443,0,-1,-67
1755869662.7779446,-3,-7,-61
1755869662.8139446,-5,-3,-71
1755869662.8519447,3,-4,-66
1755869662.8899446,6,2,-82
1755869662.927945,-8,-5,-74
1755869662.963945,-7,-3,-84
1755869663.0019443,-7,6,-74
1755869663.0399446,-1,4,-66
1755869663.0789447,6,8,-78
1755869663.1149447,2,2,-81
1755869663.1529446,0,-1,-86
1755869663.1919446,1,1,-67
1755869663.2299447,0,0,-64
1755869663.2679446,0,-1,-72
1755869663.3039446,0,4,-72
1755869663.3409443,-4,-2,-72
1755869663.3799446,0,-7,-79
1755869663.417945,-2,-2,-73
1755869663.4539447,4,-4,-64
1755869663.4919446,-1,2,-78
1755869663.529945,-2,5,-73
1755869663.5689447,-4,2,-81
1755869663.6049447,9,0,-65
1755869663.6419446,2,-7,-66
1755869663.6799445,0,-6,-81
1755869663.7189443,7,0,-68
1755869663.7549446,1,-4,-62
1755869663.7919445,2,0,-66
1755869663.8299446,2,1,-62
1755869663.8679447,6,-3,-70
1755869663.9039447,-4,-9,-64
1755869663.9419446,-1,-3,-74
1755869663.9799447,-4,0,-82
1755869664.0189445,0,3,-83
1755869664.0549445,-1,2,-82
1755869664.0919447,0,8,-74
1755869664.1299446,4,2,-79
1755869664.1659446,-2,-2,-79
1755869664.2039447,-3,-7,-86
1755869664.2419446,-3,0,-79
1755869664.279945,3,0,-73
1755869664.315945,1,-1,-83
1755869664.3539443,1,-4,-71
1755869664.3919446,-4,0,-65
1755869664.4299445,-4,5,-67
1755869664.4689443,1,3,-57
1755869664.5049446,-7,1,-75
1755869664.5419445,-3,0,-62
1755869664.5799446,-3,0,-88
1755869664.6189446,5,0,-84
1755869664.654945,-1,-8,-83
1755869664.6929443,10,-9,-81
1755869664.7309446,7,-7,-85
1755869664.769945,2,1,-73
1755869664.8059447,2,-3,-76
1755869664.8439443,5,-1,-71
1755869664.8829446,1,-2,-75
1755869664.9209447,4,-6,-71
1755869664.9589446,-4,0,-82
1755869664.9949446,1,1,-79
1755869665.0319445,-6,-3,-68
1755869665.0709443,-3,0,-68
1755869665.108945,-3,3,-74
1755869665.144945,4,-2,-72
1755869665.1819446,6,-1,-79
1755869665.2209446,2,-3,-75
1755869665.2589445,0,-5,-78
1755869665.2949443,2,-2,-77
1755869665.3319447,3,-7,-87
1755869665.3709445,4,-4,-90
1755869665.4089446,0,4,-82
1755869665.4449446,2,-4,-75
1755869665.4819446,0,0,-73
1755869665.519945,0,-5,-69
1755869665.5559447,0,-7,-74
1755869665.5939443,0,2,-79
1755869665.6309447,4,3,-76
1755869665.6689446,-4,0,-84
1755869665.7049446,0,-5,-74
1755869665.7419446,-2,4,-76
1755869665.7809446,-2,-3,-84
1755869665.8169446,-3,-4,-77
1755869665.8549447,2,-2,-56
1755869665.8929446,-1,1,-55
1755869665.9309447,-2,0,-63
1755869665.9699447,-2,-3,-66
1755869666.0059447,-1,-4,-65
1755869666.0439446,2,3,-70
1755869666.0819447,-6,7,-71
1755869666.1209445,0,-4,-73
1755869666.1569445,-6,-4,-90
1755869666.1949446,4,-7,-74
1755869666.233945,0,-14,-70
1755869666.2709446,0,-4,-73
1755869666.3099446,-10,-1,-78
1755869666.3459446,-11,0,-81
1755869666.3839445,-5,-1,-89
1755869666.4209447,-1,-2,-91
1755869666.4599447,-9,-2,-77
1755869666.4959445,2,-2,-76
1755869666.532945,-4,0,-65
1755869666.5719447,7,0,-72
1755869666.6099446,1,0,-81
1755869666.6459446,-1,-1,-82
1755869666.6839447,-2,0,-75
1755869666.7219446,0,-4,-80
1755869666.7609446,1,1,-85
1755869666.7969446,-5,0,-71
1755869666.8339446,1,2,-83
1755869666.871945,-2,0,-72
1755869666.9109447,1,3,-80
1755869666.9469447,2,2,-70
1755869666.983945,5,-2,-70
1755869667.0219443,3,0,-77
1755869667.0609446,4,-5,-76
1755869667.0969446,7,-6,-76
1755869667.1339445,-5,-1,-71
1755869667.1719446,6,-1,-67
1755869667.210945,0,-7,-72
1755869667.246945,0,-4,-70
1755869667.2839446,-1,-4,-76
1755869667.3219447,2,-3,-87
1755869667.3609445,1,-5,-78
1755869667.3969443,-2,-1,-83
1755869667.4349446,2,-2,-67
1755869667.473945,0,0,-72
1755869667.5119443,-7,-2,-83
1755869667.5479443,-9,1,-80
1755869667.5849447,-6,-3,-63
1755869667.6229446,-4,3,-72
1755869667.6619446,-10,0,-78
1755869667.6979446,0,-2,-76
1755869667.7349446,4,-3,-75
1755869667.7729447,-1,0,-75
1755869667.8119447,0,-5,-74
1755869667.8479445,-1,0,-68
1755869667.884945,-8,-1,-74
1755869667.9229443,-9,5,-82
1755869667.9619446,-1,-1,-75
1755869667.9979446,1,5,-73
1755869668.0349443,0,1,-76
1755869668.0729446,-2,-5,-81
1755869668.1109445,0,-6,-74
1755869668.1469443,-6,-3,-73
1755869668.1849446,-4,-1,-62
1755869668.2229445,2,1,-70
1755869668.2619443,1,0,-73
1755869668.2979443,-1,0,-63
1755869668.3349447,5,-1,-72
1755869668.3739443,2,3,-82
1755869668.4119446,-5,3,-77
1755869668.4479446,-6,-2,-72
1755869668.4859445,-1,-3,-66
1755869668.5239446,1,1,-66
1755869668.5619447,4,1,-71
1755869668.5979445,-8,-1,-69
1755869668.6359446,-11,5,-58
1755869668.6739447,-2,0,-68
1755869668.7129445,-3,-1,-69
1755869668.7509446,1,-4,-72
1755869668.7869446,-1,-2,-73
1755869668.8249447,0,0,-70
1755869668.8629446,0,3,-69
1755869668.9009447,1,3,-70
1755869668.9369447,0,-1,-69
1755869668.973945,3,-1,-69
1755869669.0129447,-3,-2,-80
1755869669.0509446,-1,2,-73
1755869669.0869446,1,-2,-78
1755869669.1249447,0,-2,-72
1755869669.1629446,-3,2,-63
1755869669.2019446,5,3,-68
1755869669.2379446,3,0,-69
1755869669.2749443,4,-1,-72
1755869669.312945,0,-3,-71
1755869669.3519447,-2,1,-83
1755869669.3879447,5,0,-91
1755869669.4249446,8,-4,-89
1755869669.4629445,0,1,-71
1755869669.5019443,-5,0,-67
1755869669.5379446,-1,1,-65
1755869669.5749447,-5,-5,-72
1755869669.6129446,-3,-5,-67
1755869669.6519446,-1,-2,-75
1755869669.687945,5,0,-86
1755869669.7249446,2,2,-79
1755869669.7629447,0,2,-70
1755869669.7989447,0,2,-71
1755869669.835945,-1,2,-77
1755869669.8739443,-4,0,-70
1755869669.9129446,-9,0,-66
1755869669.9489446,-2,4,-70
1755869669.9859445,4,0,-70
1755869670.0229447,0,4,-73
1755869670.0589447,-2,2,-70
1755869670.1049447,-5,0,-76
1755869670.1429446,-6,-1,-82
1755869670.1789446,6,1,-81
1755869670.2179446,3,-4,-86
1755869670.2549446,0,-2,-75
1755869670.2939446,10,-3,-66
1755869670.3319447,8,-1,-66
1755869670.3679447,0,3,-67
1755869670.404945,-7,-2,-78
1755869670.4439447,-6,-1,-78
1755869670.4819446,-4,-1,-70
1755869670.5179446,1,6,-81
1755869670.5559447,-2,2,-75
1755869670.5939443,-8,-1,-77
1755869670.631945,0,-1,-75
1755869670.667945,0,1,-77
1755869670.7059443,-9,4,-68
1755869670.7439446,-4,3,-65
1755869670.7819445,-2,0,-62
1755869670.8179443,-2,2,-75
1755869670.8549447,-1,-2,-78
1755869670.8939445,0,-4,-74
1755869670.9319446,8,-3,-67
1755869670.9679446,-2,-1,-73
1755869671.0059447,1,3,-72
1755869671.0439446,1,-3,-85
1755869671.0829446,-1,0,-75
1755869671.1189446,1,-5,-71
1755869671.1559446,-3,-5,-75
1755869671.1939447,-5,-3,-74
1755869671.2329447,-4,0,-72
1755869671.2689445,0,1,-76
1755869671.3059447,0,-2,-83
1755869671.3439443,5,-4,-76
1755869671.3829446,5,-4,-80
1755869671.4189446,-7,-10,-76
1755869671.4569447,-4,0,-74
1755869671.4949446,-2,-1,-87
1755869671.5339446,-2,-1,-72
1755869671.5699446,4,-6,-80
1755869671.6079447,-2,-3,-81
1755869671.6459446,1,2,-73
1755869671.6839447,0,4,-74
1755869671.7199447,0,5,-68
1755869671.756945,1,0,-74
1755869671.7939446,-5,2,-85
1755869671.8329446,3,1,-76
1755869671.8689446,3,4,-76
1755869671.9059446,0,0,-76
1755869671.9439447,0,-5,-74
1755869671.9799447,0,-5,-86
1755869672.0179446,-6,-4,-77
1755869672.0559447,-1,1,-85
1755869672.0949447,4,9,-64
1755869672.1329446,-3,11,-74
1755869672.1689446,-4,7,-82
1755869672.2059443,1,0,-89
1755869672.2449446,1,-3,-75
1755869672.282945,10,-5,-68
1755869672.3189447,2,-1,-65
1755869672.3569446,-3,-7,-74
1755869672.394945,-2,-6,-74
1755869672.4339447,-7,0,-70
1755869672.4699447,-7,4,-65
1755869672.506945,-3,0,-69
1755869672.5459447,4,0,-71
1755869672.5839446,-4,-5,-71
1755869672.6199446,-1,-3,-66
1755869672.657945,-1,-1,-74
1755869672.6959443,2,1,-79
1755869672.733945,-6,5,-75
1755869672.769945,-11,0,-80
1755869672.8079443,-6,-3,-84
1755869672.8469446,-1,-1,-81
1755869672.884945,1,-3,-82
1755869672.9229443,5,0,-69
1755869672.9589446,6,0,-73
1755869672.996945,2,-4,-80
1755869673.0349443,2,-2,-78
1755869673.0709443,4,-10,-83
1755869673.108945,1,-1,-80
1755869673.1469443,-4,2,-84
1755869673.1849446,0,10,-76
1755869673.2209446,1,0,-76
1755869673.2579446,0,0,-81
1755869673.2949443,0,-5,-90
1755869673.3339446,2,3,-83
1755869673.3699446,6,0,-80
1755869673.4069445,4,0,-69
1755869673.4449446,0,1,-64
1755869673.483945,3,-1,-79
1755869673.519945,3,1,-77
1755869673.5579443,2,-11,-72
1755869673.5949447,-3,-7,-76
1755869673.6339445,0,0,-64
1755869673.6699443,-7,-1,-70
1755869673.7079446,-3,-2,-81
1755869673.746945,0,0,-80
1755869673.7849443,-5,0,-65
1755869673.8209443,2,-2,-74
1755869673.858945,1,1,-71
1755869673.8969443,9,0,-69
1755869673.9349446,0,1,-85
1755869673.9709446,-7,8,-86
1755869674.0079446,0,-1,-72
1755869674.0459447,-1,-7,-73
1755869674.0849447,-2,-6,-76
1755869674.1209445,1,-2,-79
1755869674.157945,7,-12,-78
1755869674.1959443,0,-4,-71
1755869674.2349446,6,-7,-70
1755869674.2709446,1,-8,-72
1755869674.3079443,2,-7,-69
1755869674.3459446,10,0,-73
1755869674.384945,5,-1,-72
1755869674.4209447,4,-4,-68
1755869674.4579446,1,-3,-68
1755869674.4959445,-4,0,-78
1755869674.5349443,-5,-4,-84
1755869674.5709443,0,-2,-85
1755869674.6079447,-2,0,-81
1755869674.6459446,0,-3,-71
1755869674.6849446,0,4,-64
1755869674.7209446,4,1,-75
1755869674.7579446,5,-1,-77
1755869674.7959447,3,0,-75
1755869674.8319447,-1,1,-84
1755869674.8689446,1,-4,-82
1755869674.9069445,5,0,-73
1755869674.9459443,12,-3,-64
1755869674.9819446,6,1,-61
1755869675.0189445,1,7,-72
1755869675.0559447,0,-1,-79
1755869675.0949447,0,-10,-71
1755869675.1309447,-5,-8,-74
1755869675.1689446,7,-3,-69
1755869675.2069447,-2,1,-78
1755869675.2459445,3,-5,-64
1755869675.2819445,0,-8,-65
1755869675.3189447,2,-4,-75
1755869675.3579447,0,-7,-85
1755869675.3959446,4,0,-77
1755869675.4319446,0,-4,-77
1755869675.4709446,3,-7,-76
1755869675.5079446,0,-9,-70
1755869675.5469446,1,0,-73
1755869675.5849447,2,-3,-83
1755869675.6209445,5,0,-73
1755869675.657945,9,0,-78
1755869675.6959443,6,-5,-76
1755869675.7319446,-6,-6,-77
1755869675.769945,-6,-7,-67
1755869675.8079443,-3,-4,-66
1755869675.8469446,5,-8,-76
1755869675.884945,5,-1,-73
1755869675.9209447,10,0,-66
1755869675.9579446,0,0,-70
1755869675.996945,-1,-2,-74
1755869676.0349443,4,-1,-72
1755869676.0709443,8,-1,-78
1755869676.1079447,-8,1,-74
1755869676.1469443,0,0,-76
1755869676.1849446,1,0,-78
1755869676.2209446,1,1,-63
1755869676.2579446,-2,-3,-79
1755869676.2969446,-9,0,-65
1755869676.3349447,-4,-4,-70
1755869676.3709445,-9,-1,-70
1755869676.4089446,-2,2,-72
1755869676.4469447,1,-1,-73
1755869676.4859445,1,1,-65
1755869676.5219443,0,-5,-73
1755869676.5609446,-1,-7,-67
1755869676.5979445,2,0,-62
1755869676.6359446,3,-2,-74
1755869676.6719446,6,-4,-75
1755869676.7089446,2,-3,-78
1755869676.746945,-1,0,-77
1755869676.7859447,5,-2,-77
1755869676.8219447,1,-1,-74
1755869676.8599446,5,0,-83
1755869676.8979447,0,-1,-83
1755869676.9369447,-6,1,-79
1755869676.9729445,-3,-1,-78
1755869677.0109446,5,0,-79
1755869677.0489447,5,1,-78
1755869677.0869446,3,-3,-68
1755869677.1229446,-1,2,-72
1755869677.1599443,-6,-1,-76
1755869677.1989446,6,-2,-90
1755869677.236945,11,-3,-80
1755869677.2729447,12,-1,-80
1755869677.3119447,0,0,-77
1755869677.348945,-3,0,-85
1755869677.3879447,-1,0,-79
1755869677.4259446,-1,8,-72
1755869677.4619446,4,0,-64
1755869677.4989443,0,0,-73
1755869677.5369446,-2,-4,-75
1755869677.5729446,1,-4,-73
1755869677.6099446,-5,-3,-65
1755869677.6489446,0,0,-85
1755869677.6869447,1,0,-71
1755869677.7229445,2,-3,-74
1755869677.759945,1,-7,-75
1755869677.7989447,3,-4,-81
1755869677.8369446,7,0,-74
1755869677.8729446,5,-5,-68
1755869677.9109447,2,-5,-78
1755869677.9489446,-3,-5,-92
1755869677.986945,0,-5,-78
1755869678.0229447,-6,-5,-72
1755869678.0619447,2,2,-67
1755869678.098945,-3,-1,-53
1755869678.1379447,0,-2,-67
1755869678.1759446,0,2,-76
1755869678.2119446,4,4,-69
1755869678.2489443,0,6,-76
1755869678.2869446,-3,-4,-72
1755869678.3229446,3,-1,-72
1755869678.3599446,-3,0,-72
1755869678.3989446,0,0,-71
1755869678.4369447,-3,4,-76
1755869678.4729445,-5,0,-71
1755869678.509945,2,0,-69
1755869678.5479443,4,1,-56
1755869678.5839446,-6,-4,-72
1755869678.6229446,-4,-2,-67
1755869678.6599443,3,-5,-71
1755869678.6989446,7,-2,-79
1755869678.736945,1,0,-77
1755869678.7729447,3,2,-77
1755869678.8099446,-7,3,-73
1755869678.848945,-8,4,-69
1755869678.8869443,-1,5,-68
1755869678.9229443,0,0,-82
1755869678.9599447,-3,0,-68
1755869678.9979446,0,-3,-80
1755869679.0369446,4,-5,-67
1755869679.0729446,0,2,-68
1755869679.1099446,4,-2,-70
1755869679.1489446,1,0,-79
1755869679.1869447,0,0,-81
1755869679.2229445,0,-5,-68
1755869679.259945,5,-1,-68
1755869679.2989447,0,1,-78
1755869679.3369446,-3,-2,-75
1755869679.3729446,0,-2,-76
1755869679.4099443,0,0,-70
1755869679.4479446,1,1,-71
1755869679.483945,0,-5,-73
1755869679.5209446,-7,-3,-78
1755869679.5589447,-5,0,-87
1755869679.5979445,-3,-6,-79
1755869679.6339445,-1,-8,-81
1755869679.6719446,0,-3,-83
1755869679.7099447,-4,-6,-74
1755869679.7489443,0,-5,-74
1755869679.7869446,-3,0,-90
1755869679.8229446,0,0,-83
1755869679.8599446,1,-4,-77
1755869679.8989446,2,-2,-78
1755869679.9369447,-2,-2,-85
1755869679.9729445,2,-6,-77
1755869680.009945,-2,-1,-72
1755869680.0489447,0,3,-68
1755869680.0869446,0,0,-81
1755869680.1309447,0,0,-82
1755869680.1689446,-3,1,-89
1755869680.2079446,0,1,-70
1755869680.2439446,-1,-5,-71
1755869680.2819445,-1,2,-67
1755869680.3199446,3,1,-74
1755869680.358945,-2,6,-66
1755869680.394945,-1,3,-62
1755869680.4319446,3,2,-73
1755869680.4689443,2,8,-78
1755869680.5049446,5,4,-82
1755869680.5419445,0,3,-88
1755869680.5799446,1,3,-79
1755869680.6189446,11,-1,-65
1755869680.657945,10,-3,-67
1755869680.6939447,5,-3,-77
1755869680.7319446,0,7,-75
1755869680.7689445,0,3,-81
1755869680.8049445,-1,11,-80
1755869680.8419447,0,6,-79
1755869680.8799446,-9,0,-75
1755869680.9189446,-2,-1,-69
1755869680.9549446,0,2,-64
1755869680.9919446,-5,5,-68
1755869681.029945,-5,-2,-65
1755869681.0689447,-3,0,-73
1755869681.1049447,-2,-7,-70
1755869681.1429446,2,-3,-71
1755869681.1809447,2,0,-77
1755869681.2199447,4,0,-61
1755869681.2579446,5,-1,-62
1755869681.2939446,2,-4,-78
1755869681.3309443,-3,-1,-72
1755869681.3699446,8,-1,-89
1755869681.407945,-1,0,-74
1755869681.4439447,1,-8,-86
1755869681.4819446,-3,2,-74
1755869681.519945,-10,3,-71
1755869681.5589447,0,4,-73
1755869681.5949447,7,-1,-66
1755869681.631945,2,2,-62
1755869681.6699443,3,3,-62
1755869681.7079446,1,4,-73
1755869681.7439446,0,1,-87
1755869681.7809446,-3,-1,-76
1755869681.8199446,6,-2,-80
1755869681.8579447,1,-3,-78
1755869681.8939445,-3,7,-76
1755869681.9319446,2,3,-71
1755869681.9699447,2,0,-69
1755869682.0059447,-2,-4,-72
1755869682.0439446,6,-5,-74
1755869682.0819447,7,-3,-87
1755869682.1199446,3,-5,-71
1755869682.1589446,-6,0,-73
1755869682.1949446,-2,-3,-66
1755869682.2329447,-1,-1,-73
1755869682.2709446,-5,0,-62
1755869682.3099446,-8,4,-66
1755869682.3459446,-5,4,-60
1755869682.3839445,-9,1,-68
1755869682.4219446,-3,7,-69
1755869682.4599447,-1,2,-81
1755869682.4989443,3,0,-81
1755869682.5359447,0,-2,-73
1755869682.5729446,0,1,-81
1755869682.6109445,1,-1,-72
1755869682.6489446,-1,-4,-72
1755869682.6859446,-1,-4,-72
1755869682.7229445,-2,0,-71
1755869682.7609446,-7,-2,-69
1755869682.7999446,0,-2,-72
1755869682.835945,4,8,-77
1755869682.8729446,2,2,-71
1755869682.9109447,1,-5,-77
1755869682.9489446,-1,-4,-82
1755869682.9859445,2,-10,-66
1755869683.0229447,5,-5,-63
1755869683.0609446,0,-4,-68
1755869683.0999446,0,-5,-84
1755869683.1359446,-6,-2,-81
1755869683.1739447,-6,1,-72
1755869683.2119446,-1,-5,-78
1755869683.2509446,0,0,-83
1755869683.2889447,5,5,-71
1755869683.3249447,7,2,-63
1755869683.361945,3,-1,-62
1755869683.4009447,2,8,-67
1755869683.4389446,-3,-1,-74
1755869683.4749446,1,-2,-74
1755869683.5119443,3,0,-76
1755869683.5499446,0,0,-70
1755869683.585945,2,-4,-69
1755869683.6229446,3,-13,-68
1755869683.6609447,0,-5,-64
1755869683.6999447,1,-2,-72
1755869683.7359445,-2,-3,-82
1755869683.7739446,1,1,-73
1755869683.8109446,1,-1,-69
1755869683.8499446,4,-2,-82
1755869683.8859446,1,-3,-77
1755869683.9229443,1,1,-66
1755869683.960945,5,-5,-71
1755869683.996945,0,-12,-75
1755869684.0339446,2,-1,-81
1755869684.0719447,2,4,-70
1755869684.1109445,0,3,-82
1755869684.1469443,-4,-4,-70
1755869684.1849446,-3,-4,-67
1755869684.2229445,-2,0,-75
1755869684.2609446,2,0,-84
1755869684.2999446,4,1,-74
1755869684.335945,-2,0,-82
1755869684.3729446,-3,-2,-71
1755869684.4109447,-7,0,-72
1755869684.4499447,7,-3,-75
1755869684.4859445,0,-7,-73
1755869684.5229447,-2,-3,-63
1755869684.5619447,-4,-1,-59
1755869684.5999446,-4,-3,-72
1755869684.6359446,-4,-5,-62
1755869684.6739447,-2,0,-82
1755869684.7119446,3,2,-76
1755869684.7499447,0,0,-83
1755869684.7859447,-6,0,-71
1755869684.8229446,0,-6,-74
1755869684.861945,-10,1,-80
1755869684.8999443,-6,0,-71
1755869684.9359446,-5,-3,-75
1755869684.973945,0,-6,-72
1755869685.0119443,-1,-3,-77
1755869685.0509446,-6,2,-73
1755869685.0869446,1,-3,-84
1755869685.1239443,8,0,-78
1755869685.1619446,3,-2,-74
1755869685.1999447,-4,-5,-69
1755869685.2359445,0,1,-75
1755869685.2729447,2,2,-78
1755869685.3109446,-4,2,-81
1755869685.3469446,0,-2,-74
1755869685.384945,2,-1,-73
1755869685.4229443,2,-10,-75
1755869685.4619446,7,-8,-71
1755869685.4979446,1,-11,-77
1755869685.5349443,-3,-1,-82
1755869685.5729446,-2,-2,-76
1755869685.611945,-4,5,-70
1755869685.6479447,4,0,-71
1755869685.6849446,0,4,-82
1755869685.7229445,7,-3,-69
1755869685.7619443,1,-3,-73
1755869685.7979443,2,0,-70
1755869685.8349447,6,0,-81
1755869685.871945,2,0,-67
1755869685.9109447,4,0,-81
1755869685.9479446,-1,0,-86
1755869685.9849446,2,4,-72
1755869686.0229447,0,3,-70
1755869686.0609446,8,-4,-71
1755869686.0969446,3,0,-70
1755869686.1339445,12,1,-56
1755869686.1719446,11,0,-68
1755869686.210945,8,-2,-61
1755869686.246945,6,-1,-71
1755869686.2859447,-2,0,-87
1755869686.3229446,-6,2,-75
1755869686.361945,2,4,-73
1755869686.3979447,5,3,-68
1755869686.4349446,0,-2,-77
1755869686.4729445,-2,-5,-87
1755869686.5119443,-4,-3,-75
1755869686.5479443,1,-4,-66
1755869686.5849447,0,-7,-58
1755869686.6229446,7,0,-65
1755869686.6619446,10,2,-69
1755869686.6979446,0,-1,-71
1755869686.7349446,4,-3,-78
1755869686.7729447,2,6,-69
1755869686.8109446,0,0,-83
1755869686.8469446,-1,0,-83
1755869686.8839445,-1,1,-75
1755869686.9229443,-6,0,-72
1755869686.960945,2,1,-74
1755869686.996945,-2,1,-67
1755869687.0339446,4,-2,-70
1755869687.0729446,3,-4,-67
1755869687.1109445,0,-5,-70
1755869687.1469443,-4,-6,-66
1755869687.1849446,7,1,-75
1755869687.2229445,4,-4,-76
1755869687.2609446,1,-4,-68
1755869687.2969446,5,-1,-76
1755869687.3339446,6,0,-73
1755869687.371945,2,6,-67
1755869687.407945,-11,7,-68
1755869687.4459443,-6,0,-75
1755869687.4829447,2,1,-69
1755869687.5189445,-1,2,-73
1755869687.5569446,-1,0,-75
1755869687.5959446,0,-1,-70
1755869687.6329446,0,6,-64
1755869687.6699443,1,3,-70
1755869687.7069447,-3,-2,-72
1755869687.7459445,-5,6,-77
1755869687.782945,-5,0,-85
1755869687.8219447,0,4,-70
1755869687.8579447,3,1,-87
1755869687.894945,-1,4,-78
1755869687.9329443,11,0,-80
1755869687.9689443,4,-6,-76
1755869688.006945,7,-3,-64
1755869688.0439446,4,0,-60
1755869688.0829446,-5,3,-88
1755869688.1189446,-4,5,-82
1755869688.157945,1,1,-72
1755869688.1959443,0,-3,-70
1755869688.233945,0,2,-72
1755869688.2719443,4,6,-79
1755869688.3079443,1,3,-82
1755869688.3449447,6,4,-75
1755869688.3839445,3,2,-74
1755869688.4219446,0,-1,-84
1755869688.4579446,0,-4,-79
1755869688.4949446,1,-5,-76
1755869688.5339446,6,-4,-63
1755869688.5719447,-1,7,-67
1755869688.6079447,-7,0,-66
1755869688.644945,-5,4,-64
1755869688.6839447,0,-5,-66
1755869688.7219446,0,-1,-75
1755869688.7579446,5,0,-70
1755869688.7949443,3,3,-79
1755869688.8329446,-2,-3,-73
1755869688.8689446,-1,-2,-77
1755869688.907945,5,-1,-69
1755869688.9449446,7,4,-81
1755869688.983945,1,-5,-65
1755869689.0219443,-4,2,-68
1755869689.0579443,-6,1,-70
1755869689.0959446,-8,-2,-69
1755869689.1339445,1,-7,-75
1755869689.1729443,2,1,-77
1755869689.2089446,2,7,-86
1755869689.2459445,3,1,-79
1755869689.2839446,0,3,-72
1755869689.3199446,-1,1,-72
1755869689.3579447,3,0,-65
1755869689.394945,-5,-1,-74
1755869689.4339447,2,-9,-74
1755869689.4699447,-1,-9,-69
1755869689.5079446,-1,-5,-69
1755869689.5469446,-3,-3,-79
1755869689.5839446,-8,-1,-80
1755869689.6229446,-2,-2,-72
1755869689.6589446,-3,-4,-74
1755869689.6969447,1,-4,-72
1755869689.7349446,3,8,-80
1755869689.7739446,2,2,-68
1755869689.8099446,3,-3,-64
1755869689.8469446,6,-2,-74
1755869689.884945,6,0,-68
1755869689.9229443,-1,-1,-80
1755869689.9589446,-2,-3,-82
1755869689.996945,1,0,-78
1755869690.0349443,-3,6,-72
1755869690.0739446,0,0,-63
1755869690.1099446,-8,-2,-70
1755869690.1559446,-2,-3,-81
1755869690.1939447,7,-6,-86
1755869690.2299447,2,6,-77
1755869690.2679446,4,1,-82
1755869690.3049445,0,2,-78
1755869690.3429446,0,3,-72
1755869690.3789446,-5,6,-72
1755869690.4169445,-4,2,-78
1755869690.4549446,1,0,-78
1755869690.4929447,-2,2,-74
1755869690.5289447,1,-3,-73
1755869690.565945,6,-4,-69
1755869690.6049447,3,0,-69
1755869690.6429446,-3,-6,-68
1755869690.6789446,-2,-3,-77
1755869690.7169447,-8,-1,-68
1755869690.7549446,-3,-4,-68
1755869690.7939446,0,-6,-62
1755869690.8299446,4,0,-68
1755869690.8669446,5,2,-67
1755869690.904945,-4,0,-66
1755869690.9439447,-1,-2,-82
1755869690.9799447,-4,-4,-84
1755869691.0179446,-8,-4,-65
1755869691.0559447,-7,-1,-67
1755869691.0949447,0,-1,-65
1755869691.1309447,0,4,-74
1755869691.167945,6,-1,-60
1755869691.2059443,0,-8,-72
1755869691.2449446,0,2,-71
1755869691.2809446,-2,-2,-69
1755869691.3189447,0,-6,-82
1755869691.3569446,-5,-9,-76
1755869691.3959446,-8,-4,-73
1755869691.4339447,-5,-7,-80
1755869691.4699447,-6,0,-81
1755869691.5079446,0,-2,-79
1755869691.5449443,2,0,-80
1755869691.5839446,-5,3,-85
1755869691.6199446,-1,3,-86
1755869691.6569445,-5,8,-78
1755869691.6959443,-3,-1,-61
1755869691.733945,2,0,-65
1755869691.769945,2,1,-73
1755869691.8069446,-2,-3,-68
1755869691.8459446,0,0,-77
1755869691.8839445,-2,-3,-60
1755869691.9199443,-4,-2,-64
1755869691.9579446,-5,5,-74
1755869691.9959445,1,5,-75
1755869692.0339446,7,-2,-71
1755869692.0699446,13,-10,-74
1755869692.108945,5,1,-76
1755869692.1459446,2,-4,-72
1755869692.1849446,-1,4,-69
1755869692.2209446,-1,-1,-72
1755869692.2589445,-2,-2,-64
1755869692.2969446,0,-5,-74
1755869692.335945,3,-9,-69
1755869692.3739443,-1,-3,-74
1755869692.4099443,-1,-5,-71
1755869692.4479446,-6,5,-66
1755869692.4859445,-1,2,-77
1755869692.5249443,0,1,-80
1755869692.5609446,-2,0,-72
1755869692.5979445,1,0,-69
1755869692.6359446,2,-4,-80
1755869692.6719446,-5,1,-78
1755869692.7099447,-8,0,-77
1755869692.7479446,-4,2,-75
1755869692.7859447,-3,-2,-79
1755869692.8249447,1,-3,-76
1755869692.8609445,3,5,-78
1755869692.8979447,-2,1,-75
1755869692.9359446,0,1,-81
1755869692.9719446,0,3,-77
1755869693.0089445,2,1,-73
1755869693.0459447,-2,4,-63
1755869693.0849447,1,3,-67
1755869693.1209445,8,2,-76
1755869693.1589446,6,7,-82
1755869693.1959443,2,3,-79
1755869693.2319446,2,4,-68
1755869693.2689445,1,3,-71
1755869693.3059447,2,1,-69
1755869693.3419447,0,-2,-80
1755869693.3799446,-12,-5,-70
1755869693.417945,-3,-7,-67
1755869693.4569447,-5,-7,-65
1755869693.4949446,1,-6,-60
1755869693.5309446,5,1,-69
1755869693.5679443,-1,6,-66
1755869693.6069446,-2,-3,-76
1755869693.644945,1,0,-75
1755869693.6809447,0,2,-76
1755869693.7179446,4,2,-81
1755869693.7559447,-3,3,-67
1755869693.7919445,0,3,-69
1755869693.8299446,6,5,-56
1755869693.8669446,-3,8,-65
1755869693.9059446,0,5,-58
1755869693.9419446,4,3,-71
1755869693.9799447,0,0,-82
1755869694.0169446,3,0,-69
1755869694.0549445,-2,-5,-78
1755869694.0919447,0,-1,-83
1755869694.1289446,-3,3,-71
1755869694.1669445,-2,6,-78
1755869694.2059443,0,5,-77
1755869694.2419446,-3,1,-76
1755869694.2789447,-5,2,-81
1755869694.3169446,0,5,-88
1755869694.3549447,-1,-4,-69
1755869694.3919446,1,-1,-64
1755869694.4289446,2,-2,-62
1755869694.4669447,2,-3,-57
1755869694.5059447,-3,-1,-66
1755869694.5419445,-2,4,-79
1755869694.5799446,2,1,-83
1755869694.6169446,3,3,-85
1755869694.6529446,4,1,-87
1755869694.690945,3,4,-76
1755869694.7289443,-1,-3,-65
1755869694.7669446,-3,2,-79
1755869694.8059447,-3,1,-87
1755869694.8419447,2,2,-83
1755869694.8789446,-1,4,-75
1755869694.9169445,1,-2,-78
1755869694.9559443,0,1,-80
1755869694.9919446,4,-5,-78
1755869695.0289447,-1,-2,-80
1755869695.0669446,0,-3,-91
1755869695.1059446,5,-5,-79
1755869695.1419446,-3,-3,-75
1755869695.1799445,0,2,-69
1755869695.2179446,8,8,-66
1755869695.2559447,3,3,-72
1755869695.2919445,-1,-1,-71
1755869695.3299446,-8,2,-75
1755869695.3689446,-6,4,-72
1755869695.4069445,-1,1,-62
1755869695.4429443,-10,5,-83
1755869695.4799447,-2,-3,-86
1755869695.5179446,-2,0,-85
1755869695.5569446,-1,-2,-68
1755869695.5929446,-6,0,-71
1755869695.6299446,-6,-4,-64
1755869695.667945,-5,0,-74
1755869695.7069447,6,-6,-67
1755869695.7429447,2,0,-73
1755869695.779945,-1,-1,-81
1755869695.8189447,2,-8,-69
1755869695.8569446,3,-1,-63
1755869695.8929446,-1,1,-73
1755869695.9299445,-5,-6,-75
1755869695.9679446,0,-1,-76
1755869696.006945,-5,0,-65
1755869696.042945,1,1,-77
1755869696.0799446,4,2,-75
1755869696.1189446,-1,0,-70
1755869696.1569445,-2,-2,-70
1755869696.1929443,-1,1,-68
1755869696.2299447,-1,-2,-74
1755869696.2679446,2,4,-76
1755869696.3069446,0,0,-83
1755869696.3429446,0,1,-84
1755869696.3799446,0,0,-74
1755869696.417945,0,-4,-78
1755869696.4549446,0,2,-81
1755869696.4919446,-4,0,-81
1755869696.529945,0,-1,-76
1755869696.5689447,-5,4,-68
1755869696.6069446,-3,4,-74
1755869696.6429446,-4,13,-79
1755869696.6799445,5,4,-75
1755869696.7179446,14,0,-76
1755869696.7539446,4,2,-73
1755869696.7909446,0,-1,-74
1755869696.8289447,0,-4,-64
1755869696.8679447,2,4,-69
1755869696.9039447,3,1,-75
1755869696.9419446,0,3,-76
1755869696.9799447,-2,0,-71
1755869697.0189445,1,-6,-74
1755869697.0569446,-7,-3,-73
1755869697.0929446,0,0,-70
1755869697.1299446,2,0,-74
1755869697.1689446,-3,6,-83
1755869697.2069447,-7,-2,-82
1755869697.2429447,0,0,-72
1755869697.279945,2,-3,-75
1755869697.3189447,1,-3,-79
1755869697.3569446,0,0,-79
1755869697.3929446,-6,1,-68
1755869697.4299445,-6,4,-61
1755869697.4689443,-8,-1,-71
1755869697.506945,-2,-2,-75
1755869697.542945,0,1,-89
1755869697.5799446,-2,-2,-80
1755869697.6189446,-2,-5,-84
1755869697.6569445,-4,-5,-84
1755869697.6929443,-10,-1,-72
1755869697.7319446,0,0,-73
1755869697.7689445,-3,1,-83
1755869697.8079443,-1,1,-69
1755869697.8439443,-7,1,-71
1755869697.881945,-3,-2,-76
1755869697.9189446,8,0,-72
1755869697.9569447,1,5,-77
1755869697.9929447,-2,4,-65
1755869698.029945,-4,5,-83
1755869698.0689447,-3,0,-71
1755869698.1049447,-2,0,-70
1755869698.1419446,-2,6,-70
1755869698.1799445,0,1,-77
1755869698.2189443,-4,1,-79
1755869698.2549446,-6,0,-80
1755869698.2919445,-2,-3,-74
1755869698.3309443,-1,-3,-67
1755869698.3689446,-2,-2,-77
1755869698.404945,0,0,-85
1755869698.4419446,6,2,-77
1755869698.4789443,-1,2,-78
1755869698.5179446,-1,3,-68
1755869698.5539446,0,-1,-73
1755869698.5919447,0,-1,-72
1755869698.6299446,-2,-3,-79
1755869698.6689446,-4,-3,-81
1755869698.7049446,4,0,-72
1755869698.7419446,-4,-1,-79
1755869698.7809446,-4,5,-72
1755869698.8189447,6,0,-57
1755869698.8549447,2,-3,-59
1755869698.8919446,0,0,-70
1755869698.9309447,-1,-1,-79
1755869698.9689443,2,-2,-61
1755869699.0049446,2,2,-59
1755869699.0419445,0,-3,-75
1755869699.0799446,0,-4,-73
1755869699.1189446,0,-6,-67
1755869699.154945,-1,-4,-72
1755869699.1939447,-3,-1,-78
1755869699.2309446,-5,-3,-75
1755869699.269945,2,-2,-78
1755869699.3079443,2,0,-86
1755869699.3439443,2,-2,-84
1755869699.3809447,5,0,-70
1755869699.4189446,4,-2,-71
1755869699.4549446,-7,-6,-75
1755869699.4939446,-6,2,-72
1755869699.5309446,-8,-2,-77
1755869699.5699446,-5,0,-87
1755869699.6079447,-2,0,-80
1755869699.6439445,-7,-1,-80
1755869699.6819446,-1,-6,-69
1755869699.7199447,-5,-2,-76
1755869699.7589445,-7,-3,-64
1755869699.7949443,1,-5,-73
1755869699.8319447,0,5,-58
1755869699.8699446,-3,-5,-71
1755869699.9069445,-3,0,-87
1755869699.9439447,1,-2,-76
1755869699.9819446,7,-2,-75
1755869700.019945,6,-6,-87
1755869700.0589447,0,0,-82
1755869700.0949447,-6,0,-78
1755869700.131945,-1,-1,-80
1755869700.1759446,0,0,-75
1755869700.213945,1,-4,-61
1755869700.2529447,6,2,-62
1755869700.2899446,0,0,-72
1755869700.325945,-4,3,-67
1755869700.3639443,1,-4,-76
1755869700.4019446,-3,4,-69
1755869700.4399445,-2,6,-65
1755869700.4789443,1,6,-75
1755869700.5149446,5,2,-64
1755869700.552945,-2,1,-72
1755869700.5909443,-5,-1,-70
1755869700.6299446,-6,6,-76
1755869700.6659446,-4,1,-68
1755869700.7029445,0,1,-68
1755869700.7409446,-3,2,-73
1755869700.779945,-3,0,-66
1755869700.815945,4,1,-70
1755869700.8529446,8,0,-74
1755869700.8909447,-3,3,-78
1755869700.9289446,-5,-6,-76
1755869700.9649446,-3,-7,-78
1755869701.0029447,7,-3,-73
1755869701.0409446,0,6,-71
1755869701.0799446,4,8,-71
1755869701.1159446,-5,5,-74
1755869701.1529446,5,-1,-71
1755869701.190945,6,0,-80
1755869701.2289443,-1,0,-82
1755869701.2649446,-1,-2,-82
1755869701.302945,6,-1,-70
1755869701.3409443,7,0,-71
1755869701.3799446,-3,1,-75
1755869701.4159446,-7,0,-69
1755869701.4539447,0,-3,-73
1755869701.4919446,-5,-4,-67
1755869701.5309446,3,-2,-68
1755869701.5689447,5,-2,-70
1755869701.6049447,7,-2,-71
1755869701.6439445,9,-1,-58
1755869701.6809447,0,-1,-67
1755869701.7199447,3,-8,-68
1755869701.7559447,3,-6,-67
1755869701.7939446,0,3,-76
1755869701.8309443,6,-1,-80
1755869701.8699446,-4,1,-79
1755869701.9059446,-3,-2,-77
1755869701.9439447,-1,1,-81
1755869701.9829447,-2,-2,-82
1755869702.0209446,6,0,-84
1755869702.0569446,7,-6,-73
1755869702.0949447,4,-4,-65
1755869702.1329446,4,-4,-79
1755869702.1709447,2,-4,-69
1755869702.2099447,6,-3,-79
1755869702.2459445,5,-7,-81
1755869702.282945,2,-6,-71
1755869702.3209443,5,-13,-78
1755869702.3599446,-2,-2,-86
1755869702.3959446,11,0,-72
1755869702.4329443,10,0,-70
1755869702.4709446,0,7,-64
1755869702.506945,0,3,-56
1755869702.5439446,2,7,-69
1755869702.5819447,0,-1,-78
1755869702.6199446,3,1,-75
1755869702.6559446,1,-1,-75
1755869702.6939447,-6,-5,-81
1755869702.7329447,-1,7,-90
1755869702.7709446,0,3,-75
1755869702.8069446,6,0,-78
1755869702.8439443,-2,5,-76
1755869702.8829446,1,0,-56
1755869702.9209447,0,-8,-69
1755869702.9569447,0,-3,-73
1755869702.9939446,0,-1,-67
1755869703.032945,-6,-6,-60
1755869703.0709443,-2,-5,-73
1755869703.1069446,-1,-5,-73
1755869703.144945,2,1,-69
1755869703.1829443,4,0,-67
1755869703.2209446,5,0,-78
1755869703.256945,0,1,-69
1755869703.2939446,-6,-1,-78
1755869703.3329446,-7,2,-81
1755869703.3709445,1,3,-66
1755869703.4069445,2,-3,-71
1755869703.4439447,2,5,-73
1755869703.4819446,-1,3,-68
1755869703.5179446,3,-6,-77
1755869703.5559447,2,1,-66
1755869703.5939443,7,1,-70
1755869703.631945,0,-1,-73
1755869703.667945,2,0,-77
1755869703.7049446,-5,0,-72
1755869703.7429447,-1,-6,-66
1755869703.7819445,4,0,-67
1755869703.8179443,-5,0,-58
1755869703.8559446,4,3,-62
1755869703.8939445,-2,-1,-68
1755869703.9329443,0,-1,-79
1755869703.9709446,-7,0,-82
1755869704.006945,-3,-3,-80
1755869704.0449443,4,-3,-74
1755869704.0829446,4,-6,-87
1755869704.121945,2,1,-82
1755869704.157945,7,-1,-76
1755869704.1949446,-3,1,-66
1755869704.2329447,1,2,-70
1755869704.2709446,-4,7,-78
1755869704.3069446,-2,4,-71
1755869704.3449447,-6,0,-70
1755869704.3829446,-3,-6,-68
1755869704.4219446,-3,2,-70
1755869704.4579446,-3,2,-68
1755869704.4949446,-4,-1,-66
1755869704.532945,1,-1,-73
1755869704.5719447,-7,-2,-65
1755869704.6079447,-2,1,-62
1755869704.644945,-8,1,-60
1755869704.6829443,-6,2,-56
1755869704.7219446,2,5,-71
1755869704.7579446,0,2,-67
1755869704.7949443,0,-3,-67
1755869704.8329446,6,-5,-80
1755869704.871945,2,-3,-85
1755869704.907945,2,-3,-79
1755869704.9449446,1,2,-71
1755869704.9829447,-1,-3,-70
1755869705.0219443,-7,-4,-80
1755869705.0579443,-3,-6,-74
1755869705.0959446,0,-1,-74
1755869705.1339445,0,4,-69
1755869705.1719446,1,11,-75
1755869705.2079446,0,0,-82
1755869705.2449446,6,0,-70
1755869705.282945,5,7,-73
1755869705.3189447,10,3,-70
1755869705.3569446,1,-8,-66
1755869705.3939445,2,-2,-77
1755869705.4329443,-4,-1,-78
1755869705.4689443,-5,-2,-72
1755869705.506945,1,-1,-74
1755869705.5449443,-3,3,-78
1755869705.5829446,0,7,-64
1755869705.621945,1,2,-73
1755869705.657945,6,1,-66
1755869705.6949446,7,-1,-76
1755869705.7329447,0,-5,-68
1755869705.7719443,0,-1,-70
1755869705.8079443,1,-3,-70
1755869705.8449447,2,0,-71
1755869705.8829446,-2,0,-75
1755869705.9189446,0,-2,-75
1755869705.9559443,-10,4,-70
1755869705.9939446,-4,0,-69
1755869706.032945,-4,2,-69
1755869706.0689447,-6,0,-67
1755869706.1059446,-4,-2,-71
1755869706.1439445,0,0,-71
1755869706.1819446,0,0,-72
1755869706.2179446,-1,-1,-68
1755869706.256945,2,4,-56
1755869706.2939446,-3,0,-56
1755869706.3329446,3,-2,-64
1755869706.3689446,0,-3,-75
1755869706.4059446,-2,-2,-75
1755869706.4439447,-8,5,-64
1755869706.4829447,-6,2,-69
1755869706.5189445,-2,-3,-70
1755869706.5569446,1,-4,-80
1755869706.5949447,1,-4,-66
1755869706.6339445,1,0,-72
1755869706.6719446,6,-2,-77
1755869706.7079446,0,0,-72
1755869706.7449446,5,3,-84
1755869706.782945,4,0,-77
1755869706.8189447,3,-5,-69
1755869706.8569446,5,1,-72
1755869706.8939445,-1,1,-79
1755869706.9329443,-3,3,-87
1755869706.9689443,-4,3,-80
1755869707.0059447,-8,-1,-79
1755869707.0439446,-4,-1,-71
1755869707.0829446,-4,1,-76
1755869707.1189446,4,4,-82
1755869707.1559446,0,-3,-78
1755869707.1939447,0,-4,-78
1755869707.2329447,1,-6,-60
1755869707.2689445,12,-1,-71
1755869707.3059447,1,5,-78
1755869707.3439443,-5,1,-75
1755869707.3799446,-5,-2,-71
1755869707.417945,0,5,-66
1755869707.4549446,4,4,-74
1755869707.4939446,0,-2,-80
1755869707.529945,-11,-11,-78
1755869707.5679443,7,-4,-78
1755869707.6059446,10,2,-81
1755869707.6439445,4,0,-80
1755869707.6799445,3,1,-74
1755869707.7179446,4,1,-68
1755869707.7549446,-2,-4,-70
1755869707.7949443,1,-1,-63
1755869707.8329446,2,-4,-73
1755869707.8689446,3,1,-65
1755869707.9069445,4,2,-70
1755869707.9449446,0,1,-69
1755869707.9829447,-7,-8,-72
1755869708.0189445,-4,-6,-74
1755869708.0569446,0,0,-70
1755869708.0949447,0,4,-78
1755869708.1329446,-12,2,-73
1755869708.1689446,-2,-3,-70
1755869708.2069447,1,-3,-83
1755869708.2449446,3,0,-72
1755869708.282945,0,0,-69
1755869708.3189447,3,0,-73
1755869708.3559446,0,-1,-73
1755869708.394945,2,-1,-73
1755869708.4329443,-2,0,-68
1755869708.4689443,-9,-1,-64
1755869708.506945,-5,4,-74
1755869708.5449443,-9,0,-75
1755869708.5839446,-4,2,-71
1755869708.6199446,4,-4,-66
1755869708.6569445,2,-3,-70
1755869708.6949446,-1,-4,-70
1755869708.733945,-6,6,-79
1755869708.769945,0,-2,-80
1755869708.8069446,3,-1,-73
1755869708.8449447,1,-6,-72
1755869708.8839445,0,-4,-69
1755869708.9199443,0,-6,-71
1755869708.9579446,-3,-3,-73
1755869708.9959445,0,-1,-77
1755869709.0349443,0,-2,-72
1755869709.0709443,-1,-2,-76
1755869709.108945,-2,1,-70
1755869709.1469443,-5,1,-83
1755869709.1849446,11,0,-75
1755869709.2209446,6,-6,-82
1755869709.2589445,-7,-2,-76
1755869709.2969446,-6,1,-75
1755869709.3349447,-4,1,-79
1755869709.3739443,0,6,-84
1755869709.4099443,3,-2,-68
1755869709.4469447,6,-2,-81
1755869709.4849446,2,-1,-81
1755869709.5239446,0,-5,-68
1755869709.5599446,0,-8,-66
1755869709.5969446,-2,-5,-60
1755869709.6359446,-8,-5,-78
1755869709.6739447,-4,-3,-82
1755869709.7099447,-2,0,-78
1755869709.746945,0,0,-71
1755869709.7859447,0,0,-74
1755869709.8239446,0,0,-69
1755869709.8599446,0,3,-63
1755869709.8979447,-2,-3,-68
1755869709.9359446,-2,-2,-77
1755869709.973945,2,-3,-64
1755869710.009945,0,-2,-73
1755869710.0479443,0,-1,-69
1755869710.085945,-3,2,-76
1755869710.1239443,-4,-1,-69
1755869710.1599443,-2,-4,-68
1755869710.2059443,0,3,-81
1755869710.2439446,4,3,-73
1755869710.279945,5,-1,-72
1755869710.3179443,4,-3,-75
1755869710.3569446,-3,-5,-76
1755869710.394945,-3,-4,-82
1755869710.4309447,-1,-1,-71
1755869710.4699447,-1,-3,-70
1755869710.506945,0,-3,-74
1755869710.5459447,7,-3,-84
1755869710.5839446,1,-3,-81
1755869710.6199446,0,3,-68
1755869710.6569445,-1,4,-74
1755869710.6959443,1,5,-78
1755869710.7319446,-2,4,-73
1755869710.769945,9,4,-79
1755869710.8069446,0,-6,-80
1755869710.8459446,-1,0,-75
1755869710.881945,0,8,-79
1755869710.9199443,-2,3,-81
1755869710.9579446,0,0,-90
1755869710.9959445,-6,-5,-83
1755869711.0319445,-8,0,-75
1755869711.0699446,4,7,-81
1755869711.1079447,4,1,-82
1755869711.1459446,8,-5,-80
1755869711.1819446,1,0,-74
1755869711.2199447,0,1,-66
1755869711.256945,3,0,-69
1755869711.2959447,6,3,-70
1755869711.3319447,0,1,-70
1755869711.3699446,-5,3,-64
1755869711.4069445,0,1,-68
1755869711.4449446,2,0,-74
1755869711.4809446,-2,1,-71
1755869711.5179446,-2,-1,-75
1755869711.5569446,-5,-1,-77
1755869711.5949447,-2,2,-73
1755869711.6309447,-9,2,-62
1755869711.667945,-4,5,-67
1755869711.7069447,2,2,-75
1755869711.7449446,0,1,-68
1755869711.7809446,-2,-1,-76
1755869711.8189447,-4,0,-71
1755869711.8569446,6,11,-77
1755869711.894945,0,7,-75
1755869711.9309447,-4,1,-83
1755869711.9679446,1,4,-79
1755869712.0059447,0,-3,-77
1755869712.0419445,1,-4,-68
1755869712.0799446,-8,-5,-74
1755869712.1179447,4,-3,-72
1755869712.1569445,-5,6,-71
1755869712.1949446,-1,-2,-77
1755869712.2309446,-4,-1,-72
1755869712.2689445,4,2,-77
1755869712.3069446,-2,0,-70
1755869712.3459446,-1,3,-73
1755869712.381945,0,0,-78
1755869712.4189446,2,3,-76
1755869712.4569447,-3,-1,-63
1755869712.4959445,-2,-3,-67
1755869712.5319445,-3,-1,-64
1755869712.5699446,1,0,-66
1755869712.6069446,-5,0,-72
1755869712.6459446,-8,-4,-72
1755869712.6819446,-9,-3,-81
1755869712.7199447,-2,-4,-77
1755869712.7579446,1,1,-78
1755869712.7959447,4,2,-72
1755869712.8319447,4,2,-65
1755869712.8689446,5,-2,-82
1755869712.9069445,0,-2,-88
1755869712.9459443,-2,-2,-79
1755869712.9819446,-6,3,-81
1755869713.019945,4,-3,-76
1755869713.0579443,0,0,-68
1755869713.0959446,1,0,-69
1755869713.131945,-2,1,-68
1755869713.1699443,-6,-3,-86
1755869713.2079446,-3,0,-71
1755869713.246945,3,-1,-65
1755869713.282945,-2,-6,-60
1755869713.3209443,4,-2,-71
1755869713.358945,0,-3,-70
1755869713.3979447,-5,-2,-75
1755869713.4359446,-4,-3,-84
1755869713.4719446,-3,0,-81
1755869713.5089445,3,-3,-79
1755869713.5479443,-3,-4,-88
1755869713.585945,4,3,-77
1755869713.621945,2,6,-83
1755869713.6589446,-4,0,-79
1755869713.6979446,3,2,-81
1755869713.7359445,-6,0,-75
1755869713.7719443,3,1,-75
1755869713.8089447,0,2,-69
1755869713.8469446,4,0,-76
1755869713.8829446,1,3,-68
1755869713.9199443,0,-5,-84
1755869713.9579446,4,-1,-74
1755869713.996945,2,3,-74
1755869714.032945,3,0,-70
1755869714.0699446,0,1,-64
1755869714.1079447,0,3,-67
1755869714.1459446,3,0,-66
1755869714.1819446,-3,-4,-71
1755869714.2199447,-2,-1,-73
1755869714.2579446,0,-8,-75
1755869714.2969446,1,-7,-76
1755869714.3329446,0,-9,-71
1755869714.3699446,0,4,-73
1755869714.407945,-5,0,-81
1755869714.4439447,-1,0,-80
1755869714.4819446,0,0,-79
1755869714.5189445,-3,2,-67
1755869714.5579443,0,2,-82
1755869714.5939443,1,0,-78
1755869714.6309447,0,-1,-76
1755869714.6689446,0,1,-72
1755869714.7079446,8,1,-68
1755869714.7439446,0,-2,-69
1755869714.7809446,-4,-10,-77
1755869714.8189447,-1,-1,-79
1755869714.8579447,4,-3,-87
1755869714.8939445,2,-6,-90
1755869714.9309447,0,1,-92
1755869714.9689443,1,0,-71
1755869715.006945,-2,-4,-78
1755869715.042945,5,-1,-74
1755869715.0799446,6,-6,-78
1755869715.1189446,-4,1,-67
1755869715.1569445,-1,-4,-73
1755869715.1929443,-4,-4,-69
1755869715.2309446,0,0,-71
1755869715.2689445,-6,0,-73
1755869715.3069446,3,0,-77
1755869715.3429446,-1,0,-75
1755869715.3799446,-2,-2,-66
1755869715.4189446,0,-2,-73
1755869715.4569447,4,2,-76
1755869715.4929447,5,0,-82
1755869715.529945,-3,4,-76
1755869715.5689447,-2,3,-71
1755869715.6069446,0,0,-86
1755869715.6429446,-1,4,-72
1755869715.6809447,3,0,-70
1755869715.7189443,-2,-1,-66
1755869715.756945,-2,0,-70
1755869715.792945,0,0,-74
1755869715.8299446,-4,2,-73
1755869715.8689446,-4,2,-60
1755869715.9069445,-5,0,-65
1755869715.9429443,0,4,-67
1755869715.9809446,12,-4,-72
1755869716.0189445,5,-1,-77
1755869716.0549445,0,-1,-73
1755869716.0939443,2,-7,-72
1755869716.1309447,6,-1,-69
1755869716.1689446,0,-4,-72
1755869716.2079446,0,-6,-82
1755869716.2439446,-2,-4,-68
1755869716.2819445,0,-1,-86
1755869716.3199446,-8,0,-82
1755869716.358945,4,2,-74
1755869716.394945,-2,-2,-71
1755869716.4329443,-2,6,-68
1755869716.4709446,-4,4,-75
1755869716.5089445,-2,-1,-79
1755869716.5479443,-2,0,-77
1755869716.5839446,-1,3,-80
1755869716.621945,1,0,-88
1755869716.6599443,2,-12,-85
1755869716.6989446,3,-1,-77
1755869716.7349446,-2,-5,-83
1755869716.7729447,0,0,-66
1755869716.8109446,1,1,-80
1755869716.8499446,-6,0,-65
1755869716.8879447,-3,-7,-65
1755869716.9239447,1,-4,-63
1755869716.960945,3,-2,-68
1755869716.9999447,-1,3,-69
1755869717.0379446,-9,1,-85
1755869717.0739446,0,3,-72
1755869717.1109445,-1,0,-70
1755869717.1499443,9,3,-72
1755869717.187945,4,-2,-66
1755869717.223945,-6,-2,-68
1755869717.2619443,-2,-8,-67
1755869717.2999446,-2,-8,-71
1755869717.338945,-3,3,-62
1755869717.3749447,-2,-4,-68
1755869717.4129446,0,5,-67
1755869717.4499447,-3,0,-62
1755869717.4889443,0,7,-73
1755869717.5249443,-1,6,-75
1755869717.562945,-8,3,-78
1755869717.6009445,-2,1,-74
1755869717.6399446,1,-1,-82
1755869717.677945,-1,-5,-78
1755869717.713945,0,-5,-71
1755869717.7509446,1,-6,-73
1755869717.7899446,-2,-2,-69
1755869717.825945,6,-11,-72
1755869717.8629446,-3,-8,-59
1755869717.9009447,-7,0,-66
1755869717.9399445,0,-2,-76
1755869717.9759445,0,-4,-75
1755869718.0129447,5,-5,-69
1755869718.0509446,0,1,-69
1755869718.088945,1,4,-67
1755869718.1249447,0,1,-68
1755869718.1619446,-2,-1,-74
1755869718.1999447,-2,0,-67
1755869718.2389443,-7,-2,-61
1755869718.2749443,-1,3,-78
1755869718.312945,-3,6,-70
1755869718.3509445,-3,-7,-68
1755869718.3899446,0,0,-84
1755869718.4259446,-2,0,-72
1755869718.4629445,7,0,-73
1755869718.5009446,-6,0,-69
1755869718.5399446,-7,0,-72
1755869718.575945,1,0,-76
1755869718.6129446,-5,1,-80
1755869718.6509447,0,8,-75
1755869718.6899445,1,-3,-69
1755869718.7259445,3,-7,-73
1755869718.7639446,-1,-2,-71
1755869718.8019447,0,2,-67
1755869718.8409443,0,1,-71
1755869718.8789446,1,-2,-77
1755869718.9159446,-1,-2,-76
1755869718.9529445,4,-2,-84
1755869718.9909446,0,-7,-72
1755869719.029945,-1,-6,-67
1755869719.065945,0,0,-78
1755869719.1029446,2,-4,-73
1755869719.1409447,4,4,-72
1755869719.1799445,0,9,-70
1755869719.2159443,0,5,-69
1755869719.2529447,6,2,-70
1755869719.2909446,4,1,-77
1755869719.3299446,2,2,-75
1755869719.3659446,6,5,-80
1755869719.4029446,-2,0,-84
1755869719.440945,1,0,-77
1755869719.4799447,5,0,-71
1755869719.5159447,2,2,-66
1755869719.552945,-4,3,-65
1755869719.5909443,0,-3,-81
1755869719.6299446,0,-5,-82
1755869719.6659446,2,0,-83
1755869719.7029445,-1,-1,-81
1755869719.7409446,0,2,-89
1755869719.7769446,-5,0,-91
1755869719.815945,-2,-4,-91
1755869719.8529446,0,0,-80
1755869719.8909447,1,0,-59
1755869719.9269447,-1,-2,-62
1755869719.9659443,-4,-3,-56
1755869720.0029447,-4,-2,-61
1755869720.0409446,-5,-3,-76
1755869720.0799446,-4,3,-71
1755869720.1159446,-2,0,-69
1755869720.1529446,-2,-4,-72
1755869720.190945,-5,-4,-59
1755869720.2359445,-4,-2,-75
1755869720.2739446,-4,1,-85
1755869720.3109446,-5,-4,-82
1755869720.3499446,-8,-3,-73
1755869720.3859446,0,-2,-80
1755869720.4239447,2,-6,-78
1755869720.4619446,-2,0,-69
1755869720.4999447,4,-7,-77
1755869720.5359447,-2,-5,-80
1755869720.5739446,3,1,-72
1755869720.611945,-7,-3,-76
1755869720.6499443,-2,-4,-81
1755869720.6859446,1,-7,-73
1755869720.7229445,5,-1,-63
1755869720.7619443,0,0,-68
1755869720.7999446,0,-3,-65
1755869720.835945,4,0,-68
1755869720.8739443,2,-2,-70
1755869720.9119446,3,-1,-74
1755869720.9499447,3,0,-75
1755869720.9859445,8,0,-73
1755869721.0239446,-1,-3,-81
1755869721.0619447,-1,0,-67
1755869721.0999446,-4,1,-70
1755869721.1359446,3,-1,-70
1755869721.1739447,-2,-4,-75
1755869721.2119446,-2,1,-70
1755869721.2499447,-6,-3,-72
1755869721.2859447,0,-7,-73
1755869721.3239446,0,-7,-74
1755869721.361945,5,-6,-67
1755869721.4009447,3,-2,-74
1755869721.4369447,2,1,-67
1755869721.473945,0,-1,-73
1755869721.5119443,15,-3,-67
1755869721.5509446,9,0,-76
1755869721.5869446,5,-1,-88
1755869721.6239443,3,0,-77
1755869721.6619446,-2,7,-73
1755869721.700945,-3,4,-70
1755869721.736945,0,-2,-80
1755869721.7739446,-3,0,-72
1755869721.8119447,-2,-1,-60
1755869721.8509445,-4,-1,-76
1755869721.8869443,0,0,-72
1755869721.9239447,0,1,-66
1755869721.9619446,0,-3,-71
1755869722.0009446,2,2,-75
1755869722.0369446,3,0,-85
1755869722.0739446,2,-3,-84
1755869722.1129446,5,-2,-71
1755869722.1509447,-3,-2,-71
1755869722.1869447,-5,-2,-68
1755869722.2249446,3,-6,-66
1755869722.2629447,10,-5,-77
1755869722.3019447,10,0,-78
1755869722.3379445,6,7,-81
1755869722.3759446,7,2,-81
1755869722.4129446,3,-6,-82
1755869722.4519446,0,2,-80
1755869722.4879446,-4,4,-78
1755869722.5249443,9,3,-72
1755869722.562945,4,6,-71
1755869722.6009445,-1,8,-65
1755869722.6369443,-2,2,-59
1755869722.6739447,-1,4,-75
1755869722.7129445,-3,-3,-71
1755869722.7509446,-6,-3,-64
1755869722.7869446,4,-7,-70
1755869722.8239446,3,-4,-82
1755869722.8629446,2,-4,-81
1755869722.9009447,-6,-3,-70
1755869722.9369447,-4,0,-69
1755869722.973945,-6,-4,-74
1755869723.0129447,-6,-3,-78
1755869723.0509446,0,0,-62
1755869723.0869446,3,-1,-60
1755869723.1239443,6,1,-64
1755869723.1619446,-4,1,-68
1755869723.1979446,-6,1,-62
1755869723.236945,-2,0,-65
1755869723.2739446,-3,-2,-72
1755869723.312945,4,-6,-68
1755869723.348945,0,-1,-66
1755869723.3869443,-3,1,-74
1755869723.4249446,-1,7,-77
1755869723.4629445,-1,5,-75
1755869723.4989443,1,-2,-79
1755869723.5359447,-6,0,-75
1755869723.5749447,-8,0,-75
1755869723.6129446,-5,1,-80
1755869723.6489446,-3,2,-77
1755869723.6859446,-1,-8,-68
1755869723.7249446,-6,-6,-75
1755869723.7629447,1,-6,-68
1755869723.7989447,0,0,-76
1755869723.835945,2,5,-75
1755869723.8729446,0,0,-68
1755869723.9119446,-1,-6,-69
1755869723.9479446,0,-9,-74
1755869723.9859445,-3,-12,-71
1755869724.0249443,-3,-1,-67
1755869724.062945,-1,0,-66
1755869724.098945,3,1,-74
1755869724.1359446,0,-1,-71
1755869724.1749446,1,-4,-81
1755869724.2129445,4,0,-70
1755869724.2489443,0,-2,-68
1755869724.2859447,3,-8,-76
1755869724.3249447,2,-3,-75
1755869724.3629446,4,2,-73
1755869724.3989446,1,0,-66
1755869724.4359446,-2,-6,-67
1755869724.473945,-3,-5,-78
1755869724.5129447,2,-6,-76
1755869724.5489447,0,-3,-72
1755869724.585945,-2,0,-70
1755869724.6239443,-2,-3,-68
1755869724.6629446,0,-6,-71
1755869724.6989446,0,-7,-71
1755869724.7359445,-2,-2,-75
1755869724.7739446,3,1,-74
1755869724.8119447,-5,4,-71
1755869724.8479445,2,0,-78
1755869724.8859446,4,4,-74
1755869724.9239447,4,0,-64
1755869724.9619446,-1,-2,-70
1755869724.9979446,-3,-2,-65
1755869725.0359447,1,-1,-77
1755869725.0739446,1,0,-79
1755869725.1099446,1,-1,-73
1755869725.1469443,2,0,-82
1755869725.1839447,-9,-1,-80
1755869725.2229445,-3,2,-81
1755869725.2589445,7,7,-59
1755869725.2959447,0,1,-70
1755869725.3339446,4,-4,-73
1755869725.3699446,0,-2,-84
1755869725.4069445,5,-2,-73
1755869725.4449446,0,-7,-73
1755869725.483945,1,-1,-62
1755869725.519945,0,-2,-59
1755869725.5569446,5,-3,-66
1755869725.5949447,1,3,-81
1755869725.6339445,-1,-9,-78
1755869725.6699443,0,-8,-80
1755869725.7069447,-5,-1,-80
1755869725.7449446,0,-7,-82
1755869725.7839446,2,-1,-75
1755869725.8199446,-10,1,-78
1755869725.858945,-1,-3,-78
1755869725.8959446,-7,0,-66
1755869725.9349446,0,3,-70
1755869725.9729445,4,3,-66
1755869726.0089445,4,-2,-80
1755869726.0459447,6,-5,-86
1755869726.0849447,8,2,-73
1755869726.1229446,9,5,-68
1755869726.1589446,6,5,-69
1755869726.1959443,2,0,-71
1755869726.233945,-1,-1,-72
1755869726.269945,0,-3,-78
1755869726.3079443,3,-2,-80
1755869726.3459446,0,-4,-79
1755869726.384945,2,-3,-80
1755869726.4229443,4,-6,-78
1755869726.4589446,-1,2,-75
1755869726.4959445,-9,0,-72
1755869726.5349443,-2,-2,-72
1755869726.5729446,0,-5,-70
1755869726.608945,2,0,-84
1755869726.6459446,3,0,-87
1755869726.6839447,-2,2,-71
1755869726.7199447,-3,3,-68
1755869726.7579446,-3,-1,-74
1755869726.7959447,2,0,-68
1755869726.8349447,8,-4,-67
1755869726.8709445,11,0,-78
1755869726.907945,4,-3,-72
1755869726.9459443,-3,1,-77
1755869726.9849446,3,0,-66
1755869727.0209446,3,1,-68
1755869727.0579443,-6,0,-82
1755869727.0959446,-12,1,-62
1755869727.134945,-3,5,-65
1755869727.1709447,-4,-1,-70
1755869727.2089446,0,0,-71
1755869727.2459445,0,-4,-64
1755869727.2849443,9,0,-76
1755869727.3209443,0,4,-76
1755869727.3579447,0,-2,-78
1755869727.3969443,0,1,-69
1755869727.4349446,0,-3,-76
1755869727.4709446,7,2,-69
1755869727.5079446,2,0,-75
1755869727.5459447,0,-1,-70
1755869727.5839446,-3,-2,-80
1755869727.6199446,0,0,-76
1755869727.6569445,-4,3,-66
1755869727.6959443,-1,-6,-76
1755869727.733945,5,-3,-74
1755869727.769945,-5,-2,-76
1755869727.8079443,-3,-3,-77
1755869727.8459446,-3,-2,-71
1755869727.884945,0,-1,-70
1755869727.9209447,-4,0,-67
1755869727.9589446,0,2,-65
1755869727.996945,1,3,-60
1755869728.0349443,-1,-1,-65
1755869728.0719447,4,-5,-75
1755869728.108945,-5,-1,-67
1755869728.1469443,-3,2,-74
1755869728.1859446,-5,0,-71
1755869728.223945,0,1,-64
1755869728.259945,0,-3,-63
1755869728.2969446,-1,5,-63
1755869728.335945,0,2,-72
1755869728.3739443,-7,-1,-73
1755869728.4099443,-2,-5,-71
1755869728.4479446,-2,0,-71
1755869728.4859445,-2,0,-80
1755869728.5249443,0,-1,-74
1755869728.5609446,-5,-6,-72
1755869728.598945,7,-1,-77
1755869728.6369443,4,0,-73
1755869728.6759446,-5,-3,-73
1755869728.7119446,0,-3,-77
1755869728.7499447,0,-6,-80
1755869728.7879446,0,-6,-79
1755869728.825945,-6,-7,-77
1755869728.8649447,-6,-7,-81
1755869728.9009447,-1,-5,-81
1755869728.9389446,-1,-1,-81
1755869728.9769447,4,0,-79
1755869729.0149446,2,1,-71
1755869729.0509446,8,0,-65
1755869729.0879445,-5,-2,-81
1755869729.1259446,0,0,-81
1755869729.1619446,3,-5,-77
1755869729.1989446,-5,0,-63
1755869729.236945,-7,-1,-67
1755869729.2759447,5,5,-69
1755869729.3119447,0,2,-71
1755869729.348945,1,0,-77
1755869729.3869443,-3,-5,-72
1755869729.4249446,-4,-5,-77
1755869729.460945,2,0,-67
1755869729.4979446,5,-1,-72
1755869729.5369446,-4,1,-74
1755869729.5749447,0,0,-59
1755869729.6109445,4,-5,-56
1755869729.6479447,2,1,-69
1755869729.6859446,2,2,-61
1755869729.7219446,7,-2,-72
1755869729.7589445,9,0,-66
1755869729.7969446,5,2,-59
1755869729.8349447,8,0,-71
1755869729.8709445,3,0,-76
1755869729.907945,-2,0,-73
1755869729.9469447,1,2,-70
1755869729.9849446,3,-2,-80
1755869730.0209446,3,-3,-76
1755869730.0579443,5,-4,-74
1755869730.0969446,12,0,-75
1755869730.134945,5,4,-66
1755869730.1709447,5,-4,-70
1755869730.2079446,-4,0,-71
1755869730.2519443,-5,-3,-70
1755869730.2909446,-9,-4,-72
1755869730.3289447,-1,-4,-68
1755869730.3669446,1,-5,-86
1755869730.4029446,1,-4,-82
1755869730.440945,-1,0,-74
1755869730.4789443,2,-5,-72
1755869730.5169446,0,0,-66
1755869730.552945,-6,-2,-55
1755869730.5909443,-11,0,-72
1755869730.6299446,-1,1,-72
1755869730.667945,3,3,-69
1755869730.7069447,8,2,-61
1755869730.7429447,6,0,-68
1755869730.779945,3,-8,-67
1755869730.8179443,-2,-4,-82
1755869730.8569446,-1,-5,-77
1755869730.8929446,0,-5,-76
1755869730.9299445,0,-3,-86
1755869730.9679446,4,-9,-90
1755869731.006945,10,-1,-74
1755869731.042945,1,3,-76
1755869731.0799446,2,3,-74
1755869731.1179447,1,-2,-76
1755869731.1559446,-2,-7,-73
1755869731.1919446,3,-3,-86
1755869731.2289443,7,-3,-75
1755869731.2679446,2,-1,-72
1755869731.3059447,0,-1,-72
1755869731.3419447,4,0,-74
1755869731.3789446,-10,4,-67
1755869731.417945,-4,1,-77
1755869731.4559443,0,-1,-73
1755869731.4919446,0,-1,-84
1755869731.5289447,1,-1,-77
1755869731.5679443,5,-5,-73
1755869731.6059446,0,0,-70
1755869731.6419446,-1,-5,-64
1755869731.6799445,-1,-2,-66
1755869731.7179446,4,0,-71
1755869731.7559447,4,1,-65
1755869731.7919445,2,1,-62
1755869731.8289447,1,1,-81
1755869731.8679447,-6,1,-75
1755869731.9059446,-1,0,-65
1755869731.9419446,0,0,-77
1755869731.9789443,1,-3,-68
1755869732.0179446,-6,-1,-80
1755869732.0559447,-4,0,-76
1755869732.0919447,0,7,-79
1755869732.1289446,-2,7,-88
1755869732.167945,-1,2,-75
1755869732.2039447,1,-2,-72
1755869732.2419446,-4,5,-76
1755869732.279945,-4,-7,-67
1755869732.3179443,1,-10,-59
1755869732.3569446,-6,6,-63
1755869732.3929446,-9,1,-74
1755869732.4309447,-3,1,-73
1755869732.4699447,-3,0,-82
1755869732.5079446,0,0,-82
1755869732.5439446,1,-3,-77
1755869732.5819447,-4,0,-77
1755869732.6189446,-6,-1,-74
1755869732.657945,1,3,-73
1755869732.6939447,0,-5,-75
1755869732.7309446,-3,1,-81
1755869732.7689445,0,-7,-77
1755869732.8079443,7,-12,-77
1755869732.8439443,0,-6,-76
1755869732.8829446,0,2,-67
1755869732.9199443,-2,0,-64
1755869732.9589446,5,0,-66
1755869732.996945,0,-3,-77
1755869733.032945,-8,-1,-75
1755869733.0709443,-2,5,-68
1755869733.108945,0,6,-83
1755869733.1469443,4,1,-74
1755869733.1829443,6,0,-65
1755869733.2199447,4,-5,-60
1755869733.2589445,2,3,-79
1755869733.2969446,-2,6,-73
1755869733.3329446,7,-3,-73
1755869733.3699446,1,4,-83
1755869733.407945,-1,0,-75
1755869733.4439447,1,-1,-72
1755869733.4829447,-1,0,-83
1755869733.519945,5,-3,-66
1755869733.5589447,-1,-1,-65
1755869733.5969446,5,4,-77
1755869733.6329446,-5,6,-74
1755869733.6699443,-4,7,-80
1755869733.7089446,4,5,-66
1755869733.746945,0,-8,-72
1755869733.782945,-4,-8,-79
1755869733.8219447,-3,1,-85
1755869733.858945,-6,-4,-84
1755869733.8979447,0,0,-70
1755869733.9339447,4,1,-73
1755869733.9719446,1,2,-73
1755869734.0089445,1,1,-75
1755869734.0479443,0,-3,-76
1755869734.0839446,0,1,-78
1755869734.1209445,0,-8,-86
1755869734.1589446,0,-9,-72
1755869734.1979446,3,3,-73
1755869734.233945,8,2,-74
1755869734.2709446,-4,5,-67
1755869734.3089447,-2,-5,-76
1755869734.3479445,9,-3,-80
1755869734.3839445,-1,4,-72
1755869734.4209447,-3,1,-58
1755869734.4589446,4,-2,-67
1755869734.4979446,2,1,-80
1755869734.5339446,4,0,-83
1755869734.5709443,5,3,-86
1755869734.608945,3,0,-74
1755869734.644945,5,5,-67
1755869734.6819446,5,9,-79
1755869734.7199447,3,-1,-65
1755869734.7579446,8,2,-71
1755869734.7939446,0,-2,-84
1755869734.8309443,6,-6,-82
1755869734.8699446,5,2,-76
1755869734.907945,2,1,-74
1755869734.9439447,-5,-1,-77
1755869734.9819446,-3,2,-70
1755869735.019945,-6,3,-63
1755869735.0589447,-4,3,-71
1755869735.0949447,-5,0,-70
1755869735.1339445,-7,0,-68
1755869735.1709447,2,5,-79
1755869735.2089446,4,0,-82
1755869735.2449446,4,3,-80
1755869735.282945,-3,7,-78
1755869735.3209443,-6,0,-84
1755869735.3599446,-12,4,-79
1755869735.3979447,0,7,-76
1755869735.4339447,-5,4,-76
1755869735.4709446,-6,2,-84
1755869735.509945,-3,0,-80
1755869735.5479443,3,1,-78
1755869735.5839446,3,4,-73
1755869735.6209445,6,2,-70
1755869735.6589446,0,0,-70
1755869735.6949446,-4,-2,-68
1755869735.7329447,5,7,-76
1755869735.7709446,3,9,-74
1755869735.8099446,6,4,-68
1755869735.8459446,3,1,-76
1755869735.8829446,0,0,-68
1755869735.9199443,-3,4,-65
1755869735.9589446,-12,1,-74
1755869735.9949446,-4,2,-79
1755869736.032945,-2,3,-66
1755869736.0709443,-1,3,-79
1755869736.1099446,2,1,-68
1755869736.1459446,7,6,-71
1755869736.1829443,4,9,-67
1755869736.2209446,3,6,-68
1755869736.259945,-4,-1,-76
1755869736.2959447,-6,0,-70
1755869736.3329446,-3,1,-60
1755869736.3709445,-4,5,-63
1755869736.4099443,0,5,-79
1755869736.4459443,-1,5,-76
1755869736.4829447,0,3,-69
1755869736.5219443,6,7,-77
1755869736.5599446,5,5,-77
1755869736.5959446,2,5,-77
1755869736.6329446,-4,5,-72
1755869736.6719446,5,-4,-56
1755869736.7099447,-3,-4,-80
1755869736.7459445,2,-3,-71
1755869736.782945,6,-4,-72
1755869736.8209443,-2,-5,-82
1755869736.8599446,2,2,-77
1755869736.8959446,-1,0,-76
1755869736.9339447,0,0,-74
1755869736.9719446,2,3,-70
1755869737.0109446,3,5,-77
1755869737.0489447,1,1,-81
1755869737.0849447,-8,0,-82
1755869737.121945,6,1,-76
1755869737.1599443,8,0,-76
1755869737.1959443,3,1,-72
1755869737.2329447,1,1,-86
1755869737.2709446,5,1,-76
1755869737.3089447,2,-1,-72
1755869737.3449447,-8,-1,-80
1755869737.3829446,-5,4,-69
1755869737.4209447,-1,-1,-67
1755869737.4599447,-3,0,-68
1755869737.4959445,0,-2,-71
1755869737.5339446,6,-1,-65
1755869737.5719447,1,7,-64
1755869737.6099446,0,1,-71
1755869737.6459446,2,6,-70
1755869737.6829443,0,9,-71
1755869737.7209446,-1,-1,-70
1755869737.759945,-8,7,-74
1755869737.7959447,-11,6,-83
1755869737.8339446,-1,1,-84
1755869737.871945,-7,-3,-78
1755869737.9109447,3,-1,-75
1755869737.9469447,7,-2,-77
1755869737.983945,-5,-3,-76
1755869738.0219443,-5,-1,-67
1755869738.0609446,1,0,-76
1755869738.0969446,6,-4,-83
1755869738.1339445,0,1,-74
1755869738.1719446,-1,-5,-72
1755869738.210945,3,0,-82
1755869738.246945,-4,-5,-77
1755869738.2859447,0,-6,-68
1755869738.3229446,0,-4,-65
1755869738.361945,-1,-3,-74
1755869738.3999443,5,-1,-74
1755869738.4359446,0,5,-74
1755869738.4729445,-1,8,-57
1755869738.5119443,-2,3,-81
1755869738.5499446,2,-1,-80
1755869738.585945,-5,1,-73
1755869738.6229446,-3,1,-82
1755869738.6619446,5,-5,-78
1755869738.6999447,5,-3,-79
1755869738.7359445,3,-3,-72
1755869738.7729447,-5,0,-70
1755869738.8119447,2,0,-75
1755869738.8499446,0,-1,-78
1755869738.8859446,5,-2,-73
1755869738.9229443,4,-1,-79
1755869738.9619446,0,4,-78
1755869738.9999447,-6,0,-79
1755869739.0359447,-5,6,-75
1755869739.0729446,-2,0,-78
1755869739.111945,0,1,-70
1755869739.1499443,2,3,-64
1755869739.1859446,11,0,-69
1755869739.2229445,7,0,-68
1755869739.2609446,2,-1,-75
1755869739.2969446,-3,1,-74
1755869739.3349447,0,3,-61
1755869739.3729446,2,1,-66
1755869739.4109447,1,1,-77
1755869739.4469447,3,3,-67
1755869739.4859445,1,3,-65
1755869739.5229447,3,-6,-70
1755869739.5619447,5,0,-83
1755869739.5979445,-1,-9,-75
1755869739.6359446,-1,-3,-80
1755869739.6749446,2,0,-70
1755869739.7119446,-3,-3,-77
1755869739.7509446,-5,-4,-77
1755869739.7869446,-2,-4,-82
1755869739.8249447,-7,-1,-80
1755869739.8629446,0,0,-73
1755869739.9019446,2,-2,-73
1755869739.937945,-8,-1,-77
1755869739.9759445,1,-3,-71
1755869740.0139446,-1,-3,-71
1755869740.052945,3,0,-74
1755869740.0909443,6,-2,-69
1755869740.1269443,2,8,-70
1755869740.1639447,0,6,-71
1755869740.2029445,10,-2,-79
1755869740.2409446,-1,-1,-77
1755869740.2849443,-5,9,-73
1755869740.3229446,-1,0,-68
1755869740.361945,3,0,-72
1755869740.3979447,0,0,-68
1755869740.4349446,0,-1,-78
1755869740.473945,-3,-2,-76
1755869740.5119443,-2,0,-73
1755869740.5479443,-2,-2,-73
1755869740.585945,-11,-2,-77
1755869740.6239443,-3,-2,-77
1755869740.6629446,-4,-3,-81
1755869740.700945,1,0,-65
1755869740.736945,3,-2,-66
1755869740.7739446,-3,-3,-70
1755869740.812945,2,1,-76
1755869740.8509445,0,3,-63
1755869740.8869443,-4,-5,-66
1755869740.9259446,0,-5,-67
1755869740.9629445,4,-1,-77
1755869741.0019443,5,0,-79
1755869741.0379446,1,0,-77
1755869741.0749447,0,6,-84
1755869741.1129446,0,2,-93
1755869741.1489446,-2,0,-81
1755869741.1869447,-1,-8,-79
1755869741.2249446,0,-2,-74
1755869741.2629447,1,-7,-77
1755869741.3019447,1,-6,-70
1755869741.3379445,2,-6,-69
1755869741.3759446,0,-5,-87
1755869741.4139447,2,-3,-76
1755869741.4529445,8,-4,-73
1755869741.4889443,6,-3,-62
1755869741.5269446,7,1,-68
1755869741.5639446,8,0,-70
1755869741.6029446,3,-1,-63
1755869741.6389446,-4,0,-70
1755869741.6759446,-7,-3,-72
1755869741.713945,-6,-5,-67
1755869741.7529447,-4,-4,-66
1755869741.7889447,-5,-6,-78
1755869741.8269446,-4,-7,-73
1755869741.8649447,0,-3,-59
1755869741.9039447,1,-2,-65
1755869741.9419446,-6,-4,-66
1755869741.9779446,-10,-3,-82
1755869742.0159447,-1,0,-83
1755869742.0539446,1,3,-70
1755869742.0919447,0,-6,-83
1755869742.1279447,3,-5,-74
1755869742.1659446,2,-3,-79
1755869742.2039447,7,-5,-75
1755869742.2429447,3,0,-58
1755869742.2789447,5,-4,-74
1755869742.315945,6,7,-79
1755869742.3539443,4,3,-79
1755869742.3919446,0,2,-73
1755869742.427945,6,3,-79
1755869742.4649446,0,0,-76
1755869742.5039446,0,1,-71
1755869742.5419445,4,-5,-78
1755869742.5779445,3,0,-81
1755869742.6149447,2,-1,-76
1755869742.6539447,0,-3,-78
1755869742.6919446,7,-1,-71
1755869742.7279446,5,-4,-82
1755869742.7659447,0,-4,-75
1755869742.8039446,7,-3,-69
1755869742.8429446,2,0,-58
1755869742.8789446,0,-3,-65
1755869742.9159446,-9,0,-64
1755869742.9539447,-9,-1,-56
1755869742.9929447,-7,-1,-78
1755869743.0289447,-1,0,-77
1755869743.065945,0,1,-74
1755869743.1039443,2,-1,-78
1755869743.1399446,2,-1,-78
1755869743.1769447,1,0,-73
1755869743.213945,0,4,-77
1755869743.2499447,3,1,-80
1755869743.2879446,1,8,-67
1755869743.3249447,-5,1,-65
1755869743.3639443,1,1,-72
1755869743.3999443,2,-7,-67
1755869743.4369447,-5,-1,-72
1755869743.4749446,0,-8,-71
1755869743.5139446,-2,-1,-58
1755869743.5499446,-1,1,-68
1755869743.5869446,0,-5,-69
1755869743.6249447,-5,-5,-76
1755869743.6639447,-4,-2,-88
1755869743.6999447,5,0,-77
1755869743.736945,-1,-4,-77
1755869743.7749443,-2,-1,-83
1755869743.8139446,-5,1,-80
1755869743.8499446,-1,-1,-70
1755869743.8889446,-3,1,-77
1755869743.9269447,8,1,-72
1755869743.9649446,2,-1,-70
1755869744.0029447,-3,0,-76
1755869744.0389447,-3,0,-71
1755869744.075945,-2,4,-71
1755869744.1149447,0,3,-69
1755869744.1529446,-9,-1,-68
1755869744.1889446,-5,0,-71
1755869744.2259445,-2,0,-73
1755869744.2649446,5,-5,-72
1755869744.302945,1,1,-72
1755869744.338945,-7,8,-71
1755869744.3759446,-11,5,-69
1755869744.4149446,-11,-4,-73
1755869744.4529445,-11,-2,-66
1755869744.4889443,9,-2,-65
1755869744.5259447,1,1,-68
1755869744.5649445,0,-3,-71
1755869744.6029446,-3,-2,-71
1755869744.6389446,1,-1,-76
1755869744.6759446,0,2,-72
1755869744.713945,-4,11,-76
1755869744.7499447,8,1,-76
1755869744.7889447,0,4,-85
1755869744.825945,0,4,-81
1755869744.8639443,-1,-2,-65
1755869744.8999443,1,-2,-62
1755869744.9369447,0,2,-69
1755869744.9749446,5,3,-73
1755869745.0109446,0,5,-76
1755869745.0479443,6,0,-74
1755869745.085945,9,-4,-84
1755869745.1249447,4,-5,-58
1755869745.1609447,2,-3,-65
1755869745.1979446,9,-8,-60
1755869745.2359445,4,0,-71
1755869745.2739446,2,1,-82
1755869745.3099446,-7,0,-72
1755869745.3469446,-4,-3,-67
1755869745.384945,-6,1,-68
1755869745.4239447,0,0,-76
1755869745.4599447,1,4,-72
1755869745.496945,-6,1,-65
1755869745.5359447,-2,4,-70
1755869745.5739446,9,0,-73
1755869745.6099446,9,0,-74
1755869745.6469443,0,3,-78
1755869745.6849446,0,-3,-70
1755869745.7209446,6,1,-58
1755869745.7579446,0,0,-72
1755869745.7959447,2,0,-72
1755869745.8339446,2,-1,-66
1755869745.8699446,-4,0,-59
1755869745.9069445,-3,0,-70
1755869745.9459443,5,-1,-78
1755869745.983945,0,-2,-72
1755869746.019945,-1,-1,-78
1755869746.0579443,6,-1,-73
1755869746.0959446,4,-1,-68
1755869746.134945,-5,-4,-80
1755869746.1709447,-7,-8,-66
1755869746.2089446,-5,-4,-76
1755869746.246945,0,-1,-72
1755869746.2859447,-1,3,-79
1755869746.3239446,1,-2,-81
1755869746.3599446,0,-4,-82
1755869746.3969443,-11,-4,-77
1755869746.4359446,-3,0,-78
1755869746.4719446,-2,0,-80
1755869746.5089445,3,0,-75
1755869746.5469446,6,3,-78
1755869746.585945,4,1,-60
1755869746.621945,1,1,-61
1755869746.6589446,-2,1,-83
1755869746.6969447,5,3,-78
1755869746.7349446,-2,0,-79
1755869746.7709446,-10,-1,-75
1755869746.8089447,-10,0,-79
1755869746.8469446,0,2,-85
1755869746.884945,7,3,-71
1755869746.9209447,9,1,-71
1755869746.9579446,0,0,-74
1755869746.9959445,4,0,-63
1755869747.0319445,-2,-1,-65
1755869747.0699446,8,-4,-82
1755869747.1079447,-3,-7,-77
1755869747.1459446,0,-2,-73
1755869747.1849446,-8,0,-72
1755869747.2209446,-6,2,-77
1755869747.2589445,-3,-6,-83
1755869747.2969446,1,-1,-79
1755869747.335945,-4,-8,-68
1755869747.371945,-5,0,-59
1755869747.4099443,-3,2,-67
1755869747.4479446,1,1,-75
1755869747.4859445,5,0,-62
1755869747.5219443,3,-5,-62
1755869747.5599446,-3,-1,-69
1755869747.5979445,0,-1,-63
1755869747.6369443,-1,0,-73
1755869747.6749446,4,3,-68
1755869747.710945,1,-1,-78
1755869747.7489443,-1,-3,-67
1755869747.7869446,-1,0,-75
1755869747.825945,2,-2,-78
1755869747.861945,10,0,-72
1755869747.8989446,6,0,-79
1755869747.9369447,0,0,-71
1755869747.9749446,-4,3,-69
1755869748.0109446,-5,5,-65
1755869748.0479443,0,4,-74
1755869748.085945,7,3,-72
1755869748.121945,1,1,-68
1755869748.1589446,9,2,-81
1755869748.1969447,0,-7,-80
1755869748.2349446,2,-5,-79
1755869748.2719443,2,-2,-70
1755869748.3099446,0,2,-79
1755869748.3479445,-4,-5,-84
1755869748.3869443,3,-3,-79
1755869748.4229443,3,-3,-70
1755869748.4599447,-1,0,-80
1755869748.4979446,-7,3,-58
1755869748.5369446,0,-3,-68
1755869748.5729446,7,-4,-69
1755869748.6099446,-1,-5,-81
1755869748.6489446,-2,-2,-68
1755869748.6869447,-1,-5,-73
1755869748.7229445,1,1,-75
1755869748.759945,-1,-2,-83
1755869748.7979443,0,1,-78
1755869748.8369446,5,2,-78
1755869748.8729446,-1,1,-77
1755869748.9099443,3,0,-70
1755869748.9469447,-2,2,-77
1755869748.9859445,-2,-5,-72
1755869749.0219443,0,0,-75
1755869749.0589447,4,1,-75
1755869749.0969446,3,6,-78
1755869749.1329446,-3,5,-79
1755869749.1709447,1,-1,-72
1755869749.2079446,-12,0,-69
1755869749.246945,-4,2,-80
1755869749.282945,0,-3,-89
1755869749.3209443,0,-3,-71
1755869749.3579447,-2,3,-77
1755869749.3969443,0,3,-75
1755869749.4329443,0,2,-75
1755869749.4699447,4,-3,-66
1755869749.5079446,1,-5,-65
1755869749.5469446,5,-4,-62
1755869749.5829446,-1,-1,-73
1755869749.6209445,5,0,-77
1755869749.657945,5,-2,-57
1755869749.6969447,4,-1,-65
1755869749.7329447,4,0,-74
1755869749.769945,-3,-8,-73
1755869749.8079443,-2,-1,-74
1755869749.8469446,-1,-4,-75
1755869749.8829446,-2,-1,-77
1755869749.9209447,-5,-5,-71
1755869749.9589446,0,-8,-75
1755869749.9979446,-2,-3,-74
1755869750.0339446,-4,0,-76
1755869750.0709443,2,-3,-73
1755869750.108945,0,-4,-73
1755869750.1479447,-1,-1,-67
1755869750.1839447,-7,2,-70
1755869750.2219446,-1,-1,-66
1755869750.259945,2,-3,-76
1755869750.3049445,6,-7,-77
1755869750.3419447,-1,-6,-83
1755869750.3799446,-5,-6,-79
1755869750.417945,-1,-5,-68
1755869750.4569447,0,-3,-78
1755869750.4929447,0,-3,-76
1755869750.529945,0,1,-76
1755869750.5679443,0,-2,-76
1755869750.6039443,0,1,-70
1755869750.6409447,4,0,-74
1755869750.6789446,-1,1,-73
1755869750.7179446,-3,3,-66
1755869750.7549446,-2,3,-72
1755869750.7919445,-1,1,-77
1755869750.8309443,3,0,-77
1755869750.8689446,4,0,-60
1755869750.9069445,4,1,-75
1755869750.9429443,0,-3,-77
1755869750.9809446,-6,2,-86
1755869751.0189445,1,-1,-82
1755869751.0569446,0,0,-71
1755869751.0929446,-10,0,-68
1755869751.1309447,-11,0,-62
1755869751.1689446,2,0,-81
1755869751.2069447,-2,-2,-71
1755869751.2429447,-5,-1,-69
1755869751.2809446,-1,1,-73
1755869751.3189447,-1,3,-76
1755869751.3579447,0,-3,-76
1755869751.3939445,8,1,-69
1755869751.4309447,3,-3,-80
1755869751.4689443,0,2,-77
1755869751.506945,2,3,-74
1755869751.542945,1,1,-71
1755869751.5809443,2,3,-74
1755869751.6189446,4,-1,-71
1755869751.6569445,-1,-5,-69
1755869751.6929443,-2,0,-57
1755869751.7309446,3,1,-68
1755869751.7689445,-2,0,-73
1755869751.8069446,-6,-3,-79
1755869751.8429446,8,-3,-85
1755869751.8799446,0,7,-82
1755869751.9189446,0,1,-73
1755869751.9549446,-9,-5,-77
1755869751.9929447,-2,-7,-81
1755869752.0319445,-3,-3,-69
1755869752.0689447,-1,-2,-72
1755869752.1079447,4,0,-72
1755869752.1439445,3,-5,-78
1755869752.1809447,-2,0,-70
1755869752.2189443,0,-1,-69
1755869752.2579446,-5,-4,-66
1755869752.2939446,-2,-4,-73
1755869752.3319447,-1,-7,-75
1755869752.3699446,-5,1,-76
1755869752.4089446,-13,1,-94
1755869752.4449446,-6,7,-82
1755869752.4819446,-4,0,-74
1755869752.519945,-7,-3,-70
1755869752.5589447,-7,-6,-68
1755869752.5949447,2,-4,-81
1755869752.631945,2,0,-72
1755869752.6699443,1,-4,-78
1755869752.7079446,4,0,-76
1755869752.7439446,0,5,-73
1755869752.7809446,2,-1,-66
1755869752.8199446,2,0,-77
1755869752.8579447,2,2,-72
1755869752.8939445,7,7,-77
1755869752.9309447,2,0,-75
1755869752.9699447,-5,3,-74
1755869753.0079446,-3,2,-79
1755869753.0439446,0,4,-83
1755869753.0809443,0,3,-78
1755869753.1199446,0,0,-66
1755869753.157945,3,-7,-85
1755869753.1939447,3,-7,-73
1755869753.2309446,5,-7,-76
1755869753.269945,2,-2,-84
1755869753.3079443,-1,2,-68
1755869753.3439443,-1,-2,-70
1755869753.381945,-3,4,-67
1755869753.4199443,0,1,-73
1755869753.4589446,8,0,-72
1755869753.4949446,8,-8,-77
1755869753.532945,7,-3,-78
1755869753.5709443,7,2,-85
1755869753.608945,9,4,-75
1755869753.644945,0,-2,-69
1755869753.6819446,2,1,-79
1755869753.7199447,2,0,-77
1755869753.7559447,-1,2,-77
1755869753.792945,-3,0,-79
1755869753.8319447,0,5,-73
1755869753.8699446,-1,-2,-82
1755869753.9059446,-3,3,-68
1755869753.9429443,2,4,-71
1755869753.9799447,-1,6,-58
1755869754.0189445,-3,4,-69
1755869754.0549445,-5,0,-76
1755869754.0919447,10,-2,-75
1755869754.1299446,-1,1,-73
1755869754.1689446,-2,-2,-79
1755869754.2049446,-1,-1,-75
1755869754.2429447,0,-3,-71
1755869754.2819445,1,-1,-66
1755869754.3199446,-3,-3,-65
1755869754.3559446,-2,5,-82
1755869754.3929446,-9,3,-67
1755869754.4309447,-7,5,-62
1755869754.4699447,-2,1,-72
1755869754.5059447,-2,-7,-80
1755869754.5439446,0,0,-84
1755869754.5819447,-2,3,-70
1755869754.6209445,-5,0,-77
1755869754.6589446,0,-2,-71
1755869754.6949446,-4,0,-72
1755869754.7329447,0,0,-77
1755869754.7709446,-9,3,-79
1755869754.8089447,0,0,-69
1755869754.8449447,-2,-1,-69
1755869754.8829446,-3,0,-74
1755869754.9209447,1,-7,-68
1755869754.9599447,-10,-5,-79
1755869754.9959445,-12,-3,-79
1755869755.0339446,-6,-1,-70
1755869755.0719447,-4,2,-59
1755869755.1109445,1,-2,-65
1755869755.1489446,-2,10,-79
1755869755.1849446,-3,1,-74
1755869755.2219446,-2,0,-70
1755869755.2609446,4,-5,-73
1755869755.2989447,4,-1,-79
1755869755.3349447,0,0,-76
1755869755.371945,1,4,-73
1755869755.4099443,-1,6,-79
1755869755.4459443,-8,1,-80
1755869755.4829447,-1,1,-81
1755869755.5209446,1,3,-76
1755869755.5599446,9,-4,-72
1755869755.5959446,2,-8,-81
1755869755.6329446,3,-10,-75
1755869755.6709447,-1,-10,-69
1755869755.7099447,-2,-4,-77
1755869755.7459445,2,-3,-80
1755869755.782945,0,4,-81
1755869755.8209443,-2,-3,-71
1755869755.8569446,0,-3,-75
1755869755.8939445,3,-1,-71
1755869755.9319446,5,-2,-69
1755869755.9709446,0,-4,-67
1755869756.006945,9,-3,-76
1755869756.0439446,0,0,-71
1755869756.0809443,0,1,-82
1755869756.1169446,-9,-2,-80
1755869756.154945,-4,1,-83
1755869756.1929443,-3,3,-78
1755869756.2319446,2,0,-79
1755869756.269945,3,3,-72
1755869756.3059447,3,3,-81
1755869756.3429446,1,0,-73
1755869756.381945,-3,0,-61
1755869756.4199443,-6,-1,-64
1755869756.4559443,-1,-5,-61
1755869756.4939446,-6,-4,-64
1755869756.532945,0,1,-73
1755869756.5709443,0,1,-71
1755869756.6069446,0,3,-69
1755869756.6439445,7,0,-74
1755869756.6819446,-2,-4,-72
1755869756.7199447,1,-5,-70
1755869756.7559447,1,-4,-75
1755869756.7939446,7,0,-76
1755869756.8319447,5,1,-83
1755869756.8699446,6,-7,-74
1755869756.9059446,4,-1,-74
1755869756.9429443,2,0,-82
1755869756.9819446,4,10,-67
1755869757.019945,-4,0,-77
1755869757.0559447,0,-6,-72
1755869757.0929446,-3,1,-72
1755869757.131945,0,0,-73
1755869757.1699443,-4,1,-78
1755869757.2059443,0,0,-79
1755869757.2439446,9,5,-77
1755869757.2819445,3,0,-79
1755869757.3179443,3,-1,-67
1755869757.3569446,-5,3,-61
1755869757.3939445,-7,-4,-69
1755869757.4329443,2,1,-80
1755869757.4709446,0,0,-68
1755869757.506945,8,1,-77
1755869757.5439446,-3,7,-70
1755869757.5829446,-1,-3,-78
1755869757.6209445,-1,0,-75
1755869757.6569445,-2,-1,-59
1755869757.6949446,-4,-3,-63
1755869757.7329447,-5,-2,-77
1755869757.7719443,0,0,-76
1755869757.8079443,1,-10,-81
1755869757.8459446,-2,-6,-79
1755869757.8839445,-1,-7,-77
1755869757.9229443,-5,-2,-71
1755869757.960945,6,1,-76
1755869757.996945,2,-1,-62
1755869758.0349443,5,-5,-73
1755869758.0739446,1,-10,-67
1755869758.111945,2,-1,-70
1755869758.1479447,14,5,-81
1755869758.1849446,0,2,-75
1755869758.2229445,0,0,-75
1755869758.2609446,-5,3,-78
1755869758.2969446,2,6,-72
1755869758.3349447,4,-3,-69
1755869758.3729446,-3,3,-75
1755869758.4119446,-1,1,-71
1755869758.4479446,-2,0,-75
1755869758.4849446,8,-3,-67
1755869758.5229447,6,0,-64
1755869758.5609446,-1,0,-74
1755869758.5969446,-2,-3,-76
1755869758.634945,-1,-4,-77
1755869758.6729443,9,2,-73
1755869758.710945,7,3,-81
1755869758.746945,3,4,-78
1755869758.7839446,4,3,-68
1755869758.8229446,1,3,-66
1755869758.8609445,5,-5,-71
1755869758.8969443,-1,3,-69
1755869758.9349446,-4,-4,-78
1755869758.9729445,-7,5,-72
1755869759.0119443,-2,2,-65
1755869759.0479443,1,0,-82
1755869759.0849447,-4,6,-80
1755869759.1239443,-1,5,-86
1755869759.1619446,0,0,-79
1755869759.1979446,7,3,-74
1755869759.2349446,0,0,-70
1755869759.2729447,-3,6,-75
1755869759.3089447,1,-2,-65
1755869759.3459446,2,-4,-61
1755869759.3839445,-1,-3,-63
1755869759.4229443,-1,1,-81
1755869759.4589446,2,0,-75
1755869759.4959445,-1,-5,-73
1755869759.5339446,-1,-5,-81
1755869759.5729446,0,-3,-83
1755869759.608945,-2,-4,-80
1755869759.6469443,-1,2,-72
1755869759.6849446,-2,0,-82
1755869759.7229445,-3,0,-75
1755869759.7619443,2,2,-65
1755869759.7979443,-2,5,-61
1755869759.835945,-9,-3,-68
1755869759.8749447,-1,6,-69
1755869759.9129446,-4,-1,-71
1755869759.9489446,-1,-2,-73
1755869759.986945,-4,1,-69
1755869760.0249443,-4,0,-67
1755869760.0639446,-1,-4,-71
1755869760.1019447,0,-3,-80
1755869760.1379447,0,-1,-75
1755869760.1749446,0,1,-64
1755869760.213945,0,0,-66
1755869760.2519443,-8,-4,-75
1755869760.2879446,-11,3,-75
1755869760.3339446,0,-3,-81
1755869760.371945,1,1,-87
1755869760.407945,-2,2,-79
1755869760.4459443,-1,0,-83
1755869760.483945,-1,4,-76
1755869760.5229447,1,-9,-68
1755869760.5589447,3,-6,-59
1755869760.5959446,-4,0,-68
1755869760.6339445,-6,-5,-69
1755869760.6729443,-7,-3,-81
1755869760.7089446,-4,-4,-69
1755869760.746945,-2,-6,-71
1755869760.7849443,6,-1,-76
1755869760.8239446,0,0,-64
1755869760.861945,0,0,-65
1755869760.8979447,0,8,-75
1755869760.9359446,-1,10,-72
1755869760.973945,-1,0,-70
1755869761.0129447,-2,-4,-67
1755869761.0489447,-2,3,-73
1755869761.085945,-4,-1,-60
1755869761.1239443,-7,-4,-80
1755869761.1629446,-3,2,-69
1755869761.1989446,-1,0,-76
1755869761.2359445,-1,1,-82
1755869761.2739446,-2,-2,-80
1755869761.312945,-4,3,-83
1755869761.348945,-1,-1,-82
1755869761.3879447,3,-2,-75
1755869761.4249446,5,0,-70
1755869761.4629445,3,-2,-75
1755869761.4989443,-6,6,-66
1755869761.5369446,1,-1,-67
1755869761.5749447,6,-5,-79
1755869761.6139443,-3,4,-73
1755869761.6509447,-2,2,-73
1755869761.687945,1,5,-83
1755869761.7249446,5,1,-67
1755869761.7639446,6,0,-74
1755869761.7999446,6,0,-78
1755869761.8379445,5,1,-59
1755869761.8749447,1,1,-59
1755869761.9129446,3,3,-65
1755869761.9489446,7,0,-71
1755869761.9859445,3,0,-80
1755869762.0239446,5,-2,-76
1755869762.0599446,-2,-2,-79
1755869762.0979445,-5,2,-73
1755869762.1359446,-9,0,-62
1755869762.1749446,-1,7,-72
1755869762.2129445,-3,-4,-81
1755869762.2489443,0,-4,-74
1755869762.2859447,-1,4,-67
1755869762.3249447,-2,2,-69
1755869762.3629446,-1,2,-62
1755869762.3989446,-1,0,-69
1755869762.437945,4,1,-74
1755869762.4759445,0,2,-83
1755869762.5139446,5,5,-79
1755869762.5499446,1,-1,-74
1755869762.5879445,4,2,-67
1755869762.6259446,0,2,-66
1755869762.6639447,-7,0,-75
1755869762.6999447,-2,-3,-73
1755869762.7379446,1,-6,-73
1755869762.7759447,-5,0,-68
1755869762.8149445,0,2,-63
1755869762.8509445,0,2,-62
1755869762.8879447,-1,2,-66
1755869762.9259446,0,-1,-61
1755869762.9649446,6,-2,-68
1755869763.0009446,-3,-1,-68
1755869763.0389447,-3,6,-86
1755869763.0769446,-1,6,-78
1755869763.1149447,-2,4,-85
1755869763.1539447,0,4,-93
1755869763.1899445,4,1,-79
1755869763.2279446,-3,-5,-78
1755869763.2659447,2,-5,-70
1755869763.3049445,-4,-5,-73
1755869763.3409443,3,-8,-83
1755869763.3789446,-2,-5,-75
1755869763.4159446,2,-1,-71
1755869763.4549446,8,1,-78
1755869763.4909446,3,-3,-76
1755869763.5279446,-6,-1,-68
1755869763.565945,-6,-5,-71
1755869763.6049447,-8,-2,-72
1755869763.6409447,-2,-8,-79
1755869763.6789446,-9,-7,-75
1755869763.7169447,-4,-1,-60
1755869763.7559447,-3,5,-71
1755869763.7939446,0,1,-71
1755869763.8299446,2,1,-71
1755869763.8669446,1,-3,-70
1755869763.9059446,-3,-1,-61
1755869763.9439447,-3,-2,-65
1755869763.9799447,-6,-2,-80
1755869764.0179446,0,4,-65
1755869764.0559447,4,-5,-79
1755869764.0939443,-2,-5,-70
1755869764.1299446,-6,-3,-82
1755869764.167945,-3,-1,-71
1755869764.2059443,3,0,-74
1755869764.2439446,1,0,-72
1755869764.279945,-2,-5,-76
1755869764.3179443,2,-1,-72
1755869764.3559446,-2,-2,-71
1755869764.394945,0,-2,-72
1755869764.4309447,7,0,-80
1755869764.4689443,-2,-6,-72
1755869764.5059447,1,-9,-76
1755869764.5449443,1,-3,-78
1755869764.5809443,4,9,-86
1755869764.6189446,-1,0,-82
1755869764.6559446,3,1,-64
1755869764.6919446,2,-6,-77
1755869764.7299447,0,0,-88
1755869764.7669446,0,-1,-84
1755869764.8059447,0,0,-86
1755869764.8419447,0,6,-71
1755869764.8799446,-1,-4,-78
1755869764.9169445,-6,-4,-70
1755869764.9559443,-2,-2,-58
1755869764.9919446,-4,1,-74
1755869765.0289447,-2,-2,-62
1755869765.0669446,-1,-6,-77
1755869765.1059446,7,-7,-85
1755869765.1419446,3,-4,-70
1755869765.1789446,2,3,-75
1755869765.2169447,9,0,-82
1755869765.2549446,6,-5,-77
1755869765.2909446,7,-4,-83
1755869765.3299446,0,3,-75
1755869765.3669446,2,0,-72
1755869765.404945,2,5,-69
1755869765.440945,-4,1,-76
1755869765.4789443,0,0,-77
1755869765.5169446,-1,2,-78
1755869765.5549445,-2,4,-78
1755869765.5909443,-5,0,-78
1755869765.6289446,-5,9,-82
1755869765.6669445,4,-1,-73
1755869765.7059443,0,-3,-83
1755869765.7419446,0,-1,-83
1755869765.7789447,3,5,-89
1755869765.8169446,2,3,-72
1755869765.8549447,0,-1,-62
1755869765.8909447,0,-10,-67
1755869765.9289446,0,-4,-77
1755869765.9669447,3,-4,-76
1755869766.0059447,8,-2,-67
1755869766.0419445,3,1,-68
1755869766.0789447,1,3,-76
1755869766.1169446,0,4,-72
1755869766.154945,3,0,-67
1755869766.190945,2,-1,-63
1755869766.2289443,-1,-2,-71
1755869766.2679446,2,2,-68
1755869766.3059447,-4,6,-78
1755869766.3419447,-1,2,-73
1755869766.3789446,1,-4,-71
1755869766.4169445,1,-3,-67
1755869766.4559443,4,-8,-71
1755869766.4919446,1,-1,-69
1755869766.5289447,0,-7,-68
1755869766.5669446,2,-2,-73
1755869766.6059446,5,-4,-68
1755869766.6419446,4,-4,-58
1755869766.6789446,0,1,-67
1755869766.7169447,-3,2,-74
1755869766.7559447,0,-2,-66
1755869766.7919445,0,0,-72
1755869766.8309443,-1,2,-71
1755869766.8679447,-1,0,-90
1755869766.9069445,3,0,-78
1755869766.9429443,3,5,-71
1755869766.9809446,-1,-1,-64
1755869767.0179446,1,0,-73
1755869767.0559447,-7,1,-78
1755869767.0919447,-2,0,-63
1755869767.1299446,-3,4,-58
1755869767.167945,-1,2,-66
1755869767.2069447,4,1,-83
1755869767.2429447,2,3,-84
1755869767.2809446,10,-1,-77
1755869767.3179443,1,1,-74
1755869767.3559446,0,1,-74
1755869767.3919446,9,4,-77
1755869767.4289446,7,2,-73
1755869767.4669447,6,0,-63
1755869767.5029447,-6,-5,-74
1755869767.5409446,-7,-5,-68
1755869767.5789447,-5,0,-72
1755869767.6179447,1,0,-72
1755869767.6559446,10,0,-67
1755869767.6919446,6,3,-81
1755869767.7309446,2,-3,-73
1755869767.7679446,0,0,-73
1755869767.8069446,2,-2,-90
1755869767.8429446,2,-5,-64
1755869767.8799446,0,-1,-76
1755869767.917945,-2,-1,-75
1755869767.9569447,2,2,-73
1755869767.9929447,-2,1,-70
1755869768.0309446,8,-6,-75
1755869768.0679443,4,-2,-81
1755869768.1069446,-2,-5,-67
1755869768.1429446,-3,-4,-72
1755869768.1809447,4,-1,-57
1755869768.2199447,2,-2,-59
1755869768.2579446,-2,1,-72
1755869768.2939446,-1,0,-60
1755869768.3309443,0,-1,-60
1755869768.3689446,7,-1,-73
1755869768.407945,4,0,-88
1755869768.4439447,7,6,-82
1755869768.4809446,4,-5,-83
1755869768.5189445,5,1,-83
1755869768.5579443,2,2,-72
1755869768.5939443,4,5,-71
1755869768.6309447,9,0,-73
1755869768.6689446,3,3,-70
1755869768.7069447,3,0,-73
1755869768.7429447,1,5,-74
1755869768.779945,3,-1,-68
1755869768.8189447,0,1,-69
1755869768.8569446,0,-2,-68
1755869768.8929446,0,5,-77
1755869768.9299445,2,7,-79
1755869768.9679446,2,0,-61
1755869769.0039446,-1,-4,-76
1755869769.0419445,-1,-3,-77
1755869769.0799446,0,5,-74
1755869769.1179447,-1,3,-78
1755869769.1539447,4,1,-65
1755869769.190945,2,2,-63
1755869769.2289443,-3,7,-62
1755869769.2669446,-2,4,-66
1755869769.302945,2,-5,-73
1755869769.3409443,-4,-3,-76
1755869769.3789446,-1,2,-71
1755869769.417945,0,4,-73
1755869769.4539447,3,2,-78
1755869769.4909446,7,-2,-77
1755869769.5289447,2,-3,-84
1755869769.5679443,2,2,-73
1755869769.6039443,-8,0,-64
1755869769.6419446,-2,4,-64
1755869769.6789446,-1,4,-79
1755869769.7179446,0,7,-76
1755869769.7539446,0,1,-70
1755869769.7909446,5,0,-81
1755869769.8289447,-5,5,-75
1755869769.8649447,-3,3,-78
1755869769.9019446,-1,4,-68
1755869769.940945,0,-2,-60
1755869769.9789443,3,-2,-73
1755869770.0149446,3,3,-68
1755869770.0519447,-2,1,-63
1755869770.0899446,1,2,-67
1755869770.1289446,-1,6,-66
1755869770.1649446,0,6,-74
1755869770.2019446,-1,5,-75
1755869770.2399447,-6,6,-74
1755869770.2789447,0,4,-70
1755869770.3149445,1,3,-70
1755869770.3609445,6,-2,-65
1755869770.3989446,6,-2,-67
1755869770.4349446,4,1,-76
1755869770.4729445,0,-2,-61
1755869770.5109446,6,-3,-67
1755869770.5499446,5,-3,-68
1755869770.5879445,1,-8,-69
1755869770.6239443,-9,-8,-73
1755869770.6619446,-4,-4,-73
1755869770.6999447,1,-3,-68
1755869770.7389443,5,-2,-78
1755869770.7749443,5,-6,-82
1755869770.812945,0,-4,-71
1755869770.8509445,4,-2,-73
1755869770.8899446,1,-4,-76
1755869770.927945,3,-5,-82
1755869770.963945,2,1,-77
1755869771.0009446,6,-4,-63
1755869771.0399446,0,-2,-63
1755869771.0779445,-5,-1,-73
1755869771.1139443,-4,3,-65
1755869771.1519446,-6,-2,-79
1755869771.1899445,4,-6,-77
1755869771.2289443,-4,-4,-85
1755869771.2649446,0,2,-79
1755869771.3019447,3,3,-74
1755869771.3399446,1,0,-70
1755869771.3779447,-4,1,-79
1755869771.4139447,4,3,-78
1755869771.450945,1,1,-69
1755869771.4889443,0,-6,-67
1755869771.5249443,6,-5,-70
1755869771.562945,-4,-3,-64
1755869771.5999446,-6,-5,-71
1755869771.6389446,1,0,-76
1755869771.6749446,4,-7,-72
1755869771.7119446,7,-1,-79
1755869771.7499447,4,-4,-66
1755869771.7889447,6,-1,-67
1755869771.8249447,3,8,-71
1755869771.8629446,-1,0,-82
1755869771.8999443,1,1,-65
1755869771.9389446,-1,0,-69
1755869771.9749446,-1,0,-74
1755869772.0119443,-7,-1,-85
1755869772.0499446,-8,1,-86
1755869772.088945,-5,-3,-76
1755869772.1249447,-2,4,-70
1755869772.1619446,0,-1,-74
1755869772.1999447,-4,-7,-66
1755869772.2389443,3,0,-70
1755869772.2749443,0,3,-69
1755869772.3119447,1,-2,-70
1755869772.3499446,10,-5,-75
1755869772.3889446,3,-6,-80
1755869772.4249446,2,0,-75
1755869772.4619446,-2,1,-72
1755869772.5009446,2,-1,-75
1755869772.5389447,4,1,-83
1755869772.5749447,1,-2,-75
1755869772.611945,1,1,-72
1755869772.6509447,1,0,-77
1755869772.6889446,0,-3,-71
1755869772.7249446,0,-3,-70
1755869772.7629447,-4,1,-76
1755869772.8009446,3,0,-75
1755869772.838945,0,-1,-66
1755869772.8749447,-5,0,-64
1755869772.9129446,-3,0,-76
1755869772.950945,2,-9,-69
1755869772.9889443,-1,-2,-78
1755869773.0249443,-4,-9,-71
1755869773.062945,2,-1,-79
1755869773.1009445,4,-4,-80
1755869773.1399446,6,0,-67
1755869773.1759446,-3,0,-71
1755869773.2129445,0,0,-70
1755869773.2509446,3,-6,-67
1755869773.2889447,-1,7,-66
1755869773.3249447,-2,6,-64
1755869773.361945,1,6,-63
1755869773.4009447,5,0,-60
1755869773.4369447,2,-1,-68
1755869773.4759445,-3,-3,-72
1755869773.5129447,-8,3,-78
1755869773.5509446,-8,0,-76
1755869773.5899446,-9,4,-68
1755869773.6259446,0,3,-76
1755869773.6629446,1,-5,-73
1755869773.700945,-4,-2,-76
1755869773.7399447,-5,-2,-71
1755869773.7759447,0,-5,-75
1755869773.812945,2,4,-68
1755869773.8509445,-4,0,-85
1755869773.8869443,-2,0,-79
1755869773.9239447,-6,-1,-69
1755869773.9629445,-2,-1,-79
1755869774.0009446,0,-1,-77
1755869774.0369446,0,-3,-69
1755869774.0739446,-1,-4,-66
1755869774.111945,2,-7,-76
1755869774.1509447,4,-7,-70
1755869774.1869447,0,0,-67
1755869774.223945,-1,-3,-63
1755869774.2619443,-4,5,-65
1755869774.3009446,-1,5,-66
1755869774.3369446,5,0,-67
1755869774.3739443,8,-3,-65
1755869774.4119446,2,5,-72
1755869774.450945,-2,-2,-68
1755869774.486945,-2,-2,-66
1755869774.5249443,6,-1,-69
1755869774.562945,2,-3,-82
1755869774.6019447,-2,-4,-78
1755869774.6399446,-3,-1,-78
1755869774.6759446,0,-4,-84
1755869774.7129445,0,0,-78
1755869774.7509446,0,0,-79
1755869774.7869446,-2,4,-77
1755869774.8239446,-1,0,-77
1755869774.861945,1,-2,-85
1755869774.9009447,-1,0,-75
1755869774.9369447,-2,-5,-77
1755869774.9749446,-3,-5,-78
1755869775.0139446,-6,-3,-66
1755869775.0519447,-13,-2,-79
1755869775.0899446,-4,-4,-79
1755869775.1259446,-4,5,-73
1755869775.1639447,-1,6,-65
1755869775.2019446,0,0,-74
1755869775.2379446,0,-1,-79
1755869775.2759447,-1,1,-76
1755869775.3139446,-7,2,-72
1755869775.3519447,0,2,-66
1755869775.3879447,1,5,-79
1755869775.4249446,-6,0,-63
1755869775.4629445,-4,0,-64
1755869775.5019443,2,0,-61
1755869775.5379446,3,2,-66
1755869775.5749447,3,-3,-77
1755869775.6129446,0,-5,-67
1755869775.6519446,2,-2,-62
1755869775.687945,5,-3,-68
1755869775.7259445,5,-1,-72
1755869775.7639446,0,-5,-73
1755869775.8019447,0,-3,-74
1755869775.8409443,-1,3,-61
1755869775.8769443,-5,0,-68
1755869775.9139447,-1,0,-71
1755869775.9529445,-3,7,-67
1755869775.9909446,-2,0,-63
1755869776.0269446,-3,-2,-80
1755869776.0649445,-9,-1,-68
1755869776.1029446,-6,-2,-78
1755869776.1419446,5,6,-67
1755869776.177945,0,1,-78
1755869776.2159443,-1,-2,-78
1755869776.2539446,-1,3,-73
1755869776.292945,-3,0,-64
1755869776.3309443,-2,5,-78
1755869776.3669446,0,2,-68
1755869776.4039447,0,-1,-78
1755869776.4429443,5,-6,-68
1755869776.4809446,0,-1,-73
1755869776.5169446,0,-7,-77
1755869776.5539446,-1,4,-69
1755869776.5929446,7,-2,-73
1755869776.6309447,0,-5,-77
1755869776.6669445,1,1,-74
1755869776.7039447,0,-2,-71
1755869776.7429447,-3,-1,-82
1755869776.7809446,-2,0,-74
1755869776.8169446,-1,0,-80
1755869776.8549447,6,0,-74
1755869776.8929446,0,1,-63
1755869776.9309447,1,-3,-64
1755869776.9669447,4,2,-66
1755869777.0039446,3,0,-75
1755869777.042945,-4,1,-78
1755869777.0789447,6,2,-73
1755869777.1159446,3,0,-57
1755869777.1539447,0,-2,-70
1755869777.1929443,0,-7,-60
1755869777.2289443,0,-7,-62
1755869777.2659447,-3,-2,-64
1755869777.3039446,0,-1,-72
1755869777.3429446,3,-1,-63
1755869777.3789446,3,6,-71
1755869777.4159446,1,0,-57
1755869777.4539447,2,-3,-70
1755869777.4929447,-6,-2,-69
1755869777.5319445,-3,-2,-71
1755869777.5679443,-5,1,-84
1755869777.6049447,-9,10,-84
1755869777.6429446,0,5,-75
1755869777.6819446,-2,-8,-80
1755869777.7179446,-6,-7,-83
1755869777.7559447,-4,-7,-72
1755869777.7939446,-1,-7,-75
1755869777.8329446,-1,0,-72
1755869777.8689446,3,3,-78
1755869777.9069445,0,2,-72
1755869777.9439447,3,1,-75
1755869777.9829447,-2,0,-71
1755869778.0189445,3,0,-69
1755869778.0569446,-2,-7,-64
1755869778.0939443,-7,-7,-79
1755869778.1329446,0,0,-76
1755869778.1689446,-1,0,-72
1755869778.2069447,-9,1,-66
1755869778.2439446,5,-1,-70
1755869778.282945,6,0,-70
1755869778.3189447,3,0,-70
1755869778.3569446,1,1,-63
1755869778.3939445,2,1,-71
1755869778.4319446,10,7,-61
1755869778.4679446,3,6,-61
1755869778.5049446,0,7,-63
1755869778.5439446,0,2,-68
1755869778.5819447,2,2,-74
1755869778.6179447,1,-2,-74
1755869778.654945,-4,-2,-71
1755869778.6939447,0,-2,-71
1755869778.7319446,4,0,-73
1755869778.7679446,2,6,-82
1755869778.8049445,0,0,-77
1755869778.8429446,0,4,-73
1755869778.8789446,-2,12,-76
1755869778.9169445,-8,4,-66
1755869778.9549446,-1,0,-64
1755869778.9939446,-4,0,-75
1755869779.029945,-3,0,-56
1755869779.0679443,4,-3,-71
1755869779.1049447,8,-7,-78
1755869779.1439445,1,0,-85
1755869779.1799445,1,0,-79
1755869779.2169447,-4,-12,-73
1755869779.2549446,-5,-2,-72
1755869779.2939446,-8,0,-82
1755869779.3299446,-4,-3,-85
1755869779.3679447,0,6,-78
1755869779.4059446,0,0,-81
1755869779.4439447,1,-5,-69
1755869779.4829447,0,-3,-77
1755869779.5189445,-1,1,-79
1755869779.5559447,-3,2,-75
1755869779.5949447,-2,4,-78
1755869779.6329446,-4,5,-78
1755869779.6689446,2,1,-69
1755869779.7059443,4,1,-88
1755869779.7439446,8,2,-79
1755869779.779945,0,3,-70
1755869779.8169446,4,0,-68
1755869779.8549447,-6,-4,-84
1755869779.8929446,-4,2,-83
1755869779.9289446,0,-4,-86
1755869779.9669447,1,0,-79
1755869780.0049446,0,0,-74
1755869780.042945,-4,-2,-85
1755869780.0789447,0,-1,-79
1755869780.1159446,-3,0,-77
1755869780.154945,0,9,-73
1755869780.1929443,3,8,-67
1755869780.2289443,0,7,-73
1755869780.2659447,6,2,-76
1755869780.3039446,0,3,-74
1755869780.3409443,-1,8,-69
1755869780.3859446,5,6,-71
1755869780.4239447,3,3,-74
1755869780.4599447,0,-1,-82
1755869780.496945,-5,-1,-67
1755869780.5349443,-3,-4,-67
1755869780.5739446,2,-2,-71
1755869780.6099446,0,-4,-75
1755869780.6469443,2,-4,-79
1755869780.6859446,-4,0,-70
1755869780.723945,-6,-2,-65
1755869780.759945,-6,6,-67
1755869780.7979443,-2,-1,-67
1755869780.835945,-6,2,-55
1755869780.8749447,-2,7,-73
1755869780.9109447,-3,0,-74
1755869780.9489446,8,0,-73
1755869780.9859445,-1,-4,-64
1755869781.0249443,0,3,-71
1755869781.0609446,-4,1,-75
1755869781.098945,-10,2,-73
1755869781.1359446,-11,1,-75
1755869781.1749446,-10,3,-66
1755869781.210945,2,3,-73
1755869781.2489443,-6,-2,-81
1755869781.2869446,-5,0,-88
1755869781.3249447,-7,3,-85
1755869781.3639443,-8,1,-71
1755869781.3999443,-2,0,-77
1755869781.4369447,3,-3,-80
1755869781.4759445,5,-1,-76
1755869781.5139446,8,8,-72
1755869781.5499446,4,2,-88
1755869781.5869446,-1,4,-78
1755869781.6259446,0,2,-75
1755869781.6639447,0,-3,-65
1755869781.6999447,5,0,-66
1755869781.736945,1,4,-73
1755869781.7749443,2,1,-86
1755869781.8109446,-6,0,-81
1755869781.8479445,-5,2,-81
1755869781.8859446,2,-1,-78
1755869781.9249446,1,-2,-77
1755869781.960945,6,0,-73
1755869781.9979446,2,-3,-75
1755869782.0359447,3,-8,-78
1755869782.0749447,1,-1,-82
1755869782.1109445,0,0,-78
1755869782.1479447,1,1,-64
1755869782.1859446,-5,-8,-71
1755869782.223945,-3,-2,-78
1755869782.259945,2,-4,-75
1755869782.2969446,1,-1,-90
1755869782.335945,-4,0,-86
1755869782.371945,-6,-1,-77
1755869782.4099443,-5,0,-78
1755869782.4479446,-3,-6,-75
1755869782.486945,1,-2,-67
1755869782.5249443,0,3,-83
1755869782.5609446,4,3,-72
1755869782.5979445,2,0,-65
1755869782.6359446,-1,0,-73
1755869782.6719446,-1,-1,-79
1755869782.7099447,0,1,-71
1755869782.7479446,4,5,-77
1755869782.7859447,4,7,-80
1755869782.8219447,-1,-1,-85
1755869782.8599446,-4,0,-85
1755869782.8979447,2,-7,-69
1755869782.9359446,0,-8,-76
1755869782.9749446,-3,-3,-74
1755869783.0109446,-4,0,-78
1755869783.0499446,-4,4,-87
1755869783.0869446,-5,-1,-77
1755869783.1259446,0,-2,-71
1755869783.1619446,0,4,-74
1755869783.1989446,2,5,-80
1755869783.236945,1,-4,-73
1755869783.2759447,-3,1,-79
1755869783.3119447,3,-15,-80
1755869783.348945,-3,-3,-81
1755869783.3869443,-3,-2,-67
1755869783.4259446,-1,0,-73
1755869783.4619446,-8,2,-74
1755869783.4989443,3,-2,-71
1755869783.5369446,-1,7,-67
1755869783.575945,-5,2,-66
1755869783.611945,3,-2,-70
1755869783.6499443,8,1,-79
1755869783.6869447,5,-4,-87
1755869783.7259445,-2,-3,-69
1755869783.7619443,-2,0,-67
1755869783.7989447,0,-4,-71
1755869783.8369446,10,-1,-51
1755869783.8759446,8,-3,-67
1755869783.9119446,8,0,-69
1755869783.9489446,6,-3,-64
1755869783.986945,0,0,-69
1755869784.0259447,3,-3,-72
1755869784.0619447,1,-8,-69
1755869784.098945,-2,-7,-64
1755869784.1369443,0,-6,-75
1755869784.1759446,1,-8,-76
1755869784.2119446,-1,-8,-82
1755869784.2499447,-2,-1,-74
1755869784.2879446,-2,0,-66
1755869784.3269446,0,-1,-66
1755869784.3629446,0,-1,-74
1755869784.4009447,1,0,-78
1755869784.437945,1,-5,-74
1755869784.4769447,0,3,-83
1755869784.5129447,-1,5,-68
1755869784.5499446,0,3,-76
1755869784.5869446,0,-4,-66
1755869784.6259446,4,0,-65
1755869784.6619446,3,0,-70
1755869784.6989446,-1,6,-68
1755869784.736945,2,-2,-74
1755869784.7759447,-3,-5,-82
1755869784.8119447,0,2,-77
1755869784.848945,10,3,-77
1755869784.8869443,1,4,-79
1755869784.9229443,6,1,-85
1755869784.9599447,6,1,-79
1755869784.9979446,0,-1,-82
1755869785.0369446,4,-2,-79
1755869785.0729446,3,5,-77
1755869785.1099446,5,11,-78
1755869785.1479447,-3,13,-69
1755869785.1869447,1,7,-81
1755869785.2229445,3,2,-79
1755869785.259945,9,2,-79
1755869785.2979443,0,0,-78
1755869785.335945,7,5,-76
1755869785.371945,3,2,-76
1755869785.4099443,0,0,-83
1755869785.4469447,0,-4,-82
1755869785.4829447,-6,0,-70
1755869785.5209446,3,-2,-72
1755869785.5579443,0,2,-74
1755869785.5959446,2,-5,-66
1755869785.6329446,1,-3,-78
1755869785.6699443,3,-3,-80
1755869785.7079446,0,-2,-82
1755869785.746945,6,-1,-76
1755869785.782945,1,4,-72
1755869785.8199446,-3,3,-74
1755869785.8579447,3,-6,-61
1755869785.8969443,1,-7,-72
1755869785.9329443,2,-2,-62
1755869785.9709446,3,2,-68
1755869786.0079446,0,1,-73
1755869786.0439446,0,-3,-72
1755869786.0809443,0,6,-78
1755869786.1179447,2,0,-68
1755869786.1539447,-4,3,-77
1755869786.190945,-1,8,-76
1755869786.2289443,-2,7,-76
1755869786.2679446,1,4,-65
1755869786.3039446,3,1,-73
1755869786.3409443,1,-1,-70
1755869786.3789446,0,0,-74
1755869786.4169445,2,-2,-81
1755869786.4529445,2,-8,-76
1755869786.4909446,-1,3,-70
1755869786.5289447,-3,-4,-75
1755869786.5679443,-2,7,-72
1755869786.6039443,-1,1,-67
1755869786.6409447,-3,0,-82
1755869786.6789446,1,-9,-84
1755869786.7179446,-2,-2,-76
1755869786.7539446,-4,-2,-65
1755869786.7919445,-4,0,-65
1755869786.8299446,1,-2,-66
1755869786.8689446,-2,0,-81
1755869786.9069445,6,0,-67
1755869786.9429443,3,-4,-60
1755869786.9809446,8,2,-74
1755869787.0189445,-4,4,-66
1755869787.0569446,-2,0,-73
1755869787.0929446,-6,-6,-77
1755869787.1309447,0,2,-72
1755869787.1689446,-4,3,-86
1755869787.2069447,0,-6,-68
1755869787.2439446,-4,-2,-73
1755869787.2809446,1,0,-68
1755869787.3189447,7,-5,-71
1755869787.3579447,8,-6,-70
1755869787.3939445,4,-6,-71
1755869787.4309447,11,-3,-73
1755869787.4689443,2,-5,-73
1755869787.5079446,9,2,-72
1755869787.5439446,9,1,-73
1755869787.5809443,-1,-6,-72
1755869787.6189446,-5,5,-81
1755869787.657945,-2,1,-72
1755869787.6939447,-2,3,-71
1755869787.7309446,-3,0,-76
1755869787.7689445,0,0,-64
1755869787.8049445,3,-6,-65
1755869787.8439443,-1,-4,-91
1755869787.8809447,5,-2,-80
1755869787.9189446,-1,-6,-78
1755869787.9579446,2,-5,-76
1755869787.9939446,2,5,-70
1755869788.0309446,-2,6,-67
1755869788.0689447,0,-3,-76
1755869788.1079447,0,-1,-71
1755869788.1439445,-1,1,-69
1755869788.1809447,-2,7,-72
1755869788.2189443,-5,4,-73
1755869788.2579446,-1,0,-83
1755869788.2939446,1,-8,-64
1755869788.3309443,7,4,-75
1755869788.3689446,4,0,-63
1755869788.404945,0,2,-67
1755869788.4419446,0,2,-74
1755869788.4809446,-2,-2,-82
1755869788.5189445,-1,-2,-77
1755869788.5549445,-2,0,-76
1755869788.5919447,-1,-5,-62
1755869788.6299446,-3,-5,-71
1755869788.6689446,0,-3,-67
1755869788.7049446,0,1,-70
1755869788.7419446,-2,6,-73
1755869788.779945,3,-1,-67
1755869788.8189447,0,0,-72
1755869788.8549447,0,-4,-73
1755869788.8929446,7,-2,-80
1755869788.9299445,3,0,-71
1755869788.9679446,4,-1,-73
1755869789.0039446,9,-3,-75
1755869789.042945,-2,-3,-69
1755869789.0799446,0,-2,-69
1755869789.1189446,3,2,-66
1755869789.154945,0,-1,-83
1755869789.1919446,4,1,-71
1755869789.2299447,0,-4,-69
1755869789.2689445,-3,1,-66
1755869789.3049445,0,0,-67
1755869789.3419447,1,-2,-73
1755869789.3799446,4,6,-69
1755869789.417945,1,1,-73
1755869789.4539447,-7,3,-72
1755869789.4919446,2,6,-80
1755869789.529945,0,9,-62
1755869789.565945,0,4,-67
1755869789.6029446,0,5,-72
1755869789.6399446,-9,-4,-74
1755869789.6789446,-7,-2,-69
1755869789.7159443,-5,-4,-76
1755869789.7539446,-3,-1,-75
1755869789.7919445,0,-3,-79
1755869789.8299446,-5,1,-76
1755869789.8689446,-6,6,-74
1755869789.904945,-4,-1,-73
1755869789.9429443,-4,0,-73
1755869789.9809446,6,4,-78
1755869790.019945,2,-3,-72
1755869790.0559447,5,-10,-81
1755869790.0929446,-1,-1,-79
1755869790.131945,2,-1,-82
1755869790.1699443,-2,2,-82
1755869790.2059443,-6,4,-84
1755869790.2429447,-5,3,-81
1755869790.2819445,-3,3,-77
1755869790.3199446,0,0,-76
1755869790.3559446,5,0,-78
1755869790.4019446,1,-1,-81
1755869790.4399445,2,0,-78
1755869790.4759445,0,-3,-72
1755869790.5129447,0,0,-66
1755869790.5509446,0,1,-73
1755869790.588945,3,-7,-68
1755869790.6249447,7,-8,-73
1755869790.6619446,1,-1,-74
1755869790.700945,-6,4,-70
1755869790.7389443,2,2,-72
1755869790.7749443,4,0,-75
1755869790.8119447,0,-8,-80
1755869790.8509445,4,-7,-70
1755869790.8889446,3,-7,-63
1755869790.9249446,2,-4,-63
1755869790.9629445,6,-2,-74
1755869791.0009446,4,3,-71
1755869791.0389447,-2,-1,-70
1755869791.0749447,-6,6,-69
1755869791.111945,-2,1,-67
1755869791.1509447,-1,0,-70
1755869791.1889446,-5,-2,-83
1755869791.2249446,-4,-1,-77
1755869791.2629447,-3,-6,-79
1755869791.3009446,0,-1,-86
1755869791.3399446,-4,-6,-72
1755869791.3759446,0,-1,-71
1755869791.4139447,2,3,-62
1755869791.450945,1,4,-67
1755869791.4899447,0,1,-57
1755869791.5259447,-1,3,-75
1755869791.5639446,3,-1,-73
1755869791.6019447,0,7,-70
1755869791.6409447,8,0,-73
1755869791.6769447,3,-2,-67
1755869791.713945,2,-1,-66
1755869791.7529447,2,-6,-55
1755869791.7909446,-3,4,-67
1755869791.8269446,-6,0,-81
1755869791.8639443,-5,-1,-79
1755869791.9019446,0,-6,-74
1755869791.940945,3,-2,-78
1755869791.9769447,1,-3,-77
1755869792.0149446,10,0,-71
1755869792.052945,-1,-1,-71
1755869792.0909443,7,0,-70
1755869792.1269443,4,0,-79
1755869792.1639447,2,2,-69
1755869792.2019446,-2,0,-66
1755869792.2399447,3,0,-77
1755869792.2759447,8,-5,-75
1755869792.3139446,-2,-2,-72
1755869792.3519447,-5,4,-66
1755869792.3909447,-2,-1,-66
1755869792.4269447,-8,-2,-78
1755869792.4649446,-3,0,-67
1755869792.5029447,-5,1,-73
1755869792.5419445,5,5,-70
1755869792.5799446,0,-3,-80
1755869792.6159446,-1,-1,-77
1755869792.6539447,4,1,-80
1755869792.6919446,-1,-5,-78
1755869792.7299447,-6,-2,-77
1755869792.7659447,-6,-5,-78
1755869792.8039446,2,-1,-75
1755869792.8419447,6,-9,-79
1755869792.8809447,1,-8,-69
1755869792.9169445,-2,-4,-76
1755869792.9549446,5,-4,-75
1755869792.9939446,1,-6,-67
1755869793.0319445,0,0,-85
1755869793.0699446,-3,-1,-70
1755869793.1059446,-5,5,-73
1755869793.1429446,-4,9,-69
1755869793.1819446,0,5,-64
1755869793.2179446,-3,0,-66
1755869793.2549446,2,-1,-72
1755869793.292945,-1,-2,-73
1755869793.3319447,-2,0,-69
1755869793.3679447,-1,5,-73
1755869793.4059446,-4,-1,-78
1755869793.4439447,2,-2,-77
1755869793.4819446,7,-1,-84
1755869793.5179446,1,-2,-80
1755869793.5549445,1,2,-63
1755869793.5919447,0,0,-74
1755869793.6309447,3,1,-78
1755869793.6669445,-2,5,-62
1755869793.7049446,-1,3,-76
1755869793.7439446,-1,-2,-76
1755869793.7819445,-1,0,-76
1755869793.8179443,0,-3,-76
1755869793.8559446,7,-7,-78
1755869793.8939445,2,-2,-75
1755869793.9329443,-2,1,-77
1755869793.9709446,-2,3,-77
1755869794.006945,0,0,-78
1755869794.0439446,-4,-8,-74
1755869794.0829446,-2,0,-72
1755869794.1209445,-2,0,-75
1755869794.1569445,3,1,-69
1755869794.1939447,3,3,-66
1755869794.2319446,-7,-7,-66
1755869794.2679446,-3,-7,-82
1755869794.3069446,-5,2,-75
1755869794.3439443,-9,-6,-77
1755869794.3829446,-3,5,-68
1755869794.4209447,-3,1,-76
1755869794.4569447,3,2,-77
1755869794.4939446,7,-7,-87
1755869794.532945,-5,-4,-84
1755869794.5709443,1,0,-75
1755869794.6069446,-1,1,-73
1755869794.6439445,3,0,-82
1755869794.6829443,1,3,-69
1755869794.7209446,-5,1,-86
1755869794.756945,-1,3,-76
1755869794.7939446,-4,-1,-78
1755869794.8329446,-5,1,-78
1755869794.8709445,-4,0,-81
1755869794.9069445,-5,-2,-69
1755869794.9449446,5,-3,-74
1755869794.9829447,1,-6,-72
1755869795.0219443,7,-4,-79
1755869795.0579443,0,-3,-65
1755869795.0949447,-1,3,-68
1755869795.1329446,2,2,-78
1755869795.1699443,0,2,-82
1755869795.2069447,-7,-2,-77
1755869795.2449446,-3,4,-77
1755869795.282945,0,0,-74
1755869795.3189447,7,3,-73
1755869795.3569446,8,0,-72
1755869795.3939445,4,6,-79
1755869795.4319446,7,3,-67
1755869795.4679446,7,0,-76
1755869795.5049446,2,-1,-71
1755869795.542945,-2,-1,-73
1755869795.5819447,-6,0,-72
1755869795.6179447,2,4,-66
1755869795.6559446,7,2,-74
1755869795.6939447,8,0,-87
1755869795.7319446,11,3,-84
1755869795.7679446,7,6,-76
1755869795.8049445,-3,5,-70
1755869795.8439443,0,-3,-69
1755869795.881945,2,-1,-76
1755869795.917945,7,-3,-78
1755869795.9549446,1,0,-70
1755869795.9939446,-2,0,-77
1755869796.0319445,0,2,-86
1755869796.0679443,4,1,-82
1755869796.1049447,0,-5,-67
1755869796.1439445,4,-1,-71
1755869796.1819446,5,-1,-64
1755869796.2179446,1,-4,-75
1755869796.2549446,1,-8,-74
1755869796.2939446,0,-6,-74
1755869796.3319447,8,-4,-66
1755869796.3679447,6,0,-71
1755869796.404945,6,-4,-73
1755869796.4439447,2,0,-73
1755869796.4819446,1,0,-69
1755869796.5179446,-2,2,-69
1755869796.5549445,6,2,-73
1755869796.5929446,2,4,-77
1755869796.6289446,-2,1,-85
1755869796.6659446,4,-1,-77
1755869796.7039447,0,0,-82
1755869796.7399447,-3,-3,-79
1755869796.7789447,-3,0,-82
1755869796.815945,1,0,-69
1755869796.8539443,-5,1,-59
1755869796.8899446,0,-6,-66
1755869796.9269447,0,-5,-66
1755869796.9649446,-4,-4,-73
1755869797.0039446,1,-3,-79
1755869797.0399446,7,-1,-83
1755869797.0769446,1,-3,-74
1755869797.1159446,2,6,-79
1755869797.1539447,-1,0,-62
1755869797.1899445,1,-7,-58
1755869797.2289443,-3,0,-67
1755869797.2659447,-5,-1,-71
1755869797.3039446,-5,-1,-74
1755869797.3429446,6,0,-89
1755869797.3789446,-5,-3,-78
1755869797.4169445,1,-2,-75
1755869797.4549446,5,-1,-79
1755869797.4939446,1,-3,-75
1755869797.529945,7,2,-78
1755869797.5669446,-5,0,-72
1755869797.6049447,-2,-4,-66
1755869797.6439445,-4,5,-69
1755869797.6799445,-2,6,-68
1755869797.7169447,0,0,-73
1755869797.7549446,-4,4,-73
1755869797.792945,-4,3,-69
1755869797.8289447,1,2,-81
1755869797.8659446,-1,4,-79
1755869797.904945,0,4,-69
1755869797.9429443,5,1,-66
1755869797.9789443,-5,2,-67
1755869798.0159447,0,-3,-69
1755869798.0549445,-1,2,-69
1755869798.0929446,0,4,-74
1755869798.1289446,2,0,-82
1755869798.1659446,6,-4,-86
1755869798.2049446,-3,1,-61
1755869798.2429447,-5,6,-69
1755869798.2789447,-6,0,-66
1755869798.315945,-5,-5,-66
1755869798.3549447,0,-4,-64
1755869798.3929446,-3,4,-75
1755869798.4299445,-4,2,-69
1755869798.4669447,2,9,-84
1755869798.5049446,-4,5,-74
1755869798.5439446,2,5,-82
1755869798.5799446,12,0,-76
1755869798.6169446,4,-1,-83
1755869798.654945,0,3,-87
1755869798.690945,0,2,-85
1755869798.7279446,-1,0,-83
1755869798.7659447,-2,8,-77
1755869798.8049445,-4,2,-77
1755869798.8409443,-4,1,-62
1755869798.8779447,0,-6,-53
1755869798.9159446,3,1,-59
1755869798.9549446,-1,3,-54
1755869798.9909446,-8,3,-58
1755869799.0279446,3,0,-61
1755869799.065945,0,8,-78
1755869799.1039443,3,0,-82
1755869799.1399446,3,1,-73
1755869799.1769447,1,3,-77
1755869799.2149446,-1,-4,-79
1755869799.2509446,1,-3,-75
1755869799.2889447,2,2,-71
1755869799.3269446,5,-1,-80
1755869799.3659446,2,-3,-73
1755869799.4039447,-2,-2,-61
1755869799.4399445,-6,0,-54
1755869799.4779446,4,-1,-76
1755869799.5159447,3,1,-77
1755869799.5539446,0,-2,-84
1755869799.5899446,0,-1,-82
1755869799.6269443,-4,3,-75
1755869799.6659446,-2,2,-77
1755869799.7039447,2,1,-68
1755869799.7399447,1,0,-72
1755869799.7769446,-1,-3,-69
1755869799.815945,-2,-4,-79
1755869799.8539443,-4,3,-83
1755869799.8899446,-2,3,-82
1755869799.9269447,5,1,-85
1755869799.9649446,0,-2,-78
1755869800.0009446,3,4,-81
1755869800.0379446,8,4,-69
1755869800.075945,0,-3,-70
1755869800.1139443,-4,3,-81
1755869800.1499443,0,5,-89
1755869800.1869447,2,1,-76
1755869800.2249446,-6,-3,-67
1755869800.2619443,-2,0,-76
1755869800.2989447,7,-9,-75
1755869800.3369446,10,-1,-77
1755869800.3759446,0,3,-80
1755869800.4199443,-2,0,-71
1755869800.4579446,-1,1,-70
1755869800.4959445,0,2,-73
1755869800.5319445,3,1,-79
1755869800.5699446,1,1,-71
1755869800.6069446,0,2,-70
1755869800.6459446,0,-3,-69
1755869800.6819446,2,-1,-75
1755869800.7199447,2,-7,-74
1755869800.756945,-2,7,-74
1755869800.7959447,-2,3,-64
1755869800.8319447,-4,-1,-62
1755869800.8699446,-2,0,-68
1755869800.907945,-8,0,-75
1755869800.9459443,0,-8,-72
1755869800.9849446,7,4,-58
1755869801.0209446,3,0,-59
1755869801.0579443,4,3,-69
1755869801.0959446,0,8,-60
1755869801.131945,-1,-1,-68
1755869801.1699443,-1,-3,-77
1755869801.2079446,-1,-2,-58
1755869801.246945,1,0,-59
1755869801.2849443,0,0,-70
1755869801.3209443,0,0,-67
1755869801.358945,-2,7,-57
1755869801.3969443,-2,0,-73
1755869801.4359446,0,-1,-85
1755869801.4719446,0,-2,-76
1755869801.509945,1,-2,-74
1755869801.5489447,0,3,-77
1755869801.5869446,-1,-1,-81
1755869801.6249447,0,-6,-68
1755869801.6609447,5,-4,-76
1755869801.6989446,-3,4,-71
1755869801.736945,-7,2,-69
1755869801.7759447,-1,-1,-76
1755869801.8119447,5,1,-63
1755869801.848945,-2,3,-57
1755869801.8869443,0,-1,-68
1755869801.9259446,7,2,-76
1755869801.9619446,3,2,-78
1755869801.9989443,5,0,-81
1755869802.0369446,8,-3,-76
1755869802.075945,0,0,-72
1755869802.111945,1,-4,-79
1755869802.1499443,1,0,-74
1755869802.1869447,6,-2,-80
1755869802.2259445,1,0,-70
1755869802.2619443,7,1,-76
1755869802.2989447,0,-2,-79
1755869802.3369446,0,1,-74
1755869802.3729446,1,0,-70
1755869802.4099443,0,0,-66
1755869802.4489446,1,-4,-69
1755869802.486945,1,1,-67
1755869802.5229447,2,-4,-82
1755869802.5619447,-2,0,-72
1755869802.598945,0,0,-80
1755869802.6369443,-2,3,-82
1755869802.6729443,-1,2,-69
1755869802.7099447,-4,1,-66
1755869802.7489443,4,0,-74
1755869802.7869446,0,1,-73
1755869802.8229446,4,2,-79
1755869802.8599446,8,0,-80
1755869802.8979447,7,-6,-73
1755869802.9359446,0,-4,-78
1755869802.9719446,-7,-2,-74
1755869803.009945,-6,-1,-80
1755869803.0489447,0,-2,-68
1755869803.0869446,-8,-3,-63
1755869803.1229446,-2,-2,-74
1755869803.1619446,4,0,-69
1755869803.1989446,-1,-7,-74
1755869803.2379446,-3,-1,-70
1755869803.2759447,-2,-3,-75
1755869803.3119447,0,0,-73
1755869803.348945,6,-3,-83
1755869803.3879447,9,-3,-78
1755869803.4259446,8,0,-72
1755869803.4619446,3,4,-73
1755869803.4989443,0,0,-68
1755869803.5369446,-7,0,-78
1755869803.5729446,0,3,-79
1755869803.6099446,-1,0,-76
1755869803.6489446,-6,1,-92
1755869803.6869447,-5,-3,-82
1755869803.7229445,-4,-4,-75
1755869803.7619443,-3,0,-71
1755869803.7989447,-2,5,-71
1755869803.8379445,-9,0,-78
1755869803.8739443,-7,-3,-77
1755869803.9119446,2,-5,-82
1755869803.9499447,-1,1,-79
1755869803.9879446,1,0,-74
1755869804.0239446,6,3,-76
1755869804.0619447,-1,-2,-74
1755869804.098945,-3,0,-71
1755869804.1379447,0,-9,-70
1755869804.1739447,0,-3,-80
1755869804.2119446,1,0,-84
1755869804.2489443,-15,0,-85
1755869804.2879446,-10,3,-87
1755869804.3239446,0,-4,-76
1755869804.361945,7,-5,-69
1755869804.3989446,12,1,-75
1755869804.4369447,0,0,-66
1755869804.4729445,-1,0,-69
1755869804.509945,-3,-3,-81
1755869804.5479443,-2,-5,-73
1755869804.5869446,2,-7,-61
1755869804.6229446,2,-2,-77
1755869804.6599443,0,-4,-80
1755869804.6989446,-1,2,-83
1755869804.736945,2,-1,-79
1755869804.7729447,-3,-1,-71
1755869804.8119447,-8,-7,-78
1755869804.848945,-4,-4,-63
1755869804.8879447,-9,-1,-79
1755869804.9239447,0,4,-72
1755869804.9619446,1,5,-74
1755869804.9989443,2,-1,-72
1755869805.0379446,-1,1,-73
1755869805.0739446,4,2,-72
1755869805.111945,4,-5,-72
1755869805.1489446,-2,0,-60
1755869805.187945,-4,-1,-73
1755869805.223945,-7,4,-76
1755869805.2619443,-2,9,-73
1755869805.2989447,-5,2,-75
1755869805.3379445,-6,3,-73
1755869805.3739443,-5,3,-65
1755869805.4119446,0,0,-79
1755869805.4489446,2,5,-86
1755869805.486945,7,0,-99
1755869805.5229447,-1,7,-86
1755869805.5599446,-2,0,-85
1755869805.598945,0,-6,-72
1755869805.6369443,-3,-1,-80
1755869805.6739447,3,0,-65
1755869805.7119446,4,3,-74
1755869805.7489443,2,7,-67
1755869805.7879446,0,2,-69
1755869805.8239446,2,-6,-72
1755869805.861945,-1,-3,-71
1755869805.8989446,2,1,-77
1755869805.937945,4,-2,-72
1755869805.973945,4,2,-71
1755869806.0119443,0,0,-66
1755869806.0489447,0,-7,-65
1755869806.0879445,-5,0,-76
1755869806.1239443,-12,0,-79
1755869806.1609447,-2,-2,-79
1755869806.1989446,-7,5,-73
1755869806.2379446,-10,0,-68
1755869806.2739446,-5,0,-73
1755869806.3119447,-3,-3,-73
1755869806.3499446,2,0,-77
1755869806.3879447,1,-1,-73
1755869806.4239447,-1,-2,-73
1755869806.4619446,-1,-5,-71
1755869806.4999447,0,2,-75
1755869806.5389447,5,-7,-70
1755869806.5749447,4,-1,-73
1755869806.611945,2,0,-87
1755869806.6499443,0,1,-77
1755869806.687945,12,1,-65
1755869806.723945,11,2,-56
1755869806.7609446,1,0,-63
1755869806.7999446,-10,4,-65
1755869806.8379445,-2,0,-77
1755869806.8739443,-3,-2,-68
1755869806.9119446,2,-6,-72
1755869806.9499447,0,4,-76
1755869806.9879446,3,-4,-79
1755869807.0239446,1,0,-68
1755869807.0619447,4,3,-77
1755869807.0999446,-1,2,-72
1755869807.1379447,-6,-2,-68
1755869807.1739447,5,2,-69
1755869807.2119446,2,4,-63
1755869807.2499447,0,0,-73
1755869807.2879446,5,-2,-69
1755869807.3239446,0,0,-66
1755869807.361945,0,-4,-68
1755869807.3999443,4,0,-74
1755869807.437945,4,0,-68
1755869807.473945,-3,-3,-75
1755869807.5119443,0,3,-81
1755869807.5499446,-4,6,-74
1755869807.5879445,-4,3,-74
1755869807.6239443,0,0,-66
1755869807.6609447,-3,8,-78
1755869807.6999447,-6,7,-71
1755869807.7359445,0,0,-65
1755869807.7729447,4,-1,-61
1755869807.8109446,4,5,-73
1755869807.848945,-1,0,-66
1755869807.884945,-8,0,-75
1755869807.9219446,1,0,-77
1755869807.9599447,-3,-4,-84
1755869807.9959445,1,-5,-71
1755869808.032945,-4,-4,-58
1755869808.0709443,-5,-7,-64
1755869808.1099446,0,-6,-55
1755869808.1459446,4,-4,-69
1755869808.1829443,0,-8,-66
1755869808.2209446,1,0,-67
1755869808.2589445,0,0,-67
1755869808.2949443,-2,-4,-67
1755869808.3329446,3,-2,-76
1755869808.3709445,5,-1,-71
1755869808.4099443,1,-2,-75
1755869808.4459443,1,2,-71
1755869808.4829447,-3,-4,-76
1755869808.5209446,-1,-4,-69
1755869808.5599446,5,-6,-64
1755869808.5959446,1,-1,-68
1755869808.6329446,8,-3,-73
1755869808.6709447,-4,-2,-65
1755869808.7099447,-5,-3,-69
1755869808.7459445,-5,0,-66
1755869808.782945,-5,-1,-66
1755869808.8209443,0,1,-77
1755869808.858945,-5,-3,-79
1755869808.8959446,-2,-3,-70
1755869808.9329443,-1,-8,-69
1755869808.9709446,-6,-8,-67
1755869809.009945,-3,-3,-67
1755869809.0459447,-1,-1,-65
1755869809.0839446,2,0,-55
1755869809.1209445,4,-3,-67
1755869809.1599443,6,-3,-72
1755869809.1959443,1,-3,-73
1755869809.2329447,0,4,-79
1755869809.2709446,3,1,-75
1755869809.3069446,5,-2,-70
1755869809.3439443,4,-8,-68
1755869809.3829446,-2,-5,-68
1755869809.4209447,1,1,-73
1755869809.4569447,7,-4,-68
1755869809.4949446,4,-3,-66
1755869809.532945,-6,-6,-66
1755869809.5709443,-6,-5,-74
1755869809.6099446,-4,-6,-71
1755869809.6459446,-9,-7,-67
1755869809.6839447,-6,0,-71
1755869809.7219446,4,4,-82
1755869809.759945,-3,4,-82
1755869809.7959447,0,2,-58
1755869809.8329446,0,-2,-72
1755869809.8709445,7,7,-72
1755869809.9069445,5,4,-66
1755869809.9439447,0,-3,-75
1755869809.9819446,-6,-1,-69
1755869810.0209446,-2,3,-74
1755869810.0569446,-1,-3,-74
1755869810.0959446,-1,1,-73
1755869810.1329446,-5,1,-60
1755869810.1719446,-7,-9,-67
1755869810.2099447,-3,-3,-75
1755869810.2459445,4,1,-71
1755869810.282945,1,0,-67
1755869810.3209443,0,5,-67
1755869810.3569446,2,0,-73
1755869810.3939445,8,0,-73
1755869810.4399445,1,6,-63
1755869810.4759445,-12,3,-78
1755869810.5129447,-4,0,-75
1755869810.5519447,-4,-2,-80
1755869810.5899446,-2,-3,-79
1755869810.6269443,0,0,-73
1755869810.6649446,4,-9,-75
1755869810.7019446,4,3,-78
1755869810.7409446,1,0,-67
1755869810.7769446,-3,-2,-64
1755869810.8149445,-4,0,-69
1755869810.8539443,-2,-3,-73
1755869810.8919446,-2,-2,-72
1755869810.9299445,-4,1,-64
1755869810.9659443,1,-1,-60
1755869811.0039446,1,3,-71
1755869811.0419445,-3,-2,-78
1755869811.0809443,4,1,-72
1755869811.1169446,1,1,-68
1755869811.1539447,-1,-3,-62
1755869811.1919446,-4,6,-72
1755869811.2309446,3,0,-64
1755869811.2669446,1,6,-70
1755869811.3039446,-4,1,-71
1755869811.3419447,-8,0,-81
1755869811.3809447,-4,1,-72
1755869811.4169445,-2,2,-73
1755869811.4539447,-12,0,-87
1755869811.4919446,-8,0,-78
1755869811.5309446,-7,-6,-79
1755869811.5669446,-4,-10,-74
1755869811.6049447,-2,3,-79
1755869811.6429446,3,0,-70
1755869811.6809447,0,-6,-72
1755869811.7169447,2,0,-64
1755869811.7539446,1,0,-69
1755869811.7919445,8,-1,-70
1755869811.8279445,5,2,-74
1755869811.8649447,3,-3,-69
1755869811.9029446,-3,0,-68
1755869811.9419446,-6,-2,-66
1755869811.9779446,-4,-4,-66
1755869812.0159447,-9,-6,-73
1755869812.0539446,-2,-2,-72
1755869812.0929446,-8,-1,-72
1755869812.1309447,-1,-4,-80
1755869812.1669445,0,-5,-81
1755869812.2039447,-2,-1,-69
1755869812.2429447,3,2,-72
1755869812.2809446,5,-2,-65
1755869812.3169446,-4,4,-67
1755869812.3539443,-3,1,-76
1755869812.3929446,-3,5,-80
1755869812.4309447,-7,5,-79
1755869812.4669447,-4,1,-74
1755869812.5039446,-6,0,-75
1755869812.542945,-8,-1,-72
1755869812.5809443,-5,-2,-69
1755869812.6169446,-2,-1,-65
1755869812.654945,-3,-3,-71
1755869812.6929443,0,0,-71
1755869812.7309446,-2,-5,-61
1755869812.7669446,1,-2,-75
1755869812.8039446,2,-6,-68
1755869812.8429446,-5,-6,-73
1755869812.8789446,-5,-2,-75
1755869812.9169445,-2,2,-65
1755869812.9549446,-1,-1,-67
1755869812.9929447,3,0,-55
1755869813.0289447,0,3,-59
1755869813.0669446,-3,0,-73
1755869813.1039443,-1,-8,-65
1755869813.1429446,-4,2,-62
1755869813.1789446,-5,8,-69
1755869813.2169447,-1,0,-73
1755869813.2549446,0,-2,-68
1755869813.292945,-2,0,-77
1755869813.3319447,-1,0,-80
1755869813.3679447,2,0,-75
1755869813.4059446,2,1,-74
1755869813.4429443,-1,-3,-68
1755869813.4819446,0,-1,-73
1755869813.5179446,6,-4,-61
1755869813.5549445,-2,-3,-66
1755869813.5929446,-5,-9,-72
1755869813.631945,0,-4,-70
1755869813.667945,2,-7,-76
1755869813.7049446,0,-4,-70
1755869813.7439446,-2,2,-76
1755869813.7819445,0,0,-70
1755869813.8179443,4,0,-79
1755869813.8549447,-4,-1,-69
1755869813.8939445,-6,2,-75
1755869813.9319446,-6,-4,-71
1755869813.9679446,-2,-2,-67
1755869814.0059447,-5,0,-66
1755869814.0439446,-1,-2,-69
1755869814.0829446,-5,3,-68
1755869814.1189446,-7,1,-69
1755869814.1569445,0,-3,-77
1755869814.1949446,-4,-4,-61
1755869814.233945,-4,1,-67
1755869814.2719443,0,3,-77
1755869814.3079443,0,-3,-79
1755869814.3449447,-5,-4,-78
1755869814.3839445,-6,-7,-78
1755869814.4219446,-5,-2,-74
1755869814.4579446,-3,0,-63
1755869814.4949446,4,4,-69
1755869814.532945,-4,-1,-74
1755869814.5689447,1,-5,-75
1755869814.6069446,3,-1,-84
1755869814.644945,-4,3,-85
1755869814.6839447,9,6,-79
1755869814.7199447,-2,-3,-72
1755869814.7579446,-3,-1,-75
1755869814.7969446,0,0,-63
1755869814.8339446,1,-5,-69
1755869814.8729446,-6,-6,-70
1755869814.9089446,-1,-1,-73
1755869814.9469447,-3,-2,-70
1755869814.9849446,2,0,-70
1755869815.0229447,9,-1,-69
1755869815.0589447,7,2,-61
1755869815.0969446,1,-3,-63
1755869815.1339445,-1,-4,-75
1755869815.1729443,-3,-2,-83
1755869815.2089446,-8,-3,-85
1755869815.246945,-2,-3,-80
1755869815.2849443,-8,0,-75
1755869815.3239446,-1,4,-67
1755869815.3599446,-2,3,-63
1755869815.3969443,-1,2,-71
1755869815.4349446,2,-9,-66
1755869815.473945,1,-5,-70
1755869815.509945,-2,-4,-69
1755869815.5479443,-4,-5,-81
1755869815.585945,3,-9,-79
1755869815.6249447,0,-4,-75
1755869815.6629446,-10,-2,-78
1755869815.6989446,-11,0,-73
1755869815.7359445,-2,8,-79
1755869815.7749443,-1,-2,-76
1755869815.812945,-7,-1,-78
1755869815.848945,-2,-3,-73
1755869815.8879447,-3,-3,-70
1755869815.9249446,-1,3,-72
1755869815.963945,0,2,-72
1755869815.9999447,0,1,-68
1755869816.0379446,-2,1,-77
1755869816.0749447,0,-9,-80
1755869816.1139443,0,0,-62
1755869816.1499443,-3,-1,-63
1755869816.187945,-12,-2,-72
1755869816.2259445,5,2,-67
1755869816.2639446,0,5,-53
1755869816.2999446,0,5,-56
1755869816.3379445,8,3,-66
1755869816.3749447,1,-3,-66
1755869816.4139447,8,-2,-63
1755869816.4499447,-2,-6,-75
1755869816.4879446,-5,-2,-71
1755869816.5259447,-4,8,-71
1755869816.5649445,-3,4,-70
1755869816.6009445,1,2,-67
1755869816.6379447,2,-6,-82
1755869816.6759446,5,-4,-67
1755869816.7149446,1,2,-71
1755869816.7509446,0,5,-73
1755869816.7879446,0,4,-64
1755869816.8249447,-1,-1,-79
1755869816.8639443,-1,-2,-72
1755869816.8999443,-2,-7,-78
1755869816.937945,-1,-4,-79
1755869816.9759445,1,-4,-74
1755869817.0149446,-1,6,-68
1755869817.0509446,0,4,-74
1755869817.0879445,2,-4,-68
1755869817.1259446,3,0,-68
1755869817.1639447,1,-4,-74
1755869817.1999447,6,-5,-64
1755869817.2379446,0,-3,-71
1755869817.2759447,-3,3,-73
1755869817.3139446,6,0,-66
1755869817.3499446,-2,-1,-70
1755869817.3879447,0,2,-72
1755869817.4259446,5,1,-69
1755869817.463945,8,-2,-79
1755869817.4999447,5,0,-82
1755869817.5369446,0,1,-68
1755869817.575945,0,-1,-73
1755869817.6139443,-3,5,-67
1755869817.6499443,-3,7,-84
1755869817.6869447,-3,5,-84
1755869817.7259445,-4,2,-71
1755869817.7639446,-7,0,-68
1755869817.7999446,3,4,-75
1755869817.8369446,-4,4,-79
1755869817.8759446,-1,6,-74
1755869817.9139447,2,7,-71
1755869817.9499447,-4,3,-65
1755869817.9879446,-2,2,-68
1755869818.0259447,-3,-4,-74
1755869818.0639446,3,0,-83
1755869818.0999446,0,-3,-79
1755869818.1379447,-5,0,-77
1755869818.1759446,0,-1,-66
1755869818.213945,2,-5,-74
1755869818.2499447,-1,0,-83
1755869818.2879446,0,-14,-82
1755869818.325945,-1,-4,-80
1755869818.361945,0,0,-72
1755869818.3999443,-3,7,-84
1755869818.437945,-8,4,-87
1755869818.4759445,0,0,-73
1755869818.5119443,3,-5,-78
1755869818.5499446,-4,-5,-79
1755869818.5879445,-5,4,-77
1755869818.6259446,-3,-3,-77
1755869818.6619446,2,0,-67
1755869818.6999447,2,1,-72
1755869818.7379446,4,-4,-75
1755869818.7759447,-2,0,-74
1755869818.8119447,-4,-4,-73
1755869818.8499446,-13,0,-77
1755869818.8879447,3,3,-72
1755869818.9259446,2,-2,-72
1755869818.9649446,-6,-2,-75
1755869819.0009446,0,4,-69
1755869819.0379446,5,0,-61
1755869819.075945,4,-7,-68
1755869819.111945,3,-8,-86
1755869819.1499443,-2,-4,-78
1755869819.187945,0,-1,-77
1755869819.2269447,-1,-5,-68
1755869819.2649446,-4,0,-70
1755869819.3009446,-3,7,-81
1755869819.3379445,-6,5,-79
1755869819.3769443,-7,-8,-78
1755869819.4149446,1,-4,-68
1755869819.450945,4,-5,-72
1755869819.4889443,0,-2,-57
1755869819.5269446,-8,-1,-66
1755869819.565945,0,2,-59
1755869819.6019447,-2,4,-60
1755869819.6389446,3,0,-71
1755869819.6769447,0,3,-63
1755869819.7149446,3,1,-73
1755869819.7509446,-4,-2,-62
1755869819.7889447,-10,-3,-73
1755869819.8269446,1,2,-84
1755869819.8659446,0,-1,-67
1755869819.9019446,0,-5,-69
1755869819.9389446,2,0,-65
1755869819.9769447,2,0,-75
1755869820.0129447,3,1,-79
1755869820.0499446,-1,-3,-57
1755869820.0879445,-3,0,-67
1755869820.1269443,0,-1,-70
1755869820.1629446,0,0,-73
1755869820.1999447,0,0,-78
1755869820.236945,-4,1,-66
1755869820.2759447,0,-3,-75
1755869820.3119447,9,-4,-76
1755869820.3499446,5,2,-65
1755869820.3869443,5,4,-66
1755869820.4229443,6,2,-76
1755869820.4689443,0,-1,-69
1755869820.506945,0,-9,-82
1755869820.542945,-6,-6,-84
1755869820.5809443,-2,0,-69
1755869820.6199446,0,-4,-77
1755869820.6569445,2,0,-76
1755869820.6929443,-5,2,-77
1755869820.7309446,-2,6,-75
1755869820.7689445,0,0,-81
1755869820.8069446,-4,-1,-75
1755869820.8429446,-9,-6,-72
1755869820.8809447,0,-5,-82
1755869820.9189446,-1,1,-76
1755869820.9579446,-7,-6,-74
1755869820.9959445,-7,8,-68
1755869821.0319445,-8,0,-69
1755869821.0689447,-2,-6,-69
1755869821.1079447,-2,1,-71
1755869821.1459446,-3,-1,-72
1755869821.1819446,2,-1,-77
1755869821.2199447,0,0,-72
1755869821.2579446,-2,2,-70
1755869821.2959447,7,1,-71
1755869821.3319447,-1,4,-72
1755869821.3699446,-2,-3,-69
1755869821.407945,-1,-1,-73
1755869821.4459443,3,-5,-67
1755869821.4819446,0,0,-81
1755869821.519945,-2,0,-76
1755869821.5579443,-4,0,-74
1755869821.5959446,0,0,-65
1755869821.631945,1,1,-66
1755869821.6689446,4,-4,-68
1755869821.7079446,7,0,-69
1755869821.7459445,7,0,-72
1755869821.7819445,6,0,-68
1755869821.8189447,5,-4,-72
1755869821.8579447,-2,-1,-75
1755869821.8939445,0,0,-76
1755869821.9309447,-5,5,-81
1755869821.9699447,-5,5,-69
1755869822.0079446,1,0,-66
1755869822.0439446,-6,2,-78
1755869822.0819447,0,-2,-79
1755869822.1199446,0,-2,-79
1755869822.157945,1,4,-82
1755869822.1939447,-1,7,-78
1755869822.2319446,-6,-2,-61
1755869822.269945,0,-4,-64
1755869822.3079443,5,-3,-74
1755869822.3439443,4,-1,-70
1755869822.381945,6,4,-74
1755869822.4199443,3,11,-74
1755869822.4579446,-4,1,-76
1755869822.4939446,-4,2,-79
1755869822.5319445,0,4,-69
1755869822.5689447,5,0,-78
1755869822.6079447,2,1,-72
1755869822.6439445,-3,2,-74
1755869822.6819446,-5,-1,-72
1755869822.7199447,-3,-3,-71
1755869822.7589445,-4,1,-69
1755869822.7969446,0,5,-88
1755869822.8329446,-7,0,-78
1755869822.8709445,-3,0,-76
1755869822.9089446,-4,-1,-71
1755869822.9479446,2,0,-73
1755869822.983945,-1,2,-73
1755869823.0209446,-8,-4,-76
1755869823.0589447,-2,0,-84
1755869823.0979445,3,-2,-81
1755869823.1339445,-2,6,-78
1755869823.1719446,-4,-3,-67
1755869823.2099447,1,3,-68
1755869823.2479446,0,0,-63
1755869823.2839446,-4,0,-75
1755869823.3209443,-3,0,-78
1755869823.358945,0,4,-73
1755869823.3979447,-2,4,-62
1755869823.4339447,-5,2,-77
1755869823.4709446,7,-2,-83
1755869823.509945,2,1,-74
1755869823.5479443,-8,1,-67
1755869823.5839446,-4,3,-74
1755869823.6209445,-4,-2,-71
1755869823.6589446,4,-2,-80
1755869823.6979446,0,0,-73
1755869823.733945,3,-2,-77
1755869823.7709446,0,1,-76
1755869823.8089447,1,-2,-74
1755869823.8479445,12,-5,-66
1755869823.8839445,11,-8,-67
1755869823.9209447,7,0,-66
1755869823.9589446,0,0,-67
1755869823.9949446,-2,-3,-67
1755869824.032945,1,1,-67
1755869824.0709443,-1,2,-73
1755869824.108945,0,-4,-67
1755869824.1479447,0,0,-75
1755869824.1839447,4,0,-68
1755869824.2219446,7,0,-83
1755869824.2609446,3,0,-76
1755869824.2989447,-1,-2,-62
1755869824.3349447,-5,0,-69
1755869824.3729446,-2,0,-68
1755869824.4109447,-2,3,-68
1755869824.4499447,5,-4,-76
1755869824.4879446,4,-1,-77
1755869824.5239446,1,3,-69
1755869824.5609446,3,6,-75
1755869824.5999446,0,-1,-78
1755869824.6379447,-2,-1,-77
1755869824.6739447,2,1,-77
1755869824.710945,7,1,-75
1755869824.7499447,3,0,-67
1755869824.7879446,2,0,-69
1755869824.8239446,-5,-5,-75
1755869824.861945,0,4,-73
1755869824.8999443,3,0,-78
1755869824.937945,0,-2,-81
1755869824.973945,4,2,-78
1755869825.0109446,0,0,-72
1755869825.0489447,-4,1,-71
1755869825.0849447,-3,-2,-75
1755869825.1229446,-1,-3,-76
1755869825.1609447,1,2,-77
1755869825.1989446,1,1,-76
1755869825.2349446,0,0,-78
1755869825.2719443,0,-3,-65
1755869825.3099446,-2,-3,-72
1755869825.348945,2,0,-67
1755869825.384945,3,1,-56
1755869825.4219446,5,5,-69
1755869825.4599447,-1,8,-70
1755869825.4959445,-7,3,-69
1755869825.532945,-5,7,-74
1755869825.5709443,-5,-2,-70
1755869825.6099446,0,-3,-72
1755869825.6459446,3,-4,-75
1755869825.6829443,0,3,-67
1755869825.7199447,6,-3,-83
1755869825.7589445,1,-5,-79
1755869825.7949443,8,-8,-80
1755869825.8329446,10,-4,-89
1755869825.871945,7,-2,-75
1755869825.9099443,2,0,-70
1755869825.9459443,5,0,-77
1755869825.9829447,0,0,-77
1755869826.019945,4,7,-80
1755869826.0559447,0,0,-73
1755869826.0939443,3,-1,-65
1755869826.1309447,4,2,-75
1755869826.1689446,-1,-2,-83
1755869826.2049446,-2,-1,-76
1755869826.2429447,5,0,-69
1755869826.2809446,3,0,-65
1755869826.3189447,1,-2,-70
1755869826.3549447,2,4,-78
1755869826.3919446,-1,-3,-77
1755869826.4309447,-1,-4,-77
1755869826.4689443,1,-7,-78
1755869826.5049446,-1,0,-78
1755869826.5419445,8,1,-73
1755869826.5799446,9,6,-79
1755869826.6159446,3,0,-75
1755869826.6529446,-7,4,-81
1755869826.690945,-1,2,-69
1755869826.7299447,-1,-5,-80
1755869826.7659447,0,-5,-81
1755869826.802945,5,2,-62
1755869826.8409443,-2,5,-71
1755869826.8799446,0,4,-79
1755869826.9159446,0,2,-84
1755869826.9529445,4,-1,-85
1755869826.9919446,11,4,-72
1755869827.0309446,4,0,-84
1755869827.0689447,4,-3,-80
1755869827.1049447,7,-2,-74
1755869827.1419446,-1,0,-66
1755869827.1809447,3,5,-71
1755869827.2189443,0,-2,-63
1755869827.2549446,-4,-5,-73
1755869827.292945,-3,-5,-76
1755869827.3309443,-3,3,-77
1755869827.3699446,-2,8,-74
1755869827.4059446,3,-4,-64
1755869827.4439447,0,5,-74
1755869827.4809446,2,2,-73
1755869827.5169446,5,-2,-67
1755869827.5549445,-1,-3,-71
1755869827.5929446,0,7,-70
1755869827.6309447,7,4,-72
1755869827.6669445,-1,9,-75
1755869827.7049446,-5,9,-84
1755869827.7429447,-6,-1,-77
1755869827.7809446,3,6,-76
1755869827.8169446,2,2,-75
1755869827.8549447,-1,-4,-68
1755869827.8919446,-7,-2,-79
1755869827.9309447,1,5,-75
1755869827.9669447,-2,0,-76
1755869828.0039446,-1,-4,-73
1755869828.0419445,3,0,-77
1755869828.0799446,4,-2,-87
1755869828.1159446,0,2,-76
1755869828.1529446,3,1,-76
1755869828.190945,4,0,-86
1755869828.2269447,2,-2,-83
1755869828.2639446,3,-2,-74
1755869828.3019447,-7,2,-82
1755869828.3409443,9,-3,-82
1755869828.3769443,4,0,-77
1755869828.4139447,3,1,-66
1755869828.4519446,-1,-6,-73
1755869828.4899447,6,0,-73
1755869828.5269446,3,-2,-73
1755869828.5639446,-5,-3,-72
1755869828.6019447,0,5,-60
1755869828.6399446,5,-2,-59
1755869828.6759446,7,-6,-69
1755869828.713945,-3,-3,-79
1755869828.7519443,-3,-3,-79
1755869828.7909446,-6,-1,-73
1755869828.8269446,6,-5,-73
1755869828.8639443,2,0,-64
1755869828.9019446,1,6,-72
1755869828.9399445,-8,-1,-67
1755869828.9759445,-5,-2,-66
1755869829.0139446,2,0,-74
1755869829.0519447,1,0,-76
1755869829.0879445,0,0,-72
1755869829.1249447,-5,0,-73
1755869829.1629446,-1,0,-75
1755869829.2019446,6,-6,-75
1755869829.2379446,5,-3,-84
1755869829.2749443,7,0,-82
1755869829.3119447,0,4,-75
1755869829.3479445,-4,0,-69
1755869829.3859446,-2,-5,-72
1755869829.4239447,2,-4,-72
1755869829.4619446,0,2,-63
1755869829.4979446,2,-3,-76
1755869829.5359447,0,-4,-80
1755869829.5739446,0,5,-68
1755869829.611945,-3,0,-73
1755869829.6509447,-2,-4,-80
1755869829.6869447,-5,-3,-80
1755869829.7249446,-4,-8,-64
1755869829.7629447,2,-4,-75
1755869829.8019447,7,0,-66
1755869829.8379445,1,-2,-69
1755869829.8749447,4,3,-68
1755869829.9129446,2,0,-73
1755869829.950945,1,0,-65
1755869829.986945,2,3,-73
1755869830.0239446,0,2,-74
1755869830.062945,-3,8,-68
1755869830.1009445,9,1,-76
1755869830.1369443,2,7,-79
1755869830.1739447,1,5,-70
1755869830.2129445,3,3,-66
1755869830.2509446,8,3,-68
1755869830.2869446,0,2,-70
1755869830.3239446,6,-2,-62
1755869830.3629446,-3,0,-77
1755869830.4009447,6,2,-76
1755869830.4369447,3,3,-82
1755869830.4829447,-2,-3,-83
1755869830.5209446,0,-7,-78
1755869830.5569446,0,-6,-83
1755869830.5949447,8,0,-84
1755869830.6329446,-3,0,-71
1755869830.6719446,5,-5,-81
1755869830.7079446,-3,-7,-77
1755869830.7459445,3,-4,-82
1755869830.7839446,7,3,-79
1755869830.8229446,0,-6,-63
1755869830.858945,-4,2,-73
1755869830.8969443,-5,0,-72
1755869830.9349446,3,0,-81
1755869830.9729445,2,-7,-85
1755869831.0089445,0,-4,-74
1755869831.0469446,2,8,-75
1755869831.0839446,4,2,-69
1755869831.1229446,3,2,-62
1755869831.1589446,5,1,-65
1755869831.1969447,2,10,-61
1755869831.2349446,0,1,-68
1755869831.2729447,0,0,-76
1755869831.3099446,0,5,-69
1755869831.3469446,2,4,-79
1755869831.3839445,2,-4,-64
1755869831.4229443,9,-3,-72
1755869831.4589446,6,0,-70
1755869831.496945,4,-1,-61
1755869831.5339446,2,2,-71
1755869831.5729446,-1,6,-67
1755869831.608945,3,4,-77
1755869831.6459446,4,3,-78
1755869831.6849446,4,-1,-70
1755869831.7229445,-4,0,-75
1755869831.7589445,-5,-4,-89
1755869831.7969446,-5,0,-71
1755869831.8349447,-2,-7,-76
1755869831.8739443,-3,0,-71
1755869831.9119446,-5,-2,-74
1755869831.9479446,-3,2,-71
1755869831.9849446,-2,2,-73
1755869832.0239446,-2,0,-74
1755869832.0619447,-6,-1,-76
1755869832.0979445,-3,-4,-76
1755869832.1359446,-1,1,-65
1755869832.1739447,-5,1,-73
1755869832.2129445,-3,-1,-67
1755869832.2489443,-4,-2,-73
1755869832.2869446,0,-3,-68
1755869832.3249447,0,-3,-68
1755869832.3639443,-2,-1,-64
1755869832.4019446,-3,-4,-79
1755869832.437945,2,-2,-71
1755869832.4749446,3,7,-75
1755869832.5139446,0,0,-70
1755869832.5519447,-3,2,-62
1755869832.5879445,-5,-1,-85
1755869832.6259446,-9,-5,-83
1755869832.6639447,-3,0,-82
1755869832.7029445,-1,-10,-77
1755869832.7389443,1,-4,-64
1755869832.7759447,0,1,-77
1755869832.8139446,0,0,-75
1755869832.8499446,0,-1,-72
1755869832.8869443,3,-3,-70
1755869832.9259446,0,-2,-62
1755869832.963945,3,3,-72
1755869832.9999447,0,-1,-81
1755869833.0369446,-4,-2,-70
1755869833.0749447,-4,3,-76
1755869833.1139443,3,3,-61
1755869833.1499443,2,0,-73
1755869833.1869447,1,6,-65
1755869833.2249446,-9,7,-73
1755869833.2639446,-3,0,-82
1755869833.3009446,0,-5,-79
1755869833.3379445,0,0,-73
1755869833.3759446,1,3,-65
1755869833.4139447,0,3,-74
1755869833.4499447,0,3,-81
1755869833.4879446,0,5,-76
1755869833.5259447,0,1,-77
1755869833.5639446,-3,-8,-65
1755869833.5999446,0,-8,-64
1755869833.6379447,4,-5,-79
1755869833.6759446,8,-4,-80
1755869833.7149446,0,-4,-74
1755869833.7529447,-2,-3,-86
1755869833.7889447,1,-3,-80
1755869833.825945,-4,-4,-85
1755869833.8649447,-4,0,-74
1755869833.9029446,-2,0,-67
1755869833.9389446,6,2,-72
1755869833.9759445,2,1,-77
1755869834.0139446,4,-6,-68
1755869834.0499446,3,0,-75
1755869834.0879445,-2,-2,-76
1755869834.1259446,-1,0,-77
1755869834.1649446,1,-4,-81
1755869834.2029445,-7,-3,-75
1755869834.2389443,-2,-2,-64
1755869834.2779446,-8,4,-62
1755869834.3149445,0,2,-63
1755869834.3509445,0,2,-71
1755869834.3879447,3,1,-76
1755869834.4249446,2,6,-69
1755869834.460945,-1,7,-79
1755869834.4989443,3,2,-68
1755869834.5359447,-6,-4,-75
1755869834.5749447,0,-3,-71
1755869834.6109445,8,-2,-63
1755869834.6489446,7,-3,-71
1755869834.6869447,-1,2,-71
1755869834.7249446,1,3,-77
1755869834.7639446,1,0,-72
1755869834.7999446,3,0,-65
1755869834.8369446,5,1,-82
1755869834.8749447,7,-2,-69
1755869834.9109447,2,-11,-69
1755869834.9489446,1,-4,-71
1755869834.986945,1,5,-61
1755869835.0249443,2,1,-59
1755869835.0609446,5,-3,-65
1755869835.098945,4,-4,-66
1755869835.1369443,3,0,-70
1755869835.1749446,4,2,-61
1755869835.2119446,2,0,-72
1755869835.2489443,-2,0,-70
1755869835.2869446,-2,2,-67
1755869835.325945,5,-2,-66
1755869835.3639443,2,-1,-67
1755869835.3999443,3,6,-66
1755869835.4369447,3,2,-83
1755869835.4749446,1,0,-80
1755869835.5109446,7,-1,-78
1755869835.5479443,1,-4,-78
1755869835.585945,-3,-5,-76
1755869835.6249447,1,5,-79
1755869835.6609447,-3,5,-66
1755869835.6979446,1,1,-68
1755869835.7359445,-3,-5,-66
1755869835.7739446,3,-1,-71
1755869835.8099446,3,3,-69
1755869835.8479445,2,-6,-65
1755869835.8869443,-5,-2,-80
1755869835.9249446,2,-4,-83
1755869835.960945,6,-1,-84
1755869835.9979446,6,0,-78
1755869836.0359447,2,2,-81
1755869836.0739446,0,3,-68
1755869836.1099446,1,1,-72
1755869836.1479447,2,1,-75
1755869836.1859446,0,0,-74
1755869836.2219446,6,-2,-76
1755869836.259945,4,1,-91
1755869836.2979443,0,0,-85
1755869836.335945,-4,3,-69
1755869836.371945,-1,0,-65
1755869836.4099443,-4,0,-82
1755869836.4479446,2,1,-68
1755869836.4859445,-3,-2,-59
1755869836.5219443,0,0,-81
1755869836.5599446,1,0,-81
1755869836.5979445,9,1,-70
1755869836.6359446,0,0,-77
1755869836.6719446,-8,-4,-78
1755869836.7099447,-3,-2,-76
1755869836.7479446,1,-6,-74
1755869836.7859447,-3,0,-70
1755869836.8249447,-5,-3,-61
1755869836.8609445,-3,-1,-79
1755869836.8999443,-3,-1,-81
1755869836.9369447,-2,-5,-69
1755869836.9759445,0,-9,-79
1755869837.0119443,0,-11,-79
1755869837.0489447,-9,-4,-63
1755869837.0869446,-6,-7,-70
1755869837.1259446,4,4,-75
1755869837.1619446,0,0,-61
1755869837.1989446,-3,-4,-68
1755869837.2379446,5,-5,-70
1755869837.2759447,6,0,-69
1755869837.3119447,1,-2,-67
1755869837.348945,1,-4,-72
1755869837.3879447,0,1,-61
1755869837.4259446,-4,-2,-77
1755869837.4619446,-4,5,-73
1755869837.4989443,0,0,-75
1755869837.5369446,0,1,-92
1755869837.5749447,1,0,-83
1755869837.6109445,2,0,-73
1755869837.6489446,-5,0,-81
1755869837.6869447,1,0,-76
1755869837.7259445,12,-1,-76
1755869837.7619443,3,-2,-80
1755869837.7989447,-7,-1,-83
1755869837.8369446,-3,5,-81
1755869837.8759446,4,-4,-84
1755869837.9119446,-1,1,-80
1755869837.9499447,-5,-2,-74
1755869837.9879446,0,-1,-79
1755869838.0269446,2,7,-64
1755869838.062945,3,5,-73
1755869838.1009445,-1,-2,-82
1755869838.1379447,0,-4,-80
1755869838.1769447,-1,-3,-69
1755869838.2129445,0,-1,-69
1755869838.2509446,-5,0,-73
1755869838.2889447,2,-1,-74
1755869838.3269446,-7,7,-70
1755869838.3659446,-4,1,-66
1755869838.4019446,0,2,-60
1755869838.4389446,3,3,-66
1755869838.4769447,2,-3,-67
1755869838.5129447,0,-6,-63
1755869838.5499446,-8,2,-75
1755869838.588945,-3,-2,-75
1755869838.6269443,-3,-2,-67
1755869838.6629446,-2,0,-69
1755869838.6999447,2,4,-69
1755869838.7379446,6,0,-76
1755869838.7759447,6,-4,-69
1755869838.8119447,3,3,-67
1755869838.8499446,-1,6,-76
1755869838.8889446,-3,0,-77
1755869838.9269447,6,3,-88
1755869838.9629445,3,0,-75
1755869838.9999447,-7,-1,-64
1755869839.0389447,3,2,-73
1755869839.0769446,7,10,-77
1755869839.1129446,4,0,-73
1755869839.1499443,0,2,-69
1755869839.187945,2,8,-68
1755869839.2259445,0,4,-67
1755869839.2619443,-3,0,-57
1755869839.2999446,-1,0,-61
1755869839.3379445,2,-1,-70
1755869839.3769443,-1,1,-79
1755869839.4129446,-4,0,-85
1755869839.4499447,0,0,-86
1755869839.4879446,-5,-3,-78
1755869839.5259447,-4,0,-66
1755869839.5619447,-5,-3,-63
1755869839.5999446,-1,-2,-79
1755869839.6379447,0,-7,-67
1755869839.6769447,-10,-2,-62
1755869839.7129445,0,2,-59
1755869839.7499447,0,4,-60
1755869839.7879446,-1,4,-75
1755869839.8269446,-2,6,-70
1755869839.8629446,-1,7,-62
1755869839.8999443,2,4,-71
1755869839.937945,-2,-2,-69
1755869839.9769447,-6,-3,-70
1755869840.0129447,-4,-2,-69
1755869840.0519447,-3,-2,-74
1755869840.088945,-4,2,-66
1755869840.1279447,-1,4,-74
1755869840.1639447,-2,0,-59
1755869840.2019446,3,1,-69
1755869840.2399447,0,2,-70
1755869840.2779446,0,1,-61
1755869840.3139446,2,-4,-58
1755869840.3509445,2,-3,-73
1755869840.3889446,3,0,-66
1755869840.427945,-2,1,-66
1755869840.463945,-9,-1,-72
1755869840.509945,4,3,-72
1755869840.5479443,4,4,-67
1755869840.5839446,0,0,-72
1755869840.621945,-6,-4,-71
1755869840.6599443,-1,-3,-67
1755869840.6989446,0,6,-65
1755869840.736945,3,-1,-74
1755869840.7729447,-2,0,-77
1755869840.8099446,1,2,-72
1755869840.848945,-9,1,-64
1755869840.8869443,0,1,-66
1755869840.9229443,5,1,-75
1755869840.9599447,3,2,-67
1755869840.9979446,-8,4,-68
1755869841.0339446,-2,4,-71
1755869841.0719447,0,-7,-74
1755869841.1099446,2,-4,-85
1755869841.1489446,0,-3,-69
1755869841.1869447,-2,0,-70
1755869841.223945,-2,1,-74
1755869841.2609446,0,5,-76
1755869841.2989447,4,0,-73
1755869841.3369446,0,3,-71
1755869841.3729446,-1,0,-89
1755869841.4109447,4,-1,-73
1755869841.4489446,6,2,-65
1755869841.486945,-1,-4,-79
1755869841.5229447,0,-7,-84
1755869841.5609446,0,-1,-79
1755869841.598945,-3,-4,-78
1755869841.6379447,-2,-8,-77
1755869841.6739447,5,-2,-73
1755869841.710945,4,1,-64
1755869841.7489443,-2,0,-70
1755869841.7849443,1,0,-77
1755869841.8219447,5,-3,-84
1755869841.8609445,4,-4,-77
1755869841.8989446,-4,-3,-66
1755869841.9349446,0,-8,-70
1755869841.9729445,-4,3,-76
1755869842.0109446,2,5,-82
1755869842.0489447,-3,2,-74
1755869842.085945,-4,8,-73
1755869842.1229446,-1,0,-77
1755869842.1609447,-3,4,-69
1755869842.1999447,-3,0,-67
1755869842.2379446,-1,-1,-62
1755869842.2739446,2,-3,-86
1755869842.3109446,-6,2,-79
1755869842.3499446,-3,-2,-93
1755869842.3879447,-4,1,-75
1755869842.4239447,-5,2,-71
1755869842.460945,-15,3,-76
1755869842.4999447,-8,-3,-74
1755869842.5379446,2,4,-80
1755869842.5739446,0,0,-73
1755869842.6109445,7,0,-81
1755869842.6499443,0,5,-76
1755869842.687945,1,0,-79
1755869842.723945,2,0,-77
1755869842.7619443,-6,-2,-76
1755869842.7999446,-3,0,-74
1755869842.838945,0,-2,-84
1755869842.8749447,1,-4,-75
1755869842.9119446,-1,2,-72
1755869842.9499447,-7,0,-71
1755869842.9889443,0,1,-71
1755869843.0249443,1,1,-74
1755869843.0619447,2,1,-69
1755869843.0999446,3,1,-71
1755869843.1379447,0,3,-67
1755869843.1739447,2,-1,-66
1755869843.2119446,-4,1,-74
1755869843.2499447,-1,2,-79
1755869843.2889447,-1,3,-79
1755869843.3249447,-2,8,-72
1755869843.361945,1,1,-77
1755869843.3999443,-1,0,-84
1755869843.4359446,-6,-2,-82
1755869843.4749446,-8,0,-74
1755869843.5119443,0,0,-73
1755869843.5499446,0,-5,-75
1755869843.585945,-2,0,-66
1755869843.6239443,-1,0,-75
1755869843.6619446,-1,-1,-68
1755869843.6999447,-2,-1,-81
1755869843.7359445,-5,2,-75
1755869843.7739446,-5,2,-76
1755869843.8119447,3,1,-69
1755869843.8499446,0,5,-75
1755869843.8859446,-1,1,-72
1755869843.9239447,0,-2,-73
1755869843.9619446,-3,-6,-78
1755869844.0009446,-1,-12,-69
1755869844.0389447,0,-2,-75
1755869844.0749447,2,-5,-73
1755869844.111945,-2,-4,-73
1755869844.1509447,2,0,-76
1755869844.1889446,-8,-1,-78
1755869844.2249446,0,0,-72
1755869844.2619443,-4,5,-77
1755869844.3009446,-3,0,-73
1755869844.338945,-11,3,-79
1755869844.3749447,-4,3,-73
1755869844.4119446,4,2,-64
1755869844.450945,1,2,-82
1755869844.4889443,-4,6,-86
1755869844.5249443,-5,5,-82
1755869844.562945,0,2,-64
1755869844.6009445,2,1,-61
1755869844.6389446,-9,-6,-72
1755869844.6759446,-5,0,-68
1755869844.713945,-1,5,-74
1755869844.7509446,1,-1,-69
1755869844.7899446,9,-4,-60
1755869844.825945,4,-2,-65
1755869844.8629446,4,-6,-71
1755869844.9009447,10,3,-75
1755869844.9399445,-2,5,-78
1755869844.9759445,0,3,-79
1755869845.0129447,-5,2,-75
1755869845.0509446,-2,2,-68
1755869845.0899446,-5,2,-67
1755869845.1259446,-1,-1,-76
1755869845.1639447,-5,2,-80
1755869845.2019446,-7,2,-71
1755869845.2409446,-9,5,-66
1755869845.2769446,0,1,-71
1755869845.3139446,1,-3,-68
1755869845.3519447,1,-6,-65
1755869845.3909447,0,4,-81
1755869845.4269447,5,0,-76
1755869845.463945,4,4,-69
1755869845.5019443,3,-5,-70
1755869845.5399446,-2,0,-72
1755869845.575945,-2,4,-74
1755869845.6129446,0,3,-81
1755869845.6509447,0,0,-70
1755869845.6869447,-2,3,-76
1755869845.7249446,1,0,-74
1755869845.7619443,0,-1,-77
1755869845.8009446,-2,0,-72
1755869845.8369446,1,0,-73
1755869845.8749447,0,-1,-79
1755869845.9129446,2,1,-81
1755869845.9519446,4,-1,-71
1755869845.9899447,2,-4,-66
1755869846.0259447,3,0,-73
1755869846.0639446,9,-2,-77
1755869846.1019447,3,-1,-69
1755869846.1409447,3,5,-69
1755869846.1769447,3,-1,-75
1755869846.213945,-1,-6,-71
1755869846.2519443,-1,-4,-78
1755869846.2909446,0,-1,-76
1755869846.3269446,-4,-1,-84
1755869846.3649447,0,-8,-65
1755869846.4029446,-1,-6,-77
1755869846.4419446,1,2,-76
1755869846.4799447,-1,3,-80
1755869846.5159447,6,5,-80
1755869846.552945,2,0,-69
1755869846.5909443,6,0,-73
1755869846.6269443,2,-7,-68
1755869846.6639447,0,4,-77
1755869846.7019446,-8,5,-75
1755869846.7399447,-8,6,-84
1755869846.7759447,-8,2,-74
1755869846.8139446,7,-1,-71
1755869846.8519447,0,0,-66
1755869846.8909447,0,-2,-81
1755869846.9269447,3,-4,-87
1755869846.963945,5,-4,-67
1755869847.0019443,1,3,-72
1755869847.0409446,3,1,-77
1755869847.0769446,5,0,-62
1755869847.1139443,0,-9,-77
1755869847.1529446,-3,-3,-65
1755869847.190945,0,0,-66
1755869847.2269447,-3,2,-77
1755869847.2639446,0,3,-69
1755869847.3019447,4,2,-81
1755869847.3379445,-2,3,-80
1755869847.3759446,-6,2,-80
1755869847.4139447,0,0,-75
1755869847.4529445,3,-3,-79
1755869847.4909446,2,-6,-67
1755869847.5269446,8,0,-79
1755869847.5639446,0,-5,-74
1755869847.6019447,6,-2,-74
1755869847.6409447,1,0,-73
1755869847.6769447,0,1,-81
1755869847.713945,3,-2,-83
1755869847.7529447,-6,7,-83
1755869847.7909446,-3,2,-71
1755869847.8269446,-5,-5,-72
1755869847.8649447,-3,-2,-76
1755869847.9029446,-6,0,-78
1755869847.9419446,-8,0,-81
1755869847.9779446,-5,2,-69
1755869848.0159447,-4,3,-79
1755869848.0539446,-2,3,-68
1755869848.0929446,-1,5,-63
1755869848.1309447,2,0,-71
1755869848.1669445,3,2,-66
1755869848.2039447,-1,1,-78
1755869848.2429447,4,-3,-84
1755869848.2809446,2,-5,-79
1755869848.3169446,6,-2,-69
1755869848.3539443,0,-7,-62
1755869848.3929446,0,2,-67
1755869848.4309447,-3,3,-66
1755869848.4669447,0,2,-69
1755869848.5039446,0,4,-65
1755869848.542945,-2,0,-62
1755869848.5809443,0,1,-75
1755869848.6169446,-4,1,-71
1755869848.6539447,-3,-8,-75
1755869848.6929443,-11,0,-69
1755869848.7289443,-2,-6,-64
1755869848.7669446,-2,-4,-70
1755869848.8049445,-5,-4,-72
1755869848.8429446,0,-1,-73
1755869848.881945,1,3,-66
1755869848.917945,-1,0,-67
1755869848.9559443,0,-1,-76
1755869848.9949446,3,-2,-66
1755869849.032945,1,-2,-71
1755869849.0689447,-3,-5,-65
1755869849.1069446,-3,0,-83
1755869849.144945,1,4,-72
1755869849.1829443,10,-2,-70
1755869849.2189443,0,3,-73
1755869849.2559447,2,6,-61
1755869849.2939446,-4,1,-68
1755869849.3319447,-7,3,-74
1755869849.3679447,-9,0,-68
1755869849.4059446,-4,3,-73
1755869849.4439447,1,4,-83
1755869849.4829447,-2,9,-70
1755869849.5189445,-3,2,-67
1755869849.5559447,0,2,-64
1755869849.5939443,0,4,-83
1755869849.631945,3,0,-82
1755869849.667945,9,1,-83
1755869849.7059443,-2,-1,-74
1755869849.7439446,-4,-2,-56
1755869849.782945,-5,5,-60
1755869849.8189447,5,3,-62
1755869849.8559446,6,0,-61
1755869849.8939445,2,1,-70
1755869849.9319446,0,7,-76
1755869849.9679446,1,2,-73
1755869850.0049446,4,-1,-74
1755869850.0439446,-2,0,-79
1755869850.0819447,0,-2,-63
1755869850.1179447,4,2,-78
1755869850.154945,0,6,-72
1755869850.1929443,-2,0,-78
1755869850.2289443,-4,-1,-78
1755869850.2669446,-8,-5,-71
1755869850.3049445,-5,-9,-71
1755869850.3439443,0,-4,-73
1755869850.381945,1,4,-83
1755869850.417945,0,4,-79
1755869850.4549446,-6,3,-73
1755869850.4939446,0,2,-74
1755869850.5379446,4,0,-76
1755869850.575945,2,0,-79
1755869850.6139443,7,4,-82
1755869850.6499443,0,0,-75
1755869850.6869447,6,-7,-81
1755869850.7249446,1,-5,-69
1755869850.7639446,4,1,-79
1755869850.7999446,7,-3,-73
1755869850.8379445,1,-4,-70
1755869850.8749447,4,-5,-68
1755869850.9139447,5,4,-70
1755869850.9499447,2,1,-70
1755869850.986945,6,0,-67
1755869851.0239446,5,1,-73
1755869851.062945,3,2,-87
1755869851.098945,4,0,-79
1755869851.1369443,0,-2,-80
1755869851.1739447,4,0,-82
1755869851.2099447,7,-1,-69
1755869851.2479446,-3,0,-83
1755869851.2859447,6,-2,-71
1755869851.3249447,-2,0,-78
1755869851.3629446,-2,8,-74
1755869851.3989446,2,8,-85
1755869851.4359446,1,-5,-75
1755869851.4749446,0,0,-78
1755869851.5129447,2,1,-78
1755869851.5489447,-1,0,-69
1755869851.585945,3,-1,-73
1755869851.6249447,1,-3,-71
1755869851.6629446,11,-2,-76
1755869851.6989446,3,-4,-81
1755869851.7359445,0,-2,-80
1755869851.7749443,-6,0,-85
1755869851.812945,-6,-5,-78
1755869851.848945,-7,-8,-78
1755869851.8869443,-5,2,-91
1755869851.9259446,-7,1,-70
1755869851.963945,-4,-4,-66
1755869851.9999447,2,-3,-71
1755869852.0369446,0,-3,-66
1755869852.0749447,3,0,-80
1755869852.1139443,4,5,-82
1755869852.1499443,2,9,-82
1755869852.1869447,-4,4,-67
1755869852.2259445,-4,11,-64
1755869852.2639446,-5,4,-65
1755869852.2999446,-6,3,-73
1755869852.3369446,-2,3,-63
1755869852.3759446,5,2,-70
1755869852.4139447,1,5,-71
1755869852.4499447,0,2,-67
1755869852.486945,-3,0,-72
1755869852.5249443,-5,-2,-66
1755869852.5639446,7,-4,-67
1755869852.5999446,2,2,-69
1755869852.6369443,-2,0,-74
1755869852.6749446,-1,-1,-75
1755869852.713945,0,1,-65
1755869852.7499447,4,2,-73
1755869852.7869446,-5,0,-70
1755869852.825945,1,4,-69
1755869852.8639443,-5,0,-64
1755869852.8999443,-3,8,-66
1755869852.937945,1,1,-69
1755869852.9749446,7,-2,-74
1755869853.0139446,7,0,-67
1755869853.0499446,12,-2,-73
1755869853.0879445,3,-5,-82
1755869853.1259446,0,-2,-63
1755869853.1639447,-1,2,-70
1755869853.1999447,-7,3,-75
1755869853.236945,-4,4,-83
1755869853.2759447,3,4,-78
1755869853.3139446,-2,5,-68
1755869853.3499446,1,0,-66
1755869853.3869443,-2,-1,-67
1755869853.4259446,1,-1,-72
1755869853.463945,2,1,-77
1755869853.4999447,3,0,-79
1755869853.5369446,0,6,-71
1755869853.575945,1,0,-60
1755869853.6139443,0,1,-75
1755869853.6499443,0,6,-72
1755869853.6869447,-4,-5,-67
1755869853.7259445,-1,-5,-73
1755869853.7639446,-5,-4,-83
1755869853.7999446,-1,0,-77
1755869853.8369446,1,0,-70
1755869853.8759446,-1,-2,-74
1755869853.9139447,4,0,-85
1755869853.9499447,3,1,-74
1755869853.986945,4,-2,-75
1755869854.0259447,0,-5,-79
1755869854.0639446,-2,0,-70
1755869854.0999446,-3,0,-76
1755869854.1369443,-2,7,-76
1755869854.1759446,-3,4,-85
1755869854.2119446,-1,1,-84
1755869854.2509446,-2,0,-79
1755869854.2879446,-3,5,-73
1755869854.3269446,-2,4,-67
1755869854.3649447,9,1,-63
1755869854.4009447,1,6,-66
1755869854.437945,-1,6,-79
1755869854.4769447,-2,0,-83
1755869854.5149446,-4,0,-81
1755869854.5509446,0,0,-76
1755869854.5879445,1,-3,-82
1755869854.6259446,5,0,-76
1755869854.6649446,8,9,-76
1755869854.700945,9,2,-82
1755869854.7379446,8,-2,-77
1755869854.7769446,2,2,-76
1755869854.8149445,2,0,-82
1755869854.8509445,1,-1,-80
1755869854.8879447,-1,-2,-77
1755869854.9269447,-2,-4,-78
1755869854.9649446,0,-6,-76
1755869855.0009446,3,0,-71
1755869855.0389447,2,-1,-82
1755869855.0769446,2,0,-76
1755869855.1149447,3,-2,-80
1755869855.1519446,3,-4,-71
1755869855.1889446,1,-11,-75
1755869855.2269447,-3,-1,-77
1755869855.2659447,-4,2,-69
1755869855.3019447,0,0,-71
1755869855.338945,5,-7,-70
1755869855.3769443,-1,1,-81
1755869855.4159446,6,-3,-76
1755869855.4519446,8,0,-72
1755869855.4889443,7,4,-76
1755869855.5269446,5,3,-74
1755869855.5649445,5,0,-81
1755869855.6009445,9,2,-76
1755869855.6379447,4,3,-75
1755869855.6769447,0,0,-73
1755869855.7149446,8,0,-75
1755869855.7509446,7,-3,-85
1755869855.7879446,3,-2,-69
1755869855.8269446,2,0,-67
1755869855.8649447,5,-10,-67
1755869855.9009447,4,-5,-76
1755869855.937945,-2,-2,-76
1755869855.9769447,-1,-2,-73
1755869856.0129447,4,1,-67
1755869856.0509446,3,-5,-80
1755869856.088945,12,1,-74
1755869856.1269443,16,2,-63
1755869856.1659446,-2,4,-78
1755869856.2019446,-4,-6,-84
1755869856.2409446,-3,-5,-77
1755869856.2779446,-3,-2,-76
1755869856.3169446,0,1,-67
1755869856.3529446,-7,3,-70
1755869856.3899446,-1,-2,-76
1755869856.427945,0,0,-74
1755869856.4659443,-1,-3,-71
1755869856.5019443,-5,2,-71
1755869856.5389447,-2,-4,-78
1755869856.5769446,-2,-4,-67
1755869856.6159446,0,-3,-87
1755869856.6519446,1,0,-77
1755869856.6899445,1,-1,-78
1755869856.7279446,-2,2,-69
1755869856.7659447,-1,5,-65
1755869856.8019447,7,5,-71
1755869856.8399446,1,1,-79
1755869856.8779447,10,-2,-65
1755869856.9159446,2,-3,-70
1755869856.9519446,0,-1,-73
1755869856.9889443,1,-1,-73
1755869857.0279446,3,-3,-77
1755869857.065945,-1,-3,-80
1755869857.1019447,0,0,-69
1755869857.1389446,0,1,-74
1755869857.177945,-9,1,-66
1755869857.2159443,1,-4,-69
1755869857.2519443,1,-2,-71
1755869857.2889447,1,0,-70
1755869857.3279445,-5,-1,-74
1755869857.3659446,5,4,-79
1755869857.4019446,4,2,-79
1755869857.4389446,1,-1,-80
1755869857.4779446,-1,-1,-72
1755869857.5159447,-2,-1,-68
1755869857.5519447,-2,1,-63
1755869857.588945,0,3,-77
1755869857.6279447,4,5,-82
1755869857.6639447,1,3,-75
1755869857.7019446,-2,3,-68
1755869857.7399447,-1,2,-70
1755869857.7789447,-2,1,-76
1755869857.8169446,-1,-6,-70
1755869857.8529446,0,0,-74
1755869857.8899446,-10,1,-75
1755869857.927945,0,-1,-69
1755869857.9669447,1,-1,-69
1755869858.0029447,4,-4,-70
1755869858.0399446,12,-6,-65
1755869858.0779445,0,-2,-82
1755869858.1169446,2,0,-78
1755869858.1529446,3,-3,-71
1755869858.1899445,6,-8,-82
1755869858.2289443,-1,-2,-79
1755869858.2669446,0,-9,-74
1755869858.302945,2,-8,-73
1755869858.3399446,7,-7,-75
1755869858.3779447,1,-2,-65
1755869858.4169445,-1,-1,-66
1755869858.4529445,3,1,-73
1755869858.4909446,1,2,-61
1755869858.5289447,8,-4,-72
1755869858.5669446,1,-3,-74
1755869858.6029446,0,-6,-74
1755869858.6399446,3,-4,-68
1755869858.6789446,13,-3,-68
1755869858.7169447,5,1,-72
1755869858.7529447,6,-3,-73
1755869858.7899446,-3,0,-69
1755869858.8289447,-2,1,-78
1755869858.8669446,-5,0,-70
1755869858.9029446,-1,0,-58
1755869858.9399445,0,3,-59
1755869858.9789443,2,0,-60
1755869859.0169446,4,7,-70
1755869859.052945,3,2,-76
1755869859.0899446,-1,4,-61
1755869859.1289446,-1,3,-66
1755869859.1669445,0,6,-70
1755869859.2029445,5,4,-74
1755869859.2399447,2,-1,-70
1755869859.2789447,3,3,-63
1755869859.3169446,-4,-2,-74
1755869859.3529446,0,0,-73
1755869859.3899446,0,0,-69
1755869859.4289446,-4,2,-67
1755869859.4669447,2,-1,-74
1755869859.5029447,5,2,-83
1755869859.5399446,0,1,-69
1755869859.5779445,0,-3,-64
1755869859.6139443,2,-1,-63
1755869859.6509447,4,0,-67
1755869859.6889446,3,7,-62
1755869859.7249446,-2,4,-69
1755869859.7619443,-6,0,-78
1755869859.7999446,2,0,-77
1755869859.838945,-1,-3,-79
1755869859.8749447,2,-8,-78
1755869859.9119446,-3,-2,-76
1755869859.950945,3,0,-70
1755869859.9889443,1,-2,-76
1755869860.0249443,-4,-6,-65
1755869860.062945,0,-8,-70
1755869860.1009445,2,0,-76
1755869860.1389446,0,3,-63
1755869860.1749446,-6,-3,-66
1755869860.213945,9,-4,-76
1755869860.2509446,0,-4,-82
1755869860.2899446,-7,-4,-68
1755869860.3279445,2,2,-78
1755869860.3639443,2,0,-76
1755869860.4009447,1,9,-73
1755869860.4389446,-4,-2,-78
1755869860.4749446,-2,-3,-73
1755869860.5139446,-3,-6,-87
1755869860.5589447,-3,1,-85
1755869860.5959446,-4,-10,-74
1755869860.6339445,-2,-1,-71
1755869860.6709447,-10,2,-85
1755869860.7099447,0,7,-75
1755869860.7479446,2,3,-70
1755869860.7849443,0,-5,-67
1755869860.8219447,-3,-1,-66
1755869860.8599446,0,1,-72
1755869860.8979447,4,-2,-74
1755869860.9339447,-1,-5,-76
1755869860.9719446,1,1,-84
1755869861.009945,0,3,-79
1755869861.0479443,1,1,-64
1755869861.0839446,-2,-2,-68
1755869861.121945,3,4,-60
1755869861.1599443,10,-1,-66
1755869861.1979446,3,2,-60
1755869861.233945,1,-1,-63
1755869861.2719443,0,-2,-61
1755869861.3099446,-3,-1,-70
1755869861.348945,2,2,-69
1755869861.384945,1,-1,-76
1755869861.4219446,-1,-1,-70
1755869861.460945,-4,0,-79
1755869861.4989443,1,6,-71
1755869861.5349443,0,1,-73
1755869861.5719447,10,0,-70
1755869861.6099446,-4,2,-77
1755869861.6459446,1,0,-61
1755869861.6839447,-8,-1,-68
1755869861.7209446,-3,-2,-77
1755869861.759945,0,0,-85
1755869861.7959447,-9,0,-75
1755869861.8339446,1,0,-78
1755869861.871945,9,-3,-69
1755869861.9109447,-3,3,-71
1755869861.9489446,1,3,-78
1755869861.9849446,-1,5,-77
1755869862.0219443,-7,6,-77
1755869862.0609446,1,6,-69
1755869862.098945,6,-3,-86
1755869862.134945,0,5,-65
1755869862.1729443,-3,0,-57
1755869862.210945,0,2,-57
1755869862.2489443,2,1,-64
1755869862.2849443,-1,0,-72
1755869862.3229446,1,-2,-62
1755869862.3609445,0,2,-75
1755869862.3989446,2,-5,-79
1755869862.4349446,-1,-1,-70
1755869862.4729445,5,-1,-86
1755869862.5109446,0,-11,-84
1755869862.5499446,-7,-9,-77
1755869862.585945,-2,0,-80
1755869862.6229446,8,0,-71
1755869862.6609447,10,-3,-73
1755869862.6989446,12,2,-75
1755869862.7359445,7,-4,-72
1755869862.7729447,9,-1,-76
1755869862.8109446,-3,-5,-69
1755869862.8499446,-1,-7,-73
1755869862.8859446,-5,-10,-64
1755869862.9239447,1,-5,-68
1755869862.9619446,0,-4,-74
1755869863.0009446,-1,-13,-77
1755869863.0389447,-1,-3,-72
1755869863.0749447,4,1,-78
1755869863.111945,2,-5,-67
1755869863.1509447,0,0,-76
1755869863.1869447,0,5,-73
1755869863.223945,-7,1,-74
1755869863.2619443,6,0,-74
1755869863.2999446,0,-6,-74
1755869863.335945,5,0,-76
1755869863.3729446,0,5,-76
1755869863.4109447,3,4,-78
1755869863.4469447,-3,2,-76
1755869863.4859445,3,-1,-71
1755869863.5229447,-5,1,-71
1755869863.5619447,-10,-1,-65
1755869863.5999446,3,1,-65
1755869863.6359446,0,-5,-69
1755869863.6729443,2,0,-71
1755869863.710945,3,-2,-71
1755869863.746945,3,-1,-77
1755869863.7849443,-3,0,-78
1755869863.8229446,1,-4,-69
1755869863.861945,-3,0,-63
1755869863.8999443,3,-5,-75
1755869863.9359446,-2,0,-64
1755869863.9729445,-2,-1,-71
1755869864.0119443,-1,-1,-75
1755869864.0499446,5,-8,-91
1755869864.085945,-3,-5,-95
1755869864.1239443,-11,-2,-88
1755869864.1619446,-9,-2,-71
1755869864.200945,0,-5,-66
1755869864.236945,0,1,-81
1755869864.2739446,1,1,-73
1755869864.3119447,-5,0,-79
1755869864.3509445,3,-2,-72
1755869864.3869443,6,0,-67
1755869864.4239447,0,2,-68
1755869864.4619446,0,5,-71
1755869864.4999447,-5,-4,-74
1755869864.5359447,-3,-9,-77
1755869864.5739446,2,-2,-76
1755869864.611945,-7,-3,-74
1755869864.6509447,5,0,-78
1755869864.6869447,6,-4,-70
1755869864.7249446,0,-5,-74
1755869864.7629447,4,2,-70
1755869864.8009446,0,1,-62
1755869864.8369446,-3,0,-66
1755869864.8739443,0,-1,-68
1755869864.9119446,0,-5,-65
1755869864.950945,-1,0,-82
1755869864.986945,4,0,-76
1755869865.0239446,0,-3,-70
1755869865.0619447,-5,-7,-68
1755869865.1009445,5,-4,-78
1755869865.1369443,1,-5,-81
1755869865.1739447,0,-2,-76
1755869865.2119446,0,4,-76
1755869865.2509446,-4,5,-70
1755869865.2869446,-2,2,-69
1755869865.3239446,3,4,-75
1755869865.361945,8,2,-85
1755869865.4009447,-5,0,-83
1755869865.4369447,-5,2,-82
1755869865.473945,-5,-1,-80
1755869865.5119443,-2,-4,-63
1755869865.5509446,5,-4,-68
1755869865.5869446,5,-1,-64
1755869865.6239443,3,-4,-64
1755869865.6629446,-1,2,-75
1755869865.700945,0,-2,-67
1755869865.736945,-8,-1,-58
1755869865.7749443,-1,-9,-61
1755869865.812945,0,0,-60
1755869865.8519447,1,-6,-73
1755869865.8879447,0,-3,-69
1755869865.9259446,-1,-1,-75
1755869865.963945,6,6,-74
1755869866.0019443,0,0,-72
1755869866.0379446,0,2,-73
1755869866.0749447,-5,2,-77
1755869866.1129446,0,-1,-71
1755869866.1519446,-2,-8,-75
1755869866.187945,4,-4,-75
1755869866.2249446,-1,3,-70
1755869866.2629447,-4,-4,-83
1755869866.3019447,-8,-3,-74
1755869866.3379445,-2,-4,-72
1755869866.3759446,7,0,-70
1755869866.4129446,2,-2,-74
1755869866.4519446,-4,1,-74
1755869866.4879446,0,-1,-74
1755869866.5249443,3,3,-76
1755869866.562945,-3,-3,-77
1755869866.6019447,5,2,-87
1755869866.6379447,3,-9,-81
1755869866.6749446,0,-5,-76
1755869866.7129445,-2,-6,-80
1755869866.7519443,-2,2,-80
1755869866.7879446,1,-5,-79
1755869866.8249447,-3,0,-68
1755869866.8629446,0,-5,-77
1755869866.9019446,0,-2,-72
1755869866.937945,-1,-6,-71
1755869866.9759445,1,-9,-78
1755869867.0139446,-5,0,-71
1755869867.052945,-1,-1,-82
1755869867.088945,-7,0,-83
1755869867.1259446,4,8,-77
1755869867.1629446,-7,-6,-70
1755869867.2019446,-2,-3,-72
1755869867.2379446,-1,-6,-77
1755869867.2759447,0,-11,-63
1755869867.3139446,6,-11,-72
1755869867.3529446,0,-8,-74
1755869867.3889446,6,-1,-81
1755869867.4259446,2,-1,-77
1755869867.463945,3,7,-73
1755869867.5029447,1,-1,-86
1755869867.5389447,4,-5,-82
1755869867.5769446,5,-8,-68
1755869867.6149447,2,-4,-68
1755869867.6539447,-3,-5,-66
1755869867.6919446,-2,0,-74
1755869867.7279446,2,-2,-82
1755869867.7659447,1,-4,-82
1755869867.8039446,-6,-3,-72
1755869867.8429446,-8,0,-75
1755869867.8789446,-1,-3,-68
1755869867.9169445,-3,-9,-73
1755869867.9549446,-4,-8,-70
1755869867.9939446,-1,-7,-67
1755869868.0319445,-7,0,-79
1755869868.0679443,-5,2,-86
1755869868.1049447,0,7,-79
1755869868.1439445,-2,0,-63
1755869868.1819446,2,-2,-66
1755869868.2179446,2,-4,-75
1755869868.2549446,-1,-2,-71
1755869868.2939446,-3,-5,-65
1755869868.3319447,4,-5,-63
1755869868.3679447,1,4,-71
1755869868.404945,1,2,-64
1755869868.4429443,-2,-2,-63
1755869868.4789443,-2,-3,-64
1755869868.5179446,-8,-7,-73
1755869868.5549445,-5,-4,-75
1755869868.5939443,6,0,-71
1755869868.6299446,4,3,-77
1755869868.667945,0,-3,-66
1755869868.7059443,1,-7,-77
1755869868.7439446,4,1,-81
1755869868.7809446,4,2,-74
1755869868.8179443,-10,-3,-76
1755869868.8559446,-4,-6,-76
1755869868.8939445,-1,-5,-71
1755869868.9329443,-2,-4,-66
1755869868.9689443,-4,-2,-69
1755869869.006945,-4,-1,-66
1755869869.0449443,-1,4,-85
1755869869.0839446,1,5,-74
1755869869.1199446,5,5,-77
1755869869.1569445,5,-2,-70
1755869869.1949446,3,2,-77
1755869869.233945,-6,-6,-71
1755869869.269945,-5,-7,-67
1755869869.3079443,-6,-3,-77
1755869869.3459446,-2,0,-73
1755869869.384945,-4,0,-90
1755869869.4229443,3,0,-75
1755869869.4589446,9,-2,-68
1755869869.4959445,2,-7,-78
1755869869.5349443,-4,-2,-76
1755869869.5729446,0,-3,-75
1755869869.608945,5,-2,-72
1755869869.6479447,1,0,-71
1755869869.6849446,-8,5,-73
1755869869.723945,-7,5,-75
1755869869.759945,-7,-4,-76
1755869869.7979443,3,-3,-77
1755869869.835945,-4,-3,-67
1755869869.8749447,-2,0,-80
1755869869.9129446,-4,12,-85
1755869869.9489446,-3,-5,-81
1755869869.9879446,4,-1,-83
1755869870.0259447,2,-6,-80
1755869870.0639446,1,-5,-70
1755869870.0999446,-1,-4,-75
1755869870.1389446,0,-6,-68
1755869870.1759446,4,2,-83
1755869870.213945,4,2,-74
1755869870.2499447,-7,0,-74
1755869870.2879446,0,2,-62
1755869870.3249447,-2,-3,-81
1755869870.3639443,-4,0,-73
1755869870.3999443,0,-1,-81
1755869870.437945,0,3,-77
1755869870.4749446,-1,6,-68
1755869870.5139446,0,0,-70
1755869870.5499446,-6,1,-77
1755869870.5959446,1,-2,-71
1755869870.6339445,0,-1,-71
1755869870.6699443,6,-4,-71
1755869870.7079446,4,0,-73
1755869870.7449446,1,0,-83
1755869870.7809446,-1,-1,-78
1755869870.8189447,6,5,-78
1755869870.8569446,5,-8,-68
1755869870.894945,2,-1,-76
1755869870.9339447,3,7,-68
1755869870.9699447,-5,7,-66
1755869871.006945,-3,1,-63
1755869871.0459447,-2,2,-70
1755869871.0839446,3,1,-72
1755869871.1199446,-3,0,-73
1755869871.157945,0,-3,-68
1755869871.1959443,0,0,-70
1755869871.2349446,-6,-2,-69
1755869871.2709446,-3,0,-66
1755869871.3079443,3,-4,-78
1755869871.3459446,0,0,-71
1755869871.384945,0,0,-64
1755869871.4209447,-3,2,-64
1755869871.4589446,6,0,-65
1755869871.496945,6,2,-70
1755869871.5349443,6,-7,-79
1755869871.5709443,4,-5,-80
1755869871.6079447,1,-2,-75
1755869871.6459446,0,0,-78
1755869871.6849446,2,3,-70
1755869871.7209446,3,3,-69
1755869871.7589445,-4,0,-69
1755869871.7969446,-2,0,-72
1755869871.835945,-3,-4,-67
1755869871.8739443,-1,0,-63
1755869871.9099443,3,-6,-64
1755869871.9469447,-2,3,-70
1755869871.9859445,-6,0,-70
1755869872.0239446,9,-1,-63
1755869872.0599446,1,0,-68
1755869872.0969446,5,0,-67
1755869872.134945,-4,1,-74
1755869872.1709447,0,3,-83
1755869872.2089446,0,2,-65
1755869872.246945,0,-4,-73
1755869872.2859447,0,-7,-79
1755869872.3219447,0,-2,-72
1755869872.3599446,-4,-8,-69
1755869872.3989446,2,2,-74
1755869872.4359446,3,1,-70
1755869872.4719446,-2,-2,-79
1755869872.509945,-9,1,-66
1755869872.5479443,7,3,-70
1755869872.585945,3,6,-69
1755869872.621945,-3,2,-70
1755869872.6589446,6,2,-67
1755869872.6969447,0,-1,-68
1755869872.7359445,1,-5,-74
1755869872.7719443,-1,1,-76
1755869872.8089447,0,0,-81
1755869872.8469446,-2,-9,-78
1755869872.8859446,-9,-1,-71
1755869872.9219446,-6,3,-61
1755869872.9599447,-3,6,-68
1755869872.9989443,2,0,-68
1755869873.0369446,-4,-2,-74
1755869873.0749447,-3,3,-73
1755869873.1109445,-5,10,-59
1755869873.1479447,-2,3,-78
1755869873.1869447,-2,0,-82
1755869873.2249446,2,1,-87
1755869873.2609446,-3,0,-84
1755869873.2979443,1,-2,-70
1755869873.3369446,4,3,-68
1755869873.3749447,-2,0,-77
1755869873.4109447,2,5,-74
1755869873.4479446,-4,-1,-79
1755869873.486945,0,1,-76
1755869873.5249443,2,-1,-74
1755869873.5609446,-1,0,-67
1755869873.5979445,-6,-5,-71
1755869873.6369443,2,2,-78
1755869873.6749446,0,-5,-80
1755869873.710945,-2,0,-79
1755869873.7479446,-8,-4,-70
1755869873.7869446,6,-10,-75
1755869873.8239446,4,-4,-65
1755869873.8609445,5,1,-81
1755869873.8979447,6,2,-73
1755869873.9369447,-6,0,-63
1755869873.973945,-3,2,-70
1755869874.0109446,-2,2,-74
1755869874.0489447,-3,-3,-78
1755869874.0869446,-3,-2,-77
1755869874.1259446,-1,-3,-70
1755869874.1619446,0,0,-73
1755869874.1989446,2,-1,-64
1755869874.236945,8,1,-64
1755869874.2729447,5,7,-69
1755869874.3109446,8,6,-72
1755869874.3479445,3,-1,-75
1755869874.3869443,-2,3,-72
1755869874.4229443,2,0,-85
1755869874.4599447,-4,6,-69
1755869874.4979446,-4,0,-68
1755869874.5369446,-6,-4,-68
1755869874.5729446,-7,-4,-64
1755869874.6109445,-7,0,-60
1755869874.6499443,1,0,-76
1755869874.687945,-3,2,-86
1755869874.7259445,9,3,-82
1755869874.7619443,0,1,-79
1755869874.7999446,0,1,-63
1755869874.8379445,-1,1,-75
1755869874.8759446,5,-3,-80
1755869874.9119446,5,-1,-79
1755869874.9499447,7,1,-80
1755869874.9879446,12,0,-71
1755869875.0259447,1,-4,-80
1755869875.0619447,6,0,-87
1755869875.0999446,-4,3,-72
1755869875.1379447,-6,3,-60
1755869875.1759446,1,6,-71
1755869875.2119446,5,5,-80
1755869875.2499447,4,1,-76
1755869875.2879446,-1,2,-74
1755869875.325945,-2,0,-66
1755869875.361945,-5,2,-79
1755869875.3999443,-7,8,-71
1755869875.437945,-1,1,-75
1755869875.4769447,-8,-3,-67
1755869875.5129447,-7,-3,-79
1755869875.5509446,-3,0,-82
1755869875.5899446,2,-5,-80
1755869875.6279447,-1,-1,-82
1755869875.6639447,-2,1,-70
1755869875.7019446,4,-7,-76
1755869875.7399447,-3,-6,-78
1755869875.7779446,-3,-1,-75
1755869875.8169446,-3,0,-71
1755869875.8529446,-6,3,-73
1755869875.8899446,-2,0,-72
1755869875.927945,-5,0,-72
1755869875.9669447,1,1,-59
1755869876.0029447,-2,3,-70
1755869876.0399446,-9,-1,-76
1755869876.0779445,0,-8,-82
1755869876.1169446,1,-4,-79
1755869876.1529446,-3,-3,-71
1755869876.190945,-6,-4,-61
1755869876.2289443,-6,-4,-72
1755869876.2679446,-3,3,-86
1755869876.3039446,2,3,-82
1755869876.3409443,5,-2,-78
1755869876.3789446,-1,-4,-68
1755869876.417945,2,-2,-76
1755869876.4539447,0,-3,-71
1755869876.4919446,-1,-2,-72
1755869876.529945,-3,5,-68
1755869876.5689447,-5,1,-66
1755869876.6069446,5,6,-67
1755869876.6429446,1,5,-61
1755869876.6809447,-4,4,-69
1755869876.7189443,0,-9,-69
1755869876.7579446,4,-5,-61
1755869876.7939446,0,0,-70
1755869876.8309443,3,5,-80
1755869876.8689446,-1,1,-82
1755869876.907945,0,6,-65
1755869876.9439447,-4,6,-76
1755869876.9819446,4,2,-80
1755869877.0209446,-1,-1,-79
1755869877.0589447,0,0,-76
1755869877.0969446,3,3,-66
1755869877.1329446,1,0,-68
1755869877.1709447,-3,2,-68
1755869877.2089446,0,1,-74
1755869877.246945,-4,-1,-74
1755869877.282945,6,0,-68
1755869877.3209443,-2,5,-78
1755869877.358945,-6,8,-69
1755869877.3969443,-5,8,-73
1755869877.4329443,-6,2,-82
1755869877.4709446,7,4,-76
1755869877.5089445,1,-3,-80
1755869877.5479443,-6,-6,-72
1755869877.5839446,1,-2,-71
1755869877.6209445,-1,-1,-74
1755869877.6589446,-2,-1,-74
1755869877.6979446,-2,0,-74
1755869877.733945,1,1,-77
1755869877.7709446,-2,0,-72
1755869877.8089447,-1,-1,-71
1755869877.8479445,-2,-8,-67
1755869877.8839445,-4,0,-59
1755869877.9219446,0,-1,-67
1755869877.9599447,2,0,-71
1755869877.9979446,-4,-6,-76
1755869878.0339446,-1,-11,-75
1755869878.0719447,1,0,-71
1755869878.108945,-2,2,-60
1755869878.1479447,-1,1,-64
1755869878.1839447,-3,0,-71
1755869878.2209446,-3,3,-61
1755869878.259945,1,3,-74
1755869878.2979443,3,-3,-84
1755869878.3339446,-3,-6,-78
1755869878.371945,-7,-6,-72
1755869878.4099443,-3,-3,-70
1755869878.4489446,-10,-4,-64
1755869878.4849446,-3,-2,-69
1755869878.5229447,-2,-4,-70
1755869878.5609446,-2,-4,-75
1755869878.5999446,0,-7,-63
1755869878.6379447,2,-5,-76
1755869878.6739447,-1,-2,-85
1755869878.7119446,-8,-6,-91
1755869878.7509446,0,-10,-77
1755869878.7889447,-3,-2,-81
1755869878.8249447,2,-1,-83
1755869878.861945,-3,0,-73
1755869878.9009447,2,2,-76
1755869878.9389446,-3,-6,-84
1755869878.9749446,1,-6,-84
1755869879.0129447,0,1,-69
1755869879.0499446,6,0,-73
1755869879.088945,1,2,-67
1755869879.1249447,-1,-2,-79
1755869879.1629446,8,-5,-85
1755869879.200945,-1,-5,-80
1755869879.2399447,0,1,-65
1755869879.2759447,0,-1,-72
1755869879.312945,3,3,-73
1755869879.3499446,1,3,-79
1755869879.3859446,3,2,-80
1755869879.4229443,-1,-3,-75
1755869879.460945,-8,1,-66
1755869879.4999447,-6,-1,-66
1755869879.5359447,-1,-1,-65
1755869879.5739446,1,2,-75
1755869879.6109445,5,5,-60
1755869879.6489446,1,4,-78
1755869879.6849446,4,-2,-69
1755869879.7219446,0,-6,-63
1755869879.759945,5,0,-64
1755869879.7959447,1,-2,-69
1755869879.8329446,-6,0,-69
1755869879.8709445,1,0,-61
1755869879.9099443,-2,0,-66
1755869879.9459443,-3,-8,-78
1755869879.9849446,-5,-5,-95
1755869880.0219443,-1,1,-82
1755869880.0609446,3,0,-74
1755869880.098945,2,-3,-75
1755869880.134945,2,-5,-71
1755869880.1719446,1,-1,-70
1755869880.210945,3,4,-75
1755869880.2489443,2,-1,-68
1755869880.2849443,-5,0,-70
1755869880.3219447,-3,-2,-73
1755869880.3609445,4,-5,-72
1755869880.3989446,5,-3,-71
1755869880.4349446,2,0,-76
1755869880.4719446,0,0,-82
1755869880.509945,0,-2,-76
1755869880.5459447,8,-13,-78
1755869880.5829446,7,-2,-71
1755869880.6289446,-4,-3,-72
1755869880.6649446,-2,0,-65
1755869880.7029445,0,2,-76
1755869880.7409446,-3,-1,-68
1755869880.7789447,-12,3,-69
1755869880.8149445,-3,-3,-63
1755869880.8529446,1,0,-73
1755869880.8909447,5,-7,-69
1755869880.9289446,-2,-4,-63
1755869880.9649446,-6,-3,-65
1755869881.0029447,-4,-2,-72
1755869881.0409446,1,-3,-75
1755869881.0799446,8,-4,-75
1755869881.1159446,0,-3,-84
1755869881.1539447,0,0,-88
1755869881.1919446,-1,-7,-77
1755869881.2309446,0,2,-72
1755869881.2669446,-4,0,-62
1755869881.3039446,-3,-1,-79
1755869881.3419447,-3,3,-78
1755869881.3809447,-6,-1,-77
1755869881.4169445,1,2,-73
1755869881.4539447,5,5,-70
1755869881.4919446,2,-1,-76
1755869881.529945,1,-3,-74
1755869881.565945,0,-2,-66
1755869881.6039443,6,-5,-87
1755869881.6419446,0,0,-63
1755869881.6809447,3,0,-72
1755869881.7169447,-3,-4,-72
1755869881.7549446,0,-5,-75
1755869881.792945,3,0,-79
1755869881.8309443,-4,-2,-74
1755869881.8669446,-2,-2,-85
1755869881.904945,0,3,-74
1755869881.9429443,0,-4,-80
1755869881.9819446,1,-7,-80
1755869882.019945,0,0,-71
1755869882.0559447,-1,-1,-73
1755869882.0939443,-7,0,-68
1755869882.131945,-8,2,-71
1755869882.1709447,1,2,-65
1755869882.2069447,5,2,-67
1755869882.2439446,0,7,-78
1755869882.2819445,-1,4,-77
1755869882.3199446,-13,6,-74
1755869882.3559446,-4,6,-68
1755869882.3929446,-4,0,-74
1755869882.4319446,-12,4,-79
1755869882.4699447,-14,-2,-72
1755869882.5059447,0,0,-69
1755869882.542945,-1,3,-74
1755869882.5819447,10,-1,-74
1755869882.6199446,4,5,-71
1755869882.6559446,3,2,-66
1755869882.6929443,0,2,-82
1755869882.7319446,2,1,-74
1755869882.769945,3,5,-72
1755869882.8059447,-1,3,-73
1755869882.8439443,0,6,-73
1755869882.881945,1,1,-74
1755869882.917945,5,-1,-83
1755869882.9559443,4,1,-73
1755869882.9939446,-4,-2,-81
1755869883.0319445,-3,0,-88
1755869883.0679443,0,3,-83
1755869883.1059446,-10,0,-83
1755869883.1439445,-6,0,-77
1755869883.1819446,-3,-3,-61
1755869883.2209446,2,-1,-69
1755869883.256945,1,-2,-72
1755869883.2949443,0,2,-65
1755869883.3319447,0,4,-69
1755869883.3679447,-1,-6,-68
1755869883.4059446,-7,-4,-78
1755869883.4439447,0,2,-72
1755869883.4819446,1,5,-76
1755869883.5179446,-3,4,-71
1755869883.5559447,4,-2,-75
1755869883.5939443,6,-2,-85
1755869883.6329446,-4,-4,-74
1755869883.6709447,0,-5,-74
1755869883.7069447,-4,0,-78
1755869883.7439446,-9,0,-75
1755869883.782945,-6,-1,-78
1755869883.8209443,1,-4,-69
1755869883.8569446,8,0,-81
1755869883.8939445,3,0,-71
1755869883.9319446,1,0,-60
1755869883.9679446,-1,2,-68
1755869884.0049446,-7,-1,-71
1755869884.042945,-3,1,-79
1755869884.0819447,-8,-1,-84
1755869884.1179447,0,-1,-75
1755869884.154945,5,-3,-72
1755869884.1939447,0,-5,-87
1755869884.2319446,1,-3,-75
1755869884.2679446,-1,0,-70
1755869884.3049445,-2,1,-87
1755869884.3439443,2,6,-77
1755869884.381945,3,8,-75
1755869884.417945,-1,5,-77
1755869884.4549446,7,-6,-80
1755869884.4939446,5,-5,-72
1755869884.5319445,0,2,-72
1755869884.5679443,1,3,-83
1755869884.6049447,-2,2,-74
1755869884.6439445,-6,4,-66
1755869884.6819446,2,6,-69
1755869884.7179446,6,0,-81
1755869884.7549446,-4,-1,-87
1755869884.792945,0,0,-78
1755869884.8319447,-8,-4,-61
1755869884.8679447,2,-1,-67
1755869884.9059446,6,-2,-71
1755869884.9449446,0,-8,-73
1755869884.9829447,-2,-6,-72
1755869885.0189445,-2,-7,-75
1755869885.0569446,1,1,-81
1755869885.0949447,7,5,-81
1755869885.1329446,-3,0,-85
1755869885.1689446,-11,-1,-82
1755869885.2069447,-3,1,-74
1755869885.2449446,0,-4,-79
1755869885.282945,1,-6,-78
1755869885.3219447,-1,-5,-80
1755869885.3579447,0,0,-69
1755869885.394945,0,0,-73
1755869885.4339447,4,5,-69
1755869885.4719446,-1,-6,-74
1755869885.5079446,-4,-5,-76
1755869885.5459447,-3,-1,-76
1755869885.5839446,-2,-5,-80
1755869885.6229446,-1,0,-66
1755869885.6589446,-4,-3,-59
1755869885.6979446,2,-2,-70
1755869885.7349446,0,0,-61
1755869885.7729447,-1,4,-62
1755869885.8089447,-5,4,-71
1755869885.8459446,0,0,-76
1755869885.8839445,5,4,-77
1755869885.9219446,1,-3,-73
1755869885.9579446,0,0,-74
1755869885.9949446,0,1,-76
1755869886.032945,-9,2,-79
1755869886.0689447,-6,0,-82
1755869886.1069446,4,-1,-77
1755869886.144945,0,1,-71
1755869886.1829443,3,3,-63
1755869886.2189443,1,0,-74
1755869886.256945,-3,-3,-78
1755869886.2939446,0,-2,-73
1755869886.3329446,0,-5,-77
1755869886.3689446,-3,-8,-67
1755869886.4069445,0,-4,-79
1755869886.4449446,-1,-3,-80
1755869886.483945,-1,0,-68
1755869886.519945,-2,2,-74
1755869886.5569446,-1,8,-69
1755869886.5949447,4,-4,-57
1755869886.6339445,4,0,-72
1755869886.6699443,3,3,-68
1755869886.7069447,-2,-6,-72
1755869886.7449446,0,1,-75
1755869886.782945,-2,0,-80
1755869886.8199446,0,-5,-73
1755869886.8569446,-4,-4,-79
1755869886.894945,-2,-3,-86
1755869886.9339447,-2,-1,-73
1755869886.9699447,4,4,-71
1755869887.006945,6,2,-82
1755869887.0449443,0,1,-73
1755869887.0829446,-1,3,-80
1755869887.1189446,-2,0,-66
1755869887.1569445,0,5,-59
1755869887.1949446,-1,4,-66
1755869887.2329447,1,-1,-62
1755869887.2689445,-1,6,-68
1755869887.3069446,2,-2,-73
1755869887.3449447,2,0,-69
1755869887.3829446,-3,-2,-73
1755869887.4189446,1,-1,-69
1755869887.4559443,-2,-1,-65
1755869887.4949446,1,10,-71
1755869887.532945,2,3,-70
1755869887.5689447,-2,-5,-70
1755869887.6069446,-2,-3,-71
1755869887.644945,-4,-5,-60
1755869887.6839447,-4,-1,-74
1755869887.7199447,-2,-5,-70
1755869887.7579446,-2,-4,-70
1755869887.7959447,-1,-7,-78
1755869887.8349447,-1,-1,-69
1755869887.8729446,-6,2,-81
1755869887.9089446,0,2,-70
1755869887.9469447,0,0,-68
1755869887.9849446,2,-6,-74
1755869888.0229447,3,0,-66
1755869888.0589447,5,3,-63
1755869888.0969446,-2,3,-68
1755869888.134945,-2,1,-70
1755869888.1739447,-4,-2,-77
1755869888.2099447,0,-3,-70
1755869888.246945,10,-1,-71
1755869888.2849443,-1,-4,-77
1755869888.3239446,-4,0,-65
1755869888.3599446,0,-2,-74
1755869888.3969443,-1,0,-65
1755869888.4359446,9,0,-61
1755869888.473945,7,0,-71
1755869888.509945,6,1,-71
1755869888.5469446,-6,-1,-62
1755869888.585945,-5,-2,-74
1755869888.6239443,-2,8,-74
1755869888.6599443,5,7,-74
1755869888.6969447,-3,0,-78
1755869888.7359445,-3,4,-74
1755869888.7739446,-8,-2,-62
1755869888.8099446,-2,0,-77
1755869888.8469446,1,0,-75
1755869888.884945,-6,1,-76
1755869888.9239447,-3,3,-68
1755869888.9599447,-6,-5,-66
1755869888.9979446,-1,-2,-68
1755869889.0359447,-10,4,-69
1755869889.0749447,-4,3,-78
1755869889.1109445,-7,0,-88
1755869889.1489446,-10,-4,-80
1755869889.1869447,-3,-1,-72
1755869889.2259445,-2,-6,-64
1755869889.2639446,-5,-1,-65
1755869889.2999446,-6,3,-66
1755869889.3369446,-2,1,-76
1755869889.3759446,7,-4,-73
1755869889.4139447,12,-6,-73
1755869889.4499447,5,-1,-69
1755869889.486945,8,4,-70
1755869889.5259447,-8,3,-78
1755869889.5639446,-1,6,-68
1755869889.5999446,3,0,-74
1755869889.6379447,12,2,-77
1755869889.6759446,-3,-2,-74
1755869889.713945,2,5,-71
1755869889.7499447,4,1,-65
1755869889.7879446,-4,4,-71
1755869889.825945,-9,3,-79
1755869889.8639443,2,10,-73
1755869889.8999443,-3,5,-73
1755869889.937945,-3,0,-64
1755869889.9759445,-1,3,-67
1755869890.0139446,-1,1,-74
1755869890.0499446,-2,7,-71
1755869890.0879445,0,0,-78
1755869890.1259446,5,-6,-72
1755869890.1619446,5,-5,-66
1755869890.1989446,-3,-5,-69
1755869890.2379446,3,-3,-76
1755869890.2759447,0,-6,-74
1755869890.3119447,0,-1,-70
1755869890.348945,3,-5,-74
1755869890.3879447,5,-9,-70
1755869890.4259446,4,-5,-78
1755869890.4619446,0,-3,-74
1755869890.4989443,1,-3,-68
1755869890.5369446,0,-6,-76
1755869890.575945,-1,0,-82
1755869890.611945,0,3,-71
1755869890.657945,-1,-3,-81
1755869890.6959443,0,1,-75
1755869890.7319446,-5,0,-79
1755869890.769945,4,-1,-75
1755869890.8069446,4,-2,-82
1755869890.8459446,0,-5,-72
1755869890.881945,1,1,-73
1755869890.9189446,0,-1,-86
1755869890.9569447,-4,-3,-65
1755869890.9959445,1,-4,-65
1755869891.0319445,2,-1,-80
1755869891.0689447,11,-6,-73
1755869891.1069446,2,-2,-69
1755869891.1459446,2,-2,-66
1755869891.1819446,-9,-4,-63
1755869891.2199447,-1,0,-65
1755869891.2589445,-1,2,-75
1755869891.2969446,1,-1,-72
1755869891.3349447,1,8,-83
1755869891.3709445,0,-4,-74
1755869891.4089446,-6,0,-71
1755869891.4469447,-4,-2,-78
1755869891.4859445,0,0,-80
1755869891.5219443,0,-1,-69
1755869891.5589447,-6,0,-60
1755869891.5969446,2,3,-74
1755869891.634945,0,2,-70
1755869891.6719446,-6,-1,-75
1755869891.7089446,-9,-4,-78
1755869891.746945,0,-6,-75
1755869891.7859447,0,4,-70
1755869891.8219447,5,4,-68
1755869891.858945,-3,0,-84
1755869891.8969443,2,6,-73
1755869891.9329443,7,4,-74
1755869891.9699447,-3,-3,-68
1755869892.0079446,0,-2,-78
1755869892.0469446,1,1,-71
1755869892.0829446,-1,-4,-77
1755869892.1209445,5,-2,-72
1755869892.1589446,-2,-4,-77
1755869892.1969447,-2,-6,-73
1755869892.2359445,5,-4,-66
1755869892.2719443,7,0,-61
1755869892.3089447,1,-4,-59
1755869892.3469446,1,9,-63
1755869892.3829446,-6,10,-78
1755869892.4199443,-7,2,-71
1755869892.4589446,-12,0,-72
1755869892.496945,0,4,-69
1755869892.532945,1,4,-66
1755869892.5699446,0,4,-87
1755869892.6079447,2,-2,-77
1755869892.6469443,0,2,-64
1755869892.6829443,-3,1,-62
1755869892.7209446,-6,6,-61
1755869892.7579446,5,4,-74
1755869892.7969446,-7,4,-86
1755869892.8329446,-5,2,-78
1755869892.8699446,0,2,-58
1755869892.907945,4,1,-61
1755869892.9459443,-4,1,-74
1755869892.9819446,0,3,-78
1755869893.0189445,3,-2,-71
1755869893.0579443,3,0,-61
1755869893.0959446,-3,0,-65
1755869893.131945,-5,2,-60
1755869893.1699443,-11,-4,-63
1755869893.2079446,-4,2,-64
1755869893.246945,1,0,-69
1755869893.282945,-6,2,-72
1755869893.3209443,2,0,-83
1755869893.3579447,-2,1,-71
1755869893.3969443,-4,-7,-75
1755869893.4329443,-4,-1,-75
1755869893.4709446,-3,-4,-75
1755869893.509945,1,0,-81
1755869893.5479443,-2,0,-80
1755869893.5839446,2,0,-79
1755869893.6209445,-2,1,-83
1755869893.6599443,-3,0,-74
1755869893.6979446,-3,2,-71
1755869893.733945,-2,6,-74
1755869893.7709446,-2,2,-82
1755869893.8089447,7,3,-79
1755869893.8479445,-1,-2,-71
1755869893.8839445,-5,0,-73
1755869893.9209447,0,9,-91
1755869893.9579446,2,2,-78
1755869893.996945,-1,-4,-69
1755869894.032945,-1,-5,-63
1755869894.0709443,8,-2,-72
1755869894.1099446,4,5,-79
1755869894.1479447,0,0,-70
1755869894.1839447,-7,-7,-74
1755869894.2219446,0,0,-79
1755869894.259945,6,-5,-81
1755869894.2979443,-3,-3,-73
1755869894.3369446,0,2,-85
1755869894.3729446,-1,3,-75
1755869894.4109447,2,-1,-71
1755869894.4489446,4,-1,-75
1755869894.4879446,6,-6,-62
1755869894.5239446,-1,0,-70
1755869894.5609446,-6,3,-71
1755869894.598945,-4,1,-75
1755869894.6379447,-5,0,-77
1755869894.6739447,-4,0,-78
1755869894.710945,-5,1,-77
1755869894.7489443,-2,-1,-78
1755869894.7879446,-1,0,-73
1755869894.8239446,2,0,-76
1755869894.8609445,3,2,-75
1755869894.8989446,1,0,-71
1755869894.9369447,-4,0,-72
1755869894.9729445,-6,2,-82
1755869895.009945,-1,2,-68
1755869895.0489447,-3,7,-75
1755869895.0869446,-2,3,-75
1755869895.1229446,-7,0,-71
1755869895.1599443,-3,-1,-76
1755869895.1989446,-6,-5,-74
1755869895.236945,4,-4,-78
1755869895.2729447,1,-3,-71
1755869895.3109446,-5,-3,-69
1755869895.348945,2,0,-79
1755869895.384945,0,2,-65
1755869895.4219446,-3,-3,-69
1755869895.4599447,-2,0,-75
1755869895.4989443,-4,4,-69
1755869895.5349443,-4,4,-64
1755869895.5719447,3,4,-62
1755869895.608945,7,8,-71
1755869895.6479447,11,0,-63
1755869895.6839447,4,3,-80
1755869895.7209446,-1,-5,-80
1755869895.7589445,0,-7,-71
1755869895.7979443,2,-9,-72
1755869895.8339446,1,0,-71
1755869895.8709445,-1,-4,-82
1755869895.9089446,-9,1,-72
1755869895.9479446,-3,-3,-80
1755869895.983945,-5,3,-61
1755869896.0219443,-3,-5,-74
1755869896.0609446,-1,3,-78
1755869896.098945,0,6,-70
1755869896.134945,3,1,-71
1755869896.1719446,0,1,-74
1755869896.2099447,1,0,-73
1755869896.2479446,2,-1,-70
1755869896.2839446,4,6,-64
1755869896.3209443,-4,1,-68
1755869896.3599446,5,0,-61
1755869896.3979447,0,-3,-66
1755869896.4339447,0,2,-63
1755869896.4709446,2,5,-71
1755869896.5089445,0,2,-67
1755869896.5449443,1,-1,-69
1755869896.5819447,2,-2,-78
1755869896.6199446,1,0,-85
1755869896.6589446,2,0,-80
1755869896.6949446,-8,0,-86
1755869896.7319446,3,-6,-73
1755869896.769945,-1,0,-77
1755869896.8089447,-4,2,-78
1755869896.8449447,-12,-3,-76
1755869896.8829446,-3,2,-72
1755869896.9209447,-3,2,-69
1755869896.9599447,-6,0,-80
1755869896.9979446,0,0,-81
1755869897.0339446,-3,-1,-67
1755869897.0719447,-3,0,-64
1755869897.1099446,-2,1,-67
1755869897.1489446,5,-2,-75
1755869897.1849446,-5,-1,-71
1755869897.2229445,0,1,-80
1755869897.259945,-1,0,-80
1755869897.2989447,2,-3,-77
1755869897.3349447,3,4,-74
1755869897.371945,0,8,-70
1755869897.4099443,-4,15,-71
1755869897.4489446,-4,6,-72
1755869897.4849446,-3,2,-78
1755869897.5219443,0,0,-76
1755869897.5599446,-2,1,-75
1755869897.598945,0,4,-77
1755869897.634945,-3,3,-75
1755869897.6719446,0,3,-70
1755869897.7099447,-2,2,-70
1755869897.7489443,0,5,-80
1755869897.7849443,3,7,-85
1755869897.8219447,6,-1,-67
1755869897.8599446,-1,-4,-66
1755869897.8989446,-2,-5,-73
1755869897.9349446,0,2,-80
1755869897.9719446,-1,1,-79
1755869898.0109446,-1,-6,-75
1755869898.0489447,2,0,-75
1755869898.0849447,3,0,-72
1755869898.121945,1,0,-69
1755869898.1609447,2,0,-70
1755869898.1989446,-3,-1,-81
1755869898.2349446,-3,-5,-82
1755869898.2729447,-2,-1,-81
1755869898.3109446,-7,-1,-78
1755869898.3499446,-2,7,-72
1755869898.3859446,6,3,-66
1755869898.4229443,3,-3,-69
1755869898.4619446,0,-1,-73
1755869898.4999447,-2,9,-72
1755869898.5359447,-7,3,-67
1755869898.5729446,-1,-1,-86
1755869898.611945,-4,0,-75
1755869898.6499443,1,1,-69
1755869898.6859446,0,3,-62
1755869898.7229445,-6,0,-63
1755869898.7619443,-2,0,-66
1755869898.7999446,0,0,-70
1755869898.835945,-2,1,-65
1755869898.8729446,0,-5,-81
1755869898.9119446,6,-5,-65
1755869898.9499447,0,-1,-61
1755869898.9859445,-3,-6,-59
1755869899.0249443,1,-6,-78
1755869899.0619447,-1,-7,-69
1755869899.1009445,8,-5,-72
1755869899.1369443,3,-2,-59
1755869899.1749446,0,1,-64
1755869899.2119446,-3,7,-71
1755869899.2509446,3,3,-74
1755869899.2899446,5,2,-70
1755869899.325945,4,3,-72
1755869899.3629446,8,-1,-83
1755869899.4009447,5,3,-78
1755869899.4369447,1,0,-82
1755869899.473945,0,4,-65
1755869899.5109446,-1,0,-65
1755869899.5499446,-3,4,-69
1755869899.585945,-8,3,-77
1755869899.6229446,-1,0,-74
1755869899.6609447,-4,-4,-78
1755869899.6999447,-1,0,-64
1755869899.7359445,3,0,-75
1755869899.7729447,12,2,-69
1755869899.8119447,4,-7,-72
1755869899.8499446,2,2,-71
1755869899.8859446,7,-2,-77
1755869899.9229443,0,0,-66
1755869899.9619446,-4,1,-59
1755869899.9999447,5,-3,-64
1755869900.0359447,0,-5,-69
1755869900.0729446,-1,-1,-78
1755869900.111945,1,3,-76
1755869900.1499443,0,-4,-79
1755869900.1859446,-1,-2,-80
1755869900.223945,-1,0,-77
1755869900.2629447,-6,9,-69
1755869900.3009446,1,5,-75
1755869900.3369446,4,2,-71
1755869900.3739443,4,-2,-76
1755869900.4119446,2,0,-77
1755869900.450945,0,-5,-62
1755869900.486945,3,0,-69
1755869900.5239446,9,4,-58
1755869900.5619447,2,2,-70
1755869900.5999446,-5,0,-67
1755869900.6359446,-4,3,-71
1755869900.6819446,1,0,-70
1755869900.7179446,-2,5,-72
1755869900.7549446,1,2,-74
1755869900.792945,-3,-5,-79
1755869900.8319447,0,-6,-84
1755869900.8679447,0,0,-78
1755869900.904945,-2,-2,-81
1755869900.9429443,-9,1,-65
1755869900.9819446,-2,5,-83
1755869901.0179446,-1,3,-85
1755869901.0549445,-8,6,-78
1755869901.0929446,-4,2,-57
1755869901.131945,2,-6,-68
1755869901.167945,9,3,-78
1755869901.2049446,0,10,-77
1755869901.2429447,-5,-2,-73
1755869901.2819445,-3,-4,-77
1755869901.3179443,-3,1,-68
1755869901.3549447,-6,-1,-60
1755869901.3929446,1,-3,-64
1755869901.4319446,-1,-4,-69
1755869901.4679446,-5,-4,-74
1755869901.5059447,-10,-3,-71
1755869901.5439446,1,-2,-72
1755869901.5829446,14,0,-71
1755869901.6209445,4,5,-63
1755869901.6569445,2,0,-74
1755869901.6949446,3,1,-69
1755869901.7329447,4,0,-75
1755869901.7709446,-3,-2,-64
1755869901.8069446,-8,-3,-60
1755869901.8449447,-8,-4,-78
1755869901.8829446,-4,0,-81
1755869901.9219446,5,-1,-80
1755869901.9579446,0,-4,-77
1755869901.9949446,3,-1,-67
1755869902.032945,-5,-2,-70
1755869902.0719447,-11,0,-76
1755869902.1079447,-9,4,-70
1755869902.1459446,2,-1,-66
1755869902.1839447,0,2,-61
1755869902.2229445,6,0,-75
1755869902.2609446,-3,4,-69
1755869902.2969446,0,6,-64
1755869902.3339446,1,2,-69
1755869902.3729446,4,0,-68
1755869902.4109447,2,0,-70
1755869902.4469447,7,0,-81
1755869902.483945,0,-7,-74
1755869902.5229447,-1,-1,-77
1755869902.5589447,0,7,-75
1755869902.5969446,6,-3,-73
1755869902.634945,8,-3,-73
1755869902.6729443,-1,1,-73
1755869902.7089446,1,-3,-65
1755869902.746945,-5,1,-57
1755869902.7849443,-2,-1,-63
1755869902.8229446,3,3,-67
1755869902.858945,4,0,-65
1755869902.8969443,5,-4,-73
1755869902.9349446,2,1,-74
1755869902.9729445,-1,5,-74
1755869903.0089445,-3,2,-70
1755869903.0469446,-8,4,-70
1755869903.0849447,-10,0,-71
1755869903.1229446,-1,5,-79
1755869903.1589446,-2,0,-76
1755869903.1959443,-9,-4,-71
1755869903.2349446,-7,1,-72
1755869903.2729447,-6,0,-62
1755869903.3089447,0,0,-62
1755869903.3459446,2,1,-71
1755869903.3839445,4,-4,-70
1755869903.4219446,0,-1,-69
1755869903.4579446,1,-1,-59
1755869903.4959445,1,-8,-70
1755869903.5339446,-9,-3,-68
1755869903.5729446,-10,-4,-66
1755869903.608945,0,-4,-74
1755869903.6469443,-3,2,-79
1755869903.6849446,-6,-2,-83
1755869903.723945,-6,-4,-82
1755869903.7619443,5,-2,-75
1755869903.7979443,-7,-3,-69
1755869903.835945,0,0,-71
1755869903.8739443,3,2,-67
1755869903.9119446,3,5,-77
1755869903.9479446,-3,-1,-74
1755869903.9859445,-3,0,-72
1755869904.0239446,3,-1,-65
1755869904.062945,2,-1,-61
1755869904.098945,7,-2,-56
1755869904.1369443,-2,-5,-68
1755869904.1759446,9,2,-75
1755869904.213945,2,-5,-94
1755869904.2519443,-3,-2,-90
1755869904.2879446,-2,-3,-86
1755869904.325945,-1,-3,-74
1755869904.3639443,-4,1,-72
1755869904.4029446,0,1,-76
1755869904.4389446,2,-7,-78
1755869904.4759445,-5,-2,-75
1755869904.5139446,0,6,-81
1755869904.5499446,2,0,-77
1755869904.5869446,5,-5,-75
1755869904.6249447,8,-1,-59
1755869904.6639447,5,1,-68
1755869904.6999447,2,1,-66
1755869904.736945,0,3,-67
1755869904.7739446,-4,0,-64
1755869904.812945,-6,3,-76
1755869904.848945,-7,0,-65
1755869904.8869443,-2,-2,-75
1755869904.9249446,-6,-2,-76
1755869904.963945,0,1,-79
1755869904.9999447,4,3,-76
1755869905.0379446,1,4,-77
1755869905.075945,-2,1,-71
1755869905.1149447,2,2,-81
1755869905.1529446,3,4,-69
1755869905.1889446,1,2,-72
1755869905.2259445,-2,-7,-79
1755869905.2649446,-7,-4,-67
1755869905.302945,3,-3,-69
1755869905.338945,4,7,-63
1755869905.3759446,0,-4,-66
1755869905.4149446,-4,-3,-66
1755869905.4529445,1,6,-58
1755869905.4889443,-3,0,-65
1755869905.5259447,1,-10,-71
1755869905.5649445,2,-3,-72
1755869905.6029446,1,-3,-86
1755869905.6389446,2,-6,-82
1755869905.6759446,-4,-5,-66
1755869905.7149446,3,-3,-68
1755869905.7529447,3,1,-72
1755869905.7889447,13,-4,-73
1755869905.825945,9,-4,-80
1755869905.8649447,1,-5,-66
1755869905.9029446,1,0,-55
1755869905.9389446,0,7,-56
1755869905.9759445,0,0,-59
1755869906.0149446,0,-2,-60
1755869906.052945,-5,1,-65
1755869906.088945,-3,4,-69
1755869906.1259446,0,1,-74
1755869906.1649446,0,1,-81
1755869906.200945,4,0,-79
1755869906.2379446,8,-2,-71
1755869906.2759447,4,-2,-75
1755869906.3149445,0,0,-78
1755869906.3509445,2,0,-70
1755869906.3879447,5,3,-63
1755869906.4249446,2,-1,-69
1755869906.463945,1,-3,-71
1755869906.4999447,0,2,-72
1755869906.5369446,7,1,-67
1755869906.5749447,0,0,-79
1755869906.6139443,0,-3,-73
1755869906.6499443,4,-3,-72
1755869906.687945,8,-7,-69
1755869906.7259445,4,0,-67
1755869906.7649446,3,-3,-73
1755869906.8009446,5,-6,-69
1755869906.838945,8,0,-79
1755869906.8759446,2,-2,-69
1755869906.9149446,10,-2,-75
1755869906.950945,6,0,-82
1755869906.9879446,3,0,-61
1755869907.0259447,-5,2,-63
1755869907.0639446,3,0,-76
1755869907.0999446,1,3,-76
1755869907.1369443,2,-2,-61
1755869907.1759446,-1,-4,-57
1755869907.213945,0,0,-77
1755869907.2499447,0,0,-73
1755869907.2869446,9,-6,-74
1755869907.325945,0,1,-77
1755869907.3639443,-1,1,-61
1755869907.3999443,-2,6,-65
1755869907.4369447,-3,0,-76
1755869907.4759445,-5,4,-75
1755869907.5139446,0,0,-66
1755869907.5499446,2,0,-76
1755869907.5869446,-3,1,-65
1755869907.6259446,-3,-1,-77
1755869907.6639447,-8,-4,-81
1755869907.6999447,-2,-4,-69
1755869907.7379446,1,-1,-72
1755869907.7759447,1,-2,-66
1755869907.8149445,0,-5,-66
1755869907.8509445,-10,0,-70
1755869907.8889446,0,-2,-64
1755869907.9269447,-1,7,-66
1755869907.9659443,4,1,-65
1755869908.0019443,6,4,-62
1755869908.0389447,0,-3,-58
1755869908.0769446,3,0,-71
1755869908.1149447,1,1,-64
1755869908.1509447,3,1,-64
1755869908.1889446,-2,0,-78
1755869908.2279446,11,-5,-73
1755869908.2659447,2,-4,-76
1755869908.3019447,-3,2,-72
1755869908.3399446,-5,0,-66
1755869908.3779447,-7,1,-67
1755869908.4159446,-5,0,-71
1755869908.4549446,-2,-2,-75
1755869908.4909446,1,3,-62
1755869908.5279446,1,-1,-68
1755869908.565945,4,-1,-66
1755869908.6049447,-3,-7,-64
1755869908.6409447,-1,1,-73
1755869908.677945,-12,4,-75
1755869908.7169447,-10,2,-68
1755869908.7549446,-2,2,-80
1755869908.7909446,0,1,-76
1755869908.8279445,2,-4,-78
1755869908.8669446,2,1,-80
1755869908.904945,0,-1,-71
1755869908.940945,0,-3,-71
1755869908.9779446,6,-1,-71
1755869909.0169446,1,5,-76
1755869909.0549445,-4,4,-76
1755869909.0909443,1,-2,-68
1755869909.1279447,-2,3,-73
1755869909.1669445,-3,-4,-80
1755869909.2049446,-4,-8,-77
1755869909.2409446,0,0,-71
1755869909.2779446,3,-4,-78
1755869909.3169446,1,2,-69
1755869909.3549447,-1,-6,-71
1755869909.3909447,3,-4,-74
1755869909.427945,-4,0,-73
1755869909.4669447,6,-4,-69
1755869909.5049446,0,-5,-70
1755869909.5409446,0,-3,-72
1755869909.5779445,6,-4,-71
1755869909.6169446,3,-7,-74
1755869909.654945,9,0,-67
1755869909.690945,3,-2,-68
1755869909.7279446,-3,-8,-75
1755869909.7669446,-6,-5,-78
1755869909.802945,4,-5,-75
1755869909.8409443,-2,-4,-53
1755869909.8779447,-2,-3,-63
1755869909.9169445,-8,-1,-78
1755869909.9529445,-8,3,-69
1755869909.9899447,-5,-2,-74
1755869910.0279446,2,-7,-72
1755869910.0669446,2,0,-81
1755869910.1029446,0,-2,-72
1755869910.1399446,6,-3,-76
1755869910.177945,-1,-7,-81
1755869910.2169447,0,-1,-78
1755869910.2529447,-1,3,-79
1755869910.2909446,-2,5,-71
1755869910.3289447,0,-1,-74
1755869910.3669446,-2,-2,-65
1755869910.4059446,-1,-4,-56
1755869910.4419446,-1,-5,-67
1755869910.4799447,3,-4,-70
1755869910.5179446,6,-1,-76
1755869910.5569446,-1,0,-84
1755869910.5929446,-5,-5,-72
1755869910.6309447,-3,-5,-70
1755869910.6689446,-1,-1,-72
1755869910.713945,-1,-3,-86
1755869910.7509446,-3,-3,-76
1755869910.7889447,-2,-1,-83
1755869910.8279445,-1,-5,-69
1755869910.8659446,0,-2,-75
1755869910.9019446,0,0,-67
1755869910.9389446,7,3,-71
1755869910.9769447,-2,0,-76
1755869911.0129447,3,0,-77
1755869911.0509446,-1,3,-71
1755869911.0879445,-7,-6,-74
1755869911.1269443,-6,-9,-60
1755869911.1639447,-6,-8,-69
1755869911.200945,-4,0,-79
1755869911.2389443,-1,-2,-82
1755869911.2779446,-2,-1,-78
1755869911.315945,0,0,-79
1755869911.3519447,2,0,-76
1755869911.3889446,0,-1,-72
1755869911.427945,2,4,-78
1755869911.4659443,-3,-5,-78
1755869911.5019443,1,-8,-76
1755869911.5389447,-4,-4,-66
1755869911.5779445,-1,0,-72
1755869911.6139443,2,-6,-67
1755869911.6509447,5,-2,-62
1755869911.6889446,-4,-4,-73
1755869911.7279446,-2,-1,-71
1755869911.7639446,-6,-1,-73
1755869911.8019447,0,1,-73
1755869911.838945,1,8,-83
1755869911.8769443,3,3,-74
1755869911.9129446,-1,-2,-71
1755869911.950945,0,0,-67
1755869911.9879446,2,2,-77
1755869912.0269446,-1,11,-80
1755869912.062945,-1,5,-75
1755869912.0999446,3,-2,-84
1755869912.1389446,7,0,-65
1755869912.1769447,4,-7,-83
1755869912.2129445,4,-3,-83
1755869912.2499447,0,-3,-72
1755869912.2889447,6,-7,-65
1755869912.3269446,0,-8,-62
1755869912.3629446,5,0,-61
1755869912.3999443,1,2,-76
1755869912.437945,4,-1,-81
1755869912.473945,-1,-2,-81
1755869912.5119443,-1,-2,-67
1755869912.5499446,-5,1,-63
1755869912.588945,3,1,-70
1755869912.6269443,-2,-1,-73
1755869912.6629446,-6,-2,-66
1755869912.7019446,0,-5,-78
1755869912.7389443,-1,-3,-75
1755869912.7779446,-2,-13,-76
1755869912.8149445,-7,-12,-72
1755869912.8519447,-8,-13,-76
1755869912.8899446,-3,-9,-70
1755869912.9289446,-8,1,-73
1755869912.9669447,-9,1,-75
1755869913.0029447,-8,-1,-79
1755869913.0409446,-7,2,-78
1755869913.0789447,-3,2,-69
1755869913.1179447,2,-4,-76
1755869913.154945,1,-7,-66
1755869913.1929443,-7,-3,-60
1755869913.2299447,-1,0,-71
1755869913.2689445,-7,5,-68
1755869913.3049445,-6,-4,-69
1755869913.3429446,-2,-4,-67
1755869913.381945,3,-2,-73
1755869913.4189446,0,-8,-68
1755869913.4579446,0,-8,-62
1755869913.4939446,6,1,-69
1755869913.5319445,9,-1,-82
1755869913.5689447,5,2,-62
1755869913.6049447,-1,1,-69
1755869913.6419446,1,0,-78
1755869913.6789446,1,-7,-79
1755869913.7179446,2,0,-76
1755869913.7539446,-2,2,-71
1755869913.7919445,-1,-7,-65
1755869913.8299446,0,0,-69
1755869913.8689446,-7,-5,-72
1755869913.904945,-3,-5,-74
1755869913.9429443,-8,0,-76
1755869913.9809446,-10,-9,-84
1755869914.0189445,-6,0,-76
1755869914.0579443,-4,-2,-71
1755869914.0939443,-5,-1,-66
1755869914.131945,-7,2,-78
1755869914.1699443,0,1,-74
1755869914.2079446,3,0,-73
1755869914.2439446,-1,1,-73
1755869914.2819445,1,-3,-77
1755869914.3199446,-1,-4,-70
1755869914.358945,-5,7,-67
1755869914.394945,1,6,-69
1755869914.4319446,-3,6,-74
1755869914.4699447,-1,1,-76
1755869914.5089445,-3,0,-79
1755869914.5449443,-3,-1,-67
1755869914.5829446,-1,0,-71
1755869914.6209445,4,-4,-72
1755869914.6599443,6,-3,-70
1755869914.6979446,3,-3,-78
1755869914.733945,0,-1,-84
1755869914.7719443,0,1,-73
1755869914.8099446,-2,2,-72
1755869914.8479445,0,-1,-70
1755869914.884945,0,-7,-69
1755869914.9219446,0,-2,-68
1755869914.9599447,7,-4,-76
1755869914.9989443,6,-4,-72
1755869915.0349443,0,1,-70
1755869915.0719447,-4,-5,-67
1755869915.1099446,-4,-4,-69
1755869915.1489446,-5,-6,-74
1755869915.1849446,-4,-7,-68
1755869915.2229445,-3,-3,-73
1755869915.2609446,-8,-3,-78
1755869915.2999446,-10,-2,-69
1755869915.335945,0,-2,-74
1755869915.3739443,7,-6,-69
1755869915.4109447,-3,0,-69
1755869915.4499447,-14,-2,-64
1755869915.4859445,-10,-2,-67
1755869915.5239446,-7,-3,-70
1755869915.5619447,-1,-2,-63
1755869915.5999446,-12,3,-66
1755869915.6389446,-4,-1,-73
1755869915.6749446,0,0,-75
1755869915.7119446,0,-3,-74
1755869915.7499447,-1,0,-78
1755869915.7889447,-4,-1,-76
1755869915.8249447,-1,1,-83
1755869915.861945,2,4,-69
1755869915.8999443,-2,1,-79
1755869915.9359446,4,1,-76
1755869915.9729445,2,-2,-64
1755869916.0109446,4,-3,-73
1755869916.0499446,-1,-4,-77
1755869916.085945,5,-7,-76
1755869916.1229446,4,-2,-77
1755869916.1609447,-1,6,-70
1755869916.1999447,0,9,-67
1755869916.2359445,3,3,-74
1755869916.2729447,4,4,-79
1755869916.3109446,3,5,-70
1755869916.348945,-2,-6,-88
1755869916.384945,1,-1,-89
1755869916.4229443,1,-2,-77
1755869916.460945,3,0,-67
1755869916.4989443,-3,1,-82
1755869916.5349443,-1,1,-78
1755869916.5729446,0,-3,-79
1755869916.6109445,-4,1,-78
1755869916.6499443,-5,1,-76
1755869916.6859446,3,0,-73
1755869916.7229445,-2,0,-74
1755869916.7619443,3,2,-64
1755869916.8009446,-1,1,-66
1755869916.838945,0,0,-77
1755869916.8749447,3,5,-79
1755869916.9119446,3,5,-78
1755869916.9499447,0,3,-75
1755869916.9859445,-2,8,-66
1755869917.0229447,1,8,-70
1755869917.0609446,2,-2,-74
1755869917.0969446,4,0,-76
1755869917.1339445,4,-9,-70
1755869917.1719446,3,-1,-64
1755869917.210945,-1,-2,-66
1755869917.246945,-1,3,-80
1755869917.2839446,-2,1,-72
1755869917.3219447,-1,1,-79
1755869917.3609445,0,2,-74
1755869917.3969443,0,2,-65
1755869917.4339447,7,-1,-72
1755869917.4719446,4,0,-76
1755869917.5109446,1,-4,-84
1755869917.5469446,-1,3,-77
1755869917.5839446,-2,0,-75
1755869917.621945,4,1,-70
1755869917.6609447,0,-4,-76
1755869917.6969447,-3,0,-76
1755869917.733945,-6,4,-79
1755869917.7719443,-9,1,-72
1755869917.8109446,-4,-2,-81
1755869917.8469446,-3,-3,-89
1755869917.884945,-1,-4,-88
1755869917.9229443,7,-2,-85
1755869917.9619446,3,1,-86
1755869917.9999447,-9,-2,-66
1755869918.0359447,-12,-4,-69
1755869918.0739446,-12,-3,-79
1755869918.111945,4,-6,-68
1755869918.1509447,-2,-2,-65
1755869918.1869447,-4,-5,-72
1755869918.2249446,-13,-6,-78
1755869918.2629447,-11,0,-83
1755869918.3019447,-11,-1,-82
1755869918.3399446,-1,-2,-80
1755869918.3759446,-4,-3,-79
1755869918.4139447,-6,-4,-70
1755869918.4519446,-5,-2,-76
1755869918.4909446,-1,0,-78
1755869918.5269446,-3,0,-72
1755869918.5649445,3,3,-70
1755869918.6029446,1,-2,-90
1755869918.6419446,5,-4,-89
1755869918.6799445,2,-2,-85
1755869918.7159443,3,6,-75
1755869918.7529447,4,0,-59
1755869918.7909446,0,1,-66
1755869918.8279445,0,0,-71
1755869918.8649447,2,2,-76
1755869918.9029446,-6,-4,-74
1755869918.9419446,-2,-4,-72
1755869918.9779446,2,-4,-72
1755869919.0149446,-1,-7,-71
1755869919.052945,-3,0,-71
1755869919.0919447,-1,1,-78
1755869919.1279447,-4,0,-62
1755869919.1649446,-3,1,-71
1755869919.2029445,0,1,-73
1755869919.2409446,0,-8,-56
1755869919.2769446,0,-9,-76
1755869919.3139446,-8,-1,-84
1755869919.3519447,-7,0,-86
1755869919.3909447,3,1,-76
1755869919.4269447,6,-4,-74
1755869919.463945,4,-8,-80
1755869919.5029447,2,1,-74
1755869919.5409446,4,0,-81
1755869919.5769446,4,0,-83
1755869919.6139443,0,1,-80
1755869919.6519446,0,4,-92
1755869919.687945,0,1,-79
1755869919.7249446,2,3,-77
1755869919.7629447,10,-6,-71
1755869919.8019447,3,0,-77
1755869919.8379445,6,1,-76
1755869919.8759446,-1,-1,-84
1755869919.9129446,5,0,-83
1755869919.950945,3,-5,-62
1755869919.986945,-7,-7,-55
1755869920.0249443,-8,0,-72
1755869920.062945,-2,-2,-79
1755869920.1019447,-5,-1,-84
1755869920.1379447,1,0,-80
1755869920.1749446,8,0,-73
1755869920.2129445,3,-2,-86
1755869920.2519443,0,-2,-77
1755869920.2879446,-5,0,-75
1755869920.325945,-2,0,-73
1755869920.3639443,0,1,-79
1755869920.4019446,1,-2,-74
1755869920.437945,0,5,-71
1755869920.4749446,-8,0,-76
1755869920.5129447,-13,3,-76
1755869920.5519447,-7,-6,-73
1755869920.5879445,-2,0,-71
1755869920.6259446,0,-2,-73
1755869920.6629446,0,-1,-76
1755869920.7019446,0,1,-73
1755869920.746945,-5,1,-68
1755869920.7849443,1,1,-59
1755869920.8229446,-3,1,-68
1755869920.858945,0,6,-77
1755869920.8969443,1,0,-79
1755869920.9349446,4,-2,-71
1755869920.9729445,5,1,-73
1755869921.0089445,5,-5,-70
1755869921.0459447,5,-3,-71
1755869921.0839446,2,-4,-78
1755869921.1229446,-1,0,-76
1755869921.1589446,2,-4,-70
1755869921.1969447,-1,4,-83
1755869921.233945,4,2,-70
1755869921.2729447,-1,8,-85
1755869921.3089447,0,6,-84
1755869921.3469446,2,2,-80
1755869921.3839445,0,0,-74
1755869921.4219446,2,0,-79
1755869921.4579446,4,3,-81
1755869921.4959445,4,0,-66
1755869921.5339446,0,1,-74
1755869921.5719447,-2,-4,-77
1755869921.6079447,-4,0,-74
1755869921.6459446,2,3,-76
1755869921.6839447,-6,0,-84
1755869921.7229445,0,2,-77
1755869921.7589445,4,0,-77
1755869921.7959447,-2,-3,-86
1755869921.8339446,-4,-3,-80
1755869921.8729446,0,1,-65
1755869921.9089446,0,0,-69
1755869921.9459443,0,3,-64
1755869921.983945,2,9,-80
1755869922.0219443,6,4,-68
1755869922.0579443,5,7,-81
1755869922.0959446,1,2,-83
1755869922.1339445,4,2,-78
1755869922.1719446,2,9,-82
1755869922.2079446,2,-2,-70
1755869922.2459445,0,4,-72
1755869922.2839446,2,-2,-77
1755869922.3199446,4,0,-72
1755869922.3569446,-2,5,-77
1755869922.394945,1,0,-72
1755869922.4329443,0,1,-80
1755869922.4689443,1,5,-80
1755869922.5059447,-6,-2,-51
1755869922.5439446,-1,-1,-61
1755869922.5829446,3,5,-79
1755869922.6189446,-3,3,-93
1755869922.6559446,-1,0,-81
1755869922.6939447,-9,2,-68
1755869922.7329447,-8,4,-80
1755869922.7689445,-6,-1,-84
1755869922.8069446,0,-4,-70
1755869922.8449447,-2,4,-70
1755869922.8839445,1,0,-74
1755869922.9199443,7,1,-69
1755869922.9569447,-1,-2,-64
1755869922.9949446,0,0,-68
1755869923.032945,0,0,-65
1755869923.0689447,0,0,-64
1755869923.1069446,0,-6,-66
1755869923.144945,2,-4,-74
1755869923.1839447,4,3,-74
1755869923.2199447,4,6,-74
1755869923.256945,-4,-2,-85
1755869923.2949443,-5,4,-70
1755869923.3339446,-2,-4,-71
1755869923.3699446,-8,-6,-68
1755869923.407945,-3,1,-77
1755869923.4459443,-3,5,-69
1755869923.4849446,-5,4,-73
1755869923.5229447,-6,4,-79
1755869923.5589447,-6,4,-69
1755869923.5979445,-5,-5,-58
1755869923.634945,-4,-1,-60
1755869923.6739447,-3,0,-65
1755869923.7099447,-5,-2,-71
1755869923.7479446,1,0,-76
1755869923.7849443,0,-3,-76
1755869923.8239446,-8,3,-78
1755869923.8599446,-5,4,-72
1755869923.8969443,-1,0,-58
1755869923.9349446,-4,-1,-74
1755869923.973945,-3,-2,-63
1755869924.009945,0,1,-73
1755869924.0469446,1,0,-72
1755869924.0849447,5,3,-79
1755869924.1209445,0,1,-76
1755869924.157945,-4,-2,-71
1755869924.1959443,0,2,-74
1755869924.233945,0,-6,-79
1755869924.269945,-6,-9,-78
1755869924.3079443,-7,-3,-77
1755869924.3459446,-3,-1,-76
1755869924.384945,-3,5,-61
1755869924.4209447,-3,7,-82
1755869924.4589446,0,5,-91
1755869924.496945,0,7,-78
1755869924.5349443,5,2,-73
1755869924.5709443,0,1,-70
1755869924.6079447,4,4,-65
1755869924.644945,-4,-1,-65
1755869924.6839447,-3,3,-76
1755869924.7199447,2,5,-69
1755869924.756945,3,0,-74
1755869924.7949443,-4,2,-57
1755869924.8309443,0,-5,-69
1755869924.8679447,-1,-5,-75
1755869924.9059446,0,4,-76
1755869924.9439447,-9,-5,-73
1755869924.9799447,-1,-7,-75
1755869925.0179446,-2,0,-78
1755869925.0559447,2,-3,-73
1755869925.0949447,-1,0,-67
1755869925.1309447,0,2,-71
1755869925.167945,1,5,-67
1755869925.2059443,-10,4,-76
1755869925.2449446,0,-1,-75
1755869925.2809446,-3,4,-75
1755869925.3179443,0,2,-67
1755869925.3559446,1,2,-65
1755869925.3939445,0,0,-69
1755869925.4299445,2,0,-62
1755869925.4679446,8,0,-78
1755869925.5059447,18,5,-71
1755869925.5449443,4,1,-85
1755869925.5809443,-3,-2,-72
1755869925.6189446,4,-5,-83
1755869925.6569445,3,-4,-75
1755869925.6959443,4,0,-71
1755869925.733945,1,-1,-80
1755869925.769945,-1,-4,-76
1755869925.8079443,-3,-4,-67
1755869925.8459446,1,-5,-71
1755869925.884945,-3,1,-80
1755869925.9209447,5,0,-78
1755869925.9579446,-3,0,-77
1755869925.9959445,0,-1,-74
1755869926.0349443,-5,-1,-80
1755869926.0709443,0,2,-81
1755869926.1079447,-4,0,-66
1755869926.1459446,-1,-1,-76
1755869926.1849446,1,6,-76
1755869926.2209446,-3,0,-67
1755869926.2589445,2,-4,-72
1755869926.2969446,2,0,-70
1755869926.3349447,-1,3,-72
1755869926.3709445,-3,0,-75
1755869926.407945,2,4,-73
1755869926.4459443,2,3,-77
1755869926.4819446,-3,2,-76
1755869926.5189445,0,1,-61
1755869926.5559447,-3,-8,-70
1755869926.5949447,2,-2,-76
1755869926.6309447,6,5,-71
1755869926.667945,1,-6,-69
1755869926.7069447,-5,-3,-64
1755869926.7449446,2,1,-65
1755869926.7809446,2,5,-65
1755869926.8179443,0,-5,-67
1755869926.8569446,-1,-6,-69
1755869926.894945,2,-9,-73
1755869926.9309447,5,-3,-82
1755869926.9679446,-3,-7,-77
1755869927.006945,7,-3,-72
1755869927.0449443,1,-2,-87
1755869927.0809443,4,-7,-81
1755869927.1179447,2,1,-71
1755869927.1569445,3,-3,-71
1755869927.1949446,-1,2,-66
1755869927.2309446,4,-9,-60
1755869927.2679446,-7,-2,-58
1755869927.3069446,-3,-2,-75
1755869927.3449447,3,-2,-74
1755869927.3809447,5,3,-62
1755869927.417945,-4,-2,-73
1755869927.4569447,-12,-2,-74
1755869927.4949446,1,-4,-62
1755869927.5309446,1,-3,-78
1755869927.5699446,1,0,-79
1755869927.6069446,4,-1,-82
1755869927.6459446,0,0,-88
1755869927.6819446,3,5,-80
1755869927.7189443,-1,6,-86
1755869927.756945,7,-1,-70
1755869927.7959447,1,3,-72
1755869927.8319447,-3,0,-75
1755869927.8689446,-5,3,-78
1755869927.9069445,-6,2,-69
1755869927.9459443,0,-1,-59
1755869927.9819446,-2,-4,-66
1755869928.019945,-5,3,-56
1755869928.0579443,-2,9,-65
1755869928.0969446,-1,1,-68
1755869928.1329446,-1,0,-78
1755869928.1699443,5,3,-75
1755869928.2079446,1,4,-73
1755869928.246945,0,4,-70
1755869928.282945,-1,3,-68
1755869928.3199446,-5,0,-69
1755869928.3579447,-7,0,-71
1755869928.3969443,-12,-1,-66
1755869928.4329443,-6,1,-75
1755869928.4699447,5,6,-76
1755869928.5079446,1,-1,-67
1755869928.5459447,-8,-2,-70
1755869928.5819447,-6,2,-83
1755869928.6189446,2,-8,-79
1755869928.657945,-5,0,-74
1755869928.6959443,-1,-1,-78
1755869928.7319446,2,-6,-74
1755869928.769945,3,0,-84
1755869928.8079443,0,-4,-77
1755869928.8469446,-2,0,-90
1755869928.8829446,1,-2,-80
1755869928.9199443,-1,4,-75
1755869928.9579446,-1,7,-73
1755869928.996945,-6,0,-66
1755869929.032945,0,0,-76
1755869929.0699446,-3,-2,-70
1755869929.108945,5,-2,-73
1755869929.1469443,3,1,-77
1755869929.1829443,2,7,-66
1755869929.2199447,1,3,-65
1755869929.2579446,-3,-3,-72
1755869929.2959447,-4,-2,-83
1755869929.3319447,-12,-2,-79
1755869929.3699446,-2,-5,-71
1755869929.407945,-2,-2,-80
1755869929.4469447,0,-4,-75
1755869929.4829447,2,-2,-71
1755869929.519945,5,-2,-61
1755869929.5579443,4,-6,-73
1755869929.5969446,1,-3,-78
1755869929.6329446,-1,1,-74
1755869929.6699443,6,-1,-72
1755869929.7089446,7,4,-81
1755869929.746945,0,2,-86
1755869929.782945,-1,0,-72
1755869929.8219447,-2,-3,-74
1755869929.858945,0,-7,-78
1755869929.8979447,-1,-5,-70
1755869929.9339447,4,-1,-75
1755869929.9709446,-1,-4,-86
1755869930.0089445,-2,3,-74
1755869930.0479443,7,-3,-74
1755869930.0839446,-2,-1,-78
1755869930.121945,-6,-3,-73
1755869930.1599443,0,-11,-67
1755869930.1989446,9,0,-55
1755869930.236945,13,-3,-71
1755869930.2729447,6,-5,-80
1755869930.3099446,1,-6,-68
1755869930.348945,1,-8,-79
1755869930.3869443,-6,-7,-76
1755869930.4229443,0,-2,-82
1755869930.4599447,2,2,-75
1755869930.4979446,-1,-2,-78
1755869930.5339446,-2,-3,-79
1755869930.5719447,-4,-2,-68
1755869930.6099446,13,1,-72
1755869930.6479447,9,2,-63
1755869930.6839447,5,-3,-68
1755869930.7209446,3,-5,-79
1755869930.7669446,1,-5,-71
1755869930.802945,-4,-6,-80
1755869930.8409443,1,-3,-76
1755869930.8789446,-2,1,-69
1755869930.917945,4,6,-74
1755869930.9539447,8,6,-80
1755869930.9909446,1,7,-73
1755869931.0289447,4,3,-61
1755869931.0679443,2,4,-61
1755869931.1039443,4,8,-58
1755869931.1409447,-1,-3,-52
1755869931.1789446,3,-4,-69
1755869931.2179446,1,2,-79
1755869931.2539446,-2,1,-76
1755869931.2919445,-1,-1,-72
1755869931.3309443,-3,-1,-72
1755869931.3689446,0,2,-68
1755869931.404945,0,6,-65
1755869931.4429443,8,5,-68
1755869931.4799447,-3,6,-83
1755869931.5189445,-6,1,-68
1755869931.5549445,0,0,-73
1755869931.5919447,0,1,-75
1755869931.6309447,0,-2,-69
1755869931.6689446,4,1,-75
1755869931.7049446,1,-3,-80
1755869931.7429447,0,1,-78
1755869931.7809446,1,5,-71
1755869931.8189447,2,-5,-65
1755869931.8549447,3,-3,-67
1755869931.8929446,-2,0,-75
1755869931.9309447,-7,3,-74
1755869931.9689443,2,7,-80
1755869932.0049446,4,4,-76
1755869932.0419445,2,2,-66
1755869932.0799446,8,-6,-63
1755869932.1179447,5,3,-63
1755869932.1539447,4,4,-63
1755869932.1919446,6,1,-69
1755869932.2299447,10,-1,-71
1755869932.2679446,10,-7,-77
1755869932.3039446,7,-10,-75
1755869932.3419447,8,0,-78
1755869932.3809447,7,-4,-70
1755869932.4189446,1,-5,-73
1755869932.4549446,-3,-6,-64
1755869932.4929447,1,-1,-77
1755869932.5309446,-8,-1,-68
1755869932.5699446,-3,-2,-74
1755869932.6079447,-6,0,-70
1755869932.6439445,-2,-4,-74
1755869932.6819446,-1,0,-59
1755869932.7199447,0,0,-70
1755869932.7579446,-2,0,-80
1755869932.7939446,-5,6,-76
1755869932.8309443,-1,2,-72
1755869932.8699446,-2,-2,-79
1755869932.907945,-7,0,-72
1755869932.9439447,0,1,-69
1755869932.9809446,-2,-6,-73
1755869933.019945,0,-1,-71
1755869933.0579443,1,0,-80
1755869933.0939443,2,-1,-72
1755869933.1309447,-3,-5,-78
1755869933.1699443,2,-8,-74
1755869933.2059443,3,-7,-83
1755869933.2439446,-4,-4,-78
1755869933.2819445,-8,-7,-80
1755869933.3199446,-6,-8,-74
1755869933.358945,2,-6,-77
1755869933.394945,3,-2,-72
1755869933.4329443,0,-2,-82
1755869933.4709446,-4,-1,-79
1755869933.509945,-1,2,-77
1755869933.5459447,-5,1,-76
1755869933.5829446,-6,-1,-87
1755869933.6209445,-1,-1,-76
1755869933.6599443,-3,1,-80
1755869933.6959443,-3,0,-70
1755869933.7349446,-2,-1,-66
1755869933.7719443,-4,4,-72
1755869933.8099446,-1,-4,-69
1755869933.848945,6,-5,-80
1755869933.884945,9,-1,-78
1755869933.9219446,9,1,-74
1755869933.9599447,5,5,-79
1755869933.9959445,4,4,-68
1755869934.032945,-3,-4,-69
1755869934.0709443,-3,0,-57
1755869934.1099446,-2,-7,-69
1755869934.1459446,0,-6,-74
1755869934.1829443,-2,-2,-75
1755869934.2209446,1,-1,-80
1755869934.259945,2,-4,-77
1755869934.2959447,0,-1,-61
1755869934.3329446,-5,-10,-66
1755869934.3709445,-2,-1,-80
1755869934.4099443,-4,8,-68
1755869934.4459443,0,-2,-69
1755869934.4849446,2,0,-81
1755869934.5219443,-4,-7,-81
1755869934.5609446,0,-1,-74
1755869934.598945,-3,2,-75
1755869934.634945,-1,3,-83
1755869934.6719446,4,0,-79
1755869934.7099447,-4,-4,-73
1755869934.7459445,-1,-1,-67
1755869934.7839446,-3,6,-57
1755869934.8219447,-1,3,-60
1755869934.8609445,0,-2,-64
1755869934.8969443,2,-4,-72
1755869934.9339447,1,-2,-71
1755869934.9719446,2,0,-58
1755869935.009945,2,0,-65
1755869935.0459447,0,5,-72
1755869935.0829446,-4,-6,-75
1755869935.1209445,-2,-4,-73
1755869935.1599443,-5,2,-74
1755869935.1959443,1,1,-79
1755869935.233945,-5,1,-76
1755869935.2719443,0,1,-77
1755869935.3099446,0,0,-72
1755869935.3459446,-7,0,-80
1755869935.3839445,-2,0,-80
1755869935.4219446,0,-5,-81
1755869935.460945,0,0,-77
1755869935.4979446,-1,-4,-81
1755869935.5359447,0,1,-69
1755869935.5729446,-4,1,-79
1755869935.611945,-1,5,-73
1755869935.6499443,-1,0,-73
1755869935.6859446,-2,-5,-80
1755869935.723945,-3,-6,-68
1755869935.7619443,1,-3,-77
1755869935.8009446,0,3,-63
1755869935.8369446,-1,1,-67
1755869935.8739443,-3,2,-73
1755869935.9119446,2,-1,-81
1755869935.950945,1,0,-78
1755869935.986945,2,0,-81
1755869936.0239446,0,0,-74
1755869936.0619447,8,-2,-66
1755869936.0999446,-4,-2,-56
1755869936.1359446,-5,-4,-79
1755869936.1739447,-1,-8,-67
1755869936.2119446,-2,0,-61
1755869936.2509446,0,0,-65
1755869936.2869446,1,-2,-68
1755869936.3239446,3,4,-67
1755869936.361945,1,2,-79
1755869936.3999443,-1,2,-71
1755869936.4359446,-2,0,-70
1755869936.4729445,5,-5,-73
1755869936.5119443,6,-2,-67
1755869936.5499446,2,1,-64
1755869936.585945,-6,-6,-53
1755869936.6239443,2,-10,-67
1755869936.6619446,-2,-1,-67
1755869936.700945,0,1,-65
1755869936.736945,3,1,-74
1755869936.7739446,-2,1,-82
1755869936.8119447,1,0,-71
1755869936.8479445,3,0,-70
1755869936.8859446,0,1,-75
1755869936.9229443,11,-5,-78
1755869936.9619446,6,-12,-74
1755869936.9989443,8,-10,-86
1755869937.0359447,3,-5,-76
1755869937.0739446,0,-4,-86
1755869937.111945,-7,-6,-80
1755869937.1509447,0,4,-72
1755869937.1869447,0,0,-71
1755869937.223945,5,-3,-68
1755869937.2619443,-2,1,-71
1755869937.3009446,7,-2,-66
1755869937.3369446,4,-5,-71
1755869937.3739443,7,-2,-73
1755869937.4129446,1,-6,-64
1755869937.450945,-6,0,-72
1755869937.486945,0,5,-65
1755869937.5239446,-4,2,-67
1755869937.562945,1,1,-75
1755869937.6009445,0,2,-76
1755869937.6369443,2,0,-76
1755869937.6739447,-4,1,-74
1755869937.7129445,-4,-1,-70
1755869937.7509446,5,0,-79
1755869937.7869446,0,-5,-77
1755869937.8239446,0,-5,-77
1755869937.8629446,3,-7,-83
1755869937.9009447,-1,2,-75
1755869937.9369447,0,0,-78
1755869937.973945,-2,0,-84
1755869938.0129447,0,-1,-83
1755869938.0509446,1,-2,-85
1755869938.0869446,3,-2,-81
1755869938.1249447,-3,3,-76
1755869938.1629446,0,3,-72
1755869938.200945,0,0,-57
1755869938.236945,-8,0,-69
1755869938.2749443,-4,0,-70
1755869938.312945,3,-5,-76
1755869938.3509445,-5,-10,-83
1755869938.3869443,-8,0,-78
1755869938.4249446,-5,0,-80
1755869938.4629445,0,-2,-81
1755869938.4989443,-2,0,-71
1755869938.5359447,-3,0,-74
1755869938.5749447,-3,-9,-60
1755869938.6129446,-7,0,-75
1755869938.6489446,-1,2,-77
1755869938.6859446,-4,-1,-72
1755869938.7249446,-2,-2,-67
1755869938.7629447,-8,0,-78
1755869938.7989447,-3,-5,-85
1755869938.8369446,4,-6,-72
1755869938.8749447,3,0,-58
1755869938.9129446,3,0,-78
1755869938.9519446,-3,-5,-67
1755869938.9879446,4,-5,-73
1755869939.0249443,-2,-3,-66
1755869939.062945,4,-2,-55
1755869939.1019447,0,-2,-70
1755869939.1379447,6,-1,-76
1755869939.1749446,-1,-10,-69
1755869939.213945,0,-10,-78
1755869939.2519443,-8,-7,-78
1755869939.2879446,-1,4,-83
1755869939.325945,-2,2,-88
1755869939.3649447,-3,0,-84
1755869939.4029446,1,-4,-76
1755869939.4389446,2,0,-75
1755869939.4769447,5,0,-71
1755869939.5149446,-3,-1,-68
1755869939.552945,-3,-3,-74
1755869939.588945,-10,-7,-86
1755869939.6269443,-5,0,-78
1755869939.6659446,0,-5,-77
1755869939.7039447,-5,0,-74
1755869939.7419446,0,5,-71
1755869939.7779446,-4,-1,-76
1755869939.815945,0,1,-84
1755869939.8539443,4,-6,-75
1755869939.8929446,3,2,-73
1755869939.9289446,4,2,-65
1755869939.9659443,-2,1,-89
1755869940.0039446,-1,-3,-74
1755869940.042945,4,-1,-66
1755869940.0789447,0,-3,-74
1755869940.1159446,8,-3,-75
1755869940.1539447,-4,-6,-71
1755869940.1929443,-1,-5,-72
1755869940.2289443,-1,2,-75
1755869940.2659447,-5,-2,-72
1755869940.3039446,-2,4,-90
1755869940.3429446,2,-1,-76
1755869940.3789446,4,-5,-74
1755869940.4159446,-1,1,-76
1755869940.4549446,0,-1,-75
1755869940.4929447,3,0,-82
1755869940.5289447,6,0,-75
1755869940.565945,1,0,-70
1755869940.6039443,-1,-1,-66
1755869940.6429446,3,0,-74
1755869940.6789446,1,-5,-78
1755869940.7159443,3,-11,-80
1755869940.7539446,-2,-1,-76
1755869940.7989447,-8,-1,-71
1755869940.835945,2,6,-74
1755869940.8739443,1,5,-81
1755869940.9099443,4,1,-95
1755869940.9469447,0,-1,-88
1755869940.9849446,5,5,-75
1755869941.0229447,6,0,-76
1755869941.0589447,0,0,-89
1755869941.0959446,5,3,-81
1755869941.1339445,-1,1,-82
1755869941.1699443,-6,0,-83
1755869941.2089446,-2,-4,-80
1755869941.2459445,-1,0,-82
1755869941.2849443,-1,0,-74
1755869941.3229446,-2,-5,-80
1755869941.358945,0,-4,-69
1755869941.3959446,0,0,-63
1755869941.4339447,-2,-2,-75
1755869941.4699447,4,0,-74
1755869941.506945,-5,3,-74
1755869941.5459447,0,0,-70
1755869941.5839446,7,5,-86
1755869941.6199446,5,-2,-84
1755869941.6569445,-3,7,-87
1755869941.6959443,-3,4,-78
1755869941.733945,2,0,-66
1755869941.769945,-4,3,-65
1755869941.8069446,-5,1,-83
1755869941.8459446,-2,0,-54
1755869941.8839445,-3,-1,-66
1755869941.9199443,-5,-7,-63
1755869941.9589446,-14,-4,-74
1755869941.9959445,-3,-3,-77
1755869942.0349443,-9,0,-69
1755869942.0709443,-1,-6,-61
1755869942.108945,-5,2,-66
1755869942.1469443,0,4,-71
1755869942.1849446,-2,-1,-72
1755869942.223945,-5,0,-70
1755869942.259945,-4,-5,-77
1755869942.2989447,0,0,-84
1755869942.335945,7,-1,-75
1755869942.3749447,1,-4,-75
1755869942.4109447,0,-7,-71
1755869942.4499447,-7,0,-77
1755869942.486945,0,0,-71
1755869942.5249443,2,-2,-80
1755869942.5609446,-1,1,-79
1755869942.5999446,-4,3,-77
1755869942.6369443,-4,-4,-73
1755869942.6759446,-5,1,-76
1755869942.713945,-3,-6,-74
1755869942.7499447,-6,1,-59
1755869942.7869446,-6,3,-68
1755869942.825945,3,1,-75
1755869942.8639443,1,-1,-75
1755869942.8999443,-1,0,-81
1755869942.937945,-4,0,-85
1755869942.9759445,-1,-2,-81
1755869943.0149446,3,4,-76
1755869943.0509446,6,3,-81
1755869943.0879445,10,-4,-78
1755869943.1259446,6,1,-79
1755869943.1639447,6,0,-77
1755869943.1999447,-2,0,-68
1755869943.236945,1,-2,-73
1755869943.2759447,4,5,-75
1755869943.3139446,14,1,-79
1755869943.3499446,9,0,-76
1755869943.3869443,4,4,-72
1755869943.4259446,1,5,-61
1755869943.463945,-10,5,-67
1755869943.4999447,-3,4,-77
1755869943.5379446,-5,-3,-66
1755869943.575945,6,-6,-64
1755869943.6149447,6,0,-65
1755869943.6509447,1,-6,-70
1755869943.687945,0,-8,-66
1755869943.7259445,2,-2,-61
1755869943.7649446,0,3,-72
1755869943.8009446,1,0,-77
1755869943.8379445,-1,5,-84
1755869943.8759446,-4,0,-86
1755869943.9149446,-5,-3,-67
1755869943.950945,0,-1,-73
1755869943.9879446,0,-2,-84
1755869944.0259447,4,2,-76
1755869944.0619447,-1,0,-72
1755869944.098945,-1,-3,-78
1755869944.1379447,-2,-3,-69
1755869944.1759446,-2,2,-79
1755869944.2119446,-2,0,-82
1755869944.2489443,-4,2,-79
1755869944.2869446,1,0,-77
1755869944.325945,2,-7,-64
1755869944.361945,3,3,-72
1755869944.3989446,0,-2,-74
1755869944.4369447,9,-2,-73
1755869944.4759445,1,2,-81
1755869944.5119443,-2,2,-78
1755869944.5509446,0,-5,-73
1755869944.5879445,6,0,-80
1755869944.6259446,9,-2,-80
1755869944.6619446,4,3,-82
1755869944.6989446,1,0,-67
1755869944.7379446,-2,-5,-74
1755869944.7759447,0,-3,-77
1755869944.8119447,-2,-6,-72
1755869944.8509445,1,1,-79
1755869944.8879447,-2,-6,-71
1755869944.9269447,-2,9,-76
1755869944.9649446,-3,3,-76
1755869945.0009446,0,-2,-76
1755869945.0379446,-4,-4,-70
1755869945.0769446,-1,2,-76
1755869945.1149447,0,-1,-81
1755869945.1509447,-6,1,-69
1755869945.187945,-8,5,-66
1755869945.2269447,-1,2,-69
1755869945.2649446,4,-2,-77
1755869945.3009446,-2,2,-72
1755869945.3379445,0,-1,-70
1755869945.3769443,-6,1,-77
1755869945.4149446,0,-2,-77
1755869945.450945,-1,5,-82
1755869945.4879446,0,-2,-84
1755869945.5269446,-4,-1,-72
1755869945.5649445,1,-5,-74
1755869945.6009445,-1,-1,-74
1755869945.6389446,2,-3,-77
1755869945.6769447,0,-9,-73
1755869945.7159443,10,0,-82
1755869945.7519443,9,-1,-80
1755869945.7889447,-1,-1,-77
1755869945.8269446,6,-3,-79
1755869945.8659446,1,-5,-72
1755869945.9019446,0,-6,-72
1755869945.9389446,0,-2,-75
1755869945.9769447,4,0,-84
1755869946.0159447,0,0,-85
1755869946.0519447,2,5,-65
1755869946.088945,7,3,-73
1755869946.1269443,0,1,-75
1755869946.1659446,-2,4,-75
1755869946.2019446,5,11,-66
1755869946.2389443,4,2,-70
1755869946.2769446,2,-2,-66
1755869946.312945,-2,0,-73
1755869946.3499446,-10,0,-79
1755869946.3879447,0,3,-77
1755869946.4269447,-3,-2,-71
1755869946.4629445,-4,0,-77
1755869946.4999447,0,-3,-75
1755869946.5379446,9,0,-73
1755869946.575945,4,-3,-69
1755869946.611945,0,9,-74
1755869946.6489446,3,8,-56
1755869946.687945,13,0,-68
1755869946.7259445,12,-2,-65
1755869946.7619443,3,-5,-79
1755869946.7999446,5,-2,-77
1755869946.8379445,-2,0,-68
1755869946.8769443,-4,-4,-73
1755869946.9129446,-2,-6,-74
1755869946.9519446,5,-5,-78
1755869946.9889443,1,1,-74
1755869947.0269446,4,-6,-72
1755869947.062945,3,1,-78
1755869947.0999446,1,1,-85
1755869947.1379447,0,-2,-70
1755869947.1759446,-3,-2,-74
1755869947.2129445,-2,0,-84
1755869947.2499447,0,0,-77
1755869947.2879446,1,-1,-69
1755869947.325945,1,-7,-68
1755869947.361945,-1,-7,-73
1755869947.3999443,-2,-5,-71
1755869947.4389446,0,0,-75
1755869947.4769447,9,0,-76
1755869947.5129447,2,1,-77
1755869947.5499446,3,-4,-76
1755869947.5879445,0,-2,-76
1755869947.6269443,-2,1,-83
1755869947.6629446,-14,3,-77
1755869947.6999447,-6,0,-82
1755869947.7379446,-1,-2,-67
1755869947.7769446,0,0,-82
1755869947.812945,0,-6,-78
1755869947.8499446,-1,-3,-79
1755869947.8879447,0,-3,-80
1755869947.9269447,-5,-3,-74
1755869947.9629445,-4,5,-71
1755869948.0009446,2,0,-70
1755869948.0389447,-1,-4,-64
1755869948.0779445,-2,-3,-71
1755869948.1139443,-5,0,-78
1755869948.1519446,-4,-2,-85
1755869948.1889446,-8,-2,-74
1755869948.2279446,0,0,-67
1755869948.2639446,0,-1,-63
1755869948.3009446,-9,-2,-54
1755869948.3399446,-12,2,-68
1755869948.3779447,0,1,-81
1755869948.4139447,0,-2,-74
1755869948.450945,1,-4,-82
1755869948.4889443,2,-4,-78
1755869948.5279446,0,-3,-75
1755869948.5639446,-1,0,-82
1755869948.6019447,0,-4,-75
1755869948.6399446,0,-3,-80
1755869948.6789446,-4,-4,-82
1755869948.7169447,-7,4,-84
1755869948.7529447,-9,0,-72
1755869948.7899446,0,-1,-70
1755869948.8289447,-3,-1,-73
1755869948.8669446,0,-2,-73
1755869948.9029446,-3,3,-75
1755869948.9399445,4,2,-72
1755869948.9779446,1,5,-85
1755869949.0139446,4,6,-78
1755869949.0509446,4,0,-79
1755869949.088945,3,0,-71
1755869949.1269443,0,2,-69
1755869949.1629446,7,0,-66
1755869949.200945,2,0,-77
1755869949.2389443,-6,0,-85
1755869949.2749443,3,-7,-80
1755869949.3119447,-4,-6,-75
1755869949.3499446,0,-2,-64
1755869949.3889446,-8,-2,-73
1755869949.4249446,1,-3,-69
1755869949.4629445,0,-1,-74
1755869949.4999447,5,7,-77
1755869949.5389447,0,-3,-78
1755869949.5749447,0,6,-74
1755869949.611945,-5,-7,-70
1755869949.6499443,-4,-4,-70
1755869949.6889446,0,-2,-72
1755869949.7249446,0,-3,-69
1755869949.7619443,1,-1,-62
1755869949.7999446,-4,-3,-69
1755869949.838945,-1,-4,-71
1755869949.8749447,-4,-3,-69
1755869949.9129446,-3,-6,-69
1755869949.950945,1,0,-62
1755869949.9889443,1,-7,-68
1755869950.0249443,2,-5,-67
1755869950.0619447,0,-4,-64
1755869950.0999446,-1,1,-66
1755869950.1389446,2,0,-61
1755869950.1749446,0,-2,-76
1755869950.2119446,-3,2,-82
1755869950.2499447,-2,6,-71
1755869950.2889447,1,-2,-79
1755869950.3249447,4,-1,-77
1755869950.361945,2,0,-69
1755869950.3999443,2,1,-79
1755869950.4389446,1,0,-80
1755869950.4749446,5,2,-72
1755869950.5119443,2,1,-68
1755869950.5499446,-8,0,-65
1755869950.588945,0,-2,-63
1755869950.6249447,2,0,-73
1755869950.6619446,4,-4,-75
1755869950.6999447,-5,0,-74
1755869950.7389443,-4,3,-78
1755869950.7749443,-1,3,-80
1755869950.8209443,-5,-4,-67
1755869950.858945,-7,-9,-66
1755869950.894945,0,-3,-65
1755869950.9329443,6,-2,-71
1755869950.9699447,0,-3,-76
1755869951.0089445,-2,1,-79
1755869951.0449443,-2,-3,-80
1755869951.0829446,-8,3,-89
1755869951.1209445,-3,-1,-81
1755869951.1599443,0,0,-72
1755869951.1959443,0,5,-83
1755869951.2329447,3,-7,-78
1755869951.2709446,0,-7,-60
1755869951.3099446,3,2,-64
1755869951.3459446,8,2,-80
1755869951.3829446,8,3,-75
1755869951.4199443,0,-1,-69
1755869951.4589446,-1,-1,-64
1755869951.4949446,5,-2,-67
1755869951.5319445,1,-1,-65
1755869951.5699446,-12,1,-62
1755869951.608945,0,0,-65
1755869951.644945,0,-3,-73
1755869951.6819446,-2,0,-63
1755869951.7209446,0,-11,-72
1755869951.7589445,-2,-5,-70
1755869951.7949443,0,1,-68
1755869951.8319447,3,1,-79
1755869951.8699446,-1,-4,-75
1755869951.9059446,-7,-1,-76
1755869951.9439447,2,1,-75
1755869951.9819446,-7,6,-83
1755869952.0209446,-7,0,-81
1755869952.0589447,-2,-2,-72
1755869952.0949447,-3,0,-77
1755869952.131945,4,0,-66
1755869952.1699443,6,0,-81
1755869952.2059443,7,-2,-73
1755869952.2429447,-1,-5,-75
1755869952.2809446,-3,-2,-70
1755869952.3199446,1,-3,-83
1755869952.3559446,2,2,-74
1755869952.3929446,-5,-1,-70
1755869952.4309447,-6,-5,-75
1755869952.4699447,0,-2,-84
1755869952.5059447,-5,-4,-79
1755869952.5439446,1,-1,-78
1755869952.5819447,3,-3,-77
1755869952.6209445,1,7,-66
1755869952.6589446,-1,5,-69
1755869952.6949446,-6,4,-78
1755869952.7329447,3,0,-72
1755869952.7709446,-6,1,-81
1755869952.8069446,0,0,-72
1755869952.8439443,6,1,-78
1755869952.8809447,3,5,-75
1755869952.9169445,3,5,-82
1755869952.9549446,4,3,-80
1755869952.9929447,-1,-8,-78
1755869953.0309446,-1,0,-65
1755869953.0699446,3,2,-71
1755869953.1059446,0,10,-63
1755869953.1429446,-2,7,-81
1755869953.1809447,-4,1,-73
1755869953.2199447,-5,0,-77
1755869953.2559447,3,-5,-80
1755869953.292945,1,1,-75
1755869953.3309443,-2,1,-78
1755869953.3699446,0,1,-82
1755869953.4059446,3,3,-79
1755869953.4429443,5,0,-73
1755869953.4809446,2,3,-72
1755869953.5169446,5,4,-64
1755869953.5549445,-6,2,-70
1755869953.5929446,-5,1,-73
1755869953.631945,-1,1,-78
1755869953.6699443,2,-1,-85
1755869953.7059443,1,-5,-82
1755869953.7429447,-3,0,-68
1755869953.7819445,-1,3,-70
1755869953.8199446,-1,0,-77
1755869953.8559446,5,-2,-79
1755869953.8929446,1,0,-69
1755869953.9319446,3,4,-65
1755869953.9699447,1,7,-64
1755869954.0059447,2,7,-73
1755869954.042945,-3,1,-70
1755869954.0819447,-4,0,-76
1755869954.1199446,2,2,-70
1755869954.1559446,5,-1,-69
1755869954.1929443,11,0,-67
1755869954.2309446,0,-9,-74
1755869954.2669446,-5,-9,-70
1755869954.3049445,-3,0,-76
1755869954.3429446,0,-4,-74
1755869954.381945,-3,0,-76
1755869954.4199443,0,3,-70
1755869954.4559443,-1,-3,-78
1755869954.4939446,0,-1,-78
1755869954.532945,1,-3,-77
1755869954.5709443,4,0,-84
1755869954.6069446,7,5,-76
1755869954.6439445,5,-1,-67
1755869954.6829443,2,1,-74
1755869954.7209446,0,-3,-75
1755869954.756945,9,-2,-63
1755869954.7939446,3,-1,-79
1755869954.8319447,3,1,-80
1755869954.8709445,-7,-8,-76
1755869954.9069445,-5,-3,-78
1755869954.9449446,-3,2,-81
1755869954.9829447,-6,6,-80
1755869955.0219443,-4,-3,-69
1755869955.0579443,-8,-7,-70
1755869955.0959446,-4,1,-71
1755869955.1339445,5,-5,-82
1755869955.1719446,6,-8,-82
1755869955.210945,7,-3,-72
1755869955.246945,0,-5,-71
1755869955.2839446,5,0,-80
1755869955.3219447,-7,-3,-65
1755869955.3579447,-2,-3,-72
1755869955.3959446,0,-4,-67
1755869955.4339447,0,-4,-81
1755869955.4729445,-5,-2,-70
1755869955.5109446,-6,2,-78
1755869955.5469446,0,8,-80
1755869955.5839446,-4,6,-77
1755869955.6229446,0,-2,-74
1755869955.6609447,6,-1,-65
1755869955.6969447,0,0,-67
1755869955.733945,-8,3,-65
1755869955.7729447,0,-1,-70
1755869955.8109446,1,0,-70
1755869955.8469446,1,0,-78
1755869955.8839445,-12,3,-69
1755869955.9229443,-7,-7,-77
1755869955.960945,-5,-3,-70
1755869955.996945,0,-12,-68
1755869956.0339446,4,-7,-69
1755869956.0729446,-1,-6,-70
1755869956.1109445,-6,-5,-85
1755869956.1469443,-4,-10,-87
1755869956.1849446,0,-4,-88
1755869956.2229445,-4,0,-86
1755869956.2619443,-2,-5,-88
1755869956.2979443,2,1,-82
1755869956.3349447,6,0,-68
1755869956.3729446,1,2,-74
1755869956.4089446,4,2,-74
1755869956.4469447,1,1,-76
1755869956.483945,7,-3,-76
1755869956.5229447,6,-2,-64
1755869956.5589447,3,3,-61
1755869956.5969446,4,0,-61
1755869956.6339445,-1,-5,-72
1755869956.6729443,0,0,-83
1755869956.7089446,-1,0,-88
1755869956.746945,-11,9,-78
1755869956.7839446,-5,-4,-80
1755869956.8229446,-5,1,-77
1755869956.858945,-5,2,-83
1755869956.8959446,-6,4,-70
1755869956.9339447,-1,9,-66
1755869956.9729445,0,3,-71
1755869957.0089445,0,2,-73
1755869957.0469446,-12,4,-69
1755869957.0839446,-10,1,-68
1755869957.1229446,-6,2,-66
1755869957.1589446,-2,-3,-70
1755869957.1969447,0,0,-68
1755869957.2349446,2,-5,-59
1755869957.2739446,1,-2,-67
1755869957.3119447,2,2,-74
1755869957.3479445,0,3,-85
1755869957.384945,0,1,-74
1755869957.4229443,5,0,-65
1755869957.4589446,6,3,-66
1755869957.4959445,-2,3,-62
1755869957.5339446,9,2,-83
1755869957.5719447,0,1,-73
1755869957.6079447,-6,7,-74
1755869957.644945,1,9,-56
1755869957.6839447,-6,0,-76
1755869957.7219446,-2,-2,-78
1755869957.7579446,0,-4,-73
1755869957.7959447,2,-1,-65
1755869957.8339446,2,-3,-82
1755869957.871945,5,-5,-87
1755869957.907945,6,0,-84
1755869957.9449446,3,9,-77
1755869957.983945,-3,0,-67
1755869958.0219443,3,0,-76
1755869958.0579443,-9,0,-81
1755869958.0949447,-5,-1,-81
1755869958.1339445,3,-3,-72
1755869958.1699443,0,-3,-76
1755869958.2069447,0,-3,-80
1755869958.2449446,5,-2,-80
1755869958.2839446,-4,-2,-67
1755869958.3199446,-3,-2,-62
1755869958.358945,0,-1,-73
1755869958.3959446,4,3,-76
1755869958.4339447,6,-1,-67
1755869958.4699447,1,-1,-74
1755869958.5089445,-3,-5,-76
1755869958.5459447,-2,1,-80
1755869958.5839446,3,-1,-66
1755869958.6229446,9,2,-69
1755869958.6589446,0,4,-66
1755869958.6959443,0,5,-70
1755869958.733945,-2,-3,-61
1755869958.769945,0,-6,-67
1755869958.8079443,2,1,-60
1755869958.8459446,-3,-2,-73
1755869958.8839445,-5,3,-75
1755869958.9229443,0,-7,-70
1755869958.9589446,-11,-4,-68
1755869958.9979446,-7,-4,-67
1755869959.0349443,-3,0,-78
1755869959.0739446,-4,-6,-77
1755869959.1099446,-1,-5,-81
1755869959.1479447,1,-4,-83
1755869959.1859446,-3,-2,-68
1755869959.2249446,-4,-7,-66
1755869959.2629447,-5,-6,-66
1755869959.2989447,-1,-3,-62
1755869959.3369446,-3,5,-60
1755869959.3759446,-3,1,-73
1755869959.4139447,5,0,-70
1755869959.4499447,5,3,-67
1755869959.4879446,6,2,-79
1755869959.5249443,3,2,-88
1755869959.5639446,-2,-1,-72
1755869959.6009445,-1,2,-72
1755869959.6379447,2,4,-72
1755869959.6759446,0,2,-74
1755869959.713945,2,3,-61
1755869959.7499447,1,0,-69
1755869959.7879446,-4,1,-64
1755869959.825945,0,3,-71
1755869959.8639443,0,2,-72
1755869959.8999443,3,-1,-70
1755869959.937945,1,2,-70
1755869959.9749446,-1,2,-61
1755869960.0139446,6,3,-67
1755869960.0499446,-6,-1,-73
1755869960.0879445,-5,-8,-75
1755869960.1259446,-3,-2,-68
1755869960.1649446,0,-1,-69
1755869960.200945,2,3,-72
1755869960.2379446,0,2,-69
1755869960.2749443,0,-1,-78
1755869960.3139446,-5,-2,-81
1755869960.3499446,-7,-5,-75
1755869960.3879447,-1,-3,-73
1755869960.4259446,-6,-4,-67
1755869960.4649446,-4,-2,-65
1755869960.5009446,-5,-4,-74
1755869960.5389447,-2,3,-73
1755869960.5769446,1,3,-69
1755869960.6149447,-4,0,-86
1755869960.6509447,0,2,-79
1755869960.687945,1,0,-68
1755869960.7259445,-5,-2,-76
1755869960.7639446,1,5,-75
1755869960.7999446,5,2,-74
1755869960.8459446,4,-2,-80
1755869960.8839445,0,-1,-64
1755869960.9199443,2,1,-65
1755869960.9569447,-1,-6,-69
1755869960.9959445,-7,0,-68
1755869961.0339446,-2,3,-65
1755869961.0699446,-2,0,-66
1755869961.1069446,1,4,-74
1755869961.144945,-1,7,-69
1755869961.1809447,0,2,-74
1755869961.2179446,-2,3,-68
1755869961.2559447,-4,1,-83
1755869961.2949443,0,4,-77
1755869961.3309443,4,2,-76
1755869961.3689446,4,3,-69
1755869961.4059446,0,0,-74
1755869961.4439447,3,-3,-70
1755869961.4799447,-1,-6,-61
1755869961.5179446,-8,-3,-69
1755869961.5559447,-3,4,-78
1755869961.5949447,3,2,-68
1755869961.6309447,-8,3,-76
1755869961.6689446,1,0,-78
1755869961.7059443,6,-1,-72
1755869961.7449446,10,0,-74
1755869961.7809446,3,2,-77
1755869961.8189447,5,1,-76
1755869961.8569446,5,-1,-65
1755869961.894945,1,-9,-71
1755869961.9309447,1,-9,-74
1755869961.9689443,-1,-2,-74
1755869962.006945,-3,0,-69
1755869962.0459447,1,-2,-72
1755869962.0819447,0,4,-78
1755869962.1189446,3,2,-89
1755869962.1569445,0,-2,-78
1755869962.1949446,-3,-1,-68
1755869962.2309446,5,2,-61
1755869962.2689445,2,0,-72
1755869962.3059447,1,-4,-65
1755869962.3449447,1,0,-61
1755869962.3809447,1,2,-67
1755869962.417945,0,4,-77
1755869962.4569447,-4,-2,-69
1755869962.4949446,2,5,-79
1755869962.5309446,-2,2,-77
1755869962.5679443,3,0,-86
1755869962.6069446,0,-3,-78
1755869962.644945,-1,2,-83
1755869962.6809447,7,5,-72
1755869962.7179446,3,3,-67
1755869962.7559447,2,-1,-70
1755869962.7919445,3,-3,-74
1755869962.8299446,1,-7,-68
1755869962.8679447,-6,-2,-75
1755869962.9069445,-3,4,-80
1755869962.9449446,0,0,-80
1755869962.9809446,6,1,-72
1755869963.0179446,-2,1,-75
1755869963.0569446,-1,0,-76
1755869963.0949447,4,-7,-62
1755869963.1309447,0,0,-69
1755869963.167945,1,-6,-72
1755869963.2069447,-2,-2,-75
1755869963.2449446,1,0,-73
1755869963.2809446,-1,0,-71
1755869963.3179443,1,-6,-68
1755869963.3569446,-2,-1,-58
1755869963.394945,4,-2,-66
1755869963.4309447,1,-2,-73
1755869963.4679446,0,3,-69
1755869963.506945,3,-1,-59
1755869963.542945,4,2,-64
1755869963.5799446,7,2,-65
1755869963.6179447,5,-1,-74
1755869963.6569445,-5,-5,-69
1755869963.6929443,-2,0,-58
1755869963.7299447,-4,-7,-57
1755869963.7679446,-1,1,-64
1755869963.8069446,0,0,-77
1755869963.8429446,-6,1,-74
1755869963.8799446,-1,4,-80
1755869963.917945,2,3,-76
1755869963.9559443,9,0,-69
1755869963.9919446,10,5,-76
1755869964.0289447,3,8,-77
1755869964.0669446,0,0,-67
1755869964.1029446,-1,0,-67
1755869964.1409447,-3,-8,-79
1755869964.177945,6,0,-77
1755869964.2159443,3,2,-79
1755869964.2519443,-4,0,-94
1755869964.2899446,0,4,-88
1755869964.3279445,0,-2,-74
1755869964.3659446,-3,-2,-68
1755869964.4019446,-4,-2,-66
1755869964.440945,-3,0,-82
1755869964.4779446,-1,-1,-66
1755869964.5169446,0,-4,-68
1755869964.552945,-3,-11,-61
1755869964.5909443,-3,-1,-62
1755869964.6289446,7,-1,-67
1755869964.667945,0,-1,-71
1755869964.7059443,1,7,-57
1755869964.7419446,-1,4,-69
1755869964.779945,-1,1,-78
1755869964.8179443,-5,0,-82
1755869964.8569446,-5,3,-82
1755869964.8929446,-2,-1,-73
1755869964.9309447,-2,2,-68
1755869964.9689443,-6,-3,-68
1755869965.0079446,-1,-1,-87
1755869965.0459447,2,-1,-72
1755869965.0819447,4,4,-76
1755869965.1199446,2,0,-79
1755869965.157945,-1,-4,-63
1755869965.1959443,0,-7,-64
1755869965.2329447,-7,-3,-64
1755869965.269945,-5,-7,-74
1755869965.3079443,-3,0,-66
1755869965.3469446,4,-4,-79
1755869965.3829446,0,1,-75
1755869965.4199443,4,-4,-80
1755869965.4579446,2,2,-75
1755869965.496945,8,2,-66
1755869965.532945,2,-5,-70
1755869965.5699446,0,-5,-79
1755869965.6079447,-3,0,-70
1755869965.6469443,-4,-1,-75
1755869965.6829443,-6,-1,-79
1755869965.7209446,0,3,-77
1755869965.7579446,4,-1,-74
1755869965.7969446,0,2,-80
1755869965.8329446,0,6,-73
1755869965.8699446,-3,7,-75
1755869965.907945,-2,1,-68
1755869965.9469447,-2,1,-76
1755869965.9829447,-3,6,-69
1755869966.019945,0,4,-66
1755869966.0579443,-4,-1,-69
1755869966.0939443,-4,0,-72
1755869966.1309447,-1,0,-63
1755869966.1689446,8,4,-64
1755869966.2079446,1,-6,-66
1755869966.2439446,0,0,-74
1755869966.2819445,-3,-4,-83
1755869966.3189447,6,1,-78
1755869966.3569446,5,-2,-61
1755869966.3929446,5,-2,-69
1755869966.4309447,-7,0,-63
1755869966.4689443,-3,2,-70
1755869966.5079446,-1,2,-66
1755869966.5439446,1,4,-66
1755869966.5819447,-5,5,-74
1755869966.6189446,1,3,-62
1755869966.6569445,1,-9,-72
1755869966.6929443,-2,-2,-74
1755869966.7309446,-2,3,-77
1755869966.7689445,5,3,-72
1755869966.8069446,9,2,-70
1755869966.8429446,0,1,-75
1755869966.8799446,0,0,-82
1755869966.917945,-1,6,-71
1755869966.9539447,5,-1,-65
1755869966.9909446,-2,-5,-65
1755869967.0289447,-5,0,-74
1755869967.0679443,-2,-2,-77
1755869967.1039443,3,-5,-84
1755869967.1409447,1,0,-77
1755869967.1789446,-2,-1,-75
1755869967.2149446,2,1,-71
1755869967.2519443,0,-3,-68
1755869967.2899446,0,-14,-62
1755869967.3289447,1,-4,-80
1755869967.3649447,-1,-2,-77
1755869967.4039447,2,-3,-81
1755869967.440945,-6,1,-69
1755869967.4789443,-3,-3,-78
1755869967.5179446,-9,0,-61
1755869967.5539446,-4,-10,-79
1755869967.5919447,-4,-1,-83
1755869967.6299446,-3,0,-75
1755869967.6689446,-6,-6,-81
1755869967.7049446,5,-5,-68
1755869967.7419446,6,0,-59
1755869967.779945,1,-8,-62
1755869967.8189447,4,2,-63
1755869967.8549447,0,-1,-72
1755869967.8919446,5,1,-75
1755869967.9299445,1,5,-78
1755869967.9679446,1,-1,-79
1755869968.0039446,9,6,-75
1755869968.0409446,2,0,-69
1755869968.0799446,1,0,-67
1755869968.1179447,-4,1,-79
1755869968.1539447,3,0,-76
1755869968.190945,4,-2,-70
1755869968.2299447,2,-3,-71
1755869968.2679446,2,-1,-74
1755869968.3039446,2,-4,-72
1755869968.3419447,4,0,-79
1755869968.3799446,3,-1,-70
1755869968.417945,3,6,-75
1755869968.4539447,2,8,-69
1755869968.4919446,-6,0,-69
1755869968.529945,1,2,-76
1755869968.5679443,4,3,-76
1755869968.6039443,-1,1,-87
1755869968.6409447,-7,2,-76
1755869968.6799445,-11,-2,-73
1755869968.7179446,-7,1,-71
1755869968.7539446,-7,1,-63
1755869968.7909446,0,-6,-71
1755869968.8299446,7,0,-66
1755869968.8679447,4,-7,-73
1755869968.9039447,6,-8,-72
1755869968.940945,-4,-6,-68
1755869968.9799447,1,1,-74
1755869969.0159447,0,1,-75
1755869969.052945,0,-1,-65
1755869969.0919447,-4,-6,-71
1755869969.1299446,3,5,-68
1755869969.1659446,-4,-2,-72
1755869969.2039447,-11,0,-81
1755869969.2419446,-4,4,-80
1755869969.279945,4,0,-68
1755869969.315945,4,-1,-71
1755869969.3529446,11,-2,-68
1755869969.3909447,7,3,-73
1755869969.4299445,4,-6,-81
1755869969.4659443,11,-3,-76
1755869969.5029447,0,5,-69
1755869969.5399446,1,1,-74
1755869969.5789447,0,-3,-78
1755869969.6149447,0,0,-80
1755869969.6529446,9,1,-72
1755869969.690945,-3,-4,-79
1755869969.7289443,-1,-1,-78
1755869969.7649446,5,2,-77
1755869969.802945,-3,-2,-73
1755869969.8419447,-5,-1,-67
1755869969.8799446,0,-1,-74
1755869969.9159446,10,4,-78
1755869969.9529445,-2,-1,-67
1755869969.9909446,-1,2,-57
1755869970.029945,-9,-2,-58
1755869970.065945,0,-2,-72
1755869970.1029446,4,4,-78
1755869970.1409447,3,1,-74
1755869970.1789446,4,7,-71
1755869970.2149446,7,0,-76
1755869970.2529447,10,1,-75
1755869970.2909446,3,0,-70
1755869970.3289447,7,2,-67
1755869970.3649447,2,3,-72
1755869970.4029446,0,4,-64
1755869970.4419446,-1,0,-72
1755869970.4799447,-3,-4,-65
1755869970.5159447,4,-2,-63
1755869970.552945,0,0,-74
1755869970.5909443,1,3,-76
1755869970.6299446,4,-2,-86
1755869970.6659446,5,-6,-79
1755869970.7049446,1,2,-75
1755869970.7419446,-7,4,-76
1755869970.7809446,-6,5,-72
1755869970.8169446,-3,2,-66
1755869970.8679447,2,1,-83
1755869970.904945,1,6,-70
1755869970.9419446,-2,0,-77
1755869970.9809446,8,-7,-71
1755869971.0169446,9,-7,-78
1755869971.0549445,-3,-5,-63
1755869971.0939443,-2,2,-72
1755869971.1309447,0,3,-62
1755869971.1669445,-4,2,-62
1755869971.2049446,-2,0,-72
1755869971.2429447,0,4,-68
1755869971.2809446,-6,-4,-72
1755869971.3169446,2,-1,-71
1755869971.3549447,5,-4,-69
1755869971.3929446,-1,0,-65
1755869971.4309447,0,3,-72
1755869971.4669447,-2,5,-79
1755869971.5049446,-2,2,-74
1755869971.542945,-2,-1,-63
1755869971.5819447,4,-2,-75
1755869971.6199446,0,-8,-76
1755869971.6559446,1,-12,-80
1755869971.6939447,0,-11,-76
1755869971.7319446,0,5,-84
1755869971.7709446,6,8,-76
1755869971.8069446,2,5,-76
1755869971.8449447,0,4,-79
1755869971.881945,0,1,-83
1755869971.9209447,3,0,-80
1755869971.9569447,5,0,-70
1755869971.9949446,0,-1,-78
1755869972.032945,-1,-3,-84
1755869972.0719447,-9,-4,-80
1755869972.1099446,-6,0,-76
1755869972.1459446,-2,0,-67
1755869972.1829443,-2,0,-71
1755869972.2219446,0,0,-66
1755869972.259945,0,0,-82
1755869972.2959447,-3,-4,-72
1755869972.3329446,6,9,-62
1755869972.3709445,0,0,-70
1755869972.4069445,0,4,-75
1755869972.4459443,2,-2,-78
1755869972.4829447,2,0,-62
1755869972.5219443,-1,-3,-63
1755869972.5579443,-5,-1,-68
1755869972.5959446,-4,3,-78
1755869972.634945,-4,2,-78
1755869972.6719446,-3,1,-83
1755869972.710945,3,-3,-77
1755869972.746945,4,-10,-74
1755869972.7849443,-2,2,-73
1755869972.8219447,-1,-1,-75
1755869972.8609445,-3,2,-75
1755869972.8969443,-7,2,-70
1755869972.9349446,-3,5,-78
1755869972.9719446,5,0,-73
1755869973.0109446,4,-2,-62
1755869973.0469446,-1,0,-64
1755869973.0839446,-8,0,-77
1755869973.121945,0,6,-65
1755869973.1609447,0,2,-68
1755869973.1969447,0,0,-64
1755869973.233945,-1,-5,-68
1755869973.2719443,-1,2,-65
1755869973.3109446,0,2,-65
1755869973.3469446,5,3,-69
1755869973.3839445,1,5,-65
1755869973.4219446,0,6,-61
1755869973.4579446,0,-2,-62
1755869973.4949446,5,-2,-70
1755869973.5339446,-3,3,-73
1755869973.5719447,-5,1,-68
1755869973.6079447,0,0,-72
1755869973.644945,0,6,-76
1755869973.6829443,-1,3,-72
1755869973.7209446,-6,2,-83
1755869973.756945,-1,-2,-81
1755869973.7949443,-7,-2,-69
1755869973.8339446,-2,0,-71
1755869973.871945,-7,-1,-78
1755869973.907945,1,-1,-76
1755869973.9449446,-2,0,-60
1755869973.9829447,0,-2,-64
1755869974.0219443,-5,1,-71
1755869974.0579443,-5,4,-81
1755869974.0959446,0,4,-79
1755869974.1339445,2,3,-72
1755869974.1719446,5,9,-70
1755869974.2079446,-7,7,-76
1755869974.2449446,-5,0,-73
1755869974.282945,-6,4,-71
1755869974.3219447,4,1,-73
1755869974.3579447,-1,11,-66
1755869974.394945,0,0,-70
1755869974.4329443,-1,-3,-71
1755869974.4719446,-7,-1,-75
1755869974.5079446,-4,0,-70
1755869974.5469446,-7,0,-64
1755869974.5839446,-2,0,-74
1755869974.6229446,-1,-1,-78
1755869974.6589446,-2,1,-69
1755869974.6969447,-1,-1,-70
1755869974.7349446,-1,-3,-70
1755869974.7729447,2,4,-72
1755869974.8089447,0,0,-84
1755869974.8469446,-7,6,-75
1755869974.8839445,-3,-2,-79
1755869974.9229443,-6,-1,-88
1755869974.9589446,-1,0,-76
1755869974.996945,1,0,-74
1755869975.0339446,-2,-4,-64
1755869975.0729446,6,-3,-67
1755869975.108945,3,-2,-69
1755869975.1469443,5,2,-69
1755869975.1839447,4,8,-66
1755869975.2219446,3,6,-63
1755869975.2579446,4,-3,-70
1755869975.2959447,-1,-2,-70
1755869975.3339446,-1,-1,-77
1755869975.3729446,0,-1,-72
1755869975.4089446,3,-1,-70
1755869975.4469447,-4,0,-69
1755869975.4859445,0,1,-62
1755869975.5239446,-2,6,-64
1755869975.5619447,-7,5,-83
1755869975.5979445,-1,0,-81
1755869975.6359446,-8,-5,-73
1755869975.6739447,-3,2,-64
1755869975.7119446,-1,0,-71
1755869975.7479446,-1,2,-75
1755869975.7859447,0,-1,-70
1755869975.8239446,2,2,-78
1755869975.861945,-8,9,-88
1755869975.8979447,-11,8,-76
1755869975.9359446,-13,3,-83
1755869975.973945,-9,5,-77
1755869976.0119443,-1,6,-75
1755869976.0479443,-1,4,-74
1755869976.085945,-2,2,-72
1755869976.1239443,-10,0,-75
1755869976.1599443,-9,0,-85
1755869976.1969447,-4,1,-73
1755869976.2359445,-8,3,-83
1755869976.2739446,-3,5,-76
1755869976.3099446,-3,0,-69
1755869976.3469446,-9,-1,-69
1755869976.3859446,-7,4,-79
1755869976.4239447,-3,-1,-76
1755869976.4599447,-1,0,-64
1755869976.496945,-11,1,-77
1755869976.5359447,2,3,-87
1755869976.5739446,8,0,-74
1755869976.6099446,9,3,-82
1755869976.6469443,2,7,-83
1755869976.6839447,4,3,-72
1755869976.7199447,6,3,-76
1755869976.756945,-4,9,-70
1755869976.7949443,-3,1,-69
1755869976.8339446,-5,0,-79
1755869976.8699446,-8,3,-92
1755869976.9069445,1,0,-83
1755869976.9449446,1,-3,-77
1755869976.983945,7,4,-74
1755869977.019945,0,2,-71
1755869977.0569446,0,7,-75
1755869977.0949447,4,2,-83
1755869977.1329446,0,4,-80
1755869977.1689446,0,1,-77
1755869977.2059443,0,8,-74
1755869977.2439446,1,6,-75
1755869977.279945,0,0,-79
1755869977.3179443,3,-6,-74
1755869977.3549447,3,-2,-77
1755869977.3939445,-2,0,-77
1755869977.4299445,1,1,-76
1755869977.4669447,0,-3,-75
1755869977.5049446,0,-5,-80
1755869977.5439446,0,-5,-82
1755869977.5799446,-1,-1,-78
1755869977.6179447,-11,-2,-76
1755869977.6559446,1,-6,-76
1755869977.6949446,0,0,-72
1755869977.7329447,-1,6,-72
1755869977.7689445,-1,2,-65
1755869977.8069446,-6,-6,-71
1755869977.8449447,4,-4,-70
1755869977.8839445,4,-1,-68
1755869977.9199443,2,1,-75
1755869977.9569447,-4,8,-81
1755869977.9949446,-5,2,-78
1755869978.0339446,-1,0,-79
1755869978.0699446,0,3,-79
1755869978.1069446,4,0,-70
1755869978.144945,0,8,-66
1755869978.1809447,6,4,-67
1755869978.2179446,3,3,-69
1755869978.2549446,4,9,-79
1755869978.2909446,6,5,-76
1755869978.3289447,-2,4,-70
1755869978.3669446,-2,4,-74
1755869978.404945,-4,2,-77
1755869978.4439447,-3,0,-79
1755869978.4799447,0,-4,-73
1755869978.5169446,0,-1,-68
1755869978.5549445,-3,5,-72
1755869978.5939443,-2,3,-69
1755869978.6299446,0,1,-76
1755869978.6669445,3,1,-75
1755869978.7059443,2,-4,-75
1755869978.7439446,2,0,-74
1755869978.779945,0,-3,-66
1755869978.8169446,4,0,-78
1755869978.8559446,7,0,-75
1755869978.8939445,0,-3,-69
1755869978.9299445,1,3,-74
1755869978.9669447,-4,1,-67
1755869979.0059447,-4,0,-73
1755869979.0439446,-3,6,-79
1755869979.0799446,-4,4,-73
1755869979.1169446,-4,6,-76
1755869979.1559446,0,-6,-74
1755869979.1939447,-3,0,-79
1755869979.2299447,0,0,-79
1755869979.2669446,0,1,-81
1755869979.3059447,-6,-8,-77
1755869979.3439443,4,-7,-75
1755869979.3799446,1,-2,-81
1755869979.417945,1,-2,-77
1755869979.4569447,-1,-2,-74
1755869979.4949446,-2,0,-80
1755869979.5309446,0,-6,-70
1755869979.5679443,3,5,-74
1755869979.6059446,1,7,-85
1755869979.644945,-5,0,-71
1755869979.6809447,-5,-1,-74
1755869979.7199447,-1,-1,-68
1755869979.756945,0,3,-68
1755869979.7949443,-4,-2,-82
1755869979.8309443,5,-5,-79
1755869979.8679447,-2,5,-83
1755869979.9069445,-4,2,-74
1755869979.9449446,0,2,-73
1755869979.9809446,2,4,-71
1755869980.0179446,0,1,-73
1755869980.0559447,-4,0,-63
1755869980.0949447,0,-1,-75
1755869980.1309447,-3,1,-80
1755869980.167945,-6,-1,-77
1755869980.2069447,-1,-1,-73
1755869980.2449446,-5,0,-60
1755869980.2809446,-1,-1,-67
1755869980.3199446,-7,-1,-69
1755869980.3569446,1,-3,-69
1755869980.3959446,-4,5,-84
1755869980.4319446,-6,2,-82
1755869980.4699447,-7,0,-60
1755869980.5079446,0,0,-65
1755869980.5469446,0,-9,-72
1755869980.5849447,2,4,-71
1755869980.6209445,5,-1,-73
1755869980.657945,4,-3,-67
1755869980.6969447,5,-7,-74
1755869980.7349446,2,0,-79
1755869980.7709446,3,-4,-69
1755869980.8079443,-5,-7,-83
1755869980.8469446,-1,1,-83
1755869980.8909447,-6,-3,-78
1755869980.9299445,0,-6,-81
1755869980.9669447,0,-2,-72
1755869981.0059447,3,9,-86
1755869981.0419445,0,-2,-81
1755869981.0799446,2,-2,-79
1755869981.1189446,0,-2,-71
1755869981.1569445,-1,-6,-81
1755869981.1949446,6,-4,-78
1755869981.2309446,3,-4,-68
1755869981.2679446,-2,1,-66
1755869981.3069446,-8,0,-76
1755869981.3449447,-1,4,-76
1755869981.3809447,0,4,-83
1755869981.4189446,0,1,-71
1755869981.4569447,-1,1,-73
1755869981.4929447,0,1,-75
1755869981.529945,4,-5,-73
1755869981.5679443,2,-5,-67
1755869981.6069446,0,-4,-66
1755869981.6429446,1,-4,-78
1755869981.6799445,-4,-7,-76
1755869981.7179446,-4,0,-75
1755869981.756945,2,-4,-80
1755869981.792945,0,-4,-74
1755869981.8319447,0,-6,-77
1755869981.8689446,2,-3,-72
1755869981.907945,1,-6,-69
1755869981.9459443,1,0,-74
1755869981.9819446,0,1,-71
1755869982.0189445,-6,9,-75
1755869982.0579443,0,1,-72
1755869982.0959446,5,2,-70
1755869982.131945,2,-4,-75
1755869982.1689446,0,0,-71
1755869982.2069447,-9,-5,-81
1755869982.2429447,-4,0,-80
1755869982.2819445,0,0,-79
1755869982.3189447,-1,5,-74
1755869982.3579447,2,0,-82
1755869982.3959446,-3,-2,-81
1755869982.4319446,-3,-6,-75
1755869982.4709446,-6,-1,-83
1755869982.5079446,0,1,-76
1755869982.5459447,4,3,-73
1755869982.5819447,3,0,-73
1755869982.6189446,-3,4,-76
1755869982.657945,0,-4,-65
1755869982.6959443,6,0,-63
1755869982.7319446,4,-3,-72
1755869982.7689445,-5,0,-69
1755869982.8079443,2,-5,-79
1755869982.8459446,0,-8,-77
1755869982.881945,-4,-4,-71
1755869982.9209447,-7,-10,-70
1755869982.9589446,-2,1,-62
1755869982.996945,-1,-2,-62
1755869983.032945,1,-6,-77
1755869983.0709443,2,2,-72
1755869983.1079447,6,0,-63
1755869983.1459446,0,0,-75
1755869983.1819446,0,-3,-67
1755869983.2189443,-5,-4,-71
1755869983.2579446,3,-3,-76
1755869983.2939446,-6,-1,-78
1755869983.3319447,1,0,-74
1755869983.3699446,-9,-5,-73
1755869983.407945,-3,-3,-73
1755869983.4469447,-1,-7,-72
1755869983.4829447,-6,-6,-78
1755869983.5209446,-3,-7,-79
1755869983.5589447,0,-5,-73
1755869983.5979445,0,3,-69
1755869983.6339445,-9,6,-78
1755869983.6709447,1,0,-70
1755869983.7089446,1,4,-75
1755869983.746945,-2,-2,-80
1755869983.782945,-1,5,-67
1755869983.8199446,0,-2,-65
1755869983.8579447,-1,0,-72
1755869983.8969443,-1,-3,-78
1755869983.9329443,3,-1,-80
1755869983.9699447,0,0,-82
1755869984.0079446,2,-2,-76
1755869984.0439446,-4,-6,-73
1755869984.0829446,1,-6,-63
1755869984.1199446,-5,-5,-80
1755869984.1589446,-8,-1,-83
1755869984.1969447,0,-4,-78
1755869984.2329447,0,0,-84
1755869984.269945,3,0,-77
1755869984.3079443,3,-1,-70
1755869984.3439443,1,1,-70
1755869984.3809447,0,1,-81
1755869984.4189446,-1,0,-92
1755869984.4569447,-2,-7,-72
1755869984.4929447,-8,-2,-74
1755869984.5309446,-4,-1,-72
1755869984.5689447,-3,-4,-72
1755869984.6079447,-3,-4,-76
1755869984.6439445,0,0,-74
1755869984.6819446,0,8,-81
1755869984.7189443,-2,-4,-79
1755869984.7579446,-8,-5,-75
1755869984.7939446,-5,-2,-69
1755869984.8319447,-3,-4,-79
1755869984.8699446,-5,-3,-85
1755869984.9089446,0,0,-77
1755869984.9469447,-7,-1,-87
1755869984.9829447,0,0,-78
1755869985.019945,-1,9,-76
1755869985.0589447,-4,-1,-68
1755869985.0949447,-1,-8,-67
1755869985.1329446,0,2,-58
1755869985.1719446,-4,0,-66
1755869985.2089446,1,-5,-63
1755869985.2479446,2,-3,-75
1755869985.2839446,5,-4,-75
1755869985.3209443,2,1,-74
1755869985.358945,1,0,-65
1755869985.394945,-1,-2,-64
1755869985.4329443,-5,0,-73
1755869985.4709446,0,1,-70
1755869985.5089445,-4,2,-67
1755869985.5449443,-5,0,-81
1755869985.5819447,-3,0,-66
1755869985.6199446,-4,-10,-71
1755869985.6589446,1,0,-77
1755869985.6949446,-9,-2,-76
1755869985.7329447,0,0,-78
1755869985.7709446,-5,-3,-68
1755869985.8089447,0,2,-67
1755869985.8449447,-3,0,-72
1755869985.881945,-2,0,-74
1755869985.9199443,8,-3,-69
1755869985.9589446,2,-2,-71
1755869985.9949446,1,0,-79
1755869986.0339446,0,-6,-73
1755869986.0709443,0,-4,-79
1755869986.1099446,0,2,-77
1755869986.1479447,4,3,-68
1755869986.1839447,-1,7,-59
1755869986.2209446,0,0,-63
1755869986.259945,-5,-1,-66
1755869986.2979443,-3,1,-76
1755869986.3339446,1,2,-72
1755869986.3709445,7,-1,-67
1755869986.4099443,-3,2,-72
1755869986.4479446,-1,-8,-75
1755869986.483945,4,3,-71
1755869986.5209446,0,6,-78
1755869986.5589447,-3,2,-67
1755869986.5949447,4,-2,-63
1755869986.631945,-1,-3,-74
1755869986.6699443,-2,-4,-76
1755869986.7089446,1,-2,-68
1755869986.7449446,-1,7,-79
1755869986.782945,-1,11,-75
1755869986.8209443,6,2,-70
1755869986.858945,1,0,-73
1755869986.894945,0,-3,-74
1755869986.9329443,0,2,-72
1755869986.9699447,0,3,-76
1755869987.0059447,-2,0,-72
1755869987.042945,3,-6,-71
1755869987.0809443,1,-7,-73
1755869987.1199446,0,-8,-62
1755869987.1559446,3,-4,-62
1755869987.1929443,-2,0,-75
1755869987.2309446,-1,5,-66
1755869987.269945,3,2,-58
1755869987.3059447,10,-3,-72
1755869987.3439443,7,-2,-71
1755869987.381945,-5,-1,-68
1755869987.4199443,-8,0,-74
1755869987.4589446,-3,2,-73
1755869987.4949446,-2,-1,-78
1755869987.532945,3,-1,-67
1755869987.5719447,0,-2,-70
1755869987.6099446,-1,3,-76
1755869987.6459446,-6,-2,-64
1755869987.6849446,-6,4,-65
1755869987.7219446,1,0,-78
1755869987.759945,-7,6,-74
1755869987.7959447,-5,-1,-81
1755869987.8339446,0,-5,-72
1755869987.871945,7,0,-64
1755869987.9099443,8,-3,-66
1755869987.9459443,9,-6,-71
1755869987.983945,6,0,-70
1755869988.0219443,1,-4,-79
1755869988.0609446,9,-4,-70
1755869988.098945,11,-3,-60
1755869988.134945,6,-6,-62
1755869988.1719446,0,0,-68
1755869988.2099447,-1,0,-67
1755869988.2459445,0,0,-68
1755869988.2839446,3,0,-71
1755869988.3219447,8,0,-71
1755869988.3609445,4,-7,-70
1755869988.3989446,0,-2,-71
1755869988.4349446,-1,2,-62
1755869988.4719446,4,6,-71
1755869988.509945,-3,2,-60
1755869988.5459447,-3,4,-63
1755869988.5829446,-2,4,-73
1755869988.6209445,1,0,-65
1755869988.6599443,2,-6,-81
1755869988.6959443,0,-5,-77
1755869988.733945,2,-2,-74
1755869988.7719443,-1,6,-67
1755869988.8109446,9,5,-75
1755869988.8469446,7,0,-77
1755869988.8839445,7,4,-68
1755869988.9219446,0,7,-73
1755869988.9599447,7,3,-84
1755869988.9959445,2,3,-85
1755869989.0349443,0,-1,-67
1755869989.0719447,-4,1,-79
1755869989.1109445,-3,0,-79
1755869989.1469443,-6,-5,-76
1755869989.1849446,0,0,-69
1755869989.2219446,0,1,-68
1755869989.2609446,-3,3,-79
1755869989.2969446,0,0,-70
1755869989.3349447,0,14,-66
1755869989.371945,-3,8,-72
1755869989.4109447,-2,2,-73
1755869989.4469447,-4,-1,-73
1755869989.4849446,-9,2,-64
1755869989.5229447,-3,0,-74
1755869989.5619447,-2,-4,-58
1755869989.5999446,0,6,-63
1755869989.6359446,6,3,-72
1755869989.6729443,1,-2,-72
1755869989.7119446,3,5,-67
1755869989.7499447,3,4,-79
1755869989.7859447,0,-3,-82
1755869989.8229446,-4,0,-71
1755869989.861945,2,-1,-79
1755869989.8999443,1,1,-82
1755869989.9359446,7,-2,-73
1755869989.973945,3,-4,-71
1755869990.0119443,-6,2,-73
1755869990.0509446,-3,0,-76
1755869990.0869446,8,0,-76
1755869990.1239443,0,0,-64
1755869990.1619446,1,0,-76
1755869990.1999447,-2,-1,-71
1755869990.2359445,8,0,-67
1755869990.2729447,5,0,-70
1755869990.3109446,5,4,-79
1755869990.3469446,-7,4,-80
1755869990.384945,3,0,-55
1755869990.4229443,-1,0,-70
1755869990.4619446,4,0,-71
1755869990.4979446,7,-3,-65
1755869990.5359447,1,-2,-64
1755869990.5749447,5,6,-73
1755869990.611945,4,3,-84
1755869990.6479447,1,0,-79
1755869990.6849446,1,0,-83
1755869990.7229445,7,4,-71
1755869990.7609446,7,7,-73
1755869990.7969446,-4,5,-72
1755869990.8349447,-10,5,-68
1755869990.8729446,0,-3,-67
1755869990.9169445,-9,0,-80
1755869990.9549446,-7,0,-71
1755869990.9929447,-1,2,-78
1755869991.0319445,-3,3,-65
1755869991.0679443,-1,0,-76
1755869991.1059446,-5,0,-72
1755869991.144945,-1,-4,-75
1755869991.1819446,4,-4,-60
1755869991.2209446,3,-4,-61
1755869991.256945,9,-2,-69
1755869991.2939446,0,-1,-69
1755869991.3329446,0,-4,-76
1755869991.3709445,0,-4,-75
1755869991.4069445,4,-1,-60
1755869991.4439447,-2,3,-54
1755869991.4829447,3,7,-63
1755869991.5209446,3,-1,-71
1755869991.5569446,0,6,-73
1755869991.5939443,0,0,-69
1755869991.631945,0,-4,-64
1755869991.667945,4,0,-69
1755869991.7049446,6,3,-67
1755869991.7429447,4,2,-69
1755869991.7809446,-2,1,-64
1755869991.8169446,-8,-3,-59
1755869991.8549447,2,-2,-70
1755869991.8929446,-4,1,-65
1755869991.9309447,0,3,-71
1755869991.9669447,0,0,-67
1755869992.0039446,5,5,-71
1755869992.0419445,7,-4,-68
1755869992.0779445,0,-1,-67
1755869992.1149447,-1,0,-65
1755869992.1529446,1,-1,-69
1755869992.1919446,0,3,-72
1755869992.2279446,2,5,-72
1755869992.2649446,7,-3,-65
1755869992.302945,9,-2,-68
1755869992.3419447,11,4,-79
1755869992.3779447,6,3,-72
1755869992.4149446,1,2,-66
1755869992.4529445,3,1,-68
1755869992.4889443,-4,2,-64
1755869992.5269446,-1,4,-73
1755869992.5649445,-2,0,-88
1755869992.6029446,1,3,-80
1755869992.6419446,3,-1,-88
1755869992.677945,6,-4,-83
1755869992.7149446,-1,-4,-90
1755869992.7529447,-3,0,-85
1755869992.7919445,-2,-3,-79
1755869992.8279445,10,0,-77
1755869992.8649447,4,0,-73
1755869992.9029446,3,0,-78
1755869992.9389446,5,-2,-77
1755869992.9759445,2,1,-68
1755869993.0139446,-1,-1,-62
1755869993.0519447,-6,-5,-80
1755869993.0879445,-3,-7,-80
1755869993.1259446,0,4,-66
1755869993.1639447,0,0,-61
1755869993.2019446,-6,3,-64
1755869993.2379446,-5,4,-70
1755869993.2749443,1,-2,-73
1755869993.3139446,0,-7,-74
1755869993.3519447,1,1,-87
1755869993.3879447,0,6,-84
1755869993.4259446,-3,1,-78
1755869993.463945,-2,2,-69
1755869993.5019443,0,2,-69
1755869993.5379446,-8,1,-76
1755869993.575945,-11,5,-80
1755869993.6139443,-10,3,-84
1755869993.6529446,2,-1,-78
1755869993.6889446,3,0,-73
1755869993.7259445,3,2,-86
1755869993.7639446,-6,1,-72
1755869993.8019447,-3,-1,-70
1755869993.8379445,-3,1,-78
1755869993.8759446,0,7,-69
1755869993.9139447,0,2,-73
1755869993.9519446,0,-7,-82
1755869993.9879446,3,5,-81
1755869994.0259447,5,0,-76
1755869994.0639446,-3,3,-75
1755869994.0999446,-7,-2,-86
1755869994.1379447,1,-1,-87
1755869994.1759446,0,0,-83
1755869994.213945,0,-1,-80
1755869994.2499447,-5,-4,-73
1755869994.2879446,1,-2,-72
1755869994.325945,2,6,-73
1755869994.3639443,3,7,-72
1755869994.3999443,0,0,-66
1755869994.4369447,-4,1,-67
1755869994.4759445,1,4,-67
1755869994.5139446,0,-3,-76
1755869994.5499446,-4,-2,-82
1755869994.5879445,0,1,-81
1755869994.6259446,0,0,-66
1755869994.6639447,5,3,-73
1755869994.6999447,8,0,-76
1755869994.736945,-3,1,-68
1755869994.7749443,0,-10,-87
1755869994.8139446,-3,-1,-81
1755869994.8499446,-5,-6,-75
1755869994.8879447,0,0,-75
1755869994.9249446,-2,-5,-71
1755869994.963945,0,-1,-73
1755869994.9999447,5,2,-74
1755869995.0369446,2,6,-83
1755869995.0749447,5,2,-79
1755869995.1129446,0,1,-70
1755869995.1489446,-4,2,-67
1755869995.1869447,-5,-2,-73
1755869995.2249446,0,-2,-73
1755869995.2639446,1,0,-79
1755869995.3009446,4,-7,-78
1755869995.3379445,3,-8,-93
1755869995.3759446,3,-2,-82
1755869995.4149446,3,0,-72
1755869995.4529445,4,-2,-68
1755869995.4889443,8,-4,-73
1755869995.5259447,2,-1,-62
1755869995.5649445,-4,3,-82
1755869995.6029446,3,1,-73
1755869995.6389446,-4,3,-70
1755869995.6759446,-6,0,-83
1755869995.7149446,-10,-2,-72
1755869995.7529447,-1,-3,-68
1755869995.7889447,-6,-1,-70
1755869995.8269446,-4,2,-86
1755869995.8649447,3,6,-94
1755869995.9039447,-7,4,-85
1755869995.9399445,2,6,-80
1755869995.9769447,5,4,-81
1755869996.0149446,1,5,-74
1755869996.0509446,1,2,-70
1755869996.0879445,1,0,-74
1755869996.1249447,0,-4,-74
1755869996.1639447,-3,3,-79
1755869996.1999447,3,-2,-63
1755869996.2379446,5,-4,-83
1755869996.2759447,4,-3,-72
1755869996.3149445,4,-3,-90
1755869996.3509445,2,5,-75
1755869996.3879447,-3,3,-79
1755869996.4259446,4,7,-78
1755869996.4649446,4,-1,-64
1755869996.5009446,12,0,-77
1755869996.5379446,7,0,-79
1755869996.5749447,7,-6,-75
1755869996.6139443,3,0,-76
1755869996.6499443,5,2,-76
1755869996.6869447,6,-4,-76
1755869996.7259445,2,0,-65
1755869996.7639446,2,-5,-57
1755869996.7999446,4,-4,-75
1755869996.8379445,0,2,-86
1755869996.8759446,0,3,-71
1755869996.9139447,4,1,-66
1755869996.9499447,-2,-1,-75
1755869996.9879446,-4,-1,-71
1755869997.0259447,4,5,-76
1755869997.0639446,0,6,-69
1755869997.1009445,5,6,-75
1755869997.1379447,3,-2,-75
1755869997.1759446,2,-3,-75
1755869997.2149446,0,2,-73
1755869997.2509446,1,3,-80
1755869997.2879446,5,-10,-87
1755869997.325945,2,-3,-84
1755869997.3649447,6,-7,-86
1755869997.4009447,3,-3,-75
1755869997.437945,-3,-1,-79
1755869997.4759445,0,-1,-72
1755869997.5149446,-1,0,-72
1755869997.5509446,0,3,-70
1755869997.5879445,-2,0,-73
1755869997.6259446,-2,4,-71
1755869997.6649446,5,6,-69
1755869997.700945,3,6,-69
1755869997.7379446,2,3,-72
1755869997.7759447,-1,-5,-77
1755869997.8119447,-2,-3,-76
1755869997.8499446,1,-1,-84
1755869997.8879447,10,0,-71
1755869997.9259446,-1,2,-75
1755869997.9619446,-3,2,-72
1755869997.9989443,0,2,-69
1755869998.0369446,6,-2,-82
1755869998.075945,3,-3,-81
1755869998.111945,1,1,-91
1755869998.1489446,-8,4,-73
1755869998.1869447,-5,0,-73
1755869998.2259445,8,4,-70
1755869998.2619443,3,3,-71
1755869998.2989447,1,-2,-70
1755869998.3379445,8,1,-79
1755869998.3759446,8,-4,-75
1755869998.4119446,7,-3,-74
1755869998.4489446,0,0,-83
1755869998.486945,-2,0,-79
1755869998.5249443,-7,-2,-67
1755869998.5609446,-2,0,-77
1755869998.5979445,-1,1,-80
1755869998.6369443,0,0,-73
1755869998.6749446,4,-5,-68
1755869998.710945,5,-3,-63
1755869998.7479446,1,2,-70
1755869998.7869446,-2,1,-71
1755869998.8249447,3,-3,-70
1755869998.8609445,2,1,-75
1755869998.8979447,7,0,-88
1755869998.9369447,2,-2,-79
1755869998.9749446,0,0,-72
1755869999.0109446,5,-2,-77
1755869999.0479443,-2,4,-70
1755869999.0869446,0,-5,-65
1755869999.1249447,6,-2,-65
1755869999.1609447,8,0,-68
1755869999.1979446,11,1,-79
1755869999.2359445,8,1,-74
1755869999.2719443,-5,1,-82
1755869999.3099446,-2,0,-75
1755869999.3469446,2,-4,-65
1755869999.3859446,-1,-4,-66
1755869999.4219446,0,2,-75
1755869999.4599447,-1,7,-69
1755869999.496945,0,0,-79
1755869999.532945,2,2,-75
1755869999.5699446,0,2,-66
1755869999.6079447,-8,1,-64
1755869999.6469443,-2,1,-72
1755869999.6829443,3,-4,-68
1755869999.7209446,5,-2,-79
1755869999.759945,2,0,-70
1755869999.7969446,6,3,-72
1755869999.8329446,4,7,-68
1755869999.8699446,9,3,-71
1755869999.907945,9,6,-76
1755869999.9459443,-1,-1,-67
1755869999.9819446,-2,-4,-70
1755870000.019945,2,-3,-70
1755870000.0579443,-4,0,-71
1755870000.0969446,-2,-6,-83
1755870000.1329446,0,-5,-80
1755870000.1709447,-2,0,-75
1755870000.2079446,0,-9,-71
1755870000.246945,1,2,-72
1755870000.282945,0,1,-71
1755870000.3209443,8,-3,-68
1755870000.3579447,-6,3,-70
1755870000.3969443,-1,1,-73
1755870000.4329443,3,3,-76
1755870000.4709446,7,0,-71
1755870000.5089445,2,-2,-74
1755870000.5479443,3,-8,-66
1755870000.585945,3,-1,-70
1755870000.621945,0,0,-59
1755870000.6589446,-4,0,-69
1755870000.6979446,-1,0,-79
1755870000.7359445,-2,0,-56
1755870000.7719443,-4,0,-67
1755870000.8099446,-4,6,-74
1755870000.8479445,-3,0,-72
1755870000.8869443,-1,0,-65
1755870000.9309447,-10,-1,-77
1755870000.9689443,-7,-1,-83
1755870001.0079446,-3,-2,-81
1755870001.0459447,5,0,-78
1755870001.0819447,5,-1,-75
1755870001.1189446,-2,1,-73
1755870001.157945,2,-4,-76
1755870001.1939447,-3,0,-70
1755870001.2309446,4,-7,-74
1755870001.2689445,1,-8,-68
1755870001.3079443,3,-2,-70
1755870001.3439443,2,-4,-73
1755870001.3809447,-4,-2,-85
1755870001.4189446,-5,4,-82
1755870001.4579446,-3,-1,-79
1755870001.4939446,-5,-2,-83
1755870001.5319445,-3,0,-74
1755870001.5699446,-4,-3,-81
1755870001.6079447,-2,0,-91
1755870001.6469443,1,-1,-80
1755870001.6839447,-2,2,-68
1755870001.7209446,0,-1,-75
1755870001.7589445,3,1,-69
1755870001.7979443,10,2,-74
1755870001.8339446,4,-7,-86
1755870001.8709445,-1,-4,-85
1755870001.9089446,4,3,-75
1755870001.9469447,1,-4,-69
1755870001.983945,3,6,-81
1755870002.0209446,9,7,-76
1755870002.0589447,2,9,-71
1755870002.0969446,-7,4,-66
1755870002.1329446,-8,0,-63
1755870002.1709447,5,-1,-69
1755870002.2089446,-6,-2,-65
1755870002.2479446,-4,-4,-74
1755870002.2839446,-1,0,-77
1755870002.3209443,3,-2,-69
1755870002.358945,-1,0,-81
1755870002.3979447,-3,2,-78
1755870002.4339447,1,3,-86
1755870002.4709446,1,8,-83
1755870002.5089445,1,6,-76
1755870002.5469446,2,-1,-70
1755870002.5829446,-3,0,-78
1755870002.6209445,-8,8,-80
1755870002.6589446,-8,-4,-67
1755870002.6979446,0,-3,-68
1755870002.733945,-2,0,-77
1755870002.7709446,-4,-9,-83
1755870002.8089447,-1,3,-75
1755870002.8479445,-1,-1,-77
1755870002.8839445,-6,6,-69
1755870002.9209447,-4,-4,-71
1755870002.9589446,-2,-1,-71
1755870002.9979446,0,0,-68
1755870003.0339446,0,-1,-71
1755870003.0719447,0,-5,-76
1755870003.1099446,-4,-7,-62
1755870003.1489446,2,-5,-59
1755870003.1849446,-2,-1,-85
1755870003.2229445,-7,-6,-79
1755870003.2609446,-3,7,-87
1755870003.2999446,0,-1,-82
1755870003.3379445,-5,4,-79
1755870003.3739443,-5,-3,-83
1755870003.4129446,-4,-3,-73
1755870003.4499447,0,-6,-68
1755870003.4889443,8,-4,-70
1755870003.5249443,10,0,-67
1755870003.562945,-3,0,-68
1755870003.5999446,-1,-1,-71
1755870003.6389446,-5,5,-73
1755870003.6749446,-10,6,-75
1755870003.7129445,-3,0,-85
1755870003.7509446,4,3,-69
1755870003.7889447,3,4,-61
1755870003.825945,4,-6,-66
1755870003.8629446,0,-2,-68
1755870003.9009447,-2,-4,-60
1755870003.9399445,1,1,-71
1755870003.9779446,0,0,-84
1755870004.0139446,0,0,-77
1755870004.0509446,4,-6,-83
1755870004.0899446,6,1,-73
1755870004.1279447,2,-1,-74
1755870004.1639447,0,0,-74
1755870004.200945,1,-2,-61
1755870004.2399447,-1,-3,-75
1755870004.2779446,-4,2,-85
1755870004.3139446,1,3,-89
1755870004.3509445,-8,7,-66
1755870004.3899446,-6,5,-63
1755870004.427945,4,13,-72
1755870004.463945,5,6,-77
1755870004.5019443,5,0,-75
1755870004.5399446,7,-4,-69
1755870004.5779445,-2,0,-83
1755870004.6139443,6,7,-80
1755870004.6509447,3,-2,-85
1755870004.6899445,3,1,-70
1755870004.7279446,-5,-1,-84
1755870004.7639446,1,3,-76
1755870004.8019447,2,3,-69
1755870004.8399446,3,0,-72
1755870004.8759446,4,2,-73
1755870004.9129446,0,-4,-81
1755870004.950945,0,-2,-76
1755870004.9899447,4,-4,-72
1755870005.0259447,4,-2,-65
1755870005.062945,4,-1,-62
1755870005.1009445,7,-1,-85
1755870005.1399446,7,7,-85
1755870005.1759446,5,0,-73
1755870005.2149446,1,0,-69
1755870005.2519443,-5,-4,-67
1755870005.2909446,-1,-2,-62
1755870005.3289447,2,3,-63
1755870005.3649447,-1,-4,-64
1755870005.4029446,-2,0,-59
1755870005.440945,-6,-7,-66
1755870005.4799447,0,-1,-70
1755870005.5169446,-1,2,-71
1755870005.5539446,0,6,-71
1755870005.5909443,0,-3,-70
1755870005.6299446,1,0,-75
1755870005.6659446,2,-6,-80
1755870005.7029445,3,-4,-69
1755870005.7409446,5,0,-71
1755870005.779945,-2,0,-82
1755870005.8169446,-1,2,-81
1755870005.8539443,5,-5,-79
1755870005.8919446,-4,-3,-78
1755870005.9309447,-1,5,-66
1755870005.9689443,6,8,-76
1755870006.0049446,3,3,-78
1755870006.0419445,-1,5,-78
1755870006.0809443,0,3,-69
1755870006.1189446,10,3,-73
1755870006.154945,1,3,-77
1755870006.1919446,1,2,-79
1755870006.2309446,-4,2,-68
1755870006.2689445,-2,-1,-74
1755870006.3049445,-5,-5,-85
1755870006.3429446,1,-1,-89
1755870006.381945,1,-4,-81
1755870006.4199443,-1,-7,-76
1755870006.4559443,-3,-1,-76
1755870006.4939446,-1,3,-78
1755870006.5319445,0,-1,-73
1755870006.5709443,1,-5,-85
1755870006.6069446,-2,-2,-80
1755870006.6459446,0,1,-69
1755870006.6829443,-2,1,-77
1755870006.7209446,-5,1,-63
1755870006.759945,2,0,-71
1755870006.7959447,2,5,-65
1755870006.8329446,5,-3,-78
1755870006.8709445,0,0,-73
1755870006.9069445,2,0,-75
1755870006.9439447,5,0,-79
1755870006.9829447,4,4,-74
1755870007.0209446,0,2,-72
1755870007.0569446,0,6,-73
1755870007.0939443,-2,0,-71
1755870007.131945,-12,2,-70
1755870007.1709447,-1,-1,-70
1755870007.2069447,-2,0,-64
1755870007.2439446,-6,3,-67
1755870007.2819445,-3,1,-67
1755870007.3209443,2,-1,-62
1755870007.3569446,0,1,-58
1755870007.3939445,4,8,-71
1755870007.4319446,-2,0,-71
1755870007.4699447,0,-2,-64
1755870007.5059447,0,1,-71
1755870007.5439446,-2,0,-74
1755870007.5819447,3,-2,-75
1755870007.6209445,2,-4,-79
1755870007.6569445,-1,-3,-84
1755870007.6949446,0,-1,-75
1755870007.7329447,0,-3,-74
1755870007.7719443,2,-1,-75
1755870007.8099446,0,-6,-76
1755870007.8459446,0,0,-73
1755870007.8829446,0,-2,-66
1755870007.9219446,-2,0,-75
1755870007.9599447,7,-4,-73
1755870007.9959445,0,-7,-67
1755870008.032945,0,0,-67
1755870008.0709443,0,2,-70
1755870008.1069446,5,-2,-73
1755870008.1439445,-2,0,-74
1755870008.1819446,2,-2,-72
1755870008.2209446,3,4,-69
1755870008.256945,3,2,-69
1755870008.2939446,0,0,-70
1755870008.3319447,3,1,-79
1755870008.3679447,3,8,-77
1755870008.404945,3,0,-71
1755870008.4419446,3,0,-68
1755870008.4779446,6,-1,-73
1755870008.5149446,0,-1,-77
1755870008.552945,-2,2,-90
1755870008.5919447,-5,4,-80
1755870008.6279447,-4,11,-79
1755870008.6649446,0,1,-71
1755870008.7029445,0,-2,-66
1755870008.7419446,4,3,-77
1755870008.7779446,1,0,-81
1755870008.8149445,5,6,-87
1755870008.8529446,2,0,-83
1755870008.8909447,2,1,-76
1755870008.9269447,2,4,-68
1755870008.963945,3,-1,-75
1755870009.0029447,0,0,-63
1755870009.0409446,-1,0,-77
1755870009.0769446,-3,4,-85
1755870009.1149447,-2,0,-80
1755870009.1529446,5,2,-72
1755870009.190945,3,-1,-70
1755870009.2269447,4,0,-75
1755870009.2639446,0,-5,-72
1755870009.302945,-5,-5,-72
1755870009.3409443,-8,-4,-74
1755870009.3769443,-1,-1,-71
1755870009.4159446,-3,-2,-68
1755870009.4529445,0,-5,-71
1755870009.4919446,-3,-1,-77
1755870009.5279446,4,-6,-86
1755870009.5649445,-4,3,-72
1755870009.6029446,1,-2,-57
1755870009.6419446,0,-6,-65
1755870009.677945,0,-3,-77
1755870009.7159443,-6,-3,-74
1755870009.7539446,-9,-4,-74
1755870009.792945,0,-5,-77
1755870009.8309443,-2,2,-76
1755870009.8669446,7,-1,-60
1755870009.9039447,-3,-6,-71
1755870009.9429443,1,-2,-68
1755870009.9809446,0,-4,-61
1755870010.0169446,-7,-3,-58
1755870010.0549445,0,-4,-72
1755870010.0929446,-10,-2,-68
1755870010.131945,0,0,-68
1755870010.167945,2,-3,-76
1755870010.2059443,-2,5,-79
1755870010.2439446,1,3,-69
1755870010.282945,0,5,-70
1755870010.3189447,3,2,-68
1755870010.3559446,0,-2,-72
1755870010.3939445,0,0,-80
1755870010.4329443,-2,-4,-79
1755870010.4689443,-5,-1,-81
1755870010.506945,2,0,-83
1755870010.5449443,10,-2,-74
1755870010.5829446,-5,-2,-65
1755870010.621945,-6,2,-76
1755870010.657945,-1,0,-70
1755870010.6949446,-3,-5,-87
1755870010.7329447,-5,-4,-74
1755870010.7719443,0,-1,-70
1755870010.8079443,-6,-1,-75
1755870010.8459446,-5,-9,-78
1755870010.8839445,5,-4,-81
1755870010.9229443,-3,-5,-78
1755870010.9669447,0,-5,-83
1755870011.0049446,3,-1,-75
1755870011.0439446,0,-5,-67
1755870011.0819447,5,-7,-69
1755870011.1179447,6,-2,-74
1755870011.1559446,0,0,-65
1755870011.1939447,0,0,-65
1755870011.2329447,8,3,-66
1755870011.2689445,1,-3,-75
1755870011.3059447,-3,-2,-78
1755870011.3449447,-3,-5,-67
1755870011.3829446,-5,-10,-82
1755870011.4189446,-6,-1,-73
1755870011.4579446,-3,1,-74
1755870011.4949446,-7,-1,-75
1755870011.5339446,-2,-2,-80
1755870011.5719447,-4,0,-66
1755870011.6079447,-1,4,-65
1755870011.644945,1,3,-71
1755870011.6829443,5,0,-60
1755870011.7189443,-3,4,-63
1755870011.7559447,1,0,-77
1755870011.7939446,-6,-2,-73
1755870011.8319447,5,5,-79
1755870011.8679447,-3,5,-88
1755870011.904945,0,-10,-81
1755870011.9439447,1,-6,-81
1755870011.9799447,3,-6,-73
1755870012.0189445,2,-3,-71
1755870012.0559447,-1,0,-74
1755870012.0949447,5,4,-74
1755870012.1329446,-4,0,-67
1755870012.1689446,2,2,-73
1755870012.2059443,8,3,-71
1755870012.2439446,0,-2,-81
1755870012.279945,1,-1,-77
1755870012.3179443,-4,-5,-82
1755870012.3559446,-2,-1,-71
1755870012.394945,-1,-5,-68
1755870012.4329443,-7,-11,-79
1755870012.4689443,-7,-8,-83
1755870012.5079446,0,-4,-87
1755870012.5449443,8,-6,-74
1755870012.5839446,0,-1,-70
1755870012.6199446,0,1,-79
1755870012.6569445,5,-3,-78
1755870012.6949446,3,-3,-72
1755870012.733945,2,-7,-74
1755870012.769945,4,-3,-79
1755870012.8069446,1,0,-73
1755870012.8449447,6,3,-85
1755870012.8829446,7,2,-69
1755870012.9189446,2,-3,-65
1755870012.9559443,-2,0,-79
1755870012.9949446,0,0,-75
1755870013.032945,5,3,-76
1755870013.0689447,0,0,-71
1755870013.1059446,5,3,-75
1755870013.1439445,4,5,-62
1755870013.1799445,-3,-1,-77
1755870013.2179446,-1,0,-78
1755870013.2559447,-2,-5,-83
1755870013.2949443,0,1,-79
1755870013.3329446,-3,4,-80
1755870013.3689446,-2,-1,-78
1755870013.407945,-2,0,-70
1755870013.4449446,-3,0,-74
1755870013.483945,-1,-5,-72
1755870013.519945,8,-2,-73
1755870013.5569446,6,5,-80
1755870013.5949447,10,-4,-68
1755870013.6339445,11,5,-73
1755870013.6699443,6,1,-65
1755870013.7069447,1,1,-68
1755870013.7449446,-2,2,-85
1755870013.7839446,-3,1,-86
1755870013.8199446,1,2,-83
1755870013.8569446,-2,1,-72
1755870013.894945,2,-1,-69
1755870013.9339447,9,0,-56
1755870013.9699447,4,0,-67
1755870014.006945,7,0,-75
1755870014.0449443,-5,-1,-73
1755870014.0839446,-3,1,-68
1755870014.1199446,1,-1,-70
1755870014.157945,-1,1,-62
1755870014.1949446,3,-13,-78
1755870014.233945,3,-1,-75
1755870014.269945,-1,1,-73
1755870014.3079443,0,3,-79
1755870014.3449447,-1,-4,-69
1755870014.3839445,-6,0,-70
1755870014.4199443,-3,3,-71
1755870014.4579446,-2,-3,-76
1755870014.4949446,-6,-4,-91
1755870014.5339446,-5,3,-82
1755870014.5699446,2,5,-80
1755870014.6079447,7,1,-73
1755870014.6459446,7,-3,-68
1755870014.6839447,5,-9,-59
1755870014.7199447,7,-4,-66
1755870014.7579446,-3,-2,-60
1755870014.7959447,-3,-5,-68
1755870014.8339446,0,-6,-69
1755870014.8699446,0,-4,-71
1755870014.9069445,1,3,-72
1755870014.9459443,0,-6,-71
1755870014.983945,4,-3,-71
1755870015.019945,0,-1,-72
1755870015.0569446,-2,0,-83
1755870015.0959446,-2,1,-72
1755870015.1339445,0,0,-65
1755870015.1699443,3,0,-70
1755870015.2069447,0,0,-80
1755870015.2459445,-1,-7,-75
1755870015.2839446,5,-1,-71
1755870015.3199446,2,-3,-74
1755870015.3569446,-7,0,-64
1755870015.3959446,-6,3,-73
1755870015.4339447,5,2,-65
1755870015.4699447,0,1,-75
1755870015.506945,0,-2,-67
1755870015.5459447,2,-5,-75
1755870015.5819447,0,-3,-77
1755870015.6199446,-1,-3,-75
1755870015.657945,-3,-3,-78
1755870015.6959443,-2,4,-78
1755870015.7349446,-3,6,-78
1755870015.7709446,0,-3,-74
1755870015.8079443,4,-10,-85
1755870015.8459446,14,-6,-70
1755870015.884945,3,-2,-77
1755870015.9209447,5,0,-72
1755870015.9579446,5,2,-68
1755870015.9959445,-1,1,-66
1755870016.0319445,0,-3,-73
1755870016.0699446,1,-4,-62
1755870016.1079447,0,0,-68
1755870016.1459446,2,-1,-69
1755870016.1849446,2,1,-68
1755870016.2209446,-5,-3,-71
1755870016.2589445,-12,0,-68
1755870016.2969446,-8,2,-73
1755870016.335945,-6,-8,-85
1755870016.371945,0,0,-68
1755870016.4089446,8,0,-74
1755870016.4469447,1,0,-76
1755870016.4849446,9,-2,-83
1755870016.5209446,1,-6,-82
1755870016.5579443,-6,-2,-74
1755870016.5969446,-8,2,-71
1755870016.634945,-7,4,-73
1755870016.6709447,2,3,-78
1755870016.7079446,10,3,-64
1755870016.7459445,8,-7,-74
1755870016.782945,6,-3,-89
1755870016.8199446,6,3,-77
1755870016.8579447,2,0,-76
1755870016.8969443,-2,-10,-79
1755870016.9349446,-6,-1,-77
1755870016.9709446,-6,-1,-77
1755870017.0089445,4,-5,-74
1755870017.0469446,-2,0,-67
1755870017.085945,0,1,-85
1755870017.121945,-2,0,-78
1755870017.1589446,0,0,-80
1755870017.1969447,4,0,-68
1755870017.2349446,-1,1,-73
1755870017.2709446,3,-3,-73
1755870017.3089447,0,-5,-71
1755870017.3469446,-5,-2,-75
1755870017.3829446,3,1,-82
1755870017.4199443,7,-5,-67
1755870017.4589446,-3,-6,-57
1755870017.496945,-5,-7,-68
1755870017.532945,0,-4,-74
1755870017.5699446,-7,4,-80
1755870017.608945,-7,-4,-67
1755870017.6469443,4,0,-75
1755870017.6829443,5,-1,-79
1755870017.7199447,0,0,-70
1755870017.756945,-4,-3,-69
1755870017.7959447,4,-4,-63
1755870017.8319447,0,-9,-75
1755870017.8689446,-4,-3,-85
1755870017.9069445,0,-10,-80
1755870017.9459443,-6,-10,-81
1755870017.9819446,0,-6,-81
1755870018.0189445,0,-1,-68
1755870018.0569446,0,-3,-69
1755870018.0959446,-3,0,-65
1755870018.131945,-5,1,-71
1755870018.1689446,-5,-4,-79
1755870018.2079446,6,0,-77
1755870018.2459445,0,0,-74
1755870018.2819445,4,-4,-67
1755870018.3199446,0,-2,-58
1755870018.3579447,0,2,-64
1755870018.3969443,-4,-1,-71
1755870018.4329443,0,-5,-71
1755870018.4699447,9,-1,-67
1755870018.5079446,0,-6,-76
1755870018.5469446,5,-12,-73
1755870018.5829446,-2,-7,-76
1755870018.6209445,-1,-1,-71
1755870018.6589446,-5,-5,-74
1755870018.6979446,-1,-1,-73
1755870018.7359445,-4,-2,-77
1755870018.7719443,-1,-7,-71
1755870018.8099446,-2,-3,-71
1755870018.8479445,-2,-3,-71
1755870018.8869443,-3,-2,-88
1755870018.9229443,2,8,-77
1755870018.960945,0,-3,-62
1755870018.9989443,8,-3,-57
1755870019.0379446,-2,-4,-73
1755870019.075945,3,-4,-65
1755870019.111945,0,-4,-70
1755870019.1489446,0,-8,-74
1755870019.187945,-2,-11,-70
1755870019.223945,3,-4,-70
1755870019.2609446,11,1,-68
1755870019.2989447,6,0,-65
1755870019.3369446,1,0,-74
1755870019.3729446,-2,1,-68
1755870019.4099443,0,-1,-83
1755870019.4479446,-1,-5,-74
1755870019.486945,-1,0,-80
1755870019.5229447,0,0,-86
1755870019.5599446,-2,-6,-72
1755870019.5979445,-6,0,-71
1755870019.6369443,-2,-4,-92
1755870019.6729443,-14,-7,-91
1755870019.7119446,0,0,-74
1755870019.7489443,-4,1,-70
1755870019.7879446,-3,-2,-60
1755870019.8239446,-8,1,-63
1755870019.8609445,0,6,-65
1755870019.8979447,1,1,-64
1755870019.9369447,-1,7,-73
1755870019.9729445,0,3,-65
1755870020.009945,2,1,-74
1755870020.0489447,2,1,-65
1755870020.0869446,2,0,-74
1755870020.1229446,1,0,-66
1755870020.1599443,2,-8,-58
1755870020.1989446,2,-2,-70
1755870020.236945,3,-8,-69
1755870020.2729447,1,-2,-74
1755870020.3099446,1,0,-66
1755870020.3479445,1,0,-77
1755870020.3839445,4,-1,-74
1755870020.4209447,3,-4,-88
1755870020.4589446,4,2,-75
1755870020.4979446,5,-1,-84
1755870020.5339446,3,-2,-75
1755870020.5719447,4,-2,-72
1755870020.6099446,7,-2,-77
1755870020.6489446,6,-7,-81
1755870020.6869447,1,-2,-62
1755870020.7229445,-4,-3,-74
1755870020.7609446,-1,-2,-62
1755870020.7989447,-10,1,-67
1755870020.8379445,-2,-4,-76
1755870020.8739443,-6,-7,-81
1755870020.9119446,-2,-3,-85
1755870020.9499447,9,-5,-81
1755870020.9939446,4,-5,-79
1755870021.0319445,1,-3,-79
1755870021.0709443,-3,-4,-71
1755870021.108945,0,-2,-79
1755870021.1459446,0,3,-80
1755870021.1839447,0,2,-76
1755870021.2209446,-6,-3,-72
1755870021.259945,4,4,-72
1755870021.2979443,0,-2,-76
1755870021.3339446,0,3,-86
1755870021.3709445,-5,0,-80
1755870021.4099443,-3,0,-64
1755870021.4479446,-10,1,-76
1755870021.483945,-8,0,-76
1755870021.5209446,-5,-2,-82
1755870021.5599446,0,-4,-76
1755870021.5979445,0,-2,-67
1755870021.6339445,-4,-6,-69
1755870021.6719446,1,0,-83
1755870021.7099447,12,1,-84
1755870021.7479446,6,-1,-78
1755870021.7839446,4,-5,-86
1755870021.8209443,1,3,-79
1755870021.858945,-1,0,-83
1755870021.894945,1,-4,-81
1755870021.9329443,-1,-9,-72
1755870021.9709446,-4,-4,-75
1755870022.009945,0,-5,-78
1755870022.0479443,0,0,-66
1755870022.0839446,1,-6,-68
1755870022.1209445,-1,-5,-62
1755870022.1599443,1,-3,-68
1755870022.1979446,-4,-4,-76
1755870022.233945,-2,0,-68
1755870022.2719443,1,3,-69
1755870022.3099446,0,5,-70
1755870022.3479445,2,-3,-67
1755870022.3839445,2,0,-75
1755870022.4209447,1,-2,-76
1755870022.4599447,0,3,-69
1755870022.4979446,-6,-2,-65
1755870022.5339446,1,0,-66
1755870022.5709443,1,0,-65
1755870022.6099446,10,1,-69
1755870022.6479447,5,-3,-68
1755870022.6849446,2,-1,-66
1755870022.7219446,-1,-5,-83
1755870022.759945,0,-5,-80
1755870022.7989447,4,-5,-80
1755870022.8349447,-1,-1,-69
1755870022.8729446,2,-1,-74
1755870022.9109447,0,0,-73
1755870022.9489446,-1,0,-73
1755870022.9849446,1,0,-67
1755870023.0219443,-3,0,-68
1755870023.0599446,-6,-3,-70
1755870023.098945,-3,0,-75
1755870023.134945,-4,-4,-66
1755870023.1729443,3,-6,-72
1755870023.210945,2,-5,-87
1755870023.2499447,-2,-6,-83
1755870023.2859447,-5,-7,-68
1755870023.3239446,-3,-1,-70
1755870023.361945,-1,-2,-70
1755870023.3999443,-7,-6,-77
1755870023.4389446,-2,0,-74
1755870023.4749446,3,0,-76
1755870023.5119443,-2,3,-68
1755870023.5509446,-3,-2,-75
1755870023.588945,-2,-1,-74
1755870023.6249447,-8,2,-78
1755870023.6639447,-7,0,-72
1755870023.700945,-4,-3,-81
1755870023.7399447,0,0,-81
1755870023.7759447,-1,5,-75
1755870023.8139446,6,1,-73
1755870023.8519447,3,1,-76
1755870023.8899446,0,0,-80
1755870023.9259446,2,1,-80
1755870023.963945,7,-5,-84
1755870024.0019443,0,0,-78
1755870024.0399446,5,-6,-86
1755870024.075945,3,-7,-65
1755870024.1139443,3,4,-62
1755870024.1519446,3,0,-69
1755870024.1899445,0,0,-63
1755870024.2259445,-3,3,-69
1755870024.2639446,-1,2,-67
1755870024.3019447,0,0,-68
1755870024.3399446,0,4,-72
1755870024.3759446,2,0,-81
1755870024.4139447,1,1,-71
1755870024.4519446,-11,2,-74
1755870024.4899447,-1,0,-77
1755870024.5269446,-1,2,-75
1755870024.5639446,2,0,-80
1755870024.6009445,3,0,-79
1755870024.6399446,0,-7,-79
1755870024.6759446,0,1,-74
1755870024.713945,3,5,-77
1755870024.7519443,5,-2,-80
1755870024.7899446,-8,-1,-66
1755870024.825945,-8,5,-73
1755870024.8639443,-4,2,-75
1755870024.9009447,-4,1,-86
1755870024.9399445,-5,0,-82
1755870024.9759445,-3,2,-91
1755870025.0129447,-4,0,-68
1755870025.0509446,-6,3,-61
1755870025.0899446,0,6,-70
1755870025.1259446,2,1,-74
1755870025.1629446,0,4,-80
1755870025.200945,5,2,-83
1755870025.236945,7,1,-75
1755870025.2739446,4,-5,-76
1755870025.3119447,1,-3,-74
1755870025.3509445,3,1,-70
1755870025.3869443,-1,-8,-68
1755870025.4259446,-4,-7,-75
1755870025.4629445,1,-5,-84
1755870025.5019443,-1,-3,-80
1755870025.5399446,-3,-2,-75
1755870025.575945,1,-1,-72
1755870025.6129446,-6,-3,-77
1755870025.6519446,-7,-2,-67
1755870025.6899445,0,2,-80
1755870025.7259445,-9,2,-78
1755870025.7629447,-5,5,-68
1755870025.8019447,-6,-2,-70
1755870025.8399446,2,-8,-63
1755870025.8759446,8,-7,-66
1755870025.9129446,9,-1,-70
1755870025.9519446,9,-2,-70
1755870025.9899447,3,-1,-69
1755870026.0259447,-10,-3,-68
1755870026.0639446,-2,0,-67
1755870026.1019447,3,-1,-81
1755870026.1409447,6,4,-78
1755870026.1769447,6,0,-75
1755870026.213945,5,2,-66
1755870026.2519443,7,0,-68
1755870026.2899446,4,-6,-63
1755870026.325945,0,-6,-62
1755870026.3639443,-2,1,-73
1755870026.4019446,2,2,-77
1755870026.440945,2,2,-80
1755870026.4769447,-1,3,-76
1755870026.5139446,0,2,-64
1755870026.5519447,4,1,-67
1755870026.5909443,-4,3,-77
1755870026.6269443,0,0,-75
1755870026.6639447,3,-7,-79
1755870026.7019446,0,-6,-78
1755870026.7409446,-8,-1,-71
1755870026.7769446,-8,-1,-66
1755870026.8149445,3,-4,-72
1755870026.8529446,1,-3,-88
1755870026.8919446,6,1,-80
1755870026.927945,0,3,-69
1755870026.9649446,0,0,-62
1755870027.0019443,3,-5,-68
1755870027.0409446,0,-2,-68
1755870027.0769446,2,-2,-71
1755870027.1149447,0,-6,-71
1755870027.1529446,1,-2,-80
1755870027.1919446,-1,2,-70
1755870027.2279446,0,3,-74
1755870027.2649446,1,1,-68
1755870027.302945,9,0,-69
1755870027.3409443,0,-2,-71
1755870027.3769443,-3,-5,-69
1755870027.4149446,0,-2,-59
1755870027.4529445,3,0,-60
1755870027.4909446,7,-3,-62
1755870027.5269446,6,-4,-68
1755870027.5649445,-1,4,-65
1755870027.6029446,0,-3,-70
1755870027.6419446,-1,5,-71
1755870027.677945,0,-4,-68
1755870027.7149446,-5,-2,-72
1755870027.7529447,-1,7,-69
1755870027.7919445,-7,0,-70
1755870027.8279445,-1,-2,-68
1755870027.8659446,2,1,-71
1755870027.9039447,5,1,-73
1755870027.9429443,0,-1,-79
1755870027.9809446,0,-1,-79
1755870028.0169446,-5,-5,-86
1755870028.0559447,-5,0,-72
1755870028.0929446,3,-4,-81
1755870028.131945,-2,-1,-72
1755870028.167945,-1,-5,-74
1755870028.2059443,-4,-4,-70
1755870028.2439446,2,-1,-66
1755870028.282945,0,3,-79
1755870028.3189447,2,1,-79
1755870028.3559446,1,-2,-76
1755870028.3939445,1,-3,-68
1755870028.4329443,-6,-6,-65
1755870028.4689443,-9,-1,-73
1755870028.506945,0,-1,-83
1755870028.5449443,-5,-5,-81
1755870028.5829446,-8,6,-70
1755870028.621945,-6,3,-62
1755870028.657945,0,4,-68
1755870028.6949446,-1,-1,-75
1755870028.7329447,2,0,-67
1755870028.7719443,3,-2,-73
1755870028.8079443,2,-10,-79
1755870028.8449447,0,-3,-72
1755870028.8839445,1,-3,-86
1755870028.9219446,-1,-4,-83
1755870028.9579446,0,0,-74
1755870028.9949446,1,5,-75
1755870029.0339446,2,-5,-80
1755870029.0719447,-4,0,-83
1755870029.1079447,-7,-1,-83
1755870029.1459446,-4,5,-90
1755870029.1839447,0,0,-76
1755870029.2219446,5,3,-82
1755870029.2579446,1,3,-75
1755870029.2949443,9,-3,-79
1755870029.3339446,0,1,-84
1755870029.371945,3,1,-83
1755870029.407945,2,3,-78
1755870029.4449446,8,3,-69
1755870029.4829447,-2,-7,-66
1755870029.5189445,4,-8,-63
1755870029.5569446,-1,-6,-74
1755870029.5949447,4,-6,-78
1755870029.6339445,-1,0,-78
1755870029.6719446,-7,-1,-60
1755870029.7079446,-1,3,-68
1755870029.7449446,-1,4,-63
1755870029.7839446,-4,4,-64
1755870029.8219447,5,3,-72
1755870029.8579447,2,0,-75
1755870029.894945,3,6,-84
1755870029.9329443,0,3,-73
1755870029.9689443,-3,0,-72
1755870030.0059447,-1,-2,-75
1755870030.0439446,-3,-9,-70
1755870030.0829446,1,-3,-67
1755870030.1189446,1,-6,-72
1755870030.1559446,-1,-6,-84
1755870030.1939447,-1,-7,-77
1755870030.2329447,1,5,-71
1755870030.2689445,0,2,-76
1755870030.3059447,3,-2,-74
1755870030.3439443,-2,3,-69
1755870030.3829446,0,4,-74
1755870030.4189446,3,-7,-77
1755870030.4559443,2,0,-79
1755870030.4939446,3,4,-78
1755870030.529945,0,-3,-72
1755870030.5679443,8,-4,-72
1755870030.6059446,1,0,-68
1755870030.6439445,-3,2,-68
1755870030.6799445,-3,0,-65
1755870030.7179446,-7,-9,-76
1755870030.7559447,-1,-9,-85
1755870030.7949443,-2,-8,-85
1755870030.8329446,1,-9,-86
1755870030.8689446,-1,-4,-83
1755870030.9069445,-3,-6,-68
1755870030.9449446,-4,-2,-71
1755870030.983945,-1,2,-77
1755870031.0279446,-3,3,-72
1755870031.065945,2,2,-70
1755870031.1049447,1,6,-73
1755870031.1429446,5,3,-70
1755870031.1789446,0,4,-73
1755870031.2159443,3,-5,-65
1755870031.2549446,7,-3,-64
1755870031.292945,7,-4,-67
1755870031.3289447,5,0,-68
1755870031.3659446,-3,0,-68
1755870031.404945,-2,0,-72
1755870031.4429443,-5,2,-75
1755870031.4789443,0,1,-68
1755870031.5159447,-5,-3,-61
1755870031.5549445,-2,-6,-67
1755870031.5929446,-8,-5,-73
1755870031.6289446,-3,-7,-76
1755870031.6669445,-3,1,-75
1755870031.7059443,8,-2,-73
1755870031.7439446,2,-5,-79
1755870031.779945,4,-1,-75
1755870031.8179443,0,0,-80
1755870031.8549447,-2,-1,-84
1755870031.8939445,-2,0,-85
1755870031.9299445,0,6,-80
1755870031.9669447,3,8,-67
1755870032.0049446,0,3,-73
1755870032.0439446,2,-3,-68
1755870032.0799446,-1,-4,-75
1755870032.1179447,-2,0,-75
1755870032.1559446,-1,3,-81
1755870032.1949446,-1,1,-77
1755870032.2309446,-4,4,-77
1755870032.2689445,-3,5,-66
1755870032.3059447,-6,-1,-73
1755870032.3449447,-8,0,-75
1755870032.3809447,-5,-5,-68
1755870032.4189446,-8,-3,-79
1755870032.4569447,0,-6,-70
1755870032.4959445,1,-4,-76
1755870032.5339446,-9,-3,-70
1755870032.5699446,0,-2,-70
1755870032.6069446,-3,-2,-71
1755870032.6459446,-7,-1,-76
1755870032.6839447,-6,-4,-66
1755870032.7199447,-4,-4,-65
1755870032.7579446,0,0,-70
1755870032.7959447,8,0,-67
1755870032.8339446,3,2,-72
1755870032.8699446,1,-4,-84
1755870032.9069445,5,-1,-78
1755870032.9459443,5,0,-64
1755870032.983945,0,-2,-69
1755870033.019945,0,-1,-67
1755870033.0569446,4,1,-73
1755870033.0949447,1,0,-74
1755870033.1309447,4,2,-71
1755870033.1689446,-5,0,-68
1755870033.2069447,-4,0,-69
1755870033.2459445,3,-4,-64
1755870033.2839446,1,-2,-72
1755870033.3199446,4,-2,-67
1755870033.3569446,4,-5,-73
1755870033.3959446,-1,-2,-87
1755870033.4339447,0,-3,-83
1755870033.4699447,4,0,-76
1755870033.506945,13,0,-81
1755870033.5449443,0,0,-60
1755870033.5809443,-2,-2,-68
1755870033.6189446,-2,0,-80
1755870033.6569445,-8,-6,-77
1755870033.6959443,-7,-3,-65
1755870033.7319446,-6,4,-71
1755870033.7689445,-5,4,-76
1755870033.8069446,0,3,-73
1755870033.8449447,-2,-1,-79
1755870033.8809447,0,1,-77
1755870033.917945,-3,3,-81
1755870033.9559443,1,-1,-76
1755870033.9949446,8,3,-72
1755870034.0309446,0,4,-70
1755870034.0679443,-1,4,-66
1755870034.1059446,0,0,-67
1755870034.1419446,5,0,-65
1755870034.1799445,8,0,-70
1755870034.2179446,1,0,-88
1755870034.2559447,1,-2,-88
1755870034.2949443,-5,4,-77
1755870034.3309443,-8,7,-75
1755870034.3679447,-7,0,-78
1755870034.4069445,-3,-1,-79
1755870034.4449446,1,-4,-81
1755870034.4809446,1,1,-82
1755870034.5179446,0,-4,-81
1755870034.5569446,0,-4,-90
1755870034.5949447,0,0,-87
1755870034.6309447,2,-6,-73
1755870034.6689446,7,-1,-83
1755870034.7069447,0,1,-69
1755870034.7449446,0,0,-63
1755870034.7809446,-6,-6,-68
1755870034.8189447,-3,1,-73
1755870034.8569446,-10,0,-73
1755870034.8959446,-9,0,-89
1755870034.9319446,-10,4,-76
1755870034.9689443,-6,1,-73
1755870035.006945,2,1,-61
1755870035.0449443,-1,0,-69
1755870035.0809443,-2,-6,-81
1755870035.1189446,0,-2,-85
1755870035.1569445,6,-3,-81
1755870035.1959443,3,0,-66
1755870035.2319446,2,-2,-68
1755870035.2689445,0,2,-72
1755870035.3069446,-1,3,-69
1755870035.3459446,7,2,-81
1755870035.381945,4,-3,-68
1755870035.4189446,1,0,-73
1755870035.4569447,1,0,-74
1755870035.4929447,4,-5,-63
1755870035.529945,4,0,-83
1755870035.5669446,2,2,-78
1755870035.6059446,-5,0,-76
1755870035.6419446,0,2,-70
1755870035.6799445,-5,6,-71
1755870035.7179446,9,7,-70
1755870035.756945,5,6,-79
1755870035.792945,2,6,-86
1755870035.8309443,11,2,-82
1755870035.8689446,1,4,-76
1755870035.9069445,-7,2,-66
1755870035.9429443,-5,1,-57
1755870035.9799447,4,-1,-70
1755870036.0179446,-1,0,-71
1755870036.0569446,5,-4,-71
1755870036.0929446,1,-1,-65
1755870036.1299446,0,3,-81
1755870036.167945,1,0,-80
1755870036.2059443,-4,1,-81
1755870036.2419446,-1,0,-67
1755870036.279945,-6,-4,-74
1755870036.3179443,-4,-3,-73
1755870036.3569446,-9,-2,-81
1755870036.3929446,0,0,-81
1755870036.4299445,-1,-6,-74
1755870036.4679446,-1,-5,-73
1755870036.506945,9,-1,-82
1755870036.542945,6,-3,-74
1755870036.5799446,2,0,-73
1755870036.6179447,4,-3,-68
1755870036.6559446,-7,-2,-61
1755870036.6919446,0,2,-66
1755870036.7299447,-1,6,-75
1755870036.7679446,0,4,-67
1755870036.8069446,4,3,-72
1755870036.8429446,6,-2,-67
1755870036.8799446,6,-3,-75
1755870036.9189446,-2,0,-74
1755870036.9569447,2,-5,-81
1755870036.9929447,2,-3,-78
1755870037.029945,-7,1,-77
1755870037.0679443,-1,0,-78
1755870037.1069446,0,0,-64
1755870037.1429446,-8,1,-65
1755870037.1799445,0,-1,-69
1755870037.2179446,-1,-1,-71
1755870037.256945,-1,0,-75
1755870037.292945,0,-1,-80
1755870037.3299446,10,-13,-76
1755870037.3679447,1,1,-76
1755870037.4069445,-3,2,-66
1755870037.4429443,-2,6,-77
1755870037.4799447,-1,0,-75
1755870037.5179446,3,3,-76
1755870037.5569446,2,1,-82
1755870037.5929446,0,2,-68
1755870037.6299446,-3,3,-75
1755870037.667945,-3,-2,-82
1755870037.7069447,-2,6,-64
1755870037.7429447,-1,3,-71
1755870037.779945,-5,-2,-63
1755870037.8179443,-1,-3,-70
1755870037.8569446,0,-5,-71
1755870037.8929446,3,-2,-83
1755870037.9299445,3,1,-82
1755870037.9689443,-3,-2,-75
1755870038.006945,0,-5,-71
1755870038.042945,5,0,-73
1755870038.0799446,-7,7,-75
1755870038.1189446,3,0,-72
1755870038.1569445,2,-3,-75
1755870038.1929443,6,-1,-76
1755870038.2299447,8,1,-79
1755870038.2679446,2,1,-75
1755870038.3049445,6,-3,-74
1755870038.3419447,3,-4,-74
1755870038.3799446,-4,-1,-72
1755870038.4189446,3,2,-77
1755870038.4569447,-1,10,-74
1755870038.4929447,-1,6,-76
1755870038.529945,-2,0,-72
1755870038.5689447,2,2,-68
1755870038.6069446,-1,-3,-80
1755870038.6429446,0,-5,-67
1755870038.6799445,0,-1,-67
1755870038.7189443,-6,3,-80
1755870038.756945,-8,1,-73
1755870038.792945,-7,-1,-67
1755870038.8309443,0,-1,-88
1755870038.8689446,2,-3,-78
1755870038.907945,-1,-5,-87
1755870038.9439447,0,-7,-86
1755870038.9819446,2,0,-69
1755870039.0189445,7,1,-78
1755870039.0579443,2,0,-74
1755870039.0939443,-5,-5,-80
1755870039.131945,0,0,-78
1755870039.1689446,3,-8,-86
1755870039.2079446,-2,-5,-70
1755870039.2439446,-2,-7,-74
1755870039.2819445,5,-8,-80
1755870039.3199446,0,0,-72
1755870039.3579447,-1,0,-71
1755870039.3939445,-2,3,-79
1755870039.4319446,5,1,-78
1755870039.4689443,3,0,-84
1755870039.5049446,3,-4,-69
1755870039.5419445,5,1,-77
1755870039.5799446,6,3,-82
1755870039.6179447,4,2,-79
1755870039.6539447,0,-3,-73
1755870039.6919446,-2,-1,-83
1755870039.7299447,-2,-3,-69
1755870039.7689445,3,1,-66
1755870039.8049445,3,6,-73
1755870039.8419447,-4,1,-81
1755870039.8799446,-5,0,-87
1755870039.9189446,-3,5,-72
1755870039.9549446,-5,6,-63
1755870039.9919446,-8,-2,-69
1755870040.029945,1,0,-69
1755870040.0679443,-2,-5,-77
1755870040.1039443,4,-4,-82
1755870040.1419446,-2,-6,-88
1755870040.1799445,-8,0,-81
1755870040.2189443,-5,0,-77
1755870040.2549446,-4,0,-83
1755870040.2919445,-2,0,-78
1755870040.3299446,-1,5,-66
1755870040.3679447,-8,-1,-72
1755870040.4039447,0,3,-72
1755870040.440945,0,-1,-79
1755870040.4799447,1,0,-85
1755870040.5179446,2,-2,-86
1755870040.5539446,-2,1,-71
1755870040.5909443,9,0,-69
1755870040.6299446,1,1,-69
1755870040.6659446,-4,-1,-69
1755870040.7039447,-9,4,-70
1755870040.7419446,1,7,-62
1755870040.779945,1,2,-72
1755870040.815945,-5,0,-67
1755870040.8529446,1,-1,-67
1755870040.8909447,4,-1,-76
1755870040.9299445,-1,0,-77
1755870040.9659443,0,-4,-75
1755870041.0039446,12,-8,-67
1755870041.0499446,2,-6,-81
1755870041.085945,-1,0,-73
1755870041.1229446,2,0,-78
1755870041.1609447,-2,0,-78
1755870041.1999447,0,0,-79
1755870041.2359445,-3,2,-75
1755870041.2729447,3,-4,-79
1755870041.3109446,0,-4,-85
1755870041.3499446,-9,-4,-76
1755870041.3859446,-6,-1,-81
1755870041.4239447,-4,-5,-72
1755870041.4619446,0,-7,-71
1755870041.5009446,-6,-7,-71
1755870041.5389447,0,-10,-57
1755870041.5749447,1,-1,-62
1755870041.6129446,1,-1,-78
1755870041.6519446,-1,-2,-71
1755870041.6899445,0,-7,-50
1755870041.7259445,0,0,-59
1755870041.7629447,-1,0,-61
1755870041.8009446,-8,-5,-66
1755870041.8399446,3,2,-70
1755870041.8759446,5,-3,-69
1755870041.9129446,0,-3,-74
1755870041.950945,5,-3,-78
1755870041.9899447,-1,0,-67
1755870042.0259447,2,2,-75
1755870042.062945,6,-1,-79
1755870042.1009445,6,2,-67
1755870042.1399446,5,-3,-72
1755870042.1759446,4,3,-69
1755870042.2129445,4,-4,-59
1755870042.2509446,1,0,-66
1755870042.2899446,0,4,-60
1755870042.325945,8,7,-65
1755870042.3629446,3,3,-84
1755870042.4009447,3,0,-84
1755870042.4389446,0,2,-59
1755870042.4749446,-4,0,-58
1755870042.5129447,0,0,-55
1755870042.5509446,-2,2,-66
1755870042.5869446,0,4,-74
1755870042.6239443,0,5,-64
1755870042.6619446,3,2,-67
1755870042.6999447,4,-2,-76
1755870042.7359445,2,0,-67
1755870042.7729447,8,1,-69
1755870042.8109446,3,-1,-69
1755870042.8469446,1,-6,-75
1755870042.8839445,0,-7,-78
1755870042.9219446,3,0,-70
1755870042.9599447,1,1,-77
1755870042.9959445,1,5,-67
1755870043.032945,1,-3,-70
1755870043.0709443,5,-4,-73
1755870043.1099446,1,0,-75
1755870043.1459446,0,0,-84
1755870043.1839447,3,0,-68
1755870043.2219446,0,0,-76
1755870043.259945,3,5,-72
1755870043.2959447,7,2,-65
1755870043.3329446,-4,4,-81
1755870043.371945,0,-4,-92
1755870043.4099443,3,-3,-84
1755870043.4459443,0,-5,-77
1755870043.483945,-2,0,-75
1755870043.5219443,0,1,-93
1755870043.5599446,3,0,-80
1755870043.5959446,-3,-6,-78
1755870043.6339445,-5,4,-77
1755870043.6719446,5,3,-69
1755870043.710945,-2,-2,-72
1755870043.746945,-5,0,-71
1755870043.7839446,1,-3,-79
1755870043.8219447,3,-3,-74
1755870043.8609445,-6,1,-72
1755870043.8969443,-10,-1,-68
1755870043.9349446,2,-5,-70
1755870043.9729445,5,-7,-68
1755870044.0119443,5,0,-66
1755870044.0499446,2,-2,-81
1755870044.0869446,5,-1,-84
1755870044.1249447,1,-2,-76
1755870044.1629446,9,0,-78
1755870044.200945,3,-5,-77
1755870044.236945,-2,-4,-73
1755870044.2749443,5,-1,-87
1755870044.312945,7,0,-80
1755870044.3509445,0,-1,-72
1755870044.3869443,1,4,-77
1755870044.4239447,-1,12,-79
1755870044.4619446,3,0,-71
1755870044.4979446,1,-2,-87
1755870044.5349443,1,-4,-78
1755870044.5729446,5,2,-74
1755870044.6109445,7,1,-71
1755870044.6469443,5,1,-63
1755870044.6839447,7,0,-72
1755870044.7219446,-6,-2,-70
1755870044.7609446,-5,0,-75
1755870044.7969446,3,-2,-62
1755870044.8339446,-3,-1,-66
1755870044.871945,5,-5,-57
1755870044.9109447,2,-2,-68
1755870044.9469447,6,-6,-68
1755870044.983945,2,0,-57
1755870045.0219443,4,6,-67
1755870045.0579443,4,7,-63
1755870045.0959446,11,3,-66
1755870045.1329446,7,4,-68
1755870045.1719446,0,4,-73
1755870045.2079446,0,2,-78
1755870045.2459445,-1,4,-76
1755870045.2839446,6,0,-75
1755870045.3229446,-3,-6,-88
1755870045.3609445,4,0,-72
1755870045.3969443,1,1,-75
1755870045.4339447,0,4,-87
1755870045.4729445,2,5,-79
1755870045.5109446,5,6,-84
1755870045.5469446,1,0,-78
1755870045.5849447,5,-4,-78
1755870045.6229446,-4,-3,-76
1755870045.6609447,4,-5,-74
1755870045.6969447,0,-3,-62
1755870045.7349446,-2,-1,-72
1755870045.7729447,3,-2,-80
1755870045.8109446,5,0,-77
1755870045.8469446,5,0,-72
1755870045.884945,11,0,-68
1755870045.9229443,0,0,-78
1755870045.960945,-5,-1,-73
1755870045.996945,-4,1,-71
1755870046.0349443,-7,0,-67
1755870046.0729446,1,7,-71
1755870046.108945,-2,-1,-74
1755870046.1469443,0,-3,-77
1755870046.1849446,-6,-2,-86
1755870046.2229445,-2,-2,-82
1755870046.2619443,7,2,-75
1755870046.2979443,9,2,-72
1755870046.3349447,6,10,-76
1755870046.3729446,-4,7,-67
1755870046.4089446,-2,4,-67
1755870046.4459443,-2,3,-71
1755870046.4849446,-5,7,-84
1755870046.5229447,-2,5,-69
1755870046.5589447,1,-2,-67
1755870046.5959446,3,0,-65
1755870046.6329446,-2,-2,-80
1755870046.6719446,1,-2,-81
1755870046.7079446,4,-4,-78
1755870046.7459445,2,5,-67
1755870046.7839446,3,-4,-75
1755870046.8229446,-4,-2,-61
1755870046.858945,5,2,-58
1755870046.8959446,3,5,-81
1755870046.9339447,5,1,-76
1755870046.9729445,-4,2,-79
1755870047.0089445,-4,3,-72
1755870047.0459447,-1,3,-68
1755870047.0839446,-1,-3,-65
1755870047.1229446,1,-7,-68
1755870047.1589446,-2,-8,-61
1755870047.1969447,0,-6,-76
1755870047.2349446,0,-3,-72
1755870047.2739446,2,-1,-75
1755870047.3119447,-7,1,-80
1755870047.3479445,-5,2,-74
1755870047.384945,-11,1,-68
1755870047.4239447,-3,-5,-67
1755870047.4619446,-2,-4,-66
1755870047.4979446,1,5,-66
1755870047.5349443,0,-2,-77
1755870047.5739446,2,-2,-75
1755870047.611945,0,0,-61
1755870047.6479447,-7,0,-76
1755870047.6849446,-3,8,-79
1755870047.723945,1,4,-89
1755870047.7619443,-3,3,-85
1755870047.7979443,1,2,-76
1755870047.8349447,-7,-3,-79
1755870047.8739443,-2,0,-72
1755870047.9099443,5,0,-80
1755870047.9469447,10,-8,-80
1755870047.9849446,-2,2,-75
1755870048.0239446,2,0,-63
1755870048.0599446,2,-9,-65
1755870048.0969446,0,0,-64
1755870048.134945,-1,0,-70
1755870048.1729443,0,4,-78
1755870048.2089446,-6,-4,-69
1755870048.246945,3,0,-71
1755870048.2849443,4,0,-71
1755870048.3229446,4,0,-71
1755870048.358945,2,8,-72
1755870048.3959446,-5,1,-83
1755870048.4349446,-3,-2,-73
1755870048.4729445,7,-2,-70
1755870048.5089445,-4,-7,-76
1755870048.5469446,-5,-1,-80
1755870048.5849447,0,0,-91
1755870048.6229446,1,2,-77
1755870048.6589446,2,3,-80
1755870048.6959443,1,-1,-70
1755870048.7349446,0,5,-80
1755870048.7729447,1,1,-80
1755870048.8089447,-2,2,-82
1755870048.8459446,4,-4,-76
1755870048.884945,4,2,-74
1755870048.9229443,-5,-6,-73
1755870048.9589446,2,-3,-71
1755870048.9959445,-3,1,-73
1755870049.0349443,0,0,-76
1755870049.0729446,0,1,-77
1755870049.108945,0,6,-77
1755870049.1459446,0,6,-74
1755870049.1839447,3,3,-82
1755870049.2199447,3,-1,-72
1755870049.2589445,2,-15,-72
1755870049.2959447,5,0,-74
1755870049.3339446,7,0,-76
1755870049.3699446,0,0,-68
1755870049.4069445,-2,1,-67
1755870049.4449446,0,1,-69
1755870049.4829447,4,2,-75
1755870049.5189445,5,-1,-64
1755870049.5559447,9,-7,-67
1755870049.5949447,0,0,-68
1755870049.6309447,-1,2,-55
1755870049.667945,0,6,-69
1755870049.7049446,0,2,-69
1755870049.7409446,-4,6,-71
1755870049.7789447,5,0,-73
1755870049.815945,-4,-6,-76
1755870049.8549447,-2,0,-82
1755870049.8909447,-6,-1,-95
1755870049.9289446,4,0,-89
1755870049.9659443,1,2,-76
1755870050.0039446,2,-4,-73
1755870050.0399446,6,1,-69
1755870050.0769446,9,0,-80
1755870050.1149447,3,-2,-77
1755870050.1539447,4,-3,-67
1755870050.1899445,0,2,-66
1755870050.2269447,-2,-1,-79
1755870050.2649446,3,-3,-68
1755870050.3039446,0,-1,-77
1755870050.3399446,1,-4,-80
1755870050.3769443,0,-2,-81
1755870050.4159446,-1,-9,-75
1755870050.4539447,-2,-2,-73
1755870050.4899447,6,-1,-62
1755870050.5269446,0,-1,-75
1755870050.565945,0,6,-76
1755870050.6039443,3,3,-72
1755870050.6399446,3,4,-71
1755870050.6769447,0,1,-79
1755870050.7149446,1,0,-89
1755870050.7509446,-2,4,-79
1755870050.7889447,0,-2,-73
1755870050.8269446,1,-1,-65
1755870050.8659446,8,-4,-71
1755870050.9039447,-4,2,-80
1755870050.9399445,-5,-2,-66
1755870050.9779446,-6,0,-78
1755870051.0159447,-8,0,-66
1755870051.0599446,-8,2,-73
1755870051.0979445,-1,3,-76
1755870051.1369443,4,1,-79
1755870051.1749446,1,-4,-71
1755870051.210945,-4,0,-75
1755870051.2479446,-3,2,-74
1755870051.2859447,10,-3,-69
1755870051.3249447,6,-6,-76
1755870051.3609445,2,-10,-87
1755870051.3979447,2,-7,-73
1755870051.4359446,14,-6,-76
1755870051.4749446,3,1,-67
1755870051.5109446,2,0,-74
1755870051.5479443,-2,-1,-81
1755870051.585945,-3,0,-80
1755870051.6249447,-5,6,-73
1755870051.6609447,-5,3,-62
1755870051.6989446,-10,1,-78
1755870051.736945,-6,-3,-74
1755870051.7759447,0,-1,-73
1755870051.8119447,-7,0,-78
1755870051.848945,-5,0,-68
1755870051.8869443,0,-7,-69
1755870051.9259446,0,-11,-64
1755870051.9619446,-5,-12,-80
1755870051.9999447,-5,-6,-79
1755870052.0389447,-5,3,-73
1755870052.075945,0,-2,-76
1755870052.1149447,1,-3,-74
1755870052.1509447,0,-2,-73
1755870052.1889446,0,3,-63
1755870052.2269447,-3,2,-77
1755870052.2649446,-3,1,-63
1755870052.3009446,-1,1,-67
1755870052.3379445,-6,1,-75
1755870052.3769443,3,-4,-67
1755870052.4149446,7,-6,-72
1755870052.450945,3,-3,-66
1755870052.4879446,-1,-4,-72
1755870052.5269446,4,0,-83
1755870052.5649445,0,-1,-80
1755870052.6009445,0,1,-81
1755870052.6379447,2,1,-71
1755870052.6769447,0,0,-67
1755870052.7149446,2,7,-69
1755870052.7509446,3,3,-65
1755870052.7889447,2,0,-78
1755870052.8269446,-2,-3,-78
1755870052.8649447,-3,-3,-80
1755870052.9009447,-5,-4,-70
1755870052.9389446,0,-1,-75
1755870052.9769447,6,-4,-73
1755870053.0159447,5,7,-74
1755870053.0519447,0,0,-79
1755870053.088945,-6,3,-75
1755870053.1279447,-1,-3,-79
1755870053.1659446,6,0,-66
1755870053.2019446,3,0,-68
1755870053.2399447,2,2,-72
1755870053.2779446,-4,9,-79
1755870053.315945,-6,3,-73
1755870053.3529446,-9,-3,-81
1755870053.3899446,-4,-1,-80
1755870053.427945,-4,-2,-77
1755870053.4669447,-1,1,-75
1755870053.5029447,0,0,-74
1755870053.5399446,3,1,-75
1755870053.5769446,1,0,-85
1755870053.6159446,-5,0,-84
1755870053.6519446,-9,-1,-74
1755870053.6899445,-11,-2,-76
1755870053.7279446,-10,-6,-70
1755870053.7669446,-8,-7,-81
1755870053.802945,-1,-8,-77
1755870053.8409443,-1,0,-79
1755870053.8789446,-2,3,-69
1755870053.9169445,-4,4,-70
1755870053.9559443,7,-5,-65
1755870053.9919446,5,-5,-62
1755870054.0289447,3,-4,-64
1755870054.0679443,9,-4,-63
1755870054.1059446,2,1,-66
1755870054.1419446,-2,1,-73
1755870054.1789446,-9,-2,-77
1755870054.2179446,2,-2,-62
1755870054.2559447,-1,5,-75
1755870054.2919445,1,-3,-83
1755870054.3289447,4,-7,-73
1755870054.3679447,2,-2,-72
1755870054.4059446,7,-4,-74
1755870054.4419446,7,-3,-80
1755870054.4789443,5,-4,-77
1755870054.5179446,4,0,-77
1755870054.5559447,4,5,-79
1755870054.5919447,-5,4,-86
1755870054.6289446,-6,2,-76
1755870054.667945,1,2,-70
1755870054.7059443,0,3,-78
1755870054.7419446,0,1,-85
1755870054.7789447,3,6,-86
1755870054.8179443,0,-1,-83
1755870054.8559446,-2,0,-75
1755870054.8919446,-3,0,-83
1755870054.9289446,1,-3,-74
1755870054.9679446,-1,7,-74
1755870055.0039446,-7,0,-64
1755870055.0409446,-4,0,-64
1755870055.0789447,-7,-2,-75
1755870055.1179447,-4,-3,-76
1755870055.1539447,-4,-1,-77
1755870055.1919446,-3,1,-79
1755870055.2299447,-3,-3,-70
1755870055.2689445,1,-4,-62
1755870055.3069446,1,4,-72
1755870055.3429446,0,4,-64
1755870055.3809447,-3,1,-69
1755870055.4189446,1,-1,-77
1755870055.4579446,-5,-1,-78
1755870055.4939446,3,-1,-67
1755870055.5309446,7,-4,-67
1755870055.5689447,7,-4,-71
1755870055.6079447,2,-4,-73
1755870055.6439445,5,-4,-74
1755870055.6809447,8,-6,-74
1755870055.7189443,4,-5,-68
1755870055.7579446,-3,-1,-67
1755870055.7939446,-3,0,-64
1755870055.8309443,0,1,-76
1755870055.8689446,-5,7,-81
1755870055.907945,-3,6,-82
1755870055.9439447,-4,3,-79
1755870055.9829447,1,2,-76
1755870056.019945,3,-2,-80
1755870056.0589447,1,-1,-74
1755870056.0969446,0,1,-69
1755870056.1329446,7,4,-78
1755870056.1709447,-6,5,-79
1755870056.2089446,1,3,-82
1755870056.246945,6,0,-63
1755870056.282945,6,1,-69
1755870056.3199446,-1,6,-84
1755870056.358945,3,-3,-75
1755870056.3969443,6,-3,-71
1755870056.4329443,0,-9,-65
1755870056.4699447,1,-2,-68
1755870056.5089445,4,1,-85
1755870056.5469446,-1,0,-82
1755870056.5829446,0,0,-79
1755870056.6209445,-6,5,-82
1755870056.6589446,-2,-3,-74
1755870056.6969447,5,-4,-82
1755870056.7329447,0,1,-72
1755870056.769945,2,-2,-69
1755870056.8089447,0,4,-76
1755870056.8449447,-9,0,-72
1755870056.881945,-6,10,-74
1755870056.9199443,-5,0,-70
1755870056.9589446,-4,6,-71
1755870056.9949446,-5,-4,-70
1755870057.032945,-2,-6,-76
1755870057.0709443,3,6,-70
1755870057.108945,1,6,-64
1755870057.144945,-3,-2,-80
1755870057.1829443,0,-10,-69
1755870057.2209446,2,-5,-67
1755870057.2589445,10,-3,-68
1755870057.2989447,0,-3,-62
1755870057.3349447,-2,-2,-65
1755870057.3729446,-3,1,-74
1755870057.4109447,-4,9,-72
1755870057.4489446,3,0,-64
1755870057.4879446,3,3,-81
1755870057.5239446,0,1,-82
1755870057.5619447,-2,0,-69
1755870057.5999446,4,0,-71
1755870057.6379447,8,3,-57
1755870057.6739447,5,1,-60
1755870057.710945,6,-4,-71
1755870057.7499447,3,-1,-67
1755870057.7879446,4,-1,-75
1755870057.8239446,0,0,-91
1755870057.8609445,-2,0,-82
1755870057.8999443,-1,-5,-75
1755870057.937945,6,-6,-67
1755870057.973945,6,-8,-65
1755870058.0119443,5,-15,-81
1755870058.0499446,2,-5,-81
1755870058.088945,3,0,-70
1755870058.1249447,3,-1,-64
1755870058.1619446,2,1,-68
1755870058.1999447,2,-3,-81
1755870058.2379446,-2,0,-68
1755870058.2739446,-8,2,-79
1755870058.3109446,1,0,-81
1755870058.3499446,-6,1,-71
1755870058.3879447,-9,-1,-73
1755870058.4239447,-4,-2,-85
1755870058.4619446,2,0,-79
1755870058.4999447,4,-5,-77
1755870058.5379446,-2,-1,-69
1755870058.5739446,4,-5,-74
1755870058.6109445,-2,-2,-69
1755870058.6499443,-6,-1,-72
1755870058.6859446,-5,-3,-75
1755870058.723945,-5,-2,-83
1755870058.7619443,-8,-3,-77
1755870058.8009446,-4,-3,-78
1755870058.838945,-5,-1,-65
1755870058.8749447,0,3,-75
1755870058.9119446,-10,-6,-62
1755870058.9499447,-6,-9,-70
1755870058.9889443,0,0,-66
1755870059.0249443,2,-1,-71
1755870059.0619447,0,-2,-72
1755870059.1009445,0,0,-55
1755870059.1389446,-1,0,-65
1755870059.1749446,-1,0,-71
1755870059.2119446,1,1,-67
1755870059.2499447,1,-5,-69
1755870059.2859447,10,-9,-67
1755870059.3239446,5,4,-76
1755870059.3609445,7,-1,-72
1755870059.3999443,-2,-2,-70
1755870059.4359446,-3,0,-71
1755870059.473945,1,0,-70
1755870059.5119443,6,-3,-69
1755870059.5509446,8,-3,-69
1755870059.588945,1,-4,-74
1755870059.6249447,6,0,-65
1755870059.6619446,-1,-2,-63
1755870059.700945,3,-1,-67
1755870059.7389443,-6,0,-75
1755870059.7749443,0,0,-76
1755870059.8119447,1,-1,-75
1755870059.8509445,0,-2,-68
1755870059.8889446,-1,-5,-68
1755870059.9249446,-1,-1,-70
1755870059.9629445,0,0,-79
1755870060.0009446,-4,-3,-76
1755870060.0399446,1,-4,-76
1755870060.075945,-1,-3,-63
1755870060.1139443,0,-1,-74
1755870060.1519446,0,-1,-76
1755870060.190945,0,0,-69
1755870060.2289443,1,0,-79
1755870060.2649446,-2,0,-98
1755870060.302945,2,7,-71
1755870060.3409443,6,3,-73
1755870060.3799446,5,3,-79
1755870060.4159446,-3,4,-77
1755870060.4539447,2,-3,-85
1755870060.4919446,10,2,-77
1755870060.529945,-1,7,-74
1755870060.565945,-3,0,-71
1755870060.6039443,8,-3,-72
1755870060.6419446,-2,1,-72
1755870060.6809447,5,-2,-73
1755870060.7169447,0,-2,-63
1755870060.7539446,-2,-2,-68
1755870060.7919445,-1,-9,-69
1755870060.8309443,3,0,-84
1755870060.8669446,1,-2,-69
1755870060.9039447,-7,0,-66
1755870060.9419446,-1,-1,-71
1755870060.9809446,2,0,-72
1755870061.0169446,5,-5,-68
1755870061.0539446,-3,0,-75
1755870061.0999446,5,4,-69
1755870061.1359446,2,7,-69
1755870061.1739447,-2,0,-69
1755870061.2119446,-2,1,-75
1755870061.2499447,-1,-2,-59
1755870061.2859447,0,0,-65
1755870061.3239446,-1,3,-69
1755870061.361945,-3,2,-81
1755870061.4009447,-13,3,-78
1755870061.4369447,3,6,-71
1755870061.4749446,3,5,-62
1755870061.5129447,3,2,-79
1755870061.5509446,3,-8,-74
1755870061.5869446,5,-2,-76
1755870061.6259446,9,-6,-79
1755870061.6629446,0,0,-74
1755870061.700945,-4,6,-64
1755870061.736945,3,5,-72
1755870061.7749443,4,-4,-76
1755870061.812945,2,-2,-80
1755870061.8519447,11,5,-73
1755870061.8899446,8,-7,-79
1755870061.9259446,2,-4,-81
1755870061.9629445,1,0,-82
1755870062.0009446,1,2,-73
1755870062.0369446,0,5,-79
1755870062.075945,5,-1,-74
1755870062.1129446,3,0,-71
1755870062.1519446,9,-4,-69
1755870062.1899445,6,2,-80
1755870062.2259445,1,2,-83
1755870062.2629447,-2,0,-80
1755870062.3019447,-1,-5,-76
1755870062.3379445,-3,4,-75
1755870062.3759446,-1,2,-78
1755870062.4129446,-2,-5,-77
1755870062.4519446,4,1,-70
1755870062.4879446,-1,-1,-79
1755870062.5259447,0,-5,-68
1755870062.5649445,0,2,-66
1755870062.6019447,9,-1,-68
1755870062.6409447,4,-1,-72
1755870062.6769447,0,0,-70
1755870062.7149446,5,-3,-72
1755870062.7519443,-4,-3,-62
1755870062.7909446,0,0,-60
1755870062.8269446,6,-6,-65
1755870062.8639443,5,-2,-76
1755870062.9019446,1,-5,-75
1755870062.940945,3,-1,-69
1755870062.9769447,0,-4,-74
1755870063.0149446,0,-2,-80
1755870063.052945,-2,6,-85
1755870063.0909443,-2,-6,-80
1755870063.1269443,3,0,-77
1755870063.1639447,2,0,-78
1755870063.2029445,-2,2,-73
1755870063.2409446,0,5,-77
1755870063.2769446,0,4,-80
1755870063.3149445,-3,0,-77
1755870063.3529446,1,8,-77
1755870063.3909447,-8,0,-74
1755870063.4269447,-9,-2,-72
1755870063.4649446,0,-5,-77
1755870063.5029447,-4,-8,-73
1755870063.5419445,-8,-3,-78
1755870063.5779445,-1,-1,-69
1755870063.6159446,2,-6,-57
1755870063.6539447,0,2,-63
1755870063.6929443,3,1,-64
1755870063.7309446,0,-1,-67
1755870063.7669446,-1,-2,-76
1755870063.8049445,-1,0,-77
1755870063.8429446,2,0,-70
1755870063.8809447,1,4,-71
1755870063.9169445,-3,7,-70
1755870063.9549446,-6,-2,-67
1755870063.9929447,3,1,-60
1755870064.0289447,-4,-3,-77
1755870064.0669446,-6,-1,-68
1755870064.1049447,-9,-7,-70
1755870064.1429446,-1,-5,-71
1755870064.1819446,-3,-1,-78
1755870064.2179446,0,-1,-86
1755870064.2549446,0,-3,-78
1755870064.292945,2,1,-77
1755870064.3319447,9,5,-76
1755870064.3679447,1,1,-67
1755870064.404945,2,5,-74
1755870064.4429443,-2,2,-79
1755870064.4819446,3,0,-70
1755870064.5179446,4,-3,-62
1755870064.5549445,2,-7,-69
1755870064.5929446,3,-7,-72
1755870064.631945,5,1,-73
1755870064.667945,-11,1,-72
1755870064.7049446,7,5,-71
1755870064.7429447,9,5,-64
1755870064.7789447,7,10,-71
1755870064.815945,2,0,-70
1755870064.8539443,1,0,-68
1755870064.8929446,0,0,-84
1755870064.9289446,-7,-1,-80
1755870064.9669447,-3,-4,-79
1755870065.0049446,-1,1,-78
1755870065.0439446,0,2,-62
1755870065.0819447,0,9,-81
1755870065.1179447,8,0,-81
1755870065.154945,0,-6,-70
1755870065.1939447,8,3,-77
1755870065.2319446,6,4,-70
1755870065.2679446,0,1,-78
1755870065.3049445,-3,0,-76
1755870065.3439443,0,0,-79
1755870065.381945,-4,1,-88
1755870065.417945,1,0,-88
1755870065.4549446,0,-4,-82
1755870065.4939446,0,4,-85
1755870065.5319445,-3,-1,-80
1755870065.5679443,-8,-7,-70
1755870065.6069446,-8,-1,-71
1755870065.6439445,-5,0,-72
1755870065.6829443,-6,-6,-76
1755870065.7189443,5,0,-89
1755870065.7559447,0,3,-77
1755870065.7939446,-3,-1,-74
1755870065.8329446,-9,-2,-67
1755870065.8689446,-3,0,-69
1755870065.9069445,-7,5,-69
1755870065.9449446,-8,1,-71
1755870065.983945,-2,0,-83
1755870066.019945,-8,4,-87
1755870066.0569446,2,3,-81
1755870066.0939443,-2,7,-75
1755870066.1329446,4,6,-79
1755870066.1689446,2,6,-64
1755870066.2069447,0,0,-73
1755870066.2439446,0,-1,-78
1755870066.282945,-6,1,-72
1755870066.3189447,-3,-1,-68
1755870066.3569446,-4,-5,-70
1755870066.394945,0,-1,-75
1755870066.4339447,0,2,-83
1755870066.4699447,-1,0,-78
1755870066.506945,-7,-7,-76
1755870066.5449443,-2,-1,-82
1755870066.5839446,1,2,-76
1755870066.6199446,5,2,-69
1755870066.6569445,7,-4,-70
1755870066.6949446,0,-11,-69
1755870066.733945,0,4,-70
1755870066.769945,0,0,-75
1755870066.8069446,-2,-2,-82
1755870066.8449447,-7,2,-74
1755870066.8839445,2,0,-64
1755870066.9199443,-7,2,-73
1755870066.9569447,0,-2,-58
1755870066.9949446,-1,-6,-72
1755870067.0339446,4,-3,-77
1755870067.0699446,3,3,-69
1755870067.1069446,-5,-2,-73
1755870067.144945,-1,1,-66
1755870067.1839447,0,-1,-78
1755870067.2199447,0,-2,-72
1755870067.256945,-3,-4,-68
1755870067.2949443,-5,0,-61
1755870067.3339446,-2,1,-77
1755870067.3699446,0,-5,-77
1755870067.4069445,0,-5,-81
1755870067.4449446,-3,2,-73
1755870067.483945,0,0,-73
1755870067.519945,-1,1,-71
1755870067.5569446,-2,2,-75
1755870067.5949447,0,-3,-74
1755870067.6339445,-6,-1,-70
1755870067.6699443,-6,-3,-79
1755870067.7079446,-5,-6,-70
1755870067.7459445,-5,-2,-73
1755870067.7849443,-1,5,-78
1755870067.8209443,2,-2,-71
1755870067.858945,-4,1,-80
1755870067.8969443,0,0,-66
1755870067.9349446,4,0,-70
1755870067.973945,-1,-1,-76
1755870068.009945,-2,4,-78
1755870068.0489447,-2,0,-69
1755870068.085945,-2,-1,-75
1755870068.1249447,-7,0,-83
1755870068.1609447,-6,-1,-74
1755870068.1989446,0,0,-84
1755870068.2359445,-5,0,-75
1755870068.2749443,0,-7,-68
1755870068.3109446,-8,0,-75
1755870068.348945,-8,0,-72
1755870068.3859446,-5,0,-68
1755870068.4249446,-2,-4,-70
1755870068.460945,1,6,-63
1755870068.4979446,-1,0,-80
1755870068.5359447,2,2,-80
1755870068.5749447,4,5,-75
1755870068.6109445,0,-2,-74
1755870068.6489446,-1,-6,-63
1755870068.6859446,0,1,-65
1755870068.723945,1,-4,-63
1755870068.759945,-6,-1,-63
1755870068.7989447,-2,-4,-68
1755870068.835945,-3,1,-69
1755870068.8749447,0,0,-66
1755870068.9109447,-1,2,-77
1755870068.9489446,-3,3,-68
1755870068.9859445,0,13,-71
1755870069.0239446,0,5,-64
1755870069.0599446,0,2,-60
1755870069.0969446,-2,3,-68
1755870069.1359446,0,5,-67
1755870069.1739447,3,-4,-64
1755870069.2099447,0,-6,-75
1755870069.246945,-2,-6,-68
1755870069.2859447,-3,-7,-70
1755870069.3239446,-12,0,-65
1755870069.3599446,-3,-1,-68
1755870069.3989446,-7,0,-77
1755870069.4359446,1,0,-71
1755870069.4719446,1,-3,-64
1755870069.5089445,7,4,-74
1755870069.5459447,-1,-2,-66
1755870069.5849447,-7,0,-72
1755870069.6209445,-4,3,-66
1755870069.6589446,9,2,-80
1755870069.6959443,8,3,-81
1755870069.7319446,4,3,-74
1755870069.7689445,2,6,-79
1755870069.8059447,1,0,-75
1755870069.8449447,3,0,-89
1755870069.8809447,0,-3,-82
1755870069.917945,-1,-6,-81
1755870069.9559443,0,2,-67
1755870069.9949446,5,0,-71
1755870070.0309446,0,4,-72
1755870070.0679443,0,0,-59
1755870070.1059446,2,0,-64
1755870070.1419446,-5,0,-77
1755870070.1799445,7,-2,-76
1755870070.2179446,-7,3,-69
1755870070.256945,-4,2,-72
1755870070.2949443,-7,6,-78
1755870070.3309443,0,2,-75
1755870070.3679447,-1,-1,-82
1755870070.4069445,4,2,-72
1755870070.4449446,3,-2,-78
1755870070.4809446,7,-6,-73
1755870070.5179446,2,1,-65
1755870070.5559447,-1,1,-74
1755870070.5919447,0,1,-73
1755870070.6289446,-6,2,-82
1755870070.6669445,-13,4,-69
1755870070.7059443,0,1,-65
1755870070.7419446,2,1,-71
1755870070.7809446,0,1,-77
1755870070.8179443,4,-3,-75
1755870070.8569446,6,0,-75
1755870070.894945,-4,1,-79
1755870070.9309447,0,-4,-75
1755870070.9679446,0,-1,-79
1755870071.006945,-1,-5,-73
1755870071.0449443,2,-8,-82
1755870071.0809443,7,-5,-83
1755870071.1269443,2,-1,-74
1755870071.1629446,0,5,-72
1755870071.200945,4,9,-64
1755870071.2389443,8,6,-79
1755870071.2769446,10,0,-76
1755870071.312945,-2,-3,-66
1755870071.3509445,-5,0,-72
1755870071.3899446,-13,-1,-62
1755870071.4269447,-4,1,-71
1755870071.4659443,-1,-3,-69
1755870071.5019443,2,-6,-71
1755870071.5399446,2,-1,-83
1755870071.5769446,8,1,-82
1755870071.6129446,2,-5,-56
1755870071.6509447,5,0,-55
1755870071.6899445,1,0,-63
1755870071.7269447,2,-8,-74
1755870071.7659447,0,-7,-72
1755870071.8019447,7,-6,-73
1755870071.8399446,-1,-1,-67
1755870071.8769443,-5,3,-76
1755870071.9159446,-2,-1,-71
1755870071.9519446,0,-1,-74
1755870071.9899447,6,0,-80
1755870072.0279446,2,2,-77
1755870072.065945,3,1,-73
1755870072.1019447,1,3,-72
1755870072.1399446,-3,3,-65
1755870072.177945,-3,3,-80
1755870072.2159443,-5,6,-74
1755870072.2519443,2,3,-71
1755870072.2899446,-4,0,-76
1755870072.3279445,0,-4,-77
1755870072.3659446,-1,-9,-80
1755870072.4019446,0,0,-80
1755870072.4389446,0,2,-63
1755870072.4779446,2,3,-64
1755870072.5159447,-6,1,-75
1755870072.5519447,-2,5,-71
1755870072.588945,2,4,-79
1755870072.6279447,7,0,-69
1755870072.6659446,5,-5,-85
1755870072.7019446,2,-4,-71
1755870072.7399447,-1,0,-81
1755870072.7779446,-2,5,-68
1755870072.8169446,3,-2,-71
1755870072.8529446,2,-3,-68
1755870072.8899446,8,-1,-76
1755870072.927945,0,-8,-69
1755870072.9669447,4,-4,-65
1755870073.0029447,5,-3,-55
1755870073.0399446,-3,0,-63
1755870073.0779445,-3,1,-77
1755870073.1169446,2,5,-66
1755870073.1529446,5,5,-62
1755870073.1899445,2,3,-67
1755870073.2279446,1,5,-74
1755870073.2639446,3,5,-72
1755870073.3009446,4,-4,-77
1755870073.3399446,7,-5,-70
1755870073.3779447,2,2,-62
1755870073.4139447,0,1,-63
1755870073.450945,1,0,-62
1755870073.4889443,-9,1,-71
1755870073.5279446,1,0,-68
1755870073.5639446,0,-4,-70
1755870073.6019447,-1,0,-69
1755870073.6399446,-5,0,-67
1755870073.677945,0,-1,-84
1755870073.713945,-1,0,-76
1755870073.7519443,5,1,-71
1755870073.7899446,2,-1,-57
1755870073.8289447,5,7,-67
1755870073.8669446,-7,0,-72
1755870073.9029446,-5,2,-79
1755870073.9399445,0,-5,-84
1755870073.9789443,-1,-6,-74
1755870074.0169446,-1,0,-72
1755870074.052945,-4,2,-78
1755870074.0909443,4,-4,-75
1755870074.1289446,11,4,-76
1755870074.167945,8,-1,-74
1755870074.2039447,0,3,-79
1755870074.2409446,10,0,-74
1755870074.2789447,0,-3,-76
1755870074.3169446,0,1,-68
1755870074.3529446,-8,3,-73
1755870074.3899446,-3,-2,-72
1755870074.4289446,-5,-4,-65
1755870074.4669447,-5,-4,-82
1755870074.5029447,-2,3,-74
1755870074.5409446,-3,0,-75
1755870074.5789447,0,1,-68
1755870074.6179447,0,-3,-69
1755870074.6539447,0,0,-72
1755870074.690945,-1,0,-64
1755870074.7289443,-3,-3,-68
1755870074.7679446,-3,-5,-71
1755870074.8039446,3,0,-63
1755870074.8409443,5,1,-63
1755870074.8789446,5,2,-58
1755870074.917945,5,1,-65
1755870074.9539447,1,-5,-76
1755870074.9919446,-4,-8,-74
1755870075.029945,-1,-6,-84
1755870075.0689447,-4,-10,-73
1755870075.1049447,-4,-4,-70
1755870075.1429446,-4,0,-79
1755870075.1809447,-2,-8,-82
1755870075.2189443,2,-10,-72
1755870075.2579446,1,-5,-75
1755870075.2939446,5,0,-69
1755870075.3309443,-2,0,-68
1755870075.3689446,1,2,-75
1755870075.407945,1,-1,-89
1755870075.4439447,-1,8,-87
1755870075.4809446,0,14,-94
1755870075.5189445,1,6,-83
1755870075.5549445,5,1,-81
1755870075.5919447,1,0,-75
1755870075.6299446,2,0,-68
1755870075.6689446,2,-1,-63
1755870075.7049446,3,0,-61
1755870075.7419446,-4,-1,-62
1755870075.779945,0,0,-70
1755870075.8179443,-4,-1,-68
1755870075.8539443,2,-5,-73
1755870075.8909447,-2,-5,-73
1755870075.9299445,-2,-1,-73
1755870075.9679446,4,-3,-69
1755870076.0039446,0,-3,-75
1755870076.0419445,10,-4,-74
1755870076.0799446,-5,-6,-71
1755870076.1179447,1,-2,-69
1755870076.1539447,1,0,-82
1755870076.190945,10,-6,-76
1755870076.2299447,6,-4,-71
1755870076.2679446,10,-1,-73
1755870076.3039446,7,-2,-81
1755870076.3409443,3,-2,-78
1755870076.3799446,1,0,-66
1755870076.417945,4,1,-71
1755870076.4539447,3,2,-70
1755870076.4919446,5,-2,-57
1755870076.5309446,5,5,-62
1755870076.5689447,-3,1,-62
1755870076.6049447,1,2,-67
1755870076.6419446,0,0,-71
1755870076.6799445,0,-1,-64
1755870076.7159443,-1,-1,-65
1755870076.7539446,5,-8,-79
1755870076.7919445,0,-6,-82
1755870076.8309443,-2,0,-76
1755870076.8689446,-4,2,-69
1755870076.904945,-3,0,-79
1755870076.9419446,-4,-7,-78
1755870076.9809446,-4,-7,-66
1755870077.0189445,1,-8,-65
1755870077.0549445,0,-2,-66
1755870077.0919447,6,-1,-59
1755870077.1309447,0,1,-55
1755870077.1689446,-2,0,-69
1755870077.2049446,-1,0,-65
1755870077.2419446,7,0,-78
1755870077.279945,-1,-8,-65
1755870077.315945,-1,-3,-68
1755870077.3549447,8,0,-67
1755870077.3919446,6,-2,-72
1755870077.4309447,-4,-2,-79
1755870077.4689443,-3,6,-71
1755870077.5049446,0,2,-73
1755870077.5419445,4,-6,-78
1755870077.5809443,9,1,-76
1755870077.6189446,4,0,-79
1755870077.654945,8,-4,-76
1755870077.6919446,3,-3,-77
1755870077.7309446,-4,0,-71
1755870077.7689445,-1,-3,-81
1755870077.8049445,0,0,-77
1755870077.8419447,-1,-2,-63
1755870077.8809447,-2,-4,-54
1755870077.9189446,7,-1,-71
1755870077.9549446,7,2,-79
1755870077.9919446,0,8,-83
1755870078.029945,-3,0,-72
1755870078.065945,-5,12,-80
1755870078.1029446,3,2,-88
1755870078.1409447,0,1,-86
1755870078.1789446,0,-3,-91
1755870078.2149446,0,0,-86
1755870078.2519443,-3,0,-88
1755870078.2909446,-2,-2,-73
1755870078.3269446,2,-3,-75
1755870078.3639443,3,-2,-74
1755870078.4019446,-2,-6,-84
1755870078.440945,4,-4,-87
1755870078.4769447,2,-1,-86
1755870078.5139446,0,-2,-74
1755870078.5519447,-1,-2,-67
1755870078.5909443,-1,-4,-75
1755870078.6269443,-3,-1,-74
1755870078.6649446,-4,-2,-75
1755870078.7029445,3,1,-86
1755870078.7409446,3,3,-81
1755870078.7769446,9,2,-80
1755870078.8139446,4,-4,-66
1755870078.8519447,2,-1,-73
1755870078.8909447,5,-9,-64
1755870078.9269447,0,-6,-63
1755870078.963945,4,0,-75
1755870079.0009446,4,4,-68
1755870079.0399446,0,-2,-67
1755870079.075945,-3,-2,-74
1755870079.1139443,9,0,-70
1755870079.1519446,1,-1,-78
1755870079.190945,1,0,-78
1755870079.2269447,3,2,-74
1755870079.2649446,-2,-5,-67
1755870079.302945,-10,-6,-62
1755870079.3419447,-1,-3,-76
1755870079.3799446,-1,-3,-77
1755870079.4159446,0,0,-68
1755870079.4539447,-1,0,-56
1755870079.4919446,-1,5,-68
1755870079.529945,0,4,-66
1755870079.565945,-2,0,-67
1755870079.6039443,-5,0,-72
1755870079.6419446,0,3,-70
1755870079.6799445,-3,-3,-69
1755870079.7159443,0,1,-66
1755870079.7529447,-5,-4,-71
1755870079.7919445,0,0,-76
1755870079.8299446,-1,0,-74
1755870079.8659446,-5,-3,-76
1755870079.9039447,-8,1,-71
1755870079.9419446,-9,-1,-75
1755870079.9809446,-7,3,-78
1755870080.0169446,-2,0,-76
1755870080.0539446,-2,4,-82
1755870080.0919447,0,2,-72
1755870080.1299446,-5,2,-90
1755870080.1659446,1,0,-76
1755870080.2039447,1,-6,-64
1755870080.2419446,-1,1,-70
1755870080.2779446,-2,1,-74
1755870080.3149445,-4,4,-72
1755870080.3539443,-8,3,-67
1755870080.3919446,-2,-4,-73
1755870080.427945,0,5,-76
1755870080.4649446,-2,1,-67
1755870080.5039446,0,3,-73
1755870080.5419445,0,6,-65
1755870080.5779445,-1,2,-78
1755870080.6149447,4,5,-80
1755870080.6519446,3,-3,-65
1755870080.690945,0,-6,-58
1755870080.7269447,3,-1,-60
1755870080.7649446,0,1,-71
1755870080.8039446,0,2,-78
1755870080.8419447,4,2,-79
1755870080.8779447,8,2,-77
1755870080.9159446,5,3,-69
1755870080.9539447,-2,0,-65
1755870080.9919446,-5,2,-77
1755870081.0279446,-6,0,-82
1755870081.065945,2,-13,-79
1755870081.1039443,-4,-2,-68
1755870081.1479447,-7,-5,-66
1755870081.1869447,1,3,-72
1755870081.223945,0,0,-84
1755870081.2629447,-3,8,-77
1755870081.3009446,0,-2,-75
1755870081.3369446,5,3,-68
1755870081.3739443,2,0,-74
1755870081.4129446,-2,0,-74
1755870081.450945,0,-4,-59
1755870081.486945,-1,3,-61
1755870081.5239446,-4,1,-70
1755870081.562945,3,-9,-84
1755870081.6009445,0,-4,-77
1755870081.6369443,0,-3,-79
1755870081.6739447,-6,-2,-82
1755870081.7129445,-4,3,-75
1755870081.7509446,0,2,-75
1755870081.7869446,-3,3,-72
1755870081.8239446,-1,0,-71
1755870081.8629446,-4,5,-72
1755870081.9009447,1,-5,-69
1755870081.9369447,4,1,-65
1755870081.973945,-3,0,-77
1755870082.0129447,0,0,-72
1755870082.0489447,-5,1,-69
1755870082.085945,-1,0,-71
1755870082.1239443,-6,-4,-70
1755870082.1629446,-7,-7,-77
1755870082.1989446,-12,-2,-87
1755870082.236945,-2,4,-75
1755870082.2749443,4,0,-74
1755870082.312945,1,-1,-75
1755870082.348945,-4,1,-79
1755870082.3859446,-5,-1,-69
1755870082.4239447,-1,1,-73
1755870082.4629445,4,3,-76
1755870082.4989443,3,0,-72
1755870082.5359447,-5,5,-68
1755870082.5739446,-3,4,-68
1755870082.6129446,0,-2,-73
1755870082.6489446,5,-2,-66
1755870082.6859446,1,-12,-69
1755870082.723945,3,1,-70
1755870082.7629447,-3,4,-68
1755870082.7989447,-2,4,-71
1755870082.8369446,0,3,-65
1755870082.8749447,-7,-3,-73
1755870082.9139447,-6,1,-65
1755870082.9519446,-7,2,-78
1755870082.9879446,-2,7,-73
1755870083.0249443,0,1,-70
1755870083.062945,9,0,-80
1755870083.098945,3,1,-86
1755870083.1359446,-2,1,-75
1755870083.1739447,3,1,-75
1755870083.2119446,3,3,-71
1755870083.2479446,0,5,-71
1755870083.2859447,-7,0,-60
1755870083.3239446,-1,2,-67
1755870083.3629446,-2,4,-87
1755870083.3989446,3,5,-75
1755870083.4359446,-1,1,-66
1755870083.473945,5,2,-79
1755870083.5119443,4,3,-75
1755870083.5479443,1,2,-74
1755870083.5849447,-4,-2,-80
1755870083.6239443,2,-3,-69
1755870083.6619446,5,-1,-58
1755870083.6979446,-2,-3,-63
1755870083.7359445,-2,0,-78
1755870083.7739446,-14,4,-75
1755870083.812945,-3,6,-60
1755870083.848945,3,1,-81
1755870083.8859446,-3,-2,-61
1755870083.9239447,0,1,-72
1755870083.9629445,2,6,-74
1755870083.9989443,1,-1,-69
1755870084.0359447,3,0,-70
1755870084.0739446,1,0,-70
1755870084.1099446,0,-2,-73
1755870084.1479447,1,0,-73
1755870084.1849446,0,1,-71
1755870084.2229445,8,-4,-83
1755870084.2589445,8,-5,-89
1755870084.2959447,4,1,-75
1755870084.3339446,-6,0,-75
1755870084.3699446,-9,2,-74
1755870084.407945,0,-1,-80
1755870084.4459443,-2,-2,-75
1755870084.4849446,-4,-8,-62
1755870084.5229447,0,-2,-73
1755870084.5589447,2,-1,-78
1755870084.5959446,-3,2,-73
1755870084.634945,0,3,-74
1755870084.6729443,-2,0,-66
1755870084.7089446,-4,-1,-70
1755870084.7479446,-1,6,-61
1755870084.7849443,1,2,-72
1755870084.8229446,2,6,-81
1755870084.858945,0,3,-76
1755870084.8959446,-2,2,-70
1755870084.9349446,-6,6,-65
1755870084.9729445,-3,0,-81
1755870085.0089445,-2,3,-77
1755870085.0459447,-4,5,-66
1755870085.0849447,0,2,-63
1755870085.1229446,2,0,-54
1755870085.1589446,0,-2,-69
1755870085.1959443,0,-3,-63
1755870085.2349446,-5,3,-72
1755870085.2729447,-5,0,-70
1755870085.3089447,0,0,-80
1755870085.3459446,-1,0,-79
1755870085.384945,-4,6,-76
1755870085.4229443,-4,1,-72
1755870085.4589446,-2,1,-68
1755870085.4959445,0,2,-72
1755870085.5339446,-1,0,-71
1755870085.5709443,-5,3,-73
1755870085.6079447,-3,1,-73
1755870085.6459446,-2,0,-71
1755870085.6849446,-11,1,-80
1755870085.7209446,-5,7,-79
1755870085.7579446,-5,2,-69
1755870085.7959447,2,0,-70
1755870085.8339446,7,2,-73
1755870085.8709445,6,0,-76
1755870085.9089446,0,2,-73
1755870085.9459443,-5,2,-73
1755870085.9849446,-3,6,-72
1755870086.0209446,0,6,-69
1755870086.0579443,4,2,-71
1755870086.0959446,9,-1,-70
1755870086.134945,3,-7,-76
1755870086.1709447,1,0,-78
1755870086.2079446,1,0,-69
1755870086.246945,4,-6,-66
1755870086.2849443,8,-3,-85
1755870086.3209443,9,8,-75
1755870086.3579447,2,3,-65
1755870086.3969443,6,0,-64
1755870086.4349446,-1,4,-70
1755870086.4709446,-5,-3,-64
1755870086.509945,-3,0,-76
1755870086.5469446,-3,-2,-71
1755870086.585945,-3,-2,-68
1755870086.6239443,8,4,-60
1755870086.6599443,0,2,-72
1755870086.6969447,0,-5,-79
1755870086.7359445,-2,1,-75
1755870086.7739446,0,-2,-80
1755870086.8099446,2,-3,-73
1755870086.8469446,6,3,-89
1755870086.884945,-7,1,-84
1755870086.9209447,0,5,-77
1755870086.9579446,1,1,-70
1755870086.9959445,-2,1,-77
1755870087.0339446,-6,-1,-81
1755870087.0699446,-10,2,-70
1755870087.1069446,-4,1,-66
1755870087.1459446,-6,3,-75
1755870087.1839447,-2,2,-82
1755870087.2199447,-5,-7,-70
1755870087.2579446,0,0,-70
1755870087.2959447,2,7,-73
1755870087.3319447,-3,5,-82
1755870087.3699446,6,1,-79
1755870087.407945,8,2,-70
1755870087.4459443,3,-1,-72
1755870087.4819446,5,-1,-74
1755870087.519945,0,-2,-69
1755870087.5579443,0,5,-76
1755870087.5959446,2,1,-71
1755870087.631945,1,0,-57
1755870087.6699443,4,0,-65
1755870087.7079446,5,-1,-70
1755870087.746945,7,12,-68
1755870087.7849443,8,7,-71
1755870087.8209443,0,8,-74
1755870087.8579447,4,0,-66
1755870087.8959446,-6,1,-66
1755870087.9329443,-1,-3,-70
1755870087.9699447,6,3,-74
1755870088.0079446,0,0,-83
1755870088.0459447,0,0,-72
1755870088.0819447,3,0,-69
1755870088.1209445,0,8,-71
1755870088.157945,9,-4,-76
1755870088.1969447,3,-3,-78
1755870088.2349446,3,-3,-75
1755870088.2709446,-2,-3,-73
1755870088.3089447,4,0,-70
1755870088.3469446,12,0,-74
1755870088.384945,1,-3,-73
1755870088.4209447,2,-3,-72
1755870088.4579446,4,-6,-67
1755870088.496945,4,-6,-67
1755870088.5349443,0,1,-75
1755870088.5709443,0,-2,-76
1755870088.608945,-5,1,-78
1755870088.6469443,-1,5,-75
1755870088.6859446,3,0,-75
1755870088.7219446,3,-3,-75
1755870088.7589445,1,-2,-75
1755870088.7969446,0,-7,-74
1755870088.835945,4,-1,-85
1755870088.871945,7,-1,-78
1755870088.9089446,3,-2,-76
1755870088.9479446,7,1,-74
1755870088.9859445,-1,4,-78
1755870089.0219443,1,-3,-66
1755870089.0589447,2,2,-62
1755870089.0969446,-8,-3,-67
1755870089.134945,-2,-4,-71
1755870089.1719446,-5,-13,-68
1755870089.2099447,0,-12,-61
1755870089.2479446,3,5,-67
1755870089.2859447,0,3,-63
1755870089.3219447,-8,-5,-76
1755870089.3599446,-3,-6,-70
1755870089.3979447,1,-3,-67
1755870089.4369447,1,0,-76
1755870089.4729445,0,0,-70
1755870089.5109446,0,-1,-70
1755870089.5489447,-1,-1,-72
1755870089.5869446,3,-2,-72
1755870089.6259446,3,-5,-67
1755870089.6619446,3,-4,-77
1755870089.6999447,-6,0,-72
1755870089.7379446,4,1,-78
1755870089.7759447,-2,-3,-80
1755870089.8119447,-1,4,-77
1755870089.848945,0,-1,-73
1755870089.8879447,2,-5,-76
1755870089.9259446,1,-3,-65
1755870089.9619446,0,1,-79
1755870089.9999447,8,-4,-78
1755870090.0379446,-4,-2,-65
1755870090.075945,2,-1,-77
1755870090.111945,1,-1,-68
1755870090.1499443,5,-4,-67
1755870090.187945,0,1,-86
1755870090.2259445,1,2,-75
1755870090.2619443,1,-5,-81
1755870090.2999446,0,3,-70
1755870090.3379445,10,-1,-65
1755870090.3759446,0,-3,-78
1755870090.4119446,5,-9,-83
1755870090.4499447,5,-13,-80
1755870090.4879446,-2,1,-80
1755870090.5259447,-4,-6,-67
1755870090.5619447,-6,0,-71
1755870090.5999446,-7,6,-76
1755870090.6379447,0,1,-71
1755870090.6759446,2,2,-73
1755870090.7119446,-2,-1,-68
1755870090.7499447,0,1,-72
1755870090.7879446,5,2,-67
1755870090.825945,-4,0,-76
1755870090.861945,0,-1,-78
1755870090.8999443,9,-2,-76
1755870090.937945,5,-2,-86
1755870090.973945,0,0,-71
1755870091.0109446,0,-1,-66
1755870091.0499446,-2,-1,-74
1755870091.0879445,8,1,-74
1755870091.1239443,7,-2,-75
1755870091.1749446,1,2,-74
1755870091.210945,0,0,-79
1755870091.2499447,0,0,-67
1755870091.2879446,-4,0,-65
1755870091.3249447,0,3,-68
1755870091.361945,2,2,-75
1755870091.3989446,0,-1,-76
1755870091.437945,-4,1,-72
1755870091.473945,-3,4,-72
1755870091.5119443,-5,4,-85
1755870091.5499446,3,2,-85
1755870091.5879445,-2,2,-74
1755870091.6239443,-2,2,-72
1755870091.6619446,0,3,-72
1755870091.6999447,2,2,-57
1755870091.7379446,5,0,-62
1755870091.7739446,0,0,-73
1755870091.8119447,1,-3,-69
1755870091.8499446,2,-5,-67
1755870091.8889446,-2,-2,-62
1755870091.9269447,-3,-1,-75
1755870091.9629445,1,-1,-64
1755870091.9999447,0,1,-72
1755870092.0379446,2,-3,-84
1755870092.0739446,1,-6,-84
1755870092.111945,1,0,-70
1755870092.1489446,5,-1,-76
1755870092.187945,2,-3,-74
1755870092.2249446,3,0,-71
1755870092.2619443,4,1,-78
1755870092.2989447,5,6,-72
1755870092.3369446,1,12,-64
1755870092.3729446,-3,7,-68
1755870092.4109447,0,3,-74
1755870092.4489446,-1,1,-65
1755870092.4879446,-9,-1,-64
1755870092.5249443,-4,3,-73
1755870092.5619447,-3,-3,-93
1755870092.5999446,9,-5,-73
1755870092.6389446,6,-1,-71
1755870092.6749446,7,-1,-71
1755870092.7119446,4,0,-64
1755870092.7489443,2,-2,-67
1755870092.7879446,0,1,-71
1755870092.8239446,4,0,-75
1755870092.861945,4,0,-72
1755870092.8989446,-1,-4,-71
1755870092.937945,-1,3,-62
1755870092.973945,3,1,-75
1755870093.0119443,0,-1,-76
1755870093.0499446,-1,0,-68
1755870093.088945,-4,-1,-71
1755870093.1249447,0,0,-77
1755870093.1619446,-2,0,-76
1755870093.1999447,5,-2,-66
1755870093.2389443,2,-3,-79
1755870093.2749443,1,-3,-77
1755870093.312945,0,-3,-79
1755870093.3509445,7,-3,-73
1755870093.3899446,0,0,-63
1755870093.427945,-2,-7,-67
1755870093.463945,-3,-4,-74
1755870093.5019443,0,-5,-68
1755870093.5399446,-1,5,-71
1755870093.5789447,3,1,-79
1755870093.6149447,4,1,-82
1755870093.6529446,1,2,-67
1755870093.690945,5,4,-60
1755870093.7289443,0,1,-57
1755870093.7649446,0,-6,-68
1755870093.802945,2,-4,-76
1755870093.8409443,0,2,-78
1755870093.8789446,3,10,-75
1755870093.9149446,-2,0,-78
1755870093.9519446,0,-3,-72
1755870093.9899447,0,3,-73
1755870094.0289447,0,-3,-78
1755870094.0649445,-3,-5,-76
1755870094.1029446,-6,-1,-66
1755870094.1409447,0,-1,-78
1755870094.1799445,-2,0,-71
1755870094.2179446,-2,0,-75
1755870094.2539446,-1,1,-81
1755870094.2909446,1,2,-77
1755870094.3289447,1,5,-86
1755870094.3649447,-7,1,-77
1755870094.4029446,3,1,-76
1755870094.440945,7,0,-64
1755870094.4789443,2,0,-76
1755870094.5149446,3,-3,-71
1755870094.5519447,0,-2,-78
1755870094.5909443,0,-5,-70
1755870094.6289446,1,0,-76
1755870094.6649446,-4,0,-72
1755870094.7019446,-3,0,-79
1755870094.7409446,-3,-1,-71
1755870094.7789447,-7,4,-68
1755870094.8149445,-2,8,-73
1755870094.8519447,-1,5,-70
1755870094.8909447,1,0,-71
1755870094.9289446,4,0,-71
1755870094.9649446,4,0,-74
1755870095.0019443,5,0,-74
1755870095.0399446,6,-4,-81
1755870095.075945,7,-4,-79
1755870095.1139443,7,-1,-73
1755870095.1519446,-4,2,-72
1755870095.190945,-4,-4,-72
1755870095.2289443,0,-3,-80
1755870095.2649446,-5,-3,-74
1755870095.302945,0,5,-71
1755870095.3409443,2,-3,-75
1755870095.3789446,0,-3,-72
1755870095.4149446,6,-4,-68
1755870095.4529445,4,-3,-70
1755870095.4909446,4,0,-72
1755870095.5289447,1,10,-66
1755870095.5649445,6,0,-72
1755870095.6019447,-2,5,-72
1755870095.6409447,-3,0,-77
1755870095.6789446,-2,-2,-77
1755870095.7149446,1,-4,-70
1755870095.7519443,-4,-7,-64
1755870095.7909446,7,5,-67
1755870095.8289447,0,-1,-77
1755870095.8649447,-2,-2,-70
1755870095.9029446,2,6,-73
1755870095.940945,5,-2,-75
1755870095.9799447,2,-4,-74
1755870096.0159447,0,-5,-85
1755870096.052945,6,-2,-72
1755870096.0909443,4,0,-83
1755870096.1289446,-1,0,-81
1755870096.1649446,0,-1,-72
1755870096.2019446,-2,2,-65
1755870096.2409446,-4,1,-73
1755870096.2769446,-5,0,-73
1755870096.3149445,5,2,-75
1755870096.3519447,-5,-1,-72
1755870096.3909447,-5,2,-72
1755870096.4269447,-4,-1,-79
1755870096.4649446,-3,0,-80
1755870096.5029447,2,-1,-80
1755870096.5409446,3,3,-85
1755870096.5769446,12,8,-75
1755870096.6149447,4,0,-70
1755870096.6519446,-4,1,-61
1755870096.690945,-3,1,-86
1755870096.7269447,-2,5,-62
1755870096.7639446,-2,10,-84
1755870096.8019447,3,-3,-71
1755870096.8409443,0,0,-69
1755870096.8769443,3,-4,-72
1755870096.9139447,0,-2,-65
1755870096.9519446,-6,0,-79
1755870096.9909446,-3,0,-74
1755870097.0269446,-7,4,-82
1755870097.0649445,3,2,-58
1755870097.1019447,3,6,-69
1755870097.1399446,-7,4,-75
1755870097.1759446,-3,-1,-78
1755870097.2149446,4,-3,-77
1755870097.2519443,2,-5,-79
1755870097.2909446,-5,3,-75
1755870097.3269446,-4,-2,-77
1755870097.3649447,5,-2,-72
1755870097.4029446,-9,4,-79
1755870097.4419446,0,1,-80
1755870097.4799447,2,0,-73
1755870097.5159447,3,-4,-78
1755870097.5539446,-1,-4,-71
1755870097.5919447,7,0,-75
1755870097.6299446,6,0,-78
1755870097.6669445,5,3,-73
1755870097.7039447,2,1,-67
1755870097.7419446,0,0,-77
1755870097.779945,-3,2,-82
1755870097.815945,0,5,-82
1755870097.8529446,5,4,-79
1755870097.8909447,0,9,-76
1755870097.9269447,0,5,-72
1755870097.9649446,7,3,-67
1755870098.0019443,2,4,-69
1755870098.0399446,-4,3,-72
1755870098.075945,1,-1,-72
1755870098.1139443,0,-3,-75
1755870098.1519446,1,-3,-73
1755870098.190945,-2,-3,-70
1755870098.2269447,0,-3,-76
1755870098.2639446,4,0,-77
1755870098.3019447,1,3,-74
1755870098.3379445,7,-2,-70
1755870098.3749447,3,4,-71
1755870098.4119446,1,1,-75
1755870098.450945,-1,5,-75
1755870098.486945,-3,10,-64
1755870098.5249443,0,1,-65
1755870098.562945,0,2,-66
1755870098.6009445,-7,-2,-66
1755870098.6369443,-3,-1,-67
1755870098.6749446,2,-3,-82
1755870098.7129445,0,-1,-72
1755870098.7519443,0,-5,-67
1755870098.7879446,5,-8,-72
1755870098.8249447,0,8,-68
1755870098.8629446,2,8,-81
1755870098.9009447,0,2,-78
1755870098.9369447,-1,6,-74
1755870098.9759445,-1,4,-75
1755870099.0129447,0,-1,-83
1755870099.0519447,-6,0,-72
1755870099.0879445,1,3,-75
1755870099.1249447,7,6,-79
1755870099.1629446,2,4,-74
1755870099.200945,-1,0,-74
1755870099.236945,-5,-2,-81
1755870099.2749443,-11,3,-72
1755870099.312945,-7,3,-57
1755870099.3519447,-3,-1,-64
1755870099.3879447,-2,-10,-66
1755870099.4269447,-1,-4,-74
1755870099.463945,3,-1,-77
1755870099.5029447,2,-3,-70
1755870099.5409446,-1,-2,-77
1755870099.5769446,0,-6,-75
1755870099.6139443,0,-3,-72
1755870099.6529446,4,-3,-69
1755870099.690945,5,2,-60
1755870099.7269447,7,0,-63
1755870099.7639446,8,4,-68
1755870099.8019447,1,-2,-71
1755870099.8379445,7,-8,-77
1755870099.8749447,4,-1,-71
1755870099.9129446,0,10,-70
1755870099.9519446,-9,7,-75
1755870099.9879446,-8,7,-73
1755870100.0249443,-8,0,-74
1755870100.0639446,-6,-3,-83
1755870100.1019447,-2,-3,-76
1755870100.1379447,-2,2,-78
1755870100.1749446,-5,1,-82
1755870100.213945,2,2,-64
1755870100.2519443,7,-1,-72
1755870100.2879446,4,5,-72
1755870100.3249447,2,5,-83
1755870100.3629446,2,1,-74
1755870100.3989446,-2,-2,-68
1755870100.4369447,-1,-9,-72
1755870100.4749446,-2,5,-75
1755870100.5139446,4,0,-76
1755870100.5519447,2,1,-83
1755870100.5879445,11,-1,-76
1755870100.6249447,7,1,-76
1755870100.6629446,3,1,-65
1755870100.6989446,2,-7,-62
1755870100.7379446,0,-8,-70
1755870100.7749443,-4,-2,-61
1755870100.8139446,2,-4,-70
1755870100.8519447,4,1,-74
1755870100.8879447,2,2,-70
1755870100.9249446,4,0,-72
1755870100.9629445,-5,2,-65
1755870100.9989443,-6,4,-57
1755870101.0359447,-3,0,-60
1755870101.0739446,0,-6,-65
1755870101.1129446,-2,-8,-72
1755870101.1489446,0,-2,-67
1755870101.1949446,-4,-5,-71
1755870101.2329447,0,-4,-72
1755870101.2689445,1,1,-73
1755870101.3059447,1,-3,-72
1755870101.3439443,-4,0,-61
1755870101.3829446,-5,0,-74
1755870101.4189446,-1,5,-70
1755870101.4569447,0,3,-69
1755870101.4939446,-2,0,-68
1755870101.532945,-3,-6,-70
1755870101.5689447,1,-3,-85
1755870101.6059446,2,1,-79
1755870101.6439445,1,3,-83
1755870101.6799445,1,8,-75
1755870101.7169447,0,3,-76
1755870101.7559447,-5,0,-79
1755870101.7939446,-1,-1,-77
1755870101.8299446,1,-4,-71
1755870101.8669446,1,-6,-69
1755870101.9059446,3,-3,-67
1755870101.9439447,6,2,-79
1755870101.9799447,-3,1,-81
1755870102.0169446,5,2,-76
1755870102.0539446,0,-1,-79
1755870102.0929446,-3,0,-72
1755870102.1289446,-9,0,-76
1755870102.1659446,4,-2,-68
1755870102.2039447,3,-2,-62
1755870102.2429447,0,-3,-59
1755870102.2789447,-4,-3,-60
1755870102.3169446,-6,-2,-60
1755870102.3559446,2,0,-73
1755870102.3939445,3,-1,-68
1755870102.4299445,1,-2,-76
1755870102.4669447,-4,1,-71
1755870102.5049446,0,-6,-84
1755870102.5439446,3,-6,-72
1755870102.5799446,1,0,-64
1755870102.6169446,3,3,-72
1755870102.654945,-6,-2,-87
1755870102.6929443,0,-3,-81
1755870102.7289443,-1,0,-77
1755870102.7669446,0,-1,-74
1755870102.8049445,4,5,-71
1755870102.8429446,2,0,-62
1755870102.8789446,0,2,-74
1755870102.9169445,-6,6,-67
1755870102.9549446,-3,4,-69
1755870102.9929447,5,-1,-69
1755870103.0289447,6,-2,-79
1755870103.0669446,-2,0,-70
1755870103.1049447,1,-3,-67
1755870103.1429446,2,-2,-85
1755870103.1789446,4,0,-83
1755870103.2169447,6,1,-74
1755870103.2549446,5,4,-74
1755870103.292945,-3,0,-85
1755870103.3289447,-3,3,-78
1755870103.3669446,0,-3,-73
1755870103.404945,1,4,-69
1755870103.4439447,6,-2,-64
1755870103.4799447,8,-1,-66
1755870103.5179446,1,6,-69
1755870103.5549445,-2,-4,-69
1755870103.5939443,-4,0,-69
1755870103.6299446,0,-6,-65
1755870103.6669445,-5,-2,-70
1755870103.7049446,-6,1,-74
1755870103.7439446,-8,2,-69
1755870103.779945,-5,2,-67
1755870103.8169446,7,-2,-75
1755870103.8549447,0,0,-75
1755870103.8939445,0,0,-67
1755870103.9299445,-2,-6,-77
1755870103.9679446,-1,-2,-77
1755870104.0059447,-3,-2,-66
1755870104.0449443,-3,0,-65
1755870104.0809443,-4,-3,-71
1755870104.1189446,0,-2,-66
1755870104.1569445,4,-3,-70
1755870104.1959443,1,1,-73
1755870104.233945,2,3,-72
1755870104.269945,-3,-1,-70
1755870104.3079443,-3,-1,-66
1755870104.3469446,-6,0,-75
1755870104.384945,-9,-2,-59
1755870104.4219446,-12,4,-66
1755870104.4589446,-14,-1,-73
1755870104.496945,-2,4,-74
1755870104.5359447,1,3,-66
1755870104.5739446,-2,2,-79
1755870104.6099446,-2,9,-77
1755870104.6479447,1,4,-71
1755870104.6859446,-6,2,-72
1755870104.723945,-5,2,-72
1755870104.759945,0,4,-70
1755870104.7969446,4,5,-76
1755870104.8349447,1,2,-79
1755870104.8709445,0,6,-80
1755870104.907945,4,-1,-65
1755870104.9459443,-4,7,-70
1755870104.9849446,6,3,-65
1755870105.0209446,3,0,-65
1755870105.0579443,0,0,-79
1755870105.0959446,-11,-7,-72
1755870105.134945,-8,-7,-65
1755870105.1709447,0,-1,-71
1755870105.2089446,5,-6,-78
1755870105.246945,1,-1,-68
1755870105.2859447,2,1,-68
1755870105.3219447,4,-1,-76
1755870105.358945,6,-3,-77
1755870105.3969443,5,-4,-70
1755870105.4359446,-6,-2,-74
1755870105.4719446,-11,-4,-67
1755870105.509945,-4,-5,-65
1755870105.5479443,-3,1,-74
1755870105.585945,-3,-1,-81
1755870105.6249447,-2,-3,-80
1755870105.6609447,4,0,-72
1755870105.6979446,1,4,-62
1755870105.7359445,-1,3,-67
1755870105.7719443,3,3,-64
1755870105.8089447,0,-2,-66
1755870105.8469446,2,-2,-75
1755870105.8859446,-6,-1,-83
1755870105.9219446,-3,-4,-75
1755870105.9599447,6,-1,-76
1755870105.9979446,0,-3,-71
1755870106.0369446,7,-1,-70
1755870106.0749447,-6,-2,-77
1755870106.1109445,1,3,-73
1755870106.1499443,-7,-5,-82
1755870106.1869447,0,4,-81
1755870106.2249446,-2,1,-68
1755870106.2609446,-4,2,-67
1755870106.2999446,-10,5,-72
1755870106.3369446,-2,-4,-72
1755870106.3759446,-4,-2,-68
1755870106.4119446,-7,-6,-83
1755870106.4499447,-2,1,-75
1755870106.4879446,0,0,-72
1755870106.5269446,-6,6,-69
1755870106.5649445,0,1,-70
1755870106.6009445,3,0,-71
1755870106.6379447,3,4,-75
1755870106.6769447,1,0,-83
1755870106.7149446,1,-1,-82
1755870106.7509446,2,1,-77
1755870106.7879446,4,-6,-78
1755870106.8269446,6,1,-80
1755870106.8649447,0,0,-79
1755870106.9009447,2,1,-74
1755870106.937945,1,9,-67
1755870106.9769447,1,7,-82
1755870107.0149446,1,7,-77
1755870107.0509446,-3,7,-70
1755870107.088945,0,1,-65
1755870107.1269443,3,-2,-72
1755870107.1629446,0,-4,-75
1755870107.1999447,7,-1,-77
1755870107.2379446,0,-6,-78
1755870107.2769446,-4,-2,-76
1755870107.312945,-1,1,-73
1755870107.3499446,-4,1,-75
1755870107.3879447,5,-6,-67
1755870107.4269447,-1,0,-70
1755870107.4629445,-3,-4,-74
1755870107.5009446,-3,-1,-84
1755870107.5389447,-6,-6,-75
1755870107.5779445,-2,-6,-59
1755870107.6159446,-2,-3,-76
1755870107.6519446,5,-4,-65
1755870107.6889446,1,-3,-72
1755870107.7269447,-1,-2,-76
1755870107.7659447,1,1,-65
1755870107.8019447,0,0,-64
1755870107.838945,0,2,-63
1755870107.8769443,1,-2,-79
1755870107.9129446,0,0,-76
1755870107.9499447,-4,2,-86
1755870107.9879446,-7,-3,-74
1755870108.0269446,4,-6,-77
1755870108.062945,5,-6,-70
1755870108.0999446,2,-8,-81
1755870108.1379447,0,-1,-75
1755870108.1769447,-3,0,-76
1755870108.2129445,-2,-4,-82
1755870108.2509446,-7,-3,-76
1755870108.2889447,-9,0,-79
1755870108.3279445,-1,0,-74
1755870108.3659446,-3,-4,-75
1755870108.4019446,-11,0,-81
1755870108.4389446,-9,0,-77
1755870108.4779446,-1,1,-73
1755870108.5159447,5,-5,-73
1755870108.5519447,-2,-3,-77
1755870108.5899446,-6,4,-65
1755870108.6279447,0,2,-73
1755870108.6669445,6,-2,-77
1755870108.7029445,4,-2,-82
1755870108.7399447,1,-4,-72
1755870108.7779446,6,-8,-66
1755870108.8169446,1,0,-68
1755870108.8529446,-6,-1,-65
1755870108.8909447,2,1,-71
1755870108.9299445,5,6,-77
1755870108.9679446,-2,1,-75
1755870109.0039446,0,0,-73
1755870109.0419445,0,1,-79
1755870109.0799446,-1,-1,-67
1755870109.1179447,-5,-5,-75
1755870109.1539447,0,-4,-83
1755870109.1919446,4,3,-76
1755870109.2299447,-1,2,-79
1755870109.2679446,0,5,-72
1755870109.3039446,7,9,-59
1755870109.3409443,2,0,-68
1755870109.3799446,1,1,-70
1755870109.417945,-2,0,-82
1755870109.4539447,-3,-1,-77
1755870109.4919446,-8,-1,-65
1755870109.529945,-2,0,-64
1755870109.5679443,1,0,-74
1755870109.6039443,-2,-2,-69
1755870109.6419446,-1,-4,-63
1755870109.6799445,-1,-4,-63
1755870109.7189443,0,2,-73
1755870109.756945,-1,0,-77
1755870109.792945,0,7,-71
1755870109.8299446,0,2,-67
1755870109.8689446,6,-2,-67
1755870109.9069445,2,-2,-77
1755870109.9429443,2,0,-83
1755870109.9799447,-5,0,-74
1755870110.0189445,0,0,-73
1755870110.0569446,0,0,-69
1755870110.0929446,-3,0,-76
1755870110.1299446,-2,-1,-74
1755870110.1689446,0,-1,-72
1755870110.2069447,4,1,-78
1755870110.2429447,5,0,-73
1755870110.2809446,2,0,-78
1755870110.3189447,-6,2,-74
1755870110.3569446,-4,1,-70
1755870110.3929446,0,5,-71
1755870110.4299445,3,4,-71
1755870110.4679446,5,0,-83
1755870110.5049446,2,-1,-71
1755870110.5419445,3,1,-70
1755870110.5799446,6,0,-73
1755870110.6179447,3,0,-76
1755870110.6539447,0,-1,-74
1755870110.6919446,-3,-6,-63
1755870110.7299447,-2,-2,-73
1755870110.7689445,-6,4,-68
1755870110.8049445,-3,5,-67
1755870110.8419447,-1,2,-85
1755870110.8799446,6,-3,-82
1755870110.9189446,-2,-2,-76
1755870110.9549446,-4,8,-83
1755870110.9929447,0,0,-70
1755870111.029945,0,3,-73
1755870111.0679443,0,7,-72
1755870111.1039443,0,3,-77
1755870111.1419446,0,4,-73
1755870111.1789446,-2,9,-68
1755870111.2229445,1,1,-69
1755870111.2609446,0,-2,-76
1755870111.2999446,-4,-8,-72
1755870111.3379445,-3,-5,-80
1755870111.3739443,-2,0,-87
1755870111.4109447,0,0,-68
1755870111.4499447,-1,-2,-70
1755870111.4879446,10,-2,-75
1755870111.5239446,0,-2,-72
1755870111.5609446,3,-4,-71
1755870111.5999446,4,-5,-73
1755870111.6379447,7,1,-65
1755870111.6739447,7,-7,-66
1755870111.710945,-1,-5,-67
1755870111.7499447,-5,2,-63
1755870111.7879446,-1,-2,-71
1755870111.8239446,-5,0,-61
1755870111.8629446,1,0,-82
1755870111.8999443,0,1,-76
1755870111.937945,1,3,-77
1755870111.973945,7,1,-64
1755870112.0109446,6,1,-67
1755870112.0499446,1,0,-75
1755870112.0879445,0,-2,-77
1755870112.1239443,-3,-1,-83
1755870112.1619446,-8,-1,-73
1755870112.1999447,-4,4,-67
1755870112.2389443,3,0,-70
1755870112.2749443,0,-2,-75
1755870112.312945,3,-3,-77
1755870112.3509445,0,1,-80
1755870112.3889446,-6,-1,-73
1755870112.4249446,0,-3,-73
1755870112.4629445,-3,-3,-71
1755870112.4999447,-4,-9,-62
1755870112.5389447,-2,-3,-66
1755870112.5749447,-3,-1,-66
1755870112.6129446,0,-2,-65
1755870112.6509447,-3,-1,-70
1755870112.6899445,-4,-2,-75
1755870112.7259445,0,-1,-72
1755870112.7629447,1,-2,-71
1755870112.8009446,-1,1,-69
1755870112.8399446,-8,0,-64
1755870112.8759446,0,-1,-68
1755870112.9129446,-1,0,-69
1755870112.950945,2,0,-74
1755870112.9889443,4,2,-71
1755870113.0249443,3,6,-69
1755870113.0619447,1,-2,-73
1755870113.0999446,3,10,-72
1755870113.1359446,1,17,-68
1755870113.1739447,0,3,-76
1755870113.2119446,-1,4,-67
1755870113.2499447,4,0,-81
1755870113.2859447,-1,6,-87
1755870113.3239446,1,-4,-84
1755870113.361945,-4,0,-82
1755870113.4009447,-4,-7,-83
1755870113.4389446,-4,-4,-63
1755870113.4749446,-7,5,-68
1755870113.5119443,3,2,-73
1755870113.5509446,0,-8,-83
1755870113.588945,-1,-2,-74
1755870113.6249447,3,2,-77
1755870113.6619446,4,6,-71
1755870113.6999447,0,4,-72
1755870113.7359445,3,0,-73
1755870113.7739446,0,-2,-77
1755870113.8119447,-5,2,-75
1755870113.8509445,-7,1,-66
1755870113.8889446,2,5,-74
1755870113.9249446,9,0,-72
1755870113.9629445,1,4,-70
1755870114.0009446,-9,2,-81
1755870114.0389447,-7,3,-81
1755870114.0749447,-6,3,-83
1755870114.111945,-3,0,-71
1755870114.1509447,-3,1,-72
1755870114.1889446,1,2,-61
1755870114.2249446,3,0,-63
1755870114.2619443,5,1,-68
1755870114.2999446,3,-5,-64
1755870114.335945,-3,-5,-64
1755870114.3739443,0,3,-70
1755870114.4109447,-3,-4,-74
1755870114.4499447,5,8,-70
1755870114.4859445,-1,2,-68
1755870114.5239446,-3,-2,-75
1755870114.5619447,0,3,-59
1755870114.6009445,0,0,-64
1755870114.6369443,1,-2,-66
1755870114.6739447,6,-2,-81
1755870114.7119446,2,-1,-76
1755870114.7509446,0,1,-71
1755870114.7869446,2,1,-59
1755870114.8239446,1,-1,-82
1755870114.861945,5,-4,-77
1755870114.9009447,-1,3,-68
1755870114.9369447,-6,3,-82
1755870114.9759445,-7,-1,-76
1755870115.0129447,-3,-1,-82
1755870115.0519447,-7,-2,-82
1755870115.0899446,0,-6,-67
1755870115.1259446,1,-10,-74
1755870115.1629446,1,-4,-68
1755870115.2019446,-1,3,-71
1755870115.2399447,-8,3,-59
1755870115.2759447,-2,7,-67
1755870115.3139446,3,0,-65
1755870115.3519447,0,-2,-67
1755870115.3899446,0,-5,-73
1755870115.4259446,-1,0,-73
1755870115.463945,2,2,-77
1755870115.5019443,1,-5,-72
1755870115.5399446,-4,0,-84
1755870115.575945,7,1,-77
1755870115.6139443,7,4,-74
1755870115.6519446,1,-2,-84
1755870115.6899445,-1,-1,-80
1755870115.7259445,0,-4,-76
1755870115.7629447,2,-2,-71
1755870115.8019447,-4,2,-82
1755870115.8399446,5,0,-70
1755870115.8759446,3,-1,-79
1755870115.9129446,-3,-3,-73
1755870115.9519446,3,2,-79
1755870115.9879446,4,5,-81
1755870116.0259447,-1,-3,-77
1755870116.0639446,3,-6,-72
1755870116.1019447,-2,-7,-73
1755870116.1409447,-4,-2,-89
1755870116.1769447,-1,0,-73
1755870116.213945,1,-3,-74
1755870116.2519443,-1,-3,-78
1755870116.2909446,-6,-2,-76
1755870116.3269446,2,0,-72
1755870116.3639443,3,-4,-68
1755870116.4019446,0,0,-68
1755870116.437945,-5,0,-69
1755870116.4759445,2,-1,-85
1755870116.5139446,-5,-1,-69
1755870116.5519447,5,0,-79
1755870116.5909443,-6,0,-81
1755870116.6269443,-5,2,-71
1755870116.6639447,0,1,-70
1755870116.7019446,2,-6,-79
1755870116.7379446,-11,-2,-76
1755870116.7759447,-1,3,-80
1755870116.8139446,1,-1,-73
1755870116.8529446,3,1,-76
1755870116.8909447,3,4,-78
1755870116.9269447,6,2,-73
1755870116.963945,-1,-2,-79
1755870117.0029447,-3,0,-71
1755870117.0409446,4,-9,-73
1755870117.0769446,5,-3,-80
1755870117.1149447,0,3,-82
1755870117.1529446,0,-2,-78
1755870117.190945,2,3,-87
1755870117.2269447,-2,2,-85
1755870117.2639446,-3,-4,-75
1755870117.302945,-2,0,-70
1755870117.3409443,0,0,-70
1755870117.3769443,4,1,-55
1755870117.4139447,4,4,-73
1755870117.4529445,-7,3,-69
1755870117.4909446,-5,0,-75
1755870117.5269446,1,4,-64
1755870117.5639446,2,0,-74
1755870117.6019447,3,3,-73
1755870117.6379447,0,8,-71
1755870117.6749446,4,4,-65
1755870117.713945,-1,-2,-65
1755870117.7519443,-1,-1,-69
1755870117.7879446,-2,0,-62
1755870117.8249447,1,1,-72
1755870117.8629446,6,-3,-68
1755870117.8989446,-1,-7,-71
1755870117.9369447,3,-5,-73
1755870117.9749446,5,-1,-65
1755870118.0129447,1,-4,-68
1755870118.0519447,-5,-3,-72
1755870118.0879445,-1,-2,-72
1755870118.1259446,9,0,-73
1755870118.1639447,1,3,-67
1755870118.2019446,0,1,-75
1755870118.2379446,-2,5,-82
1755870118.2749443,0,0,-76
1755870118.312945,0,-4,-74
1755870118.348945,4,3,-86
1755870118.3879447,4,1,-87
1755870118.4249446,5,0,-83
1755870118.4629445,-1,-6,-76
1755870118.4989443,-3,3,-69
1755870118.5379446,-8,7,-72
1755870118.5749447,-5,0,-62
1755870118.6139443,-1,-2,-62
1755870118.6519446,-3,5,-65
1755870118.687945,-4,0,-76
1755870118.7249446,-7,-3,-78
1755870118.7639446,0,-2,-68
1755870118.8019447,-5,-1,-74
1755870118.8379445,-8,1,-69
1755870118.8759446,-1,2,-72
1755870118.9139447,-7,0,-75
1755870118.9529445,0,-5,-72
1755870118.9889443,0,-2,-74
1755870119.0259447,1,5,-79
1755870119.0639446,0,3,-74
1755870119.1019447,2,4,-78
1755870119.1379447,-1,0,-84
1755870119.1749446,0,2,-93
1755870119.2129445,0,7,-82
1755870119.2489443,0,7,-77
1755870119.2859447,1,5,-79
1755870119.3239446,8,2,-70
1755870119.361945,7,0,-59
1755870119.3979447,-2,-2,-61
1755870119.4359446,1,-5,-71
1755870119.473945,2,-4,-70
1755870119.5129447,1,-4,-69
1755870119.5489447,3,4,-70
1755870119.585945,1,3,-66
1755870119.6239443,4,3,-70
1755870119.6599443,-5,0,-70
1755870119.6969447,6,4,-75
1755870119.733945,-1,-2,-79
1755870119.7729447,-3,-1,-78
1755870119.8089447,0,2,-78
1755870119.8469446,-1,2,-77
1755870119.8839445,5,-1,-74
1755870119.9229443,4,-2,-75
1755870119.9589446,-4,-3,-73
1755870119.996945,3,-4,-76
1755870120.0349443,2,-4,-58
1755870120.0739446,-8,0,-70
1755870120.1099446,0,0,-68
1755870120.1469443,-3,-6,-78
1755870120.1849446,0,0,-72
1755870120.2229445,3,0,-87
1755870120.2589445,-7,4,-85
1755870120.2969446,0,0,-79
1755870120.3349447,-2,-5,-68
1755870120.3729446,-4,-3,-63
1755870120.4089446,2,0,-68
1755870120.4459443,-2,-3,-69
1755870120.4849446,3,0,-67
1755870120.5229447,0,-3,-84
1755870120.5589447,-3,-6,-70
1755870120.5969446,3,-6,-77
1755870120.634945,3,3,-69
1755870120.6729443,6,4,-70
1755870120.7089446,-1,3,-80
1755870120.7459445,1,3,-72
1755870120.7839446,-2,-2,-61
1755870120.8199446,0,-3,-70
1755870120.8569446,-7,-2,-74
1755870120.894945,-6,0,-78
1755870120.9339447,2,-1,-77
1755870120.9699447,0,0,-85
1755870121.006945,9,-6,-84
1755870121.0449443,4,4,-67
1755870121.0839446,0,1,-68
1755870121.1199446,-1,0,-74
1755870121.1569445,2,0,-78
1755870121.1949446,-1,4,-64
1755870121.2399447,-1,0,-71
1755870121.2769446,-6,-5,-65
1755870121.3149445,-1,4,-71
1755870121.3539443,1,2,-85
1755870121.3899446,0,-2,-83
1755870121.427945,-4,2,-67
1755870121.4659443,-3,-2,-66
1755870121.5049446,-7,-4,-69
1755870121.5409446,-5,0,-61
1755870121.5779445,4,-2,-67
1755870121.6159446,4,-5,-80
1755870121.654945,-1,0,-78
1755870121.690945,3,-7,-72
1755870121.7279446,5,-6,-80
1755870121.7659447,5,-4,-80
1755870121.8049445,3,-1,-73
1755870121.8409443,3,-6,-63
1755870121.8779447,2,0,-59
1755870121.9149446,-5,-6,-72
1755870121.9539447,0,-8,-65
1755870121.9899447,-1,-4,-66
1755870122.0279446,0,-4,-74
1755870122.065945,5,-1,-73
1755870122.1049447,0,1,-73
1755870122.1409447,0,6,-77
1755870122.177945,5,0,-84
1755870122.2159443,3,1,-71
1755870122.2549446,-4,3,-70
1755870122.2909446,-4,4,-61
1755870122.3289447,4,-6,-63
1755870122.3679447,-7,-4,-75
1755870122.4059446,-2,-4,-75
1755870122.4439447,-2,0,-71
1755870122.4799447,-2,-1,-77
1755870122.5179446,2,-5,-67
1755870122.5569446,12,6,-69
1755870122.5949447,8,-9,-68
1755870122.6309447,-2,-3,-72
1755870122.6689446,0,-1,-56
1755870122.7069447,-10,0,-69
1755870122.7459445,-3,0,-63
1755870122.7839446,0,0,-71
1755870122.8199446,-3,0,-72
1755870122.8579447,-4,1,-84
1755870122.8959446,0,-4,-84
1755870122.9349446,-1,-3,-75
1755870122.9709446,7,0,-73
1755870123.0089445,3,0,-65
1755870123.0459447,-2,0,-72
1755870123.0849447,-4,-3,-74
1755870123.1209445,-5,-1,-66
1755870123.1589446,-2,0,-78
1755870123.1979446,0,2,-81
1755870123.2359445,-1,4,-82
1755870123.2719443,0,-2,-83
1755870123.3089447,-5,-3,-68
1755870123.3479445,2,1,-76
1755870123.3859446,3,-5,-84
1755870123.4219446,-5,-1,-80
1755870123.4599447,3,-2,-80
1755870123.4979446,0,2,-69
1755870123.5359447,3,0,-71
1755870123.5719447,0,3,-77
1755870123.608945,3,-3,-71
1755870123.6469443,0,-1,-66
1755870123.6859446,3,0,-70
1755870123.7219446,-1,0,-77
1755870123.7589445,3,9,-66
1755870123.7969446,0,8,-74
1755870123.8349447,3,5,-73
1755870123.8709445,4,5,-73
1755870123.9089446,3,1,-69
1755870123.9469447,7,4,-68
1755870123.9849446,1,0,-67
1755870124.0209446,4,3,-77
1755870124.0589447,5,4,-78
1755870124.0969446,6,-2,-74
1755870124.1359446,2,1,-64
1755870124.1719446,-9,4,-75
1755870124.2099447,-6,1,-68
1755870124.2479446,-4,-4,-59
1755870124.2869446,0,-1,-73
1755870124.3249447,3,-1,-69
1755870124.3609445,-3,0,-65
1755870124.3979447,-1,2,-72
1755870124.4369447,4,-2,-76
1755870124.4749446,-6,-3,-70
1755870124.5109446,0,2,-75
1755870124.5479443,4,1,-67
1755870124.585945,0,1,-61
1755870124.621945,-1,4,-78
1755870124.6589446,-1,4,-68
1755870124.6969447,-2,-4,-73
1755870124.7359445,5,-1,-69
1755870124.7719443,1,-1,-70
1755870124.8089447,0,-4,-84
1755870124.8469446,2,0,-77
1755870124.8859446,4,6,-66
1755870124.9219446,-1,1,-63
1755870124.9589446,4,2,-68
1755870124.996945,0,2,-80
1755870125.032945,-12,0,-82
1755870125.0699446,-3,4,-80
1755870125.1079447,5,-6,-84
1755870125.1469443,1,-9,-69
1755870125.1829443,-1,-4,-70
1755870125.2209446,4,4,-79
1755870125.2579446,5,-2,-68
1755870125.2969446,1,-2,-60
1755870125.3329446,4,-7,-69
1755870125.3699446,0,0,-85
1755870125.4069445,0,-5,-72
1755870125.4459443,-1,-2,-85
1755870125.4819446,-5,0,-88
1755870125.519945,5,1,-83
1755870125.5569446,0,4,-85
1755870125.5959446,0,1,-89
1755870125.631945,2,0,-81
1755870125.6689446,0,-1,-81
1755870125.7079446,0,-2,-76
1755870125.7459445,-4,1,-82
1755870125.7819445,-5,1,-82
1755870125.8189447,1,2,-77
1755870125.8569446,5,0,-75
1755870125.8929446,2,-1,-74
1755870125.9319446,1,-3,-77
1755870125.9689443,-3,4,-74
1755870126.0079446,4,2,-71
1755870126.0459447,6,0,-77
1755870126.0819447,2,3,-73
1755870126.1189446,-2,3,-67
1755870126.157945,3,4,-71
1755870126.1959443,-1,7,-81
1755870126.2319446,2,2,-84
1755870126.2689445,-4,-5,-64
1755870126.3079443,-4,-1,-73
1755870126.3459446,-3,0,-73
1755870126.381945,-7,-1,-76
1755870126.4199443,-6,1,-71
1755870126.4579446,-1,2,-65
1755870126.496945,-13,2,-72
1755870126.532945,-9,0,-77
1755870126.5699446,0,2,-83
1755870126.6079447,0,9,-74
1755870126.6459446,8,7,-74
1755870126.6819446,3,0,-64
1755870126.7189443,0,0,-73
1755870126.7579446,-4,-2,-76
1755870126.7939446,0,-7,-83
1755870126.8309443,-8,0,-78
1755870126.8689446,-5,0,-73
1755870126.907945,0,0,-77
1755870126.9439447,0,-1,-76
1755870126.9829447,-9,-2,-77
1755870127.019945,-1,-7,-83
1755870127.0579443,1,-4,-75
1755870127.0969446,-3,-1,-69
1755870127.1329446,0,0,-73
1755870127.1699443,2,3,-63
1755870127.2079446,8,0,-68
1755870127.2439446,0,0,-77
1755870127.2809446,-8,0,-79
1755870127.3189447,-4,0,-72
1755870127.3579447,-1,-2,-72
1755870127.3939445,2,-2,-78
1755870127.4309447,4,2,-79
1755870127.4679446,4,-1,-82
1755870127.506945,1,-2,-73
1755870127.542945,2,3,-83
1755870127.5809443,0,-3,-82
1755870127.6199446,0,-6,-76
1755870127.657945,-6,-3,-77
1755870127.6939447,-2,-3,-76
1755870127.7329447,4,-1,-78
1755870127.769945,8,1,-83
1755870127.8079443,-2,0,-90
1755870127.8439443,-8,-2,-82
1755870127.8829446,-4,3,-79
1755870127.9199443,-13,0,-77
1755870127.9589446,-2,-5,-74
1755870127.996945,2,-13,-81
1755870128.032945,8,-6,-73
1755870128.0699446,3,-6,-63
1755870128.108945,1,-4,-73
1755870128.1469443,2,2,-80
1755870128.1829443,-3,2,-70
1755870128.2199447,2,-1,-76
1755870128.2589445,6,-1,-73
1755870128.2969446,0,-1,-82
1755870128.3329446,-4,0,-82
1755870128.3699446,4,-1,-73
1755870128.4089446,1,-4,-77
1755870128.4469447,-3,0,-74
1755870128.4829447,3,1,-68
1755870128.519945,-2,0,-69
1755870128.5589447,0,1,-77
1755870128.5949447,7,5,-72
1755870128.6329446,4,0,-72
1755870128.6699443,-2,4,-66
1755870128.7089446,-3,5,-80
1755870128.7449446,-1,2,-74
1755870128.7819445,-6,0,-82
1755870128.8199446,-4,-2,-74
1755870128.858945,-2,0,-69
1755870128.894945,-1,-4,-68
1755870128.9329443,0,4,-79
1755870128.9699447,9,5,-73
1755870129.0079446,3,-1,-67
1755870129.0439446,2,-4,-80
1755870129.0829446,0,-3,-73
1755870129.1209445,9,-3,-70
1755870129.1589446,3,-2,-84
1755870129.1979446,10,-2,-80
1755870129.233945,4,0,-72
1755870129.2709446,-4,1,-68
1755870129.3099446,-6,-4,-66
1755870129.3479445,-3,0,-72
1755870129.3839445,-4,-2,-68
1755870129.4219446,0,-4,-72
1755870129.4599447,3,0,-75
1755870129.4979446,-4,-5,-79
1755870129.5339446,-10,-2,-79
1755870129.5719447,0,4,-65
1755870129.6099446,0,-2,-78
1755870129.6479447,-1,1,-66
1755870129.6839447,-2,0,-60
1755870129.7209446,-2,-6,-76
1755870129.759945,0,0,-65
1755870129.7979443,-3,-9,-73
1755870129.8339446,-7,-2,-69
1755870129.871945,-1,0,-72
1755870129.9099443,-7,-2,-63
1755870129.9489446,-8,1,-68
1755870129.9849446,-1,-7,-66
1755870130.0229447,-1,1,-71
1755870130.0609446,2,0,-74
1755870130.098945,-1,0,-72
1755870130.134945,-1,2,-78
1755870130.1729443,0,0,-76
1755870130.210945,5,1,-66
1755870130.2499447,1,7,-72
1755870130.2879446,-4,8,-66
1755870130.3239446,0,2,-66
1755870130.3609445,-8,4,-75
1755870130.3999443,-2,0,-72
1755870130.4359446,4,-5,-76
1755870130.4729445,-2,0,-75
1755870130.5109446,0,-2,-72
1755870130.5499446,-3,5,-68
1755870130.585945,0,11,-65
1755870130.6229446,4,-4,-66
1755870130.6609447,1,-6,-75
1755870130.6999447,2,-1,-65
1755870130.7359445,-5,-3,-63
1755870130.7739446,1,-3,-61
1755870130.812945,5,-2,-69
1755870130.8499446,3,1,-81
1755870130.8859446,-1,-1,-90
1755870130.9239447,-2,-8,-70
1755870130.9629445,0,-3,-80
1755870130.9999447,5,0,-80
1755870131.0359447,0,0,-80
1755870131.0729446,-4,-5,-82
1755870131.1109445,-1,-1,-67
1755870131.1499443,3,0,-81
1755870131.1859446,-2,-5,-79
1755870131.223945,0,0,-73
1755870131.269945,4,6,-71
1755870131.3059447,0,-2,-80
1755870131.3439443,2,2,-82
1755870131.3809447,0,1,-79
1755870131.4199443,7,4,-71
1755870131.4559443,4,8,-68
1755870131.4929447,0,-8,-60
1755870131.5309446,2,0,-66
1755870131.5699446,5,0,-73
1755870131.6059446,-2,3,-69
1755870131.6429446,0,4,-86
1755870131.6809447,-5,-4,-91
1755870131.7189443,1,-6,-90
1755870131.7549446,-2,-4,-80
1755870131.792945,-3,0,-61
1755870131.8309443,0,-1,-73
1755870131.8699446,6,0,-67
1755870131.9059446,8,0,-75
1755870131.9429443,0,-6,-80
1755870131.9809446,4,1,-81
1755870132.019945,9,3,-79
1755870132.0559447,0,6,-85
1755870132.0929446,1,1,-71
1755870132.1309447,-1,0,-74
1755870132.1669445,0,0,-71
1755870132.2039447,0,-3,-74
1755870132.2419446,0,-5,-70
1755870132.2809446,-3,-2,-70
1755870132.3169446,-2,0,-85
1755870132.3549447,-2,3,-77
1755870132.3929446,-8,1,-87
1755870132.4309447,-1,0,-81
1755870132.4699447,-11,0,-75
1755870132.5059447,-5,4,-81
1755870132.542945,0,0,-77
1755870132.5809443,-3,2,-65
1755870132.6169446,-7,1,-71
1755870132.6539447,3,2,-78
1755870132.690945,0,-2,-72
1755870132.7299447,-2,2,-85
1755870132.7659447,2,1,-83
1755870132.8039446,0,0,-65
1755870132.8409443,-2,3,-76
1755870132.8799446,-3,-1,-72
1755870132.9159446,-6,-3,-70
1755870132.9539447,2,-1,-63
1755870132.9919446,0,0,-69
1755870133.029945,4,-1,-82
1755870133.065945,-3,-6,-80
1755870133.1039443,2,-7,-65
1755870133.1419446,0,0,-66
1755870133.1799445,-2,-8,-66
1755870133.2159443,-2,-9,-69
1755870133.2539446,0,0,-58
1755870133.2919445,3,2,-61
1755870133.3299446,0,1,-77
1755870133.3659446,-5,3,-70
1755870133.4039447,3,4,-70
1755870133.4419446,6,0,-79
1755870133.4799447,-2,0,-69
1755870133.5169446,-2,-3,-64
1755870133.5539446,-4,2,-69
1755870133.5919447,-4,1,-69
1755870133.6309447,3,3,-62
1755870133.6669445,1,-1,-66
1755870133.7039447,0,1,-70
1755870133.7419446,1,0,-63
1755870133.779945,3,-3,-75
1755870133.815945,3,0,-69
1755870133.8539443,2,0,-77
1755870133.8919446,2,0,-79
1755870133.9299445,0,2,-72
1755870133.9659443,-11,2,-66
1755870134.0039446,-5,-1,-72
1755870134.0419445,-7,2,-75
1755870134.0809443,-5,1,-78
1755870134.1169446,-5,-1,-70
1755870134.154945,1,-3,-69
1755870134.1929443,-1,-5,-80
1755870134.2319446,3,-10,-76
1755870134.2679446,-1,0,-71
1755870134.3049445,-4,4,-75
1755870134.3429446,1,0,-79
1755870134.3809447,-5,3,-73
1755870134.4169445,-2,1,-78
1755870134.4539447,-4,3,-73
1755870134.4919446,-4,5,-60
1755870134.5309446,0,-6,-69
1755870134.5669446,4,0,-74
1755870134.6039443,5,-1,-78
1755870134.6419446,0,0,-76
1755870134.677945,1,2,-78
1755870134.7149446,1,5,-75
1755870134.7529447,-2,2,-67
1755870134.7919445,-4,-1,-62
1755870134.8279445,0,-1,-63
1755870134.8649447,8,3,-77
1755870134.9029446,2,-4,-83
1755870134.9419446,-4,-3,-82
1755870134.9779446,-1,1,-80
1755870135.0169446,2,-5,-78
1755870135.0539446,-2,-2,-69
1755870135.0929446,1,0,-67
1755870135.1309447,3,2,-75
1755870135.1669445,-1,0,-69
1755870135.2039447,7,-5,-76
1755870135.2429447,0,-6,-84
1755870135.2809446,-4,-2,-78
1755870135.3169446,-9,-1,-79
1755870135.3549447,3,3,-83
1755870135.3929446,10,-6,-77
1755870135.4309447,8,-2,-73
1755870135.4669447,1,0,-75
1755870135.5039446,8,7,-75
1755870135.542945,9,0,-77
1755870135.5809443,2,1,-67
1755870135.6169446,-1,4,-68
1755870135.6539447,2,1,-65
1755870135.6919446,-2,-4,-65
1755870135.7279446,-5,-4,-82
1755870135.7659447,0,1,-71
1755870135.8039446,4,-2,-67
1755870135.8429446,-10,-4,-69
1755870135.8789446,1,-6,-68
1755870135.9169445,-1,3,-85
1755870135.9539447,1,12,-61
1755870135.9919446,0,1,-64
1755870136.0279446,3,5,-65
1755870136.0649445,0,2,-73
1755870136.1029446,10,3,-77
1755870136.1389446,2,-7,-75
1755870136.1759446,1,-9,-74
1755870136.213945,-2,-8,-70
1755870136.2529447,-4,-4,-78
1755870136.2889447,4,-8,-79
1755870136.325945,9,-4,-71
1755870136.3639443,0,-1,-73
1755870136.4029446,-6,-4,-80
1755870136.4389446,0,1,-75
1755870136.4759445,-2,3,-75
1755870136.5139446,2,-3,-76
1755870136.552945,5,2,-78
1755870136.588945,2,2,-80
1755870136.6259446,0,-6,-74
1755870136.6639447,-1,-2,-74
1755870136.7029445,1,-1,-76
1755870136.7389443,-3,-4,-79
1755870136.7769446,-9,-5,-71
1755870136.8149445,2,-2,-66
1755870136.8539443,-2,-4,-66
1755870136.8919446,-6,-1,-74
1755870136.927945,-2,-6,-68
1755870136.9659443,-3,-3,-68
1755870137.0039446,0,0,-69
1755870137.0419445,4,0,-75
1755870137.0779445,-1,-4,-84
1755870137.1169446,-4,-2,-67
1755870137.1539447,2,-2,-70
1755870137.1929443,1,-6,-71
1755870137.2289443,0,-3,-78
1755870137.2669446,0,3,-62
1755870137.3039446,-3,-1,-66
1755870137.3429446,-3,-8,-68
1755870137.3789446,2,0,-70
1755870137.4169445,0,-7,-76
1755870137.4539447,3,-3,-78
1755870137.4929447,6,-1,-78
1755870137.5289447,4,-6,-69
1755870137.5669446,0,0,-69
1755870137.6039443,2,8,-70
1755870137.6399446,-2,1,-73
1755870137.677945,-9,5,-83
1755870137.7149446,0,-1,-70
1755870137.7539446,10,-4,-75
1755870137.7899446,0,0,-80
1755870137.8279445,-1,5,-83
1755870137.8659446,-2,-1,-68
1755870137.9039447,3,-3,-70
1755870137.9429443,2,-3,-67
1755870137.9789443,-1,-1,-62
1755870138.0169446,-4,-2,-70
1755870138.0549445,-4,0,-71
1755870138.0939443,5,6,-72
1755870138.1299446,8,-1,-71
1755870138.1669445,0,0,-65
1755870138.2049446,0,0,-78
1755870138.2429447,2,0,-62
1755870138.2789447,-9,2,-70
1755870138.3169446,1,0,-83
1755870138.3549447,2,5,-80
1755870138.3929446,2,-1,-66
1755870138.4289446,-3,-3,-62
1755870138.4669447,-7,-3,-82
1755870138.5049446,1,-3,-74
1755870138.5439446,4,-5,-68
1755870138.5799446,2,0,-72
1755870138.6169446,0,-2,-75
1755870138.654945,-4,7,-87
1755870138.6939447,-2,7,-72
1755870138.7299447,2,-2,-76
1755870138.7669446,-6,3,-58
1755870138.8049445,-4,2,-66
1755870138.8439443,-7,-6,-68
1755870138.8799446,-3,-3,-70
1755870138.917945,-3,3,-73
1755870138.9559443,-1,12,-72
1755870138.9949446,9,2,-67
1755870139.032945,2,-7,-79
1755870139.0689447,3,-1,-80
1755870139.1069446,0,-2,-72
1755870139.1459446,0,-4,-79
1755870139.1839447,4,-4,-76
1755870139.2199447,4,-2,-68
1755870139.256945,0,-2,-80
1755870139.2959447,0,-3,-76
1755870139.3339446,0,-3,-76
1755870139.3699446,-2,1,-72
1755870139.4069445,-3,-4,-63
1755870139.4449446,1,1,-70
1755870139.483945,3,-3,-74
1755870139.519945,0,-3,-72
1755870139.5569446,-1,-4,-65
1755870139.5959446,4,0,-67
1755870139.6339445,4,-4,-76
1755870139.6699443,6,-3,-77
1755870139.7079446,0,0,-83
1755870139.7459445,-6,0,-73
1755870139.7839446,-3,0,-79
1755870139.8199446,-8,2,-66
1755870139.8579447,1,0,-76
1755870139.894945,-4,-1,-79
1755870139.9339447,-2,-2,-73
1755870139.9699447,-1,-2,-70
1755870140.0079446,5,-1,-69
1755870140.0459447,1,6,-69
1755870140.0839446,7,1,-74
1755870140.1199446,-6,-3,-79
1755870140.157945,0,-10,-72
1755870140.1959443,4,-3,-70
1755870140.2349446,0,0,-75
1755870140.2709446,2,-2,-76
1755870140.3079443,4,-5,-76
1755870140.3459446,-4,-4,-83
1755870140.384945,-2,0,-72
1755870140.4209447,0,2,-75
1755870140.4579446,-3,5,-74
1755870140.4959445,4,0,-66
1755870140.5339446,-1,4,-73
1755870140.5699446,-6,3,-83
1755870140.6069446,0,-1,-78
1755870140.6459446,2,-5,-73
1755870140.6839447,-15,-5,-59
1755870140.7199447,-2,0,-70
1755870140.756945,0,0,-75
1755870140.7959447,-2,2,-67
1755870140.8339446,2,9,-70
1755870140.8699446,-1,3,-76
1755870140.907945,2,0,-83
1755870140.9459443,3,-7,-76
1755870140.983945,0,-5,-78
1755870141.019945,3,2,-77
1755870141.0569446,6,0,-71
1755870141.0959446,0,0,-69
1755870141.131945,3,0,-63
1755870141.1689446,-1,-4,-64
1755870141.2079446,-1,0,-67
1755870141.2459445,0,-1,-68
1755870141.2889447,3,0,-64
1755870141.3269446,8,2,-74
1755870141.3659446,6,0,-66
1755870141.4029446,-4,-3,-72
1755870141.4399445,3,-4,-71
1755870141.4779446,1,0,-75
1755870141.5159447,-4,0,-67
1755870141.5519447,-7,-6,-67
1755870141.5899446,-8,4,-81
1755870141.6279447,0,-3,-70
1755870141.6659446,-1,0,-56
1755870141.7049446,3,1,-67
1755870141.7409446,0,1,-65
1755870141.7779446,-4,5,-79
1755870141.815945,0,10,-77
1755870141.8549447,-3,8,-77
1755870141.8909447,0,8,-70
1755870141.927945,2,3,-68
1755870141.9659443,-6,2,-62
1755870142.0019443,0,-3,-78
1755870142.0389447,-5,0,-70
1755870142.0769446,0,1,-71
1755870142.1149447,0,-6,-69
1755870142.1509447,-1,-7,-67
1755870142.1889446,-1,-2,-78
1755870142.2269447,-1,3,-78
1755870142.2659447,-2,3,-86
1755870142.3019447,-3,0,-87
1755870142.3399446,7,-2,-71
1755870142.3779447,1,3,-74
1755870142.4159446,4,0,-60
1755870142.4529445,-1,-3,-70
1755870142.4899447,0,8,-72
1755870142.5279446,4,1,-79
1755870142.565945,0,3,-73
1755870142.6019447,0,0,-84
1755870142.6399446,1,-6,-73
1755870142.677945,4,-2,-71
1755870142.7169447,-8,0,-71
1755870142.7549446,-6,0,-62
1755870142.7909446,-4,-3,-72
1755870142.8289447,-4,4,-70
1755870142.8669446,4,2,-79
1755870142.9059446,6,0,-65
1755870142.9429443,9,3,-67
1755870142.9799447,6,1,-77
1755870143.0169446,5,2,-69
1755870143.052945,0,1,-80
1755870143.0899446,5,2,-63
1755870143.1279447,-1,8,-67
1755870143.1669445,0,-1,-65
1755870143.2029445,0,-5,-69
1755870143.2399447,6,1,-71
1755870143.2779446,3,-2,-80
1755870143.3169446,3,0,-71
1755870143.3529446,0,2,-80
1755870143.3899446,4,0,-76
1755870143.427945,4,6,-64
1755870143.4659443,3,1,-70
1755870143.5019443,-3,2,-65
1755870143.5389447,-9,-6,-69
1755870143.5769446,0,4,-69
1755870143.6129446,5,7,-62
1755870143.6509447,4,-2,-69
1755870143.687945,-2,0,-76
1755870143.7269447,2,4,-63
1755870143.7629447,0,2,-59
1755870143.8009446,-2,2,-63
1755870143.8379445,1,1,-65
1755870143.8759446,-1,-1,-79
1755870143.9119446,2,-2,-78
1755870143.9499447,-6,0,-74
1755870143.9879446,7,-6,-75
1755870144.0269446,3,-4,-72
1755870144.062945,5,-3,-82
1755870144.1009445,1,0,-95
1755870144.1379447,5,-1,-75
1755870144.1769447,-6,-1,-80
1755870144.2129445,-5,0,-85
1755870144.2499447,-8,-1,-77
1755870144.2879446,-2,1,-83
1755870144.3269446,1,2,-83
1755870144.3629446,-5,-2,-77
1755870144.4009447,-1,3,-67
1755870144.4389446,0,-4,-73
1755870144.4779446,0,-4,-76
1755870144.5159447,1,-1,-65
1755870144.5519447,9,0,-65
1755870144.588945,7,0,-65
1755870144.6269443,0,3,-69
1755870144.6629446,0,-2,-71
1755870144.700945,3,6,-71
1755870144.7379446,5,10,-74
1755870144.7739446,3,5,-81
1755870144.8119447,-2,0,-78
1755870144.8499446,0,-5,-72
1755870144.8879447,2,-5,-72
1755870144.9269447,-5,-1,-81
1755870144.9629445,-4,-7,-78
1755870145.0009446,-6,4,-73
1755870145.0389447,-3,2,-62
1755870145.0779445,6,0,-63
1755870145.1139443,-4,-3,-85
1755870145.1519446,-5,3,-76
1755870145.1899445,-2,1,-79
1755870145.2279446,-5,3,-70
1755870145.2669446,0,0,-81
1755870145.302945,0,0,-80
1755870145.3399446,1,0,-76
1755870145.3779447,0,-1,-75
1755870145.4139447,5,0,-76
1755870145.450945,9,4,-87
1755870145.4889443,-5,-1,-81
1755870145.5279446,-2,0,-70
1755870145.5639446,-3,-6,-73
1755870145.6019447,7,2,-70
1755870145.6389446,3,2,-62
1755870145.6769447,1,3,-80
1755870145.7129445,-3,0,-73
1755870145.7509446,4,1,-72
1755870145.7889447,-3,0,-66
1755870145.8269446,0,5,-59
1755870145.8629446,0,8,-61
1755870145.9009447,-4,-1,-76
1755870145.9389446,-4,0,-71
1755870145.9769447,0,0,-75
1755870146.0129447,-5,1,-71
1755870146.0509446,-8,6,-69
1755870146.088945,-7,3,-71
1755870146.1269443,-4,7,-60
1755870146.1629446,0,6,-69
1755870146.200945,-6,-3,-76
1755870146.2389443,4,-4,-70
1755870146.2769446,2,0,-71
1755870146.312945,6,0,-74
1755870146.3499446,-5,0,-72
1755870146.3889446,-2,6,-73
1755870146.4269447,-1,-1,-76
1755870146.4629445,-3,0,-74
1755870146.5009446,-11,3,-69
1755870146.5389447,-2,9,-84
1755870146.5749447,0,0,-73
1755870146.611945,-2,2,-61
1755870146.6499443,0,5,-66
1755870146.6889446,-7,5,-72
1755870146.7249446,-4,3,-71
1755870146.7619443,-5,0,-84
1755870146.8009446,-7,4,-82
1755870146.838945,0,1,-72
1755870146.8749447,-6,0,-79
1755870146.9119446,-8,6,-79
1755870146.9499447,4,-4,-80
1755870146.9889443,3,0,-77
1755870147.0249443,1,-4,-74
1755870147.0619447,5,1,-76
1755870147.098945,0,1,-83
1755870147.1379447,2,0,-70
1755870147.1739447,5,-2,-64
1755870147.2119446,4,1,-73
1755870147.2499447,5,-1,-81
1755870147.2879446,-7,1,-70
1755870147.3239446,-11,0,-79
1755870147.361945,-3,3,-73
1755870147.4009447,0,3,-73
1755870147.4389446,0,0,-81
1755870147.4749446,2,-2,-74
1755870147.5119443,6,5,-75
1755870147.5499446,3,3,-73
1755870147.5879445,5,2,-71
1755870147.6239443,2,0,-66
1755870147.6619446,2,-1,-77
1755870147.6999447,0,0,-82
1755870147.7389443,-7,1,-87
1755870147.7749443,-7,-4,-88
1755870147.812945,-2,1,-88
1755870147.8509445,7,0,-76
1755870147.8889446,1,-1,-74
1755870147.9249446,1,2,-81
1755870147.9619446,8,6,-82
1755870147.9999447,3,3,-71
1755870148.0379446,7,3,-92
1755870148.0739446,-5,6,-92
1755870148.111945,-8,-3,-78
1755870148.1509447,-4,2,-80
1755870148.1889446,4,2,-69
1755870148.2249446,4,0,-70
1755870148.2619443,-1,-2,-73
1755870148.2999446,10,-6,-62
1755870148.338945,-2,-3,-54
1755870148.3749447,4,3,-75
1755870148.4119446,8,-3,-84
1755870148.4499447,0,-2,-80
1755870148.4889443,0,-2,-79
1755870148.5249443,1,-1,-78
1755870148.5619447,11,-4,-67
1755870148.5999446,5,-3,-63
1755870148.6389446,-2,-1,-72
1755870148.6749446,4,-3,-76
1755870148.713945,-1,2,-76
1755870148.7519443,0,3,-78
1755870148.7899446,12,4,-80
1755870148.825945,3,3,-65
1755870148.8639443,7,-4,-70
1755870148.9019446,3,-1,-75
1755870148.9399445,6,-1,-65
1755870148.9789443,2,0,-57
1755870149.0149446,2,-4,-67
1755870149.0519447,-1,-5,-87
1755870149.0909443,-1,-5,-84
1755870149.1289446,10,-5,-74
1755870149.1649446,-1,-1,-69
1755870149.2029445,-7,0,-76
1755870149.2409446,4,-4,-75
1755870149.279945,-3,2,-68
1755870149.315945,-3,4,-73
1755870149.3539443,-3,-3,-70
1755870149.3919446,-5,-9,-70
1755870149.4309447,3,-8,-65
1755870149.4689443,5,-4,-65
1755870149.5049446,-4,0,-63
1755870149.5419445,-3,3,-70
1755870149.5809443,0,2,-85
1755870149.6189446,0,3,-80
1755870149.654945,-2,6,-73
1755870149.6919446,-7,5,-69
1755870149.7309446,-7,-1,-69
1755870149.7689445,-4,-5,-78
1755870149.8049445,5,-5,-72
1755870149.8429446,3,0,-77
1755870149.8809447,0,0,-79
1755870149.9189446,3,6,-78
1755870149.9549446,6,3,-86
1755870149.9919446,4,6,-98
1755870150.0309446,2,2,-81
1755870150.0669446,10,-1,-80
1755870150.1039443,-6,-2,-75
1755870150.1419446,0,-5,-68
1755870150.1809447,5,1,-69
1755870150.2169447,0,5,-71
1755870150.2539446,-2,0,-74
1755870150.292945,-2,3,-73
1755870150.3309443,-7,-1,-71
1755870150.3669446,-5,-6,-63
1755870150.404945,-6,-3,-78
1755870150.4429443,-3,-6,-62
1755870150.4809446,1,1,-71
1755870150.519945,3,-4,-74
1755870150.5559447,-3,-3,-71
1755870150.5939443,0,-1,-65
1755870150.631945,0,0,-72
1755870150.6699443,3,-4,-68
1755870150.7059443,3,1,-69
1755870150.7429447,-3,0,-64
1755870150.7809446,0,0,-71
1755870150.8169446,-5,3,-71
1755870150.8559446,1,6,-73
1755870150.8929446,-3,0,-73
1755870150.9319446,-3,-5,-66
1755870150.9699447,-1,7,-68
1755870151.0059447,0,4,-72
1755870151.042945,-1,1,-84
1755870151.0819447,4,6,-87
1755870151.1199446,2,1,-76
1755870151.1559446,-1,2,-74
1755870151.1929443,-4,0,-82
1755870151.2319446,3,0,-74
1755870151.269945,2,0,-75
1755870151.3139446,8,-3,-72
1755870151.3529446,4,0,-79
1755870151.3909447,5,-1,-83
1755870151.427945,4,-2,-79
1755870151.4649446,0,2,-74
1755870151.5019443,3,3,-72
1755870151.5409446,-1,0,-71
1755870151.5769446,9,0,-75
1755870151.6149447,3,0,-70
1755870151.6529446,3,-2,-71
1755870151.690945,3,0,-73
1755870151.7269447,0,2,-78
1755870151.7649446,-3,-1,-76
1755870151.802945,-7,0,-77
1755870151.8419447,-1,2,-77
1755870151.8779447,1,1,-68
1755870151.9149446,7,5,-69
1755870151.9529445,4,3,-69
1755870151.9909446,-4,0,-68
1755870152.0269446,-4,3,-68
1755870152.0649445,0,0,-71
1755870152.1019447,-4,0,-73
1755870152.1409447,-3,-1,-71
1755870152.1769447,0,11,-76
1755870152.213945,0,7,-75
1755870152.2529447,4,3,-76
1755870152.2909446,-2,7,-78
1755870152.3269446,4,2,-68
1755870152.3639443,0,-3,-79
1755870152.4019446,-5,2,-72
1755870152.440945,2,3,-82
1755870152.4769447,0,2,-90
1755870152.5139446,-7,0,-80
1755870152.5519447,-5,-7,-80
1755870152.5909443,-3,2,-76
1755870152.6269443,-4,0,-70
1755870152.6639447,0,-2,-77
1755870152.7029445,-1,-4,-70
1755870152.7409446,-3,0,-70
1755870152.7769446,0,0,-77
1755870152.8139446,-1,-4,-85
1755870152.8529446,2,-2,-84
1755870152.8909447,1,-5,-79
1755870152.9269447,4,-6,-72
1755870152.963945,2,2,-70
1755870153.0019443,-7,2,-74
1755870153.0379446,-11,3,-78
1755870153.075945,0,1,-80
1755870153.1139443,5,4,-82
1755870153.1519446,1,1,-78
1755870153.187945,-4,11,-69
1755870153.2259445,0,0,-74
1755870153.2639446,-7,0,-70
1755870153.302945,-2,1,-81
1755870153.3409443,6,-5,-64
1755870153.3769443,1,-5,-73
1755870153.4139447,-7,-3,-78
1755870153.4529445,-2,0,-73
1755870153.4909446,3,4,-75
1755870153.5269446,1,-4,-83
1755870153.5639446,1,0,-87
1755870153.6029446,-8,-2,-82
1755870153.6409447,-6,-1,-74
1755870153.6769447,-3,-4,-76
1755870153.7159443,0,4,-78
1755870153.7529447,11,0,-71
1755870153.7889447,10,0,-77
1755870153.825945,4,-4,-80
1755870153.8639443,-3,-4,-77
1755870153.9029446,3,0,-72
1755870153.9389446,-1,-2,-75
1755870153.9769447,-6,-3,-71
1755870154.0159447,-7,-3,-67
1755870154.052945,6,-4,-64
1755870154.0919447,2,9,-77
1755870154.1279447,3,7,-69
1755870154.1659446,-2,0,-64
1755870154.2039447,0,4,-76
1755870154.2419446,0,0,-71
1755870154.2779446,2,1,-73
1755870154.315945,-1,0,-57
1755870154.3539443,-5,1,-76
1755870154.3929446,-6,0,-70
1755870154.4289446,-1,-10,-75
1755870154.4669447,-10,-4,-72
1755870154.5049446,0,0,-71
1755870154.5439446,-2,2,-78
1755870154.5819447,0,0,-75
1755870154.6179447,-4,-1,-83
1755870154.6559446,0,0,-79
1755870154.6939447,-4,-8,-82
1755870154.7329447,5,-2,-78
1755870154.7689445,6,2,-82
1755870154.8059447,2,0,-68
1755870154.8439443,0,-3,-69
1755870154.881945,0,-3,-72
1755870154.917945,-1,-2,-73
1755870154.9559443,1,0,-63
1755870154.9939446,-1,0,-67
1755870155.0319445,0,0,-63
1755870155.0679443,4,-6,-74
1755870155.1059446,-2,-5,-71
1755870155.1439445,-3,-1,-75
1755870155.1829443,-2,0,-75
1755870155.2189443,1,2,-73
1755870155.2559447,0,-2,-70
1755870155.2939446,0,-5,-77
1755870155.3329446,3,-2,-78
1755870155.3689446,-3,-4,-79
1755870155.4069445,3,0,-87
1755870155.4439447,0,-6,-75
1755870155.4829447,-3,-4,-68
1755870155.5189445,0,-5,-68
1755870155.5559447,0,-1,-67
1755870155.5939443,3,-1,-66
1755870155.6329446,-5,0,-61
1755870155.6689446,-6,2,-79
1755870155.7059443,0,10,-76
1755870155.7439446,0,1,-85
1755870155.779945,3,-1,-70
1755870155.8169446,2,3,-72
1755870155.8549447,1,5,-77
1755870155.8929446,-3,1,-74
1755870155.9289446,2,-6,-63
1755870155.9669447,-2,-2,-67
1755870156.0049446,1,2,-80
1755870156.042945,5,1,-72
1755870156.0789447,3,-9,-76
1755870156.1169446,0,2,-73
1755870156.1539447,-1,1,-76
1755870156.1929443,-3,0,-88
1755870156.2289443,-5,5,-75
1755870156.2669446,-5,-4,-75
1755870156.3049445,-6,-6,-67
1755870156.3439443,0,-1,-66
1755870156.3799446,1,7,-76
1755870156.4169445,0,0,-69
1755870156.4549446,2,-4,-79
1755870156.4929447,-5,-3,-86
1755870156.5289447,0,-2,-77
1755870156.5669446,1,-4,-75
1755870156.6049447,3,-6,-75
1755870156.6439445,-2,0,-74
1755870156.6799445,-1,4,-75
1755870156.7169447,-2,1,-76
1755870156.7549446,-2,10,-71
1755870156.7939446,-4,0,-73
1755870156.8299446,-4,-3,-77
1755870156.8679447,-6,-3,-74
1755870156.9059446,-1,-4,-62
1755870156.9449446,-3,2,-75
1755870156.9829447,-1,2,-69
1755870157.0189445,0,3,-59
1755870157.0569446,1,-10,-64
1755870157.0949447,11,-6,-69
1755870157.1339445,2,-4,-74
1755870157.1699443,2,-3,-76
1755870157.2079446,-1,-12,-74
1755870157.246945,4,0,-85
1755870157.2849443,3,0,-75
1755870157.3229446,3,4,-78
1755870157.358945,8,-6,-80
1755870157.3959446,9,-2,-67
1755870157.4349446,9,-3,-80
1755870157.4709446,0,-3,-64
1755870157.5089445,6,-9,-68
1755870157.5469446,-3,-10,-75
1755870157.5849447,4,-5,-70
1755870157.6239443,10,-3,-74
1755870157.6599443,8,0,-77
1755870157.6969447,7,1,-69
1755870157.7349446,2,0,-68
1755870157.7709446,4,0,-79
1755870157.8089447,3,0,-83
1755870157.8459446,-3,2,-71
1755870157.884945,0,1,-78
1755870157.9209447,0,0,-69
1755870157.9579446,-1,3,-87
1755870157.9959445,3,0,-81
1755870158.0339446,0,6,-75
1755870158.0699446,0,4,-75
1755870158.1069446,-1,7,-82
1755870158.1459446,-1,0,-80
1755870158.1839447,5,-1,-75
1755870158.2199447,9,0,-64
1755870158.256945,5,0,-66
1755870158.2949443,6,-4,-77
1755870158.3309443,3,-1,-81
1755870158.3679447,3,-3,-69
1755870158.4059446,-1,-3,-71
1755870158.4449446,0,0,-79
1755870158.4809446,-6,-2,-65
1755870158.5189445,-2,4,-63
1755870158.5569446,-4,-2,-72
1755870158.5959446,9,-3,-73
1755870158.6339445,5,-8,-67
1755870158.6699443,5,-1,-69
1755870158.7089446,0,0,-76
1755870158.7459445,-2,3,-74
1755870158.7849443,0,5,-81
1755870158.8209443,0,5,-81
1755870158.858945,0,2,-78
1755870158.8959446,-2,4,-83
1755870158.9349446,2,8,-76
1755870158.9709446,1,-2,-80
1755870159.0089445,6,-7,-73
1755870159.0479443,10,-1,-88
1755870159.085945,6,-4,-76
1755870159.121945,0,0,-78
1755870159.1589446,-5,-2,-84
1755870159.1979446,0,1,-73
1755870159.2359445,8,-2,-72
1755870159.2719443,7,0,-79
1755870159.3089447,4,-6,-69
1755870159.3479445,3,-5,-66
1755870159.3859446,-7,0,-69
1755870159.4219446,-2,0,-67
1755870159.4589446,-4,3,-74
1755870159.4979446,-5,-2,-62
1755870159.5359447,-3,-1,-70
1755870159.5719447,-1,-1,-70
1755870159.6099446,0,-6,-76
1755870159.6479447,0,2,-66
1755870159.6859446,0,-8,-78
1755870159.7219446,4,0,-77
1755870159.7589445,5,-3,-70
1755870159.7969446,2,0,-74
1755870159.835945,0,-5,-77
1755870159.871945,3,-5,-72
1755870159.9099443,1,0,-67
1755870159.9479446,6,0,-73
1755870159.9859445,0,2,-71
1755870160.0229447,-3,-2,-82
1755870160.0599446,0,0,-72
1755870160.0979445,2,5,-69
1755870160.1359446,3,2,-70
1755870160.1719446,0,0,-55
1755870160.2089446,0,-3,-73
1755870160.246945,0,-1,-73
1755870160.2859447,0,-6,-80
1755870160.3219447,1,-3,-88
1755870160.3599446,1,0,-83
1755870160.3979447,8,0,-74
1755870160.4359446,4,0,-87
1755870160.4719446,-1,0,-78
1755870160.509945,-1,2,-81
1755870160.5479443,-1,-1,-77
1755870160.5869446,-4,0,-76
1755870160.6249447,-4,4,-74
1755870160.6609447,-2,-1,-74
1755870160.6989446,-7,0,-82
1755870160.736945,1,2,-73
1755870160.7759447,5,-3,-67
1755870160.8119447,1,-2,-64
1755870160.848945,4,5,-61
1755870160.8869443,4,-3,-70
1755870160.9229443,2,-4,-69
1755870160.9599447,0,-5,-71
1755870160.9979446,4,-3,-63
1755870161.0369446,7,-9,-75
1755870161.0729446,-2,0,-74
1755870161.1099446,4,-11,-71
1755870161.1479447,-2,-5,-66
1755870161.1869447,6,-12,-62
1755870161.2229445,12,-10,-68
1755870161.259945,13,3,-69
1755870161.2969446,0,-1,-66
1755870161.3409443,8,0,-74
1755870161.3789446,1,0,-77
1755870161.4169445,0,1,-74
1755870161.4559443,-4,2,-66
1755870161.4919446,-6,8,-68
1755870161.5289447,4,0,-79
1755870161.5669446,3,-8,-81
1755870161.6029446,10,-3,-77
1755870161.6399446,0,2,-80
1755870161.677945,-4,3,-66
1755870161.7159443,-1,2,-62
1755870161.7519443,1,-3,-68
1755870161.7899446,0,-2,-76
1755870161.8279445,6,0,-72
1755870161.8659446,9,6,-73
1755870161.9019446,-1,0,-69
1755870161.9389446,-3,-5,-71
1755870161.9779446,5,-5,-72
1755870162.0159447,-3,-1,-80
1755870162.0519447,5,-3,-79
1755870162.0899446,6,1,-77
1755870162.1279447,5,-1,-86
1755870162.1659446,0,-7,-82
1755870162.2019446,5,-9,-77
1755870162.2399447,1,4,-66
1755870162.2779446,5,0,-65
1755870162.315945,3,1,-81
1755870162.3519447,-4,-1,-68
1755870162.3899446,-8,0,-61
1755870162.427945,-8,-5,-62
1755870162.4669447,-5,3,-73
1755870162.5029447,0,4,-77
1755870162.5399446,0,-1,-72
1755870162.5779445,3,0,-74
1755870162.6159446,2,2,-71
1755870162.6519446,-1,-4,-79
1755870162.6899445,2,-5,-60
1755870162.7279446,-3,0,-62
1755870162.7669446,-4,1,-64
1755870162.802945,1,6,-77
1755870162.8399446,0,1,-68
1755870162.8779447,-5,-1,-67
1755870162.9139447,3,3,-69
1755870162.950945,0,3,-69
1755870162.9879446,-3,-4,-77
1755870163.0269446,2,-1,-75
1755870163.062945,3,-4,-79
1755870163.1009445,1,-1,-82
1755870163.1389446,-1,-7,-78
1755870163.177945,4,0,-77
1755870163.213945,-1,-3,-77
1755870163.2529447,-3,-4,-75
1755870163.2899446,4,-6,-74
1755870163.3279445,-2,-6,-75
1755870163.3669446,1,-5,-70
1755870163.4029446,0,-4,-73
1755870163.440945,4,-2,-80
1755870163.4789443,2,8,-79
1755870163.5169446,0,0,-78
1755870163.552945,-2,-1,-71
1755870163.5909443,-6,-1,-78
1755870163.6289446,-2,-2,-79
1755870163.667945,-2,-1,-68
1755870163.7039447,-1,-7,-62
1755870163.7419446,3,-7,-68
1755870163.779945,-3,0,-72
1755870163.8189447,-5,0,-79
1755870163.8569446,0,8,-86
1755870163.8929446,8,6,-71
1755870163.9299445,8,-1,-82
1755870163.9689443,0,0,-80
1755870164.006945,0,-4,-81
1755870164.042945,4,-4,-70
1755870164.0799446,-1,-7,-74
1755870164.1189446,3,-2,-81
1755870164.1569445,0,-3,-80
1755870164.1929443,-2,4,-67
1755870164.2299447,6,-1,-73
1755870164.2689445,-5,5,-75
1755870164.3069446,1,-1,-70
1755870164.3429446,1,1,-71
1755870164.3799446,3,-1,-67
1755870164.4189446,2,1,-67
1755870164.4549446,5,-3,-70
1755870164.4939446,-2,4,-69
1755870164.5309446,1,0,-71
1755870164.5699446,4,1,-74
1755870164.6079447,-3,4,-83
1755870164.6439445,5,0,-81
1755870164.6809447,4,-3,-79
1755870164.7199447,4,0,-78
1755870164.7579446,3,2,-76
1755870164.7939446,0,5,-64
1755870164.8309443,0,4,-78
1755870164.8699446,0,6,-75
1755870164.907945,0,2,-73
1755870164.9439447,-4,-1,-66
1755870164.9819446,7,-12,-71
1755870165.019945,10,0,-65
1755870165.0589447,2,7,-76
1755870165.0949447,2,2,-71
1755870165.131945,-4,0,-75
1755870165.1699443,4,-2,-70
1755870165.2089446,1,5,-72
1755870165.2449446,0,-1,-67
1755870165.2819445,-1,3,-70
1755870165.3199446,8,2,-78
1755870165.3579447,3,3,-75
1755870165.3939445,9,0,-74
1755870165.4309447,2,0,-86
1755870165.4699447,0,0,-78
1755870165.5079446,-4,0,-84
1755870165.5439446,-1,0,-81
1755870165.5819447,-2,-5,-84
1755870165.6199446,3,0,-80
1755870165.6589446,8,-4,-67
1755870165.6949446,0,1,-57
1755870165.7319446,-1,-5,-70
1755870165.769945,2,-1,-74
1755870165.8089447,6,-2,-70
1755870165.8449447,-5,4,-68
1755870165.881945,-3,-3,-78
1755870165.9199443,0,-1,-78
1755870165.9589446,-3,-7,-65
1755870165.9949446,-1,-3,-77
1755870166.0339446,-5,3,-78
1755870166.0709443,0,2,-84
1755870166.108945,-3,4,-66
1755870166.144945,-9,8,-58
1755870166.1819446,0,4,-60
1755870166.2199447,0,0,-55
1755870166.2559447,2,0,-52
1755870166.2939446,-4,0,-63
1755870166.3319447,-2,1,-76
1755870166.3709445,0,1,-85
1755870166.4089446,3,1,-73
1755870166.4449446,0,1,-71
1755870166.4819446,-3,2,-64
1755870166.5209446,5,0,-63
1755870166.5589447,-7,2,-69
1755870166.5949447,-3,6,-67
1755870166.631945,-2,3,-75
1755870166.6709447,6,-2,-67
1755870166.7089446,6,3,-77
1755870166.7449446,5,0,-77
1755870166.7819445,-3,3,-82
1755870166.8199446,-3,4,-80
1755870166.858945,-1,0,-86
1755870166.894945,1,2,-86
1755870166.9319446,2,2,-82
1755870166.9699447,4,0,-67
1755870167.0059447,0,-1,-71
1755870167.0449443,-4,2,-73
1755870167.0819447,10,-5,-80
1755870167.1209445,1,-3,-78
1755870167.1589446,0,5,-81
1755870167.1949446,-5,1,-81
1755870167.233945,-1,-3,-85
1755870167.2709446,1,-5,-81
1755870167.3099446,0,0,-76
1755870167.3459446,5,4,-83
1755870167.3839445,1,0,-77
1755870167.4209447,4,4,-77
1755870167.4589446,7,1,-74
1755870167.4949446,7,2,-71
1755870167.5319445,-1,-2,-64
1755870167.5709443,9,2,-74
1755870167.608945,3,1,-70
1755870167.644945,-7,-2,-76
1755870167.6829443,1,1,-70
1755870167.7209446,-2,6,-66
1755870167.759945,-2,0,-70
1755870167.7959447,0,3,-61
1755870167.8329446,8,-1,-65
1755870167.8709445,6,1,-72
1755870167.9089446,2,2,-66
1755870167.9449446,0,-5,-63
1755870167.9819446,-3,6,-61
1755870168.0209446,5,5,-68
1755870168.0569446,0,5,-70
1755870168.0949447,-8,2,-66
1755870168.131945,-7,-1,-72
1755870168.1709447,1,-1,-75
1755870168.2069447,1,0,-69
1755870168.2439446,5,1,-77
1755870168.2819445,-3,1,-67
1755870168.3209443,-5,-4,-62
1755870168.3569446,-2,-6,-79
1755870168.3959446,2,-1,-75
1755870168.4329443,3,2,-75
1755870168.4709446,5,1,-66
1755870168.506945,1,0,-70
1755870168.5449443,-5,0,-78
1755870168.5829446,-9,4,-78
1755870168.621945,-2,5,-75
1755870168.6599443,6,0,-70
1755870168.6959443,2,9,-68
1755870168.7329447,0,3,-72
1755870168.7709446,4,0,-67
1755870168.8079443,4,0,-69
1755870168.8449447,0,0,-74
1755870168.8829446,-2,-4,-75
1755870168.9219446,8,-6,-77
1755870168.9599447,1,-8,-80
1755870168.9959445,-1,-2,-83
1755870169.0349443,0,-1,-76
1755870169.0719447,-6,0,-69
1755870169.1109445,-2,5,-68
1755870169.1469443,-1,3,-69
1755870169.1849446,-4,0,-76
1755870169.2219446,1,-5,-79
1755870169.2609446,-6,0,-81
1755870169.2969446,-2,0,-76
1755870169.3349447,10,-8,-74
1755870169.371945,3,0,-83
1755870169.4099443,0,2,-82
1755870169.4459443,-7,4,-79
1755870169.4829447,-4,6,-71
1755870169.5219443,-3,4,-69
1755870169.5599446,-1,0,-67
1755870169.5959446,-1,-6,-81
1755870169.634945,0,-8,-85
1755870169.6719446,-7,-4,-79
1755870169.710945,-3,-3,-90
1755870169.746945,-2,-1,-90
1755870169.7849443,1,1,-74
1755870169.8219447,-1,-3,-77
1755870169.8609445,-3,1,-67
1755870169.8969443,-2,0,-68
1755870169.9339447,-3,-1,-76
1755870169.9719446,-1,-2,-82
1755870170.0109446,0,-8,-69
1755870170.0469446,0,-5,-70
1755870170.0839446,4,-2,-75
1755870170.121945,0,-2,-75
1755870170.1609447,2,-9,-55
1755870170.1969447,11,-1,-72
1755870170.2349446,11,4,-75
1755870170.2719443,3,0,-66
1755870170.3079443,1,1,-77
1755870170.3449447,1,0,-72
1755870170.3829446,0,1,-65
1755870170.4219446,0,1,-75
1755870170.4579446,4,0,-70
1755870170.4949446,4,-2,-76
1755870170.532945,2,-1,-68
1755870170.5719447,-2,-6,-83
1755870170.6079447,-3,-2,-78
1755870170.6459446,2,2,-71
1755870170.6839447,-1,-5,-71
1755870170.7229445,0,2,-68
1755870170.7609446,3,2,-64
1755870170.7969446,-1,3,-73
1755870170.8339446,0,3,-65
1755870170.871945,7,2,-74
1755870170.907945,3,-1,-65
1755870170.9459443,-1,-4,-72
1755870170.983945,-5,-6,-66
1755870171.0229447,-2,-1,-66
1755870171.0609446,0,0,-69
1755870171.0969446,6,-2,-64
1755870171.1339445,6,-4,-69
1755870171.1729443,3,2,-74
1755870171.210945,5,0,-77
1755870171.246945,-2,0,-78
1755870171.2839446,2,-3,-72
1755870171.3229446,4,7,-72
1755870171.3669446,1,7,-84
1755870171.4059446,-1,6,-79
1755870171.4429443,9,3,-70
1755870171.4819446,0,6,-79
1755870171.5189445,-1,6,-77
1755870171.5559447,-4,4,-82
1755870171.5939443,-8,0,-70
1755870171.6329446,7,0,-74
1755870171.6689446,1,2,-76
1755870171.7059443,0,-2,-62
1755870171.7439446,-3,2,-75
1755870171.782945,-4,-4,-68
1755870171.8189447,-4,0,-73
1755870171.8559446,6,-3,-79
1755870171.894945,6,2,-79
1755870171.9329443,-1,5,-75
1755870171.9689443,-3,7,-76
1755870172.0059447,3,4,-79
1755870172.042945,-3,4,-80
1755870172.0819447,-5,4,-77
1755870172.1179447,-3,1,-78
1755870172.1559446,0,1,-76
1755870172.1929443,-3,4,-82
1755870172.2319446,-2,6,-79
1755870172.2679446,-1,8,-75
1755870172.3059447,-3,4,-69
1755870172.3439443,3,-2,-72
1755870172.3829446,9,-1,-71
1755870172.4189446,11,-8,-74
1755870172.4569447,0,1,-70
1755870172.4939446,0,0,-81
1755870172.5319445,-6,1,-69
1755870172.5679443,-7,-8,-65
1755870172.6059446,-3,4,-73
1755870172.6439445,1,12,-79
1755870172.6819446,-1,5,-77
1755870172.7179446,-2,6,-78
1755870172.7559447,8,4,-71
1755870172.7939446,4,1,-74
1755870172.8319447,3,0,-69
1755870172.8679447,1,-1,-72
1755870172.9059446,5,5,-73
1755870172.9439447,3,1,-83
1755870172.9819446,-1,-1,-78
1755870173.0179446,-2,-4,-82
1755870173.0559447,-3,3,-72
1755870173.0939443,0,6,-79
1755870173.131945,-7,5,-69
1755870173.167945,-5,3,-67
1755870173.2059443,-3,0,-78
1755870173.2439446,-3,0,-77
1755870173.282945,0,-2,-68
1755870173.3189447,3,-10,-67
1755870173.3569446,4,-3,-73
1755870173.394945,0,0,-77
1755870173.4329443,-2,8,-68
1755870173.4689443,-4,10,-73
1755870173.506945,0,-1,-71
1755870173.5449443,-1,1,-81
1755870173.5839446,1,-5,-82
1755870173.6199446,-9,-6,-71
1755870173.6589446,-7,5,-76
1755870173.6959443,0,5,-75
1755870173.733945,0,5,-76
1755870173.7729447,5,1,-71
1755870173.8089447,2,-3,-68
1755870173.8459446,-1,0,-76
1755870173.8839445,0,-7,-82
1755870173.9229443,-2,-5,-72
1755870173.9589446,0,-7,-78
1755870173.9959445,-1,2,-79
1755870174.0339446,1,-1,-77
1755870174.0729446,0,-9,-73
1755870174.108945,-3,0,-70
1755870174.1459446,-3,2,-64
1755870174.1849446,-2,0,-80
1755870174.2229445,-2,-10,-74
1755870174.2589445,-3,-7,-81
1755870174.2969446,-1,-8,-77
1755870174.335945,1,0,-70
1755870174.3739443,-4,-1,-80
1755870174.4099443,3,-5,-78
1755870174.4469447,0,3,-70
1755870174.4859445,-1,1,-70
1755870174.5239446,4,0,-79
1755870174.5599446,-2,-2,-68
1755870174.5979445,1,2,-76
1755870174.6359446,6,-2,-74
1755870174.6739447,1,1,-69
1755870174.7099447,0,0,-69
1755870174.746945,-6,-5,-65
1755870174.7859447,-6,-4,-67
1755870174.8239446,-6,-3,-79
1755870174.8599446,0,6,-63
1755870174.8969443,0,4,-73
1755870174.9349446,2,5,-72
1755870174.9729445,2,2,-78
1755870175.0089445,0,-2,-86
1755870175.0459447,0,3,-85
1755870175.0849447,1,-3,-71
1755870175.1229446,-2,1,-82
1755870175.1589446,0,3,-72
1755870175.1959443,0,3,-79
1755870175.233945,-4,3,-87
1755870175.269945,-5,0,-76
1755870175.3079443,-2,1,-70
1755870175.3459446,-1,-2,-79
1755870175.384945,5,0,-76
1755870175.4209447,0,4,-80
1755870175.4589446,3,3,-67
1755870175.4959445,-1,0,-71
1755870175.5349443,4,-1,-68
1755870175.5709443,8,-3,-64
1755870175.608945,4,1,-73
1755870175.6469443,0,5,-71
1755870175.6849446,0,5,-74
1755870175.7209446,0,0,-74
1755870175.7589445,-1,4,-70
1755870175.7969446,0,0,-77
1755870175.8349447,-1,-6,-78
1755870175.8709445,0,-3,-72
1755870175.9089446,-1,-2,-76
1755870175.9469447,5,2,-73
1755870175.9849446,6,8,-74
1755870176.0209446,4,1,-87
1755870176.0589447,-2,0,-76
1755870176.0969446,0,0,-73
1755870176.134945,-2,5,-74
1755870176.1709447,-4,8,-73
1755870176.2089446,8,8,-70
1755870176.2459445,6,5,-64
1755870176.2839446,-5,3,-75
1755870176.3199446,-1,-4,-73
1755870176.3579447,-1,-1,-84
1755870176.3959446,-4,-5,-63
1755870176.4349446,0,2,-78
1755870176.4709446,9,0,-82
1755870176.5079446,-1,4,-86
1755870176.5459447,-4,0,-81
1755870176.5849447,-3,2,-64
1755870176.6209445,0,3,-79
1755870176.657945,-2,0,-74
1755870176.6969447,-6,0,-73
1755870176.7349446,-4,-2,-70
1755870176.7709446,-1,-2,-76
1755870176.8099446,-2,0,-80
1755870176.8469446,5,-2,-73
1755870176.8859446,-11,-1,-79
1755870176.9239447,-8,-1,-77
1755870176.9599447,-2,-2,-77
1755870176.9979446,-1,-1,-73
1755870177.0359447,0,-6,-87
1755870177.0749447,-1,-3,-82
1755870177.1109445,-2,-4,-83
1755870177.1489446,1,-6,-81
1755870177.1869447,-2,-4,-78
1755870177.2259445,1,-2,-86
1755870177.2619443,0,3,-82
1755870177.2989447,0,-4,-74
1755870177.3369446,6,-6,-69
1755870177.3759446,2,0,-85
1755870177.4119446,6,2,-85
1755870177.4489446,1,0,-78
1755870177.4859445,2,0,-73
1755870177.5219443,0,0,-70
1755870177.5589447,-1,3,-64
1755870177.5969446,-6,2,-72
1755870177.6359446,-2,5,-75
1755870177.6719446,-11,3,-82
1755870177.7089446,-8,1,-78
1755870177.746945,-2,0,-67
1755870177.7859447,0,1,-69
1755870177.8219447,-8,-1,-61
1755870177.8599446,-6,-5,-73
1755870177.8979447,4,-4,-69
1755870177.9369447,-4,3,-63
1755870177.9749446,1,2,-59
1755870178.0109446,-5,3,-64
1755870178.0479443,-2,2,-69
1755870178.0869446,1,0,-66
1755870178.1249447,-4,0,-62
1755870178.1609447,-1,1,-68
1755870178.1979446,-4,2,-63
1755870178.236945,-1,2,-65
1755870178.2749443,-1,6,-76
1755870178.3109446,3,-4,-70
1755870178.3479445,3,0,-76
1755870178.3859446,2,-8,-76
1755870178.4219446,-3,-5,-70
1755870178.4599447,0,-4,-74
1755870178.4979446,6,2,-70
1755870178.5359447,-2,2,-71
1755870178.5719447,-1,0,-78
1755870178.608945,-4,0,-74
1755870178.6469443,-2,5,-80
1755870178.6859446,0,-3,-72
1755870178.7219446,1,2,-73
1755870178.7589445,3,8,-72
1755870178.7969446,-1,3,-75
1755870178.835945,4,-1,-71
1755870178.871945,-1,-6,-74
1755870178.9099443,1,-8,-65
1755870178.9479446,-5,-6,-79
1755870178.986945,-9,-5,-75
1755870179.0229447,1,1,-82
1755870179.0599446,6,0,-83
1755870179.0969446,2,3,-80
1755870179.1329446,2,4,-71
1755870179.1709447,3,0,-75
1755870179.2079446,5,-2,-71
1755870179.246945,2,1,-75
1755870179.282945,0,2,-76
1755870179.3209443,-3,4,-82
1755870179.3599446,-8,4,-69
1755870179.3969443,1,7,-66
1755870179.4329443,5,1,-72
1755870179.4709446,0,4,-62
1755870179.5089445,-5,-2,-71
1755870179.5479443,3,0,-76
1755870179.585945,1,1,-75
1755870179.621945,0,7,-73
1755870179.6599443,-6,-4,-59
1755870179.6979446,2,3,-66
1755870179.7359445,-1,1,-67
1755870179.7719443,-7,0,-73
1755870179.8099446,4,1,-75
1755870179.8479445,5,0,-77
1755870179.8859446,-1,-2,-74
1755870179.9219446,0,-3,-68
1755870179.9589446,0,-1,-65
1755870179.9979446,-2,0,-66
1755870180.0359447,-8,6,-69
1755870180.0719447,-2,4,-68
1755870180.1099446,-5,-1,-69
1755870180.1479447,-1,2,-76
1755870180.1859446,2,0,-61
1755870180.2219446,3,-7,-67
1755870180.2589445,3,0,-73
1755870180.2979443,-3,-13,-74
1755870180.335945,0,-10,-73
1755870180.371945,0,0,-79
1755870180.4089446,4,2,-76
1755870180.4479446,-2,-3,-70
1755870180.4859445,-5,-3,-75
1755870180.5219443,1,-6,-71
1755870180.5589447,-1,-2,-73
1755870180.5979445,0,-1,-80
1755870180.6339445,-5,-8,-84
1755870180.6719446,9,-2,-77
1755870180.7099447,2,-3,-82
1755870180.7479446,4,-1,-84
1755870180.7869446,5,-2,-72
1755870180.8229446,-4,-1,-70
1755870180.8609445,-4,4,-74
1755870180.8989446,-2,-2,-71
1755870180.937945,-5,1,-74
1755870180.973945,-2,-5,-73
1755870181.0119443,-6,1,-68
1755870181.0499446,-9,-2,-62
1755870181.088945,-2,1,-76
1755870181.1269443,-7,-5,-77
1755870181.1629446,-1,-2,-68
1755870181.2019446,4,5,-73
1755870181.2389443,-7,1,-81
1755870181.2779446,-8,5,-82
1755870181.3139446,-3,4,-77
1755870181.3519447,-2,6,-77
1755870181.3969443,3,4,-70
1755870181.4339447,0,2,-75
1755870181.4719446,-3,2,-74
1755870181.5089445,0,0,-73
1755870181.5479443,0,2,-80
1755870181.5839446,-3,1,-79
1755870181.621945,7,-1,-80
1755870181.6599443,1,0,-71
1755870181.6979446,-4,-4,-76
1755870181.733945,-1,-4,-71
1755870181.7719443,0,4,-77
1755870181.8089447,-2,-2,-75
1755870181.8479445,-3,0,-76
1755870181.884945,-11,-4,-62
1755870181.9219446,-3,-7,-69
1755870181.9599447,1,1,-79
1755870181.9989443,4,0,-77
1755870182.0369446,8,-2,-81
1755870182.0729446,0,0,-88
1755870182.1099446,3,2,-74
1755870182.1489446,7,-1,-76
1755870182.1869447,10,-4,-74
1755870182.2229445,3,-5,-74
1755870182.2609446,-2,-5,-78
1755870182.2989447,-5,-2,-78
1755870182.3379445,-4,0,-74
1755870182.3739443,-1,-6,-68
1755870182.4119446,9,-1,-64
1755870182.4499447,3,1,-77
1755870182.4889443,2,-9,-82
1755870182.5249443,1,-9,-73
1755870182.562945,-1,-1,-75
1755870182.6009445,2,0,-77
1755870182.6389446,0,3,-66
1755870182.6749446,-5,-2,-72
1755870182.7129445,1,-4,-81
1755870182.7509446,-3,-1,-81
1755870182.7889447,1,-4,-83
1755870182.8279445,3,7,-72
1755870182.8639443,1,6,-78
1755870182.9009447,-3,5,-81
1755870182.9389446,4,3,-76
1755870182.9749446,2,-1,-59
1755870183.0129447,5,0,-75
1755870183.0509446,11,-3,-93
1755870183.088945,4,0,-69
1755870183.1259446,1,1,-71
1755870183.1629446,1,-7,-63
1755870183.200945,1,-3,-68
1755870183.2399447,1,8,-78
1755870183.2779446,-3,5,-74
1755870183.3139446,-6,-6,-67
1755870183.3519447,1,-9,-75
1755870183.3899446,-5,-4,-78
1755870183.4289446,8,-1,-72
1755870183.4649446,2,1,-62
1755870183.5029447,0,-1,-73
1755870183.5409446,-1,-7,-76
1755870183.5799446,0,-4,-68
1755870183.6179447,0,-2,-71
1755870183.6539447,2,-4,-83
1755870183.690945,1,-1,-74
1755870183.7299447,0,-2,-76
1755870183.7679446,0,0,-85
1755870183.8039446,4,4,-76
1755870183.8409443,2,-1,-81
1755870183.8799446,-6,7,-66
1755870183.917945,0,-3,-74
1755870183.9539447,-2,1,-84
1755870183.9909446,0,0,-80
1755870184.029945,-5,-5,-73
1755870184.0679443,3,0,-70
1755870184.1039443,-1,0,-82
1755870184.1419446,0,0,-70
1755870184.1799445,-2,-1,-79
1755870184.2159443,-4,1,-79
1755870184.2529447,-4,0,-77
1755870184.2919445,-2,0,-85
1755870184.3299446,-4,-2,-86
1755870184.3659446,0,0,-72
1755870184.4029446,-7,-5,-73
1755870184.4419446,-5,-5,-81
1755870184.4799447,4,6,-76
1755870184.5159447,7,-9,-73
1755870184.552945,-3,-4,-71
1755870184.5919447,-7,-2,-67
1755870184.6299446,-2,1,-84
1755870184.6659446,6,1,-66
1755870184.7039447,5,-7,-70
1755870184.7419446,0,-4,-80
1755870184.779945,-2,-7,-85
1755870184.815945,-4,-6,-89
1755870184.8539443,-6,-11,-77
1755870184.8919446,3,-8,-76
1755870184.9309447,6,0,-81
1755870184.9689443,5,0,-87
1755870185.0049446,2,1,-70
1755870185.0419445,11,0,-80
1755870185.0799446,1,-3,-75
1755870185.1159446,2,-1,-65
1755870185.1539447,-1,0,-77
1755870185.1919446,0,-5,-69
1755870185.2309446,-6,-7,-81
1755870185.2689445,3,-2,-76
1755870185.3049445,-7,-3,-77
1755870185.3429446,-3,-9,-69
1755870185.3809447,1,-4,-71
1755870185.4199443,3,0,-76
1755870185.4559443,2,3,-67
1755870185.4929447,0,5,-70
1755870185.5309446,4,-4,-68
1755870185.5689447,3,-6,-68
1755870185.6049447,-3,-7,-74
1755870185.6429446,-1,-2,-66
1755870185.6809447,1,-1,-73
1755870185.7199447,7,-3,-74
1755870185.7559447,1,-5,-82
1755870185.792945,-1,3,-73
1755870185.8309443,1,3,-72
1755870185.8699446,0,0,-75
1755870185.9059446,4,-1,-78
1755870185.9429443,2,2,-81
1755870185.9809446,0,3,-75
1755870186.0169446,-6,2,-66
1755870186.0549445,-5,-2,-67
1755870186.0929446,3,0,-73
1755870186.1309447,0,-6,-79
1755870186.1669445,1,0,-75
1755870186.2039447,0,-3,-68
1755870186.2419446,0,0,-66
1755870186.279945,-10,-3,-62
1755870186.315945,-9,-6,-63
1755870186.3539443,-10,0,-50
1755870186.3919446,-9,0,-70
1755870186.4309447,4,-1,-64
1755870186.4669447,-2,-7,-69
1755870186.5049446,7,-1,-65
1755870186.542945,-4,-4,-74
1755870186.5809443,-6,-7,-80
1755870186.6199446,-2,-2,-83
1755870186.6559446,-6,-9,-68
1755870186.6939447,2,0,-63
1755870186.7329447,0,0,-67
1755870186.7709446,-3,0,-60
1755870186.8069446,0,-5,-72
1755870186.8449447,1,0,-67
1755870186.8829446,-5,0,-75
1755870186.9209447,-1,-8,-72
1755870186.9579446,0,-7,-71
1755870186.9949446,1,-1,-70
1755870187.032945,5,-3,-73
1755870187.0719447,-3,0,-77
1755870187.1099446,9,-4,-76
1755870187.1459446,3,-5,-72
1755870187.1829443,8,-2,-71
1755870187.2219446,0,-1,-78
1755870187.259945,0,-6,-73
1755870187.2959447,-1,3,-69
1755870187.3329446,-10,0,-70
1755870187.371945,-5,-6,-67
1755870187.4099443,-1,0,-68
1755870187.4459443,0,0,-58
1755870187.4829447,0,1,-69
1755870187.5209446,5,-4,-64
1755870187.5569446,6,1,-72
1755870187.5939443,7,0,-70
1755870187.631945,6,4,-76
1755870187.6699443,4,10,-75
1755870187.7059443,1,4,-77
1755870187.7429447,3,-3,-70
1755870187.7819445,-5,-8,-74
1755870187.8199446,-5,0,-68
1755870187.8559446,-6,0,-74
1755870187.8929446,-5,4,-74
1755870187.9319446,4,0,-83
1755870187.9679446,2,3,-77
1755870188.006945,-6,2,-66
1755870188.0439446,-2,1,-68
1755870188.0819447,0,4,-81
1755870188.1209445,6,6,-77
1755870188.1569445,-3,1,-76
1755870188.1939447,-10,0,-92
1755870188.2319446,-5,-5,-85
1755870188.2709446,-4,-6,-69
1755870188.3069446,-8,0,-72
1755870188.3449447,-4,2,-83
1755870188.3829446,-3,3,-78
1755870188.4219446,0,-1,-79
1755870188.4589446,-9,-1,-76
1755870188.4959445,-10,4,-81
1755870188.5339446,-4,1,-78
1755870188.5729446,-2,-4,-72
1755870188.6109445,0,-5,-82
1755870188.6469443,-8,-2,-83
1755870188.6859446,-5,3,-67
1755870188.7229445,-2,0,-67
1755870188.7619443,0,-1,-67
1755870188.7979443,-1,-3,-76
1755870188.835945,-4,1,-73
1755870188.8739443,3,1,-81
1755870188.9119446,3,-4,-74
1755870188.9479446,0,2,-76
1755870188.9859445,0,-5,-80
1755870189.0239446,5,-1,-75
1755870189.062945,3,0,-91
1755870189.1009445,2,7,-84
1755870189.1369443,0,9,-75
1755870189.1739447,2,-4,-84
1755870189.2129445,-2,-2,-79
1755870189.2509446,1,2,-73
1755870189.2869446,-3,4,-83
1755870189.3239446,-1,2,-84
1755870189.3629446,3,-5,-85
1755870189.4009447,-1,-1,-74
1755870189.4369447,-2,2,-82
1755870189.473945,1,-1,-84
1755870189.5129447,-4,0,-80
1755870189.5489447,-6,0,-80
1755870189.585945,-3,-2,-78
1755870189.6239443,-6,1,-70
1755870189.6629446,-4,-4,-72
1755870189.6989446,0,2,-92
1755870189.7359445,0,1,-86
1755870189.7729447,-5,3,-88
1755870189.8119447,3,0,-78
1755870189.8479445,-7,-2,-79
1755870189.8859446,0,-2,-81
1755870189.9239447,2,-3,-81
1755870189.9629445,3,6,-78
1755870189.9989443,0,2,-76
1755870190.0359447,4,-1,-80
1755870190.0739446,3,7,-70
1755870190.1129446,2,6,-66
1755870190.1489446,1,6,-62
1755870190.1859446,10,0,-78
1755870190.2229445,2,0,-73
1755870190.2619443,-2,-3,-73
1755870190.2979443,1,-1,-75
1755870190.3349447,-2,-4,-72
1755870190.3739443,-3,0,-72
1755870190.4119446,5,-3,-78
1755870190.4479446,1,1,-73
1755870190.4849446,6,-5,-83
1755870190.5239446,10,-7,-86
1755870190.5619447,12,-3,-70
1755870190.5979445,7,-6,-72
1755870190.634945,5,-2,-71
1755870190.6739447,6,-1,-69
1755870190.7119446,4,-3,-79
1755870190.7479446,0,-1,-70
1755870190.7849443,2,4,-70
1755870190.8229446,6,-4,-76
1755870190.858945,1,-2,-63
1755870190.8959446,5,-1,-74
1755870190.9349446,5,-1,-77
1755870190.9729445,4,0,-75
1755870191.0089445,2,-3,-72
1755870191.0459447,4,-4,-71
1755870191.0839446,5,0,-93
1755870191.1229446,4,0,-81
1755870191.1589446,-2,2,-80
1755870191.1959443,-6,-5,-76
1755870191.233945,-10,-5,-88
1755870191.2729447,-2,-4,-80
1755870191.3089447,-5,-2,-89
1755870191.3479445,0,-6,-75
1755870191.384945,7,-3,-90
1755870191.4289446,2,2,-85
1755870191.4679446,1,-4,-88
1755870191.5059447,-4,-4,-73
1755870191.5439446,-1,-5,-79
1755870191.5799446,4,-5,-85
1755870191.6179447,1,-3,-78
1755870191.6559446,0,0,-78
1755870191.6939447,-1,-3,-65
1755870191.7309446,-3,7,-80
1755870191.7679446,-5,-3,-78
1755870191.8059447,-9,0,-73
1755870191.8439443,3,0,-74
1755870191.8799446,-1,-4,-73
1755870191.917945,3,-2,-68
1755870191.9559443,1,-2,-68
1755870191.9939446,6,-2,-80
1755870192.032945,5,-9,-84
1755870192.0689447,-2,-5,-89
1755870192.1069446,-4,1,-81
1755870192.144945,0,0,-67
1755870192.1839447,-4,-7,-75
1755870192.2199447,-1,-2,-78
1755870192.2589445,0,2,-71
1755870192.2959447,-7,3,-77
1755870192.3349447,-7,1,-72
1755870192.3729446,-10,1,-74
1755870192.4089446,-6,0,-77
1755870192.4459443,-5,-8,-78
1755870192.4849446,7,1,-67
1755870192.5229447,5,1,-65
1755870192.5589447,1,1,-70
1755870192.5959446,1,-6,-68
1755870192.634945,7,-2,-75
1755870192.6729443,-1,4,-71
1755870192.7089446,-1,3,-76
1755870192.7459445,5,-4,-89
1755870192.7849443,0,-1,-91
1755870192.8229446,2,7,-83
1755870192.858945,2,-1,-82
1755870192.8969443,0,-1,-84
1755870192.9349446,0,4,-88
1755870192.9729445,-3,5,-73
1755870193.0089445,-1,2,-65
1755870193.0469446,-3,7,-65
1755870193.0849447,1,1,-61
1755870193.1239443,1,0,-71
1755870193.1599443,-3,0,-72
1755870193.1969447,-4,-2,-71
1755870193.2349446,-4,0,-69
1755870193.2739446,-6,3,-74
1755870193.3099446,-5,1,-70
1755870193.3469446,0,-5,-78
1755870193.384945,4,-3,-75
1755870193.4239447,0,1,-70
1755870193.4599447,1,2,-75
1755870193.496945,1,3,-69
1755870193.5349443,-1,-6,-70
1755870193.5709443,0,-4,-68
1755870193.6079447,0,0,-72
1755870193.644945,1,-2,-63
1755870193.6839447,2,0,-64
1755870193.7199447,0,-3,-74
1755870193.7579446,0,-6,-68
1755870193.7949443,-1,0,-55
1755870193.8339446,1,-1,-68
1755870193.8699446,0,0,-79
1755870193.907945,7,2,-72
1755870193.9459443,-2,3,-76
1755870193.983945,-5,1,-80
1755870194.019945,-4,-2,-75
1755870194.0579443,-4,-1,-70
1755870194.0959446,1,0,-71
1755870194.134945,0,-1,-74
1755870194.1709447,8,-3,-72
1755870194.2079446,-1,3,-72
1755870194.2459445,1,-4,-71
1755870194.2849443,0,1,-81
1755870194.3209443,1,0,-79
1755870194.3579447,0,-3,-77
1755870194.3959446,9,0,-80
1755870194.4339447,5,0,-65
1755870194.4699447,3,5,-67
1755870194.506945,1,-5,-78
1755870194.5459447,-1,-8,-73
1755870194.5839446,-2,9,-73
1755870194.6209445,-1,2,-69
1755870194.657945,0,3,-65
1755870194.6959443,-3,6,-77
1755870194.733945,0,4,-75
1755870194.7709446,0,-4,-76
1755870194.8079443,-4,-3,-78
1755870194.8459446,-7,5,-78
1755870194.884945,-9,0,-70
1755870194.9209447,-4,0,-67
1755870194.9579446,3,2,-68
1755870194.9959445,0,-4,-75
1755870195.0319445,4,-1,-75
1755870195.0689447,7,0,-75
1755870195.1059446,1,0,-77
1755870195.144945,-1,-3,-77
1755870195.1809447,1,2,-83
1755870195.2189443,0,5,-71
1755870195.256945,-5,8,-79
1755870195.2949443,-6,0,-75
1755870195.3309443,-3,0,-76
1755870195.3699446,3,-3,-86
1755870195.4069445,0,6,-71
1755870195.4449446,2,3,-81
1755870195.4809446,6,1,-77
1755870195.5179446,1,0,-75
1755870195.5559447,5,-4,-74
1755870195.5949447,0,0,-71
1755870195.6309447,0,8,-77
1755870195.667945,1,3,-75
1755870195.7069447,0,1,-71
1755870195.7449446,-2,-4,-75
1755870195.7809446,-4,-4,-72
1755870195.8199446,-4,1,-75
1755870195.8569446,0,-1,-78
1755870195.8959446,0,2,-81
1755870195.9319446,0,-4,-79
1755870195.9699447,0,-1,-76
1755870196.006945,-2,-5,-76
1755870196.0459447,-4,-1,-75
1755870196.0819447,1,7,-78
1755870196.1199446,0,0,-87
1755870196.1569445,0,3,-85
1755870196.1959443,0,-3,-71
1755870196.2319446,2,-5,-81
1755870196.2689445,3,0,-74
1755870196.3069446,-1,1,-75
1755870196.3459446,-4,-5,-59
1755870196.381945,0,0,-74
1755870196.4189446,-2,-3,-65
1755870196.4569447,-1,1,-72
1755870196.4959445,5,1,-73
1755870196.5319445,2,0,-65
1755870196.5699446,1,0,-74
1755870196.6069446,0,-3,-80
1755870196.6459446,-2,0,-84
1755870196.6819446,0,-3,-80
1755870196.7199447,-2,-1,-74
1755870196.756945,-5,3,-69
1755870196.7959447,-4,-2,-82
1755870196.8319447,1,-5,-72
1755870196.8689446,0,0,-81
1755870196.9069445,-9,2,-71
1755870196.9459443,-2,-4,-74
1755870196.9819446,1,-1,-74
1755870197.0189445,3,-3,-76
1755870197.0569446,0,3,-74
1755870197.0929446,7,2,-74
1755870197.1299446,8,-3,-74
1755870197.1689446,3,-5,-90
1755870197.2069447,1,-1,-77
1755870197.2429447,-2,3,-81
1755870197.2819445,-2,-2,-72
1755870197.3189447,0,-7,-71
1755870197.3569446,4,-6,-73
1755870197.3959446,5,-6,-82
1755870197.4319446,0,-2,-68
1755870197.4689443,-1,-2,-77
1755870197.5079446,2,-4,-79
1755870197.5459447,0,0,-69
1755870197.5819447,-3,3,-82
1755870197.6189446,0,0,-69
1755870197.6569445,2,-3,-63
1755870197.6929443,0,0,-63
1755870197.7299447,1,-4,-57
1755870197.7679446,0,-3,-78
1755870197.8069446,-3,2,-79
1755870197.8429446,-4,3,-86
1755870197.8799446,2,-1,-78
1755870197.9189446,1,-8,-81
1755870197.9569447,-3,1,-82
1755870197.9929447,-1,3,-73
1755870198.029945,0,-7,-76
1755870198.0689447,-2,-3,-84
1755870198.1069446,5,-9,-74
1755870198.1429446,0,-5,-73
1755870198.1799445,-2,0,-67
1755870198.2179446,-5,0,-68
1755870198.256945,-8,-4,-74
1755870198.292945,-6,-1,-68
1755870198.3309443,-3,2,-68
1755870198.3689446,1,-3,-72
1755870198.407945,1,4,-71
1755870198.4459443,1,-6,-76
1755870198.4819446,0,-9,-68
1755870198.5189445,5,-3,-70
1755870198.5579443,1,-7,-71
1755870198.5939443,5,-6,-70
1755870198.6309447,13,-1,-69
1755870198.6689446,12,7,-83
1755870198.7069447,5,1,-72
1755870198.7429447,9,-1,-75
1755870198.7809446,9,-4,-83
1755870198.8199446,6,-2,-67
1755870198.8579447,2,5,-72
1755870198.8969443,5,-3,-72
1755870198.9329443,7,-3,-69
1755870198.9719446,1,4,-75
1755870199.0089445,1,1,-80
1755870199.0469446,-5,-2,-77
1755870199.0829446,-2,-3,-77
1755870199.121945,-4,-8,-66
1755870199.1589446,-7,-4,-73
1755870199.1979446,-4,4,-73
1755870199.233945,0,0,-72
1755870199.2709446,4,-5,-70
1755870199.3089447,0,0,-79
1755870199.3469446,-3,1,-83
1755870199.3829446,8,0,-81
1755870199.4199443,-2,5,-71
1755870199.4589446,-3,3,-70
1755870199.496945,-2,0,-64
1755870199.532945,2,2,-66
1755870199.5699446,3,-5,-68
1755870199.608945,-2,-2,-66
1755870199.6469443,4,-5,-75
1755870199.6829443,2,1,-86
1755870199.7199447,-1,9,-86
1755870199.7589445,1,0,-71
1755870199.7969446,-4,-1,-76
1755870199.8329446,10,-10,-69
1755870199.8699446,7,-2,-89
1755870199.9089446,0,0,-83
1755870199.9469447,3,0,-66
1755870199.9829447,4,-3,-77
1755870200.019945,1,-7,-70
1755870200.0589447,3,-2,-73
1755870200.0969446,4,0,-70
1755870200.1329446,-1,4,-66
1755870200.1709447,0,1,-63
1755870200.2089446,5,1,-80
1755870200.2479446,7,1,-75
1755870200.2839446,4,0,-75
1755870200.3209443,0,1,-72
1755870200.358945,0,1,-68
1755870200.394945,-2,0,-76
1755870200.4329443,0,0,-76
1755870200.4699447,2,0,-87
1755870200.5089445,6,2,-76
1755870200.5449443,2,3,-81
1755870200.5829446,1,2,-82
1755870200.6209445,0,2,-73
1755870200.6589446,1,1,-78
1755870200.6949446,0,-4,-83
1755870200.7329447,-2,-1,-75
1755870200.7709446,0,-2,-70
1755870200.8099446,-3,-3,-65
1755870200.8479445,-2,0,-70
1755870200.8839445,-2,1,-75
1755870200.9209447,-2,2,-82
1755870200.9589446,-1,4,-80
1755870200.9979446,1,1,-76
1755870201.0339446,-2,0,-68
1755870201.0709443,4,-1,-70
1755870201.1099446,10,-1,-71
1755870201.1479447,5,1,-78
1755870201.1839447,-5,6,-69
1755870201.2209446,-8,6,-82
1755870201.259945,-11,3,-79
1755870201.2979443,-7,0,-70
1755870201.3339446,5,3,-69
1755870201.3709445,2,4,-60
1755870201.4089446,1,2,-68
1755870201.4529445,-5,5,-72
1755870201.4909446,0,0,-81
1755870201.529945,-6,-2,-70
1755870201.5679443,-4,0,-70
1755870201.6039443,-2,0,-85
1755870201.6419446,-3,2,-97
1755870201.6799445,-4,-2,-91
1755870201.7189443,0,-7,-84
1755870201.7549446,2,-7,-74
1755870201.7919445,0,1,-68
1755870201.8299446,4,-1,-70
1755870201.8679447,-3,0,-62
1755870201.9039447,-1,2,-68
1755870201.9419446,1,-3,-69
1755870201.9799447,-8,5,-71
1755870202.0189445,-1,0,-76
1755870202.0549445,0,-3,-87
1755870202.0929446,2,-2,-80
1755870202.1299446,-1,0,-86
1755870202.1689446,3,0,-81
1755870202.2049446,0,-1,-65
1755870202.2419446,-8,-5,-73
1755870202.279945,-7,-2,-81
1755870202.3189447,-3,-2,-77
1755870202.3549447,-1,5,-68
1755870202.3919446,-1,2,-60
1755870202.4299445,-4,5,-70
1755870202.4689443,-10,4,-78
1755870202.5049446,-1,-1,-66
1755870202.542945,0,-3,-56
1755870202.5819447,2,0,-64
1755870202.6199446,-1,0,-73
1755870202.6559446,0,1,-70
1755870202.6939447,-7,-3,-69
1755870202.7319446,-10,0,-80
1755870202.769945,-5,-1,-84
1755870202.8089447,-4,-3,-66
1755870202.8449447,2,-1,-59
1755870202.8829446,0,-3,-75
1755870202.9209447,2,-3,-67
1755870202.9589446,1,0,-78
1755870202.9949446,2,-6,-73
1755870203.032945,4,0,-80
1755870203.0709443,6,0,-91
1755870203.108945,0,0,-78
1755870203.144945,0,-2,-76
1755870203.1829443,-4,-1,-68
1755870203.2209446,-3,3,-72
1755870203.2589445,0,-5,-59
1755870203.2949443,-2,-3,-73
1755870203.3329446,2,-5,-77
1755870203.3709445,5,5,-66
1755870203.4089446,0,-1,-73
1755870203.4449446,3,3,-79
1755870203.4829447,7,4,-77
1755870203.5209446,8,0,-75
1755870203.5589447,0,0,-86
1755870203.5949447,6,1,-76
1755870203.6329446,4,-1,-68
1755870203.6709447,0,4,-66
1755870203.7089446,-11,-3,-73
1755870203.7449446,-9,2,-66
1755870203.7819445,-5,2,-83
1755870203.8209443,-4,4,-81
1755870203.8569446,-3,-1,-74
1755870203.894945,-6,-5,-78
1755870203.9329443,-4,-4,-69
1755870203.9709446,-8,-4,-72
1755870204.009945,-3,-7,-78
1755870204.0459447,-1,-1,-73
1755870204.0839446,0,1,-79
1755870204.121945,0,2,-64
1755870204.1609447,7,-2,-65
1755870204.1969447,0,0,-60
1755870204.233945,6,3,-70
1755870204.2709446,3,-4,-80
1755870204.3099446,-2,1,-75
1755870204.3459446,0,-1,-74
1755870204.3829446,17,-2,-77
1755870204.4209447,6,-1,-80
1755870204.4599447,6,-3,-69
1755870204.4959445,0,-3,-73
1755870204.532945,-11,0,-75
1755870204.5709443,-3,4,-75
1755870204.6099446,1,1,-72
1755870204.6459446,9,-2,-70
1755870204.6849446,2,2,-72
1755870204.7219446,-6,-1,-77
1755870204.7609446,3,-5,-67
1755870204.7969446,1,-8,-64
1755870204.8339446,-3,-5,-70
1755870204.871945,-3,0,-73
1755870204.9109447,0,5,-66
1755870204.9469447,4,1,-68
1755870204.983945,2,3,-70
1755870205.0219443,-1,0,-76
1755870205.0599446,1,-4,-64
1755870205.0959446,3,-3,-68
1755870205.1339445,1,-4,-66
1755870205.1719446,-5,0,-81
1755870205.210945,-4,0,-71
1755870205.246945,-1,-1,-72
1755870205.2849443,0,1,-60
1755870205.3219447,-3,-3,-60
1755870205.3609445,-9,1,-70
1755870205.3969443,-7,0,-76
1755870205.4339447,-2,6,-68
1755870205.4719446,9,6,-64
1755870205.5109446,8,4,-56
1755870205.5469446,8,0,-80
1755870205.5839446,7,-7,-75
1755870205.621945,4,-1,-65
1755870205.6609447,14,-5,-74
1755870205.6969447,9,-9,-72
1755870205.7349446,7,-7,-74
1755870205.7739446,0,-6,-71
1755870205.8119447,4,-3,-77
1755870205.8479445,8,-13,-76
1755870205.884945,4,-7,-79
1755870205.9229443,-3,-4,-78
1755870205.9619446,-8,-3,-73
1755870205.9979446,6,-4,-68
1755870206.0349443,5,-1,-73
1755870206.0729446,-6,-5,-72
1755870206.111945,-4,-5,-67
1755870206.1479447,-6,-3,-74
1755870206.1859446,-4,0,-78
1755870206.223945,0,-6,-68
1755870206.2619443,0,-7,-74
1755870206.3009446,-5,-8,-76
1755870206.3369446,-2,-4,-70
1755870206.3749447,1,-2,-78
1755870206.4129446,-2,-3,-61
1755870206.4519446,-3,-1,-68
1755870206.4879446,0,-4,-74
1755870206.5259447,0,0,-73
1755870206.5639446,2,-3,-66
1755870206.6029446,2,0,-75
1755870206.6409447,0,-1,-75
1755870206.6769447,-1,-1,-79
1755870206.7149446,0,-1,-75
1755870206.7529447,4,0,-76
1755870206.7909446,2,-1,-70
1755870206.8269446,5,3,-85
1755870206.8639443,-2,2,-86
1755870206.9029446,-4,1,-74
1755870206.940945,-1,-4,-73
1755870206.9769447,1,-1,-81
1755870207.0139446,2,2,-74
1755870207.0519447,2,1,-75
1755870207.0879445,-1,-8,-70
1755870207.1259446,-6,-1,-67
1755870207.1639447,-2,1,-71
1755870207.2029445,1,-2,-71
1755870207.2409446,5,0,-78
1755870207.2769446,-3,-3,-79
1755870207.3149445,-4,-7,-71
1755870207.3529446,1,-3,-82
1755870207.3919446,7,-11,-70
1755870207.427945,0,-5,-77
1755870207.4659443,4,-5,-71
1755870207.5039446,3,5,-62
1755870207.542945,1,4,-62
1755870207.5789447,5,-4,-76
1755870207.6159446,4,-2,-77
1755870207.6539447,2,0,-75
1755870207.6929443,3,0,-84
1755870207.7289443,-4,6,-82
1755870207.7669446,-15,-2,-74
1755870207.8039446,-6,-5,-80
1755870207.8429446,-5,-5,-75
1755870207.8789446,1,-1,-81
1755870207.9159446,-7,2,-73
1755870207.9539447,-1,-1,-72
1755870207.9929447,-6,-1,-78
1755870208.0289447,-1,1,-73
1755870208.065945,0,-7,-83
1755870208.1039443,0,0,-76
1755870208.1429446,0,0,-70
1755870208.1789446,1,-3,-80
1755870208.2169447,7,-3,-70
1755870208.2539446,3,-1,-61
1755870208.292945,2,0,-53
1755870208.3289447,3,1,-66
1755870208.3659446,5,2,-80
1755870208.4039447,2,2,-82
1755870208.4419446,1,6,-79
1755870208.4779446,-1,-1,-80
1755870208.5159447,0,-1,-68
1755870208.5539446,2,-3,-75
1755870208.5929446,5,-2,-70
1755870208.6289446,-4,-2,-66
1755870208.6669445,-4,1,-71
1755870208.7059443,5,2,-74
1755870208.7439446,4,0,-66
1755870208.7819445,-5,1,-78
1755870208.8179443,0,0,-68
1755870208.8559446,0,0,-62
1755870208.8939445,-1,0,-68
1755870208.9319446,-3,3,-64
1755870208.9679446,-2,-7,-74
1755870209.0059447,0,-8,-71
1755870209.0439446,7,-11,-72
1755870209.0829446,-5,1,-72
1755870209.1189446,2,-2,-83
1755870209.1559446,-3,-6,-74
1755870209.1939447,6,-3,-80
1755870209.2329447,0,-5,-69
1755870209.2689445,1,4,-74
1755870209.3059447,0,0,-69
1755870209.3439443,-5,0,-69
1755870209.3799446,-10,0,-77
1755870209.4169445,-5,-7,-74
1755870209.4549446,-4,-1,-66
1755870209.4939446,5,-4,-77
1755870209.529945,-3,-2,-69
1755870209.5679443,-3,1,-69
1755870209.6059446,6,0,-72
1755870209.6439445,1,-1,-71
1755870209.6799445,0,-3,-74
1755870209.7169447,-4,-4,-78
1755870209.7549446,-4,-2,-67
1755870209.7939446,0,0,-78
1755870209.8299446,1,0,-73
1755870209.8669446,3,-1,-66
1755870209.904945,5,-2,-72
1755870209.9439447,-4,-1,-75
1755870209.9829447,-3,-1,-71
1755870210.0189445,-3,0,-75
1755870210.0559447,3,8,-69
1755870210.0939443,3,9,-69
1755870210.1299446,2,12,-67
1755870210.1669445,-1,3,-69
1755870210.2049446,-7,-2,-81
1755870210.2439446,0,1,-72
1755870210.279945,-2,5,-69
1755870210.3169446,4,-1,-62
1755870210.3549447,1,1,-70
1755870210.3929446,0,4,-82
1755870210.4289446,-3,0,-75
1755870210.4669447,7,3,-72
1755870210.5049446,5,2,-84
1755870210.542945,3,3,-69
1755870210.5789447,1,-2,-66
1755870210.6169446,0,5,-74
1755870210.654945,8,-4,-74
1755870210.6939447,0,-5,-79
1755870210.7299447,-2,-7,-75
1755870210.7679446,0,0,-71
1755870210.8049445,0,2,-74
1755870210.8429446,1,-6,-70
1755870210.8789446,3,-1,-70
1755870210.9159446,6,1,-73
1755870210.9539447,3,3,-77
1755870210.9899447,-3,0,-77
1755870211.0279446,-7,-7,-64
1755870211.065945,-1,2,-70
1755870211.1049447,0,-2,-77
1755870211.1409447,1,-5,-82
1755870211.177945,4,4,-88
1755870211.2149446,-6,-5,-85
1755870211.2539446,-1,-1,-78
1755870211.2909446,-2,3,-71
1755870211.3289447,1,2,-69
1755870211.3659446,6,-2,-72
1755870211.404945,0,-5,-64
1755870211.440945,2,-4,-74
1755870211.486945,2,0,-58
1755870211.5249443,0,-5,-67
1755870211.5609446,1,2,-74
1755870211.5979445,1,-10,-72
1755870211.6359446,-8,-3,-69
1755870211.6749446,-7,5,-81
1755870211.710945,-1,-7,-76
1755870211.7489443,7,-4,-72
1755870211.7879446,-1,-1,-65
1755870211.825945,-2,-1,-77
1755870211.8639443,-8,-3,-75
1755870211.8999443,-1,-4,-80
1755870211.937945,-3,3,-88
1755870211.9759445,-8,3,-80
1755870212.0149446,-9,4,-76
1755870212.0509446,-5,-1,-75
1755870212.088945,-2,-1,-79
1755870212.1269443,-2,-1,-77
1755870212.1659446,-4,0,-79
1755870212.2039447,-6,2,-80
1755870212.2399447,0,5,-66
1755870212.2769446,4,-3,-66
1755870212.315945,1,2,-73
1755870212.3539443,4,3,-80
1755870212.3899446,0,4,-84
1755870212.4269447,0,0,-72
1755870212.4649446,-2,1,-72
1755870212.5009446,-4,-7,-82
1755870212.5389447,0,-4,-73
1755870212.5769446,-2,1,-78
1755870212.6159446,0,8,-79
1755870212.6539447,3,5,-68
1755870212.6899445,0,0,-71
1755870212.7269447,2,0,-76
1755870212.7649446,0,3,-67
1755870212.8009446,6,5,-62
1755870212.8379445,-6,2,-70
1755870212.8759446,-3,-5,-65
1755870212.9149446,-4,-9,-80
1755870212.950945,-1,-6,-72
1755870212.9889443,-1,0,-72
1755870213.0269446,-7,-3,-72
1755870213.065945,4,-1,-71
1755870213.1019447,0,2,-75
1755870213.1389446,3,-1,-77
1755870213.1769447,4,-2,-71
1755870213.2159443,5,-3,-78
1755870213.2519443,0,-1,-78
1755870213.2889447,9,2,-65
1755870213.325945,7,1,-66
1755870213.3649447,3,0,-67
1755870213.4009447,2,0,-76
1755870213.437945,-4,0,-67
1755870213.4759445,-6,0,-80
1755870213.5149446,3,2,-83
1755870213.5509446,0,0,-80
1755870213.5879445,-1,-1,-67
1755870213.6269443,6,0,-66
1755870213.6649446,3,4,-82
1755870213.700945,7,6,-73
1755870213.7379446,-1,8,-77
1755870213.7769446,0,-4,-71
1755870213.8149445,-1,-3,-70
1755870213.8509445,0,1,-81
1755870213.8889446,-1,4,-78
1755870213.9269447,1,4,-77
1755870213.9649446,4,-2,-72
1755870214.0009446,7,-1,-65
1755870214.0389447,1,-1,-63
1755870214.0769446,0,-1,-71
1755870214.1159446,0,-4,-77
1755870214.1519446,-1,0,-77
1755870214.1889446,-2,-3,-88
1755870214.2269447,-4,-9,-75
1755870214.2659447,4,1,-68
1755870214.3019447,1,2,-72
1755870214.338945,2,0,-70
1755870214.3769443,-6,3,-66
1755870214.4149446,4,4,-68
1755870214.450945,0,0,-82
1755870214.4889443,3,-4,-73
1755870214.5269446,3,-5,-72
1755870214.565945,1,-2,-76
1755870214.6019447,8,0,-63
1755870214.6389446,0,11,-71
1755870214.6769447,1,9,-79
1755870214.7129445,-1,5,-83
1755870214.7509446,-2,-1,-75
1755870214.7889447,-1,-4,-80
1755870214.8279445,-8,-9,-72
1755870214.8659446,-1,-10,-71
1755870214.9019446,1,-7,-73
1755870214.9389446,0,-4,-78
1755870214.9779446,-3,-4,-73
1755870215.0159447,-2,-8,-72
1755870215.0519447,-5,-4,-61
1755870215.0899446,3,-4,-74
1755870215.1279447,-1,1,-72
1755870215.1669445,-1,0,-63
1755870215.2029445,-5,-5,-72
1755870215.2409446,-1,-3,-84
1755870215.2789447,2,-6,-65
1755870215.3169446,1,2,-73
1755870215.3529446,6,-1,-80
1755870215.3899446,4,-4,-73
1755870215.427945,2,-10,-79
1755870215.4669447,5,-3,-80
1755870215.5029447,-2,-2,-85
1755870215.5409446,-2,-1,-77
1755870215.5789447,3,-8,-66
1755870215.6179447,0,-5,-65
1755870215.6559446,-3,-4,-66
1755870215.6919446,-3,-3,-65
1755870215.7309446,2,0,-64
1755870215.7679446,1,-2,-63
1755870215.8069446,1,-5,-74
1755870215.8429446,2,2,-84
1755870215.8799446,6,-4,-76
1755870215.917945,-4,4,-69
1755870215.9569447,-1,-2,-85
1755870215.9929447,0,0,-79
1755870216.0309446,5,-1,-79
1755870216.0679443,1,1,-77
1755870216.1059446,4,2,-71
1755870216.1429446,-3,0,-75
1755870216.1799445,-2,-2,-79
1755870216.2179446,-5,2,-74
1755870216.256945,-4,-1,-84
1755870216.292945,1,-4,-77
1755870216.3309443,5,-2,-76
1755870216.3689446,2,3,-82
1755870216.407945,-3,-2,-75
1755870216.4439447,0,-2,-79
1755870216.4809446,0,0,-76
1755870216.5179446,-5,0,-71
1755870216.5569446,1,9,-75
1755870216.5929446,6,2,-70
1755870216.6299446,1,2,-72
1755870216.667945,7,3,-68
1755870216.7039447,6,3,-72
1755870216.7409446,2,0,-76
1755870216.7789447,0,5,-82
1755870216.8169446,-6,5,-85
1755870216.8529446,-8,0,-72
1755870216.8899446,-11,-3,-76
1755870216.927945,-6,-1,-63
1755870216.9669447,0,-2,-68
1755870217.0029447,1,-2,-63
1755870217.0399446,3,0,-72
1755870217.0779445,5,-1,-74
1755870217.1139443,1,6,-72
1755870217.1509447,4,9,-69
1755870217.187945,-1,5,-72
1755870217.2269447,1,2,-60
1755870217.2629447,-2,-4,-66
1755870217.3009446,0,0,-83
1755870217.338945,7,-1,-82
1755870217.3769443,-5,-2,-76
1755870217.4129446,0,-1,-70
1755870217.4499447,-3,0,-67
1755870217.4889443,2,4,-65
1755870217.5269446,3,0,-68
1755870217.562945,0,-3,-79
1755870217.5999446,0,1,-77
1755870217.6389446,-2,-4,-82
1755870217.6769447,2,-1,-78
1755870217.7129445,-2,0,-72
1755870217.7499447,-5,-1,-73
1755870217.7889447,4,-3,-73
1755870217.8269446,2,-1,-70
1755870217.8629446,4,3,-71
1755870217.8999443,-2,4,-85
1755870217.9389446,0,3,-74
1755870217.9769447,0,2,-72
1755870218.0129447,11,7,-69
1755870218.0509446,3,1,-81
1755870218.088945,1,1,-75
1755870218.1269443,6,-3,-80
1755870218.1629446,-2,-5,-68
1755870218.200945,-7,-3,-69
1755870218.2389443,-6,-4,-68
1755870218.2779446,-3,1,-67
1755870218.3139446,-4,4,-66
1755870218.3509445,-2,0,-68
1755870218.3889446,-2,1,-67
1755870218.427945,-5,0,-74
1755870218.463945,-6,-5,-80
1755870218.5019443,-1,-1,-77
1755870218.5399446,5,0,-68
1755870218.5779445,7,7,-79
1755870218.6139443,0,3,-70
1755870218.6519446,-1,-2,-78
1755870218.6889446,1,-2,-77
1755870218.7279446,-3,0,-82
1755870218.7639446,-11,1,-75
1755870218.8019447,0,-3,-82
1755870218.838945,6,1,-84
1755870218.8749447,4,-5,-81
1755870218.9119446,2,-3,-78
1755870218.9499447,-1,1,-84
1755870218.9889443,0,2,-80
1755870219.0249443,-6,4,-72
1755870219.0619447,0,-3,-64
1755870219.0999446,7,-10,-75
1755870219.1389446,12,-1,-72
1755870219.1749446,8,-1,-65
1755870219.2119446,1,-4,-68
1755870219.2499447,0,1,-71
1755870219.2879446,0,0,-75
1755870219.3249447,-3,3,-78
1755870219.3629446,-2,0,-76
1755870219.3999443,-4,3,-81
1755870219.4389446,-4,8,-72
1755870219.4749446,-3,5,-70
1755870219.5129447,2,8,-64
1755870219.5499446,5,4,-67
1755870219.5879445,2,-1,-78
1755870219.6239443,4,1,-75
1755870219.6619446,-2,4,-69
1755870219.6999447,0,0,-63
1755870219.7379446,2,-5,-64
1755870219.7739446,0,5,-71
1755870219.812945,0,-2,-69
1755870219.8499446,-3,0,-75
1755870219.8889446,0,3,-76
1755870219.9249446,-1,3,-68
1755870219.9619446,0,3,-79
1755870219.9999447,1,0,-74
1755870220.0389447,2,0,-84
1755870220.0749447,1,2,-91
1755870220.111945,3,-2,-78
1755870220.1499443,6,-3,-75
1755870220.1889446,-5,0,-66
1755870220.2249446,-2,0,-72
1755870220.2629447,1,0,-67
1755870220.2999446,0,0,-70
1755870220.335945,3,0,-59
1755870220.3729446,5,-1,-74
1755870220.4109447,5,0,-70
1755870220.4489446,6,4,-79
1755870220.4849446,5,-1,-75
1755870220.5219443,7,9,-80
1755870220.5599446,2,8,-65
1755870220.5959446,3,4,-69
1755870220.6329446,0,1,-65
1755870220.6719446,2,8,-75
1755870220.7099447,2,10,-70
1755870220.7459445,4,5,-55
1755870220.782945,2,4,-68
1755870220.8209443,8,1,-56
1755870220.858945,-2,-6,-68
1755870220.894945,-3,-3,-73
1755870220.9329443,-1,-2,-76
1755870220.9719446,-8,-5,-70
1755870221.009945,0,-5,-66
1755870221.0459447,2,-4,-67
1755870221.0849447,2,6,-66
1755870221.121945,-1,6,-72
1755870221.1609447,-5,7,-84
1755870221.1989446,1,2,-90
1755870221.2349446,2,3,-77
1755870221.2719443,7,-8,-84
1755870221.3109446,1,1,-82
1755870221.348945,-1,4,-72
1755870221.384945,5,0,-75
1755870221.4219446,2,-1,-87
1755870221.460945,6,0,-78
1755870221.5049446,0,-1,-80
1755870221.542945,0,0,-74
1755870221.5809443,4,3,-76
1755870221.6189446,2,3,-72
1755870221.654945,0,-2,-76
1755870221.6929443,2,-3,-68
1755870221.7309446,5,-2,-74
1755870221.7689445,4,3,-76
1755870221.8049445,-1,1,-67
1755870221.8429446,-3,0,-69
1755870221.8809447,1,-7,-71
1755870221.9169445,8,0,-69
1755870221.9539447,-6,0,-77
1755870221.9919446,-4,-2,-70
1755870222.0309446,1,1,-80
1755870222.0679443,3,1,-78
1755870222.1049447,0,4,-69
1755870222.1419446,2,3,-66
1755870222.1799445,1,-6,-77
1755870222.2159443,1,2,-71
1755870222.2529447,-1,0,-64
1755870222.2909446,-1,3,-67
1755870222.3299446,2,7,-62
1755870222.3659446,2,3,-70
1755870222.4029446,-1,0,-79
1755870222.440945,2,0,-75
1755870222.4769447,-1,4,-73
1755870222.5149446,7,2,-81
1755870222.552945,2,0,-88
1755870222.5919447,2,3,-80
1755870222.6299446,2,0,-72
1755870222.6659446,-5,2,-79
1755870222.7029445,-2,-6,-67
1755870222.7419446,0,-5,-63
1755870222.779945,-2,2,-57
1755870222.815945,-1,6,-67
1755870222.8549447,0,4,-71
1755870222.8919446,-1,0,-79
1755870222.9309447,3,6,-74
1755870222.9679446,5,2,-82
1755870223.0049446,2,-2,-69
1755870223.042945,-3,2,-67
1755870223.0819447,-6,-5,-58
1755870223.1199446,-3,2,-64
1755870223.1559446,0,-1,-64
1755870223.1929443,0,-2,-64
1755870223.2319446,-8,0,-71
1755870223.269945,-1,4,-74
1755870223.3059447,-6,5,-76
1755870223.3429446,-4,0,-83
1755870223.381945,3,-1,-76
1755870223.4199443,5,-5,-77
1755870223.4559443,0,-2,-72
1755870223.4929447,6,-2,-67
1755870223.5319445,1,0,-70
1755870223.5699446,-3,5,-63
1755870223.6059446,-2,-5,-65
1755870223.6439445,0,-3,-67
1755870223.6819446,6,-6,-60
1755870223.7209446,2,-1,-61
1755870223.756945,-2,3,-69
1755870223.7949443,-9,6,-75
1755870223.8329446,-3,1,-70
1755870223.871945,0,-3,-63
1755870223.9089446,4,-4,-65
1755870223.9459443,0,-4,-75
1755870223.983945,0,0,-67
1755870224.0219443,-4,-1,-64
1755870224.0609446,-2,5,-77
1755870224.0969446,0,1,-81
1755870224.1339445,-1,-3,-81
1755870224.1719446,-5,-4,-79
1755870224.210945,-8,-1,-65
1755870224.246945,1,0,-73
1755870224.2839446,0,-7,-75
1755870224.3219447,7,-1,-69
1755870224.3609445,5,-7,-74
1755870224.3969443,2,7,-73
1755870224.4339447,-5,10,-79
1755870224.4729445,-5,2,-75
1755870224.5109446,-5,0,-72
1755870224.5469446,2,-4,-66
1755870224.5839446,3,-2,-72
1755870224.6229446,3,-6,-73
1755870224.6609447,1,-4,-77
1755870224.6969447,-3,-3,-67
1755870224.7349446,-2,-2,-67
1755870224.7729447,9,0,-65
1755870224.8119447,2,1,-69
1755870224.8479445,2,0,-87
1755870224.884945,2,0,-67
1755870224.9229443,3,5,-72
1755870224.960945,2,2,-68
1755870224.996945,2,0,-64
1755870225.0349443,1,-4,-75
1755870225.0729446,-3,3,-71
1755870225.1109445,-3,0,-73
1755870225.1469443,-6,1,-69
1755870225.1839447,0,0,-68
1755870225.2229445,-4,0,-81
1755870225.2609446,4,-1,-80
1755870225.2969446,-2,-5,-80
1755870225.3349447,-2,-3,-74
1755870225.3729446,7,-6,-74
1755870225.4119446,3,-2,-77
1755870225.4479446,3,2,-73
1755870225.4849446,1,-3,-75
1755870225.5229447,3,-2,-64
1755870225.5619447,6,-4,-80
1755870225.5979445,4,-10,-80
1755870225.634945,1,3,-73
1755870225.6729443,1,8,-82
1755870225.7089446,0,0,-79
1755870225.7459445,1,-5,-69
1755870225.7849443,0,-4,-83
1755870225.8229446,-4,-1,-71
1755870225.858945,-1,0,-61
1755870225.8969443,0,1,-65
1755870225.9349446,5,1,-78
1755870225.9729445,5,0,-66
1755870226.0089445,5,0,-65
1755870226.0459447,0,-1,-61
1755870226.0849447,3,-2,-71
1755870226.1229446,8,0,-57
1755870226.1589446,5,-1,-65
1755870226.1969447,-2,2,-75
1755870226.2349446,-6,0,-74
1755870226.2739446,0,0,-78
1755870226.3119447,5,-2,-79
1755870226.3479445,-1,-4,-85
1755870226.3859446,6,3,-71
1755870226.4239447,4,-2,-79
1755870226.4619446,-2,-1,-81
1755870226.4979446,1,-2,-73
1755870226.5349443,0,-2,-76
1755870226.5739446,5,-5,-70
1755870226.611945,12,0,-66
1755870226.6479447,3,4,-64
1755870226.6849446,0,-2,-73
1755870226.723945,0,-2,-76
1755870226.7619443,-8,-6,-70
1755870226.7979443,0,-6,-74
1755870226.8349447,10,-6,-66
1755870226.8739443,4,1,-68
1755870226.9119446,-3,3,-65
1755870226.9479446,0,3,-60
1755870226.9849446,6,6,-75
1755870227.0229447,-5,-2,-78
1755870227.0589447,-3,1,-77
1755870227.0959446,2,0,-70
1755870227.134945,-2,0,-80
1755870227.1729443,1,3,-72
1755870227.2089446,1,0,-81
1755870227.246945,-2,-2,-79
1755870227.2849443,-2,-2,-78
1755870227.3239446,-7,6,-75
1755870227.3599446,0,2,-67
1755870227.3969443,2,0,-71
1755870227.4339447,7,-3,-68
1755870227.4729445,13,0,-72
1755870227.5089445,4,-2,-75
1755870227.5469446,-1,1,-73
1755870227.5849447,-8,-4,-75
1755870227.6239443,-12,-1,-78
1755870227.6599443,-1,-4,-65
1755870227.6979446,6,-1,-71
1755870227.7359445,5,4,-71
1755870227.7739446,4,-5,-81
1755870227.8099446,5,-7,-72
1755870227.8469446,7,-1,-85
1755870227.884945,1,-5,-78
1755870227.9239447,0,-2,-75
1755870227.9599447,-3,-4,-69
1755870227.9979446,-5,-12,-63
1755870228.0359447,-7,-1,-74
1755870228.0749447,-1,6,-67
1755870228.1129446,2,-6,-66
1755870228.1489446,2,-4,-75
1755870228.1859446,7,2,-65
1755870228.223945,0,0,-78
1755870228.259945,-4,-5,-68
1755870228.2979443,0,-3,-66
1755870228.335945,-6,-3,-84
1755870228.3749447,2,0,-70
1755870228.4129446,2,7,-64
1755870228.4489446,-11,4,-79
1755870228.4859445,-2,7,-73
1755870228.5249443,-3,9,-73
1755870228.562945,0,-3,-78
1755870228.598945,0,-1,-70
1755870228.6359446,-3,-2,-81
1755870228.6749446,-5,-5,-76
1755870228.7129445,-8,1,-63
1755870228.7489443,-4,-3,-79
1755870228.7869446,-4,-4,-72
1755870228.8249447,-4,2,-80
1755870228.8639443,0,-1,-73
1755870228.8999443,0,-5,-77
1755870228.937945,0,8,-67
1755870228.9759445,3,2,-73
1755870229.0149446,5,1,-81
1755870229.0509446,0,0,-78
1755870229.0879445,-3,-5,-80
1755870229.1269443,0,0,-80
1755870229.1649446,2,-4,-78
1755870229.200945,-3,1,-69
1755870229.2379446,-2,-3,-69
1755870229.2759447,2,-3,-69
1755870229.3149445,2,-1,-67
1755870229.3509445,-1,3,-74
1755870229.3879447,-2,-2,-73
1755870229.4259446,8,-7,-73
1755870229.4649446,9,-5,-66
1755870229.5009446,7,-4,-68
1755870229.5389447,-1,-2,-71
1755870229.5769446,-10,-9,-70
1755870229.6149447,-4,-17,-73
1755870229.6539447,-2,-7,-76
1755870229.6899445,-6,-6,-70
1755870229.7279446,4,2,-67
1755870229.7659447,9,-3,-69
1755870229.8039446,3,-1,-76
1755870229.8399446,2,4,-75
1755870229.8769443,2,3,-69
1755870229.9159446,2,-2,-68
1755870229.9539447,-3,-6,-63
1755870229.9899447,-3,-2,-66
1755870230.0279446,-5,3,-75
1755870230.065945,-5,0,-86
1755870230.1049447,-7,0,-76
1755870230.1409447,-3,12,-77
1755870230.177945,-7,0,-76
1755870230.2159443,-5,-11,-78
1755870230.2549446,4,-10,-69
1755870230.2909446,-2,-2,-72
1755870230.3289447,9,-4,-81
1755870230.3669446,5,-3,-92
1755870230.4059446,10,-1,-81
1755870230.4439447,0,10,-72
1755870230.4799447,4,2,-66
1755870230.5169446,0,0,-74
1755870230.5559447,-7,2,-85
1755870230.5939443,0,-1,-85
1755870230.6299446,6,-1,-91
1755870230.6669445,-2,2,-77
1755870230.7059443,0,3,-79
1755870230.7439446,-2,-2,-77
1755870230.779945,5,-3,-87
1755870230.8169446,-4,-4,-82
1755870230.8559446,-7,-6,-79
1755870230.8919446,-3,-2,-74
1755870230.9299445,-4,-5,-67
1755870230.9679446,0,0,-67
1755870231.0059447,-4,1,-71
1755870231.0419445,0,8,-69
1755870231.0799446,-3,2,-76
1755870231.1179447,-3,0,-71
1755870231.1569445,-1,1,-66
1755870231.1949446,-6,-1,-67
1755870231.2309446,-2,1,-74
1755870231.2679446,-6,-2,-82
1755870231.3069446,-6,0,-82
1755870231.3449447,-2,0,-75
1755870231.3809447,2,0,-69
1755870231.417945,2,0,-71
1755870231.4559443,6,-7,-60
1755870231.4949446,-6,0,-58
1755870231.5389447,1,-5,-65
1755870231.5779445,6,-2,-72
1755870231.6159446,3,-7,-69
1755870231.6519446,2,-5,-68
1755870231.6889446,0,-2,-67
1755870231.7269447,6,-2,-64
1755870231.7659447,0,0,-76
1755870231.8019447,-3,-3,-80
1755870231.8409443,0,-3,-80
1755870231.8779447,7,-2,-63
1755870231.9169445,-2,3,-70
1755870231.9549446,0,0,-70
1755870231.9909446,-3,2,-78
1755870232.0279446,-4,0,-77
1755870232.0669446,9,-4,-81
1755870232.1049447,2,-10,-84
1755870232.1409447,2,0,-73
1755870232.177945,7,-3,-80
1755870232.2169447,1,-1,-82
1755870232.2549446,3,0,-75
1755870232.2909446,2,0,-75
1755870232.3279445,-2,1,-83
1755870232.3669446,-1,-1,-87
1755870232.404945,0,-4,-76
1755870232.440945,4,-3,-65
1755870232.4779446,-4,-3,-83
1755870232.5169446,-3,-2,-72
1755870232.552945,-1,-2,-79
1755870232.5909443,-1,-2,-68
1755870232.6289446,-8,-2,-70
1755870232.6669445,-1,0,-66
1755870232.7059443,-3,3,-69
1755870232.7419446,-1,6,-72
1755870232.7789447,-1,4,-63
1755870232.8179443,-7,5,-57
1755870232.8569446,-6,-1,-79
1755870232.8929446,-3,1,-84
1755870232.9309447,-2,-3,-75
1755870232.9689443,-8,-4,-75
1755870233.0079446,-12,-1,-72
1755870233.0459447,-1,5,-73
1755870233.0819447,1,3,-71
1755870233.1189446,-2,0,-78
1755870233.157945,-5,-5,-72
1755870233.1959443,-1,-13,-74
1755870233.2319446,1,-4,-73
1755870233.2709446,-1,0,-86
1755870233.3079443,-1,3,-74
1755870233.3469446,-1,-3,-77
1755870233.3829446,0,7,-72
1755870233.4209447,0,2,-73
1755870233.4579446,2,3,-60
1755870233.4959445,-1,-6,-63
1755870233.5319445,4,2,-73
1755870233.5689447,4,8,-68
1755870233.6069446,0,4,-76
1755870233.6429446,-1,0,-73
1755870233.6809447,-2,-1,-78
1755870233.7189443,-1,0,-81
1755870233.7579446,1,1,-79
1755870233.7959447,0,2,-77
1755870233.8319447,-1,3,-83
1755870233.8689446,7,-2,-74
1755870233.907945,3,-3,-66
1755870233.9459443,-3,0,-64
1755870233.9819446,-8,5,-70
1755870234.0189445,-3,0,-66
1755870234.0579443,0,-5,-70
1755870234.0959446,-2,-3,-67
1755870234.131945,-3,7,-72
1755870234.1689446,0,3,-78
1755870234.2079446,6,-1,-71
1755870234.2459445,5,-2,-77
1755870234.2819445,9,-2,-81
1755870234.3189447,0,1,-67
1755870234.3579447,1,-1,-71
1755870234.3939445,1,2,-79
1755870234.4309447,1,-2,-76
1755870234.4689443,0,-1,-85
1755870234.5079446,2,-6,-75
1755870234.5439446,6,-9,-71
1755870234.5809443,8,5,-72
1755870234.6179447,6,1,-76
1755870234.6539447,1,4,-70
1755870234.690945,5,8,-77
1755870234.7289443,-6,3,-73
1755870234.7679446,-2,1,-65
1755870234.8039446,0,-6,-70
1755870234.8419447,-7,-4,-82
1755870234.8799446,0,-4,-71
1755870234.917945,-4,6,-71
1755870234.9569447,-3,4,-70
1755870234.9929447,0,4,-80
1755870235.029945,0,0,-66
1755870235.0679443,1,-1,-66
1755870235.1069446,-8,0,-77
1755870235.1429446,-1,-2,-71
1755870235.1809447,0,0,-83
1755870235.2189443,-4,0,-77
1755870235.256945,-4,0,-75
1755870235.292945,-2,5,-68
1755870235.3309443,0,5,-67
1755870235.3699446,-1,0,-78
1755870235.407945,-3,3,-80
1755870235.4439447,-1,-2,-74
1755870235.4819446,1,-2,-61
1755870235.519945,9,0,-71
1755870235.5579443,4,4,-75
1755870235.5939443,0,1,-82
1755870235.6309447,1,-2,-84
1755870235.6689446,-6,2,-77
1755870235.7079446,2,0,-70
1755870235.7439446,2,2,-73
1755870235.7809446,2,6,-63
1755870235.8189447,3,-4,-66
1755870235.8579447,-1,-3,-63
1755870235.8939445,7,-4,-62
1755870235.9309447,5,2,-66
1755870235.9689443,3,8,-69
1755870236.0079446,10,2,-75
1755870236.0439446,2,-3,-78
1755870236.0809443,-5,0,-63
1755870236.1189446,0,0,-72
1755870236.157945,-2,10,-69
1755870236.1939447,-1,4,-70
1755870236.2309446,0,1,-77
1755870236.2689445,0,0,-79
1755870236.3049445,0,1,-68
1755870236.3429446,0,4,-72
1755870236.3799446,6,0,-75
1755870236.417945,3,5,-75
1755870236.4549446,0,2,-77
1755870236.4919446,5,4,-72
1755870236.5289447,0,2,-74
1755870236.5649445,3,3,-77
1755870236.6019447,6,5,-73
1755870236.6399446,2,0,-72
1755870236.677945,0,0,-68
1755870236.713945,3,1,-72
1755870236.7509446,1,-3,-73
1755870236.7889447,6,-1,-66
1755870236.8279445,0,-9,-80
1755870236.8639443,-5,4,-71
1755870236.9019446,-2,-2,-62
1755870236.9399445,-5,0,-67
1755870236.9789443,1,1,-76
1755870237.0149446,5,1,-81
1755870237.0519447,0,-1,-81
1755870237.0899446,0,-1,-73
1755870237.1289446,-6,-2,-67
1755870237.1649446,-3,-6,-68
1755870237.2029445,2,4,-74
1755870237.2399447,0,4,-74
1755870237.2779446,1,-4,-66
1755870237.3139446,1,0,-66
1755870237.3509445,-6,0,-71
1755870237.3899446,-3,-7,-66
1755870237.427945,4,-3,-63
1755870237.463945,6,2,-62
1755870237.5009446,7,-1,-67
1755870237.5399446,1,-1,-81
1755870237.5779445,0,1,-81
1755870237.6139443,5,1,-68
1755870237.6509447,7,-3,-80
1755870237.6899445,0,0,-75
1755870237.7279446,-7,3,-71
1755870237.7639446,2,-1,-69
1755870237.8019447,2,0,-75
1755870237.8399446,0,-2,-72
1755870237.8789446,4,0,-73
1755870237.9149446,4,0,-71
1755870237.9519446,4,-6,-77
1755870237.9899447,1,0,-63
1755870238.0259447,4,0,-69
1755870238.062945,-4,0,-72
1755870238.1009445,-2,-3,-77
1755870238.1399446,3,-2,-82
1755870238.1759446,3,6,-82
1755870238.2129445,-1,3,-71
1755870238.2509446,3,-4,-69
1755870238.2899446,2,-1,-75
1755870238.325945,-1,-3,-78
1755870238.3639443,-3,0,-71
1755870238.4019446,0,0,-73
1755870238.4399445,0,0,-75
1755870238.4789443,8,3,-74
1755870238.5149446,0,0,-78
1755870238.5519447,4,0,-73
1755870238.5899446,-1,1,-75
1755870238.6289446,-5,5,-78
1755870238.6649446,-5,2,-74
1755870238.7019446,-1,0,-71
1755870238.7409446,3,-2,-68
1755870238.7789447,-10,-3,-81
1755870238.8149445,-2,0,-78
1755870238.8519447,-1,-4,-78
1755870238.8909447,1,4,-79
1755870238.9289446,2,-7,-64
1755870238.9649446,3,-7,-66
1755870239.0029447,0,0,-60
1755870239.0409446,-6,0,-69
1755870239.0789447,-3,-1,-61
1755870239.1149447,0,0,-67
1755870239.1519446,0,-1,-61
1755870239.190945,-4,0,-62
1755870239.2289443,-3,0,-66
1755870239.2649446,0,7,-59
1755870239.3019447,-3,0,-76
1755870239.3409443,-4,3,-71
1755870239.3789446,3,4,-75
1755870239.4149446,3,-1,-64
1755870239.4519446,-1,-1,-71
1755870239.4909446,0,2,-65
1755870239.5289447,-8,4,-77
1755870239.5649445,-4,3,-78
1755870239.6019447,5,-1,-79
1755870239.6409447,0,0,-77
1755870239.6789446,2,-3,-71
1755870239.7159443,-3,-9,-70
1755870239.7539446,-5,-3,-72
1755870239.7919445,-8,1,-75
1755870239.8309443,-4,-1,-78
1755870239.8669446,-8,-6,-86
1755870239.904945,-5,1,-78
1755870239.9429443,-7,-3,-70
1755870239.9809446,-4,4,-68
1755870240.019945,2,5,-70
1755870240.0569446,5,7,-64
1755870240.0939443,6,6,-66
1755870240.131945,2,7,-74
1755870240.1709447,2,12,-72
1755870240.2069447,3,6,-77
1755870240.2439446,6,2,-68
1755870240.2809446,-2,0,-69
1755870240.3199446,0,1,-72
1755870240.3569446,7,-3,-67
1755870240.3939445,1,-2,-70
1755870240.4319446,-4,-5,-71
1755870240.4709446,-10,-10,-69
1755870240.506945,-1,-4,-70
1755870240.5449443,0,-3,-74
1755870240.5829446,4,-5,-78
1755870240.621945,2,2,-76
1755870240.6599443,0,-7,-88
1755870240.6959443,5,-1,-76
1755870240.7329447,0,-2,-57
1755870240.7719443,-1,4,-80
1755870240.8099446,4,-1,-81
1755870240.8459446,6,0,-78
1755870240.8829446,6,0,-66
1755870240.9209447,7,1,-72
1755870240.9569447,9,-1,-73
1755870240.9939446,8,5,-74
1755870241.0319445,1,3,-80
1755870241.0699446,-1,0,-64
1755870241.1059446,3,-3,-80
1755870241.1439445,9,-2,-81
1755870241.1819446,10,0,-83
1755870241.2199447,-2,0,-85
1755870241.2559447,1,2,-75
1755870241.292945,7,0,-74
1755870241.3319447,-3,0,-76
1755870241.3699446,5,-2,-81
1755870241.4069445,2,2,-81
1755870241.4449446,1,-1,-76
1755870241.4819446,-5,3,-71
1755870241.5209446,2,2,-65
1755870241.5639446,0,0,-74
1755870241.6019447,2,-3,-81
1755870241.6409447,7,-2,-73
1755870241.6769447,7,-4,-81
1755870241.7149446,3,-7,-79
1755870241.7519443,2,-6,-76
1755870241.7909446,-2,1,-69
1755870241.8269446,-2,4,-66
1755870241.8649447,1,-1,-69
1755870241.9039447,-1,-2,-60
1755870241.9419446,0,-7,-65
1755870241.9779446,0,-6,-63
1755870242.0159447,-1,0,-61
1755870242.0539446,-2,0,-76
1755870242.0919447,-3,1,-83
1755870242.1309447,-7,2,-74
1755870242.1669445,-3,-3,-74
1755870242.2049446,-6,1,-76
1755870242.2429447,7,-4,-68
1755870242.2819445,3,-2,-70
1755870242.3179443,-3,0,-69
1755870242.3559446,0,2,-79
1755870242.3929446,9,0,-77
1755870242.4309447,1,4,-78
1755870242.4669447,4,2,-80
1755870242.5039446,-7,0,-63
1755870242.542945,-5,-5,-66
1755870242.5809443,-5,-1,-74
1755870242.6169446,0,0,-68
1755870242.6539447,2,-7,-65
1755870242.6929443,1,-6,-67
1755870242.7309446,0,-4,-85
1755870242.7669446,-2,0,-86
1755870242.8039446,-9,0,-75
1755870242.8429446,-3,1,-72
1755870242.8809447,-5,-1,-68
1755870242.9169445,-5,-4,-72
1755870242.9559443,-7,0,-73
1755870242.9939446,-3,1,-79
1755870243.032945,1,-1,-65
1755870243.0709443,0,0,-84
1755870243.1069446,-2,-1,-79
1755870243.144945,-1,-1,-70
1755870243.1829443,-4,2,-70
1755870243.2219446,-4,1,-79
1755870243.2579446,0,0,-72
1755870243.2949443,-5,4,-73
1755870243.3329446,-4,5,-68
1755870243.371945,-1,-2,-75
1755870243.407945,-3,3,-76
1755870243.4449446,-3,0,-84
1755870243.4829447,-2,-3,-80
1755870243.5219443,-3,0,-70
1755870243.5579443,2,3,-75
1755870243.5949447,-2,0,-72
1755870243.6329446,2,1,-75
1755870243.6689446,2,0,-76
1755870243.7069447,5,-7,-78
1755870243.7449446,10,0,-71
1755870243.782945,17,-1,-66
1755870243.8189447,5,-2,-61
1755870243.8559446,7,-4,-74
1755870243.894945,5,-1,-60
1755870243.9329443,0,1,-62
1755870243.9689443,0,-4,-74
1755870244.006945,3,-5,-85
1755870244.0439446,-1,-2,-82
1755870244.0829446,-1,0,-82
1755870244.1189446,5,0,-73
1755870244.1559446,3,1,-77
1755870244.1949446,-2,0,-75
1755870244.2329447,-3,-5,-72
1755870244.2689445,2,-1,-78
1755870244.3069446,6,2,-78
1755870244.3439443,8,7,-78
1755870244.381945,0,-1,-73
1755870244.417945,1,0,-76
1755870244.4549446,3,5,-75
1755870244.4929447,7,-2,-71
1755870244.5289447,-1,-4,-84
1755870244.5669446,1,-4,-78
1755870244.6049447,2,-5,-77
1755870244.6439445,-3,-5,-64
1755870244.6819446,3,-7,-70
1755870244.7179446,1,-3,-67
1755870244.7549446,-4,-1,-67
1755870244.7939446,-4,-2,-59
1755870244.8319447,-2,0,-66
1755870244.8679447,-2,-2,-72
1755870244.9069445,-1,2,-70
1755870244.9439447,-1,2,-84
1755870244.9829447,-2,1,-79
1755870245.0189445,-2,-1,-73
1755870245.0569446,8,-5,-80
1755870245.0949447,-2,0,-78
1755870245.1339445,-4,0,-67
1755870245.1699443,1,1,-79
1755870245.2069447,-1,6,-82
1755870245.2449446,1,-3,-77
1755870245.2839446,-6,3,-65
1755870245.3199446,-3,0,-70
1755870245.3569446,-4,-2,-68
1755870245.394945,-1,0,-69
1755870245.4339447,0,-3,-74
1755870245.4699447,-3,-3,-73
1755870245.5079446,0,-1,-84
1755870245.5459447,-2,0,-74
1755870245.5849447,-6,-7,-74
1755870245.6229446,0,8,-75
1755870245.6589446,1,4,-74
1755870245.6959443,-1,3,-79
1755870245.7349446,-2,6,-78
1755870245.7729447,-1,0,-73
1755870245.8089447,2,3,-70
1755870245.8459446,7,7,-63
1755870245.8839445,12,-5,-72
1755870245.9199443,1,-2,-82
1755870245.9569447,-1,2,-70
1755870245.9949446,-3,-1,-71
1755870246.0339446,1,0,-79
1755870246.0699446,1,-1,-81
1755870246.1069446,1,4,-72
1755870246.144945,-5,0,-76
1755870246.1829443,0,4,-72
1755870246.2189443,-1,2,-71
1755870246.2559447,2,-2,-80
1755870246.2949443,-1,-5,-85
1755870246.3329446,-4,-7,-76
1755870246.3689446,0,-3,-77
1755870246.4069445,0,-6,-70
1755870246.4449446,5,2,-69
1755870246.4829447,2,0,-77
1755870246.5189445,7,-5,-77
1755870246.5559447,3,-1,-72
1755870246.5949447,1,2,-65
1755870246.6329446,-5,8,-72
1755870246.6689446,1,2,-68
1755870246.7059443,2,0,-65
1755870246.7449446,-6,9,-79
1755870246.7839446,2,0,-73
1755870246.8199446,1,0,-79
1755870246.8569446,-4,6,-57
1755870246.894945,-2,-3,-68
1755870246.9339447,-4,0,-71
1755870246.9699447,-5,6,-74
1755870247.006945,3,1,-78
1755870247.0449443,-3,-1,-77
1755870247.0809443,-2,1,-75
1755870247.1189446,-9,0,-65
1755870247.1559446,5,-3,-60
1755870247.1949446,0,0,-73
1755870247.2309446,2,-5,-77
1755870247.2689445,-2,0,-79
1755870247.3059447,-3,-7,-75
1755870247.3449447,-7,-2,-85
1755870247.3809447,-4,2,-75
1755870247.4189446,-3,0,-74
1755870247.4559443,-6,3,-71
1755870247.4949446,-3,1,-76
1755870247.5309446,-3,0,-72
1755870247.5679443,5,1,-69
1755870247.6059446,5,1,-69
1755870247.6439445,0,-1,-74
1755870247.6799445,-1,5,-76
1755870247.7169447,-5,0,-71
1755870247.7559447,-1,9,-71
1755870247.7939446,-1,6,-82
1755870247.8299446,0,-2,-70
1755870247.8669446,2,-1,-67
1755870247.9059446,-4,-3,-74
1755870247.9439447,1,2,-69
1755870247.9799447,3,0,-77
1755870248.0169446,6,-1,-65
1755870248.0559447,0,-3,-75
1755870248.0939443,2,0,-76
1755870248.1299446,4,-7,-67
1755870248.1669445,4,-6,-74
1755870248.2059443,0,2,-82
1755870248.2439446,0,5,-78
1755870248.279945,-3,2,-81
1755870248.3169446,0,0,-80
1755870248.3549447,0,0,-78
1755870248.3909447,0,0,-85
1755870248.4289446,-4,-1,-79
1755870248.4669447,-3,-3,-70
1755870248.5059447,0,-4,-71
1755870248.5439446,0,-2,-68
1755870248.5799446,-1,0,-80
1755870248.6169446,11,-2,-76
1755870248.6559446,9,6,-69
1755870248.6939447,4,1,-81
1755870248.7299447,1,0,-81
1755870248.7669446,-5,-3,-75
1755870248.8059447,-3,-4,-79
1755870248.8419447,-1,-6,-73
1755870248.8799446,-1,3,-75
1755870248.917945,0,-3,-87
1755870248.9559443,-1,-4,-80
1755870248.9949446,-2,-3,-83
1755870249.0309446,3,0,-86
1755870249.0679443,3,-3,-74
1755870249.1059446,-2,-1,-70
1755870249.144945,5,2,-72
1755870249.1809447,5,0,-82
1755870249.2179446,0,1,-75
1755870249.2559447,-8,0,-72
1755870249.2919445,-11,-6,-72
1755870249.3299446,-2,-8,-79
1755870249.3679447,3,-8,-76
1755870249.4069445,3,0,-67
1755870249.4449446,7,-2,-72
1755870249.4809446,5,-5,-69
1755870249.5179446,0,-5,-65
1755870249.5569446,0,-2,-71
1755870249.5949447,-1,2,-80
1755870249.6309447,1,-7,-77
1755870249.667945,2,0,-76
1755870249.7059443,1,-10,-77
1755870249.7429447,-2,-3,-75
1755870249.779945,-2,-6,-76
1755870249.8179443,-4,-4,-77
1755870249.8569446,3,0,-83
1755870249.894945,-6,-5,-78
1755870249.9309447,2,-2,-76
1755870249.9679446,4,3,-79
1755870250.0059447,6,1,-83
1755870250.0419445,5,-2,-76
1755870250.0789447,2,3,-75
1755870250.1169446,0,1,-72
1755870250.1559446,3,6,-76
1755870250.1919446,0,2,-75
1755870250.2289443,1,-1,-80
1755870250.2679446,6,-3,-78
1755870250.3059447,1,1,-77
1755870250.3419447,-8,0,-70
1755870250.3789446,-7,2,-67
1755870250.417945,3,3,-74
1755870250.4559443,-3,0,-71
1755870250.4919446,-2,4,-71
1755870250.529945,7,3,-67
1755870250.5679443,-2,-4,-69
1755870250.6059446,10,-6,-77
1755870250.6419446,1,-3,-69
1755870250.6799445,-2,0,-73
1755870250.7179446,0,2,-73
1755870250.7559447,-3,0,-62
1755870250.7919445,0,-1,-64
1755870250.8289447,4,1,-78
1755870250.8669446,-12,-1,-81
1755870250.9039447,-2,0,-82
1755870250.9419446,1,0,-83
1755870250.9789443,-3,6,-84
1755870251.0169446,0,0,-68
1755870251.0559447,-5,7,-72
1755870251.0919447,0,-4,-70
1755870251.1289446,-6,0,-70
1755870251.1669445,0,-2,-67
1755870251.2059443,6,-10,-72
1755870251.2419446,3,-4,-77
1755870251.2789447,1,1,-74
1755870251.3169446,1,-5,-68
1755870251.3529446,6,-4,-71
1755870251.3919446,6,-1,-85
1755870251.4289446,7,-1,-63
1755870251.4679446,7,-3,-74
1755870251.5059447,-1,0,-66
1755870251.5419445,0,2,-53
1755870251.5879445,0,7,-66
1755870251.6259446,1,0,-68
1755870251.6619446,7,-1,-59
1755870251.6999447,6,-10,-63
1755870251.7379446,1,-3,-76
1755870251.7769446,1,-7,-74
1755870251.812945,6,-10,-67
1755870251.8499446,1,-7,-74
1755870251.8879447,0,-5,-71
1755870251.9269447,-4,-4,-74
1755870251.9629445,-6,-2,-71
1755870252.0009446,-1,-2,-68
1755870252.0389447,0,0,-69
1755870252.0779445,1,-1,-79
1755870252.1159446,0,-6,-72
1755870252.1529446,2,-4,-72
1755870252.1899445,2,-3,-68
1755870252.2279446,4,-2,-78
1755870252.2669446,-5,3,-73
1755870252.302945,0,3,-75
1755870252.3399446,-2,-10,-71
1755870252.3789446,1,-2,-71
1755870252.4169445,-2,-4,-77
1755870252.4529445,-2,-4,-82
1755870252.4909446,-6,0,-76
1755870252.5289447,-4,-3,-72
1755870252.5679443,6,2,-69
1755870252.6039443,3,2,-78
1755870252.6409447,1,1,-73
1755870252.6789446,1,-3,-76
1755870252.7179446,0,-4,-79
1755870252.7539446,5,-4,-86
1755870252.7909446,4,1,-84
1755870252.8289447,1,0,-79
1755870252.8669446,0,0,-65
1755870252.9029446,0,3,-66
1755870252.9399445,0,3,-73
1755870252.9779446,-6,1,-79
1755870253.0139446,1,0,-76
1755870253.0519447,3,-2,-73
1755870253.0909443,3,-9,-70
1755870253.1289446,6,0,-64
1755870253.1669445,5,-7,-77
1755870253.2029445,3,-2,-69
1755870253.2399447,-2,-3,-85
1755870253.2789447,-1,2,-84
1755870253.3169446,0,0,-78
1755870253.3529446,1,0,-81
1755870253.3909447,1,-2,-76
1755870253.4289446,-6,2,-84
1755870253.4669447,-6,0,-76
1755870253.5029447,-5,-1,-81
1755870253.5409446,-3,0,-87
1755870253.5789447,-3,0,-81
1755870253.6179447,4,-6,-76
1755870253.6539447,6,-2,-69
1755870253.690945,-1,-3,-71
1755870253.7289443,0,1,-52
1755870253.7669446,-5,3,-78
1755870253.802945,-9,5,-74
1755870253.8409443,-3,1,-69
1755870253.8789446,-3,0,-64
1755870253.9169445,0,-5,-73
1755870253.9529445,-2,-5,-83
1755870253.9909446,-2,-5,-84
1755870254.0289447,3,-7,-74
1755870254.0679443,-2,-3,-64
1755870254.1039443,-2,2,-72
1755870254.1409447,-3,-3,-84
1755870254.1789446,-3,-1,-79
1755870254.2179446,6,0,-69
1755870254.2539446,6,6,-75
1755870254.2909446,4,-1,-73
1755870254.3289447,-3,4,-68
1755870254.3679447,-6,-4,-73
1755870254.4039447,0,-2,-69
1755870254.440945,-3,-5,-60
1755870254.4789443,1,-5,-84
1755870254.5179446,4,-10,-83
1755870254.5539446,10,-9,-83
1755870254.5909443,9,-3,-79
1755870254.6299446,4,-4,-76
1755870254.6689446,0,-12,-82
1755870254.7049446,0,-8,-69
1755870254.7429447,1,4,-73
1755870254.7809446,-1,0,-69
1755870254.8189447,-3,0,-70
1755870254.8579447,2,-2,-80
1755870254.8939445,0,-4,-97
1755870254.9309447,2,0,-84
1755870254.9699447,-1,0,-66
1755870255.0079446,-11,-4,-67
1755870255.0439446,-8,0,-69
1755870255.0809443,-6,1,-69
1755870255.1199446,-8,0,-81
1755870255.157945,-9,0,-82
1755870255.1939447,0,-4,-73
1755870255.2309446,1,-3,-67
1755870255.269945,-5,0,-71
1755870255.3079443,0,0,-77
1755870255.3439443,-4,1,-81
1755870255.3809447,1,0,-74
1755870255.4189446,0,3,-66
1755870255.4549446,4,0,-75
1755870255.4919446,3,2,-82
1755870255.529945,-3,3,-71
1755870255.5679443,2,-2,-78
1755870255.6039443,6,0,-90
1755870255.6409447,2,0,-81
1755870255.6799445,6,-1,-73
1755870255.7179446,0,-4,-80
1755870255.7539446,-1,0,-81
1755870255.7919445,-7,3,-82
1755870255.8299446,-3,-2,-76
1755870255.8689446,1,-1,-74
1755870255.904945,-2,0,-66
1755870255.9419446,-1,9,-63
1755870255.9799447,1,3,-80
1755870256.0189445,1,1,-74
1755870256.0549445,0,1,-68
1755870256.0919447,0,-5,-63
1755870256.1299446,1,-3,-61
1755870256.1689446,-3,2,-60
1755870256.2049446,2,0,-66
1755870256.2419446,0,0,-69
1755870256.279945,4,6,-69
1755870256.315945,3,7,-75
1755870256.3529446,0,0,-81
1755870256.3909447,0,-1,-67
1755870256.4299445,1,-1,-77
1755870256.4659443,7,-4,-71
1755870256.5029447,8,-1,-80
1755870256.5409446,6,5,-83
1755870256.5789447,7,-3,-72
1755870256.6149447,0,0,-70
1755870256.6519446,6,1,-81
1755870256.6899445,3,3,-84
1755870256.7259445,5,-5,-65
1755870256.7629447,-3,1,-77
1755870256.8019447,-2,0,-75
1755870256.8399446,1,1,-75
1755870256.8759446,2,-4,-72
1755870256.9129446,2,-6,-76
1755870256.950945,-1,-3,-65
1755870256.9899447,-1,-3,-65
1755870257.0259447,-3,-3,-74
1755870257.0649445,0,-3,-75
1755870257.1019447,2,0,-73
1755870257.1399446,0,0,-66
1755870257.1759446,-2,-3,-81
1755870257.2149446,2,-5,-75
1755870257.2519443,1,3,-78
1755870257.2899446,-1,-4,-76
1755870257.325945,-3,3,-75
1755870257.3629446,0,-4,-65
1755870257.4009447,-2,-6,-65
1755870257.4399445,3,0,-55
1755870257.4759445,1,-6,-66
1755870257.5129447,1,1,-74
1755870257.5509446,0,-3,-82
1755870257.588945,-2,-1,-76
1755870257.6249447,1,3,-69
1755870257.6619446,-8,-2,-71
1755870257.700945,1,2,-88
1755870257.736945,0,3,-86
1755870257.7739446,4,5,-83
1755870257.8109446,6,-1,-68
1755870257.8499446,3,-4,-65
1755870257.8859446,1,4,-75
1755870257.9229443,-4,2,-74
1755870257.960945,-4,-5,-69
1755870257.9999447,-4,0,-81
1755870258.0359447,-2,0,-82
1755870258.0729446,-7,1,-70
1755870258.1109445,0,-2,-70
1755870258.1499443,-7,-4,-68
1755870258.1859446,7,-8,-77
1755870258.2229445,-3,-3,-72
1755870258.2609446,4,-8,-79
1755870258.2999446,2,-3,-75
1755870258.335945,-1,0,-63
1755870258.3729446,-3,0,-69
1755870258.4109447,2,-2,-71
1755870258.4499447,-6,3,-79
1755870258.4859445,-1,-2,-77
1755870258.5239446,1,-1,-75
1755870258.562945,-2,3,-85
1755870258.6009445,-9,6,-86
1755870258.6369443,-4,3,-83
1755870258.6739447,-5,-5,-86
1755870258.7119446,2,-6,-85
1755870258.7509446,0,2,-74
1755870258.7869446,4,-1,-66
1755870258.8239446,3,0,-69
1755870258.861945,3,0,-66
1755870258.9009447,5,0,-76
1755870258.9369447,8,2,-80
1755870258.973945,6,5,-63
1755870259.0119443,3,3,-69
1755870259.0499446,-9,1,-58
1755870259.085945,-2,-5,-66
1755870259.1239443,-9,-3,-71
1755870259.1619446,-7,-1,-66
1755870259.200945,0,-2,-69
1755870259.236945,0,1,-63
1755870259.2739446,6,-1,-69
1755870259.3119447,4,-7,-78
1755870259.3509445,4,-3,-67
1755870259.3869443,9,1,-66
1755870259.4239447,-2,2,-67
1755870259.4619446,-3,1,-80
1755870259.5009446,-3,-8,-73
1755870259.5369446,-6,0,-76
1755870259.5749447,-5,0,-65
1755870259.611945,0,-2,-78
1755870259.6509447,3,0,-77
1755870259.687945,0,0,-85
1755870259.7249446,-5,1,-73
1755870259.7639446,-3,-3,-71
1755870259.8019447,0,-7,-76
1755870259.8379445,2,-6,-76
1755870259.8749447,7,-5,-75
1755870259.9139447,4,0,-73
1755870259.9519446,2,-1,-77
1755870259.9879446,-4,-2,-78
1755870260.0259447,-5,0,-64
1755870260.0639446,-2,5,-73
1755870260.1019447,1,1,-69
1755870260.1409447,-10,0,-72
1755870260.1769447,1,-1,-64
1755870260.213945,6,5,-68
1755870260.2519443,0,1,-82
1755870260.2879446,2,0,-75
1755870260.3249447,0,1,-73
1755870260.3629446,0,-1,-65
1755870260.4009447,1,2,-57
1755870260.4369447,-5,2,-61
1755870260.4749446,0,4,-72
1755870260.5129447,2,-7,-89
1755870260.5509446,0,-2,-79
1755870260.5879445,2,-1,-81
1755870260.6249447,7,9,-79
1755870260.6629446,0,0,-84
1755870260.700945,5,-1,-94
1755870260.736945,-3,-3,-78
1755870260.7749443,-3,-4,-73
1755870260.812945,-1,-1,-79
1755870260.8519447,-1,0,-78
1755870260.8879447,-3,1,-79
1755870260.9249446,-3,-7,-83
1755870260.9629445,2,-4,-78
1755870261.0019443,4,-3,-72
1755870261.0379446,-2,1,-63
1755870261.0749447,-6,-2,-76
1755870261.1129446,-5,-1,-75
1755870261.1519446,-3,-3,-79
1755870261.187945,-2,6,-82
1755870261.2259445,-5,0,-74
1755870261.2639446,-10,-1,-80
1755870261.302945,-3,-9,-81
1755870261.338945,-2,-1,-75
1755870261.3769443,-5,-7,-66
1755870261.4149446,-2,0,-71
1755870261.4529445,-2,3,-78
1755870261.4919446,0,2,-79
1755870261.5279446,0,4,-78
1755870261.5649445,0,6,-76
1755870261.608945,-1,6,-69
1755870261.6469443,3,7,-74
1755870261.6859446,3,2,-70
1755870261.723945,-2,-8,-73
1755870261.7619443,-1,-4,-70
1755870261.7979443,-6,-1,-84
1755870261.8369446,-5,-3,-76
1755870261.8739443,-11,-2,-71
1755870261.9129446,-6,-2,-79
1755870261.9489446,-6,-9,-74
1755870261.986945,-1,-4,-80
1755870262.0249443,5,2,-82
1755870262.062945,5,-5,-68
1755870262.098945,-8,2,-85
1755870262.1369443,-5,-6,-85
1755870262.1749446,0,-4,-80
1755870262.213945,-2,0,-78
1755870262.2519443,0,5,-78
1755870262.2879446,-3,0,-71
1755870262.3249447,-6,0,-89
1755870262.3639443,-2,3,-83
1755870262.4019446,-1,-3,-76
1755870262.437945,-4,-5,-76
1755870262.4759445,0,2,-73
1755870262.5139446,-5,3,-69
1755870262.5519447,0,1,-67
1755870262.5879445,1,5,-88
1755870262.6249447,-5,2,-86
1755870262.6639447,0,4,-82
1755870262.7019446,-2,1,-77
1755870262.7379446,-2,3,-71
1755870262.7749443,-5,6,-66
1755870262.8139446,-2,0,-69
1755870262.8519447,1,-1,-74
1755870262.8879447,-1,0,-71
1755870262.9249446,0,1,-71
1755870262.963945,-2,1,-76
1755870263.0019443,-1,2,-79
1755870263.0379446,2,6,-70
1755870263.0749447,1,0,-84
1755870263.1129446,1,7,-77
1755870263.1489446,0,5,-70
1755870263.1859446,-2,0,-68
1755870263.223945,9,-2,-68
1755870263.2629447,-1,-2,-59
1755870263.2989447,-3,-1,-70
1755870263.3369446,-1,6,-70
1755870263.3749447,4,0,-86
1755870263.4129446,3,-3,-75
1755870263.4489446,0,0,-74
1755870263.4859445,2,0,-67
1755870263.5239446,2,2,-80
1755870263.5599446,-2,1,-79
1755870263.5979445,3,7,-68
1755870263.634945,2,2,-72
1755870263.6739447,5,3,-61
1755870263.7099447,0,2,-68
1755870263.7479446,-4,3,-68
1755870263.7869446,2,-7,-74
1755870263.8249447,3,-5,-81
1755870263.8629446,-1,0,-76
1755870263.8989446,0,-2,-71
1755870263.9369447,1,3,-72
1755870263.9749446,1,8,-75
1755870264.0129447,-1,-1,-67
1755870264.0489447,3,-2,-72
1755870264.0869446,-7,-5,-73
1755870264.1249447,-1,6,-76
1755870264.1639447,1,-1,-79
1755870264.1999447,-6,3,-94
1755870264.236945,-1,1,-80
1755870264.2749443,-6,0,-66
1755870264.3139446,-5,1,-65
1755870264.3499446,-2,3,-62
1755870264.3869443,0,-8,-84
1755870264.4249446,8,-4,-83
1755870264.463945,3,3,-75
1755870264.4999447,2,0,-71
1755870264.5369446,1,3,-73
1755870264.5749447,2,5,-78
1755870264.6129446,3,4,-76
1755870264.6489446,2,1,-63
1755870264.6859446,10,0,-76
1755870264.7249446,9,2,-65
1755870264.7629447,6,0,-72
1755870264.7989447,3,3,-62
1755870264.8369446,4,-6,-76
1755870264.8749447,2,3,-79
1755870264.9109447,1,1,-88
1755870264.9479446,-2,-2,-78
1755870264.986945,-1,0,-75
1755870265.0249443,-2,1,-68
1755870265.0609446,-3,0,-65
1755870265.0979445,0,-6,-65
1755870265.1369443,0,0,-67
1755870265.1749446,-1,-2,-78
1755870265.210945,-2,-6,-71
1755870265.2489443,-3,0,-67
1755870265.2869446,0,0,-71
1755870265.3249447,4,0,-74
1755870265.3609445,0,-1,-72
1755870265.3989446,-1,-1,-67
1755870265.4359446,7,0,-78
1755870265.473945,6,0,-79
1755870265.509945,7,0,-76
1755870265.5469446,0,0,-78
1755870265.5849447,6,0,-85
1755870265.6209445,4,-1,-85
1755870265.657945,-1,-3,-82
1755870265.6959443,5,2,-93
1755870265.7349446,-5,0,-83
1755870265.7709446,-10,-1,-71
1755870265.8089447,0,-1,-61
1755870265.8469446,4,-2,-68
1755870265.8859446,3,-5,-66
1755870265.9239447,-2,-9,-63
1755870265.9599447,-7,-1,-72
1755870265.9989443,6,4,-78
1755870266.0359447,8,0,-72
1755870266.0739446,0,1,-74
1755870266.1099446,-3,0,-72
1755870266.1469443,1,1,-75
1755870266.1849446,0,6,-71
1755870266.2209446,-2,3,-61
1755870266.2579446,-3,3,-73
1755870266.2959447,-7,4,-67
1755870266.3349447,-1,2,-67
1755870266.3709445,-5,0,-77
1755870266.4089446,1,-5,-78
1755870266.4469447,-3,-2,-73
1755870266.4859445,-3,-1,-75
1755870266.5239446,0,1,-68
1755870266.5599446,2,-4,-63
1755870266.5969446,1,3,-63
1755870266.634945,1,-4,-69
1755870266.6709447,4,0,-81
1755870266.7079446,3,7,-82
1755870266.7459445,5,3,-83
1755870266.7819445,8,-2,-77
1755870266.8189447,0,0,-71
1755870266.8569446,3,0,-72
1755870266.894945,1,4,-67
1755870266.9309447,0,3,-68
1755870266.9679446,2,-3,-75
1755870267.006945,4,-6,-73
1755870267.0449443,-6,-5,-76
1755870267.0809443,0,-3,-75
1755870267.1179447,1,7,-85
1755870267.1569445,5,2,-77
1755870267.1949446,5,4,-79
1755870267.2309446,-2,0,-74
1755870267.2679446,1,1,-82
1755870267.3059447,2,0,-64
1755870267.3419447,3,0,-64
1755870267.3789446,3,-2,-77
1755870267.4169445,-2,1,-75
1755870267.4559443,4,1,-72
1755870267.4919446,8,-8,-69
1755870267.5289447,-5,0,-79
1755870267.5669446,-7,5,-67
1755870267.6059446,-4,4,-75
1755870267.6419446,0,0,-80
1755870267.6789446,4,1,-73
1755870267.7169447,0,1,-66
1755870267.7549446,2,-5,-75
1755870267.7909446,2,-2,-77
1755870267.8289447,4,4,-76
1755870267.8669446,2,7,-67
1755870267.904945,-3,3,-64
1755870267.940945,9,4,-65
1755870267.9789443,1,3,-62
1755870268.0169446,0,5,-66
1755870268.0549445,1,2,-68
1755870268.0909443,3,7,-72
1755870268.1289446,3,4,-67
1755870268.1669445,5,3,-69
1755870268.2049446,-5,-6,-84
1755870268.2409446,-10,-2,-76
1755870268.2789447,0,-3,-67
1755870268.3169446,-2,-2,-73
1755870268.3559446,-3,7,-71
1755870268.3919446,-1,1,-70
1755870268.4289446,0,4,-76
1755870268.4669447,-3,2,-79
1755870268.5059447,-1,-5,-75
1755870268.5419445,7,-1,-68
1755870268.5789447,6,0,-68
1755870268.6169446,0,-1,-66
1755870268.6529446,4,-9,-72
1755870268.690945,-1,0,-76
1755870268.7289443,-1,0,-69
1755870268.7669446,-3,1,-79
1755870268.8059447,11,2,-65
1755870268.8419447,8,0,-76
1755870268.8789446,1,-4,-74
1755870268.9169445,1,0,-75
1755870268.9559443,0,7,-75
1755870268.9919446,3,5,-72
1755870269.0289447,-3,-2,-67
1755870269.0669446,-10,-5,-70
1755870269.1059446,-6,1,-71
1755870269.1419446,2,3,-61
1755870269.1789446,4,1,-84
1755870269.2169447,-3,5,-73
1755870269.2529447,-6,4,-76
1755870269.2899446,-6,0,-81
1755870269.3289447,5,2,-73
1755870269.3669446,7,1,-70
1755870269.4029446,0,-2,-80
1755870269.4399445,4,2,-78
1755870269.4779446,5,1,-74
1755870269.5159447,5,-2,-84
1755870269.5519447,-1,-1,-73
1755870269.5899446,1,2,-79
1755870269.6289446,-4,-2,-71
1755870269.6669445,4,-1,-76
1755870269.7029445,5,1,-71
1755870269.7399447,4,-1,-67
1755870269.7789447,6,-5,-75
1755870269.8169446,5,1,-72
1755870269.8529446,4,-1,-67
1755870269.8899446,-3,0,-70
1755870269.9289446,-1,0,-69
1755870269.9669447,0,-4,-68
1755870270.0029447,-4,0,-73
1755870270.0399446,1,6,-75
1755870270.0779445,4,1,-77
1755870270.1159446,1,1,-76
1755870270.1519446,3,3,-77
1755870270.1899445,0,1,-72
1755870270.2279446,-1,0,-77
1755870270.2639446,4,3,-88
1755870270.3009446,1,0,-84
1755870270.3399446,2,-4,-73
1755870270.3779447,3,0,-62
1755870270.4139447,2,0,-64
1755870270.4519446,3,0,-75
1755870270.4899447,0,0,-74
1755870270.5279446,-3,4,-76
1755870270.5639446,0,-1,-78
1755870270.6019447,0,0,-68
1755870270.6399446,-7,0,-67
1755870270.6789446,-5,0,-80
1755870270.7169447,2,-2,-69
1755870270.7529447,1,2,-65
1755870270.7899446,4,1,-83
1755870270.8279445,2,1,-77
1755870270.8639443,0,-3,-81
1755870270.9019446,0,2,-74
1755870270.9399445,4,1,-80
1755870270.9779446,1,-2,-69
1755870271.0139446,2,1,-66
1755870271.0509446,-4,0,-73
1755870271.088945,-5,-4,-83
1755870271.1279447,-1,-7,-81
1755870271.1639447,-2,-5,-78
1755870271.2019446,0,4,-73
1755870271.2389443,-1,1,-73
1755870271.2779446,5,-2,-65
1755870271.3139446,8,0,-77
1755870271.3519447,5,1,-72
1755870271.3889446,4,0,-78
1755870271.427945,-5,0,-78
1755870271.463945,0,-11,-66
1755870271.5019443,-3,-7,-70
1755870271.5399446,3,-3,-76
1755870271.5789447,-1,-4,-64
1755870271.6229446,0,0,-72
1755870271.6619446,4,1,-73
1755870271.6989446,-11,3,-65
1755870271.7379446,-3,2,-80
1755870271.7739446,0,-4,-73
1755870271.8109446,-1,1,-75
1755870271.848945,4,0,-74
1755870271.8869443,4,3,-82
1755870271.9229443,-6,3,-83
1755870271.9599447,-6,1,-79
1755870271.9989443,0,-3,-71
1755870272.0349443,1,1,-75
1755870272.0719447,2,5,-66
1755870272.108945,1,5,-66
1755870272.144945,1,0,-71
1755870272.1829443,-5,-4,-72
1755870272.2199447,-3,-1,-64
1755870272.2589445,-3,2,-67
1755870272.2949443,-3,4,-77
1755870272.3329446,-4,6,-74
1755870272.3709445,-7,0,-75
1755870272.4089446,0,-6,-78
1755870272.4479446,-2,9,-70
1755870272.483945,0,8,-74
1755870272.5209446,0,-9,-72
1755870272.5589447,4,-4,-70
1755870272.5979445,0,-3,-71
1755870272.6339445,-2,-1,-79
1755870272.6719446,2,-4,-86
1755870272.710945,-7,-8,-70
1755870272.7489443,-1,0,-74
1755870272.7849443,5,0,-70
1755870272.8219447,4,2,-78
1755870272.8599446,-6,-1,-74
1755870272.8979447,-2,1,-75
1755870272.9339447,11,1,-82
1755870272.9709446,1,2,-72
1755870273.0089445,-5,-1,-76
1755870273.0449443,0,-3,-74
1755870273.0829446,2,-5,-75
1755870273.1209445,1,-3,-82
1755870273.1599443,-4,-2,-75
1755870273.1979446,-1,-6,-71
1755870273.233945,0,6,-74
1755870273.2719443,2,3,-74
1755870273.3099446,-2,0,-76
1755870273.3479445,1,0,-71
1755870273.3839445,1,-1,-79
1755870273.4209447,2,-3,-75
1755870273.4599447,1,-4,-76
1755870273.4979446,-3,-7,-59
1755870273.5339446,0,-1,-66
1755870273.5709443,0,6,-63
1755870273.6099446,3,0,-64
1755870273.6479447,3,1,-81
1755870273.6839447,-1,6,-92
1755870273.7219446,-4,-5,-84
1755870273.7609446,-8,-8,-85
1755870273.7989447,-4,-6,-82
1755870273.8349447,4,-4,-75
1755870273.871945,-7,1,-78
1755870273.9099443,-1,4,-75
1755870273.9489446,2,2,-76
1755870273.9849446,-1,-2,-73
1755870274.0229447,0,-1,-70
1755870274.0609446,0,1,-73
1755870274.098945,-2,2,-77
1755870274.134945,4,3,-65
1755870274.1719446,3,-1,-63
1755870274.2099447,0,-7,-73
1755870274.2489443,0,0,-75
1755870274.2849443,-6,1,-70
1755870274.3239446,0,5,-73
1755870274.3609445,2,-5,-88
1755870274.3999443,0,-7,-82
1755870274.4359446,-2,0,-78
1755870274.473945,1,4,-76
1755870274.5109446,5,-2,-80
1755870274.5499446,0,-2,-73
1755870274.585945,-1,0,-65
1755870274.6239443,1,-4,-61
1755870274.6619446,6,0,-68
1755870274.6999447,-1,2,-71
1755870274.7359445,0,0,-73
1755870274.7739446,4,-7,-72
1755870274.8109446,-1,2,-65
1755870274.8499446,-6,-3,-74
1755870274.8859446,-3,0,-71
1755870274.9239447,2,0,-68
1755870274.960945,-2,0,-72
1755870274.9999447,0,6,-72
1755870275.0359447,2,3,-75
1755870275.0739446,7,4,-67
1755870275.1109445,8,-4,-72
1755870275.1499443,3,2,-86
1755870275.1859446,3,2,-77
1755870275.223945,2,3,-72
1755870275.2609446,3,2,-81
1755870275.2989447,-2,-6,-76
1755870275.3349447,1,6,-72
1755870275.371945,0,9,-74
1755870275.4099443,4,8,-71
1755870275.4459443,6,5,-63
1755870275.4829447,-2,6,-66
1755870275.5209446,3,2,-70
1755870275.5589447,3,-6,-71
1755870275.5959446,7,-5,-73
1755870275.6329446,8,-2,-77
1755870275.6709447,4,-8,-70
1755870275.7099447,5,1,-65
1755870275.7459445,0,0,-64
1755870275.782945,3,7,-66
1755870275.8209443,-3,-1,-66
1755870275.8569446,-2,4,-72
1755870275.8959446,3,-2,-82
1755870275.9329443,9,-1,-67
1755870275.9709446,-2,-5,-82
1755870276.009945,-8,1,-70
1755870276.0459447,-1,-1,-72
1755870276.0839446,8,6,-82
1755870276.121945,-1,2,-81
1755870276.1609447,2,0,-81
1755870276.1969447,2,-4,-73
1755870276.233945,2,-1,-74
1755870276.2719443,-1,-4,-71
1755870276.3109446,0,0,-64
1755870276.3469446,3,-2,-74
1755870276.3839445,-1,2,-74
1755870276.4219446,0,0,-75
1755870276.4599447,15,3,-67
1755870276.4959445,2,3,-71
1755870276.532945,5,5,-83
1755870276.5709443,5,-2,-62
1755870276.6069446,5,-5,-74
1755870276.6439445,5,3,-85
1755870276.6819446,0,7,-75
1755870276.7199447,1,8,-71
1755870276.7559447,0,10,-70
1755870276.792945,-1,0,-67
1755870276.8319447,0,0,-71
1755870276.8699446,3,2,-79
1755870276.9059446,0,2,-69
1755870276.9429443,2,-1,-68
1755870276.9819446,3,0,-62
1755870277.019945,-4,0,-77
1755870277.0559447,3,2,-81
1755870277.0929446,4,-6,-74
1755870277.131945,1,0,-69
1755870277.1699443,-2,2,-82
1755870277.2059443,-2,1,-74
1755870277.2429447,-1,-3,-73
1755870277.2819445,0,-8,-78
1755870277.3199446,3,-7,-72
1755870277.3559446,3,-5,-68
1755870277.3929446,-2,-2,-83
1755870277.4319446,-2,0,-71
1755870277.4679446,-12,-2,-75
1755870277.5059447,-10,1,-65
1755870277.5439446,2,-2,-72
1755870277.5819447,-2,-4,-67
1755870277.6209445,-2,1,-59
1755870277.6569445,0,-4,-67
1755870277.6939447,6,0,-61
1755870277.7319446,0,-7,-64
1755870277.7679446,2,-7,-67
1755870277.8059447,-4,-5,-76
1755870277.8439443,-4,-5,-76
1755870277.8829446,0,-8,-84
1755870277.9209447,2,0,-82
1755870277.9569447,2,0,-79
1755870277.9939446,-1,4,-79
1755870278.032945,-1,6,-70
1755870278.0709443,3,0,-90
1755870278.1069446,6,-5,-74
1755870278.1439445,5,2,-78
1755870278.1819446,6,0,-75
1755870278.2179446,-4,-10,-76
1755870278.2559447,-3,-1,-62
1755870278.2939446,8,-5,-75
1755870278.3329446,5,-1,-79
1755870278.3709445,1,2,-76
1755870278.4069445,4,0,-84
1755870278.4439447,1,1,-68
1755870278.4819446,1,1,-71
1755870278.5179446,4,-6,-72
1755870278.5559447,5,0,-68
1755870278.5939443,-4,-4,-74
1755870278.6329446,-7,-4,-74
1755870278.6709447,1,0,-63
1755870278.7069447,-3,-3,-74
1755870278.7459445,2,2,-81
1755870278.782945,1,-1,-65
1755870278.8219447,0,-4,-65
1755870278.8579447,0,1,-88
1755870278.8959446,1,-4,-82
1755870278.9329443,2,-8,-73
1755870278.9719446,-2,-10,-69
1755870279.0079446,0,-2,-72
1755870279.0459447,1,-7,-67
1755870279.0829446,9,-6,-76
1755870279.121945,5,-2,-73
1755870279.157945,2,3,-76
1755870279.1959443,-1,2,-66
1755870279.2329447,9,4,-78
1755870279.2709446,4,-5,-74
1755870279.3079443,0,2,-72
1755870279.3459446,1,1,-76
1755870279.3829446,1,-3,-80
1755870279.4219446,-6,3,-73
1755870279.4579446,-5,6,-74
1755870279.4959445,-2,4,-67
1755870279.532945,-4,3,-58
1755870279.5719447,-6,-5,-71
1755870279.6079447,-7,-1,-73
1755870279.6459446,-8,-3,-64
1755870279.6839447,-2,-4,-66
1755870279.7229445,0,3,-59
1755870279.7589445,-2,1,-61
1755870279.7959447,-3,-7,-74
1755870279.8339446,-4,-2,-71
1755870279.8729446,4,1,-72
1755870279.9089446,2,3,-73
1755870279.9459443,0,-1,-76
1755870279.983945,8,-2,-84
1755870280.0229447,3,-4,-73
1755870280.0589447,-2,-5,-77
1755870280.0969446,6,2,-80
1755870280.134945,-2,3,-87
1755870280.1729443,0,2,-85
1755870280.2089446,1,0,-91
1755870280.2459445,7,-3,-87
1755870280.2839446,0,-7,-88
1755870280.3229446,2,1,-75
1755870280.358945,2,0,-69
1755870280.3959446,-2,-1,-77
1755870280.4339447,7,0,-81
1755870280.4729445,8,0,-76
1755870280.5089445,2,0,-65
1755870280.5459447,5,4,-78
1755870280.5839446,8,-6,-66
1755870280.6229446,0,2,-74
1755870280.6589446,2,2,-74
1755870280.6959443,2,-1,-80
1755870280.733945,7,-2,-82
1755870280.7729447,6,1,-76
1755870280.8089447,4,5,-74
1755870280.8459446,3,-2,-66
1755870280.8839445,3,0,-67
1755870280.9219446,6,-1,-71
1755870280.9579446,3,-1,-64
1755870280.9959445,-3,1,-69
1755870281.0339446,2,-4,-77
1755870281.0699446,1,-1,-70
1755870281.1069446,0,-3,-70
1755870281.1459446,6,-7,-74
1755870281.1839447,8,2,-66
1755870281.2199447,3,-3,-72
1755870281.256945,5,0,-63
1755870281.2939446,-2,2,-74
1755870281.3329446,1,-4,-59
1755870281.3689446,2,-4,-64
1755870281.4069445,0,-1,-74
1755870281.4459443,1,5,-74
1755870281.483945,4,0,-68
1755870281.519945,3,-6,-64
1755870281.5569446,6,2,-78
1755870281.5959446,2,1,-76
1755870281.6389446,-3,-3,-78
1755870281.6769447,-1,-5,-71
1755870281.7159443,-1,4,-77
1755870281.7539446,-7,0,-80
1755870281.7899446,-3,-5,-75
1755870281.8289447,-4,-1,-65
1755870281.8659446,-3,3,-74
1755870281.904945,-2,0,-85
1755870281.9429443,0,-4,-79
1755870281.9789443,0,1,-68
1755870282.0159447,0,-4,-71
1755870282.0549445,-4,-1,-70
1755870282.0929446,-11,0,-68
1755870282.1289446,-2,-4,-66
1755870282.1669445,0,4,-81
1755870282.2049446,0,1,-77
1755870282.2439446,-1,4,-72
1755870282.279945,3,-2,-76
1755870282.3169446,-3,-1,-79
1755870282.3549447,0,3,-82
1755870282.3929446,-8,-3,-84
1755870282.4289446,-4,0,-83
1755870282.4659443,2,0,-72
1755870282.5039446,-2,4,-71
1755870282.5399446,-5,0,-76
1755870282.5769446,-2,2,-69
1755870282.6159446,3,3,-69
1755870282.6539447,1,-2,-80
1755870282.6899445,-5,-1,-65
1755870282.7279446,0,-2,-67
1755870282.7659447,2,-5,-71
1755870282.8049445,3,-3,-75
1755870282.8409443,-4,0,-74
1755870282.8779447,-6,-3,-74
1755870282.9159446,5,-8,-68
1755870282.9549446,3,-4,-76
1755870282.9909446,7,1,-78
1755870283.0279446,-1,-3,-74
1755870283.065945,4,2,-80
1755870283.1039443,-3,1,-78
1755870283.1399446,8,-2,-72
1755870283.1769447,-3,-2,-72
1755870283.2149446,0,0,-66
1755870283.2539446,-4,-2,-73
1755870283.2899446,2,-4,-73
1755870283.3269446,5,-2,-76
1755870283.3649447,11,-6,-72
1755870283.4039447,3,1,-75
1755870283.4399445,3,-1,-67
1755870283.4769447,2,-2,-69
1755870283.5159447,-1,-4,-67
1755870283.5539446,-2,-1,-68
1755870283.5899446,2,-6,-73
1755870283.6269443,7,0,-77
1755870283.6659446,4,-2,-74
1755870283.7039447,0,-4,-81
1755870283.7399447,1,-4,-78
1755870283.7779446,4,-4,-76
1755870283.815945,0,0,-75
1755870283.8539443,0,0,-83
1755870283.8899446,-4,-6,-84
1755870283.927945,0,-4,-86
1755870283.9659443,-4,-1,-75
1755870284.0049446,1,4,-69
1755870284.0409446,-4,-3,-60
1755870284.0789447,-4,-4,-70
1755870284.1169446,3,1,-69
1755870284.1559446,1,0,-83
1755870284.1939447,3,3,-83
1755870284.2299447,-2,-1,-83
1755870284.2679446,-2,0,-76
1755870284.3069446,3,-1,-75
1755870284.3449447,5,0,-67
1755870284.3809447,6,6,-67
1755870284.417945,-3,-3,-80
1755870284.4559443,2,-5,-76
1755870284.4949446,3,-5,-77
1755870284.5309446,0,-5,-71
1755870284.5689447,0,1,-74
1755870284.6059446,-4,0,-80
1755870284.644945,-6,-2,-69
1755870284.6809447,-2,7,-74
1755870284.7189443,1,5,-81
1755870284.7559447,0,3,-76
1755870284.7949443,-5,0,-77
1755870284.8309443,-8,0,-66
1755870284.8689446,-4,-3,-77
1755870284.9069445,-6,3,-69
1755870284.9459443,-4,0,-68
1755870284.9819446,3,-3,-58
1755870285.0189445,2,-3,-67
1755870285.0579443,-4,-1,-65
1755870285.0959446,2,0,-68
1755870285.131945,0,8,-70
1755870285.1689446,3,3,-71
1755870285.2059443,-3,0,-77
1755870285.2449446,-4,1,-76
1755870285.2809446,3,2,-74
1755870285.3189447,2,3,-77
1755870285.3569446,5,-8,-79
1755870285.394945,4,-11,-79
1755870285.4309447,1,0,-77
1755870285.4679446,4,-1,-83
1755870285.506945,0,0,-86
1755870285.5449443,0,-2,-82
1755870285.5809443,-1,-7,-84
1755870285.6189446,2,1,-89
1755870285.6569445,0,1,-76
1755870285.6949446,0,0,-79
1755870285.7309446,3,-1,-78
1755870285.7679446,-2,-6,-82
1755870285.8069446,-2,-5,-86
1755870285.8449447,-5,-4,-91
1755870285.8809447,-4,0,-78
1755870285.9189446,-4,-2,-75
1755870285.9579446,0,-1,-77
1755870285.9959445,-9,0,-72
1755870286.0319445,-12,-1,-70
1755870286.0699446,-10,-5,-73
1755870286.1079447,-1,-6,-71
1755870286.1469443,-3,-4,-60
1755870286.1849446,5,0,-77
1755870286.2209446,0,2,-69
1755870286.2579446,3,0,-67
1755870286.2959447,-1,4,-73
1755870286.3319447,-8,-4,-65
1755870286.3709445,-2,0,-72
1755870286.407945,-11,4,-69
1755870286.4469447,-7,-3,-70
1755870286.4829447,-2,1,-50
1755870286.5209446,-2,-1,-61
1755870286.5589447,0,-6,-66
1755870286.5969446,-1,-3,-69
1755870286.6359446,-4,-2,-62
1755870286.6729443,-3,-9,-70
1755870286.7099447,2,-7,-80
1755870286.7479446,7,0,-85
1755870286.7859447,-2,1,-67
1755870286.8219447,-9,0,-71
1755870286.858945,-1,-3,-81
1755870286.8969443,1,1,-60
1755870286.9329443,7,-1,-68
1755870286.9699447,6,0,-66
1755870287.0079446,-1,0,-86
1755870287.0469446,1,0,-63
1755870287.0829446,-3,-8,-73
1755870287.1209445,0,0,-71
1755870287.157945,0,-3,-74
1755870287.1969447,-5,1,-65
1755870287.2329447,0,-2,-72
1755870287.2709446,1,1,-64
1755870287.3079443,1,1,-62
1755870287.3459446,8,3,-62
1755870287.381945,0,7,-85
1755870287.4199443,-6,4,-82
1755870287.4579446,0,-4,-75
1755870287.496945,2,-2,-69
1755870287.532945,-3,1,-66
1755870287.5699446,1,-6,-73
1755870287.6079447,2,-2,-66
1755870287.6469443,2,0,-70
1755870287.6829443,-3,-6,-78
1755870287.7209446,-1,-3,-79
1755870287.7589445,-10,2,-71
1755870287.7979443,-2,7,-66
1755870287.835945,3,0,-77
1755870287.871945,3,0,-76
1755870287.9089446,-3,2,-81
1755870287.9479446,0,0,-67
1755870287.9859445,-8,0,-70
1755870288.0219443,-4,5,-75
1755870288.0599446,-5,3,-80
1755870288.0979445,-9,-2,-75
1755870288.1369443,0,0,-74
1755870288.1729443,-5,3,-69
1755870288.2099447,2,1,-73
1755870288.2479446,0,-2,-63
1755870288.2839446,4,1,-61
1755870288.3209443,2,-4,-69
1755870288.358945,-1,-6,-71
1755870288.3979447,-1,-1,-70
1755870288.4339447,5,-2,-61
1755870288.4709446,5,-7,-83
1755870288.5089445,8,0,-87
1755870288.5469446,-2,-3,-83
1755870288.5829446,-3,-1,-77
1755870288.6209445,2,0,-74
1755870288.6589446,-4,-2,-72
1755870288.6979446,1,2,-66
1755870288.733945,0,-2,-76
1755870288.7709446,0,1,-69
1755870288.8079443,-2,2,-60
1755870288.8469446,-1,6,-68
1755870288.8829446,-2,4,-73
1755870288.9199443,3,0,-74
1755870288.9579446,1,4,-77
1755870288.9939446,2,1,-77
1755870289.0309446,0,0,-85
1755870289.0689447,-4,1,-74
1755870289.1079447,-2,1,-70
1755870289.1439445,7,3,-77
1755870289.1809447,0,2,-76
1755870289.2189443,6,0,-88
1755870289.256945,-3,3,-76
1755870289.292945,-5,2,-76
1755870289.3299446,-7,0,-73
1755870289.3689446,4,-3,-74
1755870289.4069445,0,8,-78
1755870289.4429443,4,5,-75
1755870289.4799447,-6,6,-73
1755870289.5189445,-2,2,-73
1755870289.5569446,10,-3,-70
1755870289.5929446,7,-1,-68
1755870289.6299446,3,-1,-82
1755870289.6689446,4,0,-80
1755870289.7069447,3,-3,-79
1755870289.7429447,1,-1,-73
1755870289.779945,0,1,-71
1755870289.8189447,4,-2,-77
1755870289.8579447,3,-8,-90
1755870289.8939445,8,0,-74
1755870289.9309447,4,-3,-73
1755870289.9689443,-1,0,-68
1755870290.0079446,0,7,-73
1755870290.0439446,5,4,-69
1755870290.0809443,2,1,-75
1755870290.1189446,0,1,-84
1755870290.154945,1,-2,-79
1755870290.1929443,-2,2,-86
1755870290.2309446,-4,-2,-82
1755870290.2689445,7,-1,-83
1755870290.3079443,-1,4,-79
1755870290.3439443,-6,-5,-69
1755870290.381945,-4,-5,-84
1755870290.4199443,2,-1,-81
1755870290.4589446,-2,0,-72
1755870290.4949446,0,-7,-68
1755870290.532945,-3,-2,-69
1755870290.5719447,-13,2,-67
1755870290.608945,-5,-7,-74
1755870290.6479447,-5,2,-77
1755870290.6839447,-3,0,-84
1755870290.7219446,-2,4,-87
1755870290.759945,2,0,-79
1755870290.7979443,0,2,-68
1755870290.8339446,2,-1,-75
1755870290.8709445,0,0,-75
1755870290.9099443,-1,2,-64
1755870290.9479446,-4,-1,-61
1755870290.983945,-6,0,-61
1755870291.0219443,-3,1,-68
1755870291.0599446,2,-2,-68
1755870291.0979445,9,0,-68
1755870291.1339445,10,0,-69
1755870291.1709447,0,1,-74
1755870291.2099447,0,2,-73
1755870291.2479446,8,3,-82
1755870291.2839446,2,0,-82
1755870291.3219447,-1,0,-74
1755870291.3599446,-6,3,-66
1755870291.3979447,-6,1,-64
1755870291.4339447,0,0,-63
1755870291.4719446,1,-2,-82
1755870291.509945,2,0,-84
1755870291.5479443,8,1,-68
1755870291.5839446,0,-2,-71
1755870291.6209445,5,0,-73
1755870291.6649446,-1,-3,-74
1755870291.7039447,0,-3,-67
1755870291.7419446,-5,0,-77
1755870291.779945,-1,-9,-74
1755870291.815945,-2,-8,-64
1755870291.8539443,-1,4,-78
1755870291.8919446,8,0,-72
1755870291.9299445,0,-5,-75
1755870291.9659443,3,0,-80
1755870292.0029447,2,4,-75
1755870292.0409446,0,-6,-77
1755870292.0799446,1,3,-78
1755870292.1159446,-1,2,-70
1755870292.1539447,-3,7,-69
1755870292.1929443,3,7,-76
1755870292.2309446,13,7,-70
1755870292.2689445,9,10,-52
1755870292.3049445,6,7,-62
1755870292.3419447,4,11,-61
1755870292.3799446,-3,4,-70
1755870292.4169445,3,1,-67
1755870292.4539447,3,-1,-82
1755870292.4919446,5,-2,-77
1755870292.5309446,1,0,-77
1755870292.5689447,5,-5,-80
1755870292.6049447,4,2,-77
1755870292.6419446,2,5,-86
1755870292.6809447,-4,-2,-79
1755870292.7189443,0,10,-77
1755870292.7549446,0,8,-75
1755870292.792945,1,3,-72
1755870292.8309443,-4,0,-70
1755870292.8689446,1,7,-75
1755870292.904945,4,3,-70
1755870292.9419446,-5,-6,-81
1755870292.9809446,0,-4,-95
1755870293.0189445,-2,2,-71
1755870293.0549445,0,-1,-63
1755870293.0929446,3,-2,-77
1755870293.1309447,4,-1,-88
1755870293.1699443,1,-1,-66
1755870293.2059443,0,-3,-83
1755870293.2429447,0,0,-79
1755870293.2809446,0,3,-77
1755870293.3189447,1,-6,-75
1755870293.3549447,3,-10,-75
1755870293.3929446,-2,-1,-69
1755870293.4309447,-5,-4,-82
1755870293.4689443,-1,-8,-77
1755870293.5059447,-7,-4,-72
1755870293.542945,-2,-2,-71
1755870293.5809443,-1,-1,-82
1755870293.6199446,2,0,-77
1755870293.6559446,2,-11,-70
1755870293.6929443,7,-6,-61
1755870293.7309446,6,-11,-78
1755870293.769945,2,-7,-85
1755870293.8059447,5,-4,-68
1755870293.8429446,-3,0,-74
1755870293.8809447,0,0,-74
1755870293.9199443,-1,1,-73
1755870293.9559443,6,7,-75
1755870293.9929447,-1,4,-73
1755870294.0309446,-1,4,-71
1755870294.0699446,5,0,-73
1755870294.1059446,2,0,-78
1755870294.1429446,-8,2,-77
1755870294.1809447,-16,3,-76
1755870294.2199447,-4,0,-76
1755870294.2559447,3,0,-73
1755870294.292945,-7,0,-58
1755870294.3319447,-4,2,-70
1755870294.3699446,-8,0,-72
1755870294.4059446,-8,-1,-68
1755870294.4439447,0,0,-74
1755870294.4819446,-9,-3,-68
1755870294.519945,-5,3,-64
1755870294.5559447,1,-4,-63
1755870294.5929446,4,5,-71
1755870294.6309447,-2,-2,-75
1755870294.6669445,0,-1,-75
1755870294.7059443,-2,6,-67
1755870294.7429447,-3,-8,-55
1755870294.7819445,0,2,-72
1755870294.8199446,5,0,-79
1755870294.8559446,1,6,-64
1755870294.8929446,-4,8,-61
1755870294.9319446,-2,6,-61
1755870294.9699447,2,2,-68
1755870295.0059447,-1,-6,-69
1755870295.0439446,4,-2,-66
1755870295.0819447,-1,-2,-79
1755870295.1209445,5,-3,-82
1755870295.1569445,8,0,-72
1755870295.1939447,-2,-1,-77
1755870295.2319446,-2,0,-72
1755870295.2709446,6,-4,-78
1755870295.3069446,1,-7,-82
1755870295.3439443,0,-1,-71
1755870295.381945,-3,1,-62
1755870295.4209447,2,-3,-64
1755870295.4569447,4,2,-73
1755870295.4939446,-4,1,-70
1755870295.5319445,-2,0,-67
1755870295.5709443,-5,2,-78
1755870295.6069446,0,-3,-79
1755870295.6439445,0,0,-79
1755870295.6819446,-3,0,-80
1755870295.7179446,-2,0,-70
1755870295.7549446,3,5,-71
1755870295.792945,2,2,-72
1755870295.8309443,-4,-3,-70
1755870295.8669446,3,2,-79
1755870295.9039447,-4,-6,-77
1755870295.9419446,-6,-4,-84
1755870295.9809446,-7,-9,-82
1755870296.0169446,-3,0,-76
1755870296.0549445,-3,0,-75
1755870296.0929446,-1,-4,-71
1755870296.131945,-6,-9,-72
1755870296.167945,-3,-7,-77
1755870296.2059443,-2,-6,-73
1755870296.2439446,-2,-3,-82
1755870296.282945,3,-2,-79
1755870296.3209443,9,-6,-75
1755870296.3569446,-1,-5,-74
1755870296.394945,1,-8,-75
1755870296.4329443,2,2,-81
1755870296.4719446,12,-5,-76
1755870296.5079446,-4,1,-76
1755870296.5459447,0,2,-80
1755870296.5839446,4,-1,-86
1755870296.6229446,3,-9,-77
1755870296.6609447,0,-7,-71
1755870296.6969447,-3,9,-71
1755870296.733945,-2,0,-69
1755870296.7729447,-3,-2,-65
1755870296.8109446,-2,-1,-75
1755870296.8469446,1,-8,-56
1755870296.8839445,0,-7,-65
1755870296.9229443,4,-6,-79
1755870296.960945,3,-1,-88
1755870296.996945,3,-1,-68
1755870297.0349443,4,-5,-69
1755870297.0729446,4,-3,-80
1755870297.111945,1,-1,-81
1755870297.1479447,0,2,-75
1755870297.1859446,-2,10,-74
1755870297.2229445,-4,-4,-74
1755870297.2589445,0,-1,-79
1755870297.2959447,0,-1,-84
1755870297.3339446,3,-6,-86
1755870297.3729446,9,-4,-76
1755870297.4089446,2,-6,-76
1755870297.4459443,-4,4,-62
1755870297.483945,-3,8,-71
1755870297.5229447,-4,-4,-78
1755870297.5589447,-5,-1,-68
1755870297.5969446,5,-3,-74
1755870297.6359446,4,-4,-86
1755870297.6729443,-3,5,-82
1755870297.7119446,1,3,-83
1755870297.7489443,0,1,-74
1755870297.7859447,0,-4,-74
1755870297.8239446,1,-9,-73
1755870297.8629446,6,-2,-75
1755870297.8989446,1,-2,-75
1755870297.9359446,-3,-6,-62
1755870297.973945,4,1,-74
1755870298.0119443,1,-3,-68
1755870298.0489447,-6,1,-68
1755870298.085945,2,-2,-73
1755870298.1239443,2,-2,-76
1755870298.1629446,-10,-4,-76
1755870298.1989446,-8,-9,-81
1755870298.236945,-7,-6,-66
1755870298.2749443,-7,-1,-68
1755870298.3139446,1,-1,-70
1755870298.3519447,-5,-10,-74
1755870298.3879447,-3,-6,-81
1755870298.4259446,-1,-3,-81
1755870298.463945,0,-5,-75
1755870298.5029447,5,2,-69
1755870298.5399446,2,-1,-68
1755870298.5769446,0,-6,-69
1755870298.6149447,0,-6,-75
1755870298.6539447,0,2,-76
1755870298.6919446,3,-4,-69
1755870298.7279446,1,-2,-80
1755870298.7649446,2,-1,-67
1755870298.8039446,-1,6,-63
1755870298.8419447,0,-1,-65
1755870298.8779447,0,-1,-61
1755870298.9159446,2,2,-64
1755870298.9539447,-2,4,-65
1755870298.9899447,-3,0,-77
1755870299.0269446,0,-5,-72
1755870299.0649445,-10,-1,-85
1755870299.1039443,-2,6,-62
1755870299.1399446,9,2,-66
1755870299.1769447,0,0,-65
1755870299.2159443,0,1,-70
1755870299.2539446,2,0,-79
1755870299.2899446,1,-3,-80
1755870299.3279445,5,4,-75
1755870299.3659446,-4,0,-86
1755870299.4039447,0,-3,-77
1755870299.4399445,-1,2,-74
1755870299.4779446,-3,0,-71
1755870299.5159447,-2,0,-67
1755870299.5539446,7,2,-70
1755870299.5899446,7,0,-80
1755870299.6269443,1,-3,-87
1755870299.6659446,1,-7,-87
1755870299.7039447,3,-10,-72
1755870299.7399447,-4,-4,-81
1755870299.7779446,3,-4,-78
1755870299.815945,-3,5,-80
1755870299.8549447,-1,0,-64
1755870299.8929446,4,-3,-73
1755870299.9289446,1,-3,-73
1755870299.9659443,-8,-4,-74
1755870300.0049446,-1,-7,-68
1755870300.042945,1,-5,-79
1755870300.0789447,-4,-7,-72
1755870300.1169446,3,-2,-70
1755870300.154945,4,-7,-70
1755870300.1939447,13,-3,-80
1755870300.2299447,9,-10,-70
1755870300.2679446,1,-2,-79
1755870300.3059447,1,-4,-78
1755870300.3449447,0,0,-76
1755870300.3829446,0,2,-67
1755870300.4189446,-7,-5,-66
1755870300.4569447,4,-5,-57
1755870300.4949446,8,1,-74
1755870300.532945,1,1,-77
1755870300.5689447,-5,4,-73
1755870300.6069446,-2,3,-69
1755870300.644945,4,-3,-72
1755870300.6829443,-1,-4,-76
1755870300.7189443,-2,-4,-70
1755870300.756945,3,-1,-73
1755870300.7949443,4,-3,-79
1755870300.8339446,0,0,-88
1755870300.8699446,-2,-7,-75
1755870300.907945,0,-2,-74
1755870300.9459443,0,-2,-81
1755870300.9849446,-5,0,-69
1755870301.0209446,-7,1,-74
1755870301.0589447,-1,1,-83
1755870301.0969446,1,0,-80
1755870301.134945,4,-2,-80
1755870301.1739447,2,-1,-79
1755870301.2099447,1,-1,-84
1755870301.246945,-8,-4,-74
1755870301.2849443,0,-3,-67
1755870301.3239446,0,-4,-68
1755870301.3599446,-2,0,-86
1755870301.3969443,-2,0,-84
1755870301.4359446,-5,3,-80
1755870301.473945,-2,3,-67
1755870301.509945,0,5,-62
1755870301.5469446,8,1,-74
1755870301.585945,1,-2,-71
1755870301.6239443,2,1,-69
1755870301.6669445,-5,2,-75
1755870301.7059443,-2,1,-75
1755870301.7439446,0,5,-67
1755870301.779945,0,-2,-65
1755870301.8179443,-3,-3,-73
1755870301.8559446,-3,6,-81
1755870301.894945,1,2,-75
1755870301.9309447,6,-2,-74
1755870301.9679446,2,-1,-83
1755870302.0059447,2,-2,-81
1755870302.0449443,0,-1,-70
1755870302.0809443,-2,-3,-75
1755870302.1189446,-10,-6,-76
1755870302.1569445,-6,0,-72
1755870302.1959443,-3,-2,-65
1755870302.233945,-7,5,-66
1755870302.269945,-1,-1,-57
1755870302.3079443,1,-2,-63
1755870302.3459446,3,-5,-77
1755870302.384945,3,1,-71
1755870302.4209447,3,-3,-75
1755870302.4589446,7,-7,-67
1755870302.496945,4,0,-81
1755870302.5359447,2,-1,-79
1755870302.5719447,-2,-4,-65
1755870302.6099446,-2,-1,-70
1755870302.6479447,2,-1,-72
1755870302.6859446,-6,2,-77
1755870302.7249446,-1,-1,-72
1755870302.7609446,9,0,-75
1755870302.7979443,4,0,-65
1755870302.835945,-2,5,-69
1755870302.871945,-6,3,-72
1755870302.9109447,0,0,-66
1755870302.9479446,-1,2,-74
1755870302.986945,2,5,-75
1755870303.0249443,4,-3,-78
1755870303.0609446,1,0,-75
1755870303.0979445,1,-4,-83
1755870303.1369443,0,-2,-66
1755870303.1749446,-5,0,-73
1755870303.210945,1,1,-68
1755870303.2479446,5,0,-62
1755870303.2869446,1,-6,-70
1755870303.3249447,2,1,-77
1755870303.3609445,1,0,-68
1755870303.3979447,3,-1,-62
1755870303.4369447,2,-3,-65
1755870303.4749446,-1,-4,-75
1755870303.5109446,-1,-3,-78
1755870303.5499446,2,1,-58
1755870303.5869446,1,4,-70
1755870303.6249447,-2,0,-72
1755870303.6609447,-2,2,-77
1755870303.6979446,-7,-7,-80
1755870303.736945,-5,-9,-79
1755870303.7749443,-1,0,-75
1755870303.8109446,0,0,-71
1755870303.8479445,-1,-5,-78
1755870303.8869443,7,0,-77
1755870303.9249446,11,0,-73
1755870303.960945,5,2,-71
1755870303.9989443,5,-4,-68
1755870304.0369446,0,-4,-76
1755870304.0749447,0,7,-71
1755870304.1109445,4,4,-70
1755870304.1489446,5,-2,-81
1755870304.1869447,2,3,-76
1755870304.2249446,1,0,-76
1755870304.2609446,2,1,-74
1755870304.2989447,-3,0,-72
1755870304.3369446,0,0,-74
1755870304.3729446,-1,0,-67
1755870304.4099443,-2,7,-65
1755870304.4479446,0,5,-77
1755870304.486945,0,-6,-78
1755870304.5229447,-4,-2,-81
1755870304.5609446,1,1,-84
1755870304.598945,-1,5,-85
1755870304.6369443,2,4,-71
1755870304.6759446,0,-1,-71
1755870304.7119446,-3,1,-67
1755870304.7489443,-5,-2,-72
1755870304.7869446,-3,1,-88
1755870304.825945,1,2,-77
1755870304.861945,0,5,-64
1755870304.8989446,1,9,-67
1755870304.9369447,0,5,-68
1755870304.973945,0,5,-80
1755870305.0119443,4,-7,-77
1755870305.0489447,1,2,-76
1755870305.0869446,0,-1,-70
1755870305.1229446,3,0,-69
1755870305.1619446,2,-4,-70
1755870305.1989446,-3,-1,-74
1755870305.2379446,-1,1,-71
1755870305.2759447,1,-2,-73
1755870305.3119447,3,-5,-66
1755870305.348945,-1,1,-65
1755870305.3879447,5,1,-70
1755870305.4259446,3,2,-70
1755870305.4619446,-5,0,-78
1755870305.4989443,-2,-2,-71
1755870305.5379446,-1,3,-74
1755870305.575945,0,-3,-74
1755870305.611945,0,1,-69
1755870305.6489446,-1,-2,-81
1755870305.687945,-1,-3,-82
1755870305.7259445,-1,-1,-85
1755870305.7619443,1,3,-80
1755870305.7989447,-8,2,-86
1755870305.8379445,-2,0,-72
1755870305.8759446,2,0,-75
1755870305.9119446,2,-5,-84
1755870305.9499447,-3,-4,-83
1755870305.9879446,-8,1,-76
1755870306.0269446,-8,0,-82
1755870306.062945,-3,0,-68
1755870306.1009445,0,5,-76
1755870306.1379447,1,8,-75
1755870306.1769447,-3,0,-73
1755870306.2129445,-6,-6,-68
1755870306.2509446,4,-4,-72
1755870306.2889447,1,-2,-76
1755870306.3279445,-2,-1,-72
1755870306.3639443,-2,0,-78
1755870306.4009447,-3,-5,-72
1755870306.4389446,0,-3,-67
1755870306.4779446,-2,3,-75
1755870306.5139446,-3,-2,-76
1755870306.5519447,-3,0,-72
1755870306.5899446,-9,3,-66
1755870306.6279447,-4,4,-73
1755870306.6669445,3,10,-77
1755870306.7029445,0,5,-73
1755870306.7399447,0,0,-68
1755870306.7779446,-5,0,-71
1755870306.8169446,-3,-3,-77
1755870306.8529446,-8,0,-75
1755870306.8909447,0,2,-88
1755870306.9299445,-3,3,-69
1755870306.9679446,4,0,-74
1755870307.0039446,6,5,-72
1755870307.0409446,1,1,-79
1755870307.0789447,0,0,-84
1755870307.1169446,0,-2,-62
1755870307.1529446,-3,2,-70
1755870307.190945,-2,0,-67
1755870307.2289443,0,-1,-75
1755870307.2679446,-3,0,-76
1755870307.3039446,0,6,-79
1755870307.3409443,4,2,-70
1755870307.3789446,2,-10,-70
1755870307.4169445,4,-5,-63
1755870307.4529445,2,-1,-70
1755870307.4899447,2,4,-78
1755870307.5279446,2,0,-60
1755870307.5639446,3,0,-67
1755870307.6019447,-5,-7,-74
1755870307.6389446,-3,0,-77
1755870307.677945,-7,1,-73
1755870307.713945,-11,-1,-88
1755870307.7519443,2,7,-71
1755870307.7899446,-2,4,-66
1755870307.8289447,-1,6,-68
1755870307.8669446,-8,-1,-71
1755870307.9029446,-1,0,-78
1755870307.9399445,2,-5,-70
1755870307.9789443,7,-6,-76
1755870308.0149446,4,2,-76
1755870308.0519447,-1,0,-63
1755870308.0899446,4,-5,-78
1755870308.1289446,0,1,-81
1755870308.1649446,5,-2,-76
1755870308.2019446,4,-5,-74
1755870308.2399447,-5,5,-81
1755870308.2789447,-2,-1,-72
1755870308.3149445,7,-6,-80
1755870308.3519447,-6,0,-71
1755870308.3899446,4,-1,-60
1755870308.4289446,6,3,-67
1755870308.4649446,0,2,-69
1755870308.5019443,-1,6,-66
1755870308.5399446,-1,4,-65
1755870308.5789447,2,0,-69
1755870308.6149447,0,-6,-73
1755870308.6529446,-4,0,-70
1755870308.690945,-2,3,-62
1755870308.7299447,0,0,-62
1755870308.7679446,6,5,-74
1755870308.8039446,0,3,-79
1755870308.8419447,1,-5,-67
1755870308.8799446,2,-4,-72
1755870308.9189446,0,-5,-73
1755870308.9549446,0,-4,-77
1755870308.9919446,-11,2,-71
1755870309.029945,-8,3,-80
1755870309.0689447,-1,2,-76
1755870309.1049447,-9,3,-76
1755870309.1439445,-9,-2,-85
1755870309.1809447,3,-6,-86
1755870309.2199447,1,1,-73
1755870309.2579446,0,2,-85
1755870309.2939446,-3,2,-80
1755870309.3309443,0,1,-68
1755870309.3689446,1,4,-74
1755870309.404945,0,4,-74
1755870309.4419446,0,3,-67
1755870309.4799447,5,2,-68
1755870309.5179446,0,7,-64
1755870309.5539446,-4,1,-65
1755870309.5909443,9,-2,-75
1755870309.6299446,0,-4,-81
1755870309.6659446,0,2,-67
1755870309.7029445,-2,3,-60
1755870309.7409446,2,-1,-80
1755870309.779945,4,-11,-82
1755870309.815945,0,-6,-73
1755870309.8529446,5,-2,-73
1755870309.8909447,7,-6,-73
1755870309.9299445,6,-11,-77
1755870309.9659443,-4,-4,-69
1755870310.0039446,4,-3,-69
1755870310.0419445,7,-1,-72
1755870310.0799446,7,5,-73
1755870310.1189446,3,6,-78
1755870310.154945,2,0,-67
1755870310.1919446,3,1,-75
1755870310.2309446,7,2,-76
1755870310.2689445,4,0,-76
1755870310.3049445,2,-2,-74
1755870310.3429446,0,0,-71
1755870310.3809447,1,1,-68
1755870310.4189446,0,-6,-74
1755870310.4549446,-6,-6,-66
1755870310.4929447,2,2,-61
1755870310.5309446,6,0,-66
1755870310.5689447,-3,-2,-65
1755870310.6049447,-6,-1,-61
1755870310.6439445,0,0,-60
1755870310.6809447,1,1,-83
1755870310.7189443,-5,0,-79
1755870310.7549446,0,2,-66
1755870310.7919445,0,2,-72
1755870310.8309443,7,-5,-71
1755870310.8689446,7,0,-68
1755870310.904945,1,-7,-70
1755870310.9429443,3,-1,-68
1755870310.9809446,6,3,-74
1755870311.0189445,4,-1,-60
1755870311.0549445,-1,-6,-67
1755870311.0929446,3,1,-73
1755870311.1309447,7,7,-72
1755870311.1689446,-2,-2,-73
1755870311.2049446,-5,-6,-73
1755870311.2429447,5,-1,-83
1755870311.2809446,9,-4,-81
1755870311.3199446,1,-3,-65
1755870311.3559446,5,2,-73
1755870311.3929446,4,-2,-73
1755870311.4309447,7,-1,-65
1755870311.4699447,10,3,-73
1755870311.5059447,4,4,-73
1755870311.542945,2,-1,-71
1755870311.5819447,8,-10,-67
1755870311.6199446,6,1,-78
1755870311.6559446,4,1,-69
1755870311.7019446,6,-9,-82
1755870311.7399447,0,0,-77
1755870311.7759447,-1,-3,-65
1755870311.8149445,0,1,-75
1755870311.8519447,-3,-1,-79
1755870311.8909447,-6,-1,-63
1755870311.9269447,-3,3,-63
1755870311.9649446,2,-1,-76
1755870312.0039446,4,2,-77
1755870312.0409446,-2,4,-71
1755870312.0799446,5,0,-62
1755870312.1159446,0,2,-63
1755870312.1529446,0,1,-66
1755870312.1919446,-2,-5,-75
1755870312.2299447,0,0,-79
1755870312.2659447,-4,4,-92
1755870312.3039446,-4,0,-77
1755870312.3419447,-4,1,-72
1755870312.3799446,1,0,-77
1755870312.4159446,6,-3,-72
1755870312.4539447,6,-3,-76
1755870312.4919446,7,-3,-69
1755870312.529945,2,1,-69
1755870312.565945,1,-3,-72
1755870312.6039443,-3,2,-73
1755870312.6419446,0,-3,-75
1755870312.6799445,3,1,-70
1755870312.7159443,1,0,-77
1755870312.7539446,0,1,-75
1755870312.7919445,2,-1,-77
1755870312.8299446,-2,0,-81
1755870312.8659446,-1,1,-76
1755870312.9039447,1,0,-77
1755870312.9419446,2,0,-74
1755870312.9799447,0,-4,-76
1755870313.0159447,-3,-3,-73
1755870313.0539446,-1,-1,-72
1755870313.0919447,0,0,-80
1755870313.1309447,-1,-4,-80
1755870313.1669445,4,-5,-76
1755870313.2049446,-1,12,-82
1755870313.2429447,-7,3,-70
1755870313.2819445,-1,-3,-81
1755870313.3179443,0,-3,-69
1755870313.3559446,3,-1,-77
1755870313.3939445,-5,0,-67
1755870313.4319446,-4,4,-79
1755870313.4709446,-9,2,-70
1755870313.506945,-4,8,-59
1755870313.5449443,4,0,-66
1755870313.5819447,-2,0,-60
1755870313.6209445,-1,4,-66
1755870313.6569445,-2,-2,-75
1755870313.6949446,2,-4,-82
1755870313.7329447,3,-3,-75
1755870313.7719443,7,0,-80
1755870313.8079443,7,-4,-75
1755870313.8459446,5,-2,-64
1755870313.8839445,3,4,-80
1755870313.9219446,11,1,-68
1755870313.9579446,2,3,-64
1755870313.9949446,4,-1,-72
1755870314.032945,4,-1,-84
1755870314.0719447,-2,5,-70
1755870314.1079447,-3,4,-70
1755870314.1459446,6,0,-73
1755870314.1829443,0,-4,-77
1755870314.2219446,-7,-4,-72
1755870314.2579446,-4,2,-74
1755870314.2949443,0,3,-76
1755870314.3329446,-2,2,-79
1755870314.3709445,0,6,-67
1755870314.4069445,-1,9,-65
1755870314.4439447,0,5,-77
1755870314.4819446,3,-4,-68
1755870314.5179446,0,-8,-80
1755870314.5549445,0,-3,-69
1755870314.5929446,2,-4,-75
1755870314.631945,3,-5,-67
1755870314.667945,4,0,-68
1755870314.7049446,5,-1,-76
1755870314.7429447,1,0,-77
1755870314.7819445,1,-2,-64
1755870314.8179443,3,0,-73
1755870314.8549447,3,-8,-74
1755870314.8929446,-4,1,-67
1755870314.9319446,3,0,-81
1755870314.9679446,0,-6,-79
1755870315.0049446,1,-7,-67
1755870315.042945,-1,-2,-71
1755870315.0819447,0,-3,-79
1755870315.1179447,8,-3,-76
1755870315.154945,3,2,-78
1755870315.1929443,5,-5,-72
1755870315.2319446,6,1,-62
1755870315.2679446,3,6,-61
1755870315.3049445,1,4,-68
1755870315.3429446,-1,0,-68
1755870315.3789446,3,3,-70
1755870315.4159446,0,-2,-80
1755870315.4549446,-9,1,-68
1755870315.4929447,-5,-1,-88
1755870315.5289447,-5,-2,-73
1755870315.5669446,-7,0,-77
1755870315.6049447,-4,3,-89
1755870315.6429446,-1,-2,-69
1755870315.6819446,6,-8,-68
1755870315.7179446,-2,-13,-66
1755870315.7559447,-5,-4,-75
1755870315.7949443,-2,-4,-75
1755870315.8329446,-3,-3,-80
1755870315.8689446,0,-4,-77
1755870315.9069445,2,-5,-71
1755870315.9459443,5,-4,-70
1755870315.983945,2,-5,-69
1755870316.0219443,2,0,-73
1755870316.0579443,7,-5,-72
1755870316.0949447,9,-6,-81
1755870316.1339445,-1,4,-81
1755870316.1719446,-2,7,-69
1755870316.2079446,-6,10,-71
1755870316.2449446,1,1,-68
1755870316.282945,-1,-6,-66
1755870316.3189447,4,-7,-72
1755870316.3569446,-1,-5,-75
1755870316.394945,-3,-4,-74
1755870316.4339447,4,-5,-90
1755870316.4719446,-6,-5,-79
1755870316.5079446,-4,-4,-78
1755870316.5459447,1,-1,-70
1755870316.5839446,-5,-5,-57
1755870316.6229446,-8,-2,-69
1755870316.6589446,0,0,-66
1755870316.6959443,1,1,-67
1755870316.733945,-3,3,-70
1755870316.7719443,2,5,-69
1755870316.8079443,2,0,-61
1755870316.8449447,2,0,-76
1755870316.8839445,2,-4,-71
1755870316.9199443,9,-1,-76
1755870316.9589446,8,-1,-72
1755870316.996945,1,-3,-73
1755870317.0339446,-4,0,-76
1755870317.0729446,-1,0,-77
1755870317.108945,2,0,-73
1755870317.1469443,-3,-4,-67
1755870317.1839447,0,0,-63
1755870317.2199447,-1,0,-65
1755870317.2589445,-2,2,-61
1755870317.2969446,-3,-2,-75
1755870317.3339446,-9,-4,-68
1755870317.3729446,-8,0,-65
1755870317.4089446,-4,0,-64
1755870317.4469447,-3,5,-69
1755870317.4849446,2,2,-73
1755870317.5229447,-5,0,-79
1755870317.5589447,-7,-6,-78
1755870317.5969446,0,-2,-87
1755870317.634945,0,0,-74
1755870317.6729443,0,-6,-76
1755870317.7089446,-5,-3,-73
1755870317.746945,-1,-3,-79
1755870317.7849443,-2,-6,-72
1755870317.8239446,1,-8,-84
1755870317.8599446,0,-2,-78
1755870317.8969443,5,-2,-68
1755870317.9349446,-1,-3,-67
1755870317.973945,-3,-2,-72
1755870318.009945,-7,-3,-81
1755870318.0479443,-4,-9,-86
1755870318.085945,5,-7,-72
1755870318.1249447,2,-5,-66
1755870318.1629446,3,-5,-80
1755870318.1989446,11,0,-70
1755870318.2359445,9,1,-70
1755870318.2739446,9,0,-75
1755870318.3099446,-2,3,-74
1755870318.3469446,-2,-1,-69
1755870318.384945,-3,-1,-71
1755870318.4239447,0,0,-78
1755870318.4599447,-4,2,-74
1755870318.496945,-2,5,-72
1755870318.5349443,-7,-4,-78
1755870318.5739446,1,0,-75
1755870318.6099446,6,-2,-70
1755870318.6479447,0,1,-60
1755870318.6849446,-3,2,-74
1755870318.723945,-6,3,-82
1755870318.759945,2,-3,-82
1755870318.7969446,-1,-3,-60
1755870318.8349447,2,0,-63
1755870318.8709445,0,-2,-65
1755870318.907945,0,4,-73
1755870318.9449446,-3,0,-86
1755870318.983945,5,0,-80
1755870319.019945,5,-3,-75
1755870319.0579443,0,0,-84
1755870319.0949447,0,0,-78
1755870319.1339445,8,-3,-67
1755870319.1699443,8,0,-80
1755870319.2079446,1,-1,-65
1755870319.2459445,-4,-1,-72
1755870319.2849443,-5,-2,-66
1755870319.3209443,-7,-4,-67
1755870319.358945,-8,0,-81
1755870319.3969443,5,1,-70
1755870319.4349446,3,-5,-57
1755870319.4709446,0,-4,-61
1755870319.5079446,1,2,-76
1755870319.5459447,-1,4,-71
1755870319.5839446,0,2,-73
1755870319.6199446,-1,4,-75
1755870319.657945,0,-2,-57
1755870319.6959443,2,0,-63
1755870319.7349446,2,0,-67
1755870319.7709446,0,-3,-67
1755870319.8079443,10,-2,-75
1755870319.8459446,0,-1,-80
1755870319.884945,0,4,-75
1755870319.9209447,6,-1,-78
1755870319.9579446,0,-1,-70
1755870319.9959445,0,1,-72
1755870320.0339446,-2,-6,-88
1755870320.0699446,-1,-3,-79
1755870320.1079447,0,2,-80
1755870320.1459446,0,1,-90
1755870320.1839447,-12,-1,-75
1755870320.2199447,-6,-1,-75
1755870320.2579446,1,-3,-74
1755870320.2959447,-1,-2,-71
1755870320.3349447,4,-1,-69
1755870320.3709445,0,2,-77
1755870320.4099443,0,1,-78
1755870320.4479446,-1,-4,-70
1755870320.4859445,-3,-4,-71
1755870320.5229447,-3,-11,-75
1755870320.5599446,0,-6,-76
1755870320.5979445,-5,0,-75
1755870320.6359446,2,-2,-81
1755870320.6749446,-1,-4,-76
1755870320.710945,0,-3,-75
1755870320.7479446,3,-2,-67
1755870320.7859447,4,4,-73
1755870320.8219447,7,-2,-73
1755870320.8599446,-1,-6,-76
1755870320.8979447,-6,0,-73
1755870320.9359446,-1,0,-75
1755870320.9749446,0,-5,-78
1755870321.0109446,1,-1,-73
1755870321.0479443,0,-1,-74
1755870321.085945,0,-2,-71
1755870321.1249447,2,-5,-85
1755870321.1609447,7,-9,-78
1755870321.1979446,7,-7,-78
1755870321.236945,-7,-2,-72
1755870321.2749443,-1,0,-68
1755870321.3109446,1,-1,-75
1755870321.3479445,-3,-5,-68
1755870321.3869443,8,-4,-63
1755870321.4249446,2,0,-62
1755870321.460945,0,-3,-76
1755870321.4979446,-6,-3,-81
1755870321.5369446,-1,-1,-69
1755870321.5749447,0,1,-67
1755870321.6109445,-5,-6,-71
1755870321.6489446,-8,-4,-70
1755870321.6869447,-2,2,-70
1755870321.7309446,2,0,-75
1755870321.769945,-2,1,-71
1755870321.8069446,-1,7,-69
1755870321.8459446,-1,-3,-73
1755870321.881945,4,0,-68
1755870321.9189446,-2,2,-64
1755870321.9569447,-1,0,-67
1755870321.9959445,0,0,-72
1755870322.0319445,-1,0,-74
1755870322.0689447,3,-1,-72
1755870322.1069446,0,-8,-69
1755870322.1459446,-2,-3,-70
1755870322.1819446,0,0,-74
1755870322.2189443,0,0,-68
1755870322.256945,6,0,-78
1755870322.292945,0,-2,-74
1755870322.3309443,0,3,-67
1755870322.3679447,4,3,-80
1755870322.4059446,-1,6,-79
1755870322.4419446,1,3,-74
1755870322.4799447,-4,6,-68
1755870322.5179446,-3,-5,-61
1755870322.5569446,2,-3,-76
1755870322.5929446,-2,-4,-65
1755870322.6309447,0,-5,-78
1755870322.6689446,4,-3,-59
1755870322.7069447,4,-1,-62
1755870322.7459445,0,-3,-72
1755870322.7819445,8,-3,-67
1755870322.8199446,0,-5,-77
1755870322.8579447,-5,-1,-62
1755870322.8969443,1,2,-63
1755870322.9329443,-1,1,-67
1755870322.9709446,-5,0,-80
1755870323.0089445,1,-2,-72
1755870323.0479443,0,-2,-75
1755870323.085945,5,3,-83
1755870323.121945,4,-1,-73
1755870323.1589446,7,-1,-67
1755870323.1979446,4,-2,-71
1755870323.2359445,0,-1,-90
1755870323.2719443,0,7,-72
1755870323.3089447,-1,-2,-80
1755870323.3479445,-1,3,-84
1755870323.3859446,4,3,-72
1755870323.4219446,4,0,-71
1755870323.4589446,-4,0,-64
1755870323.4979446,1,1,-70
1755870323.5359447,9,-2,-69
1755870323.5719447,5,-6,-68
1755870323.6109445,-3,-10,-68
1755870323.6479447,-3,-11,-64
1755870323.6869447,2,-2,-56
1755870323.7229445,0,-5,-66
1755870323.7609446,-3,4,-66
1755870323.7989447,0,-1,-77
1755870323.8379445,0,-3,-76
1755870323.8759446,4,-8,-79
1755870323.9119446,3,-3,-74
1755870323.9489446,2,0,-82
1755870323.9879446,0,2,-71
1755870324.0239446,2,-1,-76
1755870324.0609446,6,-1,-72
1755870324.098945,6,-2,-78
1755870324.1379447,7,-4,-81
1755870324.1739447,8,-1,-75
1755870324.210945,-1,0,-63
1755870324.2489443,0,0,-78
1755870324.2869446,-1,-1,-79
1755870324.3229446,0,-7,-83
1755870324.3609445,0,3,-84
1755870324.3989446,0,-10,-77
1755870324.437945,3,-5,-67
1755870324.473945,-2,0,-78
1755870324.5109446,0,0,-72
1755870324.5489447,1,2,-79
1755870324.5869446,4,1,-71
1755870324.6239443,0,-6,-72
1755870324.6609447,-1,-8,-75
1755870324.6989446,0,-5,-81
1755870324.7379446,0,-1,-72
1755870324.7739446,4,-1,-83
1755870324.8119447,3,4,-78
1755870324.848945,1,-1,-65
1755870324.8879447,2,2,-76
1755870324.9239447,1,-8,-71
1755870324.9619446,-3,-1,-80
1755870324.9999447,0,0,-79
1755870325.0389447,3,0,-80
1755870325.0769446,4,4,-67
1755870325.1129446,3,-5,-70
1755870325.1509447,-1,-2,-78
1755870325.1889446,-4,2,-78
1755870325.2279446,-3,4,-75
1755870325.2639446,7,0,-70
1755870325.3009446,1,-3,-74
1755870325.338945,-7,-6,-80
1755870325.3779447,0,-1,-64
1755870325.4139447,2,-4,-67
1755870325.450945,1,7,-74
1755870325.4889443,-4,1,-79
1755870325.5279446,0,7,-74
1755870325.5639446,-9,1,-67
1755870325.6019447,-9,0,-66
1755870325.6389446,-5,-4,-72
1755870325.677945,0,-7,-75
1755870325.713945,-1,-2,-70
1755870325.7519443,4,-3,-75
1755870325.7899446,4,0,-62
1755870325.8289447,-5,4,-62
1755870325.8649447,-8,-4,-78
1755870325.9029446,-6,1,-69
1755870325.940945,0,-4,-69
1755870325.9789443,-3,0,-66
1755870326.0179446,0,-4,-68
1755870326.0539446,0,-2,-68
1755870326.0909443,5,0,-77
1755870326.1289446,6,2,-69
1755870326.1659446,3,-2,-61
1755870326.2029445,3,-7,-67
1755870326.2409446,0,1,-79
1755870326.2789447,10,1,-85
1755870326.3149445,0,-2,-82
1755870326.3529446,-2,-9,-78
1755870326.3909447,-3,-7,-64
1755870326.4289446,-6,-5,-67
1755870326.4679446,-4,-6,-74
1755870326.5039446,0,-1,-75
1755870326.5419445,-2,1,-68
1755870326.5799446,3,3,-77
1755870326.6189446,-2,4,-76
1755870326.654945,-5,4,-81
1755870326.6929443,-3,0,-69
1755870326.7309446,-1,-2,-66
1755870326.769945,8,1,-67
1755870326.8079443,7,-1,-67
1755870326.8439443,-5,-7,-61
1755870326.881945,-3,-4,-75
1755870326.9199443,1,-6,-76
1755870326.9589446,5,3,-80
1755870326.9949446,0,3,-71
1755870327.0319445,0,4,-64
1755870327.0699446,5,4,-73
1755870327.108945,3,1,-70
1755870327.144945,0,3,-74
1755870327.1819446,2,3,-78
1755870327.2199447,2,0,-73
1755870327.2579446,0,-1,-78
1755870327.2939446,0,0,-80
1755870327.3309443,-4,-1,-72
1755870327.3699446,-3,0,-73
1755870327.407945,0,-3,-75
1755870327.4439447,-4,-3,-78
1755870327.4819446,1,1,-79
1755870327.519945,1,1,-79
1755870327.5579443,-1,3,-78
1755870327.5939443,4,1,-79
1755870327.6309447,1,1,-77
1755870327.6689446,1,0,-77
1755870327.7049446,9,-3,-70
1755870327.7419446,1,-1,-72
1755870327.779945,-3,-2,-78
1755870327.8189447,4,-5,-81
1755870327.8549447,3,-4,-82
1755870327.8919446,5,-1,-78
1755870327.9299445,5,1,-81
1755870327.9689443,0,3,-65
1755870328.0049446,-11,-1,-66
1755870328.042945,0,1,-71
1755870328.0799446,1,2,-74
1755870328.1189446,-4,-4,-66
1755870328.154945,-1,-6,-73
1755870328.1929443,7,0,-68
1755870328.2299447,0,-1,-59
1755870328.2689445,-12,-3,-71
1755870328.3049445,-10,-3,-76
1755870328.3429446,-7,0,-80
1755870328.3809447,2,-6,-73
1755870328.4199443,2,1,-71
1755870328.4559443,2,-1,-72
1755870328.4949446,3,2,-78
1755870328.532945,2,-1,-79
1755870328.5709443,7,0,-75
1755870328.608945,-5,0,-67
1755870328.644945,4,0,-72
1755870328.6829443,-1,-6,-86
1755870328.7209446,7,-2,-79
1755870328.7589445,0,0,-75
1755870328.7949443,-2,-5,-68
1755870328.8329446,0,0,-67
1755870328.8709445,6,3,-66
1755870328.9089446,1,0,-70
1755870328.9449446,-1,0,-65
1755870328.9819446,-2,0,-65
1755870329.0209446,3,1,-72
1755870329.0589447,-2,-2,-87
1755870329.0949447,1,-5,-90
1755870329.1329446,-4,0,-72
1755870329.1709447,-3,-1,-67
1755870329.2089446,-1,-2,-72
1755870329.2449446,2,2,-80
1755870329.2819445,0,1,-81
1755870329.3209443,-6,-2,-67
1755870329.358945,0,-2,-76
1755870329.394945,8,0,-71
1755870329.4329443,-4,0,-69
1755870329.4709446,3,1,-61
1755870329.506945,1,-4,-68
1755870329.5439446,6,-2,-73
1755870329.5829446,0,0,-79
1755870329.6209445,-5,-2,-67
1755870329.6569445,-1,0,-68
1755870329.6939447,-4,0,-66
1755870329.7329447,-7,4,-79
1755870329.7709446,-4,0,-70
1755870329.8069446,3,-1,-71
1755870329.8439443,2,5,-69
1755870329.8809447,-2,11,-66
1755870329.9199443,3,3,-79
1755870329.9559443,1,2,-67
1755870329.9939446,6,0,-73
1755870330.0319445,-3,4,-73
1755870330.0709443,-4,2,-79
1755870330.1069446,3,-6,-83
1755870330.1459446,8,-3,-77
1755870330.1829443,13,4,-68
1755870330.2209446,-1,3,-70
1755870330.256945,-1,-1,-74
1755870330.2959447,-1,1,-70
1755870330.3329446,6,0,-72
1755870330.3709445,2,1,-69
1755870330.4069445,0,2,-80
1755870330.4439447,-1,3,-68
1755870330.4819446,1,-1,-63
1755870330.5209446,3,0,-69
1755870330.5569446,9,1,-86
1755870330.5939443,-5,-8,-79
1755870330.631945,0,-3,-84
1755870330.6709447,-4,-1,-70
1755870330.7069447,-3,-2,-69
1755870330.7459445,0,-2,-75
1755870330.782945,1,11,-78
1755870330.8219447,-8,3,-66
1755870330.8599446,0,3,-68
1755870330.8959446,1,0,-82
1755870330.9329443,-8,-1,-86
1755870330.9719446,-8,-4,-76
1755870331.009945,-8,0,-80
1755870331.0459447,-12,-3,-85
1755870331.0839446,-10,2,-65
1755870331.121945,-1,-5,-75
1755870331.1609447,-4,-4,-83
1755870331.1969447,-7,0,-78
1755870331.233945,0,0,-78
1755870331.2719443,0,7,-76
1755870331.3079443,-1,-1,-79
1755870331.3459446,8,1,-70
1755870331.3829446,1,-6,-77
1755870331.4219446,0,-1,-76
1755870331.4579446,2,-2,-76
1755870331.4959445,-6,-5,-69
1755870331.5349443,-4,-2,-71
1755870331.5719447,5,-3,-70
1755870331.6109445,2,-3,-80
1755870331.6469443,0,0,-80
1755870331.6839447,0,0,-79
1755870331.7219446,0,1,-77
1755870331.7669446,0,-4,-77
1755870331.8039446,-8,2,-77
1755870331.8419447,-9,0,-68
1755870331.8809447,-5,-2,-77
1755870331.9169445,0,1,-77
1755870331.9539447,8,0,-70
1755870331.9919446,0,8,-65
1755870332.0279446,2,-1,-72
1755870332.0669446,0,1,-66
1755870332.1039443,5,0,-67
1755870332.1419446,5,3,-73
1755870332.177945,3,-6,-68
1755870332.2149446,3,-1,-80
1755870332.2539446,5,3,-84
1755870332.2919445,2,6,-84
1755870332.3279445,4,0,-87
1755870332.3659446,2,6,-68
1755870332.4039447,-1,4,-81
1755870332.4429443,2,0,-72
1755870332.4809446,4,0,-77
1755870332.5169446,2,1,-72
1755870332.5539446,-2,0,-73
1755870332.5929446,4,-4,-76
1755870332.6309447,-4,0,-72
1755870332.6669445,2,1,-68
1755870332.7039447,-3,9,-77
1755870332.7429447,-1,2,-85
1755870332.7809446,-8,0,-70
1755870332.8169446,-1,-3,-60
1755870332.8549447,1,-3,-57
1755870332.8929446,0,-1,-69
1755870332.9319446,2,5,-72
1755870332.9679446,-4,-2,-84
1755870333.0059447,3,-6,-79
1755870333.0439446,6,-2,-74
1755870333.0829446,2,5,-60
1755870333.1189446,6,1,-69
1755870333.1559446,1,-5,-65
1755870333.1939447,0,-1,-75
1755870333.2329447,-2,-2,-80
1755870333.2689445,-5,-2,-82
1755870333.3069446,-1,1,-73
1755870333.3449447,-10,0,-74
1755870333.3839445,2,9,-75
1755870333.4219446,6,6,-65
1755870333.4579446,4,0,-78
1755870333.4949446,-1,-4,-76
1755870333.5339446,-8,-3,-65
1755870333.5719447,-2,4,-80
1755870333.6079447,-4,7,-66
1755870333.644945,-4,4,-72
1755870333.6839447,5,-2,-64
1755870333.7219446,-1,-2,-75
1755870333.7579446,-1,4,-74
1755870333.7949443,4,1,-75
1755870333.8329446,-6,3,-67
1755870333.8689446,0,4,-71
1755870333.9069445,0,-5,-73
1755870333.9449446,-1,-4,-77
1755870333.983945,4,-2,-70
1755870334.0219443,0,2,-70
1755870334.0579443,4,3,-77
1755870334.0949447,-1,-2,-79
1755870334.1339445,6,-2,-85
1755870334.1719446,2,3,-77
1755870334.2079446,0,1,-86
1755870334.2449446,2,7,-66
1755870334.282945,3,-2,-61
1755870334.3199446,-2,-2,-72
1755870334.3569446,0,-5,-77
1755870334.394945,-5,-3,-78
1755870334.4339447,0,2,-62
1755870334.4719446,-4,3,-62
1755870334.5079446,0,0,-66
1755870334.5449443,5,0,-73
1755870334.5829446,9,0,-75
1755870334.6189446,8,0,-79
1755870334.6559446,-6,-4,-68
1755870334.6939447,6,-1,-69
1755870334.7329447,3,6,-71
1755870334.7689445,5,3,-70
1755870334.8059447,9,0,-70
1755870334.8439443,1,-9,-77
1755870334.8829446,0,-6,-65
1755870334.9189446,-5,-1,-58
1755870334.9569447,-2,-4,-71
1755870334.9949446,6,3,-79
1755870335.0339446,-2,0,-76
1755870335.0699446,1,0,-80
1755870335.1069446,0,-1,-85
1755870335.144945,3,-1,-73
1755870335.1839447,3,-1,-81
1755870335.2199447,5,0,-81
1755870335.256945,0,5,-83
1755870335.2949443,-4,4,-84
1755870335.3339446,8,-1,-77
1755870335.3699446,3,0,-80
1755870335.4069445,2,0,-76
1755870335.4439447,2,0,-70
1755870335.4799447,4,-3,-64
1755870335.5179446,5,5,-76
1755870335.5549445,2,3,-79
1755870335.5929446,-3,0,-75
1755870335.6289446,0,0,-69
1755870335.6659446,-4,1,-76
1755870335.7049446,-1,-7,-71
1755870335.7429447,-1,3,-66
1755870335.7789447,3,4,-73
1755870335.815945,-3,-1,-73
1755870335.8549447,5,-1,-74
1755870335.8929446,7,0,-71
1755870335.9289446,-1,-4,-74
1755870335.9679446,0,3,-70
1755870336.0049446,-2,-2,-80
1755870336.0439446,1,2,-89
1755870336.0799446,-1,-3,-82
1755870336.1179447,6,-2,-79
1755870336.1559446,-2,2,-66
1755870336.1949446,-9,0,-67
1755870336.2329447,-9,-3,-81
1755870336.2689445,-3,-4,-75
1755870336.3069446,2,-1,-67
1755870336.3449447,5,-2,-68
1755870336.3839445,0,-7,-72
1755870336.4199443,3,-5,-79
1755870336.4569447,0,-1,-79
1755870336.4949446,-6,-1,-77
1755870336.5339446,-4,-3,-82
1755870336.5699446,-9,-6,-78
1755870336.6079447,-6,-3,-79
1755870336.6459446,0,2,-81
1755870336.6849446,-1,-3,-64
1755870336.7209446,0,-2,-73
1755870336.7579446,2,1,-76
1755870336.7959447,1,5,-67
1755870336.8349447,7,2,-71
1755870336.8709445,3,-2,-69
1755870336.907945,7,-4,-69
1755870336.9459443,3,2,-73
1755870336.983945,-4,-3,-73
1755870337.019945,-2,-3,-79
1755870337.0589447,-2,-5,-74
1755870337.0959446,5,-3,-69
1755870337.134945,3,-5,-75
1755870337.1709447,0,0,-73
1755870337.2089446,6,2,-69
1755870337.2459445,0,-3,-83
1755870337.2849443,-2,-1,-75
1755870337.3209443,-2,0,-76
1755870337.358945,-7,-3,-77
1755870337.3959446,5,4,-66
1755870337.4339447,7,-3,-67
1755870337.4699447,0,1,-61
1755870337.5089445,-2,0,-77
1755870337.5459447,0,0,-68
1755870337.5839446,-2,0,-70
1755870337.6199446,0,-3,-64
1755870337.657945,-7,3,-65
1755870337.6959443,-2,-2,-80
1755870337.7349446,1,-5,-69
1755870337.7709446,-5,3,-70
1755870337.8079443,-5,5,-61
1755870337.8459446,0,0,-62
1755870337.8839445,5,0,-72
1755870337.9199443,7,-6,-70
1755870337.9579446,8,2,-57
1755870337.9959445,-1,-7,-58
1755870338.0349443,-7,-5,-71
1755870338.0709443,1,0,-67
1755870338.1079447,0,5,-72
1755870338.1459446,-5,8,-77
1755870338.1849446,-5,7,-83
1755870338.2209446,-5,6,-84
1755870338.2579446,8,1,-70
1755870338.2959447,6,7,-78
1755870338.3349447,10,2,-77
1755870338.3709445,4,-8,-67
1755870338.407945,2,-1,-75
1755870338.4459443,0,3,-76
1755870338.4819446,5,-3,-74
1755870338.519945,9,3,-71
1755870338.5569446,0,-7,-66
1755870338.5959446,-2,-4,-72
1755870338.631945,0,-9,-65
1755870338.6689446,1,-2,-63
1755870338.7069447,1,5,-71
1755870338.7449446,-2,0,-72
1755870338.7809446,3,-5,-70
1755870338.8179443,5,-8,-80
1755870338.8559446,-3,-3,-83
1755870338.894945,0,0,-73
1755870338.9309447,2,-7,-83
1755870338.9679446,2,1,-82
1755870339.0059447,-5,-1,-73
1755870339.0449443,-5,1,-73
1755870339.0809443,0,-5,-66
1755870339.1179447,4,-1,-61
1755870339.1569445,-1,5,-67
1755870339.1949446,0,6,-74
1755870339.2309446,5,1,-73
1755870339.2679446,0,3,-89
1755870339.3069446,3,0,-81
1755870339.3449447,0,9,-80
1755870339.3809447,2,6,-73
1755870339.417945,-3,3,-76
1755870339.4569447,-3,0,-72
1755870339.4949446,2,0,-76
1755870339.5309446,0,4,-79
1755870339.5679443,4,7,-66
1755870339.6059446,-2,2,-81
1755870339.6419446,1,2,-82
1755870339.6789446,-3,7,-87
1755870339.7169447,1,2,-66
1755870339.7549446,0,1,-72
1755870339.7909446,-8,-5,-82
1755870339.8309443,4,0,-83
1755870339.8679447,-2,-4,-89
1755870339.9069445,-5,0,-73
1755870339.9449446,-1,-3,-71
1755870339.9809446,2,1,-72
1755870340.0179446,-3,4,-72
1755870340.0569446,-5,0,-63
1755870340.0949447,-2,5,-72
1755870340.1309447,0,8,-62
1755870340.1689446,-3,-4,-64
1755870340.2069447,2,-2,-69
1755870340.2429447,0,-5,-64
1755870340.2809446,0,4,-77
1755870340.3189447,-5,-2,-82
1755870340.3569446,0,-5,-80
1755870340.3959446,-2,-7,-71
1755870340.4319446,-2,-3,-70
1755870340.4699447,-2,-1,-81
1755870340.5079446,0,2,-74
1755870340.5469446,0,5,-73
1755870340.5829446,-2,4,-82
1755870340.6209445,6,3,-69
1755870340.6589446,-2,0,-62
1755870340.6969447,2,-3,-60
1755870340.7359445,-3,1,-67
1755870340.7719443,-3,4,-74
1755870340.8089447,3,-3,-71
1755870340.8479445,-4,0,-65
1755870340.8829446,1,-1,-75
1755870340.9209447,1,0,-65
1755870340.9589446,0,6,-66
1755870340.9979446,9,3,-69
1755870341.0359447,0,0,-71
1755870341.0719447,3,-1,-77
1755870341.108945,0,0,-77
1755870341.1469443,0,3,-76
1755870341.1829443,5,4,-81
1755870341.2219446,2,-5,-86
1755870341.2589445,1,4,-81
1755870341.2979443,4,4,-80
1755870341.335945,-5,0,-76
1755870341.371945,2,0,-72
1755870341.4089446,-2,-1,-75
1755870341.4479446,0,-3,-72
1755870341.4859445,5,0,-73
1755870341.5219443,7,0,-73
1755870341.5589447,1,-1,-70
1755870341.5979445,0,3,-68
1755870341.6359446,0,0,-71
1755870341.6719446,0,2,-81
1755870341.7089446,-4,0,-60
1755870341.7479446,4,-3,-70
1755870341.7909446,0,3,-69
1755870341.8289447,1,-7,-73
1755870341.8679447,0,-4,-75
1755870341.9059446,5,-5,-78
1755870341.9419446,6,0,-68
1755870341.9799447,0,1,-61
1755870342.0189445,-1,-6,-75
1755870342.0569446,0,0,-84
1755870342.0929446,1,-7,-80
1755870342.1299446,-6,-5,-75
1755870342.167945,-3,1,-60
1755870342.2069447,-8,1,-72
1755870342.2429447,-8,4,-75
1755870342.279945,-1,4,-77
1755870342.3179443,3,6,-74
1755870342.3569446,1,1,-75
1755870342.3929446,1,2,-76
1755870342.4299445,-2,4,-79
1755870342.4689443,-6,10,-82
1755870342.506945,0,10,-75
1755870342.542945,1,10,-74
1755870342.5799446,5,2,-81
1755870342.6179447,0,-1,-72
1755870342.6539447,0,-1,-67
1755870342.6929443,-2,7,-68
1755870342.7299447,-3,7,-68
1755870342.7689445,0,-4,-62
1755870342.8069446,1,-8,-67
1755870342.8429446,-1,-2,-68
1755870342.8809447,-5,9,-70
1755870342.9189446,-1,7,-60
1755870342.9579446,3,-5,-72
1755870342.9939446,0,-3,-74
1755870343.0319445,-1,-6,-73
1755870343.0699446,-5,-3,-77
1755870343.108945,-4,6,-73
1755870343.1469443,0,-6,-74
1755870343.1829443,0,-3,-77
1755870343.2209446,-1,-5,-82
1755870343.2589445,-2,1,-74
1755870343.2979443,-2,1,-68
1755870343.3339446,1,-1,-78
1755870343.3709445,9,-1,-67
1755870343.4089446,0,0,-72
1755870343.4479446,1,2,-73
1755870343.483945,-4,12,-68
1755870343.5209446,-1,0,-66
1755870343.5589447,0,-4,-73
1755870343.5979445,-3,1,-68
1755870343.6339445,4,2,-57
1755870343.6709447,0,-1,-67
1755870343.7089446,0,0,-80
1755870343.7479446,-6,0,-79
1755870343.7839446,-1,-2,-70
1755870343.8229446,-2,-3,-73
1755870343.8599446,-7,-1,-73
1755870343.8989446,1,0,-76
1755870343.9349446,1,-2,-79
1755870343.9729445,-6,4,-72
1755870344.0109446,0,0,-76
1755870344.0489447,-4,2,-70
1755870344.0849447,-6,5,-69
1755870344.1229446,-3,-1,-76
1755870344.1609447,1,-5,-77
1755870344.1989446,-4,-2,-81
1755870344.2379446,-4,-2,-73
1755870344.2739446,-2,1,-82
1755870344.3109446,-1,-5,-86
1755870344.348945,7,0,-77
1755870344.384945,4,3,-73
1755870344.4229443,6,10,-72
1755870344.460945,2,8,-71
1755870344.4989443,1,11,-67
1755870344.5349443,3,9,-84
1755870344.5729446,0,0,-79
1755870344.6099446,3,-2,-72
1755870344.6489446,1,-3,-83
1755870344.6849446,-4,1,-69
1755870344.7229445,-1,-2,-67
1755870344.7609446,-6,-1,-81
1755870344.7999446,-8,0,-80
1755870344.8379445,-5,3,-67
1755870344.8739443,0,-1,-65
1755870344.9109447,-1,-6,-80
1755870344.9499447,-5,-5,-79
1755870344.9879446,-6,1,-58
1755870345.0239446,0,2,-70
1755870345.0609446,-3,6,-73
1755870345.0999446,-5,2,-72
1755870345.1379447,-5,-2,-66
1755870345.1739447,-2,2,-67
1755870345.210945,1,1,-58
1755870345.2499447,0,2,-70
1755870345.2879446,-4,3,-75
1755870345.3239446,2,1,-59
1755870345.361945,0,0,-74
1755870345.3999443,-1,0,-79
1755870345.437945,-11,2,-81
1755870345.473945,-3,1,-76
1755870345.5109446,-5,3,-70
1755870345.5499446,-1,5,-70
1755870345.585945,-3,3,-72
1755870345.6229446,-4,5,-73
1755870345.6619446,-3,4,-62
1755870345.6999447,0,8,-59
1755870345.7359445,-3,3,-63
1755870345.7729447,-1,2,-62
1755870345.8119447,1,0,-77
1755870345.8499446,-1,2,-68
1755870345.8859446,1,0,-70
1755870345.9229443,-3,0,-59
1755870345.9619446,7,0,-60
1755870345.9999447,-1,0,-64
1755870346.0359447,-1,4,-57
1755870346.0739446,0,8,-70
1755870346.111945,-1,2,-62
1755870346.1499443,0,-6,-66
1755870346.1859446,0,-3,-66
1755870346.2229445,0,-5,-83
1755870346.2619443,-2,-3,-82
1755870346.2999446,4,-2,-69
1755870346.335945,2,3,-80
1755870346.3729446,3,8,-79
1755870346.4109447,2,0,-73
1755870346.4489446,0,-2,-76
1755870346.4849446,10,0,-84
1755870346.5219443,5,0,-80
1755870346.5609446,-1,-5,-74
1755870346.598945,-2,3,-72
1755870346.634945,0,4,-70
1755870346.6729443,2,0,-93
1755870346.710945,0,0,-84
1755870346.7489443,-2,-1,-75
1755870346.7849443,3,-2,-73
1755870346.8229446,1,-4,-80
1755870346.8609445,0,-5,-66
1755870346.8989446,3,0,-72
1755870346.9349446,0,9,-68
1755870346.9719446,4,3,-70
1755870347.0109446,-5,-2,-69
1755870347.0489447,-1,-1,-65
1755870347.0849447,-3,-6,-74
1755870347.1229446,0,-3,-75
1755870347.1609447,1,-1,-80
1755870347.1999447,4,0,-71
1755870347.236945,0,0,-70
1755870347.2739446,-11,0,-71
1755870347.3119447,-4,-1,-74
1755870347.3509445,-5,-2,-73
1755870347.3869443,1,-1,-74
1755870347.4239447,3,0,-77
1755870347.460945,3,5,-78
1755870347.4999447,-2,3,-81
1755870347.5369446,-5,0,-90
1755870347.5739446,-4,1,-76
1755870347.611945,-2,-4,-71
1755870347.6509447,-9,-7,-83
1755870347.6869447,-2,5,-84
1755870347.723945,3,1,-80
1755870347.7609446,0,-2,-78
1755870347.7999446,1,1,-82
1755870347.835945,-7,0,-76
1755870347.8739443,0,1,-69
1755870347.9109447,-3,4,-68
1755870347.9499447,-5,0,-65
1755870347.9859445,-8,1,-69
1755870348.0239446,0,0,-77
1755870348.0619447,-5,4,-75
1755870348.0999446,1,-5,-78
1755870348.1359446,-4,-2,-70
1755870348.1739447,-1,-1,-74
1755870348.2119446,-2,4,-71
1755870348.2509446,-4,1,-72
1755870348.2869446,-9,-4,-69
1755870348.3249447,-14,4,-65
1755870348.3629446,-1,2,-71
1755870348.4019446,-1,10,-65
1755870348.4399445,-7,8,-67
1755870348.4759445,-7,-3,-68
1755870348.5139446,-4,-3,-73
1755870348.5519447,-4,0,-67
1755870348.5909443,-1,-2,-75
1755870348.6269443,0,0,-78
1755870348.6639447,-6,4,-71
1755870348.7019446,-6,-6,-70
1755870348.7409446,3,0,-73
1755870348.7769446,7,-1,-76
1755870348.8149445,0,3,-77
1755870348.8529446,2,-6,-87
1755870348.8919446,1,-9,-77
1755870348.9299445,-2,-9,-75
1755870348.9659443,-3,-4,-73
1755870349.0039446,0,0,-72
1755870349.0419445,-4,-3,-75
1755870349.0799446,-7,-5,-59
1755870349.1159446,-7,-3,-69
1755870349.1539447,-6,-3,-77
1755870349.1919446,-4,-8,-71
1755870349.2309446,-1,-4,-77
1755870349.2669446,3,-2,-73
1755870349.3039446,2,-8,-84
1755870349.3419447,6,-3,-69
1755870349.3809447,-1,-7,-74
1755870349.4169445,-7,-3,-78
1755870349.4549446,-4,-1,-68
1755870349.4929447,2,-1,-74
1755870349.5319445,1,-7,-77
1755870349.5679443,-7,4,-71
1755870349.6069446,-1,3,-62
1755870349.6439445,-2,-3,-74
1755870349.6829443,2,1,-83
1755870349.7209446,0,0,-88
1755870349.756945,3,0,-82
1755870349.7939446,0,0,-75
1755870349.8329446,3,0,-75
1755870349.8709445,1,-4,-67
1755870349.9069445,3,-3,-59
1755870349.9439447,-1,8,-77
1755870349.9829447,-4,2,-84
1755870350.0209446,-8,1,-78
1755870350.0569446,-9,0,-77
1755870350.0939443,1,5,-69
1755870350.1329446,6,2,-64
1755870350.1709447,1,-3,-64
1755870350.2069447,-7,0,-63
1755870350.2439446,-6,-3,-62
1755870350.282945,2,0,-65
1755870350.3209443,1,-3,-78
1755870350.3569446,-3,-5,-67
1755870350.394945,-1,-1,-75
1755870350.4329443,-6,0,-64
1755870350.4719446,-3,3,-65
1755870350.5079446,-3,0,-67
1755870350.5449443,-2,-8,-77
1755870350.5829446,0,0,-68
1755870350.6209445,-3,-2,-74
1755870350.6569445,-2,-6,-73
1755870350.6949446,-1,-7,-76
1755870350.7329447,0,-2,-78
1755870350.7719443,4,1,-79
1755870350.8079443,3,-4,-75
1755870350.8449447,5,-2,-67
1755870350.8829446,9,0,-71
1755870350.9219446,7,-8,-77
1755870350.9579446,1,-1,-76
1755870350.9949446,6,-4,-78
1755870351.032945,1,-1,-76
1755870351.0719447,7,5,-86
1755870351.1079447,4,-1,-75
1755870351.144945,-1,-6,-85
1755870351.1829443,7,0,-79
1755870351.2219446,2,3,-72
1755870351.2579446,0,-6,-82
1755870351.2949443,5,3,-81
1755870351.3329446,6,0,-76
1755870351.3689446,6,1,-81
1755870351.4059446,3,3,-74
1755870351.4439447,3,-2,-75
1755870351.4829447,3,-1,-70
1755870351.5189445,-1,1,-72
1755870351.5569446,0,-6,-81
1755870351.5949447,-3,0,-79
1755870351.6329446,-1,4,-94
1755870351.6719446,7,-4,-80
1755870351.7079446,4,-9,-78
1755870351.7449446,-1,-5,-76
1755870351.7839446,-1,0,-79
1755870351.8269446,0,-3,-87
1755870351.8649447,-5,0,-68
1755870351.9039447,-2,-6,-56
1755870351.9419446,-3,-5,-69
1755870351.9779446,0,-1,-73
1755870352.0169446,8,-2,-73
1755870352.0539446,2,6,-68
1755870352.0929446,0,0,-66
1755870352.1289446,0,3,-73
1755870352.1669445,-1,2,-82
1755870352.2049446,-1,1,-68
1755870352.2439446,1,-6,-65
1755870352.2819445,-2,1,-65
1755870352.3179443,-2,0,-76
1755870352.3549447,1,-5,-69
1755870352.3939445,6,1,-74
1755870352.4319446,3,5,-80
1755870352.4679446,0,3,-64
1755870352.5049446,-5,3,-71
1755870352.5439446,-8,-4,-79
1755870352.5819447,-2,-1,-79
1755870352.6179447,-5,-4,-66
1755870352.6559446,-3,-2,-73
1755870352.6939447,-8,-6,-67
1755870352.7329447,1,-9,-82
1755870352.7689445,3,0,-74
1755870352.8059447,0,-3,-77
1755870352.8439443,3,0,-68
1755870352.8829446,0,-2,-71
1755870352.9189446,-2,-6,-71
1755870352.9569447,3,-3,-67
1755870352.9949446,2,-3,-67
1755870353.0339446,0,3,-72
1755870353.0699446,0,0,-77
1755870353.1079447,2,0,-68
1755870353.144945,2,2,-66
1755870353.1839447,-3,1,-79
1755870353.2199447,-1,0,-74
1755870353.256945,-2,-2,-74
1755870353.2949443,-1,0,-81
1755870353.3339446,0,5,-78
1755870353.3699446,0,-6,-78
1755870353.407945,1,0,-73
1755870353.4459443,2,7,-76
1755870353.483945,0,3,-77
1755870353.519945,-3,-3,-78
1755870353.5579443,-3,-3,-86
1755870353.5969446,1,1,-78
1755870353.634945,3,2,-78
1755870353.6729443,7,2,-80
1755870353.7089446,-2,-3,-77
1755870353.746945,-8,2,-84
1755870353.7849443,3,0,-71
1755870353.8239446,10,-4,-77
1755870353.8599446,8,0,-83
1755870353.8969443,5,0,-75
1755870353.9349446,3,-4,-75
1755870353.9729445,2,-5,-76
1755870354.0089445,2,-2,-76
1755870354.0469446,2,-9,-78
1755870354.0849447,-1,-7,-81
1755870354.1229446,0,-6,-82
1755870354.1589446,-2,2,-71
1755870354.1959443,0,0,-68
1755870354.2349446,1,8,-81
1755870354.2729447,-1,3,-77
1755870354.3089447,0,1,-73
1755870354.3459446,-1,0,-64
1755870354.384945,-1,3,-79
1755870354.4229443,0,-2,-62
1755870354.4589446,2,-5,-73
1755870354.496945,3,1,-68
1755870354.5349443,6,-2,-78
1755870354.5709443,0,0,-84
1755870354.6079447,0,-4,-81
1755870354.6459446,4,-3,-86
1755870354.6849446,-5,-4,-74
1755870354.7209446,-3,-3,-79
1755870354.7589445,-2,-3,-89
1755870354.7969446,-11,1,-77
1755870354.8349447,-1,5,-71
1755870354.8739443,-6,6,-78
1755870354.9099443,0,6,-77
1755870354.9469447,-4,5,-68
1755870354.9849446,0,2,-70
1755870355.0209446,0,2,-78
1755870355.0579443,-2,-7,-74
1755870355.0959446,1,-3,-74
1755870355.134945,2,-5,-63
1755870355.1709447,6,0,-68
1755870355.2079446,5,4,-69
1755870355.2459445,0,1,-73
1755870355.2839446,-3,2,-66
1755870355.3199446,-14,-5,-66
1755870355.3579447,0,-4,-65
1755870355.3959446,-1,-4,-80
1755870355.4349446,2,0,-79
1755870355.4709446,1,-1,-69
1755870355.5089445,-2,-1,-73
1755870355.5469446,-2,-2,-76
1755870355.585945,2,0,-73
1755870355.6239443,9,0,-69
1755870355.6599443,4,0,-74
1755870355.6969447,3,-3,-60
1755870355.7359445,0,3,-66
1755870355.7739446,3,6,-73
1755870355.8099446,1,0,-76
1755870355.8469446,-4,0,-67
1755870355.8859446,-1,-2,-79
1755870355.9239447,7,3,-87
1755870355.9599447,0,12,-79
1755870355.996945,-1,-3,-80
1755870356.0359447,-6,7,-86
1755870356.0739446,-13,7,-78
1755870356.1099446,-5,1,-71
1755870356.1479447,-5,0,-87
1755870356.1869447,-1,3,-77
1755870356.2249446,-1,-2,-73
1755870356.2609446,0,2,-74
1755870356.2989447,2,-9,-61
1755870356.3369446,0,-5,-71
1755870356.3759446,1,-2,-85
1755870356.4119446,-6,0,-85
1755870356.4489446,2,3,-68
1755870356.486945,0,-3,-77
1755870356.5249443,3,3,-78
1755870356.5609446,0,-1,-77
1755870356.598945,0,-3,-64
1755870356.6379447,-1,-1,-73
1755870356.6759446,0,5,-73
1755870356.7119446,5,0,-63
1755870356.7489443,-3,3,-79
1755870356.7869446,4,-4,-85
1755870356.825945,-1,-4,-73
1755870356.861945,-1,-6,-58
1755870356.8999443,0,5,-77
1755870356.937945,-4,0,-71
1755870356.9759445,4,-2,-72
1755870357.0149446,-1,0,-73
1755870357.0509446,-1,0,-75
1755870357.0879445,6,2,-71
1755870357.1259446,5,-1,-61
1755870357.1619446,2,3,-62
1755870357.1989446,1,1,-69
1755870357.236945,4,-5,-69
1755870357.2749443,7,1,-79
1755870357.3109446,-4,2,-78
1755870357.348945,-4,-3,-78
1755870357.3879447,1,2,-81
1755870357.4259446,5,-4,-76
1755870357.4619446,-9,1,-65
1755870357.4989443,-10,7,-68
1755870357.5379446,-5,2,-66
1755870357.575945,-9,-6,-71
1755870357.611945,0,-5,-76
1755870357.6489446,3,-3,-74
1755870357.6869447,-2,0,-73
1755870357.7259445,2,4,-75
1755870357.7619443,2,-2,-64
1755870357.7989447,1,-2,-66
1755870357.8369446,-3,-6,-69
1755870357.8759446,0,-1,-69
1755870357.9119446,0,-3,-82
1755870357.9499447,-3,-2,-83
1755870357.9879446,5,-1,-81
1755870358.0259447,1,0,-62
1755870358.0619447,1,-2,-80
1755870358.0999446,3,1,-76
1755870358.1379447,3,8,-83
1755870358.1759446,-8,4,-76
1755870358.2119446,-9,0,-71
1755870358.2499447,4,-4,-80
1755870358.2879446,1,-2,-82
1755870358.3269446,5,0,-85
1755870358.3659446,3,-2,-71
1755870358.4019446,-4,-5,-77
1755870358.4399445,-2,-3,-82
1755870358.4779446,-7,0,-77
1755870358.5169446,-9,-3,-83
1755870358.552945,-9,-1,-77
1755870358.5909443,-4,0,-74
1755870358.6299446,0,-4,-76
1755870358.6669445,7,-3,-77
1755870358.7059443,3,1,-81
1755870358.7419446,2,6,-76
1755870358.7789447,2,1,-77
1755870358.8179443,1,5,-70
1755870358.8559446,0,0,-80
1755870358.8919446,1,4,-80
1755870358.9299445,0,0,-78
1755870358.9679446,5,2,-80
1755870359.0059447,0,1,-71
1755870359.0419445,0,2,-66
1755870359.0789447,2,0,-71
1755870359.1179447,3,0,-73
1755870359.1559446,0,-1,-74
1755870359.1919446,3,-8,-71
1755870359.2289443,3,-5,-71
1755870359.2679446,8,-10,-84
1755870359.3059447,0,-4,-72
1755870359.3419447,-1,-2,-69
1755870359.3799446,0,-4,-59
1755870359.417945,-7,-3,-68
1755870359.4569447,-2,-2,-72
1755870359.4929447,2,-13,-80
1755870359.5309446,1,-8,-74
1755870359.5689447,-3,-2,-69
1755870359.6079447,-4,-6,-63
1755870359.6459446,0,-5,-76
1755870359.6819446,0,0,-72
1755870359.7189443,-3,2,-69
1755870359.7579446,1,2,-71
1755870359.7959447,4,2,-83
1755870359.8319447,-2,4,-85
1755870359.8699446,-2,1,-88
1755870359.907945,-8,0,-87
1755870359.9469447,-8,-7,-84
1755870359.9829447,2,1,-89
1755870360.019945,6,4,-76
1755870360.0579443,3,3,-78
1755870360.0939443,5,0,-73
1755870360.1309447,1,7,-71
1755870360.167945,3,3,-78
1755870360.2069447,3,-11,-94
1755870360.2429447,-2,-2,-86
1755870360.2809446,3,1,-75
1755870360.3189447,4,2,-82
1755870360.3569446,7,-3,-83
1755870360.3929446,-4,4,-81
1755870360.4309447,-5,1,-74
1755870360.4689443,-3,-5,-78
1755870360.5079446,-3,-8,-77
1755870360.5439446,8,-4,-71
1755870360.5809443,11,-8,-77
1755870360.6199446,3,-6,-88
1755870360.657945,1,-5,-78
1755870360.6939447,-5,-4,-68
1755870360.7319446,11,-2,-72
1755870360.769945,-2,-4,-69
1755870360.8089447,-2,0,-60
1755870360.8469446,0,-1,-69
1755870360.8829446,-1,-4,-78
1755870360.9209447,-1,0,-72
1755870360.9589446,-1,0,-64
1755870360.9979446,-2,1,-61
1755870361.0339446,-8,-1,-69
1755870361.0719447,0,-2,-74
1755870361.1099446,0,0,-82
1755870361.1489446,-2,2,-86
1755870361.1869447,-1,1,-82
1755870361.2229445,0,3,-84
1755870361.259945,7,5,-74
1755870361.2979443,5,-3,-78
1755870361.3339446,0,-1,-75
1755870361.3709445,0,-1,-73
1755870361.4089446,0,3,-78
1755870361.4479446,5,6,-69
1755870361.4849446,-6,-2,-72
1755870361.5219443,-6,4,-68
1755870361.5599446,-2,-4,-68
1755870361.598945,-1,-3,-71
1755870361.6369443,1,-3,-72
1755870361.6739447,4,-3,-68
1755870361.7119446,-6,-4,-75
1755870361.7489443,-2,0,-71
1755870361.7879446,1,0,-79
1755870361.8319447,0,6,-80
1755870361.8699446,-2,0,-81
1755870361.907945,0,-2,-73
1755870361.9439447,4,-7,-79
1755870361.9819446,-1,-2,-70
1755870362.019945,-1,0,-73
1755870362.0589447,0,-6,-69
1755870362.0949447,-1,0,-74
1755870362.131945,10,5,-84
1755870362.1689446,3,1,-72
1755870362.2049446,0,-3,-72
1755870362.2419446,1,0,-72
1755870362.279945,1,5,-71
1755870362.3189447,3,10,-82
1755870362.3549447,1,2,-76
1755870362.3919446,0,6,-75
1755870362.4299445,0,0,-70
1755870362.4689443,6,1,-74
1755870362.5049446,2,3,-74
1755870362.5419445,6,1,-81
1755870362.5799446,5,0,-80
1755870362.6179447,0,4,-76
1755870362.6539447,0,0,-76
1755870362.690945,-4,-6,-68
1755870362.7299447,1,-5,-70
1755870362.7679446,0,-5,-70
1755870362.8039446,3,-4,-76
1755870362.8419447,0,3,-66
1755870362.8799446,-3,0,-66
1755870362.9189446,3,-1,-73
1755870362.9549446,0,-2,-70
1755870362.9919446,-2,-5,-79
1755870363.029945,-4,-6,-83
1755870363.0689447,0,-5,-78
1755870363.1049447,0,-3,-77
1755870363.1419446,2,-6,-70
1755870363.1799445,4,-5,-66
1755870363.2189443,0,1,-69
1755870363.2549446,-5,-4,-74
1755870363.292945,0,1,-76
1755870363.3299446,-3,-1,-65
1755870363.3689446,-1,0,-58
1755870363.404945,5,-1,-70
1755870363.4429443,5,-1,-66
1755870363.4809446,3,-3,-72
1755870363.519945,-3,-1,-66
1755870363.5559447,1,-3,-65
1755870363.5929446,3,-7,-71
1755870363.6309447,5,3,-65
1755870363.6689446,-5,-2,-70
1755870363.7049446,-3,3,-65
1755870363.7429447,-5,5,-76
1755870363.779945,-4,-6,-70
1755870363.8189447,-1,4,-74
1755870363.8549447,4,-4,-75
1755870363.8929446,-2,-3,-82
1755870363.9299445,-4,-5,-87
1755870363.9689443,-3,-6,-88
1755870364.0049446,-4,-4,-71
1755870364.042945,-2,-2,-68
1755870364.0809443,-1,-3,-61
1755870364.1199446,-1,-4,-71
1755870364.1559446,5,-2,-68
1755870364.1939447,-1,1,-73
1755870364.2309446,-2,2,-85
1755870364.269945,-5,0,-72
1755870364.3059447,-9,2,-64
1755870364.3439443,-5,0,-70
1755870364.381945,-1,3,-71
1755870364.4209447,-5,4,-72
1755870364.4589446,-1,5,-79
1755870364.4949446,-11,6,-82
1755870364.5319445,-5,0,-72
1755870364.5709443,-2,0,-77
1755870364.608945,-1,-2,-79
1755870364.644945,-3,7,-71
1755870364.6819446,-2,1,-75
1755870364.7209446,-7,-2,-74
1755870364.7589445,7,-2,-75
1755870364.7949443,1,-8,-78
1755870364.8319447,0,-3,-73
1755870364.8709445,0,-4,-70
1755870364.9089446,-6,-4,-63
1755870364.9449446,-12,-4,-67
1755870364.9829447,0,2,-67
1755870365.0209446,-1,-2,-69
1755870365.0599446,3,-3,-79
1755870365.0959446,-3,0,-72
1755870365.1329446,-4,1,-70
1755870365.1709447,3,-2,-65
1755870365.2099447,4,2,-58
1755870365.2459445,5,-1,-71
1755870365.282945,6,-5,-84
1755870365.3209443,-1,0,-88
1755870365.3599446,-2,9,-72
1755870365.3959446,0,11,-67
1755870365.4329443,1,0,-62
1755870365.4709446,4,-1,-75
1755870365.506945,-6,-2,-74
1755870365.5449443,5,1,-83
1755870365.5829446,7,-4,-71
1755870365.621945,0,5,-71
1755870365.6599443,0,0,-68
1755870365.6959443,1,5,-66
1755870365.7329447,4,12,-64
1755870365.7709446,-1,1,-77
1755870365.8099446,1,1,-69
1755870365.8459446,3,0,-75
1755870365.8839445,5,-9,-77
1755870365.9209447,9,-2,-65
1755870365.9599447,5,-3,-72
1755870365.9959445,1,1,-76
1755870366.032945,6,0,-80
1755870366.0709443,0,1,-73
1755870366.1069446,5,2,-74
1755870366.1439445,2,-2,-69
1755870366.1819446,4,-3,-73
1755870366.2209446,2,-2,-80
1755870366.256945,0,-7,-71
1755870366.2939446,0,0,-70
1755870366.3319447,-4,7,-78
1755870366.3699446,2,-1,-64
1755870366.4059446,5,2,-66
1755870366.4429443,4,3,-64
1755870366.4809446,2,9,-69
1755870366.5169446,2,6,-64
1755870366.5549445,-2,1,-62
1755870366.5919447,4,-3,-73
1755870366.6309447,2,0,-71
1755870366.6669445,6,-4,-74
1755870366.7049446,-3,-7,-71
1755870366.7429447,5,1,-67
1755870366.7809446,1,0,-80
1755870366.8179443,3,2,-76
1755870366.8549447,4,0,-83
1755870366.8929446,2,2,-78
1755870366.9309447,-5,0,-81
1755870366.9679446,-4,-1,-80
1755870367.0049446,-2,0,-87
1755870367.042945,1,-7,-78
1755870367.0819447,1,3,-81
1755870367.1179447,0,0,-76
1755870367.154945,-2,-8,-79
1755870367.1929443,-1,-8,-82
1755870367.2319446,0,0,-71
1755870367.2679446,0,-5,-81
1755870367.3059447,3,-2,-68
1755870367.3439443,3,0,-85
1755870367.381945,-1,-4,-67
1755870367.417945,4,-8,-66
1755870367.4549446,3,-6,-77
1755870367.4929447,1,2,-69
1755870367.5309446,-4,-3,-67
1755870367.5669446,-1,0,-72
1755870367.6039443,-1,2,-74
1755870367.6419446,0,0,-68
1755870367.6809447,0,0,-87
1755870367.7169447,0,-6,-71
1755870367.7539446,3,-8,-76
1755870367.792945,0,-5,-77
1755870367.8309443,4,-6,-78
1755870367.8669446,-1,-2,-77
1755870367.904945,0,-2,-83
1755870367.9429443,0,-3,-85
1755870367.9819446,1,0,-85
1755870368.0179446,8,3,-81
1755870368.0549445,6,7,-69
1755870368.0929446,7,-1,-65
1755870368.1309447,5,-2,-68
1755870368.1669445,-4,5,-68
1755870368.2039447,0,0,-77
1755870368.2429447,-3,4,-74
1755870368.2809446,5,-2,-77
1755870368.3169446,0,-3,-70
1755870368.3539443,-3,-1,-76
1755870368.3929446,0,-7,-74
1755870368.4309447,-6,-5,-76
1755870368.4669447,-6,-3,-68
1755870368.5049446,-4,0,-60
1755870368.542945,-2,-4,-75
1755870368.5819447,-1,4,-81
1755870368.6179447,7,2,-84
1755870368.654945,-2,-5,-75
1755870368.6929443,3,-4,-74
1755870368.7319446,2,-5,-72
1755870368.7679446,-4,-1,-73
1755870368.8059447,-1,-1,-70
1755870368.8439443,-5,0,-67
1755870368.8829446,-3,-2,-71
1755870368.9209447,4,2,-67
1755870368.9569447,3,4,-77
1755870368.9939446,-1,0,-75
1755870369.032945,3,7,-84
1755870369.0689447,6,3,-84
1755870369.1059446,3,3,-76
1755870369.1429446,-7,2,-77
1755870369.1819446,-3,0,-71
1755870369.2189443,0,5,-74
1755870369.2559447,-3,12,-75
1755870369.2939446,3,3,-83
1755870369.3319447,0,-6,-72
1755870369.3689446,3,-6,-72
1755870369.4059446,-3,1,-79
1755870369.4439447,2,0,-74
1755870369.4829447,-1,1,-69
1755870369.5189445,1,3,-71
1755870369.5559447,-1,0,-75
1755870369.5939443,-2,0,-71
1755870369.6329446,0,-1,-72
1755870369.6689446,0,-1,-76
1755870369.7059443,0,-4,-76
1755870369.7439446,-3,-10,-78
1755870369.782945,-2,-2,-70
1755870369.8189447,-1,2,-73
1755870369.8569446,1,0,-66
1755870369.8939445,0,-2,-82
1755870369.9329443,0,1,-76
1755870369.9689443,6,-1,-78
1755870370.0059447,0,5,-73
1755870370.0439446,8,4,-65
1755870370.0829446,9,0,-72
1755870370.1189446,-1,2,-69
1755870370.1559446,1,5,-69
1755870370.1939447,2,1,-64
1755870370.2319446,0,0,-69
1755870370.2679446,3,-2,-79
1755870370.3049445,-3,3,-80
1755870370.3439443,-1,-5,-67
1755870370.381945,-1,-5,-75
1755870370.4189446,4,-6,-74
1755870370.4559443,5,-4,-68
1755870370.4939446,9,3,-80
1755870370.5319445,-1,1,-78
1755870370.5679443,0,-1,-75
1755870370.6059446,3,5,-84
1755870370.6439445,-4,4,-86
1755870370.6829443,4,0,-94
1755870370.7189443,8,-5,-79
1755870370.7559447,-3,2,-74
1755870370.7939446,-3,5,-78
1755870370.8329446,-4,2,-76
1755870370.8689446,-3,0,-73
1755870370.9069445,-9,1,-61
1755870370.9449446,-3,-2,-62
1755870370.983945,-4,2,-77
1755870371.019945,-3,9,-76
1755870371.0569446,1,2,-73
1755870371.0949447,0,2,-74
1755870371.1329446,-3,1,-75
1755870371.1689446,0,6,-79
1755870371.2069447,0,1,-72
1755870371.2439446,-4,-4,-81
1755870371.282945,-1,1,-77
1755870371.3189447,2,3,-74
1755870371.3559446,0,3,-74
1755870371.394945,2,0,-60
1755870371.4329443,-2,3,-69
1755870371.4689443,3,5,-67
1755870371.5059447,0,0,-77
1755870371.5449443,-1,3,-82
1755870371.5829446,0,1,-69
1755870371.6189446,0,-1,-71
1755870371.6559446,-3,5,-76
1755870371.6949446,-4,1,-72
1755870371.7329447,-1,0,-68
1755870371.7689445,1,-4,-68
1755870371.8059447,7,-4,-69
1755870371.8499446,2,-8,-59
1755870371.8879447,0,0,-65
1755870371.9259446,-1,-2,-66
1755870371.9649446,-6,0,-74
1755870372.0029447,-2,1,-66
1755870372.0389447,-3,0,-75
1755870372.0769446,0,4,-68
1755870372.1149447,1,0,-51
1755870372.1529446,8,-6,-65
1755870372.1889446,-7,-3,-74
1755870372.2269447,-3,-13,-65
1755870372.2649446,-4,-3,-72
1755870372.3039446,-1,-2,-74
1755870372.3399446,5,8,-78
1755870372.3779447,7,0,-80
1755870372.4159446,0,1,-81
1755870372.4539447,0,0,-75
1755870372.4899447,-4,2,-75
1755870372.5279446,1,0,-72
1755870372.565945,4,3,-70
1755870372.6039443,2,-2,-68
1755870372.6399446,-7,-3,-67
1755870372.677945,-2,0,-76
1755870372.7159443,-3,-2,-66
1755870372.7549446,0,-7,-77
1755870372.7909446,-5,0,-66
1755870372.8279445,-3,0,-77
1755870372.8659446,-1,-2,-74
1755870372.904945,-1,6,-78
1755870372.940945,0,2,-73
1755870372.9779446,3,0,-71
1755870373.0159447,0,-2,-65
1755870373.0539446,-6,0,-73
1755870373.0899446,-4,-4,-75
1755870373.1279447,0,-12,-65
1755870373.1659446,-3,-7,-77
1755870373.2049446,-5,0,-69
1755870373.2409446,-7,-3,-76
1755870373.2789447,-3,-3,-77
1755870373.3169446,-7,2,-64
1755870373.3559446,-6,-2,-72
1755870373.3939445,1,-4,-74
1755870373.4299445,3,0,-71
1755870373.4669447,-2,2,-67
1755870373.5059447,1,2,-72
1755870373.5439446,2,6,-70
1755870373.5799446,-5,3,-64
1755870373.6179447,7,-1,-74
1755870373.6559446,6,-6,-77
1755870373.6949446,7,-8,-81
1755870373.7309446,2,-6,-72
1755870373.7689445,3,-1,-68
1755870373.8069446,2,1,-70
1755870373.8459446,6,5,-77
1755870373.8839445,-4,4,-69
1755870373.9199443,0,-3,-77
1755870373.9569447,-4,2,-72
1755870373.9959445,5,0,-67
1755870374.0339446,4,1,-76
1755870374.0699446,0,0,-75
1755870374.1069446,-5,3,-69
1755870374.1459446,-1,0,-66
1755870374.1839447,-1,-2,-59
1755870374.2199447,3,-6,-59
1755870374.256945,0,-7,-84
1755870374.2959447,3,2,-79
1755870374.3319447,3,2,-71
1755870374.3689446,9,1,-72
1755870374.4059446,0,0,-75
1755870374.4449446,0,-3,-64
1755870374.4809446,-2,0,-64
1755870374.5189445,-2,-2,-79
1755870374.5569446,2,2,-73
1755870374.5949447,-1,-1,-76
1755870374.6309447,-1,1,-71
1755870374.667945,-10,3,-79
1755870374.7069447,0,0,-69
1755870374.7449446,0,15,-72
1755870374.7809446,0,-1,-75
1755870374.8189447,2,-2,-69
1755870374.8569446,4,-3,-75
1755870374.8959446,-5,-3,-70
1755870374.9319446,2,1,-73
1755870374.9689443,-1,4,-68
1755870375.006945,0,7,-76
1755870375.0449443,6,5,-60
1755870375.0809443,0,5,-61
1755870375.1179447,-6,0,-68
1755870375.1569445,4,1,-77
1755870375.1949446,3,6,-73
1755870375.2309446,6,0,-74
1755870375.2679446,4,-4,-87
1755870375.3069446,6,0,-81
1755870375.3449447,7,4,-82
1755870375.3809447,5,0,-65
1755870375.417945,0,2,-78
1755870375.4559443,-2,0,-70
1755870375.4919446,-1,-3,-79
1755870375.529945,5,-2,-67
1755870375.5679443,0,-1,-75
1755870375.6069446,-1,3,-76
1755870375.644945,-6,0,-79
1755870375.6809447,-7,-7,-79
1755870375.7189443,0,-2,-84
1755870375.756945,-3,4,-60
1755870375.7959447,2,6,-72
1755870375.8319447,0,1,-75
1755870375.8689446,0,3,-73
1755870375.9069445,4,-6,-75
1755870375.9459443,3,-5,-88
1755870375.9819446,-1,-3,-75
1755870376.019945,4,1,-73
1755870376.0569446,5,2,-76
1755870376.0929446,0,1,-80
1755870376.1299446,0,4,-64
1755870376.167945,-8,-3,-68
1755870376.2069447,-2,-4,-77
1755870376.2429447,-4,-4,-77
1755870376.2809446,-2,4,-74
1755870376.3189447,1,4,-85
1755870376.3569446,7,-5,-75
1755870376.3929446,4,-5,-85
1755870376.4309447,-4,-6,-76
1755870376.4689443,6,2,-84
1755870376.506945,-6,0,-86
1755870376.542945,-3,-8,-79
1755870376.5809443,-4,-1,-78
1755870376.6189446,7,0,-73
1755870376.6569445,-2,5,-73
1755870376.6959443,-2,5,-81
1755870376.7319446,2,3,-77
1755870376.7689445,2,1,-71
1755870376.8069446,1,-2,-66
1755870376.8429446,7,-1,-63
1755870376.8809447,4,-2,-77
1755870376.917945,2,-10,-72
1755870376.9569447,1,-10,-72
1755870376.9929447,0,-1,-71
1755870377.0309446,0,1,-68
1755870377.0679443,1,-3,-75
1755870377.1069446,2,-4,-82
1755870377.1429446,-3,-6,-79
1755870377.1809447,-4,0,-73
1755870377.2189443,-1,-1,-73
1755870377.2579446,9,1,-79
1755870377.2959447,1,-3,-71
1755870377.3319447,2,-1,-81
1755870377.3689446,4,-5,-77
1755870377.407945,1,-7,-77
1755870377.4459443,4,-1,-71
1755870377.4819446,-6,-4,-78
1755870377.519945,0,0,-85
1755870377.5579443,-6,10,-82
1755870377.5969446,0,1,-81
1755870377.6329446,5,-1,-82
1755870377.6699443,11,1,-72
1755870377.7079446,4,5,-65
1755870377.746945,5,-2,-78
1755870377.782945,-4,4,-74
1755870377.8199446,-2,0,-72
1755870377.8579447,2,0,-65
1755870377.8969443,1,-3,-74
1755870377.9329443,2,1,-70
1755870377.9699447,2,-4,-68
1755870378.0079446,-2,0,-74
1755870378.0469446,0,-1,-72
1755870378.0829446,-2,2,-67
1755870378.1199446,9,-8,-73
1755870378.157945,0,-2,-74
1755870378.1969447,1,-5,-80
1755870378.2329447,4,-1,-76
1755870378.2709446,-3,-2,-73
1755870378.3089447,-1,5,-75
1755870378.3479445,-5,1,-63
1755870378.3839445,5,0,-69
1755870378.4209447,3,0,-66
1755870378.4579446,1,1,-66
1755870378.4939446,-3,4,-86
1755870378.5309446,0,6,-75
1755870378.5689447,-2,1,-70
1755870378.6069446,-1,1,-66
1755870378.6429446,-4,-5,-64
1755870378.6809447,-2,-7,-61
1755870378.7189443,0,-4,-82
1755870378.7579446,6,0,-69
1755870378.7939446,6,0,-71
1755870378.8309443,0,3,-69
1755870378.8689446,-1,-6,-79
1755870378.9069445,0,-2,-81
1755870378.9429443,-4,6,-70
1755870378.9809446,-4,4,-71
1755870379.0189445,-8,-2,-70
1755870379.0579443,0,-3,-79
1755870379.0939443,0,-1,-82
1755870379.1309447,10,-3,-75
1755870379.1689446,1,0,-62
1755870379.2069447,9,0,-71
1755870379.2429447,7,3,-73
1755870379.279945,5,7,-74
1755870379.3189447,4,5,-62
1755870379.3569446,-3,0,-72
1755870379.3929446,8,-2,-74
1755870379.4299445,0,-4,-72
1755870379.4689443,1,-2,-79
1755870379.506945,5,-1,-90
1755870379.542945,-4,-2,-80
1755870379.5809443,-6,0,-73
1755870379.6189446,-7,-1,-84
1755870379.657945,-10,4,-84
1755870379.6939447,-3,3,-69
1755870379.7319446,4,4,-63
1755870379.7689445,1,1,-69
1755870379.8079443,6,0,-72
1755870379.8439443,0,5,-79
1755870379.8809447,-1,-1,-77
1755870379.9189446,2,0,-76
1755870379.9559443,4,-4,-81
1755870379.9929447,0,-7,-80
1755870380.0309446,5,-3,-76
1755870380.0689447,5,2,-72
1755870380.1059446,1,2,-73
1755870380.1429446,-6,0,-72
1755870380.1809447,-3,3,-66
1755870380.2189443,0,2,-75
1755870380.2549446,-3,2,-72
1755870380.292945,-1,-4,-66
1755870380.3309443,-4,6,-71
1755870380.3699446,-4,0,-92
1755870380.407945,-3,4,-76
1755870380.4439447,4,4,-72
1755870380.4809446,7,1,-72
1755870380.519945,2,0,-80
1755870380.5579443,0,-2,-76
1755870380.5939443,-2,-6,-73
1755870380.631945,-4,0,-67
1755870380.6699443,0,-6,-77
1755870380.7089446,1,0,-68
1755870380.7449446,2,5,-73
1755870380.7819445,1,4,-70
1755870380.8199446,-8,0,-68
1755870380.8579447,-2,3,-72
1755870380.8939445,0,0,-82
1755870380.9319446,-2,-1,-84
1755870380.9699447,-3,4,-80
1755870381.0089445,3,0,-81
1755870381.0449443,5,3,-71
1755870381.0819447,5,5,-64
1755870381.1199446,1,1,-75
1755870381.157945,0,-6,-82
1755870381.1939447,4,-5,-82
1755870381.2309446,-2,2,-72
1755870381.269945,-1,2,-81
1755870381.3079443,2,4,-78
1755870381.3439443,-5,4,-78
1755870381.3809447,-5,2,-72
1755870381.4199443,-1,-4,-74
1755870381.4559443,-1,-13,-82
1755870381.4939446,-6,-7,-84
1755870381.5319445,-8,2,-77
1755870381.5699446,5,-6,-70
1755870381.608945,3,-1,-66
1755870381.644945,3,-4,-66
1755870381.6829443,-4,-5,-75
1755870381.7209446,-3,0,-70
1755870381.759945,2,-1,-68
1755870381.7959447,1,-1,-63
1755870381.8339446,2,4,-67
1755870381.8799446,7,0,-69
1755870381.9159446,-1,1,-66
1755870381.9529445,-2,3,-65
1755870381.9909446,4,-3,-68
1755870382.029945,2,-9,-70
1755870382.065945,3,-2,-72
1755870382.1029446,-6,0,-67
1755870382.1409447,0,0,-58
1755870382.1789446,0,2,-64
1755870382.2149446,-6,-2,-76
1755870382.2529447,-7,-2,-73
1755870382.2909446,-2,0,-80
1755870382.3299446,0,0,-82
1755870382.3659446,-4,-4,-86
1755870382.4039447,0,-1,-75
1755870382.4429443,2,-3,-81
1755870382.4809446,0,1,-82
1755870382.5189445,5,-3,-70
1755870382.5549445,8,-5,-68
1755870382.5929446,3,-3,-68
1755870382.6309447,-1,-1,-73
1755870382.6699443,0,1,-65
1755870382.7059443,-3,-1,-66
1755870382.7439446,0,1,-79
1755870382.7819445,-1,-4,-70
1755870382.8209443,-2,-4,-76
1755870382.858945,-7,-3,-88
1755870382.894945,-5,1,-88
1755870382.9319446,-3,7,-86
1755870382.9709446,-3,-1,-82
1755870383.0089445,4,-5,-83
1755870383.0449443,8,-11,-75
1755870383.0819447,-1,-7,-72
1755870383.1209445,-3,2,-71
1755870383.1589446,1,1,-73
1755870383.1949446,6,-1,-74
1755870383.2319446,8,0,-75
1755870383.269945,5,1,-77
1755870383.3059447,-1,-1,-76
1755870383.3439443,-1,0,-71
1755870383.381945,0,0,-64
1755870383.4199443,-5,-2,-68
1755870383.4559443,-2,1,-66
1755870383.4939446,-2,10,-68
1755870383.5319445,-3,9,-72
1755870383.5709443,-3,6,-68
1755870383.6069446,-5,2,-66
1755870383.6439445,0,5,-62
1755870383.6809447,-3,8,-65
1755870383.7199447,-1,3,-69
1755870383.7559447,2,0,-72
1755870383.792945,-3,-5,-75
1755870383.8309443,2,6,-79
1755870383.8669446,10,0,-78
1755870383.9039447,6,-6,-67
1755870383.9429443,2,-2,-51
1755870383.9809446,-3,-3,-68
1755870384.0169446,0,-5,-68
1755870384.0539446,7,-1,-76
1755870384.0919447,-2,0,-53
1755870384.1309447,3,8,-78
1755870384.1669445,0,0,-64
1755870384.2039447,0,-4,-75
1755870384.2419446,-5,2,-76
1755870384.2809446,3,-3,-83
1755870384.3169446,1,-1,-80
1755870384.3539443,0,6,-82
1755870384.3919446,0,5,-79
1755870384.4299445,-1,-3,-74
1755870384.4659443,1,-6,-82
1755870384.5029447,1,-5,-74
1755870384.5419445,-7,-5,-70
1755870384.5799446,-4,-2,-70
1755870384.6159446,-2,7,-67
1755870384.6529446,-3,1,-84
1755870384.6919446,-3,-3,-76
1755870384.7299447,-1,-6,-76
1755870384.7659447,-1,4,-77
1755870384.802945,-1,3,-80
1755870384.8419447,5,3,-80
1755870384.8799446,4,4,-73
1755870384.9159446,3,4,-68
1755870384.9529445,-4,-3,-61
1755870384.9919446,-6,3,-75
1755870385.0279446,-1,1,-75
1755870385.0669446,-4,4,-73
1755870385.1039443,0,-2,-73
1755870385.1429446,-8,4,-75
1755870385.1809447,0,-2,-65
1755870385.2169447,-6,2,-52
1755870385.2539446,3,10,-66
1755870385.2919445,-1,0,-75
1755870385.3279445,-2,-4,-70
1755870385.3659446,0,0,-63
1755870385.4029446,-2,1,-67
1755870385.4419446,7,-1,-79
1755870385.4779446,0,-11,-69
1755870385.5169446,6,-1,-75
1755870385.5539446,0,5,-72
1755870385.5919447,1,-3,-86
1755870385.6279447,-4,0,-79
1755870385.6659446,-3,-3,-83
1755870385.7039447,3,9,-72
1755870385.7419446,-5,1,-64
1755870385.7779446,-8,4,-72
1755870385.815945,-3,0,-75
1755870385.8539443,0,-1,-75
1755870385.8929446,3,0,-81
1755870385.9309447,2,3,-82
1755870385.9669447,0,4,-80
1755870386.0039446,0,7,-86
1755870386.042945,7,5,-75
1755870386.0809443,-1,3,-77
1755870386.1169446,1,-4,-77
1755870386.1559446,0,2,-78
1755870386.1929443,-2,-2,-72
1755870386.2319446,0,0,-71
1755870386.2679446,0,5,-62
1755870386.3049445,-3,0,-70
1755870386.3429446,-5,0,-78
1755870386.381945,1,6,-68
1755870386.417945,-1,4,-63
1755870386.4549446,2,2,-74
1755870386.4929447,-6,-3,-80
1755870386.5309446,0,0,-75
1755870386.5669446,10,6,-71
1755870386.6049447,6,-3,-74
1755870386.6429446,0,-1,-70
1755870386.6809447,0,0,-79
1755870386.7169447,-4,1,-70
1755870386.7549446,7,4,-65
1755870386.792945,3,1,-61
1755870386.8289447,-1,-1,-66
1755870386.8679447,-3,3,-78
1755870386.904945,-6,1,-75
1755870386.9429443,-4,-1,-81
1755870386.9819446,4,-8,-74
1755870387.0179446,10,0,-73
1755870387.0549445,9,5,-69
1755870387.0929446,6,4,-70
1755870387.1289446,4,6,-73
1755870387.1659446,3,-8,-81
1755870387.2039447,-2,5,-69
1755870387.2429447,3,1,-77
1755870387.2789447,1,-8,-77
1755870387.315945,-2,2,-77
1755870387.3539443,-3,-3,-73
1755870387.3929446,-8,-10,-66
1755870387.4289446,-1,-10,-71
1755870387.4669447,-6,-6,-68
1755870387.5049446,0,1,-74
1755870387.542945,0,0,-69
1755870387.5789447,0,-4,-72
1755870387.6159446,1,-2,-66
1755870387.6539447,3,-4,-52
1755870387.6929443,2,-1,-65
1755870387.7289443,2,0,-70
1755870387.7679446,6,-6,-81
1755870387.8049445,10,-1,-75
1755870387.8439443,3,0,-83
1755870387.881945,0,5,-78
1755870387.917945,-5,0,-77
1755870387.9549446,-2,-4,-72
1755870387.9939446,-7,-3,-64
1755870388.0319445,-6,6,-58
1755870388.0679443,-5,2,-66
1755870388.1049447,3,4,-74
1755870388.1429446,2,4,-70
1755870388.1789446,0,4,-74
1755870388.2169447,-3,1,-82
1755870388.2549446,0,-3,-81
1755870388.2939446,2,-3,-67
1755870388.3319447,2,-7,-70
1755870388.3679447,0,-3,-79
1755870388.404945,0,-4,-76
1755870388.4439447,-3,4,-78
1755870388.4819446,0,6,-62
1755870388.5179446,-2,0,-80
1755870388.5549445,-2,1,-72
1755870388.5939443,4,0,-65
1755870388.6299446,2,-4,-57
1755870388.6669445,1,-6,-73
1755870388.7049446,-9,2,-80
1755870388.7439446,-7,0,-71
1755870388.779945,-16,-3,-70
1755870388.8179443,-4,0,-77
1755870388.8559446,-2,-3,-74
1755870388.8939445,5,-1,-80
1755870388.9329443,4,-1,-74
1755870388.9689443,8,-1,-61
1755870389.006945,4,-1,-67
1755870389.0439446,11,-2,-70
1755870389.0829446,2,0,-83
1755870389.1189446,0,-6,-81
1755870389.1559446,7,-7,-78
1755870389.1939447,3,5,-77
1755870389.2299447,0,3,-75
1755870389.2669446,7,2,-72
1755870389.3049445,-6,-4,-65
1755870389.3429446,0,-7,-82
1755870389.3789446,6,-6,-82
1755870389.4169445,-4,-2,-81
1755870389.4559443,0,-4,-69
1755870389.4939446,-1,5,-68
1755870389.529945,4,2,-73
1755870389.5669446,3,-6,-74
1755870389.6049447,1,-2,-77
1755870389.6439445,2,8,-74
1755870389.6799445,2,-2,-68
1755870389.7169447,2,6,-68
1755870389.7549446,-2,-4,-69
1755870389.792945,3,-1,-77
1755870389.8289447,2,-10,-68
1755870389.8659446,0,-2,-71
1755870389.904945,3,-3,-71
1755870389.9429443,3,4,-77
1755870389.9789443,-1,-4,-84
1755870390.0169446,-2,-1,-78
1755870390.0549445,6,-2,-80
1755870390.0939443,2,6,-76
1755870390.1299446,6,-2,-79
1755870390.1689446,-1,-2,-74
1755870390.2059443,7,-1,-73
1755870390.2449446,11,0,-81
1755870390.282945,3,-1,-63
1755870390.3189447,0,-1,-71
1755870390.3559446,0,-3,-67
1755870390.394945,0,0,-69
1755870390.4309447,4,0,-76
1755870390.4679446,12,0,-77
1755870390.5059447,1,0,-73
1755870390.5449443,9,-3,-62
1755870390.5809443,3,-10,-63
1755870390.6189446,-13,0,-73
1755870390.657945,-3,-4,-68
1755870390.6949446,0,-7,-77
1755870390.733945,3,-2,-75
1755870390.769945,-2,0,-65
1755870390.8079443,10,6,-73
1755870390.8449447,0,2,-74
1755870390.8809447,0,2,-75
1755870390.917945,-2,-2,-68
1755870390.9559443,4,-2,-64
1755870390.9949446,4,0,-73
1755870391.0309446,4,2,-71
1755870391.0679443,5,0,-74
1755870391.1059446,-1,-1,-74
1755870391.1439445,0,3,-79
1755870391.1799445,-3,9,-73
1755870391.2179446,-10,0,-62
1755870391.2559447,-3,0,-68
1755870391.2949443,6,5,-74
1755870391.3309443,0,-1,-74
1755870391.3679447,-9,-1,-88
1755870391.4069445,0,0,-76
1755870391.4449446,0,-10,-68
1755870391.4809446,1,-1,-76
1755870391.5179446,2,-2,-77
1755870391.5559447,-2,-8,-78
1755870391.5949447,7,0,-79
1755870391.6309447,5,0,-80
1755870391.667945,4,-2,-73
1755870391.7059443,8,-3,-76
1755870391.7449446,0,-1,-82
1755870391.7809446,0,0,-87
1755870391.8179443,1,-2,-77
1755870391.8559446,1,0,-60
1755870391.9009447,-3,3,-75
1755870391.9389446,3,-1,-78
1755870391.9759445,3,4,-74
1755870392.0149446,5,1,-69
1755870392.0509446,-2,4,-61
1755870392.088945,-4,1,-65
1755870392.1269443,-4,-3,-72
1755870392.1659446,-6,-10,-69
1755870392.2019446,0,-13,-70
1755870392.2399447,1,-4,-69
1755870392.2789447,1,0,-76
1755870392.3169446,-2,2,-67
1755870392.3549447,2,3,-79
1755870392.3909447,-2,4,-77
1755870392.427945,1,2,-89
1755870392.4659443,0,3,-68
1755870392.5049446,-1,-3,-66
1755870392.5409446,-3,2,-72
1755870392.5779445,-1,-2,-69
1755870392.6169446,-2,-3,-74
1755870392.654945,11,-4,-69
1755870392.690945,5,-3,-68
1755870392.7279446,2,2,-71
1755870392.7659447,0,1,-78
1755870392.8019447,5,0,-78
1755870392.838945,-1,4,-75
1755870392.8769443,-4,3,-77
1755870392.9159446,-1,-4,-87
1755870392.9519446,5,-1,-86
1755870392.9899447,4,-2,-72
1755870393.0279446,4,0,-76
1755870393.065945,0,4,-64
1755870393.1019447,-3,-2,-72
1755870393.1399446,-3,-1,-72
1755870393.177945,-1,7,-69
1755870393.2169447,-3,-1,-67
1755870393.2549446,0,4,-68
1755870393.2909446,0,8,-70
1755870393.3279445,-4,8,-80
1755870393.3669446,0,-2,-67
1755870393.404945,0,0,-75
1755870393.440945,1,-4,-71
1755870393.4779446,-5,0,-70
1755870393.5169446,0,1,-64
1755870393.5549445,1,-5,-64
1755870393.5909443,0,-3,-72
1755870393.6279447,-2,0,-75
1755870393.6669445,-7,-3,-75
1755870393.7049446,-6,-9,-75
1755870393.7409446,5,-6,-76
1755870393.7779446,1,-1,-68
1755870393.8169446,0,0,-68
1755870393.8549447,-6,-2,-74
1755870393.8909447,-3,-4,-75
1755870393.9289446,-3,-1,-75
1755870393.9669447,0,-6,-76
1755870394.0059447,-1,-5,-69
1755870394.042945,-1,-2,-73
1755870394.0799446,-4,-4,-79
1755870394.1179447,-6,6,-71
1755870394.1569445,4,5,-79
1755870394.1929443,8,0,-71
1755870394.2299447,3,0,-74
1755870394.2679446,2,-1,-71
1755870394.3059447,2,5,-62
1755870394.3419447,-2,-5,-71
1755870394.3799446,-6,2,-73
1755870394.417945,-7,0,-77
1755870394.4569447,0,0,-72
1755870394.4929447,0,0,-71
1755870394.529945,1,-1,-71
1755870394.5679443,-2,-5,-75
1755870394.6069446,0,2,-68
1755870394.6429446,8,0,-78
1755870394.6799445,3,4,-65
1755870394.7179446,2,-3,-67
1755870394.7559447,-5,-7,-70
1755870394.7919445,-2,-8,-59
1755870394.8299446,-3,-8,-76
1755870394.8679447,4,-5,-66
1755870394.9069445,8,-3,-71
1755870394.9429443,8,-8,-71
1755870394.9799447,12,-6,-64
1755870395.0179446,1,3,-62
1755870395.0559447,0,-3,-79
1755870395.0919447,0,0,-80
1755870395.1289446,4,5,-76
1755870395.167945,0,-3,-74
1755870395.2059443,5,-3,-75
1755870395.2419446,12,-1,-64
1755870395.2789447,7,-4,-81
1755870395.3179443,0,1,-80
1755870395.3559446,0,2,-77
1755870395.3919446,1,1,-88
1755870395.4289446,-3,-6,-69
1755870395.4679446,0,-9,-81
1755870395.5059447,-5,-4,-82
1755870395.5419445,-1,-2,-66
1755870395.5809443,-4,0,-79
1755870395.6179447,5,3,-68
1755870395.6569445,0,2,-80
1755870395.6929443,3,-2,-68
1755870395.7309446,2,3,-71
1755870395.7679446,-1,2,-62
1755870395.8069446,3,0,-68
1755870395.8429446,1,-3,-81
1755870395.8809447,6,0,-86
1755870395.917945,-6,0,-78
1755870395.9569447,-12,-4,-71
1755870395.9939446,-6,-3,-64
1755870396.0309446,-7,-1,-72
1755870396.0689447,1,-1,-70
1755870396.1079447,0,3,-68
1755870396.1439445,-1,0,-68
1755870396.1819446,3,4,-70
1755870396.2189443,-3,5,-67
1755870396.2579446,-2,0,-73
1755870396.2939446,1,-2,-72
1755870396.3309443,0,1,-78
1755870396.3679447,-3,-3,-78
1755870396.4069445,-7,-11,-69
1755870396.4429443,-6,-3,-74
1755870396.4809446,-2,0,-74
1755870396.5189445,-4,4,-63
1755870396.5579443,1,4,-73
1755870396.5939443,-2,-1,-73
1755870396.631945,-7,-3,-67
1755870396.6699443,-3,-3,-71
1755870396.7089446,-8,-2,-69
1755870396.746945,-8,-4,-85
1755870396.782945,-7,-4,-74
1755870396.8209443,-2,-6,-70
1755870396.858945,-5,-3,-66
1755870396.8979447,0,-4,-75
1755870396.9339447,-4,-4,-70
1755870396.9719446,1,2,-67
1755870397.009945,0,-1,-68
1755870397.0489447,-2,-4,-82
1755870397.0869446,1,-3,-83
1755870397.1229446,6,-3,-80
1755870397.1599443,4,-5,-80
1755870397.1989446,2,-1,-65
1755870397.236945,-1,2,-63
1755870397.2729447,-7,-2,-69
1755870397.3109446,5,0,-79
1755870397.348945,6,2,-80
1755870397.3869443,6,-1,-74
1755870397.4229443,0,-3,-70
1755870397.4599447,-3,0,-70
1755870397.4989443,-1,-7,-72
1755870397.5349443,2,0,-60
1755870397.5719447,-7,-3,-64
1755870397.6099446,3,5,-71
1755870397.6479447,-4,5,-74
1755870397.6839447,-3,4,-68
1755870397.7219446,0,4,-77
1755870397.759945,2,-1,-71
1755870397.7989447,2,2,-61
1755870397.8349447,5,1,-60
1755870397.8729446,1,-2,-75
1755870397.9099443,-5,-7,-74
1755870397.9489446,-3,6,-71
1755870397.9859445,-1,2,-71
1755870398.0229447,2,-3,-75
1755870398.0619447,2,0,-76
1755870398.098945,10,2,-83
1755870398.1379447,-2,0,-81
1755870398.1739447,0,0,-81
1755870398.2119446,0,-1,-77
1755870398.2489443,-1,5,-66
1755870398.2879446,2,11,-68
1755870398.3239446,2,11,-78
1755870398.361945,-1,5,-76
1755870398.3999443,0,3,-67
1755870398.437945,-7,0,-86
1755870398.473945,-1,-1,-85
1755870398.5119443,6,2,-80
1755870398.5499446,0,0,-71
1755870398.5879445,-4,6,-69
1755870398.6239443,-3,6,-75
1755870398.6609447,-3,1,-74
1755870398.6999447,0,0,-71
1755870398.7379446,-1,4,-66
1755870398.7739446,-8,0,-76
1755870398.8119447,5,0,-78
1755870398.8499446,2,0,-76
1755870398.8879447,-2,-3,-68
1755870398.9239447,-9,0,-68
1755870398.9619446,-4,-1,-73
1755870398.9999447,3,-1,-84
1755870399.0379446,-2,-6,-83
1755870399.0739446,4,0,-73
1755870399.111945,3,5,-65
1755870399.1499443,3,3,-68
1755870399.187945,5,-7,-63
1755870399.223945,8,-1,-72
1755870399.2609446,1,0,-67
1755870399.2989447,1,4,-73
1755870399.3349447,5,6,-68
1755870399.371945,1,1,-79
1755870399.4099443,2,3,-79
1755870399.4459443,10,3,-73
1755870399.4829447,2,0,-74
1755870399.519945,1,0,-72
1755870399.5559447,1,0,-74
1755870399.5929446,1,0,-79
1755870399.6309447,11,0,-90
1755870399.6689446,6,-6,-84
1755870399.7049446,4,-2,-80
1755870399.7429447,-1,0,-86
1755870399.7809446,-4,-1,-83
1755870399.8199446,-1,-5,-85
1755870399.8559446,-4,0,-78
1755870399.8929446,-2,2,-78
1755870399.9309447,0,-1,-83
1755870399.9699447,-3,0,-78
1755870400.0059447,-3,0,-75
1755870400.042945,1,8,-81
1755870400.0809443,3,0,-77
1755870400.1199446,12,0,-78
1755870400.1559446,2,-2,-69
1755870400.1929443,3,2,-63
1755870400.2309446,6,0,-62
1755870400.2689445,4,-1,-72
1755870400.3049445,3,0,-70
1755870400.3419447,-4,-1,-81
1755870400.3809447,1,0,-86
1755870400.4189446,0,1,-83
1755870400.4559443,3,-1,-76
1755870400.4929447,-1,5,-75
1755870400.5309446,-3,1,-71
1755870400.5699446,4,-6,-78
1755870400.6059446,-3,-5,-70
1755870400.6439445,1,0,-71
1755870400.6829443,0,2,-66
1755870400.7209446,2,0,-68
1755870400.7589445,-7,-3,-77
1755870400.7949443,0,-4,-57
1755870400.8319447,3,-3,-68
1755870400.8709445,3,0,-66
1755870400.9089446,3,-2,-63
1755870400.9449446,-1,-2,-73
1755870400.9829447,7,-3,-75
1755870401.0209446,3,-1,-75
1755870401.0599446,-4,6,-79
1755870401.0959446,0,2,-86
1755870401.1329446,3,-1,-72
1755870401.1709447,9,3,-78
1755870401.2099447,2,10,-74
1755870401.2459445,0,12,-72
1755870401.282945,-3,9,-78
1755870401.3209443,-4,-3,-73
1755870401.3599446,-2,-2,-67
1755870401.3959446,2,-4,-73
1755870401.4329443,-3,6,-82
1755870401.4709446,-6,4,-67
1755870401.509945,-2,-5,-79
1755870401.5459447,-3,-6,-75
1755870401.5839446,2,-5,-67
1755870401.621945,-8,-1,-68
1755870401.6609447,-8,-3,-79
1755870401.6969447,-6,3,-69
1755870401.733945,-8,0,-71
1755870401.7719443,-3,0,-70
1755870401.8109446,8,3,-80
1755870401.8469446,8,0,-79
1755870401.8839445,11,0,-81
1755870401.9299445,9,-2,-72
1755870401.9659443,0,-3,-71
1755870402.0029447,-4,4,-69
1755870402.0419445,-8,0,-67
1755870402.0799446,-9,1,-68
1755870402.1159446,0,-3,-73
1755870402.1529446,-4,-3,-67
1755870402.1919446,2,-2,-63
1755870402.2299447,0,0,-72
1755870402.2659447,1,-6,-76
1755870402.302945,-2,-7,-76
1755870402.3419447,0,-1,-69
1755870402.3799446,-1,-4,-75
1755870402.4159446,-2,-1,-70
1755870402.4539447,0,-4,-73
1755870402.4919446,-1,-11,-74
1755870402.5309446,1,3,-82
1755870402.5669446,1,-4,-80
1755870402.6039443,-2,-6,-79
1755870402.6419446,0,1,-75
1755870402.6799445,-3,0,-69
1755870402.7159443,-1,-3,-75
1755870402.7539446,0,-4,-70
1755870402.7919445,-2,-2,-72
1755870402.8309443,-8,-1,-85
1755870402.8669446,2,0,-83
1755870402.904945,7,1,-67
1755870402.9419446,0,0,-73
1755870402.9779446,5,-3,-74
1755870403.0159447,2,2,-72
1755870403.052945,3,0,-67
1755870403.0909443,-1,-4,-67
1755870403.1269443,1,0,-68
1755870403.1639447,7,5,-60
1755870403.2019446,5,7,-75
1755870403.2379446,0,1,-76
1755870403.2749443,-2,3,-77
1755870403.312945,-6,0,-66
1755870403.3519447,3,3,-69
1755870403.3879447,6,3,-76
1755870403.4249446,3,1,-75
1755870403.4629445,0,-2,-74
1755870403.5019443,6,-4,-80
1755870403.5379446,6,-2,-81
1755870403.575945,-2,-6,-78
1755870403.6139443,1,-4,-78
1755870403.6529446,0,-6,-82
1755870403.690945,4,2,-78
1755870403.7269447,5,0,-79
1755870403.7639446,4,2,-73
1755870403.8019447,0,5,-65
1755870403.838945,1,7,-74
1755870403.8759446,4,-5,-65
1755870403.9139447,2,0,-72
1755870403.9519446,-8,-3,-72
1755870403.9879446,0,0,-75
1755870404.0249443,0,0,-84
1755870404.062945,3,-1,-69
1755870404.1019447,1,-4,-73
1755870404.1379447,0,-4,-75
1755870404.1759446,6,-4,-79
1755870404.213945,2,1,-69
1755870404.2519443,0,1,-70
1755870404.2879446,1,8,-73
1755870404.325945,5,4,-82
1755870404.3629446,-3,9,-81
1755870404.4019446,-3,8,-69
1755870404.437945,0,0,-75
1755870404.4749446,0,1,-69
1755870404.5129447,3,-3,-82
1755870404.5519447,0,-5,-79
1755870404.5879445,4,-3,-68
1755870404.6259446,3,-4,-77
1755870404.6639447,2,-2,-73
1755870404.7029445,0,-6,-62
1755870404.7389443,10,-8,-68
1755870404.7759447,7,-4,-68
1755870404.8139446,4,1,-81
1755870404.8529446,-3,4,-82
1755870404.8889446,0,2,-73
1755870404.9259446,6,2,-71
1755870404.9629445,0,-1,-75
1755870405.0019443,1,0,-75
1755870405.0379446,-2,4,-76
1755870405.075945,-1,7,-72
1755870405.1149447,-2,0,-74
1755870405.1529446,-2,7,-76
1755870405.1889446,1,8,-85
1755870405.2259445,2,1,-67
1755870405.2629447,2,-5,-72
1755870405.3019447,-2,-5,-71
1755870405.3379445,-1,1,-67
1755870405.3749447,-3,2,-64
1755870405.4129446,7,0,-61
1755870405.4489446,6,-4,-69
1755870405.4859445,7,-5,-68
1755870405.5239446,-4,-8,-73
1755870405.562945,2,-7,-70
1755870405.598945,-1,-2,-74
1755870405.6369443,-8,-1,-77
1755870405.6749446,0,0,-74
1755870405.713945,12,-3,-77
1755870405.7519443,0,0,-79
1755870405.7879446,0,0,-71
1755870405.825945,-3,-3,-77
1755870405.8639443,3,-13,-78
1755870405.9019446,0,-11,-71
1755870405.937945,-1,-9,-71
1755870405.9759445,-3,-5,-74
1755870406.0139446,3,3,-68
1755870406.052945,6,1,-82
1755870406.088945,12,4,-71
1755870406.1269443,0,7,-75
1755870406.1639447,1,3,-69
1755870406.2029445,4,3,-61
1755870406.2389443,0,-1,-73
1755870406.2769446,1,1,-85
1755870406.3149445,2,0,-70
1755870406.3529446,5,-10,-69
1755870406.3899446,1,-1,-66
1755870406.4269447,4,-4,-69
1755870406.4649446,2,-5,-58
1755870406.5039446,-5,6,-68
1755870406.5399446,1,2,-77
1755870406.5769446,3,1,-71
1755870406.6139443,-1,2,-69
1755870406.6529446,0,-1,-70
1755870406.6889446,0,2,-80
1755870406.7269447,-3,-3,-71
1755870406.7649446,-3,-3,-78
1755870406.8039446,0,0,-73
1755870406.8399446,-10,-1,-71
1755870406.8779447,-7,-2,-73
1755870406.9159446,0,3,-72
1755870406.9539447,3,-3,-76
1755870406.9899447,3,1,-78
1755870407.0269446,-3,-1,-84
1755870407.0649445,-1,-8,-74
1755870407.1039443,-10,2,-62
1755870407.1399446,4,2,-64
1755870407.1769447,4,-2,-59
1755870407.2149446,2,0,-70
1755870407.2529447,4,1,-70
1755870407.2889447,-4,2,-74
1755870407.3269446,2,0,-72
1755870407.3649447,0,1,-73
1755870407.4029446,1,0,-64
1755870407.4389446,3,2,-69
1755870407.4759445,-1,3,-79
1755870407.5149446,-4,4,-74
1755870407.552945,0,12,-82
1755870407.588945,-4,4,-76
1755870407.6269443,0,0,-71
1755870407.6649446,1,5,-77
1755870407.7039447,0,7,-79
1755870407.7399447,4,-5,-80
1755870407.7769446,4,-1,-71
1755870407.815945,10,-2,-80
1755870407.8539443,5,-1,-76
1755870407.8899446,1,0,-79
1755870407.9269447,0,-2,-81
1755870407.9659443,0,1,-76
1755870408.0039446,5,1,-73
1755870408.0399446,-2,6,-77
1755870408.0769446,1,-4,-71
1755870408.1159446,-1,-1,-71
1755870408.1539447,-6,-7,-76
1755870408.1899445,1,0,-74
1755870408.2269447,-2,0,-83
1755870408.2659447,11,-3,-83
1755870408.3039446,2,-5,-84
1755870408.3399446,0,-1,-74
1755870408.3769443,2,-6,-72
1755870408.4159446,4,4,-78
1755870408.4539447,2,2,-79
1755870408.4899447,0,-2,-69
1755870408.5269446,3,0,-71
1755870408.5649445,-8,2,-72
1755870408.6009445,-3,-7,-72
1755870408.6389446,0,-8,-67
1755870408.6769447,-4,-1,-77
1755870408.7159443,-3,0,-73
1755870408.7539446,-2,3,-82
1755870408.7899446,0,-1,-67
1755870408.8279445,9,0,-78
1755870408.8659446,8,-3,-75
1755870408.904945,5,-6,-74
1755870408.940945,1,-5,-80
1755870408.9779446,7,5,-78
1755870409.0159447,5,3,-77
1755870409.0539446,2,2,-73
1755870409.0909443,6,0,-81
1755870409.1279447,3,-5,-84
1755870409.1659446,-3,-5,-85
1755870409.2049446,-6,-5,-89
1755870409.2409446,-5,1,-82
1755870409.2779446,-7,8,-75
1755870409.315945,-2,4,-75
1755870409.3549447,4,0,-76
1755870409.3909447,0,-9,-75
1755870409.427945,0,-3,-71
1755870409.4659443,1,-6,-64
1755870409.5049446,3,4,-73
1755870409.5409446,0,1,-73
1755870409.5779445,-6,2,-72
1755870409.6159446,-3,0,-78
1755870409.654945,5,-3,-73
1755870409.690945,-6,0,-71
1755870409.7279446,1,2,-76
1755870409.7659447,8,5,-72
1755870409.8039446,3,2,-77
1755870409.8399446,6,1,-69
1755870409.8779447,1,-2,-56
1755870409.9159446,-1,5,-72
1755870409.9539447,0,0,-84
1755870409.9899447,0,-5,-93
1755870410.0279446,1,1,-85
1755870410.065945,-2,5,-79
1755870410.1039443,-6,10,-75
1755870410.1409447,-1,5,-75
1755870410.177945,4,-1,-85
1755870410.2169447,0,2,-74
1755870410.2549446,6,-4,-72
1755870410.2909446,-3,-3,-70
1755870410.3289447,2,-6,-72
1755870410.3669446,-4,-9,-74
1755870410.4059446,6,4,-79
1755870410.4419446,3,2,-77
1755870410.4789443,2,2,-69
1755870410.5169446,9,0,-64
1755870410.5549445,3,-9,-75
1755870410.5909443,1,2,-73
1755870410.6279447,1,-1,-81
1755870410.6669445,0,-3,-71
1755870410.7049446,3,-2,-67
1755870410.7409446,6,0,-75
1755870410.7779446,-2,0,-81
1755870410.8169446,3,2,-79
1755870410.8549447,0,0,-79
1755870410.8909447,4,-1,-69
1755870410.927945,5,-5,-84
1755870410.9669447,6,-2,-81
1755870411.0049446,-3,2,-74
1755870411.0409446,1,1,-72
1755870411.0779445,4,2,-65
1755870411.1169446,6,0,-73
1755870411.154945,-3,3,-68
1755870411.190945,0,-3,-69
1755870411.2289443,1,4,-73
1755870411.2669446,-6,3,-78
1755870411.3049445,0,-4,-60
1755870411.3409443,0,-1,-67
1755870411.3789446,1,6,-63
1755870411.4169445,-3,-2,-74
1755870411.4549446,2,0,-71
1755870411.4909446,2,-1,-73
1755870411.5289447,-4,0,-71
1755870411.5669446,-5,-5,-77
1755870411.6059446,-3,4,-70
1755870411.6419446,-2,3,-68
1755870411.6789446,5,4,-61
1755870411.7169447,2,0,-70
1755870411.7549446,7,-1,-75
1755870411.7909446,6,-3,-82
1755870411.8289447,7,-14,-85
1755870411.8669446,0,-10,-76
1755870411.9059446,1,1,-68
1755870411.950945,-3,0,-67
1755870411.9879446,-9,-1,-67
1755870412.0269446,-3,-5,-67
1755870412.062945,-9,-11,-75
1755870412.1009445,0,-8,-70
1755870412.1389446,-2,-10,-77
1755870412.1769447,-4,-5,-70
1755870412.2159443,1,0,-68
1755870412.2519443,-2,3,-69
1755870412.2889447,0,-1,-71
1755870412.3269446,-6,2,-75
1755870412.3659446,4,-3,-72
1755870412.4019446,2,5,-77
1755870412.4389446,0,2,-88
1755870412.4769447,1,2,-79
1755870412.5159447,7,0,-75
1755870412.5519447,5,1,-74
1755870412.588945,-4,-2,-64
1755870412.6279447,1,-1,-62
1755870412.6659446,-3,-2,-68
1755870412.7019446,0,-8,-70
1755870412.7389443,0,-2,-69
1755870412.7779446,-4,-2,-72
1755870412.815945,5,-2,-70
1755870412.8519447,0,-4,-70
1755870412.8899446,-3,-6,-72
1755870412.927945,0,-3,-71
1755870412.9669447,4,-2,-71
1755870413.0039446,4,5,-67
1755870413.0409446,1,-3,-74
1755870413.0789447,0,-12,-70
1755870413.1179447,5,-2,-67
1755870413.1559446,3,-1,-70
1755870413.1919446,6,-5,-71
1755870413.2299447,1,-6,-63
1755870413.2679446,0,0,-79
1755870413.3059447,0,-2,-75
1755870413.3429446,1,5,-69
1755870413.3799446,0,-1,-88
1755870413.417945,0,-1,-83
1755870413.4569447,-2,-1,-81
1755870413.4929447,-10,-5,-76
1755870413.5309446,1,3,-75
1755870413.5689447,-1,7,-87
1755870413.6079447,2,-6,-68
1755870413.6459446,0,0,-74
1755870413.6819446,0,0,-75
1755870413.7189443,-3,0,-71
1755870413.7579446,-4,2,-70
1755870413.7939446,-10,3,-77
1755870413.8319447,-1,1,-73
1755870413.8699446,0,0,-77
1755870413.907945,-1,1,-73
1755870413.9439447,-3,5,-70
1755870413.9819446,6,7,-67
1755870414.0189445,10,6,-70
1755870414.0569446,0,1,-70
1755870414.0929446,0,0,-73
1755870414.1299446,-5,-1,-61
1755870414.167945,0,-3,-59
1755870414.2069447,3,-2,-68
1755870414.2429447,-4,-5,-70
1755870414.2809446,0,-3,-71
1755870414.3189447,3,-3,-66
1755870414.3579447,0,2,-57
1755870414.3939445,4,-4,-69
1755870414.4319446,0,-9,-77
1755870414.4699447,-4,-2,-81
1755870414.5089445,-5,-4,-80
1755870414.5469446,-7,-8,-74
1755870414.5829446,1,-4,-73
1755870414.6209445,3,-2,-58
1755870414.6599443,9,-1,-68
1755870414.6979446,8,1,-77
1755870414.733945,12,0,-78
1755870414.7709446,2,2,-75
1755870414.8089447,-4,-1,-68
1755870414.8469446,-2,0,-62
1755870414.8829446,1,-3,-72
1755870414.9209447,1,-5,-69
1755870414.9599447,0,3,-65
1755870414.9979446,-6,3,-69
1755870415.0339446,-4,-7,-77
1755870415.0719447,-6,-5,-81
1755870415.1099446,-3,-5,-75
1755870415.1489446,1,-2,-67
1755870415.1869447,2,-3,-64
1755870415.2229445,5,0,-69
1755870415.259945,6,-2,-73
1755870415.2989447,3,1,-71
1755870415.3369446,-4,0,-72
1755870415.3729446,-5,-2,-68
1755870415.4109447,-1,2,-81
1755870415.4489446,0,2,-84
1755870415.486945,3,-3,-70
1755870415.5229447,7,2,-62
1755870415.5599446,1,-2,-81
1755870415.598945,-2,1,-80
1755870415.6359446,4,-1,-76
1755870415.6729443,-9,-4,-59
1755870415.710945,4,1,-61
1755870415.7489443,-4,-6,-72
1755870415.7849443,-11,-7,-74
1755870415.8229446,7,-2,-82
1755870415.8609445,-2,-1,-82
1755870415.8989446,0,4,-80
1755870415.9349446,-5,-9,-78
1755870415.9729445,-6,-3,-72
1755870416.0109446,-1,-4,-67
1755870416.0489447,-7,-10,-70
1755870416.0879445,-3,-3,-74
1755870416.1239443,6,-5,-79
1755870416.1609447,1,0,-66
1755870416.1989446,5,-5,-71
1755870416.2349446,0,-2,-70
1755870416.2729447,0,-6,-68
1755870416.3109446,0,-7,-79
1755870416.3499446,1,-5,-65
1755870416.3879447,8,4,-77
1755870416.4239447,4,3,-81
1755870416.460945,-5,-1,-70
1755870416.4999447,3,-2,-79
1755870416.5379446,-6,-6,-82
1755870416.5739446,2,0,-74
1755870416.6109445,6,-1,-76
1755870416.6499443,0,-3,-67
1755870416.687945,-4,-6,-69
1755870416.723945,-4,0,-79
1755870416.7619443,5,5,-90
1755870416.7999446,-1,0,-78
1755870416.8379445,2,-1,-75
1755870416.8739443,0,0,-77
1755870416.9109447,-4,5,-69
1755870416.9499447,3,-4,-65
1755870416.9879446,0,-1,-71
1755870417.0239446,7,-6,-65
1755870417.0609446,3,-11,-73
1755870417.0999446,1,-8,-74
1755870417.1379447,0,-3,-77
1755870417.1739447,-1,0,-87
1755870417.210945,2,0,-83
1755870417.2489443,-5,2,-77
1755870417.2849443,-3,-4,-79
1755870417.3229446,3,1,-72
1755870417.3609445,6,-1,-68
1755870417.3999443,3,2,-70
1755870417.4359446,2,0,-59
1755870417.473945,4,-6,-68
1755870417.5109446,4,-2,-72
1755870417.5499446,-2,0,-69
1755870417.585945,-1,2,-68
1755870417.6239443,11,0,-69
1755870417.6609447,7,-6,-72
1755870417.6999447,-1,-1,-80
1755870417.736945,0,-1,-71
1755870417.7739446,0,-2,-70
1755870417.8119447,5,7,-69
1755870417.8499446,-3,11,-61
1755870417.8889446,-5,6,-75
1755870417.9249446,0,2,-77
1755870417.9619446,-1,-1,-67
1755870418.0009446,-4,-6,-70
1755870418.0389447,1,-1,-62
1755870418.0749447,-3,-4,-83
1755870418.1129446,0,-2,-78
1755870418.1509447,-2,-3,-85
1755870418.1899445,0,-4,-93
1755870418.2269447,9,-6,-82
1755870418.2639446,8,-4,-81
1755870418.3019447,2,-3,-85
1755870418.3409443,-2,1,-72
1755870418.3789446,5,-5,-80
1755870418.4149446,1,-8,-79
1755870418.4519446,-6,-5,-78
1755870418.4909446,-8,-2,-75
1755870418.5289447,6,3,-74
1755870418.5649445,3,2,-73
1755870418.6019447,-2,-2,-75
1755870418.6409447,-5,-5,-87
1755870418.6789446,0,1,-81
1755870418.7149446,-2,1,-76
1755870418.7519443,-9,-1,-81
1755870418.7909446,7,-5,-80
1755870418.8289447,2,-6,-74
1755870418.8649447,3,0,-75
1755870418.9019446,-1,-1,-85
1755870418.940945,-2,-6,-78
1755870418.9789443,3,-5,-63
1755870419.0149446,2,0,-63
1755870419.0519447,0,-1,-68
1755870419.0909443,-3,1,-77
1755870419.1269443,0,2,-74
1755870419.1639447,-1,-1,-78
1755870419.2019446,1,0,-75
1755870419.2399447,7,1,-66
1755870419.2759447,8,0,-74
1755870419.3139446,-5,-4,-74
1755870419.3519447,-4,-5,-76
1755870419.3909447,-1,3,-76
1755870419.4269447,1,-1,-74
1755870419.463945,-2,-2,-79
1755870419.5019443,-1,-3,-75
1755870419.5409446,-6,5,-76
1755870419.5769446,-6,0,-71
1755870419.6139443,-1,0,-70
1755870419.6529446,-1,0,-75
1755870419.690945,8,-2,-75
1755870419.7269447,0,-6,-62
1755870419.7639446,-2,0,-56
1755870419.802945,-3,-3,-69
1755870419.8409443,0,-4,-70
1755870419.8769443,2,0,-71
1755870419.9139447,-1,6,-69
1755870419.9519446,0,4,-67
1755870419.9909446,-1,-3,-71
1755870420.0269446,1,0,-78
1755870420.0639446,-4,0,-64
1755870420.1019447,0,-5,-60
1755870420.1409447,4,-5,-69
1755870420.1769447,2,0,-61
1755870420.213945,0,-2,-59
1755870420.2519443,0,-4,-78
1755870420.2909446,-5,-3,-72
1755870420.3269446,-3,0,-64
1755870420.3659446,-1,4,-67
1755870420.4029446,-2,-6,-61
1755870420.4419446,1,-7,-77
1755870420.4799447,-1,-12,-68
1755870420.5159447,3,-3,-67
1755870420.552945,4,5,-77
1755870420.5909443,2,3,-73
1755870420.6269443,-1,0,-74
1755870420.6639447,1,-1,-76
1755870420.7019446,5,0,-77
1755870420.7409446,-1,0,-74
1755870420.7769446,0,-3,-66
1755870420.815945,-1,-5,-76
1755870420.8529446,-6,-5,-70
1755870420.8919446,0,-3,-71
1755870420.927945,-9,7,-76
1755870420.9659443,-4,-4,-75
1755870421.0049446,-3,-6,-80
1755870421.0419445,-1,0,-75
1755870421.0809443,0,-5,-78
1755870421.1169446,4,-3,-83
1755870421.1539447,5,-4,-76
1755870421.1919446,8,-3,-77
1755870421.2309446,8,-1,-82
1755870421.2669446,6,-1,-82
1755870421.3039446,4,-5,-85
1755870421.3429446,0,4,-72
1755870421.3809447,2,-4,-79
1755870421.4169445,-1,-7,-68
1755870421.4549446,1,-4,-73
1755870421.4929447,-1,0,-81
1755870421.5319445,4,0,-64
1755870421.5679443,7,-3,-60
1755870421.6049447,-6,-1,-72
1755870421.6429446,2,-4,-62
1755870421.6819446,-7,-1,-57
1755870421.7179446,-1,-1,-77
1755870421.7559447,6,0,-73
1755870421.792945,8,4,-66
1755870421.8309443,-1,4,-76
1755870421.8669446,1,-1,-75
1755870421.9039447,5,-3,-69
1755870421.9429443,-4,-3,-66
1755870421.9859445,2,-5,-84
1755870422.0239446,5,-3,-80
1755870422.062945,-1,2,-69
1755870422.1009445,-5,0,-71
1755870422.1369443,-4,3,-87
1755870422.1739447,3,1,-74
1755870422.2119446,1,-2,-78
1755870422.2479446,8,0,-71
1755870422.2849443,-6,0,-79
1755870422.3229446,1,-3,-75
1755870422.361945,-2,0,-72
1755870422.3979447,0,-1,-62
1755870422.4349446,1,-2,-74
1755870422.4729445,3,-1,-77
1755870422.5119443,-5,-5,-81
1755870422.5479443,3,-7,-83
1755870422.5849447,-2,-4,-89
1755870422.6229446,-2,3,-73
1755870422.6619446,-2,-6,-84
1755870422.6989446,-3,2,-85
1755870422.7359445,-2,-3,-75
1755870422.7739446,0,-2,-83
1755870422.812945,5,0,-77
1755870422.848945,3,3,-77
1755870422.8869443,-1,4,-67
1755870422.9249446,-1,6,-75
1755870422.9629445,1,4,-71
1755870422.9989443,1,6,-73
1755870423.0359447,6,5,-79
1755870423.0739446,-4,0,-72
1755870423.1129446,8,-4,-78
1755870423.1489446,0,-2,-89
1755870423.1859446,-3,-8,-80
1755870423.223945,0,-6,-69
1755870423.2629447,2,1,-74
1755870423.2989447,7,1,-72
1755870423.335945,4,-4,-67
1755870423.3739443,1,-2,-70
1755870423.4129446,-6,8,-58
1755870423.4489446,-8,3,-70
1755870423.486945,-7,-6,-75
1755870423.5249443,3,1,-82
1755870423.562945,0,-4,-73
1755870423.598945,-1,-6,-66
1755870423.6369443,-8,-2,-73
1755870423.6749446,-5,-2,-59
1755870423.713945,1,3,-65
1755870423.7519443,2,2,-64
1755870423.7879446,-5,-5,-62
1755870423.8269446,-1,-4,-64
1755870423.8639443,0,0,-79
1755870423.9019446,0,5,-87
1755870423.937945,-6,0,-90
1755870423.9749446,-5,5,-73
1755870424.0139446,1,5,-75
1755870424.0519447,-2,5,-73
1755870424.0879445,-2,5,-80
1755870424.1259446,-4,6,-70
1755870424.1639447,-3,0,-71
1755870424.2029445,0,-8,-70
1755870424.2389443,3,-2,-74
1755870424.2769446,-2,5,-66
1755870424.3149445,-8,6,-72
1755870424.3539443,-2,-2,-65
1755870424.3919446,0,0,-70
1755870424.427945,1,-2,-70
1755870424.4649446,-1,-6,-79
1755870424.5039446,2,-1,-82
1755870424.5399446,3,-1,-79
1755870424.5769446,0,2,-73
1755870424.6149447,10,3,-78
1755870424.6529446,-3,4,-75
1755870424.6889446,0,11,-77
1755870424.7269447,1,1,-78
1755870424.7649446,5,-4,-76
1755870424.802945,2,0,-62
1755870424.838945,3,7,-68
1755870424.8769443,1,2,-73
1755870424.9149446,-3,-4,-59
1755870424.9529445,-4,-8,-62
1755870424.9889443,-5,-3,-64
1755870425.0269446,0,-5,-65
1755870425.0649445,0,-3,-75
1755870425.1039443,4,-4,-70
1755870425.1399446,-3,-7,-69
1755870425.177945,3,-5,-66
1755870425.2159443,6,-3,-70
1755870425.2549446,-2,-4,-80
1755870425.292945,3,-4,-75
1755870425.3289447,5,-4,-80
1755870425.3669446,-3,-3,-74
1755870425.404945,5,-3,-66
1755870425.4439447,0,-3,-69
1755870425.4799447,-1,-6,-73
1755870425.5179446,3,1,-69
1755870425.5559447,2,-7,-76
1755870425.5949447,5,-7,-80
1755870425.6329446,0,-6,-63
1755870425.6689446,-1,-2,-61
1755870425.7069447,3,-4,-76
1755870425.7449446,7,-6,-79
1755870425.7839446,2,-3,-64
1755870425.8199446,1,0,-65
1755870425.8569446,3,0,-71
1755870425.894945,-6,0,-73
1755870425.9329443,-1,5,-83
1755870425.9689443,-4,3,-83
1755870426.0059447,0,0,-68
1755870426.0439446,3,0,-73
1755870426.0799446,2,1,-71
1755870426.1169446,-8,-1,-72
1755870426.1559446,-4,2,-84
1755870426.1939447,-3,0,-80
1755870426.2299447,-4,0,-80
1755870426.2679446,-5,-4,-72
1755870426.3059447,-8,-5,-76
1755870426.3449447,2,0,-63
1755870426.3809447,-4,4,-66
1755870426.4189446,-8,0,-68
1755870426.4579446,-3,0,-69
1755870426.4949446,-1,1,-74
1755870426.5339446,7,-3,-71
1755870426.5699446,2,1,-76
1755870426.6079447,-2,3,-80
1755870426.644945,-4,0,-71
1755870426.6839447,-8,0,-74
1755870426.7199447,-3,0,-86
1755870426.7579446,-8,4,-85
1755870426.7949443,-2,0,-77
1755870426.8339446,3,-3,-72
1755870426.8699446,-3,-1,-65
1755870426.907945,-6,-1,-75
1755870426.9459443,-3,1,-76
1755870426.9849446,-1,-3,-80
1755870427.0209446,0,-2,-71
1755870427.0579443,0,-2,-68
1755870427.0959446,1,0,-73
1755870427.134945,3,-1,-61
1755870427.1709447,-7,0,-71
1755870427.2079446,4,4,-76
1755870427.2459445,4,-7,-73
1755870427.2839446,5,-5,-65
1755870427.3199446,6,0,-76
1755870427.3569446,4,-2,-74
1755870427.3959446,0,5,-74
1755870427.4339447,-2,-4,-66
1755870427.4699447,3,-3,-67
1755870427.506945,2,6,-74
1755870427.5449443,1,-1,-73
1755870427.5809443,3,-2,-79
1755870427.6179447,6,1,-77
1755870427.6559446,2,3,-71
1755870427.6939447,6,1,-76
1755870427.7299447,9,1,-82
1755870427.7669446,-6,1,-57
1755870427.8059447,-2,0,-77
1755870427.8439443,-6,-2,-67
1755870427.8799446,-2,0,-63
1755870427.9169445,2,0,-66
1755870427.9549446,3,3,-76
1755870427.9919446,0,4,-71
1755870428.0289447,2,3,-79
1755870428.065945,1,-7,-76
1755870428.1049447,2,0,-72
1755870428.1409447,4,0,-73
1755870428.1789446,2,-4,-73
1755870428.2159443,5,-2,-72
1755870428.2549446,-2,5,-72
1755870428.2909446,0,-2,-70
1755870428.3289447,2,-2,-75
1755870428.3669446,5,-4,-75
1755870428.4059446,0,-5,-73
1755870428.4419446,3,0,-71
1755870428.4789443,3,0,-69
1755870428.5169446,6,3,-75
1755870428.5549445,1,4,-77
1755870428.5909443,-3,0,-67
1755870428.6289446,2,-1,-72
1755870428.6669445,-1,0,-75
1755870428.7049446,0,2,-72
1755870428.7409446,-1,2,-79
1755870428.7779446,0,-4,-63
1755870428.8169446,7,-7,-77
1755870428.8549447,1,0,-89
1755870428.8909447,1,-2,-78
1755870428.9289446,5,-2,-90
1755870428.9669447,1,6,-72
1755870429.0049446,-9,1,-74
1755870429.0409446,-6,-3,-67
1755870429.0789447,3,-4,-58
1755870429.1169446,-1,-2,-67
1755870429.1559446,1,0,-80
1755870429.1919446,-2,0,-78
1755870429.2289443,-6,4,-71
1755870429.2669446,-7,3,-69
1755870429.3059447,-2,-2,-81
1755870429.3419447,-1,-3,-79
1755870429.3799446,0,-2,-76
1755870429.417945,-9,-1,-77
1755870429.4569447,0,0,-72
1755870429.4949446,7,4,-78
1755870429.5309446,7,9,-81
1755870429.5689447,-2,12,-75
1755870429.6079447,-1,2,-68
1755870429.6459446,0,0,-63
1755870429.6819446,-2,3,-73
1755870429.7189443,0,1,-74
1755870429.756945,1,-1,-75
1755870429.792945,-1,0,-72
1755870429.8299446,-1,-1,-59
1755870429.8679447,4,-3,-62
1755870429.9069445,8,-6,-67
1755870429.9429443,0,-2,-68
1755870429.9809446,2,-5,-68
1755870430.0189445,0,0,-82
1755870430.0569446,-6,-7,-70
1755870430.0929446,-4,-1,-67
1755870430.1309447,-4,3,-69
1755870430.1689446,0,-4,-77
1755870430.2069447,1,-3,-65
1755870430.2459445,4,3,-74
1755870430.2819445,1,-6,-61
1755870430.3189447,5,-4,-66
1755870430.3569446,-1,-7,-76
1755870430.3959446,-7,1,-81
1755870430.4319446,-9,-2,-83
1755870430.4709446,-1,1,-79
1755870430.5079446,0,2,-70
1755870430.5469446,-1,0,-79
1755870430.5839446,-4,-4,-78
1755870430.6209445,-1,0,-72
1755870430.6599443,9,0,-71
1755870430.6979446,2,-3,-72
1755870430.7359445,-3,0,-83
1755870430.7719443,-5,2,-75
1755870430.8099446,1,1,-84
1755870430.8479445,-3,-1,-69
1755870430.8859446,7,0,-75
1755870430.9219446,5,4,-72
1755870430.9589446,4,-3,-73
1755870430.9979446,6,8,-70
1755870431.0359447,-6,4,-83
1755870431.0719447,-1,3,-76
1755870431.1099446,-1,-3,-72
1755870431.1479447,0,2,-74
1755870431.1859446,2,-1,-73
1755870431.2219446,0,-4,-76
1755870431.259945,-3,7,-77
1755870431.2979443,-2,5,-79
1755870431.335945,-4,4,-83
1755870431.371945,-1,3,-80
1755870431.4099443,-7,9,-67
1755870431.4479446,-3,-2,-69
1755870431.4859445,-4,-1,-70
1755870431.5219443,3,6,-70
1755870431.5589447,0,-2,-72
1755870431.5979445,1,5,-68
1755870431.6339445,2,-2,-70
1755870431.6719446,1,0,-75
1755870431.7089446,-3,4,-72
1755870431.7479446,2,1,-78
1755870431.7849443,4,-2,-70
1755870431.8219447,4,7,-77
1755870431.858945,-7,8,-73
1755870431.8979447,-2,7,-62
1755870431.9339447,1,-5,-66
1755870431.9719446,3,0,-76
1755870432.0179446,1,1,-70
1755870432.0539446,0,6,-74
1755870432.0909443,4,3,-74
1755870432.1289446,-2,-2,-69
1755870432.167945,-5,-2,-72
1755870432.2039447,-6,-3,-66
1755870432.2419446,-3,-6,-71
1755870432.2809446,-4,-3,-78
1755870432.3189447,0,-3,-61
1755870432.3569446,0,2,-73
1755870432.3929446,2,5,-74
1755870432.4309447,2,0,-69
1755870432.4689443,5,-1,-78
1755870432.506945,0,3,-64
1755870432.542945,6,3,-65
1755870432.5799446,2,0,-77
1755870432.6189446,0,-3,-70
1755870432.6569445,10,-7,-73
1755870432.6929443,10,-13,-73
1755870432.7309446,5,-7,-71
1755870432.7689445,8,-2,-69
1755870432.8079443,5,-5,-81
1755870432.8439443,3,0,-78
1755870432.8809447,0,-1,-80
1755870432.9189446,0,-4,-81
1755870432.9579446,-4,-10,-80
1755870432.9939446,0,-6,-76
1755870433.0309446,-3,-6,-70
1755870433.0689447,0,0,-81
1755870433.1079447,-3,-2,-75
1755870433.1439445,-1,1,-68
1755870433.1809447,0,0,-66
1755870433.2189443,4,-3,-70
1755870433.256945,3,-3,-66
1755870433.292945,-1,3,-75
1755870433.3309443,7,10,-86
1755870433.3689446,6,-2,-81
1755870433.404945,3,-3,-78
1755870433.4429443,4,1,-80
1755870433.4799447,-4,-5,-77
1755870433.5189445,7,-1,-77
1755870433.5549445,8,0,-69
1755870433.5919447,0,-1,-83
1755870433.6299446,-1,6,-85
1755870433.6689446,2,2,-79
1755870433.7049446,1,-3,-67
1755870433.7419446,3,-1,-72
1755870433.779945,5,1,-76
1755870433.8179443,2,-3,-78
1755870433.8539443,-4,2,-67
1755870433.8919446,3,0,-73
1755870433.9299445,0,7,-85
1755870433.9679446,-3,6,-81
1755870434.0039446,8,5,-82
1755870434.0409446,1,1,-77
1755870434.0789447,5,3,-76
1755870434.1149447,1,-1,-77
1755870434.1529446,2,4,-80
1755870434.1899445,0,5,-75
1755870434.2279446,-1,-4,-77
1755870434.2639446,-3,-3,-76
1755870434.3019447,0,0,-71
1755870434.3399446,1,5,-80
1755870434.3779447,-6,-4,-75
1755870434.4139447,1,-4,-67
1755870434.450945,0,-4,-66
1755870434.4899447,0,-4,-68
1755870434.5279446,0,-2,-77
1755870434.5639446,16,-6,-76
1755870434.6009445,3,3,-79
1755870434.6389446,4,-4,-66
1755870434.6749446,7,0,-70
1755870434.7119446,4,0,-68
1755870434.7499447,-1,-1,-68
1755870434.7879446,7,-4,-69
1755870434.8239446,4,0,-72
1755870434.8609445,1,0,-79
1755870434.8999443,5,-3,-69
1755870434.937945,3,2,-67
1755870434.973945,5,0,-77
1755870435.0109446,1,0,-83
1755870435.0499446,-3,-1,-85
1755870435.0879445,-4,1,-90
1755870435.1239443,0,-9,-75
1755870435.1609447,1,-7,-75
1755870435.1989446,4,-2,-74
1755870435.2349446,7,-9,-80
1755870435.2729447,0,0,-78
1755870435.3099446,5,-4,-68
1755870435.348945,7,-2,-75
1755870435.384945,8,-3,-74
1755870435.4229443,1,-9,-74
1755870435.4599447,-1,-1,-68
1755870435.4989443,-4,-7,-77
1755870435.5349443,-3,-1,-71
1755870435.5729446,-4,-1,-80
1755870435.611945,-3,-4,-66
1755870435.6499443,-4,-1,-69
1755870435.6859446,0,-6,-71
1755870435.7229445,-2,2,-71
1755870435.7619443,3,1,-82
1755870435.7999446,-1,7,-79
1755870435.835945,-6,4,-82
1755870435.8729446,-2,3,-76
1755870435.9119446,0,-3,-69
1755870435.9499447,2,4,-68
1755870435.9859445,-4,3,-57
1755870436.0229447,-6,1,-76
1755870436.0609446,0,-7,-66
1755870436.0999446,5,-4,-74
1755870436.1359446,4,-1,-80
1755870436.1729443,2,2,-90
1755870436.210945,1,-2,-83
1755870436.2489443,0,-5,-82
1755870436.2849443,1,-3,-79
1755870436.3219447,0,-3,-71
1755870436.3609445,5,-4,-77
1755870436.3989446,6,0,-74
1755870436.4349446,-1,-6,-70
1755870436.4729445,1,2,-66
1755870436.5109446,0,2,-63
1755870436.5489447,-5,0,-60
1755870436.5849447,0,1,-71
1755870436.621945,-3,2,-65
1755870436.6609447,6,1,-60
1755870436.6989446,3,8,-76
1755870436.7349446,5,13,-86
1755870436.7719443,8,4,-84
1755870436.8109446,6,-3,-85
1755870436.848945,-5,-8,-76
1755870436.884945,0,2,-70
1755870436.9219446,-8,9,-74
1755870436.960945,-3,6,-60
1755870436.996945,-1,2,-64
1755870437.0339446,-3,3,-77
1755870437.0719447,-1,1,-80
1755870437.1109445,-4,0,-63
1755870437.1469443,0,-5,-66
1755870437.1839447,6,-2,-70
1755870437.2219446,0,0,-62
1755870437.259945,0,2,-73
1755870437.2959447,-1,-4,-79
1755870437.3339446,0,-5,-74
1755870437.371945,-4,0,-74
1755870437.4109447,0,0,-78
1755870437.4469447,5,-1,-81
1755870437.483945,-6,1,-88
1755870437.5219443,0,4,-85
1755870437.5609446,0,2,-74
1755870437.5969446,-1,2,-75
1755870437.6339445,8,0,-76
1755870437.6709447,1,3,-69
1755870437.7069447,-4,0,-65
1755870437.7439446,5,0,-78
1755870437.782945,-4,-2,-72
1755870437.8209443,0,3,-77
1755870437.8569446,0,-1,-78
1755870437.8959446,2,-2,-75
1755870437.9329443,0,4,-69
1755870437.9709446,2,-1,-67
1755870438.006945,6,3,-78
1755870438.0439446,4,-6,-71
1755870438.0829446,-3,0,-77
1755870438.1209445,-2,-3,-87
1755870438.1569445,2,-5,-85
1755870438.1939447,6,-7,-77
1755870438.2319446,0,-9,-83
1755870438.2709446,1,-8,-83
1755870438.3069446,-3,-8,-72
1755870438.3459446,-2,5,-70
1755870438.3829446,3,0,-85
1755870438.4219446,2,-4,-70
1755870438.4599447,4,-1,-77
1755870438.4959445,-1,0,-75
1755870438.532945,3,3,-71
1755870438.5709443,1,1,-74
1755870438.6069446,3,3,-74
1755870438.6439445,3,0,-84
1755870438.6819446,-1,1,-77
1755870438.7179446,-5,-2,-75
1755870438.7559447,0,3,-75
1755870438.792945,-3,0,-71
1755870438.8319447,2,-3,-64
1755870438.8679447,-1,0,-69
1755870438.9059446,1,0,-61
1755870438.9449446,3,0,-57
1755870438.9819446,0,1,-70
1755870439.0209446,-10,7,-81
1755870439.0569446,-2,-1,-67
1755870439.0949447,2,0,-72
1755870439.131945,3,1,-68
1755870439.167945,-4,0,-71
1755870439.2059443,2,-3,-64
1755870439.2449446,0,-3,-70
1755870439.2819445,-1,1,-73
1755870439.3209443,0,0,-67
1755870439.3569446,0,5,-65
1755870439.394945,2,4,-78
1755870439.4319446,-6,0,-84
1755870439.4709446,-3,-1,-79
1755870439.506945,1,-1,-86
1755870439.5439446,-2,0,-76
1755870439.5829446,0,5,-69
1755870439.6209445,-3,3,-60
1755870439.6569445,3,2,-57
1755870439.6939447,5,0,-65
1755870439.7329447,0,-5,-76
1755870439.7709446,5,-1,-79
1755870439.8069446,1,-1,-74
1755870439.8439443,4,-1,-85
1755870439.8829446,1,0,-77
1755870439.9209447,1,0,-80
1755870439.9569447,5,-1,-83
1755870439.9939446,8,2,-85
1755870440.032945,8,7,-87
1755870440.0709443,0,2,-77
1755870440.1069446,0,1,-68
1755870440.1439445,0,-2,-86
1755870440.1829443,-4,2,-77
1755870440.2209446,-5,0,-71
1755870440.256945,-3,-6,-79
1755870440.2949443,-7,-6,-85
1755870440.3339446,-4,4,-76
1755870440.371945,-7,2,-82
1755870440.407945,-5,9,-76
1755870440.4449446,-8,6,-82
1755870440.483945,0,3,-81
1755870440.5219443,-3,1,-64
1755870440.5579443,0,1,-69
1755870440.5949447,-5,0,-78
1755870440.6329446,0,-6,-91
1755870440.6719446,6,-9,-77
1755870440.7079446,1,-1,-69
1755870440.7449446,5,0,-79
1755870440.782945,1,0,-76
1755870440.8189447,0,1,-78
1755870440.8569446,2,7,-73
1755870440.894945,1,-5,-76
1755870440.9339447,6,-6,-73
1755870440.9719446,-5,-6,-66
1755870441.0079446,-1,-1,-65
1755870441.0469446,1,0,-67
1755870441.0839446,-2,0,-65
1755870441.1229446,-7,1,-61
1755870441.1589446,-2,1,-69
1755870441.1959443,4,-7,-70
1755870441.233945,1,-2,-81
1755870441.2729447,0,-5,-73
1755870441.3089447,2,-7,-76
1755870441.3459446,1,0,-78
1755870441.3839445,-1,1,-70
1755870441.4229443,1,6,-74
1755870441.4589446,-1,4,-81
1755870441.496945,-1,5,-70
1755870441.5339446,-3,2,-68
1755870441.5729446,-5,2,-74
1755870441.608945,-7,1,-67
1755870441.6469443,-5,-1,-71
1755870441.6839447,-1,-6,-71
1755870441.7229445,-2,-1,-75
1755870441.7589445,-3,-2,-71
1755870441.7969446,0,-3,-59
1755870441.8349447,4,0,-64
1755870441.8729446,8,-4,-70
1755870441.9089446,8,-6,-66
1755870441.9459443,4,-5,-78
1755870441.983945,0,-7,-64
1755870442.0279446,-9,-1,-70
1755870442.065945,0,-3,-78
1755870442.1049447,-2,0,-77
1755870442.1429446,7,3,-69
1755870442.1789446,4,1,-74
1755870442.2159443,-3,3,-84
1755870442.2539446,-2,3,-81
1755870442.292945,-1,-4,-87
1755870442.3289447,4,-2,-83
1755870442.3659446,3,0,-74
1755870442.4039447,-2,-3,-74
1755870442.440945,-2,-3,-76
1755870442.4779446,-6,0,-83
1755870442.5159447,-4,0,-77
1755870442.5539446,3,0,-78
1755870442.5929446,2,0,-78
1755870442.6289446,1,1,-73
1755870442.6659446,0,2,-90
1755870442.7039447,-2,0,-83
1755870442.7409446,0,7,-71
1755870442.7779446,-1,2,-71
1755870442.815945,-7,4,-66
1755870442.8539443,2,3,-82
1755870442.8899446,1,2,-73
1755870442.9269447,7,4,-70
1755870442.963945,7,5,-72
1755870442.9999447,-6,7,-77
1755870443.0369446,3,-2,-74
1755870443.0749447,9,0,-66
1755870443.1139443,5,-1,-80
1755870443.1499443,2,1,-74
1755870443.1869447,-1,0,-75
1755870443.2249446,-5,6,-74
1755870443.2639446,-1,0,-71
1755870443.2999446,-2,-7,-72
1755870443.338945,1,-3,-71
1755870443.3759446,3,-4,-69
1755870443.4149446,2,-1,-77
1755870443.4529445,-2,0,-71
1755870443.4889443,-1,0,-73
1755870443.5259447,-5,2,-79
1755870443.5649445,5,0,-69
1755870443.6029446,0,4,-68
1755870443.6389446,-4,1,-66
1755870443.6759446,1,4,-76
1755870443.713945,-4,-3,-79
1755870443.7499447,-9,-3,-75
1755870443.7889447,0,-1,-77
1755870443.825945,6,-4,-72
1755870443.8649447,-2,0,-68
1755870443.9029446,-3,0,-72
1755870443.9389446,-6,-1,-65
1755870443.9769447,-4,2,-85
1755870444.0149446,0,2,-79
1755870444.052945,1,2,-72
1755870444.088945,-6,7,-69
1755870444.1259446,-2,4,-84
1755870444.1649446,-3,2,-83
1755870444.200945,-1,6,-80
1755870444.2379446,1,2,-73
1755870444.2759447,3,5,-77
1755870444.3139446,5,0,-82
1755870444.3499446,2,5,-82
1755870444.3869443,-2,4,-71
1755870444.4259446,3,3,-78
1755870444.463945,0,6,-77
1755870444.4999447,3,1,-75
1755870444.5369446,-2,-1,-76
1755870444.5749447,-5,-4,-65
1755870444.6139443,0,2,-74
1755870444.6499443,8,-2,-62
1755870444.6889446,0,4,-70
1755870444.7259445,10,0,-69
1755870444.7639446,5,-7,-75
1755870444.7999446,1,-1,-79
1755870444.8379445,4,0,-79
1755870444.8759446,-7,-2,-68
1755870444.9149446,-6,0,-70
1755870444.950945,-2,2,-68
1755870444.9889443,1,-6,-71
1755870445.0259447,-2,-3,-67
1755870445.0649445,-5,3,-72
1755870445.1009445,-1,-2,-80
1755870445.1389446,1,-3,-66
1755870445.1769447,-4,0,-67
1755870445.2159443,2,0,-75
1755870445.2539446,0,7,-62
1755870445.2899446,3,4,-66
1755870445.3269446,6,5,-78
1755870445.3649447,11,6,-67
1755870445.4009447,8,2,-72
1755870445.437945,3,0,-58
1755870445.4759445,3,-3,-78
1755870445.5139446,0,1,-80
1755870445.5499446,3,1,-69
1755870445.588945,2,0,-69
1755870445.6259446,7,4,-66
1755870445.6639447,11,5,-70
1755870445.6999447,-1,0,-62
1755870445.7379446,-2,-5,-70
1755870445.7759447,1,4,-80
1755870445.8139446,-2,0,-82
1755870445.8499446,-1,-3,-60
1755870445.8889446,-3,0,-57
1755870445.9259446,-1,0,-73
1755870445.9649446,-10,-6,-70
1755870446.0009446,-9,-6,-71
1755870446.0389447,-1,-2,-79
1755870446.0769446,2,-12,-79
1755870446.1159446,6,-5,-78
1755870446.1519446,8,0,-73
1755870446.1889446,7,2,-77
1755870446.2269447,6,1,-70
1755870446.2649446,6,-5,-67
1755870446.3009446,2,-7,-75
1755870446.3379445,0,-4,-67
1755870446.3759446,-3,-1,-72
1755870446.4149446,-8,4,-75
1755870446.450945,5,4,-68
1755870446.4879446,-5,6,-73
1755870446.5269446,4,2,-72
1755870446.5649445,11,1,-66
1755870446.6009445,2,4,-69
1755870446.6379447,0,-3,-64
1755870446.6769447,0,3,-69
1755870446.7149446,3,5,-80
1755870446.7509446,-1,0,-64
1755870446.7879446,-1,2,-57
1755870446.8269446,1,0,-70
1755870446.8649447,0,0,-78
1755870446.9009447,-2,1,-78
1755870446.937945,-1,1,-76
1755870446.9769447,-4,-1,-73
1755870447.0149446,6,2,-77
1755870447.0509446,7,8,-66
1755870447.0879445,-1,5,-85
1755870447.1269443,0,0,-74
1755870447.1649446,4,0,-88
1755870447.200945,5,1,-80
1755870447.2379446,4,-4,-92
1755870447.2769446,-5,1,-77
1755870447.3149445,-4,1,-81
1755870447.3509445,-4,-1,-74
1755870447.3899446,6,-9,-75
1755870447.4269447,-3,-3,-80
1755870447.4659443,-4,-2,-81
1755870447.5019443,0,-5,-75
1755870447.5389447,4,3,-65
1755870447.5769446,8,3,-67
1755870447.6149447,3,1,-65
1755870447.6509447,3,-3,-79
1755870447.687945,5,0,-68
1755870447.7259445,-1,-2,-82
1755870447.7619443,-1,-1,-70
1755870447.7999446,3,-6,-73
1755870447.8379445,-5,-5,-71
1755870447.8769443,1,-7,-68
1755870447.9129446,3,-3,-75
1755870447.950945,3,-3,-68
1755870447.9889443,5,4,-74
1755870448.0269446,1,4,-81
1755870448.062945,1,1,-71
1755870448.1009445,5,2,-78
1755870448.1379447,0,2,-70
1755870448.1769447,-2,-2,-80
1755870448.2129445,1,-4,-72
1755870448.2509446,3,-2,-73
1755870448.2899446,0,-1,-78
1755870448.3269446,-3,-5,-80
1755870448.3659446,-7,2,-67
1755870448.4019446,-6,4,-61
1755870448.4399445,-3,4,-81
1755870448.4779446,1,2,-74
1755870448.5159447,-6,0,-66
1755870448.5519447,-1,0,-71
1755870448.5899446,2,9,-72
1755870448.6279447,3,-5,-82
1755870448.6659446,7,0,-77
1755870448.7019446,1,-2,-68
1755870448.7389443,-1,-5,-69
1755870448.7779446,4,-4,-72
1755870448.815945,5,-2,-71
1755870448.8519447,6,0,-73
1755870448.8899446,1,0,-74
1755870448.927945,-1,-1,-84
1755870448.9659443,-2,-1,-85
1755870449.0019443,-2,-2,-71
1755870449.0399446,-3,-3,-68
1755870449.0779445,-1,1,-73
1755870449.1169446,-8,3,-70
1755870449.1529446,-2,1,-70
1755870449.1899445,-1,0,-72
1755870449.2279446,3,2,-79
1755870449.2659447,0,-2,-81
1755870449.3019447,1,-3,-79
1755870449.3399446,2,-1,-69
1755870449.3779447,-3,0,-75
1755870449.4169445,0,-4,-78
1755870449.4529445,4,-1,-66
1755870449.4909446,0,-3,-64
1755870449.5289447,3,-1,-73
1755870449.5679443,1,-5,-76
1755870449.6039443,-4,-5,-74
1755870449.6419446,1,-2,-86
1755870449.6809447,-1,-1,-73
1755870449.7179446,2,4,-69
1755870449.7539446,0,9,-74
1755870449.7909446,0,-2,-68
1755870449.8289447,0,6,-65
1755870449.8669446,0,7,-74
1755870449.9029446,-3,0,-65
1755870449.9399445,3,-4,-75
1755870449.9779446,-2,0,-61
1755870450.0169446,1,-1,-68
1755870450.052945,-1,0,-82
1755870450.0899446,7,-4,-75
1755870450.1279447,-5,0,-88
1755870450.1669445,0,-1,-72
1755870450.2029445,-5,-5,-71
1755870450.2409446,4,-2,-76
1755870450.2789447,-3,-2,-83
1755870450.3179443,-8,-2,-82
1755870450.3539443,0,-6,-83
1755870450.3909447,-1,0,-79
1755870450.4289446,2,-5,-76
1755870450.4679446,-1,3,-74
1755870450.5039446,1,1,-75
1755870450.5409446,8,0,-73
1755870450.5789447,3,-2,-71
1755870450.6179447,5,-3,-66
1755870450.6539447,0,1,-61
1755870450.690945,3,5,-78
1755870450.7289443,6,1,-75
1755870450.7669446,1,-1,-77
1755870450.802945,-4,-3,-78
1755870450.8409443,2,-7,-65
1755870450.8789446,-1,4,-77
1755870450.917945,-1,6,-73
1755870450.9539447,5,-3,-72
1755870450.9909446,-1,-7,-68
1755870451.0289447,-4,-1,-79
1755870451.0679443,-1,0,-77
1755870451.1039443,1,0,-67
1755870451.1419446,-2,-3,-64
1755870451.1799445,0,-6,-77
1755870451.2189443,1,-2,-85
1755870451.256945,0,3,-79
1755870451.292945,4,-2,-70
1755870451.3299446,-1,-1,-64
1755870451.3689446,-5,-2,-62
1755870451.404945,-4,0,-67
1755870451.4439447,-1,-1,-72
1755870451.4809446,-2,-7,-61
1755870451.519945,6,-5,-61
1755870451.5579443,0,-1,-70
1755870451.5939443,2,-4,-77
1755870451.6329446,-4,3,-75
1755870451.6699443,-9,-1,-76
1755870451.7089446,-3,5,-74
1755870451.7449446,0,5,-76
1755870451.782945,2,7,-72
1755870451.8199446,4,5,-62
1755870451.8579447,0,1,-64
1755870451.8939445,-1,3,-71
1755870451.9309447,11,-3,-71
1755870451.9689443,3,-5,-69
1755870452.0079446,-9,6,-75
1755870452.052945,0,0,-80
1755870452.0909443,0,2,-80
1755870452.1289446,6,0,-67
1755870452.1659446,4,-4,-72
1755870452.2029445,4,-7,-72
1755870452.2409446,3,-3,-60
1755870452.279945,0,0,-79
1755870452.3179443,-1,2,-76
1755870452.3539443,-6,0,-69
1755870452.3909447,3,3,-59
1755870452.4299445,2,2,-77
1755870452.4679446,0,-4,-77
1755870452.5039446,-2,1,-81
1755870452.5409446,0,-1,-69
1755870452.5799446,0,-2,-66
1755870452.6179447,7,3,-68
1755870452.6539447,9,2,-74
1755870452.690945,5,-2,-66
1755870452.7299447,4,-5,-69
1755870452.7679446,-1,2,-66
1755870452.8039446,-1,4,-70
1755870452.8409443,0,5,-65
1755870452.8789446,8,-1,-68
1755870452.9149446,5,-6,-70
1755870452.9529445,1,0,-62
1755870452.9899447,-2,-1,-62
1755870453.0289447,-3,-4,-81
1755870453.0649445,0,2,-82
1755870453.1029446,-1,0,-83
1755870453.1409447,-1,1,-77
1755870453.1789446,-3,1,-70
1755870453.2149446,-8,5,-65
1755870453.2529447,-6,-4,-74
1755870453.2899446,-4,0,-68
1755870453.3289447,-2,1,-67
1755870453.3649447,-4,4,-75
1755870453.4029446,0,3,-76
1755870453.4399445,5,6,-81
1755870453.4759445,-3,5,-85
1755870453.5129447,-4,-5,-74
1755870453.5509446,-3,1,-66
1755870453.5899446,1,-2,-70
1755870453.6259446,0,-5,-68
1755870453.6639447,0,-4,-75
1755870453.7029445,-2,5,-75
1755870453.7409446,0,0,-78
1755870453.7789447,2,-2,-80
1755870453.8149445,9,-3,-69
1755870453.8529446,0,-7,-69
1755870453.8909447,-1,-3,-69
1755870453.9289446,3,0,-67
1755870453.9649446,8,-7,-64
1755870454.0029447,-4,-4,-74
1755870454.0409446,0,-9,-73
1755870454.0789447,0,-1,-69
1755870454.1149447,0,3,-80
1755870454.1529446,-2,-2,-73
1755870454.190945,-3,-8,-66
1755870454.2289443,5,0,-74
1755870454.2649446,2,-11,-75
1755870454.3019447,0,-4,-79
1755870454.3409443,-3,1,-70
1755870454.3789446,-3,2,-70
1755870454.4149446,1,3,-72
1755870454.4529445,1,2,-76
1755870454.4909446,5,-4,-73
1755870454.5289447,2,-1,-70
1755870454.5649445,0,-4,-75
1755870454.6019447,-12,3,-70
1755870454.6409447,-4,3,-81
1755870454.6789446,-6,1,-77
1755870454.7149446,-3,0,-80
1755870454.7519443,0,1,-73
1755870454.7909446,-3,0,-60
1755870454.8289447,-4,0,-76
1755870454.8649447,-6,1,-76
1755870454.9019446,-1,-5,-65
1755870454.940945,3,-3,-61
1755870454.9769447,-1,1,-68
1755870455.0139446,0,-1,-71
1755870455.0519447,-1,-1,-88
1755870455.0909443,6,-3,-87
1755870455.1269443,5,0,-80
1755870455.1639447,-1,-9,-76
1755870455.2019446,-6,-14,-72
1755870455.2409446,1,0,-80
1755870455.2769446,2,1,-88
1755870455.3139446,-2,2,-87
1755870455.3529446,0,0,-86
1755870455.3909447,-6,0,-70
1755870455.4269447,1,-3,-74
1755870455.463945,3,0,-71
1755870455.5029447,6,-1,-70
1755870455.5409446,-1,1,-65
1755870455.5769446,-1,3,-72
1755870455.6139443,6,6,-72
1755870455.6529446,3,-2,-75
1755870455.690945,-2,7,-82
1755870455.7269447,-3,0,-67
1755870455.7639446,-4,-7,-81
1755870455.802945,-1,-2,-68
1755870455.8409443,2,-3,-81
1755870455.8769443,-3,-6,-81
1755870455.9149446,2,-2,-68
1755870455.9529445,-3,2,-67
1755870455.9919446,-4,-2,-61
1755870456.029945,-1,-3,-68
1755870456.065945,-4,-5,-69
1755870456.1039443,-2,3,-71
1755870456.1419446,0,0,-78
1755870456.1799445,2,-6,-86
1755870456.2159443,-1,-9,-74
1755870456.2539446,-3,1,-73
1755870456.2919445,2,6,-76
1755870456.3309443,5,0,-77
1755870456.3669446,1,-3,-81
1755870456.404945,0,-2,-72
1755870456.4439447,1,-2,-79
1755870456.4819446,5,0,-69
1755870456.519945,4,-3,-67
1755870456.5559447,6,-2,-75
1755870456.5929446,1,0,-68
1755870456.6309447,0,-2,-75
1755870456.6669445,3,-2,-74
1755870456.7039447,11,0,-64
1755870456.7419446,11,-3,-61
1755870456.7779446,-4,1,-67
1755870456.815945,-5,-1,-75
1755870456.8529446,-4,-3,-71
1755870456.8919446,0,-2,-70
1755870456.927945,3,0,-68
1755870456.9649446,7,2,-70
1755870457.0029447,3,0,-73
1755870457.0409446,-8,1,-76
1755870457.0769446,-3,-2,-75
1755870457.1159446,0,1,-68
1755870457.1529446,4,2,-64
1755870457.190945,0,-7,-60
1755870457.2269447,-6,0,-66
1755870457.2639446,-5,1,-83
1755870457.302945,-1,2,-83
1755870457.3409443,0,1,-79
1755870457.3769443,3,0,-71
1755870457.4139447,-5,0,-83
1755870457.4529445,-6,-2,-68
1755870457.4909446,-4,-7,-73
1755870457.5269446,0,-8,-69
1755870457.5639446,4,0,-78
1755870457.6029446,-1,0,-76
1755870457.6409447,3,0,-67
1755870457.6769447,-4,0,-63
1755870457.713945,-9,1,-69
1755870457.7529447,1,4,-73
1755870457.7909446,5,-1,-69
1755870457.8269446,2,-3,-65
1755870457.8639443,-2,-4,-68
1755870457.9029446,2,0,-70
1755870457.940945,7,-1,-78
1755870457.9769447,2,-5,-77
1755870458.0139446,0,-5,-77
1755870458.052945,8,-2,-79
1755870458.0909443,7,-7,-75
1755870458.1269443,8,-4,-82
1755870458.1639447,7,-2,-59
1755870458.2029445,0,1,-60
1755870458.2409446,8,-4,-73
1755870458.2769446,-1,2,-79
1755870458.3139446,2,-2,-84
1755870458.3529446,-3,-2,-78
1755870458.3909447,-1,-4,-77
1755870458.4269447,0,-3,-70
1755870458.4649446,5,-3,-73
1755870458.5029447,-2,0,-67
1755870458.5419445,0,0,-69
1755870458.5779445,4,0,-66
1755870458.6159446,-2,1,-71
1755870458.6529446,-8,1,-73
1755870458.6919446,-1,-3,-75
1755870458.7279446,-1,-4,-78
1755870458.7659447,0,3,-71
1755870458.802945,1,3,-67
1755870458.838945,1,-2,-70
1755870458.8759446,-4,2,-83
1755870458.9139447,-4,-1,-70
1755870458.9529445,2,-3,-86
1755870458.9889443,0,0,-82
1755870459.0259447,0,3,-82
1755870459.0639446,-4,0,-80
1755870459.1029446,-1,1,-78
1755870459.1389446,7,-4,-74
1755870459.1759446,3,-2,-70
1755870459.213945,5,-4,-74
1755870459.2529447,0,-2,-65
1755870459.2889447,-2,-6,-74
1755870459.3269446,-6,-6,-73
1755870459.3659446,-7,0,-74
1755870459.4039447,-4,1,-71
1755870459.4419446,-8,1,-65
1755870459.4779446,-5,0,-70
1755870459.5159447,-8,5,-75
1755870459.5539446,-3,-7,-84
1755870459.5929446,8,-7,-86
1755870459.6289446,9,-2,-75
1755870459.6659446,-1,3,-72
1755870459.7039447,1,-1,-78
1755870459.7429447,3,0,-65
1755870459.7789447,0,-2,-71
1755870459.815945,0,-3,-78
1755870459.8539443,-2,-4,-72
1755870459.8929446,4,-4,-73
1755870459.9289446,-2,3,-79
1755870459.9659443,-5,8,-76
1755870460.0039446,8,0,-66
1755870460.0419445,0,-2,-73
1755870460.0779445,-1,-4,-61
1755870460.1159446,-4,-1,-72
1755870460.1539447,0,-2,-76
1755870460.1929443,1,-5,-75
1755870460.2289443,3,-4,-73
1755870460.2659447,-1,-2,-61
1755870460.3039446,-7,-2,-65
1755870460.3429446,-1,4,-79
1755870460.3789446,1,0,-75
1755870460.4159446,0,-4,-67
1755870460.4539447,0,0,-84
1755870460.4899447,5,2,-62
1755870460.5269446,9,-6,-70
1755870460.565945,7,-6,-71
1755870460.6039443,-3,-1,-74
1755870460.6399446,0,-5,-64
1755870460.6769447,4,-2,-64
1755870460.7159443,-6,0,-62
1755870460.7539446,-3,0,-65
1755870460.7899446,4,0,-70
1755870460.8269446,0,-1,-69
1755870460.8659446,-3,-2,-83
1755870460.9039447,-1,-6,-65
1755870460.9399445,6,0,-66
1755870460.9769447,1,6,-68
1755870461.0149446,1,-1,-58
1755870461.052945,-6,-2,-78
1755870461.088945,-1,5,-80
1755870461.1269443,4,5,-78
1755870461.1649446,5,0,-79
1755870461.2029445,0,-1,-77
1755870461.2389443,-3,4,-67
1755870461.2769446,-3,1,-66
1755870461.3149445,-3,0,-78
1755870461.3529446,1,-3,-69
1755870461.3889446,2,-1,-72
1755870461.4269447,4,-10,-78
1755870461.4659443,1,0,-68
1755870461.5039446,0,1,-68
1755870461.5399446,7,-6,-71
1755870461.5769446,0,-8,-72
1755870461.6149447,6,-2,-71
1755870461.6539447,5,-2,-85
1755870461.6899445,4,-2,-69
1755870461.7269447,1,0,-74
1755870461.7649446,-6,0,-70
1755870461.802945,0,-2,-70
1755870461.8399446,-1,-6,-62
1755870461.8769443,0,1,-64
1755870461.9149446,-2,1,-67
1755870461.9529445,6,2,-68
1755870461.9889443,0,-2,-80
1755870462.0269446,-5,-3,-79
1755870462.0729446,1,6,-74
1755870462.1099446,1,-6,-65
1755870462.1469443,-4,2,-77
1755870462.1859446,-4,0,-77
1755870462.223945,1,-5,-74
1755870462.259945,-4,-5,-70
1755870462.2989447,-6,-5,-72
1755870462.335945,-4,-3,-74
1755870462.3749447,-1,0,-67
1755870462.4109447,-5,0,-62
1755870462.4489446,-5,-4,-76
1755870462.4859445,-4,-1,-71
1755870462.5249443,-2,-1,-68
1755870462.5609446,7,0,-65
1755870462.598945,7,3,-66
1755870462.6359446,2,-2,-73
1755870462.6749446,3,0,-80
1755870462.710945,0,0,-70
1755870462.7489443,-3,-1,-61
1755870462.7859447,0,0,-79
1755870462.8239446,4,0,-74
1755870462.8599446,-2,0,-80
1755870462.8969443,4,6,-75
1755870462.9349446,-2,-4,-75
1755870462.9709446,-4,-8,-69
1755870463.009945,-7,-2,-83
1755870463.0469446,-3,-6,-82
1755870463.085945,-6,-2,-76
1755870463.1239443,-5,6,-74
1755870463.1599443,-6,2,-76
1755870463.1969447,-4,-1,-84
1755870463.2359445,-6,-5,-86
1755870463.2739446,-7,-1,-69
1755870463.3099446,2,-1,-64
1755870463.3469446,-1,4,-78
1755870463.3859446,-1,0,-79
1755870463.4239447,0,5,-68
1755870463.4599447,2,2,-66
1755870463.496945,10,0,-66
1755870463.5349443,7,0,-58
1755870463.5709443,-3,-1,-70
1755870463.608945,-1,-2,-82
1755870463.6469443,2,-5,-79
1755870463.6859446,0,-6,-87
1755870463.723945,-4,-3,-80
1755870463.7609446,-1,0,-71
1755870463.7979443,-3,-7,-69
1755870463.8369446,-11,0,-80
1755870463.8749447,-6,0,-70
1755870463.9109447,-1,3,-72
1755870463.9479446,0,0,-77
1755870463.9859445,-4,-5,-66
1755870464.0249443,-7,5,-67
1755870464.0609446,-8,0,-80
1755870464.0979445,-2,-1,-73
1755870464.1359446,2,-4,-79
1755870464.1749446,-6,0,-76
1755870464.210945,4,-5,-71
1755870464.2479446,-1,5,-69
1755870464.2859447,4,2,-68
1755870464.3219447,1,1,-75
1755870464.358945,0,1,-63
1755870464.3969443,-1,2,-80
1755870464.4359446,-9,5,-68
1755870464.4719446,-2,3,-69
1755870464.5089445,0,0,-73
1755870464.5469446,1,-3,-74
1755870464.5849447,-3,1,-69
1755870464.6209445,0,4,-72
1755870464.657945,-2,0,-79
1755870464.6969447,-4,-1,-81
1755870464.7349446,-9,-3,-71
1755870464.7709446,-5,-1,-77
1755870464.8089447,-6,1,-68
1755870464.8469446,-1,-4,-76
1755870464.8859446,-3,-1,-79
1755870464.9219446,0,-3,-77
1755870464.9589446,-1,-7,-79
1755870464.996945,1,-5,-77
1755870465.0359447,-3,-5,-82
1755870465.0719447,4,1,-71
1755870465.108945,1,2,-77
1755870465.1469443,-1,0,-71
1755870465.1849446,-2,1,-72
1755870465.2219446,-7,0,-74
1755870465.2589445,0,-4,-79
1755870465.2979443,3,-1,-71
1755870465.335945,0,-9,-70
1755870465.371945,2,-3,-66
1755870465.4099443,3,0,-75
1755870465.4479446,-1,-2,-65
1755870465.4859445,-4,-9,-68
1755870465.5219443,3,-1,-77
1755870465.5589447,0,4,-82
1755870465.5969446,1,2,-61
1755870465.634945,6,-1,-78
1755870465.6709447,1,1,-76
1755870465.7089446,0,-3,-68
1755870465.746945,2,-1,-68
1755870465.782945,-6,-5,-73
1755870465.8209443,0,-8,-73
1755870465.858945,0,-3,-86
1755870465.8969443,5,3,-80
1755870465.9359446,7,0,-74
1755870465.9719446,9,9,-79
1755870466.0089445,0,-1,-73
1755870466.0469446,-2,-4,-81
1755870466.085945,-4,0,-69
1755870466.121945,-1,-1,-61
1755870466.1599443,-7,0,-61
1755870466.1979446,-5,-1,-73
1755870466.236945,1,7,-71
1755870466.2729447,2,5,-77
1755870466.3099446,-1,-6,-82
1755870466.3479445,-7,-5,-79
1755870466.3869443,-4,-7,-84
1755870466.4229443,-2,-4,-73
1755870466.460945,3,-8,-86
1755870466.4989443,-1,-5,-66
1755870466.5379446,0,-1,-76
1755870466.575945,-4,5,-66
1755870466.611945,4,6,-70
1755870466.6489446,3,0,-76
1755870466.687945,-5,0,-72
1755870466.7259445,-2,-1,-71
1755870466.7619443,0,-2,-72
1755870466.8009446,-11,-3,-70
1755870466.8379445,0,-3,-64
1755870466.8769443,-2,-7,-68
1755870466.9139447,-5,-3,-75
1755870466.950945,-8,-9,-74
1755870466.9889443,-6,-2,-71
1755870467.0279446,3,2,-70
1755870467.065945,1,-2,-69
1755870467.1019447,0,-4,-83
1755870467.1389446,2,-3,-82
1755870467.177945,-2,-7,-70
1755870467.2159443,-1,0,-71
1755870467.2519443,-6,-1,-65
1755870467.2899446,-5,2,-64
1755870467.3279445,-1,0,-69
1755870467.3669446,-1,-4,-73
1755870467.4029446,7,-8,-84
1755870467.440945,1,-8,-73
1755870467.4789443,-1,0,-69
1755870467.5179446,0,0,-76
1755870467.5559447,0,-1,-79
1755870467.5919447,1,-1,-69
1755870467.6299446,-2,3,-65
1755870467.667945,3,3,-67
1755870467.7039447,8,4,-75
1755870467.7419446,-1,0,-67
1755870467.779945,-10,0,-71
1755870467.8179443,-6,-1,-76
1755870467.8569446,5,-2,-63
1755870467.8929446,9,1,-67
1755870467.9299445,2,-1,-78
1755870467.9679446,2,2,-72
1755870468.0039446,-1,0,-73
1755870468.0409446,3,1,-72
1755870468.0799446,0,2,-72
1755870468.1179447,-3,-6,-73
1755870468.1539447,-5,0,-77
1755870468.190945,-9,-2,-84
1755870468.2299447,-5,-12,-77
1755870468.2679446,-2,0,-79
1755870468.3039446,-5,3,-81
1755870468.3409443,-1,-3,-71
1755870468.3799446,-5,0,-62
1755870468.417945,-2,1,-77
1755870468.4539447,-1,0,-67
1755870468.4919446,0,0,-82
1755870468.5289447,-4,4,-76
1755870468.5679443,-4,0,-75
1755870468.6039443,2,-1,-71
1755870468.6409447,-3,1,-71
1755870468.6789446,0,0,-71
1755870468.7179446,0,-5,-73
1755870468.7539446,-9,-2,-83
1755870468.7919445,-1,-3,-71
1755870468.8299446,4,1,-76
1755870468.8679447,1,3,-77
1755870468.9039447,6,1,-74
1755870468.940945,-1,-5,-84
1755870468.9789443,0,5,-79
1755870469.0179446,0,0,-65
1755870469.0539446,1,-1,-71
1755870469.0909443,1,-1,-78
1755870469.1289446,10,0,-67
1755870469.1669445,5,-3,-68
1755870469.2039447,5,-7,-80
1755870469.2409446,-2,0,-84
1755870469.2789447,0,-2,-72
1755870469.3179443,-5,-5,-72
1755870469.3539443,-2,-4,-62
1755870469.3919446,-1,-3,-63
1755870469.4299445,-5,-6,-67
1755870469.4689443,3,-1,-71
1755870469.5049446,-1,2,-69
1755870469.542945,1,-5,-69
1755870469.5809443,3,0,-72
1755870469.6189446,2,0,-68
1755870469.654945,0,1,-72
1755870469.6919446,1,-1,-65
1755870469.7299447,-1,-7,-70
1755870469.7689445,-2,-2,-74
1755870469.8049445,4,3,-77
1755870469.8429446,2,0,-81
1755870469.8809447,-8,0,-73
1755870469.9199443,0,1,-71
1755870469.9579446,-2,0,-76
1755870469.9939446,2,-2,-79
1755870470.0309446,4,0,-84
1755870470.0689447,1,-1,-91
1755870470.1049447,2,-7,-91
1755870470.1429446,4,-4,-81
1755870470.1809447,-1,0,-79
1755870470.2199447,2,1,-83
1755870470.2579446,-1,3,-71
1755870470.2939446,0,-5,-79
1755870470.3319447,0,4,-85
1755870470.3699446,-1,-3,-80
1755870470.4089446,0,1,-69
1755870470.4449446,1,1,-66
1755870470.4819446,-1,-5,-82
1755870470.519945,-2,4,-69
1755870470.5589447,-1,4,-69
1755870470.5949447,-3,2,-77
1755870470.6329446,-2,0,-75
1755870470.6709447,0,2,-58
1755870470.7089446,1,-2,-55
1755870470.7449446,5,1,-78
1755870470.7819445,-3,1,-75
1755870470.8199446,-2,5,-82
1755870470.858945,-1,-5,-73
1755870470.894945,3,-1,-59
1755870470.9319446,-7,3,-73
1755870470.9699447,-2,0,-74
1755870471.0089445,0,2,-67
1755870471.0449443,-1,0,-68
1755870471.0819447,-7,3,-73
1755870471.1199446,2,-1,-73
1755870471.1589446,-1,1,-77
1755870471.1949446,0,0,-71
1755870471.2319446,-5,-4,-76
1755870471.269945,-5,-6,-74
1755870471.3089447,-2,-4,-70
1755870471.3449447,-3,-1,-74
1755870471.3829446,2,-1,-75
1755870471.4209447,4,-1,-80
1755870471.4599447,3,-2,-75
1755870471.4959445,2,-1,-76
1755870471.532945,2,7,-79
1755870471.5699446,2,1,-73
1755870471.6059446,2,-3,-69
1755870471.6429446,7,0,-67
1755870471.6809447,0,-1,-73
1755870471.7199447,6,-4,-86
1755870471.7559447,0,-2,-77
1755870471.792945,3,1,-74
1755870471.8309443,1,-1,-71
1755870471.8689446,-6,-6,-71
1755870471.904945,-2,0,-67
1755870471.9419446,-2,0,-76
1755870471.9809446,-3,3,-65
1755870472.0189445,-6,2,-67
1755870472.0549445,-3,-2,-78
1755870472.1009445,4,2,-80
1755870472.1389446,5,-3,-67
1755870472.1749446,8,4,-76
1755870472.2129445,5,-2,-70
1755870472.2519443,-6,-1,-73
1755870472.2899446,-1,-6,-73
1755870472.325945,-1,-1,-74
1755870472.3639443,0,0,-77
1755870472.4019446,2,-4,-73
1755870472.440945,3,0,-75
1755870472.4789443,-3,-6,-84
1755870472.5149446,0,-5,-74
1755870472.5519447,-1,-8,-75
1755870472.5909443,-6,-4,-72
1755870472.6289446,0,-2,-75
1755870472.6649446,-2,-1,-73
1755870472.7029445,-7,-6,-88
1755870472.7409446,1,-2,-80
1755870472.779945,-3,-3,-76
1755870472.815945,-1,-1,-73
1755870472.8539443,0,-3,-69
1755870472.8919446,3,2,-70
1755870472.9309447,2,0,-74
1755870472.9669447,0,2,-72
1755870473.0039446,4,5,-76
1755870473.0409446,1,8,-72
1755870473.0769446,2,5,-76
1755870473.1139443,-3,2,-75
1755870473.1519446,-1,3,-78
1755870473.190945,7,-1,-76
1755870473.2269447,3,0,-70
1755870473.2639446,0,0,-71
1755870473.3019447,-2,-3,-72
1755870473.3409443,2,-5,-72
1755870473.3769443,4,0,-68
1755870473.4139447,0,-1,-77
1755870473.4519446,0,-3,-74
1755870473.4909446,-5,0,-63
1755870473.5269446,0,5,-72
1755870473.5639446,0,-3,-79
1755870473.6019447,6,-3,-69
1755870473.6409447,-5,2,-63
1755870473.6769447,-4,-7,-61
1755870473.7149446,-2,-3,-70
1755870473.7529447,-5,0,-76
1755870473.7919445,0,5,-79
1755870473.8299446,7,0,-77
1755870473.8659446,-1,-1,-72
1755870473.9039447,0,4,-73
1755870473.9419446,-2,4,-77
1755870473.9809446,-1,3,-79
1755870474.0169446,1,0,-76
1755870474.0549445,5,2,-90
1755870474.0919447,0,0,-78
1755870474.1299446,-5,2,-79
1755870474.1659446,0,2,-78
1755870474.2049446,4,-4,-75
1755870474.2419446,2,0,-79
1755870474.279945,-1,0,-73
1755870474.315945,-4,-7,-72
1755870474.3539443,0,-10,-70
1755870474.3919446,0,-5,-70
1755870474.4309447,2,3,-72
1755870474.4679446,4,1,-70
1755870474.5049446,0,2,-62
1755870474.5419445,-4,-3,-81
1755870474.5809443,0,1,-81
1755870474.6179447,-6,0,-76
1755870474.654945,-4,0,-76
1755870474.6929443,-1,1,-68
1755870474.7319446,0,7,-69
1755870474.7679446,-2,-4,-73
1755870474.8059447,9,-2,-73
1755870474.8439443,10,0,-76
1755870474.881945,5,-3,-64
1755870474.917945,-1,-2,-69
1755870474.9559443,0,-1,-65
1755870474.9939446,3,1,-72
1755870475.0319445,-3,-1,-64
1755870475.0679443,-5,-1,-68
1755870475.1059446,2,-5,-68
1755870475.1439445,-7,-12,-78
1755870475.1819446,-1,-7,-67
1755870475.2209446,2,-3,-67
1755870475.256945,2,0,-71
1755870475.2949443,0,-1,-66
1755870475.3329446,-4,-2,-86
1755870475.371945,-1,1,-76
1755870475.407945,2,4,-84
1755870475.4449446,-6,1,-69
1755870475.4829447,-5,-1,-82
1755870475.5219443,0,-7,-79
1755870475.5579443,-1,0,-75
1755870475.5949447,4,0,-59
1755870475.6329446,0,-1,-70
1755870475.6709447,1,6,-82
1755870475.7069447,2,-2,-80
1755870475.7449446,3,4,-89
1755870475.782945,0,0,-80
1755870475.8209443,9,6,-80
1755870475.8569446,-3,0,-79
1755870475.894945,-6,0,-75
1755870475.9339447,-11,2,-81
1755870475.9719446,-14,3,-82
1755870476.0079446,-7,1,-75
1755870476.0449443,-3,0,-85
1755870476.0839446,4,0,-80
1755870476.121945,4,2,-82
1755870476.157945,1,0,-70
1755870476.1949446,0,3,-83
1755870476.2329447,-12,-2,-75
1755870476.2709446,0,-6,-70
1755870476.3069446,-5,-6,-74
1755870476.3449447,5,1,-83
1755870476.3839445,-1,-3,-71
1755870476.4219446,3,-1,-77
1755870476.4579446,-1,0,-83
1755870476.4949446,4,4,-70
1755870476.532945,7,0,-66
1755870476.5689447,1,-1,-70
1755870476.6059446,4,-1,-52
1755870476.6439445,-2,-1,-73
1755870476.6829443,4,-3,-70
1755870476.7189443,1,-2,-80
1755870476.756945,-4,-1,-89
1755870476.7959447,4,-4,-81
1755870476.8329446,7,0,-85
1755870476.8689446,7,3,-86
1755870476.9069445,3,0,-62
1755870476.9459443,-1,1,-76
1755870476.9829447,-5,4,-77
1755870477.0219443,2,4,-67
1755870477.0579443,4,-3,-66
1755870477.0959446,-4,-6,-71
1755870477.1339445,-4,1,-70
1755870477.1729443,-7,1,-76
1755870477.2089446,-9,0,-71
1755870477.2459445,4,-4,-75
1755870477.2839446,0,-4,-82
1755870477.3229446,-3,3,-78
1755870477.358945,-1,8,-72
1755870477.3959446,0,4,-56
1755870477.4339447,0,1,-71
1755870477.4719446,0,0,-70
1755870477.5079446,2,1,-77
1755870477.5459447,0,-2,-78
1755870477.5839446,-1,-1,-79
1755870477.6229446,-1,3,-72
1755870477.6589446,3,0,-72
1755870477.6959443,1,-2,-68
1755870477.733945,4,-1,-73
1755870477.7729447,5,0,-69
1755870477.8089447,-2,-3,-67
1755870477.8469446,-4,0,-76
1755870477.884945,0,-5,-87
1755870477.9239447,-2,-6,-85
1755870477.9619446,5,-3,-67
1755870477.9979446,2,2,-73
1755870478.0349443,6,2,-79
1755870478.0729446,8,5,-75
1755870478.108945,4,2,-67
1755870478.1459446,0,-9,-71
1755870478.1839447,4,1,-79
1755870478.2199447,-5,7,-81
1755870478.256945,0,3,-86
1755870478.2939446,1,6,-83
1755870478.3299446,-4,1,-80
1755870478.3669446,-3,5,-83
1755870478.404945,2,1,-74
1755870478.4429443,0,0,-66
1755870478.4789443,-1,-9,-73
1755870478.5169446,0,0,-75
1755870478.5539446,0,1,-74
1755870478.5899446,2,-6,-72
1755870478.6289446,3,1,-67
1755870478.6659446,0,3,-72
1755870478.7039447,0,2,-79
1755870478.7399447,-2,-4,-72
1755870478.7779446,-2,6,-79
1755870478.815945,-3,-4,-72
1755870478.8539443,-1,-5,-66
1755870478.8929446,0,-5,-59
1755870478.9289446,3,0,-69
1755870478.9659443,0,5,-68
1755870479.0039446,6,7,-69
1755870479.0399446,-2,6,-82
1755870479.0769446,-3,2,-68
1755870479.1149447,0,-3,-69
1755870479.1539447,0,0,-74
1755870479.1899445,7,-4,-73
1755870479.2269447,0,-7,-71
1755870479.2649446,7,-1,-80
1755870479.3039446,-5,3,-76
1755870479.3399446,4,5,-75
1755870479.3769443,-6,-5,-74
1755870479.4159446,-1,-4,-80
1755870479.4539447,9,-2,-76
1755870479.4899447,5,-6,-68
1755870479.5269446,0,-7,-67
1755870479.565945,-7,-5,-67
1755870479.6039443,-3,0,-64
1755870479.6399446,-4,-7,-69
1755870479.677945,0,-3,-68
1755870479.7159443,0,1,-67
1755870479.7549446,0,5,-66
1755870479.792945,-3,1,-78
1755870479.8289447,0,0,-78
1755870479.8659446,2,-2,-67
1755870479.904945,1,-2,-72
1755870479.9429443,4,0,-70
1755870479.9789443,1,-2,-72
1755870480.0169446,-9,-1,-70
1755870480.0549445,-1,0,-74
1755870480.0909443,0,0,-73
1755870480.1279447,3,-3,-70
1755870480.1659446,9,-1,-74
1755870480.2049446,0,-3,-69
1755870480.2409446,0,3,-76
1755870480.2779446,7,-3,-74
1755870480.315945,3,-9,-69
1755870480.3549447,5,-4,-68
1755870480.3909447,4,-2,-64
1755870480.427945,0,-4,-86
1755870480.4659443,2,-10,-74
1755870480.5049446,1,-1,-68
1755870480.5409446,-4,-2,-80
1755870480.5789447,-6,2,-79
1755870480.6169446,0,0,-79
1755870480.654945,1,-1,-88
1755870480.6939447,-4,-2,-87
1755870480.7299447,-5,-1,-74
1755870480.7689445,-2,9,-68
1755870480.8059447,-7,1,-72
1755870480.8449447,-8,3,-63
1755870480.8809447,4,5,-77
1755870480.917945,8,7,-75
1755870480.9559443,5,5,-60
1755870480.9939446,0,3,-62
1755870481.029945,-4,3,-72
1755870481.0679443,-1,3,-80
1755870481.1059446,-4,2,-77
1755870481.144945,-5,2,-65
1755870481.1809447,0,-3,-69
1755870481.2179446,-3,-1,-66
1755870481.2559447,-4,-1,-66
1755870481.2949443,-3,6,-86
1755870481.3309443,6,0,-85
1755870481.3679447,1,-8,-84
1755870481.4059446,1,-4,-84
1755870481.4449446,-1,-6,-82
1755870481.4819446,-7,-6,-81
1755870481.5189445,-7,-1,-66
1755870481.5579443,-1,2,-71
1755870481.5959446,7,-1,-83
1755870481.6339445,3,-1,-77
1755870481.6699443,-5,-2,-55
1755870481.7079446,3,-3,-59
1755870481.7459445,0,-5,-59
1755870481.7849443,-4,-2,-69
1755870481.8209443,0,-3,-85
1755870481.8579447,2,0,-86
1755870481.8959446,2,-1,-76
1755870481.9349446,9,-5,-67
1755870481.9709446,0,-4,-69
1755870482.0079446,1,-4,-60
1755870482.0459447,0,-1,-80
1755870482.0849447,7,-3,-80
1755870482.1289446,1,-6,-82
1755870482.1659446,4,3,-70
1755870482.2049446,4,6,-78
1755870482.2409446,4,8,-86
1755870482.2779446,6,1,-86
1755870482.315945,1,2,-83
1755870482.3519447,3,0,-81
1755870482.3889446,4,-4,-71
1755870482.427945,0,-3,-79
1755870482.4659443,-1,0,-75
1755870482.5019443,-5,1,-78
1755870482.5389447,0,3,-65
1755870482.5779445,6,1,-79
1755870482.6159446,0,2,-69
1755870482.6519446,-2,4,-70
1755870482.690945,0,-2,-76
1755870482.7279446,-1,0,-79
1755870482.7669446,-11,-2,-71
1755870482.8049445,-1,4,-82
1755870482.8409443,-4,1,-78
1755870482.8779447,-3,0,-76
1755870482.9169445,-3,2,-72
1755870482.9549446,0,-2,-71
1755870482.9909446,-3,2,-73
1755870483.0289447,-6,-1,-72
1755870483.0669446,-1,0,-70
1755870483.1059446,0,0,-81
1755870483.1419446,-6,-1,-80
1755870483.1809447,-7,1,-72
1755870483.2189443,-3,-6,-67
1755870483.256945,5,0,-68
1755870483.2949443,0,3,-73
1755870483.3309443,-2,-3,-74
1755870483.3689446,-8,0,-75
1755870483.407945,-1,0,-81
1755870483.4459443,0,-1,-74
1755870483.4819446,-1,-4,-75
1755870483.519945,-1,0,-73
1755870483.5579443,-4,-2,-73
1755870483.5969446,-8,-1,-62
1755870483.6329446,-4,0,-73
1755870483.6699443,0,0,-77
1755870483.7069447,-1,-4,-70
1755870483.7459445,1,-4,-78
1755870483.7819445,2,0,-78
1755870483.8189447,0,-11,-84
1755870483.8569446,5,-5,-70
1755870483.8959446,3,2,-77
1755870483.9319446,-3,8,-78
1755870483.9689443,-6,0,-91
1755870484.006945,3,0,-79
1755870484.0459447,-2,6,-72
1755870484.0819447,2,5,-75
1755870484.1189446,1,4,-78
1755870484.1569445,0,-1,-68
1755870484.1959443,-6,0,-73
1755870484.2319446,-8,-5,-76
1755870484.269945,-6,2,-85
1755870484.3079443,-2,0,-74
1755870484.3469446,-3,-3,-65
1755870484.3829446,-11,4,-61
1755870484.4199443,5,5,-79
1755870484.4579446,7,0,-68
1755870484.4959445,11,-1,-75
1755870484.5319445,0,-3,-66
1755870484.5689447,6,-3,-75
1755870484.6079447,2,-1,-63
1755870484.6459446,0,-4,-68
1755870484.6819446,5,0,-64
1755870484.7189443,0,-7,-75
1755870484.7579446,-4,-2,-84
1755870484.7959447,-1,3,-76
1755870484.8319447,8,7,-77
1755870484.8689446,0,1,-77
1755870484.9069445,1,0,-74
1755870484.9429443,0,6,-72
1755870484.9799447,-2,4,-73
1755870485.0179446,1,2,-73
1755870485.0569446,0,0,-75
1755870485.0929446,5,-1,-65
1755870485.131945,2,3,-69
1755870485.1689446,-2,-2,-79
1755870485.2079446,-4,3,-85
1755870485.2459445,-5,-4,-73
1755870485.282945,-1,-4,-82
1755870485.3209443,5,0,-77
1755870485.358945,8,-7,-70
1755870485.3979447,1,-3,-76
1755870485.4339447,0,-8,-68
1755870485.4709446,1,3,-68
1755870485.5079446,0,0,-77
1755870485.5439446,-1,-3,-73
1755870485.5819447,-2,-1,-76
1755870485.6199446,-4,0,-80
1755870485.657945,5,-3,-83
1755870485.6969447,6,-2,-78
1755870485.7329447,7,1,-71
1755870485.769945,1,3,-79
1755870485.8079443,-3,-7,-72
1755870485.8439443,0,-6,-73
1755870485.881945,-1,0,-73
1755870485.9199443,0,2,-59
1755870485.9579446,1,-4,-76
1755870485.9939446,2,-1,-76
1755870486.0319445,8,0,-64
1755870486.0689447,5,-5,-71
1755870486.1079447,3,-4,-64
1755870486.1439445,4,-2,-79
1755870486.1819446,8,0,-68
1755870486.2189443,-3,6,-69
1755870486.2579446,0,3,-72
1755870486.2939446,-6,-3,-79
1755870486.3319447,-3,-6,-67
1755870486.3699446,-2,-5,-73
1755870486.4089446,-7,-1,-61
1755870486.4469447,-8,-1,-72
1755870486.4829447,0,4,-62
1755870486.519945,1,0,-75
1755870486.5579443,3,-6,-71
1755870486.5939443,-1,-5,-69
1755870486.631945,0,1,-70
1755870486.6689446,-4,2,-77
1755870486.7079446,0,-1,-68
1755870486.7439446,0,-2,-81
1755870486.7819445,-1,-6,-92
1755870486.8189447,-4,-2,-72
1755870486.8579447,0,-5,-72
1755870486.8939445,0,4,-73
1755870486.9319446,-1,-4,-65
1755870486.9689443,3,-1,-67
1755870487.0079446,0,-1,-68
1755870487.0439446,1,-1,-68
1755870487.0819447,5,0,-80
1755870487.1189446,-3,3,-70
1755870487.157945,-4,1,-69
1755870487.1939447,4,0,-69
1755870487.2309446,4,6,-63
1755870487.2689445,0,0,-71
1755870487.3049445,3,3,-69
1755870487.3429446,-2,-1,-80
1755870487.381945,4,2,-75
1755870487.4189446,-1,2,-74
1755870487.4579446,-2,-2,-78
1755870487.4939446,-1,4,-70
1755870487.5319445,1,-1,-76
1755870487.5699446,-5,-7,-85
1755870487.608945,-6,-7,-74
1755870487.644945,-3,-6,-66
1755870487.6829443,-5,-5,-71
1755870487.7209446,0,0,-78
1755870487.7589445,4,-7,-63
1755870487.7949443,0,-6,-65
1755870487.8319447,4,-4,-72
1755870487.8699446,3,-1,-70
1755870487.9089446,2,-4,-78
1755870487.9449446,0,-3,-72
1755870487.9819446,0,-6,-76
1755870488.019945,-4,-5,-69
1755870488.0589447,-3,2,-75
1755870488.0949447,-4,-8,-86
1755870488.1329446,2,0,-75
1755870488.1699443,4,1,-71
1755870488.2079446,4,2,-62
1755870488.2439446,0,0,-76
1755870488.2809446,0,2,-75
1755870488.3199446,0,2,-78
1755870488.3579447,-3,0,-74
1755870488.3939445,-3,-7,-70
1755870488.4319446,-5,-1,-68
1755870488.4699447,3,-3,-70
1755870488.5089445,-2,5,-77
1755870488.5449443,-8,3,-83
1755870488.5819447,0,3,-75
1755870488.6199446,4,0,-68
1755870488.657945,0,-3,-73
1755870488.6939447,-1,-2,-76
1755870488.7319446,1,-2,-82
1755870488.769945,0,-3,-73
1755870488.8089447,6,-2,-63
1755870488.8449447,1,0,-61
1755870488.881945,10,4,-74
1755870488.9199443,8,-2,-75
1755870488.9559443,3,-2,-85
1755870488.9929447,-7,-8,-86
1755870489.0319445,6,-1,-78
1755870489.0699446,0,-2,-75
1755870489.1059446,-1,0,-65
1755870489.1429446,-1,-1,-74
1755870489.1819446,-2,-4,-70
1755870489.2199447,-2,-4,-67
1755870489.2559447,-4,-2,-69
1755870489.2939446,-7,0,-75
1755870489.3319447,-1,0,-71
1755870489.3699446,-5,-5,-74
1755870489.4089446,9,-6,-74
1755870489.4449446,8,-5,-74
1755870489.4819446,7,-3,-58
1755870489.519945,6,0,-66
1755870489.5559447,7,1,-78
1755870489.5929446,2,0,-85
1755870489.6299446,2,-2,-81
1755870489.6689446,3,-5,-77
1755870489.7049446,0,2,-77
1755870489.7429447,5,-2,-67
1755870489.7819445,0,3,-68
1755870489.8199446,1,-1,-65
1755870489.8559446,3,1,-73
1755870489.8929446,-1,5,-77
1755870489.9309447,-1,1,-83
1755870489.9699447,-7,0,-83
1755870490.0059447,-4,-4,-75
1755870490.0439446,5,-1,-70
1755870490.0819447,10,-1,-72
1755870490.1209445,2,5,-59
1755870490.1589446,1,1,-64
1755870490.1949446,0,0,-79
1755870490.2319446,-4,3,-84
1755870490.2709446,0,8,-74
1755870490.3089447,0,0,-79
1755870490.3449447,-1,2,-79
1755870490.381945,5,3,-74
1755870490.4199443,2,5,-75
1755870490.4559443,0,8,-67
1755870490.4929447,1,-3,-70
1755870490.5309446,6,5,-82
1755870490.5699446,2,6,-77
1755870490.6059446,0,-2,-85
1755870490.6429446,-1,2,-79
1755870490.6819446,2,2,-63
1755870490.7199447,8,-2,-69
1755870490.7559447,6,-1,-72
1755870490.792945,-4,4,-80
1755870490.8319447,-1,-6,-70
1755870490.8699446,2,-4,-72
1755870490.9059446,9,-1,-76
1755870490.9429443,5,3,-75
1755870490.9819446,3,1,-74
1755870491.019945,-1,3,-68
1755870491.0559447,0,0,-77
1755870491.0929446,0,0,-81
1755870491.1309447,3,-2,-79
1755870491.1699443,0,6,-87
1755870491.2059443,-3,2,-85
1755870491.2439446,0,4,-73
1755870491.2819445,-3,6,-66
1755870491.3199446,-2,5,-73
1755870491.3559446,-1,6,-70
1755870491.3939445,-3,5,-69
1755870491.4319446,-9,0,-73
1755870491.4699447,-6,0,-70
1755870491.5059447,-3,3,-68
1755870491.5439446,-7,2,-68
1755870491.5819447,-2,-3,-75
1755870491.6199446,-4,2,-77
1755870491.6559446,-5,-1,-69
1755870491.6939447,0,-9,-76
1755870491.7319446,0,-9,-82
1755870491.7709446,0,-1,-69
1755870491.8069446,8,-5,-76
1755870491.8439443,1,-5,-75
1755870491.881945,-9,1,-64
1755870491.9209447,-4,-1,-74
1755870491.9569447,-3,1,-68
1755870491.9939446,-3,0,-73
1755870492.0319445,0,-2,-65
1755870492.0709443,-1,2,-83
1755870492.1069446,2,1,-79
1755870492.1529446,0,-1,-80
1755870492.190945,-2,1,-68
1755870492.2269447,-1,10,-64
1755870492.2649446,0,-6,-67
1755870492.3019447,0,0,-71
1755870492.3409443,2,0,-74
1755870492.3769443,-4,0,-70
1755870492.4139447,2,0,-59
1755870492.4519446,0,1,-73
1755870492.4879446,-5,2,-62
1755870492.5259447,0,-2,-62
1755870492.5639446,3,-1,-76
1755870492.6019447,-3,0,-78
1755870492.6409447,-4,2,-83
1755870492.6769447,-3,-2,-77
1755870492.7149446,1,1,-77
1755870492.7519443,-3,0,-76
1755870492.7909446,0,1,-79
1755870492.8269446,4,4,-83
1755870492.8639443,-1,-4,-65
1755870492.9019446,-1,-3,-70
1755870492.940945,6,-3,-78
1755870492.9769447,14,0,-72
1755870493.0139446,8,-2,-82
1755870493.0519447,6,-5,-73
1755870493.0909443,4,1,-72
1755870493.1269443,6,3,-72
1755870493.1649446,-7,0,-66
1755870493.2019446,-4,-1,-68
1755870493.2409446,-9,-2,-82
1755870493.2769446,-8,3,-74
1755870493.3139446,-3,3,-74
1755870493.3529446,-3,3,-77
1755870493.3909447,-8,1,-64
1755870493.4269447,-8,-3,-73
1755870493.4649446,3,-2,-66
1755870493.5029447,5,-9,-82
1755870493.5419445,-2,1,-82
1755870493.5779445,-3,-1,-68
1755870493.6159446,3,-3,-82
1755870493.6539447,-2,1,-77
1755870493.6929443,-2,0,-80
1755870493.7309446,0,2,-76
1755870493.7669446,3,3,-72
1755870493.8039446,5,0,-69
1755870493.8429446,5,-2,-77
1755870493.8809447,-1,-3,-81
1755870493.9169445,3,-4,-72
1755870493.9539447,1,5,-65
1755870493.9929447,1,-2,-66
1755870494.0309446,3,2,-66
1755870494.0669446,1,3,-72
1755870494.1039443,-1,0,-76
1755870494.1429446,5,3,-76
1755870494.1809447,-5,0,-75
1755870494.2169447,-1,0,-73
1755870494.2539446,3,0,-74
1755870494.292945,1,0,-73
1755870494.3289447,0,-1,-63
1755870494.3679447,0,-5,-71
1755870494.404945,0,-2,-70
1755870494.4439447,2,1,-75
1755870494.4819446,-5,-5,-77
1755870494.5179446,6,-5,-77
1755870494.5549445,3,-12,-66
1755870494.5939443,2,-4,-71
1755870494.631945,-1,0,-68
1755870494.667945,1,4,-75
1755870494.7049446,-1,1,-77
1755870494.7439446,6,-3,-81
1755870494.7819445,0,-6,-74
1755870494.8179443,-2,-4,-74
1755870494.8559446,-9,-3,-71
1755870494.8939445,-1,-9,-77
1755870494.9329443,-5,-3,-77
1755870494.9689443,-1,0,-74
1755870495.006945,0,0,-72
1755870495.0439446,5,-4,-66
1755870495.0829446,0,3,-70
1755870495.1189446,5,9,-67
1755870495.1559446,2,7,-68
1755870495.1939447,-2,6,-74
1755870495.2329447,-3,8,-66
1755870495.2689445,0,1,-69
1755870495.3059447,-3,0,-76
1755870495.3439443,-7,0,-71
1755870495.3829446,-3,0,-70
1755870495.4189446,0,-2,-68
1755870495.4559443,-1,0,-70
1755870495.4939446,5,-1,-74
1755870495.532945,0,-2,-76
1755870495.5689447,-2,0,-80
1755870495.6059446,-7,3,-87
1755870495.6439445,-5,-6,-80
1755870495.6829443,-6,-4,-69
1755870495.7189443,-5,0,-77
1755870495.7559447,2,-4,-78
1755870495.7939446,10,-8,-70
1755870495.8329446,11,0,-76
1755870495.8689446,6,-5,-71
1755870495.9069445,6,-7,-81
1755870495.9459443,0,-4,-81
1755870495.983945,4,-3,-69
1755870496.0219443,-1,0,-66
1755870496.0579443,-1,0,-81
1755870496.0959446,-4,-2,-70
1755870496.1339445,1,-1,-68
1755870496.1729443,-1,-10,-61
1755870496.2089446,0,-2,-70
1755870496.2459445,0,-5,-73
1755870496.2839446,9,2,-64
1755870496.3229446,7,0,-79
1755870496.358945,2,1,-70
1755870496.3959446,-1,1,-76
1755870496.4339447,-3,-6,-84
1755870496.4729445,0,0,-73
1755870496.5089445,-1,2,-67
1755870496.5469446,2,-1,-76
1755870496.5849447,-5,0,-70
1755870496.6239443,-2,0,-71
1755870496.6599443,7,3,-70
1755870496.6969447,0,-2,-69
1755870496.7349446,3,-4,-72
1755870496.7739446,2,0,-69
1755870496.8099446,5,-2,-70
1755870496.8479445,5,-3,-73
1755870496.8859446,6,-4,-66
1755870496.9249446,12,1,-64
1755870496.9629445,11,-2,-66
1755870496.9989443,6,-7,-68
1755870497.0359447,0,2,-83
1755870497.0739446,0,1,-77
1755870497.1099446,-1,-6,-77
1755870497.1479447,8,2,-73
1755870497.1849446,3,1,-72
1755870497.2229445,3,4,-74
1755870497.2589445,2,-1,-72
1755870497.2959447,4,0,-61
1755870497.3339446,1,-2,-71
1755870497.3699446,4,1,-74
1755870497.407945,5,-3,-76
1755870497.4459443,1,4,-74
1755870497.483945,-5,0,-83
1755870497.519945,1,-8,-79
1755870497.5579443,2,2,-75
1755870497.5959446,8,0,-79
1755870497.6339445,3,0,-74
1755870497.6699443,-2,1,-66
1755870497.7079446,-3,6,-70
1755870497.746945,6,2,-78
1755870497.7849443,8,1,-84
1755870497.8229446,7,-1,-86
1755870497.858945,5,2,-82
1755870497.8959446,0,-1,-87
1755870497.9349446,-4,0,-73
1755870497.9709446,-3,-5,-66
1755870498.0089445,2,-1,-66
1755870498.0469446,5,-4,-77
1755870498.0849447,0,-1,-82
1755870498.1239443,11,-2,-73
1755870498.1599443,-1,1,-90
1755870498.1969447,-5,-4,-80
1755870498.2349446,5,-4,-66
1755870498.2739446,3,-5,-69
1755870498.3099446,6,-2,-67
1755870498.3469446,6,-2,-73
1755870498.384945,2,0,-69
1755870498.4209447,5,0,-68
1755870498.4579446,2,2,-65
1755870498.4949446,-2,0,-65
1755870498.5339446,-8,0,-70
1755870498.5699446,-5,3,-80
1755870498.6079447,-6,-3,-92
1755870498.6469443,0,-7,-82
1755870498.6849446,4,-4,-82
1755870498.7209446,0,-4,-76
1755870498.7579446,1,0,-75
1755870498.7959447,1,-6,-71
1755870498.8339446,4,0,-79
1755870498.8699446,5,-1,-81
1755870498.907945,6,-5,-72
1755870498.9459443,8,-5,-70
1755870498.9849446,4,-4,-67
1755870499.0209446,5,1,-68
1755870499.0579443,-1,-1,-72
1755870499.0969446,-2,0,-81
1755870499.134945,0,3,-79
1755870499.1709447,3,6,-77
1755870499.2079446,-1,0,-77
1755870499.246945,4,-1,-84
1755870499.2849443,-1,-4,-80
1755870499.3209443,-1,-1,-80
1755870499.358945,2,2,-74
1755870499.3969443,8,-1,-78
1755870499.4349446,3,2,-69
1755870499.4709446,-5,7,-64
1755870499.5089445,-4,-1,-77
1755870499.5469446,-3,-1,-76
1755870499.585945,6,-1,-70
1755870499.6239443,9,1,-81
1755870499.6599443,7,3,-73
1755870499.6969447,2,0,-77
1755870499.7349446,7,-7,-77
1755870499.7709446,1,1,-73
1755870499.8089447,-2,1,-74
1755870499.8469446,0,6,-74
1755870499.884945,4,-3,-78
1755870499.9209447,1,-5,-77
1755870499.9589446,-4,-7,-73
1755870499.996945,2,2,-78
1755870500.0349443,0,0,-78
1755870500.0709443,-7,2,-76
1755870500.108945,-6,-6,-79
1755870500.1469443,-4,2,-84
1755870500.1859446,-5,5,-78
1755870500.2219446,2,4,-78
1755870500.2589445,0,0,-79
1755870500.2959447,0,0,-76
1755870500.3349447,3,-2,-73
1755870500.3709445,4,3,-75
1755870500.4089446,3,2,-77
1755870500.4469447,1,5,-80
1755870500.4849446,2,0,-81
1755870500.5219443,3,-4,-76
1755870500.5589447,2,-1,-63
1755870500.5969446,0,2,-72
1755870500.634945,2,-1,-77
1755870500.6719446,-1,-4,-74
1755870500.7089446,-2,-2,-72
1755870500.746945,8,-3,-78
1755870500.7859447,5,-6,-79
1755870500.8219447,-3,-1,-82
1755870500.8599446,-7,0,-78
1755870500.8979447,0,1,-68
1755870500.9359446,0,-3,-71
1755870500.9719446,0,1,-65
1755870501.0089445,3,2,-69
1755870501.0469446,0,-5,-73
1755870501.085945,5,-2,-76
1755870501.121945,0,0,-81
1755870501.1589446,2,-2,-97
1755870501.1969447,0,-3,-86
1755870501.2359445,6,6,-75
1755870501.2719443,-4,8,-86
1755870501.3089447,0,9,-89
1755870501.3469446,-1,5,-69
1755870501.384945,-1,-4,-81
1755870501.4209447,3,-2,-77
1755870501.4589446,-1,1,-72
1755870501.496945,2,6,-78
1755870501.532945,0,4,-69
1755870501.5699446,-6,-1,-75
1755870501.6079447,-4,1,-72
1755870501.6469443,2,-3,-75
1755870501.6829443,-1,-6,-77
1755870501.7209446,3,-2,-71
1755870501.7589445,0,-4,-73
1755870501.7969446,2,-5,-60
1755870501.835945,0,-2,-67
1755870501.871945,0,0,-74
1755870501.9089446,2,0,-81
1755870501.9469447,-2,-1,-83
1755870501.9829447,-3,-2,-74
1755870502.0209446,0,1,-70
1755870502.0579443,-2,3,-55
1755870502.0969446,1,0,-64
1755870502.1329446,0,3,-72
1755870502.1789446,3,0,-80
1755870502.2169447,8,7,-66
1755870502.2529447,7,-2,-66
1755870502.2899446,4,-2,-60
1755870502.3289447,-2,3,-72
1755870502.3669446,-2,0,-83
1755870502.4029446,4,-2,-75
1755870502.4399445,0,8,-73
1755870502.4779446,-1,3,-70
1755870502.5159447,6,2,-80
1755870502.5519447,9,-3,-72
1755870502.5899446,5,2,-84
1755870502.6279447,-2,-2,-82
1755870502.6659446,0,-5,-75
1755870502.7019446,3,-4,-84
1755870502.7399447,5,0,-77
1755870502.7779446,0,-3,-69
1755870502.815945,-3,-3,-73
1755870502.8519447,0,6,-82
1755870502.8899446,4,5,-80
1755870502.927945,0,8,-82
1755870502.9659443,-1,0,-71
1755870503.0019443,-1,0,-70
1755870503.0399446,-10,-4,-76
1755870503.0779445,6,1,-78
1755870503.1169446,-5,9,-79
1755870503.1529446,-6,-1,-73
1755870503.190945,0,3,-73
1755870503.2289443,5,1,-76
1755870503.2669446,0,0,-87
1755870503.302945,6,1,-75
1755870503.3399446,-2,-1,-80
1755870503.3789446,0,-4,-79
1755870503.4169445,0,1,-73
1755870503.4529445,4,0,-67
1755870503.4909446,-3,5,-70
1755870503.5279446,-5,-3,-78
1755870503.5669446,-6,2,-82
1755870503.6029446,-2,-5,-68
1755870503.6409447,-1,0,-77
1755870503.6789446,0,1,-68
1755870503.7169447,0,1,-81
1755870503.7529447,-7,3,-86
1755870503.7909446,-1,-3,-73
1755870503.8289447,-2,-1,-71
1755870503.8679447,1,-5,-86
1755870503.9039447,-4,-2,-78
1755870503.9419446,-4,-1,-71
1755870503.9799447,-5,-2,-60
1755870504.0179446,-4,-9,-72
1755870504.0569446,2,-2,-70
1755870504.0929446,-2,-2,-71
1755870504.131945,0,2,-63
1755870504.1689446,-5,-2,-70
1755870504.2079446,-6,-4,-67
1755870504.2439446,-5,0,-69
1755870504.2819445,-4,0,-66
1755870504.3199446,-2,3,-73
1755870504.358945,-1,0,-80
1755870504.3969443,7,3,-83
1755870504.4329443,5,2,-76
1755870504.4699447,3,4,-78
1755870504.5079446,-5,0,-74
1755870504.5439446,0,-3,-74
1755870504.5819447,3,-6,-66
1755870504.6199446,3,-5,-67
1755870504.6589446,0,0,-70
1755870504.6969447,4,-1,-60
1755870504.7329447,-3,-1,-67
1755870504.7709446,0,-3,-71
1755870504.8089447,1,-2,-74
1755870504.8479445,9,-7,-66
1755870504.8839445,7,-2,-68
1755870504.9209447,5,-2,-70
1755870504.9589446,-1,-2,-67
1755870504.9979446,-10,-5,-68
1755870505.0339446,-4,-2,-77
1755870505.0719447,5,-1,-77
1755870505.1099446,-1,0,-76
1755870505.1489446,2,4,-66
1755870505.1849446,0,0,-70
1755870505.2219446,-2,0,-69
1755870505.259945,-9,1,-77
1755870505.2989447,-18,1,-84
1755870505.3349447,-6,6,-81
1755870505.3739443,-4,10,-76
1755870505.4109447,-1,-2,-82
1755870505.4489446,0,-2,-74
1755870505.4879446,-5,-3,-70
1755870505.5239446,-1,-3,-74
1755870505.5619447,4,-3,-66
1755870505.5999446,-7,-2,-74
1755870505.6389446,-4,0,-75
1755870505.6749446,-4,-5,-72
1755870505.7129445,-7,-3,-68
1755870505.7519443,6,-5,-68
1755870505.7889447,7,-1,-74
1755870505.8279445,0,-5,-98
1755870505.8639443,2,-4,-75
1755870505.9009447,2,3,-75
1755870505.9399445,3,-2,-64
1755870505.9779446,-5,2,-70
1755870506.0139446,-3,0,-73
1755870506.0509446,-1,-1,-70
1755870506.0899446,0,6,-78
1755870506.1279447,1,2,-74
1755870506.1639447,-1,2,-72
1755870506.200945,0,-4,-70
1755870506.2399447,-3,2,-63
1755870506.2779446,-8,-5,-80
1755870506.3139446,0,-10,-64
1755870506.3509445,0,-8,-76
1755870506.3899446,8,-2,-81
1755870506.427945,4,-5,-67
1755870506.463945,0,-1,-65
1755870506.5009446,2,-4,-71
1755870506.5399446,2,4,-78
1755870506.5779445,-2,0,-72
1755870506.6139443,-10,4,-70
1755870506.6509447,-6,4,-68
1755870506.6899445,4,-7,-73
1755870506.7279446,-3,-4,-69
1755870506.7639446,-8,-2,-77
1755870506.802945,-6,-6,-71
1755870506.8399446,-8,0,-73
1755870506.8789446,-11,0,-77
1755870506.9149446,-1,0,-87
1755870506.9529445,-2,8,-80
1755870506.9899447,-2,-4,-77
1755870507.0289447,1,0,-62
1755870507.0649445,-8,4,-78
1755870507.1029446,-6,0,-78
1755870507.1399446,0,3,-79
1755870507.1759446,-1,0,-81
1755870507.213945,9,5,-79
1755870507.2509446,-1,4,-79
1755870507.2899446,1,0,-86
1755870507.325945,4,0,-79
1755870507.3629446,5,-4,-85
1755870507.4009447,7,-2,-76
1755870507.4399445,1,1,-81
1755870507.4759445,0,8,-79
1755870507.5129447,0,5,-73
1755870507.5509446,9,-2,-81
1755870507.5899446,1,7,-87
1755870507.6259446,3,0,-75
1755870507.6639447,-4,-2,-63
1755870507.700945,-10,-1,-74
1755870507.7399447,-3,-2,-93
1755870507.7769446,1,-14,-82
1755870507.8139446,-2,-7,-71
1755870507.8519447,1,-2,-91
1755870507.8909447,5,0,-79
1755870507.9289446,7,0,-76
1755870507.9649446,2,0,-73
1755870508.0019443,-1,-2,-81
1755870508.0409446,5,0,-80
1755870508.0789447,5,-7,-90
1755870508.1149447,3,-4,-90
1755870508.1519446,0,-3,-83
1755870508.190945,1,3,-79
1755870508.2289443,-4,-1,-73
1755870508.2649446,-1,-1,-83
1755870508.302945,1,3,-80
1755870508.3409443,1,-3,-64
1755870508.3789446,1,1,-70
1755870508.4149446,-4,-1,-71
1755870508.4529445,4,0,-76
1755870508.4909446,-1,6,-77
1755870508.5289447,0,1,-80
1755870508.5649445,5,-2,-75
1755870508.6029446,3,-5,-76
1755870508.6409447,7,-3,-69
1755870508.6799445,2,1,-69
1755870508.7159443,0,5,-72
1755870508.7539446,3,7,-63
1755870508.7919445,-1,4,-74
1755870508.8299446,3,0,-75
1755870508.8659446,4,0,-66
1755870508.9039447,-2,-1,-79
1755870508.9429443,-4,3,-62
1755870508.9809446,1,0,-78
1755870509.0169446,1,5,-86
1755870509.0539446,-4,-1,-87
1755870509.0919447,0,5,-70
1755870509.1309447,0,0,-73
1755870509.1669445,0,-2,-80
1755870509.2039447,-3,1,-82
1755870509.2419446,-2,0,-69
1755870509.2809446,1,3,-68
1755870509.3169446,1,5,-83
1755870509.3539443,-2,-2,-82
1755870509.3919446,-4,0,-73
1755870509.4309447,0,-6,-74
1755870509.4669447,0,-3,-71
1755870509.5039446,-4,-1,-85
1755870509.542945,-1,3,-77
1755870509.5809443,1,2,-74
1755870509.6169446,0,6,-74
1755870509.654945,0,4,-84
1755870509.6929443,6,4,-82
1755870509.7309446,3,0,-77
1755870509.7669446,0,0,-78
1755870509.8039446,3,0,-80
1755870509.8419447,-5,0,-83
1755870509.8799446,3,5,-64
1755870509.9159446,-1,6,-71
1755870509.9539447,1,3,-67
1755870509.9919446,2,-7,-74
1755870510.029945,5,-7,-75
1755870510.065945,10,-6,-73
1755870510.1039443,2,0,-69
1755870510.1419446,5,-1,-75
1755870510.1799445,-4,3,-66
1755870510.2169447,-1,-3,-71
1755870510.2539446,0,1,-75
1755870510.2919445,-3,-5,-72
1755870510.3299446,7,-2,-77
1755870510.3659446,7,-5,-80
1755870510.4039447,4,0,-79
1755870510.4419446,-2,1,-80
1755870510.4779446,0,0,-78
1755870510.5149446,-7,0,-75
1755870510.552945,6,0,-73
1755870510.5909443,0,-1,-62
1755870510.6269443,-10,-4,-64
1755870510.6649446,2,-1,-69
1755870510.7029445,2,2,-75
1755870510.7419446,1,-6,-82
1755870510.7779446,5,-1,-78
1755870510.815945,0,1,-72
1755870510.8549447,-5,-4,-71
1755870510.8919446,-2,1,-64
1755870510.9309447,1,2,-83
1755870510.9669447,-2,0,-84
1755870511.0049446,6,-5,-82
1755870511.042945,7,0,-71
1755870511.0819447,2,0,-80
1755870511.1179447,0,1,-80
1755870511.154945,0,3,-72
1755870511.1919446,-8,4,-73
1755870511.2309446,0,0,-68
1755870511.2669446,2,-1,-62
1755870511.3049445,3,5,-73
1755870511.3429446,-2,2,-77
1755870511.3809447,5,-2,-86
1755870511.4169445,0,-4,-92
1755870511.4549446,-3,-3,-82
1755870511.4929447,0,3,-77
1755870511.5309446,4,2,-81
1755870511.5679443,3,0,-75
1755870511.6049447,2,-1,-62
1755870511.6429446,1,-4,-72
1755870511.6819446,-7,-2,-78
1755870511.7179446,-11,-1,-77
1755870511.7559447,-3,1,-61
1755870511.7939446,-3,-7,-69
1755870511.8329446,4,5,-71
1755870511.8709445,0,4,-73
1755870511.9069445,0,2,-78
1755870511.9439447,4,0,-83
1755870511.9829447,4,0,-87
1755870512.0209446,-1,-1,-78
1755870512.0569446,2,-9,-78
1755870512.0939443,-4,-6,-68
1755870512.1329446,0,-1,-78
1755870512.1709447,5,-1,-71
1755870512.2149446,3,-4,-66
1755870512.2529447,-5,2,-63
1755870512.2919445,4,1,-71
1755870512.3279445,-2,1,-73
1755870512.3649447,0,-7,-77
1755870512.4029446,-1,-7,-78
1755870512.4419446,2,0,-79
1755870512.4779446,0,1,-81
1755870512.5159447,5,3,-85
1755870512.552945,-1,-5,-68
1755870512.5919447,-6,-2,-66
1755870512.6279447,-1,-2,-77
1755870512.6659446,1,-3,-77
1755870512.7039447,-1,-7,-78
1755870512.7429447,0,0,-68
1755870512.7789447,-8,5,-70
1755870512.815945,-11,-3,-73
1755870512.8539443,0,-2,-77
1755870512.8929446,-3,1,-65
1755870512.9289446,0,8,-67
1755870512.9659443,-2,1,-74
1755870513.0039446,1,0,-64
1755870513.042945,9,2,-73
1755870513.0789447,2,0,-80
1755870513.1159446,-1,-2,-69
1755870513.1539447,-3,-2,-74
1755870513.1929443,1,0,-75
1755870513.2289443,1,1,-82
1755870513.2659447,-2,2,-74
1755870513.3039446,0,6,-76
1755870513.3429446,0,1,-68
1755870513.3789446,-3,-7,-70
1755870513.4169445,1,-4,-76
1755870513.4549446,3,1,-65
1755870513.4929447,0,0,-68
1755870513.5289447,0,-2,-75
1755870513.565945,-2,2,-73
1755870513.6039443,-3,-2,-81
1755870513.6429446,-3,1,-71
1755870513.6789446,-9,-2,-69
1755870513.7169447,0,-8,-69
1755870513.7549446,1,-8,-78
1755870513.7939446,0,1,-83
1755870513.8319447,-2,3,-80
1755870513.8679447,5,4,-78
1755870513.904945,3,1,-67
1755870513.9429443,6,-5,-73
1755870513.9789443,8,-7,-73
1755870514.0159447,4,-6,-71
1755870514.0539446,-3,-4,-69
1755870514.0929446,1,-1,-71
1755870514.1289446,6,-6,-68
1755870514.1659446,3,-3,-60
1755870514.2039447,-3,-3,-61
1755870514.2429447,-2,-3,-72
1755870514.2789447,3,-4,-79
1755870514.315945,-10,4,-82
1755870514.3539443,-4,5,-74
1755870514.3929446,-6,-1,-78
1755870514.4289446,-4,-2,-79
1755870514.4669447,0,-2,-77
1755870514.5049446,-1,-5,-79
1755870514.5439446,6,-2,-70
1755870514.5799446,0,-3,-69
1755870514.6169446,5,2,-74
1755870514.6539447,-1,1,-75
1755870514.6929443,9,0,-79
1755870514.7289443,6,0,-80
1755870514.7669446,1,-5,-69
1755870514.8049445,-3,1,-60
1755870514.8429446,6,-2,-72
1755870514.8789446,-4,0,-72
1755870514.9169445,0,0,-78
1755870514.9549446,0,0,-78
1755870514.9929447,0,-3,-72
1755870515.0289447,5,-2,-77
1755870515.0669446,5,0,-79
1755870515.1049447,-3,0,-78
1755870515.1429446,0,1,-75
1755870515.1789446,2,1,-87
1755870515.2169447,6,0,-73
1755870515.2549446,6,-1,-73
1755870515.292945,7,-4,-79
1755870515.3289447,2,-7,-74
1755870515.3659446,2,-3,-76
1755870515.404945,0,-2,-75
1755870515.4429443,1,4,-79
1755870515.4789443,9,0,-79
1755870515.5159447,-1,-5,-68
1755870515.5549445,-3,-7,-66
1755870515.5929446,0,0,-73
1755870515.6289446,2,-2,-77
1755870515.6659446,7,0,-75
1755870515.7049446,-1,-1,-72
1755870515.7429447,1,1,-72
1755870515.7789447,-5,-2,-81
1755870515.8169446,1,-3,-75
1755870515.8549447,6,-1,-79
1755870515.8909447,1,-2,-73
1755870515.927945,-4,-7,-69
1755870515.9669447,6,-1,-79
1755870516.0049446,-7,1,-78
1755870516.0409446,0,2,-66
1755870516.0779445,5,-8,-69
1755870516.1169446,0,-2,-70
1755870516.154945,-8,-3,-78
1755870516.190945,1,-7,-70
1755870516.2279446,2,-1,-75
1755870516.2669446,-2,-5,-73
1755870516.3049445,-5,-2,-71
1755870516.3409443,-8,-1,-80
1755870516.3789446,-1,-2,-87
1755870516.4169445,1,0,-84
1755870516.4549446,-2,-8,-79
1755870516.4909446,-5,-6,-76
1755870516.5289447,-7,-5,-81
1755870516.5669446,-11,5,-75
1755870516.6059446,2,0,-71
1755870516.6439445,2,-1,-70
1755870516.6799445,2,-2,-74
1755870516.7169447,-3,-1,-75
1755870516.7559447,8,0,-70
1755870516.7939446,3,-2,-69
1755870516.8299446,5,-2,-81
1755870516.8669446,0,-1,-71
1755870516.9059446,1,-1,-75
1755870516.9439447,0,-1,-69
1755870516.9799447,7,0,-72
1755870517.0169446,9,1,-68
1755870517.0549445,4,0,-72
1755870517.0909443,10,3,-80
1755870517.1279447,12,4,-77
1755870517.1659446,-6,-5,-69
1755870517.2039447,-3,-2,-74
1755870517.2399447,1,-5,-73
1755870517.2769446,-4,-13,-71
1755870517.315945,-11,-3,-76
1755870517.3539443,-1,-1,-75
1755870517.3899446,-10,-7,-70
1755870517.427945,-5,-6,-66
1755870517.4669447,10,3,-88
1755870517.5049446,-5,4,-79
1755870517.5409446,5,-5,-70
1755870517.5789447,6,0,-85
1755870517.6169446,-1,-4,-77
1755870517.654945,0,-1,-86
1755870517.690945,-4,-1,-71
1755870517.7289443,-4,-6,-64
1755870517.7669446,2,0,-70
1755870517.8059447,8,-2,-75
1755870517.8419447,5,-1,-68
1755870517.8789446,-3,1,-76
1755870517.9169445,-5,0,-77
1755870517.9559443,0,-5,-73
1755870517.9919446,-4,-2,-69
1755870518.029945,-2,-8,-75
1755870518.0679443,6,2,-74
1755870518.1059446,6,0,-59
1755870518.1419446,0,0,-69
1755870518.1789446,0,-2,-74
1755870518.2169447,0,-5,-63
1755870518.2559447,5,0,-54
1755870518.2919445,1,8,-65
1755870518.3289447,2,3,-67
1755870518.3669446,-4,1,-63
1755870518.404945,0,5,-79
1755870518.440945,-3,0,-69
1755870518.4779446,4,0,-69
1755870518.5159447,4,-1,-61
1755870518.5519447,-6,-2,-70
1755870518.5899446,-5,0,-70
1755870518.6279447,0,-3,-73
1755870518.6669445,0,4,-73
1755870518.7049446,-12,3,-86
1755870518.7409446,-11,-3,-73
1755870518.7789447,-7,-9,-73
1755870518.8169446,-3,-5,-69
1755870518.8559446,4,-7,-83
1755870518.8919446,0,-5,-79
1755870518.9289446,8,-3,-65
1755870518.9669447,10,-6,-71
1755870519.0059447,12,-1,-83
1755870519.0419445,7,8,-72
1755870519.0789447,0,7,-67
1755870519.1169446,0,0,-72
1755870519.154945,0,-7,-67
1755870519.190945,-7,-5,-72
1755870519.2289443,1,6,-67
1755870519.2669446,0,1,-71
1755870519.3049445,4,-2,-74
1755870519.3409443,0,3,-63
1755870519.3779447,-3,0,-69
1755870519.4169445,12,1,-78
1755870519.4529445,4,6,-81
1755870519.4899447,-2,7,-71
1755870519.5279446,0,6,-70
1755870519.5669446,-2,11,-75
1755870519.6029446,-11,-2,-72
1755870519.6409447,-6,3,-73
1755870519.6789446,-1,5,-64
1755870519.7169447,-3,-2,-69
1755870519.7559447,-5,0,-71
1755870519.7919445,-1,0,-77
1755870519.8289447,0,-1,-73
1755870519.8669446,3,1,-70
1755870519.9029446,4,-1,-74
1755870519.9399445,3,-1,-78
1755870519.9779446,-6,-3,-64
1755870520.0169446,0,0,-67
1755870520.052945,-1,-5,-66
1755870520.0919447,-6,-3,-77
1755870520.1289446,2,-2,-71
1755870520.167945,8,0,-83
1755870520.2059443,0,0,-77
1755870520.2419446,-3,2,-84
1755870520.2789447,1,0,-79
1755870520.3169446,3,-4,-83
1755870520.3529446,-5,3,-79
1755870520.3899446,1,7,-70
1755870520.427945,0,-1,-71
1755870520.4659443,2,4,-70
1755870520.5019443,6,0,-73
1755870520.5399446,5,2,-80
1755870520.5779445,0,0,-62
1755870520.6159446,-7,0,-77
1755870520.6519446,-10,3,-73
1755870520.6899445,0,0,-68
1755870520.7279446,4,4,-75
1755870520.7659447,0,4,-81
1755870520.8019447,0,1,-67
1755870520.838945,-1,-2,-77
1755870520.8779447,2,0,-75
1755870520.9159446,-4,5,-76
1755870520.9519446,-6,-2,-73
1755870520.9899447,-3,7,-74
1755870521.0279446,-3,-5,-73
1755870521.0669446,-6,-5,-77
1755870521.1029446,-5,2,-78
1755870521.1399446,0,6,-76
1755870521.177945,2,6,-80
1755870521.213945,-5,5,-89
1755870521.2509446,-7,-4,-77
1755870521.2889447,0,-6,-68
1755870521.3279445,7,0,-71
1755870521.3639443,5,1,-80
1755870521.4009447,-1,-2,-74
1755870521.4389446,0,-2,-64
1755870521.4779446,-7,0,-60
1755870521.5139446,-5,1,-73
1755870521.5509446,-2,0,-79
1755870521.588945,-8,0,-80
1755870521.6279447,-3,0,-75
1755870521.6639447,2,-5,-76
1755870521.700945,-6,-3,-78
1755870521.7389443,1,1,-76
1755870521.7769446,0,1,-72
1755870521.812945,-4,-3,-77
1755870521.8509445,-2,-6,-76
1755870521.8889446,0,0,-69
1755870521.9269447,3,1,-75
1755870521.9629445,5,-1,-68
1755870522.0009446,-2,3,-88
1755870522.0389447,0,1,-83
1755870522.0769446,-4,1,-66
1755870522.1129446,-2,6,-62
1755870522.1509447,-2,4,-76
1755870522.1889446,-4,3,-62
1755870522.2329447,0,3,-80
1755870522.2709446,1,-3,-84
1755870522.3089447,-1,-9,-77
1755870522.3479445,1,-1,-65
1755870522.3839445,4,-1,-64
1755870522.4209447,4,1,-68
1755870522.4589446,0,0,-78
1755870522.4979446,0,-1,-78
1755870522.5339446,6,-2,-67
1755870522.5719447,-4,-4,-69
1755870522.6099446,-2,-2,-73
1755870522.6489446,5,-2,-72
1755870522.6869447,5,0,-70
1755870522.7229445,0,-3,-72
1755870522.7609446,3,4,-71
1755870522.7999446,4,0,-81
1755870522.8379445,-3,-1,-81
1755870522.8739443,0,-1,-67
1755870522.9109447,-5,-1,-75
1755870522.9499447,-6,-2,-69
1755870522.9879446,-10,-5,-70
1755870523.0239446,-4,-4,-64
1755870523.062945,-4,-6,-73
1755870523.0999446,-7,0,-74
1755870523.1389446,-2,-3,-78
1755870523.1769447,-1,0,-77
1755870523.213945,0,2,-72
1755870523.2509446,0,0,-82
1755870523.2889447,-1,6,-82
1755870523.3279445,5,-1,-77
1755870523.3639443,-1,0,-68
1755870523.4009447,-1,4,-78
1755870523.4389446,-5,0,-73
1755870523.4779446,-1,1,-76
1755870523.5139446,-2,-2,-83
1755870523.5519447,-7,1,-77
1755870523.5899446,0,8,-82
1755870523.6279447,5,2,-74
1755870523.6639447,2,-1,-71
1755870523.7019446,-2,2,-77
1755870523.7399447,-2,-1,-80
1755870523.7779446,0,6,-72
1755870523.8139446,-3,4,-73
1755870523.8519447,-1,-5,-63
1755870523.8899446,-4,0,-70
1755870523.9289446,7,0,-72
1755870523.9649446,1,-3,-65
1755870524.0019443,7,-2,-67
1755870524.0399446,-3,-5,-73
1755870524.0789447,-2,-3,-71
1755870524.1149447,-5,5,-74
1755870524.1519446,3,7,-75
1755870524.1899445,5,4,-70
1755870524.2279446,3,-2,-69
1755870524.2639446,-2,-3,-82
1755870524.3019447,-4,-10,-84
1755870524.3399446,2,0,-78
1755870524.3789446,3,0,-64
1755870524.4149446,-1,-2,-67
1755870524.4529445,-7,1,-73
1755870524.4909446,-8,-3,-81
1755870524.529945,-1,0,-74
1755870524.5679443,1,2,-70
1755870524.6039443,-6,1,-81
1755870524.6419446,-4,6,-75
1755870524.6799445,-2,-2,-73
1755870524.7189443,0,-2,-82
1755870524.7549446,5,-1,-78
1755870524.7919445,1,2,-66
1755870524.8299446,4,-2,-66
1755870524.8659446,-4,0,-82
1755870524.9039447,8,5,-59
1755870524.940945,5,2,-71
1755870524.9799447,1,2,-78
1755870525.0159447,3,1,-70
1755870525.052945,-2,0,-85
1755870525.0909443,6,0,-81
1755870525.1299446,4,-7,-84
1755870525.1659446,4,-10,-79
1755870525.2029445,-4,-7,-76
1755870525.2409446,0,-9,-76
1755870525.279945,-4,0,-75
1755870525.315945,1,0,-82
1755870525.3529446,7,-1,-66
1755870525.3919446,-1,0,-72
1755870525.4299445,-7,-3,-82
1755870525.4659443,-4,-2,-70
1755870525.5039446,4,0,-77
1755870525.5409446,2,0,-83
1755870525.5799446,3,-4,-76
1755870525.6159446,0,6,-76
1755870525.6529446,3,-4,-72
1755870525.690945,3,0,-75
1755870525.7299447,-5,0,-79
1755870525.7659447,4,3,-76
1755870525.802945,7,2,-71
1755870525.8409443,-3,-2,-72
1755870525.8789446,5,-5,-58
1755870525.9149446,0,-7,-73
1755870525.9529445,0,-4,-76
1755870525.9909446,-1,1,-71
1755870526.0289447,11,5,-68
1755870526.0649445,2,0,-64
1755870526.1029446,8,0,-65
1755870526.1409447,10,0,-78
1755870526.1789446,1,-1,-87
1755870526.2149446,-1,-5,-80
1755870526.2529447,0,2,-72
1755870526.2909446,7,-1,-75
1755870526.3289447,5,2,-80
1755870526.3649447,5,5,-84
1755870526.4029446,-3,-2,-84
1755870526.440945,-3,6,-86
1755870526.4789443,-4,0,-78
1755870526.5149446,1,5,-81
1755870526.552945,3,5,-75
1755870526.5909443,-7,7,-84
1755870526.6269443,2,2,-75
1755870526.6639447,6,4,-74
1755870526.700945,8,-1,-81
1755870526.7399447,1,0,-69
1755870526.7759447,1,0,-81
1755870526.812945,0,0,-64
1755870526.8509445,-1,-4,-83
1755870526.8899446,0,1,-79
1755870526.9259446,-1,0,-80
1755870526.9629445,0,-3,-79
1755870527.0009446,-2,-2,-83
1755870527.0399446,-2,-6,-78
1755870527.075945,0,-7,-72
1755870527.1129446,0,-2,-82
1755870527.1519446,4,3,-86
1755870527.1899445,3,5,-83
1755870527.2259445,2,-6,-83
1755870527.2629447,1,-1,-84
1755870527.3009446,6,-1,-73
1755870527.3399446,6,-1,-72
1755870527.3759446,0,0,-71
1755870527.4129446,4,-4,-79
1755870527.4519446,7,-4,-73
1755870527.4899447,1,0,-80
1755870527.5259447,1,0,-79
1755870527.562945,1,9,-83
1755870527.6019447,1,0,-84
1755870527.6399446,-6,1,-76
1755870527.6759446,-2,-6,-80
1755870527.7149446,4,3,-72
1755870527.7519443,0,5,-74
1755870527.7899446,5,2,-71
1755870527.825945,8,3,-80
1755870527.8649447,4,6,-82
1755870527.9019446,4,-1,-85
1755870527.940945,6,-11,-81
1755870527.9769447,0,-6,-75
1755870528.0139446,0,1,-78
1755870528.0519447,-3,6,-76
1755870528.0909443,2,-6,-79
1755870528.1269443,0,0,-69
1755870528.1639447,1,0,-62
1755870528.2019446,-4,-3,-65
1755870528.2409446,-2,4,-83
1755870528.2769446,-1,4,-79
1755870528.3149445,3,-2,-75
1755870528.3539443,-1,3,-76
1755870528.3919446,9,2,-65
1755870528.427945,5,5,-76
1755870528.4649446,3,6,-74
1755870528.5019443,1,6,-67
1755870528.5379446,2,-3,-83
1755870528.5749447,-7,0,-73
1755870528.6129446,-6,1,-75
1755870528.6519446,2,-2,-78
1755870528.687945,9,3,-77
1755870528.7249446,8,2,-66
1755870528.7619443,2,-2,-59
1755870528.8009446,-1,0,-65
1755870528.8369446,3,3,-76
1755870528.8739443,0,0,-80
1755870528.9119446,-7,-4,-77
1755870528.950945,2,-3,-69
1755870528.986945,9,0,-72
1755870529.0239446,4,5,-77
1755870529.0619447,-1,1,-76
1755870529.0979445,1,0,-60
1755870529.1359446,1,3,-67
1755870529.1739447,0,-3,-85
1755870529.2119446,0,0,-80
1755870529.2479446,-3,-5,-85
1755870529.2859447,1,-1,-81
1755870529.3239446,-2,-3,-92
1755870529.3629446,-5,-4,-80
1755870529.4009447,-2,2,-82
1755870529.4369447,0,1,-74
1755870529.473945,-4,3,-68
1755870529.5129447,3,4,-71
1755870529.5509446,1,4,-72
1755870529.5869446,3,4,-81
1755870529.6239443,4,2,-76
1755870529.6629446,1,1,-79
1755870529.700945,-4,0,-77
1755870529.736945,-4,9,-82
1755870529.7749443,-4,6,-79
1755870529.812945,0,0,-72
1755870529.8509445,0,1,-70
1755870529.8869443,0,3,-74
1755870529.9249446,2,6,-67
1755870529.9629445,5,1,-59
1755870530.0009446,10,-5,-73
1755870530.0369446,11,0,-77
1755870530.0749447,8,4,-77
1755870530.1129446,-3,3,-63
1755870530.1489446,0,5,-74
1755870530.1859446,-3,-6,-69
1755870530.2249446,-4,-2,-85
1755870530.2629447,1,-4,-66
1755870530.3019447,4,-2,-69
1755870530.3379445,-1,-6,-74
1755870530.3759446,-1,-4,-79
1755870530.4139447,-3,1,-76
1755870530.4529445,0,1,-64
1755870530.4889443,0,-3,-74
1755870530.5259447,-1,-5,-69
1755870530.5639446,2,-5,-65
1755870530.6029446,-1,-3,-69
1755870530.6389446,2,5,-74
1755870530.6759446,2,-1,-72
1755870530.713945,1,0,-74
1755870530.7519443,-1,4,-66
1755870530.7879446,0,-1,-77
1755870530.8249447,0,2,-73
1755870530.8629446,1,1,-79
1755870530.8989446,0,-4,-78
1755870530.9359446,2,0,-76
1755870530.9749446,6,4,-72
1755870531.0129447,0,0,-76
1755870531.0489447,6,4,-66
1755870531.085945,0,5,-72
1755870531.1239443,4,-2,-74
1755870531.1619446,-1,-1,-68
1755870531.1979446,3,-5,-69
1755870531.2349446,-2,-4,-80
1755870531.2739446,6,0,-80
1755870531.3119447,6,-4,-84
1755870531.3479445,2,-2,-76
1755870531.384945,-6,1,-77
1755870531.4239447,0,0,-60
1755870531.4619446,5,7,-55
1755870531.4979446,2,1,-74
1755870531.5349443,0,1,-73
1755870531.5729446,0,0,-67
1755870531.608945,1,-2,-69
1755870531.6459446,1,-3,-77
1755870531.6839447,-1,0,-67
1755870531.7229445,5,-1,-81
1755870531.7589445,6,5,-75
1755870531.7959447,1,3,-77
1755870531.8339446,-3,1,-69
1755870531.8729446,-6,4,-68
1755870531.9089446,-2,0,-86
1755870531.9459443,0,2,-71
1755870531.983945,-8,0,-73
1755870532.0229447,-4,-2,-75
1755870532.0589447,2,-8,-62
1755870532.0959446,-3,0,-71
1755870532.1339445,-3,1,-61
1755870532.1729443,0,-11,-72
1755870532.2089446,-3,-5,-65
1755870532.2549446,-7,-5,-73
1755870532.292945,1,-5,-75
1755870532.3289447,-1,0,-73
1755870532.3669446,0,2,-72
1755870532.404945,-1,5,-65
1755870532.4439447,3,-3,-68
1755870532.4799447,-1,0,-72
1755870532.5169446,-6,-1,-76
1755870532.5549445,3,-4,-75
1755870532.5939443,1,6,-78
1755870532.6299446,0,2,-75
1755870532.6669445,-2,0,-81
1755870532.7049446,8,0,-79
1755870532.7429447,2,1,-76
1755870532.7789447,4,-4,-75
1755870532.8169446,-9,1,-82
1755870532.8549447,1,3,-72
1755870532.8939445,2,1,-74
1755870532.9299445,-1,1,-76
1755870532.9669447,-2,-5,-76
1755870533.0049446,-4,-1,-86
1755870533.0439446,6,-2,-82
1755870533.0799446,4,-2,-74
1755870533.1169446,7,0,-82
1755870533.154945,1,0,-71
1755870533.1929443,0,0,-69
1755870533.2289443,-3,-5,-70
1755870533.2669446,7,-2,-70
1755870533.3049445,-1,-1,-85
1755870533.3439443,-1,-2,-81
1755870533.3799446,-4,-6,-82
1755870533.417945,-2,-1,-71
1755870533.4559443,0,-6,-66
1755870533.4949446,-4,-7,-66
1755870533.532945,-3,2,-67
1755870533.5689447,0,-1,-82
1755870533.6059446,-1,-3,-72
1755870533.644945,-3,0,-76
1755870533.6829443,-1,-3,-76
1755870533.7189443,-1,4,-75
1755870533.7559447,-6,2,-78
1755870533.7949443,-1,-12,-74
1755870533.8309443,-4,0,-77
1755870533.8689446,1,-1,-70
1755870533.9069445,1,-4,-66
1755870533.9449446,-4,0,-78
1755870533.983945,0,0,-67
1755870534.019945,2,-3,-67
1755870534.0589447,7,2,-77
1755870534.0969446,3,0,-78
1755870534.134945,7,1,-74
1755870534.1709447,1,2,-78
1755870534.2079446,4,-6,-71
1755870534.246945,-3,-2,-83
1755870534.2849443,0,2,-79
1755870534.3209443,-1,0,-72
1755870534.3579447,-5,-4,-76
1755870534.3969443,-6,0,-74
1755870534.4349446,1,-1,-71
1755870534.4709446,3,-4,-74
1755870534.5079446,4,-3,-69
1755870534.5459447,7,1,-57
1755870534.5849447,2,0,-59
1755870534.6209445,0,0,-72
1755870534.657945,2,8,-65
1755870534.6959443,7,7,-78
1755870534.733945,0,2,-69
1755870534.769945,-2,1,-69
1755870534.8079443,4,-7,-71
1755870534.8469446,3,-3,-78
1755870534.884945,-2,-1,-74
1755870534.9209447,0,3,-73
1755870534.9579446,-2,-3,-66
1755870534.996945,-3,2,-76
1755870535.0349443,1,0,-75
1755870535.0709443,3,-3,-72
1755870535.1079447,-3,3,-74
1755870535.1459446,-2,0,-86
1755870535.1849446,-7,0,-67
1755870535.2209446,-6,-7,-76
1755870535.259945,1,-1,-69
1755870535.2969446,9,2,-73
1755870535.3349447,3,4,-70
1755870535.3709445,5,5,-71
1755870535.407945,0,-4,-77
1755870535.4459443,1,-4,-82
1755870535.4849446,4,1,-73
1755870535.5209446,4,-2,-80
1755870535.5589447,0,-1,-74
1755870535.5969446,0,-3,-75
1755870535.6359446,0,2,-73
1755870535.6719446,-4,0,-74
1755870535.7099447,1,4,-74
1755870535.746945,8,4,-72
1755870535.7849443,1,-1,-74
1755870535.8209443,3,-1,-75
1755870535.8579447,3,-3,-71
1755870535.8959446,-1,2,-69
1755870535.9349446,-1,4,-71
1755870535.9709446,-10,6,-73
1755870536.009945,-9,4,-76
1755870536.0469446,-7,-2,-75
1755870536.085945,0,0,-71
1755870536.121945,-1,-5,-73
1755870536.1599443,-4,-7,-77
1755870536.1979446,-1,-3,-72
1755870536.2359445,-6,-2,-75
1755870536.2749443,-2,1,-80
1755870536.3109446,0,2,-79
1755870536.348945,-1,-1,-75
1755870536.3869443,0,2,-65
1755870536.4249446,6,-3,-74
1755870536.460945,-2,-4,-69
1755870536.4989443,-4,-1,-69
1755870536.5369446,0,-2,-78
1755870536.575945,2,-6,-82
1755870536.611945,0,-6,-82
1755870536.6499443,0,1,-74
1755870536.687945,2,0,-77
1755870536.7269447,6,0,-70
1755870536.7649446,0,0,-69
1755870536.8009446,-3,1,-60
1755870536.8379445,-2,3,-69
1755870536.8769443,1,4,-81
1755870536.9149446,-2,1,-69
1755870536.950945,-7,-1,-69
1755870536.9899447,0,3,-67
1755870537.0269446,1,-4,-70
1755870537.065945,5,-2,-68
1755870537.1019447,-1,0,-58
1755870537.1399446,4,-2,-72
1755870537.1769447,4,-3,-83
1755870537.2159443,1,-2,-84
1755870537.2519443,6,-6,-73
1755870537.2889447,-3,0,-85
1755870537.3269446,0,3,-69
1755870537.3629446,2,2,-71
1755870537.3999443,2,2,-79
1755870537.4369447,-3,0,-82
1755870537.4759445,11,0,-85
1755870537.5119443,2,0,-79
1755870537.5499446,3,-4,-71
1755870537.5879445,-2,0,-79
1755870537.6269443,0,-1,-80
1755870537.6629446,-3,-4,-83
1755870537.700945,-3,-3,-76
1755870537.7389443,1,-2,-66
1755870537.7769446,2,-4,-68
1755870537.815945,0,-3,-70
1755870537.8519447,-3,-1,-80
1755870537.8899446,0,-1,-81
1755870537.927945,0,-1,-76
1755870537.9669447,2,-5,-68
1755870538.0029447,2,1,-70
1755870538.0399446,-5,-5,-74
1755870538.0779445,-1,2,-66
1755870538.1169446,-2,-3,-77
1755870538.1529446,-6,-2,-73
1755870538.190945,2,-5,-76
1755870538.2289443,-2,-2,-75
1755870538.2679446,0,-8,-75
1755870538.3059447,0,-3,-81
1755870538.3419447,0,-7,-80
1755870538.3799446,6,-2,-74
1755870538.417945,-1,0,-67
1755870538.4569447,4,1,-77
1755870538.4929447,3,7,-83
1755870538.529945,-2,7,-77
1755870538.5679443,-5,3,-65
1755870538.6069446,-1,-2,-69
1755870538.6429446,-6,-1,-79
1755870538.6819446,-2,-2,-75
1755870538.7189443,-8,2,-67
1755870538.7579446,-7,7,-73
1755870538.7959447,-1,3,-67
1755870538.8319447,-8,2,-72
1755870538.8689446,0,-1,-73
1755870538.907945,1,0,-75
1755870538.9459443,7,-2,-70
1755870538.9819446,3,5,-71
1755870539.0189445,-2,1,-73
1755870539.0579443,-7,1,-73
1755870539.0959446,2,1,-78
1755870539.131945,6,-1,-77
1755870539.1689446,6,0,-68
1755870539.2079446,0,3,-76
1755870539.2439446,-9,-9,-75
1755870539.2819445,-3,-5,-70
1755870539.3199446,1,-13,-68
1755870539.3579447,5,0,-62
1755870539.3939445,8,-1,-72
1755870539.4309447,5,3,-70
1755870539.4689443,5,-3,-73
1755870539.5079446,3,-5,-97
1755870539.5439446,0,-10,-88
1755870539.5809443,-3,-6,-76
1755870539.6189446,-10,0,-69
1755870539.657945,3,0,-71
1755870539.6939447,2,-7,-81
1755870539.7319446,1,-3,-76
1755870539.769945,-6,-1,-81
1755870539.8079443,-1,0,-78
1755870539.8469446,2,-5,-86
1755870539.8829446,0,-9,-79
1755870539.9199443,0,-3,-82
1755870539.9579446,-5,-7,-85
1755870539.9939446,-9,-4,-81
1755870540.0319445,-8,-2,-78
1755870540.0699446,0,-4,-78
1755870540.108945,-9,-6,-70
1755870540.1469443,-5,7,-73
1755870540.1829443,1,1,-74
1755870540.2199447,3,2,-67
1755870540.2579446,2,0,-74
1755870540.2939446,12,-2,-73
1755870540.3319447,11,-6,-78
1755870540.3689446,1,-11,-67
1755870540.407945,-6,-10,-76
1755870540.4439447,2,-5,-70
1755870540.4809446,1,0,-82
1755870540.5189445,0,-1,-78
1755870540.5569446,0,0,-76
1755870540.5929446,2,0,-80
1755870540.631945,2,1,-75
1755870540.6689446,6,0,-69
1755870540.7069447,0,2,-75
1755870540.7439446,-1,-2,-78
1755870540.7809446,-5,0,-59
1755870540.8189447,4,-2,-67
1755870540.8579447,4,2,-73
1755870540.8939445,6,4,-67
1755870540.9309447,2,-3,-70
1755870540.9689443,-5,5,-76
1755870541.0079446,2,8,-74
1755870541.0439446,6,-3,-69
1755870541.0809443,2,-6,-82
1755870541.1189446,3,-1,-66
1755870541.157945,4,2,-74
1755870541.1939447,1,0,-72
1755870541.2309446,-4,2,-72
1755870541.2689445,-3,-2,-74
1755870541.3079443,3,-3,-80
1755870541.3439443,-2,0,-70
1755870541.3809447,2,-3,-74
1755870541.4189446,0,-1,-82
1755870541.4579446,-1,2,-66
1755870541.4939446,-2,-2,-73
1755870541.532945,-1,-6,-74
1755870541.5699446,0,-1,-68
1755870541.608945,9,-1,-71
1755870541.644945,0,0,-73
1755870541.6829443,3,0,-74
1755870541.7199447,5,-3,-75
1755870541.7589445,-1,-4,-69
1755870541.7949443,6,2,-72
1755870541.8329446,6,-3,-89
1755870541.8699446,2,0,-82
1755870541.907945,1,4,-80
1755870541.9439447,3,3,-74
1755870541.9809446,0,3,-81
1755870542.0189445,-2,0,-65
1755870542.0549445,-4,0,-74
1755870542.0919447,3,0,-82
1755870542.1299446,2,0,-73
1755870542.167945,0,-2,-67
1755870542.2039447,2,0,-62
1755870542.2409446,3,-5,-70
1755870542.2859447,-2,0,-64
1755870542.3229446,0,-6,-66
1755870542.361945,-1,1,-83
1755870542.3999443,-3,0,-71
1755870542.437945,-3,8,-73
1755870542.473945,-9,5,-81
1755870542.5119443,0,-2,-81
1755870542.5499446,3,0,-68
1755870542.5879445,1,2,-70
1755870542.6239443,1,-4,-70
1755870542.6619446,-1,-10,-68
1755870542.6999447,1,-12,-73
1755870542.7389443,0,-3,-71
1755870542.7749443,5,1,-69
1755870542.812945,0,3,-70
1755870542.8499446,1,5,-73
1755870542.8859446,0,0,-84
1755870542.9229443,0,-3,-68
1755870542.960945,3,-3,-68
1755870542.9999447,2,2,-71
1755870543.0359447,0,4,-76
1755870543.0729446,0,0,-69
1755870543.1109445,7,1,-83
1755870543.1499443,-1,-6,-67
1755870543.1859446,-10,-4,-65
1755870543.2249446,-7,-1,-66
1755870543.2619443,0,-3,-69
1755870543.2999446,2,0,-59
1755870543.338945,1,1,-72
1755870543.3749447,3,6,-73
1755870543.4119446,0,4,-80
1755870543.4499447,2,6,-80
1755870543.4859445,0,1,-78
1755870543.5229447,-2,4,-74
1755870543.5619447,5,0,-73
1755870543.5999446,-4,-7,-69
1755870543.6359446,1,-2,-75
1755870543.6729443,-2,2,-66
1755870543.7119446,-2,1,-73
1755870543.7499447,0,2,-71
1755870543.7859447,4,2,-69
1755870543.8229446,11,-2,-70
1755870543.861945,9,3,-80
1755870543.8999443,5,0,-79
1755870543.9359446,1,-2,-68
1755870543.9729445,1,7,-62
1755870544.0109446,-5,6,-65
1755870544.0499446,0,1,-84
1755870544.085945,2,-3,-79
1755870544.1229446,3,-3,-59
1755870544.1619446,2,0,-63
1755870544.1999447,-3,1,-81
1755870544.2359445,-1,1,-73
1755870544.2729447,-2,-7,-75
1755870544.3109446,-2,-7,-75
1755870544.3499446,0,-1,-85
1755870544.3859446,1,0,-78
1755870544.4229443,1,1,-88
1755870544.4619446,-5,2,-78
1755870544.4999447,0,-4,-85
1755870544.5359447,-1,-4,-81
1755870544.5749447,0,-2,-74
1755870544.611945,1,0,-78
1755870544.6499443,-3,0,-88
1755870544.6859446,-2,0,-76
1755870544.7229445,-5,11,-76
1755870544.7619443,-3,7,-69
1755870544.7999446,1,-3,-61
1755870544.835945,0,1,-75
1755870544.8729446,-2,-2,-76
1755870544.9119446,-1,2,-77
1755870544.9499447,7,0,-73
1755870544.9859445,1,0,-70
1755870545.0229447,-1,0,-71
1755870545.0619447,-1,-2,-66
1755870545.0999446,-10,-6,-70
1755870545.1359446,-4,-6,-75
1755870545.1739447,0,0,-80
1755870545.2119446,2,0,-64
1755870545.2499447,-4,3,-68
1755870545.2859447,2,0,-66
1755870545.3229446,6,6,-79
1755870545.361945,5,4,-78
1755870545.3999443,0,0,-69
1755870545.4359446,2,2,-62
1755870545.4729445,3,0,-74
1755870545.5119443,-1,-6,-73
1755870545.5499446,4,0,-68
1755870545.585945,3,0,-58
1755870545.6229446,-2,1,-71
1755870545.6619446,1,0,-66
1755870545.6999447,-2,-4,-78
1755870545.7359445,-7,-8,-77
1755870545.7749443,-8,4,-74
1755870545.8119447,-6,-2,-84
1755870545.8509445,2,8,-72
1755870545.8869443,5,0,-78
1755870545.9249446,2,-3,-77
1755870545.9619446,2,-4,-77
1755870546.0009446,-4,-2,-76
1755870546.0369446,-1,0,-67
1755870546.0739446,0,-5,-62
1755870546.111945,5,-2,-70
1755870546.1509447,4,-1,-80
1755870546.1869447,-4,-1,-80
1755870546.2249446,1,-1,-66
1755870546.2629447,-2,8,-62
1755870546.3019447,0,3,-65
1755870546.3379445,2,-5,-70
1755870546.3749447,2,-4,-77
1755870546.4129446,-5,-2,-70
1755870546.4519446,-3,0,-77
1755870546.4879446,-4,0,-71
1755870546.5249443,0,3,-75
1755870546.562945,1,-1,-71
1755870546.6019447,-1,-8,-76
1755870546.6379447,6,-5,-73
1755870546.6749446,-4,-3,-66
1755870546.7129445,-1,2,-61
1755870546.7519443,5,0,-74
1755870546.7879446,0,-4,-76
1755870546.825945,4,-4,-86
1755870546.8649447,0,0,-73
1755870546.9029446,2,-3,-81
1755870546.940945,3,-4,-59
1755870546.9769447,4,-1,-67
1755870547.0149446,2,0,-67
1755870547.052945,1,3,-63
1755870547.0919447,-10,-4,-74
1755870547.1279447,-9,-5,-71
1755870547.1659446,-11,-9,-69
1755870547.2039447,2,-10,-77
1755870547.2429447,-2,2,-76
1755870547.2809446,0,-1,-80
1755870547.3169446,0,-3,-78
1755870547.3539443,1,-3,-78
1755870547.3929446,0,5,-82
1755870547.4309447,0,1,-68
1755870547.4669447,-1,1,-68
1755870547.5039446,2,2,-74
1755870547.542945,-1,-1,-75
1755870547.5809443,-1,-4,-72
1755870547.6169446,3,-4,-82
1755870547.654945,0,-1,-73
1755870547.6929443,-7,7,-74
1755870547.7319446,-8,0,-77
1755870547.7679446,2,-1,-66
1755870547.8049445,2,6,-82
1755870547.8429446,1,1,-81
1755870547.8809447,-4,0,-77
1755870547.9169445,2,0,-68
1755870547.9539447,-1,2,-67
1755870547.9929447,0,3,-68
1755870548.0309446,-3,-2,-81
1755870548.0669446,-3,0,-81
1755870548.1039443,-5,-2,-72
1755870548.1429446,-4,4,-79
1755870548.1789446,0,-2,-75
1755870548.2159443,-1,-1,-68
1755870548.2539446,6,1,-79
1755870548.2919445,6,3,-82
1755870548.3279445,1,3,-71
1755870548.3659446,0,1,-75
1755870548.4029446,-8,1,-84
1755870548.4419446,-2,3,-84
1755870548.4779446,2,2,-73
1755870548.5149446,-5,1,-73
1755870548.552945,-6,2,-52
1755870548.5919447,-9,0,-65
1755870548.6279447,-1,1,-78
1755870548.6649446,0,7,-70
1755870548.7029445,-5,-3,-66
1755870548.7419446,2,-4,-75
1755870548.7779446,4,-6,-63
1755870548.8149445,-3,0,-62
1755870548.8539443,-4,5,-69
1755870548.8919446,-4,4,-81
1755870548.927945,0,-3,-81
1755870548.9659443,0,2,-75
1755870549.0039446,0,0,-71
1755870549.0419445,1,0,-78
1755870549.0779445,1,-1,-81
1755870549.1159446,4,0,-77
1755870549.1539447,-5,0,-92
1755870549.1919446,2,-3,-77
1755870549.2279446,0,-7,-77
1755870549.2649446,-2,-2,-90
1755870549.3039446,-1,-2,-72
1755870549.3419447,7,1,-80
1755870549.3779447,2,-1,-67
1755870549.4149446,0,0,-72
1755870549.4539447,-5,5,-75
1755870549.4919446,0,-4,-72
1755870549.5279446,-5,-5,-84
1755870549.565945,5,3,-74
1755870549.6039443,1,-2,-78
1755870549.6419446,-2,-3,-72
1755870549.677945,0,-2,-70
1755870549.7149446,-5,-4,-72
1755870549.7539446,2,3,-76
1755870549.7919445,0,1,-69
1755870549.8279445,0,-3,-66
1755870549.8649447,-4,-6,-72
1755870549.9039447,-1,0,-64
1755870549.9419446,0,-1,-73
1755870549.9779446,4,6,-76
1755870550.0149446,2,3,-81
1755870550.052945,0,2,-66
1755870550.088945,0,-2,-58
1755870550.1259446,2,-2,-72
1755870550.1639447,-5,0,-78
1755870550.2029445,4,4,-73
1755870550.2389443,-3,1,-71
1755870550.2759447,-6,-2,-68
1755870550.3139446,-6,-5,-67
1755870550.3529446,-1,-6,-72
1755870550.3889446,-2,-4,-69
1755870550.4269447,7,-2,-80
1755870550.4649446,1,-6,-73
1755870550.5039446,1,-7,-78
1755870550.5399446,-2,-5,-85
1755870550.5779445,1,4,-81
1755870550.6159446,-1,6,-77
1755870550.654945,-3,5,-71
1755870550.6929443,-3,4,-80
1755870550.7289443,1,4,-85
1755870550.7669446,1,9,-86
1755870550.8049445,2,3,-76
1755870550.8429446,6,1,-77
1755870550.8789446,-2,3,-75
1755870550.917945,-1,3,-70
1755870550.9549446,2,-2,-75
1755870550.9939446,4,1,-76
1755870551.029945,-1,-2,-76
1755870551.0679443,1,-1,-86
1755870551.1059446,0,3,-73
1755870551.144945,5,7,-72
1755870551.1829443,-1,0,-77
1755870551.2189443,-2,5,-76
1755870551.2559447,10,-1,-77
1755870551.2949443,3,-2,-78
1755870551.3329446,1,-4,-80
1755870551.3689446,2,-4,-75
1755870551.4069445,0,0,-77
1755870551.4449446,-4,0,-84
1755870551.4829447,2,5,-71
1755870551.5189445,-7,0,-73
1755870551.5569446,-3,3,-76
1755870551.5949447,3,-1,-75
1755870551.6329446,0,-1,-70
1755870551.6689446,1,3,-62
1755870551.7069447,-4,6,-82
1755870551.7449446,-6,6,-72
1755870551.7809446,-9,-3,-81
1755870551.8189447,4,-6,-65
1755870551.8569446,5,-3,-75
1755870551.894945,-1,-8,-67
1755870551.9339447,2,-5,-67
1755870551.9699447,5,-6,-71
1755870552.006945,2,-3,-60
1755870552.0449443,3,0,-73
1755870552.0809443,0,0,-67
1755870552.1179447,0,-4,-71
1755870552.1569445,-2,-6,-77
1755870552.1949446,-3,0,-72
1755870552.2309446,3,3,-61
1755870552.2679446,2,3,-75
1755870552.3139446,2,1,-75
1755870552.3499446,0,1,-74
1755870552.3869443,0,3,-72
1755870552.4249446,0,5,-69
1755870552.463945,-11,0,-72
1755870552.4999447,-3,-1,-75
1755870552.5379446,0,-2,-66
1755870552.575945,-5,-8,-70
1755870552.6149447,1,0,-79
1755870552.6509447,2,-3,-78
1755870552.687945,-1,-2,-72
1755870552.7269447,5,3,-70
1755870552.7649446,2,1,-70
1755870552.8009446,7,3,-76
1755870552.8379445,4,0,-68
1755870552.8769443,-4,-5,-64
1755870552.9149446,1,0,-71
1755870552.950945,-1,0,-72
1755870552.9879446,0,-7,-72
1755870553.0259447,4,0,-64
1755870553.0649445,-3,2,-68
1755870553.1009445,-1,4,-66
1755870553.1379447,1,4,-53
1755870553.1759446,-2,4,-67
1755870553.213945,0,-6,-65
1755870553.2499447,-5,-3,-75
1755870553.2879446,-1,-1,-79
1755870553.3269446,-1,2,-61
1755870553.3649447,2,1,-66
1755870553.4009447,0,2,-74
1755870553.437945,4,0,-80
1755870553.4759445,-2,5,-74
1755870553.5149446,0,-1,-69
1755870553.5509446,-4,2,-72
1755870553.5879445,3,1,-78
1755870553.6259446,-2,5,-76
1755870553.6619446,3,3,-69
1755870553.6989446,-1,0,-71
1755870553.736945,-1,0,-77
1755870553.7759447,0,5,-88
1755870553.8119447,0,0,-82
1755870553.848945,5,2,-74
1755870553.8869443,8,4,-76
1755870553.9259446,2,-2,-73
1755870553.9619446,5,6,-57
1755870553.9989443,-3,4,-59
1755870554.0379446,-6,-1,-66
1755870554.075945,-9,4,-70
1755870554.111945,-7,1,-72
1755870554.1489446,-2,-3,-76
1755870554.1869447,0,2,-69
1755870554.2259445,5,-2,-81
1755870554.2619443,4,-5,-77
1755870554.2989447,0,-7,-79
1755870554.3369446,-4,-3,-80
1755870554.3759446,-3,2,-79
1755870554.4119446,-7,-1,-76
1755870554.4499447,-10,4,-76
1755870554.4879446,-10,2,-74
1755870554.5269446,-5,0,-76
1755870554.5649445,6,6,-61
1755870554.6009445,7,9,-67
1755870554.6389446,5,2,-78
1755870554.6769447,3,4,-64
1755870554.7149446,-3,5,-70
1755870554.7509446,-1,3,-79
1755870554.7889447,-1,3,-77
1755870554.8269446,1,2,-73
1755870554.8649447,-15,-3,-76
1755870554.9009447,-8,5,-75
1755870554.9389446,-4,-4,-69
1755870554.9769447,3,1,-65
1755870555.0149446,3,5,-72
1755870555.0509446,6,8,-62
1755870555.088945,9,5,-77
1755870555.1269443,2,-4,-74
1755870555.1649446,4,-3,-68
1755870555.200945,-5,-1,-70
1755870555.2389443,1,0,-79
1755870555.2769446,7,2,-82
1755870555.312945,4,-1,-84
1755870555.3499446,0,-2,-73
1755870555.3889446,3,-4,-78
1755870555.4269447,0,-3,-87
1755870555.4629445,6,1,-85
1755870555.4999447,6,0,-76
1755870555.5389447,2,-5,-77
1755870555.5769446,4,1,-76
1755870555.6129446,-2,0,-72
1755870555.6509447,5,0,-74
1755870555.6889446,0,6,-75
1755870555.7269447,-2,0,-64
1755870555.7629447,-2,-4,-64
1755870555.8009446,-2,-6,-69
1755870555.838945,0,-5,-82
1755870555.8769443,1,0,-82
1755870555.9129446,5,2,-79
1755870555.9499447,4,-3,-75
1755870555.9889443,3,0,-73
1755870556.0269446,-2,-1,-70
1755870556.062945,0,1,-83
1755870556.0999446,-1,-7,-82
1755870556.1389446,0,-3,-75
1755870556.1769447,9,-1,-80
1755870556.2129445,2,-3,-72
1755870556.2509446,-5,-9,-80
1755870556.2889447,-6,0,-70
1755870556.3279445,-2,0,-77
1755870556.3659446,-7,2,-82
1755870556.4019446,-3,0,-76
1755870556.4389446,1,1,-69
1755870556.4779446,0,3,-65
1755870556.5159447,8,-8,-65
1755870556.5519447,1,-2,-78
1755870556.5899446,-2,-5,-80
1755870556.6279447,8,0,-69
1755870556.6669445,0,0,-68
1755870556.7029445,-1,0,-64
1755870556.7409446,6,-3,-65
1755870556.7789447,0,0,-75
1755870556.8169446,-4,1,-82
1755870556.8529446,0,3,-76
1755870556.8919446,0,2,-68
1755870556.9299445,-3,-3,-71
1755870556.9679446,-3,1,-68
1755870557.0059447,5,4,-83
1755870557.0419445,6,-1,-89
1755870557.0789447,8,3,-93
1755870557.1179447,8,0,-70
1755870557.1539447,0,0,-70
1755870557.1919446,5,2,-68
1755870557.2289443,10,0,-74
1755870557.2669446,0,3,-81
1755870557.302945,-4,0,-79
1755870557.3419447,0,2,-77
1755870557.3799446,0,0,-75
1755870557.417945,4,3,-85
1755870557.4539447,-1,7,-80
1755870557.4919446,-3,-2,-80
1755870557.529945,-2,-1,-75
1755870557.5679443,0,3,-81
1755870557.6039443,0,1,-86
1755870557.6419446,0,2,-77
1755870557.6789446,5,-7,-65
1755870557.7179446,-1,0,-73
1755870557.7539446,-2,0,-81
1755870557.7919445,0,-2,-74
1755870557.8299446,-4,2,-69
1755870557.8689446,3,2,-77
1755870557.9069445,0,3,-73
1755870557.9429443,-2,0,-73
1755870557.9799447,-2,-5,-76
1755870558.0189445,-5,-2,-74
1755870558.0569446,-1,-6,-72
1755870558.0929446,0,-5,-78
1755870558.1309447,5,-7,-68
1755870558.1689446,-7,-4,-77
1755870558.2079446,3,0,-83
1755870558.2439446,0,1,-80
1755870558.2809446,-1,2,-74
1755870558.3189447,6,2,-71
1755870558.3579447,6,-1,-62
1755870558.3939445,5,-3,-72
1755870558.4309447,7,-2,-76
1755870558.4689443,10,-6,-82
1755870558.5079446,3,1,-81
1755870558.5439446,3,2,-68
1755870558.5809443,9,0,-82
1755870558.6189446,0,-2,-78
1755870558.6569445,-4,0,-74
1755870558.6929443,-10,2,-82
1755870558.7309446,-7,0,-79
1755870558.769945,5,1,-75
1755870558.8079443,0,2,-67
1755870558.8439443,3,1,-70
1755870558.8809447,0,2,-88
1755870558.9189446,1,2,-69
1755870558.9549446,-3,-3,-74
1755870558.9929447,4,1,-79
1755870559.029945,7,-3,-69
1755870559.0689447,8,0,-70
1755870559.1049447,-2,0,-72
1755870559.1419446,0,0,-72
1755870559.1789446,5,1,-67
1755870559.2149446,7,3,-64
1755870559.2519443,-4,-3,-78
1755870559.2899446,-2,0,-76
1755870559.3289447,2,1,-76
1755870559.3649447,-1,4,-65
1755870559.4019446,-1,4,-64
1755870559.4399445,-2,0,-72
1755870559.4789443,3,0,-88
1755870559.5149446,-6,-3,-78
1755870559.552945,-5,0,-71
1755870559.5909443,-1,4,-72
1755870559.6299446,-7,0,-67
1755870559.667945,0,0,-70
1755870559.7039447,0,1,-66
1755870559.7409446,-2,-4,-74
1755870559.779945,-3,0,-89
1755870559.8179443,-2,-1,-69
1755870559.8539443,-7,0,-83
1755870559.8919446,-9,-3,-80
1755870559.9299445,-1,-2,-81
1755870559.9689443,-1,-6,-73
1755870560.0049446,2,-1,-81
1755870560.0419445,1,-3,-77
1755870560.0799446,3,-5,-77
1755870560.1189446,-2,2,-78
1755870560.154945,-2,3,-82
1755870560.1919446,2,-8,-76
1755870560.2299447,5,-3,-78
1755870560.2689445,1,-4,-77
1755870560.3049445,0,-1,-71
1755870560.3429446,2,-8,-72
1755870560.3809447,-1,-4,-78
1755870560.4199443,0,-1,-70
1755870560.4579446,4,1,-71
1755870560.4939446,-6,-3,-77
1755870560.5319445,-6,-2,-84
1755870560.5699446,0,-3,-85
1755870560.608945,3,0,-75
1755870560.644945,2,0,-81
1755870560.6819446,0,-4,-72
1755870560.7199447,-2,-4,-68
1755870560.7589445,8,0,-78
1755870560.7949443,-1,4,-66
1755870560.8329446,-3,0,-63
1755870560.8709445,-1,3,-61
1755870560.9099443,-2,2,-63
1755870560.9459443,2,-1,-62
1755870560.9829447,-5,0,-68
1755870561.0209446,-6,-3,-70
1755870561.0599446,6,0,-68
1755870561.0959446,4,3,-73
1755870561.1329446,0,2,-76
1755870561.1699443,2,-4,-83
1755870561.2089446,0,0,-70
1755870561.2449446,-1,0,-60
1755870561.2819445,7,3,-77
1755870561.3199446,0,0,-70
1755870561.3559446,-2,-3,-75
1755870561.3939445,2,0,-78
1755870561.4309447,3,-1,-79
1755870561.4699447,0,-5,-76
1755870561.5059447,-3,-7,-60
1755870561.5449443,-1,-8,-78
1755870561.5819447,2,-8,-68
1755870561.6209445,0,-5,-72
1755870561.6589446,2,5,-77
1755870561.6949446,9,-2,-75
1755870561.7319446,6,-5,-70
1755870561.769945,2,0,-73
1755870561.8059447,0,4,-60
1755870561.8439443,0,2,-67
1755870561.8809447,-10,-3,-85
1755870561.9199443,-2,-4,-76
1755870561.9559443,0,1,-73
1755870561.9939446,-2,1,-67
1755870562.0319445,0,3,-75
1755870562.0699446,-4,8,-72
1755870562.1059446,1,6,-77
1755870562.1439445,-2,-4,-78
1755870562.1819446,-3,3,-79
1755870562.2209446,-10,-2,-71
1755870562.2589445,-7,-1,-65
1755870562.2949443,6,-4,-69
1755870562.3409443,-2,-3,-71
1755870562.3789446,3,0,-74
1755870562.4149446,0,0,-84
1755870562.4529445,0,-2,-86
1755870562.4909446,-2,-1,-86
1755870562.5269446,3,-2,-77
1755870562.5649445,1,-2,-76
1755870562.6039443,0,0,-72
1755870562.6409447,-1,-10,-67
1755870562.6799445,5,-2,-75
1755870562.7159443,6,2,-74
1755870562.7529447,-1,0,-68
1755870562.7909446,0,0,-78
1755870562.8269446,-3,0,-80
1755870562.8649447,0,6,-70
1755870562.9039447,4,6,-68
1755870562.940945,0,5,-73
1755870562.9769447,-4,9,-72
1755870563.0139446,-1,5,-73
1755870563.0519447,2,4,-65
1755870563.0899446,0,-1,-64
1755870563.1259446,8,0,-70
1755870563.1639447,11,-7,-75
1755870563.2019446,9,-10,-73
1755870563.2409446,0,-6,-75
1755870563.2769446,5,-2,-74
1755870563.3139446,-2,1,-76
1755870563.3519447,0,5,-74
1755870563.3899446,5,8,-74
1755870563.4259446,-2,0,-82
1755870563.463945,0,-3,-78
1755870563.5019443,-6,-1,-79
1755870563.5409446,-6,0,-77
1755870563.5769446,-1,0,-63
1755870563.6149447,3,0,-80
1755870563.6519446,-4,-5,-86
1755870563.690945,-4,0,-81
1755870563.7269447,0,-5,-78
1755870563.7639446,-4,-2,-67
1755870563.8019447,4,-3,-66
1755870563.8409443,1,0,-74
1755870563.8769443,-5,0,-74
1755870563.9139447,-1,3,-80
1755870563.9519446,5,-1,-78
1755870563.9909446,6,1,-62
1755870564.0269446,0,0,-72
1755870564.0639446,-1,2,-68
1755870564.1019447,4,-3,-70
1755870564.1409447,-6,-2,-77
1755870564.1769447,-5,0,-79
1755870564.213945,-1,-2,-68
1755870564.2519443,-4,2,-69
1755870564.2909446,0,-2,-77
1755870564.3269446,5,-2,-79
1755870564.3639443,3,1,-68
1755870564.4019446,7,1,-71
1755870564.437945,1,0,-72
1755870564.4759445,0,-1,-75
1755870564.5139446,-1,-2,-73
1755870564.5519447,-4,1,-80
1755870564.5909443,-5,3,-82
1755870564.6279447,0,0,-77
1755870564.6649446,-1,2,-71
1755870564.7039447,-3,7,-68
1755870564.7419446,2,0,-70
1755870564.7779446,1,0,-67
1755870564.8149445,-3,9,-58
1755870564.8529446,1,0,-71
1755870564.8919446,3,0,-70
1755870564.927945,0,-2,-74
1755870564.9649446,-6,0,-74
1755870565.0029447,4,1,-73
1755870565.0419445,-1,-5,-73
1755870565.0779445,-1,-1,-77
1755870565.1159446,0,6,-62
1755870565.1529446,3,3,-72
1755870565.1919446,-10,0,-73
1755870565.2279446,-5,-1,-75
1755870565.2659447,5,-7,-82
1755870565.3039446,9,0,-85
1755870565.3419447,4,0,-76
1755870565.3779447,5,2,-63
1755870565.4149446,1,-3,-76
1755870565.4529445,-1,2,-70
1755870565.4919446,0,-1,-71
1755870565.5279446,-1,-6,-74
1755870565.565945,1,-2,-65
1755870565.6039443,6,-3,-73
1755870565.6429446,-2,-3,-75
1755870565.6809447,-3,-1,-78
1755870565.7169447,-1,3,-79
1755870565.7539446,-1,0,-83
1755870565.792945,-4,-3,-82
1755870565.8309443,2,-4,-78
1755870565.8669446,0,-3,-73
1755870565.9039447,7,-3,-79
1755870565.9429443,3,-4,-72
1755870565.9789443,0,-3,-73
1755870566.0159447,-1,5,-81
1755870566.0539446,-4,0,-63
1755870566.0929446,-4,-1,-76
1755870566.1289446,-1,-2,-69
1755870566.1669445,1,-1,-74
1755870566.2049446,-1,2,-74
1755870566.2439446,-1,-4,-75
1755870566.2819445,6,0,-77
1755870566.3179443,0,0,-76
1755870566.3559446,2,-3,-79
1755870566.394945,4,0,-77
1755870566.4329443,0,1,-76
1755870566.4689443,-4,-1,-77
1755870566.506945,0,2,-72
1755870566.5449443,-4,2,-69
1755870566.5829446,-5,-2,-77
1755870566.6189446,-5,-4,-76
1755870566.6569445,-7,0,-64
1755870566.6949446,0,-2,-71
1755870566.7329447,-1,-1,-76
1755870566.7719443,3,-4,-67
1755870566.8079443,-1,-5,-72
1755870566.8459446,-3,-1,-74
1755870566.8839445,-4,-7,-85
1755870566.9229443,6,-9,-65
1755870566.9589446,9,0,-73
1755870566.9959445,9,1,-68
1755870567.0339446,9,4,-73
1755870567.0719447,0,-7,-62
1755870567.1079447,0,-5,-73
1755870567.1459446,-4,-3,-85
1755870567.1839447,1,1,-82
1755870567.2219446,2,0,-67
1755870567.2579446,0,0,-59
1755870567.2949443,1,-4,-67
1755870567.3339446,-1,0,-69
1755870567.371945,-3,2,-74
1755870567.407945,-8,-5,-73
1755870567.4459443,-5,7,-74
1755870567.483945,0,-2,-71
1755870567.5229447,-1,2,-74
1755870567.5589447,0,1,-83
1755870567.5959446,5,1,-87
1755870567.6339445,-1,-2,-77
1755870567.6719446,5,-3,-73
1755870567.7079446,7,-2,-83
1755870567.7449446,-1,-3,-84
1755870567.7839446,-2,-3,-89
1755870567.8199446,-1,-5,-88
1755870567.8579447,0,-1,-96
1755870567.8959446,-4,-2,-77
1755870567.9339447,0,-1,-72
1755870567.9729445,-5,0,-77
1755870568.0089445,-2,-3,-79
1755870568.0469446,0,-2,-67
1755870568.0849447,11,1,-74
1755870568.1239443,9,-6,-75
1755870568.1599443,-1,-4,-79
1755870568.1989446,-5,-7,-71
1755870568.2359445,-1,3,-67
1755870568.2739446,-1,4,-77
1755870568.312945,2,-4,-87
1755870568.348945,6,-3,-72
1755870568.3859446,-4,-4,-63
1755870568.4249446,-6,2,-64
1755870568.4629445,-3,0,-75
1755870568.4989443,-7,1,-65
1755870568.5359447,2,2,-70
1755870568.5739446,-2,6,-78
1755870568.6099446,-6,0,-90
1755870568.6489446,-5,0,-82
1755870568.6859446,2,0,-68
1755870568.723945,4,4,-69
1755870568.759945,3,6,-70
1755870568.7979443,0,6,-85
1755870568.835945,0,-1,-88
1755870568.8749447,-8,2,-73
1755870568.9129446,0,-4,-82
1755870568.9489446,7,-4,-79
1755870568.9859445,1,0,-80
1755870569.0239446,-6,5,-77
1755870569.0599446,-2,-1,-84
1755870569.098945,0,-1,-81
1755870569.1359446,-1,0,-69
1755870569.1749446,3,-3,-72
1755870569.2129445,6,-2,-64
1755870569.2489443,-2,3,-70
1755870569.2879446,0,1,-82
1755870569.3249447,0,8,-75
1755870569.3629446,0,2,-80
1755870569.3989446,0,0,-78
1755870569.4359446,-1,0,-68
1755870569.4749446,-4,1,-71
1755870569.5129447,-2,1,-73
1755870569.5499446,0,5,-83
1755870569.5869446,5,3,-66
1755870569.6249447,5,1,-70
1755870569.6639447,4,3,-79
1755870569.6999447,0,1,-75
1755870569.736945,0,3,-75
1755870569.7749443,4,0,-78
1755870569.8139446,2,0,-78
1755870569.8499446,0,-6,-75
1755870569.8879447,0,-3,-85
1755870569.9249446,-6,-1,-87
1755870569.963945,7,-4,-78
1755870569.9999447,8,-7,-74
1755870570.0369446,2,-1,-81
1755870570.0749447,1,-7,-80
1755870570.1139443,0,-6,-80
1755870570.1499443,2,-5,-79
1755870570.187945,-2,-3,-82
1755870570.2249446,-4,-3,-68
1755870570.2639446,5,0,-70
1755870570.2999446,2,1,-68
1755870570.3379445,3,-4,-66
1755870570.3759446,-3,-1,-74
1755870570.4139447,-4,0,-72
1755870570.4499447,-7,8,-82
1755870570.486945,-1,0,-73
1755870570.5259447,0,-4,-74
1755870570.5639446,2,0,-73
1755870570.5999446,5,2,-65
1755870570.6369443,-4,-2,-57
1755870570.6759446,-7,3,-69
1755870570.713945,-4,-3,-70
1755870570.7499447,1,1,-68
1755870570.7869446,2,-4,-81
1755870570.825945,-5,-5,-76
1755870570.8639443,-1,-4,-72
1755870570.8999443,-3,4,-78
1755870570.9369447,4,0,-62
1755870570.9749446,1,-1,-67
1755870571.0109446,-4,1,-79
1755870571.0479443,-2,3,-74
1755870571.085945,-4,-4,-79
1755870571.1249447,-1,-5,-76
1755870571.1609447,-1,-2,-75
1755870571.1989446,0,-6,-78
1755870571.236945,4,-2,-76
1755870571.2759447,-4,0,-72
1755870571.3139446,3,2,-60
1755870571.3499446,0,6,-66
1755870571.3869443,2,5,-73
1755870571.4259446,0,1,-62
1755870571.4619446,-6,-2,-70
1755870571.4999447,-3,0,-73
1755870571.5379446,7,4,-60
1755870571.575945,0,8,-77
1755870571.611945,-10,3,-83
1755870571.6499443,3,7,-76
1755870571.6869447,4,-1,-82
1755870571.7259445,11,-3,-79
1755870571.7619443,10,-6,-74
1755870571.7989447,0,0,-70
1755870571.8369446,-3,-6,-69
1755870571.8759446,-2,3,-60
1755870571.9119446,-4,-5,-71
1755870571.9499447,3,0,-69
1755870571.986945,7,-1,-65
1755870572.0259447,0,0,-72
1755870572.0619447,-1,1,-65
1755870572.098945,-3,-2,-75
1755870572.1369443,-6,0,-68
1755870572.1759446,-4,-3,-69
1755870572.2119446,-4,-4,-68
1755870572.2499447,0,-2,-71
1755870572.2889447,-1,0,-74
1755870572.3269446,-12,0,-74
1755870572.371945,-6,4,-86
1755870572.4099443,-2,-3,-81
1755870572.4479446,-10,-3,-83
1755870572.4859445,-6,0,-69
1755870572.5219443,-3,0,-73
1755870572.5599446,1,1,-76
1755870572.5969446,2,0,-84
1755870572.6359446,6,-5,-85
1755870572.6719446,1,0,-82
1755870572.7089446,0,-3,-79
1755870572.746945,1,1,-75
1755870572.7849443,6,-7,-82
1755870572.8209443,2,0,-84
1755870572.8579447,4,0,-65
1755870572.8959446,3,2,-73
1755870572.9319446,8,1,-67
1755870572.9689443,-1,0,-63
1755870573.006945,0,-3,-64
1755870573.0459447,1,2,-73
1755870573.0819447,-2,3,-64
1755870573.1199446,0,0,-70
1755870573.157945,2,-2,-73
1755870573.1969447,11,1,-68
1755870573.2329447,7,2,-67
1755870573.269945,1,2,-69
1755870573.3079443,-1,-6,-67
1755870573.3469446,4,2,-77
1755870573.3829446,-1,6,-82
1755870573.4199443,-1,-2,-71
1755870573.4579446,-6,-8,-80
1755870573.496945,-4,2,-72
1755870573.532945,-6,4,-59
1755870573.5699446,-4,1,-74
1755870573.6079447,-1,-1,-64
1755870573.6469443,1,0,-74
1755870573.6829443,-1,2,-74
1755870573.7199447,-1,-5,-78
1755870573.7579446,8,-1,-72
1755870573.7969446,2,1,-79
1755870573.8329446,5,0,-78
1755870573.8699446,0,-4,-75
1755870573.907945,1,-3,-78
1755870573.9469447,4,-1,-77
1755870573.9829447,-1,0,-81
1755870574.019945,0,-6,-71
1755870574.0579443,7,3,-69
1755870574.0959446,0,-11,-71
1755870574.131945,-6,-8,-73
1755870574.1699443,-2,2,-73
1755870574.2079446,0,-3,-82
1755870574.246945,2,-6,-83
1755870574.282945,3,-5,-80
1755870574.3199446,4,0,-82
1755870574.3579447,1,-1,-77
1755870574.3959446,2,-4,-75
1755870574.4319446,4,0,-75
1755870574.4689443,-3,3,-84
1755870574.5079446,4,4,-71
1755870574.5459447,5,1,-77
1755870574.5819447,4,1,-77
1755870574.6189446,0,2,-70
1755870574.6569445,1,1,-65
1755870574.6929443,-5,-3,-66
1755870574.7309446,1,1,-73
1755870574.7679446,5,1,-73
1755870574.8059447,0,-1,-77
1755870574.8419447,3,-4,-76
1755870574.8799446,-9,-8,-77
1755870574.917945,5,-6,-76
1755870574.9569447,4,-2,-74
1755870574.9929447,-1,0,-71
1755870575.0309446,-1,5,-66
1755870575.0689447,2,-1,-67
1755870575.1079447,1,-1,-79
1755870575.1439445,-7,-8,-66
1755870575.1819446,0,2,-71
1755870575.2189443,2,0,-64
1755870575.256945,1,0,-70
1755870575.292945,4,5,-69
1755870575.3299446,0,-1,-64
1755870575.3679447,-1,-2,-70
1755870575.4069445,-5,-6,-68
1755870575.4429443,4,0,-82
1755870575.4799447,1,-1,-75
1755870575.5179446,0,-5,-78
1755870575.5569446,8,0,-79
1755870575.5929446,3,0,-76
1755870575.6299446,3,2,-79
1755870575.667945,-4,5,-88
1755870575.7039447,-7,-1,-76
1755870575.7419446,0,-4,-60
1755870575.779945,0,1,-62
1755870575.8179443,-3,-4,-69
1755870575.8539443,1,-3,-72
1755870575.8909447,-4,-1,-77
1755870575.9289446,2,-3,-84
1755870575.9679446,-5,-7,-79
1755870576.0039446,1,7,-70
1755870576.0409446,1,6,-82
1755870576.0789447,-6,-6,-85
1755870576.1169446,0,-4,-63
1755870576.1529446,0,2,-79
1755870576.1899445,1,-1,-82
1755870576.2289443,-1,-1,-82
1755870576.2669446,0,-7,-77
1755870576.302945,-5,1,-74
1755870576.3399446,-5,-2,-86
1755870576.3789446,3,-2,-76
1755870576.4169445,5,2,-74
1755870576.4529445,-8,3,-80
1755870576.4909446,-4,0,-67
1755870576.5289447,0,-7,-64
1755870576.5669446,3,-6,-78
1755870576.6029446,-1,-2,-85
1755870576.6409447,1,-3,-74
1755870576.6789446,1,-1,-82
1755870576.7179446,4,0,-75
1755870576.7539446,-1,1,-69
1755870576.7919445,0,2,-75
1755870576.8289447,0,7,-94
1755870576.8649447,-8,5,-95
1755870576.9019446,-5,-3,-72
1755870576.940945,-5,0,-84
1755870576.9789443,-5,-1,-72
1755870577.0149446,0,0,-68
1755870577.0519447,-4,2,-74
1755870577.0899446,2,1,-74
1755870577.1289446,1,-1,-73
1755870577.1649446,-1,0,-81
1755870577.2019446,-3,-1,-73
1755870577.2399447,-3,-3,-78
1755870577.2789447,-6,-5,-84
1755870577.3149445,-2,-2,-68
1755870577.3529446,1,-4,-86
1755870577.3909447,6,-3,-66
1755870577.4289446,6,-1,-72
1755870577.4679446,7,3,-69
1755870577.5039446,14,0,-74
1755870577.5409446,7,-3,-83
1755870577.5799446,-7,1,-78
1755870577.6179447,3,5,-85
1755870577.6539447,-9,2,-87
1755870577.690945,-1,-1,-75
1755870577.7299447,-1,0,-78
1755870577.7679446,-2,0,-70
1755870577.8039446,1,-7,-75
1755870577.8409443,2,-7,-70
1755870577.8799446,3,-5,-76
1755870577.917945,4,-5,-63
1755870577.9539447,0,-3,-76
1755870577.9909446,1,-3,-69
1755870578.029945,-2,4,-71
1755870578.0679443,5,3,-67
1755870578.1039443,-3,0,-81
1755870578.1409447,0,-4,-85
1755870578.1799445,5,-1,-73
1755870578.2179446,2,3,-84
1755870578.2539446,-2,0,-80
1755870578.2909446,4,-1,-85
1755870578.3299446,0,1,-89
1755870578.3679447,-1,4,-78
1755870578.4039447,0,-4,-78
1755870578.440945,0,0,-60
1755870578.4799447,0,2,-64
1755870578.5179446,2,-2,-59
1755870578.5539446,-3,2,-59
1755870578.5919447,-3,-3,-66
1755870578.6299446,-9,-5,-71
1755870578.6689446,-3,0,-67
1755870578.7049446,0,2,-68
1755870578.7419446,0,-1,-65
1755870578.7809446,0,5,-69
1755870578.8189447,3,8,-81
1755870578.8549447,7,0,-76
1755870578.8919446,-2,2,-68
1755870578.9299445,-3,4,-75
1755870578.9689443,0,4,-62
1755870579.0049446,0,7,-65
1755870579.0419445,0,0,-78
1755870579.0799446,3,-3,-73
1755870579.1189446,-2,-3,-79
1755870579.154945,-8,3,-73
1755870579.1919446,0,-1,-78
1755870579.2299447,6,0,-75
1755870579.2689445,2,-8,-68
1755870579.3049445,-4,-9,-71
1755870579.3429446,1,-10,-78
1755870579.3809447,6,0,-71
1755870579.4189446,4,-10,-72
1755870579.4549446,-1,-6,-72
1755870579.4929447,3,-2,-66
1755870579.5309446,4,0,-71
1755870579.5689447,1,3,-61
1755870579.6049447,1,3,-69
1755870579.6419446,1,-1,-65
1755870579.6809447,4,-1,-64
1755870579.7189443,4,-7,-85
1755870579.7549446,-1,-7,-79
1755870579.7919445,-7,-6,-87
1755870579.8309443,0,-1,-75
1755870579.8689446,5,0,-81
1755870579.904945,0,5,-67
1755870579.9419446,-9,0,-71
1755870579.9809446,-5,2,-76
1755870580.0189445,-4,2,-73
1755870580.0549445,1,3,-66
1755870580.0919447,1,1,-76
1755870580.1299446,3,0,-69
1755870580.1659446,0,0,-73
1755870580.2029445,8,-3,-76
1755870580.2419446,3,-1,-71
1755870580.279945,1,-4,-71
1755870580.315945,-6,0,-73
1755870580.3529446,-6,-1,-74
1755870580.3909447,2,0,-88
1755870580.4299445,0,-4,-74
1755870580.4659443,9,4,-78
1755870580.5029447,13,0,-85
1755870580.5409446,7,-2,-63
1755870580.5799446,-2,0,-74
1755870580.6159446,4,2,-90
1755870580.6529446,1,0,-79
1755870580.690945,6,-3,-80
1755870580.7269447,-2,-4,-76
1755870580.7649446,0,4,-75
1755870580.8019447,-4,-1,-65
1755870580.8409443,-4,-1,-76
1755870580.8769443,0,0,-75
1755870580.9149446,-1,-4,-64
1755870580.9529445,-3,-8,-76
1755870580.9919446,-1,-4,-77
1755870581.029945,-7,0,-71
1755870581.065945,-6,1,-70
1755870581.1039443,-1,-4,-66
1755870581.1419446,-1,0,-81
1755870581.1809447,-1,0,-72
1755870581.2169447,-4,4,-79
1755870581.2539446,-1,-1,-81
1755870581.2919445,-1,-2,-75
1755870581.3309443,1,-11,-84
1755870581.3669446,-3,-4,-77
1755870581.404945,4,-4,-76
1755870581.4429443,-9,-2,-70
1755870581.4819446,-6,-3,-71
1755870581.519945,-2,4,-75
1755870581.5559447,-6,1,-69
1755870581.5929446,0,-1,-81
1755870581.631945,4,0,-68
1755870581.6699443,4,2,-78
1755870581.7059443,0,-1,-63
1755870581.7429447,-1,4,-79
1755870581.7819445,2,-1,-84
1755870581.8199446,-4,-7,-68
1755870581.8559446,-5,-2,-74
1755870581.8939445,-3,-1,-64
1755870581.9319446,-3,-6,-63
1755870581.9709446,3,-5,-53
1755870582.006945,1,-6,-59
1755870582.0459447,6,-2,-66
1755870582.0839446,0,0,-79
1755870582.121945,2,1,-69
1755870582.157945,-7,-3,-87
1755870582.1959443,-7,-2,-76
1755870582.233945,2,1,-84
1755870582.2719443,-1,-2,-90
1755870582.3079443,-1,-7,-83
1755870582.3459446,0,-3,-77
1755870582.3919446,1,-3,-80
1755870582.427945,4,3,-75
1755870582.4659443,-3,-6,-74
1755870582.5039446,-1,-11,-74
1755870582.5419445,4,-5,-79
1755870582.5779445,8,-1,-72
1755870582.6159446,3,5,-67
1755870582.6539447,6,-1,-72
1755870582.6919446,0,1,-72
1755870582.7309446,5,0,-84
1755870582.7669446,1,-6,-78
1755870582.8039446,6,-2,-72
1755870582.8429446,7,3,-62
1755870582.8809447,4,2,-70
1755870582.9169445,0,0,-83
1755870582.9539447,4,1,-82
1755870582.9919446,4,-4,-77
1755870583.0279446,-1,-2,-72
1755870583.065945,-2,-3,-77
1755870583.1039443,2,-2,-84
1755870583.1429446,2,-4,-74
1755870583.1809447,2,0,-60
1755870583.2169447,2,3,-76
1755870583.2539446,0,-4,-76
1755870583.292945,-6,0,-75
1755870583.3309443,-3,0,-67
1755870583.3669446,1,0,-62
1755870583.4039447,-5,0,-69
1755870583.4429443,2,1,-71
1755870583.4809446,0,4,-84
1755870583.5169446,-2,-7,-70
1755870583.5549445,-8,-5,-59
1755870583.5929446,-1,-1,-66
1755870583.631945,0,2,-77
1755870583.667945,-2,2,-83
1755870583.7049446,3,-3,-76
1755870583.7429447,-3,1,-85
1755870583.7819445,4,-1,-73
1755870583.8179443,6,-1,-82
1755870583.8549447,0,0,-65
1755870583.8929446,12,1,-70
1755870583.9289446,4,0,-79
1755870583.9659443,-3,6,-73
1755870584.0039446,-2,9,-67
1755870584.042945,-8,1,-81
1755870584.0789447,-5,4,-80
1755870584.1159446,-1,1,-81
1755870584.1539447,0,3,-79
1755870584.1929443,4,-2,-87
1755870584.2289443,8,3,-82
1755870584.2669446,4,5,-79
1755870584.3039446,0,-1,-72
1755870584.3429446,0,2,-66
1755870584.3789446,-3,2,-69
1755870584.4159446,-4,0,-72
1755870584.4539447,0,0,-81
1755870584.4929447,-8,-1,-76
1755870584.5289447,0,0,-83
1755870584.565945,0,-4,-75
1755870584.6039443,0,-4,-70
1755870584.6429446,3,-2,-66
1755870584.6789446,7,-4,-74
1755870584.7159443,2,-7,-67
1755870584.7539446,6,-5,-59
1755870584.792945,0,0,-59
1755870584.8289447,0,-2,-72
1755870584.8659446,3,-8,-75
1755870584.9039447,7,-3,-94
1755870584.9429443,-5,-7,-77
1755870584.9789443,-7,-2,-83
1755870585.0179446,2,-5,-67
1755870585.0549445,5,-7,-72
1755870585.0939443,10,-3,-68
1755870585.131945,5,0,-78
1755870585.167945,-4,4,-74
1755870585.2049446,1,8,-76
1755870585.2429447,2,0,-78
1755870585.2789447,5,0,-68
1755870585.315945,3,2,-67
1755870585.3539443,1,-4,-74
1755870585.3919446,8,-6,-79
1755870585.427945,8,-6,-79
1755870585.4649446,4,0,-66
1755870585.5039446,3,-1,-68
1755870585.5419445,1,-2,-75
1755870585.5779445,1,0,-66
1755870585.6149447,-9,0,-69
1755870585.6539447,0,0,-71
1755870585.6919446,0,6,-72
1755870585.7279446,0,-5,-92
1755870585.7649446,-5,-5,-64
1755870585.8039446,0,4,-61
1755870585.8399446,-2,3,-84
1755870585.8769443,0,-3,-73
1755870585.9149446,-3,-12,-86
1755870585.9539447,7,-4,-83
1755870585.9899447,0,-4,-75
1755870586.0269446,3,0,-72
1755870586.0639446,1,-6,-72
1755870586.1029446,-2,-3,-76
1755870586.1389446,-4,-1,-78
1755870586.1769447,-5,-1,-76
1755870586.2149446,4,-2,-77
1755870586.2539446,2,-8,-80
1755870586.2899446,3,1,-77
1755870586.3269446,6,-3,-70
1755870586.3649447,-4,2,-63
1755870586.4039447,-2,-2,-68
1755870586.4399445,-2,-2,-72
1755870586.4779446,-1,-2,-73
1755870586.5169446,-1,1,-82
1755870586.5549445,0,1,-82
1755870586.5929446,4,-1,-75
1755870586.6289446,0,-5,-79
1755870586.6669445,0,5,-69
1755870586.7049446,-1,-1,-62
1755870586.7429447,2,-3,-62
1755870586.7789447,0,3,-70
1755870586.8169446,-2,-8,-65
1755870586.8549447,5,0,-59
1755870586.8929446,4,-4,-70
1755870586.9289446,5,-3,-80
1755870586.9669447,2,-1,-68
1755870587.0049446,-5,-2,-77
1755870587.0439446,5,-4,-68
1755870587.0799446,1,-5,-64
1755870587.1169446,4,-2,-57
1755870587.154945,-3,4,-73
1755870587.1939447,-3,1,-72
1755870587.2299447,-5,-3,-68
1755870587.2679446,-2,1,-76
1755870587.3059447,-9,2,-77
1755870587.3449447,-1,-3,-62
1755870587.3829446,-2,-3,-75
1755870587.4189446,-1,-4,-80
1755870587.4569447,-2,0,-71
1755870587.4949446,2,-4,-66
1755870587.5339446,0,3,-68
1755870587.5699446,1,0,-77
1755870587.6069446,5,-1,-78
1755870587.644945,0,2,-74
1755870587.6809447,-2,2,-83
1755870587.7179446,7,4,-80
1755870587.7559447,6,-5,-80
1755870587.7949443,-4,-3,-90
1755870587.8309443,-1,-5,-71
1755870587.8689446,-5,0,-72
1755870587.9069445,-9,1,-83
1755870587.9449446,-2,0,-87
1755870587.983945,-2,0,-71
1755870588.019945,-1,3,-77
1755870588.0579443,-7,0,-83
1755870588.0959446,-5,0,-74
1755870588.134945,-3,0,-78
1755870588.1709447,0,0,-61
1755870588.2079446,-6,4,-75
1755870588.2459445,-1,-1,-76
1755870588.2849443,-2,2,-85
1755870588.3209443,-1,-3,-74
1755870588.3599446,2,-4,-83
1755870588.3979447,7,0,-74
1755870588.4359446,9,-4,-72
1755870588.473945,1,-2,-72
1755870588.509945,3,-3,-66
1755870588.5479443,-1,3,-69
1755870588.585945,4,-2,-72
1755870588.6249447,1,-4,-73
1755870588.6609447,5,-8,-71
1755870588.6979446,-2,0,-83
1755870588.7359445,4,-2,-89
1755870588.7749443,2,3,-76
1755870588.8109446,0,2,-76
1755870588.8479445,0,-7,-76
1755870588.8859446,3,-7,-68
1755870588.9249446,10,1,-69
1755870588.960945,-1,1,-74
1755870588.9979446,2,1,-74
1755870589.0359447,1,3,-62
1755870589.0739446,4,4,-73
1755870589.1099446,2,10,-84
1755870589.1479447,0,3,-67
1755870589.1859446,0,6,-62
1755870589.223945,-2,3,-77
1755870589.259945,-1,0,-81
1755870589.2979443,11,0,-72
1755870589.335945,1,3,-72
1755870589.371945,3,3,-71
1755870589.4089446,0,-1,-76
1755870589.4479446,-2,-3,-69
1755870589.4859445,3,3,-74
1755870589.5219443,3,-3,-76
1755870589.5589447,4,-2,-81
1755870589.5979445,2,-1,-87
1755870589.6359446,4,-1,-73
1755870589.6719446,0,9,-78
1755870589.7089446,0,10,-83
1755870589.7459445,-1,7,-78
1755870589.7849443,1,3,-81
1755870589.8209443,-3,5,-84
1755870589.858945,-2,8,-87
1755870589.8979447,-10,0,-73
1755870589.9359446,3,-1,-65
1755870589.9719446,0,4,-72
1755870590.0089445,-7,4,-73
1755870590.0479443,0,5,-85
1755870590.085945,3,0,-86
1755870590.121945,0,-4,-82
1755870590.1589446,-1,-5,-70
1755870590.1979446,0,0,-66
1755870590.2359445,-4,5,-71
1755870590.2719443,1,0,-71
1755870590.3089447,-1,0,-65
1755870590.3479445,1,3,-69
1755870590.3859446,-5,0,-73
1755870590.4219446,-9,8,-77
1755870590.4589446,2,3,-72
1755870590.4979446,-3,0,-75
1755870590.5359447,-10,4,-84
1755870590.5719447,-5,-2,-74
1755870590.6099446,-4,4,-75
1755870590.6479447,-3,-4,-71
1755870590.6869447,-4,0,-83
1755870590.7249446,-4,5,-69
1755870590.7609446,0,6,-68
1755870590.7979443,-5,6,-67
1755870590.8369446,-4,2,-69
1755870590.8749447,-3,-2,-71
1755870590.9109447,1,-3,-71
1755870590.9489446,0,0,-60
1755870590.986945,2,11,-71
1755870591.0249443,0,4,-64
1755870591.0609446,0,-2,-67
1755870591.0979445,0,1,-74
1755870591.1359446,-6,0,-83
1755870591.1719446,-4,-1,-82
1755870591.2099447,0,-6,-69
1755870591.2479446,7,2,-76
1755870591.2859447,-4,-3,-72
1755870591.3219447,-2,-2,-75
1755870591.3599446,-8,3,-79
1755870591.3979447,-6,0,-75
1755870591.4369447,2,-1,-72
1755870591.4729445,1,-1,-77
1755870591.509945,5,3,-91
1755870591.5469446,2,5,-72
1755870591.5829446,1,6,-65
1755870591.6199446,3,8,-72
1755870591.657945,0,2,-69
1755870591.6959443,-4,2,-72
1755870591.7319446,-4,5,-81
1755870591.7689445,-3,5,-71
1755870591.8069446,-3,5,-72
1755870591.8459446,-5,0,-66
1755870591.881945,0,0,-71
1755870591.9189446,-1,0,-76
1755870591.9579446,-6,3,-71
1755870591.9959445,-1,4,-65
1755870592.0319445,3,3,-72
1755870592.0689447,-6,4,-76
1755870592.1079447,-3,-1,-83
1755870592.1459446,-2,0,-76
1755870592.1819446,-4,4,-75
1755870592.2199447,4,8,-72
1755870592.2579446,3,7,-64
1755870592.2959447,-1,4,-72
1755870592.3319447,-4,5,-75
1755870592.3699446,0,1,-76
1755870592.4139447,0,-4,-70
1755870592.4519446,-5,2,-75
1755870592.4899447,-4,0,-74
1755870592.5279446,4,-1,-83
1755870592.565945,2,0,-77
1755870592.6019447,0,0,-84
1755870592.6399446,0,0,-82
1755870592.677945,-1,-1,-81
1755870592.7159443,0,1,-77
1755870592.7519443,-6,1,-64
1755870592.7899446,0,7,-79
1755870592.8279445,-1,4,-83
1755870592.8659446,0,-1,-77
1755870592.9019446,-8,5,-72
1755870592.9389446,0,3,-72
1755870592.9779446,7,0,-66
1755870593.0159447,4,-5,-80
1755870593.052945,-1,-4,-65
1755870593.0909443,0,-7,-65
1755870593.1289446,-6,-2,-69
1755870593.167945,-10,-5,-68
1755870593.2039447,0,-10,-75
1755870593.2409446,-3,-6,-72
1755870593.2789447,-3,1,-78
1755870593.3179443,-3,5,-85
1755870593.3539443,-1,3,-79
1755870593.3909447,-3,5,-85
1755870593.4289446,1,0,-78
1755870593.4669447,-1,0,-81
1755870593.5029447,0,-2,-79
1755870593.5399446,-1,-1,-76
1755870593.5789447,-1,0,-68
1755870593.6169446,-1,-1,-58
1755870593.6529446,-2,-2,-72
1755870593.690945,0,-2,-63
1755870593.7289443,5,-1,-70
1755870593.7679446,2,5,-87
1755870593.8039446,-3,3,-81
1755870593.8409443,5,-2,-79
1755870593.8789446,0,-5,-79
1755870593.917945,0,0,-72
1755870593.9539447,5,-6,-67
1755870593.9909446,-4,0,-68
1755870594.0289447,-6,10,-76
1755870594.0679443,1,0,-70
1755870594.1039443,1,0,-73
1755870594.1409447,0,-7,-78
1755870594.1789446,-2,-6,-83
1755870594.2179446,-5,-3,-76
1755870594.2539446,0,3,-79
1755870594.2909446,8,0,-71
1755870594.3289447,-3,-6,-74
1755870594.3669446,-4,-3,-65
1755870594.4029446,0,-3,-72
1755870594.440945,3,3,-79
1755870594.4789443,2,0,-70
1755870594.5169446,0,-3,-70
1755870594.552945,4,-8,-73
1755870594.5899446,3,0,-76
1755870594.6289446,1,-5,-81
1755870594.6649446,0,-3,-74
1755870594.7019446,-2,0,-72
1755870594.7399447,0,-5,-90
1755870594.7789447,2,-2,-80
1755870594.8149445,-2,-3,-79
1755870594.8529446,-1,1,-73
1755870594.8909447,2,0,-84
1755870594.9289446,-4,-2,-83
1755870594.9649446,-10,-3,-83
1755870595.0029447,-6,-8,-85
1755870595.0409446,-3,-4,-87
1755870595.0789447,0,2,-91
1755870595.1149447,-4,-1,-79
1755870595.1539447,-5,-4,-72
1755870595.190945,-3,0,-70
1755870595.2289443,-1,-6,-73
1755870595.2679446,-9,3,-73
1755870595.3039446,-3,0,-81
1755870595.3409443,0,-9,-83
1755870595.3789446,-2,0,-79
1755870595.417945,-6,3,-76
1755870595.4539447,-1,-3,-72
1755870595.4919446,-6,-5,-68
1755870595.529945,0,-3,-67
1755870595.5689447,0,2,-76
1755870595.6049447,2,2,-75
1755870595.6419446,1,4,-74
1755870595.6799445,10,1,-70
1755870595.7179446,3,3,-72
1755870595.7539446,1,0,-70
1755870595.7909446,8,3,-67
1755870595.8289447,7,1,-72
1755870595.8649447,5,2,-76
1755870595.9019446,11,-2,-64
1755870595.940945,8,-5,-71
1755870595.9789443,6,-6,-65
1755870596.0149446,-1,-3,-76
1755870596.0539446,3,1,-79
1755870596.0909443,-1,-5,-97
1755870596.1299446,4,1,-69
1755870596.167945,-10,3,-76
1755870596.2039447,-2,1,-75
1755870596.2409446,1,1,-79
1755870596.2789447,2,-2,-71
1755870596.3149445,0,5,-71
1755870596.3519447,0,-4,-78
1755870596.3899446,3,10,-78
1755870596.4289446,0,3,-77
1755870596.4649446,-3,0,-72
1755870596.5019443,-3,-5,-67
1755870596.5399446,-2,-3,-77
1755870596.5789447,2,-1,-87
1755870596.6149447,4,-1,-81
1755870596.6519446,8,-3,-77
1755870596.690945,-6,-5,-74
1755870596.7289443,6,0,-62
1755870596.7649446,-10,0,-72
1755870596.802945,-1,-1,-74
1755870596.8409443,2,2,-67
1755870596.8789446,2,0,-71
1755870596.9149446,1,1,-73
1755870596.9529445,-2,-2,-68
1755870596.9909446,4,2,-62
1755870597.0289447,1,4,-71
1755870597.0649445,4,3,-78
1755870597.1029446,0,2,-74
1755870597.1399446,6,2,-71
1755870597.1789446,0,4,-75
1755870597.2149446,-3,0,-72
1755870597.2529447,3,-10,-78
1755870597.2909446,2,-2,-78
1755870597.3299446,6,-3,-67
1755870597.3659446,-5,-3,-59
1755870597.4039447,-2,-2,-66
1755870597.4419446,-1,-1,-72
1755870597.4809446,3,0,-76
1755870597.5189445,-2,6,-80
1755870597.5549445,-5,3,-69
1755870597.5919447,1,4,-72
1755870597.6299446,7,1,-80
1755870597.6659446,4,7,-75
1755870597.7029445,-1,4,-69
1755870597.7409446,2,5,-70
1755870597.779945,0,4,-64
1755870597.815945,-5,5,-66
1755870597.8529446,0,6,-76
1755870597.8909447,0,4,-73
1755870597.9289446,2,1,-75
1755870597.9649446,2,6,-67
1755870598.0019443,5,6,-73
1755870598.0409446,-2,-4,-66
1755870598.0789447,1,-3,-75
1755870598.1149447,0,-1,-80
1755870598.1529446,-7,-2,-63
1755870598.1919446,-1,4,-58
1755870598.2299447,-6,-2,-75
1755870598.2659447,0,0,-71
1755870598.302945,-8,8,-67
1755870598.3409443,-6,7,-72
1755870598.3799446,-4,6,-78
1755870598.4159446,-1,0,-79
1755870598.4529445,-3,5,-83
1755870598.4909446,5,6,-77
1755870598.529945,-4,1,-79
1755870598.565945,0,-2,-69
1755870598.6039443,-3,-2,-64
1755870598.6409447,-3,-6,-74
1755870598.6799445,-1,-1,-74
1755870598.7159443,-4,8,-76
1755870598.7529447,-6,1,-65
1755870598.7919445,0,-2,-59
1755870598.8299446,3,0,-74
1755870598.8659446,6,-3,-73
1755870598.9029446,-1,-9,-73
1755870598.9419446,6,-5,-78
1755870598.9799447,4,1,-71
1755870599.0159447,4,0,-77
1755870599.052945,9,-5,-72
1755870599.0919447,2,2,-62
1755870599.1299446,-9,0,-63
1755870599.1659446,-5,5,-64
1755870599.2029445,-1,-1,-58
1755870599.2419446,0,0,-63
1755870599.279945,0,0,-73
1755870599.315945,-4,3,-63
1755870599.3539443,-5,0,-73
1755870599.3919446,-1,0,-77
1755870599.4309447,4,-2,-78
1755870599.4669447,-1,-7,-78
1755870599.5049446,1,0,-88
1755870599.5419445,0,1,-80
1755870599.5799446,3,-2,-86
1755870599.6159446,5,1,-73
1755870599.6539447,3,0,-73
1755870599.6919446,0,1,-78
1755870599.7299447,1,2,-82
1755870599.7659447,-2,-1,-72
1755870599.8039446,-1,0,-73
1755870599.8419447,2,0,-64
1755870599.8809447,1,-2,-65
1755870599.9169445,0,-8,-65
1755870599.9549446,-1,0,-72
1755870599.9919446,6,-7,-73
1755870600.0309446,-6,-5,-73
1755870600.0669446,-6,0,-80
1755870600.1039443,2,3,-79
1755870600.1419446,8,-1,-67
1755870600.177945,6,-2,-69
1755870600.2159443,2,-5,-79
1755870600.2549446,3,-7,-65
1755870600.2919445,4,-4,-67
1755870600.3309443,-3,-7,-75
1755870600.3669446,-1,0,-80
1755870600.4039447,-1,1,-65
1755870600.4419446,0,2,-69
1755870600.4779446,4,0,-66
1755870600.5149446,0,-1,-61
1755870600.552945,2,0,-76
1755870600.5919447,5,-2,-75
1755870600.6279447,6,0,-70
1755870600.6649446,6,-5,-67
1755870600.7029445,-2,2,-71
1755870600.7419446,0,-2,-70
1755870600.7779446,-3,0,-69
1755870600.8149445,-2,5,-74
1755870600.8529446,0,7,-65
1755870600.8919446,-8,2,-79
1755870600.927945,-5,-2,-74
1755870600.9659443,8,1,-71
1755870601.0029447,0,-3,-70
1755870601.0419445,-1,-4,-67
1755870601.0779445,0,-5,-74
1755870601.1149447,1,-4,-72
1755870601.1529446,3,-8,-81
1755870601.1919446,11,-3,-77
1755870601.2279446,7,0,-78
1755870601.2649446,9,-1,-72
1755870601.302945,0,2,-66
1755870601.3419447,2,0,-80
1755870601.3779447,-1,-2,-81
1755870601.4159446,3,-4,-78
1755870601.4539447,-5,-1,-76
1755870601.4929447,-2,6,-73
1755870601.5309446,-3,5,-77
1755870601.5669446,0,3,-80
1755870601.6039443,-4,3,-73
1755870601.6429446,-7,0,-85
1755870601.6809447,-6,-1,-74
1755870601.7169447,1,3,-75
1755870601.7539446,7,7,-73
1755870601.792945,5,1,-77
1755870601.8289447,6,4,-73
1755870601.8669446,3,6,-75
1755870601.9039447,0,2,-65
1755870601.9419446,4,4,-74
1755870601.9779446,1,2,-69
1755870602.0149446,-3,-2,-74
1755870602.052945,-1,-2,-82
1755870602.0919447,-9,2,-72
1755870602.1279447,-4,1,-73
1755870602.1649446,2,-3,-77
1755870602.2029445,1,-2,-68
1755870602.2419446,0,-1,-84
1755870602.2779446,-1,-1,-78
1755870602.315945,-1,-3,-71
1755870602.3539443,-1,-2,-80
1755870602.3929446,-4,-2,-73
1755870602.4359446,-4,-1,-70
1755870602.473945,2,-2,-79
1755870602.5129447,2,-7,-83
1755870602.5489447,2,0,-75
1755870602.585945,2,3,-81
1755870602.6239443,4,-1,-82
1755870602.6619446,-1,-3,-83
1755870602.6979446,-5,-6,-75
1755870602.7359445,-3,-4,-72
1755870602.7739446,0,-5,-76
1755870602.812945,2,0,-74
1755870602.848945,0,-2,-68
1755870602.8859446,1,0,-78
1755870602.9239447,3,0,-76
1755870602.9619446,0,3,-78
1755870602.9979446,1,1,-81
1755870603.0359447,-2,2,-87
1755870603.0739446,-2,1,-83
1755870603.111945,-8,2,-77
1755870603.1489446,-1,0,-72
1755870603.1859446,4,0,-77
1755870603.223945,3,-6,-75
1755870603.2619443,3,-1,-83
1755870603.2989447,-3,-6,-72
1755870603.335945,-3,-2,-78
1755870603.3739443,2,2,-73
1755870603.4119446,6,-3,-68
1755870603.4489446,7,-2,-77
1755870603.4859445,3,-1,-73
1755870603.5239446,5,0,-68
1755870603.5619447,-4,-2,-65
1755870603.5979445,-10,7,-76
1755870603.6359446,-5,0,-80
1755870603.6739447,3,-2,-69
1755870603.7129445,0,0,-67
1755870603.7489443,-2,3,-73
1755870603.7859447,2,3,-84
1755870603.8239446,-1,3,-70
1755870603.8599446,-5,2,-74
1755870603.8969443,0,-3,-78
1755870603.9359446,4,1,-76
1755870603.973945,2,2,-78
1755870604.009945,0,0,-77
1755870604.0469446,-6,0,-83
1755870604.085945,-4,1,-80
1755870604.1239443,0,-1,-71
1755870604.1599443,-4,-2,-70
1755870604.1989446,5,5,-75
1755870604.2359445,-2,6,-85
1755870604.2739446,1,-2,-77
1755870604.312945,1,-4,-75
1755870604.348945,2,-2,-68
1755870604.3859446,2,-2,-63
1755870604.4249446,9,0,-70
1755870604.4629445,5,3,-74
1755870604.4989443,3,0,-70
1755870604.5359447,-7,1,-81
1755870604.5749447,-7,2,-82
1755870604.6129446,-4,0,-75
1755870604.6489446,-3,0,-70
1755870604.6859446,0,3,-80
1755870604.7249446,3,-5,-72
1755870604.7629447,1,-5,-73
1755870604.7989447,-2,-9,-86
1755870604.8369446,4,-4,-85
1755870604.8749447,11,-5,-83
1755870604.9139447,2,0,-73
1755870604.9499447,-2,-3,-80
1755870604.9879446,2,-1,-73
1755870605.0259447,4,-4,-76
1755870605.0649445,-1,0,-83
1755870605.1029446,-4,0,-83
1755870605.1389446,-1,1,-82
1755870605.1759446,-2,6,-72
1755870605.2149446,-6,12,-76
1755870605.2529447,4,0,-77
1755870605.2889447,6,4,-77
1755870605.325945,12,1,-76
1755870605.3639443,21,-1,-92
1755870605.3999443,7,-4,-77
1755870605.4369447,3,-4,-67
1755870605.4749446,0,0,-74
1755870605.5109446,3,-2,-82
1755870605.5479443,0,-3,-77
1755870605.5869446,-1,-4,-75
1755870605.6249447,-2,0,-78
1755870605.6609447,1,0,-72
1755870605.6979446,2,1,-70
1755870605.7349446,1,-7,-74
1755870605.7739446,1,-1,-75
1755870605.8099446,-2,1,-75
1755870605.8469446,4,-3,-81
1755870605.884945,0,0,-83
1755870605.9209447,6,-2,-81
1755870605.9579446,0,0,-77
1755870605.9949446,0,-4,-83
1755870606.0339446,-2,-4,-80
1755870606.0699446,-2,-15,-82
1755870606.1079447,-8,-3,-71
1755870606.1459446,-9,1,-57
1755870606.1849446,-4,2,-74
1755870606.2209446,1,0,-67
1755870606.2579446,0,-3,-67
1755870606.2959447,-3,-1,-83
1755870606.3349447,-5,-3,-78
1755870606.3709445,-1,-1,-82
1755870606.4089446,2,0,-68
1755870606.4459443,1,-7,-69
1755870606.4849446,0,0,-76
1755870606.5209446,5,0,-64
1755870606.5579443,11,-2,-72
1755870606.5959446,8,1,-67
1755870606.6339445,11,-3,-74
1755870606.6699443,0,3,-75
1755870606.7069447,1,-8,-67
1755870606.7459445,3,-6,-72
1755870606.7839446,7,-2,-79
1755870606.8199446,0,-2,-77
1755870606.8569446,2,1,-82
1755870606.8959446,0,0,-70
1755870606.9339447,-2,3,-67
1755870606.9699447,-1,0,-59
1755870607.006945,-7,-5,-65
1755870607.0459447,-4,-1,-66
1755870607.0839446,0,-3,-74
1755870607.1199446,-4,-3,-69
1755870607.157945,3,0,-64
1755870607.1959443,0,3,-70
1755870607.2319446,-1,2,-69
1755870607.2689445,-4,0,-91
1755870607.3069446,8,0,-82
1755870607.3459446,10,0,-81
1755870607.381945,0,2,-78
1755870607.4189446,-1,-4,-83
1755870607.4569447,4,0,-72
1755870607.4949446,4,-7,-74
1755870607.5309446,6,-2,-72
1755870607.5679443,3,-1,-70
1755870607.6059446,8,4,-65
1755870607.644945,3,-3,-70
1755870607.6809447,3,0,-72
1755870607.7179446,2,0,-68
1755870607.7559447,5,4,-70
1755870607.7949443,-1,1,-74
1755870607.8309443,0,-1,-67
1755870607.8679447,7,-2,-79
1755870607.9059446,2,2,-80
1755870607.9449446,-2,-3,-67
1755870607.9809446,0,5,-79
1755870608.0179446,-9,4,-69
1755870608.0569446,0,1,-72
1755870608.0949447,5,-2,-76
1755870608.1309447,-1,0,-86
1755870608.167945,7,-2,-84
1755870608.2069447,3,-3,-80
1755870608.2449446,4,1,-72
1755870608.2809446,0,-3,-77
1755870608.3189447,-2,-4,-81
1755870608.3569446,1,-3,-68
1755870608.3959446,-1,0,-72
1755870608.4319446,-6,-3,-72
1755870608.4699447,-1,0,-65
1755870608.5089445,2,5,-58
1755870608.5469446,-1,-2,-59
1755870608.5849447,-3,1,-68
1755870608.6209445,0,-1,-62
1755870608.6589446,0,-4,-64
1755870608.6969447,-8,0,-68
1755870608.7349446,-2,1,-71
1755870608.7709446,1,0,-70
1755870608.8079443,-2,0,-73
1755870608.8469446,8,0,-67
1755870608.884945,3,-6,-73
1755870608.9209447,0,1,-68
1755870608.9579446,0,0,-76
1755870608.996945,-2,-1,-85
1755870609.032945,1,-2,-83
1755870609.0699446,1,0,-77
1755870609.1069446,-1,3,-78
1755870609.1459446,1,-1,-75
1755870609.1819446,3,-1,-79
1755870609.2199447,0,0,-84
1755870609.256945,0,2,-80
1755870609.292945,6,-1,-88
1755870609.3299446,-3,0,-82
1755870609.3679447,0,5,-76
1755870609.4059446,1,0,-71
1755870609.4419446,-3,3,-70
1755870609.4799447,10,3,-74
1755870609.5179446,1,0,-71
1755870609.5559447,1,9,-77
1755870609.5929446,0,11,-72
1755870609.6299446,0,5,-73
1755870609.667945,1,7,-80
1755870609.7059443,0,5,-74
1755870609.7419446,4,1,-74
1755870609.7789447,8,-1,-76
1755870609.8179443,0,-3,-75
1755870609.8559446,1,0,-68
1755870609.8919446,-3,-4,-66
1755870609.9299445,4,-3,-84
1755870609.9679446,2,-2,-64
1755870610.006945,-3,-9,-71
1755870610.042945,-7,-3,-67
1755870610.0809443,-5,-4,-74
1755870610.1189446,0,-4,-73
1755870610.157945,7,0,-76
1755870610.1959443,0,-3,-73
1755870610.2319446,1,0,-74
1755870610.2689445,3,5,-70
1755870610.3069446,5,12,-77
1755870610.3429446,-2,4,-79
1755870610.3799446,0,1,-70
1755870610.417945,5,1,-75
1755870610.4559443,4,0,-74
1755870610.4919446,2,-1,-76
1755870610.529945,-1,0,-79
1755870610.5679443,-4,-3,-76
1755870610.6059446,-3,-2,-71
1755870610.6419446,1,0,-83
1755870610.6799445,1,0,-76
1755870610.7179446,0,-2,-63
1755870610.7559447,0,-4,-66
1755870610.7919445,5,-7,-71
1755870610.8299446,-7,-6,-69
1755870610.8679447,-3,-4,-71
1755870610.9069445,-4,0,-80
1755870610.9429443,-3,-1,-78
1755870610.9809446,-2,-2,-82
1755870611.0189445,0,-5,-80
1755870611.0579443,2,-3,-67
1755870611.0939443,2,-1,-73
1755870611.1309447,0,3,-78
1755870611.1689446,-1,2,-77
1755870611.2069447,2,0,-77
1755870611.2429447,2,0,-78
1755870611.279945,-6,4,-73
1755870611.3189447,-3,4,-79
1755870611.3569446,-3,3,-70
1755870611.3929446,0,1,-69
1755870611.4299445,-1,-1,-76
1755870611.4689443,-3,-3,-69
1755870611.506945,-4,-10,-71
1755870611.542945,-7,-2,-75
1755870611.5809443,-4,0,-82
1755870611.6189446,-2,2,-84
1755870611.657945,0,1,-77
1755870611.6939447,-4,3,-69
1755870611.7309446,4,0,-73
1755870611.7689445,7,-4,-70
1755870611.8069446,4,1,-65
1755870611.8429446,2,0,-62
1755870611.8799446,1,0,-66
1755870611.917945,0,-3,-70
1755870611.9539447,1,0,-73
1755870611.9919446,0,-1,-71
1755870612.029945,3,2,-72
1755870612.0679443,-2,-3,-84
1755870612.1039443,0,0,-85
1755870612.1409447,3,6,-80
1755870612.1789446,-2,-1,-81
1755870612.2179446,-6,-1,-81
1755870612.2539446,1,6,-70
1755870612.2919445,-3,4,-73
1755870612.3299446,-1,0,-77
1755870612.3689446,0,-1,-81
1755870612.4069445,0,-4,-73
1755870612.4519446,5,0,-73
1755870612.4889443,-1,-3,-77
1755870612.5279446,-7,0,-76
1755870612.5639446,-2,-2,-79
1755870612.6019447,-7,0,-81
1755870612.6399446,-3,-9,-74
1755870612.6789446,0,-2,-73
1755870612.7149446,2,-1,-73
1755870612.7519443,-5,0,-82
1755870612.7899446,1,1,-79
1755870612.8279445,4,-1,-82
1755870612.8639443,5,-1,-74
1755870612.9009447,-1,-3,-79
1755870612.9389446,-6,-4,-78
1755870612.9779446,-3,-6,-66
1755870613.0139446,3,2,-74
1755870613.0509446,1,-1,-70
1755870613.088945,1,-3,-73
1755870613.1279447,-1,-5,-77
1755870613.1639447,0,1,-78
1755870613.2019446,-1,-1,-76
1755870613.2399447,0,3,-79
1755870613.2779446,-1,0,-78
1755870613.3139446,1,5,-92
1755870613.3509445,-5,-1,-73
1755870613.3899446,-5,5,-75
1755870613.427945,-3,1,-65
1755870613.463945,-7,0,-77
1755870613.5009446,-2,-3,-76
1755870613.5399446,-4,2,-70
1755870613.5779445,2,2,-80
1755870613.6139443,5,6,-80
1755870613.6509447,1,2,-68
1755870613.6899445,-5,1,-72
1755870613.7279446,1,4,-77
1755870613.7639446,1,-2,-71
1755870613.8019447,1,1,-87
1755870613.8399446,1,5,-72
1755870613.8779447,6,-2,-67
1755870613.9139447,7,-1,-68
1755870613.950945,3,-2,-66
1755870613.9899447,0,5,-67
1755870614.0279446,-3,-4,-79
1755870614.0639446,-12,-10,-74
1755870614.1019447,-1,-5,-72
1755870614.1399446,-7,0,-82
1755870614.1789446,-2,0,-77
1755870614.2149446,1,-3,-70
1755870614.2529447,7,-5,-66
1755870614.2899446,0,0,-69
1755870614.3279445,1,-3,-75
1755870614.3639443,1,-6,-81
1755870614.4009447,-6,3,-80
1755870614.4399445,-4,2,-80
1755870614.4759445,4,3,-80
1755870614.5129447,-1,1,-79
1755870614.5509446,-11,0,-85
1755870614.5899446,0,-4,-82
1755870614.6259446,2,2,-79
1755870614.6629446,0,8,-77
1755870614.6999447,-7,-1,-74
1755870614.7389443,-7,0,-74
1755870614.7749443,-1,1,-75
1755870614.812945,-4,-2,-67
1755870614.8509445,-8,2,-67
1755870614.8899446,-6,0,-64
1755870614.9259446,-9,0,-73
1755870614.963945,1,0,-71
1755870615.0009446,1,2,-82
1755870615.0399446,-1,3,-66
1755870615.075945,1,0,-73
1755870615.1129446,1,-1,-80
1755870615.1509447,-2,-3,-68
1755870615.1899445,1,0,-66
1755870615.2259445,3,-1,-69
1755870615.2629447,5,0,-76
1755870615.3009446,4,4,-75
1755870615.338945,-1,0,-83
1755870615.3749447,-5,1,-81
1755870615.4129446,3,2,-76
1755870615.450945,12,0,-71
1755870615.4889443,-3,0,-83
1755870615.5249443,2,-6,-71
1755870615.562945,0,0,-80
1755870615.6009445,3,-1,-80
1755870615.6399446,-5,-3,-69
1755870615.6759446,0,3,-66
1755870615.7129445,-2,9,-70
1755870615.7509446,0,5,-70
1755870615.7899446,1,-2,-66
1755870615.825945,-3,-2,-77
1755870615.8639443,0,6,-78
1755870615.9009447,2,1,-78
1755870615.9389446,0,6,-80
1755870615.9749446,0,-4,-70
1755870616.0129447,-5,-8,-64
1755870616.0509446,0,0,-74
1755870616.088945,-2,2,-71
1755870616.1249447,-3,-1,-65
1755870616.1629446,1,6,-57
1755870616.200945,-2,0,-57
1755870616.2399447,4,-1,-76
1755870616.2759447,-2,-6,-85
1755870616.3139446,3,-4,-71
1755870616.3529446,7,-3,-72
1755870616.3909447,-4,-11,-74
1755870616.4269447,-5,-6,-80
1755870616.4649446,0,-4,-76
1755870616.5029447,-2,-5,-77
1755870616.5409446,-3,-5,-78
1755870616.5799446,0,3,-76
1755870616.6159446,4,3,-77
1755870616.6529446,-2,-3,-70
1755870616.690945,-8,1,-64
1755870616.7299447,0,8,-69
1755870616.7659447,1,4,-73
1755870616.802945,3,7,-67
1755870616.8409443,5,1,-60
1755870616.8769443,-1,4,-75
1755870616.9149446,0,6,-68
1755870616.9519446,-4,-1,-63
1755870616.9909446,0,-3,-75
1755870617.0269446,0,-5,-79
1755870617.0649445,3,0,-79
1755870617.1029446,6,2,-81
1755870617.1409447,0,-1,-76
1755870617.1769447,3,1,-73
1755870617.213945,5,2,-73
1755870617.2519443,0,1,-74
1755870617.2909446,3,-8,-84
1755870617.3269446,4,-9,-80
1755870617.3649447,-2,-2,-77
1755870617.4029446,6,1,-79
1755870617.440945,8,7,-79
1755870617.4769447,4,6,-71
1755870617.5149446,7,2,-64
1755870617.5519447,7,0,-61
1755870617.5909443,1,-1,-78
1755870617.6269443,-4,-4,-78
1755870617.6649446,1,-6,-70
1755870617.7029445,-1,-9,-65
1755870617.7419446,1,0,-79
1755870617.779945,6,-1,-79
1755870617.815945,8,1,-71
1755870617.8529446,2,3,-77
1755870617.8909447,5,8,-82
1755870617.9269447,1,0,-71
1755870617.9649446,-2,6,-70
1755870618.0019443,-5,-2,-64
1755870618.0409446,-1,3,-64
1755870618.0779445,2,-2,-79
1755870618.1149447,-1,-2,-78
1755870618.1529446,-1,-4,-76
1755870618.1919446,-3,-4,-75
1755870618.2279446,-4,0,-72
1755870618.2649446,-7,-8,-67
1755870618.302945,7,-2,-65
1755870618.3419447,6,-2,-63
1755870618.3779447,0,0,-70
1755870618.4149446,-3,3,-62
1755870618.4529445,-2,1,-79
1755870618.4919446,-2,4,-85
1755870618.5279446,1,-2,-84
1755870618.5649445,-1,-6,-78
1755870618.6029446,-1,-7,-73
1755870618.6419446,1,3,-73
1755870618.677945,-2,-2,-65
1755870618.7159443,2,-4,-60
1755870618.7539446,0,2,-69
1755870618.7919445,2,-1,-76
1755870618.8279445,1,2,-82
1755870618.8649447,2,0,-79
1755870618.9029446,0,4,-69
1755870618.940945,-6,3,-68
1755870618.9769447,-6,7,-79
1755870619.0149446,0,7,-75
1755870619.052945,1,1,-88
1755870619.0909443,4,-6,-83
1755870619.1269443,-2,3,-72
1755870619.1649446,0,2,-67
1755870619.2029445,-8,-1,-71
1755870619.2409446,1,5,-75
1755870619.2769446,1,-2,-83
1755870619.3149445,-6,-4,-79
1755870619.3529446,-3,-2,-81
1755870619.3919446,-1,4,-72
1755870619.427945,-4,5,-79
1755870619.4649446,-6,1,-68
1755870619.5039446,-5,-1,-73
1755870619.5419445,0,0,-74
1755870619.5779445,1,1,-78
1755870619.6149447,0,-2,-85
1755870619.6539447,-1,0,-83
1755870619.6919446,0,-2,-68
1755870619.7279446,0,5,-69
1755870619.7649446,-3,3,-69
1755870619.8039446,1,2,-66
1755870619.8419447,-7,4,-71
1755870619.8779447,0,-1,-76
1755870619.9159446,-2,-1,-70
1755870619.9539447,0,7,-67
1755870619.9919446,-7,0,-80
1755870620.0279446,-6,1,-80
1755870620.065945,-5,2,-73
1755870620.1039443,-8,0,-65
1755870620.1429446,-5,0,-77
1755870620.1789446,-2,1,-76
1755870620.2159443,-2,-3,-77
1755870620.2539446,4,3,-80
1755870620.2919445,2,-5,-79
1755870620.3279445,9,0,-69
1755870620.3649447,6,4,-75
1755870620.4029446,3,2,-69
1755870620.4389446,-3,-7,-72
1755870620.4769447,0,-2,-71
1755870620.5149446,-14,7,-69
1755870620.5539446,-5,4,-72
1755870620.5919447,-5,-2,-72
1755870620.6279447,0,-3,-82
1755870620.6659446,-4,-3,-73
1755870620.7039447,3,-3,-79
1755870620.7429447,-1,1,-77
1755870620.7789447,0,1,-80
1755870620.815945,0,-2,-76
1755870620.8539443,-1,0,-70
1755870620.8929446,-5,1,-72
1755870620.9289446,-1,-1,-73
1755870620.9669447,0,1,-67
1755870621.0049446,0,-3,-72
1755870621.0439446,6,-6,-78
1755870621.0819447,-2,-1,-76
1755870621.1179447,-6,0,-73
1755870621.1559446,-2,-1,-72
1755870621.1939447,-3,1,-77
1755870621.2329447,3,0,-67
1755870621.2689445,2,2,-80
1755870621.3059447,10,2,-73
1755870621.3439443,6,-2,-73
1755870621.381945,-7,-1,-76
1755870621.417945,-2,-3,-64
1755870621.4559443,-1,0,-82
1755870621.4939446,4,-1,-76
1755870621.532945,-3,-6,-74
1755870621.5689447,-4,-1,-72
1755870621.6079447,-9,-1,-79
1755870621.644945,-9,0,-70
1755870621.6839447,-4,-2,-76
1755870621.7199447,0,-5,-70
1755870621.7579446,10,-7,-76
1755870621.7949443,0,-6,-75
1755870621.8339446,2,-5,-82
1755870621.8699446,-1,-3,-68
1755870621.907945,-2,-6,-70
1755870621.9459443,2,1,-80
1755870621.983945,0,-2,-68
1755870622.0229447,-6,1,-70
1755870622.0589447,-4,0,-63
1755870622.0969446,6,7,-59
1755870622.1339445,0,1,-71
1755870622.1699443,1,-1,-78
1755870622.2079446,-9,-4,-68
1755870622.2459445,6,-3,-71
1755870622.2839446,2,1,-81
1755870622.3199446,8,1,-74
1755870622.3579447,8,-1,-67
1755870622.3959446,0,7,-71
1755870622.4339447,4,0,-74
1755870622.4769447,6,0,-80
1755870622.5159447,0,1,-73
1755870622.5539446,-2,-3,-72
1755870622.5899446,-1,-1,-76
1755870622.6289446,-2,-5,-72
1755870622.6659446,-2,-2,-76
1755870622.7049446,-1,-1,-70
1755870622.7429447,-5,-2,-72
1755870622.7789447,3,-2,-69
1755870622.815945,1,-2,-71
1755870622.8549447,-1,0,-71
1755870622.8929446,0,1,-71
1755870622.9289446,1,-2,-77
1755870622.9659443,2,-9,-68
1755870623.0049446,-1,-6,-72
1755870623.042945,0,0,-67
1755870623.0789447,0,5,-66
1755870623.1159446,-4,8,-69
1755870623.154945,0,6,-76
1755870623.1929443,2,0,-70
1755870623.2289443,4,1,-67
1755870623.2659447,3,0,-66
1755870623.3039446,2,-4,-86
1755870623.3399446,-3,0,-74
1755870623.3779447,-2,0,-72
1755870623.4159446,2,3,-73
1755870623.4539447,-2,-3,-73
1755870623.4909446,0,0,-66
1755870623.5279446,0,-8,-72
1755870623.565945,3,3,-66
1755870623.6039443,-1,-2,-73
1755870623.6409447,-2,1,-75
1755870623.677945,0,-3,-68
1755870623.7159443,0,0,-77
1755870623.7549446,-3,0,-61
1755870623.7909446,-9,-1,-62
1755870623.8289447,-7,0,-74
1755870623.8669446,0,3,-77
1755870623.904945,-4,1,-74
1755870623.940945,2,-1,-77
1755870623.9779446,3,-3,-83
1755870624.0159447,-1,-2,-72
1755870624.0549445,-2,-5,-76
1755870624.0909443,-1,-2,-75
1755870624.1299446,-6,-1,-78
1755870624.1669445,-9,-2,-75
1755870624.2059443,-6,5,-76
1755870624.2439446,-9,3,-90
1755870624.279945,-9,0,-81
1755870624.3169446,5,2,-65
1755870624.3549447,6,-3,-77
1755870624.3909447,5,0,-75
1755870624.427945,4,-2,-72
1755870624.4659443,2,-4,-77
1755870624.5049446,1,-2,-65
1755870624.5409446,4,1,-66
1755870624.5779445,1,-1,-78
1755870624.6169446,1,4,-75
1755870624.654945,3,2,-82
1755870624.690945,-3,4,-73
1755870624.7279446,2,1,-79
1755870624.7659447,5,-3,-63
1755870624.8039446,0,-2,-77
1755870624.8399446,0,-4,-74
1755870624.8769443,4,-1,-79
1755870624.9159446,-1,1,-65
1755870624.9539447,9,3,-74
1755870624.9899447,1,7,-70
1755870625.0269446,5,8,-77
1755870625.065945,3,6,-72
1755870625.1019447,8,-4,-75
1755870625.1399446,5,-1,-61
1755870625.177945,0,0,-68
1755870625.2169447,0,-5,-79
1755870625.2549446,-3,-5,-61
1755870625.2909446,0,-1,-84
1755870625.3279445,0,-2,-78
1755870625.3659446,2,-1,-67
1755870625.404945,5,-6,-69
1755870625.440945,5,-9,-68
1755870625.4779446,5,-1,-69
1755870625.5159447,6,-2,-68
1755870625.5549445,0,-7,-78
1755870625.5909443,-3,-2,-85
1755870625.6299446,0,-4,-69
1755870625.6669445,-1,0,-67
1755870625.7059443,0,-1,-74
1755870625.7419446,6,4,-71
1755870625.7789447,3,0,-72
1755870625.8169446,0,-7,-63
1755870625.8559446,0,-4,-70
1755870625.8919446,2,-3,-74
1755870625.9289446,12,0,-76
1755870625.9669447,8,-1,-70
1755870626.0059447,2,-6,-72
1755870626.0419445,0,-1,-68
1755870626.0799446,4,-7,-71
1755870626.1179447,3,0,-82
1755870626.1559446,9,1,-79
1755870626.1919446,3,7,-80
1755870626.2289443,-4,5,-81
1755870626.2669446,5,-6,-66
1755870626.3059447,1,-2,-79
1755870626.3419447,0,-9,-71
1755870626.3789446,0,-12,-77
1755870626.4169445,3,-7,-80
1755870626.4559443,5,0,-70
1755870626.4919446,0,5,-72
1755870626.5289447,-1,6,-89
1755870626.5669446,0,6,-78
1755870626.6049447,-3,3,-83
1755870626.6409447,-3,0,-76
1755870626.6789446,-7,-1,-60
1755870626.7169447,-4,0,-60
1755870626.7559447,-2,7,-63
1755870626.7919445,-2,3,-81
1755870626.8289447,-4,3,-75
1755870626.8669446,-2,-4,-79
1755870626.9059446,0,0,-72
1755870626.9419446,4,0,-80
1755870626.9789443,-2,6,-73
1755870627.0169446,1,3,-80
1755870627.052945,5,0,-77
1755870627.0899446,4,0,-74
1755870627.1269443,6,-1,-76
1755870627.1659446,1,-1,-81
1755870627.2019446,0,-7,-76
1755870627.2389443,-1,-3,-66
1755870627.2769446,-10,2,-72
1755870627.315945,-12,0,-78
1755870627.3519447,-2,8,-71
1755870627.3889446,-1,1,-67
1755870627.4269447,-4,-2,-69
1755870627.4659443,0,-2,-72
1755870627.5019443,1,4,-69
1755870627.5389447,-4,-2,-75
1755870627.5769446,2,2,-73
1755870627.6129446,3,0,-78
1755870627.6499443,6,-9,-79
1755870627.687945,1,0,-80
1755870627.7269447,-1,-1,-69
1755870627.7639446,0,3,-69
1755870627.8009446,1,-1,-65
1755870627.838945,5,-3,-85
1755870627.8779447,5,-3,-81
1755870627.9159446,2,5,-72
1755870627.9519446,-3,1,-79
1755870627.9899447,-4,0,-78
1755870628.0279446,-5,-1,-82
1755870628.065945,-9,-4,-66
1755870628.1019447,-2,-2,-67
1755870628.1399446,3,1,-74
1755870628.177945,0,0,-73
1755870628.2159443,5,0,-71
1755870628.2519443,3,2,-75
1755870628.2889447,1,2,-59
1755870628.3279445,0,-1,-72
1755870628.3659446,-4,-7,-74
1755870628.4019446,-6,-8,-76
1755870628.4399445,-2,-3,-78
1755870628.4779446,-7,-3,-72
1755870628.5169446,0,0,-64
1755870628.552945,-1,3,-80
1755870628.5899446,3,-5,-75
1755870628.6279447,1,-1,-84
1755870628.6669445,5,-3,-72
1755870628.7029445,5,-5,-76
1755870628.7399447,5,-2,-74
1755870628.7779446,0,3,-66
1755870628.8139446,-4,0,-63
1755870628.8509445,-3,0,-76
1755870628.8899446,0,-2,-78
1755870628.927945,9,-3,-69
1755870628.963945,3,3,-75
1755870629.0009446,-3,6,-72
1755870629.0399446,4,3,-81
1755870629.0779445,8,0,-74
1755870629.1139443,0,-2,-76
1755870629.1519446,5,-6,-74
1755870629.1899445,0,0,-75
1755870629.2279446,3,-2,-81
1755870629.2639446,3,1,-77
1755870629.3009446,0,-7,-76
1755870629.3399446,2,0,-72
1755870629.3779447,1,-1,-64
1755870629.4139447,0,-7,-63
1755870629.450945,-4,-4,-71
1755870629.4889443,0,5,-75
1755870629.5279446,0,2,-65
1755870629.5639446,7,-3,-74
1755870629.6019447,7,-1,-64
1755870629.6399446,0,2,-70
1755870629.677945,-2,2,-74
1755870629.713945,0,6,-71
1755870629.7519443,-4,0,-72
1755870629.7899446,1,0,-78
1755870629.8279445,-2,6,-68
1755870629.8639443,-2,6,-69
1755870629.9019446,3,-1,-76
1755870629.9399445,-10,0,-83
1755870629.9789443,-3,3,-79
1755870630.0169446,0,1,-81
1755870630.052945,-1,-7,-74
1755870630.0909443,-2,-7,-75
1755870630.1299446,0,2,-63
1755870630.167945,1,3,-66
1755870630.2039447,5,1,-71
1755870630.2419446,4,7,-75
1755870630.279945,8,0,-76
1755870630.3179443,4,-6,-74
1755870630.3539443,7,0,-82
1755870630.3909447,1,4,-81
1755870630.4289446,-2,0,-81
1755870630.4669447,-4,0,-74
1755870630.5029447,-8,-1,-67
1755870630.5409446,-2,-1,-61
1755870630.5789447,2,-2,-57
1755870630.6179447,2,-1,-71
1755870630.6539447,0,-7,-75
1755870630.6919446,1,-9,-82
1755870630.7299447,2,-3,-75
1755870630.7689445,-2,-7,-69
1755870630.8049445,-1,-4,-62
1755870630.8429446,4,2,-61
1755870630.8809447,0,0,-69
1755870630.9189446,-4,-5,-77
1755870630.9549446,-5,-4,-66
1755870630.9929447,-1,1,-74
1755870631.0309446,0,-4,-75
1755870631.0689447,-4,-1,-77
1755870631.1079447,3,-3,-64
1755870631.1439445,-1,-6,-77
1755870631.1819446,1,-3,-71
1755870631.2199447,-2,-7,-83
1755870631.2589445,5,-6,-74
1755870631.2949443,3,2,-70
1755870631.3319447,0,3,-80
1755870631.3699446,-3,-1,-79
1755870631.407945,-8,1,-74
1755870631.4439447,-1,4,-64
1755870631.4819446,0,1,-71
1755870631.519945,5,0,-83
1755870631.5579443,1,0,-71
1755870631.5939443,-9,5,-80
1755870631.6309447,-10,0,-73
1755870631.6699443,8,-4,-76
1755870631.7079446,8,3,-77
1755870631.7439446,0,1,-75
1755870631.7819445,-2,-1,-72
1755870631.8199446,-3,1,-74
1755870631.8579447,-4,2,-73
1755870631.8939445,-7,-2,-80
1755870631.9319446,4,0,-76
1755870631.9699447,-1,9,-73
1755870632.0079446,1,7,-69
1755870632.0439446,0,4,-68
1755870632.0809443,0,3,-81
1755870632.1199446,13,1,-86
1755870632.157945,12,-1,-88
1755870632.1939447,15,-4,-81
1755870632.2319446,1,-1,-70
1755870632.269945,-1,2,-75
1755870632.3089447,3,-2,-78
1755870632.3449447,9,-6,-65
1755870632.381945,4,0,-66
1755870632.4199443,-5,1,-78
1755870632.4559443,-6,-2,-75
1755870632.506945,4,-2,-73
1755870632.542945,2,1,-77
1755870632.5799446,-4,0,-61
1755870632.6189446,2,-9,-66
1755870632.654945,7,-2,-75
1755870632.6929443,-1,8,-77
1755870632.7309446,-7,0,-75
1755870632.769945,-5,1,-70
1755870632.8059447,-5,-4,-66
1755870632.8449447,-11,0,-67
1755870632.881945,-3,1,-67
1755870632.9199443,-1,-4,-66
1755870632.9589446,-3,0,-73
1755870632.9949446,-3,2,-72
1755870633.0319445,-3,0,-69
1755870633.0709443,-15,2,-73
1755870633.108945,-7,2,-72
1755870633.144945,-5,3,-63
1755870633.1819446,4,-2,-67
1755870633.2209446,0,-3,-69
1755870633.2589445,8,0,-78
1755870633.2949443,1,1,-72
1755870633.3319447,-1,-4,-55
1755870633.3709445,3,2,-77
1755870633.4089446,-1,0,-74
1755870633.4449446,0,4,-61
1755870633.4819446,1,4,-73
1755870633.519945,5,2,-75
1755870633.5559447,3,-3,-68
1755870633.5949447,-2,-5,-78
1755870633.631945,2,0,-68
1755870633.6699443,-5,-3,-68
1755870633.7059443,-7,1,-72
1755870633.7429447,-7,1,-75
1755870633.7809446,1,-5,-76
1755870633.8199446,5,-4,-73
1755870633.8559446,3,0,-79
1755870633.8929446,-5,-4,-66
1755870633.9319446,-7,-1,-81
1755870633.9699447,-1,0,-77
1755870634.0059447,-1,0,-75
1755870634.042945,0,3,-73
1755870634.0809443,7,8,-72
1755870634.1169446,1,0,-75
1755870634.1539447,0,0,-68
1755870634.190945,-3,6,-74
1755870634.2299447,5,3,-85
1755870634.2659447,0,0,-77
1755870634.302945,1,-4,-82
1755870634.3409443,-4,0,-78
1755870634.3799446,-5,1,-74
1755870634.4159446,1,7,-59
1755870634.4529445,-1,3,-63
1755870634.4909446,-4,3,-77
1755870634.529945,-1,8,-84
1755870634.565945,6,6,-73
1755870634.6029446,5,2,-75
1755870634.6409447,0,-3,-76
1755870634.6799445,-4,-3,-65
1755870634.7159443,2,-6,-75
1755870634.7529447,7,1,-72
1755870634.7909446,10,6,-75
1755870634.8299446,-2,2,-70
1755870634.8659446,-2,-3,-78
1755870634.9039447,-2,1,-78
1755870634.9419446,-3,-2,-78
1755870634.9809446,6,-6,-86
1755870635.0169446,-1,-6,-82
1755870635.0549445,-9,-4,-70
1755870635.0929446,8,0,-71
1755870635.1309447,-1,-1,-76
1755870635.1669445,-2,0,-69
1755870635.2039447,-1,-1,-60
1755870635.2419446,0,0,-75
1755870635.279945,3,-3,-72
1755870635.315945,0,-3,-74
1755870635.3529446,-6,3,-74
1755870635.3919446,2,0,-74
1755870635.4299445,6,0,-70
1755870635.4659443,12,-4,-73
1755870635.5029447,6,2,-78
1755870635.5409446,-3,-5,-82
1755870635.5769446,-3,-6,-67
1755870635.6149447,-2,0,-70
1755870635.6529446,2,-2,-74
1755870635.6919446,2,0,-79
1755870635.7299447,0,-2,-76
1755870635.7659447,0,1,-78
1755870635.802945,4,-4,-81
1755870635.8419447,-1,-2,-81
1755870635.8799446,-1,0,-80
1755870635.9159446,-2,0,-85
1755870635.9529445,-10,-3,-70
1755870635.9919446,-7,0,-68
1755870636.0279446,-10,0,-64
1755870636.0649445,-5,-3,-52
1755870636.1029446,1,0,-74
1755870636.1409447,-1,5,-84
1755870636.1769447,-2,10,-76
1755870636.2149446,-1,4,-63
1755870636.2529447,-3,4,-65
1755870636.2919445,0,-1,-64
1755870636.3279445,5,0,-63
1755870636.3649447,5,-2,-83
1755870636.4029446,-6,-4,-73
1755870636.4419446,-6,2,-82
1755870636.4779446,0,5,-79
1755870636.5149446,0,-1,-83
1755870636.552945,-3,-7,-73
1755870636.5919447,-3,-3,-77
1755870636.6279447,2,-2,-72
1755870636.6649446,7,2,-76
1755870636.7029445,3,-2,-64
1755870636.7409446,0,-3,-68
1755870636.7769446,-4,-7,-71
1755870636.8149445,3,0,-63
1755870636.8529446,5,-4,-62
1755870636.8909447,-1,-5,-75
1755870636.9269447,-1,0,-79
1755870636.963945,-3,-7,-80
1755870637.0029447,0,-5,-67
1755870637.0409446,8,0,-66
1755870637.0769446,6,2,-67
1755870637.1139443,0,-4,-71
1755870637.1529446,5,-1,-75
1755870637.190945,4,1,-67
1755870637.2269447,5,1,-66
1755870637.2639446,0,2,-66
1755870637.302945,3,8,-88
1755870637.3409443,1,0,-81
1755870637.3769443,0,-3,-90
1755870637.4149446,-9,1,-78
1755870637.4529445,-1,-5,-70
1755870637.4909446,-3,2,-76
1755870637.5269446,-4,-3,-62
1755870637.5649445,-3,0,-67
1755870637.6029446,-5,-4,-85
1755870637.6419446,-7,0,-78
1755870637.677945,-2,1,-76
1755870637.7159443,-2,3,-81
1755870637.7539446,-4,-1,-85
1755870637.792945,0,-2,-77
1755870637.8289447,-5,-1,-75
1755870637.8669446,1,-4,-68
1755870637.904945,1,-3,-71
1755870637.9429443,1,-3,-72
1755870637.9819446,6,0,-61
1755870638.0179446,2,-4,-70
1755870638.0549445,7,3,-64
1755870638.0929446,4,7,-64
1755870638.1289446,0,0,-74
1755870638.1659446,6,0,-80
1755870638.2039447,-2,3,-71
1755870638.2419446,0,3,-80
1755870638.2779446,5,-2,-73
1755870638.315945,-2,6,-75
1755870638.3539443,4,2,-74
1755870638.3929446,0,7,-85
1755870638.4289446,-5,5,-83
1755870638.4659443,7,1,-75
1755870638.5039446,2,-5,-70
1755870638.5419445,-2,-10,-60
1755870638.5779445,-3,-7,-61
1755870638.6159446,0,0,-64
1755870638.6539447,-6,0,-75
1755870638.6919446,-5,0,-75
1755870638.7279446,0,-2,-75
1755870638.7649446,7,0,-84
1755870638.8039446,-1,2,-72
1755870638.8419447,0,2,-66
1755870638.8779447,2,3,-76
1755870638.9149446,3,6,-82
1755870638.9529445,0,2,-69
1755870638.9889443,-1,1,-76
1755870639.0269446,2,-6,-83
1755870639.0639446,5,3,-66
1755870639.1019447,0,-11,-73
1755870639.1379447,6,-3,-74
1755870639.1749446,7,-1,-74
1755870639.213945,2,0,-73
1755870639.2519443,0,1,-67
1755870639.2879446,1,2,-70
1755870639.3249447,1,-3,-77
1755870639.3639443,-1,2,-81
1755870639.4019446,3,2,-75
1755870639.437945,-2,-4,-66
1755870639.4769447,4,-1,-78
1755870639.5139446,2,1,-77
1755870639.5499446,-1,5,-69
1755870639.5869446,0,4,-73
1755870639.6239443,0,5,-69
1755870639.6599443,-4,-1,-61
1755870639.6979446,-7,-4,-76
1755870639.7359445,-1,1,-65
1755870639.7739446,-5,2,-73
1755870639.812945,-1,3,-80
1755870639.848945,3,-2,-73
1755870639.8869443,4,1,-72
1755870639.9239447,-5,8,-76
1755870639.9629445,2,0,-75
1755870639.9989443,7,1,-77
1755870640.0369446,3,-1,-79
1755870640.0749447,1,-3,-70
1755870640.1139443,4,-2,-68
1755870640.1499443,0,1,-75
1755870640.1869447,2,-1,-70
1755870640.2249446,-6,-9,-59
1755870640.2639446,-4,-4,-67
1755870640.2999446,4,-6,-70
1755870640.3369446,0,0,-67
1755870640.3749447,-5,8,-70
1755870640.4129446,-1,2,-68
1755870640.4489446,0,3,-68
1755870640.486945,-2,5,-74
1755870640.5249443,1,0,-77
1755870640.5639446,5,1,-66
1755870640.5999446,-1,-5,-72
1755870640.6389446,-6,-1,-73
1755870640.6759446,4,1,-79
1755870640.713945,-2,1,-66
1755870640.7499447,-6,2,-71
1755870640.7889447,-1,-3,-67
1755870640.825945,0,-11,-67
1755870640.8649447,0,-8,-81
1755870640.9029446,-1,0,-80
1755870640.9389446,-6,0,-77
1755870640.9759445,-1,-1,-74
1755870641.0149446,0,-4,-71
1755870641.052945,0,1,-72
1755870641.088945,-3,0,-74
1755870641.1259446,-3,-1,-70
1755870641.1649446,-6,0,-72
1755870641.2029445,1,-1,-78
1755870641.2389443,0,1,-76
1755870641.2759447,0,2,-79
1755870641.3139446,0,4,-79
1755870641.3499446,3,5,-84
1755870641.3879447,10,4,-74
1755870641.4249446,7,1,-65
1755870641.463945,-2,1,-73
1755870641.4999447,-2,0,-73
1755870641.5369446,-2,-5,-73
1755870641.5749447,-1,1,-69
1755870641.6139443,3,-2,-71
1755870641.6499443,-2,-5,-67
1755870641.6889446,-1,0,-71
1755870641.7259445,2,0,-74
1755870641.7639446,2,0,-73
1755870641.7999446,1,3,-63
1755870641.8379445,3,2,-58
1755870641.8749447,4,2,-74
1755870641.9109447,0,3,-68
1755870641.9479446,2,6,-69
1755870641.9859445,-4,-1,-69
1755870642.0249443,-6,-1,-80
1755870642.0609446,-1,-1,-77
1755870642.098945,-4,1,-79
1755870642.1369443,-4,-3,-76
1755870642.1759446,-2,-7,-78
1755870642.213945,0,-3,-74
1755870642.2499447,0,-6,-75
1755870642.2879446,0,-6,-70
1755870642.3269446,4,-7,-71
1755870642.3649447,1,3,-69
1755870642.4009447,-5,0,-73
1755870642.437945,-2,-2,-72
1755870642.4759445,-6,2,-71
1755870642.519945,-4,-1,-71
1755870642.5579443,0,4,-69
1755870642.5959446,-2,5,-81
1755870642.6339445,-4,6,-74
1755870642.6699443,4,6,-65
1755870642.7069447,3,3,-80
1755870642.7449446,-6,-9,-68
1755870642.7809446,3,-7,-66
1755870642.8179443,1,-5,-69
1755870642.8559446,-4,5,-65
1755870642.894945,-4,0,-75
1755870642.9309447,0,0,-83
1755870642.9679446,-1,-5,-82
1755870643.0059447,0,-2,-70
1755870643.0449443,2,-2,-77
1755870643.0809443,-3,-2,-76
1755870643.1189446,-6,-1,-75
1755870643.1569445,-5,1,-69
1755870643.1959443,-2,3,-70
1755870643.2319446,-4,0,-82
1755870643.2689445,-2,7,-65
1755870643.3069446,-5,3,-85
1755870643.3459446,-6,-3,-86
1755870643.381945,-1,2,-70
1755870643.4189446,8,0,-72
1755870643.4569447,4,-5,-74
1755870643.4959445,1,4,-78
1755870643.5319445,1,1,-72
1755870643.5699446,-2,1,-78
1755870643.6069446,-2,-4,-78
1755870643.6459446,1,0,-73
1755870643.6819446,-3,-1,-70
1755870643.7199447,0,-1,-74
1755870643.7579446,-4,5,-73
1755870643.7959447,-4,0,-79
1755870643.8349447,-3,2,-78
1755870643.8709445,-1,-3,-83
1755870643.9089446,-5,-5,-76
1755870643.9469447,-2,4,-76
1755870643.9859445,-2,4,-77
1755870644.0219443,0,5,-72
1755870644.0589447,5,-1,-76
1755870644.0969446,0,0,-65
1755870644.1359446,3,-1,-73
1755870644.1719446,-3,-4,-64
1755870644.210945,-3,0,-72
1755870644.2479446,-6,-3,-67
1755870644.2869446,-6,-4,-68
1755870644.3249447,6,4,-71
1755870644.3609445,-2,7,-63
1755870644.3979447,-1,2,-75
1755870644.4369447,0,0,-74
1755870644.4749446,0,0,-73
1755870644.5109446,-6,0,-74
1755870644.5479443,-1,-2,-73
1755870644.5869446,1,-2,-66
1755870644.6249447,-4,2,-53
1755870644.6609447,-1,-1,-68
1755870644.6989446,0,-2,-68
1755870644.736945,0,3,-62
1755870644.7749443,4,-1,-65
1755870644.8109446,6,1,-75
1755870644.8479445,0,3,-81
1755870644.8859446,4,-1,-68
1755870644.9229443,-3,0,-68
1755870644.9599447,-2,0,-68
1755870644.9979446,5,-8,-75
1755870645.0369446,0,-7,-62
1755870645.0729446,0,-8,-69
1755870645.1099446,-2,-2,-75
1755870645.1479447,-7,-4,-67
1755870645.1869447,0,-6,-78
1755870645.2229445,3,-7,-77
1755870645.259945,0,3,-92
1755870645.2979443,-6,2,-88
1755870645.3369446,-7,6,-79
1755870645.3729446,-5,4,-74
1755870645.4099443,-6,5,-71
1755870645.4479446,0,10,-75
1755870645.4859445,5,-2,-73
1755870645.5219443,0,-1,-70
1755870645.5589447,-2,-2,-76
1755870645.5969446,0,0,-66
1755870645.6359446,6,-2,-72
1755870645.6719446,0,0,-79
1755870645.7099447,0,-7,-72
1755870645.7479446,-1,5,-77
1755870645.7869446,0,1,-67
1755870645.8229446,-3,6,-68
1755870645.8599446,0,1,-80
1755870645.8979447,-3,0,-76
1755870645.9369447,-1,0,-80
1755870645.9729445,0,-3,-73
1755870646.009945,-3,0,-69
1755870646.0479443,3,0,-75
1755870646.085945,3,0,-66
1755870646.121945,2,-3,-73
1755870646.1599443,-4,2,-62
1755870646.1979446,3,14,-60
1755870646.2359445,-5,3,-70
1755870646.2719443,-4,-3,-71
1755870646.3099446,5,-5,-66
1755870646.3479445,1,-2,-70
1755870646.3869443,8,-6,-65
1755870646.4229443,6,0,-71
1755870646.4599447,0,-3,-70
1755870646.4979446,6,-5,-63
1755870646.5369446,0,-3,-66
1755870646.5729446,4,0,-63
1755870646.6099446,5,0,-77
1755870646.6479447,6,-2,-73
1755870646.6839447,2,-1,-67
1755870646.7209446,-5,3,-61
1755870646.7589445,0,-1,-67
1755870646.7979443,-9,-9,-60
1755870646.8339446,-9,-5,-60
1755870646.871945,-4,3,-65
1755870646.9099443,-3,1,-70
1755870646.9479446,-5,0,-65
1755870646.986945,2,-1,-65
1755870647.0229447,1,-3,-73
1755870647.0609446,5,8,-75
1755870647.0979445,0,6,-73
1755870647.1339445,-2,0,-77
1755870647.1709447,0,0,-71
1755870647.2079446,5,-5,-77
1755870647.246945,0,-3,-70
1755870647.282945,2,0,-71
1755870647.3209443,3,4,-80
1755870647.3579447,-2,-1,-71
1755870647.3969443,-6,0,-78
1755870647.4329443,-9,0,-80
1755870647.4709446,-5,1,-72
1755870647.5089445,0,0,-74
1755870647.5469446,-1,6,-78
1755870647.5829446,-2,2,-79
1755870647.6209445,7,-4,-71
1755870647.6589446,2,2,-64
1755870647.6969447,0,2,-66
1755870647.7329447,-1,-6,-85
1755870647.7709446,1,-12,-84
1755870647.8089447,-4,-4,-79
1755870647.8479445,-1,-5,-84
1755870647.8839445,4,-6,-77
1755870647.9209447,5,1,-73
1755870647.9589446,0,3,-68
1755870647.996945,-5,-8,-72
1755870648.032945,0,-5,-85
1755870648.0699446,0,4,-69
1755870648.108945,0,6,-78
1755870648.1469443,2,6,-70
1755870648.1829443,4,5,-80
1755870648.2199447,0,-2,-70
1755870648.2589445,3,7,-70
1755870648.2969446,2,-1,-82
1755870648.3329446,-6,0,-78
1755870648.3699446,-1,-7,-78
1755870648.4089446,-1,2,-72
1755870648.4449446,0,-2,-67
1755870648.4819446,-2,0,-63
1755870648.519945,2,0,-71
1755870648.5589447,-3,-1,-77
1755870648.5949447,1,1,-69
1755870648.631945,-2,-1,-65
1755870648.6699443,0,2,-82
1755870648.7079446,-1,-8,-75
1755870648.7439446,-5,-9,-71
1755870648.7819445,0,2,-62
1755870648.8189447,-1,0,-76
1755870648.8579447,1,5,-83
1755870648.8939445,0,-7,-85
1755870648.9319446,2,-4,-74
1755870648.9699447,-1,-1,-70
1755870649.0089445,-3,-3,-78
1755870649.0449443,0,-6,-73
1755870649.0819447,4,-7,-73
1755870649.1199446,-2,-1,-73
1755870649.1589446,0,0,-72
1755870649.1949446,-1,3,-77
1755870649.2329447,2,1,-61
1755870649.2709446,0,7,-72
1755870649.3089447,0,3,-66
1755870649.3449447,-4,-1,-70
1755870649.3839445,-2,0,-79
1755870649.4209447,3,5,-85
1755870649.4599447,7,-1,-62
1755870649.4979446,5,0,-61
1755870649.5339446,4,-1,-69
1755870649.5709443,2,5,-69
1755870649.608945,2,3,-68
1755870649.644945,0,6,-75
1755870649.6819446,-3,4,-74
1755870649.7199447,-1,3,-74
1755870649.7589445,0,1,-86
1755870649.7949443,1,-1,-82
1755870649.8319447,-2,-1,-74
1755870649.8699446,2,-1,-80
1755870649.9089446,3,-4,-80
1755870649.9449446,8,-6,-66
1755870649.9829447,9,-6,-87
1755870650.0209446,-1,-4,-83
1755870650.0599446,-1,3,-79
1755870650.0979445,-3,2,-80
1755870650.1339445,-2,0,-68
1755870650.1719446,4,-10,-69
1755870650.2099447,5,-3,-78
1755870650.2459445,5,-5,-69
1755870650.2839446,-1,1,-73
1755870650.3219447,0,1,-71
1755870650.3599446,5,-7,-82
1755870650.3959446,1,-7,-83
1755870650.4339447,2,-4,-77
1755870650.4719446,5,-8,-78
1755870650.509945,0,-2,-72
1755870650.5489447,4,-3,-79
1755870650.5849447,3,-2,-78
1755870650.621945,-2,0,-77
1755870650.6599443,-2,-2,-70
1755870650.6989446,0,0,-73
1755870650.7349446,3,2,-74
1755870650.7719443,-4,-4,-76
1755870650.8099446,-4,-5,-79
1755870650.848945,-3,-3,-69
1755870650.884945,0,0,-71
1755870650.9219446,4,-2,-74
1755870650.9599447,9,3,-74
1755870650.9959445,7,1,-72
1755870651.0339446,-9,3,-73
1755870651.0719447,-6,4,-72
1755870651.1099446,-5,0,-74
1755870651.1459446,-2,-3,-75
1755870651.1839447,0,1,-76
1755870651.2209446,4,0,-81
1755870651.259945,11,-2,-83
1755870651.2959447,2,-1,-80
1755870651.3329446,0,-2,-73
1755870651.371945,-4,0,-75
1755870651.4099443,0,-4,-74
1755870651.4459443,0,3,-74
1755870651.483945,-6,3,-73
1755870651.5219443,5,-1,-69
1755870651.5609446,5,-7,-71
1755870651.598945,5,-4,-73
1755870651.634945,10,-10,-79
1755870651.6719446,1,-7,-87
1755870651.710945,2,-8,-81
1755870651.7489443,-2,0,-68
1755870651.7849443,-1,3,-74
1755870651.8219447,0,3,-83
1755870651.8599446,-4,4,-87
1755870651.8959446,3,-4,-81
1755870651.9329443,-4,-9,-73
1755870651.9709446,-2,0,-75
1755870652.009945,0,1,-73
1755870652.0459447,0,0,-78
1755870652.0829446,1,0,-79
1755870652.121945,-7,1,-72
1755870652.1599443,-7,-4,-57
1755870652.1959443,6,-3,-66
1755870652.2329447,-2,-1,-72
1755870652.2719443,0,4,-75
1755870652.3099446,7,0,-88
1755870652.3459446,4,3,-77
1755870652.3829446,2,-1,-63
1755870652.4219446,2,-3,-74
1755870652.4599447,3,-3,-87
1755870652.4959445,8,7,-75
1755870652.5419445,7,2,-70
1755870652.5799446,8,-3,-80
1755870652.6159446,0,-1,-87
1755870652.6539447,-7,-3,-77
1755870652.6919446,0,-6,-69
1755870652.7309446,3,-2,-72
1755870652.7669446,10,-3,-62
1755870652.8039446,2,-1,-71
1755870652.8419447,-2,-6,-68
1755870652.8809447,-8,-8,-65
1755870652.9169445,-1,-2,-70
1755870652.9549446,3,0,-70
1755870652.9919446,-5,-1,-70
1755870653.0309446,-4,1,-60
1755870653.0669446,-8,2,-70
1755870653.1049447,-4,2,-66
1755870653.1429446,0,1,-65
1755870653.1809447,3,2,-85
1755870653.2169447,-3,0,-83
1755870653.2539446,-4,0,-76
1755870653.2919445,0,-1,-71
1755870653.3309443,0,0,-73
1755870653.3669446,1,-3,-78
1755870653.4039447,1,-1,-77
1755870653.4419446,-10,-3,-72
1755870653.4809446,-1,0,-64
1755870653.5169446,1,0,-63
1755870653.5539446,2,9,-67
1755870653.5919447,1,8,-65
1755870653.6299446,-7,-3,-68
1755870653.6659446,3,2,-67
1755870653.7029445,-3,5,-65
1755870653.7419446,7,0,-59
1755870653.779945,-4,-2,-72
1755870653.815945,-6,0,-68
1755870653.8539443,0,-1,-75
1755870653.8919446,-8,3,-72
1755870653.9309447,3,0,-74
1755870653.9669447,-1,-2,-79
1755870654.0059447,0,-3,-86
1755870654.042945,0,2,-70
1755870654.0809443,-3,0,-76
1755870654.1169446,1,2,-77
1755870654.1539447,-3,4,-65
1755870654.1919446,-7,3,-63
1755870654.2309446,-5,1,-77
1755870654.2669446,-4,-2,-78
1755870654.3059447,-6,3,-77
1755870654.3419447,-7,-3,-74
1755870654.3809447,4,-5,-66
1755870654.4169445,1,-7,-81
1755870654.4559443,5,-3,-80
1755870654.4929447,5,-3,-83
1755870654.5319445,1,2,-62
1755870654.5679443,1,3,-70
1755870654.6059446,0,0,-66
1755870654.6429446,-4,-1,-67
1755870654.6819446,-1,-6,-74
1755870654.7179446,0,-8,-71
1755870654.7549446,0,-4,-70
1755870654.792945,7,4,-72
1755870654.8309443,18,5,-65
1755870654.8669446,13,-4,-72
1755870654.9039447,5,-4,-81
1755870654.9429443,-10,0,-87
1755870654.9809446,0,-6,-87
1755870655.0169446,-6,-2,-76
1755870655.0559447,-3,-4,-75
1755870655.0929446,3,1,-82
1755870655.1309447,-2,-3,-79
1755870655.1669445,-7,0,-67
1755870655.2049446,-4,-6,-75
1755870655.2429447,0,1,-84
1755870655.2809446,0,-4,-72
1755870655.3169446,-1,1,-72
1755870655.3539443,0,2,-80
1755870655.3929446,-2,-4,-81
1755870655.4309447,-5,-5,-71
1755870655.4669447,-7,-6,-61
1755870655.5049446,0,0,-69
1755870655.542945,1,0,-80
1755870655.5809443,0,0,-80
1755870655.6169446,-3,0,-87
1755870655.6539447,1,-3,-93
1755870655.6929443,6,-1,-80
1755870655.7289443,-1,-7,-70
1755870655.7669446,-4,-8,-81
1755870655.8049445,-2,1,-68
1755870655.8429446,0,0,-75
1755870655.881945,4,0,-69
1755870655.917945,9,1,-76
1755870655.9549446,5,-1,-73
1755870655.9929447,2,1,-73
1755870656.0289447,-3,5,-63
1755870656.0669446,3,-1,-65
1755870656.1049447,3,6,-62
1755870656.1429446,-3,-1,-63
1755870656.1789446,2,0,-69
1755870656.2169447,-11,0,-60
1755870656.2549446,-2,-2,-81
1755870656.292945,-1,-3,-73
1755870656.3319447,-1,2,-63
1755870656.3679447,-3,3,-74
1755870656.404945,0,-7,-80
1755870656.4439447,-4,-4,-73
1755870656.4819446,-4,-4,-71
1755870656.5179446,2,-1,-58
1755870656.5549445,0,6,-70
1755870656.5929446,0,5,-71
1755870656.6289446,5,3,-66
1755870656.6669445,1,0,-68
1755870656.7049446,-5,-3,-73
1755870656.7439446,1,0,-69
1755870656.7819445,4,-2,-69
1755870656.8179443,1,0,-66
1755870656.8549447,0,-1,-67
1755870656.8939445,3,2,-67
1755870656.9319446,1,-1,-73
1755870656.9679446,3,-7,-72
1755870657.006945,0,-7,-78
1755870657.0439446,4,-3,-69
1755870657.0829446,8,-2,-79
1755870657.1189446,0,0,-76
1755870657.1559446,-1,4,-72
1755870657.1939447,3,0,-68
1755870657.2319446,-6,7,-73
1755870657.2679446,3,5,-82
1755870657.3049445,6,-2,-89
1755870657.3439443,5,2,-81
1755870657.381945,4,7,-73
1755870657.417945,-5,6,-57
1755870657.4549446,-2,2,-73
1755870657.4939446,-2,-2,-81
1755870657.529945,-1,0,-89
1755870657.5689447,2,-6,-84
1755870657.6069446,0,0,-56
1755870657.6439445,3,-3,-72
1755870657.6829443,0,2,-71
1755870657.7189443,-9,4,-71
1755870657.756945,-2,9,-70
1755870657.7939446,-8,4,-77
1755870657.8329446,-1,1,-81
1755870657.8689446,2,-1,-65
1755870657.9069445,-2,4,-79
1755870657.9449446,1,0,-87
1755870657.9829447,3,2,-78
1755870658.0189445,6,-2,-69
1755870658.0569446,-3,0,-66
1755870658.0939443,6,-5,-79
1755870658.1299446,8,-5,-81
1755870658.167945,4,0,-85
1755870658.2049446,2,0,-68
1755870658.2439446,2,-3,-66
1755870658.279945,4,0,-65
1755870658.3179443,2,0,-76
1755870658.3549447,8,0,-61
1755870658.3929446,8,0,-70
1755870658.4289446,0,-3,-71
1755870658.4659443,-5,-1,-62
1755870658.5049446,1,3,-62
1755870658.542945,4,5,-60
1755870658.5789447,5,1,-71
1755870658.6159446,2,2,-76
1755870658.654945,3,1,-62
1755870658.6929443,6,0,-76
1755870658.7289443,3,10,-75
1755870658.7659447,-3,0,-68
1755870658.8049445,0,0,-71
1755870658.8429446,-4,0,-64
1755870658.8789446,-2,7,-67
1755870658.9159446,-4,1,-71
1755870658.9549446,-5,3,-73
1755870658.9929447,1,3,-70
1755870659.0289447,14,7,-66
1755870659.065945,10,0,-76
1755870659.1039443,1,2,-82
1755870659.1399446,1,6,-78
1755870659.1769447,3,-2,-79
1755870659.2159443,5,-2,-63
1755870659.2539446,5,-2,-73
1755870659.2899446,-1,-6,-70
1755870659.3279445,-2,-3,-68
1755870659.3659446,-4,0,-70
1755870659.404945,-3,-6,-79
1755870659.440945,0,-5,-78
1755870659.4789443,2,-5,-69
1755870659.5169446,-2,-1,-67
1755870659.5549445,-2,0,-78
1755870659.5939443,-3,2,-73
1755870659.6299446,0,-4,-73
1755870659.6669445,2,-2,-65
1755870659.7049446,1,2,-66
1755870659.7439446,3,2,-57
1755870659.779945,0,-1,-58
1755870659.8179443,-5,-5,-61
1755870659.8559446,0,-5,-66
1755870659.894945,0,2,-58
1755870659.9309447,-1,4,-67
1755870659.9679446,0,3,-78
1755870660.0059447,0,-7,-81
1755870660.0449443,-2,0,-80
1755870660.0809443,2,8,-68
1755870660.1179447,1,8,-85
1755870660.1559446,-4,8,-77
1755870660.1939447,0,-2,-76
1755870660.2299447,0,-4,-80
1755870660.2679446,4,2,-72
1755870660.3069446,5,11,-67
1755870660.3449447,1,6,-75
1755870660.3809447,4,1,-73
1755870660.417945,3,-3,-75
1755870660.4559443,-3,4,-74
1755870660.4949446,-6,0,-78
1755870660.5309446,-1,4,-78
1755870660.5699446,0,1,-79
1755870660.6069446,-4,-2,-69
1755870660.6459446,3,0,-72
1755870660.6839447,-1,-6,-76
1755870660.7199447,1,-5,-73
1755870660.7579446,1,-2,-69
1755870660.7959447,3,-3,-70
1755870660.8339446,-5,0,-67
1755870660.8699446,-6,8,-67
1755870660.9069445,2,3,-60
1755870660.9449446,-2,-3,-70
1755870660.9809446,0,0,-64
1755870661.0179446,0,0,-63
1755870661.0559447,-3,-2,-68
1755870661.0919447,-2,-2,-67
1755870661.1299446,0,-6,-76
1755870661.167945,0,-6,-63
1755870661.2059443,3,-11,-64
1755870661.2449446,1,-1,-74
1755870661.2809446,2,-1,-73
1755870661.3179443,4,-2,-77
1755870661.3559446,0,3,-74
1755870661.3919446,1,2,-69
1755870661.4289446,1,0,-77
1755870661.4659443,10,2,-79
1755870661.5049446,7,0,-64
1755870661.5409446,4,0,-67
1755870661.5779445,6,-1,-67
1755870661.6159446,3,0,-61
1755870661.654945,0,3,-63
1755870661.690945,4,4,-78
1755870661.7279446,5,0,-74
1755870661.7659447,0,2,-62
1755870661.8019447,2,-2,-63
1755870661.838945,-2,3,-66
1755870661.8779447,-5,6,-70
1755870661.9159446,-3,7,-65
1755870661.9519446,-4,0,-72
1755870661.9909446,3,0,-78
1755870662.0279446,4,-4,-81
1755870662.0669446,-2,0,-64
1755870662.1049447,-4,1,-74
1755870662.1409447,-1,4,-76
1755870662.177945,-12,-5,-61
1755870662.2169447,5,-4,-71
1755870662.2549446,10,-3,-72
1755870662.2909446,3,1,-74
1755870662.3279445,5,-1,-76
1755870662.3669446,0,-2,-79
1755870662.404945,6,1,-76
1755870662.440945,8,4,-77
1755870662.4779446,6,0,-76
1755870662.5159447,-5,-3,-75
1755870662.5589447,5,-4,-82
1755870662.5969446,3,1,-76
1755870662.6359446,-6,1,-76
1755870662.6719446,0,-4,-79
1755870662.710945,2,-3,-71
1755870662.7479446,0,-6,-75
1755870662.7869446,2,-4,-69
1755870662.8229446,-7,2,-78
1755870662.8609445,-3,2,-63
1755870662.8999443,1,2,-72
1755870662.9369447,4,0,-63
1755870662.9729445,1,0,-64
1755870663.0109446,0,-1,-77
1755870663.0479443,-3,-5,-84
1755870663.0869446,-2,0,-73
1755870663.1229446,3,0,-74
1755870663.1599443,5,-1,-70
1755870663.1979446,7,1,-86
1755870663.2359445,6,6,-83
1755870663.2719443,-10,6,-66
1755870663.3099446,2,8,-56
1755870663.3479445,1,-3,-58
1755870663.3869443,-3,0,-56
1755870663.4229443,1,5,-71
1755870663.460945,-7,3,-71
1755870663.4979446,7,4,-74
1755870663.5359447,-2,-3,-69
1755870663.5719447,-3,0,-74
1755870663.6099446,3,6,-68
1755870663.6479447,3,-1,-74
1755870663.6869447,6,-4,-68
1755870663.7229445,3,1,-67
1755870663.759945,-2,1,-65
1755870663.7979443,-4,6,-73
1755870663.8369446,-5,8,-72
1755870663.8729446,1,3,-76
1755870663.9099443,-1,0,-74
1755870663.9479446,-2,-1,-72
1755870663.986945,-3,3,-62
1755870664.0229447,0,-5,-76
1755870664.0599446,-2,-5,-65
1755870664.0979445,-3,-1,-72
1755870664.1369443,-4,-3,-72
1755870664.1729443,-1,-2,-69
1755870664.210945,0,-4,-71
1755870664.2499447,0,1,-65
1755870664.2879446,4,3,-79
1755870664.325945,7,0,-88
1755870664.361945,-5,3,-79
1755870664.3989446,-2,4,-80
1755870664.437945,1,6,-78
1755870664.4759445,2,1,-71
1755870664.5119443,1,-2,-65
1755870664.5499446,-1,0,-73
1755870664.5879445,2,3,-63
1755870664.6239443,3,-4,-70
1755870664.6609447,7,2,-65
1755870664.6989446,1,2,-65
1755870664.7379446,6,-1,-68
1755870664.7739446,1,0,-73
1755870664.8109446,0,-3,-75
1755870664.8499446,6,-12,-68
1755870664.8879447,2,-2,-59
1755870664.9239447,2,2,-60
1755870664.960945,-2,2,-67
1755870664.9999447,1,-1,-70
1755870665.0379446,-5,2,-63
1755870665.0739446,-1,-1,-70
1755870665.111945,1,-4,-67
1755870665.1499443,0,-1,-80
1755870665.187945,-3,3,-68
1755870665.2269447,-2,3,-69
1755870665.2629447,-4,2,-75
1755870665.3009446,1,0,-69
1755870665.338945,-5,7,-72
1755870665.3769443,3,9,-79
1755870665.4129446,-1,3,-73
1755870665.4499447,0,0,-70
1755870665.4879446,0,-5,-67
1755870665.5239446,0,-6,-62
1755870665.5609446,9,-7,-74
1755870665.598945,-3,-3,-70
1755870665.6379447,4,-3,-62
1755870665.6739447,-5,-1,-69
1755870665.7119446,-3,-4,-73
1755870665.7499447,-2,-3,-74
1755870665.7889447,-6,2,-73
1755870665.8269446,0,0,-68
1755870665.8629446,-2,-6,-71
1755870665.9009447,-11,0,-79
1755870665.9389446,-7,5,-74
1755870665.9779446,-5,0,-74
1755870666.0139446,-3,-1,-78
1755870666.0519447,0,0,-85
1755870666.088945,4,-1,-68
1755870666.1279447,3,8,-74
1755870666.1639447,-1,8,-72
1755870666.2019446,10,6,-76
1755870666.2399447,4,-2,-77
1755870666.2779446,0,1,-74
1755870666.3139446,1,0,-72
1755870666.3519447,-1,-3,-78
1755870666.3899446,3,-4,-79
1755870666.4289446,-2,-14,-73
1755870666.4649446,2,-9,-76
1755870666.5019443,2,-3,-78
1755870666.5399446,0,-4,-84
1755870666.5789447,0,-6,-78
1755870666.6149447,5,3,-85
1755870666.6519446,-7,-1,-85
1755870666.690945,-13,-1,-71
1755870666.7289443,-5,2,-58
1755870666.7649446,-5,2,-59
1755870666.8019447,-1,2,-76
1755870666.8399446,4,2,-69
1755870666.8789446,-4,-4,-71
1755870666.9149446,-10,-7,-63
1755870666.9529445,-4,-5,-72
1755870666.9909446,-5,0,-65
1755870667.0289447,1,3,-68
1755870667.0649445,2,2,-69
1755870667.1019447,1,-2,-75
1755870667.1409447,-4,-4,-70
1755870667.1789446,-1,-2,-68
1755870667.2149446,2,0,-65
1755870667.2519443,-4,-6,-74
1755870667.2899446,-1,-5,-69
1755870667.3289447,1,0,-79
1755870667.3649447,-3,0,-83
1755870667.4019446,3,-5,-81
1755870667.4399445,-1,-1,-78
1755870667.4789443,6,1,-66
1755870667.5149446,3,-1,-73
1755870667.5519447,2,-8,-72
1755870667.5909443,3,-2,-79
1755870667.6289446,0,0,-80
1755870667.6649446,2,-3,-75
1755870667.7019446,4,0,-68
1755870667.7399447,0,-8,-75
1755870667.7779446,2,2,-77
1755870667.8139446,-5,-5,-79
1755870667.8519447,-10,-2,-75
1755870667.8909447,-1,-4,-79
1755870667.9289446,4,-5,-69
1755870667.9649446,1,-3,-68
1755870668.0019443,2,6,-62
1755870668.0399446,2,6,-74
1755870668.0779445,-1,6,-65
1755870668.1139443,3,-3,-71
1755870668.1519446,4,-4,-90
1755870668.190945,2,2,-76
1755870668.2289443,2,0,-76
1755870668.2649446,4,-4,-82
1755870668.3019447,0,1,-78
1755870668.3399446,-3,0,-71
1755870668.3759446,6,4,-78
1755870668.4129446,7,-4,-82
1755870668.450945,5,-1,-77
1755870668.4899447,0,-1,-81
1755870668.5269446,-1,-4,-81
1755870668.5639446,-4,-8,-77
1755870668.6019447,4,-5,-75
1755870668.6409447,-4,-5,-70
1755870668.6789446,-5,-5,-75
1755870668.7149446,-1,3,-74
1755870668.7519443,1,5,-69
1755870668.7899446,4,-1,-65
1755870668.8289447,4,-9,-81
1755870668.8649447,9,-7,-75
1755870668.9019446,3,2,-70
1755870668.9399445,0,7,-71
1755870668.9759445,-4,7,-62
1755870669.0129447,0,-1,-64
1755870669.0509446,-1,-1,-68
1755870669.0899446,-5,3,-72
1755870669.1269443,1,-1,-68
1755870669.1639447,5,0,-71
1755870669.2019446,3,-5,-71
1755870669.2409446,0,-9,-70
1755870669.2789447,-2,-1,-72
1755870669.3149445,1,-4,-71
1755870669.3519447,-1,-3,-73
1755870669.3909447,2,0,-71
1755870669.4289446,0,0,-69
1755870669.4649446,2,-2,-83
1755870669.5029447,2,1,-66
1755870669.5409446,-4,6,-73
1755870669.5789447,-4,-1,-77
1755870669.6149447,-7,-4,-83
1755870669.6529446,0,0,-77
1755870669.690945,0,0,-73
1755870669.7289443,7,1,-63
1755870669.7649446,5,-2,-70
1755870669.8019447,0,0,-65
1755870669.8399446,-2,2,-63
1755870669.8759446,-4,3,-66
1755870669.9129446,0,0,-75
1755870669.950945,5,-6,-75
1755870669.986945,-2,-8,-65
1755870670.0249443,1,1,-71
1755870670.0619447,4,7,-75
1755870670.0999446,1,-2,-69
1755870670.1359446,-1,-4,-71
1755870670.1739447,6,0,-66
1755870670.210945,1,0,-75
1755870670.246945,5,6,-76
1755870670.2849443,3,0,-74
1755870670.3229446,3,2,-77
1755870670.3609445,1,4,-78
1755870670.3969443,-2,3,-78
1755870670.4349446,-3,3,-62
1755870670.4729445,0,6,-71
1755870670.5109446,4,0,-68
1755870670.5469446,4,-3,-69
1755870670.5849447,-2,-2,-64
1755870670.6229446,3,1,-73
1755870670.6609447,3,2,-68
1755870670.6969447,2,5,-69
1755870670.7349446,-1,1,-61
1755870670.7739446,0,-4,-67
1755870670.8119447,-3,-1,-63
1755870670.8499446,-13,-1,-72
1755870670.8859446,-7,-3,-73
1755870670.9239447,-1,2,-81
1755870670.9619446,10,-2,-64
1755870671.0009446,0,0,-58
1755870671.0369446,5,2,-60
1755870671.0739446,2,2,-56
1755870671.111945,2,0,-55
1755870671.1499443,-4,0,-68
1755870671.1859446,0,0,-71
1755870671.223945,3,-1,-66
1755870671.2619443,0,1,-72
1755870671.2999446,-3,2,-72
1755870671.335945,-8,4,-79
1755870671.3729446,2,3,-77
1755870671.4119446,-2,4,-66
1755870671.4499447,-4,-2,-72
1755870671.4859445,4,0,-71
1755870671.5229447,4,-1,-82
1755870671.5619447,-1,-1,-76
1755870671.5999446,3,-5,-69
1755870671.6359446,3,2,-62
1755870671.6729443,2,-1,-64
1755870671.7119446,-7,1,-86
1755870671.7479446,-2,3,-77
1755870671.7849443,-8,-2,-72
1755870671.8239446,1,-6,-74
1755870671.861945,4,-5,-65
1755870671.8979447,6,-2,-84
1755870671.9349446,4,-1,-74
1755870671.9729445,-1,-7,-64
1755870672.0119443,5,0,-70
1755870672.0479443,4,-6,-75
1755870672.0849447,7,-4,-82
1755870672.1239443,3,1,-67
1755870672.1619446,2,3,-77
1755870672.1979446,7,3,-87
1755870672.2349446,-8,-1,-87
1755870672.2739446,-2,0,-73
1755870672.3119447,3,-2,-75
1755870672.3479445,7,0,-70
1755870672.384945,7,0,-70
1755870672.4219446,0,1,-80
1755870672.4579446,0,2,-79
1755870672.4949446,-3,1,-73
1755870672.532945,3,-4,-82
1755870672.5769446,-2,0,-66
1755870672.6159446,3,1,-69
1755870672.6529446,2,11,-80
1755870672.690945,0,0,-90
1755870672.7269447,3,1,-77
1755870672.7639446,0,-3,-77
1755870672.802945,3,-1,-73
1755870672.8409443,2,1,-59
1755870672.8769443,-1,0,-66
1755870672.9139447,4,0,-66
1755870672.9529445,3,9,-75
1755870672.9909446,4,1,-65
1755870673.0269446,2,0,-60
1755870673.0639446,0,-3,-62
1755870673.1029446,1,0,-72
1755870673.1409447,1,7,-77
1755870673.1769447,0,-2,-68
1755870673.213945,0,0,-68
1755870673.2519443,3,4,-50
1755870673.2879446,5,1,-49
1755870673.325945,2,0,-69
1755870673.3649447,6,4,-76
1755870673.4029446,5,-1,-77
1755870673.440945,6,0,-77
1755870673.4769447,2,-1,-77
1755870673.5139446,1,-8,-70
1755870673.552945,-3,-4,-72
1755870673.588945,0,0,-67
1755870673.6269443,4,-7,-76
1755870673.6639447,9,-2,-94
1755870673.7029445,11,-6,-90
1755870673.7389443,2,-3,-78
1755870673.7759447,3,-1,-78
1755870673.8139446,1,0,-77
1755870673.8519447,2,-6,-82
1755870673.8879447,5,-2,-82
1755870673.9269447,-5,4,-68
1755870673.963945,0,7,-69
1755870674.0019443,1,1,-68
1755870674.0379446,0,-2,-68
1755870674.0749447,0,-2,-67
1755870674.1129446,-7,-4,-71
1755870674.1519446,-9,2,-73
1755870674.187945,-3,3,-71
1755870674.2259445,-3,0,-66
1755870674.2639446,3,0,-76
1755870674.3019447,4,3,-71
1755870674.3379445,-1,2,-78
1755870674.3759446,0,0,-74
1755870674.4139447,1,2,-75
1755870674.4519446,0,-3,-62
1755870674.4879446,0,2,-70
1755870674.5249443,1,0,-74
1755870674.562945,-3,3,-67
1755870674.598945,-2,3,-68
1755870674.6359446,6,-1,-80
1755870674.6739447,-1,-3,-75
1755870674.7129445,-3,-7,-63
1755870674.7489443,-2,-4,-74
1755870674.7869446,-6,2,-70
1755870674.8249447,4,2,-72
1755870674.8629446,0,3,-78
1755870674.8989446,3,6,-73
1755870674.9359446,-1,6,-79
1755870674.973945,5,1,-86
1755870675.0119443,1,-5,-79
1755870675.0479443,1,1,-82
1755870675.085945,5,7,-78
1755870675.1239443,-2,3,-71
1755870675.1619446,-2,4,-77
1755870675.1979446,-2,-1,-68
1755870675.2359445,-3,-3,-71
1755870675.2739446,-3,-3,-77
1755870675.312945,0,-8,-76
1755870675.348945,-2,0,-70
1755870675.3869443,1,-8,-77
1755870675.4249446,6,0,-71
1755870675.4629445,0,3,-73
1755870675.4989443,1,0,-63
1755870675.5359447,-1,-5,-77
1755870675.5739446,4,-5,-75
1755870675.6129446,6,1,-72
1755870675.6489446,-2,-3,-80
1755870675.6869447,3,-4,-80
1755870675.7249446,-3,-3,-68
1755870675.7639446,3,-5,-86
1755870675.7999446,0,4,-76
1755870675.8369446,0,5,-81
1755870675.8739443,3,1,-72
1755870675.9099443,-1,3,-77
1755870675.9469447,1,-6,-74
1755870675.9859445,0,1,-64
1755870676.0239446,5,1,-67
1755870676.0599446,9,2,-70
1755870676.0969446,9,2,-53
1755870676.134945,6,-4,-69
1755870676.1729443,3,-2,-64
1755870676.2089446,1,-1,-64
1755870676.2459445,9,-2,-73
1755870676.2849443,0,1,-70
1755870676.3229446,6,3,-63
1755870676.358945,5,-6,-62
1755870676.3959446,0,-3,-75
1755870676.4349446,1,-2,-71
1755870676.4729445,4,1,-81
1755870676.5089445,1,0,-68
1755870676.5459447,-2,0,-70
1755870676.5849447,2,0,-66
1755870676.6229446,11,3,-77
1755870676.6589446,6,15,-70
1755870676.6959443,9,6,-74
1755870676.7349446,11,0,-75
1755870676.7729447,7,-3,-69
1755870676.8089447,5,3,-70
1755870676.8459446,1,-1,-70
1755870676.884945,2,0,-64
1755870676.9229443,0,-1,-64
1755870676.9589446,3,-3,-71
1755870676.9959445,0,5,-80
1755870677.0349443,3,2,-66
1755870677.0729446,-1,-3,-81
1755870677.108945,1,-6,-78
1755870677.1459446,0,-1,-75
1755870677.1849446,0,8,-71
1755870677.2209446,0,0,-66
1755870677.2589445,0,3,-71
1755870677.2969446,4,-5,-78
1755870677.3349447,2,0,-73
1755870677.3739443,0,-2,-75
1755870677.4099443,4,6,-72
1755870677.4469447,4,6,-67
1755870677.4849446,0,4,-64
1755870677.5209446,0,1,-65
1755870677.5579443,-1,0,-73
1755870677.5959446,1,0,-73
1755870677.634945,2,6,-84
1755870677.6709447,-3,0,-88
1755870677.7099447,4,5,-67
1755870677.746945,10,2,-78
1755870677.7849443,0,-2,-81
1755870677.8209443,2,-2,-90
1755870677.858945,3,1,-82
1755870677.8969443,-10,2,-82
1755870677.9359446,-5,0,-74
1755870677.973945,0,-1,-78
1755870678.009945,2,-2,-82
1755870678.0469446,2,0,-84
1755870678.0849447,7,-1,-67
1755870678.1209445,-6,-7,-75
1755870678.1599443,0,-5,-75
1755870678.1969447,0,0,-78
1755870678.2349446,0,1,-77
1755870678.2709446,1,3,-76
1755870678.3099446,0,-3,-70
1755870678.3469446,0,-3,-68
1755870678.3859446,7,2,-68
1755870678.4239447,4,1,-67
1755870678.4599447,0,-3,-66
1755870678.496945,-2,-3,-81
1755870678.5359447,5,-1,-81
1755870678.5739446,3,3,-85
1755870678.6099446,2,-6,-78
1755870678.6469443,4,0,-76
1755870678.6849446,2,0,-70
1755870678.7209446,3,-4,-76
1755870678.759945,1,3,-83
1755870678.7969446,2,-1,-91
1755870678.835945,0,3,-78
1755870678.8739443,-6,1,-71
1755870678.9099443,0,8,-74
1755870678.9469447,3,8,-66
1755870678.9859445,-2,-4,-77
1755870679.0219443,0,-1,-69
1755870679.0599446,-5,0,-89
1755870679.0979445,4,-1,-87
1755870679.1359446,2,7,-90
1755870679.1729443,4,-2,-81
1755870679.2099447,0,-3,-83
1755870679.2479446,1,0,-83
1755870679.2859447,-1,0,-64
1755870679.3249447,0,-7,-81
1755870679.3609445,3,-9,-75
1755870679.3979447,-2,-5,-64
1755870679.4359446,-2,-3,-67
1755870679.4749446,6,1,-75
1755870679.5109446,7,1,-74
1755870679.5479443,5,-1,-81
1755870679.585945,2,5,-76
1755870679.621945,5,9,-73
1755870679.6599443,1,2,-73
1755870679.6969447,-3,0,-79
1755870679.7359445,-2,1,-74
1755870679.7719443,0,-1,-78
1755870679.8099446,0,-3,-77
1755870679.8479445,-2,0,-81
1755870679.8869443,-3,0,-75
1755870679.9249446,-1,6,-75
1755870679.960945,3,-4,-79
1755870679.9979446,0,-4,-78
1755870680.0369446,5,1,-79
1755870680.0749447,-2,-4,-65
1755870680.1109445,-4,-4,-76
1755870680.1489446,0,-1,-76
1755870680.187945,2,0,-70
1755870680.2259445,-2,-10,-79
1755870680.2619443,0,-6,-77
1755870680.2989447,8,-1,-77
1755870680.3379445,0,-3,-80
1755870680.3759446,1,-11,-71
1755870680.4119446,9,-7,-84
1755870680.4489446,0,-4,-66
1755870680.486945,-2,3,-69
1755870680.5259447,6,2,-74
1755870680.5619447,8,3,-70
1755870680.598945,-4,-5,-78
1755870680.6369443,-3,-1,-75
1755870680.6759446,-3,-3,-72
1755870680.7119446,0,0,-74
1755870680.7489443,-6,-2,-78
1755870680.7869446,0,-4,-62
1755870680.825945,2,-1,-75
1755870680.861945,7,-1,-70
1755870680.8989446,5,0,-58
1755870680.9369447,5,4,-68
1755870680.9729445,5,-3,-65
1755870681.009945,-1,-6,-80
1755870681.0479443,3,-8,-79
1755870681.0869446,0,-6,-80
1755870681.1229446,0,-5,-66
1755870681.1599443,-1,-4,-59
1755870681.1979446,5,-5,-67
1755870681.236945,6,0,-69
1755870681.2729447,-4,2,-70
1755870681.3099446,-3,3,-76
1755870681.3479445,-5,-1,-67
1755870681.3869443,0,-3,-83
1755870681.4229443,-2,0,-73
1755870681.4599447,-4,-2,-63
1755870681.4979446,-1,4,-52
1755870681.5369446,-3,0,-62
1755870681.5729446,-7,-7,-70
1755870681.6109445,2,-6,-72
1755870681.6489446,1,-2,-62
1755870681.687945,5,3,-70
1755870681.7259445,-9,-5,-77
1755870681.7619443,-3,-2,-84
1755870681.7999446,-1,-4,-78
1755870681.8379445,-1,0,-76
1755870681.8769443,1,2,-78
1755870681.9129446,-2,4,-72
1755870681.950945,5,-1,-74
1755870681.9889443,6,6,-71
1755870682.0279446,4,0,-82
1755870682.065945,2,0,-75
1755870682.1019447,4,1,-79
1755870682.1389446,0,-5,-75
1755870682.177945,-1,-2,-67
1755870682.2159443,-6,1,-69
1755870682.2519443,-2,0,-65
1755870682.2889447,-2,-7,-72
1755870682.3279445,-6,-3,-72
1755870682.3659446,-1,-4,-78
1755870682.4019446,6,0,-70
1755870682.4389446,6,-4,-77
1755870682.4779446,7,-3,-77
1755870682.5159447,0,0,-74
1755870682.5519447,2,-7,-83
1755870682.5979445,2,1,-70
1755870682.6339445,-6,-1,-84
1755870682.6719446,1,0,-82
1755870682.7099447,-6,1,-86
1755870682.7479446,-2,7,-74
1755870682.7869446,-5,-4,-78
1755870682.8229446,2,0,-66
1755870682.8599446,7,7,-68
1755870682.8979447,1,0,-66
1755870682.9339447,-3,-2,-69
1755870682.9719446,0,0,-70
1755870683.009945,-2,-1,-83
1755870683.0479443,-1,4,-67
1755870683.0869446,2,-1,-63
1755870683.1229446,0,-2,-69
1755870683.1609447,-2,-4,-63
1755870683.1989446,-6,-7,-80
1755870683.2379446,-2,-7,-72
1755870683.2739446,0,0,-71
1755870683.3109446,0,5,-81
1755870683.348945,6,2,-76
1755870683.3869443,-5,0,-73
1755870683.4229443,0,0,-63
1755870683.4599447,0,5,-68
1755870683.4979446,7,0,-58
1755870683.5339446,0,-5,-57
1755870683.5719447,4,4,-64
1755870683.608945,5,4,-62
1755870683.6469443,-1,2,-70
1755870683.6829443,2,-1,-68
1755870683.7209446,-5,2,-87
1755870683.7589445,0,0,-93
1755870683.7969446,-8,0,-82
1755870683.8329446,3,-6,-86
1755870683.871945,6,-3,-79
1755870683.9089446,4,-5,-76
1755870683.9479446,3,-9,-78
1755870683.983945,8,0,-69
1755870684.0209446,3,0,-74
1755870684.0589447,0,0,-60
1755870684.0969446,-3,-1,-61
1755870684.1339445,5,1,-70
1755870684.1709447,0,2,-69
1755870684.2089446,1,1,-71
1755870684.2479446,-7,-2,-78
1755870684.2839446,1,-6,-82
1755870684.3209443,-2,-8,-72
1755870684.358945,-4,-1,-68
1755870684.3979447,1,8,-74
1755870684.4339447,3,4,-72
1755870684.4709446,1,0,-73
1755870684.5089445,4,-4,-78
1755870684.5479443,1,-3,-73
1755870684.5839446,0,-1,-78
1755870684.621945,-5,-2,-80
1755870684.6589446,-1,-6,-86
1755870684.6979446,-3,3,-77
1755870684.733945,-1,0,-76
1755870684.7709446,5,1,-83
1755870684.8089447,4,3,-63
1755870684.8449447,-2,-3,-68
1755870684.8829446,-4,0,-64
1755870684.9219446,1,-3,-74
1755870684.9589446,6,-2,-80
1755870684.9979446,-9,-2,-76
1755870685.0339446,-4,2,-73
1755870685.0709443,-3,-2,-69
1755870685.1099446,-7,0,-78
1755870685.1479447,-1,4,-85
1755870685.1839447,-1,0,-75
1755870685.2219446,1,-1,-69
1755870685.259945,2,-4,-58
1755870685.2979443,-3,-1,-75
1755870685.3339446,-1,2,-80
1755870685.371945,1,2,-82
1755870685.4099443,-7,-2,-77
1755870685.4489446,-8,-1,-76
1755870685.4849446,-7,-3,-70
1755870685.5229447,4,-4,-68
1755870685.5609446,0,1,-71
1755870685.598945,2,1,-76
1755870685.634945,-2,-2,-72
1755870685.6729443,3,-6,-79
1755870685.710945,5,0,-77
1755870685.7489443,2,0,-76
1755870685.7849443,0,-8,-80
1755870685.8229446,-6,-5,-77
1755870685.8609445,-5,-3,-75
1755870685.8999443,-8,0,-82
1755870685.937945,5,0,-78
1755870685.973945,0,2,-78
1755870686.0109446,-8,2,-71
1755870686.0499446,-1,7,-72
1755870686.0879445,0,1,-66
1755870686.1239443,-1,0,-65
1755870686.1619446,2,0,-67
1755870686.1999447,-4,-9,-65
1755870686.2359445,-3,1,-76
1755870686.2729447,-3,0,-75
1755870686.3109446,3,-1,-78
1755870686.3499446,1,-4,-81
1755870686.3859446,-1,-4,-67
1755870686.4239447,-3,0,-75
1755870686.4619446,0,0,-75
1755870686.5009446,3,-2,-69
1755870686.5389447,-1,-10,-69
1755870686.5749447,1,-3,-74
1755870686.611945,0,0,-65
1755870686.6509447,-1,3,-67
1755870686.6889446,5,3,-86
1755870686.7249446,5,7,-83
1755870686.7619443,1,3,-74
1755870686.8009446,1,2,-68
1755870686.838945,3,0,-73
1755870686.8749447,-4,1,-66
1755870686.9119446,-1,2,-55
1755870686.950945,-2,-4,-72
1755870686.9889443,-1,-3,-63
1755870687.0249443,-1,0,-70
1755870687.0619447,-4,-9,-71
1755870687.1009445,7,-2,-75
1755870687.1389446,3,-2,-71
1755870687.1749446,0,-1,-68
1755870687.2119446,-4,4,-61
1755870687.2509446,-2,1,-73
1755870687.2889447,-4,0,-77
1755870687.3249447,-5,-3,-75
1755870687.3629446,1,-3,-79
1755870687.4009447,6,2,-69
1755870687.4389446,3,-4,-75
1755870687.4749446,3,3,-70
1755870687.5119443,5,-2,-67
1755870687.5509446,4,2,-73
1755870687.588945,0,-5,-78
1755870687.6249447,3,0,-77
1755870687.6619446,6,2,-84
1755870687.6999447,6,5,-76
1755870687.7359445,4,4,-72
1755870687.7739446,6,7,-78
1755870687.8119447,-4,5,-74
1755870687.8509445,0,2,-80
1755870687.8869443,-4,1,-67
1755870687.9249446,0,-4,-66
1755870687.9629445,-12,-9,-82
1755870688.0009446,-5,-3,-72
1755870688.0399446,-2,-4,-76
1755870688.075945,5,0,-69
1755870688.1129446,0,-1,-82
1755870688.1509447,1,6,-71
1755870688.1869447,7,0,-71
1755870688.2249446,0,0,-79
1755870688.2619443,0,1,-68
1755870688.2999446,4,0,-76
1755870688.335945,3,-2,-77
1755870688.3729446,1,5,-71
1755870688.4109447,0,5,-73
1755870688.4469447,-6,4,-67
1755870688.4849446,5,2,-85
1755870688.5229447,2,-7,-78
1755870688.5619447,-6,-7,-65
1755870688.5999446,-7,-3,-63
1755870688.6359446,1,-4,-61
1755870688.6729443,0,-3,-64
1755870688.7119446,0,1,-75
1755870688.7499447,-3,0,-77
1755870688.7859447,-2,0,-80
1755870688.8229446,1,-2,-79
1755870688.861945,-2,-3,-77
1755870688.8999443,0,0,-64
1755870688.9359446,1,-4,-70
1755870688.9729445,-3,-4,-76
1755870689.0119443,-1,-2,-76
1755870689.0499446,8,-1,-76
1755870689.085945,1,1,-69
1755870689.1239443,-2,0,-77
1755870689.1619446,-2,0,-76
1755870689.1999447,-1,0,-74
1755870689.2359445,5,2,-75
1755870689.2729447,-6,0,-77
1755870689.3119447,5,-8,-79
1755870689.3499446,-3,0,-69
1755870689.3859446,-1,2,-73
1755870689.4229443,-5,0,-67
1755870689.4619446,-3,-7,-80
1755870689.4999447,-3,-2,-78
1755870689.5359447,1,3,-81
1755870689.5729446,0,0,-71
1755870689.6109445,0,-5,-71
1755870689.6469443,0,-1,-74
1755870689.6839447,-4,3,-67
1755870689.7219446,3,-3,-80
1755870689.7609446,3,-4,-80
1755870689.7969446,-2,0,-70
1755870689.8339446,-1,7,-74
1755870689.871945,-9,3,-67
1755870689.9109447,-5,0,-86
1755870689.9469447,4,3,-71
1755870689.983945,3,-1,-72
1755870690.0219443,-1,-2,-77
1755870690.0609446,-4,-6,-74
1755870690.0969446,0,0,-77
1755870690.1339445,-6,1,-60
1755870690.1719446,0,-1,-71
1755870690.210945,-3,-1,-73
1755870690.246945,-6,-5,-75
1755870690.2849443,-5,-7,-72
1755870690.3229446,-3,-2,-73
1755870690.361945,1,-2,-67
1755870690.3979447,-5,-6,-77
1755870690.4369447,4,-10,-68
1755870690.473945,4,2,-61
1755870690.5119443,-2,-6,-79
1755870690.5479443,0,-6,-82
1755870690.585945,3,2,-81
1755870690.6239443,3,-7,-82
1755870690.6629446,0,-1,-79
1755870690.700945,8,0,-63
1755870690.736945,7,0,-66
1755870690.7739446,0,3,-61
1755870690.812945,-2,0,-63
1755870690.8509445,1,0,-71
1755870690.8869443,0,3,-71
1755870690.9239447,6,9,-71
1755870690.9619446,-1,-4,-85
1755870690.9979446,-2,-13,-74
1755870691.0369446,0,-7,-75
1755870691.0739446,-1,-4,-74
1755870691.1129446,3,1,-79
1755870691.1509447,0,1,-79
1755870691.1869447,1,-6,-84
1755870691.223945,0,-9,-74
1755870691.2629447,-4,-1,-70
1755870691.3009446,-5,2,-67
1755870691.3369446,1,-2,-80
1755870691.3739443,1,-2,-71
1755870691.4129446,-2,-3,-64
1755870691.4489446,2,-2,-72
1755870691.486945,0,-5,-79
1755870691.5239446,-2,2,-71
1755870691.562945,5,-3,-78
1755870691.598945,-1,-3,-70
1755870691.6369443,1,-1,-76
1755870691.6749446,-5,1,-82
1755870691.7129445,-5,1,-70
1755870691.7519443,7,-3,-73
1755870691.7879446,5,1,-72
1755870691.8249447,-6,-5,-66
1755870691.8629446,-6,-6,-76
1755870691.9019446,-1,-1,-76
1755870691.9389446,6,-5,-81
1755870691.9759445,3,-3,-87
1755870692.0139446,1,-8,-79
1755870692.052945,-4,-3,-79
1755870692.088945,-3,2,-79
1755870692.1259446,4,-2,-83
1755870692.1639447,5,1,-75
1755870692.2029445,3,6,-63
1755870692.2389443,7,7,-69
1755870692.2759447,6,3,-69
1755870692.3139446,4,0,-73
1755870692.3519447,-1,6,-61
1755870692.3879447,3,4,-69
1755870692.4249446,-3,1,-79
1755870692.463945,1,-2,-78
1755870692.5019443,1,1,-87
1755870692.5379446,3,3,-67
1755870692.575945,1,1,-75
1755870692.621945,0,-2,-81
1755870692.657945,3,-2,-72
1755870692.6959443,-2,1,-77
1755870692.7349446,0,-3,-77
1755870692.7729447,-1,0,-64
1755870692.8089447,9,-4,-65
1755870692.8469446,1,1,-70
1755870692.884945,-1,1,-76
1755870692.9229443,7,-1,-70
1755870692.9589446,9,-5,-68
1755870692.996945,-2,-1,-69
1755870693.0359447,6,1,-80
1755870693.0739446,0,5,-82
1755870693.111945,-1,0,-75
1755870693.1479447,-1,-1,-71
1755870693.1859446,3,-3,-72
1755870693.223945,-1,-2,-74
1755870693.2629447,3,2,-85
1755870693.2989447,3,6,-84
1755870693.335945,3,0,-71
1755870693.3739443,-1,4,-66
1755870693.4099443,0,0,-72
1755870693.4469447,-5,-1,-77
1755870693.4849446,-5,0,-72
1755870693.5239446,3,4,-70
1755870693.5599446,2,0,-77
1755870693.5969446,8,-2,-74
1755870693.6359446,2,5,-70
1755870693.6739447,4,1,-67
1755870693.7099447,9,0,-65
1755870693.746945,7,-8,-70
1755870693.7859447,3,-8,-78
1755870693.8239446,-1,-5,-75
1755870693.8599446,1,-4,-73
1755870693.8969443,0,-2,-84
1755870693.9359446,-2,0,-75
1755870693.973945,-1,2,-76
1755870694.009945,-1,3,-73
1755870694.0479443,-10,2,-77
1755870694.0849447,3,-6,-68
1755870694.1239443,1,-7,-70
1755870694.1599443,-1,0,-70
1755870694.1979446,-2,-2,-67
1755870694.2359445,-3,0,-81
1755870694.2749443,-6,-2,-73
1755870694.312945,2,0,-75
1755870694.348945,-1,-1,-78
1755870694.3869443,-2,0,-73
1755870694.4249446,3,-1,-64
1755870694.463945,2,7,-74
1755870694.4999447,6,12,-68
1755870694.5379446,-6,1,-78
1755870694.575945,-2,6,-74
1755870694.6149447,-5,2,-70
1755870694.6529446,1,9,-76
1755870694.6889446,3,-2,-81
1755870694.7259445,5,-1,-67
1755870694.7649446,-3,0,-65
1755870694.802945,-5,-1,-81
1755870694.838945,4,-2,-77
1755870694.8759446,2,-1,-71
1755870694.9149446,7,1,-85
1755870694.9529445,5,5,-75
1755870694.9889443,-3,0,-74
1755870695.0259447,-2,8,-76
1755870695.0649445,-5,1,-80
1755870695.1009445,-5,0,-72
1755870695.1389446,-3,4,-68
1755870695.1769447,-2,-1,-74
1755870695.2149446,-2,6,-64
1755870695.2539446,-4,0,-66
1755870695.2899446,-1,3,-67
1755870695.3269446,-3,0,-73
1755870695.3649447,-7,-2,-71
1755870695.4039447,-4,-7,-72
1755870695.4399445,-5,-2,-77
1755870695.4779446,0,-5,-73
1755870695.5159447,-2,-7,-74
1755870695.5549445,-3,-6,-70
1755870695.5909443,2,-7,-77
1755870695.6279447,-1,-1,-81
1755870695.6659446,-3,-5,-75
1755870695.7049446,-1,0,-77
1755870695.7409446,-2,-1,-77
1755870695.7789447,1,3,-71
1755870695.8169446,5,-1,-77
1755870695.8559446,0,-7,-88
1755870695.8939445,0,1,-84
1755870695.9299445,-1,0,-75
1755870695.9669447,4,-2,-78
1755870696.0059447,11,0,-72
1755870696.0439446,11,-2,-73
1755870696.0799446,5,0,-72
1755870696.1169446,-1,-8,-83
1755870696.1559446,0,0,-74
1755870696.1939447,-1,-2,-78
1755870696.2299447,2,-7,-76
1755870696.2669446,-4,-5,-74
1755870696.3059447,2,2,-81
1755870696.3439443,4,-3,-78
1755870696.3799446,6,0,-71
1755870696.417945,6,0,-76
1755870696.4559443,-7,0,-75
1755870696.4939446,3,1,-81
1755870696.529945,7,0,-81
1755870696.5669446,5,1,-75
1755870696.6059446,0,4,-64
1755870696.6439445,6,7,-73
1755870696.6799445,11,1,-85
1755870696.7169447,0,5,-73
1755870696.7559447,10,-6,-69
1755870696.7939446,1,8,-67
1755870696.8299446,-1,7,-64
1755870696.8679447,-2,2,-78
1755870696.9059446,-3,-4,-78
1755870696.9419446,-6,-2,-69
1755870696.9799447,0,0,-74
1755870697.0179446,-1,3,-70
1755870697.0559447,-2,1,-74
1755870697.0949447,-1,0,-76
1755870697.1309447,7,2,-77
1755870697.167945,7,4,-80
1755870697.2059443,0,0,-80
1755870697.2419446,-3,-1,-71
1755870697.279945,-2,-4,-71
1755870697.3179443,3,1,-73
1755870697.3559446,-7,2,-73
1755870697.3919446,0,-4,-74
1755870697.4299445,4,0,-80
1755870697.4679446,-4,-5,-81
1755870697.5059447,-2,-6,-73
1755870697.5419445,-2,0,-69
1755870697.5799446,1,1,-75
1755870697.6179447,3,-6,-84
1755870697.6559446,0,0,-82
1755870697.6919446,-4,5,-85
1755870697.7299447,0,6,-81
1755870697.7679446,1,3,-69
1755870697.8059447,-3,1,-77
1755870697.8419447,4,0,-75
1755870697.8799446,1,0,-87
1755870697.917945,-5,4,-79
1755870697.9559443,-6,0,-71
1755870697.9919446,-8,0,-74
1755870698.029945,-2,-5,-67
1755870698.0679443,1,4,-67
1755870698.1059446,3,-5,-70
1755870698.1419446,-2,-2,-70
1755870698.1799445,-6,0,-69
1755870698.2179446,3,6,-64
1755870698.2559447,4,-5,-71
1755870698.2919445,0,-3,-77
1755870698.3299446,-5,0,-71
1755870698.3679447,4,4,-62
1755870698.4069445,4,1,-67
1755870698.4449446,4,-5,-77
1755870698.4809446,1,1,-71
1755870698.5179446,2,0,-72
1755870698.5559447,0,0,-74
1755870698.5929446,-2,0,-80
1755870698.6299446,-9,-5,-75
1755870698.667945,1,-9,-74
1755870698.7069447,6,-3,-77
1755870698.7429447,7,-1,-80
1755870698.779945,-4,0,-73
1755870698.8179443,-4,0,-67
1755870698.8569446,0,2,-77
1755870698.8929446,3,5,-85
1755870698.9299445,-1,4,-62
1755870698.9679446,0,4,-72
1755870699.0059447,0,1,-72
1755870699.0419445,5,-2,-77
1755870699.0799446,4,3,-63
1755870699.1169446,-2,-2,-62
1755870699.1559446,1,-2,-65
1755870699.1919446,6,-3,-65
1755870699.2289443,2,2,-71
1755870699.2669446,4,-1,-66
1755870699.302945,1,-3,-68
1755870699.3399446,1,-3,-62
1755870699.3779447,0,3,-65
1755870699.4159446,-1,-5,-81
1755870699.4519446,0,-4,-91
1755870699.4889443,0,6,-81
1755870699.5269446,1,6,-81
1755870699.562945,10,0,-87
1755870699.5999446,3,0,-78
1755870699.6379447,0,-1,-85
1755870699.6759446,-8,0,-81
1755870699.7119446,0,-1,-74
1755870699.7489443,2,0,-72
1755870699.7879446,0,-4,-75
1755870699.825945,-1,0,-74
1755870699.861945,-2,-2,-78
1755870699.8999443,-4,-3,-77
1755870699.937945,0,0,-66
1755870699.9759445,0,5,-75
1755870700.0119443,1,0,-73
1755870700.0499446,2,-4,-71
1755870700.0879445,-3,-2,-69
1755870700.1259446,1,-2,-75
1755870700.1619446,0,-4,-68
1755870700.1989446,1,-1,-74
1755870700.2379446,-7,-3,-73
1755870700.2759447,3,-7,-70
1755870700.3119447,3,-3,-76
1755870700.3499446,-1,0,-73
1755870700.3879447,6,3,-78
1755870700.4239447,0,1,-83
1755870700.460945,-5,2,-69
1755870700.4999447,-1,-2,-76
1755870700.5379446,1,-5,-76
1755870700.5739446,1,2,-74
1755870700.6109445,-2,5,-70
1755870700.6499443,-2,2,-76
1755870700.687945,-1,0,-76
1755870700.723945,-4,4,-66
1755870700.7619443,2,-1,-88
1755870700.7999446,1,1,-71
1755870700.8379445,-1,-2,-75
1755870700.8739443,-2,0,-71
1755870700.9119446,0,-6,-70
1755870700.9499447,-2,0,-77
1755870700.9879446,1,3,-74
1755870701.0239446,2,7,-74
1755870701.0609446,2,-1,-75
1755870701.098945,-6,-1,-77
1755870701.1379447,1,0,-74
1755870701.1739447,-3,-2,-82
1755870701.2119446,4,-4,-77
1755870701.2499447,-3,5,-75
1755870701.2889447,3,3,-73
1755870701.3269446,-4,0,-62
1755870701.3629446,-10,2,-63
1755870701.3999443,0,1,-77
1755870701.437945,-2,3,-79
1755870701.473945,0,-1,-85
1755870701.5119443,-4,6,-76
1755870701.5499446,0,-2,-75
1755870701.588945,6,6,-74
1755870701.6269443,9,-1,-70
1755870701.6629446,9,0,-72
1755870701.700945,3,0,-76
1755870701.7389443,3,4,-76
1755870701.7769446,-4,1,-69
1755870701.812945,4,-1,-68
1755870701.8499446,0,-5,-67
1755870701.8889446,3,-1,-82
1755870701.9269447,0,-5,-89
1755870701.9629445,1,-3,-68
1755870701.9999447,2,-6,-68
1755870702.0389447,2,1,-71
1755870702.0769446,10,3,-74
1755870702.1129446,5,-2,-66
1755870702.1509447,3,0,-67
1755870702.1889446,-2,3,-67
1755870702.2249446,6,4,-55
1755870702.2619443,-3,3,-65
1755870702.2999446,-6,-3,-72
1755870702.338945,0,0,-79
1755870702.3749447,0,-5,-75
1755870702.4119446,-1,-4,-87
1755870702.4499447,4,1,-87
1755870702.4879446,3,-3,-78
1755870702.5239446,4,-3,-85
1755870702.5609446,3,-1,-83
1755870702.598945,4,-1,-74
1755870702.6429446,-3,-8,-79
1755870702.6819446,1,-3,-74
1755870702.7189443,0,0,-72
1755870702.7549446,0,3,-69
1755870702.792945,-9,6,-70
1755870702.8309443,-9,-4,-63
1755870702.8689446,-4,5,-74
1755870702.907945,3,0,-67
1755870702.9439447,0,-2,-64
1755870702.9819446,1,5,-67
1755870703.019945,-2,2,-69
1755870703.0579443,-3,0,-66
1755870703.0939443,0,-2,-74
1755870703.131945,-5,1,-86
1755870703.1699443,-3,-1,-72
1755870703.2079446,1,0,-81
1755870703.2439446,-5,-1,-75
1755870703.2819445,-3,-4,-78
1755870703.3199446,0,0,-75
1755870703.3579447,1,-3,-69
1755870703.3939445,0,1,-77
1755870703.4309447,-4,0,-77
1755870703.4699447,1,2,-68
1755870703.5079446,0,5,-75
1755870703.5439446,9,-7,-75
1755870703.5809443,7,-1,-77
1755870703.6199446,-1,-4,-69
1755870703.657945,0,-3,-76
1755870703.6939447,-3,-1,-71
1755870703.7319446,-1,-3,-77
1755870703.769945,-3,-4,-77
1755870703.8089447,4,-9,-71
1755870703.8449447,11,-4,-68
1755870703.881945,-3,-7,-78
1755870703.9199443,-2,-2,-77
1755870703.9589446,1,3,-78
1755870703.9949446,1,3,-80
1755870704.0319445,4,-5,-78
1755870704.0699446,0,-5,-75
1755870704.108945,0,0,-83
1755870704.144945,-9,-1,-84
1755870704.1829443,-4,-1,-71
1755870704.2209446,0,-5,-82
1755870704.259945,0,3,-72
1755870704.2959447,-3,3,-73
1755870704.3339446,6,0,-67
1755870704.371945,3,-4,-77
1755870704.4109447,6,-3,-81
1755870704.4489446,5,5,-79
1755870704.4849446,7,-3,-62
1755870704.5239446,-1,0,-74
1755870704.5609446,0,-2,-76
1755870704.5999446,2,-4,-78
1755870704.6359446,0,-4,-80
1755870704.6739447,-2,1,-83
1755870704.710945,0,0,-77
1755870704.7489443,-6,2,-79
1755870704.7849443,0,9,-75
1755870704.8219447,-1,-1,-86
1755870704.8609445,0,-7,-82
1755870704.8989446,0,-3,-80
1755870704.9349446,2,-6,-68
1755870704.9719446,-6,-2,-69
1755870705.0109446,7,-2,-75
1755870705.0489447,-2,-11,-66
1755870705.0849447,-3,-10,-75
1755870705.1229446,0,-3,-66
1755870705.1609447,0,-2,-65
1755870705.1999447,5,-3,-73
1755870705.2359445,-2,-4,-76
1755870705.2739446,-4,4,-70
1755870705.3119447,4,5,-76
1755870705.3509445,0,7,-73
1755870705.3889446,-3,-2,-80
1755870705.4249446,-11,-5,-76
1755870705.4629445,-8,0,-74
1755870705.5009446,-5,-4,-90
1755870705.5399446,-6,-2,-84
1755870705.575945,-1,1,-77
1755870705.6139443,2,-3,-67
1755870705.6509447,2,-1,-80
1755870705.6899445,4,-8,-74
1755870705.7259445,4,-4,-68
1755870705.7629447,-7,-7,-65
1755870705.8009446,0,-1,-71
1755870705.8399446,-5,2,-72
1755870705.8759446,-14,-4,-76
1755870705.9139447,-4,-2,-73
1755870705.9519446,-1,-1,-70
1755870705.9909446,-2,-2,-71
1755870706.0269446,5,0,-77
1755870706.0639446,2,-1,-66
1755870706.1019447,0,6,-81
1755870706.1399446,-4,3,-84
1755870706.1759446,-2,7,-74
1755870706.2129445,1,10,-82
1755870706.2509446,1,1,-81
1755870706.2869446,-1,5,-72
1755870706.3249447,-5,0,-72
1755870706.3629446,-3,-3,-88
1755870706.4009447,0,-5,-73
1755870706.4399445,0,0,-82
1755870706.4759445,-1,4,-75
1755870706.5129447,-8,6,-76
1755870706.5509446,-10,0,-71
1755870706.5899446,0,4,-77
1755870706.6259446,6,4,-82
1755870706.6639447,3,4,-75
1755870706.7019446,-4,-2,-79
1755870706.7399447,4,-1,-89
1755870706.7759447,-1,1,-73
1755870706.812945,3,5,-81
1755870706.8519447,0,3,-84
1755870706.8899446,-4,6,-82
1755870706.9259446,2,-2,-69
1755870706.9629445,-3,2,-73
1755870707.0019443,2,2,-70
1755870707.0399446,-5,-8,-77
1755870707.075945,4,-3,-69
1755870707.1139443,-1,-2,-72
1755870707.1519446,-4,-6,-76
1755870707.1899445,0,-4,-79
1755870707.2259445,-6,-7,-72
1755870707.2639446,-5,-2,-61
1755870707.3019447,3,3,-78
1755870707.3399446,0,-8,-89
1755870707.3759446,-1,-2,-83
1755870707.4139447,4,0,-75
1755870707.4519446,2,-1,-71
1755870707.4909446,4,1,-73
1755870707.5269446,3,0,-78
1755870707.5639446,-2,-2,-76
1755870707.6019447,2,-1,-65
1755870707.6409447,1,-2,-59
1755870707.6769447,-5,1,-61
1755870707.713945,2,-1,-69
1755870707.7519443,-3,1,-63
1755870707.7909446,-5,1,-67
1755870707.8269446,-2,1,-69
1755870707.8639443,-3,-5,-64
1755870707.9019446,0,-4,-74
1755870707.940945,-6,-4,-75
1755870707.9769447,1,-1,-77
1755870708.0149446,-2,-5,-66
1755870708.052945,4,0,-64
1755870708.0919447,0,-3,-77
1755870708.1279447,-7,-2,-76
1755870708.1669445,-6,-1,-67
1755870708.2039447,-6,-2,-66
1755870708.2419446,-3,-4,-71
1755870708.2809446,1,-2,-78
1755870708.3169446,3,-1,-75
1755870708.3539443,-2,-8,-68
1755870708.3929446,-2,3,-74
1755870708.4309447,1,0,-75
1755870708.4669447,1,-5,-83
1755870708.5039446,6,1,-79
1755870708.542945,-1,0,-82
1755870708.5809443,-1,0,-74
1755870708.6169446,0,-2,-72
1755870708.6539447,-3,-3,-74
1755870708.6929443,-6,-1,-70
1755870708.7309446,-2,-5,-77
1755870708.7669446,-9,-4,-82
1755870708.8049445,4,-4,-71
1755870708.8429446,4,-3,-70
1755870708.881945,3,0,-75
1755870708.917945,4,0,-78
1755870708.9549446,11,6,-76
1755870708.9929447,5,-4,-65
1755870709.0309446,1,-6,-76
1755870709.0669446,3,-4,-72
1755870709.1039443,6,-5,-61
1755870709.1429446,3,0,-64
1755870709.1809447,0,-1,-86
1755870709.2169447,-3,-2,-73
1755870709.2549446,3,3,-68
1755870709.292945,-3,2,-75
1755870709.3309443,-2,-4,-67
1755870709.3669446,2,-1,-69
1755870709.404945,0,0,-73
1755870709.4429443,4,2,-77
1755870709.4809446,1,-3,-76
1755870709.5169446,2,-5,-75
1755870709.5549445,5,-1,-77
1755870709.5929446,1,0,-74
1755870709.6289446,2,8,-65
1755870709.6659446,0,2,-74
1755870709.7039447,0,-2,-76
1755870709.7429447,3,0,-75
1755870709.7789447,1,2,-74
1755870709.815945,0,-5,-75
1755870709.8539443,-2,-8,-61
1755870709.8929446,-4,-10,-73
1755870709.9289446,0,-8,-72
1755870709.9659443,-3,-2,-68
1755870710.0049446,0,1,-73
1755870710.042945,-4,-1,-73
1755870710.0789447,-13,-3,-72
1755870710.1169446,1,5,-78
1755870710.154945,2,2,-68
1755870710.1929443,-2,6,-66
1755870710.2289443,0,0,-65
1755870710.2659447,-1,-1,-57
1755870710.3049445,-5,-5,-72
1755870710.3429446,-2,3,-71
1755870710.3789446,6,0,-82
1755870710.4159446,0,9,-68
1755870710.4539447,-3,0,-59
1755870710.4919446,3,1,-78
1755870710.5279446,8,1,-87
1755870710.565945,1,-1,-79
1755870710.6049447,5,-4,-70
1755870710.6429446,-4,-1,-64
1755870710.6789446,-2,-5,-60
1755870710.7169447,0,-3,-75
1755870710.7549446,3,-5,-73
1755870710.7939446,3,1,-80
1755870710.8319447,-2,1,-75
1755870710.8679447,0,3,-76
1755870710.904945,1,0,-77
1755870710.9429443,7,5,-79
1755870710.9789443,7,3,-74
1755870711.0159447,-1,4,-82
1755870711.0539446,5,0,-69
1755870711.0929446,4,-5,-73
1755870711.1289446,3,-7,-71
1755870711.1659446,-4,-11,-76
1755870711.2039447,-2,-1,-84
1755870711.2429447,-10,0,-81
1755870711.2789447,0,0,-97
1755870711.315945,0,-1,-75
1755870711.3539443,-2,5,-73
1755870711.3929446,3,5,-67
1755870711.4289446,-3,-3,-76
1755870711.4669447,-4,-8,-74
1755870711.5049446,-5,-1,-77
1755870711.5439446,-4,-2,-73
1755870711.5799446,1,-3,-79
1755870711.6169446,0,1,-74
1755870711.6539447,0,0,-79
1755870711.6899445,7,-3,-72
1755870711.7289443,2,2,-68
1755870711.7659447,0,0,-75
1755870711.8039446,-2,6,-77
1755870711.8399446,-3,1,-75
1755870711.8779447,0,-1,-72
1755870711.9149446,10,-3,-68
1755870711.9539447,-1,1,-78
1755870711.9899447,0,1,-77
1755870712.0269446,9,0,-92
1755870712.0649445,0,-1,-81
1755870712.1029446,-7,2,-69
1755870712.1389446,-6,-5,-75
1755870712.1769447,1,-9,-65
1755870712.2149446,-2,-4,-73
1755870712.2539446,-2,-3,-63
1755870712.2899446,4,3,-66
1755870712.3269446,0,-5,-63
1755870712.3649447,0,-4,-68
1755870712.4039447,-1,-10,-67
1755870712.4399445,0,-3,-73
1755870712.4769447,7,-1,-68
1755870712.5149446,0,0,-77
1755870712.552945,5,0,-74
1755870712.588945,0,5,-69
1755870712.6269443,0,1,-68
1755870712.6699443,1,3,-73
1755870712.7079446,-6,9,-68
1755870712.7459445,2,8,-61
1755870712.7839446,7,-5,-74
1755870712.8199446,6,3,-66
1755870712.8569446,1,8,-72
1755870712.894945,-2,6,-75
1755870712.9309447,-1,0,-76
1755870712.9689443,0,-2,-75
1755870713.0059447,0,2,-71
1755870713.0439446,-2,1,-70
1755870713.0799446,-7,-4,-69
1755870713.1189446,-2,2,-74
1755870713.1559446,1,-4,-78
1755870713.1949446,8,0,-87
1755870713.2309446,2,-3,-82
1755870713.2679446,6,-1,-72
1755870713.3069446,-7,-2,-71
1755870713.3449447,-1,-1,-78
1755870713.3809447,-1,-3,-76
1755870713.4189446,7,-1,-75
1755870713.4569447,3,-4,-69
1755870713.4949446,0,1,-70
1755870713.5339446,-5,-3,-73
1755870713.5699446,-2,0,-74
1755870713.6069446,7,2,-76
1755870713.644945,4,1,-81
1755870713.6809447,-3,0,-69
1755870713.7179446,0,-6,-68
1755870713.7559447,-1,-5,-80
1755870713.7949443,-2,0,-76
1755870713.8309443,0,-2,-72
1755870713.8699446,-3,0,-66
1755870713.9069445,4,-3,-74
1755870713.9459443,1,-3,-80
1755870713.983945,-5,3,-72
1755870714.019945,-2,-7,-81
1755870714.0579443,-1,-8,-78
1755870714.0959446,0,-1,-78
1755870714.134945,4,4,-85
1755870714.1709447,0,0,-83
1755870714.2079446,13,-4,-67
1755870714.2459445,2,0,-66
1755870714.2849443,2,-3,-70
1755870714.3209443,4,-2,-73
1755870714.3579447,0,0,-75
1755870714.3959446,-2,-5,-65
1755870714.4339447,1,0,-76
1755870714.4699447,-2,-1,-71
1755870714.5079446,-4,2,-87
1755870714.5459447,-4,2,-86
1755870714.5849447,8,-2,-81
1755870714.6209445,-3,-3,-83
1755870714.6589446,2,2,-73
1755870714.6959443,3,4,-81
1755870714.7319446,4,3,-82
1755870714.769945,2,-12,-84
1755870714.8069446,2,-3,-82
1755870714.8459446,2,0,-80
1755870714.881945,0,-3,-80
1755870714.9189446,1,0,-76
1755870714.9569447,-1,6,-64
1755870714.9959445,4,-4,-61
1755870715.0319445,10,1,-70
1755870715.0689447,6,-1,-65
1755870715.1069446,-5,-2,-63
1755870715.1459446,-5,-4,-59
1755870715.1819446,3,-4,-57
1755870715.2189443,-1,0,-66
1755870715.256945,-4,3,-65
1755870715.2959447,-3,0,-73
1755870715.3319447,-7,-3,-79
1755870715.3699446,-5,0,-76
1755870715.407945,-1,1,-71
1755870715.4479446,9,0,-61
1755870715.4859445,11,0,-63
1755870715.5219443,0,0,-71
1755870715.5589447,5,-2,-77
1755870715.5969446,6,10,-69
1755870715.6359446,1,1,-70
1755870715.6719446,-2,-4,-77
1755870715.710945,1,3,-74
1755870715.7479446,0,0,-81
1755870715.7869446,0,5,-83
1755870715.8249447,0,5,-70
1755870715.8609445,2,-3,-70
1755870715.8989446,-4,-4,-75
1755870715.9369447,-4,-3,-81
1755870715.9759445,-4,1,-79
1755870716.0119443,-2,0,-77
1755870716.0499446,1,2,-71
1755870716.0879445,-2,2,-81
1755870716.1269443,0,0,-76
1755870716.1649446,1,-1,-75
1755870716.200945,4,1,-73
1755870716.2379446,2,-2,-74
1755870716.2769446,-1,1,-67
1755870716.3149445,-7,-2,-82
1755870716.3509445,-4,-2,-79
1755870716.3889446,-5,-3,-72
1755870716.4269447,0,0,-63
1755870716.4649446,-5,-4,-80
1755870716.5009446,-6,0,-77
1755870716.5379446,-4,7,-76
1755870716.5769446,4,9,-73
1755870716.6129446,-2,3,-74
1755870716.6509447,0,-4,-68
1755870716.687945,3,-4,-64
1755870716.7269447,2,4,-84
1755870716.7629447,3,7,-84
1755870716.7999446,6,0,-77
1755870716.8379445,3,2,-87
1755870716.8759446,-6,4,-81
1755870716.9119446,-8,2,-78
1755870716.950945,-4,-4,-80
1755870716.9889443,-6,-5,-65
1755870717.0269446,0,-1,-73
1755870717.062945,4,-2,-75
1755870717.0999446,5,2,-71
1755870717.1389446,-2,-3,-69
1755870717.1769447,-4,1,-70
1755870717.2129445,-2,-1,-73
1755870717.2519443,-1,-5,-78
1755870717.2889447,1,-2,-76
1755870717.3279445,-7,-4,-82
1755870717.3659446,0,-6,-91
1755870717.4019446,-5,-6,-86
1755870717.4399445,1,-10,-66
1755870717.4779446,1,-1,-64
1755870717.5169446,0,5,-69
1755870717.552945,8,3,-65
1755870717.5899446,-1,4,-62
1755870717.6279447,-9,2,-75
1755870717.6669445,-6,-1,-82
1755870717.7029445,-9,0,-68
1755870717.7399447,1,0,-69
1755870717.7779446,0,5,-76
1755870717.815945,0,1,-82
1755870717.8519447,2,-3,-70
1755870717.8889446,-2,-1,-84
1755870717.927945,-6,0,-70
1755870717.9659443,-2,-1,-80
1755870718.0019443,5,2,-84
1755870718.0399446,-1,-1,-72
1755870718.0779445,1,-3,-70
1755870718.1169446,0,1,-72
1755870718.1529446,2,0,-73
1755870718.1899445,2,-5,-79
1755870718.2279446,-3,-5,-62
1755870718.2669446,-1,-2,-66
1755870718.302945,1,-5,-68
1755870718.3399446,0,-3,-72
1755870718.3779447,5,-6,-64
1755870718.4169445,1,-6,-70
1755870718.4529445,2,-2,-72
1755870718.4899447,5,-3,-63
1755870718.5279446,1,2,-63
1755870718.5669446,-5,7,-80
1755870718.6029446,-1,-1,-73
1755870718.6409447,-7,-7,-71
1755870718.6789446,-2,-3,-62
1755870718.7179446,0,5,-72
1755870718.7539446,0,4,-74
1755870718.7909446,6,-1,-76
1755870718.8289447,8,-2,-75
1755870718.8679447,3,0,-77
1755870718.9039447,5,-2,-74
1755870718.940945,2,0,-67
1755870718.9779446,-1,3,-75
1755870719.0169446,0,1,-90
1755870719.052945,0,1,-86
1755870719.0909443,1,6,-82
1755870719.1289446,3,5,-72
1755870719.1669445,-2,0,-82
1755870719.2029445,-6,-2,-71
1755870719.2409446,0,-4,-81
1755870719.2789447,1,-5,-70
1755870719.3179443,1,2,-68
1755870719.3539443,0,5,-78
1755870719.3909447,0,0,-80
1755870719.4289446,0,0,-68
1755870719.4669447,-7,0,-71
1755870719.5029447,-3,-7,-78
1755870719.5419445,0,1,-76
1755870719.5799446,0,1,-88
1755870719.6179447,-5,-7,-75
1755870719.6539447,0,-7,-74
1755870719.690945,1,-3,-72
1755870719.7289443,4,-2,-86
1755870719.7679446,4,-4,-82
1755870719.8039446,-1,-3,-75
1755870719.8419447,-2,-3,-70
1755870719.8799446,0,4,-67
1755870719.917945,-3,1,-70
1755870719.9539447,-7,3,-67
1755870719.9919446,1,5,-78
1755870720.029945,5,0,-77
1755870720.0679443,5,4,-84
1755870720.1039443,8,-1,-79
1755870720.1419446,0,-1,-82
1755870720.1799445,-4,-4,-70
1755870720.2189443,1,-5,-77
1755870720.2549446,-2,-3,-77
1755870720.292945,2,-1,-76
1755870720.3309443,0,-5,-71
1755870720.3689446,-4,-10,-64
1755870720.407945,0,-6,-78
1755870720.4439447,-3,1,-72
1755870720.4819446,-3,0,-76
1755870720.519945,6,-2,-83
1755870720.5589447,0,2,-76
1755870720.5949447,-5,-3,-81
1755870720.6329446,-8,0,-77
1755870720.6709447,2,0,-67
1755870720.7089446,-4,-2,-65
1755870720.7479446,1,-2,-66
1755870720.7839446,5,-1,-69
1755870720.8209443,0,-2,-54
1755870720.858945,-5,0,-67
1755870720.8979447,-1,-1,-64
1755870720.9339447,0,-1,-66
1755870720.9709446,0,0,-75
1755870721.0089445,-4,-3,-80
1755870721.0449443,-3,-5,-87
1755870721.0829446,1,-10,-71
1755870721.1209445,1,1,-76
1755870721.1589446,-4,-2,-74
1755870721.1949446,-6,-5,-74
1755870721.2329447,1,3,-72
1755870721.269945,-5,1,-81
1755870721.3089447,-6,2,-76
1755870721.3449447,0,2,-71
1755870721.3829446,-6,1,-66
1755870721.4199443,-3,1,-75
1755870721.4589446,4,2,-80
1755870721.4949446,6,1,-85
1755870721.5319445,9,-2,-85
1755870721.5699446,0,4,-86
1755870721.6079447,-3,-4,-80
1755870721.6439445,-1,1,-80
1755870721.6809447,0,-4,-87
1755870721.7199447,4,3,-74
1755870721.7579446,-2,0,-81
1755870721.7949443,0,0,-83
1755870721.8329446,0,1,-78
1755870721.8699446,0,-1,-68
1755870721.9089446,1,-1,-69
1755870721.9449446,3,-4,-67
1755870721.9819446,7,1,-77
1755870722.0209446,1,-2,-63
1755870722.0589447,0,-4,-69
1755870722.0949447,1,0,-71
1755870722.131945,6,2,-76
1755870722.1709447,0,3,-65
1755870722.2089446,0,0,-74
1755870722.2449446,0,3,-67
1755870722.2819445,-1,-3,-77
1755870722.3209443,-3,0,-86
1755870722.358945,4,-2,-83
1755870722.394945,-3,0,-71
1755870722.4319446,-1,-5,-71
1755870722.4699447,0,-8,-69
1755870722.5089445,1,-4,-69
1755870722.5449443,-9,-3,-75
1755870722.5839446,-5,-7,-78
1755870722.6209445,1,0,-73
1755870722.6599443,7,1,-76
1755870722.7029445,1,5,-63
1755870722.7419446,-1,-1,-67
1755870722.779945,3,-4,-81
1755870722.815945,1,-1,-73
1755870722.8529446,2,1,-71
1755870722.8909447,0,-1,-74
1755870722.9289446,0,0,-83
1755870722.9649446,-4,0,-76
1755870723.0029447,2,-5,-75
1755870723.0419445,1,-1,-70
1755870723.0799446,2,-7,-81
1755870723.1159446,6,-2,-76
1755870723.1529446,-1,1,-73
1755870723.190945,-3,2,-64
1755870723.2299447,3,-3,-73
1755870723.2659447,1,0,-76
1755870723.302945,2,2,-71
1755870723.3419447,0,0,-68
1755870723.3799446,0,0,-71
1755870723.4159446,3,5,-69
1755870723.4539447,5,1,-80
1755870723.4919446,2,0,-81
1755870723.529945,3,0,-83
1755870723.565945,5,1,-76
1755870723.6029446,2,0,-73
1755870723.6409447,4,3,-69
1755870723.6769447,4,1,-76
1755870723.713945,3,-8,-70
1755870723.7519443,4,-4,-72
1755870723.7909446,6,-2,-66
1755870723.8269446,3,0,-68
1755870723.8639443,-3,-1,-73
1755870723.9019446,-4,2,-75
1755870723.940945,-10,-5,-68
1755870723.9769447,0,1,-77
1755870724.0139446,0,0,-84
1755870724.0509446,5,-3,-68
1755870724.0899446,1,-5,-72
1755870724.1259446,-5,0,-81
1755870724.1629446,2,-3,-82
1755870724.200945,1,-3,-77
1755870724.2399447,-2,-5,-71
1755870724.2759447,-2,-3,-70
1755870724.3139446,-2,-3,-78
1755870724.3519447,0,-10,-68
1755870724.3909447,-3,0,-69
1755870724.4269447,-3,0,-63
1755870724.4649446,-5,3,-68
1755870724.5029447,-3,-2,-69
1755870724.5419445,0,-4,-69
1755870724.5799446,0,-6,-78
1755870724.6159446,0,-3,-71
1755870724.6539447,6,0,-71
1755870724.6919446,5,0,-74
1755870724.7299447,3,3,-76
1755870724.7669446,3,1,-78
1755870724.8039446,1,3,-73
1755870724.8419447,5,4,-68
1755870724.8799446,0,0,-74
1755870724.9159446,0,-2,-82
1755870724.9539447,2,3,-69
1755870724.9919446,1,-3,-79
1755870725.029945,0,-3,-64
1755870725.065945,3,1,-58
1755870725.1029446,5,1,-58
1755870725.1419446,1,-1,-65
1755870725.1799445,-1,0,-70
1755870725.2159443,0,4,-63
1755870725.2539446,-1,1,-70
1755870725.2919445,5,5,-75
1755870725.3299446,-3,0,-73
1755870725.3659446,-2,3,-73
1755870725.4039447,-5,-2,-67
1755870725.4419446,-2,-2,-68
1755870725.4809446,5,1,-72
1755870725.5169446,-3,-2,-68
1755870725.5549445,-6,0,-72
1755870725.5929446,-4,-1,-82
1755870725.631945,0,2,-75
1755870725.667945,-4,2,-79
1755870725.7049446,-2,4,-85
1755870725.7429447,6,4,-82
1755870725.7809446,7,1,-75
1755870725.8169446,4,2,-78
1755870725.8539443,-5,0,-79
1755870725.8919446,3,0,-68
1755870725.9309447,4,-6,-84
1755870725.9669447,-1,1,-77
1755870726.0039446,-2,2,-70
1755870726.0419445,-2,8,-68
1755870726.0809443,-2,-3,-70
1755870726.1169446,-3,-3,-66
1755870726.154945,5,-7,-72
1755870726.1929443,8,-1,-74
1755870726.2319446,5,0,-68
1755870726.2679446,0,-5,-64
1755870726.3049445,-5,-2,-72
1755870726.3429446,-5,-3,-66
1755870726.381945,-6,0,-69
1755870726.417945,-4,1,-69
1755870726.4559443,-13,-6,-62
1755870726.4939446,-9,-8,-70
1755870726.532945,-4,0,-66
1755870726.5709443,3,-10,-67
1755870726.6079447,2,-15,-67
1755870726.644945,5,6,-70
1755870726.6829443,1,1,-73
1755870726.7209446,10,0,-71
1755870726.756945,5,7,-64
1755870726.7939446,2,-1,-66
1755870726.8329446,2,0,-68
1755870726.8709445,-3,0,-76
1755870726.907945,0,0,-77
1755870726.9449446,-3,3,-71
1755870726.9829447,-4,6,-77
1755870727.0219443,-1,0,-80
1755870727.0579443,-1,-1,-85
1755870727.0959446,-2,0,-83
1755870727.1339445,-6,0,-72
1755870727.1729443,-7,-4,-70
1755870727.210945,-5,-4,-80
1755870727.246945,-2,-4,-74
1755870727.2849443,-2,0,-73
1755870727.3229446,-6,0,-80
1755870727.361945,-8,-8,-78
1755870727.3979447,-3,-6,-74
1755870727.4369447,-9,-1,-69
1755870727.4749446,-6,0,-76
1755870727.5129447,-1,0,-79
1755870727.5489447,0,-2,-73
1755870727.5869446,7,0,-60
1755870727.6239443,8,-3,-64
1755870727.6629446,2,-1,-70
1755870727.6989446,-1,5,-67
1755870727.736945,-4,-7,-68
1755870727.7739446,-4,-1,-66
1755870727.812945,5,6,-73
1755870727.848945,2,0,-73
1755870727.8869443,0,0,-81
1755870727.9239447,1,-3,-71
1755870727.9629445,1,-7,-77
1755870727.9989443,3,-3,-94
1755870728.0369446,0,0,-90
1755870728.0739446,-8,1,-77
1755870728.1129446,1,-3,-84
1755870728.1499443,3,0,-77
1755870728.1869447,0,6,-69
1755870728.223945,4,3,-74
1755870728.2619443,3,0,-80
1755870728.2979443,3,-6,-73
1755870728.3369446,-2,-3,-76
1755870728.3739443,3,0,-71
1755870728.4129446,-14,0,-72
1755870728.4499447,-6,-1,-73
1755870728.486945,0,1,-68
1755870728.5249443,-3,0,-74
1755870728.562945,0,1,-67
1755870728.598945,-1,3,-74
1755870728.6369443,0,3,-62
1755870728.6749446,0,-3,-56
1755870728.7129445,2,0,-72
1755870728.7489443,-3,1,-67
1755870728.7869446,0,-1,-85
1755870728.8249447,2,0,-83
1755870728.8629446,0,0,-84
1755870728.8999443,8,0,-77
1755870728.9369447,4,-3,-80
1755870728.9749446,0,0,-68
1755870729.0129447,8,-7,-79
1755870729.0489447,5,-4,-87
1755870729.0869446,2,-4,-71
1755870729.1249447,8,-1,-70
1755870729.1639447,2,-8,-68
1755870729.1999447,7,-4,-81
1755870729.236945,4,-7,-80
1755870729.2749443,1,-3,-75
1755870729.3139446,1,0,-72
1755870729.3499446,-3,-2,-71
1755870729.3879447,-1,0,-64
1755870729.4259446,-7,2,-71
1755870729.463945,-1,-1,-66
1755870729.5029447,3,0,-76
1755870729.5389447,0,3,-80
1755870729.5779445,1,-6,-80
1755870729.6149447,3,-2,-81
1755870729.6539447,4,0,-78
1755870729.6899445,3,1,-90
1755870729.7279446,2,1,-79
1755870729.7649446,-1,0,-78
1755870729.8039446,-3,1,-81
1755870729.8399446,-1,-1,-82
1755870729.8779447,-3,-4,-70
1755870729.9159446,-3,-6,-76
1755870729.9549446,3,-3,-87
1755870729.9929447,1,-2,-76
1755870730.0289447,4,3,-77
1755870730.065945,-4,-6,-76
1755870730.1049447,-4,-4,-80
1755870730.1429446,-4,1,-77
1755870730.1789446,-3,4,-64
1755870730.2159443,-2,3,-69
1755870730.2549446,2,0,-74
1755870730.292945,0,3,-69
1755870730.3289447,-2,-4,-67
1755870730.3669446,4,2,-63
1755870730.404945,5,0,-79
1755870730.4429443,1,-3,-82
1755870730.4789443,10,0,-76
1755870730.5159447,7,0,-72
1755870730.5539446,4,-3,-78
1755870730.5909443,0,1,-77
1755870730.6279447,6,-2,-65
1755870730.6659446,10,1,-71
1755870730.7039447,7,-4,-73
1755870730.7399447,0,-10,-79
1755870730.7779446,0,-4,-80
1755870730.8149445,-4,-4,-78
1755870730.8539443,-8,-1,-67
1755870730.8909447,-4,1,-73
1755870730.927945,0,-3,-75
1755870730.9659443,0,0,-76
1755870731.0039446,0,1,-73
1755870731.0399446,0,5,-84
1755870731.0769446,3,0,-78
1755870731.1149447,4,-2,-79
1755870731.1509447,8,-1,-76
1755870731.187945,0,-4,-74
1755870731.2259445,3,-2,-69
1755870731.2649446,1,-1,-74
1755870731.3009446,1,0,-74
1755870731.338945,0,0,-69
1755870731.3759446,2,3,-70
1755870731.4139447,-2,2,-68
1755870731.4499447,-4,-6,-67
1755870731.4879446,1,0,-70
1755870731.5269446,0,0,-68
1755870731.5649445,-1,3,-72
1755870731.6009445,4,0,-80
1755870731.6379447,-2,0,-72
1755870731.6759446,-4,0,-71
1755870731.7149446,-12,-3,-80
1755870731.7509446,1,-2,-71
1755870731.7889447,2,-3,-65
1755870731.8269446,8,-4,-64
1755870731.8659446,4,0,-68
1755870731.9039447,-2,7,-71
1755870731.9399445,0,3,-79
1755870731.9769447,0,0,-77
1755870732.0149446,0,0,-67
1755870732.0519447,-1,-2,-72
1755870732.088945,4,-1,-57
1755870732.1269443,-9,0,-75
1755870732.1659446,-5,-2,-65
1755870732.2039447,2,1,-63
1755870732.2399447,-2,0,-76
1755870732.2769446,0,3,-78
1755870732.315945,0,-2,-82
1755870732.3539443,3,1,-77
1755870732.3899446,4,-5,-67
1755870732.4269447,7,-11,-80
1755870732.4659443,-4,0,-86
1755870732.5039446,6,0,-84
1755870732.5399446,-3,-2,-76
1755870732.5779445,-3,1,-70
1755870732.6159446,1,5,-86
1755870732.654945,2,0,-71
1755870732.690945,4,2,-69
1755870732.736945,0,-3,-75
1755870732.7749443,-7,-1,-71
1755870732.8109446,4,0,-64
1755870732.848945,5,-1,-83
1755870732.8859446,5,-1,-80
1755870732.9249446,3,2,-77
1755870732.960945,-1,-1,-83
1755870732.9989443,3,3,-81
1755870733.0359447,0,-3,-71
1755870733.0749447,-2,-6,-76
1755870733.1109445,0,-5,-66
1755870733.1489446,0,0,-78
1755870733.1859446,-10,-2,-72
1755870733.2249446,-1,8,-66
1755870733.2609446,0,1,-69
1755870733.2989447,-4,2,-76
1755870733.335945,-4,4,-83
1755870733.3749447,3,6,-81
1755870733.4109447,11,0,-71
1755870733.4489446,0,0,-59
1755870733.486945,7,7,-64
1755870733.5249443,4,3,-71
1755870733.5609446,3,3,-78
1755870733.598945,-1,3,-77
1755870733.6369443,-2,0,-64
1755870733.6749446,1,4,-73
1755870733.710945,0,3,-75
1755870733.7479446,-7,-1,-82
1755870733.7869446,-1,-2,-68
1755870733.8249447,-7,-5,-76
1755870733.8609445,4,-8,-67
1755870733.8979447,-1,-4,-62
1755870733.9369447,-3,3,-70
1755870733.9749446,3,0,-75
1755870734.0109446,-3,3,-69
1755870734.0479443,-3,3,-82
1755870734.0869446,5,-1,-73
1755870734.1249447,0,0,-66
1755870734.1609447,3,5,-76
1755870734.1979446,5,0,-62
1755870734.2359445,5,1,-64
1755870734.2719443,6,-5,-61
1755870734.3099446,0,-5,-73
1755870734.3479445,2,-1,-82
1755870734.3869443,-2,1,-82
1755870734.4249446,3,0,-84
1755870734.460945,0,0,-80
1755870734.4979446,5,-2,-77
1755870734.5369446,6,0,-68
1755870734.5729446,0,3,-70
1755870734.6099446,0,0,-71
1755870734.6469443,7,1,-75
1755870734.6829443,10,9,-72
1755870734.7199447,7,2,-71
1755870734.7579446,5,-4,-63
1755870734.7969446,3,-2,-80
1755870734.8329446,4,0,-64
1755870734.8709445,-3,2,-76
1755870734.9089446,4,0,-75
1755870734.9469447,5,-1,-78
1755870734.9829447,4,1,-70
1755870735.0209446,-2,-8,-56
1755870735.0589447,2,-5,-71
1755870735.0969446,-1,1,-71
1755870735.1359446,0,1,-71
1755870735.1719446,6,-3,-71
1755870735.2099447,3,0,-74
1755870735.2479446,-1,4,-74
1755870735.2869446,4,-4,-74
1755870735.3229446,-1,-2,-70
1755870735.3609445,3,1,-75
1755870735.3989446,-2,-4,-79
1755870735.437945,4,-9,-77
1755870735.4759445,2,4,-72
1755870735.5119443,1,5,-78
1755870735.5499446,0,3,-78
1755870735.5879445,-2,-1,-77
1755870735.6259446,-5,3,-76
1755870735.6619446,-5,-5,-76
1755870735.6999447,-6,-1,-79
1755870735.7379446,0,-2,-67
1755870735.7769446,-7,-4,-63
1755870735.812945,-1,1,-68
1755870735.8499446,7,2,-61
1755870735.8879447,-2,0,-72
1755870735.9259446,-11,-11,-77
1755870735.9619446,1,-4,-78
1755870735.9999447,2,4,-67
1755870736.0379446,6,2,-59
1755870736.075945,1,0,-52
1755870736.111945,0,0,-57
1755870736.1499443,3,0,-70
1755870736.187945,4,-4,-66
1755870736.2259445,-4,-3,-82
1755870736.2619443,-3,-5,-67
1755870736.2999446,2,-7,-71
1755870736.338945,0,-3,-64
1755870736.3769443,0,4,-72
1755870736.4129446,-7,0,-66
1755870736.4499447,0,0,-68
1755870736.4879446,1,-4,-76
1755870736.5269446,3,-4,-68
1755870736.562945,-1,2,-67
1755870736.5999446,7,4,-73
1755870736.6379447,0,-3,-71
1755870736.6739447,-7,3,-63
1755870736.7129445,-5,0,-82
1755870736.7509446,-2,5,-68
1755870736.7879446,-7,2,-65
1755870736.8269446,-14,-4,-69
1755870736.8629446,-3,-3,-85
1755870736.9009447,1,2,-86
1755870736.937945,5,2,-84
1755870736.973945,0,-4,-77
1755870737.0119443,5,0,-81
1755870737.0509446,0,6,-81
1755870737.088945,4,2,-74
1755870737.1269443,4,1,-60
1755870737.1629446,3,2,-66
1755870737.200945,8,0,-63
1755870737.2389443,11,-3,-78
1755870737.2769446,2,-5,-73
1755870737.312945,1,-2,-78
1755870737.3509445,-7,0,-70
1755870737.3889446,8,-1,-67
1755870737.427945,-1,-1,-70
1755870737.463945,-6,-4,-73
1755870737.5019443,-2,-6,-73
1755870737.5399446,-5,2,-75
1755870737.5789447,1,3,-79
1755870737.6169446,-7,0,-72
1755870737.6529446,6,1,-75
1755870737.6919446,1,-3,-75
1755870737.7289443,6,1,-80
1755870737.7669446,7,-4,-83
1755870737.802945,4,-7,-74
1755870737.8419447,3,-7,-61
1755870737.8789446,1,-4,-75
1755870737.917945,4,2,-73
1755870737.9539447,0,4,-65
1755870737.9909446,2,2,-62
1755870738.0289447,0,0,-65
1755870738.0649445,4,0,-62
1755870738.1019447,3,2,-75
1755870738.1399446,4,3,-86
1755870738.177945,-6,-1,-75
1755870738.213945,-2,1,-71
1755870738.2509446,2,9,-88
1755870738.2889447,3,-4,-70
1755870738.3249447,7,5,-74
1755870738.361945,0,5,-75
1755870738.3989446,-5,3,-62
1755870738.437945,-1,5,-75
1755870738.473945,0,-2,-83
1755870738.5109446,-1,0,-69
1755870738.5489447,1,0,-65
1755870738.5849447,-1,-2,-72
1755870738.6229446,-2,1,-77
1755870738.6609447,-4,4,-64
1755870738.6989446,0,4,-72
1755870738.7349446,10,5,-79
1755870738.7719443,8,3,-80
1755870738.8099446,5,0,-83
1755870738.8479445,5,2,-84
1755870738.8839445,1,2,-75
1755870738.9209447,-1,5,-82
1755870738.9599447,1,4,-63
1755870738.9979446,1,-6,-72
1755870739.0339446,0,-8,-74
1755870739.0709443,-4,4,-72
1755870739.1099446,-1,1,-75
1755870739.1479447,-7,3,-69
1755870739.1839447,1,2,-83
1755870739.2209446,1,0,-83
1755870739.2589445,-4,-4,-84
1755870739.2949443,-1,-1,-76
1755870739.3329446,2,0,-70
1755870739.3709445,-3,-1,-65
1755870739.4099443,-6,0,-62
1755870739.4479446,-3,-3,-78
1755870739.483945,0,0,-78
1755870739.5209446,2,-3,-71
1755870739.5599446,0,4,-75
1755870739.5979445,1,-2,-73
1755870739.6339445,4,2,-78
1755870739.6709447,4,0,-76
1755870739.7099447,2,1,-71
1755870739.7479446,10,0,-72
1755870739.7839446,0,-1,-74
1755870739.8209443,-7,5,-72
1755870739.8599446,4,-2,-79
1755870739.8959446,7,-7,-78
1755870739.9329443,4,3,-81
1755870739.9709446,1,-2,-74
1755870740.0089445,-3,-4,-84
1755870740.0449443,-2,-3,-82
1755870740.0829446,0,4,-84
1755870740.1209445,0,0,-83
1755870740.1589446,5,1,-80
1755870740.1949446,6,3,-77
1755870740.2319446,6,-1,-68
1755870740.269945,1,7,-78
1755870740.3089447,-1,2,-72
1755870740.3449447,-3,0,-67
1755870740.381945,0,-1,-56
1755870740.4199443,0,0,-64
1755870740.4589446,4,0,-77
1755870740.4949446,1,1,-74
1755870740.5319445,2,2,-87
1755870740.5709443,4,0,-80
1755870740.608945,-2,-6,-70
1755870740.644945,-2,-3,-80
1755870740.6829443,5,-3,-76
1755870740.7209446,3,-2,-65
1755870740.759945,1,0,-63
1755870740.7959447,0,1,-69
1755870740.8329446,4,0,-78
1755870740.8709445,2,-4,-74
1755870740.9089446,3,-2,-72
1755870740.9449446,5,0,-65
1755870740.9829447,5,0,-66
1755870741.0209446,-5,0,-73
1755870741.0589447,-7,3,-77
1755870741.0949447,-3,2,-74
1755870741.1329446,-7,7,-85
1755870741.1709447,5,0,-76
1755870741.2089446,2,0,-75
1755870741.2449446,-3,-1,-78
1755870741.282945,4,-3,-74
1755870741.3209443,5,0,-69
1755870741.358945,0,0,-62
1755870741.394945,0,0,-71
1755870741.4329443,-3,0,-71
1755870741.4709446,-4,0,-76
1755870741.5089445,4,-1,-77
1755870741.5449443,-4,9,-61
1755870741.5829446,-1,2,-76
1755870741.6209445,-2,0,-74
1755870741.6599443,-8,-7,-73
1755870741.6959443,-1,-3,-78
1755870741.733945,-7,0,-86
1755870741.7719443,1,-6,-79
1755870741.8109446,-6,-3,-80
1755870741.8469446,-2,7,-79
1755870741.8839445,-3,2,-84
1755870741.9219446,4,7,-76
1755870741.9599447,-10,0,-68
1755870741.9959445,-3,-3,-73
1755870742.0339446,4,-5,-70
1755870742.0719447,0,-7,-67
1755870742.1109445,0,-6,-65
1755870742.1469443,3,0,-67
1755870742.1839447,-2,-2,-72
1755870742.2219446,3,-6,-72
1755870742.2609446,-6,0,-66
1755870742.2969446,-1,1,-71
1755870742.3349447,-5,4,-64
1755870742.3729446,-3,0,-73
1755870742.4119446,2,-5,-75
1755870742.4499447,-4,1,-71
1755870742.4859445,0,1,-63
1755870742.5229447,0,-2,-63
1755870742.5619447,-4,0,-75
1755870742.5999446,3,-1,-73
1755870742.6359446,-2,0,-52
1755870742.6739447,3,-4,-57
1755870742.7119446,0,-4,-62
1755870742.7549446,4,1,-70
1755870742.7939446,0,6,-77
1755870742.8319447,0,1,-91
1755870742.8699446,5,0,-78
1755870742.9059446,3,4,-83
1755870742.9439447,-3,0,-87
1755870742.9819446,0,2,-78
1755870743.019945,-3,1,-68
1755870743.0559447,1,-4,-69
1755870743.0939443,3,2,-71
1755870743.131945,2,7,-72
1755870743.1699443,8,2,-69
1755870743.2059443,5,1,-70
1755870743.2439446,6,-3,-69
1755870743.2819445,-1,-2,-78
1755870743.3199446,-4,2,-72
1755870743.3559446,-7,5,-78
1755870743.3929446,-5,-1,-78
1755870743.4319446,-5,3,-69
1755870743.4679446,-5,3,-63
1755870743.5059447,-4,2,-62
1755870743.542945,1,0,-78
1755870743.5819447,2,-2,-74
1755870743.6179447,-3,-1,-72
1755870743.6559446,-5,-2,-82
1755870743.6939447,0,-5,-68
1755870743.7319446,-2,-9,-79
1755870743.7709446,2,-9,-79
1755870743.8069446,4,-2,-78
1755870743.8449447,4,-5,-76
1755870743.8829446,-7,0,-78
1755870743.9219446,1,1,-68
1755870743.9579446,4,-6,-75
1755870743.9949446,3,-6,-71
1755870744.032945,-6,5,-71
1755870744.0719447,-1,2,-83
1755870744.1079447,0,0,-83
1755870744.144945,3,-2,-80
1755870744.1829443,5,-6,-85
1755870744.2219446,0,-6,-78
1755870744.2579446,-2,5,-86
1755870744.2949443,0,-2,-75
1755870744.3329446,0,-6,-64
1755870744.371945,-3,-2,-70
1755870744.407945,3,-1,-80
1755870744.4449446,2,4,-76
1755870744.4829447,-1,-4,-74
1755870744.5209446,-5,-5,-76
1755870744.5569446,0,0,-65
1755870744.5949447,-2,1,-67
1755870744.6329446,0,1,-80
1755870744.6709447,2,-1,-72
1755870744.7069447,6,0,-67
1755870744.7449446,1,-1,-75
1755870744.782945,0,2,-74
1755870744.8209443,0,3,-69
1755870744.8569446,-3,2,-77
1755870744.894945,-1,3,-67
1755870744.9329443,-7,2,-69
1755870744.9719446,-4,-8,-60
1755870745.0079446,-9,-2,-70
1755870745.0459447,0,-6,-73
1755870745.0839446,1,-3,-76
1755870745.1229446,2,-2,-69
1755870745.1609447,-3,0,-70
1755870745.1969447,-7,3,-71
1755870745.233945,-1,2,-68
1755870745.2729447,-2,3,-74
1755870745.3089447,0,1,-67
1755870745.3469446,-3,0,-61
1755870745.3859446,0,-4,-70
1755870745.4229443,3,-5,-70
1755870745.4619446,6,-1,-79
1755870745.4979446,5,-8,-87
1755870745.5359447,8,-6,-68
1755870745.5729446,1,0,-78
1755870745.608945,1,-1,-70
1755870745.6469443,2,-3,-76
1755870745.6859446,3,2,-81
1755870745.7229445,1,-6,-67
1755870745.7619443,6,-1,-69
1755870745.7979443,1,-5,-58
1755870745.835945,-1,-2,-73
1755870745.8729446,0,1,-79
1755870745.9089446,5,0,-61
1755870745.9469447,0,1,-70
1755870745.9859445,4,-3,-68
1755870746.0239446,0,-2,-74
1755870746.0619447,0,-1,-72
1755870746.0979445,1,-2,-66
1755870746.134945,0,-5,-71
1755870746.1739447,6,-4,-70
1755870746.2119446,-1,2,-71
1755870746.2479446,-1,4,-71
1755870746.2859447,0,0,-66
1755870746.3239446,-4,0,-64
1755870746.361945,1,-4,-74
1755870746.3979447,-2,-10,-74
1755870746.4359446,-7,-5,-65
1755870746.4749446,-15,-3,-66
1755870746.5129447,-5,-6,-78
1755870746.5489447,5,2,-76
1755870746.585945,-3,-3,-67
1755870746.6239443,0,-4,-78
1755870746.6629446,4,-4,-76
1755870746.6989446,3,0,-73
1755870746.7359445,0,-3,-69
1755870746.7739446,3,-2,-84
1755870746.812945,3,-1,-83
1755870746.848945,2,-5,-81
1755870746.8859446,8,-4,-67
1755870746.9239447,1,0,-61
1755870746.9619446,-1,1,-72
1755870746.9979446,-1,1,-82
1755870747.0359447,0,1,-74
1755870747.0739446,-2,2,-73
1755870747.1099446,4,0,-79
1755870747.1479447,2,-1,-74
1755870747.1859446,-4,0,-77
1755870747.223945,-1,-2,-73
1755870747.259945,-7,0,-83
1755870747.2979443,0,1,-69
1755870747.335945,2,7,-72
1755870747.3739443,0,11,-58
1755870747.4109447,0,10,-73
1755870747.4479446,-6,-2,-77
1755870747.4859445,-8,-1,-71
1755870747.5239446,-6,-5,-75
1755870747.562945,3,-4,-81
1755870747.598945,0,-2,-83
1755870747.6369443,-2,0,-81
1755870747.6749446,0,2,-77
1755870747.713945,0,-5,-74
1755870747.7499447,-2,0,-68
1755870747.7869446,-6,5,-67
1755870747.8249447,0,5,-76
1755870747.8639443,-8,0,-79
1755870747.8999443,-1,-3,-77
1755870747.937945,0,-4,-77
1755870747.9759445,-1,0,-81
1755870748.0149446,-5,-5,-72
1755870748.052945,0,-4,-78
1755870748.088945,7,-6,-72
1755870748.1279447,-2,-3,-76
1755870748.1649446,-4,-7,-59
1755870748.2039447,-5,-1,-63
1755870748.2399447,2,-5,-75
1755870748.2779446,2,-3,-78
1755870748.3149445,2,-3,-71
1755870748.3539443,1,0,-70
1755870748.3899446,-1,-3,-71
1755870748.427945,-2,-5,-86
1755870748.4659443,-3,-3,-87
1755870748.5049446,-3,-7,-80
1755870748.542945,-6,-2,-83
1755870748.5789447,1,-2,-79
1755870748.6159446,-2,-3,-75
1755870748.654945,-6,-2,-61
1755870748.6929443,-6,-4,-82
1755870748.7289443,-14,-7,-84
1755870748.7669446,1,2,-72
1755870748.8049445,1,0,-67
1755870748.8409443,0,-4,-71
1755870748.8779447,3,-1,-66
1755870748.9159446,0,-6,-70
1755870748.9549446,2,-10,-76
1755870748.9909446,-3,-5,-82
1755870749.0289447,-1,1,-68
1755870749.0669446,3,-3,-70
1755870749.1049447,-3,0,-72
1755870749.1439445,1,2,-74
1755870749.1799445,-2,3,-81
1755870749.2169447,-4,1,-82
1755870749.2549446,2,0,-68
1755870749.2939446,-2,-4,-73
1755870749.3299446,-1,-3,-84
1755870749.3689446,-1,0,-79
1755870749.4059446,1,3,-70
1755870749.4439447,-5,-3,-82
1755870749.4799447,-1,-5,-77
1755870749.5189445,-1,-1,-67
1755870749.5559447,0,-4,-64
1755870749.5949447,-3,-5,-75
1755870749.6309447,-5,3,-84
1755870749.6689446,-7,2,-76
1755870749.7059443,2,-4,-67
1755870749.7449446,-4,1,-70
1755870749.7809446,-6,-2,-78
1755870749.8189447,0,-2,-77
1755870749.8569446,0,3,-78
1755870749.894945,-1,0,-70
1755870749.9309447,3,0,-78
1755870749.9689443,-5,3,-68
1755870750.0059447,-4,-4,-74
1755870750.0449443,-5,-13,-65
1755870750.0809443,-3,-6,-70
1755870750.1189446,3,-4,-82
1755870750.157945,-1,-2,-79
1755870750.1959443,2,5,-87
1755870750.233945,-6,-3,-82
1755870750.269945,-1,-4,-75
1755870750.3079443,1,0,-73
1755870750.3459446,-1,0,-72
1755870750.384945,0,0,-62
1755870750.4209447,-6,1,-67
1755870750.4579446,-3,0,-74
1755870750.4959445,-2,5,-65
1755870750.5349443,-2,1,-80
1755870750.5709443,-2,5,-83
1755870750.6079447,-3,5,-73
1755870750.6459446,0,4,-55
1755870750.6819446,-1,1,-67
1755870750.7189443,-2,-4,-76
1755870750.756945,3,1,-79
1755870750.7959447,0,-2,-73
1755870750.8319447,5,-1,-64
1755870750.8689446,-3,-2,-72
1755870750.9069445,0,-1,-72
1755870750.9459443,3,1,-59
1755870750.9819446,1,-1,-77
1755870751.0189445,-11,0,-65
1755870751.0569446,-3,6,-73
1755870751.0959446,-1,0,-81
1755870751.131945,-4,0,-83
1755870751.1689446,-5,-3,-76
1755870751.2069447,-2,1,-70
1755870751.2459445,-8,2,-61
1755870751.2819445,-6,0,-75
1755870751.3199446,0,5,-61
1755870751.3569446,-5,0,-65
1755870751.3959446,2,3,-68
1755870751.4319446,0,0,-73
1755870751.4689443,2,-1,-71
1755870751.506945,-8,-1,-74
1755870751.5459447,2,-3,-79
1755870751.5819447,7,-5,-70
1755870751.6189446,-7,-3,-74
1755870751.6569445,-1,-2,-79
1755870751.6959443,0,3,-82
1755870751.7319446,2,3,-89
1755870751.7689445,1,2,-73
1755870751.8069446,-1,-1,-77
1755870751.8449447,0,-1,-73
1755870751.8809447,0,0,-76
1755870751.9189446,-2,6,-84
1755870751.9569447,3,-6,-81
1755870751.9949446,0,-3,-79
1755870752.0309446,3,2,-76
1755870752.0689447,0,0,-80
1755870752.1069446,-5,-5,-78
1755870752.144945,-3,-2,-71
1755870752.1809447,-1,3,-65
1755870752.2179446,-4,2,-73
1755870752.256945,-3,5,-68
1755870752.2949443,-2,4,-70
1755870752.3309443,-5,5,-78
1755870752.3689446,-3,4,-78
1755870752.4069445,2,1,-76
1755870752.4429443,1,-2,-71
1755870752.4809446,4,-1,-66
1755870752.5189445,0,5,-63
1755870752.5569446,7,0,-68
1755870752.5929446,5,-5,-77
1755870752.6309447,2,2,-72
1755870752.6689446,2,-1,-70
1755870752.7069447,0,0,-71
1755870752.7429447,-3,5,-60
1755870752.7889447,-11,-2,-77
1755870752.8269446,0,1,-79
1755870752.8629446,-3,-3,-72
1755870752.9019446,-1,3,-72
1755870752.9389446,-2,-7,-85
1755870752.9769447,0,-7,-70
1755870753.0159447,3,-5,-74
1755870753.0519447,0,0,-77
1755870753.088945,0,0,-82
1755870753.1269443,3,-4,-79
1755870753.1629446,3,-3,-71
1755870753.1999447,3,0,-74
1755870753.2379446,-1,-4,-73
1755870753.2759447,0,0,-73
1755870753.3119447,-1,0,-70
1755870753.3499446,-5,-1,-73
1755870753.3889446,4,-1,-78
1755870753.4269447,4,-5,-79
1755870753.4629445,7,-6,-73
1755870753.5019443,-2,4,-72
1755870753.5389447,-9,5,-75
1755870753.5779445,0,-1,-78
1755870753.6159446,-1,-3,-84
1755870753.6519446,0,-3,-80
1755870753.6899445,5,0,-77
1755870753.7279446,2,4,-72
1755870753.7659447,1,8,-70
1755870753.8019447,0,6,-74
1755870753.838945,-1,-4,-79
1755870753.8779447,0,-3,-81
1755870753.9159446,-1,0,-90
1755870753.9519446,0,-1,-74
1755870753.9899447,-4,-4,-69
1755870754.0279446,2,4,-72
1755870754.065945,11,3,-64
1755870754.1019447,6,3,-76
1755870754.1389446,0,-2,-79
1755870754.177945,1,4,-77
1755870754.213945,7,2,-74
1755870754.2509446,-2,-6,-79
1755870754.2889447,-3,4,-86
1755870754.3269446,4,2,-73
1755870754.3629446,-5,-1,-75
1755870754.4009447,-1,0,-76
1755870754.4389446,-1,2,-84
1755870754.4779446,7,0,-78
1755870754.5139446,-1,2,-77
1755870754.5509446,6,2,-78
1755870754.588945,1,0,-66
1755870754.6269443,-6,-1,-72
1755870754.6629446,-2,2,-74
1755870754.6999447,4,0,-79
1755870754.7379446,-1,0,-70
1755870754.7739446,1,7,-76
1755870754.8109446,1,10,-76
1755870754.8479445,-2,3,-68
1755870754.8869443,-1,0,-76
1755870754.9229443,-2,-3,-85
1755870754.960945,0,0,-77
1755870754.9989443,0,2,-79
1755870755.0369446,-5,3,-68
1755870755.0729446,-6,-2,-66
1755870755.1109445,1,-7,-78
1755870755.1489446,-2,1,-72
1755870755.187945,-5,2,-76
1755870755.223945,-2,-2,-83
1755870755.2619443,11,-3,-77
1755870755.2999446,4,-10,-78
1755870755.338945,5,-1,-82
1755870755.3769443,1,3,-82
1755870755.4129446,2,11,-77
1755870755.4499447,1,2,-83
1755870755.4879446,6,-3,-68
1755870755.5239446,0,0,-66
1755870755.5609446,2,-3,-71
1755870755.598945,1,-2,-77
1755870755.6379447,-12,5,-71
1755870755.6739447,-7,-3,-71
1755870755.7119446,1,-1,-66
1755870755.7499447,-1,-10,-72
1755870755.7889447,-4,1,-68
1755870755.8269446,-5,4,-73
1755870755.8629446,-2,-2,-67
1755870755.9009447,-2,0,-69
1755870755.9389446,0,0,-76
1755870755.9749446,0,-3,-79
1755870756.0129447,0,4,-72
1755870756.0499446,8,-1,-82
1755870756.088945,3,0,-71
1755870756.1249447,-1,0,-70
1755870756.1629446,3,4,-83
1755870756.1999447,0,-1,-74
1755870756.2389443,3,3,-75
1755870756.2749443,0,1,-68
1755870756.312945,-5,1,-83
1755870756.3509445,-1,3,-78
1755870756.3889446,2,-2,-73
1755870756.427945,2,0,-84
1755870756.463945,1,-4,-87
1755870756.5009446,2,-10,-83
1755870756.5389447,5,0,-76
1755870756.5749447,0,8,-67
1755870756.6129446,6,5,-71
1755870756.6519446,8,3,-73
1755870756.6889446,7,-4,-82
1755870756.7279446,4,-5,-81
1755870756.7639446,3,0,-82
1755870756.8019447,3,3,-82
1755870756.8399446,6,0,-70
1755870756.8779447,4,0,-71
1755870756.9139447,-3,-5,-71
1755870756.9519446,0,-1,-88
1755870756.9899447,7,0,-63
1755870757.0279446,-2,3,-75
1755870757.0639446,6,2,-63
1755870757.1009445,0,2,-63
1755870757.1399446,-2,7,-69
1755870757.177945,-1,6,-55
1755870757.213945,0,2,-70
1755870757.2509446,-4,2,-64
1755870757.2899446,1,3,-59
1755870757.3279445,4,-9,-75
1755870757.3639443,-6,0,-64
1755870757.4009447,-2,0,-66
1755870757.4399445,8,6,-81
1755870757.4779446,6,2,-75
1755870757.5139446,6,-1,-63
1755870757.5509446,4,4,-65
1755870757.5899446,0,0,-69
1755870757.6279447,-1,0,-73
1755870757.6639447,-6,-1,-72
1755870757.7019446,6,-4,-80
1755870757.7399447,-2,2,-82
1755870757.7789447,-3,0,-75
1755870757.8149445,4,0,-74
1755870757.8519447,-1,0,-90
1755870757.8899446,0,0,-77
1755870757.9259446,4,0,-82
1755870757.9629445,4,2,-74
1755870757.9999447,0,1,-81
1755870758.0359447,2,0,-76
1755870758.0729446,0,-5,-80
1755870758.1109445,-3,-4,-73
1755870758.1499443,-4,-4,-80
1755870758.1859446,0,1,-78
1755870758.2229445,-1,-2,-84
1755870758.2609446,-7,4,-64
1755870758.2999446,3,0,-72
1755870758.335945,0,-6,-62
1755870758.3729446,-4,-8,-70
1755870758.4109447,-4,-2,-70
1755870758.4499447,-2,-2,-67
1755870758.4859445,-4,-4,-69
1755870758.5239446,-4,3,-75
1755870758.5619447,-5,0,-80
1755870758.6009445,-2,1,-86
1755870758.6389446,1,0,-81
1755870758.6749446,0,1,-74
1755870758.7129445,-3,-2,-63
1755870758.7509446,-5,-2,-70
1755870758.7899446,4,7,-63
1755870758.825945,8,4,-70
1755870758.8629446,8,4,-75
1755870758.9019446,2,3,-81
1755870758.9399445,3,-10,-79
1755870758.9759445,-2,0,-71
1755870759.0129447,-8,1,-68
1755870759.0509446,-1,-1,-73
1755870759.0899446,2,-6,-74
1755870759.1259446,0,1,-80
1755870759.1629446,-2,0,-76
1755870759.2019446,-3,-1,-79
1755870759.2399447,-3,-5,-77
1755870759.2759447,-2,-1,-79
1755870759.3139446,4,1,-76
1755870759.3519447,-5,5,-78
1755870759.3899446,-1,1,-67
1755870759.4259446,-5,-2,-62
1755870759.463945,7,-2,-65
1755870759.5019443,-1,-4,-79
1755870759.5409446,-2,-5,-78
1755870759.5769446,-4,-10,-70
1755870759.6149447,6,-4,-70
1755870759.6529446,3,-4,-67
1755870759.690945,5,-1,-77
1755870759.7299447,-3,-1,-75
1755870759.7659447,-6,1,-71
1755870759.8039446,0,7,-71
1755870759.8409443,0,0,-80
1755870759.8769443,-2,4,-79
1755870759.9139447,1,2,-69
1755870759.9519446,-2,-4,-75
1755870759.9899447,1,-1,-74
1755870760.0259447,-6,4,-67
1755870760.062945,-6,3,-81
1755870760.1019447,-8,0,-67
1755870760.1399446,-2,0,-68
1755870760.1759446,-5,2,-61
1755870760.2129445,-5,-6,-75
1755870760.2519443,2,0,-71
1755870760.2899446,1,2,-65
1755870760.325945,0,0,-66
1755870760.3629446,3,0,-71
1755870760.4009447,5,-3,-66
1755870760.4369447,1,-7,-80
1755870760.4749446,0,-5,-76
1755870760.5129447,0,1,-76
1755870760.5509446,-2,0,-78
1755870760.5869446,-3,2,-79
1755870760.6249447,5,1,-70
1755870760.6629446,3,0,-71
1755870760.700945,1,2,-75
1755870760.736945,0,1,-79
1755870760.7749443,-2,0,-70
1755870760.812945,-4,2,-64
1755870760.8519447,-3,2,-76
1755870760.8899446,-3,0,-70
1755870760.9259446,0,-6,-72
1755870760.9629445,-1,0,-82
1755870761.0019443,4,-2,-80
1755870761.0399446,4,-6,-82
1755870761.075945,2,-1,-79
1755870761.1129446,-7,-3,-80
1755870761.1519446,-7,-9,-65
1755870761.1899445,0,-2,-73
1755870761.2259445,0,0,-78
1755870761.2629447,-2,4,-67
1755870761.3019447,0,7,-59
1755870761.3379445,4,5,-73
1755870761.3749447,6,2,-75
1755870761.4129446,-3,-3,-80
1755870761.4519446,-2,-1,-77
1755870761.4879446,0,3,-75
1755870761.5249443,4,-2,-72
1755870761.562945,-3,1,-75
1755870761.6019447,-5,3,-72
1755870761.6379447,0,2,-77
1755870761.6749446,-7,5,-77
1755870761.7129445,1,6,-76
1755870761.7509446,0,0,-77
1755870761.7869446,-10,0,-82
1755870761.8249447,-4,-3,-86
1755870761.8629446,-2,2,-86
1755870761.9019446,6,-6,-77
1755870761.937945,7,1,-72
1755870761.9749446,3,-1,-71
1755870762.0129447,4,-2,-64
1755870762.0519447,2,-2,-70
1755870762.0879445,0,-2,-76
1755870762.1249447,0,-2,-64
1755870762.1629446,-1,3,-78
1755870762.2019446,1,1,-68
1755870762.2379446,6,-5,-73
1755870762.2749443,4,6,-73
1755870762.312945,3,-1,-78
1755870762.3519447,3,0,-83
1755870762.3879447,0,-1,-80
1755870762.4249446,0,2,-77
1755870762.4629445,3,4,-83
1755870762.5009446,-1,3,-78
1755870762.5369446,-2,0,-75
1755870762.5749447,-1,4,-84
1755870762.6129446,5,0,-75
1755870762.6509447,0,4,-74
1755870762.6869447,0,-1,-86
1755870762.7249446,-3,-2,-75
1755870762.7629447,0,0,-64
1755870762.8069446,-1,0,-75
1755870762.8459446,0,5,-72
1755870762.8839445,3,0,-66
1755870762.9219446,-1,0,-66
1755870762.9579446,7,0,-58
1755870762.9949446,3,-3,-71
1755870763.032945,-3,-8,-80
1755870763.0719447,0,0,-72
1755870763.1079447,3,1,-74
1755870763.144945,1,-5,-75
1755870763.1829443,3,-1,-83
1755870763.2219446,1,-3,-86
1755870763.2579446,0,2,-73
1755870763.2949443,0,-2,-80
1755870763.3329446,0,1,-77
1755870763.3729446,4,1,-74
1755870763.4089446,5,-3,-79
1755870763.4479446,0,-4,-70
1755870763.4859445,-11,-4,-77
1755870763.5229447,-1,0,-81
1755870763.5619447,-3,-6,-78
1755870763.5979445,-1,2,-71
1755870763.6359446,0,0,-73
1755870763.6729443,4,-3,-73
1755870763.7119446,1,-3,-77
1755870763.7479446,1,2,-67
1755870763.7849443,3,1,-72
1755870763.8229446,8,0,-80
1755870763.858945,2,4,-80
1755870763.8969443,1,-2,-69
1755870763.9349446,0,2,-85
1755870763.973945,-1,1,-68
1755870764.0119443,-5,1,-73
1755870764.0479443,-9,-3,-80
1755870764.085945,-4,1,-87
1755870764.1239443,4,0,-74
1755870764.1619446,-1,0,-76
1755870764.1979446,0,-3,-68
1755870764.2359445,-2,-2,-70
1755870764.2739446,-1,0,-68
1755870764.3119447,-5,-5,-65
1755870764.3479445,1,2,-70
1755870764.3859446,0,0,-62
1755870764.4239447,6,-1,-74
1755870764.4619446,4,-5,-65
1755870764.4979446,4,1,-72
1755870764.5359447,10,3,-70
1755870764.5739446,-1,0,-79
1755870764.611945,-8,-1,-77
1755870764.6479447,-3,-7,-77
1755870764.6859446,-6,-4,-79
1755870764.723945,2,-3,-84
1755870764.7629447,7,-4,-72
1755870764.7989447,3,-8,-74
1755870764.8369446,0,0,-71
1755870764.8739443,0,0,-80
1755870764.9119446,8,2,-84
1755870764.9479446,8,1,-79
1755870764.9849446,6,-10,-81
1755870765.0239446,2,-9,-79
1755870765.0599446,-1,-8,-80
1755870765.0979445,2,-5,-71
1755870765.1359446,4,0,-70
1755870765.1739447,4,0,-73
1755870765.2099447,2,-3,-66
1755870765.2479446,-3,2,-76
1755870765.2859447,-3,0,-74
1755870765.3239446,-3,-4,-65
1755870765.3629446,-1,0,-79
1755870765.3989446,-3,0,-70
1755870765.4359446,-4,0,-70
1755870765.473945,2,5,-69
1755870765.509945,0,3,-68
1755870765.5469446,0,6,-65
1755870765.5839446,-11,4,-77
1755870765.6229446,-3,3,-72
1755870765.6589446,4,0,-69
1755870765.6969447,5,4,-67
1755870765.7349446,1,1,-76
1755870765.7729447,1,-7,-73
1755870765.8089447,2,-4,-71
1755870765.8469446,1,2,-67
1755870765.884945,-2,0,-74
1755870765.9239447,0,-2,-71
1755870765.9599447,0,10,-67
1755870765.996945,3,3,-66
1755870766.0359447,4,-2,-68
1755870766.0739446,-4,0,-74
1755870766.1099446,-6,2,-78
1755870766.1479447,-2,-1,-75
1755870766.1859446,-4,-6,-81
1755870766.223945,-2,3,-76
1755870766.259945,-1,0,-73
1755870766.2969446,-5,0,-78
1755870766.335945,-5,6,-70
1755870766.3739443,-3,2,-78
1755870766.4099443,-7,-9,-73
1755870766.4479446,-6,-4,-81
1755870766.4859445,5,1,-71
1755870766.5239446,0,5,-77
1755870766.5599446,0,0,-70
1755870766.5979445,9,-5,-80
1755870766.6359446,-1,-3,-80
1755870766.6739447,7,-4,-79
1755870766.7099447,10,-6,-70
1755870766.7479446,9,-2,-76
1755870766.7849443,3,-4,-74
1755870766.8239446,6,2,-81
1755870766.8599446,0,1,-74
1755870766.8979447,8,5,-73
1755870766.9349446,4,0,-78
1755870766.9709446,-3,5,-78
1755870767.0079446,8,3,-73
1755870767.0449443,4,0,-80
1755870767.0839446,6,0,-77
1755870767.1199446,4,1,-84
1755870767.1569445,-2,0,-82
1755870767.1949446,0,-4,-75
1755870767.233945,0,-4,-81
1755870767.269945,-1,-3,-80
1755870767.3079443,0,1,-74
1755870767.3449447,0,0,-70
1755870767.3809447,1,4,-77
1755870767.4189446,1,-3,-65
1755870767.4559443,0,4,-76
1755870767.4939446,6,7,-73
1755870767.529945,0,5,-74
1755870767.5669446,-6,-2,-79
1755870767.6059446,3,-4,-72
1755870767.6439445,-6,2,-66
1755870767.6799445,-5,-1,-64
1755870767.7179446,-1,-5,-71
1755870767.7559447,7,-7,-67
1755870767.7949443,-2,-8,-67
1755870767.8309443,-2,-4,-77
1755870767.8689446,5,-7,-75
1755870767.9069445,10,0,-72
1755870767.9449446,4,3,-73
1755870767.9809446,5,4,-81
1755870768.0179446,0,-4,-75
1755870768.0559447,6,-5,-70
1755870768.0949447,-1,-13,-96
1755870768.1309447,-4,-6,-90
1755870768.1689446,0,-2,-83
1755870768.2069447,1,-1,-72
1755870768.2459445,3,-16,-70
1755870768.2839446,-1,-10,-84
1755870768.3199446,-1,2,-79
1755870768.3579447,-3,2,-71
1755870768.3959446,4,-2,-77
1755870768.4349446,4,-4,-70
1755870768.4709446,0,-4,-60
1755870768.5079446,-1,-2,-73
1755870768.5459447,3,-1,-75
1755870768.5849447,4,4,-74
1755870768.6209445,-7,1,-75
1755870768.657945,-8,0,-74
1755870768.6959443,-1,0,-72
1755870768.7349446,-8,5,-72
1755870768.7709446,-5,3,-72
1755870768.8079443,-1,1,-81
1755870768.8459446,1,1,-73
1755870768.881945,5,1,-69
1755870768.9189446,8,0,-78
1755870768.9559443,6,1,-67
1755870768.9919446,1,3,-62
1755870769.0289447,-4,2,-77
1755870769.0669446,4,2,-70
1755870769.1049447,0,-8,-72
1755870769.1409447,-1,-7,-75
1755870769.1789446,-2,-2,-75
1755870769.2169447,2,-3,-67
1755870769.2559447,-4,0,-76
1755870769.2919445,-2,2,-76
1755870769.3289447,5,1,-77
1755870769.3669446,3,-2,-73
1755870769.4059446,-6,0,-73
1755870769.4419446,0,2,-75
1755870769.4789443,7,-4,-79
1755870769.5169446,9,-1,-83
1755870769.5559447,4,-1,-73
1755870769.5919447,0,0,-81
1755870769.6289446,-2,-4,-74
1755870769.6669445,0,0,-67
1755870769.7059443,0,1,-65
1755870769.7419446,-5,0,-59
1755870769.7789447,-4,0,-64
1755870769.8169446,6,1,-74
1755870769.8559446,5,0,-82
1755870769.8919446,-4,-5,-79
1755870769.9309447,2,-5,-75
1755870769.9679446,0,-8,-82
1755870770.006945,0,1,-72
1755870770.0449443,1,10,-72
1755870770.0809443,6,9,-73
1755870770.1179447,1,8,-68
1755870770.1559446,4,-1,-69
1755870770.1919446,6,3,-66
1755870770.2289443,13,-1,-73
1755870770.2679446,5,-2,-79
1755870770.3059447,-1,-2,-83
1755870770.3419447,-1,-1,-76
1755870770.3799446,-1,-2,-73
1755870770.417945,-4,4,-69
1755870770.4569447,5,-2,-77
1755870770.4929447,-1,0,-77
1755870770.529945,-5,0,-77
1755870770.5679443,6,-7,-78
1755870770.6069446,1,-9,-76
1755870770.6429446,0,-4,-79
1755870770.6809447,-1,2,-70
1755870770.7189443,0,7,-66
1755870770.756945,0,-1,-65
1755870770.7959447,0,5,-60
1755870770.8319447,0,1,-74
1755870770.8709445,0,-2,-68
1755870770.907945,3,0,-79
1755870770.9459443,-3,1,-68
1755870770.9819446,5,-5,-85
1755870771.019945,2,-4,-74
1755870771.0579443,-2,3,-74
1755870771.0969446,-6,-2,-78
1755870771.1329446,0,1,-68
1755870771.1699443,0,4,-79
1755870771.2079446,-4,-1,-72
1755870771.246945,-3,-3,-77
1755870771.282945,2,0,-80
1755870771.3209443,3,-3,-74
1755870771.3579447,-4,0,-76
1755870771.3969443,3,2,-69
1755870771.4329443,-2,-2,-63
1755870771.4709446,2,-1,-70
1755870771.509945,0,0,-79
1755870771.5479443,-4,4,-79
1755870771.585945,1,3,-74
1755870771.621945,-1,0,-67
1755870771.6589446,-6,0,-75
1755870771.6979446,-5,6,-73
1755870771.7359445,-8,-8,-77
1755870771.7719443,-5,-8,-81
1755870771.8099446,-2,-4,-70
1755870771.8479445,8,3,-76
1755870771.8869443,7,-1,-79
1755870771.9229443,4,-2,-81
1755870771.9599447,-1,0,-66
1755870771.9979446,-1,0,-72
1755870772.0369446,-12,0,-71
1755870772.0729446,0,2,-72
1755870772.1099446,1,-2,-77
1755870772.1479447,10,-4,-78
1755870772.1869447,4,-2,-77
1755870772.2229445,0,-3,-77
1755870772.259945,5,-1,-80
1755870772.2979443,3,-5,-82
1755870772.3369446,5,-4,-87
1755870772.3729446,-1,-10,-68
1755870772.4109447,1,-3,-68
1755870772.4489446,3,2,-69
1755870772.486945,-8,1,-80
1755870772.5229447,2,1,-80
1755870772.5609446,0,-1,-69
1755870772.598945,-2,1,-88
1755870772.6379447,0,0,-78
1755870772.6739447,1,-6,-73
1755870772.710945,2,-6,-80
1755870772.7489443,6,-1,-72
1755870772.7879446,5,0,-69
1755870772.8319447,-4,-6,-76
1755870772.8709445,-5,-3,-87
1755870772.9089446,-2,-3,-85
1755870772.9469447,-2,2,-89
1755870772.9829447,2,7,-78
1755870773.019945,-2,5,-74
1755870773.0589447,-3,-3,-70
1755870773.0969446,4,3,-59
1755870773.1329446,3,-1,-72
1755870773.1699443,5,-2,-69
1755870773.2089446,-4,-4,-82
1755870773.246945,0,2,-75
1755870773.282945,17,2,-78
1755870773.3199446,9,-1,-75
1755870773.358945,3,3,-81
1755870773.3969443,4,-2,-84
1755870773.4329443,1,-2,-86
1755870773.4699447,0,-3,-74
1755870773.5089445,-2,-7,-69
1755870773.5469446,4,-2,-70
1755870773.5829446,0,2,-78
1755870773.6199446,-1,3,-67
1755870773.6589446,0,5,-76
1755870773.6969447,0,0,-72
1755870773.7329447,3,1,-76
1755870773.769945,1,10,-79
1755870773.8079443,-5,2,-72
1755870773.8439443,-3,0,-61
1755870773.881945,-11,0,-61
1755870773.9199443,-2,-3,-77
1755870773.9589446,0,-1,-73
1755870773.9949446,8,-1,-74
1755870774.032945,7,0,-75
1755870774.0699446,7,6,-79
1755870774.1079447,3,5,-75
1755870774.1439445,-1,3,-67
1755870774.1809447,-1,4,-70
1755870774.2189443,0,3,-59
1755870774.2579446,2,-4,-67
1755870774.2939446,-3,1,-70
1755870774.3309443,-1,3,-73
1755870774.3689446,-1,-1,-71
1755870774.407945,6,-6,-63
1755870774.4439447,5,-3,-73
1755870774.4809446,0,-1,-67
1755870774.5189445,0,-1,-71
1755870774.5579443,1,-4,-83
1755870774.5939443,-2,0,-83
1755870774.6309447,1,4,-75
1755870774.6689446,-5,-7,-78
1755870774.7079446,-13,-1,-72
1755870774.7439446,-7,3,-72
1755870774.782945,-4,3,-75
1755870774.8199446,-7,2,-80
1755870774.858945,-2,4,-78
1755870774.894945,0,0,-66
1755870774.9329443,-2,0,-66
1755870774.9699447,-3,0,-69
1755870775.0089445,0,-3,-74
1755870775.0449443,0,-4,-74
1755870775.0819447,6,-6,-84
1755870775.1199446,10,-4,-86
1755870775.1589446,4,0,-71
1755870775.1949446,4,4,-63
1755870775.2319446,0,-1,-68
1755870775.269945,1,-3,-72
1755870775.3089447,6,1,-80
1755870775.3449447,-1,3,-75
1755870775.381945,-1,0,-82
1755870775.4199443,0,-2,-82
1755870775.4589446,-1,-4,-75
1755870775.4949446,1,1,-70
1755870775.5319445,-1,1,-77
1755870775.5699446,6,0,-84
1755870775.6079447,3,2,-82
1755870775.6439445,3,-6,-87
1755870775.6809447,-3,-3,-84
1755870775.7199447,-3,1,-74
1755870775.7559447,-3,5,-78
1755870775.7939446,-8,3,-71
1755870775.8319447,-5,-1,-67
1755870775.8699446,2,0,-70
1755870775.9089446,4,0,-75
1755870775.9449446,7,0,-76
1755870775.9819446,2,2,-84
1755870776.019945,5,5,-89
1755870776.0559447,1,4,-71
1755870776.0929446,3,4,-63
1755870776.1299446,9,1,-70
1755870776.1659446,7,-4,-74
1755870776.2039447,5,-4,-71
1755870776.2419446,1,-1,-63
1755870776.279945,-2,-1,-71
1755870776.3189447,-3,-1,-74
1755870776.3549447,0,0,-77
1755870776.3929446,3,-6,-90
1755870776.4319446,0,0,-64
1755870776.4699447,6,0,-67
1755870776.5059447,0,-1,-70
1755870776.542945,0,-5,-71
1755870776.5819447,-2,-3,-72
1755870776.6209445,1,-1,-71
1755870776.6589446,4,-8,-75
1755870776.6949446,0,-7,-75
1755870776.7319446,3,1,-71
1755870776.769945,9,2,-73
1755870776.8059447,2,-2,-78
1755870776.8439443,9,-3,-70
1755870776.881945,3,-9,-75
1755870776.9199443,2,-1,-75
1755870776.9559443,3,-3,-68
1755870776.9939446,-4,2,-71
1755870777.0319445,7,0,-77
1755870777.0709443,0,-6,-68
1755870777.108945,-1,-1,-75
1755870777.144945,0,-3,-76
1755870777.1819446,-4,-2,-60
1755870777.2209446,-7,7,-69
1755870777.2589445,-6,0,-73
1755870777.2949443,-2,3,-67
1755870777.3319447,0,-3,-77
1755870777.3709445,3,2,-81
1755870777.4089446,0,1,-74
1755870777.4449446,-3,7,-72
1755870777.4829447,1,3,-67
1755870777.5209446,0,-1,-79
1755870777.5569446,3,-4,-72
1755870777.5939443,-1,-11,-78
1755870777.631945,-4,-5,-87
1755870777.6709447,-1,0,-67
1755870777.7069447,-2,3,-68
1755870777.7439446,0,4,-75
1755870777.7809446,-1,6,-74
1755870777.8199446,-5,3,-72
1755870777.8559446,0,-2,-71
1755870777.8939445,-1,-2,-71
1755870777.9319446,5,0,-64
1755870777.9699447,1,-6,-71
1755870778.0059447,-2,-3,-71
1755870778.0439446,-4,-2,-70
1755870778.0819447,0,-3,-74
1755870778.1209445,-1,-2,-73
1755870778.1569445,-2,-1,-79
1755870778.1949446,-1,-5,-75
1755870778.2329447,3,-3,-75
1755870778.2719443,-6,0,-68
1755870778.3099446,-1,0,-71
1755870778.3459446,-5,3,-71
1755870778.3829446,0,-2,-73
1755870778.4219446,-7,0,-63
1755870778.4599447,-4,-2,-74
1755870778.4959445,5,-6,-81
1755870778.532945,0,-5,-59
1755870778.5719447,0,4,-71
1755870778.6099446,5,-3,-80
1755870778.6459446,6,-5,-79
1755870778.6829443,3,1,-77
1755870778.7219446,0,-1,-76
1755870778.759945,10,-8,-79
1755870778.7959447,9,-5,-80
1755870778.8329446,-2,1,-81
1755870778.871945,0,0,-79
1755870778.9099443,0,-4,-73
1755870778.9459443,1,7,-80
1755870778.9829447,6,0,-69
1755870779.0209446,11,2,-73
1755870779.0569446,-1,0,-66
1755870779.0939443,0,-1,-65
1755870779.131945,-5,0,-74
1755870779.1709447,-10,3,-74
1755870779.2069447,-2,-2,-65
1755870779.2449446,-4,-2,-55
1755870779.282945,8,3,-79
1755870779.3219447,7,0,-82
1755870779.3579447,2,5,-84
1755870779.3959446,2,0,-74
1755870779.4339447,0,5,-67
1755870779.4719446,-1,0,-73
1755870779.5079446,-4,6,-68
1755870779.5469446,-5,-2,-64
1755870779.5839446,-1,-2,-77
1755870779.621945,-2,-3,-78
1755870779.6609447,-3,-1,-66
1755870779.6969447,3,-6,-70
1755870779.733945,-2,-5,-66
1755870779.7719443,-3,-1,-65
1755870779.8109446,-3,0,-71
1755870779.8469446,0,2,-64
1755870779.8839445,3,-1,-79
1755870779.9219446,-2,8,-73
1755870779.960945,2,2,-72
1755870779.996945,-2,1,-64
1755870780.0339446,-2,-5,-78
1755870780.0729446,-2,-5,-74
1755870780.1109445,-4,-1,-74
1755870780.1469443,-3,5,-73
1755870780.1839447,0,6,-69
1755870780.2219446,0,-2,-72
1755870780.2579446,-3,-4,-84
1755870780.2969446,-4,3,-89
1755870780.3339446,-2,8,-76
1755870780.3729446,-4,-1,-80
1755870780.4109447,-3,-10,-84
1755870780.4469447,-3,-5,-70
1755870780.4849446,0,-4,-77
1755870780.5229447,4,-5,-67
1755870780.5619447,3,-1,-69
1755870780.5979445,0,3,-75
1755870780.634945,-3,-5,-66
1755870780.6729443,1,2,-67
1755870780.7119446,8,5,-67
1755870780.7479446,7,0,-70
1755870780.7849443,-5,-6,-72
1755870780.8229446,5,-6,-65
1755870780.861945,0,-7,-68
1755870780.8979447,0,-4,-68
1755870780.9359446,-3,-10,-73
1755870780.973945,-5,-6,-67
1755870781.0129447,2,2,-83
1755870781.0489447,-2,-1,-79
1755870781.0869446,-2,-2,-72
1755870781.1249447,2,0,-74
1755870781.1629446,-1,-3,-70
1755870781.2019446,8,-6,-73
1755870781.2379446,7,-5,-56
1755870781.2759447,-2,-1,-72
1755870781.3139446,0,-4,-69
1755870781.3529446,1,3,-72
1755870781.3889446,-1,-1,-78
1755870781.427945,-3,0,-73
1755870781.4649446,-3,3,-71
1755870781.5029447,-6,-5,-58
1755870781.5419445,-6,-1,-64
1755870781.5779445,-1,-6,-71
1755870781.6159446,1,4,-70
1755870781.6539447,0,6,-69
1755870781.6929443,-1,0,-84
1755870781.7289443,-4,1,-78
1755870781.7669446,-2,-5,-71
1755870781.8049445,0,-2,-80
1755870781.8439443,-4,0,-81
1755870781.881945,1,-2,-76
1755870781.917945,3,-5,-85
1755870781.9549446,-3,-3,-83
1755870781.9939446,2,-3,-82
1755870782.0319445,-3,-2,-81
1755870782.0679443,-6,-6,-78
1755870782.1059446,-6,0,-77
1755870782.1439445,-2,1,-72
1755870782.1829443,-3,3,-73
1755870782.2189443,-2,3,-77
1755870782.256945,-3,1,-76
1755870782.2959447,-6,-1,-83
1755870782.3339446,-7,-7,-68
1755870782.371945,-1,-7,-62
1755870782.407945,7,0,-72
1755870782.4449446,2,7,-83
1755870782.483945,-3,2,-77
1755870782.5219443,3,2,-65
1755870782.5579443,3,-1,-73
1755870782.5959446,-6,0,-71
1755870782.6339445,-6,0,-79
1755870782.6719446,-9,0,-74
1755870782.7079446,-1,4,-84
1755870782.7459445,2,-4,-84
1755870782.7839446,1,-3,-81
1755870782.8199446,0,-9,-80
1755870782.8709445,-4,4,-73
1755870782.9069445,0,4,-68
1755870782.9439447,4,0,-80
1755870782.9829447,5,0,-73
1755870783.0189445,7,2,-66
1755870783.0559447,8,3,-76
1755870783.0939443,-5,-1,-67
1755870783.1299446,-1,-1,-73
1755870783.167945,6,0,-75
1755870783.2059443,4,-4,-69
1755870783.2439446,1,-3,-74
1755870783.282945,0,-5,-71
1755870783.3189447,2,-4,-65
1755870783.3559446,7,-2,-73
1755870783.3939445,-3,1,-70
1755870783.4329443,-2,0,-85
1755870783.4689443,0,-6,-90
1755870783.5059447,3,0,-73
1755870783.5439446,-2,2,-63
1755870783.5799446,4,8,-66
1755870783.6179447,0,1,-70
1755870783.6559446,-1,2,-73
1755870783.6949446,-3,1,-74
1755870783.7329447,-2,-5,-78
1755870783.7689445,0,-1,-68
1755870783.8059447,-2,-7,-71
1755870783.8449447,1,-9,-75
1755870783.8829446,11,-9,-80
1755870783.9189446,-1,0,-80
1755870783.9569447,-12,0,-71
1755870783.9949446,-7,-2,-75
1755870784.0339446,-5,2,-72
1755870784.0709443,-6,2,-77
1755870784.1079447,-1,-1,-72
1755870784.1459446,0,3,-76
1755870784.1839447,4,2,-79
1755870784.2199447,3,1,-73
1755870784.2579446,2,0,-66
1755870784.2949443,0,2,-72
1755870784.3329446,-1,0,-72
1755870784.3689446,0,5,-67
1755870784.4059446,9,0,-67
1755870784.4439447,0,-2,-66
1755870784.4809446,-7,-7,-71
1755870784.5179446,-4,-7,-77
1755870784.5559447,-1,-2,-77
1755870784.5949447,-2,1,-64
1755870784.6329446,0,1,-67
1755870784.6689446,0,1,-74
1755870784.7059443,-5,0,-70
1755870784.7449446,-2,0,-66
1755870784.7809446,-2,-1,-67
1755870784.8189447,0,-4,-71
1755870784.8569446,-4,-5,-69
1755870784.894945,0,-4,-76
1755870784.9339447,-1,0,-74
1755870784.9699447,-2,-3,-72
1755870785.0079446,7,-2,-75
1755870785.0459447,0,2,-81
1755870785.0839446,-3,0,-81
1755870785.1199446,-8,-1,-74
1755870785.157945,-4,1,-74
1755870785.1959443,0,-6,-71
1755870785.2349446,1,-4,-76
1755870785.2709446,-1,-3,-79
1755870785.3089447,-3,-4,-72
1755870785.3469446,-9,0,-69
1755870785.3859446,-8,0,-78
1755870785.4239447,-1,4,-72
1755870785.4599447,-6,-3,-87
1755870785.4979446,-1,-6,-79
1755870785.5369446,0,-1,-100
1755870785.5749447,-3,-4,-81
1755870785.6109445,-1,-10,-80
1755870785.6489446,6,0,-71
1755870785.6869447,4,-2,-74
1755870785.7249446,-2,-5,-70
1755870785.7609446,-3,2,-62
1755870785.7979443,-1,-1,-59
1755870785.8369446,-1,-3,-72
1755870785.8749447,-1,0,-67
1755870785.9109447,-2,-4,-66
1755870785.9489446,2,0,-72
1755870785.986945,9,3,-67
1755870786.0249443,-1,1,-79
1755870786.0609446,-3,2,-73
1755870786.098945,-10,-1,-71
1755870786.1369443,-1,-1,-73
1755870786.1759446,2,-6,-82
1755870786.213945,5,-6,-80
1755870786.2499447,4,0,-77
1755870786.2869446,2,-1,-70
1755870786.325945,0,6,-73
1755870786.3639443,0,1,-76
1755870786.3999443,4,-3,-67
1755870786.4369447,0,-2,-75
1755870786.4759445,-2,6,-65
1755870786.5119443,-5,4,-75
1755870786.5499446,3,-2,-75
1755870786.5879445,0,0,-62
1755870786.6259446,1,-6,-83
1755870786.6649446,2,-4,-76
1755870786.700945,0,-1,-83
1755870786.7379446,0,-2,-72
1755870786.7759447,4,-4,-80
1755870786.8149445,-1,-3,-73
1755870786.8509445,-3,1,-74
1755870786.8879447,-6,-1,-72
1755870786.9259446,-5,-5,-76
1755870786.9649446,-1,0,-72
1755870787.0009446,-12,-6,-74
1755870787.0399446,1,-2,-70
1755870787.0769446,1,-1,-72
1755870787.1159446,-10,-1,-77
1755870787.1529446,1,0,-73
1755870787.1899445,1,-3,-70
1755870787.2279446,-3,-10,-72
1755870787.2669446,-1,-1,-73
1755870787.3049445,-3,-3,-80
1755870787.3409443,3,0,-84
1755870787.3779447,7,-2,-71
1755870787.4169445,5,-3,-81
1755870787.4549446,-4,3,-79
1755870787.4909446,-4,-3,-66
1755870787.5289447,5,-2,-68
1755870787.5669446,5,-1,-77
1755870787.6059446,1,0,-72
1755870787.6419446,-3,3,-83
1755870787.6799445,1,-5,-70
1755870787.7179446,4,-4,-68
1755870787.756945,9,-1,-80
1755870787.7949443,7,-4,-79
1755870787.8309443,5,0,-76
1755870787.8689446,9,-8,-87
1755870787.9069445,7,0,-78
1755870787.9449446,-4,-5,-81
1755870787.9809446,5,-2,-69
1755870788.0189445,-6,1,-80
1755870788.0569446,-2,10,-72
1755870788.0949447,-1,7,-64
1755870788.1309447,-2,-1,-63
1755870788.1689446,-4,11,-71
1755870788.2069447,-1,-4,-78
1755870788.2459445,-1,4,-92
1755870788.2819445,-1,3,-79
1755870788.3189447,-5,-7,-77
1755870788.3569446,0,0,-74
1755870788.3959446,0,4,-84
1755870788.4319446,-1,0,-82
1755870788.4689443,-3,-6,-76
1755870788.506945,1,-1,-80
1755870788.5459447,2,-3,-76
1755870788.5819447,1,-3,-67
1755870788.6189446,4,-4,-71
1755870788.6569445,5,-2,-65
1755870788.6959443,0,5,-77
1755870788.7319446,2,8,-82
1755870788.7689445,0,2,-77
1755870788.8069446,-5,1,-67
1755870788.8459446,0,-2,-75
1755870788.881945,4,-6,-69
1755870788.9189446,6,0,-67
1755870788.9569447,4,-4,-74
1755870788.9929447,6,-2,-90
1755870789.029945,0,-2,-87
1755870789.0679443,0,-3,-81
1755870789.1069446,3,-4,-76
1755870789.1429446,0,-5,-76
1755870789.1799445,0,0,-72
1755870789.2179446,5,0,-66
1755870789.2559447,0,2,-69
1755870789.292945,8,0,-73
1755870789.3299446,-8,3,-78
1755870789.3679447,-2,-3,-74
1755870789.4069445,-8,1,-67
1755870789.4429443,0,2,-70
1755870789.4809446,-1,-4,-68
1755870789.5179446,6,-6,-76
1755870789.5569446,0,-7,-79
1755870789.5929446,-4,-5,-69
1755870789.6309447,0,2,-66
1755870789.667945,0,1,-64
1755870789.7059443,-4,-2,-64
1755870789.7419446,-3,-6,-63
1755870789.779945,-4,-1,-67
1755870789.8179443,-1,-3,-70
1755870789.8569446,0,1,-67
1755870789.8929446,8,0,-69
1755870789.9299445,-6,0,-73
1755870789.9679446,8,-12,-67
1755870790.006945,6,-5,-67
1755870790.042945,-3,0,-73
1755870790.0799446,4,3,-70
1755870790.1179447,0,9,-70
1755870790.1539447,4,7,-69
1755870790.190945,4,8,-71
1755870790.2279446,-3,0,-71
1755870790.2669446,0,4,-69
1755870790.302945,0,0,-88
1755870790.3409443,3,7,-85
1755870790.3779447,4,4,-74
1755870790.4139447,0,1,-78
1755870790.450945,-2,-1,-83
1755870790.4889443,-3,-3,-71
1755870790.5279446,-2,2,-69
1755870790.5639446,0,0,-67
1755870790.6009445,6,2,-70
1755870790.6379447,1,-1,-71
1755870790.6769447,6,-5,-72
1755870790.7129445,3,-5,-71
1755870790.7509446,3,-2,-77
1755870790.7889447,15,3,-75
1755870790.8269446,-1,7,-62
1755870790.8629446,0,10,-61
1755870790.8999443,2,4,-75
1755870790.9389446,1,7,-74
1755870790.9769447,-4,3,-71
1755870791.0129447,-3,1,-70
1755870791.0509446,-4,-4,-69
1755870791.088945,-2,-5,-67
1755870791.1269443,3,0,-79
1755870791.1629446,-5,-11,-70
1755870791.200945,-3,1,-68
1755870791.2389443,0,2,-70
1755870791.2769446,4,0,-78
1755870791.312945,0,-7,-76
1755870791.3509445,-6,0,-77
1755870791.3889446,-1,4,-73
1755870791.4269447,6,7,-92
1755870791.4629445,1,3,-84
1755870791.5009446,0,0,-72
1755870791.5389447,5,-4,-73
1755870791.5769446,3,3,-70
1755870791.6129446,-1,-2,-69
1755870791.6509447,-1,5,-73
1755870791.6889446,-4,1,-78
1755870791.7279446,-3,1,-88
1755870791.7639446,2,1,-75
1755870791.8009446,0,3,-74
1755870791.838945,3,3,-70
1755870791.8749447,0,7,-66
1755870791.9119446,0,7,-66
1755870791.9499447,0,2,-66
1755870791.9889443,2,0,-79
1755870792.0249443,2,-1,-66
1755870792.0619447,3,-4,-83
1755870792.0999446,1,-2,-77
1755870792.1389446,5,0,-81
1755870792.1749446,0,7,-92
1755870792.2119446,-1,5,-77
1755870792.2499447,4,-3,-75
1755870792.2889447,4,-6,-78
1755870792.3249447,6,-8,-73
1755870792.361945,0,-3,-74
1755870792.3999443,0,9,-85
1755870792.437945,1,-3,-79
1755870792.473945,-2,-4,-69
1755870792.5119443,-11,2,-82
1755870792.5499446,-11,-3,-81
1755870792.5879445,-6,2,-74
1755870792.6239443,-5,-5,-81
1755870792.6619446,1,-4,-79
1755870792.6999447,-2,0,-79
1755870792.7389443,-3,-1,-68
1755870792.7749443,1,5,-73
1755870792.8119447,-1,3,-73
1755870792.8499446,-3,4,-73
1755870792.8939445,0,0,-73
1755870792.9319446,1,-3,-74
1755870792.9699447,-1,0,-80
1755870793.0089445,-2,0,-78
1755870793.0449443,-6,-4,-73
1755870793.0829446,2,1,-86
1755870793.1209445,-8,0,-75
1755870793.1599443,0,1,-75
1755870793.1979446,5,-2,-80
1755870793.233945,3,-1,-74
1755870793.2709446,-5,-1,-70
1755870793.3099446,0,-1,-66
1755870793.3479445,-3,-6,-74
1755870793.3839445,0,5,-63
1755870793.4209447,2,0,-75
1755870793.4599447,6,0,-70
1755870793.4979446,9,1,-70
1755870793.5349443,5,-1,-72
1755870793.5729446,2,1,-74
1755870793.6099446,10,-2,-77
1755870793.6489446,8,1,-75
1755870793.6859446,1,0,-80
1755870793.7229445,0,0,-70
1755870793.7609446,5,3,-78
1755870793.7989447,6,4,-77
1755870793.835945,9,0,-78
1755870793.8729446,6,-2,-82
1755870793.9109447,4,-3,-72
1755870793.9499447,5,3,-75
1755870793.9859445,2,9,-70
1755870794.0229447,-1,1,-84
1755870794.0619447,-4,-9,-70
1755870794.0999446,-6,-7,-71
1755870794.1359446,-1,-2,-74
1755870794.1739447,1,2,-74
1755870794.210945,0,-1,-74
1755870794.2499447,-4,0,-87
1755870794.2859447,-2,0,-73
1755870794.3239446,-5,-1,-82
1755870794.3609445,5,4,-79
1755870794.3989446,6,4,-87
1755870794.4349446,-1,0,-76
1755870794.473945,-2,0,-64
1755870794.5109446,2,3,-68
1755870794.5489447,2,5,-66
1755870794.5849447,0,1,-67
1755870794.6229446,-4,4,-78
1755870794.6609447,-1,0,-73
1755870794.6999447,2,-8,-71
1755870794.7359445,5,-9,-69
1755870794.7739446,7,-10,-71
1755870794.8109446,0,0,-72
1755870794.8499446,0,-3,-65
1755870794.8859446,0,-2,-77
1755870794.9239447,-2,1,-72
1755870794.960945,0,0,-72
1755870794.9989443,1,5,-77
1755870795.0349443,5,4,-94
1755870795.0719447,5,3,-87
1755870795.1109445,3,0,-82
1755870795.1489446,5,-2,-85
1755870795.1849446,7,-8,-82
1755870795.2219446,7,-5,-79
1755870795.2609446,-7,2,-75
1755870795.2989447,1,7,-65
1755870795.3349447,2,8,-69
1755870795.371945,3,-7,-79
1755870795.4109447,4,-7,-74
1755870795.4469447,-2,0,-72
1755870795.4849446,0,1,-72
1755870795.5219443,0,-4,-72
1755870795.5609446,-2,0,-72
1755870795.5969446,6,0,-59
1755870795.6339445,1,0,-73
1755870795.6719446,0,1,-69
1755870795.7099447,0,-1,-75
1755870795.7459445,-5,1,-79
1755870795.782945,-4,4,-74
1755870795.8209443,5,5,-62
1755870795.8599446,8,0,-65
1755870795.8959446,0,0,-69
1755870795.9329443,-1,1,-77
1755870795.9709446,-2,1,-77
1755870796.009945,-3,0,-87
1755870796.0459447,-5,1,-90
1755870796.0829446,-2,-4,-80
1755870796.1209445,-9,3,-73
1755870796.1599443,3,2,-69
1755870796.1959443,-2,4,-79
1755870796.2329447,0,-5,-84
1755870796.2719443,10,-1,-66
1755870796.3099446,3,-5,-72
1755870796.3459446,7,-2,-74
1755870796.3839445,5,0,-61
1755870796.4219446,2,2,-55
1755870796.4599447,1,-3,-69
1755870796.4959445,-5,2,-71
1755870796.5339446,0,-4,-78
1755870796.5719447,1,-1,-87
1755870796.6109445,0,-2,-57
1755870796.6469443,0,-2,-68
1755870796.6849446,-1,-3,-83
1755870796.7229445,0,1,-77
1755870796.7609446,1,-3,-81
1755870796.7969446,4,-3,-75
1755870796.8339446,-6,2,-65
1755870796.871945,-2,4,-71
1755870796.9109447,3,-1,-73
1755870796.9469447,-1,0,-78
1755870796.983945,-6,-2,-74
1755870797.0229447,-3,6,-65
1755870797.0609446,1,3,-73
1755870797.0969446,0,1,-72
1755870797.1339445,2,-2,-65
1755870797.1719446,-5,-2,-79
1755870797.210945,-7,-3,-84
1755870797.246945,-2,1,-83
1755870797.2839446,-3,1,-84
1755870797.3219447,1,-6,-78
1755870797.3609445,8,0,-76
1755870797.3969443,2,1,-77
1755870797.4339447,3,2,-81
1755870797.4719446,1,-6,-68
1755870797.5079446,1,-2,-60
1755870797.5459447,3,0,-70
1755870797.5839446,0,-3,-68
1755870797.6229446,-1,2,-85
1755870797.6609447,-1,-1,-75
1755870797.6969447,-5,3,-80
1755870797.733945,-2,2,-87
1755870797.7729447,1,-9,-86
1755870797.8109446,4,-5,-82
1755870797.8469446,3,1,-73
1755870797.8839445,0,-3,-73
1755870797.9229443,4,1,-67
1755870797.960945,0,1,-67
1755870797.996945,1,1,-76
1755870798.0339446,5,2,-69
1755870798.0719447,2,1,-73
1755870798.1079447,-1,1,-81
1755870798.1459446,-1,2,-68
1755870798.1839447,0,-6,-70
1755870798.2229445,6,-1,-75
1755870798.2609446,3,-1,-67
1755870798.2969446,3,-3,-72
1755870798.3349447,0,-4,-66
1755870798.3729446,0,-8,-76
1755870798.4109447,2,-9,-67
1755870798.4469447,5,-2,-71
1755870798.4849446,-4,-3,-66
1755870798.5229447,0,1,-74
1755870798.5609446,-3,4,-75
1755870798.5979445,-3,4,-78
1755870798.634945,-3,5,-81
1755870798.6729443,-6,0,-85
1755870798.7119446,-7,4,-76
1755870798.7479446,-3,8,-74
1755870798.7859447,0,0,-73
1755870798.8229446,-3,2,-65
1755870798.861945,-2,0,-73
1755870798.8979447,0,-4,-80
1755870798.9349446,3,-3,-77
1755870798.9729445,5,-2,-69
1755870799.0119443,-7,-5,-69
1755870799.0479443,0,-8,-64
1755870799.0849447,1,0,-67
1755870799.1229446,0,0,-65
1755870799.1589446,4,6,-76
1755870799.1959443,1,-1,-71
1755870799.2349446,-1,0,-77
1755870799.2729447,0,1,-71
1755870799.3089447,1,2,-76
1755870799.3459446,4,1,-68
1755870799.3839445,1,-1,-81
1755870799.4229443,-3,-6,-78
1755870799.4589446,5,-9,-71
1755870799.4959445,-2,5,-67
1755870799.5339446,5,1,-66
1755870799.5729446,1,-3,-82
1755870799.608945,-1,1,-72
1755870799.6459446,-2,2,-78
1755870799.6839447,-5,0,-64
1755870799.7229445,-3,-1,-71
1755870799.7589445,-1,2,-73
1755870799.7959447,-2,4,-78
1755870799.8349447,-4,1,-74
1755870799.8729446,0,0,-70
1755870799.9089446,-2,2,-62
1755870799.9459443,-3,0,-69
1755870799.9849446,0,0,-72
1755870800.0229447,3,-6,-75
1755870800.0589447,-4,-4,-76
1755870800.0969446,-6,0,-86
1755870800.134945,1,2,-79
1755870800.1739447,-4,3,-82
1755870800.2119446,5,0,-61
1755870800.2479446,8,1,-71
1755870800.2849443,-2,2,-63
1755870800.3239446,1,8,-74
1755870800.361945,2,3,-65
1755870800.3979447,-1,0,-69
1755870800.4349446,0,-3,-71
1755870800.473945,5,4,-74
1755870800.5119443,-2,3,-65
1755870800.5479443,-3,0,-68
1755870800.5849447,-1,-2,-78
1755870800.6239443,1,-5,-72
1755870800.6619446,4,-2,-68
1755870800.6979446,-3,-1,-70
1755870800.7359445,3,3,-72
1755870800.7739446,2,-1,-63
1755870800.812945,2,0,-69
1755870800.848945,-2,-9,-71
1755870800.8869443,0,-4,-74
1755870800.9249446,1,-5,-78
1755870800.963945,2,-4,-78
1755870800.9999447,3,-3,-81
1755870801.0369446,5,2,-77
1755870801.0749447,4,-3,-75
1755870801.1129446,2,-1,-72
1755870801.1489446,1,5,-70
1755870801.1869447,-2,3,-75
1755870801.2249446,-3,7,-78
1755870801.2639446,5,0,-74
1755870801.2999446,0,0,-74
1755870801.3379445,-2,-1,-74
1755870801.3749447,0,4,-74
1755870801.4129446,5,4,-71
1755870801.4489446,0,5,-68
1755870801.4859445,-5,1,-80
1755870801.5249443,-2,1,-87
1755870801.562945,-8,-1,-76
1755870801.598945,4,-1,-69
1755870801.6369443,-1,0,-66
1755870801.6749446,1,-7,-75
1755870801.713945,-1,-2,-74
1755870801.7499447,8,3,-81
1755870801.7869446,0,-4,-77
1755870801.8249447,0,-8,-75
1755870801.8639443,0,-6,-70
1755870801.8999443,0,-3,-70
1755870801.9369447,-1,1,-69
1755870801.9749446,0,4,-67
1755870802.0129447,-2,0,-77
1755870802.0489447,0,-1,-83
1755870802.0869446,0,1,-82
1755870802.1249447,4,0,-72
1755870802.1629446,-5,-3,-76
1755870802.1989446,0,-4,-75
1755870802.2379446,0,1,-67
1755870802.2749443,-8,5,-67
1755870802.3139446,-2,0,-71
1755870802.3499446,3,4,-71
1755870802.3869443,5,0,-81
1755870802.4249446,12,-4,-83
1755870802.463945,2,0,-73
1755870802.4999447,4,0,-76
1755870802.5369446,7,8,-64
1755870802.5749447,1,3,-65
1755870802.6109445,-4,1,-65
1755870802.6489446,-2,0,-76
1755870802.687945,0,0,-75
1755870802.7249446,1,0,-70
1755870802.7609446,-1,0,-73
1755870802.7989447,-1,-3,-78
1755870802.8379445,0,-4,-76
1755870802.8749447,0,-2,-72
1755870802.9199443,0,-7,-76
1755870802.9579446,-1,-1,-78
1755870802.9949446,-1,3,-73
1755870803.0339446,3,3,-74
1755870803.0699446,3,5,-69
1755870803.1069446,9,8,-66
1755870803.144945,0,-3,-70
1755870803.1839447,0,2,-77
1755870803.2199447,4,-2,-77
1755870803.2579446,5,0,-75
1755870803.2959447,7,0,-73
1755870803.3339446,0,0,-79
1755870803.3699446,0,-1,-83
1755870803.407945,5,-7,-71
1755870803.4459443,6,-2,-62
1755870803.483945,3,3,-62
1755870803.519945,5,-5,-60
1755870803.5579443,-5,-3,-72
1755870803.5959446,3,0,-65
1755870803.634945,-2,-2,-75
1755870803.6709447,-2,-2,-65
1755870803.7089446,-8,4,-69
1755870803.746945,4,-2,-79
1755870803.7859447,12,-2,-68
1755870803.8239446,1,-2,-71
1755870803.8599446,3,2,-74
1755870803.8969443,6,-5,-67
1755870803.9359446,6,-1,-77
1755870803.973945,3,-7,-80
1755870804.009945,2,0,-83
1755870804.0469446,-1,-4,-82
1755870804.085945,7,4,-86
1755870804.1239443,4,4,-66
1755870804.1599443,3,0,-66
1755870804.1969447,0,2,-65
1755870804.2349446,2,1,-70
1755870804.2709446,6,5,-76
1755870804.3079443,4,-6,-78
1755870804.3459446,4,0,-69
1755870804.381945,1,-2,-72
1755870804.4189446,0,-3,-75
1755870804.4569447,2,-6,-78
1755870804.4959445,-5,-7,-80
1755870804.5319445,6,-3,-73
1755870804.5689447,3,-3,-74
1755870804.6069446,0,-5,-78
1755870804.6459446,-1,1,-82
1755870804.6819446,4,0,-78
1755870804.7189443,4,1,-73
1755870804.7559447,-1,4,-73
1755870804.7949443,0,9,-71
1755870804.8309443,3,2,-78
1755870804.8689446,0,-3,-73
1755870804.907945,-8,-1,-69
1755870804.9459443,3,-3,-82
1755870804.9819446,0,-1,-71
1755870805.0189445,6,4,-75
1755870805.0569446,10,0,-76
1755870805.0949447,0,-1,-74
1755870805.1309447,-4,-4,-71
1755870805.1689446,-3,-11,-71
1755870805.2069447,-2,-4,-70
1755870805.2459445,3,-10,-81
1755870805.2819445,0,-7,-80
1755870805.3189447,-1,0,-77
1755870805.3569446,-1,-1,-77
1755870805.3959446,1,-4,-80
1755870805.4319446,0,-3,-65
1755870805.4689443,0,0,-60
1755870805.506945,0,0,-60
1755870805.5449443,0,5,-78
1755870805.5809443,7,-1,-74
1755870805.6189446,6,2,-76
1755870805.6569445,-2,-4,-81
1755870805.6949446,-1,0,-70
1755870805.7309446,-6,-2,-72
1755870805.7689445,-2,0,-71
1755870805.8069446,0,1,-70
1755870805.8449447,-1,0,-72
1755870805.8809447,-3,-1,-73
1755870805.9189446,-5,1,-77
1755870805.9569447,-1,0,-79
1755870805.9959445,-6,6,-72
1755870806.0319445,0,0,-75
1755870806.0699446,0,4,-73
1755870806.1069446,0,2,-80
1755870806.1459446,0,0,-68
1755870806.1819446,-4,1,-67
1755870806.2199447,3,6,-75
1755870806.256945,-2,2,-73
1755870806.2959447,2,3,-71
1755870806.3319447,5,0,-79
1755870806.3689446,4,-5,-73
1755870806.4069445,-4,2,-64
1755870806.4459443,-4,-2,-73
1755870806.4819446,0,0,-75
1755870806.519945,-2,0,-67
1755870806.5569446,5,-3,-79
1755870806.5959446,-1,-3,-70
1755870806.631945,4,0,-74
1755870806.6699443,4,-3,-84
1755870806.7069447,8,-6,-71
1755870806.7459445,7,0,-75
1755870806.7819445,-1,-1,-74
1755870806.8199446,-4,-6,-80
1755870806.8579447,0,1,-79
1755870806.8959446,0,2,-77
1755870806.9319446,0,1,-69
1755870806.9689443,4,4,-72
1755870807.0079446,-5,0,-84
1755870807.0459447,-1,8,-77
1755870807.0819447,3,2,-70
1755870807.1189446,4,3,-61
1755870807.157945,3,0,-78
1755870807.1959443,5,-4,-80
1755870807.2319446,7,-3,-77
1755870807.2689445,-3,2,-76
1755870807.3079443,7,-1,-70
1755870807.3459446,-1,4,-68
1755870807.381945,0,5,-77
1755870807.4189446,0,-2,-85
1755870807.4579446,2,-1,-66
1755870807.4959445,1,0,-81
1755870807.5319445,6,-5,-86
1755870807.5699446,2,-3,-82
1755870807.6079447,5,0,-84
1755870807.6459446,0,3,-85
1755870807.6819446,-5,3,-79
1755870807.7199447,-8,2,-78
1755870807.7579446,-5,-3,-78
1755870807.7969446,-1,-8,-76
1755870807.8329446,0,-10,-69
1755870807.8699446,5,-2,-68
1755870807.907945,3,3,-68
1755870807.9439447,0,0,-72
1755870807.9819446,-1,1,-77
1755870808.019945,-6,-2,-81
1755870808.0579443,-7,-1,-71
1755870808.0969446,-5,-1,-57
1755870808.1329446,2,-9,-68
1755870808.1699443,-2,-2,-70
1755870808.2079446,4,-1,-69
1755870808.246945,0,-2,-82
1755870808.282945,0,-1,-85
1755870808.3199446,-1,0,-80
1755870808.3579447,0,0,-81
1755870808.394945,-1,2,-68
1755870808.4319446,10,1,-80
1755870808.4699447,-6,2,-67
1755870808.5079446,0,7,-74
1755870808.5449443,0,4,-82
1755870808.5819447,-2,0,-83
1755870808.6199446,-3,-6,-73
1755870808.657945,-4,0,-67
1755870808.6969447,-1,3,-74
1755870808.7329447,2,0,-65
1755870808.769945,-2,2,-72
1755870808.8089447,1,0,-75
1755870808.8469446,0,4,-76
1755870808.8829446,1,0,-76
1755870808.9209447,0,-7,-76
1755870808.9589446,-5,0,-78
1755870808.9979446,3,1,-82
1755870809.0339446,4,3,-82
1755870809.0709443,-4,0,-78
1755870809.1099446,-1,-2,-79
1755870809.1479447,4,-1,-70
1755870809.1839447,0,3,-73
1755870809.2209446,-1,3,-73
1755870809.2589445,1,4,-80
1755870809.2979443,-2,0,-86
1755870809.3339446,0,2,-80
1755870809.3709445,-4,-7,-79
1755870809.4089446,5,0,-70
1755870809.4479446,3,-4,-78
1755870809.483945,1,-4,-68
1755870809.5209446,6,-6,-69
1755870809.5589447,0,-9,-68
1755870809.5979445,0,-6,-77
1755870809.6339445,6,-4,-68
1755870809.6719446,2,-1,-67
1755870809.7089446,0,0,-75
1755870809.7449446,3,0,-82
1755870809.7819445,-1,2,-79
1755870809.8199446,1,-2,-86
1755870809.858945,6,-5,-78
1755870809.894945,0,2,-81
1755870809.9319446,4,2,-79
1755870809.9689443,5,7,-79
1755870810.0049446,-3,1,-69
1755870810.0419445,-1,-5,-77
1755870810.0809443,0,-2,-78
1755870810.1189446,0,-8,-70
1755870810.154945,-2,-1,-71
1755870810.1939447,-2,-4,-65
1755870810.2309446,0,-7,-70
1755870810.2689445,4,-6,-64
1755870810.3079443,6,1,-77
1755870810.3439443,5,-6,-79
1755870810.381945,3,0,-93
1755870810.4199443,4,-2,-83
1755870810.4589446,3,1,-77
1755870810.4949446,-3,-5,-79
1755870810.532945,-6,0,-75
1755870810.5719447,1,-3,-79
1755870810.6099446,-2,-6,-77
1755870810.6479447,0,-10,-67
1755870810.6839447,12,0,-67
1755870810.7219446,4,-6,-70
1755870810.759945,5,-3,-67
1755870810.7989447,7,-2,-78
1755870810.8349447,0,4,-78
1755870810.871945,-2,-1,-78
1755870810.9099443,-8,0,-78
1755870810.9489446,-7,-1,-75
1755870810.9849446,-4,-1,-72
1755870811.0229447,-4,1,-73
1755870811.0609446,-2,-2,-67
1755870811.0999446,7,-1,-63
1755870811.1379447,9,3,-63
1755870811.1739447,5,-2,-77
1755870811.210945,9,0,-73
1755870811.2489443,1,-1,-69
1755870811.2849443,7,0,-69
1755870811.3219447,1,-3,-84
1755870811.3599446,0,-3,-79
1755870811.3989446,-7,1,-76
1755870811.4349446,0,0,-72
1755870811.4719446,-5,1,-75
1755870811.509945,0,3,-72
1755870811.5459447,0,2,-66
1755870811.5829446,2,0,-66
1755870811.6199446,-3,-5,-72
1755870811.6589446,0,-2,-72
1755870811.6949446,5,1,-79
1755870811.7319446,-3,0,-72
1755870811.769945,-2,-1,-76
1755870811.8089447,-1,0,-71
1755870811.8449447,-6,-1,-74
1755870811.8829446,8,-1,-80
1755870811.9219446,6,8,-76
1755870811.9599447,-2,0,-73
1755870811.9959445,-4,-6,-89
1755870812.0349443,-6,-6,-70
1755870812.0719447,-3,1,-80
1755870812.1099446,4,1,-66
1755870812.1489446,4,-3,-60
1755870812.1849446,5,2,-68
1755870812.2219446,5,2,-67
1755870812.259945,9,0,-68
1755870812.2959447,1,3,-72
1755870812.3329446,-4,0,-71
1755870812.3709445,-2,4,-72
1755870812.4099443,1,-3,-81
1755870812.4459443,-2,0,-72
1755870812.4829447,2,5,-72
1755870812.5209446,-1,3,-81
1755870812.5599446,-6,2,-73
1755870812.5959446,-3,4,-79
1755870812.6339445,2,3,-76
1755870812.6709447,0,0,-74
1755870812.7089446,0,0,-70
1755870812.7449446,-2,3,-83
1755870812.7839446,4,-2,-85
1755870812.8209443,1,-1,-69
1755870812.8599446,-1,0,-66
1755870812.8959446,-1,1,-73
1755870812.9419446,-1,1,-74
1755870812.9799447,-7,0,-69
1755870813.0159447,-3,-6,-73
1755870813.0549445,5,-7,-82
1755870813.0929446,5,1,-89
1755870813.1309447,2,-1,-92
1755870813.1689446,-5,4,-80
1755870813.2049446,-3,-2,-63
1755870813.2429447,-1,1,-65
1755870813.2809446,0,9,-75
1755870813.3169446,0,6,-69
1755870813.3539443,1,4,-78
1755870813.3909447,3,-3,-80
1755870813.4299445,-1,-2,-67
1755870813.4659443,2,3,-66
1755870813.5029447,-2,4,-71
1755870813.5409446,-2,0,-72
1755870813.5799446,-2,-1,-81
1755870813.6159446,-3,-8,-76
1755870813.6539447,-9,-1,-79
1755870813.6929443,3,0,-77
1755870813.7309446,3,0,-68
1755870813.7669446,0,7,-70
1755870813.8039446,0,4,-69
1755870813.8409443,0,2,-74
1755870813.8769443,2,1,-80
1755870813.9139447,7,-1,-66
1755870813.9519446,4,0,-74
1755870813.9899447,4,-3,-76
1755870814.0259447,0,-3,-75
1755870814.062945,0,-5,-76
1755870814.1019447,5,4,-87
1755870814.1399446,2,6,-84
1755870814.1759446,0,-2,-74
1755870814.2129445,-3,1,-81
1755870814.2519443,-4,0,-71
1755870814.2899446,5,-1,-75
1755870814.325945,-2,-4,-77
1755870814.3639443,3,4,-74
1755870814.4019446,5,-1,-64
1755870814.440945,-4,-6,-75
1755870814.4769447,-3,0,-82
1755870814.5139446,2,-4,-67
1755870814.5519447,2,-3,-70
1755870814.5909443,0,-3,-64
1755870814.6269443,-6,0,-72
1755870814.6639447,3,-3,-76
1755870814.7019446,2,0,-79
1755870814.7399447,-7,-3,-68
1755870814.7759447,-2,0,-71
1755870814.8139446,-4,3,-82
1755870814.8519447,0,8,-72
1755870814.8899446,0,5,-77
1755870814.9259446,0,-3,-74
1755870814.9629445,0,-4,-75
1755870815.0019443,9,0,-77
1755870815.0399446,4,5,-69
1755870815.0769446,7,-5,-62
1755870815.1139443,1,0,-83
1755870815.1519446,-4,-1,-90
1755870815.190945,-2,-5,-86
1755870815.2269447,-4,-9,-76
1755870815.2649446,-1,-7,-75
1755870815.302945,4,2,-72
1755870815.3419447,10,-7,-79
1755870815.3779447,8,-3,-84
1755870815.4149446,6,2,-80
1755870815.4519446,0,0,-76
1755870815.4879446,7,-3,-82
1755870815.5249443,2,-2,-77
1755870815.562945,10,-4,-80
1755870815.6019447,8,1,-76
1755870815.6379447,11,0,-87
1755870815.6749446,1,2,-79
1755870815.7129445,6,-4,-67
1755870815.7519443,12,0,-69
1755870815.7879446,6,5,-65
1755870815.8249447,0,1,-68
1755870815.8629446,0,1,-68
1755870815.9009447,0,-5,-61
1755870815.9369447,2,1,-63
1755870815.973945,2,-3,-64
1755870816.0129447,7,-3,-71
1755870816.0509446,6,-2,-81
1755870816.0869446,-1,-1,-78
1755870816.1249447,0,0,-84
1755870816.1629446,-2,-1,-79
1755870816.2019446,-8,0,-73
1755870816.2379446,-7,0,-79
1755870816.2749443,0,-5,-73
1755870816.312945,5,-1,-82
1755870816.3519447,0,-5,-73
1755870816.3879447,-4,-7,-81
1755870816.4259446,1,-3,-78
1755870816.4649446,2,-5,-77
1755870816.5029447,3,2,-85
1755870816.5409446,-1,1,-83
1755870816.5769446,0,3,-78
1755870816.6139443,0,7,-79
1755870816.6529446,4,0,-66
1755870816.690945,1,-1,-71
1755870816.7279446,5,11,-68
1755870816.7649446,0,2,-69
1755870816.802945,1,-7,-74
1755870816.8419447,0,-3,-77
1755870816.8779447,0,0,-77
1755870816.9149446,7,-1,-68
1755870816.9529445,1,1,-83
1755870816.9889443,2,-8,-68
1755870817.0269446,2,0,-71
1755870817.0649445,-2,2,-64
1755870817.1029446,8,-1,-72
1755870817.1419446,-2,4,-70
1755870817.177945,2,0,-68
1755870817.2159443,6,1,-76
1755870817.2529447,0,-1,-79
1755870817.2919445,5,3,-76
1755870817.3279445,0,1,-74
1755870817.3649447,-1,3,-79
1755870817.4029446,-2,2,-76
1755870817.4419446,6,0,-75
1755870817.4779446,-1,0,-66
1755870817.5149446,0,-3,-70
1755870817.552945,-3,0,-71
1755870817.5919447,-6,-1,-77
1755870817.6279447,-13,-1,-68
1755870817.6659446,-6,-2,-73
1755870817.7039447,-3,0,-90
1755870817.7429447,3,1,-78
1755870817.7789447,-2,5,-83
1755870817.815945,1,1,-83
1755870817.8539443,3,0,-82
1755870817.8919446,-2,2,-88
1755870817.927945,-4,-3,-87
1755870817.9659443,-1,-1,-82
1755870818.0039446,0,7,-80
1755870818.0419445,4,4,-77
1755870818.0779445,4,1,-80
1755870818.1159446,0,0,-73
1755870818.1539447,4,-8,-64
1755870818.1919446,-6,-2,-74
1755870818.2279446,-3,-5,-76
1755870818.2659447,0,0,-77
1755870818.3039446,0,0,-82
1755870818.3419447,0,-6,-72
1755870818.3779447,1,-5,-73
1755870818.4159446,0,-3,-70
1755870818.4539447,-1,0,-66
1755870818.4919446,3,0,-66
1755870818.5279446,0,-9,-59
1755870818.5649445,-1,-8,-64
1755870818.6039443,5,-3,-73
1755870818.6419446,4,3,-77
1755870818.677945,0,0,-83
1755870818.7159443,0,2,-81
1755870818.7539446,-2,-4,-77
1755870818.7899446,-2,0,-74
1755870818.8279445,-4,0,-85
1755870818.8659446,-3,-4,-72
1755870818.9039447,-2,-3,-71
1755870818.9429443,4,-9,-73
1755870818.9789443,1,-8,-72
1755870819.0159447,3,-2,-78
1755870819.0539446,0,0,-72
1755870819.0899446,7,1,-66
1755870819.1279447,3,-8,-65
1755870819.1659446,4,-1,-66
1755870819.2039447,-6,5,-72
1755870819.2399447,-10,-3,-67
1755870819.2779446,-4,1,-56
1755870819.315945,2,-4,-62
1755870819.3539443,2,-5,-79
1755870819.3929446,-5,0,-69
1755870819.4289446,-6,-3,-73
1755870819.4669447,-5,1,-69
1755870819.5049446,3,-3,-92
1755870819.5439446,7,1,-76
1755870819.5799446,2,12,-80
1755870819.6189446,-8,6,-68
1755870819.6559446,0,1,-81
1755870819.6949446,-2,1,-77
1755870819.7329447,0,1,-64
1755870819.7689445,-1,1,-64
1755870819.8059447,-2,-7,-72
1755870819.8449447,0,-5,-83
1755870819.8829446,0,-1,-79
1755870819.9189446,0,-5,-74
1755870819.9559443,-2,2,-77
1755870819.9949446,-3,2,-80
1755870820.032945,-1,8,-96
1755870820.0689447,-1,7,-90
1755870820.1059446,1,0,-82
1755870820.1439445,-2,-2,-73
1755870820.1799445,-2,-1,-81
1755870820.2189443,2,4,-75
1755870820.2559447,2,4,-78
1755870820.2939446,-2,4,-69
1755870820.3299446,4,-8,-60
1755870820.3669446,6,-3,-59
1755870820.404945,0,1,-72
1755870820.4439447,3,2,-64
1755870820.4799447,2,9,-67
1755870820.5169446,-10,4,-73
1755870820.5549445,1,2,-73
1755870820.5939443,1,4,-72
1755870820.6299446,4,3,-78
1755870820.6669445,2,2,-66
1755870820.7049446,0,3,-68
1755870820.7409446,0,0,-73
1755870820.7779446,6,-3,-72
1755870820.815945,1,-4,-74
1755870820.8549447,6,-3,-65
1755870820.8909447,6,-7,-85
1755870820.9289446,2,-3,-87
1755870820.9659443,0,-11,-83
1755870821.0049446,-3,-2,-83
1755870821.0409446,1,0,-80
1755870821.0779445,7,-6,-75
1755870821.1159446,1,-5,-83
1755870821.154945,-2,0,-73
1755870821.190945,-1,4,-72
1755870821.2279446,-2,-5,-76
1755870821.2659447,-2,-5,-80
1755870821.3049445,-5,0,-79
1755870821.3409443,-8,-1,-78
1755870821.3789446,-4,-5,-68
1755870821.4169445,5,-4,-72
1755870821.4559443,1,-1,-85
1755870821.4939446,1,-6,-80
1755870821.529945,1,-2,-74
1755870821.5689447,1,6,-77
1755870821.6059446,-6,6,-86
1755870821.644945,-6,-3,-75
1755870821.6809447,0,-2,-85
1755870821.7189443,7,-8,-72
1755870821.756945,-5,0,-78
1755870821.7959447,-8,7,-80
1755870821.8339446,2,7,-74
1755870821.8699446,0,3,-70
1755870821.9069445,-3,2,-75
1755870821.9459443,6,4,-70
1755870821.983945,-3,0,-67
1755870822.019945,0,4,-68
1755870822.0569446,2,-5,-74
1755870822.0959446,-6,1,-67
1755870822.1339445,-1,4,-82
1755870822.1699443,0,1,-68
1755870822.2069447,-3,-2,-61
1755870822.2459445,-10,-5,-68
1755870822.2819445,-3,-10,-77
1755870822.3199446,2,0,-76
1755870822.3569446,-1,-5,-70
1755870822.3959446,-7,-1,-74
1755870822.4319446,-2,-1,-68
1755870822.4699447,0,-1,-73
1755870822.5079446,-3,-2,-74
1755870822.5459447,5,0,-76
1755870822.5849447,-4,-4,-80
1755870822.6209445,-1,-3,-75
1755870822.6589446,3,0,-80
1755870822.6969447,3,4,-80
1755870822.7349446,7,4,-74
1755870822.7709446,10,-4,-78
1755870822.8089447,4,-5,-76
1755870822.8469446,6,6,-72
1755870822.884945,9,0,-78
1755870822.9209447,6,-1,-84
1755870822.9669447,6,-5,-73
1755870823.0049446,1,-7,-80
1755870823.0409446,-1,-4,-70
1755870823.0789447,-1,-3,-70
1755870823.1169446,1,1,-77
1755870823.154945,-2,0,-78
1755870823.190945,0,-5,-77
1755870823.2289443,0,0,-82
1755870823.2669446,-4,-3,-80
1755870823.3049445,-1,0,-80
1755870823.3409443,-1,-3,-78
1755870823.3789446,-2,1,-77
1755870823.4169445,0,7,-69
1755870823.4559443,-3,4,-78
1755870823.4919446,1,2,-81
1755870823.5289447,0,0,-73
1755870823.5669446,1,6,-80
1755870823.6049447,0,8,-65
1755870823.6409447,0,8,-75
1755870823.677945,3,1,-70
1755870823.7159443,1,-4,-67
1755870823.7519443,6,0,-61
1755870823.7889447,5,-2,-74
1755870823.8269446,1,-7,-74
1755870823.8659446,4,-8,-74
1755870823.9019446,4,-6,-73
1755870823.9389446,-6,-7,-76
1755870823.9779446,1,0,-64
1755870824.0159447,6,-1,-69
1755870824.0519447,0,-4,-74
1755870824.088945,-4,-7,-77
1755870824.1269443,-3,-1,-86
1755870824.1659446,-7,5,-77
1755870824.2019446,-7,0,-75
1755870824.2409446,-6,-5,-71
1755870824.2779446,0,2,-70
1755870824.315945,-7,-7,-76
1755870824.3519447,-6,-10,-75
1755870824.3909447,-4,0,-75
1755870824.427945,-3,3,-74
1755870824.4669447,5,-3,-76
1755870824.5029447,2,-2,-78
1755870824.5409446,0,-3,-81
1755870824.5779445,1,0,-76
1755870824.6159446,1,-5,-72
1755870824.6519446,2,-3,-75
1755870824.6889446,-8,2,-77
1755870824.7279446,-3,2,-83
1755870824.7659447,-1,-5,-75
1755870824.8019447,4,-3,-77
1755870824.838945,5,-6,-73
1755870824.8779447,0,-2,-75
1755870824.9159446,1,0,-78
1755870824.9519446,5,6,-82
1755870824.9889443,1,0,-80
1755870825.0279446,6,2,-78
1755870825.065945,-4,4,-83
1755870825.1019447,-8,-3,-87
1755870825.1399446,0,1,-76
1755870825.177945,-4,0,-72
1755870825.2159443,1,-4,-70
1755870825.2519443,0,-2,-76
1755870825.2889447,5,-3,-76
1755870825.3279445,-4,0,-79
1755870825.3659446,-6,-1,-76
1755870825.4019446,1,0,-69
1755870825.4399445,0,-4,-68
1755870825.4779446,-3,-7,-70
1755870825.5159447,-4,-5,-81
1755870825.5519447,0,2,-74
1755870825.5899446,8,4,-75
1755870825.6279447,4,6,-74
1755870825.6659446,2,5,-68
1755870825.7019446,8,7,-78
1755870825.7389443,1,3,-71
1755870825.7779446,7,-11,-69
1755870825.8139446,9,1,-72
1755870825.8509445,2,3,-73
1755870825.8879447,0,7,-58
1755870825.9259446,-1,4,-74
1755870825.9619446,-2,-1,-74
1755870825.9999447,1,-3,-80
1755870826.0379446,2,1,-78
1755870826.0769446,3,-7,-87
1755870826.1129446,-2,-5,-83
1755870826.1509447,-5,1,-71
1755870826.1889446,-4,1,-71
1755870826.2279446,-4,1,-77
1755870826.2639446,-2,0,-77
1755870826.302945,-6,1,-75
1755870826.3399446,2,3,-72
1755870826.3779447,-6,8,-65
1755870826.4139447,-4,0,-72
1755870826.4529445,1,-5,-71
1755870826.4899447,5,-7,-68
1755870826.5289447,1,-2,-69
1755870826.5669446,0,0,-68
1755870826.6029446,1,-1,-74
1755870826.6399446,-1,-1,-87
1755870826.6789446,1,-3,-72
1755870826.7169447,2,-4,-70
1755870826.7529447,3,-2,-60
1755870826.7899446,-2,0,-62
1755870826.8289447,2,0,-60
1755870826.8669446,2,3,-70
1755870826.9029446,9,-2,-76
1755870826.9399445,4,-2,-71
1755870826.9789443,9,-1,-71
1755870827.0169446,1,9,-76
1755870827.052945,1,0,-85
1755870827.0899446,-4,-1,-79
1755870827.1289446,2,4,-79
1755870827.1669445,0,4,-77
1755870827.2029445,-3,-1,-82
1755870827.2419446,3,-10,-78
1755870827.2789447,2,-4,-71
1755870827.3179443,-3,-1,-69
1755870827.3539443,2,-1,-74
1755870827.3909447,-1,-2,-65
1755870827.4289446,0,-4,-70
1755870827.4679446,0,3,-80
1755870827.5039446,-1,7,-68
1755870827.5419445,1,11,-72
1755870827.5789447,-4,9,-75
1755870827.6179447,-1,0,-76
1755870827.6539447,-3,4,-76
1755870827.6919446,-1,0,-78
1755870827.7289443,-5,3,-78
1755870827.7679446,-4,-1,-71
1755870827.8039446,-3,2,-72
1755870827.8409443,9,0,-70
1755870827.8789446,0,9,-75
1755870827.9149446,0,-2,-77
1755870827.9519446,0,0,-70
1755870827.9889443,-3,1,-72
1755870828.0279446,-1,2,-74
1755870828.0639446,1,-2,-75
1755870828.1019447,0,1,-66
1755870828.1389446,0,2,-54
1755870828.1749446,-6,-3,-53
1755870828.2129445,3,-4,-69
1755870828.2509446,8,-6,-69
1755870828.2889447,10,-7,-70
1755870828.3249447,4,-3,-70
1755870828.3629446,5,3,-81
1755870828.3999443,0,3,-83
1755870828.4389446,7,3,-77
1755870828.4759445,4,0,-70
1755870828.5129447,4,2,-72
1755870828.5499446,2,2,-77
1755870828.5879445,1,7,-70
1755870828.6239443,-3,5,-70
1755870828.6609447,0,-1,-73
1755870828.6999447,-2,-3,-77
1755870828.7379446,5,-1,-84
1755870828.7739446,6,-7,-66
1755870828.8109446,0,-3,-64
1755870828.8499446,1,-2,-53
1755870828.8879447,-2,-7,-65
1755870828.9239447,0,-3,-70
1755870828.960945,2,-2,-71
1755870828.9999447,-5,2,-77
1755870829.0379446,5,-5,-77
1755870829.0739446,2,-9,-87
1755870829.1129446,-4,-8,-81
1755870829.1509447,4,-4,-72
1755870829.1889446,8,-5,-74
1755870829.2249446,0,-3,-59
1755870829.2629447,0,-9,-68
1755870829.2999446,-1,-5,-77
1755870829.338945,-4,-11,-78
1755870829.3749447,-3,-2,-72
1755870829.4129446,-3,-1,-69
1755870829.450945,5,0,-66
1755870829.4889443,0,0,-80
1755870829.5249443,2,-2,-82
1755870829.562945,-1,3,-73
1755870829.6009445,-2,3,-71
1755870829.6399446,-5,-1,-74
1755870829.6759446,3,-6,-69
1755870829.7129445,-4,-4,-67
1755870829.7509446,-1,-1,-66
1755870829.7899446,-1,1,-76
1755870829.825945,3,2,-74
1755870829.8629446,-3,6,-74
1755870829.9009447,2,-1,-66
1755870829.9399445,-6,3,-70
1755870829.9759445,-2,4,-70
1755870830.0139446,0,0,-73
1755870830.0509446,2,4,-72
1755870830.088945,0,3,-78
1755870830.1249447,3,4,-76
1755870830.1619446,1,1,-62
1755870830.1999447,2,1,-67
1755870830.2359445,8,-4,-81
1755870830.2739446,6,-3,-71
1755870830.3119447,0,-2,-79
1755870830.3509445,5,2,-73
1755870830.3889446,3,0,-76
1755870830.4249446,5,1,-80
1755870830.4619446,17,0,-81
1755870830.4999447,4,-2,-78
1755870830.5359447,-4,-3,-77
1755870830.5739446,-3,-3,-74
1755870830.611945,5,-4,-80
1755870830.6509447,3,1,-83
1755870830.6889446,1,-3,-75
1755870830.7249446,1,0,-73
1755870830.7619443,1,0,-72
1755870830.7999446,3,-1,-71
1755870830.835945,0,1,-69
1755870830.8729446,-1,1,-75
1755870830.9109447,2,-3,-75
1755870830.9499447,3,0,-82
1755870830.9859445,1,-2,-81
1755870831.0229447,2,2,-79
1755870831.0609446,-7,2,-86
1755870831.098945,-8,1,-78
1755870831.134945,0,-3,-83
1755870831.1719446,5,-6,-78
1755870831.210945,1,2,-76
1755870831.246945,4,-4,-78
1755870831.2849443,-2,-7,-69
1755870831.3219447,-4,-2,-70
1755870831.3609445,0,-7,-79
1755870831.3969443,4,1,-77
1755870831.4349446,0,2,-84
1755870831.4719446,1,2,-72
1755870831.5109446,2,7,-85
1755870831.5469446,6,1,-80
1755870831.5839446,4,0,-70
1755870831.621945,-1,4,-76
1755870831.6609447,-2,-4,-73
1755870831.6969447,-3,-3,-64
1755870831.7349446,2,-4,-73
1755870831.7729447,-3,-8,-73
1755870831.8109446,0,-2,-73
1755870831.8499446,0,0,-80
1755870831.8859446,0,0,-80
1755870831.9229443,0,1,-84
1755870831.960945,0,0,-78
1755870831.996945,8,0,-82
1755870832.0339446,5,1,-79
1755870832.0719447,-3,-1,-64
1755870832.1099446,0,-1,-70
1755870832.1469443,-8,3,-66
1755870832.1849446,-11,-6,-82
1755870832.2219446,-4,-4,-61
1755870832.2609446,-5,3,-76
1755870832.2969446,0,1,-76
1755870832.3339446,-5,0,-80
1755870832.371945,-2,-2,-72
1755870832.4109447,-1,3,-62
1755870832.4469447,1,2,-69
1755870832.483945,1,-2,-78
1755870832.5229447,5,-8,-81
1755870832.5609446,1,-3,-69
1755870832.5969446,2,-5,-82
1755870832.6359446,3,-4,-81
1755870832.6729443,0,0,-83
1755870832.710945,1,-3,-71
1755870832.746945,2,-2,-66
1755870832.7839446,0,-2,-81
1755870832.8219447,-1,-1,-61
1755870832.8609445,-4,7,-66
1755870832.8969443,7,6,-69
1755870832.9339447,-4,-2,-68
1755870832.9799447,-6,-2,-78
1755870833.0159447,2,-4,-70
1755870833.052945,-1,5,-70
1755870833.0919447,1,-1,-72
1755870833.1279447,7,-6,-77
1755870833.1649446,2,0,-74
1755870833.2029445,0,1,-86
1755870833.2409446,3,-4,-79
1755870833.2769446,6,-5,-87
1755870833.3149445,-5,2,-81
1755870833.3529446,1,-5,-80
1755870833.3919446,2,-2,-73
1755870833.427945,9,2,-85
1755870833.4649446,3,-6,-85
1755870833.5029447,3,1,-81
1755870833.5419445,1,0,-87
1755870833.5779445,1,2,-66
1755870833.6149447,0,1,-66
1755870833.6529446,-8,2,-65
1755870833.690945,-1,1,-71
1755870833.7269447,-1,4,-78
1755870833.7639446,1,4,-65
1755870833.8019447,0,0,-70
1755870833.8379445,1,0,-69
1755870833.8749447,0,1,-71
1755870833.9129446,1,-2,-70
1755870833.950945,3,2,-76
1755870833.986945,7,-3,-67
1755870834.0239446,1,0,-77
1755870834.062945,4,-4,-74
1755870834.1009445,-4,-11,-73
1755870834.1369443,-7,-4,-76
1755870834.1749446,-3,3,-69
1755870834.2129445,2,4,-78
1755870834.2509446,1,1,-71
1755870834.2869446,-8,-2,-70
1755870834.3249447,-2,1,-70
1755870834.3629446,1,2,-83
1755870834.4009447,4,0,-82
1755870834.4369447,-4,-5,-79
1755870834.4749446,-1,-1,-78
1755870834.5129447,1,5,-86
1755870834.5519447,0,5,-85
1755870834.5879445,0,6,-84
1755870834.6259446,8,2,-78
1755870834.6639447,5,-2,-84
1755870834.7029445,0,1,-83
1755870834.7409446,1,-3,-84
1755870834.7769446,4,-4,-77
1755870834.8139446,4,-5,-77
1755870834.8529446,3,-4,-76
1755870834.8889446,4,0,-72
1755870834.9259446,-3,-4,-75
1755870834.963945,2,4,-82
1755870835.0019443,3,6,-82
1755870835.0379446,0,1,-77
1755870835.0749447,2,5,-75
1755870835.1129446,-10,1,-66
1755870835.1519446,-6,0,-75
1755870835.187945,0,-4,-83
1755870835.2259445,0,-2,-85
1755870835.2639446,-1,4,-80
1755870835.302945,-9,5,-82
1755870835.338945,-5,1,-72
1755870835.3759446,-5,2,-82
1755870835.4139447,-3,7,-85
1755870835.4529445,1,1,-85
1755870835.4889443,0,-1,-86
1755870835.5259447,0,1,-86
1755870835.5639446,-3,3,-80
1755870835.6029446,-7,-4,-70
1755870835.6389446,3,-1,-70
1755870835.6759446,3,2,-80
1755870835.713945,-1,4,-80
1755870835.7519443,-1,3,-68
1755870835.7879446,0,0,-68
1755870835.8249447,0,0,-69
1755870835.8629446,-3,1,-74
1755870835.8989446,-2,0,-79
1755870835.9369447,2,1,-88
1755870835.973945,2,-3,-84
1755870836.0129447,3,4,-66
1755870836.0489447,2,0,-67
1755870836.085945,-5,-5,-61
1755870836.1239443,-3,0,-75
1755870836.1629446,-4,0,-69
1755870836.1989446,-4,1,-69
1755870836.2359445,2,-4,-78
1755870836.2739446,1,5,-73
1755870836.3119447,0,-3,-64
1755870836.3479445,-1,6,-60
1755870836.384945,0,4,-76
1755870836.4239447,-6,2,-82
1755870836.4619446,3,3,-73
1755870836.4979446,1,6,-81
1755870836.5349443,3,7,-80
1755870836.5739446,6,6,-79
1755870836.611945,-5,3,-75
1755870836.6479447,1,7,-81
1755870836.6859446,2,9,-77
1755870836.723945,6,3,-79
1755870836.759945,1,-1,-66
1755870836.7979443,0,0,-83
1755870836.8349447,1,6,-76
1755870836.8739443,6,5,-79
1755870836.9099443,0,-4,-62
1755870836.9479446,-2,3,-69
1755870836.9859445,-7,1,-83
1755870837.0239446,0,4,-90
1755870837.0599446,-6,0,-81
1755870837.0979445,-2,0,-73
1755870837.1359446,1,2,-73
1755870837.1739447,10,0,-78
1755870837.2099447,8,4,-76
1755870837.2479446,0,5,-78
1755870837.2849443,-3,0,-65
1755870837.3239446,2,0,-70
1755870837.3599446,1,0,-70
1755870837.3979447,1,1,-86
1755870837.4349446,0,5,-67
1755870837.473945,-2,3,-60
1755870837.509945,0,2,-64
1755870837.5479443,-1,-3,-79
1755870837.585945,4,-1,-80
1755870837.6249447,2,1,-79
1755870837.6629446,-6,6,-83
1755870837.6989446,-4,4,-75
1755870837.7359445,-3,-3,-72
1755870837.7749443,-5,1,-72
1755870837.812945,-2,-5,-73
1755870837.848945,5,-8,-67
1755870837.8859446,-2,0,-70
1755870837.9249446,0,-3,-78
1755870837.9629445,0,-2,-80
1755870837.9989443,-3,-3,-76
1755870838.0369446,-1,-8,-78
1755870838.0749447,3,0,-80
1755870838.1129446,-3,0,-72
1755870838.1489446,-7,-3,-74
1755870838.1869447,-1,-3,-74
1755870838.2249446,-2,-7,-84
1755870838.2639446,0,-8,-80
1755870838.2999446,0,-3,-74
1755870838.3379445,-3,-4,-66
1755870838.3759446,1,0,-72
1755870838.4139447,7,6,-67
1755870838.4499447,1,-6,-76
1755870838.486945,0,-5,-70
1755870838.5249443,7,2,-87
1755870838.5609446,0,0,-83
1755870838.598945,0,2,-71
1755870838.6359446,-1,0,-69
1755870838.6749446,-5,0,-73
1755870838.710945,-4,-3,-72
1755870838.7489443,-1,-2,-89
1755870838.7869446,0,0,-71
1755870838.8249447,3,3,-77
1755870838.8639443,2,-1,-63
1755870838.8999443,0,0,-64
1755870838.937945,-2,3,-88
1755870838.9749446,-7,0,-85
1755870839.0139446,-4,1,-75
1755870839.0499446,-3,0,-91
1755870839.0879445,4,3,-79
1755870839.1249447,-2,0,-77
1755870839.1639447,3,-1,-66
1755870839.1999447,-3,0,-66
1755870839.2379446,1,-3,-65
1755870839.2759447,8,-5,-67
1755870839.3139446,1,-1,-81
1755870839.3499446,10,3,-83
1755870839.3879447,3,0,-75
1755870839.4259446,6,-1,-78
1755870839.463945,3,1,-77
1755870839.4999447,0,1,-76
1755870839.5379446,1,-7,-80
1755870839.575945,4,-1,-72
1755870839.6139443,2,4,-76
1755870839.6499443,1,2,-67
1755870839.6869447,0,0,-71
1755870839.7259445,1,-1,-87
1755870839.7639446,0,-1,-88
1755870839.7999446,5,-5,-81
1755870839.8369446,0,-2,-82
1755870839.8759446,8,2,-76
1755870839.9139447,3,-1,-65
1755870839.9499447,-4,-2,-82
1755870839.9879446,-2,-7,-74
1755870840.0259447,-2,-2,-75
1755870840.0649445,-10,0,-78
1755870840.1009445,-8,4,-79
1755870840.1379447,-1,2,-77
1755870840.1759446,-3,1,-77
1755870840.2149446,1,7,-74
1755870840.2509446,-3,-1,-83
1755870840.2889447,0,-3,-83
1755870840.3269446,6,0,-83
1755870840.3649447,-1,0,-70
1755870840.4009447,-1,-9,-72
1755870840.4389446,2,-4,-69
1755870840.4769447,-3,-1,-84
1755870840.5159447,-5,0,-87
1755870840.5519447,0,-2,-83
1755870840.588945,0,-5,-75
1755870840.6269443,0,4,-75
1755870840.6649446,1,1,-75
1755870840.700945,7,0,-69
1755870840.7379446,8,0,-69
1755870840.7759447,6,-3,-76
1755870840.8119447,3,-5,-77
1755870840.8499446,3,-4,-73
1755870840.8879447,3,-4,-67
1755870840.9269447,-3,-2,-70
1755870840.9649446,-6,0,-72
1755870841.0009446,-3,1,-66
1755870841.0379446,-3,3,-60
1755870841.0769446,0,0,-67
1755870841.1149447,4,0,-76
1755870841.1509447,2,-1,-80
1755870841.187945,-8,2,-79
1755870841.2269447,-5,-3,-73
1755870841.2649446,3,-3,-79
1755870841.3009446,-3,-6,-75
1755870841.338945,-6,1,-68
1755870841.3769443,0,4,-76
1755870841.4149446,-6,0,-69
1755870841.450945,-5,7,-73
1755870841.4879446,2,6,-81
1755870841.5269446,7,0,-82
1755870841.5649445,1,-4,-82
1755870841.6009445,-3,6,-87
1755870841.6379447,-1,3,-66
1755870841.6769447,2,0,-69
1755870841.7149446,0,-1,-78
1755870841.7509446,3,0,-73
1755870841.7879446,2,6,-78
1755870841.825945,-4,0,-70
1755870841.861945,3,-4,-63
1755870841.9009447,9,-5,-59
1755870841.9389446,3,0,-64
1755870841.9769447,3,3,-72
1755870842.0139446,4,-2,-74
1755870842.0509446,4,-2,-77
1755870842.088945,0,1,-59
1755870842.1269443,0,4,-64
1755870842.1629446,-2,0,-65
1755870842.200945,5,-1,-65
1755870842.2389443,1,2,-60
1755870842.2769446,-1,2,-80
1755870842.312945,-4,11,-82
1755870842.3509445,-4,0,-82
1755870842.3889446,0,-5,-91
1755870842.4269447,5,-6,-79
1755870842.4629445,5,-5,-89
1755870842.4999447,1,0,-68
1755870842.5389447,1,-3,-68
1755870842.5769446,4,0,-67
1755870842.6129446,2,-2,-81
1755870842.6499443,-5,0,-81
1755870842.687945,3,0,-80
1755870842.7269447,2,0,-71
1755870842.7629447,-5,0,-72
1755870842.7999446,-5,0,-77
1755870842.8379445,-6,5,-73
1755870842.8769443,-5,6,-69
1755870842.9129446,-4,3,-73
1755870842.9499447,-6,2,-68
1755870842.9959445,4,0,-68
1755870843.0319445,-3,0,-67
1755870843.0699446,0,0,-70
1755870843.108945,2,0,-76
1755870843.1469443,1,-6,-71
1755870843.1829443,-1,-9,-77
1755870843.2209446,1,2,-79
1755870843.2589445,2,0,-76
1755870843.2969446,1,0,-79
1755870843.3329446,-6,2,-85
1755870843.3709445,-2,0,-72
1755870843.4089446,-3,-2,-69
1755870843.4479446,-2,-1,-74
1755870843.4859445,-1,5,-76
1755870843.5219443,0,6,-64
1755870843.5589447,-6,0,-65
1755870843.5979445,1,-3,-72
1755870843.6359446,-3,0,-68
1755870843.6719446,-4,5,-67
1755870843.7099447,-3,-1,-75
1755870843.7479446,0,4,-86
1755870843.7839446,1,1,-69
1755870843.8209443,-3,0,-68
1755870843.858945,0,3,-82
1755870843.8969443,1,0,-76
1755870843.9339447,1,-5,-76
1755870843.9709446,-3,-6,-72
1755870844.0089445,-2,-3,-77
1755870844.0479443,4,1,-81
1755870844.0839446,0,1,-87
1755870844.1209445,-3,-4,-72
1755870844.1589446,-5,-6,-66
1755870844.1979446,-1,-1,-68
1755870844.233945,-3,1,-69
1755870844.2709446,0,-1,-80
1755870844.3089447,-1,-7,-83
1755870844.3479445,4,-7,-82
1755870844.3839445,7,-5,-91
1755870844.4209447,-1,-3,-73
1755870844.4589446,-2,1,-82
1755870844.4979446,0,3,-89
1755870844.5339446,-4,0,-72
1755870844.5709443,-1,-2,-74
1755870844.608945,5,-4,-75
1755870844.6479447,-1,-4,-76
1755870844.6839447,-3,-5,-67
1755870844.7219446,0,3,-81
1755870844.759945,4,5,-69
1755870844.7979443,1,-5,-72
1755870844.8339446,3,-2,-69
1755870844.8709445,-5,4,-85
1755870844.9089446,-7,0,-75
1755870844.9479446,-3,-10,-80
1755870844.983945,-2,-9,-86
1755870845.0219443,-4,-4,-72
1755870845.0599446,0,-9,-76
1755870845.098945,-3,0,-73
1755870845.1369443,-7,2,-70
1755870845.1729443,-2,3,-77
1755870845.2099447,-1,-4,-82
1755870845.2489443,-3,-1,-80
1755870845.2869446,0,-6,-75
1755870845.3229446,1,-5,-71
1755870845.3599446,3,-8,-70
1755870845.3989446,-1,-1,-68
1755870845.4369447,-8,0,-66
1755870845.4729445,-9,1,-67
1755870845.509945,-7,-1,-69
1755870845.5489447,0,-9,-66
1755870845.5849447,0,-9,-66
1755870845.621945,1,-5,-78
1755870845.6599443,0,-10,-77
1755870845.6989446,0,-5,-88
1755870845.7349446,1,-2,-79
1755870845.7719443,1,-7,-84
1755870845.8099446,2,-2,-83
1755870845.848945,0,0,-70
1755870845.884945,4,-4,-69
1755870845.9219446,-1,3,-66
1755870845.9599447,2,6,-80
1755870845.9979446,2,0,-83
1755870846.0339446,4,2,-61
1755870846.0709443,8,-2,-72
1755870846.1099446,4,-4,-64
1755870846.1479447,-2,-5,-53
1755870846.1839447,-3,-2,-61
1755870846.2219446,1,6,-75
1755870846.259945,-8,1,-79
1755870846.2989447,-3,2,-75
1755870846.3349447,0,6,-75
1755870846.3729446,6,-6,-68
1755870846.4099443,-4,-2,-74
1755870846.4489446,3,1,-74
1755870846.4849446,7,4,-78
1755870846.5229447,2,6,-69
1755870846.5599446,0,1,-62
1755870846.5979445,-7,-1,-73
1755870846.6339445,0,2,-76
1755870846.6709447,2,1,-76
1755870846.7089446,1,1,-84
1755870846.7449446,0,0,-77
1755870846.7819445,3,-3,-72
1755870846.8199446,1,-2,-70
1755870846.858945,1,2,-77
1755870846.894945,-5,8,-67
1755870846.9329443,0,2,-77
1755870846.9699447,0,5,-80
1755870847.0089445,-6,2,-82
1755870847.0449443,0,-2,-87
1755870847.0819447,3,-4,-72
1755870847.1199446,-1,-7,-79
1755870847.1589446,5,-7,-73
1755870847.1949446,7,-6,-76
1755870847.2319446,6,-2,-70
1755870847.269945,8,0,-72
1755870847.3079443,-1,-2,-77
1755870847.3439443,-1,-2,-73
1755870847.381945,-6,-2,-69
1755870847.4199443,-1,-4,-73
1755870847.4589446,1,1,-69
1755870847.4949446,3,0,-69
1755870847.5319445,1,1,-64
1755870847.5699446,8,-10,-69
1755870847.6059446,0,-4,-76
1755870847.6429446,-1,-3,-72
1755870847.6809447,0,-5,-76
1755870847.7199447,3,8,-83
1755870847.7559447,6,0,-75
1755870847.792945,-2,2,-79
1755870847.8309443,-3,1,-75
1755870847.8699446,-3,1,-76
1755870847.9059446,3,0,-76
1755870847.9429443,3,-8,-72
1755870847.9809446,3,-2,-78
1755870848.019945,-3,-3,-62
1755870848.0559447,2,-4,-74
1755870848.0929446,0,-3,-85
1755870848.131945,2,-2,-75
1755870848.1699443,2,4,-77
1755870848.2059443,2,2,-81
1755870848.2439446,-4,1,-73
1755870848.2819445,-1,-2,-76
1755870848.3209443,0,-2,-77
1755870848.358945,0,-1,-73
1755870848.394945,-1,6,-73
1755870848.4319446,-1,3,-73
1755870848.4709446,-4,10,-68
1755870848.5089445,0,11,-70
1755870848.5449443,4,8,-84
1755870848.5819447,1,2,-69
1755870848.6199446,-3,-4,-69
1755870848.6559446,6,-7,-64
1755870848.6939447,5,-1,-75
1755870848.7319446,0,1,-74
1755870848.769945,-2,2,-80
1755870848.8059447,-5,4,-76
1755870848.8439443,2,5,-86
1755870848.8809447,6,0,-78
1755870848.9199443,0,-2,-80
1755870848.9569447,1,0,-74
1755870848.9939446,4,-9,-83
1755870849.0319445,7,-2,-77
1755870849.0709443,-1,1,-76
1755870849.108945,-1,-4,-72
1755870849.144945,-3,-3,-72
1755870849.1829443,2,1,-65
1755870849.2209446,-3,3,-75
1755870849.259945,0,-7,-79
1755870849.2959447,-2,-3,-79
1755870849.3339446,0,-2,-80
1755870849.371945,-2,1,-86
1755870849.4109447,-6,9,-73
1755870849.4469447,0,0,-71
1755870849.483945,3,-3,-68
1755870849.5219443,-2,-5,-85
1755870849.5609446,-2,-5,-83
1755870849.5969446,0,-2,-78
1755870849.634945,0,4,-66
1755870849.6729443,-7,0,-68
1755870849.710945,4,3,-72
1755870849.746945,2,4,-67
1755870849.7839446,2,1,-71
1755870849.8209443,-2,0,-67
1755870849.8599446,0,2,-72
1755870849.8959446,-4,0,-70
1755870849.9339447,0,0,-68
1755870849.9719446,0,-1,-67
1755870850.0109446,0,2,-70
1755870850.0469446,3,-2,-62
1755870850.0839446,6,-1,-66
1755870850.1229446,3,0,-61
1755870850.1609447,9,0,-72
1755870850.1969447,0,-2,-74
1755870850.233945,-3,-4,-61
1755870850.2729447,-2,-1,-71
1755870850.3109446,3,-5,-68
1755870850.3469446,0,-2,-68
1755870850.3839445,-8,-5,-68
1755870850.4229443,-5,-3,-75
1755870850.460945,1,0,-76
1755870850.496945,0,1,-71
1755870850.5339446,7,9,-70
1755870850.5719447,0,-2,-63
1755870850.6099446,0,-4,-78
1755870850.6459446,0,-5,-70
1755870850.6829443,1,-2,-70
1755870850.7219446,-1,-1,-67
1755870850.759945,-6,0,-75
1755870850.7959447,-3,13,-79
1755870850.8339446,4,4,-80
1755870850.871945,-1,0,-78
1755870850.9099443,0,-1,-81
1755870850.9459443,5,1,-85
1755870850.9829447,3,0,-77
1755870851.0219443,4,-3,-80
1755870851.0579443,4,-4,-72
1755870851.0959446,0,-5,-72
1755870851.1339445,-7,-6,-69
1755870851.1719446,-5,-5,-74
1755870851.210945,0,-1,-65
1755870851.246945,-1,0,-80
1755870851.2839446,3,4,-85
1755870851.3219447,0,4,-84
1755870851.3579447,-1,0,-79
1755870851.394945,4,-2,-67
1755870851.4329443,-8,1,-76
1755870851.4719446,-1,2,-78
1755870851.5079446,4,0,-67
1755870851.5459447,0,-3,-82
1755870851.5839446,-1,0,-72
1755870851.621945,8,-10,-79
1755870851.6609447,2,-9,-81
1755870851.6969447,1,-4,-68
1755870851.7349446,2,-1,-76
1755870851.7729447,8,5,-74
1755870851.8109446,4,-2,-71
1755870851.8469446,5,-1,-72
1755870851.8839445,3,-2,-81
1755870851.9229443,6,3,-74
1755870851.960945,7,0,-68
1755870851.996945,8,-2,-67
1755870852.0359447,7,0,-77
1755870852.0729446,7,1,-76
1755870852.1109445,2,0,-72
1755870852.1469443,0,-3,-80
1755870852.1859446,2,-5,-77
1755870852.223945,1,0,-78
1755870852.2619443,4,0,-81
1755870852.2979443,-2,-1,-71
1755870852.335945,-1,-5,-75
1755870852.3739443,-7,-2,-71
1755870852.4129446,-7,-1,-72
1755870852.450945,-6,-9,-66
1755870852.486945,-4,-6,-71
1755870852.5249443,-8,2,-74
1755870852.562945,4,-1,-75
1755870852.6019447,6,-8,-66
1755870852.6379447,3,-5,-66
1755870852.6759446,1,1,-71
1755870852.713945,-6,0,-69
1755870852.7529447,-6,-5,-71
1755870852.7889447,-2,-1,-66
1755870852.8269446,2,-1,-67
1755870852.8659446,4,-3,-75
1755870852.9029446,-1,3,-84
1755870852.9419446,1,-1,-65
1755870852.9779446,4,-1,-69
1755870853.0239446,6,1,-72
1755870853.0619447,-4,0,-66
1755870853.098945,-6,-5,-64
1755870853.1359446,-3,2,-73
1755870853.1739447,-6,-2,-72
1755870853.2129445,-3,3,-74
1755870853.2489443,2,2,-78
1755870853.2859447,4,4,-83
1755870853.3239446,-2,4,-69
1755870853.361945,2,-2,-62
1755870853.3979447,0,2,-73
1755870853.4359446,9,6,-81
1755870853.473945,0,3,-75
1755870853.5119443,-4,0,-78
1755870853.5479443,0,1,-69
1755870853.585945,2,0,-86
1755870853.6239443,6,-3,-73
1755870853.6619446,1,-3,-73
1755870853.6989446,0,-3,-82
1755870853.7359445,-1,9,-69
1755870853.7739446,0,3,-71
1755870853.812945,3,0,-79
1755870853.848945,-3,0,-74
1755870853.8859446,6,-5,-65
1755870853.9239447,1,-3,-76
1755870853.9629445,6,0,-82
1755870853.9989443,0,3,-73
1755870854.0359447,-3,-6,-63
1755870854.0739446,0,-8,-78
1755870854.1129446,-3,-6,-74
1755870854.1489446,-1,-1,-75
1755870854.1869447,2,-5,-68
1755870854.2249446,0,-8,-76
1755870854.2639446,-4,-1,-82
1755870854.3019447,-6,-5,-68
1755870854.3379445,-4,-3,-64
1755870854.3759446,-3,5,-68
1755870854.4139447,-3,1,-71
1755870854.4529445,-4,-1,-69
1755870854.4889443,0,0,-68
1755870854.5269446,-9,-2,-60
1755870854.5639446,1,-1,-61
1755870854.6029446,2,-4,-75
1755870854.6399446,1,-3,-70
1755870854.6769447,3,-4,-76
1755870854.7159443,-3,-10,-84
1755870854.7539446,1,-4,-93
1755870854.7899446,-7,-6,-86
1755870854.8279445,-2,4,-83
1755870854.8659446,0,-6,-71
1755870854.9039447,2,0,-72
1755870854.9429443,3,5,-69
1755870854.9789443,5,6,-79
1755870855.0159447,-2,-6,-66
1755870855.0539446,0,1,-69
1755870855.0929446,0,4,-78
1755870855.1289446,1,5,-76
1755870855.1669445,9,1,-68
1755870855.2039447,10,-1,-70
1755870855.2429447,1,5,-72
1755870855.2789447,-1,-4,-66
1755870855.3169446,0,-4,-81
1755870855.3549447,-1,3,-75
1755870855.3939445,6,0,-74
1755870855.4299445,5,0,-65
1755870855.4669447,0,1,-68
1755870855.5049446,0,9,-66
1755870855.542945,-1,3,-74
1755870855.5789447,-4,4,-71
1755870855.6159446,-1,-3,-72
1755870855.654945,1,-1,-70
1755870855.6929443,3,0,-80
1755870855.7289443,1,5,-70
1755870855.7659447,0,-3,-67
1755870855.8049445,0,1,-58
1755870855.8429446,1,0,-57
1755870855.8789446,5,2,-65
1755870855.9159446,-1,3,-65
1755870855.9549446,7,-2,-80
1755870855.9929447,5,-1,-76
1755870856.0289447,5,-4,-80
1755870856.065945,6,-7,-69
1755870856.1049447,0,1,-75
1755870856.1429446,0,2,-71
1755870856.1789446,-1,-1,-81
1755870856.2169447,1,0,-69
1755870856.2549446,-7,-1,-68
1755870856.2939446,0,5,-63
1755870856.3299446,1,1,-78
1755870856.3669446,0,2,-71
1755870856.404945,3,-5,-76
1755870856.440945,-8,-4,-70
1755870856.4789443,-5,-5,-75
1755870856.5169446,-4,-5,-79
1755870856.5549445,3,2,-64
1755870856.5909443,2,-1,-66
1755870856.6279447,5,2,-76
1755870856.6649446,-4,1,-81
1755870856.7039447,2,9,-65
1755870856.7399447,7,11,-68
1755870856.7769446,0,2,-75
1755870856.8149445,1,0,-83
1755870856.8509445,3,-1,-79
1755870856.8879447,0,0,-82
1755870856.9249446,6,-2,-80
1755870856.963945,7,-2,-84
1755870856.9999447,1,0,-86
1755870857.0379446,9,-1,-81
1755870857.075945,7,-4,-77
1755870857.1149447,-4,2,-72
1755870857.1509447,-4,1,-66
1755870857.187945,0,-3,-71
1755870857.2259445,7,-1,-69
1755870857.2649446,1,0,-72
1755870857.3009446,-4,0,-66
1755870857.3379445,4,0,-61
1755870857.3759446,8,-2,-65
1755870857.4139447,12,-3,-75
1755870857.4499447,8,0,-66
1755870857.486945,2,1,-78
1755870857.5259447,1,-7,-66
1755870857.5639446,0,-2,-63
1755870857.5999446,8,-7,-63
1755870857.6379447,6,0,-69
1755870857.6759446,-3,1,-68
1755870857.713945,1,-1,-72
1755870857.7499447,-6,-2,-83
1755870857.7889447,-5,0,-79
1755870857.825945,-3,-3,-76
1755870857.8649447,-3,7,-75
1755870857.9009447,-3,3,-77
1755870857.937945,-6,4,-84
1755870857.9759445,-4,-2,-82
1755870858.0149446,-3,0,-78
1755870858.0509446,-3,-1,-84
1755870858.088945,1,-1,-77
1755870858.1269443,-6,-5,-77
1755870858.1659446,-4,-1,-68
1755870858.2019446,-2,-1,-65
1755870858.2399447,-3,1,-66
1755870858.2779446,2,3,-87
1755870858.315945,0,3,-84
1755870858.3519447,1,8,-70
1755870858.3889446,6,3,-76
1755870858.4259446,2,0,-68
1755870858.4619446,0,-5,-74
1755870858.4999447,7,-6,-80
1755870858.5389447,-1,0,-73
1755870858.575945,0,1,-74
1755870858.611945,2,0,-67
1755870858.6499443,-2,-5,-75
1755870858.687945,3,0,-70
1755870858.7259445,2,2,-73
1755870858.7619443,-2,-1,-77
1755870858.7999446,-2,-1,-72
1755870858.838945,-2,0,-74
1755870858.8769443,-3,7,-71
1755870858.9149446,0,-5,-73
1755870858.950945,0,1,-64
1755870858.9889443,5,-4,-86
1755870859.0269446,0,-1,-74
1755870859.0649445,-3,-2,-73
1755870859.1009445,-2,-5,-68
1755870859.1389446,-5,-3,-67
1755870859.1769447,-2,2,-68
1755870859.2159443,4,0,-73
1755870859.2519443,-1,-1,-78
1755870859.2899446,3,-3,-69
1755870859.3279445,1,3,-67
1755870859.3659446,2,-3,-64
1755870859.4019446,7,-1,-69
1755870859.4399445,4,-6,-65
1755870859.4779446,0,-2,-73
1755870859.5169446,2,1,-77
1755870859.5549445,0,-9,-76
1755870859.5909443,-5,1,-81
1755870859.6279447,-6,-5,-82
1755870859.6669445,-7,-4,-67
1755870859.7049446,5,-3,-69
1755870859.7409446,2,-6,-74
1755870859.7779446,0,-6,-72
1755870859.8169446,0,-4,-76
1755870859.8549447,0,4,-65
1755870859.8909447,0,0,-60
1755870859.927945,3,5,-70
1755870859.9669447,0,2,-68
1755870860.0029447,0,2,-72
1755870860.0409446,6,0,-79
1755870860.0789447,1,-1,-81
1755870860.1179447,4,-10,-73
1755870860.1559446,1,-6,-72
1755870860.1919446,3,-1,-72
1755870860.2289443,1,-4,-80
1755870860.2669446,-3,-7,-66
1755870860.3059447,3,-5,-76
1755870860.3419447,-4,-9,-83
1755870860.3799446,0,-6,-82
1755870860.417945,6,-2,-84
1755870860.4569447,-5,-2,-76
1755870860.4929447,-3,1,-74
1755870860.529945,-2,-5,-84
1755870860.5679443,0,1,-81
1755870860.6059446,1,0,-74
1755870860.6419446,-6,-3,-78
1755870860.6799445,0,9,-62
1755870860.7179446,0,2,-68
1755870860.7559447,5,0,-73
1755870860.7919445,6,-3,-72
1755870860.8289447,1,-7,-82
1755870860.8679447,3,-2,-69
1755870860.9059446,0,-2,-68
1755870860.9419446,6,-1,-68
1755870860.9789443,0,3,-75
1755870861.0169446,5,4,-72
1755870861.052945,3,3,-78
1755870861.0899446,3,2,-73
1755870861.1279447,-4,1,-85
1755870861.1659446,-1,1,-81
1755870861.2019446,6,-3,-75
1755870861.2399447,3,0,-80
1755870861.2779446,-1,-3,-66
1755870861.315945,-3,2,-80
1755870861.3519447,-11,1,-73
1755870861.3899446,-2,0,-74
1755870861.427945,0,8,-84
1755870861.4659443,-3,5,-82
1755870861.5019443,-5,-2,-77
1755870861.5399446,-1,-3,-83
1755870861.5779445,-2,8,-71
1755870861.6169446,0,5,-76
1755870861.6529446,6,2,-70
1755870861.6899445,9,3,-74
1755870861.7279446,4,-4,-74
1755870861.7669446,7,1,-79
1755870861.802945,-6,-2,-76
1755870861.8409443,0,-1,-78
1755870861.8799446,-8,4,-74
1755870861.917945,-2,2,-61
1755870861.9539447,-2,-4,-77
1755870861.9919446,-5,-6,-71
1755870862.029945,0,-3,-75
1755870862.0679443,2,6,-70
1755870862.1069446,-2,0,-70
1755870862.1429446,2,-6,-79
1755870862.1799445,3,-4,-79
1755870862.2179446,4,0,-74
1755870862.256945,4,0,-74
1755870862.292945,0,-2,-73
1755870862.3299446,-2,-8,-71
1755870862.3679447,-4,-4,-79
1755870862.4069445,1,2,-71
1755870862.4429443,1,1,-76
1755870862.4799447,4,-8,-83
1755870862.5189445,-2,-3,-74
1755870862.5569446,2,0,-71
1755870862.5929446,-3,0,-69
1755870862.6309447,0,3,-72
1755870862.6689446,3,-2,-58
1755870862.7069447,7,-3,-67
1755870862.7429447,3,3,-82
1755870862.779945,-6,-2,-63
1755870862.8189447,-7,4,-69
1755870862.8569446,4,3,-65
1755870862.8929446,7,0,-68
1755870862.9299445,11,-1,-72
1755870862.9689443,2,-2,-74
1755870863.006945,0,0,-58
1755870863.0499446,-3,4,-72
1755870863.088945,-1,-1,-60
1755870863.1269443,-5,7,-71
1755870863.1629446,-5,0,-56
1755870863.1999447,3,0,-65
1755870863.2379446,2,0,-73
1755870863.2739446,-6,2,-63
1755870863.3109446,-3,-1,-65
1755870863.348945,4,-2,-72
1755870863.3869443,2,1,-72
1755870863.4229443,5,0,-72
1755870863.4599447,1,0,-71
1755870863.4989443,3,-3,-66
1755870863.5359447,5,1,-79
1755870863.5729446,-1,0,-66
1755870863.6109445,0,-1,-70
1755870863.6489446,0,-6,-65
1755870863.687945,-2,-5,-86
1755870863.723945,2,2,-83
1755870863.7609446,0,5,-79
1755870863.7989447,0,-5,-87
1755870863.8349447,5,-3,-72
1755870863.8729446,1,-2,-63
1755870863.9109447,3,5,-72
1755870863.9489446,4,-1,-71
1755870863.9849446,-2,3,-81
1755870864.0219443,1,3,-78
1755870864.0589447,1,0,-68
1755870864.0959446,0,3,-70
1755870864.1329446,0,3,-62
1755870864.1699443,0,-2,-64
1755870864.2089446,0,-4,-69
1755870864.2449446,-4,5,-66
1755870864.282945,-7,-5,-72
1755870864.3209443,0,-3,-80
1755870864.3599446,-3,-1,-74
1755870864.3979447,-5,-2,-73
1755870864.4339447,-3,-8,-83
1755870864.4719446,0,-4,-69
1755870864.5109446,0,-5,-61
1755870864.5489447,3,-2,-63
1755870864.5849447,0,-5,-69
1755870864.621945,-4,-5,-74
1755870864.6599443,-2,-8,-64
1755870864.6989446,2,1,-70
1755870864.7349446,5,1,-63
1755870864.7719443,4,0,-70
1755870864.8099446,-2,1,-54
1755870864.8479445,4,0,-63
1755870864.8839445,1,1,-60
1755870864.9219446,4,1,-70
1755870864.9599447,4,-5,-72
1755870864.9979446,6,-5,-75
1755870865.0339446,5,1,-72
1755870865.0719447,6,4,-70
1755870865.1099446,10,3,-70
1755870865.1479447,-4,4,-66
1755870865.1839447,2,-3,-76
1755870865.2219446,6,-3,-76
1755870865.259945,0,0,-80
1755870865.2959447,-1,0,-75
1755870865.3329446,-2,-14,-78
1755870865.3709445,-2,-6,-79
1755870865.4099443,-1,-7,-71
1755870865.4459443,6,0,-74
1755870865.4829447,2,-4,-75
1755870865.5209446,0,-7,-71
1755870865.5599446,-3,-2,-70
1755870865.5959446,-4,-8,-75
1755870865.634945,4,1,-69
1755870865.6729443,2,-3,-83
1755870865.7099447,0,-8,-73
1755870865.7489443,5,-1,-78
1755870865.7849443,6,2,-72
1755870865.8229446,-1,3,-73
1755870865.861945,-1,-4,-70
1755870865.8999443,2,1,-66
1755870865.9359446,-5,-1,-65
1755870865.973945,-7,-3,-63
1755870866.0119443,-1,-3,-69
1755870866.0509446,2,-3,-69
1755870866.088945,3,-3,-64
1755870866.1249447,-7,-2,-65
1755870866.1629446,2,3,-78
1755870866.200945,0,-1,-78
1755870866.2389443,0,-3,-80
1755870866.2749443,0,-2,-67
1755870866.3119447,6,0,-67
1755870866.3499446,1,-6,-71
1755870866.3859446,-2,1,-68
1755870866.4229443,1,-3,-77
1755870866.4619446,3,3,-73
1755870866.4999447,9,0,-70
1755870866.5359447,5,0,-70
1755870866.5729446,0,0,-67
1755870866.6109445,2,3,-77
1755870866.6489446,-1,-1,-81
1755870866.6849446,-1,-2,-70
1755870866.7229445,6,-1,-75
1755870866.7609446,6,-8,-71
1755870866.7999446,0,-1,-77
1755870866.835945,0,-6,-64
1755870866.8729446,6,-2,-62
1755870866.9109447,3,-5,-71
1755870866.9499447,2,-6,-76
1755870866.9859445,4,-6,-80
1755870867.0229447,1,0,-86
1755870867.0609446,-3,-2,-83
1755870867.0969446,0,0,-78
1755870867.1339445,0,-1,-84
1755870867.1729443,1,-6,-72
1755870867.210945,-2,0,-76
1755870867.246945,0,-6,-69
1755870867.2839446,7,0,-71
1755870867.3219447,1,-2,-61
1755870867.3609445,1,-1,-72
1755870867.3969443,4,3,-61
1755870867.4339447,0,5,-74
1755870867.4709446,4,-1,-79
1755870867.509945,4,-1,-77
1755870867.5459447,0,-5,-74
1755870867.5829446,0,-4,-79
1755870867.6209445,3,-4,-74
1755870867.6599443,2,-1,-68
1755870867.6959443,4,-6,-61
1755870867.7329447,4,-1,-74
1755870867.7709446,7,-4,-72
1755870867.8099446,1,0,-64
1755870867.8459446,7,0,-70
1755870867.8829446,10,0,-68
1755870867.9219446,12,8,-73
1755870867.9599447,1,3,-75
1755870867.9959445,-2,1,-75
1755870868.032945,-3,0,-75
1755870868.0719447,-5,-5,-75
1755870868.1099446,0,-9,-85
1755870868.1459446,5,-9,-85
1755870868.1839447,-5,-3,-90
1755870868.2219446,-7,3,-72
1755870868.2609446,3,5,-69
1755870868.2969446,0,2,-73
1755870868.3339446,-3,-4,-72
1755870868.371945,1,0,-79
1755870868.4109447,10,3,-71
1755870868.4469447,7,2,-81
1755870868.483945,3,7,-68
1755870868.5219443,0,-3,-76
1755870868.5599446,5,-1,-73
1755870868.5959446,6,5,-75
1755870868.6329446,8,-5,-68
1755870868.6719446,8,-4,-65
1755870868.7099447,1,-1,-68
1755870868.746945,-3,0,-72
1755870868.7839446,2,0,-78
1755870868.8219447,1,3,-84
1755870868.8579447,0,3,-80
1755870868.894945,2,-1,-69
1755870868.9329443,4,1,-64
1755870868.9719446,0,-10,-79
1755870869.0079446,-8,-10,-77
1755870869.0459447,-2,-7,-77
1755870869.0839446,-1,-7,-76
1755870869.121945,-8,-4,-80
1755870869.1609447,-5,-4,-66
1755870869.1969447,-1,-6,-78
1755870869.2349446,4,-2,-78
1755870869.2729447,7,3,-78
1755870869.3109446,3,-8,-65
1755870869.3469446,6,-7,-70
1755870869.3839445,0,-2,-64
1755870869.4219446,-5,-1,-70
1755870869.460945,4,2,-76
1755870869.496945,5,-5,-77
1755870869.5339446,-3,-3,-71
1755870869.5719447,1,-1,-69
1755870869.6109445,4,0,-94
1755870869.6469443,-1,-1,-85
1755870869.6849446,-1,3,-77
1755870869.7229445,0,3,-86
1755870869.7609446,2,0,-86
1755870869.7969446,-5,-3,-85
1755870869.8349447,0,-5,-74
1755870869.8729446,1,-4,-78
1755870869.9119446,2,0,-81
1755870869.9479446,-1,-2,-71
1755870869.9859445,-7,-4,-79
1755870870.0239446,-4,-4,-71
1755870870.062945,-5,2,-81
1755870870.1009445,3,3,-85
1755870870.1369443,2,-2,-73
1755870870.1749446,5,-3,-69
1755870870.213945,8,-1,-78
1755870870.2519443,0,2,-71
1755870870.2879446,-3,2,-59
1755870870.3249447,-8,0,-63
1755870870.3639443,-4,0,-59
1755870870.4019446,-6,5,-63
1755870870.437945,-5,-2,-79
1755870870.4769447,-6,2,-67
1755870870.5139446,1,1,-70
1755870870.5519447,-5,10,-72
1755870870.5879445,-9,7,-80
1755870870.6249447,-4,-5,-76
1755870870.6639447,-10,0,-81
1755870870.7019446,-7,-1,-72
1755870870.7379446,-8,1,-70
1755870870.7749443,-2,3,-65
1755870870.812945,-4,1,-68
1755870870.8519447,0,-7,-74
1755870870.8879447,2,-1,-76
1755870870.9249446,-3,0,-66
1755870870.963945,-1,-2,-72
1755870871.0019443,5,-1,-73
1755870871.0379446,8,-1,-72
1755870871.0769446,5,7,-84
1755870871.1139443,1,1,-72
1755870871.1519446,0,-3,-76
1755870871.187945,5,2,-75
1755870871.2249446,3,-5,-78
1755870871.2639446,5,-1,-68
1755870871.3019447,2,-1,-74
1755870871.3379445,2,4,-73
1755870871.3749447,-3,6,-76
1755870871.4139447,3,3,-73
1755870871.4519446,-2,4,-85
1755870871.4879446,1,4,-79
1755870871.5249443,-2,-1,-72
1755870871.5639446,-1,0,-62
1755870871.6019447,10,6,-80
1755870871.6379447,6,3,-79
1755870871.6749446,0,7,-81
1755870871.7129445,-1,2,-77
1755870871.7489443,7,-2,-67
1755870871.7859447,11,1,-78
1755870871.8239446,-1,0,-66
1755870871.8629446,-6,-1,-74
1755870871.8989446,-10,0,-74
1755870871.9369447,-2,-4,-75
1755870871.9749446,-2,-2,-80
1755870872.0139446,8,-6,-73
1755870872.0519447,2,0,-68
1755870872.0879445,0,1,-79
1755870872.1249447,-4,-5,-68
1755870872.1639447,-8,-2,-72
1755870872.2019446,5,6,-69
1755870872.2379446,0,-4,-73
1755870872.2749443,0,-4,-66
1755870872.3139446,0,-4,-70
1755870872.3519447,-3,2,-75
1755870872.3879447,9,1,-82
1755870872.4249446,-2,0,-86
1755870872.4629445,0,-2,-74
1755870872.4989443,-1,-2,-70
1755870872.5369446,-3,4,-78
1755870872.5749447,1,11,-80
1755870872.6129446,6,0,-80
1755870872.6489446,8,-6,-80
1755870872.6859446,8,-4,-79
1755870872.723945,9,0,-80
1755870872.7629447,4,0,-77
1755870872.7989447,0,1,-71
1755870872.835945,-5,5,-69
1755870872.8739443,1,-2,-62
1755870872.9129446,0,-6,-72
1755870872.9489446,-3,-3,-63
1755870872.986945,3,-10,-68
1755870873.0259447,-9,-2,-70
1755870873.0689447,-6,0,-74
1755870873.1079447,2,0,-69
1755870873.144945,0,8,-63
1755870873.1829443,6,5,-68
1755870873.2189443,4,3,-75
1755870873.2559447,3,-1,-71
1755870873.2949443,1,-2,-80
1755870873.3329446,-2,-1,-74
1755870873.3689446,0,0,-83
1755870873.4059446,-2,0,-77
1755870873.4449446,-1,-2,-71
1755870873.4829447,1,4,-77
1755870873.5189445,1,0,-67
1755870873.5559447,-2,0,-77
1755870873.5949447,2,-3,-72
1755870873.6329446,4,-1,-77
1755870873.6689446,2,2,-68
1755870873.7059443,0,-6,-69
1755870873.7449446,-3,-5,-79
1755870873.782945,-2,-3,-83
1755870873.8189447,-1,-5,-78
1755870873.8569446,0,-7,-87
1755870873.8959446,-2,0,-66
1755870873.9339447,-2,4,-81
1755870873.9699447,-3,4,-77
1755870874.006945,-1,2,-79
1755870874.0459447,2,0,-76
1755870874.0839446,7,-2,-78
1755870874.1199446,7,-9,-78
1755870874.157945,1,2,-77
1755870874.1959443,0,-4,-79
1755870874.2349446,1,-2,-64
1755870874.2709446,6,-5,-60
1755870874.3089447,6,-7,-76
1755870874.3459446,-2,-2,-69
1755870874.384945,-5,0,-73
1755870874.4209447,-2,-1,-69
1755870874.4589446,-2,-3,-74
1755870874.496945,9,-4,-65
1755870874.5349443,3,7,-72
1755870874.5709443,0,4,-75
1755870874.608945,0,1,-74
1755870874.6459446,0,0,-86
1755870874.6849446,0,-2,-86
1755870874.7209446,5,2,-83
1755870874.7589445,-4,-1,-74
1755870874.7959447,-6,-2,-71
1755870874.8349447,6,1,-72
1755870874.8709445,2,-1,-82
1755870874.9089446,0,-7,-76
1755870874.9459443,0,-3,-71
1755870874.9849446,1,1,-81
1755870875.0209446,-5,1,-73
1755870875.0589447,-7,2,-77
1755870875.0959446,-5,0,-63
1755870875.134945,-5,7,-79
1755870875.1709447,-6,4,-80
1755870875.2089446,-4,7,-64
1755870875.246945,-5,1,-79
1755870875.2859447,-3,0,-75
1755870875.3239446,-4,-6,-77
1755870875.3599446,1,-8,-81
1755870875.3969443,2,-4,-83
1755870875.4359446,0,-8,-92
1755870875.473945,2,-5,-88
1755870875.509945,-5,3,-78
1755870875.5469446,-4,5,-67
1755870875.585945,-2,-2,-84
1755870875.6239443,3,3,-65
1755870875.6599443,0,0,-70
1755870875.6969447,0,0,-70
1755870875.7359445,5,5,-81
1755870875.7739446,1,2,-86
1755870875.8109446,7,-1,-81
1755870875.8479445,2,2,-70
1755870875.8859446,5,1,-71
1755870875.9239447,-2,0,-65
1755870875.9599447,-3,0,-71
1755870875.9979446,-5,1,-80
1755870876.0359447,-4,-3,-81
1755870876.0749447,-6,1,-74
1755870876.1109445,-2,0,-78
1755870876.1479447,0,-3,-73
1755870876.1859446,-1,4,-79
1755870876.2249446,-5,5,-79
1755870876.2609446,0,3,-74
1755870876.2979443,-5,5,-78
1755870876.335945,2,4,-72
1755870876.3749447,0,0,-63
1755870876.4109447,3,-4,-73
1755870876.4479446,-2,4,-79
1755870876.4859445,0,0,-73
1755870876.5249443,4,-8,-75
1755870876.5609446,-1,-3,-74
1755870876.5999446,-4,0,-71
1755870876.6369443,-5,1,-74
1755870876.6759446,-1,1,-82
1755870876.7119446,-6,0,-77
1755870876.7499447,-2,-6,-71
1755870876.7869446,-2,0,-69
1755870876.825945,-3,-2,-78
1755870876.861945,-7,4,-69
1755870876.8989446,-1,6,-74
1755870876.9369447,4,0,-77
1755870876.9749446,8,8,-82
1755870877.0109446,10,0,-74
1755870877.0479443,-6,-6,-68
1755870877.0869446,-6,-6,-72
1755870877.1249447,0,4,-73
1755870877.1609447,-8,3,-75
1755870877.1979446,-3,-5,-72
1755870877.236945,0,-3,-81
1755870877.2749443,2,0,-77
1755870877.3109446,-1,0,-80
1755870877.348945,1,0,-87
1755870877.3869443,2,5,-75
1755870877.4249446,3,-1,-78
1755870877.460945,1,-1,-64
1755870877.4989443,-3,1,-71
1755870877.5369446,-2,0,-66
1755870877.5749447,0,3,-73
1755870877.6109445,2,1,-69
1755870877.6489446,0,0,-69
1755870877.6869447,-1,-1,-74
1755870877.7249446,0,-2,-82
1755870877.7609446,-3,-2,-75
1755870877.7989447,-5,-1,-72
1755870877.8369446,-2,6,-77
1755870877.8759446,-5,-1,-78
1755870877.9119446,1,2,-84
1755870877.9489446,6,2,-74
1755870877.986945,1,2,-71
1755870878.0229447,0,4,-78
1755870878.0599446,4,2,-67
1755870878.0979445,8,8,-64
1755870878.1369443,3,1,-73
1755870878.1729443,2,0,-77
1755870878.2099447,4,-3,-74
1755870878.2479446,2,5,-74
1755870878.2859447,1,0,-54
1755870878.3219447,5,0,-63
1755870878.3599446,-2,-3,-63
1755870878.3979447,-1,0,-78
1755870878.4369447,-6,-1,-71
1755870878.4729445,-4,-2,-81
1755870878.5119443,-7,-1,-70
1755870878.5489447,4,1,-72
1755870878.5869446,1,-6,-76
1755870878.6229446,4,3,-72
1755870878.6599443,8,0,-65
1755870878.6979446,0,-3,-70
1755870878.7359445,-3,2,-74
1755870878.7719443,-6,0,-69
1755870878.8099446,11,-3,-70
1755870878.8479445,5,1,-70
1755870878.8869443,4,3,-77
1755870878.9229443,10,5,-81
1755870878.9599447,9,2,-82
1755870878.9979446,16,2,-79
1755870879.0359447,10,3,-65
1755870879.0719447,4,0,-64
1755870879.1099446,2,0,-67
1755870879.1479447,-2,0,-70
1755870879.1859446,-3,-2,-72
1755870879.2219446,2,-2,-78
1755870879.259945,0,-8,-72
1755870879.2979443,-3,-4,-66
1755870879.3369446,1,0,-65
1755870879.3729446,-3,-3,-73
1755870879.4109447,-2,2,-78
1755870879.4489446,-5,1,-72
1755870879.4879446,-3,2,-69
1755870879.5259447,10,-5,-69
1755870879.5619447,0,-3,-82
1755870879.5999446,3,0,-70
1755870879.6379447,1,-1,-71
1755870879.6739447,0,-3,-67
1755870879.7119446,-1,-2,-70
1755870879.7499447,-1,0,-78
1755870879.7879446,4,0,-75
1755870879.8239446,0,2,-67
1755870879.8609445,-3,-2,-66
1755870879.8989446,0,3,-68
1755870879.9369447,0,7,-69
1755870879.9729445,5,-1,-71
1755870880.0109446,0,-2,-71
1755870880.0489447,1,-2,-70
1755870880.0879445,-1,2,-82
1755870880.1239443,-7,1,-77
1755870880.1609447,-2,3,-73
1755870880.1989446,-5,-2,-72
1755870880.2379446,-6,4,-77
1755870880.2739446,-2,2,-86
1755870880.3109446,3,5,-88
1755870880.348945,0,2,-71
1755870880.3869443,0,-2,-77
1755870880.4229443,3,-3,-82
1755870880.4599447,-2,-9,-79
1755870880.4989443,-6,-3,-73
1755870880.5369446,0,0,-68
1755870880.5729446,4,2,-83
1755870880.6099446,7,0,-82
1755870880.6479447,3,-3,-86
1755870880.6839447,-1,-6,-88
1755870880.7219446,-1,-4,-78
1755870880.759945,2,-8,-81
1755870880.7989447,2,0,-83
1755870880.8369446,-7,-1,-75
1755870880.8729446,-3,-2,-65
1755870880.9109447,1,0,-80
1755870880.9489446,3,-7,-76
1755870880.9879446,0,-3,-79
1755870881.0239446,1,0,-85
1755870881.0609446,-2,0,-74
1755870881.098945,-3,-3,-78
1755870881.1379447,-2,-6,-68
1755870881.1739447,-5,0,-63
1755870881.2119446,1,4,-65
1755870881.2489443,0,0,-78
1755870881.2869446,3,0,-79
1755870881.3229446,7,0,-75
1755870881.3599446,3,5,-71
1755870881.3979447,7,-1,-72
1755870881.4339447,0,1,-69
1755870881.4709446,-4,-6,-74
1755870881.5089445,-5,-3,-67
1755870881.5479443,-4,0,-78
1755870881.5839446,0,0,-78
1755870881.621945,1,4,-73
1755870881.6599443,-4,4,-75
1755870881.6989446,0,4,-70
1755870881.7349446,-3,0,-86
1755870881.7719443,0,0,-92
1755870881.8099446,1,3,-80
1755870881.8479445,0,2,-80
1755870881.8839445,-1,4,-84
1755870881.9219446,-5,3,-80
1755870881.9599447,1,-1,-84
1755870881.9989443,-3,2,-88
1755870882.0349443,-1,8,-84
1755870882.0719447,-1,5,-76
1755870882.1099446,6,4,-71
1755870882.1489446,5,-2,-68
1755870882.1849446,6,-6,-66
1755870882.2219446,1,1,-75
1755870882.259945,8,7,-75
1755870882.2979443,10,3,-74
1755870882.3339446,6,-6,-64
1755870882.371945,4,0,-81
1755870882.4099443,2,-3,-82
1755870882.4489446,0,-4,-75
1755870882.4849446,2,-4,-75
1755870882.5219443,5,-1,-82
1755870882.5599446,2,0,-87
1755870882.5979445,-3,2,-81
1755870882.6339445,-4,-5,-76
1755870882.6719446,-2,0,-71
1755870882.7099447,-4,0,-67
1755870882.7489443,-1,0,-69
1755870882.7849443,-6,-2,-72
1755870882.8229446,-4,0,-74
1755870882.8609445,0,-3,-64
1755870882.8999443,5,-3,-71
1755870882.937945,7,0,-79
1755870882.973945,3,1,-75
1755870883.0119443,2,2,-69
1755870883.0499446,4,3,-79
1755870883.0929446,5,-2,-74
1755870883.1309447,-1,-4,-77
1755870883.1699443,-5,-1,-76
1755870883.2059443,0,0,-85
1755870883.2429447,-11,-4,-80
1755870883.2809446,-4,-2,-79
1755870883.3199446,6,-1,-81
1755870883.3559446,-1,5,-80
1755870883.3929446,-6,0,-86
1755870883.4309447,0,-4,-77
1755870883.4699447,-8,1,-76
1755870883.5059447,-1,0,-79
1755870883.542945,-2,4,-84
1755870883.5809443,-1,0,-68
1755870883.6199446,-6,4,-67
1755870883.6559446,-7,0,-68
1755870883.6929443,-2,0,-70
1755870883.7309446,-7,-2,-74
1755870883.769945,-6,2,-67
1755870883.8059447,-6,6,-73
1755870883.8429446,-3,6,-73
1755870883.8809447,3,4,-68
1755870883.9189446,3,-5,-69
1755870883.9549446,3,-8,-73
1755870883.9919446,-3,-1,-70
1755870884.0309446,-4,7,-77
1755870884.0689447,3,4,-71
1755870884.1049447,2,-6,-70
1755870884.1419446,0,0,-71
1755870884.1809447,6,4,-72
1755870884.2189443,4,0,-78
1755870884.2549446,8,4,-78
1755870884.2919445,6,5,-62
1755870884.3299446,4,0,-74
1755870884.3659446,0,-2,-82
1755870884.4029446,8,-7,-78
1755870884.440945,-1,-5,-73
1755870884.4799447,-7,-1,-77
1755870884.5159447,-12,1,-73
1755870884.552945,3,1,-69
1755870884.5909443,-1,1,-67
1755870884.6289446,-3,-4,-80
1755870884.6649446,-2,0,-76
1755870884.7029445,-1,2,-65
1755870884.7409446,0,2,-66
1755870884.779945,-1,1,-80
1755870884.815945,1,0,-70
1755870884.8529446,1,-2,-81
1755870884.8909447,0,-1,-76
1755870884.9299445,-3,-6,-72
1755870884.9659443,2,-2,-79
1755870885.0029447,-4,2,-79
1755870885.0419445,1,8,-63
1755870885.0799446,-2,1,-81
1755870885.1159446,-9,-2,-85
1755870885.1539447,-6,-1,-78
1755870885.1919446,1,0,-72
1755870885.2309446,-5,-1,-79
1755870885.2669446,-3,0,-73
1755870885.3039446,-8,0,-77
1755870885.3419447,8,1,-85
1755870885.3799446,11,-2,-89
1755870885.4159446,1,0,-71
1755870885.4529445,2,3,-72
1755870885.4909446,1,-3,-74
1755870885.5269446,1,1,-72
1755870885.5639446,0,-1,-81
1755870885.6019447,0,0,-86
1755870885.6399446,1,2,-79
1755870885.6759446,-1,3,-73
1755870885.7129445,-5,1,-65
1755870885.7519443,-4,-1,-74
1755870885.7899446,-3,-5,-80
1755870885.825945,0,1,-81
1755870885.8629446,3,1,-74
1755870885.9009447,4,-2,-79
1755870885.9369447,6,0,-80
1755870885.973945,3,-3,-70
1755870886.0119443,4,4,-74
1755870886.0499446,0,3,-57
1755870886.085945,0,0,-54
1755870886.1229446,-1,-1,-73
1755870886.1619446,-4,-5,-70
1755870886.1999447,-2,-6,-62
1755870886.2359445,-2,0,-80
1755870886.2739446,-4,-1,-75
1755870886.3119447,1,2,-74
1755870886.3499446,5,2,-80
1755870886.3859446,0,2,-84
1755870886.4239447,-3,2,-80
1755870886.4619446,4,-5,-76
1755870886.4999447,0,-1,-76
1755870886.5359447,0,-2,-76
1755870886.5739446,1,2,-82
1755870886.611945,3,-2,-75
1755870886.6499443,-2,0,-68
1755870886.6859446,0,-1,-71
1755870886.7229445,-5,-1,-68
1755870886.7619443,0,-9,-72
1755870886.7979443,-3,-1,-79
1755870886.8369446,-4,0,-81
1755870886.8739443,-7,6,-80
1755870886.9119446,0,3,-76
1755870886.950945,-4,0,-73
1755870886.986945,1,2,-80
1755870887.0239446,2,1,-79
1755870887.0619447,0,0,-76
1755870887.0979445,2,-1,-72
1755870887.1359446,-3,5,-77
1755870887.1739447,-4,1,-82
1755870887.2119446,0,7,-74
1755870887.2509446,-5,0,-76
1755870887.2869446,0,5,-71
1755870887.3239446,-4,8,-83
1755870887.361945,0,1,-85
1755870887.4009447,5,-1,-77
1755870887.4369447,0,-4,-70
1755870887.473945,-4,-1,-72
1755870887.5129447,-6,0,-66
1755870887.5509446,-1,0,-75
1755870887.5869446,-2,-1,-75
1755870887.6259446,1,4,-74
1755870887.6629446,-4,0,-80
1755870887.7019446,-6,0,-63
1755870887.7379446,-2,-7,-66
1755870887.7759447,-1,-1,-54
1755870887.8139446,0,-3,-72
1755870887.8529446,6,-2,-68
1755870887.8909447,1,0,-82
1755870887.9269447,4,0,-70
1755870887.963945,-1,0,-63
1755870888.0029447,5,6,-71
1755870888.0409446,-3,3,-64
1755870888.0769446,0,9,-73
1755870888.1139443,4,0,-73
1755870888.1529446,-2,1,-84
1755870888.190945,5,1,-87
1755870888.2269447,7,2,-82
1755870888.2639446,2,0,-87
1755870888.302945,-3,-1,-73
1755870888.3409443,3,-8,-77
1755870888.3769443,8,-8,-83
1755870888.4139447,0,-9,-76
1755870888.4529445,-2,-6,-62
1755870888.4909446,-1,3,-73
1755870888.5269446,6,4,-68
1755870888.5639446,-3,3,-75
1755870888.6029446,-7,2,-90
1755870888.6389446,1,0,-82
1755870888.6759446,4,1,-73
1755870888.7129445,1,0,-86
1755870888.7519443,-7,0,-71
1755870888.7879446,-4,-4,-68
1755870888.825945,-5,-1,-68
1755870888.8639443,3,-6,-68
1755870888.9029446,-7,-11,-74
1755870888.9389446,3,-4,-73
1755870888.9769447,13,-2,-79
1755870889.0159447,3,-2,-69
1755870889.052945,8,-3,-71
1755870889.0919447,2,-8,-65
1755870889.1289446,0,7,-73
1755870889.1659446,-3,6,-74
1755870889.2039447,1,5,-80
1755870889.2419446,3,-3,-75
1755870889.2779446,-2,-2,-74
1755870889.3169446,-3,-7,-69
1755870889.3539443,0,-3,-64
1755870889.3929446,3,-3,-72
1755870889.4289446,-1,0,-67
1755870889.4659443,4,0,-76
1755870889.5039446,1,3,-70
1755870889.5419445,-3,-1,-73
1755870889.5779445,0,2,-74
1755870889.6149447,4,-4,-78
1755870889.6539447,0,-5,-83
1755870889.6919446,0,-2,-80
1755870889.7279446,-1,-3,-77
1755870889.7659447,2,-1,-70
1755870889.8039446,1,-6,-72
1755870889.8429446,3,0,-66
1755870889.8789446,-1,0,-69
1755870889.9159446,-8,0,-61
1755870889.9539447,0,-2,-76
1755870889.9929447,-1,3,-83
1755870890.0289447,1,7,-80
1755870890.0669446,-1,-7,-60
1755870890.1039443,-5,4,-71
1755870890.1429446,-8,4,-71
1755870890.1789446,-8,-1,-77
1755870890.2169447,0,-10,-74
1755870890.2549446,-4,-2,-80
1755870890.2939446,-5,-1,-86
1755870890.3299446,-1,-2,-85
1755870890.3679447,4,2,-79
1755870890.404945,-1,-1,-76
1755870890.4439447,3,-7,-75
1755870890.4799447,1,0,-84
1755870890.5179446,-2,0,-78
1755870890.5549445,-2,2,-77
1755870890.5939443,5,7,-74
1755870890.6299446,9,1,-84
1755870890.6669445,3,-6,-75
1755870890.7049446,1,-3,-83
1755870890.7439446,6,-7,-80
1755870890.779945,-3,-7,-88
1755870890.8179443,-4,-7,-69
1755870890.8559446,1,4,-72
1755870890.8939445,4,1,-71
1755870890.9299445,-5,0,-76
1755870890.9679446,6,-4,-65
1755870891.0049446,1,2,-61
1755870891.042945,3,6,-72
1755870891.0789447,1,0,-71
1755870891.1159446,7,-3,-69
1755870891.154945,0,-6,-76
1755870891.1929443,7,1,-71
1755870891.2289443,5,3,-73
1755870891.2659447,-2,1,-70
1755870891.3049445,0,-1,-69
1755870891.3429446,1,1,-75
1755870891.3789446,4,3,-72
1755870891.4159446,7,1,-78
1755870891.4539447,9,2,-70
1755870891.4899447,4,-3,-69
1755870891.5269446,5,0,-77
1755870891.5649445,3,0,-82
1755870891.6029446,-1,3,-78
1755870891.6389446,-1,3,-76
1755870891.6759446,-4,1,-81
1755870891.7149446,5,0,-70
1755870891.7529447,-1,0,-79
1755870891.7889447,-8,-3,-92
1755870891.8269446,-7,4,-90
1755870891.8649447,0,7,-82
1755870891.9039447,-1,0,-65
1755870891.9399445,2,-8,-77
1755870891.9769447,4,-2,-78
1755870892.0149446,-2,2,-79
1755870892.0539446,-8,1,-69
1755870892.0899446,-5,1,-71
1755870892.1269443,-2,0,-63
1755870892.1649446,-7,-6,-68
1755870892.2039447,-2,-4,-83
1755870892.2399447,-6,-5,-79
1755870892.2779446,0,-3,-82
1755870892.315945,3,0,-69
1755870892.3539443,6,0,-82
1755870892.3899446,13,1,-71
1755870892.4269447,2,2,-69
1755870892.4649446,1,-2,-68
1755870892.5039446,1,-3,-74
1755870892.5399446,1,-2,-71
1755870892.5769446,0,0,-71
1755870892.6149447,1,0,-79
1755870892.6509447,0,-1,-68
1755870892.6889446,-7,-2,-68
1755870892.7269447,-1,-1,-77
1755870892.7649446,-8,-1,-74
1755870892.8039446,-6,-4,-81
1755870892.8399446,5,-3,-75
1755870892.8769443,-2,2,-69
1755870892.9159446,0,0,-65
1755870892.9539447,-3,-6,-80
1755870892.9899447,4,-7,-72
1755870893.0269446,0,-3,-78
1755870893.065945,0,-1,-86
1755870893.1099446,-3,-1,-66
1755870893.1489446,-2,-1,-65
1755870893.1869447,-11,4,-64
1755870893.2249446,-2,-5,-64
1755870893.2609446,-2,-2,-70
1755870893.2989447,3,-12,-65
1755870893.3379445,4,-2,-66
1755870893.3759446,3,0,-80
1755870893.4139447,-4,-9,-69
1755870893.4499447,-2,-2,-77
1755870893.4879446,0,0,-71
1755870893.5259447,-3,9,-77
1755870893.5639446,-3,8,-73
1755870893.5999446,4,-2,-74
1755870893.6379447,9,2,-66
1755870893.6769447,13,-1,-68
1755870893.7149446,6,-1,-77
1755870893.7509446,0,-6,-73
1755870893.7879446,3,-6,-64
1755870893.8269446,7,-5,-77
1755870893.8649447,9,-6,-73
1755870893.9009447,6,1,-80
1755870893.937945,7,2,-81
1755870893.9769447,4,3,-79
1755870894.0149446,0,0,-81
1755870894.0509446,-1,-1,-86
1755870894.088945,0,2,-68
1755870894.1259446,1,-6,-66
1755870894.1649446,-1,-1,-78
1755870894.200945,-9,0,-71
1755870894.2379446,-3,3,-78
1755870894.2769446,0,0,-73
1755870894.3149445,4,0,-74
1755870894.3509445,5,0,-75
1755870894.3879447,0,-1,-69
1755870894.4269447,0,-1,-86
1755870894.4649446,-5,0,-74
1755870894.5009446,0,3,-72
1755870894.5379446,3,5,-67
1755870894.575945,1,3,-74
1755870894.611945,1,0,-77
1755870894.6489446,5,-2,-78
1755870894.687945,5,-4,-80
1755870894.7259445,8,3,-76
1755870894.7619443,4,3,-76
1755870894.7989447,1,-2,-70
1755870894.8369446,-1,-8,-70
1755870894.8759446,-8,2,-74
1755870894.9119446,-4,7,-77
1755870894.9499447,-3,4,-74
1755870894.9879446,-1,1,-80
1755870895.0269446,0,3,-75
1755870895.0649445,-3,0,-69
1755870895.1009445,-4,1,-77
1755870895.1379447,3,0,-75
1755870895.1769447,1,1,-74
1755870895.2149446,-1,7,-69
1755870895.2509446,-5,11,-74
1755870895.2879446,-1,3,-73
1755870895.3269446,-2,0,-65
1755870895.3649447,0,-6,-67
1755870895.4009447,-2,-4,-79
1755870895.4389446,4,0,-78
1755870895.4769447,4,0,-89
1755870895.5149446,4,1,-90
1755870895.5509446,-2,0,-84
1755870895.588945,0,4,-78
1755870895.6269443,4,3,-68
1755870895.6649446,2,-3,-68
1755870895.700945,5,0,-82
1755870895.7379446,7,7,-76
1755870895.7769446,6,0,-78
1755870895.812945,4,-2,-80
1755870895.8509445,6,2,-82
1755870895.8879447,-2,-4,-78
1755870895.9269447,-1,-2,-79
1755870895.9629445,5,2,-80
1755870895.9999447,-2,4,-76
1755870896.0379446,1,3,-83
1755870896.075945,3,4,-81
1755870896.111945,3,4,-74
1755870896.1499443,1,-1,-77
1755870896.187945,-10,2,-76
1755870896.2269447,-8,-4,-77
1755870896.2629447,-3,0,-67
1755870896.2999446,-4,0,-69
1755870896.3379445,3,0,-66
1755870896.3759446,0,3,-75
1755870896.4119446,4,11,-82
1755870896.4499447,-1,0,-79
1755870896.4879446,4,-1,-69
1755870896.5269446,4,1,-69
1755870896.562945,-2,-3,-67
1755870896.6009445,1,7,-73
1755870896.6389446,-3,-1,-83
1755870896.677945,-4,2,-89
1755870896.7159443,-5,-4,-84
1755870896.7519443,-9,-3,-78
1755870896.7899446,3,-1,-76
1755870896.8279445,1,0,-79
1755870896.8669446,3,0,-80
1755870896.9029446,3,0,-83
1755870896.940945,-1,-5,-72
1755870896.9789443,2,3,-67
1755870897.0169446,3,0,-62
1755870897.052945,-2,-3,-64
1755870897.0909443,-4,2,-75
1755870897.1289446,0,-5,-73
1755870897.167945,3,3,-73
1755870897.2059443,-2,0,-69
1755870897.2419446,-6,-3,-78
1755870897.279945,3,-8,-73
1755870897.3179443,2,0,-71
1755870897.3569446,1,-4,-77
1755870897.3929446,2,0,-81
1755870897.4299445,4,0,-89
1755870897.4679446,7,6,-84
1755870897.5059447,0,-4,-82
1755870897.5419445,0,-5,-79
1755870897.5789447,-9,-8,-70
1755870897.6179447,-3,-4,-79
1755870897.6539447,-3,-2,-70
1755870897.6919446,-1,1,-70
1755870897.7299447,-5,0,-69
1755870897.7679446,2,-5,-70
1755870897.8069446,0,-3,-73
1755870897.8429446,2,-5,-75
1755870897.8809447,3,-6,-78
1755870897.9189446,3,-4,-85
1755870897.9579446,1,0,-69
1755870897.9939446,-6,1,-66
1755870898.0309446,-4,1,-74
1755870898.0689447,1,-4,-75
1755870898.1079447,5,-1,-79
1755870898.1439445,5,0,-88
1755870898.1809447,4,4,-80
1755870898.2179446,4,1,-80
1755870898.2539446,2,1,-74
1755870898.2909446,0,4,-75
1755870898.3289447,-3,5,-87
1755870898.3679447,-6,4,-81
1755870898.4039447,-3,0,-77
1755870898.4419446,3,-1,-84
1755870898.4789443,3,1,-79
1755870898.5169446,4,-3,-82
1755870898.552945,4,0,-84
1755870898.5909443,0,2,-78
1755870898.6289446,0,0,-79
1755870898.6669445,-4,-2,-74
1755870898.7029445,-2,-2,-75
1755870898.7409446,-7,0,-76
1755870898.7789447,-2,4,-72
1755870898.8179443,8,1,-73
1755870898.8539443,1,3,-70
1755870898.8909447,-4,4,-68
1755870898.9289446,-3,5,-79
1755870898.9679446,2,4,-78
1755870899.0039446,-1,-1,-85
1755870899.0419445,-2,0,-79
1755870899.0799446,4,0,-80
1755870899.1179447,0,6,-68
1755870899.1539447,-3,-3,-82
1755870899.1919446,-2,1,-77
1755870899.2299447,-2,-6,-75
1755870899.2689445,-2,-2,-77
1755870899.3069446,1,0,-73
1755870899.3429446,6,2,-79
1755870899.3799446,6,0,-75
1755870899.417945,0,0,-71
1755870899.4539447,1,2,-75
1755870899.4919446,2,-5,-76
1755870899.5289447,1,-3,-76
1755870899.5679443,3,-2,-74
1755870899.6039443,1,1,-78
1755870899.6419446,7,4,-82
1755870899.6789446,-3,9,-74
1755870899.7179446,0,3,-73
1755870899.7539446,2,6,-75
1755870899.7909446,0,9,-79
1755870899.8289447,0,4,-65
1755870899.8649447,-4,3,-68
1755870899.9029446,-3,-4,-66
1755870899.940945,1,-6,-71
1755870899.9799447,0,-2,-69
1755870900.0179446,0,3,-74
1755870900.0539446,0,3,-76
1755870900.0909443,3,6,-74
1755870900.1299446,5,2,-74
1755870900.167945,2,0,-73
1755870900.2039447,0,-6,-76
1755870900.2409446,-2,3,-76
1755870900.279945,1,-2,-77
1755870900.3179443,-5,-5,-81
1755870900.3539443,5,-5,-84
1755870900.3909447,5,-1,-76
1755870900.4299445,-4,-3,-77
1755870900.4679446,0,-6,-80
1755870900.5039446,0,2,-77
1755870900.5409446,5,-1,-76
1755870900.5799446,5,4,-70
1755870900.6179447,2,0,-76
1755870900.6539447,-4,-6,-72
1755870900.6929443,-10,1,-68
1755870900.7299447,-4,1,-75
1755870900.7689445,-2,-3,-80
1755870900.8049445,0,4,-77
1755870900.8419447,8,5,-66
1755870900.8799446,0,3,-74
1755870900.917945,-10,8,-74
1755870900.9539447,-11,0,-68
1755870900.9909446,0,0,-63
1755870901.0289447,2,-2,-63
1755870901.0649445,0,-3,-73
1755870901.1029446,4,-6,-87
1755870901.1409447,0,1,-81
1755870901.1789446,4,8,-75
1755870901.2149446,4,5,-70
1755870901.2519443,14,-2,-74
1755870901.2899446,8,2,-72
1755870901.3289447,-2,6,-82
1755870901.3649447,-4,4,-83
1755870901.4029446,0,2,-77
1755870901.4399445,-8,-2,-85
1755870901.4789443,-7,-9,-69
1755870901.5149446,-6,0,-77
1755870901.552945,-3,5,-78
1755870901.5909443,0,-2,-71
1755870901.6299446,-2,1,-74
1755870901.6659446,0,0,-75
1755870901.7029445,3,2,-83
1755870901.7409446,1,-4,-88
1755870901.779945,3,-7,-72
1755870901.815945,0,0,-75
1755870901.8529446,3,4,-71
1755870901.8909447,6,-3,-83
1755870901.9299445,4,0,-70
1755870901.9659443,2,-2,-69
1755870902.0029447,-5,0,-73
1755870902.0409446,4,1,-84
1755870902.0789447,-3,-1,-74
1755870902.1149447,-4,-2,-70
1755870902.1539447,2,-4,-71
1755870902.190945,-9,0,-67
1755870902.2299447,2,-5,-62
1755870902.2659447,4,-6,-72
1755870902.3039446,2,-8,-74
1755870902.3429446,4,1,-80
1755870902.3809447,2,0,-64
1755870902.4189446,-2,0,-88
1755870902.4549446,-4,1,-79
1755870902.4919446,-3,8,-79
1755870902.5309446,3,5,-63
1755870902.5689447,3,1,-80
1755870902.6049447,-5,-1,-78
1755870902.6429446,1,-4,-79
1755870902.6809447,3,-3,-81
1755870902.7199447,5,2,-76
1755870902.7559447,7,2,-75
1755870902.792945,-5,0,-74
1755870902.8309443,2,-3,-81
1755870902.8699446,-1,-2,-70
1755870902.9059446,-1,2,-73
1755870902.9429443,-6,-2,-67
1755870902.9809446,-3,1,-78
1755870903.019945,-2,0,-66
1755870903.0559447,7,0,-80
1755870903.0929446,1,-2,-70
1755870903.1369443,3,0,-80
1755870903.1759446,4,0,-76
1755870903.2129445,3,0,-81
1755870903.2509446,-1,0,-69
1755870903.2869446,-7,-3,-77
1755870903.3249447,2,-3,-79
1755870903.3629446,0,-1,-71
1755870903.4009447,-1,-5,-73
1755870903.4399445,2,-7,-76
1755870903.4759445,8,0,-83
1755870903.5129447,0,-2,-74
1755870903.5509446,4,4,-76
1755870903.5869446,3,2,-66
1755870903.6239443,-3,-1,-73
1755870903.6619446,-4,0,-81
1755870903.700945,5,2,-79
1755870903.736945,5,3,-89
1755870903.7739446,3,4,-81
1755870903.812945,3,0,-86
1755870903.8509445,12,0,-86
1755870903.8869443,4,7,-82
1755870903.9239447,0,3,-66
1755870903.9619446,2,5,-80
1755870903.9999447,4,0,-70
1755870904.0359447,4,0,-70
1755870904.0739446,-3,0,-74
1755870904.111945,0,0,-71
1755870904.1499443,4,0,-78
1755870904.1859446,0,-1,-71
1755870904.223945,4,-2,-69
1755870904.2619443,4,-4,-76
1755870904.3009446,-2,-6,-77
1755870904.3369446,-6,1,-74
1755870904.3739443,-6,-6,-84
1755870904.4119446,-5,-2,-80
1755870904.450945,1,-4,-74
1755870904.486945,-6,0,-74
1755870904.5239446,-13,1,-69
1755870904.5619447,3,-4,-62
1755870904.6009445,0,-4,-79
1755870904.6369443,3,0,-88
1755870904.6749446,1,7,-69
1755870904.7119446,0,3,-76
1755870904.7509446,-4,3,-79
1755870904.7869446,-5,5,-74
1755870904.8249447,-8,-7,-73
1755870904.861945,-5,-3,-71
1755870904.9009447,-5,-4,-79
1755870904.9369447,-4,0,-86
1755870904.973945,1,-12,-86
1755870905.0119443,10,-3,-87
1755870905.0509446,-8,1,-75
1755870905.0869446,-5,-1,-80
1755870905.1249447,2,5,-73
1755870905.1619446,2,-4,-66
1755870905.200945,0,2,-63
1755870905.236945,1,0,-66
1755870905.2749443,4,1,-79
1755870905.3119447,4,5,-69
1755870905.3479445,6,4,-66
1755870905.384945,-1,0,-71
1755870905.4229443,0,-3,-67
1755870905.4619446,1,-4,-71
1755870905.4979446,-1,2,-71
1755870905.5349443,-7,3,-71
1755870905.5729446,0,-4,-78
1755870905.611945,6,-2,-73
1755870905.6479447,0,0,-79
1755870905.6849446,3,2,-67
1755870905.7229445,3,0,-76
1755870905.7609446,0,-2,-80
1755870905.7969446,0,2,-72
1755870905.835945,-3,2,-66
1755870905.8729446,0,-2,-68
1755870905.9119446,3,4,-84
1755870905.9479446,4,7,-88
1755870905.9849446,0,0,-77
1755870906.0229447,1,4,-80
1755870906.0609446,1,6,-71
1755870906.0969446,2,-4,-71
1755870906.1339445,5,-1,-80
1755870906.1729443,9,-4,-85
1755870906.210945,0,-5,-81
1755870906.246945,-6,0,-80
1755870906.2839446,4,1,-72
1755870906.3219447,10,2,-76
1755870906.3579447,-1,1,-79
1755870906.394945,-5,0,-80
1755870906.4329443,1,0,-72
1755870906.4709446,0,0,-87
1755870906.506945,-4,-3,-76
1755870906.5449443,1,4,-70
1755870906.5829446,-2,0,-78
1755870906.6189446,-8,1,-73
1755870906.6559446,-2,1,-76
1755870906.6939447,0,-10,-72
1755870906.7329447,6,0,-74
1755870906.7689445,-1,3,-70
1755870906.8059447,0,-3,-85
1755870906.8439443,4,-2,-78
1755870906.8829446,3,-2,-77
1755870906.9189446,1,-1,-86
1755870906.9559443,1,-12,-75
1755870906.9939446,2,2,-73
1755870907.032945,-1,1,-77
1755870907.0689447,0,3,-73
1755870907.1059446,9,-2,-80
1755870907.1439445,9,-9,-93
1755870907.1829443,1,-3,-81
1755870907.2189443,4,2,-72
1755870907.2559447,1,0,-81
1755870907.2939446,-1,1,-85
1755870907.3319447,-4,7,-75
1755870907.3679447,-4,13,-74
1755870907.4059446,-3,3,-79
1755870907.4439447,2,4,-75
1755870907.4819446,6,0,-71
1755870907.5179446,-3,0,-75
1755870907.5559447,0,0,-78
1755870907.5939443,-4,5,-67
1755870907.631945,6,-4,-66
1755870907.667945,8,-8,-78
1755870907.7049446,0,1,-73
1755870907.7439446,5,5,-82
1755870907.7819445,2,0,-79
1755870907.8179443,6,-1,-88
1755870907.8549447,5,-3,-90
1755870907.8939445,1,-1,-83
1755870907.9319446,0,0,-72
1755870907.9679446,3,-3,-79
1755870908.0049446,-2,-9,-88
1755870908.0439446,3,0,-71
1755870908.0819447,1,3,-77
1755870908.1179447,0,1,-71
1755870908.154945,0,0,-80
1755870908.1929443,-1,-2,-72
1755870908.2299447,3,0,-69
1755870908.2669446,-9,-6,-62
1755870908.3049445,-6,0,-73
1755870908.3439443,-3,-8,-76
1755870908.3799446,-2,0,-73
1755870908.417945,5,-1,-66
1755870908.4569447,6,1,-73
1755870908.4939446,0,0,-72
1755870908.529945,-3,4,-69
1755870908.5669446,0,-1,-74
1755870908.6049447,1,0,-67
1755870908.6429446,3,0,-81
1755870908.6789446,6,-1,-89
1755870908.7169447,1,-5,-87
1755870908.7549446,-2,-6,-75
1755870908.7939446,-2,-6,-76
1755870908.8309443,5,1,-74
1755870908.8679447,-4,8,-70
1755870908.9059446,2,-3,-80
1755870908.9439447,-1,1,-68
1755870908.9829447,2,6,-81
1755870909.0189445,9,-1,-73
1755870909.0559447,3,-1,-72
1755870909.0949447,-4,0,-66
1755870909.1329446,-6,0,-80
1755870909.1689446,-7,1,-77
1755870909.2059443,-14,3,-74
1755870909.2449446,-5,6,-70
1755870909.282945,0,0,-71
1755870909.3189447,2,-4,-78
1755870909.3559446,2,0,-74
1755870909.3939445,7,-2,-68
1755870909.4299445,5,-4,-73
1755870909.4679446,0,-8,-71
1755870909.5059447,-3,-4,-64
1755870909.5449443,-9,2,-77
1755870909.5829446,2,7,-79
1755870909.6189446,0,0,-79
1755870909.6559446,8,0,-70
1755870909.6939447,-5,0,-71
1755870909.7299447,-2,-1,-77
1755870909.7679446,1,0,-84
1755870909.8059447,0,-5,-68
1755870909.8439443,-2,0,-77
1755870909.8799446,2,-4,-71
1755870909.9169445,3,-7,-67
1755870909.9549446,4,5,-78
1755870909.9939446,5,1,-77
1755870910.029945,0,0,-84
1755870910.0669446,0,4,-70
1755870910.1059446,9,0,-68
1755870910.1439445,2,0,-67
1755870910.1799445,-1,-1,-67
1755870910.2179446,-5,-8,-66
1755870910.2559447,5,-4,-76
1755870910.2949443,6,2,-66
1755870910.3309443,1,-1,-71
1755870910.3679447,6,2,-81
1755870910.4059446,3,0,-87
1755870910.4439447,1,-5,-80
1755870910.4799447,-4,-2,-79
1755870910.5179446,2,-8,-71
1755870910.5559447,0,-2,-64
1755870910.5949447,-3,-6,-69
1755870910.6309447,-1,-12,-73
1755870910.6689446,-2,0,-81
1755870910.7069447,-4,-7,-71
1755870910.7449446,5,-1,-73
1755870910.7839446,-1,-3,-80
1755870910.8199446,2,-1,-75
1755870910.8579447,-1,-1,-81
1755870910.8969443,0,3,-72
1755870910.9349446,3,6,-69
1755870910.9709446,7,3,-65
1755870911.0089445,3,0,-67
1755870911.0469446,8,0,-61
1755870911.0849447,2,0,-68
1755870911.1209445,0,4,-71
1755870911.157945,6,-2,-84
1755870911.1959443,11,-3,-79
1755870911.2349446,10,0,-68
1755870911.2719443,8,5,-68
1755870911.3089447,3,2,-81
1755870911.3469446,-1,1,-77
1755870911.384945,1,1,-70
1755870911.4209447,0,1,-67
1755870911.4589446,4,-2,-74
1755870911.4959445,-4,1,-75
1755870911.5349443,0,-1,-82
1755870911.5709443,4,-3,-77
1755870911.608945,-1,-6,-61
1755870911.6469443,3,-1,-63
1755870911.6859446,5,2,-67
1755870911.723945,1,3,-77
1755870911.759945,-2,1,-77
1755870911.7969446,-1,0,-71
1755870911.835945,-2,-3,-85
1755870911.871945,1,4,-82
1755870911.9089446,-2,5,-77
1755870911.9469447,-7,5,-71
1755870911.9859445,-6,-4,-80
1755870912.0219443,-8,2,-66
1755870912.0589447,-7,-1,-70
1755870912.0969446,-5,4,-76
1755870912.1359446,0,-2,-68
1755870912.1719446,-4,-3,-58
1755870912.2099447,-2,-5,-67
1755870912.2479446,2,-1,-74
1755870912.2859447,4,2,-74
1755870912.3249447,0,1,-76
1755870912.3609445,-1,0,-78
1755870912.3979447,0,-4,-68
1755870912.4359446,1,-1,-74
1755870912.4749446,0,0,-73
1755870912.5109446,3,2,-75
1755870912.5479443,-3,0,-72
1755870912.585945,-2,-8,-76
1755870912.6249447,-3,-2,-78
1755870912.6609447,-4,-1,-72
1755870912.6989446,4,4,-71
1755870912.7379446,6,1,-74
1755870912.7759447,7,-3,-81
1755870912.8119447,2,-3,-73
1755870912.8499446,9,-1,-61
1755870912.8879447,7,-4,-74
1755870912.9269447,6,4,-72
1755870912.9649446,-1,0,-77
1755870913.0009446,0,6,-75
1755870913.0379446,-4,-1,-83
1755870913.0769446,1,3,-76
1755870913.1149447,-4,-4,-72
1755870913.1589446,-5,-1,-68
1755870913.1969447,-8,4,-69
1755870913.2359445,2,-3,-61
1755870913.2719443,1,-4,-73
1755870913.3089447,-3,0,-77
1755870913.3469446,-4,-1,-72
1755870913.3859446,-1,-2,-71
1755870913.4219446,-2,-4,-73
1755870913.4599447,-2,3,-71
1755870913.4989443,5,8,-73
1755870913.5369446,6,-2,-73
1755870913.5749447,0,-3,-84
1755870913.611945,4,0,-71
1755870913.6489446,0,2,-78
1755870913.6869447,-5,3,-67
1755870913.7229445,-1,0,-54
1755870913.7619443,-7,1,-63
1755870913.7989447,1,0,-64
1755870913.8369446,3,-2,-73
1755870913.8759446,-2,-8,-82
1755870913.9119446,-4,-1,-82
1755870913.9499447,2,0,-80
1755870913.986945,7,-2,-81
1755870914.0259447,1,-1,-77
1755870914.0619447,0,-2,-65
1755870914.098945,3,-3,-83
1755870914.1369443,4,-3,-85
1755870914.1759446,-5,-2,-71
1755870914.2119446,-3,0,-75
1755870914.2499447,-5,-4,-80
1755870914.2879446,-3,-4,-70
1755870914.3269446,0,-4,-75
1755870914.3629446,0,9,-85
1755870914.4009447,-4,3,-77
1755870914.4389446,1,-3,-68
1755870914.4779446,0,-7,-80
1755870914.5159447,0,0,-74
1755870914.5519447,2,-4,-68
1755870914.588945,-2,-1,-73
1755870914.6279447,0,0,-76
1755870914.6659446,2,-5,-75
1755870914.7019446,-1,-2,-78
1755870914.7399447,-10,-1,-76
1755870914.7779446,-1,0,-69
1755870914.8169446,-1,5,-73
1755870914.8529446,0,1,-80
1755870914.8909447,-8,-1,-76
1755870914.9289446,2,5,-68
1755870914.9679446,-4,6,-72
1755870915.0059447,-1,2,-66
1755870915.0419445,-1,-7,-87
1755870915.0799446,-4,-3,-73
1755870915.1179447,1,-9,-88
1755870915.1569445,0,-6,-75
1755870915.1929443,8,-5,-78
1755870915.2299447,5,-2,-68
1755870915.2679446,0,-5,-92
1755870915.3069446,-3,7,-82
1755870915.3429446,-5,7,-87
1755870915.3809447,-1,1,-82
1755870915.4199443,3,-5,-75
1755870915.4579446,0,-4,-79
1755870915.4939446,2,-3,-78
1755870915.5309446,-5,1,-70
1755870915.5689447,-7,-1,-70
1755870915.6079447,6,5,-75
1755870915.6439445,4,-2,-68
1755870915.6819446,2,-7,-69
1755870915.7199447,0,-6,-65
1755870915.7579446,0,-1,-89
1755870915.7969446,-3,-3,-82
1755870915.8329446,-3,1,-86
1755870915.8699446,0,2,-77
1755870915.907945,0,2,-68
1755870915.9439447,-3,0,-74
1755870915.9819446,-7,-5,-70
1755870916.019945,-2,10,-82
1755870916.0579443,2,3,-77
1755870916.0939443,2,-3,-74
1755870916.1309447,-4,-3,-68
1755870916.1699443,-1,1,-72
1755870916.2079446,-2,0,-70
1755870916.2439446,-2,-3,-82
1755870916.2819445,0,-5,-74
1755870916.3199446,-4,-2,-78
1755870916.358945,2,4,-73
1755870916.3969443,-5,-9,-77
1755870916.4329443,-6,-6,-70
1755870916.4709446,0,-2,-66
1755870916.5089445,5,2,-76
1755870916.5469446,6,3,-70
1755870916.5829446,5,2,-73
1755870916.6199446,1,0,-72
1755870916.657945,4,1,-65
1755870916.6939447,7,4,-72
1755870916.7309446,0,3,-69
1755870916.7689445,0,2,-72
1755870916.8069446,0,-3,-73
1755870916.8429446,0,-6,-70
1755870916.8809447,8,0,-85
1755870916.9189446,3,0,-74
1755870916.9579446,5,0,-70
1755870916.9939446,0,0,-76
1755870917.0309446,3,1,-61
1755870917.0689447,7,5,-64
1755870917.1069446,3,-1,-69
1755870917.1429446,5,-2,-77
1755870917.1809447,2,-5,-74
1755870917.2189443,0,-7,-82
1755870917.2579446,-1,-1,-74
1755870917.2939446,0,1,-86
1755870917.3309443,1,0,-83
1755870917.3689446,3,-2,-78
1755870917.404945,0,-4,-78
1755870917.4439447,0,-5,-88
1755870917.4809446,5,-6,-78
1755870917.5189445,1,0,-72
1755870917.5549445,-1,-2,-68
1755870917.5939443,2,3,-74
1755870917.6309447,2,3,-73
1755870917.6689446,3,3,-79
1755870917.7049446,6,11,-74
1755870917.7419446,5,2,-79
1755870917.7789447,3,-4,-75
1755870917.8179443,4,-1,-73
1755870917.8539443,6,0,-75
1755870917.8909447,4,-3,-71
1755870917.9289446,4,-5,-79
1755870917.9679446,1,1,-75
1755870918.0039446,-4,-3,-79
1755870918.0419445,0,-7,-80
1755870918.0799446,-1,0,-81
1755870918.1189446,1,-2,-69
1755870918.154945,2,0,-74
1755870918.1919446,1,-4,-66
1755870918.2299447,5,-2,-73
1755870918.2689445,1,1,-76
1755870918.3049445,0,0,-72
1755870918.3419447,-1,2,-76
1755870918.3799446,-2,4,-78
1755870918.4189446,0,0,-71
1755870918.4549446,0,-6,-76
1755870918.4919446,-9,2,-78
1755870918.529945,6,7,-81
1755870918.5679443,7,5,-78
1755870918.6039443,8,2,-80
1755870918.6419446,5,0,-77
1755870918.6799445,2,2,-77
1755870918.7179446,0,3,-70
1755870918.7539446,0,3,-69
1755870918.7909446,4,0,-82
1755870918.8289447,-2,1,-76
1755870918.8649447,-3,1,-72
1755870918.9019446,-4,-3,-76
1755870918.9399445,-6,-3,-75
1755870918.9789443,-3,8,-81
1755870919.0149446,2,7,-75
1755870919.0519447,1,2,-65
1755870919.0899446,5,0,-77
1755870919.1289446,1,0,-82
1755870919.1649446,2,-1,-74
1755870919.2019446,-2,-2,-80
1755870919.2399447,-2,-6,-91
1755870919.2789447,0,-4,-71
1755870919.3149445,-2,1,-73
1755870919.3519447,-2,-1,-82
1755870919.3899446,3,0,-69
1755870919.4259446,4,1,-75
1755870919.4629445,1,0,-72
1755870919.4999447,-3,-3,-69
1755870919.5389447,0,-5,-78
1755870919.5749447,-1,-4,-65
1755870919.6129446,8,-1,-70
1755870919.6519446,4,-4,-83
1755870919.6899445,8,-3,-80
1755870919.7259445,7,-2,-79
1755870919.7629447,6,-5,-75
1755870919.8019447,3,-3,-80
1755870919.8399446,1,-2,-79
1755870919.8759446,0,-5,-82
1755870919.9129446,7,-1,-91
1755870919.9519446,4,-3,-79
1755870919.9899447,4,1,-73
1755870920.0259447,0,-2,-77
1755870920.062945,-9,0,-78
1755870920.1019447,1,-4,-76
1755870920.1399446,5,3,-77
1755870920.1759446,1,5,-82
1755870920.2129445,-3,6,-82
1755870920.2519443,-1,1,-80
1755870920.2899446,2,0,-80
1755870920.325945,4,1,-81
1755870920.3629446,3,-3,-64
1755870920.4019446,-3,-4,-64
1755870920.4399445,-3,7,-71
1755870920.4759445,-3,10,-72
1755870920.5129447,0,4,-70
1755870920.5509446,6,3,-81
1755870920.588945,6,0,-74
1755870920.6249447,-2,4,-81
1755870920.6629446,0,2,-76
1755870920.700945,-9,1,-72
1755870920.7399447,-8,-2,-79
1755870920.7759447,0,2,-65
1755870920.812945,0,0,-68
1755870920.8509445,2,-4,-69
1755870920.8869443,5,-4,-85
1755870920.9239447,5,3,-84
1755870920.960945,0,-2,-73
1755870920.9999447,0,3,-70
1755870921.0359447,0,2,-70
1755870921.0729446,3,-5,-78
1755870921.1109445,10,-3,-73
1755870921.1499443,8,0,-72
1755870921.1859446,0,3,-73
1755870921.2229445,3,2,-78
1755870921.2609446,-9,0,-73
1755870921.2999446,-5,4,-82
1755870921.335945,1,0,-85
1755870921.3729446,0,-5,-89
1755870921.4109447,-4,-5,-73
1755870921.4499447,-6,-4,-77
1755870921.4859445,1,0,-80
1755870921.5229447,0,0,-74
1755870921.5619447,-1,6,-73
1755870921.5999446,-3,8,-75
1755870921.6359446,-1,0,-74
1755870921.6729443,-8,6,-74
1755870921.7119446,-9,0,-80
1755870921.7499447,0,-1,-87
1755870921.7859447,-4,-1,-80
1755870921.8239446,4,-3,-83
1755870921.861945,1,2,-76
1755870921.9009447,1,0,-77
1755870921.9369447,0,-2,-81
1755870921.973945,1,6,-76
1755870922.0119443,-2,3,-86
1755870922.0499446,0,0,-70
1755870922.085945,11,-4,-70
1755870922.1239443,4,-7,-66
1755870922.1619446,3,-1,-62
1755870922.200945,9,-1,-63
1755870922.236945,5,-2,-74
1755870922.2749443,5,-8,-63
1755870922.3119447,-5,-7,-71
1755870922.3509445,-1,-4,-70
1755870922.3869443,2,0,-74
1755870922.4239447,6,0,-73
1755870922.4619446,-2,-2,-67
1755870922.4999447,-5,-3,-65
1755870922.5359447,-4,-1,-79
1755870922.5739446,6,3,-78
1755870922.611945,4,1,-73
1755870922.6479447,-5,-3,-78
1755870922.6859446,3,0,-69
1755870922.723945,4,-1,-68
1755870922.7619443,-3,7,-70
1755870922.7979443,-2,3,-70
1755870922.8349447,-1,-3,-72
1755870922.8729446,3,0,-70
1755870922.9119446,0,0,-78
1755870922.9479446,5,3,-71
1755870922.9849446,7,-1,-80
1755870923.0229447,9,-7,-70
1755870923.0619447,4,-2,-78
1755870923.0979445,6,-4,-86
1755870923.134945,8,-5,-84
1755870923.1809447,6,-3,-77
1755870923.2169447,4,-3,-71
1755870923.2549446,2,-3,-67
1755870923.292945,-7,0,-69
1755870923.3319447,-1,-2,-70
1755870923.3679447,-6,-2,-76
1755870923.4059446,-2,-5,-65
1755870923.4439447,0,1,-76
1755870923.4829447,0,4,-80
1755870923.5209446,-7,0,-88
1755870923.5569446,5,0,-88
1755870923.5939443,2,-1,-78
1755870923.6329446,5,0,-77
1755870923.6709447,6,-2,-92
1755870923.7069447,0,0,-87
1755870923.7439446,1,3,-79
1755870923.7819445,-7,0,-79
1755870923.8179443,-4,-1,-74
1755870923.8569446,-3,2,-79
1755870923.8939445,-5,-2,-77
1755870923.9329443,0,-4,-71
1755870923.9709446,3,-3,-80
1755870924.006945,-3,0,-73
1755870924.0439446,3,-6,-76
1755870924.0829446,4,-2,-66
1755870924.1209445,-1,-1,-63
1755870924.1569445,3,1,-62
1755870924.1939447,1,0,-74
1755870924.2329447,0,1,-73
1755870924.2709446,-2,2,-75
1755870924.3069446,-5,1,-63
1755870924.3439443,0,-1,-76
1755870924.3829446,-4,5,-70
1755870924.4209447,-1,1,-66
1755870924.4569447,0,4,-58
1755870924.4959445,0,-2,-71
1755870924.5339446,0,1,-70
1755870924.5719447,9,-6,-78
1755870924.6079447,0,-7,-71
1755870924.6459446,-2,0,-75
1755870924.6839447,0,1,-80
1755870924.7219446,-4,2,-89
1755870924.7589445,1,-1,-85
1755870924.7959447,5,-2,-68
1755870924.8339446,11,-1,-64
1755870924.8729446,3,-7,-65
1755870924.9089446,6,-11,-74
1755870924.9459443,3,-7,-85
1755870924.983945,-6,-4,-82
1755870925.0229447,4,2,-67
1755870925.0589447,0,5,-74
1755870925.0959446,3,1,-82
1755870925.1339445,2,-2,-76
1755870925.1719446,-1,-1,-80
1755870925.2079446,0,4,-87
1755870925.2449446,4,2,-84
1755870925.282945,1,10,-73
1755870925.3189447,2,1,-65
1755870925.3569446,0,0,-61
1755870925.3939445,4,1,-64
1755870925.4319446,1,2,-65
1755870925.4679446,-7,4,-72
1755870925.5049446,1,-1,-75
1755870925.5439446,-2,4,-73
1755870925.5819447,-4,-4,-67
1755870925.6179447,-1,1,-74
1755870925.654945,-2,3,-73
1755870925.6939447,1,3,-80
1755870925.7319446,-1,1,-76
1755870925.7679446,-2,-2,-69
1755870925.8059447,0,3,-78
1755870925.8439443,5,-1,-65
1755870925.8829446,-3,5,-84
1755870925.9189446,0,9,-90
1755870925.9569447,-2,6,-77
1755870925.9949446,2,-3,-71
1755870926.032945,0,-5,-71
1755870926.0689447,-3,-3,-76
1755870926.1069446,4,-5,-82
1755870926.144945,2,-2,-84
1755870926.1839447,-3,6,-69
1755870926.2199447,6,6,-75
1755870926.256945,6,2,-80
1755870926.2959447,0,0,-74
1755870926.3339446,6,4,-65
1755870926.3699446,1,-2,-67
1755870926.407945,2,-5,-71
1755870926.4459443,-1,0,-78
1755870926.483945,3,0,-66
1755870926.519945,3,-5,-73
1755870926.5569446,-4,-8,-78
1755870926.5949447,6,-6,-79
1755870926.6339445,-1,-4,-79
1755870926.6699443,-4,-2,-76
1755870926.7079446,-3,6,-69
1755870926.7459445,-1,5,-77
1755870926.7839446,-4,10,-82
1755870926.8229446,-1,2,-76
1755870926.858945,1,-3,-79
1755870926.8959446,4,0,-66
1755870926.9349446,1,0,-76
1755870926.9729445,4,0,-78
1755870927.0089445,3,-7,-85
1755870927.0459447,-2,0,-71
1755870927.0849447,7,-7,-78
1755870927.1229446,0,-3,-76
1755870927.1589446,-5,-2,-88
1755870927.1969447,2,-1,-73
1755870927.2349446,1,4,-71
1755870927.2729447,3,0,-68
1755870927.3089447,4,-3,-71
1755870927.3459446,3,3,-69
1755870927.3839445,-4,4,-65
1755870927.4199443,-2,2,-64
1755870927.4579446,-2,0,-72
1755870927.4959445,-7,2,-83
1755870927.5349443,-6,8,-73
1755870927.5729446,1,6,-77
1755870927.6099446,12,12,-76
1755870927.6469443,3,5,-73
1755870927.6849446,1,4,-80
1755870927.7229445,0,4,-81
1755870927.7589445,-6,9,-72
1755870927.7959447,1,7,-63
1755870927.8339446,0,3,-75
1755870927.8699446,0,5,-71
1755870927.9069445,0,3,-73
1755870927.9449446,-1,0,-70
1755870927.983945,0,1,-56
1755870928.019945,-2,7,-64
1755870928.0569446,3,2,-65
1755870928.0949447,0,7,-74
1755870928.131945,3,3,-63
1755870928.1689446,-1,11,-74
1755870928.2069447,4,6,-74
1755870928.2449446,4,7,-78
1755870928.2839446,10,-1,-90
1755870928.3199446,3,0,-83
1755870928.3579447,-1,0,-72
1755870928.394945,0,1,-71
1755870928.4309447,0,6,-71
1755870928.4689443,-4,4,-73
1755870928.5079446,0,1,-70
1755870928.5449443,2,-3,-78
1755870928.5839446,2,2,-69
1755870928.6199446,0,-2,-82
1755870928.657945,-5,7,-76
1755870928.6949446,-4,0,-78
1755870928.733945,-5,-2,-73
1755870928.769945,3,-1,-74
1755870928.8069446,-8,-7,-72
1755870928.8459446,3,-5,-81
1755870928.8839445,0,2,-88
1755870928.9199443,1,1,-89
1755870928.9569447,1,0,-81
1755870928.9959445,7,4,-78
1755870929.0339446,9,7,-80
1755870929.0699446,3,6,-71
1755870929.1079447,-2,6,-76
1755870929.1459446,-1,3,-62
1755870929.1839447,1,3,-77
1755870929.2199447,13,1,-72
1755870929.256945,2,0,-84
1755870929.2959447,0,6,-78
1755870929.3339446,-3,3,-78
1755870929.3699446,0,0,-69
1755870929.4069445,-1,-2,-70
1755870929.4459443,-2,-2,-69
1755870929.483945,-1,-2,-67
1755870929.519945,0,-9,-75
1755870929.5569446,1,-4,-74
1755870929.5959446,2,-2,-75
1755870929.6339445,-3,3,-65
1755870929.6699443,0,5,-72
1755870929.7069447,-6,-6,-76
1755870929.7459445,-8,1,-80
1755870929.7839446,0,7,-75
1755870929.8199446,-2,2,-75
1755870929.8569446,-4,4,-69
1755870929.8959446,-2,-7,-67
1755870929.9319446,-3,-4,-74
1755870929.9699447,1,-4,-76
1755870930.0079446,-9,-4,-81
1755870930.0459447,-2,-3,-80
1755870930.0849447,1,-3,-84
1755870930.1209445,-2,4,-67
1755870930.1589446,-1,3,-75
1755870930.1969447,-3,5,-84
1755870930.2359445,-6,-2,-77
1755870930.2719443,-3,0,-74
1755870930.3089447,2,4,-74
1755870930.3459446,0,2,-77
1755870930.381945,3,-1,-80
1755870930.4199443,-3,-6,-91
1755870930.4579446,-5,-4,-76
1755870930.4959445,2,-5,-67
1755870930.5349443,0,2,-80
1755870930.5709443,0,0,-88
1755870930.6079447,3,7,-79
1755870930.6469443,-12,-5,-83
1755870930.6849446,-4,7,-69
1755870930.7209446,-3,6,-74
1755870930.7589445,-1,-3,-82
1755870930.7979443,-4,0,-72
1755870930.835945,-4,2,-71
1755870930.871945,1,1,-76
1755870930.9089446,-2,1,-76
1755870930.9469447,8,1,-81
1755870930.9859445,3,3,-74
1755870931.0219443,2,3,-79
1755870931.0589447,5,2,-62
1755870931.0969446,-1,1,-79
1755870931.134945,3,0,-75
1755870931.1709447,0,-1,-71
1755870931.2089446,-1,5,-74
1755870931.246945,3,3,-77
1755870931.2859447,9,3,-79
1755870931.3219447,4,-1,-79
1755870931.3599446,0,6,-70
1755870931.3989446,-3,3,-69
1755870931.4369447,-5,2,-71
1755870931.4749446,0,0,-65
1755870931.5109446,-2,-7,-57
1755870931.5489447,0,-3,-75
1755870931.5869446,4,-3,-78
1755870931.6259446,0,1,-69
1755870931.6619446,-6,2,-71
1755870931.6989446,3,4,-73
1755870931.736945,-2,-2,-71
1755870931.7759447,4,-7,-75
1755870931.8119447,12,2,-83
1755870931.848945,10,-2,-79
1755870931.8869443,3,-2,-65
1755870931.9259446,4,3,-73
1755870931.9619446,11,-4,-80
1755870931.9989443,8,-2,-77
1755870932.0369446,2,-4,-79
1755870932.075945,-2,-7,-65
1755870932.111945,0,-3,-76
1755870932.1489446,1,5,-85
1755870932.1869447,2,4,-76
1755870932.2229445,0,2,-66
1755870932.259945,-5,-4,-64
1755870932.2989447,-4,0,-72
1755870932.3369446,-3,1,-65
1755870932.3729446,8,4,-59
1755870932.4099443,3,0,-62
1755870932.4479446,-3,-3,-73
1755870932.4859445,0,-6,-69
1755870932.5219443,0,-5,-72
1755870932.5599446,3,2,-76
1755870932.5979445,-5,0,-78
1755870932.6359446,-3,-7,-78
1755870932.6729443,-2,-3,-73
1755870932.7099447,1,2,-81
1755870932.7479446,5,-1,-88
1755870932.7859447,5,-7,-81
1755870932.8219447,-4,2,-78
1755870932.8599446,-3,0,-74
1755870932.8979447,3,1,-77
1755870932.9369447,-2,1,-68
1755870932.9729445,-2,1,-73
1755870933.009945,6,2,-81
1755870933.0479443,-2,1,-77
1755870933.085945,-2,1,-81
1755870933.121945,-5,1,-84
1755870933.1599443,0,1,-82
1755870933.2059443,0,6,-73
1755870933.2419446,4,2,-74
1755870933.279945,-2,2,-74
1755870933.3189447,-6,-2,-77
1755870933.3569446,-2,0,-78
1755870933.3929446,-4,-4,-73
1755870933.4309447,0,-1,-77
1755870933.4689443,4,-2,-81
1755870933.5079446,4,0,-83
1755870933.5439446,4,0,-77
1755870933.5809443,-2,-8,-71
1755870933.6189446,-2,-3,-72
1755870933.657945,-1,1,-66
1755870933.6939447,-3,0,-69
1755870933.7309446,3,-3,-77
1755870933.7689445,5,-2,-78
1755870933.8079443,-6,-7,-70
1755870933.8439443,-5,-4,-83
1755870933.881945,1,-2,-75
1755870933.9199443,-7,3,-75
1755870933.9579446,-7,2,-74
1755870933.996945,-2,0,-85
1755870934.032945,0,0,-71
1755870934.0699446,6,-8,-76
1755870934.108945,5,-5,-82
1755870934.1469443,2,-3,-79
1755870934.1839447,7,0,-72
1755870934.2209446,1,-2,-67
1755870934.2589445,3,-5,-69
1755870934.2979443,-4,-3,-59
1755870934.3339446,5,1,-69
1755870934.3709445,1,0,-65
1755870934.4089446,0,-3,-63
1755870934.4469447,1,-2,-75
1755870934.4829447,-2,0,-66
1755870934.5219443,1,-6,-70
1755870934.5589447,10,-3,-78
1755870934.5979445,6,-1,-83
1755870934.6339445,-2,-3,-73
1755870934.6719446,0,5,-77
1755870934.7089446,1,-4,-71
1755870934.7479446,5,0,-79
1755870934.7839446,4,0,-80
1755870934.8219447,4,0,-72
1755870934.858945,0,4,-70
1755870934.8969443,4,0,-79
1755870934.9329443,4,-2,-78
1755870934.9709446,5,-6,-85
1755870935.0089445,-8,-7,-71
1755870935.0479443,0,-4,-75
1755870935.0839446,-4,0,-67
1755870935.121945,-3,1,-74
1755870935.1589446,6,-1,-80
1755870935.1979446,-7,-2,-70
1755870935.233945,-4,3,-75
1755870935.2719443,0,0,-70
1755870935.3089447,5,0,-80
1755870935.3479445,5,1,-85
1755870935.3839445,4,-2,-77
1755870935.4209447,1,-1,-81
1755870935.4589446,-1,-5,-76
1755870935.4979446,0,-5,-70
1755870935.5339446,1,-6,-75
1755870935.5709443,-1,7,-67
1755870935.608945,1,-3,-71
1755870935.6479447,5,-10,-65
1755870935.6839447,12,-5,-72
1755870935.7219446,-2,3,-72
1755870935.7589445,0,-2,-76
1755870935.7979443,-5,4,-68
1755870935.8339446,1,1,-75
1755870935.871945,5,0,-68
1755870935.9099443,0,0,-70
1755870935.9479446,0,-3,-77
1755870935.983945,2,-2,-73
1755870936.0209446,1,-7,-79
1755870936.0599446,-1,1,-83
1755870936.0979445,9,-3,-70
1755870936.1339445,7,-7,-84
1755870936.1719446,3,-6,-80
1755870936.2099447,-6,2,-74
1755870936.2479446,3,-1,-86
1755870936.2839446,-3,-5,-76
1755870936.3219447,-1,-6,-69
1755870936.3599446,-1,-1,-64
1755870936.3989446,0,0,-67
1755870936.4349446,2,1,-72
1755870936.4719446,1,2,-69
1755870936.509945,1,2,-66
1755870936.5479443,1,-1,-65
1755870936.5839446,2,3,-66
1755870936.6209445,7,0,-68
1755870936.6589446,1,0,-63
1755870936.6949446,5,0,-61
1755870936.7319446,3,-5,-72
1755870936.769945,1,-6,-69
1755870936.8089447,-3,-4,-72
1755870936.8449447,-5,-3,-82
1755870936.8829446,5,0,-84
1755870936.9209447,0,0,-75
1755870936.9599447,3,-4,-74
1755870936.9959445,1,-3,-72
1755870937.0339446,2,-7,-79
1755870937.0719447,0,-3,-86
1755870937.1099446,1,1,-79
1755870937.1459446,5,4,-80
1755870937.1839447,-1,0,-83
1755870937.2219446,0,-2,-85
1755870937.259945,4,-3,-85
1755870937.2989447,0,-1,-84
1755870937.3349447,9,-2,-92
1755870937.3729446,16,-2,-86
1755870937.4109447,5,-4,-72
1755870937.4499447,1,9,-73
1755870937.4859445,8,5,-84
1755870937.5229447,9,2,-73
1755870937.5609446,12,1,-82
1755870937.5999446,6,2,-74
1755870937.6359446,1,6,-75
1755870937.6729443,2,2,-77
1755870937.710945,6,-6,-80
1755870937.7499447,1,-1,-71
1755870937.7859447,1,-2,-65
1755870937.8239446,5,2,-74
1755870937.8609445,1,-3,-79
1755870937.8989446,1,-9,-64
1755870937.9349446,0,-1,-80
1755870937.973945,-1,3,-81
1755870938.0109446,0,2,-90
1755870938.0489447,0,-2,-91
1755870938.0849447,-3,-3,-79
1755870938.1239443,-8,0,-76
1755870938.1609447,0,-2,-80
1755870938.1999447,-3,0,-71
1755870938.2359445,1,0,-75
1755870938.2729447,-5,0,-75
1755870938.3109446,-2,1,-66
1755870938.3499446,4,-1,-73
1755870938.3859446,2,-4,-76
1755870938.4239447,1,-2,-90
1755870938.4619446,6,0,-77
1755870938.4999447,4,-2,-77
1755870938.5359447,2,-3,-89
1755870938.5739446,0,-2,-73
1755870938.611945,8,-4,-78
1755870938.6509447,4,0,-71
1755870938.6889446,6,-2,-75
1755870938.7249446,0,0,-83
1755870938.7619443,5,-6,-74
1755870938.8009446,-2,0,-78
1755870938.8369446,8,7,-68
1755870938.8739443,5,8,-77
1755870938.9109447,-7,2,-80
1755870938.9499447,-2,-1,-72
1755870938.9859445,-4,3,-75
1755870939.0229447,6,0,-68
1755870939.0609446,-2,-4,-72
1755870939.0999446,0,-2,-69
1755870939.1359446,-2,-2,-75
1755870939.1739447,-3,6,-67
1755870939.2119446,-3,6,-72
1755870939.2509446,9,-2,-74
1755870939.2869446,6,4,-68
1755870939.3239446,0,1,-75
1755870939.361945,-2,0,-66
1755870939.3999443,2,0,-69
1755870939.4359446,3,1,-68
1755870939.473945,4,-4,-70
1755870939.5119443,0,-2,-56
1755870939.5509446,-1,-6,-58
1755870939.5869446,-2,0,-65
1755870939.6249447,2,0,-73
1755870939.6619446,-1,4,-72
1755870939.700945,-5,-2,-80
1755870939.736945,-1,4,-74
1755870939.7739446,0,7,-80
1755870939.8119447,-1,-3,-78
1755870939.8499446,0,-6,-81
1755870939.8859446,-2,-6,-77
1755870939.9239447,0,2,-75
1755870939.9619446,0,0,-76
1755870939.9999447,-10,2,-78
1755870940.0359447,-3,2,-66
1755870940.0729446,-3,0,-75
1755870940.111945,0,-2,-67
1755870940.1499443,7,-2,-79
1755870940.1859446,5,-4,-73
1755870940.2229445,6,2,-68
1755870940.2609446,0,-2,-75
1755870940.2969446,0,-2,-70
1755870940.3349447,0,1,-80
1755870940.3729446,11,-4,-71
1755870940.4109447,2,-1,-79
1755870940.4469447,-4,-8,-88
1755870940.4859445,-5,-11,-91
1755870940.5229447,-3,-10,-78
1755870940.5619447,2,-9,-80
1755870940.5979445,-1,-1,-75
1755870940.6359446,-7,0,-67
1755870940.6739447,-5,-3,-70
1755870940.7119446,-4,4,-69
1755870940.7509446,-2,4,-89
1755870940.7869446,-1,6,-86
1755870940.8249447,0,5,-84
1755870940.861945,3,7,-72
1755870940.8979447,1,-1,-78
1755870940.9349446,2,-1,-83
1755870940.9729445,9,1,-75
1755870941.0109446,1,-6,-61
1755870941.0469446,-3,-3,-71
1755870941.0849447,4,0,-73
1755870941.1229446,2,-3,-75
1755870941.1619446,3,-2,-75
1755870941.1979446,6,-6,-73
1755870941.2359445,-5,-4,-71
1755870941.2739446,-1,-6,-73
1755870941.312945,-4,-5,-80
1755870941.3509445,1,-1,-72
1755870941.3869443,3,0,-76
1755870941.4239447,0,1,-67
1755870941.4619446,1,-2,-56
1755870941.4979446,0,1,-64
1755870941.5359447,0,0,-74
1755870941.5729446,6,9,-82
1755870941.6109445,-3,9,-78
1755870941.6469443,-5,2,-81
1755870941.6839447,-3,2,-68
1755870941.7229445,-4,0,-76
1755870941.7609446,-2,-1,-72
1755870941.7969446,4,0,-80
1755870941.8339446,2,-2,-66
1755870941.8729446,-11,-2,-76
1755870941.9109447,-8,0,-76
1755870941.9469447,-6,1,-74
1755870941.9849446,-5,-2,-82
1755870942.0229447,5,2,-72
1755870942.0609446,0,5,-82
1755870942.0969446,0,6,-79
1755870942.134945,-4,0,-67
1755870942.1729443,-6,1,-70
1755870942.210945,-1,0,-62
1755870942.246945,-3,-3,-70
1755870942.2849443,0,-2,-70
1755870942.3229446,1,-1,-68
1755870942.361945,-1,-1,-69
1755870942.3979447,-1,0,-71
1755870942.4349446,-3,8,-72
1755870942.4729445,-1,1,-83
1755870942.5119443,1,0,-78
1755870942.5479443,0,-2,-75
1755870942.5849447,3,1,-70
1755870942.6229446,5,-5,-79
1755870942.6619446,-1,-2,-74
1755870942.6979446,0,-3,-81
1755870942.7349446,-2,0,-80
1755870942.7729447,-7,-4,-82
1755870942.8119447,3,-4,-79
1755870942.8479445,-3,-1,-73
1755870942.8859446,0,3,-78
1755870942.9239447,-5,1,-74
1755870942.9629445,8,-2,-68
1755870942.9989443,0,-3,-74
1755870943.0369446,4,-4,-77
1755870943.0749447,5,0,-71
1755870943.1139443,-2,4,-81
1755870943.1519446,-5,4,-75
1755870943.187945,-5,0,-79
1755870943.233945,2,3,-84
1755870943.2719443,-1,-2,-78
1755870943.3079443,9,-5,-77
1755870943.3459446,5,-2,-74
1755870943.384945,10,5,-75
1755870943.4229443,7,7,-71
1755870943.4589446,0,6,-72
1755870943.4959445,4,0,-76
1755870943.5339446,0,5,-68
1755870943.5719447,-1,5,-77
1755870943.6079447,-4,0,-75
1755870943.6459446,-2,0,-77
1755870943.6839447,-6,0,-76
1755870943.7229445,-3,-5,-72
1755870943.7589445,0,-1,-75
1755870943.7969446,4,1,-69
1755870943.8339446,4,-4,-67
1755870943.8729446,-1,-8,-81
1755870943.9089446,-3,-5,-72
1755870943.9469447,7,-1,-77
1755870943.9849446,-1,1,-66
1755870944.0239446,0,-1,-73
1755870944.0599446,0,-2,-70
1755870944.0969446,-2,2,-74
1755870944.134945,4,-7,-79
1755870944.1739447,5,-4,-76
1755870944.2099447,3,-5,-68
1755870944.246945,-5,1,-71
1755870944.2849443,-4,-2,-76
1755870944.3239446,2,0,-78
1755870944.3599446,0,0,-84
1755870944.3969443,0,3,-77
1755870944.4349446,2,2,-78
1755870944.4729445,2,-1,-77
1755870944.5089445,3,0,-73
1755870944.5459447,0,0,-77
1755870944.5849447,4,-2,-86
1755870944.6229446,1,6,-79
1755870944.6589446,-4,1,-67
1755870944.6969447,-7,-2,-74
1755870944.7349446,-8,-7,-71
1755870944.7739446,4,0,-72
1755870944.8099446,2,-2,-73
1755870944.8479445,-1,-2,-88
1755870944.8859446,1,1,-84
1755870944.9239447,-1,-6,-82
1755870944.9599447,-1,-3,-82
1755870944.9979446,1,4,-57
1755870945.0359447,3,6,-61
1755870945.0739446,-1,-1,-81
1755870945.1099446,-1,-4,-86
1755870945.1479447,1,0,-78
1755870945.1859446,-4,3,-77
1755870945.2249446,-3,0,-65
1755870945.2629447,-3,0,-79
1755870945.2989447,-3,0,-78
1755870945.335945,2,0,-72
1755870945.3749447,-1,-4,-83
1755870945.4129446,6,-5,-91
1755870945.4489446,0,-1,-83
1755870945.4859445,3,1,-75
1755870945.5239446,-2,7,-76
1755870945.5599446,2,0,-67
1755870945.5969446,-3,-5,-77
1755870945.634945,0,-1,-78
1755870945.6739447,-8,-1,-77
1755870945.7099447,-2,0,-78
1755870945.746945,-1,-2,-68
1755870945.7849443,0,0,-77
1755870945.8229446,3,4,-79
1755870945.858945,-4,4,-77
1755870945.8969443,-6,0,-71
1755870945.9349446,0,-7,-74
1755870945.973945,6,-1,-76
1755870946.009945,-6,-6,-69
1755870946.0479443,-3,-6,-69
1755870946.085945,0,3,-69
1755870946.1239443,-2,2,-63
1755870946.1599443,-9,-8,-70
1755870946.1979446,-4,0,-68
1755870946.2359445,-1,-1,-78
1755870946.2749443,-11,-5,-81
1755870946.3109446,-5,-1,-79
1755870946.348945,-3,-2,-80
1755870946.3869443,3,0,-81
1755870946.4249446,4,2,-69
1755870946.4619446,14,2,-78
1755870946.4989443,4,-2,-87
1755870946.5369446,0,-6,-82
1755870946.575945,-5,-5,-79
1755870946.6139443,0,0,-73
1755870946.6499443,2,-1,-60
1755870946.6869447,3,-5,-74
1755870946.7259445,4,3,-68
1755870946.7639446,9,5,-71
1755870946.7999446,3,-2,-80
1755870946.8369446,-1,3,-78
1755870946.8759446,-3,4,-83
1755870946.9139447,-1,6,-84
1755870946.9499447,-4,1,-74
1755870946.9879446,3,1,-74
1755870947.0259447,10,3,-79
1755870947.0639446,3,1,-68
1755870947.0999446,5,7,-66
1755870947.1369443,2,6,-62
1755870947.1749446,6,5,-67
1755870947.210945,3,1,-75
1755870947.2479446,0,1,-79
1755870947.2859447,3,-1,-72
1755870947.3239446,2,2,-61
1755870947.3599446,1,3,-74
1755870947.3969443,2,0,-73
1755870947.4359446,-3,0,-78
1755870947.473945,1,-1,-82
1755870947.509945,0,5,-77
1755870947.5469446,0,3,-77
1755870947.5849447,-2,1,-76
1755870947.6209445,4,-3,-86
1755870947.6589446,-1,0,-73
1755870947.6959443,4,-3,-76
1755870947.7349446,2,0,-69
1755870947.7709446,0,-6,-66
1755870947.8089447,0,-1,-71
1755870947.8459446,-3,-5,-62
1755870947.884945,1,-3,-57
1755870947.9209447,0,-6,-67
1755870947.9589446,-3,-1,-67
1755870947.9959445,4,-4,-74
1755870948.0349443,0,0,-74
1755870948.0709443,-3,7,-68
1755870948.1079447,1,3,-74
1755870948.1459446,7,0,-74
1755870948.1819446,6,0,-73
1755870948.2189443,-3,9,-77
1755870948.256945,2,4,-82
1755870948.2949443,1,0,-74
1755870948.3309443,-4,3,-77
1755870948.3689446,-6,-7,-65
1755870948.4069445,-1,-4,-73
1755870948.4459443,7,0,-80
1755870948.4819446,4,0,-78
1755870948.519945,5,-3,-78
1755870948.5579443,0,1,-81
1755870948.5969446,-4,0,-84
1755870948.634945,1,0,-70
1755870948.6709447,-2,-2,-64
1755870948.7089446,-8,-3,-76
1755870948.7479446,-6,-5,-82
1755870948.7859447,0,-5,-75
1755870948.8219447,4,0,-73
1755870948.858945,-5,0,-79
1755870948.8969443,0,-4,-78
1755870948.9359446,3,-1,-66
1755870948.9719446,5,-5,-70
1755870949.0089445,7,0,-71
1755870949.0469446,-2,3,-83
1755870949.0849447,5,1,-80
1755870949.1209445,3,1,-82
1755870949.157945,-3,0,-65
1755870949.1969447,-1,1,-67
1755870949.2349446,1,2,-77
1755870949.2709446,1,0,-78
1755870949.3079443,3,0,-71
1755870949.3459446,-5,-3,-73
1755870949.3829446,0,-1,-64
1755870949.4199443,0,-4,-67
1755870949.4579446,2,-4,-64
1755870949.496945,-1,-1,-76
1755870949.532945,7,3,-76
1755870949.5699446,-2,-1,-71
1755870949.6079447,-1,-6,-68
1755870949.6469443,-4,-6,-70
1755870949.6829443,0,1,-73
1755870949.7199447,-5,4,-79
1755870949.7579446,2,0,-72
1755870949.7959447,7,-1,-69
1755870949.8319447,1,5,-73
1755870949.8689446,2,1,-74
1755870949.9069445,1,-1,-69
1755870949.9429443,0,0,-80
1755870949.9809446,6,-3,-78
1755870950.0189445,1,2,-81
1755870950.0569446,0,3,-85
1755870950.0929446,3,6,-69
1755870950.1299446,0,4,-69
1755870950.167945,2,4,-74
1755870950.2069447,-2,-2,-76
1755870950.2429447,0,-9,-73
1755870950.2809446,10,0,-66
1755870950.3179443,1,8,-84
1755870950.3569446,4,2,-88
1755870950.3929446,-3,5,-77
1755870950.4309447,2,-3,-61
1755870950.4689443,5,-6,-78
1755870950.5079446,0,0,-75
1755870950.5459447,3,0,-71
1755870950.5819447,2,0,-81
1755870950.6189446,-2,1,-68
1755870950.657945,1,3,-55
1755870950.6959443,0,-2,-51
1755870950.7319446,-3,6,-54
1755870950.7689445,-1,1,-64
1755870950.8079443,-2,4,-67
1755870950.8459446,-1,3,-75
1755870950.881945,-9,0,-78
1755870950.9189446,-4,2,-77
1755870950.9579446,0,-8,-70
1755870950.9959445,2,-4,-67
1755870951.0319445,-4,-1,-74
1755870951.0699446,0,-5,-63
1755870951.1079447,-2,0,-78
1755870951.1469443,0,-1,-76
1755870951.1829443,1,-3,-69
1755870951.2199447,2,-3,-75
1755870951.2579446,5,0,-75
1755870951.2939446,5,2,-73
1755870951.3319447,-2,3,-67
1755870951.3689446,2,3,-68
1755870951.4069445,7,-1,-80
1755870951.4429443,3,-4,-77
1755870951.4799447,4,-5,-74
1755870951.5189445,5,0,-85
1755870951.5569446,-3,-7,-86
1755870951.5929446,2,-2,-76
1755870951.6299446,8,-5,-71
1755870951.667945,-5,-2,-75
1755870951.7069447,-7,0,-69
1755870951.7429447,0,2,-73
1755870951.779945,-4,2,-83
1755870951.8179443,-5,3,-85
1755870951.8569446,7,0,-72
1755870951.8929446,4,4,-66
1755870951.9299445,0,2,-69
1755870951.9679446,0,-2,-65
1755870952.0039446,9,0,-72
1755870952.0409446,3,0,-78
1755870952.0789447,3,-3,-74
1755870952.1169446,-1,-1,-76
1755870952.1529446,-2,3,-72
1755870952.1899445,-5,3,-88
1755870952.2289443,-3,1,-85
1755870952.2669446,7,-4,-73
1755870952.302945,4,-1,-79
1755870952.3399446,8,-2,-78
1755870952.3789446,0,0,-80
1755870952.4169445,0,3,-84
1755870952.4529445,13,-3,-78
1755870952.4899447,6,0,-80
1755870952.5279446,4,0,-73
1755870952.5639446,7,-3,-75
1755870952.6019447,-1,-5,-65
1755870952.6399446,1,-8,-61
1755870952.6789446,6,-7,-76
1755870952.7169447,3,0,-77
1755870952.7529447,-7,-3,-76
1755870952.7909446,-2,0,-74
1755870952.8289447,1,0,-83
1755870952.8679447,5,5,-70
1755870952.9039447,0,3,-73
1755870952.9419446,-2,-3,-78
1755870952.9799447,-5,-3,-66
1755870953.0189445,-3,-2,-82
1755870953.0569446,0,1,-84
1755870953.0929446,-1,1,-77
1755870953.1299446,-2,2,-71
1755870953.1689446,-3,1,-69
1755870953.2049446,2,-5,-70
1755870953.2559447,0,0,-68
1755870953.2919445,3,-2,-63
1755870953.3299446,7,0,-71
1755870953.3689446,1,0,-61
1755870953.404945,-2,0,-62
1755870953.4419446,1,1,-75
1755870953.4799447,2,4,-64
1755870953.5179446,-5,2,-65
1755870953.5539446,-5,0,-73
1755870953.5919447,2,2,-78
1755870953.6289446,0,-6,-71
1755870953.667945,0,-7,-62
1755870953.7039447,-3,-3,-71
1755870953.7419446,-1,-5,-73
1755870953.7809446,-4,-6,-79
1755870953.8189447,0,-3,-74
1755870953.8549447,5,0,-80
1755870953.8919446,-4,-3,-62
1755870953.9299445,-5,0,-61
1755870953.9689443,5,-1,-64
1755870954.0049446,0,0,-67
1755870954.0419445,1,0,-72
1755870954.0799446,-1,0,-57
1755870954.1179447,4,-4,-65
1755870954.1539447,1,-7,-67
1755870954.1919446,6,-1,-74
1755870954.2299447,0,-9,-68
1755870954.2689445,-2,-7,-72
1755870954.3049445,-3,-3,-71
1755870954.3429446,3,-6,-66
1755870954.3809447,5,-7,-77
1755870954.4199443,6,-7,-78
1755870954.4579446,0,-1,-78
1755870954.4939446,-1,0,-82
1755870954.5309446,-1,0,-80
1755870954.5699446,-1,0,-66
1755870954.6079447,0,0,-65
1755870954.6439445,4,0,-72
1755870954.6809447,2,-5,-83
1755870954.7199447,7,-2,-77
1755870954.7579446,2,-2,-79
1755870954.7939446,-4,0,-73
1755870954.8309443,-1,2,-74
1755870954.8699446,-10,8,-68
1755870954.9059446,-4,7,-71
1755870954.9429443,-1,1,-71
1755870954.9809446,5,2,-71
1755870955.0189445,-2,2,-76
1755870955.0559447,-2,2,-66
1755870955.0929446,2,-1,-72
1755870955.1309447,3,-2,-82
1755870955.1699443,6,-2,-82
1755870955.2059443,-8,3,-82
1755870955.2439446,-4,-5,-78
1755870955.2819445,-2,-4,-84
1755870955.3199446,-4,2,-69
1755870955.358945,-5,-3,-71
1755870955.394945,-4,1,-78
1755870955.4319446,2,-7,-80
1755870955.4699447,-1,0,-72
1755870955.5089445,-3,2,-81
1755870955.5449443,2,0,-67
1755870955.5839446,-4,0,-72
1755870955.6209445,2,-1,-69
1755870955.6599443,4,-3,-81
1755870955.6959443,-2,-1,-77
1755870955.733945,-8,-1,-77
1755870955.7719443,2,-2,-75
1755870955.8109446,0,-4,-71
1755870955.848945,0,-1,-78
1755870955.884945,-4,1,-78
1755870955.9229443,-1,3,-81
1755870955.960945,-1,7,-75
1755870955.9999447,-4,0,-71
1755870956.0359447,-2,-3,-69
1755870956.0739446,5,0,-72
1755870956.111945,-1,-4,-78
1755870956.1499443,1,-3,-77
1755870956.1859446,-2,-7,-77
1755870956.223945,-4,-5,-84
1755870956.2619443,5,-6,-85
1755870956.3009446,6,1,-80
1755870956.338945,-1,0,-90
1755870956.3749447,1,0,-82
1755870956.4119446,9,-7,-72
1755870956.450945,0,-4,-69
1755870956.4889443,-7,-3,-81
1755870956.5249443,-1,0,-76
1755870956.562945,0,-1,-60
1755870956.6009445,-6,7,-67
1755870956.6369443,-2,8,-69
1755870956.6739447,-7,0,-68
1755870956.7129445,-5,4,-79
1755870956.7509446,-2,1,-68
1755870956.7869446,5,6,-75
1755870956.8239446,1,4,-83
1755870956.861945,-1,0,-61
1755870956.9009447,-4,0,-79
1755870956.9369447,1,0,-69
1755870956.973945,5,0,-80
1755870957.0119443,-3,-4,-78
1755870957.0509446,7,-3,-78
1755870957.0869446,2,6,-64
1755870957.1239443,4,8,-78
1755870957.1619446,-6,1,-81
1755870957.200945,0,0,-78
1755870957.236945,4,-4,-72
1755870957.2739446,-2,-6,-65
1755870957.3119447,-1,-3,-80
1755870957.3509445,4,-2,-78
1755870957.3869443,-1,-2,-72
1755870957.4259446,2,-5,-71
1755870957.4629445,1,-2,-75
1755870957.5019443,0,-1,-69
1755870957.5399446,-1,-2,-72
1755870957.575945,0,3,-79
1755870957.6129446,7,3,-81
1755870957.6509447,0,7,-76
1755870957.6869447,-6,1,-82
1755870957.723945,-2,0,-80
1755870957.7619443,3,-1,-83
1755870957.8009446,7,0,-68
1755870957.8369446,6,0,-65
1755870957.8739443,6,1,-69
1755870957.9119446,1,3,-69
1755870957.9499447,-3,3,-79
1755870957.9859445,-2,0,-77
1755870958.0239446,1,0,-69
1755870958.0619447,1,-1,-56
1755870958.1009445,7,4,-69
1755870958.1369443,3,8,-61
1755870958.1739447,1,0,-76
1755870958.2119446,3,0,-74
1755870958.2499447,0,4,-80
1755870958.2859447,3,0,-77
1755870958.3239446,1,2,-69
1755870958.361945,0,3,-73
1755870958.3999443,1,2,-72
1755870958.4359446,-1,0,-69
1755870958.473945,2,-1,-72
1755870958.5119443,1,-1,-71
1755870958.5509446,0,-2,-77
1755870958.5869446,1,0,-76
1755870958.6239443,5,-2,-80
1755870958.6629446,1,3,-76
1755870958.700945,-4,0,-84
1755870958.736945,-3,-4,-82
1755870958.7749443,0,4,-80
1755870958.812945,9,0,-66
1755870958.8509445,-2,6,-75
1755870958.8869443,-4,3,-72
1755870958.9239447,-3,0,-68
1755870958.9629445,-2,2,-70
1755870959.0009446,-4,0,-75
1755870959.0369446,-3,0,-71
1755870959.0739446,0,0,-70
1755870959.111945,-1,0,-71
1755870959.1479447,-5,-1,-82
1755870959.1869447,-8,1,-70
1755870959.223945,-4,0,-79
1755870959.2629447,-3,3,-72
1755870959.3009446,1,0,-78
1755870959.3369446,1,-4,-79
1755870959.3739443,-1,-6,-83
1755870959.4129446,1,-2,-75
1755870959.450945,3,-2,-86
1755870959.486945,9,2,-81
1755870959.5239446,2,5,-70
1755870959.5619447,0,3,-64
1755870959.5979445,0,0,-72
1755870959.634945,-3,-2,-81
1755870959.6729443,1,-1,-74
1755870959.710945,1,-1,-82
1755870959.746945,2,4,-73
1755870959.7839446,-2,-3,-81
1755870959.8229446,-1,0,-76
1755870959.8609445,0,7,-81
1755870959.8969443,-7,0,-76
1755870959.9339447,-10,0,-73
1755870959.9729445,0,5,-77
1755870960.0109446,-2,2,-73
1755870960.0469446,0,-1,-84
1755870960.0839446,0,0,-78
1755870960.121945,1,-3,-74
1755870960.157945,0,0,-80
1755870960.1949446,0,-4,-76
1755870960.2329447,0,1,-67
1755870960.2689445,8,-1,-81
1755870960.3069446,3,6,-76
1755870960.3439443,1,4,-71
1755870960.381945,-4,3,-70
1755870960.417945,-1,0,-61
1755870960.4549446,1,-3,-73
1755870960.4929447,2,-2,-67
1755870960.5319445,2,-4,-69
1755870960.5679443,-2,-5,-76
1755870960.6059446,0,-6,-76
1755870960.6439445,4,0,-78
1755870960.6819446,7,-1,-70
1755870960.7179446,1,-6,-74
1755870960.7549446,2,2,-68
1755870960.792945,0,0,-74
1755870960.8289447,4,-2,-62
1755870960.8659446,7,-3,-75
1755870960.904945,2,0,-82
1755870960.9429443,-4,3,-77
1755870960.9789443,-1,-2,-82
1755870961.0169446,-4,-2,-76
1755870961.0549445,-3,2,-77
1755870961.0939443,-6,5,-75
1755870961.131945,-1,4,-69
1755870961.167945,3,0,-84
1755870961.2049446,2,0,-91
1755870961.2429447,-4,6,-81
1755870961.2789447,-2,3,-86
1755870961.315945,-5,2,-76
1755870961.3549447,-1,1,-67
1755870961.3929446,1,4,-76
1755870961.4289446,0,-3,-74
1755870961.4659443,0,-5,-63
1755870961.5039446,0,0,-73
1755870961.542945,-4,-5,-68
1755870961.5789447,-2,0,-76
1755870961.6159446,-8,6,-73
1755870961.6539447,1,8,-83
1755870961.6929443,-2,4,-73
1755870961.7289443,-1,11,-75
1755870961.7659447,-10,1,-72
1755870961.8039446,-4,0,-75
1755870961.8429446,7,0,-75
1755870961.8789446,0,0,-68
1755870961.9159446,-1,1,-74
1755870961.9539447,0,0,-79
1755870961.9929447,-3,1,-77
1755870962.0289447,4,1,-72
1755870962.065945,2,4,-57
1755870962.1039443,3,3,-71
1755870962.1399446,-3,-3,-64
1755870962.1789446,-1,8,-67
1755870962.2159443,2,3,-72
1755870962.2539446,5,0,-78
1755870962.2899446,0,-5,-76
1755870962.3289447,0,4,-78
1755870962.3659446,-4,-2,-81
1755870962.4039447,2,7,-90
1755870962.4429443,0,5,-86
1755870962.4789443,2,-1,-91
1755870962.5159447,2,-5,-75
1755870962.5539446,7,-2,-77
1755870962.5929446,0,-4,-77
1755870962.6289446,-1,-3,-78
1755870962.6669445,-1,3,-71
1755870962.7049446,-5,-2,-78
1755870962.7439446,-2,0,-86
1755870962.779945,-5,-4,-85
1755870962.8179443,-4,-8,-73
1755870962.8559446,-8,-4,-75
1755870962.894945,-1,4,-74
1755870962.9329443,-1,0,-87
1755870962.9689443,-1,-6,-77
1755870963.0079446,-5,-1,-66
1755870963.0449443,-1,1,-62
1755870963.0839446,0,4,-60
1755870963.1199446,-1,6,-72
1755870963.157945,-1,6,-62
1755870963.1959443,1,6,-61
1755870963.233945,10,-3,-65
1755870963.2769446,5,0,-64
1755870963.315945,0,-7,-66
1755870963.3539443,3,1,-72
1755870963.3899446,-1,0,-74
1755870963.427945,0,3,-69
1755870963.4659443,7,-4,-75
1755870963.5049446,7,-1,-76
1755870963.542945,14,-7,-79
1755870963.5789447,1,-7,-78
1755870963.6159446,0,1,-69
1755870963.6539447,3,0,-75
1755870963.6899445,-1,7,-74
1755870963.7269447,-7,1,-68
1755870963.7649446,-1,0,-68
1755870963.8039446,2,-3,-67
1755870963.8399446,5,4,-64
1755870963.8779447,7,0,-65
1755870963.9149446,3,3,-66
1755870963.9539447,-1,3,-63
1755870963.9899447,1,5,-72
1755870964.0269446,0,6,-71
1755870964.0649445,5,4,-69
1755870964.1039443,0,0,-75
1755870964.1399446,-5,3,-80
1755870964.1769447,4,-6,-83
1755870964.2149446,4,-2,-78
1755870964.2539446,0,3,-87
1755870964.2899446,0,3,-78
1755870964.3269446,-6,0,-71
1755870964.3659446,0,-1,-68
1755870964.4039447,0,0,-75
1755870964.4399445,-3,-4,-73
1755870964.4789443,-4,-7,-69
1755870964.5159447,3,3,-72
1755870964.5539446,0,0,-78
1755870964.5899446,-2,-3,-82
1755870964.6289446,0,-3,-74
1755870964.6659446,0,-5,-85
1755870964.7049446,-1,4,-84
1755870964.7409446,-7,3,-76
1755870964.7789447,5,2,-81
1755870964.815945,-5,1,-73
1755870964.8549447,-4,-1,-68
1755870964.8909447,0,-2,-70
1755870964.927945,3,4,-69
1755870964.9659443,7,1,-70
1755870965.0039446,0,0,-78
1755870965.0399446,0,-4,-78
1755870965.0769446,-1,4,-73
1755870965.1159446,-3,3,-67
1755870965.1539447,0,-5,-61
1755870965.1899445,0,-3,-70
1755870965.2269447,0,4,-74
1755870965.2649446,-4,0,-86
1755870965.3009446,-3,-6,-78
1755870965.338945,-7,-3,-78
1755870965.3769443,-2,3,-76
1755870965.4159446,-2,2,-68
1755870965.4539447,-1,1,-67
1755870965.4899447,-5,0,-72
1755870965.5279446,-11,0,-74
1755870965.565945,-6,1,-81
1755870965.6019447,0,5,-63
1755870965.6389446,-1,-2,-68
1755870965.6769447,6,-2,-82
1755870965.7159443,4,2,-76
1755870965.7519443,-5,4,-68
1755870965.7889447,3,-3,-76
1755870965.8279445,5,-5,-67
1755870965.8659446,12,-8,-75
1755870965.9019446,1,0,-73
1755870965.9389446,-1,-1,-72
1755870965.9769447,-6,0,-80
1755870966.0159447,6,-2,-85
1755870966.0519447,1,-8,-82
1755870966.088945,-2,1,-85
1755870966.1269443,-2,3,-67
1755870966.1659446,0,-1,-84
1755870966.2019446,10,1,-98
1755870966.2389443,7,2,-80
1755870966.2769446,3,-2,-76
1755870966.315945,1,-6,-80
1755870966.3519447,-4,-7,-78
1755870966.3909447,5,-5,-71
1755870966.427945,-1,-9,-71
1755870966.4669447,-4,-6,-66
1755870966.5049446,-5,2,-74
1755870966.5409446,-4,-3,-78
1755870966.5789447,0,0,-74
1755870966.6169446,-11,-2,-78
1755870966.654945,0,4,-79
1755870966.690945,-6,-3,-78
1755870966.7289443,-9,-2,-66
1755870966.7669446,3,0,-75
1755870966.8049445,0,3,-72
1755870966.8409443,4,6,-71
1755870966.8779447,1,4,-68
1755870966.9159446,6,7,-78
1755870966.9519446,6,7,-74
1755870966.9889443,0,6,-77
1755870967.0269446,-2,4,-69
1755870967.065945,0,4,-76
1755870967.1019447,-9,7,-67
1755870967.1409447,-3,2,-80
1755870967.177945,-2,2,-72
1755870967.2169447,11,-3,-84
1755870967.2549446,3,-1,-71
1755870967.2909446,-1,-2,-72
1755870967.3289447,-4,-5,-74
1755870967.3669446,1,-7,-71
1755870967.4059446,1,-5,-76
1755870967.4419446,-3,5,-77
1755870967.4789443,0,0,-68
1755870967.5169446,3,2,-67
1755870967.5549445,3,2,-74
1755870967.5909443,0,-4,-76
1755870967.6279447,2,0,-81
1755870967.6659446,1,5,-74
1755870967.7019446,0,1,-79
1755870967.7389443,-5,1,-77
1755870967.7769446,5,-3,-76
1755870967.815945,7,0,-77
1755870967.8519447,-3,-8,-81
1755870967.8909447,0,-3,-82
1755870967.927945,-5,0,-89
1755870967.9669447,1,-3,-86
1755870968.0039446,-3,1,-76
1755870968.0409446,-2,3,-65
1755870968.0789447,-1,7,-74
1755870968.1169446,-5,-1,-68
1755870968.1559446,-4,0,-64
1755870968.1919446,2,0,-68
1755870968.2299447,-5,2,-81
1755870968.2679446,1,4,-73
1755870968.3069446,5,-1,-69
1755870968.3429446,0,-5,-75
1755870968.381945,5,0,-71
1755870968.4189446,0,-1,-81
1755870968.4579446,-4,0,-68
1755870968.4959445,5,3,-73
1755870968.5319445,7,4,-67
1755870968.5689447,-2,0,-72
1755870968.6079447,-7,8,-81
1755870968.6459446,-1,4,-78
1755870968.6819446,-4,-1,-78
1755870968.7199447,-1,1,-77
1755870968.7579446,-1,-3,-80
1755870968.7969446,8,1,-69
1755870968.8329446,0,0,-67
1755870968.8699446,3,0,-80
1755870968.907945,-1,-7,-87
1755870968.9459443,5,-4,-87
1755870968.9819446,3,-1,-73
1755870969.0189445,7,-1,-78
1755870969.0579443,4,-3,-75
1755870969.0959446,5,-5,-73
1755870969.131945,4,0,-64
1755870969.1689446,-9,0,-80
1755870969.2079446,-9,2,-80
1755870969.2449446,-1,0,-72
1755870969.2819445,5,7,-69
1755870969.3189447,1,-1,-70
1755870969.3579447,-3,-4,-70
1755870969.3939445,-5,-2,-74
1755870969.4319446,1,0,-83
1755870969.4689443,-3,2,-73
1755870969.5079446,-3,0,-86
1755870969.5449443,10,-6,-81
1755870969.5819447,-2,-6,-78
1755870969.6199446,-5,-1,-77
1755870969.657945,2,-4,-69
1755870969.6969447,-4,1,-75
1755870969.7329447,-6,-3,-74
1755870969.7709446,-2,-2,-64
1755870969.8089447,0,-3,-70
1755870969.8479445,1,-3,-71
1755870969.8839445,3,-1,-80
1755870969.9209447,-5,0,-83
1755870969.9589446,-6,-3,-69
1755870969.9979446,-8,-3,-72
1755870970.0339446,-6,1,-68
1755870970.0709443,0,-5,-73
1755870970.108945,0,0,-69
1755870970.1479447,1,-1,-76
1755870970.1839447,4,-1,-74
1755870970.2219446,2,-2,-83
1755870970.259945,-1,2,-81
1755870970.2989447,8,-4,-79
1755870970.3369446,4,-1,-70
1755870970.3729446,3,1,-64
1755870970.4099443,-8,-2,-58
1755870970.4489446,4,-4,-69
1755870970.486945,4,-1,-73
1755870970.5229447,5,-1,-72
1755870970.5599446,5,4,-83
1755870970.5979445,2,9,-69
1755870970.6339445,-2,8,-71
1755870970.6709447,-1,1,-80
1755870970.7099447,0,1,-71
1755870970.7479446,0,4,-68
1755870970.7839446,7,1,-56
1755870970.8209443,-9,-3,-75
1755870970.858945,-4,-1,-68
1755870970.8979447,1,1,-70
1755870970.9339447,-2,1,-71
1755870970.9709446,0,2,-80
1755870971.0089445,1,3,-80
1755870971.0449443,0,1,-77
1755870971.0819447,-4,-1,-84
1755870971.1199446,0,8,-66
1755870971.157945,0,0,-74
1755870971.1939447,-4,-1,-71
1755870971.2319446,2,1,-73
1755870971.2689445,-3,-2,-74
1755870971.3079443,-2,-1,-71
1755870971.3439443,-8,0,-79
1755870971.3809447,3,2,-82
1755870971.4189446,2,-1,-82
1755870971.4579446,0,-8,-83
1755870971.4939446,1,-3,-78
1755870971.5319445,-3,-5,-74
1755870971.5699446,1,-11,-80
1755870971.608945,-4,1,-75
1755870971.644945,-6,-2,-73
1755870971.6829443,0,3,-68
1755870971.7199447,4,-2,-72
1755870971.7589445,5,5,-71
1755870971.7949443,3,-1,-66
1755870971.8329446,0,-1,-71
1755870971.8709445,0,-1,-77
1755870971.9099443,1,-6,-72
1755870971.9479446,2,-5,-66
1755870971.983945,-3,-9,-69
1755870972.0219443,-11,-2,-77
1755870972.0599446,7,1,-68
1755870972.0979445,4,-3,-71
1755870972.1339445,-1,0,-65
1755870972.1719446,-4,5,-68
1755870972.2099447,-4,0,-73
1755870972.2489443,0,0,-72
1755870972.2849443,-2,-6,-71
1755870972.3239446,-4,-4,-66
1755870972.3609445,0,-5,-70
1755870972.3999443,-3,-3,-73
1755870972.437945,-11,0,-81
1755870972.473945,-10,2,-67
1755870972.5119443,-4,1,-68
1755870972.5499446,-3,1,-74
1755870972.588945,-1,0,-79
1755870972.6249447,-6,2,-77
1755870972.6619446,0,0,-70
1755870972.6999447,-4,-8,-75
1755870972.7379446,2,-8,-78
1755870972.7739446,-1,-6,-81
1755870972.8119447,-3,6,-70
1755870972.8499446,-3,0,-73
1755870972.8889446,0,3,-88
1755870972.9249446,-6,3,-78
1755870972.9619446,-5,3,-73
1755870972.9999447,-10,4,-73
1755870973.0389447,-9,4,-74
1755870973.0749447,-6,5,-73
1755870973.1129446,-1,0,-77
1755870973.1509447,-2,0,-91
1755870973.1899445,-3,0,-84
1755870973.2259445,2,3,-86
1755870973.2639446,0,5,-70
1755870973.3099446,0,5,-76
1755870973.3469446,3,3,-73
1755870973.3839445,-1,-7,-83
1755870973.4219446,-5,-8,-80
1755870973.460945,-1,-1,-78
1755870973.4989443,1,-3,-76
1755870973.5349443,7,3,-87
1755870973.5719447,1,-3,-64
1755870973.6109445,0,1,-75
1755870973.6489446,-2,0,-82
1755870973.6849446,0,-4,-82
1755870973.7219446,0,0,-66
1755870973.7609446,3,-9,-66
1755870973.7989447,8,-9,-79
1755870973.8349447,3,0,-82
1755870973.871945,6,-2,-78
1755870973.9109447,0,4,-74
1755870973.9489446,-1,2,-77
1755870973.9849446,2,0,-76
1755870974.0219443,0,-5,-73
1755870974.0609446,0,3,-74
1755870974.098945,3,5,-81
1755870974.134945,11,2,-85
1755870974.1719446,3,1,-81
1755870974.2099447,3,1,-80
1755870974.2459445,0,-2,-84
1755870974.282945,-2,0,-78
1755870974.3209443,1,-1,-65
1755870974.3599446,-5,-7,-71
1755870974.3959446,-3,-7,-70
1755870974.4339447,-2,2,-69
1755870974.4719446,3,2,-74
1755870974.509945,5,-3,-75
1755870974.5469446,0,0,-71
1755870974.5839446,-4,3,-76
1755870974.621945,-1,4,-84
1755870974.6609447,2,0,-87
1755870974.6969447,2,1,-78
1755870974.733945,5,-2,-78
1755870974.7719443,-1,-2,-69
1755870974.8109446,-3,-10,-62
1755870974.8469446,-4,-4,-71
1755870974.884945,1,-1,-72
1755870974.9239447,6,0,-77
1755870974.960945,0,-2,-73
1755870974.9999447,0,-6,-85
1755870975.0369446,7,-5,-73
1755870975.0739446,-6,4,-77
1755870975.111945,7,1,-73
1755870975.1499443,2,0,-82
1755870975.1869447,0,-1,-85
1755870975.223945,3,-3,-77
1755870975.2619443,2,0,-72
1755870975.2999446,0,-5,-68
1755870975.335945,-1,0,-76
1755870975.3739443,2,0,-85
1755870975.4119446,0,0,-75
1755870975.4499447,-2,7,-78
1755870975.486945,-5,2,-66
1755870975.5239446,-3,-2,-83
1755870975.5619447,-2,-2,-82
1755870975.6009445,0,-1,-72
1755870975.6369443,3,1,-79
1755870975.6739447,3,0,-83
1755870975.7119446,2,-5,-69
1755870975.7499447,8,0,-76
1755870975.7869446,9,1,-89
1755870975.8239446,1,0,-73
1755870975.861945,1,0,-76
1755870975.8999443,7,1,-81
1755870975.9369447,-3,4,-70
1755870975.973945,-4,-1,-68
1755870976.0119443,-3,1,-84
1755870976.0509446,-9,7,-85
1755870976.0869446,-1,1,-74
1755870976.1239443,0,5,-75
1755870976.1619446,-3,10,-72
1755870976.1999447,-1,-1,-66
1755870976.2359445,-1,-2,-78
1755870976.2739446,8,-5,-75
1755870976.3119447,0,3,-74
1755870976.3479445,-5,-2,-75
1755870976.3869443,-2,5,-52
1755870976.4239447,0,11,-69
1755870976.4619446,5,7,-73
1755870976.4979446,1,8,-65
1755870976.5349443,2,0,-72
1755870976.5719447,-2,6,-75
1755870976.6109445,-2,1,-81
1755870976.6469443,-2,2,-85
1755870976.6839447,-4,2,-79
1755870976.7219446,-7,2,-81
1755870976.7609446,-10,2,-70
1755870976.7969446,-3,-1,-72
1755870976.8349447,0,-6,-79
1755870976.8739443,-2,4,-86
1755870976.9119446,3,1,-83
1755870976.9479446,-2,2,-70
1755870976.9849446,-5,-1,-69
1755870977.0229447,3,0,-74
1755870977.0619447,-7,0,-86
1755870977.0979445,-3,1,-68
1755870977.134945,-1,-3,-71
1755870977.1729443,-1,4,-66
1755870977.2119446,8,2,-65
1755870977.2479446,-1,0,-75
1755870977.2849443,-1,-3,-84
1755870977.3229446,0,-8,-84
1755870977.361945,1,-5,-79
1755870977.3979447,0,-2,-69
1755870977.4359446,0,-1,-78
1755870977.473945,5,3,-76
1755870977.5119443,-5,-2,-73
1755870977.5479443,-2,-3,-69
1755870977.585945,3,-1,-71
1755870977.6239443,-6,-2,-85
1755870977.6629446,-1,-2,-80
1755870977.700945,-3,0,-74
1755870977.736945,-11,0,-89
1755870977.7739446,-3,-3,-84
1755870977.812945,-8,-4,-68
1755870977.8509445,2,1,-67
1755870977.8869443,0,2,-80
1755870977.9239447,3,5,-92
1755870977.9619446,-3,3,-77
1755870977.9979446,-3,2,-66
1755870978.0349443,2,1,-82
1755870978.0729446,1,-1,-77
1755870978.108945,0,1,-79
1755870978.1459446,5,0,-73
1755870978.1829443,0,-2,-68
1755870978.2219446,2,1,-62
1755870978.2579446,0,3,-66
1755870978.2949443,-3,2,-65
1755870978.3329446,1,-3,-70
1755870978.371945,-7,4,-83
1755870978.407945,-7,0,-91
1755870978.4449446,4,-6,-78
1755870978.4829447,3,-9,-82
1755870978.5219443,2,-6,-83
1755870978.5579443,0,-3,-70
1755870978.5959446,-4,-3,-72
1755870978.6339445,0,-2,-79
1755870978.6729443,3,5,-78
1755870978.7089446,-1,0,-79
1755870978.7459445,-5,0,-83
1755870978.7839446,-1,0,-75
1755870978.8229446,-2,2,-74
1755870978.858945,1,2,-70
1755870978.8959446,1,-6,-81
1755870978.9349446,-3,0,-84
1755870978.9729445,2,0,-73
1755870979.0089445,5,-1,-76
1755870979.0459447,6,2,-67
1755870979.0839446,0,6,-80
1755870979.121945,-3,0,-83
1755870979.157945,-2,-1,-81
1755870979.1959443,-1,-5,-76
1755870979.2349446,0,-2,-70
1755870979.2729447,-2,0,-66
1755870979.3089447,3,3,-66
1755870979.3459446,2,0,-63
1755870979.3839445,1,0,-71
1755870979.4219446,1,-5,-66
1755870979.4579446,-1,-5,-82
1755870979.4959445,-7,-2,-71
1755870979.5339446,-3,0,-71
1755870979.5729446,0,-1,-71
1755870979.608945,2,0,-67
1755870979.6459446,6,-2,-69
1755870979.6839447,1,2,-72
1755870979.7229445,0,0,-69
1755870979.7589445,3,0,-75
1755870979.7959447,4,1,-79
1755870979.8339446,1,0,-63
1755870979.8729446,-2,0,-60
1755870979.9089446,3,-2,-71
1755870979.9459443,0,-9,-69
1755870979.983945,7,-1,-69
1755870980.0229447,0,-4,-77
1755870980.0589447,-3,-3,-76
1755870980.0969446,-3,0,-73
1755870980.1359446,-1,-5,-68
1755870980.1739447,4,-5,-73
1755870980.210945,-6,-2,-71
1755870980.2479446,-4,-3,-68
1755870980.2859447,-2,0,-71
1755870980.3239446,-5,-13,-70
1755870980.3629446,-1,-4,-84
1755870980.3989446,4,-1,-77
1755870980.4359446,3,0,-76
1755870980.473945,-1,-6,-76
1755870980.509945,0,-7,-71
1755870980.5479443,-1,0,-66
1755870980.585945,0,2,-84
1755870980.6239443,4,3,-70
1755870980.6599443,5,0,-73
1755870980.6969447,-2,-4,-77
1755870980.7359445,8,-2,-81
1755870980.7739446,5,-1,-83
1755870980.8099446,0,-5,-79
1755870980.8479445,2,-2,-65
1755870980.8859446,0,0,-78
1755870980.9239447,-2,7,-77
1755870980.9599447,0,1,-78
1755870980.9979446,-1,0,-89
1755870981.0359447,7,7,-73
1755870981.0739446,5,1,-73
1755870981.1099446,1,3,-77
1755870981.1469443,9,-1,-92
1755870981.1849446,-1,-3,-83
1755870981.223945,-4,-1,-76
1755870981.259945,-6,0,-75
1755870981.2979443,-6,0,-73
1755870981.335945,1,-5,-64
1755870981.3749447,0,2,-57
1755870981.4129446,-5,-3,-63
1755870981.4489446,1,0,-66
1755870981.4859445,0,6,-64
1755870981.5239446,0,2,-70
1755870981.5599446,1,5,-72
1755870981.5969446,5,5,-76
1755870981.634945,-5,-4,-86
1755870981.6739447,0,-7,-73
1755870981.7099447,0,3,-76
1755870981.746945,3,-2,-71
1755870981.7859447,6,0,-74
1755870981.8239446,0,4,-81
1755870981.8599446,4,5,-75
1755870981.8969443,8,3,-84
1755870981.9359446,-2,0,-75
1755870981.973945,-5,-5,-76
1755870982.009945,1,-8,-81
1755870982.0469446,5,0,-80
1755870982.0849447,11,4,-89
1755870982.1209445,-3,0,-80
1755870982.1589446,-1,-1,-82
1755870982.1969447,1,2,-89
1755870982.2349446,-5,2,-81
1755870982.2709446,-5,-2,-75
1755870982.3099446,-4,0,-63
1755870982.3469446,-2,0,-68
1755870982.3859446,-2,-4,-77
1755870982.4239447,6,3,-76
1755870982.4599447,0,1,-85
1755870982.496945,-6,-2,-74
1755870982.5359447,-1,-2,-73
1755870982.5739446,7,0,-68
1755870982.6099446,7,-3,-60
1755870982.6469443,2,-3,-77
1755870982.6859446,0,1,-72
1755870982.723945,-2,2,-64
1755870982.759945,-7,-2,-74
1755870982.7979443,0,2,-85
1755870982.835945,-2,1,-82
1755870982.8739443,-3,2,-84
1755870982.9099443,-1,0,-86
1755870982.9469447,-8,-2,-78
1755870982.9859445,1,-2,-68
1755870983.0239446,0,-3,-66
1755870983.0599446,-1,-2,-65
1755870983.0979445,0,-5,-58
1755870983.1359446,0,-2,-75
1755870983.1749446,3,-6,-78
1755870983.210945,4,-4,-75
1755870983.2479446,-4,-4,-66
1755870983.2859447,2,0,-76
1755870983.3299446,-1,2,-69
1755870983.3679447,6,-2,-74
1755870983.4059446,7,3,-80
1755870983.4439447,5,4,-73
1755870983.4799447,-2,-1,-71
1755870983.5189445,-3,1,-75
1755870983.5559447,3,0,-78
1755870983.5949447,4,0,-83
1755870983.6309447,0,-3,-73
1755870983.6689446,1,-2,-60
1755870983.7059443,2,5,-71
1755870983.7419446,4,6,-64
1755870983.7789447,0,3,-69
1755870983.815945,2,2,-72
1755870983.8519447,0,0,-73
1755870983.8899446,-1,0,-69
1755870983.927945,5,-13,-72
1755870983.9659443,0,-6,-63
1755870984.0049446,0,0,-73
1755870984.0409446,2,-5,-83
1755870984.0789447,-4,-2,-82
1755870984.1169446,2,3,-81
1755870984.1559446,1,4,-72
1755870984.1919446,-5,1,-71
1755870984.2289443,-1,0,-68
1755870984.2669446,-1,-3,-69
1755870984.3059447,2,2,-74
1755870984.3419447,-5,0,-76
1755870984.3789446,0,-3,-76
1755870984.4169445,-6,-2,-83
1755870984.4559443,-4,-4,-86
1755870984.4919446,-10,1,-89
1755870984.5289447,-2,1,-81
1755870984.5679443,-3,-3,-84
1755870984.6059446,4,-1,-84
1755870984.6419446,1,-1,-72
1755870984.6789446,6,0,-79
1755870984.7169447,0,-3,-65
1755870984.7549446,0,-9,-72
1755870984.7909446,2,-2,-62
1755870984.8289447,0,-4,-70
1755870984.8669446,0,-4,-77
1755870984.9059446,1,0,-84
1755870984.9419446,0,3,-80
1755870984.9799447,0,-3,-77
1755870985.0169446,0,0,-82
1755870985.0559447,0,0,-63
1755870985.0919447,7,3,-58
1755870985.1289446,7,-1,-68
1755870985.1669445,6,-5,-74
1755870985.2059443,0,-1,-79
1755870985.2419446,0,2,-81
1755870985.2789447,2,-1,-71
1755870985.3169446,3,0,-79
1755870985.3559446,1,-2,-82
1755870985.3919446,-3,-2,-81
1755870985.4299445,-1,4,-88
1755870985.4679446,-2,0,-84
1755870985.506945,-1,3,-79
1755870985.542945,-4,2,-79
1755870985.5809443,-6,1,-70
1755870985.6189446,-3,9,-70
1755870985.6569445,-4,1,-82
1755870985.6959443,-5,5,-69
1755870985.7319446,-5,4,-64
1755870985.7689445,3,-5,-65
1755870985.8069446,0,0,-63
1755870985.8429446,0,-5,-61
1755870985.8809447,0,-3,-82
1755870985.9189446,1,-6,-76
1755870985.9569447,7,1,-80
1755870985.9959445,0,0,-69
1755870986.0319445,1,2,-85
1755870986.0689447,2,3,-80
1755870986.1069446,6,9,-86
1755870986.1429446,3,8,-81
1755870986.1799445,5,5,-82
1755870986.2179446,0,-1,-77
1755870986.256945,4,1,-73
1755870986.292945,1,7,-63
1755870986.3299446,0,-1,-65
1755870986.3679447,-2,-6,-65
1755870986.4069445,-5,0,-62
1755870986.4429443,-1,-2,-68
1755870986.4809446,-2,0,-55
1755870986.5189445,-5,0,-54
1755870986.5579443,0,1,-59
1755870986.5959446,0,0,-72
1755870986.631945,4,-2,-74
1755870986.6689446,4,2,-88
1755870986.7069447,3,1,-68
1755870986.7429447,-1,1,-70
1755870986.7809446,-4,0,-72
1755870986.8189447,-1,0,-68
1755870986.8579447,-5,-2,-64
1755870986.8959446,-3,-10,-64
1755870986.9319446,0,-6,-68
1755870986.9689443,-4,0,-68
1755870987.0079446,0,-1,-73
1755870987.0459447,5,0,-73
1755870987.0819447,8,-1,-74
1755870987.1189446,0,-2,-80
1755870987.157945,4,0,-75
1755870987.1939447,0,2,-63
1755870987.2309446,-5,0,-73
1755870987.2689445,-5,-2,-80
1755870987.3079443,-2,0,-73
1755870987.3439443,-1,0,-79
1755870987.3809447,3,-1,-69
1755870987.4189446,4,1,-82
1755870987.4579446,2,0,-81
1755870987.4939446,3,4,-77
1755870987.5309446,-5,-2,-62
1755870987.5689447,-3,-2,-73
1755870987.6079447,-1,-1,-82
1755870987.6439445,-3,0,-83
1755870987.6809447,-2,0,-69
1755870987.7189443,-3,-1,-77
1755870987.7579446,0,1,-87
1755870987.7939446,-2,-3,-71
1755870987.8319447,-8,-8,-79
1755870987.8699446,-1,-6,-75
1755870987.9089446,6,-2,-72
1755870987.9469447,4,-6,-79
1755870987.9829447,2,0,-81
1755870988.019945,6,-2,-75
1755870988.0589447,-2,5,-73
1755870988.0969446,-4,13,-76
1755870988.1329446,0,7,-83
1755870988.1699443,5,0,-75
1755870988.2079446,2,-2,-84
1755870988.2439446,0,5,-77
1755870988.2809446,0,-3,-78
1755870988.3189447,-2,1,-77
1755870988.3579447,4,-4,-83
1755870988.3939445,4,-3,-84
1755870988.4319446,4,0,-84
1755870988.4699447,3,-1,-76
1755870988.5079446,6,2,-79
1755870988.5439446,3,-7,-73
1755870988.5809443,7,4,-71
1755870988.6189446,0,0,-72
1755870988.6569445,1,-4,-76
1755870988.6929443,0,0,-73
1755870988.7299447,3,2,-75
1755870988.7689445,-3,2,-72
1755870988.8069446,1,1,-58
1755870988.8429446,1,6,-67
1755870988.8799446,-3,2,-60
1755870988.9189446,-1,6,-69
1755870988.9549446,1,2,-69
1755870988.9919446,-7,0,-75
1755870989.029945,-11,7,-74
1755870989.0689447,-8,3,-71
1755870989.1049447,1,0,-71
1755870989.1419446,7,0,-78
1755870989.1799445,0,14,-69
1755870989.2189443,-2,2,-78
1755870989.2549446,0,-2,-76
1755870989.292945,4,-2,-72
1755870989.3309443,4,2,-66
1755870989.3689446,-2,1,-69
1755870989.404945,-1,0,-80
1755870989.4439447,-1,6,-74
1755870989.4809446,-3,0,-73
1755870989.519945,3,-1,-76
1755870989.5579443,3,0,-83
1755870989.5939443,-4,-1,-86
1755870989.631945,0,0,-82
1755870989.6699443,5,-1,-71
1755870989.7079446,-5,-4,-68
1755870989.7439446,-2,2,-63
1755870989.7819445,-1,3,-64
1755870989.8199446,2,2,-58
1755870989.8579447,-6,-2,-65
1755870989.8939445,-8,-2,-66
1755870989.9319446,0,-5,-70
1755870989.9699447,2,5,-75
1755870990.0079446,5,-1,-72
1755870990.0439446,0,3,-71
1755870990.0819447,3,6,-67
1755870990.1199446,0,1,-80
1755870990.157945,0,0,-83
1755870990.1939447,-4,4,-77
1755870990.2319446,-1,-2,-68
1755870990.269945,1,-1,-79
1755870990.3089447,-3,1,-74
1755870990.3449447,-4,3,-67
1755870990.381945,0,4,-74
1755870990.4199443,1,0,-80
1755870990.4579446,-1,1,-83
1755870990.4939446,-5,-1,-76
1755870990.5319445,1,-4,-79
1755870990.5699446,1,0,-61
1755870990.608945,-1,-2,-66
1755870990.644945,-6,-1,-75
1755870990.6829443,-1,-2,-77
1755870990.7209446,0,-6,-83
1755870990.759945,0,-4,-77
1755870990.7959447,0,-1,-68
1755870990.8339446,5,8,-79
1755870990.8709445,0,10,-78
1755870990.9089446,-1,0,-78
1755870990.9449446,0,0,-80
1755870990.9819446,-3,0,-79
1755870991.019945,1,-1,-66
1755870991.0589447,-5,-5,-80
1755870991.0949447,0,-5,-77
1755870991.131945,7,2,-67
1755870991.1699443,3,-1,-74
1755870991.2059443,0,-4,-86
1755870991.2429447,5,-4,-76
1755870991.2809446,-1,0,-76
1755870991.3199446,2,-2,-83
1755870991.3559446,0,0,-76
1755870991.3929446,3,0,-66
1755870991.4299445,2,-4,-69
1755870991.4689443,7,-7,-70
1755870991.5049446,1,-7,-74
1755870991.5419445,4,-3,-81
1755870991.5809443,1,-1,-79
1755870991.6189446,4,0,-76
1755870991.654945,0,5,-76
1755870991.6919446,0,1,-72
1755870991.7299447,3,-7,-71
1755870991.7659447,-8,-4,-78
1755870991.8039446,-2,3,-75
1755870991.8419447,-3,2,-81
1755870991.8809447,2,1,-70
1755870991.9189446,7,3,-76
1755870991.9549446,5,-1,-64
1755870991.9919446,-2,1,-73
1755870992.0309446,-6,9,-76
1755870992.0689447,0,3,-77
1755870992.1049447,4,5,-71
1755870992.1419446,0,8,-74
1755870992.1809447,0,5,-77
1755870992.2189443,-1,0,-87
1755870992.2549446,4,-8,-82
1755870992.2919445,-4,2,-76
1755870992.3309443,0,3,-67
1755870992.3689446,7,6,-68
1755870992.404945,0,2,-75
1755870992.4419446,-8,1,-65
1755870992.4809446,-3,1,-71
1755870992.5169446,0,1,-83
1755870992.5539446,-7,-4,-72
1755870992.5919447,0,-5,-77
1755870992.6309447,2,1,-74
1755870992.6669445,3,-4,-66
1755870992.7039447,8,-2,-73
1755870992.7419446,5,0,-74
1755870992.779945,5,6,-74
1755870992.815945,2,7,-72
1755870992.8529446,5,2,-77
1755870992.8909447,3,-1,-70
1755870992.9269447,4,-1,-69
1755870992.963945,0,-6,-83
1755870993.0029447,0,-1,-87
1755870993.0409446,-4,0,-81
1755870993.0769446,-2,-2,-68
1755870993.1159446,-2,-7,-75
1755870993.1529446,4,-6,-72
1755870993.190945,-2,-1,-70
1755870993.2299447,0,2,-72
1755870993.2659447,3,-3,-83
1755870993.3039446,3,5,-74
1755870993.3499446,-2,0,-75
1755870993.3859446,-2,1,-77
1755870993.4249446,-7,5,-76
1755870993.4619446,-2,-1,-69
1755870993.5009446,2,0,-73
1755870993.5369446,-7,0,-67
1755870993.5749447,-3,-1,-74
1755870993.6129446,-7,3,-80
1755870993.6519446,-4,-6,-79
1755870993.6899445,-7,-5,-72
1755870993.7259445,3,0,-67
1755870993.7629447,-4,2,-81
1755870993.8019447,-4,-3,-76
1755870993.8399446,-2,0,-70
1755870993.8759446,0,-2,-72
1755870993.9139447,0,-4,-61
1755870993.9519446,1,0,-66
1755870993.9909446,2,0,-60
1755870994.0269446,-5,-3,-64
1755870994.065945,-1,-5,-82
1755870994.1029446,0,-2,-70
1755870994.1419446,-2,0,-80
1755870994.1799445,-1,-1,-82
1755870994.2159443,-4,0,-77
1755870994.2529447,-2,1,-76
1755870994.2919445,-1,4,-68
1755870994.3279445,-3,2,-59
1755870994.3659446,-1,-2,-77
1755870994.404945,1,1,-69
1755870994.4419446,-4,0,-70
1755870994.4809446,-4,-2,-71
1755870994.5169446,2,0,-71
1755870994.5549445,1,-2,-80
1755870994.5919447,5,10,-76
1755870994.6279447,0,11,-73
1755870994.6649446,-2,1,-71
1755870994.7029445,-1,1,-72
1755870994.7419446,-7,2,-76
1755870994.7779446,0,0,-66
1755870994.815945,-5,2,-66
1755870994.8539443,1,4,-86
1755870994.8919446,0,5,-80
1755870994.927945,0,0,-74
1755870994.9649446,-1,0,-68
1755870995.0029447,-3,0,-68
1755870995.0419445,-4,3,-74
1755870995.0779445,-3,2,-66
1755870995.1149447,1,2,-76
1755870995.1529446,0,1,-79
1755870995.190945,2,-3,-83
1755870995.2269447,5,-1,-89
1755870995.2659447,-4,-5,-74
1755870995.302945,3,-6,-76
1755870995.3419447,2,0,-74
1755870995.3779447,1,4,-73
1755870995.4149446,0,2,-79
1755870995.4529445,0,-10,-76
1755870995.4919446,-2,5,-76
1755870995.5279446,0,4,-76
1755870995.5649445,2,-3,-77
1755870995.6029446,6,1,-75
1755870995.6419446,7,-4,-75
1755870995.677945,5,-6,-72
1755870995.7149446,0,-5,-73
1755870995.7529447,-2,-6,-72
1755870995.7919445,0,-2,-72
1755870995.8279445,4,-7,-79
1755870995.8649447,-7,-3,-77
1755870995.9039447,4,1,-81
1755870995.9419446,2,0,-79
1755870995.9779446,4,6,-82
1755870996.0149446,2,-3,-71
1755870996.052945,1,-1,-72
1755870996.0919447,3,2,-63
1755870996.1279447,0,-6,-57
1755870996.1649446,-1,1,-71
1755870996.2029445,-5,2,-67
1755870996.2419446,-2,0,-63
1755870996.2779446,-4,-1,-71
1755870996.315945,-7,1,-68
1755870996.3539443,-3,-2,-60
1755870996.3929446,5,-6,-68
1755870996.4289446,-4,-1,-69
1755870996.4669447,4,-2,-71
1755870996.5049446,4,-5,-79
1755870996.542945,4,0,-76
1755870996.5819447,7,0,-75
1755870996.6179447,5,0,-80
1755870996.654945,-4,-2,-84
1755870996.6929443,-1,-2,-74
1755870996.7319446,-1,0,-76
1755870996.7679446,0,0,-76
1755870996.8049445,6,4,-76
1755870996.8439443,7,4,-73
1755870996.881945,5,0,-69
1755870996.917945,0,-1,-59
1755870996.9559443,2,0,-75
1755870996.9939446,5,0,-77
1755870997.0319445,2,2,-75
1755870997.0679443,-3,3,-68
1755870997.1059446,9,-11,-75
1755870997.1439445,0,-5,-75
1755870997.1829443,-2,-5,-74
1755870997.2189443,0,-6,-74
1755870997.2559447,1,-3,-85
1755870997.2939446,0,-1,-79
1755870997.3329446,-4,-1,-80
1755870997.3689446,-2,-8,-91
1755870997.4069445,-7,0,-88
1755870997.4459443,-2,0,-78
1755870997.483945,-3,4,-65
1755870997.5219443,-1,3,-75
1755870997.5579443,-12,2,-69
1755870997.5969446,-5,0,-65
1755870997.6339445,4,0,-72
1755870997.6719446,-1,-5,-61
1755870997.7079446,-2,-7,-47
1755870997.746945,-2,6,-56
1755870997.7839446,2,0,-57
1755870997.8199446,-2,-1,-66
1755870997.8579447,3,0,-72
1755870997.894945,1,5,-70
1755870997.9339447,0,11,-81
1755870997.9699447,0,1,-83
1755870998.0079446,-1,9,-74
1755870998.0459447,0,-2,-76
1755870998.0839446,-2,0,-82
1755870998.1229446,-5,-2,-69
1755870998.1589446,-4,-5,-76
1755870998.1969447,-7,-4,-65
1755870998.2349446,-2,-3,-73
1755870998.2739446,2,-4,-83
1755870998.3099446,0,-3,-80
1755870998.3469446,0,1,-75
1755870998.3839445,-1,-2,-73
1755870998.4229443,3,0,-81
1755870998.4589446,5,4,-85
1755870998.4959445,1,-4,-80
1755870998.5339446,8,0,-71
1755870998.5729446,-2,2,-61
1755870998.608945,3,1,-68
1755870998.6459446,1,7,-80
1755870998.6839447,-1,0,-78
1755870998.7199447,-1,-3,-71
1755870998.7579446,-5,-5,-69
1755870998.7959447,-2,0,-66
1755870998.8349447,1,1,-62
1755870998.8729446,-6,0,-71
1755870998.9089446,-1,3,-79
1755870998.9459443,-2,2,-72
1755870998.9849446,4,0,-81
1755870999.0229447,-3,-2,-81
1755870999.0589447,0,3,-80
1755870999.0959446,3,0,-64
1755870999.1339445,0,3,-78
1755870999.1699443,-5,-1,-75
1755870999.2079446,1,-3,-78
1755870999.2459445,3,4,-76
1755870999.2839446,-1,-4,-83
1755870999.3199446,0,-8,-80
1755870999.3569446,4,0,-87
1755870999.394945,0,-1,-87
1755870999.4339447,-1,0,-87
1755870999.4699447,2,6,-81
1755870999.506945,-2,5,-75
1755870999.5449443,0,-1,-67
1755870999.5839446,-2,0,-67
1755870999.6199446,-2,-7,-78
1755870999.657945,-5,-5,-69
1755870999.6959443,-5,-6,-71
1755870999.7349446,-6,0,-77
1755870999.7709446,-1,-2,-76
1755870999.8089447,0,4,-75
1755870999.8459446,-3,-1,-70
1755870999.884945,3,-3,-73
1755870999.9209447,11,-5,-79
1755870999.9589446,0,-1,-74
1755870999.996945,6,4,-71
1755871000.0349443,-1,-4,-71
1755871000.0709443,-2,-4,-75
1755871000.108945,0,0,-72
1755871000.1459446,5,1,-68
1755871000.1849446,3,-1,-82
1755871000.2209446,4,1,-75
1755871000.2589445,2,1,-75
1755871000.2969446,4,-5,-70
1755871000.3349447,4,-1,-66
1755871000.3739443,8,-10,-81
1755871000.4099443,3,-3,-83
1755871000.4469447,3,0,-74
1755871000.4849446,3,-8,-68
1755871000.5209446,2,-1,-80
1755871000.5579443,-2,0,-85
1755871000.5959446,3,0,-77
1755871000.634945,7,0,-79
1755871000.6709447,9,0,-75
1755871000.7079446,-1,2,-83
1755871000.7459445,3,9,-77
1755871000.7849443,-5,0,-84
1755871000.8209443,-1,0,-78
1755871000.8579447,0,2,-80
1755871000.8959446,2,2,-73
1755871000.9339447,-4,-2,-66
1755871000.9699447,-7,6,-72
1755871001.006945,0,2,-72
1755871001.0459447,0,-6,-83
1755871001.0839446,-6,1,-84
1755871001.1199446,-10,-1,-77
1755871001.157945,-4,0,-81
1755871001.1959443,1,0,-77
1755871001.2349446,-2,-3,-69
1755871001.2709446,2,0,-63
1755871001.3079443,0,1,-76
1755871001.3459446,-5,-1,-73
1755871001.3839445,0,-2,-77
1755871001.4199443,0,-4,-78
1755871001.4579446,-3,0,-67
1755871001.4959445,0,-1,-71
1755871001.5319445,1,0,-81
1755871001.5689447,-8,-5,-78
1755871001.6079447,0,5,-88
1755871001.6459446,0,2,-80
1755871001.6819446,2,2,-75
1755871001.7189443,4,-8,-81
1755871001.7579446,5,1,-76
1755871001.7959447,1,0,-78
1755871001.8319447,6,-1,-82
1755871001.8699446,6,1,-69
1755871001.9069445,5,0,-70
1755871001.9459443,7,1,-61
1755871001.9819446,5,-2,-66
1755871002.019945,1,-1,-72
1755871002.0579443,1,-2,-73
1755871002.0959446,-4,0,-68
1755871002.134945,-5,2,-82
1755871002.1709447,-3,2,-67
1755871002.2089446,2,0,-64
1755871002.246945,-9,-2,-68
1755871002.2849443,1,0,-66
1755871002.3209443,-8,0,-82
1755871002.3579447,-6,0,-71
1755871002.3969443,-2,-1,-72
1755871002.4349446,-10,1,-66
1755871002.4709446,-7,4,-60
1755871002.5079446,-3,0,-80
1755871002.5469446,3,-6,-82
1755871002.5849447,4,0,-66
1755871002.6209445,4,-5,-68
1755871002.657945,5,-5,-75
1755871002.6969447,-6,-1,-75
1755871002.7349446,-7,-5,-66
1755871002.7709446,-8,-3,-71
1755871002.8089447,-1,-2,-67
1755871002.8469446,0,-2,-72
1755871002.8859446,3,0,-76
1755871002.9219446,2,1,-72
1755871002.9589446,1,1,-73
1755871002.996945,2,0,-69
1755871003.0349443,4,1,-85
1755871003.0709443,0,2,-79
1755871003.1079447,-3,-1,-72
1755871003.1469443,3,2,-73
1755871003.1849446,0,3,-69
1755871003.2209446,4,0,-74
1755871003.2579446,6,-1,-78
1755871003.2969446,0,-3,-70
1755871003.3329446,-1,-2,-81
1755871003.3839445,2,-7,-77
1755871003.4199443,13,-10,-71
1755871003.4569447,3,-5,-59
1755871003.4959445,5,-5,-65
1755871003.5319445,-7,0,-68
1755871003.5689447,-4,3,-72
1755871003.6069446,-4,-5,-73
1755871003.6459446,-3,-1,-77
1755871003.6819446,3,1,-78
1755871003.7199447,-3,-3,-72
1755871003.756945,-1,-2,-67
1755871003.7959447,0,8,-76
1755871003.8319447,3,3,-73
1755871003.8689446,9,-2,-70
1755871003.9069445,0,-5,-76
1755871003.9459443,-1,-4,-75
1755871003.9819446,0,2,-76
1755871004.0189445,2,3,-73
1755871004.0579443,-1,4,-72
1755871004.0959446,-1,0,-88
1755871004.131945,4,2,-76
1755871004.1689446,8,0,-69
1755871004.2069447,4,6,-77
1755871004.2429447,7,-4,-73
1755871004.279945,5,-2,-73
1755871004.3179443,7,-2,-66
1755871004.3569446,3,0,-77
1755871004.3929446,3,2,-72
1755871004.4299445,-1,-1,-63
1755871004.4679446,3,1,-70
1755871004.5059447,0,3,-69
1755871004.5419445,0,4,-69
1755871004.5799446,3,-4,-72
1755871004.6179447,4,-6,-73
1755871004.6559446,2,-10,-78
1755871004.6919446,-1,-5,-81
1755871004.7299447,1,0,-71
1755871004.7679446,1,3,-73
1755871004.8059447,0,0,-70
1755871004.8429446,1,-1,-75
1755871004.8799446,6,-4,-75
1755871004.917945,6,2,-73
1755871004.9559443,6,0,-72
1755871004.9919446,6,-8,-74
1755871005.029945,0,-2,-68
1755871005.0679443,3,-4,-72
1755871005.1069446,5,-1,-73
1755871005.1429446,-1,-6,-71
1755871005.1809447,-5,-2,-66
1755871005.2189443,0,4,-71
1755871005.256945,6,0,-67
1755871005.292945,5,8,-74
1755871005.3299446,4,7,-71
1755871005.3679447,1,1,-62
1755871005.4039447,0,5,-67
1755871005.440945,-7,-3,-76
1755871005.4799447,-13,-4,-85
1755871005.5179446,-6,-3,-70
1755871005.5539446,-3,0,-73
1755871005.5909443,-4,-1,-74
1755871005.6299446,0,0,-74
1755871005.667945,2,0,-74
1755871005.7039447,1,2,-72
1755871005.7409446,1,5,-81
1755871005.7789447,0,0,-83
1755871005.8169446,1,2,-82
1755871005.8529446,-2,0,-73
1755871005.8919446,0,-2,-80
1755871005.9289446,0,2,-88
1755871005.9669447,4,-2,-81
1755871006.0029447,2,-2,-73
1755871006.0409446,0,-5,-73
1755871006.0789447,3,-4,-81
1755871006.1179447,-6,-2,-84
1755871006.1539447,0,-2,-79
1755871006.190945,-2,1,-97
1755871006.2289443,3,1,-91
1755871006.2669446,0,2,-74
1755871006.302945,2,2,-60
1755871006.3409443,0,5,-77
1755871006.3789446,-3,1,-68
1755871006.417945,-3,-4,-65
1755871006.4539447,0,-6,-74
1755871006.4909446,-1,-9,-63
1755871006.5289447,-3,0,-77
1755871006.5679443,-7,-1,-72
1755871006.6039443,1,-4,-85
1755871006.6419446,3,0,-70
1755871006.6789446,-7,4,-56
1755871006.7179446,-3,3,-70
1755871006.7539446,-3,-1,-72
1755871006.7919445,-1,-2,-67
1755871006.8309443,1,6,-71
1755871006.8689446,10,0,-66
1755871006.904945,17,1,-67
1755871006.9419446,11,0,-82
1755871006.9789443,4,-1,-77
1755871007.0179446,8,0,-61
1755871007.0539446,7,0,-74
1755871007.0909443,0,0,-74
1755871007.1289446,3,-2,-83
1755871007.167945,-1,-7,-75
1755871007.2039447,3,-6,-70
1755871007.2409446,-1,-6,-70
1755871007.2789447,-2,-4,-71
1755871007.3179443,8,-4,-82
1755871007.3539443,9,-6,-81
1755871007.3909447,-1,-7,-74
1755871007.4289446,0,1,-87
1755871007.4649446,3,4,-78
1755871007.5019443,4,3,-86
1755871007.5399446,1,3,-83
1755871007.5779445,-7,0,-71
1755871007.6139443,-3,-5,-69
1755871007.6519446,3,-4,-74
1755871007.6899445,-1,-9,-64
1755871007.7289443,9,-4,-72
1755871007.7649446,4,-1,-65
1755871007.8019447,0,0,-76
1755871007.8399446,-2,2,-77
1755871007.8779447,6,-1,-80
1755871007.9139447,0,-6,-70
1755871007.950945,-4,-11,-81
1755871007.9899447,-3,-7,-74
1755871008.0279446,2,-6,-72
1755871008.0639446,-2,-4,-76
1755871008.1019447,0,0,-76
1755871008.1399446,-1,4,-68
1755871008.1789446,2,4,-73
1755871008.2149446,7,8,-76
1755871008.2529447,3,2,-65
1755871008.2899446,7,-4,-68
1755871008.3289447,0,0,-70
1755871008.3649447,9,-2,-67
1755871008.4029446,-3,-4,-74
1755871008.4399445,0,4,-70
1755871008.4779446,-3,-2,-67
1755871008.5139446,-4,-3,-71
1755871008.552945,0,-4,-63
1755871008.5899446,-8,0,-74
1755871008.6289446,1,-2,-80
1755871008.6649446,-1,-2,-90
1755871008.7029445,0,-6,-79
1755871008.7409446,3,-4,-82
1755871008.779945,4,-9,-80
1755871008.815945,-1,-1,-76
1755871008.8539443,-5,-9,-63
1755871008.8919446,-3,3,-72
1755871008.9299445,-9,-2,-76
1755871008.9689443,-5,-4,-78
1755871009.0049446,-6,5,-72
1755871009.042945,-1,0,-71
1755871009.0819447,-3,1,-71
1755871009.1199446,-6,1,-76
1755871009.1559446,6,0,-79
1755871009.1929443,5,0,-77
1755871009.2309446,3,0,-66
1755871009.269945,9,-5,-70
1755871009.3059447,6,-3,-66
1755871009.3429446,3,-5,-77
1755871009.3809447,-2,-8,-71
1755871009.4199443,2,0,-78
1755871009.4559443,2,-1,-72
1755871009.4939446,-1,-3,-88
1755871009.5309446,5,1,-89
1755871009.5689447,2,-1,-81
1755871009.6049447,0,-1,-72
1755871009.6429446,4,0,-79
1755871009.6809447,1,5,-84
1755871009.7189443,2,-2,-88
1755871009.7549446,0,-3,-78
1755871009.792945,0,0,-79
1755871009.8309443,-4,0,-64
1755871009.8699446,-7,-1,-62
1755871009.9059446,-3,-2,-68
1755871009.9439447,0,-4,-71
1755871009.9819446,0,9,-64
1755871010.0209446,3,-3,-66
1755871010.0589447,-7,-5,-70
1755871010.0949447,-8,-2,-72
1755871010.1329446,-7,0,-78
1755871010.1709447,-1,-1,-82
1755871010.2099447,-7,1,-72
1755871010.2459445,1,3,-66
1755871010.282945,0,1,-71
1755871010.3209443,-1,-4,-65
1755871010.3599446,-4,-3,-68
1755871010.3959446,0,0,-84
1755871010.4329443,7,0,-76
1755871010.4709446,3,0,-62
1755871010.506945,7,0,-79
1755871010.5439446,0,-2,-88
1755871010.5829446,4,4,-67
1755871010.6209445,-7,0,-64
1755871010.6569445,-2,0,-74
1755871010.6939447,1,6,-65
1755871010.7309446,-4,8,-62
1755871010.769945,-3,3,-74
1755871010.8059447,-4,-3,-81
1755871010.8439443,-4,2,-77
1755871010.8829446,3,-5,-65
1755871010.9209447,-6,0,-68
1755871010.9569447,0,-1,-68
1755871010.9939446,9,-1,-72
1755871011.032945,5,5,-76
1755871011.0709443,3,4,-75
1755871011.1069446,-1,-2,-70
1755871011.144945,-2,0,-65
1755871011.1829443,1,0,-77
1755871011.2219446,0,-1,-72
1755871011.259945,2,-3,-80
1755871011.2959447,-7,0,-78
1755871011.3329446,-5,0,-68
1755871011.371945,0,3,-77
1755871011.4099443,-2,-4,-76
1755871011.4459443,4,0,-77
1755871011.4829447,4,-1,-76
1755871011.5219443,7,5,-72
1755871011.5599446,-1,0,-79
1755871011.5959446,1,4,-78
1755871011.6329446,-1,-5,-67
1755871011.6719446,-4,0,-79
1755871011.7099447,5,-2,-85
1755871011.7459445,4,1,-81
1755871011.782945,0,-6,-83
1755871011.8219447,0,-5,-80
1755871011.8599446,3,6,-69
1755871011.8959446,3,1,-63
1755871011.9339447,-4,1,-71
1755871011.9719446,0,2,-65
1755871012.009945,0,-1,-76
1755871012.0459447,0,-2,-71
1755871012.0839446,3,7,-71
1755871012.121945,-1,2,-57
1755871012.157945,0,0,-58
1755871012.1949446,0,1,-72
1755871012.2319446,-3,4,-78
1755871012.2709446,7,0,-79
1755871012.3069446,5,2,-74
1755871012.3439443,-1,0,-81
1755871012.381945,5,2,-77
1755871012.417945,0,-8,-80
1755871012.4559443,-1,-5,-76
1755871012.4939446,3,-3,-77
1755871012.5319445,0,0,-82
1755871012.5679443,0,-2,-76
1755871012.6049447,3,-2,-71
1755871012.6429446,2,0,-68
1755871012.6809447,0,2,-76
1755871012.7169447,-1,-1,-77
1755871012.7549446,-1,-5,-66
1755871012.792945,5,-7,-62
1755871012.8319447,0,2,-74
1755871012.8679447,-5,3,-85
1755871012.904945,-3,-2,-83
1755871012.9429443,0,-3,-73
1755871012.9819446,0,0,-79
1755871013.0179446,0,-2,-84
1755871013.0549445,1,-6,-78
1755871013.0929446,5,1,-73
1755871013.1309447,3,-1,-71
1755871013.1669445,-5,-3,-72
1755871013.2049446,-4,0,-77
1755871013.2429447,1,0,-77
1755871013.2809446,5,5,-75
1755871013.3169446,4,-1,-66
1755871013.3539443,-3,0,-67
1755871013.3989446,-1,2,-71
1755871013.4369447,0,4,-65
1755871013.473945,3,3,-79
1755871013.5129447,-2,0,-72
1755871013.5509446,0,-3,-76
1755871013.5869446,-5,-3,-79
1755871013.6249447,-3,2,-76
1755871013.6639447,1,0,-78
1755871013.7019446,0,3,-78
1755871013.7379446,0,6,-75
1755871013.7749443,-5,-3,-73
1755871013.8139446,-9,3,-77
1755871013.8519447,5,-7,-77
1755871013.8879447,8,-6,-73
1755871013.9249446,0,-3,-72
1755871013.963945,-5,0,-74
1755871014.0019443,1,2,-79
1755871014.0379446,-5,6,-59
1755871014.0749447,0,-4,-66
1755871014.1139443,0,-2,-65
1755871014.1519446,6,-7,-69
1755871014.187945,-2,-4,-73
1755871014.2259445,-1,-2,-81
1755871014.2639446,6,4,-64
1755871014.3019447,3,11,-77
1755871014.3379445,2,3,-82
1755871014.3749447,8,-3,-69
1755871014.4129446,6,-5,-68
1755871014.4519446,3,-12,-64
1755871014.4879446,6,0,-75
1755871014.5249443,11,-5,-65
1755871014.5639446,0,0,-74
1755871014.6019447,5,-1,-88
1755871014.6379447,6,0,-79
1755871014.6749446,0,-2,-76
1755871014.713945,0,-2,-80
1755871014.7519443,0,-1,-78
1755871014.7879446,4,-4,-72
1755871014.825945,-2,2,-81
1755871014.8639443,-2,-5,-74
1755871014.9029446,0,-9,-76
1755871014.9389446,-2,-3,-79
1755871014.9779446,1,-2,-71
1755871015.0159447,6,1,-78
1755871015.0539446,-1,4,-77
1755871015.0919447,-6,3,-69
1755871015.1279447,-2,0,-77
1755871015.1659446,6,2,-78
1755871015.2039447,10,-3,-73
1755871015.2419446,8,0,-62
1755871015.2779446,2,-1,-60
1755871015.315945,1,-6,-73
1755871015.3539443,1,0,-73
1755871015.3919446,2,0,-53
1755871015.427945,3,1,-60
1755871015.4659443,0,1,-82
1755871015.5039446,2,9,-88
1755871015.542945,0,7,-77
1755871015.5789447,3,6,-76
1755871015.6159446,-3,0,-75
1755871015.6539447,-4,-3,-78
1755871015.6929443,1,3,-75
1755871015.7289443,0,-1,-81
1755871015.7659447,2,-3,-67
1755871015.8049445,0,-4,-65
1755871015.8429446,-6,-3,-75
1755871015.8789446,-5,-3,-78
1755871015.9169445,-2,-5,-72
1755871015.9549446,-1,-3,-77
1755871015.9939446,5,-3,-64
1755871016.029945,9,2,-58
1755871016.0679443,6,-3,-68
1755871016.1059446,-9,9,-70
1755871016.1439445,-2,1,-68
1755871016.1829443,10,-1,-77
1755871016.2189443,4,2,-69
1755871016.2559447,2,0,-76
1755871016.2939446,5,-4,-75
1755871016.3299446,-4,-4,-72
1755871016.3679447,-3,2,-72
1755871016.4059446,-4,-1,-65
1755871016.4439447,-6,0,-82
1755871016.4829447,-5,1,-78
1755871016.5189445,-6,-2,-68
1755871016.5569446,-3,-5,-56
1755871016.5949447,0,-8,-60
1755871016.6339445,1,-2,-70
1755871016.6699443,0,-2,-67
1755871016.7069447,-4,-2,-68
1755871016.7449446,1,2,-76
1755871016.7839446,-2,7,-72
1755871016.8199446,-2,0,-62
1755871016.8569446,0,4,-60
1755871016.894945,4,4,-68
1755871016.9329443,6,1,-80
1755871016.9689443,1,0,-89
1755871017.0059447,-1,1,-79
1755871017.0449443,-4,-2,-74
1755871017.0829446,-7,0,-68
1755871017.1189446,-1,0,-75
1755871017.1569445,-4,1,-83
1755871017.1949446,-4,0,-80
1755871017.233945,3,-5,-70
1755871017.269945,2,5,-77
1755871017.3079443,1,-2,-80
1755871017.3459446,-6,-2,-70
1755871017.384945,0,4,-79
1755871017.4229443,-6,2,-71
1755871017.4589446,-6,0,-72
1755871017.4959445,3,-6,-76
1755871017.5349443,2,-7,-67
1755871017.5709443,7,-6,-78
1755871017.608945,5,-2,-80
1755871017.6459446,-4,0,-73
1755871017.6849446,-8,0,-73
1755871017.7209446,-5,1,-76
1755871017.7589445,4,1,-66
1755871017.7959447,4,0,-69
1755871017.8339446,3,-1,-71
1755871017.8699446,-2,0,-78
1755871017.907945,0,-5,-68
1755871017.9459443,4,4,-76
1755871017.9849446,3,6,-66
1755871018.0209446,4,4,-77
1755871018.0579443,-7,2,-73
1755871018.0959446,0,1,-84
1755871018.1339445,-1,-2,-68
1755871018.1709447,3,0,-72
1755871018.2079446,0,-3,-65
1755871018.2459445,-4,0,-66
1755871018.2849443,5,-2,-65
1755871018.3209443,3,-2,-75
1755871018.3579447,5,-5,-72
1755871018.3959446,1,-3,-78
1755871018.4349446,0,4,-68
1755871018.4709446,-1,1,-71
1755871018.5079446,0,-2,-71
1755871018.5459447,-3,-1,-71
1755871018.5849447,2,0,-76
1755871018.6209445,-3,6,-70
1755871018.6589446,0,6,-72
1755871018.6969447,0,-1,-71
1755871018.7359445,6,-1,-61
1755871018.7739446,5,-4,-69
1755871018.8099446,-2,4,-70
1755871018.8469446,-6,0,-74
1755871018.8859446,-1,1,-69
1755871018.9239447,0,3,-72
1755871018.9599447,-7,0,-67
1755871018.996945,3,9,-63
1755871019.0359447,1,-3,-71
1755871019.0739446,8,-4,-73
1755871019.1099446,1,-6,-81
1755871019.1469443,0,-5,-71
1755871019.1859446,1,-8,-63
1755871019.223945,-1,-1,-65
1755871019.259945,-5,0,-72
1755871019.2979443,-5,-2,-73
1755871019.335945,1,-3,-72
1755871019.3749447,3,-2,-67
1755871019.4109447,0,6,-74
1755871019.4479446,-6,3,-70
1755871019.4859445,5,-4,-68
1755871019.5249443,0,1,-74
1755871019.5609446,-2,-1,-81
1755871019.598945,-1,0,-75
1755871019.6379447,-9,5,-76
1755871019.6759446,-1,0,-85
1755871019.7119446,2,-1,-79
1755871019.7499447,2,-4,-78
1755871019.7889447,0,-9,-75
1755871019.825945,4,-8,-83
1755871019.8649447,0,-5,-78
1755871019.9009447,1,-3,-71
1755871019.937945,0,-1,-72
1755871019.9759445,3,2,-69
1755871020.0119443,0,2,-67
1755871020.0499446,-3,0,-75
1755871020.0879445,2,2,-81
1755871020.1259446,2,2,-82
1755871020.1619446,0,0,-81
1755871020.1999447,-8,-5,-81
1755871020.2379446,-7,2,-74
1755871020.2769446,0,6,-70
1755871020.3149445,4,-7,-78
1755871020.3509445,-6,-3,-72
1755871020.3889446,-5,-5,-82
1755871020.4269447,0,0,-79
1755871020.4649446,-5,-1,-71
1755871020.5009446,-4,-4,-76
1755871020.5389447,4,0,-81
1755871020.5769446,3,-2,-79
1755871020.6149447,5,-1,-69
1755871020.6509447,3,0,-78
1755871020.6889446,-1,2,-69
1755871020.7269447,0,-3,-80
1755871020.7649446,2,0,-88
1755871020.8009446,1,2,-84
1755871020.8379445,-8,4,-81
1755871020.8769443,-5,2,-73
1755871020.9149446,-8,3,-57
1755871020.950945,-6,6,-69
1755871020.9879446,-6,0,-73
1755871021.0269446,1,3,-72
1755871021.0649445,-2,0,-71
1755871021.1009445,-5,0,-76
1755871021.1379447,-2,0,-60
1755871021.1769447,-1,-1,-72
1755871021.2129445,5,2,-74
1755871021.2499447,8,1,-68
1755871021.2869446,1,-7,-77
1755871021.325945,-2,-1,-72
1755871021.361945,-1,-6,-74
1755871021.3999443,-2,1,-65
1755871021.437945,-5,3,-57
1755871021.4769447,0,-2,-76
1755871021.5129447,-4,-3,-78
1755871021.5509446,1,0,-79
1755871021.588945,6,5,-81
1755871021.6269443,5,-1,-74
1755871021.6629446,3,0,-79
1755871021.6999447,-9,0,-66
1755871021.7379446,-1,0,-65
1755871021.7769446,-3,-1,-65
1755871021.812945,-1,1,-74
1755871021.8499446,-2,-8,-78
1755871021.8879447,-3,-2,-76
1755871021.9269447,-1,2,-76
1755871021.9629445,-2,1,-85
1755871022.0009446,3,-8,-77
1755871022.0389447,5,-2,-77
1755871022.0779445,2,-1,-92
1755871022.1159446,4,0,-85
1755871022.1519446,4,0,-84
1755871022.1889446,-5,0,-77
1755871022.2279446,-3,0,-81
1755871022.2659447,1,2,-79
1755871022.3019447,0,-2,-84
1755871022.338945,3,1,-79
1755871022.3769443,-2,-5,-60
1755871022.4129446,-1,-4,-77
1755871022.4519446,0,-2,-77
1755871022.4889443,-4,2,-78
1755871022.5279446,1,0,-82
1755871022.565945,-1,-6,-85
1755871022.6019447,-1,-2,-86
1755871022.6399446,0,2,-67
1755871022.677945,-1,1,-73
1755871022.7159443,0,-2,-63
1755871022.7519443,0,5,-75
1755871022.7889447,-5,3,-75
1755871022.8279445,2,-7,-76
1755871022.8659446,-5,3,-81
1755871022.9019446,-7,0,-79
1755871022.9389446,-3,2,-84
1755871022.9779446,2,2,-71
1755871023.0139446,-1,-2,-77
1755871023.0519447,-3,-2,-75
1755871023.0899446,-2,-4,-76
1755871023.1279447,-4,-9,-76
1755871023.1669445,2,-7,-77
1755871023.2029445,1,-8,-78
1755871023.2399447,2,-6,-73
1755871023.2779446,0,-5,-69
1755871023.3169446,0,2,-67
1755871023.3529446,-6,1,-87
1755871023.3899446,-6,3,-74
1755871023.4349446,1,1,-79
1755871023.4729445,2,-3,-73
1755871023.509945,0,-4,-64
1755871023.5479443,1,0,-72
1755871023.5839446,2,2,-76
1755871023.6209445,7,2,-75
1755871023.657945,1,4,-73
1755871023.6939447,-1,-2,-66
1755871023.7319446,5,3,-84
1755871023.7689445,0,0,-87
1755871023.8069446,5,0,-77
1755871023.8429446,-1,-1,-75
1755871023.881945,1,-7,-73
1755871023.9189446,-8,-13,-76
1755871023.9579446,0,-7,-73
1755871023.9939446,-4,-1,-83
1755871024.0319445,0,2,-74
1755871024.0699446,-2,0,-75
1755871024.108945,0,-7,-69
1755871024.1469443,8,-5,-69
1755871024.1829443,7,4,-72
1755871024.2199447,-4,0,-70
1755871024.2589445,-2,0,-72
1755871024.2969446,6,-5,-79
1755871024.3329446,-1,2,-80
1755871024.3699446,-5,0,-73
1755871024.4089446,4,3,-75
1755871024.4469447,-1,-6,-62
1755871024.4829447,2,-1,-78
1755871024.5209446,2,-2,-76
1755871024.5589447,2,0,-82
1755871024.5979445,-3,2,-81
1755871024.6339445,-3,-4,-74
1755871024.6729443,-7,-2,-73
1755871024.7099447,-1,-1,-75
1755871024.7489443,-1,0,-78
1755871024.7849443,-4,0,-62
1755871024.8229446,-1,-4,-68
1755871024.8599446,-6,1,-66
1755871024.8989446,-4,7,-73
1755871024.9349446,-5,-1,-65
1755871024.9729445,-7,5,-66
1755871025.0109446,-6,-1,-66
1755871025.0489447,0,-1,-69
1755871025.0879445,1,-8,-69
1755871025.1239443,-2,-3,-64
1755871025.1619446,2,-4,-70
1755871025.1999447,2,-4,-74
1755871025.2389443,0,5,-70
1755871025.2749443,-2,0,-73
1755871025.3139446,-3,1,-75
1755871025.3509445,0,-4,-65
1755871025.3899446,1,-2,-73
1755871025.427945,0,-3,-66
1755871025.463945,-2,-9,-66
1755871025.5019443,0,0,-73
1755871025.5399446,5,11,-77
1755871025.5779445,-3,1,-67
1755871025.6139443,0,1,-73
1755871025.6509447,-4,-5,-78
1755871025.6899445,0,-4,-69
1755871025.7279446,-4,2,-80
1755871025.7639446,1,0,-67
1755871025.8009446,1,-11,-71
1755871025.8399446,6,-4,-72
1755871025.8779447,-3,0,-78
1755871025.9139447,-1,-2,-74
1755871025.9519446,0,1,-76
1755871025.9899447,3,3,-73
1755871026.0279446,4,-3,-73
1755871026.0639446,-2,0,-74
1755871026.1019447,0,-2,-66
1755871026.1399446,0,0,-76
1755871026.1789446,-1,-7,-74
1755871026.2149446,4,-4,-80
1755871026.2529447,-5,0,-67
1755871026.2909446,1,0,-63
1755871026.3289447,3,-5,-67
1755871026.3649447,-3,0,-74
1755871026.4029446,3,-2,-77
1755871026.440945,5,-6,-78
1755871026.4799447,4,0,-80
1755871026.5159447,-3,-1,-72
1755871026.5539446,1,-5,-80
1755871026.5919447,-3,0,-77
1755871026.6299446,1,-7,-67
1755871026.6689446,2,-8,-80
1755871026.7049446,-7,-6,-70
1755871026.7439446,-1,-1,-68
1755871026.7809446,1,-1,-81
1755871026.8199446,0,0,-74
1755871026.8559446,1,-6,-74
1755871026.8939445,-6,-10,-78
1755871026.9319446,0,-1,-76
1755871026.9699447,-4,-8,-64
1755871027.0089445,4,-5,-68
1755871027.0449443,0,0,-67
1755871027.0819447,4,-2,-73
1755871027.1199446,-1,0,-82
1755871027.1589446,-5,5,-77
1755871027.1949446,1,5,-75
1755871027.2319446,10,-1,-77
1755871027.2709446,12,-7,-68
1755871027.3089447,-5,-3,-76
1755871027.3449447,-4,0,-80
1755871027.3829446,-9,-2,-77
1755871027.4209447,0,0,-78
1755871027.4589446,3,0,-77
1755871027.4949446,2,0,-81
1755871027.532945,5,2,-75
1755871027.5709443,-2,0,-67
1755871027.608945,2,-2,-69
1755871027.644945,3,-1,-72
1755871027.6829443,0,-8,-68
1755871027.7209446,-6,-4,-81
1755871027.7589445,5,1,-75
1755871027.7949443,4,-3,-79
1755871027.8329446,7,-4,-84
1755871027.8709445,0,-6,-69
1755871027.9089446,-1,-3,-64
1755871027.9449446,0,2,-63
1755871027.9829447,1,-3,-64
1755871028.0209446,5,-9,-64
1755871028.0589447,6,-5,-73
1755871028.0949447,0,-11,-79
1755871028.131945,1,-5,-76
1755871028.1709447,0,-2,-76
1755871028.2089446,-7,2,-63
1755871028.2449446,-1,0,-68
1755871028.282945,0,0,-73
1755871028.3209443,-3,-10,-72
1755871028.358945,-2,-4,-75
1755871028.3959446,1,2,-84
1755871028.4329443,0,3,-78
1755871028.4709446,1,0,-65
1755871028.506945,0,1,-74
1755871028.5439446,1,-2,-75
1755871028.5829446,2,0,-76
1755871028.6209445,2,-8,-77
1755871028.6569445,5,0,-71
1755871028.6939447,-1,0,-78
1755871028.7319446,6,0,-78
1755871028.769945,3,-1,-81
1755871028.8059447,0,-8,-68
1755871028.8429446,1,0,-72
1755871028.8809447,-5,0,-73
1755871028.9169445,0,3,-77
1755871028.9539447,-3,1,-72
1755871028.9919446,0,0,-73
1755871029.029945,-5,3,-66
1755871029.065945,3,0,-82
1755871029.1039443,6,0,-83
1755871029.1419446,3,0,-74
1755871029.1799445,0,0,-76
1755871029.2169447,-5,-4,-78
1755871029.2539446,-9,-4,-75
1755871029.2919445,-3,0,-74
1755871029.3309443,0,3,-74
1755871029.3669446,0,0,-77
1755871029.4039447,-6,-4,-73
1755871029.4419446,5,-6,-74
1755871029.4809446,1,3,-73
1755871029.5169446,0,-2,-76
1755871029.5549445,-1,-4,-68
1755871029.5929446,-2,-2,-60
1755871029.631945,-1,5,-68
1755871029.6699443,-6,3,-74
1755871029.7069447,-4,5,-72
1755871029.7449446,1,-1,-71
1755871029.7819445,7,-2,-87
1755871029.8209443,0,0,-87
1755871029.8569446,0,3,-87
1755871029.8939445,-5,0,-90
1755871029.9319446,3,0,-82
1755871029.9699447,-1,0,-78
1755871030.0059447,-4,-5,-75
1755871030.0439446,0,3,-64
1755871030.0819447,-1,1,-66
1755871030.1209445,-6,-4,-72
1755871030.1569445,-6,-5,-77
1755871030.1949446,-5,-7,-75
1755871030.233945,3,-7,-65
1755871030.2719443,0,3,-67
1755871030.3079443,-6,5,-68
1755871030.3449447,-6,1,-68
1755871030.3839445,-7,-2,-86
1755871030.4219446,2,2,-83
1755871030.4579446,-3,1,-80
1755871030.4949446,-2,-4,-66
1755871030.5339446,2,0,-80
1755871030.5719447,2,0,-81
1755871030.6079447,2,1,-77
1755871030.644945,4,-2,-82
1755871030.6829443,4,0,-83
1755871030.7219446,3,1,-70
1755871030.7579446,1,0,-64
1755871030.7949443,0,0,-70
1755871030.8329446,3,-1,-76
1755871030.871945,2,1,-72
1755871030.9089446,1,-1,-80
1755871030.9459443,11,-3,-75
1755871030.983945,9,3,-70
1755871031.0219443,-1,1,-66
1755871031.0579443,1,0,-72
1755871031.0959446,-2,2,-65
1755871031.1339445,0,4,-68
1755871031.1719446,1,3,-69
1755871031.2079446,-7,-3,-70
1755871031.2459445,3,0,-71
1755871031.2839446,-1,2,-70
1755871031.3219447,0,2,-73
1755871031.358945,-2,5,-74
1755871031.3959446,0,4,-73
1755871031.4329443,-1,2,-76
1755871031.4719446,0,1,-78
1755871031.5079446,3,-2,-69
1755871031.5449443,3,0,-68
1755871031.5829446,0,-3,-69
1755871031.6209445,3,-6,-73
1755871031.6569445,-8,-6,-70
1755871031.6949446,-2,-4,-72
1755871031.7329447,-5,0,-88
1755871031.7719443,-4,1,-78
1755871031.8079443,-2,4,-68
1755871031.8459446,-2,-1,-76
1755871031.8839445,-5,2,-74
1755871031.9229443,1,-4,-74
1755871031.9589446,7,0,-67
1755871031.9959445,5,2,-72
1755871032.032945,0,-1,-76
1755871032.0719447,-6,-1,-74
1755871032.1079447,-6,2,-84
1755871032.1459446,-3,2,-74
1755871032.1829443,0,-5,-72
1755871032.2219446,1,0,-79
1755871032.2589445,-4,-3,-87
1755871032.2959447,0,0,-72
1755871032.3329446,1,0,-73
1755871032.3689446,-4,1,-79
1755871032.4059446,-1,0,-72
1755871032.4439447,-9,-2,-66
1755871032.4829447,4,4,-73
1755871032.5189445,3,3,-67
1755871032.5559447,-4,-3,-70
1755871032.5939443,-1,0,-61
1755871032.6329446,-6,0,-64
1755871032.6689446,-5,-2,-72
1755871032.7079446,-2,-1,-80
1755871032.7449446,-12,0,-81
1755871032.7839446,1,-3,-70
1755871032.8219447,2,-1,-65
1755871032.8579447,-2,-2,-66
1755871032.8959446,-2,9,-69
1755871032.9339447,-5,2,-76
1755871032.9729445,8,0,-77
1755871033.0089445,1,2,-84
1755871033.0459447,-2,5,-70
1755871033.0849447,-5,5,-74
1755871033.1229446,0,1,-66
1755871033.1589446,5,-5,-68
1755871033.1959443,7,0,-76
1755871033.233945,0,0,-66
1755871033.2719443,-1,0,-66
1755871033.3079443,-2,1,-76
1755871033.3459446,1,0,-75
1755871033.3839445,2,-4,-60
1755871033.4219446,-1,-8,-81
1755871033.4659443,3,1,-73
1755871033.5039446,0,-9,-74
1755871033.542945,-3,-9,-80
1755871033.5789447,-1,1,-81
1755871033.6159446,1,-4,-75
1755871033.654945,5,-1,-69
1755871033.6929443,4,3,-75
1755871033.7289443,2,-1,-74
1755871033.7659447,0,0,-74
1755871033.8039446,-2,-2,-72
1755871033.8429446,1,4,-81
1755871033.8789446,-3,1,-81
1755871033.9169445,1,-1,-81
1755871033.9539447,8,1,-77
1755871033.9899447,0,4,-70
1755871034.0279446,1,3,-56
1755871034.0649445,2,3,-71
1755871034.1039443,0,3,-73
1755871034.1399446,0,1,-67
1755871034.1769447,5,-2,-79
1755871034.2149446,1,-2,-80
1755871034.2539446,-5,2,-67
1755871034.2899446,-5,1,-68
1755871034.3279445,-6,2,-82
1755871034.3659446,-3,1,-68
1755871034.404945,-2,-1,-62
1755871034.4429443,0,4,-65
1755871034.4789443,7,1,-74
1755871034.5159447,0,2,-72
1755871034.5549445,9,-6,-70
1755871034.5929446,7,-10,-81
1755871034.6289446,0,-10,-79
1755871034.6659446,1,0,-71
1755871034.7049446,-1,4,-79
1755871034.7429447,6,-6,-68
1755871034.7789447,6,-8,-79
1755871034.815945,0,-3,-69
1755871034.8549447,-3,-1,-75
1755871034.8929446,-7,1,-74
1755871034.9289446,-3,0,-69
1755871034.9659443,-2,-4,-79
1755871035.0049446,0,0,-70
1755871035.042945,-2,-3,-74
1755871035.0789447,-8,-4,-78
1755871035.1169446,-9,-1,-73
1755871035.1559446,0,0,-78
1755871035.1939447,-3,2,-83
1755871035.2299447,-3,2,-72
1755871035.2669446,4,4,-76
1755871035.3049445,-3,1,-84
1755871035.3429446,0,-2,-88
1755871035.3789446,-4,-1,-86
1755871035.4169445,-5,-5,-68
1755871035.4549446,-4,-5,-72
1755871035.4939446,-12,-1,-81
1755871035.529945,-6,-3,-82
1755871035.5689447,0,0,-73
1755871035.6059446,-3,0,-71
1755871035.644945,8,0,-83
1755871035.6809447,1,-2,-69
1755871035.7189443,1,-5,-85
1755871035.7559447,5,0,-93
1755871035.7939446,2,8,-84
1755871035.8299446,6,7,-77
1755871035.8679447,3,4,-75
1755871035.9059446,0,-2,-72
1755871035.9439447,2,0,-72
1755871035.9799447,-1,6,-66
1755871036.0169446,4,6,-69
1755871036.0549445,1,-3,-70
1755871036.0909443,1,-2,-76
1755871036.1289446,-3,-8,-77
1755871036.1669445,-5,-5,-74
1755871036.2059443,1,1,-86
1755871036.2439446,0,0,-83
1755871036.279945,1,5,-86
1755871036.3169446,7,0,-83
1755871036.3559446,0,-2,-73
1755871036.3939445,0,2,-76
1755871036.4299445,-2,-3,-77
1755871036.4689443,-2,-2,-75
1755871036.5059447,-3,-1,-70
1755871036.5449443,5,5,-75
1755871036.5809443,1,0,-80
1755871036.6189446,6,-3,-76
1755871036.6559446,11,5,-68
1755871036.6949446,12,5,-76
1755871036.7309446,9,0,-84
1755871036.7679446,-4,-8,-74
1755871036.8059447,1,-3,-73
1755871036.8449447,0,-3,-68
1755871036.8809447,-1,1,-64
1755871036.917945,0,2,-69
1755871036.9559443,4,0,-86
1755871036.9939446,-9,0,-76
1755871037.029945,-9,0,-74
1755871037.0679443,1,-3,-79
1755871037.1059446,-3,-2,-74
1755871037.1439445,0,-14,-67
1755871037.1799445,0,-6,-70
1755871037.2179446,1,-1,-60
1755871037.2559447,-5,0,-62
1755871037.2949443,3,-1,-68
1755871037.3309443,1,-2,-77
1755871037.3679447,-1,0,-80
1755871037.4059446,-1,3,-74
1755871037.4449446,4,5,-68
1755871037.4809446,-1,-1,-78
1755871037.5189445,2,4,-69
1755871037.5559447,4,-3,-72
1755871037.5949447,4,-6,-77
1755871037.6309447,3,-2,-76
1755871037.667945,-5,0,-66
1755871037.7059443,-9,1,-71
1755871037.7449446,-5,0,-77
1755871037.7809446,8,-2,-78
1755871037.8179443,6,0,-76
1755871037.8559446,1,1,-73
1755871037.8919446,-2,-6,-76
1755871037.9309447,3,-8,-78
1755871037.9679446,-2,-5,-80
1755871038.0059447,0,-5,-90
1755871038.0449443,0,2,-77
1755871038.0809443,-1,2,-66
1755871038.1179447,-1,-6,-70
1755871038.1569445,4,-2,-76
1755871038.1949446,3,-1,-77
1755871038.2309446,5,0,-66
1755871038.2679446,4,-2,-77
1755871038.3069446,2,-1,-81
1755871038.3449447,-8,-7,-80
1755871038.3809447,-8,-7,-67
1755871038.4199443,-3,-4,-68
1755871038.4569447,1,0,-79
1755871038.4949446,6,3,-74
1755871038.5309446,8,-1,-76
1755871038.5699446,5,-3,-70
1755871038.6069446,3,-5,-68
1755871038.6459446,2,0,-86
1755871038.6819446,-5,-1,-80
1755871038.7199447,8,-2,-74
1755871038.7579446,0,-2,-74
1755871038.7969446,0,5,-82
1755871038.8349447,-2,-9,-81
1755871038.8709445,3,-4,-69
1755871038.907945,3,0,-77
1755871038.9459443,0,-2,-80
1755871038.9819446,4,-6,-75
1755871039.0189445,-1,-6,-82
1755871039.0569446,-3,-2,-69
1755871039.0959446,0,0,-72
1755871039.131945,-4,0,-77
1755871039.1689446,-1,1,-74
1755871039.2069447,8,4,-76
1755871039.2429447,-1,3,-86
1755871039.2809446,3,1,-77
1755871039.3199446,-1,-4,-80
1755871039.3569446,4,-1,-75
1755871039.3959446,2,-6,-77
1755871039.4319446,6,-3,-84
1755871039.4699447,-3,0,-63
1755871039.506945,-8,3,-78
1755871039.5459447,-5,0,-71
1755871039.5819447,0,-1,-69
1755871039.6189446,7,-3,-64
1755871039.6569445,12,0,-84
1755871039.6959443,-2,1,-70
1755871039.7319446,1,1,-73
1755871039.7689445,1,0,-64
1755871039.8079443,0,-5,-76
1755871039.8459446,-1,-3,-70
1755871039.881945,0,-6,-71
1755871039.9189446,-1,-3,-81
1755871039.9579446,2,-1,-77
1755871039.9959445,5,-5,-70
1755871040.0319445,-1,-5,-75
1755871040.0699446,2,0,-82
1755871040.1079447,1,0,-71
1755871040.1459446,-1,0,-71
1755871040.1819446,0,0,-73
1755871040.2189443,3,1,-71
1755871040.256945,-2,-6,-69
1755871040.292945,-3,0,-82
1755871040.3299446,-6,1,-84
1755871040.3689446,0,-3,-78
1755871040.4069445,1,-8,-68
1755871040.4429443,5,2,-73
1755871040.4799447,-1,-2,-80
1755871040.5179446,-4,-1,-86
1755871040.5569446,-2,-3,-79
1755871040.5929446,0,0,-78
1755871040.6299446,-5,-3,-84
1755871040.667945,0,8,-76
1755871040.7069447,-2,6,-69
1755871040.7429447,-3,0,-72
1755871040.7809446,6,1,-84
1755871040.8189447,4,6,-87
1755871040.8569446,0,3,-78
1755871040.8929446,0,-3,-79
1755871040.9319446,1,0,-71
1755871040.9689443,6,2,-84
1755871041.006945,4,1,-74
1755871041.042945,1,-5,-71
1755871041.0809443,-4,-9,-67
1755871041.1189446,0,0,-61
1755871041.1569445,3,8,-72
1755871041.1929443,4,0,-64
1755871041.2299447,3,-5,-84
1755871041.2679446,0,-7,-63
1755871041.3069446,2,0,-61
1755871041.3429446,-2,0,-77
1755871041.3809447,2,-3,-78
1755871041.4189446,6,-4,-63
1755871041.4579446,1,0,-67
1755871041.4939446,-3,-1,-69
1755871041.5319445,0,-2,-70
1755871041.5709443,5,-1,-76
1755871041.608945,4,-3,-72
1755871041.6469443,-7,-4,-71
1755871041.6829443,-3,-3,-64
1755871041.7209446,-7,-6,-77
1755871041.7589445,-5,-3,-64
1755871041.7979443,-4,-1,-77
1755871041.8339446,0,0,-72
1755871041.8709445,-2,4,-71
1755871041.9089446,5,1,-71
1755871041.9479446,5,1,-74
1755871041.983945,-4,0,-68
1755871042.0219443,-8,0,-71
1755871042.0609446,-5,0,-71
1755871042.098945,-5,0,-76
1755871042.1369443,-2,2,-81
1755871042.1729443,0,-1,-75
1755871042.2119446,-3,-7,-72
1755871042.2489443,0,0,-76
1755871042.2869446,3,5,-79
1755871042.3239446,0,0,-71
1755871042.3609445,-2,5,-82
1755871042.3989446,-6,1,-69
1755871042.437945,0,2,-79
1755871042.473945,5,0,-73
1755871042.5109446,0,-3,-78
1755871042.5489447,-6,0,-70
1755871042.5879445,3,0,-72
1755871042.6239443,2,-3,-69
1755871042.6609447,3,1,-79
1755871042.6989446,-3,-5,-69
1755871042.7379446,-1,-5,-71
1755871042.7739446,-12,-2,-78
1755871042.8119447,1,-7,-71
1755871042.8499446,-11,-3,-64
1755871042.8889446,-6,1,-81
1755871042.9249446,-6,3,-83
1755871042.9619446,-1,-7,-89
1755871042.9999447,-6,-1,-76
1755871043.0389447,0,-5,-75
1755871043.0749447,1,1,-82
1755871043.111945,-4,-3,-78
1755871043.1499443,2,3,-67
1755871043.187945,4,4,-67
1755871043.223945,-1,0,-72
1755871043.2609446,0,-6,-75
1755871043.2989447,5,4,-69
1755871043.3379445,0,4,-69
1755871043.3739443,0,4,-82
1755871043.4109447,-7,3,-85
1755871043.4499447,-3,0,-82
1755871043.4929447,-2,0,-74
1755871043.5309446,3,0,-80
1755871043.5699446,2,-2,-73
1755871043.6079447,1,-11,-73
1755871043.6439445,-1,-10,-74
1755871043.6829443,7,-5,-80
1755871043.7199447,5,-1,-71
1755871043.7589445,4,-6,-65
1755871043.7959447,5,0,-62
1755871043.8329446,-3,0,-74
1755871043.8709445,0,0,-64
1755871043.9099443,-1,-8,-75
1755871043.9479446,-2,-3,-78
1755871043.983945,-4,3,-76
1755871044.0219443,-3,-3,-78
1755871044.0599446,4,-6,-70
1755871044.0979445,-2,0,-84
1755871044.1339445,0,0,-71
1755871044.1719446,-3,0,-75
1755871044.2099447,5,0,-81
1755871044.2479446,0,4,-71
1755871044.2839446,1,2,-71
1755871044.3219447,-4,4,-79
1755871044.3599446,0,0,-69
1755871044.3979447,-8,-7,-72
1755871044.4339447,-8,-2,-74
1755871044.4719446,1,-3,-72
1755871044.509945,1,-1,-79
1755871044.5489447,4,-2,-74
1755871044.5849447,0,-8,-83
1755871044.621945,-2,-5,-86
1755871044.6599443,3,-1,-81
1755871044.6989446,7,-7,-76
1755871044.7349446,2,-4,-71
1755871044.7719443,8,0,-77
1755871044.8099446,-7,-5,-76
1755871044.8459446,-4,-8,-76
1755871044.8839445,2,-5,-63
1755871044.9219446,8,-4,-71
1755871044.9599447,0,-3,-75
1755871044.9989443,2,-2,-62
1755871045.0349443,-2,0,-73
1755871045.0719447,-8,1,-84
1755871045.1099446,-7,1,-73
1755871045.1489446,-9,0,-73
1755871045.1859446,-6,-1,-68
1755871045.223945,-2,1,-81
1755871045.2629447,-6,-4,-75
1755871045.3009446,-4,-7,-63
1755871045.338945,-1,-4,-80
1755871045.3749447,0,-4,-79
1755871045.4129446,0,-2,-82
1755871045.450945,-1,1,-77
1755871045.4889443,-4,0,-77
1755871045.5249443,-4,-3,-68
1755871045.562945,1,1,-64
1755871045.6009445,-10,-5,-77
1755871045.6389446,-5,-3,-71
1755871045.6749446,-2,0,-84
1755871045.7119446,1,1,-82
1755871045.7499447,-2,3,-78
1755871045.7859447,1,0,-77
1755871045.8239446,-2,12,-87
1755871045.861945,-1,7,-90
1755871045.9009447,-2,4,-79
1755871045.9389446,0,-6,-76
1755871045.9749446,2,-3,-79
1755871046.0119443,-2,-1,-76
1755871046.0509446,1,4,-81
1755871046.088945,3,1,-74
1755871046.1249447,4,-4,-71
1755871046.1629446,-1,-4,-80
1755871046.200945,6,3,-69
1755871046.236945,0,8,-67
1755871046.2739446,-3,0,-70
1755871046.312945,0,-2,-66
1755871046.3509445,0,-2,-65
1755871046.3869443,-4,5,-76
1755871046.4239447,-4,-7,-70
1755871046.4619446,5,-7,-68
1755871046.5009446,-4,-8,-68
1755871046.5369446,-4,2,-78
1755871046.5739446,-8,5,-76
1755871046.611945,-1,2,-72
1755871046.6509447,0,-3,-59
1755871046.6869447,0,-7,-69
1755871046.7259445,1,-2,-70
1755871046.7639446,-1,-6,-74
1755871046.8009446,7,-9,-74
1755871046.8399446,-1,-4,-75
1755871046.8759446,-4,-2,-78
1755871046.9139447,-4,0,-67
1755871046.9519446,0,4,-67
1755871046.9899447,0,0,-67
1755871047.0259447,-2,-3,-61
1755871047.0639446,1,-2,-62
1755871047.1019447,-1,-4,-80
1755871047.1409447,7,-4,-86
1755871047.1769447,2,-2,-78
1755871047.213945,5,-2,-74
1755871047.2519443,4,-6,-74
1755871047.2909446,1,1,-75
1755871047.3269446,-1,5,-70
1755871047.3639443,-4,-3,-77
1755871047.4019446,-8,0,-73
1755871047.440945,1,3,-78
1755871047.4769447,8,1,-76
1755871047.5139446,8,3,-67
1755871047.5519447,4,-2,-74
1755871047.5899446,-6,0,-86
1755871047.6259446,-2,-10,-74
1755871047.6639447,0,-4,-80
1755871047.7019446,-1,-3,-71
1755871047.7409446,0,-1,-79
1755871047.7769446,0,-1,-78
1755871047.8139446,1,5,-71
1755871047.8519447,-2,-3,-71
1755871047.8899446,2,6,-58
1755871047.9259446,-6,1,-76
1755871047.963945,-1,8,-71
1755871048.0019443,-4,3,-72
1755871048.0379446,-6,4,-63
1755871048.0749447,-8,0,-68
1755871048.1129446,-8,4,-77
1755871048.1519446,-6,1,-69
1755871048.187945,-10,6,-82
1755871048.2249446,-7,0,-75
1755871048.2629447,-7,0,-70
1755871048.3019447,-11,7,-73
1755871048.3379445,-11,2,-67
1755871048.3749447,-2,-2,-71
1755871048.4139447,1,0,-85
1755871048.4519446,6,0,-76
1755871048.4879446,0,-1,-80
1755871048.5249443,0,1,-72
1755871048.5619447,3,0,-72
1755871048.6009445,6,6,-79
1755871048.6369443,7,3,-82
1755871048.6749446,1,0,-73
1755871048.7129445,5,-4,-75
1755871048.7519443,5,1,-72
1755871048.7879446,1,-1,-75
1755871048.8249447,6,1,-73
1755871048.8639443,1,-1,-84
1755871048.9019446,-1,3,-72
1755871048.937945,-2,4,-76
1755871048.9759445,-3,-1,-83
1755871049.0139446,0,-7,-88
1755871049.052945,5,-8,-70
1755871049.0909443,1,-6,-83
1755871049.1269443,1,-5,-85
1755871049.1639447,2,-5,-69
1755871049.2029445,2,0,-75
1755871049.2409446,5,-9,-72
1755871049.2769446,1,-1,-76
1755871049.3149445,-4,6,-75
1755871049.3529446,0,2,-75
1755871049.3919446,-5,3,-77
1755871049.427945,3,0,-70
1755871049.4659443,0,1,-60
1755871049.5029447,-6,5,-68
1755871049.5419445,0,4,-74
1755871049.5779445,5,2,-70
1755871049.6159446,2,-1,-69
1755871049.654945,0,-4,-81
1755871049.6929443,4,-1,-83
1755871049.7309446,-1,0,-70
1755871049.7669446,-3,3,-65
1755871049.8049445,-3,-2,-73
1755871049.8429446,-1,-1,-73
1755871049.8789446,-8,0,-63
1755871049.9169445,-9,2,-52
1755871049.9549446,-3,0,-58
1755871049.9929447,-3,1,-69
1755871050.0289447,8,3,-79
1755871050.065945,12,2,-69
1755871050.1039443,3,3,-75
1755871050.1429446,-5,-2,-70
1755871050.1789446,-1,-4,-80
1755871050.2169447,0,6,-75
1755871050.2539446,0,1,-67
1755871050.292945,5,2,-67
1755871050.3289447,3,0,-59
1755871050.3659446,-5,2,-72
1755871050.404945,-6,2,-73
1755871050.4429443,5,2,-67
1755871050.4789443,4,2,-68
1755871050.5159447,1,7,-79
1755871050.5539446,-7,3,-72
1755871050.5929446,-3,-3,-67
1755871050.6289446,8,0,-75
1755871050.6659446,7,4,-66
1755871050.7039447,9,6,-61
1755871050.7419446,8,-2,-73
1755871050.7779446,5,1,-65
1755871050.815945,-3,5,-66
1755871050.8539443,-2,1,-77
1755871050.8929446,2,0,-83
1755871050.9289446,3,-1,-75
1755871050.9669447,0,4,-76
1755871051.0039446,4,2,-79
1755871051.042945,-4,2,-69
1755871051.0789447,-5,-3,-67
1755871051.1169446,0,3,-76
1755871051.154945,2,1,-80
1755871051.1929443,5,3,-84
1755871051.2289443,4,-1,-75
1755871051.2679446,-4,0,-71
1755871051.3049445,0,0,-79
1755871051.3429446,6,0,-68
1755871051.3789446,1,4,-70
1755871051.4159446,-2,-4,-70
1755871051.4539447,4,-5,-77
1755871051.4929447,0,-2,-84
1755871051.5289447,5,3,-86
1755871051.565945,-4,0,-76
1755871051.6049447,-3,-4,-74
1755871051.6429446,-1,0,-77
1755871051.6789446,0,7,-70
1755871051.7159443,3,0,-74
1755871051.7539446,6,-3,-75
1755871051.7899446,0,0,-75
1755871051.8269446,3,-1,-76
1755871051.8649447,-1,-7,-69
1755871051.9039447,-5,-2,-68
1755871051.9399445,-6,-5,-68
1755871051.9779446,-1,0,-70
1755871052.0159447,-10,-8,-71
1755871052.0539446,0,5,-69
1755871052.0929446,-4,-2,-74
1755871052.1289446,-3,-1,-74
1755871052.167945,-1,-5,-79
1755871052.2049446,2,-2,-74
1755871052.2439446,0,-1,-68
1755871052.279945,-2,0,-75
1755871052.3179443,-1,7,-74
1755871052.3559446,-2,7,-72
1755871052.394945,-1,2,-84
1755871052.4329443,0,6,-87
1755871052.4689443,-3,4,-75
1755871052.5059447,-1,0,-76
1755871052.5449443,-1,-6,-66
1755871052.5829446,0,1,-73
1755871052.6189446,0,-5,-80
1755871052.6559446,3,-6,-73
1755871052.6949446,-3,-4,-66
1755871052.7329447,-5,-1,-72
1755871052.7689445,6,-1,-73
1755871052.8059447,2,3,-71
1755871052.8449447,3,0,-80
1755871052.8829446,1,-2,-76
1755871052.9189446,7,-5,-77
1755871052.9559443,-4,-6,-78
1755871052.9949446,0,2,-72
1755871053.032945,0,-1,-83
1755871053.0689447,2,2,-67
1755871053.1059446,-4,-5,-74
1755871053.144945,-5,0,-82
1755871053.1829443,-2,0,-80
1755871053.2189443,-1,3,-83
1755871053.2559447,0,0,-78
1755871053.2939446,2,5,-76
1755871053.3299446,7,0,-74
1755871053.3669446,2,3,-72
1755871053.404945,1,0,-66
1755871053.440945,3,0,-77
1755871053.4779446,-6,3,-74
1755871053.5239446,-4,-3,-56
1755871053.5599446,-7,-2,-64
1755871053.5979445,-4,-8,-69
1755871053.6359446,-1,-7,-69
1755871053.6749446,1,-3,-77
1755871053.710945,-1,0,-71
1755871053.7479446,-1,4,-80
1755871053.7859447,-2,-2,-76
1755871053.8249447,-2,4,-84
1755871053.8609445,-6,5,-83
1755871053.8979447,-1,13,-82
1755871053.9359446,7,9,-72
1755871053.973945,3,7,-73
1755871054.009945,0,-4,-72
1755871054.0469446,-3,1,-75
1755871054.0849447,-4,-3,-78
1755871054.1239443,3,2,-88
1755871054.1599443,3,8,-78
1755871054.1969447,0,6,-82
1755871054.2359445,0,-8,-94
1755871054.2739446,-1,-9,-86
1755871054.3099446,0,-4,-78
1755871054.3469446,5,2,-75
1755871054.384945,5,-3,-76
1755871054.4209447,-2,2,-64
1755871054.4579446,-1,4,-75
1755871054.4959445,2,0,-79
1755871054.5349443,-3,-3,-76
1755871054.5709443,-1,0,-79
1755871054.608945,3,-7,-79
1755871054.6469443,-7,-3,-75
1755871054.6859446,-1,1,-73
1755871054.723945,1,3,-73
1755871054.759945,4,3,-69
1755871054.7969446,3,1,-73
1755871054.8349447,3,-2,-80
1755871054.8709445,3,4,-77
1755871054.907945,-2,0,-76
1755871054.9469447,3,0,-71
1755871054.9849446,10,1,-77
1755871055.0209446,5,0,-83
1755871055.0579443,-3,0,-84
1755871055.0959446,-1,-2,-88
1755871055.134945,0,-3,-75
1755871055.1709447,0,-2,-60
1755871055.2079446,-1,-1,-85
1755871055.246945,-1,-1,-72
1755871055.2849443,2,-3,-73
1755871055.3209443,2,1,-75
1755871055.3579447,5,2,-70
1755871055.3959446,2,-6,-70
1755871055.4319446,5,-6,-78
1755871055.4699447,-2,0,-73
1755871055.5079446,5,1,-73
1755871055.5459447,4,0,-70
1755871055.5819447,3,-1,-67
1755871055.6199446,2,-7,-79
1755871055.657945,0,-9,-80
1755871055.6969447,-10,-3,-84
1755871055.7349446,-3,-1,-81
1755871055.7709446,1,0,-89
1755871055.8079443,-1,0,-73
1755871055.8469446,2,0,-64
1755871055.884945,-9,-3,-71
1755871055.9209447,-6,0,-72
1755871055.9579446,-4,-3,-81
1755871055.996945,4,0,-86
1755871056.0349443,-2,-2,-78
1755871056.0709443,-1,0,-87
1755871056.1079447,0,-4,-76
1755871056.1469443,-7,0,-76
1755871056.1849446,-4,6,-79
1755871056.2209446,-3,4,-73
1755871056.2579446,-4,3,-77
1755871056.2969446,-6,0,-72
1755871056.3349447,-2,4,-74
1755871056.3709445,-3,1,-78
1755871056.407945,-2,-1,-75
1755871056.4469447,1,-3,-71
1755871056.4849446,3,-5,-81
1755871056.5209446,3,-5,-78
1755871056.5589447,2,-5,-77
1755871056.5969446,1,0,-83
1755871056.634945,-1,4,-81
1755871056.6709447,-6,-4,-81
1755871056.7089446,-7,1,-72
1755871056.746945,-1,1,-80
1755871056.7859447,2,1,-79
1755871056.8219447,3,2,-78
1755871056.858945,-5,5,-75
1755871056.8969443,-1,-3,-79
1755871056.9359446,0,-4,-75
1755871056.9719446,-1,1,-79
1755871057.0089445,1,0,-83
1755871057.0469446,-1,1,-84
1755871057.0829446,-1,-6,-77
1755871057.121945,2,-2,-74
1755871057.1589446,-1,9,-77
1755871057.1969447,-1,-6,-77
1755871057.2359445,-4,-6,-80
1755871057.2719443,-3,-5,-89
1755871057.3099446,2,-3,-87
1755871057.3479445,-3,2,-77
1755871057.3869443,3,-1,-72
1755871057.4229443,5,0,-75
1755871057.4599447,1,4,-75
1755871057.496945,3,1,-73
1755871057.532945,5,0,-72
1755871057.5699446,-2,-4,-77
1755871057.608945,-3,0,-69
1755871057.6469443,0,-3,-70
1755871057.6829443,2,-6,-69
1755871057.7199447,-3,-1,-76
1755871057.7589445,3,-1,-81
1755871057.7969446,5,-2,-73
1755871057.8329446,4,3,-67
1755871057.8699446,-1,-1,-73
1755871057.907945,-1,-7,-60
1755871057.9469447,1,0,-67
1755871057.9829447,-5,3,-70
1755871058.019945,-7,0,-86
1755871058.0579443,-2,0,-86
1755871058.0969446,-3,-5,-78
1755871058.1329446,0,-3,-73
1755871058.1699443,-2,0,-67
1755871058.2079446,4,0,-67
1755871058.2459445,7,-2,-72
1755871058.2819445,11,-3,-83
1755871058.3199446,0,-5,-86
1755871058.3579447,-9,0,-71
1755871058.3969443,-3,-5,-77
1755871058.4329443,-1,1,-78
1755871058.4699447,8,-2,-73
1755871058.5079446,5,-4,-78
1755871058.5469446,6,-4,-75
1755871058.5829446,0,-4,-75
1755871058.6209445,3,-8,-70
1755871058.657945,9,-9,-74
1755871058.6969447,-2,0,-66
1755871058.7329447,-5,9,-67
1755871058.7709446,0,5,-73
1755871058.8079443,-4,6,-61
1755871058.8469446,-4,0,-76
1755871058.8829446,3,-7,-69
1755871058.9209447,-2,-1,-80
1755871058.9579446,0,5,-69
1755871058.9939446,1,0,-74
1755871059.0309446,-5,-9,-78
1755871059.0689447,0,-2,-76
1755871059.1079447,2,-2,-76
1755871059.1439445,-4,-6,-79
1755871059.1819446,0,1,-67
1755871059.2189443,3,0,-76
1755871059.2579446,10,-2,-73
1755871059.2939446,3,-3,-82
1755871059.3309443,-1,-2,-84
1755871059.3689446,-3,-5,-85
1755871059.407945,1,-4,-77
1755871059.4439447,4,-6,-84
1755871059.4819446,3,-4,-76
1755871059.5189445,3,0,-68
1755871059.5579443,7,1,-80
1755871059.5939443,10,4,-66
1755871059.631945,9,2,-80
1755871059.6689446,13,0,-74
1755871059.7069447,8,3,-69
1755871059.7429447,3,6,-84
1755871059.7809446,-4,-3,-75
1755871059.8189447,-7,3,-76
1755871059.8579447,-10,0,-71
1755871059.894945,-7,-2,-66
1755871059.9319446,-1,-3,-70
1755871059.9699447,-1,-3,-89
1755871060.0089445,-1,-5,-80
1755871060.0469446,-6,0,-84
1755871060.0829446,-3,-3,-82
1755871060.1209445,-8,-2,-80
1755871060.1589446,-6,0,-86
1755871060.1979446,3,2,-79
1755871060.233945,0,1,-81
1755871060.2709446,1,-7,-88
1755871060.3099446,2,-1,-81
1755871060.3479445,-2,0,-79
1755871060.3839445,3,2,-84
1755871060.4209447,-4,0,-78
1755871060.4599447,5,2,-79
1755871060.4979446,2,-5,-69
1755871060.5339446,0,-2,-64
1755871060.5709443,-2,-2,-68
1755871060.608945,-5,-6,-69
1755871060.6479447,-1,-6,-68
1755871060.6839447,-1,-2,-66
1755871060.7219446,3,-1,-77
1755871060.759945,3,0,-69
1755871060.7979443,-1,-4,-77
1755871060.8339446,3,-1,-79
1755871060.871945,-5,0,-76
1755871060.9099443,-3,-8,-72
1755871060.9489446,-2,-2,-67
1755871060.9849446,0,-1,-64
1755871061.0219443,3,-8,-80
1755871061.0609446,1,-6,-65
1755871061.098945,-2,3,-72
1755871061.134945,-7,0,-69
1755871061.1719446,0,-8,-76
1755871061.2099447,2,-11,-79
1755871061.2489443,0,-4,-75
1755871061.2849443,-1,0,-87
1755871061.3219447,3,-3,-77
1755871061.3609445,-12,4,-76
1755871061.3989446,-5,-1,-73
1755871061.4349446,-5,-3,-69
1755871061.4729445,4,-7,-75
1755871061.5109446,1,3,-72
1755871061.5499446,1,5,-79
1755871061.5879445,0,0,-70
1755871061.6239443,6,2,-80
1755871061.6609447,8,5,-79
1755871061.6999447,-3,7,-73
1755871061.7379446,-3,13,-85
1755871061.7739446,-3,1,-92
1755871061.8119447,-8,1,-74
1755871061.8499446,-1,0,-76
1755871061.8889446,-1,-3,-69
1755871061.9249446,1,3,-70
1755871061.9629445,5,0,-67
1755871062.0009446,1,1,-61
1755871062.0389447,-2,-1,-77
1755871062.0749447,-1,-4,-79
1755871062.1129446,1,-5,-76
1755871062.1509447,5,-1,-70
1755871062.1899445,2,6,-67
1755871062.2279446,-2,8,-76
1755871062.2639446,-5,1,-85
1755871062.3009446,-1,0,-70
1755871062.3399446,3,0,-74
1755871062.3759446,2,-1,-71
1755871062.4139447,7,-4,-83
1755871062.450945,5,0,-73
1755871062.4889443,11,-4,-70
1755871062.5249443,3,-3,-77
1755871062.562945,3,1,-71
1755871062.6009445,-1,-3,-74
1755871062.6399446,-4,-6,-77
1755871062.6759446,-4,0,-79
1755871062.713945,-3,0,-77
1755871062.7519443,-5,1,-76
1755871062.7899446,3,1,-72
1755871062.825945,0,0,-76
1755871062.8639443,0,-5,-73
1755871062.9029446,0,0,-70
1755871062.9399445,-4,-2,-77
1755871062.9789443,-7,0,-72
1755871063.0149446,9,0,-82
1755871063.0519447,-1,-4,-78
1755871063.0909443,-1,3,-81
1755871063.1289446,0,-2,-78
1755871063.1649446,6,4,-78
1755871063.2019446,-2,2,-80
1755871063.2409446,-6,5,-73
1755871063.2789447,-6,5,-76
1755871063.3149445,-2,1,-76
1755871063.3519447,-7,-1,-71
1755871063.3909447,1,1,-78
1755871063.4289446,1,12,-74
1755871063.4649446,9,10,-74
1755871063.5019443,4,4,-81
1755871063.5459447,3,0,-64
1755871063.5839446,0,0,-71
1755871063.6209445,-2,0,-79
1755871063.6599443,1,4,-79
1755871063.6959443,-3,-3,-67
1755871063.733945,0,3,-68
1755871063.7709446,7,0,-74
1755871063.8089447,11,0,-80
1755871063.8449447,2,-5,-75
1755871063.8829446,6,0,-73
1755871063.9209447,-2,-1,-87
1755871063.9599447,3,5,-81
1755871063.9959445,2,5,-77
1755871064.032945,-1,5,-79
1755871064.0709443,0,1,-73
1755871064.1099446,-5,-3,-71
1755871064.1459446,-5,-7,-77
1755871064.1839447,-4,0,-69
1755871064.2219446,-10,-2,-76
1755871064.2609446,2,1,-70
1755871064.2969446,6,-1,-71
1755871064.3339446,4,-3,-61
1755871064.371945,6,-6,-75
1755871064.4109447,5,-2,-77
1755871064.4469447,0,-2,-86
1755871064.483945,3,-2,-78
1755871064.5219443,-6,3,-77
1755871064.5609446,0,2,-56
1755871064.5969446,1,-5,-72
1755871064.634945,0,2,-84
1755871064.6719446,0,0,-74
1755871064.7099447,2,2,-75
1755871064.7459445,-6,2,-77
1755871064.7839446,-2,-1,-75
1755871064.8219447,-8,0,-77
1755871064.8609445,0,0,-62
1755871064.8969443,5,0,-64
1755871064.9339447,0,-5,-65
1755871064.9719446,1,0,-70
1755871065.009945,6,-3,-67
1755871065.0459447,0,-7,-66
1755871065.0829446,1,-8,-74
1755871065.121945,1,0,-56
1755871065.1599443,-8,1,-66
1755871065.1959443,-9,0,-80
1755871065.2329447,-7,-9,-77
1755871065.2719443,1,-1,-77
1755871065.3099446,-5,0,-74
1755871065.3459446,-2,0,-64
1755871065.3829446,0,4,-78
1755871065.4209447,-2,3,-73
1755871065.4569447,0,-1,-65
1755871065.4959445,9,0,-63
1755871065.532945,-4,-6,-74
1755871065.5719447,-9,0,-80
1755871065.6099446,-4,3,-74
1755871065.6459446,3,-4,-84
1755871065.6849446,2,-1,-72
1755871065.7219446,-1,0,-69
1755871065.7609446,-2,-2,-76
1755871065.7969446,3,2,-74
1755871065.8349447,1,-1,-80
1755871065.871945,-2,-8,-77
1755871065.9109447,4,-8,-71
1755871065.9469447,9,-7,-64
1755871065.9849446,4,-3,-63
1755871066.0219443,1,3,-83
1755871066.0579443,1,2,-82
1755871066.0949447,-7,5,-72
1755871066.1329446,-7,-7,-68
1755871066.1719446,0,-5,-67
1755871066.2079446,0,-1,-78
1755871066.2449446,0,-4,-71
1755871066.282945,-3,1,-82
1755871066.3219447,6,-4,-84
1755871066.3579447,-4,5,-78
1755871066.3959446,-3,1,-74
1755871066.4329443,9,-8,-78
1755871066.4719446,2,-5,-74
1755871066.5089445,-3,-6,-76
1755871066.5459447,5,1,-78
1755871066.5829446,7,-1,-78
1755871066.621945,-1,-2,-74
1755871066.657945,1,-5,-73
1755871066.6949446,-2,-8,-80
1755871066.7329447,5,-4,-74
1755871066.7719443,0,-1,-74
1755871066.8079443,-4,-1,-77
1755871066.8459446,-8,0,-75
1755871066.8839445,0,1,-89
1755871066.9219446,2,1,-78
1755871066.9579446,1,2,-69
1755871066.9959445,0,-2,-74
1755871067.0339446,2,-5,-81
1755871067.0729446,4,-3,-88
1755871067.1109445,5,-3,-80
1755871067.1469443,7,8,-83
1755871067.1839447,2,0,-76
1755871067.2219446,-2,-4,-78
1755871067.2579446,-6,-4,-70
1755871067.2959447,1,0,-88
1755871067.3339446,2,-3,-75
1755871067.371945,1,3,-71
1755871067.4089446,3,2,-77
1755871067.4459443,5,-6,-66
1755871067.483945,0,-7,-62
1755871067.5229447,-9,-6,-68
1755871067.5609446,-4,4,-73
1755871067.5969446,0,-3,-71
1755871067.6339445,-2,-2,-69
1755871067.6729443,-2,-3,-76
1755871067.7089446,0,-3,-81
1755871067.7459445,-2,-3,-89
1755871067.7839446,-5,-1,-77
1755871067.8229446,-4,-4,-67
1755871067.858945,-6,0,-73
1755871067.8959446,-11,-4,-70
1755871067.9339447,-7,0,-62
1755871067.9729445,6,-3,-72
1755871068.0089445,2,-2,-79
1755871068.0459447,0,-1,-78
1755871068.0839446,-12,4,-72
1755871068.1229446,-9,0,-73
1755871068.1589446,-2,-4,-74
1755871068.1969447,5,-4,-70
1755871068.2349446,-4,-5,-71
1755871068.2729447,1,-4,-71
1755871068.3119447,-1,-1,-67
1755871068.3479445,-2,-1,-84
1755871068.3859446,1,0,-74
1755871068.4229443,-1,2,-75
1755871068.4619446,-1,-4,-82
1755871068.4979446,0,-5,-74
1755871068.5359447,6,2,-70
1755871068.5739446,0,3,-76
1755871068.6129446,-4,0,-80
1755871068.6489446,-5,4,-67
1755871068.6859446,-4,1,-76
1755871068.7249446,-2,0,-69
1755871068.7629447,-3,-1,-68
1755871068.7989447,-4,1,-68
1755871068.835945,-3,0,-73
1755871068.8749447,0,-3,-74
1755871068.9129446,7,-9,-73
1755871068.9489446,0,-6,-81
1755871068.986945,0,-6,-76
1755871069.0249443,-3,-2,-68
1755871069.0639446,-2,-3,-78
1755871069.1019447,-6,-1,-78
1755871069.1379447,0,0,-68
1755871069.1749446,0,-1,-74
1755871069.213945,1,-1,-87
1755871069.2519443,0,-3,-90
1755871069.2879446,4,0,-95
1755871069.3249447,0,4,-81
1755871069.3629446,-4,5,-64
1755871069.3989446,-4,4,-69
1755871069.4369447,3,-3,-80
1755871069.4749446,-1,0,-75
1755871069.5139446,-6,0,-74
1755871069.5499446,-2,1,-66
1755871069.5869446,0,4,-78
1755871069.6239443,5,3,-82
1755871069.6629446,6,5,-69
1755871069.6989446,3,-3,-62
1755871069.736945,0,0,-81
1755871069.7739446,-2,-4,-67
1755871069.812945,-4,1,-71
1755871069.848945,-2,0,-70
1755871069.8869443,-2,0,-82
1755871069.9249446,2,-1,-71
1755871069.963945,0,-5,-68
1755871069.9999447,5,1,-66
1755871070.0369446,0,-4,-53
1755871070.0749447,0,0,-75
1755871070.1129446,2,-3,-77
1755871070.1499443,-1,-2,-75
1755871070.1869447,4,-1,-77
1755871070.2249446,6,1,-81
1755871070.2629447,4,6,-80
1755871070.2989447,0,4,-65
1755871070.3369446,3,5,-75
1755871070.3749447,-1,0,-81
1755871070.4129446,-5,0,-59
1755871070.4489446,-1,-2,-61
1755871070.486945,6,3,-54
1755871070.5249443,4,5,-76
1755871070.562945,2,0,-76
1755871070.598945,5,-1,-74
1755871070.6369443,1,2,-71
1755871070.6749446,0,1,-70
1755871070.7129445,-4,0,-79
1755871070.7489443,0,0,-78
1755871070.7859447,0,4,-68
1755871070.8249447,3,1,-77
1755871070.8629446,1,0,-69
1755871070.8989446,-1,-5,-76
1755871070.9369447,-5,-4,-79
1755871070.9749446,-1,3,-75
1755871071.0139446,1,2,-73
1755871071.0499446,2,2,-80
1755871071.0869446,9,-2,-77
1755871071.1249447,3,-4,-86
1755871071.1639447,-4,4,-80
1755871071.1999447,-5,0,-85
1755871071.236945,-4,-6,-82
1755871071.2749443,-4,0,-69
1755871071.3139446,-3,5,-75
1755871071.3499446,-6,0,-66
1755871071.3869443,-8,2,-69
1755871071.4249446,0,-3,-73
1755871071.463945,-1,-5,-73
1755871071.4999447,0,-3,-69
1755871071.5379446,3,-3,-70
1755871071.575945,-2,-6,-84
1755871071.6149447,-7,3,-76
1755871071.6509447,-7,1,-62
1755871071.6889446,-3,4,-73
1755871071.7269447,0,0,-70
1755871071.7649446,3,-1,-69
1755871071.8019447,0,-1,-73
1755871071.838945,-7,-3,-75
1755871071.8769443,-2,-4,-71
1755871071.9159446,-1,-1,-70
1755871071.9539447,6,2,-84
1755871071.9899447,6,-2,-67
1755871072.0269446,7,-3,-79
1755871072.065945,0,-2,-76
1755871072.1039443,-4,0,-85
1755871072.1399446,-1,0,-81
1755871072.1769447,1,-2,-61
1755871072.2159443,3,0,-59
1755871072.2539446,4,2,-71
1755871072.2899446,1,-2,-86
1755871072.3269446,-2,-3,-79
1755871072.3659446,-5,0,-70
1755871072.4039447,-10,5,-73
1755871072.4399445,1,2,-68
1755871072.4769447,3,-2,-79
1755871072.5159447,4,-5,-76
1755871072.5539446,9,-7,-61
1755871072.5899446,3,0,-76
1755871072.6269443,-10,1,-71
1755871072.6659446,-3,2,-71
1755871072.7039447,-1,1,-77
1755871072.7399447,-6,0,-68
1755871072.7769446,2,0,-75
1755871072.8149445,5,1,-81
1755871072.8509445,0,1,-86
1755871072.8879447,0,-7,-75
1755871072.9269447,-4,-1,-80
1755871072.9649446,-2,-2,-67
1755871073.0009446,4,-3,-80
1755871073.0379446,1,0,-65
1755871073.0769446,0,0,-71
1755871073.1149447,-3,0,-75
1755871073.1509447,0,-2,-78
1755871073.187945,-2,-1,-78
1755871073.2269447,-1,-5,-71
1755871073.2649446,1,-1,-71
1755871073.3009446,0,0,-62
1755871073.3379445,4,0,-66
1755871073.3759446,1,2,-73
1755871073.4119446,0,-3,-74
1755871073.4489446,0,2,-75
1755871073.486945,0,4,-72
1755871073.5259447,-6,-5,-68
1755871073.5699446,0,-6,-78
1755871073.608945,-6,1,-84
1755871073.6459446,5,0,-73
1755871073.6849446,5,4,-71
1755871073.7209446,0,0,-70
1755871073.7579446,-4,3,-74
1755871073.7969446,1,-2,-67
1755871073.8349447,-10,-1,-58
1755871073.8709445,0,-4,-64
1755871073.9099443,-1,4,-70
1755871073.9469447,3,0,-81
1755871073.9849446,-2,-2,-75
1755871074.0209446,2,-3,-73
1755871074.0599446,-3,0,-79
1755871074.0969446,-1,-2,-75
1755871074.1359446,3,-4,-84
1755871074.1729443,-1,2,-81
1755871074.2099447,0,2,-79
1755871074.2489443,0,2,-74
1755871074.2869446,6,0,-76
1755871074.3249447,9,-5,-76
1755871074.3609445,2,-3,-76
1755871074.3979447,-1,2,-65
1755871074.4369447,0,2,-72
1755871074.4749446,-3,-4,-58
1755871074.5109446,-1,-5,-82
1755871074.5489447,4,0,-82
1755871074.5869446,2,0,-69
1755871074.6249447,-2,0,-66
1755871074.6609447,0,-7,-74
1755871074.6979446,-5,-1,-71
1755871074.736945,0,-7,-74
1755871074.7749443,-3,-5,-58
1755871074.8109446,7,-2,-61
1755871074.8479445,1,0,-72
1755871074.8869443,-1,6,-74
1755871074.9229443,-1,3,-79
1755871074.9599447,1,-3,-73
1755871074.9979446,-1,0,-70
1755871075.0369446,-3,-13,-77
1755871075.0729446,0,-12,-69
1755871075.1109445,0,-1,-68
1755871075.1489446,3,4,-68
1755871075.1869447,0,9,-84
1755871075.2259445,1,0,-70
1755871075.2619443,0,4,-74
1755871075.2989447,7,1,-78
1755871075.3369446,3,0,-71
1755871075.3759446,0,4,-78
1755871075.4119446,3,4,-74
1755871075.4489446,-4,7,-80
1755871075.486945,1,-11,-71
1755871075.5259447,5,-3,-75
1755871075.5619447,0,0,-74
1755871075.598945,-2,7,-69
1755871075.6379447,-1,-1,-57
1755871075.6759446,-6,-8,-61
1755871075.7119446,-4,-1,-62
1755871075.7499447,0,0,-69
1755871075.7879446,-1,-8,-76
1755871075.825945,3,-5,-67
1755871075.861945,5,2,-67
1755871075.8989446,5,8,-59
1755871075.9369447,2,-2,-76
1755871075.9729445,0,-3,-76
1755871076.009945,0,-6,-74
1755871076.0479443,-11,-3,-73
1755871076.0869446,-1,-5,-72
1755871076.1229446,-2,1,-82
1755871076.1599443,2,1,-85
1755871076.1979446,3,-2,-81
1755871076.2359445,0,0,-83
1755871076.2729447,-2,0,-79
1755871076.3099446,-5,0,-75
1755871076.3479445,-5,-3,-81
1755871076.3869443,-3,-6,-88
1755871076.4229443,0,-1,-68
1755871076.4599447,15,0,-62
1755871076.4979446,6,-2,-71
1755871076.5359447,3,1,-78
1755871076.5719447,0,-1,-75
1755871076.6099446,-7,-2,-70
1755871076.6479447,-5,5,-85
1755871076.6869447,-8,3,-84
1755871076.7229445,-6,-4,-85
1755871076.7609446,-1,5,-78
1755871076.7989447,1,1,-64
1755871076.8369446,0,-4,-67
1755871076.8729446,3,2,-67
1755871076.9099443,-4,2,-71
1755871076.9479446,-3,-2,-80
1755871076.986945,-3,7,-70
1755871077.0229447,0,2,-71
1755871077.0599446,-3,3,-77
1755871077.0979445,-9,-3,-77
1755871077.1379447,-6,-2,-76
1755871077.1739447,-2,-5,-66
1755871077.2119446,-1,-9,-67
1755871077.2499447,-1,-5,-68
1755871077.2879446,-15,0,-70
1755871077.3269446,-5,0,-72
1755871077.3629446,-4,1,-70
1755871077.4009447,-6,2,-68
1755871077.4399445,-1,2,-70
1755871077.4779446,2,5,-67
1755871077.5139446,0,1,-71
1755871077.5519447,0,-4,-75
1755871077.5899446,2,-7,-78
1755871077.6289446,-1,-3,-72
1755871077.6669445,-2,4,-68
1755871077.7029445,0,6,-74
1755871077.7399447,6,1,-73
1755871077.7779446,1,3,-70
1755871077.8139446,6,0,-69
1755871077.8519447,1,-3,-72
1755871077.8899446,0,-1,-72
1755871077.9289446,-3,4,-59
1755871077.9669447,-2,2,-71
1755871078.0029447,-3,1,-71
1755871078.0399446,3,-3,-63
1755871078.0789447,3,-4,-77
1755871078.1169446,-1,-5,-74
1755871078.1529446,-6,-3,-77
1755871078.190945,-2,3,-62
1755871078.2289443,-2,4,-75
1755871078.2679446,1,1,-66
1755871078.3039446,1,-1,-72
1755871078.3409443,-3,-1,-77
1755871078.3789446,1,2,-67
1755871078.417945,6,-6,-78
1755871078.4539447,-3,-8,-78
1755871078.4919446,3,-8,-81
1755871078.529945,0,0,-79
1755871078.5679443,0,4,-72
1755871078.6039443,5,-1,-80
1755871078.6419446,4,0,-72
1755871078.6799445,-2,0,-68
1755871078.7189443,8,0,-73
1755871078.7549446,11,-2,-74
1755871078.792945,-7,-3,-64
1755871078.8319447,4,2,-79
1755871078.8689446,2,-4,-85
1755871078.907945,-5,-5,-78
1755871078.9439447,-2,-3,-80
1755871078.9819446,0,-3,-62
1755871079.019945,0,-4,-63
1755871079.0589447,0,-1,-72
1755871079.0949447,-4,4,-75
1755871079.131945,1,1,-81
1755871079.1699443,-5,2,-76
1755871079.2089446,1,-5,-76
1755871079.2449446,2,3,-73
1755871079.2819445,4,-3,-71
1755871079.3199446,-3,-1,-73
1755871079.358945,0,-4,-81
1755871079.394945,5,0,-77
1755871079.4319446,5,2,-76
1755871079.4699447,1,-3,-83
1755871079.5089445,5,-2,-66
1755871079.5449443,4,-7,-69
1755871079.5819447,5,-3,-66
1755871079.6199446,-3,-1,-66
1755871079.6589446,-3,0,-71
1755871079.6949446,2,0,-68
1755871079.7319446,-7,0,-68
1755871079.769945,0,-1,-66
1755871079.8089447,4,0,-68
1755871079.8449447,4,-6,-68
1755871079.881945,3,-1,-63
1755871079.9199443,3,4,-69
1755871079.9589446,-5,1,-78
1755871079.9949446,-3,-3,-80
1755871080.032945,-4,2,-79
1755871080.0709443,-2,2,-76
1755871080.1099446,11,-5,-77
1755871080.1479447,4,-3,-75
1755871080.1839447,2,-2,-70
1755871080.2229445,3,-4,-73
1755871080.259945,-1,0,-78
1755871080.2989447,1,-1,-77
1755871080.3349447,9,-6,-78
1755871080.371945,1,1,-80
1755871080.4099443,-1,-3,-88
1755871080.4489446,6,-2,-73
1755871080.4849446,0,-3,-74
1755871080.5229447,3,-4,-72
1755871080.5609446,-2,-5,-73
1755871080.5999446,3,-5,-73
1755871080.6359446,-6,-4,-72
1755871080.6739447,5,-4,-75
1755871080.7119446,-1,-1,-91
1755871080.7499447,-5,7,-83
1755871080.7889447,-2,9,-81
1755871080.8249447,6,2,-77
1755871080.861945,-4,-7,-80
1755871080.8999443,-2,-1,-87
1755871080.9389446,-3,4,-85
1755871080.9749446,1,0,-76
1755871081.0119443,3,-3,-70
1755871081.0509446,0,0,-64
1755871081.088945,-2,1,-79
1755871081.1249447,-2,1,-76
1755871081.1629446,-4,-1,-79
1755871081.2019446,-4,3,-67
1755871081.2399447,4,-7,-71
1755871081.2759447,-3,-2,-84
1755871081.3139446,-1,-5,-83
1755871081.3519447,0,-3,-89
1755871081.3909447,-4,1,-69
1755871081.4289446,3,7,-91
1755871081.4649446,3,-2,-71
1755871081.5019443,-2,-2,-78
1755871081.5409446,-2,2,-77
1755871081.5789447,3,0,-74
1755871081.6149447,0,3,-78
1755871081.6519446,3,-2,-75
1755871081.690945,7,-4,-71
1755871081.7289443,3,-3,-80
1755871081.7649446,3,-1,-77
1755871081.8019447,0,-5,-68
1755871081.8409443,2,-6,-61
1755871081.8789446,4,-3,-66
1755871081.9149446,9,-4,-70
1755871081.9519446,2,-6,-62
1755871081.9909446,0,-5,-61
1755871082.0269446,-1,5,-69
1755871082.0639446,-2,0,-79
1755871082.1019447,6,0,-70
1755871082.1409447,-3,-1,-78
1755871082.1769447,0,-6,-76
1755871082.213945,-8,-3,-68
1755871082.2519443,3,0,-70
1755871082.2909446,-3,-1,-68
1755871082.3269446,-2,-6,-78
1755871082.3649447,-1,-1,-71
1755871082.4029446,0,0,-71
1755871082.440945,0,-2,-72
1755871082.4769447,3,0,-77
1755871082.5139446,4,0,-84
1755871082.5509446,0,-3,-72
1755871082.5899446,3,-8,-68
1755871082.6259446,2,-4,-73
1755871082.6639447,0,2,-86
1755871082.7019446,-4,4,-78
1755871082.7409446,2,7,-80
1755871082.7769446,6,0,-80
1755871082.8139446,1,-7,-72
1755871082.8519447,0,0,-70
1755871082.8899446,-1,0,-86
1755871082.9259446,-1,1,-82
1755871082.963945,-5,5,-73
1755871083.0019443,-2,0,-72
1755871083.0399446,-4,0,-70
1755871083.075945,-2,-2,-72
1755871083.1139443,-2,-4,-66
1755871083.1519446,0,-4,-77
1755871083.190945,-1,7,-66
1755871083.2269447,-2,2,-75
1755871083.2639446,-2,-2,-90
1755871083.3019447,0,-8,-79
1755871083.3409443,-1,-1,-73
1755871083.3769443,5,0,-70
1755871083.4149446,-2,2,-80
1755871083.4519446,0,2,-74
1755871083.4899447,-4,1,-72
1755871083.5259447,-1,3,-74
1755871083.562945,0,4,-71
1755871083.6069446,5,-3,-66
1755871083.644945,4,-5,-66
1755871083.6829443,-4,-12,-67
1755871083.7219446,1,-4,-74
1755871083.759945,1,1,-69
1755871083.7959447,0,-1,-71
1755871083.8339446,0,-4,-76
1755871083.8729446,1,1,-63
1755871083.9109447,0,0,-82
1755871083.9469447,-1,0,-75
1755871083.983945,-6,-3,-60
1755871084.0219443,-8,-3,-73
1755871084.0609446,-3,0,-75
1755871084.0969446,4,-4,-71
1755871084.1339445,3,-1,-73
1755871084.1719446,0,-9,-69
1755871084.210945,-4,-2,-69
1755871084.246945,0,3,-73
1755871084.2839446,-8,3,-68
1755871084.3229446,-4,0,-74
1755871084.3609445,1,-5,-72
1755871084.3969443,5,-1,-76
1755871084.4339447,8,2,-82
1755871084.4719446,0,1,-79
1755871084.5089445,-2,-2,-67
1755871084.5459447,-3,-2,-68
1755871084.5839446,0,0,-68
1755871084.621945,-1,2,-70
1755871084.657945,-3,1,-72
1755871084.6959443,5,5,-70
1755871084.733945,3,1,-78
1755871084.7719443,10,0,-64
1755871084.8089447,4,-8,-74
1755871084.8459446,2,0,-74
1755871084.8839445,-5,-1,-71
1755871084.9229443,-4,5,-75
1755871084.960945,-1,2,-81
1755871084.996945,-1,-3,-72
1755871085.0349443,2,1,-78
1755871085.0729446,0,-2,-66
1755871085.111945,0,0,-66
1755871085.1479447,7,0,-74
1755871085.1849446,-3,0,-89
1755871085.2229445,-7,-1,-81
1755871085.2619443,0,0,-81
1755871085.2979443,5,0,-82
1755871085.3349447,0,5,-79
1755871085.3729446,3,6,-89
1755871085.4109447,2,5,-88
1755871085.4469447,-7,-6,-81
1755871085.4849446,-2,0,-81
1755871085.5229447,-6,0,-74
1755871085.5619447,-4,0,-71
1755871085.5979445,-3,0,-68
1755871085.6359446,-5,0,-72
1755871085.6739447,2,-6,-65
1755871085.7129445,3,-3,-70
1755871085.7489443,1,0,-75
1755871085.7859447,0,1,-70
1755871085.8229446,1,5,-71
1755871085.858945,4,4,-75
1755871085.8959446,2,7,-70
1755871085.9339447,-5,5,-76
1755871085.9729445,-2,-2,-74
1755871086.0089445,-11,-3,-70
1755871086.0469446,0,0,-82
1755871086.0839446,2,0,-72
1755871086.121945,-7,2,-70
1755871086.157945,-5,-1,-80
1755871086.1959443,-2,3,-73
1755871086.233945,-3,3,-73
1755871086.2729447,2,2,-71
1755871086.3089447,7,3,-77
1755871086.3459446,5,5,-70
1755871086.3839445,-3,3,-68
1755871086.4229443,-5,4,-75
1755871086.4589446,-7,2,-70
1755871086.4959445,1,0,-70
1755871086.5339446,0,4,-74
1755871086.5719447,2,-2,-76
1755871086.608945,6,2,-73
1755871086.6459446,8,0,-86
1755871086.6839447,6,-4,-74
1755871086.7229445,0,0,-82
1755871086.7589445,4,1,-79
1755871086.7959447,2,-1,-89
1755871086.8339446,0,0,-85
1755871086.871945,-5,-2,-80
1755871086.907945,-3,5,-80
1755871086.9459443,2,0,-71
1755871086.983945,-1,-4,-70
1755871087.0229447,-9,-7,-69
1755871087.0589447,-2,3,-67
1755871087.0959446,5,-7,-68
1755871087.1339445,0,-1,-71
1755871087.1729443,0,1,-80
1755871087.2089446,-4,0,-77
1755871087.2459445,1,-8,-64
1755871087.2839446,-1,0,-75
1755871087.3229446,0,0,-76
1755871087.358945,-2,5,-73
1755871087.3959446,-2,-1,-77
1755871087.4339447,3,-7,-69
1755871087.4729445,0,-3,-74
1755871087.5089445,0,0,-71
1755871087.5459447,0,0,-70
1755871087.5839446,0,-4,-76
1755871087.6229446,-6,-5,-70
1755871087.6589446,-2,-4,-75
1755871087.6969447,7,-3,-79
1755871087.7359445,1,6,-76
1755871087.7739446,2,-1,-81
1755871087.8099446,4,-3,-87
1755871087.8469446,-1,-1,-73
1755871087.8859446,4,-3,-68
1755871087.9239447,-5,0,-63
1755871087.9599447,-5,2,-81
1755871087.9979446,0,-4,-78
1755871088.0359447,8,-1,-69
1755871088.0739446,1,-1,-66
1755871088.1099446,4,-2,-82
1755871088.1469443,0,1,-82
1755871088.1859446,0,3,-96
1755871088.223945,-4,5,-94
1755871088.259945,-14,0,-86
1755871088.2969446,-12,1,-82
1755871088.335945,0,-2,-78
1755871088.3739443,2,2,-86
1755871088.4099443,-2,0,-77
1755871088.4469447,2,0,-67
1755871088.4849446,10,4,-70
1755871088.5229447,4,0,-71
1755871088.5589447,0,1,-72
1755871088.5959446,4,8,-68
1755871088.6339445,1,4,-80
1755871088.6699443,5,4,-69
1755871088.7069447,-1,-1,-80
1755871088.7449446,-5,-3,-57
1755871088.7839446,0,-2,-69
1755871088.8199446,5,-2,-75
1755871088.8569446,5,-13,-81
1755871088.894945,2,-11,-74
1755871088.9339447,1,-7,-67
1755871088.9699447,-4,-1,-78
1755871089.0079446,-6,3,-78
1755871089.0459447,-5,-4,-85
1755871089.0849447,-2,-2,-79
1755871089.1229446,3,0,-79
1755871089.1589446,7,-3,-78
1755871089.1969447,3,4,-76
1755871089.2349446,7,0,-72
1755871089.2739446,6,0,-77
1755871089.3099446,4,0,-77
1755871089.3469446,0,-3,-64
1755871089.384945,1,-2,-64
1755871089.4239447,1,0,-73
1755871089.4599447,-1,-2,-90
1755871089.4979446,0,1,-84
1755871089.5349443,1,-2,-83
1755871089.5739446,0,-5,-87
1755871089.6099446,5,0,-87
1755871089.6479447,6,0,-81
1755871089.6849446,-4,2,-79
1755871089.723945,0,0,-74
1755871089.759945,0,-4,-64
1755871089.7969446,1,0,-62
1755871089.8349447,3,0,-66
1755871089.8709445,0,3,-75
1755871089.907945,-7,3,-72
1755871089.9459443,-5,1,-67
1755871089.9849446,-4,-1,-71
1755871090.0209446,-2,-2,-78
1755871090.0589447,-7,1,-67
1755871090.0969446,-1,-6,-77
1755871090.1359446,1,0,-74
1755871090.1739447,2,-3,-76
1755871090.2099447,0,2,-75
1755871090.246945,-5,1,-66
1755871090.2859447,-5,0,-73
1755871090.3239446,4,1,-72
1755871090.3599446,10,-3,-71
1755871090.3969443,4,-1,-71
1755871090.4359446,9,2,-76
1755871090.473945,3,1,-73
1755871090.509945,4,2,-87
1755871090.5479443,4,1,-83
1755871090.585945,5,1,-81
1755871090.6239443,5,0,-71
1755871090.6599443,2,0,-78
1755871090.6969447,-3,-1,-80
1755871090.7359445,-5,1,-77
1755871090.7739446,0,0,-76
1755871090.8099446,-1,0,-76
1755871090.8469446,-5,6,-60
1755871090.8859446,8,0,-72
1755871090.9239447,9,1,-76
1755871090.9599447,4,2,-81
1755871090.996945,0,-3,-77
1755871091.0359447,-2,0,-73
1755871091.0719447,-3,2,-78
1755871091.1099446,-5,-2,-71
1755871091.1479447,-4,0,-77
1755871091.1869447,6,0,-84
1755871091.2249446,6,-6,-71
1755871091.2609446,5,-7,-72
1755871091.2979443,6,-5,-66
1755871091.3369446,3,-7,-75
1755871091.3749447,2,-4,-79
1755871091.4109447,0,-1,-64
1755871091.4479446,3,0,-74
1755871091.4859445,6,0,-72
1755871091.5219443,2,7,-74
1755871091.5599446,-3,5,-82
1755871091.5979445,3,-1,-79
1755871091.6369443,-3,2,-72
1755871091.6749446,2,-12,-68
1755871091.710945,5,1,-79
1755871091.7479446,-6,9,-79
1755871091.7869446,-11,3,-81
1755871091.8249447,2,-4,-71
1755871091.8609445,-3,0,-80
1755871091.8979447,-3,8,-87
1755871091.9369447,-3,0,-73
1755871091.9749446,-3,-5,-77
1755871092.0109446,4,1,-74
1755871092.0479443,0,-3,-88
1755871092.0869446,2,-4,-82
1755871092.1249447,0,3,-89
1755871092.1609447,0,0,-86
1755871092.1989446,0,-1,-80
1755871092.236945,1,8,-70
1755871092.2749443,-1,1,-71
1755871092.3109446,-2,-7,-68
1755871092.348945,-3,-2,-81
1755871092.3869443,-7,-3,-63
1755871092.4259446,-2,-1,-66
1755871092.4619446,-4,-3,-69
1755871092.4999447,-4,-3,-69
1755871092.5379446,8,1,-76
1755871092.575945,-1,5,-69
1755871092.611945,-6,4,-68
1755871092.6489446,0,1,-68
1755871092.6869447,5,-9,-77
1755871092.7259445,2,4,-75
1755871092.7619443,-1,2,-63
1755871092.7989447,-5,0,-74
1755871092.8369446,2,-2,-76
1755871092.8759446,-2,-4,-74
1755871092.9119446,0,-1,-79
1755871092.9489446,3,-2,-73
1755871092.986945,9,1,-69
1755871093.0259447,3,1,-75
1755871093.0619447,5,3,-68
1755871093.098945,2,-6,-73
1755871093.1379447,3,-1,-83
1755871093.1759446,-7,-6,-97
1755871093.2119446,-2,0,-84
1755871093.2509446,0,-10,-70
1755871093.2879446,5,-4,-77
1755871093.3269446,-7,-1,-75
1755871093.3629446,-2,1,-67
1755871093.4009447,5,9,-70
1755871093.437945,2,-4,-75
1755871093.4769447,-4,0,-72
1755871093.5129447,-2,-2,-82
1755871093.5509446,-5,-3,-69
1755871093.588945,0,-3,-64
1755871093.6329446,2,0,-74
1755871093.6719446,1,0,-83
1755871093.7089446,0,5,-84
1755871093.746945,4,4,-74
1755871093.782945,4,-3,-73
1755871093.8209443,4,4,-73
1755871093.858945,2,2,-73
1755871093.8969443,-4,3,-65
1755871093.9329443,3,4,-69
1755871093.9699447,5,7,-72
1755871094.0079446,0,-2,-67
1755871094.0459447,0,-7,-74
1755871094.0819447,-2,0,-76
1755871094.1199446,-1,2,-72
1755871094.157945,-7,0,-73
1755871094.1969447,-11,3,-69
1755871094.2329447,2,-4,-63
1755871094.269945,0,1,-70
1755871094.3079443,-4,-3,-67
1755871094.3459446,-4,2,-76
1755871094.381945,-9,4,-69
1755871094.4199443,-5,7,-72
1755871094.4589446,2,8,-67
1755871094.496945,-4,3,-66
1755871094.532945,-2,0,-69
1755871094.5699446,-2,-2,-62
1755871094.6079447,-2,-8,-70
1755871094.6469443,-5,2,-68
1755871094.6829443,-5,0,-72
1755871094.7209446,0,-7,-70
1755871094.7589445,0,-3,-69
1755871094.7979443,-7,-8,-69
1755871094.8339446,-2,-5,-71
1755871094.871945,1,-4,-74
1755871094.9099443,6,0,-72
1755871094.9479446,-1,1,-82
1755871094.983945,-2,0,-81
1755871095.0209446,0,4,-84
1755871095.0589447,4,4,-77
1755871095.0979445,0,-2,-71
1755871095.1339445,1,-5,-72
1755871095.1719446,1,-6,-68
1755871095.2099447,-7,5,-69
1755871095.2479446,0,-1,-82
1755871095.2869446,0,-1,-64
1755871095.3229446,5,0,-76
1755871095.3609445,-1,1,-75
1755871095.3989446,-6,-4,-80
1755871095.4369447,-2,1,-84
1755871095.4729445,0,-10,-78
1755871095.5109446,-1,-3,-76
1755871095.5499446,1,-10,-72
1755871095.5879445,0,-4,-69
1755871095.6239443,0,1,-71
1755871095.6609447,0,-4,-78
1755871095.6989446,0,2,-79
1755871095.7379446,-1,-1,-75
1755871095.7739446,1,2,-78
1755871095.8109446,-6,1,-75
1755871095.848945,-1,0,-76
1755871095.8879447,0,4,-79
1755871095.9239447,-3,-2,-84
1755871095.9629445,-7,3,-80
1755871095.9999447,-3,7,-79
1755871096.0389447,4,0,-83
1755871096.0769446,9,3,-72
1755871096.1129446,4,0,-86
1755871096.1499443,3,1,-83
1755871096.187945,6,1,-73
1755871096.223945,2,1,-66
1755871096.2609446,-5,-3,-75
1755871096.2989447,0,-2,-78
1755871096.3379445,0,-1,-73
1755871096.3739443,1,1,-68
1755871096.4109447,0,-4,-77
1755871096.4489446,-1,0,-72
1755871096.4879446,-1,-12,-63
1755871096.5239446,-4,-8,-76
1755871096.562945,-2,-6,-67
1755871096.5999446,1,-5,-77
1755871096.6389446,-3,-3,-75
1755871096.6749446,-8,-10,-82
1755871096.7129445,2,-4,-79
1755871096.7509446,-4,-5,-66
1755871096.7889447,-11,-5,-68
1755871096.8279445,-6,-2,-64
1755871096.8639443,1,-5,-60
1755871096.9009447,-2,0,-68
1755871096.9389446,1,5,-60
1755871096.9749446,0,-2,-69
1755871097.0129447,2,-3,-72
1755871097.0509446,2,-1,-81
1755871097.088945,7,-4,-81
1755871097.1279447,-4,-2,-78
1755871097.1639447,0,0,-69
1755871097.2019446,0,-3,-73
1755871097.2399447,-2,-4,-73
1755871097.2779446,-3,-6,-84
1755871097.3139446,-4,0,-76
1755871097.3509445,1,1,-76
1755871097.3899446,0,-2,-77
1755871097.427945,-2,4,-77
1755871097.463945,-1,2,-71
1755871097.5019443,-2,3,-73
1755871097.5399446,-3,5,-70
1755871097.5779445,-4,-1,-80
1755871097.6139443,0,-4,-80
1755871097.6519446,0,-3,-70
1755871097.6899445,3,0,-68
1755871097.7279446,2,-3,-68
1755871097.7639446,3,-2,-66
1755871097.8019447,3,-3,-72
1755871097.8399446,0,7,-69
1755871097.8779447,6,0,-78
1755871097.9139447,3,1,-78
1755871097.9519446,-3,4,-70
1755871097.9899447,-6,0,-75
1755871098.0279446,-1,-1,-68
1755871098.0639446,-7,0,-65
1755871098.1019447,-3,-6,-75
1755871098.1399446,-7,1,-79
1755871098.1759446,-10,-1,-70
1755871098.213945,6,-5,-73
1755871098.2519443,6,0,-71
1755871098.2899446,4,-4,-74
1755871098.325945,-5,-1,-84
1755871098.3639443,-1,-4,-75
1755871098.4019446,0,1,-70
1755871098.4399445,-8,-1,-69
1755871098.4789443,-6,-4,-72
1755871098.5149446,-4,-4,-72
1755871098.552945,2,2,-72
1755871098.5899446,-2,-4,-72
1755871098.6289446,4,-6,-73
1755871098.6649446,2,-2,-75
1755871098.7019446,1,-1,-80
1755871098.7399447,0,2,-82
1755871098.7759447,-6,-1,-85
1755871098.8139446,1,4,-86
1755871098.8519447,-5,0,-73
1755871098.8899446,-4,-3,-67
1755871098.9259446,0,-3,-84
1755871098.9629445,0,0,-72
1755871099.0019443,-2,8,-75
1755871099.0399446,-10,6,-90
1755871099.075945,-1,4,-87
1755871099.1139443,1,-9,-77
1755871099.1519446,2,-4,-73
1755871099.190945,2,2,-72
1755871099.2289443,4,2,-84
1755871099.2649446,6,5,-90
1755871099.3019447,4,3,-73
1755871099.3399446,8,-1,-79
1755871099.3759446,0,0,-71
1755871099.4129446,-10,-2,-73
1755871099.4519446,-6,-6,-70
1755871099.4899447,-4,-4,-72
1755871099.5259447,0,0,-73
1755871099.562945,0,-4,-77
1755871099.6019447,2,-10,-80
1755871099.6399446,0,-3,-78
1755871099.6759446,0,0,-76
1755871099.7129445,-3,0,-83
1755871099.7519443,0,-2,-72
1755871099.7899446,1,-11,-72
1755871099.825945,0,-8,-75
1755871099.8639443,-1,-3,-68
1755871099.9019446,-6,-3,-74
1755871099.940945,-2,-5,-67
1755871099.9789443,1,4,-63
1755871100.0149446,-3,3,-64
1755871100.052945,0,1,-61
1755871100.0909443,0,4,-68
1755871100.1269443,-1,7,-65
1755871100.1639447,-2,-5,-76
1755871100.2019446,-1,0,-81
1755871100.2409446,2,-5,-84
1755871100.2769446,0,0,-81
1755871100.3139446,4,-7,-72
1755871100.3519447,-1,0,-75
1755871100.3909447,2,0,-73
1755871100.4269447,3,1,-69
1755871100.463945,-8,0,-67
1755871100.5019443,0,-4,-64
1755871100.5409446,-1,-3,-72
1755871100.5769446,3,-6,-71
1755871100.6139443,1,-4,-68
1755871100.6519446,5,-5,-80
1755871100.690945,5,-5,-73
1755871100.7269447,-3,-4,-77
1755871100.7649446,0,-5,-85
1755871100.802945,6,0,-80
1755871100.8409443,3,4,-80
1755871100.8769443,0,5,-78
1755871100.9139447,4,2,-80
1755871100.9519446,6,-3,-81
1755871100.9899447,2,-2,-81
1755871101.0259447,-7,-2,-81
1755871101.0639446,-2,3,-77
1755871101.1019447,5,-2,-61
1755871101.1409447,-5,-2,-76
1755871101.1769447,-6,-6,-77
1755871101.2149446,-1,-1,-67
1755871101.2529447,-5,5,-72
1755871101.2919445,6,7,-76
1755871101.3299446,1,5,-73
1755871101.3659446,3,0,-76
1755871101.4039447,1,3,-72
1755871101.4419446,6,-1,-64
1755871101.4799447,0,-5,-79
1755871101.5159447,2,-10,-65
1755871101.5539446,1,0,-70
1755871101.5919447,0,0,-71
1755871101.6299446,0,4,-74
1755871101.6659446,0,-2,-68
1755871101.7039447,6,0,-68
1755871101.7419446,0,-4,-65
1755871101.779945,-4,0,-75
1755871101.815945,2,0,-84
1755871101.8539443,-2,-7,-84
1755871101.8919446,1,-3,-77
1755871101.9309447,0,-4,-69
1755871101.9669447,-3,-2,-61
1755871102.0049446,-2,-1,-63
1755871102.042945,5,2,-70
1755871102.0809443,0,1,-80
1755871102.1169446,-5,0,-80
1755871102.1559446,-3,3,-75
1755871102.1929443,-2,0,-75
1755871102.2319446,-4,0,-70
1755871102.2679446,2,0,-67
1755871102.3049445,-1,-2,-67
1755871102.3429446,-2,0,-70
1755871102.381945,-3,-3,-72
1755871102.417945,2,-5,-75
1755871102.4559443,6,-5,-79
1755871102.4939446,2,1,-77
1755871102.5319445,-4,8,-69
1755871102.5679443,-10,0,-83
1755871102.6059446,0,1,-76
1755871102.6429446,4,0,-75
1755871102.6809447,0,-1,-74
1755871102.7169447,6,-4,-82
1755871102.7539446,3,-1,-76
1755871102.792945,-3,-4,-76
1755871102.8309443,0,2,-83
1755871102.8669446,-7,-5,-79
1755871102.904945,-5,2,-77
1755871102.9429443,-1,1,-84
1755871102.9819446,-1,-2,-75
1755871103.0179446,0,4,-73
1755871103.0549445,8,-4,-78
1755871103.0929446,8,2,-75
1755871103.1309447,5,0,-71
1755871103.1669445,4,-3,-80
1755871103.2039447,3,-4,-67
1755871103.2429447,0,0,-73
1755871103.2809446,0,5,-75
1755871103.3169446,-4,3,-77
1755871103.3539443,-8,0,-74
1755871103.3929446,-1,0,-68
1755871103.4309447,3,-4,-71
1755871103.4669447,7,5,-78
1755871103.5039446,6,-5,-82
1755871103.542945,-2,0,-81
1755871103.5789447,3,-2,-74
1755871103.6159446,0,3,-74
1755871103.6619446,-4,-2,-67
1755871103.6979446,-8,-1,-73
1755871103.7359445,2,2,-77
1755871103.7729447,1,1,-72
1755871103.8099446,6,1,-69
1755871103.8469446,1,4,-82
1755871103.884945,3,-1,-88
1755871103.9229443,3,-1,-80
1755871103.9589446,-2,1,-83
1755871103.996945,3,-1,-66
1755871104.0349443,11,-2,-74
1755871104.0729446,3,-1,-84
1755871104.111945,2,2,-81
1755871104.1479447,1,1,-84
1755871104.1849446,7,4,-80
1755871104.2229445,8,4,-81
1755871104.2589445,0,6,-72
1755871104.2969446,-5,-2,-79
1755871104.3349447,0,-2,-74
1755871104.3739443,5,-2,-82
1755871104.4119446,2,0,-70
1755871104.4479446,-2,0,-67
1755871104.4859445,4,4,-68
1755871104.5239446,2,3,-80
1755871104.5619447,0,3,-77
1755871104.5979445,0,3,-79
1755871104.634945,-2,0,-84
1755871104.6739447,-2,-1,-76
1755871104.7119446,-3,7,-69
1755871104.7479446,0,3,-71
1755871104.7859447,-3,0,-89
1755871104.8239446,2,3,-75
1755871104.8629446,7,7,-76
1755871104.8989446,0,0,-74
1755871104.9369447,7,1,-68
1755871104.973945,6,-2,-75
1755871105.0129447,1,-3,-71
1755871105.0489447,2,3,-71
1755871105.0869446,3,-1,-73
1755871105.1249447,2,-1,-76
1755871105.1639447,3,-3,-76
1755871105.2019446,4,-1,-80
1755871105.2379446,-4,-1,-87
1755871105.2759447,-5,-2,-74
1755871105.3139446,-4,-3,-69
1755871105.3529446,1,-1,-81
1755871105.3889446,-8,0,-84
1755871105.4259446,-1,-4,-73
1755871105.463945,-3,0,-77
1755871105.5029447,-5,-5,-75
1755871105.5389447,-8,-9,-74
1755871105.5769446,-2,-3,-77
1755871105.6149447,1,1,-81
1755871105.6529446,-2,0,-74
1755871105.6889446,-5,-1,-73
1755871105.7269447,-2,-4,-67
1755871105.7649446,0,4,-62
1755871105.8039446,1,1,-57
1755871105.8399446,-1,0,-61
1755871105.8769443,9,4,-68
1755871105.9139447,5,1,-72
1755871105.9529445,2,-3,-73
1755871105.9889443,6,0,-81
1755871106.0259447,-2,-5,-82
1755871106.0649445,0,0,-69
1755871106.1029446,4,0,-69
1755871106.1389446,9,-4,-79
1755871106.1759446,9,-1,-79
1755871106.2149446,9,-1,-87
1755871106.2529447,-2,0,-87
1755871106.2889447,-2,-1,-82
1755871106.3269446,2,0,-75
1755871106.3649447,4,1,-80
1755871106.4029446,9,1,-77
1755871106.4389446,2,4,-71
1755871106.4759445,4,0,-65
1755871106.5139446,1,4,-83
1755871106.5499446,5,0,-75
1755871106.5869446,-9,1,-75
1755871106.6249447,-7,0,-73
1755871106.6639447,-1,4,-83
1755871106.6999447,-2,10,-74
1755871106.736945,-1,-1,-83
1755871106.7749443,-1,1,-80
1755871106.8139446,6,0,-81
1755871106.8499446,4,-2,-70
1755871106.8889446,7,0,-75
1755871106.9259446,2,1,-71
1755871106.963945,-4,5,-71
1755871106.9999447,-4,0,-70
1755871107.0369446,-1,0,-63
1755871107.0749447,1,-4,-66
1755871107.1139443,-5,1,-71
1755871107.1499443,-5,3,-77
1755871107.1869447,5,0,-67
1755871107.2249446,2,0,-80
1755871107.2609446,-4,-1,-73
1755871107.2989447,-2,2,-81
1755871107.3369446,2,-8,-72
1755871107.3749447,4,-5,-63
1755871107.4139447,1,0,-71
1755871107.4499447,2,3,-76
1755871107.486945,5,0,-90
1755871107.5249443,3,9,-80
1755871107.5609446,6,0,-81
1755871107.5979445,1,-2,-76
1755871107.6359446,2,-3,-79
1755871107.6749446,7,-1,-77
1755871107.710945,1,-1,-72
1755871107.7489443,7,1,-76
1755871107.7869446,0,1,-73
1755871107.8249447,5,-1,-68
1755871107.861945,3,-1,-69
1755871107.8989446,6,0,-78
1755871107.9369447,5,-9,-73
1755871107.9759445,3,-5,-76
1755871108.0139446,-2,-6,-69
1755871108.0499446,-3,-5,-73
1755871108.0879445,5,1,-81
1755871108.1259446,6,2,-78
1755871108.1639447,2,-4,-65
1755871108.1999447,-3,-4,-66
1755871108.2379446,-4,-3,-68
1755871108.2759447,-1,0,-79
1755871108.3149445,-1,-1,-76
1755871108.3509445,4,-2,-74
1755871108.3889446,-3,-1,-77
1755871108.4269447,2,0,-84
1755871108.4659443,8,1,-81
1755871108.5039446,5,0,-74
1755871108.5399446,3,-1,-75
1755871108.5779445,-4,3,-76
1755871108.6159446,-4,0,-68
1755871108.654945,-5,4,-70
1755871108.690945,5,9,-76
1755871108.7279446,0,-6,-84
1755871108.7659447,7,0,-71
1755871108.8039446,0,2,-63
1755871108.8399446,0,-3,-61
1755871108.8779447,-3,-5,-69
1755871108.9159446,0,0,-79
1755871108.9549446,3,8,-83
1755871108.9909446,4,10,-95
1755871109.0279446,1,8,-93
1755871109.065945,0,2,-77
1755871109.1019447,0,4,-74
1755871109.1389446,3,-2,-79
1755871109.1769447,0,-1,-85
1755871109.2159443,-2,0,-68
1755871109.2519443,-4,1,-74
1755871109.2889447,0,3,-71
1755871109.325945,-3,0,-78
1755871109.3649447,-3,0,-74
1755871109.4009447,-7,7,-70
1755871109.437945,-2,0,-73
1755871109.4759445,-1,-1,-70
1755871109.5149446,0,0,-84
1755871109.5509446,4,-5,-62
1755871109.5879445,-5,-4,-71
1755871109.6259446,3,-3,-76
1755871109.6649446,8,0,-88
1755871109.700945,0,2,-76
1755871109.7379446,2,0,-78
1755871109.7759447,-2,-6,-78
1755871109.8119447,3,3,-71
1755871109.8499446,10,3,-70
1755871109.8869443,8,5,-67
1755871109.9249446,1,7,-78
1755871109.960945,-1,3,-73
1755871109.9999447,-4,0,-72
1755871110.0369446,2,7,-80
1755871110.075945,1,1,-67
1755871110.111945,2,2,-62
1755871110.1499443,4,5,-75
1755871110.1869447,0,2,-75
1755871110.2249446,3,3,-76
1755871110.2609446,5,0,-76
1755871110.2979443,7,8,-70
1755871110.335945,8,2,-74
1755871110.371945,6,-2,-77
1755871110.4089446,0,-1,-75
1755871110.4469447,0,1,-86
1755871110.4849446,1,-8,-78
1755871110.5209446,0,5,-73
1755871110.5589447,0,2,-70
1755871110.5969446,-1,0,-78
1755871110.634945,0,3,-81
1755871110.6709447,2,-2,-70
1755871110.7079446,0,4,-76
1755871110.746945,0,3,-76
1755871110.782945,0,1,-71
1755871110.8199446,-1,-3,-80
1755871110.858945,2,-2,-75
1755871110.8969443,-6,-1,-82
1755871110.9329443,5,-7,-68
1755871110.9699447,4,-3,-85
1755871111.0079446,3,0,-70
1755871111.0469446,7,0,-80
1755871111.0829446,4,5,-77
1755871111.1199446,-1,5,-75
1755871111.157945,-1,1,-69
1755871111.1969447,2,0,-77
1755871111.2329447,1,3,-73
1755871111.269945,3,4,-78
1755871111.3069446,2,3,-74
1755871111.3459446,1,0,-71
1755871111.381945,3,0,-76
1755871111.4199443,3,0,-71
1755871111.4569447,6,0,-78
1755871111.4929447,3,7,-78
1755871111.529945,0,1,-84
1755871111.5679443,6,3,-72
1755871111.6059446,3,-1,-80
1755871111.6419446,7,-3,-81
1755871111.6799445,-4,-7,-84
1755871111.7179446,-2,2,-73
1755871111.756945,-6,-5,-67
1755871111.792945,-6,1,-68
1755871111.8299446,0,6,-70
1755871111.8679447,-9,-3,-79
1755871111.9059446,-3,-2,-87
1755871111.9419446,0,0,-82
1755871111.9789443,0,6,-82
1755871112.0169446,6,3,-85
1755871112.052945,0,13,-79
1755871112.0909443,-4,4,-78
1755871112.1289446,-2,3,-72
1755871112.1669445,3,7,-79
1755871112.2029445,2,1,-72
1755871112.2399447,7,0,-74
1755871112.2779446,0,1,-65
1755871112.3169446,0,6,-71
1755871112.3529446,2,1,-70
1755871112.3899446,0,0,-81
1755871112.427945,-1,0,-68
1755871112.4669447,-3,1,-67
1755871112.5029447,0,1,-81
1755871112.5399446,0,0,-64
1755871112.5779445,0,5,-61
1755871112.6139443,-6,1,-66
1755871112.6509447,3,-13,-84
1755871112.6889446,8,-5,-72
1755871112.7279446,-5,0,-79
1755871112.7639446,-4,4,-76
1755871112.8009446,0,6,-79
1755871112.838945,4,10,-75
1755871112.8779447,-2,7,-68
1755871112.9139447,-1,6,-81
1755871112.950945,6,-3,-78
1755871112.9889443,3,3,-83
1755871113.0269446,0,1,-70
1755871113.062945,-1,2,-70
1755871113.0999446,0,-2,-81
1755871113.1379447,-1,-1,-74
1755871113.1769447,-3,-5,-67
1755871113.2129445,0,-3,-73
1755871113.2509446,2,0,-65
1755871113.2889447,-6,2,-69
1755871113.3269446,-5,3,-79
1755871113.3629446,-2,3,-78
1755871113.3999443,4,1,-79
1755871113.4389446,-4,5,-80
1755871113.4769447,0,3,-75
1755871113.5129447,1,0,-66
1755871113.5499446,2,3,-73
1755871113.588945,0,2,-73
1755871113.6269443,-3,1,-76
1755871113.6709447,-5,5,-67
1755871113.7089446,-2,11,-58
1755871113.7479446,-1,1,-68
1755871113.7839446,1,0,-77
1755871113.8209443,-7,-3,-82
1755871113.858945,-7,0,-70
1755871113.8979447,-4,0,-74
1755871113.9339447,-8,1,-74
1755871113.9709446,-8,0,-78
1755871114.0089445,3,-1,-70
1755871114.0479443,8,-6,-75
1755871114.0839446,1,-5,-84
1755871114.1209445,-8,-1,-86
1755871114.1589446,-4,-1,-89
1755871114.1979446,-5,0,-85
1755871114.233945,0,-2,-68
1755871114.2709446,1,-3,-67
1755871114.3089447,5,-2,-67
1755871114.3479445,-2,1,-75
1755871114.3839445,1,0,-75
1755871114.4209447,-3,8,-74
1755871114.4589446,-2,-2,-72
1755871114.4979446,0,-2,-65
1755871114.5339446,-7,-3,-65
1755871114.5719447,-2,2,-73
1755871114.6099446,1,0,-71
1755871114.6479447,1,2,-68
1755871114.6839447,-6,5,-69
1755871114.7209446,-1,-6,-72
1755871114.7589445,-3,-3,-77
1755871114.7979443,1,3,-75
1755871114.8339446,-4,0,-67
1755871114.8709445,-6,0,-75
1755871114.9089446,-3,4,-77
1755871114.9479446,0,3,-69
1755871114.983945,-2,3,-77
1755871115.0209446,-2,3,-75
1755871115.0599446,8,4,-76
1755871115.0979445,7,6,-74
1755871115.1339445,6,-2,-75
1755871115.1709447,7,0,-81
1755871115.2089446,3,1,-72
1755871115.2449446,2,-2,-84
1755871115.282945,-2,2,-74
1755871115.3209443,-6,0,-76
1755871115.3599446,-5,6,-72
1755871115.3979447,-1,5,-72
1755871115.4349446,-9,1,-77
1755871115.4729445,-3,-4,-79
1755871115.5109446,5,1,-87
1755871115.5489447,7,0,-79
1755871115.5849447,3,-1,-77
1755871115.6229446,0,4,-73
1755871115.6599443,8,-5,-74
1755871115.6989446,6,0,-75
1755871115.7349446,-2,4,-72
1755871115.7729447,-4,5,-82
1755871115.8109446,7,3,-65
1755871115.848945,1,3,-68
1755871115.884945,1,9,-79
1755871115.9219446,6,2,-75
1755871115.9599447,10,3,-82
1755871115.9989443,-5,0,-86
1755871116.0349443,-5,2,-70
1755871116.0719447,-7,2,-70
1755871116.1099446,0,6,-71
1755871116.1489446,2,4,-80
1755871116.1849446,0,-1,-76
1755871116.2219446,-1,0,-71
1755871116.259945,0,0,-69
1755871116.2989447,0,3,-80
1755871116.3349447,6,-5,-76
1755871116.371945,5,-6,-67
1755871116.4109447,0,-4,-64
1755871116.4489446,2,-11,-69
1755871116.4849446,3,-1,-62
1755871116.5219443,2,0,-59
1755871116.5599446,3,-3,-68
1755871116.5959446,5,-4,-78
1755871116.6329446,-1,2,-71
1755871116.6709447,3,1,-72
1755871116.7099447,-3,-1,-76
1755871116.7459445,3,3,-75
1755871116.782945,-3,-2,-73
1755871116.8209443,0,4,-77
1755871116.8599446,5,7,-72
1755871116.8959446,2,5,-65
1755871116.9329443,8,0,-66
1755871116.9709446,1,1,-65
1755871117.0089445,0,2,-75
1755871117.0449443,-2,0,-79
1755871117.0819447,6,-6,-82
1755871117.1209445,4,-1,-77
1755871117.1589446,-6,-2,-67
1755871117.1949446,1,-3,-68
1755871117.2319446,5,-3,-69
1755871117.2709446,0,-10,-73
1755871117.3089447,1,-5,-66
1755871117.3449447,2,-3,-72
1755871117.381945,2,-3,-75
1755871117.4209447,-2,-6,-83
1755871117.4589446,7,-1,-78
1755871117.4949446,6,2,-74
1755871117.5319445,-3,1,-77
1755871117.5709443,0,0,-79
1755871117.608945,3,0,-71
1755871117.644945,2,4,-76
1755871117.6819446,4,0,-80
1755871117.7199447,-1,0,-84
1755871117.7559447,-6,0,-90
1755871117.792945,0,2,-74
1755871117.8309443,-2,-3,-81
1755871117.8689446,-4,-1,-79
1755871117.904945,-9,-2,-72
1755871117.9429443,1,-3,-78
1755871117.9819446,2,-1,-84
1755871118.019945,0,2,-69
1755871118.0559447,-4,-4,-73
1755871118.0939443,-2,1,-68
1755871118.131945,0,0,-71
1755871118.1709447,1,-4,-70
1755871118.2069447,2,-5,-63
1755871118.2439446,0,-5,-70
1755871118.2819445,4,-17,-73
1755871118.3209443,10,-1,-76
1755871118.3569446,6,1,-78
1755871118.3939445,5,1,-72
1755871118.4309447,2,5,-67
1755871118.4699447,9,2,-80
1755871118.5059447,6,1,-73
1755871118.542945,2,4,-69
1755871118.5809443,-3,0,-66
1755871118.6169446,-1,-1,-59
1755871118.6559446,2,5,-76
1755871118.6929443,0,4,-84
1755871118.7309446,4,0,-85
1755871118.7669446,-5,-8,-82
1755871118.8059447,1,2,-64
1755871118.8429446,0,-9,-70
1755871118.881945,8,4,-73
1755871118.9199443,9,0,-75
1755871118.9559443,1,2,-71
1755871118.9929447,-2,2,-63
1755871119.0319445,5,8,-67
1755871119.0699446,-2,0,-70
1755871119.1059446,1,0,-68
1755871119.1429446,0,6,-61
1755871119.1809447,4,4,-67
1755871119.2169447,10,6,-65
1755871119.2539446,0,4,-77
1755871119.2919445,-4,4,-63
1755871119.3299446,-3,2,-77
1755871119.3659446,2,5,-76
1755871119.4029446,6,1,-70
1755871119.4419446,5,5,-63
1755871119.4799447,0,-2,-66
1755871119.5159447,1,-4,-72
1755871119.5539446,-1,-2,-74
1755871119.5919447,-4,-5,-70
1755871119.6309447,-1,-4,-76
1755871119.6669445,1,-3,-70
1755871119.7039447,-3,-3,-85
1755871119.7419446,-1,-9,-83
1755871119.7809446,5,-6,-71
1755871119.8169446,4,-4,-67
1755871119.8539443,10,-1,-77
1755871119.8919446,0,-4,-64
1755871119.9309447,0,-2,-68
1755871119.9669447,-1,-4,-86
1755871120.0049446,9,0,-82
1755871120.0419445,8,-5,-79
1755871120.0809443,2,-4,-69
1755871120.1169446,-5,2,-71
1755871120.1539447,0,3,-78
1755871120.1919446,6,4,-67
1755871120.2279446,3,-1,-65
1755871120.2659447,7,0,-77
1755871120.3039446,-4,5,-65
1755871120.3419447,0,-2,-66
1755871120.3779447,3,0,-70
1755871120.4159446,0,-6,-75
1755871120.4539447,2,-4,-64
1755871120.4929447,-4,4,-72
1755871120.5309446,0,2,-77
1755871120.5669446,5,1,-74
1755871120.6039443,0,0,-80
1755871120.6429446,2,0,-77
1755871120.6809447,5,0,-84
1755871120.7169447,0,0,-67
1755871120.7539446,-1,1,-70
1755871120.7919445,-1,1,-70
1755871120.8279445,0,0,-77
1755871120.8659446,0,3,-70
1755871120.904945,-1,0,-62
1755871120.9429443,4,7,-74
1755871120.9809446,2,4,-69
1755871121.0169446,1,1,-67
1755871121.0549445,0,-2,-77
1755871121.0929446,8,-6,-82
1755871121.1309447,0,-2,-87
1755871121.1669445,-7,-1,-79
1755871121.2049446,4,-4,-86
1755871121.2429447,-2,0,-81
1755871121.2819445,4,7,-74
1755871121.3179443,-1,3,-69
1755871121.3549447,7,2,-70
1755871121.3929446,-7,6,-71
1755871121.4289446,-5,0,-78
1755871121.4669447,2,-7,-77
1755871121.5049446,-7,-4,-77
1755871121.542945,-3,-3,-61
1755871121.5819447,1,1,-74
1755871121.6179447,-4,5,-70
1755871121.654945,-1,-3,-67
1755871121.6929443,2,0,-60
1755871121.7299447,0,0,-69
1755871121.7669446,3,-4,-66
1755871121.8049445,-1,2,-61
1755871121.8429446,0,8,-64
1755871121.8789446,0,4,-73
1755871121.9169445,-8,-2,-72
1755871121.9549446,0,-6,-73
1755871121.9929447,-6,-2,-74
1755871122.0319445,0,0,-78
1755871122.0679443,0,3,-79
1755871122.1049447,2,4,-69
1755871122.1429446,4,3,-71
1755871122.1789446,5,0,-65
1755871122.2169447,6,1,-75
1755871122.2539446,7,2,-74
1755871122.2919445,7,-1,-80
1755871122.3279445,5,-3,-81
1755871122.3649447,2,-4,-68
1755871122.4039447,3,1,-77
1755871122.4419446,0,1,-75
1755871122.4779446,-2,-4,-82
1755871122.5159447,0,3,-74
1755871122.5539446,-4,6,-76
1755871122.5919447,2,7,-71
1755871122.6279447,-1,4,-70
1755871122.6649446,0,3,-89
1755871122.7029445,5,4,-91
1755871122.7389443,9,3,-88
1755871122.7779446,2,-1,-75
1755871122.8149445,2,0,-73
1755871122.8539443,1,1,-77
1755871122.8919446,-3,-8,-87
1755871122.927945,1,-7,-78
1755871122.9659443,0,-8,-62
1755871123.0039446,11,-7,-73
1755871123.0419445,4,0,-75
1755871123.0779445,-1,-7,-79
1755871123.1159446,-3,-5,-71
1755871123.1539447,-2,2,-70
1755871123.1929443,-2,6,-85
1755871123.2289443,1,4,-84
1755871123.2659447,1,4,-77
1755871123.3039446,-3,1,-85
1755871123.3399446,3,3,-70
1755871123.3769443,2,3,-72
1755871123.4139447,7,4,-77
1755871123.4499447,-1,-4,-67
1755871123.4879446,-3,0,-61
1755871123.5259447,1,0,-70
1755871123.5639446,-1,1,-74
1755871123.6029446,-5,-2,-79
1755871123.6389446,-11,3,-79
1755871123.6849446,-2,-7,-88
1755871123.7229445,1,0,-81
1755871123.7589445,-1,0,-79
1755871123.7969446,5,-10,-73
1755871123.8349447,7,-10,-67
1755871123.8739443,9,-1,-70
1755871123.9099443,6,0,-68
1755871123.9469447,0,-1,-73
1755871123.9849446,5,-4,-81
1755871124.0239446,1,0,-76
1755871124.0599446,6,1,-59
1755871124.0969446,10,-2,-77
1755871124.134945,-1,-9,-82
1755871124.1739447,-1,-4,-67
1755871124.2099447,1,1,-67
1755871124.246945,0,-3,-74
1755871124.2849443,0,1,-71
1755871124.3229446,2,-6,-74
1755871124.358945,2,-1,-83
1755871124.3969443,0,0,-74
1755871124.4349446,6,5,-78
1755871124.4729445,2,-2,-82
1755871124.5089445,7,-4,-81
1755871124.5469446,3,-6,-69
1755871124.5849447,2,-3,-67
1755871124.6239443,9,0,-74
1755871124.6599443,-1,0,-75
1755871124.6969447,-3,-7,-72
1755871124.7349446,4,-4,-75
1755871124.7739446,0,-5,-70
1755871124.8099446,2,3,-68
1755871124.8469446,0,6,-74
1755871124.884945,0,2,-78
1755871124.9229443,4,1,-79
1755871124.9589446,-2,3,-75
1755871124.996945,-9,9,-69
1755871125.0359447,-5,-1,-76
1755871125.0739446,-4,-5,-71
1755871125.1099446,-4,0,-77
1755871125.1469443,-1,2,-67
1755871125.1859446,5,-5,-78
1755871125.223945,-1,1,-79
1755871125.259945,-1,-6,-70
1755871125.2979443,5,1,-66
1755871125.335945,-2,0,-69
1755871125.3749447,0,2,-65
1755871125.4109447,0,-2,-77
1755871125.4479446,10,-2,-72
1755871125.4859445,-1,-4,-75
1755871125.5249443,6,-2,-84
1755871125.5609446,0,0,-75
1755871125.5979445,-8,0,-82
1755871125.6359446,0,-5,-68
1755871125.6749446,-3,-1,-81
1755871125.710945,3,2,-83
1755871125.7479446,-6,-2,-74
1755871125.7859447,4,-7,-75
1755871125.8249447,-6,-1,-77
1755871125.8609445,-3,-4,-82
1755871125.8989446,-5,-6,-77
1755871125.9369447,-1,-2,-70
1755871125.9759445,-4,3,-62
1755871126.0139446,-9,0,-72
1755871126.0499446,-9,2,-75
1755871126.0879445,-1,0,-72
1755871126.1259446,0,2,-69
1755871126.1639447,-2,0,-80
1755871126.1999447,-4,0,-74
1755871126.236945,8,3,-67
1755871126.2759447,6,-4,-69
1755871126.3139446,3,-6,-79
1755871126.3499446,-1,-1,-78
1755871126.3889446,-4,3,-70
1755871126.4259446,-2,4,-78
1755871126.4649446,-2,0,-75
1755871126.5009446,-5,-5,-70
1755871126.5389447,-5,0,-70
1755871126.5779445,-6,5,-85
1755871126.6159446,0,4,-81
1755871126.6539447,-2,0,-76
1755871126.6899445,-3,-1,-70
1755871126.7279446,-2,1,-78
1755871126.7659447,-2,1,-77
1755871126.8049445,0,-3,-79
1755871126.8409443,1,-1,-72
1755871126.8779447,2,2,-83
1755871126.9159446,0,4,-72
1755871126.9549446,-7,2,-70
1755871126.9909446,3,0,-62
1755871127.0279446,7,0,-78
1755871127.065945,-7,-2,-68
1755871127.1019447,-6,-2,-71
1755871127.1399446,-13,-6,-77
1755871127.177945,0,-10,-77
1755871127.2159443,6,-6,-73
1755871127.2549446,-1,-5,-68
1755871127.2909446,-4,1,-70
1755871127.3279445,0,-2,-63
1755871127.3659446,4,2,-68
1755871127.404945,8,-2,-63
1755871127.440945,7,2,-74
1755871127.4779446,7,-4,-80
1755871127.5159447,9,-1,-82
1755871127.5549445,1,-3,-76
1755871127.5909443,-2,-9,-80
1755871127.6289446,-6,-3,-81
1755871127.6669445,-8,4,-64
1755871127.7059443,-7,0,-77
1755871127.7419446,-3,0,-94
1755871127.7789447,0,-4,-80
1755871127.8169446,1,-1,-72
1755871127.8559446,-4,-1,-74
1755871127.8919446,-4,5,-71
1755871127.9289446,0,3,-71
1755871127.9669447,1,6,-79
1755871128.0049446,1,8,-70
1755871128.0409446,-1,6,-60
1755871128.0789447,-1,1,-76
1755871128.1169446,-5,2,-70
1755871128.1559446,-14,1,-85
1755871128.1919446,-12,1,-71
1755871128.2289443,5,2,-67
1755871128.2669446,3,-8,-82
1755871128.3049445,1,-5,-70
1755871128.3409443,-3,-6,-79
1755871128.3789446,-8,0,-72
1755871128.4169445,-8,0,-62
1755871128.4559443,1,1,-81
1755871128.4919446,0,3,-86
1755871128.5289447,0,0,-83
1755871128.5669446,-1,0,-76
1755871128.6049447,-7,-3,-78
1755871128.6409447,-3,-2,-73
1755871128.6789446,-4,-3,-73
1755871128.7179446,0,0,-77
1755871128.7559447,1,1,-85
1755871128.7919445,-3,4,-81
1755871128.8289447,-4,-4,-81
1755871128.8679447,1,-7,-81
1755871128.9059446,0,-9,-78
1755871128.9419446,-7,-4,-77
1755871128.9799447,0,-5,-67
1755871129.0179446,-5,-8,-78
1755871129.0569446,1,-1,-75
1755871129.0929446,1,-3,-75
1755871129.1309447,6,0,-69
1755871129.167945,9,-1,-81
1755871129.2069447,2,-4,-74
1755871129.2429447,0,-3,-68
1755871129.279945,2,0,-75
1755871129.3179443,0,2,-67
1755871129.3559446,-3,0,-59
1755871129.3919446,1,-8,-64
1755871129.4289446,-1,-2,-61
1755871129.4679446,-2,6,-65
1755871129.5059447,-2,3,-79
1755871129.5419445,-4,-4,-75
1755871129.5799446,-4,-5,-69
1755871129.6179447,-11,-1,-65
1755871129.6569445,-1,-1,-62
1755871129.6929443,-2,0,-60
1755871129.7299447,-12,-1,-57
1755871129.7679446,-1,-2,-73
1755871129.8069446,4,-2,-81
1755871129.8429446,1,2,-86
1755871129.8799446,1,-1,-74
1755871129.917945,1,1,-82
1755871129.9559443,2,-5,-75
1755871129.9919446,2,0,-69
1755871130.029945,0,2,-61
1755871130.0679443,-8,-2,-68
1755871130.1059446,-1,2,-79
1755871130.1419446,-4,0,-79
1755871130.1799445,-2,-6,-67
1755871130.2179446,-3,4,-74
1755871130.256945,3,0,-71
1755871130.292945,-1,7,-74
1755871130.3299446,-1,-2,-71
1755871130.3679447,-5,0,-80
1755871130.4069445,4,-2,-66
1755871130.4429443,2,1,-63
1755871130.4799447,0,-3,-73
1755871130.5179446,0,4,-82
1755871130.5539446,0,-3,-79
1755871130.5909443,0,-2,-78
1755871130.6299446,1,-6,-81
1755871130.667945,2,-1,-77
1755871130.7039447,1,-8,-73
1755871130.7409446,4,-5,-75
1755871130.779945,-2,-6,-81
1755871130.8179443,-3,-2,-76
1755871130.8539443,-4,0,-80
1755871130.8909447,-5,-6,-65
1755871130.9299445,0,-1,-75
1755871130.9679446,0,-5,-89
1755871131.0039446,3,-6,-88
1755871131.042945,4,-3,-77
1755871131.0799446,1,-3,-78
1755871131.1179447,2,-3,-78
1755871131.1569445,-1,-3,-79
1755871131.1929443,-6,0,-83
1755871131.2299447,0,2,-74
1755871131.2679446,-6,0,-87
1755871131.3039446,0,5,-80
1755871131.3409443,-4,-3,-83
1755871131.3799446,1,-2,-86
1755871131.417945,0,3,-67
1755871131.4539447,1,0,-68
1755871131.4909446,1,-9,-64
1755871131.5289447,0,-12,-67
1755871131.5679443,0,-4,-69
1755871131.6039443,-1,-3,-65
1755871131.6419446,0,0,-79
1755871131.6799445,6,-9,-73
1755871131.7189443,1,4,-55
1755871131.756945,-2,-2,-67
1755871131.792945,9,-1,-61
1755871131.8299446,8,-3,-70
1755871131.8689446,2,-5,-70
1755871131.9069445,2,2,-63
1755871131.9429443,-2,0,-62
1755871131.9799447,8,2,-71
1755871132.0179446,-9,5,-73
1755871132.0539446,1,13,-75
1755871132.0909443,1,3,-80
1755871132.1289446,-2,2,-74
1755871132.1669445,-1,-4,-70
1755871132.2029445,-5,-1,-74
1755871132.2409446,1,-2,-75
1755871132.2789447,-1,-3,-77
1755871132.3179443,4,0,-67
1755871132.3539443,0,-1,-67
1755871132.3909447,0,1,-68
1755871132.4289446,3,6,-75
1755871132.4649446,3,-1,-70
1755871132.5019443,3,0,-68
1755871132.5389447,0,1,-77
1755871132.5779445,0,0,-85
1755871132.6139443,-1,3,-70
1755871132.6509447,3,0,-73
1755871132.6889446,0,0,-75
1755871132.7249446,-10,0,-79
1755871132.7629447,-10,6,-75
1755871132.8009446,-2,1,-72
1755871132.838945,-9,1,-63
1755871132.8779447,-1,-5,-73
1755871132.9139447,2,-5,-76
1755871132.9519446,-2,-3,-81
1755871132.9899447,0,3,-82
1755871133.0289447,1,1,-83
1755871133.0649445,-3,2,-66
1755871133.1019447,-9,-3,-75
1755871133.1399446,4,0,-74
1755871133.1789446,-3,-6,-72
1755871133.2149446,-7,-5,-76
1755871133.2539446,0,-1,-75
1755871133.2909446,0,0,-73
1755871133.3299446,-2,0,-80
1755871133.3679447,4,5,-86
1755871133.4039447,0,10,-89
1755871133.440945,-1,4,-78
1755871133.4799447,-2,4,-82
1755871133.5179446,-1,1,-64
1755871133.5539446,3,-3,-67
1755871133.5919447,0,-4,-74
1755871133.6299446,3,0,-83
1755871133.667945,4,2,-75
1755871133.7119446,7,1,-74
1755871133.7499447,-8,-1,-80
1755871133.7889447,0,-1,-75
1755871133.8249447,4,-4,-81
1755871133.861945,0,0,-74
1755871133.8999443,-12,3,-73
1755871133.937945,0,8,-82
1755871133.973945,0,6,-81
1755871134.0119443,0,-1,-75
1755871134.0499446,-5,5,-72
1755871134.088945,2,8,-68
1755871134.1249447,-5,5,-74
1755871134.1619446,-5,8,-68
1755871134.1999447,-7,5,-78
1755871134.2389443,0,4,-81
1755871134.2749443,-2,1,-82
1755871134.312945,-2,0,-87
1755871134.3509445,1,1,-82
1755871134.3889446,-3,2,-66
1755871134.4249446,1,-5,-73
1755871134.4619446,4,6,-82
1755871134.4999447,-3,0,-77
1755871134.5359447,3,-3,-76
1755871134.5729446,0,-1,-75
1755871134.6109445,-8,-5,-77
1755871134.6499443,-1,-3,-80
1755871134.6889446,1,-2,-81
1755871134.7249446,-2,-1,-75
1755871134.7629447,-7,1,-66
1755871134.8009446,-3,-2,-65
1755871134.8399446,1,-2,-71
1755871134.8759446,2,-8,-71
1755871134.9129446,-1,3,-70
1755871134.950945,-1,-1,-67
1755871134.9899447,4,0,-64
1755871135.0259447,5,0,-70
1755871135.062945,1,0,-68
1755871135.1009445,-10,5,-75
1755871135.1399446,0,0,-70
1755871135.1759446,-1,-6,-79
1755871135.213945,-3,-2,-78
1755871135.2519443,-1,6,-82
1755871135.2909446,-1,-3,-84
1755871135.3289447,-2,1,-74
1755871135.3649447,-1,0,-84
1755871135.4029446,0,-9,-77
1755871135.440945,-1,1,-76
1755871135.4799447,-1,3,-80
1755871135.5159447,2,0,-81
1755871135.552945,-3,-8,-85
1755871135.5909443,-1,4,-65
1755871135.6299446,-4,1,-73
1755871135.6659446,1,1,-69
1755871135.7029445,0,3,-68
1755871135.7409446,1,0,-70
1755871135.7769446,2,3,-67
1755871135.8139446,4,-5,-73
1755871135.8519447,5,-2,-74
1755871135.8909447,-3,3,-85
1755871135.9269447,-5,8,-89
1755871135.963945,0,3,-76
1755871136.0009446,3,4,-80
1755871136.0399446,0,1,-79
1755871136.075945,10,4,-88
1755871136.1129446,7,7,-76
1755871136.1509447,3,0,-71
1755871136.1899445,-3,1,-76
1755871136.2269447,0,2,-74
1755871136.2639446,-3,-4,-74
1755871136.3019447,0,-1,-77
1755871136.3409443,0,-5,-84
1755871136.3769443,-2,-6,-79
1755871136.4149446,-1,3,-77
1755871136.4529445,4,0,-69
1755871136.4909446,-2,-6,-75
1755871136.5269446,4,-2,-73
1755871136.5639446,-7,-3,-62
1755871136.6019447,-5,-1,-75
1755871136.6409447,1,-1,-67
1755871136.6769447,-3,2,-73
1755871136.7149446,1,-3,-84
1755871136.7519443,10,-4,-72
1755871136.7909446,-1,-7,-80
1755871136.8269446,-2,-2,-76
1755871136.8649447,2,0,-82
1755871136.9029446,4,-3,-84
1755871136.9419446,-5,1,-76
1755871136.9799447,-5,4,-74
1755871137.0159447,4,0,-67
1755871137.052945,2,-3,-71
1755871137.0919447,2,-4,-77
1755871137.1299446,-1,0,-87
1755871137.1659446,0,0,-86
1755871137.2029445,0,0,-80
1755871137.2409446,-3,-11,-84
1755871137.2769446,-2,-9,-90
1755871137.3149445,0,0,-77
1755871137.3519447,7,-4,-77
1755871137.3909447,1,2,-69
1755871137.4269447,1,8,-71
1755871137.463945,4,6,-79
1755871137.5019443,4,0,-79
1755871137.5379446,-1,3,-83
1755871137.5749447,0,-3,-78
1755871137.6129446,7,0,-88
1755871137.6509447,0,2,-80
1755871137.6869447,7,2,-84
1755871137.723945,0,0,-72
1755871137.7619443,-2,3,-71
1755871137.7979443,-5,4,-82
1755871137.8349447,-3,1,-80
1755871137.8729446,-5,-2,-70
1755871137.9119446,-7,-4,-72
1755871137.9479446,-4,0,-73
1755871137.9859445,-6,-3,-73
1755871138.0239446,-10,-1,-76
1755871138.0619447,-4,-5,-66
1755871138.1009445,0,0,-80
1755871138.1369443,-1,-2,-70
1755871138.1749446,1,3,-75
1755871138.2129445,-3,-3,-85
1755871138.2519443,4,0,-83
1755871138.2879446,2,-2,-74
1755871138.3249447,0,0,-72
1755871138.3629446,0,9,-76
1755871138.4009447,-3,0,-69
1755871138.4369447,-3,1,-76
1755871138.4749446,-2,7,-81
1755871138.5129447,1,3,-86
1755871138.5519447,3,2,-76
1755871138.5879445,0,-6,-83
1755871138.6249447,-1,-4,-83
1755871138.6639447,4,-1,-85
1755871138.7019446,4,-2,-78
1755871138.7379446,7,0,-75
1755871138.7749443,0,-8,-71
1755871138.8139446,-2,-4,-69
1755871138.8519447,-1,-1,-79
1755871138.8879447,4,5,-75
1755871138.9249446,-3,-2,-72
1755871138.963945,-2,1,-83
1755871139.0019443,5,0,-68
1755871139.0379446,-2,0,-76
1755871139.075945,-3,0,-64
1755871139.1139443,1,-5,-70
1755871139.1529446,0,-3,-74
1755871139.190945,7,-2,-69
1755871139.2269447,3,-3,-79
1755871139.2639446,1,-2,-79
1755871139.302945,0,-4,-76
1755871139.338945,7,0,-73
1755871139.3759446,-8,-1,-71
1755871139.4139447,-2,-4,-70
1755871139.4529445,0,1,-74
1755871139.4889443,6,0,-73
1755871139.5259447,3,10,-77
1755871139.5639446,-5,3,-72
1755871139.6019447,0,-7,-70
1755871139.6379447,-6,-4,-71
1755871139.6759446,3,3,-72
1755871139.7129445,-3,3,-78
1755871139.7519443,0,7,-77
1755871139.7879446,-3,2,-76
1755871139.825945,0,0,-71
1755871139.8629446,4,-5,-81
1755871139.9019446,1,0,-80
1755871139.9389446,0,3,-74
1755871139.9759445,-1,0,-65
1755871140.0139446,0,0,-70
1755871140.052945,0,-4,-64
1755871140.088945,0,-4,-76
1755871140.1269443,1,-10,-81
1755871140.1649446,3,-11,-80
1755871140.2039447,3,-1,-83
1755871140.2419446,-1,-4,-81
1755871140.2779446,11,-7,-85
1755871140.3149445,7,0,-76
1755871140.3539443,-4,-4,-70
1755871140.3919446,-6,0,-72
1755871140.427945,-3,-4,-78
1755871140.4659443,-3,2,-81
1755871140.5049446,-8,-1,-76
1755871140.542945,-1,-5,-79
1755871140.5799446,-3,-6,-72
1755871140.6169446,0,0,-77
1755871140.654945,3,8,-73
1755871140.6939447,0,-5,-64
1755871140.7319446,2,-4,-67
1755871140.7679446,3,-1,-70
1755871140.8049445,3,0,-79
1755871140.8429446,0,4,-69
1755871140.8789446,-2,1,-73
1755871140.9159446,0,-2,-76
1755871140.9549446,-3,-3,-73
1755871140.9929447,6,0,-73
1755871141.0289447,0,-1,-80
1755871141.065945,0,0,-84
1755871141.1039443,2,0,-74
1755871141.1419446,0,0,-71
1755871141.177945,1,3,-70
1755871141.2149446,9,3,-80
1755871141.2539446,7,-3,-75
1755871141.2899446,1,-2,-78
1755871141.3279445,0,-3,-85
1755871141.3659446,0,-5,-76
1755871141.4039447,1,-8,-80
1755871141.4429443,-2,-3,-92
1755871141.4789443,-3,-5,-77
1755871141.5169446,-1,-3,-87
1755871141.5549445,0,-7,-79
1755871141.5939443,2,0,-77
1755871141.6299446,1,-1,-77
1755871141.6669445,1,3,-76
1755871141.7039447,0,1,-70
1755871141.7429447,-3,7,-86
1755871141.7789447,-1,2,-77
1755871141.815945,0,-3,-73
1755871141.8539443,0,0,-86
1755871141.8929446,1,-4,-80
1755871141.9289446,-2,3,-69
1755871141.9659443,3,7,-64
1755871142.0039446,3,0,-72
1755871142.0399446,-1,2,-77
1755871142.0769446,-2,2,-73
1755871142.1149447,-5,-2,-77
1755871142.1539447,1,0,-72
1755871142.1899445,4,-3,-66
1755871142.2269447,4,-5,-72
1755871142.2659447,3,-2,-80
1755871142.3039446,-3,9,-80
1755871142.3399446,-2,7,-80
1755871142.3769443,-11,4,-93
1755871142.4149446,-3,6,-75
1755871142.4539447,-9,2,-78
1755871142.4899447,-2,0,-74
1755871142.5269446,4,-2,-80
1755871142.5649445,-6,-4,-80
1755871142.6039443,-3,0,-79
1755871142.6399446,-2,-1,-82
1755871142.677945,0,-6,-76
1755871142.7159443,2,-7,-78
1755871142.7549446,-1,0,-74
1755871142.792945,-4,1,-77
1755871142.8289447,-3,6,-62
1755871142.8659446,-3,12,-69
1755871142.904945,2,8,-68
1755871142.940945,0,0,-70
1755871142.9779446,1,-3,-79
1755871143.0159447,-1,3,-80
1755871143.0549445,0,1,-77
1755871143.0909443,-4,2,-69
1755871143.1279447,-4,-2,-78
1755871143.1659446,4,0,-82
1755871143.2039447,-6,-6,-71
1755871143.2399447,-3,3,-78
1755871143.2769446,1,-1,-74
1755871143.3149445,-3,0,-74
1755871143.3539443,6,1,-77
1755871143.3899446,-4,0,-78
1755871143.427945,-1,-1,-71
1755871143.4659443,1,4,-76
1755871143.5039446,0,-1,-70
1755871143.5399446,0,1,-75
1755871143.5779445,2,0,-72
1755871143.6149447,-4,0,-72
1755871143.6539447,-1,0,-65
1755871143.6899445,9,-1,-74
1755871143.7359445,8,-2,-78
1755871143.7739446,2,-3,-75
1755871143.8109446,-11,-7,-76
1755871143.8479445,-2,-4,-72
1755871143.8859446,0,-5,-70
1755871143.9249446,-3,3,-58
1755871143.960945,0,4,-59
1755871143.9979446,6,0,-81
1755871144.0359447,7,0,-75
1755871144.0739446,11,-3,-71
1755871144.1109445,3,-2,-73
1755871144.1479447,2,-1,-83
1755871144.1859446,-2,-1,-72
1755871144.2249446,0,2,-87
1755871144.2609446,-7,4,-81
1755871144.2989447,0,6,-91
1755871144.335945,1,4,-79
1755871144.3739443,4,-2,-73
1755871144.4109447,2,0,-77
1755871144.4479446,-4,0,-88
1755871144.4859445,-2,0,-77
1755871144.5249443,-5,-4,-74
1755871144.5609446,-3,-9,-75
1755871144.598945,-1,-4,-70
1755871144.6369443,-1,5,-64
1755871144.6759446,7,4,-75
1755871144.713945,6,4,-71
1755871144.7499447,11,2,-67
1755871144.7879446,1,-6,-71
1755871144.8269446,-1,0,-74
1755871144.8649447,6,4,-69
1755871144.9009447,3,0,-63
1755871144.937945,6,3,-61
1755871144.9759445,3,2,-83
1755871145.0119443,0,1,-84
1755871145.0489447,3,0,-74
1755871145.085945,-4,-2,-78
1755871145.1249447,0,2,-73
1755871145.1609447,3,4,-66
1755871145.1979446,4,-5,-53
1755871145.2359445,6,-4,-68
1755871145.2749443,-1,-3,-67
1755871145.3109446,7,-5,-76
1755871145.348945,6,0,-74
1755871145.3859446,8,0,-75
1755871145.4219446,4,3,-77
1755871145.4589446,1,-1,-74
1755871145.496945,-3,-7,-67
1755871145.5359447,3,-1,-73
1755871145.5719447,4,1,-76
1755871145.608945,-3,2,-76
1755871145.6469443,-6,3,-70
1755871145.6859446,-4,1,-71
1755871145.7219446,-1,-2,-75
1755871145.759945,-5,2,-70
1755871145.7979443,0,-5,-78
1755871145.8369446,1,-3,-75
1755871145.8749447,-1,-2,-74
1755871145.9109447,-1,0,-83
1755871145.9479446,5,0,-91
1755871145.986945,5,-1,-83
1755871146.0249443,11,-4,-76
1755871146.0609446,9,1,-78
1755871146.0979445,0,2,-77
1755871146.1359446,0,6,-85
1755871146.1719446,1,0,-85
1755871146.2089446,0,6,-81
1755871146.246945,3,-3,-83
1755871146.2859447,1,-4,-76
1755871146.3219447,4,-2,-72
1755871146.3599446,2,1,-57
1755871146.3969443,4,1,-61
1755871146.4349446,-1,0,-76
1755871146.4709446,-1,-3,-78
1755871146.509945,3,0,-72
1755871146.5469446,-1,0,-68
1755871146.585945,4,5,-71
1755871146.621945,-1,1,-81
1755871146.6589446,1,0,-74
1755871146.6969447,0,0,-67
1755871146.7329447,2,0,-69
1755871146.769945,2,-3,-73
1755871146.8079443,-5,0,-66
1755871146.8469446,0,-4,-78
1755871146.8829446,0,3,-72
1755871146.9199443,3,-5,-63
1755871146.9579446,8,-5,-65
1755871146.996945,2,2,-69
1755871147.032945,2,-1,-81
1755871147.0709443,2,-6,-74
1755871147.108945,3,-7,-79
1755871147.1469443,-1,-4,-72
1755871147.1859446,2,-6,-78
1755871147.2219446,4,-2,-76
1755871147.2589445,6,2,-73
1755871147.2979443,-3,-3,-84
1755871147.335945,-3,5,-87
1755871147.371945,-1,-1,-86
1755871147.4099443,-1,1,-80
1755871147.4479446,0,0,-70
1755871147.486945,-4,1,-74
1755871147.5229447,0,-11,-77
1755871147.5609446,3,-2,-70
1755871147.598945,-2,0,-84
1755871147.6379447,-9,0,-81
1755871147.6759446,-2,3,-71
1755871147.7119446,-4,3,-77
1755871147.7499447,-3,9,-86
1755871147.7879446,0,9,-75
1755871147.825945,-5,4,-60
1755871147.861945,0,-1,-78
1755871147.8989446,0,-1,-80
1755871147.937945,2,0,-68
1755871147.9759445,-6,4,-77
1755871148.0119443,-7,-2,-80
1755871148.0499446,-1,3,-82
1755871148.0879445,1,0,-73
1755871148.1259446,-5,0,-71
1755871148.1619446,4,4,-80
1755871148.1989446,-3,4,-88
1755871148.2379446,3,3,-78
1755871148.2759447,-2,0,-72
1755871148.3119447,2,-9,-63
1755871148.348945,-1,-5,-70
1755871148.3879447,-2,-1,-67
1755871148.4239447,-6,-3,-68
1755871148.4619446,-5,2,-81
1755871148.5009446,0,3,-71
1755871148.5379446,4,2,-83
1755871148.5739446,-1,-5,-69
1755871148.611945,-3,-3,-74
1755871148.6509447,4,0,-65
1755871148.687945,4,-4,-84
1755871148.7269447,0,-1,-77
1755871148.7629447,-3,1,-73
1755871148.8009446,-1,0,-70
1755871148.8379445,1,0,-79
1755871148.8739443,-1,3,-71
1755871148.9109447,-13,1,-75
1755871148.9489446,-1,1,-76
1755871148.9879446,-2,5,-72
1755871149.0239446,-1,-2,-66
1755871149.0619447,3,-2,-73
1755871149.0999446,3,0,-76
1755871149.1389446,0,0,-75
1755871149.1769447,4,-4,-67
1755871149.2129445,0,-1,-63
1755871149.2499447,-5,3,-75
1755871149.2889447,0,-10,-68
1755871149.3269446,-5,-15,-84
1755871149.3629446,-3,-7,-88
1755871149.4009447,9,1,-77
1755871149.4389446,-2,6,-86
1755871149.4769447,-1,3,-69
1755871149.5129447,0,0,-69
1755871149.5499446,-5,0,-80
1755871149.588945,3,0,-77
1755871149.6269443,4,1,-76
1755871149.6629446,2,-3,-71
1755871149.6999447,2,4,-72
1755871149.7379446,-12,0,-71
1755871149.7739446,-6,-5,-59
1755871149.8119447,-6,-2,-56
1755871149.8499446,-3,6,-70
1755871149.8889446,8,2,-72
1755871149.9269447,1,1,-74
1755871149.9629445,6,0,-73
1755871149.9999447,0,0,-75
1755871150.0379446,-2,-10,-71
1755871150.0739446,-5,-6,-64
1755871150.111945,-1,4,-67
1755871150.1509447,2,0,-70
1755871150.1889446,-4,0,-54
1755871150.2249446,-7,-1,-61
1755871150.2629447,-1,-2,-69
1755871150.3009446,1,0,-72
1755871150.338945,3,2,-82
1755871150.3749447,-1,-2,-69
1755871150.4129446,2,-6,-81
1755871150.450945,0,4,-73
1755871150.4889443,-6,6,-78
1755871150.5279446,2,-2,-78
1755871150.5639446,3,-2,-82
1755871150.6019447,4,-3,-93
1755871150.6399446,3,2,-82
1755871150.6789446,3,8,-76
1755871150.7149446,-1,8,-69
1755871150.7519443,-2,0,-67
1755871150.7909446,0,3,-66
1755871150.8289447,0,1,-74
1755871150.8649447,2,-1,-81
1755871150.9029446,-3,-1,-79
1755871150.940945,6,2,-75
1755871150.9789443,0,3,-78
1755871151.0149446,11,1,-77
1755871151.0519447,0,-1,-75
1755871151.0909443,-1,-1,-69
1755871151.1289446,3,0,-70
1755871151.1649446,7,0,-70
1755871151.2019446,6,-2,-65
1755871151.2409446,0,0,-74
1755871151.2789447,1,-1,-85
1755871151.3149445,5,-6,-75
1755871151.3529446,-4,-7,-76
1755871151.3909447,0,-4,-73
1755871151.4289446,0,-3,-70
1755871151.4659443,-1,-1,-74
1755871151.5029447,-4,0,-77
1755871151.5409446,-12,0,-74
1755871151.5799446,0,3,-63
1755871151.6179447,4,-3,-73
1755871151.6539447,5,-4,-83
1755871151.690945,5,-4,-66
1755871151.7299447,0,-5,-68
1755871151.7679446,-1,-2,-55
1755871151.8039446,-8,-1,-69
1755871151.8419447,1,-2,-77
1755871151.8799446,0,-3,-77
1755871151.9189446,-4,0,-78
1755871151.9549446,-2,-6,-73
1755871151.9939446,0,0,-85
1755871152.0309446,0,-4,-78
1755871152.0699446,-7,-3,-73
1755871152.1059446,0,-7,-83
1755871152.1439445,-3,1,-81
1755871152.1819446,4,-6,-85
1755871152.2199447,-2,-3,-74
1755871152.2589445,-1,2,-75
1755871152.2949443,2,1,-68
1755871152.3319447,-1,-6,-69
1755871152.3699446,0,-6,-64
1755871152.4089446,3,-6,-79
1755871152.4449446,4,-2,-73
1755871152.4819446,0,8,-78
1755871152.519945,0,2,-66
1755871152.5569446,3,-3,-66
1755871152.5939443,-4,0,-74
1755871152.631945,-7,-5,-76
1755871152.6709447,-3,2,-73
1755871152.7089446,0,1,-79
1755871152.7449446,-3,6,-78
1755871152.7819445,-6,1,-66
1755871152.8209443,-1,-3,-74
1755871152.858945,4,0,-63
1755871152.894945,3,-3,-56
1755871152.9319446,0,-5,-78
1755871152.9709446,6,0,-79
1755871153.0089445,6,3,-66
1755871153.0449443,0,-5,-59
1755871153.0819447,-1,2,-66
1755871153.1209445,2,-2,-66
1755871153.1589446,2,-2,-67
1755871153.1949446,0,-1,-58
1755871153.2319446,4,5,-72
1755871153.2709446,6,7,-78
1755871153.3089447,-2,-1,-66
1755871153.3449447,-2,-5,-76
1755871153.3829446,-1,-1,-67
1755871153.4209447,-6,0,-74
1755871153.4589446,-2,5,-85
1755871153.4949446,0,2,-79
1755871153.5319445,-2,-2,-70
1755871153.5709443,1,10,-69
1755871153.608945,8,6,-73
1755871153.644945,0,5,-69
1755871153.6819446,-6,1,-77
1755871153.7209446,0,-3,-78
1755871153.7649446,-3,3,-75
1755871153.802945,-6,-3,-77
1755871153.8409443,-4,0,-76
1755871153.8799446,-1,0,-72
1755871153.9159446,0,-2,-73
1755871153.9539447,-2,-2,-58
1755871153.9919446,-7,-3,-66
1755871154.0309446,-3,-4,-76
1755871154.0669446,1,-3,-74
1755871154.1039443,0,9,-77
1755871154.1419446,7,2,-76
1755871154.1799445,1,4,-73
1755871154.2159443,-5,4,-70
1755871154.2539446,-1,2,-74
1755871154.2919445,2,-3,-72
1755871154.3309443,-5,-1,-79
1755871154.3669446,-5,1,-78
1755871154.404945,-5,6,-81
1755871154.4429443,0,3,-85
1755871154.4819446,4,1,-77
1755871154.519945,9,0,-81
1755871154.5559447,3,0,-81
1755871154.5929446,-1,-3,-86
1755871154.631945,2,-4,-76
1755871154.6699443,1,-4,-77
1755871154.7059443,-2,0,-81
1755871154.7429447,-11,0,-76
1755871154.7819445,-1,0,-76
1755871154.8199446,3,3,-77
1755871154.8559446,0,-4,-88
1755871154.8929446,-4,-1,-74
1755871154.9319446,-4,-2,-77
1755871154.9699447,-4,-7,-77
1755871155.0059447,-2,-5,-81
1755871155.0439446,-6,0,-87
1755871155.0819447,0,-2,-85
1755871155.1209445,-4,-5,-69
1755871155.1569445,3,-1,-71
1755871155.1939447,0,-1,-74
1755871155.2319446,0,-5,-80
1755871155.2709446,7,-2,-82
1755871155.3069446,4,-1,-81
1755871155.3439443,8,-1,-82
1755871155.381945,3,-1,-71
1755871155.4209447,-10,-5,-66
1755871155.4569447,-6,-6,-67
1755871155.4949446,-2,-2,-86
1755871155.532945,8,2,-63
1755871155.5719447,4,1,-63
1755871155.6079447,8,-3,-71
1755871155.644945,-1,-1,-71
1755871155.6839447,4,0,-77
1755871155.7219446,-2,3,-77
1755871155.7579446,-1,1,-71
1755871155.7949443,4,-1,-64
1755871155.8329446,-1,2,-74
1755871155.871945,-6,-3,-79
1755871155.907945,-2,-7,-89
1755871155.9469447,1,-2,-83
1755871155.983945,-3,2,-71
1755871156.0219443,4,0,-76
1755871156.0579443,6,-3,-75
1755871156.0949447,10,-9,-76
1755871156.1329446,4,-5,-67
1755871156.1719446,7,-7,-81
1755871156.2079446,0,-4,-77
1755871156.2449446,3,0,-61
1755871156.282945,3,-8,-76
1755871156.3209443,8,-3,-79
1755871156.3569446,0,-4,-78
1755871156.3939445,-1,0,-78
1755871156.4329443,4,0,-75
1755871156.4709446,5,1,-75
1755871156.506945,-1,2,-75
1755871156.5439446,2,4,-80
1755871156.5829446,0,-3,-75
1755871156.6209445,2,2,-75
1755871156.6569445,-3,0,-77
1755871156.6949446,-4,-1,-73
1755871156.7329447,-6,0,-75
1755871156.7709446,3,3,-67
1755871156.8069446,6,0,-86
1755871156.8439443,1,0,-74
1755871156.8829446,1,-6,-76
1755871156.9209447,0,-1,-76
1755871156.9569447,-2,1,-67
1755871156.9959445,0,5,-75
1755871157.032945,-6,5,-76
1755871157.0719447,0,3,-73
1755871157.1079447,2,4,-69
1755871157.144945,-13,-1,-69
1755871157.1829443,-17,-1,-67
1755871157.2219446,-8,-1,-64
1755871157.2579446,-8,-5,-66
1755871157.2959447,-5,2,-70
1755871157.3339446,-3,0,-70
1755871157.3729446,-4,-4,-80
1755871157.4089446,3,0,-80
1755871157.4459443,9,5,-71
1755871157.4829447,6,-2,-72
1755871157.5219443,1,-3,-85
1755871157.5579443,5,-4,-74
1755871157.5959446,-4,-3,-63
1755871157.6329446,-5,2,-63
1755871157.6719446,0,-4,-78
1755871157.7079446,-7,-6,-77
1755871157.7459445,-3,-2,-74
1755871157.7839446,0,3,-76
1755871157.8219447,-2,-2,-69
1755871157.8579447,2,-3,-68
1755871157.894945,0,4,-66
1755871157.9329443,7,-3,-73
1755871157.9719446,1,-8,-79
1755871158.0079446,0,6,-77
1755871158.0449443,2,-2,-63
1755871158.0839446,-2,0,-67
1755871158.121945,-5,-5,-64
1755871158.157945,0,0,-68
1755871158.1949446,-1,-2,-75
1755871158.233945,3,-4,-81
1755871158.2719443,0,-1,-84
1755871158.3079443,3,-1,-70
1755871158.3449447,9,-6,-66
1755871158.3839445,5,-5,-82
1755871158.4219446,6,-4,-81
1755871158.4579446,1,-1,-83
1755871158.4949446,3,-6,-67
1755871158.5339446,3,-2,-68
1755871158.5719447,-6,-7,-82
1755871158.6079447,0,3,-79
1755871158.644945,-3,0,-81
1755871158.6839447,-6,2,-74
1755871158.7219446,0,-2,-70
1755871158.7579446,0,-3,-70
1755871158.7949443,-5,-3,-88
1755871158.8339446,3,-6,-74
1755871158.871945,-7,-5,-93
1755871158.907945,2,-4,-85
1755871158.9449446,0,-2,-73
1755871158.983945,-1,0,-67
1755871159.0219443,0,1,-85
1755871159.0589447,3,3,-86
1755871159.0969446,0,2,-80
1755871159.1359446,2,-2,-73
1755871159.1739447,2,1,-74
1755871159.2099447,0,-3,-71
1755871159.246945,5,5,-76
1755871159.2839446,-2,5,-69
1755871159.3229446,3,-5,-69
1755871159.358945,-8,0,-73
1755871159.3969443,-3,-5,-80
1755871159.4359446,-7,-3,-87
1755871159.473945,2,0,-76
1755871159.509945,7,-1,-79
1755871159.5469446,-3,-9,-76
1755871159.585945,3,-1,-85
1755871159.6239443,4,-5,-80
1755871159.6599443,2,-2,-81
1755871159.6969447,6,-3,-79
1755871159.7349446,8,4,-80
1755871159.7739446,2,3,-65
1755871159.8099446,-4,-5,-74
1755871159.8479445,3,0,-64
1755871159.8859446,-11,0,-73
1755871159.9239447,-1,-1,-66
1755871159.9599447,5,-1,-60
1755871159.996945,0,-5,-76
1755871160.0359447,0,8,-79
1755871160.0739446,11,-1,-77
1755871160.1099446,2,0,-80
1755871160.1479447,0,-5,-84
1755871160.1859446,-8,0,-65
1755871160.223945,-3,0,-66
1755871160.259945,-2,0,-63
1755871160.2979443,0,-3,-62
1755871160.335945,0,4,-66
1755871160.3739443,6,5,-75
1755871160.4099443,7,1,-71
1755871160.4479446,6,-7,-80
1755871160.4849446,-1,4,-83
1755871160.5239446,-1,-1,-86
1755871160.5599446,-6,0,-79
1755871160.5979445,-1,1,-77
1755871160.6359446,-3,0,-75
1755871160.6749446,4,-1,-78
1755871160.7129445,2,4,-77
1755871160.7489443,-5,1,-77
1755871160.7859447,-2,-3,-75
1755871160.8249447,1,0,-58
1755871160.8609445,-2,-5,-79
1755871160.8989446,-5,0,-81
1755871160.9369447,0,4,-65
1755871160.9759445,4,0,-71
1755871161.0139446,-3,-1,-66
1755871161.0499446,1,-1,-66
1755871161.0869446,-7,-8,-75
1755871161.1259446,0,0,-66
1755871161.1639447,3,0,-77
1755871161.1999447,1,-1,-73
1755871161.2379446,-3,0,-74
1755871161.2759447,4,1,-81
1755871161.3139446,7,-4,-75
1755871161.3499446,4,-6,-71
1755871161.3869443,7,1,-75
1755871161.4249446,4,-1,-77
1755871161.460945,0,0,-87
1755871161.4979446,11,-3,-73
1755871161.5359447,14,0,-74
1755871161.5739446,17,3,-85
1755871161.6099446,10,5,-80
1755871161.6469443,9,0,-73
1755871161.6859446,2,3,-78
1755871161.723945,3,0,-73
1755871161.759945,-1,-2,-71
1755871161.7979443,1,5,-74
1755871161.835945,-3,2,-72
1755871161.8739443,0,0,-69
1755871161.9099443,-7,4,-73
1755871161.9469447,-5,1,-62
1755871161.9859445,0,-3,-61
1755871162.0239446,-10,2,-74
1755871162.0599446,-9,-1,-77
1755871162.0979445,-4,4,-81
1755871162.1359446,5,-10,-81
1755871162.1749446,-3,-5,-72
1755871162.210945,-6,-5,-75
1755871162.2489443,0,-5,-74
1755871162.2869446,4,-2,-78
1755871162.325945,1,3,-76
1755871162.3639443,2,-2,-67
1755871162.3999443,-4,-3,-77
1755871162.437945,-4,-2,-64
1755871162.4759445,-3,-4,-61
1755871162.5149446,-2,0,-67
1755871162.5509446,6,-7,-77
1755871162.5879445,-4,-6,-79
1755871162.6259446,-4,-8,-78
1755871162.6649446,-6,-2,-78
1755871162.700945,2,3,-80
1755871162.7379446,-1,0,-71
1755871162.7759447,4,-6,-67
1755871162.8149445,5,-4,-65
1755871162.8509445,0,-1,-68
1755871162.8879447,0,3,-77
1755871162.9259446,5,4,-77
1755871162.9619446,0,-1,-87
1755871162.9989443,7,-4,-77
1755871163.0369446,3,3,-79
1755871163.075945,8,0,-77
1755871163.111945,5,-2,-75
1755871163.1489446,5,0,-65
1755871163.1859446,4,-4,-74
1755871163.2249446,0,0,-70
1755871163.2619443,-1,-5,-70
1755871163.2989447,0,2,-78
1755871163.335945,7,-1,-73
1755871163.3749447,3,-9,-81
1755871163.4109447,0,-3,-82
1755871163.4489446,7,0,-83
1755871163.486945,-3,-8,-77
1755871163.5249443,-2,-11,-78
1755871163.5619447,5,-4,-72
1755871163.598945,-1,1,-74
1755871163.6369443,-11,0,-76
1755871163.6759446,-3,0,-74
1755871163.7119446,-1,1,-79
1755871163.7489443,1,-2,-78
1755871163.7949443,4,0,-71
1755871163.8309443,0,-2,-69
1755871163.8689446,-8,-1,-65
1755871163.9069445,-4,-3,-70
1755871163.9459443,-2,0,-68
1755871163.9819446,1,-1,-62
1755871164.0189445,-9,0,-74
1755871164.0569446,-6,-6,-73
1755871164.0959446,-2,-3,-65
1755871164.131945,2,-4,-74
1755871164.1689446,8,0,-77
1755871164.2069447,4,-4,-67
1755871164.2449446,2,-2,-71
1755871164.2809446,0,-3,-72
1755871164.3189447,3,0,-71
1755871164.3569446,5,-2,-71
1755871164.3959446,2,-4,-70
1755871164.4319446,4,-3,-68
1755871164.4689443,8,3,-85
1755871164.506945,-2,-1,-88
1755871164.5459447,-4,1,-79
1755871164.5819447,-3,5,-72
1755871164.6189446,-3,4,-69
1755871164.6569445,0,0,-72
1755871164.6929443,-2,0,-70
1755871164.7309446,1,2,-77
1755871164.7679446,1,-1,-78
1755871164.8069446,0,4,-55
1755871164.8429446,-4,11,-57
1755871164.8809447,4,2,-66
1755871164.9189446,6,0,-71
1755871164.9569447,6,0,-83
1755871164.9929447,-1,-3,-82
1755871165.0309446,-4,-2,-79
1755871165.0689447,2,0,-62
1755871165.1069446,-1,-7,-58
1755871165.1459446,-6,-4,-69
1755871165.1819446,-2,-2,-79
1755871165.2199447,3,-3,-86
1755871165.2589445,12,2,-80
1755871165.2969446,5,-2,-80
1755871165.3329446,11,1,-77
1755871165.3699446,0,1,-81
1755871165.4089446,0,-1,-82
1755871165.4469447,-9,2,-77
1755871165.4829447,0,-1,-72
1755871165.519945,-1,-3,-76
1755871165.5579443,2,5,-74
1755871165.5969446,4,0,-62
1755871165.6329446,0,-1,-64
1755871165.6699443,-1,-4,-78
1755871165.7079446,0,-4,-65
1755871165.746945,-4,0,-78
1755871165.782945,-2,-4,-76
1755871165.8209443,-4,-2,-67
1755871165.858945,0,2,-68
1755871165.8969443,0,3,-82
1755871165.9329443,0,-3,-74
1755871165.9699447,2,0,-80
1755871166.0079446,-1,0,-83
1755871166.0459447,-3,4,-79
1755871166.0819447,-5,7,-75
1755871166.1189446,0,6,-74
1755871166.1569445,1,0,-77
1755871166.1929443,8,0,-72
1755871166.2299447,7,-2,-80
1755871166.2679446,6,-6,-74
1755871166.3069446,2,-1,-79
1755871166.3429446,2,4,-78
1755871166.3799446,-1,-1,-74
1755871166.417945,-3,-2,-83
1755871166.4569447,0,-2,-72
1755871166.4929447,0,-3,-68
1755871166.529945,-10,1,-83
1755871166.5679443,-17,-4,-78
1755871166.6069446,0,-3,-81
1755871166.6429446,-2,-5,-81
1755871166.6809447,-1,-1,-83
1755871166.7199447,-2,-2,-83
1755871166.7579446,-4,0,-72
1755871166.7939446,-4,-3,-80
1755871166.8329446,-6,5,-76
1755871166.8699446,-5,5,-78
1755871166.907945,-7,7,-75
1755871166.9469447,-3,5,-78
1755871166.9829447,-5,5,-79
1755871167.0209446,-6,0,-76
1755871167.0589447,3,-7,-75
1755871167.0979445,1,-1,-80
1755871167.1339445,2,-4,-68
1755871167.1719446,2,-1,-82
1755871167.2099447,2,0,-77
1755871167.2489443,1,0,-75
1755871167.2869446,0,-2,-71
1755871167.3229446,0,-4,-70
1755871167.3609445,4,-6,-72
1755871167.3989446,7,3,-79
1755871167.437945,4,-4,-68
1755871167.4749446,6,0,-82
1755871167.5119443,4,-2,-70
1755871167.5499446,-3,0,-72
1755871167.588945,-1,0,-80
1755871167.6269443,0,0,-69
1755871167.6629446,2,3,-64
1755871167.700945,5,-2,-66
1755871167.7389443,-2,3,-65
1755871167.7779446,0,9,-70
1755871167.8139446,-2,13,-68
1755871167.8509445,0,12,-71
1755871167.8889446,2,3,-66
1755871167.9269447,-9,9,-65
1755871167.9629445,0,2,-85
1755871168.0009446,-2,0,-92
1755871168.0399446,-2,3,-72
1755871168.0779445,-2,0,-73
1755871168.1139443,-1,4,-76
1755871168.1509447,0,1,-69
1755871168.1889446,5,-3,-77
1755871168.2249446,2,-3,-70
1755871168.2619443,-7,1,-83
1755871168.2999446,6,-3,-74
1755871168.338945,4,2,-66
1755871168.3749447,6,4,-70
1755871168.4119446,4,-3,-64
1755871168.4499447,0,-5,-80
1755871168.4889443,-1,-8,-83
1755871168.5249443,-1,-10,-75
1755871168.562945,-7,-7,-66
1755871168.6009445,0,-1,-71
1755871168.6389446,0,0,-70
1755871168.677945,-3,2,-66
1755871168.713945,4,0,-72
1755871168.7509446,-3,-1,-72
1755871168.7899446,-4,0,-79
1755871168.8279445,0,0,-77
1755871168.8639443,0,3,-80
1755871168.9009447,0,-1,-78
1755871168.9399445,3,2,-68
1755871168.9779446,6,2,-76
1755871169.0139446,7,2,-77
1755871169.0509446,13,1,-76
1755871169.088945,3,-6,-65
1755871169.1249447,1,-6,-81
1755871169.1629446,0,-12,-73
1755871169.200945,-2,-3,-84
1755871169.2399447,1,-2,-84
1755871169.2779446,4,-3,-79
1755871169.3139446,2,2,-68
1755871169.3509445,1,1,-66
1755871169.3889446,-4,-1,-79
1755871169.4249446,-3,-2,-78
1755871169.4629445,6,0,-84
1755871169.5009446,11,4,-81
1755871169.5389447,1,-1,-72
1755871169.5749447,4,4,-75
1755871169.611945,0,-2,-80
1755871169.6499443,2,-3,-72
1755871169.6889446,0,-8,-73
1755871169.7249446,5,-10,-72
1755871169.7619443,-4,-11,-74
1755871169.7999446,-6,1,-68
1755871169.838945,-3,-4,-83
1755871169.8749447,1,1,-87
1755871169.9119446,-5,0,-75
1755871169.9499447,-2,-1,-79
1755871169.9889443,-7,0,-78
1755871170.0249443,-4,-4,-84
1755871170.062945,-2,3,-86
1755871170.1009445,3,-5,-65
1755871170.1399446,10,0,-65
1755871170.1759446,5,3,-52
1755871170.2129445,2,0,-69
1755871170.2509446,-1,-2,-70
1755871170.2899446,-1,-6,-78
1755871170.3269446,0,0,-75
1755871170.3639443,2,-2,-86
1755871170.4019446,-2,0,-77
1755871170.4399445,-3,1,-69
1755871170.4789443,-1,-4,-68
1755871170.5149446,-1,0,-70
1755871170.552945,5,-1,-78
1755871170.5909443,13,-2,-71
1755871170.6299446,12,2,-75
1755871170.6659446,0,0,-92
1755871170.7029445,-1,4,-82
1755871170.7409446,0,-1,-78
1755871170.779945,-4,3,-62
1755871170.815945,0,3,-76
1755871170.8529446,1,3,-74
1755871170.8909447,0,0,-74
1755871170.9289446,3,3,-59
1755871170.9649446,3,0,-69
1755871171.0019443,-1,-4,-75
1755871171.0409446,2,-2,-85
1755871171.0789447,5,2,-80
1755871171.1159446,6,-1,-68
1755871171.1529446,6,-3,-76
1755871171.190945,4,-2,-79
1755871171.2299447,-2,6,-85
1755871171.2659447,-4,2,-78
1755871171.302945,7,-1,-73
1755871171.3409443,3,0,-67
1755871171.3789446,1,-4,-73
1755871171.4149446,0,-5,-68
1755871171.4529445,8,-2,-78
1755871171.4909446,11,2,-78
1755871171.5289447,1,4,-65
1755871171.5649445,7,2,-63
1755871171.6019447,0,4,-74
1755871171.6409447,4,0,-77
1755871171.6769447,7,3,-74
1755871171.713945,2,0,-74
1755871171.7509446,5,0,-72
1755871171.7869446,0,0,-70
1755871171.8249447,1,5,-69
1755871171.861945,-1,0,-73
1755871171.9009447,0,0,-71
1755871171.9369447,-2,-1,-67
1755871171.9749446,1,-6,-70
1755871172.0129447,1,2,-76
1755871172.0509446,-4,0,-62
1755871172.0869446,-1,-5,-75
1755871172.1249447,1,-1,-79
1755871172.1629446,1,-7,-74
1755871172.200945,2,3,-89
1755871172.236945,2,1,-58
1755871172.2749443,5,-1,-61
1755871172.3119447,-6,-6,-65
1755871172.3509445,7,-8,-71
1755871172.3869443,5,-4,-66
1755871172.4249446,2,-3,-68
1755871172.4619446,0,1,-63
1755871172.4999447,2,3,-84
1755871172.5359447,-1,-2,-89
1755871172.5749447,0,4,-76
1755871172.611945,3,1,-77
1755871172.6499443,0,0,-70
1755871172.6859446,-2,1,-79
1755871172.7229445,-2,-4,-61
1755871172.7619443,2,-8,-73
1755871172.7999446,-8,0,-70
1755871172.835945,-2,0,-69
1755871172.8749447,0,-1,-69
1755871172.9119446,0,2,-75
1755871172.9499447,-1,-8,-77
1755871172.9859445,2,-7,-76
1755871173.0229447,3,-4,-77
1755871173.0619447,1,-7,-80
1755871173.0999446,0,-1,-73
1755871173.1359446,2,-2,-76
1755871173.1729443,0,7,-61
1755871173.210945,1,5,-71
1755871173.246945,6,3,-62
1755871173.2839446,-1,-2,-76
1755871173.3219447,-5,0,-68
1755871173.3609445,3,-1,-71
1755871173.3969443,1,-3,-73
1755871173.4349446,0,-2,-74
1755871173.4729445,2,-6,-75
1755871173.5119443,7,0,-67
1755871173.5479443,1,0,-67
1755871173.5849447,0,0,-74
1755871173.621945,-2,1,-81
1755871173.6609447,4,3,-80
1755871173.6969447,6,0,-77
1755871173.7349446,0,-6,-68
1755871173.7729447,-10,-4,-79
1755871173.8169446,-2,5,-67
1755871173.8559446,4,-3,-78
1755871173.8929446,0,-1,-73
1755871173.9319446,3,-2,-72
1755871173.9679446,7,2,-79
1755871174.0059447,7,-2,-75
1755871174.0439446,1,-4,-75
1755871174.0829446,2,-9,-80
1755871174.1209445,0,-5,-83
1755871174.1569445,0,1,-72
1755871174.1939447,3,-2,-73
1755871174.2329447,8,3,-65
1755871174.2709446,5,3,-69
1755871174.3069446,6,-2,-72
1755871174.3439443,-2,0,-59
1755871174.3829446,-3,-2,-62
1755871174.4209447,-4,3,-73
1755871174.4569447,-4,2,-80
1755871174.4939446,0,6,-74
1755871174.5319445,4,-3,-83
1755871174.5689447,3,-1,-70
1755871174.6059446,4,-4,-72
1755871174.6439445,-2,-4,-76
1755871174.6829443,-4,0,-85
1755871174.7209446,0,-2,-73
1755871174.756945,0,0,-71
1755871174.7939446,-2,1,-68
1755871174.8329446,0,-1,-64
1755871174.8709445,-2,-1,-73
1755871174.9069445,-5,0,-82
1755871174.9439447,-5,0,-66
1755871174.9829447,-3,-1,-79
1755871175.0209446,1,-4,-73
1755871175.0569446,-10,-5,-72
1755871175.0959446,-5,4,-71
1755871175.1339445,-9,0,-61
1755871175.1719446,-6,-1,-77
1755871175.2079446,1,-2,-70
1755871175.246945,-2,0,-60
1755871175.2839446,-2,0,-72
1755871175.3229446,0,-4,-81
1755871175.358945,0,2,-78
1755871175.3959446,1,-5,-73
1755871175.4339447,4,0,-72
1755871175.4719446,0,-1,-80
1755871175.5079446,1,-1,-75
1755871175.5469446,1,6,-72
1755871175.5849447,0,3,-64
1755871175.6229446,3,1,-66
1755871175.6589446,7,-3,-84
1755871175.6959443,6,-5,-75
1755871175.733945,-7,-3,-74
1755871175.7729447,6,1,-72
1755871175.8089447,5,2,-74
1755871175.8459446,-2,-2,-80
1755871175.8839445,-6,0,-74
1755871175.9229443,-6,1,-77
1755871175.9589446,-3,1,-67
1755871175.996945,-2,2,-67
1755871176.0349443,-1,0,-66
1755871176.0739446,-3,2,-72
1755871176.111945,2,0,-68
1755871176.1479447,1,0,-65
1755871176.1869447,-2,-4,-69
1755871176.223945,0,-1,-73
1755871176.2629447,3,0,-82
1755871176.2989447,6,0,-74
1755871176.335945,2,-5,-83
1755871176.3739443,-2,-6,-78
1755871176.4129446,8,4,-76
1755871176.4489446,5,3,-84
1755871176.486945,4,6,-85
1755871176.5239446,1,1,-77
1755871176.5619447,2,-2,-67
1755871176.5979445,4,-5,-75
1755871176.6359446,10,-6,-72
1755871176.6739447,11,0,-77
1755871176.7129445,0,0,-79
1755871176.7489443,3,-4,-70
1755871176.7869446,2,-7,-72
1755871176.8239446,0,-2,-70
1755871176.8629446,0,0,-77
1755871176.8989446,-1,-7,-71
1755871176.937945,-2,-2,-75
1755871176.9749446,0,2,-77
1755871177.0129447,-2,1,-73
1755871177.0489447,-7,2,-80
1755871177.085945,2,10,-85
1755871177.1239443,3,2,-65
1755871177.1629446,2,0,-79
1755871177.1989446,0,0,-68
1755871177.2359445,-5,0,-68
1755871177.2749443,-1,5,-73
1755871177.312945,0,-3,-66
1755871177.348945,3,-4,-63
1755871177.3859446,-5,1,-72
1755871177.4239447,-6,4,-74
1755871177.4629445,-10,0,-72
1755871177.4989443,-3,-2,-83
1755871177.5379446,0,-9,-84
1755871177.5749447,12,-1,-77
1755871177.6139443,4,1,-89
1755871177.6499443,5,-2,-78
1755871177.687945,8,0,-77
1755871177.7249446,2,-5,-83
1755871177.7639446,-6,0,-76
1755871177.7999446,-1,-1,-72
1755871177.8379445,2,-1,-80
1755871177.8759446,3,0,-65
1755871177.9149446,-2,2,-77
1755871177.9529445,1,2,-75
1755871177.9889443,1,3,-83
1755871178.0259447,0,-3,-81
1755871178.0649445,-5,4,-82
1755871178.1029446,-2,-2,-75
1755871178.1389446,-1,5,-77
1755871178.1759446,-4,0,-73
1755871178.2149446,-1,-4,-84
1755871178.2529447,0,-3,-79
1755871178.2889447,0,0,-73
1755871178.325945,-4,-5,-74
1755871178.3649447,4,-2,-85
1755871178.4029446,-1,0,-82
1755871178.4389446,0,1,-81
1755871178.4759445,13,2,-71
1755871178.5149446,6,5,-69
1755871178.552945,-1,3,-75
1755871178.588945,1,0,-78
1755871178.6269443,-4,2,-78
1755871178.6649446,-13,0,-71
1755871178.7029445,-3,0,-60
1755871178.7389443,1,-3,-70
1755871178.7769446,1,0,-67
1755871178.8149445,-1,1,-74
1755871178.8509445,-3,-1,-76
1755871178.8889446,-4,-5,-88
1755871178.9269447,-8,-1,-79
1755871178.9649446,-11,-2,-76
1755871179.0039446,-8,3,-67
1755871179.0399446,-3,3,-64
1755871179.0769446,-2,-1,-67
1755871179.1149447,0,4,-77
1755871179.1509447,5,-3,-70
1755871179.1889446,3,6,-74
1755871179.2269447,3,0,-88
1755871179.2649446,3,-3,-88
1755871179.3009446,7,-6,-75
1755871179.3379445,0,-2,-70
1755871179.3769443,-8,-4,-64
1755871179.4149446,-2,0,-66
1755871179.450945,0,0,-57
1755871179.4879446,1,-1,-69
1755871179.5259447,0,-1,-69
1755871179.5649445,2,5,-68
1755871179.6009445,-3,5,-78
1755871179.6379447,-7,3,-67
1755871179.6759446,-1,-3,-79
1755871179.7149446,1,3,-71
1755871179.7509446,-3,3,-74
1755871179.7889447,-10,-2,-71
1755871179.8269446,2,1,-72
1755871179.8649447,1,4,-74
1755871179.9009447,5,4,-74
1755871179.937945,3,-3,-73
1755871179.9769447,-3,-6,-70
1755871180.0149446,-3,-1,-77
1755871180.0519447,-5,-6,-75
1755871180.088945,-6,-2,-82
1755871180.1269443,0,-1,-77
1755871180.1659446,2,-2,-75
1755871180.2039447,0,-2,-62
1755871180.2399447,-3,0,-65
1755871180.2769446,-2,5,-67
1755871180.315945,-4,3,-71
1755871180.3539443,0,-1,-79
1755871180.3899446,-3,0,-70
1755871180.4269447,-1,2,-65
1755871180.4659443,-8,0,-77
1755871180.5039446,-2,0,-80
1755871180.5399446,0,-8,-83
1755871180.5769446,0,-4,-80
1755871180.6159446,-1,2,-82
1755871180.6519446,1,-6,-83
1755871180.6889446,-6,-4,-76
1755871180.7269447,1,-2,-71
1755871180.7659447,0,-3,-77
1755871180.8019447,4,-4,-74
1755871180.838945,1,-1,-70
1755871180.8769443,-2,-3,-75
1755871180.9159446,-2,4,-62
1755871180.9519446,0,8,-74
1755871180.9889443,-2,3,-85
1755871181.0269446,-1,0,-78
1755871181.065945,0,-3,-77
1755871181.1019447,-2,-7,-69
1755871181.1399446,2,-6,-67
1755871181.1789446,8,-2,-61
1755871181.2159443,1,-8,-73
1755871181.2549446,3,-12,-73
1755871181.2909446,3,0,-72
1755871181.3279445,0,-2,-81
1755871181.3669446,-3,3,-84
1755871181.404945,-12,2,-75
1755871181.440945,-6,-4,-69
1755871181.4789443,2,-3,-76
1755871181.5169446,-2,0,-84
1755871181.5559447,-6,0,-73
1755871181.5919447,0,1,-70
1755871181.6289446,-2,3,-70
1755871181.6669445,-3,5,-67
1755871181.7059443,1,6,-74
1755871181.7419446,4,2,-66
1755871181.7789447,0,3,-77
1755871181.8169446,-2,-1,-80
1755871181.8549447,-5,4,-81
1755871181.8909447,-1,5,-78
1755871181.9289446,5,3,-80
1755871181.9669447,-1,5,-77
1755871182.0049446,-1,3,-71
1755871182.0409446,3,5,-73
1755871182.0779445,4,4,-73
1755871182.1159446,0,3,-83
1755871182.1519446,-2,7,-81
1755871182.1889446,-9,-2,-74
1755871182.2269447,-3,1,-83
1755871182.2659447,2,1,-79
1755871182.3019447,3,0,-85
1755871182.338945,-1,-4,-74
1755871182.3769443,-4,-6,-72
1755871182.4159446,0,-2,-79
1755871182.4519446,2,2,-71
1755871182.4889443,-2,-6,-72
1755871182.5269446,0,0,-73
1755871182.565945,-6,0,-62
1755871182.6019447,-2,1,-64
1755871182.6389446,0,2,-73
1755871182.6769447,-10,0,-73
1755871182.7159443,-1,-3,-73
1755871182.7519443,4,-1,-78
1755871182.7889447,8,-4,-73
1755871182.8269446,4,1,-72
1755871182.8659446,0,6,-79
1755871182.9019446,-3,3,-80
1755871182.9389446,-5,3,-71
1755871182.9769447,-3,-3,-67
1755871183.0159447,-8,-1,-75
1755871183.0519447,1,1,-74
1755871183.088945,0,2,-78
1755871183.1269443,0,-4,-72
1755871183.1629446,0,-2,-69
1755871183.1999447,0,2,-69
1755871183.2389443,5,4,-62
1755871183.2769446,0,3,-73
1755871183.312945,-1,8,-66
1755871183.3519447,3,6,-75
1755871183.3889446,-2,-1,-74
1755871183.427945,-1,4,-74
1755871183.4659443,2,-3,-80
1755871183.5019443,2,-2,-73
1755871183.5389447,-4,2,-70
1755871183.5779445,-3,1,-77
1755871183.6159446,-1,2,-80
1755871183.6519446,-1,0,-86
1755871183.6889446,-1,0,-77
1755871183.7279446,-7,9,-75
1755871183.7659447,-9,5,-82
1755871183.8019447,-4,5,-82
1755871183.8479445,7,-8,-74
1755871183.8859446,0,0,-81
1755871183.9219446,1,1,-72
1755871183.9589446,-5,0,-72
1755871183.9979446,-4,-4,-75
1755871184.0359447,-5,0,-62
1755871184.0719447,-6,5,-68
1755871184.108945,-3,0,-75
1755871184.1479447,-1,-1,-65
1755871184.1839447,-1,2,-65
1755871184.2209446,1,0,-80
1755871184.2579446,0,-2,-73
1755871184.2969446,10,-5,-73
1755871184.3329446,9,-6,-71
1755871184.3709445,-1,0,-73
1755871184.4089446,0,-3,-63
1755871184.4479446,-2,4,-73
1755871184.483945,1,7,-69
1755871184.5209446,-6,2,-60
1755871184.5589447,-2,-4,-66
1755871184.5979445,4,-1,-70
1755871184.6339445,-4,-3,-69
1755871184.6719446,-2,1,-73
1755871184.710945,-5,-2,-73
1755871184.7479446,-3,0,-69
1755871184.7869446,-8,3,-80
1755871184.8229446,-7,0,-71
1755871184.8609445,-7,-3,-71
1755871184.8989446,-1,-1,-66
1755871184.9369447,7,1,-68
1755871184.9729445,3,3,-81
1755871185.0109446,0,0,-74
1755871185.0489447,-3,0,-79
1755871185.0869446,4,-8,-71
1755871185.1229446,-4,-6,-72
1755871185.1609447,0,0,-76
1755871185.1989446,9,-6,-75
1755871185.236945,10,-1,-71
1755871185.2729447,-1,1,-77
1755871185.3109446,5,1,-70
1755871185.348945,-1,-1,-67
1755871185.3869443,0,4,-69
1755871185.4229443,0,6,-81
1755871185.4599447,-7,3,-73
1755871185.4989443,-3,-1,-69
1755871185.5369446,2,-1,-83
1755871185.5729446,1,0,-78
1755871185.6099446,11,3,-66
1755871185.6479447,4,6,-66
1755871185.6839447,0,4,-78
1755871185.7209446,0,3,-76
1755871185.7589445,-3,1,-85
1755871185.7979443,1,-5,-73
1755871185.8339446,2,0,-76
1755871185.8709445,-2,2,-76
1755871185.9099443,0,0,-65
1755871185.9479446,1,6,-65
1755871185.983945,0,5,-71
1755871186.0209446,-1,-1,-78
1755871186.0589447,-1,-9,-63
1755871186.0979445,0,-8,-71
1755871186.1339445,-4,-5,-65
1755871186.1719446,-8,-2,-65
1755871186.210945,3,-1,-84
1755871186.2489443,3,-1,-75
1755871186.2849443,5,7,-72
1755871186.3219447,4,6,-68
1755871186.3599446,0,3,-68
1755871186.3979447,3,4,-73
1755871186.4339447,1,3,-86
1755871186.4709446,-3,0,-80
1755871186.5089445,-1,0,-82
1755871186.5479443,3,-7,-68
1755871186.5839446,-2,1,-61
1755871186.6209445,-7,0,-70
1755871186.6599443,-4,0,-65
1755871186.6979446,-5,0,-66
1755871186.733945,-2,-3,-71
1755871186.7719443,0,-3,-75
1755871186.8109446,7,-3,-64
1755871186.848945,3,-2,-65
1755871186.8859446,4,-5,-65
1755871186.9229443,3,-1,-73
1755871186.960945,-6,-5,-74
1755871186.9999447,-1,-1,-75
1755871187.0379446,-2,-2,-76
1755871187.0739446,-3,-2,-87
1755871187.111945,-3,0,-73
1755871187.1499443,-2,1,-66
1755871187.1889446,0,6,-69
1755871187.2249446,0,3,-68
1755871187.2619443,3,0,-76
1755871187.2999446,0,8,-85
1755871187.3379445,-3,-5,-84
1755871187.3739443,-7,2,-89
1755871187.4109447,4,-1,-77
1755871187.4499447,-5,-7,-83
1755871187.4879446,-9,2,-83
1755871187.5239446,-4,-3,-77
1755871187.5619447,0,-1,-79
1755871187.5999446,-2,1,-73
1755871187.6389446,4,-4,-72
1755871187.6749446,3,-7,-71
1755871187.7119446,3,1,-79
1755871187.7499447,-2,1,-71
1755871187.7859447,2,0,-72
1755871187.8229446,-1,2,-75
1755871187.8609445,1,0,-74
1755871187.8989446,0,-3,-84
1755871187.9359446,0,-4,-75
1755871187.9729445,1,0,-69
1755871188.009945,-2,5,-74
1755871188.0489447,-3,-5,-69
1755871188.0849447,0,-2,-73
1755871188.1229446,-4,-2,-78
1755871188.1609447,0,-3,-71
1755871188.1999447,3,0,-71
1755871188.2359445,4,0,-72
1755871188.2729447,-5,-5,-72
1755871188.3109446,-3,0,-69
1755871188.3499446,0,2,-75
1755871188.3859446,3,5,-78
1755871188.4229443,-1,9,-77
1755871188.460945,-1,5,-78
1755871188.4999447,-1,0,-66
1755871188.5359447,7,-3,-69
1755871188.5729446,1,2,-78
1755871188.6109445,4,0,-72
1755871188.6489446,-2,-1,-82
1755871188.6849446,0,-6,-83
1755871188.7229445,3,-4,-86
1755871188.7609446,-2,0,-89
1755871188.7999446,2,0,-79
1755871188.835945,2,-2,-65
1755871188.8729446,6,-5,-56
1755871188.9109447,1,-9,-71
1755871188.9499447,1,-5,-83
1755871188.9859445,7,-2,-75
1755871189.0229447,-4,-6,-70
1755871189.0609446,-5,1,-75
1755871189.0999446,-5,0,-73
1755871189.1359446,-5,-4,-71
1755871189.1739447,1,3,-61
1755871189.2119446,2,5,-75
1755871189.2499447,0,0,-78
1755871189.2859447,8,-4,-76
1755871189.3229446,7,0,-71
1755871189.3609445,4,-4,-73
1755871189.3989446,3,0,-61
1755871189.4359446,1,3,-64
1755871189.473945,6,7,-75
1755871189.5109446,6,0,-78
1755871189.5469446,-2,4,-78
1755871189.5839446,0,0,-69
1755871189.621945,-1,-3,-78
1755871189.6609447,-6,-4,-73
1755871189.6969447,-9,-4,-74
1755871189.7359445,2,0,-76
1755871189.7729447,1,2,-75
1755871189.8109446,0,-3,-84
1755871189.8469446,2,-4,-84
1755871189.8839445,-2,-5,-76
1755871189.9219446,10,-6,-78
1755871189.960945,0,-3,-74
1755871189.996945,0,-2,-75
1755871190.0339446,1,0,-89
1755871190.0709443,0,-8,-67
1755871190.1099446,-2,-6,-58
1755871190.1459446,-4,-6,-57
1755871190.1839447,0,0,-88
1755871190.2209446,0,-3,-85
1755871190.259945,-1,3,-73
1755871190.2959447,1,0,-73
1755871190.3329446,0,-5,-68
1755871190.371945,-10,0,-72
1755871190.4099443,-4,-5,-79
1755871190.4459443,-1,0,-78
1755871190.4829447,-3,1,-74
1755871190.5219443,-3,-5,-84
1755871190.5599446,2,1,-82
1755871190.5959446,-1,0,-63
1755871190.6329446,-1,1,-70
1755871190.6719446,-4,-2,-76
1755871190.7099447,-1,-4,-69
1755871190.7459445,1,-4,-75
1755871190.7839446,0,0,-74
1755871190.8229446,3,4,-84
1755871190.8609445,1,-2,-87
1755871190.8969443,-8,-3,-74
1755871190.9359446,-1,-5,-85
1755871190.9729445,-4,0,-76
1755871191.0119443,-5,3,-65
1755871191.0499446,0,-4,-80
1755871191.085945,0,8,-67
1755871191.1229446,10,-3,-74
1755871191.1619446,4,4,-80
1755871191.1999447,-3,-1,-85
1755871191.236945,1,0,-72
1755871191.2739446,7,0,-63
1755871191.3119447,5,-2,-78
1755871191.3509445,6,4,-82
1755871191.3879447,1,-2,-77
1755871191.4249446,-6,-1,-67
1755871191.4629445,0,2,-64
1755871191.5009446,1,3,-83
1755871191.5369446,4,-2,-81
1755871191.5739446,1,-6,-84
1755871191.611945,5,1,-79
1755871191.6479447,-3,-8,-70
1755871191.6859446,1,-3,-62
1755871191.723945,-2,-5,-77
1755871191.7619443,1,0,-74
1755871191.7979443,-3,4,-68
1755871191.8349447,0,0,-69
1755871191.8729446,5,-1,-71
1755871191.9119446,-2,0,-80
1755871191.9479446,0,-5,-81
1755871191.9859445,-1,0,-68
1755871192.0229447,-5,2,-78
1755871192.0619447,-9,-2,-79
1755871192.0979445,-1,-3,-70
1755871192.1359446,5,0,-73
1755871192.1729443,3,5,-74
1755871192.210945,0,0,-71
1755871192.246945,0,-5,-82
1755871192.2839446,-5,-3,-77
1755871192.3229446,-3,-1,-69
1755871192.3609445,0,-4,-63
1755871192.3969443,3,-5,-69
1755871192.4339447,1,-1,-70
1755871192.4729445,-3,2,-80
1755871192.5109446,0,-1,-67
1755871192.5469446,-5,3,-75
1755871192.5839446,-2,1,-71
1755871192.6229446,-3,0,-67
1755871192.6609447,0,-1,-77
1755871192.6969447,0,1,-76
1755871192.733945,0,-3,-79
1755871192.7729447,1,0,-83
1755871192.8109446,4,-5,-71
1755871192.8469446,1,-2,-72
1755871192.8859446,0,-6,-78
1755871192.9229443,-3,2,-74
1755871192.9619446,0,-3,-72
1755871192.9979446,-5,-2,-72
1755871193.0359447,-4,-7,-69
1755871193.0739446,4,5,-70
1755871193.111945,5,2,-70
1755871193.1479447,0,-2,-71
1755871193.1849446,0,5,-76
1755871193.2229445,5,3,-69
1755871193.2589445,4,2,-72
1755871193.2969446,1,-2,-74
1755871193.335945,1,-5,-74
1755871193.3729446,-12,-3,-71
1755871193.4119446,-2,1,-74
1755871193.4479446,7,-1,-80
1755871193.4849446,6,0,-78
1755871193.5229447,8,6,-87
1755871193.5589447,2,5,-73
1755871193.5969446,2,2,-72
1755871193.6339445,0,0,-76
1755871193.6719446,0,6,-79
1755871193.7079446,-5,6,-82
1755871193.7449446,4,0,-71
1755871193.782945,2,5,-64
1755871193.8189447,0,1,-68
1755871193.8649447,-2,-5,-88
1755871193.9029446,3,2,-73
1755871193.9389446,0,1,-75
1755871193.9759445,0,-4,-65
1755871194.0139446,-2,-1,-77
1755871194.0529447,5,0,-81
1755871194.0889447,0,-3,-73
1755871194.1259446,5,-3,-75
1755871194.1649446,-1,-4,-80
1755871194.2029445,3,-6,-81
1755871194.2389445,2,-2,-76
1755871194.2759447,2,-1,-81
1755871194.3149445,-1,-1,-86
1755871194.3529446,-1,0,-84
1755871194.3889446,3,-2,-85
1755871194.4279447,0,0,-83
1755871194.4649446,0,2,-66
1755871194.5029447,-4,2,-69
1755871194.5389447,-7,2,-75
1755871194.5759447,0,4,-91
1755871194.6149447,3,0,-70
1755871194.6529446,4,0,-66
1755871194.6889446,6,0,-72
1755871194.7259445,0,0,-79
1755871194.7649446,4,0,-80
1755871194.8029447,-3,-2,-69
1755871194.8389447,-8,1,-72
1755871194.8759446,-3,-4,-80
1755871194.9139447,0,0,-73
1755871194.9529445,0,-2,-80
1755871194.9889445,-1,-3,-69
1755871195.0269446,0,-2,-72
1755871195.0649445,5,-1,-71
1755871195.1039445,0,0,-79
1755871195.1399446,0,6,-77
1755871195.1769447,5,4,-80
1755871195.2149446,5,-1,-72
1755871195.2529447,-3,-1,-73
1755871195.2889447,3,2,-62
1755871195.3259447,8,1,-65
1755871195.3639445,1,-1,-72
1755871195.4029446,1,-4,-85
1755871195.4389446,2,-1,-94
1755871195.4769447,3,-4,-79
1755871195.5149446,5,0,-69
1755871195.5539446,11,0,-64
1755871195.5899446,4,1,-72
1755871195.6269445,5,-3,-76
1755871195.6649446,8,-3,-63
1755871195.7039447,0,-1,-73
1755871195.7399447,12,0,-68
1755871195.7769446,5,-10,-81
1755871195.8149445,-4,-9,-87
1755871195.8539445,-5,-5,-71
1755871195.8899446,3,-4,-74
1755871195.9269447,4,-7,-71
1755871195.9649446,-4,-6,-75
1755871196.0039446,0,-2,-81
1755871196.0399446,0,-3,-86
1755871196.0769446,3,0,-81
1755871196.1149447,7,1,-77
1755871196.1529446,1,5,-68
1755871196.1889446,0,0,-84
1755871196.2259445,-4,-7,-71
1755871196.2649446,1,-4,-75
1755871196.3029447,3,4,-72
1755871196.3389447,0,0,-79
1755871196.3759446,6,-2,-79
1755871196.4149446,0,8,-78
1755871196.4529445,5,0,-76
1755871196.4889445,1,-3,-77
1755871196.5269446,-5,-3,-77
1755871196.5649445,0,3,-64
1755871196.6039445,-4,-4,-86
1755871196.6399446,-8,-5,-73
1755871196.6779447,-3,-1,-74
1755871196.7159445,-2,0,-76
1755871196.7549446,-2,-4,-76
1755871196.7909446,0,2,-72
1755871196.8279445,-5,3,-72
1755871196.8659446,-1,2,-75
1755871196.9049447,-10,4,-75
1755871196.9409447,-4,3,-91
1755871196.9779446,-2,0,-78
1755871197.0159447,-8,3,-68
1755871197.0549445,-6,-10,-71
1755871197.0909445,0,-9,-65
1755871197.1279447,-5,-6,-80
1755871197.1659446,3,-7,-70
1755871197.2049446,8,-5,-71
1755871197.2409446,7,-1,-74
1755871197.2779446,0,-4,-78
1755871197.3159447,-1,1,-75
1755871197.3549447,-2,-2,-73
1755871197.3909447,1,-6,-70
1755871197.4289446,3,2,-77
1755871197.4659445,2,-2,-88
1755871197.5049446,12,-4,-65
1755871197.5409446,10,0,-57
1755871197.5789447,6,0,-68
1755871197.6159446,0,0,-82
1755871197.6539447,-6,-6,-85
1755871197.6899445,-3,-4,-77
1755871197.7289445,5,0,-70
1755871197.7659447,-12,-1,-77
1755871197.8049445,0,-1,-74
1755871197.8409445,1,-4,-86
1755871197.8789446,7,-2,-93
1755871197.9159446,6,0,-98
1755871197.9539447,5,-2,-77
1755871197.9899447,0,-4,-65
1755871198.0269446,1,-7,-71
1755871198.0659447,5,4,-70
1755871198.1039445,0,1,-81
1755871198.1399446,-1,0,-88
1755871198.1779447,-2,1,-74
1755871198.2159445,1,5,-71
1755871198.2539446,-4,0,-72
1755871198.2899446,-4,1,-71
1755871198.3269446,-3,2,-83
1755871198.3659446,-7,-2,-82
1755871198.4039447,3,1,-68
1755871198.4399445,7,-1,-67
1755871198.4769447,1,2,-73
1755871198.5149446,2,1,-67
1755871198.5509446,-6,1,-81
1755871198.5899446,0,0,-71
1755871198.6269445,5,-6,-82
1755871198.6659446,-1,-3,-74
1755871198.7019446,0,1,-68
1755871198.7389445,0,-2,-67
1755871198.7769446,0,-3,-76
1755871198.8159447,-2,-5,-73
1755871198.8519447,2,0,-72
1755871198.8889446,1,0,-74
1755871198.9269447,0,-7,-80
1755871198.9659445,4,-4,-78
1755871199.0019445,3,-3,-70
1755871199.0389447,7,-5,-86
1755871199.0769446,6,-1,-65
1755871199.1159446,4,-2,-71
1755871199.1519446,5,1,-78
1755871199.1889446,6,-1,-76
1755871199.2269447,3,2,-70
1755871199.2659447,5,-4,-67
1755871199.3019447,5,-4,-74
1755871199.3399446,2,0,-78
1755871199.3779447,0,-7,-76
1755871199.4169445,-2,-1,-77
1755871199.4549446,1,-8,-69
1755871199.4909446,4,-3,-70
1755871199.5279446,3,2,-73
1755871199.5659447,-4,5,-84
1755871199.6019447,0,0,-73
1755871199.6389446,5,-2,-75
1755871199.6769447,4,2,-73
1755871199.7159445,-1,0,-74
1755871199.7519445,-7,0,-73
1755871199.7889447,-7,-2,-75
1755871199.8269446,-3,-4,-72
1755871199.8659446,0,-3,-67
1755871199.9019446,3,-9,-59
1755871199.9389446,-6,-9,-71
1755871199.9769447,2,-7,-70
