time,x,y,z
1761620400.0260508,-2,0,30
1761620400.0630507,0,-4,36
1761620400.1010506,0,-1,31
1761620400.1370506,3,0,30
1761620400.1740508,1,5,24
1761620400.212051,-7,-2,38
1761620400.2510507,-5,-12,46
1761620400.2870507,0,-4,40
1761620400.3250508,0,-4,47
1761620400.3630507,5,-4,43
1761620400.4010508,3,-2,40
1761620400.4370508,1,-1,29
1761620400.4750507,-2,3,44
1761620400.5130508,-5,0,41
1761620400.551051,-3,-7,31
1761620400.587051,-3,-9,38
1761620400.6240506,-1,-6,42
1761620400.663051,0,-1,41
1761620400.7010508,5,0,36
1761620400.7370508,5,-2,32
1761620400.7740507,1,-10,28
1761620400.8120508,-2,-6,33
1761620400.8510506,-8,-3,40
1761620400.8870506,0,-4,32
1761620400.9240508,8,-3,31
1761620400.962051,1,-3,29
1761620400.9980507,-1,-6,40
1761620401.0350506,4,-2,36
1761620401.0730507,1,1,36
1761620401.1120508,-2,-2,29
1761620401.1480508,2,-6,37
1761620401.1850507,-1,3,33
1761620401.2230508,0,-2,50
1761620401.2620506,-4,-2,44
1761620401.2980506,0,-1,32
1761620401.3350508,5,-6,25
1761620401.3720508,-3,0,41
1761620401.4080508,0,-5,24
1761620401.4450507,5,-8,32
1761620401.4830508,4,1,37
1761620401.5210507,11,3,45
1761620401.5570507,1,1,41
1761620401.5940506,-5,0,30
1761620401.6320508,0,0,38
1761620401.6710508,3,2,33
1761620401.7070508,0,1,38
1761620401.7440507,-5,0,45
1761620401.7830508,-2,-3,38
1761620401.8210506,-4,0,42
1761620401.857051,0,-2,31
1761620401.8940508,4,0,36
1761620401.9320507,2,1,35
1761620401.9680507,-3,-2,30
1761620402.005051,-2,-4,35
1761620402.0430508,0,-6,29
1761620402.0820508,0,-4,28
1761620402.1180508,0,-4,31
1761620402.1550508,0,7,25
1761620402.1930506,0,-5,32
1761620402.2310507,0,0,33
1761620402.2670507,8,-1,37
1761620402.3040507,12,0,40
1761620402.3420508,-3,0,34
1761620402.3780508,0,0,47
1761620402.4150507,7,0,42
1761620402.4530506,2,-2,30
1761620402.4970508,-3,1,34
1761620402.5350506,4,1,36
1761620402.5730507,1,-6,36
1761620402.6120508,2,-1,28
1761620402.6480508,3,2,40
1761620402.686051,-4,1,32
1761620402.7230508,0,0,44
1761620402.7620506,-4,-1,40
1761620402.7980506,0,3,47
1761620402.8360507,-7,4,41
1761620402.8730507,-9,6,35
1761620402.9120507,-2,3,41
1761620402.9480507,4,0,39
1761620402.9860508,-2,-3,40
1761620403.0250506,5,-1,39
1761620403.0630507,3,-2,41
1761620403.0990508,3,0,42
1761620403.1360507,-2,1,47
1761620403.1730506,-2,-2,44
1761620403.212051,4,-1,46
1761620403.2480507,1,-1,38
1761620403.2860508,0,1,42
1761620403.3230507,-7,0,41
1761620403.3590508,3,1,37
1761620403.3960507,0,4,35
1761620403.4340508,0,-1,36
1761620403.472051,9,-4,34
1761620403.508051,7,-9,40
1761620403.5450506,-2,-3,34
1761620403.584051,-1,-9,41
1761620403.6220508,-2,-4,47
1761620403.6580508,-3,-4,44
1761620403.6950507,1,0,41
1761620403.7330508,-5,-3,48
1761620403.7690508,0,4,34
1761620403.8060508,1,-6,40
1761620403.8430507,-2,-5,37
1761620403.8820508,-5,-2,40
1761620403.9180508,0,-6,37
1761620403.9550507,8,0,39
1761620403.9930508,3,-8,35
1761620404.0290508,0,-6,34
1761620404.0670507,-1,0,31
1761620404.1040506,-1,-7,38
1761620404.143051,-4,0,44
1761620404.1790507,1,2,44
1761620404.2170508,-7,-6,40
1761620404.2540507,-5,-3,31
1761620404.2930508,0,-1,32
1761620404.3290508,1,2,41
1761620404.3670506,0,0,41
1761620404.4040508,7,-8,40
1761620404.4420507,4,-1,43
1761620404.4780507,4,-2,32
1761620404.5150506,1,-1,42
1761620404.5530508,-3,0,45
1761620404.5890508,1,7,48
1761620404.6270506,0,4,32
1761620404.6650507,0,1,38
1761620404.7030506,-5,-10,39
1761620404.7390506,0,-2,43
1761620404.7770507,-2,-2,38
1761620404.8150508,-7,-1,35
1761620404.8540506,-13,-6,21
1761620404.8920507,0,-1,30
1761620404.9280508,0,-4,34
1761620404.9650507,-3,1,40
1761620405.0030508,-1,-3,34
1761620405.0400507,0,0,40
1761620405.0780506,1,0,44
1761620405.1150508,0,0,47
1761620405.153051,-3,-1,41
1761620405.189051,0,0,40
1761620405.2260506,-4,-6,38
1761620405.2640507,0,-2,38
1761620405.3030508,-3,-1,46
1761620405.3390508,-5,-5,50
1761620405.3770506,-10,-3,35
1761620405.4150507,-11,-1,37
1761620405.4540508,1,0,40
1761620405.4900508,0,-6,32
1761620405.5270507,-1,-4,37
1761620405.5650508,2,4,31
1761620405.6030507,3,4,42
1761620405.6390507,0,0,44
1761620405.676051,3,1,43
1761620405.7140508,-6,-2,39
1761620405.7500508,0,0,43
1761620405.7870507,0,-1,34
1761620405.824051,0,0,41
1761620405.860051,-1,-5,40
1761620405.8970506,-5,-7,33
1761620405.9350507,-5,-3,35
1761620405.9740508,-6,-3,35
1761620406.0100508,-7,-4,38
1761620406.0470507,-4,-1,27
1761620406.0850508,-6,0,28
1761620406.1230507,-6,2,42
1761620406.1590507,-3,1,32
1761620406.1960506,6,2,43
1761620406.2340508,6,8,43
1761620406.2700508,1,3,32
1761620406.3070507,-5,6,44
1761620406.3450508,2,5,39
1761620406.383051,4,-2,30
1761620406.4190507,1,-4,32
1761620406.4560506,-3,-4,36
1761620406.495051,0,-2,37
1761620406.5330508,-7,0,39
1761620406.5690508,-8,3,43
1761620406.6060507,-4,0,37
1761620406.6450508,-5,-2,33
1761620406.6830506,6,1,42
1761620406.7190506,3,-2,35
1761620406.7560508,1,-1,43
1761620406.7940507,0,-5,45
1761620406.8300507,0,-3,42
1761620406.8680508,2,2,42
1761620406.9060507,4,0,34
1761620406.9440508,1,-4,42
1761620406.9800508,-2,3,41
1761620407.018051,4,-1,28
1761620407.0560508,0,4,41
1761620407.0940506,0,-5,39
1761620407.130051,-4,-7,34
1761620407.1680508,1,-6,49
1761620407.2050507,0,1,43
1761620407.2430508,0,1,48
1761620407.2790508,-2,-5,37
1761620407.3160508,-2,-7,36
1761620407.3550508,3,2,37
1761620407.393051,-7,4,32
1761620407.4290507,-2,4,38
1761620407.4660506,-3,3,38
1761620407.5040507,5,-5,32
1761620407.5400507,0,-6,36
1761620407.5770507,2,-4,33
1761620407.6150508,6,-4,37
1761620407.6510508,3,5,36
1761620407.689051,-1,6,34
1761620407.7270508,-1,0,48
1761620407.7650506,-3,-1,34
1761620407.801051,-4,-2,33
1761620407.8400507,-2,2,37
1761620407.8770506,-2,-1,42
1761620407.916051,-9,-4,37
1761620407.9540508,-7,-1,43
1761620407.9900508,-1,-2,41
1761620408.0270507,8,-1,27
1761620408.0650508,7,-1,20
1761620408.1040506,-1,0,33
1761620408.1400506,-3,-2,42
1761620408.1770508,-5,-6,48
1761620408.2150507,2,-6,38
1761620408.2540507,0,0,32
1761620408.2900507,5,5,30
1761620408.3270507,7,3,42
1761620408.3660507,2,0,37
1761620408.4040508,3,-1,36
1761620408.4400508,3,-5,32
1761620408.4770508,5,-2,32
1761620408.5150506,3,-8,26
1761620408.551051,-9,-3,28
1761620408.5880508,4,-5,21
1761620408.6260507,6,-2,17
1761620408.6650507,4,5,25
1761620408.7010508,0,6,24
1761620408.7380507,-5,2,35
1761620408.7760508,-9,-2,37
1761620408.8150508,-8,-7,41
1761620408.8510506,-4,-8,35
1761620408.8900506,-13,-3,30
1761620408.9270508,-2,3,39
1761620408.9650507,-2,6,31
1761620409.0010507,0,0,39
1761620409.038051,-1,-3,44
1761620409.0760508,-2,0,40
1761620409.1140506,-7,-2,38
1761620409.1500506,-1,-4,52
1761620409.1880507,8,0,30
1761620409.2260506,0,1,34
1761620409.2640507,4,-3,32
1761620409.3000507,4,-3,27
1761620409.3380508,0,0,36
1761620409.3760507,-4,-1,35
1761620409.4140508,0,-4,28
1761620409.4500508,-1,-3,27
1761620409.4880507,4,-5,44
1761620409.5260508,1,-2,42
1761620409.564051,-1,-5,42
1761620409.6000507,0,8,46
1761620409.6370506,0,-2,34
1761620409.676051,2,-1,35
1761620409.712051,2,-6,33
1761620409.7490506,7,-5,41
1761620409.7860508,1,-4,46
1761620409.8220508,0,-8,42
1761620409.8590508,-2,3,32
1761620409.8960507,-1,5,38
1761620409.9350507,-9,5,36
1761620409.9710507,-13,1,28
1761620410.008051,-3,2,29
1761620410.0460508,-1,-3,33
1761620410.0820508,-4,-3,36
1761620410.1190507,-1,-3,34
1761620410.1570508,0,3,28
1761620410.1950507,-2,1,35
1761620410.2310507,0,-5,39
1761620410.2690508,-1,-1,40
1761620410.3060508,4,-3,35
1761620410.3420508,-3,-2,37
1761620410.3790507,1,-8,35
1761620410.4170508,2,-2,43
1761620410.4550507,-2,0,36
1761620410.4910507,-2,-5,41
1761620410.5290508,-3,-7,40
1761620410.5670507,-7,3,31
1761620410.6050508,-2,1,24
1761620410.6410508,-4,-1,29
1761620410.6790507,-10,2,32
1761620410.7170508,-6,0,33
1761620410.755051,-4,1,36
1761620410.791051,-7,0,34
1761620410.8280506,-2,-1,41
1761620410.8670506,2,-4,32
1761620410.9050508,1,-3,35
1761620410.9410508,-1,-2,32
1761620410.9780507,0,-9,38
1761620411.0170507,0,4,39
1761620411.0550506,3,-3,49
1761620411.0910506,0,0,35
1761620411.1280508,-6,0,43
1761620411.166051,-6,-1,39
1761620411.2020507,-4,-4,38
1761620411.2390506,-4,-1,37
1761620411.2770507,4,-5,39
1761620411.3150508,0,-6,33
1761620411.3510506,0,-6,38
1761620411.3880508,1,0,30
1761620411.4270508,1,-1,29
1761620411.4650507,-4,-3,30
1761620411.5010507,-2,0,29
1761620411.5390508,0,0,35
1761620411.5770507,-4,0,39
1761620411.6150508,0,-5,33
1761620411.6510508,0,0,36
1761620411.689051,1,3,31
1761620411.7270508,-6,0,27
1761620411.7630508,-3,-9,32
1761620411.8000507,4,-5,31
1761620411.837051,0,-2,38
1761620411.8730507,0,-2,34
1761620411.9100506,-3,0,34
1761620411.9480507,-3,0,34
1761620411.9860508,-10,6,39
1761620412.0220506,-4,0,52
1761620412.0590508,-7,-2,48
1761620412.0980508,3,0,30
1761620412.1360507,-1,-9,37
1761620412.1720507,-6,-2,42
1761620412.2100508,-5,8,41
1761620412.2480507,-6,6,31
1761620412.2860508,0,0,36
1761620412.3220508,-4,-2,24
1761620412.3590508,-7,-5,38
1761620412.3980508,-7,-1,49
1761620412.436051,-1,-3,46
1761620412.472051,0,-5,34
1761620412.518051,2,-6,40
1761620412.5560508,5,0,33
1761620412.5920508,0,1,32
1761620412.6290507,-5,-2,39
1761620412.6680508,-8,0,41
1761620412.7060506,-3,3,30
1761620412.7420506,-2,8,28
1761620412.7790508,0,0,38
1761620412.8170507,-3,4,38
1761620412.8530507,-3,4,47
1761620412.8910508,0,0,31
1761620412.9280508,-3,-2,37
1761620412.9670508,0,-6,31
1761620413.0030508,8,-1,30
1761620413.041051,6,2,31
1761620413.0790508,2,1,24
1761620413.1170506,0,-7,25
1761620413.153051,0,0,34
1761620413.1910508,0,3,37
1761620413.2280507,7,-4,33
1761620413.2670507,-1,-1,41
1761620413.3030508,-3,0,36
1761620413.3410506,0,-3,40
1761620413.3780508,-1,0,26
1761620413.4170508,-2,-4,37
1761620413.4530506,0,-4,49
1761620413.4910507,1,2,39
1761620413.528051,3,3,38
1761620413.5660508,7,2,34
1761620413.6020508,1,0,31
1761620413.6390507,4,-2,27
1761620413.6770508,2,-3,42
1761620413.7130508,0,-4,32
1761620413.7500508,-3,1,34
1761620413.7890508,4,3,31
1761620413.8270507,2,-5,37
1761620413.8630507,9,-2,35
1761620413.9010508,0,-5,32
1761620413.939051,3,-2,38
1761620413.9770508,-6,2,33
1761620414.0130508,-3,0,34
1761620414.051051,-7,1,40
1761620414.0880508,0,-3,34
1761620414.1270506,0,-9,29
1761620414.163051,2,0,29
1761620414.2010508,0,-5,31
1761620414.2390506,-3,-1,28
1761620414.2770507,0,-5,46
1761620414.314051,-2,-7,43
1761620414.3510506,7,-5,37
1761620414.3890507,-2,-1,40
1761620414.4270508,3,2,36
1761620414.4630508,1,-4,33
1761620414.5010507,6,-2,28
1761620414.5390508,-5,-2,37
1761620414.5770507,-7,1,29
1761620414.6130507,6,-7,31
1761620414.6510508,1,-2,34
1761620414.6880507,-6,1,36
1761620414.7270508,-1,1,52
1761620414.7630508,1,3,54
1761620414.8000507,-10,1,43
1761620414.8390508,-2,0,36
1761620414.8770506,2,-2,38
1761620414.913051,2,-8,42
1761620414.9510508,6,-2,32
1761620414.9890506,-5,-3,17
1761620415.0270507,-6,0,27
1761620415.064051,0,-4,40
1761620415.1010506,-1,-6,41
1761620415.1390507,2,0,32
1761620415.1770508,8,-1,37
1761620415.2140508,-1,2,33
1761620415.2510507,-4,-3,39
1761620415.2890508,-2,5,27
1761620415.3270507,-7,-6,43
1761620415.3630507,0,0,36
1761620415.4010508,-3,-1,33
1761620415.439051,-2,3,28
1761620415.4780507,-4,8,36
1761620415.5140507,-1,3,40
1761620415.551051,-8,6,32
1761620415.5890508,1,2,22
1761620415.6270506,-2,2,38
1761620415.663051,3,0,48
1761620415.7010508,2,-4,32
1761620415.7390506,-2,2,34
1761620415.7770507,-2,1,27
1761620415.8130507,2,0,26
1761620415.8510506,0,-10,36
1761620415.8890507,-8,-3,47
1761620415.9270508,0,-5,46
1761620415.9630508,0,-3,44
1761620416.0000508,-6,3,42
1761620416.0390508,0,3,51
1761620416.0750508,-3,-2,35
1761620416.1120508,-2,0,35
1761620416.1490507,-3,1,40
1761620416.1850507,0,4,43
1761620416.222051,-6,-1,45
1761620416.2600508,0,-3,43
1761620416.2980506,-2,-4,43
1761620416.334051,-5,3,38
1761620416.3710508,-3,4,37
1761620416.4090507,-2,-1,31
1761620416.4450507,5,6,38
1761620416.482051,-5,5,35
1761620416.5190508,1,0,41
1761620416.5550506,0,1,39
1761620416.5920508,0,-3,33
1761620416.6290507,-7,0,39
1761620416.6680508,-1,0,32
1761620416.7040508,-2,4,40
1761620416.7410507,-1,-6,49
1761620416.7800508,0,-2,41
1761620416.8180506,10,-2,30
1761620416.8540506,4,-5,39
1761620416.8910508,0,-3,39
1761620416.9290507,-1,0,36
1761620416.9660506,0,-5,39
1761620417.0040507,-3,0,32
1761620417.041051,-4,-5,41
1761620417.0800507,-3,-10,39
1761620417.1180508,-3,-3,42
1761620417.1540508,-10,-8,38
1761620417.1910508,5,-1,34
1761620417.2290506,-1,0,43
1761620417.2650506,4,0,41
1761620417.3020508,0,-6,27
1761620417.3400507,4,-7,17
1761620417.3780508,2,-1,33
1761620417.4140508,-5,-2,38
1761620417.4510508,-5,3,31
1761620417.4890506,-2,1,36
1761620417.5250506,-8,-1,35
1761620417.5620508,-1,-4,40
1761620417.6000507,2,-6,34
1761620417.6380508,5,-4,40
1761620417.6740508,6,-5,35
1761620417.7110507,-3,-3,38
1761620417.7500508,1,-5,34
1761620417.7890508,-4,0,33
1761620417.8250508,0,-3,31
1761620417.8630507,5,-3,47
1761620417.9000506,0,-3,38
1761620417.939051,-1,1,38
1761620417.9750507,-4,1,42
1761620418.0130508,-5,-2,43
1761620418.0500507,-3,0,38
1761620418.0880508,1,1,50
1761620418.1240506,0,0,37
1761620418.1610508,5,1,35
1761620418.199051,7,3,45
1761620418.235051,-2,-1,33
1761620418.2740507,-3,-6,41
1761620418.311051,3,-4,46
1761620418.3490508,-1,-4,37
1761620418.3850508,-5,3,39
1761620418.4220507,2,1,51
1761620418.4600508,7,1,37
1761620418.4960508,-1,-2,39
1761620418.5340507,0,-6,28
1761620418.5720508,-1,-1,36
1761620418.610051,2,-3,33
1761620418.6490507,0,2,51
1761620418.6850507,-5,1,48
1761620418.722051,-1,0,39
1761620418.7600508,-3,-1,36
1761620418.7960508,3,-1,34
1761620418.8330507,0,-6,36
1761620418.870051,0,-3,40
1761620418.9090507,0,2,34
1761620418.9450507,-1,0,38
1761620418.9830508,-1,-6,40
1761620419.0210507,1,0,48
1761620419.0590508,3,1,35
1761620419.0950508,0,-6,35
1761620419.133051,-3,-9,22
1761620419.1710508,-4,-2,27
1761620419.2100508,1,-2,28
1761620419.2460508,0,2,36
1761620419.2830508,-7,0,32
1761620419.3210506,-4,-2,42
1761620419.3590508,-10,-1,39
1761620419.3950508,-4,-4,27
1761620419.4330506,5,-5,25
1761620419.4710507,0,-3,33
1761620419.5090508,4,3,31
1761620419.5450506,0,1,29
1761620419.5820508,2,2,33
1761620419.620051,0,-6,31
1761620419.6560507,-3,-6,33
1761620419.6930506,2,-5,36
1761620419.7310507,0,0,30
1761620419.7690508,6,-4,31
1761620419.8050506,0,-5,30
1761620419.8430507,4,-1,40
1761620419.8810508,6,0,34
1761620419.9190507,2,2,25
1761620419.9550507,2,2,44
1761620419.9920506,0,-1,44
1761620420.0300508,-1,-1,31
1761620420.0660508,-5,-4,31
1761620420.1030507,2,-1,43
1761620420.1410508,7,2,41
1761620420.1790507,7,5,31
1761620420.2150507,4,-3,31
1761620420.2520506,1,0,34
1761620420.2900507,-2,-4,42
1761620420.3260508,0,-7,41
1761620420.3640506,-1,-5,42
1761620420.4020507,-1,-7,45
1761620420.4410508,-2,-13,37
1761620420.4770508,-2,0,29
1761620420.5140507,2,2,28
1761620420.551051,3,7,26
1761620420.587051,3,7,26
1761620420.6240506,7,-5,42
1761620420.6620507,12,-2,34
1761620420.7000508,3,-2,30
1761620420.7360508,-1,-1,30
1761620420.7730508,-3,-4,29
1761620420.8120508,9,-3,28
1761620420.8500507,1,-2,38
1761620420.8860507,0,-1,42
1761620420.9230506,-4,-4,29
1761620420.9610507,-4,-5,40
1761620421.0000508,-2,1,35
1761620421.0360508,-3,-4,30
1761620421.0730507,2,-1,35
1761620421.1110508,3,-6,42
1761620421.1470506,0,-6,33
1761620421.1850507,1,-2,46
1761620421.2230508,2,-1,35
1761620421.2610507,-1,0,39
1761620421.2970507,-1,-1,42
1761620421.3350508,-1,-4,45
1761620421.3730507,-2,0,41
1761620421.4110508,-3,1,39
1761620421.4470508,-5,-1,47
1761620421.4840508,-3,1,28
1761620421.5220506,0,0,40
1761620421.5600507,-3,-5,43
1761620421.5960507,-3,-1,46
1761620421.633051,-5,-1,40
1761620421.6720507,-10,-4,36
1761620421.7100508,2,0,40
1761620421.7460508,3,0,40
1761620421.7830508,2,-3,39
1761620421.8220508,4,-4,25
1761620421.860051,7,-3,20
1761620421.8960507,0,-5,26
1761620421.9330506,-7,0,30
1761620421.9710507,-1,2,35
1761620422.0070508,-6,-3,33
1761620422.0450506,-4,-2,32
1761620422.0820508,1,0,30
1761620422.120051,2,0,25
1761620422.1560507,-1,0,29
1761620422.1930506,2,2,39
1761620422.2310507,-2,0,43
1761620422.2670507,-2,-5,38
1761620422.3040507,3,-7,37
1761620422.3420508,1,-3,35
1761620422.380051,0,-1,45
1761620422.416051,-10,-3,42
1761620422.4530506,-1,-2,40
1761620422.4920506,0,-8,37
1761620422.5360508,-2,-9,30
1761620422.574051,0,-7,27
1761620422.6120508,3,-5,48
1761620422.6500506,4,-1,43
1761620422.6880507,7,-3,41
1761620422.7250507,4,-7,41
1761620422.7630508,-6,-2,36
1761620422.8020508,0,-5,24
1761620422.8380508,3,-5,32
1761620422.8750508,-3,0,41
1761620422.913051,3,5,29
1761620422.9510508,2,3,32
1761620422.9880507,2,3,33
1761620423.0250506,3,3,35
1761620423.0630507,4,-2,38
1761620423.1020508,-2,0,38
1761620423.1380508,2,0,43
1761620423.1750507,0,1,41
1761620423.2130508,2,-1,38
1761620423.2510507,-1,-8,42
1761620423.2870507,2,-6,35
1761620423.324051,-3,-5,31
1761620423.3620508,0,-6,29
1761620423.3980508,3,-9,37
1761620423.4350507,-1,-6,36
1761620423.4730508,0,-2,35
1761620423.5110507,4,-4,39
1761620423.5470507,0,0,43
1761620423.584051,-10,3,42
1761620423.6230507,-10,-1,46
1761620423.6610508,-2,0,44
1761620423.6970508,-1,4,39
1761620423.7340508,3,1,34
1761620423.7720506,1,1,34
1761620423.8080506,-1,5,33
1761620423.8460507,3,-4,30
1761620423.883051,-8,2,34
1761620423.9210508,-4,-5,35
1761620423.9570508,5,-2,32
1761620423.9940507,-1,0,35
1761620424.0320508,-4,0,36
1761620424.0680506,7,1,40
1761620424.1050508,4,2,41
1761620424.143051,2,4,42
1761620424.1810508,11,-4,34
1761620424.2170508,4,0,42
1761620424.255051,0,-8,33
1761620424.2930508,-1,-3,27
1761620424.3310506,0,-5,31
1761620424.3670506,-8,-6,32
1761620424.4050508,1,0,36
1761620424.4430506,2,-4,24
1761620424.4810507,0,-5,27
1761620424.5170507,0,-1,27
1761620424.5540507,1,-4,38
1761620424.5920508,6,0,30
1761620424.6280508,0,-2,44
1761620424.666051,-4,-4,48
1761620424.7040508,3,0,28
1761620424.7420506,5,-4,26
1761620424.778051,0,-4,39
1761620424.8150508,2,-2,43
1761620424.8530507,-2,-3,45
1761620424.8920507,-2,-6,35
1761620424.9280508,-3,0,35
1761620424.9650507,-1,-1,34
1761620425.0030508,-3,-2,31
1761620425.0420508,-2,-1,29
1761620425.0780506,0,0,37
1761620425.1150508,-1,-2,26
1761620425.153051,1,0,35
1761620425.189051,-4,5,24
1761620425.2270508,1,-4,33
1761620425.2640507,0,-3,36
1761620425.3020508,-5,-1,35
1761620425.3380508,-6,-3,37
1761620425.3750508,0,-1,39
1761620425.413051,0,0,26
1761620425.449051,2,3,34
1761620425.4870508,-2,1,25
1761620425.5250506,-8,0,39
1761620425.5630507,-4,-2,44
1761620425.6020508,0,-6,41
1761620425.6380508,3,0,37
1761620425.6750507,1,-2,37
1761620425.7130508,-1,4,39
1761620425.7490506,0,7,45
1761620425.7860508,5,1,42
1761620425.824051,-6,2,44
1761620425.8620508,-1,5,41
1761620425.8980508,-5,2,34
1761620425.9350507,-5,1,32
1761620425.9730508,-9,1,23
1761620426.0090508,-1,-5,46
1761620426.0470507,2,-6,35
1761620426.084051,1,-5,41
1761620426.1220508,2,-3,38
1761620426.1580508,1,-2,35
1761620426.1950507,1,-1,45
1761620426.2330508,-2,2,48
1761620426.2690508,-2,0,43
1761620426.3060508,2,-4,32
1761620426.3440506,-4,-2,35
1761620426.3820508,-4,1,33
1761620426.4180508,-2,2,45
1761620426.4550507,-2,0,29
1761620426.4930508,0,3,42
1761620426.5290508,1,0,41
1761620426.5660508,-2,-4,34
1761620426.6040506,-9,-4,36
1761620426.643051,-4,-4,39
1761620426.6790507,1,0,42
1761620426.7160506,-6,-4,39
1761620426.7540507,0,-6,35
1761620426.7930508,0,0,35
1761620426.8290508,4,3,26
1761620426.8660507,5,2,31
1761620426.9040508,6,0,42
1761620426.9400508,2,0,51
1761620426.9770508,0,0,33
1761620427.0140507,0,0,19
1761620427.0500507,3,0,27
1761620427.087051,3,1,42
1761620427.1240506,2,2,29
1761620427.163051,3,-3,31
1761620427.199051,7,-2,34
1761620427.2370508,0,3,36
1761620427.2740507,4,1,36
1761620427.3130507,-3,8,30
1761620427.3490508,-6,-3,43
1761620427.3860507,0,1,39
1761620427.4240508,0,0,42
1761620427.4600508,-6,-1,38
1761620427.4970508,-6,3,29
1761620427.5340507,0,-2,39
1761620427.5700507,3,0,24
1761620427.607051,4,-1,37
1761620427.6450508,-1,-7,39
1761620427.6840508,-2,-5,35
1761620427.7200508,-5,-6,34
1761620427.7570508,-5,-3,35
1761620427.7950506,0,-3,35
1761620427.834051,-1,-2,28
1761620427.870051,-5,2,35
1761620427.9070508,-1,2,31
1761620427.9450507,1,0,38
1761620427.9830508,-10,-2,36
1761620428.0190508,-8,3,29
1761620428.0560508,0,6,30
1761620428.0940506,-5,1,24
1761620428.130051,-5,-1,34
1761620428.1680508,-1,-9,32
1761620428.2050507,-9,-3,35
1761620428.2440507,0,2,42
1761620428.2800508,0,0,38
1761620428.3180506,1,0,42
1761620428.3550508,-6,0,42
1761620428.3940508,0,-1,42
1761620428.4300506,4,-8,41
1761620428.4670508,-4,-4,46
1761620428.505051,1,-2,34
1761620428.5430508,-2,-6,34
1761620428.5790508,-3,-3,37
1761620428.6160507,-9,-4,35
1761620428.6550508,-2,-5,37
1761620428.6930506,-4,0,28
1761620428.7290506,-12,0,31
1761620428.7660508,-3,-5,46
1761620428.8050506,-7,-5,38
1761620428.8430507,3,0,36
1761620428.8790507,0,-4,39
1761620428.916051,-4,-1,34
1761620428.9550507,3,1,31
1761620428.9930508,-2,-6,34
1761620429.0290508,0,2,43
1761620429.0660508,4,1,25
1761620429.1040506,-8,-6,33
1761620429.1400506,-7,-3,30
1761620429.1770508,0,-3,42
1761620429.2150507,0,3,28
1761620429.2510507,-2,0,43
1761620429.288051,-2,4,37
1761620429.3250508,1,0,40
1761620429.3610508,1,2,44
1761620429.3980508,-2,4,35
1761620429.436051,-6,3,32
1761620429.4740508,-4,1,37
1761620429.5100508,-3,1,27
1761620429.5470507,0,-3,15
1761620429.5850508,-3,0,25
1761620429.6210508,-3,-2,40
1761620429.6580508,-4,0,44
1761620429.6950507,-6,1,40
1761620429.7310507,-2,-2,31
1761620429.7690508,1,-6,26
1761620429.8060508,-5,0,33
1761620429.8440506,-5,-4,40
1761620429.880051,0,1,33
1761620429.9170508,-1,0,36
1761620429.9550507,0,3,38
1761620429.9910507,-8,-2,39
1761620430.028051,2,4,48
1761620430.0660508,8,3,42
1761620430.1040506,10,-4,30
1761620430.1400506,4,-7,37
1761620430.1770508,4,-5,43
1761620430.2150507,4,-3,25
1761620430.2510507,1,-3,31
1761620430.288051,-2,1,40
1761620430.3260508,-1,-6,43
1761620430.3640506,0,-2,48
1761620430.4000506,7,0,37
1761620430.4370508,4,-1,39
1761620430.4760506,-10,-1,39
1761620430.5140507,-6,6,30
1761620430.5500507,-12,0,40
1761620430.587051,-5,-1,43
1761620430.6260507,0,-2,33
1761620430.6640508,-2,-1,41
1761620430.7000508,-9,1,35
1761620430.7370508,-3,0,25
1761620430.7750506,1,-3,36
1761620430.811051,0,-1,30
1761620430.8480508,-2,4,51
1761620430.8860507,-2,4,36
1761620430.9250507,-8,-1,34
1761620430.9610507,-7,-2,34
1761620430.9990506,-4,-3,29
1761620431.0370507,0,-1,34
1761620431.0760508,0,0,41
1761620431.1140506,2,3,36
1761620431.1500506,2,7,37
1761620431.1870508,0,2,40
1761620431.2250507,6,-2,41
1761620431.2610507,4,-5,40
1761620431.2980506,-2,-2,33
1761620431.3360507,0,-2,36
1761620431.3720508,-2,-5,42
1761620431.4090507,-3,-10,40
1761620431.4470508,0,-5,37
1761620431.485051,-3,-8,29
1761620431.5210507,-10,-3,36
1761620431.5590508,-6,-7,42
1761620431.597051,-8,-1,44
1761620431.6360507,0,-5,47
1761620431.6720507,0,-4,36
1761620431.709051,-5,-2,22
1761620431.7470508,-1,1,27
1761620431.7850506,-6,0,34
1761620431.8210506,-3,-4,40
1761620431.8580508,-11,1,40
1761620431.8960507,-4,1,31
1761620431.9320507,2,0,21
1761620431.9690506,2,-1,28
1761620432.0060508,-3,-6,38
1761620432.0450506,-4,1,31
1761620432.0810506,-10,0,32
1761620432.1180508,-4,-4,46
1761620432.1560507,-3,0,35
1761620432.1930506,2,0,36
1761620432.2300508,-4,0,48
1761620432.2670507,0,1,44
1761620432.3050506,0,3,43
1761620432.3410506,-4,0,36
1761620432.3780508,-9,-8,42
1761620432.4170508,-7,-6,42
1761620432.4550507,-1,-4,33
1761620432.4910507,-4,-4,35
1761620432.5300508,-6,0,46
1761620432.5750508,-8,1,40
1761620432.6110508,-6,0,40
1761620432.6490507,-4,0,28
1761620432.6870508,-3,-5,42
1761620432.7250507,-1,0,38
1761620432.7610507,0,6,30
1761620432.7980506,7,6,28
1761620432.837051,-1,0,35
1761620432.8750508,-7,8,44
1761620432.9110508,-8,1,36
1761620432.9480507,-7,-5,39
1761620432.9870508,-1,1,39
1761620433.0250506,2,3,39
1761620433.061051,4,-6,41
1761620433.0980508,0,-6,31
1761620433.1370506,0,-7,45
1761620433.1750507,-4,-5,44
1761620433.2110507,2,1,30
1761620433.2480507,-1,3,41
1761620433.2870507,-8,6,43
1761620433.3250508,0,-1,38
1761620433.3610508,0,0,51
1761620433.3980508,-1,-2,45
1761620433.4370508,1,-2,35
1761620433.4730508,1,-11,33
1761620433.5100508,-1,-4,30
1761620433.5480506,-2,4,38
1761620433.587051,-4,0,42
1761620433.6230507,-1,0,36
1761620433.6610508,-2,0,30
1761620433.6980507,-4,0,42
1761620433.7370508,0,-3,43
1761620433.7730508,1,-5,43
1761620433.8100507,6,-12,32
1761620433.8480508,4,-10,35
1761620433.8870506,0,-4,34
1761620433.9230506,-8,-11,31
1761620433.9600508,-7,-10,41
1761620433.9980507,-3,-1,35
1761620434.0370507,-5,-3,39
1761620434.0730507,-6,-3,39
1761620434.110051,-8,0,36
1761620434.1480508,-1,6,32
1761620434.1870508,-2,-2,30
1761620434.2230508,0,-5,46
1761620434.2600508,0,-8,41
1761620434.2970507,0,-7,35
1761620434.3330507,-3,-1,35
1761620434.3710508,7,1,34
1761620434.4080508,-3,0,30
1761620434.4460506,-5,4,38
1761620434.482051,-8,-2,42
1761620434.5200508,-1,4,40
1761620434.5580506,-1,-6,37
1761620434.597051,-12,-9,50
1761620434.633051,-3,-4,50
1761620434.6700506,-10,-3,37
1761620434.7080507,-3,4,28
1761620434.7460508,-3,6,31
1761620434.7820508,4,3,36
1761620434.8200507,7,0,39
1761620434.8580508,0,-3,40
1761620434.8960507,-5,-3,42
1761620434.9320507,-6,-7,37
1761620434.9700508,-9,4,33
1761620435.008051,2,0,26
1761620435.0460508,-2,1,30
1761620435.0820508,-9,3,32
1761620435.1210508,0,0,41
1761620435.1580508,0,-4,42
1761620435.1970508,5,-3,30
1761620435.2330508,9,2,26
1761620435.2700508,5,-2,34
1761620435.3080506,0,-1,36
1761620435.3460507,2,-2,27
1761620435.3820508,4,-3,27
1761620435.4200506,7,-6,30
1761620435.4580507,1,-1,29
1761620435.4960508,-2,5,27
1761620435.5320508,-5,3,23
1761620435.5710506,0,-7,25
1761620435.6080508,-3,-2,37
1761620435.6470506,2,3,35
1761620435.6830506,1,-1,39
1761620435.7200508,3,-4,34
1761620435.758051,4,0,40
1761620435.7940507,1,0,37
1761620435.8310506,0,-6,44
1761620435.8680508,3,0,47
1761620435.9040508,3,5,58
1761620435.9410508,3,7,46
1761620435.9780507,0,6,40
1761620436.0140507,-8,4,43
1761620436.051051,-4,1,33
1761620436.0880508,-4,-7,38
1761620436.1270506,-2,-2,32
1761620436.163051,0,1,34
1761620436.2010508,-1,-1,33
1761620436.2380507,5,2,31
1761620436.2740507,8,4,39
1761620436.3120508,0,-2,37
1761620436.3490508,1,-8,40
1761620436.3880508,-2,-5,33
1761620436.4240508,1,0,38
1761620436.462051,-10,-8,37
1761620436.5010507,-12,0,32
1761620436.538051,0,1,38
1761620436.574051,-1,-5,35
1761620436.6120508,7,0,44
1761620436.6490507,6,-9,51
1761620436.6880507,-2,1,35
1761620436.7240508,4,0,33
1761620436.7620506,0,-4,45
1761620436.7990508,3,-4,40
1761620436.8380508,7,-1,25
1761620436.8740506,8,-6,27
1761620436.9120507,3,-3,33
1761620436.949051,7,0,38
1761620436.9870508,1,1,43
1761620437.0230508,6,0,47
1761620437.0600507,2,3,32
1761620437.0980508,2,-3,33
1761620437.1340508,4,-1,24
1761620437.1710508,-8,7,35
1761620437.209051,-6,0,36
1761620437.2470508,0,-4,36
1761620437.2830508,0,-3,39
1761620437.3200507,-4,1,41
1761620437.3590508,-3,-3,35
1761620437.3970506,-11,-2,32
1761620437.4330506,-4,0,26
1761620437.4700508,-4,-4,47
1761620437.5090508,8,-3,39
1761620437.5470507,7,1,45
1761620437.5830507,3,0,41
1761620437.620051,0,-5,38
1761620437.6590507,-2,0,29
1761620437.6970508,0,0,41
1761620437.7330508,0,0,35
1761620437.7700508,1,0,40
1761620437.8080506,1,1,29
1761620437.8440506,0,6,34
1761620437.8810508,-2,0,35
1761620437.9190507,0,0,38
1761620437.9550507,6,-6,34
1761620437.9920506,1,-5,35
1761620438.0290508,0,-4,36
1761620438.0680506,6,0,40
1761620438.1040506,4,-4,33
1761620438.1410508,-2,1,32
1761620438.1790507,0,5,40
1761620438.2150507,-1,0,39
1761620438.2530508,-3,0,40
1761620438.2900507,0,2,44
1761620438.3280506,4,0,45
1761620438.3640506,6,-4,46
1761620438.4010508,1,-4,26
1761620438.439051,2,-7,38
1761620438.4750507,2,-6,38
1761620438.5120506,2,1,41
1761620438.5490508,6,0,28
1761620438.5880508,-1,-2,30
1761620438.6240506,-1,-3,42
1761620438.6620507,5,0,40
1761620438.7000508,3,0,38
1761620438.7380507,0,-3,38
1761620438.7740507,0,-1,36
1761620438.8120508,-3,5,41
1761620438.8500507,6,-5,39
1761620438.8880508,3,-3,37
1761620438.9240508,7,3,44
1761620438.962051,-3,3,36
1761620439.0000508,-6,5,29
1761620439.038051,0,0,32
1761620439.074051,-2,2,31
1761620439.1120508,-4,-2,29
1761620439.1510508,-5,5,30
1761620439.189051,-9,0,38
1761620439.2250507,-5,2,46
1761620439.2620506,-6,0,35
1761620439.3000507,-2,-3,25
1761620439.3380508,5,1,35
1761620439.3740506,4,4,30
1761620439.4120507,3,2,23
1761620439.4500508,-5,-3,29
1761620439.4880507,-2,4,24
1761620439.5240507,0,7,34
1761620439.5620508,0,10,39
1761620439.6000507,4,6,37
1761620439.6380508,5,3,38
1761620439.6740508,8,1,37
1761620439.712051,-4,-3,36
1761620439.7510507,-2,6,34
1761620439.7890508,0,-2,40
1761620439.8250508,0,1,32
1761620439.8620508,5,0,46
1761620439.9000506,2,2,34
1761620439.9380507,0,-1,34
1761620439.9740508,3,0,32
1761620440.0120506,11,-1,27
1761620440.0500507,3,0,45
1761620440.0880508,3,-6,47
1761620440.1240506,8,-9,45
1761620440.1620507,5,0,41
1761620440.2000508,5,0,40
1761620440.2360508,5,-8,48
1761620440.2740507,6,-2,41
1761620440.3120508,3,-2,36
1761620440.3500507,-3,-4,39
1761620440.3860507,-5,-10,46
1761620440.4240508,2,-9,49
1761620440.462051,6,-4,37
1761620440.5000508,3,0,42
1761620440.5360508,0,-2,42
1761620440.574051,5,-3,35
1761620440.6120508,7,-3,35
1761620440.6500506,4,-3,37
1761620440.6870508,-1,0,34
1761620440.7240508,-1,0,37
1761620440.7620506,-4,0,33
1761620440.8000507,0,1,35
1761620440.8360507,1,4,37
1761620440.8730507,0,0,34
1761620440.9100506,0,-2,29
1761620440.9460506,-2,-3,43
1761620440.9830508,8,-3,30
1761620441.0210507,0,0,28
1761620441.0590508,-1,-7,33
1761620441.0950508,-4,-4,35
1761620441.133051,-6,0,34
1761620441.1710508,0,1,28
1761620441.209051,-1,2,42
1761620441.245051,0,-3,38
1761620441.2830508,-1,-3,31
1761620441.3210506,6,0,39
1761620441.3590508,-1,-1,40
1761620441.3950508,0,0,41
1761620441.4320507,-1,1,34
1761620441.4710507,-12,1,38
1761620441.5090508,-1,0,29
1761620441.5450506,-8,-3,35
1761620441.584051,1,-1,23
1761620441.6210508,-3,0,31
1761620441.6590507,1,-1,38
1761620441.6950507,7,-3,30
1761620441.7330508,-2,-2,28
1761620441.7710507,0,-4,36
1761620441.8090508,-9,2,37
1761620441.8450508,-4,0,43
1761620441.883051,-2,-1,32
1761620441.9210508,1,0,43
1761620441.959051,-1,-2,39
1761620441.995051,0,0,33
1761620442.0320508,6,-2,22
1761620442.0710506,4,2,30
1761620442.1090508,-7,0,30
1761620442.1450508,-4,0,30
1761620442.1830506,-4,-6,32
1761620442.2210507,6,-4,51
1761620442.2570508,5,-3,50
1761620442.2950506,4,-5,44
1761620442.3330507,3,-6,39
1761620442.3710508,0,-2,42
1761620442.4070508,9,-2,42
1761620442.4450507,4,-2,41
1761620442.482051,0,6,33
1761620442.5210507,0,-1,30
1761620442.5570507,2,-3,47
1761620442.6030507,10,-6,34
1761620442.6410508,1,-3,41
1761620442.6770508,4,-4,29
1761620442.7140508,3,-7,38
1761620442.7520506,-4,6,38
1761620442.7900507,5,4,40
1761620442.8260508,-4,0,40
1761620442.8630507,-3,-6,38
1761620442.9010508,-1,-1,33
1761620442.9400508,-3,-9,39
1761620442.9760506,-6,-1,40
1761620443.0130508,0,-4,25
1761620443.051051,-5,-3,23
1761620443.0900507,-4,2,34
1761620443.1260507,0,0,28
1761620443.163051,-1,0,28
1761620443.2020507,2,0,41
1761620443.2400508,-4,-1,30
1761620443.2760508,-4,1,35
1761620443.3130507,0,2,48
1761620443.3510506,-1,0,51
1761620443.3870506,-2,-4,53
1761620443.4240508,0,2,44
1761620443.462051,3,-2,23
1761620443.5000508,0,-2,33
1761620443.5360508,1,3,25
1761620443.5730507,3,-4,27
1761620443.6110508,-5,-6,26
1761620443.6470506,0,-5,25
1761620443.6840508,1,-2,38
1761620443.722051,4,-2,34
1761620443.7600508,8,0,43
1761620443.7960508,6,3,36
1761620443.834051,1,0,26
1761620443.8720508,-3,-1,32
1761620443.9100506,-4,-1,28
1761620443.9460506,2,0,22
1761620443.9830508,-3,-4,28
1761620444.0220506,-6,-4,21
1761620444.0600507,0,0,32
1761620444.0960507,1,-4,32
1761620444.133051,-2,1,40
1761620444.1710508,0,1,37
1761620444.2070508,4,0,28
1761620444.2440507,0,-3,16
1761620444.2820508,-6,-1,26
1761620444.3180506,-2,-2,27
1761620444.3550508,6,-2,35
1761620444.3920507,-2,-4,39
1761620444.4310508,-2,-8,39
1761620444.4670508,-4,-6,33
1761620444.5040507,-3,-3,36
1761620444.5420508,-3,-7,36
1761620444.5810506,0,6,43
1761620444.6170506,3,5,39
1761620444.6540508,-6,0,35
1761620444.6920507,-3,0,32
1761620444.7280507,-7,6,34
1761620444.7650506,-5,-2,28
1761620444.8030508,-6,-6,33
1761620444.8420508,-2,-9,43
1761620444.8780508,-3,-9,28
1761620444.9150507,1,-7,38
1761620444.9520507,-4,-4,46
1761620444.9910507,-4,-3,32
1761620445.0270507,-3,0,29
1761620445.064051,-4,0,37
1761620445.1020508,-1,-3,44
1761620445.1380508,4,-5,32
1761620445.1750507,1,-12,37
1761620445.212051,-5,-10,42
1761620445.2510507,0,-7,41
1761620445.2870507,-3,-4,45
1761620445.324051,-5,4,40
1761620445.3630507,-3,0,45
1761620445.4010508,-4,-2,36
1761620445.4370508,-2,-7,30
1761620445.4740508,-5,-11,40
1761620445.5130508,-2,-11,23
1761620445.551051,-8,-5,38
1761620445.587051,-7,1,36
1761620445.6240506,-6,-1,47
1761620445.663051,6,-9,46
1761620445.7010508,4,-1,43
1761620445.7370508,4,0,42
1761620445.7740507,5,-1,39
1761620445.8130507,3,-2,36
1761620445.8510506,-11,-1,34
1761620445.8870506,-4,-3,40
1761620445.9240508,-2,-2,34
1761620445.9630508,-8,3,27
1761620446.0010507,0,1,42
1761620446.0370507,2,-5,40
1761620446.074051,-3,-8,34
1761620446.1130507,0,-4,30
1761620446.1510508,-3,-1,42
1761620446.1870508,0,2,40
1761620446.2240508,2,-1,42
1761620446.2630508,9,0,29
1761620446.301051,-2,0,36
1761620446.337051,2,-7,29
1761620446.3740506,6,-9,26
1761620446.413051,-1,-2,35
1761620446.4510508,-4,0,33
1761620446.4870508,0,0,47
1761620446.5240507,-1,3,38
1761620446.5630507,-1,-3,36
1761620446.5990508,-3,-3,23
1761620446.6370506,0,7,32
1761620446.6740508,0,-4,38
1761620446.7130508,0,-4,32
1761620446.7490506,3,-2,35
1761620446.7870507,8,2,34
1761620446.824051,-2,2,31
1761620446.8630507,6,-5,36
1761620446.8990507,2,-2,38
1761620446.936051,5,-5,28
1761620446.9730508,-1,-2,48
1761620447.0120506,-6,0,32
1761620447.0480506,0,-3,42
1761620447.0850508,0,-1,29
1761620447.1230507,3,0,31
1761620447.1590507,-3,1,41
1761620447.1960506,4,-2,30
1761620447.2330508,-2,0,28
1761620447.2690508,0,3,32
1761620447.3060508,2,-4,28
1761620447.3440506,7,-2,31
1761620447.3820508,8,2,41
1761620447.4180508,-3,-8,37
1761620447.4550507,-9,-4,37
1761620447.4940507,-1,-2,35
1761620447.5320508,2,0,26
1761620447.5680506,5,9,30
1761620447.6050508,2,0,37
1761620447.643051,-3,-5,44
1761620447.6790507,5,-4,35
1761620447.7170508,0,-3,39
1761620447.7540507,-6,0,33
1761620447.7930508,-3,-4,38
1761620447.8290508,-5,-13,33
1761620447.8670506,-9,0,33
1761620447.9040508,3,-4,25
1761620447.9430506,-1,-7,38
1761620447.9790506,7,-6,38
1761620448.0170507,0,-7,39
1761620448.0550506,-9,-3,33
1761620448.0940506,-10,-6,35
1761620448.1320508,-3,-5,27
1761620448.1680508,-2,-6,28
1761620448.2060506,-1,-1,40
1761620448.2440507,-5,0,34
1761620448.2820508,4,3,26
1761620448.3180506,5,-2,29
1761620448.3550508,4,3,39
1761620448.393051,4,-4,32
1761620448.4290507,-1,-9,30
1761620448.4670508,-6,-8,45
1761620448.505051,-6,-4,30
1761620448.5440507,-11,0,28
1761620448.5820508,0,-1,31
1761620448.6180508,2,-4,30
1761620448.6560507,6,0,29
1761620448.6940508,0,-6,39
1761620448.7300508,-5,5,32
1761620448.7670507,2,3,31
1761620448.8040507,3,6,32
1761620448.8400507,3,0,32
1761620448.8770506,3,-1,27
1761620448.9150507,8,1,27
1761620448.9530506,-4,-2,32
1761620448.9890506,-6,-4,32
1761620449.0260508,-6,7,29
1761620449.064051,-7,-3,38
1761620449.1000507,-2,-4,35
1761620449.1380508,-1,-6,36
1761620449.176051,-1,-6,44
1761620449.2140508,-6,0,44
1761620449.2530508,-4,1,47
1761620449.2890508,-4,5,44
1761620449.3260508,-5,-3,34
1761620449.3640506,-5,-9,39
1761620449.403051,4,-4,34
1761620449.439051,3,3,44
1761620449.4760506,-1,-1,43
1761620449.5150506,0,-1,45
1761620449.5530508,2,-1,32
1761620449.5890508,-3,-5,33
1761620449.6260507,-2,-1,40
1761620449.6640508,0,-5,20
1761620449.7030506,0,-2,32
1761620449.7390506,0,1,41
1761620449.7760508,4,-2,33
1761620449.814051,-2,3,38
1761620449.8500507,-6,3,39
1761620449.8880508,-1,6,43
1761620449.926051,-1,1,36
1761620449.9640508,-4,0,36
1761620450.0000508,-3,-3,50
1761620450.038051,1,1,38
1761620450.0750508,0,0,25
1761620450.1140506,0,0,30
1761620450.1500506,0,-3,31
1761620450.1870508,-2,2,38
1761620450.2250507,-1,-3,38
1761620450.2630508,1,-13,37
1761620450.2990508,3,0,37
1761620450.3360507,6,-5,38
1761620450.3750508,1,-1,41
1761620450.413051,-7,1,46
1761620450.449051,-9,0,36
1761620450.4860508,-10,-1,43
1761620450.5250506,-5,0,24
1761620450.5630507,-2,0,29
1761620450.5990508,0,-1,23
1761620450.6360507,-2,0,26
1761620450.6740508,-5,0,33
1761620450.7100508,-1,1,30
1761620450.7470508,-3,2,25
1761620450.7850506,2,-1,42
1761620450.8230507,0,-1,45
1761620450.8590508,-2,-4,42
1761620450.8970506,-6,0,32
1761620450.9350507,0,0,35
1761620450.9710507,4,2,36
1761620451.008051,7,-7,37
1761620451.0450506,3,-3,47
1761620451.0810506,8,0,43
1761620451.1180508,-1,3,44
1761620451.1550508,-4,0,51
1761620451.1940508,-1,-2,50
1761620451.2300508,0,1,40
1761620451.2670507,-3,0,45
1761620451.3050506,-5,-3,44
1761620451.3440506,-13,-3,33
1761620451.380051,0,-3,34
1761620451.4180508,1,1,43
1761620451.4550507,-7,-1,36
1761620451.4940507,-1,-2,39
1761620451.5300508,-5,-1,40
1761620451.5680506,-3,3,44
1761620451.6050508,0,-2,36
1761620451.6440508,-1,-2,24
1761620451.6800506,2,-3,41
1761620451.7190506,-8,-4,46
1761620451.7560508,-4,0,37
1761620451.7940507,-5,3,45
1761620451.8300507,0,4,44
1761620451.8680508,0,4,46
1761620451.9060507,0,3,35
1761620451.9440508,-1,-3,32
1761620451.9800508,4,-4,22
1761620452.0170507,4,-1,30
1761620452.0560508,-3,-7,27
1761620452.0940506,-6,-4,34
1761620452.130051,-3,-5,36
1761620452.1680508,7,1,29
1761620452.2060506,7,-5,34
1761620452.2440507,4,-3,37
1761620452.2800508,0,0,28
1761620452.3170507,-1,5,29
1761620452.3560507,5,-5,35
1761620452.3940508,9,-8,33
1761620452.4300506,3,-3,46
1761620452.4680507,5,2,48
1761620452.5060508,2,3,53
1761620452.5440507,-4,1,39
1761620452.5800507,-6,4,37
1761620452.6260507,-3,-1,42
1761620452.6640508,1,-6,45
1761620452.7000508,2,-3,43
1761620452.7380507,-4,0,31
1761620452.7770507,-5,3,34
1761620452.8150508,-2,2,41
1761620452.8520508,-4,-6,42
1761620452.8900506,-1,-3,39
1761620452.9270508,-5,-1,38
1761620452.9660506,2,3,39
1761620453.0020506,5,-2,40
1761620453.0390508,7,-7,21
1761620453.0770507,-1,-3,39
1761620453.1160507,-2,-1,35
1761620453.1520507,-3,-6,34
1761620453.1900508,0,1,34
1761620453.2270508,1,4,29
1761620453.2650506,6,2,36
1761620453.301051,5,4,43
1761620453.3390508,1,-1,43
1761620453.3770506,-1,3,40
1761620453.4150507,0,9,40
1761620453.4510508,0,4,47
1761620453.4890506,5,0,39
1761620453.5260508,6,3,35
1761620453.5620508,6,0,37
1761620453.5990508,6,0,38
1761620453.6360507,1,2,20
1761620453.6720507,1,1,34
1761620453.7100508,-4,-2,43
1761620453.7480507,4,2,40
1761620453.7860508,-6,5,40
1761620453.8230507,0,7,40
1761620453.860051,2,0,38
1761620453.8980508,0,0,33
1761620453.936051,-4,0,34
1761620453.972051,3,4,40
1761620454.0090508,0,4,41
1761620454.0470507,-8,2,43
1761620454.0850508,0,-4,36
1761620454.1210508,2,-4,43
1761620454.1580508,4,0,39
1761620454.1960506,7,-9,46
1761620454.232051,-5,-8,49
1761620454.2690508,0,0,46
1761620454.3070507,-7,4,39
1761620454.3450508,-3,5,42
1761620454.3810508,2,0,31
1761620454.4180508,-2,-6,28
1761620454.4570508,-6,-7,31
1761620454.495051,-3,-5,43
1761620454.5310507,-4,-3,41
1761620454.5690508,-2,-4,30
1761620454.607051,-5,-3,46
1761620454.6460507,-2,-4,42
1761620454.6820507,3,-7,37
1761620454.7190506,0,3,39
1761620454.7570508,-5,-1,36
1761620454.7960508,-4,-3,41
1761620454.8320508,-4,2,31
1761620454.8690507,0,1,34
1761620454.9070508,-7,0,31
1761620454.9450507,-1,0,34
1761620454.9810507,0,0,37
1761620455.018051,2,0,26
1761620455.0560508,-3,-4,32
1761620455.0920508,0,-4,37
1761620455.130051,5,0,38
1761620455.1670508,0,-3,30
1761620455.2050507,2,-1,36
1761620455.2410507,-1,4,47
1761620455.278051,-4,-9,39
1761620455.3170507,2,-4,33
1761620455.3530507,2,-5,39
1761620455.3910508,-2,-3,36
1761620455.4290507,0,3,30
1761620455.4670508,1,-2,26
1761620455.5030508,2,3,20
1761620455.541051,-1,-3,34
1761620455.5780506,-4,0,31
1761620455.6170506,-3,1,35
1761620455.653051,3,0,38
1761620455.6900508,-2,-2,47
1761620455.7280507,-9,-4,47
1761620455.7670507,-2,-2,40
1761620455.8030508,0,1,32
1761620455.8400507,2,0,37
1761620455.8770506,-6,-1,30
1761620455.916051,1,-5,36
1761620455.9520507,4,-9,37
1761620455.9890506,-3,-4,41
1761620456.0270507,-1,-5,31
1761620456.0660508,-7,-5,41
1761620456.1020508,-12,-4,40
1761620456.1400506,-6,0,26
1761620456.1780508,-5,6,34
1761620456.2170508,-1,1,37
1761620456.2530508,4,0,40
1761620456.2900507,1,-2,42
1761620456.3280506,3,4,40
1761620456.3660507,0,8,39
1761620456.4020507,6,-2,40
1761620456.439051,-3,2,35
1761620456.4770508,-1,-5,28
1761620456.5130508,-1,-6,37
1761620456.551051,-2,-4,43
1761620456.5890508,-6,0,46
1761620456.6270506,0,-6,35
1761620456.663051,3,1,24
1761620456.7000508,4,3,25
1761620456.7380507,3,0,32
1761620456.7760508,1,4,38
1761620456.8120508,2,5,25
1761620456.8490508,0,0,33
1761620456.8870506,7,-1,31
1761620456.9230506,2,-1,35
1761620456.9600508,1,-1,40
1761620456.9980507,-3,-8,30
1761620457.0360508,-3,-1,37
1761620457.0720508,4,-1,38
1761620457.1090508,2,-1,32
1761620457.1470506,-1,-1,32
1761620457.1830506,-4,-1,32
1761620457.2210507,-2,-2,35
1761620457.2590508,-3,-2,34
1761620457.2980506,1,-5,29
1761620457.3360507,-3,-1,39
1761620457.3720508,2,-1,35
1761620457.4090507,4,0,36
1761620457.4470508,-3,-3,52
1761620457.4830508,1,-6,51
1761620457.5210507,0,0,52
1761620457.5590508,-1,3,33
1761620457.597051,-1,-1,35
1761620457.633051,-1,-6,22
1761620457.6720507,5,0,27
1761620457.709051,3,0,32
1761620457.7470508,-6,1,36
1761620457.7830508,-4,4,36
1761620457.8200507,5,1,32
1761620457.8580508,0,-2,35
1761620457.8940508,0,-12,20
1761620457.9310508,-6,-7,23
1761620457.9690506,-7,-2,27
1761620458.008051,2,-2,37
1761620458.0440507,-3,1,31
1761620458.0810506,3,-4,32
1761620458.1180508,-5,-4,38
1761620458.1570508,1,-2,34
1761620458.1930506,6,1,40
1761620458.2300508,4,3,38
1761620458.268051,3,0,35
1761620458.3040507,4,-1,33
1761620458.3410506,0,-5,39
1761620458.3790507,0,8,29
1761620458.4170508,1,-5,29
1761620458.4530506,-4,2,33
1761620458.4910507,2,1,39
1761620458.5290508,8,3,45
1761620458.5670507,9,-3,41
1761620458.6030507,-1,-1,29
1761620458.6410508,0,1,42
1761620458.6790507,0,2,46
1761620458.7170508,-2,-3,35
1761620458.7530508,-3,-5,21
1761620458.791051,-1,-6,29
1761620458.8290508,-2,-7,30
1761620458.8680508,-3,-7,29
1761620458.9040508,-2,-5,25
1761620458.9420507,0,-4,34
1761620458.9790506,1,-6,34
1761620459.018051,-1,-8,33
1761620459.0540507,-4,-2,36
1761620459.0920508,-6,-1,38
1761620459.130051,3,0,33
1761620459.1680508,6,-4,34
1761620459.2040508,-3,-12,40
1761620459.2420506,0,-5,41
1761620459.2790508,-4,-6,30
1761620459.3180506,2,-5,34
1761620459.3540506,3,0,32
1761620459.3920507,-9,2,44
1761620459.4300506,0,5,45
1761620459.4680507,0,7,37
1761620459.5040507,2,0,36
1761620459.5430508,-5,0,40
1761620459.5800507,-5,2,36
1761620459.6190507,-6,-4,30
1761620459.6550508,3,2,36
1761620459.6920507,0,-7,45
1761620459.7290506,0,-1,28
1761620459.768051,-1,-3,26
1761620459.8040507,-1,1,29
1761620459.8410506,0,-2,31
1761620459.8790507,1,-4,30
1761620459.9150507,0,0,37
1761620459.9520507,7,-7,34
1761620459.9900508,-1,-9,24
1761620460.0290508,-9,-3,36
1761620460.0660508,-3,-4,53
1761620460.1030507,-2,2,45
1761620460.1400506,6,5,50
1761620460.1780508,6,3,56
1761620460.2140508,2,-2,46
1761620460.2510507,0,-5,36
1761620460.2890508,3,-2,37
1761620460.3250508,11,0,37
1761620460.3620508,0,-3,41
1761620460.4000506,0,-8,37
1761620460.4380507,5,-4,26
1761620460.4740508,4,0,45
1761620460.5110507,17,0,42
1761620460.5490508,10,-7,28
1761620460.5850508,0,-4,36
1761620460.6220508,-7,-3,43
1761620460.6610508,-3,-6,34
1761620460.699051,-4,7,38
1761620460.735051,-4,1,38
1761620460.7720506,-1,-2,42
1761620460.8100507,0,-1,36
1761620460.8490508,0,1,30
1761620460.8850508,0,-4,41
1761620460.9230506,0,4,40
1761620460.9610507,-7,1,46
1761620460.9990506,1,-1,40
1761620461.0350506,-2,2,33
1761620461.0730507,-4,0,46
1761620461.110051,-1,0,45
1761620461.1490507,-2,0,29
1761620461.1850507,-2,-2,31
1761620461.2240508,-4,-4,28
1761620461.2610507,-6,-7,29
1761620461.3000507,-10,1,32
1761620461.3380508,-1,-2,29
1761620461.3740506,2,-5,36
1761620461.4110508,-1,0,32
1761620461.449051,-5,-3,26
1761620461.485051,0,0,28
1761620461.5230508,-4,-4,38
1761620461.561051,2,-3,47
1761620461.5990508,1,5,40
1761620461.6350508,-2,0,50
1761620461.6720507,3,-2,46
1761620461.7100508,5,-4,39
1761620461.7460508,10,-6,46
1761620461.7830508,6,-5,42
1761620461.8210506,0,-1,27
1761620461.8590508,-1,-2,40
1761620461.8950508,-4,2,37
1761620461.9320507,-4,0,42
1761620461.9700508,-4,-5,49
1761620462.0060508,-3,-8,47
1761620462.0430508,0,-2,39
1761620462.0800507,6,-9,30
1761620462.1160507,5,0,37
1761620462.153051,-4,0,27
1761620462.1910508,-4,0,32
1761620462.2290506,5,-6,30
1761620462.2650506,2,-5,39
1761620462.3020508,1,-4,34
1761620462.3400507,-4,-5,34
1761620462.3760507,-2,0,44
1761620462.413051,3,2,42
1761620462.4500508,-4,-6,45
1761620462.4890506,0,1,37
1761620462.5250506,-1,-1,33
1761620462.5620508,-2,0,32
1761620462.6000507,-3,-3,29
1761620462.6450508,0,2,29
1761620462.6820507,-7,0,29
1761620462.7210507,-7,3,39
1761620462.7590508,5,-2,33
1761620462.7950506,3,3,41
1761620462.8320508,5,2,38
1761620462.870051,3,1,32
1761620462.9060507,0,0,37
1761620462.9450507,0,-2,23
1761620462.982051,0,-3,37
1761620463.0210507,-2,0,33
1761620463.0590508,0,-3,37
1761620463.0950508,-1,0,27
1761620463.1320508,-2,2,43
1761620463.1710508,-2,-2,33
1761620463.209051,-1,-5,48
1761620463.245051,-5,1,54
1761620463.2830508,0,0,42
1761620463.3210506,-2,3,36
1761620463.3590508,7,-1,52
1761620463.3950508,1,-4,44
1761620463.4320507,-3,2,27
1761620463.4710507,-1,-2,25
1761620463.5090508,-2,-3,33
1761620463.5450506,-2,-2,38
1761620463.5820508,0,0,37
1761620463.6210508,-2,-3,32
1761620463.6590507,0,-3,42
1761620463.6950507,1,-4,33
1761620463.732051,7,2,29
1761620463.7710507,0,-5,22
1761620463.8090508,-5,-3,15
1761620463.8460507,3,-3,46
1761620463.883051,2,-3,35
1761620463.9210508,1,-4,37
1761620463.9570508,-1,-8,47
1761620463.9940507,0,-5,49
1761620464.0310507,0,-13,50
1761620464.0670507,-3,-6,47
1761620464.1050508,-3,-4,53
1761620464.1420507,1,-6,44
1761620464.1810508,14,0,45
1761620464.2170508,6,-1,29
1761620464.2540507,0,-2,15
1761620464.2930508,-6,0,34
1761620464.3310506,0,-4,33
1761620464.3670506,11,-3,32
1761620464.4040508,3,-6,33
1761620464.4410508,-1,-4,37
1761620464.4800508,1,0,45
1761620464.5160508,-3,-2,47
1761620464.5540507,-7,-2,36
1761620464.5920508,-8,-4,30
1761620464.6310508,-2,1,35
1761620464.6670508,-2,-9,29
1761620464.7040508,0,-2,38
1761620464.7410507,3,-8,32
1761620464.7800508,2,-4,47
1761620464.8160508,-7,-2,54
1761620464.8540506,-3,0,44
1761620464.893051,5,-1,38
1761620464.9310508,0,5,40
1761620464.9670508,-3,0,35
1761620465.0040507,-1,3,36
1761620465.0420508,1,5,33
1761620465.0800507,0,-4,34
1761620465.1160507,0,-5,33
1761620465.1540508,-4,-10,31
1761620465.1920507,-7,-2,33
1761620465.2310507,3,-2,42
1761620465.2670507,4,-5,32
1761620465.3050506,-2,0,23
1761620465.3430507,1,-2,36
1761620465.3810508,2,1,38
1761620465.4170508,-3,0,32
1761620465.4540508,0,5,25
1761620465.4920506,-3,0,38
1761620465.5300508,-6,-3,42
1761620465.5660508,5,-3,34
1761620465.6030507,0,0,39
1761620465.6410508,-6,-2,33
1761620465.6770508,-5,-3,34
1761620465.7140508,-6,-5,42
1761620465.7520506,-9,0,36
1761620465.7900507,-5,0,38
1761620465.8260508,3,0,37
1761620465.8640506,5,-9,37
1761620465.9020507,-5,-6,32
1761620465.9400508,-3,-7,42
1761620465.9760506,2,-1,42
1761620466.0140507,2,-2,42
1761620466.0520508,4,-6,34
1761620466.0900507,0,-3,32
1761620466.1260507,5,-1,28
1761620466.163051,7,-3,37
1761620466.2020507,7,1,38
1761620466.2380507,3,3,41
1761620466.2760508,4,-2,28
1761620466.3130507,3,-3,43
1761620466.3520508,-1,-6,43
1761620466.3880508,-9,-4,46
1761620466.4270508,4,0,40
1761620466.4640508,4,-4,35
1761620466.5020506,3,-2,44
1761620466.538051,1,-1,41
1761620466.5770507,5,-5,41
1761620466.6140506,-2,-5,47
1761620466.6520507,0,1,40
1761620466.6910508,-1,1,32
1761620466.7270508,4,-4,37
1761620466.7640507,-10,-4,30
1761620466.8030508,0,2,36
1761620466.8410506,0,2,35
1761620466.8780508,-2,-9,39
1761620466.9150507,-1,-8,41
1761620466.9530506,-1,-4,37
1761620466.9920506,3,-6,34
1761620467.028051,2,-6,27
1761620467.0650508,-1,-1,33
1761620467.1030507,1,0,27
1761620467.1410508,5,-2,30
1761620467.1770508,1,-9,31
1761620467.2150507,-4,-3,38
1761620467.2530508,-5,4,34
1761620467.291051,0,-1,26
1761620467.3270507,2,0,30
1761620467.3650508,1,4,27
1761620467.403051,1,2,22
1761620467.4410508,5,-6,21
1761620467.4770508,0,-9,30
1761620467.5140507,0,-2,29
1761620467.5530508,3,-2,32
1761620467.5910506,6,-2,30
1761620467.6270506,4,-5,26
1761620467.6650507,-3,3,32
1761620467.7030506,-3,6,31
1761620467.7410507,-2,0,27
1761620467.7770507,-5,-1,32
1761620467.8150508,-3,-2,32
1761620467.8540506,0,1,40
1761620467.8920507,5,-5,32
1761620467.9280508,-4,5,33
1761620467.9650507,-6,4,25
1761620468.0040507,3,2,28
1761620468.0420508,-3,-2,38
1761620468.0780506,0,0,36
1761620468.1150508,-1,-4,27
1761620468.1540508,2,-4,46
1761620468.1920507,2,-1,51
1761620468.2280507,4,1,39
1761620468.2650506,9,-5,34
1761620468.3030508,-4,-5,39
1761620468.3410506,-3,3,36
1761620468.3770506,-6,-1,36
1761620468.4140508,-6,1,38
1761620468.4520507,0,1,50
1761620468.4880507,1,-3,41
1761620468.5250506,4,-5,28
1761620468.5630507,-4,-2,32
1761620468.5990508,-5,-6,39
1761620468.6360507,-2,-6,48
1761620468.6740508,-2,-1,34
1761620468.7130508,0,2,25
1761620468.7490506,-6,-2,19
1761620468.7860508,-5,-4,34
1761620468.824051,0,-7,35
1761620468.8630507,1,-9,36
1761620468.8990507,1,-5,32
1761620468.936051,-4,-2,33
1761620468.9750507,-7,-5,25
1761620469.0130508,-1,0,24
1761620469.0490508,3,0,26
1761620469.0860507,6,1,41
1761620469.1230507,-3,-3,39
1761620469.1620507,0,0,36
1761620469.1980507,3,-6,32
1761620469.235051,-1,-7,30
1761620469.2740507,0,-6,44
1761620469.3120508,0,-4,40
1761620469.3480508,1,0,33
1761620469.3850508,-2,-5,41
1761620469.4240508,-3,-7,34
1761620469.462051,-5,0,34
1761620469.4980507,-3,1,36
1761620469.5350506,-2,-5,42
1761620469.574051,-5,-7,52
1761620469.6120508,0,-8,41
1761620469.6480508,-8,-13,28
1761620469.686051,-8,-6,38
1761620469.7250507,-7,-3,42
1761620469.7630508,-6,-1,30
1761620469.7990508,-3,0,39
1761620469.8360507,2,-4,38
1761620469.8750508,3,0,39
1761620469.913051,-4,0,41
1761620469.949051,-3,-8,44
1761620469.9860508,1,-4,36
1761620470.0240507,-1,-5,40
1761620470.0630507,2,-2,40
1761620470.0990508,6,-5,37
1761620470.1370506,-2,2,24
1761620470.1740508,4,2,29
1761620470.212051,4,0,42
1761620470.2480507,3,-4,46
1761620470.2850506,0,-2,32
1761620470.324051,-3,-2,45
1761620470.3620508,0,-4,38
1761620470.3980508,-5,-9,29
1761620470.436051,-1,-6,42
1761620470.4740508,-3,-9,41
1761620470.5130508,3,-8,32
1761620470.5490508,4,-3,34
1761620470.5860507,3,0,42
1761620470.6240506,-2,2,42
1761620470.663051,-1,0,45
1761620470.699051,-2,3,37
1761620470.7360508,4,-3,31
1761620470.7740507,3,-1,35
1761620470.8100507,5,0,30
1761620470.8480508,3,2,24
1761620470.8850508,11,-4,37
1761620470.9230506,7,-4,45
1761620470.959051,-3,-1,42
1761620470.9970508,0,-5,32
1761620471.0340507,-1,-4,29
1761620471.0730507,9,-4,33
1761620471.1090508,3,-4,39
1761620471.1460507,3,2,40
1761620471.1840508,7,0,38
1761620471.2200508,1,-1,39
1761620471.258051,1,0,43
1761620471.2950506,1,-2,38
1761620471.3330507,-1,-3,35
1761620471.3690507,2,-2,38
1761620471.4060507,-6,-4,39
1761620471.4450507,0,2,37
1761620471.4830508,7,-1,36
1761620471.5190508,2,-2,38
1761620471.5560508,0,3,40
1761620471.5940506,-3,0,49
1761620471.630051,-8,-6,45
1761620471.6670508,-3,-1,32
1761620471.7060506,0,0,38
1761620471.7440507,1,0,28
1761620471.7800508,5,6,41
1761620471.8170507,8,5,45
1761620471.8550508,0,0,43
1761620471.893051,2,-7,50
1761620471.9290507,6,-3,40
1761620471.9660506,-4,-2,36
1761620472.005051,-6,-5,40
1761620472.0430508,1,-9,36
1761620472.0790508,-2,-7,32
1761620472.1160507,-3,-6,44
1761620472.1550508,0,-4,28
1761620472.1930506,1,-9,34
1761620472.2290506,-2,-4,41
1761620472.268051,-2,-5,40
1761620472.3050506,2,2,37
1761620472.3430507,4,7,44
1761620472.3790507,-2,0,45
1761620472.416051,-6,-2,40
1761620472.4550507,-5,-2,24
1761620472.4930508,-2,-5,32
1761620472.5290508,0,-6,43
1761620472.5660508,2,-3,46
1761620472.6050508,-6,2,35
1761620472.6480508,-6,4,36
1761620472.686051,-1,4,36
1761620472.7240508,2,-5,40
1761620472.7600508,-5,-6,35
1761620472.7970507,0,-1,32
1761620472.8350508,6,2,39
1761620472.8710508,1,2,46
1761620472.9090507,-1,-6,40
1761620472.9480507,1,-1,30
1761620472.985051,5,1,51
1761620473.0210507,3,-2,37
1761620473.0590508,1,-2,33
1761620473.0960507,5,-2,35
1761620473.1350508,11,3,35
1761620473.1710508,7,0,43
1761620473.209051,3,8,41
1761620473.2470508,7,2,44
1761620473.2850506,8,4,41
1761620473.3210506,5,3,33
1761620473.3590508,1,11,38
1761620473.3960507,0,0,41
1761620473.4350507,0,-6,37
1761620473.4710507,-1,-10,30
1761620473.5090508,-1,-7,35
1761620473.5470507,7,10,34
1761620473.5850508,5,9,29
1761620473.6210508,-1,12,45
1761620473.6580508,4,-2,45
1761620473.6960506,3,0,37
1761620473.735051,3,3,38
1761620473.7710507,-6,4,32
1761620473.8080506,0,1,23
1761620473.8460507,-8,-2,40
1761620473.8840508,-4,-1,41
1761620473.9200506,-6,-3,47
1761620473.9570508,-4,-3,49
1761620473.9960508,-1,-6,41
1761620474.0340507,9,-7,40
1761620474.0700507,2,-11,37
1761620474.107051,0,-3,27
1761620474.1460507,0,-7,35
1761620474.1840508,-2,-4,35
1761620474.2200508,-1,-4,43
1761620474.258051,1,1,38
1761620474.2960508,0,3,33
1761620474.334051,0,-1,23
1761620474.370051,3,-5,25
1761620474.4080508,4,-5,30
1761620474.4460506,5,0,46
1761620474.4840508,0,1,21
1761620474.5200508,1,-1,32
1761620474.5580506,7,2,29
1761620474.5960507,-2,-1,37
1761620474.6340508,1,0,34
1761620474.6700506,-6,1,41
1761620474.7070508,1,-4,41
1761620474.7460508,9,-8,35
1761620474.7840507,1,-7,35
1761620474.8200507,6,-7,24
1761620474.857051,10,-6,29
1761620474.8960507,3,4,32
1761620474.9340508,3,-4,37
1761620474.9700508,5,-3,45
1761620475.008051,4,-9,55
1761620475.0460508,4,2,50
1761620475.0820508,4,-2,42
1761620475.1190507,0,2,42
1761620475.1560507,2,-2,51
1761620475.1950507,-4,-4,34
1761620475.2310507,0,-5,28
1761620475.268051,-5,1,35
1761620475.3070507,-4,5,27
1761620475.3450508,-4,3,43
1761620475.3810508,0,-3,31
1761620475.4180508,0,2,35
1761620475.4560506,0,-1,38
1761620475.4920506,-8,-1,33
1761620475.5290508,-4,-1,27
1761620475.5670507,-2,-4,43
1761620475.6060507,5,-6,42
1761620475.6420507,0,-7,29
1761620475.6790507,0,-4,29
1761620475.7160506,-2,-10,29
1761620475.755051,0,-7,45
1761620475.791051,0,-3,40
1761620475.8290508,1,6,44
1761620475.8670506,-4,4,35
1761620475.9050508,-4,3,46
1761620475.9410508,-3,1,41
1761620475.9790506,2,2,40
1761620476.0170507,3,2,30
1761620476.0550506,0,4,24
1761620476.0910506,-4,0,28
1761620476.1280508,-1,-1,34
1761620476.1670508,2,2,30
1761620476.2050507,-13,5,36
1761620476.2410507,-2,-1,30
1761620476.2790508,-1,-4,36
1761620476.3170507,-6,3,34
1761620476.3550508,1,-6,39
1761620476.3910508,-7,-4,35
1761620476.4280508,5,-5,30
1761620476.4660506,5,-1,31
1761620476.5020506,4,-6,30
1761620476.5390508,-1,-8,44
1761620476.5770507,4,-7,35
1761620476.6150508,1,-3,25
1761620476.6510508,4,-5,28
1761620476.6880507,8,-5,31
1761620476.7260506,6,7,38
1761620476.7620506,1,5,38
1761620476.8000507,-3,3,44
1761620476.837051,8,4,38
1761620476.8760507,5,2,34
1761620476.9120507,2,0,31
1761620476.949051,-3,-9,40
1761620476.9870508,-7,-5,39
1761620477.0260508,0,1,32
1761620477.0620508,0,3,31
1761620477.0990508,6,-5,39
1761620477.1370506,0,-4,38
1761620477.1730506,-3,-6,32
1761620477.2100508,4,-2,42
1761620477.2470508,4,-3,29
1761620477.2830508,-3,1,31
1761620477.3200507,-2,3,40
1761620477.3580508,-6,1,35
1761620477.3960507,-10,1,37
1761620477.4320507,-4,2,39
1761620477.4690506,2,-5,32
1761620477.5070508,3,-7,33
1761620477.5430508,6,-1,33
1761620477.5800507,16,4,32
1761620477.6170506,3,5,29
1761620477.653051,0,3,27
1761620477.6900508,-6,0,39
1761620477.7270508,2,0,47
1761620477.7630508,-3,-3,52
1761620477.801051,0,8,48
1761620477.8380508,6,4,46
1761620477.8760507,3,-2,39
1761620477.9120507,4,0,39
1761620477.949051,-2,1,40
1761620477.9880507,-3,-1,36
1761620478.0260508,4,-3,37
1761620478.0620508,-2,-3,40
1761620478.1000507,1,0,29
1761620478.1380508,0,-8,31
1761620478.176051,-4,-3,35
1761620478.212051,-6,-3,34
1761620478.2500508,-10,5,34
1761620478.288051,-7,-3,43
1761620478.3270507,-4,2,36
1761620478.3630507,2,0,38
1761620478.4010508,3,4,41
1761620478.4380507,0,-2,47
1761620478.4760506,0,-1,40
1761620478.5120506,3,-2,36
1761620478.5500507,2,2,40
1761620478.5880508,-2,11,35
1761620478.6260507,-2,4,27
1761620478.6620507,0,1,33
1761620478.699051,-11,-1,38
1761620478.7380507,-2,-11,33
1761620478.7760508,-5,2,34
1761620478.8120508,-3,11,37
1761620478.8490508,7,10,39
1761620478.8880508,4,7,28
1761620478.926051,7,-4,31
1761620478.962051,6,-5,28
1761620478.9990506,2,-5,35
1761620479.038051,-2,-4,44
1761620479.0760508,2,0,35
1761620479.1120508,4,-4,30
1761620479.1490507,-1,2,30
1761620479.1870508,0,-2,33
1761620479.2230508,1,-8,34
1761620479.2610507,-8,2,36
1761620479.2980506,-7,-1,42
1761620479.337051,1,2,40
1761620479.3730507,-1,-1,44
1761620479.4110508,0,-2,37
1761620479.4480507,4,-2,47
1761620479.4840508,-5,-10,47
1761620479.5210507,-4,-2,42
1761620479.5590508,-2,0,39
1761620479.5980508,-3,0,38
1761620479.6340508,-7,-2,37
1761620479.6710508,-5,-4,44
1761620479.709051,-5,0,38
1761620479.7480507,-1,0,37
1761620479.7840507,0,5,34
1761620479.8220508,3,-2,43
1761620479.8590508,4,-7,57
1761620479.8980508,2,-3,34
1761620479.9340508,3,-2,33
1761620479.9710507,-2,-5,34
1761620480.0100508,-2,-3,35
1761620480.0480506,3,3,37
1761620480.084051,4,1,32
1761620480.1210508,4,3,18
1761620480.1590507,0,-3,32
1761620480.1970508,-3,-3,33
1761620480.2330508,-1,-1,29
1761620480.2710507,0,-1,31
1761620480.3090508,-1,-3,39
1761620480.347051,2,-8,36
1761620480.383051,-1,-6,34
1761620480.4210508,-4,-6,23
1761620480.459051,-1,2,32
1761620480.4980507,0,-4,41
1761620480.5340507,2,-1,35
1761620480.5710506,3,-1,40
1761620480.6090508,10,-5,38
1761620480.6470506,3,-12,39
1761620480.6830506,0,-10,35
1761620480.7200508,-6,-1,35
1761620480.7590508,-2,-11,38
1761620480.7970507,3,-6,31
1761620480.8330507,5,-14,36
1761620480.870051,12,0,47
1761620480.9080508,5,1,40
1761620480.9440508,7,-4,41
1761620480.9810507,7,0,37
1761620481.0190508,6,-4,30
1761620481.0570507,-2,-3,34
1761620481.0930507,-3,-7,30
1761620481.1310508,4,-4,39
1761620481.1690507,-2,-3,46
1761620481.2070508,0,-11,36
1761620481.2430508,0,-8,38
1761620481.2810507,2,-1,32
1761620481.3190508,-2,3,28
1761620481.3550508,-2,-2,30
1761620481.3920507,-1,0,25
1761620481.4290507,0,-3,33
1761620481.4650507,0,1,30
1761620481.5020506,-5,-6,45
1761620481.5400507,1,-5,38
1761620481.5790508,-1,-6,35
1761620481.6150508,0,0,34
1761620481.6520507,1,0,31
1761620481.689051,-5,-6,33
1761620481.7280507,0,-4,39
1761620481.7640507,7,-3,40
1761620481.801051,1,-1,43
1761620481.8390508,3,0,36
1761620481.8750508,4,-5,41
1761620481.913051,10,-5,36
1761620481.9500508,1,0,41
1761620481.9880507,-2,0,40
1761620482.0240507,1,-4,40
1761620482.061051,0,-8,35
1761620482.0990508,9,-5,37
1761620482.1380508,-2,3,34
1761620482.1740508,0,2,35
1761620482.2110507,-1,-1,39
1761620482.2500508,4,-8,30
1761620482.288051,-1,-7,28
1761620482.324051,-1,-5,30
1761620482.3610508,-3,-6,40
1761620482.4000506,-1,-4,33
1761620482.4380507,-3,1,36
1761620482.4740508,-4,-1,42
1761620482.5110507,-3,0,45
1761620482.5500507,0,0,44
1761620482.5880508,0,0,50
1761620482.6240506,-3,-1,42
1761620482.6700506,-6,0,41
1761620482.7080507,2,-2,37
1761620482.7440507,0,0,42
1761620482.7820508,1,-2,39
1761620482.8200507,3,-5,32
1761620482.8590508,1,-1,31
1761620482.8950508,-1,-3,45
1761620482.9330506,3,0,49
1761620482.9710507,8,-3,48
1761620483.0090508,2,-1,48
1761620483.0450506,-5,-7,31
1761620483.0830507,-2,-3,29
1761620483.1210508,3,-3,42
1761620483.1600506,-3,-7,32
1761620483.1980507,1,-6,36
1761620483.2340508,-2,1,42
1761620483.2710507,4,1,38
1761620483.3090508,5,-2,44
1761620483.3450508,3,-5,39
1761620483.383051,3,0,35
1761620483.4200506,2,0,47
1761620483.459051,0,-2,51
1761620483.495051,4,0,38
1761620483.5330508,2,-3,29
1761620483.5700507,-1,0,40
1761620483.6090508,7,-4,35
1761620483.6450508,3,-10,41
1761620483.6830506,-2,-6,43
1761620483.7210507,1,-3,37
1761620483.7600508,-1,-4,44
1761620483.7960508,-3,-1,47
1761620483.834051,1,-1,42
1761620483.8720508,2,-1,37
1761620483.9100506,-6,0,29
1761620483.9460506,0,0,30
1761620483.9830508,-3,-2,50
1761620484.0210507,0,-4,33
1761620484.0600507,2,-2,43
1761620484.0960507,-3,3,40
1761620484.133051,-8,7,42
1761620484.1700506,3,-3,25
1761620484.209051,4,0,31
1761620484.245051,-2,-1,33
1761620484.2830508,7,-9,42
1761620484.3200507,7,-4,30
1761620484.3560507,4,-10,40
1761620484.393051,2,-3,39
1761620484.4300506,2,-2,38
1761620484.4690506,0,-5,31
1761620484.505051,0,-4,33
1761620484.5420508,-1,-4,28
1761620484.5810506,0,-3,49
1761620484.6190507,0,-4,46
1761620484.6550508,-6,0,34
1761620484.6930506,-8,-4,31
1761620484.7310507,5,0,22
1761620484.7690508,1,1,21
1761620484.8050506,-4,4,33
1761620484.8420508,-1,-1,34
1761620484.8810508,11,1,44
1761620484.9190507,4,-1,44
1761620484.9550507,5,-1,40
1761620484.9920506,0,-3,31
1761620485.0300508,0,0,42
1761620485.0660508,0,4,37
1761620485.1030507,1,0,33
1761620485.1410508,-1,2,39
1761620485.1790507,-3,-2,40
1761620485.2150507,-1,-2,32
1761620485.2530508,-4,1,43
1761620485.291051,2,0,22
1761620485.3290508,-9,1,30
1761620485.3650508,-4,0,32
1761620485.403051,-1,0,31
1761620485.4410508,-4,1,22
1761620485.4790506,2,0,34
1761620485.5150506,0,1,36
1761620485.5520508,-1,-5,38
1761620485.5910506,-1,-5,34
1761620485.6290507,3,0,35
1761620485.6650507,7,-4,35
1761620485.7020507,5,0,36
1761620485.7400508,4,-3,38
1761620485.7760508,0,-7,28
1761620485.8130507,-2,-2,39
1761620485.8510506,8,0,36
1761620485.8870506,10,-2,40
1761620485.9240508,3,-4,19
1761620485.9610507,0,-1,23
1761620485.9970508,0,0,40
1761620486.0340507,0,-1,36
1761620486.0710506,6,0,37
1761620486.107051,0,3,44
1761620486.1440508,2,0,48
1761620486.1810508,5,-1,35
1761620486.2200508,1,0,33
1761620486.2560508,-1,0,27
1761620486.2930508,6,-2,28
1761620486.3310506,0,0,34
1761620486.3670506,0,-5,35
1761620486.4040508,-6,-5,34
1761620486.4420507,0,-2,37
1761620486.4800508,5,-5,38
1761620486.5160508,5,-7,29
1761620486.5530508,5,-6,34
1761620486.5910506,-3,2,30
1761620486.6270506,1,2,31
1761620486.6640508,0,-2,38
1761620486.7020507,3,-2,45
1761620486.7400508,0,-1,49
1761620486.7760508,-2,1,41
1761620486.8130507,-3,3,29
1761620486.8510506,-3,-3,24
1761620486.8870506,-5,0,40
1761620486.9240508,0,6,39
1761620486.962051,-6,-3,31
1761620487.0000508,0,-4,36
1761620487.0360508,-1,-1,34
1761620487.074051,-2,-4,34
1761620487.1120508,-2,0,42
1761620487.1510508,2,-11,42
1761620487.1870508,0,-11,46
1761620487.2240508,0,-8,45
1761620487.2620506,-10,-6,40
1761620487.3000507,-4,-2,30
1761620487.3360507,-1,-11,37
1761620487.3730507,5,0,43
1761620487.4110508,-5,-3,47
1761620487.4470508,-7,-2,44
1761620487.485051,0,1,45
1761620487.5220506,3,-6,43
1761620487.5600507,2,-6,37
1761620487.5960507,0,2,33
1761620487.633051,5,-5,39
1761620487.6710508,0,-6,29
1761620487.7070508,0,-5,27
1761620487.745051,-3,-7,25
1761620487.7830508,5,-5,32
1761620487.8220508,-2,-6,43
1761620487.860051,9,-3,48
1761620487.8960507,2,-1,38
1761620487.9330506,-5,-1,41
1761620487.972051,8,-1,34
1761620488.008051,12,2,41
1761620488.0450506,6,0,43
1761620488.0820508,-2,1,32
1761620488.1180508,6,-6,38
1761620488.1560507,1,-7,30
1761620488.1930506,-4,-5,29
1761620488.232051,4,-1,20
1761620488.268051,-2,-5,32
1761620488.3060508,3,-1,40
1761620488.3440506,0,1,43
1761620488.3820508,-4,2,50
1761620488.4180508,-3,4,40
1761620488.4550507,4,-3,33
1761620488.4940507,-3,-1,35
1761620488.5320508,-2,2,41
1761620488.5680506,0,1,27
1761620488.6060507,2,2,32
1761620488.643051,-9,-1,35
1761620488.6820507,-8,3,43
1761620488.7180507,-8,-1,30
1761620488.755051,0,-5,33
1761620488.7930508,-6,0,35
1761620488.8310506,1,-1,38
1761620488.8670506,2,5,28
1761620488.9050508,-5,3,36
1761620488.9430506,-2,-3,36
1761620488.9810507,0,-3,45
1761620489.0170507,3,-5,40
1761620489.0550506,5,2,40
1761620489.0930507,10,0,37
1761620489.1310508,3,-2,38
1761620489.1670508,-2,-2,34
1761620489.2050507,-1,0,32
1761620489.2430508,-5,-6,30
1761620489.2810507,1,0,32
1761620489.3170507,7,0,38
1761620489.3550508,-3,0,45
1761620489.393051,-3,3,30
1761620489.4310508,-3,-1,32
1761620489.4670508,2,0,33
1761620489.5040507,1,0,29
1761620489.5420508,0,-2,40
1761620489.5780506,0,-2,34
1761620489.6150508,-6,2,28
1761620489.653051,-7,5,36
1761620489.6910508,-8,3,45
1761620489.7270508,-9,0,35
1761620489.7640507,-2,-2,39
1761620489.8030508,-3,-5,26
1761620489.8410506,-4,-7,33
1761620489.8770506,0,-10,41
1761620489.9150507,10,-11,39
1761620489.9530506,5,-5,38
1761620489.9910507,3,-7,25
1761620490.0270507,1,-8,27
1761620490.064051,4,-3,29
1761620490.1030507,-2,-8,37
1761620490.1410508,-4,-2,28
1761620490.1770508,-4,3,34
1761620490.2140508,0,5,36
1761620490.2520506,1,-2,33
1761620490.288051,0,-3,32
1761620490.3250508,3,3,45
1761620490.3630507,0,1,38
1761620490.3990507,2,1,45
1761620490.436051,-3,-2,36
1761620490.4740508,-2,0,43
1761620490.5130508,-6,-1,40
1761620490.5490508,-10,2,34
1761620490.5860507,-10,0,33
1761620490.6230507,0,-5,27
1761620490.6620507,-2,-7,28
1761620490.6980507,4,-7,31
1761620490.735051,-5,0,30
1761620490.7730508,-2,-3,35
1761620490.8120508,2,-5,37
1761620490.8480508,1,-3,30
1761620490.8850508,-4,-1,26
1761620490.9230506,3,5,39
1761620490.959051,3,2,49
1761620490.9960508,-1,2,49
1761620491.0340507,-1,3,45
1761620491.0720508,-1,-1,36
1761620491.1080508,0,-6,24
1761620491.1450508,-1,-2,27
1761620491.1840508,-5,-6,33
1761620491.222051,-9,-5,34
1761620491.258051,-3,-4,39
1761620491.2950506,-1,-2,37
1761620491.334051,-6,0,39
1761620491.3720508,-1,-1,36
1761620491.4080508,0,-4,28
1761620491.4450507,-2,-5,20
1761620491.4840508,0,1,23
1761620491.5220506,3,-1,25
1761620491.5580506,5,0,40
1761620491.5950508,11,-3,38
1761620491.633051,4,1,33
1761620491.6690507,8,0,33
1761620491.7060506,2,1,29
1761620491.7440507,0,1,28
1761620491.7820508,1,-9,42
1761620491.8180506,6,-6,43
1761620491.8550508,7,-7,36
1761620491.893051,1,-3,30
1761620491.9290507,4,-2,29
1761620491.9670508,-9,4,23
1761620492.0040507,0,-3,44
1761620492.0420508,-1,0,34
1761620492.0780506,-7,2,24
1761620492.1170506,0,0,36
1761620492.1540508,3,4,43
1761620492.1920507,-5,1,45
1761620492.2280507,0,0,34
1761620492.2670507,-12,0,33
1761620492.3040507,3,-3,33
1761620492.3430507,-5,-6,33
1761620492.3790507,-5,-4,37
1761620492.416051,0,-3,43
1761620492.4540508,-7,-7,35
1761620492.4930508,-1,-1,37
1761620492.5290508,-9,0,29
1761620492.5660508,-8,0,33
1761620492.6040506,-7,0,48
1761620492.6400506,-7,1,40
1761620492.686051,-1,-4,49
1761620492.7240508,4,2,28
1761620492.7600508,1,0,24
1761620492.7970507,7,-4,32
1761620492.834051,7,2,33
1761620492.870051,-3,-5,34
1761620492.9070508,2,-7,32
1761620492.9440508,-4,0,28
1761620492.9810507,2,-3,35
1761620493.018051,-4,3,38
1761620493.0560508,1,-3,32
1761620493.0940506,5,-3,31
1761620493.130051,3,-4,35
1761620493.1680508,1,0,35
1761620493.2050507,7,-6,32
1761620493.2440507,5,-3,37
1761620493.2800508,0,1,37
1761620493.3170507,5,5,38
1761620493.3550508,-5,1,39
1761620493.393051,9,-4,47
1761620493.4290507,1,0,48
1761620493.4660506,1,-3,33
1761620493.5040507,2,-1,30
1761620493.5400507,10,0,28
1761620493.5770507,1,-1,38
1761620493.6150508,0,-3,38
1761620493.653051,2,0,34
1761620493.689051,1,-1,40
1761620493.7260506,1,-7,33
1761620493.7650506,-1,4,46
1761620493.8030508,-8,1,47
1761620493.8390508,-3,2,32
1761620493.8760507,-7,2,36
1761620493.9140508,-4,0,39
1761620493.9500508,-6,-2,37
1761620493.9870508,-7,-5,37
1761620494.0250506,2,-5,34
1761620494.0630507,3,-1,24
1761620494.0990508,4,-4,29
1761620494.1360507,-1,1,27
1761620494.1740508,-5,0,33
1761620494.2100508,-6,3,35
1761620494.2470508,-7,2,42
1761620494.2850506,-6,1,34
1761620494.324051,6,2,29
1761620494.360051,3,-2,39
1761620494.3970506,0,-8,39
1761620494.436051,2,0,39
1761620494.4740508,0,-5,28
1761620494.5100508,-4,-3,33
1761620494.5480506,-4,-1,39
1761620494.5860507,-1,4,27
1761620494.6240506,0,8,29
1761620494.6600506,5,6,33
1761620494.6970508,-11,1,31
1761620494.735051,-4,-2,40
1761620494.7710507,-1,-1,33
1761620494.8090508,3,1,34
1761620494.8460507,1,7,32
1761620494.8840508,0,-2,42
1761620494.9200506,-3,-2,40
1761620494.9570508,0,-3,41
1761620494.995051,-1,0,34
1761620495.0310507,-1,-2,42
1761620495.0680506,2,-3,40
1761620495.1060507,-4,0,37
1761620495.1450508,9,-4,38
1761620495.1810508,0,0,50
1761620495.2180507,-5,-2,48
1761620495.2560508,-6,-1,29
1761620495.2950506,0,1,46
1761620495.3310506,-3,0,43
1761620495.3690507,0,-4,40
1761620495.4070508,3,-1,40
1761620495.4450507,1,8,30
1761620495.4810507,-4,3,28
1761620495.5190508,0,-1,48
1761620495.5570507,1,-1,38
1761620495.5950508,2,-3,33
1761620495.6310508,-3,0,36
1761620495.6700506,1,3,39
1761620495.7070508,-4,-2,34
1761620495.7460508,-6,-2,41
1761620495.7840507,-4,0,40
1761620495.8200507,-5,1,36
1761620495.857051,-1,4,41
1761620495.8960507,-2,-6,29
1761620495.9340508,-8,1,34
1761620495.9700508,-9,-6,27
1761620496.0070508,-9,-9,29
1761620496.0460508,0,-4,38
1761620496.084051,-2,-7,43
1761620496.120051,-3,-6,39
1761620496.1570508,3,4,41
1761620496.1960506,0,4,42
1761620496.2340508,0,0,39
1761620496.2700508,-10,0,31
1761620496.3070507,-1,-11,28
1761620496.3460507,-1,0,30
1761620496.3840508,-1,-1,44
1761620496.4200506,-3,-1,39
1761620496.4570508,-2,-3,26
1761620496.4960508,-8,-2,25
1761620496.5340507,-2,-2,30
1761620496.5700507,-2,-5,31
1761620496.607051,-5,-1,31
1761620496.6460507,4,-4,44
1761620496.6820507,-1,-4,43
1761620496.7200508,-1,0,32
1761620496.758051,3,-3,41
1761620496.7960508,0,-2,30
1761620496.8320508,-4,-1,33
1761620496.870051,-4,-6,34
1761620496.9080508,4,-5,37
1761620496.9460506,0,-9,39
1761620496.985051,-1,0,31
1761620497.0210507,2,0,33
1761620497.0580506,3,1,30
1761620497.0960507,-3,-3,30
1761620497.1320508,3,0,39
1761620497.1700506,2,-4,41
1761620497.2070508,0,6,32
1761620497.245051,4,-1,48
1761620497.2810507,8,-3,53
1761620497.3180506,0,3,48
1761620497.3560507,-7,-7,44
1761620497.3920507,-2,-9,37
1761620497.4290507,2,-10,30
1761620497.4670508,-3,-13,33
1761620497.5060508,-1,-4,40
1761620497.5420508,0,-2,34
1761620497.5790508,-1,-1,41
1761620497.6170506,1,0,39
1761620497.6550508,3,-1,40
1761620497.6910508,-2,0,33
1761620497.7280507,2,3,42
1761620497.7660508,1,4,42
1761620497.8020508,3,7,39
1761620497.8390508,5,4,46
1761620497.8770506,-3,-1,45
1761620497.9150507,-6,-3,37
1761620497.9510508,0,3,33
1761620497.9880507,-1,4,36
1761620498.0270507,-3,1,54
1761620498.0650508,-2,4,34
1761620498.1010506,-4,3,38
1761620498.1390507,0,0,23
1761620498.1770508,0,1,34
1761620498.2150507,-7,-6,35
1761620498.2510507,0,-5,38
1761620498.288051,-1,-3,32
1761620498.3270507,-5,2,43
1761620498.3650508,-1,1,45
1761620498.4010508,-3,1,48
1761620498.4380507,1,0,34
1761620498.4770508,3,-1,30
1761620498.5150506,0,-2,27
1761620498.551051,2,1,28
1761620498.5880508,1,-1,28
1761620498.6260507,3,-2,25
1761620498.6620507,-1,0,30
1761620498.699051,-7,-4,33
1761620498.7370508,-2,-5,36
1761620498.7760508,-7,-1,32
1761620498.8120508,-6,-1,32
1761620498.8490508,0,-4,42
1761620498.8870506,4,-2,34
1761620498.9230506,-2,1,30
1761620498.9600508,-4,3,29
1761620498.9970508,2,2,35
1761620499.0330508,-2,-3,39
1761620499.0710506,-2,-2,43
1761620499.1090508,-3,-1,27
1761620499.1470506,-1,-1,40
1761620499.186051,-11,-1,34
1761620499.222051,-9,7,36
1761620499.2590508,-5,-2,24
1761620499.2970507,0,3,33
1761620499.3330507,0,4,28
1761620499.370051,6,-8,38
1761620499.4080508,2,-8,31
1761620499.4460506,0,-1,23
1761620499.482051,1,-2,35
1761620499.5190508,0,3,39
1761620499.5570507,-2,3,48
1761620499.5930507,-5,-2,54
1761620499.6310508,2,-1,34
1761620499.6680508,1,-6,39
1761620499.7070508,0,-1,39
1761620499.7430508,-8,6,32
1761620499.7800508,-1,-6,29
1761620499.8180506,-8,-1,40
1761620499.857051,-3,-5,48
1761620499.893051,1,0,37
1761620499.9300506,4,-6,39
1761620499.9680507,9,-10,41
1761620500.0060508,2,-8,29
1761620500.0420508,0,-7,33
1761620500.0790508,0,-2,32
1761620500.1180508,0,3,35
1761620500.1560507,0,-2,44
1761620500.1920507,1,-4,39
1761620500.2300508,4,-3,41
1761620500.268051,6,3,35
1761620500.3060508,2,-8,33
1761620500.3420508,1,-1,37
1761620500.380051,0,-6,33
1761620500.4180508,0,-2,34
1761620500.4560506,3,2,42
1761620500.4920506,5,3,41
1761620500.5290508,1,4,31
1761620500.5670507,6,0,36
1761620500.6030507,10,-7,37
1761620500.6400506,5,-2,27
1761620500.6780508,1,1,33
1761620500.7160506,-6,2,39
1761620500.7520506,-4,-3,40
1761620500.7900507,-8,-1,28
1761620500.8280506,-8,-3,32
1761620500.8670506,-5,-7,32
1761620500.903051,-4,-1,41
1761620500.9410508,-4,3,37
1761620500.9780507,-5,1,28
1761620501.0170507,0,-11,24
1761620501.0530508,-5,-6,27
1761620501.0900507,-7,-8,33
1761620501.1280508,2,-2,29
1761620501.1670508,-1,1,34
1761620501.2030506,-9,0,31
1761620501.2410507,-7,3,33
1761620501.2790508,0,-2,44
1761620501.3170507,-2,5,38
1761620501.3530507,-7,2,35
1761620501.3900506,-6,0,36
1761620501.4280508,0,0,23
1761620501.4640508,-3,-1,24
1761620501.5010507,0,0,20
1761620501.538051,-1,2,23
1761620501.574051,8,-4,24
1761620501.6110508,3,1,40
1761620501.6480508,0,-8,32
1761620501.6840508,-1,0,40
1761620501.7210507,-4,-5,32
1761620501.7590508,-9,-4,35
1761620501.7980506,-2,1,34
1761620501.834051,0,2,33
1761620501.8710508,7,0,29
1761620501.9090507,-3,0,42
1761620501.9470508,3,3,26
1761620501.9830508,0,-4,33
1761620502.0200508,-6,-3,32
1761620502.0590508,-4,-1,41
1761620502.097051,-9,-3,43
1761620502.133051,-1,-2,40
1761620502.1710508,-4,0,29
1761620502.209051,-6,-6,36
1761620502.2470508,-9,0,37
1761620502.2830508,-6,-2,36
1761620502.3200507,-3,-3,39
1761620502.3590508,1,2,47
1761620502.3970506,0,2,46
1761620502.4330506,0,5,36
1761620502.4700508,0,-2,28
1761620502.5090508,4,-2,31
1761620502.5470507,0,2,50
1761620502.5830507,-2,-4,51
1761620502.620051,-1,-3,37
1761620502.6590507,0,-5,35
1761620502.7030506,-1,-8,52
1761620502.7410507,-3,-3,29
1761620502.7790508,4,-8,28
1761620502.8170507,5,0,34
1761620502.8530507,0,-1,43
1761620502.8900506,0,1,31
1761620502.9280508,3,-1,42
1761620502.9640508,1,0,48
1761620503.0010507,4,3,54
1761620503.0390508,-5,-5,41
1761620503.0770507,-3,0,36
1761620503.1130507,0,7,33
1761620503.1510508,4,0,34
1761620503.189051,1,3,30
1761620503.2250507,4,-4,30
1761620503.2620506,0,1,28
1761620503.2990508,3,-3,46
1761620503.3350508,-1,-7,45
1761620503.3720508,0,-6,46
1761620503.4090507,-1,-10,38
1761620503.4480507,1,0,32
1761620503.4840508,3,2,40
1761620503.5210507,-4,2,41
1761620503.5590508,-4,-3,32
1761620503.5950508,8,-3,32
1761620503.633051,2,-2,41
1761620503.6700506,-2,-5,46
1761620503.709051,2,-6,44
1761620503.745051,-1,-8,43
1761620503.7830508,-1,-4,41
1761620503.8210506,0,-5,27
1761620503.8590508,0,-3,30
1761620503.8950508,1,-5,30
1761620503.9320507,-5,-7,43
1761620503.9700508,-4,-2,44
1761620504.0090508,0,-4,27
1761620504.0450506,-1,-4,36
1761620504.0820508,-2,-11,44
1761620504.120051,0,-5,27
1761620504.1580508,-5,-1,31
1761620504.1940508,-4,0,39
1761620504.2310507,-1,0,40
1761620504.2700508,-2,-1,35
1761620504.3080506,0,1,38
1761620504.3440506,-2,0,41
1761620504.3820508,6,2,42
1761620504.4200506,11,-2,34
1761620504.4580507,6,-1,26
1761620504.4940507,12,0,32
1761620504.5310507,2,-5,36
1761620504.5700507,-1,-3,38
1761620504.6080508,1,-4,36
1761620504.6440508,0,-3,32
1761620504.6810508,3,0,32
1761620504.7200508,0,4,22
1761620504.758051,-3,4,33
1761620504.7940507,-1,4,42
1761620504.8320508,-3,3,40
1761620504.870051,-7,4,36
1761620504.9090507,-2,2,34
1761620504.9450507,3,-3,45
1761620504.982051,1,-4,48
1761620505.0200508,5,-6,39
1761620505.0580506,0,0,47
1761620505.0940506,0,-1,42
1761620505.1320508,-1,0,40
1761620505.1700506,-6,0,35
1761620505.2080507,-3,4,48
1761620505.2440507,-7,1,34
1761620505.2810507,0,-8,30
1761620505.3190508,7,-13,41
1761620505.3550508,5,-5,35
1761620505.3920507,1,-1,38
1761620505.4300506,-5,-4,47
1761620505.4660506,3,-1,42
1761620505.5030508,-7,2,48
1761620505.5420508,-5,-2,40
1761620505.5800507,6,-3,45
1761620505.6160507,5,1,48
1761620505.653051,0,0,41
1761620505.6900508,-1,-1,45
1761620505.7290506,0,-3,36
1761620505.7650506,1,2,40
1761620505.8020508,4,-4,41
1761620505.8400507,0,-1,31
1761620505.8760507,-4,-6,19
1761620505.9140508,-2,-5,30
1761620505.9520507,2,-1,32
1761620505.9900508,3,-3,33
1761620506.0260508,1,0,33
1761620506.0630507,-6,-7,37
1761620506.1010506,-9,0,40
1761620506.1400506,0,-1,40
1761620506.176051,2,0,38
1761620506.2130508,3,2,40
1761620506.2510507,0,-3,38
1761620506.2890508,9,0,44
1761620506.3250508,6,0,44
1761620506.3620508,-4,-1,38
1761620506.4010508,-2,-2,38
1761620506.439051,-5,-2,40
1761620506.4750507,-1,-8,27
1761620506.5120506,0,-5,38
1761620506.551051,-3,-12,32
1761620506.5890508,-2,-6,35
1761620506.6250508,-1,-3,39
1761620506.6620507,3,-5,50
1761620506.7000508,-2,0,39
1761620506.7360508,-6,-9,39
1761620506.7730508,0,-11,38
1761620506.811051,1,-13,40
1761620506.8490508,6,-6,33
1761620506.8850508,5,-2,36
1761620506.9220507,2,1,42
1761620506.9610507,5,1,46
1761620506.9990506,-6,-2,38
1761620507.0350506,1,-2,27
1761620507.0720508,8,-3,31
1761620507.1110508,9,0,29
1761620507.1490507,0,-3,31
1761620507.1850507,-3,-2,37
1761620507.2230508,2,2,35
1761620507.2610507,-4,2,39
1761620507.2990508,8,5,39
1761620507.3350508,6,4,32
1761620507.3730507,2,-1,32
1761620507.4110508,-3,-7,40
1761620507.4470508,-13,-6,41
1761620507.4860508,-6,-3,38
1761620507.5230508,5,0,36
1761620507.561051,1,-2,35
1761620507.597051,1,2,31
1761620507.6340508,0,-1,42
1761620507.6720507,1,-5,32
1761620507.7110507,-7,1,30
1761620507.7470508,-7,0,29
1761620507.7840507,-2,5,30
1761620507.8230507,-2,-1,31
1761620507.8610508,2,0,30
1761620507.8970506,2,-4,27
1761620507.9340508,3,0,24
1761620507.972051,-2,-11,34
1761620508.0110507,0,-9,32
1761620508.0470507,-2,-10,28
1761620508.084051,-3,0,31
1761620508.1220508,-3,-3,33
1761620508.1610508,3,-6,34
1761620508.1970508,4,-9,32
1761620508.2340508,-5,-6,41
1761620508.2720506,-2,-4,39
1761620508.311051,-2,-3,30
1761620508.347051,-4,1,36
1761620508.3840508,0,-11,24
1761620508.4220507,-1,-2,37
1761620508.4610507,4,0,32
1761620508.4970508,6,0,39
1761620508.5340507,6,1,23
1761620508.5720508,3,-3,28
1761620508.610051,1,0,25
1761620508.6460507,2,1,37
1761620508.6830506,2,0,31
1761620508.7210507,9,3,20
1761620508.7570508,1,1,25
1761620508.7950506,0,-2,42
1761620508.8320508,3,3,37
1761620508.870051,2,1,36
1761620508.9060507,-5,0,37
1761620508.9430506,-6,0,36
1761620508.9810507,0,1,35
1761620509.0170507,-3,0,34
1761620509.0540507,-2,-4,38
1761620509.0920508,-1,-10,43
1761620509.1310508,2,-8,42
1761620509.1670508,-2,-1,35
1761620509.2040508,-7,-2,41
1761620509.2420506,-7,-7,38
1761620509.2810507,-9,-3,50
1761620509.3170507,-1,2,43
1761620509.3540506,-2,-2,29
1761620509.3920507,5,2,34
1761620509.4300506,4,1,31
1761620509.4660506,3,-4,28
1761620509.5040507,-5,-4,26
1761620509.5420508,0,-5,40
1761620509.5800507,6,-1,40
1761620509.6160507,0,2,39
1761620509.653051,-3,-1,35
1761620509.6920507,1,-1,32
1761620509.7280507,0,8,29
1761620509.7660508,6,3,43
1761620509.8030508,-1,0,41
1761620509.8410506,-3,0,44
1761620509.8770506,0,2,38
1761620509.9140508,0,1,29
1761620509.9520507,8,-1,25
1761620509.9880507,2,0,35
1761620510.0250506,1,-3,33
1761620510.0620508,-6,0,33
1761620510.0980508,2,2,35
1761620510.1350508,4,-6,30
1761620510.1720507,6,-3,40
1761620510.2080507,6,-3,38
1761620510.2460508,2,-1,51
1761620510.2830508,-1,0,49
1761620510.3210506,1,-5,42
1761620510.357051,-2,-6,29
1761620510.3940508,-5,2,33
1761620510.4320507,3,-1,34
1761620510.4680507,5,-2,36
1761620510.505051,-1,-2,44
1761620510.5430508,0,-3,44
1761620510.5820508,-6,-6,26
1761620510.6180508,-5,0,34
1761620510.6550508,1,-1,32
1761620510.6930506,0,-1,40
1761620510.7310507,1,-4,30
1761620510.7670507,5,-7,42
1761620510.8040507,-2,-10,38
1761620510.8430507,-1,-3,32
1761620510.8810508,-2,1,32
1761620510.9170508,-2,3,29
1761620510.9540508,4,0,46
1761620510.9920506,9,2,29
1761620511.028051,11,1,41
1761620511.0650508,4,-3,41
1761620511.1030507,2,-5,41
1761620511.1410508,3,-9,42
1761620511.1770508,-3,-7,42
1761620511.2150507,-1,-1,38
1761620511.2530508,-6,-1,28
1761620511.2920508,-2,0,39
1761620511.3280506,-2,-3,24
1761620511.3650508,-4,-6,37
1761620511.403051,-2,-7,32
1761620511.4420507,-5,-2,42
1761620511.4780507,-4,-1,37
1761620511.5150506,-7,-4,36
1761620511.5530508,-9,4,39
1761620511.5920508,-3,-10,30
1761620511.6280508,-4,-6,27
1761620511.666051,2,-3,34
1761620511.7040508,2,-2,37
1761620511.7430508,-1,1,35
1761620511.7790508,-1,0,37
1761620511.8160508,1,-3,33
1761620511.8530507,-5,-2,32
1761620511.8920507,2,0,41
1761620511.9280508,2,-3,47
1761620511.9660506,0,0,32
1761620512.0030508,0,-2,31
1761620512.0390508,-5,0,25
1761620512.0760508,-6,-4,31
1761620512.1140506,-4,-2,37
1761620512.153051,-2,-6,30
1761620512.189051,-5,-4,17
1761620512.2270508,-4,-11,28
1761620512.2650506,1,-4,27
1761620512.3030508,-4,1,40
1761620512.3400507,-1,-5,35
1761620512.3770506,8,-1,33
1761620512.4140508,0,-10,27
1761620512.4530506,1,-1,40
1761620512.4890506,8,-1,40
1761620512.5270507,-4,0,32
1761620512.564051,-3,-4,44
1761620512.6030507,-7,-6,41
1761620512.6390507,-2,-2,46
1761620512.6770508,-1,-4,38
1761620512.7230508,8,0,25
1761620512.7590508,1,1,38
1761620512.7970507,-5,-2,31
1761620512.8350508,-1,-1,30
1761620512.8730507,-8,1,37
1761620512.9090507,-7,-4,38
1761620512.9470508,-4,-3,33
1761620512.985051,-2,0,38
1761620513.0240507,0,0,27
1761620513.0620508,0,3,34
1761620513.0980508,2,3,31
1761620513.1350508,6,1,44
1761620513.1730506,5,-7,41
1761620513.2100508,0,-6,26
1761620513.2480507,-2,-1,40
1761620513.2850506,-1,0,24
1761620513.324051,4,-2,32
1761620513.3620508,4,0,28
1761620513.3980508,0,-3,29
1761620513.4350507,-4,-3,35
1761620513.4740508,-2,-6,31
1761620513.5120506,3,-2,45
1761620513.5490508,-1,-3,34
1761620513.5860507,-4,-4,34
1761620513.6240506,-3,-2,34
1761620513.663051,0,-3,40
1761620513.699051,-1,-7,34
1761620513.7360508,4,-5,30
1761620513.7740507,0,-2,41
1761620513.8120508,0,-1,45
1761620513.8480508,5,0,39
1761620513.8860507,0,-1,37
1761620513.9240508,4,-4,43
1761620513.962051,-1,-6,41
1761620513.9980507,0,-4,47
1761620514.0360508,-1,1,43
1761620514.074051,0,-6,47
1761620514.1130507,-6,-16,45
1761620514.1490507,-2,-1,40
1761620514.186051,5,-3,45
1761620514.2240508,4,0,51
1761620514.2600508,1,0,39
1761620514.2990508,1,0,34
1761620514.3360507,1,-3,45
1761620514.3740506,1,-4,45
1761620514.4100506,0,-9,44
1761620514.4470508,-6,-4,32
1761620514.485051,-1,-1,27
1761620514.5240507,-4,-6,32
1761620514.5600507,-2,-8,40
1761620514.5980508,1,-6,35
1761620514.6350508,-1,-1,19
1761620514.6740508,-1,1,39
1761620514.7100508,5,4,37
1761620514.7470508,1,-1,44
1761620514.7850506,0,0,35
1761620514.8230507,1,1,30
1761620514.8590508,2,-4,39
1761620514.8960507,-4,-2,42
1761620514.9350507,-7,4,30
1761620514.9730508,-1,-5,20
1761620515.0090508,1,-2,25
1761620515.0460508,-6,-2,26
1761620515.0850508,-1,-8,33
1761620515.1230507,1,-7,40
1761620515.1590507,-1,-5,39
1761620515.1960506,2,-11,34
1761620515.2340508,2,-6,44
1761620515.2700508,0,-3,39
1761620515.3070507,-7,1,38
1761620515.3450508,4,1,40
1761620515.383051,2,3,40
1761620515.4190507,0,-3,33
1761620515.4560506,1,-5,40
1761620515.4940507,2,-2,27
1761620515.5300508,0,-3,30
1761620515.5670507,-10,-3,39
1761620515.6050508,-14,1,32
1761620515.643051,-2,0,37
1761620515.6790507,6,-2,33
1761620515.7160506,7,-1,35
1761620515.755051,7,0,33
1761620515.7930508,-4,2,33
1761620515.8290508,3,1,25
1761620515.8670506,1,-1,34
1761620515.9050508,3,-3,35
1761620515.9430506,1,-2,46
1761620515.9790506,1,-8,37
1761620516.0160508,0,-2,30
1761620516.0540507,1,-5,38
1761620516.0900507,-1,-3,30
1761620516.1280508,2,-6,33
1761620516.166051,2,-2,35
1761620516.2040508,4,0,31
1761620516.2400508,2,3,30
1761620516.2770507,-4,4,19
1761620516.3150508,4,6,30
1761620516.3510506,-6,4,34
1761620516.3880508,-8,0,38
1761620516.4250507,-2,-1,36
1761620516.4640508,-4,-4,30
1761620516.5010507,0,-9,25
1761620516.538051,-1,-6,27
1761620516.5760508,1,-2,30
1761620516.6150508,-7,0,45
1761620516.6510508,-5,-1,43
1761620516.689051,0,0,36
1761620516.7270508,-2,-2,50
1761620516.7650506,0,-6,38
1761620516.801051,0,-9,37
1761620516.8380508,-2,-1,45
1761620516.8770506,0,1,43
1761620516.9150507,-12,1,40
1761620516.9510508,0,-3,36
1761620516.9880507,0,-3,27
1761620517.0260508,0,-3,29
1761620517.064051,0,0,33
1761620517.1000507,-4,-3,37
1761620517.1370506,-5,-9,29
1761620517.176051,-2,-6,33
1761620517.2140508,1,-3,44
1761620517.2500508,5,-1,36
1761620517.2870507,-2,1,37
1761620517.3250508,-4,0,45
1761620517.3610508,-4,2,35
1761620517.3980508,0,-2,33
1761620517.436051,0,5,35
1761620517.4740508,9,0,33
1761620517.5100508,1,-3,35
1761620517.5480506,-2,-2,35
1761620517.5860507,-1,3,30
1761620517.6240506,-3,-2,39
1761620517.6610508,2,0,40
1761620517.6980507,3,3,32
1761620517.7360508,-3,1,29
1761620517.7740507,2,-1,36
1761620517.8100507,-1,-2,40
1761620517.8480508,4,0,39
1761620517.8860507,3,1,53
1761620517.9240508,1,-2,42
1761620517.9600508,0,-3,38
1761620517.9980507,2,1,33
1761620518.0360508,-1,-4,40
1761620518.074051,-1,-5,48
1761620518.110051,-5,-3,42
1761620518.1480508,2,2,34
1761620518.186051,0,2,37
1761620518.2240508,0,-4,22
1761620518.2600508,-5,-4,38
1761620518.2970507,-3,0,37
1761620518.3350508,-8,-5,28
1761620518.3710508,-6,-5,39
1761620518.4090507,0,-2,37
1761620518.4470508,6,-6,30
1761620518.485051,5,-5,20
1761620518.5210507,0,5,27
1761620518.5580506,-1,2,35
1761620518.5960507,0,-1,28
1761620518.6320508,3,0,30
1761620518.6700506,8,-7,39
1761620518.7070508,10,-1,39
1761620518.745051,-9,-3,42
1761620518.7810507,2,0,37
1761620518.8180506,2,1,37
1761620518.8560507,0,-2,36
1761620518.8920507,1,-4,31
1761620518.9290507,3,3,42
1761620518.9660506,-2,6,32
1761620519.0020506,1,1,31
1761620519.0400507,2,-1,31
1761620519.0770507,-7,4,37
1761620519.1160507,-6,-1,47
1761620519.1520507,-13,-1,41
1761620519.1900508,-3,0,51
1761620519.2270508,-5,-6,52
1761620519.2660508,-7,-5,33
1761620519.3020508,-7,-4,32
1761620519.3390508,-6,-1,42
1761620519.3770506,0,0,47
1761620519.4150507,-4,-4,35
1761620519.4510508,-1,-1,32
1761620519.4890506,5,-1,30
1761620519.5270507,9,-2,40
1761620519.5650508,-6,-3,40
1761620519.6010506,-7,0,38
1761620519.6390507,-3,-1,39
1761620519.6770508,0,-4,41
1761620519.7160506,-1,-1,46
1761620519.7520506,-3,-6,34
1761620519.7890508,0,-3,33
1761620519.8270507,0,-2,27
1761620519.8650508,-4,-1,36
1761620519.9010508,-8,0,38
1761620519.939051,-4,-2,37
1761620519.9770508,0,-4,33
1761620520.0160508,5,1,38
1761620520.0520508,5,0,35
1761620520.0890508,1,-3,42
1761620520.1270506,1,-4,27
1761620520.1650507,-1,3,36
1761620520.2010508,-5,2,37
1761620520.2380507,2,-3,25
1761620520.2760508,-1,-4,43
1761620520.3120508,-3,-3,45
1761620520.3500507,-5,-1,41
1761620520.3880508,-9,-1,38
1761620520.4270508,0,-2,44
1761620520.4650507,-1,-1,44
1761620520.5010507,-2,-2,36
1761620520.538051,-10,-9,29
1761620520.5770507,-6,0,33
1761620520.6130507,-5,2,47
1761620520.6500506,-6,0,39
1761620520.6870508,-3,-3,33
1761620520.7260506,-3,-2,36
1761620520.7620506,0,-3,35
1761620520.7990508,-1,-3,31
1761620520.837051,-6,-9,27
1761620520.8760507,-9,-3,35
1761620520.9120507,-5,-1,33
1761620520.949051,-5,-2,35
1761620520.9870508,-6,0,40
1761620521.0260508,-1,5,38
1761620521.0620508,-8,5,40
1761620521.0990508,3,1,36
1761620521.1370506,-3,3,24
1761620521.1740508,-2,0,32
1761620521.2110507,-4,-3,30
1761620521.2490506,-1,1,39
1761620521.2870507,-4,-2,38
1761620521.3230507,-4,0,32
1761620521.3610508,0,5,33
1761620521.3980508,-2,2,26
1761620521.436051,-4,2,39
1761620521.472051,0,4,38
1761620521.5090508,0,4,36
1761620521.5470507,-2,3,37
1761620521.5830507,0,1,34
1761620521.620051,-5,-2,37
1761620521.6580508,-3,0,23
1761620521.6970508,0,0,32
1761620521.7330508,0,-3,34
1761620521.7710507,-1,-8,32
1761620521.8090508,-2,-3,36
1761620521.8480508,-3,-1,33
1761620521.8860507,-5,-1,38
1761620521.9220507,-2,4,38
1761620521.959051,-4,-2,29
1761620521.9980507,-2,-1,24
1761620522.0360508,3,-7,24
1761620522.0720508,8,-7,27
1761620522.1090508,1,-8,34
1761620522.1470506,-3,-1,34
1761620522.1830506,-5,-4,43
1761620522.2210507,-1,0,35
1761620522.258051,-1,-1,42
1761620522.2970507,1,-4,30
1761620522.3330507,-13,-5,38
1761620522.3710508,-3,2,41
1761620522.4080508,-9,0,36
1761620522.4470508,-7,3,51
1761620522.4830508,-2,-1,44
1761620522.5200508,-5,1,40
1761620522.5580506,-2,-3,36
1761620522.597051,-4,2,37
1761620522.633051,-2,-3,34
1761620522.6700506,1,-6,32
1761620522.7080507,4,-1,44
1761620522.7520506,4,-1,53
1761620522.7900507,0,-5,34
1761620522.8280506,0,-5,36
1761620522.8640506,2,-3,48
1761620522.9020507,1,1,43
1761620522.9400508,0,-5,51
1761620522.9780507,4,-12,46
1761620523.0140507,5,-2,43
1761620523.051051,4,-6,27
1761620523.0880508,4,-4,39
1761620523.1240506,-7,0,36
1761620523.1610508,-6,-2,28
1761620523.199051,-7,0,41
1761620523.2370508,1,-6,29
1761620523.2730508,1,0,35
1761620523.3100507,0,0,31
1761620523.3480508,2,-1,41
1761620523.3840508,0,0,32
1761620523.4210508,0,0,36
1761620523.459051,0,0,27
1761620523.4970508,-7,-4,36
1761620523.5330508,-4,-5,40
1761620523.5710506,4,0,37
1761620523.610051,6,0,36
1761620523.6480508,3,0,24
1761620523.6840508,-1,0,40
1761620523.7210507,-2,-9,34
1761620523.7590508,1,-4,42
1761620523.7980506,12,-3,34
1761620523.834051,3,-1,38
1761620523.8710508,3,-2,40
1761620523.9090507,3,0,44
1761620523.9470508,-8,1,36
1761620523.9830508,-6,1,38
1761620524.0200508,-8,-6,27
1761620524.0590508,-6,7,36
1761620524.097051,3,0,48
1761620524.133051,2,-1,35
1761620524.1700506,-4,3,32
1761620524.2080507,-5,-7,31
1761620524.2440507,1,-6,36
1761620524.2810507,3,2,29
1761620524.3190508,-7,-4,46
1761620524.357051,-8,-8,47
1761620524.393051,-4,-6,36
1761620524.4300506,-2,-6,40
1761620524.4690506,5,-6,33
1761620524.5070508,0,-3,20
1761620524.5430508,-1,-9,28
1761620524.5820508,-1,-6,29
1761620524.6190507,-4,-4,47
1761620524.6580508,0,-1,33
1761620524.6940508,-2,-6,35
1761620524.7310507,0,-3,34
1761620524.7690508,-1,-7,31
1761620524.8080506,-1,-1,33
1761620524.8440506,-5,-4,39
1761620524.8820508,-4,-1,41
1761620524.9210508,-1,-4,45
1761620524.959051,0,0,44
1761620524.995051,2,1,34
1761620525.0320508,2,1,36
1761620525.0690508,8,-5,31
1761620525.1080508,4,0,33
1761620525.1440508,-2,0,42
1761620525.1810508,3,-1,40
1761620525.2190506,2,-6,30
1761620525.255051,4,-8,30
1761620525.2920508,4,-3,26
1761620525.3290508,0,-6,43
1761620525.3650508,-1,-4,45
1761620525.403051,-3,-6,48
1761620525.4410508,-1,0,36
1761620525.4790506,-6,0,44
1761620525.518051,-4,-6,37
1761620525.5540507,-2,-3,37
1761620525.5910506,-3,1,44
1761620525.6290507,-3,-4,43
1761620525.6680508,2,-8,40
1761620525.7040508,-2,-4,34
1761620525.7410507,0,6,37
1761620525.7790508,2,1,38
1761620525.8150508,-2,0,45
1761620525.8530507,3,-2,47
1761620525.8900506,-1,-2,35
1761620525.9290507,8,-4,42
1761620525.9650507,4,-3,44
1761620526.0020506,0,0,30
1761620526.0400507,-2,-5,31
1761620526.0780506,-7,4,42
1761620526.1140506,5,1,37
1761620526.1510508,0,-5,49
1761620526.1900508,-7,-4,30
1761620526.2280507,-3,0,28
1761620526.2640507,2,-3,34
1761620526.301051,0,-1,45
1761620526.3400507,0,3,39
1761620526.3780508,2,9,49
1761620526.4140508,2,2,39
1761620526.4520507,2,-3,34
1761620526.4900508,0,-5,19
1761620526.528051,2,-3,29
1761620526.564051,4,-4,29
1761620526.6020508,5,-6,29
1761620526.6400506,-1,-5,37
1761620526.6780508,-9,-4,33
1761620526.7140508,2,-7,32
1761620526.7520506,-3,-3,29
1761620526.7900507,-3,-5,27
1761620526.8280506,-1,-1,30
1761620526.8640506,0,7,29
1761620526.9020507,-7,2,34
1761620526.9400508,1,1,36
1761620526.9780507,2,-3,29
1761620527.0140507,2,-4,28
1761620527.051051,0,-8,29
1761620527.0890508,-1,-7,27
1761620527.1250508,-6,0,31
1761620527.1620507,0,-1,41
1761620527.2000508,2,1,34
1761620527.2360508,3,0,31
1761620527.2730508,6,0,25
1761620527.3100507,8,4,37
1761620527.3460507,1,0,34
1761620527.383051,-2,-3,45
1761620527.4210508,-3,-3,42
1761620527.4600508,3,3,47
1761620527.4960508,2,-2,47
1761620527.5330508,-1,2,46
1761620527.5700507,-2,0,38
1761620527.6060507,-1,-3,42
1761620527.6440508,-5,-1,31
1761620527.6810508,-5,-1,35
1761620527.7200508,-5,-3,37
1761620527.7560508,0,3,41
1761620527.7930508,5,1,39
1761620527.8310506,2,-1,34
1761620527.870051,9,-1,36
1761620527.9060507,6,-4,39
1761620527.9430506,-6,0,37
1761620527.9810507,-1,-3,28
1761620528.0200508,2,-4,35
1761620528.0560508,-2,0,43
1761620528.0930507,6,-4,42
1761620528.1310508,6,5,43
1761620528.1690507,3,5,33
1761620528.2050507,9,6,24
1761620528.2430508,5,5,31
1761620528.2810507,5,0,34
1761620528.3190508,3,1,35
1761620528.3550508,0,2,28
1761620528.393051,-4,-3,18
1761620528.4310508,-6,1,30
1761620528.4690506,0,-1,30
1761620528.505051,0,-1,34
1761620528.5420508,8,3,31
1761620528.5800507,1,5,28
1761620528.6160507,3,0,40
1761620528.6540508,-2,0,28
1761620528.6910508,-5,-2,34
1761620528.7300508,-2,-5,35
1761620528.7660508,-7,0,41
1761620528.8040507,4,5,23
1761620528.8410506,3,0,30
1761620528.8790507,2,1,33
1761620528.9150507,3,2,26
1761620528.9520507,-2,-10,35
1761620528.9910507,-2,-3,33
1761620529.0290508,-2,-1,29
1761620529.0650508,3,8,37
1761620529.1020508,-4,-5,46
1761620529.1410508,-2,7,42
1761620529.1770508,1,0,30
1761620529.2140508,0,-2,37
1761620529.2510507,-3,-1,39
1761620529.2900507,5,-5,38
1761620529.3260508,2,2,29
1761620529.3640506,-3,2,39
1761620529.4020507,-1,-2,34
1761620529.4410508,1,-3,27
1761620529.4770508,-2,-12,42
1761620529.5150506,-4,-3,25
1761620529.5530508,-5,-4,28
1761620529.5920508,2,-3,38
1761620529.630051,3,3,41
1761620529.666051,-6,4,33
1761620529.7030506,0,5,33
1761620529.7410507,0,1,44
1761620529.7770507,-5,0,39
1761620529.8150508,-3,-3,40
1761620529.8530507,-7,2,30
1761620529.8910508,-4,-5,33
1761620529.9270508,-9,-5,44
1761620529.9650507,0,-8,45
1761620530.0020506,-2,-5,44
1761620530.041051,-2,-2,38
1761620530.0770507,-1,1,35
1761620530.1150508,0,-2,35
1761620530.1520507,0,4,42
1761620530.1900508,-5,0,47
1761620530.2260506,-3,2,35
1761620530.2630508,1,1,35
1761620530.301051,-2,3,31
1761620530.337051,5,-6,40
1761620530.3740506,2,-2,40
1761620530.4120507,-2,1,30
1761620530.4500508,-1,4,38
1761620530.4860508,-5,-2,32
1761620530.5240507,2,1,29
1761620530.5620508,4,2,31
1761620530.6000507,0,1,32
1761620530.6360507,-1,2,36
1761620530.6740508,-3,0,28
1761620530.712051,0,5,48
1761620530.7500508,0,0,29
1761620530.7860508,8,-4,29
1761620530.8230507,10,0,25
1761620530.8610508,4,0,23
1761620530.8970506,2,3,25
1761620530.9340508,-7,2,40
1761620530.972051,-4,0,41
1761620531.0100508,0,3,45
1761620531.0460508,2,4,36
1761620531.0830507,2,-2,35
1761620531.1220508,1,4,46
1761620531.1600506,5,3,51
1761620531.1960506,-1,5,44
1761620531.2340508,0,4,35
1761620531.2720506,-3,2,36
1761620531.3100507,-4,-4,41
1761620531.3460507,0,-7,45
1761620531.383051,3,-1,37
1761620531.4220507,-1,4,32
1761620531.4600508,-2,-4,42
1761620531.4960508,0,-10,37
1761620531.5340507,-3,0,44
1761620531.5720508,3,0,50
1761620531.6080508,7,-2,37
1761620531.6450508,3,0,22
1761620531.6830506,-1,-1,33
1761620531.722051,-2,-3,24
1761620531.758051,-5,-6,34
1761620531.7960508,-6,-6,35
1761620531.834051,2,-2,28
1761620531.8720508,-1,0,37
1761620531.9080508,2,-1,43
1761620531.9450507,-4,-4,37
1761620531.9830508,-2,-6,25
1761620532.0220506,0,3,43
1761620532.0580506,-2,2,44
1761620532.0950508,-3,-2,42
1761620532.133051,0,-3,38
1761620532.1710508,-1,-1,26
1761620532.2070508,-6,-4,33
1761620532.2440507,3,-4,44
1761620532.2820508,0,-3,38
1761620532.3180506,-2,2,40
1761620532.3550508,-6,-9,40
1761620532.393051,-4,-3,33
1761620532.4320507,-6,-2,45
1761620532.4680507,0,4,35
1761620532.505051,-2,-2,27
1761620532.5440507,0,-3,27
1761620532.5820508,-1,0,32
1761620532.6180508,4,1,26
1761620532.6550508,2,0,47
1761620532.6930506,1,4,35
1761620532.7310507,1,2,46
1761620532.7740507,5,1,38
1761620532.8120508,-3,1,43
1761620532.8490508,-3,0,36
1761620532.8860507,-8,0,40
1761620532.9230506,-3,0,31
1761620532.962051,4,-2,38
1761620532.9980507,0,-1,36
1761620533.0350506,-1,1,34
1761620533.0730507,-1,4,25
1761620533.1110508,0,-1,35
1761620533.1470506,-5,-1,37
1761620533.1840508,5,-2,33
1761620533.222051,-8,0,24
1761620533.258051,0,-2,39
1761620533.2950506,0,2,48
1761620533.3330507,2,1,39
1761620533.3710508,9,-2,47
1761620533.4070508,0,0,33
1761620533.4450507,-1,-6,39
1761620533.4830508,0,-4,41
1761620533.5210507,2,-6,33
1761620533.5570507,1,-9,41
1761620533.5950508,1,0,33
1761620533.633051,-3,-1,39
1761620533.6690507,9,-1,39
1761620533.7060506,1,-4,42
1761620533.7430508,6,-6,40
1761620533.7790508,11,-2,49
1761620533.8160508,5,5,40
1761620533.8530507,0,0,34
1761620533.8890507,3,0,39
1761620533.9270508,-2,2,36
1761620533.9640508,-2,0,33
1761620534.0020506,-1,2,25
1761620534.038051,-4,8,28
1761620534.0750508,-1,2,25
1761620534.1130507,3,1,23
1761620534.1490507,2,2,40
1761620534.1870508,1,-1,41
1761620534.2240508,-2,-1,41
1761620534.2630508,2,-9,44
1761620534.2990508,-8,-3,39
1761620534.3360507,-5,-2,40
1761620534.3740506,-3,5,46
1761620534.4120507,9,1,44
1761620534.4480507,-5,-4,44
1761620534.485051,0,-1,42
1761620534.5240507,-2,-3,41
1761620534.5620508,-1,4,27
1761620534.5980508,0,-1,31
1761620534.6350508,5,-5,27
1761620534.6740508,4,-4,39
1761620534.712051,8,-9,34
1761620534.7480507,9,-8,28
1761620534.7850506,6,-6,28
1761620534.8230507,4,3,31
1761620534.8590508,3,0,35
1761620534.8960507,2,-1,40
1761620534.9340508,-3,8,28
1761620534.972051,2,3,26
1761620535.008051,6,0,35
1761620535.0450506,-2,3,35
1761620535.084051,3,-5,32
1761620535.1220508,0,-3,34
1761620535.1580508,-1,0,40
1761620535.1950507,0,-5,42
1761620535.2330508,1,-4,32
1761620535.2700508,-7,-7,36
1761620535.3080506,3,0,32
1761620535.3450508,0,0,38
1761620535.383051,-3,0,32
1761620535.4190507,-4,-2,44
1761620535.4570508,4,1,32
1761620535.495051,4,1,26
1761620535.5330508,2,0,25
1761620535.5690508,-2,-3,28
1761620535.607051,-4,-3,30
1761620535.6450508,-3,-4,34
1761620535.6840508,-8,-4,47
1761620535.7200508,1,2,49
1761620535.7570508,1,-5,36
1761620535.7950506,1,0,38
1761620535.8330507,9,1,31
1761620535.8690507,3,-1,36
1761620535.9060507,0,-2,42
1761620535.9440508,0,2,42
1761620535.9800508,1,7,47
1761620536.0170507,2,8,44
1761620536.0540507,2,-1,42
1761620536.0900507,-3,-4,34
1761620536.1270506,-2,-3,34
1761620536.1650507,1,1,39
1761620536.2030506,2,-5,34
1761620536.2390506,2,-5,37
1761620536.2770507,-2,0,37
1761620536.314051,-3,-4,37
1761620536.3530507,0,-3,37
1761620536.3890507,2,0,39
1761620536.426051,0,1,40
1761620536.4640508,7,4,36
1761620536.5000508,5,2,38
1761620536.538051,1,0,37
1761620536.5750508,-1,-3,32
1761620536.6140506,1,0,26
1761620536.6500506,-2,1,30
1761620536.6880507,0,10,35
1761620536.7250507,0,3,39
1761620536.7630508,1,3,50
1761620536.7990508,0,0,48
1761620536.837051,0,1,38
1761620536.8750508,0,0,38
1761620536.913051,0,0,38
1761620536.949051,2,2,33
1761620536.9870508,0,3,32
1761620537.0250506,4,4,40
1761620537.0630507,0,-4,43
1761620537.0990508,0,-1,43
1761620537.1360507,-4,2,44
1761620537.1740508,5,1,36
1761620537.2100508,2,3,36
1761620537.2480507,-3,5,36
1761620537.2850506,0,0,34
1761620537.3230507,1,-2,43
1761620537.3590508,2,-2,43
1761620537.3960507,-7,1,42
1761620537.4340508,-4,1,39
1761620537.4700508,-2,0,41
1761620537.5070508,0,-3,36
1761620537.5450506,-9,-10,43
1761620537.584051,0,0,33
1761620537.620051,12,2,36
1761620537.6570508,2,-6,35
1761620537.6950507,-2,-2,36
1761620537.7330508,-3,-3,26
1761620537.7690508,-7,-3,24
1761620537.8070507,0,-8,31
1761620537.8450508,3,-1,26
1761620537.8810508,-1,4,31
1761620537.9180508,5,1,39
1761620537.9550507,1,-1,34
1761620537.9940507,8,-1,31
1761620538.0300508,2,-1,25
1761620538.0680506,2,-4,29
1761620538.1060507,0,-6,35
1761620538.1440508,2,-1,40
1761620538.1800506,0,-5,29
1761620538.2170508,0,-6,41
1761620538.255051,2,-6,33
1761620538.291051,4,-1,37
1761620538.3280506,-1,-4,28
1761620538.3660507,-3,0,31
1761620538.4040508,0,-5,31
1761620538.4400508,1,-3,38
1761620538.4770508,2,-4,37
1761620538.5150506,1,-2,30
1761620538.551051,4,6,38
1761620538.5880508,1,-3,33
1761620538.6260507,7,-11,33
1761620538.6650507,0,-12,45
1761620538.7010508,2,-4,42
1761620538.7380507,0,-3,49
1761620538.7750506,-12,0,37
1761620538.811051,-4,-3,44
1761620538.8480508,-1,-1,35
1761620538.8860507,-8,-2,28
1761620538.9250507,-5,-2,31
1761620538.9610507,-11,0,34
1761620538.9980507,0,-7,30
1761620539.0370507,-6,1,42
1761620539.0750508,-4,3,51
1761620539.1110508,0,-1,35
1761620539.1480508,1,1,31
1761620539.186051,2,0,35
1761620539.2240508,-4,1,39
1761620539.2600508,2,-5,42
1761620539.2980506,4,-3,48
1761620539.337051,0,-2,54
1761620539.3750508,-5,2,39
1761620539.4110508,-6,2,40
1761620539.4480507,-6,0,24
1761620539.4860508,0,-1,29
1761620539.5240507,-1,-2,41
1761620539.5600507,-7,1,36
1761620539.5980508,2,-5,33
1761620539.6360507,-6,-5,45
1761620539.6740508,-3,-4,54
1761620539.7100508,-8,-2,42
1761620539.7480507,1,-6,47
1761620539.7860508,4,-5,34
1761620539.824051,3,1,34
1761620539.860051,3,0,39
1761620539.8970506,5,2,37
1761620539.9350507,-1,1,50
1761620539.9710507,-1,4,53
1761620540.008051,-1,-4,45
1761620540.0460508,-4,-3,40
1761620540.0850508,0,-6,35
1761620540.1210508,6,-2,31
1761620540.1580508,-3,3,44
1761620540.1970508,-1,1,37
1761620540.235051,-3,-3,33
1761620540.2710507,-3,-1,33
1761620540.3080506,-3,-2,32
1761620540.347051,-2,-3,17
1761620540.3850508,-1,-3,15
1761620540.4210508,-8,0,25
1761620540.4580507,3,-3,22
1761620540.4960508,-2,6,24
1761620540.5320508,-4,4,33
1761620540.5690508,-6,2,40
1761620540.607051,2,2,34
1761620540.6450508,1,0,32
1761620540.6810508,10,-1,37
1761620540.7180507,8,-3,51
1761620540.7560508,-1,-1,44
1761620540.7950506,-3,0,42
1761620540.8310506,-3,-2,42
1761620540.8680508,-6,-6,40
1761620540.9060507,-10,3,48
1761620540.9420507,0,8,41
1761620540.9790506,5,0,29
1761620541.0170507,1,0,32
1761620541.0550506,1,2,37
1761620541.0910506,1,0,41
1761620541.1280508,-4,1,38
1761620541.1670508,-4,6,38
1761620541.2050507,-4,-1,37
1761620541.2410507,-4,-5,40
1761620541.2790508,0,-2,37
1761620541.3170507,2,-1,33
1761620541.3550508,2,0,24
1761620541.3910508,8,-6,31
1761620541.4280508,6,-7,34
1761620541.4660506,0,-8,37
1761620541.5020506,0,-1,29
1761620541.5390508,-3,5,35
1761620541.5770507,-3,0,38
1761620541.6150508,-1,-3,29
1761620541.6510508,-2,-4,30
1761620541.689051,-6,0,38
1761620541.7270508,-6,0,35
1761620541.7650506,-7,3,33
1761620541.801051,-4,3,39
1761620541.8380508,-2,-1,35
1761620541.8770506,0,0,41
1761620541.9150507,-8,0,33
1761620541.9510508,-7,0,33
1761620541.9880507,-11,-1,40
1761620542.0270507,-6,-5,40
1761620542.0650508,2,-1,33
1761620542.1010506,-1,-2,34
1761620542.1380508,0,0,36
1761620542.176051,4,-5,44
1761620542.212051,-4,-1,36
1761620542.2490506,-6,-9,30
1761620542.2870507,-3,-3,28
1761620542.3260508,-1,-3,44
1761620542.3620508,-4,4,36
1761620542.3990507,-1,0,39
1761620542.4370508,-3,-2,42
1761620542.4730508,1,0,37
1761620542.5100508,-4,-5,42
1761620542.5490508,-7,0,41
1761620542.587051,1,-1,33
1761620542.6230507,-1,1,38
1761620542.6600506,-1,4,27
1761620542.6980507,-3,3,30
1761620542.7370508,0,-4,29
1761620542.7810507,-6,-9,35
1761620542.8190508,0,5,30
1761620542.857051,5,-2,32
1761620542.893051,9,1,31
1761620542.9300506,5,1,38
1761620542.9680507,7,-2,45
1761620543.0060508,5,-5,40
1761620543.0420508,0,-5,37
1761620543.0800507,-5,-3,34
1761620543.1180508,6,-7,41
1761620543.1560507,-3,-8,34
1761620543.1920507,0,-3,30
1761620543.2290506,-1,0,38
1761620543.2670507,0,7,47
1761620543.3030508,0,6,32
1761620543.3400507,4,-9,22
1761620543.3780508,1,0,24
1761620543.416051,-2,0,26
1761620543.4520507,-4,-6,39
1761620543.4890506,-5,0,40
1761620543.5270507,-5,5,42
1761620543.5630507,-5,-2,43
1761620543.6000507,-3,-1,33
1761620543.6380508,0,0,23
1761620543.676051,-2,-4,34
1761620543.712051,1,0,36
1761620543.7490506,-6,-2,33
1761620543.788051,-2,2,32
1761620543.8260508,1,1,42
1761620543.8620508,5,0,33
1761620543.9000506,5,2,31
1761620543.9380507,-3,1,31
1761620543.9760506,3,3,33
1761620544.0130508,-1,1,33
1761620544.0500507,7,-7,35
1761620544.0880508,0,0,30
1761620544.1260507,-7,7,36
1761620544.1620507,-2,1,32
1761620544.199051,-6,-4,32
1761620544.2380507,3,-1,29
1761620544.2760508,1,0,30
1761620544.3120508,-6,1,24
1761620544.3490508,-2,0,39
1761620544.3880508,-3,6,43
1761620544.426051,-5,1,43
1761620544.462051,-4,0,38
1761620544.4990506,-1,-2,30
1761620544.538051,0,1,32
1761620544.574051,0,5,29
1761620544.6110508,4,1,41
1761620544.6480508,0,2,37
1761620544.6870508,5,-3,41
1761620544.7230508,0,-2,52
1761620544.7600508,1,0,44
1761620544.7980506,-2,3,39
1761620544.834051,-1,2,39
1761620544.8710508,3,-3,45
1761620544.9090507,8,1,43
1761620544.9470508,0,0,46
1761620544.9830508,5,-2,44
1761620545.0200508,6,-2,40
1761620545.0580506,6,-4,41
1761620545.0940506,-1,0,35
1761620545.1320508,-1,-4,35
1761620545.1700506,11,-2,37
1761620545.2080507,1,-1,37
1761620545.2440507,0,3,41
1761620545.2810507,5,-1,47
1761620545.3180506,0,0,38
1761620545.3540506,-1,-4,21
1761620545.3910508,0,0,29
1761620545.4290507,0,4,30
1761620545.4680507,2,-3,34
1761620545.5040507,3,-2,35
1761620545.541051,1,-3,32
1761620545.5790508,-2,-4,24
1761620545.6170506,-3,-1,28
1761620545.653051,-5,-2,27
1761620545.6900508,0,3,26
1761620545.7290506,7,1,36
1761620545.7670507,-1,7,27
1761620545.8030508,7,10,33
1761620545.8400507,8,-3,29
1761620545.8780508,4,-2,22
1761620545.9140508,-5,-4,31
1761620545.9510508,-1,0,44
1761620545.9890506,4,0,50
1761620546.0270507,1,2,43
1761620546.0630507,-4,-3,41
1761620546.1000507,1,1,36
1761620546.1380508,0,-5,35
1761620546.1740508,8,-4,35
1761620546.212051,1,-5,35
1761620546.2490506,1,3,34
1761620546.2870507,0,2,28
1761620546.3230507,-3,1,34
1761620546.360051,-1,-3,30
1761620546.3990507,-4,-4,36
1761620546.4370508,-1,-4,33
1761620546.4730508,0,-1,28
1761620546.5100508,-1,0,39
1761620546.5480506,-5,-1,29
1761620546.584051,-8,-1,43
1761620546.6210508,-4,0,41
1761620546.6590507,0,-1,40
1761620546.6950507,-3,-1,47
1761620546.732051,0,0,34
1761620546.7690508,0,2,30
1761620546.8050506,1,3,22
1761620546.8420508,1,-2,27
1761620546.8790507,4,-5,27
1761620546.9180508,-1,0,37
1761620546.9540508,-3,0,31
1761620546.9910507,-2,-6,30
1761620547.0290508,-8,0,37
1761620547.0650508,-4,0,28
1761620547.1030507,-3,-3,26
1761620547.1400506,-1,-6,24
1761620547.1790507,-3,2,32
1761620547.2150507,0,-7,29
1761620547.2520506,0,-5,30
1761620547.2890508,3,1,34
1761620547.3250508,3,0,35
1761620547.3620508,-2,-8,37
1761620547.4000506,1,-5,35
1761620547.4380507,3,3,37
1761620547.4740508,-2,3,43
1761620547.5110507,-8,-3,32
1761620547.5500507,-5,0,40
1761620547.5880508,1,-2,33
1761620547.6240506,-1,-8,39
1761620547.6610508,0,-2,36
1761620547.7000508,-3,8,40
1761620547.7380507,-6,-2,30
1761620547.7740507,-3,3,30
1761620547.811051,3,0,38
1761620547.8490508,-2,0,33
1761620547.8850508,1,-9,29
1761620547.9230506,1,-12,29
1761620547.9600508,3,-11,34
1761620547.9990506,1,-8,33
1761620548.0350506,-4,-11,40
1761620548.0730507,-8,-3,42
1761620548.1120508,-10,5,41
1761620548.1500506,-2,0,25
1761620548.1880507,-5,1,37
1761620548.2240508,-2,0,33
1761620548.2610507,-4,5,35
1761620548.3000507,0,2,26
1761620548.3380508,-5,-1,52
1761620548.3740506,4,-1,46
1761620548.4110508,4,-3,46
1761620548.4500508,-2,-11,35
1761620548.4880507,0,-7,41
1761620548.5240507,-2,0,35
1761620548.561051,2,-2,42
1761620548.6000507,-1,-6,40
1761620548.6380508,4,-6,33
1761620548.6740508,2,0,35
1761620548.7110507,-3,0,44
1761620548.7490506,-5,0,44
1761620548.7850506,-4,-3,34
1761620548.8220508,0,-2,37
1761620548.860051,2,-3,41
1761620548.8990507,9,1,41
1761620548.9350507,4,0,43
1761620548.972051,5,4,45
1761620549.0100508,-1,2,47
1761620549.0460508,2,-1,30
1761620549.084051,9,-1,38
1761620549.1210508,2,-4,37
1761620549.1600506,0,1,37
1761620549.1960506,2,0,33
1761620549.2340508,0,-6,39
1761620549.2710507,5,-4,34
1761620549.3090508,6,-5,41
1761620549.3450508,8,0,39
1761620549.3820508,4,2,51
1761620549.4200506,1,1,44
1761620549.4560506,0,5,38
1761620549.4930508,-5,6,29
1761620549.5300508,-10,0,36
1761620549.5690508,0,4,37
1761620549.6050508,-11,0,32
1761620549.643051,-7,-5,36
1761620549.6810508,-3,-4,30
1761620549.7200508,-2,-7,37
1761620549.7560508,0,-3,33
1761620549.7930508,4,-1,29
1761620549.8310506,-2,-2,32
1761620549.8690507,-5,-4,27
1761620549.9050508,5,-2,28
1761620549.9420507,-6,-5,29
1761620549.9810507,-1,0,40
1761620550.0190508,-1,-1,42
1761620550.0550506,0,-3,30
1761620550.0920508,4,2,46
1761620550.130051,5,1,39
1761620550.166051,5,-4,43
1761620550.2040508,3,1,42
1761620550.2420506,3,8,48
1761620550.2800508,0,0,25
1761620550.3160508,0,-2,24
1761620550.3530507,-8,1,38
1761620550.3910508,1,-2,45
1761620550.4290507,-8,0,33
1761620550.4650507,-2,-1,32
1761620550.5020506,-1,1,38
1761620550.5400507,0,-1,38
1761620550.5760508,-4,-3,28
1761620550.6130507,2,-2,23
1761620550.6510508,3,-5,31
1761620550.689051,0,0,32
1761620550.7250507,6,-7,43
1761620550.7620506,1,0,37
1761620550.8000507,1,-9,43
1761620550.8360507,0,-4,30
1761620550.8740506,-4,-3,38
1761620550.9110508,4,6,23
1761620550.949051,7,3,34
1761620550.985051,4,0,35
1761620551.0230508,-1,0,37
1761620551.061051,1,8,25
1761620551.097051,2,6,20
1761620551.1340508,5,0,24
1761620551.1710508,-5,-3,19
1761620551.2100508,-5,0,21
1761620551.2460508,-3,4,32
1761620551.2830508,2,4,39
1761620551.3210506,-4,-3,32
1761620551.357051,-3,-3,31
1761620551.3950508,-3,0,37
1761620551.4320507,3,-8,31
1761620551.4700508,0,1,37
1761620551.5060508,0,-3,31
1761620551.5430508,-3,-3,34
1761620551.5810506,1,0,34
1761620551.6170506,3,-5,34
1761620551.6540508,-5,-5,42
1761620551.6920507,-1,-3,46
1761620551.7310507,1,0,30
1761620551.7670507,6,-5,35
1761620551.8040507,-4,-1,38
1761620551.8420508,0,-3,34
1761620551.880051,4,-1,42
1761620551.916051,5,2,38
1761620551.9530506,3,0,37
1761620551.9910507,4,3,34
1761620552.0270507,-4,7,38
1761620552.0650508,-3,0,42
1761620552.1030507,2,2,36
1761620552.1410508,-3,0,31
1761620552.1770508,3,-3,30
1761620552.2140508,-1,-6,35
1761620552.2520506,0,-2,30
1761620552.2900507,0,-3,26
1761620552.3260508,-1,0,32
1761620552.3630507,8,3,36
1761620552.4010508,7,-3,32
1761620552.4370508,-2,-2,41
1761620552.4740508,2,-2,42
1761620552.5120506,-6,-5,35
1761620552.5500507,-5,-9,38
1761620552.5860507,6,-3,35
1761620552.6230507,0,-7,38
1761620552.6610508,2,-6,38
1761620552.6970508,0,-3,44
1761620552.7340508,0,-7,36
1761620552.7720506,-6,0,22
1761620552.8170507,-2,-3,22
1761620552.8550508,0,0,24
1761620552.8920507,1,-2,25
1761620552.9310508,4,3,22
1761620552.9670508,1,1,31
1761620553.0040507,2,0,30
1761620553.0420508,4,1,36
1761620553.0800507,-8,-2,42
1761620553.1160507,-4,-5,44
1761620553.153051,-3,-8,36
1761620553.1920507,-6,0,49
1761620553.2280507,0,-5,58
1761620553.2660508,4,1,41
1761620553.3030508,7,0,35
1761620553.3410506,-4,-6,38
1761620553.3770506,-5,-9,33
1761620553.4140508,-2,-1,24
1761620553.4520507,-4,0,34
1761620553.4880507,-4,-4,33
1761620553.5250506,-7,-3,36
1761620553.564051,-3,0,37
1761620553.6020508,-1,0,36
1761620553.6380508,1,-4,38
1761620553.6750507,2,-1,38
1761620553.7130508,-2,-2,38
1761620553.7520506,7,-7,29
1761620553.788051,5,-5,38
1761620553.8250508,-4,0,35
1761620553.8630507,-7,3,46
1761620553.9020507,4,0,29
1761620553.9380507,1,2,36
1761620553.9750507,2,-1,38
1761620554.0130508,-4,-1,45
1761620554.0520508,0,3,32
1761620554.0880508,3,5,33
1761620554.1250508,-1,1,31
1761620554.163051,-1,2,45
1761620554.2020507,4,0,45
1761620554.2380507,4,-9,44
1761620554.2750506,-1,-2,38
1761620554.3130507,-9,1,39
1761620554.3510506,-3,-2,43
1761620554.3870506,1,-4,29
1761620554.4240508,-1,-2,34
1761620554.4630508,0,-1,47
1761620554.5010507,0,-1,43
1761620554.5370507,0,-4,41
1761620554.574051,0,-1,38
1761620554.6120508,0,-2,33
1761620554.6480508,0,-3,23
1761620554.6850507,-1,-2,39
1761620554.7230508,2,4,41
1761620554.7610507,1,-3,47
1761620554.7970507,4,-6,46
1761620554.8360507,0,-3,42
1761620554.8730507,5,1,39
1761620554.9110508,-1,-4,35
1761620554.9470508,6,-1,41
1761620554.9840508,1,4,45
1761620555.0220506,-2,-1,37
1761620555.0580506,1,0,38
1761620555.0950508,0,-2,35
1761620555.133051,0,-4,36
1761620555.1710508,1,-2,36
1761620555.2070508,8,-2,39
1761620555.2440507,1,-3,31
1761620555.2820508,-4,0,34
1761620555.3190508,-4,2,41
1761620555.3560507,9,-2,34
1761620555.3940508,3,4,28
1761620555.4320507,6,0,24
1761620555.4680507,3,-1,32
1761620555.505051,8,-1,48
1761620555.5430508,3,3,38
1761620555.5790508,-4,4,42
1761620555.6160507,-1,2,39
1761620555.653051,-1,0,33
1761620555.6920507,1,-4,43
1761620555.7280507,0,-4,38
1761620555.7650506,4,2,37
1761620555.8030508,2,1,33
1761620555.8390508,1,3,41
1761620555.8760507,-2,1,36
1761620555.913051,0,4,36
1761620555.949051,-2,5,34
1761620555.9860508,8,1,35
1761620556.0230508,-10,-1,39
1761620556.0620508,-1,1,28
1761620556.0980508,1,3,33
1761620556.1350508,8,3,42
1761620556.1730506,3,2,39
1761620556.209051,0,-3,45
1761620556.2460508,0,-1,43
1761620556.2840507,-4,0,34
1761620556.3220508,-9,-4,36
1761620556.3580508,-1,-4,44
1761620556.3950508,-1,-2,37
1761620556.4340508,-2,-4,19
1761620556.472051,1,-6,40
1761620556.508051,-9,0,33
1761620556.5450506,-3,1,35
1761620556.5830507,4,-6,27
1761620556.6190507,4,-1,40
1761620556.6580508,4,-1,45
1761620556.6950507,3,6,38
1761620556.7330508,4,0,36
1761620556.7690508,1,0,30
1761620556.8070507,-4,4,30
1761620556.8450508,3,5,26
1761620556.883051,-1,4,34
1761620556.9190507,4,4,28
1761620556.9560506,-3,3,39
1761620556.9940507,7,-7,36
1761620557.0320508,2,-3,45
1761620557.0680506,4,2,41
1761620557.1050508,2,-5,32
1761620557.143051,6,-6,33
1761620557.1790507,2,-8,34
1761620557.2160506,-3,2,35
1761620557.2540507,-6,6,32
1761620557.2920508,1,10,23
1761620557.3280506,2,5,35
1761620557.3660507,2,-2,30
1761620557.4040508,0,0,33
1761620557.4420507,0,-3,36
1761620557.4780507,0,5,27
1761620557.5150506,-1,1,34
1761620557.5530508,0,-6,30
1761620557.5890508,0,-8,31
1761620557.6260507,2,-12,31
1761620557.6640508,1,-5,34
1761620557.7000508,-4,-1,37
1761620557.7390506,4,0,35
1761620557.7760508,2,-6,37
1761620557.814051,-1,-6,31
1761620557.8500507,-6,-10,31
1761620557.8880508,1,-5,32
1761620557.926051,-3,-1,36
1761620557.9650507,-4,-8,35
1761620558.0030508,-1,-10,43
1761620558.0390508,-1,-3,38
1761620558.0760508,0,0,35
1761620558.1140506,-3,-1,35
1761620558.1500506,-1,1,43
1761620558.1880507,1,-4,44
1761620558.2260506,-3,4,33
1761620558.2640507,-7,-3,27
1761620558.3000507,-7,1,29
1761620558.3380508,2,-5,27
1761620558.3750508,7,-3,28
1761620558.4140508,-4,-1,35
1761620558.4500508,-8,-5,33
1761620558.4870508,-9,-10,27
1761620558.5250506,-6,0,32
1761620558.564051,-2,6,30
1761620558.6000507,0,6,39
1761620558.6370506,6,0,37
1761620558.6750507,7,-3,33
1761620558.7130508,5,1,30
1761620558.7490506,-1,2,29
1761620558.7860508,-1,-2,37
1761620558.8250508,1,-5,32
1761620558.8630507,8,0,33
1761620558.8990507,2,0,34
1761620558.936051,-6,3,35
1761620558.9740508,3,0,33
1761620559.0100508,-4,-2,39
1761620559.0470507,0,5,46
1761620559.0850508,2,6,41
1761620559.1230507,6,0,38
1761620559.1590507,2,2,39
1761620559.1960506,-3,0,44
1761620559.2340508,0,0,30
1761620559.2700508,0,0,36
1761620559.3070507,2,1,29
1761620559.3450508,0,1,24
1761620559.383051,-1,-3,23
1761620559.4190507,5,-8,32
1761620559.4560506,-1,-5,40
1761620559.495051,1,-7,40
1761620559.5330508,-1,-7,29
1761620559.5690508,-1,0,31
1761620559.6060507,1,2,49
1761620559.6440508,-3,3,35
1761620559.6800506,0,-9,28
1761620559.7180507,-3,-3,39
1761620559.7560508,4,-2,46
1761620559.7940507,0,1,47
1761620559.8300507,3,-3,34
1761620559.8670506,0,0,38
1761620559.9050508,4,-1,33
1761620559.9410508,0,-5,23
1761620559.9780507,1,1,39
1761620560.0150506,8,0,30
1761620560.051051,12,-2,38
1761620560.0880508,4,0,39
1761620560.1250508,-2,0,40
1761620560.1610508,0,0,43
1761620560.1980507,0,-3,42
1761620560.2370508,-4,0,46
1761620560.2750506,-2,-12,31
1761620560.311051,0,-11,29
1761620560.3480508,0,-5,31
1761620560.3860507,-3,-5,36
1761620560.4250507,0,-5,30
1761620560.4610507,5,0,34
1761620560.4980507,-2,2,46
1761620560.5360508,7,-2,42
1761620560.574051,-3,2,35
1761620560.610051,-1,0,34
1761620560.6470506,-9,-2,21
1761620560.686051,1,-3,32
1761620560.7240508,12,-1,36
1761620560.7600508,2,-4,22
1761620560.7980506,-3,-2,24
1761620560.8360507,3,4,30
1761620560.8740506,0,-3,29
1761620560.9100506,0,-7,31
1761620560.9470508,4,-7,23
1761620560.985051,9,-4,33
1761620561.0210507,2,-8,37
1761620561.0590508,-2,0,37
1761620561.0960507,0,-1,33
1761620561.1340508,1,0,30
1761620561.1700506,0,-2,46
1761620561.2070508,0,-2,50
1761620561.245051,5,-2,43
1761620561.2810507,3,0,39
1761620561.3180506,2,-2,34
1761620561.3560507,0,-3,54
1761620561.3940508,-1,-2,43
1761620561.4300506,3,-1,50
1761620561.4680507,-2,6,47
1761620561.5060508,-2,-6,43
1761620561.5440507,0,0,37
1761620561.5800507,0,-3,43
1761620561.6170506,0,-1,52
1761620561.6560507,8,0,42
1761620561.6940508,6,-2,44
1761620561.7300508,3,0,40
1761620561.7670507,0,-4,40
1761620561.8060508,2,7,43
1761620561.8440506,9,-8,34
1761620561.880051,-1,-1,32
1761620561.9170508,0,-3,39
1761620561.9550507,-1,0,42
1761620561.9910507,-7,-7,31
1761620562.028051,4,3,47
1761620562.0660508,4,1,38
1761620562.1020508,-1,-3,42
1761620562.1390507,-8,-3,37
1761620562.1770508,-9,1,28
1761620562.2150507,-7,3,23
1761620562.2510507,-5,0,31
1761620562.2890508,-3,-5,37
1761620562.3270507,-1,-5,35
1761620562.3650508,-2,-7,41
1761620562.4010508,0,-10,44
1761620562.4380507,-6,-4,38
1761620562.4770508,0,1,30
1761620562.5150506,-2,-7,29
1761620562.551051,0,-4,42
1761620562.5880508,4,1,37
1761620562.6260507,0,0,43
1761620562.6620507,7,-4,41
1761620562.699051,4,4,39
1761620562.7360508,8,0,28
1761620562.7720506,7,1,27
1761620562.8090508,7,-2,34
1761620562.8550508,2,-8,38
1761620562.8910508,-1,-5,37
1761620562.9290507,5,3,37
1761620562.9670508,0,6,31
1761620563.005051,-2,3,45
1761620563.041051,2,-1,28
1761620563.0780506,5,1,34
1761620563.1160507,-2,2,42
1761620563.1520507,1,-2,42
1761620563.1900508,2,0,32
1761620563.2270508,6,-1,34
1761620563.2670507,-1,1,45
1761620563.3050506,3,-3,35
1761620563.3410506,1,-3,30
1761620563.3780508,-6,-1,30
1761620563.4170508,-6,0,35
1761620563.4550507,-6,0,36
1761620563.4910507,-1,2,34
1761620563.528051,-2,-2,33
1761620563.5670507,-3,-3,28
1761620563.6050508,4,-2,30
1761620563.6410508,-7,7,35
1761620563.6780508,-2,-1,33
1761620563.7170508,0,0,36
1761620563.755051,9,-1,40
1761620563.791051,4,-2,46
1761620563.8280506,-11,-3,33
1761620563.8670506,-6,0,41
1761620563.9050508,-5,1,30
1761620563.9410508,-5,-1,26
1761620563.9780507,-10,3,20
1761620564.0170507,0,0,38
1761620564.0530508,4,0,40
1761620564.0910506,-3,-4,39
1761620564.1280508,2,-10,30
1761620564.1670508,9,-8,32
1761620564.2030506,5,-5,31
1761620564.2410507,0,-2,39
1761620564.2790508,-3,-5,34
1761620564.3170507,3,-4,41
1761620564.3530507,-4,-3,25
1761620564.3900506,5,0,37
1761620564.4270508,-3,1,25
1761620564.4660506,-5,2,43
1761620564.5020506,0,2,36
1761620564.5400507,-2,0,43
1761620564.5770507,2,-7,29
1761620564.6160507,-7,-1,35
1761620564.6520507,0,0,41
1761620564.6900508,-3,1,37
1761620564.7280507,-7,6,20
1761620564.7660508,-7,-3,28
1761620564.8020508,-3,0,36
1761620564.8400507,-9,0,41
1761620564.8770506,0,-6,34
1761620564.916051,3,-5,28
1761620564.9520507,0,0,36
1761620564.9900508,1,0,38
1761620565.028051,-3,1,23
1761620565.0660508,-2,-3,31
1761620565.1020508,-2,-3,40
1761620565.1390507,-1,1,30
1761620565.1770508,-3,3,27
1761620565.2130508,0,-7,25
1761620565.2500508,-3,1,40
1761620565.288051,5,2,39
1761620565.3260508,2,2,31
1761620565.3630507,0,0,30
1761620565.4000506,5,-5,32
1761620565.4380507,3,-6,42
1761620565.4760506,3,-1,44
1761620565.5120506,4,0,30
1761620565.5490508,-2,4,38
1761620565.5880508,-2,3,41
1761620565.6260507,0,5,37
1761620565.6620507,-3,-1,36
1761620565.699051,5,-1,38
1761620565.7370508,0,-1,25
1761620565.7730508,4,-2,25
1761620565.8100507,0,-1,50
1761620565.8480508,-8,-6,45
1761620565.8860507,-3,-10,43
1761620565.9220507,3,-2,23
1761620565.9600508,-1,-5,31
1761620565.9980507,2,0,37
1761620566.0360508,5,-5,28
1761620566.0720508,-2,-2,30
1761620566.110051,-1,0,31
1761620566.1480508,-2,-5,32
1761620566.1840508,4,-3,37
1761620566.2210507,-1,-4,44
1761620566.2600508,0,-8,24
1761620566.2980506,-6,-3,26
1761620566.334051,2,0,32
1761620566.3710508,-2,2,42
1761620566.4080508,-3,-2,42
1761620566.4470508,2,-5,46
1761620566.4830508,-7,-10,36
1761620566.5210507,-1,1,42
1761620566.5590508,-6,0,45
1761620566.5980508,-5,0,38
1761620566.6340508,0,4,49
1761620566.6720507,-7,-2,29
1761620566.709051,-6,-2,27
1761620566.7480507,-4,-4,26
1761620566.7840507,1,-8,25
1761620566.8210506,-2,-6,30
1761620566.8590508,-4,-2,27
1761620566.8980508,2,4,32
1761620566.9340508,0,-4,26
1761620566.9710507,-2,2,34
1761620567.0090508,1,-1,23
1761620567.0470507,0,0,33
1761620567.0830507,-4,7,35
1761620567.1210508,-8,10,46
1761620567.1590507,1,-7,35
1761620567.1980507,4,0,41
1761620567.2340508,1,2,54
1761620567.2710507,1,6,33
1761620567.3090508,-2,-3,44
1761620567.3480508,-1,-2,28
1761620567.3840508,-4,-4,37
1761620567.4220507,0,-3,43
1761620567.459051,1,0,46
1761620567.4970508,1,-4,38
1761620567.5330508,1,-2,40
1761620567.5710506,0,3,28
1761620567.6090508,-3,-1,27
1761620567.6470506,-3,2,26
1761620567.6830506,4,-5,29
1761620567.7200508,4,-1,41
1761620567.758051,0,-2,35
1761620567.7940507,1,0,43
1761620567.8310506,4,0,40
1761620567.8690507,1,-2,37
1761620567.9070508,-8,-2,42
1761620567.9430506,-3,0,41
1761620567.9810507,0,0,45
1761620568.0190508,-5,-6,39
1761620568.0570507,-9,-1,45
1761620568.0930507,-7,-3,41
1761620568.1310508,-6,-1,49
1761620568.1690507,-2,7,47
1761620568.2080507,1,3,38
1761620568.2440507,-1,0,36
1761620568.2810507,0,4,39
1761620568.3190508,-1,3,36
1761620568.3550508,-8,0,36
1761620568.3920507,-3,-5,34
1761620568.4300506,0,-1,33
1761620568.4690506,-2,-3,31
1761620568.505051,-1,2,30
1761620568.5420508,0,0,40
1761620568.5790508,-5,0,34
1761620568.6150508,-2,1,33
1761620568.6520507,-3,-1,22
1761620568.6900508,2,-5,22
1761620568.7290506,3,-2,41
1761620568.7650506,9,0,36
1761620568.8020508,4,-3,38
1761620568.8390508,2,3,40
1761620568.8750508,0,5,35
1761620568.9120507,7,3,40
1761620568.949051,6,-1,41
1761620568.9880507,3,-5,51
1761620569.0240507,0,-6,33
1761620569.061051,5,4,34
1761620569.0990508,3,-7,30
1761620569.1350508,-1,0,36
1761620569.1730506,0,-5,33
1761620569.2110507,-5,-1,35
1761620569.2500508,-2,-1,32
1761620569.288051,0,-3,38
1761620569.324051,-4,-4,28
1761620569.3610508,4,3,35
1761620569.3990507,2,0,33
1761620569.4350507,7,-3,26
1761620569.472051,-3,-6,41
1761620569.5100508,0,-6,45
1761620569.5480506,3,-4,45
1761620569.584051,2,-4,41
1761620569.6210508,8,-3,49
1761620569.6590507,-1,6,44
1761620569.6950507,5,7,47
1761620569.732051,0,2,40
1761620569.7700508,0,4,40
1761620569.8080506,-1,3,42
1761620569.8440506,0,1,40
1761620569.8810508,0,0,32
1761620569.9190507,0,0,31
1761620569.9550507,0,-2,24
1761620569.9920506,3,2,29
1761620570.0300508,3,-6,34
1761620570.0690508,5,-3,40
1761620570.1050508,3,0,38
1761620570.1420507,-1,0,44
1761620570.1800506,-1,3,32
1761620570.2180507,5,1,37
1761620570.2540507,2,0,44
1761620570.291051,0,1,37
1761620570.3300507,-1,-3,54
1761620570.3680508,-4,-5,39
1761620570.4050508,-7,-7,28
1761620570.4420507,-4,-9,35
1761620570.4800508,0,0,38
1761620570.5160508,-4,3,38
1761620570.5530508,2,8,34
1761620570.5900507,2,-3,45
1761620570.6260507,-1,1,38
1761620570.663051,-11,-2,38
1761620570.7020507,-1,-1,34
1761620570.7400508,1,3,32
1761620570.7760508,0,-4,24
1761620570.814051,-14,-6,31
1761620570.8520508,-1,-7,29
1761620570.8900506,0,-4,28
1761620570.926051,2,-1,36
1761620570.9630508,5,-2,38
1761620571.0000508,0,-1,39
1761620571.0360508,-2,4,26
1761620571.0730507,0,1,37
1761620571.1110508,0,-2,41
1761620571.1490507,1,-4,28
1761620571.1850507,-1,5,28
1761620571.222051,-7,-2,24
1761620571.2610507,-6,0,44
1761620571.2990508,-4,1,38
1761620571.3350508,-3,-6,42
1761620571.3730507,-5,-1,31
1761620571.4110508,-1,-2,29
1761620571.4500508,8,-4,35
1761620571.4860508,1,-6,34
1761620571.5230508,5,1,25
1761620571.561051,-5,-4,41
1761620571.5990508,0,-1,27
1761620571.6350508,6,6,24
1761620571.6720507,-1,5,31
1761620571.7110507,6,14,20
1761620571.7490506,0,-1,27
1761620571.7850506,-3,1,37
1761620571.8230507,-7,0,42
1761620571.8610508,-2,0,42
1761620571.8990507,3,0,28
1761620571.9350507,8,-1,34
1761620571.9730508,0,0,33
1761620572.0110507,2,1,38
1761620572.0490508,0,-4,51
1761620572.0850508,8,-1,44
1761620572.1220508,1,-3,36
1761620572.1610508,5,0,32
1761620572.199051,6,-1,37
1761620572.235051,0,0,24
1761620572.2720506,0,-1,36
1761620572.311051,-6,2,31
1761620572.3490508,-2,1,28
1761620572.3850508,-1,-1,42
1761620572.4230506,1,4,39
1761620572.4610507,0,5,39
1761620572.4990506,-3,-1,38
1761620572.5350506,4,-5,31
1761620572.5720508,0,1,25
1761620572.610051,-6,0,24
1761620572.6460507,-3,-7,29
1761620572.6830506,-13,-5,34
1761620572.7210507,-6,0,39
1761620572.7570508,-8,-2,32
1761620572.7940507,-9,1,33
1761620572.8330507,2,-2,33
1761620572.8760507,3,-2,36
1761620572.9140508,8,1,31
1761620572.9510508,8,-3,42
1761620572.9900508,4,-2,38
1761620573.0260508,-2,-3,43
1761620573.064051,0,-7,46
1761620573.1010506,0,-2,35
1761620573.1400506,0,1,45
1761620573.176051,0,1,35
1761620573.2130508,7,-5,31
1761620573.2510507,-4,1,34
1761620573.2870507,1,-1,36
1761620573.324051,-6,-2,34
1761620573.3630507,-7,5,38
1761620573.4010508,-8,-1,41
1761620573.4370508,-3,2,42
1761620573.4740508,3,0,49
1761620573.5110507,0,-4,37
1761620573.5500507,-1,-1,39
1761620573.5860507,-4,-1,35
1761620573.6240506,-5,-1,33
1761620573.6620507,0,-1,51
1761620573.7010508,-1,1,43
1761620573.7370508,0,0,46
1761620573.7750506,1,0,30
1761620573.8130507,4,-1,28
1761620573.8510506,5,0,45
1761620573.8870506,2,3,39
1761620573.9250507,0,-4,35
1761620573.9630508,-1,-5,31
1761620574.0020506,-1,0,34
1761620574.0400507,-2,3,35
1761620574.0760508,6,-5,37
1761620574.1130507,-1,-12,36
1761620574.1520507,3,-5,41
1761620574.1900508,-2,-2,39
1761620574.2260506,1,-4,38
1761620574.2630508,-4,-2,38
1761620574.3020508,-1,-5,22
1761620574.3400507,-3,-12,31
1761620574.3760507,-4,-7,28
1761620574.413051,-1,-5,44
1761620574.4520507,0,-7,46
1761620574.4900508,7,-7,49
1761620574.5260508,1,-6,34
1761620574.564051,-9,-2,28
1761620574.6020508,-9,3,33
1761620574.6400506,-3,-4,36
1761620574.676051,-7,-8,30
1761620574.7140508,-2,-5,40
1761620574.7520506,-4,-8,46
1761620574.7900507,4,2,44
1761620574.8260508,0,0,29
1761620574.8640506,-3,0,39
1761620574.9020507,4,-2,41
1761620574.9410508,-2,-4,42
1761620574.9770508,0,-4,32
1761620575.0150506,-5,-4,41
1761620575.0530508,1,-2,45
1761620575.0910506,6,-3,47
1761620575.1270506,6,-1,36
1761620575.1640508,3,1,42
1761620575.2020507,6,3,33
1761620575.2380507,6,-1,25
1761620575.2750506,0,-1,31
1761620575.3130507,-8,0,43
1761620575.3510506,-3,-5,44
1761620575.3870506,-1,-6,40
1761620575.4240508,-7,-2,49
1761620575.462051,6,-2,39
1761620575.5010507,3,0,42
1761620575.5370507,3,1,36
1761620575.574051,-2,5,30
1761620575.6120508,0,-3,32
1761620575.6510508,3,1,43
1761620575.6870508,4,4,46
1761620575.7250507,4,-4,42
1761620575.7630508,0,-7,33
1761620575.8020508,0,-5,33
1761620575.8380508,-3,-2,36
1761620575.8750508,-1,-6,41
1761620575.913051,4,-10,31
1761620575.9520507,1,-7,36
1761620575.9880507,-2,0,31
1761620576.0250506,-4,1,42
1761620576.0630507,3,2,38
1761620576.1010506,0,-2,35
1761620576.1370506,0,0,51
1761620576.1750507,1,4,43
1761620576.2130508,-4,-7,40
1761620576.2510507,2,-9,51
1761620576.2870507,-5,-6,31
1761620576.3250508,0,-6,43
1761620576.3630507,-5,-1,34
1761620576.4020507,-1,0,33
1761620576.4380507,-2,-1,32
1761620576.4770508,-1,0,34
1761620576.5140507,3,0,41
1761620576.5520508,2,2,39
1761620576.5880508,4,-2,39
1761620576.6250508,1,-2,34
1761620576.663051,0,-1,43
1761620576.7010508,-4,-3,42
1761620576.7370508,-9,-5,32
1761620576.7740507,-2,-1,44
1761620576.8130507,-1,-6,42
1761620576.8510506,1,-4,54
1761620576.8870506,2,-2,49
1761620576.9240508,-4,-1,35
1761620576.9630508,4,0,28
1761620577.0010507,0,-5,32
1761620577.0370507,-2,-7,41
1761620577.074051,7,0,44
1761620577.1120508,13,-4,43
1761620577.1480508,5,-3,20
1761620577.1850507,0,1,38
1761620577.2230508,6,-2,44
1761620577.2590508,5,-3,35
1761620577.2960508,-1,0,29
1761620577.3330507,0,-1,38
1761620577.3690507,4,0,50
1761620577.4060507,0,5,44
1761620577.4430506,-2,3,36
1761620577.4790506,-1,5,44
1761620577.5160508,-1,0,36
1761620577.5540507,-5,0,35
1761620577.5920508,-2,0,39
1761620577.6280508,1,-3,37
1761620577.6650507,0,8,29
1761620577.7030506,-1,7,26
1761620577.7390506,1,12,25
1761620577.7760508,5,6,35
1761620577.8130507,4,3,38
1761620577.8490508,6,6,41
1761620577.8860507,5,3,41
1761620577.9240508,0,-1,47
1761620577.962051,2,0,32
1761620577.9980507,1,-6,43
1761620578.0350506,6,-5,30
1761620578.0730507,1,-3,33
1761620578.1090508,4,0,43
1761620578.1460507,-5,3,37
1761620578.1840508,-8,1,28
1761620578.222051,5,0,35
1761620578.258051,0,-3,30
1761620578.2950506,-5,4,33
1761620578.3330507,0,9,29
1761620578.3690507,-2,5,34
1761620578.4060507,1,0,37
1761620578.4450507,-1,-1,32
1761620578.4830508,-2,0,28
1761620578.5190508,-8,0,24
1761620578.5580506,-4,0,23
1761620578.5950508,-3,-5,31
1761620578.6340508,-5,-9,43
1761620578.6720507,0,0,40
1761620578.7080507,3,2,36
1761620578.745051,3,0,31
1761620578.7830508,0,-2,38
1761620578.8190508,2,-8,38
1761620578.857051,-2,-5,34
1761620578.8950508,0,-5,34
1761620578.9330506,-3,0,32
1761620578.9690506,-9,-2,42
1761620579.0060508,-5,0,35
1761620579.0440507,-1,0,35
1761620579.0830507,0,-7,37
1761620579.1190507,0,0,29
1761620579.1560507,-6,-8,35
1761620579.1940508,-5,3,40
1761620579.2300508,-8,3,45
1761620579.268051,0,4,43
1761620579.3050506,-3,1,36
1761620579.3430507,-5,0,36
1761620579.3790507,-5,0,34
1761620579.416051,0,-7,31
1761620579.4540508,-2,-3,29
1761620579.4900508,-3,-6,31
1761620579.528051,0,-1,29
1761620579.5650508,-11,-5,24
1761620579.6040506,-3,-8,34
1761620579.6400506,-3,-6,25
1761620579.6780508,3,-1,36
1761620579.7150507,0,-3,30
1761620579.7530508,-5,-2,29
1761620579.7890508,-1,-1,23
1761620579.8260508,-4,0,28
1761620579.8640506,3,0,37
1761620579.9000506,-5,-1,44
1761620579.9380507,-2,-6,35
1761620579.9760506,-2,0,31
1761620580.0140507,-8,-1,34
1761620580.0500507,-4,-2,30
1761620580.0890508,-2,-3,28
1761620580.1260507,3,-2,23
1761620580.1640508,1,2,37
1761620580.2000508,1,3,39
1761620580.2370508,2,8,33
1761620580.2750506,1,-2,39
1761620580.3130507,0,-5,37
1761620580.3490508,4,-2,34
1761620580.3860507,5,4,36
1761620580.4240508,2,-1,35
1761620580.4600508,5,-2,34
1761620580.4970508,-1,-7,21
1761620580.5350506,6,-4,28
1761620580.5730507,2,-1,22
1761620580.6090508,4,-2,23
1761620580.6460507,1,-6,33
1761620580.6850507,1,-6,37
1761620580.7230508,3,0,42
1761620580.7590508,-1,-4,31
1761620580.7960508,1,-4,31
1761620580.8350508,5,-2,36
1761620580.8730507,9,-6,40
1761620580.9090507,5,0,37
1761620580.9460506,4,-3,42
1761620580.985051,-4,1,36
1761620581.0230508,-4,-3,38
1761620581.0590508,-7,0,31
1761620581.0960507,-3,0,43
1761620581.1350508,8,-1,33
1761620581.1730506,-5,0,33
1761620581.209051,-4,4,29
1761620581.2460508,-10,4,37
1761620581.2850506,-9,-1,33
1761620581.3230507,-4,-9,43
1761620581.3590508,-3,-6,36
1761620581.3970506,-2,0,30
1761620581.436051,0,0,35
1761620581.4740508,5,-1,31
1761620581.5100508,-4,-7,29
1761620581.5480506,-2,-2,25
1761620581.5860507,5,-7,43
1761620581.6240506,0,0,25
1761620581.6600506,3,-2,17
1761620581.6980507,-3,-2,22
1761620581.735051,-6,-7,29
1761620581.7740507,-4,-7,37
1761620581.8100507,-1,0,39
1761620581.847051,-8,-5,43
1761620581.8850508,-4,0,49
1761620581.9240508,1,-2,38
1761620581.9600508,1,-4,40
1761620581.9980507,4,4,35
1761620582.0350506,0,2,31
1761620582.0710506,-1,0,30
1761620582.1080508,-7,3,35
1761620582.1460507,-8,6,43
1761620582.1840508,0,5,36
1761620582.2200508,-6,1,23
1761620582.2570508,0,0,36
1761620582.2950506,3,4,33
1761620582.3310506,5,5,42
1761620582.3680508,-2,-3,34
1761620582.4060507,0,0,34
1761620582.4440508,0,4,32
1761620582.4800508,2,0,35
1761620582.5170507,2,3,33
1761620582.5550506,0,0,31
1761620582.5910506,-2,1,37
1761620582.6280508,0,3,37
1761620582.666051,3,-2,41
1761620582.7040508,-7,-1,40
1761620582.7400508,-4,3,37
1761620582.7770507,-5,-4,41
1761620582.8160508,-5,-6,39
1761620582.8540506,-1,1,34
1761620582.8980508,4,0,33
1761620582.936051,0,-4,38
1761620582.9750507,0,0,34
1761620583.0110507,-2,-1,31
1761620583.0490508,-1,-5,47
1761620583.087051,0,-2,45
1761620583.1250508,-2,-6,47
1761620583.1610508,0,-4,46
1761620583.199051,1,1,38
1761620583.2360508,-6,-3,27
1761620583.2750506,-5,4,33
1761620583.311051,-1,7,29
1761620583.3490508,-1,0,30
1761620583.3860507,-5,2,35
1761620583.4240508,-6,-4,32
1761620583.4600508,-1,1,32
1761620583.4970508,-7,-9,24
1761620583.5360508,-2,-2,37
1761620583.5720508,0,-6,36
1761620583.6090508,-5,-9,34
1761620583.6470506,-3,6,33
1761620583.6850507,-4,0,35
1761620583.7210507,-1,-1,42
1761620583.758051,-8,-6,48
1761620583.7960508,-5,-9,48
1761620583.8350508,-2,-8,30
1761620583.8710508,0,-3,43
1761620583.9080508,2,-5,39
1761620583.9460506,0,-6,44
1761620583.982051,2,-6,35
1761620584.0190508,2,-6,47
1761620584.0570507,3,-9,38
1761620584.0950508,7,-1,27
1761620584.1310508,8,-1,35
1761620584.1690507,-1,0,33
1761620584.2070508,4,0,29
1761620584.245051,-1,4,29
1761620584.2810507,1,5,43
1761620584.3180506,-3,-1,36
1761620584.3560507,0,-10,29
1761620584.3950508,0,-5,31
1761620584.4310508,7,-2,38
1761620584.4680507,4,-1,43
1761620584.5060508,4,1,41
1761620584.5420508,2,1,37
1761620584.5800507,1,-2,26
1761620584.6170506,-3,-9,33
1761620584.6560507,-3,-3,27
1761620584.6920507,1,0,29
1761620584.7290506,4,-1,33
1761620584.7670507,1,-4,34
1761620584.8050506,2,1,39
1761620584.8410506,4,0,41
1761620584.8780508,5,-6,36
1761620584.9170508,8,0,45
1761620584.9550507,1,0,42
1761620584.9910507,1,-3,37
1761620585.0290508,4,-4,51
1761620585.0670507,1,-7,38
1761620585.1050508,-3,-6,35
1761620585.1410508,1,-8,36
1761620585.1780508,-4,-5,38
1761620585.2170508,-4,0,32
1761620585.255051,1,0,29
1761620585.291051,-5,2,40
1761620585.3280506,-3,-8,46
1761620585.3670506,0,-2,47
1761620585.4050508,-7,-3,46
1761620585.4420507,-4,-3,42
1761620585.4790506,-5,2,33
1761620585.5170507,0,6,36
1761620585.5550506,2,-3,42
1761620585.5910506,3,0,46
1761620585.6280508,1,4,38
1761620585.6670508,-3,0,40
1761620585.7050507,-1,-1,33
1761620585.7410507,0,0,44
1761620585.778051,6,6,37
1761620585.8170507,4,0,33
1761620585.8530507,0,-6,31
1761620585.8900506,-1,-8,24
1761620585.9280508,6,-3,34
1761620585.9670508,3,-1,42
1761620586.0030508,0,-5,31
1761620586.0400507,-4,-2,25
1761620586.0780506,0,-7,31
1761620586.1170506,6,-1,40
1761620586.153051,-1,0,43
1761620586.1900508,0,1,35
1761620586.2270508,3,1,35
1761620586.2640507,-1,7,39
1761620586.301051,-5,0,34
1761620586.3380508,-4,0,31
1761620586.3760507,-6,3,29
1761620586.4120507,-3,5,33
1761620586.4500508,-10,-2,43
1761620586.4880507,-1,-3,28
1761620586.5270507,4,-6,26
1761620586.5630507,2,-2,28
1761620586.6000507,10,-3,40
1761620586.6380508,3,-5,40
1761620586.676051,0,2,40
1761620586.712051,-4,-1,34
1761620586.7500508,-8,-1,31
1761620586.788051,-2,0,37
1761620586.8270507,1,-3,36
1761620586.8630507,0,0,40
1761620586.9000506,5,0,31
1761620586.9380507,-3,2,26
1761620586.9760506,-1,-2,24
1761620587.0120506,0,0,19
1761620587.0500507,8,-4,28
1761620587.0880508,6,-8,38
1761620587.1270506,2,0,33
1761620587.163051,7,-4,37
1761620587.2000508,-1,-5,34
1761620587.2380507,-3,0,42
1761620587.2770507,-2,-1,32
1761620587.314051,0,-4,43
1761620587.3520508,0,-3,48
1761620587.3890507,-2,0,31
1761620587.4270508,0,2,35
1761620587.4630508,1,0,34
1761620587.5000508,4,0,34
1761620587.538051,0,-1,37
1761620587.5760508,-3,0,31
1761620587.6120508,-3,0,30
1761620587.6490507,2,-1,49
1761620587.6880507,-7,-3,43
1761620587.7260506,-4,2,35
1761620587.7620506,-5,-4,39
1761620587.7990508,-4,-6,48
1761620587.8380508,-2,-9,45
1761620587.8760507,-8,-1,41
1761620587.9120507,-1,-7,38
1761620587.949051,0,-3,27
1761620587.9870508,-2,-6,37
1761620588.0230508,1,-7,30
1761620588.0600507,-3,-8,35
1761620588.0980508,-1,4,25
1761620588.1370506,5,5,31
1761620588.1730506,-1,4,30
1761620588.2100508,6,2,48
1761620588.2480507,0,4,38
1761620588.2850506,0,0,36
1761620588.3220508,-6,-1,43
1761620588.360051,-4,-5,41
1761620588.3980508,2,-2,49
1761620588.4370508,6,3,43
1761620588.4730508,-2,2,49
1761620588.5100508,-2,2,29
1761620588.5480506,-4,-5,39
1761620588.587051,4,0,45
1761620588.6230507,1,2,40
1761620588.6600506,-5,0,33
1761620588.6980507,-8,7,45
1761620588.7340508,-7,2,30
1761620588.7710507,-4,5,36
1761620588.8080506,0,-1,35
1761620588.8440506,-3,2,35
1761620588.8810508,-1,4,26
1761620588.9190507,-2,3,33
1761620588.9570508,-2,2,32
1761620588.9930508,-3,0,39
1761620589.0300508,-7,1,42
1761620589.0680506,1,0,35
1761620589.1040506,2,-6,39
1761620589.1420507,-5,-7,30
1761620589.1790507,-2,2,40
1761620589.2180507,-2,0,38
1761620589.2540507,1,-2,36
1761620589.291051,5,8,49
1761620589.3290508,0,0,40
1761620589.3670506,3,-7,32
1761620589.403051,2,-6,35
1761620589.4400508,4,0,34
1761620589.4780507,3,-3,22
1761620589.5140507,2,-1,36
1761620589.5520508,8,0,36
1761620589.5890508,5,2,30
1761620589.6270506,1,0,43
1761620589.663051,0,-4,43
1761620589.7000508,0,1,39
1761620589.7380507,-2,0,25
1761620589.7740507,-3,-5,21
1761620589.8130507,-1,-3,41
1761620589.8500507,-6,-2,28
1761620589.8890507,0,-2,32
1761620589.9270508,-2,0,37
1761620589.9630508,3,-4,26
1761620590.0000508,5,-1,30
1761620590.038051,4,-3,30
1761620590.074051,4,0,32
1761620590.1110508,0,-1,34
1761620590.1490507,0,-1,26
1761620590.1870508,-1,-4,37
1761620590.2230508,-5,-9,34
1761620590.2610507,-5,-3,33
1761620590.2990508,-1,-6,38
1761620590.3380508,4,-3,36
1761620590.3740506,3,-2,38
1761620590.4110508,3,-2,45
1761620590.449051,-4,11,38
1761620590.485051,0,4,34
1761620590.5220506,0,0,24
1761620590.5590508,-2,0,34
1761620590.5950508,-7,-4,36
1761620590.6320508,-2,0,44
1761620590.6700506,4,1,44
1761620590.7080507,3,4,39
1761620590.7440507,4,-1,37
1761620590.7810507,3,9,39
1761620590.8190508,-4,-1,34
1761620590.8550508,-1,-4,35
1761620590.893051,-3,-4,35
1761620590.9310508,-2,-1,36
1761620590.9690506,0,2,40
1761620591.005051,-1,4,42
1761620591.0430508,-4,0,41
1761620591.0800507,-4,2,46
1761620591.1180508,0,-2,50
1761620591.1540508,2,0,42
1761620591.1910508,7,0,28
1761620591.2290506,7,7,21
1761620591.2650506,2,1,33
1761620591.3040507,7,3,37
1761620591.3410506,2,-1,36
1761620591.380051,0,-3,42
1761620591.4180508,3,-12,35
1761620591.4540508,2,0,38
1761620591.4910507,2,-6,37
1761620591.5300508,2,-3,45
1761620591.5680506,-6,-4,38
1761620591.6040506,-5,-4,34
1761620591.6410508,-1,-1,33
1761620591.6800506,-2,-2,38
1761620591.7180507,-3,0,40
1761620591.7540507,0,-2,34
1761620591.791051,-8,-6,35
1761620591.8300507,1,-3,50
1761620591.8680508,-6,2,44
1761620591.9040508,-3,0,42
1761620591.9410508,0,3,31
1761620591.9800508,0,1,28
1761620592.018051,-3,-3,27
1761620592.0540507,-1,-6,32
1761620592.0910506,-5,2,28
1761620592.130051,-9,-4,29
1761620592.1680508,0,-1,28
1761620592.2040508,-5,1,32
1761620592.2410507,1,-3,36
1761620592.2800508,0,-3,42
1761620592.3160508,0,2,41
1761620592.3540506,0,4,48
1761620592.3910508,-2,7,42
1761620592.4300506,4,2,40
1761620592.4660506,0,-3,40
1761620592.5040507,-1,-2,33
1761620592.5420508,-6,-2,35
1761620592.5800507,-1,5,29
1761620592.6190507,5,4,36
1761620592.6550508,3,-5,34
1761620592.6920507,7,1,21
1761620592.7300508,-1,4,24
1761620592.7660508,0,3,30
1761620592.8050506,0,0,38
1761620592.8420508,0,0,43
1761620592.880051,1,-2,38
1761620592.9240508,-2,-2,46
1761620592.962051,-3,0,24
1761620593.0000508,0,-3,22
1761620593.0360508,2,-2,40
1761620593.0730507,-2,-5,33
1761620593.1110508,-2,1,39
1761620593.1500506,3,-7,53
1761620593.186051,-1,-6,45
1761620593.2240508,3,-3,42
1761620593.2610507,0,-5,52
1761620593.2990508,0,0,44
1761620593.3350508,1,-1,26
1761620593.3720508,-3,-4,20
1761620593.4110508,-1,4,23
1761620593.449051,-1,1,26
1761620593.485051,-1,0,25
1761620593.5220506,-4,-5,31
1761620593.561051,-1,-6,42
1761620593.5990508,0,0,30
1761620593.6350508,-4,0,32
1761620593.6730506,-3,1,40
1761620593.7110507,-1,-1,37
1761620593.7490506,-1,-3,30
1761620593.7850506,-7,-5,35
1761620593.8230507,-6,-2,33
1761620593.8610508,-7,0,38
1761620593.8990507,-4,5,35
1761620593.9350507,0,7,33
1761620593.972051,-2,1,35
1761620594.0110507,-9,5,39
1761620594.0490508,0,1,46
1761620594.0850508,-3,7,50
1761620594.1230507,-3,6,39
1761620594.1610508,3,-2,43
1761620594.199051,-3,-2,34
1761620594.235051,2,-1,42
1761620594.2720506,3,1,41
1761620594.3100507,7,0,23
1761620594.3460507,4,-2,31
1761620594.383051,6,-3,34
1761620594.4210508,0,-3,42
1761620594.4570508,2,0,35
1761620594.495051,-1,4,31
1761620594.5320508,-3,2,36
1761620594.5700507,3,1,28
1761620594.6060507,1,2,39
1761620594.643051,1,-2,34
1761620594.6820507,0,6,34
1761620594.7200508,0,5,33
1761620594.7560508,3,3,26
1761620594.7930508,2,-1,29
1761620594.8310506,4,0,30
1761620594.8670506,6,-7,38
1761620594.9050508,7,-8,38
1761620594.9420507,0,-9,39
1761620594.9800508,0,-1,34
1761620595.0160508,4,-2,17
1761620595.0540507,6,-3,26
1761620595.0910506,3,0,28
1761620595.1270506,-4,1,29
1761620595.1640508,-9,2,38
1761620595.2010508,-2,-4,43
1761620595.2400508,3,0,42
1761620595.2760508,-1,-2,36
1761620595.314051,4,-2,29
1761620595.3510506,3,-1,30
1761620595.3870506,1,0,41
1761620595.4240508,3,2,40
1761620595.462051,6,2,43
1761620595.5000508,6,2,37
1761620595.5360508,1,-5,41
1761620595.5730507,-1,-7,38
1761620595.6120508,-2,-5,49
1761620595.6500506,-5,0,33
1761620595.686051,-1,-2,31
1761620595.7230508,0,4,34
1761620595.7620506,2,-1,48
1761620595.8000507,0,-1,37
1761620595.8360507,-3,4,24
1761620595.8730507,5,0,30
1761620595.9110508,4,0,24
1761620595.9470508,1,-6,31
1761620595.985051,3,-5,34
1761620596.0220506,0,-5,42
1761620596.0600507,-1,-2,37
1761620596.0960507,0,0,37
1761620596.133051,0,-1,37
1761620596.1720507,1,-6,42
1761620596.2100508,7,0,33
1761620596.2460508,3,-2,38
1761620596.2830508,-2,0,45
1761620596.3210506,1,-2,48
1761620596.357051,3,-5,50
1761620596.3940508,-2,-2,46
1761620596.4320507,-1,0,42
1761620596.4710507,-4,-5,39
1761620596.5070508,-2,-5,45
1761620596.5440507,0,-2,46
1761620596.5820508,-9,0,31
1761620596.620051,2,0,22
1761620596.6560507,1,0,29
1761620596.6930506,4,-3,38
1761620596.732051,0,0,29
1761620596.768051,0,3,33
1761620596.8060508,2,-1,44
1761620596.8440506,-1,-2,42
1761620596.8820508,0,0,31
1761620596.9180508,4,-4,34
1761620596.9550507,-4,4,32
1761620596.9930508,-4,4,38
1761620597.0320508,7,-2,35
1761620597.0680506,0,-9,40
1761620597.1060507,-3,-7,43
1761620597.1440508,2,-4,29
1761620597.1830506,0,-3,16
1761620597.2210507,2,-5,35
1761620597.2570508,2,-1,37
1761620597.2940507,0,-4,37
1761620597.3320508,-1,3,36
1761620597.3680508,-5,3,30
1761620597.4050508,-8,6,42
1761620597.4420507,1,-8,30
1761620597.4780507,-4,-5,33
1761620597.5150506,1,-3,23
1761620597.5520508,-1,-9,30
1761620597.5910506,2,-4,35
1761620597.6270506,2,-4,34
1761620597.6650507,-2,4,30
1761620597.7040508,0,5,39
1761620597.7420506,0,-6,37
1761620597.778051,-5,0,44
1761620597.8150508,-3,0,40
1761620597.8530507,0,1,31
1761620597.8910508,2,7,26
1761620597.9270508,4,5,34
1761620597.9650507,3,-3,38
1761620598.0030508,0,-1,35
1761620598.041051,4,0,35
1761620598.0770507,-1,4,41
1761620598.1150508,-2,-1,37
1761620598.153051,-2,1,39
1761620598.1920507,-6,0,39
1761620598.2280507,5,0,34
1761620598.2650506,1,-1,35
1761620598.3030508,10,1,35
1761620598.3410506,-3,0,43
1761620598.3770506,-2,2,35
1761620598.4150507,-4,-2,24
1761620598.4530506,-4,-2,21
1761620598.4920506,-2,-2,20
1761620598.528051,-3,0,30
1761620598.5650508,-2,-5,32
1761620598.6030507,6,-1,29
1761620598.6410508,10,-3,43
1761620598.6770508,-1,-5,36
1761620598.7150507,4,-3,38
1761620598.7530508,4,6,32
1761620598.791051,3,1,25
1761620598.8270507,6,-2,21
1761620598.8640506,4,-7,31
1761620598.9020507,8,-2,45
1761620598.9380507,8,-2,33
1761620598.9750507,6,-1,34
1761620599.0130508,4,0,30
1761620599.0490508,5,0,32
1761620599.0860507,-3,-1,26
1761620599.1240506,-5,-9,32
1761620599.163051,-8,-6,29
1761620599.199051,1,-3,34
1761620599.2360508,2,-1,39
1761620599.2740507,0,-5,37
1761620599.3130507,-3,0,44
1761620599.3490508,0,-3,48
1761620599.3860507,-2,0,41
1761620599.4240508,-4,-1,45
1761620599.4630508,-3,-5,53
1761620599.4990506,-1,-2,47
1761620599.5370507,0,-1,37
1761620599.5750508,-2,-4,40
1761620599.6130507,2,-3,41
1761620599.6520507,-7,0,37
1761620599.6880507,-4,2,37
1761620599.7250507,3,3,35
1761620599.7630508,7,0,41
1761620599.7990508,0,1,33
1761620599.837051,-2,-1,35
1761620599.8740506,0,-5,47
1761620599.913051,-2,3,47
1761620599.949051,2,0,36
1761620599.9860508,0,4,33
1761620600.0250506,-2,3,40
1761620600.0630507,2,1,35
1761620600.0990508,4,-4,36
1761620600.1380508,1,-7,41
1761620600.1750507,-5,-14,27
1761620600.2140508,0,0,34
1761620600.2520506,0,-1,44
1761620600.288051,6,-5,37
1761620600.3250508,0,-9,37
1761620600.3640506,3,-4,44
1761620600.4020507,2,-12,38
1761620600.4380507,0,-10,36
1761620600.4750507,-5,-7,38
1761620600.5140507,0,-9,38
1761620600.5520508,5,-6,33
1761620600.5880508,2,-10,29
1761620600.6260507,0,-3,36
1761620600.6640508,1,-4,24
1761620600.7020507,1,-2,32
1761620600.7380507,1,-1,38
1761620600.7750506,13,0,35
1761620600.8130507,-1,-2,34
1761620600.8490508,-3,0,25
1761620600.8860507,2,-4,41
1761620600.9250507,-2,10,30
1761620600.9630508,0,8,34
1761620600.9990506,7,4,43
1761620601.0360508,-4,6,43
1761620601.074051,-3,3,42
1761620601.1130507,1,-1,39
1761620601.1490507,3,-4,36
1761620601.186051,-5,0,51
1761620601.2240508,-6,-4,51
1761620601.2630508,-3,0,41
1761620601.2990508,-11,4,39
1761620601.3360507,-4,4,35
1761620601.3740506,-3,-1,41
1761620601.4100506,1,0,37
1761620601.4480507,2,2,37
1761620601.485051,0,0,43
1761620601.5230508,1,2,39
1761620601.5590508,-2,4,34
1761620601.5960507,-1,1,21
1761620601.6340508,1,-4,31
1761620601.6700506,-3,-4,31
1761620601.7070508,-3,3,35
1761620601.7440507,-1,1,38
1761620601.7800508,-1,-1,32
1761620601.8170507,7,0,27
1761620601.8550508,6,-2,29
1761620601.893051,-6,0,42
1761620601.9290507,3,1,43
1761620601.9670508,2,6,39
1761620602.005051,6,0,32
1761620602.0430508,4,3,35
1761620602.0790508,4,0,37
1761620602.1160507,0,-1,43
1761620602.1540508,2,-2,40
1761620602.1900508,0,-5,35
1761620602.2270508,-5,-1,48
1761620602.2650506,1,0,36
1761620602.3030508,2,-3,36
1761620602.3390508,9,-6,47
1761620602.3760507,4,-4,38
1761620602.4140508,-2,-2,35
1761620602.4500508,1,10,34
1761620602.4870508,-3,-2,26
1761620602.5250506,-5,3,28
1761620602.564051,5,6,38
1761620602.6000507,5,6,40
1761620602.6370506,4,5,42
1761620602.6750507,-1,3,42
1761620602.7130508,-2,4,41
1761620602.7490506,-3,4,40
1761620602.7860508,0,2,33
1761620602.824051,4,-2,40
1761620602.860051,3,-2,37
1761620602.8970506,-3,-6,36
1761620602.9430506,0,0,27
1761620602.9790506,2,-4,29
1761620603.0170507,0,-7,23
1761620603.0550506,-6,0,32
1761620603.0930507,3,-1,29
1761620603.1290507,-7,-1,25
1761620603.1670508,-5,0,35
1761620603.2050507,2,2,28
1761620603.2410507,-1,1,30
1761620603.278051,3,-6,36
1761620603.3150508,-1,-2,25
1761620603.3540506,0,1,30
1761620603.3900506,0,-3,36
1761620603.4270508,4,-6,48
1761620603.4650507,-1,-2,35
1761620603.5010507,-3,-1,37
1761620603.538051,-4,2,25
1761620603.5760508,-5,-8,30
1761620603.6140506,6,-9,31
1761620603.6500506,2,-6,28
1761620603.6880507,9,-2,31
1761620603.7250507,6,2,28
1761620603.7610507,4,0,41
1761620603.7980506,4,-4,31
1761620603.8360507,5,-3,41
1761620603.8740506,1,-5,34
1761620603.9100506,2,-11,44
1761620603.9470508,0,-2,39
1761620603.985051,0,-4,34
1761620604.0210507,0,-4,34
1761620604.0590508,1,-2,34
1761620604.097051,-1,-4,24
1761620604.1350508,-9,-5,35
1761620604.1740508,-6,2,31
1761620604.2100508,0,-3,27
1761620604.2470508,7,-3,37
1761620604.2850506,1,-11,26
1761620604.3210506,2,-11,29
1761620604.3590508,5,-13,38
1761620604.3960507,-5,-9,31
1761620604.4350507,0,-1,31
1761620604.4710507,4,-8,31
1761620604.5090508,7,-3,43
1761620604.5470507,-3,0,43
1761620604.5850508,-2,-3,42
1761620604.6210508,0,-3,39
1761620604.6590507,-3,-4,39
1761620604.6970508,0,1,41
1761620604.735051,0,0,33
1761620604.7710507,-1,1,40
1761620604.8090508,8,-2,39
1761620604.8460507,5,1,39
1761620604.8840508,0,0,35
1761620604.9200506,1,-2,40
1761620604.9570508,0,-2,39
1761620604.995051,1,0,33
1761620605.0310507,-1,-2,40
1761620605.0690508,-3,1,24
1761620605.1060507,0,0,31
1761620605.1440508,3,-2,40
1761620605.1800506,0,1,38
1761620605.2180507,2,-4,42
1761620605.2560508,0,-2,49
1761620605.2940507,-2,0,46
1761620605.3300507,4,-5,45
1761620605.3680508,0,-6,42
1761620605.4060507,0,-1,44
1761620605.4440508,3,-1,33
1761620605.4800508,2,-3,28
1761620605.518051,2,-3,41
1761620605.5560508,-2,-2,35
1761620605.5920508,-6,-7,34
1761620605.630051,-2,-1,38
1761620605.6680508,0,0,36
1761620605.7060506,0,-1,41
1761620605.7420506,4,1,30
1761620605.7790508,-7,6,28
1761620605.8160508,-8,2,38
1761620605.8520508,-2,4,36
1761620605.8890507,-2,-1,29
1761620605.9270508,1,-6,38
1761620605.9650507,-4,-4,37
1761620606.0010507,1,-3,38
1761620606.0390508,0,-5,42
1761620606.0760508,5,-1,21
1761620606.1150508,0,1,33
1761620606.1510508,0,-1,27
1761620606.1880507,4,-9,38
1761620606.2260506,6,-8,39
1761620606.2620506,0,-5,37
1761620606.2990508,4,-4,39
1761620606.337051,9,-4,43
1761620606.3750508,-2,-2,22
1761620606.4110508,4,-3,28
1761620606.4480507,-1,-3,26
1761620606.4870508,-2,4,34
1761620606.5250506,-3,-3,37
1761620606.561051,-3,0,42
1761620606.5980508,-6,-3,36
1761620606.6370506,1,-3,36
1761620606.6750507,-2,-2,43
1761620606.7110507,1,1,34
1761620606.7480507,-3,-2,34
1761620606.7870507,-9,1,47
1761620606.8250508,-5,0,37
1761620606.8610508,0,-9,40
1761620606.8980508,-3,-7,27
1761620606.9370508,3,-12,26
1761620606.9750507,1,-5,28
1761620607.0110507,-4,-8,33
1761620607.0480506,-6,-3,39
1761620607.087051,-6,-1,44
1761620607.1250508,2,-2,37
1761620607.1610508,0,-11,38
1761620607.1980507,1,-2,31
1761620607.2360508,5,-1,32
1761620607.2720506,-3,2,37
1761620607.311051,5,-5,42
1761620607.3480508,1,2,29
1761620607.3860507,-1,2,21
1761620607.4220507,-2,-5,35
1761620607.4600508,0,-3,28
1761620607.4970508,1,-2,43
1761620607.5330508,-8,-7,40
1761620607.5700507,0,0,36
1761620607.607051,0,5,27
1761620607.6460507,2,1,35
1761620607.6820507,-4,0,37
1761620607.7190506,0,-2,37
1761620607.7570508,5,-3,41
1761620607.7930508,-3,-4,47
1761620607.8310506,-3,-8,48
1761620607.8690507,3,-5,45
1761620607.9070508,-2,-6,49
1761620607.9430506,-6,-4,30
1761620607.9810507,-5,-7,28
1761620608.0190508,-4,0,32
1761620608.0570507,-4,0,37
1761620608.0930507,-2,-4,36
1761620608.1310508,2,-5,32
1761620608.1690507,0,-5,15
1761620608.2070508,6,-10,20
1761620608.2430508,0,-5,35
1761620608.2810507,-3,-5,37
1761620608.3190508,1,-4,38
1761620608.3580508,8,-8,33
1761620608.3960507,0,-5,44
1761620608.4320507,-4,-7,39
1761620608.4690506,0,0,24
1761620608.5070508,-1,0,31
1761620608.5440507,-7,3,33
1761620608.5810506,-2,0,30
1761620608.6190507,-1,-6,30
1761620608.6580508,-6,5,29
1761620608.6960506,-1,5,38
1761620608.732051,2,4,49
1761620608.7690508,5,-1,44
1761620608.8080506,12,-5,31
1761620608.8460507,4,0,31
1761620608.8820508,1,1,41
1761620608.9190507,0,0,47
1761620608.9570508,-1,1,37
1761620608.9930508,1,-2,33
1761620609.0300508,-1,-2,45
1761620609.0680506,-1,-3,40
1761620609.107051,0,0,36
1761620609.143051,4,-3,29
1761620609.1800506,7,-2,34
1761620609.2180507,3,-1,37
1761620609.2560508,-1,2,27
1761620609.2920508,-2,-2,33
1761620609.3300507,3,-7,36
1761620609.3680508,-3,-6,44
1761620609.4060507,-8,1,30
1761620609.4420507,2,0,37
1761620609.4790506,-2,0,35
1761620609.5170507,-3,-7,35
1761620609.5530508,-2,0,31
1761620609.5900507,0,-2,43
1761620609.6280508,1,0,39
1761620609.6640508,1,-7,36
1761620609.7010508,-2,-4,34
1761620609.7390506,0,-1,38
1761620609.778051,-5,0,47
1761620609.814051,2,2,52
1761620609.8510506,0,3,29
1761620609.8880508,-4,-1,36
1761620609.9270508,0,-1,44
1761620609.9630508,0,2,42
1761620610.0000508,-2,0,48
1761620610.038051,-1,2,39
1761620610.074051,-2,-3,39
1761620610.1120508,-2,0,35
1761620610.1490507,-1,3,33
1761620610.1880507,1,3,39
1761620610.2240508,4,0,27
1761620610.2610507,-3,-5,36
1761620610.2990508,6,-1,46
1761620610.337051,-10,-2,35
1761620610.3730507,-4,0,36
1761620610.4100506,-2,-5,44
1761620610.4480507,-3,-3,42
1761620610.4870508,4,-3,39
1761620610.5230508,0,-13,37
1761620610.561051,0,-9,37
1761620610.5990508,2,-5,38
1761620610.6380508,8,-6,32
1761620610.6740508,6,0,28
1761620610.7110507,3,2,34
1761620610.7490506,1,-4,38
1761620610.7870507,-5,-5,51
1761620610.8230507,2,-8,39
1761620610.860051,-1,-7,39
1761620610.8990507,-3,-4,33
1761620610.9370508,-3,3,30
1761620610.9730508,1,-4,41
1761620611.0120506,0,-1,38
1761620611.0490508,-3,3,26
1761620611.087051,0,4,23
1761620611.1230507,8,3,36
1761620611.1600506,3,2,34
1761620611.1980507,3,6,36
1761620611.2340508,0,2,28
1761620611.2710507,2,0,37
1761620611.3090508,-1,1,40
1761620611.347051,0,1,39
1761620611.383051,3,1,35
1761620611.4200506,3,5,48
1761620611.459051,-3,0,34
1761620611.4970508,-6,-2,40
1761620611.5330508,-7,1,35
1761620611.5700507,-2,2,37
1761620611.6080508,-4,-3,39
1761620611.6450508,0,0,36
1761620611.6830506,-1,2,37
1761620611.7200508,-6,6,32
1761620611.758051,-2,4,34
1761620611.7940507,-3,1,37
1761620611.8310506,1,-2,32
1761620611.8690507,-1,-5,47
1761620611.9050508,-3,0,37
1761620611.9420507,-5,0,38
1761620611.9800508,0,0,38
1761620612.018051,-2,0,46
1761620612.0540507,10,4,44
1761620612.0910506,5,3,37
1761620612.1290507,1,1,48
1761620612.1650507,5,4,32
1761620612.2030506,4,7,33
1761620612.2400508,-1,6,33
1761620612.2790508,1,-1,26
1761620612.3150508,0,-5,38
1761620612.3530507,1,-9,33
1761620612.3900506,-3,-1,37
1761620612.4290507,0,-1,32
1761620612.4650507,0,-2,33
1761620612.5030508,3,6,34
1761620612.5400507,0,1,36
1761620612.5790508,-4,0,27
1761620612.6150508,-7,0,27
1761620612.653051,3,7,29
1761620612.6900508,0,2,32
1761620612.7290506,-1,-1,36
1761620612.7650506,6,3,37
1761620612.8020508,-2,5,31
1761620612.8400507,-4,4,37
1761620612.8780508,-6,1,35
1761620612.9140508,0,4,40
1761620612.9600508,0,-2,33
1761620612.9980507,-5,-7,37
1761620613.0340507,-9,-9,39
1761620613.0720508,0,-5,40
1761620613.110051,1,0,49
1761620613.1480508,3,2,30
1761620613.1840508,-2,0,34
1761620613.222051,4,1,38
1761620613.2600508,-4,-2,40
1761620613.2980506,7,0,54
1761620613.334051,-2,1,51
1761620613.3720508,0,6,27
1761620613.4100506,0,-2,27
1761620613.4480507,-8,5,33
1761620613.4840508,-2,-2,40
1761620613.5220506,-9,-8,35
1761620613.5600507,5,-1,42
1761620613.5980508,3,0,41
1761620613.6340508,-4,4,47
1761620613.6720507,-6,0,32
1761620613.7100508,0,0,43
1761620613.7480507,1,-6,32
1761620613.7840507,-5,-6,42
1761620613.8220508,-2,-1,46
1761620613.860051,-3,0,35
1761620613.8980508,5,-1,44
1761620613.9340508,-4,-2,38
1761620613.972051,-2,-2,37
1761620614.0100508,-7,-3,15
1761620614.0490508,4,0,17
1761620614.0850508,4,-1,34
1761620614.1220508,2,0,45
1761620614.1600506,-4,-1,43
1761620614.1960506,-1,-2,48
1761620614.2330508,0,0,39
1761620614.2700508,-4,0,45
1761620614.3090508,1,6,42
1761620614.3450508,0,2,42
1761620614.3820508,3,-7,32
1761620614.4200506,-6,6,29
1761620614.459051,1,3,34
1761620614.495051,0,0,42
1761620614.5320508,-6,0,40
1761620614.5700507,-3,3,37
1761620614.6090508,0,4,43
1761620614.6450508,-2,2,33
1761620614.6820507,-7,-1,30
1761620614.7200508,-6,1,30
1761620614.7590508,-4,-3,31
1761620614.7950506,-4,-2,39
1761620614.8320508,-4,-2,31
1761620614.870051,-4,6,29
1761620614.9090507,-4,2,33
1761620614.9450507,3,0,34
1761620614.982051,0,-6,39
1761620615.0210507,4,-2,40
1761620615.0590508,-1,-7,50
1761620615.0950508,-5,-5,37
1761620615.1320508,-2,-5,33
1761620615.1710508,3,-3,34
1761620615.209051,0,-5,43
1761620615.245051,0,-4,30
1761620615.2820508,-2,-3,27
1761620615.3210506,-3,4,31
1761620615.3590508,-3,-4,30
1761620615.3950508,-3,-3,31
1761620615.4320507,0,2,35
1761620615.4700508,0,4,42
1761620615.5060508,2,3,45
1761620615.5430508,5,0,42
1761620615.5810506,-7,1,37
1761620615.6190507,1,1,29
1761620615.6550508,0,0,29
1761620615.6930506,-6,-4,36
1761620615.7310507,5,0,31
1761620615.7690508,1,0,34
1761620615.8050506,-1,4,35
1761620615.8430507,-7,0,35
1761620615.8810508,0,-5,46
1761620615.9190507,0,-8,45
1761620615.9550507,5,-2,38
1761620615.9930508,0,-4,46
1761620616.0310507,-6,-1,33
1761620616.0690508,-2,-2,25
1761620616.1050508,5,-2,40
1761620616.143051,-1,-3,38
1761620616.1810508,-3,0,33
1761620616.2170508,1,-2,19
1761620616.2540507,6,-4,21
1761620616.291051,-11,-1,35
1761620616.3300507,-7,1,39
1761620616.3660507,-7,-4,32
1761620616.4040508,-3,-7,28
1761620616.4430506,3,0,47
1761620616.4810507,-4,0,33
1761620616.5170507,-6,-1,46
1761620616.5540507,0,-1,39
1761620616.5910506,2,-3,46
1761620616.6270506,4,2,42
1761620616.6640508,0,1,29
1761620616.7020507,0,-5,39
1761620616.7400508,2,8,37
1761620616.7760508,0,4,21
1761620616.8130507,-3,0,34
1761620616.8510506,0,3,32
1761620616.8870506,-4,-2,36
1761620616.9250507,0,0,34
1761620616.962051,2,-6,34
1761620617.0000508,1,-5,39
1761620617.0360508,0,0,33
1761620617.0730507,-3,-1,39
1761620617.1120508,-11,-2,34
1761620617.1500506,-11,-3,37
1761620617.186051,-5,0,42
1761620617.2230508,1,3,19
1761620617.2610507,4,5,28
1761620617.2970507,0,0,24
1761620617.334051,3,0,36
1761620617.3720508,1,-3,29
1761620617.4100506,4,2,32
1761620617.4460506,8,7,34
1761620617.4830508,0,11,29
1761620617.5220506,0,7,33
1761620617.5600507,-3,2,49
1761620617.5960507,-6,6,43
1761620617.633051,-4,-2,33
1761620617.6720507,-4,-5,29
1761620617.7100508,-5,0,35
1761620617.7460508,-9,-1,41
1761620617.7840507,1,-2,35
1761620617.8220508,-1,4,25
1761620617.860051,2,-1,29
1761620617.8960507,7,-3,39
1761620617.9330506,6,-1,35
1761620617.972051,3,0,35
1761620618.0100508,3,0,32
1761620618.0460508,2,1,31
1761620618.0830507,3,5,30
1761620618.1220508,2,0,18
1761620618.1600506,0,-4,24
1761620618.1960506,-2,0,24
1761620618.2330508,0,2,19
1761620618.2720506,9,0,31
1761620618.3100507,-6,0,28
1761620618.3460507,-1,-4,25
1761620618.383051,0,-5,24
1761620618.4220507,0,-2,34
1761620618.459051,0,-4,36
1761620618.4960508,-3,0,32
1761620618.5340507,0,6,43
1761620618.5720508,-4,6,37
1761620618.6080508,-2,3,41
1761620618.6450508,0,-1,23
1761620618.6820507,-1,0,34
1761620618.7180507,3,-1,36
1761620618.755051,4,0,47
1761620618.7930508,2,5,38
1761620618.8310506,1,-1,40
1761620618.8670506,1,0,22
1761620618.9040508,2,-3,25
1761620618.9420507,3,2,36
1761620618.9780507,1,-3,29
1761620619.0150506,5,-5,35
1761620619.0520508,-3,-8,40
1761620619.0910506,5,-11,34
1761620619.1270506,-1,-10,38
1761620619.1640508,0,-4,39
1761620619.2020507,4,-3,34
1761620619.2380507,0,0,37
1761620619.2750506,-4,-2,42
1761620619.314051,-4,-2,48
1761620619.3520508,1,-1,32
1761620619.3880508,-1,-5,24
1761620619.4250507,-10,-4,32
1761620619.4640508,-9,-4,39
1761620619.5020506,4,-2,31
1761620619.538051,4,1,31
1761620619.5750508,3,0,30
1761620619.6130507,4,3,34
1761620619.6510508,0,-3,35
1761620619.6870508,4,1,34
1761620619.7240508,0,0,28
1761620619.7620506,1,1,28
1761620619.7980506,3,0,37
1761620619.8360507,-4,-3,39
1761620619.8730507,1,0,34
1761620619.9110508,-1,0,46
1761620619.9470508,-4,4,41
1761620619.9840508,0,0,31
1761620620.0220506,1,-1,30
1761620620.0580506,7,2,33
1761620620.0960507,9,0,26
1761620620.133051,0,7,33
1761620620.1720507,-5,12,36
1761620620.2080507,-2,3,24
1761620620.2460508,2,-1,24
1761620620.2840507,-1,3,31
1761620620.3220508,0,-6,42
1761620620.3580508,-7,-5,42
1761620620.3960507,-1,-4,32
1761620620.4340508,4,-4,33
1761620620.472051,2,1,35
1761620620.508051,6,0,38
1761620620.5460508,3,2,38
1761620620.5830507,-5,1,29
1761620620.6220508,-4,3,20
1761620620.6580508,0,3,25
1761620620.6950507,-4,1,30
1761620620.7330508,1,2,29
1761620620.7690508,0,-3,19
1761620620.8060508,-4,0,25
1761620620.8440506,-4,5,23
1761620620.8820508,1,1,37
1761620620.9190507,-6,1,32
1761620620.9560506,-1,6,35
1761620620.9930508,0,-2,33
1761620621.0290508,4,-2,41
1761620621.0670507,3,-2,43
1761620621.1050508,-5,0,33
1761620621.1440508,-5,-3,41
1761620621.1820507,9,-1,30
1761620621.2180507,2,-3,26
1761620621.2560508,1,2,23
1761620621.2940507,-5,-5,32
1761620621.3320508,-3,-1,41
1761620621.3680508,4,-1,40
1761620621.4060507,4,2,45
1761620621.4430506,0,-5,36
1761620621.482051,-5,-1,32
1761620621.518051,0,-2,40
1761620621.5560508,3,-3,37
1761620621.5940506,-3,-4,40
1761620621.6320508,-3,-2,39
1761620621.6680508,0,0,39
1761620621.7050507,-5,0,46
1761620621.7440507,2,0,39
1761620621.7820508,6,-6,54
1761620621.8180506,-3,-1,48
1761620621.8560507,0,0,41
1761620621.8940508,-6,2,34
1761620621.9320507,2,0,36
1761620621.9680507,-4,-4,31
1761620622.0060508,1,-1,37
1761620622.0440507,3,1,36
1761620622.0820508,3,5,38
1761620622.1180508,-3,1,40
1761620622.1560507,0,0,38
1761620622.1940508,0,3,26
1761620622.232051,-1,0,42
1761620622.268051,-4,-2,38
1761620622.3060508,9,-1,40
1761620622.3440506,6,-1,45
1761620622.3820508,6,-4,33
1761620622.4180508,1,-6,39
1761620622.4560506,-9,-3,30
1761620622.4940507,-7,-2,34
1761620622.5330508,-3,0,25
1761620622.5690508,4,6,39
1761620622.6060507,6,0,35
1761620622.6440508,3,-1,32
1761620622.6820507,0,-4,40
1761620622.7180507,-1,-5,27
1761620622.7560508,5,0,26
1761620622.7940507,3,-7,35
1761620622.8300507,2,-3,38
1761620622.8670506,-1,2,38
1761620622.9060507,-1,0,33
1761620622.9440508,3,1,31
1761620622.9890506,5,-4,31
1761620623.0260508,9,0,39
1761620623.064051,-3,-2,34
1761620623.1000507,-4,0,33
1761620623.1370506,5,0,41
1761620623.1740508,5,0,50
1761620623.2130508,0,0,34
1761620623.2490506,0,-5,32
1761620623.2860508,2,-2,29
1761620623.324051,0,0,35
1761620623.360051,1,0,40
1761620623.3970506,0,5,38
1761620623.4340508,0,2,30
1761620623.4700508,5,3,34
1761620623.5070508,10,0,52
1761620623.5440507,2,3,45
1761620623.5800507,1,2,49
1761620623.6170506,-8,-2,42
1761620623.6550508,-7,-3,48
1761620623.6940508,-5,1,46
1761620623.7300508,0,1,47
1761620623.7670507,6,-2,41
1761620623.8050506,3,-4,34
1761620623.8430507,7,0,41
1761620623.8790507,0,9,35
1761620623.916051,0,1,31
1761620623.9550507,-5,-2,42
1761620623.9930508,0,-1,36
1761620624.0290508,2,-6,32
1761620624.0660508,-5,-1,36
1761620624.1050508,-2,-3,34
1761620624.143051,0,0,43
1761620624.1790507,-2,1,45
1761620624.2160506,-3,-2,40
1761620624.255051,0,1,43
1761620624.2930508,1,3,42
1761620624.3290508,1,7,44
1761620624.3660507,0,3,37
1761620624.4050508,0,0,27
1761620624.4430506,-6,-10,33
1761620624.4790506,-6,-7,26
1761620624.5160508,-4,0,39
1761620624.5550506,-1,-1,39
1761620624.5930507,-10,-4,42
1761620624.6290507,-9,0,49
1761620624.666051,-5,6,38
1761620624.7050507,-1,0,32
1761620624.7430508,7,-3,41
1761620624.7790508,4,-2,39
1761620624.8170507,-3,3,28
1761620624.8550508,-1,-2,33
1761620624.893051,-4,-9,33
1761620624.9290507,0,-6,44
1761620624.9670508,-2,-2,45
1761620625.005051,2,1,36
1761620625.041051,-2,2,45
1761620625.0780506,-3,-2,40
1761620625.1160507,0,-9,45
1761620625.1550508,3,-5,29
1761620625.1910508,-1,-4,32
1761620625.2280507,-4,-6,31
1761620625.2660508,2,0,38
1761620625.3040507,0,2,37
1761620625.3410506,2,-3,37
1761620625.3780508,6,5,30
1761620625.4150507,1,-1,44
1761620625.4510508,0,-7,46
1761620625.4880507,1,-3,38
1761620625.5260508,-3,-1,39
1761620625.564051,5,2,44
1761620625.6000507,2,-1,37
1761620625.6370506,10,-3,28
1761620625.6750507,0,-3,25
1761620625.7110507,-3,-6,34
1761620625.7490506,3,0,22
1761620625.7860508,1,-1,32
1761620625.824051,-1,-2,45
1761620625.860051,0,4,54
1761620625.8970506,-2,2,41
1761620625.9350507,7,0,42
1761620625.9710507,1,0,39
1761620626.0090508,0,3,39
1761620626.0460508,2,4,39
1761620626.084051,0,-4,42
1761620626.120051,-6,-2,42
1761620626.1570508,-6,4,35
1761620626.1960506,-6,-4,31
1761620626.2340508,-6,-5,28
1761620626.2700508,-5,-4,26
1761620626.3070507,-5,-2,26
1761620626.3460507,0,-5,30
1761620626.3840508,-3,-4,30
1761620626.4200506,2,1,39
1761620626.4570508,3,1,37
1761620626.495051,0,-1,28
1761620626.5310507,4,-2,30
1761620626.5680506,3,-5,30
1761620626.6060507,4,-1,44
1761620626.6440508,1,2,35
1761620626.6800506,0,-1,29
1761620626.7170508,4,2,41
1761620626.755051,0,-3,28
1761620626.791051,-1,-1,36
1761620626.8280506,3,-2,32
1761620626.8660507,-1,-1,30
1761620626.9040508,0,2,31
1761620626.9400508,-2,-1,23
1761620626.9780507,-5,-1,28
1761620627.0160508,1,-3,29
1761620627.0550506,-4,0,44
1761620627.0910506,-3,3,37
1761620627.1280508,0,-1,28
1761620627.1670508,-2,0,28
1761620627.2050507,-4,-1,30
1761620627.2410507,-2,-3,33
1761620627.278051,4,-5,45
1761620627.3160508,1,0,48
1761620627.3520508,0,4,44
1761620627.3890507,-9,0,39
1761620627.426051,-2,0,26
1761620627.462051,-3,-3,34
1761620627.5000508,0,2,43
1761620627.5370507,-9,-3,27
1761620627.5760508,-7,-1,11
1761620627.6120508,-4,-4,38
1761620627.6500506,0,3,32
1761620627.6870508,-8,-1,32
1761620627.7260506,-2,-5,24
1761620627.7620506,-1,-2,40
1761620627.8000507,2,-3,30
1761620627.837051,4,4,39
1761620627.8750508,1,-1,47
1761620627.9110508,-1,-2,47
1761620627.9480507,3,-2,45
1761620627.9860508,0,0,35
1761620628.0220506,8,-3,24
1761620628.0600507,0,-10,26
1761620628.0980508,-3,-3,33
1761620628.1370506,6,3,41
1761620628.1750507,3,-6,36
1761620628.2110507,-1,-2,45
1761620628.2480507,3,2,41
1761620628.2860508,-4,-4,40
1761620628.3230507,0,-1,37
1761620628.360051,-3,0,45
1761620628.3980508,-9,1,39
1761620628.436051,-1,0,34
1761620628.472051,0,0,36
1761620628.5090508,-5,-3,40
1761620628.5470507,0,-7,34
1761620628.5860507,3,-5,37
1761620628.6220508,-4,0,39
1761620628.6590507,-1,-6,26
1761620628.6980507,-4,-1,35
1761620628.7360508,-5,-3,39
1761620628.7720506,-8,-4,40
1761620628.8090508,-12,-4,30
1761620628.847051,-2,4,34
1761620628.8860507,-8,10,36
1761620628.9220507,-6,2,40
1761620628.959051,1,-2,38
1761620628.9970508,-3,2,37
1761620629.0350506,0,-3,34
1761620629.0710506,5,-9,39
1761620629.1090508,7,-3,42
1761620629.1470506,8,5,37
1761620629.1850507,0,3,40
1761620629.2210507,-1,-4,41
1761620629.2590508,0,1,37
1761620629.2970507,0,0,33
1761620629.3330507,0,0,35
1761620629.370051,-1,-4,27
1761620629.4080508,2,0,43
1761620629.4460506,0,-6,45
1761620629.482051,0,-3,42
1761620629.5190508,6,-8,43
1761620629.5570507,1,-3,38
1761620629.5930507,-1,-1,35
1761620629.630051,1,-4,26
1761620629.6670508,3,1,46
1761620629.7030506,3,-1,41
1761620629.7400508,-3,-2,45
1761620629.778051,-3,-6,50
1761620629.8170507,1,-2,46
1761620629.8530507,2,8,27
1761620629.8900506,0,-1,45
1761620629.9270508,5,0,44
1761620629.9630508,5,0,41
1761620630.0000508,1,0,29
1761620630.0370507,5,-3,25
1761620630.0760508,0,-1,28
1761620630.1120508,-2,1,37
1761620630.1490507,0,-1,44
1761620630.1870508,-1,0,36
1761620630.2230508,-2,-2,43
1761620630.2600508,0,0,28
1761620630.2980506,4,-6,38
1761620630.3360507,0,-2,45
1761620630.3720508,-1,0,43
1761620630.4090507,0,4,50
1761620630.4470508,0,0,42
1761620630.4830508,7,5,38
1761620630.5200508,0,-2,30
1761620630.5580506,0,-6,19
1761620630.5960507,-4,-6,24
1761620630.6320508,-2,-6,21
1761620630.6690507,-6,-3,20
1761620630.7080507,3,-5,28
1761620630.7460508,-1,0,34
1761620630.7820508,-4,-5,21
1761620630.8200507,-2,3,34
1761620630.8580508,-2,0,32
1761620630.8970506,-2,-2,37
1761620630.9330506,-4,-1,39
1761620630.972051,-2,-3,38
1761620631.0090508,4,0,44
1761620631.0470507,2,-4,41
1761620631.0830507,6,0,29
1761620631.1210508,2,1,34
1761620631.1590507,-1,0,35
1761620631.1970508,3,2,43
1761620631.2330508,3,0,47
1761620631.2700508,10,-1,38
1761620631.3080506,2,-3,44
1761620631.347051,-3,0,43
1761620631.383051,2,-3,46
1761620631.4200506,3,0,28
1761620631.4580507,3,-2,30
1761620631.4940507,5,-10,39
1761620631.5310507,3,-9,42
1761620631.5690508,4,-4,42
1761620631.6080508,3,-4,39
1761620631.6440508,-2,-4,37
1761620631.6810508,-2,-5,36
1761620631.7190506,-6,0,31
1761620631.758051,1,-2,37
1761620631.7940507,6,0,31
1761620631.8310506,-6,2,33
1761620631.8680508,4,1,46
1761620631.9040508,0,8,50
1761620631.9420507,1,-1,42
1761620631.9790506,3,2,34
1761620632.018051,-2,-1,29
1761620632.0540507,-5,-2,21
1761620632.0920508,0,-4,28
1761620632.1290507,1,-6,40
1761620632.1670508,0,-1,39
1761620632.2030506,3,0,33
1761620632.2410507,-5,-4,44
1761620632.278051,1,-8,35
1761620632.3170507,-1,-3,36
1761620632.3530507,2,-1,37
1761620632.3910508,2,0,30
1761620632.4290507,-1,1,29
1761620632.4670508,-3,-7,35
1761620632.5030508,-3,0,41
1761620632.5400507,5,4,49
1761620632.5780506,2,3,35
1761620632.6140506,4,0,33
1761620632.6510508,4,-1,36
1761620632.689051,-3,1,34
1761620632.7270508,-6,0,34
1761620632.7630508,-6,-4,29
1761620632.8000507,-5,2,39
1761620632.8390508,0,2,33
1761620632.8770506,0,-4,37
1761620632.913051,0,-6,28
1761620632.9500508,-2,4,28
1761620632.9940507,0,3,45
1761620633.0320508,-2,-5,32
1761620633.0700507,0,-3,33
1761620633.1080508,-2,-9,35
1761620633.1440508,-1,-4,37
1761620633.1820507,0,-2,37
1761620633.2190506,1,-6,41
1761620633.2570508,5,-3,45
1761620633.2930508,4,-4,29
1761620633.3300507,7,-4,23
1761620633.3680508,-1,-3,32
1761620633.4040508,-1,-9,38
1761620633.4410508,6,3,41
1761620633.4790506,4,2,46
1761620633.5170507,6,-5,33
1761620633.5530508,-1,-3,36
1761620633.5910506,-3,0,34
1761620633.6290507,3,-2,33
1761620633.6650507,-2,1,26
1761620633.7020507,-4,0,22
1761620633.7390506,-5,-5,32
1761620633.778051,3,1,40
1761620633.814051,0,0,35
1761620633.8510506,-6,0,38
1761620633.8890507,2,-3,37
1761620633.9250507,2,-7,41
1761620633.962051,4,-4,33
1761620633.9990506,0,-7,44
1761620634.0350506,-3,-1,49
1761620634.0730507,0,2,41
1761620634.110051,-2,1,36
1761620634.1490507,-3,7,40
1761620634.1850507,0,2,42
1761620634.2230508,-3,-3,44
1761620634.2600508,-3,-2,36
1761620634.2990508,2,-5,33
1761620634.3350508,-1,0,34
1761620634.3720508,-2,0,35
1761620634.4090507,-5,-2,34
1761620634.4480507,-2,-5,28
1761620634.4840508,-6,-2,22
1761620634.5220506,-3,-5,34
1761620634.5600507,-4,-5,25
1761620634.5990508,-4,-4,23
1761620634.6350508,-3,-11,43
1761620634.6730506,-4,-7,38
1761620634.712051,1,-3,41
1761620634.7500508,6,0,32
1761620634.788051,2,3,37
1761620634.824051,7,0,45
1761620634.8620508,0,-1,36
1761620634.9000506,4,0,42
1761620634.9380507,-5,-4,37
1761620634.9740508,-8,-4,34
1761620635.0110507,-8,-4,36
1761620635.0500507,-6,-3,37
1761620635.0880508,-1,-9,43
1761620635.1240506,0,-12,44
1761620635.1610508,-2,-7,36
1761620635.2000508,-3,-6,42
1761620635.2380507,0,3,46
1761620635.2740507,5,7,39
1761620635.311051,0,0,41
1761620635.3490508,-10,-6,41
1761620635.3850508,-1,-4,33
1761620635.4230506,-9,1,30
1761620635.4600508,-1,-3,48
1761620635.4990506,0,-2,51
1761620635.5350506,2,-6,31
1761620635.5720508,2,-6,36
1761620635.610051,-1,1,33
1761620635.6490507,-8,-3,30
1761620635.6850507,-5,-1,19
1761620635.7230508,-2,1,25
1761620635.7600508,-3,2,28
1761620635.7990508,1,-3,24
1761620635.8350508,-4,0,32
1761620635.8730507,6,-2,33
1761620635.9110508,0,2,42
1761620635.949051,2,1,36
1761620635.985051,7,-4,28
1761620636.0220506,8,-3,42
1761620636.0600507,6,-8,52
1761620636.0990508,4,1,47
1761620636.1350508,-4,1,41
1761620636.1720507,0,-1,36
1761620636.2110507,3,-4,35
1761620636.2490506,2,-2,46
1761620636.2850506,4,-1,36
1761620636.3220508,0,-2,39
1761620636.360051,3,-2,41
1761620636.3960507,1,-2,27
1761620636.4340508,0,2,41
1761620636.4710507,-3,5,38
1761620636.5100508,-6,-5,31
1761620636.5460508,-10,-7,26
1761620636.584051,-4,-6,30
1761620636.6220508,0,-4,40
1761620636.6600506,-4,0,42
1761620636.6960506,3,1,44
1761620636.7340508,0,-4,37
1761620636.7720506,3,-9,40
1761620636.8100507,-1,-5,35
1761620636.8460507,11,0,25
1761620636.883051,-1,-4,29
1761620636.9220507,-9,-6,37
1761620636.9600508,-5,-1,27
1761620636.9960508,1,0,26
1761620637.0330508,-4,-3,28
1761620637.0720508,-10,0,40
1761620637.110051,1,-9,42
1761620637.1460507,-5,-11,46
1761620637.1830506,1,0,49
1761620637.2210507,0,1,35
1761620637.2590508,-5,3,33
1761620637.2950506,1,4,34
1761620637.3320508,-4,-5,43
1761620637.3710508,-3,-5,42
1761620637.4090507,-7,0,41
1761620637.4450507,-9,-2,33
1761620637.482051,-3,0,38
1761620637.5210507,-2,-1,39
1761620637.5590508,6,-5,40
1761620637.5950508,4,3,36
1761620637.6320508,5,0,41
1761620637.6700506,0,0,34
1761620637.7060506,-2,-1,51
1761620637.7430508,-2,-3,47
1761620637.7810507,-3,-6,39
1761620637.8200507,0,4,36
1761620637.8560507,1,-5,35
1761620637.893051,-3,2,31
1761620637.9310508,-1,-1,37
1761620637.9670508,2,0,38
1761620638.0040507,-4,-3,36
1761620638.0420508,4,-6,37
1761620638.0800507,5,-8,37
1761620638.1160507,4,-4,36
1761620638.153051,0,0,34
1761620638.1910508,-5,0,26
1761620638.2270508,2,3,35
1761620638.2640507,-9,0,41
1761620638.301051,-3,3,46
1761620638.3400507,1,5,40
1761620638.3760507,-1,2,43
1761620638.413051,0,2,37
1761620638.4510508,2,-1,38
1761620638.4870508,1,-3,42
1761620638.5240507,-2,-3,42
1761620638.5620508,-4,0,43
1761620638.6000507,3,-3,33
1761620638.6360507,3,4,32
1761620638.6730506,0,2,35
1761620638.7110507,-3,0,44
1761620638.7470508,3,-2,37
1761620638.7840507,0,1,33
1761620638.8210506,0,-3,36
1761620638.860051,-3,8,40
1761620638.8960507,0,5,30
1761620638.9330506,-2,4,35
1761620638.972051,-4,2,51
1761620639.0100508,0,2,38
1761620639.0460508,-2,3,38
1761620639.0830507,-7,-3,36
1761620639.1220508,0,-9,37
1761620639.1600506,0,-4,31
1761620639.1960506,7,-5,27
1761620639.2340508,5,3,33
1761620639.2720506,4,-5,31
1761620639.3100507,0,-3,39
1761620639.3460507,-3,-4,36
1761620639.3840508,4,0,30
1761620639.4220507,1,0,34
1761620639.4600508,4,-2,23
1761620639.4960508,3,-5,29
1761620639.5330508,1,-6,34
1761620639.5710506,-4,-13,38
1761620639.607051,-9,-6,38
1761620639.6450508,-4,-3,44
1761620639.6830506,0,0,38
1761620639.7210507,2,0,38
1761620639.7570508,1,-1,46
1761620639.7940507,0,-4,32
1761620639.8320508,-3,-4,28
1761620639.870051,-1,-3,32
1761620639.9060507,-3,2,45
1761620639.9430506,-2,-3,41
1761620639.982051,-6,2,29
1761620640.0200508,2,-1,32
1761620640.0560508,2,0,23
1761620640.0930507,-1,-4,31
1761620640.1320508,3,-8,34
1761620640.1680508,0,1,42
1761620640.2050507,1,-2,40
1761620640.2420506,6,0,36
1761620640.278051,5,-2,38
1761620640.3150508,8,-3,38
1761620640.3520508,-1,-3,35
1761620640.3910508,-4,0,34
1761620640.4270508,-5,0,29
1761620640.4650507,-3,1,25
1761620640.5030508,-4,-1,32
1761620640.5420508,5,-1,36
1761620640.5780506,-1,2,51
1761620640.6160507,3,3,38
1761620640.653051,-3,-5,37
1761620640.6920507,-5,-3,35
1761620640.7280507,0,-3,31
1761620640.7660508,1,5,35
1761620640.8030508,0,-2,34
1761620640.8410506,0,-7,24
1761620640.8770506,0,1,32
1761620640.9140508,-2,7,33
1761620640.9530506,1,0,36
1761620640.9910507,4,0,40
1761620641.0270507,1,0,39
1761620641.0650508,-3,-8,28
1761620641.1030507,0,0,26
1761620641.1410508,-2,-3,24
1761620641.1770508,0,-4,28
1761620641.2150507,-5,-3,46
1761620641.2530508,-3,0,35
1761620641.291051,0,-4,47
1761620641.3270507,10,0,42
1761620641.3650508,1,3,46
1761620641.403051,1,2,45
1761620641.4410508,-2,7,40
1761620641.4770508,1,5,31
1761620641.5150506,-2,-4,34
1761620641.5530508,-4,1,43
1761620641.5910506,-2,-2,34
1761620641.6270506,5,-9,25
1761620641.6640508,10,-1,26
1761620641.7030506,2,0,39
1761620641.7410507,6,1,38
1761620641.7770507,-1,-5,37
1761620641.814051,-3,-5,45
1761620641.8530507,1,-3,30
1761620641.8910508,3,-3,27
1761620641.9270508,9,-1,41
1761620641.9640508,3,1,45
1761620642.0020506,0,0,38
1761620642.038051,0,-3,37
1761620642.0750508,2,-13,29
1761620642.1130507,-4,-4,28
1761620642.1510508,-3,-2,32
1761620642.1870508,1,-6,26
1761620642.2240508,1,-9,29
1761620642.2630508,-3,-7,27
1761620642.2990508,-1,1,29
1761620642.3360507,5,-6,37
1761620642.3730507,3,-1,40
1761620642.4090507,5,1,38
1761620642.4460506,-1,-2,37
1761620642.4840508,2,-9,35
1761620642.5220506,-4,-10,33
1761620642.5580506,-5,-7,35
1761620642.5950508,-3,1,47
1761620642.633051,0,3,31
1761620642.6690507,-2,0,36
1761620642.7060506,-1,-1,35
1761620642.745051,-1,2,35
1761620642.7830508,3,-1,34
1761620642.8190508,0,0,41
1761620642.8560507,-3,-4,54
1761620642.8950508,0,1,44
1761620642.9330506,0,0,43
1761620642.9690506,3,-2,40
1761620643.0150506,-4,3,34
1761620643.0530508,0,2,33
1761620643.0890508,-5,-8,42
1761620643.1260507,-4,0,35
1761620643.163051,-1,1,30
1761620643.199051,-3,-2,33
1761620643.2360508,-1,4,32
1761620643.2740507,-3,3,31
1761620643.3120508,-3,-4,37
1761620643.3480508,-1,-3,37
1761620643.3850508,0,-5,50
1761620643.4230506,-1,0,29
1761620643.4600508,-1,2,31
1761620643.4970508,-4,-3,33
1761620643.5350506,3,-8,32
1761620643.574051,6,-9,34
1761620643.6120508,4,-6,33
1761620643.6480508,5,-5,48
1761620643.6850507,-2,-6,25
1761620643.7240508,4,0,26
1761620643.7620506,0,0,33
1761620643.7980506,-5,2,37
1761620643.8350508,-2,1,40
1761620643.8730507,-8,2,36
1761620643.9090507,-4,4,39
1761620643.9460506,3,-3,37
1761620643.9840508,0,-6,41
1761620644.0220506,7,-8,36
1761620644.0580506,5,-9,49
1761620644.0950508,-2,-4,39
1761620644.1340508,1,-1,37
1761620644.1720507,1,-5,33
1761620644.2080507,3,1,26
1761620644.245051,-5,1,39
1761620644.2830508,0,5,32
1761620644.3190508,0,5,29
1761620644.357051,0,-5,38
1761620644.3940508,2,0,45
1761620644.4300506,-3,-1,44
1761620644.4670508,4,0,43
1761620644.5040507,2,4,50
1761620644.5430508,5,-2,39
1761620644.5790508,0,-3,41
1761620644.6170506,-1,-1,37
1761620644.6550508,0,-2,34
1761620644.6930506,0,-2,30
1761620644.7290506,-7,-2,41
1761620644.7660508,2,-5,40
1761620644.8040507,1,-2,39
1761620644.8430507,0,-2,30
1761620644.8790507,3,5,21
1761620644.916051,0,-2,38
1761620644.9540508,0,-9,33
1761620644.9900508,2,-7,33
1761620645.0270507,6,-5,44
1761620645.064051,0,4,39
1761620645.1000507,-6,0,34
1761620645.1370506,-1,4,44
1761620645.1750507,4,1,40
1761620645.2130508,3,-10,39
1761620645.2490506,6,0,35
1761620645.2860508,1,5,27
1761620645.324051,-1,-2,40
1761620645.360051,0,-10,35
1761620645.3970506,-4,-1,36
1761620645.4350507,2,-4,45
1761620645.4730508,1,-4,44
1761620645.5090508,3,-2,38
1761620645.5460508,3,-9,47
1761620645.5850508,4,1,32
1761620645.6230507,2,-1,36
1761620645.6590507,4,-6,38
1761620645.6970508,4,-7,37
1761620645.735051,6,0,33
1761620645.7730508,3,1,34
1761620645.8090508,10,6,39
1761620645.847051,6,0,46
1761620645.8850508,1,-1,36
1761620645.9230506,0,1,34
1761620645.959051,3,-3,36
1761620645.9970508,2,-7,38
1761620646.0350506,-6,-6,28
1761620646.0730507,-1,0,36
1761620646.1090508,6,-4,29
1761620646.1460507,-1,-3,27
1761620646.1850507,0,-1,40
1761620646.2230508,2,0,53
1761620646.2590508,0,0,50
1761620646.2960508,8,1,48
1761620646.334051,4,-6,38
1761620646.370051,-1,-4,33
1761620646.4070508,0,1,38
1761620646.4450507,-4,1,39
1761620646.4830508,-2,0,33
1761620646.5190508,-3,-4,28
1761620646.5570507,-7,-1,34
1761620646.5950508,0,-12,39
1761620646.6310508,0,-10,30
1761620646.6680508,-1,-4,30
1761620646.7060506,0,-2,42
1761620646.745051,0,-4,42
1761620646.7810507,-2,-6,43
1761620646.8190508,-8,-1,38
1761620646.857051,3,-5,38
1761620646.8950508,-4,1,41
1761620646.9310508,-5,0,42
1761620646.9680507,2,-1,26
1761620647.005051,4,-7,27
1761620647.041051,-4,-2,32
1761620647.0780506,2,-4,32
1761620647.1160507,-2,-4,27
1761620647.1550508,2,-3,35
1761620647.1910508,4,2,42
1761620647.2290506,5,0,50
1761620647.2660508,0,-6,40
1761620647.3040507,-5,-1,36
1761620647.3400507,-5,0,36
1761620647.3770506,-6,-3,45
1761620647.4150507,-1,-6,43
1761620647.4540508,-4,-6,23
1761620647.4900508,-4,1,32
1761620647.5270507,0,3,44
1761620647.5650508,-2,-2,41
1761620647.6010506,4,-3,32
1761620647.6380508,3,2,34
1761620647.676051,4,0,36
1761620647.7140508,1,-9,45
1761620647.7500508,0,-7,40
1761620647.7870507,-8,0,45
1761620647.8260508,-4,-4,48
1761620647.8640506,-6,-1,35
1761620647.9000506,-7,-4,33
1761620647.9380507,-5,0,42
1761620647.9760506,-1,-6,38
1761620648.0140507,5,4,43
1761620648.0500507,0,-2,44
1761620648.087051,-1,0,44
1761620648.1250508,0,9,40
1761620648.1610508,0,3,50
1761620648.1980507,-1,0,44
1761620648.2360508,2,1,36
1761620648.2740507,1,2,28
1761620648.3100507,0,-4,41
1761620648.347051,-5,-2,46
1761620648.3860507,-4,-1,32
1761620648.4240508,8,-5,33
1761620648.4600508,3,-4,20
1761620648.4980507,1,5,24
1761620648.5370507,2,-3,22
1761620648.5750508,0,-4,36
1761620648.6110508,1,-3,41
1761620648.6480508,-3,-11,52
1761620648.686051,1,-10,40
1761620648.7250507,0,-7,38
1761620648.7610507,-6,-7,42
1761620648.7980506,-2,-7,39
1761620648.837051,3,0,25
1761620648.8750508,6,-1,42
1761620648.9110508,-6,1,36
1761620648.9480507,-5,-6,41
1761620648.9870508,1,-4,58
1761620649.0250506,0,-9,45
1761620649.061051,1,-5,42
1761620649.0980508,-3,-2,37
1761620649.1370506,0,0,33
1761620649.1750507,0,-2,38
1761620649.2110507,1,-13,33
1761620649.2480507,-5,-3,27
1761620649.2860508,-2,0,27
1761620649.3250508,0,2,35
1761620649.3610508,0,-2,37
1761620649.3980508,-2,0,39
1761620649.436051,-2,1,50
1761620649.472051,0,0,31
1761620649.5090508,5,-2,31
1761620649.5460508,0,2,30
1761620649.5820508,-1,0,33
1761620649.620051,5,4,50
1761620649.6570508,7,0,36
1761620649.6950507,1,-2,45
1761620649.7310507,3,-10,56
1761620649.768051,-3,2,36
1761620649.8060508,-2,0,33
1761620649.8420508,-13,-3,36
1761620649.880051,-8,0,30
1761620649.9180508,0,1,36
1761620649.9560506,1,2,37
1761620649.9920506,6,-2,26
1761620650.0300508,3,0,38
1761620650.0670507,2,-4,52
1761620650.1060507,-7,1,33
1761620650.1420507,-2,0,29
1761620650.1790507,2,-6,32
1761620650.2170508,0,-4,39
1761620650.255051,0,0,43
1761620650.291051,-5,-1,35
1761620650.3290508,-8,4,28
1761620650.3670506,2,2,33
1761620650.4050508,-2,4,41
1761620650.4410508,1,-3,41
1761620650.4780507,-6,1,40
1761620650.5160508,2,-8,37
1761620650.5520508,1,-9,37
1761620650.5890508,0,-4,40
1761620650.6270506,-6,0,37
1761620650.6650507,-4,-2,40
1761620650.7010508,-6,-1,35
1761620650.7380507,7,5,27
1761620650.7760508,0,1,24
1761620650.8120508,-6,-2,23
1761620650.8490508,-2,-3,36
1761620650.8870506,4,1,30
1761620650.9250507,-2,-1,33
1761620650.9610507,-4,0,35
1761620650.9980507,1,-6,37
1761620651.0360508,3,-1,30
1761620651.0720508,10,-2,40
1761620651.110051,-1,-6,31
1761620651.1470506,-2,-6,41
1761620651.186051,0,0,37
1761620651.222051,-1,-2,36
1761620651.2590508,5,-10,28
1761620651.2970507,-1,-6,24
1761620651.3360507,-4,-7,28
1761620651.3720508,-1,-8,35
1761620651.4090507,0,2,40
1761620651.4470508,0,-1,29
1761620651.4830508,3,1,30
1761620651.5210507,0,-2,40
1761620651.5580506,0,-7,41
1761620651.597051,-1,-3,27
1761620651.633051,-4,-3,31
1761620651.6710508,-2,0,35
1761620651.7080507,-6,-5,41
1761620651.7470508,-5,-4,32
1761620651.7830508,1,-2,40
1761620651.8210506,-5,-6,42
1761620651.8590508,-7,-2,46
1761620651.8970506,-1,0,53
1761620651.9330506,3,-2,50
1761620651.972051,1,-2,32
1761620652.0090508,4,3,38
1761620652.0470507,-1,2,34
1761620652.0830507,1,-7,32
1761620652.120051,3,-1,35
1761620652.1580508,2,6,25
1761620652.1960506,3,-6,30
1761620652.232051,0,-4,29
1761620652.2690508,0,0,36
1761620652.3070507,-5,4,39
1761620652.3430507,-2,0,43
1761620652.380051,2,-4,35
1761620652.4180508,0,-2,31
1761620652.4560506,-2,-3,27
1761620652.4920506,3,-1,37
1761620652.5300508,5,-2,45
1761620652.5680506,7,-3,48
1761620652.607051,6,-4,38
1761620652.643051,-1,-2,33
1761620652.6800506,-4,-2,32
1761620652.7180507,-2,4,39
1761620652.7560508,3,0,41
1761620652.7920508,2,-1,43
1761620652.8290508,2,0,46
1761620652.8670506,-2,1,45
1761620652.903051,-1,4,41
1761620652.9410508,7,1,44
1761620652.9780507,2,7,48
1761620653.0220506,-9,4,41
1761620653.0600507,-2,0,46
1761620653.0980508,-3,0,40
1761620653.1360507,-5,-7,35
1761620653.1720507,-4,0,42
1761620653.209051,2,2,34
1761620653.2470508,4,-3,33
1761620653.2830508,12,-3,32
1761620653.3200507,1,1,36
1761620653.3580508,0,-2,33
1761620653.3940508,2,-3,38
1761620653.4310508,-2,-2,36
1761620653.4690506,1,-4,26
1761620653.5070508,-2,-1,29
1761620653.5430508,-1,0,40
1761620653.5800507,5,-4,26
1761620653.6180508,0,0,37
1761620653.6540508,4,0,52
1761620653.6920507,-1,-4,46
1761620653.7290506,-4,0,57
1761620653.7670507,-7,-3,31
1761620653.8030508,0,-3,30
1761620653.8400507,-4,2,37
1761620653.8780508,1,6,38
1761620653.9140508,6,2,34
1761620653.9510508,0,0,43
1761620653.9880507,-6,-1,38
1761620654.0270507,1,-1,35
1761620654.0630507,-1,-2,28
1761620654.1010506,-2,-5,40
1761620654.1390507,-9,-5,37
1761620654.1780508,0,1,42
1761620654.2140508,-3,-3,40
1761620654.2510507,-5,-4,31
1761620654.2890508,-5,2,28
1761620654.3280506,-3,1,30
1761620654.3640506,4,4,38
1761620654.4010508,1,0,30
1761620654.439051,2,-7,34
1761620654.4770508,5,-8,38
1761620654.5130508,3,0,41
1761620654.5500507,-7,4,43
1761620654.5890508,-9,1,32
1761620654.6270506,0,-5,40
1761620654.663051,0,0,36
1761620654.7000508,0,-7,40
1761620654.7380507,0,-3,43
1761620654.7740507,-1,1,37
1761620654.811051,0,-3,41
1761620654.8490508,7,-3,32
1761620654.8870506,14,-6,46
1761620654.9230506,1,-3,37
1761620654.9600508,2,-1,43
1761620654.9980507,1,0,35
1761620655.0340507,-1,-4,40
1761620655.0710506,-5,-6,42
1761620655.1090508,-8,-8,37
1761620655.1480508,-5,0,39
1761620655.1840508,-7,1,42
1761620655.2210507,1,0,27
1761620655.2590508,3,0,47
1761620655.2970507,0,4,51
1761620655.3330507,8,-4,39
1761620655.370051,0,1,35
1761620655.4080508,-5,-5,40
1761620655.4440508,1,-5,41
1761620655.4810507,-2,-7,32
1761620655.5190508,5,-4,37
1761620655.5550506,2,-1,30
1761620655.5920508,0,2,40
1761620655.6290507,0,-2,40
1761620655.6680508,5,-4,46
1761620655.7040508,0,-4,41
1761620655.7410507,0,0,39
1761620655.7790508,-9,0,39
1761620655.8150508,-8,-1,29
1761620655.8520508,0,0,31
1761620655.8890507,2,1,36
1761620655.9280508,-1,-6,25
1761620655.9640508,3,1,22
1761620656.0020506,0,0,32
1761620656.0400507,-2,-2,48
1761620656.0780506,-2,4,29
1761620656.1140506,-5,0,33
1761620656.1520507,-2,2,26
1761620656.189051,0,-4,31
1761620656.2280507,0,-4,39
1761620656.2640507,-6,2,34
1761620656.3020508,0,-4,39
1761620656.3400507,0,-2,39
1761620656.3780508,-2,0,34
1761620656.4140508,-3,2,34
1761620656.4520507,0,-4,35
1761620656.4900508,-5,-7,38
1761620656.5290508,1,0,39
1761620656.5650508,1,3,41
1761620656.6020508,-2,-1,32
1761620656.6400506,-4,-1,37
1761620656.6790507,-4,5,44
1761620656.7150507,-3,-2,27
1761620656.7530508,-2,-6,32
1761620656.791051,-4,0,42
1761620656.8290508,-2,2,39
1761620656.8650508,-2,0,40
1761620656.903051,6,6,35
1761620656.9410508,3,-5,30
1761620656.9790506,1,-2,44
1761620657.0150506,-1,0,39
1761620657.0520508,-2,-3,50
1761620657.0910506,6,0,43
1761620657.1290507,4,-11,41
1761620657.166051,6,-10,32
1761620657.2030506,0,-6,34
1761620657.2410507,-6,-5,37
1761620657.2790508,-1,-6,36
1761620657.3150508,4,-1,42
1761620657.3530507,-1,-2,38
1761620657.3910508,2,2,33
1761620657.4290507,-2,2,21
1761620657.4650507,-2,-1,29
1761620657.5030508,-7,2,30
1761620657.5400507,-9,3,32
1761620657.5760508,-8,2,24
1761620657.6130507,-6,-1,33
1761620657.6510508,-6,0,40
1761620657.689051,0,-2,44
1761620657.7250507,4,2,42
1761620657.7620506,0,4,33
1761620657.8000507,3,0,30
1761620657.8360507,0,2,27
1761620657.8730507,4,0,23
1761620657.9100506,3,-3,42
1761620657.9460506,2,2,39
1761620657.9830508,2,3,33
1761620658.0210507,2,2,29
1761620658.0600507,1,0,22
1761620658.0960507,-4,0,27
1761620658.133051,-1,4,31
1761620658.1700506,-10,2,31
1761620658.2060506,0,-2,31
1761620658.2430508,0,-1,31
1761620658.2810507,5,-7,50
1761620658.3190508,-1,-6,46
1761620658.3550508,6,-5,43
1761620658.3920507,0,0,47
1761620658.4300506,-2,0,54
1761620658.4660506,-1,5,42
1761620658.5030508,-6,4,35
1761620658.541051,-5,2,45
1761620658.5790508,1,-5,38
1761620658.6150508,9,-2,41
1761620658.6520507,3,6,44
1761620658.6900508,-3,2,33
1761620658.7260506,-3,-5,40
1761620658.7630508,-1,-4,31
1761620658.801051,0,4,34
1761620658.8390508,-1,-6,35
1761620658.8750508,2,-5,35
1761620658.9120507,0,2,28
1761620658.9500508,5,-1,35
1761620658.9860508,1,0,27
1761620659.0230508,-3,2,31
1761620659.061051,-4,0,32
1761620659.0990508,-4,0,34
1761620659.1350508,8,1,27
1761620659.1730506,3,0,29
1761620659.2110507,3,-3,33
1761620659.2490506,-4,0,38
1761620659.2850506,-3,0,34
1761620659.3220508,1,4,43
1761620659.360051,5,-5,42
1761620659.3960507,-4,0,40
1761620659.4340508,-3,-1,40
1761620659.472051,-5,2,36
1761620659.5110507,-7,-1,43
1761620659.5490508,-10,0,39
1761620659.5850508,-5,-1,24
1761620659.6220508,-5,5,33
1761620659.6610508,-4,3,31
1761620659.6970508,-5,3,34
1761620659.7340508,1,1,36
1761620659.7710507,-2,-2,32
1761620659.8100507,1,0,34
1761620659.8460507,0,-3,33
1761620659.8840508,-1,0,25
1761620659.9230506,-2,0,32
1761620659.9610507,5,0,36
1761620659.9970508,9,-1,31
1761620660.0340507,2,0,22
1761620660.0710506,5,-6,34
1761620660.107051,-2,-8,38
1761620660.1440508,-3,-2,39
1761620660.1820507,1,2,41
1761620660.2200508,-3,-4,29
1761620660.2560508,1,-4,36
1761620660.2930508,4,5,33
1761620660.3310506,7,-5,39
1761620660.3670506,0,-5,39
1761620660.4040508,0,-4,40
1761620660.4430506,0,-3,28
1761620660.4810507,0,-8,39
1761620660.5170507,-2,-4,36
1761620660.5550506,-7,-4,33
1761620660.5930507,-1,-5,36
1761620660.6320508,-2,-4,33
1761620660.6700506,2,1,22
1761620660.7060506,1,1,30
1761620660.7430508,-4,4,38
1761620660.7810507,0,-1,32
1761620660.8170507,3,-1,37
1761620660.8540506,0,-4,33
1761620660.8920507,-1,-3,35
1761620660.9300506,4,-4,37
1761620660.9660506,0,-6,40
1761620661.0030508,6,-2,44
1761620661.0420508,3,-5,41
1761620661.0800507,-2,-6,40
1761620661.1160507,-3,-6,33
1761620661.153051,-4,-8,38
1761620661.1920507,2,-7,36
1761620661.2300508,-1,-1,27
1761620661.2660508,6,-4,37
1761620661.3040507,2,0,32
1761620661.3420508,9,0,28
1761620661.380051,5,0,35
1761620661.416051,1,-3,42
1761620661.4530506,0,-6,34
1761620661.4920506,-2,-13,20
1761620661.5300508,-1,-6,20
1761620661.5660508,0,-6,21
1761620661.6030507,-4,-8,25
1761620661.6420507,-9,-3,29
1761620661.6800506,-5,-1,25
1761620661.7160506,0,-2,36
1761620661.7540507,-3,-4,32
1761620661.7920508,-6,-3,25
1761620661.8310506,1,-5,28
1761620661.8670506,2,0,33
1761620661.9040508,-3,1,33
1761620661.9420507,2,-5,34
1761620661.9780507,2,-2,41
1761620662.0150506,0,-6,37
1761620662.0530508,-8,0,46
1761620662.0920508,0,0,32
1761620662.1280508,5,-7,29
1761620662.1650507,8,-3,26
1761620662.2020507,6,-3,26
1761620662.2390506,4,-1,39
1761620662.2760508,-4,-3,35
1761620662.314051,-2,-2,43
1761620662.3520508,-4,-1,51
1761620662.3910508,-4,-6,54
1761620662.4270508,-6,-4,48
1761620662.4640508,-1,0,28
1761620662.5020506,3,-3,31
1761620662.538051,0,-3,37
1761620662.5760508,6,2,29
1761620662.6140506,2,0,39
1761620662.6520507,0,-4,35
1761620662.6880507,-2,-1,30
1761620662.7250507,0,-5,34
1761620662.7630508,10,-5,35
1761620662.8020508,10,-2,28
1761620662.8380508,7,2,31
1761620662.8750508,6,-3,40
1761620662.913051,9,-3,34
1761620662.9510508,-2,-6,32
1761620662.9870508,3,0,38
1761620663.0330508,1,0,35
1761620663.0710506,0,-2,34
1761620663.107051,-3,-3,39
1761620663.1450508,0,-7,33
1761620663.1840508,1,-8,32
1761620663.222051,3,-8,32
1761620663.258051,0,-4,36
1761620663.2950506,3,0,33
1761620663.3330507,0,-8,32
1761620663.3710508,-7,-2,25
1761620663.4080508,0,-2,35
1761620663.4450507,-1,-3,41
1761620663.4840508,0,0,34
1761620663.5220506,3,2,32
1761620663.5580506,7,-1,39
1761620663.5950508,-1,2,44
1761620663.633051,0,2,29
1761620663.6710508,4,0,37
1761620663.7070508,3,2,34
1761620663.7440507,4,3,36
1761620663.7820508,7,2,29
1761620663.8180506,4,1,43
1761620663.8550508,1,-3,40
1761620663.893051,0,-1,39
1761620663.9310508,1,-8,41
1761620663.9670508,-4,-2,39
1761620664.005051,0,-5,30
1761620664.0430508,7,-8,35
1761620664.0790508,0,0,44
1761620664.1170506,-1,0,46
1761620664.1540508,1,-3,38
1761620664.1920507,-1,3,35
1761620664.2280507,-3,1,36
1761620664.2650506,6,6,49
1761620664.3030508,0,4,50
1761620664.3390508,0,3,46
1761620664.3760507,-1,0,32
1761620664.413051,5,1,44
1761620664.449051,4,-2,37
1761620664.4860508,-2,-4,52
1761620664.5240507,-4,0,41
1761620664.5620508,-2,0,40
1761620664.5980508,-6,-1,39
1761620664.6360507,-1,2,37
1761620664.6730506,4,0,29
1761620664.709051,3,-1,37
1761620664.7460508,2,-1,44
1761620664.7840507,4,0,44
1761620664.8220508,0,-2,23
1761620664.8580508,0,1,31
1761620664.8950508,1,0,35
1761620664.9330506,2,0,34
1761620664.9690506,-1,-3,34
1761620665.0060508,3,-4,40
1761620665.0440507,8,-3,40
1761620665.0820508,9,-4,35
1761620665.1180508,-1,-1,27
1761620665.1560507,-4,2,40
1761620665.1940508,-4,-4,47
1761620665.2330508,-9,2,39
1761620665.2690508,-4,0,37
1761620665.3060508,4,-6,41
1761620665.3440506,0,-2,39
1761620665.3820508,-8,-10,45
1761620665.4180508,-7,-4,32
1761620665.4570508,-8,2,30
1761620665.4940507,-2,2,39
1761620665.5330508,-4,0,36
1761620665.5690508,0,-6,42
1761620665.607051,-2,0,42
1761620665.6440508,5,4,39
1761620665.6830506,2,3,48
1761620665.7190506,-1,4,39
1761620665.7560508,0,3,46
1761620665.7940507,-6,-3,44
1761620665.8320508,-7,-6,47
1761620665.8680508,1,-3,42
1761620665.9060507,-2,-2,40
1761620665.9440508,-11,1,30
1761620665.9830508,-3,2,38
1761620666.0190508,-6,0,40
1761620666.0570507,-2,-3,36
1761620666.0940506,-8,5,37
1761620666.1320508,-3,-1,36
1761620666.1680508,6,-8,40
1761620666.2060506,-1,-4,37
1761620666.2440507,-6,-5,47
1761620666.2830508,-6,-6,41
1761620666.3190508,-5,0,35
1761620666.357051,0,0,46
1761620666.3940508,-11,-6,45
1761620666.4330506,-8,-7,38
1761620666.4690506,0,-7,42
1761620666.5060508,0,6,38
1761620666.5440507,-4,2,47
1761620666.5800507,-3,2,43
1761620666.6170506,7,-1,42
1761620666.6540508,0,1,49
1761620666.6900508,6,0,40
1761620666.7270508,2,-1,37
1761620666.7650506,-2,4,30
1761620666.8040507,-4,-5,32
1761620666.8400507,-2,-2,40
1761620666.8770506,0,0,45
1761620666.9140508,-4,-2,40
1761620666.9530506,-5,0,42
1761620666.9890506,0,0,32
1761620667.0260508,6,2,39
1761620667.064051,0,0,39
1761620667.1000507,4,3,36
1761620667.1370506,0,1,48
1761620667.1750507,1,4,35
1761620667.2130508,3,-3,36
1761620667.2490506,0,-5,36
1761620667.2870507,0,-10,24
1761620667.3250508,3,-1,33
1761620667.3630507,-1,-1,35
1761620667.3990507,3,0,33
1761620667.4370508,-3,0,26
1761620667.4750507,-3,-2,34
1761620667.5130508,-2,-1,34
1761620667.5490508,-6,-1,49
1761620667.5860507,2,-3,39
1761620667.6240506,-5,-8,42
1761620667.6600506,-4,-5,39
1761620667.6970508,-5,-4,38
1761620667.735051,-7,-12,38
1761620667.7740507,0,-13,31
1761620667.8100507,-8,-4,37
1761620667.847051,-4,0,36
1761620667.8850508,3,1,43
1761620667.9230506,-4,-1,44
1761620667.959051,-4,0,43
1761620667.9970508,-1,0,38
1761620668.0350506,0,-7,34
1761620668.0730507,-2,-3,33
1761620668.1090508,-1,0,36
1761620668.1470506,5,-4,34
1761620668.1850507,-2,0,41
1761620668.2230508,1,3,30
1761620668.2590508,-2,-7,24
1761620668.2970507,4,-8,36
1761620668.3350508,3,-2,35
1761620668.3730507,-3,-1,32
1761620668.4090507,-3,-2,29
1761620668.4470508,4,2,34
1761620668.485051,-1,1,35
1761620668.5230508,-1,0,33
1761620668.5590508,-2,-3,45
1761620668.597051,3,2,57
1761620668.6350508,-5,0,54
1761620668.6710508,-8,0,49
1761620668.7080507,-9,3,34
1761620668.745051,0,0,47
1761620668.7810507,0,3,49
1761620668.8180506,2,-3,47
1761620668.8560507,-3,-4,53
1761620668.8950508,-3,-2,34
1761620668.9310508,0,-7,36
1761620668.9690506,3,-5,29
1761620669.0060508,1,0,37
1761620669.0440507,-5,0,36
1761620669.0800507,0,4,35
1761620669.1170506,-1,2,19
1761620669.1550508,0,-4,32
1761620669.1910508,0,0,49
1761620669.2280507,3,0,55
1761620669.2650506,5,-1,43
1761620669.301051,4,0,48
1761620669.3380508,-5,0,44
1761620669.3760507,-7,-2,40
1761620669.4140508,-4,-4,29
1761620669.4500508,-1,8,34
1761620669.4870508,9,1,37
1761620669.5250506,12,-3,41
1761620669.561051,3,-3,43
1761620669.5980508,0,2,41
1761620669.6360507,-1,2,37
1761620669.6740508,-7,4,40
1761620669.7100508,-7,0,37
1761620669.7480507,-5,-2,49
1761620669.7860508,5,-5,41
1761620669.824051,6,-1,44
1761620669.860051,4,-4,38
1761620669.8970506,-2,-4,27
1761620669.936051,-2,-8,34
1761620669.9740508,-6,-7,42
1761620670.0100508,-1,-8,31
1761620670.0480506,-1,-6,39
1761620670.0860507,0,-5,39
1761620670.1240506,2,2,30
1761620670.1600506,-1,0,30
1761620670.1980507,1,-6,33
1761620670.2360508,-2,-1,32
1761620670.2740507,-4,-5,28
1761620670.3100507,0,-1,38
1761620670.3480508,-7,-5,41
1761620670.3860507,1,2,44
1761620670.4240508,3,8,38
1761620670.4600508,-2,0,27
1761620670.4980507,6,2,36
1761620670.5360508,0,3,37
1761620670.5720508,-1,-1,38
1761620670.6090508,-4,-3,27
1761620670.6470506,3,4,40
1761620670.686051,0,1,42
1761620670.722051,-5,0,34
1761620670.7590508,-5,2,31
1761620670.7960508,2,1,31
1761620670.8320508,2,-3,26
1761620670.8690507,3,-6,27
1761620670.9070508,3,-4,38
1761620670.9450507,-9,4,37
1761620670.9810507,-5,-2,36
1761620671.0190508,-1,4,34
1761620671.0560508,-6,8,40
1761620671.0920508,0,-7,37
1761620671.1290507,-8,4,25
1761620671.1670508,-7,0,33
1761620671.2050507,-4,-1,29
1761620671.2410507,-2,0,30
1761620671.278051,-4,3,36
1761620671.3160508,0,-2,36
1761620671.3520508,-8,-3,38
1761620671.3890507,-5,0,49
1761620671.426051,2,-9,38
1761620671.4650507,-1,-1,42
1761620671.5010507,-1,-1,25
1761620671.5390508,-1,-2,31
1761620671.5770507,-3,3,37
1761620671.6150508,-2,-6,34
1761620671.6510508,-4,-5,36
1761620671.6880507,2,-4,41
1761620671.7270508,-4,3,27
1761620671.7650506,6,-3,34
1761620671.801051,1,-1,34
1761620671.8380508,0,-9,38
1761620671.8760507,4,0,38
1761620671.9120507,2,5,41
1761620671.9500508,-2,0,41
1761620671.9870508,-4,-10,27
1761620672.0260508,-5,-6,25
1761620672.0620508,-3,-7,24
1761620672.1000507,-10,0,39
1761620672.1370506,-7,-2,24
1761620672.176051,-2,-8,46
1761620672.212051,-4,-1,42
1761620672.2500508,-3,1,36
1761620672.2870507,-2,1,31
1761620672.3260508,0,-7,37
1761620672.3630507,-1,-7,31
1761620672.4000506,0,-4,29
1761620672.4380507,-1,-3,42
1761620672.4760506,-7,0,43
1761620672.5120506,-9,-1,31
1761620672.5500507,1,0,38
1761620672.587051,2,-3,39
1761620672.6250508,6,-5,23
1761620672.6610508,7,-7,32
1761620672.6980507,10,-5,42
1761620672.7360508,0,-4,41
1761620672.7720506,2,0,39
1761620672.8090508,4,-1,37
1761620672.847051,2,-2,45
1761620672.883051,0,0,38
1761620672.9200506,-3,-1,39
1761620672.9580507,-6,-5,40
1761620672.9970508,0,1,42
1761620673.041051,-1,0,27
1761620673.0790508,-1,-2,25
1761620673.1170506,-3,-7,28
1761620673.1560507,-3,-6,29
1761620673.1920507,-4,-2,44
1761620673.2290506,-8,-2,43
1761620673.2670507,2,0,35
1761620673.3060508,2,0,44
1761620673.3420508,0,0,50
1761620673.3790507,-1,2,32
1761620673.4170508,-3,5,32
1761620673.4530506,-1,0,39
1761620673.4910507,1,-2,37
1761620673.5290508,6,-6,34
1761620673.5670507,3,0,29
1761620673.6030507,6,-1,28
1761620673.6400506,0,-7,30
1761620673.6780508,-11,-5,26
1761620673.7160506,-3,-4,31
1761620673.7520506,1,-1,33
1761620673.7890508,1,-4,40
1761620673.8270507,0,-1,36
1761620673.8630507,-2,-2,25
1761620673.9000506,-2,-3,44
1761620673.9380507,-2,-6,38
1761620673.9770508,-3,-5,33
1761620674.0130508,-3,-3,50
1761620674.0500507,-1,-4,37
1761620674.0880508,-6,-1,41
1761620674.1270506,-5,-3,35
1761620674.163051,-3,0,27
1761620674.2000508,-5,-5,40
1761620674.2380507,1,0,26
1761620674.2760508,-4,2,30
1761620674.3120508,-3,-3,38
1761620674.3500507,0,-2,31
1761620674.3880508,-1,-9,35
1761620674.4270508,-7,1,35
1761620674.4630508,-1,-2,26
1761620674.5000508,-4,-2,28
1761620674.538051,0,3,21
1761620674.5760508,1,2,32
1761620674.6120508,0,-1,31
1761620674.6500506,-2,-1,31
1761620674.6880507,6,1,40
1761620674.7260506,2,0,32
1761620674.7620506,5,0,37
1761620674.7990508,-1,5,38
1761620674.8380508,1,0,26
1761620674.8760507,0,-4,21
1761620674.9120507,-2,0,17
1761620674.9500508,1,3,32
1761620674.9880507,0,-2,29
1761620675.0240507,3,-1,23
1761620675.0620508,12,-8,37
1761620675.1000507,0,-8,27
1761620675.1380508,-3,-1,33
1761620675.1740508,1,0,39
1761620675.2110507,-3,5,35
1761620675.2480507,-3,0,48
1761620675.2840507,2,1,41
1761620675.3210506,0,0,46
1761620675.3580508,1,-6,33
1761620675.3970506,-1,-2,39
1761620675.4330506,0,1,39
1761620675.4700508,-4,5,39
1761620675.508051,6,4,36
1761620675.5440507,0,-4,36
1761620675.5810506,9,0,25
1761620675.6180508,7,-2,28
1761620675.6540508,5,-3,37
1761620675.6910508,-4,-7,26
1761620675.7290506,-5,-1,28
1761620675.768051,0,-4,41
1761620675.8040507,-11,-2,37
1761620675.8410506,-9,7,31
1761620675.8790507,-3,2,31
1761620675.9170508,0,-2,36
1761620675.9530506,-3,-7,35
1761620675.9910507,0,0,32
1761620676.0290508,0,2,39
1761620676.0670507,0,1,35
1761620676.1030507,1,5,41
1761620676.1410508,1,0,40
1761620676.1790507,-3,-3,35
1761620676.2180507,1,-5,40
1761620676.2540507,0,-2,37
1761620676.291051,-2,-1,51
1761620676.3290508,-2,-8,35
1761620676.3680508,3,-1,29
1761620676.4040508,-3,1,27
1761620676.4410508,8,-4,35
1761620676.4790506,1,-5,45
1761620676.5170507,2,-8,39
1761620676.5530508,0,-4,41
1761620676.5900507,0,-2,44
1761620676.6280508,2,-1,36
1761620676.6640508,6,0,53
1761620676.7020507,4,-8,48
1761620676.7390506,-3,-9,37
1761620676.778051,-5,-1,39
1761620676.814051,-6,0,35
1761620676.8520508,-2,-1,43
1761620676.8890507,1,0,39
1761620676.9270508,0,-2,42
1761620676.9630508,-6,-5,41
1761620677.0000508,2,-1,43
1761620677.038051,0,-3,43
1761620677.074051,3,4,36
1761620677.1110508,-3,-2,47
1761620677.1490507,-5,-6,39
1761620677.1880507,2,-2,48
1761620677.2240508,3,2,41
1761620677.2610507,14,-4,40
1761620677.2990508,-3,-3,40
1761620677.3380508,-4,1,34
1761620677.3740506,-5,0,37
1761620677.4110508,4,-2,18
1761620677.449051,4,-7,31
1761620677.485051,5,-5,37
1761620677.5220506,5,-5,45
1761620677.5590508,0,-7,48
1761620677.5950508,-3,-3,35
1761620677.6320508,-3,-2,32
1761620677.6700506,-6,-3,44
1761620677.709051,-3,0,42
1761620677.745051,-2,-3,43
1761620677.7820508,-5,-1,44
1761620677.8200507,4,-2,48
1761620677.8580508,11,0,37
1761620677.8940508,-1,0,43
1761620677.9310508,4,4,36
1761620677.9690506,0,3,36
1761620678.005051,0,2,48
1761620678.0420508,-1,-3,45
1761620678.0810506,-3,0,47
1761620678.1190507,0,-3,35
1761620678.1550508,-8,-6,23
1761620678.1920507,-6,-2,36
1761620678.2300508,-5,0,45
1761620678.2690508,-9,-10,38
1761620678.3050506,-2,-9,42
1761620678.3420508,3,-3,40
1761620678.3810508,-2,0,24
1761620678.4190507,0,1,31
1761620678.4550507,-2,-3,28
1761620678.4920506,0,1,36
1761620678.5300508,0,-8,33
1761620678.5680506,0,-9,35
1761620678.6040506,0,-9,32
1761620678.6410508,-3,-1,37
1761620678.6800506,-3,0,35
1761620678.7180507,-1,0,26
1761620678.7540507,-3,-4,32
1761620678.791051,-2,0,31
1761620678.8290508,-1,-2,36
1761620678.8650508,0,2,37
1761620678.9020507,0,-4,31
1761620678.9400508,-7,-1,42
1761620678.9780507,2,1,33
1761620679.0140507,4,-1,30
1761620679.0520508,-8,2,32
1761620679.0900507,-3,0,40
1761620679.1280508,-6,-2,29
1761620679.1640508,-1,3,27
1761620679.2010508,2,-1,33
1761620679.2400508,6,4,35
1761620679.2760508,2,2,42
1761620679.3130507,-1,0,29
1761620679.3500507,-3,0,36
1761620679.3890507,6,4,34
1761620679.4250507,7,-4,35
1761620679.4630508,3,-2,41
1761620679.5000508,4,0,30
1761620679.5360508,7,0,41
1761620679.5730507,6,0,41
1761620679.6110508,-5,-1,28
1761620679.6490507,-4,-2,35
1761620679.6850507,-6,-5,36
1761620679.722051,-5,-3,29
1761620679.7600508,-1,-8,39
1761620679.7990508,2,-10,44
1761620679.8350508,0,-7,51
1761620679.8720508,-9,-2,37
1761620679.9100506,-5,-2,30
1761620679.949051,3,4,37
1761620679.985051,1,0,33
1761620680.0220506,1,-6,28
1761620680.0600507,-4,0,35
1761620680.0960507,-4,-7,42
1761620680.1340508,-5,-5,34
1761620680.1720507,5,-10,36
1761620680.2100508,10,-2,35
1761620680.2460508,1,0,40
1761620680.2830508,-2,-4,34
1761620680.3210506,-4,-2,33
1761620680.360051,-4,-2,31
1761620680.3960507,-1,-2,36
1761620680.4340508,-1,-1,27
1761620680.472051,-4,-1,39
1761620680.5110507,3,-7,47
1761620680.5490508,1,-8,57
1761620680.5850508,-3,0,53
1761620680.6230507,-4,0,46
1761620680.6610508,-4,1,42
1761620680.699051,0,5,38
1761620680.7360508,-9,1,40
1761620680.7730508,-2,0,30
1761620680.811051,-5,2,38
1761620680.8490508,-3,0,35
1761620680.8850508,1,0,28
1761620680.9220507,-1,-2,35
1761620680.9610507,0,0,34
1761620680.9990506,3,3,44
1761620681.0350506,-4,1,35
1761620681.0720508,1,5,35
1761620681.110051,-3,-3,29
1761620681.1460507,3,2,31
1761620681.1830506,1,3,24
1761620681.2210507,0,-3,27
1761620681.2590508,-5,0,35
1761620681.2950506,5,-1,28
1761620681.3320508,0,-5,44
1761620681.370051,11,2,40
1761620681.4060507,4,0,31
1761620681.4430506,1,0,42
1761620681.4810507,2,0,33
1761620681.518051,1,-1,28
1761620681.5550506,-1,-5,33
1761620681.5930507,-3,0,26
1761620681.6310508,1,1,32
1761620681.6670508,0,-3,34
1761620681.7050507,0,-4,35
1761620681.7430508,2,1,35
1761620681.7810507,4,0,29
1761620681.8170507,0,-4,22
1761620681.8560507,-2,1,30
1761620681.893051,-1,-6,30
1761620681.9310508,0,2,31
1761620681.9670508,-6,4,40
1761620682.0040507,0,7,44
1761620682.041051,3,0,34
1761620682.0770507,-1,-4,31
1761620682.1150508,-1,-10,43
1761620682.153051,-3,3,38
1761620682.1910508,0,0,41
1761620682.2270508,-3,-4,36
1761620682.2650506,0,1,38
1761620682.3020508,0,-5,32
1761620682.3400507,4,-6,30
1761620682.3760507,6,-1,32
1761620682.4140508,-4,-4,34
1761620682.4530506,-5,-7,26
1761620682.4910507,2,-8,30
1761620682.5270507,4,-2,31
1761620682.5650508,-1,0,35
1761620682.6020508,-5,-2,29
1761620682.6410508,-8,-4,36
1761620682.6770508,5,0,35
1761620682.7140508,-9,4,36
1761620682.7520506,2,2,33
1761620682.7900507,9,1,32
1761620682.8260508,-2,4,38
1761620682.8630507,0,5,37
1761620682.9010508,-3,-1,39
1761620682.9370508,4,-1,41
1761620682.9740508,-1,-2,33
1761620683.0120506,1,0,33
1761620683.0560508,3,-2,40
1761620683.0950508,0,0,34
1761620683.1320508,-1,-6,38
1761620683.1710508,-1,-5,43
1761620683.2070508,-8,5,44
1761620683.245051,-2,3,34
1761620683.2830508,0,0,38
1761620683.3210506,-3,0,35
1761620683.357051,3,-5,37
1761620683.3940508,2,0,29
1761620683.4320507,0,0,39
1761620683.4700508,0,-1,43
1761620683.5060508,3,-1,38
1761620683.5430508,0,-2,43
1761620683.5810506,-8,-8,38
1761620683.6170506,-9,-4,35
1761620683.6550508,2,-8,34
1761620683.6920507,-3,2,33
1761620683.7310507,5,8,29
1761620683.7670507,-2,6,27
1761620683.8050506,0,-2,36
1761620683.8420508,8,3,36
1761620683.8780508,6,-3,30
1761620683.9150507,1,-8,46
1761620683.9530506,0,-3,31
1761620683.9920506,0,-6,34
1761620684.028051,-2,-4,37
1761620684.0650508,-6,-3,34
1761620684.1030507,7,0,27
1761620684.1410508,4,0,27
1761620684.1770508,4,0,25
1761620684.2140508,5,3,40
1761620684.2520506,3,0,29
1761620684.288051,1,-3,30
1761620684.3250508,4,0,35
1761620684.3620508,3,3,25
1761620684.3980508,2,5,33
1761620684.4350507,-3,-4,38
1761620684.4730508,-4,0,32
1761620684.5110507,0,0,36
1761620684.5470507,3,0,33
1761620684.584051,-2,0,38
1761620684.6220508,2,-2,32
1761620684.6580508,6,-6,47
1761620684.6950507,6,-6,46
1761620684.7330508,9,-7,31
1761620684.7710507,5,-3,32
1761620684.8070507,8,-5,43
1761620684.8440506,1,-2,38
1761620684.8820508,0,4,42
1761620684.9180508,-7,0,39
1761620684.9550507,-1,-1,43
1761620684.9930508,0,1,32
1761620685.0320508,-1,0,36
1761620685.0680506,-5,0,35
1761620685.1050508,1,-8,37
1761620685.143051,2,-11,39
1761620685.1810508,-2,-6,30
1761620685.2170508,-4,1,34
1761620685.2540507,2,-6,27
1761620685.2920508,-1,-5,28
1761620685.3290508,-1,-4,39
1761620685.3660507,-8,-1,34
1761620685.4040508,1,-7,33
1761620685.4420507,-5,-6,43
1761620685.4780507,-9,-3,39
1761620685.5160508,-5,-3,30
1761620685.5540507,-2,-1,33
1761620685.5930507,-4,-4,43
1761620685.6310508,2,-4,26
1761620685.6670508,-2,-2,36
1761620685.7050507,0,0,36
1761620685.7430508,-1,0,37
1761620685.7790508,-1,9,29
1761620685.8160508,5,2,40
1761620685.8530507,1,-2,43
1761620685.8910508,-7,1,37
1761620685.9270508,-12,3,29
1761620685.9640508,-14,2,38
1761620686.0020506,1,-4,29
1761620686.038051,7,-2,30
1761620686.0760508,0,-2,20
1761620686.1130507,6,1,30
1761620686.1490507,4,-4,34
1761620686.1870508,0,-8,27
1761620686.2240508,0,-3,39
1761620686.2630508,-5,4,32
1761620686.2990508,-5,6,36
1761620686.3360507,-4,4,42
1761620686.3740506,5,2,40
1761620686.4120507,6,0,39
1761620686.4480507,-2,0,29
1761620686.4870508,0,4,24
1761620686.5240507,1,0,39
1761620686.5620508,-9,-2,23
1761620686.5980508,-4,0,33
1761620686.6370506,1,4,37
1761620686.6740508,-3,6,38
1761620686.712051,-3,0,22
1761620686.7480507,0,-1,31
1761620686.7860508,-6,2,42
1761620686.824051,-8,-4,44
1761620686.8620508,-4,0,39
1761620686.8980508,-6,-4,45
1761620686.936051,0,2,36
1761620686.9740508,-2,2,41
1761620687.0120506,5,-1,47
1761620687.0480506,4,1,35
1761620687.0850508,-2,-1,36
1761620687.1240506,-2,-1,25
1761620687.1620507,3,4,29
1761620687.1980507,5,5,26
1761620687.235051,1,3,28
1761620687.2740507,-1,5,36
1761620687.3120508,0,-8,42
1761620687.3480508,1,-2,39
1761620687.3850508,-1,0,46
1761620687.4240508,-2,0,37
1761620687.462051,2,0,37
1761620687.4980507,-1,2,22
1761620687.5350506,2,2,27
1761620687.574051,0,2,26
1761620687.6120508,0,0,33
1761620687.6480508,0,-4,28
1761620687.686051,-2,-2,28
1761620687.7240508,-3,0,33
1761620687.7620506,-5,-5,42
1761620687.7980506,-2,-3,42
1761620687.8360507,1,-7,43
1761620687.8740506,-3,0,27
1761620687.9120507,-1,-3,44
1761620687.9480507,4,-3,33
1761620687.985051,-3,-8,31
1761620688.0240507,0,-9,28
1761620688.0600507,-1,-7,28
1761620688.097051,-3,-3,26
1761620688.1350508,-3,1,29
1761620688.1730506,-1,-1,31
1761620688.209051,-7,-3,32
1761620688.2460508,0,-4,38
1761620688.2840507,3,-5,40
1761620688.3200507,-2,-2,37
1761620688.357051,-5,3,32
1761620688.3950508,4,0,42
1761620688.4330506,-4,6,36
1761620688.4690506,-1,0,40
1761620688.5060508,1,0,44
1761620688.5440507,-3,-2,39
1761620688.5800507,3,-5,42
1761620688.6170506,3,-4,31
1761620688.6550508,0,-3,33
1761620688.6930506,5,-1,28
1761620688.7290506,-2,-2,34
1761620688.7660508,-1,0,35
1761620688.8040507,-8,4,26
1761620688.8400507,-1,-1,36
1761620688.8770506,-2,-3,26
1761620688.9150507,-2,-1,33
1761620688.9540508,-3,-1,34
1761620688.9910507,-3,-3,33
1761620689.028051,0,1,34
1761620689.0660508,-4,-2,29
1761620689.1050508,1,-7,34
1761620689.143051,1,-5,35
1761620689.1790507,-2,-11,43
1761620689.2160506,3,-5,38
1761620689.255051,6,1,36
1761620689.2930508,1,1,29
1761620689.3290508,-5,-2,23
1761620689.3670506,1,8,29
1761620689.4050508,6,2,30
1761620689.4430506,5,0,37
1761620689.4790506,4,1,41
1761620689.5160508,1,2,47
1761620689.5540507,-4,3,52
1761620689.5900507,-4,-5,39
1761620689.6270506,7,-4,32
1761620689.6650507,0,-8,40
1761620689.7030506,0,-5,47
1761620689.7390506,-6,-3,41
1761620689.7770507,-3,-1,34
1761620689.8150508,-6,-2,32
1761620689.8540506,-8,-3,36
1761620689.8900506,-6,3,37
1761620689.9270508,0,-6,27
1761620689.9650507,-1,-5,23
1761620690.0040507,0,1,26
1761620690.0430508,1,2,34
1761620690.0790508,-1,0,31
1761620690.1160507,-3,0,31
1761620690.1550508,4,-3,31
1761620690.1910508,1,0,30
1761620690.2280507,-1,-4,42
1761620690.2660508,0,-2,31
1761620690.3040507,1,4,37
1761620690.3400507,0,4,41
1761620690.3770506,7,3,33
1761620690.4150507,-3,3,35
1761620690.4510508,-8,0,40
1761620690.4890506,0,-7,36
1761620690.5260508,5,-9,38
1761620690.564051,10,-13,37
1761620690.6000507,5,-1,33
1761620690.6370506,9,4,36
1761620690.6750507,0,2,35
1761620690.7110507,-5,1,37
1761620690.7480507,-5,2,28
1761620690.7850506,1,-5,35
1761620690.8210506,2,-2,30
1761620690.8590508,-5,-2,33
1761620690.8960507,4,1,26
1761620690.9340508,7,1,18
1761620690.9700508,2,-4,26
1761620691.008051,1,3,23
1761620691.0460508,-4,-3,39
1761620691.084051,-6,-3,50
1761620691.120051,-5,-2,41
1761620691.1580508,-1,0,40
1761620691.1960506,-2,4,33
1761620691.2340508,-3,1,37
1761620691.2700508,-8,0,30
1761620691.3090508,-5,4,34
1761620691.3460507,3,-8,33
1761620691.3850508,4,-6,33
1761620691.4210508,8,-2,35
1761620691.4580507,8,0,48
1761620691.4960508,-2,-1,46
1761620691.5340507,-3,-8,36
1761620691.5700507,0,-8,33
1761620691.607051,3,-4,38
1761620691.6450508,1,-3,33
1761620691.6810508,0,-2,29
1761620691.7180507,1,0,36
1761620691.7560508,-6,0,39
1761620691.7940507,-3,-4,35
1761620691.8300507,-7,-1,46
1761620691.8670506,-2,-4,36
1761620691.9060507,-2,-3,35
1761620691.9440508,-1,-3,35
1761620691.9800508,-3,0,41
1761620692.0170507,2,-4,29
1761620692.0550506,7,0,36
1761620692.0910506,1,0,34
1761620692.1290507,2,2,38
1761620692.1670508,-6,3,28
1761620692.2050507,0,0,27
1761620692.2410507,3,1,30
1761620692.278051,3,0,31
1761620692.3160508,0,0,29
1761620692.3520508,1,0,26
1761620692.3890507,-6,-5,40
1761620692.4270508,-3,-3,35
1761620692.4660506,7,-8,42
1761620692.5020506,4,-6,41
1761620692.5390508,1,2,31
1761620692.5760508,-3,-3,36
1761620692.6150508,-10,0,35
1761620692.6510508,-4,1,32
1761620692.6880507,0,2,36
1761620692.7260506,1,-1,37
1761620692.7620506,1,-3,48
1761620692.7990508,0,0,39
1761620692.8360507,0,1,47
1761620692.8720508,-2,-1,38
1761620692.9100506,-2,1,37
1761620692.9470508,8,1,40
1761620692.985051,2,2,42
1761620693.0210507,0,-1,30
1761620693.0670507,0,-7,25
1761620693.1050508,-9,-8,32
1761620693.1420507,-6,-9,29
1761620693.1790507,5,-1,44
1761620693.2170508,-2,4,52
1761620693.2560508,-1,3,36
1761620693.2920508,-3,1,40
1761620693.3290508,0,0,36
1761620693.3670506,-1,1,27
1761620693.4060507,2,-4,32
1761620693.4420507,1,0,31
1761620693.4790506,2,1,36
1761620693.5170507,0,-2,33
1761620693.5550506,0,1,36
1761620693.5910506,3,-2,40
1761620693.6280508,0,0,41
1761620693.666051,-1,0,41
1761620693.7020507,-2,0,36
1761620693.7400508,2,-3,29
1761620693.7770507,2,0,30
1761620693.8150508,0,-4,43
1761620693.8510506,0,-1,51
1761620693.8880508,0,-4,39
1761620693.926051,-3,0,36
1761620693.962051,-3,-5,41
1761620693.9990506,0,-3,29
1761620694.0370507,-1,-2,26
1761620694.0750508,-2,1,30
1761620694.1110508,0,-3,45
1761620694.1490507,-4,3,53
1761620694.1870508,-8,5,33
1761620694.2250507,-7,-5,39
1761620694.2610507,-1,-4,34
1761620694.2990508,3,-3,44
1761620694.337051,0,-2,34
1761620694.3750508,0,1,28
1761620694.4110508,1,-3,37
1761620694.449051,-3,-7,37
1761620694.4870508,-2,-6,43
1761620694.5230508,-1,-4,37
1761620694.5600507,-4,-12,43
1761620694.5990508,0,-8,41
1761620694.6370506,-4,-8,29
1761620694.6730506,0,-9,33
1761620694.7100508,-3,1,37
1761620694.7470508,0,-6,36
1761620694.7830508,5,3,38
1761620694.8200507,0,-1,37
1761620694.857051,0,-1,39
1761620694.893051,-5,-2,34
1761620694.9300506,-3,0,26
1761620694.9680507,-1,4,23
1761620695.0060508,1,0,31
1761620695.0420508,4,5,37
1761620695.0790508,-3,-5,34
1761620695.1170506,0,0,34
1761620695.153051,0,-2,40
1761620695.1900508,-1,0,31
1761620695.2270508,0,3,34
1761620695.2630508,-6,2,36
1761620695.301051,0,-10,42
1761620695.3380508,-1,0,38
1761620695.3770506,-2,0,36
1761620695.413051,0,-4,41
1761620695.4510508,-5,0,28
1761620695.4880507,-8,2,34
1761620695.5270507,-2,2,39
1761620695.5630507,-1,3,46
1761620695.6010506,-6,-2,33
1761620695.6390507,-7,-9,32
1761620695.6780508,1,-12,33
1761620695.7160506,1,-4,39
1761620695.7520506,0,-1,40
1761620695.7890508,3,0,27
1761620695.8270507,5,1,30
1761620695.8630507,1,1,28
1761620695.9000506,0,2,29
1761620695.9380507,0,2,38
1761620695.9760506,4,-9,41
1761620696.0120506,0,-3,43
1761620696.0490508,-2,1,36
1761620696.087051,-3,3,30
1761620696.1230507,-4,2,24
1761620696.1600506,-3,5,32
1761620696.1980507,2,3,44
1761620696.2360508,-5,2,38
1761620696.2720506,-2,1,36
1761620696.3090508,2,0,41
1761620696.347051,0,-3,29
1761620696.383051,-6,4,31
1761620696.4200506,-2,-1,45
1761620696.4580507,-1,0,39
1761620696.4960508,4,-1,34
1761620696.5320508,-2,-7,40
1761620696.5700507,-2,0,42
1761620696.6080508,9,3,33
1761620696.6460507,-7,-1,26
1761620696.6820507,1,-2,35
1761620696.7200508,-7,-1,31
1761620696.758051,-2,-2,31
1761620696.7940507,-7,-5,32
1761620696.8320508,-2,-12,49
1761620696.870051,0,-1,46
1761620696.9080508,0,0,43
1761620696.9440508,-6,2,47
1761620696.9810507,-8,-1,23
1761620697.0190508,-2,-2,25
1761620697.0580506,1,-1,35
1761620697.0940506,0,7,32
1761620697.1310508,3,-1,38
1761620697.1680508,0,-5,37
1761620697.2040508,-7,-6,31
1761620697.2420506,-3,1,35
1761620697.2790508,-1,1,40
1761620697.3180506,3,0,42
1761620697.3540506,0,-3,37
1761620697.3910508,4,-1,37
1761620697.4280508,0,3,50
1761620697.4640508,1,-1,43
1761620697.5010507,-5,-3,37
1761620697.5400507,0,-4,45
1761620697.5780506,5,-11,46
1761620697.6140506,5,-12,46
1761620697.6510508,-1,-4,26
1761620697.689051,6,-5,32
1761620697.7270508,1,-2,31
1761620697.7630508,2,-6,36
1761620697.8000507,0,-3,21
1761620697.8390508,-6,4,41
1761620697.8770506,-3,-7,43
1761620697.913051,-4,-4,39
1761620697.9500508,-1,-11,43
1761620697.9890506,-7,-4,34
1761620698.0270507,-6,-1,27
1761620698.0630507,-2,-2,24
1761620698.1000507,0,0,34
1761620698.1380508,-3,0,36
1761620698.1740508,-1,-2,31
1761620698.212051,0,0,28
1761620698.2490506,-3,-5,42
1761620698.288051,1,-6,38
1761620698.324051,-1,-7,36
1761620698.3610508,2,-6,39
1761620698.3990507,-1,-5,36
1761620698.4380507,-5,-8,29
1761620698.4740508,0,-7,43
1761620698.5110507,1,-6,42
1761620698.5490508,7,0,42
1761620698.587051,3,-4,37
1761620698.6230507,1,-4,33
1761620698.6600506,-1,-8,45
1761620698.699051,0,-9,26
1761620698.7370508,0,-10,26
1761620698.7730508,3,-5,39
1761620698.811051,0,0,38
1761620698.8490508,3,-5,37
1761620698.8870506,-1,0,27
1761620698.9230506,-2,3,33
1761620698.9600508,0,-1,34
1761620698.9990506,-1,-1,34
1761620699.0350506,3,0,32
1761620699.0720508,3,-2,34
1761620699.1090508,0,0,34
1761620699.1450508,1,2,21
1761620699.1830506,-1,7,25
1761620699.2200508,-5,0,25
1761620699.258051,6,5,29
1761620699.2940507,3,2,42
1761620699.3310506,8,3,29
1761620699.3690507,2,2,30
1761620699.4050508,-3,5,39
1761620699.4420507,5,1,44
1761620699.4790506,-1,2,38
1761620699.5150506,-2,0,43
1761620699.5520508,-7,0,52
1761620699.5890508,-3,-2,45
1761620699.6280508,-2,-2,45
1761620699.6640508,-2,-3,33
1761620699.7020507,-5,-5,35
1761620699.7410507,-2,3,37
1761620699.7790508,-3,0,38
1761620699.8150508,-2,-2,44
1761620699.8520508,-3,-6,31
1761620699.8910508,-8,-4,41
1761620699.9290507,0,-2,35
1761620699.9650507,-4,1,33
1761620700.0020506,0,-3,29
1761620700.0400507,3,0,22
1761620700.0780506,-2,1,28
1761620700.1140506,0,-1,35
1761620700.1510508,0,0,41
1761620700.189051,0,-2,37
1761620700.2250507,0,0,29
1761620700.2620506,-7,7,37
1761620700.3000507,-2,-2,42
1761620700.3380508,-2,-3,39
1761620700.3740506,-5,-1,38
1761620700.4110508,-1,-4,44
1761620700.4500508,-4,-2,31
1761620700.4880507,-2,4,32
1761620700.5240507,0,-4,42
1761620700.561051,1,-5,37
1761620700.5990508,2,-10,40
1761620700.6350508,1,-7,33
1761620700.6720507,4,-4,41
1761620700.7100508,-6,-2,31
1761620700.7490506,0,0,31
1761620700.7850506,1,0,28
1761620700.8220508,-1,0,36
1761620700.8610508,-5,2,28
1761620700.8990507,3,2,31
1761620700.9350507,6,-1,34
1761620700.972051,1,-8,24
1761620701.0100508,0,0,29
1761620701.0460508,-1,-3,31
1761620701.0830507,-3,-8,35
1761620701.1210508,-5,-4,37
1761620701.1600506,-4,-2,42
1761620701.1960506,2,4,42
1761620701.2330508,-3,-2,54
1761620701.2710507,1,-11,30
1761620701.3090508,1,-2,20
1761620701.3450508,4,1,32
1761620701.383051,0,-5,30
1761620701.4200506,0,-1,32
1761620701.4560506,5,0,37
1761620701.4940507,-1,-3,36
1761620701.5330508,2,-2,38
1761620701.5700507,3,0,36
1761620701.6060507,-1,-12,39
1761620701.643051,0,-7,34
1761620701.6810508,-4,0,30
1761620701.7190506,-1,-6,27
1761620701.755051,-1,-8,30
1761620701.7930508,9,-3,23
1761620701.8310506,-5,0,44
1761620701.8690507,-7,-3,29
1761620701.9050508,2,0,32
1761620701.9420507,-3,-3,28
1761620701.9810507,-2,0,30
1761620702.0190508,-6,-1,29
1761620702.0550506,-12,-4,29
1761620702.0930507,-6,-6,32
1761620702.1310508,6,-1,33
1761620702.1700506,2,0,36
1761620702.2060506,-1,6,38
1761620702.2430508,-1,6,35
1761620702.2810507,0,2,36
1761620702.3190508,5,0,39
1761620702.3550508,0,1,33
1761620702.3920507,2,-4,35
1761620702.4300506,-3,1,31
1761620702.4660506,4,1,21
1761620702.5030508,4,1,29
1761620702.541051,0,4,31
1761620702.5790508,-3,-1,35
1761620702.6150508,-3,0,36
1761620702.653051,1,-1,40
1761620702.6910508,-8,-5,31
1761620702.7290506,-1,0,28
1761620702.7650506,1,5,27
1761620702.8020508,-4,1,33
1761620702.8410506,5,-4,29
1761620702.8790507,-2,-5,37
1761620702.9150507,-4,-2,41
1761620702.9530506,4,-7,44
1761620702.9910507,-1,-4,36
1761620703.0290508,0,-7,34
1761620703.0730507,-5,0,41
1761620703.1110508,2,-3,40
1761620703.1500506,1,2,39
1761620703.186051,4,-2,23
1761620703.2230508,2,3,33
1761620703.2610507,8,-4,30
1761620703.2970507,7,0,40
1761620703.334051,8,-8,48
1761620703.3710508,3,3,37
1761620703.4100506,5,4,41
1761620703.4460506,2,1,37
1761620703.4830508,0,-4,38
1761620703.5210507,-11,-1,44
1761620703.5570507,2,-4,35
1761620703.5950508,1,0,58
1761620703.6320508,-2,3,40
1761620703.6710508,2,0,40
1761620703.7070508,2,-3,45
1761620703.7440507,5,-8,38
1761620703.7810507,3,0,43
1761620703.8170507,-3,-6,44
1761620703.8540506,3,-8,47
1761620703.8920507,0,0,35
1761620703.9300506,-6,0,30
1761620703.9660506,-2,-1,29
1761620704.0030508,-1,0,24
1761620704.041051,1,-6,37
1761620704.0770507,4,0,37
1761620704.1140506,-2,-8,39
1761620704.1520507,-4,-3,35
1761620704.1910508,-5,-3,32
1761620704.2270508,-4,-2,33
1761620704.2640507,-4,-4,16
1761620704.3030508,-5,-6,43
1761620704.3410506,-4,-7,42
1761620704.3770506,-2,-1,31
1761620704.4140508,2,-6,28
1761620704.4520507,-5,-2,34
1761620704.4900508,-1,-2,32
1761620704.5260508,-6,-3,32
1761620704.5630507,-2,0,34
1761620704.6020508,-1,5,43
1761620704.6400506,2,3,28
1761620704.676051,8,5,31
1761620704.7130508,0,4,31
1761620704.7520506,2,1,43
1761620704.7900507,-6,4,39
1761620704.8260508,-3,2,41
1761620704.8630507,0,-2,53
1761620704.9020507,-3,-6,41
1761620704.9400508,-2,0,34
1761620704.9760506,0,0,32
1761620705.0130508,0,-6,32
1761620705.0520508,-4,-5,38
1761620705.0900507,0,-1,37
1761620705.1260507,-2,-2,30
1761620705.163051,3,-4,29
1761620705.2020507,8,-2,24
1761620705.2400508,4,-3,32
1761620705.2760508,2,1,34
1761620705.3130507,-1,-4,38
1761620705.3520508,-9,-9,44
1761620705.3880508,-5,-2,34
1761620705.4250507,-2,-2,46
1761620705.4640508,-3,-4,45
1761620705.5020506,-6,-2,43
1761620705.538051,-5,-1,50
1761620705.5750508,0,-5,39
1761620705.6120508,-2,-3,26
1761620705.6510508,-2,-3,14
1761620705.6870508,0,-3,37
1761620705.7240508,-3,-10,31
1761620705.7620506,0,-8,38
1761620705.7980506,0,-13,30
1761620705.8360507,2,-3,39
1761620705.8730507,-3,-3,33
1761620705.9120507,-5,-5,36
1761620705.9480507,1,-4,33
1761620705.985051,4,-1,29
1761620706.0230508,0,-4,34
1761620706.061051,0,-6,41
1761620706.097051,-5,-5,42
1761620706.1340508,0,-3,36
1761620706.1720507,8,0,37
1761620706.2080507,-1,4,27
1761620706.245051,0,-3,25
1761620706.2830508,-1,7,27
1761620706.3210506,1,0,43
1761620706.357051,-7,-3,40
1761620706.3940508,-8,-5,40
1761620706.4330506,-2,0,30
1761620706.4710507,3,-1,31
1761620706.5070508,1,0,22
1761620706.5440507,3,2,28
1761620706.5820508,1,-4,25
1761620706.6180508,8,-3,19
1761620706.6550508,5,-7,27
1761620706.6930506,-2,-4,34
1761620706.732051,-6,0,29
1761620706.768051,-7,0,28
1761620706.8050506,0,-3,33
1761620706.8430507,2,0,25
1761620706.8810508,0,5,29
1761620706.9170508,-3,0,30
1761620706.9550507,-6,0,30
1761620706.9930508,1,2,25
1761620707.0310507,5,0,28
1761620707.0670507,0,-2,41
1761620707.1040506,6,-9,43
1761620707.143051,2,-5,39
1761620707.1810508,0,0,27
1761620707.2170508,-4,-3,32
1761620707.2540507,-11,-6,28
1761620707.2930508,-6,-6,35
1761620707.3310506,0,-11,39
1761620707.3670506,-7,-9,33
1761620707.4040508,1,-6,34
1761620707.4420507,-2,-7,30
1761620707.4780507,-3,1,41
1761620707.5150506,0,-8,36
1761620707.5530508,-1,2,32
1761620707.5920508,-3,3,33
1761620707.6280508,6,1,22
1761620707.6650507,0,-5,31
1761620707.7030506,-3,-1,30
1761620707.7390506,1,-7,23
1761620707.7760508,0,-3,38
1761620707.8130507,3,-5,46
1761620707.8520508,9,-2,38
1761620707.8880508,6,-3,35
1761620707.9250507,3,-8,43
1761620707.9630508,-1,-5,41
1761620708.0020506,8,0,45
1761620708.038051,5,-6,39
1761620708.0760508,5,-4,28
1761620708.1130507,0,0,21
1761620708.1490507,-6,1,20
1761620708.186051,-1,0,28
1761620708.2240508,3,-8,26
1761620708.2620506,4,1,30
1761620708.2980506,-1,0,35
1761620708.3350508,-1,-2,28
1761620708.3730507,-14,1,40
1761620708.4120507,-2,-2,26
1761620708.4480507,0,-2,33
1761620708.485051,-2,-3,41
1761620708.5240507,2,-5,30
1761620708.5620508,-3,-4,29
1761620708.5980508,-7,-4,29
1761620708.6350508,-5,3,35
1761620708.6730506,-4,0,31
1761620708.709051,1,3,32
1761620708.7460508,-1,1,40
1761620708.7840507,5,0,50
1761620708.8220508,0,0,41
1761620708.8580508,2,-5,39
1761620708.8950508,0,-1,42
1761620708.9340508,-7,-1,33
1761620708.972051,-3,0,37
1761620709.008051,-2,-2,47
1761620709.0450506,2,0,44
1761620709.0830507,5,0,42
1761620709.1190507,1,-1,37
1761620709.1570508,-2,-2,40
1761620709.1950507,-6,-4,39
1761620709.2340508,-5,3,43
1761620709.2720506,-6,-1,34
1761620709.3080506,3,-5,35
1761620709.3450508,0,-5,30
1761620709.383051,1,-3,32
1761620709.4190507,-1,-1,32
1761620709.4570508,2,-4,35
1761620709.495051,0,1,32
1761620709.5330508,2,1,31
1761620709.5690508,-1,0,39
1761620709.607051,6,-7,43
1761620709.6450508,0,-8,42
1761620709.6830506,-1,0,25
1761620709.7190506,-3,4,21
1761620709.7570508,0,-1,29
1761620709.7950506,-3,0,32
1761620709.8330507,5,-2,28
1761620709.8690507,1,-4,20
1761620709.9080508,5,0,20
1761620709.9450507,-2,3,33
1761620709.9840508,0,0,44
1761620710.0200508,-2,1,36
1761620710.0570507,0,1,43
1761620710.0940506,1,-1,48
1761620710.133051,3,-8,40
1761620710.1690507,2,-8,37
1761620710.2060506,2,0,39
1761620710.2440507,3,-1,36
1761620710.2800508,-4,-3,38
1761620710.3180506,-1,3,41
1761620710.357051,0,-1,41
1761620710.3940508,-1,3,37
1761620710.4330506,-11,-1,37
1761620710.4690506,-4,1,31
1761620710.5060508,-8,0,48
1761620710.5440507,-2,3,36
1761620710.5800507,2,0,34
1761620710.6170506,0,-3,34
1761620710.6550508,-1,0,33
1761620710.6930506,12,4,42
1761620710.7290506,6,-1,43
1761620710.7660508,2,2,58
1761620710.8040507,0,-2,49
1761620710.8400507,2,4,36
1761620710.8770506,6,-7,42
1761620710.9150507,7,-5,41
1761620710.9540508,4,0,37
1761620710.9900508,0,1,44
1761620711.0270507,-2,1,35
1761620711.0650508,-4,-1,32
1761620711.1040506,0,3,43
1761620711.1400506,4,1,42
1761620711.1770508,-1,2,41
1761620711.2150507,-7,-7,36
1761620711.2530508,-5,-5,36
1761620711.2890508,-4,-11,36
1761620711.3260508,1,-2,38
1761620711.3650508,4,0,28
1761620711.403051,-10,-3,34
1761620711.439051,2,-4,46
1761620711.4760506,7,0,20
1761620711.5150506,-1,-2,38
1761620711.5530508,-1,0,29
1761620711.5890508,1,0,23
1761620711.6260507,0,-1,32
1761620711.6650507,1,1,38
1761620711.7030506,2,3,36
1761620711.7390506,0,8,40
1761620711.7760508,-3,5,38
1761620711.8150508,-4,2,44
1761620711.8530507,-6,6,28
1761620711.8890507,-6,2,35
1761620711.926051,-6,-2,19
1761620711.9650507,0,1,35
1761620712.0010507,-5,1,37
1761620712.038051,0,-7,32
1761620712.0760508,-9,0,28
1761620712.1150508,-1,1,39
1761620712.1510508,-3,-6,34
1761620712.1880507,-2,-5,28
1761620712.2260506,4,2,39
1761620712.2640507,3,4,31
1761620712.3000507,3,1,27
1761620712.3380508,-6,2,32
1761620712.3760507,-6,0,39
1761620712.4150507,-6,-4,39
1761620712.4510508,-5,-1,34
1761620712.4880507,-7,5,22
1761620712.5250506,0,4,26
1761620712.561051,2,0,26
1761620712.5980508,1,-5,35
1761620712.6360507,4,-8,39
1761620712.6740508,4,2,29
1761620712.7100508,3,0,37
1761620712.7470508,-6,0,40
1761620712.7860508,-5,2,38
1761620712.824051,-3,1,36
1761620712.860051,2,7,45
1761620712.8980508,-3,-1,43
1761620712.936051,-4,2,36
1761620712.9740508,-7,0,39
1761620713.0100508,-9,5,27
1761620713.0470507,-2,0,42
1761620713.0910506,0,-4,36
1761620713.1290507,-1,0,39
1761620713.1670508,3,0,36
1761620713.2050507,-2,-4,25
1761620713.2410507,-5,0,32
1761620713.278051,-7,0,40
1761620713.3160508,-3,1,46
1761620713.3540506,-11,4,47
1761620713.3900506,-8,5,31
1761620713.4270508,-2,5,34
1761620713.4660506,-2,2,36
1761620713.5040507,-5,1,43
1761620713.5400507,4,10,42
1761620713.5770507,0,-2,31
1761620713.6150508,0,-1,27
1761620713.6510508,-6,0,32
1761620713.689051,-12,0,42
1761620713.7270508,-2,5,31
1761620713.7650506,2,8,28
1761620713.8020508,-4,4,38
1761620713.8390508,0,4,30
1761620713.8760507,2,0,39
1761620713.9150507,-6,-3,47
1761620713.9510508,-2,-4,32
1761620713.9890506,-1,-11,34
1761620714.0270507,-5,0,29
1761620714.0650508,2,0,37
1761620714.1010506,0,0,31
1761620714.1380508,4,1,34
1761620714.176051,-1,-1,36
1761620714.212051,-6,-2,39
1761620714.2500508,-4,0,31
1761620714.288051,-2,0,38
1761620714.3260508,5,3,39
1761620714.3620508,6,-3,43
1761620714.3990507,10,1,31
1761620714.436051,7,3,36
1761620714.472051,1,-4,37
1761620714.5090508,-3,-1,33
1761620714.5470507,0,-3,34
1761620714.5850508,-5,-6,48
1761620714.6210508,-1,-2,47
1761620714.6580508,0,-8,34
1761620714.6970508,7,-3,35
1761620714.735051,-3,2,35
1761620714.7710507,-3,-3,28
1761620714.8080506,4,-8,33
1761620714.8460507,-5,0,26
1761620714.8820508,4,-1,30
1761620714.9190507,-5,-3,32
1761620714.9570508,-2,-3,37
1761620714.9960508,0,0,42
1761620715.0320508,2,-2,27
1761620715.0700507,7,2,40
1761620715.107051,4,-3,52
1761620715.1460507,4,-2,34
1761620715.1830506,3,4,34
1761620715.2210507,-2,-2,30
1761620715.258051,0,0,29
1761620715.2960508,0,0,40
1761620715.3320508,-7,-4,39
1761620715.3710508,-2,-6,38
1761620715.4080508,-4,-4,29
1761620715.4470508,2,-1,30
1761620715.485051,-2,5,40
1761620715.5210507,-4,3,36
1761620715.5580506,-1,10,39
1761620715.5960507,3,-1,39
1761620715.6320508,0,0,29
1761620715.6690507,3,-2,31
1761620715.7070508,3,-2,33
1761620715.745051,0,0,30
1761620715.7810507,-1,-6,40
1761620715.8200507,7,3,41
1761620715.857051,5,-1,41
1761620715.8950508,4,1,33
1761620715.9310508,4,-4,35
1761620715.9690506,2,-4,28
1761620716.0070508,0,0,34
1761620716.0450506,0,0,50
1761620716.0810506,2,0,39
1761620716.1190507,-1,-1,43
1761620716.1570508,1,-2,23
1761620716.1950507,-2,-6,33
1761620716.2310507,-2,-8,34
1761620716.2690508,4,-1,33
1761620716.3070507,-1,-2,31
1761620716.3460507,1,-4,26
1761620716.383051,4,-3,31
1761620716.4200506,0,-4,28
1761620716.4570508,1,4,35
1761620716.4930508,1,-9,48
1761620716.5300508,-1,-4,30
1761620716.5680506,2,4,31
1761620716.6060507,0,-3,31
1761620716.6420507,-1,-1,34
1761620716.6790507,-6,1,38
1761620716.7170508,-3,-2,28
1761620716.7530508,-1,-6,28
1761620716.7900507,0,-7,37
1761620716.8280506,6,-1,33
1761620716.8670506,1,-7,41
1761620716.903051,-1,-7,42
1761620716.9400508,-4,-1,46
1761620716.9790506,4,-4,38
1761620717.0170507,-5,0,30
1761620717.0530508,-3,-4,28
1761620717.0900507,-12,-2,44
1761620717.1280508,3,0,40
1761620717.166051,4,-4,38
1761620717.2020507,2,-5,32
1761620717.2390506,-3,1,32
1761620717.278051,2,-3,42
1761620717.3160508,0,0,35
1761620717.3520508,2,-4,40
1761620717.3900506,0,0,41
1761620717.4280508,-5,2,34
1761620717.4660506,0,-6,30
1761620717.5020506,-2,-6,32
1761620717.5390508,-8,2,41
1761620717.5780506,0,-2,34
1761620717.6160507,2,0,39
1761620717.6520507,4,0,34
1761620717.689051,-4,-5,30
1761620717.7280507,1,0,32
1761620717.7660508,0,-2,40
1761620717.8020508,0,-4,41
1761620717.8390508,5,2,33
1761620717.8770506,0,-2,32
1761620717.913051,1,-6,36
1761620717.9510508,-1,-5,31
1761620717.9890506,-6,-4,37
1761620718.028051,-2,-5,41
1761620718.0660508,3,-6,48
1761620718.1020508,-4,-1,46
1761620718.1390507,1,0,33
1761620718.1770508,0,-4,37
1761620718.2130508,1,-1,36
1761620718.2510507,0,3,42
1761620718.2890508,0,-3,47
1761620718.3270507,3,3,42
1761620718.3630507,-2,0,36
1761620718.4000506,-5,-3,36
1761620718.4380507,-5,-1,33
1761620718.4770508,2,-1,29
1761620718.5130508,0,-3,21
1761620718.5500507,7,2,27
1761620718.5880508,3,2,36
1761620718.6240506,-8,5,33
1761620718.6610508,-8,5,40
1761620718.6980507,-2,1,31
1761620718.7340508,1,0,32
1761620718.7710507,-3,-1,29
1761620718.8090508,-5,-4,26
1761620718.8480508,-3,2,43
1761620718.8840508,-7,2,35
1761620718.9210508,-7,0,35
1761620718.959051,0,-6,43
1761620718.9970508,-8,-1,27
1761620719.0330508,-2,3,34
1761620719.0700507,2,2,38
1761620719.1080508,1,-1,42
1761620719.1440508,1,1,35
1761620719.1810508,4,-4,29
1761620719.2180507,5,-4,31
1761620719.2540507,3,3,26
1761620719.2920508,0,7,28
1761620719.3290508,-2,4,41
1761620719.3680508,0,-1,34
1761620719.4040508,-1,0,29
1761620719.4420507,3,-7,35
1761620719.4800508,-1,-3,31
1761620719.5190508,-3,2,32
1761620719.5570507,3,1,35
1761620719.5930507,0,-1,31
1761620719.6310508,-1,0,33
1761620719.6690507,-3,4,33
1761620719.7070508,7,5,28
1761620719.7430508,8,5,28
1761620719.7800508,0,0,37
1761620719.8180506,-5,0,38
1761620719.8540506,-5,6,42
1761620719.8920507,-1,2,36
1761620719.9290507,-3,2,40
1761620719.9670508,2,-8,25
1761620720.0030508,-2,-7,29
1761620720.0400507,0,0,39
1761620720.0790508,8,2,30
1761620720.1170506,-2,0,20
1761620720.153051,2,4,32
1761620720.1900508,-8,-2,38
1761620720.2290506,-3,-5,46
1761620720.2670507,1,0,28
1761620720.3030508,1,-2,36
1761620720.3400507,0,0,33
1761620720.3780508,4,2,31
1761620720.4140508,-5,1,32
1761620720.4510508,0,0,37
1761620720.4890506,-1,0,31
1761620720.5270507,2,-5,39
1761620720.5630507,1,-2,31
1761620720.6000507,4,-4,53
1761620720.6390507,-5,-7,40
1761620720.6750507,-4,-2,34
1761620720.712051,-5,0,40
1761620720.7490506,-8,-6,35
1761620720.788051,0,-5,43
1761620720.824051,4,-10,31
1761620720.8620508,2,4,31
1761620720.9000506,0,1,36
1761620720.9380507,-1,-2,29
1761620720.9740508,-1,-5,36
1761620721.0120506,6,-8,48
1761620721.0490508,-3,-9,31
1761620721.0880508,-6,1,39
1761620721.1240506,2,-1,48
1761620721.1620507,-2,-5,43
1761620721.2000508,-7,-1,35
1761620721.2390506,13,3,35
1761620721.2750506,8,2,32
1761620721.3120508,0,-5,34
1761620721.3490508,-8,-1,39
1761620721.3880508,-1,-2,43
1761620721.4240508,-5,5,42
1761620721.462051,1,8,38
1761620721.5000508,1,2,34
1761620721.538051,-7,2,38
1761620721.574051,0,0,42
1761620721.6110508,-4,-1,36
1761620721.6500506,-6,-5,35
1761620721.6880507,-4,-5,36
1761620721.7240508,5,-4,39
1761620721.7610507,6,-4,37
1761620721.7990508,7,-2,37
1761620721.8350508,4,-5,33
1761620721.8720508,0,-2,33
1761620721.9100506,-6,0,37
1761620721.949051,-5,-3,39
1761620721.985051,-2,-6,44
1761620722.0220506,0,-3,43
1761620722.0600507,4,-3,37
1761620722.0980508,0,-7,37
1761620722.1340508,-1,-6,24
1761620722.1710508,1,1,35
1761620722.209051,-1,-1,35
1761620722.245051,1,1,44
1761620722.2820508,2,-4,38
1761620722.3200507,5,-6,35
1761620722.3580508,-8,-7,39
1761620722.3940508,-2,-5,43
1761620722.4320507,0,-2,33
1761620722.4700508,1,1,26
1761620722.508051,-4,3,30
1761620722.5440507,0,8,38
1761620722.5810506,4,2,27
1761620722.6190507,8,5,35
1761620722.6550508,1,2,37
1761620722.6920507,-4,2,38
1761620722.7300508,-1,0,39
1761620722.7660508,1,-2,33
1761620722.8030508,5,1,40
1761620722.8400507,3,0,36
1761620722.8760507,2,3,38
1761620722.913051,0,0,38
1761620722.9500508,-6,-1,39
1761620722.9890506,2,2,30
1761620723.0250506,5,-5,26
1761620723.0620508,0,1,34
1761620723.1060507,3,0,38
1761620723.1440508,-2,0,49
1761620723.1820507,-3,-4,43
1761620723.2210507,3,0,43
1761620723.2590508,1,-4,33
1761620723.2950506,13,-3,36
1761620723.3320508,6,2,43
1761620723.370051,5,3,36
1761620723.4060507,2,3,45
1761620723.4430506,8,0,38
1761620723.4800508,7,-5,36
1761620723.5160508,1,-4,30
1761620723.5530508,5,3,39
1761620723.5910506,2,4,39
1761620723.6290507,-1,5,40
1761620723.6650507,4,2,37
1761620723.7020507,-1,-1,41
1761620723.7410507,0,3,33
1761620723.7790508,0,-3,35
1761620723.8150508,0,-1,41
1761620723.8520508,-1,-3,35
1761620723.8910508,-3,-5,34
1761620723.9290507,3,-3,31
1761620723.9650507,5,-1,34
1761620724.0020506,5,0,34
1761620724.0400507,1,-4,25
1761620724.0760508,5,0,32
1761620724.1130507,2,-2,29
1761620724.1510508,0,3,31
1761620724.189051,-1,0,38
1761620724.2250507,0,0,35
1761620724.2620506,3,-4,29
1761620724.3000507,-1,-4,34
1761620724.3360507,-1,-2,26
1761620724.3740506,0,-1,35
1761620724.4110508,0,0,38
1761620724.449051,-3,0,35
1761620724.485051,-3,-1,48
1761620724.5220506,-2,2,44
1761620724.5600507,3,9,29
1761620724.5960507,0,5,34
1761620724.633051,0,0,46
1761620724.6710508,-2,1,39
1761620724.709051,-2,9,39
1761620724.745051,-1,4,40
1761620724.7820508,-3,-1,40
1761620724.8210506,-3,-3,51
1761620724.8590508,0,4,39
1761620724.8950508,-5,-2,47
1761620724.9320507,1,5,33
1761620724.9700508,-2,0,29
1761620725.0060508,-1,-2,41
1761620725.0430508,-4,-1,51
1761620725.0810506,-4,-6,52
1761620725.120051,-1,-2,50
1761620725.1560507,2,-5,41
1761620725.1930506,1,-6,43
1761620725.2310507,-2,3,38
1761620725.2670507,-5,-2,36
1761620725.3050506,2,5,33
1761620725.3420508,4,-11,39
1761620725.3810508,10,-8,37
1761620725.4170508,5,0,40
1761620725.4540508,0,1,27
1761620725.4910507,5,-1,34
1761620725.528051,-2,2,40
1761620725.5650508,-2,2,51
1761620725.6030507,3,6,33
1761620725.6410508,1,0,21
1761620725.6770508,2,2,26
1761620725.7140508,1,3,42
1761620725.7530508,-3,5,38
1761620725.791051,-6,3,39
1761620725.8270507,0,-3,41
1761620725.8650508,-2,-1,30
1761620725.903051,-2,-4,36
1761620725.9420507,-10,-5,37
1761620725.9800508,0,-6,32
1761620726.0160508,0,-7,39
1761620726.0530508,-1,-4,29
1761620726.0920508,-4,4,32
1761620726.130051,-6,-1,39
1761620726.166051,-2,-2,37
1761620726.2030506,-2,0,21
1761620726.2410507,1,4,33
1761620726.2770507,1,-3,27
1761620726.314051,-4,-1,32
1761620726.3530507,1,0,38
1761620726.3910508,-2,1,40
1761620726.4270508,-8,-3,41
1761620726.4640508,-4,-2,41
1761620726.5030508,-8,-4,37
1761620726.541051,-2,4,33
1761620726.5770507,2,3,32
1761620726.6140506,-3,1,30
1761620726.6520507,-6,3,41
1761620726.6900508,-4,9,39
1761620726.7260506,6,7,31
1761620726.7640507,11,4,41
1761620726.8020508,0,1,26
1761620726.8400507,-1,-7,41
1761620726.8760507,-4,-1,38
1761620726.9140508,-5,-4,38
1761620726.9520507,1,-8,35
1761620726.9910507,-4,-5,37
1761620727.0270507,-2,-3,44
1761620727.064051,-2,-3,39
1761620727.1020508,-10,2,36
1761620727.1410508,-10,-7,47
1761620727.1770508,-4,-12,42
1761620727.2140508,-11,-2,51
1761620727.2520506,-3,-4,33
1761620727.291051,7,-1,41
1761620727.3270507,5,-2,30
1761620727.3640506,-4,-6,33
1761620727.4020507,-8,-5,31
1761620727.4410508,-3,1,40
1761620727.4770508,0,0,39
1761620727.5140507,-2,-4,30
1761620727.5520508,2,-3,34
1761620727.5880508,0,-2,27
1761620727.6250508,-2,-4,30
1761620727.6640508,-4,-1,34
1761620727.7020507,-4,0,26
1761620727.7380507,-1,3,40
1761620727.7750506,0,0,28
1761620727.8120508,3,3,31
1761620727.8480508,-4,2,30
1761620727.8850508,-1,2,38
1761620727.9230506,-6,-1,37
1761620727.962051,-6,4,43
1761620727.9980507,7,6,35
1761620728.0350506,1,3,49
1761620728.0730507,0,0,38
1761620728.1110508,1,-5,31
1761620728.1470506,2,-2,33
1761620728.1840508,3,5,34
1761620728.222051,-2,0,30
1761620728.258051,4,-3,35
1761620728.2950506,8,-2,41
1761620728.3330507,4,-2,42
1761620728.3710508,0,0,36
1761620728.4070508,-1,-1,37
1761620728.4450507,3,2,18
1761620728.4830508,0,0,16
1761620728.5210507,0,0,19
1761620728.5570507,0,2,34
1761620728.5940506,0,-2,19
1761620728.6320508,1,0,43
1761620728.6680508,-3,-1,42
1761620728.7060506,-4,0,38
1761620728.7430508,3,-1,34
1761620728.7810507,-1,-5,33
1761620728.8170507,-2,-3,32
1761620728.8540506,-7,0,40
1761620728.8920507,-8,-5,36
1761620728.9280508,-4,-1,27
1761620728.9660506,-6,-1,42
1761620729.0040507,4,-1,43
1761620729.0420508,2,0,45
1761620729.0780506,1,-5,43
1761620729.1150508,4,-6,35
1761620729.153051,-4,-6,37
1761620729.1910508,2,0,38
1761620729.2270508,-2,3,46
1761620729.2640507,-1,-6,45
1761620729.3030508,-4,2,38
1761620729.3390508,-3,-1,39
1761620729.3760507,-1,-5,36
1761620729.4140508,-2,-1,31
1761620729.4530506,4,0,35
1761620729.4890506,3,-6,36
1761620729.5260508,5,-4,34
1761620729.5630507,1,-6,27
1761620729.5990508,-4,0,31
1761620729.6370506,-11,0,34
1761620729.6740508,-3,-6,29
1761620729.7130508,-2,0,25
1761620729.7490506,-9,0,22
1761620729.7870507,-4,-6,20
1761620729.8260508,-4,-7,32
1761620729.8630507,-6,-2,31
1761620729.9020507,0,-8,24
1761620729.9380507,7,-9,37
1761620729.9750507,0,-10,40
1761620730.0130508,-6,-9,41
1761620730.0520508,-9,-8,31
1761620730.0880508,-4,-10,33
1761620730.1260507,-2,-9,30
1761620730.1640508,-3,-7,30
1761620730.2030506,-1,2,36
1761620730.2390506,-3,-4,45
1761620730.2760508,0,-4,44
1761620730.314051,-7,-7,38
1761620730.3520508,-9,0,28
1761620730.3880508,-9,-3,33
1761620730.426051,-6,1,40
1761620730.4640508,-5,0,43
1761620730.5020506,-5,-4,44
1761620730.538051,-1,-8,37
1761620730.5760508,-2,-5,28
1761620730.6140506,-1,1,27
1761620730.6520507,0,2,32
1761620730.6880507,-3,0,19
1761620730.7250507,3,1,41
1761620730.7630508,-7,-4,33
1761620730.7990508,-9,-7,32
1761620730.837051,-7,-6,29
1761620730.8750508,-3,3,35
1761620730.913051,-5,-5,29
1761620730.949051,4,-4,32
1761620730.9870508,4,-7,34
1761620731.0240507,5,-4,37
1761620731.0620508,6,-1,37
1761620731.0980508,7,-5,43
1761620731.1350508,-1,-3,32
1761620731.1740508,0,0,39
1761620731.212051,2,5,37
1761620731.2480507,-3,3,32
1761620731.2850506,4,2,33
1761620731.3230507,3,0,42
1761620731.3590508,0,2,31
1761620731.3960507,7,0,40
1761620731.4340508,9,0,38
1761620731.472051,8,-2,32
1761620731.508051,9,-7,33
1761620731.5460508,4,-10,32
1761620731.584051,0,-11,33
1761620731.620051,3,2,31
1761620731.6570508,4,-1,40
1761620731.6940508,-4,-10,30
1761620731.7330508,-4,-11,26
1761620731.7690508,6,-5,27
1761620731.8060508,-2,-7,32
1761620731.8440506,5,-5,24
1761620731.880051,1,0,31
1761620731.9170508,-6,0,34
1761620731.9550507,-6,-6,48
1761620731.9940507,0,-2,31
1761620732.0300508,-6,-3,32
1761620732.0680506,0,-1,33
1761620732.1050508,4,0,32
1761620732.143051,3,4,26
1761620732.1790507,1,-2,40
1761620732.2160506,4,-6,42
1761620732.2540507,1,-3,38
1761620732.2900507,0,-4,35
1761620732.3280506,-1,-5,35
1761620732.3660507,-12,-9,38
1761620732.4050508,-1,-3,27
1761620732.4430506,-6,-2,28
1761620732.4790506,-8,-5,27
1761620732.5160508,-2,0,40
1761620732.5540507,2,3,43
1761620732.5900507,-1,1,33
1761620732.6270506,1,0,32
1761620732.6650507,0,0,43
1761620732.7030506,-6,0,41
1761620732.7390506,-1,0,39
1761620732.7770507,-5,1,45
1761620732.8150508,3,0,42
1761620732.8530507,5,-2,45
1761620732.8890507,2,-5,33
1761620732.926051,1,-6,20
1761620732.9640508,-1,4,45
1761620733.0000508,1,4,42
1761620733.0370507,-1,4,27
1761620733.0750508,0,-11,38
1761620733.1190507,4,-3,38
1761620733.1580508,3,1,32
1761620733.1950507,-3,3,36
1761620733.2330508,0,2,40
1761620733.2690508,-4,0,36
1761620733.3070507,-7,-2,37
1761620733.3450508,1,1,27
1761620733.383051,-5,-2,39
1761620733.4200506,-5,-4,27
1761620733.4570508,0,-5,29
1761620733.495051,-2,-2,31
1761620733.5340507,5,-4,31
1761620733.5700507,2,1,28
1761620733.607051,8,-4,31
1761620733.6450508,0,-1,36
1761620733.6810508,-1,-2,49
1761620733.7190506,0,-4,43
1761620733.7570508,-3,-4,42
1761620733.7950506,4,-3,43
1761620733.8310506,4,-6,38
1761620733.8690507,3,4,34
1761620733.9060507,0,-6,35
1761620733.9450507,0,-6,25
1761620733.9810507,4,-5,35
1761620734.0190508,-8,-1,35
1761620734.0580506,-6,-2,34
1761620734.0950508,0,-2,30
1761620734.1310508,-10,-5,31
1761620734.1690507,-5,-10,29
1761620734.2070508,-2,0,29
1761620734.245051,-2,-1,38
1761620734.2810507,3,0,33
1761620734.3190508,-4,1,40
1761620734.3560507,-2,-1,31
1761620734.3950508,1,-7,34
1761620734.4310508,3,-7,43
1761620734.4690506,0,0,48
1761620734.5060508,0,1,44
1761620734.5440507,3,7,39
1761620734.5800507,0,-1,39
1761620734.6170506,0,-5,43
1761620734.6550508,7,0,41
1761620734.6910508,1,1,36
1761620734.7280507,0,-1,29
1761620734.7660508,-1,-1,46
1761620734.8040507,-4,0,27
1761620734.8400507,-1,0,28
1761620734.8770506,-1,1,25
1761620734.916051,-7,0,41
1761620734.9540508,-2,3,41
1761620734.9900508,-3,1,40
1761620735.0270507,0,4,25
1761620735.0650508,-1,-3,34
1761620735.1010506,5,-3,42
1761620735.1380508,2,7,31
1761620735.176051,-4,3,32
1761620735.2140508,0,0,31
1761620735.2500508,2,7,37
1761620735.2870507,4,0,47
1761620735.3250508,-6,-1,42
1761620735.3610508,-1,5,23
1761620735.3980508,-2,-6,30
1761620735.4370508,5,-3,46
1761620735.4750507,-5,1,43
1761620735.5110507,1,-2,32
1761620735.5480506,0,0,35
1761620735.5860507,2,0,31
1761620735.6240506,5,0,33
1761620735.6600506,7,0,42
1761620735.6970508,3,4,49
1761620735.7360508,-3,0,38
1761620735.7720506,-3,-2,38
1761620735.8090508,-5,-3,38
1761620735.847051,-6,1,43
1761620735.8860507,-1,1,38
1761620735.9220507,-1,-1,36
1761620735.959051,0,3,35
1761620735.9960508,-4,0,31
1761620736.0320508,6,-2,28
1761620736.0690508,-1,-3,36
1761620736.107051,-9,0,33
1761620736.1460507,-1,-1,38
1761620736.1820507,3,-2,32
1761620736.2190506,-3,-8,27
1761620736.2570508,-9,1,39
1761620736.2950506,-6,3,32
1761620736.3310506,2,0,39
1761620736.3680508,1,2,48
1761620736.4060507,-3,3,46
1761620736.4420507,5,4,35
1761620736.4790506,0,-5,41
1761620736.5160508,5,-1,32
1761620736.5520508,4,-7,29
1761620736.5890508,9,-4,28
1761620736.6270506,4,-9,30
1761620736.666051,0,-10,40
1761620736.7020507,-8,-4,41
1761620736.7390506,-5,-9,44
1761620736.778051,-2,-5,37
1761620736.8160508,0,0,40
1761620736.8520508,0,0,35
1761620736.8890507,-2,0,44
1761620736.9270508,0,0,35
1761620736.9650507,5,4,33
1761620737.0010507,1,-3,33
1761620737.038051,-4,1,28
1761620737.0770507,0,1,29
1761620737.1150508,1,-5,35
1761620737.1510508,2,-3,30
1761620737.189051,7,-4,45
1761620737.2270508,4,4,48
1761620737.2650506,-2,1,34
1761620737.301051,-1,2,36
1761620737.3390508,-8,-3,49
1761620737.3770506,0,-5,32
1761620737.4150507,2,-2,43
1761620737.4510508,2,-1,36
1761620737.4880507,4,-5,33
1761620737.5270507,0,8,36
1761620737.5650508,-4,2,35
1761620737.6010506,-6,-3,31
1761620737.6390507,-3,-10,29
1761620737.6770508,-4,-9,26
1761620737.7160506,3,-2,38
1761620737.7520506,0,-2,33
1761620737.7900507,-2,-1,35
1761620737.8270507,-3,-4,37
1761620737.8660507,1,2,40
1761620737.9020507,4,1,46
1761620737.939051,-3,0,43
1761620737.9770508,0,0,40
1761620738.0130508,-2,3,29
1761620738.051051,-4,6,42
1761620738.0880508,-2,2,37
1761620738.1260507,-13,3,35
1761620738.1620507,-5,9,30
1761620738.199051,-4,3,29
1761620738.2370508,3,-3,33
1761620738.2730508,5,-3,29
1761620738.3100507,-5,0,37
1761620738.347051,-6,2,36
1761620738.383051,3,0,38
1761620738.4200506,2,-5,41
1761620738.4580507,1,-9,42
1761620738.4960508,-1,-9,41
1761620738.5320508,0,-1,36
1761620738.5690508,0,-4,33
1761620738.607051,3,0,37
1761620738.643051,2,-7,36
1761620738.6800506,1,0,37
1761620738.7170508,0,0,34
1761620738.7530508,-2,0,31
1761620738.7900507,7,-6,34
1761620738.8270507,6,-1,27
1761620738.8630507,0,0,29
1761620738.9010508,0,2,40
1761620738.9380507,0,6,39
1761620738.9760506,0,0,40
1761620739.0120506,-3,0,38
1761620739.0490508,-6,0,35
1761620739.087051,-6,0,43
1761620739.1230507,0,-6,39
1761620739.1600506,0,0,37
1761620739.1980507,-2,-3,29
1761620739.2360508,-5,-2,34
1761620739.2720506,-2,0,33
1761620739.3090508,-3,-4,28
1761620739.3480508,-3,-7,39
1761620739.3860507,3,-12,28
1761620739.4220507,2,-8,29
1761620739.459051,-5,-7,38
1761620739.4980507,0,-2,38
1761620739.5360508,-1,0,43
1761620739.5730507,-3,4,37
1761620739.610051,-4,0,28
1761620739.6480508,2,0,37
1761620739.686051,1,-1,32
1761620739.722051,-2,-5,35
1761620739.7590508,-1,-3,31
1761620739.7980506,-3,-7,40
1761620739.8360507,-2,2,50
1761620739.8720508,3,-2,44
1761620739.9090507,-4,2,39
1761620739.9480507,-9,-7,33
1761620739.9860508,0,-2,28
1761620740.0220506,0,10,27
1761620740.0590508,-3,3,44
1761620740.0980508,3,-2,46
1761620740.1360507,4,1,33
1761620740.1720507,4,-2,38
1761620740.209051,5,-3,28
1761620740.2470508,7,-5,34
1761620740.2830508,1,-8,30
1761620740.3220508,4,-5,37
1761620740.3590508,-2,-3,39
1761620740.3980508,0,-3,33
1761620740.4340508,-7,-1,36
1761620740.4710507,-4,0,33
1761620740.508051,-3,0,29
1761620740.5470507,0,-5,28
1761620740.5830507,-1,-4,32
1761620740.6210508,0,-1,40
1761620740.6580508,-3,-9,27
1761620740.6970508,-3,-6,28
1761620740.7340508,2,-7,21
1761620740.7710507,0,-3,21
1761620740.8090508,-1,0,24
1761620740.847051,-4,-8,28
1761620740.883051,-6,-3,38
1761620740.9210508,-1,-2,35
1761620740.959051,-2,0,43
1761620740.9970508,6,0,39
1761620741.0330508,10,0,36
1761620741.0700507,8,-1,37
1761620741.1090508,0,-4,22
1761620741.1470506,-2,-1,27
1761620741.1830506,0,-2,34
1761620741.2210507,2,0,26
1761620741.2590508,0,-4,40
1761620741.2970507,2,-5,35
1761620741.3330507,1,-3,23
1761620741.370051,-1,-6,24
1761620741.4090507,0,-7,32
1761620741.4470508,-6,-1,31
1761620741.4830508,2,0,30
1761620741.5200508,-5,5,42
1761620741.5590508,0,9,40
1761620741.597051,5,1,44
1761620741.633051,7,-1,40
1761620741.6710508,1,0,38
1761620741.709051,-5,-2,32
1761620741.7470508,-1,-1,36
1761620741.7830508,-3,-4,33
1761620741.8210506,-6,0,37
1761620741.8590508,4,-2,33
1761620741.8970506,0,-5,39
1761620741.9330506,0,-3,31
1761620741.9700508,1,-4,38
1761620742.008051,1,0,42
1761620742.0440507,-2,1,30
1761620742.0810506,3,-1,32
1761620742.1190507,5,-7,41
1761620742.1570508,1,-3,45
1761620742.1930506,-2,0,42
1761620742.2310507,-5,-6,32
1761620742.2690508,-9,-3,30
1761620742.3050506,3,-7,35
1761620742.3420508,0,-3,35
1761620742.3790507,-6,0,37
1761620742.4150507,-7,-4,26
1761620742.4520507,0,-5,33
1761620742.4890506,-5,-12,36
1761620742.528051,-1,0,40
1761620742.564051,1,3,38
1761620742.6010506,-3,-1,33
1761620742.6390507,8,-5,42
1761620742.6780508,2,3,39
1761620742.7140508,-2,0,34
1761620742.7510507,0,-1,32
1761620742.7890508,0,0,38
1761620742.8250508,-2,-1,27
1761620742.8620508,-2,-6,38
1761620742.9010508,-2,0,31
1761620742.939051,4,3,26
1761620742.9750507,-4,0,20
1761620743.0120506,-1,-1,26
1761620743.0500507,-1,-3,24
1761620743.0890508,1,-3,26
1761620743.1340508,0,-7,37
1761620743.1720507,2,-8,30
1761620743.209051,-1,1,39
1761620743.245051,-4,-3,42
1761620743.2820508,-6,-7,40
1761620743.3200507,0,-5,45
1761620743.3580508,0,0,34
1761620743.3940508,5,-3,41
1761620743.4320507,-7,-4,36
1761620743.4700508,-3,-3,37
1761620743.5090508,1,-5,40
1761620743.5450506,3,0,28
1761620743.5820508,2,-4,25
1761620743.620051,1,-2,32
1761620743.6580508,-1,-5,45
1761620743.6940508,2,-1,35
1761620743.7310507,-3,-3,29
1761620743.7700508,-1,-7,37
1761620743.8080506,-9,-9,29
1761620743.8440506,-4,-5,43
1761620743.8820508,3,0,36
1761620743.9200506,-1,1,26
1761620743.9580507,3,-2,34
1761620743.9940507,2,-7,34
1761620744.0320508,-1,1,27
1761620744.0700507,7,4,27
1761620744.1080508,0,-3,35
1761620744.1440508,0,-2,48
1761620744.1820507,3,-4,43
1761620744.2200508,2,-4,39
1761620744.2590508,4,-4,46
1761620744.2950506,0,-2,39
1761620744.3320508,0,-10,37
1761620744.370051,0,-7,34
1761620744.4080508,0,-2,49
1761620744.4440508,-1,4,43
1761620744.482051,12,-5,51
1761620744.5200508,7,-3,40
1761620744.5580506,5,-7,36
1761620744.5940506,6,1,35
1761620744.6320508,4,6,25
1761620744.6700506,2,-5,33
1761620744.7060506,-5,-8,33
1761620744.7440507,3,2,39
1761620744.7820508,3,-8,35
1761620744.8200507,3,-9,52
1761620744.8560507,2,-11,53
1761620744.8940508,0,-7,47
1761620744.9320507,-5,0,38
1761620744.9710507,-1,0,39
1761620745.0090508,0,-2,32
1761620745.0450506,1,-1,31
1761620745.0820508,-2,-3,26
1761620745.120051,-2,-3,46
1761620745.1590507,-3,-4,45
1761620745.1950507,-8,0,40
1761620745.232051,-4,-5,43
1761620745.2700508,8,-6,47
1761620745.3090508,8,0,44
1761620745.3450508,4,1,26
1761620745.3820508,1,0,39
1761620745.4200506,1,-1,33
1761620745.4560506,-2,-2,31
1761620745.495051,2,-4,21
1761620745.5320508,-6,-2,30
1761620745.5710506,6,-1,33
1761620745.6090508,6,-3,36
1761620745.6450508,0,-1,40
1761620745.6830506,6,-2,31
1761620745.7210507,1,-9,30
1761620745.7590508,4,-1,33
1761620745.7950506,-4,2,31
1761620745.8320508,-4,-6,42
1761620745.8710508,-7,-8,32
1761620745.9090507,2,0,41
1761620745.9450507,0,2,42
1761620745.9830508,1,0,27
1761620746.0210507,-3,-6,32
1761620746.0590508,2,-3,25
1761620746.0950508,-2,1,34
1761620746.133051,-3,-1,41
1761620746.1710508,-4,1,35
1761620746.209051,-7,-8,33
1761620746.245051,-6,-6,35
1761620746.2830508,4,-4,33
1761620746.3210506,1,-4,26
1761620746.3590508,2,-1,25
1761620746.3950508,9,-3,27
1761620746.4330506,12,-6,43
1761620746.4710507,0,-5,36
1761620746.5090508,2,-3,42
1761620746.5450506,2,-1,46
1761620746.5830507,1,-5,42
1761620746.6210508,0,-1,38
1761620746.6570508,-1,-2,41
1761620746.6940508,0,-1,31
1761620746.7330508,1,-3,41
1761620746.7710507,-8,-6,46
1761620746.8070507,-9,-4,36
1761620746.8440506,0,-3,37
1761620746.8820508,0,-3,32
1761620746.9210508,3,-8,22
1761620746.9570508,3,-2,28
1761620746.9940507,2,0,34
1761620747.0310507,6,-7,26
1761620747.0670507,2,-1,31
1761620747.1040506,-2,2,42
1761620747.1410508,1,3,41
1761620747.1780508,0,1,43
1761620747.2150507,0,-2,32
1761620747.2520506,1,0,35
1761620747.2900507,-4,-4,40
1761620747.3260508,0,1,43
1761620747.3630507,3,2,46
1761620747.4010508,-2,-3,28
1761620747.4370508,3,-5,45
1761620747.4740508,5,-6,33
1761620747.5110507,-4,-5,37
1761620747.5500507,8,-8,38
1761620747.5860507,-1,-10,36
1761620747.6240506,3,-6,43
1761620747.6620507,0,-4,53
1761620747.7000508,0,2,40
1761620747.7360508,-3,-1,52
1761620747.7740507,-1,-1,44
1761620747.8120508,-2,-2,50
1761620747.8510506,0,-2,36
1761620747.8870506,-3,-7,41
1761620747.9250507,-6,-5,40
1761620747.9630508,-1,3,38
1761620748.0010507,6,-2,38
1761620748.0370507,-3,-3,35
1761620748.074051,-4,1,36
1761620748.1120508,-4,1,27
1761620748.1500506,4,6,29
1761620748.186051,6,0,26
1761620748.2240508,4,4,33
1761620748.2620506,-5,-1,31
1761620748.3000507,-5,4,38
1761620748.3360507,2,2,28
1761620748.3730507,-3,0,26
1761620748.4120507,-3,0,33
1761620748.4500508,-1,0,35
1761620748.4860508,-1,6,33
1761620748.5240507,4,4,38
1761620748.5620508,-5,-2,28
1761620748.6000507,0,-4,36
1761620748.6360507,-1,-1,42
1761620748.6740508,-8,-3,31
1761620748.712051,-2,-6,36
1761620748.7510507,-4,-3,30
1761620748.7870507,1,-4,34
1761620748.824051,0,4,32
1761620748.8620508,-1,-2,44
1761620748.9000506,0,0,33
1761620748.9370508,0,-4,35
1761620748.9740508,-3,0,30
1761620749.0120506,2,-5,36
1761620749.051051,1,0,42
1761620749.087051,10,7,38
1761620749.1240506,4,-2,35
1761620749.1620507,0,-2,38
1761620749.2010508,-5,-1,33
1761620749.2370508,-5,-4,30
1761620749.2740507,0,-5,30
1761620749.3120508,0,-2,33
1761620749.3480508,2,0,33
1761620749.3860507,1,1,39
1761620749.4230506,1,0,39
1761620749.4610507,0,4,41
1761620749.4970508,-1,2,42
1761620749.5340507,-5,1,53
1761620749.5720508,-3,4,40
1761620749.6080508,2,-3,36
1761620749.6450508,2,-3,29
1761620749.6830506,-3,-4,30
1761620749.722051,0,0,31
1761620749.758051,0,2,33
1761620749.7950506,-1,1,31
1761620749.8330507,2,2,49
1761620749.8710508,-3,-3,48
1761620749.9070508,0,-3,31
1761620749.9440508,-1,-1,33
1761620749.9830508,-5,3,25
1761620750.0210507,1,3,27
1761620750.0570507,-2,-11,33
1761620750.0940506,1,-2,37
1761620750.1320508,2,0,39
1761620750.1680508,1,-3,38
1761620750.2060506,-1,3,39
1761620750.2430508,3,0,42
1761620750.2810507,-3,-4,28
1761620750.3170507,-1,1,27
1761620750.3540506,0,-1,33
1761620750.3920507,1,0,41
1761620750.4280508,-6,-1,41
1761620750.4650507,-2,-5,34
1761620750.5040507,6,-3,34
1761620750.5420508,7,-3,36
1761620750.5780506,1,-4,40
1761620750.6150508,0,-8,39
1761620750.653051,2,0,34
1761620750.6910508,0,-3,34
1761620750.7270508,0,-8,34
1761620750.7650506,-1,-4,39
1761620750.8040507,-7,-1,26
1761620750.8420508,-1,-4,41
1761620750.8780508,0,-3,42
1761620750.9150507,-1,0,32
1761620750.9530506,-7,0,37
1761620750.9910507,-9,8,42
1761620751.0270507,-7,0,37
1761620751.0650508,0,-2,37
1761620751.1030507,9,-3,40
1761620751.1390507,3,0,35
1761620751.176051,-2,0,40
1761620751.2140508,-5,-1,42
1761620751.2530508,-6,0,41
1761620751.2890508,-3,-3,55
1761620751.3270507,-3,0,36
1761620751.3650508,-2,1,35
1761620751.403051,-2,2,44
1761620751.4400508,-6,-3,41
1761620751.4770508,-2,-3,26
1761620751.5150506,5,-1,33
1761620751.5530508,3,-1,26
1761620751.5900507,-2,-1,43
1761620751.6270506,-4,-4,42
1761620751.6650507,5,3,39
1761620751.7030506,3,2,20
1761620751.7390506,6,-6,35
1761620751.7760508,-13,-5,31
1761620751.814051,-3,-1,28
1761620751.8530507,-7,0,33
1761620751.8890507,-5,0,32
1761620751.9270508,-4,0,27
1761620751.9650507,0,-5,28
1761620752.0030508,1,-4,38
1761620752.0390508,0,0,35
1761620752.0760508,-7,1,34
1761620752.1140506,1,0,23
1761620752.1520507,5,2,32
1761620752.1880507,-2,-4,37
1761620752.2250507,1,-3,37
1761620752.2630508,-2,-1,41
1761620752.2990508,0,0,49
1761620752.3360507,-2,-1,46
1761620752.3740506,4,-4,49
1761620752.4120507,1,-5,32
1761620752.4480507,0,-6,42
1761620752.485051,0,-1,42
1761620752.5240507,3,3,43
1761620752.5620508,4,-5,31
1761620752.5980508,0,0,29
1761620752.6350508,4,-2,41
1761620752.6740508,5,-2,29
1761620752.712051,0,-5,23
1761620752.7480507,-4,0,34
1761620752.7850506,-5,1,37
1761620752.824051,-4,-9,36
1761620752.8620508,6,-6,43
1761620752.8980508,1,-4,33
1761620752.9350507,-4,0,35
1761620752.9730508,-9,2,33
1761620753.0090508,0,-1,19
1761620753.0470507,2,-4,37
1761620753.084051,3,0,33
1761620753.1220508,-6,0,37
1761620753.1670508,0,-2,32
1761620753.2050507,1,0,37
1761620753.2430508,-7,-2,28
1761620753.2790508,-8,0,32
1761620753.3170507,3,-8,40
1761620753.3550508,-1,6,33
1761620753.393051,4,0,28
1761620753.4290507,4,4,33
1761620753.4660506,4,0,30
1761620753.505051,-4,-4,35
1761620753.5430508,1,0,42
1761620753.5790508,-2,-3,32
1761620753.6160507,-4,0,34
1761620753.6540508,0,-1,38
1761620753.6900508,5,-4,24
1761620753.7270508,1,-6,39
1761620753.7640507,10,2,36
1761620753.8000507,5,-5,36
1761620753.8380508,-5,-3,35
1761620753.8750508,-6,0,48
1761620753.913051,-3,4,52
1761620753.949051,1,1,42
1761620753.9870508,-3,-5,28
1761620754.0240507,1,-1,27
1761620754.0630507,-2,4,38
1761620754.0990508,-3,2,20
1761620754.1370506,0,-3,38
1761620754.1750507,4,0,32
1761620754.2130508,3,-2,31
1761620754.2500508,2,-3,32
1761620754.2870507,2,2,23
1761620754.3250508,-7,-4,30
1761620754.3630507,-8,4,31
1761620754.3990507,-4,2,39
1761620754.4380507,-5,-1,38
1761620754.4750507,0,1,40
1761620754.5130508,-2,-3,32
1761620754.5500507,-7,-2,35
1761620754.587051,-3,-3,27
1761620754.6250508,-4,-2,34
1761620754.6640508,0,-1,29
1761620754.7000508,0,-9,35
1761620754.7370508,2,-4,39
1761620754.7750506,0,-2,30
1761620754.8130507,2,-5,42
1761620754.8490508,1,0,38
1761620754.8860507,-1,-3,42
1761620754.9250507,-7,1,31
1761620754.9630508,-2,1,31
1761620754.9990506,0,2,25
1761620755.0360508,-2,-3,42
1761620755.0750508,-2,-8,42
1761620755.1130507,1,0,32
1761620755.1490507,-3,-4,34
1761620755.186051,-6,4,29
1761620755.2240508,0,4,34
1761620755.2600508,-3,1,29
1761620755.2980506,4,0,35
1761620755.3350508,6,0,39
1761620755.3730507,3,0,43
1761620755.4090507,4,-2,42
1761620755.4460506,-5,2,42
1761620755.4840508,-1,3,42
1761620755.5200508,-9,-1,33
1761620755.5580506,-5,2,41
1761620755.5950508,5,0,35
1761620755.6310508,0,3,35
1761620755.6680508,2,4,31
1761620755.7060506,1,-2,43
1761620755.7440507,1,2,31
1761620755.7800508,-9,0,40
1761620755.8180506,-7,-7,28
1761620755.8560507,-1,-2,19
1761620755.8950508,1,-3,25
1761620755.9310508,0,-1,28
1761620755.9690506,0,-6,44
1761620756.0060508,-5,-3,45
1761620756.0450506,-4,-5,38
1761620756.0810506,1,3,38
1761620756.1180508,1,2,31
1761620756.1560507,-4,1,27
1761620756.1940508,-7,5,28
1761620756.2300508,-1,7,32
1761620756.2670507,2,-1,32
1761620756.3060508,-1,0,29
1761620756.3440506,-5,-2,40
1761620756.380051,-6,-3,37
1761620756.4170508,-3,0,33
1761620756.4550507,1,0,42
1761620756.4920506,0,-3,43
1761620756.5290508,-4,1,47
1761620756.5660508,0,-5,40
1761620756.6040506,-1,-1,25
1761620756.6400506,-7,0,22
1761620756.6770508,-4,0,27
1761620756.7150507,4,3,36
1761620756.7510507,4,2,39
1761620756.788051,4,2,32
1761620756.8260508,8,2,31
1761620756.8640506,5,-5,35
1761620756.9000506,0,1,39
1761620756.9370508,0,3,39
1761620756.9760506,1,3,39
1761620757.0140507,0,-2,34
1761620757.0500507,-6,1,28
1761620757.087051,-9,-2,39
1761620757.1260507,0,2,36
1761620757.1640508,-4,0,41
1761620757.2000508,-3,0,30
1761620757.2370508,-6,-3,41
1761620757.2760508,0,-1,35
1761620757.314051,6,2,40
1761620757.3500507,2,0,30
1761620757.3870506,2,-4,39
1761620757.426051,1,3,40
1761620757.4640508,-1,3,45
1761620757.5000508,-1,0,42
1761620757.5370507,-1,0,24
1761620757.5750508,-2,2,18
1761620757.6110508,0,-5,32
1761620757.6480508,3,-3,41
1761620757.686051,6,-6,29
1761620757.722051,-2,5,28
1761620757.7590508,-3,5,39
1761620757.7960508,1,-5,38
1761620757.8330507,2,0,27
1761620757.870051,0,3,37
1761620757.9070508,-3,7,38
1761620757.9460506,-2,1,39
1761620757.982051,2,3,33
1761620758.0190508,2,0,46
1761620758.0560508,1,0,40
1761620758.0920508,0,-2,28
1761620758.1290507,-5,-4,31
1761620758.1670508,0,1,28
1761620758.2050507,4,1,31
1761620758.2420506,0,-2,43
1761620758.2790508,-3,-3,40
1761620758.3170507,2,-9,57
1761620758.3550508,0,-6,47
1761620758.3910508,0,-2,37
1761620758.4280508,3,-7,45
1761620758.4660506,-2,-1,37
1761620758.5020506,2,-11,39
1761620758.5400507,0,-5,43
1761620758.5780506,0,5,41
1761620758.6160507,-2,0,27
1761620758.653051,-4,-8,32
1761620758.6910508,-1,-10,40
1761620758.7280507,-3,-4,30
1761620758.7670507,1,0,30
1761620758.8050506,3,0,38
1761620758.8410506,0,3,49
1761620758.8780508,6,-3,36
1761620758.916051,6,-6,38
1761620758.9520507,4,-3,34
1761620758.9900508,4,0,38
1761620759.0270507,7,-1,46
1761620759.0660508,0,-5,37
1761620759.1020508,-2,-6,38
1761620759.1400506,4,1,28
1761620759.1780508,-3,0,35
1761620759.2160506,-1,-1,44
1761620759.2520506,3,1,43
1761620759.2890508,11,-1,36
1761620759.3270507,5,-2,40
1761620759.3650508,-2,0,39
1761620759.4010508,0,-2,27
1761620759.4380507,-4,-9,26
1761620759.4770508,-2,-5,26
1761620759.5150506,3,-4,33
1761620759.551051,2,-6,34
1761620759.5880508,-1,-3,38
1761620759.6270506,-5,-4,33
1761620759.6650507,4,-2,26
1761620759.7010508,1,-6,34
1761620759.7380507,-8,-7,35
1761620759.7770507,3,-2,42
1761620759.8130507,-4,2,38
1761620759.8510506,5,-3,32
1761620759.8880508,-1,3,38
1761620759.926051,1,-2,36
1761620759.962051,0,-2,33
1761620759.9990506,5,-1,42
1761620760.0370507,0,3,52
1761620760.0730507,-1,-7,41
1761620760.1120508,0,-3,38
1761620760.1490507,-7,-1,29
1761620760.1880507,-3,-8,28
1761620760.2260506,2,-1,42
1761620760.2620506,-2,-8,38
1761620760.2990508,-8,0,38
1761620760.337051,0,3,31
1761620760.3730507,1,0,31
1761620760.4110508,0,-2,42
1761620760.4480507,9,4,33
1761620760.4860508,4,-1,28
1761620760.5220506,0,0,38
1761620760.5590508,4,-4,35
1761620760.597051,0,-9,22
1761620760.6360507,-1,-10,33
1761620760.6720507,0,-8,38
1761620760.709051,-7,-5,34
1761620760.7480507,-3,0,40
1761620760.7860508,-1,0,38
1761620760.8220508,-2,-3,34
1761620760.8590508,4,0,32
1761620760.8970506,0,0,32
1761620760.9330506,-3,0,30
1761620760.9700508,-3,7,34
1761620761.008051,4,1,35
1761620761.0460508,1,-5,45
1761620761.0820508,-2,-2,42
1761620761.120051,-1,0,46
1761620761.1580508,2,3,39
1761620761.1960506,5,0,33
1761620761.232051,0,-1,38
1761620761.2700508,0,-3,40
1761620761.3080506,3,-3,32
1761620761.3460507,-2,-6,28
1761620761.3820508,1,-4,31
1761620761.4190507,6,-7,26
1761620761.4580507,-2,5,33
1761620761.4960508,-3,1,36
1761620761.5320508,2,-3,34
1761620761.5690508,-1,0,35
1761620761.607051,3,2,30
1761620761.643051,-2,-1,25
1761620761.6810508,-1,-3,33
1761620761.7190506,1,0,31
1761620761.7570508,-1,-3,34
1761620761.7930508,-3,0,23
1761620761.8300507,-1,-4,33
1761620761.8680508,-4,-3,38
1761620761.9070508,0,-4,42
1761620761.9430506,2,-4,37
1761620761.9800508,0,1,25
1761620762.018051,6,-1,39
1761620762.0540507,-2,3,27
1761620762.0910506,4,3,31
1761620762.1280508,0,0,44
1761620762.1670508,-1,-5,35
1761620762.2030506,6,-1,31
1761620762.2400508,1,0,34
1761620762.278051,0,-1,38
1761620762.314051,-7,0,39
1761620762.3510506,-6,-3,31
1761620762.3890507,-9,2,40
1761620762.4270508,-3,2,36
1761620762.4630508,7,0,17
1761620762.5000508,-3,0,21
1761620762.538051,4,4,33
1761620762.574051,4,2,34
1761620762.6110508,-2,0,41
1761620762.6480508,-2,-2,38
1761620762.6870508,-4,1,38
1761620762.7230508,-8,-3,33
1761620762.7600508,-17,3,25
1761620762.7980506,1,4,37
1761620762.834051,2,0,48
1761620762.8710508,1,10,47
1761620762.9090507,1,3,33
1761620762.9470508,-3,1,30
1761620762.9830508,-5,-5,40
1761620763.0200508,-1,-4,31
1761620763.0590508,-6,1,41
1761620763.097051,3,-1,26
1761620763.133051,0,1,26
1761620763.1790507,-2,-1,32
1761620763.2170508,-3,-1,39
1761620763.2530508,0,0,40
1761620763.2900507,6,3,35
1761620763.3280506,8,-5,39
1761620763.3640506,7,-5,39
1761620763.4010508,-2,-2,37
1761620763.439051,2,-5,30
1761620763.4780507,-7,-8,34
1761620763.5140507,4,-5,25
1761620763.551051,3,0,28
1761620763.5890508,4,-1,25
1761620763.6270506,4,0,32
1761620763.663051,-2,2,34
1761620763.7000508,1,0,41
1761620763.7380507,4,-7,40
1761620763.7740507,-3,-7,33
1761620763.8120508,6,-1,34
1761620763.8490508,6,-4,38
1761620763.8870506,-2,-5,45
1761620763.9230506,-4,-3,51
1761620763.9600508,-5,-3,47
1761620763.9990506,1,-2,28
1761620764.0350506,7,-4,22
1761620764.0720508,-3,6,33
1761620764.1090508,0,-1,42
1761620764.1450508,4,0,37
1761620764.1820507,-4,2,24
1761620764.2200508,-1,3,25
1761620764.2590508,4,0,28
1761620764.2950506,-4,2,39
1761620764.3320508,-2,-1,41
1761620764.370051,0,0,33
1761620764.4080508,1,1,33
1761620764.4440508,0,-3,31
1761620764.4810507,-4,-6,44
1761620764.5190508,-3,-1,40
1761620764.5580506,1,-1,34
1761620764.5950508,-4,-7,38
1761620764.6320508,0,-4,36
1761620764.6690507,2,-1,42
1761620764.7050507,-4,0,48
1761620764.7420506,0,-4,43
1761620764.7800508,2,0,41
1761620764.8180506,5,1,24
1761620764.8540506,5,0,29
1761620764.8910508,8,0,26
1761620764.9290507,0,-3,36
1761620764.9650507,-4,-5,35
1761620765.0020506,4,-1,35
1761620765.041051,-3,-2,40
1761620765.0790508,-7,-4,30
1761620765.1150508,-2,-5,28
1761620765.1520507,-5,-5,33
1761620765.1900508,0,0,36
1761620765.2290506,0,-3,34
1761620765.2650506,5,-2,41
1761620765.3030508,2,-6,32
1761620765.3410506,0,0,39
1761620765.3790507,-2,0,44
1761620765.4150507,2,2,35
1761620765.4520507,0,0,35
1761620765.4900508,1,0,46
1761620765.528051,-1,-5,38
1761620765.564051,-8,3,25
1761620765.6010506,-8,-1,35
1761620765.6400506,-11,0,42
1761620765.6780508,-7,-1,37
1761620765.7140508,-4,-4,40
1761620765.7530508,-4,-14,35
1761620765.7900507,-6,-4,23
1761620765.8290508,0,-6,29
1761620765.8650508,3,-3,30
1761620765.9020507,0,0,30
1761620765.9400508,6,2,37
1761620765.9780507,2,-1,36
1761620766.0140507,-2,0,40
1761620766.051051,1,-2,43
1761620766.0890508,-3,-1,31
1761620766.1250508,1,3,39
1761620766.1620507,3,1,45
1761620766.2000508,3,4,41
1761620766.2360508,0,0,39
1761620766.2730508,-1,0,38
1761620766.3100507,0,-6,36
1761620766.3490508,-2,-1,25
1761620766.3850508,-4,0,24
1761620766.4220507,-7,-3,24
1761620766.4610507,-1,-1,38
1761620766.4990506,-4,3,36
1761620766.5350506,-8,-1,31
1761620766.5730507,-3,6,38
1761620766.610051,3,2,28
1761620766.6490507,2,-2,24
1761620766.6850507,5,0,35
1761620766.722051,7,2,35
1761620766.7600508,-2,-1,43
1761620766.7960508,0,-3,40
1761620766.8330507,5,-5,34
1761620766.870051,-6,1,30
1761620766.9090507,0,-1,27
1761620766.9460506,-5,2,31
1761620766.9830508,1,2,34
1761620767.0200508,0,-1,25
1761620767.0560508,-3,-4,29
1761620767.0930507,-1,4,33
1761620767.1310508,-1,0,38
1761620767.1700506,0,3,35
1761620767.2060506,-3,1,34
1761620767.2430508,-3,1,42
1761620767.2810507,-2,0,54
1761620767.3190508,-5,3,33
1761620767.3560507,1,-4,37
1761620767.393051,5,-4,41
1761620767.4310508,2,-2,35
1761620767.4690506,4,2,46
1761620767.505051,6,0,37
1761620767.5420508,5,0,42
1761620767.5800507,-2,0,34
1761620767.6160507,2,5,34
1761620767.6540508,-8,2,40
1761620767.6910508,-4,6,41
1761620767.7290506,-2,0,32
1761620767.7650506,4,3,36
1761620767.8020508,4,0,33
1761620767.8400507,1,-3,39
1761620767.8760507,4,-10,36
1761620767.913051,10,-2,34
1761620767.9510508,3,5,35
1761620767.9890506,5,2,42
1761620768.0250506,-1,-3,41
1761620768.0620508,1,-3,21
1761620768.1000507,1,-3,21
1761620768.1360507,5,0,34
1761620768.1730506,-2,4,32
1761620768.2110507,-8,-3,33
1761620768.2490506,-2,0,43
1761620768.2850506,-7,4,35
1761620768.3220508,2,-5,35
1761620768.3610508,2,-2,41
1761620768.3990507,4,4,27
1761620768.4350507,-8,0,37
1761620768.472051,0,0,36
1761620768.5100508,2,-14,31
1761620768.5460508,-2,-5,37
1761620768.584051,-4,-2,33
1761620768.6220508,-1,0,27
1761620768.6610508,-1,-3,23
1761620768.6970508,7,-2,25
1761620768.7340508,0,-7,31
1761620768.7710507,-3,-7,24
1761620768.8100507,2,0,35
1761620768.8460507,3,6,29
1761620768.8840508,2,3,33
1761620768.9210508,4,0,36
1761620768.9570508,6,1,36
1761620768.9940507,-3,0,40
1761620769.0320508,-3,-3,40
1761620769.0710506,5,0,36
1761620769.107051,-4,3,33
1761620769.1440508,-2,3,37
1761620769.1810508,0,1,31
1761620769.2170508,1,2,28
1761620769.2540507,2,-1,35
1761620769.2920508,-3,-1,31
1761620769.3310506,-1,-10,41
1761620769.3670506,0,-6,47
1761620769.4050508,0,0,44
1761620769.4420507,0,-2,39
1761620769.4800508,0,-2,38
1761620769.5160508,-2,-2,40
1761620769.5540507,1,1,28
1761620769.5920508,4,1,35
1761620769.630051,3,3,32
1761620769.666051,-1,-1,35
1761620769.7030506,-2,-5,28
1761620769.7420506,-1,-5,25
1761620769.7800508,4,0,26
1761620769.8160508,5,0,38
1761620769.8530507,7,0,38
1761620769.8910508,0,2,41
1761620769.9270508,0,0,43
1761620769.9640508,3,1,41
1761620770.0020506,2,-1,35
1761620770.0400507,0,-8,37
1761620770.0760508,0,-5,30
1761620770.1130507,-2,-8,35
1761620770.1520507,-3,-2,33
1761620770.1900508,-3,-2,25
1761620770.2260506,-7,-2,40
1761620770.2630508,-2,-3,30
1761620770.3020508,-7,1,34
1761620770.3400507,3,5,33
1761620770.3760507,-4,2,23
1761620770.413051,-3,0,40
1761620770.4510508,0,-4,35
1761620770.4870508,1,2,38
1761620770.5240507,1,7,30
1761620770.5620508,3,2,36
1761620770.5980508,7,1,35
1761620770.6350508,2,2,41
1761620770.6720507,-8,7,41
1761620770.7080507,-2,-1,36
1761620770.7460508,5,-6,31
1761620770.7840507,1,-1,32
1761620770.8220508,2,-4,29
1761620770.8610508,-4,-3,38
1761620770.8970506,-4,2,48
1761620770.9340508,-6,1,37
1761620770.972051,0,-1,35
1761620771.008051,1,3,42
1761620771.0450506,5,-1,47
1761620771.0830507,2,-8,40
1761620771.1210508,7,-5,43
1761620771.1570508,0,5,35
1761620771.1940508,-3,1,48
1761620771.232051,-1,1,40
1761620771.268051,-4,1,36
1761620771.3050506,-1,1,41
1761620771.3430507,1,-2,39
1761620771.3810508,-5,-8,34
1761620771.4170508,-6,-6,48
1761620771.4540508,-6,-4,38
1761620771.4930508,0,-2,36
1761620771.5310507,2,0,36
1761620771.5670507,0,0,47
1761620771.6040506,-4,0,40
1761620771.6420507,0,1,41
1761620771.6780508,4,5,50
1761620771.7160506,3,-5,40
1761620771.7530508,6,2,25
1761620771.791051,4,0,32
1761620771.8270507,1,-1,31
1761620771.8640506,2,-6,20
1761620771.903051,-2,0,34
1761620771.9410508,-5,-8,35
1761620771.9770508,3,-2,49
1761620772.0140507,3,2,32
1761620772.0520508,-7,0,39
1761620772.0880508,-3,2,40
1761620772.1250508,-5,0,41
1761620772.163051,0,1,38
1761620772.2010508,2,1,34
1761620772.2370508,0,-1,40
1761620772.2750506,-6,-1,42
1761620772.3130507,-2,-2,43
1761620772.3510506,-1,-4,39
1761620772.3870506,0,-3,27
1761620772.4250507,-2,-3,35
1761620772.4630508,0,4,29
1761620772.5010507,3,-7,36
1761620772.5370507,6,0,40
1761620772.5750508,-5,-9,24
1761620772.6130507,-2,-4,19
1761620772.6510508,-9,-3,27
1761620772.6870508,-6,-1,27
1761620772.7250507,3,-2,27
1761620772.7630508,0,-6,37
1761620772.7990508,-1,0,34
1761620772.8360507,-12,-4,36
1761620772.8750508,-4,-6,35
1761620772.913051,2,0,43
1761620772.949051,-4,1,29
1761620772.9860508,0,0,25
1761620773.0230508,-6,-3,39
1761620773.0620508,-2,-2,33
1761620773.0980508,-6,-2,31
1761620773.1350508,0,-5,26
1761620773.1790507,9,-5,37
1761620773.2170508,1,-1,42
1761620773.2540507,3,0,29
1761620773.2920508,0,-5,21
1761620773.3280506,1,0,27
1761620773.3650508,0,-6,26
1761620773.403051,-6,-5,23
1761620773.439051,0,-4,29
1761620773.4760506,-2,1,43
1761620773.5130508,10,5,35
1761620773.5490508,5,0,43
1761620773.5860507,0,0,31
1761620773.6240506,8,4,39
1761620773.6620507,5,1,27
1761620773.6980507,5,-2,32
1761620773.7370508,3,-7,32
1761620773.7740507,-3,0,40
1761620773.8120508,-4,0,36
1761620773.8480508,4,-1,45
1761620773.8860507,7,3,33
1761620773.9240508,5,0,45
1761620773.962051,2,-3,41
1761620773.9990506,0,0,33
1761620774.0360508,-8,-3,34
1761620774.074051,-10,7,38
1761620774.1120508,-6,-1,46
1761620774.1480508,-7,-5,35
1761620774.1870508,-3,-6,47
1761620774.2240508,-2,-4,38
1761620774.2630508,-3,-5,41
1761620774.2990508,0,2,37
1761620774.3360507,8,5,37
1761620774.3740506,1,0,27
1761620774.4120507,2,-2,25
1761620774.4480507,1,2,28
1761620774.4860508,6,2,31
1761620774.5240507,4,2,36
1761620774.5620508,-6,-1,25
1761620774.5980508,-8,-2,24
1761620774.6360507,-1,-3,28
1761620774.6740508,-9,-3,32
1761620774.7130508,-1,-4,37
1761620774.7490506,-3,-4,38
1761620774.7870507,-6,-3,30
1761620774.8250508,1,-2,23
1761620774.8630507,1,-1,24
1761620774.8990507,-3,-6,31
1761620774.936051,1,0,45
1761620774.9740508,-2,2,38
1761620775.0100508,-4,2,29
1761620775.0470507,0,3,34
1761620775.084051,-1,3,27
1761620775.120051,-3,0,37
1761620775.1570508,-12,-5,39
1761620775.1950507,-4,2,37
1761620775.2330508,-5,-1,42
1761620775.2690508,0,-2,27
1761620775.3070507,-8,1,19
1761620775.3450508,1,0,19
1761620775.383051,0,0,37
1761620775.4190507,3,0,40
1761620775.4560506,4,-4,25
1761620775.4940507,5,-2,27
1761620775.5300508,3,-6,41
1761620775.5670507,6,0,27
1761620775.6040506,0,-3,23
1761620775.6400506,0,0,31
1761620775.6770508,0,1,33
1761620775.7140508,1,-3,34
1761620775.7500508,-6,0,30
1761620775.788051,3,-4,45
1761620775.8250508,6,-2,30
1761620775.8640506,3,0,38
1761620775.9000506,3,-1,36
1761620775.9370508,6,-1,45
1761620775.9750507,7,-3,41
1761620776.0140507,4,-1,25
1761620776.051051,1,-1,32
1761620776.0880508,12,-2,21
1761620776.1250508,-3,-6,16
1761620776.1640508,-1,-6,35
1761620776.2000508,0,-7,41
1761620776.2380507,0,0,40
1761620776.2750506,3,-5,37
1761620776.314051,8,1,43
1761620776.3500507,-4,1,39
1761620776.3870506,-3,-5,27
1761620776.4250507,0,-5,43
1761620776.4640508,-1,0,40
1761620776.5000508,-2,-2,38
1761620776.538051,-7,-2,35
1761620776.5760508,0,-6,24
1761620776.6140506,-3,0,27
1761620776.6500506,-6,1,32
1761620776.6870508,-7,-4,40
1761620776.7260506,-3,-3,36
1761620776.7640507,-6,3,40
1761620776.8000507,-1,0,37
1761620776.837051,1,0,32
1761620776.8750508,1,0,40
1761620776.913051,-8,0,32
1761620776.949051,-10,2,34
1761620776.9860508,0,-3,41
1761620777.0240507,0,-11,35
1761620777.0600507,2,-4,35
1761620777.0980508,-2,2,25
1761620777.1350508,2,9,35
1761620777.1710508,3,0,33
1761620777.2080507,1,4,34
1761620777.245051,7,0,29
1761620777.2810507,7,0,30
1761620777.3180506,-4,3,38
1761620777.3560507,1,-1,36
1761620777.3940508,3,-2,31
1761620777.4300506,-1,-3,38
1761620777.4670508,-1,-2,43
1761620777.505051,-3,-3,33
1761620777.5440507,-3,0,31
1761620777.5800507,-3,-2,37
1761620777.6170506,-6,3,33
1761620777.6550508,-1,-5,35
1761620777.6910508,-5,-2,33
1761620777.7280507,0,-1,30
1761620777.7650506,5,-3,40
1761620777.801051,0,1,36
1761620777.8380508,0,3,34
1761620777.8750508,0,0,35
1761620777.9110508,-1,4,36
1761620777.9480507,0,0,47
1761620777.985051,-2,8,38
1761620778.0210507,-3,6,27
1761620778.0590508,7,0,34
1761620778.097051,1,-2,27
1761620778.1350508,-2,-4,15
1761620778.1710508,-3,-4,27
1761620778.209051,-1,-3,35
1761620778.2470508,3,-2,40
1761620778.2850506,13,-5,31
1761620778.3210506,0,-4,36
1761620778.3580508,-4,-2,43
1761620778.3960507,-2,0,35
1761620778.4350507,-3,-2,53
1761620778.4710507,3,3,43
1761620778.508051,1,-4,33
1761620778.5460508,8,-5,24
1761620778.584051,4,0,26
1761620778.620051,2,0,32
1761620778.6570508,4,-1,34
1761620778.6950507,-3,-5,44
1761620778.7310507,0,-8,43
1761620778.768051,0,3,35
1761620778.8060508,2,-1,37
1761620778.8440506,-3,-3,48
1761620778.880051,3,0,34
1761620778.9170508,1,-4,31
1761620778.9550507,0,-3,39
1761620778.9910507,0,2,31
1761620779.0290508,0,0,40
1761620779.0660508,0,0,29
1761620779.1040506,6,-2,32
1761620779.1400506,1,-10,33
1761620779.1770508,3,-3,26
1761620779.2150507,3,-2,41
1761620779.2510507,3,0,38
1761620779.288051,-1,-3,37
1761620779.3260508,-6,4,39
1761620779.3650508,0,-1,33
1761620779.4010508,-3,-3,31
1761620779.439051,1,-8,35
1761620779.4770508,2,-4,32
1761620779.5160508,8,2,35
1761620779.5520508,8,-4,31
1761620779.5900507,-1,0,36
1761620779.6270506,-7,0,37
1761620779.6650507,-3,-1,35
1761620779.7010508,-5,-3,31
1761620779.7390506,-3,-1,27
1761620779.7770507,-5,0,25
1761620779.8160508,-6,2,34
1761620779.8520508,2,-1,32
1761620779.8890507,1,-7,36
1761620779.9270508,-5,-1,49
1761620779.9660506,-2,0,41
1761620780.0020506,-2,-1,36
1761620780.0390508,1,-9,28
1761620780.0770507,4,-3,39
1761620780.1160507,3,-2,38
1761620780.1520507,4,-4,31
1761620780.189051,1,-10,36
1761620780.2270508,4,1,35
1761620780.2650506,7,1,43
1761620780.301051,1,-2,43
1761620780.3380508,2,-2,37
1761620780.3760507,-7,0,30
1761620780.4120507,-3,-2,31
1761620780.4500508,2,0,27
1761620780.4870508,-11,2,32
1761620780.5260508,0,-7,33
1761620780.5630507,2,-6,34
1761620780.6000507,4,-2,43
1761620780.6370506,0,3,39
1761620780.6750507,-6,-3,36
1761620780.7110507,0,-3,39
1761620780.7480507,-4,-6,29
1761620780.7870507,11,-4,25
1761620780.8250508,7,-7,37
1761620780.8610508,8,-5,34
1761620780.8980508,3,1,29
1761620780.936051,1,-4,39
1761620780.9730508,0,-10,37
1761620781.0100508,5,-7,30
1761620781.0470507,-3,-2,41
1761620781.0860507,3,-1,40
1761620781.1220508,5,-2,30
1761620781.1590507,-5,-4,24
1761620781.1970508,2,-3,28
1761620781.2360508,0,-3,26
1761620781.2720506,-6,-2,32
1761620781.3090508,-2,-3,31
1761620781.347051,2,-4,34
1761620781.3850508,2,0,31
1761620781.4210508,-1,-5,32
1761620781.4580507,5,0,42
1761620781.4960508,-1,-10,38
1761620781.5320508,-2,-2,32
1761620781.5700507,0,-4,34
1761620781.6080508,-7,-4,23
1761620781.6460507,1,-7,40
1761620781.6820507,0,-4,40
1761620781.7200508,-2,3,28
1761620781.7570508,-2,0,31
1761620781.7960508,0,-6,34
1761620781.8320508,-6,-7,30
1761620781.8690507,0,-9,27
1761620781.9070508,-4,-9,35
1761620781.9460506,-7,-4,35
1761620781.982051,2,-2,38
1761620782.0190508,-4,-7,37
1761620782.0570507,-5,2,33
1761620782.0930507,-9,2,40
1761620782.1310508,0,2,41
1761620782.1680508,11,1,38
1761620782.2060506,0,0,28
1761620782.2420506,-7,1,35
1761620782.2790508,-7,-3,29
1761620782.3180506,-1,0,33
1761620782.3560507,8,-2,38
1761620782.3920507,-2,-4,31
1761620782.4290507,2,0,47
1761620782.4670508,2,-12,36
1761620782.5030508,2,-9,40
1761620782.541051,-2,-12,37
1761620782.5790508,2,-14,40
1761620782.6180508,2,-3,30
1761620782.6560507,0,-1,28
1761620782.6920507,3,-5,39
1761620782.7290506,-1,-4,34
1761620782.768051,-2,-2,36
1761620782.8060508,4,-4,27
1761620782.8420508,0,0,33
1761620782.8790507,4,-3,30
1761620782.9180508,0,-8,34
1761620782.9560506,0,0,34
1761620782.9920506,5,0,24
1761620783.0300508,-1,0,42
1761620783.0680506,1,3,43
1761620783.1060507,5,0,28
1761620783.1420507,0,1,30
1761620783.1880507,7,2,33
1761620783.2260506,-6,0,29
1761620783.2620506,-11,-4,33
1761620783.3000507,0,1,31
1761620783.3380508,-2,-3,32
1761620783.3760507,-3,0,33
1761620783.4120507,-3,-1,33
1761620783.4500508,-8,-1,42
1761620783.4890506,-2,-2,40
1761620783.5270507,5,0,43
1761620783.5630507,-2,0,31
1761620783.6000507,7,-4,26
1761620783.6380508,2,-5,35
1761620783.6740508,-3,-2,37
1761620783.7110507,0,3,37
1761620783.7480507,0,5,30
1761620783.7840507,-3,1,36
1761620783.8210506,3,1,38
1761620783.8580508,10,1,44
1761620783.8940508,9,3,35
1761620783.9320507,1,6,45
1761620783.9690506,0,2,36
1761620784.0070508,-1,5,35
1761620784.0430508,4,0,30
1761620784.0800507,0,2,33
1761620784.1180508,2,-6,34
1761620784.1540508,-3,0,26
1761620784.1920507,0,-8,30
1761620784.2290506,0,-4,39
1761620784.268051,2,-1,30
1761620784.3040507,-1,4,28
1761620784.3410506,8,4,31
1761620784.3780508,-13,-1,26
1761620784.4170508,2,-1,47
1761620784.4530506,-1,0,33
1761620784.4900508,-1,8,25
1761620784.528051,4,3,33
1761620784.564051,-2,0,45
1761620784.6010506,-6,1,39
1761620784.6390507,-3,-2,43
1761620784.6780508,2,-1,34
1761620784.7140508,-2,-2,34
1761620784.7510507,2,-4,35
1761620784.7900507,0,-4,40
1761620784.8280506,3,-5,38
1761620784.8640506,-1,-4,39
1761620784.9020507,0,-7,33
1761620784.9400508,1,-12,26
1761620784.9780507,-3,0,41
1761620785.0140507,-5,0,35
1761620785.051051,-6,3,39
1761620785.0890508,-5,3,36
1761620785.1270506,0,1,30
1761620785.163051,-2,-4,34
1761620785.2000508,0,-6,42
1761620785.2380507,1,-2,34
1761620785.2740507,0,4,34
1761620785.311051,-4,3,45
1761620785.3490508,-4,2,27
1761620785.3870506,-1,6,40
1761620785.4230506,1,0,39
1761620785.4600508,-5,-8,38
1761620785.4990506,-6,0,21
1761620785.5370507,-7,0,34
1761620785.5730507,-11,-3,46
1761620785.6110508,-9,1,39
1761620785.6490507,-1,-4,35
1761620785.6870508,-3,0,42
1761620785.7230508,-3,3,30
1761620785.7610507,1,4,31
1761620785.7990508,-3,2,37
1761620785.837051,1,2,32
1761620785.8730507,1,-1,48
1761620785.9100506,-1,-2,35
1761620785.949051,3,3,26
1761620785.985051,1,0,27
1761620786.0230508,-2,1,37
1761620786.0600507,-10,-1,26
1761620786.0990508,-1,-9,30
1761620786.1360507,0,0,32
1761620786.1740508,7,-6,36
1761620786.2110507,6,-2,22
1761620786.2490506,3,-4,28
1761620786.2850506,0,-2,27
1761620786.3220508,-1,3,33
1761620786.360051,-1,1,40
1761620786.3990507,-1,2,28
1761620786.4350507,-2,-1,37
1761620786.4730508,-6,-3,28
1761620786.5110507,0,0,38
1761620786.5490508,3,3,39
1761620786.5850508,4,-1,40
1761620786.6230507,4,-7,36
1761620786.6600506,5,-5,38
1761620786.6980507,0,-4,35
1761620786.7340508,5,-4,30
1761620786.7710507,2,-1,27
1761620786.8090508,4,-6,28
1761620786.8450508,1,-2,33
1761620786.8820508,0,-4,41
1761620786.9210508,2,-3,46
1761620786.959051,7,1,49
1761620786.995051,0,0,44
1761620787.0320508,1,1,43
1761620787.0700507,4,0,42
1761620787.1080508,-2,-8,34
1761620787.1440508,2,-5,34
1761620787.1810508,-3,-1,32
1761620787.2200508,-1,0,33
1761620787.258051,0,-2,47
1761620787.2940507,0,-2,44
1761620787.3310506,-4,7,44
1761620787.370051,0,0,34
1761620787.4080508,1,-4,43
1761620787.4440508,-11,-3,29
1761620787.4810507,-6,-5,27
1761620787.5200508,-3,-8,34
1761620787.5580506,-3,-11,35
1761620787.5940506,-4,-5,32
1761620787.6320508,-3,-12,34
1761620787.6710508,7,-9,34
1761620787.709051,8,-13,45
1761620787.745051,4,-12,41
1761620787.7820508,1,-8,30
1761620787.8210506,2,-6,18
1761620787.8590508,0,-2,31
1761620787.8950508,1,-5,33
1761620787.9320507,0,3,37
1761620787.9700508,-3,1,43
1761620788.0060508,-2,3,41
1761620788.0440507,-3,-3,35
1761620788.0820508,4,-4,32
1761620788.120051,-4,5,33
1761620788.1560507,-7,6,39
1761620788.1930506,-5,0,50
1761620788.2300508,-5,-4,31
1761620788.2690508,-2,1,35
1761620788.3050506,1,4,37
1761620788.3420508,1,4,39
1761620788.380051,-3,-4,40
1761620788.416051,1,-3,27
1761620788.4530506,0,0,32
1761620788.4900508,2,1,34
1761620788.5290508,0,4,35
1761620788.5650508,-6,0,39
1761620788.6020508,-1,-8,45
1761620788.6400506,1,-1,41
1761620788.6790507,2,-5,47
1761620788.7150507,3,-1,30
1761620788.7520506,5,-5,31
1761620788.7900507,9,0,27
1761620788.8260508,2,-4,34
1761620788.8630507,-4,2,36
1761620788.9010508,0,0,36
1761620788.939051,3,-2,34
1761620788.9750507,0,-1,31
1761620789.0120506,1,2,28
1761620789.051051,2,-2,37
1761620789.0890508,1,1,37
1761620789.1250508,0,-5,40
1761620789.163051,1,-2,42
1761620789.2020507,-3,-2,38
1761620789.2400508,1,-2,29
1761620789.2760508,2,-5,23
1761620789.3130507,-2,7,28
1761620789.3510506,-2,-2,27
1761620789.3890507,-3,-6,20
1761620789.4250507,-3,-4,24
1761620789.462051,4,-7,19
1761620789.5010507,0,-5,16
1761620789.5390508,-4,-4,21
1761620789.5750508,-4,0,42
1761620789.6120508,-9,1,31
1761620789.6500506,-7,2,31
1761620789.686051,-6,0,32
1761620789.7230508,0,4,28
1761620789.7610507,0,2,25
1761620789.7990508,-3,0,35
1761620789.8350508,2,-9,42
1761620789.8720508,-5,-5,44
1761620789.9110508,2,-5,22
1761620789.949051,1,-3,27
1761620789.985051,-4,-3,38
1761620790.0220506,0,0,45
1761620790.0600507,0,-1,39
1761620790.0960507,0,0,37
1761620790.133051,-4,-9,28
1761620790.1710508,-1,-1,36
1761620790.2100508,7,-4,31
1761620790.2460508,2,3,28
1761620790.2830508,6,0,38
1761620790.3210506,10,-2,34
1761620790.357051,10,0,40
1761620790.3940508,10,2,32
1761620790.4310508,10,3,27
1761620790.4670508,1,2,33
1761620790.5040507,0,-1,42
1761620790.541051,0,-2,44
1761620790.5800507,-6,2,37
1761620790.6160507,4,0,34
1761620790.653051,-1,4,37
1761620790.6910508,3,6,43
1761620790.7270508,7,0,42
1761620790.7640507,-5,-6,24
1761620790.8020508,-4,0,31
1761620790.8410506,-6,-5,32
1761620790.8770506,5,-5,39
1761620790.9140508,4,-15,40
1761620790.9510508,-6,-5,35
1761620790.9900508,-4,-5,51
1761620791.0270507,2,-3,51
1761620791.064051,4,1,35
1761620791.1020508,8,-2,49
1761620791.1400506,4,-5,48
1761620791.176051,-3,-6,53
1761620791.2130508,0,-7,30
1761620791.2520506,4,-4,35
1761620791.2900507,0,-4,33
1761620791.3260508,6,0,28
1761620791.3630507,-5,-11,23
1761620791.4020507,-1,-7,20
1761620791.4400508,5,3,33
1761620791.4760506,3,-3,24
1761620791.5130508,5,-5,34
1761620791.551051,7,1,34
1761620791.587051,9,0,32
1761620791.6240506,1,-1,32
1761620791.6620507,-2,-1,36
1761620791.7000508,-4,-3,39
1761620791.7360508,7,-4,44
1761620791.7730508,4,-6,26
1761620791.8120508,1,0,25
1761620791.8500507,-1,0,28
1761620791.8860507,5,-4,27
1761620791.9240508,5,-5,26
1761620791.962051,-4,-4,44
1761620792.0000508,-2,0,38
1761620792.0360508,-3,0,41
1761620792.074051,1,-2,35
1761620792.1120508,3,-6,39
1761620792.1500506,3,-1,43
1761620792.186051,1,0,38
1761620792.2240508,-1,3,41
1761620792.2620506,-2,2,37
1761620792.2980506,-3,-3,42
1761620792.3350508,-11,-1,41
1761620792.3730507,-2,-6,37
1761620792.4120507,-2,-6,37
1761620792.4480507,-5,-13,33
1761620792.485051,-2,-8,35
1761620792.5240507,-3,-5,29
1761620792.5620508,-4,-10,33
1761620792.5980508,0,-9,30
1761620792.6350508,5,-8,37
1761620792.6720507,-3,-5,38
1761620792.7110507,-2,0,29
1761620792.7470508,1,-1,38
1761620792.7850506,-2,-3,39
1761620792.8230507,-2,0,30
1761620792.8620508,0,-6,41
1761620792.8980508,-2,-8,34
1761620792.9350507,0,-2,33
1761620792.9730508,0,-2,34
1761620793.0120506,-3,-1,30
1761620793.0480506,-4,0,38
1761620793.0850508,1,-9,37
1761620793.1230507,-1,-5,31
1761620793.1620507,-3,-10,43
1761620793.2060506,6,-1,37
1761620793.245051,6,0,24
1761620793.2830508,0,0,33
1761620793.3210506,-1,-3,24
1761620793.357051,-4,-6,34
1761620793.3940508,-4,-6,30
1761620793.4330506,-2,-3,34
1761620793.4710507,0,1,34
1761620793.5070508,-1,-2,33
1761620793.5450506,-1,4,26
1761620793.5830507,-1,0,33
1761620793.6210508,4,-3,33
1761620793.6570508,0,0,35
1761620793.6940508,-1,3,47
1761620793.732051,0,-6,36
1761620793.768051,1,1,33
1761620793.8050506,-1,-4,34
1761620793.8430507,-3,-3,40
1761620793.8820508,-2,-7,36
1761620793.9180508,0,-5,31
1761620793.9550507,1,0,27
1761620793.9930508,-1,3,23
1761620794.0310507,5,4,38
1761620794.0670507,0,2,15
1761620794.1040506,-5,0,32
1761620794.1420507,-5,3,28
1761620794.1780508,3,-5,29
1761620794.2160506,-2,-2,38
1761620794.2540507,0,-2,33
1761620794.2930508,-3,-2,24
1761620794.3310506,-3,-3,34
1761620794.3670506,-4,-3,30
1761620794.4040508,-3,-1,30
1761620794.4430506,2,-4,23
1761620794.4810507,-3,-2,35
1761620794.5170507,0,-1,43
1761620794.5550506,0,-6,36
1761620794.5930507,4,-4,37
1761620794.6290507,2,-2,31
1761620794.666051,-4,-1,41
1761620794.7050507,3,-3,38
1761620794.7430508,5,-6,31
1761620794.7790508,3,1,35
1761620794.8160508,5,0,26
1761620794.8530507,-1,2,40
1761620794.8920507,3,1,37
1761620794.9280508,6,6,37
1761620794.9650507,-2,4,36
1761620795.0030508,0,-3,23
1761620795.0390508,-3,4,30
1761620795.0760508,1,2,25
1761620795.1130507,-2,-2,25
1761620795.1520507,-7,-2,25
1761620795.1880507,-1,0,37
1761620795.2250507,2,-9,44
1761620795.2630508,1,0,42
1761620795.2990508,-1,0,40
1761620795.337051,-6,-2,32
1761620795.3750508,-4,0,32
1761620795.4140508,-4,6,27
1761620795.4520507,0,1,24
1761620795.4880507,5,0,25
1761620795.5250506,0,-3,35
1761620795.564051,-5,-5,38
1761620795.6020508,0,0,41
1761620795.6380508,0,6,39
1761620795.6750507,2,-1,43
1761620795.7140508,1,-3,31
1761620795.7520506,-9,-2,27
1761620795.788051,5,-1,34
1761620795.8260508,0,0,45
1761620795.8640506,0,-4,36
1761620795.9020507,2,-7,37
1761620795.9380507,2,-2,30
1761620795.9750507,0,-4,26
1761620796.0140507,2,-6,36
1761620796.0520508,-5,-11,36
1761620796.0880508,2,-3,33
1761620796.1260507,4,0,36
1761620796.1640508,0,-2,37
1761620796.2020507,2,-10,38
1761620796.2380507,-3,-4,36
1761620796.2760508,-8,-4,36
1761620796.314051,1,-6,31
1761620796.3520508,0,-6,47
1761620796.3880508,-6,-3,35
1761620796.426051,-3,-1,30
1761620796.4640508,4,2,22
1761620796.5020506,1,0,19
1761620796.538051,2,1,20
1761620796.5760508,0,2,34
1761620796.6140506,6,0,49
1761620796.6500506,3,-1,42
1761620796.6870508,0,-5,39
1761620796.7240508,2,-3,29
1761620796.7600508,-2,-3,24
1761620796.7970507,-7,0,30
1761620796.834051,-1,-6,21
1761620796.8730507,1,-4,19
1761620796.9090507,0,0,34
1761620796.9470508,2,3,38
1761620796.9840508,2,2,32
1761620797.0200508,-12,-5,34
1761620797.0580506,0,-6,34
1761620797.0950508,-8,-8,32
1761620797.1340508,-2,-3,31
1761620797.1700506,-5,0,30
1761620797.2080507,0,-4,35
1761620797.245051,0,-2,37
1761620797.2840507,1,-3,21
1761620797.3200507,-4,-5,25
1761620797.3580508,0,-3,29
1761620797.3950508,0,1,22
1761620797.4330506,-1,-2,32
1761620797.4690506,-3,0,28
1761620797.5060508,0,0,41
1761620797.5440507,5,0,32
1761620797.5800507,7,-1,33
1761620797.6170506,1,-3,35
1761620797.6550508,-2,-3,46
1761620797.6930506,-8,-6,42
1761620797.7290506,-7,-4,38
1761620797.7670507,-11,-9,30
1761620797.8050506,-2,-1,32
1761620797.8430507,5,4,36
1761620797.8790507,4,2,37
1761620797.916051,4,1,36
1761620797.9540508,5,-2,28
1761620797.9900508,0,-2,34
1761620798.0270507,-3,-3,41
1761620798.0650508,-4,-1,31
1761620798.1040506,2,1,40
1761620798.1400506,5,-6,37
1761620798.1770508,0,-6,49
1761620798.2150507,-5,0,51
1761620798.2530508,2,-5,41
1761620798.2890508,2,-9,39
1761620798.3260508,1,5,37
1761620798.3640506,1,-4,42
1761620798.4000506,2,-7,37
1761620798.4370508,4,-7,48
1761620798.4750507,-1,-5,36
1761620798.5140507,0,-13,41
1761620798.5500507,7,-1,40
1761620798.587051,-6,-4,31
1761620798.6250508,3,6,29
1761620798.663051,0,0,30
1761620798.699051,2,0,19
1761620798.7360508,1,0,28
1761620798.7740507,0,-3,36
1761620798.8100507,0,-5,31
1761620798.8480508,4,-6,39
1761620798.8850508,0,-4,50
1761620798.9210508,3,-4,36
1761620798.9580507,-5,-1,39
1761620798.9960508,0,-9,36
1761620799.0340507,0,-5,34
1761620799.0700507,-1,-3,34
1761620799.107051,1,-1,42
1761620799.1450508,-3,3,35
1761620799.1840508,0,0,36
1761620799.2200508,-4,8,26
1761620799.2570508,-4,4,37
1761620799.2950506,-2,-6,38
1761620799.3310506,-4,-3,26
1761620799.3680508,-4,0,41
1761620799.4050508,-5,-4,37
1761620799.4440508,-5,0,37
1761620799.4800508,0,-3,35
1761620799.5170507,4,-7,41
1761620799.5550506,4,-3,27
1761620799.5940506,5,-5,46
1761620799.630051,0,0,33
1761620799.6670508,3,-3,36
1761620799.7050507,0,-4,39
1761620799.7410507,-3,1,38
1761620799.778051,-2,-4,40
1761620799.8160508,-3,1,35
1761620799.8540506,-3,-5,50
1761620799.8900506,0,-6,25
1761620799.9270508,-4,-1,34
1761620799.9660506,-5,-4,39
1761620800.0040507,-3,-4,28
1761620800.0400507,-6,-2,36
1761620800.0770507,0,0,33
1761620800.1150508,4,-7,33
1761620800.1510508,0,-4,37
1761620800.1880507,0,-2,33
1761620800.2260506,-1,-4,41
1761620800.2650506,2,-9,36
1761620800.301051,4,-4,40
1761620800.3380508,-5,0,44
1761620800.3760507,-3,-6,39
1761620800.4150507,-2,-6,43
1761620800.4510508,7,-2,41
1761620800.4880507,-2,-5,37
1761620800.5260508,-3,-6,35
1761620800.5650508,0,-7,44
1761620800.6010506,2,-3,32
1761620800.6390507,-3,-4,37
1761620800.676051,1,0,40
1761620800.7140508,-6,-2,24
1761620800.7500508,-2,0,29
1761620800.788051,-6,-2,28
1761620800.8260508,-4,-5,37
1761620800.8650508,-4,0,47
1761620800.9010508,-5,0,44
1761620800.9380507,-3,-4,39
1761620800.9760506,0,-3,26
1761620801.0120506,-7,0,28
1761620801.0500507,2,-9,27
1761620801.0880508,7,-4,42
1761620801.1260507,-7,-2,39
1761620801.1650507,-2,-5,25
1761620801.2010508,0,0,30
1761620801.2380507,3,-5,30
1761620801.2760508,4,-6,31
1761620801.3120508,5,7,29
1761620801.3490508,0,-1,20
1761620801.3870506,-2,-2,16
1761620801.426051,8,0,26
1761620801.462051,0,-3,34
1761620801.4990506,4,6,35
1761620801.5360508,1,-1,33
1761620801.5720508,3,-6,32
1761620801.6090508,4,-1,25
1761620801.6470506,3,0,33
1761620801.6850507,-5,4,41
1761620801.7210507,-5,1,36
1761620801.758051,-8,2,34
1761620801.7960508,-5,-1,37
1761620801.8350508,2,-1,23
1761620801.8710508,0,1,32
1761620801.9080508,-1,0,32
1761620801.9460506,-1,-7,42
1761620801.982051,-2,-6,32
1761620802.0190508,6,-8,38
1761620802.0570507,5,-7,25
1761620802.0950508,-5,-8,25
1761620802.1310508,-3,-5,17
1761620802.1690507,0,-12,27
1761620802.2070508,3,-8,21
1761620802.245051,-3,-1,28
1761620802.2810507,-6,3,32
1761620802.3190508,-1,0,32
1761620802.357051,0,0,28
1761620802.3950508,5,6,32
1761620802.4310508,6,-3,39
1761620802.4680507,-1,-8,36
1761620802.5070508,0,-4,33
1761620802.5450506,7,-1,30
1761620802.5810506,0,-1,40
1761620802.6180508,-2,-1,43
1761620802.6570508,-11,-4,36
1761620802.6950507,-2,5,27
1761620802.7310507,4,-2,22
1761620802.7690508,-3,-9,40
1761620802.8080506,-1,0,44
1761620802.8460507,-3,4,50
1761620802.8820508,0,-4,47
1761620802.9190507,-1,0,33
1761620802.9570508,-2,2,41
1761620802.995051,0,0,40
1761620803.0310507,0,0,43
1761620803.0680506,0,0,39
1761620803.1060507,4,2,35
1761620803.1420507,0,7,32
1761620803.1790507,3,6,38
1761620803.2250507,2,4,51
1761620803.2610507,4,-4,46
1761620803.2980506,-1,-10,39
1761620803.337051,8,-7,31
1761620803.3730507,1,-2,42
1761620803.4100506,0,3,34
1761620803.4480507,3,0,39
1761620803.4860508,0,10,45
1761620803.5220506,7,4,34
1761620803.5600507,0,2,36
1761620803.5980508,1,-3,35
1761620803.6360507,6,-2,33
1761620803.6720507,7,-4,35
1761620803.7100508,-5,-5,37
1761620803.7490506,-3,-2,36
1761620803.7870507,-2,2,34
1761620803.8230507,-4,0,36
1761620803.860051,6,-2,38
1761620803.8970506,3,-4,30
1761620803.9330506,-4,-1,38
1761620803.9700508,-5,3,32
1761620804.0070508,0,0,33
1761620804.0430508,-6,0,35
1761620804.0800507,-5,4,26
1761620804.1180508,-5,4,40
1761620804.1570508,0,-1,35
1761620804.1930506,3,-11,34
1761620804.2310507,5,-1,38
1761620804.268051,-1,-2,32
1761620804.3070507,7,0,35
1761620804.3430507,11,0,37
1761620804.380051,2,-6,41
1761620804.4180508,-1,-7,33
1761620804.4570508,2,-6,26
1761620804.4930508,-3,-5,25
1761620804.5310507,-2,-9,30
1761620804.5690508,-1,-4,35
1761620804.6080508,5,-7,34
1761620804.6460507,4,5,33
1761620804.6820507,7,-4,33
1761620804.7190506,6,-1,29
1761620804.7570508,1,-1,42
1761620804.7930508,0,-12,36
1761620804.8310506,-2,2,40
1761620804.8690507,-9,-2,45
1761620804.9080508,-4,3,40
1761620804.9460506,-6,0,41
1761620804.9830508,0,-4,35
1761620805.0200508,1,-2,35
1761620805.0580506,-2,0,34
1761620805.0960507,0,2,33
1761620805.1320508,-1,-5,36
1761620805.1690507,-6,-9,39
1761620805.2080507,-4,-5,34
1761620805.2460508,-7,2,34
1761620805.2820508,-5,0,42
1761620805.3200507,-14,1,37
1761620805.3580508,-7,-3,42
1761620805.3970506,0,-5,46
1761620805.4330506,2,-2,43
1761620805.4700508,2,4,34
1761620805.508051,-2,0,27
1761620805.5440507,-1,0,32
1761620805.5810506,-5,-1,46
1761620805.6190507,-8,2,43
1761620805.6580508,2,0,37
1761620805.6940508,4,-2,38
1761620805.7310507,0,-5,30
1761620805.7690508,0,2,35
1761620805.8070507,5,1,17
1761620805.8430507,10,5,24
1761620805.880051,0,1,33
1761620805.9180508,0,-2,24
1761620805.9540508,0,1,31
1761620805.9910507,-1,-8,31
1761620806.0290508,-1,-7,36
1761620806.0680506,1,-4,37
1761620806.1040506,2,-5,40
1761620806.1410508,6,-4,31
1761620806.1790507,0,-2,29
1761620806.2170508,-6,0,39
1761620806.2530508,-2,0,41
1761620806.2900507,0,0,43
1761620806.3280506,3,-3,35
1761620806.3640506,2,1,18
1761620806.4010508,3,-5,26
1761620806.439051,3,-1,30
1761620806.4780507,3,-2,34
1761620806.5140507,6,-5,18
1761620806.551051,3,-2,31
1761620806.5890508,0,-1,38
1761620806.6270506,6,1,44
1761620806.663051,-1,-3,47
1761620806.7000508,-3,-2,39
1761620806.7390506,-2,0,31
1761620806.7770507,-5,-2,37
1761620806.8130507,-1,-1,29
1761620806.8510506,-4,3,36
1761620806.8890507,0,-5,29
1761620806.9270508,5,-2,32
1761620806.9630508,0,-1,52
1761620807.0010507,0,7,36
1761620807.0390508,5,2,26
1761620807.0770507,0,1,18
1761620807.1130507,0,0,16
1761620807.1510508,-5,-1,40
1761620807.189051,-4,0,37
1761620807.2280507,-1,0,30
1761620807.2640507,-1,-2,34
1761620807.301051,-1,-1,33
1761620807.3390508,-1,2,47
1761620807.3780508,-4,-7,44
1761620807.4140508,0,-5,46
1761620807.4510508,0,3,33
1761620807.4890506,-2,-4,34
1761620807.528051,4,-4,41
1761620807.564051,0,-7,30
1761620807.6010506,9,3,35
1761620807.6390507,-4,0,40
1761620807.6750507,-4,-4,43
1761620807.712051,0,5,41
1761620807.7490506,-3,4,41
1761620807.7850506,-1,4,29
1761620807.8220508,2,-3,33
1761620807.860051,1,-4,35
1761620807.8980508,0,-4,39
1761620807.9340508,-8,0,41
1761620807.9710507,-9,-5,38
1761620808.0090508,-4,0,38
1761620808.0480506,2,-3,36
1761620808.084051,4,-7,40
1761620808.1210508,4,-2,26
1761620808.1590507,7,-3,26
1761620808.1950507,9,-7,28
1761620808.232051,6,-1,31
1761620808.2690508,1,0,20
1761620808.3050506,3,1,19
1761620808.3430507,-1,-2,29
1761620808.3820508,-4,-1,29
1761620808.4190507,-3,-8,43
1761620808.4580507,0,1,38
1761620808.4940507,-2,2,28
1761620808.5320508,1,1,38
1761620808.5700507,1,0,23
1761620808.6080508,7,-4,35
1761620808.6440508,-6,-7,39
1761620808.6810508,-5,-11,30
1761620808.7200508,-3,2,37
1761620808.758051,-3,-7,39
1761620808.7940507,0,-2,24
1761620808.8320508,-6,-5,30
1761620808.870051,0,3,29
1761620808.9080508,-7,2,37
1761620808.9440508,-2,-2,40
1761620808.982051,5,-4,30
1761620809.0200508,2,-11,43
1761620809.0580506,0,-9,31
1761620809.0940506,0,-3,35
1761620809.1310508,5,-3,21
1761620809.1700506,-3,-2,29
1761620809.2080507,1,-5,35
1761620809.2440507,-2,-1,39
1761620809.2820508,-1,-2,42
1761620809.3200507,-1,0,49
1761620809.3580508,0,-6,45
1761620809.3940508,2,-8,38
1761620809.4320507,0,-8,36
1761620809.4700508,-1,2,30
1761620809.508051,-5,1,27
1761620809.5440507,-4,0,32
1761620809.5820508,-2,-2,24
1761620809.620051,7,-13,21
1761620809.6580508,2,-4,31
1761620809.6940508,0,0,38
1761620809.732051,0,-2,30
1761620809.7700508,-5,-4,26
1761620809.8060508,-8,3,17
1761620809.8440506,-3,-3,40
1761620809.8820508,-3,-4,50
1761620809.9200506,2,-3,30
1761620809.9560506,1,0,22
1761620809.9940507,2,-1,33
1761620810.0310507,5,-10,31
1761620810.0690508,0,0,35
1761620810.1050508,3,-1,30
1761620810.1420507,6,-2,33
1761620810.1800506,6,2,42
1761620810.2160506,7,-2,46
1761620810.2530508,-1,2,38
1761620810.2900507,-3,-1,32
1761620810.3290508,-5,-3,27
1761620810.3650508,-2,2,35
1761620810.4020507,0,1,39
1761620810.4400508,0,3,35
1761620810.4760506,-6,3,28
1761620810.5130508,0,-3,19
1761620810.551051,-8,1,30
1761620810.5890508,-15,7,40
1761620810.6260507,-5,5,29
1761620810.663051,-1,-2,25
1761620810.7010508,0,-3,34
1761620810.7390506,-2,0,46
1761620810.7750506,0,-2,46
1761620810.8130507,3,-10,52
1761620810.8510506,-3,0,56
1761620810.8890507,0,-1,43
1761620810.9250507,1,-2,38
1761620810.962051,0,-1,53
1761620811.0010507,3,-3,41
1761620811.0390508,3,-7,42
1761620811.0750508,6,-9,45
1761620811.1140506,10,-8,46
1761620811.1510508,0,-2,30
1761620811.189051,-1,-5,37
1761620811.2250507,-6,-1,43
1761620811.2620506,0,-1,39
1761620811.301051,0,-11,22
1761620811.3390508,-7,-6,33
1761620811.3750508,-2,-4,26
1761620811.4120507,-2,0,34
1761620811.4500508,-1,1,19
1761620811.4860508,0,0,39
1761620811.5230508,0,-1,45
1761620811.561051,-2,-6,33
1761620811.5990508,0,-2,28
1761620811.6350508,0,0,31
1761620811.6720507,-3,0,45
1761620811.7110507,-5,3,38
1761620811.7490506,0,3,41
1761620811.7850506,6,-2,32
1761620811.8220508,13,2,29
1761620811.860051,4,8,39
1761620811.8960507,3,0,41
1761620811.9330506,0,0,30
1761620811.9710507,5,-6,26
1761620812.0070508,2,-7,30
1761620812.0440507,-3,-4,32
1761620812.0820508,0,-3,45
1761620812.120051,3,-1,32
1761620812.1560507,0,2,33
1761620812.1930506,4,0,35
1761620812.2310507,-6,-4,39
1761620812.2670507,0,0,48
1761620812.3040507,-3,-3,53
1761620812.3420508,3,0,51
1761620812.380051,-1,4,43
1761620812.416051,-9,0,31
1761620812.4530506,-3,4,36
1761620812.4910507,-3,-3,45
1761620812.5300508,-1,-1,46
1761620812.5660508,-6,1,41
1761620812.6030507,-1,-1,36
1761620812.6410508,-7,-10,26
1761620812.6800506,-3,-7,31
1761620812.7160506,0,-2,36
1761620812.7530508,3,-2,34
1761620812.7920508,-5,-3,42
1761620812.8300507,0,-3,41
1761620812.8660507,3,-2,35
1761620812.903051,2,0,45
1761620812.9410508,2,-2,36
1761620812.9770508,-2,-3,42
1761620813.0150506,4,-2,38
1761620813.0520508,0,-3,45
1761620813.0900507,0,-4,28
1761620813.1260507,-6,-2,32
1761620813.163051,-1,-2,44
1761620813.2020507,-2,3,35
1761620813.2460508,-5,-6,25
1761620813.2840507,0,-7,27
1761620813.3220508,0,-6,30
1761620813.360051,-6,-1,27
1761620813.3960507,-3,3,29
1761620813.4330506,0,3,48
1761620813.4710507,4,0,50
1761620813.5070508,-5,-1,37
1761620813.5440507,-3,-1,31
1761620813.5830507,10,-1,42
1761620813.6210508,6,5,35
1761620813.6570508,0,0,34
1761620813.6940508,-1,-2,41
1761620813.732051,-3,2,39
1761620813.7710507,3,1,38
1761620813.8070507,0,0,41
1761620813.8440506,0,-9,37
1761620813.8820508,-3,-7,29
1761620813.9200506,1,-2,25
1761620813.9560506,-1,-2,20
1761620813.9940507,3,-5,34
1761620814.0320508,0,-7,36
1761620814.0680506,-1,-6,41
1761620814.1050508,5,-4,26
1761620814.1420507,0,-1,22
1761620814.1810508,6,4,20
1761620814.2170508,8,5,20
1761620814.2540507,2,7,29
1761620814.2920508,-2,0,28
1761620814.3280506,4,0,29
1761620814.3660507,3,2,36
1761620814.4040508,-5,-2,42
1761620814.4420507,0,-7,35
1761620814.4780507,0,-6,37
1761620814.5150506,5,-4,32
1761620814.5520508,3,-2,30
1761620814.5880508,0,-1,36
1761620814.6250508,-2,-3,48
1761620814.663051,-2,-6,31
1761620814.7020507,-1,0,39
1761620814.7380507,-7,-2,26
1761620814.7750506,-4,0,33
1761620814.8130507,5,3,38
1761620814.8510506,-4,5,40
1761620814.8870506,-6,1,36
1761620814.9240508,1,-3,20
1761620814.962051,6,2,29
1761620814.9980507,7,2,28
1761620815.0350506,0,-6,40
1761620815.0730507,7,0,44
1761620815.1110508,2,1,43
1761620815.1470506,-1,1,40
1761620815.1840508,4,2,30
1761620815.2230508,-2,3,36
1761620815.2610507,-1,-4,43
1761620815.2970507,0,0,39
1761620815.334051,0,0,31
1761620815.3730507,-2,-2,36
1761620815.4110508,-7,-4,33
1761620815.4470508,-2,-3,32
1761620815.4840508,-1,2,43
1761620815.5230508,3,10,40
1761620815.561051,0,-1,41
1761620815.597051,0,4,42
1761620815.6340508,-1,0,50
1761620815.6730506,1,1,33
1761620815.7110507,-3,-3,38
1761620815.7470508,5,1,30
1761620815.7840507,0,-8,33
1761620815.8230507,-7,-7,40
1761620815.8610508,4,-1,36
1761620815.8970506,-3,-2,41
1761620815.9340508,-5,-1,41
1761620815.9730508,1,-6,37
1761620816.0110507,-4,0,27
1761620816.0470507,-3,1,33
1761620816.084051,0,0,51
1761620816.1220508,3,-3,36
1761620816.1580508,2,0,32
1761620816.1960506,-2,1,44
1761620816.2340508,5,-7,37
1761620816.2720506,-2,-2,37
1761620816.3080506,-4,-4,33
1761620816.3460507,-1,-6,29
1761620816.3840508,1,0,23
1761620816.4220507,1,5,28
1761620816.4580507,1,-1,27
1761620816.4970508,3,-1,31
1761620816.5340507,1,5,23
1761620816.5720508,8,0,27
1761620816.6080508,10,-4,33
1761620816.6460507,3,-2,35
1761620816.6840508,0,0,33
1761620816.722051,6,-1,60
1761620816.758051,-3,-2,52
1761620816.7950506,0,0,33
1761620816.8330507,2,1,30
1761620816.8690507,1,9,38
1761620816.9060507,-4,5,26
1761620816.9430506,0,-5,36
1761620816.982051,8,-5,39
1761620817.0190508,3,-2,32
1761620817.0560508,1,-1,30
1761620817.0930507,-3,-7,37
1761620817.1320508,1,-3,26
1761620817.1680508,4,-6,31
1761620817.2050507,-2,5,45
1761620817.2440507,-4,6,32
1761620817.2820508,-1,4,29
1761620817.3180506,-1,4,28
1761620817.3550508,1,-3,39
1761620817.393051,2,3,46
1761620817.4290507,-3,5,50
1761620817.4660506,0,-1,44
1761620817.5040507,0,-2,45
1761620817.5420508,5,-8,41
1761620817.5780506,1,-1,38
1761620817.6150508,-3,5,39
1761620817.653051,1,2,40
1761620817.689051,-5,2,40
1761620817.7260506,-3,0,22
1761620817.7640507,2,3,36
1761620817.8020508,-5,1,34
1761620817.8380508,4,1,38
1761620817.8760507,-5,-3,35
1761620817.9140508,7,5,37
1761620817.9520507,6,-1,47
1761620817.9880507,10,-5,24
1761620818.0250506,2,-6,26
1761620818.0630507,0,1,31
1761620818.0990508,1,2,29
1761620818.1360507,-2,-1,35
1761620818.1740508,-1,-2,40
1761620818.2130508,7,-4,34
1761620818.2490506,2,5,33
1761620818.2860508,2,0,27
1761620818.324051,4,-1,39
1761620818.3620508,8,0,37
1761620818.3980508,3,0,45
1761620818.4350507,-2,6,39
1761620818.4730508,-9,8,32
1761620818.5090508,0,5,44
1761620818.5460508,3,-2,41
1761620818.584051,-2,0,46
1761620818.6230507,0,-3,37
1761620818.6590507,0,2,41
1761620818.6960506,-7,3,41
1761620818.7340508,0,-2,28
1761620818.7700508,2,2,34
1761620818.8070507,6,0,42
1761620818.8440506,0,1,45
1761620818.880051,0,-4,27
1761620818.9180508,2,-7,36
1761620818.9550507,1,-2,46
1761620818.9930508,0,4,48
1761620819.0290508,3,0,42
1761620819.0670507,6,-5,27
1761620819.1040506,-5,-5,34
1761620819.143051,4,0,32
1761620819.1790507,0,-5,27
1761620819.2170508,2,-6,25
1761620819.2540507,2,4,30
1761620819.2900507,4,1,44
1761620819.3270507,-6,0,38
1761620819.3650508,0,-1,38
1761620819.403051,8,2,41
1761620819.439051,4,5,46
1761620819.4760506,1,1,40
1761620819.5140507,-1,7,44
1761620819.5500507,-4,1,42
1761620819.587051,6,2,43
1761620819.6250508,9,-1,30
1761620819.663051,0,0,30
1761620819.699051,4,-7,28
1761620819.7370508,0,-2,30
1761620819.7750506,1,-4,37
1761620819.8130507,-3,-5,38
1761620819.8490508,-1,-5,31
1761620819.8870506,1,0,37
1761620819.9250507,1,0,37
1761620819.9630508,10,-4,42
1761620819.9990506,2,-1,48
1761620820.0360508,-1,-5,40
1761620820.0750508,-1,-6,41
1761620820.1130507,-2,-5,35
1761620820.1490507,-4,0,33
1761620820.186051,-11,-5,43
1761620820.2250507,0,-1,35
1761620820.2630508,-3,-8,41
1761620820.2990508,2,-4,41
1761620820.3360507,-5,-6,42
1761620820.3750508,-2,-3,39
1761620820.413051,-4,-2,29
1761620820.449051,0,5,29
1761620820.4860508,-2,-1,30
1761620820.5250506,-5,2,30
1761620820.5630507,-4,0,45
1761620820.5990508,3,0,42
1761620820.6360507,1,-1,32
1761620820.6750507,2,1,29
1761620820.7110507,-4,0,40
1761620820.7490506,0,2,38
1761620820.7860508,0,3,31
1761620820.824051,-2,0,38
1761620820.860051,-2,3,48
1761620820.8970506,-4,-1,42
1761620820.936051,1,-5,50
1761620820.9740508,-3,-6,32
1761620821.0100508,2,1,36
1761620821.0470507,7,-2,33
1761620821.0850508,0,0,26
1761620821.1210508,0,-1,23
1761620821.1580508,3,5,26
1761620821.1950507,-2,4,30
1761620821.2340508,1,-6,36
1761620821.2700508,9,-2,33
1761620821.3070507,1,2,33
1761620821.3450508,4,5,38
1761620821.3810508,4,-1,30
1761620821.4190507,6,3,38
1761620821.4560506,4,4,32
1761620821.4940507,8,5,24
1761620821.5300508,3,0,47
1761620821.5670507,8,1,36
1761620821.6050508,6,0,40
1761620821.6410508,5,0,34
1761620821.6780508,2,-4,31
1761620821.7160506,-3,-6,25
1761620821.7540507,-4,-3,29
1761620821.7900507,4,-7,40
1761620821.8270507,3,-4,25
1761620821.8650508,7,-2,28
1761620821.9010508,11,-2,29
1761620821.9380507,13,0,33
1761620821.9760506,8,2,43
1761620822.0140507,-1,3,41
1761620822.0500507,-1,-2,37
1761620822.0890508,0,-4,41
1761620822.1260507,-4,-2,37
1761620822.1650507,3,0,42
1761620822.2010508,6,1,41
1761620822.2390506,10,1,44
1761620822.2760508,-4,-6,44
1761620822.3150508,2,-4,39
1761620822.3510506,3,0,37
1761620822.3880508,7,0,35
1761620822.426051,3,-3,34
1761620822.4640508,0,-2,41
1761620822.5000508,0,0,26
1761620822.5370507,-8,-3,31
1761620822.5760508,-8,-5,32
1761620822.6140506,-1,-8,31
1761620822.6500506,8,-7,48
1761620822.6870508,2,-7,49
1761620822.7250507,0,-3,35
1761620822.7610507,0,-1,26
1761620822.7980506,3,-6,20
1761620822.8360507,-4,-2,36
1761620822.8720508,-4,-2,35
1761620822.9090507,-4,0,35
1761620822.9460506,-4,2,33
1761620822.982051,-6,-2,40
1761620823.0190508,3,0,47
1761620823.0560508,0,1,44
1761620823.0920508,0,0,35
1761620823.1290507,4,0,29
1761620823.1670508,0,-2,26
1761620823.2060506,6,2,36
1761620823.2510507,5,0,34
1761620823.288051,3,-2,40
1761620823.3260508,-1,-6,51
1761620823.3650508,7,-3,43
1761620823.4010508,8,-2,35
1761620823.4380507,10,2,34
1761620823.4760506,3,1,45
1761620823.5120506,-1,-4,34
1761620823.5500507,0,-4,27
1761620823.5880508,-5,-2,39
1761620823.6260507,-4,-5,39
1761620823.6650507,-5,1,43
1761620823.7010508,0,3,44
1761620823.7380507,-2,-1,35
1761620823.7770507,-3,0,38
1761620823.8150508,-2,0,45
1761620823.8510506,5,-1,48
1761620823.8880508,2,3,36
1761620823.926051,-1,-5,26
1761620823.962051,5,-4,20
1761620823.9990506,1,-4,32
1761620824.0370507,-1,-1,26
1761620824.0750508,0,-9,36
1761620824.1110508,0,-9,43
1761620824.1490507,-7,0,36
1761620824.1870508,-1,0,36
1761620824.2250507,0,3,41
1761620824.2610507,6,0,44
1761620824.2990508,-1,-7,47
1761620824.337051,-4,-3,45
1761620824.3760507,-3,4,33
1761620824.4120507,0,3,34
1761620824.449051,-4,-3,33
1761620824.4880507,-1,-3,36
1761620824.5260508,-1,0,30
1761620824.5620508,-1,1,18
1761620824.5990508,1,1,19
1761620824.6370506,2,-7,37
1761620824.6750507,-2,3,34
1761620824.7110507,-1,0,30
1761620824.7480507,1,0,35
1761620824.7860508,1,0,34
1761620824.8230507,5,-6,27
1761620824.860051,-2,-1,29
1761620824.8980508,-3,-2,34
1761620824.9370508,5,-2,41
1761620824.9730508,0,-2,32
1761620825.0100508,-3,-2,41
1761620825.0480506,-3,-1,49
1761620825.087051,-3,5,28
1761620825.1230507,-6,-1,33
1761620825.1600506,-7,-5,35
1761620825.1980507,4,-12,33
1761620825.2370508,-4,-6,30
1761620825.2730508,3,-4,31
1761620825.3100507,1,-3,48
1761620825.3480508,-3,-2,31
1761620825.3870506,-3,3,35
1761620825.4230506,1,0,37
1761620825.4600508,-1,-1,34
1761620825.4980507,0,-6,33
1761620825.5360508,4,1,28
1761620825.5720508,-1,-3,33
1761620825.610051,2,-4,35
1761620825.6480508,1,-4,35
1761620825.686051,3,-4,45
1761620825.722051,3,0,41
1761620825.7590508,0,-1,40
1761620825.7970507,-3,-4,31
1761620825.8330507,0,-3,35
1761620825.870051,2,-2,55
1761620825.9080508,-2,-2,48
1761620825.9470508,-7,0,37
1761620825.9830508,0,-2,35
1761620826.0200508,-3,7,25
1761620826.0580506,5,7,32
1761620826.0960507,6,3,31
1761620826.1320508,0,7,35
1761620826.1700506,0,3,38
1761620826.2080507,-1,-2,30
1761620826.2460508,-2,-9,32
1761620826.2820508,-5,-2,41
1761620826.3200507,0,-4,43
1761620826.3580508,-3,-3,48
1761620826.3960507,-3,2,44
1761620826.4320507,2,4,42
1761620826.4700508,0,3,36
1761620826.508051,-3,-1,32
1761620826.5460508,1,1,25
1761620826.5820508,4,0,27
1761620826.6190507,9,-2,31
1761620826.6580508,0,0,39
1761620826.6960506,-9,4,36
1761620826.732051,-5,1,34
1761620826.7700508,5,1,43
1761620826.8080506,-1,0,44
1761620826.8460507,1,-6,40
1761620826.8820508,1,-4,39
1761620826.9200506,-6,-8,49
1761620826.9580507,0,-7,38
1761620826.9960508,-2,-8,32
1761620827.0320508,3,-8,24
1761620827.0700507,0,-6,45
1761620827.1080508,-5,-6,40
1761620827.1440508,-4,-5,42
1761620827.1820507,-5,-3,36
1761620827.2200508,-2,-3,37
1761620827.258051,3,0,33
1761620827.2950506,-7,0,34
1761620827.3320508,-2,5,45
1761620827.3690507,-2,0,46
1761620827.4070508,3,3,38
1761620827.4430506,-2,-1,43
1761620827.4800508,-9,4,45
1761620827.518051,0,-6,40
1761620827.5540507,-4,0,43
1761620827.5910506,-1,-4,27
1761620827.6290507,0,-3,28
1761620827.6680508,-6,-3,34
1761620827.7040508,-4,-9,33
1761620827.7420506,-1,-7,33
1761620827.7800508,4,-11,41
1761620827.8180506,-7,-9,32
1761620827.857051,-8,-6,35
1761620827.893051,-8,3,44
1761620827.9300506,5,4,43
1761620827.9680507,2,0,44
1761620828.0040507,0,-5,41
1761620828.041051,8,1,34
1761620828.0790508,-2,-1,33
1761620828.1170506,-1,1,40
1761620828.153051,-6,0,33
1761620828.1900508,2,2,37
1761620828.2280507,-2,2,37
1761620828.2640507,-1,0,30
1761620828.301051,2,-2,28
1761620828.3390508,-9,-9,33
1761620828.3780508,0,-5,25
1761620828.4140508,-8,1,25
1761620828.4520507,-1,-1,39
1761620828.4890506,0,-3,41
1761620828.5270507,-3,1,47
1761620828.5630507,3,-4,42
1761620828.6000507,4,3,37
1761620828.6380508,-2,-3,47
1761620828.6740508,-4,-2,34
1761620828.7110507,1,0,34
1761620828.7490506,-8,0,45
1761620828.7870507,6,-4,39
1761620828.8230507,9,-1,42
1761620828.860051,1,-2,31
1761620828.8990507,2,5,33
1761620828.9370508,6,4,38
1761620828.9730508,2,-1,33
1761620829.0100508,-2,1,43
1761620829.0480506,-6,-4,50
1761620829.084051,7,-6,31
1761620829.1210508,2,-3,32
1761620829.1590507,0,0,43
1761620829.1970508,1,-2,28
1761620829.2330508,-3,-9,27
1761620829.2700508,4,-5,33
1761620829.3080506,10,-6,26
1761620829.3440506,6,0,44
1761620829.3810508,7,-5,45
1761620829.4190507,0,-6,37
1761620829.4550507,2,-1,38
1761620829.4920506,-2,1,37
1761620829.5290508,0,4,34
1761620829.5650508,0,0,39
1761620829.6020508,-1,8,37
1761620829.6400506,-4,1,37
1761620829.6780508,4,4,37
1761620829.7140508,0,-2,42
1761620829.7510507,4,-8,37
1761620829.7890508,3,-2,45
1761620829.8250508,1,-6,46
1761620829.8620508,3,0,34
1761620829.8990507,3,2,25
1761620829.9350507,0,1,25
1761620829.972051,0,4,36
1761620830.0100508,3,2,33
1761620830.0480506,4,-7,28
1761620830.084051,0,1,28
1761620830.1210508,-1,0,35
1761620830.1600506,-4,-8,37
1761620830.1980507,-7,-1,34
1761620830.2340508,-8,0,25
1761620830.2710507,-3,2,39
1761620830.3090508,2,1,30
1761620830.3450508,5,0,22
1761620830.383051,-3,5,27
1761620830.4200506,6,5,30
1761620830.459051,5,0,42
1761620830.495051,8,2,35
1761620830.5320508,-4,-3,33
1761620830.5700507,-6,-7,31
1761620830.6090508,-4,-7,28
1761620830.6450508,4,1,27
1761620830.6820507,1,0,36
1761620830.7200508,-2,8,43
1761620830.758051,-10,0,36
1761620830.7940507,2,0,34
1761620830.8310506,1,2,47
1761620830.8690507,-6,2,36
1761620830.9050508,0,-3,38
1761620830.9420507,-4,2,30
1761620830.9800508,-8,-2,27
1761620831.0190508,11,1,31
1761620831.0550506,7,-3,35
1761620831.0920508,2,0,34
1761620831.130051,4,-5,37
1761620831.1680508,-4,-3,37
1761620831.2040508,-2,-4,44
1761620831.2420506,0,0,27
1761620831.2800508,-6,-2,37
1761620831.3180506,-6,0,35
1761620831.3540506,0,0,34
1761620831.3910508,1,5,38
1761620831.4290507,4,-2,39
1761620831.4650507,-4,-1,32
1761620831.5020506,-4,-5,31
1761620831.5400507,-6,-4,28
1761620831.5790508,7,0,49
1761620831.6150508,4,5,45
1761620831.6520507,4,2,43
1761620831.6900508,0,6,29
1761620831.7260506,0,4,36
1761620831.7630508,-1,0,31
1761620831.8000507,1,-2,41
1761620831.8390508,-1,-5,37
1761620831.8750508,0,-1,43
1761620831.9120507,4,3,46
1761620831.9500508,6,-4,45
1761620831.9860508,3,1,38
1761620832.0230508,-4,-1,29
1761620832.061051,-10,0,29
1761620832.0990508,-5,-3,31
1761620832.1350508,4,-2,29
1761620832.1740508,8,-4,38
1761620832.2110507,5,-8,41
1761620832.2490506,3,-1,31
1761620832.2850506,-5,4,31
1761620832.3230507,0,0,34
1761620832.3610508,-2,-5,33
1761620832.4000506,0,2,41
1761620832.436051,-7,-4,33
1761620832.4730508,4,-6,31
1761620832.5110507,4,1,31
1761620832.5500507,0,0,28
1761620832.5860507,-3,-1,35
1761620832.6240506,-2,0,26
1761620832.6620507,-3,7,38
1761620832.7000508,1,2,25
1761620832.7360508,4,0,34
1761620832.7730508,2,-4,30
1761620832.811051,3,-2,19
1761620832.8500507,0,0,31
1761620832.8860507,2,-1,23
1761620832.9230506,4,-2,26
1761620832.9610507,-1,-4,37
1761620832.9990506,-2,0,34
1761620833.0350506,3,-3,43
1761620833.0720508,-1,-3,26
1761620833.1110508,-1,0,26
1761620833.1490507,0,-3,36
1761620833.1850507,1,-4,39
1761620833.222051,1,0,34
1761620833.2660508,8,0,32
1761620833.3040507,1,1,28
1761620833.3420508,6,-1,37
1761620833.380051,1,-4,40
1761620833.416051,12,-3,29
1761620833.4530506,5,1,34
1761620833.4910507,-1,-6,28
1761620833.5290508,-4,-4,39
1761620833.5650508,-6,3,43
1761620833.6020508,8,3,33
1761620833.6400506,-2,0,29
1761620833.676051,2,0,30
1761620833.7130508,-6,-2,37
1761620833.7520506,-3,-3,34
1761620833.7900507,-4,2,46
1761620833.8260508,-3,0,41
1761620833.8640506,0,-4,52
1761620833.9010508,0,-5,47
1761620833.9400508,-7,-1,44
1761620833.9760506,-5,-4,33
1761620834.0140507,-1,-6,30
1761620834.0520508,-1,-2,27
1761620834.0910506,-7,-10,34
1761620834.1270506,-5,-8,34
1761620834.1640508,-6,-9,32
1761620834.2020507,-9,-6,31
1761620834.2410507,-1,-3,41
1761620834.2770507,0,-7,36
1761620834.314051,0,-5,28
1761620834.3520508,2,-4,27
1761620834.3900506,6,-8,33
1761620834.426051,0,0,25
1761620834.4630508,1,1,30
1761620834.5010507,-3,-3,30
1761620834.5370507,0,-4,36
1761620834.574051,-4,-6,30
1761620834.6120508,-2,-6,36
1761620834.6510508,-3,-8,38
1761620834.6870508,-5,-5,29
1761620834.7240508,0,-5,23
1761620834.7620506,2,-6,31
1761620834.8000507,0,0,30
1761620834.8360507,2,2,25
1761620834.8740506,3,2,27
1761620834.9120507,3,1,44
1761620834.9500508,7,1,42
1761620834.9860508,1,6,23
1761620835.0240507,-3,4,29
1761620835.0620508,3,0,20
1761620835.1000507,2,0,41
1761620835.1360507,3,-2,31
1761620835.1740508,0,0,18
1761620835.212051,0,0,46
1761620835.2500508,-2,0,32
1761620835.2860508,1,3,36
1761620835.324051,2,3,40
1761620835.3620508,-2,0,39
1761620835.4000506,0,0,31
1761620835.436051,-3,6,39
1761620835.4730508,-1,0,27
1761620835.5120506,3,0,24
1761620835.5500507,-6,-6,25
1761620835.5860507,-8,-5,39
1761620835.6230507,0,-5,38
1761620835.6620507,4,1,32
1761620835.7000508,4,0,29
1761620835.7360508,2,-1,25
1761620835.7730508,-2,-3,30
1761620835.8120508,-10,-1,56
1761620835.8480508,-2,0,43
1761620835.8850508,3,1,40
1761620835.9220507,5,-6,40
1761620835.9580507,-1,0,37
1761620835.995051,-4,4,39
1761620836.0330508,2,1,37
1761620836.0710506,2,-1,43
1761620836.107051,0,-3,43
1761620836.1440508,-7,2,40
1761620836.1820507,-2,2,27
1761620836.2180507,-6,-1,22
1761620836.255051,-6,-6,34
1761620836.2930508,-3,-3,41
1761620836.3320508,-4,-5,37
1761620836.3680508,0,-3,38
1761620836.4050508,6,-2,35
1761620836.4420507,-2,-6,38
1761620836.4810507,0,-2,28
1761620836.5170507,2,-4,25
1761620836.5540507,0,0,33
1761620836.5920508,0,0,44
1761620836.6280508,7,0,37
1761620836.6650507,9,1,32
1761620836.7030506,-5,0,36
1761620836.7410507,-3,0,27
1761620836.7770507,0,-5,30
1761620836.814051,6,-2,39
1761620836.8520508,-6,0,52
1761620836.8880508,-1,-3,38
1761620836.9250507,-6,5,27
1761620836.9630508,2,5,33
1761620837.0010507,2,-5,30
1761620837.0370507,-2,-3,33
1761620837.0750508,-5,-1,41
1761620837.1130507,-7,-3,33
1761620837.1520507,-7,-7,29
1761620837.1880507,-5,-2,36
1761620837.2250507,1,2,34
1761620837.2630508,-4,-1,42
1761620837.301051,-3,1,48
1761620837.337051,1,6,40
1761620837.3740506,-3,1,54
1761620837.4120507,0,-3,44
1761620837.4480507,0,-12,42
1761620837.485051,0,-6,41
1761620837.5230508,-3,-4,40
1761620837.5620508,-8,-4,38
1761620837.5980508,-9,-4,34
1761620837.6350508,-8,0,46
1761620837.6730506,0,-2,39
1761620837.7110507,-3,0,44
1761620837.7470508,0,8,43
1761620837.7840507,-3,-2,37
1761620837.8230507,0,0,38
1761620837.8610508,6,5,36
1761620837.8970506,6,-2,33
1761620837.9340508,6,-5,38
1761620837.972051,0,-4,30
1761620838.008051,0,-1,32
1761620838.0450506,-5,-8,31
1761620838.0830507,5,-9,40
1761620838.1190507,-2,-6,37
1761620838.1560507,-5,0,34
1761620838.1930506,-1,0,33
1761620838.2300508,0,-4,40
1761620838.2670507,-3,-2,36
1761620838.3050506,4,-4,31
1761620838.3430507,0,-5,30
1761620838.3790507,-5,-8,31
1761620838.4170508,0,-3,40
1761620838.4540508,-5,-1,33
1761620838.4930508,-1,-4,32
1761620838.5300508,-6,-2,25
1761620838.5670507,-8,-4,23
1761620838.6050508,-4,3,32
1761620838.643051,5,2,36
1761620838.6790507,0,3,40
1761620838.7160506,-3,-2,24
1761620838.7540507,-6,0,34
1761620838.7920508,-5,1,31
1761620838.8280506,1,-1,36
1761620838.8660507,3,0,38
1761620838.9040508,3,-3,39
1761620838.9420507,-1,-4,38
1761620838.9780507,-1,-6,39
1761620839.0150506,-2,-5,35
1761620839.0540507,-5,-8,35
1761620839.0920508,-10,-8,31
1761620839.1280508,-4,-1,37
1761620839.1650507,-1,-6,41
1761620839.2040508,-2,-2,36
1761620839.2420506,0,0,48
1761620839.278051,-1,-1,40
1761620839.3160508,0,0,31
1761620839.3540506,1,-1,36
1761620839.3920507,3,-1,47
1761620839.4280508,1,1,42
1761620839.4650507,4,2,40
1761620839.5030508,0,-3,32
1761620839.5390508,0,-5,25
1761620839.5760508,3,-1,37
1761620839.6140506,-1,0,43
1761620839.653051,1,-3,45
1761620839.689051,-2,-6,39
1761620839.7260506,-3,0,38
1761620839.7640507,0,-1,31
1761620839.8020508,0,-2,44
1761620839.8380508,1,0,38
1761620839.8750508,5,0,39
1761620839.913051,3,4,36
1761620839.949051,-3,-1,37
1761620839.9860508,2,-4,39
1761620840.0240507,0,0,33
1761620840.0620508,-2,-2,38
1761620840.0980508,-6,-10,44
1761620840.1350508,1,1,46
1761620840.1730506,-1,-3,41
1761620840.209051,0,-5,33
1761620840.2460508,0,0,43
1761620840.2840507,-6,9,34
1761620840.3200507,-5,13,32
1761620840.357051,2,5,31
1761620840.3940508,1,-6,40
1761620840.4300506,3,-9,42
1761620840.4670508,1,-9,39
1761620840.505051,-3,-6,26
1761620840.5440507,2,-7,33
1761620840.5800507,5,2,40
1761620840.6170506,6,0,39
1761620840.6540508,7,-3,37
1761620840.6930506,4,-7,28
1761620840.7290506,3,-4,45
1761620840.7660508,-5,3,38
1761620840.8040507,-2,-2,33
1761620840.8400507,-1,0,24
1761620840.8770506,0,-9,37
1761620840.916051,-3,-1,38
1761620840.9540508,-4,0,35
1761620840.9900508,-2,-5,35
1761620841.0270507,1,-5,30
1761620841.0650508,0,-4,31
1761620841.1030507,0,-2,31
1761620841.1390507,1,-4,37
1761620841.176051,0,-3,34
1761620841.2150507,0,-4,33
1761620841.2530508,3,1,28
1761620841.2890508,-5,1,22
1761620841.3270507,0,2,28
1761620841.3650508,1,1,35
1761620841.403051,6,-1,31
1761620841.439051,0,3,21
1761620841.4760506,-5,0,21
1761620841.5150506,4,0,25
1761620841.5530508,0,1,42
1761620841.5890508,7,-4,44
1761620841.6270506,-1,2,43
1761620841.6650507,4,0,46
1761620841.7030506,-1,3,42
1761620841.7390506,0,1,39
1761620841.7760508,3,-6,42
1761620841.8150508,2,-4,32
1761620841.8530507,-3,0,31
1761620841.8890507,0,0,37
1761620841.926051,-4,2,40
1761620841.9640508,3,-3,43
1761620842.0000508,1,1,42
1761620842.0370507,3,3,39
1761620842.0750508,-3,0,34
1761620842.1130507,-1,0,34
1761620842.1490507,0,-5,32
1761620842.1870508,-5,-2,38
1761620842.2250507,3,5,45
1761620842.2630508,2,0,44
1761620842.2990508,-3,5,43
1761620842.3360507,1,3,34
1761620842.3740506,-1,2,42
1761620842.4100506,-10,-3,43
1761620842.4470508,-5,-1,44
1761620842.485051,-4,-4,44
1761620842.5240507,1,-4,47
1761620842.5600507,1,-10,46
1761620842.5980508,4,-4,37
1761620842.6350508,7,-3,30
1761620842.6740508,2,-5,34
1761620842.7100508,3,-1,37
1761620842.7480507,1,-2,39
1761620842.7850506,0,-5,35
1761620842.824051,-3,-6,38
1761620842.860051,-3,-4,40
1761620842.8970506,-10,-2,43
1761620842.9350507,-4,-3,35
1761620842.9740508,-2,4,33
1761620843.0110507,2,1,40
1761620843.0480506,10,-1,32
1761620843.0850508,8,2,46
1761620843.1210508,7,5,36
1761620843.1580508,1,0,33
1761620843.1950507,-3,6,38
1761620843.2310507,-9,-2,28
1761620843.2770507,-1,2,36
1761620843.3150508,1,-5,39
1761620843.3510506,-1,4,40
1761620843.3880508,-7,-1,38
1761620843.426051,-2,8,41
1761620843.4640508,0,-5,33
1761620843.5000508,2,-1,36
1761620843.5370507,4,-3,44
1761620843.5750508,4,1,43
1761620843.6110508,-4,3,40
1761620843.6480508,-6,1,36
1761620843.686051,0,0,32
1761620843.7240508,-2,2,40
1761620843.7600508,2,2,44
1761620843.7980506,-2,0,43
1761620843.8360507,0,-11,37
1761620843.8740506,-4,-8,30
1761620843.9100506,-5,-2,32
1761620843.9480507,5,-6,40
1761620843.9860508,3,1,28
1761620844.0240507,6,-6,28
1761620844.0600507,-1,-3,32
1761620844.0980508,-4,-5,38
1761620844.1360507,0,-2,34
1761620844.1740508,-4,-1,38
1761620844.2100508,0,0,47
1761620844.2470508,0,3,42
1761620844.2850506,-3,0,45
1761620844.3210506,-6,2,44
1761620844.3590508,-4,0,37
1761620844.3960507,-8,-4,46
1761620844.4350507,-5,-2,44
1761620844.472051,-8,0,39
1761620844.5090508,-6,3,45
1761620844.5460508,-5,-6,43
1761620844.5850508,5,1,24
1761620844.6210508,5,1,21
1761620844.6580508,-1,0,41
1761620844.6960506,-1,-13,38
1761620844.735051,-3,-2,45
1761620844.7710507,-1,1,41
1761620844.8090508,3,-2,33
1761620844.8460507,2,-1,31
1761620844.8850508,0,-5,31
1761620844.9210508,-5,-5,30
1761620844.9600508,-2,0,26
1761620844.9970508,-4,-3,29
1761620845.0360508,2,-7,38
1761620845.0720508,1,-2,27
1761620845.1090508,-3,-2,27
1761620845.1470506,-7,-4,36
1761620845.186051,-1,0,40
1761620845.222051,-7,0,34
1761620845.2590508,-2,-9,34
1761620845.2970507,2,-8,37
1761620845.3350508,1,-1,36
1761620845.3710508,0,-3,39
1761620845.4090507,-1,0,36
1761620845.4470508,0,1,31
1761620845.485051,-7,-4,36
1761620845.5210507,-4,-1,33
1761620845.5580506,-5,3,41
1761620845.5960507,-5,0,52
1761620845.6320508,-3,-1,46
1761620845.6690507,2,3,42
1761620845.7070508,-2,6,38
1761620845.745051,-1,-6,42
1761620845.7810507,-6,-4,32
1761620845.8180506,-4,-1,29
1761620845.857051,-8,5,36
1761620845.8950508,-6,5,38
1761620845.9310508,2,-2,39
1761620845.9680507,-9,-2,35
1761620846.0070508,-5,-5,39
1761620846.0450506,8,-4,38
1761620846.0810506,1,-1,37
1761620846.1180508,1,-1,31
1761620846.1570508,-1,-2,39
1761620846.1950507,-3,1,37
1761620846.2310507,-1,5,44
1761620846.268051,4,0,29
1761620846.3060508,4,-5,38
1761620846.3420508,2,1,34
1761620846.3790507,-1,2,35
1761620846.4170508,-10,4,32
1761620846.4550507,-9,3,24
1761620846.4910507,-2,4,40
1761620846.528051,-7,9,37
1761620846.5660508,-5,3,25
1761620846.6020508,-1,4,22
1761620846.6390507,-6,-2,39
1761620846.6770508,-3,-4,41
1761620846.7160506,4,-8,52
1761620846.7520506,0,-3,46
1761620846.7890508,5,0,48
1761620846.8270507,-2,2,31
1761620846.8630507,0,2,38
1761620846.9000506,0,0,33
1761620846.9370508,-8,-4,37
1761620846.9760506,2,-5,41
1761620847.0120506,2,1,37
1761620847.0490508,-3,1,40
1761620847.087051,6,1,37
1761620847.1230507,4,0,32
1761620847.1600506,10,-3,36
1761620847.1970508,0,-5,33
1761620847.2330508,0,-4,27
1761620847.2700508,-3,-3,35
1761620847.3080506,-3,-3,37
1761620847.347051,10,-3,40
1761620847.383051,1,-4,26
1761620847.4200506,-3,-1,31
1761620847.459051,-7,1,35
1761620847.4970508,0,-3,38
1761620847.5330508,-2,0,50
1761620847.5700507,-1,3,49
1761620847.6080508,0,-2,34
1761620847.6460507,-4,-7,34
1761620847.6820507,-8,-4,25
1761620847.7200508,-6,0,38
1761620847.758051,0,-3,48
1761620847.7960508,0,1,37
1761620847.8320508,1,8,37
1761620847.870051,-2,-7,35
1761620847.9080508,5,-1,31
1761620847.9460506,2,-2,31
1761620847.982051,7,3,30
1761620848.0200508,7,-5,29
1761620848.0590508,2,-4,39
1761620848.097051,-3,-6,32
1761620848.133051,1,-2,34
1761620848.1700506,0,0,30
1761620848.2080507,8,5,31
1761620848.2460508,-2,-2,30
1761620848.2820508,2,-4,28
1761620848.3200507,0,-6,30
1761620848.3580508,9,-2,28
1761620848.3960507,12,-5,24
1761620848.4320507,7,-4,35
1761620848.4700508,10,-1,36
1761620848.508051,2,-4,39
1761620848.5460508,4,-2,35
1761620848.5820508,2,0,31
1761620848.6190507,-1,-3,38
1761620848.6580508,0,-3,34
1761620848.6960506,0,2,39
1761620848.732051,-8,-5,45
1761620848.7710507,-1,0,37
1761620848.8090508,-2,-4,42
1761620848.847051,-1,1,34
1761620848.883051,-4,2,33
1761620848.9210508,-4,1,38
1761620848.9580507,-8,3,40
1761620848.9970508,1,2,42
1761620849.0340507,5,-2,52
1761620849.0710506,3,-2,42
1761620849.1090508,5,-9,37
1761620849.1470506,1,4,41
1761620849.1830506,2,7,40
1761620849.2200508,9,7,48
1761620849.258051,2,13,38
1761620849.2940507,2,1,42
1761620849.3310506,-3,0,33
1761620849.3690507,0,-1,31
1761620849.4080508,5,2,36
1761620849.4440508,0,1,40
1761620849.4810507,0,2,38
1761620849.5190508,-4,1,42
1761620849.5580506,1,2,41
1761620849.5940506,0,1,47
1761620849.6310508,-1,-5,50
1761620849.6690507,-2,-8,40
1761620849.7080507,4,-3,31
1761620849.7440507,5,0,41
1761620849.7810507,0,0,41
1761620849.8190508,-2,0,40
1761620849.857051,5,-5,28
1761620849.893051,0,0,31
1761620849.9300506,-9,-1,31
1761620849.9690506,6,-2,25
1761620850.0070508,-1,0,30
1761620850.0430508,-6,6,24
1761620850.0810506,-5,15,36
1761620850.1190507,-3,4,36
1761620850.1570508,-2,-1,37
1761620850.1930506,1,-4,43
1761620850.2300508,0,0,26
1761620850.268051,-3,-3,30
1761620850.3040507,3,1,33
1761620850.3410506,-5,0,39
1761620850.3790507,-4,0,26
1761620850.4170508,0,-2,28
1761620850.4530506,2,-3,30
1761620850.4900508,-2,-3,35
1761620850.5290508,-3,-3,48
1761620850.5670507,-2,-9,42
1761620850.6030507,1,0,40
1761620850.6400506,2,0,38
1761620850.6780508,6,3,24
1761620850.7140508,4,-1,25
1761620850.7520506,-4,0,27
1761620850.7890508,-1,0,23
1761620850.8270507,-3,2,36
1761620850.8630507,0,-3,43
1761620850.9000506,-3,3,28
1761620850.939051,-5,2,43
1761620850.9750507,-4,0,36
1761620851.0120506,0,1,45
1761620851.0500507,-7,-3,36
1761620851.0880508,-6,-10,35
1761620851.1240506,-9,-10,44
1761620851.1610508,-2,-6,45
1761620851.2000508,-1,-7,44
1761620851.2380507,-7,-6,40
1761620851.2740507,1,-2,37
1761620851.311051,0,-3,25
1761620851.3490508,2,5,41
1761620851.3850508,3,-2,33
1761620851.4220507,3,5,37
1761620851.4600508,0,4,29
1761620851.4980507,0,-2,39
1761620851.5340507,-4,1,35
1761620851.5710506,-4,3,29
1761620851.6090508,-10,0,34
1761620851.6450508,-10,0,31
1761620851.6830506,-10,4,29
1761620851.7200508,2,-1,25
1761620851.758051,-1,-4,29
1761620851.7940507,-1,-3,33
1761620851.8310506,-7,3,28
1761620851.8690507,-6,-7,36
1761620851.9050508,-3,0,36
1761620851.9430506,1,-4,36
1761620851.9800508,-8,-8,47
1761620852.0190508,-3,1,43
1761620852.0550506,-1,5,39
1761620852.0930507,-2,1,39
1761620852.130051,-3,8,33
1761620852.1690507,-3,4,25
1761620852.2050507,0,-3,25
1761620852.2420506,4,-5,29
1761620852.2800508,6,2,40
1761620852.3180506,0,1,41
1761620852.3540506,0,2,42
1761620852.3910508,5,0,42
1761620852.4290507,1,3,39
1761620852.4660506,3,2,33
1761620852.5030508,0,1,42
1761620852.5400507,1,-4,47
1761620852.5780506,0,-5,37
1761620852.6140506,1,-4,38
1761620852.6510508,0,-7,41
1761620852.689051,4,-3,35
1761620852.7250507,-2,3,29
1761620852.7620506,0,2,31
1761620852.8000507,1,-3,35
1761620852.8380508,-2,4,38
1761620852.8740506,-12,-4,39
1761620852.9110508,-9,-5,40
1761620852.9500508,2,-5,38
1761620852.9880507,0,2,37
1761620853.0240507,1,-4,30
1761620853.061051,-4,-2,26
1761620853.1000507,-5,3,46
1761620853.1380508,2,0,41
1761620853.1740508,-5,0,41
1761620853.2110507,-2,-5,37
1761620853.2500508,0,2,30
1761620853.2940507,4,-3,38
1761620853.3320508,2,-4,45
1761620853.370051,4,-1,36
1761620853.4090507,-8,0,43
1761620853.4450507,-6,-2,33
1761620853.482051,-4,-5,38
1761620853.5200508,-3,-6,33
1761620853.5590508,0,-2,40
1761620853.5950508,-4,-2,29
1761620853.6320508,0,1,34
1761620853.6700506,-4,3,26
1761620853.7060506,-5,-4,32
1761620853.7430508,1,-7,38
1761620853.7810507,0,-2,37
1761620853.8190508,6,1,30
1761620853.8550508,0,0,33
1761620853.8920507,6,0,30
1761620853.9300506,1,-1,28
1761620853.9660506,-4,-3,38
1761620854.0030508,-6,3,30
1761620854.0400507,1,1,23
1761620854.0760508,-4,0,35
1761620854.1130507,2,-3,40
1761620854.1510508,-7,-1,32
1761620854.1900508,0,-7,38
1761620854.2260506,-6,0,39
1761620854.2630508,0,-3,42
1761620854.301051,-5,1,43
1761620854.3390508,-1,0,48
1761620854.3750508,4,0,38
1761620854.4120507,0,-3,38
1761620854.4500508,-5,-4,41
1761620854.4860508,-9,-6,44
1761620854.5230508,4,-6,42
1761620854.561051,1,-3,46
1761620854.5990508,1,-6,38
1761620854.6350508,2,0,35
1761620854.6730506,7,3,42
1761620854.7110507,-3,0,43
1761620854.7490506,1,-2,44
1761620854.7850506,4,-2,39
1761620854.8220508,9,0,42
1761620854.860051,1,-7,31
1761620854.8960507,0,-4,27
1761620854.9340508,0,0,40
1761620854.9710507,1,-2,33
1761620855.0090508,2,4,30
1761620855.0450506,0,0,29
1761620855.0820508,0,3,28
1761620855.120051,-4,0,38
1761620855.1560507,-1,-8,35
1761620855.1930506,-2,-4,40
1761620855.232051,0,-7,28
1761620855.2700508,1,-2,33
1761620855.3060508,0,0,34
1761620855.3430507,-2,-2,35
1761620855.3810508,1,3,45
1761620855.4200506,-1,0,38
1761620855.4560506,3,5,27
1761620855.4930508,4,1,35
1761620855.5310507,1,-5,35
1761620855.5670507,2,3,38
1761620855.6040506,0,5,37
1761620855.643051,-8,2,40
1761620855.6810508,0,-2,36
1761620855.7170508,-7,-1,33
1761620855.7540507,-4,0,33
1761620855.791051,-6,-3,42
1761620855.8300507,-8,-4,46
1761620855.8660507,-8,-1,38
1761620855.903051,-1,0,38
1761620855.9410508,-8,1,43
1761620855.9800508,0,-2,49
1761620856.0160508,-3,1,46
1761620856.0530508,1,-1,44
1761620856.0910506,1,-4,27
1761620856.1270506,5,-4,32
1761620856.1640508,-5,-5,37
1761620856.2020507,-1,10,41
1761620856.2400508,-5,-5,22
1761620856.2760508,-6,-4,26
1761620856.3130507,0,-8,31
1761620856.3510506,0,0,35
1761620856.3870506,5,0,38
1761620856.4240508,13,1,43
1761620856.462051,8,3,27
1761620856.5000508,8,0,26
1761620856.5360508,-1,-4,36
1761620856.5730507,6,-2,29
1761620856.6110508,7,0,38
1761620856.6480508,0,8,40
1761620856.6850507,0,4,31
1761620856.722051,2,-2,44
1761620856.7600508,-4,-5,44
1761620856.7960508,-6,0,34
1761620856.8330507,-3,-4,35
1761620856.8720508,0,0,34
1761620856.9100506,1,1,35
1761620856.9460506,0,0,36
1761620856.9830508,7,-7,27
1761620857.0220506,5,-2,43
1761620857.0600507,3,-4,45
1761620857.0960507,1,-1,46
1761620857.133051,-3,2,46
1761620857.1710508,-3,-7,27
1761620857.2070508,0,-3,31
1761620857.2440507,1,-6,35
1761620857.2820508,-6,-7,41
1761620857.3200507,0,-9,46
1761620857.3560507,-2,-1,33
1761620857.393051,1,-5,22
1761620857.4310508,0,-4,32
1761620857.4670508,-5,-1,36
1761620857.5040507,3,-1,35
1761620857.5420508,3,-5,41
1761620857.5780506,-3,-3,35
1761620857.6160507,4,-3,47
1761620857.653051,-3,-9,32
1761620857.6920507,0,4,42
1761620857.7280507,3,0,26
1761620857.7660508,-1,-4,37
1761620857.8050506,0,0,29
1761620857.8420508,-4,-2,38
1761620857.8810508,0,-3,50
1761620857.9170508,3,0,39
1761620857.9550507,2,-3,38
1761620857.9920506,0,-1,40
1761620858.028051,-3,-2,41
1761620858.0660508,-2,0,43
1761620858.1030507,4,-1,40
1761620858.1420507,-3,-3,26
1761620858.1780508,-3,-6,38
1761620858.2160506,3,1,38
1761620858.2530508,1,0,28
1761620858.291051,4,-6,22
1761620858.3270507,-3,2,27
1761620858.3640506,0,-1,35
1761620858.4020507,1,0,33
1761620858.4380507,-1,0,29
1761620858.4750507,-1,-6,33
1761620858.5140507,0,-7,28
1761620858.5520508,-2,1,32
1761620858.5880508,1,-3,30
1761620858.6250508,2,1,39
1761620858.663051,6,-5,34
1761620858.7010508,8,-3,29
1761620858.7370508,13,-2,36
1761620858.7750506,2,-2,42
1761620858.8130507,-2,0,31
1761620858.8510506,3,-4,29
1761620858.8870506,7,-3,39
1761620858.9240508,4,-2,43
1761620858.9630508,0,0,44
1761620859.0010507,-2,2,45
1761620859.0370507,2,-2,35
1761620859.074051,-1,4,40
1761620859.1130507,-2,-1,29
1761620859.1510508,-8,1,30
1761620859.1880507,-3,-5,41
1761620859.2250507,-1,-4,28
1761620859.2630508,0,2,32
1761620859.301051,-2,2,43
1761620859.337051,-5,2,46
1761620859.3750508,-3,3,39
1761620859.413051,0,0,39
1761620859.4510508,-2,-5,38
1761620859.4870508,0,0,32
1761620859.5240507,4,-5,42
1761620859.5620508,1,-1,33
1761620859.5980508,5,-2,33
1761620859.6350508,0,-6,26
1761620859.6730506,1,-5,31
1761620859.709051,3,-4,35
1761620859.7460508,-1,-6,40
1761620859.7840507,-6,-2,39
1761620859.8230507,-3,-3,34
1761620859.8590508,-6,-6,34
1761620859.8960507,2,0,27
1761620859.9330506,1,0,24
1761620859.9690506,0,-6,33
1761620860.0060508,1,-4,26
1761620860.0430508,5,-6,42
1761620860.0790508,4,-4,44
1761620860.1170506,1,-2,33
1761620860.1540508,-1,-4,29
1761620860.1930506,2,-11,40
1761620860.2290506,-3,-7,39
1761620860.2670507,0,-10,31
1761620860.3040507,1,-6,34
1761620860.3420508,6,-1,38
1761620860.3780508,0,-1,34
1761620860.4150507,3,0,31
1761620860.4530506,-5,3,31
1761620860.4890506,-1,8,37
1761620860.5260508,-11,8,42
1761620860.5630507,-1,1,32
1761620860.5990508,-2,3,34
1761620860.6370506,-1,-6,32
1761620860.6740508,3,-4,24
1761620860.7130508,0,-2,25
1761620860.7490506,-2,-1,34
1761620860.7870507,1,-3,36
1761620860.824051,5,0,37
1761620860.8620508,2,-1,43
1761620860.8980508,7,3,33
1761620860.9350507,6,2,42
1761620860.9740508,0,-9,37
1761620861.0120506,1,-8,37
1761620861.0480506,4,2,29
1761620861.0860507,2,0,45
1761620861.1240506,4,-2,30
1761620861.1620507,9,-4,34
1761620861.1980507,9,0,38
1761620861.235051,-1,-5,33
1761620861.2740507,-3,-1,38
1761620861.3120508,-3,0,37
1761620861.3480508,-3,1,38
1761620861.3850508,-3,-6,32
1761620861.4240508,4,-4,39
1761620861.462051,-1,-1,42
1761620861.4980507,4,3,37
1761620861.5350506,2,-3,34
1761620861.574051,3,0,46
1761620861.6120508,5,2,41
1761620861.6480508,5,0,44
1761620861.6850507,5,0,45
1761620861.7230508,-10,3,32
1761620861.7590508,-7,0,34
1761620861.7960508,-5,0,32
1761620861.834051,3,-3,37
1761620861.870051,-1,0,40
1761620861.9070508,-1,-4,32
1761620861.9450507,-3,-6,46
1761620861.9840508,-2,-6,38
1761620862.0200508,-5,0,49
1761620862.0570507,-7,-3,36
1761620862.0950508,-2,-3,44
1761620862.1340508,0,-3,42
1761620862.1700506,-7,0,37
1761620862.2070508,0,2,38
1761620862.2440507,4,-6,38
1761620862.2800508,6,-1,37
1761620862.3170507,3,-5,40
1761620862.3540506,4,-1,44
1761620862.3900506,1,-7,46
1761620862.4270508,-1,-10,36
1761620862.4650507,-2,-14,49
1761620862.5040507,-5,-3,51
1761620862.5400507,0,-6,40
1761620862.5770507,1,2,37
1761620862.6140506,1,-7,32
1761620862.6500506,0,2,39
1761620862.6870508,0,1,42
1761620862.7240508,-3,-2,32
1761620862.7630508,-2,0,30
1761620862.7990508,-6,-3,40
1761620862.837051,1,-4,28
1761620862.8750508,6,-3,43
1761620862.913051,1,-4,40
1761620862.949051,3,-4,43
1761620862.9860508,4,-3,44
1761620863.0250506,0,-4,43
1761620863.0630507,-2,-8,29
1761620863.0990508,0,-10,33
1761620863.1360507,2,-14,30
1761620863.1740508,0,-15,30
1761620863.2100508,1,-6,34
1761620863.2470508,-2,-4,40
1761620863.2850506,5,10,32
1761620863.3290508,1,0,36
1761620863.3670506,4,0,36
1761620863.4050508,0,1,45
1761620863.4430506,7,-1,38
1761620863.4790506,-1,-6,33
1761620863.5160508,0,2,33
1761620863.5540507,-5,4,44
1761620863.5900507,-6,-1,46
1761620863.6270506,-5,-6,37
1761620863.6650507,1,-8,40
1761620863.7030506,10,-3,36
1761620863.7390506,3,-4,42
1761620863.7770507,7,-4,37
1761620863.8150508,6,4,27
1761620863.8530507,0,2,34
1761620863.8890507,-3,-1,28
1761620863.926051,2,-4,24
1761620863.9650507,-1,-4,22
1761620864.0010507,4,0,34
1761620864.038051,-3,0,33
1761620864.0750508,3,0,36
1761620864.1110508,-4,1,40
1761620864.1480508,0,4,38
1761620864.1850507,-4,-6,41
1761620864.2240508,1,-9,36
1761620864.2600508,-9,1,32
1761620864.2970507,-9,2,39
1761620864.3350508,-4,-8,36
1761620864.3710508,-1,-5,41
1761620864.4090507,-3,-6,48
1761620864.4470508,-4,-5,41
1761620864.485051,-11,-3,24
1761620864.5240507,-3,-2,36
1761620864.5600507,0,0,37
1761620864.597051,-3,6,28
1761620864.6350508,-1,8,33
1761620864.6710508,0,2,32
1761620864.7080507,-2,-1,28
1761620864.7460508,-1,-2,29
1761620864.7850506,-4,-5,32
1761620864.8210506,-4,-7,30
1761620864.860051,-3,-8,36
1761620864.8970506,-5,-7,34
1761620864.936051,3,-5,37
1761620864.9740508,2,-6,40
1761620865.0100508,5,1,39
1761620865.0470507,0,3,44
1761620865.0850508,0,2,45
1761620865.1210508,-1,4,40
1761620865.1580508,2,5,24
1761620865.1960506,0,-2,33
1761620865.2340508,-5,-5,37
1761620865.2700508,-8,-2,30
1761620865.3070507,-3,-3,31
1761620865.3460507,-2,0,29
1761620865.3840508,-8,1,33
1761620865.4200506,-3,8,33
1761620865.4580507,-3,-3,40
1761620865.4960508,-2,3,44
1761620865.5340507,2,1,40
1761620865.5700507,-6,1,52
1761620865.607051,3,6,39
1761620865.6450508,0,-7,27
1761620865.6810508,4,-6,33
1761620865.7190506,-1,-6,32
1761620865.7560508,4,-2,35
1761620865.7940507,-1,3,30
1761620865.8300507,-6,-3,38
1761620865.8670506,0,-11,33
1761620865.9050508,-2,-9,38
1761620865.9410508,-2,-7,28
1761620865.9790506,-2,-4,38
1761620866.0170507,-1,-7,38
1761620866.0560508,-2,-4,33
1761620866.0940506,1,-7,29
1761620866.130051,-2,-2,39
1761620866.1670508,-3,1,40
1761620866.2050507,0,-4,52
1761620866.2410507,0,-9,40
1761620866.278051,1,-4,36
1761620866.3160508,8,0,34
1761620866.3520508,3,0,30
1761620866.3890507,3,-4,36
1761620866.426051,0,3,33
1761620866.462051,-1,-3,43
1761620866.4990506,0,-1,36
1761620866.5370507,0,1,42
1761620866.5750508,7,-3,40
1761620866.6110508,-1,-5,48
1761620866.6480508,0,-4,35
1761620866.686051,-2,0,34
1761620866.722051,3,0,29
1761620866.7590508,8,0,42
1761620866.7960508,2,3,36
1761620866.8320508,3,-2,32
1761620866.8690507,-7,2,37
1761620866.9060507,-5,-6,40
1761620866.9450507,-1,-6,39
1761620866.9810507,-6,-2,36
1761620867.0190508,-2,3,38
1761620867.0560508,-2,4,27
1761620867.0920508,-1,3,31
1761620867.1310508,-4,2,39
1761620867.1690507,0,-1,47
1761620867.2070508,2,1,37
1761620867.245051,-1,-2,33
1761620867.2810507,0,-3,43
1761620867.3190508,-6,0,32
1761620867.357051,-7,-9,34
1761620867.3950508,0,-7,38
1761620867.4310508,-4,-7,34
1761620867.4690506,-3,-2,35
1761620867.5070508,-2,-9,44
1761620867.5450506,-2,-4,44
1761620867.5810506,-1,-1,40
1761620867.6180508,-1,-3,48
1761620867.6570508,2,4,51
1761620867.6950507,-4,3,37
1761620867.7310507,5,-2,37
1761620867.768051,-1,-4,46
1761620867.8070507,-7,-5,34
1761620867.8450508,-6,-4,45
1761620867.8810508,-5,-1,36
1761620867.9180508,0,-2,37
1761620867.9570508,0,-8,26
1761620867.995051,0,1,32
1761620868.0310507,-2,-6,39
1761620868.0680506,0,-4,32
1761620868.107051,0,-2,23
1761620868.1450508,-3,-2,34
1761620868.1810508,-11,2,38
1761620868.2180507,-9,1,39
1761620868.2570508,-2,0,36
1761620868.2950506,-3,-7,42
1761620868.3310506,0,-1,39
1761620868.3680508,2,-1,34
1761620868.4060507,5,0,33
1761620868.4420507,-6,-5,31
1761620868.4800508,-2,-6,30
1761620868.518051,-5,-8,32
1761620868.5570507,-3,-3,36
1761620868.5930507,-1,-2,39
1761620868.6310508,2,0,46
1761620868.6680508,1,0,29
1761620868.7060506,-1,4,39
1761620868.7420506,0,1,34
1761620868.7790508,-2,0,32
1761620868.8170507,-10,2,39
1761620868.8530507,-1,0,51
1761620868.8910508,0,-2,53
1761620868.9290507,3,1,27
1761620868.9670508,-2,0,28
1761620869.0030508,0,-4,33
1761620869.0400507,1,3,42
1761620869.0770507,5,1,36
1761620869.1130507,4,0,37
1761620869.1500506,5,1,29
1761620869.1870508,4,-5,34
1761620869.2230508,3,-4,38
1761620869.2600508,-2,-2,27
1761620869.2980506,4,-3,37
1761620869.3360507,3,-6,35
1761620869.3720508,3,-6,50
1761620869.4090507,6,-8,41
1761620869.4470508,0,0,35
1761620869.4830508,-3,4,34
1761620869.5200508,1,-2,38
1761620869.5580506,1,-2,33
1761620869.5960507,-1,-1,39
1761620869.6320508,0,-6,33
1761620869.6700506,-8,-5,47
1761620869.7080507,-5,1,26
1761620869.7470508,-4,1,37
1761620869.7830508,-1,0,31
1761620869.8200507,-8,-2,29
1761620869.8590508,-14,2,29
1761620869.8970506,-6,1,37
1761620869.9330506,-4,-4,36
1761620869.9700508,1,1,33
1761620870.008051,0,-3,26
1761620870.0460508,-1,0,43
1761620870.0820508,-4,6,37
1761620870.120051,9,-2,36
1761620870.1580508,-3,0,44
1761620870.1960506,-2,-8,25
1761620870.232051,-3,-8,23
1761620870.2710507,-4,0,36
1761620870.3080506,2,1,31
1761620870.3460507,1,-4,42
1761620870.3820508,-1,-3,34
1761620870.4200506,0,-3,25
1761620870.4580507,-2,-1,39
1761620870.4960508,1,0,33
1761620870.5320508,0,-2,37
1761620870.5690508,1,1,28
1761620870.607051,-1,2,20
1761620870.643051,-4,-1,22
1761620870.6800506,-1,-7,36
1761620870.7180507,2,-5,36
1761620870.7570508,0,-4,32
1761620870.7930508,0,-3,47
1761620870.8300507,2,0,51
1761620870.8680508,1,2,36
1761620870.9040508,-6,-3,39
1761620870.9410508,-8,-6,49
1761620870.9790506,-5,-1,33
1761620871.018051,-6,-2,34
1761620871.0540507,-3,-2,36
1761620871.0920508,-7,-3,29
1761620871.1290507,0,-1,38
1761620871.1670508,-7,-6,46
1761620871.2030506,-4,-4,46
1761620871.2410507,-5,1,44
1761620871.2790508,-4,-3,27
1761620871.3180506,-2,-3,35
1761620871.3540506,0,-8,35
1761620871.3910508,-1,-8,36
1761620871.4290507,-16,-4,39
1761620871.4680507,0,-4,45
1761620871.5040507,-1,-3,37
1761620871.541051,2,-1,35
1761620871.5790508,1,-2,34
1761620871.6170506,-7,-3,41
1761620871.653051,-2,2,38
1761620871.6900508,2,6,28
1761620871.7280507,-1,6,27
1761620871.7640507,-4,4,26
1761620871.801051,-2,0,25
1761620871.8390508,1,-1,29
1761620871.8770506,3,-2,31
1761620871.913051,1,-3,43
1761620871.9500508,-1,2,37
1761620871.9890506,0,0,40
1761620872.0270507,-3,-3,25
1761620872.0630507,-2,0,27
1761620872.1010506,0,0,36
1761620872.1390507,8,-5,30
1761620872.1770508,0,-2,32
1761620872.2130508,2,-5,35
1761620872.2510507,3,1,33
1761620872.2890508,3,2,33
1761620872.3270507,0,-2,32
1761620872.3630507,0,-4,31
1761620872.4000506,-5,-4,32
1761620872.439051,-4,1,36
1761620872.4770508,2,-4,40
1761620872.5130508,0,-1,38
1761620872.551051,2,-3,24
1761620872.5890508,0,1,18
1761620872.6270506,1,0,31
1761620872.663051,1,0,45
1761620872.7000508,-1,-2,43
1761620872.7390506,-2,0,42
1761620872.7750506,-5,1,35
1761620872.8120508,-3,4,33
1761620872.8500507,-5,-1,38
1761620872.8880508,-2,-1,48
1761620872.9240508,-4,4,50
1761620872.962051,-2,4,26
1761620872.9990506,0,1,26
1761620873.0350506,0,5,31
1761620873.0720508,1,-2,30
1761620873.1090508,-3,-3,37
1761620873.1480508,-1,2,38
1761620873.1840508,0,0,20
1761620873.2210507,0,-6,27
1761620873.2590508,-2,0,23
1761620873.2950506,-2,3,39
1761620873.3410506,-4,-5,39
1761620873.3790507,-6,-3,33
1761620873.4150507,-2,0,31
1761620873.4530506,-9,2,33
1761620873.4910507,2,-1,21
1761620873.5290508,4,-2,27
1761620873.5650508,-2,2,33
1761620873.6030507,0,-1,34
1761620873.6420507,0,0,33
1761620873.6800506,-4,1,40
1761620873.7180507,-6,3,43
1761620873.7540507,-8,0,33
1761620873.7920508,-1,3,24
1761620873.8300507,-10,1,41
1761620873.8680508,-2,0,35
1761620873.9040508,-1,0,33
1761620873.9410508,-1,1,45
1761620873.9800508,-3,-10,25
1761620874.018051,-4,-6,36
1761620874.0540507,2,-4,35
1761620874.0910506,0,-7,38
1761620874.130051,0,-7,41
1761620874.1680508,4,-2,34
1761620874.2040508,4,-7,27
1761620874.2410507,0,-6,26
1761620874.2800508,-4,-2,30
1761620874.3180506,0,0,25
1761620874.3540506,-4,0,29
1761620874.3910508,-3,-2,45
1761620874.4300506,-6,0,40
1761620874.4680507,-8,1,38
1761620874.5040507,0,-4,27
1761620874.541051,-2,-3,21
1761620874.5800507,3,5,28
1761620874.6180508,-3,5,21
1761620874.6540508,0,-1,33
1761620874.6910508,-5,3,28
1761620874.7300508,2,0,44
1761620874.768051,3,-2,39
1761620874.8040507,5,-3,45
1761620874.8410506,-3,-3,37
1761620874.880051,-7,0,43
1761620874.9180508,-1,-3,26
1761620874.9540508,2,0,32
1761620874.9910507,4,3,39
1761620875.0300508,3,5,35
1761620875.0660508,4,5,24
1761620875.1030507,4,8,34
1761620875.1400506,0,4,38
1761620875.176051,-4,1,40
1761620875.2130508,-1,1,33
1761620875.2510507,0,1,31
1761620875.2890508,-1,-5,45
1761620875.3250508,4,-4,45
1761620875.3620508,1,-1,41
1761620875.4000506,0,-5,32
1761620875.436051,-1,0,42
1761620875.4740508,-3,-3,35
1761620875.5120506,-5,-3,29
1761620875.551051,-8,-1,31
1761620875.5890508,-9,0,34
1761620875.6250508,-8,-3,30
1761620875.6620507,-17,3,24
1761620875.7000508,-3,3,27
1761620875.7360508,1,-1,33
1761620875.7730508,0,-1,32
1761620875.8100507,-1,-3,29
1761620875.8490508,-3,0,27
1761620875.8850508,-5,1,27
1761620875.9220507,-3,-4,31
1761620875.9610507,4,-5,39
1761620875.9990506,-1,1,41
1761620876.0350506,-1,-2,34
1761620876.0720508,4,-2,30
1761620876.110051,11,-2,27
1761620876.1460507,-5,0,35
1761620876.1840508,2,0,32
1761620876.2210507,9,-4,25
1761620876.2590508,1,2,33
1761620876.2950506,-1,0,35
1761620876.3320508,-1,2,34
1761620876.370051,0,3,33
1761620876.4060507,-6,-3,29
1761620876.4430506,3,-4,42
1761620876.4810507,4,-5,34
1761620876.5190508,12,-3,37
1761620876.5550506,11,-5,37
1761620876.5920508,0,9,31
1761620876.630051,-5,-7,37
1761620876.666051,-5,0,42
1761620876.7030506,-9,-4,33
1761620876.7410507,-6,3,30
1761620876.7790508,0,3,36
1761620876.8150508,5,-2,29
1761620876.8520508,-5,0,34
1761620876.8910508,2,-3,31
1761620876.9290507,-5,1,40
1761620876.9650507,-7,5,34
1761620877.0030508,3,1,34
1761620877.041051,4,2,35
1761620877.0770507,0,-1,30
1761620877.1140506,1,-6,30
1761620877.1510508,1,-2,45
1761620877.1870508,5,0,43
1761620877.2250507,3,-1,42
1761620877.2620506,3,4,46
1761620877.3000507,-5,-6,39
1761620877.3360507,0,-4,37
1761620877.3730507,4,3,31
1761620877.4110508,-1,2,36
1761620877.4470508,0,0,37
1761620877.4840508,2,8,35
1761620877.5210507,3,0,33
1761620877.5570507,1,-3,40
1761620877.5950508,0,-8,50
1761620877.6320508,0,-3,39
1761620877.6700506,2,1,37
1761620877.7060506,2,0,36
1761620877.7430508,1,-3,35
1761620877.7810507,-1,-3,26
1761620877.8200507,0,-1,25
1761620877.8560507,5,-1,19
1761620877.893051,-4,-2,28
1761620877.9310508,0,3,28
1761620877.9670508,3,5,31
1761620878.0040507,7,0,36
1761620878.0420508,3,-5,40
1761620878.0800507,7,-4,45
1761620878.1160507,2,-7,29
1761620878.1540508,1,0,38
1761620878.1920507,-3,-1,39
1761620878.2300508,0,-3,36
1761620878.2660508,1,-3,44
1761620878.3040507,9,1,39
1761620878.3420508,4,-5,26
1761620878.380051,6,-3,43
1761620878.416051,8,-5,40
1761620878.4530506,3,-2,36
1761620878.4920506,-6,1,34
1761620878.5300508,3,6,31
1761620878.5660508,2,-4,35
1761620878.6030507,4,-10,36
1761620878.6410508,-4,2,27
1761620878.6770508,-6,6,35
1761620878.7140508,-6,3,41
1761620878.7520506,3,0,33
1761620878.7900507,0,-2,38
1761620878.8260508,-1,-7,28
1761620878.8630507,-5,-5,31
1761620878.9020507,-1,-2,33
1761620878.9400508,-3,-2,28
1761620878.9760506,7,-4,27
1761620879.0130508,4,-9,34
1761620879.051051,-1,-2,36
1761620879.087051,-1,-4,39
1761620879.1240506,-5,3,37
1761620879.1620507,-5,-3,35
1761620879.2010508,-3,0,26
1761620879.2370508,0,-3,33
1761620879.2740507,-3,-9,41
1761620879.3120508,-2,-3,38
1761620879.3510506,0,-7,27
1761620879.3870506,-3,0,37
1761620879.4240508,-5,0,32
1761620879.462051,-7,3,29
1761620879.5010507,-2,-1,40
1761620879.5370507,-4,-6,44
1761620879.574051,0,-5,35
1761620879.6120508,-2,-4,42
1761620879.6510508,-3,-2,33
1761620879.6870508,2,1,37
1761620879.7240508,-5,-1,30
1761620879.7620506,-2,0,44
1761620879.7980506,3,0,37
1761620879.8350508,0,0,34
1761620879.8720508,0,-5,40
1761620879.9080508,-4,-4,43
1761620879.9450507,2,-5,46
1761620879.982051,2,-9,32
1761620880.0210507,8,-7,36
1761620880.0570507,0,-5,50
1761620880.0950508,0,-2,46
1761620880.1320508,0,0,44
1761620880.1680508,1,1,31
1761620880.2060506,0,-2,25
1761620880.2440507,-1,1,34
1761620880.2820508,-3,1,21
1761620880.3180506,-3,-1,37
1761620880.3550508,-8,-6,36
1761620880.393051,0,-6,30
1761620880.4310508,5,7,41
1761620880.4670508,-1,6,42
1761620880.5040507,1,3,38
1761620880.5420508,-1,-1,45
1761620880.5780506,1,-6,41
1761620880.6160507,0,0,42
1761620880.653051,3,5,33
1761620880.6910508,10,1,36
1761620880.7270508,6,-1,37
1761620880.7640507,0,0,29
1761620880.8020508,5,-4,32
1761620880.8380508,-4,0,41
1761620880.8750508,-6,-2,45
1761620880.913051,4,9,48
1761620880.9510508,-3,3,49
1761620880.9870508,-1,-1,47
1761620881.0250506,2,-4,41
1761620881.0630507,0,-2,46
1761620881.1010506,3,-7,52
1761620881.1370506,5,-10,44
1761620881.1750507,4,-8,31
1761620881.2130508,-4,-7,41
1761620881.2510507,-3,1,32
1761620881.2870507,5,-2,33
1761620881.3250508,-1,2,43
1761620881.3630507,4,-3,45
1761620881.4010508,15,-3,42
1761620881.4370508,12,1,35
1761620881.4740508,-2,3,38
1761620881.5130508,-11,-1,32
1761620881.5490508,-2,0,34
1761620881.5860507,0,-3,35
1761620881.6240506,0,-5,37
1761620881.663051,3,-8,42
1761620881.699051,0,-2,34
1761620881.7360508,-5,-12,35
1761620881.7750506,-5,-4,42
1761620881.8130507,-4,-3,36
1761620881.8490508,-4,-2,38
1761620881.8860507,-3,-2,37
1761620881.9240508,0,-3,37
1761620881.9630508,0,-7,36
1761620881.9990506,-2,0,34
1761620882.0360508,0,0,38
1761620882.0730507,-2,0,37
1761620882.1090508,2,-2,31
1761620882.1470506,0,-1,31
1761620882.1850507,-2,-2,30
1761620882.2230508,2,1,33
1761620882.2590508,2,-1,32
1761620882.2970507,1,-3,32
1761620882.334051,2,0,42
1761620882.3730507,5,0,34
1761620882.4090507,0,3,31
1761620882.4460506,5,-5,36
1761620882.4840508,-2,-4,35
1761620882.5230508,6,-2,33
1761620882.5600507,8,0,36
1761620882.597051,0,0,43
1761620882.6340508,-3,-3,43
1761620882.6730506,0,-1,42
1761620882.709051,-1,-3,35
1761620882.7470508,3,-4,31
1761620882.7840507,-1,-5,20
1761620882.8230507,-2,-8,36
1761620882.860051,-3,-6,41
1761620882.8970506,-6,-5,35
1761620882.9350507,0,2,31
1761620882.9730508,-2,-6,40
1761620883.0100508,-3,-2,43
1761620883.0470507,2,0,30
1761620883.084051,5,-4,35
1761620883.1220508,0,-3,36
1761620883.1580508,-1,0,28
1761620883.1950507,0,1,29
1761620883.2330508,2,-3,31
1761620883.2690508,1,-2,37
1761620883.3060508,-4,-1,36
1761620883.3520508,0,1,40
1761620883.3880508,0,-5,42
1761620883.4250507,-4,-2,33
1761620883.4640508,-1,1,33
1761620883.5020506,2,-4,28
1761620883.538051,-5,-4,30
1761620883.5750508,-1,2,26
1761620883.6130507,-8,1,25
1761620883.6490507,5,-1,33
1761620883.686051,0,1,33
1761620883.7240508,-4,-6,41
1761620883.7600508,1,-8,45
1761620883.7970507,-2,-6,40
1761620883.8350508,1,4,32
1761620883.8730507,6,6,35
1761620883.9090507,4,0,48
1761620883.9470508,0,-3,37
1761620883.9840508,-4,1,44
1761620884.0230508,0,-6,54
1761620884.0590508,2,-5,42
1761620884.097051,5,-5,42
1761620884.1340508,3,-3,41
1761620884.1730506,-6,0,43
1761620884.209051,-2,0,30
1761620884.2460508,2,-2,35
1761620884.2840507,6,-3,24
1761620884.3230507,6,3,38
1761620884.3590508,-1,4,33
1761620884.3960507,0,-2,37
1761620884.4340508,-2,2,47
1761620884.4730508,1,-1,39
1761620884.5090508,5,-3,42
1761620884.5460508,9,2,23
1761620884.5850508,-4,2,39
1761620884.6230507,0,0,36
1761620884.6590507,0,-6,43
1761620884.6970508,4,-4,42
1761620884.735051,8,-7,47
1761620884.7730508,-1,-12,45
1761620884.8100507,-3,-3,40
1761620884.847051,0,-5,38
1761620884.8850508,-1,-6,34
1761620884.9230506,1,-1,39
1761620884.959051,9,0,36
1761620884.9960508,2,-1,44
1761620885.0350506,-2,-4,33
1761620885.0730507,0,2,29
1761620885.1090508,-7,-2,23
1761620885.1470506,1,-2,25
1761620885.1850507,1,1,36
1761620885.2230508,-2,-1,41
1761620885.2590508,-7,2,28
1761620885.2970507,-8,2,38
1761620885.3350508,-2,-1,35
1761620885.3730507,2,0,28
1761620885.4090507,2,-8,29
1761620885.4470508,-3,6,26
1761620885.485051,1,-5,24
1761620885.5230508,-1,0,30
1761620885.5590508,3,1,35
1761620885.5960507,7,-8,42
1761620885.6350508,0,-6,31
1761620885.6730506,0,1,36
1761620885.709051,10,0,30
1761620885.7460508,6,-5,39
1761620885.7850506,0,-4,40
1761620885.8210506,2,-5,34
1761620885.8580508,-3,-5,38
1761620885.8960507,-4,0,45
1761620885.9340508,2,2,43
1761620885.9700508,2,3,39
1761620886.0070508,0,0,37
1761620886.0450506,0,2,35
1761620886.0810506,-2,-1,42
1761620886.1180508,-2,-5,37
1761620886.1560507,1,-7,32
1761620886.1940508,-3,-2,35
1761620886.2300508,1,-4,31
1761620886.2670507,0,0,44
1761620886.3050506,3,9,27
1761620886.3410506,-9,4,22
1761620886.3790507,-11,2,27
1761620886.4170508,-9,-4,30
1761620886.4550507,1,-3,44
1761620886.4910507,2,4,35
1761620886.5290508,7,-5,37
1761620886.5670507,3,-4,34
1761620886.6050508,0,-1,24
1761620886.6410508,-2,4,30
1761620886.6790507,1,2,28
1761620886.7170508,4,0,44
1761620886.755051,7,0,41
1761620886.791051,5,2,36
1761620886.8290508,1,-2,39
1761620886.8660507,0,0,37
1761620886.9040508,6,-6,34
1761620886.9400508,5,0,41
1761620886.9770508,-2,-1,42
1761620887.0160508,-7,3,49
1761620887.0540507,-2,5,42
1761620887.0900507,0,1,31
1761620887.1270506,0,-5,43
1761620887.1650507,0,-11,37
1761620887.2010508,0,-3,30
1761620887.2380507,4,-8,44
1761620887.2760508,3,-8,32
1761620887.3150508,0,-9,29
1761620887.3510506,-2,-10,28
1761620887.3890507,-1,-3,27
1761620887.4270508,1,-5,23
1761620887.4650507,-2,-3,27
1761620887.5010507,-4,-3,31
1761620887.538051,-1,-5,42
1761620887.5760508,-1,2,38
1761620887.6150508,5,7,35
1761620887.6510508,8,-1,35
1761620887.6880507,-7,-7,34
1761620887.7260506,-5,1,34
1761620887.7640507,-9,-1,36
1761620887.8000507,-8,-6,30
1761620887.837051,1,2,31
1761620887.8750508,5,-5,24
1761620887.9110508,3,-5,17
1761620887.9480507,-6,-1,28
1761620887.9860508,5,-2,24
1761620888.0220506,8,-3,25
1761620888.0590508,0,3,18
1761620888.0960507,2,-1,30
1761620888.1350508,-6,1,27
1761620888.1710508,-1,-2,20
1761620888.2080507,-1,3,24
1761620888.2460508,1,9,29
1761620888.2820508,-1,2,36
1761620888.3200507,-1,2,39
1761620888.3580508,-3,-2,26
1761620888.3960507,-10,3,35
1761620888.4320507,-4,0,34
1761620888.4690506,-5,-5,35
1761620888.5070508,-2,-3,42
1761620888.5460508,-6,-13,28
1761620888.5820508,-5,-3,31
1761620888.6190507,0,-8,30
1761620888.6560507,1,0,38
1761620888.6920507,-1,-4,39
1761620888.7300508,1,2,43
1761620888.7670507,-2,4,38
1761620888.8050506,3,-4,38
1761620888.8410506,-4,-2,34
1761620888.8780508,0,1,38
1761620888.916051,5,3,41
1761620888.9520507,2,6,31
1761620888.9890506,-7,0,27
1761620889.0270507,0,-3,43
1761620889.0650508,-2,-6,40
1761620889.1010506,-2,-2,38
1761620889.1390507,1,3,40
1761620889.1770508,-1,-4,45
1761620889.2150507,-7,-5,35
1761620889.2510507,4,-4,32
1761620889.2890508,2,-10,37
1761620889.3270507,-1,-4,54
1761620889.3650508,0,-2,50
1761620889.4010508,-8,0,38
1761620889.4380507,-3,1,27
1761620889.4770508,0,1,33
1761620889.5150506,-8,-7,29
1761620889.551051,-1,-4,35
1761620889.5890508,-5,-9,33
1761620889.6280508,-3,-4,35
1761620889.666051,-10,0,34
1761620889.7020507,-4,-1,38
1761620889.7400508,-2,-1,33
1761620889.778051,1,-5,39
1761620889.8160508,-5,-3,45
1761620889.8520508,0,-7,36
1761620889.8890507,2,2,45
1761620889.9270508,-4,-3,42
1761620889.9650507,-4,-4,28
1761620890.0010507,7,-6,29
1761620890.038051,-3,-2,35
1761620890.0770507,-1,-3,38
1761620890.1150508,1,-6,37
1761620890.1510508,0,-4,38
1761620890.1880507,-8,-3,46
1761620890.2270508,-5,-10,26
1761620890.2630508,-9,-10,24
1761620890.301051,3,-12,36
1761620890.3390508,-4,-5,40
1761620890.3770506,-8,-5,32
1761620890.416051,-3,-5,32
1761620890.4520507,1,-6,36
1761620890.4890506,1,-5,32
1761620890.5270507,-3,1,37
1761620890.5660508,0,-1,39
1761620890.6020508,2,-1,37
1761620890.6390507,10,-4,36
1761620890.6780508,3,-6,37
1761620890.7160506,8,2,48
1761620890.7520506,0,1,34
1761620890.7890508,-5,-1,28
1761620890.8280506,-7,-4,33
1761620890.8660507,5,-4,36
1761620890.9020507,3,2,34
1761620890.939051,-2,-3,32
1761620890.9770508,2,5,50
1761620891.0130508,-2,-2,49
1761620891.051051,-3,-5,36
1761620891.0890508,-10,0,33
1761620891.1280508,-2,4,40
1761620891.166051,-2,0,28
1761620891.2020507,-4,-1,32
1761620891.2400508,-3,-1,16
1761620891.278051,-3,-10,18
1761620891.3170507,-6,-5,36
1761620891.3530507,-3,0,29
1761620891.3900506,6,-6,35
1761620891.4280508,9,-4,23
1761620891.4660506,7,-11,37
1761620891.5020506,0,-6,36
1761620891.5400507,0,-5,41
1761620891.5780506,-3,-2,29
1761620891.6160507,4,-10,39
1761620891.6520507,2,-1,39
1761620891.6900508,5,0,41
1761620891.7280507,0,-1,45
1761620891.7660508,0,4,41
1761620891.8020508,1,4,33
1761620891.8390508,-7,-6,32
1761620891.8780508,-2,-1,25
1761620891.916051,-8,-4,32
1761620891.9530506,0,0,36
1761620891.9900508,4,-3,31
1761620892.028051,1,0,25
1761620892.0660508,-6,-5,25
1761620892.1020508,1,-6,35
1761620892.1400506,-3,-3,36
1761620892.1780508,-5,-8,23
1761620892.2160506,-2,-3,30
1761620892.2520506,0,4,37
1761620892.2900507,5,-3,38
1761620892.3280506,-7,-3,38
1761620892.3660507,2,-5,32
1761620892.4020507,0,-4,36
1761620892.439051,0,-4,35
1761620892.4780507,1,-4,42
1761620892.5140507,3,-5,38
1761620892.551051,-4,-1,30
1761620892.5890508,-1,-3,29
1761620892.6280508,1,-3,33
1761620892.6640508,2,-3,31
1761620892.7020507,5,-2,22
1761620892.7390506,-1,-8,26
1761620892.778051,5,0,27
1761620892.814051,4,0,31
1761620892.8510506,5,-1,39
1761620892.8890507,-2,-2,27
1761620892.9280508,8,0,24
1761620892.9640508,10,0,24
1761620893.0010507,6,-2,20
1761620893.0400507,6,-4,31
1761620893.0780506,-4,-2,35
1761620893.1140506,0,0,29
1761620893.1510508,0,2,36
1761620893.189051,2,1,34
1761620893.2270508,0,1,29
1761620893.2630508,-7,-4,40
1761620893.3000507,3,-1,34
1761620893.3380508,4,-2,27
1761620893.3820508,4,-1,30
1761620893.4200506,-4,-6,38
1761620893.459051,-1,-8,33
1761620893.4970508,3,-8,29
1761620893.5330508,2,-1,20
1761620893.5700507,4,-3,26
1761620893.6080508,4,-2,38
1761620893.6450508,2,3,37
1761620893.6820507,1,2,32
1761620893.7200508,-6,0,34
1761620893.758051,0,-6,33
1761620893.7940507,1,-4,39
1761620893.8310506,1,-1,43
1761620893.8690507,-4,-1,31
1761620893.9080508,-3,-3,33
1761620893.9440508,3,0,37
1761620893.9810507,2,-3,53
1761620894.0190508,-2,3,44
1761620894.0570507,-3,5,40
1761620894.0930507,-6,-1,43
1761620894.130051,-2,-4,40
1761620894.1690507,0,-6,38
1761620894.2070508,1,-9,34
1761620894.2430508,2,-9,39
1761620894.2800508,1,-7,46
1761620894.3180506,-2,-8,39
1761620894.3540506,-3,-1,36
1761620894.3910508,-6,2,39
1761620894.4290507,-1,0,41
1761620894.4650507,0,0,36
1761620894.5020506,-2,0,39
1761620894.5400507,1,3,22
1761620894.5780506,-2,0,40
1761620894.6140506,-6,-9,46
1761620894.6510508,1,-4,41
1761620894.689051,-1,-3,47
1761620894.7250507,-10,-6,35
1761620894.7630508,-6,0,32
1761620894.8000507,-2,0,34
1761620894.8380508,6,-6,33
1761620894.8740506,5,-6,21
1761620894.9110508,6,0,29
1761620894.949051,-4,3,30
1761620894.985051,-13,0,34
1761620895.0230508,-3,0,27
1761620895.0600507,0,-7,41
1761620895.0990508,4,-9,35
1761620895.1350508,2,-3,36
1761620895.1740508,-2,0,38
1761620895.2110507,0,-2,23
1761620895.2490506,-5,-1,36
1761620895.2850506,-8,-6,25
1761620895.3230507,0,0,34
1761620895.360051,-1,0,31
1761620895.3990507,-2,-1,37
1761620895.4350507,-5,1,46
1761620895.4730508,1,-5,40
1761620895.5110507,-1,-1,50
1761620895.5500507,-5,0,32
1761620895.5880508,0,-2,34
1761620895.6240506,1,-5,36
1761620895.6620507,0,-8,37
1761620895.7000508,3,-4,37
1761620895.7380507,0,-5,27
1761620895.7740507,-2,-1,37
1761620895.811051,-6,0,34
1761620895.8500507,0,1,30
1761620895.8880508,2,1,29
1761620895.9240508,0,0,39
1761620895.9610507,-2,0,40
1761620896.0000508,-3,0,32
1761620896.038051,1,-2,35
1761620896.074051,4,-1,27
1761620896.1110508,2,-2,27
1761620896.1500506,7,-7,32
1761620896.1880507,4,-2,35
1761620896.2240508,2,-2,29
1761620896.2610507,1,-4,26
1761620896.3000507,0,-2,27
1761620896.3380508,2,1,27
1761620896.3740506,0,-4,33
1761620896.4110508,-6,4,34
1761620896.4500508,-7,0,35
1761620896.4880507,-9,-2,40
1761620896.5240507,-6,0,44
1761620896.561051,1,0,28
1761620896.6000507,0,2,38
1761620896.6360507,1,3,42
1761620896.6740508,1,-4,31
1761620896.7110507,-5,-7,28
1761620896.7500508,0,-4,35
1761620896.7860508,0,-4,38
1761620896.824051,0,-6,38
1761620896.8610508,-1,-10,29
1761620896.9000506,-5,-2,49
1761620896.936051,-1,-9,38
1761620896.9740508,-2,-2,34
1761620897.0120506,6,-3,35
1761620897.0500507,2,-2,47
1761620897.0860507,4,0,47
1761620897.1230507,-6,0,40
1761620897.1600506,-5,0,41
1761620897.1960506,3,2,45
1761620897.2330508,7,0,36
1761620897.2700508,3,-1,50
1761620897.3090508,-7,-1,44
1761620897.3450508,-4,-1,31
1761620897.383051,-1,-7,32
1761620897.4220507,0,1,34
1761620897.4600508,-4,0,38
1761620897.4960508,-5,2,33
1761620897.5330508,-8,3,33
1761620897.5710506,0,0,30
1761620897.6090508,5,2,45
1761620897.6450508,-2,2,46
1761620897.6830506,1,2,48
1761620897.7210507,5,4,30
1761620897.7590508,-1,1,46
1761620897.7950506,2,4,45
1761620897.8330507,-1,1,46
1761620897.8710508,0,2,41
1761620897.9090507,3,-2,33
1761620897.9450507,0,-6,39
1761620897.9830508,-6,-5,33
1761620898.0210507,1,-6,34
1761620898.0590508,1,-6,30
1761620898.0950508,9,-4,27
1761620898.1320508,0,0,38
1761620898.1710508,-3,-6,37
1761620898.209051,0,-8,41
1761620898.245051,0,-4,40
1761620898.2820508,-9,-3,40
1761620898.3210506,-4,-6,42
1761620898.3590508,-8,-1,32
1761620898.3950508,0,-8,24
1761620898.4320507,-1,-6,24
1761620898.4710507,0,-5,27
1761620898.5090508,-3,-7,39
1761620898.5450506,-4,-5,33
1761620898.5820508,0,2,36
1761620898.620051,-1,11,29
1761620898.6560507,0,-1,40
1761620898.6930506,0,-5,37
1761620898.7310507,-6,-3,37
1761620898.7700508,-1,0,37
1761620898.8060508,0,0,37
1761620898.8430507,-3,0,38
1761620898.8810508,-1,-6,44
1761620898.9200506,-2,-4,40
1761620898.9560506,1,-6,39
1761620898.9930508,1,-3,31
1761620899.0310507,1,-7,28
1761620899.0670507,-3,1,32
1761620899.1040506,4,-1,37
1761620899.1420507,3,-3,32
1761620899.1810508,0,-3,30
1761620899.2170508,-6,-3,36
1761620899.255051,3,-3,33
1761620899.2930508,3,-2,35
1761620899.3310506,0,-3,34
1761620899.3670506,-1,0,38
1761620899.4050508,-4,1,33
1761620899.4420507,-3,3,38
1761620899.4800508,-8,0,36
1761620899.5160508,-3,-1,44
1761620899.5530508,-1,-5,25
1761620899.5910506,-1,-10,28
1761620899.630051,-2,-5,22
1761620899.666051,-1,1,24
1761620899.7030506,-3,0,34
1761620899.7410507,-1,-7,37
1761620899.7770507,0,4,39
1761620899.814051,-10,-1,31
1761620899.8520508,-7,-2,38
1761620899.8910508,-4,6,33
1761620899.9270508,-1,-2,37
1761620899.9640508,-2,4,29
1761620900.0020506,0,-3,29
1761620900.041051,3,-1,30
1761620900.0770507,5,2,40
1761620900.1140506,6,2,36
1761620900.1520507,6,-3,37
1761620900.1900508,-2,-3,26
1761620900.2260506,-1,-5,13
1761620900.2630508,-2,1,24
1761620900.3020508,0,-3,36
1761620900.3400507,3,0,37
1761620900.3760507,0,-7,42
1761620900.413051,1,-1,41
1761620900.4520507,-5,0,36
1761620900.4900508,5,-4,38
1761620900.5260508,7,-6,34
1761620900.5630507,0,-4,37
1761620900.6020508,-1,0,35
1761620900.6400506,3,-2,37
1761620900.676051,2,-7,36
1761620900.7130508,6,-1,34
1761620900.7520506,-5,2,24
1761620900.7900507,-6,-4,30
1761620900.8260508,0,0,22
1761620900.8630507,0,0,39
1761620900.9020507,2,2,34
1761620900.9400508,-7,2,35
1761620900.9760506,-3,1,41
1761620901.0130508,-3,-4,35
1761620901.0520508,-1,-6,39
1761620901.0880508,-2,-4,33
1761620901.1260507,3,-1,35
1761620901.163051,10,0,38
1761620901.2010508,5,0,31
1761620901.2370508,7,-5,29
1761620901.2740507,0,-5,30
1761620901.3120508,0,-3,28
1761620901.3480508,-3,-7,31
1761620901.3860507,-6,-9,39
1761620901.4240508,-1,2,39
1761620901.462051,-1,-1,41
1761620901.5010507,-5,0,37
1761620901.5370507,-2,-1,36
1761620901.574051,-6,1,39
1761620901.6120508,0,-1,29
1761620901.6480508,-4,-2,33
1761620901.6850507,-1,-1,37
1761620901.7240508,0,5,47
1761620901.7620506,3,1,36
1761620901.7980506,6,0,42
1761620901.8350508,-2,-3,26
1761620901.8730507,-6,0,39
1761620901.9120507,0,5,40
1761620901.9480507,1,6,37
1761620901.985051,2,3,32
1761620902.0230508,4,1,37
1761620902.061051,-3,-3,29
1761620902.097051,-4,-2,30
1761620902.1350508,-1,-6,45
1761620902.1730506,-2,-5,35
1761620902.212051,1,-1,37
1761620902.2480507,-3,-5,36
1761620902.2870507,-4,-3,38
1761620902.3250508,0,0,39
1761620902.3630507,0,-1,36
1761620902.4010508,-2,-9,31
1761620902.4370508,0,-6,37
1761620902.4740508,-9,-2,33
1761620902.5130508,0,-8,37
1761620902.551051,-7,-10,33
1761620902.587051,0,-7,40
1761620902.6240506,-2,-8,38
1761620902.663051,1,1,25
1761620902.7010508,4,1,36
1761620902.7370508,3,-5,36
1761620902.7740507,1,4,48
1761620902.8120508,12,1,48
1761620902.8480508,8,0,48
1761620902.8850508,9,-2,29
1761620902.9230506,5,1,30
1761620902.9610507,0,3,29
1761620902.9970508,0,-1,35
1761620903.0340507,3,-2,38
1761620903.0720508,-5,-5,19
1761620903.1080508,-4,-5,24
1761620903.1450508,-2,-1,38
1761620903.1830506,-4,-1,40
1761620903.222051,0,-6,34
1761620903.258051,-3,0,30
1761620903.2950506,-3,-1,22
1761620903.3330507,0,0,43
1761620903.3690507,2,-1,34
1761620903.4200506,-1,0,39
1761620903.4570508,-2,-3,35
1761620903.495051,0,-1,32
1761620903.5330508,-1,-5,42
1761620903.5690508,0,0,34
1761620903.607051,0,2,38
1761620903.6440508,-2,2,33
1761620903.6830506,0,0,46
1761620903.7190506,-8,0,37
1761620903.7570508,-16,-4,33
1761620903.7950506,-5,1,42
1761620903.8330507,1,6,40
1761620903.8690507,-2,7,37
1761620903.9070508,2,2,34
1761620903.9440508,0,-2,41
1761620903.9830508,-2,-1,45
1761620904.0190508,-4,-3,47
1761620904.0580506,-1,0,47
1761620904.0950508,2,2,24
1761620904.133051,2,-5,38
1761620904.1690507,9,-1,40
1761620904.2080507,0,-3,26
1761620904.245051,2,-8,26
1761620904.2830508,-4,-7,30
1761620904.3190508,-3,-2,35
1761620904.357051,-6,0,29
1761620904.3950508,-2,3,37
1761620904.4330506,-4,-2,39
1761620904.4690506,2,-6,38
1761620904.5070508,-7,-2,35
1761620904.5450506,-7,-4,24
1761620904.584051,-3,0,25
1761620904.6220508,1,-3,37
1761620904.6580508,-2,1,32
1761620904.6960506,5,-2,33
1761620904.7340508,0,-1,33
1761620904.7720506,1,-2,43
1761620904.8080506,-3,-10,43
1761620904.8450508,-12,-2,34
1761620904.8840508,-4,-4,30
1761620904.9220507,-3,0,26
1761620904.959051,-6,4,22
1761620904.9960508,-3,-4,28
1761620905.0340507,-6,-5,41
1761620905.0730507,0,0,27
1761620905.1090508,3,1,32
1761620905.1460507,4,-2,33
1761620905.1840508,2,0,35
1761620905.222051,0,-1,31
1761620905.2590508,4,1,34
1761620905.2960508,8,4,39
1761620905.334051,1,-2,34
1761620905.370051,-2,2,47
1761620905.4070508,-1,3,28
1761620905.4440508,-1,-1,21
1761620905.4830508,-4,-4,33
1761620905.5190508,-8,-3,26
1761620905.5570507,-1,-1,25
1761620905.5960507,-1,0,31
1761620905.6340508,-3,0,30
1761620905.6700506,-1,-3,41
1761620905.7070508,3,-6,36
1761620905.7440507,0,2,27
1761620905.7800508,-1,2,34
1761620905.8180506,0,-8,31
1761620905.8550508,-4,0,40
1761620905.893051,-3,-2,33
1761620905.9290507,-2,1,24
1761620905.9660506,-2,-5,32
1761620906.005051,2,0,37
1761620906.0430508,-3,0,41
1761620906.0790508,-7,-11,34
1761620906.1160507,1,-7,33
1761620906.1550508,-1,-1,40
1761620906.1930506,0,1,40
1761620906.2290506,0,1,35
1761620906.2660508,-5,-2,34
1761620906.3050506,0,3,32
1761620906.3430507,-5,0,30
1761620906.3790507,-6,-1,31
1761620906.416051,2,-1,32
1761620906.4540508,1,2,30
1761620906.4900508,-5,1,48
1761620906.528051,0,3,38
1761620906.5650508,-5,2,37
1761620906.6030507,-3,-4,38
1761620906.6390507,-4,-3,33
1761620906.676051,-4,-1,30
1761620906.7150507,0,-3,35
1761620906.7530508,3,3,35
1761620906.7890508,-1,0,26
1761620906.8260508,0,0,39
1761620906.8640506,-3,-6,30
1761620906.9000506,0,-7,36
1761620906.9370508,3,-1,35
1761620906.9750507,0,-5,36
1761620907.0130508,-1,1,29
1761620907.0490508,1,-1,35
1761620907.087051,4,1,32
1761620907.1250508,1,0,32
1761620907.163051,-4,-3,37
1761620907.199051,-1,1,24
1761620907.2370508,-1,0,31
1761620907.2750506,0,0,39
1761620907.3130507,6,0,42
1761620907.3490508,2,-3,37
1761620907.3870506,3,-4,32
1761620907.4250507,-4,0,37
1761620907.4630508,0,0,30
1761620907.4990506,3,-3,33
1761620907.5370507,-1,6,40
1761620907.5750508,-1,4,36
1761620907.6110508,0,-7,48
1761620907.6480508,-1,-6,34
1761620907.686051,-1,4,33
1761620907.7240508,0,-1,43
1761620907.7600508,6,-2,32
1761620907.7970507,0,2,39
1761620907.8350508,2,2,41
1761620907.8710508,-4,6,34
1761620907.9080508,-3,-5,32
1761620907.9460506,4,-8,40
1761620907.985051,0,-6,32
1761620908.0210507,-3,-3,29
1761620908.0580506,-4,-1,30
1761620908.0960507,-6,-7,33
1761620908.1350508,-5,-2,32
1761620908.1710508,1,-4,25
1761620908.2080507,3,-4,38
1761620908.245051,-2,-6,32
1761620908.2840507,3,-6,31
1761620908.3200507,2,-1,28
1761620908.357051,-4,-1,23
1761620908.3950508,-2,0,34
1761620908.4310508,0,5,34
1761620908.4690506,-4,0,26
1761620908.5060508,-3,-6,29
1761620908.5450506,-2,2,21
1761620908.5810506,-4,-6,29
1761620908.6190507,-1,-2,35
1761620908.6560507,-11,-3,41
1761620908.6950507,-8,1,34
1761620908.7310507,-7,2,31
1761620908.7690508,-8,0,39
1761620908.8060508,-1,-6,31
1761620908.8450508,-2,-1,39
1761620908.8810508,-1,-1,40
1761620908.9190507,0,-7,33
1761620908.9560506,-2,-5,32
1761620908.995051,3,-2,34
1761620909.0310507,1,3,40
1761620909.0690508,4,1,35
1761620909.1060507,1,-3,33
1761620909.1440508,-5,0,31
1761620909.1800506,-4,-5,38
1761620909.2180507,0,-1,44
1761620909.2560508,-1,5,32
1761620909.2950506,-2,-2,31
1761620909.3310506,-4,3,36
1761620909.3680508,-2,3,18
1761620909.4060507,-7,-4,41
1761620909.4450507,0,-4,40
1761620909.4810507,-1,2,40
1761620909.518051,-5,-2,26
1761620909.5560508,-4,-5,20
1761620909.5950508,2,-2,26
1761620909.6310508,2,4,46
1761620909.6690507,-6,0,39
1761620909.7060506,-3,-2,32
1761620909.745051,-1,1,24
1761620909.7810507,-4,2,29
1761620909.8180506,3,-3,27
1761620909.8560507,-2,0,28
1761620909.8920507,3,-14,27
1761620909.9290507,-4,-2,32
1761620909.9670508,-2,0,40
1761620910.0060508,-4,3,27
1761620910.0420508,0,0,23
1761620910.0790508,-3,-5,30
1761620910.1170506,-6,0,25
1761620910.1560507,-3,0,39
1761620910.1920507,0,-5,33
1761620910.2290506,3,-2,36
1761620910.2660508,0,-4,30
1761620910.3020508,0,-3,31
1761620910.3400507,6,-3,38
1761620910.3770506,3,0,42
1761620910.4150507,6,-1,31
1761620910.4510508,1,-6,34
1761620910.4880507,2,-8,33
1761620910.5260508,3,-2,41
1761620910.5620508,1,-4,37
1761620910.5990508,4,-4,25
1761620910.6370506,4,-7,34
1761620910.6750507,-1,-5,33
1761620910.7110507,1,-1,31
1761620910.7480507,-4,-4,36
1761620910.7870507,-3,-4,30
1761620910.8250508,-2,-2,30
1761620910.8610508,-6,5,36
1761620910.8980508,-8,3,42
1761620910.936051,-2,0,28
1761620910.972051,0,0,36
1761620911.0090508,0,-10,40
1761620911.0470507,-3,-2,41
1761620911.0850508,2,-1,36
1761620911.1210508,0,1,36
1761620911.1580508,3,-1,27
1761620911.1960506,7,12,37
1761620911.232051,-2,5,40
1761620911.2700508,0,2,36
1761620911.3070507,9,1,34
1761620911.3450508,0,7,33
1761620911.3810508,-3,6,29
1761620911.4180508,-21,-4,33
1761620911.4570508,-11,-2,35
1761620911.495051,-2,-8,36
1761620911.5310507,0,-7,41
1761620911.5680506,0,-3,47
1761620911.6060507,-2,-5,42
1761620911.6450508,-2,-4,39
1761620911.6810508,-3,0,39
1761620911.7180507,4,-3,27
1761620911.7570508,-2,0,29
1761620911.7950506,-8,-8,25
1761620911.8310506,-3,0,32
1761620911.8680508,-8,1,37
1761620911.9070508,-8,0,40
1761620911.9430506,-7,-6,38
1761620911.9800508,-5,-3,41
1761620912.018051,3,-3,36
1761620912.0560508,1,0,33
1761620912.0920508,-8,1,42
1761620912.130051,-5,5,30
1761620912.1670508,-1,-2,34
1761620912.2060506,7,-1,36
1761620912.2420506,-1,-4,35
1761620912.2810507,2,-5,42
1761620912.3180506,5,-9,39
1761620912.3560507,2,-7,32
1761620912.3920507,-3,-4,39
1761620912.4300506,0,-2,29
1761620912.4680507,0,-9,21
1761620912.5070508,-2,-4,30
1761620912.5430508,-2,-4,35
1761620912.5800507,-3,0,37
1761620912.6180508,-6,-4,29
1761620912.6570508,-5,-2,33
1761620912.6930506,-1,-1,43
1761620912.7300508,-2,0,45
1761620912.7670507,-1,-2,38
1761620912.8060508,1,-3,34
1761620912.8420508,0,-6,33
1761620912.880051,-1,2,33
1761620912.9180508,1,1,40
1761620912.9560506,3,4,40
1761620912.9920506,3,-4,44
1761620913.0290508,-2,-2,39
1761620913.0680506,-1,-3,36
1761620913.1060507,7,-3,41
1761620913.1420507,-1,2,48
1761620913.1800506,5,0,34
1761620913.2180507,-1,0,35
1761620913.2560508,7,-8,25
1761620913.2920508,-4,-5,32
1761620913.3300507,-2,-2,32
1761620913.3680508,-1,-3,29
1761620913.4070508,5,-3,34
1761620913.4510508,2,-2,42
1761620913.4890506,-1,3,36
1761620913.528051,-5,3,32
1761620913.5660508,-3,-1,32
1761620913.6020508,-6,-2,35
1761620913.6390507,-3,-4,44
1761620913.6780508,-1,1,23
1761620913.7160506,-2,3,31
1761620913.7520506,1,1,32
1761620913.7890508,5,-2,51
1761620913.8280506,0,-5,30
1761620913.8660507,-7,-9,34
1761620913.9020507,-5,-5,32
1761620913.9400508,10,-3,24
1761620913.9780507,3,-1,39
1761620914.0170507,1,-9,41
1761620914.0540507,-3,-6,46
1761620914.0910506,-7,-6,50
1761620914.1290507,0,-2,46
1761620914.1670508,1,0,44
1761620914.2040508,-2,0,39
1761620914.2410507,0,0,39
1761620914.278051,3,-1,35
1761620914.3170507,6,-1,39
1761620914.3540506,0,-4,36
1761620914.3910508,1,-3,31
1761620914.4290507,-1,-1,29
1761620914.4670508,-3,-4,20
1761620914.5030508,1,0,36
1761620914.541051,0,1,37
1761620914.5780506,8,3,33
1761620914.6140506,0,-1,32
1761620914.6510508,1,-6,36
1761620914.689051,7,-2,42
1761620914.7270508,-2,-5,40
1761620914.7630508,-6,-6,40
1761620914.8000507,1,-11,44
1761620914.8380508,-11,0,36
1761620914.8740506,-9,-5,40
1761620914.9110508,-2,-4,30
1761620914.949051,-4,-3,47
1761620914.9880507,-4,3,41
1761620915.0240507,0,1,39
1761620915.061051,3,5,39
1761620915.0990508,0,-5,32
1761620915.1370506,0,-1,41
1761620915.1730506,0,0,43
1761620915.2100508,0,-1,33
1761620915.2480507,-1,0,35
1761620915.2840507,0,-2,36
1761620915.3210506,3,-5,35
1761620915.3590508,-1,-3,36
1761620915.3980508,-6,6,37
1761620915.4340508,-3,0,29
1761620915.4710507,-8,0,32
1761620915.5090508,-4,0,39
1761620915.5470507,-3,0,32
1761620915.5830507,0,3,33
1761620915.6210508,-1,0,34
1761620915.6590507,0,-5,30
1761620915.6970508,5,-7,39
1761620915.7330508,2,-1,45
1761620915.7710507,-2,0,51
1761620915.8090508,-3,0,44
1761620915.847051,3,-2,38
1761620915.883051,-5,-3,42
1761620915.9210508,-4,0,41
1761620915.959051,-2,0,33
1761620915.9970508,-6,-2,34
1761620916.0330508,-5,-3,33
1761620916.0710506,-2,-3,46
1761620916.1090508,0,-7,35
1761620916.1470506,4,-1,42
1761620916.1830506,0,0,31
1761620916.2210507,3,-2,41
1761620916.2590508,0,-2,43
1761620916.2950506,-1,-6,39
1761620916.3320508,4,-2,36
1761620916.3690507,-4,0,29
1761620916.4050508,0,1,37
1761620916.4420507,3,-4,25
1761620916.4790506,3,-1,34
1761620916.5150506,0,0,24
1761620916.5520508,-11,1,38
1761620916.5910506,-1,4,32
1761620916.6290507,1,-4,30
1761620916.6650507,0,0,31
1761620916.7020507,-2,-1,38
1761620916.7410507,-3,7,35
1761620916.7790508,0,0,37
1761620916.8150508,0,-1,35
1761620916.8520508,-1,-3,31
1761620916.8910508,-1,-5,28
1761620916.9290507,3,-4,27
1761620916.9650507,5,-3,34
1761620917.0020506,0,-7,36
1761620917.041051,0,0,36
1761620917.0790508,0,0,43
1761620917.1150508,-1,-3,41
1761620917.1520507,0,0,39
1761620917.1910508,4,7,34
1761620917.2290506,0,5,36
1761620917.2650506,0,5,33
1761620917.3020508,4,1,25
1761620917.3400507,-5,4,31
1761620917.3780508,-1,-8,33
1761620917.4140508,1,-10,29
1761620917.4510508,-4,2,37
1761620917.4890506,-7,-2,31
1761620917.5250506,0,-3,41
1761620917.5620508,-3,-3,35
1761620917.6000507,-12,-7,31
1761620917.6390507,-5,1,24
1761620917.6750507,-14,6,31
1761620917.712051,-2,4,39
1761620917.7500508,-11,8,40
1761620917.788051,-4,8,43
1761620917.824051,-1,0,34
1761620917.8610508,-2,0,33
1761620917.9000506,0,0,42
1761620917.9380507,1,0,32
1761620917.9740508,3,2,37
1761620918.0110507,6,-3,39
1761620918.0500507,0,-1,37
1761620918.0880508,-2,0,37
1761620918.1240506,1,2,42
1761620918.1620507,0,-2,39
1761620918.2000508,-3,1,41
1761620918.2380507,-1,2,41
1761620918.2740507,-1,0,40
1761620918.311051,0,0,32
1761620918.3490508,-3,-4,37
1761620918.3850508,-4,3,36
1761620918.4230506,-4,2,40
1761620918.4610507,1,-3,32
1761620918.4990506,-3,0,43
1761620918.5350506,-4,1,36
1761620918.5730507,-1,-1,42
1761620918.6110508,0,-2,32
1761620918.6500506,-1,2,36
1761620918.686051,-2,1,32
1761620918.7230508,0,0,40
1761620918.7600508,-9,0,48
1761620918.7990508,-5,-1,34
1761620918.8350508,-7,-5,45
1761620918.8730507,2,-7,48
1761620918.9100506,0,-7,33
1761620918.949051,-3,-3,38
1761620918.985051,-5,-3,36
1761620919.0230508,0,-3,36
1761620919.0600507,-2,0,38
1761620919.0990508,-1,-5,34
1761620919.1350508,-1,-1,36
1761620919.1730506,-1,-8,42
1761620919.2110507,5,-4,39
1761620919.2490506,-1,1,34
1761620919.2850506,0,2,43
1761620919.3230507,2,-3,29
1761620919.3610508,-3,-2,37
1761620919.4000506,-11,-6,28
1761620919.436051,-18,0,36
1761620919.4730508,-9,0,25
1761620919.5110507,-8,5,32
1761620919.5490508,0,-1,23
1761620919.5850508,-1,-3,26
1761620919.6230507,-1,-2,35
1761620919.6610508,4,2,35
1761620919.699051,7,1,38
1761620919.735051,4,2,37
1761620919.7730508,2,1,39
1761620919.811051,1,0,32
1761620919.8490508,-3,0,32
1761620919.8850508,4,-4,37
1761620919.9230506,0,-1,38
1761620919.9610507,1,-1,33
1761620919.9990506,3,2,50
1761620920.0350506,6,1,42
1761620920.0730507,0,0,38
1761620920.1110508,-6,-2,34
1761620920.1490507,5,-5,34
1761620920.1850507,7,-4,37
1761620920.2230508,-6,3,40
1761620920.2610507,-5,-2,43
1761620920.2990508,-7,-2,42
1761620920.3350508,1,-4,49
1761620920.3730507,0,-1,55
1761620920.4110508,0,-1,47
1761620920.449051,1,0,40
1761620920.485051,4,-8,39
1761620920.5230508,3,-1,35
1761620920.561051,0,-6,33
1761620920.597051,-1,-3,30
1761620920.6340508,-5,-13,33
1761620920.6720507,-1,-10,39
1761620920.7110507,-7,-5,43
1761620920.7470508,-14,-6,38
1761620920.7850506,-4,-5,30
1761620920.8230507,-2,-7,35
1761620920.8610508,0,0,29
1761620920.9000506,3,-4,32
1761620920.936051,-1,-5,31
1761620920.9730508,1,-2,48
1761620921.0110507,2,-4,41
1761620921.0470507,0,-6,34
1761620921.084051,0,4,31
1761620921.1210508,5,5,32
1761620921.1570508,2,1,22
1761620921.1940508,5,-6,22
1761620921.2310507,2,-2,17
1761620921.2670507,-6,-8,21
1761620921.3040507,-4,-3,33
1761620921.3420508,1,-1,31
1761620921.380051,5,-1,39
1761620921.416051,-6,0,41
1761620921.4530506,-1,0,37
1761620921.4910507,-1,-4,26
1761620921.5270507,-8,-6,36
1761620921.5650508,-4,1,32
1761620921.6020508,-1,-3,24
1761620921.6410508,-3,-3,32
1761620921.6770508,-6,-5,39
1761620921.7150507,5,0,29
1761620921.7530508,3,-3,38
1761620921.791051,2,-1,29
1761620921.8270507,-3,-3,26
1761620921.8650508,-4,5,29
1761620921.9020507,-9,2,28
1761620921.9410508,-8,-1,36
1761620921.9770508,-6,-2,38
1761620922.0140507,-7,-2,29
1761620922.0520508,-5,1,34
1761620922.0910506,-1,-3,30
1761620922.1270506,10,0,33
1761620922.1640508,1,-5,31
1761620922.2020507,5,-3,14
1761620922.2400508,3,-8,31
1761620922.2760508,-4,-7,48
1761620922.314051,0,-2,32
1761620922.3520508,0,-3,37
1761620922.3900506,8,1,35
1761620922.426051,7,-1,30
1761620922.4640508,-1,1,32
1761620922.5020506,-5,-5,28
1761620922.541051,-5,-6,36
1761620922.5770507,-9,-8,41
1761620922.6140506,-6,-9,41
1761620922.6520507,-2,-2,42
1761620922.6910508,-4,1,34
1761620922.7270508,-3,-4,29
1761620922.7640507,3,-3,41
1761620922.8020508,2,0,32
1761620922.8380508,-1,3,33
1761620922.8750508,-5,0,45
1761620922.9120507,-2,2,54
1761620922.9480507,-4,0,42
1761620922.985051,6,-3,37
1761620923.0230508,4,-5,28
1761620923.061051,5,-2,39
1761620923.097051,1,4,43
1761620923.1340508,3,0,41
1761620923.1720507,1,-8,33
1761620923.2080507,6,-4,24
1761620923.2460508,6,1,31
1761620923.2830508,4,1,34
1761620923.3210506,1,0,28
1761620923.357051,-1,-1,32
1761620923.3940508,8,0,39
1761620923.4320507,-3,2,36
1761620923.4760506,-6,1,40
1761620923.5140507,0,-1,33
1761620923.5520508,4,0,48
1761620923.5880508,0,1,37
1761620923.6250508,2,-1,35
1761620923.663051,6,-7,34
1761620923.7010508,4,-8,38
1761620923.7380507,0,-6,32
1761620923.7750506,0,-9,35
1761620923.8130507,3,-3,50
1761620923.8510506,-2,-5,43
1761620923.8870506,2,1,42
1761620923.9240508,2,2,38
1761620923.9630508,1,-4,37
1761620924.0010507,3,-10,30
1761620924.0370507,0,-5,31
1761620924.074051,1,-7,31
1761620924.1130507,0,-8,44
1761620924.1510508,3,3,48
1761620924.1870508,0,-5,38
1761620924.2250507,-1,3,26
1761620924.2630508,-1,-1,32
1761620924.301051,-2,5,42
1761620924.3380508,-3,2,41
1761620924.3750508,-2,4,36
1761620924.413051,10,1,33
1761620924.4510508,5,-7,37
1761620924.4870508,6,-2,34
1761620924.5250506,11,0,25
1761620924.5630507,2,3,42
1761620924.6010506,6,-2,39
1761620924.6370506,5,-3,32
1761620924.6740508,5,2,32
1761620924.712051,4,1,25
1761620924.7480507,-4,2,24
1761620924.7850506,-5,2,29
1761620924.8230507,-2,1,32
1761620924.8610508,-2,0,27
1761620924.8970506,-7,4,42
1761620924.9340508,-9,1,37
1761620924.972051,-6,3,26
1761620925.008051,0,2,21
1761620925.0460508,1,1,21
1761620925.0830507,0,-3,29
1761620925.1190507,3,-1,32
1761620925.1570508,4,1,24
1761620925.1940508,2,7,46
1761620925.232051,0,-1,45
1761620925.268051,0,0,39
1761620925.3050506,5,2,36
1761620925.3430507,5,3,33
1761620925.3790507,-1,0,31
1761620925.416051,-1,2,35
1761620925.4530506,-3,-3,42
1761620925.4920506,-5,-1,34
1761620925.528051,-3,2,38
1761620925.5650508,-7,0,36
1761620925.6030507,-6,-3,39
1761620925.6420507,0,-2,29
1761620925.6780508,-3,0,25
1761620925.7150507,5,1,31
1761620925.7530508,0,2,31
1761620925.7890508,4,0,39
1761620925.8260508,0,-4,41
1761620925.8640506,-2,-6,31
1761620925.9020507,-3,0,28
1761620925.9380507,6,6,31
1761620925.9750507,1,0,36
1761620926.0130508,4,-3,38
1761620926.0490508,5,-7,29
1761620926.0860507,4,1,34
1761620926.1240506,6,6,46
1761620926.163051,8,-5,33
1761620926.199051,15,-1,29
1761620926.2360508,5,5,27
1761620926.2740507,6,0,25
1761620926.3120508,4,-6,40
1761620926.3480508,-1,-2,27
1761620926.3860507,3,0,31
1761620926.4240508,1,6,30
1761620926.462051,7,4,34
1761620926.4980507,-2,-3,39
1761620926.5350506,2,-3,38
1761620926.5730507,-7,0,28
1761620926.6090508,-2,0,41
1761620926.6460507,-7,2,36
1761620926.6840508,-4,-3,39
1761620926.7230508,-3,-4,33
1761620926.7590508,-6,2,30
1761620926.7960508,-2,0,32
1761620926.834051,4,-7,35
1761620926.8720508,3,-3,45
1761620926.9080508,-2,0,45
1761620926.9450507,-1,7,33
1761620926.9840508,-1,0,29
1761620927.0220506,0,-4,43
1761620927.0580506,0,-3,42
1761620927.0960507,-3,-3,30
1761620927.1340508,-3,-4,25
1761620927.1700506,1,-15,30
1761620927.2070508,0,-3,33
1761620927.2440507,0,0,28
1761620927.2800508,4,-7,35
1761620927.3170507,11,-6,39
1761620927.3550508,9,-5,36
1761620927.393051,-4,0,39
1761620927.4290507,3,-3,33
1761620927.4660506,-1,0,36
1761620927.5040507,-2,-10,37
1761620927.5400507,3,0,39
1761620927.5770507,2,2,26
1761620927.6150508,-3,-5,39
1761620927.6540508,0,0,32
1761620927.6900508,3,2,31
1761620927.7290506,-6,3,33
1761620927.7660508,-4,-1,38
1761620927.8050506,3,-5,45
1761620927.8430507,-5,-5,37
1761620927.8790507,2,-1,37
1761620927.916051,-10,-5,44
1761620927.9550507,0,-2,40
1761620927.9930508,0,0,43
1761620928.0290508,-9,-3,32
1761620928.0670507,-6,-7,40
1761620928.1050508,-1,-6,42
1761620928.1440508,-4,-9,36
1761620928.1800506,0,-5,26
1761620928.2170508,-1,0,29
1761620928.255051,-1,-5,25
1761620928.2940507,1,-3,30
1761620928.3300507,0,-1,23
1761620928.3670506,2,-1,33
1761620928.4050508,0,-10,29
1761620928.4430506,6,-6,32
1761620928.4790506,1,-4,33
1761620928.5160508,2,-1,33
1761620928.5540507,-4,4,37
1761620928.5900507,-6,4,31
1761620928.6270506,1,6,37
1761620928.6650507,4,7,39
1761620928.7030506,6,-3,34
1761620928.7390506,7,-5,42
1761620928.778051,-6,-5,29
1761620928.8150508,-6,0,41
1761620928.8540506,-3,0,31
1761620928.8900506,-3,-4,47
1761620928.9280508,-3,1,41
1761620928.9660506,-8,1,31
1761620929.0040507,4,-5,29
1761620929.0400507,8,-2,31
1761620929.0770507,2,-5,44
1761620929.1150508,6,-10,50
1761620929.153051,2,-8,39
1761620929.189051,-1,-1,39
1761620929.2260506,5,-2,33
1761620929.2640507,-4,2,32
1761620929.3000507,2,0,46
1761620929.3380508,3,-3,24
1761620929.3750508,-2,-3,23
1761620929.4140508,-3,-4,46
1761620929.4500508,0,0,34
1761620929.4870508,-1,2,39
1761620929.5250506,0,2,38
1761620929.561051,-4,-1,37
1761620929.5980508,0,-2,30
1761620929.6350508,-10,-6,39
1761620929.6740508,0,0,38
1761620929.7100508,-2,0,32
1761620929.7480507,0,-3,41
1761620929.7850506,2,-8,38
1761620929.8210506,4,-2,35
1761620929.8580508,0,0,26
1761620929.8950508,3,-4,30
1761620929.9340508,0,-8,37
1761620929.9700508,0,-4,37
1761620930.0070508,4,2,25
1761620930.0450506,0,-8,34
1761620930.0810506,-3,-7,37
1761620930.120051,-7,-5,38
1761620930.1570508,-6,0,38
1761620930.1950507,0,0,39
1761620930.2310507,2,1,34
1761620930.268051,-3,-1,49
1761620930.3060508,-4,2,43
1761620930.3440506,0,0,42
1761620930.380051,-3,-1,42
1761620930.4170508,5,4,39
1761620930.4550507,7,0,40
1761620930.4910507,0,1,36
1761620930.528051,-7,-6,43
1761620930.5660508,-2,0,51
1761620930.6040506,0,-4,50
1761620930.6400506,1,-1,44
1761620930.6780508,4,-3,51
1761620930.7160506,5,-1,49
1761620930.7540507,0,-1,39
1761620930.7900507,-4,2,43
1761620930.8280506,0,-2,43
1761620930.8660507,0,-10,44
1761620930.9050508,0,-6,34
1761620930.9410508,0,-6,32
1761620930.9780507,0,-7,29
1761620931.0160508,0,-7,26
1761620931.0540507,2,-1,33
1761620931.0900507,-1,-5,32
1761620931.1280508,-8,-3,43
1761620931.166051,2,-1,43
1761620931.2040508,3,-2,42
1761620931.2400508,1,2,39
1761620931.278051,0,2,43
1761620931.3160508,0,-2,32
1761620931.3540506,-5,0,34
1761620931.3900506,-7,-4,34
1761620931.4280508,-1,1,40
1761620931.4660506,0,-6,33
1761620931.5020506,-1,1,33
1761620931.5400507,2,5,38
1761620931.5770507,-6,-3,38
1761620931.6160507,0,0,26
1761620931.6520507,-6,0,31
1761620931.6900508,-6,-4,36
1761620931.7290506,-3,-8,34
1761620931.7660508,-2,-3,44
1761620931.8050506,-4,-1,40
1761620931.8410506,0,2,35
1761620931.8790507,1,0,26
1761620931.916051,0,-2,32
1761620931.9520507,-4,-2,33
1761620931.9900508,1,-9,25
1761620932.0270507,-1,3,29
1761620932.0660508,0,-6,27
1761620932.1020508,-2,-3,34
1761620932.1400506,4,-4,37
1761620932.1770508,-6,-2,30
1761620932.2160506,-2,4,40
1761620932.2520506,5,4,35
1761620932.2900507,0,2,33
1761620932.3270507,1,-6,39
1761620932.3650508,0,-2,44
1761620932.4010508,5,-2,29
1761620932.4380507,1,-4,36
1761620932.4770508,0,0,35
1761620932.5150506,0,-6,34
1761620932.551051,0,0,36
1761620932.5880508,0,-1,32
1761620932.6260507,0,1,33
1761620932.6620507,-5,-5,32
1761620932.7000508,-3,-6,35
1761620932.7380507,-2,-2,38
1761620932.7770507,0,0,39
1761620932.8150508,-1,-4,33
1761620932.8510506,-9,-3,34
1761620932.8880508,1,7,22
1761620932.926051,-10,5,31
1761620932.962051,4,0,31
1761620932.9990506,10,2,35
1761620933.0370507,0,-3,46
1761620933.0750508,0,1,39
1761620933.1110508,1,5,42
1761620933.1490507,0,5,40
1761620933.1870508,0,6,38
1761620933.2250507,0,-1,26
1761620933.2610507,-5,-4,41
1761620933.2990508,-6,-5,26
1761620933.337051,-3,0,41
1761620933.3760507,1,3,37
1761620933.4120507,-3,0,23
1761620933.449051,-2,-5,27
1761620933.495051,1,0,35
1761620933.5310507,5,0,39
1761620933.5680506,-4,-4,45
1761620933.607051,-1,-1,36
1761620933.643051,-3,-2,30
1761620933.6800506,-1,-3,36
1761620933.7180507,-3,0,30
1761620933.7570508,1,0,31
1761620933.7930508,0,3,36
1761620933.8310506,-6,-4,43
1761620933.8690507,-5,-3,45
1761620933.9080508,0,-2,35
1761620933.9460506,5,-7,39
1761620933.982051,6,-4,51
1761620934.0190508,3,-3,38
1761620934.0580506,8,-4,44
1761620934.0960507,0,-9,28
1761620934.1320508,0,-8,30
1761620934.1690507,-3,-3,36
1761620934.2080507,1,1,31
1761620934.2460508,-2,-7,37
1761620934.2820508,0,-3,37
1761620934.3190508,-1,-3,32
1761620934.3580508,0,-9,36
1761620934.3960507,-1,3,41
1761620934.4320507,-3,0,39
1761620934.4690506,-2,-3,31
1761620934.5070508,0,-6,38
1761620934.5460508,3,-5,34
1761620934.5820508,4,-2,43
1761620934.6190507,0,-3,41
1761620934.6570508,4,-3,31
1761620934.6930506,1,-1,25
1761620934.7310507,0,-2,20
1761620934.7690508,4,3,33
1761620934.8070507,0,0,30
1761620934.8430507,1,-2,24
1761620934.880051,4,0,36
1761620934.9180508,5,3,34
1761620934.9560506,2,-2,36
1761620934.9920506,2,-4,40
1761620935.0300508,0,-2,35
1761620935.0680506,5,0,28
1761620935.1060507,0,1,31
1761620935.1420507,-2,3,25
1761620935.1790507,-1,0,24
1761620935.2170508,4,-1,37
1761620935.2530508,0,2,30
1761620935.2900507,-4,0,42
1761620935.3280506,2,6,36
1761620935.3660507,1,-1,35
1761620935.4020507,0,-5,33
1761620935.439051,-9,-4,38
1761620935.4780507,-1,1,27
1761620935.5160508,3,-1,26
1761620935.5520508,-10,-4,20
1761620935.5890508,-8,-8,37
1761620935.6280508,-2,-6,37
1761620935.666051,-1,-2,35
1761620935.7020507,4,4,38
1761620935.7390506,2,1,32
1761620935.7770507,3,0,29
1761620935.8130507,-3,3,31
1761620935.8500507,-1,1,30
1761620935.8880508,3,-7,52
1761620935.9240508,2,-4,31
1761620935.9610507,0,0,29
1761620935.9980507,5,-6,36
1761620936.0370507,7,1,36
1761620936.0730507,3,-6,24
1761620936.1110508,4,-2,28
1761620936.1480508,-1,-1,31
1761620936.1870508,9,-3,30
1761620936.2230508,2,-7,30
1761620936.2600508,-1,-2,34
1761620936.2980506,1,0,37
1761620936.334051,-3,-3,41
1761620936.3710508,2,-4,34
1761620936.4080508,3,-10,43
1761620936.4440508,0,-6,36
1761620936.482051,1,-4,40
1761620936.5190508,2,-2,42
1761620936.5570507,8,-2,32
1761620936.5930507,2,-1,30
1761620936.630051,-1,-2,29
1761620936.6680508,-4,-4,24
1761620936.7070508,-1,-8,44
1761620936.7430508,-2,-5,36
1761620936.7800508,1,-5,28
1761620936.8180506,1,1,25
1761620936.8540506,-3,1,29
1761620936.8910508,-7,4,30
1761620936.9290507,-4,4,29
1761620936.9670508,4,-2,47
1761620937.0030508,2,-4,44
1761620937.041051,-7,-4,41
1761620937.0790508,-1,2,34
1761620937.1170506,0,-2,37
1761620937.153051,2,1,36
1761620937.1900508,1,0,34
1761620937.2290506,1,-4,34
1761620937.2670507,-2,7,26
1761620937.3030508,2,3,43
1761620937.3400507,1,3,33
1761620937.3780508,0,-2,44
1761620937.4140508,-1,-2,23
1761620937.4510508,-2,0,28
1761620937.4890506,3,-3,33
1761620937.5270507,2,-1,35
1761620937.5630507,3,1,27
1761620937.6000507,-3,-2,42
1761620937.6390507,0,-3,37
1761620937.6770508,4,0,36
1761620937.7130508,0,6,41
1761620937.7500508,-7,3,39
1761620937.788051,-4,0,26
1761620937.824051,-3,2,15
1761620937.8610508,-6,1,35
1761620937.8990507,-6,-7,39
1761620937.9380507,-6,0,34
1761620937.9740508,-11,1,36
1761620938.0110507,-1,2,25
1761620938.0490508,-9,-1,37
1761620938.0850508,-5,-4,33
1761620938.1220508,0,-3,49
1761620938.1590507,0,-6,43
1761620938.1950507,-3,-6,25
1761620938.232051,-2,-4,27
1761620938.2700508,1,-6,37
1761620938.3080506,-1,0,39
1761620938.3440506,-3,-5,24
1761620938.3810508,-1,1,35
1761620938.4190507,-2,0,43
1761620938.4550507,-3,-1,47
1761620938.4940507,1,-4,26
1761620938.5310507,3,5,28
1761620938.5690508,5,-1,45
1761620938.6050508,-1,-4,36
1761620938.643051,0,-3,35
1761620938.6810508,-3,-2,35
1761620938.7190506,-3,-1,40
1761620938.755051,0,2,37
1761620938.7920508,1,2,32
1761620938.8300507,0,-9,29
1761620938.8690507,-4,-7,31
1761620938.9050508,-6,-8,31
1761620938.9430506,2,-8,33
1761620938.9800508,0,1,41
1761620939.0190508,-3,1,34
1761620939.0550506,-6,0,37
1761620939.0930507,-1,2,31
1761620939.130051,1,1,30
1761620939.1680508,2,1,46
1761620939.2040508,2,2,37
1761620939.2410507,-5,0,41
1761620939.2790508,-10,-3,33
1761620939.3150508,-4,4,23
1761620939.3520508,3,-3,22
1761620939.3900506,-4,2,27
1761620939.4280508,1,-2,31
1761620939.4640508,0,-2,19
1761620939.5010507,-6,-2,30
1761620939.5400507,0,-6,33
1761620939.5780506,5,0,40
1761620939.6140506,0,1,34
1761620939.6510508,-1,-1,37
1761620939.6900508,-6,-4,35
1761620939.7280507,3,-10,41
1761620939.7640507,7,-6,22
1761620939.801051,-2,0,34
1761620939.8400507,-8,2,26
1761620939.8780508,-2,-3,26
1761620939.9140508,0,0,23
1761620939.9510508,1,-4,32
1761620939.9890506,0,-3,35
1761620940.0250506,1,-3,37
1761620940.0630507,-1,0,29
1761620940.1010506,-2,-4,28
1761620940.1400506,5,-5,27
1761620940.176051,9,-4,30
1761620940.2140508,-3,-3,36
1761620940.2510507,-3,-4,36
1761620940.2900507,3,-2,27
1761620940.3260508,3,-5,31
1761620940.3640506,-1,-8,31
1761620940.4020507,5,-4,42
1761620940.4400508,0,-2,45
1761620940.4760506,6,0,28
1761620940.5140507,-2,-2,35
1761620940.551051,2,0,39
1761620940.5890508,7,0,36
1761620940.6250508,4,0,35
1761620940.6620507,2,0,29
1761620940.7000508,-2,-6,36
1761620940.7360508,-6,0,37
1761620940.7730508,0,4,37
1761620940.8100507,2,6,31
1761620940.8460507,2,3,32
1761620940.883051,-1,3,34
1761620940.9210508,2,-2,38
1761620940.9600508,0,-10,32
1761620940.9960508,-4,-7,29
1761620941.0340507,-1,-2,37
1761620941.0720508,0,-8,39
1761620941.1110508,0,3,37
1761620941.1490507,9,0,30
1761620941.1850507,0,-2,36
1761620941.2230508,-4,2,21
1761620941.2610507,-1,5,30
1761620941.2990508,-4,-6,35
1761620941.3350508,-4,-7,38
1761620941.3730507,0,-3,44
1761620941.4110508,2,-1,38
1761620941.449051,6,-7,44
1761620941.485051,8,-7,40
1761620941.5230508,4,-3,47
1761620941.561051,-4,1,48
1761620941.5990508,2,-2,39
1761620941.6350508,-1,0,40
1761620941.6720507,5,2,36
1761620941.7100508,1,7,27
1761620941.7460508,7,4,34
1761620941.7830508,-2,0,32
1761620941.8210506,-8,4,32
1761620941.8590508,-3,5,43
1761620941.8950508,-3,7,30
1761620941.9320507,0,0,38
1761620941.9700508,0,1,38
1761620942.0060508,0,1,32
1761620942.0430508,3,0,34
1761620942.0810506,5,0,28
1761620942.1190507,4,-6,37
1761620942.1550508,-3,-6,44
1761620942.1930506,-4,-8,46
1761620942.2310507,0,2,35
1761620942.2690508,-9,-7,28
1761620942.3050506,-12,1,40
1761620942.3420508,-7,4,33
1761620942.3810508,0,-2,40
1761620942.4170508,-2,-1,47
1761620942.4540508,2,-4,42
1761620942.4910507,-3,2,34
1761620942.5300508,-3,-1,24
1761620942.5660508,-5,0,33
1761620942.6040506,5,-3,31
1761620942.6410508,3,0,32
1761620942.6770508,9,-2,40
1761620942.7140508,-3,-4,42
1761620942.7520506,-3,0,39
1761620942.7900507,0,4,33
1761620942.8260508,-5,7,28
1761620942.8630507,-2,2,36
1761620942.9010508,-7,1,39
1761620942.9370508,0,2,46
1761620942.9740508,-1,-3,32
1761620943.0130508,0,0,38
1761620943.051051,7,0,32
1761620943.087051,-1,-4,35
1761620943.1250508,4,0,42
1761620943.163051,-2,0,37
1761620943.2010508,-5,-2,33
1761620943.2370508,-6,-9,32
1761620943.2750506,0,-9,40
1761620943.3130507,0,1,40
1761620943.3510506,8,-3,33
1761620943.3870506,-3,-4,37
1761620943.4250507,0,2,39
1761620943.4630508,0,2,42
1761620943.5060508,-4,0,40
1761620943.5440507,-9,-2,33
1761620943.5820508,-5,0,38
1761620943.6210508,0,4,39
1761620943.6570508,2,1,42
1761620943.6960506,5,1,36
1761620943.7330508,0,1,34
1761620943.7710507,1,4,35
1761620943.8070507,-4,-2,28
1761620943.8440506,0,-2,36
1761620943.8820508,0,0,43
1761620943.9200506,3,-1,42
1761620943.9560506,0,-2,46
1761620943.9930508,4,-2,32
1761620944.0310507,1,1,34
1761620944.0680506,-3,8,39
1761620944.1050508,-1,0,51
1761620944.143051,-3,2,38
1761620944.1810508,0,4,31
1761620944.2170508,4,0,42
1761620944.255051,1,-3,42
1761620944.2920508,-6,-5,32
1761620944.3310506,0,0,32
1761620944.3670506,3,0,34
1761620944.4050508,-1,0,38
1761620944.4420507,4,3,36
1761620944.4780507,6,0,39
1761620944.5150506,2,0,37
1761620944.5530508,-1,-7,27
1761620944.5920508,3,-2,41
1761620944.6280508,-1,1,37
1761620944.6650507,0,0,41
1761620944.7030506,-3,-1,20
1761620944.7420506,-8,0,30
1761620944.778051,-1,-1,33
1761620944.8150508,-2,-3,25
1761620944.8530507,0,0,29
1761620944.8910508,0,-2,46
1761620944.9270508,7,-3,34
1761620944.9640508,9,1,35
1761620945.0020506,8,-3,21
1761620945.038051,3,3,27
1761620945.0750508,-1,-2,41
1761620945.1130507,5,0,37
1761620945.1510508,5,0,35
1761620945.1870508,8,4,35
1761620945.2250507,10,2,33
1761620945.2620506,0,6,35
1761620945.2980506,-7,-1,33
1761620945.3360507,0,-3,37
1761620945.3750508,2,3,34
1761620945.413051,4,1,42
1761620945.4510508,0,-1,43
1761620945.4870508,6,-5,36
1761620945.5240507,-6,-9,27
1761620945.5630507,-3,-2,29
1761620945.6010506,-5,0,33
1761620945.6370506,-4,-2,34
1761620945.6750507,-8,-3,31
1761620945.7130508,1,-2,34
1761620945.7510507,-3,0,33
1761620945.7870507,1,0,44
1761620945.824051,8,0,33
1761620945.8630507,9,-1,25
1761620945.9010508,9,1,31
1761620945.9370508,2,0,31
1761620945.9750507,0,0,36
1761620946.0130508,4,11,37
1761620946.051051,0,5,36
1761620946.087051,-1,2,44
1761620946.1240506,-6,1,35
1761620946.163051,-8,-3,34
1761620946.2010508,-10,0,35
1761620946.2370508,-8,0,39
1761620946.2750506,3,-4,38
1761620946.3130507,3,-5,32
1761620946.3510506,0,-11,38
1761620946.3870506,0,-8,38
1761620946.4240508,4,-7,34
1761620946.462051,5,-4,37
1761620946.4980507,3,-1,35
1761620946.5350506,-2,-3,39
1761620946.5730507,-1,0,40
1761620946.6090508,-3,-2,39
1761620946.6460507,-2,1,34
1761620946.6830506,-7,-3,27
1761620946.722051,4,0,35
1761620946.758051,-6,-1,38
1761620946.7950506,2,0,35
1761620946.8330507,1,-3,34
1761620946.8720508,-2,-4,30
1761620946.9080508,-1,0,25
1761620946.9450507,1,-3,32
1761620946.9830508,-1,1,34
1761620947.0190508,-1,0,46
1761620947.0560508,-3,-1,43
1761620947.0940506,-9,-5,35
1761620947.133051,0,-1,42
1761620947.1690507,2,-5,37
1761620947.2060506,0,-3,38
1761620947.2440507,5,0,30
1761620947.2820508,1,4,34
1761620947.3190508,-2,-1,35
1761620947.357051,0,-5,34
1761620947.3940508,0,0,37
1761620947.4320507,3,1,48
1761620947.4680507,3,0,44
1761620947.505051,1,-7,41
1761620947.5430508,13,-8,44
1761620947.5820508,0,-3,43
1761620947.6180508,2,-10,35
1761620947.6550508,4,-8,38
1761620947.6930506,-1,-1,27
1761620947.7290506,-1,-2,28
1761620947.7670507,-5,-5,32
1761620947.8050506,-2,-8,32
1761620947.8440506,-10,1,26
1761620947.8820508,-2,4,25
1761620947.9180508,-4,-1,26
1761620947.9570508,-5,0,36
1761620947.9940507,-6,-3,37
1761620948.0330508,-9,-1,29
1761620948.0690508,-12,0,30
1761620948.1060507,-2,-3,37
1761620948.1440508,-4,-1,33
1761620948.1830506,-3,0,43
1761620948.2190506,0,-5,45
1761620948.2560508,-3,-7,37
1761620948.2940507,-2,-8,34
1761620948.3330507,3,-1,41
1761620948.3690507,2,1,45
1761620948.4070508,3,-3,33
1761620948.4450507,3,-3,29
1761620948.4830508,-6,5,30
1761620948.5190508,2,3,32
1761620948.5570507,6,-5,26
1761620948.5940506,3,-9,36
1761620948.6320508,0,-2,44
1761620948.6680508,-1,-1,37
1761620948.7050507,0,-4,48
1761620948.7430508,-10,-1,37
1761620948.7790508,-6,-1,38
1761620948.8160508,-9,-1,27
1761620948.8540506,-4,1,32
1761620948.893051,-1,-1,28
1761620948.9290507,5,1,26
1761620948.9660506,-5,2,42
1761620949.0040507,1,-5,34
1761620949.0400507,-5,-6,36
1761620949.0770507,-4,-3,37
1761620949.1150508,0,-1,40
1761620949.1540508,1,0,37
1761620949.1900508,7,3,43
1761620949.2270508,-2,0,37
1761620949.2640507,-4,-2,31
1761620949.3030508,-6,-9,35
1761620949.3400507,0,-8,33
1761620949.3770506,-1,-5,34
1761620949.4150507,-1,-7,36
1761620949.4540508,-3,-7,37
1761620949.4900508,-4,2,30
1761620949.5270507,0,7,32
1761620949.5650508,-3,4,38
1761620949.6030507,-3,4,37
1761620949.6390507,-1,-4,28
1761620949.6770508,-6,-1,31
1761620949.7150507,-2,-2,37
1761620949.7540507,-6,0,28
1761620949.7900507,-7,-1,24
1761620949.8270507,-1,-2,32
1761620949.8650508,1,0,31
1761620949.903051,-4,-1,28
1761620949.939051,-4,-3,41
1761620949.9760506,4,-5,34
1761620950.0140507,-6,0,31
1761620950.0500507,-8,-6,42
1761620950.0880508,4,-1,37
1761620950.1260507,-4,2,30
1761620950.1650507,0,-4,42
1761620950.2030506,1,0,29
1761620950.2390506,0,-4,36
1761620950.2770507,0,-7,41
1761620950.3150508,-2,3,45
1761620950.3530507,0,-3,40
1761620950.3890507,0,-8,33
1761620950.4270508,-3,-2,32
1761620950.4650507,-12,0,26
1761620950.5030508,-13,-1,30
1761620950.5390508,-6,-3,40
1761620950.5760508,-8,4,37
1761620950.6140506,-8,1,30
1761620950.6500506,-3,-1,31
1761620950.6880507,-12,4,33
1761620950.7260506,-8,-2,35
1761620950.7640507,-15,-7,34
1761620950.8000507,0,-9,35
1761620950.8380508,-1,-1,41
1761620950.8760507,2,1,29
1761620950.9140508,0,0,28
1761620950.9500508,0,-4,31
1761620950.9890506,-4,1,25
1761620951.0260508,2,0,23
1761620951.064051,-3,-4,32
1761620951.1000507,-5,1,31
1761620951.1380508,-3,-2,36
1761620951.176051,-4,-6,31
1761620951.2150507,0,-3,39
1761620951.2510507,-1,-1,31
1761620951.2890508,-8,-3,30
1761620951.3260508,1,-7,34
1761620951.3640506,-3,1,28
1761620951.4000506,-13,2,32
1761620951.439051,-9,-10,31
1761620951.4760506,2,-9,36
1761620951.5150506,-3,4,32
1761620951.551051,-2,0,36
1761620951.5880508,-4,-6,40
1761620951.6260507,-4,-2,32
1761620951.6650507,-8,-2,28
1761620951.7010508,1,6,39
1761620951.7380507,-5,0,38
1761620951.7760508,1,-7,38
1761620951.814051,1,0,34
1761620951.8500507,0,-2,28
1761620951.8870506,3,-8,29
1761620951.926051,-1,0,32
1761620951.9640508,-2,-5,21
1761620952.0000508,-1,-1,24
1761620952.0390508,-4,-4,31
1761620952.0760508,-7,0,42
1761620952.1140506,-4,-5,35
1761620952.1500506,-5,-2,38
1761620952.1870508,0,3,32
1761620952.2250507,4,0,30
1761620952.2610507,0,-4,31
1761620952.2980506,7,-5,33
1761620952.3360507,8,-3,41
1761620952.3740506,6,-1,46
1761620952.4100506,0,-3,35
1761620952.4470508,-4,-1,36
1761620952.4860508,-1,-1,27
1761620952.5240507,-8,-5,39
1761620952.5600507,-2,-9,25
1761620952.597051,-1,-6,33
1761620952.6360507,-5,-3,31
1761620952.6740508,0,-1,34
1761620952.7100508,3,1,33
1761620952.7470508,3,3,37
1761620952.7850506,0,6,42
1761620952.8210506,0,2,33
1761620952.8590508,1,0,29
1761620952.8960507,0,6,32
1761620952.9340508,3,5,36
1761620952.9700508,0,-4,35
1761620953.0070508,0,0,45
1761620953.0450506,-1,1,39
1761620953.0810506,-1,-1,35
1761620953.1180508,3,-1,39
1761620953.1560507,-3,1,34
1761620953.1920507,5,-1,38
1761620953.2290506,0,-3,34
1761620953.2660508,-3,0,35
1761620953.3020508,-3,3,38
1761620953.3390508,-2,-6,32
1761620953.3770506,-1,0,29
1761620953.4150507,-3,0,33
1761620953.4510508,-4,-5,33
1761620953.4880507,-8,2,32
1761620953.5320508,-6,-2,38
1761620953.5710506,-4,-4,45
1761620953.6080508,-7,-3,42
1761620953.6470506,-5,0,40
1761620953.6850507,-4,-1,38
1761620953.7210507,-3,-3,45
1761620953.7590508,-6,0,43
1761620953.7970507,-2,-4,32
1761620953.8350508,-1,-3,33
1761620953.8710508,4,-6,28
1761620953.9080508,4,-4,37
1761620953.9460506,-2,-2,36
1761620953.985051,-1,-3,47
1761620954.0210507,1,-3,33
1761620954.0580506,0,-2,34
1761620954.097051,3,2,42
1761620954.1350508,-3,-2,39
1761620954.1710508,-6,0,46
1761620954.2080507,-5,-3,42
1761620954.2470508,5,-3,34
1761620954.2850506,3,-4,30
1761620954.3210506,-2,-4,28
1761620954.3580508,-4,-4,39
1761620954.3970506,1,0,34
1761620954.4350507,0,0,49
1761620954.4710507,-1,0,34
1761620954.508051,0,-5,30
1761620954.5460508,-8,-4,31
1761620954.5820508,-1,-1,31
1761620954.620051,3,1,38
1761620954.6570508,10,-5,33
1761620954.6960506,4,4,23
1761620954.732051,-5,0,22
1761620954.7690508,-4,0,31
1761620954.8070507,0,1,33
1761620954.8450508,6,1,30
1761620954.8810508,4,3,19
1761620954.9180508,-2,-2,29
1761620954.9570508,-1,-5,26
1761620954.995051,-7,2,33
1761620955.0310507,-5,2,29
1761620955.0680506,0,-6,22
1761620955.107051,-4,0,34
1761620955.1450508,-4,-8,31
1761620955.1810508,-1,-6,28
1761620955.2180507,-3,-2,32
1761620955.2570508,-9,-3,38
1761620955.2930508,1,-6,32
1761620955.3300507,-5,-9,37
1761620955.3680508,-4,-1,33
1761620955.4070508,1,-1,34
1761620955.4430506,0,1,41
1761620955.4800508,2,1,27
1761620955.5170507,-5,0,41
1761620955.5530508,-4,1,36
1761620955.5910506,-3,-1,37
1761620955.6280508,-8,0,31
1761620955.6670508,-2,2,26
1761620955.7030506,-5,3,27
1761620955.7410507,-1,-1,33
1761620955.778051,0,-4,44
1761620955.8160508,0,2,27
1761620955.8520508,-4,0,31
1761620955.8890507,-2,-5,37
1761620955.9270508,-1,-9,40
1761620955.9660506,3,1,29
1761620956.0020506,0,-4,34
1761620956.0390508,-5,0,33
1761620956.0770507,3,0,33
1761620956.1130507,-1,0,29
1761620956.1500506,0,0,33
1761620956.1870508,-5,2,28
1761620956.2230508,6,2,35
1761620956.2600508,5,-4,46
1761620956.2980506,0,2,33
1761620956.3360507,3,3,30
1761620956.3720508,2,-6,23
1761620956.4090507,4,0,40
1761620956.4470508,-5,-9,28
1761620956.4830508,0,-7,21
1761620956.5200508,4,-10,25
1761620956.5580506,-7,-8,38
1761620956.5960507,-8,-8,47
1761620956.6320508,-3,-3,36
1761620956.6690507,-5,-3,38
1761620956.7080507,0,3,31
1761620956.7460508,0,6,23
1761620956.7820508,-6,-1,27
1761620956.8190508,-8,-5,35
1761620956.8580508,-2,-8,37
1761620956.8960507,-5,-4,33
1761620956.9320507,-1,-4,38
1761620956.9700508,9,-5,39
1761620957.008051,4,2,37
1761620957.0460508,0,-3,21
1761620957.0820508,3,0,23
1761620957.120051,3,-1,22
1761620957.1580508,-4,-3,36
1761620957.1960506,5,1,38
1761620957.232051,6,0,26
1761620957.2700508,2,-1,33
1761620957.3080506,2,0,36
1761620957.3460507,11,4,29
1761620957.3820508,-1,3,38
1761620957.4190507,8,1,39
1761620957.4570508,-4,-2,30
1761620957.4930508,1,-1,27
1761620957.5310507,0,-3,34
1761620957.5690508,1,6,42
1761620957.607051,-3,-2,36
1761620957.643051,0,-10,29
1761620957.6810508,0,-6,30
1761620957.7180507,5,-5,45
1761620957.7540507,0,-7,45
1761620957.791051,1,-4,38
1761620957.8290508,7,0,33
1761620957.8670506,3,0,38
1761620957.903051,6,-4,23
1761620957.9400508,-6,-2,37
1761620957.9790506,-1,4,22
1761620958.0170507,3,-6,21
1761620958.0530508,2,3,39
1761620958.0900507,-5,-1,27
1761620958.1290507,-3,3,37
1761620958.1670508,-5,0,35
1761620958.2030506,-5,-6,29
1761620958.2400508,4,-1,27
1761620958.278051,2,2,36
1761620958.314051,1,0,38
1761620958.3510506,0,3,26
1761620958.3890507,5,0,37
1761620958.4280508,6,-1,40
1761620958.4640508,-2,0,35
1761620958.5010507,-2,0,37
1761620958.5390508,-3,0,41
1761620958.5770507,-1,-2,34
1761620958.6130507,-2,-1,40
1761620958.6500506,-4,-3,29
1761620958.689051,-3,-3,36
1761620958.7270508,0,0,34
1761620958.7630508,2,-3,37
1761620958.8000507,3,0,37
1761620958.8380508,5,0,27
1761620958.8740506,-1,-3,30
1761620958.9110508,0,0,31
1761620958.949051,-3,1,25
1761620958.9870508,-10,-1,25
1761620959.0230508,-3,-1,35
1761620959.0600507,0,1,38
1761620959.0980508,1,-1,36
1761620959.1340508,0,2,25
1761620959.1720507,2,1,30
1761620959.2100508,1,0,22
1761620959.2480507,-5,2,23
1761620959.2840507,-1,0,31
1761620959.3220508,2,1,38
1761620959.3590508,-1,1,34
1761620959.3980508,-4,0,34
1761620959.4340508,-3,-6,41
1761620959.4730508,-1,-5,35
1761620959.5100508,-4,-9,43
1761620959.5490508,2,-4,43
1761620959.587051,2,-3,21
1761620959.6230507,10,-1,30
1761620959.6600506,0,-2,41
1761620959.6980507,-7,-3,40
1761620959.7340508,-8,-2,41
1761620959.7720506,-5,0,38
1761620959.8100507,-2,-1,35
1761620959.8490508,1,6,31
1761620959.8850508,1,4,25
1761620959.9220507,0,0,31
1761620959.959051,7,-3,31
1761620959.9980507,5,0,36
1761620960.0340507,-2,3,34
1761620960.0720508,1,-1,26
1761620960.1090508,8,-1,38
1761620960.1480508,2,-2,45
1761620960.1840508,-4,0,37
1761620960.2230508,-2,3,29
1761620960.2600508,-6,0,30
1761620960.2980506,1,2,27
1761620960.334051,-1,0,34
1761620960.3710508,-4,-2,30
1761620960.4090507,-3,-1,35
1761620960.4480507,-2,-7,31
1761620960.4840508,0,0,41
1761620960.5220506,8,-1,34
1761620960.5600507,6,-2,38
1761620960.5990508,10,0,35
1761620960.6350508,5,-3,44
1761620960.6720507,2,-1,49
1761620960.7100508,4,5,39
1761620960.7480507,-2,0,43
1761620960.7840507,-10,4,36
1761620960.8230507,-2,-2,37
1761620960.860051,-12,-6,37
1761620960.8990507,1,0,36
1761620960.9350507,-5,-5,37
1761620960.9730508,-3,-2,41
1761620961.0110507,5,1,43
1761620961.0500507,6,-1,42
1761620961.0880508,6,-5,30
1761620961.1240506,9,2,23
1761620961.1610508,4,2,28
1761620961.199051,1,1,33
1761620961.235051,-7,1,26
1761620961.2720506,-9,-2,37
1761620961.3100507,-7,-4,32
1761620961.3490508,-3,-9,31
1761620961.3850508,6,-4,26
1761620961.4230506,-3,-3,28
1761620961.4600508,-6,-1,44
1761620961.4990506,0,-2,30
1761620961.5350506,0,-5,36
1761620961.5720508,-3,-2,32
1761620961.610051,-11,-1,36
1761620961.6490507,-1,2,34
1761620961.6850507,6,-2,35
1761620961.722051,3,0,30
1761620961.7600508,0,-2,31
1761620961.7980506,-1,0,35
1761620961.834051,0,0,23
1761620961.8710508,-2,-4,38
1761620961.9100506,2,-6,38
1761620961.9460506,0,-1,31
1761620961.9830508,0,0,37
1761620962.0200508,-1,1,40
1761620962.0590508,-3,3,41
1761620962.0950508,5,8,36
1761620962.1320508,5,-4,35
1761620962.1700506,3,-7,37
1761620962.2060506,-3,-6,40
1761620962.2430508,-4,0,40
1761620962.2800508,-4,-5,36
1761620962.3190508,-4,-2,32
1761620962.3550508,0,-3,32
1761620962.3920507,2,-1,40
1761620962.4300506,2,3,38
1761620962.4690506,2,4,46
1761620962.505051,2,-6,40
1761620962.5420508,-1,0,46
1761620962.5800507,1,-2,34
1761620962.6160507,-3,1,43
1761620962.653051,-6,-3,32
1761620962.6910508,1,6,31
1761620962.7290506,6,2,35
1761620962.7650506,-2,0,28
1761620962.8020508,0,-3,33
1761620962.8410506,6,0,36
1761620962.8790507,8,0,27
1761620962.9150507,7,0,30
1761620962.9520507,11,-4,35
1761620962.9900508,-6,-6,44
1761620963.0260508,-3,4,42
1761620963.0630507,-2,1,35
1761620963.1010506,-5,1,38
1761620963.1390507,0,-3,39
1761620963.1750507,3,-3,37
1761620963.212051,-1,-5,21
1761620963.2510507,3,-2,33
1761620963.2890508,8,-2,37
1761620963.3250508,1,-7,30
1761620963.3630507,-2,-2,41
1761620963.4010508,-3,-9,43
1761620963.4400508,0,-8,49
1761620963.4760506,-3,-4,38
1761620963.5140507,-10,-6,37
1761620963.5600507,-2,-5,33
1761620963.597051,4,4,35
1761620963.6340508,8,-5,37
1761620963.6710508,7,0,29
1761620963.709051,4,-5,31
1761620963.745051,0,-2,36
1761620963.7820508,-1,-6,35
1761620963.8210506,-1,-1,36
1761620963.8590508,-3,-4,32
1761620963.8950508,-3,-5,26
1761620963.9320507,-1,0,34
1761620963.9700508,3,-5,33
1761620964.0060508,-1,-7,38
1761620964.0430508,-7,-6,41
1761620964.0810506,5,-3,39
1761620964.120051,7,-5,39
1761620964.1560507,2,-7,35
1761620964.1930506,-1,-5,33
1761620964.2310507,-1,-5,30
1761620964.2700508,-3,0,35
1761620964.3060508,1,-2,42
1761620964.3430507,-5,-6,24
1761620964.3810508,-10,-3,36
1761620964.4200506,-10,-1,42
1761620964.4560506,3,4,39
1761620964.4940507,5,1,40
1761620964.5310507,3,0,44
1761620964.5670507,-3,1,44
1761620964.6040506,-6,0,33
1761620964.6420507,-3,-2,32
1761620964.6810508,-1,0,41
1761620964.7170508,-3,3,44
1761620964.7540507,-5,-2,47
1761620964.7920508,4,-8,31
1761620964.8310506,-6,-5,33
1761620964.8670506,0,-4,31
1761620964.9040508,-3,-4,39
1761620964.9420507,4,-2,39
1761620964.9800508,1,4,48
1761620965.0160508,0,-1,42
1761620965.0550506,0,-7,38
1761620965.0920508,0,-1,38
1761620965.130051,1,-2,36
1761620965.166051,0,-6,38
1761620965.2040508,2,-5,48
1761620965.2420506,-4,-7,44
1761620965.2800508,-9,-6,28
1761620965.3160508,1,-4,28
1761620965.3530507,2,-5,29
1761620965.3910508,5,-3,25
1761620965.4270508,7,0,31
1761620965.4640508,-3,-5,33
1761620965.5020506,-1,0,31
1761620965.541051,-5,0,33
1761620965.5770507,-2,0,36
1761620965.6140506,7,-7,35
1761620965.6520507,5,0,32
1761620965.6900508,-3,-3,48
1761620965.7260506,1,2,41
1761620965.7630508,0,3,36
1761620965.8020508,7,2,35
1761620965.8400507,-3,0,18
1761620965.8760507,-5,0,28
1761620965.9140508,-1,-1,40
1761620965.9520507,-3,-1,35
1761620965.9910507,-2,0,36
1761620966.0270507,-8,0,36
1761620966.064051,-8,-3,35
1761620966.1020508,2,-5,36
1761620966.1400506,1,0,26
1761620966.176051,-3,-5,25
1761620966.2140508,0,0,32
1761620966.2520506,0,-4,40
1761620966.288051,3,-1,42
1761620966.3250508,6,-10,40
1761620966.3640506,-1,-4,28
1761620966.4020507,-5,4,34
1761620966.4380507,1,0,31
1761620966.4750507,-1,2,28
1761620966.5140507,0,-9,19
1761620966.5520508,-7,-1,24
1761620966.5880508,-3,1,19
1761620966.6250508,-3,6,30
1761620966.6620507,-5,6,24
1761620966.7010508,-4,0,41
1761620966.7370508,-2,3,37
1761620966.7740507,9,-2,38
1761620966.8120508,5,-4,23
1761620966.8510506,10,4,35
1761620966.8870506,3,-5,40
1761620966.9240508,-4,5,27
1761620966.962051,0,0,30
1761620966.9980507,-2,-3,21
1761620967.0350506,0,-1,25
1761620967.0720508,-2,-6,24
1761620967.1110508,0,-4,29
1761620967.1470506,1,-8,35
1761620967.1840508,-7,-9,41
1761620967.2230508,-7,0,36
1761620967.2610507,0,-2,34
1761620967.2970507,-3,0,36
1761620967.334051,-5,4,48
1761620967.3730507,-3,6,36
1761620967.4110508,-3,3,34
1761620967.4470508,-7,-6,36
1761620967.4840508,1,-3,32
1761620967.5220506,1,-7,38
1761620967.5580506,5,2,39
1761620967.5950508,0,0,38
1761620967.633051,8,1,22
1761620967.6710508,6,-1,37
1761620967.7070508,3,1,32
1761620967.745051,-2,-4,35
1761620967.7830508,0,4,24
1761620967.8210506,-2,-6,28
1761620967.857051,-1,2,30
1761620967.8950508,-1,0,28
1761620967.9330506,0,-3,34
1761620967.9710507,2,-3,36
1761620968.0070508,6,-4,40
1761620968.0450506,0,-2,37
1761620968.0830507,-3,1,35
1761620968.1210508,2,3,41
1761620968.1570508,-2,3,34
1761620968.1950507,0,-1,24
1761620968.2330508,1,-6,21
1761620968.2710507,0,-1,29
1761620968.3070507,1,-3,49
1761620968.3450508,5,-1,34
1761620968.383051,0,0,47
1761620968.4190507,-1,0,31
1761620968.4560506,-5,7,37
1761620968.4930508,3,-1,37
1761620968.5290508,5,-4,34
1761620968.5660508,6,-6,25
1761620968.6040506,0,-4,38
1761620968.6420507,0,-4,31
1761620968.6790507,1,-5,27
1761620968.7160506,9,-1,21
1761620968.7530508,0,-3,34
1761620968.7920508,-3,2,35
1761620968.8280506,3,1,31
1761620968.8650508,0,1,38
1761620968.903051,-3,-5,39
1761620968.9420507,0,-6,16
1761620968.9780507,3,-3,30
1761620969.0160508,0,-2,27
1761620969.0530508,1,1,34
1761620969.0890508,-1,1,36
1761620969.1260507,-3,-1,31
1761620969.1640508,-7,-4,42
1761620969.2030506,2,-1,44
1761620969.2390506,-2,2,35
1761620969.2760508,0,0,31
1761620969.314051,0,5,34
1761620969.3520508,-2,1,36
1761620969.3880508,8,0,40
1761620969.426051,0,0,41
1761620969.4640508,-1,-2,40
1761620969.5020506,-1,5,38
1761620969.538051,0,2,27
1761620969.5750508,-4,-5,30
1761620969.6140506,-6,0,42
1761620969.6520507,-1,4,31
1761620969.6880507,8,-5,37
1761620969.7250507,2,-6,43
1761620969.7640507,-4,-4,21
1761620969.8020508,-8,-8,32
1761620969.8380508,-6,-6,35
1761620969.8760507,1,-1,38
1761620969.9140508,2,-8,35
1761620969.9520507,-4,0,42
1761620969.9880507,-1,-4,32
1761620970.0260508,-8,4,28
1761620970.064051,3,5,39
1761620970.1020508,0,0,32
1761620970.1380508,-4,3,28
1761620970.176051,0,2,22
1761620970.2140508,5,3,23
1761620970.2520506,1,3,39
1761620970.288051,7,1,36
1761620970.3260508,13,-1,37
1761620970.3640506,1,-1,34
1761620970.4020507,5,0,38
1761620970.4380507,0,0,31
1761620970.4760506,8,-3,38
1761620970.5140507,0,1,35
1761620970.5500507,0,-4,36
1761620970.587051,2,5,30
1761620970.6240506,4,-2,36
1761620970.663051,3,-4,36
1761620970.699051,1,-4,33
1761620970.7370508,3,-6,31
1761620970.7740507,2,-7,31
1761620970.8100507,6,-4,34
1761620970.847051,6,-3,43
1761620970.8840508,0,-4,40
1761620970.9200506,-6,-2,33
1761620970.9570508,-2,6,31
1761620970.995051,1,-2,32
1761620971.0340507,2,-6,33
1761620971.0700507,-4,-1,42
1761620971.107051,4,3,38
1761620971.1440508,1,0,30
1761620971.1800506,9,0,37
1761620971.2170508,-1,-2,37
1761620971.255051,5,0,37
1761620971.2930508,-6,-1,34
1761620971.3290508,-4,0,33
1761620971.3660507,-6,-5,35
1761620971.4040508,-5,-4,40
1761620971.4430506,6,-6,39
1761620971.4790506,-8,2,36
1761620971.5160508,0,0,26
1761620971.5550506,-3,-2,29
1761620971.5930507,-2,-2,28
1761620971.6290507,1,-2,23
1761620971.6670508,-1,-10,30
1761620971.7050507,-3,-7,33
1761620971.7430508,-6,-3,31
1761620971.7790508,3,0,26
1761620971.8160508,4,0,31
1761620971.8540506,0,-3,30
1761620971.8900506,6,-2,28
1761620971.9280508,2,-1,34
1761620971.9660506,-2,1,35
1761620972.0040507,-3,-1,40
1761620972.0400507,-4,0,33
1761620972.0790508,-2,-1,45
1761620972.1170506,-2,0,40
1761620972.1550508,0,-7,41
1761620972.1930506,-4,-7,32
1761620972.2290506,4,-4,33
1761620972.2670507,7,1,34
1761620972.3050506,4,1,37
1761620972.3430507,1,0,44
1761620972.3790507,0,8,35
1761620972.416051,1,-9,47
1761620972.4540508,-4,2,36
1761620972.4900508,-4,-1,37
1761620972.5270507,0,-3,39
1761620972.5650508,5,1,36
1761620972.6030507,0,6,28
1761620972.6390507,0,0,33
1761620972.676051,6,-4,30
1761620972.7140508,5,-4,41
1761620972.7500508,0,3,48
1761620972.7870507,-5,0,34
1761620972.8250508,-8,-3,39
1761620972.8610508,-7,-6,41
1761620972.8980508,0,-4,35
1761620972.9350507,-3,2,42
1761620972.9710507,-6,2,46
1761620973.008051,3,3,31
1761620973.0460508,0,-8,38
1761620973.084051,-1,0,47
1761620973.120051,0,0,43
1761620973.1570508,2,-8,34
1761620973.1950507,1,-2,30
1761620973.2310507,1,-4,19
1761620973.2690508,-4,-2,36
1761620973.3070507,-2,1,34
1761620973.3450508,-12,2,28
1761620973.3810508,-7,4,30
1761620973.4180508,-9,1,33
1761620973.4550507,-7,0,38
1761620973.4920506,0,-2,43
1761620973.5290508,8,-2,47
1761620973.5750508,1,-1,33
1761620973.6110508,0,-6,34
1761620973.6480508,0,-1,35
1761620973.686051,-2,-2,36
1761620973.7250507,0,-5,39
1761620973.7610507,-3,-1,36
1761620973.7980506,-3,0,25
1761620973.8360507,-3,-1,29
1761620973.8750508,0,6,31
1761620973.9110508,-2,1,31
1761620973.9480507,2,1,42
1761620973.9860508,0,0,47
1761620974.0240507,1,0,46
1761620974.0600507,-4,-2,44
1761620974.0980508,0,-1,32
1761620974.1360507,0,-6,32
1761620974.1750507,0,-2,43
1761620974.2110507,1,-6,40
1761620974.2490506,9,-8,34
1761620974.2860508,2,0,36
1761620974.324051,-3,0,42
1761620974.360051,2,-2,37
1761620974.3980508,-1,-4,36
1761620974.436051,-1,0,47
1761620974.4740508,7,1,29
1761620974.5100508,5,0,34
1761620974.5470507,0,10,37
1761620974.5860507,6,-1,34
1761620974.6240506,2,2,43
1761620974.6600506,2,2,41
1761620974.6970508,-3,3,34
1761620974.7360508,-3,0,37
1761620974.7740507,3,-2,48
1761620974.8100507,9,-2,44
1761620974.8480508,-5,-2,32
1761620974.8860507,-9,0,39
1761620974.9220507,-10,3,24
1761620974.959051,-7,0,29
1761620974.9960508,-10,-9,47
1761620975.0350506,-4,-4,43
1761620975.0710506,-1,-4,45
1761620975.1080508,-1,-3,43
1761620975.1460507,1,-5,48
1761620975.1850507,0,-1,46
1761620975.2210507,0,-4,40
1761620975.258051,-5,1,45
1761620975.2960508,-1,-1,34
1761620975.3330507,0,1,28
1761620975.370051,-4,-2,32
1761620975.4080508,-6,2,30
1761620975.4460506,0,0,34
1761620975.482051,0,0,26
1761620975.5200508,1,4,41
1761620975.5580506,-1,4,27
1761620975.5960507,4,9,30
1761620975.6320508,-2,2,40
1761620975.6690507,0,-1,38
1761620975.7080507,3,-1,38
1761620975.7460508,-6,11,39
1761620975.7830508,0,7,52
1761620975.8200507,-5,1,33
1761620975.8580508,-7,5,32
1761620975.8960507,-5,3,41
1761620975.9320507,0,1,44
1761620975.9690506,2,0,44
1761620976.0070508,-2,3,36
1761620976.0450506,-2,3,20
1761620976.0810506,-3,-5,19
1761620976.1190507,-7,3,39
1761620976.1570508,-5,-7,34
1761620976.1950507,-5,-5,41
1761620976.2310507,-2,-10,45
1761620976.2690508,-6,-6,44
1761620976.3070507,-1,-3,36
1761620976.3460507,-5,4,29
1761620976.3820508,-6,0,15
1761620976.4190507,-8,2,30
1761620976.4570508,-6,1,38
1761620976.4960508,-2,-5,40
1761620976.5320508,-3,-2,41
1761620976.5690508,-2,-1,55
1761620976.6080508,-5,-10,28
1761620976.6460507,3,-8,29
1761620976.6820507,6,-2,34
1761620976.7190506,5,-1,32
1761620976.7570508,0,-7,35
1761620976.7950506,1,-4,29
1761620976.8310506,1,0,29
1761620976.8680508,3,2,33
1761620976.9060507,2,7,35
1761620976.9420507,0,2,38
1761620976.9790506,-2,-5,48
1761620977.0170507,-12,-9,33
1761620977.0560508,0,-5,28
1761620977.0920508,-1,0,31
1761620977.1290507,-1,-3,46
1761620977.1670508,0,-3,41
1761620977.2030506,0,-3,44
1761620977.2400508,7,-2,39
1761620977.278051,2,-6,45
1761620977.3160508,-6,-1,46
1761620977.3520508,-2,1,40
1761620977.3890507,-8,1,44
1761620977.4280508,2,0,38
1761620977.4660506,3,-1,40
1761620977.5020506,2,-4,33
1761620977.5390508,5,-3,35
1761620977.5770507,4,-2,36
1761620977.6160507,0,-5,39
1761620977.6520507,-2,-2,41
1761620977.689051,1,-7,31
1761620977.7270508,-4,0,21
1761620977.7630508,0,1,34
1761620977.801051,0,-6,36
1761620977.8390508,0,-4,43
1761620977.8770506,-6,-2,36
1761620977.913051,-5,-4,36
1761620977.9520507,4,-5,43
1761620977.9890506,5,-8,28
1761620978.0270507,-1,-1,34
1761620978.0630507,0,-2,27
1761620978.1010506,2,-5,30
1761620978.1390507,0,2,30
1761620978.1770508,1,-3,32
1761620978.2130508,1,-7,32
1761620978.2510507,-5,-7,33
1761620978.2890508,4,0,28
1761620978.3270507,5,-5,29
1761620978.3630507,2,-13,33
1761620978.4010508,1,-2,33
1761620978.439051,-3,-7,39
1761620978.4780507,4,-5,37
1761620978.5160508,-1,-3,33
1761620978.5520508,1,0,34
1761620978.5890508,1,-4,28
1761620978.6270506,-3,-6,35
1761620978.663051,-8,-5,37
1761620978.7010508,-3,-5,29
1761620978.7390506,0,1,38
1761620978.7770507,-2,1,42
1761620978.8130507,-7,-6,33
1761620978.8520508,0,-4,34
1761620978.8890507,2,-4,34
1761620978.9280508,8,0,44
1761620978.9660506,0,-3,38
1761620979.0020506,0,-2,32
1761620979.0390508,-4,6,34
1761620979.0770507,2,4,31
1761620979.1130507,-8,0,27
1761620979.1500506,-1,-4,34
1761620979.1880507,-6,4,29
1761620979.2270508,-1,1,23
1761620979.2630508,-9,-4,28
1761620979.3020508,-6,6,27
1761620979.3390508,-2,2,23
1761620979.3770506,5,1,32
1761620979.413051,1,1,38
1761620979.4510508,-4,-4,35
1761620979.4890506,0,0,29
1761620979.5270507,1,0,36
1761620979.5630507,1,4,38
1761620979.6000507,-2,2,53
1761620979.6380508,-4,0,45
1761620979.6740508,0,9,40
1761620979.7110507,-5,0,30
1761620979.7480507,-3,-2,32
1761620979.7870507,-7,-2,25
1761620979.8230507,1,2,36
1761620979.860051,0,-3,51
1761620979.8980508,1,1,43
1761620979.9340508,-3,-3,49
1761620979.972051,2,-10,36
1761620980.0100508,0,-4,34
1761620980.0480506,-2,4,37
1761620980.084051,0,3,40
1761620980.1210508,-2,-4,30
1761620980.1590507,-1,-7,25
1761620980.1980507,0,-3,24
1761620980.2340508,0,-4,33
1761620980.2710507,3,-2,27
1761620980.3090508,2,2,40
1761620980.347051,-4,0,41
1761620980.383051,-5,-1,40
1761620980.4200506,-5,0,34
1761620980.4580507,-4,-4,30
1761620980.4940507,0,3,31
1761620980.5310507,5,6,25
1761620980.5690508,0,3,29
1761620980.607051,0,3,21
1761620980.643051,0,-3,37
1761620980.6800506,3,-3,40
1761620980.7180507,5,-4,36
1761620980.7540507,-3,-2,39
1761620980.791051,-5,2,37
1761620980.8290508,-5,-4,41
1761620980.8670506,-3,-2,43
1761620980.903051,-5,0,41
1761620980.9410508,1,5,38
1761620980.9790506,9,-2,39
1761620981.0170507,5,0,35
1761620981.0530508,-5,1,38
1761620981.0910506,-2,1,38
1761620981.1290507,1,-1,45
1761620981.1670508,0,-5,45
1761620981.2030506,-4,-5,33
1761620981.2410507,3,0,37
1761620981.2790508,3,7,46
1761620981.3170507,4,4,38
1761620981.3530507,1,0,32
1761620981.3910508,5,-3,41
1761620981.4290507,2,-3,37
1761620981.4650507,3,1,26
1761620981.5020506,-1,-1,40
1761620981.541051,3,-4,30
1761620981.5790508,3,-4,37
1761620981.6150508,-2,-9,40
1761620981.6520507,0,-5,40
1761620981.689051,-4,-10,51
1761620981.7280507,-3,0,44
1761620981.7640507,0,1,42
1761620981.801051,-3,0,30
1761620981.8390508,0,-1,29
1761620981.8750508,6,-2,39
1761620981.9120507,6,2,39
1761620981.949051,-3,-3,39
1761620981.9880507,7,0,37
1761620982.0240507,2,4,40
1761620982.061051,-10,1,36
1761620982.0990508,-5,-6,50
1761620982.1380508,-1,-4,30
1761620982.1740508,-2,2,30
1761620982.2110507,-10,0,38
1761620982.2490506,-2,2,41
1761620982.2850506,3,-2,31
1761620982.3220508,6,3,29
1761620982.360051,-4,3,25
1761620982.3980508,-3,-1,41
1761620982.4340508,7,-5,44
1761620982.4710507,-7,-4,35
1761620982.5100508,-7,0,43
1761620982.5480506,-4,3,35
1761620982.584051,0,4,37
1761620982.6210508,4,-2,24
1761620982.6590507,0,-4,36
1761620982.6950507,5,0,38
1761620982.732051,0,-1,40
1761620982.7700508,6,2,45
1761620982.8080506,-1,0,42
1761620982.8440506,0,-2,42
1761620982.8810508,12,2,26
1761620982.9190507,9,-3,48
1761620982.9550507,7,-5,40
1761620982.9930508,3,1,34
1761620983.0300508,-7,-6,32
1761620983.0690508,-6,-2,41
1761620983.1050508,-1,-1,36
1761620983.143051,2,-3,28
1761620983.1800506,3,-2,34
1761620983.2190506,3,-2,30
1761620983.255051,-4,4,37
1761620983.2930508,0,1,29
1761620983.3310506,2,6,28
1761620983.3690507,3,-2,32
1761620983.4050508,3,-6,30
1761620983.4430506,1,2,26
1761620983.4800508,-4,-5,23
1761620983.5190508,-4,-1,39
1761620983.5550506,2,0,30
1761620983.6010506,3,3,34
1761620983.6390507,-1,3,34
1761620983.6750507,-2,0,36
1761620983.7130508,3,1,37
1761620983.7500508,-1,-3,35
1761620983.7890508,-3,-6,30
1761620983.8250508,-4,4,46
1761620983.8620508,0,-1,42
1761620983.9000506,3,1,40
1761620983.936051,2,1,45
1761620983.9730508,2,0,33
1761620984.0100508,-3,0,28
1761620984.0460508,-1,0,39
1761620984.0830507,6,1,40
1761620984.120051,1,-3,38
1761620984.1590507,-1,-1,35
1761620984.1950507,-12,0,31
1761620984.232051,-7,5,31
1761620984.2700508,0,-3,39
1761620984.3060508,4,-8,34
1761620984.3430507,5,-5,22
1761620984.380051,-3,0,38
1761620984.416051,-2,6,40
1761620984.4530506,-2,6,41
1761620984.4910507,0,2,35
1761620984.5290508,5,6,40
1761620984.5650508,4,3,24
1761620984.6020508,7,4,32
1761620984.6400506,6,-1,28
1761620984.676051,5,2,28
1761620984.7130508,2,4,29
1761620984.7510507,-3,-3,24
1761620984.7900507,3,-3,24
1761620984.8260508,2,0,38
1761620984.8630507,9,0,31
1761620984.9010508,10,0,34
1761620984.939051,6,5,37
1761620984.9750507,1,1,32
1761620985.0120506,-3,0,42
1761620985.0500507,-2,3,35
1761620985.0860507,3,5,36
1761620985.1230507,1,2,34
1761620985.1610508,5,1,34
1761620985.199051,-2,2,33
1761620985.235051,0,3,32
1761620985.2720506,3,-2,30
1761620985.311051,9,1,33
1761620985.3490508,-1,1,40
1761620985.3850508,2,1,36
1761620985.4220507,-6,-4,36
1761620985.4610507,-1,4,34
1761620985.4990506,-1,0,32
1761620985.5350506,2,4,44
1761620985.5720508,0,0,39
1761620985.6110508,0,8,40
1761620985.6490507,10,3,39
1761620985.6850507,5,0,34
1761620985.722051,5,1,29
1761620985.7610507,-5,2,27
1761620985.7980506,-3,4,35
1761620985.8350508,0,-2,46
1761620985.8730507,-3,-1,43
1761620985.9120507,-12,4,17
1761620985.9500508,-3,1,30
1761620985.9860508,-4,1,32
1761620986.0230508,0,4,36
1761620986.061051,4,7,24
1761620986.097051,-1,3,27
1761620986.1350508,0,-1,24
1761620986.1720507,4,-4,38
1761620986.2110507,-1,-2,46
1761620986.2470508,-4,3,36
1761620986.2840507,7,1,28
1761620986.3210506,-3,-3,35
1761620986.360051,-3,-5,37
1761620986.3960507,4,-2,43
1761620986.4330506,11,1,37
1761620986.4710507,-5,0,32
1761620986.5070508,5,-2,33
1761620986.5440507,4,-4,36
1761620986.5810506,-3,0,36
1761620986.6170506,1,0,38
1761620986.6540508,7,0,40
1761620986.6920507,3,8,29
1761620986.7300508,-2,0,44
1761620986.7660508,-2,0,36
1761620986.8030508,-2,5,34
1761620986.8410506,-1,-5,32
1761620986.8770506,-2,-4,32
1761620986.9150507,0,-2,34
1761620986.9530506,1,0,25
1761620986.9910507,1,2,27
1761620987.0270507,4,0,34
1761620987.064051,1,1,29
1761620987.1020508,5,-2,39
1761620987.1410508,6,0,49
1761620987.1770508,2,-5,42
1761620987.2150507,-7,-3,37
1761620987.2530508,6,0,43
1761620987.291051,0,-5,36
1761620987.3270507,0,1,38
1761620987.3640506,-3,-5,37
1761620987.4020507,-1,-4,41
1761620987.4410508,1,4,48
1761620987.4770508,1,3,50
1761620987.5140507,-5,1,44
1761620987.5520508,3,5,48
1761620987.5900507,-2,0,35
1761620987.6260507,2,0,30
1761620987.663051,0,-3,21
1761620987.7010508,5,-2,31
1761620987.7370508,0,-3,42
1761620987.7740507,7,-4,35
1761620987.8120508,8,-1,44
1761620987.8500507,-3,-4,42
1761620987.8860507,-2,-1,38
1761620987.9230506,-2,-2,28
1761620987.962051,0,-3,34
1761620987.9980507,0,1,34
1761620988.0350506,5,0,40
1761620988.0720508,1,0,44
1761620988.1080508,-5,-1,32
1761620988.1460507,3,-5,45
1761620988.1830506,-2,-4,36
1761620988.222051,-1,-6,37
1761620988.258051,-9,-1,33
1761620988.2960508,-6,-4,30
1761620988.334051,0,0,32
1761620988.3720508,7,-2,27
1761620988.4080508,8,-4,41
1761620988.4450507,6,-3,31
1761620988.4830508,4,-1,28
1761620988.5210507,0,-4,29
1761620988.5570507,-2,0,24
1761620988.5940506,-3,0,23
1761620988.6320508,-10,-1,31
1761620988.6680508,0,-2,38
1761620988.7050507,0,0,39
1761620988.7420506,-2,-6,43
1761620988.7810507,-3,-6,38
1761620988.8170507,-3,-5,36
1761620988.8540506,0,-1,42
1761620988.8920507,-3,-4,35
1761620988.9280508,-1,-5,30
1761620988.9660506,0,0,37
1761620989.0040507,3,0,36
1761620989.0420508,1,-10,38
1761620989.0780506,0,-11,30
1761620989.1160507,6,-6,35
1761620989.1540508,0,-1,34
1761620989.1920507,2,-4,39
1761620989.2280507,5,-3,31
1761620989.2670507,2,-1,28
1761620989.3040507,3,2,30
1761620989.3420508,0,0,36
1761620989.3780508,-1,1,42
1761620989.4150507,-5,3,35
1761620989.4530506,-5,-1,45
1761620989.4920506,3,-5,33
1761620989.528051,0,-4,27
1761620989.5650508,-3,-2,42
1761620989.6030507,-3,2,34
1761620989.6420507,0,-2,29
1761620989.6780508,-1,5,32
1761620989.7160506,-5,0,35
1761620989.7530508,-7,0,29
1761620989.791051,-3,5,36
1761620989.8270507,-1,4,38
1761620989.8640506,-2,-4,28
1761620989.903051,2,-4,28
1761620989.9410508,0,2,37
1761620989.9770508,-2,0,40
1761620990.0140507,7,0,43
1761620990.0520508,1,-2,44
1761620990.0880508,0,-1,32
1761620990.1250508,1,2,32
1761620990.163051,-4,-7,30
1761620990.199051,1,-3,32
1761620990.2360508,-1,0,41
1761620990.2730508,0,-3,35
1761620990.311051,4,-8,31
1761620990.347051,-2,-7,33
1761620990.3840508,-2,-8,26
1761620990.4230506,1,3,32
1761620990.459051,-1,6,47
1761620990.4970508,-7,0,47
1761620990.5350506,-4,1,48
1761620990.5730507,-8,-1,40
1761620990.6090508,-2,-3,42
1761620990.6470506,-1,0,24
1761620990.6840508,0,3,24
1761620990.722051,4,3,22
1761620990.758051,-5,3,24
1761620990.7950506,-2,-4,29
1761620990.8330507,0,-7,38
1761620990.8720508,-1,-1,40
1761620990.9080508,-3,2,40
1761620990.9450507,0,0,38
1761620990.9830508,5,3,37
1761620991.0190508,-1,2,37
1761620991.0570507,-3,4,33
1761620991.0940506,-2,-2,41
1761620991.133051,-3,-3,40
1761620991.1690507,-3,-6,36
1761620991.2060506,-3,4,35
1761620991.2440507,-2,-2,41
1761620991.2820508,-6,-4,41
1761620991.3180506,-4,-7,30
1761620991.3550508,-5,-5,36
1761620991.3940508,-6,0,26
1761620991.4320507,-2,0,36
1761620991.4680507,0,-2,33
1761620991.505051,-8,-1,39
1761620991.5440507,-4,-10,30
1761620991.5820508,-5,-5,33
1761620991.6180508,-6,-3,25
1761620991.6550508,-11,4,41
1761620991.6930506,5,-4,34
1761620991.7290506,0,-6,26
1761620991.7660508,-2,3,36
1761620991.8040507,0,2,35
1761620991.8420508,1,-10,47
1761620991.8780508,-5,-1,44
1761620991.9150507,-3,-1,44
1761620991.9540508,1,-3,37
1761620991.9920506,2,-4,33
1761620992.028051,0,-3,31
1761620992.0650508,-2,-4,40
1761620992.1040506,-4,-3,46
1761620992.1420507,0,-8,42
1761620992.1780508,4,-9,48
1761620992.2150507,5,0,51
1761620992.2530508,3,-1,36
1761620992.2890508,2,-2,34
1761620992.3260508,-2,0,27
1761620992.3640506,3,3,34
1761620992.4000506,0,0,31
1761620992.4370508,-3,3,34
1761620992.4740508,-4,1,33
1761620992.5110507,2,0,28
1761620992.5480506,4,2,26
1761620992.5850508,-2,4,36
1761620992.6240506,1,0,40
1761620992.6610508,0,-5,39
1761620992.6980507,-1,-2,38
1761620992.7360508,0,5,29
1761620992.7740507,-8,2,36
1761620992.8100507,1,-1,36
1761620992.8480508,4,3,45
1761620992.8850508,1,0,38
1761620992.9230506,-6,-1,46
1761620992.959051,-8,0,38
1761620992.9960508,-3,4,36
1761620993.0340507,-4,4,37
1761620993.0700507,-1,-4,25
1761620993.107051,-6,0,38
1761620993.1450508,0,-3,35
1761620993.1830506,2,-7,36
1761620993.2190506,2,-5,30
1761620993.2560508,-4,-2,39
1761620993.2950506,4,3,35
1761620993.3330507,2,-6,40
1761620993.3690507,-3,-8,30
1761620993.4060507,-7,0,29
1761620993.4440508,1,-4,35
1761620993.4800508,0,0,32
1761620993.5170507,-5,0,34
1761620993.5550506,-1,0,28
1761620993.5930507,7,-2,38
1761620993.6360507,1,-7,49
1761620993.6750507,3,-4,33
1761620993.7130508,9,-2,25
1761620993.7490506,0,-4,25
1761620993.7860508,-6,-1,27
1761620993.8250508,-7,-1,23
1761620993.8630507,4,-6,23
1761620993.8990507,2,-5,17
1761620993.9370508,-2,0,24
1761620993.9750507,-7,0,30
1761620994.0130508,0,-8,37
1761620994.0490508,2,-8,36
1761620994.0860507,11,-4,33
1761620994.1240506,2,-2,31
1761620994.1600506,2,-4,34
1761620994.1970508,0,-7,35
1761620994.235051,2,-4,32
1761620994.2730508,-8,-2,34
1761620994.3090508,-8,-2,37
1761620994.347051,-2,0,37
1761620994.3850508,0,-1,30
1761620994.4210508,5,-5,39
1761620994.4580507,-1,-3,35
1761620994.4960508,-2,-4,34
1761620994.5350506,-5,-4,25
1761620994.5710506,-2,-3,39
1761620994.6090508,-1,2,41
1761620994.6470506,0,-2,40
1761620994.6850507,2,-4,37
1761620994.7210507,-2,-9,34
1761620994.758051,-1,-5,37
1761620994.7960508,-1,-4,40
1761620994.8350508,2,0,31
1761620994.8710508,-4,0,38
1761620994.9080508,-1,0,45
1761620994.9450507,-1,-3,42
1761620994.9840508,-7,-5,50
1761620995.0200508,-6,-6,44
1761620995.0570507,-2,-3,35
1761620995.0950508,-1,-5,44
1761620995.1340508,-1,-2,39
1761620995.1700506,-4,-3,31
1761620995.2070508,-2,-1,41
1761620995.245051,2,2,26
1761620995.2810507,0,-1,17
1761620995.3180506,-8,-5,16
1761620995.3560507,-2,-5,34
1761620995.3950508,0,-5,28
1761620995.4310508,4,-8,35
1761620995.4680507,1,-1,35
1761620995.5060508,-5,0,29
1761620995.5440507,0,-4,44
1761620995.5800507,2,-1,33
1761620995.6170506,-3,-3,32
1761620995.6560507,0,-8,43
1761620995.6940508,-2,-9,47
1761620995.7300508,-1,-6,42
1761620995.768051,-3,-1,40
1761620995.8060508,-2,2,45
1761620995.8450508,-3,7,44
1761620995.8810508,0,2,35
1761620995.9190507,5,1,38
1761620995.9560506,0,2,38
1761620995.9940507,2,0,29
1761620996.0300508,3,0,31
1761620996.0670507,-1,0,34
1761620996.1050508,5,0,29
1761620996.1410508,4,-3,38
1761620996.1780508,7,-4,36
1761620996.2160506,1,-9,43
1761620996.2540507,0,1,25
1761620996.2900507,3,0,37
1761620996.3280506,-1,6,33
1761620996.3660507,-2,2,36
1761620996.4040508,-5,0,29
1761620996.4400508,-7,0,36
1761620996.4770508,-8,-1,41
1761620996.5160508,-4,1,37
1761620996.5540507,2,2,34
1761620996.5900507,0,-1,26
1761620996.6270506,1,0,35
1761620996.666051,-4,-4,40
1761620996.7020507,0,-4,41
1761620996.7400508,9,-5,43
1761620996.778051,2,-11,28
1761620996.8160508,5,-10,36
1761620996.8520508,0,-3,18
1761620996.8900506,-6,1,36
1761620996.9280508,-6,0,41
1761620996.9660506,-3,3,35
1761620997.0020506,-3,4,41
1761620997.0390508,1,0,47
1761620997.0760508,3,-1,42
1761620997.1120508,4,1,49
1761620997.1490507,0,1,32
1761620997.186051,-1,-1,41
1761620997.2250507,-4,-2,40
1761620997.2610507,5,-4,42
1761620997.2980506,12,1,37
1761620997.3360507,2,7,32
1761620997.3720508,-2,2,31
1761620997.4090507,2,-4,45
1761620997.4460506,-4,-8,39
1761620997.485051,-6,3,37
1761620997.5210507,0,1,34
1761620997.5580506,0,0,37
1761620997.5960507,4,-1,48
1761620997.6320508,-3,0,42
1761620997.6690507,5,-2,34
1761620997.7070508,9,-8,44
1761620997.745051,3,4,42
1761620997.7810507,-2,1,33
1761620997.8180506,-3,1,39
1761620997.857051,1,-4,40
1761620997.8950508,4,-2,36
1761620997.9310508,-1,5,42
1761620997.9680507,2,0,42
1761620998.0060508,-2,0,38
1761620998.0420508,-5,-1,37
1761620998.0790508,1,-1,32
1761620998.1170506,-3,0,38
1761620998.1550508,-7,3,41
1761620998.1910508,0,0,41
1761620998.2290506,-4,0,43
1761620998.2670507,0,-1,38
1761620998.3050506,-3,-6,40
1761620998.3410506,0,-5,40
1761620998.3790507,-1,2,44
1761620998.4170508,-4,0,47
1761620998.4550507,3,0,41
1761620998.4910507,-4,1,45
1761620998.528051,-2,-6,35
1761620998.5670507,4,-4,25
1761620998.6050508,0,-4,24
1761620998.6410508,3,-6,29
1761620998.6780508,-6,-3,31
1761620998.7170508,-5,-5,34
1761620998.755051,-3,-6,43
1761620998.791051,-2,-2,47
1761620998.8290508,-5,-5,46
1761620998.8670506,-5,-6,47
1761620998.9060507,0,-3,38
1761620998.9420507,-6,-6,42
1761620998.9810507,0,-6,42
1761620999.018051,2,-3,40
1761620999.0560508,0,4,50
1761620999.0920508,2,-4,40
1761620999.1290507,2,-3,36
1761620999.1670508,-2,-5,32
1761620999.2030506,1,0,41
1761620999.2410507,0,2,47
1761620999.278051,0,4,38
1761620999.3170507,-3,2,42
1761620999.3530507,-4,0,41
1761620999.3910508,-1,3,39
1761620999.4280508,0,6,22
1761620999.4660506,2,1,28
1761620999.5020506,2,-2,35
1761620999.5390508,8,-1,38
1761620999.5770507,2,2,32
1761620999.6130507,1,-3,41
1761620999.6500506,0,-4,44
1761620999.6880507,2,1,35
1761620999.7260506,-1,-2,34
1761620999.7620506,-6,3,33
1761620999.8000507,-4,4,28
1761620999.8380508,-3,0,26
1761620999.8760507,-2,-3,35
1761620999.9120507,-2,-3,37
1761620999.9500508,-2,-4,41
1761620999.9880507,-4,-4,47
1761621000.0270507,4,-3,38
1761621000.0630507,1,1,30
1761621000.1000507,-2,-2,28
1761621000.1380508,-1,-3,30
1761621000.1770508,2,-3,35
1761621000.2130508,5,-5,37
1761621000.2500508,7,-1,32
1761621000.288051,0,-6,31
1761621000.3260508,-4,-6,48
1761621000.3620508,-6,-6,45
1761621000.4000506,0,-2,38
1761621000.4380507,3,0,37
1761621000.4760506,-1,2,46
1761621000.5120506,2,-4,49
1761621000.5500507,-3,-3,32
1761621000.5880508,0,7,36
1761621000.6260507,-4,-1,35
1761621000.6620507,-5,0,31
1761621000.7000508,-6,1,44
1761621000.7380507,-8,0,42
1761621000.7760508,5,-3,23
1761621000.8120508,2,-9,32
1761621000.8490508,4,-5,22
1761621000.8870506,5,-6,25
1761621000.9230506,0,-9,32
1761621000.9600508,3,-2,26
1761621000.9980507,-1,-1,42
1761621001.0340507,0,-2,41
1761621001.0710506,-1,-5,39
1761621001.110051,-4,-4,36
1761621001.1480508,-3,-3,37
1761621001.1840508,0,-8,30
1761621001.2210507,9,-6,19
1761621001.2590508,-1,0,34
1761621001.2970507,12,2,45
1761621001.3330507,3,-1,40
1761621001.370051,6,-11,37
1761621001.4080508,2,-7,27
1761621001.4440508,-2,-4,28
1761621001.482051,10,-1,43
1761621001.5190508,3,-4,33
1761621001.5570507,6,-10,46
1761621001.5930507,1,-6,45
1761621001.630051,-1,-11,33
1761621001.6680508,1,-1,32
1761621001.7070508,0,0,32
1761621001.7430508,-2,-1,31
1761621001.7800508,-1,-2,32
1761621001.8190508,-10,-3,33
1761621001.857051,-3,1,38
1761621001.893051,9,4,34
1761621001.9300506,-2,6,45
1761621001.9690506,0,0,28
1761621002.0070508,2,-3,32
1761621002.0430508,4,-8,38
1761621002.0800507,2,-5,39
1761621002.1190507,-6,-8,35
1761621002.1570508,-12,-3,25
1761621002.1930506,-7,-5,32
1761621002.2300508,3,-4,34
1761621002.2690508,-6,-3,34
1761621002.3070507,-11,-1,35
1761621002.3430507,-1,1,34
1761621002.380051,-6,0,30
1761621002.4190507,-4,0,37
1761621002.4570508,-3,-10,32
1761621002.4930508,1,-4,27
1761621002.5310507,1,5,23
1761621002.5690508,-6,-1,28
1761621002.607051,-5,6,39
1761621002.643051,-5,-2,46
1761621002.6810508,1,1,48
1761621002.7190506,-4,-2,36
1761621002.7570508,-5,-3,43
1761621002.7930508,-3,-1,42
1761621002.8300507,2,4,49
1761621002.8690507,-4,0,44
1761621002.9070508,0,5,41
1761621002.9430506,-1,3,41
1761621002.9800508,-5,-8,43
1761621003.0190508,-5,0,31
1761621003.0570507,-1,3,38
1761621003.0930507,-3,-1,35
1761621003.130051,-1,0,38
1761621003.1690507,-5,0,38
1761621003.2060506,-5,-1,39
1761621003.2440507,7,-1,32
1761621003.2810507,2,-4,29
1761621003.3190508,4,0,35
1761621003.3550508,3,3,33
1761621003.3940508,0,3,29
1761621003.4310508,-3,0,29
1761621003.4690506,-3,-2,21
1761621003.505051,-2,-9,34
1761621003.5430508,-1,-5,30
1761621003.5810506,0,-6,31
1761621003.620051,0,-1,37
1761621003.663051,0,-9,31
1761621003.7020507,-7,-5,29
1761621003.7390506,-7,2,31
1761621003.7750506,0,-3,41
1761621003.8120508,-3,4,31
1761621003.8500507,-5,-2,36
1761621003.8890507,0,0,40
1761621003.9250507,2,0,37
1761621003.962051,-1,1,38
1761621003.9990506,6,4,28
1761621004.038051,-1,-3,31
1761621004.074051,-9,-5,46
1761621004.1110508,-9,-2,49
1761621004.1500506,-3,-5,40
1761621004.1880507,-3,-2,33
1761621004.2240508,-1,-5,27
1761621004.2610507,0,-2,37
1761621004.2990508,0,-3,39
1761621004.3350508,0,-2,38
1761621004.3730507,1,-2,38
1761621004.4100506,2,1,31
1761621004.4480507,-1,0,43
1761621004.4840508,-4,-1,37
1761621004.5210507,4,3,35
1761621004.5590508,4,-3,27
1761621004.5950508,2,-1,36
1761621004.6320508,0,0,38
1761621004.6700506,0,0,48
1761621004.7080507,-4,-7,46
1761621004.7440507,-7,0,46
1761621004.7810507,0,0,43
1761621004.8200507,2,-8,39
1761621004.8580508,4,3,35
1761621004.8940508,0,4,40
1761621004.9320507,-2,2,29
1761621004.9700508,0,3,32
1761621005.008051,5,-5,32
1761621005.0440507,-9,-5,28
1761621005.0810506,-4,-4,29
1761621005.120051,-4,1,36
1761621005.1580508,-6,-1,30
1761621005.1940508,-8,4,33
1761621005.2310507,-8,0,27
1761621005.2700508,-5,3,33
1761621005.3060508,0,0,33
1761621005.3450508,-2,-2,35
1761621005.3820508,-7,-6,36
1761621005.4210508,1,-5,25
1761621005.459051,2,-7,32
1761621005.495051,2,2,34
1761621005.5320508,0,-3,40
1761621005.5700507,4,4,34
1761621005.6060507,3,5,24
1761621005.6440508,-2,0,37
1761621005.6810508,0,-5,31
1761621005.7200508,0,-2,31
1761621005.7560508,2,5,36
1761621005.7930508,-4,-6,33
1761621005.8310506,-5,-4,30
1761621005.870051,1,-4,37
1761621005.9060507,4,-5,34
1761621005.9430506,-1,-1,37
1761621005.9810507,-6,0,31
1761621006.0200508,1,0,36
1761621006.0560508,1,-3,40
1761621006.0930507,-4,-1,45
1761621006.1310508,-4,-3,36
1761621006.1700506,-7,-2,41
1761621006.2060506,2,-8,38
1761621006.245051,4,-5,32
1761621006.2820508,-1,-2,34
1761621006.3210506,0,-6,38
1761621006.3590508,2,0,38
1761621006.3950508,1,-1,38
1761621006.4320507,0,-4,41
1761621006.4700508,0,-2,28
1761621006.5060508,-8,-7,29
1761621006.5440507,0,-9,48
1761621006.5810506,-1,-7,34
1761621006.620051,3,-3,39
1761621006.6560507,2,1,38
1761621006.6950507,-2,-3,43
1761621006.732051,-8,6,50
1761621006.7710507,-1,1,36
1761621006.8090508,1,0,33
1761621006.8450508,5,-3,34
1761621006.8820508,0,-4,38
1761621006.9210508,0,0,38
1761621006.959051,-4,8,26
1761621006.995051,0,0,21
1761621007.0320508,1,-3,35
1761621007.0710506,-1,0,39
1761621007.1090508,-6,0,32
1761621007.1450508,-2,-2,37
1761621007.1830506,-8,0,33
1761621007.2210507,-2,-1,44
1761621007.2590508,-9,0,43
1761621007.2950506,-2,-3,50
1761621007.3330507,1,3,40
1761621007.3710508,-3,-7,30
1761621007.4090507,-2,0,42
1761621007.4450507,-6,1,42
1761621007.482051,-5,5,38
1761621007.5210507,0,0,35
1761621007.5570507,1,-1,37
1761621007.5940506,5,-4,36
1761621007.6310508,-1,-7,27
1761621007.6700506,0,-4,32
1761621007.7060506,-6,0,36
1761621007.7440507,-1,0,37
1761621007.7810507,-11,1,39
1761621007.8170507,-6,-5,42
1761621007.8550508,0,0,41
1761621007.8920507,2,7,36
1761621007.9300506,-5,4,44
1761621007.9660506,-2,-2,33
1761621008.0030508,-5,-2,37
1761621008.041051,-1,-6,27
1761621008.0800507,0,0,31
1761621008.1160507,-2,-4,49
1761621008.153051,0,0,46
1761621008.1910508,3,0,51
1761621008.2270508,-2,-1,46
1761621008.2640507,-5,-2,34
1761621008.3020508,3,1,33
1761621008.3400507,0,-3,33
1761621008.3760507,2,-5,36
1761621008.413051,4,-3,36
1761621008.4520507,-4,-5,31
1761621008.4900508,-10,7,35
1761621008.5260508,-12,9,35
1761621008.5630507,-11,0,27
1761621008.6010506,-7,2,34
1761621008.6370506,-2,1,33
1761621008.6750507,-5,5,31
1761621008.7130508,-4,-4,31
1761621008.7510507,-5,-2,36
1761621008.7870507,-6,-7,26
1761621008.8260508,-3,0,34
1761621008.8630507,0,2,28
1761621008.9010508,-3,0,33
1761621008.9370508,0,-7,32
1761621008.9740508,5,-7,26
1761621009.0120506,0,-3,33
1761621009.051051,-1,-4,24
1761621009.087051,-1,-4,27
1761621009.1250508,-2,-1,27
1761621009.163051,-4,-2,33
1761621009.2020507,-2,-4,35
1761621009.2400508,0,-2,30
1761621009.2760508,3,0,27
1761621009.3130507,4,0,25
1761621009.3510506,0,-5,35
1761621009.3870506,-1,-2,32
1761621009.4250507,2,-6,42
1761621009.4630508,1,-10,32
1761621009.5010507,1,1,30
1761621009.538051,1,-1,26
1761621009.5750508,1,0,23
1761621009.6120508,0,1,31
1761621009.6480508,-1,0,35
1761621009.6850507,-8,-6,34
1761621009.7230508,-4,-6,31
1761621009.7620506,-3,-3,25
1761621009.7980506,-12,1,29
1761621009.8350508,-4,1,34
1761621009.8720508,0,-3,37
1761621009.9080508,0,-7,40
1761621009.9450507,0,-5,31
1761621009.982051,-3,2,42
1761621010.0190508,-1,5,38
1761621010.0560508,-6,0,39
1761621010.0940506,-7,-2,33
1761621010.1320508,0,8,25
1761621010.1680508,4,2,23
1761621010.2060506,-4,0,33
1761621010.2430508,-5,-6,42
1761621010.2820508,-1,-4,29
1761621010.3180506,-2,-2,37
1761621010.3560507,0,-5,32
1761621010.393051,-5,0,33
1761621010.4310508,0,-1,31
1761621010.4670508,3,0,17
1761621010.5040507,0,-7,31
1761621010.5420508,-3,-9,40
1761621010.5780506,4,-2,39
1761621010.6150508,0,-2,30
1761621010.653051,7,-5,29
1761621010.6910508,-4,-4,27
1761621010.7270508,-3,-10,27
1761621010.7640507,-4,-11,41
1761621010.8020508,0,-6,39
1761621010.8380508,-7,-7,31
1761621010.8750508,-7,-8,33
1761621010.913051,1,-2,33
1761621010.9520507,6,-6,27
1761621010.9880507,-3,1,42
1761621011.0250506,0,-2,30
1761621011.0630507,4,-2,32
1761621011.1010506,4,4,29
1761621011.1370506,0,0,24
1761621011.1740508,5,0,30
1761621011.2130508,0,-2,22
1761621011.2510507,-1,-5,36
1761621011.2870507,1,-12,39
1761621011.324051,-2,0,31
1761621011.3620508,-1,0,31
1761621011.3980508,-4,-4,36
1761621011.4350507,-5,-2,26
1761621011.4730508,-3,0,39
1761621011.5110507,0,0,33
1761621011.5470507,5,0,32
1761621011.584051,-2,-5,31
1761621011.6230507,-5,-2,29
1761621011.6610508,-9,0,32
1761621011.6970508,-12,-1,36
1761621011.7360508,-1,-2,35
1761621011.7730508,0,-3,33
1761621011.8090508,4,-3,33
1761621011.8460507,-6,3,37
1761621011.883051,0,0,31
1761621011.9190507,0,2,32
1761621011.9560506,0,-9,34
1761621011.9940507,2,0,32
1761621012.0320508,4,-7,35
1761621012.0680506,7,-1,41
1761621012.1050508,-3,-2,40
1761621012.1440508,0,-9,38
1761621012.1820507,-1,-2,22
1761621012.2180507,1,-8,22
1761621012.255051,8,-3,28
1761621012.2930508,4,-2,29
1761621012.3290508,6,2,29
1761621012.3660507,8,2,29
1761621012.403051,2,-5,41
1761621012.4420507,3,0,40
1761621012.4780507,-6,0,35
1761621012.5150506,-1,0,36
1761621012.5530508,-1,-1,24
1761621012.5890508,0,-3,23
1761621012.6260507,2,-4,30
1761621012.663051,5,-1,32
1761621012.7020507,0,1,23
1761621012.7380507,1,0,32
1761621012.7750506,-1,0,31
1761621012.814051,0,1,36
1761621012.8520508,-5,3,34
1761621012.8880508,2,3,21
1761621012.9250507,0,-2,36
1761621012.9640508,0,5,34
1761621013.0020506,0,0,34
1761621013.038051,-1,3,34
1761621013.0750508,3,-3,28
1761621013.1140506,9,1,34
1761621013.1520507,0,5,27
1761621013.1880507,2,0,28
1761621013.2250507,-3,4,36
1761621013.2630508,-1,1,37
1761621013.2990508,4,8,35
1761621013.337051,0,1,40
1761621013.3740506,9,0,41
1761621013.4120507,5,-3,39
1761621013.4480507,-1,-4,23
1761621013.485051,2,0,44
1761621013.5230508,-4,1,38
1761621013.5590508,-1,0,28
1761621013.5960507,-4,-2,38
1761621013.6340508,5,3,19
1761621013.6780508,0,-1,22
1761621013.7160506,1,-4,26
1761621013.7540507,5,-4,34
1761621013.7920508,4,2,36
1761621013.8280506,-3,4,36
1761621013.8650508,0,-1,39
1761621013.903051,5,-2,38
1761621013.939051,0,-4,25
1761621013.9780507,3,4,29
1761621014.0150506,5,1,33
1761621014.0530508,4,-3,33
1761621014.0890508,0,0,39
1761621014.1260507,8,-2,31
1761621014.1640508,0,7,40
1761621014.2000508,-3,0,40
1761621014.2370508,1,1,45
1761621014.2740507,0,-1,49
1761621014.3100507,-1,-4,43
1761621014.347051,-1,-4,35
1761621014.3850508,-1,1,32
1761621014.4240508,0,2,50
1761621014.4600508,-3,3,42
1761621014.4970508,-1,1,41
1761621014.5340507,0,1,41
1761621014.5700507,-5,2,34
1761621014.607051,-6,-1,35
1761621014.6450508,-1,-8,36
1761621014.6840508,2,-4,36
1761621014.7200508,0,-4,32
1761621014.7570508,0,-8,39
1761621014.7950506,-9,-4,37
1761621014.834051,-7,-1,27
1761621014.870051,-7,-3,43
1761621014.9080508,1,-2,34
1761621014.9450507,1,0,25
1761621014.9830508,1,1,38
1761621015.0190508,2,-2,40
1761621015.0560508,-4,-6,24
1761621015.0950508,2,-4,32
1761621015.133051,2,1,40
1761621015.1690507,-4,0,45
1761621015.2060506,0,-1,34
1761621015.2440507,-1,0,26
1761621015.2800508,-4,7,27
1761621015.3170507,2,2,28
1761621015.3550508,6,0,38
1761621015.393051,11,-4,33
1761621015.4290507,3,-1,31
1761621015.4660506,2,-5,42
1761621015.5040507,-4,-10,43
1761621015.5400507,3,-9,28
1761621015.5770507,-2,-2,34
1761621015.6150508,2,-2,27
1761621015.653051,4,-2,40
1761621015.6900508,3,3,44
1761621015.7270508,4,-6,36
1761621015.7650506,3,-6,23
1761621015.8030508,0,-9,35
1761621015.8390508,-6,-1,35
1761621015.8770506,-1,-1,41
1761621015.9150507,0,-1,45
1761621015.9530506,-5,-5,29
1761621015.9890506,-8,-3,43
1761621016.0270507,-4,-6,39
1761621016.0650508,0,-2,34
1761621016.1030507,0,3,31
1761621016.1390507,3,0,43
1761621016.176051,6,-5,38
1761621016.2150507,1,0,31
1761621016.2510507,1,0,32
1761621016.288051,2,-5,24
1761621016.3260508,-1,-6,37
1761621016.3650508,-5,-1,40
1761621016.4010508,0,4,47
1761621016.4380507,6,0,39
1761621016.4750507,-1,0,37
1761621016.5110507,-1,-7,44
1761621016.5490508,2,0,38
1761621016.5860507,0,-4,37
1761621016.6240506,-2,-3,34
1761621016.6600506,2,6,36
1761621016.6970508,1,-1,40
1761621016.735051,2,0,28
1761621016.7710507,7,-7,37
1761621016.8090508,5,-5,38
1761621016.8460507,-2,0,38
1761621016.8850508,-4,-8,32
1761621016.9210508,-2,0,23
1761621016.9580507,0,-2,24
1761621016.995051,-7,6,33
1761621017.0340507,1,-1,25
1761621017.0700507,6,-7,28
1761621017.107051,-3,-2,33
1761621017.1460507,-3,0,27
1761621017.1840508,-1,-6,30
1761621017.2200508,-5,-4,31
1761621017.258051,1,-6,25
1761621017.2960508,0,-3,33
1761621017.334051,7,-5,35
1761621017.370051,3,-2,44
1761621017.4070508,-1,-5,31
1761621017.4460506,0,-1,35
1761621017.4840508,3,-5,30
1761621017.5200508,0,-3,30
1761621017.5570507,2,-7,33
1761621017.5950508,2,-5,45
1761621017.6310508,-2,-5,32
1761621017.6690507,-4,-6,47
1761621017.7070508,1,-3,38
1761621017.745051,0,-5,46
1761621017.7810507,0,-2,40
1761621017.8190508,-2,-1,38
1761621017.857051,-6,0,35
1761621017.8950508,-1,3,32
1761621017.9310508,3,-1,28
1761621017.9690506,-2,7,39
1761621018.0070508,3,0,41
1761621018.0450506,7,-2,37
1761621018.0810506,3,-7,36
1761621018.1180508,3,-5,36
1761621018.1560507,1,-5,26
1761621018.1940508,1,-7,22
1761621018.2300508,5,-3,27
1761621018.2670507,7,-4,29
1761621018.3050506,4,4,25
1761621018.3410506,0,1,39
1761621018.3780508,4,-1,36
1761621018.416051,4,0,43
1761621018.4520507,3,0,28
1761621018.4890506,2,-2,26
1761621018.5260508,-3,0,42
1761621018.5630507,-2,1,29
1761621018.6000507,-5,1,23
1761621018.6370506,-1,4,41
1761621018.6750507,0,3,31
1761621018.7110507,1,2,34
1761621018.7480507,-1,1,34
1761621018.7860508,-2,-1,47
1761621018.8220508,-9,-4,44
1761621018.8610508,-4,-4,41
1761621018.9000506,-8,-1,47
1761621018.9370508,-4,-2,35
1761621018.9760506,-3,-1,34
1761621019.0120506,0,1,37
1761621019.0490508,0,-4,32
1761621019.087051,-5,-2,27
1761621019.1260507,-1,1,31
1761621019.1620507,2,2,28
1761621019.199051,-1,-4,33
1761621019.2370508,0,-2,34
1761621019.2750506,6,-8,34
1761621019.3120508,-2,-5,35
1761621019.3500507,2,0,34
1761621019.3870506,0,0,33
1761621019.4250507,3,-4,36
1761621019.4610507,0,1,29
1761621019.4990506,4,-10,39
1761621019.5370507,0,-1,35
1761621019.5750508,1,0,37
1761621019.6110508,-4,-2,38
1761621019.6500506,-8,-7,48
1761621019.6870508,2,-3,38
1761621019.7250507,0,-2,39
1761621019.7610507,0,-2,33
1761621019.7980506,-5,-1,31
1761621019.837051,-4,-2,34
1761621019.8750508,-8,-8,30
1761621019.9110508,-8,-7,35
1761621019.949051,0,-4,35
1761621019.9870508,2,-1,45
1761621020.0260508,6,0,35
1761621020.0620508,5,2,15
1761621020.0990508,1,-4,34
1761621020.1370506,2,-3,32
1761621020.1750507,6,0,43
1761621020.2110507,9,-5,42
1761621020.2480507,-2,-1,34
1761621020.2870507,-1,1,34
1761621020.3250508,-1,0,42
1761621020.3610508,-7,-4,48
1761621020.3980508,-3,-3,39
1761621020.4370508,3,-5,31
1761621020.4730508,2,3,14
1761621020.5100508,6,-5,25
1761621020.5480506,3,-2,31
1761621020.587051,1,-6,21
1761621020.6230507,0,-10,35
1761621020.6600506,-6,-13,33
1761621020.6980507,-2,-3,31
1761621020.7370508,1,-4,31
1761621020.7730508,0,-5,26
1761621020.8100507,0,-5,31
1761621020.847051,-2,-1,33
1761621020.8860507,0,-8,42
1761621020.9220507,4,-6,41
1761621020.959051,0,-2,46
1761621020.9970508,3,1,34
1761621021.0330508,8,2,39
1761621021.0700507,-5,-1,38
1761621021.1080508,-2,-6,26
1761621021.1470506,3,-8,32
1761621021.1830506,0,-2,30
1761621021.2200508,-5,-5,43
1761621021.258051,3,-5,43
1761621021.2970507,0,4,42
1761621021.3330507,1,-1,39
1761621021.370051,1,-5,37
1761621021.4070508,-3,-1,41
1761621021.4460506,-2,0,32
1761621021.482051,-4,0,32
1761621021.5190508,0,-3,42
1761621021.5580506,0,0,36
1761621021.5960507,2,-4,39
1761621021.6320508,-1,-3,36
1761621021.6700506,1,5,33
1761621021.7080507,1,2,39
1761621021.7460508,-3,1,29
1761621021.7820508,-9,-1,35
1761621021.8190508,5,-1,40
1761621021.857051,7,-1,46
1761621021.893051,1,0,40
1761621021.9300506,2,-2,44
1761621021.9680507,1,0,31
1761621022.0060508,-6,5,42
1761621022.0420508,-1,3,47
1761621022.0790508,5,-5,42
1761621022.1170506,1,-4,30
1761621022.153051,1,3,30
1761621022.1910508,-2,0,29
1761621022.2280507,-12,-2,33
1761621022.2670507,-2,-2,39
1761621022.3030508,4,0,30
1761621022.3400507,5,-3,31
1761621022.3780508,-3,-1,31
1761621022.416051,-7,2,24
1761621022.4520507,-1,0,31
1761621022.4890506,-3,-9,27
1761621022.528051,-9,-7,40
1761621022.5660508,-1,-7,23
1761621022.6020508,-6,-5,27
1761621022.6390507,-3,-9,40
1761621022.6780508,3,-3,30
1761621022.7140508,-1,-6,28
1761621022.7510507,-3,1,45
1761621022.7890508,-6,-8,37
1761621022.8280506,0,-7,38
1761621022.8640506,-2,-7,32
1761621022.9010508,-4,-1,30
1761621022.939051,0,0,23
1761621022.9770508,0,0,24
1761621023.0130508,1,1,29
1761621023.0500507,-1,0,39
1761621023.0880508,-3,-9,30
1761621023.1240506,-1,-6,28
1761621023.1610508,10,-6,26
1761621023.199051,0,-1,33
1761621023.2380507,5,-3,35
1761621023.2740507,1,-3,45
1761621023.311051,0,-1,29
1761621023.3500507,1,-1,27
1761621023.3880508,1,-6,24
1761621023.4240508,0,-8,33
1761621023.4610507,-12,-1,31
1761621023.4990506,-5,3,21
1761621023.538051,-6,4,23
1761621023.574051,-4,3,24
1761621023.6110508,-4,1,30
1761621023.6490507,-1,1,26
1761621023.6930506,-4,-3,28
1761621023.7310507,0,0,19
1761621023.7690508,3,0,28
1761621023.8080506,0,-3,39
1761621023.8440506,-1,-5,40
1761621023.883051,-2,-1,30
1761621023.9200506,-6,-3,28
1761621023.959051,-2,2,24
1761621023.9970508,-4,-3,34
1761621024.0330508,-4,-3,25
1761621024.0700507,-2,0,37
1761621024.1080508,4,8,36
1761621024.1440508,3,3,42
1761621024.1810508,0,3,40
1761621024.2190506,5,0,39
1761621024.2570508,0,-7,23
1761621024.2930508,0,0,22
1761621024.3300507,-3,-5,33
1761621024.3690507,-1,0,24
1761621024.4070508,-1,0,30
1761621024.4430506,1,0,33
1761621024.4800508,0,0,39
1761621024.518051,-2,0,30
1761621024.5540507,-7,2,42
1761621024.5920508,0,-3,28
1761621024.6290507,5,1,30
1761621024.6670508,2,-2,23
1761621024.7030506,3,0,30
1761621024.7400508,9,-3,30
1761621024.7790508,3,-1,38
1761621024.8150508,3,2,43
1761621024.8520508,3,-5,48
1761621024.8900506,13,-5,38
1761621024.9280508,6,0,29
1761621024.9640508,11,2,38
1761621025.0010507,5,-9,42
1761621025.0390508,4,-7,30
1761621025.0750508,1,-1,35
1761621025.1120508,2,0,32
1761621025.1490507,2,1,42
1761621025.1850507,4,0,32
1761621025.2230508,1,-2,41
1761621025.2600508,5,-2,38
1761621025.2990508,4,-3,33
1761621025.3350508,3,-2,32
1761621025.3730507,0,-1,34
1761621025.4100506,2,-2,45
1761621025.449051,5,0,39
1761621025.485051,2,0,32
1761621025.5230508,0,0,41
1761621025.5600507,3,-5,28
1761621025.5990508,6,-4,36
1761621025.6350508,8,-6,46
1761621025.6730506,-2,7,36
1761621025.7100508,-4,3,32
1761621025.7480507,-4,0,26
1761621025.7840507,0,-5,33
1761621025.8220508,-2,-6,50
1761621025.860051,0,-2,44
1761621025.8980508,-4,-1,40
1761621025.9340508,-3,3,27
1761621025.9710507,-1,-3,27
1761621026.0100508,-5,3,33
1761621026.0480506,-3,-4,34
1761621026.084051,-3,-2,27
1761621026.1210508,-16,-1,36
1761621026.1600506,-4,-3,38
1761621026.1980507,0,-4,33
1761621026.2340508,-1,-9,35
1761621026.2720506,5,-3,36
1761621026.3100507,-2,-6,33
1761621026.3480508,5,-1,33
1761621026.3840508,4,-6,27
1761621026.4210508,7,0,31
1761621026.459051,6,0,22
1761621026.495051,-5,2,32
1761621026.5320508,0,-2,33
1761621026.5700507,-3,1,42
1761621026.6080508,2,0,29
1761621026.6450508,4,-5,26
1761621026.6820507,-3,-1,27
1761621026.7200508,-6,0,35
1761621026.758051,5,-1,35
1761621026.7940507,1,0,34
1761621026.8320508,9,-2,35
1761621026.870051,-1,-2,48
1761621026.9080508,1,0,49
1761621026.9440508,-1,0,42
1761621026.9810507,1,-2,38
1761621027.0200508,1,0,34
1761621027.0560508,4,-3,38
1761621027.0930507,0,9,42
1761621027.130051,0,3,40
1761621027.166051,-2,2,32
1761621027.2030506,0,0,52
1761621027.2400508,7,0,43
1761621027.2760508,3,-1,31
1761621027.3130507,-5,-8,40
1761621027.3510506,-8,-3,23
1761621027.3900506,-5,5,27
1761621027.426051,3,0,18
1761621027.4630508,-3,-7,28
1761621027.5010507,-3,-4,32
1761621027.5400507,-1,-6,32
1761621027.5760508,0,-6,38
1761621027.6130507,0,-3,44
1761621027.6500506,9,2,27
1761621027.686051,2,0,44
1761621027.7230508,3,8,38
1761621027.7600508,1,2,33
1761621027.7960508,3,1,36
1761621027.8330507,-1,6,24
1761621027.870051,2,1,31
1761621027.9060507,6,0,32
1761621027.9430506,1,0,22
1761621027.9810507,-1,2,37
1761621028.0190508,0,-2,38
1761621028.0550506,-1,0,37
1761621028.0930507,2,-5,41
1761621028.1310508,6,0,35
1761621028.1690507,0,0,32
1761621028.2050507,3,0,37
1761621028.2420506,-8,4,39
1761621028.2810507,-4,-2,45
1761621028.3190508,-5,-7,42
1761621028.3550508,-1,-4,36
1761621028.393051,3,-6,34
1761621028.4310508,4,-5,45
1761621028.4700508,7,0,37
1761621028.5060508,2,-5,37
1761621028.5430508,0,-4,38
1761621028.5810506,-2,-2,42
1761621028.6190507,0,0,33
1761621028.6550508,-3,-4,19
1761621028.6940508,-2,1,12
1761621028.7310507,-2,-4,34
1761621028.7700508,1,1,35
1761621028.8060508,0,-4,36
1761621028.8440506,-8,2,40
1761621028.8810508,0,2,31
1761621028.9190507,2,-7,35
1761621028.9550507,-2,2,40
1761621028.9920506,-6,0,46
1761621029.0300508,2,4,25
1761621029.0660508,3,5,36
1761621029.1030507,3,-1,31
1761621029.1410508,-3,0,27
1761621029.1800506,-9,7,31
1761621029.2160506,-4,3,29
1761621029.2530508,-8,-8,27
1761621029.291051,-5,-1,39
1761621029.3300507,1,-3,30
1761621029.3660507,6,-4,33
1761621029.403051,1,-4,37
1761621029.4410508,6,2,30
1761621029.4770508,4,4,26
1761621029.5140507,0,-6,32
1761621029.5520508,-2,-8,27
1761621029.5910506,-8,-3,27
1761621029.6270506,-1,-5,31
1761621029.6640508,-2,4,27
1761621029.7010508,3,-2,21
1761621029.7370508,-4,-1,31
1761621029.7740507,-5,3,17
1761621029.8120508,-2,-3,38
1761621029.8510506,-3,-9,39
1761621029.8870506,-3,-7,48
1761621029.9250507,5,-5,29
1761621029.962051,3,1,36
1761621030.0000508,-1,2,36
1761621030.0360508,-3,0,33
1761621030.0730507,3,-1,36
1761621030.1110508,0,-1,37
1761621030.1470506,0,-1,31
1761621030.1840508,-2,3,29
1761621030.222051,0,6,34
1761621030.2600508,0,0,36
1761621030.2960508,1,2,34
1761621030.3330507,4,2,34
1761621030.3720508,-6,3,33
1761621030.4100506,6,4,47
1761621030.4460506,4,4,31
1761621030.4830508,8,4,41
1761621030.5220506,2,0,35
1761621030.5600507,4,-4,36
1761621030.5960507,4,-4,27
1761621030.6340508,0,6,24
1761621030.6720507,0,-2,22
1761621030.7100508,6,0,31
1761621030.7460508,1,-5,32
1761621030.7830508,-2,7,27
1761621030.8220508,-1,3,29
1761621030.860051,-3,3,36
1761621030.8960507,-3,6,36
1761621030.9330506,-2,0,39
1761621030.972051,-1,-4,37
1761621031.0100508,-8,-2,39
1761621031.0460508,-7,-2,35
1761621031.0830507,-6,0,32
1761621031.1220508,0,-5,40
1761621031.1600506,0,-2,30
1761621031.1960506,-4,-4,33
1761621031.2330508,3,0,25
1761621031.2710507,8,5,39
1761621031.3070507,2,6,32
1761621031.3450508,-1,3,19
1761621031.383051,-3,5,28
1761621031.4220507,-1,1,39
1761621031.4580507,6,6,32
1761621031.495051,0,4,41
1761621031.5320508,-7,-3,35
1761621031.5710506,-1,1,38
1761621031.607051,-1,0,29
1761621031.6450508,0,-4,35
1761621031.6830506,-4,-1,39
1761621031.722051,-6,0,36
1761621031.758051,-9,4,31
1761621031.7950506,-8,2,49
1761621031.8330507,6,0,49
1761621031.8710508,1,5,49
1761621031.9070508,-5,4,42
1761621031.9450507,0,0,36
1761621031.982051,-1,1,27
1761621032.0210507,0,1,24
1761621032.0570507,-3,3,25
1761621032.0940506,-5,-10,28
1761621032.1320508,2,-8,29
1761621032.1710508,1,-1,36
1761621032.2070508,3,5,40
1761621032.2440507,2,-4,34
1761621032.2820508,0,-4,27
1761621032.3180506,-3,0,32
1761621032.3550508,-1,-1,33
1761621032.393051,1,6,33
1761621032.4310508,-3,0,35
1761621032.4670508,-2,0,34
1761621032.505051,-2,-1,38
1761621032.5430508,1,-2,40
1761621032.5810506,2,0,42
1761621032.6180508,-1,-5,40
1761621032.6550508,-4,-6,38
1761621032.6930506,-3,-9,32
1761621032.732051,-1,-6,30
1761621032.768051,1,-4,28
1761621032.8050506,-2,-6,37
1761621032.8430507,-7,-3,35
1761621032.8820508,-2,0,30
1761621032.9180508,-1,0,39
1761621032.9550507,11,-6,41
1761621032.9930508,2,-3,24
1761621033.0310507,2,-7,40
1761621033.0670507,1,-4,32
1761621033.1050508,-3,-2,26
1761621033.143051,4,-4,34
1761621033.1810508,5,-6,26
1761621033.2170508,7,-2,39
1761621033.255051,3,3,38
1761621033.2930508,0,-5,38
1761621033.3310506,2,-6,31
1761621033.3670506,5,-3,31
1761621033.4040508,-2,-3,41
1761621033.4430506,-1,1,34
1761621033.4810507,0,-5,37
1761621033.5170507,6,0,47
1761621033.5540507,5,-3,39
1761621033.5930507,-1,-9,42
1761621033.6290507,-6,-5,44
1761621033.666051,-8,0,23
1761621033.712051,6,12,29
1761621033.7480507,-3,8,39
1761621033.7860508,-1,1,21
1761621033.8230507,-3,1,36
1761621033.8590508,0,0,33
1761621033.8960507,-4,1,34
1761621033.9340508,-4,-3,32
1761621033.972051,-5,-4,38
1761621034.008051,-1,-1,24
1761621034.0450506,0,0,32
1761621034.0830507,2,-1,37
1761621034.1190507,-1,1,42
1761621034.1570508,5,-1,34
1761621034.1940508,-2,-2,18
1761621034.2330508,-2,-1,26
1761621034.2690508,0,1,23
1761621034.3060508,0,8,37
1761621034.3440506,4,-4,33
1761621034.383051,-2,-3,42
1761621034.4190507,-5,-2,35
1761621034.4570508,-2,-10,34
1761621034.495051,-3,-6,33
1761621034.5340507,2,-4,30
1761621034.5720508,-2,-4,35
1761621034.6080508,-2,-8,36
1761621034.6450508,4,-4,40
1761621034.6830506,5,2,42
1761621034.7190506,6,-8,51
1761621034.7560508,8,-9,37
1761621034.7940507,1,-5,42
1761621034.8330507,0,-7,43
1761621034.8690507,-5,-1,29
1761621034.9070508,-9,2,24
1761621034.9450507,-8,-1,26
1761621034.9840508,2,0,36
1761621035.0220506,5,-1,43
1761621035.0580506,3,-3,32
1761621035.0950508,1,1,28
1761621035.133051,-3,-6,47
1761621035.1690507,5,-8,32
1761621035.2060506,5,-5,30
1761621035.2440507,2,-3,21
1761621035.2820508,-1,0,42
1761621035.3180506,1,2,41
1761621035.3550508,1,8,38
1761621035.3940508,-3,-3,45
1761621035.4320507,3,-4,38
1761621035.4680507,-1,-5,37
1761621035.505051,0,-10,40
1761621035.5430508,6,-6,34
1761621035.5790508,5,-7,30
1761621035.6170506,5,-7,38
1761621035.6540508,2,-8,29
1761621035.6930506,5,-1,28
1761621035.7290506,8,2,28
1761621035.7660508,3,0,27
1761621035.8040507,-2,-3,23
1761621035.8430507,-4,-8,35
1761621035.8790507,0,-4,31
1761621035.916051,-3,-3,28
1761621035.9540508,-2,2,31
1761621035.9900508,3,6,35
1761621036.028051,0,2,31
1761621036.0650508,-5,-4,36
1761621036.1040506,7,-3,42
1761621036.1400506,0,-3,43
1761621036.1770508,-3,-8,39
1761621036.2150507,-3,-10,46
1761621036.2540507,0,-9,36
1761621036.2900507,-1,-5,35
1761621036.3280506,2,-2,41
1761621036.3660507,6,4,38
1761621036.4040508,11,1,27
1761621036.4400508,-2,-4,25
1761621036.4780507,-4,-3,41
1761621036.5160508,-7,-4,40
1761621036.5540507,-1,-3,38
1761621036.5930507,0,0,33
1761621036.6290507,-6,7,45
1761621036.666051,-5,4,30
1761621036.7040508,2,-3,31
1761621036.7400508,-2,-5,34
1761621036.778051,6,-4,26
1761621036.8150508,-6,-4,34
1761621036.8540506,-10,-5,33
1761621036.8900506,-3,-3,36
1761621036.9280508,-1,-4,48
1761621036.9660506,1,-3,45
1761621037.0040507,-4,0,37
1761621037.0400507,-4,-5,42
1761621037.0770507,-3,-11,27
1761621037.1150508,1,-7,32
1761621037.1540508,-4,0,32
1761621037.1910508,2,-5,30
1761621037.2280507,0,-3,24
1761621037.2660508,10,0,29
1761621037.3040507,7,-1,38
1761621037.3400507,-3,-7,30
1761621037.3780508,0,-3,29
1761621037.4150507,8,4,32
1761621037.4530506,-1,-3,48
1761621037.4890506,-7,-4,40
1761621037.5270507,2,0,32
1761621037.5650508,-3,0,37
1761621037.6030507,-1,-9,28
1761621037.6390507,-6,1,30
1761621037.6770508,-6,-3,35
1761621037.7160506,-1,-4,37
1761621037.7540507,-1,-1,28
1761621037.7900507,-6,0,16
1761621037.8270507,-3,-8,28
1761621037.8660507,-4,-5,33
1761621037.9040508,0,-4,34
1761621037.9400508,-5,-7,29
1761621037.9780507,-1,-2,31
1761621038.0160508,-5,-2,25
1761621038.0550506,-5,-3,19
1761621038.0910506,0,-2,25
1761621038.1280508,-2,1,33
1761621038.166051,3,0,36
1761621038.2040508,-2,4,39
1761621038.2400508,-5,0,37
1761621038.2770507,2,-1,36
1761621038.3150508,0,-3,44
1761621038.3510506,0,-3,47
1761621038.3890507,-4,1,40
1761621038.4270508,-8,-2,27
1761621038.4650507,1,-1,27
1761621038.5040507,3,4,33
1761621038.5400507,1,0,29
1761621038.5770507,-1,-5,44
1761621038.6150508,-3,-3,33
1761621038.6540508,0,-1,36
1761621038.6900508,-4,2,39
1761621038.7270508,-3,-6,28
1761621038.7650506,0,-6,32
1761621038.8040507,0,-3,34
1761621038.8400507,1,0,32
1761621038.8770506,-7,-2,27
1761621038.916051,-7,-5,30
1761621038.9540508,-2,-6,33
1761621038.9900508,2,-5,33
1761621039.0270507,-2,-1,40
1761621039.0660508,-3,-3,36
1761621039.1040506,2,-6,32
1761621039.1400506,1,-5,42
1761621039.1770508,4,-2,26
1761621039.2150507,5,-7,24
1761621039.2510507,7,-2,30
1761621039.288051,-1,3,33
1761621039.3260508,3,-3,34
1761621039.3640506,-4,-3,42
1761621039.4000506,-2,-6,42
1761621039.4370508,2,-3,38
1761621039.4760506,-3,0,42
1761621039.5140507,1,-1,46
1761621039.5500507,-2,0,33
1761621039.587051,-5,-3,40
1761621039.6260507,-8,3,35
1761621039.6640508,1,-7,32
1761621039.7000508,0,-3,38
1761621039.7370508,0,1,39
1761621039.7760508,4,-2,32
1761621039.814051,0,0,34
1761621039.8500507,3,0,36
1761621039.8870506,7,2,35
1761621039.926051,7,0,30
1761621039.9640508,3,-7,38
1761621040.0000508,1,-7,41
1761621040.0370507,-1,0,45
1761621040.0760508,5,-4,37
1761621040.1120508,0,-6,33
1761621040.1490507,-8,-8,32
1761621040.1870508,-1,-5,33
1761621040.2260506,0,-4,28
1761621040.2620506,-5,-1,19
1761621040.2990508,-4,0,32
1761621040.3360507,5,0,37
1761621040.3730507,-2,2,44
1761621040.4100506,3,-2,41
1761621040.4470508,2,-1,35
1761621040.485051,0,-1,40
1761621040.5210507,-4,-4,42
1761621040.5580506,0,0,41
1761621040.5960507,-7,4,29
1761621040.6320508,0,0,41
1761621040.6690507,-2,0,35
1761621040.7060506,-4,-3,29
1761621040.745051,0,-6,30
1761621040.7810507,4,-8,32
1761621040.8190508,5,0,27
1761621040.8560507,-4,-7,30
1761621040.8950508,-9,-6,38
1761621040.9310508,0,-6,21
1761621040.9680507,-3,-5,30
1761621041.0070508,4,4,31
1761621041.0450506,-4,-6,43
1761621041.0810506,-3,-6,40
1761621041.1190507,3,-2,26
1761621041.1570508,6,-2,33
1761621041.1950507,3,0,28
1761621041.2310507,-3,1,33
1761621041.268051,-3,0,41
1761621041.3070507,5,-1,35
1761621041.3450508,0,4,33
1761621041.3810508,-1,0,36
1761621041.4180508,0,-4,36
1761621041.4570508,-2,-1,25
1761621041.495051,-5,-4,44
1761621041.5310507,-2,-3,42
1761621041.5690508,3,-5,42
1761621041.607051,-5,-2,32
1761621041.6450508,6,6,35
1761621041.6810508,4,5,36
1761621041.7180507,1,4,45
1761621041.7560508,8,2,44
1761621041.7920508,3,2,47
1761621041.8290508,0,-9,40
1761621041.8670506,-4,-6,39
1761621041.9060507,0,-1,37
1761621041.9420507,-3,0,37
1761621041.9790506,-4,1,38
1761621042.0170507,2,-4,26
1761621042.0550506,1,0,33
1761621042.0910506,0,-3,31
1761621042.1280508,1,4,34
1761621042.166051,-2,1,41
1761621042.2020507,-19,0,46
1761621042.2390506,-8,0,38
1761621042.2770507,-4,0,26
1761621042.3130507,-4,-1,21
1761621042.3510506,2,-4,13
1761621042.3890507,5,2,31
1761621042.4270508,-1,-4,37
1761621042.4630508,9,-1,42
1761621042.5000508,0,-6,41
1761621042.538051,-3,-3,36
1761621042.5770507,0,0,47
1761621042.6130507,3,-3,44
1761621042.6500506,4,-1,34
1761621042.6880507,1,1,45
1761621042.7260506,4,0,42
1761621042.7620506,1,0,36
1761621042.8000507,3,-5,37
1761621042.837051,-1,-8,19
1761621042.8760507,-10,-6,26
1761621042.9120507,-2,-7,39
1761621042.9500508,-1,-1,35
1761621042.9880507,5,-5,23
1761621043.0270507,-1,0,29
1761621043.0630507,-3,-6,41
1761621043.1000507,-3,-4,44
1761621043.1380508,0,-1,25
1761621043.1770508,5,-1,29
1761621043.2130508,4,-4,40
1761621043.2500508,3,-4,30
1761621043.288051,-2,0,32
1761621043.3270507,5,-8,26
1761621043.3630507,2,-7,32
1761621043.4000506,0,0,43
1761621043.4380507,0,2,29
1761621043.4760506,2,0,32
1761621043.5120506,0,-1,40
1761621043.5500507,4,0,39
1761621043.5880508,-3,-3,46
1761621043.6260507,-1,2,31
1761621043.6620507,2,1,28
1761621043.7000508,3,0,18
1761621043.7460508,-3,2,20
1761621043.7820508,0,-8,36
1761621043.8190508,1,-2,33
1761621043.8580508,1,-2,32
1761621043.8960507,0,1,40
1761621043.9320507,0,1,31
1761621043.9690506,6,-1,32
1761621044.008051,6,-2,33
1761621044.0460508,4,0,32
1761621044.0820508,3,4,29
1761621044.1190507,-4,-2,32
1761621044.1580508,-2,-2,32
1761621044.1960506,-2,3,31
1761621044.232051,-3,0,23
1761621044.2690508,1,-1,28
1761621044.3080506,7,-1,35
1761621044.3460507,3,-3,40
1761621044.3820508,0,0,38
1761621044.4190507,-3,-2,34
1761621044.4580507,1,-7,41
1761621044.4940507,1,-5,38
1761621044.5310507,10,-8,32
1761621044.5680506,0,0,31
1761621044.6040506,-3,2,40
1761621044.6410508,-6,0,32
1761621044.6780508,-1,1,34
1761621044.7140508,1,-1,39
1761621044.7510507,2,-6,41
1761621044.7890508,-2,-2,36
1761621044.8280506,-1,0,29
1761621044.8640506,2,7,38
1761621044.9010508,4,2,38
1761621044.939051,3,3,37
1761621044.9770508,7,2,34
1761621045.0130508,4,-3,28
1761621045.0500507,0,-3,34
1761621045.0880508,-4,-11,35
1761621045.1240506,0,-15,38
1761621045.1610508,6,-2,40
1761621045.1980507,1,-2,31
1761621045.2340508,3,1,34
1761621045.2720506,-3,0,28
1761621045.3090508,5,0,38
1761621045.347051,4,-2,39
1761621045.383051,-7,-2,36
1761621045.4210508,-2,1,45
1761621045.459051,-1,1,39
1761621045.4970508,0,-1,26
1761621045.5330508,2,-1,35
1761621045.5710506,8,-1,38
1761621045.6090508,-4,-1,46
1761621045.6470506,-4,0,39
1761621045.6830506,8,3,34
1761621045.7200508,-4,-1,43
1761621045.7590508,-9,-6,41
1761621045.7970507,-3,3,22
1761621045.834051,-7,1,26
1761621045.8710508,-3,-1,32
1761621045.9090507,-1,-8,40
1761621045.9480507,1,2,32
1761621045.9840508,-3,-1,33
1761621046.0210507,8,-3,43
1761621046.0590508,0,-4,37
1761621046.097051,5,-1,35
1761621046.133051,3,0,29
1761621046.1710508,3,-4,34
1761621046.209051,3,0,44
1761621046.2470508,-4,-3,39
1761621046.2830508,-7,-4,40
1761621046.3210506,0,2,16
1761621046.3590508,3,2,20
1761621046.3970506,3,-8,30
1761621046.4330506,-6,-4,34
1761621046.4710507,-4,-10,38
1761621046.5100508,1,-1,40
1761621046.5490508,0,-4,35
1761621046.5850508,2,-1,35
1761621046.6220508,-3,3,43
1761621046.6600506,0,-3,25
1761621046.6980507,3,2,43
1761621046.7340508,6,1,45
1761621046.7710507,0,0,38
1761621046.8090508,1,0,38
1761621046.8450508,-4,-1,22
1761621046.883051,-4,0,37
1761621046.9200506,-12,-1,44
1761621046.959051,1,-2,33
1761621046.995051,-1,-2,31
1761621047.0320508,-1,-5,34
1761621047.0700507,9,-1,27
1761621047.1090508,7,-2,29
1761621047.1450508,5,0,38
1761621047.1820507,8,-3,33
1761621047.2190506,5,-4,39
1761621047.2560508,0,-3,32
1761621047.2930508,0,-6,37
1761621047.3300507,-2,-10,37
1761621047.3690507,0,0,34
1761621047.4050508,-4,3,35
1761621047.4430506,-2,4,40
1761621047.4800508,0,-1,22
1761621047.518051,-2,1,27
1761621047.5540507,6,1,35
1761621047.5910506,-6,-1,31
1761621047.630051,-2,-5,32
1761621047.6680508,-1,-2,22
1761621047.7040508,-3,1,38
1761621047.7410507,2,-1,30
1761621047.7790508,6,5,33
1761621047.8150508,0,-1,29
1761621047.8520508,0,-5,33
1761621047.8900506,0,-7,34
1761621047.9280508,0,-11,24
1761621047.9640508,0,-2,42
1761621048.0020506,-7,-3,34
1761621048.0400507,3,-6,25
1761621048.0790508,3,1,23
1761621048.1150508,7,-1,32
1761621048.1520507,2,1,37
1761621048.1900508,0,-1,39
1761621048.2280507,0,0,39
1761621048.2640507,-3,-6,40
1761621048.3020508,-6,-8,30
1761621048.3400507,1,-7,48
1761621048.3780508,-7,-5,30
1761621048.4140508,2,-5,31
1761621048.4520507,2,-4,35
1761621048.4900508,3,3,28
1761621048.528051,0,2,32
1761621048.564051,3,4,33
1761621048.6020508,0,4,34
1761621048.6400506,-2,2,39
1761621048.6780508,1,-2,37
1761621048.7140508,-1,5,32
1761621048.7510507,2,3,27
1761621048.7890508,0,8,42
1761621048.8250508,-1,2,34
1761621048.8620508,2,-1,30
1761621048.9000506,2,-2,31
1761621048.939051,0,0,32
1761621048.9750507,-3,1,35
1761621049.0120506,-1,-2,33
1761621049.0500507,0,-3,35
1761621049.0890508,-2,1,40
1761621049.1250508,0,-7,37
1761621049.163051,0,-1,38
1761621049.2000508,1,-7,33
1761621049.2360508,-1,-1,39
1761621049.2730508,0,3,34
1761621049.3100507,0,2,33
1761621049.3460507,-5,4,33
1761621049.3840508,-5,6,42
1761621049.4210508,1,0,44
1761621049.459051,0,-1,35
1761621049.495051,-6,-2,37
1761621049.5320508,4,-1,40
1761621049.5700507,2,4,46
1761621049.6060507,9,0,33
1761621049.643051,0,-7,40
1761621049.6810508,4,-6,35
1761621049.7190506,0,-3,45
1761621049.755051,-3,0,29
1761621049.7930508,-4,0,33
1761621049.8310506,-1,0,32
1761621049.8690507,-5,5,36
1761621049.9050508,-11,0,45
1761621049.9420507,-1,9,39
1761621049.9800508,-3,0,23
1761621050.0160508,-4,0,24
1761621050.0530508,3,1,23
1761621050.0910506,-6,-4,29
1761621050.1290507,-2,0,29
1761621050.1650507,3,0,30
1761621050.2020507,3,6,32
1761621050.2400508,0,0,39
1761621050.2760508,-6,-1,21
1761621050.3130507,-8,1,33
1761621050.3510506,0,-2,34
1761621050.3890507,1,2,38
1761621050.4250507,8,-4,39
1761621050.4630508,6,1,35
1761621050.5010507,4,-4,32
1761621050.5390508,1,1,32
1761621050.5750508,-8,-2,32
1761621050.6130507,-2,-1,43
1761621050.6510508,0,0,30
1761621050.689051,5,-1,32
1761621050.7250507,0,-5,29
1761621050.7620506,-5,-3,32
1761621050.801051,7,-5,30
1761621050.8390508,3,-5,33
1761621050.8750508,-6,-1,35
1761621050.913051,-6,5,36
1761621050.9510508,-4,2,24
1761621050.9870508,-7,1,29
1761621051.0250506,-7,0,33
1761621051.0620508,0,-2,38
1761621051.1000507,3,-3,32
1761621051.1360507,-1,-2,28
1761621051.1740508,-2,-5,29
1761621051.212051,3,1,29
1761621051.2500508,5,-2,28
1761621051.2860508,-2,1,43
1761621051.324051,-2,4,32
1761621051.3610508,1,2,33
1761621051.3970506,-2,-5,40
1761621051.4350507,0,0,37
1761621051.472051,-5,4,38
1761621051.5100508,-9,3,39
1761621051.5460508,0,1,43
1761621051.5830507,-5,-2,40
1761621051.6210508,-9,0,39
1761621051.6600506,-1,0,43
1761621051.6960506,0,0,35
1761621051.7330508,1,0,42
1761621051.7710507,2,-7,39
1761621051.8070507,3,-9,26
1761621051.8440506,-1,-9,20
1761621051.883051,-6,-2,24
1761621051.9210508,-1,1,33
1761621051.9570508,-2,-2,23
1761621051.9940507,-1,-1,41
1761621052.0330508,1,0,38
1761621052.0710506,8,5,40
1761621052.107051,3,-2,42
1761621052.1440508,9,0,43
1761621052.1820507,0,0,39
1761621052.2200508,-10,0,36
1761621052.2560508,-6,-6,34
1761621052.2930508,-3,-4,39
1761621052.3320508,-6,-2,35
1761621052.370051,-7,-1,32
1761621052.4060507,1,0,45
1761621052.4430506,-3,-1,34
1761621052.482051,-7,-4,35
1761621052.5200508,2,-5,39
1761621052.5560508,2,-13,34
1761621052.5940506,3,-4,34
1761621052.6320508,0,0,44
1761621052.6700506,2,-4,39
1761621052.7060506,0,-6,24
1761621052.7430508,-5,-10,18
1761621052.7820508,3,-2,42
1761621052.8200507,1,-1,33
1761621052.8560507,4,2,33
1761621052.893051,2,-1,44
1761621052.9320507,0,-4,35
1761621052.9700508,3,-3,43
1761621053.0060508,2,-7,39
1761621053.0430508,-4,-3,37
1761621053.0820508,-7,-2,30
1761621053.1180508,-8,-1,31
1761621053.1560507,-4,0,38
1761621053.1940508,-2,-4,33
1761621053.232051,-5,0,28
1761621053.268051,-6,-3,35
1761621053.3060508,-5,-12,50
1761621053.3450508,-2,-7,46
1761621053.3820508,3,-7,32
1761621053.4180508,7,-9,36
1761621053.4550507,3,-7,29
1761621053.4930508,2,-8,40
1761621053.5310507,3,0,36
1761621053.5670507,1,3,32
1761621053.6040506,-3,-3,25
1761621053.6420507,2,0,37
1761621053.6780508,4,0,37
1761621053.7150507,-8,2,35
1761621053.7610507,1,1,38
1761621053.7970507,2,1,34
1761621053.834051,1,2,35
1761621053.8720508,6,2,27
1761621053.9080508,-2,0,40
1761621053.9450507,0,6,45
1761621053.9830508,0,4,41
1761621054.0210507,1,-2,40
1761621054.0570507,5,-1,39
1761621054.0950508,-1,1,36
1761621054.133051,2,-4,25
1761621054.1710508,2,-5,23
1761621054.2070508,-1,1,25
1761621054.245051,-3,6,36
1761621054.2830508,-2,0,32
1761621054.3210506,0,5,41
1761621054.357051,-4,6,42
1761621054.3950508,-4,-5,34
1761621054.4330506,-8,0,41
1761621054.4710507,-2,0,35
1761621054.5070508,-1,1,31
1761621054.5440507,0,4,18
1761621054.5820508,-3,0,23
1761621054.6180508,3,4,31
1761621054.6550508,1,-1,40
1761621054.6930506,0,2,44
1761621054.7310507,-2,4,38
1761621054.7670507,0,2,39
1761621054.8040507,-2,3,32
1761621054.8430507,-3,0,41
1761621054.8810508,-7,-2,42
1761621054.9170508,-4,0,35
1761621054.9540508,0,3,39
1761621054.9920506,2,1,39
1761621055.028051,5,0,35
1761621055.0650508,4,0,29
1761621055.1030507,-2,-1,26
1761621055.1410508,3,-4,22
1761621055.1770508,2,-7,37
1761621055.2140508,-1,1,37
1761621055.2530508,-5,-3,31
1761621055.2890508,1,8,33
1761621055.3260508,5,1,31
1761621055.3630507,4,0,30
1761621055.3990507,-3,-3,28
1761621055.436051,-1,-2,25
1761621055.4740508,-4,0,40
1761621055.5130508,-3,6,42
1761621055.5490508,-3,10,33
1761621055.5860507,-3,4,36
1761621055.6240506,-4,-2,35
1761621055.663051,5,0,25
1761621055.699051,-1,-3,36
1761621055.7360508,3,0,36
1761621055.7730508,-3,-4,49
1761621055.8120508,-1,0,43
1761621055.8480508,-5,4,39
1761621055.8860507,0,-6,22
1761621055.9230506,-2,-3,32
1761621055.962051,1,-2,31
1761621055.9980507,-2,-3,36
1761621056.0360508,-6,-5,33
1761621056.074051,-2,0,29
1761621056.1120508,-4,0,33
1761621056.1480508,-1,-4,32
1761621056.186051,1,-5,45
1761621056.2240508,-1,1,38
1761621056.2620506,-3,1,41
1761621056.2980506,-2,-8,36
1761621056.3360507,-10,0,42
1761621056.3740506,-4,-3,36
1761621056.413051,-2,-4,40
1761621056.449051,0,-5,27
1761621056.4860508,-2,0,24
1761621056.5240507,5,0,33
1761621056.5620508,10,-3,30
1761621056.5980508,11,-1,38
1761621056.6350508,-3,-4,41
1761621056.6740508,-5,0,42
1761621056.712051,7,-8,28
1761621056.7480507,2,-5,33
1761621056.7860508,-10,0,27
1761621056.824051,-6,-3,35
1761621056.8620508,1,-1,40
1761621056.8980508,0,9,40
1761621056.9350507,-3,2,35
1761621056.9740508,-2,0,41
1761621057.0120506,-4,3,30
1761621057.0480506,-3,1,34
1761621057.0850508,-4,0,33
1761621057.1230507,-4,1,33
1761621057.1590507,2,-1,46
1761621057.1960506,0,0,31
1761621057.2340508,5,1,33
1761621057.2720506,0,5,48
1761621057.3080506,5,-1,39
1761621057.3460507,3,3,31
1761621057.3840508,2,0,41
1761621057.4200506,1,4,42
1761621057.4570508,-3,7,31
1761621057.495051,-1,1,37
1761621057.5330508,-3,-5,35
1761621057.5690508,0,-7,40
1761621057.6060507,8,-3,30
1761621057.6440508,-2,-7,33
1761621057.6800506,-3,-4,32
1761621057.7180507,7,2,40
1761621057.755051,1,2,35
1761621057.7930508,-3,0,39
1761621057.8290508,-3,-5,40
1761621057.8660507,-6,0,31
1761621057.9040508,-6,-4,33
1761621057.9400508,8,2,39
1761621057.9790506,1,4,35
1761621058.0160508,-2,1,50
1761621058.0550506,0,3,34
1761621058.0930507,0,2,35
1761621058.1290507,0,5,39
1761621058.166051,-2,0,39
1761621058.2040508,5,3,36
1761621058.2400508,5,0,21
1761621058.2770507,4,-5,37
1761621058.314051,0,1,45
1761621058.3500507,-6,1,41
1761621058.3880508,-6,3,37
1761621058.426051,5,0,35
1761621058.4640508,9,-1,44
1761621058.5000508,4,-7,39
1761621058.5370507,0,0,29
1761621058.5750508,-6,-1,26
1761621058.6130507,0,0,35
1761621058.6490507,-1,1,33
1761621058.6870508,2,0,23
1761621058.7250507,5,0,28
1761621058.7630508,-2,1,29
1761621058.7990508,-2,4,32
1761621058.837051,2,2,29
1761621058.8750508,6,-1,36
1761621058.913051,0,-1,29
1761621058.949051,2,1,30
1761621058.9860508,1,-1,32
1761621059.0240507,-1,-3,37
1761621059.0600507,-3,-5,29
1761621059.0980508,-6,0,34
1761621059.1350508,0,1,40
1761621059.1730506,-6,0,36
1761621059.209051,3,0,45
1761621059.2460508,6,0,28
1761621059.2840507,1,7,35
1761621059.3200507,-3,3,35
1761621059.3580508,-2,-7,32
1761621059.3960507,1,-13,35
1761621059.4340508,0,-7,40
1761621059.4700508,1,-11,34
1761621059.508051,6,-2,26
1761621059.5460508,0,2,35
1761621059.584051,-3,1,41
1761621059.620051,1,-6,28
1761621059.6580508,10,-7,30
1761621059.6960506,1,1,25
1761621059.7340508,-2,2,26
1761621059.7700508,0,0,44
1761621059.8080506,0,-6,42
1761621059.8450508,0,-14,43
1761621059.8840508,-1,-9,29
1761621059.9210508,2,-3,33
1761621059.9580507,1,-1,43
1761621059.9960508,-4,0,39
1761621060.0340507,0,1,37
1761621060.0700507,1,-3,28
1761621060.1080508,3,0,31
1761621060.1460507,4,0,36
1761621060.1840508,5,-5,36
1761621060.2200508,0,6,40
1761621060.2570508,-7,2,46
1761621060.2950506,-6,8,34
1761621060.3310506,3,2,28
1761621060.3680508,12,-4,30
1761621060.4050508,14,3,34
1761621060.4410508,6,-2,30
1761621060.4780507,7,-1,28
1761621060.5160508,-1,-2,35
1761621060.5540507,0,-3,43
1761621060.5900507,1,2,44
1761621060.6280508,-5,0,41
1761621060.666051,1,0,42
1761621060.7040508,5,-7,33
1761621060.7400508,5,-4,45
1761621060.778051,4,0,29
1761621060.8160508,1,1,34
1761621060.8540506,3,0,42
1761621060.8900506,6,-6,42
1761621060.9280508,10,-6,34
1761621060.9660506,-2,0,30
1761621061.0040507,-1,0,23
1761621061.0400507,0,0,24
1761621061.0780506,-9,4,40
1761621061.1160507,-6,0,36
1761621061.1540508,-1,-1,31
1761621061.1900508,-5,-1,34
1761621061.2280507,-3,2,36
1761621061.2660508,3,3,43
1761621061.3040507,-4,5,22
1761621061.3400507,4,-2,23
1761621061.3790507,0,-5,43
1761621061.416051,-3,-3,48
1761621061.4550507,-3,-2,35
1761621061.4910507,6,-3,31
1761621061.528051,5,-1,36
1761621061.5660508,3,-5,39
1761621061.6040506,7,-6,24
1761621061.6400506,6,-7,28
1761621061.6770508,-4,0,45
1761621061.7150507,8,0,36
1761621061.7510507,3,-7,31
1761621061.788051,4,-7,33
1761621061.8260508,-3,-5,45
1761621061.8650508,-7,-1,32
1761621061.9010508,-3,-6,34
1761621061.9380507,-6,-1,42
1761621061.9760506,-6,-8,34
1761621062.0150506,-6,-2,45
1761621062.051051,0,-3,45
1761621062.0880508,-4,-1,45
1761621062.1260507,1,-1,42
1761621062.1620507,5,1,50
1761621062.199051,3,-2,36
1761621062.2380507,4,-8,32
1761621062.2760508,1,-9,27
1761621062.3120508,0,-6,30
1761621062.3490508,3,-3,26
1761621062.3860507,7,5,38
1761621062.4220507,5,-5,40
1761621062.459051,8,-3,28
1761621062.4960508,6,-5,37
1761621062.5320508,0,0,50
1761621062.5700507,-6,-10,29
1761621062.6080508,-6,-12,39
1761621062.6460507,4,-8,26
1761621062.6820507,6,-5,43
1761621062.7200508,4,3,33
1761621062.7570508,0,-4,36
1761621062.7960508,-1,-3,39
1761621062.8320508,-2,-1,41
1761621062.870051,5,1,34
1761621062.9070508,5,-3,25
1761621062.9450507,1,1,26
1761621062.9810507,-1,1,25
1761621063.018051,-8,-8,43
1761621063.0570507,2,0,38
1761621063.0950508,0,-1,37
1761621063.1310508,-2,0,29
1761621063.1680508,-9,-1,33
1761621063.2070508,-12,0,28
1761621063.245051,-4,2,29
1761621063.2810507,-5,0,24
1761621063.3180506,0,2,34
1761621063.3560507,-1,-1,50
1761621063.3920507,0,-4,45
1761621063.4290507,3,0,40
1761621063.4670508,3,-9,27
1761621063.505051,4,0,29
1761621063.541051,-3,-3,31
1761621063.5790508,-1,3,40
1761621063.6170506,-4,0,40
1761621063.6550508,0,0,34
1761621063.6910508,0,0,37
1761621063.7280507,2,-6,32
1761621063.7720506,3,-1,29
1761621063.8100507,5,-2,32
1761621063.8480508,-4,-2,37
1761621063.8870506,0,1,31
1761621063.9250507,2,0,32
1761621063.9610507,5,-1,39
1761621063.9980507,-4,-4,39
1761621064.0370507,5,-1,39
1761621064.0730507,0,-4,42
1761621064.1120508,0,-2,38
1761621064.1490507,0,2,37
1761621064.1870508,-6,0,36
1761621064.2230508,-6,0,26
1761621064.2600508,1,3,34
1761621064.2970507,9,-4,43
1761621064.3360507,8,-5,38
1761621064.3720508,5,-5,34
1761621064.4100506,3,-1,30
1761621064.4470508,2,-1,21
1761621064.4830508,2,0,31
1761621064.5200508,-1,5,41
1761621064.5580506,0,-1,40
1761621064.5960507,1,0,27
1761621064.6320508,2,0,41
1761621064.6690507,-3,1,34
1761621064.7070508,-2,2,39
1761621064.7430508,-2,2,36
1761621064.7800508,-4,-1,33
1761621064.8180506,0,1,28
1761621064.8560507,-9,0,33
1761621064.8920507,-3,-3,52
1761621064.9290507,8,-7,46
1761621064.9670508,-2,-4,23
1761621065.0030508,-4,6,24
1761621065.041051,-1,-3,28
1761621065.0780506,-5,-3,37
1761621065.1170506,-8,-2,35
1761621065.153051,-5,-3,37
1761621065.1900508,-5,-2,29
1761621065.2280507,-4,0,31
1761621065.2660508,-1,1,47
1761621065.3020508,1,-5,41
1761621065.3400507,4,-2,43
1761621065.3780508,7,0,40
1761621065.416051,-4,3,40
1761621065.4530506,0,2,39
1761621065.4900508,-2,3,45
1761621065.528051,4,1,42
1761621065.5660508,6,1,43
1761621065.6020508,-1,-1,36
1761621065.6400506,-4,1,35
1761621065.6780508,-8,-3,32
1761621065.7160506,-5,-7,33
1761621065.7520506,-3,-12,40
1761621065.7900507,7,-1,32
1761621065.8280506,2,3,29
1761621065.8660507,-4,-4,23
1761621065.9020507,-10,-4,22
1761621065.9400508,-3,-2,39
1761621065.9780507,0,-2,47
1761621066.0160508,-1,-2,26
1761621066.0520508,0,0,32
1761621066.0890508,-2,2,34
1761621066.1280508,5,-4,38
1761621066.1640508,2,0,44
1761621066.2010508,6,-2,43
1761621066.2380507,3,4,34
1761621066.2740507,0,8,39
1761621066.311051,-3,2,36
1761621066.3490508,2,-4,40
1761621066.3870506,0,0,37
1761621066.4230506,-4,0,44
1761621066.4600508,1,4,35
1761621066.4980507,-4,-3,35
1761621066.5340507,2,-8,35
1761621066.5710506,5,6,39
1761621066.6080508,6,4,47
1761621066.6440508,1,0,47
1761621066.6810508,-2,-4,43
1761621066.7190506,-4,2,37
1761621066.7570508,3,1,41
1761621066.7930508,-4,4,44
1761621066.8300507,0,1,31
1761621066.8680508,4,0,34
1761621066.9040508,1,-3,28
1761621066.9410508,0,-2,33
1761621066.9790506,0,0,26
1761621067.0170507,3,-3,36
1761621067.0530508,0,-9,40
1761621067.0900507,1,-2,29
1761621067.1280508,5,-1,45
1761621067.1640508,8,-2,38
1761621067.2020507,0,-4,29
1761621067.2390506,2,2,32
1761621067.278051,9,1,32
1761621067.314051,-2,6,37
1761621067.3520508,-1,0,31
1761621067.3890507,0,7,39
1761621067.4270508,2,2,37
1761621067.4630508,4,2,34
1761621067.5000508,0,1,33
1761621067.538051,0,5,22
1761621067.574051,-1,0,26
1761621067.6110508,0,2,30
1761621067.6490507,0,-3,28
1761621067.6870508,-3,1,29
1761621067.7230508,3,8,25
1761621067.7600508,-3,-4,28
1761621067.7990508,5,6,33
1761621067.837051,2,5,35
1761621067.8730507,0,7,36
1761621067.9110508,-1,-2,30
1761621067.949051,3,6,26
1761621067.9870508,-7,-3,29
1761621068.0230508,-12,-4,29
1761621068.0600507,1,-4,33
1761621068.0990508,-3,-3,23
1761621068.1370506,-1,0,33
1761621068.1730506,-1,2,32
1761621068.2110507,-3,2,30
1761621068.2490506,-2,2,28
1761621068.2870507,5,-1,31
1761621068.3230507,4,0,39
1761621068.3610508,-2,-2,43
1761621068.3990507,-9,5,37
1761621068.4350507,-10,7,40
1761621068.472051,-4,2,38
1761621068.5090508,-5,-1,41
1761621068.5480506,4,0,40
1761621068.584051,0,0,37
1761621068.6210508,-6,-1,36
1761621068.6590507,2,0,42
1761621068.6950507,-5,3,40
1761621068.7330508,-2,0,34
1761621068.7700508,-3,3,26
1761621068.8080506,-1,0,36
1761621068.8440506,-5,-5,40
1761621068.8810508,-7,2,33
1761621068.9190507,0,-1,32
1761621068.9550507,-2,0,33
1761621068.9930508,-2,-4,34
1761621069.0310507,-2,-7,38
1761621069.0700507,6,0,29
1761621069.1080508,2,-4,31
1761621069.1440508,2,-4,25
1761621069.1810508,-1,-6,31
1761621069.2190506,1,3,24
1761621069.255051,-1,1,46
1761621069.2920508,3,-3,40
1761621069.3300507,6,-3,38
1761621069.3680508,0,-9,36
1761621069.4040508,2,-4,43
1761621069.4420507,-1,-9,38
1761621069.4800508,2,0,31
1761621069.5190508,-1,-5,35
1761621069.5550506,-4,-8,26
1761621069.5940506,-3,-3,31
1761621069.6310508,-8,2,33
1761621069.6690507,-6,2,34
1761621069.7050507,3,-4,36
1761621069.7420506,0,0,43
1761621069.7800508,-8,-3,38
1761621069.8180506,-3,-1,26
1761621069.8540506,2,-1,34
1761621069.8910508,-7,-2,35
1761621069.9300506,-2,0,41
1761621069.9680507,3,0,32
1761621070.0040507,-6,-4,33
1761621070.0420508,0,-3,32
1761621070.0800507,-11,3,36
1761621070.1180508,-4,5,31
1761621070.1540508,-2,3,28
1761621070.1920507,0,-4,32
1761621070.2300508,-5,-8,42
1761621070.268051,-3,-7,42
1761621070.3040507,-3,-8,37
1761621070.3420508,-1,-8,30
1761621070.380051,4,-10,34
1761621070.4180508,0,-4,39
1761621070.4540508,4,-5,38
1761621070.4920506,4,5,36
1761621070.5300508,0,4,39
1761621070.5660508,-1,3,29
1761621070.6030507,-8,-2,27
1761621070.6410508,1,5,24
1761621070.6790507,9,0,37
1761621070.7150507,5,1,47
1761621070.7520506,-1,0,33
1761621070.7900507,-9,3,28
1761621070.8260508,-4,0,38
1761621070.8630507,-11,-1,42
1761621070.9020507,-9,-5,40
1761621070.9400508,1,-1,40
1761621070.9760506,5,-4,38
1761621071.0130508,0,0,29
1761621071.0500507,1,-2,28
1761621071.0860507,-5,-4,36
1761621071.1230507,-3,0,35
1761621071.1600506,-5,-6,45
1761621071.199051,3,-5,35
1761621071.235051,-5,-3,43
1761621071.2720506,2,3,42
1761621071.3100507,6,-9,47
1761621071.3460507,5,-8,46
1761621071.3840508,1,-1,39
1761621071.4210508,4,-5,46
1761621071.459051,0,4,44
1761621071.495051,3,-3,43
1761621071.5320508,4,4,38
1761621071.5700507,0,-4,37
1761621071.6060507,-8,-4,34
1761621071.643051,2,5,41
1761621071.6810508,2,4,24
1761621071.7190506,3,1,30
1761621071.755051,-5,-3,29
1761621071.7930508,3,-1,38
1761621071.8310506,-2,0,35
1761621071.8690507,-6,-3,42
1761621071.9050508,-1,-3,49
1761621071.9430506,1,-4,39
1761621071.9810507,-4,-7,37
1761621072.0190508,4,4,39
1761621072.0550506,2,3,28
1761621072.0930507,-3,-7,33
1761621072.1310508,2,-6,31
1761621072.1690507,0,-3,24
1761621072.2050507,0,-2,24
1761621072.2430508,0,-3,28
1761621072.2810507,-11,-5,42
1761621072.3200507,-6,-2,41
1761621072.3560507,-4,2,34
1761621072.393051,-4,4,33
1761621072.4310508,-9,5,31
1761621072.4690506,-6,-2,32
1761621072.505051,-5,0,27
1761621072.5420508,0,-4,29
1761621072.5810506,-2,-1,38
1761621072.6170506,0,-11,32
1761621072.6540508,0,-1,43
1761621072.6910508,-2,1,51
1761621072.7300508,0,0,38
1761621072.7670507,-4,-3,34
1761621072.8040507,-2,0,28
1761621072.8420508,-7,-2,32
1761621072.8810508,-2,0,31
1761621072.9170508,-3,3,37
1761621072.9540508,-1,-4,33
1761621072.9920506,-9,-8,25
1761621073.0310507,-10,-6,37
1761621073.0670507,-8,-8,35
1761621073.1040506,0,-3,39
1761621073.1420507,0,0,32
1761621073.1800506,2,1,33
1761621073.2160506,0,1,33
1761621073.2540507,0,-5,46
1761621073.2920508,-2,-10,40
1761621073.3300507,2,-4,47
1761621073.3660507,-3,2,41
1761621073.403051,-5,-4,25
1761621073.4420507,-4,0,34
1761621073.4800508,0,0,34
1761621073.5160508,4,3,34
1761621073.5530508,0,2,17
1761621073.5910506,2,1,25
1761621073.6270506,2,-3,22
1761621073.6640508,1,0,32
1761621073.7020507,8,0,27
1761621073.7400508,0,-3,19
1761621073.7840507,-1,5,37
1761621073.8220508,0,8,33
1761621073.860051,1,0,31
1761621073.8970506,-1,6,28
1761621073.9340508,-9,3,33
1761621073.972051,-5,-4,44
1761621074.0110507,-4,0,34
1761621074.0470507,-4,-8,39
1761621074.084051,3,-8,30
1761621074.1220508,0,-6,29
1761621074.1600506,-1,-1,40
1761621074.1960506,-1,-3,32
1761621074.2340508,-3,0,32
1761621074.2720506,0,0,27
1761621074.3100507,8,-2,27
1761621074.3460507,9,-4,43
1761621074.3840508,0,-4,35
1761621074.4220507,0,-7,34
1761621074.4600508,-2,-5,26
1761621074.4960508,-4,-4,36
1761621074.5340507,-1,-2,27
1761621074.5720508,5,0,32
1761621074.610051,5,-2,31
1761621074.6460507,-2,0,33
1761621074.6840508,-5,-11,32
1761621074.722051,-10,-5,32
1761621074.7610507,-5,1,29
1761621074.7970507,-8,4,41
1761621074.834051,4,4,38
1761621074.8720508,2,0,39
1761621074.9080508,-4,-4,43
1761621074.9450507,-10,0,41
1761621074.982051,-3,0,39
1761621075.018051,-5,-1,31
1761621075.0550506,2,2,35
1761621075.0920508,5,0,23
1761621075.1280508,1,-1,34
1761621075.1650507,0,0,40
1761621075.2020507,2,-4,38
1761621075.2410507,-4,-4,29
1761621075.2770507,1,1,35
1761621075.3150508,5,0,40
1761621075.3530507,0,3,27
1761621075.3910508,3,0,27
1761621075.4270508,0,-4,17
1761621075.4650507,5,-7,27
1761621075.5020506,-2,-4,30
1761621075.541051,0,0,20
1761621075.5770507,-1,-3,15
1761621075.6150508,-1,-1,22
1761621075.6540508,1,-4,23
1761621075.6920507,-2,-1,38
1761621075.7280507,0,-3,41
1761621075.7650506,-1,2,33
1761621075.8030508,-3,1,24
1761621075.8410506,-1,-4,33
1761621075.8770506,1,-6,35
1761621075.9150507,6,1,31
1761621075.9530506,5,-3,41
1761621075.9910507,-5,-5,37
1761621076.0270507,-1,-5,47
1761621076.0650508,0,-2,26
1761621076.1030507,1,-6,37
1761621076.1410508,-9,-4,34
1761621076.1770508,-4,1,34
1761621076.2150507,3,-4,31
1761621076.2530508,0,-1,28
1761621076.291051,5,-4,18
1761621076.3270507,1,-1,20
1761621076.3640506,2,-3,28
1761621076.4020507,6,1,27
1761621076.4380507,2,0,37
1761621076.4750507,1,2,32
1761621076.5130508,6,-1,28
1761621076.551051,3,-2,25
1761621076.587051,0,2,37
1761621076.6240506,-3,-6,34
1761621076.663051,-1,4,25
1761621076.7010508,-4,0,38
1761621076.7370508,-2,-1,36
1761621076.7740507,1,0,36
1761621076.8120508,-4,-3,45
1761621076.8480508,-4,1,51
1761621076.8850508,-2,2,41
1761621076.9230506,-3,-1,43
1761621076.959051,-5,1,38
1761621076.9960508,0,0,36
1761621077.0330508,0,-2,39
1761621077.0690508,4,-4,37
1761621077.1060507,-3,-4,33
1761621077.1440508,-3,-1,39
1761621077.1830506,2,-4,42
1761621077.2190506,7,-1,44
1761621077.2570508,2,6,44
1761621077.2940507,7,-2,47
1761621077.3320508,-1,6,41
1761621077.3680508,-3,0,39
1761621077.4050508,-7,0,44
1761621077.4440508,0,3,36
1761621077.482051,1,0,36
1761621077.518051,0,-1,34
1761621077.5550506,-7,-3,40
1761621077.5930507,-3,-3,40
1761621077.6320508,2,0,42
1761621077.6680508,3,1,28
1761621077.7050507,-5,3,33
1761621077.7430508,-1,1,36
1761621077.7790508,-4,2,36
1761621077.8160508,-2,3,46
1761621077.8530507,-6,0,43
1761621077.8890507,4,3,45
1761621077.926051,-1,-4,46
1761621077.9640508,6,-1,39
1761621078.0020506,4,4,50
1761621078.038051,0,7,42
1761621078.0750508,-4,-2,41
1761621078.1140506,-1,-4,41
1761621078.1520507,0,-1,37
1761621078.1880507,-5,2,22
1761621078.2250507,0,0,22
1761621078.2630508,0,-2,21
1761621078.2990508,3,-1,25
1761621078.3360507,-5,-3,37
1761621078.3740506,-5,-6,43
1761621078.413051,-2,-5,38
1761621078.449051,-3,-5,34
1761621078.4860508,2,-7,37
1761621078.5240507,0,-6,38
1761621078.5620508,-7,0,36
1761621078.5980508,-1,0,28
1761621078.6350508,0,-4,31
1761621078.6740508,5,-2,32
1761621078.712051,1,-3,38
1761621078.7480507,-3,-2,40
1761621078.7860508,-1,2,40
1761621078.824051,-6,-2,29
1761621078.8620508,-2,-4,33
1761621078.8980508,1,3,34
1761621078.936051,3,-1,31
1761621078.9740508,-1,4,32
1761621079.0120506,6,-1,29
1761621079.0480506,1,1,38
1761621079.0850508,2,-2,44
1761621079.1240506,6,-6,38
1761621079.1600506,-2,-11,38
1761621079.1970508,-3,-3,33
1761621079.235051,-6,-3,26
1761621079.2740507,-5,-6,39
1761621079.3100507,-9,1,32
1761621079.347051,-7,-2,34
1761621079.3860507,2,0,40
1761621079.4240508,1,0,33
1761621079.4600508,-1,-2,28
1761621079.4970508,1,0,38
1761621079.5340507,-1,-2,37
1761621079.5730507,1,5,47
1761621079.6090508,-1,3,37
1761621079.6470506,0,0,32
1761621079.6850507,-4,-1,30
1761621079.7230508,0,3,32
1761621079.7590508,-7,8,29
1761621079.7960508,0,2,38
1761621079.834051,-4,1,37
1761621079.870051,-4,-7,50
1761621079.9070508,7,-8,36
1761621079.9440508,6,-7,32
1761621079.9800508,10,-8,38
1761621080.0170507,3,-4,37
1761621080.0560508,2,-1,44
1761621080.0940506,2,-4,41
1761621080.130051,2,-4,39
1761621080.1670508,0,-1,31
1761621080.2050507,0,-5,40
1761621080.2430508,-8,-7,31
1761621080.2790508,0,-4,33
1761621080.3160508,-4,-6,43
1761621080.3550508,1,-9,23
1761621080.393051,0,-5,30
1761621080.4290507,2,-2,41
1761621080.4660506,-2,-2,32
1761621080.505051,1,0,43
1761621080.5430508,-1,0,21
1761621080.5790508,-2,2,42
1761621080.6160507,0,6,46
1761621080.6550508,1,-4,39
1761621080.6930506,-3,-11,45
1761621080.7290506,-7,-5,48
1761621080.7660508,2,2,45
1761621080.8040507,-6,-2,42
1761621080.8400507,3,-1,49
1761621080.8770506,6,-1,43
1761621080.9150507,3,1,50
1761621080.9530506,-2,3,39
1761621080.9890506,-2,0,43
1761621081.0260508,0,-7,37
1761621081.064051,-4,1,42
1761621081.1000507,0,0,48
1761621081.1370506,0,1,38
1761621081.1750507,5,-1,40
1761621081.2130508,0,-4,40
1761621081.2490506,0,-3,41
1761621081.2860508,-2,-5,40
1761621081.3250508,-7,-8,28
1761621081.3610508,0,-5,44
1761621081.3980508,-1,-5,39
1761621081.436051,0,-8,47
1761621081.4740508,-4,0,38
1761621081.5110507,-1,2,29
1761621081.5480506,0,2,38
1761621081.5850508,4,2,36
1761621081.6210508,1,-6,37
1761621081.6580508,5,-2,45
1761621081.6960506,-1,1,43
1761621081.7340508,-7,0,39
1761621081.7710507,-1,-1,42
1761621081.8080506,-6,-6,26
1761621081.8460507,-4,-6,47
1761621081.8850508,3,1,53
1761621081.9210508,4,9,43
1761621081.9580507,5,5,32
1761621081.9960508,12,-4,36
1761621082.0340507,6,-5,26
1761621082.0700507,0,-5,34
1761621082.1080508,5,4,32
1761621082.1460507,-2,-6,34
1761621082.1850507,-1,-3,30
1761621082.2210507,-1,-2,32
1761621082.258051,-1,2,37
1761621082.2960508,0,7,33
1761621082.334051,4,0,37
1761621082.370051,3,-2,45
1761621082.4070508,0,0,34
1761621082.4450507,-2,0,39
1761621082.4810507,1,0,34
1761621082.518051,0,0,30
1761621082.5560508,0,-8,31
1761621082.5940506,0,0,32
1761621082.630051,0,2,37
1761621082.6670508,-7,-6,38
1761621082.7060506,4,-2,34
1761621082.7440507,-7,-4,28
1761621082.7800508,-3,-7,26
1761621082.8180506,1,2,29
1761621082.8560507,1,-3,32
1761621082.8940508,5,2,34
1761621082.9300506,9,6,26
1761621082.9680507,5,4,29
1761621083.0060508,4,1,38
1761621083.0440507,-6,-2,29
1761621083.0800507,-3,-4,32
1761621083.1180508,1,-3,38
1761621083.1560507,-5,-4,36
1761621083.1940508,-7,0,39
1761621083.2300508,-7,-2,30
1761621083.2670507,6,-5,34
1761621083.3060508,0,-3,39
1761621083.3440506,0,-1,40
1761621083.380051,-6,-4,30
1761621083.4170508,-2,1,38
1761621083.4550507,3,0,38
1761621083.4910507,3,-1,38
1761621083.5290508,-12,0,25
1761621083.5660508,-8,-4,40
1761621083.6050508,0,-1,44
1761621083.6410508,4,0,41
1761621083.6790507,1,-3,33
1761621083.7170508,-3,-5,39
1761621083.7560508,-12,2,47
1761621083.8000507,0,-5,43
1761621083.8380508,3,-9,35
1761621083.8770506,5,-3,35
1761621083.9150507,0,0,38
1761621083.9510508,1,2,34
1761621083.9880507,8,0,38
1761621084.0260508,4,-2,30
1761621084.0620508,-1,-1,36
1761621084.1000507,-1,0,36
1761621084.1370506,-3,0,36
1761621084.1750507,0,8,36
1761621084.2110507,4,4,32
1761621084.2480507,0,0,21
1761621084.2860508,-2,4,38
1761621084.3220508,-5,7,33
1761621084.3590508,-8,5,45
1761621084.3970506,0,1,44
1761621084.4350507,-5,0,26
1761621084.4710507,-5,0,29
1761621084.508051,0,0,28
1761621084.5470507,-4,-8,39
1761621084.5850508,4,-5,46
1761621084.6210508,9,-2,41
1761621084.6580508,0,-1,39
1761621084.6970508,-1,-1,29
1761621084.735051,-2,-6,34
1761621084.7710507,-1,6,39
1761621084.8090508,2,1,27
1761621084.847051,8,0,28
1761621084.8850508,6,4,37
1761621084.9210508,0,5,35
1761621084.9580507,1,-5,17
1761621084.9970508,6,1,29
1761621085.0350506,-4,3,22
1761621085.0710506,-4,1,26
1761621085.1080508,0,1,29
1761621085.1470506,0,0,31
1761621085.1850507,3,2,37
1761621085.2210507,2,9,39
1761621085.258051,0,2,36
1761621085.2970507,3,-3,34
1761621085.3350508,3,0,37
1761621085.3710508,0,2,37
1761621085.4080508,1,-2,30
1761621085.4470508,0,-3,36
1761621085.485051,0,-1,27
1761621085.5210507,0,1,40
1761621085.5580506,0,2,23
1761621085.597051,0,0,36
1761621085.6350508,-5,-3,35
1761621085.6710508,-8,-8,31
1761621085.7080507,-5,-1,29
1761621085.7470508,-7,-3,43
1761621085.7830508,-12,-3,47
1761621085.8220508,-3,-7,38
1761621085.8590508,-1,-4,36
1761621085.8970506,-3,0,41
1761621085.936051,-2,-3,49
1761621085.972051,-4,5,40
1761621086.0090508,-3,-1,35
1761621086.0470507,-1,-1,31
1761621086.0860507,-2,3,28
1761621086.1220508,0,0,42
1761621086.1590507,2,-2,44
1761621086.1970508,-4,-2,41
1761621086.2330508,1,0,42
1761621086.2700508,0,-2,30
1761621086.3070507,9,1,46
1761621086.3440506,3,-7,43
1761621086.3810508,-3,-2,34
1761621086.4190507,-5,-3,32
1761621086.4570508,1,0,41
1761621086.4930508,12,4,40
1761621086.5310507,15,2,38
1761621086.5680506,2,-5,37
1761621086.6060507,-9,-4,36
1761621086.6420507,-1,-10,33
1761621086.6790507,0,-6,43
1761621086.7170508,1,1,42
1761621086.7530508,-1,-1,41
1761621086.791051,3,-2,41
1761621086.8290508,8,-3,39
1761621086.8670506,3,0,38
1761621086.903051,3,0,53
1761621086.9410508,3,2,46
1761621086.9780507,5,-9,43
1761621087.0170507,-7,-6,39
1761621087.0530508,-4,0,33
1761621087.0900507,2,1,32
1761621087.1280508,0,-8,33
1761621087.166051,0,-7,34
1761621087.2020507,6,-2,31
1761621087.2390506,2,-4,37
1761621087.2770507,-8,0,41
1761621087.3130507,-2,4,25
1761621087.3500507,-13,-5,36
1761621087.3890507,-6,-5,31
1761621087.4270508,-5,-4,27
1761621087.4630508,4,-3,30
1761621087.5000508,0,0,45
1761621087.538051,0,-1,48
1761621087.5760508,3,-7,32
1761621087.6120508,4,-3,37
1761621087.6490507,5,-2,43
1761621087.6870508,-8,1,53
1761621087.7230508,-1,4,41
1761621087.7600508,2,0,43
1761621087.7980506,0,-1,46
1761621087.834051,0,4,32
1761621087.8720508,6,-2,35
1761621087.9090507,-1,-1,32
1761621087.9480507,0,-5,27
1761621087.9840508,3,0,42
1761621088.0210507,2,-5,43
1761621088.0590508,7,-5,40
1761621088.097051,-3,0,42
1761621088.133051,1,-5,36
1761621088.1710508,-2,-7,36
1761621088.209051,0,-2,37
1761621088.2470508,-1,2,34
1761621088.2830508,-9,0,26
1761621088.3210506,0,0,45
1761621088.3580508,-4,0,32
1761621088.3970506,0,-2,40
1761621088.4330506,4,-6,31
1761621088.4710507,5,0,44
1761621088.508051,0,-1,36
1761621088.5470507,0,1,33
1761621088.5830507,3,5,37
1761621088.6210508,2,3,30
1761621088.6580508,6,0,39
1761621088.6970508,-4,5,35
1761621088.7330508,2,-2,32
1761621088.7710507,-2,5,45
1761621088.8090508,5,3,40
1761621088.847051,1,-5,40
1761621088.883051,0,-5,37
1761621088.9220507,-4,-1,38
1761621088.959051,-3,-2,40
1761621088.9980507,3,-5,31
1761621089.0340507,7,-4,25
1761621089.0710506,-3,-5,37
1761621089.1110508,-3,-1,46
1761621089.1490507,-4,-2,46
1761621089.1870508,0,1,42
1761621089.2230508,0,2,29
1761621089.2610507,0,4,32
1761621089.2990508,6,-1,32
1761621089.337051,5,0,32
1761621089.3730507,0,1,40
1761621089.4110508,-9,0,37
1761621089.449051,-6,0,28
1761621089.4870508,-5,2,29
1761621089.5230508,4,-4,18
1761621089.561051,1,-2,30
1761621089.5990508,-1,6,35
1761621089.6370506,1,5,36
1761621089.6730506,0,4,35
1761621089.7110507,1,-9,38
1761621089.7490506,-3,-3,43
1761621089.7870507,-4,1,42
1761621089.8230507,-5,1,34
1761621089.8610508,-2,-2,35
1761621089.8990507,2,3,34
1761621089.9370508,5,1,31
1761621089.9730508,-2,-3,38
1761621090.0110507,-1,-1,43
1761621090.0490508,0,-1,35
1761621090.0850508,3,-1,37
1761621090.1220508,4,0,30
1761621090.1590507,3,0,37
1761621090.1950507,5,-1,34
1761621090.232051,-4,-4,25
1761621090.2700508,-2,-7,30
1761621090.3090508,2,-10,11
1761621090.3450508,6,-2,23
1761621090.3820508,6,-6,25
1761621090.4190507,-3,-3,28
1761621090.4580507,-7,-5,41
1761621090.4940507,-4,-1,32
1761621090.5310507,0,-2,42
1761621090.5690508,-2,-6,33
1761621090.6050508,1,0,32
1761621090.6420507,3,-3,23
1761621090.6800506,5,2,30
1761621090.7180507,5,6,33
1761621090.7540507,10,4,41
1761621090.791051,8,6,46
1761621090.8290508,-1,0,24
1761621090.8650508,0,0,31
1761621090.9020507,0,-2,23
1761621090.9400508,-2,-1,39
1761621090.9780507,0,-5,43
1761621091.0140507,-8,-1,39
1761621091.0520508,-3,-4,35
1761621091.0900507,-7,4,34
1761621091.1280508,-1,0,46
1761621091.1640508,1,2,36
1761621091.2010508,-8,-3,33
1761621091.2400508,-4,-2,30
1761621091.278051,0,-1,32
1761621091.314051,6,-2,35
1761621091.3510506,0,1,29
1761621091.3890507,7,0,47
1761621091.4250507,6,0,35
1761621091.4630508,4,-5,39
1761621091.5010507,-3,2,33
1761621091.5390508,-2,2,32
1761621091.5750508,0,-7,29
1761621091.6130507,-3,-2,36
1761621091.6510508,-1,0,33
1761621091.689051,4,4,41
1761621091.7250507,7,0,41
1761621091.7630508,0,3,29
1761621091.801051,3,2,27
1761621091.8390508,5,-1,31
1761621091.8750508,-6,0,38
1761621091.913051,-2,-3,32
1761621091.9510508,0,-10,36
1761621091.9900508,5,-5,32
1761621092.028051,2,-7,35
1761621092.064051,7,2,35
1761621092.1010506,-4,-3,33
1761621092.1400506,1,-5,43
1761621092.1780508,1,-1,39
1761621092.2140508,0,-4,38
1761621092.2520506,-1,-7,36
1761621092.2900507,1,-6,38
1761621092.3260508,3,-2,39
1761621092.3630507,1,3,37
1761621092.4000506,1,-4,33
1761621092.439051,0,-2,38
1761621092.4750507,0,-1,47
1761621092.5130508,0,-4,36
1761621092.551051,-6,1,41
1761621092.5890508,-2,0,26
1761621092.6250508,-5,-6,34
1761621092.663051,0,-3,32
1761621092.7010508,0,-2,32
1761621092.7390506,3,-3,37
1761621092.7750506,0,-1,38
1761621092.8130507,3,-3,47
1761621092.8510506,-2,-4,47
1761621092.8900506,5,-7,40
1761621092.926051,4,-3,38
1761621092.9630508,0,-7,44
1761621093.0010507,-3,-5,32
1761621093.0390508,2,0,38
1761621093.0750508,2,-3,39
1761621093.1130507,0,-3,42
1761621093.1510508,4,-9,39
1761621093.189051,0,-1,39
1761621093.2250507,0,5,37
1761621093.2630508,0,0,44
1761621093.301051,-7,0,36
1761621093.3390508,-3,-8,38
1761621093.3750508,-4,-4,28
1761621093.413051,0,-4,34
1761621093.4510508,5,-1,43
1761621093.4890506,0,4,45
1761621093.5250506,-1,0,32
1761621093.5630507,-2,-2,29
1761621093.6010506,-3,0,33
1761621093.6400506,-3,-2,30
1761621093.676051,-2,-2,37
1761621093.7130508,1,-1,36
1761621093.7520506,-7,-4,37
1761621093.7900507,0,-5,34
1761621093.834051,-3,-7,29
1761621093.8720508,-4,1,40
1761621093.9100506,-4,-4,29
1761621093.9460506,-10,-1,35
1761621093.9840508,-1,-1,42
1761621094.0220506,3,-2,29
1761621094.061051,-1,-6,42
1761621094.0990508,1,-7,40
1761621094.1350508,-3,-6,48
1761621094.1720507,1,1,38
1761621094.2100508,3,-1,49
1761621094.2460508,-1,0,38
1761621094.2850506,-2,-5,36
1761621094.3220508,-7,2,41
1761621094.3610508,2,0,26
1761621094.3970506,-1,-5,42
1761621094.4350507,0,-9,42
1761621094.4730508,0,-6,31
1761621094.5110507,2,-4,31
1761621094.5470507,5,1,29
1761621094.584051,-2,3,20
1761621094.6210508,0,1,24
1761621094.6570508,0,0,36
1761621094.6940508,7,0,40
1761621094.7310507,1,-5,29
1761621094.7670507,0,-1,35
1761621094.8040507,0,0,36
1761621094.8410506,1,0,41
1761621094.8770506,-1,2,32
1761621094.9140508,1,3,40
1761621094.9510508,5,2,45
1761621094.9870508,4,-3,32
1761621095.0240507,3,-6,39
1761621095.061051,0,-8,43
1761621095.097051,4,0,34
1761621095.1340508,0,-2,27
1761621095.1710508,-1,-3,35
1761621095.2100508,1,-1,27
1761621095.2460508,-1,-1,34
1761621095.2830508,-1,-7,23
1761621095.3220508,-3,-1,38
1761621095.360051,6,1,35
1761621095.3960507,0,1,48
1761621095.4330506,-1,4,24
1761621095.472051,0,0,31
1761621095.5100508,-1,1,35
1761621095.5460508,8,0,35
1761621095.5830507,-1,3,54
1761621095.6220508,1,-4,35
1761621095.6600506,-1,4,38
1761621095.6960506,-1,4,33
1761621095.7330508,1,2,46
1761621095.7710507,2,-1,45
1761621095.8070507,0,-5,44
1761621095.8440506,-3,-4,29
1761621095.8820508,6,-2,32
1761621095.9200506,3,-5,25
1761621095.9560506,-6,-4,37
1761621095.9930508,-10,1,39
1761621096.0320508,-6,-3,34
1761621096.0700507,-2,-1,38
1761621096.1060507,-1,-3,33
1761621096.143051,-3,-4,34
1761621096.1820507,6,-2,33
1761621096.2200508,5,-2,41
1761621096.2560508,4,0,38
1761621096.2930508,1,0,33
1761621096.3310506,3,0,35
1761621096.3670506,-1,-1,33
1761621096.4050508,2,-4,20
1761621096.4420507,4,4,24
1761621096.4800508,-5,-8,32
1761621096.5160508,-6,-1,39
1761621096.5530508,0,0,40
1761621096.5910506,1,-3,40
1761621096.6270506,0,1,46
1761621096.6640508,5,6,47
1761621096.7020507,1,6,41
1761621096.7380507,-4,6,34
1761621096.7750506,-7,0,35
1761621096.8120508,0,3,34
1761621096.8480508,-2,3,33
1761621096.8850508,5,0,36
1761621096.9220507,3,1,35
1761621096.9580507,-2,2,34
1761621096.995051,1,-2,31
1761621097.0340507,0,-2,44
1761621097.0720508,3,3,47
1761621097.1080508,2,1,39
1761621097.1450508,4,0,23
1761621097.1820507,4,-6,47
1761621097.2210507,7,4,38
1761621097.2570508,5,-1,44
1761621097.2940507,-1,-2,30
1761621097.3320508,5,-5,44
1761621097.3710508,5,1,37
1761621097.4070508,-2,-3,34
1761621097.4450507,1,-6,37
1761621097.4830508,11,-5,36
1761621097.5210507,5,-4,41
1761621097.5570507,10,1,42
1761621097.5940506,0,0,32
1761621097.6320508,-2,0,46
1761621097.6680508,2,1,49
1761621097.7050507,6,-1,42
1761621097.7430508,1,0,51
1761621097.7810507,-5,-3,41
1761621097.8170507,6,0,30
1761621097.8540506,-6,5,30
1761621097.893051,-5,3,40
1761621097.9310508,0,4,30
1761621097.9670508,0,-7,33
1761621098.0040507,2,0,35
1761621098.0420508,2,0,24
1761621098.0780506,0,3,32
1761621098.1160507,0,-1,22
1761621098.1540508,2,-6,27
1761621098.1920507,-4,-4,28
1761621098.2290506,5,-5,28
1761621098.2660508,1,-9,35
1761621098.3030508,0,-1,43
1761621098.3420508,0,0,34
1761621098.3780508,-4,-3,41
1761621098.416051,4,-1,40
1761621098.4530506,3,-1,42
1761621098.4920506,0,-3,25
1761621098.528051,0,-11,29
1761621098.5650508,0,-5,29
1761621098.6030507,-1,-6,32
1761621098.6420507,-4,2,36
1761621098.6780508,-6,5,37
1761621098.7160506,-2,-2,33
1761621098.7540507,2,0,25
1761621098.7920508,4,3,45
1761621098.8290508,0,1,45
1761621098.8670506,-1,-5,37
1761621098.9040508,3,1,41
1761621098.9420507,10,3,37
1761621098.9780507,0,-1,21
1761621099.0150506,-4,-1,36
1761621099.0530508,-1,-3,28
1761621099.0920508,-3,-8,46
1761621099.1280508,-1,-10,46
1761621099.1670508,-13,-4,30
1761621099.2040508,0,2,35
1761621099.2420506,-1,-7,34
1761621099.278051,0,-2,27
1761621099.3160508,3,1,31
1761621099.3530507,-2,2,22
1761621099.3920507,-9,-3,32
1761621099.4280508,-2,2,33
1761621099.4650507,-1,0,29
1761621099.5040507,2,-4,28
1761621099.5420508,-3,-5,36
1761621099.5780506,4,-2,32
1761621099.6160507,3,-2,40
1761621099.6540508,-1,-8,38
1761621099.6920507,-1,1,37
1761621099.7280507,0,-1,27
1761621099.7650506,-6,-3,25
1761621099.8040507,-10,-2,30
1761621099.8420508,-5,-1,31
1761621099.8780508,-6,-6,49
1761621099.916051,-4,-1,31
1761621099.9540508,6,0,40
1761621099.9920506,-6,2,38
1761621100.028051,-1,-3,31
1761621100.0670507,-2,0,36
1761621100.1040506,-4,-1,30
1761621100.143051,-3,1,27
1761621100.1790507,0,2,33
1761621100.2160506,-2,8,26
1761621100.2540507,-3,1,36
1761621100.2920508,1,0,38
1761621100.3280506,0,-2,40
1761621100.3650508,0,2,30
1761621100.403051,-1,1,49
1761621100.439051,1,-1,44
1761621100.4760506,-7,8,28
1761621100.5140507,-3,8,30
1761621100.5530508,1,2,36
1761621100.5890508,0,-2,33
1761621100.6260507,-2,-1,25
1761621100.6640508,0,0,31
1761621100.7020507,-5,-1,36
1761621100.7380507,2,0,42
1761621100.7760508,0,-5,41
1761621100.814051,-1,-2,35
1761621100.8520508,-4,0,39
1761621100.8880508,-1,-3,32
1761621100.926051,1,-1,25
1761621100.9640508,-5,0,30
1761621101.0000508,-5,-5,33
1761621101.0370507,0,-7,41
1761621101.074051,-1,-8,32
1761621101.1130507,-1,-1,38
1761621101.1490507,1,-4,43
1761621101.1870508,-3,-7,52
1761621101.2240508,-2,0,33
1761621101.2630508,-7,-4,29
1761621101.2990508,-4,0,32
1761621101.3360507,7,-1,23
1761621101.3740506,4,-3,29
1761621101.4100506,2,0,29
1761621101.4470508,0,-2,27
1761621101.4840508,-2,3,55
1761621101.5200508,0,4,34
1761621101.5570507,0,-5,28
1761621101.5940506,-5,5,25
1761621101.630051,-2,2,26
1761621101.6670508,0,-3,30
1761621101.7040508,2,-6,37
1761621101.7430508,-2,-4,29
1761621101.7790508,1,-3,37
1761621101.8170507,11,-3,30
1761621101.8550508,2,0,39
1761621101.893051,2,0,37
1761621101.9290507,7,-4,33
1761621101.9660506,4,2,40
1761621102.0040507,0,-3,35
1761621102.0400507,1,0,52
1761621102.0770507,-6,-4,38
1761621102.1150508,-4,0,42
1761621102.1540508,5,-2,38
1761621102.1900508,3,-5,27
1761621102.2270508,-1,0,34
1761621102.2650506,10,1,22
1761621102.3030508,5,-2,39
1761621102.3390508,3,0,31
1761621102.3760507,6,5,35
1761621102.4140508,5,-2,41
1761621102.4500508,2,-1,40
1761621102.4870508,-2,-7,35
1761621102.5250506,0,-4,40
1761621102.564051,-2,-2,24
1761621102.6000507,1,-4,26
1761621102.6370506,1,10,31
1761621102.6750507,-5,1,28
1761621102.7130508,1,1,39
1761621102.7490506,0,-3,46
1761621102.7870507,-2,-5,41
1761621102.8250508,0,-2,44
1761621102.8630507,9,2,41
1761621102.8990507,3,3,32
1761621102.9370508,-2,3,52
1761621102.9750507,-2,0,35
1761621103.0130508,0,0,30
1761621103.0490508,-5,-1,43
1761621103.087051,3,-2,35
1761621103.1250508,2,0,38
1761621103.1610508,-2,-4,38
1761621103.1980507,6,-6,41
1761621103.235051,-1,-6,36
1761621103.2740507,2,-2,35
1761621103.3100507,-2,-1,36
1761621103.3480508,0,0,38
1761621103.3850508,0,-9,40
1761621103.4210508,-5,-2,39
1761621103.459051,-7,-5,39
1761621103.4960508,0,-8,37
1761621103.5340507,-2,-8,29
1761621103.5700507,4,0,38
1761621103.607051,0,-1,45
1761621103.6450508,-5,0,37
1761621103.6810508,-6,-6,30
1761621103.7190506,1,-1,33
1761621103.7570508,0,0,36
1761621103.7950506,-5,-2,39
1761621103.8390508,-2,0,43
1761621103.8770506,2,-1,38
1761621103.9150507,0,-2,26
1761621103.9540508,0,-5,35
1761621103.9900508,-1,-6,34
1761621104.0270507,-8,1,34
1761621104.0650508,-5,0,31
1761621104.1010506,-7,0,41
1761621104.1380508,0,0,39
1761621104.176051,0,-4,39
1761621104.2140508,6,2,46
1761621104.2500508,6,4,42
1761621104.2870507,0,-3,32
1761621104.3250508,11,-3,36
1761621104.3610508,5,-4,30
1761621104.3980508,-10,-7,35
1761621104.436051,0,-5,33
1761621104.4740508,-8,-5,47
1761621104.5100508,-11,-1,35
1761621104.5470507,-1,0,39
1761621104.5860507,-3,-6,38
1761621104.6240506,0,-2,41
1761621104.6600506,3,-2,35
1761621104.6970508,12,-1,31
1761621104.7360508,6,-3,34
1761621104.7740507,3,-3,38
1761621104.8100507,2,-2,34
1761621104.847051,2,2,38
1761621104.8850508,4,1,30
1761621104.9210508,0,3,33
1761621104.959051,0,4,29
1761621104.9960508,6,-3,39
1761621105.0340507,-6,-7,33
1761621105.0700507,1,-5,33
1761621105.107051,-7,-10,30
1761621105.1460507,-5,-6,24
1761621105.1840508,0,0,34
1761621105.2200508,3,0,37
1761621105.2570508,0,0,37
1761621105.2950506,-9,0,46
1761621105.3310506,-4,3,43
1761621105.3680508,3,0,35
1761621105.4060507,4,1,39
1761621105.4420507,0,-5,32
1761621105.4790506,-7,-5,44
1761621105.5170507,3,0,38
1761621105.5550506,0,1,41
1761621105.5910506,-4,2,40
1761621105.6290507,-1,-9,37
1761621105.6670508,5,-8,29
1761621105.7060506,2,-1,39
1761621105.7420506,3,0,42
1761621105.7790508,5,-1,41
1761621105.8170507,3,0,30
1761621105.8550508,1,1,38
1761621105.8910508,2,1,43
1761621105.9280508,-2,-6,40
1761621105.9670508,-8,2,46
1761621106.005051,-3,-1,34
1761621106.041051,1,-4,19
1761621106.0790508,-5,0,34
1761621106.1170506,-2,9,25
1761621106.1550508,4,4,35
1761621106.1910508,-1,2,36
1761621106.2280507,0,-8,38
1761621106.2670507,-4,-3,34
1761621106.3050506,0,-6,36
1761621106.3410506,-3,-1,42
1761621106.3790507,-1,0,31
1761621106.4170508,-3,0,25
1761621106.4550507,-2,1,38
1761621106.4910507,2,-3,36
1761621106.5290508,-4,-8,34
1761621106.5670507,-11,-4,48
1761621106.6060507,-5,-14,42
1761621106.6420507,-7,-9,37
1761621106.6790507,1,-4,32
1761621106.7170508,2,-2,19
1761621106.755051,3,4,32
1761621106.791051,0,4,31
1761621106.8280506,0,0,27
1761621106.8660507,-2,0,29
1761621106.9020507,1,0,30
1761621106.939051,6,-1,35
1761621106.9770508,-7,0,32
1761621107.0150506,-2,5,29
1761621107.051051,-8,2,31
1761621107.0880508,-4,-1,30
1761621107.1270506,-2,-1,42
1761621107.1650507,1,-5,48
1761621107.2010508,-2,0,46
1761621107.2380507,-3,0,41
1761621107.2760508,-6,1,32
1761621107.3120508,-1,-5,36
1761621107.3500507,1,-5,46
1761621107.3870506,1,0,28
1761621107.4230506,2,-1,31
1761621107.4610507,5,0,36
1761621107.4980507,-2,-1,29
1761621107.5370507,0,-2,36
1761621107.5730507,-3,1,38
1761621107.6110508,1,-4,34
1761621107.6480508,-9,3,41
1761621107.6870508,-6,2,33
1761621107.7230508,0,2,32
1761621107.7610507,-4,1,27
1761621107.7980506,-4,-6,39
1761621107.837051,0,-10,23
1761621107.8730507,1,-4,37
1761621107.9110508,2,-2,50
1761621107.9480507,4,-1,34
1761621107.9870508,-3,0,37
1761621108.0230508,-2,1,29
1761621108.061051,3,0,36
1761621108.0980508,-8,6,30
1761621108.1370506,3,-4,28
1761621108.1730506,3,-2,16
1761621108.2110507,7,2,28
1761621108.2480507,-1,-3,42
1761621108.2870507,0,-2,37
1761621108.3230507,-4,-1,34
1761621108.3630507,0,-4,44
1761621108.4000506,4,-3,43
1761621108.4380507,-1,-7,36
1761621108.4760506,-9,-10,38
1761621108.5120506,-7,-7,37
1761621108.5490508,-3,-3,37
1761621108.5880508,-9,-2,32
1761621108.6260507,-9,-5,34
1761621108.6620507,-4,0,43
1761621108.7000508,-2,4,42
1761621108.7380507,-4,-7,40
1761621108.7760508,-2,-7,34
1761621108.8120508,2,-5,22
1761621108.8490508,6,-1,42
1761621108.8880508,4,-6,40
1761621108.926051,1,1,38
1761621108.962051,6,5,42
1761621108.9990506,8,-11,25
1761621109.038051,4,-2,22
1761621109.0760508,9,-3,34
1761621109.1120508,1,2,45
1761621109.1490507,6,3,46
1761621109.1870508,-2,1,34
1761621109.2230508,4,-5,36
1761621109.2610507,10,1,41
1761621109.2980506,1,0,35
1761621109.3360507,5,2,28
1761621109.3720508,3,0,29
1761621109.4090507,3,-3,22
1761621109.4470508,7,-7,19
1761621109.4830508,0,-6,25
1761621109.5200508,5,-4,35
1761621109.5590508,0,-6,35
1761621109.597051,3,-6,26
1761621109.633051,0,3,23
1761621109.6710508,0,0,35
1761621109.7080507,4,1,24
1761621109.7440507,-6,1,23
1761621109.7810507,0,1,40
1761621109.8190508,3,-1,33
1761621109.857051,0,-1,38
1761621109.893051,2,1,29
1761621109.9300506,7,5,37
1761621109.9680507,3,2,40
1761621110.0040507,0,1,40
1761621110.041051,5,3,24
1761621110.0780506,4,-2,22
1761621110.1140506,3,0,36
1761621110.1510508,-5,-2,33
1761621110.189051,-2,-3,32
1761621110.2280507,-7,-3,39
1761621110.2640507,-6,-3,33
1761621110.3020508,-1,-1,41
1761621110.3400507,-6,-3,43
1761621110.3780508,3,7,38
1761621110.4140508,5,2,45
1761621110.4510508,6,2,28
1761621110.4890506,5,4,37
1761621110.5270507,4,2,41
1761621110.5630507,3,-6,37
1761621110.6010506,3,-4,33
1761621110.6390507,0,-12,37
1761621110.6770508,1,-5,36
1761621110.7130508,-3,-7,34
1761621110.7510507,-2,4,34
1761621110.7890508,-1,0,31
1761621110.8270507,-5,0,33
1761621110.8630507,-6,4,24
1761621110.9010508,0,3,35
1761621110.939051,2,6,28
1761621110.9770508,0,3,38
1761621111.0130508,-4,4,32
1761621111.051051,9,-6,34
1761621111.0890508,4,1,26
1761621111.1270506,3,-2,27
1761621111.163051,-3,-2,30
1761621111.2010508,1,0,41
1761621111.2390506,-8,-1,38
1761621111.2770507,-4,-7,37
1761621111.3130507,0,-1,39
1761621111.3510506,0,0,41
1761621111.3890507,0,-6,32
1761621111.4270508,2,-1,41
1761621111.4630508,0,1,34
1761621111.5000508,3,-1,33
1761621111.538051,4,1,40
1761621111.574051,-3,3,23
1761621111.6120508,0,-1,29
1761621111.6490507,3,-1,34
1761621111.6870508,5,2,24
1761621111.7230508,0,0,32
1761621111.7600508,0,-2,38
1761621111.7980506,3,0,39
1761621111.834051,2,5,38
1761621111.8710508,1,-1,38
1761621111.9090507,-1,1,39
1761621111.9450507,-3,-3,37
1761621111.9830508,-3,-5,35
1761621112.0210507,-2,0,34
1761621112.0590508,0,0,33
1761621112.0950508,0,1,40
1761621112.1320508,3,-2,42
1761621112.1700506,-3,3,44
1761621112.209051,2,-7,36
1761621112.245051,3,-12,26
1761621112.2820508,4,-2,33
1761621112.3200507,2,1,43
1761621112.3590508,-2,1,34
1761621112.3950508,-1,0,26
1761621112.4320507,0,-4,31
1761621112.4700508,0,2,28
1761621112.508051,1,-4,41
1761621112.5440507,9,-7,41
1761621112.5810506,5,0,28
1761621112.6190507,2,-4,36
1761621112.6550508,2,0,37
1761621112.6930506,2,1,26
1761621112.7300508,-2,-4,28
1761621112.7690508,1,2,40
1761621112.8050506,-3,4,41
1761621112.8420508,6,-3,46
1761621112.880051,0,-3,42
1761621112.9180508,-2,-4,40
1761621112.9540508,2,-4,38
1761621112.9910507,5,-2,43
1761621113.0300508,0,0,36
1761621113.0680506,6,3,34
1761621113.1040506,0,0,31
1761621113.1410508,-3,-2,26
1761621113.1800506,8,-1,36
1761621113.2180507,2,-3,31
1761621113.2540507,6,-3,35
1761621113.291051,-1,4,40
1761621113.3300507,-4,3,32
1761621113.3680508,0,0,36
1761621113.4040508,8,4,41
1761621113.4420507,5,-2,39
1761621113.4800508,6,-1,44
1761621113.518051,-3,2,29
1761621113.5540507,0,2,42
1761621113.5920508,-1,-5,37
1761621113.630051,1,1,35
1761621113.6680508,-3,1,26
1761621113.7040508,-7,2,30
1761621113.7410507,0,-2,29
1761621113.7800508,4,6,28
1761621113.8180506,-7,5,33
1761621113.8620508,2,-6,36
1761621113.9010508,4,3,31
1761621113.939051,4,3,29
1761621113.9750507,2,4,30
1761621114.0120506,4,0,36
1761621114.0500507,0,3,30
1761621114.0860507,-3,1,31
1761621114.1240506,-8,-1,31
1761621114.1620507,-5,-4,24
1761621114.2000508,2,-4,34
1761621114.2390506,-1,2,49
1761621114.2750506,1,3,33
1761621114.3120508,5,-5,29
1761621114.3500507,1,-4,34
1761621114.3860507,-1,-2,40
1761621114.4240508,1,0,36
1761621114.462051,-5,-4,37
1761621114.5000508,-3,3,33
1761621114.5390508,2,3,35
1761621114.5750508,4,-2,41
1761621114.6120508,1,-6,47
1761621114.6500506,-7,-6,34
1761621114.686051,-3,-3,28
1761621114.7240508,-6,6,36
1761621114.7610507,4,0,34
1761621114.7990508,-1,-3,42
1761621114.8350508,-1,-5,34
1761621114.8720508,-3,-5,35
1761621114.9110508,4,2,36
1761621114.949051,1,3,36
1761621114.985051,1,5,35
1761621115.0220506,5,0,38
1761621115.0600507,5,-6,46
1761621115.0960507,10,-3,36
1761621115.133051,9,-3,19
1761621115.1710508,6,7,39
1761621115.2100508,7,5,37
1761621115.2460508,3,-1,41
1761621115.2830508,0,0,30
1761621115.3210506,-11,1,30
1761621115.360051,-7,0,34
1761621115.3960507,6,-4,49
1761621115.4340508,-10,2,35
1761621115.472051,1,0,27
1761621115.5100508,0,-9,39
1761621115.5470507,0,-10,36
1761621115.5850508,1,-4,39
1761621115.6220508,5,-4,33
1761621115.6600506,5,0,41
1761621115.6960506,3,3,34
1761621115.7330508,1,3,26
1761621115.7710507,8,-4,28
1761621115.8090508,5,-4,40
1761621115.8450508,7,-2,32
1761621115.8820508,4,-6,26
1761621115.9200506,5,-3,35
1761621115.9560506,2,-10,31
1761621115.9930508,0,1,32
1761621116.0310507,4,-1,32
1761621116.0690508,1,-2,34
1761621116.1050508,1,-1,38
1761621116.1420507,3,0,46
1761621116.1800506,-6,3,39
1761621116.2160506,-5,2,23
1761621116.2530508,-11,0,41
1761621116.291051,-1,-3,36
1761621116.3270507,-2,-2,36
1761621116.3650508,2,4,38
1761621116.4020507,-6,0,36
1761621116.4400508,-4,-2,42
1761621116.4760506,-8,-4,31
1761621116.5150506,-2,-3,26
1761621116.5520508,-6,0,26
1761621116.5900507,-8,4,34
1761621116.6260507,0,6,39
1761621116.663051,0,4,33
1761621116.7010508,10,-3,19
1761621116.7370508,4,1,19
1761621116.7740507,3,-3,30
1761621116.811051,3,-2,28
1761621116.847051,-2,0,31
1761621116.8840508,-3,-5,35
1761621116.9220507,-2,-7,28
1761621116.9610507,-3,-10,39
1761621116.9970508,-5,-2,40
1761621117.0340507,-6,-10,39
1761621117.0720508,-8,-8,30
1761621117.1110508,0,-3,47
1761621117.1470506,5,-6,44
1761621117.1840508,0,0,31
1761621117.222051,-4,-1,41
1761621117.2600508,-10,1,33
1761621117.2960508,-3,2,42
1761621117.3330507,-3,3,35
1761621117.3720508,-3,0,24
1761621117.4100506,-5,-3,33
1761621117.4460506,1,1,36
1761621117.4830508,0,-5,42
1761621117.5220506,4,0,26
1761621117.5600507,4,0,29
1761621117.5960507,0,-1,27
1761621117.633051,2,-8,31
1761621117.6720507,0,-3,40
1761621117.7100508,0,-2,33
1761621117.7460508,-1,-2,23
1761621117.7830508,0,-2,29
1761621117.8220508,-5,-8,25
1761621117.860051,2,-4,33
1761621117.8960507,-4,-5,46
1761621117.9330506,-7,-7,45
1761621117.972051,0,-2,42
1761621118.0100508,-7,-2,52
1761621118.0460508,0,-6,39
1761621118.0830507,2,-6,29
1761621118.1220508,-2,-1,33
1761621118.1600506,4,0,39
1761621118.1960506,6,0,37
1761621118.2330508,-2,-6,28
1761621118.2720506,0,-8,24
1761621118.3080506,5,2,29
1761621118.3450508,-7,-4,32
1761621118.383051,-2,7,31
1761621118.4210508,-5,0,32
1761621118.4570508,5,-2,33
1761621118.4940507,-5,-4,39
1761621118.5320508,4,0,28
1761621118.5680506,-1,2,25
1761621118.6050508,-4,4,23
1761621118.643051,8,0,38
1761621118.6810508,6,4,37
1761621118.7170508,6,3,36
1761621118.7540507,5,0,44
1761621118.7920508,1,-8,40
1761621118.8280506,1,0,42
1761621118.8650508,-4,0,42
1761621118.9020507,-2,0,39
1761621118.9410508,-1,0,39
1761621118.9770508,-3,-4,40
1761621119.0140507,-8,-7,39
1761621119.0520508,0,-3,45
1761621119.0880508,0,-3,45
1761621119.1250508,6,5,46
1761621119.163051,1,-5,47
1761621119.2010508,-2,-7,37
1761621119.2370508,-3,-11,40
1761621119.2740507,-3,-10,31
1761621119.3130507,-2,-2,30
1761621119.3510506,7,0,32
1761621119.3870506,2,0,34
1761621119.4240508,-2,1,38
1761621119.462051,-5,0,41
1761621119.4980507,-1,-3,35
1761621119.5350506,-10,3,36
1761621119.5730507,-7,0,26
1761621119.6110508,-7,-1,34
1761621119.6470506,-7,-7,45
1761621119.6850507,1,-2,31
1761621119.7230508,2,-2,34
1761621119.7610507,10,-6,31
1761621119.7970507,-1,-6,36
1761621119.8350508,-5,-10,23
1761621119.8730507,-2,-5,38
1761621119.9120507,-1,-3,49
1761621119.9480507,-2,-3,36
1761621119.9860508,0,-1,24
1761621120.0230508,-3,-1,40
1761621120.0620508,5,0,37
1761621120.0980508,7,-2,45
1761621120.1350508,0,0,46
1761621120.1730506,8,6,40
1761621120.2110507,-5,2,35
1761621120.2470508,-11,0,38
1761621120.2840507,0,0,27
1761621120.3230507,-10,-6,32
1761621120.3610508,-1,0,46
1761621120.3970506,-5,2,37
1761621120.4340508,-11,-3,39
1761621120.4730508,-8,-4,33
1761621120.5090508,-3,-2,45
1761621120.5460508,6,-2,40
1761621120.5830507,6,-4,41
1761621120.6190507,10,-3,32
1761621120.6560507,7,-5,38
1761621120.6940508,4,-3,40
1761621120.732051,7,-4,37
1761621120.768051,2,-2,45
1761621120.8050506,-8,2,45
1761621120.8430507,-4,2,41
1761621120.8790507,-4,5,35
1761621120.916051,-4,1,17
1761621120.9530506,10,-2,31
1761621120.9920506,1,0,31
1761621121.028051,0,0,34
1761621121.0660508,-2,1,39
1761621121.1030507,-2,8,27
1761621121.1390507,0,1,34
1761621121.176051,-3,2,35
1761621121.2140508,-8,-5,38
1761621121.2530508,1,-5,31
1761621121.2890508,-2,-8,40
1761621121.3260508,1,-2,32
1761621121.3640506,0,-2,35
1761621121.4020507,-5,6,38
1761621121.4380507,-1,5,45
1761621121.4750507,-4,0,38
1761621121.5140507,-6,-4,43
1761621121.5520508,-3,-3,40
1761621121.5880508,-10,-5,34
1761621121.6250508,-7,0,35
1761621121.663051,0,1,42
1761621121.699051,0,-3,30
1761621121.7370508,1,3,27
1761621121.7740507,0,0,34
1761621121.8120508,1,4,36
1761621121.8480508,3,0,41
1761621121.8850508,0,5,33
1761621121.9230506,2,-3,34
1761621121.959051,3,-3,40
1761621121.9960508,6,4,37
1761621122.0340507,0,0,37
1761621122.0720508,5,0,23
1761621122.1080508,0,0,35
1761621122.1450508,-1,-9,38
1761621122.1840508,-7,-4,38
1761621122.222051,-9,-1,46
1761621122.258051,-8,-2,49
1761621122.2950506,0,-1,43
1761621122.3330507,5,-1,45
1761621122.3690507,-3,-7,39
1761621122.4070508,8,-5,34
1761621122.4440508,0,0,31
1761621122.482051,-3,-3,35
1761621122.518051,-2,3,33
1761621122.5550506,-7,-3,33
1761621122.5940506,-2,-2,30
1761621122.630051,-1,2,22
1761621122.6670508,-7,3,30
1761621122.7040508,-13,1,38
1761621122.7430508,-7,4,35
1761621122.7790508,-11,-2,34
1761621122.8160508,-7,-4,43
1761621122.8540506,-3,0,43
1761621122.893051,-5,0,42
1761621122.9290507,-2,6,30
1761621122.9660506,-6,4,32
1761621123.0040507,1,8,42
1761621123.0400507,3,-2,28
1761621123.0770507,0,0,33
1761621123.1140506,1,-3,42
1761621123.1500506,0,0,32
1761621123.1870508,0,-3,42
1761621123.2240508,1,-1,40
1761621123.2600508,1,3,29
1761621123.2970507,-2,1,35
1761621123.334051,6,-4,33
1761621123.3730507,4,3,32
1761621123.4090507,-7,1,42
1761621123.4460506,3,-4,32
1761621123.4840508,13,-3,40
1761621123.5200508,9,-7,27
1761621123.5570507,0,-3,32
1761621123.5950508,-3,-3,39
1761621123.633051,-2,-3,52
1761621123.6690507,-6,-2,42
1761621123.7070508,3,0,40
1761621123.745051,-2,1,34
1761621123.7830508,4,-5,24
1761621123.8190508,3,0,34
1761621123.857051,0,-4,38
1761621123.9000506,1,-3,35
1761621123.9380507,0,0,34
1761621123.9750507,-4,-2,38
1761621124.0140507,-4,-6,42
1761621124.0500507,3,-2,35
1761621124.0880508,0,-2,23
1761621124.1250508,-5,0,24
1761621124.163051,-3,-1,36
1761621124.199051,-2,-3,36
1761621124.2360508,2,-4,40
1761621124.2750506,2,-1,29
1761621124.3130507,0,0,22
1761621124.3490508,0,-5,34
1761621124.3860507,0,-6,30
1761621124.4240508,-5,-4,42
1761621124.4600508,-5,-6,35
1761621124.4970508,-2,-7,41
1761621124.5350506,3,-2,37
1761621124.5730507,0,-1,35
1761621124.6090508,8,-2,34
1761621124.6460507,-5,1,33
1761621124.6850507,0,4,35
1761621124.7230508,4,0,27
1761621124.7590508,1,3,30
1761621124.7960508,0,-5,39
1761621124.834051,0,-3,29
1761621124.870051,4,-5,28
1761621124.9070508,0,-5,38
1761621124.9450507,3,0,45
1761621124.9810507,-4,0,48
1761621125.018051,0,-2,43
1761621125.0550506,0,7,32
1761621125.0910506,0,3,28
1761621125.1280508,-5,5,35
1761621125.166051,-5,-1,37
1761621125.2050507,0,0,34
1761621125.2410507,5,-2,46
1761621125.2790508,2,-5,37
1761621125.3160508,-3,-6,34
1761621125.3550508,1,-5,25
1761621125.3910508,-2,-7,37
1761621125.4280508,5,-3,41
1761621125.4660506,-4,-3,41
1761621125.505051,-2,-1,33
1761621125.541051,2,2,42
1761621125.5780506,0,2,34
1761621125.6160507,-5,-2,35
1761621125.6550508,-2,-1,37
1761621125.6910508,2,0,39
1761621125.7290506,-5,0,42
1761621125.7660508,3,-3,40
1761621125.8050506,-3,-3,27
1761621125.8410506,-10,-1,30
1761621125.8790507,-4,-2,34
1761621125.916051,-4,0,24
1761621125.9540508,-8,-7,19
1761621125.9900508,-13,-3,28
1761621126.028051,4,-4,30
1761621126.0660508,-3,-6,32
1761621126.1050508,2,-8,39
1761621126.1410508,-3,-9,28
1761621126.1780508,-2,-10,29
1761621126.2160506,-12,-9,35
1761621126.255051,-9,-8,37
1761621126.291051,-7,-4,37
1761621126.3280506,1,-10,37
1761621126.3660507,0,-3,45
1761621126.4040508,2,-5,44
1761621126.4400508,0,0,43
1761621126.4770508,2,-4,44
1761621126.5150506,-3,2,36
1761621126.551051,-3,-12,39
1761621126.5880508,5,-4,35
1761621126.6260507,-7,-2,39
1761621126.6650507,0,-4,37
1761621126.7010508,2,-2,35
1761621126.7390506,10,-4,48
1761621126.7770507,0,4,43
1761621126.8150508,-2,4,55
1761621126.8510506,-8,0,51
1761621126.8880508,-6,4,41
1761621126.926051,1,6,41
1761621126.962051,-6,-2,35
1761621126.9990506,1,-2,46
1761621127.0370507,-5,0,42
1761621127.0750508,-1,5,52
1761621127.1110508,-7,1,44
1761621127.1490507,2,2,49
1761621127.1870508,0,-3,47
1761621127.2250507,0,-5,32
1761621127.2610507,-4,-1,35
1761621127.2990508,-7,-2,32
1761621127.337051,-8,-5,44
1761621127.3760507,1,3,32
1761621127.4120507,5,6,35
1761621127.449051,-3,6,40
1761621127.4870508,0,-4,42
1761621127.5250506,2,0,31
1761621127.561051,6,0,38
1761621127.5980508,0,0,43
1761621127.6360507,-1,-9,35
1761621127.6750507,0,-5,30
1761621127.712051,3,0,33
1761621127.7490506,1,2,35
1761621127.7870507,2,4,41
1761621127.8250508,3,6,45
1761621127.8610508,7,2,35
1761621127.8990507,2,-5,28
1761621127.9370508,3,-1,46
1761621127.9750507,-2,0,32
1761621128.0110507,-9,-3,32
1761621128.0490508,-5,-3,31
1761621128.087051,-3,-8,38
1761621128.1260507,-9,-3,37
1761621128.1620507,0,-6,33
1761621128.199051,1,-4,28
1761621128.2370508,5,-5,30
1761621128.2750506,4,1,45
1761621128.311051,1,6,37
1761621128.3480508,0,-1,33
1761621128.3870506,-1,-5,30
1761621128.4250507,1,-1,36
1761621128.4610507,1,0,36
1761621128.4980507,0,2,31
1761621128.5360508,5,-1,39
1761621128.5720508,9,-2,38
1761621128.6090508,0,-6,29
1761621128.6470506,-3,-1,37
1761621128.6850507,0,2,48
1761621128.7210507,2,0,39
1761621128.758051,4,-2,40
1761621128.7960508,0,-2,44
1761621128.8320508,3,0,29
1761621128.8690507,2,2,30
1761621128.9070508,3,-3,38
1761621128.9450507,-4,-5,33
1761621128.9810507,4,-1,37
1761621129.0190508,0,-2,37
1761621129.0570507,0,0,41
1761621129.0930507,0,0,29
1761621129.1310508,2,0,29
1761621129.1680508,3,5,36
1761621129.2060506,-8,0,29
1761621129.2420506,1,0,33
1761621129.2790508,4,-5,16
1761621129.3170507,2,-3,36
1761621129.3530507,0,-3,35
1761621129.3910508,-5,-3,42
1761621129.4290507,-8,-2,40
1761621129.4670508,-6,-4,41
1761621129.5060508,0,-4,39
1761621129.5420508,0,0,37
1761621129.5790508,0,-10,36
1761621129.6170506,-8,-2,33
1761621129.653051,-5,-3,40
1761621129.6910508,0,-1,35
1761621129.7290506,2,-2,38
1761621129.7670507,0,0,50
1761621129.8040507,7,-1,45
1761621129.8410506,1,-3,45
1761621129.8790507,2,-4,30
1761621129.9170508,6,-7,45
1761621129.9530506,0,-9,39
1761621129.9910507,4,-5,35
1761621130.028051,-2,0,38
1761621130.0670507,0,-2,26
1761621130.1030507,-2,-2,17
1761621130.1400506,-5,-5,30
1761621130.1780508,6,1,36
1761621130.2160506,1,-5,35
1761621130.2520506,6,0,36
1761621130.2890508,7,-3,34
1761621130.3270507,0,-5,37
1761621130.3630507,-7,0,33
1761621130.4000506,-4,4,35
1761621130.4380507,1,10,39
1761621130.4760506,-1,4,35
1761621130.5120506,-6,1,36
1761621130.5500507,-5,-6,39
1761621130.5880508,-4,-6,34
1761621130.6270506,-4,-2,33
1761621130.663051,-5,-2,42
1761621130.7000508,0,-8,42
1761621130.7380507,-7,1,44
1761621130.7760508,-1,-2,39
1761621130.8120508,5,-4,47
1761621130.8500507,-1,0,37
1761621130.8880508,2,-3,38
1761621130.926051,0,4,38
1761621130.9630508,-1,5,48
1761621131.0000508,-2,1,34
1761621131.038051,-5,-4,44
1761621131.0760508,-10,-1,31
1761621131.1120508,-7,-1,27
1761621131.1500506,-3,-7,36
1761621131.1880507,-3,-2,35
1761621131.2270508,0,-6,36
1761621131.2630508,-5,0,31
1761621131.3000507,-2,-3,32
1761621131.3380508,-4,-1,31
1761621131.3770506,-4,0,38
1761621131.413051,-2,-2,35
1761621131.4500508,-5,-3,29
1761621131.4880507,-1,-4,37
1761621131.5270507,-2,0,38
1761621131.5630507,5,0,38
1761621131.6000507,-1,-1,45
1761621131.6380508,-4,0,37
1761621131.6740508,-1,-9,37
1761621131.7110507,-1,0,34
1761621131.7480507,6,-7,39
1761621131.7840507,-2,-4,36
1761621131.8210506,0,-3,41
1761621131.8580508,0,-1,31
1761621131.8970506,-4,-3,37
1761621131.9330506,0,-4,37
1761621131.9700508,0,0,36
1761621132.008051,0,0,31
1761621132.0440507,2,1,35
1761621132.0820508,2,-1,21
1761621132.1190507,2,2,32
1761621132.1570508,0,-1,30
1761621132.1930506,-4,-3,32
1761621132.2300508,-6,-3,33
1761621132.2690508,-11,-4,46
1761621132.3070507,2,-1,36
1761621132.3430507,-1,0,45
1761621132.380051,-3,-1,36
1761621132.4190507,4,0,27
1761621132.4570508,4,0,32
1761621132.4930508,-8,1,30
1761621132.5300508,2,0,40
1761621132.5680506,3,-3,37
1761621132.6040506,6,-3,36
1761621132.6410508,1,0,44
1761621132.6790507,4,-6,42
1761621132.7170508,-2,-6,28
1761621132.7530508,-1,-6,39
1761621132.7900507,4,-3,41
1761621132.8290508,5,4,27
1761621132.8670506,-2,-2,32
1761621132.903051,0,-1,46
1761621132.9400508,-3,-3,43
1761621132.9790506,-8,-3,34
1761621133.0170507,2,-1,29
1761621133.0530508,-3,0,37
1761621133.0900507,-3,0,42
1761621133.1290507,0,1,35
1761621133.1670508,0,-3,19
1761621133.2030506,2,3,26
1761621133.2400508,-8,0,21
1761621133.2790508,-3,-1,30
1761621133.3170507,-7,-5,40
1761621133.3530507,-5,2,41
1761621133.3900506,-3,2,37
1761621133.4280508,0,0,22
1761621133.4640508,-1,0,23
1761621133.5010507,-4,1,29
1761621133.5390508,-1,-1,37
1761621133.5750508,6,0,31
1761621133.6120508,-8,-2,39
1761621133.6500506,-4,0,39
1761621133.689051,0,-1,39
1761621133.7250507,7,3,43
1761621133.7620506,2,-2,34
1761621133.7990508,6,3,34
1761621133.8350508,2,4,36
1761621133.8720508,2,5,39
1761621133.9180508,6,-1,31
1761621133.9540508,0,-2,21
1761621133.9920506,3,-3,20
1761621134.0290508,-4,-12,38
1761621134.0680506,-12,-7,27
1761621134.1040506,-4,-6,38
1761621134.1420507,-3,-3,30
1761621134.1800506,-1,-5,38
1761621134.2190506,-4,0,51
1761621134.255051,0,0,53
1761621134.2920508,0,1,35
1761621134.3290508,3,0,46
1761621134.3650508,0,-4,32
1761621134.4020507,2,0,25
1761621134.4400508,-3,-2,32
1761621134.4780507,4,-4,29
1761621134.5140507,0,-1,34
1761621134.551051,-3,-1,37
1761621134.5900507,8,0,35
1761621134.6280508,4,-1,39
1761621134.6640508,3,-7,33
1761621134.7010508,0,0,22
1761621134.7390506,6,0,32
1761621134.7750506,6,0,29
1761621134.8120508,2,0,30
1761621134.8500507,5,-1,34
1761621134.8880508,-3,-4,41
1761621134.9240508,-4,-3,45
1761621134.9610507,3,-1,36
1761621135.0000508,1,0,30
1761621135.038051,-2,0,25
1761621135.074051,-2,0,39
1761621135.1120508,-4,-1,31
1761621135.1500506,-5,-2,23
1761621135.189051,-2,-5,30
1761621135.2250507,-1,1,39
1761621135.2620506,-2,0,34
1761621135.3000507,0,3,30
1761621135.3380508,3,0,25
1761621135.3740506,5,1,35
1761621135.4110508,-1,1,36
1761621135.449051,-3,-13,48
1761621135.485051,-5,-3,42
1761621135.5230508,0,-3,45
1761621135.5600507,-2,-5,35
1761621135.5990508,-2,0,28
1761621135.6350508,-5,-4,28
1761621135.6720507,-4,-3,28
1761621135.7100508,-1,-5,22
1761621135.7490506,-1,0,26
1761621135.7850506,-1,0,34
1761621135.8230507,1,0,35
1761621135.860051,-2,-7,40
1761621135.8990507,2,-3,49
1761621135.9350507,8,-3,38
1761621135.9730508,-4,-11,31
1761621136.0110507,0,-3,31
1761621136.0500507,0,1,34
1761621136.0860507,0,-3,40
1761621136.1230507,6,-3,36
1761621136.1610508,5,0,39
1761621136.199051,2,-4,24
1761621136.235051,5,-5,19
1761621136.2730508,-1,-4,31
1761621136.3100507,7,-2,25
1761621136.3460507,3,-2,22
1761621136.383051,-1,-4,37
1761621136.4210508,1,9,34
1761621136.459051,-3,8,43
1761621136.495051,-4,3,42
1761621136.5320508,-2,3,30
1761621136.5710506,4,-5,30
1761621136.6090508,6,0,28
1761621136.6450508,4,-3,30
1761621136.6820507,1,1,28
1761621136.7200508,-1,1,24
1761621136.7560508,1,2,27
1761621136.7930508,1,-6,23
1761621136.8310506,6,-4,27
1761621136.8690507,2,-1,39
1761621136.9050508,2,-3,44
1761621136.9420507,-5,0,36
1761621136.9810507,-1,3,39
1761621137.0190508,5,0,29
1761621137.0550506,6,-1,30
1761621137.0920508,3,-1,36
1761621137.1310508,3,-2,35
1761621137.1690507,0,-8,40
1761621137.2050507,-4,-5,31
1761621137.2420506,-4,0,21
1761621137.2800508,-3,3,25
1761621137.3160508,1,2,35
1761621137.3530507,3,3,24
1761621137.3910508,-5,-11,29
1761621137.4290507,1,-3,31
1761621137.4650507,1,-3,34
1761621137.5020506,0,5,20
1761621137.5400507,1,1,34
1761621137.5760508,10,0,36
1761621137.6130507,3,-2,26
1761621137.6510508,10,-6,29
1761621137.6900508,0,0,30
1761621137.7260506,0,1,31
1761621137.7630508,4,-2,32
1761621137.801051,4,6,39
1761621137.837051,5,3,41
1761621137.8740506,0,4,35
1761621137.9110508,1,3,35
1761621137.9470508,-5,-1,36
1761621137.9840508,0,-4,33
1761621138.0210507,-1,-7,22
1761621138.0600507,5,-3,22
1761621138.0960507,-1,-4,24
1761621138.133051,1,-3,24
1761621138.1710508,5,-7,28
1761621138.2100508,2,-2,29
1761621138.2460508,-1,-1,36
1761621138.2830508,0,0,46
1761621138.3210506,2,-3,39
1761621138.357051,-3,-9,38
1761621138.3940508,-3,-5,37
1761621138.4320507,-2,-1,27
1761621138.4710507,1,0,42
1761621138.5070508,1,5,43
1761621138.5440507,2,3,30
1761621138.5810506,3,-3,30
1761621138.6170506,-7,-3,33
1761621138.6540508,0,-5,35
1761621138.6920507,2,-5,32
1761621138.7300508,-2,0,31
1761621138.7660508,0,0,35
1761621138.8030508,4,1,37
1761621138.8410506,-1,0,34
1761621138.8770506,2,-3,36
1761621138.9140508,6,-1,31
1761621138.9520507,5,3,38
1761621138.9900508,3,7,42
1761621139.0260508,0,-5,44
1761621139.0630507,3,-2,43
1761621139.1010506,2,0,35
1761621139.1370506,0,-3,20
1761621139.1740508,1,-8,23
1761621139.212051,3,-3,34
1761621139.2500508,0,4,32
1761621139.2870507,-4,-7,34
1761621139.324051,-7,-1,38
1761621139.3620508,-7,-3,30
1761621139.4010508,-4,0,27
1761621139.4370508,1,-5,38
1761621139.4740508,-2,-6,40
1761621139.5120506,5,-5,25
1761621139.5500507,-1,-4,27
1761621139.5860507,5,-1,34
1761621139.6230507,2,1,28
1761621139.6610508,-2,0,35
1761621139.6970508,-1,-5,42
1761621139.735051,3,0,22
1761621139.7720506,1,0,24
1761621139.811051,5,0,29
1761621139.847051,5,1,26
1761621139.8840508,3,-6,39
1761621139.9220507,0,-5,53
1761621139.9580507,-5,2,44
1761621139.995051,-2,-3,44
1761621140.0330508,0,-5,43
1761621140.0710506,3,-6,35
1761621140.107051,5,-8,36
1761621140.1450508,-1,-6,35
1761621140.1820507,2,-2,38
1761621140.2180507,0,-7,31
1761621140.255051,0,2,40
1761621140.2930508,0,2,47
1761621140.3310506,0,-5,41
1761621140.3670506,-1,-5,42
1761621140.4040508,4,1,43
1761621140.4420507,5,2,32
1761621140.4780507,1,-6,43
1761621140.5150506,-8,-4,42
1761621140.5530508,0,-3,32
1761621140.5920508,-1,-2,24
1761621140.6280508,-2,1,25
1761621140.6650507,-8,3,33
1761621140.7030506,-2,-2,38
1761621140.7420506,-4,0,34
1761621140.778051,-2,-2,37
1761621140.8170507,5,-3,43
1761621140.8540506,-1,0,38
1761621140.8920507,0,0,43
1761621140.9280508,-4,-2,41
1761621140.9670508,5,-1,23
1761621141.0040507,3,2,34
1761621141.0420508,1,-2,35
1761621141.0780506,2,-4,31
1761621141.1150508,-3,-3,41
1761621141.153051,0,-8,29
1761621141.1920507,0,-6,28
1761621141.2280507,0,-9,33
1761621141.2650506,5,-3,36
1761621141.3040507,5,-6,45
1761621141.3420508,-3,0,44
1761621141.3780508,-4,-3,43
1761621141.4150507,-8,-8,38
1761621141.4530506,7,-7,40
1761621141.4920506,6,-3,42
1761621141.528051,-3,0,36
1761621141.5650508,0,-3,36
1761621141.6030507,-3,-5,29
1761621141.6420507,-3,-3,21
1761621141.6780508,0,-5,35
1761621141.7150507,6,0,33
1761621141.7530508,-5,-2,40
1761621141.791051,3,-3,34
1761621141.8270507,7,0,27
1761621141.8640506,0,0,36
1761621141.9020507,5,-2,38
1761621141.9380507,0,-5,40
1761621141.9750507,-5,0,35
1761621142.0130508,0,0,34
1761621142.051051,3,-2,36
1761621142.087051,1,-4,30
1761621142.1240506,0,-4,30
1761621142.163051,3,-6,27
1761621142.199051,-1,-7,26
1761621142.2360508,0,-3,27
1761621142.2740507,-1,-7,33
1761621142.3120508,-5,-7,42
1761621142.3480508,-6,-3,32
1761621142.3860507,-4,0,31
1761621142.4240508,-6,-3,38
1761621142.4630508,-2,-2,30
1761621142.4990506,-4,-10,39
1761621142.5360508,2,-4,55
1761621142.574051,2,-3,48
1761621142.6120508,-3,-2,34
1761621142.6480508,-8,-6,35
1761621142.686051,-4,-9,37
1761621142.7240508,-4,-4,38
1761621142.7630508,-10,-5,38
1761621142.7990508,4,-3,41
1761621142.8360507,10,-3,31
1761621142.8730507,5,1,31
1761621142.9090507,3,0,36
1761621142.9460506,1,3,44
1761621142.9840508,0,-1,38
1761621143.0220506,-9,0,30
1761621143.0590508,-7,0,30
1761621143.0960507,-3,-2,41
1761621143.1340508,-1,-2,52
1761621143.1730506,0,-8,36
1761621143.209051,5,-7,40
1761621143.2460508,1,-3,30
1761621143.2840507,0,1,34
1761621143.3220508,-4,-1,31
1761621143.3580508,-1,-8,30
1761621143.3960507,2,-2,34
1761621143.4340508,7,-4,48
1761621143.472051,8,-1,42
1761621143.508051,11,0,46
1761621143.5460508,0,0,50
1761621143.584051,-1,-3,47
1761621143.6220508,0,-1,29
1761621143.6580508,6,1,42
1761621143.6960506,1,-3,44
1761621143.7340508,5,-2,38
1761621143.7720506,3,1,34
1761621143.8090508,0,2,33
1761621143.8460507,0,0,29
1761621143.8840508,-4,0,38
1761621143.9290507,3,1,40
1761621143.9660506,8,-1,41
1761621144.005051,6,-2,40
1761621144.0430508,2,0,40
1761621144.0790508,7,-3,34
1761621144.1160507,-3,0,35
1761621144.1540508,-2,4,25
1761621144.1920507,-1,1,32
1761621144.2280507,-5,0,32
1761621144.2650506,-4,-4,38
1761621144.3040507,-1,2,38
1761621144.3400507,-3,2,36
1761621144.3770506,-3,6,43
1761621144.4140508,-5,-2,36
1761621144.4530506,-7,1,45
1761621144.4890506,3,-5,43
1761621144.5260508,2,0,41
1761621144.564051,2,5,44
1761621144.6000507,2,0,35
1761621144.6370506,0,-3,34
1761621144.6740508,1,1,34
1761621144.7100508,-5,4,38
1761621144.7470508,0,9,33
1761621144.7850506,1,9,32
1761621144.8230507,-2,-3,40
1761621144.8590508,-4,0,38
1761621144.8960507,0,-2,27
1761621144.9340508,0,5,30
1761621144.9700508,0,-2,31
1761621145.008051,5,0,43
1761621145.0460508,-2,-4,35
1761621145.084051,-2,1,37
1761621145.120051,-1,0,34
1761621145.1580508,4,2,25
1761621145.1950507,3,0,27
1761621145.2330508,6,1,25
1761621145.2690508,5,4,30
1761621145.3060508,5,3,36
1761621145.3440506,8,0,30
1761621145.380051,4,0,25
1761621145.4170508,-1,0,23
1761621145.4550507,-1,-1,28
1761621145.4930508,1,-6,30
1761621145.5290508,5,-2,31
1761621145.5660508,2,-3,36
1761621145.6050508,1,-2,35
1761621145.643051,2,3,41
1761621145.6790507,0,-6,34
1761621145.7170508,-3,-8,40
1761621145.755051,2,0,37
1761621145.7930508,0,-4,42
1761621145.8290508,1,-4,29
1761621145.8660507,-2,-1,36
1761621145.9050508,1,-4,41
1761621145.9430506,-3,-5,26
1761621145.9790506,-3,1,17
1761621146.0160508,0,1,35
1761621146.0550506,4,0,36
1761621146.0930507,4,3,43
1761621146.1290507,2,1,38
1761621146.166051,0,4,34
1761621146.2050507,3,-2,32
1761621146.2430508,1,-2,26
1761621146.2790508,-5,0,33
1761621146.3160508,-11,-6,39
1761621146.3550508,-9,-5,44
1761621146.393051,0,-2,29
1761621146.4290507,4,5,35
1761621146.4660506,-2,0,41
1761621146.505051,1,0,49
1761621146.541051,7,-1,41
1761621146.5780506,0,-2,41
1761621146.6150508,-1,0,24
1761621146.6510508,4,0,42
1761621146.6880507,0,-7,30
1761621146.7260506,2,-3,32
1761621146.7640507,-6,-2,43
1761621146.8000507,-1,-5,38
1761621146.837051,0,-3,37
1761621146.8750508,-1,-1,44
1761621146.9110508,-1,-7,51
1761621146.9480507,-7,0,37
1761621146.985051,2,-4,31
1761621147.0210507,2,4,33
1761621147.0580506,5,2,29
1761621147.0950508,3,0,25
1761621147.1310508,-6,-5,37
1761621147.1690507,-6,0,33
1761621147.2060506,0,0,31
1761621147.2440507,0,1,36
1761621147.2800508,2,-2,41
1761621147.3170507,-2,0,35
1761621147.3560507,-7,-4,40
1761621147.3940508,-7,-1,34
1761621147.4300506,0,0,36
1761621147.4670508,-2,-1,33
1761621147.5060508,-1,-3,44
1761621147.5440507,1,-4,37
1761621147.5800507,2,-7,38
1761621147.6170506,2,-6,36
1761621147.6560507,1,-2,30
1761621147.6940508,0,1,36
1761621147.7300508,-5,-6,38
1761621147.7670507,1,-3,36
1761621147.8050506,-4,-5,31
1761621147.8410506,-6,-2,30
1761621147.8790507,0,-8,43
1761621147.916051,-5,-1,35
1761621147.9550507,-3,2,41
1761621147.9910507,0,2,39
1761621148.028051,-3,3,38
1761621148.0660508,0,2,48
1761621148.1040506,-2,-1,35
1761621148.1400506,0,-3,25
1761621148.1770508,-1,-1,38
1761621148.2160506,0,-7,34
1761621148.2540507,3,-4,24
1761621148.2900507,7,-6,23
1761621148.3270507,1,-5,29
1761621148.3650508,0,0,41
1761621148.4010508,-1,-1,33
1761621148.4380507,-2,-3,39
1761621148.4770508,0,-4,39
1761621148.5150506,0,-8,34
1761621148.551051,-3,-8,38
1761621148.5880508,1,-1,37
1761621148.6260507,-1,1,46
1761621148.6640508,4,4,33
1761621148.7000508,2,1,29
1761621148.7380507,-1,1,39
1761621148.7760508,-4,4,34
1761621148.8120508,-3,-4,26
1761621148.8500507,0,0,35
1761621148.8880508,2,-3,38
1761621148.926051,-5,-4,40
1761621148.962051,-3,-4,37
1761621149.0000508,1,-2,34
1761621149.038051,-4,-5,43
1761621149.0760508,0,-5,31
1761621149.1150508,1,-7,34
1761621149.1510508,3,-4,32
1761621149.1880507,5,-4,41
1761621149.2270508,2,-4,45
1761621149.2650506,0,-3,36
1761621149.301051,-3,2,39
1761621149.3380508,-4,5,36
1761621149.3760507,-3,1,36
1761621149.4120507,-2,-3,56
1761621149.4500508,-3,-1,41
1761621149.4880507,-4,0,39
1761621149.5260508,0,0,26
1761621149.5620508,1,0,30
1761621149.5990508,5,-2,26
1761621149.6370506,2,-7,33
1761621149.6750507,-2,-3,36
1761621149.7110507,0,-5,39
1761621149.7480507,-5,-3,41
1761621149.7870507,0,0,33
1761621149.8250508,-9,0,36
1761621149.8610508,1,0,33
1761621149.8980508,0,0,37
1761621149.936051,-4,2,30
1761621149.972051,-6,0,34
1761621150.0090508,-3,-5,34
1761621150.0470507,3,-2,34
1761621150.0860507,-1,-4,34
1761621150.1220508,1,5,32
1761621150.1590507,-4,-2,35
1761621150.1970508,0,1,35
1761621150.235051,-8,0,35
1761621150.2710507,-5,-1,34
1761621150.3090508,-6,7,38
1761621150.347051,5,4,30
1761621150.3850508,0,0,38
1761621150.4210508,0,-1,36
1761621150.4580507,8,-1,45
1761621150.4960508,3,0,49
1761621150.5320508,-1,0,32
1761621150.5700507,0,-3,37
1761621150.607051,-1,-4,40
1761621150.6460507,-5,2,34
1761621150.6820507,1,-3,35
1761621150.7190506,-2,-3,38
1761621150.7570508,5,-6,35
1761621150.7960508,3,-1,40
1761621150.8320508,4,0,36
1761621150.8690507,6,1,33
1761621150.9070508,9,-5,41
1761621150.9430506,3,0,25
1761621150.9800508,0,-5,33
1761621151.0170507,3,-3,24
1761621151.0530508,4,-2,33
1761621151.0900507,-6,1,22
1761621151.1280508,-5,6,37
1761621151.166051,-5,3,38
1761621151.2020507,-6,-1,36
1761621151.2390506,0,1,41
1761621151.2770507,-2,0,40
1761621151.3130507,-3,0,47
1761621151.3510506,0,-5,36
1761621151.3890507,-3,-2,44
1761621151.4280508,-2,1,36
1761621151.4660506,0,0,31
1761621151.5020506,4,-5,27
1761621151.5390508,-3,-6,39
1761621151.5770507,0,-2,33
1761621151.6160507,-2,-6,38
1761621151.6520507,-3,-6,40
1761621151.689051,0,-8,33
1761621151.7270508,0,-4,31
1761621151.7640507,-1,-2,23
1761621151.801051,-1,0,32
1761621151.8390508,-3,-6,35
1761621151.8780508,-5,-8,37
1761621151.916051,-10,0,29
1761621151.9520507,-3,-9,36
1761621151.9890506,-7,-5,33
1761621152.028051,-2,-4,28
1761621152.0660508,-7,-1,36
1761621152.1020508,-5,-2,44
1761621152.1390507,-5,-2,43
1761621152.1780508,-6,0,27
1761621152.2160506,-2,0,26
1761621152.2520506,3,-6,29
1761621152.2890508,-1,-2,37
1761621152.3280506,1,8,42
1761621152.3660507,4,5,53
1761621152.4020507,0,5,44
1761621152.439051,3,-2,41
1761621152.4770508,-2,1,32
1761621152.5130508,-3,-4,25
1761621152.551051,-2,-8,26
1761621152.5890508,-1,-3,32
1761621152.6280508,-1,-2,32
1761621152.666051,0,-3,34
1761621152.7020507,-1,3,35
1761621152.7390506,-2,4,26
1761621152.7770507,5,-2,27
1761621152.8130507,2,-3,26
1761621152.8500507,9,-6,43
1761621152.8880508,2,5,43
1761621152.926051,9,1,32
1761621152.962051,9,-2,39
1761621152.9990506,-1,-1,35
1761621153.038051,-5,-2,25
1761621153.074051,-4,-1,28
1761621153.1110508,4,0,22
1761621153.1490507,5,-4,32
1761621153.1870508,-1,-1,28
1761621153.2230508,-1,-4,45
1761621153.2600508,-8,-3,41
1761621153.2980506,0,-3,28
1761621153.337051,0,1,35
1761621153.3730507,-4,-7,34
1761621153.4100506,0,-5,47
1761621153.4480507,4,-6,31
1761621153.4870508,0,-3,33
1761621153.5230508,-8,-5,26
1761621153.5600507,-10,-2,42
1761621153.5980508,-1,0,43
1761621153.6370506,-4,-2,41
1761621153.6730506,-3,-1,42
1761621153.7100508,-8,0,33
1761621153.7480507,1,8,35
1761621153.7840507,-1,2,38
1761621153.8210506,5,-5,36
1761621153.8590508,-2,1,34
1761621153.8970506,-4,-5,20
1761621153.9410508,-3,0,34
1761621153.9790506,0,-4,35
1761621154.018051,2,-3,33
1761621154.0540507,-4,-2,34
1761621154.0910506,2,-10,34
1761621154.1290507,0,-6,39
1761621154.1670508,-2,0,30
1761621154.2030506,-5,-2,22
1761621154.2410507,5,-2,32
1761621154.2790508,11,-1,28
1761621154.3180506,6,-5,30
1761621154.3540506,7,-4,32
1761621154.3910508,2,0,40
1761621154.4290507,0,-3,39
1761621154.4670508,-6,-2,36
1761621154.5030508,3,-2,38
1761621154.541051,0,-3,24
1761621154.5790508,-2,-5,34
1761621154.6170506,0,-8,44
1761621154.653051,-2,-7,47
1761621154.6910508,-7,-3,42
1761621154.7290506,-2,3,38
1761621154.7670507,-3,3,37
1761621154.8030508,-5,-1,38
1761621154.8400507,-3,0,43
1761621154.8790507,-3,2,38
1761621154.9170508,-1,4,37
1761621154.9530506,1,5,31
1761621154.9900508,-1,4,27
1761621155.0290508,3,7,45
1761621155.0670507,-8,4,46
1761621155.1030507,-6,4,37
1761621155.1400506,-2,-1,36
1761621155.1790507,-5,2,38
1761621155.2150507,-5,4,34
1761621155.2520506,0,0,21
1761621155.2890508,5,-5,34
1761621155.3250508,0,1,50
1761621155.3620508,-8,0,41
1761621155.3990507,-3,2,41
1761621155.4350507,-1,-5,28
1761621155.4730508,-4,-2,27
1761621155.5110507,0,-7,25
1761621155.5490508,-3,-3,36
1761621155.5880508,5,0,35
1761621155.6240506,2,-2,35
1761621155.6610508,-5,-8,33
1761621155.699051,-3,0,40
1761621155.735051,-2,-3,32
1761621155.7730508,0,3,32
1761621155.8100507,7,-4,30
1761621155.8490508,5,-9,39
1761621155.8850508,0,-5,37
1761621155.9230506,7,-2,38
1761621155.9600508,4,2,35
1761621155.9980507,0,1,22
1761621156.0340507,-4,3,35
1761621156.0720508,-1,4,33
1761621156.1110508,-6,2,38
1761621156.1490507,-5,-5,42
1761621156.1850507,4,-7,43
1761621156.2230508,3,-2,38
1761621156.2600508,1,3,37
1761621156.2980506,2,-4,42
1761621156.334051,-1,-2,36
1761621156.3710508,2,-6,35
1761621156.4090507,0,0,37
1761621156.4450507,-2,-4,40
1761621156.4830508,2,-4,36
1761621156.5200508,-8,3,36
1761621156.5590508,3,-4,33
1761621156.5950508,-3,-3,30
1761621156.633051,-2,4,35
1761621156.6710508,-1,1,42
1761621156.709051,1,0,37
1761621156.745051,2,-4,36
1761621156.7820508,3,-3,31
1761621156.8200507,1,-6,35
1761621156.8580508,0,-1,38
1761621156.8940508,0,-2,32
1761621156.9320507,0,4,28
1761621156.9700508,4,0,35
1761621157.008051,0,-8,34
1761621157.0440507,-8,-2,32
1761621157.0820508,-7,2,40
1761621157.120051,-1,1,42
1761621157.1590507,-9,0,40
1761621157.1950507,0,-1,41
1761621157.232051,5,-6,34
1761621157.2700508,4,0,31
1761621157.3080506,0,4,33
1761621157.3440506,0,2,22
1761621157.3810508,3,3,33
1761621157.4190507,1,4,23
1761621157.4550507,6,-5,23
1761621157.4920506,4,-7,34
1761621157.5300508,-3,-3,40
1761621157.5660508,-6,2,34
1761621157.6030507,-6,-1,36
1761621157.6410508,1,0,31
1761621157.6790507,-1,1,31
1761621157.7150507,-7,-4,30
1761621157.7530508,-4,-1,49
1761621157.7900507,2,1,35
1761621157.8260508,1,-4,28
1761621157.8640506,1,-2,31
1761621157.9010508,-1,0,31
1761621157.939051,-3,2,28
1761621157.9750507,-4,1,38
1761621158.0120506,-1,-3,40
1761621158.0500507,-3,-2,36
1761621158.0890508,2,-6,38
1761621158.1250508,-4,-4,32
1761621158.163051,-6,-4,39
1761621158.2010508,2,2,20
1761621158.2390506,0,2,29
1761621158.2750506,0,-1,33
1761621158.3120508,-5,-1,45
1761621158.3510506,-5,0,40
1761621158.3890507,3,-1,45
1761621158.4250507,1,-4,38
1761621158.462051,-2,-7,33
1761621158.5010507,-1,2,30
1761621158.5390508,0,0,31
1761621158.5750508,-1,-4,23
1761621158.6120508,-4,-2,33
1761621158.6510508,9,0,33
1761621158.689051,6,-5,27
1761621158.7250507,-1,-6,32
1761621158.7620506,4,1,27
1761621158.8000507,-5,0,28
1761621158.8360507,-1,0,36
1761621158.8730507,-5,-5,33
1761621158.9110508,0,-1,38
1761621158.949051,-1,5,35
1761621158.985051,-4,3,32
1761621159.0230508,-1,2,34
1761621159.061051,3,3,31
1761621159.0990508,5,4,35
1761621159.1350508,-2,-1,32
1761621159.1730506,-2,-6,43
1761621159.2110507,3,2,36
1761621159.2490506,0,-3,39
1761621159.2850506,0,-3,31
1761621159.3230507,-4,0,33
1761621159.3610508,0,-1,30
1761621159.3990507,-4,-2,38
1761621159.4350507,1,2,46
1761621159.4730508,4,-1,44
1761621159.5110507,3,1,31
1761621159.5490508,-3,5,25
1761621159.5850508,-9,0,40
1761621159.6230507,4,3,35
1761621159.6610508,2,-3,37
1761621159.6970508,-3,0,48
1761621159.735051,0,0,32
1761621159.7730508,-1,5,19
1761621159.811051,-3,0,32
1761621159.8500507,-5,1,42
1761621159.8860507,4,2,37
1761621159.9230506,5,0,24
1761621159.9610507,-1,0,31
1761621159.9970508,-1,1,29
1761621160.0340507,4,-4,26
1761621160.0710506,1,-1,21
1761621160.110051,-4,-3,32
1761621160.1460507,-5,6,36
1761621160.1830506,-6,2,34
1761621160.2210507,0,-3,37
1761621160.2570508,-6,0,32
1761621160.2940507,-5,-5,24
1761621160.3320508,-5,0,30
1761621160.370051,-2,-6,23
1761621160.4060507,-1,-1,31
1761621160.4440508,6,-3,27
1761621160.482051,2,-2,34
1761621160.5200508,0,-5,42
1761621160.5560508,-8,-1,46
1761621160.5940506,-10,-5,42
1761621160.6320508,-6,0,35
1761621160.6700506,0,0,29
1761621160.7060506,-3,0,30
1761621160.7430508,-3,-4,40
1761621160.7820508,-9,-4,26
1761621160.8200507,0,-1,33
1761621160.8560507,2,-3,28
1761621160.893051,1,-4,27
1761621160.9320507,1,-5,30
1761621160.9700508,1,-5,33
1761621161.0060508,0,-2,32
1761621161.0430508,2,-4,38
1761621161.0820508,0,-8,34
1761621161.120051,3,-5,28
1761621161.1560507,6,-4,46
1761621161.1930506,7,-4,41
1761621161.2310507,5,2,44
1761621161.2670507,8,-4,36
1761621161.3040507,2,-4,35
1761621161.3420508,0,-6,32
1761621161.3810508,-1,-3,35
1761621161.4170508,-3,-3,24
1761621161.4540508,-4,0,34
1761621161.4920506,1,5,20
1761621161.5300508,4,3,41
1761621161.5660508,5,6,44
1761621161.6030507,-5,1,43
1761621161.6420507,-6,0,33
1761621161.6780508,-5,-2,37
1761621161.7150507,0,-5,39
1761621161.7520506,1,1,32
1761621161.788051,4,1,32
1761621161.8250508,1,2,22
1761621161.8620508,-1,9,28
1761621161.8980508,-2,7,34
1761621161.9350507,2,-2,29
1761621161.9730508,-5,-7,24
1761621162.0120506,-7,-1,32
1761621162.0480506,-6,-5,30
1761621162.0850508,-1,-3,32
1761621162.1240506,1,-1,40
1761621162.1620507,-3,-6,29
1761621162.2010508,5,-2,27
1761621162.2370508,3,-5,33
1761621162.2740507,6,3,26
1761621162.3120508,3,1,37
1761621162.3480508,0,2,31
1761621162.3850508,8,-8,30
1761621162.4240508,4,-8,23
1761621162.462051,0,-9,25
1761621162.4980507,-9,-6,21
1761621162.5350506,-3,-4,27
1761621162.574051,5,-5,33
1761621162.6120508,-4,0,33
1761621162.6480508,-2,0,26
1761621162.6850507,2,-7,31
1761621162.7240508,-2,-3,33
1761621162.7620506,1,1,22
1761621162.7980506,1,-5,32
1761621162.8350508,-6,-3,39
1761621162.8740506,-5,-5,44
1761621162.9120507,-3,-2,25
1761621162.9480507,-4,2,24
1761621162.985051,3,0,31
1761621163.0230508,4,0,28
1761621163.061051,0,-9,27
1761621163.097051,2,-7,41
1761621163.1340508,-3,0,40
1761621163.1720507,-1,-7,27
1761621163.2080507,-6,0,30
1761621163.245051,-9,5,36
1761621163.2830508,0,5,42
1761621163.3210506,2,10,49
1761621163.357051,0,4,41
1761621163.3940508,-3,6,40
1761621163.4320507,2,2,34
1761621163.4680507,1,0,45
1761621163.5060508,0,-9,40
1761621163.5430508,-2,-13,29
1761621163.5820508,1,0,31
1761621163.6180508,0,-1,30
1761621163.6560507,-5,0,20
1761621163.6940508,-2,-1,43
1761621163.7330508,-10,-4,34
1761621163.7710507,-5,-8,41
1761621163.8070507,-5,-2,37
1761621163.8450508,-8,0,29
1761621163.883051,-3,0,28
1761621163.9190507,-2,0,36
1761621163.9700508,-2,-10,34
1761621164.0060508,-1,-4,29
1761621164.0440507,-2,-8,27
1761621164.0830507,2,-3,22
1761621164.1190507,0,1,23
1761621164.1560507,1,1,24
1761621164.1930506,-1,-3,21
1761621164.232051,1,8,27
1761621164.268051,4,7,35
1761621164.3050506,0,7,26
1761621164.3430507,0,8,38
1761621164.380051,4,1,42
1761621164.4170508,2,-2,26
1761621164.4540508,0,-4,28
1761621164.4920506,4,-3,39
1761621164.528051,1,-5,31
1761621164.5650508,2,-2,34
1761621164.6030507,1,0,39
1761621164.6390507,1,-2,39
1761621164.676051,-6,1,37
1761621164.7130508,-1,1,39
1761621164.7490506,1,-6,34
1761621164.7860508,6,-10,41
1761621164.824051,5,-6,47
1761621164.8620508,4,-3,42
1761621164.8980508,-4,-3,33
1761621164.9350507,-1,-5,37
1761621164.9740508,-6,-1,48
1761621165.0120506,-7,-1,43
1761621165.0480506,4,-7,50
1761621165.0850508,0,0,35
1761621165.1230507,1,-5,32
1761621165.1590507,0,-3,41
1761621165.1960506,6,3,37
1761621165.2340508,-4,2,48
1761621165.2720506,1,3,37
1761621165.3080506,-5,4,38
1761621165.3450508,4,-1,40
1761621165.383051,-3,-6,30
1761621165.4190507,0,-1,22
1761621165.4570508,-1,-4,26
1761621165.495051,7,-4,25
1761621165.5340507,2,3,36
1761621165.5720508,1,-3,42
1761621165.6080508,1,2,42
1761621165.6450508,1,2,41
1761621165.6830506,7,-7,40
1761621165.7190506,0,0,35
1761621165.7570508,-6,7,42
1761621165.7940507,-9,-1,37
1761621165.8330507,-7,1,26
1761621165.8690507,-3,0,27
1761621165.9070508,-1,0,31
1761621165.9440508,0,0,46
1761621165.982051,-7,-5,42
1761621166.018051,1,-3,39
1761621166.0550506,-3,-4,40
1761621166.0940506,1,0,44
1761621166.130051,0,-3,43
1761621166.1670508,4,0,26
1761621166.2050507,-5,4,43
1761621166.2430508,-9,2,43
1761621166.2790508,-7,-4,48
1761621166.3170507,1,-6,47
1761621166.3550508,4,0,37
1761621166.393051,-1,-2,32
1761621166.4300506,0,0,32
1761621166.4670508,7,2,35
1761621166.505051,0,2,33
1761621166.5430508,1,2,35
1761621166.5790508,-1,0,34
1761621166.6160507,3,0,26
1761621166.6540508,7,-2,38
1761621166.6900508,1,-1,35
1761621166.7270508,11,-5,41
1761621166.7650506,4,-8,36
1761621166.8030508,5,0,37
1761621166.8390508,2,5,43
1761621166.8760507,0,1,35
1761621166.9140508,1,3,30
1761621166.9500508,-1,0,33
1761621166.9880507,2,-1,40
1761621167.0260508,-4,0,25
1761621167.064051,2,3,35
1761621167.1000507,6,0,41
1761621167.1380508,-4,4,28
1761621167.176051,5,-1,26
1761621167.2150507,-1,4,40
1761621167.2530508,9,-1,43
1761621167.2890508,6,0,51
1761621167.3260508,0,-1,39
1761621167.3650508,3,-1,34
1761621167.403051,-2,-5,36
1761621167.439051,-3,-3,33
1761621167.4770508,0,-6,42
1761621167.5150506,1,-4,50
1761621167.5530508,-4,5,44
1761621167.5890508,3,3,39
1761621167.6270506,0,2,35
1761621167.6650507,-4,3,32
1761621167.7030506,0,3,40
1761621167.7390506,-2,4,38
1761621167.7760508,-1,2,30
1761621167.8150508,-5,1,36
1761621167.8530507,6,-1,34
1761621167.8890507,-2,-3,35
1761621167.9270508,-4,-5,33
1761621167.9650507,0,-1,45
1761621168.0030508,3,-4,44
1761621168.0390508,-2,-4,39
1761621168.0760508,-8,-1,40
1761621168.1150508,0,0,22
1761621168.153051,8,3,32
1761621168.189051,10,-1,36
1761621168.2260506,3,2,24
1761621168.2640507,3,2,32
1761621168.3000507,3,1,36
1761621168.337051,0,0,35
1761621168.3750508,0,-2,42
1761621168.4110508,-3,0,34
1761621168.4480507,-5,-1,30
1761621168.4860508,3,4,36
1761621168.5240507,3,-2,36
1761621168.5600507,8,-5,25
1761621168.597051,5,0,31
1761621168.6350508,0,0,45
1761621168.6710508,-4,1,34
1761621168.7080507,-2,0,36
1761621168.7460508,3,-4,30
1761621168.7850506,-1,2,30
1761621168.8210506,0,-2,37
1761621168.8580508,-1,2,25
1761621168.8960507,0,3,42
1761621168.9340508,1,3,24
1761621168.9700508,2,-2,32
1761621169.0070508,8,0,37
1761621169.0450506,5,0,43
1761621169.0810506,3,3,44
1761621169.1190507,-5,-3,52
1761621169.1560507,-8,-2,37
1761621169.1950507,-7,1,29
1761621169.2310507,-5,0,38
1761621169.2690508,2,-3,47
1761621169.3060508,1,-2,36
1761621169.3440506,-3,-2,33
1761621169.380051,-1,-1,28
1761621169.4170508,0,-3,30
1761621169.4550507,-10,10,29
1761621169.4910507,-4,9,29
1761621169.528051,0,3,31
1761621169.5660508,0,4,34
1761621169.6040506,-4,0,26
1761621169.6400506,-1,-1,33
1761621169.6770508,-1,-6,27
1761621169.7160506,2,-4,23
1761621169.7540507,0,-4,33
1761621169.7900507,0,-1,45
1761621169.8270507,3,-5,40
1761621169.8650508,2,-4,36
1761621169.9010508,0,-4,32
1761621169.939051,4,1,36
1761621169.9770508,8,5,30
1761621170.0150506,-4,7,29
1761621170.051051,-3,0,24
1761621170.0890508,-6,1,27
1761621170.1270506,3,0,18
1761621170.1650507,3,-4,30
1761621170.2010508,2,-1,26
1761621170.2390506,-2,-2,34
1761621170.2770507,1,-2,38
1761621170.3150508,-4,-3,37
1761621170.3510506,-6,1,37
1761621170.3880508,-1,3,33
1761621170.4270508,6,-2,27
1761621170.4650507,0,0,48
1761621170.5010507,5,-1,39
1761621170.5390508,0,-6,44
1761621170.5770507,4,-4,37
1761621170.6150508,-1,-1,20
1761621170.6510508,2,-3,32
1761621170.6880507,2,-2,38
1761621170.7270508,-4,-2,36
1761621170.7650506,0,0,45
1761621170.801051,5,5,41
1761621170.8380508,1,0,31
1761621170.8770506,5,1,37
1761621170.9150507,0,0,31
1761621170.9510508,0,4,38
1761621170.9880507,-2,-8,40
1761621171.0270507,-2,0,37
1761621171.0650508,6,-10,28
1761621171.1010506,-2,-7,21
1761621171.1390507,-7,-6,28
1761621171.1770508,-3,-2,39
1761621171.2160506,-1,3,24
1761621171.2520506,2,-2,28
1761621171.2890508,0,-6,33
1761621171.3270507,5,0,26
1761621171.3650508,-3,0,32
1761621171.4010508,0,3,34
1761621171.439051,5,-4,26
1761621171.4770508,2,3,27
1761621171.5150506,1,0,33
1761621171.551051,0,-1,36
1761621171.5890508,-1,1,34
1761621171.6270506,-8,2,39
1761621171.6650507,2,-6,42
1761621171.7010508,0,0,39
1761621171.7380507,1,0,40
1761621171.7770507,-1,-4,40
1761621171.8150508,-4,4,44
1761621171.8510506,5,-1,45
1761621171.8890507,2,-3,40
1761621171.9270508,2,0,39
1761621171.9650507,-5,-2,38
1761621172.0020506,-2,-3,43
1761621172.0390508,0,1,36
1761621172.0770507,-9,-1,33
1761621172.1150508,-1,0,34
1761621172.1510508,1,-3,38
1761621172.1880507,-3,-4,35
1761621172.2270508,1,-3,37
1761621172.2650506,0,-3,42
1761621172.301051,-1,-6,31
1761621172.3390508,0,0,32
1761621172.3770506,3,2,31
1761621172.4150507,-2,3,36
1761621172.4520507,-3,5,24
1761621172.4890506,-9,-2,36
1761621172.5270507,0,9,30
1761621172.5630507,3,2,43
1761621172.6000507,-3,0,42
1761621172.6370506,-12,8,46
1761621172.6730506,-4,1,37
1761621172.7100508,-1,-1,40
1761621172.7480507,-2,1,28
1761621172.7860508,8,-2,26
1761621172.8220508,3,-3,30
1761621172.860051,0,-1,31
1761621172.8970506,0,3,45
1761621172.9330506,2,-6,47
1761621172.9710507,4,-1,35
1761621173.0100508,3,-4,24
1761621173.0470507,6,-6,19
1761621173.0830507,2,-2,31
1761621173.1210508,0,1,33
1761621173.1580508,-4,-1,41
1761621173.1970508,-1,-2,43
1761621173.2330508,-2,0,45
1761621173.2710507,0,-2,32
1761621173.3080506,4,0,34
1761621173.3460507,7,-7,49
1761621173.3820508,0,-4,45
1761621173.4190507,3,-2,37
1761621173.4570508,8,-4,36
1761621173.4930508,9,-10,35
1761621173.5300508,6,-13,41
1761621173.5680506,2,-4,40
1761621173.6060507,0,-7,29
1761621173.6420507,-1,-2,35
1761621173.6790507,0,-2,36
1761621173.7180507,-4,6,44
1761621173.7560508,0,-1,36
1761621173.7920508,2,2,28
1761621173.8290508,-7,0,36
1761621173.8680508,2,-2,30
1761621173.9060507,0,0,41
1761621173.9420507,0,-5,28
1761621173.9880507,-6,4,41
1761621174.0260508,-3,0,31
1761621174.0620508,-4,-4,29
1761621174.0990508,-7,-3,34
1761621174.1380508,4,-3,37
1761621174.176051,-1,-9,36
1761621174.212051,2,-7,44
1761621174.2490506,-3,1,41
1761621174.2870507,0,-4,32
1761621174.3230507,-3,-6,30
1761621174.3610508,-1,-1,34
1761621174.3990507,2,-9,45
1761621174.4370508,2,-2,31
1761621174.4730508,5,1,36
1761621174.5100508,4,-7,41
1761621174.5480506,2,-3,42
1761621174.5860507,-5,4,40
1761621174.6220508,-6,-1,37
1761621174.6600506,-1,-5,37
1761621174.6980507,-4,0,40
1761621174.7340508,-7,-6,30
1761621174.7710507,-1,3,31
1761621174.8080506,-6,3,37
1761621174.847051,-1,-9,47
1761621174.883051,6,0,38
1761621174.9210508,3,-5,30
1761621174.9580507,0,-2,38
1761621174.9940507,2,0,32
1761621175.0310507,3,0,37
1761621175.0690508,5,-5,44
1761621175.107051,2,-2,44
1761621175.143051,5,-1,37
1761621175.1800506,1,-8,30
1761621175.2180507,5,-3,28
1761621175.2540507,4,0,33
1761621175.291051,3,-2,39
1761621175.3290508,-4,1,33
1761621175.3680508,-8,-6,36
1761621175.4040508,-7,0,47
1761621175.4420507,-5,0,32
1761621175.4800508,-7,-4,32
1761621175.5190508,5,0,37
1761621175.5570507,-2,-2,36
1761621175.5930507,1,-3,40
1761621175.630051,0,-5,40
1761621175.6680508,-5,1,25
1761621175.7040508,1,-2,30
1761621175.7410507,8,-4,27
1761621175.7800508,6,-2,37
1761621175.8180506,-4,-4,45
1761621175.8540506,0,-8,46
1761621175.8920507,1,-4,49
1761621175.9300506,3,-3,45
1761621175.9680507,1,-3,43
1761621176.0040507,1,2,38
1761621176.041051,2,0,41
1761621176.0790508,-7,1,43
1761621176.1180508,0,-5,36
1761621176.1540508,0,-7,29
1761621176.1920507,5,4,37
1761621176.2290506,-2,-6,28
1761621176.268051,-3,-4,23
1761621176.3040507,-1,2,38
1761621176.3420508,1,-1,34
1761621176.3790507,-3,0,35
1761621176.4180508,3,-3,30
1761621176.4540508,12,-4,27
1761621176.4920506,4,1,35
1761621176.5290508,0,-2,40
1761621176.5680506,5,5,31
1761621176.6040506,2,1,27
1761621176.643051,6,0,40
1761621176.6800506,2,0,32
1761621176.7180507,4,0,36
1761621176.7540507,6,3,33
1761621176.791051,1,0,47
1761621176.8300507,0,-4,41
1761621176.8680508,0,1,29
1761621176.9040508,1,-2,21
1761621176.9410508,-1,0,34
1761621176.9790506,0,3,39
1761621177.0150506,-2,2,44
1761621177.0520508,3,0,43
1761621177.0890508,2,1,30
1761621177.1250508,-3,-2,26
1761621177.163051,4,0,32
1761621177.2000508,2,-1,41
1761621177.2390506,2,-1,42
1761621177.2750506,1,-7,33
1761621177.3120508,6,-1,42
1761621177.3500507,1,-3,31
1761621177.3880508,4,2,37
1761621177.4240508,3,-4,35
1761621177.4630508,1,-5,33
1761621177.5000508,0,-4,40
1761621177.538051,0,3,33
1761621177.574051,-7,-1,37
1761621177.6120508,-1,-4,38
1761621177.6500506,-3,-1,44
1761621177.689051,-3,-5,34
1761621177.7250507,0,-7,27
1761621177.7630508,0,-5,41
1761621177.8000507,-3,0,35
1761621177.8380508,6,0,31
1761621177.8740506,2,2,25
1761621177.913051,13,0,30
1761621177.9500508,4,-3,27
1761621177.9880507,-1,-9,28
1761621178.0240507,-1,-12,33
1761621178.0630507,-5,-6,28
1761621178.1000507,-7,-11,30
1761621178.1390507,-2,-3,33
1761621178.1750507,0,-4,39
1761621178.212051,-1,2,34
1761621178.2500508,0,2,42
1761621178.288051,5,-3,46
1761621178.324051,0,-3,39
1761621178.3610508,2,-3,41
1761621178.3990507,6,-4,45
1761621178.4350507,0,-1,39
1761621178.472051,-1,-5,25
1761621178.5100508,4,4,38
1761621178.5480506,1,-5,42
1761621178.584051,2,0,38
1761621178.6220508,0,8,40
1761621178.6600506,-1,3,36
1761621178.6980507,0,-6,33
1761621178.735051,5,0,33
1761621178.7720506,-6,-3,28
1761621178.8100507,0,0,27
1761621178.8480508,9,-2,41
1761621178.8850508,3,-2,37
1761621178.9220507,2,3,33
1761621178.9600508,0,0,44
1761621178.9980507,2,-3,36
1761621179.0340507,0,-1,34
1761621179.0720508,-8,-1,39
1761621179.110051,4,-11,39
1761621179.1460507,12,-5,47
1761621179.1830506,1,-7,50
1761621179.2200508,7,-3,41
1761621179.2560508,10,-8,39
1761621179.2930508,-7,-3,32
1761621179.3310506,0,-9,31
1761621179.3690507,-1,-6,39
1761621179.4050508,-2,-7,37
1761621179.4420507,1,0,49
1761621179.4800508,6,4,42
1761621179.5160508,-1,0,37
1761621179.5530508,2,-3,32
1761621179.5910506,-2,-2,36
1761621179.630051,-7,-1,36
1761621179.666051,0,-4,31
1761621179.7030506,-1,-5,36
1761621179.7410507,-4,-6,31
1761621179.7800508,0,-8,29
1761621179.8160508,-1,-3,29
1761621179.8550508,0,-3,40
1761621179.8920507,4,-5,29
1761621179.9300506,-3,0,33
1761621179.9660506,-3,-5,26
1761621180.0030508,0,-4,29
1761621180.041051,-2,-6,33
1761621180.0790508,0,4,31
1761621180.1150508,-3,4,33
1761621180.153051,-3,0,42
1761621180.1910508,-8,0,37
1761621180.2290506,-5,-1,32
1761621180.2650506,-5,-4,30
1761621180.3030508,0,-1,37
1761621180.3410506,0,-3,27
1761621180.3790507,-3,-5,39
1761621180.4150507,-1,0,41
1761621180.4530506,2,-6,33
1761621180.4910507,-3,-3,42
1761621180.5300508,2,-4,39
1761621180.5660508,-5,-1,32
1761621180.6030507,7,0,37
1761621180.6410508,1,2,33
1761621180.6790507,-3,-2,24
1761621180.7150507,-1,1,36
1761621180.7530508,-1,-4,32
1761621180.7920508,-2,3,35
1761621180.8300507,-2,0,34
1761621180.8660507,-2,0,41
1761621180.903051,-1,-2,41
1761621180.9420507,3,-6,44
1761621180.9800508,4,0,39
1761621181.0160508,7,-2,39
1761621181.0530508,-1,-1,29
1761621181.0910506,5,-9,32
1761621181.130051,-3,3,38
1761621181.166051,-4,4,38
1761621181.2030506,-1,-6,36
1761621181.2410507,1,-7,31
1761621181.2800508,-1,1,32
1761621181.3160508,-6,-3,29
1761621181.3530507,1,0,29
1761621181.3910508,0,-1,26
1761621181.4270508,-4,3,32
1761621181.4640508,-5,0,22
1761621181.5010507,4,2,23
1761621181.5370507,-3,-1,16
1761621181.574051,-5,-4,21
1761621181.6120508,0,-14,26
1761621181.6500506,-7,-5,34
1761621181.686051,-7,-3,35
1761621181.7240508,-3,2,27
1761621181.7620506,1,-5,23
1761621181.8000507,-1,-1,27
1761621181.8360507,5,0,34
1761621181.8730507,10,0,31
1761621181.9110508,6,1,23
1761621181.9470508,0,-6,29
1761621181.9840508,2,-6,32
1761621182.0220506,0,-4,35
1761621182.0600507,3,1,36
1761621182.0960507,5,0,27
1761621182.1340508,8,3,23
1761621182.1720507,2,-1,33
1761621182.2100508,7,-8,37
1761621182.2460508,7,-1,34
1761621182.2840507,-4,0,27
1761621182.3220508,-1,4,25
1761621182.360051,-12,-1,34
1761621182.3960507,-9,-4,28
1761621182.4340508,-1,-6,30
1761621182.472051,1,-10,41
1761621182.5100508,-8,-2,52
1761621182.5460508,-7,0,37
1761621182.584051,-5,5,49
1761621182.6220508,-1,1,41
1761621182.6600506,0,-5,31
1761621182.6960506,1,0,30
1761621182.7340508,2,2,32
1761621182.7720506,8,-1,28
1761621182.8100507,0,-8,31
1761621182.8460507,7,-7,34
1761621182.8840508,-4,-6,43
1761621182.9220507,-2,-5,43
1761621182.9600508,-4,-6,37
1761621182.9960508,-7,-5,39
1761621183.0340507,-1,-9,37
1761621183.0720508,4,-5,25
1761621183.1110508,5,0,34
1761621183.1470506,6,-2,37
1761621183.1840508,9,0,29
1761621183.222051,0,-3,42
1761621183.2600508,-4,-2,43
1761621183.2960508,-6,1,25
1761621183.3330507,-5,5,34
1761621183.3720508,-3,-3,33
1761621183.4080508,6,-9,32
1761621183.4450507,0,-2,42
1761621183.482051,5,0,38
1761621183.518051,-3,5,42
1761621183.5550506,-7,1,27
1761621183.5920508,-4,-3,29
1761621183.6310508,3,0,37
1761621183.6670508,3,-2,34
1761621183.7040508,2,-2,29
1761621183.7420506,0,-5,37
1761621183.778051,-2,-2,46
1761621183.8150508,-6,-4,32
1761621183.8540506,0,-5,47
1761621183.8920507,4,-1,40
1761621183.9280508,5,8,34
1761621183.9650507,2,1,35
1761621184.0110507,-4,1,35
1761621184.0470507,-5,-6,43
1761621184.084051,3,1,39
1761621184.1220508,4,2,38
1761621184.1580508,9,-4,46
1761621184.1950507,2,5,37
1761621184.232051,4,-1,46
1761621184.268051,1,0,51
1761621184.3050506,-1,0,33
1761621184.3430507,-3,-3,34
1761621184.3810508,-5,-6,29
1761621184.4170508,0,-2,32
1761621184.4540508,0,-2,37
1761621184.4920506,0,3,36
1761621184.528051,5,1,39
1761621184.5650508,0,0,24
1761621184.6030507,2,0,40
1761621184.6410508,7,4,34
1761621184.6770508,5,-2,45
1761621184.7140508,8,-3,48
1761621184.7530508,1,-2,46
1761621184.791051,0,-7,42
1761621184.8270507,0,-5,34
1761621184.8640506,9,-4,33
1761621184.903051,6,-4,29
1761621184.9410508,0,-3,32
1761621184.9770508,-5,-3,36
1761621185.0140507,-11,1,32
1761621185.0530508,-7,-6,18
1761621185.0910506,-2,0,27
1761621185.1270506,0,-5,25
1761621185.1640508,1,-7,36
1761621185.2030506,4,-3,34
1761621185.2410507,-3,0,42
1761621185.2770507,-6,-2,33
1761621185.314051,-3,2,34
1761621185.3530507,2,1,25
1761621185.3910508,0,-2,36
1761621185.4270508,0,-6,37
1761621185.4640508,-5,-6,38
1761621185.5030508,-7,-2,35
1761621185.541051,1,-1,32
1761621185.5770507,5,-2,29
1761621185.6140506,-2,-3,31
1761621185.653051,3,2,34
1761621185.689051,-6,1,41
1761621185.7260506,-4,0,31
1761621185.7630508,-1,-3,27
1761621185.8020508,-1,-9,38
1761621185.8380508,-3,-3,43
1761621185.8750508,3,0,39
1761621185.913051,0,0,46
1761621185.949051,2,-6,48
1761621185.9870508,2,-1,48
1761621186.0240507,7,-1,39
1761621186.0630507,-3,0,42
1761621186.0990508,-2,2,31
1761621186.1370506,-9,0,29
1761621186.1740508,3,-2,28
1761621186.212051,6,-5,33
1761621186.2480507,2,-3,37
1761621186.2860508,3,0,37
1761621186.3230507,-1,-2,43
1761621186.3620508,1,-4,33
1761621186.3980508,3,-3,37
1761621186.436051,0,-3,32
1761621186.4740508,-8,3,42
1761621186.5120506,-9,1,35
1761621186.5480506,-3,-6,24
1761621186.5860507,-5,-3,31
1761621186.6240506,-4,2,36
1761621186.663051,-1,6,38
1761621186.7020507,-4,5,27
1761621186.7380507,-6,5,37
1761621186.7750506,-2,-1,37
1761621186.814051,-4,1,29
1761621186.8520508,-1,-1,41
1761621186.8880508,-1,-2,42
1761621186.9250507,-9,-10,38
1761621186.9640508,-1,-11,32
1761621187.0020506,2,-5,36
1761621187.038051,0,-8,35
1761621187.0750508,-1,-2,30
1761621187.1140506,0,-2,38
1761621187.1520507,5,-2,30
1761621187.1880507,-8,-1,30
1761621187.2260506,2,0,35
1761621187.2640507,1,6,29
1761621187.3020508,-4,1,36
1761621187.3380508,0,-2,32
1761621187.3750508,3,0,30
1761621187.413051,-2,-10,20
1761621187.449051,3,-8,15
1761621187.4860508,10,-2,25
1761621187.5240507,1,0,30
1761621187.5620508,0,-4,41
1761621187.5980508,-1,-5,43
1761621187.6360507,-1,-6,45
1761621187.6740508,2,-1,33
1761621187.7130508,0,0,26
1761621187.7490506,11,1,32
1761621187.7860508,0,-6,30
1761621187.824051,0,-6,38
1761621187.860051,2,-5,34
1761621187.8970506,7,4,38
1761621187.9340508,-3,0,40
1761621187.9700508,0,6,37
1761621188.0070508,6,-3,41
1761621188.0450506,0,0,38
1761621188.0830507,1,0,50
1761621188.1190507,4,1,53
1761621188.1560507,-1,0,51
1761621188.1940508,-3,0,42
1761621188.2300508,-5,4,27
1761621188.2670507,6,2,38
1761621188.3040507,1,0,35
1761621188.3400507,-8,0,46
1761621188.3770506,-11,-4,31
1761621188.4150507,-8,-11,38
1761621188.4540508,-9,-6,33
1761621188.4900508,-10,-2,31
1761621188.5270507,0,-10,34
1761621188.564051,-7,1,29
1761621188.6000507,-2,-9,22
1761621188.6380508,-1,-7,32
1761621188.676051,2,-6,25
1761621188.7140508,0,3,34
1761621188.7500508,0,0,36
1761621188.7870507,-7,-9,39
1761621188.8250508,-2,1,45
1761621188.8630507,-7,3,52
1761621188.8990507,-1,-3,41
1761621188.9370508,4,0,28
1761621188.9760506,5,-5,31
1761621189.0140507,2,-6,39
1761621189.0500507,3,-1,45
1761621189.0880508,0,-1,37
1761621189.1260507,-3,-9,34
1761621189.1640508,0,-12,41
1761621189.2000508,0,-9,35
1761621189.2370508,0,0,46
1761621189.2750506,-1,-5,36
1761621189.3130507,-9,0,45
1761621189.3490508,-3,4,36
1761621189.3870506,-4,6,24
1761621189.4250507,-4,0,25
1761621189.4630508,1,-7,26
1761621189.4990506,4,0,35
1761621189.5370507,-2,-1,31
1761621189.5750508,-4,1,32
1761621189.6140506,-8,0,37
1761621189.6500506,-8,-2,27
1761621189.6870508,0,-2,35
1761621189.7250507,6,0,37
1761621189.7630508,5,1,30
1761621189.7990508,3,6,32
1761621189.837051,-6,-5,33
1761621189.8760507,5,-7,23
1761621189.9140508,0,-2,30
1761621189.9500508,-2,-8,35
1761621189.9870508,-7,-1,34
1761621190.0260508,-2,-7,40
1761621190.064051,0,-6,35
1761621190.1000507,-2,0,41
1761621190.1370506,3,0,31
1761621190.1750507,-1,0,33
1761621190.2110507,-1,-7,36
1761621190.2490506,2,-2,41
1761621190.2870507,-2,2,26
1761621190.3250508,4,0,34
1761621190.3610508,0,0,37
1761621190.3980508,3,-2,36
1761621190.4350507,4,-1,44
1761621190.4710507,0,-1,32
1761621190.508051,4,-7,27
1761621190.5450506,0,-2,29
1761621190.5810506,0,-5,41
1761621190.6190507,3,-1,33
1761621190.6560507,0,5,36
1761621190.6940508,5,2,36
1761621190.7300508,6,6,32
1761621190.7670507,6,0,43
1761621190.8050506,2,-5,29
1761621190.8410506,4,-1,32
1761621190.880051,-1,-7,21
1761621190.9170508,-5,-2,24
1761621190.9560506,0,-1,21
1761621190.9940507,-3,-7,34
1761621191.0300508,-6,0,28
1761621191.0670507,-2,4,35
1761621191.1050508,5,1,32
1761621191.1410508,8,0,30
1761621191.1790507,10,0,26
1761621191.2160506,1,1,20
1761621191.2540507,-3,8,24
1761621191.2900507,-9,3,21
1761621191.3270507,-4,4,23
1761621191.3650508,-8,1,28
1761621191.4010508,-2,3,37
1761621191.4380507,-5,7,39
1761621191.4760506,2,5,48
1761621191.5150506,1,1,43
1761621191.551051,0,3,34
1761621191.5880508,4,-7,44
1761621191.6260507,0,0,28
1761621191.6640508,7,6,35
1761621191.7000508,4,-6,39
1761621191.7380507,6,0,41
1761621191.7760508,7,-1,44
1761621191.814051,2,0,44
1761621191.8500507,7,-8,29
1761621191.8880508,7,0,29
1761621191.926051,9,0,35
1761621191.9640508,1,1,40
1761621192.0000508,0,6,36
1761621192.0370507,-5,5,39
1761621192.0760508,-9,3,28
1761621192.1120508,1,1,26
1761621192.1490507,-6,4,28
1761621192.186051,-4,-3,34
1761621192.2250507,-5,-1,31
1761621192.2610507,-2,4,35
1761621192.2980506,3,2,49
1761621192.3360507,3,-9,41
1761621192.3720508,4,-4,22
1761621192.4090507,1,-4,23
1761621192.4460506,6,0,30
1761621192.482051,0,-2,37
1761621192.5200508,1,-5,43
1761621192.5570507,-3,-3,38
1761621192.5960507,-5,0,41
1761621192.6320508,-2,0,44
1761621192.6700506,3,-5,40
1761621192.7070508,1,3,34
1761621192.745051,4,-6,27
1761621192.7810507,0,-5,39
1761621192.8180506,-1,-2,53
1761621192.857051,0,-2,48
1761621192.8950508,4,-5,38
1761621192.9310508,0,-2,39
1761621192.9680507,1,1,46
1761621193.0060508,-1,6,48
1761621193.0420508,0,0,44
1761621193.0800507,2,-4,30
1761621193.1170506,2,-8,30
1761621193.1550508,0,-1,34
1761621193.1910508,-3,4,36
1761621193.2280507,-12,1,44
1761621193.2660508,-2,-2,35
1761621193.3020508,-1,2,44
1761621193.3390508,3,-2,44
1761621193.3770506,3,-3,41
1761621193.4150507,-5,4,41
1761621193.4510508,-2,6,38
1761621193.4890506,-3,4,33
1761621193.5270507,-8,7,41
1761621193.5650508,-2,4,40
1761621193.6010506,0,0,38
1761621193.6390507,-1,-4,31
1761621193.6770508,-1,-2,33
1761621193.7160506,-1,1,35
1761621193.7520506,-1,0,36
1761621193.7890508,-1,-2,36
1761621193.8270507,2,-4,45
1761621193.8660507,4,-9,43
1761621193.9020507,5,-2,32
1761621193.939051,0,-1,30
1761621193.9770508,-1,-2,37
1761621194.0200508,-6,1,38
1761621194.0580506,-10,0,33
1761621194.0960507,-5,3,36
1761621194.1320508,4,6,37
1761621194.1690507,1,5,21
1761621194.2070508,0,-1,30
1761621194.2430508,0,-8,33
1761621194.2810507,-4,-3,17
1761621194.3190508,2,-5,25
1761621194.3580508,0,0,32
1761621194.3960507,-2,0,28
1761621194.4320507,0,2,36
1761621194.4690506,-1,3,40
1761621194.5070508,-1,-3,44
1761621194.5430508,0,0,33
1761621194.5800507,-2,0,32
1761621194.6180508,0,0,39
1761621194.6570508,-9,-6,45
1761621194.6930506,-4,-6,42
1761621194.7310507,0,-7,42
1761621194.7690508,2,-3,42
1761621194.8070507,4,7,46
1761621194.8430507,0,1,41
1761621194.880051,-2,-3,33
1761621194.9180508,4,1,38
1761621194.9570508,-1,-2,35
1761621194.9930508,0,0,33
1761621195.0300508,-4,-3,43
1761621195.0680506,-2,2,34
1761621195.107051,0,-5,38
1761621195.143051,0,-9,28
1761621195.1810508,3,-4,27
1761621195.2180507,3,-1,33
1761621195.2560508,-8,-5,23
1761621195.2920508,-8,-5,32
1761621195.3290508,-3,-4,38
1761621195.3680508,-4,-2,25
1761621195.4060507,0,0,32
1761621195.4420507,1,-8,24
1761621195.4790506,-3,1,35
1761621195.5170507,9,5,32
1761621195.5530508,8,1,35
1761621195.5900507,7,-1,29
1761621195.6290507,2,0,31
1761621195.6670508,0,-2,28
1761621195.7030506,-4,-7,34
1761621195.7400508,0,-4,29
1761621195.778051,5,-4,29
1761621195.8160508,-2,-2,36
1761621195.8520508,0,-9,31
1761621195.8900506,4,0,37
1761621195.9280508,2,3,23
1761621195.9660506,0,-2,33
1761621196.0020506,0,-8,25
1761621196.0400507,-10,-2,37
1761621196.0780506,1,2,41
1761621196.1160507,-3,-6,36
1761621196.1520507,4,-4,32
1761621196.1900508,1,-3,18
1761621196.2280507,-2,-3,31
1761621196.2660508,-6,1,26
1761621196.3020508,-8,3,31
1761621196.3400507,-3,2,27
1761621196.3780508,-5,-1,30
1761621196.416051,-4,-1,47
1761621196.4520507,-6,2,37
1761621196.4900508,-1,4,34
1761621196.528051,-2,4,49
1761621196.564051,0,4,42
1761621196.6010506,-5,-5,43
1761621196.6390507,0,4,42
1761621196.6780508,-9,0,31
1761621196.7140508,-7,0,39
1761621196.7510507,-6,0,36
1761621196.788051,2,0,37
1761621196.824051,0,-9,32
1761621196.8610508,-1,-6,24
1761621196.8990507,-4,-3,33
1761621196.9380507,-2,-3,32
1761621196.9740508,0,-7,26
1761621197.0110507,0,-6,47
1761621197.0480506,-3,-2,39
1761621197.087051,-7,1,30
1761621197.1230507,-2,-2,19
1761621197.1600506,6,1,29
1761621197.1980507,-3,4,35
1761621197.2340508,-5,3,34
1761621197.2720506,-6,-3,29
1761621197.3090508,-3,0,33
1761621197.347051,6,3,28
1761621197.383051,0,2,41
1761621197.4200506,0,-1,31
1761621197.4580507,-3,-2,26
1761621197.4940507,0,0,44
1761621197.5320508,1,-1,30
1761621197.5690508,0,0,25
1761621197.607051,-3,3,20
1761621197.643051,0,-2,30
1761621197.6800506,-3,2,38
1761621197.7190506,0,1,30
1761621197.7570508,-3,-4,31
1761621197.7930508,-6,0,33
1761621197.8300507,5,-2,18
1761621197.8680508,3,0,30
1761621197.9040508,8,1,47
1761621197.9410508,1,0,42
1761621197.9790506,7,1,46
1761621198.0170507,4,-2,51
1761621198.0530508,0,-1,46
1761621198.0910506,2,-2,35
1761621198.1290507,-1,-1,36
1761621198.1670508,1,4,40
1761621198.2030506,0,1,40
1761621198.2410507,-4,-4,36
1761621198.2790508,7,-5,23
1761621198.3180506,1,5,24
1761621198.3540506,5,8,26
1761621198.3910508,3,4,31
1761621198.4290507,2,-2,36
1761621198.4670508,0,-4,29
1761621198.5030508,6,-6,35
1761621198.541051,3,4,29
1761621198.5790508,-1,2,42
1761621198.6150508,-4,-2,35
1761621198.653051,2,1,40
1761621198.6910508,3,-8,36
1761621198.7290506,0,-2,31
1761621198.7650506,5,-7,39
1761621198.8020508,2,-1,37
1761621198.8390508,-9,2,30
1761621198.8750508,-9,-5,38
1761621198.9120507,-2,-5,37
1761621198.9500508,-6,-3,33
1761621198.9890506,3,-1,36
1761621199.0250506,1,1,35
1761621199.0620508,-5,3,27
1761621199.0990508,-10,5,29
1761621199.1350508,0,2,20
1761621199.1730506,7,4,26
1761621199.2100508,2,2,37
1761621199.2480507,-1,-1,45
1761621199.2840507,0,2,31
1761621199.3210506,-3,-5,43
1761621199.360051,6,-7,28
1761621199.3980508,-4,0,30
1761621199.4340508,-6,1,33
1761621199.4710507,-2,0,40
1761621199.5090508,-5,-4,46
1761621199.5450506,0,-5,42
1761621199.5830507,-2,-2,40
1761621199.6210508,2,-2,36
1761621199.6590507,6,-3,29
1761621199.6950507,1,-5,34
1761621199.7330508,3,0,29
1761621199.7700508,2,0,35
1761621199.8080506,-3,0,39
1761621199.8440506,0,4,34
1761621199.8810508,-3,0,30
1761621199.9190507,-5,-8,30
1761621199.9550507,-3,-3,44
1761621199.9920506,-7,-4,38
1761621200.0300508,0,0,39
1761621200.0680506,-2,-2,33
1761621200.1040506,-2,-2,33
1761621200.1420507,0,0,34
1761621200.1800506,-7,0,24
1761621200.2180507,-4,0,36
1761621200.2540507,-12,2,40
1761621200.2920508,-7,4,27
1761621200.3300507,-3,-1,27
1761621200.3680508,-1,-12,28
1761621200.4040508,0,-3,37
1761621200.4420507,2,-2,33
1761621200.4800508,4,-4,31
1761621200.518051,5,-9,47
1761621200.5540507,7,-5,47
1761621200.5920508,4,-10,42
1761621200.630051,-4,-10,30
1761621200.6680508,-4,-10,28
1761621200.7040508,-5,-7,23
1761621200.7420506,-6,2,21
1761621200.7800508,1,-4,39
1761621200.8180506,3,2,42
1761621200.8540506,2,0,42
1761621200.8910508,0,-6,40
1761621200.9300506,1,-1,51
1761621200.9660506,-6,0,46
1761621201.0030508,0,-3,33
1761621201.0400507,0,2,42
1761621201.0760508,4,-2,34
1761621201.1130507,0,-3,36
1761621201.1500506,-2,-5,39
1761621201.189051,-3,-12,48
1761621201.2250507,-4,-4,33
1761621201.2620506,-1,-11,40
1761621201.3000507,0,-10,37
1761621201.3360507,-3,-9,35
1761621201.3740506,-6,-4,37
1761621201.4110508,-10,2,30
1761621201.4500508,0,5,36
1761621201.4860508,-1,1,34
1761621201.5240507,-1,1,25
1761621201.561051,-1,-2,28
1761621201.6000507,2,1,33
1761621201.6360507,6,-2,33
1761621201.6740508,3,-2,36
1761621201.7110507,5,-8,42
1761621201.7490506,3,0,43
1761621201.7850506,0,2,43
1761621201.8220508,0,-4,42
1761621201.8610508,0,-8,38
1761621201.8990507,-5,3,29
1761621201.9350507,-7,7,24
1761621201.972051,-1,6,39
1761621202.0110507,-4,-1,24
1761621202.0490508,-1,-4,37
1761621202.0850508,-5,-9,32
1761621202.1220508,1,-6,39
1761621202.1610508,-7,-4,27
1761621202.199051,3,-1,30
1761621202.235051,0,-2,31
1761621202.2720506,-8,1,42
1761621202.311051,5,0,32
1761621202.3490508,1,-2,30
1761621202.3850508,2,-4,28
1761621202.4220507,3,0,40
1761621202.4610507,2,2,43
1761621202.4990506,-1,5,30
1761621202.5350506,-1,5,40
1761621202.5730507,-1,1,28
1761621202.6110508,-2,-7,28
1761621202.6490507,2,-4,33
1761621202.6850507,0,-3,34
1761621202.722051,8,-4,41
1761621202.7610507,3,-1,39
1761621202.7990508,2,-1,45
1761621202.8350508,-1,0,39
1761621202.8720508,-1,1,39
1761621202.9110508,-8,5,38
1761621202.9470508,-8,5,28
1761621202.9840508,-3,6,25
1761621203.0210507,-3,0,28
1761621203.0600507,-1,0,41
1761621203.0960507,4,0,39
1761621203.133051,4,-2,36
1761621203.1710508,5,-5,49
1761621203.2070508,0,-5,41
1761621203.2440507,1,-5,34
1761621203.2820508,4,-4,31
1761621203.3200507,3,-10,36
1761621203.3560507,-2,-2,44
1761621203.393051,0,2,50
1761621203.4310508,1,4,30
1761621203.4670508,1,0,20
1761621203.5040507,-2,0,26
1761621203.541051,-5,2,36
1761621203.5800507,-2,-1,32
1761621203.6160507,-8,0,30
1761621203.653051,-4,2,36
1761621203.6910508,3,-2,46
1761621203.7270508,0,-2,41
1761621203.7640507,-1,4,37
1761621203.8020508,1,2,42
1761621203.8410506,-3,-1,39
1761621203.8770506,0,-2,39
1761621203.916051,0,-4,42
1761621203.9530506,7,-3,29
1761621203.9910507,3,2,31
1761621204.0340507,-3,-2,38
1761621204.0720508,-7,-2,28
1761621204.1110508,1,-3,39
1761621204.1470506,-5,-5,33
1761621204.1850507,2,3,29
1761621204.222051,-1,5,22
1761621204.2610507,2,6,31
1761621204.2970507,2,6,31
1761621204.334051,4,-1,26
1761621204.3720508,2,-7,33
1761621204.4100506,7,-1,46
1761621204.4460506,3,6,38
1761621204.4830508,4,-2,48
1761621204.5220506,4,0,46
1761621204.5600507,2,-3,35
1761621204.5960507,-1,-2,38
1761621204.633051,-3,-3,32
1761621204.6720507,2,-4,27
1761621204.7100508,-2,2,29
1761621204.7460508,0,0,35
1761621204.7830508,-7,-4,27
1761621204.8220508,-7,-4,22
1761621204.860051,-6,-3,46
1761621204.8960507,2,-7,43
1761621204.9330506,-3,-6,45
1761621204.972051,2,-6,36
1761621205.0100508,-1,-3,46
1761621205.0460508,7,3,40
1761621205.0830507,4,1,33
1761621205.1210508,-1,-1,32
1761621205.1570508,-2,3,40
1761621205.1940508,1,0,27
1761621205.232051,1,0,34
1761621205.268051,-3,-5,35
1761621205.3050506,-2,-3,32
1761621205.3430507,-9,-5,40
1761621205.3820508,-8,-9,34
1761621205.4180508,-6,-12,33
1761621205.4550507,1,-3,39
1761621205.4930508,5,-7,32
1761621205.5310507,3,0,35
1761621205.5670507,2,0,30
1761621205.6040506,8,-1,28
1761621205.6420507,2,5,29
1761621205.6780508,-5,4,33
1761621205.7150507,-5,5,45
1761621205.7540507,0,-3,31
1761621205.7920508,1,-5,34
1761621205.8280506,0,-5,38
1761621205.8650508,6,-2,34
1761621205.903051,1,0,33
1761621205.9420507,4,-1,31
1761621205.9780507,2,1,25
1761621206.0150506,1,-4,39
1761621206.0530508,5,-5,34
1761621206.0910506,2,-5,33
1761621206.1270506,2,-9,56
1761621206.1650507,-1,-2,55
1761621206.2030506,0,0,46
1761621206.2410507,0,0,52
1761621206.2770507,3,5,41
1761621206.314051,1,2,37
1761621206.3520508,6,2,34
1761621206.3880508,4,0,36
1761621206.4250507,8,0,36
1761621206.4630508,3,2,38
1761621206.5010507,4,0,32
1761621206.5370507,3,2,42
1761621206.574051,-7,4,36
1761621206.6130507,0,-1,35
1761621206.6510508,1,-4,39
1761621206.6870508,3,-1,49
1761621206.7240508,-2,3,50
1761621206.7630508,0,4,39
1761621206.801051,0,0,18
1761621206.837051,-1,3,22
1761621206.8740506,1,3,19
1761621206.9120507,-2,-2,27
1761621206.9480507,-7,0,33
1761621206.985051,0,0,34
1761621207.0230508,3,2,30
1761621207.061051,7,-1,33
1761621207.097051,6,-8,48
1761621207.1340508,-5,-6,37
1761621207.1730506,2,1,36
1761621207.2110507,2,4,32
1761621207.2470508,0,-5,37
1761621207.2840507,-1,0,34
1761621207.3230507,-3,-2,29
1761621207.3610508,0,0,33
1761621207.3970506,0,-2,40
1761621207.4340508,4,-7,34
1761621207.472051,-2,-5,25
1761621207.508051,-2,-5,34
1761621207.5450506,-3,-3,33
1761621207.5830507,2,0,26
1761621207.6190507,1,1,27
1761621207.6560507,-1,5,35
1761621207.6930506,3,8,18
1761621207.7290506,2,4,29
1761621207.7660508,6,-3,28
1761621207.8030508,7,1,35
1761621207.8390508,6,3,41
1761621207.8770506,-4,12,41
1761621207.9140508,-1,8,35
1761621207.9520507,0,7,47
1761621207.9880507,4,2,33
1761621208.0250506,1,2,31
1761621208.0630507,-4,1,34
1761621208.0990508,2,-1,38
1761621208.1370506,-6,-1,39
1761621208.1750507,-11,-3,33
1761621208.2130508,-3,-2,34
1761621208.2520506,3,-3,33
1761621208.288051,-4,-6,36
1761621208.3250508,-2,0,36
1761621208.3630507,-4,0,38
1761621208.4000506,3,0,36
1761621208.4370508,-3,-4,37
1761621208.4750507,0,2,35
1761621208.5140507,0,-3,40
1761621208.5520508,3,-3,28
1761621208.5880508,8,0,36
1761621208.6250508,3,2,23
1761621208.663051,1,-1,32
1761621208.699051,6,4,36
1761621208.7370508,6,3,37
1761621208.7740507,4,0,42
1761621208.8120508,-3,0,38
1761621208.8480508,-6,-6,35
1761621208.8850508,0,-4,33
1761621208.9230506,-4,-3,27
1761621208.959051,0,-1,31
1761621208.9960508,-3,2,53
1761621209.0340507,-7,9,42
1761621209.0720508,-6,1,37
1761621209.1080508,0,3,35
1761621209.1460507,5,2,23
1761621209.1840508,-4,5,30
1761621209.222051,-2,2,36
1761621209.258051,1,2,40
1761621209.2960508,2,-1,33
1761621209.334051,1,-1,32
1761621209.3720508,4,-9,36
1761621209.4080508,5,-2,43
1761621209.4460506,-5,-3,36
1761621209.4840508,-2,0,35
1761621209.5200508,0,1,32
1761621209.5570507,5,-3,35
1761621209.5940506,0,-4,24
1761621209.630051,0,0,27
1761621209.6670508,1,7,23
1761621209.7040508,5,1,29
1761621209.7400508,2,-8,29
1761621209.7770507,5,-4,26
1761621209.8150508,-6,4,30
1761621209.8530507,-5,-2,29
1761621209.8890507,-3,0,34
1761621209.926051,-3,-4,27
1761621209.9640508,1,-10,23
1761621210.0030508,9,-6,40
1761621210.0390508,0,0,40
1761621210.0760508,-4,3,33
1761621210.1140506,-3,-4,25
1761621210.1500506,-3,1,20
1761621210.1870508,2,-5,30
1761621210.2240508,0,-6,35
1761621210.2600508,0,-4,45
1761621210.2970507,-7,-4,28
1761621210.3360507,-1,-1,16
1761621210.3740506,-1,-3,28
1761621210.4100506,9,-3,28
1761621210.4470508,1,2,28
1761621210.485051,3,5,35
1761621210.5230508,0,1,28
1761621210.5590508,0,-4,34
1761621210.597051,4,-10,33
1761621210.6350508,0,-4,28
1761621210.6730506,2,2,27
1761621210.709051,5,-1,30
1761621210.7470508,0,-11,22
1761621210.7850506,6,-2,21
1761621210.8230507,-5,0,24
1761621210.8590508,0,0,33
1761621210.8970506,-1,0,38
1761621210.936051,0,-6,42
1761621210.9740508,-6,0,35
1761621211.0100508,-6,0,38
1761621211.0470507,-2,-6,37
1761621211.0850508,-1,-6,32
1761621211.1240506,8,-4,34
1761621211.1600506,2,-2,40
1761621211.1970508,-1,0,38
1761621211.235051,3,-7,42
1761621211.2730508,2,-4,32
1761621211.3090508,-1,-3,39
1761621211.347051,-1,-1,39
1761621211.3850508,-5,-3,40
1761621211.4240508,-5,1,36
1761621211.4600508,-3,-3,32
1761621211.4970508,-6,-4,33
1761621211.5350506,2,-4,42
1761621211.5730507,8,-4,43
1761621211.6090508,5,-3,35
1761621211.6470506,0,-5,36
1761621211.6850507,3,5,32
1761621211.7210507,3,1,30
1761621211.758051,0,4,37
1761621211.7950506,0,-2,37
1761621211.834051,-6,1,35
1761621211.870051,-5,5,39
1761621211.9070508,-5,-2,24
1761621211.9450507,-4,-8,38
1761621211.9840508,-2,-3,33
1761621212.0200508,5,1,36
1761621212.0570507,1,0,37
1761621212.0950508,0,-8,35
1761621212.1310508,-3,-13,31
1761621212.1680508,0,-5,19
1761621212.2070508,2,-4,31
1761621212.245051,-4,-6,32
1761621212.2810507,-3,-1,38
1761621212.3200507,-5,0,35
1761621212.357051,-3,0,29
1761621212.3950508,1,-7,30
1761621212.4310508,-3,-12,32
1761621212.4690506,0,-4,26
1761621212.5070508,0,-1,36
1761621212.5450506,0,-2,37
1761621212.584051,2,-9,40
1761621212.620051,0,-6,35
1761621212.6570508,0,-11,47
1761621212.6950507,-1,-3,41
1761621212.7310507,6,2,31
1761621212.7690508,-2,-5,22
1761621212.8060508,-1,3,22
1761621212.8450508,-1,-2,23
1761621212.8810508,-1,0,42
1761621212.9180508,6,-1,26
1761621212.9560506,-5,0,34
1761621212.995051,-2,3,29
1761621213.0310507,-3,2,40
1761621213.0700507,4,0,35
1761621213.107051,2,-5,31
1761621213.1450508,-5,-2,30
1761621213.1820507,1,-3,41
1761621213.2190506,7,-1,46
1761621213.2570508,2,-5,37
1761621213.2950506,2,-5,36
1761621213.3310506,-1,-2,31
1761621213.3690507,4,-3,35
1761621213.4070508,6,-11,21
1761621213.4450507,-1,0,33
1761621213.4810507,0,-2,35
1761621213.518051,3,-2,31
1761621213.5560508,0,-4,36
1761621213.5950508,0,0,27
1761621213.6310508,4,-3,34
1761621213.6690507,-1,0,49
1761621213.7060506,7,-4,34
1761621213.7420506,7,-6,30
1761621213.7790508,6,-1,41
1761621213.8170507,-3,-4,39
1761621213.8560507,-2,-4,46
1761621213.8920507,-2,0,39
1761621213.9290507,4,-4,31
1761621213.9670508,5,-6,31
1761621214.005051,3,-6,38
1761621214.0490508,3,2,31
1761621214.087051,2,-1,32
1761621214.1260507,-2,0,39
1761621214.163051,-5,-2,41
1761621214.2000508,2,-3,35
1761621214.2370508,-4,0,41
1761621214.2760508,-4,-5,39
1761621214.3120508,-5,-1,32
1761621214.3500507,-3,1,37
1761621214.3880508,-3,1,29
1761621214.426051,3,2,30
1761621214.4630508,2,1,30
1761621214.5000508,-4,-2,34
1761621214.538051,-1,-6,41
1761621214.5760508,-5,-3,29
1761621214.6150508,-1,0,33
1761621214.6510508,-6,3,32
1761621214.689051,-3,2,28
1761621214.7270508,-4,-6,31
1761621214.7650506,-3,-3,30
1761621214.801051,-2,-3,34
1761621214.8380508,0,1,39
1761621214.8760507,2,2,24
1761621214.9120507,1,-2,35
1761621214.949051,0,-4,45
1761621214.9870508,7,-6,42
1761621215.0250506,1,0,37
1761621215.0620508,-1,-5,35
1761621215.0990508,-2,-5,34
1761621215.1370506,-2,-6,26
1761621215.176051,5,-1,33
1761621215.212051,4,-2,38
1761621215.2490506,-3,-9,41
1761621215.2870507,-3,-6,32
1761621215.3260508,-1,0,39
1761621215.3620508,0,5,31
1761621215.3990507,1,11,35
1761621215.4370508,2,5,36
1761621215.4750507,1,-3,36
1761621215.5110507,-5,-4,38
1761621215.5490508,-4,-6,35
1761621215.5880508,7,-8,39
1761621215.6260507,3,-2,43
1761621215.6620507,0,-2,35
1761621215.699051,3,0,39
1761621215.7370508,-4,0,35
1761621215.7750506,4,0,31
1761621215.811051,-2,0,31
1761621215.8490508,-7,-3,38
1761621215.8870506,0,0,29
1761621215.9250507,-2,0,37
1761621215.9610507,-1,-1,32
1761621215.9990506,0,-2,34
1761621216.0370507,5,-4,42
1761621216.0730507,1,-7,44
1761621216.1110508,-5,0,33
1761621216.1490507,-3,3,40
1761621216.1870508,-4,5,31
1761621216.2260506,1,1,21
1761621216.2620506,0,0,26
1761621216.2990508,-2,0,29
1761621216.337051,4,-7,33
1761621216.3730507,1,-4,34
1761621216.4100506,-2,1,45
1761621216.4470508,-1,2,40
1761621216.4830508,-2,0,40
1761621216.5200508,-4,-6,34
1761621216.5580506,-6,-2,26
1761621216.597051,0,-6,20
1761621216.633051,-1,-13,25
1761621216.6700506,0,-6,35
1761621216.7080507,0,-5,34
1761621216.7460508,1,-8,43
1761621216.7820508,2,-7,48
1761621216.8190508,5,-3,43
1761621216.8580508,3,0,34
1761621216.8960507,2,-2,35
1761621216.9320507,0,0,34
1761621216.9690506,-10,-1,26
1761621217.008051,-6,-8,21
1761621217.0460508,-5,1,32
1761621217.0820508,1,-3,38
1761621217.1190507,-1,-2,46
1761621217.1580508,-3,3,51
1761621217.1960506,-3,0,48
1761621217.232051,-6,1,37
1761621217.2690508,-8,0,45
1761621217.3070507,-5,3,48
1761621217.3430507,-4,1,52
1761621217.3810508,-6,-8,42
1761621217.4180508,-1,-10,47
1761621217.4570508,0,0,36
1761621217.4930508,-2,-5,28
1761621217.5310507,-1,-5,39
1761621217.5680506,-2,-2,31
1761621217.607051,0,-2,35
1761621217.643051,4,-2,35
1761621217.6810508,8,-3,29
1761621217.7180507,-1,-1,34
1761621217.7570508,-4,-1,41
1761621217.7930508,2,-5,40
1761621217.8310506,-3,-1,33
1761621217.8680508,-2,1,29
1761621217.9060507,-1,3,31
1761621217.9420507,2,-3,43
1761621217.9790506,-1,-4,44
1761621218.018051,-4,-2,50
1761621218.0560508,-1,0,41
1761621218.0920508,-2,-4,38
1761621218.1290507,-1,2,43
1761621218.1670508,0,8,38
1761621218.2030506,3,2,39
1761621218.2400508,-2,4,36
1761621218.278051,7,0,34
1761621218.314051,8,0,27
1761621218.3510506,5,0,33
1761621218.3890507,0,-2,31
1761621218.4270508,0,-7,34
1761621218.4630508,0,-3,19
1761621218.5000508,4,-3,31
1761621218.538051,-1,-5,33
1761621218.574051,6,0,39
1761621218.6110508,-1,3,29
1761621218.6480508,1,5,33
1761621218.6840508,-4,2,29
1761621218.7210507,-2,11,23
1761621218.758051,0,0,38
1761621218.7940507,-3,-3,38
1761621218.8320508,3,-1,34
1761621218.8690507,1,1,34
1761621218.9070508,2,2,28
1761621218.9430506,-5,7,36
1761621218.9800508,-2,6,36
1761621219.018051,3,1,48
1761621219.0540507,6,-6,36
1761621219.0910506,-5,-6,34
1761621219.1290507,-5,-8,41
1761621219.1680508,-4,-1,39
1761621219.2040508,3,1,42
1761621219.2410507,-3,7,42
1761621219.2790508,-1,0,35
1761621219.3170507,4,0,36
1761621219.3530507,0,-3,39
1761621219.3900506,0,0,37
1761621219.4280508,-2,3,40
1761621219.4640508,-4,5,50
1761621219.5020506,-5,2,36
1761621219.5390508,4,0,15
1761621219.5770507,1,-3,27
1761621219.6130507,1,-3,23
1761621219.6500506,1,0,38
1761621219.6880507,3,-1,38
1761621219.7240508,1,-2,35
1761621219.7610507,4,-3,41
1761621219.7990508,0,7,38
1761621219.837051,5,2,34
1761621219.8730507,-5,0,31
1761621219.9100506,4,1,37
1761621219.9480507,8,0,50
1761621219.9840508,3,4,46
1761621220.0210507,8,-1,31
1761621220.0590508,-6,-2,31
1761621220.097051,1,-4,36
1761621220.133051,2,0,47
1761621220.1710508,1,8,41
1761621220.209051,-2,3,36
1761621220.2470508,4,-2,32
1761621220.2830508,6,0,35
1761621220.3210506,4,0,37
1761621220.3590508,0,6,47
1761621220.3950508,1,2,41
1761621220.4320507,1,4,43
1761621220.4690506,-1,0,35
1761621220.505051,2,-1,29
1761621220.5430508,4,-10,27
1761621220.5800507,10,-2,29
1761621220.6180508,7,0,37
1761621220.6540508,4,-1,27
1761621220.6910508,3,-1,34
1761621220.7290506,-1,3,26
1761621220.7650506,2,2,33
1761621220.8020508,0,0,41
1761621220.8390508,-2,-9,24
1761621220.8780508,3,-4,26
1761621220.9140508,7,-3,32
1761621220.9520507,-4,2,35
1761621220.9890506,0,4,24
1761621221.0250506,6,0,27
1761621221.0620508,0,0,31
1761621221.1000507,-3,-1,41
1761621221.1390507,-2,0,38
1761621221.1750507,-3,2,35
1761621221.212051,4,3,37
1761621221.2500508,-3,-4,32
1761621221.2890508,-7,7,27
1761621221.3250508,-3,6,32
1761621221.3620508,-4,-1,24
1761621221.4000506,-5,0,16
1761621221.4380507,-4,-1,19
1761621221.4740508,-5,1,32
1761621221.5110507,-2,-1,38
1761621221.5500507,-2,-4,24
1761621221.5880508,3,-2,40
1761621221.6240506,0,-7,50
1761621221.6610508,-3,-5,36
1761621221.7000508,-3,0,45
1761621221.7380507,0,1,40
1761621221.7740507,4,-2,38
1761621221.811051,6,3,40
1761621221.8490508,9,1,22
1761621221.8850508,2,-4,29
1761621221.9220507,-1,0,30
1761621221.9600508,-4,5,38
1761621221.9980507,-5,1,38
1761621222.0340507,-12,8,33
1761621222.0710506,-2,0,31
1761621222.1090508,0,-4,36
1761621222.1450508,0,0,45
1761621222.1820507,0,1,30
1761621222.2200508,5,-3,31
1761621222.258051,0,-1,16
1761621222.2940507,-5,2,24
1761621222.3310506,-3,-3,22
1761621222.370051,-1,-6,34
1761621222.4080508,-8,-7,36
1761621222.4440508,-5,1,40
1761621222.4810507,4,2,28
1761621222.5190508,1,1,34
1761621222.5550506,-1,0,27
1761621222.5920508,6,1,41
1761621222.630051,0,-2,40
1761621222.666051,-9,0,43
1761621222.7030506,1,1,37
1761621222.7410507,0,-1,32
1761621222.7800508,-2,-4,40
1761621222.8160508,-1,-2,40
1761621222.8550508,-5,-3,46
1761621222.8920507,-5,-1,40
1761621222.9300506,6,-4,41
1761621222.9690506,-1,-2,40
1761621223.005051,0,0,37
1761621223.0420508,4,5,42
1761621223.0800507,0,5,35
1761621223.1160507,0,4,36
1761621223.1540508,-1,-6,42
1761621223.1910508,-4,1,33
1761621223.2300508,-4,1,40
1761621223.2660508,-4,3,44
1761621223.3040507,-10,2,31
1761621223.3420508,0,-1,35
1761621223.380051,-7,0,38
1761621223.416051,0,-4,32
1761621223.4550507,2,-2,23
1761621223.4920506,6,-2,19
1761621223.5300508,5,-8,39
1761621223.5660508,7,-5,38
1761621223.6040506,8,-6,51
1761621223.6420507,0,-3,41
1761621223.6800506,-4,-3,38
1761621223.7160506,-9,-1,33
1761621223.7540507,-1,3,35
1761621223.7920508,0,3,41
1761621223.8300507,3,-8,39
1761621223.8660507,5,3,39
1761621223.903051,0,3,42
1761621223.9410508,1,3,40
1761621223.9790506,5,-1,32
1761621224.0150506,-5,0,41
1761621224.061051,2,2,31
1761621224.0990508,8,0,39
1761621224.1350508,-2,-4,42
1761621224.1720507,-5,0,31
1761621224.2100508,-12,2,28
1761621224.2460508,-8,0,18
1761621224.2840507,-2,1,32
1761621224.3220508,2,0,33
1761621224.360051,-3,3,38
1761621224.3960507,2,-1,25
1761621224.4340508,-3,-6,33
1761621224.472051,-9,0,41
1761621224.5100508,-4,-8,42
1761621224.5470507,-1,-5,42
1761621224.584051,-6,-3,46
1761621224.6220508,-2,-2,39
1761621224.6610508,5,2,38
1761621224.6970508,-1,1,36
1761621224.7340508,8,-2,31
1761621224.7710507,6,-4,41
1761621224.8100507,8,-5,38
1761621224.8460507,10,-5,37
1761621224.8840508,7,-2,27
1761621224.9210508,-1,-1,33
1761621224.9600508,1,-1,44
1761621224.9970508,0,2,37
1761621225.0340507,0,-5,39
1761621225.0710506,2,1,28
1761621225.107051,0,-2,27
1761621225.1440508,3,-1,37
1761621225.1820507,-4,-4,42
1761621225.2210507,2,-6,35
1761621225.2570508,3,-10,41
1761621225.2940507,2,-5,51
1761621225.3320508,-4,-5,36
1761621225.3710508,-8,-10,37
1761621225.4070508,-8,-6,35
1761621225.4450507,6,-1,35
1761621225.482051,0,-2,27
1761621225.5200508,-1,-3,30
1761621225.5560508,0,-4,40
1761621225.5940506,1,-2,37
1761621225.6320508,0,-5,31
1761621225.6710508,0,-5,22
1761621225.7070508,-1,-4,26
1761621225.7440507,3,0,27
1761621225.7820508,0,-3,23
1761621225.8200507,2,-3,30
1761621225.8560507,-6,-5,45
1761621225.893051,-1,-2,33
1761621225.9320507,0,-1,39
1761621225.9700508,4,0,34
1761621226.0060508,-2,6,34
1761621226.0430508,1,-3,37
1761621226.0810506,-4,0,44
1761621226.1170506,-2,3,43
1761621226.1540508,-2,7,46
1761621226.1920507,-4,3,34
1761621226.2300508,0,1,28
1761621226.2660508,4,-2,38
1761621226.3030508,7,2,36
1761621226.3420508,4,1,42
1761621226.380051,-3,1,42
1761621226.416051,-1,0,29
1761621226.4540508,-7,-5,24
1761621226.4920506,-4,-6,38
1761621226.5300508,4,-4,31
1761621226.5660508,-7,-3,34
1761621226.6030507,5,-1,34
1761621226.6420507,5,0,32
1761621226.6800506,-10,-2,27
1761621226.7160506,-1,-3,26
1761621226.7530508,3,0,30
1761621226.7920508,1,-3,35
1761621226.8280506,-1,-4,28
1761621226.8660507,2,0,36
1761621226.9040508,-1,0,38
1761621226.9420507,0,-1,38
1761621226.9780507,-3,0,34
1761621227.0160508,1,0,35
1761621227.0530508,4,-5,27
1761621227.0920508,-4,-5,34
1761621227.1280508,0,-1,32
1761621227.166051,1,-3,36
1761621227.2030506,-5,0,21
1761621227.2410507,0,-2,25
1761621227.2770507,-4,2,31
1761621227.314051,2,-1,22
1761621227.3520508,3,5,41
1761621227.3880508,0,0,40
1761621227.4250507,0,-3,44
1761621227.462051,7,0,37
1761621227.4980507,-2,0,24
1761621227.5350506,-6,4,35
1761621227.5720508,2,2,36
1761621227.6080508,6,-1,36
1761621227.6450508,7,4,17
1761621227.6820507,7,-1,18
1761621227.7210507,-1,1,29
1761621227.7570508,-2,1,26
1761621227.7940507,-3,4,35
1761621227.8320508,-8,1,37
1761621227.8680508,-2,-4,45
1761621227.9050508,-4,-3,37
1761621227.9430506,-1,-10,41
1761621227.982051,4,0,35
1761621228.018051,2,0,23
1761621228.0550506,1,-9,35
1761621228.0930507,-1,-4,26
1761621228.1310508,-1,-5,38
1761621228.1670508,-1,-2,40
1761621228.2050507,-3,-4,35
1761621228.2430508,3,-4,48
1761621228.2820508,6,1,38
1761621228.3180506,2,-2,48
1761621228.3550508,1,0,39
1761621228.393051,0,-3,35
1761621228.4310508,8,0,35
1761621228.4670508,0,1,30
1761621228.5040507,0,2,28
1761621228.5420508,0,-9,33
1761621228.5780506,4,-10,43
1761621228.6160507,-1,-4,41
1761621228.6540508,9,1,38
1761621228.6920507,0,-2,37
1761621228.7280507,-5,-2,42
1761621228.7660508,0,-8,37
1761621228.8030508,-4,-8,30
1761621228.8420508,-5,0,36
1761621228.8780508,-12,-1,38
1761621228.916051,-4,-4,52
1761621228.9540508,-4,-2,38
1761621228.9930508,-3,0,28
1761621229.0290508,0,-4,36
1761621229.0660508,2,-6,29
1761621229.1030507,1,-3,40
1761621229.1390507,2,-6,48
1761621229.176051,4,4,39
1761621229.2140508,2,0,36
1761621229.2520506,1,-2,43
1761621229.288051,8,-6,43
1761621229.3250508,5,6,44
1761621229.3630507,-3,8,45
1761621229.3990507,-2,7,54
1761621229.436051,1,8,45
1761621229.4730508,-2,1,38
1761621229.5090508,0,-2,30
1761621229.5470507,-5,-2,36
1761621229.5860507,0,-1,33
1761621229.6230507,-2,2,40
1761621229.6590507,-4,0,29
1761621229.6970508,5,0,43
1761621229.7340508,5,7,29
1761621229.7720506,0,2,35
1761621229.8080506,-5,-7,41
1761621229.8460507,-9,-1,49
1761621229.8840508,-1,-4,35
1761621229.9230506,6,-5,42
1761621229.959051,0,-6,34
1761621229.9970508,-4,-4,35
1761621230.0360508,-2,-5,25
1761621230.074051,-5,-9,37
1761621230.1120508,0,0,28
1761621230.1480508,0,-1,32
1761621230.186051,-1,2,35
1761621230.2240508,5,4,32
1761621230.2620506,5,-2,36
1761621230.2980506,0,0,37
1761621230.3360507,7,2,35
1761621230.3740506,2,-3,39
1761621230.4120507,-4,6,32
1761621230.4480507,-2,-2,34
1761621230.4860508,5,1,35
1761621230.5240507,2,-2,39
1761621230.5620508,-1,-4,27
1761621230.5980508,-2,0,32
1761621230.6350508,-2,-6,46
1761621230.6740508,-2,-3,44
1761621230.712051,0,-5,39
1761621230.7480507,2,-5,45
1761621230.7850506,5,1,36
1761621230.8230507,1,1,33
1761621230.8590508,-2,0,39
1761621230.8960507,-5,0,41
1761621230.9340508,0,-4,40
1761621230.972051,-3,-3,40
1761621231.008051,-10,-2,42
1761621231.0460508,-8,2,32
1761621231.084051,-2,-4,45
1761621231.1230507,3,-4,40
1761621231.1590507,1,-4,35
1761621231.1960506,0,6,33
1761621231.2340508,-3,0,39
1761621231.2700508,-2,-2,43
1761621231.3080506,-1,-4,36
1761621231.3460507,-7,-4,32
1761621231.3840508,-2,-7,37
1761621231.4230506,4,0,36
1761621231.459051,5,0,44
1761621231.4960508,2,1,32
1761621231.5340507,4,5,23
1761621231.5700507,1,-1,32
1761621231.607051,-7,2,28
1761621231.6440508,3,-5,28
1761621231.6830506,0,-4,43
1761621231.7190506,0,1,42
1761621231.7560508,-1,1,44
1761621231.7940507,-4,-5,40
1761621231.8300507,0,-5,40
1761621231.8670506,1,-1,48
1761621231.9050508,4,-6,36
1761621231.9430506,1,-4,29
1761621231.9790506,-6,-8,35
1761621232.0170507,-8,-4,33
1761621232.0550506,-5,-5,38
1761621232.0940506,2,-5,35
1761621232.130051,2,-5,46
1761621232.1680508,-2,-3,46
1761621232.2050507,-9,-6,40
1761621232.2440507,2,-4,37
1761621232.2800508,-1,-6,36
1761621232.3170507,1,-1,36
1761621232.3550508,-3,0,40
1761621232.393051,-2,5,44
1761621232.4290507,-7,4,47
1761621232.4660506,-3,10,28
1761621232.5040507,0,2,40
1761621232.5400507,0,5,34
1761621232.5780506,1,4,25
1761621232.6160507,-3,-3,17
1761621232.6550508,3,-4,33
1761621232.6930506,5,-2,41
1761621232.7290506,-2,0,30
1761621232.7660508,1,-3,48
1761621232.8040507,3,-1,37
1761621232.8400507,0,-5,40
1761621232.8770506,0,3,37
1761621232.9150507,-2,-2,31
1761621232.9530506,-8,1,38
1761621232.9890506,-1,-1,39
1761621233.0270507,0,-6,50
1761621233.0650508,-6,-3,41
1761621233.1030507,5,-6,43
1761621233.1390507,5,0,28
1761621233.176051,4,-1,41
1761621233.2140508,1,8,40
1761621233.2500508,1,-1,33
1761621233.2870507,0,-2,36
1761621233.3250508,-4,1,38
1761621233.3640506,-10,-5,33
1761621233.4000506,-6,0,28
1761621233.4380507,0,4,35
1761621233.4750507,5,-7,44
1761621233.5140507,2,-8,27
1761621233.5500507,0,0,35
1761621233.587051,2,-3,43
1761621233.6250508,-6,6,36
1761621233.6640508,-9,1,45
1761621233.7000508,-5,2,31
1761621233.7370508,1,1,38
1761621233.7750506,5,-5,29
1761621233.811051,2,0,23
1761621233.8480508,-3,-4,28
1761621233.8860507,3,-1,30
1761621233.9250507,-2,4,31
1761621233.9610507,-2,2,32
1761621234.0000508,-5,3,40
1761621234.0370507,0,3,48
1761621234.0810506,-2,0,44
1761621234.120051,4,0,32
1761621234.1570508,6,0,40
1761621234.1950507,3,-2,39
1761621234.2310507,1,0,26
1761621234.2690508,-2,-1,27
1761621234.3070507,-7,4,44
1761621234.3460507,-2,0,37
1761621234.3840508,-4,6,42
1761621234.4200506,0,5,36
1761621234.4570508,8,6,31
1761621234.495051,4,1,36
1761621234.5310507,2,0,27
1761621234.5680506,-2,6,32
1761621234.6060507,-7,4,23
1761621234.6440508,-4,2,19
1761621234.6800506,-4,0,34
1761621234.7170508,0,-2,30
1761621234.755051,-1,1,36
1761621234.791051,-2,0,42
1761621234.8290508,-2,0,29
1761621234.8660507,-9,0,37
1761621234.9040508,-5,-4,41
1761621234.9400508,-8,-2,49
1761621234.9770508,-11,-5,45
1761621235.0160508,-1,-7,42
1761621235.0540507,-2,3,39
1761621235.0900507,1,2,39
1761621235.1270506,6,-2,34
1761621235.166051,1,0,38
1761621235.2040508,2,0,31
1761621235.2400508,7,-1,37
1761621235.2770507,5,-4,44
1761621235.3150508,5,0,43
1761621235.3510506,2,3,37
1761621235.3880508,1,0,34
1761621235.426051,4,0,36
1761621235.4640508,0,-3,25
1761621235.5000508,-3,0,39
1761621235.5370507,-3,-3,45
1761621235.5760508,-5,-2,33
1761621235.6120508,0,-9,36
1761621235.6500506,-3,-7,35
1761621235.6880507,-3,-10,33
1761621235.7260506,2,-10,35
1761621235.7620506,-9,-13,26
1761621235.7990508,0,-5,21
1761621235.8360507,5,-3,31
1761621235.8720508,3,-5,29
1761621235.9100506,9,-5,44
1761621235.9470508,1,-10,27
1761621235.9860508,-4,-2,34
1761621236.0220506,2,-1,39
1761621236.0600507,-3,-2,34
1761621236.0980508,2,-1,35
1761621236.1360507,-5,-3,33
1761621236.1750507,-12,-1,18
1761621236.2110507,-3,-1,22
1761621236.2490506,0,-2,29
1761621236.2860508,0,0,39
1761621236.3220508,-2,-6,33
1761621236.360051,6,-3,43
1761621236.3970506,7,0,24
1761621236.4350507,4,-1,27
1761621236.4710507,1,0,28
1761621236.508051,-5,-10,35
1761621236.5470507,-2,-10,27
1761621236.5850508,-2,-2,21
1761621236.6210508,-4,-6,24
1761621236.6580508,-1,-4,43
1761621236.6970508,-1,-2,33
1761621236.735051,0,-3,33
1761621236.7710507,4,-4,33
1761621236.8080506,1,0,37
1761621236.8460507,-5,-8,32
1761621236.8820508,-3,-3,38
1761621236.9190507,2,0,23
1761621236.9570508,2,-1,37
1761621236.995051,-1,0,41
1761621237.0310507,-3,0,43
1761621237.0680506,-1,-4,27
1761621237.107051,3,1,29
1761621237.1450508,4,-1,28
1761621237.1810508,0,-3,37
1761621237.2180507,0,3,40
1761621237.2560508,-3,0,31
1761621237.2930508,-2,-1,34
1761621237.3300507,-1,-2,33
1761621237.3680508,-9,-5,40
1761621237.4070508,1,-9,39
1761621237.4450507,4,-5,37
1761621237.4810507,6,-3,34
1761621237.518051,7,0,29
1761621237.5560508,3,-2,41
1761621237.5920508,7,-5,30
1761621237.630051,0,-7,38
1761621237.6680508,8,1,44
1761621237.7060506,3,2,37
1761621237.7420506,0,5,40
1761621237.7790508,6,-3,33
1761621237.8170507,3,-5,44
1761621237.8530507,1,-1,49
1761621237.8900506,0,3,56
1761621237.9270508,-6,-9,51
1761621237.9660506,-1,0,45
1761621238.0020506,6,-2,37
1761621238.0400507,-3,-5,46
1761621238.0770507,-2,-8,43
1761621238.1160507,3,0,27
1761621238.1520507,-1,0,34
1761621238.189051,-7,-4,41
1761621238.2270508,-1,-1,26
1761621238.2660508,-2,-1,35
1761621238.3020508,3,0,28
1761621238.3390508,-1,0,29
1761621238.3770506,5,-6,41
1761621238.416051,-3,-4,42
1761621238.4520507,0,0,44
1761621238.4890506,-2,-6,38
1761621238.5270507,4,-3,24
1761621238.5630507,-8,-4,30
1761621238.6000507,2,1,30
1761621238.6380508,-5,-5,32
1761621238.676051,-7,1,35
1761621238.712051,-2,2,35
1761621238.7490506,-3,6,40
1761621238.7870507,-2,11,38
1761621238.8230507,-6,6,40
1761621238.860051,-2,-3,39
1761621238.8980508,-5,-4,47
1761621238.9370508,-8,-3,42
1761621238.9730508,-10,3,36
1761621239.0100508,2,-4,40
1761621239.0480506,4,-6,41
1761621239.0860507,3,0,39
1761621239.1220508,3,2,30
1761621239.1600506,0,2,25
1761621239.1980507,1,6,33
1761621239.2360508,-3,2,36
1761621239.2720506,-2,-1,38
1761621239.3100507,1,3,31
1761621239.3480508,2,1,40
1761621239.3860507,0,3,39
1761621239.4230506,-2,5,38
1761621239.4600508,0,3,41
1761621239.4980507,-6,3,42
1761621239.5360508,-3,1,36
1761621239.5720508,5,6,37
1761621239.6090508,6,1,26
1761621239.6470506,2,-1,32
1761621239.6830506,0,-1,40
1761621239.7200508,0,2,37
1761621239.758051,4,-6,40
1761621239.7940507,0,-5,39
1761621239.8320508,0,-11,38
1761621239.8690507,0,-3,47
1761621239.9070508,3,-4,51
1761621239.9430506,8,0,50
1761621239.9800508,3,-2,34
1761621240.018051,5,-5,42
1761621240.0540507,4,-2,38
1761621240.0910506,4,1,35
1761621240.1280508,2,5,31
1761621240.1640508,3,1,25
1761621240.2010508,1,3,22
1761621240.2390506,5,-1,20
1761621240.2770507,1,-8,26
1761621240.3130507,0,-8,29
1761621240.3500507,4,-3,25
1761621240.3880508,10,-7,30
1761621240.4270508,0,-7,32
1761621240.4630508,0,-4,36
1761621240.5000508,4,-5,37
1761621240.538051,0,0,37
1761621240.574051,3,2,33
1761621240.6110508,1,-3,37
1761621240.6490507,-7,-2,38
1761621240.6880507,-6,-4,37
1761621240.7240508,-5,-9,40
1761621240.7630508,0,-2,46
1761621240.8000507,10,-1,42
1761621240.8380508,0,0,41
1761621240.8740506,4,-4,37
1761621240.9120507,3,-5,41
1761621240.9500508,1,1,29
1761621240.9880507,4,-2,36
1761621241.0240507,9,-2,44
1761621241.061051,2,3,47
1761621241.0990508,0,2,43
1761621241.1370506,-1,0,34
1761621241.1730506,-3,1,29
1761621241.2100508,0,0,23
1761621241.2480507,-9,-1,33
1761621241.2840507,-7,-2,30
1761621241.3220508,-4,-1,37
1761621241.3590508,-7,-2,39
1761621241.3980508,-8,-3,33
1761621241.4340508,-4,-3,42
1761621241.472051,3,-7,35
1761621241.5090508,7,-4,33
1761621241.5470507,2,-1,27
1761621241.5830507,-6,0,32
1761621241.6210508,-1,2,47
1761621241.6590507,-5,-6,38
1761621241.6980507,-2,-9,42
1761621241.7340508,2,-7,37
1761621241.7710507,-3,0,37
1761621241.8090508,0,1,32
1761621241.847051,-7,0,29
1761621241.883051,-9,-1,32
1761621241.9200506,-7,-2,35
1761621241.959051,-4,-2,40
1761621241.9970508,-4,-7,41
1761621242.0330508,0,-7,37
1761621242.0700507,-7,-3,32
1761621242.1090508,1,0,37
1761621242.1450508,-4,4,42
1761621242.1830506,-3,-1,40
1761621242.2210507,-1,-4,39
1761621242.2590508,-2,-3,36
1761621242.2980506,-1,2,30
1761621242.334051,0,-2,29
1761621242.3710508,0,2,22
1761621242.4090507,4,-1,27
1761621242.4450507,8,1,28
1761621242.4830508,0,-3,37
1761621242.5200508,-2,-4,33
1761621242.5590508,-3,-4,37
1761621242.5950508,0,1,32
1761621242.6320508,-6,-6,41
1761621242.6710508,-4,-3,23
1761621242.709051,-3,3,27
1761621242.745051,3,0,32
1761621242.7820508,-9,2,38
1761621242.8210506,3,3,37
1761621242.8590508,-6,0,29
1761621242.8950508,4,-5,36
1761621242.9320507,3,-3,32
1761621242.9700508,-2,6,42
1761621243.008051,-3,-4,44
1761621243.0440507,-5,-2,37
1761621243.0820508,-7,-9,46
1761621243.1210508,-11,-9,39
1761621243.1590507,0,-3,38
1761621243.1950507,0,-7,36
1761621243.232051,-1,-1,31
1761621243.2700508,-4,-4,33
1761621243.3090508,4,0,33
1761621243.3450508,4,-3,31
1761621243.3820508,0,-8,34
1761621243.4200506,2,-4,36
1761621243.4580507,-6,0,37
1761621243.4940507,-2,2,40
1761621243.5310507,-2,-2,40
1761621243.5700507,1,0,30
1761621243.6080508,-4,-2,36
1761621243.6450508,2,3,39
1761621243.6820507,0,-3,33
1761621243.7200508,0,-4,34
1761621243.758051,1,1,35
1761621243.7940507,-1,2,24
1761621243.8320508,1,-7,22
1761621243.870051,4,-4,25
1761621243.9080508,-6,-2,24
1761621243.9440508,-7,-5,36
1761621243.9810507,-10,-1,33
1761621244.0200508,-8,-6,46
1761621244.0580506,-18,-4,34
1761621244.1020508,-10,4,34
1761621244.1400506,-4,-2,23
1761621244.1790507,0,3,17
1761621244.2150507,6,3,28
1761621244.2520506,3,2,42
1761621244.2900507,-1,3,29
1761621244.3260508,-6,-8,35
1761621244.3630507,1,0,38
1761621244.4000506,-3,0,30
1761621244.436051,-6,2,36
1761621244.4730508,2,0,33
1761621244.5110507,-5,0,21
1761621244.5490508,-1,-2,36
1761621244.5850508,0,0,41
1761621244.6220508,-2,-2,35
1761621244.6610508,-1,-1,34
1761621244.699051,0,-4,39
1761621244.735051,3,4,36
1761621244.7720506,1,-4,35
1761621244.8100507,0,-3,35
1761621244.8460507,11,-6,43
1761621244.883051,7,-5,21
1761621244.9200506,3,1,19
1761621244.9560506,3,0,25
1761621244.9930508,-6,5,33
1761621245.0310507,-4,0,40
1761621245.0690508,-1,0,32
1761621245.1050508,1,3,34
1761621245.1420507,0,-1,33
1761621245.1810508,-3,2,34
1761621245.2190506,1,-3,47
1761621245.255051,2,2,38
1761621245.2920508,-7,-2,33
1761621245.3310506,0,-2,36
1761621245.3690507,1,-6,39
1761621245.4050508,0,0,34
1761621245.4420507,-3,-2,30
1761621245.4810507,-2,0,34
1761621245.5190508,-1,0,36
1761621245.5550506,0,-4,42
1761621245.5920508,-3,-5,32
1761621245.6310508,-2,-3,30
1761621245.6690507,-9,1,20
1761621245.7050507,3,2,36
1761621245.7420506,3,2,41
1761621245.7800508,0,0,40
1761621245.8160508,1,-10,33
1761621245.8530507,-3,-3,32
1761621245.8910508,5,-6,36
1761621245.9290507,3,-3,43
1761621245.9650507,-2,-4,54
1761621246.0020506,-6,-6,46
1761621246.041051,-2,-6,44
1761621246.0790508,-3,-11,32
1761621246.1150508,0,-10,29
1761621246.1520507,-5,-8,49
1761621246.1910508,-4,1,40
1761621246.2290506,-10,1,40
1761621246.2650506,-2,2,43
1761621246.3020508,-6,-3,36
1761621246.3410506,-5,-2,35
1761621246.3770506,0,-2,28
1761621246.4140508,-7,1,35
1761621246.4520507,2,-5,30
1761621246.4900508,2,-11,28
1761621246.5260508,1,-6,24
1761621246.5630507,1,-9,22
1761621246.6010506,0,1,26
1761621246.6380508,-2,2,28
1761621246.6750507,-9,-5,29
1761621246.7130508,-2,-3,23
1761621246.7510507,-2,-8,44
1761621246.7900507,-1,-5,25
1761621246.8260508,0,0,37
1761621246.8630507,2,-5,24
1761621246.9010508,0,-4,32
1761621246.9370508,2,0,30
1761621246.9740508,-12,-3,24
1761621247.0130508,5,-6,26
1761621247.051051,1,-8,29
1761621247.087051,-2,3,28
1761621247.1240506,0,-3,24
1761621247.1610508,0,9,25
1761621247.1970508,0,-1,31
1761621247.2340508,-4,3,38
1761621247.2720506,-1,2,36
1761621247.311051,5,-7,40
1761621247.347051,0,-2,34
1761621247.3840508,0,-4,33
1761621247.4220507,0,-2,27
1761621247.4600508,-3,0,36
1761621247.4960508,-1,4,28
1761621247.5330508,-5,1,32
1761621247.5710506,3,-10,41
1761621247.607051,1,-13,36
1761621247.6440508,-6,-7,28
1761621247.6820507,0,-7,27
1761621247.7210507,-1,-5,32
1761621247.7570508,0,0,32
1761621247.7940507,2,-2,41
1761621247.8320508,-8,-4,32
1761621247.8710508,0,0,49
1761621247.9070508,-3,0,43
1761621247.9440508,8,2,32
1761621247.982051,-1,-3,36
1761621248.0200508,-2,-2,43
1761621248.0570507,0,-2,35
1761621248.0940506,-3,2,43
1761621248.1320508,1,-2,31
1761621248.1710508,-1,0,40
1761621248.2070508,-1,1,36
1761621248.245051,10,-2,31
1761621248.2820508,3,-6,34
1761621248.3200507,2,-5,39
1761621248.3560507,6,-7,42
1761621248.3940508,13,-1,47
1761621248.4320507,7,-1,42
1761621248.4700508,0,-10,44
1761621248.5060508,1,-6,43
1761621248.5430508,-9,-1,35
1761621248.5820508,-2,5,40
1761621248.6180508,-8,10,36
1761621248.6550508,-4,4,31
1761621248.6930506,5,5,39
1761621248.7310507,3,-1,32
1761621248.7670507,3,-1,34
1761621248.8040507,-4,0,30
1761621248.8420508,-1,-1,31
1761621248.8780508,-1,-2,40
1761621248.9150507,0,-4,36
1761621248.9520507,5,-3,32
1761621248.9880507,6,0,31
1761621249.0250506,-1,3,26
1761621249.0620508,-4,4,33
1761621249.0980508,-1,-4,34
1761621249.1350508,2,-7,35
1761621249.1730506,5,-9,28
1761621249.212051,-2,-9,18
1761621249.2480507,0,1,26
1761621249.2850506,1,2,36
1761621249.3220508,3,5,37
1761621249.3580508,4,-1,36
1761621249.3950508,0,2,22
1761621249.4330506,1,-3,25
1761621249.4710507,-2,-7,27
1761621249.5070508,-3,-5,36
1761621249.5440507,-4,0,36
1761621249.5820508,-6,-6,25
1761621249.6180508,-1,-1,40
1761621249.6570508,6,-3,41
1761621249.6940508,0,4,35
1761621249.732051,-2,8,31
1761621249.768051,0,-5,23
1761621249.8060508,0,-2,22
1761621249.8440506,1,-1,25
1761621249.8820508,-4,-5,24
1761621249.9180508,-3,-7,29
1761621249.9570508,-1,-5,33
1761621249.9940507,-6,4,32
1761621250.0320508,2,-4,45
1761621250.0680506,2,-7,36
1761621250.1050508,6,-5,31
1761621250.143051,3,0,28
1761621250.1810508,3,-6,39
1761621250.2170508,5,1,33
1761621250.2540507,5,5,38
1761621250.2930508,1,0,33
1761621250.3310506,0,-5,37
1761621250.3670506,-7,-3,22
1761621250.4050508,0,-2,25
1761621250.4430506,6,-4,39
1761621250.4810507,4,0,43
1761621250.518051,9,-2,36
1761621250.5550506,-2,0,31
1761621250.5930507,0,-4,33
1761621250.6310508,-3,-11,35
1761621250.6670508,0,-8,43
1761621250.7040508,6,-9,39
1761621250.7430508,8,1,32
1761621250.7790508,0,2,42
1761621250.8160508,11,-4,40
1761621250.8530507,2,1,48
1761621250.8900506,-3,-2,34
1761621250.9270508,0,-10,30
1761621250.9650507,2,3,33
1761621251.0030508,-6,-7,34
1761621251.0390508,-10,-7,33
1761621251.0760508,-2,-7,42
1761621251.1150508,-6,0,31
1761621251.153051,-2,-2,39
1761621251.189051,0,0,34
1761621251.2260506,7,-1,33
1761621251.2630508,4,-6,27
1761621251.2990508,1,-2,29
1761621251.3360507,0,-9,28
1761621251.3740506,3,-1,43
1761621251.4120507,-4,0,52
1761621251.4480507,1,-3,45
1761621251.485051,0,5,40
1761621251.5230508,2,0,41
1761621251.5590508,0,-2,37
1761621251.5960507,-5,-2,35
1761621251.6340508,-2,4,41
1761621251.6730506,4,2,28
1761621251.709051,7,-1,37
1761621251.7460508,3,0,43
1761621251.7840507,4,4,45
1761621251.8220508,-3,-1,39
1761621251.8580508,-3,3,29
1761621251.8950508,-7,5,27
1761621251.9340508,4,-7,34
1761621251.972051,3,-8,38
1761621252.008051,4,0,34
1761621252.0450506,4,0,37
1761621252.084051,-2,-8,31
1761621252.1220508,-2,-7,25
1761621252.1580508,-6,-1,29
1761621252.1950507,-8,0,30
1761621252.2340508,0,-5,26
1761621252.2720506,-1,-7,28
1761621252.3080506,-1,-2,25
1761621252.3450508,-6,3,35
1761621252.3840508,3,-5,32
1761621252.4220507,-1,-7,32
1761621252.4580507,-1,-4,35
1761621252.495051,-1,-8,36
1761621252.5340507,-1,-3,31
1761621252.5720508,-3,-1,40
1761621252.6080508,-1,3,50
1761621252.6460507,2,2,34
1761621252.6840508,-2,0,31
1761621252.722051,-3,-1,29
1761621252.758051,-2,0,24
1761621252.7950506,0,-5,33
1761621252.834051,2,-2,28
1761621252.870051,11,0,23
1761621252.9070508,0,1,34
1761621252.9440508,-4,2,39
1761621252.9800508,-1,0,34
1761621253.0170507,5,0,39
1761621253.0550506,-2,2,38
1761621253.0930507,0,0,36
1761621253.1290507,-3,2,32
1761621253.166051,-1,0,26
1761621253.2040508,0,-1,43
1761621253.2400508,1,0,35
1761621253.2770507,0,1,22
1761621253.314051,4,-2,41
1761621253.3500507,4,0,37
1761621253.3880508,-3,3,37
1761621253.4250507,1,2,34
1761621253.4630508,4,0,32
1761621253.4990506,2,-4,32
1761621253.5360508,-2,-3,33
1761621253.5750508,0,-3,28
1761621253.6130507,0,-7,28
1761621253.6490507,-1,-4,20
1761621253.686051,-6,-6,19
1761621253.7240508,2,3,28
1761621253.7600508,-1,-6,37
1761621253.7970507,3,2,37
1761621253.8350508,4,0,39
1761621253.8730507,-1,0,38
1761621253.9090507,-4,-5,35
1761621253.9460506,-5,-5,50
1761621253.985051,7,-2,35
1761621254.0230508,6,0,32
1761621254.0590508,5,-2,36
1761621254.0960507,1,-6,27
1761621254.1410508,2,-4,25
1761621254.1780508,0,-1,24
1761621254.2150507,-2,1,24
1761621254.2540507,11,-5,41
1761621254.2900507,0,0,41
1761621254.3270507,-2,1,36
1761621254.3650508,0,-5,42
1761621254.403051,5,-6,40
1761621254.439051,-1,-7,42
1761621254.4770508,-1,4,40
1761621254.5150506,2,-3,37
1761621254.5540507,0,-5,29
1761621254.5900507,-4,-3,28
1761621254.6280508,0,-6,33
1761621254.6650507,3,0,33
1761621254.7030506,-1,-8,30
1761621254.7400508,-1,-3,27
1761621254.7770507,-8,0,27
1761621254.8150508,-2,-1,31
1761621254.8540506,1,0,30
1761621254.8900506,-2,-2,37
1761621254.9270508,-3,-2,37
1761621254.9650507,-6,-6,34
1761621255.0040507,-4,-1,36
1761621255.0400507,3,-5,32
1761621255.0770507,2,2,40
1761621255.1160507,-1,-1,29
1761621255.1540508,2,2,33
1761621255.1900508,0,0,32
1761621255.2270508,-5,-2,37
1761621255.2650506,3,0,22
1761621255.301051,-3,-2,24
1761621255.3400507,0,-2,42
1761621255.3770506,3,-8,47
1761621255.4150507,5,-7,38
1761621255.4510508,0,-3,38
1761621255.4890506,1,-1,33
1761621255.5260508,0,4,25
1761621255.564051,-2,-5,32
1761621255.6000507,-6,-2,35
1761621255.6370506,0,-1,33
1761621255.6750507,-9,4,45
1761621255.7110507,-11,3,35
1761621255.7490506,-10,1,40
1761621255.7860508,0,0,42
1761621255.824051,-4,-4,37
1761621255.860051,0,1,45
1761621255.8970506,6,2,41
1761621255.9350507,0,0,29
1761621255.9710507,-4,-1,27
1761621256.0090508,0,4,36
1761621256.0460508,0,3,37
1761621256.084051,0,1,31
1761621256.120051,4,4,37
1761621256.1570508,1,-1,38
1761621256.1950507,-2,-6,37
1761621256.2310507,-3,-5,34
1761621256.2690508,7,2,29
1761621256.3060508,7,4,28
1761621256.3440506,5,2,39
1761621256.380051,2,0,33
1761621256.4170508,0,5,45
1761621256.4560506,3,-8,33
1761621256.4940507,1,-7,28
1761621256.5300508,-2,2,30
1761621256.5680506,0,3,34
1761621256.6060507,-1,-4,36
1761621256.6440508,-2,-3,33
1761621256.6800506,-4,1,45
1761621256.7190506,0,4,31
1761621256.7560508,-2,2,32
1761621256.7950506,1,-2,33
1761621256.8310506,-4,-6,36
1761621256.8680508,0,-1,35
1761621256.9060507,0,4,40
1761621256.9440508,4,1,34
1761621256.9800508,1,-6,24
1761621257.018051,3,-3,23
1761621257.0560508,8,0,30
1761621257.0940506,-2,0,35
1761621257.130051,-3,-2,37
1761621257.1680508,-3,0,41
1761621257.2060506,1,-3,31
1761621257.2420506,2,-9,29
1761621257.2800508,-2,-5,29
1761621257.3180506,1,0,42
1761621257.3560507,2,0,31
1761621257.3920507,3,-2,33
1761621257.4300506,1,-2,38
1761621257.4670508,7,-4,40
1761621257.5060508,1,2,27
1761621257.5420508,-2,-7,34
1761621257.5810506,-5,-6,30
1761621257.6190507,5,0,24
1761621257.6560507,0,-2,27
1761621257.6920507,2,2,37
1761621257.7290506,-3,1,32
1761621257.7660508,-4,4,23
1761621257.8050506,5,3,29
1761621257.8410506,0,-8,28
1761621257.8780508,1,0,43
1761621257.916051,-2,-1,31
1761621257.9520507,2,-1,28
1761621257.9890506,2,-7,35
1761621258.0270507,0,-8,38
1761621258.0650508,8,-4,47
1761621258.1020508,2,-9,38
1761621258.1390507,2,-5,39
1761621258.1770508,-3,-1,34
1761621258.2150507,-4,-2,31
1761621258.2510507,-5,2,21
1761621258.288051,-10,-1,36
1761621258.3270507,-1,-4,34
1761621258.3650508,0,-10,47
1761621258.4010508,4,-3,46
1761621258.4380507,5,0,37
1761621258.4760506,-1,0,34
1761621258.5120506,-1,-2,30
1761621258.5500507,0,-2,30
1761621258.5880508,1,-7,38
1761621258.6270506,-5,-3,42
1761621258.6650507,-9,-3,38
1761621258.7010508,-4,-6,28
1761621258.7380507,0,-7,36
1761621258.7760508,1,-3,33
1761621258.8120508,6,-3,38
1761621258.8510506,3,0,29
1761621258.8880508,-1,-2,36
1761621258.9270508,0,0,31
1761621258.9650507,-7,-6,29
1761621259.0010507,-3,-2,29
1761621259.038051,-5,4,25
1761621259.0760508,3,0,27
1761621259.1120508,-5,7,28
1761621259.1490507,-1,5,31
1761621259.1870508,7,0,34
1761621259.2250507,4,5,43
1761621259.2610507,2,2,36
1761621259.2980506,-4,0,39
1761621259.337051,6,-9,37
1761621259.3730507,0,-2,31
1761621259.4100506,0,-3,39
1761621259.4470508,-7,-7,28
1761621259.4860508,-9,2,37
1761621259.5220506,-4,3,42
1761621259.5590508,-4,1,41
1761621259.597051,-4,-2,35
1761621259.633051,1,-3,30
1761621259.6700506,4,0,34
1761621259.7070508,-1,-3,33
1761621259.7460508,0,-9,40
1761621259.7820508,0,-6,45
1761621259.8190508,-1,0,34
1761621259.857051,-3,-1,42
1761621259.8960507,0,-2,38
1761621259.9320507,-5,0,35
1761621259.9690506,-5,0,42
1761621260.0070508,-4,-2,40
1761621260.0460508,2,0,34
1761621260.0820508,0,-5,31
1761621260.1190507,1,-4,43
1761621260.1570508,-2,-6,34
1761621260.1960506,2,-1,31
1761621260.232051,-2,2,44
1761621260.2690508,0,4,36
1761621260.3070507,6,-4,36
1761621260.3430507,13,-3,48
1761621260.380051,8,7,40
1761621260.4180508,1,4,30
1761621260.4560506,-1,3,43
1761621260.4920506,-5,4,41
1761621260.5290508,-5,0,38
1761621260.5680506,-5,2,37
1761621260.6060507,1,1,25
1761621260.6420507,4,-4,32
1761621260.6790507,0,-2,38
1761621260.7170508,1,-3,45
1761621260.7530508,5,0,33
1761621260.7900507,3,0,31
1761621260.8280506,-11,-6,25
1761621260.8660507,-2,-2,33
1761621260.9020507,-1,-8,41
1761621260.939051,1,2,39
1761621260.9780507,2,3,39
1761621261.0160508,4,-5,23
1761621261.0520508,4,-2,40
1761621261.0890508,0,0,41
1761621261.1280508,-4,4,31
1761621261.166051,-1,0,38
1761621261.2020507,0,0,37
1761621261.2390506,0,0,27
1761621261.278051,-1,-4,30
1761621261.3160508,-1,-3,29
1761621261.3520508,-4,-1,22
1761621261.3890507,0,0,29
1761621261.4280508,-3,-1,32
1761621261.4660506,-1,-1,37
1761621261.5020506,-4,-4,37
1761621261.5390508,1,-6,38
1761621261.5780506,3,0,29
1761621261.6140506,5,-1,34
1761621261.6510508,2,-1,29
1761621261.6880507,0,-10,34
1761621261.7240508,3,-2,33
1761621261.7640507,0,-1,35
1761621261.801051,2,-3,35
1761621261.8390508,0,-5,33
1761621261.8780508,3,-1,34
1761621261.9140508,7,-5,41
1761621261.9520507,9,-1,42
1761621261.9890506,4,-1,34
1761621262.028051,2,2,39
1761621262.064051,-3,1,36
1761621262.1010506,3,0,30
1761621262.1380508,-1,2,22
1761621262.1740508,2,0,26
1761621262.2110507,2,4,38
1761621262.2480507,-1,3,22
1761621262.2870507,5,1,30
1761621262.3230507,7,-3,43
1761621262.360051,7,-7,34
1761621262.3990507,0,-4,31
1761621262.4370508,10,-2,40
1761621262.4730508,1,-7,35
1761621262.5110507,-3,-3,14
1761621262.5490508,2,-10,30
1761621262.587051,4,-2,26
1761621262.6230507,1,-5,32
1761621262.6610508,1,0,29
1761621262.699051,1,3,36
1761621262.7370508,0,0,37
1761621262.7730508,-4,3,35
1761621262.811051,-3,0,28
1761621262.8490508,-1,-3,29
1761621262.8870506,2,-3,23
1761621262.9230506,3,-3,22
1761621262.9610507,2,1,44
1761621262.9990506,0,-5,38
1761621263.0370507,-3,-5,33
1761621263.0730507,-2,-6,28
1761621263.1110508,0,2,28
1761621263.1490507,-6,-7,26
1761621263.1870508,-3,-4,21
1761621263.2230508,1,-2,30
1761621263.2610507,-1,-8,44
1761621263.2990508,2,-4,39
1761621263.3380508,-1,1,31
1761621263.3740506,-3,4,40
1761621263.4110508,-2,0,29
1761621263.449051,2,-6,28
1761621263.4870508,-2,-5,32
1761621263.5230508,-3,-7,34
1761621263.561051,-1,-8,32
1761621263.5990508,4,-4,27
1761621263.6370506,3,-3,28
1761621263.6730506,6,-5,37
1761621263.7110507,3,-1,26
1761621263.7490506,-5,-1,26
1761621263.7850506,-5,-2,26
1761621263.8220508,-5,-3,27
1761621263.860051,2,-6,27
1761621263.8980508,-4,-7,31
1761621263.9340508,-2,-5,31
1761621263.9710507,0,-12,29
1761621264.0090508,-1,-6,39
1761621264.0450506,4,-1,44
1761621264.0830507,2,0,40
1761621264.120051,-2,0,37
1761621264.1640508,-6,-9,33
1761621264.2020507,5,-5,22
1761621264.2400508,5,0,24
1761621264.278051,-3,0,34
1761621264.314051,-3,-3,32
1761621264.3510506,0,-3,28
1761621264.3890507,11,0,20
1761621264.426051,2,-5,39
1761621264.4640508,-3,2,36
1761621264.5010507,-4,2,29
1761621264.5390508,1,-2,43
1761621264.5750508,-5,-1,43
1761621264.6130507,0,2,38
1761621264.6500506,0,1,31
1761621264.6880507,-3,3,41
1761621264.7240508,-3,7,31
1761621264.7610507,-2,-2,30
1761621264.8000507,0,-2,35
1761621264.8380508,-4,-2,35
1761621264.8740506,-2,-7,40
1761621264.9110508,0,-7,33
1761621264.9500508,-2,-1,40
1761621264.9880507,-2,-7,31
1761621265.0240507,-8,0,46
1761621265.061051,-3,-1,39
1761621265.1000507,-2,-2,30
1761621265.1380508,-6,0,29
1761621265.1740508,-4,2,34
1761621265.2110507,-5,-1,40
1761621265.2500508,-2,-5,28
1761621265.288051,-2,-6,31
1761621265.324051,3,-7,36
1761621265.3610508,0,-4,40
1761621265.4000506,-2,2,34
1761621265.4380507,-3,-6,32
1761621265.4740508,-2,0,42
1761621265.5120506,-5,-10,21
1761621265.551051,0,3,36
1761621265.5890508,-7,-1,34
1761621265.6250508,-3,-3,33
1761621265.6620507,-10,-3,24
1761621265.7000508,-4,-4,25
1761621265.7390506,-3,4,35
1761621265.7750506,2,3,41
1761621265.8130507,-3,0,36
1761621265.8500507,-1,-2,28
1761621265.8890507,6,0,23
1761621265.9250507,5,-4,34
1761621265.962051,-2,-4,29
1761621266.0000508,0,-4,30
1761621266.0360508,3,-1,41
1761621266.074051,-2,2,36
1761621266.1130507,-1,-1,31
1761621266.1500506,8,4,45
1761621266.186051,-7,-1,41
1761621266.2240508,-6,-5,36
1761621266.2630508,4,-6,29
1761621266.3000507,-1,-1,40
1761621266.3390508,-4,4,47
1761621266.3750508,-5,3,37
1761621266.4120507,-2,0,26
1761621266.4500508,-3,2,34
1761621266.4860508,-2,0,47
1761621266.5240507,-4,7,39
1761621266.5620508,-5,4,33
1761621266.6000507,-3,-4,34
1761621266.6360507,-3,-4,33
1761621266.6740508,0,5,33
1761621266.7110507,-4,5,37
1761621266.7500508,-3,2,32
1761621266.7860508,0,-1,35
1761621266.824051,-1,0,36
1761621266.8610508,0,-1,35
1761621266.8990507,-9,11,39
1761621266.9350507,-2,3,38
1761621266.972051,4,4,26
1761621267.0100508,4,3,34
1761621267.0460508,-3,2,34
1761621267.0830507,-6,1,38
1761621267.1210508,-2,-3,32
1761621267.1600506,2,0,43
1761621267.1960506,-4,0,37
1761621267.2330508,-10,1,30
1761621267.2710507,-2,5,20
1761621267.3090508,-4,-4,25
1761621267.3450508,3,-2,27
1761621267.383051,0,-7,44
1761621267.4210508,-7,1,47
1761621267.459051,0,1,33
1761621267.495051,-11,0,31
1761621267.5330508,-6,3,27
1761621267.5710506,3,0,39
1761621267.6090508,0,0,43
1761621267.6460507,-3,-6,32
1761621267.6830506,-1,-4,31
1761621267.7210507,6,-4,23
1761621267.7590508,1,0,33
1761621267.7950506,8,3,40
1761621267.8330507,3,-5,39
1761621267.8710508,-3,0,37
1761621267.9090507,-5,4,30
1761621267.9450507,-1,6,37
1761621267.982051,1,0,31
1761621268.0200508,-5,4,36
1761621268.0560508,-3,-1,35
1761621268.0940506,0,-1,35
1761621268.1310508,0,-3,32
1761621268.1670508,-1,-2,28
1761621268.2040508,0,-2,28
1761621268.2420506,-4,0,32
1761621268.2800508,2,1,34
1761621268.3160508,-3,-1,35
1761621268.3530507,-3,0,10
1761621268.3910508,0,-2,28
1761621268.4270508,0,-6,38
1761621268.4640508,-8,0,42
1761621268.5010507,0,0,39
1761621268.5370507,-2,2,39
1761621268.5750508,-3,-5,32
1761621268.6120508,-6,3,27
1761621268.6500506,-6,-1,32
1761621268.686051,-3,-2,24
1761621268.7230508,0,-3,36
1761621268.7610507,4,-1,25
1761621268.7970507,9,-4,27
1761621268.834051,9,-3,31
1761621268.8710508,0,0,18
1761621268.9070508,-6,2,35
1761621268.9450507,-2,9,26
1761621268.982051,-4,7,20
1761621269.0200508,-2,0,25
1761621269.0560508,-3,5,30
1761621269.0940506,-5,10,34
1761621269.1320508,3,4,35
1761621269.1700506,6,1,35
1761621269.2060506,3,-8,38
1761621269.245051,-3,-8,25
1761621269.2820508,-6,-8,45
1761621269.3210506,-5,-4,43
1761621269.357051,-5,0,33
1761621269.3950508,-5,-3,31
1761621269.4330506,0,0,41
1761621269.4710507,-1,0,33
1761621269.5070508,-4,0,33
1761621269.5450506,-6,-2,27
1761621269.5820508,0,0,30
1761621269.620051,0,4,32
1761621269.6560507,-2,-1,30
1761621269.6930506,2,3,29
1761621269.7310507,1,0,20
1761621269.7670507,0,1,32
1761621269.8040507,6,-4,30
1761621269.8420508,2,0,27
1761621269.880051,-1,-3,34
1761621269.916051,2,3,37
1761621269.9530506,5,-1,26
1761621269.9920506,-4,-1,28
1761621270.0300508,-5,0,32
1761621270.0660508,0,0,34
1761621270.1030507,1,-1,33
1761621270.1420507,-1,-1,30
1761621270.1800506,-1,-3,38
1761621270.2160506,1,-4,39
1761621270.2530508,0,-2,33
1761621270.291051,2,0,28
1761621270.3270507,-3,-2,28
1761621270.3650508,1,4,26
1761621270.4020507,1,-1,38
1761621270.4380507,-5,-2,29
1761621270.4750507,-11,-6,28
1761621270.5130508,-1,-7,30
1761621270.5520508,-1,0,39
1761621270.5890508,-5,-3,35
1761621270.6260507,-5,-1,50
1761621270.6640508,-6,0,30
1761621270.7020507,-6,-2,25
1761621270.7410507,1,-1,38
1761621270.7770507,0,2,32
1761621270.814051,-12,1,34
1761621270.8520508,-2,1,36
1761621270.8880508,-4,3,38
1761621270.926051,1,0,30
1761621270.9630508,8,2,35
1761621271.0010507,3,10,38
1761621271.0370507,0,4,41
1761621271.074051,3,1,34
1761621271.1120508,3,-4,33
1761621271.1480508,0,-1,33
1761621271.1850507,3,2,30
1761621271.2230508,-5,-6,32
1761621271.2610507,-5,-1,35
1761621271.2970507,0,4,41
1761621271.334051,2,0,37
1761621271.3720508,7,0,31
1761621271.4090507,4,-3,30
1761621271.4460506,2,-2,35
1761621271.4830508,0,0,31
1761621271.5210507,3,-4,37
1761621271.5570507,6,2,26
1761621271.5940506,2,4,35
1761621271.633051,-2,2,41
1761621271.6710508,-1,3,33
1761621271.7070508,0,-5,29
1761621271.7440507,-1,-5,46
1761621271.7830508,0,0,39
1761621271.8210506,4,-6,28
1761621271.857051,5,4,31
1761621271.8940508,2,0,25
1761621271.9320507,5,-4,29
1761621271.9680507,-8,4,32
1761621272.0060508,-2,3,28
1761621272.0430508,8,1,28
1761621272.0810506,-2,-4,31
1761621272.1170506,-3,0,33
1761621272.1560507,6,0,33
1761621272.1940508,7,1,35
1761621272.232051,8,-6,35
1761621272.268051,0,-6,39
1761621272.3060508,-5,-2,34
1761621272.3440506,-2,-3,39
1761621272.383051,1,-3,33
1761621272.4190507,1,8,42
1761621272.4560506,0,-1,29
1761621272.4930508,0,5,23
1761621272.5290508,-6,-2,41
1761621272.5660508,-4,0,46
1761621272.6040506,-6,-4,39
1761621272.643051,2,3,31
1761621272.6790507,1,0,33
1761621272.7160506,-3,-2,42
1761621272.7540507,-6,-1,40
1761621272.7930508,-2,-8,31
1761621272.8290508,0,-1,36
1761621272.8660507,-2,-5,24
1761621272.9040508,-1,-12,35
1761621272.9430506,-4,-4,33
1761621272.9790506,-3,-4,45
1761621273.0160508,-3,-1,48
1761621273.0540507,7,-2,41
1761621273.0920508,0,0,36
1761621273.1280508,0,5,41
1761621273.1650507,-1,-1,23
1761621273.2030506,-1,1,22
1761621273.2390506,-4,-6,31
1761621273.2760508,-6,3,40
1761621273.3130507,-2,-2,45
1761621273.3520508,-13,-1,39
1761621273.3880508,-5,-2,34
1761621273.4250507,-2,-7,46
1761621273.4640508,0,0,38
1761621273.5020506,-1,7,32
1761621273.538051,-3,6,32
1761621273.5750508,1,3,32
1761621273.6130507,-3,-6,33
1761621273.6490507,-6,-3,44
1761621273.6870508,-8,1,35
1761621273.7250507,-8,0,40
1761621273.7640507,-4,1,43
1761621273.8020508,7,-1,41
1761621273.8380508,-3,3,41
1761621273.8760507,-1,-2,45
1761621273.9140508,9,0,35
1761621273.9520507,-2,7,35
1761621273.9880507,-3,0,35
1761621274.0250506,2,-2,37
1761621274.064051,0,-2,38
1761621274.1020508,-2,-4,36
1761621274.1380508,3,1,42
1761621274.1840508,9,0,30
1761621274.222051,7,0,37
1761621274.2590508,0,-2,44
1761621274.2960508,0,-2,31
1761621274.334051,-2,-9,31
1761621274.3720508,-4,-3,18
1761621274.4080508,3,-4,35
1761621274.4450507,7,-4,32
1761621274.4840508,-1,1,28
1761621274.5220506,5,-2,30
1761621274.5580506,0,-5,26
1761621274.5950508,3,1,29
1761621274.633051,-2,-1,35
1761621274.6690507,-6,-3,43
1761621274.7060506,-10,-8,33
1761621274.7440507,-8,-4,38
1761621274.7830508,-5,-1,46
1761621274.8190508,-6,0,40
1761621274.8560507,-3,1,46
1761621274.8940508,0,-4,33
1761621274.9300506,1,-1,39
1761621274.9680507,-1,0,28
1761621275.005051,0,-1,33
1761621275.0430508,1,-4,34
1761621275.0790508,0,-5,32
1761621275.1160507,-1,-5,36
1761621275.1540508,0,-1,45
1761621275.1930506,-10,0,41
1761621275.2290506,-6,3,40
1761621275.2660508,-5,-4,51
1761621275.3040507,2,1,36
1761621275.3400507,-2,0,43
1761621275.3770506,0,-1,37
1761621275.4150507,5,-5,48
1761621275.4540508,-2,-2,30
1761621275.4900508,-1,-1,38
1761621275.5270507,-2,-1,43
1761621275.5650508,-7,-4,44
1761621275.6040506,-6,2,32
1761621275.6400506,-6,-1,36
1761621275.6770508,-3,1,32
1761621275.7150507,-2,-1,40
1761621275.7530508,0,-1,42
1761621275.7890508,-1,-6,38
1761621275.8270507,-4,1,28
1761621275.8650508,4,0,33
1761621275.903051,5,2,32
1761621275.939051,3,0,45
1761621275.9770508,2,-4,33
1761621276.0150506,-2,4,37
1761621276.0530508,0,-6,39
1761621276.0890508,3,-5,39
1761621276.1270506,0,-2,43
1761621276.1650507,3,-2,37
1761621276.2030506,0,-7,36
1761621276.2390506,-8,-1,34
1761621276.2760508,-6,-2,45
1761621276.3150508,-3,1,44
1761621276.3530507,-2,-1,31
1761621276.3890507,-6,-3,36
1761621276.4270508,-4,-2,32
1761621276.4650507,-3,-1,28
1761621276.5040507,0,0,32
1761621276.5400507,-1,-1,48
1761621276.5770507,-4,-2,43
1761621276.6150508,13,0,28
1761621276.653051,9,-9,34
1761621276.689051,0,-2,32
1761621276.7260506,0,0,41
1761621276.7640507,3,-1,35
1761621276.8000507,-4,0,41
1761621276.837051,-2,-5,38
1761621276.8750508,-2,0,47
1761621276.9110508,3,1,37
1761621276.9480507,-6,0,33
1761621276.985051,3,0,30
1761621277.0210507,-3,-1,35
1761621277.0590508,-5,-9,34
1761621277.097051,0,-4,32
1761621277.1350508,-4,-3,35
1761621277.1740508,-6,0,36
1761621277.2100508,0,1,25
1761621277.2470508,1,-3,32
1761621277.2850506,1,-7,34
1761621277.3210506,-4,-3,45
1761621277.3590508,0,-2,31
1761621277.3970506,3,0,34
1761621277.4350507,6,-3,34
1761621277.4710507,2,-8,39
1761621277.508051,2,-4,37
1761621277.5460508,1,-4,37
1761621277.584051,-1,0,33
1761621277.620051,-4,1,28
1761621277.6570508,2,-1,28
1761621277.6950507,3,-2,27
1761621277.7310507,2,-4,29
1761621277.768051,3,-6,26
1761621277.8060508,2,-6,39
1761621277.8440506,12,-2,46
1761621277.880051,8,-2,35
1761621277.9180508,5,-5,36
1761621277.9560506,2,-1,37
1761621277.9940507,3,-1,32
1761621278.0300508,0,-2,37
1761621278.0680506,3,3,45
1761621278.1060507,0,0,33
1761621278.1440508,2,-1,25
1761621278.1800506,0,-2,21
1761621278.2180507,0,-5,37
1761621278.2560508,4,4,45
1761621278.2940507,1,10,46
1761621278.3300507,-2,-1,32
1761621278.3690507,-3,0,31
1761621278.4070508,-2,-4,39
1761621278.4450507,-10,-8,36
1761621278.4810507,-4,0,42
1761621278.5190508,0,-2,30
1761621278.5570507,-2,0,23
1761621278.5950508,0,-5,30
1761621278.6310508,2,-10,35
1761621278.6680508,4,1,32
1761621278.7060506,-2,6,41
1761621278.745051,-6,0,41
1761621278.7810507,-3,7,42
1761621278.8190508,-3,3,32
1761621278.8560507,-7,0,35
1761621278.8950508,-3,-3,29
1761621278.9310508,0,-8,35
1761621278.9690506,-3,-8,32
1761621279.0070508,5,-6,46
1761621279.0450506,2,2,27
1761621279.0810506,-1,0,38
1761621279.1190507,-5,-6,55
1761621279.1570508,-8,-3,32
1761621279.1960506,0,0,39
1761621279.232051,-2,-2,39
1761621279.2690508,-3,-6,46
1761621279.3070507,-1,0,31
1761621279.3450508,-5,-1,32
1761621279.3810508,0,-1,26
1761621279.4180508,-7,-4,34
1761621279.4560506,-4,-3,31
1761621279.495051,-5,2,37
1761621279.5310507,2,3,26
1761621279.5680506,3,0,38
1761621279.6060507,-1,3,43
1761621279.6420507,8,4,40
1761621279.6800506,7,-2,32
1761621279.7170508,2,3,21
1761621279.755051,5,0,36
1761621279.791051,1,-2,48
1761621279.8280506,0,-2,45
1761621279.8660507,-6,1,39
1761621279.9020507,-1,1,33
1761621279.939051,-3,-6,20
1761621279.9770508,4,-6,33
1761621280.0150506,-1,0,24
1761621280.051051,-3,-6,30
1761621280.0890508,-2,-2,26
1761621280.1270506,5,-3,35
1761621280.1650507,5,4,25
1761621280.2010508,7,-3,25
1761621280.2380507,3,-4,36
1761621280.2760508,5,-4,33
1761621280.3120508,0,-6,33
1761621280.3500507,3,-5,33
1761621280.3870506,0,-9,28
1761621280.4250507,-3,-4,28
1761621280.4610507,-1,4,26
1761621280.4980507,4,0,35
1761621280.5360508,2,1,45
1761621280.5720508,0,5,37
1761621280.6090508,-2,0,40
1761621280.6470506,5,3,41
1761621280.6850507,-1,1,42
1761621280.7210507,1,-3,31
1761621280.7590508,-6,-4,21
1761621280.7970507,-5,-4,35
1761621280.8360507,-5,-1,24
1761621280.8720508,-7,3,18
1761621280.9090507,-3,8,27
1761621280.9470508,-1,4,34
1761621280.985051,-5,2,35
1761621281.0220506,2,-7,48
1761621281.0590508,4,-2,47
1761621281.097051,-9,0,46
1761621281.1350508,1,-6,34
1761621281.1720507,-5,-4,30
1761621281.209051,0,-4,31
1761621281.2470508,5,-2,34
1761621281.2830508,2,-2,38
1761621281.3200507,0,-3,31
1761621281.357051,4,0,25
1761621281.393051,2,0,32
1761621281.4300506,0,2,33
1761621281.4670508,-4,-1,43
1761621281.5060508,-9,4,41
1761621281.5420508,0,-1,34
1761621281.5790508,-1,-2,31
1761621281.6170506,-3,2,30
1761621281.653051,-9,1,44
1761621281.6900508,1,-5,36
1761621281.7280507,2,0,32
1761621281.7660508,-6,-1,25
1761621281.8020508,-6,0,36
1761621281.8400507,-9,2,36
1761621281.8770506,-1,2,41
1761621281.913051,1,0,33
1761621281.9500508,0,0,40
1761621281.9880507,-4,-4,25
1761621282.0260508,3,-7,26
1761621282.0620508,6,-1,30
1761621282.0990508,10,-1,36
1761621282.1370506,3,0,36
1761621282.1730506,0,-1,32
1761621282.2100508,0,-6,35
1761621282.2480507,0,-1,28
1761621282.2860508,0,-5,34
1761621282.3220508,-2,-5,26
1761621282.3590508,0,-7,39
1761621282.3970506,4,-3,35
1761621282.4330506,11,-5,35
1761621282.4700508,3,0,37
1761621282.508051,-2,-4,34
1761621282.5470507,-4,3,40
1761621282.5830507,-5,-1,41
1761621282.620051,-3,0,47
1761621282.6580508,-8,4,41
1761621282.6970508,-10,4,37
1761621282.7330508,-8,-2,32
1761621282.7700508,-2,3,36
1761621282.8080506,0,-2,27
1761621282.8460507,-1,-3,23
1761621282.8820508,0,2,26
1761621282.9190507,4,7,41
1761621282.9570508,2,1,45
1761621282.9930508,0,3,31
1761621283.0300508,8,0,33
1761621283.0680506,4,3,36
1761621283.1060507,5,8,31
1761621283.1420507,9,6,31
1761621283.1790507,5,7,28
1761621283.2170508,-5,0,29
1761621283.2530508,-6,1,34
1761621283.291051,-2,0,34
1761621283.3280506,1,0,35
1761621283.3640506,1,3,37
1761621283.4010508,3,0,40
1761621283.4380507,-1,4,28
1761621283.4740508,-4,3,25
1761621283.5110507,6,0,40
1761621283.5480506,12,4,33
1761621283.584051,8,-5,36
1761621283.6210508,8,3,32
1761621283.6580508,2,1,31
1761621283.6940508,4,3,21
1761621283.7310507,2,9,18
1761621283.768051,3,3,27
1761621283.8040507,3,1,34
1761621283.8410506,-1,-3,34
1761621283.8790507,0,-6,34
1761621283.9170508,4,-2,32
1761621283.9530506,4,5,39
1761621283.9910507,-3,3,39
1761621284.0290508,-1,-3,40
1761621284.0670507,6,-1,43
1761621284.1030507,-2,-6,39
1761621284.1400506,3,-6,34
1761621284.1840508,0,-3,34
1761621284.222051,-1,-6,41
1761621284.2600508,2,-1,33
1761621284.2990508,-2,-1,27
1761621284.337051,0,0,21
1761621284.3730507,2,4,21
1761621284.4100506,0,0,17
1761621284.4480507,-1,-2,27
1761621284.4840508,0,-4,36
1761621284.5230508,0,-3,35
1761621284.5600507,-1,-1,21
1761621284.5990508,7,-3,30
1761621284.6370506,1,-6,31
1761621284.6730506,-4,-1,36
1761621284.7100508,-2,-4,33
1761621284.7490506,-4,-7,35
1761621284.7870507,-4,-7,27
1761621284.8230507,-2,-4,43
1761621284.860051,7,0,30
1761621284.8980508,0,0,24
1761621284.9340508,2,-1,35
1761621284.9710507,2,-2,33
1761621285.0090508,9,2,43
1761621285.0470507,3,-1,38
1761621285.0830507,-2,0,37
1761621285.120051,-3,-2,36
1761621285.1590507,-2,-2,39
1761621285.1970508,3,-9,48
1761621285.2330508,0,-4,38
1761621285.2700508,6,3,37
1761621285.3080506,3,-3,34
1761621285.3440506,-1,-4,43
1761621285.3820508,-2,0,31
1761621285.4190507,-3,-7,32
1761621285.4580507,0,-1,35
1761621285.4940507,2,0,36
1761621285.5320508,-8,-3,30
1761621285.5690508,-4,-3,36
1761621285.6080508,0,0,32
1761621285.6450508,6,7,34
1761621285.6820507,0,-3,36
1761621285.7190506,0,-3,31
1761621285.758051,5,-1,36
1761621285.7950506,0,1,37
1761621285.8320508,6,-4,39
1761621285.8690507,-7,2,28
1761621285.9050508,-5,0,28
1761621285.9420507,-2,1,36
1761621285.9800508,-1,-2,34
1761621286.0190508,-12,2,28
1761621286.0550506,-8,2,37
1761621286.0920508,-7,5,37
1761621286.130051,0,-2,34
1761621286.1690507,-1,1,36
1761621286.2050507,2,0,29
1761621286.2420506,3,0,21
1761621286.2800508,-4,-3,29
1761621286.3190508,0,-4,35
1761621286.3550508,-3,-3,37
1761621286.3920507,-1,-5,43
1761621286.4300506,-4,-4,31
1761621286.4690506,4,4,33
1761621286.505051,1,5,20
1761621286.5430508,2,0,23
1761621286.5800507,3,0,30
1761621286.6180508,-7,-3,28
1761621286.6540508,-4,-6,35
1761621286.6930506,-5,-5,39
1761621286.7300508,-3,0,48
1761621286.768051,-2,-6,40
1761621286.8040507,0,-3,50
1761621286.8410506,-3,2,47
1761621286.8790507,-6,-2,45
1761621286.9150507,-5,7,35
1761621286.9520507,-9,2,47
1761621286.9900508,-6,-4,38
1761621287.0290508,-3,-6,34
1761621287.0650508,-5,-2,34
1761621287.1020508,0,-4,38
1761621287.1400506,1,0,31
1761621287.1780508,-1,-8,35
1761621287.2140508,4,-4,30
1761621287.2520506,4,-2,27
1761621287.2900507,1,0,40
1761621287.3280506,1,4,38
1761621287.3640506,0,-5,41
1761621287.4020507,-2,0,40
1761621287.4400508,-3,-1,35
1761621287.4780507,-1,-6,39
1761621287.5140507,-8,-11,34
1761621287.5520508,0,-4,26
1761621287.5900507,-7,-2,25
1761621287.6260507,-3,-1,21
1761621287.6640508,-3,-5,32
1761621287.7020507,-4,-9,35
1761621287.7400508,-6,-9,38
1761621287.7790508,-1,-2,38
1761621287.8150508,0,1,37
1761621287.8520508,-3,0,29
1761621287.8900506,-3,-6,38
1761621287.926051,-1,-7,32
1761621287.9640508,-2,0,33
1761621288.0010507,0,-3,37
1761621288.0400507,0,0,32
1761621288.0770507,1,0,34
1761621288.1140506,0,-5,34
1761621288.1510508,-1,2,28
1761621288.1900508,5,4,40
1761621288.2260506,1,0,45
1761621288.2640507,-1,-6,31
1761621288.3020508,5,-4,26
1761621288.3400507,0,-5,36
1761621288.3760507,-6,-6,38
1761621288.4140508,-1,0,32
1761621288.4520507,0,-2,28
1761621288.4900508,-2,1,32
1761621288.5260508,-10,-5,49
1761621288.564051,-8,4,45
1761621288.6010506,0,1,23
1761621288.6390507,-7,-1,32
1761621288.6750507,-2,-4,28
1761621288.712051,-2,-6,25
1761621288.7510507,-6,-7,32
1761621288.7890508,-3,-2,29
1761621288.8250508,2,-3,37
1761621288.8620508,9,-3,36
1761621288.9000506,7,-3,37
1761621288.936051,4,-7,33
1761621288.9740508,0,-4,32
1761621289.0120506,-4,5,40
1761621289.0500507,0,-1,39
1761621289.0860507,4,0,32
1761621289.1230507,0,0,20
1761621289.1610508,1,1,35
1761621289.199051,5,-9,29
1761621289.235051,2,-8,26
1761621289.2720506,3,-3,29
1761621289.3100507,3,-6,34
1761621289.3460507,5,-6,34
1761621289.3840508,4,-7,36
1761621289.4210508,4,-4,38
1761621289.459051,0,-4,48
1761621289.495051,2,-4,36
1761621289.5340507,1,-1,36
1761621289.5710506,-2,-3,22
1761621289.610051,-1,-5,27
1761621289.6460507,5,0,19
1761621289.6840508,-6,-4,35
1761621289.7210507,-4,-3,37
1761621289.7600508,-6,-3,38
1761621289.7960508,-3,0,34
1761621289.8330507,-2,-3,34
1761621289.8710508,2,-5,38
1761621289.9070508,1,-3,33
1761621289.9450507,-1,-9,24
1761621289.9830508,-1,-3,34
1761621290.0210507,3,-1,36
1761621290.0600507,4,-1,42
1761621290.0960507,2,-1,28
1761621290.133051,0,-5,28
1761621290.1710508,0,2,29
1761621290.2070508,-5,3,40
1761621290.245051,-3,5,37
1761621290.2840507,-1,2,26
1761621290.3210506,4,-3,32
1761621290.357051,-1,0,41
1761621290.3940508,-4,-2,35
1761621290.4320507,-2,-1,41
1761621290.4710507,-5,3,31
1761621290.5070508,3,0,25
1761621290.5440507,1,3,39
1761621290.5820508,3,-2,26
1761621290.620051,1,0,29
1761621290.6560507,4,-4,26
1761621290.6930506,-1,-6,29
1761621290.732051,-2,-8,40
1761621290.7700508,0,-1,36
1761621290.8060508,4,1,36
1761621290.8430507,-7,0,32
1761621290.8810508,-4,-6,28
1761621290.9170508,-1,0,46
1761621290.9540508,1,2,35
1761621290.9920506,1,-4,47
1761621291.0300508,-3,0,36
1761621291.0660508,-2,-4,47
1761621291.1040506,1,0,26
1761621291.1420507,0,-2,23
1761621291.1800506,2,-6,36
1761621291.2160506,-6,0,33
1761621291.2530508,-10,4,33
1761621291.2920508,-5,0,35
1761621291.3300507,1,-3,38
1761621291.3660507,1,-3,51
1761621291.403051,0,1,43
1761621291.4410508,-2,0,38
1761621291.4770508,-1,1,38
1761621291.5150506,2,-5,30
1761621291.5530508,-3,-2,28
1761621291.5920508,0,-7,30
1761621291.630051,5,0,35
1761621291.666051,4,2,34
1761621291.7030506,-2,0,34
1761621291.7410507,3,-2,29
1761621291.7770507,0,1,42
1761621291.8150508,-1,6,33
1761621291.8530507,0,2,43
1761621291.8910508,-1,4,41
1761621291.9270508,1,-3,37
1761621291.9640508,0,-1,31
1761621292.0020506,0,-2,37
1761621292.038051,-2,-2,29
1761621292.0750508,1,-3,35
1761621292.1130507,-6,-3,41
1761621292.1520507,-3,-2,28
1761621292.1880507,3,0,25
1761621292.2250507,-2,3,17
1761621292.2620506,-3,2,28
1761621292.2980506,-3,1,31
1761621292.3360507,1,-3,37
1761621292.3730507,1,0,42
1761621292.4110508,2,3,38
1761621292.4470508,9,0,24
1761621292.4840508,-2,0,39
1761621292.5220506,-4,-2,37
1761621292.561051,-1,0,35
1761621292.597051,-4,3,33
1761621292.6340508,-1,2,39
1761621292.6720507,1,-3,36
1761621292.7110507,0,-4,40
1761621292.7470508,0,-3,44
1761621292.7840507,1,-2,43
1761621292.8220508,5,-2,39
1761621292.8580508,-2,0,23
1761621292.8950508,-6,1,24
1761621292.9330506,0,-3,37
1761621292.9710507,0,-6,51
1761621293.0070508,-1,-4,39
1761621293.0450506,-2,1,38
1761621293.0830507,-3,-3,42
1761621293.1210508,-4,-1,37
1761621293.1570508,-4,-1,34
1761621293.1950507,0,0,32
1761621293.2330508,6,-3,36
1761621293.2710507,0,-4,31
1761621293.3070507,3,-6,33
1761621293.3440506,8,-2,38
1761621293.3820508,1,0,45
1761621293.4180508,1,-3,37
1761621293.4560506,-6,0,37
1761621293.4930508,-3,-1,42
1761621293.5320508,-8,-2,43
1761621293.5680506,0,1,41
1761621293.6050508,-1,2,42
1761621293.643051,0,1,38
1761621293.6810508,-4,2,35
1761621293.7180507,0,3,18
1761621293.755051,-3,-5,21
1761621293.7940507,-5,-4,23
1761621293.8320508,0,-8,26
1761621293.8680508,-1,-9,31
1761621293.9050508,-3,-8,42
1761621293.9430506,-6,-2,48
1761621293.982051,4,1,34
1761621294.018051,5,0,25
1761621294.0550506,-1,-1,26
1761621294.0940506,0,1,31
1761621294.1320508,-4,2,34
1761621294.1680508,5,0,29
1761621294.2140508,0,0,37
1761621294.2520506,-2,-2,37
1761621294.288051,-2,0,37
1761621294.3250508,3,-4,30
1761621294.3630507,-3,-5,45
1761621294.3990507,-3,-9,38
1761621294.436051,-3,-4,37
1761621294.4740508,-4,-6,26
1761621294.5130508,0,0,30
1761621294.5490508,0,-2,36
1761621294.5860507,-11,-5,44
1761621294.6240506,-5,-2,37
1761621294.663051,-1,-3,37
1761621294.699051,-2,-8,51
1761621294.7360508,1,-3,43
1761621294.7740507,-1,-5,43
1761621294.8130507,-9,-3,35
1761621294.8490508,-1,-7,36
1761621294.8860507,-2,3,36
1761621294.9230506,-6,1,28
1761621294.959051,-4,2,37
1761621294.9960508,0,0,34
1761621295.0340507,8,0,28
1761621295.0720508,3,0,31
1761621295.1080508,1,0,27
1761621295.1450508,1,-1,33
1761621295.1840508,0,0,35
1761621295.222051,3,-7,36
1761621295.258051,-4,0,34
1761621295.2960508,0,0,37
1761621295.334051,0,1,35
1761621295.3720508,0,-2,26
1761621295.4080508,9,3,33
1761621295.4450507,6,5,33
1761621295.4830508,-5,-1,34
1761621295.5190508,-1,4,30
1761621295.5560508,-2,0,37
1761621295.5940506,7,0,41
1761621295.6320508,1,0,34
1761621295.6680508,1,-6,35
1761621295.7050507,-3,-4,37
1761621295.7440507,-5,5,44
1761621295.7820508,-4,3,51
1761621295.8180506,1,2,50
1761621295.8560507,-3,-5,37
1761621295.8940508,4,3,33
1761621295.9320507,2,-1,28
1761621295.9680507,5,0,34
1761621296.0060508,1,-7,25
1761621296.0440507,1,-11,30
1761621296.0820508,-7,-4,24
1761621296.1180508,-7,-3,24
1761621296.1550508,0,-7,25
1761621296.1940508,2,-3,30
1761621296.232051,-2,0,40
1761621296.268051,-2,1,42
1761621296.3050506,0,0,35
1761621296.3440506,2,-2,31
1761621296.380051,-3,-6,28
1761621296.4170508,-6,-3,25
1761621296.4560506,0,-5,38
1761621296.4940507,1,-4,39
1761621296.5300508,3,0,28
1761621296.5670507,2,-1,39
1761621296.6040506,0,-5,43
1761621296.643051,0,-1,41
1761621296.6800506,9,-2,35
1761621296.7170508,-1,-3,35
1761621296.7560508,0,0,29
1761621296.7940507,-4,4,37
1761621296.8300507,-2,2,42
1761621296.8670506,0,1,38
1761621296.9040508,-1,2,43
1761621296.9430506,-4,-1,43
1761621296.9790506,0,0,38
1761621297.0170507,3,-12,30
1761621297.0540507,0,0,39
1761621297.0900507,-5,0,44
1761621297.1270506,2,4,30
1761621297.1640508,4,-5,35
1761621297.2000508,-3,-8,36
1761621297.2370508,0,-7,21
1761621297.2750506,2,0,29
1761621297.3130507,0,0,32
1761621297.3490508,8,-9,35
1761621297.3860507,8,2,28
1761621297.4250507,2,-7,39
1761621297.4630508,3,-8,29
1761621297.4990506,1,-5,42
1761621297.5360508,6,0,35
1761621297.5750508,1,1,42
1761621297.6130507,-2,1,40
1761621297.6490507,-11,0,25
1761621297.686051,-11,0,31
1761621297.7250507,-4,-1,38
1761621297.7630508,-4,2,51
1761621297.7990508,-4,-1,43
1761621297.8360507,-2,-8,47
1761621297.8750508,0,-2,48
1761621297.913051,-2,-10,39
1761621297.949051,0,-4,39
1761621297.9860508,1,-7,29
1761621298.0250506,6,-1,38
1761621298.0630507,-4,-4,34
1761621298.0990508,3,-3,37
1761621298.1360507,4,1,34
1761621298.1750507,4,-2,26
1761621298.2130508,-4,-1,34
1761621298.2490506,2,0,28
1761621298.2860508,0,-6,27
1761621298.3250508,0,0,40
1761621298.3630507,4,-3,40
1761621298.3990507,2,-8,31
1761621298.4370508,-2,-5,44
1761621298.4750507,-1,-6,30
1761621298.5110507,1,0,33
1761621298.5480506,-1,-2,43
1761621298.5860507,-8,-5,33
1761621298.6250508,-5,-6,30
1761621298.6610508,0,-2,52
1761621298.6980507,1,-5,37
1761621298.7370508,3,3,41
1761621298.7750506,0,0,35
1761621298.811051,-2,7,33
1761621298.8480508,0,2,35
1761621298.8850508,2,-3,29
1761621298.9210508,2,-2,37
1761621298.9580507,0,0,40
1761621298.9960508,-5,-1,42
1761621299.0350506,-7,-4,31
1761621299.0710506,-15,0,33
1761621299.1080508,-7,-3,42
1761621299.1460507,0,-4,33
1761621299.1850507,-1,-1,27
1761621299.2210507,-5,-1,31
1761621299.258051,-4,-2,36
1761621299.2960508,1,4,53
1761621299.334051,4,0,48
1761621299.370051,4,0,46
1761621299.4070508,-1,-1,35
1761621299.4460506,-6,-2,36
1761621299.4840508,5,-4,38
1761621299.5200508,3,0,34
1761621299.5570507,4,-2,28
1761621299.5950508,1,6,31
1761621299.6310508,3,1,27
1761621299.6690507,-2,7,27
1761621299.7070508,-2,5,36
1761621299.745051,1,-8,32
1761621299.7810507,-1,3,34
1761621299.8180506,-6,-1,32
1761621299.857051,-3,1,31
1761621299.8950508,0,0,35
1761621299.9310508,3,-4,35
1761621299.9680507,7,-3,33
1761621300.0060508,0,0,31
1761621300.0440507,-10,1,30
1761621300.0800507,-9,4,39
1761621300.1170506,-2,7,44
1761621300.1550508,-5,0,40
1761621300.1910508,-8,-1,36
1761621300.2280507,0,0,38
1761621300.2660508,-3,2,32
1761621300.3040507,-1,3,39
1761621300.3400507,-9,0,33
1761621300.3770506,-9,0,38
1761621300.4150507,-3,1,31
1761621300.4510508,2,2,27
1761621300.4880507,2,1,32
1761621300.5260508,4,0,43
1761621300.564051,8,0,37
1761621300.6000507,3,0,30
1761621300.6380508,2,2,34
1761621300.676051,5,-1,33
1761621300.712051,-4,-2,31
1761621300.7490506,0,1,41
1761621300.7860508,-7,8,40
1761621300.8220508,0,-2,42
1761621300.8590508,-1,-4,36
1761621300.8970506,0,-3,36
1761621300.9350507,0,-2,32
1761621300.9710507,0,-6,41
1761621301.008051,1,-1,33
1761621301.0460508,7,1,31
1761621301.0820508,7,1,25
1761621301.1190507,0,-6,24
1761621301.1560507,-1,-2,38
1761621301.1950507,1,-4,39
1761621301.2310507,6,-2,44
1761621301.268051,6,-1,30
1761621301.3060508,-2,-4,39
1761621301.3450508,-2,-5,45
1761621301.3810508,-1,-1,40
1761621301.4180508,0,-3,39
1761621301.4560506,-4,4,24
1761621301.495051,2,0,24
1761621301.5310507,-5,-6,25
1761621301.5680506,-4,-2,43
1761621301.607051,-5,-5,26
1761621301.6450508,0,2,30
1761621301.6810508,0,-2,34
1761621301.7180507,3,0,35
1761621301.7570508,3,-8,30
1761621301.7950506,7,-6,35
1761621301.8310506,0,-7,35
1761621301.8680508,-1,-4,48
1761621301.9070508,-3,-4,49
1761621301.9450507,-4,3,44
1761621301.9810507,-4,4,39
1761621302.018051,-7,1,35
1761621302.0570507,2,-2,40
1761621302.0950508,-1,0,34
1761621302.1310508,0,-12,45
1761621302.1680508,0,-9,46
1761621302.2070508,-4,-1,44
1761621302.245051,0,0,29
1761621302.2810507,-3,-4,27
1761621302.3180506,-10,5,43
1761621302.357051,0,2,45
1761621302.3950508,0,-1,39
1761621302.4310508,-1,-1,33
1761621302.4690506,0,-2,28
1761621302.5070508,-5,-7,33
1761621302.5450506,1,-6,37
1761621302.5810506,0,-1,39
1761621302.6190507,2,-6,38
1761621302.6570508,7,-1,44
1761621302.6950507,8,-1,36
1761621302.7310507,8,-2,43
1761621302.768051,6,-7,48
1761621302.8070507,11,-3,39
1761621302.8430507,1,-8,30
1761621302.880051,10,-2,34
1761621302.9170508,4,2,42
1761621302.9530506,-2,0,50
1761621302.9910507,-4,0,41
1761621303.028051,-3,0,39
1761621303.0660508,-2,4,45
1761621303.1020508,-1,-4,48
1761621303.1390507,-2,2,42
1761621303.1770508,0,-3,47
1761621303.2130508,-1,-2,39
1761621303.2510507,-5,-1,43
1761621303.2890508,1,5,33
1761621303.3270507,2,2,25
1761621303.3630507,2,-1,29
1761621303.4010508,8,0,22
1761621303.439051,1,0,31
1761621303.4770508,2,0,38
1761621303.5130508,0,1,40
1761621303.5500507,-2,-5,39
1761621303.5880508,0,-1,34
1761621303.6260507,0,3,32
1761621303.6620507,-2,5,33
1761621303.699051,1,-1,24
1761621303.7370508,2,8,30
1761621303.7730508,-5,5,41
1761621303.8100507,1,0,39
1761621303.8480508,5,-2,36
1761621303.8860507,2,-7,31
1761621303.9220507,-1,-4,33
1761621303.9610507,3,-4,29
1761621303.9980507,-5,0,39
1761621304.0360508,-2,1,31
1761621304.0720508,3,0,40
1761621304.1090508,1,0,24
1761621304.1480508,-8,2,23
1761621304.186051,-9,0,41
1761621304.2300508,-6,-2,36
1761621304.268051,1,0,40
1761621304.3060508,0,5,33
1761621304.3420508,1,0,37
1761621304.380051,-4,1,26
1761621304.4180508,0,-7,41
1761621304.4560506,1,-4,50
1761621304.4920506,-2,-1,44
1761621304.5290508,-7,1,26
1761621304.5670507,-3,3,31
1761621304.6030507,0,0,33
1761621304.6400506,7,-5,32
1761621304.6780508,1,-1,33
1761621304.7160506,5,-7,31
1761621304.7520506,5,2,36
1761621304.7890508,3,0,40
1761621304.8270507,0,-7,46
1761621304.8630507,5,-7,47
1761621304.9000506,1,-1,35
1761621304.9380507,-3,0,27
1761621304.9760506,1,-6,36
1761621305.0120506,2,-3,35
1761621305.0490508,-2,-7,33
1761621305.0880508,-2,0,35
1761621305.1240506,0,4,38
1761621305.1610508,-6,-2,38
1761621305.199051,2,0,37
1761621305.2370508,4,-3,37
1761621305.2730508,0,-7,33
1761621305.3100507,-5,-8,43
1761621305.3480508,6,-13,48
1761621305.3840508,2,-4,37
1761621305.4220507,-6,1,39
1761621305.459051,1,6,27
1761621305.4970508,0,-7,32
1761621305.5330508,1,-1,32
1761621305.5700507,-3,-1,33
1761621305.6080508,7,-2,34
1761621305.6440508,8,3,35
1761621305.6810508,5,-3,31
1761621305.7180507,6,-8,37
1761621305.7540507,6,-5,43
1761621305.791051,0,-5,35
1761621305.8290508,-4,-2,42
1761621305.8680508,-2,6,29
1761621305.9040508,5,0,36
1761621305.9410508,0,-7,39
1761621305.9790506,0,-11,41
1761621306.0170507,0,-7,36
1761621306.0530508,0,-6,33
1761621306.0900507,-12,0,33
1761621306.1280508,-4,0,40
1761621306.1640508,2,4,30
1761621306.2010508,0,0,22
1761621306.2390506,-3,4,28
1761621306.2770507,1,3,31
1761621306.3130507,1,0,34
1761621306.3500507,2,-4,34
1761621306.3880508,0,1,39
1761621306.4240508,-2,1,35
1761621306.4610507,-3,1,25
1761621306.4990506,-8,2,28
1761621306.5370507,-3,8,31
1761621306.5730507,0,6,33
1761621306.610051,-4,0,33
1761621306.6490507,0,0,42
1761621306.6870508,0,-8,44
1761621306.7230508,7,0,31
1761621306.7610507,0,-4,38
1761621306.7990508,-1,-1,44
1761621306.837051,4,-10,39
1761621306.8730507,6,-7,33
1761621306.9100506,-3,-8,38
1761621306.949051,-2,-7,41
1761621306.9870508,0,-2,34
1761621307.0230508,-5,-1,30
1761621307.061051,0,5,37
1761621307.0990508,-5,6,36
1761621307.1350508,0,2,32
1761621307.1720507,7,-8,36
1761621307.2110507,10,-11,23
1761621307.2490506,0,-5,41
1761621307.2850506,4,-1,28
1761621307.3230507,5,2,32
1761621307.3610508,5,-9,33
1761621307.3990507,0,-1,42
1761621307.436051,0,-1,38
1761621307.4730508,3,-6,39
1761621307.5100508,-3,-1,44
1761621307.5490508,0,-3,28
1761621307.5850508,-3,-3,37
1761621307.6230507,-8,1,35
1761621307.6600506,-1,1,31
1761621307.6980507,4,0,29
1761621307.7340508,6,4,32
1761621307.7710507,1,7,38
1761621307.8090508,-6,-2,44
1761621307.8450508,-4,0,37
1761621307.8820508,-4,-8,35
1761621307.9200506,-1,1,27
1761621307.959051,2,-3,22
1761621307.995051,-2,-1,28
1761621308.0330508,-7,0,44
1761621308.0700507,-1,0,34
1761621308.1080508,5,-1,33
1761621308.1440508,-1,0,29
1761621308.1810508,4,-5,26
1761621308.2190506,1,-2,41
1761621308.255051,-4,2,34
1761621308.2920508,1,0,31
1761621308.3300507,-3,-1,35
1761621308.3680508,-7,-4,38
1761621308.4040508,1,-2,34
1761621308.4410508,-5,1,24
1761621308.4800508,6,1,35
1761621308.518051,1,5,37
1761621308.5540507,2,0,35
1761621308.5910506,-4,2,38
1761621308.630051,-7,3,38
1761621308.6680508,-2,-4,35
1761621308.7040508,0,-1,31
1761621308.7410507,-3,-3,38
1761621308.7800508,-4,-1,34
1761621308.8180506,-3,1,43
1761621308.8540506,0,1,32
1761621308.8910508,6,-8,38
1761621308.9300506,2,1,42
1761621308.9680507,-6,-3,36
1761621309.0040507,-4,-1,37
1761621309.041051,-6,0,31
1761621309.0800507,-2,-5,33
1761621309.1180508,-1,3,36
1761621309.1540508,-8,1,29
1761621309.1910508,0,0,28
1761621309.2300508,0,-1,46
1761621309.2660508,-4,-4,47
1761621309.3030508,-6,-5,31
1761621309.3410506,1,3,38
1761621309.380051,-3,-1,46
1761621309.416051,-4,0,34
1761621309.4530506,-1,-4,40
1761621309.4910507,4,-7,28
1761621309.5290508,0,-4,31
1761621309.5650508,-2,-1,38
1761621309.6030507,1,1,33
1761621309.6400506,1,-13,38
1761621309.676051,4,-8,50
1761621309.7130508,6,0,46
1761621309.7500508,8,-3,32
1761621309.7890508,-2,-2,28
1761621309.8250508,0,-1,49
1761621309.8630507,3,-9,36
1761621309.9010508,0,-7,31
1761621309.939051,-2,-1,32
1761621309.9750507,0,0,28
1761621310.0130508,-2,1,49
1761621310.051051,1,2,34
1761621310.0890508,1,4,33
1761621310.1250508,0,0,33
1761621310.1620507,1,-4,34
1761621310.2000508,12,4,29
1761621310.2360508,6,0,42
1761621310.2730508,3,0,39
1761621310.311051,2,-1,32
1761621310.3490508,4,-7,36
1761621310.3850508,6,-8,34
1761621310.4220507,9,3,38
1761621310.4610507,2,-3,32
1761621310.4990506,4,0,33
1761621310.5350506,7,0,38
1761621310.5730507,-4,-3,51
1761621310.6110508,-4,-2,33
1761621310.6490507,3,-8,36
1761621310.6850507,0,-7,19
1761621310.7230508,0,-5,33
1761621310.7610507,-3,-5,41
1761621310.7990508,-1,-3,36
1761621310.8360507,-1,-1,41
1761621310.8730507,6,-5,38
1761621310.9110508,3,-6,34
1761621310.949051,1,-4,34
1761621310.985051,0,-3,36
1761621311.0230508,-2,-1,31
1761621311.061051,-6,1,28
1761621311.0990508,-3,4,31
1761621311.1360507,-3,0,36
1761621311.1730506,2,-1,43
1761621311.2110507,-1,-5,34
1761621311.2490506,6,0,45
1761621311.2850506,5,-2,23
1761621311.3230507,1,1,29
1761621311.3610508,-3,1,26
1761621311.3990507,-2,0,37
1761621311.4350507,-5,-4,39
1761621311.4730508,-4,-4,28
1761621311.5110507,-8,0,37
1761621311.5470507,-2,3,41
1761621311.584051,-13,1,46
1761621311.6210508,-3,1,42
1761621311.6600506,0,7,41
1761621311.6960506,-2,0,31
1761621311.7330508,-3,0,41
1761621311.7710507,0,0,26
1761621311.8070507,4,-3,26
1761621311.8440506,3,1,38
1761621311.8810508,3,-5,47
1761621311.9170508,8,-7,43
1761621311.9550507,6,-1,31
1761621311.9920506,5,-4,28
1761621312.0300508,-4,-7,37
1761621312.0660508,0,-2,42
1761621312.1030507,1,-5,48
1761621312.1410508,5,-4,46
1761621312.1800506,-1,-5,37
1761621312.2160506,-4,-3,45
1761621312.2540507,-1,-1,36
1761621312.291051,-11,-1,25
1761621312.3300507,-5,1,27
1761621312.3660507,-10,-3,31
1761621312.403051,-9,0,21
1761621312.4410508,-9,0,30
1761621312.4770508,-7,0,25
1761621312.5140507,0,-4,27
1761621312.5520508,0,-4,33
1761621312.5900507,-2,-2,27
1761621312.6260507,-3,-4,38
1761621312.6640508,2,-3,35
1761621312.7020507,3,-2,37
1761621312.7400508,0,-3,34
1761621312.7760508,4,0,40
1761621312.8130507,8,0,35
1761621312.8510506,5,-10,29
1761621312.8870506,2,-4,27
1761621312.9240508,4,0,21
1761621312.962051,4,-3,25
1761621313.0000508,-6,1,39
1761621313.0360508,-3,-1,34
1761621313.0730507,0,-2,30
1761621313.1110508,6,-3,41
1761621313.1470506,-3,0,34
1761621313.1840508,-2,0,33
1761621313.222051,0,1,39
1761621313.2600508,-4,-4,42
1761621313.2960508,0,-3,34
1761621313.334051,-3,2,35
1761621313.3720508,0,0,32
1761621313.4100506,-1,-4,35
1761621313.4460506,-7,0,36
1761621313.4830508,0,-6,32
1761621313.5210507,5,0,43
1761621313.5570507,-3,-2,37
1761621313.5940506,1,-4,34
1761621313.6320508,0,-5,29
1761621313.6680508,0,-7,35
1761621313.7050507,1,-10,33
1761621313.7430508,2,-4,32
1761621313.7810507,3,-2,26
1761621313.8170507,-3,-2,35
1761621313.8550508,3,-9,29
1761621313.8920507,-4,-5,38
1761621313.9310508,-1,-1,37
1761621313.9670508,0,0,30
1761621314.005051,-1,6,29
1761621314.0420508,-4,-1,39
1761621314.0810506,-7,1,33
1761621314.1170506,4,-1,44
1761621314.1550508,-2,-8,42
1761621314.1930506,-6,-3,42
1761621314.2370508,2,0,37
1761621314.2740507,-4,-1,34
1761621314.3120508,1,-4,35
1761621314.3480508,2,5,40
1761621314.3850508,2,-2,34
1761621314.4220507,0,-4,27
1761621314.4610507,-4,0,30
1761621314.4970508,-12,-1,37
1761621314.5340507,0,-3,38
1761621314.5730507,1,2,39
1761621314.6110508,2,0,43
1761621314.6470506,2,-2,38
1761621314.6850507,-2,-1,34
1761621314.7230508,1,-3,28
1761621314.7610507,0,0,37
1761621314.7970507,3,-4,42
1761621314.834051,0,-4,30
1761621314.8730507,1,-1,37
1761621314.9110508,3,-5,45
1761621314.9470508,-2,-7,50
1761621314.985051,5,2,39
1761621315.0230508,2,1,35
1761621315.061051,3,6,33
1761621315.097051,3,5,37
1761621315.1350508,7,-8,38
1761621315.1730506,6,-6,29
1761621315.2110507,0,-3,44
1761621315.2470508,0,-6,36
1761621315.2850506,-2,0,34
1761621315.3230507,4,2,34
1761621315.3610508,7,1,38
1761621315.3970506,-4,0,39
1761621315.4340508,-7,0,38
1761621315.4730508,0,-5,44
1761621315.5110507,3,-8,33
1761621315.5470507,1,-3,48
1761621315.584051,0,0,36
1761621315.6230507,-2,3,46
1761621315.6610508,6,-1,33
1761621315.6970508,3,-1,37
1761621315.7340508,8,-7,35
1761621315.7730508,-5,0,27
1761621315.811051,-7,0,26
1761621315.847051,-8,5,30
1761621315.8840508,-1,5,36
1761621315.9230506,2,2,33
1761621315.959051,5,2,28
1761621315.9960508,3,0,31
1761621316.0330508,5,8,32
1761621316.0690508,0,5,29
1761621316.107051,0,0,26
1761621316.1440508,-1,-6,36
1761621316.1830506,-5,0,24
1761621316.2190506,0,2,23
1761621316.2560508,6,-4,48
1761621316.2940507,2,-4,32
1761621316.3320508,-3,-1,40
1761621316.3680508,-2,-2,47
1761621316.4050508,0,-2,41
1761621316.4430506,0,-6,33
1761621316.4790506,4,-1,33
1761621316.5160508,2,-2,23
1761621316.5530508,-4,-10,22
1761621316.5920508,-2,-9,31
1761621316.6280508,-3,-10,31
1761621316.6650507,2,-3,29
1761621316.7030506,-4,3,43
1761621316.7390506,-1,4,35
1761621316.7760508,0,0,37
1761621316.814051,-2,0,30
1761621316.8520508,-3,0,33
1761621316.8880508,2,-2,34
1761621316.926051,0,1,24
1761621316.9640508,8,5,39
1761621317.0020506,-1,-1,24
1761621317.038051,3,-5,34
1761621317.0760508,0,-5,44
1761621317.1140506,-8,-1,40
1761621317.1520507,-6,-3,34
1761621317.1880507,1,0,30
1761621317.2250507,-1,4,32
1761621317.2630508,-2,-3,45
1761621317.2990508,1,-3,44
1761621317.3360507,-1,-3,39
1761621317.3740506,0,-6,29
1761621317.4120507,2,-1,39
1761621317.4480507,-3,-3,29
1761621317.485051,4,0,26
1761621317.5230508,-3,-8,33
1761621317.5590508,-1,-5,31
1761621317.5960507,-5,-6,35
1761621317.6340508,-7,-1,41
1761621317.6730506,-2,-2,31
1761621317.709051,-7,-2,35
1761621317.7460508,-2,-2,32
1761621317.7840507,-2,5,25
1761621317.8230507,-6,-1,29
1761621317.8590508,-5,-1,28
1761621317.8960507,0,0,30
1761621317.9340508,-4,-5,32
1761621317.972051,0,-2,41
1761621318.008051,0,-6,45
1761621318.0450506,-6,-1,45
1761621318.084051,-5,-2,45
1761621318.120051,-5,0,29
1761621318.1570508,-1,-1,21
1761621318.1950507,4,-2,30
1761621318.2330508,1,-10,26
1761621318.2690508,0,-6,27
1761621318.3070507,-2,0,30
1761621318.3440506,2,0,34
1761621318.380051,-1,-4,30
1761621318.4170508,0,7,38
1761621318.4550507,6,5,42
1761621318.4940507,10,0,36
1761621318.5300508,5,-8,34
1761621318.5670507,4,-9,40
1761621318.6050508,-7,1,34
1761621318.643051,0,0,40
1761621318.6790507,0,-1,34
1761621318.7160506,0,0,42
1761621318.7540507,-8,2,31
1761621318.7900507,-1,2,43
1761621318.8270507,3,0,36
1761621318.8640506,0,-5,40
1761621318.903051,-6,-4,35
1761621318.939051,-6,-8,47
1761621318.9760506,0,2,45
1761621319.0140507,1,-5,28
1761621319.0500507,6,-2,34
1761621319.087051,7,1,25
1761621319.1250508,8,0,31
1761621319.163051,0,0,34
1761621319.199051,0,4,44
1761621319.2360508,-2,6,30
1761621319.2740507,-2,0,35
1761621319.3100507,-1,4,34
1761621319.347051,-2,4,41
1761621319.3850508,-6,-5,36
1761621319.4240508,2,0,33
1761621319.4600508,3,-1,39
1761621319.4980507,-3,-4,48
1761621319.5350506,-7,-1,52
1761621319.574051,-6,2,36
1761621319.610051,1,2,39
1761621319.6470506,-2,-2,39
1761621319.6850507,-1,5,33
1761621319.7230508,-1,4,33
1761621319.7590508,0,0,29
1761621319.7960508,3,-2,31
1761621319.834051,0,-7,31
1761621319.870051,-1,1,31
1761621319.9070508,-3,0,33
1761621319.9450507,4,4,33
1761621319.9830508,0,3,29
1761621320.0190508,-6,2,36
1761621320.0570507,-2,0,35
1761621320.0950508,-6,1,39
1761621320.133051,0,-2,32
1761621320.1690507,-2,-1,35
1761621320.2070508,-7,-2,43
1761621320.245051,-4,-2,41
1761621320.2840507,7,0,42
1761621320.3200507,3,0,33
1761621320.357051,1,0,36
1761621320.3950508,-3,0,31
1761621320.4310508,0,-5,31
1761621320.4680507,0,-5,32
1761621320.505051,6,-4,34
1761621320.541051,6,-2,34
1761621320.5790508,3,-1,41
1761621320.6170506,1,-6,40
1761621320.6550508,2,0,46
1761621320.6910508,2,0,50
1761621320.7280507,1,-2,30
1761621320.7650506,-3,4,40
1761621320.801051,2,4,39
1761621320.8380508,1,0,31
1761621320.8750508,1,3,30
1761621320.9140508,-6,0,38
1761621320.9500508,-1,0,38
1761621320.9880507,2,-1,34
1761621321.0250506,2,0,35
1761621321.064051,0,-1,39
1761621321.1000507,-2,2,38
1761621321.1380508,-3,3,40
1761621321.176051,-7,0,26
1761621321.2140508,-2,-4,31
1761621321.2500508,0,-3,31
1761621321.288051,4,2,43
1761621321.3260508,8,2,47
1761621321.3640506,10,-1,42
1761621321.4000506,0,-6,43
1761621321.4380507,7,4,47
1761621321.4760506,6,-5,37
1761621321.5140507,3,-3,35
1761621321.5500507,1,-4,38
1761621321.5880508,-6,-4,32
1761621321.6260507,-3,-1,22
1761621321.6650507,-1,-7,38
1761621321.7010508,-9,-5,38
1761621321.7380507,-1,5,41
1761621321.7760508,-1,-7,29
1761621321.814051,4,-6,33
1761621321.8500507,0,-3,42
1761621321.8880508,-7,3,37
1761621321.926051,-1,5,33
1761621321.9640508,1,-8,28
1761621322.0000508,-4,0,29
1761621322.038051,6,-4,26
1761621322.0760508,-6,0,33
1761621322.1140506,-8,-4,38
1761621322.1500506,-1,-3,33
1761621322.1880507,3,-2,38
1761621322.2270508,0,-5,31
1761621322.2650506,1,0,41
1761621322.301051,3,2,30
1761621322.3380508,5,-2,32
1761621322.3760507,0,-9,32
1761621322.4120507,-2,-7,20
1761621322.4500508,0,-2,35
1761621322.4880507,3,0,37
1761621322.5260508,-2,-3,35
1761621322.5620508,-2,0,30
1761621322.5990508,-1,3,27
1761621322.6360507,3,3,35
1761621322.6720507,3,1,39
1761621322.709051,-2,-1,36
1761621322.7470508,10,6,33
1761621322.7850506,4,0,35
1761621322.8210506,3,4,31
1761621322.8580508,4,0,38
1761621322.8960507,-3,3,37
1761621322.9320507,-5,5,34
1761621322.9690506,-9,4,35
1761621323.0060508,2,0,28
1761621323.0420508,-3,-3,37
1761621323.0790508,-3,11,35
1761621323.1160507,-5,5,28
1761621323.1550508,-3,-1,28
1761621323.1910508,0,0,34
1761621323.2280507,0,-6,39
1761621323.2670507,11,-3,31
1761621323.3050506,9,0,35
1761621323.3410506,3,-3,37
1761621323.3790507,-3,0,38
1761621323.4170508,2,1,34
1761621323.4550507,-1,-7,28
1761621323.4910507,0,-2,26
1761621323.528051,8,3,30
1761621323.5660508,4,6,41
1761621323.6020508,2,5,45
1761621323.6390507,0,2,32
1761621323.6770508,-1,-1,35
1761621323.7150507,-5,0,40
1761621323.7510507,-4,-4,42
1761621323.7890508,-1,-5,32
1761621323.8270507,-4,-7,27
1761621323.8660507,-1,-6,41
1761621323.9020507,0,-11,47
1761621323.939051,1,-9,26
1761621323.9770508,2,-3,33
1761621324.0150506,-2,-3,34
1761621324.051051,1,2,31
1761621324.0880508,-1,-4,25
1761621324.1270506,3,1,40
1761621324.166051,8,2,34
1761621324.2020507,1,0,31
1761621324.2480507,-6,0,34
1761621324.2860508,-1,-3,32
1761621324.3220508,-1,-7,23
1761621324.360051,3,3,29
1761621324.3970506,0,1,17
1761621324.4350507,-3,0,25
1761621324.4710507,1,3,34
1761621324.508051,1,3,36
1761621324.5460508,8,0,40
1761621324.5820508,1,-4,31
1761621324.6190507,-5,1,29
1761621324.6570508,0,4,47
1761621324.6930506,-7,-1,42
1761621324.7300508,0,0,41
1761621324.7670507,2,-7,34
1761621324.8060508,0,5,41
1761621324.8420508,-1,0,44
1761621324.880051,-6,0,34
1761621324.9170508,5,6,27
1761621324.9530506,1,-4,41
1761621324.9900508,-1,-1,39
1761621325.028051,-7,-3,39
1761621325.0670507,0,-2,37
1761621325.1030507,1,1,41
1761621325.1400506,2,-2,39
1761621325.1780508,-5,-3,36
1761621325.2170508,-4,1,39
1761621325.2530508,-10,-1,33
1761621325.291051,3,5,28
1761621325.3280506,-2,1,34
1761621325.3670506,-3,6,32
1761621325.403051,-2,2,37
1761621325.4400508,4,-1,32
1761621325.4780507,7,-3,25
1761621325.5170507,7,-14,39
1761621325.5530508,6,-3,36
1761621325.5900507,2,0,37
1761621325.6280508,6,11,44
1761621325.666051,9,2,42
1761621325.7020507,0,-3,40
1761621325.7390506,-10,0,54
1761621325.7770507,-8,0,32
1761621325.8130507,-1,0,33
1761621325.8500507,-2,0,36
1761621325.8880508,-3,0,31
1761621325.926051,0,1,42
1761621325.962051,-1,2,43
1761621325.9990506,-2,4,35
1761621326.038051,3,0,45
1761621326.0760508,-3,0,37
1761621326.1120508,-7,0,40
1761621326.1490507,-8,-1,37
1761621326.1880507,0,2,44
1761621326.2260506,-5,-1,45
1761621326.2620506,-5,0,36
1761621326.2990508,-14,4,38
1761621326.3380508,-2,-2,27
1761621326.3760507,5,-7,33
1761621326.4120507,3,-11,31
1761621326.449051,3,-4,41
1761621326.4880507,1,6,31
1761621326.5260508,-4,7,28
1761621326.5620508,0,0,41
1761621326.5990508,2,0,37
1761621326.6380508,1,-1,29
1761621326.6740508,-2,1,33
1761621326.7110507,-7,-7,31
1761621326.7490506,-3,0,23
1761621326.788051,2,-4,31
1761621326.824051,6,2,36
1761621326.8610508,-2,-6,30
1761621326.9000506,0,-1,37
1761621326.9380507,-4,-3,32
1761621326.9740508,-1,-1,28
1761621327.0110507,1,-4,29
1761621327.0480506,-4,3,28
1761621327.084051,0,-3,32
1761621327.1220508,-5,-3,35
1761621327.1600506,-3,0,47
1761621327.1980507,-7,1,38
1761621327.2340508,-4,-4,33
1761621327.2720506,-2,-7,43
1761621327.3100507,-3,-6,35
1761621327.3480508,0,-2,36
1761621327.3840508,2,-2,37
1761621327.4210508,0,-1,41
1761621327.459051,-5,-1,42
1761621327.4980507,-3,-3,37
1761621327.5340507,-1,-4,33
1761621327.5720508,-7,-6,38
1761621327.610051,4,2,35
1761621327.6480508,-3,-8,25
1761621327.6840508,-5,-5,43
1761621327.722051,2,-3,39
1761621327.7590508,0,-2,31
1761621327.7970507,2,-2,30
1761621327.8330507,2,0,36
1761621327.870051,0,0,42
1761621327.9080508,3,-7,28
1761621327.9440508,6,4,39
1761621327.9810507,8,0,34
1761621328.0190508,8,-2,45
1761621328.0570507,0,-4,31
1761621328.0930507,-1,-2,35
1761621328.130051,-7,-7,35
1761621328.1690507,0,-3,37
1761621328.2070508,2,-3,45
1761621328.2430508,-4,1,47
1761621328.2800508,0,3,39
1761621328.3180506,3,-8,38
1761621328.3540506,0,-2,30
1761621328.3910508,-4,-5,14
1761621328.4290507,-10,-5,24
1761621328.4680507,-1,0,38
1761621328.5040507,-3,1,41
1761621328.541051,-1,-1,28
1761621328.5790508,0,-4,28
1761621328.6170506,-5,-7,44
1761621328.653051,-2,-2,25
1761621328.6920507,-4,0,35
1761621328.7290506,-7,1,40
1761621328.768051,-1,0,40
1761621328.8040507,1,-10,33
1761621328.8410506,4,-3,42
1761621328.8790507,9,-5,35
1761621328.9150507,8,3,37
1761621328.9530506,0,1,35
1761621328.9900508,-1,-6,39
1761621329.0290508,-5,-4,43
1761621329.0650508,-1,-9,36
1761621329.1030507,-5,-2,28
1761621329.1420507,-6,-5,36
1761621329.1790507,-2,-6,32
1761621329.2180507,-1,-4,35
1761621329.2540507,5,0,25
1761621329.2920508,0,-6,24
1761621329.3290508,2,-1,30
1761621329.3650508,2,3,23
1761621329.403051,-3,-6,29
1761621329.4410508,-4,0,33
1761621329.4790506,0,-5,37
1761621329.5150506,-1,2,41
1761621329.5530508,4,7,39
1761621329.5920508,9,0,35
1761621329.6290507,9,-8,33
1761621329.6650507,0,-8,38
1761621329.7030506,3,-11,40
1761621329.7400508,3,-1,22
1761621329.778051,5,0,28
1761621329.814051,-1,-5,28
1761621329.8510506,-4,0,28
1761621329.8900506,-4,0,20
1761621329.9280508,4,-3,34
1761621329.9640508,3,-8,33
1761621330.0010507,6,-2,35
1761621330.0390508,5,2,35
1761621330.0750508,7,0,28
1761621330.1120508,6,0,47
1761621330.1500506,0,-6,38
1761621330.1880507,-6,-1,23
1761621330.2240508,-5,1,28
1761621330.2610507,-2,4,27
1761621330.2990508,-1,1,34
1761621330.3350508,-5,2,28
1761621330.3720508,5,-3,34
1761621330.4100506,0,-8,38
1761621330.4480507,8,-6,28
1761621330.4840508,0,1,22
1761621330.5210507,2,-3,31
1761621330.5590508,-1,-5,40
1761621330.5950508,-8,-5,35
1761621330.633051,-7,-5,37
1761621330.6710508,0,-6,42
1761621330.709051,-4,-4,38
1761621330.745051,-6,-10,35
1761621330.7830508,0,-10,35
1761621330.8200507,4,-5,28
1761621330.8590508,4,0,37
1761621330.8950508,0,-7,27
1761621330.9320507,-6,-10,37
1761621330.9700508,4,-2,32
1761621331.0090508,2,-2,41
1761621331.0450506,10,-2,34
1761621331.0820508,1,-2,40
1761621331.120051,-3,-9,39
1761621331.1560507,0,-4,41
1761621331.1940508,7,0,42
1761621331.2310507,1,-4,43
1761621331.2690508,7,-5,46
1761621331.3050506,4,-5,34
1761621331.3420508,1,1,27
1761621331.380051,4,0,39
1761621331.416051,2,-2,36
1761621331.4530506,-9,-2,28
1761621331.4910507,-4,-5,32
1761621331.5300508,-2,1,34
1761621331.5660508,-2,2,29
1761621331.6030507,-2,0,31
1761621331.6400506,1,-2,32
1761621331.6790507,-2,-1,41
1761621331.7150507,-3,-4,49
1761621331.7530508,-3,0,49
1761621331.7900507,0,-2,30
1761621331.8260508,1,-3,26
1761621331.8630507,5,-1,30
1761621331.9000506,5,-5,37
1761621331.939051,1,0,42
1761621331.9750507,1,-1,31
1761621332.0120506,-1,2,36
1761621332.051051,4,3,44
1761621332.0890508,1,-7,40
1761621332.1250508,-2,-7,40
1761621332.1620507,0,0,38
1761621332.2000508,6,0,35
1761621332.2360508,5,-3,39
1761621332.2750506,3,-4,32
1761621332.3120508,-1,-9,31
1761621332.3510506,0,-1,33
1761621332.3890507,2,1,31
1761621332.4250507,2,7,32
1761621332.462051,0,-1,36
1761621332.5000508,-6,7,34
1761621332.5360508,3,1,27
1761621332.5730507,-2,2,28
1761621332.6110508,-3,-2,32
1761621332.6500506,-2,0,33
1761621332.686051,-3,0,32
1761621332.7230508,0,-5,33
1761621332.7610507,0,-7,30
1761621332.8000507,-2,-1,25
1761621332.8360507,-6,0,29
1761621332.8730507,-7,-1,32
1761621332.9110508,0,0,28
1761621332.949051,3,-5,32
1761621332.985051,1,-4,35
1761621333.0220506,-7,-2,33
1761621333.061051,1,1,31
1761621333.0990508,2,5,31
1761621333.1350508,0,-2,33
1761621333.1720507,4,0,32
1761621333.2110507,-3,2,22
1761621333.2470508,-3,0,31
1761621333.2840507,0,-4,43
1761621333.3210506,0,1,45
1761621333.357051,8,-1,45
1761621333.3940508,3,0,47
1761621333.4310508,8,-1,44
1761621333.4700508,-12,-1,44
1761621333.5060508,-9,-1,35
1761621333.5450506,-1,0,43
1761621333.5820508,-3,3,38
1761621333.620051,-1,4,27
1761621333.6560507,-8,0,38
1761621333.6950507,5,-1,36
1761621333.732051,3,2,27
1761621333.7700508,-6,-1,31
1761621333.8060508,-5,-4,38
1761621333.8440506,0,-8,36
1761621333.8820508,2,-7,37
1761621333.9200506,2,-3,50
1761621333.9560506,0,-5,37
1761621333.9930508,-3,4,39
1761621334.0310507,0,-5,30
1761621334.0670507,-6,-6,38
1761621334.1040506,-3,-2,44
1761621334.1420507,-1,-8,34
1761621334.1810508,2,-7,33
1761621334.2170508,1,0,28
1761621334.2630508,-4,-1,38
1761621334.301051,3,-2,52
1761621334.337051,0,0,45
1761621334.3750508,3,2,39
1761621334.4120507,-1,0,33
1761621334.4500508,-2,-6,27
1761621334.4860508,0,-3,34
1761621334.5230508,7,-7,30
1761621334.5620508,1,-1,27
1761621334.6000507,1,2,39
1761621334.6360507,2,-3,35
1761621334.6750507,3,0,31
1761621334.712051,-4,1,48
1761621334.7500508,-9,-3,39
1761621334.7860508,-8,2,43
1761621334.824051,-3,-4,19
1761621334.8620508,-2,0,34
1761621334.9000506,-3,0,29
1761621334.936051,2,3,29
1761621334.9740508,3,0,27
1761621335.0120506,2,-4,45
1761621335.0500507,2,0,38
1761621335.0860507,1,-2,35
1761621335.1230507,-5,-3,24
1761621335.1620507,-7,0,29
1761621335.2000508,0,-4,28
1761621335.2360508,0,-2,35
1761621335.2730508,-5,-5,34
1761621335.3120508,1,-3,35
1761621335.3480508,6,-4,40
1761621335.3860507,3,-2,26
1761621335.4230506,2,-5,22
1761621335.462051,-2,0,35
1761621335.4980507,-1,3,31
1761621335.5360508,1,-1,37
1761621335.5730507,0,-4,24
1761621335.6120508,0,-1,31
1761621335.6480508,2,0,38
1761621335.686051,0,4,42
1761621335.7230508,2,-7,32
1761621335.7620506,-3,-3,28
1761621335.7980506,2,0,31
1761621335.8360507,1,2,30
1761621335.8730507,-3,0,32
1761621335.9110508,-3,7,34
1761621335.9470508,8,1,36
1761621335.9840508,6,0,51
1761621336.0220506,0,3,43
1761621336.0580506,0,0,41
1761621336.0950508,0,-2,33
1761621336.1320508,1,0,32
1761621336.1680508,-1,1,35
1761621336.2050507,-3,0,39
1761621336.2430508,3,1,45
1761621336.2810507,-1,0,39
1761621336.3170507,0,-1,42
1761621336.3540506,-3,-3,44
1761621336.393051,-1,-2,34
1761621336.4310508,-4,-6,32
1761621336.4670508,-6,3,33
1761621336.5040507,-6,3,31
1761621336.5420508,-9,-3,42
1761621336.5780506,-5,-3,33
1761621336.6160507,-3,-1,31
1761621336.6540508,-3,2,39
1761621336.6920507,5,0,37
1761621336.7280507,0,1,34
1761621336.7650506,2,0,48
1761621336.8030508,0,-1,42
1761621336.8420508,4,0,40
1761621336.8780508,3,-1,27
1761621336.9150507,4,7,35
1761621336.9530506,-1,0,40
1761621336.9910507,1,2,30
1761621337.0270507,6,-4,34
1761621337.064051,1,-5,27
1761621337.1020508,3,-5,32
1761621337.1380508,-5,-2,22
1761621337.1750507,-2,-3,29
1761621337.2130508,1,1,23
1761621337.2510507,-3,5,30
1761621337.2870507,-2,3,35
1761621337.324051,-8,9,25
1761621337.3630507,-6,4,29
1761621337.4010508,5,1,42
1761621337.4370508,4,4,39
1761621337.4740508,0,0,37
1761621337.5120506,1,1,29
1761621337.5480506,-4,-4,35
1761621337.5860507,1,-4,40
1761621337.6230507,2,-4,35
1761621337.6590507,2,0,36
1761621337.6960506,4,-6,31
1761621337.7340508,-1,0,34
1761621337.7720506,0,-5,31
1761621337.8080506,0,-4,30
1761621337.8450508,6,4,44
1761621337.883051,13,3,49
1761621337.9190507,5,-1,46
1761621337.9570508,1,4,43
1761621337.995051,-6,-2,46
1761621338.0340507,-1,-2,35
1761621338.0720508,-1,-4,37
1761621338.1080508,8,-4,34
1761621338.1450508,1,-3,45
1761621338.1830506,4,-5,26
1761621338.2190506,2,-2,21
1761621338.2560508,2,4,38
1761621338.2930508,1,-3,22
1761621338.3290508,-2,-2,30
1761621338.3670506,-3,0,38
1761621338.4040508,1,-7,40
1761621338.4420507,-4,-1,38
1761621338.4780507,-5,-4,27
1761621338.5170507,-9,-1,29
1761621338.5540507,-2,0,30
1761621338.5920508,2,-4,26
1761621338.6280508,-3,4,23
1761621338.6650507,4,0,35
1761621338.7030506,1,-6,24
1761621338.7390506,4,0,32
1761621338.7770507,0,0,32
1761621338.814051,2,-1,35
1761621338.8520508,6,1,27
1761621338.8880508,8,0,37
1761621338.9250507,7,-3,30
1761621338.9630508,2,-2,30
1761621338.9990506,3,3,34
1761621339.0360508,-5,1,37
1761621339.074051,3,1,19
1761621339.1120508,3,7,38
1761621339.1480508,6,9,38
1761621339.186051,-1,4,36
1761621339.2240508,-8,-3,26
1761621339.2620506,-8,-6,36
1761621339.2980506,-1,1,31
1761621339.3360507,0,4,29
1761621339.3740506,-4,0,32
1761621339.4120507,-6,-1,32
1761621339.4480507,2,0,32
1761621339.4860508,6,2,31
1761621339.5240507,1,2,34
1761621339.5620508,-1,2,33
1761621339.5980508,0,-2,29
1761621339.6360507,-4,-4,36
1761621339.6740508,2,-2,23
1761621339.7130508,-4,-5,30
1761621339.7490506,-4,0,26
1761621339.7860508,0,-6,37
1761621339.824051,8,-6,23
1761621339.860051,2,-8,28
1761621339.8970506,-2,-6,30
1761621339.9350507,2,-1,33
1761621339.9730508,0,2,47
1761621340.0090508,0,-3,39
1761621340.0460508,-4,-3,41
1761621340.084051,1,-7,34
1761621340.1230507,-4,-1,33
1761621340.1590507,-4,3,28
1761621340.1960506,-4,0,27
1761621340.2340508,-1,-5,26
1761621340.2700508,-4,-3,18
1761621340.3080506,-4,-2,23
1761621340.3450508,-4,0,29
1761621340.383051,3,-3,33
1761621340.4190507,0,-4,30
1761621340.4580507,-1,-5,30
1761621340.495051,-3,-1,28
1761621340.5340507,0,4,27
1761621340.5700507,5,2,37
1761621340.607051,7,1,39
1761621340.6450508,6,-1,34
1761621340.6830506,0,-4,28
1761621340.7200508,-2,-3,34
1761621340.758051,-2,-4,47
1761621340.7950506,-1,-3,39
1761621340.834051,2,-4,31
1761621340.870051,8,-3,41
1761621340.9070508,7,-2,37
1761621340.9450507,8,-5,41
1761621340.9830508,-3,-3,38
1761621341.0190508,-4,4,42
1761621341.0570507,-2,-9,32
1761621341.0950508,-2,-2,36
1761621341.1340508,1,0,39
1761621341.1700506,7,1,45
1761621341.2070508,3,5,41
1761621341.245051,-2,5,38
1761621341.2830508,-8,-7,27
1761621341.3190508,-10,2,31
1761621341.3560507,0,1,50
1761621341.3950508,-2,0,43
1761621341.4330506,0,6,35
1761621341.4690506,2,4,34
1761621341.5060508,-3,2,31
1761621341.5440507,3,-6,37
1761621341.5800507,0,-2,28
1761621341.6170506,0,-2,39
1761621341.6550508,2,-5,25
1761621341.6930506,-1,0,32
1761621341.7290506,4,5,35
1761621341.7670507,0,-1,39
1761621341.8050506,5,-5,40
1761621341.8430507,0,-3,36
1761621341.8790507,0,-3,35
1761621341.9170508,-2,-7,33
1761621341.9550507,-2,-9,33
1761621341.9930508,-2,-8,37
1761621342.0290508,-2,-5,31
1761621342.0670507,-2,-4,22
1761621342.1050508,1,-1,28
1761621342.1410508,-4,-3,36
1761621342.1790507,-4,8,44
1761621342.2170508,-6,3,29
1761621342.255051,-6,0,41
1761621342.291051,-1,-3,52
1761621342.3290508,-2,-8,32
1761621342.3670506,0,-2,48
1761621342.4050508,0,-9,36
1761621342.4410508,1,-2,24
1761621342.4780507,0,1,33
1761621342.5150506,1,-3,26
1761621342.5540507,2,-3,30
1761621342.5900507,5,-5,31
1761621342.6270506,0,-2,27
1761621342.6650507,5,-7,26
1761621342.7010508,0,-4,38
1761621342.7380507,-1,2,34
1761621342.7760508,2,1,37
1761621342.814051,0,-4,38
1761621342.8500507,0,-3,31
1761621342.8870506,-7,0,39
1761621342.926051,2,-1,27
1761621342.9640508,-3,1,32
1761621343.0000508,-3,1,27
1761621343.0370507,3,1,33
1761621343.0760508,-3,-4,30
1761621343.1140506,-3,-7,37
1761621343.1500506,1,-9,42
1761621343.1880507,0,-5,38
1761621343.2260506,-5,-10,37
1761621343.2640507,-1,-9,38
1761621343.3000507,0,1,34
1761621343.3380508,0,-1,36
1761621343.3760507,2,5,31
1761621343.4140508,5,7,26
1761621343.4500508,1,-3,24
1761621343.4870508,2,0,29
1761621343.5260508,-6,-3,33
1761621343.564051,0,0,24
1761621343.6000507,-4,3,44
1761621343.6380508,2,-1,44
1761621343.676051,-8,-1,41
1761621343.7140508,1,5,33
1761621343.7500508,0,-3,27
1761621343.788051,4,-2,29
1761621343.8260508,4,-6,44
1761621343.8640506,2,-1,45
1761621343.9000506,-7,-3,35
1761621343.9380507,-4,-4,36
1761621343.9760506,9,-1,36
1761621344.0140507,0,-7,33
1761621344.0500507,-3,-1,37
1761621344.0880508,3,-3,39
1761621344.1260507,-2,-4,42
1761621344.1620507,0,-4,37
1761621344.199051,3,0,37
1761621344.2360508,0,4,36
1761621344.2800508,1,-2,32
1761621344.3180506,0,0,34
1761621344.3560507,0,-8,37
1761621344.3920507,1,-5,42
1761621344.4290507,-2,-4,36
1761621344.4670508,-9,-4,34
1761621344.5060508,2,-9,38
1761621344.5420508,1,-5,43
1761621344.5790508,-6,0,32
1761621344.6160507,-4,0,26
1761621344.6520507,0,-2,34
1761621344.689051,3,0,31
1761621344.7270508,3,9,36
1761621344.7650506,0,4,27
1761621344.801051,-1,5,26
1761621344.8380508,6,-3,31
1761621344.8760507,-3,0,25
1761621344.9120507,-2,5,28
1761621344.949051,-3,2,25
1761621344.9880507,0,-1,26
1761621345.0260508,-1,4,27
1761621345.0620508,10,1,43
1761621345.0990508,-4,-6,33
1761621345.1370506,-10,-2,45
1761621345.176051,-5,-3,41
1761621345.212051,2,-4,28
1761621345.2490506,-5,2,30
1761621345.2870507,-1,1,39
1761621345.3250508,0,7,32
1761621345.3610508,3,3,16
1761621345.3980508,-3,-9,27
1761621345.4370508,-2,-4,29
1761621345.4750507,0,0,31
1761621345.5110507,-1,-4,33
1761621345.5480506,6,1,36
1761621345.5860507,1,-7,41
1761621345.6220508,0,-4,34
1761621345.6590507,-3,0,38
1761621345.6970508,0,0,26
1761621345.735051,5,-5,35
1761621345.7710507,-6,-10,35
1761621345.8090508,0,-12,28
1761621345.847051,1,-4,41
1761621345.8850508,-1,-8,48
1761621345.9210508,-5,-5,38
1761621345.959051,3,-8,33
1761621345.9970508,-1,-5,32
1761621346.0350506,-5,-2,37
1761621346.0710506,-3,-3,34
1761621346.1080508,0,-4,29
1761621346.1470506,-1,3,46
1761621346.1830506,0,0,40
1761621346.2200508,0,-1,38
1761621346.2570508,0,1,41
1761621346.2930508,2,-1,44
1761621346.3300507,-1,3,41
1761621346.3680508,1,1,34
1761621346.4060507,0,0,43
1761621346.4420507,2,3,33
1761621346.4790506,-4,0,38
1761621346.5170507,-5,-1,44
1761621346.5530508,-4,0,31
1761621346.5920508,-3,0,31
1761621346.6290507,-4,-3,30
1761621346.6680508,-7,-4,27
1761621346.7060506,-3,0,31
1761621346.7420506,0,3,28
1761621346.7790508,8,8,33
1761621346.8170507,-4,6,34
1761621346.8530507,1,5,35
1761621346.8900506,-3,0,23
1761621346.9280508,3,-6,30
1761621346.9670508,2,-6,26
1761621347.0030508,-1,-8,46
1761621347.041051,3,-7,52
1761621347.0790508,0,-4,39
1761621347.1170506,2,-6,34
1761621347.153051,1,-4,29
1761621347.1910508,3,5,27
1761621347.2280507,0,-1,26
1761621347.2660508,4,-5,39
1761621347.3020508,-7,-1,45
1761621347.3390508,-2,0,36
1761621347.3770506,-4,1,37
1761621347.413051,-2,-2,34
1761621347.4500508,1,3,25
1761621347.4880507,0,-5,32
1761621347.5260508,0,-3,27
1761621347.5620508,-1,-2,31
1761621347.5990508,-12,-4,34
1761621347.6380508,0,1,39
1761621347.676051,3,3,28
1761621347.712051,1,3,28
1761621347.7490506,9,1,25
1761621347.788051,3,-3,30
1761621347.8260508,2,0,28
1761621347.8620508,-5,-4,31
1761621347.8990507,-4,-1,35
1761621347.9380507,0,-1,26
1761621347.9760506,3,-2,30
1761621348.0120506,1,-1,33
1761621348.0490508,2,-1,28
1761621348.0880508,4,-7,35
1761621348.1260507,2,-1,38
1761621348.1620507,-7,-1,29
1761621348.199051,-1,4,37
1761621348.2380507,0,0,30
1761621348.2760508,3,-4,29
1761621348.3120508,4,-9,25
1761621348.3490508,2,-5,40
1761621348.3880508,4,-2,33
1761621348.4240508,6,-2,23
1761621348.4610507,0,1,30
1761621348.4980507,3,-1,25
1761621348.5370507,2,-5,28
1761621348.5730507,0,0,24
1761621348.610051,0,0,26
1761621348.6480508,0,-3,33
1761621348.6840508,6,-1,35
1761621348.7210507,2,1,31
1761621348.758051,0,0,40
1761621348.7940507,8,-3,45
1761621348.8310506,3,0,41
1761621348.8690507,8,-2,32
1761621348.9070508,-7,2,30
1761621348.9430506,-1,2,29
1761621348.9800508,1,-1,38
1761621349.018051,7,-3,38
1761621349.0540507,0,-6,41
1761621349.0920508,0,-7,35
1761621349.130051,0,-9,31
1761621349.1680508,4,-10,43
1761621349.2040508,7,-9,44
1761621349.2410507,1,-1,40
1761621349.278051,0,0,39
1761621349.314051,0,-3,34
1761621349.3510506,-10,-2,42
1761621349.3890507,-5,3,38
1761621349.4280508,-2,4,32
1761621349.4640508,3,0,23
1761621349.5010507,2,0,33
1761621349.5390508,2,0,32
1761621349.5770507,0,-6,43
1761621349.6130507,-1,-6,40
1761621349.6500506,0,-5,30
1761621349.689051,-3,0,24
1761621349.7270508,0,1,37
1761621349.7630508,0,-5,30
1761621349.8000507,-2,-2,28
1761621349.8390508,-3,0,23
1761621349.8770506,0,0,31
1761621349.913051,2,-2,34
1761621349.9500508,6,-5,35
1761621349.9890506,4,0,39
1761621350.0270507,2,0,37
1761621350.0630507,5,-1,31
1761621350.1000507,1,-7,23
1761621350.1390507,4,5,30
1761621350.1770508,5,-2,33
1761621350.2130508,0,3,36
1761621350.2500508,0,1,37
1761621350.288051,0,-5,28
1761621350.324051,3,-3,25
1761621350.3610508,1,-9,38
1761621350.3990507,0,-6,35
1761621350.4370508,1,1,36
1761621350.4730508,-4,-3,45
1761621350.5110507,-2,0,37
1761621350.5490508,0,1,27
1761621350.5850508,3,0,32
1761621350.6220508,0,0,33
1761621350.6590507,-5,0,32
1761621350.6980507,-3,1,23
1761621350.7340508,5,-2,22
1761621350.7720506,1,-6,26
1761621350.8090508,1,-4,34
1761621350.8480508,-1,-4,33
1761621350.8840508,-3,-2,30
1761621350.9220507,-2,-3,36
1761621350.9600508,1,-5,31
1761621350.9990506,0,-1,37
1761621351.0350506,0,0,28
1761621351.0720508,-5,-10,31
1761621351.110051,0,1,28
1761621351.1480508,-7,-1,32
1761621351.1840508,-3,8,23
1761621351.222051,0,4,31
1761621351.2590508,5,5,25
1761621351.2950506,0,4,29
1761621351.3320508,-3,-2,37
1761621351.370051,4,1,34
1761621351.4080508,-2,4,36
1761621351.4450507,-1,1,36
1761621351.482051,2,0,33
1761621351.5200508,0,-5,40
1761621351.5580506,-6,-1,37
1761621351.5940506,-8,0,35
1761621351.6310508,0,0,34
1761621351.6690507,-4,-6,32
1761621351.7050507,0,-5,20
1761621351.7420506,-6,-3,43
1761621351.7800508,0,-1,31
1761621351.8180506,-5,0,36
1761621351.8540506,-1,-2,41
1761621351.8910508,0,-8,39
1761621351.9290507,2,-5,54
1761621351.9650507,0,-7,42
1761621352.0020506,-3,-5,43
1761621352.0400507,0,-1,46
1761621352.0790508,-2,-9,28
1761621352.1150508,0,-5,34
1761621352.1520507,2,-3,36
1761621352.1900508,0,-3,33
1761621352.2280507,-6,-6,22
1761621352.2640507,-4,-1,16
1761621352.301051,0,-2,34
1761621352.3400507,3,0,28
1761621352.3780508,0,1,21
1761621352.4140508,0,-2,27
1761621352.4510508,0,2,27
1761621352.4890506,-3,2,31
1761621352.5250506,1,0,30
1761621352.5620508,4,-4,36
1761621352.6000507,2,-4,34
1761621352.6380508,1,0,34
1761621352.6740508,3,-2,32
1761621352.7110507,-3,-6,43
1761621352.7500508,-1,-1,37
1761621352.7860508,-6,-4,30
1761621352.8230507,-4,-4,46
1761621352.8620508,4,2,35
1761621352.9000506,2,2,28
1761621352.936051,1,1,28
1761621352.9730508,0,-1,40
1761621353.0110507,1,-5,36
1761621353.0490508,-3,-1,23
1761621353.0850508,-1,-4,26
1761621353.1230507,-3,-5,36
1761621353.1610508,-1,-1,29
1761621353.2000508,-4,-6,34
1761621353.2360508,1,-3,37
1761621353.2730508,-8,0,28
1761621353.311051,-9,0,44
1761621353.3500507,-1,-7,24
1761621353.3860507,-1,-6,31
1761621353.4230506,-4,-2,28
1761621353.4610507,-3,-4,39
1761621353.5000508,2,1,39
1761621353.5360508,2,4,32
1761621353.5730507,0,-4,46
1761621353.610051,2,0,35
1761621353.6490507,0,-7,39
1761621353.6850507,4,1,32
1761621353.7230508,6,2,26
1761621353.7610507,8,-4,31
1761621353.7990508,2,-6,16
1761621353.8350508,-1,8,33
1761621353.8730507,0,4,39
1761621353.9110508,-3,0,41
1761621353.949051,-5,-5,31
1761621353.985051,-6,-1,38
1761621354.0220506,-6,-7,38
1761621354.0600507,-8,5,36
1761621354.0960507,0,5,34
1761621354.133051,-5,-3,38
1761621354.1710508,-2,0,34
1761621354.209051,-5,-4,33
1761621354.245051,0,-5,40
1761621354.291051,3,0,41
1761621354.3290508,0,-5,45
1761621354.3650508,-2,-7,38
1761621354.4020507,-2,-10,44
1761621354.4410508,-6,-12,31
1761621354.4790506,-5,-6,47
1761621354.5150506,-5,0,38
1761621354.5520508,2,-1,35
1761621354.5910506,3,-1,38
1761621354.6290507,3,-2,28
1761621354.6650507,-2,-2,27
1761621354.7030506,-3,0,46
1761621354.7410507,-3,5,46
1761621354.7790508,1,4,52
1761621354.8150508,0,6,41
1761621354.8520508,2,-6,40
1761621354.8900506,3,-2,37
1761621354.926051,5,0,34
1761621354.9630508,-1,1,34
1761621355.0010507,0,-5,28
1761621355.0370507,0,-1,40
1761621355.074051,9,-8,31
1761621355.1110508,-6,0,36
1761621355.1470506,2,-4,51
1761621355.1840508,4,0,42
1761621355.222051,-1,-9,38
1761621355.2600508,-5,-8,20
1761621355.2960508,6,-4,25
1761621355.3330507,1,-6,28
1761621355.3720508,2,-2,40
1761621355.4100506,-3,-4,27
1761621355.4460506,-2,-5,24
1761621355.4830508,-8,-5,32
1761621355.5210507,-4,-1,20
1761621355.5600507,-5,1,19
1761621355.5960507,-6,-3,15
1761621355.633051,-3,3,31
1761621355.6710508,0,0,21
1761621355.7100508,-5,-5,29
1761621355.7460508,-2,0,44
1761621355.7840507,4,0,38
1761621355.8220508,2,0,28
1761621355.860051,0,-4,33
1761621355.8970506,8,1,38
1761621355.9340508,4,0,48
1761621355.972051,4,-11,36
1761621356.0100508,2,-9,30
1761621356.0460508,5,-4,34
1761621356.0830507,0,-3,37
1761621356.1210508,-1,-4,37
1761621356.1570508,1,-2,31
1761621356.1940508,2,3,37
1761621356.232051,6,1,36
1761621356.2700508,13,-1,38
1761621356.3060508,9,1,32
1761621356.3430507,-1,-4,38
1761621356.3820508,0,-6,30
1761621356.4200506,-4,-9,35
1761621356.4560506,3,-6,39
1761621356.4930508,0,-5,40
1761621356.5310507,-1,0,41
1761621356.5670507,-3,1,42
1761621356.6040506,3,0,35
1761621356.6420507,-7,-3,21
1761621356.6800506,-1,-4,25
1761621356.7160506,-3,-3,24
1761621356.7530508,-10,1,42
1761621356.7920508,-2,6,37
1761621356.8300507,-5,2,33
1761621356.8660507,0,5,30
1761621356.903051,3,0,28
1761621356.9420507,0,-10,28
1761621356.9800508,-2,-10,38
1761621357.0160508,-2,5,41
1761621357.0530508,3,3,22
1761621357.0910506,-3,1,34
1761621357.1270506,2,-2,30
1761621357.1640508,2,-4,30
1761621357.2020507,2,-3,35
1761621357.2380507,0,1,33
1761621357.2750506,0,-2,36
1761621357.3120508,2,-2,34
1761621357.3480508,-1,0,36
1761621357.3850508,-3,2,30
1761621357.4230506,0,1,31
1761621357.4610507,2,0,47
1761621357.4970508,-3,0,30
1761621357.5340507,-2,0,35
1761621357.5720508,-2,-2,34
1761621357.6080508,-4,-2,33
1761621357.6460507,2,0,32
1761621357.6830506,-1,-3,48
1761621357.722051,4,-3,38
1761621357.758051,-1,-1,36
1761621357.7970507,-1,-1,36
1761621357.834051,-4,-5,44
1761621357.8730507,-8,-6,38
1761621357.9110508,-3,-5,39
1761621357.9470508,-2,-5,47
1761621357.9840508,-1,-2,32
1761621358.0230508,-3,-9,23
1761621358.061051,-7,3,45
1761621358.097051,-8,0,39
1761621358.1340508,5,0,37
1761621358.1720507,0,6,34
1761621358.2080507,-1,3,34
1761621358.245051,-2,1,35
1761621358.2830508,-3,0,31
1761621358.3210506,-1,-2,35
1761621358.357051,-3,-4,29
1761621358.3940508,3,-1,29
1761621358.4320507,-3,-5,34
1761621358.4680507,-1,-2,27
1761621358.505051,6,5,37
1761621358.5430508,7,-1,34
1761621358.5810506,-1,-4,26
1761621358.6170506,1,-1,43
1761621358.6540508,4,-2,42
1761621358.6930506,-2,-2,44
1761621358.7310507,0,-4,36
1761621358.7670507,0,-3,34
1761621358.8040507,0,2,30
1761621358.8430507,-4,-4,40
1761621358.8810508,-3,-3,44
1761621358.9170508,1,-11,37
1761621358.9540508,-9,-1,42
1761621358.9930508,-6,1,36
1761621359.0310507,-5,-1,26
1761621359.0670507,-7,2,26
1761621359.1040506,-12,0,44
1761621359.143051,-4,-1,38
1761621359.1810508,7,-1,30
1761621359.2170508,10,-4,36
1761621359.2540507,2,-11,33
1761621359.2930508,3,1,29
1761621359.3290508,6,2,36
1761621359.3660507,-2,0,30
1761621359.403051,0,-2,27
1761621359.439051,0,-6,35
1761621359.4760506,3,-1,30
1761621359.5150506,5,-1,37
1761621359.5530508,-2,-7,36
1761621359.5890508,-1,-9,30
1761621359.6270506,5,-3,47
1761621359.6650507,2,-1,47
1761621359.7030506,3,3,29
1761621359.7390506,0,-1,30
1761621359.7760508,4,-9,26
1761621359.8130507,-6,0,28
1761621359.8490508,-2,0,28
1761621359.8860507,-1,0,39
1761621359.9230506,3,-6,34
1761621359.962051,-1,0,41
1761621359.9980507,0,-7,46
1761621360.0350506,1,1,43
1761621360.0730507,-1,-5,31
1761621360.1090508,-1,1,30
1761621360.1460507,8,0,29
1761621360.1840508,5,5,36
1761621360.222051,4,1,39
1761621360.258051,4,0,36
1761621360.2950506,-3,0,37
1761621360.3330507,4,0,27
1761621360.3690507,-1,-2,29
1761621360.4070508,2,0,38
1761621360.4440508,1,-2,36
1761621360.482051,-1,-1,37
1761621360.518051,1,2,34
1761621360.5550506,0,4,34
1761621360.5930507,-2,3,25
1761621360.6290507,-5,-2,35
1761621360.6670508,-4,-2,30
1761621360.7050507,-6,0,42
1761621360.7440507,-9,-3,48
1761621360.7820508,0,-1,31
1761621360.8180506,-4,4,29
1761621360.8550508,0,-2,32
1761621360.8940508,-3,2,24
1761621360.9320507,8,0,39
1761621360.9680507,3,-10,42
1761621361.005051,-2,-9,38
1761621361.0440507,-7,-3,30
1761621361.0820508,2,1,36
1761621361.1180508,-4,-1,42
1761621361.1550508,-1,1,34
1761621361.1940508,0,-4,44
1761621361.232051,-3,-2,43
1761621361.268051,2,-2,37
1761621361.3050506,3,-1,35
1761621361.3440506,-2,1,40
1761621361.380051,6,-1,33
1761621361.4170508,-2,-1,33
1761621361.4550507,1,5,38
1761621361.4940507,2,3,40
1761621361.5300508,1,-1,37
1761621361.5670507,-6,0,42
1761621361.6040506,-3,2,47
1761621361.6400506,3,8,30
1761621361.6780508,-6,3,22
1761621361.7150507,0,5,31
1761621361.7530508,-2,1,40
1761621361.7890508,-2,0,29
1761621361.8260508,0,1,35
1761621361.8640506,-1,2,32
1761621361.9010508,3,-3,31
1761621361.9380507,1,-3,28
1761621361.9750507,-3,-5,38
1761621362.0140507,1,-6,39
1761621362.0500507,0,0,47
1761621362.087051,-3,-3,36
1761621362.1250508,3,-3,40
1761621362.163051,4,-7,41
1761621362.199051,7,0,32
1761621362.2360508,3,1,29
1761621362.2740507,-10,-5,40
1761621362.3100507,0,-8,31
1761621362.347051,-1,-2,27
1761621362.3850508,-1,0,32
1761621362.4240508,0,1,24
1761621362.4600508,7,1,34
1761621362.4970508,5,-3,33
1761621362.5350506,0,4,31
1761621362.5730507,4,0,24
1761621362.6090508,-2,0,33
1761621362.6460507,-1,-4,30
1761621362.6850507,-8,-1,39
1761621362.7230508,-1,-2,34
1761621362.7590508,2,-8,25
1761621362.7960508,0,0,22
1761621362.834051,-8,1,21
1761621362.870051,3,0,23
1761621362.9080508,0,3,35
1761621362.9450507,0,-1,39
1761621362.9830508,3,-3,38
1761621363.0190508,0,-1,37
1761621363.0560508,-1,-3,34
1761621363.0950508,-1,-3,34
1761621363.133051,-6,-9,39
1761621363.1690507,-8,-7,27
1761621363.2060506,1,-4,28
1761621363.2440507,-3,-9,41
1761621363.2800508,-7,-7,40
1761621363.3180506,-3,-1,33
1761621363.3560507,8,-3,31
1761621363.3950508,0,0,33
1761621363.4330506,2,1,35
1761621363.4690506,-2,-3,30
1761621363.5060508,-2,-10,35
1761621363.5450506,3,-9,35
1761621363.5810506,2,-2,32
1761621363.6180508,-4,-1,28
1761621363.6560507,-1,0,43
1761621363.6950507,-3,9,33
1761621363.7310507,-6,-2,32
1761621363.768051,-5,0,24
1761621363.8050506,0,-1,37
1761621363.8440506,9,-3,32
1761621363.880051,-3,-10,31
1761621363.9180508,-9,-3,31
1761621363.9570508,-1,1,33
1761621363.995051,2,-6,42
1761621364.0310507,-3,-3,33
1761621364.0690508,1,0,31
1761621364.1060507,-2,-4,34
1761621364.1450508,-5,-1,31
1761621364.1810508,-7,2,38
1761621364.2180507,1,-3,37
1761621364.255051,0,0,35
1761621364.3000507,0,-1,37
1761621364.337051,0,-8,34
1761621364.3750508,10,-11,23
1761621364.4110508,3,-6,28
1761621364.4480507,0,-4,34
1761621364.485051,0,-8,39
1761621364.5210507,5,-6,39
1761621364.5580506,3,-2,33
1761621364.5960507,0,-4,35
1761621364.6340508,-8,0,28
1761621364.6700506,0,-2,20
1761621364.7070508,0,2,29
1761621364.745051,-4,3,40
1761621364.7810507,-10,0,31
1761621364.8180506,0,6,34
1761621364.8560507,2,-1,22
1761621364.8940508,3,1,32
1761621364.9300506,-5,0,29
1761621364.9680507,-3,-3,48
1761621365.0060508,-5,-8,41
1761621365.0450506,-2,-7,30
1761621365.0810506,-2,1,29
1761621365.1180508,0,-1,26
1761621365.1560507,0,-2,30
1761621365.1940508,-3,0,17
1761621365.2300508,-2,0,34
1761621365.2670507,0,4,37
1761621365.3050506,6,4,45
1761621365.3410506,0,7,38
1761621365.3790507,-2,0,42
1761621365.416051,5,-2,37
1761621365.4540508,1,-3,33
1761621365.4900508,0,-5,24
1761621365.5270507,1,-4,36
1761621365.5650508,1,1,38
1761621365.6010506,3,-2,32
1761621365.6380508,5,0,37
1761621365.676051,-9,2,35
1761621365.712051,-5,-3,34
1761621365.7500508,0,0,41
1761621365.7870507,-1,-2,37
1761621365.8260508,-2,7,34
1761621365.8620508,-1,0,27
1761621365.8990507,0,-1,42
1761621365.9370508,-6,-4,35
1761621365.9760506,5,-7,34
1761621366.0120506,5,-1,25
1761621366.0490508,2,0,24
1761621366.087051,3,-2,25
1761621366.1250508,2,3,37
1761621366.1610508,4,0,39
1761621366.1980507,0,1,35
1761621366.2360508,1,-4,25
1761621366.2720506,-7,-1,35
1761621366.3090508,-2,-3,50
1761621366.347051,0,-2,41
1761621366.3860507,2,-1,34
1761621366.4220507,0,-5,45
1761621366.459051,-4,1,35
1761621366.4960508,0,0,36
1761621366.5320508,2,0,31
1761621366.5690508,1,-6,39
1761621366.607051,-3,-3,44
1761621366.6460507,-1,-3,35
1761621366.6820507,1,-4,40
1761621366.7190506,3,-1,41
1761621366.7570508,2,-7,44
1761621366.7950506,1,-8,35
1761621366.8310506,0,-4,24
1761621366.870051,-2,-2,33
1761621366.9070508,2,0,32
1761621366.9450507,-16,2,36
1761621366.9810507,-6,-2,28
1761621367.018051,0,0,28
1761621367.0560508,2,-4,25
1761621367.0920508,8,2,27
1761621367.1290507,7,-3,42
1761621367.1670508,-3,-3,34
1761621367.2050507,0,-2,33
1761621367.2410507,-2,1,32
1761621367.278051,-2,3,34
1761621367.3170507,3,-1,29
1761621367.3550508,-7,-5,38
1761621367.3910508,-8,-3,38
1761621367.4280508,-5,5,35
1761621367.4670508,-8,2,29
1761621367.505051,2,-2,39
1761621367.541051,-2,-2,45
1761621367.5790508,-6,-2,41
1761621367.6170506,1,-1,37
1761621367.6550508,5,1,46
1761621367.6910508,0,-5,36
1761621367.7280507,0,-2,37
1761621367.7660508,4,-4,33
1761621367.8020508,8,1,27
1761621367.8390508,3,-1,32
1761621367.8770506,1,-3,46
1761621367.913051,0,-9,30
1761621367.9500508,-3,-6,26
1761621367.9880507,-3,-4,31
1761621368.0270507,1,-1,35
1761621368.0630507,6,-2,31
1761621368.1000507,2,-4,35
1761621368.1370506,0,-2,37
1761621368.1730506,-3,-2,33
1761621368.2110507,-2,2,31
1761621368.2490506,3,-2,44
1761621368.2870507,1,0,37
1761621368.3230507,-6,4,45
1761621368.3610508,-6,1,32
1761621368.3990507,3,1,20
1761621368.4370508,0,6,29
1761621368.4730508,2,4,35
1761621368.5110507,0,1,33
1761621368.5480506,7,4,27
1761621368.5860507,-4,9,30
1761621368.6220508,0,2,29
1761621368.6590507,1,-4,21
1761621368.6970508,0,-7,39
1761621368.7330508,1,-2,37
1761621368.7710507,-1,-3,46
1761621368.8090508,-2,-4,23
1761621368.8480508,0,-6,29
1761621368.8860507,0,-2,26
1761621368.9220507,3,0,28
1761621368.959051,-2,2,40
1761621368.9970508,1,3,27
1761621369.0330508,0,2,23
1761621369.0710506,-1,0,31
1761621369.1090508,0,-1,35
1761621369.1470506,0,0,39
1761621369.1830506,0,-4,42
1761621369.2200508,2,-2,26
1761621369.2590508,6,-3,34
1761621369.2970507,0,-4,30
1761621369.3330507,0,-4,25
1761621369.370051,0,3,32
1761621369.4080508,-1,-2,37
1761621369.4460506,-3,-6,49
1761621369.482051,1,-3,46
1761621369.5190508,1,2,38
1761621369.5570507,0,-4,28
1761621369.5930507,0,-7,31
1761621369.630051,1,0,44
1761621369.6680508,2,0,32
1761621369.7060506,1,3,23
1761621369.7420506,-5,-4,23
1761621369.7800508,-7,-1,44
1761621369.8180506,-6,4,40
1761621369.857051,0,0,35
1761621369.893051,6,-2,25
1761621369.9300506,2,-6,27
1761621369.9680507,5,-7,33
1761621370.0060508,1,-10,32
1761621370.0420508,3,0,33
1761621370.0800507,7,5,30
1761621370.1180508,0,0,46
1761621370.1540508,0,0,37
1761621370.1910508,2,1,24
1761621370.2280507,1,1,24
1761621370.2640507,-6,0,41
1761621370.3020508,6,4,33
1761621370.3390508,5,5,41
1761621370.3770506,-2,1,34
1761621370.413051,-8,0,30
1761621370.4500508,-2,-3,48
1761621370.4880507,5,-2,46
1761621370.5240507,-4,0,34
1761621370.561051,-7,0,30
1761621370.5980508,2,-4,38
1761621370.6370506,-2,-4,38
1761621370.6730506,3,-2,42
1761621370.7100508,9,-7,35
1761621370.7480507,6,-1,41
1761621370.7840507,0,-1,44
1761621370.8210506,2,0,41
1761621370.8580508,9,0,44
1761621370.8940508,-2,-2,40
1761621370.9310508,-2,1,35
1761621370.9690506,-1,6,37
1761621371.008051,1,-4,31
1761621371.0440507,-3,5,32
1761621371.0810506,-3,-2,30
1761621371.1190507,-5,3,38
1761621371.1570508,0,2,33
1761621371.1930506,2,-2,40
1761621371.2300508,1,0,27
1761621371.268051,4,1,33
1761621371.3040507,1,3,34
1761621371.3410506,1,-3,49
1761621371.3790507,0,-4,46
1761621371.4170508,-4,0,33
1761621371.4530506,0,-5,41
1761621371.4900508,2,-2,35
1761621371.5290508,-3,-10,24
1761621371.5670507,-3,-2,32
1761621371.6030507,-4,-3,36
1761621371.6400506,0,11,34
1761621371.6790507,0,4,27
1761621371.7170508,3,-2,28
1761621371.7530508,-1,-4,28
1761621371.7900507,-5,-3,40
1761621371.8290508,0,-1,39
1761621371.8670506,0,3,30
1761621371.903051,7,-2,30
1761621371.9400508,-2,0,31
1761621371.9790506,-1,1,31
1761621372.0170507,0,0,37
1761621372.0530508,-3,0,37
1761621372.0900507,-3,0,38
1761621372.1290507,0,-2,39
1761621372.1670508,1,-5,34
1761621372.2030506,-1,1,32
1761621372.2400508,-1,-1,30
1761621372.2790508,-4,-5,24
1761621372.3150508,0,1,30
1761621372.3520508,-3,-2,21
1761621372.3900506,-3,1,26
1761621372.4290507,5,-7,30
1761621372.4650507,0,-7,33
1761621372.5020506,3,5,42
1761621372.5390508,2,-6,46
1761621372.5750508,-6,-4,39
1761621372.6120508,0,3,47
1761621372.6490507,0,-2,37
1761621372.686051,4,-6,33
1761621372.7230508,-2,-3,22
1761621372.7610507,0,-1,27
1761621372.7990508,-5,6,31
1761621372.8350508,0,6,30
1761621372.8720508,7,-1,34
1761621372.9090507,13,4,30
1761621372.9450507,8,2,25
1761621372.982051,3,1,31
1761621373.0190508,-5,-1,38
1761621373.0580506,-7,-5,40
1761621373.0940506,0,0,20
1761621373.1310508,-1,1,38
1761621373.1690507,-7,-3,41
1761621373.2050507,-1,0,29
1761621373.2430508,-3,-3,24
1761621373.2800508,1,-8,27
1761621373.3190508,-4,1,24
1761621373.3550508,5,0,30
1761621373.393051,-1,-1,32
1761621373.4300506,2,-6,41
1761621373.4680507,1,-5,29
1761621373.5040507,-7,-4,27
1761621373.541051,-7,0,29
1761621373.5790508,-6,-2,32
1761621373.6150508,0,-10,29
1761621373.653051,-6,-4,25
1761621373.6910508,-2,2,19
1761621373.7290506,-3,-3,25
1761621373.7650506,0,1,32
1761621373.8020508,0,0,28
1761621373.8400507,-3,0,42
1761621373.8780508,3,2,35
1761621373.9140508,1,0,37
1761621373.9510508,5,-2,34
1761621373.9890506,0,0,37
1761621374.0250506,3,-7,30
1761621374.0620508,-8,-2,35
1761621374.1000507,-5,-2,21
1761621374.1390507,8,4,23
1761621374.1750507,4,-4,30
1761621374.212051,-5,1,28
1761621374.2500508,5,1,38
1761621374.288051,4,-6,33
1761621374.3320508,1,-1,37
1761621374.3710508,-3,2,38
1761621374.4090507,-8,0,42
1761621374.4450507,1,-7,45
1761621374.4830508,0,-2,34
1761621374.5210507,4,-1,39
1761621374.5590508,-1,0,33
1761621374.5950508,3,-8,28
1761621374.6340508,-3,0,44
1761621374.6710508,-4,3,32
1761621374.709051,-14,0,32
1761621374.745051,-17,4,35
1761621374.7840507,-5,0,40
1761621374.8210506,0,0,29
1761621374.8590508,2,-2,23
1761621374.8960507,-10,-3,22
1761621374.9340508,-8,-6,34
1761621374.9710507,-10,-3,34
1761621375.0100508,-2,1,32
1761621375.0460508,2,1,42
1761621375.084051,-9,-6,39
1761621375.1210508,0,1,28
1761621375.1590507,-3,-6,45
1761621375.1950507,1,-1,41
1761621375.2330508,8,1,35
1761621375.2700508,4,3,30
1761621375.3060508,-1,-2,31
1761621375.3430507,5,-2,48
1761621375.3810508,0,0,44
1761621375.4190507,1,-4,30
1761621375.4550507,1,0,31
1761621375.4920506,0,-3,30
1761621375.5310507,-4,-2,39
1761621375.5690508,5,-9,33
1761621375.6050508,-1,-3,30
1761621375.6420507,0,-1,32
1761621375.6810508,5,-1,41
1761621375.7190506,-3,-2,46
1761621375.755051,-5,-2,49
1761621375.7920508,0,-6,48
1761621375.8310506,5,-11,30
1761621375.8690507,-2,-4,34
1761621375.9050508,-1,-1,35
1761621375.9430506,-3,-3,48
1761621375.9810507,-1,-3,38
1761621376.0200508,1,0,42
1761621376.0560508,4,2,42
1761621376.0930507,7,-1,27
1761621376.1310508,9,-8,33
1761621376.1690507,3,0,25
1761621376.2050507,0,2,30
1761621376.2420506,4,-2,41
1761621376.2810507,1,0,48
1761621376.3190508,2,0,45
1761621376.3550508,-4,-2,39
1761621376.3920507,1,0,32
1761621376.4300506,4,0,42
1761621376.4660506,3,0,34
1761621376.5030508,-2,2,28
1761621376.541051,-5,-3,34
1761621376.5800507,2,2,35
1761621376.6160507,11,1,38
1761621376.653051,4,-6,31
1761621376.6910508,7,-9,33
1761621376.7270508,2,-7,38
1761621376.7640507,0,1,34
1761621376.801051,2,-4,42
1761621376.837051,7,0,36
1761621376.8740506,-2,1,38
1761621376.9120507,4,2,25
1761621376.9500508,-8,-7,25
1761621376.9860508,-3,-4,27
1761621377.0230508,-5,-5,35
1761621377.061051,0,2,34
1761621377.097051,-7,0,22
1761621377.1340508,-6,-4,30
1761621377.1720507,0,0,39
1761621377.2100508,0,5,30
1761621377.2460508,0,-4,32
1761621377.2830508,-10,1,32
1761621377.3210506,0,6,42
1761621377.357051,-4,2,38
1761621377.3950508,0,-4,31
1761621377.4320507,-5,-1,28
1761621377.4710507,-4,1,23
1761621377.5070508,3,3,32
1761621377.5450506,-4,-2,45
1761621377.5830507,-1,-6,31
1761621377.6220508,0,-7,35
1761621377.6600506,1,-3,37
1761621377.6960506,-6,0,38
1761621377.7330508,-1,-1,28
1761621377.7720506,-1,0,32
1761621377.8100507,4,-1,41
1761621377.8460507,4,8,34
1761621377.8840508,8,-3,33
1761621377.9220507,1,-5,28
1761621377.9600508,2,-3,29
1761621377.9960508,3,-1,24
1761621378.0330508,8,-1,25
1761621378.0720508,0,-7,24
1761621378.110051,0,-6,37
1761621378.1460507,0,-4,39
1761621378.1830506,0,-1,34
1761621378.2210507,-2,2,36
1761621378.2570508,1,2,38
1761621378.2940507,2,0,33
1761621378.3320508,-3,0,36
1761621378.370051,-2,0,39
1761621378.4060507,-4,1,36
1761621378.4430506,3,3,37
1761621378.4810507,4,-2,40
1761621378.5170507,4,-4,38
1761621378.5540507,10,-6,36
1761621378.5920508,3,-7,39
1761621378.6310508,1,-2,43
1761621378.6670508,0,1,35
1761621378.7040508,-1,3,31
1761621378.7420506,1,-1,24
1761621378.778051,-5,-2,28
1761621378.8150508,1,-5,40
1761621378.8530507,-1,0,44
1761621378.8910508,5,4,30
1761621378.9270508,-5,8,34
1761621378.9640508,-14,2,29
1761621379.0020506,-2,-5,30
1761621379.038051,-5,1,37
1761621379.0750508,-6,1,29
1761621379.1140506,0,-6,36
1761621379.1520507,-8,-6,34
1761621379.1880507,-5,-3,37
1761621379.2250507,-2,-3,24
1761621379.2640507,0,0,40
1761621379.3020508,5,4,38
1761621379.3380508,2,3,38
1761621379.3750508,2,3,25
1761621379.4120507,-1,1,34
1761621379.4480507,-4,3,41
1761621379.4860508,-2,1,26
1761621379.5230508,0,1,29
1761621379.561051,0,1,28
1761621379.597051,6,-3,30
1761621379.6340508,3,-2,35
1761621379.6730506,11,-4,27
1761621379.7110507,4,-3,20
1761621379.7470508,2,-2,26
1761621379.7840507,3,-8,32
1761621379.8220508,-2,-7,38
1761621379.8580508,4,-7,30
1761621379.8950508,0,-7,39
1761621379.9330506,0,-9,27
1761621379.9710507,-1,-2,29
1761621380.0070508,0,4,45
1761621380.0440507,-2,1,37
1761621380.0820508,-1,1,29
1761621380.1180508,-4,0,37
1761621380.1550508,-6,-6,46
1761621380.1930506,-4,-5,36
1761621380.232051,1,-6,30
1761621380.268051,6,-3,36
1761621380.3050506,5,4,39
1761621380.3430507,-4,-1,41
1761621380.3810508,3,-1,37
1761621380.4170508,0,-1,39
1761621380.4550507,6,0,37
1761621380.4930508,-2,-2,26
1761621380.5310507,7,0,25
1761621380.5680506,2,-6,28
1761621380.6050508,5,-6,35
1761621380.643051,5,-3,36
1761621380.6810508,0,-3,40
1761621380.7170508,-1,-2,35
1761621380.755051,-2,2,31
1761621380.7930508,0,-6,31
1761621380.8310506,-3,-2,32
1761621380.8680508,2,-3,46
1761621380.9050508,-1,-7,36
1761621380.9430506,0,-4,40
1761621380.9790506,-8,-3,36
1761621381.0160508,-2,0,29
1761621381.0540507,-9,2,31
1761621381.0930507,-3,-1,35
1761621381.1290507,-1,5,38
1761621381.166051,-1,-3,29
1761621381.2040508,6,-5,25
1761621381.2430508,10,-6,33
1761621381.2790508,8,-4,41
1761621381.3160508,0,1,39
1761621381.3530507,3,6,45
1761621381.3890507,3,2,38
1761621381.4270508,-4,2,35
1761621381.4640508,-6,-5,22
1761621381.5030508,-2,0,32
1761621381.5390508,1,-2,28
1761621381.5770507,1,-3,41
1761621381.6140506,8,-6,31
1761621381.6520507,0,0,33
1761621381.6880507,-2,4,22
1761621381.7250507,0,1,33
1761621381.7630508,4,-3,36
1761621381.7990508,4,-3,41
1761621381.837051,5,-1,34
1761621381.8750508,0,-2,28
1761621381.913051,1,-1,28
1761621381.949051,-4,1,30
1761621381.9870508,-2,0,40
1761621382.0250506,-2,-2,37
1761621382.064051,0,6,34
1761621382.1020508,2,4,38
1761621382.1380508,0,0,39
1761621382.1750507,0,0,42
1761621382.2130508,0,-2,42
1761621382.2490506,2,-1,46
1761621382.2870507,-4,5,40
1761621382.3250508,-5,-1,39
1761621382.3640506,-5,3,34
1761621382.4020507,-2,0,37
1761621382.4380507,5,0,41
1761621382.4750507,6,1,32
1761621382.5130508,5,5,27
1761621382.5490508,5,-5,23
1761621382.587051,4,0,35
1761621382.6240506,2,-6,39
1761621382.663051,2,-2,39
1761621382.699051,0,-3,33
1761621382.7360508,2,0,25
1761621382.7740507,6,0,28
1761621382.8120508,6,-5,25
1761621382.8480508,5,0,42
1761621382.8850508,0,-4,29
1761621382.9240508,-7,0,39
1761621382.962051,-4,0,34
1761621382.9980507,-4,1,45
1761621383.0350506,0,-6,48
1761621383.0730507,1,-5,38
1761621383.1090508,9,0,45
1761621383.1460507,3,-1,45
1761621383.1840508,7,1,30
1761621383.2200508,3,0,31
1761621383.2570508,5,0,32
1761621383.2940507,3,-8,41
1761621383.3300507,1,-8,29
1761621383.3670506,2,-1,35
1761621383.4050508,0,-3,46
1761621383.4430506,0,-1,30
1761621383.4790506,-2,0,36
1761621383.5160508,2,-8,46
1761621383.5550506,0,0,24
1761621383.5930507,-3,0,34
1761621383.6290507,-8,-8,40
1761621383.6670508,-7,3,45
1761621383.7050507,-1,-1,34
1761621383.7440507,-11,0,39
1761621383.7800508,-7,-1,29
1761621383.8180506,1,0,37
1761621383.8550508,1,-6,29
1761621383.8940508,-1,-5,33
1761621383.9300506,-1,0,30
1761621383.9680507,4,0,33
1761621384.005051,3,-4,33
1761621384.0430508,5,2,36
1761621384.0790508,12,-4,28
1761621384.1160507,3,-1,31
1761621384.1550508,0,-1,38
1761621384.1930506,1,2,41
1761621384.2290506,0,0,32
1761621384.2660508,1,0,25
1761621384.3050506,0,-10,34
1761621384.3490508,-3,-4,19
1761621384.3870506,-2,-7,34
1761621384.4250507,-6,-7,26
1761621384.4640508,-6,-3,41
1761621384.5000508,0,-2,39
1761621384.5370507,0,-7,28
1761621384.5750508,0,-9,25
1761621384.6130507,2,-4,30
1761621384.6490507,-2,1,41
1761621384.6870508,-8,3,34
1761621384.7250507,-3,6,30
1761621384.7640507,6,-3,31
1761621384.8000507,9,-1,29
1761621384.837051,5,0,29
1761621384.8750508,-2,0,20
1761621384.913051,0,-5,31
1761621384.949051,3,0,32
1761621384.9860508,5,3,25
1761621385.0240507,3,0,32
1761621385.0600507,-5,1,40
1761621385.097051,-3,-2,31
1761621385.1350508,3,-1,27
1761621385.1730506,0,-3,23
1761621385.209051,-2,5,20
1761621385.2460508,-3,-1,35
1761621385.2850506,-1,-4,29
1761621385.3210506,0,-2,25
1761621385.3580508,-1,4,30
1761621385.3960507,0,0,33
1761621385.4340508,3,0,23
1761621385.4710507,1,0,36
1761621385.508051,0,-4,34
1761621385.5460508,3,0,42
1761621385.584051,-2,0,37
1761621385.620051,0,-3,32
1761621385.6570508,-8,0,39
1761621385.6950507,-6,2,25
1761621385.7310507,0,-7,22
1761621385.768051,-3,-3,39
1761621385.8060508,-1,-5,27
1761621385.8450508,-3,-8,40
1761621385.8810508,0,-7,37
1761621385.9190507,-1,-3,23
1761621385.9560506,6,3,30
1761621385.9940507,-1,4,28
1761621386.0300508,-3,0,34
1761621386.0670507,-7,-7,35
1761621386.1050508,-1,-6,36
1761621386.1440508,0,-1,47
1761621386.1800506,4,-7,43
1761621386.2170508,0,1,32
1761621386.255051,4,4,41
1761621386.291051,-2,0,36
1761621386.3280506,-2,-7,32
1761621386.3660507,1,0,35
1761621386.4050508,0,0,46
1761621386.4410508,-2,-1,37
1761621386.4790506,-2,-6,27
1761621386.5170507,-3,-2,23
1761621386.5560508,-2,-4,29
1761621386.5940506,0,-2,33
1761621386.630051,-4,-11,33
1761621386.6670508,10,-11,44
1761621386.7050507,3,-3,30
1761621386.7410507,-3,-1,31
1761621386.778051,-1,2,35
1761621386.8160508,-2,3,29
1761621386.8540506,0,-1,26
1761621386.8900506,0,0,20
1761621386.9270508,0,0,34
1761621386.9650507,-8,-1,33
1761621387.0040507,-8,-1,42
1761621387.0400507,-3,-3,46
1761621387.0780506,-7,0,30
1761621387.1160507,1,-4,30
1761621387.1540508,-5,-3,40
1761621387.1900508,0,-6,46
1761621387.2280507,5,-6,37
1761621387.2660508,11,-4,42
1761621387.3040507,-1,-2,34
1761621387.3400507,-3,0,27
1761621387.3780508,2,-3,25
1761621387.416051,0,-1,26
1761621387.4520507,0,8,36
1761621387.4890506,-1,1,33
1761621387.5260508,-2,0,22
1761621387.5650508,1,-3,41
1761621387.6010506,0,-2,38
1761621387.6390507,-4,-1,37
1761621387.676051,-4,-7,39
1761621387.7150507,-6,-2,32
1761621387.7510507,1,2,44
1761621387.788051,-3,-1,36
1761621387.8260508,0,-2,26
1761621387.8620508,2,-3,22
1761621387.8990507,3,-5,30
1761621387.9370508,8,0,32
1761621387.9750507,0,5,28
1761621388.0110507,2,6,27
1761621388.0480506,1,3,30
1761621388.0860507,0,-4,29
1761621388.1220508,1,-4,30
1761621388.1590507,1,-8,34
1761621388.1970508,0,-6,40
1761621388.235051,1,0,39
1761621388.2710507,1,-1,31
1761621388.3080506,-5,-1,35
1761621388.347051,1,2,39
1761621388.3850508,-3,-2,35
1761621388.4210508,3,-1,40
1761621388.459051,0,-1,48
1761621388.4970508,4,-1,44
1761621388.5350506,6,-9,37
1761621388.5710506,1,0,43
1761621388.6080508,1,-6,35
1761621388.6460507,1,0,32
1761621388.6820507,-1,-2,37
1761621388.7190506,-5,-2,29
1761621388.7570508,3,0,39
1761621388.7950506,-1,-1,37
1761621388.8310506,-5,-3,37
1761621388.8680508,-1,0,37
1761621388.9060507,4,2,33
1761621388.9420507,2,-2,33
1761621388.9800508,-2,-9,28
1761621389.018051,7,2,41
1761621389.0560508,-1,-4,47
1761621389.0920508,3,-12,38
1761621389.1290507,4,-6,36
1761621389.1670508,-1,-2,30
1761621389.2050507,0,-4,33
1761621389.2410507,0,-3,40
1761621389.278051,1,0,35
1761621389.3160508,-2,1,32
1761621389.3530507,-3,-7,37
1761621389.3900506,7,-6,42
1761621389.4270508,3,0,37
1761621389.4650507,-4,0,29
1761621389.5010507,-8,-1,36
1761621389.538051,-5,-8,39
1761621389.5770507,0,-3,48
1761621389.6130507,0,-5,40
1761621389.6500506,3,-2,30
1761621389.6880507,-1,0,37
1761621389.7260506,0,-6,39
1761621389.7620506,-4,-2,39
1761621389.8000507,-1,-9,51
1761621389.8380508,-4,0,48
1761621389.8760507,-6,1,37
1761621389.9120507,-5,0,23
1761621389.949051,-3,-4,28
1761621389.9870508,0,-11,30
1761621390.0260508,5,-3,13
1761621390.0620508,2,0,23
1761621390.0990508,-1,-3,34
1761621390.1370506,-4,0,27
1761621390.1730506,-3,-1,26
1761621390.2110507,1,-6,30
1761621390.2490506,7,-2,31
1761621390.2870507,-3,-1,32
1761621390.3230507,-7,-3,25
1761621390.360051,-2,-5,37
1761621390.3980508,-9,0,33
1761621390.4370508,-2,0,32
1761621390.4730508,-2,1,19
1761621390.5100508,-3,-7,29
1761621390.5480506,0,-4,32
1761621390.587051,4,1,40
1761621390.6230507,3,0,31
1761621390.6600506,0,0,27
1761621390.6980507,1,0,39
1761621390.7360508,4,1,44
1761621390.7720506,2,0,28
1761621390.8090508,3,-6,30
1761621390.847051,0,-1,33
1761621390.883051,4,-3,36
1761621390.9200506,1,-5,24
1761621390.9580507,-5,-7,43
1761621390.9960508,-6,-6,40
1761621391.0320508,-1,-3,39
1761621391.0700507,0,1,32
1761621391.1080508,0,1,39
1761621391.1460507,2,2,44
1761621391.1820507,-3,2,37
1761621391.2190506,-6,3,33
1761621391.258051,3,-6,30
1761621391.2960508,4,-10,29
1761621391.3320508,3,-3,40
1761621391.3690507,0,1,37
1761621391.4070508,3,-2,28
1761621391.4430506,0,3,27
1761621391.4800508,0,4,36
1761621391.518051,-2,-1,27
1761621391.5560508,0,-4,44
1761621391.5920508,2,0,48
1761621391.6290507,-3,-5,37
1761621391.6680508,3,-2,35
1761621391.7060506,-12,0,47
1761621391.7420506,-6,-7,41
1761621391.7800508,-2,-5,38
1761621391.8180506,4,0,41
1761621391.857051,0,4,45
1761621391.893051,-1,0,44
1761621391.9300506,4,-3,36
1761621391.9680507,-1,3,19
1761621392.0040507,0,0,29
1761621392.041051,-5,-3,33
1761621392.0790508,3,1,40
1761621392.1170506,-7,-1,31
1761621392.153051,3,-1,30
1761621392.1910508,-9,-2,27
1761621392.2290506,-3,-6,30
1761621392.268051,-4,0,25
1761621392.3040507,0,-2,35
1761621392.3410506,1,-6,31
1761621392.3790507,-4,4,29
1761621392.4180508,-9,3,34
1761621392.4540508,-5,3,35
1761621392.4910507,-3,2,36
1761621392.528051,-5,0,35
1761621392.5670507,-2,0,32
1761621392.6030507,-3,0,32
1761621392.6410508,-4,0,36
1761621392.6780508,0,1,40
1761621392.7140508,-1,8,44
1761621392.7510507,1,6,39
1761621392.7890508,-4,-2,31
1761621392.8270507,4,-3,42
1761621392.8630507,-2,2,30
1761621392.9000506,-5,-2,22
1761621392.939051,-5,-3,24
1761621392.9770508,-9,-5,36
1761621393.0130508,1,-7,35
1761621393.0500507,-8,-8,31
1761621393.0890508,1,-6,28
1761621393.1270506,-5,-11,27
1761621393.163051,-12,-11,29
1761621393.2000508,-10,-9,38
1761621393.2390506,0,-1,31
1761621393.2770507,1,-5,52
1761621393.3130507,-2,2,45
1761621393.3500507,-1,-2,30
1761621393.3890507,-7,-5,21
1761621393.4270508,-5,-3,24
1761621393.4630508,0,-3,26
1761621393.5000508,-1,-2,40
1761621393.5390508,0,-2,44
1761621393.5770507,0,-3,43
1761621393.6130507,2,0,47
1761621393.6500506,0,-1,32
1761621393.6880507,-3,-5,23
1761621393.7240508,1,-3,22
1761621393.7620506,3,-3,46
1761621393.7990508,3,-3,40
1761621393.837051,-5,-9,16
1761621393.8730507,3,-1,28
1761621393.9100506,-4,-1,35
1761621393.949051,2,-1,27
1761621393.985051,-4,-1,35
1761621394.0230508,-3,-3,38
1761621394.061051,1,4,34
1761621394.0990508,3,2,29
1761621394.1350508,3,-1,29
1761621394.1720507,0,-8,26
1761621394.209051,3,-4,32
1761621394.245051,-3,-3,29
1761621394.2820508,1,-5,29
1761621394.3200507,-4,-3,24
1761621394.3640506,0,-3,41
1761621394.4020507,-4,-1,32
1761621394.4400508,-2,-3,25
1761621394.4790506,-4,1,32
1761621394.5150506,-1,-1,34
1761621394.5530508,2,0,40
1761621394.5900507,3,2,42
1761621394.6280508,-3,1,36
1761621394.6640508,1,-2,30
1761621394.7010508,3,-2,34
1761621394.7390506,3,2,38
1761621394.7750506,1,1,36
1761621394.8120508,1,0,28
1761621394.8500507,-2,0,34
1761621394.8880508,0,-4,42
1761621394.9240508,9,-1,39
1761621394.9610507,0,5,38
1761621395.0000508,3,2,40
1761621395.038051,3,7,44
1761621395.074051,-1,5,38
1761621395.1110508,-2,4,33
1761621395.1500506,1,-6,29
1761621395.1880507,0,-3,36
1761621395.2240508,2,-3,28
1761621395.2610507,-4,-4,22
1761621395.3000507,2,-2,38
1761621395.3380508,0,-2,37
1761621395.3740506,-3,1,33
1761621395.4110508,-5,-4,36
1761621395.4500508,2,-4,36
1761621395.4880507,-1,1,34
1761621395.5240507,-6,3,24
1761621395.561051,4,8,31
1761621395.5990508,8,1,38
1761621395.6350508,3,6,34
1761621395.6720507,-1,2,24
1761621395.7100508,-4,7,35
1761621395.7480507,-2,0,30
1761621395.7840507,-10,-1,37
1761621395.8220508,5,-3,39
1761621395.860051,1,-8,45
1761621395.8980508,-2,0,36
1761621395.9340508,-3,0,43
1761621395.972051,4,-2,33
1761621396.0100508,5,-6,34
1761621396.0460508,5,-8,20
1761621396.0830507,6,3,29
1761621396.120051,2,-3,30
1761621396.1560507,0,0,30
1761621396.1930506,-2,-5,30
1761621396.2310507,0,1,36
1761621396.2690508,-6,0,34
1761621396.3050506,-5,0,34
1761621396.3420508,-7,3,20
1761621396.3810508,5,-3,27
1761621396.4190507,-2,2,38
1761621396.4550507,-2,-2,20
1761621396.4930508,-1,-2,22
1761621396.5310507,0,-1,47
1761621396.5690508,0,0,37
1761621396.6060507,0,-1,27
1761621396.643051,1,-7,28
1761621396.6800506,-3,0,35
1761621396.7190506,8,2,34
1761621396.755051,-1,1,37
1761621396.7920508,-1,-1,44
1761621396.8310506,-3,4,39
1761621396.8690507,-4,-1,36
1761621396.9050508,-1,5,28
1761621396.9420507,-7,3,30
1761621396.9800508,0,-2,32
1761621397.0190508,3,-1,42
1761621397.0550506,4,-2,36
1761621397.0920508,3,0,38
1761621397.130051,4,0,36
1761621397.166051,0,6,40
1761621397.2030506,2,5,44
1761621397.2410507,2,-1,33
1761621397.2790508,-1,0,29
1761621397.3150508,3,0,31
1761621397.3520508,-5,0,24
1761621397.3900506,-2,1,34
1761621397.426051,0,-2,38
1761621397.4630508,1,-6,46
1761621397.5010507,-1,-8,34
1761621397.5390508,-1,-4,44
1761621397.5750508,-4,-1,40
1761621397.6120508,-2,-4,30
1761621397.6510508,2,-4,43
1761621397.689051,1,2,31
1761621397.7250507,5,5,26
1761621397.7620506,3,-3,35
1761621397.801051,-1,-2,28
1761621397.8390508,0,1,31
1761621397.8750508,-1,-4,30
1761621397.9120507,2,-1,25
1761621397.9500508,2,0,27
1761621397.9860508,-2,2,28
1761621398.0230508,0,-3,43
1761621398.061051,-1,-3,37
1761621398.0990508,-5,-9,44
1761621398.1350508,0,-1,55
1761621398.1720507,-3,-3,39
1761621398.2110507,0,2,30
1761621398.2490506,-3,0,30
1761621398.2850506,-5,-5,25
1761621398.3230507,-4,-3,39
1761621398.3610508,5,2,39
1761621398.3970506,-1,3,48
1761621398.4340508,-3,-1,40
1761621398.4730508,1,0,34
1761621398.5110507,3,0,36
1761621398.5470507,11,1,43
1761621398.584051,0,-6,44
1761621398.6220508,4,-7,42
1761621398.6610508,2,-1,36
1761621398.6970508,-2,-2,44
1761621398.7340508,3,-6,40
1761621398.7720506,4,-4,36
1761621398.8100507,6,-3,38
1761621398.8460507,1,-4,47
1761621398.8840508,-5,-7,33
1761621398.9220507,-7,-8,34
1761621398.9610507,-1,-4,32
1761621398.9970508,8,-4,34
1761621399.0340507,2,-1,28
1761621399.0710506,1,-9,36
1761621399.110051,7,-5,23
1761621399.1460507,3,-2,28
1761621399.1840508,0,0,36
1761621399.222051,5,-2,28
1761621399.2600508,1,-3,34
1761621399.2960508,-6,0,27
1761621399.3330507,1,-2,28
1761621399.3710508,1,-9,30
1761621399.4070508,0,-6,30
1761621399.4440508,-1,-7,27
1761621399.482051,-3,-6,34
1761621399.5210507,-2,-7,35
1761621399.5570507,-4,-10,30
1761621399.5940506,-1,-5,35
1761621399.6320508,-3,-7,42
1761621399.6710508,-5,-2,40
1761621399.7070508,0,-4,40
1761621399.7440507,-2,-2,40
1761621399.7820508,-1,-1,36
1761621399.8210506,-3,-8,28
1761621399.857051,0,1,21
1761621399.8940508,-8,1,33
1761621399.9320507,-4,-3,35
1761621399.9700508,-5,-2,37
1761621400.0070508,-8,4,32
1761621400.0440507,0,0,35
1761621400.0820508,1,-4,26
1761621400.120051,3,-4,40
1761621400.1560507,6,-5,38
1761621400.1940508,-3,-5,37
1761621400.232051,-7,-3,43
1761621400.2700508,0,-9,44
1761621400.3060508,-3,-4,36
1761621400.3440506,10,0,34
1761621400.3820508,6,-5,27
1761621400.4200506,-1,-1,38
1761621400.4560506,-8,0,28
1761621400.4940507,-1,-5,27
1761621400.5320508,5,-6,37
1761621400.5680506,9,-2,44
1761621400.6050508,4,4,37
1761621400.6420507,-7,0,33
1761621400.6780508,0,-6,33
1761621400.7160506,-1,-3,39
1761621400.7530508,3,0,36
1761621400.791051,0,-5,35
1761621400.8270507,2,-11,36
1761621400.8640506,-1,-12,38
1761621400.9020507,-5,0,37
1761621400.9380507,-2,-2,37
1761621400.9760506,-1,0,39
1761621401.0130508,1,-1,35
1761621401.051051,3,-6,36
1761621401.087051,2,1,30
1761621401.1240506,-3,0,33
1761621401.1620507,-12,0,36
1761621401.1980507,-8,3,42
1761621401.235051,-1,-4,47
1761621401.2730508,-4,-5,45
1761621401.3120508,0,-3,53
1761621401.3480508,-2,1,27
1761621401.3850508,5,2,31
1761621401.4230506,-1,-1,31
1761621401.4610507,6,-4,42
1761621401.4970508,8,0,44
1761621401.5340507,5,0,41
1761621401.5720508,-1,-1,43
1761621401.6080508,-2,1,41
1761621401.6450508,0,0,40
1761621401.6830506,-2,1,41
1761621401.7210507,-3,0,42
1761621401.7570508,0,-2,36
1761621401.7950506,-7,-7,32
1761621401.8330507,-9,-3,33
1761621401.8720508,-2,2,52
1761621401.9080508,1,2,39
1761621401.9450507,1,0,28
1761621401.9830508,2,-2,36
1761621402.0210507,7,-3,38
1761621402.0570507,0,-1,32
1761621402.0950508,6,-5,34
1761621402.133051,-2,-10,28
1761621402.1710508,3,-5,31
1761621402.2080507,-1,4,45
1761621402.245051,-2,3,38
1761621402.2830508,3,1,32
1761621402.3210506,-3,0,36
1761621402.357051,0,-4,34
1761621402.3950508,0,0,39
1761621402.4330506,0,-2,28
1761621402.4710507,-7,1,31
1761621402.5070508,-2,-6,34
1761621402.5450506,3,-3,32
1761621402.5830507,3,1,28
1761621402.6210508,2,-7,36
1761621402.6570508,11,-5,35
1761621402.6950507,6,5,39
1761621402.7330508,0,0,36
1761621402.7710507,-6,0,37
1761621402.8070507,0,0,38
1761621402.8440506,-3,0,34
1761621402.883051,5,0,30
1761621402.9190507,7,-4,20
1761621402.9560506,4,0,24
1761621402.9940507,0,6,32
1761621403.0320508,-4,-3,33
1761621403.0680506,-1,-3,23
1761621403.1050508,-2,-3,29
1761621403.143051,0,-5,31
1761621403.1790507,-1,-7,34
1761621403.2160506,-2,0,32
1761621403.2540507,2,2,26
1761621403.2920508,3,3,28
1761621403.3280506,-5,0,30
1761621403.3650508,0,1,34
1761621403.403051,3,-3,31
1761621403.439051,4,-4,32
1761621403.4770508,1,-2,33
1761621403.5150506,6,-10,36
1761621403.5540507,2,-2,36
1761621403.5920508,6,3,35
1761621403.6280508,0,6,33
1761621403.6650507,2,2,21
1761621403.7040508,1,2,13
1761621403.7420506,2,1,31
1761621403.778051,0,4,36
1761621403.8150508,0,7,39
1761621403.8540506,-1,9,41
1761621403.8920507,2,-1,35
1761621403.9280508,1,-3,39
1761621403.9650507,0,-6,34
1761621404.0040507,-1,-2,35
1761621404.0420508,7,-3,41
1761621404.0780506,-1,-3,44
1761621404.1150508,-8,-1,33
1761621404.1540508,0,3,25
1761621404.1920507,3,-4,35
1761621404.2280507,2,1,42
1761621404.2650506,-2,3,43
1761621404.3040507,4,0,36
1761621404.3420508,1,3,43
1761621404.3850508,12,1,30
1761621404.4240508,-3,0,19
1761621404.462051,3,-5,34
1761621404.4980507,3,-2,35
1761621404.5350506,-3,-4,26
1761621404.574051,-1,-1,23
1761621404.6120508,-1,0,31
1761621404.6480508,2,6,33
1761621404.6850507,-5,0,39
1761621404.7230508,0,-3,46
1761621404.7590508,1,-6,35
1761621404.7960508,3,3,49
1761621404.834051,4,0,45
1761621404.8720508,-4,0,35
1761621404.9080508,-14,6,35
1761621404.9450507,-8,0,39
1761621404.9840508,2,0,31
1761621405.0200508,2,2,27
1761621405.0590508,-5,-4,37
1761621405.0960507,-4,-9,27
1761621405.1350508,-2,-6,34
1761621405.1730506,-6,-8,33
1761621405.209051,-5,-3,26
1761621405.2460508,0,-1,24
1761621405.2840507,2,0,39
1761621405.3200507,9,3,34
1761621405.357051,0,-2,41
1761621405.3940508,2,-2,39
1761621405.4300506,-2,-5,38
1761621405.4680507,-3,-3,28
1761621405.5060508,0,0,46
1761621405.5440507,-2,-5,24
1761621405.5800507,5,-3,32
1761621405.6170506,5,-4,31
1761621405.6550508,-3,-4,26
1761621405.6940508,2,0,25
1761621405.7300508,3,-1,40
1761621405.7670507,-4,-3,41
1761621405.8050506,-9,0,27
1761621405.8430507,-1,-2,23
1761621405.8790507,-4,-4,24
1761621405.9170508,4,-1,22
1761621405.9550507,3,3,34
1761621405.9930508,3,0,28
1761621406.0290508,8,5,26
1761621406.0660508,0,1,38
1761621406.1050508,-4,4,27
1761621406.143051,-3,3,21
1761621406.1790507,3,3,42
1761621406.2160506,2,-8,45
1761621406.255051,0,0,39
1761621406.2940507,5,-1,42
1761621406.3300507,5,-4,33
1761621406.3670506,5,-3,28
1761621406.4050508,6,-5,31
1761621406.4430506,-6,-2,40
1761621406.4790506,-1,-1,46
1761621406.5170507,2,-6,43
1761621406.5550506,1,-10,45
1761621406.5930507,0,-2,32
1761621406.6290507,-6,-5,45
1761621406.666051,-14,-9,38
1761621406.7050507,-3,-1,38
1761621406.7430508,4,1,26
1761621406.7790508,2,-8,30
1761621406.8160508,3,-3,36
1761621406.8550508,0,-8,51
1761621406.893051,3,-4,35
1761621406.9290507,1,-5,36
1761621406.9660506,1,2,33
1761621407.005051,3,-9,34
1761621407.041051,2,-5,38
1761621407.0800507,6,-2,34
1761621407.1170506,6,-5,44
1761621407.1550508,11,-2,33
1761621407.1910508,8,3,35
1761621407.2290506,4,-1,26
1761621407.2670507,9,0,29
1761621407.3050506,9,-2,28
1761621407.3410506,2,0,41
1761621407.3790507,-2,2,40
1761621407.4170508,-3,-5,31
1761621407.4550507,0,0,20
1761621407.4940507,-4,-3,15
1761621407.5300508,4,-2,22
1761621407.5670507,-2,-5,35
1761621407.6060507,1,0,37
1761621407.6440508,-5,3,35
1761621407.6800506,1,0,34
1761621407.7170508,2,0,35
1761621407.755051,4,-4,38
1761621407.791051,4,-4,33
1761621407.8300507,5,-4,33
1761621407.8670506,0,-3,36
1761621407.9060507,3,-2,25
1761621407.9440508,-7,-1,32
1761621407.9800508,-9,0,33
1761621408.0170507,-5,-6,25
1761621408.0560508,-1,-7,37
1761621408.0940506,-2,0,37
1761621408.130051,-1,7,36
1761621408.1670508,-3,2,36
1761621408.2060506,2,1,45
1761621408.2440507,3,-1,38
1761621408.2800508,0,-5,46
1761621408.3170507,-1,3,44
1761621408.3560507,-1,-3,27
1761621408.3940508,-2,-1,42
1761621408.4300506,6,-4,37
1761621408.4670508,0,2,32
1761621408.5060508,0,1,29
1761621408.5440507,5,-2,31
1761621408.5800507,4,-4,39
1761621408.6170506,1,0,30
1761621408.6560507,-2,2,21
1761621408.6940508,1,-7,28
1761621408.7300508,-3,0,26
1761621408.7670507,-5,1,50
1761621408.8060508,3,-7,43
1761621408.8440506,3,0,33
1761621408.880051,8,-1,40
1761621408.9170508,3,-9,37
1761621408.9560506,2,-9,39
1761621408.9940507,-1,0,28
1761621409.0300508,0,-2,33
1761621409.0670507,-3,0,27
1761621409.1060507,-5,-2,29
1761621409.1420507,0,-4,40
1761621409.1800506,0,-4,31
1761621409.2170508,-2,-2,29
1761621409.2560508,-9,-4,30
1761621409.2920508,-13,-5,43
1761621409.3290508,-7,0,46
1761621409.3670506,-4,-2,45
1761621409.4060507,-4,-6,36
1761621409.4420507,-1,-4,34
1761621409.4790506,-8,0,25
1761621409.5160508,-1,0,27
1761621409.5520508,-1,0,32
1761621409.5890508,-1,2,37
1761621409.6280508,7,-3,31
1761621409.666051,3,1,30
1761621409.7020507,-2,5,30
1761621409.7400508,-1,-5,35
1761621409.778051,-5,-4,23
1761621409.8160508,-6,-2,33
1761621409.8550508,6,-1,32
1761621409.8910508,1,3,35
1761621409.9280508,0,-1,40
1761621409.9660506,0,1,32
1761621410.0020506,-4,-6,32
1761621410.0400507,5,-5,40
1761621410.0770507,-3,-3,30
1761621410.1160507,2,7,36
1761621410.1520507,-9,5,34
1761621410.189051,-5,-4,34
1761621410.2280507,-3,3,36
1761621410.2660508,0,-3,43
1761621410.3020508,8,0,41
1761621410.3390508,3,-5,37
1761621410.3770506,3,-6,38
1761621410.4150507,6,0,36
1761621410.4510508,2,4,31
1761621410.4890506,-1,2,34
1761621410.5270507,1,1,22
1761621410.5650508,2,-4,21
1761621410.6010506,0,0,30
1761621410.6380508,-8,-4,37
1761621410.6770508,-10,-6,32
1761621410.7150507,-1,-6,38
1761621410.7510507,4,0,39
1761621410.7890508,0,0,38
1761621410.8270507,-3,-1,39
1761621410.8650508,0,-2,32
1761621410.9010508,0,1,28
1761621410.939051,2,5,41
1761621410.9770508,0,1,32
1761621411.0150506,-6,3,42
1761621411.051051,-5,-1,25
1761621411.0890508,-2,-3,27
1761621411.1270506,0,-1,34
1761621411.166051,-2,1,36
1761621411.2020507,-8,1,43
1761621411.2390506,2,-1,44
1761621411.2770507,3,-5,33
1761621411.3150508,-5,-5,30
1761621411.3510506,3,-3,32
1761621411.3890507,-1,3,39
1761621411.4270508,0,2,33
1761621411.4630508,0,1,41
1761621411.5000508,-5,1,39
1761621411.5370507,5,2,28
1761621411.5730507,5,2,28
1761621411.610051,-6,1,33
1761621411.6480508,1,0,36
1761621411.686051,0,0,44
1761621411.722051,-7,-3,42
1761621411.7600508,-6,-2,20
1761621411.7980506,-1,-3,30
1761621411.837051,3,4,31
1761621411.8730507,4,4,31
1761621411.9100506,0,-1,34
1761621411.9470508,0,-4,28
1761621411.9860508,2,0,37
1761621412.0220506,-2,-5,39
1761621412.0600507,0,7,33
1761621412.0980508,1,5,39
1761621412.1360507,-1,4,37
1761621412.1720507,0,6,27
1761621412.209051,0,2,35
1761621412.2470508,-5,-1,31
1761621412.2860508,4,-1,33
1761621412.3220508,5,3,33
1761621412.3590508,1,7,42
1761621412.3980508,0,4,45
1761621412.436051,5,-3,37
1761621412.472051,-1,0,49
1761621412.5090508,-6,2,20
1761621412.5480506,-12,-2,31
1761621412.5860507,-2,1,29
1761621412.6220508,-3,-4,28
1761621412.6600506,3,0,28
1761621412.6980507,1,3,21
1761621412.7360508,-5,-3,25
1761621412.7720506,-2,1,27
1761621412.811051,3,3,23
1761621412.8480508,5,-3,27
1761621412.8870506,7,3,42
1761621412.9230506,2,6,30
1761621412.9600508,-9,2,26
1761621412.9980507,-11,-2,29
1761621413.0360508,-5,0,32
1761621413.0720508,2,-3,37
1761621413.1090508,5,-5,20
1761621413.1470506,-3,-5,38
1761621413.1830506,-8,0,31
1761621413.2200508,-3,0,36
1761621413.258051,-2,0,39
1761621413.2960508,-1,-3,43
1761621413.3320508,-3,0,39
1761621413.3690507,3,2,26
1761621413.4070508,-7,2,34
1761621413.4430506,5,0,23
1761621413.4800508,5,0,34
1761621413.518051,3,-4,40
1761621413.5540507,-1,-3,36
1761621413.5910506,-6,8,32
1761621413.6280508,-9,0,35
1761621413.6670508,-2,-4,27
1761621413.7030506,2,-1,31
1761621413.7410507,-2,0,38
1761621413.778051,0,1,39
1761621413.814051,-3,2,42
1761621413.8510506,6,-4,30
1761621413.8890507,-2,-3,35
1761621413.9280508,-3,0,26
1761621413.9640508,1,0,21
1761621414.0010507,2,2,32
1761621414.038051,1,-1,42
1761621414.0770507,-4,-3,25
1761621414.1130507,-1,0,31
1761621414.1500506,-3,0,37
1761621414.1880507,3,0,37
1761621414.2240508,3,0,25
1761621414.2610507,0,0,24
1761621414.2980506,3,-2,32
1761621414.337051,1,-4,38
1761621414.3730507,2,-4,37
1761621414.4190507,-1,0,29
1761621414.4570508,1,2,32
1761621414.4940507,0,-2,34
1761621414.5320508,0,-3,22
1761621414.5690508,0,0,27
1761621414.607051,0,-8,29
1761621414.6440508,-1,-5,33
1761621414.6810508,7,-3,34
1761621414.7190506,6,-1,34
1761621414.7570508,4,1,35
1761621414.7930508,-2,-1,29
1761621414.8300507,2,-4,28
1761621414.8680508,-2,-2,32
1761621414.9040508,-3,1,31
1761621414.9410508,-6,0,23
1761621414.9790506,-7,-8,26
1761621415.018051,-1,-7,31
1761621415.0540507,-5,1,23
1761621415.0910506,-12,0,30
1761621415.1290507,-3,-1,26
1761621415.1670508,1,0,29
1761621415.2030506,3,3,38
1761621415.2400508,6,0,36
1761621415.278051,8,0,37
1761621415.314051,7,-1,26
1761621415.3510506,0,-3,22
1761621415.3890507,0,2,32
1761621415.4270508,4,1,23
1761621415.4630508,1,1,42
1761621415.5000508,3,-3,33
1761621415.538051,2,-5,27
1761621415.574051,-2,-3,31
1761621415.6120508,-2,0,32
1761621415.6490507,1,-5,20
1761621415.6850507,-4,-2,27
1761621415.7230508,-1,3,32
1761621415.7600508,0,3,36
1761621415.7980506,3,0,38
1761621415.834051,0,-4,34
1761621415.8710508,0,6,32
1761621415.9090507,-3,-1,33
1761621415.9450507,0,-6,37
1761621415.982051,2,-1,34
1761621416.0210507,3,2,24
1761621416.0590508,-4,-1,35
1761621416.0950508,7,3,36
1761621416.1320508,-3,0,48
1761621416.1690507,-4,-4,45
1761621416.2080507,-6,0,44
1761621416.2440507,-3,0,38
1761621416.2810507,-2,-7,38
1761621416.3190508,4,-1,21
1761621416.3550508,-1,-1,27
1761621416.393051,-3,0,37
1761621416.4310508,0,-1,33
1761621416.4690506,-7,-3,34
1761621416.508051,-7,-1,34
1761621416.5440507,-1,-4,27
1761621416.5810506,1,-3,32
1761621416.620051,0,-6,37
1761621416.6580508,-3,-6,25
1761621416.6940508,0,-8,23
1761621416.732051,6,-13,30
1761621416.7700508,2,-5,29
1761621416.8080506,1,-5,38
1761621416.8440506,0,0,36
1761621416.8810508,4,1,31
1761621416.9190507,0,-1,36
1761621416.9550507,0,-1,32
1761621416.9920506,1,1,21
1761621417.0300508,1,0,37
1761621417.0680506,-3,-3,30
1761621417.1040506,1,6,22
1761621417.1410508,-3,0,28
1761621417.1790507,2,-3,31
1761621417.2150507,-1,-4,33
1761621417.2520506,-10,-4,43
1761621417.2900507,-3,2,24
1761621417.3290508,6,-7,26
1761621417.3650508,0,-3,27
1761621417.4020507,0,-4,39
1761621417.4400508,3,-2,29
1761621417.4790506,4,0,31
1761621417.5150506,3,-2,39
1761621417.5520508,0,-2,43
1761621417.5900507,9,6,26
1761621417.6290507,6,0,32
1761621417.6650507,-1,-7,36
1761621417.7020507,-4,-2,34
1761621417.7400508,0,-6,27
1761621417.778051,4,0,30
1761621417.814051,-5,-5,34
1761621417.8510506,-3,-6,35
1761621417.8900506,-4,-10,34
1761621417.926051,-1,-4,28
1761621417.9640508,4,-3,31
1761621418.0010507,-5,-1,26
1761621418.0400507,-9,3,26
1761621418.0760508,-7,0,32
1761621418.1140506,0,-4,49
1761621418.1520507,0,2,39
1761621418.1900508,1,1,37
1761621418.2260506,-7,-3,33
1761621418.2640507,2,-3,25
1761621418.3020508,3,1,29
1761621418.3400507,0,5,32
1761621418.3760507,-5,7,35
1761621418.4140508,-3,0,29
1761621418.4510508,-2,0,36
1761621418.4890506,-2,-1,30
1761621418.5250506,-7,-1,35
1761621418.5620508,2,2,29
1761621418.6000507,-2,5,40
1761621418.6360507,4,6,29
1761621418.6730506,1,-3,30
1761621418.7100508,1,-4,44
1761621418.7460508,-2,-4,40
1761621418.7840507,-2,1,38
1761621418.8210506,-1,-4,42
1761621418.860051,-1,-2,34
1761621418.8960507,0,2,45
1761621418.9330506,-6,1,47
1761621418.9710507,3,2,36
1761621419.0090508,0,-2,38
1761621419.0450506,4,-2,38
1761621419.0820508,-1,5,36
1761621419.120051,-7,2,35
1761621419.1560507,1,0,34
1761621419.1940508,0,1,43
1761621419.2310507,2,1,39
1761621419.2690508,-2,0,34
1761621419.3050506,-3,-2,38
1761621419.3420508,-9,-3,26
1761621419.3810508,-3,0,33
1761621419.4190507,0,-7,35
1761621419.4550507,8,0,42
1761621419.4920506,8,2,35
1761621419.5300508,-2,3,41
1761621419.5660508,-2,0,41
1761621419.6040506,0,-3,33
1761621419.6410508,-3,0,24
1761621419.6790507,0,-5,38
1761621419.7150507,-3,2,46
1761621419.7520506,5,0,47
1761621419.7900507,8,-1,35
1761621419.8260508,4,1,30
1761621419.8650508,3,-1,29
1761621419.9020507,-1,-6,21
1761621419.9410508,-1,-9,35
1761621419.9790506,6,-5,32
1761621420.0150506,2,1,40
1761621420.0520508,6,2,23
1761621420.0900507,4,-3,28
1761621420.1260507,2,2,34
1761621420.1640508,4,0,33
1761621420.2010508,-3,-2,41
1761621420.2400508,6,-2,36
1761621420.2760508,1,-2,29
1761621420.314051,1,1,37
1761621420.3510506,-9,1,41
1761621420.3870506,-3,0,30
1761621420.4240508,-6,0,32
1761621420.462051,-3,-1,49
1761621420.5000508,2,-3,48
1761621420.5360508,-3,-1,35
1761621420.5730507,1,0,38
1761621420.6110508,-3,1,37
1761621420.6480508,-1,5,31
1761621420.6850507,0,2,37
1761621420.7230508,-1,-5,26
1761621420.7610507,0,-5,40
1761621420.8000507,0,0,31
1761621420.8360507,1,7,25
1761621420.8730507,7,1,40
1761621420.9110508,9,-6,20
1761621420.9480507,4,-6,30
1761621420.985051,1,3,43
1761621421.0230508,0,3,41
1761621421.061051,-4,0,25
1761621421.0980508,-3,-1,40
1761621421.1350508,0,5,34
1761621421.1730506,6,2,43
1761621421.2110507,0,2,35
1761621421.2470508,1,5,38
1761621421.2840507,3,1,36
1761621421.3220508,0,0,35
1761621421.360051,-6,-5,44
1761621421.3960507,-4,1,36
1761621421.4330506,0,-2,28
1761621421.4710507,2,-2,37
1761621421.5070508,1,6,37
1761621421.5440507,-1,-3,37
1761621421.5820508,0,-5,31
1761621421.620051,4,-1,28
1761621421.6560507,4,-4,36
1761621421.6940508,1,-6,44
1761621421.732051,-7,-1,38
1761621421.7710507,-5,2,29
1761621421.8070507,-9,6,27
1761621421.8450508,0,3,39
1761621421.8820508,-1,1,47
1761621421.9200506,2,4,32
1761621421.9560506,-9,2,29
1761621421.9940507,-10,0,36
1761621422.0320508,2,1,29
1761621422.0700507,-5,2,25
1761621422.1060507,-4,-7,36
1761621422.1440508,-8,-7,33
1761621422.1820507,0,-3,31
1761621422.2180507,0,0,38
1761621422.255051,-3,3,32
1761621422.2920508,0,0,28
1761621422.3280506,-4,2,19
1761621422.3650508,-5,3,24
1761621422.4040508,-4,-2,29
1761621422.4420507,0,0,33
1761621422.4780507,-4,0,35
1761621422.5150506,-2,-3,34
1761621422.5540507,3,2,36
1761621422.5920508,0,0,28
1761621422.6280508,1,-1,24
1761621422.6650507,7,1,27
1761621422.7020507,-1,0,23
1761621422.7380507,-6,-1,29
1761621422.7750506,-6,0,34
1761621422.8120508,-6,-3,37
1761621422.8510506,1,0,43
1761621422.8870506,1,4,31
1761621422.9240508,-4,2,31
1761621422.962051,-2,0,33
1761621422.9980507,-5,3,35
1761621423.0350506,1,-7,27
1761621423.074051,0,-3,41
1761621423.1120508,-13,-4,32
1761621423.1480508,-6,-8,39
1761621423.1850507,-5,-4,40
1761621423.2230508,-4,-1,34
1761621423.2620506,-3,-6,29
1761621423.2980506,-4,-9,33
1761621423.3350508,0,-6,30
1761621423.3740506,2,5,27
1761621423.4120507,2,3,38
1761621423.4480507,0,-3,27
1761621423.485051,-1,-6,33
1761621423.5240507,1,-9,30
1761621423.5620508,3,-2,22
1761621423.5980508,5,-2,36
1761621423.6350508,0,5,34
1761621423.6730506,-1,-2,42
1761621423.7110507,0,1,45
1761621423.7470508,1,8,40
1761621423.7840507,-2,0,43
1761621423.8220508,-3,-1,34
1761621423.8580508,0,1,25
1761621423.8950508,-1,-4,26
1761621423.9330506,3,-6,25
1761621423.972051,0,5,34
1761621424.008051,-3,-2,31
1761621424.0450506,-2,-8,31
1761621424.0830507,4,-5,28
1761621424.1210508,1,-2,35
1761621424.1570508,-5,0,34
1761621424.1940508,-3,-7,28
1761621424.2330508,-5,0,39
1761621424.2710507,4,10,36
1761621424.3070507,-3,6,46
1761621424.3450508,0,2,36
1761621424.383051,7,3,53
1761621424.4270508,8,-1,34
1761621424.4650507,-1,-1,43
1761621424.5040507,4,0,37
1761621424.5420508,-4,1,39
1761621424.5780506,1,2,34
1761621424.6150508,4,-4,41
1761621424.653051,3,-1,24
1761621424.6900508,1,-3,38
1761621424.7270508,-2,-3,35
1761621424.7650506,1,-5,32
1761621424.8030508,6,-5,34
1761621424.8390508,2,-2,37
1761621424.8760507,5,-7,26
1761621424.913051,-4,-3,26
1761621424.9520507,2,-9,43
1761621424.9880507,-5,-5,44
1761621425.0250506,-7,-3,37
1761621425.0630507,5,-3,40
1761621425.0990508,4,-13,34
1761621425.1370506,2,-4,45
1761621425.1740508,-3,-4,35
1761621425.2130508,-3,-4,34
1761621425.2490506,-8,-2,38
1761621425.2870507,0,-3,39
1761621425.324051,-5,6,31
1761621425.3620508,1,2,34
1761621425.3980508,2,-2,27
1761621425.436051,-2,-8,33
1761621425.4740508,3,-11,28
1761621425.5130508,6,-2,35
1761621425.5490508,6,-1,31
1761621425.587051,0,0,38
1761621425.6240506,2,-2,41
1761621425.6620507,-2,-2,36
1761621425.6980507,3,-1,37
1761621425.735051,0,0,30
1761621425.7730508,-3,-5,32
1761621425.8090508,-6,-1,23
1761621425.847051,-4,2,26
1761621425.8840508,-4,2,33
1761621425.9220507,-2,1,28
1761621425.9580507,-3,0,33
1761621425.995051,-2,-4,39
1761621426.0340507,0,3,32
1761621426.0720508,2,2,29
1761621426.1080508,2,-1,34
1761621426.1450508,0,-2,37
1761621426.1830506,0,-1,28
1761621426.2190506,-9,-4,33
1761621426.2570508,0,0,36
1761621426.2950506,-3,2,31
1761621426.3330507,0,0,33
1761621426.3690507,4,0,40
1761621426.4060507,2,1,43
1761621426.4440508,-2,-2,35
1761621426.482051,-4,-7,45
1761621426.518051,0,-3,37
1761621426.5560508,1,2,37
1761621426.5940506,3,-2,30
1761621426.6320508,6,1,35
1761621426.6680508,0,1,38
1761621426.7060506,2,-2,43
1761621426.7440507,-8,-4,36
1761621426.7800508,-2,-4,26
1761621426.8180506,3,-1,39
1761621426.8560507,4,-1,44
1761621426.8940508,-5,4,40
1761621426.9300506,0,3,42
1761621426.9670508,0,3,41
1761621427.0040507,5,-9,31
1761621427.0440507,4,-5,40
1761621427.0800507,0,-5,39
1761621427.1170506,3,-6,34
1761621427.1540508,-2,-4,29
1761621427.1930506,0,-4,32
1761621427.2290506,-4,-7,33
1761621427.2660508,0,0,37
1761621427.3040507,-4,1,31
1761621427.3400507,1,2,26
1761621427.3770506,4,-1,29
1761621427.4150507,0,-5,25
1761621427.4530506,2,-3,26
1761621427.4890506,-3,-3,28
1761621427.5270507,5,4,31
1761621427.5650508,1,-3,41
1761621427.6030507,-4,-6,41
1761621427.6390507,-5,1,45
1761621427.6770508,-1,-3,38
1761621427.7150507,0,2,39
1761621427.7530508,9,-3,29
1761621427.7890508,6,-3,21
1761621427.8260508,-1,-5,25
1761621427.8650508,5,-2,29
1761621427.903051,1,-4,33
1761621427.939051,4,0,36
1761621427.9770508,1,-5,37
1761621428.0150506,0,-4,31
1761621428.0530508,-1,-4,34
1761621428.0890508,0,-1,37
1761621428.1260507,5,-4,31
1761621428.1650507,0,-2,42
1761621428.2030506,-6,-4,40
1761621428.2390506,0,-2,37
1761621428.2760508,1,0,40
1761621428.314051,-5,-4,45
1761621428.3500507,6,1,36
1761621428.3870506,0,-4,40
1761621428.4250507,3,0,37
1761621428.4630508,-2,-1,37
1761621428.4990506,-4,-1,40
1761621428.5370507,-9,6,34
1761621428.5750508,-4,-5,37
1761621428.6130507,-5,-1,27
1761621428.6490507,5,0,28
1761621428.6870508,-6,0,29
1761621428.7250507,-3,-7,41
1761621428.7630508,4,-8,36
1761621428.7990508,4,-8,33
1761621428.837051,0,-7,31
1761621428.8750508,-6,-3,30
1761621428.9110508,3,-1,26
1761621428.949051,5,9,30
1761621428.9870508,-1,5,37
1761621429.0250506,-7,3,28
1761621429.061051,-8,-5,29
1761621429.0990508,10,-1,38
1761621429.1360507,3,0,28
1761621429.1740508,2,0,30
1761621429.2100508,3,1,35
1761621429.2470508,-2,-1,37
1761621429.2850506,-3,-4,34
1761621429.324051,3,-3,22
1761621429.360051,-3,-7,27
1761621429.3980508,0,-9,37
1761621429.436051,-4,-4,36
1761621429.4740508,0,-6,33
1761621429.5100508,6,-8,36
1761621429.5470507,2,-8,25
1761621429.5850508,0,-7,35
1761621429.6210508,-5,-3,44
1761621429.6580508,-2,4,44
1761621429.6960506,0,0,36
1761621429.7340508,3,-3,48
1761621429.7700508,-1,-1,38
1761621429.8080506,-4,1,27
1761621429.8460507,-5,1,31
1761621429.8840508,3,-2,31
1761621429.9200506,-3,-4,36
1761621429.9580507,1,-7,23
1761621429.9960508,-5,0,34
1761621430.0340507,-8,-3,35
1761621430.0700507,-7,-4,42
1761621430.1080508,0,-3,37
1761621430.1460507,-2,-3,34
1761621430.1850507,1,1,27
1761621430.2210507,7,1,36
1761621430.258051,1,9,39
1761621430.2960508,0,5,42
1761621430.334051,-2,-2,29
1761621430.3710508,-4,-2,38
1761621430.4080508,-5,3,25
1761621430.4460506,-4,-8,35
1761621430.4840508,2,-2,37
1761621430.5210507,-1,4,39
1761621430.5580506,7,-4,39
1761621430.5960507,-4,1,30
1761621430.6340508,-2,0,22
1761621430.6700506,-1,-1,37
1761621430.7080507,3,0,35
1761621430.7460508,0,1,33
1761621430.7820508,8,1,38
1761621430.8190508,3,5,41
1761621430.8560507,1,-1,39
1761621430.8920507,-4,-8,46
1761621430.9290507,-7,0,16
1761621430.9670508,-5,-2,22
1761621431.0060508,3,-6,22
1761621431.0420508,9,3,29
1761621431.0790508,3,0,28
1761621431.1160507,0,-3,32
1761621431.1520507,0,-2,36
1761621431.1900508,8,-1,43
1761621431.2270508,7,2,38
1761621431.2650506,3,-1,40
1761621431.301051,-1,-8,35
1761621431.3390508,-2,-6,37
1761621431.3770506,0,0,32
1761621431.4150507,-6,-3,33
1761621431.4510508,-5,-8,34
1761621431.4880507,-3,-9,47
1761621431.5260508,3,-4,36
1761621431.5620508,-1,-1,32
1761621431.5990508,0,-1,36
1761621431.6360507,5,-6,23
1761621431.6720507,0,0,26
1761621431.709051,4,-2,38
1761621431.7460508,0,0,34
1761621431.7820508,1,-3,34
1761621431.8200507,9,0,33
1761621431.857051,7,-1,34
1761621431.8960507,-3,-1,32
1761621431.9320507,3,0,23
1761621431.9690506,-4,0,32
1761621432.0070508,-2,-1,30
1761621432.0460508,-6,-4,35
1761621432.0820508,-2,-2,33
1761621432.120051,-6,0,26
1761621432.1570508,-1,-7,33
1761621432.1960506,-4,-9,44
1761621432.232051,-4,-5,29
1761621432.2690508,5,-3,34
1761621432.3070507,3,-5,19
1761621432.3450508,3,-11,23
1761621432.3810508,-5,-12,34
1761621432.4190507,2,-6,37
1761621432.4570508,1,-9,35
1761621432.495051,0,1,32
1761621432.5310507,-1,3,29
1761621432.5690508,-1,3,25
1761621432.607051,-3,8,31
1761621432.6450508,1,-4,22
1761621432.6810508,-1,0,33
1761621432.7180507,-2,-2,46
1761621432.7570508,-8,-6,37
1761621432.7950506,-2,1,39
1761621432.8310506,0,1,29
1761621432.8680508,2,6,18
1761621432.9060507,5,-1,22
1761621432.9420507,2,0,34
1761621432.9800508,3,-8,34
1761621433.0170507,4,-5,39
1761621433.0530508,1,-3,34
1761621433.0900507,-1,-5,36
1761621433.1280508,1,-1,41
1761621433.166051,-1,-2,34
1761621433.2020507,0,1,41
1761621433.2390506,-1,-4,45
1761621433.2770507,0,-1,36
1761621433.3160508,-1,-1,34
1761621433.3520508,-4,-2,34
1761621433.3890507,0,-7,35
1761621433.4270508,2,-6,39
1761621433.4630508,6,-2,44
1761621433.5000508,-5,-2,32
1761621433.5390508,0,0,36
1761621433.5770507,8,-2,35
1761621433.6130507,2,0,48
1761621433.6500506,9,-3,42
1761621433.6870508,2,0,32
1761621433.7230508,-1,-3,41
1761621433.7600508,5,-4,27
1761621433.7970507,9,-7,17
1761621433.8360507,5,-7,24
1761621433.8720508,3,-4,38
1761621433.9090507,0,-2,38
1761621433.9480507,0,0,39
1761621433.9860508,4,1,33
1761621434.0220506,2,0,23
1761621434.0590508,0,-4,33
1761621434.097051,1,-1,27
1761621434.133051,2,-2,23
1761621434.1710508,3,1,31
1761621434.2080507,4,-5,28
1761621434.2460508,9,-7,28
1761621434.2820508,5,0,34
1761621434.3200507,8,5,27
1761621434.3580508,1,0,35
1761621434.3960507,0,-4,40
1761621434.4400508,1,-2,39
1761621434.4780507,0,-7,42
1761621434.5170507,1,-5,43
1761621434.5530508,4,-6,34
1761621434.5910506,1,0,29
1761621434.6280508,-4,-3,33
1761621434.6670508,-2,-5,26
1761621434.7030506,0,2,33
1761621434.7400508,-2,-1,35
1761621434.778051,-1,1,50
1761621434.8170507,2,0,42
1761621434.8530507,-9,0,32
1761621434.8900506,-2,0,36
1761621434.9280508,0,1,44
1761621434.9660506,-4,3,40
1761621435.0020506,4,4,32
1761621435.0390508,0,5,25
1761621435.0770507,-5,-7,28
1761621435.1130507,0,-3,34
1761621435.1510508,0,0,26
1761621435.1880507,3,-2,29
1761621435.2240508,-5,1,27
1761621435.2610507,-2,-4,31
1761621435.2990508,2,4,44
1761621435.337051,-3,1,46
1761621435.3730507,-2,-5,53
1761621435.4100506,-6,1,40
1761621435.4480507,-1,3,27
1761621435.4840508,8,0,35
1761621435.5210507,0,-4,30
1761621435.5580506,-6,-4,39
1761621435.597051,0,4,42
1761621435.633051,-4,-1,54
1761621435.6700506,3,-1,48
1761621435.7080507,-6,-6,34
1761621435.7440507,1,-3,31
1761621435.7810507,-8,-2,35
1761621435.8190508,-1,1,42
1761621435.857051,2,-2,30
1761621435.893051,4,-7,22
1761621435.9300506,8,-7,26
1761621435.9680507,4,-3,27
1761621436.0040507,3,0,35
1761621436.0420508,0,-3,37
1761621436.0790508,0,8,35
1761621436.1170506,2,-1,31
1761621436.153051,-3,-5,23
1761621436.1900508,-2,-4,28
1761621436.2290506,-1,-6,36
1761621436.2670507,-2,-2,30
1761621436.3030508,1,0,29
1761621436.3400507,-2,-7,27
1761621436.3790507,2,0,37
1761621436.4170508,-5,-1,34
1761621436.4530506,1,1,30
1761621436.4900508,1,-1,30
1761621436.528051,2,-4,26
1761621436.564051,4,-6,33
1761621436.6010506,2,-5,29
1761621436.6390507,9,-4,28
1761621436.6770508,3,0,25
1761621436.7130508,-5,-7,21
1761621436.7500508,-10,-6,32
1761621436.7890508,-10,-7,16
1761621436.8270507,3,-7,24
1761621436.8630507,-6,-12,27
1761621436.9010508,-1,-3,42
1761621436.939051,0,4,45
1761621436.9770508,5,-3,39
1761621437.0130508,0,-5,27
1761621437.0500507,1,1,28
1761621437.0880508,-6,-2,20
1761621437.1240506,-5,-1,29
1761621437.1610508,-4,1,30
1761621437.199051,9,-3,32
1761621437.2370508,2,-7,37
1761621437.2730508,6,-7,34
1761621437.3100507,3,-8,38
1761621437.3490508,3,-6,34
1761621437.3850508,7,0,39
1761621437.4220507,1,-3,42
1761621437.4600508,0,-7,42
1761621437.4980507,1,4,20
1761621437.5340507,-1,1,33
1761621437.5710506,6,1,22
1761621437.6090508,2,-3,27
1761621437.6450508,13,1,31
1761621437.6820507,8,1,32
1761621437.7190506,12,1,34
1761621437.755051,3,0,31
1761621437.7920508,1,0,39
1761621437.8290508,3,2,26
1761621437.8650508,4,1,40
1761621437.9020507,-1,1,39
1761621437.9400508,-2,-1,36
1761621437.9780507,0,0,35
1761621438.0140507,-7,0,33
1761621438.051051,-6,1,28
1761621438.0890508,3,-1,44
1761621438.1250508,-2,0,33
1761621438.1620507,2,-3,40
1761621438.199051,8,-1,34
1761621438.2380507,2,-5,24
1761621438.2740507,-4,-3,35
1761621438.3120508,-1,0,29
1761621438.3500507,0,0,28
1761621438.3880508,2,2,35
1761621438.4240508,4,-6,40
1761621438.462051,-2,2,36
1761621438.5000508,-1,-6,35
1761621438.538051,3,7,27
1761621438.574051,0,-7,24
1761621438.6110508,-3,1,38
1761621438.6500506,6,-2,42
1761621438.6880507,3,1,34
1761621438.7240508,-4,0,45
1761621438.7620506,1,-1,33
1761621438.8000507,9,2,33
1761621438.8380508,2,0,39
1761621438.8740506,5,-4,42
1761621438.9110508,-2,-4,38
1761621438.9500508,8,2,47
1761621438.9880507,2,-4,40
1761621439.0240507,0,-1,35
1761621439.061051,-7,1,30
1761621439.1000507,0,3,37
1761621439.1380508,-1,-1,40
1761621439.1740508,0,-1,45
1761621439.2110507,0,-7,46
1761621439.2490506,0,-9,39
1761621439.2850506,4,-8,40
1761621439.3230507,2,-4,28
1761621439.3610508,-3,-7,31
1761621439.4000506,1,-2,34
1761621439.4380507,0,-1,30
1761621439.4740508,-2,-7,35
1761621439.5110507,-2,-5,32
1761621439.5500507,3,2,36
1761621439.5860507,5,1,36
1761621439.6230507,-3,-5,47
1761621439.6610508,-8,-6,43
1761621439.7000508,0,-9,41
1761621439.7360508,-1,0,36
1761621439.7740507,-6,-1,29
1761621439.8130507,-5,-2,36
1761621439.8500507,6,-4,40
1761621439.8860507,2,-6,38
1761621439.9230506,4,3,27
1761621439.9610507,-1,-6,34
1761621440.0000508,-7,3,25
1761621440.0360508,-4,-2,25
1761621440.0730507,5,6,37
1761621440.1110508,2,-4,34
1761621440.1500506,4,4,28
1761621440.186051,-1,-7,36
1761621440.2230508,-3,2,35
1761621440.2610507,-3,4,35
1761621440.3000507,-2,-4,26
1761621440.3360507,-2,-7,32
1761621440.3730507,-6,2,31
1761621440.4110508,-5,-1,32
1761621440.4500508,1,2,39
1761621440.4860508,-8,2,38
1761621440.5230508,-4,0,31
1761621440.561051,-7,4,28
1761621440.5990508,-3,-2,29
1761621440.6350508,-1,-9,32
1761621440.6720507,0,-3,28
1761621440.7100508,1,0,33
1761621440.7460508,0,3,45
1761621440.7830508,8,2,37
1761621440.8210506,2,-2,30
1761621440.8590508,1,-3,23
1761621440.8950508,0,-1,34
1761621440.9330506,-4,0,38
1761621440.9710507,-10,1,36
1761621441.0090508,-5,0,39
1761621441.0450506,-4,0,31
1761621441.0830507,0,-4,32
1761621441.1210508,0,-2,28
1761621441.1590507,-5,-10,29
1761621441.1950507,-7,-4,28
1761621441.2330508,-2,-4,33
1761621441.2710507,0,0,37
1761621441.3090508,0,0,26
1761621441.3450508,-10,0,25
1761621441.3840508,-4,-2,35
1761621441.4210508,-7,-6,24
1761621441.4600508,-9,0,26
1761621441.4960508,-7,3,31
1761621441.5330508,4,5,35
1761621441.5710506,3,-1,42
1761621441.6090508,-6,-7,38
1761621441.6450508,3,-4,32
1761621441.6820507,4,4,36
1761621441.7210507,0,2,30
1761621441.7570508,6,1,41
1761621441.7940507,0,-1,48
1761621441.8320508,7,0,45
1761621441.8710508,6,7,46
1761621441.9070508,1,7,28
1761621441.9440508,0,0,33
1761621441.9810507,-5,1,28
1761621442.0170507,0,-3,21
1761621442.0550506,-9,-8,33
1761621442.0920508,-8,-4,31
1761621442.1310508,-5,-1,35
1761621442.1670508,0,-1,36
1761621442.2050507,3,0,35
1761621442.2420506,-3,-4,43
1761621442.2810507,-1,-5,35
1761621442.3170507,8,-1,47
1761621442.3550508,1,1,40
1761621442.3920507,-1,-4,30
1761621442.4310508,2,-5,32
1761621442.4680507,0,-6,34
1761621442.5060508,0,0,30
1761621442.5440507,-2,3,29
1761621442.5810506,-1,4,20
1761621442.6170506,3,0,32
1761621442.6540508,-3,-7,40
1761621442.6920507,-5,0,54
1761621442.7300508,4,0,32
1761621442.7660508,-1,4,30
1761621442.8040507,-4,-5,25
1761621442.8420508,-1,-3,34
1761621442.8810508,0,0,25
1761621442.9170508,-5,-1,28
1761621442.9550507,-6,9,29
1761621442.9930508,-6,8,26
1761621443.0320508,-5,3,33
1761621443.0700507,1,0,31
1761621443.1060507,-4,-5,18
1761621443.1440508,0,-1,36
1761621443.1820507,0,-6,40
1761621443.2200508,4,1,31
1761621443.2560508,-1,3,38
1761621443.2940507,-4,2,39
1761621443.3320508,0,3,45
1761621443.370051,-2,-4,37
1761621443.4060507,-3,-9,33
1761621443.4430506,2,-12,29
1761621443.482051,0,2,36
1761621443.5200508,0,0,25
1761621443.5560508,3,-3,24
1761621443.5930507,2,-5,30
1761621443.6310508,-7,-3,39
1761621443.6670508,-2,2,39
1761621443.7040508,0,2,39
1761621443.7420506,-4,0,41
1761621443.7800508,1,-3,23
1761621443.8160508,0,-8,29
1761621443.8540506,-7,-1,40
1761621443.8920507,-8,-6,38
1761621443.9310508,-1,-2,39
1761621443.9670508,1,-2,26
1761621444.0040507,-5,2,27
1761621444.0430508,1,0,33
1761621444.0810506,-5,-2,26
1761621444.1170506,4,-1,26
1761621444.1550508,7,-4,41
1761621444.1930506,2,-7,23
1761621444.2310507,-3,0,35
1761621444.2670507,-4,2,35
1761621444.3040507,-1,1,26
1761621444.3420508,6,10,28
1761621444.3810508,-2,-1,27
1761621444.4170508,-1,0,34
1761621444.4630508,1,-6,34
1761621444.5010507,-1,-1,36
1761621444.538051,1,-4,31
1761621444.5750508,5,2,39
1761621444.6130507,-1,0,36
1761621444.6510508,-7,-9,33
1761621444.6870508,0,-6,37
1761621444.7240508,10,-5,43
1761621444.7620506,2,-2,41
1761621444.7980506,0,-2,42
1761621444.8350508,-8,-2,30
1761621444.8730507,-5,-2,30
1761621444.9120507,3,-2,31
1761621444.9480507,-2,-9,25
1761621444.985051,0,1,38
1761621445.0230508,0,-8,40
1761621445.061051,4,-2,40
1761621445.097051,2,-1,28
1761621445.1350508,-1,-2,31
1761621445.1730506,-3,4,36
1761621445.212051,3,0,38
1761621445.2480507,0,-2,44
1761621445.2850506,-1,-1,38
1761621445.3230507,2,4,36
1761621445.3610508,2,6,31
1761621445.3970506,7,5,34
1761621445.4350507,5,1,39
1761621445.4730508,0,1,28
1761621445.5110507,0,2,34
1761621445.5470507,-5,-4,33
1761621445.5860507,-1,-7,30
1761621445.6230507,-3,3,30
1761621445.6610508,-6,8,36
1761621445.6980507,-4,-3,45
1761621445.735051,-5,-7,41
1761621445.7730508,0,-4,30
1761621445.811051,1,0,32
1761621445.847051,4,-2,34
1761621445.8850508,0,-3,27
1761621445.9230506,-4,-8,40
1761621445.9610507,-3,-4,34
1761621445.9970508,-2,-1,20
1761621446.0350506,7,-1,23
1761621446.0730507,-2,-1,40
1761621446.1120508,-6,-1,39
1761621446.1480508,-8,-1,35
1761621446.1850507,-4,-5,36
1761621446.2230508,-7,5,32
1761621446.2590508,-3,1,32
1761621446.2960508,-2,0,34
1761621446.334051,0,-4,35
1761621446.3730507,-10,-3,34
1761621446.4090507,-3,-6,25
1761621446.4460506,-1,0,35
1761621446.4830508,3,3,35
1761621446.5190508,0,3,38
1761621446.5560508,9,2,26
1761621446.5940506,4,0,32
1761621446.6320508,6,-9,44
1761621446.6680508,-2,-6,36
1761621446.7070508,-8,-2,35
1761621446.7440507,0,7,32
1761621446.7820508,-1,0,28
1761621446.8180506,-5,-1,25
1761621446.857051,-1,-4,38
1761621446.8940508,-5,-5,41
1761621446.9330506,-10,-2,29
1761621446.9690506,-6,0,22
1761621447.0060508,-4,-2,32
1761621447.0440507,3,-5,34
1761621447.0830507,0,-1,30
1761621447.1190507,3,-3,35
1761621447.1560507,0,-8,30
1761621447.1940508,1,-8,23
1761621447.232051,0,-4,36
1761621447.268051,-1,-2,45
1761621447.3050506,-4,-5,44
1761621447.3440506,3,-7,30
1761621447.3820508,7,-1,35
1761621447.4180508,0,-2,32
1761621447.4550507,3,2,29
1761621447.4930508,4,4,29
1761621447.5290508,0,0,34
1761621447.5660508,-1,0,37
1761621447.6040506,2,-5,38
1761621447.6420507,0,-6,43
1761621447.6780508,-7,4,37
1761621447.7150507,1,0,33
1761621447.7530508,-5,-4,32
1761621447.7890508,-2,-7,35
1761621447.8270507,-1,0,32
1761621447.8650508,-3,-3,50
1761621447.9040508,-5,-3,39
1761621447.9420507,0,-2,35
1761621447.9780507,2,-2,33
1761621448.0150506,6,-3,32
1761621448.0530508,3,-7,31
1761621448.0890508,0,-5,27
1761621448.1260507,7,-4,29
1761621448.1640508,-2,1,27
1761621448.2000508,3,0,36
1761621448.2370508,2,0,33
1761621448.2740507,-5,2,27
1761621448.3130507,3,5,31
1761621448.3490508,-5,1,46
1761621448.3860507,1,4,27
1761621448.4240508,6,11,25
1761621448.4600508,1,7,22
1761621448.4970508,6,-6,28
1761621448.5340507,3,0,27
1761621448.5700507,0,-3,25
1761621448.607051,1,-1,37
1761621448.6450508,-1,0,43
1761621448.6840508,-5,2,31
1761621448.7200508,5,-2,28
1761621448.758051,1,-1,39
1761621448.7950506,0,3,41
1761621448.8330507,0,1,46
1761621448.8690507,4,1,50
1761621448.9070508,-4,1,44
1761621448.9450507,-5,0,35
1761621448.9830508,-5,2,27
1761621449.0190508,-2,-2,25
1761621449.0570507,0,0,37
1761621449.0940506,0,-4,34
1761621449.133051,-1,-3,37
1761621449.1690507,6,-6,42
1761621449.2070508,8,0,38
1761621449.245051,7,-1,44
1761621449.2830508,0,0,37
1761621449.3190508,-1,-6,29
1761621449.357051,4,-3,19
1761621449.3950508,0,-1,28
1761621449.4330506,1,1,25
1761621449.4690506,4,4,40
1761621449.5070508,0,-4,36
1761621449.5450506,-1,-3,28
1761621449.584051,-3,0,36
1761621449.620051,8,-3,37
1761621449.6570508,-4,-2,34
1761621449.6950507,1,0,28
1761621449.7330508,2,-1,28
1761621449.7690508,-2,1,36
1761621449.8070507,3,-2,45
1761621449.8450508,2,1,42
1761621449.883051,-3,2,33
1761621449.9190507,-5,-3,45
1761621449.9560506,1,0,29
1761621449.9940507,-1,1,32
1761621450.0300508,-6,0,37
1761621450.0680506,-12,0,36
1761621450.1050508,-4,-3,32
1761621450.1440508,3,0,48
1761621450.1810508,3,0,41
1761621450.2180507,4,3,41
1761621450.255051,6,1,37
1761621450.2930508,-7,1,23
1761621450.3290508,-9,3,29
1761621450.3660507,-10,4,36
1761621450.4050508,1,4,41
1761621450.4410508,4,2,36
1761621450.4780507,3,9,27
1761621450.5150506,0,7,33
1761621450.551051,3,1,27
1761621450.5880508,7,-4,23
1761621450.6260507,4,-8,33
1761621450.6640508,-3,-4,41
1761621450.7000508,-2,-1,45
1761621450.7370508,-2,-1,35
1761621450.7760508,1,8,33
1761621450.814051,-2,0,35
1761621450.8500507,-6,4,38
1761621450.8870506,-3,1,41
1761621450.9250507,-8,-5,36
1761621450.9610507,-4,0,32
1761621450.9980507,1,6,35
1761621451.0350506,-2,0,38
1761621451.0710506,-1,2,38
1761621451.1080508,3,0,40
1761621451.1450508,0,0,41
1761621451.1810508,2,-4,45
1761621451.2180507,1,7,39
1761621451.2560508,3,8,26
1761621451.2940507,0,-1,29
1761621451.3300507,2,1,28
1761621451.3670506,0,3,21
1761621451.4050508,0,7,24
1761621451.4410508,0,3,32
1761621451.4780507,-3,0,33
1761621451.5160508,0,-1,32
1761621451.5540507,0,-7,34
1761621451.5900507,0,-8,39
1761621451.6270506,-6,-2,32
1761621451.666051,1,-1,39
1761621451.7040508,-1,1,15
1761621451.7400508,-3,3,24
1761621451.7770507,-4,1,30
1761621451.8150508,-8,-1,32
1761621451.8510506,-6,-2,45
1761621451.8890507,0,-7,47
1761621451.926051,4,-1,36
1761621451.9650507,-2,1,32
1761621452.0010507,6,0,28
1761621452.0390508,5,0,25
1761621452.0760508,2,-4,36
1761621452.1140506,0,-5,41
1761621452.1500506,-1,-1,28
1761621452.1880507,2,1,34
1761621452.2260506,5,-3,41
1761621452.2640507,-9,0,37
1761621452.301051,-9,0,43
1761621452.3380508,-3,-2,28
1761621452.3760507,-4,2,28
1761621452.4140508,0,0,37
1761621452.4500508,-6,-9,39
1761621452.4880507,-4,-2,33
1761621452.5260508,4,-2,41
1761621452.5650508,-1,2,42
1761621452.6010506,-7,0,31
1761621452.6380508,6,6,35
1761621452.676051,0,5,32
1761621452.712051,1,-1,38
1761621452.7490506,-8,2,40
1761621452.7860508,-1,0,26
1761621452.8220508,-4,-3,32
1761621452.860051,-1,-4,45
1761621452.8970506,-3,4,41
1761621452.9350507,0,-4,36
1761621452.9710507,-5,-3,31
1761621453.008051,-3,-2,25
1761621453.0460508,2,0,30
1761621453.0850508,-3,0,33
1761621453.1210508,0,-5,30
1761621453.1590507,2,0,25
1761621453.1960506,-1,0,24
1761621453.235051,6,-4,36
1761621453.2710507,9,0,39
1761621453.3090508,6,2,33
1761621453.3460507,3,-2,27
1761621453.3850508,-3,-3,36
1761621453.4220507,-6,-4,37
1761621453.459051,-6,-2,29
1761621453.4970508,5,1,35
1761621453.5350506,4,0,35
1761621453.5710506,1,-3,27
1761621453.610051,-6,-9,25
1761621453.6470506,4,0,29
1761621453.6850507,3,-5,32
1761621453.722051,-5,-3,33
1761621453.7590508,-7,0,39
1761621453.7970507,-3,2,34
1761621453.8350508,-9,2,25
1761621453.8710508,-2,0,16
1761621453.9090507,-1,-5,24
1761621453.9470508,0,-2,31
1761621453.985051,7,-9,23
1761621454.0210507,5,3,33
1761621454.0590508,-2,1,33
1761621454.097051,8,1,36
1761621454.1350508,6,7,29
1761621454.1710508,2,4,36
1761621454.2080507,0,-1,36
1761621454.2460508,-3,-1,38
1761621454.2820508,1,-6,44
1761621454.3190508,2,-2,44
1761621454.357051,5,-2,33
1761621454.3950508,2,-5,43
1761621454.4310508,-3,-5,38
1761621454.4770508,-2,-3,37
1761621454.5150506,0,7,39
1761621454.551051,6,5,28
1761621454.5880508,-2,0,30
1761621454.6270506,-4,0,39
1761621454.663051,-3,0,40
1761621454.7010508,-3,2,33
1761621454.7380507,1,-2,31
1761621454.7760508,0,-2,22
1761621454.8120508,-4,-6,30
1761621454.8500507,-2,-1,24
1761621454.8880508,0,-5,31
1761621454.926051,0,-8,37
1761621454.962051,3,0,35
1761621454.9990506,-4,0,29
1761621455.0370507,-3,3,38
1761621455.0730507,0,5,36
1761621455.110051,9,0,42
1761621455.1470506,3,3,32
1761621455.1830506,9,0,30
1761621455.2200508,1,-10,54
1761621455.2570508,-1,-10,34
1761621455.2960508,-1,-8,27
1761621455.3320508,0,1,39
1761621455.3690507,0,1,46
1761621455.4070508,0,-3,32
1761621455.4430506,-1,-2,35
1761621455.4800508,-5,2,30
1761621455.518051,-2,-2,22
1761621455.5570507,1,3,35
1761621455.5930507,0,0,40
1761621455.630051,-4,0,40
1761621455.6680508,-1,-2,34
1761621455.7070508,0,-6,30
1761621455.7430508,-2,-4,36
1761621455.7800508,1,-4,36
1761621455.8180506,-7,-6,43
1761621455.857051,-6,-4,22
1761621455.893051,-3,-6,40
1761621455.9300506,-2,4,36
1761621455.9680507,-1,-8,33
1761621456.0070508,0,-5,31
1761621456.0430508,-2,-7,37
1761621456.0810506,-3,0,34
1761621456.1180508,0,-7,37
1761621456.1560507,-8,-7,39
1761621456.1920507,-6,-4,38
1761621456.2300508,-3,-1,20
1761621456.268051,3,5,28
1761621456.3060508,0,4,26
1761621456.3420508,-3,2,32
1761621456.3790507,1,-6,50
1761621456.4170508,-2,-6,41
1761621456.4530506,3,-2,42
1761621456.4900508,-4,-4,31
1761621456.528051,0,-4,29
1761621456.5660508,5,1,36
1761621456.6020508,-4,-3,34
1761621456.6400506,-8,-9,24
1761621456.6780508,-6,3,26
1761621456.7160506,0,-2,27
1761621456.7520506,6,-2,32
1761621456.7900507,3,-5,25
1761621456.8280506,-1,3,26
1761621456.8640506,10,0,28
1761621456.9010508,9,-3,40
1761621456.939051,6,-5,36
1761621456.9770508,3,-4,38
1761621457.0130508,1,1,40
1761621457.0500507,-1,5,31
1761621457.0880508,0,9,33
1761621457.1240506,4,0,33
1761621457.1610508,2,-1,37
1761621457.1980507,-2,1,40
1761621457.2370508,-1,0,32
1761621457.2730508,2,-4,38
1761621457.311051,0,-3,34
1761621457.3480508,0,-4,37
1761621457.3870506,-2,-4,48
1761621457.4230506,-3,3,50
1761621457.4610507,0,0,32
1761621457.4980507,-7,1,29
1761621457.5370507,-5,2,35
1761621457.5730507,-1,6,30
1761621457.610051,1,0,33
1761621457.6480508,-4,-3,41
1761621457.6840508,-5,-1,29
1761621457.722051,-4,-9,27
1761621457.7600508,-7,5,39
1761621457.7980506,0,0,37
1761621457.834051,-1,-3,39
1761621457.8730507,-10,-5,31
1761621457.9100506,-8,-5,26
1761621457.949051,-2,0,33
1761621457.9870508,-1,1,32
1761621458.0230508,1,-3,36
1761621458.0600507,0,-5,42
1761621458.0980508,-2,-2,42
1761621458.1340508,0,1,45
1761621458.1710508,7,1,27
1761621458.209051,2,2,26
1761621458.2470508,5,-2,38
1761621458.2830508,-3,-5,25
1761621458.3200507,1,-6,25
1761621458.3580508,0,-6,36
1761621458.3940508,1,-3,26
1761621458.4310508,0,0,30
1761621458.4690506,4,4,32
1761621458.5070508,2,2,28
1761621458.5430508,-1,-4,38
1761621458.5810506,-3,-4,36
1761621458.6190507,-5,5,37
1761621458.6570508,-3,0,34
1761621458.6930506,-3,1,34
1761621458.7300508,2,4,34
1761621458.7690508,4,0,39
1761621458.8070507,0,0,45
1761621458.8430507,-4,-3,41
1761621458.880051,1,-4,37
1761621458.9190507,2,-1,23
1761621458.9570508,5,-3,36
1761621458.9930508,1,-6,43
1761621459.0310507,-3,-4,31
1761621459.0690508,-2,1,28
1761621459.1050508,-6,0,36
1761621459.1420507,-2,-1,41
1761621459.1800506,0,1,35
1761621459.2190506,-1,-2,31
1761621459.255051,6,2,38
1761621459.2920508,6,2,46
1761621459.3290508,-3,-2,35
1761621459.3680508,6,1,36
1761621459.4040508,7,0,34
1761621459.4420507,0,3,36
1761621459.4790506,-1,0,46
1761621459.5150506,-2,-4,44
1761621459.5530508,0,6,47
1761621459.5900507,8,0,36
1761621459.6280508,9,1,31
1761621459.6640508,6,1,30
1761621459.7010508,0,-2,25
1761621459.7390506,7,-3,31
1761621459.7750506,-6,3,31
1761621459.8120508,-6,3,35
1761621459.8500507,0,0,43
1761621459.8880508,5,4,31
1761621459.9240508,2,8,34
1761621459.9610507,4,1,35
1761621459.9990506,0,0,38
1761621460.0350506,0,-1,36
1761621460.0720508,-4,-1,35
1761621460.110051,-1,3,39
1761621460.1480508,0,-1,34
1761621460.1840508,-2,-5,31
1761621460.2230508,7,-5,35
1761621460.2600508,4,-3,30
1761621460.2980506,0,3,26
1761621460.334051,1,-1,34
1761621460.3710508,-1,3,50
1761621460.4100506,-4,-4,39
1761621460.4480507,-6,-8,31
1761621460.4840508,-4,-2,35
1761621460.5210507,-7,1,47
1761621460.5600507,0,0,46
1761621460.5980508,0,1,38
1761621460.6340508,0,3,36
1761621460.6710508,0,4,31
1761621460.709051,2,6,29
1761621460.745051,2,-5,28
1761621460.7820508,-4,-3,28
1761621460.8200507,0,-1,35
1761621460.8590508,0,-4,39
1761621460.8950508,-1,0,37
1761621460.9320507,1,0,35
1761621460.9700508,7,6,29
1761621461.008051,10,3,38
1761621461.0440507,5,1,35
1761621461.0810506,-2,-2,29
1761621461.120051,-3,-1,32
1761621461.1580508,2,-2,41
1761621461.1940508,4,-4,47
1761621461.2310507,-1,-6,38
1761621461.2700508,0,-10,35
1761621461.3060508,0,-7,43
1761621461.3430507,2,-2,42
1761621461.3810508,-2,4,29
1761621461.4190507,-5,-3,41
1761621461.4550507,-1,-8,40
1761621461.4930508,0,-1,30
1761621461.5300508,-2,-2,27
1761621461.5690508,3,0,29
1761621461.6050508,5,-5,33
1761621461.6420507,4,-6,33
1761621461.6800506,2,-4,39
1761621461.7160506,7,0,31
1761621461.7530508,-3,4,36
1761621461.791051,-5,3,24
1761621461.8290508,2,-5,24
1761621461.8650508,4,-7,29
1761621461.9020507,-1,-3,28
1761621461.9400508,-2,3,29
1761621461.9760506,3,5,28
1761621462.0130508,0,6,34
1761621462.0500507,-1,4,43
1761621462.0860507,-9,-5,23
1761621462.1240506,-10,-8,33
1761621462.163051,-4,-7,32
1761621462.2010508,-1,-9,34
1761621462.2390506,9,-3,25
1761621462.2750506,3,0,21
1761621462.3120508,1,0,20
1761621462.3500507,2,1,28
1761621462.3860507,0,0,33
1761621462.4230506,5,4,33
1761621462.4610507,4,-1,36
1761621462.4990506,-1,-3,17
1761621462.5350506,0,-2,27
1761621462.5720508,-6,-4,31
1761621462.6110508,3,0,28
1761621462.6490507,4,0,31
1761621462.6850507,-2,6,32
1761621462.722051,1,0,42
1761621462.7600508,-8,-4,31
1761621462.7960508,-1,-2,31
1761621462.8330507,0,-5,36
1761621462.8710508,7,-7,41
1761621462.9090507,4,-1,31
1761621462.9450507,3,0,31
1761621462.982051,2,2,25
1761621463.0200508,-2,4,34
1761621463.0560508,5,1,45
1761621463.0930507,-1,-5,35
1761621463.1310508,-3,1,24
1761621463.1690507,-4,-7,29
1761621463.2050507,6,-3,35
1761621463.2420506,-2,0,30
1761621463.2800508,-4,1,36
1761621463.3160508,-9,-6,36
1761621463.3530507,-4,-1,43
1761621463.3910508,-3,3,29
1761621463.4300506,5,-4,33
1761621463.4660506,0,-3,34
1761621463.5030508,-2,-3,40
1761621463.541051,2,4,35
1761621463.5770507,-3,6,38
1761621463.6140506,-5,0,35
1761621463.6510508,-1,0,18
1761621463.6880507,0,-1,23
1761621463.7250507,-3,5,27
1761621463.7620506,7,7,33
1761621463.8000507,3,0,32
1761621463.8360507,4,0,39
1761621463.8730507,-6,0,32
1761621463.9110508,-2,-5,23
1761621463.9470508,4,1,40
1761621463.9840508,1,-1,34
1761621464.0220506,-2,1,31
1761621464.0600507,9,-2,33
1761621464.0960507,2,7,26
1761621464.133051,2,-8,30
1761621464.1710508,3,-4,32
1761621464.2070508,0,-1,28
1761621464.2440507,0,-3,42
1761621464.2820508,0,3,45
1761621464.3200507,-2,2,44
1761621464.3560507,-2,-4,28
1761621464.393051,3,-2,38
1761621464.4310508,5,-2,36
1761621464.4670508,0,-4,37
1761621464.5130508,-5,5,30
1761621464.551051,-9,0,39
1761621464.587051,-6,-8,37
1761621464.6250508,2,-3,25
1761621464.663051,1,-7,38
1761621464.7020507,3,-2,40
1761621464.7400508,-4,-2,43
1761621464.7760508,-2,-2,24
1761621464.8130507,-3,0,27
1761621464.8510506,2,-1,39
1761621464.8870506,-1,1,41
1761621464.9240508,7,-3,33
1761621464.962051,-2,-2,37
1761621465.0000508,-1,0,40
1761621465.0370507,-1,6,42
1761621465.074051,-2,8,33
1761621465.1120508,-5,7,38
1761621465.1500506,-2,2,33
1761621465.186051,-4,1,28
1761621465.2240508,-6,-5,30
1761621465.2620506,-4,0,29
1761621465.3000507,-6,1,35
1761621465.3360507,-7,1,34
1761621465.3740506,0,0,32
1761621465.4120507,4,-3,34
1761621465.4500508,1,0,37
1761621465.4860508,-1,0,43
1761621465.5230508,5,4,34
1761621465.561051,7,-4,28
1761621465.597051,-4,-4,29
1761621465.6340508,-1,0,30
1761621465.6720507,-4,-6,25
1761621465.7110507,-4,1,30
1761621465.7470508,-2,0,26
1761621465.7850506,0,-8,37
1761621465.8230507,0,-5,38
1761621465.8610508,8,-6,34
1761621465.8970506,5,-7,34
1761621465.9340508,-8,-2,47
1761621465.972051,-5,-2,39
1761621466.0110507,-5,1,35
1761621466.0470507,3,-1,44
1761621466.084051,1,1,34
1761621466.1220508,0,-2,27
1761621466.1580508,0,-1,34
1761621466.1950507,0,0,36
1761621466.232051,-6,-2,22
1761621466.2710507,-4,-4,36
1761621466.3070507,2,-3,37
1761621466.3440506,-4,-6,33
1761621466.3820508,-10,-5,35
1761621466.4210508,-4,-3,34
1761621466.4570508,-2,-2,27
1761621466.495051,-5,-1,27
1761621466.5330508,-6,0,34
1761621466.5710506,-6,0,43
1761621466.607051,-2,0,36
1761621466.6440508,0,0,35
1761621466.6820507,4,-2,36
1761621466.7180507,2,2,27
1761621466.7560508,-1,-5,32
1761621466.7940507,-8,-2,29
1761621466.8330507,-5,0,20
1761621466.8710508,-7,-1,32
1761621466.9070508,-9,-3,37
1761621466.9450507,-5,1,36
1761621466.9830508,0,-3,40
1761621467.0210507,-7,-5,36
1761621467.0570507,-7,-2,43
1761621467.0950508,0,1,45
1761621467.133051,4,1,33
1761621467.1710508,-3,2,31
1761621467.2070508,0,4,47
1761621467.245051,0,0,38
1761621467.2830508,0,-1,38
1761621467.3210506,3,0,38
1761621467.357051,5,0,41
1761621467.3940508,3,-1,41
1761621467.4330506,5,-4,44
1761621467.4710507,4,0,41
1761621467.5070508,10,0,35
1761621467.5440507,1,-1,23
1761621467.5830507,-5,5,29
1761621467.6210508,3,0,37
1761621467.6570508,7,-2,27
1761621467.6940508,-2,-6,27
1761621467.7330508,-2,3,30
1761621467.7690508,1,2,34
1761621467.8060508,-1,-3,18
1761621467.8440506,0,3,25
1761621467.8820508,-5,0,34
1761621467.9180508,-6,-4,36
1761621467.9560506,-2,-7,36
1761621467.9930508,-6,-3,34
1761621468.0320508,-4,-7,34
1761621468.0680506,-4,-14,35
1761621468.107051,-4,-7,28
1761621468.1450508,2,0,26
1761621468.1830506,1,-2,27
1761621468.2190506,-7,-7,26
1761621468.2570508,0,-5,39
1761621468.2940507,-1,-2,48
1761621468.3330507,-3,-2,33
1761621468.3690507,-1,-7,37
1761621468.4060507,-1,0,38
1761621468.4440508,1,2,38
1761621468.482051,2,-1,47
1761621468.518051,-2,-7,44
1761621468.5560508,-5,-6,40
1761621468.5940506,-2,-1,38
1761621468.633051,-1,-2,34
1761621468.6690507,-5,-7,35
1761621468.7060506,5,0,13
1761621468.7440507,-5,-10,21
1761621468.7820508,-7,-4,26
1761621468.8180506,-7,-7,35
1761621468.8550508,0,-5,30
1761621468.893051,-2,-2,31
1761621468.9290507,-5,-6,39
1761621468.9680507,-5,-2,34
1761621469.005051,3,-7,33
1761621469.0430508,-8,-8,37
1761621469.0790508,-5,2,34
1761621469.1160507,-5,-1,36
1761621469.1540508,-3,-1,28
1761621469.1930506,0,2,34
1761621469.2290506,-5,0,41
1761621469.2670507,-2,2,36
1761621469.3050506,-7,1,38
1761621469.3430507,1,2,38
1761621469.3790507,8,0,32
1761621469.416051,3,0,31
1761621469.4550507,2,9,33
1761621469.4930508,1,-1,37
1761621469.5290508,3,-9,33
1761621469.5660508,8,-1,30
1761621469.6040506,-2,0,37
1761621469.6420507,0,-1,43
1761621469.6780508,-3,-7,35
1761621469.7150507,1,-2,40
1761621469.7530508,2,-3,35
1761621469.7890508,5,1,38
1761621469.8260508,-3,-2,34
1761621469.8640506,4,-1,31
1761621469.9020507,0,-5,26
1761621469.9380507,-3,-5,30
1761621469.9750507,-3,-2,28
1761621470.0140507,1,-2,22
1761621470.0500507,0,1,31
1761621470.087051,-1,4,24
1761621470.1240506,-3,3,27
1761621470.163051,0,1,28
1761621470.199051,0,0,28
1761621470.2360508,-1,1,33
1761621470.2740507,-5,5,39
1761621470.3100507,-2,2,40
1761621470.347051,-4,0,35
1761621470.3850508,7,7,41
1761621470.4230506,2,5,37
1761621470.459051,1,0,20
1761621470.4970508,-4,0,26
1761621470.5340507,3,9,35
1761621470.5700507,-1,5,30
1761621470.607051,-8,2,34
1761621470.6450508,-3,6,26
1761621470.6830506,1,2,25
1761621470.7190506,-1,0,30
1761621470.7560508,-1,3,39
1761621470.7940507,0,-1,40
1761621470.8300507,-5,-3,41
1761621470.8670506,0,3,35
1761621470.9050508,0,-2,36
1761621470.9430506,8,-3,34
1761621470.9790506,7,6,29
1761621471.0160508,7,2,32
1761621471.0540507,2,0,35
1761621471.0900507,0,0,40
1761621471.1280508,0,4,31
1761621471.1650507,-3,4,31
1761621471.2040508,-7,0,45
1761621471.2400508,0,0,35
1761621471.278051,-1,-4,35
1761621471.3170507,0,-1,31
1761621471.3550508,-5,4,23
1761621471.393051,1,2,26
1761621471.4290507,4,-1,37
1761621471.4660506,7,7,29
1761621471.5040507,-3,-1,37
1761621471.5400507,0,-5,38
1761621471.5780506,-3,-3,33
1761621471.6160507,-2,-4,36
1761621471.6550508,-3,-3,40
1761621471.6930506,-5,-3,34
1761621471.7290506,-5,-2,29
1761621471.7670507,-4,-8,31
1761621471.8050506,2,0,28
1761621471.8430507,-5,-3,29
1761621471.8790507,-6,-3,27
1761621471.916051,7,-5,31
1761621471.9550507,0,-6,31
1761621471.9930508,-2,6,29
1761621472.0290508,3,-1,30
1761621472.0660508,-1,-4,43
1761621472.1050508,-4,-7,36
1761621472.1410508,-5,0,43
1761621472.1780508,-4,0,38
1761621472.2150507,-3,-1,35
1761621472.2540507,-3,-1,26
1761621472.2900507,-4,-3,29
1761621472.3280506,2,-2,36
1761621472.3650508,1,-5,30
1761621472.4010508,0,0,30
1761621472.4380507,-1,1,38
1761621472.4750507,-6,3,29
1761621472.5140507,-2,-6,40
1761621472.5500507,1,-7,38
1761621472.587051,9,-7,38
1761621472.6250508,8,-5,40
1761621472.6610508,0,-5,44
1761621472.6980507,4,-2,45
1761621472.735051,-5,3,36
1761621472.7710507,-8,1,44
1761621472.8080506,-3,-1,26
1761621472.8460507,0,-4,25
1761621472.8840508,-2,-11,33
1761621472.9200506,0,-3,35
1761621472.9570508,-6,-6,32
1761621472.995051,-1,-3,16
1761621473.0340507,-2,0,24
1761621473.0700507,-4,-1,24
1761621473.107051,-3,-3,36
1761621473.1460507,2,1,39
1761621473.1840508,4,6,24
1761621473.2200508,-10,0,30
1761621473.2570508,1,-6,30
1761621473.2950506,9,6,38
1761621473.3310506,12,0,38
1761621473.3680508,5,4,44
1761621473.4060507,0,-3,36
1761621473.4440508,-5,-8,37
1761621473.4800508,-4,-3,42
1761621473.518051,0,5,35
1761621473.5560508,0,3,42
1761621473.5940506,-1,-4,32
1761621473.630051,-5,2,30
1761621473.6670508,-3,0,33
1761621473.7050507,-3,0,42
1761621473.7410507,0,0,36
1761621473.7790508,3,-6,39
1761621473.8160508,0,0,33
1761621473.8540506,-2,5,31
1761621473.8900506,0,0,28
1761621473.9270508,-1,3,26
1761621473.9650507,-4,-2,30
1761621474.0010507,-7,0,43
1761621474.038051,-2,-2,44
1761621474.0760508,-4,-6,34
1761621474.1150508,0,-4,39
1761621474.1520507,0,0,40
1761621474.189051,-5,-2,31
1761621474.2270508,-7,-5,40
1761621474.2660508,-2,0,41
1761621474.3020508,3,-5,39
1761621474.3390508,0,2,31
1761621474.3770506,-2,-1,32
1761621474.416051,2,0,39
1761621474.4520507,-4,-4,37
1761621474.4890506,-4,-5,36
1761621474.5350506,-1,-1,36
1761621474.5710506,-8,0,34
1761621474.6080508,-9,1,46
1761621474.6460507,-4,-3,34
1761621474.6850507,1,-4,26
1761621474.7210507,2,-13,40
1761621474.758051,2,0,35
1761621474.7960508,-3,-3,20
1761621474.8320508,-2,-1,30
1761621474.8690507,0,0,36
1761621474.9060507,3,-2,36
1761621474.9450507,-2,4,30
1761621474.9810507,0,-2,42
1761621475.018051,-2,2,26
1761621475.0560508,-2,8,31
1761621475.0950508,2,3,29
1761621475.1310508,2,-1,38
1761621475.1690507,-2,-3,42
1761621475.2070508,-3,-6,42
1761621475.245051,-1,0,34
1761621475.2810507,1,-2,35
1761621475.3190508,-3,0,33
1761621475.357051,1,0,44
1761621475.3950508,-3,-3,32
1761621475.4310508,2,-2,26
1761621475.4690506,1,-2,21
1761621475.5070508,2,4,32
1761621475.5450506,2,0,25
1761621475.5810506,0,-1,26
1761621475.6190507,1,-1,35
1761621475.6570508,-1,-4,30
1761621475.6950507,0,-3,34
1761621475.7310507,-1,0,34
1761621475.768051,-8,-1,34
1761621475.8070507,-8,0,36
1761621475.8450508,1,6,32
1761621475.8810508,1,5,35
1761621475.9180508,0,0,29
1761621475.9560506,0,1,36
1761621475.9920506,0,4,33
1761621476.0290508,8,0,29
1761621476.0670507,-2,0,41
1761621476.1060507,6,4,27
1761621476.1420507,0,2,27
1761621476.1790507,1,-2,25
1761621476.2170508,1,-1,34
1761621476.255051,0,1,33
1761621476.291051,-1,-3,30
1761621476.3280506,-1,0,30
1761621476.3660507,1,-4,28
1761621476.4020507,0,0,29
1761621476.439051,4,-7,18
1761621476.4770508,0,-4,36
1761621476.5130508,-6,-5,38
1761621476.5520508,-4,-8,48
1761621476.5890508,-3,-4,29
1761621476.6270506,9,-4,35
1761621476.666051,3,-5,31
1761621476.7020507,6,-5,37
1761621476.7390506,2,-2,28
1761621476.7770507,2,0,42
1761621476.8130507,-4,0,34
1761621476.8500507,-13,0,32
1761621476.8870506,-7,1,24
1761621476.9230506,-8,-4,25
1761621476.9610507,-3,3,23
1761621476.9980507,7,1,22
1761621477.0360508,6,2,34
1761621477.0720508,1,2,34
1761621477.1090508,0,3,36
1761621477.1470506,-2,8,29
1761621477.1830506,0,1,34
1761621477.2200508,4,5,27
1761621477.2570508,5,-3,32
1761621477.2930508,1,-4,38
1761621477.3300507,4,-9,40
1761621477.3680508,3,-9,35
1761621477.4060507,-2,-3,24
1761621477.4420507,-4,4,28
1761621477.4800508,0,-7,34
1761621477.518051,3,-5,36
1761621477.5560508,5,0,23
1761621477.5920508,3,-2,19
1761621477.630051,-6,-3,35
1761621477.6680508,-3,0,22
1761621477.7060506,2,-3,33
1761621477.7420506,-4,0,39
1761621477.7790508,-4,-1,40
1761621477.8180506,-1,2,41
1761621477.8560507,0,2,33
1761621477.8920507,-7,7,37
1761621477.9290507,-3,3,43
1761621477.9670508,-9,4,38
1761621478.0030508,-4,-1,38
1761621478.0400507,1,0,24
1761621478.0780506,0,-4,20
1761621478.1160507,-3,-5,32
1761621478.1520507,7,-3,21
1761621478.1900508,0,-4,34
1761621478.2280507,2,0,26
1761621478.2660508,-4,0,40
1761621478.3020508,1,-6,27
1761621478.3390508,4,-2,31
1761621478.3780508,-2,-2,45
1761621478.416051,-3,-5,52
1761621478.4520507,-6,1,50
1761621478.4890506,-3,2,40
1761621478.528051,3,-2,32
1761621478.5660508,5,0,33
1761621478.6020508,-3,-3,27
1761621478.6390507,4,-2,22
1761621478.6780508,-4,-5,35
1761621478.7140508,-3,-9,32
1761621478.7510507,8,0,34
1761621478.788051,0,1,37
1761621478.824051,0,-1,30
1761621478.8610508,-2,-5,40
1761621478.8990507,-8,-4,33
1761621478.9380507,2,-4,33
1761621478.9740508,1,-4,32
1761621479.0110507,1,3,36
1761621479.0480506,4,0,37
1761621479.084051,1,0,30
1761621479.1210508,1,-5,38
1761621479.1580508,2,-11,48
1761621479.1940508,1,-13,49
1761621479.2310507,-2,-2,46
1761621479.2690508,3,-9,38
1761621479.3080506,-2,-7,42
1761621479.3440506,3,-8,42
1761621479.3810508,5,0,30
1761621479.4180508,1,3,37
1761621479.4540508,5,0,42
1761621479.4910507,2,3,53
1761621479.5290508,0,-4,44
1761621479.5670507,0,-5,37
1761621479.6030507,6,-7,35
1761621479.6410508,-5,2,27
1761621479.6790507,0,0,39
1761621479.7170508,0,1,40
1761621479.7530508,-3,-4,36
1761621479.791051,1,3,32
1761621479.8290508,0,2,34
1761621479.8670506,5,-1,27
1761621479.903051,5,-5,30
1761621479.9410508,-1,0,31
1761621479.9790506,-3,-2,32
1761621480.0170507,0,-10,30
1761621480.0530508,3,-6,38
1761621480.0910506,0,2,33
1761621480.1290507,1,2,40
1761621480.1670508,0,2,33
1761621480.2030506,-2,1,36
1761621480.2410507,-4,-2,34
1761621480.2790508,10,-2,31
1761621480.3180506,2,-6,37
1761621480.3540506,1,-9,34
1761621480.3910508,1,-9,36
1761621480.4290507,-7,-1,40
1761621480.4680507,4,0,30
1761621480.5040507,3,0,36
1761621480.5420508,-3,2,28
1761621480.5790508,-5,-1,40
1761621480.6180508,-6,4,39
1761621480.6540508,-1,0,35
1761621480.6920507,2,2,44
1761621480.7290506,2,1,41
1761621480.7650506,3,2,31
1761621480.8020508,3,4,31
1761621480.8390508,1,3,28
1761621480.8750508,0,-3,22
1761621480.913051,1,0,33
1761621480.9500508,4,0,32
1761621480.9880507,-1,0,37
1761621481.0240507,-6,1,41
1761621481.061051,0,1,42
1761621481.0990508,-2,-3,41
1761621481.1350508,0,-7,42
1761621481.1720507,4,-4,32
1761621481.209051,0,-3,27
1761621481.245051,0,1,22
1761621481.2820508,1,1,40
1761621481.3190508,-5,-2,35
1761621481.3580508,-1,-3,41
1761621481.3940508,2,2,38
1761621481.4310508,0,-2,44
1761621481.4690506,-3,-2,44
1761621481.505051,-2,1,29
1761621481.5420508,-7,-1,47
1761621481.5800507,13,-7,50
1761621481.6180508,4,-2,49
1761621481.6540508,3,-3,43
1761621481.6910508,3,0,35
1761621481.7290506,0,-5,35
1761621481.7650506,-4,1,33
1761621481.8020508,-4,-1,35
1761621481.8400507,4,-2,39
1761621481.8780508,-7,1,27
1761621481.9140508,0,4,41
1761621481.9530506,0,-1,48
1761621481.9900508,-10,-6,33
1761621482.0290508,7,-2,40
1761621482.0650508,1,-5,31
1761621482.1020508,10,2,40
1761621482.1400506,8,0,25
1761621482.1780508,1,0,29
1761621482.2140508,-1,1,29
1761621482.2510507,11,5,21
1761621482.2890508,5,9,29
1761621482.3250508,4,1,27
1761621482.3620508,3,-7,42
1761621482.4000506,-3,-8,30
1761621482.439051,3,0,35
1761621482.4750507,5,0,41
1761621482.5120506,-6,2,38
1761621482.5500507,-2,-2,38
1761621482.5880508,-3,-2,33
1761621482.6240506,-2,-4,36
1761621482.6610508,-6,-5,30
1761621482.7000508,-7,4,27
1761621482.7380507,-6,-3,33
1761621482.7740507,-3,4,33
1761621482.8120508,-4,4,27
1761621482.8500507,-4,0,42
1761621482.8860507,-4,-5,41
1761621482.9240508,0,-1,36
1761621482.9610507,5,-2,21
1761621483.0000508,-3,-1,22
1761621483.0360508,0,0,28
1761621483.0730507,-4,3,31
1761621483.1110508,-6,3,38
1761621483.1490507,1,-1,39
1761621483.1850507,3,-3,34
1761621483.222051,-1,-5,36
1761621483.2600508,0,-1,30
1761621483.2960508,-9,0,30
1761621483.3330507,-1,2,27
1761621483.370051,-1,0,36
1761621483.4090507,-2,2,32
1761621483.4450507,-3,0,40
1761621483.482051,0,3,45
1761621483.5200508,-1,-3,47
1761621483.5560508,-3,-9,58
1761621483.5930507,0,-1,49
1761621483.6310508,-10,-7,42
1761621483.6700506,-3,0,37
1761621483.7060506,-6,-2,37
1761621483.7430508,-5,0,42
1761621483.7800508,-3,1,31
1761621483.8190508,2,-6,44
1761621483.8550508,9,-2,45
1761621483.893051,0,0,41
1761621483.9310508,2,0,25
1761621483.9690506,7,2,28
1761621484.005051,-4,-3,22
1761621484.0430508,-4,-3,30
1761621484.0820508,2,0,34
1761621484.120051,1,-3,27
1761621484.1560507,4,1,33
1761621484.1940508,-1,-6,25
1761621484.2310507,5,0,26
1761621484.2690508,5,4,34
1761621484.3050506,3,5,38
1761621484.3420508,-5,-4,40
1761621484.3810508,-2,-7,36
1761621484.4190507,3,0,44
1761621484.4550507,1,4,47
1761621484.4920506,6,6,44
1761621484.5360508,0,7,31
1761621484.5730507,-2,4,35
1761621484.6110508,-10,-3,36
1761621484.6500506,-7,-2,37
1761621484.686051,2,1,36
1761621484.7230508,0,-4,39
1761621484.7610507,1,-4,36
1761621484.7990508,2,-2,29
1761621484.8350508,1,-7,21
1761621484.8730507,-8,-8,21
1761621484.9110508,2,-2,28
1761621484.949051,7,0,36
1761621484.9860508,-4,3,34
1761621485.0230508,-1,0,40
1761621485.061051,-2,-2,39
1761621485.097051,-4,-3,33
1761621485.1340508,1,0,31
1761621485.1710508,-4,1,48
1761621485.2070508,-2,1,33
1761621485.2440507,-4,-4,34
1761621485.2820508,0,-6,27
1761621485.3200507,-2,-1,26
1761621485.3560507,3,-6,35
1761621485.393051,-1,-3,40
1761621485.4310508,0,0,23
1761621485.4670508,4,-1,29
1761621485.5040507,-2,-8,36
1761621485.5420508,-4,-1,34
1761621485.5810506,-2,1,32
1761621485.6170506,-2,5,35
1761621485.6540508,0,4,37
1761621485.6910508,3,0,34
1761621485.7300508,0,0,33
1761621485.7660508,-1,-5,36
1761621485.8040507,-7,-2,36
1761621485.8430507,-6,0,38
1761621485.8810508,0,4,28
1761621485.9170508,0,0,28
1761621485.9540508,0,5,33
1761621485.9910507,2,-3,25
1761621486.0300508,-3,-3,26
1761621486.0660508,-1,6,23
1761621486.1040506,3,0,25
1761621486.1420507,8,0,26
1761621486.1800506,-4,0,32
1761621486.2160506,4,0,25
1761621486.2540507,2,-5,34
1761621486.2920508,0,-3,32
1761621486.3300507,0,-1,40
1761621486.3660507,1,-5,43
1761621486.4040508,-2,5,51
1761621486.4420507,-8,1,35
1761621486.4800508,0,0,43
1761621486.5160508,6,3,35
1761621486.5540507,1,0,32
1761621486.5920508,-1,2,31
1761621486.630051,4,-2,28
1761621486.666051,2,-3,24
1761621486.7040508,0,-4,23
1761621486.7420506,-3,-1,25
1761621486.7800508,3,-6,29
1761621486.8160508,0,1,32
1761621486.8530507,-4,0,44
1761621486.8910508,10,-4,35
1761621486.9270508,12,2,38
1761621486.9640508,7,7,27
1761621487.0020506,-2,1,38
1761621487.0400507,-2,-2,39
1761621487.0760508,-7,2,33
1761621487.1130507,-3,4,33
1761621487.1510508,-4,4,33
1761621487.1870508,-7,1,38
1761621487.2240508,-4,-2,35
1761621487.2630508,2,-3,31
1761621487.301051,3,0,39
1761621487.337051,1,0,39
1761621487.3740506,-1,4,35
1761621487.4120507,3,2,39
1761621487.4480507,3,0,42
1761621487.485051,2,-2,42
1761621487.5220506,2,2,33
1761621487.5580506,4,0,34
1761621487.5950508,-9,5,25
1761621487.633051,-8,2,24
1761621487.6710508,4,-3,31
1761621487.7070508,4,-3,37
1761621487.7440507,0,-3,47
1761621487.7820508,-3,0,36
1761621487.8180506,-7,3,32
1761621487.8550508,-4,0,34
1761621487.8920507,-5,0,24
1761621487.9280508,-8,0,39
1761621487.9650507,2,-5,38
1761621488.0030508,-1,-9,36
1761621488.0420508,-1,-4,37
1761621488.0780506,2,0,41
1761621488.1150508,3,-4,42
1761621488.153051,2,3,36
1761621488.1910508,5,1,27
1761621488.2270508,2,0,27
1761621488.2640507,5,0,45
1761621488.3020508,-1,1,44
1761621488.3380508,-5,2,40
1761621488.3750508,-2,-1,43
1761621488.413051,0,-4,34
1761621488.4510508,-8,6,35
1761621488.4870508,-14,2,36
1761621488.5250506,-4,-4,30
1761621488.5630507,-3,4,31
1761621488.6010506,-7,-2,24
1761621488.6370506,-6,1,20
1761621488.6740508,-5,1,39
1761621488.7130508,5,-3,32
1761621488.7510507,0,-8,44
1761621488.7870507,0,-7,45
1761621488.824051,5,-2,31
1761621488.8620508,-1,-5,38
1761621488.8980508,-2,-6,40
1761621488.936051,2,0,24
1761621488.9730508,4,-5,32
1761621489.0110507,1,0,26
1761621489.0470507,3,-4,10
1761621489.084051,2,-2,17
1761621489.1220508,0,-2,16
1761621489.1580508,-4,-2,20
1761621489.1950507,-2,0,21
1761621489.2330508,-6,-5,33
1761621489.2710507,-2,4,26
1761621489.3070507,-5,3,37
1761621489.3440506,2,0,31
1761621489.3820508,0,-6,41
1761621489.4180508,-3,-1,33
1761621489.4550507,10,-3,30
1761621489.4940507,5,-8,35
1761621489.5320508,0,-5,40
1761621489.5680506,1,-2,44
1761621489.6060507,0,2,43
1761621489.643051,0,3,29
1761621489.6790507,0,3,31
1761621489.7160506,4,1,34
1761621489.7530508,4,-3,31
1761621489.7890508,4,1,22
1761621489.8260508,0,1,27
1761621489.8640506,-6,1,31
1761621489.903051,-4,1,27
1761621489.939051,0,-3,40
1761621489.9760506,-1,0,34
1761621490.0130508,4,-8,27
1761621490.0490508,5,-7,25
1761621490.0860507,-2,0,28
1761621490.1240506,1,5,33
1761621490.163051,0,-1,38
1761621490.199051,-2,2,33
1761621490.2360508,0,8,40
1761621490.2730508,0,-3,33
1761621490.3120508,4,-4,29
1761621490.3480508,-5,-1,22
1761621490.3860507,1,-5,26
1761621490.4240508,-6,-8,34
1761621490.462051,-4,4,32
1761621490.4980507,2,8,34
1761621490.5360508,0,-2,34
1761621490.574051,0,1,36
1761621490.6120508,4,4,32
1761621490.6490507,-1,6,30
1761621490.686051,6,-4,37
1761621490.7240508,4,0,39
1761621490.7620506,-2,-5,41
1761621490.7980506,0,-6,31
1761621490.8350508,0,-9,32
1761621490.8740506,1,-2,44
1761621490.9120507,0,2,43
1761621490.9480507,-3,4,47
1761621490.9860508,-3,2,41
1761621491.0240507,-2,1,35
1761621491.0620508,-4,1,41
1761621491.0990508,0,1,35
1761621491.1360507,-9,1,31
1761621491.1740508,-6,-3,38
1761621491.212051,1,-6,45
1761621491.2490506,3,0,37
1761621491.2860508,-2,1,46
1761621491.324051,0,0,25
1761621491.3620508,4,0,34
1761621491.3980508,3,-4,31
1761621491.436051,1,-10,46
1761621491.4740508,1,-5,30
1761621491.5120506,3,-2,34
1761621491.5480506,-5,2,38
1761621491.5860507,3,0,34
1761621491.6240506,0,-4,30
1761621491.6600506,0,-1,34
1761621491.6970508,0,-4,17
1761621491.7340508,-3,-7,30
1761621491.7730508,6,-8,36
1761621491.8090508,0,-4,28
1761621491.8460507,-3,-1,20
1761621491.8840508,0,4,26
1761621491.9200506,7,3,29
1761621491.9570508,1,8,26
1761621491.9940507,2,11,29
1761621492.0300508,-1,6,26
1761621492.0670507,-2,0,29
1761621492.1050508,0,5,39
1761621492.143051,-5,4,38
1761621492.1790507,0,6,46
1761621492.2170508,-4,3,43
1761621492.255051,6,2,57
1761621492.2930508,0,-7,41
1761621492.3290508,3,-12,35
1761621492.3670506,3,-10,25
1761621492.4040508,-2,-4,29
1761621492.4430506,0,0,39
1761621492.4790506,-8,-2,35
1761621492.5170507,-2,-3,27
1761621492.5550506,-1,2,33
1761621492.5940506,0,2,27
1761621492.630051,8,-2,37
1761621492.6670508,2,1,31
1761621492.7050507,5,3,36
1761621492.7430508,4,1,41
1761621492.7790508,3,-5,34
1761621492.8170507,3,-7,41
1761621492.8550508,1,-4,29
1761621492.893051,-1,-9,30
1761621492.9290507,-5,-8,19
1761621492.9670508,3,-2,37
1761621493.005051,1,-4,39
1761621493.0430508,2,-1,31
1761621493.0790508,-2,-2,42
1761621493.1170506,6,-1,29
1761621493.1560507,2,-2,20
1761621493.1940508,0,-5,40
1761621493.2300508,1,0,33
1761621493.2670507,-4,-6,29
1761621493.3060508,-3,-1,35
1761621493.3440506,1,-5,23
1761621493.380051,0,-2,36
1761621493.4180508,-6,-1,32
1761621493.4560506,-6,-7,31
1761621493.495051,-6,-2,32
1761621493.5330508,-9,0,34
1761621493.5690508,-6,7,30
1761621493.6060507,3,2,41
1761621493.6440508,7,2,46
1761621493.6800506,2,0,38
1761621493.7170508,-4,1,46
1761621493.755051,2,2,47
1761621493.791051,1,2,44
1761621493.8280506,0,4,34
1761621493.8650508,0,0,39
1761621493.9010508,4,-1,26
1761621493.939051,-6,-7,28
1761621493.9760506,-5,0,28
1761621494.0140507,-5,-2,23
1761621494.0500507,-6,-5,28
1761621494.0880508,1,-5,30
1761621494.1250508,3,0,32
1761621494.1610508,0,3,38
1761621494.1980507,-1,-1,38
1761621494.2360508,2,3,33
1761621494.2750506,10,0,35
1761621494.311051,-4,0,30
1761621494.3480508,-4,-1,33
1761621494.3860507,-1,-4,34
1761621494.4250507,-1,-5,23
1761621494.4610507,-2,-8,24
1761621494.4980507,-1,0,47
1761621494.5440507,10,-8,35
1761621494.5800507,10,-2,30
1761621494.6180508,3,-1,33
1761621494.6560507,-2,-1,33
1761621494.6940508,-4,0,38
1761621494.7310507,0,-3,31
1761621494.768051,-8,-2,41
1761621494.8060508,-9,0,38
1761621494.8440506,-5,-6,39
1761621494.880051,0,1,40
1761621494.9170508,-3,1,31
1761621494.9560506,0,-3,36
1761621494.9940507,4,-9,24
1761621495.0300508,3,-3,28
1761621495.0670507,0,-4,31
1761621495.1060507,-6,-10,43
1761621495.1440508,3,0,38
1761621495.1800506,0,-2,28
1761621495.2170508,-3,0,38
1761621495.255051,-2,0,41
1761621495.291051,-1,-2,42
1761621495.3280506,-3,-6,35
1761621495.3660507,0,-3,40
1761621495.4040508,-1,2,28
1761621495.4400508,-3,-5,41
1761621495.4780507,1,-6,33
1761621495.5160508,0,3,28
1761621495.5540507,-2,1,38
1761621495.5900507,2,0,35
1761621495.6270506,-3,-4,28
1761621495.666051,-1,2,33
1761621495.7040508,-6,2,41
1761621495.7400508,-10,-4,34
1761621495.778051,-1,5,33
1761621495.8160508,2,1,39
1761621495.8540506,3,-9,41
1761621495.8900506,1,-8,40
1761621495.9270508,0,1,35
1761621495.9650507,2,-3,43
1761621496.0010507,0,4,45
1761621496.038051,2,4,39
1761621496.0760508,1,-5,25
1761621496.1120508,0,0,24
1761621496.1490507,2,-2,34
1761621496.186051,1,1,35
1761621496.222051,-1,-2,34
1761621496.2590508,3,-6,33
1761621496.2960508,2,2,30
1761621496.3320508,3,-2,39
1761621496.3690507,-6,0,32
1761621496.4070508,-3,-5,34
1761621496.4460506,-4,-1,35
1761621496.482051,-3,6,26
1761621496.5190508,-2,1,37
1761621496.5560508,-3,5,44
1761621496.5920508,-2,4,46
1761621496.630051,-1,4,34
1761621496.6670508,-4,2,35
1761621496.7050507,1,6,26
1761621496.7410507,-1,-4,32
1761621496.778051,1,-1,37
1761621496.8160508,-1,0,40
1761621496.8520508,-1,-1,32
1761621496.8900506,1,-5,23
1761621496.9280508,3,-15,37
1761621496.9660506,6,-10,37
1761621497.0020506,0,-3,43
1761621497.041051,-3,-2,44
1761621497.0780506,4,0,46
1761621497.1160507,-6,2,38
1761621497.1520507,-3,3,35
1761621497.1900508,-2,2,39
1761621497.2280507,-1,-2,44
1761621497.2670507,0,-7,33
1761621497.3050506,0,0,32
1761621497.3410506,-5,-6,37
1761621497.3780508,-1,0,28
1761621497.416051,1,-5,28
1761621497.4520507,-5,-1,23
1761621497.4890506,2,-2,35
1761621497.5270507,0,1,25
1761621497.5650508,1,-2,31
1761621497.6010506,-1,-11,22
1761621497.6390507,2,0,26
1761621497.6770508,3,-2,28
1761621497.7150507,3,-3,26
1761621497.7510507,0,-3,34
1761621497.788051,-1,-1,28
1761621497.8270507,0,0,28
1761621497.8650508,0,4,30
1761621497.9010508,-2,-3,33
1761621497.9400508,3,-8,23
1761621497.9770508,-2,0,32
1761621498.0160508,-4,0,40
1761621498.0520508,-1,0,33
1761621498.0890508,3,-6,45
1761621498.1270506,5,-3,38
1761621498.166051,2,0,26
1761621498.2020507,1,0,29
1761621498.2390506,0,-2,41
1761621498.2770507,-1,0,38
1761621498.3130507,3,3,37
1761621498.3500507,0,8,38
1761621498.3870506,-5,6,25
1761621498.4230506,-2,0,25
1761621498.4610507,-3,-6,23
1761621498.4980507,-1,-6,24
1761621498.5370507,-4,1,43
1761621498.5730507,-1,-7,49
1761621498.610051,-6,-1,36
1761621498.6480508,0,2,31
1761621498.686051,0,-1,34
1761621498.722051,-1,1,30
1761621498.7590508,2,-2,31
1761621498.7970507,0,-2,27
1761621498.8330507,0,-5,37
1761621498.870051,-4,2,29
1761621498.9070508,-4,2,27
1761621498.9430506,-4,4,25
1761621498.9810507,-5,-7,36
1761621499.0190508,1,-6,26
1761621499.0580506,-2,3,28
1761621499.0960507,3,-7,33
1761621499.1320508,2,-6,35
1761621499.1690507,-2,-3,29
1761621499.2080507,-8,-6,34
1761621499.2460508,0,-7,44
1761621499.2820508,-4,-1,39
1761621499.3200507,0,0,28
1761621499.3580508,-5,-8,38
1761621499.3960507,0,8,38
1761621499.4320507,-2,0,38
1761621499.4700508,2,-15,36
1761621499.508051,0,-4,34
1761621499.5460508,-4,-7,41
1761621499.5820508,0,-5,41
1761621499.620051,0,-2,24
1761621499.6580508,-1,2,27
1761621499.6960506,-3,5,29
1761621499.732051,-6,3,29
1761621499.7690508,3,2,27
1761621499.8070507,1,-2,34
1761621499.8430507,-12,0,29
1761621499.880051,-2,-2,30
1761621499.9180508,0,-1,19
1761621499.9560506,0,0,19
1761621499.9920506,-5,0,35
1761621500.0290508,2,-1,38
1761621500.0670507,5,1,33
1761621500.1030507,0,-2,36
1761621500.1400506,0,-1,34
1761621500.1780508,-3,-2,32
1761621500.2160506,0,9,27
1761621500.2520506,-7,0,26
1761621500.2890508,-1,-4,32
1761621500.3280506,0,0,38
1761621500.3640506,-3,4,42
1761621500.4020507,-7,1,38
1761621500.439051,-1,1,33
1761621500.4780507,0,0,32
1761621500.5140507,2,1,34
1761621500.551051,1,0,30
1761621500.5890508,2,-2,37
1761621500.6270506,-9,0,41
1761621500.663051,-8,0,34
1761621500.7000508,1,-2,41
1761621500.7380507,-6,-5,39
1761621500.7770507,-8,0,33
1761621500.8130507,1,7,31
1761621500.8500507,6,0,37
1761621500.8880508,3,-1,41
1761621500.9240508,-4,1,35
1761621500.9610507,-3,0,34
1761621500.9980507,6,4,31
1761621501.0340507,3,-1,30
1761621501.0710506,-4,5,38
1761621501.1080508,-2,-1,43
1761621501.1470506,0,-7,42
1761621501.1830506,1,0,47
1761621501.222051,-11,-1,32
1761621501.2590508,-2,-5,34
1761621501.2980506,0,-3,34
1761621501.334051,1,-4,22
1761621501.3710508,4,-7,25
1761621501.4090507,-2,-6,29
1761621501.4470508,-3,-7,35
1761621501.4830508,-4,-3,31
1761621501.5210507,2,-5,39
1761621501.5590508,-1,-3,30
1761621501.5980508,-3,0,22
1761621501.6340508,3,0,29
1761621501.6710508,-6,2,22
1761621501.709051,-2,-2,25
1761621501.7480507,2,-3,23
1761621501.7840507,5,0,36
1761621501.8210506,0,0,35
1761621501.8590508,-8,0,30
1761621501.8970506,0,-2,39
1761621501.9330506,6,-4,25
1761621501.9710507,2,-1,39
1761621502.0090508,2,0,41
1761621502.0470507,4,-2,40
1761621502.0830507,6,0,38
1761621502.1220508,0,6,38
1761621502.1590507,2,6,38
1761621502.1970508,3,-5,30
1761621502.2330508,-1,-1,33
1761621502.2700508,-1,-3,26
1761621502.3090508,5,-4,30
1761621502.347051,0,0,28
1761621502.383051,0,0,36
1761621502.4220507,-1,0,36
1761621502.459051,-2,-4,31
1761621502.4980507,0,0,32
1761621502.5340507,4,1,28
1761621502.5720508,1,-1,31
1761621502.6090508,-3,-4,21
1761621502.6480508,5,-7,28
1761621502.6850507,4,-7,30
1761621502.722051,3,-7,27
1761621502.7590508,-7,-4,32
1761621502.7980506,3,-4,28
1761621502.834051,5,-3,37
1761621502.8720508,2,0,36
1761621502.9090507,-2,-3,44
1761621502.9480507,-5,-2,39
1761621502.9840508,-5,-3,33
1761621503.0220506,3,-1,32
1761621503.0590508,-2,3,22
1761621503.0950508,0,0,29
1761621503.1320508,3,4,35
1761621503.1700506,4,0,35
1761621503.2080507,3,0,42
1761621503.2440507,0,-2,44
1761621503.2810507,0,1,45
1761621503.3190508,-1,0,27
1761621503.3550508,-2,-1,31
1761621503.3920507,1,0,23
1761621503.4300506,6,1,32
1761621503.4680507,3,-2,35
1761621503.5040507,0,-2,41
1761621503.541051,-2,-2,34
1761621503.5800507,1,0,29
1761621503.6180508,-2,0,19
1761621503.6540508,-2,5,17
1761621503.6910508,3,0,33
1761621503.7300508,5,-7,33
1761621503.768051,2,0,31
1761621503.8040507,-9,-1,32
1761621503.8420508,-1,-3,34
1761621503.880051,-9,-4,24
1761621503.9180508,-2,-1,30
1761621503.9540508,0,2,36
1761621503.9920506,0,-3,34
1761621504.0300508,5,-2,34
1761621504.0680506,8,0,30
1761621504.1040506,4,0,30
1761621504.1410508,0,7,34
1761621504.1800506,2,6,41
1761621504.2180507,7,1,40
1761621504.2540507,9,2,41
1761621504.291051,3,-5,35
1761621504.3300507,3,0,31
1761621504.3680508,3,5,22
1761621504.4040508,7,2,23
1761621504.4410508,2,-1,42
1761621504.4800508,-2,-6,42
1761621504.5160508,-5,0,37
1761621504.5670507,-2,0,31
1761621504.6040506,-1,11,30
1761621504.6410508,-5,1,30
1761621504.6800506,-4,-5,37
1761621504.7160506,-9,-6,47
1761621504.7530508,-7,3,46
1761621504.7900507,0,-3,46
1761621504.8260508,-1,-3,43
1761621504.8630507,2,1,39
1761621504.9010508,0,2,34
1761621504.939051,4,1,40
1761621504.9750507,2,4,38
1761621505.0120506,2,-6,29
1761621505.0500507,2,-3,19
1761621505.0860507,3,-1,43
1761621505.1250508,3,-5,36
1761621505.1620507,6,-10,33
1761621505.2000508,0,0,28
1761621505.2360508,0,4,25
1761621505.2730508,2,-2,32
1761621505.311051,4,-5,22
1761621505.3490508,1,-2,24
1761621505.3850508,2,-3,17
1761621505.4220507,0,0,23
1761621505.4600508,0,-1,30
1761621505.4960508,-11,-2,23
1761621505.5330508,-3,6,26
1761621505.5710506,-2,-1,28
1761621505.610051,-5,-6,39
1761621505.6460507,-1,0,47
1761621505.6840508,-2,0,33
1761621505.7210507,-8,0,42
1761621505.7590508,-3,0,28
1761621505.7950506,-3,3,36
1761621505.8320508,7,2,30
1761621505.870051,-1,-2,36
1761621505.9060507,-3,3,39
1761621505.9430506,-2,-4,44
1761621505.9810507,-6,-4,39
1761621506.0200508,-11,-3,34
1761621506.0560508,-1,0,26
1761621506.0930507,0,0,32
1761621506.1310508,0,-2,42
1761621506.1690507,-4,-2,33
1761621506.2050507,0,1,36
1761621506.2420506,4,0,37
1761621506.2800508,5,-7,40
1761621506.3160508,1,0,43
1761621506.3530507,2,3,42
1761621506.3910508,4,0,39
1761621506.4290507,2,-4,43
1761621506.4650507,-3,0,48
1761621506.5020506,-4,0,43
1761621506.541051,-1,-1,40
1761621506.5790508,7,-2,36
1761621506.6150508,4,-2,34
1761621506.6520507,-4,-4,33
1761621506.6910508,-4,-9,23
1761621506.7290506,-1,-7,31
1761621506.7650506,1,-3,44
1761621506.8020508,0,8,42
1761621506.8400507,-9,4,42
1761621506.8760507,0,2,38
1761621506.913051,-1,0,28
1761621506.9510508,0,-2,31
1761621506.9870508,-10,-1,27
1761621507.0240507,-12,-4,17
1761621507.0630507,-4,0,21
1761621507.1010506,-5,3,29
1761621507.1370506,-2,3,34
1761621507.1740508,2,-3,28
1761621507.212051,0,-4,30
1761621507.2510507,0,-2,21
1761621507.2870507,-2,-7,25
1761621507.324051,-4,-7,30
1761621507.3620508,2,0,24
1761621507.4000506,15,-7,25
1761621507.436051,12,-4,29
1761621507.4730508,5,-2,31
1761621507.5110507,7,-4,22
1761621507.5470507,1,-2,29
1761621507.5850508,1,-1,16
1761621507.6220508,-8,0,34
1761621507.6600506,-5,-1,32
1761621507.6960506,-1,4,36
1761621507.7330508,-5,-4,38
1761621507.7720506,-2,3,32
1761621507.8100507,-1,5,35
1761621507.8460507,-6,-2,23
1761621507.883051,-4,-2,29
1761621507.9220507,0,-4,40
1761621507.9600508,2,-2,44
1761621507.9960508,1,-6,48
1761621508.0330508,1,1,39
1761621508.0710506,-1,2,26
1761621508.107051,3,-5,32
1761621508.1440508,12,-3,42
1761621508.1820507,5,0,25
1761621508.2200508,8,1,34
1761621508.2560508,6,0,21
1761621508.2940507,-4,0,39
1761621508.3320508,-4,-1,27
1761621508.370051,-4,-6,33
1761621508.4060507,-3,-1,22
1761621508.4440508,1,1,32
1761621508.482051,-8,2,29
1761621508.5200508,-12,2,41
1761621508.5560508,-6,-1,38
1761621508.5940506,-4,3,35
1761621508.6320508,-1,2,29
1761621508.6700506,0,3,22
1761621508.7060506,-4,-1,34
1761621508.7440507,0,0,37
1761621508.7820508,-2,-1,27
1761621508.8200507,0,-3,40
1761621508.8560507,-8,2,34
1761621508.8940508,0,10,36
1761621508.9320507,3,5,34
1761621508.9700508,-1,-1,34
1761621509.0060508,-1,2,32
1761621509.0440507,-5,3,34
1761621509.0820508,-7,0,33
1761621509.1180508,-3,3,45
1761621509.1550508,3,2,33
1761621509.1920507,7,1,37
1761621509.2280507,6,-4,34
1761621509.2660508,6,-2,39
1761621509.3030508,-2,-1,39
1761621509.3420508,0,5,30
1761621509.3780508,1,-1,31
1761621509.4150507,-3,-1,25
1761621509.4530506,-4,1,33
1761621509.4910507,4,-3,34
1761621509.528051,1,1,41
1761621509.5650508,1,-1,38
1761621509.6030507,8,-1,28
1761621509.6410508,3,-5,20
1761621509.6770508,3,-5,19
1761621509.7140508,10,0,39
1761621509.7520506,1,-1,35
1761621509.788051,0,-3,27
1761621509.8250508,2,-1,40
1761621509.8630507,2,-7,49
1761621509.9010508,0,-1,34
1761621509.9370508,-1,0,34
1761621509.9750507,1,-1,31
1761621510.0130508,-4,-5,29
1761621510.051051,-2,-6,30
1761621510.087051,2,-6,27
1761621510.1250508,12,-3,39
1761621510.163051,3,-2,39
1761621510.2010508,-5,0,36
1761621510.2370508,2,0,43
1761621510.2750506,-2,3,33
1761621510.3130507,0,0,18
1761621510.3510506,0,0,23
1761621510.3870506,0,-1,29
1761621510.4250507,0,0,29
1761621510.4630508,0,-3,17
1761621510.5010507,-8,-4,23
1761621510.5370507,-3,-7,38
1761621510.5750508,0,-2,33
1761621510.6130507,0,-5,23
1761621510.6510508,-2,-5,29
1761621510.6870508,0,-2,44
1761621510.7250507,2,-2,32
1761621510.7630508,-2,-9,32
1761621510.801051,-5,-7,27
1761621510.837051,-1,-7,20
1761621510.8740506,0,-2,37
1761621510.913051,0,0,40
1761621510.9510508,-2,-3,36
1761621510.9870508,-3,-7,35
1761621511.0240507,-7,0,39
1761621511.0630507,-5,0,33
1761621511.1010506,4,-3,36
1761621511.1370506,8,-7,26
1761621511.1750507,9,-5,44
1761621511.2130508,3,0,37
1761621511.2490506,6,0,49
1761621511.2860508,-2,1,45
1761621511.3230507,3,2,36
1761621511.3590508,4,-5,25
1761621511.3960507,12,-5,37
1761621511.4330506,-3,-2,35
1761621511.472051,-5,0,30
1761621511.508051,-6,-3,28
1761621511.5450506,-2,-12,20
1761621511.5830507,9,-5,15
1761621511.6190507,1,-6,29
1761621511.6560507,-6,7,28
1761621511.6930506,0,0,34
1761621511.732051,1,-4,27
1761621511.768051,-5,-1,38
1761621511.8050506,-9,-6,29
1761621511.8430507,-2,-12,35
1761621511.8820508,2,0,38
1761621511.9180508,-1,4,31
1761621511.9550507,-3,4,32
1761621511.9930508,0,-2,35
1761621512.0320508,2,-10,42
1761621512.0680506,5,1,34
1761621512.1050508,-3,-3,34
1761621512.1440508,-5,0,39
1761621512.1820507,-2,-3,32
1761621512.2180507,1,2,33
1761621512.255051,0,0,28
1761621512.2940507,0,3,38
1761621512.3320508,0,-1,42
1761621512.3680508,1,1,29
1761621512.4050508,0,-1,36
1761621512.4440508,3,-3,33
1761621512.482051,2,-3,41
1761621512.518051,4,-3,35
1761621512.5550506,0,4,32
1761621512.5940506,1,-4,47
1761621512.6320508,-3,0,40
1761621512.6680508,-4,1,46
1761621512.7050507,-2,0,43
1761621512.7440507,-5,-2,35
1761621512.7820508,-6,1,22
1761621512.8180506,-2,0,35
1761621512.8550508,0,0,36
1761621512.8940508,-3,1,30
1761621512.9320507,6,1,27
1761621512.9680507,4,-3,33
1761621513.005051,-2,0,33
1761621513.0440507,-1,-8,43
1761621513.0820508,3,1,38
1761621513.1180508,0,0,40
1761621513.1550508,0,0,40
1761621513.1940508,-1,-7,45
1761621513.2300508,-2,-9,37
1761621513.268051,-2,-2,38
1761621513.3060508,5,1,40
1761621513.3440506,5,-1,36
1761621513.380051,3,1,32
1761621513.4170508,0,-7,43
1761621513.4540508,-3,-1,45
1761621513.4930508,-3,-6,43
1761621513.5290508,-6,0,35
1761621513.5660508,-2,0,36
1761621513.6040506,-1,-7,32
1761621513.643051,-6,-2,41
1761621513.6790507,0,-5,27
1761621513.7160506,2,-2,31
1761621513.7540507,0,3,20
1761621513.7900507,-4,6,25
1761621513.8280506,-4,0,25
1761621513.8650508,0,0,36
1761621513.903051,3,-1,32
1761621513.939051,-1,0,28
1761621513.9760506,7,6,36
1761621514.0140507,0,6,21
1761621514.0500507,2,7,26
1761621514.087051,4,0,29
1761621514.1240506,1,-4,36
1761621514.1600506,0,0,39
1761621514.1970508,-4,2,42
1761621514.235051,-1,4,33
1761621514.2730508,0,6,26
1761621514.3090508,-2,-1,30
1761621514.3460507,0,-5,42
1761621514.3850508,-1,-8,46
1761621514.4230506,-1,-6,36
1761621514.459051,-9,-9,37
1761621514.4960508,0,-2,37
1761621514.5350506,1,0,36
1761621514.5790508,0,0,30
1761621514.6160507,-4,-5,26
1761621514.6550508,2,0,33
1761621514.6930506,6,0,40
1761621514.7290506,11,-1,33
1761621514.7660508,6,-3,25
1761621514.8040507,4,1,32
1761621514.8400507,5,-2,24
1761621514.8770506,-4,0,23
1761621514.9150507,-2,1,32
1761621514.9530506,-8,-7,36
1761621514.9890506,-6,-5,45
1761621515.0270507,-3,-6,41
1761621515.0660508,-4,0,37
1761621515.1040506,4,-4,28
1761621515.1400506,2,-2,32
1761621515.1770508,0,-1,36
1761621515.2150507,-2,-1,35
1761621515.2530508,6,-4,34
1761621515.2890508,1,-5,44
1761621515.3270507,-4,-1,35
1761621515.3660507,-7,-2,34
1761621515.4040508,0,2,33
1761621515.4400508,0,-4,38
1761621515.4770508,-6,-3,30
1761621515.5160508,1,4,30
1761621515.5540507,-3,0,31
1761621515.5900507,0,0,33
1761621515.6270506,-1,-3,49
1761621515.6650507,-3,0,36
1761621515.7040508,5,2,34
1761621515.7400508,6,1,38
1761621515.7770507,-3,-2,50
1761621515.8150508,-4,0,50
1761621515.8540506,0,0,48
1761621515.8900506,-6,-7,35
1761621515.9270508,-6,-6,34
1761621515.9650507,0,-8,36
1761621516.0040507,9,-6,31
1761621516.0400507,2,0,45
1761621516.0770507,5,7,39
1761621516.1150508,2,5,28
1761621516.1510508,1,6,27
1761621516.1880507,0,4,28
1761621516.2250507,7,4,28
1761621516.2610507,5,-1,26
1761621516.2980506,8,-2,6
1761621516.3350508,3,-1,24
1761621516.3740506,0,-2,30
1761621516.4100506,0,0,37
1761621516.4480507,4,0,34
1761621516.4860508,0,2,24
1761621516.5240507,3,0,35
1761621516.5600507,0,4,35
1761621516.5990508,-5,-3,36
1761621516.6360507,-3,1,29
1761621516.6740508,4,0,33
1761621516.7100508,0,1,29
1761621516.7470508,0,-3,27
1761621516.7860508,-1,1,39
1761621516.824051,-1,5,28
1761621516.860051,-2,1,23
1761621516.8980508,-4,0,32
1761621516.936051,-6,2,32
1761621516.9740508,0,2,23
1761621517.0100508,-1,-2,31
1761621517.0480506,0,0,31
1761621517.0860507,2,0,34
1761621517.1240506,3,-3,36
1761621517.1610508,-2,-1,38
1761621517.1980507,0,0,30
1761621517.2360508,-2,1,31
1761621517.2740507,2,0,28
1761621517.3100507,-4,0,34
1761621517.347051,-1,-6,30
1761621517.3860507,0,0,37
1761621517.4240508,-4,-2,37
1761621517.4600508,-1,-4,33
1761621517.4980507,-13,0,39
1761621517.5360508,-6,-4,40
1761621517.574051,0,-8,41
1761621517.610051,-4,2,52
1761621517.6470506,2,1,45
1761621517.686051,-3,-3,38
1761621517.722051,0,1,23
1761621517.7590508,-3,-5,35
1761621517.7970507,-2,2,27
1761621517.8360507,6,2,35
1761621517.8720508,3,6,36
1761621517.9090507,-6,1,30
1761621517.9460506,-7,3,40
1761621517.982051,6,3,50
1761621518.0190508,4,-2,42
1761621518.0570507,0,-4,42
1761621518.0950508,-2,2,38
1761621518.1310508,5,4,36
1761621518.1680508,13,-1,39
1761621518.2060506,-8,-2,36
1761621518.2420506,4,1,36
1761621518.2790508,1,2,52
1761621518.3160508,-5,0,42
1761621518.3520508,-1,-5,40
1761621518.3890507,1,0,41
1761621518.4270508,6,1,28
1761621518.4650507,2,-3,35
1761621518.5010507,-1,2,30
1761621518.538051,-1,-4,31
1761621518.5770507,-3,1,31
1761621518.6150508,2,3,27
1761621518.6510508,8,0,40
1761621518.6880507,0,2,33
1761621518.7260506,1,4,21
1761621518.7620506,0,-3,17
1761621518.7990508,0,1,27
1761621518.837051,-1,-5,36
1761621518.8760507,-7,-3,34
1761621518.9120507,-3,-5,27
1761621518.9500508,-3,0,42
1761621518.9870508,-2,-3,34
1761621519.0260508,5,-5,26
1761621519.0620508,-1,-8,22
1761621519.0990508,1,-8,31
1761621519.1370506,6,-1,32
1761621519.1750507,3,0,23
1761621519.2110507,0,-2,17
1761621519.2480507,-4,0,26
1761621519.2860508,-6,1,35
1761621519.3220508,-1,0,40
1761621519.3590508,0,-2,45
1761621519.3970506,3,5,55
1761621519.4350507,2,-1,41
1761621519.4710507,6,-3,33
1761621519.5090508,1,-3,34
1761621519.5470507,0,-2,30
1761621519.5850508,-1,-2,37
1761621519.6210508,3,-2,40
1761621519.6590507,-1,0,22
1761621519.6970508,-8,0,31
1761621519.735051,1,-5,27
1761621519.7710507,0,-2,32
1761621519.8090508,0,1,53
1761621519.847051,0,-9,37
1761621519.883051,4,0,37
1761621519.9200506,4,-2,49
1761621519.9570508,1,-5,45
1761621519.9930508,0,3,38
1761621520.0300508,-1,0,28
1761621520.0670507,-3,-2,23
1761621520.1060507,-3,-2,27
1761621520.1420507,-5,-4,26
1761621520.1790507,-4,0,30
1761621520.2170508,-9,-5,33
1761621520.2530508,0,-5,33
1761621520.2900507,-3,2,21
1761621520.3280506,-1,-1,23
1761621520.3670506,5,0,37
1761621520.403051,8,-4,29
1761621520.4410508,4,-1,31
1761621520.4780507,2,-6,41
1761621520.5160508,-2,-2,34
1761621520.5520508,-4,1,34
1761621520.5890508,-3,0,32
1761621520.6270506,4,2,37
1761621520.663051,5,0,31
1761621520.7000508,3,-4,44
1761621520.7380507,-1,-2,35
1761621520.7760508,5,-1,32
1761621520.8120508,1,1,38
1761621520.8490508,0,3,31
1761621520.8870506,-1,6,27
1761621520.9230506,3,0,33
1761621520.9610507,0,6,34
1761621520.9980507,7,4,40
1761621521.0360508,-1,2,44
1761621521.0720508,2,-2,44
1761621521.1090508,-4,0,35
1761621521.1470506,0,3,33
1761621521.1830506,6,3,36
1761621521.2200508,-1,0,43
1761621521.258051,-6,-3,45
1761621521.2960508,-8,3,35
1761621521.3320508,2,-1,34
1761621521.3690507,-2,-1,48
1761621521.4080508,-1,-2,41
1761621521.4460506,0,0,39
1761621521.482051,5,3,42
1761621521.5190508,0,0,44
1761621521.5570507,0,-5,37
1761621521.5930507,1,1,37
1761621521.630051,1,-3,38
1761621521.6680508,0,-1,30
1761621521.7060506,2,4,34
1761621521.7420506,-6,2,35
1761621521.7790508,-1,0,42
1761621521.8180506,0,2,33
1761621521.8560507,-3,-5,40
1761621521.8920507,-2,0,26
1761621521.9290507,5,-1,32
1761621521.9680507,3,-3,37
1761621522.0040507,-4,-4,37
1761621522.041051,-10,0,35
1761621522.0780506,-2,-4,28
1761621522.1170506,-1,0,24
1761621522.153051,4,7,26
1761621522.1900508,5,0,30
1761621522.2280507,7,-2,41
1761621522.2640507,0,1,32
1761621522.301051,1,5,32
1761621522.3380508,1,12,43
1761621522.3740506,5,4,39
1761621522.4110508,-4,6,43
1761621522.4480507,1,0,29
1761621522.4840508,-4,-8,35
1761621522.5210507,5,-2,36
1761621522.5590508,5,-2,36
1761621522.597051,8,7,33
1761621522.633051,0,0,36
1761621522.6700506,10,0,35
1761621522.7080507,5,-2,36
1761621522.7440507,6,0,36
1761621522.7810507,2,4,34
1761621522.8190508,1,3,31
1761621522.857051,0,-2,33
1761621522.893051,-8,-6,32
1761621522.9310508,0,-3,28
1761621522.9690506,-2,2,34
1761621523.0070508,4,-1,42
1761621523.0430508,3,-2,41
1761621523.0800507,-2,-3,35
1761621523.1190507,-4,-2,29
1761621523.1570508,0,-4,41
1761621523.1930506,3,-3,38
1761621523.2300508,0,-3,39
1761621523.268051,-2,-8,43
1761621523.3040507,0,-5,41
1761621523.3410506,0,-7,36
1761621523.3790507,0,-6,36
1761621523.4170508,0,-1,53
1761621523.4530506,-4,0,37
1761621523.4900508,7,-2,39
1761621523.5290508,-4,1,42
1761621523.5670507,-1,1,41
1761621523.6030507,-2,2,37
1761621523.6400506,-4,-7,37
1761621523.6790507,-2,0,38
1761621523.7170508,-1,-4,38
1761621523.7530508,-6,-1,30
1761621523.7900507,-2,-1,33
1761621523.8290508,3,0,44
1761621523.8670506,-1,3,35
1761621523.903051,-4,7,35
1761621523.9400508,-1,-5,35
1761621523.9790506,1,-4,28
1761621524.0170507,0,0,32
1761621524.0530508,-7,-3,29
1761621524.0900507,0,0,35
1761621524.1280508,3,2,37
1761621524.1640508,-5,8,35
1761621524.2010508,3,-1,40
1761621524.2390506,5,-10,40
1761621524.2750506,0,-2,34
1761621524.3120508,-6,-3,38
1761621524.3510506,5,-8,46
1761621524.3890507,2,-1,43
1761621524.4250507,3,-3,47
1761621524.462051,0,-7,34
1761621524.4990506,6,-6,34
1761621524.5350506,2,-1,34
1761621524.5720508,2,-1,39
1761621524.6180508,1,-1,50
1761621524.6540508,4,-4,39
1761621524.6910508,-1,0,38
1761621524.7300508,-2,1,31
1761621524.768051,0,4,26
1761621524.8040507,-3,4,33
1761621524.8410506,-2,0,38
1761621524.8790507,-2,-8,28
1761621524.9150507,5,-4,33
1761621524.9520507,10,0,34
1761621524.9890506,5,1,49
1761621525.0250506,2,0,49
1761621525.0620508,0,0,46
1761621525.1000507,1,0,45
1761621525.1380508,-3,-6,51
1761621525.1740508,5,-5,32
1761621525.212051,2,-7,22
1761621525.2500508,1,-5,23
1761621525.288051,-2,-4,33
1761621525.324051,1,-4,30
1761621525.3620508,-1,0,38
1761621525.4000506,-1,-4,42
1761621525.4380507,-5,-2,37
1761621525.4740508,-2,-4,35
1761621525.5120506,0,-3,39
1761621525.5500507,-1,-2,23
1761621525.5880508,-1,7,32
1761621525.6240506,0,0,35
1761621525.6620507,0,-3,48
1761621525.7010508,5,-3,48
1761621525.7390506,5,1,39
1761621525.7750506,4,1,32
1761621525.8120508,0,6,29
1761621525.8500507,5,-3,34
1761621525.8880508,-2,-2,34
1761621525.9240508,0,-1,30
1761621525.962051,-7,-3,33
1761621526.0000508,6,-2,35
1761621526.0390508,3,-1,32
1761621526.0750508,-2,4,37
1761621526.1120508,3,1,29
1761621526.1500506,-6,-3,33
1761621526.1880507,2,-1,38
1761621526.2240508,-1,0,41
1761621526.2620506,0,3,47
1761621526.3000507,1,0,33
1761621526.3380508,-1,0,41
1761621526.3740506,-1,-4,41
1761621526.4120507,0,-5,42
1761621526.4500508,-1,-2,51
1761621526.4890506,1,-5,35
1761621526.5250506,7,-4,33
1761621526.5620508,5,-2,36
1761621526.6000507,3,-1,30
1761621526.6360507,0,0,25
1761621526.6730506,0,-5,42
1761621526.7100508,-9,-2,43
1761621526.7490506,0,-4,34
1761621526.7850506,4,-4,31
1761621526.8220508,-4,-2,24
1761621526.860051,2,-2,30
1761621526.8960507,3,-5,27
1761621526.9330506,2,-5,38
1761621526.9700508,-5,-6,30
1761621527.0090508,-1,-2,27
1761621527.0450506,-1,-2,28
1761621527.0830507,0,0,31
1761621527.120051,0,-1,32
1761621527.1560507,3,-3,34
1761621527.1940508,-1,-3,32
1761621527.232051,6,-5,36
1761621527.2710507,-5,-6,37
1761621527.3090508,-4,-4,36
1761621527.3450508,0,-5,35
1761621527.3820508,-9,-13,38
1761621527.4210508,-8,-11,48
1761621527.459051,-3,-3,38
1761621527.495051,2,-5,43
1761621527.5320508,1,-2,44
1761621527.5710506,-1,0,36
1761621527.6090508,0,1,43
1761621527.6450508,1,4,33
1761621527.6820507,-1,-4,33
1761621527.7210507,-4,-4,30
1761621527.7590508,-7,-10,41
1761621527.7950506,2,-10,42
1761621527.8320508,-3,-8,30
1761621527.8710508,-1,-6,28
1761621527.9090507,-5,0,43
1761621527.9450507,1,-4,47
1761621527.982051,-5,-5,42
1761621528.0210507,2,-6,31
1761621528.0590508,5,-2,39
1761621528.0950508,5,-2,43
1761621528.1320508,3,-2,36
1761621528.1710508,-3,-4,34
1761621528.209051,-1,-6,39
1761621528.245051,0,-5,33
1761621528.2820508,5,-6,40
1761621528.3200507,0,-5,42
1761621528.3560507,0,1,38
1761621528.3940508,0,-2,24
1761621528.4310508,-4,0,21
1761621528.4670508,-9,1,35
1761621528.5040507,-1,2,35
1761621528.5420508,0,0,37
1761621528.5800507,-1,-2,40
1761621528.6160507,-1,-5,47
1761621528.6540508,-4,-5,36
1761621528.6920507,-1,0,27
1761621528.7310507,-4,-2,38
1761621528.7670507,-6,-11,40
1761621528.8040507,-10,-5,31
1761621528.8420508,-1,-8,31
1761621528.8810508,3,-6,25
1761621528.9170508,0,-9,27
1761621528.9540508,10,-6,33
1761621528.9920506,5,2,38
1761621529.0300508,10,-5,42
1761621529.0660508,0,0,35
1761621529.1040506,3,-1,34
1761621529.1420507,-4,-8,29
1761621529.1810508,-4,-12,43
1761621529.2170508,-7,-9,40
1761621529.255051,0,-4,26
1761621529.2920508,-4,-6,24
1761621529.3310506,-1,-3,39
1761621529.3670506,-4,-1,27
1761621529.4050508,3,0,21
1761621529.4420507,3,-3,24
1761621529.4810507,4,-1,34
1761621529.5170507,3,-2,27
1761621529.5550506,5,-3,38
1761621529.5920508,-2,-2,31
1761621529.6310508,-3,-5,44
1761621529.6670508,-6,-5,39
1761621529.7050507,4,-2,38
1761621529.7420506,3,-6,30
1761621529.7810507,8,-1,27
1761621529.8170507,0,-5,27
1761621529.8540506,-2,-3,33
1761621529.8920507,-2,1,25
1761621529.9310508,-4,-1,30
1761621529.9670508,-3,-8,33
1761621530.0040507,-5,-3,39
1761621530.0420508,4,3,39
1761621530.0800507,2,3,44
1761621530.1160507,6,0,51
1761621530.1550508,9,-5,27
1761621530.1920507,3,-4,38
1761621530.2310507,2,-10,34
1761621530.2670507,5,-9,34
1761621530.3040507,4,-10,44
1761621530.3420508,-5,-7,34
1761621530.3810508,0,-4,31
1761621530.4170508,-8,-7,38
1761621530.4550507,-3,-9,32
1761621530.4940507,1,-5,30
1761621530.5320508,7,0,43
1761621530.5700507,3,1,38
1761621530.6060507,0,0,38
1761621530.643051,0,-2,33
1761621530.6810508,2,0,30
1761621530.7170508,-1,-1,35
1761621530.7540507,3,-5,28
1761621530.7920508,0,1,30
1761621530.8280506,-7,-4,32
1761621530.8650508,3,-7,23
1761621530.9020507,4,-6,29
1761621530.9380507,1,-3,27
1761621530.9750507,-4,-4,37
1761621531.0130508,0,0,35
1761621531.051051,-4,-1,37
1761621531.087051,-3,-1,31
1761621531.1250508,-4,-3,41
1761621531.163051,-5,-1,35
1761621531.2020507,-10,-1,46
1761621531.2380507,-9,-1,39
1761621531.2750506,-9,-2,30
1761621531.3130507,-7,-7,25
1761621531.3520508,-2,-5,19
1761621531.3880508,-2,-1,25
1761621531.4250507,-4,-2,36
1761621531.4630508,0,0,28
1761621531.5010507,0,-3,28
1761621531.5370507,-2,-5,31
1761621531.574051,0,-2,35
1761621531.6120508,-2,0,26
1761621531.6480508,-2,0,40
1761621531.686051,2,-5,33
1761621531.7230508,10,-5,35
1761621531.7610507,3,-5,25
1761621531.7970507,0,-3,23
1761621531.834051,-2,-2,32
1761621531.8730507,-2,0,32
1761621531.9110508,0,-4,44
1761621531.9470508,4,-1,37
1761621531.9840508,2,-2,34
1761621532.0220506,7,-5,33
1761621532.0580506,5,-3,29
1761621532.0950508,2,3,35
1761621532.133051,6,1,31
1761621532.1710508,3,6,33
1761621532.2070508,-2,0,39
1761621532.2440507,0,1,43
1761621532.2820508,9,2,37
1761621532.3180506,1,-1,26
1761621532.3550508,0,-3,24
1761621532.393051,3,-8,29
1761621532.4310508,4,0,29
1761621532.4670508,6,0,26
1761621532.5040507,0,5,42
1761621532.5420508,1,6,40
1761621532.5780506,0,0,30
1761621532.6150508,-5,-8,35
1761621532.653051,-3,1,26
1761621532.6910508,0,0,20
1761621532.7270508,1,-8,28
1761621532.7640507,0,-6,35
1761621532.8030508,-4,-2,38
1761621532.8390508,-2,-3,40
1761621532.8760507,2,-6,39
1761621532.913051,4,-1,49
1761621532.949051,0,1,36
1761621532.9860508,2,5,34
1761621533.0230508,-4,-4,30
1761621533.0620508,-8,-6,29
1761621533.0980508,-1,0,38
1761621533.1360507,-6,1,31
1761621533.1730506,-5,9,32
1761621533.209051,0,4,38
1761621533.2470508,0,-5,40
1761621533.2840507,-2,-1,42
1761621533.3230507,0,1,30
1761621533.3590508,0,2,22
1761621533.3970506,5,0,23
1761621533.4340508,1,-5,33
1761621533.4730508,-3,-2,35
1761621533.5090508,-2,-4,36
1761621533.5470507,1,-4,35
1761621533.584051,-3,-7,24
1761621533.6230507,-3,-3,30
1761621533.6590507,-13,-5,31
1761621533.6970508,-5,-4,39
1761621533.735051,0,-2,19
1761621533.7740507,0,-9,28
1761621533.8120508,-4,0,39
1761621533.8480508,-3,-7,29
1761621533.8860507,-4,-3,34
1761621533.9240508,5,-4,34
1761621533.962051,3,-1,35
1761621533.9980507,2,3,44
1761621534.0360508,3,0,38
1761621534.074051,0,0,28
1761621534.1120508,0,1,32
1761621534.1480508,-1,-4,33
1761621534.186051,-1,-3,36
1761621534.2240508,-8,0,22
1761621534.2620506,-2,-5,27
1761621534.2980506,0,2,30
1761621534.3350508,-2,0,30
1761621534.3730507,11,-3,17
1761621534.4090507,8,-5,24
1761621534.4470508,-1,1,35
1761621534.4840508,0,-5,39
1761621534.5230508,2,-1,34
1761621534.5590508,1,-3,27
1761621534.597051,-11,-5,26
1761621534.643051,1,-2,25
1761621534.6790507,-1,-3,34
1761621534.7160506,0,-3,31
1761621534.7540507,1,-2,25
1761621534.7920508,2,1,30
1761621534.8280506,-2,-4,35
1761621534.8660507,-4,4,30
1761621534.9040508,-5,0,34
1761621534.9420507,4,0,34
1761621534.9780507,3,0,37
1761621535.0160508,3,-2,34
1761621535.0540507,0,-6,33
1761621535.0900507,-3,3,31
1761621535.1270506,4,3,29
1761621535.1640508,4,0,42
1761621535.2000508,0,-3,33
1761621535.2370508,-1,-3,35
1761621535.2750506,-1,5,42
1761621535.3130507,-3,-1,46
1761621535.3490508,0,-3,44
1761621535.3860507,8,-3,45
1761621535.4240508,0,-5,36
1761621535.4600508,9,-7,38
1761621535.4970508,4,-3,29
1761621535.5340507,-1,0,28
1761621535.5730507,0,0,30
1761621535.6090508,-8,-1,19
1761621535.6470506,-1,-9,30
1761621535.6850507,-4,0,31
1761621535.7240508,1,-3,34
1761621535.7600508,-4,-3,35
1761621535.7980506,0,6,33
1761621535.837051,-2,7,39
1761621535.8750508,-3,3,45
1761621535.913051,-9,3,41
1761621535.949051,-12,0,29
1761621535.9860508,-9,0,24
1761621536.0240507,-10,6,20
1761621536.0600507,-7,3,27
1761621536.097051,-8,-1,44
1761621536.1350508,-5,-3,32
1761621536.1740508,2,-4,34
1761621536.2100508,2,1,36
1761621536.2470508,-2,-10,27
1761621536.2850506,-3,-10,23
1761621536.324051,-6,-8,33
1761621536.360051,5,-3,35
1761621536.3970506,5,-1,39
1761621536.4350507,1,0,30
1761621536.4730508,-2,2,31
1761621536.5090508,-2,-7,40
1761621536.5460508,1,-7,35
1761621536.584051,0,-1,32
1761621536.620051,4,2,34
1761621536.6570508,0,1,32
1761621536.6950507,0,3,44
1761621536.7330508,-1,1,44
1761621536.7690508,0,0,32
1761621536.8060508,2,-4,27
1761621536.8450508,6,-1,33
1761621536.883051,-1,11,32
1761621536.9190507,1,4,29
1761621536.9560506,2,-2,41
1761621536.995051,2,-1,37
1761621537.0330508,3,4,29
1761621537.0690508,0,-1,27
1761621537.107051,0,1,38
1761621537.1450508,-4,0,35
1761621537.1830506,0,0,37
1761621537.2190506,4,-3,31
1761621537.2570508,0,1,42
1761621537.2950506,0,-4,34
1761621537.3330507,-4,-9,34
1761621537.370051,-1,-4,35
1761621537.4070508,0,0,29
1761621537.4450507,0,0,30
1761621537.4810507,-1,0,42
1761621537.5190508,-1,1,34
1761621537.5570507,-4,1,38
1761621537.5950508,4,-3,42
1761621537.6310508,-7,-3,32
1761621537.6700506,-3,1,24
1761621537.7070508,-7,0,43
1761621537.745051,-7,-1,38
1761621537.7810507,0,1,36
1761621537.8180506,-3,0,33
1761621537.8560507,0,-5,25
1761621537.8950508,2,-6,24
1761621537.9310508,1,-9,29
1761621537.9690506,-1,-6,31
1761621538.0070508,-2,-5,32
1761621538.0460508,-1,0,35
1761621538.084051,-1,-2,38
1761621538.120051,7,-1,32
1761621538.1570508,1,3,40
1761621538.1950507,-3,0,31
1761621538.2310507,-7,1,31
1761621538.2690508,-3,2,36
1761621538.3070507,-6,0,31
1761621538.3450508,0,0,34
1761621538.3810508,0,-1,26
1761621538.4200506,1,2,38
1761621538.4570508,0,-1,31
1761621538.4960508,-1,-7,20
1761621538.5340507,1,-2,31
1761621538.5700507,1,-4,32
1761621538.607051,1,-3,28
1761621538.6460507,-3,0,31
1761621538.6840508,-3,0,29
1761621538.7200508,3,-1,36
1761621538.7570508,9,-9,36
1761621538.7960508,2,-11,30
1761621538.834051,-4,-3,32
1761621538.870051,0,-7,32
1761621538.9080508,-3,3,29
1761621538.9460506,0,13,43
1761621538.9840508,0,5,27
1761621539.0210507,0,1,37
1761621539.0580506,-2,-1,37
1761621539.0960507,1,2,34
1761621539.1340508,0,-3,33
1761621539.1700506,3,5,41
1761621539.2070508,-2,-4,28
1761621539.2460508,-5,-1,42
1761621539.2840507,-2,-4,36
1761621539.3200507,-6,-1,33
1761621539.3580508,-6,-10,28
1761621539.3960507,-1,-7,25
1761621539.4350507,6,-2,27
1761621539.4710507,2,-4,24
1761621539.508051,-5,0,33
1761621539.5460508,-2,-1,31
1761621539.5820508,-2,0,28
1761621539.6190507,-8,-1,39
1761621539.6570508,0,-5,37
1761621539.6950507,1,-7,34
1761621539.7310507,5,-2,37
1761621539.768051,5,4,43
1761621539.8060508,6,-2,33
1761621539.8420508,0,1,36
1761621539.880051,7,2,29
1761621539.9170508,0,-4,36
1761621539.9550507,-2,-7,30
1761621539.9910507,0,-7,25
1761621540.028051,0,-11,41
1761621540.0670507,0,-6,39
1761621540.1050508,1,-2,33
1761621540.1410508,-1,-5,40
1761621540.1780508,0,-9,28
1761621540.2160506,0,-1,34
1761621540.2520506,0,-5,33
1761621540.2890508,4,-3,38
1761621540.3270507,-1,0,44
1761621540.3650508,5,-5,41
1761621540.4010508,9,-6,34
1761621540.4380507,7,-4,35
1761621540.4760506,2,-3,25
1761621540.5120506,0,-4,38
1761621540.5490508,1,0,43
1761621540.587051,-3,-10,35
1761621540.6250508,0,-1,34
1761621540.6610508,-1,0,37
1761621540.699051,-9,5,36
1761621540.7370508,-3,4,34
1761621540.7750506,-2,-2,31
1761621540.811051,-3,0,27
1761621540.8490508,0,-2,39
1761621540.8870506,0,1,38
1761621540.9250507,1,0,26
1761621540.9610507,3,-3,34
1761621540.9990506,1,3,39
1761621541.0370507,-6,-1,39
1761621541.0750508,1,-2,37
1761621541.1110508,-3,-3,39
1761621541.1490507,-4,3,30
1761621541.1870508,-1,-4,34
1761621541.2250507,-2,0,45
1761621541.2610507,0,2,41
1761621541.2980506,2,1,40
1761621541.3360507,1,0,36
1761621541.3720508,-4,1,36
1761621541.4090507,-3,-3,30
1761621541.4470508,5,0,33
1761621541.4860508,5,-11,35
1761621541.5220506,8,-10,33
1761621541.5590508,2,-6,33
1761621541.597051,8,1,44
1761621541.633051,0,-3,45
1761621541.6700506,-3,-5,32
1761621541.7080507,-2,0,38
1761621541.7470508,-3,-4,32
1761621541.7830508,0,-3,26
1761621541.8200507,4,3,46
1761621541.857051,7,-7,39
1761621541.893051,-4,0,39
1761621541.9310508,-7,2,29
1761621541.9680507,-4,4,33
1761621542.0060508,2,-2,34
1761621542.0420508,0,0,27
1761621542.0790508,0,-6,27
1761621542.1170506,-2,-3,33
1761621542.153051,-3,-3,38
1761621542.1910508,-6,2,39
1761621542.2290506,-6,-6,31
1761621542.2670507,-2,0,30
1761621542.3060508,-3,0,40
1761621542.3420508,1,-4,42
1761621542.3790507,5,-4,37
1761621542.4170508,-2,5,23
1761621542.4530506,4,-4,28
1761621542.4910507,0,-3,32
1761621542.5290508,0,0,45
1761621542.5670507,0,-9,46
1761621542.6030507,-1,-10,36
1761621542.6410508,3,-5,40
1761621542.6790507,1,-2,37
1761621542.7180507,-2,-7,37
1761621542.7560508,-1,-4,45
1761621542.7920508,0,-3,44
1761621542.8300507,1,2,39
1761621542.8680508,4,-1,33
1761621542.9060507,9,-3,19
1761621542.9420507,6,2,28
1761621542.9790506,6,2,41
1761621543.018051,-2,2,40
1761621543.0560508,-1,0,31
1761621543.0920508,1,2,30
1761621543.1290507,-1,-2,28
1761621543.1680508,-2,-3,35
1761621543.2060506,-1,-14,21
1761621543.2420506,-1,-1,31
1761621543.2790508,-5,-1,41
1761621543.3180506,-8,0,39
1761621543.3560507,-5,-3,28
1761621543.3920507,0,2,32
1761621543.4290507,-3,-5,34
1761621543.4680507,0,-5,46
1761621543.5060508,1,-1,46
1761621543.5420508,1,-1,32
1761621543.5790508,1,-4,30
1761621543.6180508,2,-3,32
1761621543.6540508,3,-8,31
1761621543.6930506,3,-2,33
1761621543.7300508,-2,-3,33
1761621543.768051,-3,-4,32
1761621543.8070507,-4,1,32
1761621543.8430507,-5,-3,28
1761621543.880051,2,1,30
1761621543.9180508,3,-8,33
1761621543.9540508,3,-3,34
1761621543.9930508,3,-3,40
1761621544.0300508,-4,-5,39
1761621544.0680506,-1,1,34
1761621544.107051,-3,0,40
1761621544.143051,-5,-2,42
1761621544.1800506,-10,-2,46
1761621544.2180507,-1,-2,38
1761621544.2570508,-3,-1,38
1761621544.2930508,0,-2,50
1761621544.3300507,-5,0,41
1761621544.3680508,-6,-7,38
1761621544.4040508,-7,-3,37
1761621544.4420507,0,-6,44
1761621544.4790506,-1,-7,31
1761621544.518051,-2,1,41
1761621544.5540507,3,2,28
1761621544.5910506,0,2,44
1761621544.6290507,6,-5,47
1761621544.6720507,3,-3,32
1761621544.7100508,-2,3,31
1761621544.7490506,-1,-2,32
1761621544.7870507,3,-6,37
1761621544.8230507,0,-4,31
1761621544.860051,-2,-1,31
1761621544.8990507,9,0,31
1761621544.9370508,-2,1,35
1761621544.9730508,-2,-2,39
1761621545.0100508,1,-5,31
1761621545.0480506,-6,0,42
1761621545.084051,-3,0,46
1761621545.1220508,-1,0,33
1761621545.1590507,8,3,32
1761621545.1980507,5,-4,32
1761621545.2340508,9,-8,28
1761621545.2710507,0,-4,30
1761621545.3090508,0,2,42
1761621545.347051,-4,-2,40
1761621545.383051,-2,-4,45
1761621545.4200506,-2,-2,43
1761621545.459051,0,3,37
1761621545.4970508,1,-1,32
1761621545.5330508,-4,4,33
1761621545.5700507,-4,-2,32
1761621545.6090508,-8,1,32
1761621545.6470506,2,-6,33
1761621545.6830506,0,-2,36
1761621545.7200508,2,-3,28
1761621545.7590508,1,1,42
1761621545.7970507,3,1,45
1761621545.8330507,5,4,36
1761621545.870051,0,-3,21
1761621545.9080508,2,0,27
1761621545.9440508,4,-2,31
1761621545.9810507,-3,0,34
1761621546.0200508,-3,6,32
1761621546.0580506,-6,-1,26
1761621546.0940506,-11,1,20
1761621546.1310508,0,0,35
1761621546.1690507,-2,0,34
1761621546.2050507,0,-3,33
1761621546.2430508,0,0,44
1761621546.2810507,-3,-7,37
1761621546.3190508,-7,0,29
1761621546.3580508,-5,-4,33
1761621546.3940508,3,9,36
1761621546.4310508,-3,0,34
1761621546.4690506,-1,4,38
1761621546.505051,2,4,30
1761621546.5430508,-1,3,31
1761621546.5810506,0,-2,34
1761621546.620051,-4,2,45
1761621546.6580508,-4,0,22
1761621546.6940508,-1,-1,20
1761621546.7310507,2,0,24
1761621546.7690508,3,-4,27
1761621546.8050506,-3,-5,32
1761621546.8430507,-3,-1,37
1761621546.8810508,-6,-2,30
1761621546.9200506,-4,3,28
1761621546.959051,-3,-3,30
1761621546.995051,-6,-2,32
1761621547.0320508,-2,1,31
1761621547.0700507,0,2,35
1761621547.1080508,-3,2,22
1761621547.1440508,-2,1,30
1761621547.1820507,-1,6,28
1761621547.2200508,2,0,21
1761621547.258051,1,-7,27
1761621547.2940507,0,-2,36
1761621547.3310506,0,0,34
1761621547.370051,4,-1,29
1761621547.4080508,5,-5,40
1761621547.4440508,-1,-7,29
1761621547.482051,-2,-4,31
1761621547.5200508,-8,0,43
1761621547.5580506,-10,-2,38
1761621547.5940506,2,-3,32
1761621547.6310508,8,-2,49
1761621547.6700506,9,-2,31
1761621547.7080507,2,-2,36
1761621547.7440507,-1,-6,29
1761621547.7810507,2,1,33
1761621547.8200507,6,-1,39
1761621547.8580508,2,0,32
1761621547.8940508,6,-4,34
1761621547.9310508,2,2,31
1761621547.9700508,-5,-2,42
1761621548.0060508,-4,1,37
1761621548.0450506,-2,-8,37
1761621548.0820508,0,-7,25
1761621548.120051,-1,-10,39
1761621548.1560507,1,-6,40
1761621548.1930506,0,0,37
1761621548.2300508,-4,0,40
1761621548.2660508,-4,-1,38
1761621548.3040507,1,-8,31
1761621548.3420508,-4,-3,31
1761621548.380051,0,-3,23
1761621548.416051,-2,4,26
1761621548.4540508,0,1,26
1761621548.4910507,-1,-1,28
1761621548.5300508,1,1,22
1761621548.5660508,5,1,23
1761621548.6030507,1,2,34
1761621548.6400506,6,-2,25
1761621548.676051,0,0,22
1761621548.7130508,0,-2,28
1761621548.7510507,0,-5,38
1761621548.7890508,4,-6,36
1761621548.8250508,-4,-7,34
1761621548.8620508,-5,-1,31
1761621548.9010508,-3,0,32
1761621548.939051,2,-1,35
1761621548.9750507,-4,-7,38
1761621549.0120506,-4,-6,38
1761621549.051051,-7,0,36
1761621549.0890508,4,-2,36
1761621549.1250508,7,-1,46
1761621549.1620507,0,-4,39
1761621549.2000508,0,-1,30
1761621549.2360508,1,0,34
1761621549.2730508,4,5,36
1761621549.311051,2,6,38
1761621549.3490508,0,4,38
1761621549.3850508,-2,0,41
1761621549.4220507,-4,-3,33
1761621549.4610507,0,-9,28
1761621549.4990506,2,-1,25
1761621549.5350506,3,-2,41
1761621549.5720508,-1,-5,46
1761621549.6110508,2,-4,34
1761621549.6490507,5,-5,37
1761621549.6850507,0,-1,31
1761621549.722051,5,0,31
1761621549.7600508,5,-2,31
1761621549.7960508,0,-2,30
1761621549.8330507,1,5,30
1761621549.8710508,0,-3,33
1761621549.9090507,3,-3,41
1761621549.9450507,3,-8,32
1761621549.982051,-5,0,26
1761621550.0210507,-7,0,31
1761621550.0590508,0,-4,40
1761621550.0950508,2,-4,39
1761621550.1320508,-3,4,37
1761621550.1710508,1,5,48
1761621550.2070508,0,0,27
1761621550.2460508,-1,-11,30
1761621550.2830508,-4,0,23
1761621550.3220508,-3,0,35
1761621550.360051,4,-8,31
1761621550.3960507,3,0,32
1761621550.4330506,1,3,22
1761621550.4710507,-1,3,23
1761621550.5070508,0,3,25
1761621550.5440507,0,3,24
1761621550.5810506,-4,3,24
1761621550.6170506,-6,0,37
1761621550.6540508,0,-5,30
1761621550.6910508,1,-1,41
1761621550.7270508,-6,1,46
1761621550.7640507,0,0,43
1761621550.8020508,-2,4,29
1761621550.8400507,1,-2,39
1761621550.8760507,2,-5,31
1761621550.913051,-5,-3,30
1761621550.9520507,-3,-10,26
1761621550.9900508,3,-5,21
1761621551.0260508,2,-2,27
1761621551.0630507,-10,0,27
1761621551.1010506,-7,-2,38
1761621551.1370506,-5,2,37
1761621551.1740508,-1,0,25
1761621551.212051,-1,-4,28
1761621551.2500508,0,-10,40
1761621551.2860508,3,-4,39
1761621551.3230507,-3,-2,29
1761621551.3620508,0,-6,32
1761621551.4000506,2,-6,36
1761621551.436051,0,-5,32
1761621551.4730508,0,-8,37
1761621551.5110507,-8,-9,40
1761621551.5470507,-10,-7,28
1761621551.5850508,-6,0,32
1761621551.6230507,1,7,38
1761621551.6610508,10,5,35
1761621551.6970508,2,1,42
1761621551.7340508,3,-6,48
1761621551.7720506,3,-2,41
1761621551.8100507,-4,0,32
1761621551.8460507,-8,-2,32
1761621551.883051,4,-8,31
1761621551.9220507,3,-11,36
1761621551.9600508,5,-2,32
1761621551.9960508,6,1,46
1761621552.0330508,-2,5,32
1761621552.0720508,0,5,35
1761621552.110051,0,-1,39
1761621552.1460507,0,-7,41
1761621552.1830506,11,1,38
1761621552.222051,2,-1,38
1761621552.2600508,-1,1,34
1761621552.2960508,-6,0,30
1761621552.3330507,-8,0,24
1761621552.3720508,-3,0,18
1761621552.4080508,-6,-3,25
1761621552.4460506,-3,-6,27
1761621552.4840508,0,-5,30
1761621552.5220506,3,-6,37
1761621552.5580506,-4,-9,33
1761621552.5960507,-8,-8,39
1761621552.6340508,0,-2,44
1761621552.6720507,3,-2,30
1761621552.7110507,-7,0,29
1761621552.7470508,-8,-4,28
1761621552.7840507,-9,-3,29
1761621552.8220508,0,0,37
1761621552.8580508,-4,-1,29
1761621552.8970506,-2,-1,27
1761621552.9340508,-1,2,42
1761621552.972051,5,-3,41
1761621553.0110507,-4,0,34
1761621553.0470507,-4,-5,31
1761621553.084051,0,0,30
1761621553.1220508,1,1,30
1761621553.1580508,-2,-1,31
1761621553.1960506,0,-2,32
1761621553.2330508,-3,-4,37
1761621553.2720506,1,-5,32
1761621553.3080506,8,-3,24
1761621553.3450508,3,4,21
1761621553.383051,0,5,31
1761621553.4210508,-4,2,21
1761621553.4570508,-5,1,25
1761621553.4940507,-1,0,33
1761621553.5320508,-1,0,45
1761621553.5680506,5,0,31
1761621553.6050508,1,-3,43
1761621553.643051,-7,-1,37
1761621553.6810508,-2,2,26
1761621553.7170508,-1,-2,27
1761621553.755051,2,1,32
1761621553.7930508,-1,-1,34
1761621553.8310506,1,-6,32
1761621553.8670506,2,-1,38
1761621553.9040508,2,1,40
1761621553.9420507,0,-7,30
1761621553.9780507,0,0,25
1761621554.0150506,0,1,34
1761621554.0530508,-5,-1,26
1761621554.0910506,-6,-2,30
1761621554.1280508,-3,-4,30
1761621554.1650507,0,0,29
1761621554.2030506,4,3,32
1761621554.2410507,0,0,36
1761621554.2770507,3,-1,32
1761621554.3150508,1,0,38
1761621554.3530507,0,3,33
1761621554.3910508,-2,0,24
1761621554.4270508,-5,-1,33
1761621554.4650507,-9,-5,23
1761621554.5030508,7,-9,45
1761621554.5420508,5,-2,35
1761621554.5780506,1,-2,40
1761621554.6150508,0,-4,33
1761621554.653051,2,-7,37
1761621554.6970508,1,-2,41
1761621554.735051,-1,-4,34
1761621554.7740507,7,-5,29
1761621554.8120508,-1,-4,35
1761621554.8480508,1,0,14
1761621554.8850508,0,-2,41
1761621554.9240508,-6,6,39
1761621554.962051,-8,4,37
1761621554.9980507,3,6,32
1761621555.0350506,0,2,32
1761621555.0730507,-4,-6,40
1761621555.1090508,-8,-2,31
1761621555.1470506,-2,-3,29
1761621555.1850507,-7,-2,30
1761621555.2230508,-3,0,43
1761621555.2620506,0,-1,39
1761621555.2980506,1,-5,37
1761621555.3350508,2,-1,39
1761621555.3740506,0,4,45
1761621555.4120507,0,1,39
1761621555.4480507,-3,4,40
1761621555.485051,-2,1,32
1761621555.5240507,-2,-2,29
1761621555.5620508,2,-4,27
1761621555.5980508,0,-5,28
1761621555.6350508,-4,0,42
1761621555.6740508,-5,-1,48
1761621555.712051,0,-3,42
1761621555.7480507,-1,-6,40
1761621555.7860508,-5,-10,38
1761621555.824051,-1,-3,20
1761621555.8630507,1,-3,30
1761621555.8990507,-2,-7,29
1761621555.936051,-1,-4,46
1761621555.9740508,0,-6,46
1761621556.0130508,4,-4,31
1761621556.0490508,-1,-5,41
1761621556.0860507,-4,-2,25
1761621556.1250508,-1,-2,32
1761621556.163051,-4,-2,29
1761621556.199051,-2,-7,42
1761621556.2360508,0,-10,42
1761621556.2740507,5,-2,33
1761621556.3120508,0,-3,28
1761621556.3480508,-4,0,34
1761621556.3850508,6,-8,30
1761621556.4240508,4,0,20
1761621556.462051,0,1,36
1761621556.4980507,2,3,31
1761621556.5350506,4,0,30
1761621556.574051,0,-2,33
1761621556.6120508,-4,-1,32
1761621556.6480508,4,5,23
1761621556.6850507,-4,0,29
1761621556.7240508,0,-3,32
1761621556.7600508,3,-1,34
1761621556.7980506,3,-4,38
1761621556.8360507,4,-6,37
1761621556.8750508,-3,-1,39
1761621556.913051,-1,-2,35
1761621556.949051,-2,-6,32
1761621556.9860508,-3,0,27
1761621557.0240507,-3,6,27
1761621557.0600507,3,2,36
1761621557.097051,-2,-5,31
1761621557.1350508,-8,-5,33
1761621557.1740508,-8,-10,39
1761621557.2100508,0,-8,28
1761621557.2480507,2,-6,41
1761621557.2860508,0,0,39
1761621557.324051,4,-2,29
1761621557.360051,0,-6,23
1761621557.3970506,-3,0,35
1761621557.4350507,2,0,41
1761621557.4730508,0,2,34
1761621557.5090508,0,0,33
1761621557.5460508,2,4,36
1761621557.584051,1,-4,26
1761621557.620051,5,-13,31
1761621557.6570508,0,-7,40
1761621557.6950507,-4,-1,35
1761621557.7330508,2,3,39
1761621557.7690508,-4,5,35
1761621557.8070507,-3,-2,33
1761621557.8450508,-7,-3,28
1761621557.8840508,1,0,33
1761621557.9200506,1,2,42
1761621557.9570508,0,0,38
1761621557.995051,1,-1,34
1761621558.0330508,-3,-3,34
1761621558.0690508,2,-7,33
1761621558.107051,6,2,38
1761621558.1450508,3,2,35
1761621558.1830506,-3,-3,38
1761621558.2190506,0,0,28
1761621558.2570508,1,4,21
1761621558.2950506,-1,1,16
1761621558.3330507,-3,4,24
1761621558.3690507,-6,1,29
1761621558.4070508,-4,-2,28
1761621558.4450507,-4,-4,35
1761621558.4840508,-7,0,46
1761621558.5200508,-6,-1,40
1761621558.5570507,0,7,43
1761621558.5950508,-2,-1,32
1761621558.633051,-7,0,39
1761621558.6690507,0,5,35
1761621558.7060506,3,1,43
1761621558.7440507,3,-6,36
1761621558.7800508,-2,-4,32
1761621558.8180506,2,-4,33
1761621558.8550508,-2,0,24
1761621558.8910508,0,-9,29
1761621558.9280508,-6,-4,31
1761621558.9660506,-4,-1,34
1761621559.005051,-2,0,29
1761621559.041051,-5,7,39
1761621559.0780506,-6,5,36
1761621559.1170506,-5,0,32
1761621559.1550508,-3,1,36
1761621559.1910508,-7,-5,34
1761621559.2290506,-2,-4,31
1761621559.2670507,3,0,33
1761621559.3050506,2,-1,36
1761621559.3410506,0,-1,31
1761621559.380051,1,-1,36
1761621559.4170508,5,-7,27
1761621559.4550507,5,-3,27
1761621559.4910507,-4,-5,23
1761621559.5300508,0,-10,28
1761621559.5670507,3,-1,17
1761621559.6050508,0,-12,22
1761621559.6410508,0,-7,17
1761621559.6790507,9,-7,34
1761621559.7170508,0,-10,34
1761621559.755051,-3,-5,36
1761621559.791051,-3,0,33
1761621559.8290508,-5,-1,44
1761621559.8670506,-2,-6,38
1761621559.9060507,1,0,44
1761621559.9440508,2,-3,28
1761621559.9800508,-1,-5,28
1761621560.0170507,-1,0,29
1761621560.0560508,-5,2,37
1761621560.0940506,0,1,25
1761621560.130051,7,0,28
1761621560.1680508,0,2,28
1761621560.2060506,0,-3,39
1761621560.2440507,0,-2,44
1761621560.2800508,3,0,42
1761621560.3170507,2,-3,40
1761621560.3560507,4,-1,41
1761621560.3940508,2,-3,37
1761621560.4300506,-1,-1,34
1761621560.4680507,5,0,23
1761621560.5060508,0,2,26
1761621560.5440507,4,-3,26
1761621560.5800507,-1,-4,31
1761621560.6180508,-4,0,28
1761621560.6560507,-1,2,40
1761621560.6940508,-3,-2,45
1761621560.7300508,-5,-5,38
1761621560.768051,-1,0,31
1761621560.8060508,8,0,34
1761621560.8440506,3,-3,34
1761621560.880051,8,-2,38
1761621560.9180508,-3,-5,35
1761621560.9560506,-8,1,45
1761621560.9920506,0,-2,33
1761621561.0290508,-2,1,30
1761621561.0660508,0,0,22
1761621561.1020508,-3,3,20
1761621561.1400506,0,-2,21
1761621561.1770508,-3,3,35
1761621561.2150507,-7,0,33
1761621561.2510507,-1,0,33
1761621561.288051,0,0,45
1761621561.3270507,-1,3,34
1761621561.3650508,6,2,34
1761621561.4010508,6,0,24
1761621561.4380507,-7,0,47
1761621561.4760506,-2,-2,42
1761621561.5120506,0,0,44
1761621561.5500507,4,1,43
1761621561.587051,0,1,24
1761621561.6250508,7,2,35
1761621561.6610508,-1,5,39
1761621561.6980507,9,0,34
1761621561.7360508,11,3,34
1761621561.7720506,6,-6,34
1761621561.8090508,0,-2,25
1761621561.8460507,-12,0,36
1761621561.8820508,3,1,28
1761621561.9190507,0,-1,40
1761621561.9570508,-4,-4,35
1761621561.995051,-10,-7,32
1761621562.0310507,-10,2,33
1761621562.0680506,1,2,31
1761621562.1060507,0,-5,19
1761621562.1420507,10,2,33
1761621562.1790507,-2,1,29
1761621562.2170508,-8,2,30
1761621562.255051,2,1,29
1761621562.291051,-2,-1,31
1761621562.3280506,0,4,39
1761621562.3660507,-7,0,42
1761621562.4020507,0,-5,42
1761621562.439051,2,-1,41
1761621562.4770508,0,1,38
1761621562.5150506,-3,-5,36
1761621562.551051,-6,0,36
1761621562.5880508,-3,0,34
1761621562.6270506,-1,0,35
1761621562.6650507,1,4,26
1761621562.7010508,-1,2,39
1761621562.7380507,-1,0,22
1761621562.7770507,1,1,26
1761621562.8150508,3,-1,25
1761621562.8510506,-5,-5,24
1761621562.8880508,-1,2,29
1761621562.9270508,0,0,34
1761621562.9650507,-3,0,41
1761621563.0010507,-2,-4,40
1761621563.038051,-10,0,39
1761621563.0770507,-3,1,44
1761621563.1150508,-4,-1,42
1761621563.1510508,-5,-4,40
1761621563.1880507,3,-4,35
1761621563.2270508,-6,-6,34
1761621563.2630508,-3,7,39
1761621563.301051,-4,3,30
1761621563.3390508,2,3,33
1761621563.3770506,0,1,35
1761621563.413051,4,-8,31
1761621563.4500508,0,-6,26
1761621563.4880507,1,-2,34
1761621563.5270507,-5,-2,23
1761621563.5630507,-2,-1,31
1761621563.6010506,0,0,31
1761621563.6380508,3,-1,35
1761621563.6770508,0,0,34
1761621563.7130508,-3,0,36
1761621563.7520506,-6,1,35
1761621563.7890508,-4,-4,28
1761621563.8270507,0,0,35
1761621563.8630507,0,2,27
1761621563.9000506,-2,2,38
1761621563.9380507,0,4,36
1761621563.9760506,0,0,45
1761621564.0120506,2,-5,33
1761621564.0490508,-1,-8,37
1761621564.0880508,0,-4,34
1761621564.1260507,-3,-2,33
1761621564.1620507,0,0,34
1761621564.199051,-1,-3,26
1761621564.2380507,0,0,36
1761621564.2760508,1,-5,40
1761621564.3120508,5,0,31
1761621564.3490508,-3,-3,37
1761621564.3880508,-2,0,39
1761621564.426051,-5,-3,41
1761621564.462051,-6,2,41
1761621564.4990506,-5,4,36
1761621564.5370507,3,-1,33
1761621564.5730507,6,0,36
1761621564.610051,1,0,35
1761621564.6480508,-1,-3,33
1761621564.686051,7,0,28
1761621564.7290506,0,0,32
1761621564.768051,0,-1,28
1761621564.8060508,1,-1,30
1761621564.8420508,1,-3,32
1761621564.8790507,4,1,28
1761621564.9180508,3,1,34
1761621564.9560506,-5,-1,39
1761621564.9920506,-7,0,34
1761621565.0290508,-6,0,38
1761621565.0670507,-5,2,28
1761621565.1030507,-3,-1,28
1761621565.1410508,-4,0,34
1761621565.1790507,-5,0,34
1761621565.2170508,-2,-4,32
1761621565.2530508,-4,-3,42
1761621565.291051,-7,2,27
1761621565.3290508,-3,-1,40
1761621565.3680508,2,-2,36
1761621565.4040508,-1,1,35
1761621565.4410508,-5,-1,26
1761621565.4790506,8,0,27
1761621565.5170507,7,1,43
1761621565.5530508,8,2,28
1761621565.5900507,4,2,20
1761621565.6280508,0,-1,33
1761621565.6640508,-2,-2,43
1761621565.7020507,-1,-8,31
1761621565.7400508,-3,-3,25
1761621565.778051,0,-3,23
1761621565.8170507,1,3,33
1761621565.8530507,4,6,46
1761621565.8900506,5,-3,40
1761621565.9280508,0,-1,38
1761621565.9640508,-2,1,34
1761621566.0010507,0,2,29
1761621566.038051,3,0,37
1761621566.074051,5,2,30
1761621566.1110508,7,-6,33
1761621566.1490507,2,-3,20
1761621566.1880507,6,0,16
1761621566.2240508,4,0,33
1761621566.2610507,2,-6,28
1761621566.2990508,-6,-1,30
1761621566.337051,1,-9,43
1761621566.3730507,1,-4,43
1761621566.4110508,-11,2,39
1761621566.449051,1,5,43
1761621566.4870508,-4,-6,37
1761621566.5230508,2,-4,43
1761621566.561051,9,1,35
1761621566.5990508,4,0,27
1761621566.6370506,1,1,32
1761621566.6730506,-4,0,36
1761621566.7110507,-2,-2,35
1761621566.7490506,-5,0,44
1761621566.788051,-1,0,24
1761621566.824051,8,-3,39
1761621566.8630507,-1,0,53
1761621566.9000506,-3,0,34
1761621566.939051,1,-3,39
1761621566.9770508,0,-4,36
1761621567.0130508,-5,-9,24
1761621567.0500507,-3,-3,34
1761621567.0890508,-1,-5,40
1761621567.1270506,-3,-2,31
1761621567.163051,6,0,30
1761621567.2000508,-4,-2,25
1761621567.2390506,3,0,41
1761621567.2770507,8,0,37
1761621567.3130507,7,1,36
1761621567.3500507,5,-6,38
1761621567.3890507,4,1,34
1761621567.4270508,-1,-9,34
1761621567.4630508,1,2,35
1761621567.5000508,2,-1,39
1761621567.538051,-4,-2,32
1761621567.574051,3,-3,28
1761621567.6110508,0,-4,35
1761621567.6490507,-3,1,29
1761621567.6850507,-2,7,30
1761621567.722051,-1,6,32
1761621567.7590508,-2,4,36
1761621567.7950506,-3,0,32
1761621567.8320508,0,-2,31
1761621567.8690507,0,0,31
1761621567.9050508,-3,2,34
1761621567.9430506,-1,0,35
1761621567.9800508,4,4,34
1761621568.018051,3,6,31
1761621568.0540507,4,1,30
1761621568.0910506,0,1,29
1761621568.1290507,5,2,30
1761621568.1650507,-2,0,39
1761621568.2030506,-6,1,36
1761621568.2400508,1,4,37
1761621568.278051,4,0,30
1761621568.314051,0,-2,24
1761621568.3510506,2,-6,27
1761621568.3890507,-8,-6,43
1761621568.4280508,-4,-9,31
1761621568.4640508,0,-8,29
1761621568.5010507,0,0,23
1761621568.5390508,0,-3,25
1761621568.5750508,2,-5,25
1761621568.6120508,-6,-6,44
1761621568.6510508,2,-8,35
1761621568.689051,5,-3,31
1761621568.7250507,4,-1,36
1761621568.7620506,0,-4,34
1761621568.8000507,-3,0,29
1761621568.8380508,0,-3,32
1761621568.8740506,-3,2,28
1761621568.9120507,0,-2,35
1761621568.9500508,-2,0,24
1761621568.9880507,16,1,30
1761621569.0240507,6,4,34
1761621569.0620508,-2,5,33
1761621569.1000507,-5,-5,33
1761621569.1380508,-2,-1,30
1761621569.1740508,-1,1,34
1761621569.212051,5,3,32
1761621569.2500508,4,-2,25
1761621569.288051,-1,-2,32
1761621569.324051,0,-1,42
1761621569.3610508,-6,-11,40
1761621569.4000506,1,0,39
1761621569.4380507,5,-4,36
1761621569.4740508,3,-6,28
1761621569.5110507,0,-6,23
1761621569.5500507,-3,-3,40
1761621569.5880508,3,-2,46
1761621569.6240506,5,-3,35
1761621569.6610508,-5,1,25
1761621569.699051,-7,-4,33
1761621569.735051,2,-4,25
1761621569.7720506,-3,-3,38
1761621569.8100507,1,4,35
1761621569.8460507,2,0,33
1761621569.883051,-2,-11,37
1761621569.9210508,2,-10,48
1761621569.9600508,-6,0,52
1761621569.9960508,-2,0,42
1761621570.0330508,3,0,33
1761621570.0700507,3,6,32
1761621570.1060507,-2,-1,28
1761621570.1440508,-5,-3,35
1761621570.1810508,-2,1,33
1761621570.2190506,-5,5,37
1761621570.255051,-1,5,29
1761621570.2920508,-1,0,23
1761621570.3300507,0,0,28
1761621570.3660507,1,-2,36
1761621570.4050508,0,4,34
1761621570.4420507,6,-5,44
1761621570.4800508,0,-5,35
1761621570.5160508,1,-4,37
1761621570.5540507,6,0,40
1761621570.5920508,-9,-5,29
1761621570.6310508,0,-2,37
1761621570.6690507,-2,4,39
1761621570.7050507,-2,1,30
1761621570.7420506,-4,0,34
1761621570.7810507,3,-2,36
1761621570.8190508,0,-2,37
1761621570.8550508,10,-4,33
1761621570.8920507,-5,-2,36
1761621570.9310508,7,-7,38
1761621570.9690506,9,-4,26
1761621571.005051,9,-4,28
1761621571.0420508,1,0,36
1761621571.0800507,0,-1,40
1761621571.1160507,8,-5,21
1761621571.1540508,4,-4,25
1761621571.1910508,4,-1,31
1761621571.2290506,-11,-2,31
1761621571.2650506,-7,0,31
1761621571.3020508,-4,4,30
1761621571.3400507,-5,4,30
1761621571.3760507,-9,6,35
1761621571.413051,2,0,30
1761621571.4510508,-3,-1,25
1761621571.4890506,-12,-6,29
1761621571.5250506,-1,-10,32
1761621571.5630507,-11,5,39
1761621571.6010506,-4,0,35
1761621571.6390507,-9,1,32
1761621571.6750507,-3,1,37
1761621571.7130508,-4,0,26
1761621571.7510507,3,-3,29
1761621571.7890508,-2,-2,29
1761621571.8250508,0,1,24
1761621571.8620508,-13,-1,33
1761621571.9010508,-2,-7,28
1761621571.9370508,-1,-5,33
1761621571.9740508,0,-5,36
1761621572.0110507,-2,-3,29
1761621572.0500507,0,-7,32
1761621572.0860507,2,-3,45
1761621572.1230507,0,-4,45
1761621572.1610508,2,-2,46
1761621572.1970508,-2,-5,39
1761621572.2340508,-1,-5,21
1761621572.2720506,-4,2,36
1761621572.311051,0,1,42
1761621572.347051,0,-7,48
1761621572.3840508,0,-3,36
1761621572.4210508,4,-3,40
1761621572.4600508,-2,0,44
1761621572.4960508,5,-2,44
1761621572.5330508,9,-5,33
1761621572.5710506,0,-3,27
1761621572.607051,3,-5,32
1761621572.6450508,-2,-4,35
1761621572.6820507,0,0,44
1761621572.7200508,-6,3,41
1761621572.7560508,-3,0,27
1761621572.7930508,-1,0,35
1761621572.8310506,0,3,30
1761621572.8670506,6,2,43
1761621572.9040508,2,-9,37
1761621572.9420507,2,0,36
1761621572.9800508,3,-8,30
1761621573.0160508,5,0,34
1761621573.0530508,6,-2,36
1761621573.0910506,1,1,32
1761621573.1270506,5,-7,35
1761621573.1640508,0,-7,34
1761621573.2020507,-4,5,35
1761621573.2410507,0,6,37
1761621573.2770507,2,0,31
1761621573.314051,1,-4,36
1761621573.3520508,-3,0,28
1761621573.3900506,0,-1,22
1761621573.426051,0,1,29
1761621573.4630508,2,2,28
1761621573.5010507,0,-6,28
1761621573.5370507,1,-2,39
1761621573.574051,-2,2,46
1761621573.6120508,-3,1,25
1761621573.6500506,2,-4,25
1761621573.686051,0,-7,37
1761621573.7230508,-9,-3,43
1761621573.7620506,3,-2,34
1761621573.8000507,2,-5,33
1761621573.8360507,8,2,24
1761621573.8730507,4,1,27
1761621573.9110508,5,-3,31
1761621573.9470508,1,-6,33
1761621573.985051,0,-2,36
1761621574.0230508,2,-2,39
1761621574.061051,0,-7,39
1761621574.097051,5,0,46
1761621574.1340508,7,-2,38
1761621574.1720507,-6,4,42
1761621574.2110507,-3,-3,44
1761621574.2470508,0,-8,33
1761621574.2850506,0,-4,27
1761621574.3220508,0,-7,33
1761621574.3580508,2,-3,27
1761621574.3950508,6,1,32
1761621574.4320507,-4,0,37
1761621574.4680507,-2,-4,40
1761621574.505051,0,-2,38
1761621574.5430508,0,0,37
1761621574.5820508,0,0,35
1761621574.6180508,3,-3,37
1761621574.6550508,8,5,22
1761621574.6920507,-1,-4,26
1761621574.7360508,-6,-2,29
1761621574.7740507,-13,-7,30
1761621574.8120508,-4,-11,30
1761621574.8510506,1,-4,31
1761621574.8870506,-6,-4,35
1761621574.9250507,-12,0,43
1761621574.9630508,-7,-1,50
1761621575.0010507,1,-1,40
1761621575.0370507,4,-2,45
1761621575.074051,13,-6,38
1761621575.1120508,8,3,36
1761621575.1480508,7,-7,33
1761621575.1850507,2,4,43
1761621575.2230508,5,-5,31
1761621575.2610507,4,-4,44
1761621575.2970507,0,1,37
1761621575.334051,-1,2,35
1761621575.3730507,-1,0,34
1761621575.4110508,-7,-5,41
1761621575.4470508,0,0,33
1761621575.4840508,-6,2,31
1761621575.5220506,-5,-2,27
1761621575.5580506,3,-9,21
1761621575.5960507,3,2,33
1761621575.633051,2,0,33
1761621575.6710508,6,-3,27
1761621575.7070508,1,-2,34
1761621575.7440507,2,-7,25
1761621575.7820508,-2,-12,26
1761621575.8180506,-6,-8,32
1761621575.8560507,6,-5,42
1761621575.893051,2,0,36
1761621575.9310508,7,-4,31
1761621575.9670508,-1,-4,18
1761621576.0040507,4,-9,22
1761621576.0420508,8,-5,28
1761621576.0780506,1,-2,34
1761621576.1150508,0,-4,33
1761621576.153051,1,-7,37
1761621576.189051,-1,-1,38
1761621576.2270508,-7,0,34
1761621576.2650506,-4,0,22
1761621576.3030508,-7,1,29
1761621576.3420508,-1,-2,28
1761621576.3780508,2,-3,22
1761621576.4150507,1,-5,37
1761621576.4530506,0,1,36
1761621576.4890506,4,-1,36
1761621576.5260508,5,-3,30
1761621576.5630507,3,-8,32
1761621576.5990508,1,-5,28
1761621576.6360507,-2,-6,38
1761621576.6740508,9,-4,36
1761621576.712051,6,-2,37
1761621576.7480507,2,-4,33
1761621576.7860508,5,0,31
1761621576.8230507,3,2,31
1761621576.8620508,-8,4,23
1761621576.8980508,-4,0,38
1761621576.9350507,-5,0,36
1761621576.9730508,-1,-4,25
1761621577.0090508,-3,-2,28
1761621577.0460508,3,-6,27
1761621577.084051,1,-3,29
1761621577.1220508,3,-1,39
1761621577.1580508,-2,2,40
1761621577.1950507,0,-2,27
1761621577.2330508,8,1,29
1761621577.2690508,2,5,32
1761621577.3060508,0,5,41
1761621577.3440506,0,-2,41
1761621577.3820508,1,-2,33
1761621577.4180508,0,1,30
1761621577.4560506,-2,-7,41
1761621577.4940507,-5,-10,38
1761621577.5330508,0,-5,35
1761621577.5690508,4,-5,34
1761621577.607051,-2,-2,29
1761621577.6450508,0,-5,27
1761621577.6830506,-1,-3,27
1761621577.7200508,-4,0,37
1761621577.7570508,-1,8,28
1761621577.7950506,0,11,40
1761621577.8330507,0,1,35
1761621577.8690507,3,2,26
1761621577.9070508,0,0,27
1761621577.9450507,0,-6,38
1761621577.9830508,3,-4,38
1761621578.0190508,-3,-11,37
1761621578.0570507,-6,-1,34
1761621578.0950508,-7,0,33
1761621578.133051,0,-5,30
1761621578.1690507,-3,-9,33
1761621578.2070508,-5,-4,34
1761621578.245051,0,-1,36
1761621578.2840507,-4,-4,34
1761621578.3200507,0,5,37
1761621578.3580508,-5,-3,26
1761621578.3970506,-2,-1,36
1761621578.4340508,-4,0,39
1761621578.4730508,2,0,28
1761621578.5090508,2,0,33
1761621578.5470507,-3,1,33
1761621578.584051,-4,-5,27
1761621578.6230507,3,-5,26
1761621578.6590507,1,-1,27
1761621578.6960506,-6,-3,26
1761621578.7340508,3,-1,30
1761621578.7700508,-4,2,18
1761621578.8070507,-4,7,29
1761621578.8450508,2,-4,35
1761621578.8840508,-3,1,43
1761621578.9200506,-1,1,25
1761621578.9570508,0,-3,31
1761621578.995051,2,-3,32
1761621579.0340507,-4,-3,33
1761621579.0700507,-4,-4,32
1761621579.107051,-3,1,43
1761621579.1440508,-4,1,39
1761621579.1800506,-2,1,28
1761621579.2170508,0,0,18
1761621579.255051,-2,1,19
1761621579.2930508,0,-1,31
1761621579.3290508,-1,0,20
1761621579.3660507,-3,-3,28
1761621579.4050508,4,-7,34
1761621579.4430506,1,3,32
1761621579.4790506,8,2,32
1761621579.5160508,-2,-2,34
1761621579.5550506,-3,-6,37
1761621579.5930507,-1,-6,29
1761621579.6290507,-9,-9,41
1761621579.6670508,-8,-11,22
1761621579.7050507,1,-3,26
1761621579.7430508,5,-5,13
1761621579.7790508,7,-9,27
1761621579.8160508,4,-4,35
1761621579.8540506,5,-6,40
1761621579.8900506,0,-9,44
1761621579.9270508,-4,-4,34
1761621579.9650507,-1,-8,33
1761621580.0040507,3,0,34
1761621580.0400507,6,0,38
1761621580.0770507,2,-3,36
1761621580.1150508,3,-7,33
1761621580.153051,-8,-3,27
1761621580.189051,-2,-1,31
1761621580.2260506,-6,1,50
1761621580.2640507,-2,-1,39
1761621580.3000507,-2,-1,48
1761621580.337051,-2,-2,30
1761621580.3760507,-1,-2,30
1761621580.4140508,-2,-1,41
1761621580.4500508,-2,2,40
1761621580.4870508,1,0,29
1761621580.5250506,-9,-4,30
1761621580.561051,-6,-1,28
1761621580.5990508,-8,1,26
1761621580.6360507,0,1,35
1761621580.6750507,0,-4,35
1761621580.7110507,3,-7,33
1761621580.7480507,1,-9,36
1761621580.7850506,3,-5,35
1761621580.8210506,2,-4,37
1761621580.8580508,0,-8,39
1761621580.8950508,0,0,27
1761621580.9310508,0,-1,29
1761621580.9680507,0,-1,32
1761621581.0060508,3,0,36
1761621581.0440507,3,-9,30
1761621581.0800507,-1,-7,31
1761621581.1180508,6,-1,36
1761621581.1560507,4,3,32
1761621581.1940508,2,-6,24
1761621581.2300508,1,-2,28
1761621581.2670507,-8,0,23
1761621581.3050506,2,-2,38
1761621581.3410506,10,0,18
1761621581.3780508,-1,5,26
1761621581.4150507,-2,0,21
1761621581.4510508,-5,3,33
1761621581.4880507,-8,-1,40
1761621581.5260508,-8,-5,41
1761621581.5650508,-10,-3,26
1761621581.6010506,-13,-1,29
1761621581.6390507,-5,0,26
1761621581.6770508,-2,4,26
1761621581.7150507,-1,-3,18
1761621581.7510507,0,-3,19
1761621581.788051,0,-5,35
1761621581.8260508,-1,-6,38
1761621581.8640506,3,-9,35
1761621581.9010508,5,-5,32
1761621581.9380507,-8,0,22
1761621581.9760506,-11,-8,32
1761621582.0140507,-6,-10,33
1761621582.0500507,1,-1,35
1761621582.087051,-2,0,26
1761621582.1260507,-3,-4,34
1761621582.1640508,0,3,27
1761621582.2000508,-2,6,36
1761621582.2370508,4,0,39
1761621582.2760508,3,-4,34
1761621582.314051,9,-1,42
1761621582.3500507,-2,-7,35
1761621582.3870506,-3,-2,40
1761621582.426051,-5,-4,28
1761621582.4640508,-5,-2,35
1761621582.5000508,-5,-2,33
1761621582.5370507,0,-10,36
1761621582.5760508,0,1,36
1761621582.6140506,3,0,45
1761621582.6500506,3,-3,30
1761621582.6870508,3,-3,24
1761621582.7260506,2,-6,33
1761621582.7620506,5,-13,29
1761621582.7990508,2,-1,30
1761621582.837051,1,0,32
1761621582.8750508,-2,8,30
1761621582.9110508,0,5,39
1761621582.9480507,0,-3,41
1761621582.9860508,-4,-3,24
1761621583.0250506,4,-4,31
1761621583.061051,-3,-8,30
1761621583.0980508,-5,-11,31
1761621583.1360507,-1,-4,33
1761621583.1750507,-8,1,38
1761621583.2110507,-2,-3,29
1761621583.2490506,2,-1,34
1761621583.2860508,-2,-4,30
1761621583.3250508,-1,0,34
1761621583.3610508,-1,-2,34
1761621583.3990507,-3,-4,25
1761621583.436051,-9,3,34
1761621583.472051,0,1,31
1761621583.5100508,-1,-2,37
1761621583.5470507,-7,0,24
1761621583.5860507,-8,-3,39
1761621583.6220508,-4,-9,35
1761621583.6590507,-7,-5,38
1761621583.6970508,-6,-3,34
1761621583.7360508,-3,0,36
1761621583.7720506,-2,-3,31
1761621583.811051,0,-8,26
1761621583.8480508,-4,-3,37
1761621583.8870506,-2,0,39
1761621583.9250507,0,2,34
1761621583.9610507,-1,3,40
1761621583.9980507,7,-1,30
1761621584.0360508,2,-9,36
1761621584.0720508,3,-7,38
1761621584.1090508,6,-4,35
1761621584.1470506,11,-3,33
1761621584.1850507,4,-1,39
1761621584.2210507,-5,-1,36
1761621584.258051,0,-7,30
1761621584.2970507,-1,-4,36
1761621584.3350508,4,-1,26
1761621584.3710508,-1,0,31
1761621584.4080508,0,-3,34
1761621584.4470508,-1,-2,30
1761621584.485051,-3,1,29
1761621584.5210507,-7,3,27
1761621584.5590508,-3,5,29
1761621584.597051,1,6,28
1761621584.6350508,3,0,29
1761621584.6710508,8,0,26
1761621584.7080507,-1,1,38
1761621584.7520506,-1,-3,35
1761621584.7900507,1,3,30
1761621584.8270507,-6,-5,34
1761621584.8660507,0,-5,27
1761621584.9020507,0,-1,32
1761621584.9400508,5,-3,31
1761621584.9780507,1,-1,33
1761621585.0160508,3,-4,37
1761621585.0520508,0,0,31
1761621585.0890508,-3,1,27
1761621585.1270506,2,-5,31
1761621585.166051,5,-5,35
1761621585.2020507,8,-7,33
1761621585.2400508,-4,2,25
1761621585.2770507,-12,0,30
1761621585.3160508,2,5,24
1761621585.3520508,8,-1,29
1761621585.3890507,0,-3,25
1761621585.4270508,0,0,31
1761621585.4630508,5,0,34
1761621585.5000508,1,-3,44
1761621585.5370507,-11,0,37
1761621585.5730507,-3,0,35
1761621585.610051,-9,1,35
1761621585.6470506,0,1,29
1761621585.6830506,0,1,34
1761621585.7200508,-3,0,26
1761621585.758051,-6,0,25
1761621585.7970507,0,-5,35
1761621585.8330507,1,-1,25
1761621585.8710508,1,-3,44
1761621585.9080508,-6,-2,41
1761621585.9470508,3,0,32
1761621585.9830508,-4,3,26
1761621586.0210507,-6,-10,33
1761621586.0590508,-5,-10,33
1761621586.0980508,3,0,22
1761621586.1360507,8,3,34
1761621586.1720507,3,1,17
1761621586.2100508,5,0,30
1761621586.2480507,3,-4,38
1761621586.2860508,6,7,35
1761621586.3220508,10,2,26
1761621586.3590508,5,-2,34
1761621586.3970506,0,-5,33
1761621586.4330506,-1,-3,33
1761621586.4710507,3,-3,28
1761621586.508051,-2,1,37
1761621586.5460508,2,2,53
1761621586.5820508,-1,0,34
1761621586.6190507,0,-2,39
1761621586.6570508,0,6,36
1761621586.6930506,-4,4,45
1761621586.7300508,-5,2,35
1761621586.768051,2,2,37
1761621586.8060508,1,0,30
1761621586.8420508,5,-2,34
1761621586.880051,0,-9,27
1761621586.9180508,4,-3,34
1761621586.9560506,0,-3,27
1761621586.9920506,-4,1,27
1761621587.0290508,0,-1,35
1761621587.0670507,-4,-1,36
1761621587.1030507,1,-1,37
1761621587.1400506,-4,5,30
1761621587.1790507,0,0,38
1761621587.2170508,1,9,36
1761621587.2530508,-3,6,33
1761621587.2900507,4,0,30
1761621587.3280506,0,-11,38
1761621587.3640506,-5,-9,38
1761621587.4020507,-5,-6,38
1761621587.4400508,1,-6,42
1761621587.4780507,2,-3,36
1761621587.5170507,-2,-3,39
1761621587.5530508,5,-5,42
1761621587.5900507,2,0,38
1761621587.6280508,7,-8,36
1761621587.6670508,0,0,48
1761621587.7030506,0,1,33
1761621587.7400508,-2,0,28
1761621587.778051,0,0,35
1761621587.814051,-2,0,43
1761621587.8510506,-5,2,36
1761621587.8880508,2,0,43
1761621587.9240508,0,-1,30
1761621587.9610507,-6,-5,18
1761621587.9990506,-2,2,29
1761621588.038051,-2,0,39
1761621588.074051,0,1,26
1761621588.1110508,-2,0,29
1761621588.1490507,-2,-2,28
1761621588.1870508,-4,2,20
1761621588.2230508,-2,3,14
1761621588.2610507,0,2,27
1761621588.2990508,-1,-2,20
1761621588.337051,-9,-3,41
1761621588.3730507,-7,-9,42
1761621588.4110508,-3,-3,41
1761621588.449051,3,-3,27
1761621588.4880507,4,0,23
1761621588.5240507,-3,-1,36
1761621588.5620508,-1,-1,44
1761621588.6000507,-5,-4,43
1761621588.6390507,-3,-4,32
1761621588.6770508,0,-3,40
1761621588.7130508,-8,-4,29
1761621588.7500508,-4,-9,22
1761621588.7890508,-3,-4,24
1761621588.8270507,-7,0,24
1761621588.8630507,-8,0,31
1761621588.9000506,-2,2,35
1761621588.939051,1,-3,35
1761621588.9770508,-8,-1,33
1761621589.0130508,-8,-3,28
1761621589.0500507,3,1,36
1761621589.0880508,3,6,41
1761621589.1240506,0,2,43
1761621589.1620507,3,1,38
1761621589.199051,-1,-4,29
1761621589.2380507,1,0,33
1761621589.2740507,10,3,26
1761621589.311051,1,-1,36
1761621589.3490508,-1,4,48
1761621589.3850508,2,-3,31
1761621589.4220507,1,-2,27
1761621589.459051,-1,-3,29
1761621589.4980507,-3,0,40
1761621589.5340507,-1,0,33
1761621589.5710506,-3,-1,29
1761621589.610051,0,-3,32
1761621589.6480508,-10,0,30
1761621589.6840508,-12,-2,37
1761621589.7210507,0,0,34
1761621589.7590508,2,1,36
1761621589.7950506,0,5,26
1761621589.8320508,-1,-2,25
1761621589.870051,-2,-2,37
1761621589.9090507,0,0,30
1761621589.9450507,0,0,38
1761621589.982051,-3,-6,34
1761621590.0200508,-8,-1,31
1761621590.0590508,-4,-1,46
1761621590.0950508,-1,-2,37
1761621590.1320508,1,6,35
1761621590.1700506,-2,-4,20
1761621590.2080507,-3,0,39
1761621590.2440507,-4,0,42
1761621590.2810507,-4,-5,43
1761621590.3200507,-3,-1,40
1761621590.3580508,0,-7,35
1761621590.3940508,-4,-8,30
1761621590.4310508,-8,-13,35
1761621590.4700508,0,-3,26
1761621590.508051,-4,-6,31
1761621590.5440507,-1,-9,39
1761621590.5820508,4,-5,41
1761621590.620051,8,-1,47
1761621590.6580508,5,-3,35
1761621590.6940508,0,-5,34
1761621590.7310507,0,-4,45
1761621590.7690508,0,1,46
1761621590.8050506,3,2,32
1761621590.8420508,0,0,37
1761621590.880051,-2,-11,30
1761621590.9180508,0,-1,42
1761621590.9540508,-2,1,35
1761621590.9910507,-1,0,34
1761621591.0300508,-5,-8,34
1761621591.0680506,3,-3,41
1761621591.1040506,-7,-3,35
1761621591.1420507,-5,-2,28
1761621591.1800506,3,-4,39
1761621591.2190506,-1,-4,35
1761621591.255051,1,1,30
1761621591.2920508,-1,-1,36
1761621591.3300507,4,-2,35
1761621591.3660507,1,-2,33
1761621591.403051,1,-2,32
1761621591.4410508,4,-5,29
1761621591.4800508,2,-5,32
1761621591.5160508,4,-1,36
1761621591.5530508,4,0,44
1761621591.5900507,4,-2,33
1761621591.6260507,0,0,20
1761621591.663051,-3,-3,31
1761621591.7010508,1,-1,44
1761621591.7400508,7,2,45
1761621591.7760508,0,-1,43
1761621591.8130507,0,-7,32
1761621591.8500507,-2,-8,45
1761621591.8890507,0,-2,28
1761621591.9250507,0,0,24
1761621591.9640508,-1,-1,23
1761621592.0010507,4,-6,32
1761621592.0400507,3,-1,29
1761621592.0760508,3,-4,32
1761621592.1140506,-5,2,31
1761621592.1510508,-7,0,37
1761621592.1900508,5,-3,43
1761621592.2260506,3,0,32
1761621592.2630508,0,-1,31
1761621592.301051,2,-2,36
1761621592.3390508,-1,0,38
1761621592.3750508,0,-1,44
1761621592.4120507,4,1,42
1761621592.4500508,0,0,37
1761621592.4870508,4,4,34
1761621592.5240507,1,0,33
1761621592.561051,-1,-6,30
1761621592.6000507,-1,-6,42
1761621592.6360507,2,-3,39
1761621592.6740508,1,0,42
1761621592.7110507,0,2,42
1761621592.7490506,0,0,30
1761621592.7850506,0,-10,37
1761621592.8220508,-1,-8,35
1761621592.8610508,-5,-6,31
1761621592.8990507,1,-8,30
1761621592.9350507,4,-1,31
1761621592.972051,6,-3,43
1761621593.0100508,-5,3,30
1761621593.0460508,-5,1,34
1761621593.084051,-1,-4,40
1761621593.1220508,-1,-3,33
1761621593.1610508,-3,5,39
1761621593.199051,-3,0,40
1761621593.235051,5,0,41
1761621593.2720506,3,-2,45
1761621593.3100507,1,-2,31
1761621593.3460507,-1,2,31
1761621593.383051,-4,2,31
1761621593.4210508,5,-6,43
1761621593.459051,0,-10,26
1761621593.495051,-2,-9,28
1761621593.5320508,-8,-1,45
1761621593.5710506,-3,-9,43
1761621593.607051,0,-8,43
1761621593.6440508,2,-6,30
1761621593.6820507,-8,0,29
1761621593.7200508,-5,-5,30
1761621593.7560508,1,-1,38
1761621593.7940507,-3,4,32
1761621593.8310506,-4,1,37
1761621593.870051,2,-4,31
1761621593.9060507,0,-1,25
1761621593.9440508,-1,0,25
1761621593.9810507,0,2,24
1761621594.0170507,-1,-1,24
1761621594.0540507,-2,1,23
1761621594.0910506,-2,-8,32
1761621594.130051,-9,-15,38
1761621594.166051,-4,-17,36
1761621594.2040508,-3,-10,46
1761621594.2420506,-4,-7,28
1761621594.2810507,-2,-4,33
1761621594.3170507,4,-6,28
1761621594.3540506,2,1,32
1761621594.3910508,0,2,33
1761621594.4270508,3,-1,32
1761621594.4640508,0,-6,30
1761621594.5020506,5,-7,29
1761621594.5400507,0,-1,36
1761621594.5760508,2,0,35
1761621594.6130507,-3,7,31
1761621594.6510508,3,-1,44
1761621594.6870508,-1,-2,33
1761621594.7250507,0,-8,39
1761621594.7710507,-9,0,36
1761621594.8070507,-6,-5,30
1761621594.8450508,-7,0,37
1761621594.883051,-1,-8,43
1761621594.9220507,-1,0,43
1761621594.9600508,-6,-2,31
1761621594.9960508,-3,-1,34
1761621595.0330508,-3,0,31
1761621595.0710506,-3,2,39
1761621595.107051,-6,0,35
1761621595.1440508,-3,-1,32
1761621595.1820507,-3,-6,31
1761621595.2210507,0,0,24
1761621595.2570508,0,-5,26
1761621595.2940507,-3,2,31
1761621595.3330507,-6,4,40
1761621595.3710508,0,3,43
1761621595.4070508,-2,-1,37
1761621595.4460506,0,-1,41
1761621595.4830508,-3,1,37
1761621595.5210507,-5,3,29
1761621595.5570507,-6,0,33
1761621595.5940506,-2,-2,34
1761621595.6320508,-7,3,22
1761621595.6710508,-2,2,33
1761621595.7070508,-15,-3,37
1761621595.745051,-6,-6,34
1761621595.7830508,3,-3,34
1761621595.8210506,-7,-2,39
1761621595.857051,-9,-2,21
1761621595.8950508,3,0,35
1761621595.9330506,-1,-1,26
1761621595.9710507,3,-3,37
1761621596.008051,8,-1,39
1761621596.0460508,-1,-2,28
1761621596.0830507,5,-5,32
1761621596.1210508,0,-3,27
1761621596.1570508,-2,-9,37
1761621596.1950507,9,-12,35
1761621596.2330508,6,-5,34
1761621596.2710507,5,-2,42
1761621596.3080506,3,-2,37
1761621596.3450508,6,0,33
1761621596.3820508,4,-1,40
1761621596.4210508,0,2,35
1761621596.4570508,2,-4,24
1761621596.4940507,1,-7,33
1761621596.5320508,-3,0,38
1761621596.5710506,-3,-5,41
1761621596.607051,-6,-1,32
1761621596.6440508,-5,-2,40
1761621596.6830506,2,-3,40
1761621596.7210507,7,-2,44
1761621596.7570508,6,-7,40
1761621596.7940507,-2,-1,34
1761621596.8330507,6,-1,37
1761621596.8710508,-2,-6,37
1761621596.9070508,-1,-2,38
1761621596.9440508,-1,0,33
1761621596.9830508,2,-3,27
1761621597.0210507,-4,1,33
1761621597.0570507,-5,-5,28
1761621597.0940506,-7,-3,38
1761621597.133051,5,-2,37
1761621597.1710508,1,0,30
1761621597.2070508,0,-6,34
1761621597.2440507,4,-4,35
1761621597.2820508,-2,-2,43
1761621597.3180506,3,-7,46
1761621597.3550508,0,-5,38
1761621597.393051,7,-1,34
1761621597.4320507,-1,0,25
1761621597.4680507,3,-5,33
1761621597.5060508,5,-4,47
1761621597.5430508,0,3,35
1761621597.5810506,-3,0,30
1761621597.6170506,0,3,35
1761621597.6540508,0,-4,27
1761621597.6930506,-8,0,21
1761621597.7310507,-4,-2,24
1761621597.7670507,2,3,26
1761621597.8040507,-2,4,37
1761621597.8430507,-1,-1,37
1761621597.8790507,-3,-10,31
1761621597.916051,-4,-1,27
1761621597.9550507,0,-3,26
1761621597.9930508,2,2,30
1761621598.0290508,1,1,33
1761621598.0660508,-4,-1,35
1761621598.1040506,-5,-1,40
1761621598.143051,-2,-2,41
1761621598.1790507,1,0,35
1761621598.2160506,-2,-2,31
1761621598.2540507,-7,-3,34
1761621598.2930508,-5,0,41
1761621598.3290508,4,0,33
1761621598.3680508,3,2,36
1761621598.4050508,-4,0,31
1761621598.4430506,-3,1,32
1761621598.4790506,1,4,44
1761621598.518051,1,3,41
1761621598.5550506,0,0,38
1761621598.5930507,1,-2,37
1761621598.6290507,3,-2,34
1761621598.666051,0,0,31
1761621598.7030506,0,2,29
1761621598.7390506,2,-1,29
1761621598.7770507,-4,-4,42
1761621598.8150508,-1,-9,32
1761621598.8530507,-7,-5,45
1761621598.8890507,0,-12,40
1761621598.926051,3,-6,44
1761621598.9640508,-3,-2,37
1761621599.0020506,1,0,30
1761621599.038051,-7,0,40
1761621599.0760508,1,-5,42
1761621599.1140506,-1,1,40
1761621599.1520507,-9,0,39
1761621599.1880507,-3,0,42
1761621599.2260506,-3,-5,38
1761621599.2650506,3,-3,35
1761621599.3030508,-7,2,39
1761621599.3390508,-4,2,38
1761621599.3760507,-4,-1,37
1761621599.4140508,0,3,39
1761621599.4520507,-3,2,35
1761621599.4880507,-3,-2,41
1761621599.5260508,-4,2,36
1761621599.564051,-3,2,33
1761621599.6030507,0,1,26
1761621599.6390507,2,1,38
1761621599.676051,12,2,42
1761621599.7140508,0,1,36
1761621599.7520506,7,-6,35
1761621599.788051,-2,-7,27
1761621599.8260508,1,-1,28
1761621599.8640506,1,1,34
1761621599.9020507,-5,4,29
1761621599.9380507,0,2,29
1761621599.9750507,-4,2,30
1761621600.0130508,-3,3,36
1761621600.0490508,1,1,39
1761621600.0860507,-1,3,33
1761621600.1240506,-1,-5,22
1761621600.163051,0,0,27
1761621600.199051,1,-2,35
1761621600.2360508,-2,2,40
1761621600.2740507,-3,1,43
1761621600.3100507,0,2,39
1761621600.347051,0,-2,38
1761621600.3840508,-4,-4,39
1761621600.4230506,0,0,21
1761621600.459051,5,-1,36
1761621600.4960508,2,-1,45
1761621600.5340507,5,-3,40
1761621600.5730507,0,3,39
1761621600.6090508,-1,-3,26
1761621600.6470506,-2,-2,39
1761621600.686051,-3,-5,49
1761621600.7240508,-1,-1,47
1761621600.7600508,5,-2,47
1761621600.7970507,-1,-2,41
1761621600.8350508,1,-3,33
1761621600.8740506,4,-2,35
1761621600.9100506,2,-1,33
1761621600.9480507,-3,-3,33
1761621600.9860508,3,-3,38
1761621601.0240507,3,-8,36
1761621601.0600507,3,1,31
1761621601.097051,4,-1,36
1761621601.1350508,6,-5,39
1761621601.1730506,3,-3,36
1761621601.209051,3,0,40
1761621601.2460508,-2,3,23
1761621601.2840507,0,-3,27
1761621601.3200507,-5,-1,23
1761621601.357051,-3,2,28
1761621601.3950508,6,4,30
1761621601.4330506,6,3,32
1761621601.4690506,5,-1,26
1761621601.5060508,0,-7,30
1761621601.5450506,-3,-7,41
1761621601.5830507,-14,-2,37
1761621601.6190507,-7,1,40
1761621601.6560507,0,1,38
1761621601.6950507,0,0,42
1761621601.7330508,-1,-2,27
1761621601.7690508,-8,-2,32
1761621601.8060508,-4,-3,29
1761621601.8450508,0,1,33
1761621601.883051,-5,-2,41
1761621601.9190507,-5,-5,42
1761621601.9560506,4,-1,38
1761621601.995051,0,3,31
1761621602.0330508,4,4,28
1761621602.0690508,4,-1,34
1761621602.1060507,5,-1,40
1761621602.1450508,-2,2,25
1761621602.1830506,4,4,32
1761621602.2190506,1,-1,23
1761621602.2570508,3,4,33
1761621602.2950506,-2,-3,24
1761621602.3310506,-1,-3,24
1761621602.3690507,-4,0,30
1761621602.4070508,-11,-3,35
1761621602.4450507,0,-5,33
1761621602.4840508,-2,-6,42
1761621602.5200508,1,-2,42
1761621602.5570507,4,-4,43
1761621602.5960507,-5,-7,26
1761621602.6340508,-3,-5,38
1761621602.6700506,-7,-13,34
1761621602.7080507,-4,-9,31
1761621602.7460508,-4,-9,28
1761621602.7850506,-7,-2,32
1761621602.8210506,-7,-7,29
1761621602.8590508,-3,-7,33
1761621602.8960507,-1,0,31
1761621602.9350507,7,-5,38
1761621602.9710507,4,1,22
1761621603.0090508,0,0,30
1761621603.0460508,0,3,32
1761621603.084051,-2,4,41
1761621603.120051,4,0,29
1761621603.1570508,1,-8,33
1761621603.1950507,0,-2,32
1761621603.2310507,-4,0,38
1761621603.268051,-3,0,35
1761621603.3060508,-3,0,44
1761621603.3450508,-3,-1,33
1761621603.3810508,-1,-6,30
1761621603.4190507,-7,-2,31
1761621603.4570508,-1,0,31
1761621603.495051,-2,0,31
1761621603.5310507,5,-4,33
1761621603.5690508,0,-2,44
1761621603.6060507,-3,0,31
1761621603.6440508,0,1,30
1761621603.6800506,3,0,36
1761621603.7170508,0,2,31
1761621603.755051,3,-6,33
1761621603.791051,0,1,28
1761621603.8280506,0,0,27
1761621603.8660507,4,-6,36
1761621603.9040508,0,-9,31
1761621603.9400508,5,-9,33
1761621603.9780507,5,-4,30
1761621604.0160508,1,-4,30
1761621604.0540507,2,-2,24
1761621604.0900507,0,1,29
1761621604.1280508,2,0,34
1761621604.166051,-1,6,31
1761621604.2040508,6,0,35
1761621604.2400508,5,0,31
1761621604.278051,2,1,28
1761621604.3160508,1,-2,32
1761621604.3540506,3,-4,39
1761621604.3900506,-8,-5,37
1761621604.4280508,-8,3,44
1761621604.4670508,-6,1,46
1761621604.505051,0,-10,42
1761621604.541051,0,-7,41
1761621604.5780506,-7,6,42
1761621604.6160507,-10,0,32
1761621604.6520507,-14,0,34
1761621604.689051,-8,3,30
1761621604.7260506,-6,5,33
1761621604.7620506,0,5,38
1761621604.8080506,1,1,38
1761621604.8460507,-8,1,38
1761621604.8820508,2,-5,35
1761621604.9190507,-2,-1,36
1761621604.9570508,1,-5,49
1761621604.9960508,-2,-2,43
1761621605.0320508,-6,1,41
1761621605.0690508,-7,3,36
1761621605.107051,-5,-4,22
1761621605.1460507,0,1,34
1761621605.1820507,2,0,40
1761621605.2190506,0,-8,36
1761621605.2560508,0,-10,36
1761621605.2920508,-3,-4,29
1761621605.3300507,6,-7,21
1761621605.3680508,1,3,26
1761621605.4060507,0,3,37
1761621605.4420507,0,4,37
1761621605.4800508,2,-4,34
1761621605.5170507,0,-3,26
1761621605.5550506,-3,0,22
1761621605.5910506,-4,5,25
1761621605.6280508,4,-3,23
1761621605.666051,-9,-2,26
1761621605.7020507,-2,-5,37
1761621605.7390506,-6,-3,48
1761621605.7770507,-1,0,38
1761621605.8150508,0,-4,31
1761621605.8510506,-2,-3,32
1761621605.8890507,-3,-4,47
1761621605.9270508,2,0,40
1761621605.9650507,-12,-7,43
1761621606.0010507,-5,-3,37
1761621606.038051,-9,0,46
1761621606.0760508,-7,3,41
1761621606.1120508,-7,0,35
1761621606.1490507,-2,-4,39
1761621606.1870508,0,-2,30
1761621606.2250507,3,0,25
1761621606.2610507,-2,6,28
1761621606.2980506,-3,0,30
1761621606.337051,-1,1,37
1761621606.3750508,2,1,42
1761621606.4110508,1,0,36
1761621606.4480507,-1,0,47
1761621606.4870508,0,2,45
1761621606.5230508,-5,-2,43
1761621606.5600507,-3,6,38
1761621606.597051,-1,-2,40
1761621606.6360507,-6,-5,41
1761621606.6720507,-1,-3,32
1761621606.709051,3,-1,37
1761621606.7470508,3,-3,34
1761621606.7830508,-5,-3,36
1761621606.8200507,-3,-2,32
1761621606.8580508,-2,-2,38
1761621606.8970506,-6,-3,36
1761621606.9330506,-3,-2,29
1761621606.9700508,-2,1,27
1761621607.0070508,-2,-7,25
1761621607.0460508,1,-7,35
1761621607.0820508,-3,0,34
1761621607.120051,0,3,34
1761621607.1570508,2,0,24
1761621607.1930506,-1,2,39
1761621607.2300508,-1,8,45
1761621607.2690508,-6,6,36
1761621607.3070507,2,1,29
1761621607.3430507,-2,-1,33
1761621607.3810508,-2,-5,37
1761621607.4190507,-4,-5,33
1761621607.4580507,-2,0,35
1761621607.4960508,3,-6,38
1761621607.5320508,4,0,32
1761621607.5690508,3,-2,31
1761621607.607051,5,-3,41
1761621607.643051,7,-2,48
1761621607.6800506,-6,-1,28
1761621607.7180507,0,1,29
1761621607.7560508,-5,0,33
1761621607.7920508,-4,-2,35
1761621607.8300507,0,0,35
1761621607.8680508,-4,5,31
1761621607.9060507,-17,1,30
1761621607.9420507,-9,4,42
1761621607.9800508,-5,3,38
1761621608.018051,0,-2,38
1761621608.0570507,-5,-2,40
1761621608.0930507,-2,-1,43
1761621608.1310508,-3,-5,39
1761621608.1690507,0,-3,34
1761621608.2070508,-5,-5,30
1761621608.2430508,-9,-4,36
1761621608.2800508,-2,-4,36
1761621608.3180506,0,-5,28
1761621608.357051,7,-11,37
1761621608.393051,2,-3,33
1761621608.4300506,8,-8,33
1761621608.4680507,4,-1,35
1761621608.5060508,1,-6,39
1761621608.5420508,-2,0,26
1761621608.5800507,2,-1,40
1761621608.6180508,2,-2,39
1761621608.6560507,2,4,35
1761621608.6920507,-3,1,37
1761621608.7300508,-3,0,30
1761621608.768051,2,-3,30
1761621608.8040507,3,0,32
1761621608.8410506,-2,1,20
1761621608.8780508,-2,0,35
1761621608.9140508,2,-1,40
1761621608.9510508,-2,1,33
1761621608.9880507,-3,-4,33
1761621609.0270507,5,-2,36
1761621609.0630507,2,-1,28
1761621609.1000507,-10,-7,21
1761621609.1380508,-4,-7,31
1761621609.1770508,-2,-4,28
1761621609.2130508,0,1,38
1761621609.2500508,-2,0,43
1761621609.288051,0,-4,25
1761621609.324051,0,-2,36
1761621609.3620508,-1,-2,32
1761621609.3990507,-1,-1,36
1761621609.4380507,-3,-7,41
1761621609.4740508,0,-2,48
1761621609.5120506,-2,-5,40
1761621609.5490508,-7,-3,31
1761621609.5880508,2,0,35
1761621609.6240506,0,-1,42
1761621609.6620507,0,-2,40
1761621609.699051,2,0,39
1761621609.7370508,0,0,36
1761621609.7730508,5,0,43
1761621609.8100507,-7,0,40
1761621609.8480508,2,-6,38
1761621609.8840508,1,-1,32
1761621609.9220507,2,-4,26
1761621609.959051,-2,-4,30
1761621609.9980507,-2,-3,29
1761621610.0340507,0,-2,36
1761621610.0720508,-1,1,34
1761621610.1090508,5,-3,28
1761621610.1480508,-4,-5,28
1761621610.1840508,-2,-3,33
1761621610.222051,8,0,30
1761621610.2590508,0,0,39
1761621610.2970507,-1,2,42
1761621610.3330507,0,-4,38
1761621610.370051,-5,-9,40
1761621610.4090507,-9,-4,34
1761621610.4470508,-7,-6,27
1761621610.4830508,-7,-4,32
1761621610.5200508,-4,-7,32
1761621610.5590508,6,-2,26
1761621610.597051,-1,-1,25
1761621610.633051,-6,0,27
1761621610.6700506,0,1,34
1761621610.7080507,4,1,29
1761621610.7440507,4,0,33
1761621610.7810507,-2,1,39
1761621610.8190508,-4,6,31
1761621610.857051,0,-1,29
1761621610.893051,-3,0,39
1761621610.9310508,0,1,28
1761621610.9690506,8,-2,42
1761621611.005051,4,2,37
1761621611.0420508,-2,-8,40
1761621611.0800507,1,-5,26
1761621611.1180508,2,-7,41
1761621611.1540508,2,-3,25
1761621611.1910508,-4,-3,36
1761621611.2290506,6,-1,32
1761621611.2650506,3,-4,19
1761621611.3020508,-4,-7,37
1761621611.3400507,0,-4,27
1761621611.3790507,3,-3,39
1761621611.4150507,-1,-1,36
1761621611.4520507,-4,-1,42
1761621611.4900508,1,-3,42
1761621611.5290508,-4,-4,37
1761621611.5650508,0,-4,33
1761621611.6020508,1,0,46
1761621611.6390507,10,-1,30
1761621611.6750507,3,2,32
1761621611.712051,0,2,35
1761621611.7500508,0,-5,39
1761621611.788051,0,-1,33
1761621611.824051,0,3,39
1761621611.8610508,-1,-3,40
1761621611.9000506,2,-1,28
1761621611.9380507,0,0,24
1761621611.9740508,3,-2,31
1761621612.0110507,3,1,44
1761621612.0490508,-4,1,24
1761621612.0850508,-2,1,31
1761621612.1240506,0,-1,29
1761621612.1610508,-3,-4,43
1761621612.2000508,2,-3,39
1761621612.2380507,8,1,38
1761621612.2740507,0,0,36
1761621612.3120508,-5,0,29
1761621612.3500507,0,0,33
1761621612.3880508,6,2,35
1761621612.4240508,6,-1,33
1761621612.4610507,3,-7,30
1761621612.5000508,-1,-6,39
1761621612.538051,-1,-2,35
1761621612.574051,1,-1,43
1761621612.6110508,1,-5,35
1761621612.6500506,-4,-4,45
1761621612.6880507,-3,-4,33
1761621612.7240508,3,-2,35
1761621612.7610507,1,2,30
1761621612.8000507,-8,5,29
1761621612.8380508,-1,3,31
1761621612.8740506,7,4,28
1761621612.9110508,2,-7,27
1761621612.9500508,3,-6,26
1761621612.9880507,4,0,27
1761621613.0240507,3,0,34
1761621613.061051,-5,3,34
1761621613.1000507,4,0,28
1761621613.1360507,-2,1,37
1761621613.1730506,-1,-2,42
1761621613.2110507,-4,-5,37
1761621613.2500508,2,-7,38
1761621613.2860508,0,-7,37
1761621613.324051,5,-7,34
1761621613.3620508,-5,-8,33
1761621613.4010508,0,0,24
1761621613.439051,4,0,27
1761621613.4750507,2,0,25
1761621613.5120506,-1,0,32
1761621613.5500507,2,0,35
1761621613.5860507,1,-1,31
1761621613.6240506,2,-2,29
1761621613.6620507,4,-6,39
1761621613.7000508,1,-4,27
1761621613.7360508,1,0,25
1761621613.7730508,5,-3,33
1761621613.8100507,1,-1,24
1761621613.8490508,-3,-1,37
1761621613.8850508,3,2,35
1761621613.9220507,-1,3,39
1761621613.9600508,2,-3,43
1761621613.9960508,4,-4,36
1761621614.0330508,2,-4,34
1761621614.0710506,3,-6,39
1761621614.1090508,1,-3,29
1761621614.1450508,-7,0,38
1761621614.1830506,2,1,41
1761621614.2210507,2,-1,31
1761621614.2590508,5,1,42
1761621614.2950506,13,-5,35
1761621614.3330507,7,-4,45
1761621614.3710508,0,6,34
1761621614.4090507,4,0,47
1761621614.4450507,9,-4,43
1761621614.482051,-4,-1,34
1761621614.5210507,-7,-7,38
1761621614.5590508,-5,1,32
1761621614.5950508,-6,1,36
1761621614.6320508,0,0,28
1761621614.6700506,3,-3,36
1761621614.7060506,0,-2,35
1761621614.7430508,1,-2,43
1761621614.7810507,-1,0,32
1761621614.8250508,-7,0,31
1761621614.8630507,-11,3,30
1761621614.9010508,-11,2,26
1761621614.9400508,-7,0,30
1761621614.9760506,-6,0,42
1761621615.0130508,-4,-3,35
1761621615.0520508,0,-2,32
1761621615.0900507,0,0,37
1761621615.1260507,-5,1,33
1761621615.163051,-5,-10,38
1761621615.2020507,-6,-6,41
1761621615.2400508,3,0,38
1761621615.2760508,4,-5,21
1761621615.3130507,1,0,18
1761621615.3510506,-1,0,31
1761621615.3870506,1,-5,31
1761621615.4250507,1,-1,27
1761621615.4630508,6,-3,36
1761621615.5010507,3,-4,29
1761621615.5370507,-3,-6,28
1761621615.5760508,4,-2,34
1761621615.6130507,-1,2,25
1761621615.6510508,4,-8,26
1761621615.6870508,3,-8,38
1761621615.7250507,-4,-1,27
1761621615.7630508,-4,0,23
1761621615.801051,-3,5,35
1761621615.837051,0,3,28
1761621615.8750508,-5,1,26
1761621615.913051,-6,-3,30
1761621615.9510508,-7,-6,36
1761621615.9900508,0,-7,41
1761621616.0260508,-4,-4,34
1761621616.0630507,2,-1,35
1761621616.1010506,-1,-3,36
1761621616.1400506,-5,0,42
1761621616.176051,-8,-2,36
1761621616.2130508,-4,3,36
1761621616.2520506,1,-1,31
1761621616.2900507,0,1,29
1761621616.3260508,0,-4,31
1761621616.3630507,4,-3,29
1761621616.4020507,-1,-9,30
1761621616.4400508,5,-5,28
1761621616.4760506,3,-7,36
1761621616.5130508,2,4,35
1761621616.5520508,0,0,36
1761621616.5900507,3,-10,46
1761621616.6260507,6,-8,40
1761621616.663051,-1,-3,32
1761621616.7020507,-4,-6,29
1761621616.7400508,0,-8,25
1761621616.7760508,6,0,26
1761621616.8130507,3,2,28
1761621616.8510506,0,2,27
1761621616.8870506,-1,0,37
1761621616.9240508,2,-2,35
1761621616.962051,3,0,32
1761621617.0000508,7,1,35
1761621617.0360508,4,-3,38
1761621617.074051,2,-4,34
1761621617.1120508,-3,-3,28
1761621617.1500506,-7,3,17
1761621617.186051,0,1,20
1761621617.2240508,2,-2,22
1761621617.2620506,6,2,21
1761621617.3000507,4,2,23
1761621617.3360507,-2,-1,25
1761621617.3730507,3,-1,32
1761621617.4110508,-2,-1,34
1761621617.4470508,-5,-3,26
1761621617.485051,2,-5,27
1761621617.5220506,0,3,36
1761621617.5580506,2,0,37
1761621617.5950508,6,0,36
1761621617.6320508,-5,0,41
1761621617.6680508,-6,0,32
1761621617.7050507,0,3,37
1761621617.7430508,-2,-1,30
1761621617.7820508,-4,-2,36
1761621617.8180506,-2,-1,34
1761621617.8550508,9,0,35
1761621617.8920507,3,1,38
1761621617.9280508,-4,0,36
1761621617.9650507,-3,-4,29
1761621618.0030508,4,-8,34
1761621618.0420508,3,-9,26
1761621618.0780506,3,-10,30
1761621618.1150508,5,0,28
1761621618.1520507,2,-5,44
1761621618.1880507,2,-7,33
1761621618.2250507,3,-7,32
1761621618.2630508,1,-2,31
1761621618.301051,-3,-1,30
1761621618.337051,0,-3,27
1761621618.3740506,6,-6,19
1761621618.413051,-2,-4,24
1761621618.4510508,-7,-4,16
1761621618.4870508,-6,-4,32
1761621618.5240507,-5,-5,20
1761621618.5630507,-7,0,29
1761621618.6010506,0,-10,40
1761621618.6370506,-1,-10,31
1761621618.6750507,-4,-1,29
1761621618.7130508,-3,-3,22
1761621618.7510507,4,-3,37
1761621618.7870507,-2,-10,32
1761621618.824051,2,-1,26
1761621618.8620508,0,5,25
1761621618.8980508,6,-4,38
1761621618.9350507,-2,-7,39
1761621618.9730508,1,-3,35
1761621619.0120506,-1,-1,39
1761621619.0480506,5,-4,26
1761621619.0860507,-3,-2,36
1761621619.1250508,-4,0,30
1761621619.163051,-4,1,30
1761621619.2010508,-3,-1,37
1761621619.2370508,-5,2,43
1761621619.2740507,-1,3,33
1761621619.3120508,-1,9,37
1761621619.3480508,3,6,41
1761621619.3850508,2,2,43
1761621619.4230506,-7,-1,40
1761621619.4610507,6,1,39
1761621619.4970508,5,0,30
1761621619.5350506,8,-3,38
1761621619.5730507,4,-4,33
1761621619.6090508,0,-9,32
1761621619.6460507,-7,4,33
1761621619.6830506,-2,-3,17
1761621619.722051,3,2,31
1761621619.758051,0,7,18
1761621619.7950506,1,2,32
1761621619.8330507,-2,0,37
1761621619.8690507,-3,-1,42
1761621619.9060507,-6,-1,39
1761621619.9440508,2,-5,47
1761621619.982051,0,-9,30
1761621620.018051,-1,-1,36
1761621620.0550506,1,-2,39
1761621620.0930507,-1,1,42
1761621620.1290507,3,-8,31
1761621620.166051,0,-5,27
1761621620.2040508,1,-8,31
1761621620.2420506,-2,-9,37
1761621620.278051,0,-2,49
1761621620.3160508,-7,-4,33
1761621620.3540506,2,-3,38
1761621620.3920507,-3,-3,30
1761621620.4280508,-7,0,27
1761621620.4650507,-9,0,30
1761621620.5030508,-4,-5,27
1761621620.5390508,3,-2,25
1761621620.5770507,2,-3,28
1761621620.6140506,-2,-1,30
1761621620.653051,2,-1,29
1761621620.689051,0,-4,36
1761621620.7260506,3,-1,38
1761621620.7640507,0,-1,38
1761621620.8020508,1,-6,41
1761621620.8380508,0,-5,22
1761621620.8750508,-2,-2,33
1761621620.9140508,-6,1,31
1761621620.9520507,0,0,24
1761621620.9880507,0,0,24
1761621621.0250506,-2,-7,29
1761621621.064051,0,-9,36
1761621621.1020508,-6,-4,31
1761621621.1380508,-1,-7,25
1761621621.1770508,-1,-3,29
1761621621.2140508,0,-3,34
1761621621.2530508,2,-2,37
1761621621.2890508,1,3,35
1761621621.3260508,-2,-9,24
1761621621.3640506,-1,-11,31
1761621621.403051,8,-3,37
1761621621.439051,3,-11,37
1761621621.4760506,0,-7,34
1761621621.5140507,0,-2,39
1761621621.5520508,-3,-1,39
1761621621.5880508,2,3,25
1761621621.6250508,2,-2,38
1761621621.6640508,-1,-5,31
1761621621.7020507,8,3,39
1761621621.7380507,12,6,42
1761621621.7750506,2,1,39
1761621621.814051,0,3,34
1761621621.8500507,4,-1,33
1761621621.8870506,0,1,27
1761621621.9240508,-7,-4,31
1761621621.9630508,-1,-4,40
1761621621.9990506,0,-5,34
1761621622.0360508,-3,-6,39
1761621622.074051,-4,-2,36
1761621622.1130507,2,2,28
1761621622.1490507,-4,-3,22
1761621622.1870508,-10,-5,40
1761621622.2240508,-1,-5,36
1761621622.2630508,-6,-1,37
1761621622.2990508,0,-5,46
1761621622.337051,-2,0,37
1761621622.3740506,-6,-1,37
1761621622.413051,-6,0,36
1761621622.449051,0,-4,40
1761621622.4860508,-6,-8,41
1761621622.5240507,0,0,33
1761621622.5600507,0,0,40
1761621622.597051,-3,-1,35
1761621622.6350508,-4,-4,40
1761621622.6740508,3,-3,33
1761621622.7100508,-4,-6,26
1761621622.7470508,2,1,40
1761621622.7850506,1,-1,45
1761621622.8230507,3,-4,41
1761621622.8590508,-6,-6,37
1761621622.8960507,4,-9,33
1761621622.9350507,-1,-4,41
1761621622.9730508,-2,-4,39
1761621623.0090508,3,-3,44
1761621623.0460508,3,-6,25
1761621623.084051,-1,-2,28
1761621623.120051,-2,2,33
1761621623.1580508,9,-2,33
1761621623.1950507,0,2,28
1761621623.2330508,0,0,30
1761621623.2690508,4,-5,26
1761621623.3060508,0,-2,30
1761621623.3450508,-4,-2,21
1761621623.383051,-2,-11,37
1761621623.4190507,1,-3,29
1761621623.4560506,7,-1,32
1761621623.4940507,-2,-8,40
1761621623.5300508,-5,-10,25
1761621623.5670507,-4,-8,29
1761621623.6050508,1,-3,25
1761621623.643051,4,-3,32
1761621623.6790507,8,1,49
1761621623.7160506,0,1,37
1761621623.7540507,2,0,33
1761621623.7900507,0,-1,34
1761621623.8270507,0,6,20
1761621623.8650508,-3,9,22
1761621623.9040508,-2,7,28
1761621623.9400508,-3,2,26
1761621623.9770508,0,-1,23
1761621624.0150506,1,-7,31
1761621624.051051,1,-3,38
1761621624.0880508,4,0,37
1761621624.1250508,2,2,39
1761621624.1610508,1,-1,35
1761621624.1980507,5,-2,45
1761621624.235051,0,-2,40
1761621624.2710507,0,-2,34
1761621624.3090508,-2,2,32
1761621624.3460507,11,-2,30
1761621624.3850508,-4,-6,39
1761621624.4220507,0,-6,33
1761621624.459051,1,-6,28
1761621624.4960508,-2,0,31
1761621624.5340507,2,6,34
1761621624.5700507,-1,3,41
1761621624.607051,-4,0,30
1761621624.6450508,-1,-1,36
1761621624.6810508,-6,7,34
1761621624.7180507,-8,0,34
1761621624.755051,-10,-2,39
1761621624.7940507,-5,-1,31
1761621624.8390508,0,-2,33
1761621624.8760507,-8,-4,30
1761621624.9150507,6,-1,19
1761621624.9510508,0,3,36
1761621624.9890506,-4,5,28
1761621625.0260508,-4,0,30
1761621625.064051,2,-5,30
1761621625.1000507,-1,-2,36
1761621625.1370506,-1,-1,36
1761621625.176051,-3,-1,33
1761621625.2140508,0,0,32
1761621625.2500508,0,0,32
1761621625.2870507,-3,-2,41
1761621625.3260508,-5,1,39
1761621625.3640506,0,0,39
1761621625.4000506,2,-7,35
1761621625.4370508,6,-8,37
1761621625.4760506,0,-3,37
1761621625.5140507,2,-7,29
1761621625.5500507,2,-1,34
1761621625.587051,3,0,28
1761621625.6260507,-5,-7,30
1761621625.6640508,-1,-5,39
1761621625.7000508,4,-5,42
1761621625.7370508,-6,3,35
1761621625.7760508,-3,0,30
1761621625.814051,11,-3,35
1761621625.8500507,7,-1,38
1761621625.8870506,2,-3,45
1761621625.926051,3,-7,31
1761621625.9640508,7,-3,39
1761621626.0000508,10,0,30
1761621626.0370507,5,-6,34
1761621626.0760508,-3,0,35
1761621626.1120508,-3,-5,33
1761621626.1510508,-6,0,31
1761621626.1880507,2,2,27
1761621626.2260506,8,2,43
1761621626.2620506,8,-3,36
1761621626.301051,3,-2,37
1761621626.3380508,-1,0,29
1761621626.3760507,0,0,33
1761621626.4120507,0,-1,26
1761621626.4510508,1,-2,35
1761621626.4880507,0,-5,30
1761621626.5270507,6,-3,34
1761621626.5650508,3,-5,39
1761621626.6010506,-1,-2,34
1761621626.6380508,2,-1,31
1761621626.676051,2,3,26
1761621626.712051,0,-2,30
1761621626.7490506,9,-7,22
1761621626.7860508,6,-2,32
1761621626.8220508,5,-4,33
1761621626.8590508,-1,-1,39
1761621626.8970506,-1,-5,44
1761621626.936051,11,0,37
1761621626.972051,10,5,34
1761621627.0090508,3,6,36
1761621627.0470507,10,2,33
1761621627.0850508,7,4,32
1761621627.1210508,7,2,31
1761621627.1580508,2,-3,28
1761621627.1960506,-5,2,37
1761621627.232051,-6,2,27
1761621627.2690508,-3,1,38
1761621627.3070507,0,0,29
1761621627.3460507,6,0,30
1761621627.3820508,6,-3,39
1761621627.4190507,4,-3,25
1761621627.4570508,-6,0,37
1761621627.495051,2,-2,27
1761621627.5310507,2,0,28
1761621627.5680506,8,8,30
1761621627.6060507,-1,0,29
1761621627.6420507,6,-5,21
1761621627.6790507,-4,5,24
1761621627.7170508,-7,-4,28
1761621627.755051,0,-2,46
1761621627.791051,-9,-1,48
1761621627.8280506,0,-4,36
1761621627.8660507,-1,-8,34
1761621627.9020507,2,-5,38
1761621627.939051,-5,-5,34
1761621627.9780507,-1,-4,42
1761621628.0160508,3,-1,41
1761621628.0520508,1,-2,38
1761621628.0890508,-5,-3,24
1761621628.1270506,0,-7,29
1761621628.1650507,-6,0,32
1761621628.2010508,-1,2,37
1761621628.2380507,-2,-3,26
1761621628.2770507,6,-1,41
1761621628.3130507,0,-4,34
1761621628.3500507,2,-11,24
1761621628.3870506,-1,-9,48
1761621628.426051,-4,-9,29
1761621628.462051,-2,-6,35
1761621628.4990506,6,-9,35
1761621628.5370507,8,2,38
1761621628.5730507,4,-2,43
1761621628.610051,9,-2,36
1761621628.6470506,2,-2,22
1761621628.686051,-4,0,33
1761621628.722051,-4,3,38
1761621628.7590508,-6,5,34
1761621628.7970507,-9,2,24
1761621628.8330507,-6,-1,32
1761621628.870051,-8,2,41
1761621628.9070508,-1,-2,51
1761621628.9460506,-1,0,35
1761621628.982051,1,-1,26
1761621629.0190508,-1,-4,29
1761621629.0570507,4,2,30
1761621629.0930507,2,0,35
1761621629.130051,0,-2,37
1761621629.1680508,-2,-1,39
1761621629.2060506,-1,3,34
1761621629.2420506,2,0,26
1761621629.2790508,-1,7,30
1761621629.3170507,-2,6,31
1761621629.3530507,-1,0,32
1761621629.3900506,4,-6,33
1761621629.4280508,1,-10,21
1761621629.4670508,7,1,24
1761621629.5030508,0,2,19
1761621629.541051,0,0,29
1761621629.5780506,-2,-3,31
1761621629.6170506,4,-9,27
1761621629.653051,7,-4,31
1761621629.6900508,12,-3,27
1761621629.7280507,3,0,43
1761621629.7660508,0,2,46
1761621629.8020508,3,-1,38
1761621629.8390508,1,-7,40
1761621629.8770506,1,-1,34
1761621629.913051,0,0,43
1761621629.9500508,0,-3,39
1761621629.9880507,2,1,36
1761621630.0260508,2,-5,35
1761621630.0620508,5,2,35
1761621630.1000507,3,-1,41
1761621630.1380508,0,4,38
1761621630.176051,-6,0,39
1761621630.212051,-3,-1,37
1761621630.2500508,0,1,42
1761621630.288051,-2,1,32
1761621630.3260508,1,-3,31
1761621630.3620508,7,-6,24
1761621630.3990507,2,-1,31
1761621630.4380507,0,-7,37
1761621630.4740508,4,0,41
1761621630.5120506,3,3,44
1761621630.5490508,1,-2,51
1761621630.587051,0,0,53
1761621630.6230507,-3,-4,44
1761621630.6600506,5,-6,41
1761621630.6980507,6,0,29
1761621630.7370508,2,-3,27
1761621630.7730508,1,0,27
1761621630.8100507,-1,0,30
1761621630.8480508,4,-4,37
1761621630.8840508,2,-6,36
1761621630.9210508,2,-4,46
1761621630.9580507,-2,-7,18
1761621630.9970508,-5,-10,30
1761621631.0330508,-1,-5,24
1761621631.0710506,-3,-3,30
1761621631.110051,-2,0,40
1761621631.1480508,2,2,34
1761621631.1840508,6,-6,38
1761621631.222051,0,-3,30
1761621631.2590508,0,0,36
1761621631.2970507,-1,0,42
1761621631.3330507,-8,0,37
1761621631.370051,0,3,39
1761621631.4080508,3,7,32
1761621631.4440508,-3,4,34
1761621631.4810507,4,-2,30
1761621631.5190508,0,-4,31
1761621631.5570507,-12,0,30
1761621631.5940506,-6,2,37
1761621631.6310508,0,3,31
1761621631.6690507,1,0,32
1761621631.7070508,-4,-1,35
1761621631.7430508,1,8,29
1761621631.7810507,0,4,44
1761621631.8190508,1,0,47
1761621631.857051,-2,3,34
1761621631.893051,1,7,27
1761621631.9300506,2,0,34
1761621631.9680507,0,-6,30
1761621632.0040507,6,-10,18
1761621632.041051,1,-4,28
1761621632.0790508,2,3,34
1761621632.1170506,-2,4,28
1761621632.153051,0,0,40
1761621632.1900508,5,4,41
1761621632.2280507,-2,3,36
1761621632.2640507,0,1,30
1761621632.301051,-2,4,34
1761621632.3390508,-1,-5,31
1761621632.3780508,4,-6,32
1761621632.4140508,-2,0,36
1761621632.4510508,-3,-1,32
1761621632.4890506,4,1,28
1761621632.5250506,1,-5,33
1761621632.5630507,10,1,28
1761621632.6010506,2,-2,30
1761621632.6390507,5,0,33
1761621632.6750507,-1,-1,41
1761621632.7130508,-3,-1,27
1761621632.7510507,0,0,27
1761621632.7890508,-3,2,29
1761621632.8250508,-4,3,32
1761621632.8620508,0,1,29
1761621632.8990507,0,1,32
1761621632.9350507,3,0,36
1761621632.9730508,0,0,42
1761621633.0100508,6,5,47
1761621633.0480506,1,-1,31
1761621633.084051,1,0,31
1761621633.1210508,-4,0,38
1761621633.1590507,-1,-1,34
1761621633.1950507,-2,-3,38
1761621633.232051,-1,6,29
1761621633.2700508,-5,-7,41
1761621633.3080506,-5,-7,32
1761621633.3440506,0,2,29
1761621633.3820508,-5,0,39
1761621633.4190507,-3,0,37
1761621633.4550507,-5,-4,37
1761621633.4920506,-7,-9,32
1761621633.5300508,0,-2,34
1761621633.5680506,1,0,40
1761621633.6040506,1,-3,33
1761621633.6410508,1,0,30
1761621633.6790507,4,5,36
1761621633.7150507,2,-1,38
1761621633.7530508,4,-1,24
1761621633.7900507,-1,0,31
1761621633.8290508,4,-8,31
1761621633.8650508,8,-10,31
1761621633.9020507,-1,0,33
1761621633.9400508,0,5,44
1761621633.9780507,4,0,42
1761621634.0150506,2,0,39
1761621634.0520508,4,1,37
1761621634.0900507,-1,4,35
1761621634.1280508,-3,-4,43
1761621634.1640508,0,-6,36
1761621634.2020507,0,-2,37
1761621634.2400508,0,-1,32
1761621634.278051,7,0,34
1761621634.314051,-1,-1,30
1761621634.3520508,4,-5,19
1761621634.3900506,0,-5,35
1761621634.4290507,0,-7,32
1761621634.4650507,-2,4,27
1761621634.5020506,-1,0,30
1761621634.5400507,-1,3,30
1761621634.5780506,0,-5,34
1761621634.6140506,-3,-4,45
1761621634.6510508,-9,1,40
1761621634.689051,3,1,33
1761621634.7250507,3,-1,39
1761621634.7630508,5,-2,41
1761621634.8000507,4,2,38
1761621634.8440506,9,3,40
1761621634.883051,4,3,37
1761621634.9200506,-2,1,33
1761621634.9560506,-4,1,30
1761621634.9930508,-3,1,40
1761621635.0300508,-1,0,37
1761621635.0690508,1,2,32
1761621635.1050508,4,4,35
1761621635.1420507,6,-7,39
1761621635.1800506,0,-1,43
1761621635.2160506,0,-1,37
1761621635.2540507,-2,-1,24
1761621635.291051,0,-2,21
1761621635.3290508,-2,-8,29
1761621635.3650508,-9,-4,32
1761621635.403051,3,-1,37
1761621635.4410508,4,-3,40
1761621635.4790506,-1,2,38
1761621635.5150506,-1,0,36
1761621635.5520508,-1,-1,31
1761621635.5900507,-9,-6,28
1761621635.6290507,-3,-2,30
1761621635.666051,-5,-3,31
1761621635.7030506,-9,0,35
1761621635.7410507,-4,-4,33
1761621635.7790508,2,-2,32
1761621635.8150508,2,2,27
1761621635.8520508,0,0,25
1761621635.8910508,2,0,18
1761621635.9290507,3,-4,29
1761621635.9650507,-7,-2,31
1761621636.0020506,-3,-1,32
1761621636.041051,6,1,41
1761621636.0790508,5,0,40
1761621636.1150508,10,-1,33
1761621636.1520507,-1,-5,40
1761621636.1910508,-7,-4,39
1761621636.2290506,0,0,37
1761621636.2650506,4,0,36
1761621636.3020508,-3,0,39
1761621636.3400507,-12,-6,42
1761621636.3760507,-3,1,37
1761621636.4140508,6,1,39
1761621636.4510508,4,2,32
1761621636.4890506,2,-1,24
1761621636.5250506,1,-2,27
1761621636.5620508,5,-3,26
1761621636.6010506,3,0,34
1761621636.6390507,2,-2,35
1761621636.6750507,-2,-5,40
1761621636.712051,-1,0,37
1761621636.7510507,0,3,34
1761621636.7890508,1,-2,26
1761621636.8250508,0,3,26
1761621636.8620508,3,0,36
1761621636.9010508,7,5,43
1761621636.9370508,5,1,36
1761621636.9750507,5,-4,36
1761621637.0120506,-1,0,33
1761621637.051051,2,-4,23
1761621637.087051,-1,-2,22
1761621637.1240506,11,3,18
1761621637.1610508,0,-4,26
1761621637.1970508,0,0,28
1761621637.235051,7,2,29
1761621637.2720506,2,7,35
1761621637.311051,-6,0,22
1761621637.347051,1,-4,32
1761621637.3850508,5,-5,37
1761621637.4220507,4,4,33
1761621637.4600508,-2,1,28
1761621637.4960508,0,-4,30
1761621637.5330508,-2,-3,31
1761621637.5710506,1,-1,44
1761621637.607051,8,1,45
1761621637.6440508,11,1,44
1761621637.6810508,3,-4,41
1761621637.7170508,4,-4,39
1761621637.7540507,-3,0,44
1761621637.791051,3,1,28
1761621637.8270507,-2,0,37
1761621637.8650508,-1,-3,35
1761621637.9020507,-4,-1,31
1761621637.9410508,8,0,38
1761621637.9770508,5,-4,34
1761621638.0150506,2,0,37
1761621638.0520508,4,-4,39
1761621638.0900507,12,-6,40
1761621638.1260507,7,-6,45
1761621638.163051,2,0,46
1761621638.2010508,-1,-4,36
1761621638.2380507,0,-3,35
1761621638.2750506,4,-2,31
1761621638.3120508,7,-1,32
1761621638.3500507,-3,2,40
1761621638.3860507,1,1,34
1761621638.4230506,2,8,49
1761621638.4610507,0,1,43
1761621638.4970508,3,0,31
1761621638.5340507,0,1,21
1761621638.5720508,0,1,25
1761621638.610051,-2,-6,22
1761621638.6460507,1,-3,26
1761621638.6840508,-3,0,33
1761621638.722051,-3,0,20
1761621638.7600508,2,0,32
1761621638.7960508,1,-2,40
1761621638.834051,0,0,32
1761621638.8720508,0,2,23
1761621638.9100506,1,-8,23
1761621638.9460506,0,-5,25
1761621638.9840508,-5,-4,31
1761621639.0220506,4,3,36
1761621639.061051,-3,-1,37
1761621639.097051,4,1,45
1761621639.1340508,6,0,46
1761621639.1720507,1,7,36
1761621639.2080507,7,6,34
1761621639.245051,3,0,40
1761621639.2820508,1,1,34
1761621639.3180506,0,-1,33
1761621639.3550508,4,-1,22
1761621639.3920507,4,2,36
1761621639.4280508,-2,2,37
1761621639.4650507,-3,6,18
1761621639.5030508,-6,6,31
1761621639.541051,-2,3,30
1761621639.5770507,0,-6,38
1761621639.6140506,1,4,33
1761621639.6520507,8,-3,34
1761621639.6880507,2,-7,42
1761621639.7260506,5,-9,35
1761621639.7640507,4,-3,46
1761621639.8020508,3,-10,49
1761621639.8380508,5,-4,39
1761621639.8760507,4,4,44
1761621639.913051,-8,4,42
1761621639.9520507,-5,-6,36
1761621639.9880507,1,0,34
1761621640.0260508,4,0,28
1761621640.0630507,3,1,33
1761621640.1010506,5,-6,39
1761621640.1370506,1,0,46
1761621640.1740508,-6,-2,40
1761621640.2130508,-1,-7,39
1761621640.2510507,1,0,38
1761621640.2870507,4,-1,41
1761621640.324051,3,1,30
1761621640.3620508,1,0,25
1761621640.3980508,5,1,29
1761621640.4350507,5,4,34
1761621640.4730508,1,1,35
1761621640.5110507,5,-6,33
1761621640.5470507,2,0,36
1761621640.5850508,-5,-9,46
1761621640.6230507,-2,-11,35
1761621640.6620507,-3,-2,30
1761621640.6980507,-2,0,33
1761621640.735051,1,-4,32
1761621640.7730508,3,-1,36
1761621640.811051,3,-5,39
1761621640.847051,4,0,36
1761621640.8850508,-3,-2,37
1761621640.9230506,-3,-2,32
1761621640.962051,-5,-1,35
1761621640.9980507,-1,0,41
1761621641.0350506,-11,0,40
1761621641.0730507,-3,0,35
1761621641.1110508,-5,-3,24
1761621641.1470506,-7,2,34
1761621641.1850507,-1,-1,40
1761621641.2230508,3,2,34
1761621641.2610507,-4,-6,22
1761621641.2970507,-1,-9,30
1761621641.3350508,-8,-5,29
1761621641.3740506,-10,-2,38
1761621641.4120507,-6,-6,41
1761621641.4480507,-2,-1,43
1761621641.485051,2,-4,32
1761621641.5230508,4,-7,34
1761621641.5590508,4,0,31
1761621641.5960507,0,-2,26
1761621641.633051,-2,-9,32
1761621641.6720507,0,-11,30
1761621641.7080507,0,-2,40
1761621641.745051,-5,-5,35
1761621641.7840507,-4,-6,43
1761621641.8230507,-6,-6,42
1761621641.8590508,2,-3,46
1761621641.8960507,-3,2,37
1761621641.9330506,-4,0,28
1761621641.972051,-4,5,34
1761621642.008051,-5,0,34
1761621642.0450506,3,6,44
1761621642.0830507,2,-1,35
1761621642.1190507,3,-1,26
1761621642.1570508,7,-2,36
1761621642.1950507,7,-2,22
1761621642.2330508,-5,-1,31
1761621642.2690508,-2,-2,35
1761621642.3070507,1,-5,32
1761621642.3450508,1,-2,39
1761621642.383051,-5,0,40
1761621642.4190507,3,-3,29
1761621642.4560506,-4,0,37
1761621642.495051,-1,-3,26
1761621642.5330508,3,-5,40
1761621642.5690508,0,-7,36
1761621642.607051,0,-5,44
1761621642.6440508,-4,-6,39
1761621642.6830506,-5,-7,29
1761621642.7190506,-4,-6,33
1761621642.758051,1,0,49
1761621642.7950506,-2,7,38
1761621642.834051,4,3,50
1761621642.8720508,-2,0,43
1761621642.9080508,-9,-2,40
1761621642.9460506,-13,-5,36
1761621642.9840508,0,0,38
1761621643.0220506,0,3,39
1761621643.0590508,7,-3,47
1761621643.0960507,0,-1,53
1761621643.1340508,-3,6,45
1761621643.1720507,3,-3,41
1761621643.2080507,-7,2,27
1761621643.2460508,3,-6,27
1761621643.2840507,4,-6,36
1761621643.3220508,-4,0,28
1761621643.3580508,-3,-1,27
1761621643.3950508,-10,-1,35
1761621643.4340508,-11,-5,38
1761621643.4700508,-3,-1,33
1761621643.5070508,-6,0,32
1761621643.5440507,-5,1,35
1761621643.5800507,-3,0,47
1761621643.6180508,-5,-1,43
1761621643.6550508,-4,-5,33
1761621643.6940508,1,-2,33
1761621643.7300508,4,-4,29
1761621643.768051,0,-1,29
1761621643.8050506,0,-5,31
1761621643.8430507,-3,-3,34
1761621643.8790507,-1,1,43
1761621643.916051,0,-1,55
1761621643.9540508,2,0,38
1761621643.9900508,8,-1,38
1761621644.028051,0,-4,41
1761621644.0650508,3,-3,33
1761621644.1030507,0,-3,28
1761621644.1390507,4,2,21
1761621644.176051,2,1,29
1761621644.2140508,0,-7,37
1761621644.2500508,-4,-5,31
1761621644.2870507,-1,-3,34
1761621644.3260508,-1,-6,32
1761621644.3640506,5,-6,26
1761621644.4000506,2,-5,29
1761621644.4370508,3,-6,30
1761621644.4750507,3,-8,27
1761621644.5130508,5,-4,23
1761621644.5490508,2,-6,20
1761621644.587051,5,-2,41
1761621644.6250508,3,-2,30
1761621644.663051,-1,3,32
1761621644.699051,4,5,31
1761621644.7370508,1,2,28
1761621644.7750506,0,-6,28
1761621644.8130507,0,-3,24
1761621644.8560507,0,-9,35
1761621644.8950508,2,0,37
1761621644.9330506,-3,5,32
1761621644.9690506,-2,-3,26
1761621645.0060508,-3,2,28
1761621645.0440507,-9,0,24
1761621645.0800507,-2,0,35
1761621645.1170506,-2,0,40
1761621645.1550508,-4,-1,34
1761621645.1930506,-2,-6,41
1761621645.2290506,0,-3,41
1761621645.2660508,0,-5,31
1761621645.3050506,1,-1,31
1761621645.3430507,2,0,27
1761621645.3790507,1,0,30
1761621645.416051,2,-3,29
1761621645.4550507,2,2,40
1761621645.4930508,4,-5,38
1761621645.5290508,0,-3,24
1761621645.5660508,0,-7,24
1761621645.6040506,-2,-3,35
1761621645.6400506,-7,-6,41
1761621645.6770508,2,-5,34
1761621645.7150507,-2,-5,32
1761621645.7540507,-5,0,24
1761621645.7900507,-5,0,28
1761621645.8270507,0,6,27
1761621645.8650508,-1,7,36
1761621645.9010508,2,6,34
1761621645.9380507,-4,3,47
1761621645.9750507,0,-1,44
1761621646.0110507,0,5,40
1761621646.0480506,6,-3,31
1761621646.0860507,0,-4,29
1761621646.1240506,-3,1,29
1761621646.1600506,4,-1,34
1761621646.1970508,0,0,31
1761621646.235051,-4,-3,28
1761621646.2710507,-1,-7,49
1761621646.3090508,0,-8,46
1761621646.3460507,4,-3,36
1761621646.3850508,0,-5,33
1761621646.4210508,-4,-5,30
1761621646.459051,0,0,40
1761621646.4970508,-2,0,37
1761621646.5350506,0,2,33
1761621646.5710506,-1,1,32
1761621646.610051,-6,-8,35
1761621646.6470506,0,-3,38
1761621646.686051,2,-3,32
1761621646.7240508,0,-8,43
1761621646.7600508,3,-7,46
1761621646.7970507,-2,-8,36
1761621646.8360507,-1,-4,31
1761621646.8740506,-3,0,28
1761621646.9100506,-2,-4,31
1761621646.9470508,-4,-2,31
1761621646.9860508,6,-3,39
1761621647.0240507,2,-7,35
1761621647.0600507,0,6,32
1761621647.097051,6,-1,25
1761621647.1360507,1,-2,35
1761621647.1740508,4,1,30
1761621647.2100508,0,-5,48
1761621647.2480507,9,-3,37
1761621647.2860508,2,-8,32
1761621647.324051,3,-12,36
1761621647.3610508,-4,-6,27
1761621647.3980508,-1,0,29
1761621647.436051,5,0,43
1761621647.4740508,-1,-1,41
1761621647.5100508,-1,0,37
1761621647.5480506,-3,-3,34
1761621647.5860507,-2,0,42
1761621647.6250508,-7,0,41
1761621647.6610508,-6,0,38
1761621647.6980507,0,-1,32
1761621647.7360508,-1,-4,28
1761621647.7740507,4,-10,28
1761621647.8100507,-3,-2,24
1761621647.8480508,-5,3,46
1761621647.8860507,-2,0,38
1761621647.9220507,-7,2,32
1761621647.9600508,0,-7,37
1761621647.9970508,-8,0,37
1761621648.0350506,0,0,36
1761621648.0710506,2,7,44
1761621648.1080508,-2,0,36
1761621648.1460507,2,1,28
1761621648.1820507,3,1,39
1761621648.2190506,2,-3,35
1761621648.2560508,6,-1,35
1761621648.2950506,5,0,39
1761621648.3310506,-3,2,38
1761621648.3680508,-7,-8,35
1761621648.4060507,0,0,37
1761621648.4420507,-5,-4,37
1761621648.4800508,-4,-4,40
1761621648.518051,2,-2,41
1761621648.5560508,5,-2,46
1761621648.5950508,1,-7,40
1761621648.6310508,-3,-4,41
1761621648.6680508,-2,-2,36
1761621648.7070508,-6,-1,31
1761621648.745051,-6,0,33
1761621648.7810507,-1,2,27
1761621648.8180506,-3,4,29
1761621648.857051,8,4,30
1761621648.8950508,5,0,35
1761621648.9310508,4,-4,45
1761621648.9680507,3,2,42
1761621649.0070508,0,0,32
1761621649.0450506,2,1,26
1761621649.0810506,0,-6,32
1761621649.1180508,2,-3,29
1761621649.1570508,-3,0,20
1761621649.1950507,1,-7,24
1761621649.2310507,1,0,26
1761621649.268051,-1,-3,30
1761621649.3070507,-5,-4,35
1761621649.3450508,-3,-2,23
1761621649.3810508,-6,0,31
1761621649.4180508,-5,-2,38
1761621649.4570508,-2,-3,29
1761621649.495051,4,-9,39
1761621649.5310507,3,-7,33
1761621649.5680506,2,-5,40
1761621649.607051,1,-3,30
1761621649.6450508,0,1,32
1761621649.6810508,-5,-1,33
1761621649.7190506,-5,-5,35
1761621649.7570508,-8,-7,41
1761621649.7960508,-6,-12,23
1761621649.8320508,-4,-9,23
1761621649.870051,1,0,34
1761621649.9070508,-7,1,24
1761621649.9430506,4,4,25
1761621649.9810507,6,2,39
1761621650.018051,0,0,31
1761621650.0560508,-5,-3,41
1761621650.0920508,-5,1,39
1761621650.1290507,-3,2,30
1761621650.1670508,-4,-4,39
1761621650.2030506,-2,-1,33
1761621650.2400508,-1,-6,36
1761621650.278051,-3,-5,34
1761621650.3170507,1,-4,38
1761621650.3530507,-2,0,38
1761621650.3900506,0,-5,44
1761621650.4280508,2,2,36
1761621650.4660506,2,-3,37
1761621650.5020506,-3,-1,23
1761621650.5390508,-5,1,37
1761621650.5770507,-8,-9,30
1761621650.6130507,-6,0,35
1761621650.6500506,-8,1,35
1761621650.6870508,-5,-7,30
1761621650.7260506,-2,0,23
1761621650.7620506,1,4,28
1761621650.7990508,3,-1,33
1761621650.8380508,3,0,22
1761621650.8760507,0,-4,25
1761621650.9120507,0,-6,24
1761621650.949051,-1,-5,20
1761621650.9880507,-6,0,28
1761621651.0260508,-4,-3,34
1761621651.0620508,2,-3,44
1761621651.1000507,0,0,34
1761621651.1380508,-2,0,37
1761621651.176051,-3,0,34
1761621651.212051,0,2,44
1761621651.2490506,-9,1,28
1761621651.2870507,-8,-2,31
1761621651.3230507,-8,0,41
1761621651.360051,-4,0,36
1761621651.3980508,0,1,37
1761621651.436051,4,3,35
1761621651.472051,2,0,34
1761621651.5090508,-5,1,35
1761621651.5470507,4,1,33
1761621651.5830507,3,4,25
1761621651.6210508,2,3,28
1761621651.6580508,6,2,46
1761621651.6960506,5,4,44
1761621651.732051,-8,11,37
1761621651.7690508,-5,1,42
1761621651.8070507,7,-3,34
1761621651.8430507,6,-7,37
1761621651.880051,5,-7,48
1761621651.9180508,-3,-3,36
1761621651.9560506,-7,-2,41
1761621651.9920506,-5,-2,30
1761621652.0290508,3,-1,31
1761621652.0680506,10,0,39
1761621652.1040506,9,0,41
1761621652.1410508,5,-3,29
1761621652.1780508,1,0,29
1761621652.2170508,5,1,21
1761621652.2530508,6,4,29
1761621652.2900507,-4,-1,33
1761621652.3280506,-1,-6,39
1761621652.3670506,-3,-7,32
1761621652.403051,-4,-8,29
1761621652.4400508,0,-9,36
1761621652.4780507,-3,0,39
1761621652.5140507,6,0,28
1761621652.551051,4,1,34
1761621652.5880508,-5,-3,22
1761621652.6270506,0,-8,34
1761621652.663051,5,1,38
1761621652.7000508,1,-4,41
1761621652.7380507,0,6,42
1761621652.7740507,-2,3,31
1761621652.811051,-2,-5,35
1761621652.8490508,2,-2,27
1761621652.8880508,-2,-3,29
1761621652.9240508,2,0,31
1761621652.9610507,0,-6,36
1761621652.9980507,-2,1,37
1761621653.0340507,-2,3,51
1761621653.0720508,0,-1,31
1761621653.1090508,-9,-3,27
1761621653.1480508,-2,-3,31
1761621653.1840508,0,-3,22
1761621653.2210507,0,1,32
1761621653.2590508,2,-3,37
1761621653.2970507,0,4,25
1761621653.3330507,-2,1,35
1761621653.3710508,2,0,40
1761621653.4090507,-3,-8,30
1761621653.4480507,1,-5,32
1761621653.4840508,-1,-7,36
1761621653.5210507,-2,-6,31
1761621653.5590508,-1,3,26
1761621653.5980508,-4,3,20
1761621653.6340508,-7,-6,38
1761621653.6710508,-9,0,28
1761621653.709051,1,2,35
1761621653.7470508,-2,0,39
1761621653.7830508,-2,0,27
1761621653.8200507,-5,0,19
1761621653.8580508,-2,-2,32
1761621653.8940508,-1,2,26
1761621653.9320507,-5,-3,31
1761621653.9700508,0,0,38
1761621654.008051,-4,-7,33
1761621654.0440507,-1,0,34
1761621654.0810506,4,0,34
1761621654.1190507,8,8,38
1761621654.1570508,6,2,29
1761621654.1930506,8,0,30
1761621654.2300508,3,-1,35
1761621654.268051,0,-9,21
1761621654.3040507,-4,-7,21
1761621654.3410506,-3,-4,20
1761621654.3790507,0,-10,26
1761621654.4180508,3,-16,33
1761621654.4540508,2,-3,20
1761621654.4910507,2,-7,29
1761621654.5290508,-5,3,37
1761621654.5650508,-3,2,30
1761621654.6020508,2,3,37
1761621654.6390507,-5,-5,38
1761621654.6780508,-6,-3,35
1761621654.7140508,-13,-3,36
1761621654.7510507,-6,-1,33
1761621654.7890508,-4,0,47
1761621654.8280506,6,-1,40
1761621654.8730507,2,3,36
1761621654.9110508,4,-1,32
1761621654.949051,2,1,35
1761621654.985051,7,0,27
1761621655.0220506,0,-1,30
1761621655.0600507,3,-2,33
1761621655.0980508,0,-5,41
1761621655.1340508,-1,-2,36
1761621655.1720507,0,-2,46
1761621655.2100508,-1,7,37
1761621655.2480507,3,2,26
1761621655.2840507,5,2,29
1761621655.3210506,-1,4,39
1761621655.3590508,-9,1,44
1761621655.3950508,-15,-5,36
1761621655.4330506,-1,0,29
1761621655.4700508,-1,4,35
1761621655.508051,2,-5,39
1761621655.5440507,1,0,34
1761621655.5810506,-4,-6,35
1761621655.620051,-1,9,39
1761621655.6580508,-1,1,33
1761621655.6940508,1,0,35
1761621655.7310507,0,0,33
1761621655.7690508,3,-4,30
1761621655.8050506,3,-1,33
1761621655.8420508,1,-1,30
1761621655.880051,-7,0,40
1761621655.9180508,0,-2,43
1761621655.9540508,1,0,38
1761621655.9920506,-2,-2,40
1761621656.0300508,0,-8,36
1761621656.0680506,-2,-1,27
1761621656.1040506,2,0,30
1761621656.1420507,7,7,32
1761621656.1800506,3,6,37
1761621656.2180507,0,2,26
1761621656.2540507,4,3,33
1761621656.291051,-3,-1,36
1761621656.3300507,-4,-6,41
1761621656.3680508,2,-3,30
1761621656.4040508,0,-5,37
1761621656.4420507,-3,-6,31
1761621656.4800508,1,-4,30
1761621656.5160508,-6,-2,24
1761621656.5540507,-5,0,26
1761621656.5920508,-3,-5,35
1761621656.630051,-5,-6,31
1761621656.6670508,-2,2,28
1761621656.7040508,-6,-2,32
1761621656.7420506,-5,-3,33
1761621656.7800508,-3,0,24
1761621656.8160508,0,-1,13
1761621656.8530507,12,3,26
1761621656.8900506,-1,4,18
1761621656.9290507,4,-2,23
1761621656.9650507,0,-8,28
1761621657.0030508,8,-1,30
1761621657.041051,6,3,34
1761621657.0790508,-9,1,30
1761621657.1150508,-5,-6,29
1761621657.1520507,-4,0,24
1761621657.1900508,-4,0,20
1761621657.2260506,-9,0,38
1761621657.2630508,-4,0,37
1761621657.3000507,-17,-7,39
1761621657.3390508,-6,-2,31
1761621657.3750508,1,5,30
1761621657.4120507,-5,4,34
1761621657.4510508,4,-6,40
1761621657.4890506,-8,1,44
1761621657.5260508,-5,-2,26
1761621657.5630507,-8,-3,41
1761621657.6010506,-6,-1,31
1761621657.6400506,8,-2,34
1761621657.676051,6,3,36
1761621657.7130508,5,2,32
1761621657.7510507,9,-6,36
1761621657.7890508,0,2,34
1761621657.8250508,-6,2,31
1761621657.8620508,0,-4,31
1761621657.9010508,0,-7,32
1761621657.939051,-2,0,35
1761621657.9750507,1,-3,38
1761621658.0120506,-1,-12,36
1761621658.051051,2,-5,27
1761621658.0890508,-2,-3,24
1761621658.1250508,-3,1,38
1761621658.1620507,0,0,32
1761621658.2000508,2,-5,40
1761621658.2360508,-3,-4,42
1761621658.2740507,-4,-4,39
1761621658.3120508,2,-4,36
1761621658.3500507,6,-7,34
1761621658.3860507,5,-1,29
1761621658.4230506,3,3,31
1761621658.4610507,0,0,31
1761621658.4990506,1,1,47
1761621658.5350506,3,0,46
1761621658.5720508,1,-5,35
1761621658.6110508,0,-6,36
1761621658.6470506,-1,-7,31
1761621658.6840508,5,0,34
1761621658.722051,3,-2,26
1761621658.7600508,4,-1,38
1761621658.7960508,0,0,42
1761621658.8330507,-7,-1,35
1761621658.8710508,-1,0,31
1761621658.9070508,-2,2,43
1761621658.9440508,0,0,28
1761621658.9810507,2,2,26
1761621659.0170507,2,5,42
1761621659.0550506,0,6,31
1761621659.0920508,-3,-2,32
1761621659.1310508,2,-5,26
1761621659.1670508,0,0,27
1761621659.2040508,0,0,31
1761621659.2410507,2,-12,33
1761621659.2800508,-6,6,37
1761621659.3160508,3,5,38
1761621659.3530507,3,3,39
1761621659.3910508,-4,4,37
1761621659.4270508,-2,4,39
1761621659.4640508,0,2,36
1761621659.5020506,2,-5,39
1761621659.5400507,0,-1,34
1761621659.5760508,6,2,47
1761621659.6130507,2,-2,45
1761621659.6520507,0,0,38
1761621659.6900508,-3,-10,35
1761621659.7260506,-1,-6,44
1761621659.7630508,7,-5,40
1761621659.801051,4,2,32
1761621659.837051,2,-4,33
1761621659.8750508,2,2,28
1761621659.913051,0,0,34
1761621659.9510508,-1,-8,41
1761621659.9870508,-3,-13,35
1761621660.0250506,-2,0,29
1761621660.0630507,-1,-5,37
1761621660.1020508,2,-3,44
1761621660.1400506,4,-3,32
1761621660.176051,7,2,45
1761621660.2130508,2,0,43
1761621660.2510507,2,2,42
1761621660.2870507,0,0,21
1761621660.324051,1,6,37
1761621660.3620508,-5,-2,41
1761621660.4000506,1,2,29
1761621660.436051,0,0,31
1761621660.4730508,-4,0,43
1761621660.5110507,-6,-3,36
1761621660.5470507,-1,0,36
1761621660.584051,-1,2,28
1761621660.6220508,-4,0,34
1761621660.6600506,5,0,31
1761621660.6960506,0,-3,27
1761621660.7340508,3,0,23
1761621660.7720506,0,0,29
1761621660.8080506,5,-4,44
1761621660.8450508,1,-1,48
1761621660.8820508,-2,2,43
1761621660.9200506,-3,1,44
1761621660.9560506,-7,-3,28
1761621660.9930508,1,-4,28
1761621661.0310507,-5,1,30
1761621661.0670507,-10,-6,44
1761621661.1040506,-2,-3,38
1761621661.1420507,-3,-1,29
1761621661.1810508,-5,-2,36
1761621661.2170508,-1,-2,34
1761621661.255051,3,-5,30
1761621661.2930508,-2,-8,30
1761621661.3320508,0,2,33
1761621661.3680508,0,1,36
1761621661.4050508,-3,-3,21
1761621661.4430506,3,-8,22
1761621661.4810507,1,-5,28
1761621661.5170507,-4,-2,45
1761621661.5550506,2,0,37
1761621661.5920508,-1,-5,34
1761621661.6310508,1,0,42
1761621661.6670508,-3,1,28
1761621661.7050507,-9,0,41
1761621661.7430508,-2,-1,26
1761621661.7810507,-2,-3,38
1761621661.8170507,-7,-8,41
1761621661.8560507,0,-6,30
1761621661.893051,2,-2,34
1761621661.9320507,-5,-3,33
1761621661.9680507,0,2,38
1761621662.005051,2,3,37
1761621662.0430508,0,2,37
1761621662.0810506,-3,3,42
1761621662.1170506,-4,0,46
1761621662.1540508,-2,-3,35
1761621662.1930506,-3,-1,34
1761621662.2310507,0,-3,38
1761621662.2670507,-2,2,31
1761621662.3040507,-1,3,33
1761621662.3420508,-4,2,29
1761621662.3790507,-9,0,32
1761621662.416051,-2,-6,29
1761621662.4540508,-1,0,25
1761621662.4920506,2,3,36
1761621662.528051,-2,0,45
1761621662.5660508,3,-2,37
1761621662.6040506,5,3,39
1761621662.6420507,2,0,31
1761621662.6780508,0,1,26
1761621662.7150507,4,3,21
1761621662.7530508,4,-2,23
1761621662.791051,0,0,33
1761621662.8270507,4,-1,26
1761621662.8640506,0,-4,38
1761621662.9020507,-1,1,29
1761621662.9380507,3,0,25
1761621662.9750507,-3,3,23
1761621663.0130508,-2,0,34
1761621663.0490508,-2,-2,47
1761621663.087051,2,-2,27
1761621663.1240506,0,-1,46
1761621663.1620507,-1,3,35
1761621663.1980507,0,7,39
1761621663.235051,0,0,43
1761621663.2730508,0,-3,34
1761621663.3090508,-2,2,37
1761621663.3460507,-3,3,45
1761621663.3840508,0,2,40
1761621663.4220507,3,9,21
1761621663.4580507,-9,4,26
1761621663.4960508,-9,1,34
1761621663.5330508,-1,1,29
1761621663.5690508,-2,-1,22
1761621663.6060507,-12,-4,28
1761621663.6440508,-4,-2,24
1761621663.6830506,-6,0,26
1761621663.7190506,-9,0,36
1761621663.7560508,-6,3,43
1761621663.7930508,0,1,44
1761621663.8290508,-4,4,40
1761621663.8670506,-1,6,38
1761621663.9040508,-5,-3,31
1761621663.9430506,-12,-11,25
1761621663.9790506,-3,-9,33
1761621664.0170507,-2,-7,26
1761621664.0550506,-4,3,32
1761621664.0930507,-1,-1,30
1761621664.1290507,-4,-2,43
1761621664.1670508,-7,0,21
1761621664.2040508,-9,-1,14
1761621664.2430508,-9,6,20
1761621664.2800508,-3,2,21
1761621664.3170507,-9,2,47
1761621664.3540506,-3,0,37
1761621664.3920507,0,-1,45
1761621664.4280508,0,-1,41
1761621664.4650507,-2,-4,45
1761621664.5040507,-3,-4,45
1761621664.5420508,-1,-2,38
1761621664.5780506,-1,-4,35
1761621664.6150508,1,-5,25
1761621664.6540508,-2,-1,37
1761621664.6920507,0,0,35
1761621664.7280507,0,-2,32
1761621664.7650506,-7,-4,34
1761621664.8040507,-6,-5,40
1761621664.8420508,3,-7,42
1761621664.8850508,4,-1,44
1761621664.9240508,0,4,33
1761621664.962051,2,3,34
1761621664.9980507,-3,-5,26
1761621665.0350506,-1,-12,26
1761621665.074051,-3,-4,32
1761621665.110051,0,-4,26
1761621665.1470506,-6,-6,32
1761621665.1850507,-5,-5,36
1761621665.2240508,-5,-3,33
1761621665.2600508,3,-7,32
1761621665.2970507,0,0,37
1761621665.334051,2,-1,41
1761621665.370051,6,-4,36
1761621665.4070508,3,2,31
1761621665.4440508,-10,-6,29
1761621665.4830508,1,1,37
1761621665.5190508,0,-3,34
1761621665.5570507,-5,-5,31
1761621665.5950508,6,-6,29
1761621665.6340508,0,-3,42
1761621665.6700506,1,0,25
1761621665.7070508,3,-2,31
1761621665.7440507,0,-3,30
1761621665.7800508,-4,0,36
1761621665.8180506,0,1,38
1761621665.8550508,-6,-4,30
1761621665.8940508,-1,-6,34
1761621665.9310508,-1,-4,26
1761621665.9680507,0,-3,27
1761621666.005051,2,-2,34
1761621666.0430508,0,0,31
1761621666.0790508,5,-1,37
1761621666.1160507,3,0,48
1761621666.1540508,3,-5,39
1761621666.1900508,4,-1,36
1761621666.2270508,1,-1,42
1761621666.2650506,-5,3,41
1761621666.3030508,-2,0,34
1761621666.3390508,0,-1,35
1761621666.3760507,-7,-5,44
1761621666.4150507,-2,4,39
1761621666.4530506,-2,0,38
1761621666.4890506,-3,2,33
1761621666.5260508,-4,-2,35
1761621666.5650508,-1,-2,31
1761621666.6030507,-2,-8,41
1761621666.6390507,0,-7,48
1761621666.676051,9,-2,39
1761621666.7140508,0,-6,34
1761621666.7500508,-1,-4,23
1761621666.788051,1,-3,40
1761621666.8260508,8,0,43
1761621666.8640506,2,-9,31
1761621666.9000506,4,-5,21
1761621666.9380507,3,-4,41
1761621666.9750507,-3,0,35
1761621667.0140507,-3,0,37
1761621667.0500507,0,-4,44
1761621667.087051,3,-6,35
1761621667.1250508,0,-7,40
1761621667.1640508,3,-4,34
1761621667.2000508,-1,-5,31
1761621667.2380507,2,0,31
1761621667.2750506,0,0,30
1761621667.311051,5,4,26
1761621667.3480508,-1,-3,30
1761621667.3860507,-4,-4,20
1761621667.4250507,3,0,30
1761621667.4610507,9,0,28
1761621667.4980507,5,-6,30
1761621667.5360508,6,0,23
1761621667.574051,0,-2,37
1761621667.610051,0,-2,39
1761621667.6470506,-1,-5,48
1761621667.6850507,0,-2,39
1761621667.7240508,3,-7,28
1761621667.7600508,-1,-4,24
1761621667.7970507,-3,-3,24
1761621667.8360507,-1,-9,32
1761621667.8740506,3,2,28
1761621667.9100506,0,0,29
1761621667.9470508,-4,1,26
1761621667.985051,0,0,35
1761621668.0210507,-4,-6,40
1761621668.0590508,5,2,38
1761621668.097051,-10,-3,29
1761621668.1360507,-4,-2,25
1761621668.1740508,-4,0,34
1761621668.2100508,-1,0,35
1761621668.2470508,0,4,31
1761621668.2850506,-2,-1,27
1761621668.3210506,-1,0,36
1761621668.360051,-8,3,37
1761621668.3970506,2,1,33
1761621668.4350507,0,-2,38
1761621668.4710507,-2,-3,38
1761621668.5090508,0,-3,36
1761621668.5470507,2,1,37
1761621668.5850508,2,0,29
1761621668.6210508,-3,4,27
1761621668.6590507,-1,1,33
1761621668.6960506,-7,-4,45
1761621668.735051,-3,-3,36
1761621668.7710507,1,-4,30
1761621668.8080506,-5,-4,32
1761621668.8460507,-9,-3,33
1761621668.8850508,3,-2,30
1761621668.9210508,-7,-1,27
1761621668.959051,-10,-3,22
1761621668.9970508,0,-10,28
1761621669.0360508,-2,-4,43
1761621669.074051,3,-4,37
1761621669.110051,2,-5,41
1761621669.1470506,0,2,46
1761621669.186051,-3,1,30
1761621669.2240508,3,-4,38
1761621669.2600508,1,-1,37
1761621669.2970507,-2,1,45
1761621669.3360507,3,2,43
1761621669.3740506,-1,-4,35
1761621669.4100506,1,-4,35
1761621669.4470508,3,2,34
1761621669.4860508,-1,1,33
1761621669.5220506,2,-2,39
1761621669.5600507,-1,-3,41
1761621669.5980508,4,-7,39
1761621669.6360507,-5,0,43
1761621669.6720507,-9,-2,40
1761621669.709051,-4,-2,40
1761621669.7470508,-6,1,29
1761621669.7860508,-6,-5,34
1761621669.8220508,-8,-5,30
1761621669.860051,-6,0,36
1761621669.8980508,-6,-4,36
1761621669.9370508,2,0,27
1761621669.9750507,6,6,28
1761621670.0110507,-1,-3,25
1761621670.0480506,3,0,22
1761621670.0860507,6,-2,27
1761621670.1220508,0,-3,39
1761621670.1590507,1,-4,31
1761621670.1960506,-3,-3,35
1761621670.235051,0,0,29
1761621670.2710507,6,1,36
1761621670.3080506,-1,1,30
1761621670.3460507,2,0,20
1761621670.3820508,3,-1,25
1761621670.4190507,-1,1,42
1761621670.4570508,3,0,40
1761621670.495051,-2,-5,35
1761621670.5310507,-3,-9,35
1761621670.5690508,0,-6,40
1761621670.607051,4,-3,34
1761621670.6450508,0,-1,36
1761621670.6810508,1,-3,35
1761621670.7190506,3,0,38
1761621670.7570508,-7,2,40
1761621670.7950506,-7,-6,33
1761621670.8310506,-6,3,39
1761621670.8690507,1,0,40
1761621670.9070508,7,-2,27
1761621670.9450507,2,-6,42
1761621670.9810507,0,-1,41
1761621671.0190508,3,2,25
1761621671.0570507,0,0,35
1761621671.0950508,0,2,27
1761621671.1310508,-7,2,17
1761621671.1690507,-4,-2,24
1761621671.2070508,-1,2,25
1761621671.245051,-1,-5,42
1761621671.2810507,1,-5,42
1761621671.3180506,0,0,37
1761621671.3560507,-2,0,38
1761621671.3920507,-6,-2,32
1761621671.4290507,0,1,45
1761621671.4670508,-2,0,33
1761621671.505051,5,-2,39
1761621671.541051,6,-4,38
1761621671.5790508,-4,-4,41
1761621671.6170506,-1,1,30
1761621671.653051,-6,0,33
1761621671.6900508,-1,2,28
1761621671.7280507,2,-2,42
1761621671.7670507,-3,-6,35
1761621671.8030508,3,-3,34
1761621671.8400507,9,-3,23
1761621671.8790507,5,2,36
1761621671.9170508,-3,2,30
1761621671.9530506,1,1,33
1761621671.9900508,5,1,26
1761621672.0270507,0,-9,36
1761621672.0630507,-2,3,42
1761621672.1010506,-4,9,41
1761621672.1380508,-4,1,35
1761621672.176051,-2,3,40
1761621672.212051,0,5,35
1761621672.2490506,-5,4,38
1761621672.288051,-4,-4,31
1761621672.3260508,-4,4,41
1761621672.3620508,0,2,42
1761621672.3990507,2,4,35
1761621672.4370508,-1,-3,33
1761621672.4730508,-3,-4,33
1761621672.5110507,1,-1,38
1761621672.5480506,-3,-6,31
1761621672.587051,0,-6,36
1761621672.6230507,0,-6,35
1761621672.6600506,-3,-4,37
1761621672.6980507,3,0,40
1761621672.7360508,0,2,37
1761621672.7720506,-4,-5,36
1761621672.8090508,-6,-1,36
1761621672.8480508,-3,0,32
1761621672.8860507,0,-4,36
1761621672.9220507,5,2,35
1761621672.959051,3,-2,28
1761621672.9970508,-2,0,37
1761621673.0330508,-1,1,16
1761621673.0700507,1,-9,21
1761621673.1080508,-2,-3,27
1761621673.1470506,-2,-9,22
1761621673.1830506,-6,-9,32
1761621673.2200508,-1,-4,41
1761621673.258051,-5,-11,24
1761621673.2970507,-4,-1,27
1761621673.3330507,0,-2,30
1761621673.370051,0,-3,33
1761621673.4080508,-6,0,33
1761621673.4460506,-4,0,25
1761621673.482051,-3,5,36
1761621673.5190508,1,-5,32
1761621673.5570507,1,-6,25
1761621673.5930507,6,0,31
1761621673.630051,1,4,38
1761621673.6680508,-3,-6,29
1761621673.7060506,0,-7,39
1761621673.7420506,0,-6,37
1761621673.7800508,4,-4,22
1761621673.8180506,4,-2,33
1761621673.8560507,0,-5,22
1761621673.8920507,0,-4,23
1761621673.9290507,-7,6,33
1761621673.9680507,-5,2,43
1761621674.0040507,-6,-4,36
1761621674.0430508,3,-3,39
1761621674.0800507,0,-2,39
1761621674.1180508,-3,0,38
1761621674.1540508,0,-9,25
1761621674.1920507,-6,-2,33
1761621674.2300508,0,-2,30
1761621674.268051,1,-2,29
1761621674.3040507,6,-1,30
1761621674.3420508,2,0,36
1761621674.380051,0,0,37
1761621674.4180508,-4,-1,34
1761621674.4540508,-6,-5,38
1761621674.4930508,-8,-1,35
1761621674.5300508,-16,0,28
1761621674.5680506,-3,-2,36
1761621674.6040506,2,0,35
1761621674.6420507,0,-3,29
1761621674.6800506,0,-6,40
1761621674.7180507,-9,-3,32
1761621674.7540507,-3,2,40
1761621674.7920508,-6,-2,35
1761621674.8300507,-5,2,27
1761621674.8680508,-7,-3,39
1761621674.9120507,-6,-1,39
1761621674.9500508,0,-8,28
1761621674.9890506,-4,-7,35
1761621675.0270507,1,-2,37
1761621675.0630507,4,-1,37
1761621675.1000507,0,-4,37
1761621675.1390507,-3,-4,35
1761621675.1770508,0,0,36
1761621675.2130508,-1,-2,47
1761621675.2500508,-2,-5,42
1761621675.2890508,3,-2,40
1761621675.3270507,1,6,36
1761621675.3630507,0,9,30
1761621675.4000506,-2,4,30
1761621675.439051,-2,5,27
1761621675.4770508,-12,3,33
1761621675.5130508,-3,-6,28
1761621675.5500507,5,-4,30
1761621675.5890508,9,-4,25
1761621675.6270506,-3,-3,25
1761621675.663051,-1,6,30
1761621675.7000508,5,-9,35
1761621675.7390506,3,-6,31
1761621675.7770507,4,-1,29
1761621675.8130507,8,-2,35
1761621675.8500507,4,-2,24
1761621675.8880508,8,2,42
1761621675.9240508,16,-3,34
1761621675.9610507,3,1,31
1761621675.9990506,-2,2,35
1761621676.0350506,-4,-4,28
1761621676.0720508,-2,0,37
1761621676.1090508,1,-1,44
1761621676.1450508,4,-6,37
1761621676.1820507,-1,-1,41
1761621676.2200508,-8,-1,31
1761621676.2590508,-2,-8,40
1761621676.2950506,0,4,40
1761621676.3320508,-1,-1,32
1761621676.370051,3,2,33
1761621676.4080508,-2,-2,34
1761621676.4440508,-2,-3,35
1761621676.4810507,1,-7,35
1761621676.5200508,-3,-4,28
1761621676.5580506,3,-8,34
1761621676.5940506,3,-11,29
1761621676.6310508,-3,-2,37
1761621676.6690507,-1,-12,26
1761621676.7080507,10,-4,35
1761621676.7440507,3,1,34
1761621676.7810507,-2,2,37
1761621676.8190508,-6,-7,27
1761621676.8550508,-6,-4,15
1761621676.893051,-7,2,25
1761621676.9300506,1,0,36
1761621676.9680507,-9,-2,29
1761621677.0040507,-2,1,31
1761621677.041051,0,1,51
1761621677.0790508,-3,0,37
1761621677.1150508,-4,-4,39
1761621677.1520507,-4,1,36
1761621677.1900508,-5,-1,31
1761621677.2280507,0,5,34
1761621677.2640507,4,2,35
1761621677.301051,1,-4,37
1761621677.3400507,-3,-2,27
1761621677.3780508,-3,-4,28
1761621677.4140508,1,-7,30
1761621677.4510508,3,-6,43
1761621677.4900508,-2,-5,35
1761621677.528051,-2,-8,38
1761621677.564051,-2,-4,22
1761621677.6010506,3,-6,26
1761621677.6400506,2,-8,36
1761621677.6780508,-2,0,37
1761621677.7140508,0,-1,36
1761621677.7510507,-3,-1,32
1761621677.7900507,0,-4,32
1761621677.8280506,0,-5,36
1761621677.8640506,0,0,36
1761621677.9010508,-3,-3,34
1761621677.9400508,2,-3,35
1761621677.9780507,1,-1,32
1761621678.0140507,0,4,25
1761621678.051051,-1,-2,26
1761621678.0900507,-3,-2,38
1761621678.1260507,-2,-2,50
1761621678.1650507,-7,5,36
1761621678.2020507,-4,0,34
1761621678.2400508,-10,0,35
1761621678.2790508,-5,0,32
1761621678.3150508,-5,-3,41
1761621678.3520508,-1,-5,44
1761621678.3900506,2,-6,37
1761621678.4290507,-1,-7,40
1761621678.4650507,1,6,31
1761621678.5020506,6,0,31
1761621678.5400507,0,2,37
1761621678.5760508,-3,0,36
1761621678.6140506,0,2,18
1761621678.6510508,2,-1,36
1761621678.6900508,-2,0,35
1761621678.7260506,3,-5,34
1761621678.7630508,0,-5,34
1761621678.801051,1,-2,29
1761621678.8390508,1,0,36
1761621678.8750508,2,-4,28
1761621678.9120507,1,-7,32
1761621678.9500508,0,4,39
1761621678.9860508,-3,2,37
1761621679.0230508,-6,-1,34
1761621679.061051,-6,0,34
1761621679.1000507,-4,4,30
1761621679.1360507,-16,-7,28
1761621679.1750507,-8,5,36
1761621679.212051,-1,-2,41
1761621679.2510507,2,-4,45
1761621679.2890508,0,0,38
1761621679.3250508,3,5,28
1761621679.3620508,4,5,44
1761621679.4000506,-2,-1,41
1761621679.436051,0,-6,31
1761621679.4730508,4,0,41
1761621679.5110507,5,0,47
1761621679.5490508,0,-8,45
1761621679.5850508,3,-10,38
1761621679.6220508,4,-2,29
1761621679.6600506,3,0,34
1761621679.6960506,2,-1,35
1761621679.7330508,2,0,47
1761621679.7710507,-2,0,45
1761621679.8090508,5,2,37
1761621679.8460507,6,4,29
1761621679.883051,1,6,29
1761621679.9210508,0,2,38
1761621679.959051,-2,-2,42
1761621679.995051,2,-3,43
1761621680.0330508,2,-3,32
1761621680.0710506,0,0,32
1761621680.1090508,-8,0,34
1761621680.1460507,-8,1,34
1761621680.1830506,-2,1,29
1761621680.2210507,-1,1,21
1761621680.2590508,-5,-2,29
1761621680.2950506,3,4,30
1761621680.3320508,-2,4,30
1761621680.3710508,3,-2,34
1761621680.4090507,-2,-4,36
1761621680.4450507,-3,-2,40
1761621680.482051,-3,-1,30
1761621680.5210507,0,-7,31
1761621680.5570507,-2,-4,37
1761621680.5950508,-6,3,25
1761621680.633051,-4,4,40
1761621680.6710508,-1,-2,41
1761621680.7070508,-3,-2,32
1761621680.745051,-5,4,34
1761621680.7830508,-3,-8,40
1761621680.8210506,3,0,36
1761621680.857051,0,-4,27
1761621680.8940508,1,-6,43
1761621680.9320507,4,-10,36
1761621680.9700508,4,-8,28
1761621681.0060508,-3,-6,38
1761621681.0450506,-9,-10,28
1761621681.0820508,-4,2,37
1761621681.120051,-1,-3,39
1761621681.1560507,-1,0,37
1761621681.1930506,-4,-1,31
1761621681.232051,-1,-4,37
1761621681.2700508,7,-2,44
1761621681.3060508,1,-1,32
1761621681.3430507,3,-3,31
1761621681.3810508,3,-5,30
1761621681.4170508,0,-2,24
1761621681.4540508,4,-2,30
1761621681.4920506,5,-4,37
1761621681.5300508,-4,-4,31
1761621681.5660508,-9,0,33
1761621681.6030507,-5,0,29
1761621681.6420507,2,3,23
1761621681.6800506,-10,1,32
1761621681.7160506,-6,1,29
1761621681.7530508,-14,-4,32
1761621681.7920508,-6,3,39
1761621681.8300507,0,0,37
1761621681.8660507,7,0,23
1761621681.903051,1,0,39
1761621681.9420507,1,0,43
1761621681.9800508,-2,0,39
1761621682.0160508,-1,-4,29
1761621682.0530508,5,-2,28
1761621682.0910506,-1,-1,34
1761621682.1270506,-2,-5,31
1761621682.1640508,2,2,38
1761621682.2020507,0,-6,37
1761621682.2400508,-4,1,33
1761621682.2760508,-2,0,32
1761621682.314051,-1,-2,36
1761621682.3520508,3,3,34
1761621682.3900506,0,-1,31
1761621682.426051,0,-4,30
1761621682.4630508,5,1,39
1761621682.5010507,5,-5,28
1761621682.5370507,-4,-2,38
1761621682.5750508,-1,2,33
1761621682.6130507,0,0,32
1761621682.6510508,6,3,45
1761621682.6870508,1,0,29
1761621682.7250507,8,-4,34
1761621682.7620506,4,-8,29
1761621682.801051,2,-12,40
1761621682.837051,6,-6,31
1761621682.8750508,2,-5,35
1761621682.913051,-2,0,36
1761621682.9510508,-3,-4,39
1761621682.9870508,4,-2,42
1761621683.0250506,2,-5,43
1761621683.0620508,-7,0,29
1761621683.1010506,3,0,35
1761621683.1370506,1,-2,42
1761621683.1740508,1,-2,36
1761621683.212051,2,-3,33
1761621683.2480507,12,-4,25
1761621683.2850506,5,0,30
1761621683.3220508,-2,-5,25
1761621683.3610508,-2,-4,25
1761621683.3970506,1,0,23
1761621683.4350507,0,0,25
1761621683.4730508,0,-3,30
1761621683.5110507,0,-7,29
1761621683.5470507,-6,-6,28
1761621683.5850508,-8,-6,38
1761621683.6230507,-6,-3,45
1761621683.6620507,-3,1,35
1761621683.6980507,0,4,35
1761621683.735051,-1,1,24
1761621683.7730508,0,0,30
1761621683.811051,-8,0,30
1761621683.847051,3,-2,33
1761621683.8840508,2,-1,41
1761621683.9230506,0,-2,43
1761621683.9610507,0,-6,40
1761621683.9970508,-3,-8,37
1761621684.0350506,-1,-2,42
1761621684.074051,0,0,35
1761621684.1120508,0,3,37
1761621684.1480508,0,1,41
1761621684.1850507,1,0,25
1761621684.2230508,-3,-1,33
1761621684.2610507,-1,1,35
1761621684.2970507,-7,1,26
1761621684.334051,-5,-7,28
1761621684.3730507,-7,-5,31
1761621684.4110508,-8,-5,31
1761621684.4470508,-2,-5,31
1761621684.485051,-3,-8,31
1761621684.5230508,-4,-6,29
1761621684.5620508,-4,-5,42
1761621684.5980508,0,3,41
1761621684.6350508,1,0,50
1761621684.6730506,-6,0,40
1761621684.709051,-5,0,37
1761621684.7460508,-9,3,28
1761621684.7840507,-3,1,25
1761621684.8220508,-3,-2,36
1761621684.8580508,0,-2,41
1761621684.8960507,2,0,47
1761621684.9420507,-1,-6,28
1761621684.9780507,0,-7,32
1761621685.0160508,3,-6,28
1761621685.0540507,4,-5,39
1761621685.0920508,-1,-9,40
1761621685.1280508,0,-3,46
1761621685.166051,2,-3,28
1761621685.2030506,-3,0,32
1761621685.2420506,5,0,34
1761621685.278051,4,-4,39
1761621685.3150508,-2,-5,36
1761621685.3530507,-1,-7,34
1761621685.3920507,4,-1,42
1761621685.4280508,3,-9,32
1761621685.4660506,-2,0,35
1761621685.5040507,-3,0,42
1761621685.5420508,-3,-2,37
1761621685.5780506,4,-1,29
1761621685.6160507,-2,-1,26
1761621685.6540508,7,1,30
1761621685.6920507,0,1,40
1761621685.7280507,3,2,35
1761621685.7650506,4,-1,27
1761621685.8040507,0,-4,26
1761621685.8420508,-5,1,37
1761621685.8780508,-5,-4,38
1761621685.916051,4,-3,34
1761621685.9540508,0,-12,21
1761621685.9920506,-6,-4,43
1761621686.028051,-5,0,49
1761621686.0650508,-3,-2,35
1761621686.1040506,-10,1,36
1761621686.1420507,-5,1,32
1761621686.1780508,-3,1,31
1761621686.2150507,-13,2,35
1761621686.2530508,3,0,43
1761621686.2890508,3,-1,38
1761621686.3260508,3,-1,18
1761621686.3640506,0,-1,31
1761621686.4020507,1,3,42
1761621686.4380507,4,0,26
1761621686.4750507,-11,0,28
1761621686.5130508,-4,6,44
1761621686.5490508,3,3,43
1761621686.587051,-1,-4,26
1761621686.6240506,3,-2,30
1761621686.6620507,-2,-7,29
1761621686.6980507,-2,-1,26
1761621686.735051,-1,1,33
1761621686.7730508,-4,-1,34
1761621686.8090508,-7,1,37
1761621686.8460507,-9,-3,28
1761621686.8840508,0,-4,36
1761621686.9200506,0,-2,32
1761621686.9570508,0,0,23
1761621686.9940507,-2,2,34
1761621687.0300508,0,-4,32
1761621687.0670507,4,-4,41
1761621687.1050508,0,5,36
1761621687.143051,2,-5,31
1761621687.1790507,-3,-4,30
1761621687.2160506,-7,-2,35
1761621687.2540507,-10,3,38
1761621687.2900507,-4,0,40
1761621687.3280506,-1,-4,48
1761621687.3660507,0,5,39
1761621687.4040508,0,9,27
1761621687.4400508,2,5,36
1761621687.4780507,-2,0,36
1761621687.5150506,-5,-8,40
1761621687.5540507,-8,0,36
1761621687.5900507,-4,-1,33
1761621687.6280508,-2,4,39
1761621687.6650507,0,3,43
1761621687.7030506,-3,-2,29
1761621687.7390506,-3,-1,28
1761621687.7760508,6,2,38
1761621687.814051,4,-4,33
1761621687.8500507,-4,-5,34
1761621687.8880508,-8,1,35
1761621687.9250507,-7,-7,44
1761621687.9640508,2,-4,36
1761621688.0000508,-4,0,26
1761621688.038051,2,1,26
1761621688.0750508,0,0,22
1761621688.1130507,0,-9,29
1761621688.1490507,-2,-3,39
1761621688.186051,-2,-1,27
1761621688.2250507,-4,0,44
1761621688.2630508,0,-3,42
1761621688.2990508,-4,2,30
1761621688.3360507,2,-1,27
1761621688.3740506,6,-8,32
1761621688.4100506,3,-2,28
1761621688.4470508,4,-1,30
1761621688.485051,5,-4,35
1761621688.5230508,1,-1,23
1761621688.5590508,0,0,40
1761621688.5960507,-6,7,40
1761621688.6350508,0,-5,42
1761621688.6730506,-3,3,35
1761621688.709051,-3,5,41
1761621688.7470508,2,6,38
1761621688.7850506,5,0,35
1761621688.8230507,-1,2,30
1761621688.8590508,-4,-3,36
1761621688.8970506,-1,-5,42
1761621688.9350507,0,-4,38
1761621688.9710507,1,-1,21
1761621689.008051,-2,-2,34
1761621689.0460508,-4,2,25
1761621689.0850508,5,0,42
1761621689.1210508,5,-2,38
1761621689.1580508,3,0,26
1761621689.1970508,2,0,38
1761621689.235051,1,0,37
1761621689.2710507,2,-1,23
1761621689.3080506,5,-6,32
1761621689.3460507,-4,-4,36
1761621689.3850508,0,-1,35
1761621689.4210508,-2,2,27
1761621689.4580507,4,-1,21
1761621689.4960508,-4,-3,34
1761621689.5350506,-2,0,20
1761621689.5710506,-5,2,27
1761621689.6080508,-5,-5,29
1761621689.6460507,-2,-3,29
1761621689.6850507,0,-3,30
1761621689.7210507,3,-3,24
1761621689.758051,-2,1,45
1761621689.7960508,11,2,42
1761621689.834051,-1,7,43
1761621689.870051,-6,2,40
1761621689.9070508,7,3,37
1761621689.9450507,5,7,37
1761621689.9810507,-4,3,38
1761621690.018051,-3,-6,32
1761621690.0560508,-1,-3,43
1761621690.0950508,0,-5,49
1761621690.1310508,-4,-6,52
1761621690.1690507,-3,-6,48
1761621690.2060506,3,-3,31
1761621690.2440507,4,-1,31
1761621690.2800508,2,1,35
1761621690.3170507,-5,-4,37
1761621690.3560507,-6,-5,39
1761621690.3940508,2,0,33
1761621690.4300506,6,2,27
1761621690.4670508,10,6,28
1761621690.505051,0,1,32
1761621690.541051,0,2,40
1761621690.5780506,2,2,29
1761621690.6160507,0,0,33
1761621690.6540508,-1,2,36
1761621690.6900508,-1,2,41
1761621690.7280507,2,-3,41
1761621690.7660508,1,-2,34
1761621690.8040507,3,-1,47
1761621690.8400507,2,-1,40
1761621690.8780508,3,0,43
1761621690.916051,0,-6,25
1761621690.9540508,-2,-6,46
1761621690.9900508,6,-3,38
1761621691.0270507,8,-7,34
1761621691.0660508,2,4,34
1761621691.1020508,0,0,33
1761621691.1400506,-5,0,21
1761621691.1780508,-4,6,22
1761621691.2160506,-3,2,28
1761621691.2540507,-3,0,37
1761621691.2900507,-2,1,29
1761621691.3270507,0,-2,25
1761621691.3650508,5,-2,34
1761621691.4010508,4,0,37
1761621691.4380507,2,3,29
1761621691.4760506,0,6,28
1761621691.5120506,1,-1,41
1761621691.5490508,-4,2,30
1761621691.5860507,0,-6,31
1761621691.6220508,-5,-2,32
1761621691.6590507,4,3,32
1761621691.6970508,3,1,22
1761621691.735051,0,6,26
1761621691.7710507,-8,0,30
1761621691.8080506,-1,-1,41
1761621691.8460507,6,-4,37
1761621691.8820508,-1,-3,34
1761621691.9190507,2,-7,29
1761621691.9560506,2,0,22
1761621691.9920506,3,2,31
1761621692.0290508,6,1,34
1761621692.0670507,8,4,38
1761621692.1050508,3,-4,48
1761621692.1410508,10,-4,36
1761621692.1790507,0,1,28
1761621692.2170508,0,-3,36
1761621692.255051,0,0,28
1761621692.291051,-5,5,42
1761621692.3290508,5,1,47
1761621692.3670506,3,1,44
1761621692.4050508,1,1,30
1761621692.4410508,-3,-4,40
1761621692.4790506,4,-1,34
1761621692.5170507,0,-1,25
1761621692.5550506,0,-2,35
1761621692.5910506,0,-6,36
1761621692.6290507,3,-5,36
1761621692.6670508,-3,-3,42
1761621692.7050507,0,0,41
1761621692.7410507,1,-3,40
1761621692.7790508,0,-4,43
1761621692.8170507,-5,-8,33
1761621692.8550508,-5,-5,28
1761621692.8910508,0,-2,30
1761621692.9280508,-1,-1,38
1761621692.9670508,-1,4,34
1761621693.005051,4,7,30
1761621693.041051,3,-2,25
1761621693.0780506,3,0,29
1761621693.1160507,2,-2,31
1761621693.1520507,-2,2,29
1761621693.189051,-3,0,42
1761621693.2270508,0,0,38
1761621693.2660508,-12,-4,35
1761621693.3020508,-2,4,18
1761621693.3390508,-6,0,26
1761621693.3770506,5,-1,33
1761621693.413051,3,-3,32
1761621693.4500508,-1,-5,38
1761621693.4880507,-5,-2,37
1761621693.5270507,-5,-15,27
1761621693.5630507,-2,-3,38
1761621693.6000507,-3,0,33
1761621693.6380508,-2,0,28
1761621693.676051,3,-3,25
1761621693.712051,0,4,33
1761621693.7500508,-4,-2,39
1761621693.788051,-1,-4,36
1761621693.8270507,-3,0,34
1761621693.8630507,0,-3,41
1761621693.9000506,-3,-6,38
1761621693.9380507,-9,-1,37
1761621693.9770508,-3,-2,41
1761621694.0130508,-1,-1,40
1761621694.0500507,-9,-6,37
1761621694.0880508,4,0,40
1761621694.1260507,-3,-1,33
1761621694.1620507,1,0,32
1761621694.199051,-4,-1,39
1761621694.2380507,0,0,30
1761621694.2760508,7,5,35
1761621694.3120508,10,0,36
1761621694.3490508,5,-6,44
1761621694.3870506,7,-3,31
1761621694.4230506,5,-2,39
1761621694.4600508,-7,-7,35
1761621694.4980507,0,-8,29
1761621694.5360508,-2,-5,29
1761621694.5720508,-2,0,30
1761621694.6090508,-5,-2,36
1761621694.6480508,-5,0,34
1761621694.686051,2,8,27
1761621694.722051,5,2,25
1761621694.7590508,-1,-1,32
1761621694.7980506,-1,-3,32
1761621694.8360507,-2,0,27
1761621694.8720508,0,1,29
1761621694.9090507,0,0,20
1761621694.9530506,3,-6,35
1761621694.9920506,0,-7,35
1761621695.0290508,3,-7,25
1761621695.0680506,0,-1,26
1761621695.1060507,1,4,33
1761621695.1420507,0,1,37
1761621695.1790507,1,3,39
1761621695.2170508,4,-3,34
1761621695.2530508,3,0,27
1761621695.2900507,1,-3,25
1761621695.3280506,-1,-1,25
1761621695.3660507,1,-7,36
1761621695.4020507,0,-4,42
1761621695.439051,6,-2,24
1761621695.4780507,-2,0,22
1761621695.5140507,-3,-4,27
1761621695.551051,5,-2,30
1761621695.5890508,0,-8,34
1761621695.6270506,-7,-2,32
1761621695.663051,1,-1,33
1761621695.7000508,5,-1,32
1761621695.7380507,7,-4,33
1761621695.7740507,0,0,45
1761621695.811051,1,0,29
1761621695.8480508,1,-1,35
1761621695.8870506,-3,-3,35
1761621695.9230506,5,-5,32
1761621695.9600508,1,-4,32
1761621695.9980507,2,4,31
1761621696.0340507,0,2,36
1761621696.0710506,-4,-4,44
1761621696.1090508,-4,-4,31
1761621696.1480508,-4,-3,32
1761621696.1840508,0,-3,27
1761621696.2210507,2,-1,37
1761621696.2590508,3,-8,43
1761621696.2980506,0,-5,26
1761621696.334051,-1,-2,24
1761621696.3710508,0,3,22
1761621696.4090507,0,0,37
1761621696.4470508,-4,0,28
1761621696.4830508,-6,-1,27
1761621696.5210507,0,-3,37
1761621696.5590508,3,-3,40
1761621696.5980508,-10,-1,37
1761621696.6340508,-3,-3,33
1761621696.6710508,2,1,36
1761621696.709051,0,-2,34
1761621696.7480507,-1,-5,27
1761621696.7840507,0,-3,32
1761621696.8210506,1,-7,39
1761621696.8590508,0,-8,37
1761621696.8970506,-6,-11,27
1761621696.9330506,-1,-2,34
1761621696.9700508,1,-5,27
1761621697.008051,2,4,26
1761621697.0440507,-3,-3,31
1761621697.0820508,-3,-3,32
1761621697.120051,-6,-5,47
1761621697.1590507,-3,-1,41
1761621697.1970508,0,0,32
1761621697.2330508,-2,5,24
1761621697.2700508,0,0,21
1761621697.3080506,-3,-2,32
1761621697.3440506,-3,-11,31
1761621697.3810508,2,0,43
1761621697.4190507,1,1,32
1761621697.4570508,2,3,20
1761621697.4930508,1,5,24
1761621697.5300508,-1,-1,31
1761621697.5690508,0,-2,36
1761621697.6050508,5,2,36
1761621697.6420507,5,0,35
1761621697.6790507,1,-4,28
1761621697.7150507,-1,-1,31
1761621697.7530508,-5,1,29
1761621697.7900507,-1,-1,32
1761621697.8290508,2,4,35
1761621697.8650508,-1,-4,21
1761621697.903051,6,-3,27
1761621697.9410508,0,2,22
1761621697.9790506,3,2,29
1761621698.0150506,2,0,32
1761621698.0520508,-1,-3,28
1761621698.0900507,-4,-2,34
1761621698.1290507,-4,-2,30
1761621698.166051,-10,4,42
1761621698.2030506,-2,2,36
1761621698.2400508,-3,-1,36
1761621698.2790508,0,-4,50
1761621698.3160508,-1,-3,38
1761621698.3530507,2,0,32
1761621698.3910508,2,5,39
1761621698.4290507,2,0,42
1761621698.4650507,5,-5,34
1761621698.5020506,0,-5,44
1761621698.541051,-6,-1,37
1761621698.5790508,-10,1,21
1761621698.6160507,0,3,24
1761621698.653051,-7,0,28
1761621698.6910508,0,-1,26
1761621698.7290506,0,0,34
1761621698.7650506,2,-4,23
1761621698.8020508,3,-1,32
1761621698.8400507,-1,-5,38
1761621698.8780508,0,2,39
1761621698.9140508,8,-1,40
1761621698.9520507,-3,0,38
1761621698.9900508,-6,-3,37
1761621699.028051,-8,-3,38
1761621699.064051,-9,-4,40
1761621699.1020508,-8,1,33
1761621699.1400506,-2,0,27
1761621699.1780508,-1,4,36
1761621699.2140508,-2,0,41
1761621699.2520506,7,3,30
1761621699.2900507,3,3,33
1761621699.3280506,-2,-1,41
1761621699.3640506,-6,-1,43
1761621699.4020507,-3,0,33
1761621699.4400508,1,0,32
1761621699.4780507,-4,-5,29
1761621699.5140507,-4,3,40
1761621699.5520508,1,4,31
1761621699.5900507,2,-7,29
1761621699.6280508,0,-1,37
1761621699.6640508,5,-8,32
1761621699.7020507,0,-1,23
1761621699.7400508,-3,0,23
1761621699.7790508,4,6,21
1761621699.8150508,3,7,23
1761621699.8530507,1,-2,31
1761621699.8900506,-1,0,34
1761621699.926051,-5,-2,24
1761621699.9630508,-6,-5,39
1761621700.0010507,-3,-3,34
1761621700.0400507,-1,-7,42
1761621700.0760508,5,-10,39
1761621700.1130507,-4,-4,34
1761621700.1510508,-4,1,19
1761621700.189051,0,-9,28
1761621700.2250507,1,-6,34
1761621700.2620506,0,-3,26
1761621700.3000507,-11,0,37
1761621700.3360507,-6,0,41
1761621700.3730507,4,-4,38
1761621700.4100506,0,0,41
1761621700.4460506,-4,7,38
1761621700.4840508,-1,2,28
1761621700.5210507,2,-9,29
1761621700.5590508,1,-3,33
1761621700.5950508,1,1,32
1761621700.6320508,2,1,29
1761621700.6700506,-5,4,28
1761621700.7060506,0,5,34
1761621700.7430508,-2,-1,29
1761621700.7810507,2,-2,41
1761621700.8200507,2,-1,33
1761621700.8560507,5,0,36
1761621700.893051,0,0,40
1761621700.9310508,1,1,37
1761621700.9690506,6,3,35
1761621701.005051,8,5,30
1761621701.0420508,6,2,38
1761621701.0800507,3,-6,29
1761621701.1160507,1,-8,35
1761621701.153051,-2,-5,43
1761621701.1910508,-1,5,47
1761621701.2300508,0,-4,40
1761621701.2660508,-1,0,29
1761621701.3030508,0,3,49
1761621701.3410506,3,-2,39
1761621701.3790507,-1,0,28
1761621701.4150507,-3,2,30
1761621701.4530506,2,-9,26
1761621701.4910507,-1,0,32
1761621701.5290508,3,-4,37
1761621701.5650508,5,-1,36
1761621701.6030507,2,-4,23
1761621701.6410508,-2,-1,31
1761621701.6790507,-1,3,44
1761621701.7150507,3,-1,44
1761621701.7520506,-4,-4,50
1761621701.791051,0,-6,48
1761621701.8290508,0,-2,37
1761621701.8650508,3,-5,22
1761621701.9020507,-1,1,28
1761621701.9400508,2,-4,28
1761621701.9760506,7,-5,26
1761621702.0130508,6,-6,47
1761621702.051051,-2,0,28
1761621702.087051,-8,4,32
1761621702.1240506,3,1,45
1761621702.1610508,0,0,38
1761621702.1970508,2,-5,37
1761621702.235051,-2,-10,39
1761621702.2720506,-1,-5,41
1761621702.311051,-4,-9,31
1761621702.347051,0,-5,34
1761621702.3840508,0,-4,31
1761621702.4220507,1,-6,35
1761621702.4600508,-9,-5,32
1761621702.4960508,-6,-5,35
1761621702.5330508,-4,-1,27
1761621702.5710506,-1,5,28
1761621702.610051,9,-2,22
1761621702.6460507,0,-3,37
1761621702.6830506,3,-1,31
1761621702.7210507,-3,-2,20
1761621702.7570508,1,0,26
1761621702.7940507,0,-7,33
1761621702.8310506,-3,-8,32
1761621702.870051,-4,-6,34
1761621702.9060507,-3,0,35
1761621702.9430506,0,-4,28
1761621702.9810507,8,-4,22
1761621703.0170507,2,1,22
1761621703.0540507,-2,-2,26
1761621703.0920508,0,-4,32
1761621703.1310508,-1,-1,24
1761621703.1670508,7,-5,26
1761621703.2040508,4,5,30
1761621703.2420506,-2,1,23
1761621703.2800508,2,0,38
1761621703.3160508,-3,-1,28
1761621703.3540506,-2,0,40
1761621703.3920507,-13,1,37
1761621703.4300506,-2,-1,26
1761621703.4660506,-10,0,33
1761621703.5040507,3,-2,35
1761621703.5420508,5,0,37
1761621703.5800507,6,0,37
1761621703.6160507,-1,4,29
1761621703.6540508,0,1,27
1761621703.6920507,4,2,35
1761621703.7300508,5,0,39
1761621703.7660508,3,-8,28
1761621703.8030508,-1,-7,35
1761621703.8420508,3,-4,41
1761621703.880051,3,2,34
1761621703.916051,0,-1,34
1761621703.9530506,3,-1,23
1761621703.9920506,0,4,36
1761621704.0300508,-1,-2,46
1761621704.0660508,-1,-5,42
1761621704.1030507,-2,0,17
1761621704.1410508,3,2,23
1761621704.1770508,-3,1,28
1761621704.2140508,7,-6,31
1761621704.2520506,6,1,39
1761621704.288051,-6,5,39
1761621704.3250508,-12,4,33
1761621704.3630507,-3,2,39
1761621704.4020507,4,1,45
1761621704.4380507,6,-1,44
1761621704.4760506,-6,-2,30
1761621704.5140507,-2,1,33
1761621704.5520508,2,-8,37
1761621704.5880508,0,-5,39
1761621704.6250508,0,-3,37
1761621704.6620507,-11,2,35
1761621704.6980507,-3,-1,25
1761621704.735051,-4,-3,25
1761621704.7730508,0,-3,27
1761621704.811051,2,0,34
1761621704.847051,4,-5,35
1761621704.8840508,7,-3,36
1761621704.9220507,6,-6,36
1761621704.9660506,1,0,33
1761621705.0040507,-5,1,37
1761621705.0420508,-2,4,25
1761621705.0780506,-2,-1,28
1761621705.1150508,-4,0,24
1761621705.153051,-1,2,15
1761621705.1910508,-6,0,35
1761621705.2270508,-8,5,34
1761621705.2640507,-1,-1,28
1761621705.3030508,-3,-4,28
1761621705.3410506,0,0,22
1761621705.3770506,-1,5,23
1761621705.4150507,3,3,36
1761621705.4530506,0,-9,29
1761621705.4910507,-1,1,31
1761621705.5270507,-1,-4,25
1761621705.5650508,-4,-9,22
1761621705.6030507,-3,-1,26
1761621705.6420507,-1,-6,30
1761621705.6780508,2,-4,30
1761621705.7150507,0,0,33
1761621705.7530508,3,-1,32
1761621705.791051,-4,2,37
1761621705.8270507,-2,-1,34
1761621705.8640506,5,3,28
1761621705.9020507,-1,0,23
1761621705.9380507,-2,-2,20
1761621705.9750507,0,6,30
1761621706.0130508,3,-4,26
1761621706.051051,0,0,37
1761621706.087051,-3,0,34
1761621706.1240506,-3,1,37
1761621706.1620507,-3,-5,32
1761621706.1980507,0,-9,36
1761621706.235051,7,-4,44
1761621706.2730508,4,-2,37
1761621706.3090508,-5,-7,43
1761621706.347051,-4,-3,20
1761621706.3850508,3,-5,22
1761621706.4230506,3,0,33
1761621706.459051,5,-5,32
1761621706.4980507,-2,-4,32
1761621706.5350506,-3,4,33
1761621706.574051,-6,0,35
1761621706.6120508,-1,-3,31
1761621706.6480508,-2,-6,29
1761621706.6850507,-5,-6,33
1761621706.7240508,-1,2,39
1761621706.7620506,-4,1,30
1761621706.7980506,-4,-2,35
1761621706.8350508,-5,-5,34
1761621706.8730507,-2,-4,41
1761621706.9120507,3,2,31
1761621706.9480507,0,0,40
1761621706.985051,0,-8,41
1761621707.0230508,1,-5,40
1761621707.0590508,0,0,41
1761621707.0960507,7,4,26
1761621707.133051,0,-2,26
1761621707.1690507,-3,3,39
1761621707.2060506,-4,3,32
1761621707.2440507,0,-3,39
1761621707.2820508,-3,-4,33
1761621707.3180506,3,-6,40
1761621707.3560507,6,-7,38
1761621707.3950508,-4,0,31
1761621707.4330506,1,-1,35
1761621707.4690506,0,-5,34
1761621707.5060508,-3,3,28
1761621707.5440507,1,5,39
1761621707.5820508,-1,4,44
1761621707.6180508,3,-3,38
1761621707.6550508,-2,-5,34
1761621707.6940508,-8,0,28
1761621707.732051,-3,-6,30
1761621707.768051,0,-8,34
1761621707.8050506,-4,-8,40
1761621707.8440506,3,0,41
1761621707.8820508,5,0,45
1761621707.9180508,-1,0,30
1761621707.9550507,-1,-5,37
1761621707.9940507,-5,-5,42
1761621708.0320508,0,-5,32
1761621708.0680506,-2,-5,27
1761621708.1050508,0,3,25
1761621708.143051,0,-1,28
1761621708.1790507,8,-1,38
1761621708.2160506,2,-3,23
1761621708.2540507,10,1,27
1761621708.2920508,-6,1,26
1761621708.3280506,-1,3,38
1761621708.3660507,-2,11,36
1761621708.4050508,-7,0,33
1761621708.4430506,-1,-10,34
1761621708.4790506,0,-7,36
1761621708.5160508,-1,0,37
1761621708.5540507,0,0,26
1761621708.5900507,0,-3,19
1761621708.6270506,-7,-2,21
1761621708.6650507,-4,-6,31
1761621708.7040508,4,-1,30
1761621708.7400508,1,1,30
1761621708.7770507,-4,-4,39
1761621708.8150508,4,-12,38
1761621708.8530507,-3,-2,41
1761621708.8890507,-5,-2,39
1761621708.926051,-7,0,31
1761621708.9640508,-9,0,28
1761621709.0000508,-14,8,29
1761621709.0370507,-6,0,29
1761621709.074051,2,-2,37
1761621709.110051,3,-3,33
1761621709.1480508,-5,-1,36
1761621709.186051,-5,0,37
1761621709.2240508,-13,0,41
1761621709.2600508,-8,-1,29
1761621709.2970507,-9,-3,28
1761621709.3350508,-4,-2,41
1761621709.3740506,-10,0,30
1761621709.4100506,-7,-3,30
1761621709.4470508,-2,0,34
1761621709.485051,-2,-4,28
1761621709.5230508,0,-1,29
1761621709.5590508,6,-1,29
1761621709.597051,-1,0,40
1761621709.6350508,2,0,38
1761621709.6730506,0,0,36
1761621709.709051,-4,-9,41
1761621709.7470508,0,-7,25
1761621709.7850506,-5,-10,43
1761621709.824051,-5,-3,37
1761621709.860051,4,0,33
1761621709.8970506,2,1,37
1761621709.9350507,0,-7,31
1761621709.9730508,-2,-12,31
1761621710.0090508,-2,-7,30
1761621710.0460508,-2,-10,30
1761621710.0850508,-5,-8,36
1761621710.1230507,1,-2,35
1761621710.1590507,-3,-4,33
1761621710.1970508,5,-4,35
1761621710.235051,-1,-8,30
1761621710.2730508,-2,-2,27
1761621710.3090508,-1,3,36
1761621710.3460507,-1,1,36
1761621710.3850508,-3,4,27
1761621710.4230506,0,-2,23
1761621710.459051,-1,0,27
1761621710.4970508,2,2,38
1761621710.5350506,5,6,36
1761621710.5730507,1,-2,29
1761621710.6090508,-2,1,34
1761621710.6460507,-7,0,23
1761621710.6850507,3,1,27
1761621710.7210507,5,-1,26
1761621710.758051,6,-5,23
1761621710.7950506,0,0,34
1761621710.834051,-7,1,28
1761621710.870051,-9,2,25
1761621710.9070508,-1,-1,33
1761621710.9460506,2,-4,36
1761621710.9840508,5,-3,38
1761621711.0200508,1,1,25
1761621711.0570507,0,-1,25
1761621711.0950508,4,7,28
1761621711.1310508,8,2,36
1761621711.1680508,0,5,42
1761621711.2050507,1,0,35
1761621711.2410507,1,-2,29
1761621711.278051,4,-8,45
1761621711.3160508,0,0,30
1761621711.3540506,4,-9,29
1761621711.3900506,7,-14,18
1761621711.4270508,-2,-6,30
1761621711.4650507,0,-3,29
1761621711.5010507,2,-5,35
1761621711.538051,1,-7,34
1761621711.5760508,0,2,28
1761621711.6140506,1,1,27
1761621711.6500506,-1,1,30
1761621711.6870508,2,-2,28
1761621711.7250507,10,0,36
1761621711.7610507,7,4,37
1761621711.7980506,-1,0,40
1761621711.8360507,-8,1,31
1761621711.8740506,-4,-2,37
1761621711.9100506,-1,0,37
1761621711.9480507,-11,-1,31
1761621711.9860508,1,0,40
1761621712.0240507,2,-6,42
1761621712.0600507,-3,0,44
1761621712.097051,-4,0,31
1761621712.1360507,-7,1,25
1761621712.1740508,0,0,23
1761621712.2100508,-2,-1,26
1761621712.2470508,-1,-5,34
1761621712.2860508,-1,1,25
1761621712.324051,0,4,38
1761621712.360051,2,2,35
1761621712.3970506,0,6,40
1761621712.4350507,1,2,44
1761621712.4710507,2,-3,42
1761621712.508051,1,-4,25
1761621712.5460508,0,3,27
1761621712.584051,6,7,34
1761621712.620051,9,3,46
1761621712.6570508,0,0,42
1761621712.6950507,1,-3,45
1761621712.732051,-6,-7,33
1761621712.7690508,3,-7,29
1761621712.8060508,2,-4,21
1761621712.8420508,2,-2,17
1761621712.8790507,-1,-2,28
1761621712.9170508,-3,-1,26
1761621712.9560506,0,-3,27
1761621712.9920506,2,-8,40
1761621713.0290508,-3,-8,34
1761621713.0670507,-1,0,37
1761621713.1050508,3,2,33
1761621713.1410508,0,-1,36
1761621713.1780508,-4,0,34
1761621713.2160506,2,-2,24
1761621713.2520506,6,-5,29
1761621713.2890508,3,-1,36
1761621713.3270507,-3,-4,24
1761621713.3660507,1,0,25
1761621713.4020507,-2,-4,24
1761621713.439051,-6,-3,33
1761621713.4770508,-2,2,29
1761621713.5150506,1,-1,34
1761621713.551051,4,-1,42
1761621713.5900507,1,1,35
1761621713.6270506,-2,-2,34
1761621713.666051,-6,-2,24
1761621713.7020507,-5,-5,28
1761621713.7390506,-4,8,29
1761621713.7770507,-4,1,36
1761621713.8150508,-2,0,31
1761621713.8510506,-5,0,37
1761621713.8880508,-1,-1,43
1761621713.9270508,-3,0,32
1761621713.9650507,-3,-3,37
1761621714.0010507,-5,-7,32
1761621714.0390508,0,-8,39
1761621714.0770507,-1,-1,42
1761621714.1160507,0,2,33
1761621714.1520507,7,-1,28
1761621714.189051,5,-4,32
1761621714.2270508,0,4,42
1761621714.2650506,1,-1,41
1761621714.301051,0,7,39
1761621714.3380508,0,0,41
1761621714.3760507,0,-5,49
1761621714.4120507,5,-7,37
1761621714.4500508,0,0,42
1761621714.4870508,-5,6,43
1761621714.5260508,-7,4,44
1761621714.5620508,0,1,35
1761621714.5990508,-3,1,25
1761621714.6370506,-5,-7,36
1761621714.676051,7,0,33
1761621714.712051,7,7,31
1761621714.7500508,-1,6,39
1761621714.7870507,3,-2,33
1761621714.8250508,0,-4,34
1761621714.8610508,-2,0,33
1761621714.8980508,-2,3,27
1761621714.9370508,-1,5,26
1761621714.9810507,-4,-4,35
1761621715.0190508,-5,-2,32
1761621715.0580506,2,-2,35
1761621715.0960507,1,0,43
1761621715.1320508,2,3,35
1761621715.1700506,1,0,32
1761621715.2070508,0,-1,43
1761621715.2460508,-3,-6,37
1761621715.2820508,-2,-6,28
1761621715.3190508,-6,-6,32
1761621715.3580508,6,-1,32
1761621715.3960507,7,2,36
1761621715.4320507,0,1,39
1761621715.4690506,9,4,28
1761621715.5070508,-2,5,33
1761621715.5430508,0,1,29
1761621715.5800507,-1,0,45
1761621715.6170506,0,2,39
1761621715.653051,4,1,39
1761621715.6900508,0,6,34
1761621715.7280507,0,0,29
1761621715.7660508,-2,2,26
1761621715.8020508,1,5,38
1761621715.8390508,5,2,34
1761621715.8770506,-6,0,23
1761621715.913051,-9,0,34
1761621715.9510508,0,0,23
1761621715.9880507,4,3,28
1761621716.0260508,6,1,32
1761621716.0620508,0,-5,34
1761621716.0990508,0,1,37
1761621716.1370506,-1,0,37
1761621716.1730506,0,1,28
1761621716.2100508,-4,-3,42
1761621716.2480507,0,-6,37
1761621716.2870507,3,-5,31
1761621716.3230507,0,0,37
1761621716.360051,-1,-7,26
1761621716.3980508,-3,-2,29
1761621716.4370508,-2,2,33
1761621716.4730508,-1,-2,26
1761621716.5100508,1,-1,41
1761621716.5480506,0,-7,49
1761621716.5860507,6,0,31
1761621716.6220508,1,-1,32
1761621716.6600506,-4,-5,33
1761621716.6980507,0,1,23
1761621716.7360508,0,-3,24
1761621716.7720506,-2,1,44
1761621716.8090508,-3,1,32
1761621716.8480508,0,2,34
1761621716.8860507,0,2,40
1761621716.9220507,1,0,52
1761621716.9600508,-7,-1,40
1761621716.9980507,-7,-3,33
1761621717.0360508,1,-4,33
1761621717.0720508,0,0,28
1761621717.1090508,3,-4,27
1761621717.1480508,2,-1,36
1761621717.186051,-5,0,30
1761621717.222051,-9,-3,25
1761621717.2590508,-1,0,31
1761621717.2970507,4,-10,36
1761621717.3330507,-6,-7,36
1761621717.370051,-9,-5,21
1761621717.4080508,0,-8,42
1761621717.4470508,-1,-1,41
1761621717.4830508,-3,-1,43
1761621717.5210507,1,-3,40
1761621717.5590508,5,-3,40
1761621717.597051,4,-8,30
1761621717.633051,10,-9,39
1761621717.6700506,4,3,31
1761621717.7080507,-5,3,32
1761621717.7440507,0,-8,38
1761621717.7810507,3,2,34
1761621717.8180506,0,-2,28
1761621717.8540506,-2,-9,33
1761621717.8910508,-7,-2,37
1761621717.9290507,-6,-5,37
1761621717.9680507,0,0,25
1761621718.0040507,-7,0,29
1761621718.041051,-1,-6,34
1761621718.0790508,2,-4,22
1761621718.1180508,-3,3,34
1761621718.1540508,-1,2,33
1761621718.1910508,-14,1,36
1761621718.2290506,-2,-2,40
1761621718.2670507,-2,-4,32
1761621718.3030508,3,-5,36
1761621718.3400507,5,-3,26
1761621718.3780508,0,1,36
1761621718.4140508,0,0,38
1761621718.4510508,3,0,36
1761621718.4890506,0,0,40
1761621718.5270507,1,4,36
1761621718.5630507,-1,-1,35
1761621718.6010506,1,-1,36
1761621718.6390507,0,3,27
1761621718.6770508,0,-4,29
1761621718.7140508,10,-4,31
1761621718.7510507,2,0,24
1761621718.7890508,-3,0,32
1761621718.8270507,-2,3,44
1761621718.8630507,1,0,34
1761621718.9000506,3,-5,21
1761621718.939051,3,-7,27
1761621718.9770508,2,-4,41
1761621719.0130508,5,-3,46
1761621719.051051,-3,4,33
1761621719.0890508,2,-3,28
1761621719.1270506,-1,-6,23
1761621719.163051,0,-9,39
1761621719.2010508,-3,-1,32
1761621719.2390506,-3,-8,30
1761621719.278051,0,-3,37
1761621719.314051,-1,-7,20
1761621719.3510506,-1,0,26
1761621719.3890507,-3,0,30
1761621719.4250507,-1,-1,30
1761621719.462051,-2,0,30
1761621719.4990506,-6,0,27
1761621719.5350506,-1,0,34
1761621719.5730507,-8,-10,39
1761621719.6110508,-5,-8,43
1761621719.6490507,3,-3,46
1761621719.6850507,5,-3,38
1761621719.722051,1,-9,40
1761621719.7600508,1,-8,28
1761621719.7980506,0,-9,29
1761621719.8350508,3,-9,15
1761621719.8720508,2,-6,30
1761621719.9100506,4,-5,35
1761621719.9480507,0,-8,28
1761621719.9840508,6,-2,36
1761621720.0230508,5,-5,22
1761621720.0600507,3,0,24
1761621720.0980508,-3,0,29
1761621720.1340508,3,-3,30
1761621720.1710508,-3,-6,32
1761621720.209051,-2,-4,34
1761621720.2480507,0,0,32
1761621720.2840507,1,0,24
1761621720.3210506,0,-3,28
1761621720.3590508,0,-2,38
1761621720.3950508,4,0,34
1761621720.4320507,-4,3,37
1761621720.4700508,-8,-5,34
1761621720.5090508,0,-1,29
1761621720.5450506,0,-2,30
1761621720.5820508,2,-5,37
1761621720.620051,6,-5,34
1761621720.6580508,-4,-7,38
1761621720.6940508,-6,-6,47
1761621720.7310507,-6,-11,34
1761621720.7700508,-3,-8,41
1761621720.8080506,-1,-2,43
1761621720.8440506,-5,-1,34
1761621720.8820508,-2,0,29
1761621720.9200506,-8,-7,21
1761621720.959051,2,-2,21
1761621720.995051,2,3,27
1761621721.0320508,1,-1,31
1761621721.0700507,-1,-6,28
1761621721.1090508,-1,-1,39
1761621721.1480508,-3,-4,35
1761621721.1840508,-1,-2,34
1761621721.222051,4,-2,35
1761621721.2600508,1,-2,34
1761621721.2980506,1,0,25
1761621721.334051,0,-2,24
1761621721.3710508,-2,-5,33
1761621721.4100506,-11,-5,41
1761621721.4480507,-2,-1,33
1761621721.4840508,1,-5,30
1761621721.5210507,0,-4,33
1761621721.5590508,0,-6,38
1761621721.5950508,-1,-4,30
1761621721.633051,-5,3,25
1761621721.6700506,1,0,38
1761621721.7060506,8,-6,36
1761621721.7430508,5,0,42
1761621721.7800508,2,-4,31
1761621721.8160508,-1,1,29
1761621721.8540506,7,-5,43
1761621721.8910508,-1,-3,29
1761621721.9300506,0,-9,33
1761621721.9660506,-2,-4,27
1761621722.0030508,-7,-3,32
1761621722.041051,-4,-2,47
1761621722.0800507,-3,-3,39
1761621722.1160507,-2,-1,31
1761621722.1540508,-3,-1,32
1761621722.1910508,2,5,24
1761621722.2290506,0,0,34
1761621722.2650506,-2,0,32
1761621722.3030508,1,-5,29
1761621722.3410506,-9,0,28
1761621722.3790507,0,0,26
1761621722.4150507,0,-4,27
1761621722.4530506,-3,-2,23
1761621722.4910507,-6,3,17
1761621722.5290508,0,2,30
1761621722.5650508,4,0,39
1761621722.6020508,5,0,33
1761621722.6410508,2,0,27
1761621722.6790507,0,2,28
1761621722.7150507,0,0,20
1761621722.7520506,0,0,31
1761621722.791051,-2,0,29
1761621722.8290508,-9,-6,31
1761621722.8650508,1,1,35
1761621722.903051,-2,0,34
1761621722.9410508,8,-1,40
1761621722.9790506,2,-3,38
1761621723.0150506,3,-5,33
1761621723.0520508,5,0,43
1761621723.0910506,0,-8,26
1761621723.1290507,3,-1,28
1761621723.166051,4,1,36
1761621723.2030506,0,1,26
1761621723.2410507,-4,0,25
1761621723.2790508,-1,1,30
1761621723.3150508,0,1,34
1761621723.3520508,0,0,37
1761621723.3900506,0,0,32
1761621723.426051,-4,0,22
1761621723.4630508,-4,3,34
1761621723.5020506,-2,0,29
1761621723.5400507,3,-4,45
1761621723.5760508,2,-6,42
1761621723.6140506,-8,-3,35
1761621723.6510508,-4,-8,36
1761621723.6900508,4,-4,38
1761621723.7260506,6,2,38
1761621723.7640507,0,0,32
1761621723.801051,-3,1,33
1761621723.837051,-3,0,35
1761621723.8740506,-1,-6,45
1761621723.913051,1,-3,35
1761621723.9510508,4,-5,40
1761621723.9870508,-3,0,35
1761621724.0250506,-6,2,35
1761621724.0620508,-2,0,26
1761621724.1000507,0,-4,24
1761621724.1360507,-3,-4,33
1761621724.1740508,-5,-4,43
1761621724.212051,4,-4,40
1761621724.2510507,-8,1,50
1761621724.2870507,-12,1,45
1761621724.3250508,-2,-4,41
1761621724.3620508,-7,-4,38
1761621724.4010508,3,-3,37
1761621724.4370508,0,5,24
1761621724.4740508,-2,-1,23
1761621724.5120506,2,2,39
1761621724.551051,4,1,37
1761621724.587051,4,0,34
1761621724.6240506,4,-5,31
1761621724.6620507,1,-2,36
1761621724.7010508,3,-2,35
1761621724.7370508,-7,-7,41
1761621724.7750506,-1,-2,37
1761621724.8130507,-6,-2,40
1761621724.8520508,-4,-2,24
1761621724.8900506,-5,-1,34
1761621724.926051,0,0,34
1761621724.9630508,-2,1,24
1761621725.0070508,-4,1,30
1761621725.0450506,-6,-2,36
1761621725.0830507,-6,4,31
1761621725.1220508,-5,-3,24
1761621725.1600506,-2,-2,43
1761621725.1960506,-3,0,37
1761621725.2330508,0,-5,32
1761621725.2710507,-5,-5,36
1761621725.3070507,-3,-7,40
1761621725.3450508,-8,-8,48
1761621725.383051,-8,-6,28
1761621725.4220507,-3,-6,39
1761621725.4600508,4,-5,32
1761621725.4960508,-3,2,29
1761621725.5340507,3,7,25
1761621725.5720508,-4,2,26
1761621725.610051,4,0,28
1761621725.6460507,1,-5,34
1761621725.6840508,0,2,32
1761621725.722051,4,5,36
1761621725.7600508,4,2,35
1761621725.7960508,-4,-7,42
1761621725.834051,0,-2,33
1761621725.8720508,0,0,35
1761621725.9080508,-3,-5,34
1761621725.9450507,-1,-6,44
1761621725.9830508,-1,-3,29
1761621726.0220506,5,1,30
1761621726.0580506,-7,-7,22
1761621726.0960507,-4,-7,25
1761621726.1340508,-1,0,31
1761621726.1720507,9,0,42
1761621726.2080507,5,-4,37
1761621726.245051,-4,0,38
1761621726.2820508,-3,-4,34
1761621726.3210506,0,3,33
1761621726.357051,0,-3,29
1761621726.3940508,0,-4,32
1761621726.4320507,-5,-5,30
1761621726.4680507,0,-5,36
1761621726.505051,-1,-6,45
1761621726.5440507,0,-4,29
1761621726.5820508,-2,-3,30
1761621726.6180508,-4,-8,34
1761621726.6550508,1,-2,33
1761621726.6930506,1,-8,40
1761621726.7310507,-1,0,32
1761621726.7670507,0,-3,42
1761621726.8040507,5,2,34
1761621726.8430507,1,5,38
1761621726.8810508,-3,4,38
1761621726.9170508,-3,1,33
1761621726.9540508,-4,0,26
1761621726.9920506,-1,0,37
1761621727.028051,1,0,41
1761621727.0650508,-3,-3,25
1761621727.1030507,-7,-5,22
1761621727.1420507,-2,0,34
1761621727.1780508,-4,-1,23
1761621727.2160506,-2,2,13
1761621727.2530508,-7,0,31
1761621727.291051,2,2,28
1761621727.3270507,1,1,36
1761621727.3640506,-3,-6,39
1761621727.403051,6,-8,25
1761621727.4410508,0,2,33
1761621727.4770508,10,-5,32
1761621727.5140507,0,-8,35
1761621727.5530508,0,-1,38
1761621727.5910506,-11,-1,29
1761621727.6270506,-6,-4,37
1761621727.6650507,0,-4,38
1761621727.7030506,0,-3,40
1761621727.7410507,0,-2,42
1761621727.7770507,-3,-5,30
1761621727.8150508,0,-8,37
1761621727.8530507,-6,-4,35
1761621727.8910508,-9,-1,40
1761621727.9270508,5,-5,33
1761621727.9640508,5,2,45
1761621728.0030508,4,2,40
1761621728.0390508,3,-3,31
1761621728.0770507,-1,0,34
1761621728.1140506,0,-5,45
1761621728.153051,1,2,35
1761621728.189051,15,-2,19
1761621728.2280507,-2,-2,25
1761621728.2650506,0,2,20
1761621728.3030508,2,2,24
1761621728.3390508,0,0,26
1761621728.3770506,1,0,27
1761621728.4140508,4,-2,24
1761621728.4530506,3,-5,39
1761621728.4890506,0,2,45
1761621728.5260508,0,-2,36
1761621728.5630507,-2,-3,42
1761621728.6020508,-6,-5,32
1761621728.6380508,3,-10,41
1761621728.6750507,0,-9,51
1761621728.7130508,2,-6,29
1761621728.7520506,-5,-2,45
1761621728.788051,-7,-3,47
1761621728.8250508,-4,-10,40
1761621728.8630507,0,0,26
1761621728.8990507,2,-11,28
1761621728.936051,7,-1,27
1761621728.9740508,6,-9,38
1761621729.0120506,0,0,34
1761621729.0490508,3,-2,41
1761621729.0860507,-6,-3,25
1761621729.1250508,0,3,34
1761621729.163051,-8,-2,30
1761621729.199051,-10,-8,34
1761621729.2360508,0,-5,36
1761621729.2750506,-2,-9,24
1761621729.3130507,0,-6,21
1761621729.3490508,-1,-2,38
1761621729.3860507,-5,1,30
1761621729.4240508,0,4,32
1761621729.462051,-3,-3,36
1761621729.4980507,-3,0,32
1761621729.5360508,4,-4,37
1761621729.574051,1,-4,44
1761621729.6120508,0,-4,25
1761621729.6480508,-3,-3,26
1761621729.686051,-8,-6,36
1761621729.7240508,-6,-8,32
1761621729.7630508,-5,-9,36
1761621729.7990508,-4,-3,41
1761621729.8360507,1,-10,44
1761621729.8740506,1,-8,37
1761621729.9120507,5,-6,39
1761621729.9480507,0,0,42
1761621729.985051,0,-4,36
1761621730.0230508,0,2,35
1761621730.0590508,-4,1,31
1761621730.0960507,-3,4,37
1761621730.1340508,5,6,37
1761621730.1700506,2,7,27
1761621730.2070508,5,2,40
1761621730.2440507,0,-1,35
1761621730.2800508,-2,-3,34
1761621730.3170507,0,2,29
1761621730.3550508,0,4,34
1761621730.393051,5,0,26
1761621730.4290507,0,-4,16
1761621730.4660506,-7,2,26
1761621730.5040507,-5,0,26
1761621730.5430508,6,0,38
1761621730.5790508,6,4,29
1761621730.6160507,3,-6,30
1761621730.6540508,8,0,32
1761621730.6900508,-2,1,36
1761621730.7280507,0,1,37
1761621730.7660508,0,-2,36
1761621730.8040507,0,-3,35
1761621730.8400507,2,-1,26
1761621730.8780508,6,3,27
1761621730.9150507,1,6,28
1761621730.9530506,10,1,33
1761621730.9890506,11,-4,37
1761621731.0260508,-4,-4,36
1761621731.0650508,-3,0,29
1761621731.1030507,2,-1,34
1761621731.1390507,4,-8,31
1761621731.176051,0,-4,34
1761621731.2150507,3,0,31
1761621731.2530508,3,-9,28
1761621731.2890508,0,-9,13
1761621731.3260508,2,-7,31
1761621731.3650508,6,4,37
1761621731.403051,1,-3,34
1761621731.439051,-3,0,34
1761621731.4760506,0,3,32
1761621731.5140507,-3,0,31
1761621731.5500507,0,-5,33
1761621731.587051,3,-5,37
1761621731.6260507,0,-4,29
1761621731.6640508,2,3,32
1761621731.7000508,-7,0,33
1761621731.7370508,-4,-3,37
1761621731.7750506,-6,-3,34
1761621731.814051,-1,-3,27
1761621731.8500507,-2,-4,26
1761621731.8870506,-4,-1,37
1761621731.9250507,3,-1,29
1761621731.9640508,-4,-2,34
1761621732.0000508,9,-6,36
1761621732.0370507,5,-2,33
1761621732.0750508,-1,-4,35
1761621732.1140506,-9,-5,33
1761621732.1500506,1,-10,35
1761621732.1870508,1,-4,30
1761621732.2250507,0,-3,35
1761621732.2630508,1,6,35
1761621732.2990508,2,-2,44
1761621732.3360507,1,-4,36
1761621732.3740506,0,-5,48
1761621732.4100506,7,-6,29
1761621732.4470508,-4,-7,24
1761621732.485051,-1,-8,29
1761621732.5240507,-10,-1,31
1761621732.5600507,-11,0,32
1761621732.597051,-5,5,30
1761621732.6350508,0,1,25
1761621732.6710508,7,5,19
1761621732.7080507,1,4,30
1761621732.745051,-6,0,30
1761621732.7810507,-1,-6,27
1761621732.8190508,0,-5,24
1761621732.8560507,-6,-3,28
1761621732.8950508,-3,0,35
1761621732.9310508,-8,-3,32
1761621732.9690506,-3,-1,46
1761621733.0060508,0,-7,33
1761621733.0440507,0,-6,32
1761621733.0800507,2,-1,31
1761621733.1170506,-6,1,33
1761621733.1550508,2,-3,32
1761621733.1910508,-2,0,35
1761621733.2290506,0,-11,30
1761621733.2670507,3,-11,34
1761621733.3050506,2,-13,34
1761621733.3410506,2,-6,37
1761621733.3790507,-6,-2,32
1761621733.4170508,-5,0,23
1761621733.4550507,-2,-6,20
1761621733.4910507,-10,-5,34
1761621733.5290508,-8,-4,42
1761621733.5670507,-5,-10,33
1761621733.6060507,0,-3,26
1761621733.6440508,-1,-2,28
1761621733.6800506,-3,-5,29
1761621733.7170508,-4,-2,25
1761621733.7560508,2,4,36
1761621733.7940507,1,-3,30
1761621733.8300507,4,1,37
1761621733.8670506,-4,3,33
1761621733.9060507,0,2,36
1761621733.9440508,4,-2,27
1761621733.9800508,0,0,28
1761621734.0170507,1,-5,30
1761621734.0560508,1,3,25
1761621734.0940506,2,-4,28
1761621734.130051,-2,0,31
1761621734.1680508,0,2,23
1761621734.2060506,-1,-2,32
1761621734.2440507,5,3,32
1761621734.2800508,-2,3,29
1761621734.3170507,0,-3,34
1761621734.3560507,5,-5,25
1761621734.3940508,3,-2,27
1761621734.4300506,-2,-4,30
1761621734.4670508,0,0,32
1761621734.5060508,4,1,34
1761621734.5420508,-2,-2,35
1761621734.5800507,0,-3,38
1761621734.6180508,5,-3,34
1761621734.6560507,0,1,41
1761621734.6920507,0,1,33
1761621734.7290506,3,-1,35
1761621734.7660508,-9,0,29
1761621734.8020508,-1,0,26
1761621734.8400507,0,1,29
1761621734.8770506,-3,2,42
1761621734.916051,-4,-3,43
1761621734.9520507,-5,-4,39
1761621734.9900508,-6,-5,35
1761621735.0360508,-6,3,23
1761621735.0720508,-2,0,34
1761621735.1090508,-4,-9,34
1761621735.1480508,-8,-3,38
1761621735.186051,-6,1,44
1761621735.222051,-5,0,47
1761621735.2590508,-10,-5,33
1761621735.2980506,0,0,35
1761621735.3360507,0,-9,34
1761621735.3720508,-1,-5,27
1761621735.4100506,-4,-2,25
1761621735.4480507,-3,3,25
1761621735.4860508,-3,-2,33
1761621735.5220506,0,0,36
1761621735.5590508,-4,-2,40
1761621735.597051,-6,0,27
1761621735.6360507,2,-3,35
1761621735.6720507,-1,-2,26
1761621735.7110507,0,-1,39
1761621735.7480507,0,0,35
1761621735.7860508,-2,-9,41
1761621735.8220508,-1,-1,37
1761621735.8610508,3,-3,38
1761621735.8980508,-3,-4,34
1761621735.9370508,0,-5,38
1761621735.9750507,1,4,34
1761621736.0110507,-1,5,35
1761621736.0480506,-5,-1,29
1761621736.087051,2,0,34
1761621736.1250508,7,-3,25
1761621736.1610508,4,-3,24
1761621736.1980507,-8,-4,36
1761621736.2370508,-5,-2,30
1761621736.2750506,0,0,36
1761621736.311051,-4,-8,41
1761621736.3480508,1,-5,35
1761621736.3860507,3,0,30
1761621736.4220507,0,-4,35
1761621736.4600508,1,-2,27
1761621736.4970508,-1,-8,40
1761621736.5360508,0,-1,33
1761621736.5720508,-3,5,28
1761621736.610051,-2,7,25
1761621736.6480508,2,-1,25
1761621736.686051,8,-4,29
1761621736.722051,9,-1,33
1761621736.7590508,6,-3,39
1761621736.7970507,-11,-6,38
1761621736.8360507,-2,-13,37
1761621736.8720508,-6,0,39
1761621736.9100506,-3,0,33
1761621736.9470508,-3,6,39
1761621736.9830508,-1,-7,35
1761621737.0200508,-5,-2,35
1761621737.0580506,-6,-1,26
1761621737.097051,-6,-7,29
1761621737.133051,3,-2,35
1761621737.1710508,5,0,40
1761621737.2080507,2,0,30
1761621737.2460508,6,-1,40
1761621737.2820508,2,0,33
1761621737.3190508,-4,1,39
1761621737.357051,-8,-7,40
1761621737.393051,-4,0,36
1761621737.4300506,2,3,40
1761621737.4670508,1,1,20
1761621737.5030508,5,0,24
1761621737.541051,-6,2,31
1761621737.5790508,4,-1,43
1761621737.6170506,0,-4,41
1761621737.653051,0,-1,37
1761621737.6910508,-1,0,40
1761621737.7290506,-3,-3,44
1761621737.7670507,1,4,45
1761621737.8030508,7,-2,47
1761621737.8410506,-7,0,38
1761621737.8790507,-5,-4,34
1761621737.9170508,-4,-6,29
1761621737.9530506,-2,2,33
1761621737.9900508,-4,0,44
1761621738.028051,-5,-1,46
1761621738.0660508,-4,0,27
1761621738.1020508,2,4,35
1761621738.1390507,-3,1,30
1761621738.1780508,0,3,26
1761621738.2160506,0,-3,35
1761621738.2520506,7,3,22
1761621738.2900507,0,0,29
1761621738.3280506,-2,-1,39
1761621738.3660507,0,0,33
1761621738.4020507,0,2,33
1761621738.4400508,3,3,34
1761621738.4780507,4,-2,36
1761621738.5160508,-1,-7,41
1761621738.5520508,0,-4,37
1761621738.5900507,0,0,32
1761621738.6280508,-2,3,32
1761621738.666051,-2,-1,36
1761621738.7020507,-4,-5,29
1761621738.7400508,2,-3,19
1761621738.7790508,8,-6,17
1761621738.8170507,2,0,19
1761621738.8530507,-2,-7,24
1761621738.8900506,-3,-13,31
1761621738.9290507,0,-8,34
1761621738.9670508,-2,1,36
1761621739.0030508,-2,1,36
1761621739.0400507,4,2,41
1761621739.0780506,1,-3,41
1761621739.1140506,-1,-2,27
1761621739.1520507,-3,0,20
1761621739.1900508,7,-5,18
1761621739.2280507,-5,-5,32
1761621739.2640507,-1,-5,26
1761621739.3020508,7,-6,30
1761621739.3400507,0,-1,21
1761621739.3780508,-2,0,38
1761621739.4140508,1,-3,38
1761621739.4510508,7,-4,36
1761621739.4880507,3,0,39
1761621739.5240507,2,2,45
1761621739.561051,-4,-1,44
1761621739.5990508,0,-3,30
1761621739.6380508,4,-10,28
1761621739.6740508,1,-8,42
1761621739.7110507,-3,-7,42
1761621739.7490506,-6,0,40
1761621739.7870507,0,-4,37
1761621739.8230507,-4,-6,41
1761621739.860051,-3,-9,40
1761621739.8990507,8,-3,44
1761621739.9370508,0,-5,33
1761621739.9730508,1,-2,26
1761621740.0100508,2,0,26
1761621740.0480506,0,-3,33
1761621740.084051,0,-2,43
1761621740.1220508,5,-7,28
1761621740.1590507,-3,-7,33
1761621740.1980507,-2,-1,34
1761621740.2340508,-4,1,27
1761621740.2720506,-10,5,30
1761621740.3090508,-6,-1,47
1761621740.3480508,5,0,43
1761621740.3840508,0,-5,28
1761621740.4220507,-2,-3,34
1761621740.459051,-2,-4,27
1761621740.4980507,1,-3,26
1761621740.5340507,-3,-1,34
1761621740.5720508,2,5,42
1761621740.6090508,4,-3,41
1761621740.6480508,0,-3,36
1761621740.6840508,1,2,32
1761621740.722051,-2,-1,27
1761621740.7590508,-3,3,41
1761621740.7970507,10,-5,35
1761621740.8330507,6,0,36
1761621740.870051,3,0,50
1761621740.9080508,0,5,43
1761621740.9440508,-4,0,43
1761621740.982051,1,-9,40
1761621741.0200508,-4,-1,30
1761621741.0590508,-1,-1,35
1761621741.0950508,-2,-4,43
1761621741.1320508,0,-1,38
1761621741.1690507,-2,-2,36
1761621741.2080507,0,1,32
1761621741.2440507,2,-1,31
1761621741.2820508,0,-11,41
1761621741.3200507,-2,-2,34
1761621741.3590508,-2,-4,35
1761621741.3950508,0,-1,26
1761621741.4320507,-6,-7,27
1761621741.4700508,-4,-8,39
1761621741.5090508,0,-15,22
1761621741.5450506,-6,-16,20
1761621741.5820508,3,-7,42
1761621741.6190507,-3,-6,44
1761621741.6580508,-3,-3,38
1761621741.6940508,-5,-5,30
1761621741.732051,1,-4,21
1761621741.7700508,2,0,37
1761621741.8090508,6,-1,37
1761621741.8450508,3,-5,36
1761621741.8820508,2,-5,37
1761621741.9200506,3,-6,36
1761621741.9580507,-3,-3,36
1761621741.9940507,2,3,31
1761621742.0320508,-5,-1,30
1761621742.0700507,0,-1,25
1761621742.1090508,-1,-10,25
1761621742.1450508,-4,0,30
1761621742.1820507,-1,5,29
1761621742.2200508,0,-5,20
1761621742.258051,0,-5,32
1761621742.2940507,-1,-1,30
1761621742.3310506,-5,-5,42
1761621742.370051,0,-2,38
1761621742.4080508,-3,-4,32
1761621742.4440508,0,-4,21
1761621742.482051,-3,0,41
1761621742.5200508,-4,-4,31
1761621742.5580506,1,0,35
1761621742.5940506,-4,-7,29
1761621742.6310508,1,0,31
1761621742.6690507,-5,-4,37
1761621742.7050507,-4,-1,37
1761621742.7430508,1,0,44
1761621742.7800508,-6,-5,41
1761621742.8190508,-5,-2,25
1761621742.8550508,3,-1,29
1761621742.8920507,0,-5,30
1761621742.9310508,0,-1,22
1761621742.9690506,0,0,25
1761621743.005051,0,1,34
1761621743.0430508,5,0,29
1761621743.0800507,0,-1,34
1761621743.1180508,-3,4,39
1761621743.1540508,-10,-2,42
1761621743.1920507,-5,-1,35
1761621743.2310507,3,0,25
1761621743.2690508,0,-2,34
1761621743.3050506,2,3,37
1761621743.3420508,2,-1,39
1761621743.3810508,0,-2,28
1761621743.4190507,-1,-4,27
1761621743.4550507,-1,-3,32
1761621743.4930508,-6,4,25
1761621743.5300508,-1,1,34
1761621743.5690508,-5,1,36
1761621743.6050508,3,0,33
1761621743.6420507,4,0,36
1761621743.6800506,3,-4,30
1761621743.7160506,5,2,36
1761621743.7530508,-1,3,25
1761621743.7900507,-1,-7,27
1761621743.8290508,-3,-5,28
1761621743.8650508,-5,-5,35
1761621743.9020507,-3,2,22
1761621743.9400508,-3,-3,34
1761621743.9760506,-4,-3,36
1761621744.0130508,0,1,52
1761621744.0500507,0,-2,45
1761621744.0890508,5,3,34
1761621744.1250508,0,1,41
1761621744.1620507,-3,1,37
1761621744.2010508,-5,0,28
1761621744.2390506,-4,0,31
1761621744.2750506,3,5,35
1761621744.3130507,3,0,44
1761621744.3510506,-1,-4,44
1761621744.3890507,10,-2,33
1761621744.4250507,3,0,28
1761621744.462051,1,-8,38
1761621744.5010507,2,-2,34
1761621744.5390508,-1,-4,38
1761621744.5750508,-1,-1,39
1761621744.6130507,0,-2,26
1761621744.6510508,-3,0,27
1761621744.689051,-2,3,29
1761621744.7250507,-1,0,34
1761621744.7630508,4,-9,20
1761621744.801051,4,-3,21
1761621744.8390508,0,-9,31
1761621744.8750508,0,-9,30
1761621744.913051,0,-3,28
1761621744.9510508,4,-9,28
1761621744.9890506,2,2,39
1761621745.0250506,3,-2,44
1761621745.0710506,-3,-2,38
1761621745.1090508,1,-3,46
1761621745.1450508,-6,2,35
1761621745.1830506,-2,2,43
1761621745.2210507,0,0,43
1761621745.2600508,-7,0,36
1761621745.2960508,0,0,30
1761621745.3330507,1,7,44
1761621745.3710508,-2,0,42
1761621745.4070508,-2,-1,39
1761621745.4440508,-3,0,40
1761621745.482051,-4,0,35
1761621745.5200508,0,0,29
1761621745.5570507,1,0,26
1761621745.5940506,4,5,23
1761621745.6310508,-6,-2,26
1761621745.6700506,-7,-7,36
1761621745.7060506,-4,-8,32
1761621745.7440507,-3,-9,34
1761621745.7820508,0,-4,37
1761621745.8200507,-8,0,38
1761621745.857051,-6,6,31
1761621745.8940508,-2,4,45
1761621745.9310508,-3,1,45
1761621745.9670508,-2,0,35
1761621746.0040507,4,-10,38
1761621746.0420508,-2,1,28
1761621746.0810506,1,-6,29
1761621746.1170506,-4,0,33
1761621746.1540508,-1,-2,38
1761621746.1920507,0,-2,29
1761621746.2300508,5,0,27
1761621746.2660508,0,5,33
1761621746.3030508,-1,0,38
1761621746.3410506,-3,-4,25
1761621746.3770506,0,1,42
1761621746.4140508,-5,6,38
1761621746.4520507,-6,2,31
1761621746.4900508,-8,2,28
1761621746.5260508,-7,0,25
1761621746.5630507,-7,-1,24
1761621746.6020508,-4,1,36
1761621746.6400506,1,0,28
1761621746.676051,-3,2,34
1761621746.7130508,-5,-2,39
1761621746.7520506,-13,-4,49
1761621746.7900507,0,-7,37
1761621746.8260508,2,-2,35
1761621746.8630507,0,-2,21
1761621746.9010508,1,-1,36
1761621746.9370508,4,-1,40
1761621746.9740508,5,-2,38
1761621747.0120506,1,-1,48
1761621747.0500507,-1,-3,39
1761621747.0860507,-5,-1,32
1761621747.1230507,-6,-2,31
1761621747.1620507,-6,-5,33
1761621747.2000508,-9,-6,24
1761621747.2360508,-1,-3,36
1761621747.2730508,-4,0,36
1761621747.3120508,5,-2,24
1761621747.3500507,-1,-7,38
1761621747.3860507,-1,-8,42
1761621747.4240508,0,-5,44
1761621747.462051,-4,2,37
1761621747.4980507,0,0,46
1761621747.5350506,-1,7,42
1761621747.5720508,-1,0,44
1761621747.6110508,-2,-3,52
1761621747.6470506,-5,-9,36
1761621747.6850507,4,-7,44
1761621747.722051,3,2,41
1761621747.758051,1,0,33
1761621747.7950506,11,0,32
1761621747.8320508,3,-7,24
1761621747.8680508,0,-1,37
1761621747.9050508,-1,10,34
1761621747.9440508,-1,-2,41
1761621747.982051,-2,0,40
1761621748.018051,-5,1,46
1761621748.0550506,-4,0,39
1761621748.0940506,2,-5,31
1761621748.1320508,-1,0,32
1761621748.1680508,-1,-1,26
1761621748.2050507,-1,1,18
1761621748.2420506,0,1,29
1761621748.278051,1,-2,34
1761621748.3150508,-1,-2,32
1761621748.3530507,3,-9,35
1761621748.3910508,8,-6,46
1761621748.4270508,4,-1,34
1761621748.4650507,-1,-1,36
1761621748.5030508,2,1,44
1761621748.541051,1,-1,29
1761621748.5770507,4,0,30
1761621748.6140506,4,-1,24
1761621748.653051,-8,-1,35
1761621748.6910508,-6,-1,29
1761621748.7270508,-9,5,34
1761621748.7640507,-1,1,33
1761621748.8030508,3,-2,28
1761621748.8410506,3,-2,36
1761621748.8770506,1,-1,30
1761621748.9150507,-1,-2,28
1761621748.9530506,-7,-3,33
1761621748.9910507,3,-1,38
1761621749.0270507,1,4,35
1761621749.064051,-4,6,42
1761621749.1030507,1,6,31
1761621749.1410508,4,2,35
1761621749.1770508,9,0,30
1761621749.2150507,9,1,40
1761621749.2530508,-2,1,30
1761621749.291051,7,3,31
1761621749.3270507,5,2,25
1761621749.3650508,-1,-7,35
1761621749.403051,-2,0,33
1761621749.4410508,-3,-6,31
1761621749.4770508,3,-3,25
1761621749.5150506,4,-3,35
1761621749.5530508,3,-4,27
1761621749.5910506,10,-2,35
1761621749.6270506,4,-1,24
1761621749.6640508,-1,-6,29
1761621749.7030506,0,-7,32
1761621749.7390506,3,-3,36
1761621749.7760508,9,-6,29
1761621749.8130507,2,0,28
1761621749.8490508,-6,2,28
1761621749.8860507,-9,0,33
1761621749.9240508,0,-2,27
1761621749.962051,3,-5,32
1761621749.9980507,-5,-7,39
1761621750.0350506,1,-7,43
1761621750.0730507,0,-10,34
1761621750.1090508,-3,-3,40
1761621750.1470506,-1,4,35
1761621750.1850507,0,1,22
1761621750.2230508,5,-1,44
1761621750.2600508,6,-3,38
1761621750.2970507,-10,-1,30
1761621750.3350508,-4,-4,37
1761621750.3740506,-8,1,40
1761621750.4120507,0,0,39
1761621750.4480507,0,-1,28
1761621750.485051,-10,0,24
1761621750.5230508,-2,-8,38
1761621750.5590508,4,0,40
1761621750.5960507,2,-2,32
1761621750.6340508,0,-5,32
1761621750.6730506,0,-4,37
1761621750.709051,10,-4,28
1761621750.7480507,5,-10,31
1761621750.7850506,2,3,30
1761621750.8230507,-2,6,32
1761621750.8590508,2,2,17
1761621750.8970506,-5,-7,32
1761621750.9340508,-5,-11,33
1761621750.9730508,6,0,30
1761621751.0100508,6,-3,35
1761621751.0470507,1,-2,34
1761621751.084051,0,-5,30
1761621751.1220508,0,-6,36
1761621751.1580508,-8,-7,33
1761621751.1950507,-2,-5,33
1761621751.2340508,-1,-3,30
1761621751.2720506,5,-7,36
1761621751.3080506,1,0,27
1761621751.3450508,2,-3,23
1761621751.383051,7,-2,33
1761621751.4190507,4,5,32
1761621751.4560506,-2,0,26
1761621751.4940507,-8,-9,17
1761621751.5320508,0,-4,23
1761621751.5680506,4,-5,38
1761621751.6060507,-1,-9,36
1761621751.6440508,-1,0,32
1761621751.6820507,-1,-6,32
1761621751.7180507,1,-5,34
1761621751.7560508,-3,-7,27
1761621751.7940507,2,-3,29
1761621751.8300507,-2,0,34
1761621751.8670506,-5,0,36
1761621751.9050508,-3,4,34
1761621751.9440508,-2,3,43
1761621751.9800508,-1,0,35
1761621752.0170507,4,1,27
1761621752.0540507,5,1,30
1761621752.0900507,0,-1,30
1761621752.1280508,3,0,30
1761621752.1650507,1,-1,35
1761621752.2040508,7,-1,28
1761621752.2400508,-1,-4,25
1761621752.278051,6,0,20
1761621752.3150508,3,1,35
1761621752.3530507,-6,-4,26
1761621752.3890507,-8,-2,28
1761621752.426051,-8,1,22
1761621752.4640508,0,-2,28
1761621752.5000508,0,-4,32
1761621752.5370507,-1,-3,29
1761621752.5750508,-2,-5,18
1761621752.6140506,-2,-5,28
1761621752.6500506,0,-1,24
1761621752.6880507,0,-1,23
1761621752.7260506,0,-1,26
1761621752.7650506,7,0,26
1761621752.8030508,5,1,34
1761621752.8390508,6,-5,27
1761621752.8760507,1,-3,32
1761621752.9140508,0,2,39
1761621752.9510508,-4,0,44
1761621752.9880507,-3,-6,44
1761621753.0260508,-1,-4,42
1761621753.0650508,5,-11,43
1761621753.1030507,-4,-10,27
1761621753.1390507,-7,-3,25
1761621753.176051,-8,-7,36
1761621753.2150507,-8,-8,40
1761621753.2530508,10,0,42
1761621753.2890508,4,-2,35
1761621753.3260508,-2,1,41
1761621753.3640506,3,-4,43
1761621753.4000506,-7,-2,31
1761621753.4380507,-6,-7,33
1761621753.4760506,0,-1,41
1761621753.5150506,0,-8,38
1761621753.5530508,-1,-1,28
1761621753.5890508,1,-9,39
1761621753.6260507,-8,-3,32
1761621753.6650507,-9,4,36
1761621753.7030506,-4,-1,41
1761621753.7390506,-2,0,47
1761621753.7760508,3,0,36
1761621753.814051,2,-3,44
1761621753.8500507,-1,-1,31
1761621753.8880508,-7,4,33
1761621753.926051,-2,-1,30
1761621753.9650507,-6,-4,35
1761621754.0010507,0,-8,27
1761621754.038051,3,-6,33
1761621754.0760508,-1,-2,35
1761621754.1150508,5,0,34
1761621754.1510508,-1,1,46
1761621754.1880507,-1,-1,36
1761621754.2260506,11,0,33
1761621754.2640507,1,1,30
1761621754.3000507,0,3,35
1761621754.337051,1,-6,35
1761621754.3750508,3,-3,36
1761621754.4110508,0,-5,30
1761621754.4480507,0,-2,35
1761621754.485051,2,0,33
1761621754.5240507,7,0,25
1761621754.5600507,5,-3,30
1761621754.597051,-2,4,35
1761621754.6350508,-1,12,40
1761621754.6740508,0,2,47
1761621754.7100508,-10,-3,43
1761621754.7470508,0,0,34
1761621754.7850506,4,-2,27
1761621754.8210506,-1,5,34
1761621754.8580508,0,7,33
1761621754.8950508,-5,-5,38
1761621754.9340508,-7,-2,31
1761621754.9700508,-2,0,37
1761621755.0070508,0,-1,40
1761621755.0460508,-1,-4,31
1761621755.0910506,0,1,32
1761621755.1280508,4,3,36
1761621755.166051,0,-1,37
1761621755.2040508,2,-2,34
1761621755.2400508,-3,0,30
1761621755.278051,6,-4,38
1761621755.3160508,-6,-3,32
1761621755.3540506,-9,0,31
1761621755.3900506,-6,-7,31
1761621755.4280508,-2,0,37
1761621755.4660506,-3,-4,34
1761621755.5040507,-5,3,40
1761621755.541051,-1,4,40
1761621755.5780506,7,-6,32
1761621755.6160507,1,-8,32
1761621755.6540508,1,2,33
1761621755.6900508,-5,-2,36
1761621755.7270508,3,2,39
1761621755.7650506,6,-3,38
1761621755.801051,3,-4,32
1761621755.8380508,2,-1,37
1761621755.8760507,7,-2,32
1761621755.9140508,6,3,44
1761621755.9500508,2,1,46
1761621755.9870508,0,-2,38
1761621756.0250506,0,-2,36
1761621756.061051,1,-6,39
1761621756.0990508,3,-3,44
1761621756.1360507,-1,-7,33
1761621756.1750507,1,-1,33
1761621756.2110507,-1,4,37
1761621756.2480507,-7,0,27
1761621756.2860508,-2,-5,32
1761621756.3250508,-2,3,42
1761621756.3610508,-3,1,39
1761621756.3980508,0,-1,29
1761621756.436051,-1,-6,34
1761621756.4750507,-4,-5,42
1761621756.5110507,5,-5,48
1761621756.5480506,-1,-4,51
1761621756.5860507,2,2,39
1761621756.6220508,12,-2,37
1761621756.6600506,-3,0,34
1761621756.6980507,-5,-2,29
1761621756.7360508,-13,2,33
1761621756.7720506,-5,-4,43
1761621756.8100507,-1,2,42
1761621756.8480508,-3,0,34
1761621756.8860507,-4,-2,24
1761621756.9250507,-7,-3,31
1761621756.9610507,2,0,24
1761621756.9980507,-2,3,30
1761621757.0360508,-1,-4,36
1761621757.0750508,0,0,44
1761621757.1110508,3,-5,29
1761621757.1480508,-1,-4,37
1761621757.1870508,0,-10,43
1761621757.2250507,0,-5,47
1761621757.2610507,-8,5,40
1761621757.2980506,2,3,42
1761621757.3360507,-4,-1,39
1761621757.3720508,1,-2,36
1761621757.4100506,-4,0,35
1761621757.4480507,4,0,27
1761621757.4860508,-6,-5,26
1761621757.5220506,0,1,20
1761621757.5600507,2,-3,29
1761621757.597051,-4,-5,30
1761621757.6360507,-5,-8,35
1761621757.6720507,1,-2,33
1761621757.7100508,-3,-2,46
1761621757.7480507,-3,-1,49
1761621757.7870507,-6,0,29
1761621757.8250508,-2,0,33
1761621757.8610508,-5,1,34
1761621757.8980508,1,-2,37
1761621757.936051,-2,-1,34
1761621757.972051,1,2,33
1761621758.0090508,0,3,23
1761621758.0470507,-4,0,18
1761621758.0850508,0,0,17
1761621758.1210508,-4,0,22
1761621758.1580508,-2,-4,39
1761621758.1970508,-3,-2,30
1761621758.235051,0,-6,43
1761621758.2710507,0,0,47
1761621758.3080506,-1,-1,36
1761621758.347051,5,0,38
1761621758.383051,2,0,41
1761621758.4200506,-2,2,40
1761621758.4580507,-1,-1,36
1761621758.4960508,-2,-5,40
1761621758.5320508,-3,-10,33
1761621758.5700507,5,-4,32
1761621758.607051,2,-8,38
1761621758.6460507,2,-4,41
1761621758.6820507,-5,-7,18
1761621758.7190506,1,-5,24
1761621758.7570508,1,-2,33
1761621758.7930508,0,-3,29
1761621758.8310506,0,1,37
1761621758.8680508,0,-3,36
1761621758.9070508,3,-1,41
1761621758.9430506,3,1,25
1761621758.9810507,-2,0,40
1761621759.018051,4,1,23
1761621759.0560508,5,0,21
1761621759.0920508,0,1,31
1761621759.1290507,0,-1,46
1761621759.1670508,2,-2,39
1761621759.2030506,5,1,33
1761621759.2400508,0,0,39
1761621759.278051,-2,3,32
1761621759.3170507,-5,-4,38
1761621759.3530507,-4,0,37
1761621759.3900506,4,-3,28
1761621759.4280508,2,-4,30
1761621759.4660506,-4,-3,25
1761621759.5020506,0,2,16
1761621759.5390508,0,0,15
1761621759.5780506,0,1,27
1761621759.6160507,2,-1,33
1761621759.6520507,3,-6,40
1761621759.689051,-3,1,41
1761621759.7280507,0,4,44
1761621759.7660508,-1,0,37
1761621759.8020508,-1,4,37
1761621759.8390508,-3,6,32
1761621759.8780508,-3,-1,22
1761621759.916051,2,5,32
1761621759.9520507,3,-4,29
1761621759.9890506,-3,-8,31
1761621760.028051,0,-9,29
1761621760.0660508,0,-3,35
1761621760.1020508,-4,5,30
1761621760.1390507,-5,-6,30
1761621760.1780508,0,0,36
1761621760.2160506,0,-1,41
1761621760.2520506,1,-5,26
1761621760.2890508,3,0,29
1761621760.3280506,2,5,36
1761621760.3660507,1,7,38
1761621760.4020507,-8,4,38
1761621760.439051,-7,-7,30
1761621760.4780507,-3,-6,33
1761621760.5140507,-1,3,30
1761621760.551051,-1,-1,23
1761621760.5890508,-8,0,37
1761621760.6280508,-4,2,35
1761621760.6640508,-8,3,30
1761621760.7010508,-4,-2,34
1761621760.7390506,3,-1,34
1761621760.778051,0,-1,34
1761621760.814051,-4,-5,28
1761621760.8530507,-2,-1,33
1761621760.8900506,1,-2,26
1761621760.9280508,0,3,24
1761621760.9640508,-2,1,33
1761621761.0010507,0,0,30
1761621761.038051,0,-3,26
1761621761.074051,-4,-4,28
1761621761.1120508,-6,-5,37
1761621761.1500506,-5,-8,45
1761621761.1880507,-7,-3,34
1761621761.2270508,-6,-4,46
1761621761.2630508,0,-3,33
1761621761.3000507,4,-4,28
1761621761.3380508,-5,-3,27
1761621761.3740506,1,0,30
1761621761.4120507,10,0,34
1761621761.449051,6,0,37
1761621761.4870508,5,3,37
1761621761.5230508,7,0,38
1761621761.5600507,5,-1,47
1761621761.5980508,0,0,27
1761621761.6340508,-4,-3,28
1761621761.6720507,-4,-6,29
1761621761.7100508,1,-3,28
1761621761.7480507,1,0,43
1761621761.7840507,10,0,38
1761621761.8220508,4,-2,35
1761621761.860051,-8,1,31
1761621761.8980508,5,-6,45
1761621761.9350507,1,3,50
1761621761.972051,0,-3,36
1761621762.0100508,4,-2,41
1761621762.0480506,-3,0,40
1761621762.084051,3,-1,39
1761621762.1220508,0,-2,34
1761621762.1600506,0,-1,31
1761621762.1980507,-2,-5,25
1761621762.2340508,3,-8,27
1761621762.2720506,-2,0,21
1761621762.3100507,1,5,24
1761621762.3480508,0,4,41
1761621762.3840508,5,3,39
1761621762.4210508,0,-1,33
1761621762.459051,1,-7,36
1761621762.4980507,0,-3,26
1761621762.5340507,0,0,36
1761621762.5710506,3,3,33
1761621762.6090508,-3,5,31
1761621762.6450508,-1,6,36
1761621762.6820507,-1,-2,33
1761621762.7200508,-2,-2,35
1761621762.7590508,4,0,30
1761621762.7950506,0,-1,31
1761621762.8320508,-1,0,21
1761621762.8690507,-2,-2,24
1761621762.9080508,-5,-1,45
1761621762.9440508,0,3,33
1761621762.982051,0,3,32
1761621763.0190508,2,3,23
1761621763.0550506,1,3,30
1761621763.0930507,-7,3,33
1761621763.130051,0,0,33
1761621763.1690507,-8,-4,36
1761621763.2050507,-8,-4,27
1761621763.2430508,-8,-3,27
1761621763.2810507,0,-5,20
1761621763.3190508,2,-2,36
1761621763.3550508,6,-3,26
1761621763.393051,8,-5,35
1761621763.4310508,-2,0,21
1761621763.4690506,8,5,27
1761621763.505051,5,1,37
1761621763.5430508,-4,-3,37
1761621763.5810506,-2,-1,40
1761621763.620051,-3,-6,31
1761621763.6580508,-2,-10,35
1761621763.6940508,-2,-8,41
1761621763.732051,-5,0,30
1761621763.7700508,-5,5,28
1761621763.8080506,-3,1,39
1761621763.8440506,2,1,36
1761621763.8820508,7,0,33
1761621763.9200506,-1,0,43
1761621763.9580507,-5,-9,33
1761621763.9940507,-1,-5,33
1761621764.0320508,-3,0,28
1761621764.0700507,-4,2,29
1761621764.1080508,-6,-1,34
1761621764.1440508,-2,-2,32
1761621764.1820507,-6,0,29
1761621764.2200508,-11,2,28
1761621764.258051,-2,0,33
1761621764.2940507,-2,2,32
1761621764.3320508,0,0,39
1761621764.370051,-2,-1,36
1761621764.4080508,0,-3,30
1761621764.4440508,-5,-10,27
1761621764.482051,-2,-4,32
1761621764.5200508,-5,-3,37
1761621764.5580506,0,3,37
1761621764.5940506,-1,-4,37
1761621764.6320508,2,-8,44
1761621764.6700506,-3,-6,36
1761621764.7080507,2,0,20
1761621764.7440507,0,-1,38
1761621764.7820508,2,-3,44
1761621764.8200507,9,-4,38
1761621764.8560507,6,0,33
1761621764.893051,-7,-1,32
1761621764.9310508,-4,-3,43
1761621764.9700508,-3,-3,32
1761621765.0060508,-2,0,33
1761621765.0430508,0,-1,34
1761621765.0800507,-1,-1,26
1761621765.1240506,-4,-6,31
1761621765.1620507,-4,0,45
1761621765.2000508,-2,-4,40
1761621765.2390506,2,-4,37
1761621765.2750506,2,-7,29
1761621765.3120508,2,-2,33
1761621765.3500507,-4,5,36
1761621765.3860507,4,6,28
1761621765.4240508,-1,2,33
1761621765.4610507,-3,-1,33
1761621765.5000508,-4,3,31
1761621765.5360508,1,-2,42
1761621765.574051,3,-7,43
1761621765.6110508,6,0,39
1761621765.6490507,9,0,42
1761621765.6850507,6,-4,38
1761621765.722051,2,-1,41
1761621765.7600508,0,-8,43
1761621765.7960508,-3,-2,31
1761621765.8330507,-3,3,26
1761621765.8710508,-3,0,26
1761621765.9090507,2,2,41
1761621765.9450507,3,1,42
1761621765.9830508,0,-6,42
1761621766.0210507,0,-1,33
1761621766.0590508,1,-3,33
1761621766.0950508,-2,4,35
1761621766.1320508,0,-2,38
1761621766.1700506,0,-2,30
1761621766.2070508,-1,2,29
1761621766.2440507,0,1,29
1761621766.2810507,0,5,39
1761621766.3190508,1,2,36
1761621766.3550508,7,5,30
1761621766.3920507,1,0,32
1761621766.4300506,-9,1,25
1761621766.4660506,-1,-3,25
1761621766.5040507,3,-3,27
1761621766.5420508,0,8,23
1761621766.5800507,2,0,34
1761621766.6170506,-2,-2,37
1761621766.6540508,-4,0,49
1761621766.6920507,-1,1,45
1761621766.7310507,0,-1,42
1761621766.7690508,2,-3,36
1761621766.8050506,-3,3,36
1761621766.8420508,-1,-2,48
1761621766.8810508,3,-6,40
1761621766.9190507,0,0,30
1761621766.9550507,-3,1,28
1761621766.9920506,-6,5,27
1761621767.0300508,-4,5,21
1761621767.0660508,-1,1,24
1761621767.1030507,6,0,34
1761621767.1410508,2,0,42
1761621767.1770508,7,5,43
1761621767.2140508,-8,5,35
1761621767.2520506,0,2,36
1761621767.2900507,1,2,33
1761621767.3260508,0,-3,32
1761621767.3630507,3,0,35
1761621767.4010508,-3,-4,48
1761621767.4370508,-7,1,37
1761621767.4740508,-4,-1,35
1761621767.5120506,2,-5,28
1761621767.551051,-3,-1,29
1761621767.587051,-3,0,26
1761621767.6250508,-3,-1,31
1761621767.663051,-3,-1,31
1761621767.7010508,0,-9,39
1761621767.7370508,4,-7,35
1761621767.7750506,5,-3,35
1761621767.8120508,-2,-3,46
1761621767.8510506,-2,-2,37
1761621767.8870506,-3,-4,40
1761621767.9250507,-10,-3,31
1761621767.9640508,-7,0,42
1761621768.0020506,2,-1,43
1761621768.0400507,2,1,33
1761621768.0760508,-2,-1,42
1761621768.1130507,2,4,39
1761621768.1510508,-3,1,40
1761621768.1870508,-2,1,32
1761621768.2250507,-1,0,34
1761621768.2630508,-3,-7,28
1761621768.301051,-9,0,34
1761621768.337051,-9,-2,45
1761621768.3750508,-2,0,32
1761621768.413051,-5,8,32
1761621768.4510508,-1,1,34
1761621768.4870508,-5,-8,32
1761621768.5250506,0,-6,32
1761621768.5620508,1,-7,34
1761621768.6010506,1,-2,39
1761621768.6370506,6,-1,50
1761621768.6750507,0,1,43
1761621768.712051,1,-2,43
1761621768.7510507,-5,-6,44
1761621768.7870507,-10,-11,45
1761621768.8250508,-11,-3,34
1761621768.8630507,4,-7,43
1761621768.9020507,3,-3,42
1761621768.9400508,-5,-1,40
1761621768.9760506,-8,-9,43
1761621769.0140507,1,-1,38
1761621769.0520508,1,2,31
1761621769.0900507,-2,-4,24
1761621769.1260507,2,-4,32
1761621769.1640508,3,-9,29
1761621769.2020507,-2,-2,32
1761621769.2380507,-5,-1,36
1761621769.2750506,0,-1,38
1761621769.3120508,-3,1,39
1761621769.3480508,-8,0,34
1761621769.3850508,1,2,31
1761621769.4220507,0,-5,34
1761621769.4610507,0,0,35
1761621769.4970508,-7,-1,32
1761621769.5350506,0,0,34
1761621769.5720508,0,0,28
1761621769.6080508,4,0,34
1761621769.6460507,5,0,32
1761621769.6830506,-3,-3,24
1761621769.722051,-3,-2,28
1761621769.758051,0,0,32
1761621769.7950506,4,0,31
1761621769.8320508,9,0,32
1761621769.8680508,2,-4,32
1761621769.9060507,2,-6,36
1761621769.9430506,2,-6,36
1761621769.9810507,4,-3,28
1761621770.0170507,-1,-2,28
1761621770.0540507,-4,-4,31
1761621770.0930507,0,0,26
1761621770.1310508,-5,-9,29
1761621770.1670508,-5,-6,36
1761621770.2040508,0,0,29
1761621770.2420506,-2,-2,37
1761621770.278051,-2,-2,29
1761621770.3150508,-5,-1,21
1761621770.3530507,-6,-1,26
1761621770.3920507,-5,-6,32
1761621770.4280508,0,-3,28
1761621770.4660506,1,0,28
1761621770.5030508,0,-3,28
1761621770.5420508,-12,-3,42
1761621770.5780506,0,3,36
1761621770.6160507,-1,9,35
1761621770.6540508,-2,5,43
1761621770.6920507,0,-7,47
1761621770.7280507,0,0,45
1761621770.7650506,7,-3,32
1761621770.8030508,0,0,34
1761621770.8410506,4,-3,31
1761621770.8770506,1,-3,35
1761621770.9140508,1,-3,32
1761621770.9530506,3,-5,27
1761621770.9910507,3,-6,29
1761621771.0270507,-7,-9,31
1761621771.0650508,-2,-4,35
1761621771.1030507,-1,-6,37
1761621771.1420507,-1,-5,45
1761621771.1780508,-1,0,33
1761621771.2150507,-5,-5,33
1761621771.2530508,-5,-8,39
1761621771.2920508,-1,-6,37
1761621771.3280506,-1,-5,38
1761621771.3650508,-4,-6,47
1761621771.403051,-1,-4,38
1761621771.4420507,1,-3,43
1761621771.4780507,6,0,50
1761621771.5170507,2,0,32
1761621771.5540507,-1,0,22
1761621771.5920508,0,-1,41
1761621771.6280508,-1,-4,35
1761621771.6670508,0,-10,32
1761621771.7040508,2,0,29
1761621771.7420506,-5,-4,20
1761621771.778051,-1,-2,20
1761621771.8160508,3,3,41
1761621771.8530507,1,0,35
1761621771.8920507,-3,3,40
1761621771.9280508,-3,6,27
1761621771.9650507,-5,0,27
1761621772.0030508,-2,1,26
1761621772.0390508,0,3,42
1761621772.0760508,1,-3,37
1761621772.1130507,-2,0,29
1761621772.1490507,-2,0,25
1761621772.186051,-3,1,32
1761621772.2240508,-4,0,31
1761621772.2620506,0,0,33
1761621772.2980506,-8,-8,48
1761621772.3350508,0,-4,28
1761621772.3730507,4,-3,26
1761621772.4090507,-3,4,19
1761621772.4470508,2,0,35
1761621772.4840508,1,-4,36
1761621772.5220506,1,2,40
1761621772.5580506,0,8,30
1761621772.5950508,-4,-1,23
1761621772.6340508,-1,-7,31
1761621772.6720507,1,-4,29
1761621772.7080507,0,-4,24
1761621772.745051,3,0,34
1761621772.7830508,0,-3,33
1761621772.8190508,7,1,34
1761621772.8560507,2,1,40
1761621772.8940508,-3,-3,41
1761621772.9320507,0,2,32
1761621772.9680507,-2,-2,35
1761621773.005051,0,-1,13
1761621773.0440507,-1,-4,23
1761621773.0820508,-2,-2,25
1761621773.1180508,-3,-4,34
1761621773.1550508,4,-5,37
1761621773.1940508,4,1,39
1761621773.232051,3,-1,36
1761621773.268051,8,-2,35
1761621773.3050506,3,0,30
1761621773.3430507,0,4,30
1761621773.3790507,-9,1,43
1761621773.416051,-10,-5,36
1761621773.4540508,-4,0,28
1761621773.4900508,-5,-4,28
1761621773.5270507,2,-4,25
1761621773.564051,2,-3,29
1761621773.6030507,-4,1,27
1761621773.6390507,1,-1,33
1761621773.676051,-6,1,29
1761621773.7140508,0,-2,30
1761621773.7500508,-2,-1,33
1761621773.7870507,-3,-2,35
1761621773.8250508,0,-1,39
1761621773.8640506,2,-7,31
1761621773.9000506,-4,-12,24
1761621773.9380507,-1,-9,37
1761621773.9760506,-1,-7,31
1761621774.0140507,-2,-4,39
1761621774.0530508,2,-2,40
1761621774.0890508,-5,-6,41
1761621774.1260507,-8,-4,34
1761621774.1640508,0,4,32
1761621774.2000508,-9,1,37
1761621774.2370508,0,2,40
1761621774.2740507,-4,1,31
1761621774.3100507,0,3,32
1761621774.347051,0,-4,18
1761621774.3840508,2,-3,37
1761621774.4210508,-3,-5,26
1761621774.4580507,-6,-2,37
1761621774.4970508,-8,2,41
1761621774.5350506,3,0,40
1761621774.5730507,0,2,32
1761621774.6090508,0,3,32
1761621774.6470506,4,-2,38
1761621774.6850507,2,-4,30
1761621774.7230508,7,-11,35
1761621774.7590508,8,-8,31
1761621774.7970507,5,-7,32
1761621774.8350508,5,-2,39
1761621774.8730507,0,-3,40
1761621774.9090507,-2,-4,37
1761621774.9470508,-1,0,30
1761621774.985051,-5,-4,40
1761621775.0230508,-7,-2,25
1761621775.0590508,-7,-6,26
1761621775.097051,-1,-1,45
1761621775.1400506,2,-3,42
1761621775.1790507,-3,-2,37
1761621775.2160506,2,-2,35
1761621775.255051,-3,0,45
1761621775.2930508,-6,6,48
1761621775.3290508,0,4,40
1761621775.3660507,-3,0,40
1761621775.4040508,-8,3,26
1761621775.4400508,-3,-3,25
1761621775.4770508,0,-3,37
1761621775.5150506,0,0,31
1761621775.5530508,3,-4,34
1761621775.5890508,-4,0,30
1761621775.6260507,-3,0,40
1761621775.6650507,1,-1,39
1761621775.7010508,-2,-2,36
1761621775.7380507,-2,-2,46
1761621775.7760508,-5,1,48
1761621775.814051,0,-6,27
1761621775.8500507,1,-2,39
1761621775.8870506,0,-3,37
1761621775.9250507,-1,1,33
1761621775.9610507,-1,2,30
1761621775.9980507,-4,4,36
1761621776.0350506,7,6,36
1761621776.0710506,-2,4,42
1761621776.1080508,-1,4,27
1761621776.1450508,0,-1,31
1761621776.1810508,-3,-10,36
1761621776.2190506,3,-2,28
1761621776.2560508,0,2,42
1761621776.2940507,-1,0,37
1761621776.3300507,-1,-3,46
1761621776.3680508,3,-3,43
1761621776.4050508,-1,-5,38
1761621776.4440508,-2,-2,32
1761621776.4800508,7,2,31
1761621776.518051,-4,5,35
1761621776.5550506,0,-3,25
1761621776.5910506,5,-1,29
1761621776.6280508,1,-8,30
1761621776.666051,1,-7,37
1761621776.7040508,-8,-8,24
1761621776.7400508,-4,-3,25
1761621776.7770507,-4,-5,29
1761621776.8160508,1,2,31
1761621776.8540506,4,5,35
1761621776.8900506,2,-5,28
1761621776.9270508,6,1,32
1761621776.9650507,-1,-5,32
1761621777.0010507,0,0,34
1761621777.038051,-1,0,31
1761621777.0770507,1,7,36
1761621777.1150508,2,10,42
1761621777.1510508,-2,1,40
1761621777.1880507,-4,4,31
1761621777.2260506,-7,9,30
1761621777.2640507,-4,0,35
1761621777.3000507,-1,3,36
1761621777.337051,2,2,37
1761621777.3750508,1,-2,50
1761621777.4110508,-4,3,39
1761621777.4480507,-10,-4,32
1761621777.4860508,0,-4,31
1761621777.5240507,-1,-8,27
1761621777.5600507,-4,-11,28
1761621777.5980508,0,-6,33
1761621777.6360507,-4,0,34
1761621777.6750507,-4,2,37
1761621777.7110507,-1,-2,30
1761621777.7480507,-2,0,36
1761621777.7860508,-8,-2,41
1761621777.8250508,-9,0,41
1761621777.8610508,-2,0,39
1761621777.8980508,-4,0,39
1761621777.936051,-1,0,27
1761621777.972051,3,-2,31
1761621778.0090508,-3,-4,35
1761621778.0470507,2,-1,37
1761621778.0850508,0,0,38
1761621778.1210508,3,-1,41
1761621778.1590507,-1,-1,43
1761621778.1970508,-1,0,29
1761621778.235051,-2,0,34
1761621778.2710507,-2,-7,34
1761621778.3090508,-5,-10,33
1761621778.347051,0,-1,30
1761621778.3850508,0,-3,38
1761621778.4210508,-4,-1,34
1761621778.459051,-6,0,42
1761621778.4970508,-7,-2,25
1761621778.5360508,-7,0,16
1761621778.5720508,3,2,27
1761621778.6090508,0,0,27
1761621778.6460507,-6,3,32
1761621778.6850507,-6,-3,34
1761621778.7210507,1,-6,31
1761621778.758051,1,-1,44
1761621778.7960508,-7,-5,40
1761621778.8320508,0,-4,31
1761621778.8690507,5,2,24
1761621778.9070508,2,-4,40
1761621778.9450507,0,-3,34
1761621778.9810507,1,-8,32
1761621779.0190508,0,-4,26
1761621779.0570507,0,-1,31
1761621779.0950508,1,-2,39
1761621779.1310508,-1,-6,36
1761621779.1690507,-4,-6,34
1761621779.2070508,1,-1,31
1761621779.2460508,-7,-7,30
1761621779.2820508,-5,2,35
1761621779.3190508,5,-8,24
1761621779.357051,4,-5,24
1761621779.3950508,3,-4,31
1761621779.4310508,1,-6,27
1761621779.4690506,-3,-10,26
1761621779.5070508,-1,-2,29
1761621779.5460508,-2,-3,32
1761621779.5820508,-1,-1,27
1761621779.6190507,6,1,42
1761621779.6570508,-4,0,33
1761621779.6950507,0,4,36
1761621779.7310507,1,-1,33
1761621779.768051,-4,0,28
1761621779.8070507,-5,-2,34
1761621779.8450508,-5,-10,23
1761621779.8810508,-6,1,23
1761621779.9180508,2,4,29
1761621779.9560506,2,-2,35
1761621779.9920506,0,1,42
1761621780.0290508,-1,7,38
1761621780.0670507,-4,2,31
1761621780.1030507,0,0,17
1761621780.1400506,3,-2,27
1761621780.1770508,5,-3,26
1761621780.2130508,-1,-4,28
1761621780.2500508,-5,-10,37
1761621780.288051,-7,-3,32
1761621780.3270507,-8,2,31
1761621780.3630507,-2,-3,28
1761621780.4000506,-7,-2,27
1761621780.4380507,-2,-2,24
1761621780.4770508,-2,-6,26
1761621780.5130508,0,-2,28
1761621780.5500507,-8,0,30
1761621780.587051,-3,0,28
1761621780.6230507,1,3,28
1761621780.6600506,3,-3,33
1761621780.6970508,0,-1,36
1761621780.7330508,2,-2,33
1761621780.7700508,1,0,29
1761621780.8080506,2,-1,33
1761621780.8460507,9,-1,30
1761621780.8820508,2,-4,31
1761621780.9200506,4,1,33
1761621780.9580507,0,-5,29
1761621780.9960508,0,-1,24
1761621781.0320508,-6,0,24
1761621781.0700507,-5,-3,29
1761621781.1080508,0,-3,36
1761621781.1460507,0,2,38
1761621781.1820507,-1,2,27
1761621781.2190506,-5,-1,41
1761621781.258051,-6,0,44
1761621781.2960508,-3,-1,26
1761621781.3320508,5,0,34
1761621781.3690507,0,3,34
1761621781.4070508,4,0,41
1761621781.4430506,0,-3,46
1761621781.4800508,-1,-6,48
1761621781.518051,-4,-6,32
1761621781.5570507,-3,2,41
1761621781.5930507,5,-2,45
1761621781.630051,-1,0,38
1761621781.6680508,-3,-4,20
1761621781.7060506,-4,-2,37
1761621781.7420506,-7,2,33
1761621781.7790508,-7,4,46
1761621781.8170507,-4,0,35
1761621781.8530507,-3,1,23
1761621781.8900506,-4,2,24
1761621781.9280508,-1,0,27
1761621781.9660506,-2,2,21
1761621782.0020506,-10,-1,28
1761621782.0400507,-7,-4,28
1761621782.0780506,-3,3,25
1761621782.1170506,-5,-2,34
1761621782.153051,2,-4,33
1761621782.1900508,-2,-1,29
1761621782.2290506,-4,0,43
1761621782.2670507,-6,-2,34
1761621782.3030508,-3,-6,40
1761621782.3400507,-11,-4,33
1761621782.3780508,-1,-8,28
1761621782.4170508,0,-6,29
1761621782.4530506,-1,5,37
1761621782.4900508,-2,0,37
1761621782.5290508,-2,-3,31
1761621782.5670507,-4,-4,24
1761621782.6030507,-3,3,21
1761621782.6400506,0,5,22
1761621782.6780508,-1,-6,23
1761621782.7140508,-7,-7,40
1761621782.7510507,-6,3,32
1761621782.788051,0,0,31
1761621782.824051,2,-4,35
1761621782.8610508,-2,0,39
1761621782.8980508,-4,-3,25
1761621782.9370508,-9,0,26
1761621782.9730508,-7,-1,34
1761621783.0110507,-8,-6,36
1761621783.0490508,1,-3,24
1761621783.0880508,0,0,16
1761621783.1240506,-9,-2,24
1761621783.1610508,-3,-5,41
1761621783.2000508,-2,2,38
1761621783.2380507,7,-2,27
1761621783.2740507,10,-4,34
1761621783.311051,4,3,34
1761621783.3490508,-4,-6,33
1761621783.3870506,-5,-2,32
1761621783.4230506,0,-4,39
1761621783.4610507,-2,3,46
1761621783.4990506,-3,2,42
1761621783.5370507,-3,-1,34
1761621783.5730507,-4,-1,30
1761621783.6110508,0,-2,39
1761621783.6490507,-6,-3,31
1761621783.6880507,-1,0,35
1761621783.7240508,-3,-2,26
1761621783.7610507,4,0,35
1761621783.7990508,-1,3,31
1761621783.837051,5,-2,32
1761621783.8730507,0,-8,35
1761621783.9110508,0,-3,48
1761621783.949051,1,2,36
1761621783.9870508,3,0,30
1761621784.0230508,6,2,38
1761621784.061051,11,0,47
1761621784.0990508,5,-4,46
1761621784.1370506,2,-4,31
1761621784.1730506,4,-3,34
1761621784.2110507,-6,0,30
1761621784.2490506,2,-2,39
1761621784.2870507,1,-7,32
1761621784.3230507,-3,0,28
1761621784.3610508,-4,0,23
1761621784.3990507,-5,-9,29
1761621784.4370508,-1,-4,24
1761621784.4730508,-3,-5,28
1761621784.5110507,-6,0,23
1761621784.5490508,3,-2,23
1761621784.5850508,4,-1,25
1761621784.6220508,-6,0,34
1761621784.6590507,-4,-2,27
1761621784.6980507,-9,-2,34
1761621784.7340508,-12,-8,22
1761621784.7710507,-7,-6,27
1761621784.8090508,-4,-5,37
1761621784.8480508,-7,-8,31
1761621784.8840508,-9,-4,36
1761621784.9210508,-6,7,31
1761621784.959051,-8,5,38
1761621784.995051,-3,1,38
1761621785.0320508,0,4,35
1761621785.0690508,0,0,32
1761621785.1050508,-2,-6,32
1761621785.1510508,2,-2,37
1761621785.189051,2,2,34
1761621785.2250507,4,0,41
1761621785.2630508,3,-1,41
1761621785.3000507,1,2,45
1761621785.3380508,-8,0,33
1761621785.3740506,-5,-8,44
1761621785.4110508,1,-4,36
1761621785.4500508,-2,-1,43
1761621785.4880507,3,3,45
1761621785.5240507,2,3,44
1761621785.561051,-1,3,32
1761621785.6000507,2,-3,23
1761621785.6380508,1,-5,11
1761621785.6740508,-1,-4,31
1761621785.712051,-5,1,32
1761621785.7500508,0,2,31
1761621785.788051,0,-1,29
1761621785.824051,-1,1,36
1761621785.8610508,1,-3,42
1761621785.9000506,0,-7,32
1761621785.9380507,7,-7,35
1761621785.9740508,-1,-6,33
1761621786.0120506,3,-6,22
1761621786.051051,7,3,27
1761621786.0890508,0,1,15
1761621786.1250508,9,0,25
1761621786.1620507,6,-6,45
1761621786.2010508,1,-5,35
1761621786.2390506,0,0,32
1761621786.2750506,-2,4,32
1761621786.3130507,-13,0,33
1761621786.3510506,-12,-3,39
1761621786.3890507,-4,-2,29
1761621786.4250507,-7,1,30
1761621786.4630508,-4,0,34
1761621786.5010507,0,0,33
1761621786.5390508,-15,0,42
1761621786.5750508,-3,-3,41
1761621786.6130507,2,1,30
1761621786.6500506,5,-2,43
1761621786.686051,4,-3,32
1761621786.7230508,5,-6,41
1761621786.7610507,3,-1,32
1761621786.7990508,1,0,49
1761621786.8350508,1,-6,49
1761621786.8720508,0,-4,38
1761621786.9100506,0,-1,35
1761621786.9460506,1,-1,33
1761621786.9830508,-6,2,27
1761621787.0210507,-5,-5,28
1761621787.0600507,-3,-2,47
1761621787.0960507,-1,-4,36
1761621787.133051,5,-3,37
1761621787.1710508,0,0,35
1761621787.209051,-5,-1,47
1761621787.245051,0,-3,53
1761621787.2830508,11,-9,48
1761621787.3210506,9,-10,29
1761621787.3590508,7,-6,28
1761621787.3950508,-1,0,30
1761621787.4340508,-1,0,36
1761621787.4710507,1,1,36
1761621787.5090508,0,7,34
1761621787.5450506,0,4,42
1761621787.5820508,3,-1,43
1761621787.620051,3,2,28
1761621787.6560507,0,-3,30
1761621787.6930506,-7,-5,36
1761621787.7310507,4,-3,33
1761621787.7700508,2,-4,33
1761621787.8060508,6,-3,30
1761621787.8430507,-2,0,38
1761621787.8810508,-6,-1,35
1761621787.9190507,-4,-2,38
1761621787.9550507,-2,0,37
1761621787.9920506,-6,-1,44
1761621788.0310507,-4,1,29
1761621788.0690508,4,6,37
1761621788.1050508,1,-2,35
1761621788.143051,3,-1,30
1761621788.1810508,-4,3,37
1761621788.2190506,2,1,33
1761621788.255051,1,-2,33
1761621788.2920508,1,1,37
1761621788.3300507,-3,7,36
1761621788.3660507,2,0,37
1761621788.403051,-6,1,33
1761621788.4410508,-4,1,24
1761621788.4790506,-2,3,16
1761621788.5150506,-10,-7,29
1761621788.5530508,2,-4,34
1761621788.5910506,0,0,42
1761621788.6290507,-4,4,49
1761621788.6650507,0,0,28
1761621788.7020507,-1,0,33
1761621788.7400508,-1,0,24
1761621788.7760508,0,-1,23
1761621788.814051,-5,-8,31
1761621788.8510506,3,1,26
1761621788.8870506,1,4,37
1761621788.9240508,4,2,40
1761621788.962051,7,0,43
1761621789.0000508,0,0,47
1761621789.0370507,-6,0,29
1761621789.074051,7,-4,28
1761621789.1120508,4,-6,29
1761621789.1500506,-7,-5,39
1761621789.186051,-4,0,37
1761621789.2230508,-4,-2,33
1761621789.2610507,0,-5,30
1761621789.2970507,-6,2,32
1761621789.3350508,-3,1,28
1761621789.3720508,2,3,36
1761621789.4100506,-4,-2,38
1761621789.4460506,-3,-2,35
1761621789.485051,6,-2,32
1761621789.5220506,3,0,40
1761621789.5600507,0,2,22
1761621789.5960507,0,-2,29
1761621789.633051,1,0,26
1761621789.6710508,-5,4,30
1761621789.7070508,-6,5,40
1761621789.7440507,4,4,40
1761621789.7820508,3,6,52
1761621789.8200507,-1,3,36
1761621789.8560507,-6,0,36
1761621789.893051,3,-1,29
1761621789.9320507,0,-5,37
1761621789.9700508,-9,-3,24
1761621790.0060508,-2,-2,36
1761621790.0430508,0,3,39
1761621790.0810506,-2,-4,40
1761621790.1170506,0,0,41
1761621790.1540508,0,2,41
1761621790.1920507,0,0,33
1761621790.2300508,5,-5,42
1761621790.2670507,5,-6,37
1761621790.3050506,6,-2,31
1761621790.3420508,0,0,32
1761621790.380051,1,-1,28
1761621790.416051,-4,-10,33
1761621790.4530506,-2,0,43
1761621790.4920506,10,-4,37
1761621790.5300508,-5,-4,30
1761621790.5660508,-2,-1,29
1761621790.6030507,-4,-2,33
1761621790.6420507,0,-6,34
1761621790.6800506,-3,-11,33
1761621790.7170508,5,-7,24
1761621790.7540507,1,-6,24
1761621790.7920508,-4,-7,30
1761621790.8310506,-2,-8,38
1761621790.8670506,5,-5,30
1761621790.9050508,-2,0,29
1761621790.9420507,0,-3,37
1761621790.9780507,2,5,37
1761621791.0150506,0,1,24
1761621791.0520508,-6,3,17
1761621791.0880508,-3,6,28
1761621791.1250508,-5,1,34
1761621791.163051,2,6,38
1761621791.2020507,-2,1,35
1761621791.2380507,0,0,28
1761621791.2750506,-2,2,25
1761621791.3120508,-5,-3,29
1761621791.3510506,-4,-1,34
1761621791.3870506,0,0,28
1761621791.4240508,1,4,28
1761621791.462051,4,2,33
1761621791.4980507,2,-2,35
1761621791.5350506,7,-6,28
1761621791.5720508,3,-6,31
1761621791.6080508,-3,-5,26
1761621791.6460507,-3,1,30
1761621791.6830506,1,-2,36
1761621791.7210507,1,4,37
1761621791.7570508,0,5,46
1761621791.7940507,-5,-2,42
1761621791.8330507,0,4,42
1761621791.8710508,3,4,34
1761621791.9070508,5,-6,29
1761621791.9440508,0,-6,28
1761621791.9830508,2,0,24
1761621792.0210507,-1,-2,32
1761621792.0570507,0,-3,26
1761621792.0940506,0,-1,21
1761621792.1320508,4,-4,33
1761621792.1680508,3,-2,28
1761621792.2050507,4,-5,31
1761621792.2430508,-2,-3,22
1761621792.2810507,-5,-4,33
1761621792.3170507,-1,-2,40
1761621792.3540506,-2,-6,30
1761621792.393051,-6,-7,38
1761621792.4310508,0,-6,29
1761621792.4670508,0,-7,32
1761621792.505051,-1,-3,30
1761621792.5430508,3,-5,39
1761621792.5810506,-4,-6,27
1761621792.6170506,-9,-4,29
1761621792.6540508,0,-4,38
1761621792.6920507,7,-9,31
1761621792.7280507,2,-6,34
1761621792.7650506,2,-1,26
1761621792.8030508,2,-4,30
1761621792.8410506,2,0,38
1761621792.8770506,-3,1,36
1761621792.9140508,-1,4,34
1761621792.9520507,5,0,36
1761621792.9880507,-2,-5,30
1761621793.0260508,-4,-2,37
1761621793.0630507,-2,-1,45
1761621793.1020508,-5,-3,36
1761621793.1380508,-3,-12,38
1761621793.1750507,6,-2,40
1761621793.2130508,-2,1,30
1761621793.2490506,-2,-3,37
1761621793.2870507,9,-1,25
1761621793.324051,0,0,40
1761621793.3620508,4,-2,26
1761621793.3980508,0,5,30
1761621793.4350507,1,0,31
1761621793.4730508,2,-9,53
1761621793.5090508,5,-5,34
1761621793.5460508,3,-3,40
1761621793.5830507,0,-6,41
1761621793.6190507,-4,-2,29
1761621793.6570508,-4,2,22
1761621793.6940508,4,5,30
1761621793.732051,4,0,30
1761621793.768051,0,0,25
1761621793.8050506,5,0,32
1761621793.8430507,-5,-1,51
1761621793.8790507,0,0,39
1761621793.916051,-4,2,31
1761621793.9540508,0,0,33
1761621793.9920506,4,1,22
1761621794.028051,2,1,26
1761621794.0650508,1,-1,25
1761621794.1030507,1,-5,35
1761621794.1390507,3,-7,41
1761621794.176051,-1,0,35
1761621794.2140508,-6,-2,40
1761621794.2520506,0,5,52
1761621794.288051,-1,-5,48
1761621794.3250508,-5,-2,35
1761621794.3640506,5,-5,32
1761621794.4020507,0,-4,34
1761621794.4380507,10,0,35
1761621794.4750507,1,1,32
1761621794.5140507,0,1,35
1761621794.5520508,6,-1,27
1761621794.5880508,0,1,24
1761621794.6250508,-7,3,39
1761621794.6640508,2,0,33
1761621794.7020507,-5,-1,41
1761621794.7380507,-10,-4,32
1761621794.7750506,0,-1,43
1761621794.814051,3,-2,34
1761621794.8520508,1,-6,35
1761621794.8880508,6,0,35
1761621794.9250507,3,0,24
1761621794.9640508,5,-4,34
1761621795.0020506,1,-5,43
1761621795.038051,0,-6,37
1761621795.0750508,-7,-1,44
1761621795.1140506,-2,8,34
1761621795.1580508,-5,3,39
1761621795.1960506,2,0,33
1761621795.2340508,-1,-2,32
1761621795.2700508,-3,-1,34
1761621795.3070507,-4,-5,44
1761621795.3450508,0,-7,28
1761621795.383051,3,-9,30
1761621795.4190507,5,-8,28
1761621795.4560506,5,-3,30
1761621795.4940507,3,-3,32
1761621795.5300508,0,4,37
1761621795.5670507,0,6,36
1761621795.6040506,7,0,41
1761621795.6400506,6,-4,38
1761621795.6780508,-3,-3,32
1761621795.7150507,0,-4,33
1761621795.7530508,0,-5,48
1761621795.7890508,8,0,41
1761621795.8260508,0,-2,38
1761621795.8640506,-1,-2,34
1761621795.9000506,1,-1,37
1761621795.9370508,-2,0,45
1761621795.9740508,2,-1,43
1761621796.0100508,-1,-1,38
1761621796.0480506,-2,-5,47
1761621796.0860507,2,0,39
1761621796.1240506,0,3,35
1761621796.1600506,0,-3,38
1761621796.1980507,-3,-1,32
1761621796.235051,-2,-1,32
1761621796.2740507,-4,0,35
1761621796.311051,-3,0,38
1761621796.3480508,-1,0,35
1761621796.3860507,4,-4,21
1761621796.4240508,5,-5,37
1761621796.4600508,8,-8,40
1761621796.4970508,9,0,37
1761621796.5350506,-2,4,43
1761621796.5730507,-6,-6,40
1761621796.6090508,-4,-7,38
1761621796.6470506,5,0,43
1761621796.6850507,-1,0,37
1761621796.7230508,-4,-3,29
1761621796.7590508,-3,0,38
1761621796.7960508,-7,4,35
1761621796.834051,-3,-2,30
1761621796.870051,2,-1,30
1761621796.9080508,1,3,32
1761621796.9450507,-3,0,36
1761621796.9830508,0,-4,29
1761621797.0190508,-8,-6,28
1761621797.0560508,-7,-2,33
1761621797.0950508,3,0,37
1761621797.133051,-5,-1,38
1761621797.1690507,-2,-7,43
1761621797.2060506,-1,-5,32
1761621797.245051,-1,-8,32
1761621797.2830508,-8,-5,31
1761621797.3190508,-4,-5,21
1761621797.3560507,0,-4,22
1761621797.3940508,-2,-10,39
1761621797.4300506,-6,-7,34
1761621797.4680507,-3,1,38
1761621797.505051,5,2,44
1761621797.5440507,0,1,37
1761621797.5800507,3,-1,39
1761621797.6170506,-1,-1,45
1761621797.6550508,0,-5,33
1761621797.6910508,2,1,41
1761621797.7280507,-2,1,47
1761621797.7650506,1,-6,28
1761621797.8040507,-7,-3,28
1761621797.8400507,-8,-6,33
1761621797.8780508,7,-5,32
1761621797.9150507,0,-6,42
1761621797.9510508,-1,-4,42
1761621797.9880507,2,-1,37
1761621798.0250506,-2,-7,23
1761621798.064051,-8,0,32
1761621798.1000507,-2,0,26
1761621798.1370506,0,0,32
1761621798.1750507,2,5,43
1761621798.2110507,2,-1,30
1761621798.2480507,-4,0,34
1761621798.2860508,1,1,39
1761621798.324051,-2,0,44
1761621798.360051,4,-3,31
1761621798.3970506,0,2,34
1761621798.4350507,-5,-8,28
1761621798.4710507,-4,-8,30
1761621798.508051,-3,-5,31
1761621798.5460508,-4,2,32
1761621798.584051,-7,2,31
1761621798.620051,-2,5,27
1761621798.6570508,-5,-5,31
1761621798.6960506,-8,-4,37
1761621798.7340508,-12,-2,29
1761621798.7700508,-5,2,32
1761621798.8070507,-2,0,28
1761621798.8450508,4,-1,40
1761621798.8810508,1,-5,33
1761621798.9180508,6,1,37
1761621798.9560506,7,1,38
1761621798.9940507,6,-3,29
1761621799.0300508,0,-3,22
1761621799.0680506,0,3,41
1761621799.1060507,5,1,37
1761621799.1440508,0,-1,29
1761621799.1810508,2,-5,32
1761621799.2180507,-3,-2,33
1761621799.2560508,-2,-5,31
1761621799.2950506,-5,-4,18
1761621799.3310506,-1,-3,21
1761621799.3680508,0,0,36
1761621799.4060507,1,-3,36
1761621799.4440508,-4,0,20
1761621799.4800508,1,-5,28
1761621799.518051,-8,0,39
1761621799.5560508,1,2,38
1761621799.5920508,1,0,38
1761621799.630051,11,6,38
1761621799.6670508,0,-1,28
1761621799.7050507,-2,8,27
1761621799.7410507,-6,-1,30
1761621799.778051,-3,0,36
1761621799.8160508,0,-3,40
1761621799.8520508,-2,-9,43
1761621799.8890507,10,-9,33
1761621799.9270508,3,-9,43
1761621799.9660506,-2,0,36
1761621800.0020506,-9,0,39
1761621800.0390508,-3,1,40
1761621800.0760508,0,-2,39
1761621800.1150508,-7,2,31
1761621800.1510508,0,-5,27
1761621800.189051,3,0,28
1761621800.2260506,0,0,40
1761621800.2620506,0,8,33
1761621800.2990508,0,-2,36
1761621800.337051,-3,-4,32
1761621800.3760507,3,-4,36
1761621800.4120507,5,-10,44
1761621800.449051,0,1,38
1761621800.4870508,4,1,30
1761621800.5250506,-1,-2,28
1761621800.561051,0,1,27
1761621800.5980508,1,-5,34
1761621800.6360507,4,-1,37
1761621800.6720507,-4,-2,35
1761621800.7100508,-3,-2,33
1761621800.7470508,0,-3,39
1761621800.7850506,-4,1,42
1761621800.8210506,0,-4,40
1761621800.860051,6,-3,38
1761621800.8970506,0,2,34
1761621800.9350507,-3,7,37
1761621800.9710507,-5,-2,31
1761621801.0100508,-6,-5,29
1761621801.0470507,3,0,29
1761621801.0850508,1,-1,38
1761621801.1210508,-3,-3,41
1761621801.1590507,2,4,35
1761621801.1970508,-3,3,31
1761621801.235051,-5,3,23
1761621801.2710507,-2,0,39
1761621801.3090508,-6,6,38
1761621801.347051,-1,4,46
1761621801.3850508,-5,-3,28
1761621801.4210508,-6,-7,36
1761621801.459051,-2,0,45
1761621801.4970508,2,-1,41
1761621801.5360508,0,-3,42
1761621801.5720508,4,2,37
1761621801.6090508,2,0,41
1761621801.6470506,-1,-1,33
1761621801.686051,-7,-4,33
1761621801.722051,2,0,34
1761621801.7590508,6,4,31
1761621801.7970507,0,-3,28
1761621801.8330507,0,1,31
1761621801.8710508,7,-6,29
1761621801.9090507,-6,-7,32
1761621801.9470508,-5,-8,37
1761621801.9860508,2,0,33
1761621802.0220506,0,-8,28
1761621802.0590508,0,1,27
1761621802.097051,1,0,32
1761621802.133051,8,-3,31
1761621802.1700506,0,-1,34
1761621802.2070508,1,0,37
1761621802.2430508,0,-7,20
1761621802.2800508,-7,2,25
1761621802.3170507,4,-1,24
1761621802.3530507,0,-3,31
1761621802.3900506,5,-2,39
1761621802.4280508,0,-1,39
1761621802.4660506,2,-3,26
1761621802.5020506,-3,0,24
1761621802.5390508,-9,0,32
1761621802.5780506,-6,-2,33
1761621802.6160507,-8,-1,16
1761621802.653051,-9,0,28
1761621802.6900508,-1,-5,36
1761621802.7280507,0,0,29
1761621802.7660508,-3,-2,37
1761621802.8020508,0,-2,40
1761621802.8400507,5,-6,38
1761621802.8780508,0,-4,28
1761621802.916051,0,-1,34
1761621802.9530506,0,-6,33
1761621802.9900508,2,1,33
1761621803.028051,-5,0,27
1761621803.0660508,7,0,34
1761621803.1030507,0,5,32
1761621803.1400506,0,-7,34
1761621803.1780508,0,-6,29
1761621803.2160506,1,-2,37
1761621803.2520506,-2,-1,33
1761621803.2890508,-8,-1,40
1761621803.3280506,-1,1,33
1761621803.3660507,0,4,28
1761621803.4020507,7,8,37
1761621803.439051,-1,7,35
1761621803.4770508,-6,7,29
1761621803.5130508,-1,5,38
1761621803.5500507,1,-1,40
1761621803.5880508,3,-2,37
1761621803.6260507,0,-2,41
1761621803.6620507,0,3,39
1761621803.699051,-4,3,34
1761621803.7370508,-1,0,29
1761621803.7730508,-3,-4,39
1761621803.8100507,0,0,50
1761621803.8480508,1,2,42
1761621803.8840508,-7,-4,42
1761621803.9210508,-5,-3,43
1761621803.959051,0,-1,34
1761621803.9980507,-1,2,30
1761621804.0340507,-6,2,33
1761621804.0720508,-1,0,37
1761621804.110051,-1,-1,39
1761621804.1480508,4,-1,39
1761621804.1870508,3,-1,29
1761621804.2230508,5,0,36
1761621804.2600508,0,-3,38
1761621804.2980506,-3,-3,40
1761621804.334051,-3,-2,37
1761621804.3720508,-3,0,29
1761621804.4100506,-1,-1,28
1761621804.4480507,-3,2,32
1761621804.4870508,1,-2,37
1761621804.5230508,1,-10,37
1761621804.5600507,5,-7,27
1761621804.5980508,2,0,33
1761621804.6340508,0,0,37
1761621804.6710508,-3,-2,37
1761621804.709051,1,1,42
1761621804.7480507,-5,-8,32
1761621804.7840507,4,-2,37
1761621804.8210506,2,-8,26
1761621804.8590508,-3,-4,31
1761621804.8970506,-7,-4,24
1761621804.9330506,1,-6,30
1761621804.9700508,5,1,27
1761621805.008051,3,0,22
1761621805.0450506,2,-1,17
1761621805.0820508,0,3,38
1761621805.1190507,0,6,31
1761621805.163051,4,12,39
1761621805.2010508,0,3,32
1761621805.2390506,0,-3,34
1761621805.2770507,0,-1,29
1761621805.3130507,1,-6,44
1761621805.3510506,-7,0,38
1761621805.3890507,-7,3,27
1761621805.4270508,-4,3,39
1761621805.4630508,-7,3,39
1761621805.5010507,-1,-1,39
1761621805.5400507,-5,-1,24
1761621805.5780506,1,1,27
1761621805.6140506,-3,-4,32
1761621805.6510508,3,0,42
1761621805.689051,-2,-1,40
1761621805.7270508,-2,-9,33
1761621805.7630508,-4,-1,33
1761621805.801051,0,0,34
1761621805.8390508,6,0,30
1761621805.8770506,1,-1,39
1761621805.913051,-3,0,43
1761621805.9510508,2,-9,40
1761621805.9890506,-4,-8,34
1761621806.0250506,-4,-2,40
1761621806.0620508,0,-1,26
1761621806.0990508,0,-9,32
1761621806.1350508,-7,-5,28
1761621806.1730506,1,-1,44
1761621806.2100508,0,0,33
1761621806.2480507,-5,4,28
1761621806.2840507,-3,0,30
1761621806.3210506,-1,4,34
1761621806.3590508,-7,-9,47
1761621806.3950508,-5,-2,35
1761621806.4320507,3,-7,39
1761621806.4690506,4,-7,33
1761621806.505051,5,-2,30
1761621806.5420508,6,-2,33
1761621806.5800507,3,8,33
1761621806.6180508,-6,0,32
1761621806.6540508,-3,-5,24
1761621806.6920507,0,4,25
1761621806.7300508,1,1,34
1761621806.768051,-1,1,35
1761621806.8040507,-5,0,50
1761621806.8410506,-8,-11,35
1761621806.8790507,-7,-4,40
1761621806.9180508,0,1,34
1761621806.9540508,1,0,37
1761621806.9910507,0,-1,32
1761621807.0290508,-6,0,23
1761621807.0650508,-5,-2,30
1761621807.1030507,1,4,32
1761621807.1400506,-2,-1,36
1761621807.1790507,-7,-2,31
1761621807.2150507,-8,-1,43
1761621807.2520506,-6,-1,34
1761621807.2900507,2,-10,42
1761621807.3280506,1,-8,33
1761621807.3640506,0,-2,26
1761621807.4010508,2,1,32
1761621807.439051,4,-10,27
1761621807.4750507,5,0,30
1761621807.5120506,-3,-1,36
1761621807.5500507,-5,-2,39
1761621807.5890508,-6,-3,34
1761621807.6250508,-8,0,36
1761621807.6620507,-4,-2,35
1761621807.7000508,4,0,32
1761621807.7390506,4,-1,33
1761621807.7750506,-3,0,32
1761621807.8130507,-7,-6,16
1761621807.8510506,-4,0,33
1761621807.8890507,-4,2,25
1761621807.9250507,10,-3,21
1761621807.962051,0,-11,32
1761621808.0000508,-5,2,31
1761621808.038051,2,3,31
1761621808.074051,-6,3,34
1761621808.1110508,-4,0,34
1761621808.1490507,0,-3,38
1761621808.186051,8,-8,40
1761621808.2230508,-2,1,36
1761621808.2610507,-6,-5,33
1761621808.2990508,-1,1,33
1761621808.3360507,1,2,34
1761621808.3730507,2,-4,28
1761621808.4110508,3,-9,34
1761621808.449051,1,-3,38
1761621808.485051,1,-4,42
1761621808.5230508,-2,5,34
1761621808.5600507,3,-2,38
1761621808.5990508,-8,3,47
1761621808.6350508,-4,3,41
1761621808.6720507,-12,-4,34
1761621808.7100508,-4,-11,35
1761621808.7490506,1,-3,36
1761621808.7850506,-2,0,31
1761621808.8230507,0,-5,28
1761621808.8610508,1,-5,31
1761621808.8990507,4,-4,38
1761621808.9350507,-11,-2,43
1761621808.972051,-7,0,41
1761621809.0100508,-8,-7,29
1761621809.0460508,-1,-8,42
1761621809.084051,-3,-2,32
1761621809.1220508,0,2,36
1761621809.1600506,-1,-1,33
1761621809.1960506,7,-1,32
1761621809.2330508,1,-7,30
1761621809.2710507,1,0,24
1761621809.3090508,3,6,36
1761621809.3450508,5,1,44
1761621809.3820508,0,0,34
1761621809.4200506,6,-9,40
1761621809.4560506,2,-4,37
1761621809.4930508,1,-6,40
1761621809.5310507,2,2,37
1761621809.5690508,0,-5,26
1761621809.6050508,4,-7,36
1761621809.6420507,3,-1,37
1761621809.6810508,1,-1,38
1761621809.7190506,1,-2,29
1761621809.755051,0,-5,37
1761621809.7920508,-1,-3,28
1761621809.8310506,-10,-2,37
1761621809.8690507,2,-10,27
1761621809.9050508,8,0,28
1761621809.9420507,1,0,30
1761621809.9800508,5,0,38
1761621810.0160508,3,1,39
1761621810.0540507,2,-1,42
1761621810.0910506,-1,-6,38
1761621810.130051,1,-3,26
1761621810.166051,1,-3,39
1761621810.2040508,-3,1,42
1761621810.2410507,0,-1,39
1761621810.2800508,-2,3,33
1761621810.3160508,0,-2,31
1761621810.3530507,9,4,27
1761621810.3910508,-1,-1,28
1761621810.4270508,0,2,27
1761621810.4640508,-1,-9,26
1761621810.5020506,-6,-1,37
1761621810.541051,-12,2,25
1761621810.5770507,-6,0,36
1761621810.6140506,0,-3,35
1761621810.6520507,-2,1,40
1761621810.6900508,0,-3,36
1761621810.7260506,0,-5,34
1761621810.7640507,-6,-5,27
1761621810.8020508,-8,-2,24
1761621810.8410506,6,1,28
1761621810.8770506,6,0,31
1761621810.9140508,3,-1,35
1761621810.9510508,-6,0,38
1761621810.9870508,-7,1,41
1761621811.0240507,-1,-1,30
1761621811.0620508,1,-1,38
1761621811.1000507,6,0,24
1761621811.1360507,7,-10,26
1761621811.1730506,1,-9,26
1761621811.2110507,1,-5,38
1761621811.2470508,4,-5,49
1761621811.2840507,-2,4,37
1761621811.3220508,-3,6,32
1761621811.360051,-2,0,31
1761621811.3960507,0,-4,27
1761621811.4330506,0,-1,24
1761621811.4710507,-2,3,27
1761621811.5070508,2,0,33
1761621811.5440507,3,1,38
1761621811.5820508,1,0,29
1761621811.620051,2,6,37
1761621811.6560507,7,0,38
1761621811.6930506,10,-1,30
1761621811.732051,9,-5,36
1761621811.7700508,6,-4,36
1761621811.8060508,5,-2,24
1761621811.8430507,2,0,22
1761621811.8810508,1,-8,32
1761621811.9170508,0,-2,35
1761621811.9550507,3,-6,36
1761621811.9920506,2,-3,33
1761621812.0300508,2,-2,39
1761621812.0660508,4,1,30
1761621812.1030507,-2,2,40
1761621812.1410508,4,-2,35
1761621812.1770508,6,0,41
1761621812.2140508,0,0,37
1761621812.2520506,-1,-8,39
1761621812.2900507,-8,-8,34
1761621812.3260508,3,0,21
1761621812.3630507,-6,0,22
1761621812.4020507,-2,-8,26
1761621812.4400508,-2,-7,31
1761621812.4760506,-2,-7,24
1761621812.5130508,5,-6,35
1761621812.5520508,0,-2,39
1761621812.5880508,-2,1,30
1761621812.6250508,-4,-4,36
1761621812.663051,2,-5,36
1761621812.7020507,4,-6,35
1761621812.7380507,5,-3,31
1761621812.7750506,3,-7,29
1761621812.8120508,0,0,24
1761621812.8480508,-2,-3,33
1761621812.8850508,-1,-6,30
1761621812.9230506,0,-4,28
1761621812.9610507,-7,-6,40
1761621812.9970508,-6,-2,39
1761621813.0350506,-2,1,33
1761621813.0720508,-1,3,32
1761621813.1080508,-2,0,34
1761621813.1450508,-9,-1,42
1761621813.1830506,-7,6,34
1761621813.222051,2,1,32
1761621813.258051,3,0,34
1761621813.2950506,3,1,31
1761621813.3320508,-5,2,35
1761621813.3680508,0,-2,39
1761621813.4050508,-3,-4,28
1761621813.4430506,-10,0,23
1761621813.4810507,-3,0,27
1761621813.5170507,-3,0,39
1761621813.5540507,9,-2,34
1761621813.5920508,4,-1,38
1761621813.6280508,-2,-11,30
1761621813.666051,-2,-1,37
1761621813.7040508,-4,-1,35
1761621813.7430508,-9,-7,39
1761621813.7810507,-10,-8,28
1761621813.8170507,-3,-8,22
1761621813.8540506,1,-2,10
1761621813.8920507,1,-6,22
1761621813.9280508,-6,-1,25
1761621813.9670508,-7,-5,34
1761621814.0040507,-4,-1,37
1761621814.0430508,-2,0,31
1761621814.0810506,-1,2,30
1761621814.1170506,-9,-4,35
1761621814.1540508,-2,-10,36
1761621814.1930506,8,-8,33
1761621814.2310507,1,1,40
1761621814.2670507,2,3,35
1761621814.3040507,4,0,28
1761621814.3420508,4,0,34
1761621814.3780508,7,0,32
1761621814.4150507,0,-1,32
1761621814.4530506,-2,1,33
1761621814.4910507,-2,-4,30
1761621814.5270507,-5,1,28
1761621814.564051,3,-2,30
1761621814.6030507,1,0,40
1761621814.6410508,-2,0,42
1761621814.6770508,-5,6,37
1761621814.7140508,0,-5,33
1761621814.7530508,-4,0,36
1761621814.7890508,0,0,34
1761621814.8260508,3,-4,28
1761621814.8630507,0,0,27
1761621814.8990507,2,0,34
1761621814.9370508,2,0,40
1761621814.9740508,-1,0,49
1761621815.0120506,-6,-5,31
1761621815.0480506,2,-4,41
1761621815.0860507,0,0,30
1761621815.1230507,2,-4,23
1761621815.1670508,6,-1,43
1761621815.2050507,0,-6,37
1761621815.2430508,2,-4,21
1761621815.2790508,-1,1,26
1761621815.3160508,0,1,30
1761621815.3530507,-6,0,25
1761621815.3890507,-7,-2,23
1761621815.426051,-2,-8,22
1761621815.4640508,6,-7,36
1761621815.5030508,-4,-5,32
1761621815.5390508,0,1,30
1761621815.5760508,0,-1,23
1761621815.6140506,5,0,28
1761621815.653051,3,-5,34
1761621815.689051,-3,-4,39
1761621815.7270508,1,6,32
1761621815.7640507,2,4,34
1761621815.8030508,0,-2,43
1761621815.8390508,1,-3,28
1761621815.8760507,-8,0,33
1761621815.9140508,1,-1,28
1761621815.9530506,0,-4,27
1761621815.9890506,0,-5,31
1761621816.0260508,-1,1,38
1761621816.064051,-4,-5,33
1761621816.1020508,0,-1,31
1761621816.1380508,0,8,24
1761621816.1750507,5,4,32
1761621816.2130508,8,2,36
1761621816.2490506,0,0,25
1761621816.2860508,-1,-1,24
1761621816.324051,4,0,24
1761621816.3620508,1,0,28
1761621816.3980508,1,4,24
1761621816.4350507,1,2,34
1761621816.4730508,1,-3,38
1761621816.5090508,3,-2,50
1761621816.5460508,-1,-3,46
1761621816.584051,4,-11,37
1761621816.6230507,1,-1,35
1761621816.6590507,3,-3,34
1761621816.6960506,-3,-2,40
1761621816.7340508,3,4,39
1761621816.7720506,-1,0,41
1761621816.8080506,5,7,39
1761621816.8450508,0,-3,30
1761621816.8840508,-1,0,26
1761621816.9200506,0,-1,24
1761621816.9570508,0,8,37
1761621816.9940507,-4,0,27
1761621817.0300508,0,1,27
1761621817.0670507,0,4,34
1761621817.1040506,-3,-5,40
1761621817.143051,0,-1,32
1761621817.1790507,-6,-4,29
1761621817.2160506,-1,-3,24
1761621817.2540507,2,-2,32
1761621817.2930508,0,-4,31
1761621817.3290508,-2,3,23
1761621817.3660507,1,3,26
1761621817.4040508,7,0,25
1761621817.4400508,1,-4,24
1761621817.4770508,0,-3,29
1761621817.5150506,2,0,40
1761621817.5530508,-9,-1,37
1761621817.5890508,-1,0,32
1761621817.6270506,-1,2,26
1761621817.6640508,3,0,29
1761621817.7030506,3,-2,35
1761621817.7390506,7,1,19
1761621817.7770507,1,4,17
1761621817.8150508,6,0,24
1761621817.8530507,7,2,28
1761621817.8890507,-1,3,29
1761621817.9270508,2,3,38
1761621817.9650507,-2,5,39
1761621818.0030508,-2,5,33
1761621818.0390508,3,-3,42
1761621818.0770507,1,0,41
1761621818.1150508,3,-3,39
1761621818.153051,-2,0,43
1761621818.189051,-1,3,37
1761621818.2270508,1,1,35
1761621818.2650506,-4,-6,25
1761621818.3030508,-4,-1,32
1761621818.3390508,-9,2,23
1761621818.3770506,0,9,27
1761621818.4150507,-1,-4,46
1761621818.4530506,2,-1,37
1761621818.4890506,2,-3,38
1761621818.5270507,7,-5,29
1761621818.5660508,0,5,35
1761621818.6040506,1,-2,38
1761621818.6400506,3,-1,34
1761621818.6770508,0,-2,25
1761621818.7150507,4,-7,22
1761621818.7530508,0,-4,34
1761621818.7890508,-5,-2,25
1761621818.8270507,2,-5,29
1761621818.8650508,7,-6,23
1761621818.903051,3,-2,36
1761621818.939051,5,-5,31
1761621818.9770508,2,-9,27
1761621819.0150506,3,-3,34
1761621819.0530508,4,-4,34
1761621819.0890508,4,-2,37
1761621819.1270506,0,-2,36
1761621819.1650507,1,-1,35
1761621819.2010508,-3,3,36
1761621819.2380507,2,0,21
1761621819.2750506,1,1,26
1761621819.311051,4,-5,34
1761621819.3490508,-1,2,33
1761621819.3860507,0,0,33
1761621819.4240508,-4,-1,36
1761621819.4600508,-5,-1,25
1761621819.4980507,1,-3,31
1761621819.5360508,1,0,31
1761621819.574051,4,2,44
1761621819.610051,4,-3,37
1761621819.6490507,3,0,42
1761621819.686051,1,2,36
1761621819.7240508,-4,2,34
1761621819.7610507,-1,-1,28
1761621819.7980506,-6,-6,31
1761621819.8360507,-4,-2,37
1761621819.8750508,-8,-3,19
1761621819.9110508,-6,-2,31
1761621819.949051,-1,-5,32
1761621819.9870508,1,1,28
1761621820.0250506,-2,0,41
1761621820.061051,0,0,39
1761621820.0990508,-3,2,29
1761621820.1360507,-1,-2,47
1761621820.1750507,-3,-4,42
1761621820.2110507,1,-5,38
1761621820.2490506,8,-1,35
1761621820.2860508,8,0,35
1761621820.324051,5,0,32
1761621820.360051,3,-3,27
1761621820.3970506,1,-1,33
1761621820.4350507,3,-3,26
1761621820.4710507,3,0,29
1761621820.508051,1,-6,33
1761621820.5460508,3,-1,31
1761621820.584051,2,-8,29
1761621820.620051,-3,-4,30
1761621820.6570508,1,-2,26
1761621820.6960506,0,-2,26
1761621820.7340508,-5,2,23
1761621820.7700508,-3,-1,37
1761621820.8070507,-5,5,49
1761621820.8460507,-2,2,33
1761621820.8840508,0,-3,32
1761621820.9200506,2,-1,35
1761621820.9570508,1,0,33
1761621820.995051,-5,1,33
1761621821.0310507,-8,3,24
1761621821.0690508,3,1,29
1761621821.1060507,-4,10,33
1761621821.1440508,-2,0,41
1761621821.1800506,0,2,45
1761621821.2170508,-5,4,29
1761621821.255051,-2,2,20
1761621821.291051,5,4,28
1761621821.3280506,5,11,24
1761621821.3660507,1,0,25
1761621821.4020507,0,5,45
1761621821.439051,0,8,41
1761621821.4760506,6,7,33
1761621821.5120506,0,0,41
1761621821.5490508,1,0,32
1761621821.5860507,3,-3,35
1761621821.6220508,1,-4,37
1761621821.6590507,3,-6,34
1761621821.6960506,2,0,28
1761621821.735051,-2,0,22
1761621821.7710507,-2,0,20
1761621821.8080506,-4,-4,32
1761621821.8460507,-4,-6,43
1761621821.8850508,6,0,44
1761621821.9210508,5,3,39
1761621821.9580507,1,1,37
1761621821.9960508,0,2,39
1761621822.0320508,0,-3,30
1761621822.0690508,1,-5,40
1761621822.107051,2,0,32
1761621822.1450508,-3,-5,34
1761621822.1810508,2,-1,32
1761621822.2190506,7,-7,43
1761621822.2570508,4,-13,34
1761621822.2950506,-4,-5,36
1761621822.3310506,-7,1,37
1761621822.3680508,2,-1,23
1761621822.4070508,2,0,33
1761621822.4450507,5,0,28
1761621822.4810507,1,-9,31
1761621822.518051,-1,-10,40
1761621822.5570507,-4,-3,42
1761621822.5950508,-3,0,37
1761621822.6310508,3,1,41
1761621822.6680508,-2,-4,32
1761621822.7070508,4,0,40
1761621822.745051,0,1,38
1761621822.7810507,2,-2,36
1761621822.8180506,-3,1,47
1761621822.8560507,0,2,34
1761621822.8920507,1,0,41
1761621822.9290507,-1,-4,36
1761621822.9670508,0,-7,39
1761621823.0060508,-1,-4,36
1761621823.0420508,-6,-4,30
1761621823.0800507,-1,1,36
1761621823.1170506,-9,8,26
1761621823.1560507,-1,-1,25
1761621823.1920507,-3,-3,21
1761621823.2300508,3,-1,23
1761621823.268051,1,1,28
1761621823.3060508,2,1,29
1761621823.3420508,0,-7,27
1761621823.3790507,-1,-4,25
1761621823.4170508,2,-1,35
1761621823.4560506,-5,-1,37
1761621823.4920506,-3,-9,38
1761621823.5300508,-2,-3,20
1761621823.5680506,6,-4,26
1761621823.6060507,4,-3,27
1761621823.6420507,1,-3,33
1761621823.6800506,0,3,37
1761621823.7170508,-2,-1,38
1761621823.7560508,-4,-5,30
1761621823.7920508,3,-1,25
1761621823.8300507,3,0,36
1761621823.8670506,-3,-8,31
1761621823.9060507,-3,-6,40
1761621823.9420507,-1,0,32
1761621823.9800508,-6,-1,40
1761621824.018051,0,4,45
1761621824.0560508,-2,0,39
1761621824.0920508,2,-1,41
1761621824.1290507,1,-3,40
1761621824.1680508,-6,-6,40
1761621824.2060506,4,-3,32
1761621824.2420506,0,1,39
1761621824.2790508,1,-2,41
1761621824.3180506,-6,-9,31
1761621824.3560507,7,-7,33
1761621824.3920507,-1,1,31
1761621824.4290507,2,-5,36
1761621824.4670508,11,2,29
1761621824.5030508,8,3,32
1761621824.5400507,1,-2,40
1761621824.5780506,-2,7,35
1761621824.6160507,0,0,26
1761621824.6520507,-2,-1,24
1761621824.689051,-10,5,27
1761621824.7280507,-5,-1,32
1761621824.7660508,-1,3,35
1761621824.8020508,0,-4,38
1761621824.8390508,-2,-3,37
1761621824.8780508,0,8,39
1761621824.916051,-3,2,30
1761621824.9520507,-5,7,45
1761621824.9890506,-1,1,43
1761621825.028051,-2,-4,34
1761621825.0660508,0,0,36
1761621825.1020508,1,0,31
1761621825.1390507,6,1,46
1761621825.1840508,7,-6,32
1761621825.2210507,5,-4,31
1761621825.2590508,4,-2,36
1761621825.2980506,5,-4,39
1761621825.3360507,11,-1,33
1761621825.3730507,5,-3,28
1761621825.4100506,2,-1,30
1761621825.4480507,-3,0,28
1761621825.4860508,-1,-1,33
1761621825.5230508,-2,-8,28
1761621825.5600507,-6,-4,34
1761621825.5990508,-2,-5,43
1761621825.6380508,-5,3,40
1761621825.6740508,-1,-4,28
1761621825.7110507,1,4,25
1761621825.7490506,3,-2,30
1761621825.788051,-2,-2,42
1761621825.824051,0,-10,33
1761621825.8610508,-6,-3,36
1761621825.8990507,1,-8,35
1761621825.9370508,6,-6,36
1761621825.9730508,-3,-2,40
1761621826.0100508,-6,0,32
1761621826.0480506,-1,-3,28
1761621826.087051,3,0,36
1761621826.1230507,3,-1,38
1761621826.1600506,2,-4,50
1761621826.1980507,-1,2,39
1761621826.2340508,0,-2,39
1761621826.2710507,0,-1,37
1761621826.3080506,4,3,32
1761621826.3440506,5,1,34
1761621826.3820508,-2,-2,35
1761621826.4200506,-5,1,27
1761621826.459051,-9,0,32
1761621826.4970508,0,0,30
1761621826.5330508,-8,-8,29
1761621826.5700507,-8,-6,39
1761621826.6090508,2,-5,37
1761621826.6470506,-3,0,29
1761621826.6830506,4,0,33
1761621826.7200508,1,0,34
1761621826.7590508,2,-4,24
1761621826.7970507,-6,-1,37
1761621826.8330507,-2,0,33
1761621826.870051,3,2,26
1761621826.9090507,-2,0,32
1761621826.9470508,0,-1,35
1761621826.9830508,2,-2,44
1761621827.0210507,-6,-5,39
1761621827.0590508,0,3,23
1761621827.097051,-11,0,32
1761621827.133051,-2,3,30
1761621827.1700506,-1,6,42
1761621827.209051,8,0,27
1761621827.2470508,4,-4,34
1761621827.2830508,3,-2,33
1761621827.3210506,0,-5,37
1761621827.3590508,-4,-5,28
1761621827.3970506,-4,-2,31
1761621827.4330506,-8,0,40
1761621827.4700508,-1,-6,37
1761621827.5090508,1,-6,34
1761621827.5470507,8,-3,31
1761621827.5830507,2,7,39
1761621827.620051,0,0,32
1761621827.6580508,-2,-5,29
1761621827.6940508,-3,-2,35
1761621827.732051,-3,3,32
1761621827.7700508,0,0,32
1761621827.8080506,3,-9,36
1761621827.8440506,1,-1,46
1761621827.8810508,7,-5,40
1761621827.9190507,3,-7,42
1761621827.9550507,0,-6,44
1761621827.9920506,8,-2,40
1761621828.0290508,0,-6,34
1761621828.0680506,1,2,33
1761621828.1040506,-4,5,44
1761621828.1410508,-5,0,35
1761621828.1790507,-5,-6,19
1761621828.2150507,-6,-3,29
1761621828.2520506,9,0,22
1761621828.2890508,4,5,23
1761621828.3250508,-5,2,18
1761621828.3620508,-4,1,34
1761621828.4000506,-5,-1,32
1761621828.439051,-6,-2,34
1761621828.4750507,-3,-2,28
1761621828.5130508,-9,3,32
1761621828.5500507,-10,-6,26
1761621828.5890508,-1,3,20
1761621828.6250508,-2,-4,25
1761621828.663051,3,1,26
1761621828.7000508,1,-3,26
1761621828.7380507,0,-6,33
1761621828.7740507,-1,-5,32
1761621828.811051,-6,0,38
1761621828.8490508,-3,0,32
1761621828.8850508,-4,2,37
1761621828.9220507,-3,0,22
1761621828.9600508,0,-2,36
1761621828.9980507,-9,0,37
1761621829.0340507,-12,0,30
1761621829.0710506,-3,-8,39
1761621829.110051,3,-3,41
1761621829.1480508,-2,-5,35
1761621829.1840508,-3,2,37
1761621829.2210507,-3,0,31
1761621829.2600508,4,-6,34
1761621829.2980506,7,3,28
1761621829.334051,8,-5,36
1761621829.3710508,-5,1,35
1761621829.4100506,0,-6,34
1761621829.4480507,-2,1,33
1761621829.4840508,-3,0,39
1761621829.5210507,2,0,33
1761621829.5590508,1,-4,23
1761621829.5950508,0,1,28
1761621829.6320508,-10,1,36
1761621829.6700506,1,2,35
1761621829.7080507,1,0,37
1761621829.7440507,-2,2,35
1761621829.7810507,-3,0,40
1761621829.8190508,2,0,30
1761621829.8550508,0,0,34
1761621829.8920507,-1,0,26
1761621829.9300506,-1,4,31
1761621829.9660506,-1,1,41
1761621830.0030508,3,2,34
1761621830.0400507,0,2,31
1761621830.0760508,0,-3,35
1761621830.1130507,3,1,26
1761621830.1500506,-2,0,28
1761621830.186051,-7,0,26
1761621830.2230508,-5,-1,32
1761621830.2610507,-9,-4,44
1761621830.3000507,-7,0,40
1761621830.3360507,1,2,34
1761621830.3730507,0,0,32
1761621830.4100506,4,4,30
1761621830.449051,3,0,39
1761621830.485051,3,-4,46
1761621830.5230508,1,0,33
1761621830.5600507,-3,-5,34
1761621830.5990508,-7,-4,26
1761621830.6350508,-5,-4,33
1761621830.6730506,1,-5,33
1761621830.7110507,1,-1,32
1761621830.7490506,0,5,38
1761621830.7850506,-4,3,33
1761621830.8230507,0,2,26
1761621830.8610508,-1,1,31
1761621830.8990507,1,-1,25
1761621830.9350507,-4,0,29
1761621830.9730508,3,0,33
1761621831.0110507,-3,-3,32
1761621831.0490508,-5,-2,30
1761621831.0850508,-4,2,35
1761621831.1230507,1,-6,26
1761621831.1610508,-9,3,48
1761621831.199051,0,0,38
1761621831.235051,-3,-1,28
1761621831.2730508,-7,-5,38
1761621831.311051,-1,-1,32
1761621831.3500507,0,-4,18
1761621831.3860507,3,-6,37
1761621831.4230506,5,-9,27
1761621831.462051,0,0,32
1761621831.5000508,0,-2,32
1761621831.5360508,-4,-6,30
1761621831.574051,0,-2,34
1761621831.6120508,0,1,31
1761621831.6500506,2,2,41
1761621831.686051,-1,-1,34
1761621831.7230508,-1,-4,36
1761621831.7620506,-1,-5,33
1761621831.8000507,2,-7,31
1761621831.8360507,0,-1,30
1761621831.8730507,-1,4,34
1761621831.9110508,-5,5,24
1761621831.949051,1,2,27
1761621831.985051,5,2,36
1761621832.0230508,0,0,37
1761621832.061051,0,-6,33
1761621832.0990508,-5,-2,36
1761621832.1350508,-2,3,36
1761621832.1730506,-5,0,38
1761621832.2110507,-11,-5,36
1761621832.2470508,-9,-2,34
1761621832.2850506,-4,-8,41
1761621832.3230507,0,-6,45
1761621832.3610508,-3,-3,31
1761621832.3970506,-1,1,28
1761621832.4340508,0,4,31
1761621832.4710507,-5,0,35
1761621832.5070508,0,5,29
1761621832.5440507,-7,-3,38
1761621832.5820508,-5,-7,38
1761621832.6210508,-9,5,30
1761621832.6570508,-8,6,37
1761621832.6940508,1,1,27
1761621832.732051,-9,0,43
1761621832.7700508,-5,-1,39
1761621832.8060508,-1,-5,41
1761621832.8450508,-4,-1,46
1761621832.8820508,0,-2,39
1761621832.9200506,3,-2,34
1761621832.9560506,1,5,30
1761621832.9930508,6,2,27
1761621833.0310507,2,0,27
1761621833.0670507,-4,-3,25
1761621833.1040506,4,2,27
1761621833.1420507,-2,-6,38
1761621833.1800506,-2,-3,26
1761621833.2160506,0,-7,27
1761621833.2530508,-1,-3,30
1761621833.2920508,0,5,22
1761621833.3300507,-5,0,22
1761621833.3660507,-11,-1,17
1761621833.403051,0,2,34
1761621833.4410508,3,0,31
1761621833.4770508,6,0,27
1761621833.5140507,5,-6,33
1761621833.5520508,4,-1,33
1761621833.5910506,0,5,42
1761621833.6270506,0,0,42
1761621833.6640508,-6,-3,38
1761621833.7020507,0,-5,29
1761621833.7410507,-4,0,35
1761621833.7770507,-5,1,31
1761621833.814051,-3,-3,34
1761621833.8520508,-2,-1,35
1761621833.8910508,0,0,39
1761621833.9270508,-2,-2,38
1761621833.9640508,-1,-4,43
1761621834.0020506,1,-5,44
1761621834.0400507,-2,-11,33
1761621834.0760508,-12,-9,34
1761621834.1140506,0,-2,30
1761621834.1520507,2,-12,42
1761621834.1900508,7,-9,31
1761621834.2260506,5,-3,27
1761621834.2630508,5,2,26
1761621834.301051,5,-1,36
1761621834.337051,5,4,38
1761621834.3740506,1,2,31
1761621834.4120507,-1,0,39
1761621834.4480507,9,0,36
1761621834.485051,8,-2,43
1761621834.5230508,-4,3,37
1761621834.5620508,-4,0,21
1761621834.5980508,-5,-2,30
1761621834.6350508,-4,-4,38
1761621834.6740508,-6,-1,47
1761621834.712051,-4,0,39
1761621834.7480507,-3,4,28
1761621834.7850506,1,0,34
1761621834.8220508,0,-5,37
1761621834.8580508,-2,-5,40
1761621834.8950508,-4,-12,25
1761621834.9330506,0,0,32
1761621834.9710507,0,-6,28
1761621835.0070508,2,-7,32
1761621835.0450506,-3,-5,29
1761621835.0820508,-2,-7,29
1761621835.1210508,7,-7,34
1761621835.1570508,4,-2,28
1761621835.2030506,3,0,32
1761621835.2410507,-2,1,20
1761621835.2770507,1,-1,31
1761621835.3150508,1,-1,35
1761621835.3530507,-3,-2,35
1761621835.3910508,-3,-5,33
1761621835.4270508,-5,-4,29
1761621835.4650507,-3,2,30
1761621835.5030508,-4,2,20
1761621835.541051,3,-5,26
1761621835.5770507,1,-7,40
1761621835.6140506,-7,0,39
1761621835.653051,1,0,43
1761621835.6910508,-1,0,33
1761621835.7270508,-8,5,29
1761621835.7650506,-4,0,24
1761621835.8030508,-8,-2,36
1761621835.8410506,1,0,40
1761621835.8780508,-3,0,36
1761621835.9150507,6,3,32
1761621835.9530506,1,0,36
1761621835.9910507,5,-5,30
1761621836.0270507,4,-5,28
1761621836.064051,-1,-5,25
1761621836.1030507,2,-3,23
1761621836.1410508,-2,5,39
1761621836.1770508,0,0,37
1761621836.2150507,6,-2,37
1761621836.2530508,1,1,41
1761621836.291051,8,-1,39
1761621836.3270507,2,0,31
1761621836.3650508,-2,3,29
1761621836.403051,-9,-1,39
1761621836.439051,1,-2,34
1761621836.4770508,0,-6,32
1761621836.5150506,-3,-8,36
1761621836.5530508,-4,-6,36
1761621836.5920508,2,-3,39
1761621836.6280508,5,-4,34
1761621836.6650507,0,-4,41
1761621836.7030506,0,0,44
1761621836.7390506,4,1,45
1761621836.7760508,-1,-1,37
1761621836.814051,-8,-1,26
1761621836.8530507,-9,8,27
1761621836.8890507,1,2,28
1761621836.926051,-8,1,34
1761621836.9630508,-8,1,38
1761621837.0020506,-6,0,32
1761621837.038051,-4,-2,44
1761621837.0750508,3,-1,47
1761621837.1130507,8,0,33
1761621837.1490507,0,-3,28
1761621837.1870508,-5,1,34
1761621837.2240508,3,-1,42
1761621837.2620506,3,0,40
1761621837.2980506,1,-2,35
1761621837.337051,0,-1,31
1761621837.3740506,-2,0,26
1761621837.413051,4,-3,29
1761621837.449051,4,-5,41
1761621837.4870508,4,-2,42
1761621837.5240507,4,1,25
1761621837.5620508,-1,-1,29
1761621837.5980508,-2,-4,30
1761621837.6350508,0,-11,35
1761621837.6740508,8,-1,30
1761621837.712051,6,1,28
1761621837.7480507,10,2,28
1761621837.7850506,5,-2,24
1761621837.824051,1,0,30
1761621837.8620508,-4,0,25
1761621837.8980508,-3,0,23
1761621837.9350507,-12,-4,33
1761621837.9740508,-2,-11,35
1761621838.0120506,-7,-13,31
1761621838.0480506,-6,-4,47
1761621838.0850508,-3,-3,41
1761621838.1240506,-1,-3,39
1761621838.1620507,-1,-4,43
1761621838.1980507,1,-1,47
1761621838.235051,-5,1,39
1761621838.2730508,-2,-3,26
1761621838.3090508,-5,-5,35
1761621838.347051,-1,1,28
1761621838.3840508,-4,3,31
1761621838.4230506,-4,-9,40
1761621838.459051,-1,-3,41
1761621838.4980507,-6,-7,34
1761621838.5350506,-3,-3,36
1761621838.574051,-1,2,32
1761621838.610051,1,3,35
1761621838.6480508,-2,0,31
1761621838.6850507,-5,-6,36
1761621838.7240508,1,-2,25
1761621838.7600508,-1,5,29
1761621838.7970507,-1,-3,25
1761621838.8350508,-3,1,25
1761621838.8730507,-1,0,31
1761621838.9090507,2,2,31
1761621838.9470508,0,3,20
1761621838.9840508,7,0,33
1761621839.0200508,10,-1,29
1761621839.0570507,0,-1,46
1761621839.0940506,-5,0,32
1761621839.133051,0,-6,27
1761621839.1690507,2,0,38
1761621839.2060506,1,-9,33
1761621839.2440507,-3,0,30
1761621839.2800508,-3,0,29
1761621839.3170507,8,-4,31
1761621839.3540506,-3,-2,27
1761621839.393051,-6,1,34
1761621839.4290507,4,-1,28
1761621839.4660506,1,-4,44
1761621839.5040507,4,-1,38
1761621839.5400507,1,-2,44
1761621839.5770507,-8,-1,33
1761621839.6150508,0,-2,30
1761621839.653051,1,-5,25
1761621839.689051,-1,-1,37
1761621839.7270508,0,0,28
1761621839.7650506,-4,-7,23
1761621839.8030508,-3,1,27
1761621839.8390508,1,-3,27
1761621839.8770506,4,-4,33
1761621839.9150507,-1,0,25
1761621839.9530506,0,-3,33
1761621839.9890506,2,-3,37
1761621840.0270507,-5,-3,38
1761621840.0650508,-1,-4,39
1761621840.1040506,-3,-3,28
1761621840.1400506,-6,5,32
1761621840.1770508,-4,-7,27
1761621840.2150507,-2,-6,33
1761621840.2540507,1,-1,38
1761621840.2900507,2,5,26
1761621840.3270507,-6,-9,32
1761621840.3650508,1,0,41
1761621840.403051,9,1,25
1761621840.439051,0,-5,33
1761621840.4770508,1,5,36
1761621840.5150506,-4,-5,39
1761621840.5530508,-6,-2,44
1761621840.5890508,-1,-1,32
1761621840.6270506,4,1,41
1761621840.6650507,9,2,39
1761621840.7030506,2,0,45
1761621840.7390506,0,-2,43
1761621840.7770507,2,-2,33
1761621840.8150508,-5,-2,33
1761621840.8540506,-7,-1,35
1761621840.8900506,-1,-4,32
1761621840.9270508,-2,4,32
1761621840.9650507,0,5,31
1761621841.0010507,-1,0,38
1761621841.038051,6,-3,40
1761621841.0760508,6,0,38
1761621841.1150508,0,-5,39
1761621841.1510508,-6,-10,39
1761621841.1880507,4,-3,40
1761621841.2250507,-9,2,33
1761621841.2610507,-1,-3,23
1761621841.2990508,0,-2,29
1761621841.3360507,0,-2,38
1761621841.3740506,1,0,37
1761621841.4100506,-5,0,43
1761621841.4470508,0,0,48
1761621841.485051,0,6,34
1761621841.5210507,5,-3,32
1761621841.5580506,5,8,29
1761621841.5950508,-1,3,29
1761621841.6310508,-4,5,36
1761621841.6680508,-2,1,37
1761621841.7060506,-5,0,33
1761621841.745051,-7,0,29
1761621841.7810507,-4,-1,25
1761621841.8180506,4,1,23
1761621841.8560507,-1,-3,30
1761621841.8950508,3,-7,35
1761621841.9310508,1,0,37
1761621841.9680507,-3,7,28
1761621842.0060508,-2,8,36
1761621842.0440507,-6,-1,36
1761621842.0800507,-9,-2,35
1761621842.1180508,-4,-1,30
1761621842.1560507,-9,-3,29
1761621842.1950507,-9,2,24
1761621842.2310507,3,-3,26
1761621842.268051,-6,0,30
1761621842.3060508,-4,-9,28
1761621842.3440506,-8,-2,28
1761621842.3810508,-7,-3,24
1761621842.4180508,-7,3,40
1761621842.4560506,-3,-5,35
1761621842.4940507,2,2,30
1761621842.5300508,-8,0,32
1761621842.5670507,8,0,44
1761621842.6050508,0,-1,39
1761621842.6410508,4,-2,40
1761621842.6780508,0,0,35
1761621842.7160506,2,-6,36
1761621842.7540507,-3,-5,38
1761621842.7900507,-3,-3,26
1761621842.8280506,3,-3,35
1761621842.8660507,5,-5,40
1761621842.9020507,0,1,45
1761621842.9400508,-2,-3,41
1761621842.9780507,-3,-2,34
1761621843.0160508,0,3,42
1761621843.0520508,2,0,31
1761621843.0900507,0,2,35
1761621843.1270506,3,-3,39
1761621843.166051,1,-2,29
1761621843.2020507,-1,-5,40
1761621843.2400508,0,-3,30
1761621843.2770507,-1,-4,23
1761621843.3160508,-6,-6,30
1761621843.3520508,0,-5,29
1761621843.3900506,1,0,26
1761621843.4270508,0,-4,26
1761621843.4650507,1,0,28
1761621843.5010507,-3,0,35
1761621843.538051,-5,0,40
1761621843.5760508,-1,0,33
1761621843.6120508,6,-1,31
1761621843.6500506,-2,1,32
1761621843.6870508,-1,-5,47
1761621843.7260506,0,0,44
1761621843.7620506,2,-2,42
1761621843.7990508,0,-2,31
1761621843.837051,0,-2,43
1761621843.8750508,-6,-9,32
1761621843.9110508,-7,-8,28
1761621843.949051,-2,0,30
1761621843.9870508,0,-3,27
1761621844.0250506,5,-11,34
1761621844.061051,7,-2,36
1761621844.0980508,-1,0,27
1761621844.1360507,-3,0,31
1761621844.1720507,2,-4,44
1761621844.209051,-6,4,35
1761621844.2470508,-4,4,40
1761621844.2850506,-5,0,41
1761621844.3210506,-7,-3,42
1761621844.3590508,-9,-4,37
1761621844.3970506,-4,-2,31
1761621844.436051,0,4,31
1761621844.472051,0,1,27
1761621844.5090508,-6,-5,31
1761621844.5470507,-2,-8,44
1761621844.5860507,2,-5,31
1761621844.6220508,-2,-5,37
1761621844.6590507,-2,0,37
1761621844.6970508,4,0,26
1761621844.735051,4,2,26
1761621844.7710507,-1,0,19
1761621844.8080506,0,0,39
1761621844.8460507,-3,0,37
1761621844.8820508,-3,5,41
1761621844.9190507,-1,0,33
1761621844.9570508,-1,2,30
1761621844.995051,1,-3,33
1761621845.0310507,-2,0,35
1761621845.0680506,4,3,32
1761621845.1060507,0,2,24
1761621845.1420507,0,-1,31
1761621845.1790507,5,6,37
1761621845.2230508,0,5,43
1761621845.2600508,-2,4,43
1761621845.2990508,0,-2,34
1761621845.337051,3,0,31
1761621845.3730507,3,1,41
1761621845.4100506,0,0,41
1761621845.4470508,-4,2,39
1761621845.4830508,0,5,40
1761621845.5200508,0,2,39
1761621845.5580506,2,4,26
1761621845.5960507,2,3,27
1761621845.6320508,7,0,23
1761621845.6690507,5,-1,33
1761621845.7070508,2,0,25
1761621845.7430508,3,6,24
1761621845.7800508,0,0,34
1761621845.8170507,-1,-9,36
1761621845.8560507,0,-1,42
1761621845.8920507,0,-6,46
1761621845.9290507,-1,-10,35
1761621845.9680507,-4,-13,28
1761621846.0060508,-2,-5,27
1761621846.0420508,7,-5,29
1761621846.0790508,1,-6,26
1761621846.1180508,-2,0,26
1761621846.1560507,4,0,38
1761621846.1920507,4,-1,37
1761621846.2290506,-2,0,44
1761621846.2670507,-5,0,31
1761621846.3030508,-5,-8,37
1761621846.3400507,0,-2,36
1761621846.3780508,1,5,36
1761621846.416051,2,2,36
1761621846.4520507,-2,4,40
1761621846.4900508,6,-2,34
1761621846.528051,2,-2,31
1761621846.5660508,2,0,29
1761621846.6020508,0,-2,33
1761621846.6390507,0,3,30
1761621846.6770508,7,5,37
1761621846.7130508,8,0,30
1761621846.7500508,5,-1,33
1761621846.788051,-3,-4,37
1761621846.8260508,-6,1,33
1761621846.8630507,-6,0,36
1761621846.9000506,-2,0,38
1761621846.9380507,0,-1,36
1761621846.9770508,-1,4,26
1761621847.0130508,2,1,27
1761621847.0500507,-5,-2,26
1761621847.0890508,3,-4,31
1761621847.1270506,4,-5,33
1761621847.163051,1,-5,28
1761621847.2000508,-1,-5,39
1761621847.2380507,-2,-5,32
1761621847.2770507,-4,-5,24
1761621847.3130507,6,-11,33
1761621847.3510506,9,-1,30
1761621847.3880508,-2,-2,37
1761621847.4270508,7,0,35
1761621847.4630508,8,-2,39
1761621847.5000508,0,-4,41
1761621847.538051,-1,0,34
1761621847.574051,3,3,34
1761621847.6110508,2,-5,36
1761621847.6490507,7,0,38
1761621847.6870508,3,0,35
1761621847.7230508,0,0,33
1761621847.7600508,7,-1,34
1761621847.7980506,4,-5,30
1761621847.834051,1,0,40
1761621847.8710508,7,2,34
1761621847.9080508,5,4,34
1761621847.9440508,-10,0,34
1761621847.9810507,-7,-3,36
1761621848.0190508,-8,2,35
1761621848.0580506,4,0,23
1761621848.0940506,-5,-3,27
1761621848.1310508,-9,-4,32
1761621848.1690507,-2,-2,35
1761621848.2080507,-4,4,49
1761621848.2440507,7,4,45
1761621848.2810507,6,0,32
1761621848.3190508,-4,0,39
1761621848.357051,-3,0,28
1761621848.393051,-7,0,39
1761621848.4300506,-2,12,43
1761621848.4690506,-3,4,31
1761621848.5070508,1,9,37
1761621848.5430508,-3,4,39
1761621848.5810506,0,1,36
1761621848.6190507,10,-1,31
1761621848.6570508,2,-2,30
1761621848.6930506,0,0,28
1761621848.7300508,0,-2,27
1761621848.7690508,4,-1,35
1761621848.8070507,1,-4,26
1761621848.8430507,3,-3,30
1761621848.8810508,-2,-2,42
1761621848.9190507,4,0,39
1761621848.9580507,0,-2,32
1761621848.9940507,-2,-1,25
1761621849.0310507,2,-8,38
1761621849.0690508,10,1,40
1761621849.107051,2,0,35
1761621849.143051,-6,4,28
1761621849.1800506,-6,-4,38
1761621849.2190506,-5,-2,34
1761621849.2570508,0,0,42
1761621849.2930508,2,0,18
1761621849.3300507,-1,-4,33
1761621849.3690507,3,-5,29
1761621849.4050508,-1,-1,36
1761621849.4420507,-6,1,26
1761621849.4800508,5,1,29
1761621849.518051,-3,-3,34
1761621849.5540507,3,-6,23
1761621849.5910506,-1,0,34
1761621849.6290507,8,-2,37
1761621849.6650507,2,-4,34
1761621849.7020507,0,4,35
1761621849.7390506,-1,3,29
1761621849.7750506,0,-1,29
1761621849.8120508,-4,-1,19
1761621849.8500507,-8,0,30
1761621849.8880508,4,-2,24
1761621849.9240508,-3,-3,33
1761621849.9610507,1,-8,34
1761621849.9990506,2,-3,33
1761621850.038051,-4,0,32
1761621850.074051,-1,0,29
1761621850.1110508,0,-2,26
1761621850.1490507,-3,-7,26
1761621850.1850507,0,-2,30
1761621850.222051,1,-5,40
1761621850.2590508,-4,0,39
1761621850.2950506,-4,4,45
1761621850.3320508,3,2,35
1761621850.370051,-4,-2,38
1761621850.4080508,-3,1,27
1761621850.4440508,-5,4,28
1761621850.4810507,1,0,35
1761621850.5190508,-5,-10,40
1761621850.5550506,-7,-5,41
1761621850.5930507,-3,0,41
1761621850.630051,-1,-2,39
1761621850.6690507,1,0,34
1761621850.7050507,-3,-3,45
1761621850.7430508,2,-7,26
1761621850.7800508,2,5,38
1761621850.8180506,-5,-7,30
1761621850.8540506,0,-1,35
1761621850.8910508,0,-10,27
1761621850.9300506,-4,-3,19
1761621850.9680507,-1,-10,25
1761621851.0040507,6,-2,32
1761621851.041051,1,-6,36
1761621851.0800507,3,-5,28
1761621851.1180508,0,0,39
1761621851.1540508,7,-1,46
1761621851.1910508,-2,1,30
1761621851.2300508,3,-4,42
1761621851.268051,-2,-2,40
1761621851.3040507,-1,-1,39
1761621851.3410506,0,-3,44
1761621851.380051,2,-5,35
1761621851.4180508,0,-4,23
1761621851.4540508,1,-3,32
1761621851.4910507,2,-5,34
1761621851.5300508,4,-6,42
1761621851.5660508,1,-2,33
1761621851.6030507,-2,-4,24
1761621851.6410508,-4,-2,31
1761621851.6800506,0,4,37
1761621851.7160506,0,0,48
1761621851.7530508,1,6,44
1761621851.7900507,0,7,41
1761621851.8260508,-3,0,35
1761621851.8640506,-2,0,25
1761621851.9010508,0,-2,34
1761621851.9400508,5,-5,28
1761621851.9760506,-2,-5,36
1761621852.0130508,-2,-2,28
1761621852.051051,-2,-8,45
1761621852.0900507,2,-5,32
1761621852.1260507,6,-3,33
1761621852.163051,5,-5,37
1761621852.2000508,3,-5,27
1761621852.2360508,-1,-6,33
1761621852.2730508,2,0,31
1761621852.311051,3,3,35
1761621852.3490508,0,2,31
1761621852.3850508,0,1,31
1761621852.4220507,1,-6,39
1761621852.4600508,1,-1,35
1761621852.4960508,7,-3,31
1761621852.5340507,5,0,25
1761621852.5720508,1,0,23
1761621852.610051,0,-2,36
1761621852.6460507,5,-4,24
1761621852.6830506,1,-1,27
1761621852.7210507,3,-4,18
1761621852.7600508,-2,-3,28
1761621852.7960508,-3,-4,32
1761621852.834051,0,-8,33
1761621852.8720508,-3,-8,24
1761621852.9110508,1,-7,26
1761621852.949051,2,-2,31
1761621852.985051,1,0,35
1761621853.0230508,4,1,41
1761621853.061051,1,0,41
1761621853.0990508,-4,0,45
1761621853.1350508,-2,3,28
1761621853.1720507,-1,-5,38
1761621853.2110507,1,0,28
1761621853.2490506,-1,3,31
1761621853.2850506,0,0,25
1761621853.3230507,1,0,20
1761621853.3610508,7,0,23
1761621853.3990507,6,-6,33
1761621853.4350507,0,-6,32
1761621853.4730508,-6,-4,20
1761621853.5110507,3,-1,31
1761621853.5490508,5,-7,34
1761621853.5850508,0,-1,28
1761621853.6220508,-5,5,27
1761621853.6610508,1,2,17
1761621853.699051,-2,4,28
1761621853.735051,6,1,28
1761621853.7730508,10,-1,25
1761621853.811051,4,0,43
1761621853.847051,5,-5,45
1761621853.8840508,4,0,31
1761621853.9210508,-1,-7,21
1761621853.9600508,6,3,36
1761621853.9960508,0,4,31
1761621854.0330508,-1,-9,35
1761621854.0710506,-9,0,40
1761621854.107051,-1,3,28
1761621854.1440508,-2,-4,30
1761621854.1820507,3,-2,28
1761621854.2210507,1,0,46
1761621854.2570508,-2,0,37
1761621854.2940507,-6,5,34
1761621854.3310506,2,5,23
1761621854.3670506,0,6,28
1761621854.4040508,-6,1,38
1761621854.4410508,-4,0,41
1761621854.4770508,-1,0,39
1761621854.5150506,-8,1,49
1761621854.5540507,-3,-1,41
1761621854.5910506,1,-5,29
1761621854.6270506,0,-3,33
1761621854.6650507,0,3,30
1761621854.7020507,-1,-6,23
1761621854.7410507,4,0,33
1761621854.7770507,-3,-2,35
1761621854.8150508,5,3,30
1761621854.8520508,0,1,38
1761621854.8900506,-4,6,30
1761621854.926051,0,0,35
1761621854.9630508,-6,-1,37
1761621855.0020506,0,-1,39
1761621855.0400507,-9,0,38
1761621855.0760508,-7,0,26
1761621855.1130507,-4,4,25
1761621855.1520507,2,-2,30
1761621855.1900508,-5,2,26
1761621855.2340508,-3,0,42
1761621855.2720506,3,2,43
1761621855.3100507,6,-1,38
1761621855.3460507,4,8,38
1761621855.383051,0,-4,35
1761621855.4220507,1,-16,34
1761621855.4600508,0,-9,31
1761621855.4970508,-1,0,41
1761621855.5340507,0,-2,31
1761621855.5720508,-5,-5,23
1761621855.610051,1,-4,31
1761621855.6470506,6,0,31
1761621855.6840508,1,-4,39
1761621855.722051,-5,-2,36
1761621855.7600508,-5,0,32
1761621855.7960508,-2,-1,38
1761621855.834051,-1,-5,30
1761621855.8720508,-1,-2,35
1761621855.9110508,1,-10,26
1761621855.9470508,3,-9,28
1761621855.9840508,-2,-12,33
1761621856.0220506,0,-2,39
1761621856.0580506,-2,-5,39
1761621856.0950508,0,-4,45
1761621856.133051,-3,-5,42
1761621856.1720507,0,-2,45
1761621856.2080507,4,0,44
1761621856.245051,0,0,21
1761621856.2830508,-4,-1,19
1761621856.3220508,2,2,35
1761621856.3580508,2,-3,28
1761621856.3950508,-2,0,26
1761621856.4330506,0,1,32
1761621856.4710507,6,2,38
1761621856.5070508,4,-4,41
1761621856.5440507,0,-7,36
1761621856.5820508,4,-4,42
1761621856.6180508,6,-3,31
1761621856.6550508,-2,-7,27
1761621856.6930506,0,-2,39
1761621856.7310507,1,-5,31
1761621856.7670507,-1,5,27
1761621856.8040507,1,1,29
1761621856.8420508,3,4,27
1761621856.8780508,7,4,25
1761621856.9150507,5,0,25
1761621856.9530506,-6,-5,25
1761621856.9910507,-11,-7,31
1761621857.0270507,-6,-5,30
1761621857.064051,-2,-4,43
1761621857.1030507,-1,-2,39
1761621857.1410508,-6,0,34
1761621857.1770508,-1,3,34
1761621857.2140508,0,-5,33
1761621857.2530508,0,-7,45
1761621857.291051,0,-7,42
1761621857.3270507,-5,-2,45
1761621857.3650508,-2,-4,24
1761621857.403051,0,-1,28
1761621857.4420507,1,2,30
1761621857.4780507,0,1,33
1761621857.5150506,-4,0,39
1761621857.5530508,-4,-2,28
1761621857.5910506,1,-5,27
1761621857.6270506,0,-3,35
1761621857.6640508,0,-4,29
1761621857.7030506,4,-3,25
1761621857.7410507,4,0,27
1761621857.7770507,4,-6,31
1761621857.814051,-10,4,28
1761621857.8530507,-3,0,29
1761621857.8910508,-3,-3,30
1761621857.9270508,-2,-5,40
1761621857.9640508,0,-9,36
1761621858.0030508,-2,-6,32
1761621858.041051,3,1,26
1761621858.0770507,4,1,31
1761621858.1140506,1,-2,27
1761621858.1520507,-1,-2,25
1761621858.1880507,-4,-4,30
1761621858.2260506,-7,-1,29
1761621858.2640507,0,2,29
1761621858.3020508,1,6,21
1761621858.3380508,4,0,23
1761621858.3750508,-4,-5,28
1761621858.413051,-8,0,33
1761621858.4520507,-5,-5,32
1761621858.4880507,0,-2,36
1761621858.5260508,0,0,23
1761621858.5630507,-5,0,34
1761621858.6020508,0,-1,30
1761621858.6380508,0,-2,29
1761621858.676051,-7,-7,29
1761621858.7140508,-6,-6,36
1761621858.7530508,-1,-2,40
1761621858.7890508,0,-4,32
1761621858.8260508,3,-7,32
1761621858.8630507,-4,0,39
1761621858.9020507,2,-6,30
1761621858.9380507,5,-4,38
1761621858.9760506,4,-2,36
1761621859.0140507,1,-5,23
1761621859.0530508,2,-6,26
1761621859.0890508,-2,-5,31
1761621859.1270506,-2,4,25
1761621859.1650507,-1,-2,25
1761621859.2040508,-5,3,19
1761621859.2420506,-3,5,31
1761621859.278051,-1,-5,38
1761621859.3150508,2,-4,29
1761621859.3530507,-1,-8,31
1761621859.3890507,-7,-2,40
1761621859.4270508,-5,-3,43
1761621859.4650507,4,-6,41
1761621859.5040507,1,-12,27
1761621859.5420508,-1,-5,34
1761621859.5780506,1,-2,36
1761621859.6150508,0,2,33
1761621859.653051,-1,-6,34
1761621859.689051,4,-11,37
1761621859.7260506,7,-5,34
1761621859.7640507,8,2,36
1761621859.8030508,1,6,20
1761621859.8390508,0,-2,19
1761621859.8770506,2,-1,29
1761621859.9150507,3,-2,28
1761621859.9530506,-1,0,31
1761621859.9890506,-1,-9,42
1761621860.0270507,1,-8,41
1761621860.064051,6,-1,32
1761621860.1030507,2,0,32
1761621860.1390507,2,4,37
1761621860.1770508,6,0,27
1761621860.2150507,-1,-2,44
1761621860.2540507,0,0,47
1761621860.2900507,0,2,36
1761621860.3270507,2,2,42
1761621860.3640506,1,-3,44
1761621860.4000506,-4,-4,39
1761621860.4380507,-2,-3,37
1761621860.4760506,-1,-7,36
1761621860.5140507,3,-8,44
1761621860.5530508,-4,-6,41
1761621860.5890508,-4,-6,39
1761621860.6260507,-2,-9,40
1761621860.6640508,-3,-1,33
1761621860.7030506,2,0,31
1761621860.7390506,3,0,35
1761621860.7760508,0,1,25
1761621860.814051,4,-1,39
1761621860.8510506,0,-4,43
1761621860.8880508,-4,4,36
1761621860.9250507,3,5,20
1761621860.9630508,0,1,30
1761621860.9990506,0,-5,31
1761621861.0360508,-2,-2,38
1761621861.074051,0,9,47
1761621861.110051,-4,1,42
1761621861.1470506,3,-7,35
1761621861.1850507,-2,-9,29
1761621861.2230508,0,-3,37
1761621861.2590508,-4,0,33
1761621861.2960508,-1,-1,26
1761621861.3350508,-9,-2,43
1761621861.3730507,-1,0,36
1761621861.4090507,0,-5,38
1761621861.4460506,0,-2,32
1761621861.4840508,1,-8,37
1761621861.5200508,2,-3,25
1761621861.5570507,5,1,20
1761621861.5950508,0,0,38
1761621861.633051,-4,-4,42
1761621861.6690507,4,-8,41
1761621861.7060506,0,-7,40
1761621861.745051,0,-2,26
1761621861.7830508,3,-4,36
1761621861.8190508,3,-1,38
1761621861.8560507,3,-8,44
1761621861.8940508,0,0,41
1761621861.9300506,1,-4,34
1761621861.9680507,0,1,44
1761621862.005051,6,4,29
1761621862.0430508,0,3,32
1761621862.0790508,-6,0,35
1761621862.1160507,-3,-8,25
1761621862.1550508,7,1,43
1761621862.1930506,0,4,34
1761621862.2290506,1,1,33
1761621862.2660508,-5,-5,21
1761621862.3050506,0,2,39
1761621862.3430507,2,2,44
1761621862.3790507,6,2,23
1761621862.416051,5,-4,35
1761621862.4550507,0,0,35
1761621862.4910507,0,1,37
1761621862.528051,4,2,42
1761621862.5650508,2,3,42
1761621862.6010506,-2,3,43
1761621862.6390507,-1,0,31
1761621862.6770508,-3,-2,28
1761621862.7150507,0,-6,36
1761621862.7510507,-5,-6,38
1761621862.7890508,2,-1,38
1761621862.8260508,-3,-1,36
1761621862.8650508,-3,-5,40
1761621862.9010508,-6,4,42
1761621862.939051,5,2,43
1761621862.9760506,9,7,23
1761621863.0140507,-5,-1,43
1761621863.0500507,-7,-5,32
1761621863.0890508,0,-2,24
1761621863.1260507,-2,-6,36
1761621863.1650507,-4,-6,31
1761621863.2010508,3,-4,34
1761621863.2390506,3,-5,34
1761621863.2770507,1,-1,36
1761621863.3150508,4,-3,47
1761621863.3510506,5,-2,38
1761621863.3880508,2,-2,23
1761621863.426051,-2,-2,21
1761621863.4650507,-1,0,28
1761621863.5010507,5,-2,28
1761621863.538051,-4,0,47
1761621863.5760508,1,-2,40
1761621863.6140506,-5,-6,26
1761621863.6500506,-7,-4,28
1761621863.6880507,2,-5,25
1761621863.7270508,6,0,40
1761621863.7650506,0,-2,37
1761621863.801051,-5,-3,38
1761621863.8380508,-1,-3,38
1761621863.8760507,-2,3,33
1761621863.9140508,5,0,28
1761621863.9500508,3,2,21
1761621863.9880507,1,4,26
1761621864.0260508,-1,1,27
1761621864.064051,-7,-6,38
1761621864.1000507,3,-4,42
1761621864.1380508,0,-6,39
1761621864.176051,2,-5,35
1761621864.2140508,-1,-8,24
1761621864.2500508,-1,0,26
1761621864.288051,-2,-2,32
1761621864.3260508,-4,-6,33
1761621864.3650508,-2,-2,44
1761621864.4010508,10,-4,35
1761621864.4380507,1,-2,36
1761621864.4760506,0,1,26
1761621864.5140507,0,0,32
1761621864.5500507,3,-5,32
1761621864.587051,5,-7,35
1761621864.6250508,-1,3,49
1761621864.6610508,5,-7,36
1761621864.6980507,2,1,24
1761621864.7360508,-3,0,21
1761621864.7720506,-8,2,28
1761621864.8090508,-2,2,28
1761621864.847051,-4,0,31
1761621864.8860507,-6,6,36
1761621864.9220507,-1,-3,26
1761621864.9610507,0,-6,13
1761621864.9980507,1,0,19
1761621865.0360508,0,-3,32
1761621865.0720508,-5,-1,26
1761621865.110051,-9,-2,34
1761621865.1480508,-7,-9,39
1761621865.186051,-2,-5,31
1761621865.2250507,1,4,31
1761621865.2700508,-2,3,24
1761621865.3070507,6,-1,24
1761621865.3450508,3,-2,26
1761621865.3810508,-4,-3,39
1761621865.4180508,-9,-4,31
1761621865.4560506,-9,-2,34
1761621865.495051,-2,-1,30
1761621865.5310507,-3,0,28
1761621865.5680506,-7,4,31
1761621865.607051,-2,-5,34
1761621865.6450508,-4,-5,29
1761621865.6810508,-4,-6,25
1761621865.7180507,-5,-1,37
1761621865.7570508,-1,4,38
1761621865.7950506,-8,-7,26
1761621865.8310506,-6,-8,44
1761621865.8680508,-8,0,43
1761621865.9070508,-3,2,42
1761621865.9450507,-1,-3,31
1761621865.9810507,-3,0,34
1761621866.018051,-4,-1,40
1761621866.0570507,-5,-2,34
1761621866.0950508,-2,-3,42
1761621866.1310508,-3,-9,29
1761621866.1680508,-1,0,30
1761621866.2070508,-7,-3,27
1761621866.245051,-5,0,26
1761621866.2810507,3,0,35
1761621866.3180506,6,4,44
1761621866.357051,6,-2,29
1761621866.3950508,-1,-2,22
1761621866.4310508,-5,-2,28
1761621866.4680507,-9,1,33
1761621866.5070508,-1,-9,28
1761621866.5450506,1,-5,26
1761621866.5810506,2,0,29
1761621866.6180508,2,2,39
1761621866.6570508,-3,0,34
1761621866.6950507,0,-3,37
1761621866.7310507,6,0,41
1761621866.768051,1,0,33
1761621866.8070507,-4,1,36
1761621866.8430507,0,3,29
1761621866.8810508,5,1,32
1761621866.9180508,-2,0,45
1761621866.9570508,0,-2,47
1761621866.9930508,5,-7,36
1761621867.0310507,-5,-7,37
1761621867.0690508,-6,0,42
1761621867.107051,-5,2,41
1761621867.143051,-5,5,39
1761621867.1810508,-3,1,43
1761621867.2190506,2,2,34
1761621867.2570508,-2,6,30
1761621867.2930508,-6,2,38
1761621867.3310506,1,6,29
1761621867.3680508,0,0,35
1761621867.4070508,-11,-2,36
1761621867.4430506,-6,3,27
1761621867.4810507,0,-1,21
1761621867.5190508,-2,-4,30
1761621867.5570507,-7,0,31
1761621867.5960507,-2,-10,35
1761621867.6320508,-2,0,19
1761621867.6690507,-4,-1,27
1761621867.7080507,-4,8,32
1761621867.7460508,0,4,37
1761621867.7820508,4,-1,25
1761621867.8200507,5,-4,29
1761621867.8580508,0,0,36
1761621867.8960507,5,5,24
1761621867.9320507,5,0,26
1761621867.9690506,5,-5,40
1761621868.008051,1,-6,34
1761621868.0460508,-2,0,35
1761621868.0820508,-2,7,27
1761621868.1190507,0,0,15
1761621868.1580508,4,-4,26
1761621868.1960506,2,-1,20
1761621868.232051,7,2,27
1761621868.2690508,7,-6,27
1761621868.3080506,2,-1,24
1761621868.3460507,0,-4,21
1761621868.3820508,-3,-7,34
1761621868.4190507,1,-6,36
1761621868.4580507,-7,-4,28
1761621868.4960508,3,0,29
1761621868.5320508,0,-1,34
1761621868.5690508,0,-8,27
1761621868.6080508,2,-5,19
1761621868.6460507,0,-6,23
1761621868.6820507,2,-6,18
1761621868.7190506,3,-10,23
1761621868.758051,1,-1,31
1761621868.7960508,-4,0,32
1761621868.8320508,-5,0,34
1761621868.8690507,-2,-2,31
1761621868.9080508,0,5,32
1761621868.9440508,-4,5,33
1761621868.982051,-2,2,25
1761621869.0200508,-1,5,30
1761621869.0580506,-5,5,33
1761621869.097051,0,-2,41
1761621869.133051,-7,-4,36
1761621869.1700506,-7,-1,27
1761621869.2080507,1,0,29
1761621869.2470508,1,-3,30
1761621869.2830508,-6,-1,40
1761621869.3200507,-5,4,52
1761621869.3580508,3,1,40
1761621869.3970506,3,3,33
1761621869.4330506,-3,4,27
1761621869.4700508,7,-2,31
1761621869.508051,8,-2,27
1761621869.5440507,4,0,33
1761621869.5810506,9,-2,31
1761621869.6180508,0,-6,23
1761621869.6540508,-5,-1,23
1761621869.6910508,0,1,32
1761621869.7280507,2,-2,37
1761621869.7670507,2,-1,38
1761621869.8030508,-4,-1,33
1761621869.8410506,0,-3,51
1761621869.8790507,5,-3,22
1761621869.9170508,1,4,25
1761621869.9530506,-4,4,33
1761621869.9910507,-8,1,29
1761621870.0290508,0,0,24
1761621870.0670507,-4,2,25
1761621870.1030507,-5,7,30
1761621870.1410508,-7,4,43
1761621870.1790507,-5,-3,44
1761621870.2170508,-4,-1,32
1761621870.2530508,-9,-6,38
1761621870.291051,-2,-3,32
1761621870.3290508,-3,-2,24
1761621870.3680508,4,-8,29
1761621870.4040508,3,-8,32
1761621870.4410508,2,-3,39
1761621870.4790506,-9,0,36
1761621870.5170507,-4,-5,37
1761621870.5530508,4,-8,28
1761621870.5910506,-1,-2,48
1761621870.6290507,-2,-2,35
1761621870.6680508,4,-3,28
1761621870.7040508,6,-6,31
1761621870.7410507,10,2,36
1761621870.7790508,-1,0,33
1761621870.8170507,-4,0,38
1761621870.8530507,-6,4,39
1761621870.8900506,-2,3,21
1761621870.9280508,-1,-1,35
1761621870.9640508,5,-5,33
1761621871.0010507,0,-2,34
1761621871.0390508,3,0,31
1761621871.0750508,0,-5,34
1761621871.1120508,3,-1,40
1761621871.1510508,7,-5,51
1761621871.189051,0,1,38
1761621871.2250507,0,-2,43
1761621871.2620506,4,0,30
1761621871.2990508,-4,-3,28
1761621871.3380508,-4,4,32
1761621871.3740506,-5,6,40
1761621871.4110508,3,0,37
1761621871.449051,-3,-1,40
1761621871.4880507,-4,-2,44
1761621871.5240507,-3,-1,34
1761621871.561051,-5,1,27
1761621871.5990508,0,-3,25
1761621871.6350508,0,0,35
1761621871.6720507,3,-5,38
1761621871.7100508,3,1,31
1761621871.7480507,5,0,29
1761621871.7840507,6,6,36
1761621871.8210506,0,-2,39
1761621871.8590508,-5,-8,36
1761621871.8950508,-2,-1,43
1761621871.9340508,-5,-6,40
1761621871.9710507,0,0,39
1761621872.0100508,-2,-4,35
1761621872.0480506,-1,-2,29
1761621872.084051,1,-3,27
1761621872.1210508,2,-1,36
1761621872.1600506,3,3,41
1761621872.1980507,7,5,26
1761621872.2340508,7,2,35
1761621872.2710507,-2,1,22
1761621872.3100507,0,0,35
1761621872.3480508,0,-5,31
1761621872.3840508,2,-5,37
1761621872.4210508,8,-3,34
1761621872.4600508,5,2,37
1761621872.4980507,-3,-2,33
1761621872.5340507,2,0,33
1761621872.5710506,-1,-1,41
1761621872.610051,-6,-5,35
1761621872.6480508,3,-6,34
1761621872.6840508,-3,-9,36
1761621872.722051,-5,-2,28
1761621872.7610507,2,3,28
1761621872.7990508,-8,-1,38
1761621872.8350508,-1,4,35
1761621872.8720508,-1,-2,21
1761621872.9110508,0,1,37
1761621872.949051,-3,3,32
1761621872.985051,0,5,25
1761621873.0220506,1,4,29
1761621873.0600507,7,2,33
1761621873.0980508,7,4,44
1761621873.1340508,4,2,35
1761621873.1710508,-3,1,27
1761621873.2100508,-2,0,30
1761621873.2460508,-6,5,26
1761621873.2830508,0,2,29
1761621873.3200507,3,0,41
1761621873.3560507,-3,1,33
1761621873.393051,4,-2,39
1761621873.4300506,-3,-3,41
1761621873.4690506,3,-5,31
1761621873.505051,1,-7,19
1761621873.5430508,5,-2,27
1761621873.5800507,1,-4,29
1761621873.6160507,1,-1,36
1761621873.653051,-2,3,37
1761621873.6910508,1,9,24
1761621873.7290506,-3,8,36
1761621873.7650506,1,0,32
1761621873.8020508,1,2,30
1761621873.8400507,0,-4,30
1761621873.8760507,0,-8,39
1761621873.9140508,0,0,39
1761621873.9510508,5,10,34
1761621873.9890506,1,4,44
1761621874.0250506,8,0,31
1761621874.0620508,6,1,38
1761621874.1000507,1,0,36
1761621874.1360507,5,1,32
1761621874.1730506,4,0,33
1761621874.2110507,4,-3,42
1761621874.2490506,-2,-2,39
1761621874.2850506,-3,-8,31
1761621874.3230507,-6,0,23
1761621874.3610508,-2,0,32
1761621874.3990507,-3,-3,35
1761621874.4350507,0,2,34
1761621874.472051,-3,1,41
1761621874.5110507,4,2,45
1761621874.5490508,-3,-3,43
1761621874.5850508,-3,0,45
1761621874.6220508,-2,5,37
1761621874.6610508,-3,3,28
1761621874.699051,-1,-4,36
1761621874.735051,5,1,31
1761621874.7720506,5,0,35
1761621874.811051,-1,3,28
1761621874.8490508,5,-3,30
1761621874.8850508,-4,-2,34
1761621874.9220507,0,1,40
1761621874.9610507,-8,-3,44
1761621874.9990506,0,0,45
1761621875.0350506,1,-1,40
1761621875.0720508,-3,0,44
1761621875.1110508,0,4,43
1761621875.1490507,2,4,49
1761621875.1850507,2,6,50
1761621875.222051,2,-3,30
1761621875.2610507,1,-1,31
1761621875.3050506,2,-4,28
1761621875.3430507,2,2,18
1761621875.3810508,2,0,25
1761621875.4170508,9,1,28
1761621875.4540508,5,-8,35
1761621875.4920506,1,-8,32
1761621875.5300508,0,2,48
1761621875.5660508,-3,0,44
1761621875.6030507,2,3,35
1761621875.6410508,2,-1,28
1761621875.6770508,-9,-2,38
1761621875.7160506,0,-4,31
1761621875.7530508,1,4,31
1761621875.791051,0,2,28
1761621875.8270507,-1,2,26
1761621875.8640506,2,2,29
1761621875.9020507,3,3,25
1761621875.9400508,2,-3,40
1761621875.9760506,6,-2,27
1761621876.0130508,-6,-4,32
1761621876.051051,0,-4,36
1761621876.087051,0,0,43
1761621876.1240506,-2,0,51
1761621876.1610508,1,5,28
1761621876.1970508,0,6,24
1761621876.2340508,0,-4,41
1761621876.2710507,2,-2,41
1761621876.3070507,-4,-3,35
1761621876.3440506,0,10,33
1761621876.3820508,-2,4,41
1761621876.4200506,7,0,35
1761621876.4560506,0,-3,28
1761621876.4940507,-4,0,22
1761621876.5320508,-5,0,27
1761621876.5700507,0,4,30
1761621876.6060507,0,4,31
1761621876.643051,11,-2,36
1761621876.6810508,3,-3,38
1761621876.7170508,8,-1,40
1761621876.7540507,10,0,37
1761621876.7920508,-2,4,27
1761621876.8300507,4,11,23
1761621876.8660507,0,0,24
1761621876.9040508,-3,5,33
1761621876.9420507,-1,0,35
1761621876.9800508,0,-1,34
1761621877.0170507,-8,3,42
1761621877.0540507,-1,-2,32
1761621877.0920508,0,-6,33
1761621877.1310508,-5,-2,37
1761621877.1670508,-8,2,39
1761621877.2040508,0,4,34
1761621877.2420506,3,1,30
1761621877.2800508,0,0,20
1761621877.3160508,5,-5,29
1761621877.3540506,-1,-4,32
1761621877.3920507,-1,0,29
1761621877.4300506,0,-1,36
1761621877.4660506,8,-7,35
1761621877.5030508,-3,2,27
1761621877.5420508,-8,1,28
1761621877.5800507,-6,8,41
1761621877.6170506,-4,5,41
1761621877.6540508,-2,0,35
1761621877.6920507,-9,-5,40
1761621877.7280507,-5,0,34
1761621877.7650506,6,1,37
1761621877.8030508,3,3,41
1761621877.8410506,6,1,45
1761621877.8770506,9,-9,33
1761621877.9140508,2,-4,34
1761621877.9520507,1,2,37
1761621877.9880507,-1,6,30
1761621878.0260508,0,0,42
1761621878.0630507,-3,3,36
1761621878.1010506,-1,1,38
1761621878.1370506,2,0,34
1761621878.1740508,-2,5,30
1761621878.212051,-5,6,31
1761621878.2480507,2,1,40
1761621878.2850506,0,3,43
1761621878.3220508,4,1,33
1761621878.3580508,-5,0,34
1761621878.3950508,-7,-1,28
1761621878.4330506,-6,-4,39
1761621878.472051,-7,0,29
1761621878.508051,2,-3,36
1761621878.5450506,0,7,15
1761621878.5830507,-3,-2,24
1761621878.6210508,-4,-7,31
1761621878.6570508,4,-3,22
1761621878.6940508,3,-1,36
1761621878.732051,-1,-7,40
1761621878.768051,-1,-8,29
1761621878.8050506,0,-6,35
1761621878.8430507,-6,-3,26
1761621878.8810508,0,0,25
1761621878.9170508,-3,0,35
1761621878.9550507,10,-7,33
1761621878.9930508,8,-5,35
1761621879.0310507,4,0,29
1761621879.0670507,5,-2,36
1761621879.1040506,2,-4,28
1761621879.143051,0,-3,26
1761621879.1810508,-5,0,28
1761621879.2170508,-3,9,31
1761621879.255051,-2,0,31
1761621879.2930508,-2,-1,22
1761621879.3310506,-1,-1,32
1761621879.3670506,5,-8,38
1761621879.4050508,-2,-4,23
1761621879.4430506,1,0,42
1761621879.4810507,3,3,45
1761621879.5170507,-2,-6,44
1761621879.5550506,-2,-3,29
1761621879.5940506,-6,1,30
1761621879.6320508,0,4,32
1761621879.6680508,1,-1,32
1761621879.7050507,-8,-5,35
1761621879.7440507,-8,0,45
1761621879.7820508,-2,-1,28
1761621879.8180506,-3,-1,38
1761621879.8550508,-3,-8,32
1761621879.8940508,-9,-8,30
1761621879.9320507,-3,0,29
1761621879.9680507,-2,-5,28
1761621880.005051,-1,-2,38
1761621880.0430508,-2,0,38
1761621880.0820508,0,3,43
1761621880.1180508,0,1,46
1761621880.1550508,-9,-8,44
1761621880.1940508,-6,-8,30
1761621880.232051,-11,-4,19
1761621880.268051,-2,6,24
1761621880.3050506,9,-3,29
1761621880.3430507,-2,-2,37
1761621880.3790507,-2,0,33
1761621880.4170508,-2,-2,34
1761621880.4550507,0,-2,37
1761621880.4930508,-3,2,33
1761621880.5320508,-3,-3,25
1761621880.5680506,-3,-3,35
1761621880.6060507,3,1,37
1761621880.6440508,-2,1,31
1761621880.6820507,-8,-8,34
1761621880.7180507,-6,-3,43
1761621880.755051,-5,0,31
1761621880.7940507,-12,-2,25
1761621880.8320508,-7,-4,41
1761621880.8680508,-4,-5,43
1761621880.9060507,1,1,42
1761621880.9440508,0,-4,30
1761621880.982051,0,0,40
1761621881.018051,3,0,42
1761621881.0560508,8,-6,37
1761621881.0940506,1,-6,34
1761621881.1320508,4,-11,24
1761621881.1680508,0,-11,35
1761621881.2060506,1,-9,32
1761621881.2440507,-6,-1,26
1761621881.2820508,-4,-11,37
1761621881.3180506,0,-9,44
1761621881.3560507,14,-7,40
1761621881.3940508,0,-1,43
1761621881.4320507,-7,-3,45
1761621881.4680507,-7,0,43
1761621881.505051,-5,-4,42
1761621881.5440507,-2,-2,35
1761621881.5820508,-2,-2,33
1761621881.6180508,1,-3,34
1761621881.6550508,0,-6,36
1761621881.6940508,-8,-8,34
1761621881.732051,-2,-6,20
1761621881.768051,-7,1,26
1761621881.8050506,0,-2,34
1761621881.8440506,-3,-1,31
1761621881.8820508,0,-4,32
1761621881.9180508,2,-4,26
1761621881.9550507,0,-6,31
1761621881.9930508,4,-6,31
1761621882.0290508,0,0,37
1761621882.0660508,2,-4,35
1761621882.1040506,0,-10,32
1761621882.1400506,3,-9,41
1761621882.1770508,3,-4,39
1761621882.2150507,0,-5,37
1761621882.2530508,3,-9,36
1761621882.2890508,0,-9,33
1761621882.3270507,-3,-10,35
1761621882.3640506,-4,-3,30
1761621882.403051,-5,-6,23
1761621882.439051,-7,-4,27
1761621882.4760506,0,-7,24
1761621882.5140507,0,-6,36
1761621882.5500507,3,-3,35
1761621882.587051,4,-7,40
1761621882.6240506,3,-6,29
1761621882.6600506,-6,-1,24
1761621882.6970508,-4,-1,26
1761621882.7360508,2,-7,23
1761621882.7740507,-3,-1,24
1761621882.8100507,1,-7,21
1761621882.847051,-3,-7,32
1761621882.8850508,1,1,28
1761621882.9230506,2,0,31
1761621882.959051,3,-1,36
1761621882.9960508,-2,0,29
1761621883.0340507,1,0,31
1761621883.0700507,7,-3,31
1761621883.107051,6,-7,37
1761621883.1450508,5,-1,43
1761621883.1830506,-3,-5,32
1761621883.2190506,-4,-6,35
1761621883.2560508,-6,0,35
1761621883.2950506,-8,-5,28
1761621883.3330507,-5,-10,31
1761621883.3690507,-4,-8,33
1761621883.4070508,3,-6,30
1761621883.4450507,1,-4,36
1761621883.4830508,2,-6,40
1761621883.5190508,2,-2,44
1761621883.5570507,-2,3,29
1761621883.5950508,5,4,30
1761621883.633051,9,-1,34
1761621883.6690507,6,-10,29
1761621883.7060506,5,-4,38
1761621883.745051,5,-2,39
1761621883.7830508,-1,-2,40
1761621883.8200507,3,-6,38
1761621883.857051,1,-9,26
1761621883.8950508,-8,-6,35
1761621883.9330506,0,0,36
1761621883.9690506,3,2,28
1761621884.0060508,7,-9,34
1761621884.0450506,-1,1,37
1761621884.0830507,0,-1,31
1761621884.1190507,-2,2,30
1761621884.1560507,-1,-3,33
1761621884.1950507,-2,-4,19
1761621884.2310507,0,-1,35
1761621884.2690508,0,1,41
1761621884.3060508,-5,-8,38
1761621884.3450508,0,3,26
1761621884.3810508,-3,0,26
1761621884.4190507,-5,-11,35
1761621884.4570508,2,-12,30
1761621884.495051,2,-7,31
1761621884.5310507,0,0,35
1761621884.5680506,-1,-5,30
1761621884.607051,2,-7,34
1761621884.6450508,-3,-1,24
1761621884.6810508,-1,-1,23
1761621884.7190506,1,1,31
1761621884.7560508,5,-11,21
1761621884.7950506,-1,-6,18
1761621884.8310506,0,-7,26
1761621884.8690507,-3,-5,31
1761621884.9070508,-7,-4,34
1761621884.9460506,3,-5,26
1761621884.9840508,1,-6,35
1761621885.0210507,2,-3,30
1761621885.0580506,2,-2,20
1761621885.0960507,0,-6,37
1761621885.1340508,1,-1,44
1761621885.1700506,-5,0,45
1761621885.2070508,-1,-1,34
1761621885.2460508,8,-1,38
1761621885.2840507,2,-1,42
1761621885.3280506,2,0,35
1761621885.3660507,0,-1,35
1761621885.4050508,-1,-7,23
1761621885.4410508,7,-2,28
1761621885.4780507,0,-7,27
1761621885.5160508,-4,-2,33
1761621885.5540507,0,-1,37
1761621885.5900507,-1,-1,41
1761621885.6270506,1,0,33
1761621885.666051,4,-6,33
1761621885.7040508,8,-4,28
1761621885.7400508,4,-4,34
1761621885.7770507,-6,-4,38
1761621885.8160508,-9,-4,28
1761621885.8540506,-3,-3,36
1761621885.8900506,0,-6,32
1761621885.9270508,6,-4,29
1761621885.9660506,5,-4,31
1761621886.0040507,-6,0,38
1761621886.0400507,-3,-2,40
1761621886.0770507,-5,-3,27
1761621886.1160507,0,0,32
1761621886.1540508,0,5,37
1761621886.1900508,3,7,40
1761621886.2270508,0,0,45
1761621886.2660508,2,10,28
1761621886.3020508,-2,1,21
1761621886.3400507,-2,2,23
1761621886.3780508,-3,-2,39
1761621886.4170508,-2,1,30
1761621886.4550507,4,-2,37
1761621886.4910507,1,0,33
1761621886.528051,7,-3,42
1761621886.5670507,-1,-1,34
1761621886.6050508,7,0,31
1761621886.6410508,5,0,18
1761621886.6780508,2,2,24
1761621886.7160506,-4,-5,41
1761621886.7530508,-2,-5,33
1761621886.7900507,-1,0,32
1761621886.8280506,-7,-6,32
1761621886.8670506,-4,-6,26
1761621886.9050508,-13,-4,34
1761621886.9410508,-3,-6,37
1761621886.9780507,2,-2,39
1761621887.0160508,1,-1,39
1761621887.0520508,3,-1,29
1761621887.0900507,1,-4,34
1761621887.1270506,1,-9,35
1761621887.166051,4,-3,34
1761621887.2020507,3,-5,30
1761621887.2400508,3,-6,28
1761621887.278051,0,-2,23
1761621887.3160508,0,-5,33
1761621887.3520508,-6,-2,38
1761621887.3900506,0,0,34
1761621887.4270508,2,8,38
1761621887.4660506,3,-6,39
1761621887.5020506,9,-2,45
1761621887.5400507,0,0,39
1761621887.5770507,0,-6,38
1761621887.6150508,0,-3,35
1761621887.6510508,-1,-6,27
1761621887.689051,4,-6,30
1761621887.7270508,-3,1,39
1761621887.7650506,0,2,22
1761621887.801051,-5,-3,32
1761621887.8380508,-2,-3,29
1761621887.8770506,-2,-9,46
1761621887.9150507,-7,-5,28
1761621887.9510508,1,-7,41
1761621887.9880507,3,0,32
1761621888.0260508,0,2,23
1761621888.0620508,-4,0,37
1761621888.0990508,2,-2,28
1761621888.1370506,-2,1,33
1761621888.1750507,0,-4,44
1761621888.2110507,2,0,36
1761621888.2490506,-1,-7,35
1761621888.2870507,4,-7,34
1761621888.3260508,-4,0,23
1761621888.3620508,1,2,37
1761621888.3990507,-9,-5,46
1761621888.4380507,2,-2,41
1761621888.4760506,0,2,40
1761621888.5120506,-1,1,34
1761621888.5490508,0,2,29
1761621888.587051,3,2,29
1761621888.6230507,0,0,36
1761621888.6600506,3,0,32
1761621888.6970508,0,-4,43
1761621888.7330508,0,-4,41
1761621888.7710507,-5,0,28
1761621888.8080506,-7,-4,40
1761621888.847051,1,-2,33
1761621888.883051,0,1,40
1761621888.9200506,8,-2,35
1761621888.9580507,4,-10,33
1761621888.9960508,6,-3,23
1761621889.0320508,0,-2,40
1761621889.0700507,0,-2,34
1761621889.107051,0,-7,34
1761621889.143051,0,-6,41
1761621889.1800506,8,-1,42
1761621889.2170508,6,3,37
1761621889.2530508,0,-3,30
1761621889.2900507,-2,4,36
1761621889.3280506,-2,3,33
1761621889.3660507,-4,6,41
1761621889.4020507,1,1,34
1761621889.439051,-1,-6,25
1761621889.4780507,4,8,41
1761621889.5160508,6,-2,41
1761621889.5520508,2,0,33
1761621889.5890508,-3,-1,29
1761621889.6280508,-1,-1,20
1761621889.666051,-6,-1,31
1761621889.7020507,4,0,31
1761621889.7390506,8,7,45
1761621889.7770507,-5,-1,36
1761621889.8130507,-2,-1,38
1761621889.8510506,5,3,28
1761621889.8880508,1,1,28
1761621889.926051,-4,1,27
1761621889.962051,-6,0,26
1761621889.9990506,0,0,16
1761621890.0370507,-4,2,30
1761621890.0730507,-6,2,38
1761621890.110051,-5,1,33
1761621890.1480508,-2,0,41
1761621890.186051,-1,0,41
1761621890.222051,7,2,43
1761621890.2590508,-3,1,30
1761621890.2970507,-4,1,40
1761621890.3330507,0,-1,33
1761621890.370051,0,-9,37
1761621890.4080508,-9,-3,41
1761621890.4470508,-2,4,38
1761621890.4830508,-4,4,28
1761621890.5200508,0,0,25
1761621890.5580506,-2,-6,38
1761621890.5940506,4,-2,36
1761621890.6310508,0,3,34
1761621890.6690507,1,-2,25
1761621890.7080507,4,-3,34
1761621890.7440507,0,-4,33
1761621890.7810507,-3,1,33
1761621890.8180506,5,-2,29
1761621890.8540506,0,-1,35
1761621890.8920507,3,-6,31
1761621890.9290507,-6,-3,32
1761621890.9680507,-3,0,39
1761621891.0040507,-3,0,35
1761621891.0420508,2,-1,32
1761621891.0790508,4,0,41
1761621891.1170506,-5,0,36
1761621891.153051,-9,0,41
1761621891.1910508,0,-4,38
1761621891.2280507,9,0,38
1761621891.2670507,-2,1,39
1761621891.3030508,-2,1,29
1761621891.3420508,-11,-4,30
1761621891.3790507,-1,-4,31
1761621891.4180508,3,-4,29
1761621891.4540508,3,-4,33
1761621891.4910507,13,-12,21
1761621891.5290508,0,5,33
1761621891.5670507,-4,-4,34
1761621891.6030507,-6,6,39
1761621891.6410508,0,-6,32
1761621891.6790507,-1,-2,36
1761621891.7180507,4,-2,23
1761621891.7540507,2,-6,24
1761621891.791051,1,0,23
1761621891.8290508,2,-6,29
1761621891.8670506,-1,1,31
1761621891.903051,1,-2,31
1761621891.9410508,-5,1,34
1761621891.9790506,0,-2,22
1761621892.0170507,0,-2,24
1761621892.0530508,2,3,31
1761621892.0910506,0,-4,39
1761621892.1290507,2,-5,38
1761621892.1670508,0,0,36
1761621892.2030506,5,0,38
1761621892.2400508,0,2,40
1761621892.278051,0,-1,30
1761621892.314051,4,1,34
1761621892.3510506,0,2,35
1761621892.3890507,-3,-4,35
1761621892.4270508,-4,-5,22
1761621892.4630508,-12,-6,37
1761621892.5000508,0,-6,26
1761621892.538051,-1,-2,41
1761621892.574051,-9,-2,32
1761621892.6120508,-5,-2,33
1761621892.6500506,-4,-11,38
1761621892.689051,-1,-10,36
1761621892.7270508,2,-3,40
1761621892.7630508,1,-8,30
1761621892.8000507,0,-7,29
1761621892.8380508,-6,2,32
1761621892.8740506,-2,5,26
1761621892.913051,-7,-1,42
1761621892.9500508,-11,-7,31
1761621892.9890506,3,1,26
1761621893.0250506,-1,-1,37
1761621893.0630507,-1,-3,37
1761621893.1000507,3,-4,33
1761621893.1380508,0,1,38
1761621893.1740508,-4,-3,34
1761621893.2110507,2,-1,39
1761621893.2490506,-1,-4,33
1761621893.2850506,-8,-7,27
1761621893.3230507,-6,0,18
1761621893.3610508,-9,1,27
1761621893.3990507,-6,-8,35
1761621893.4350507,1,-8,29
1761621893.472051,0,-7,40
1761621893.5090508,3,-1,25
1761621893.5450506,1,-5,36
1761621893.5830507,1,1,49
1761621893.620051,1,3,41
1761621893.6580508,0,0,37
1761621893.6940508,1,-1,46
1761621893.7310507,-6,3,38
1761621893.7690508,-2,0,44
1761621893.8050506,-1,-3,35
1761621893.8430507,-2,-2,33
1761621893.8810508,-6,2,41
1761621893.9190507,-5,4,32
1761621893.9550507,4,0,36
1761621893.9930508,-5,-2,39
1761621894.0310507,-1,-2,43
1761621894.0700507,-3,4,37
1761621894.1080508,0,2,33
1761621894.1440508,0,-4,44
1761621894.1810508,0,1,44
1761621894.2190506,4,-2,40
1761621894.255051,5,-3,43
1761621894.2920508,-1,-1,20
1761621894.3310506,-3,0,25
1761621894.3690507,0,3,29
1761621894.4060507,-4,0,26
1761621894.4430506,-1,0,30
1761621894.4810507,-2,-9,30
1761621894.5190508,-5,-4,21
1761621894.5550506,6,-6,27
1761621894.5930507,4,-2,28
1761621894.6310508,0,-6,32
1761621894.6690507,2,-5,32
1761621894.7050507,-3,-4,34
1761621894.7420506,3,0,32
1761621894.7800508,2,-3,25
1761621894.8180506,1,-3,31
1761621894.8540506,0,-1,34
1761621894.8910508,3,-2,32
1761621894.9300506,3,-6,35
1761621894.9660506,1,0,35
1761621895.0030508,-1,1,33
1761621895.041051,-5,-2,41
1761621895.0800507,-3,-4,35
1761621895.1160507,-6,2,24
1761621895.153051,-2,-1,29
1761621895.1910508,-2,-4,33
1761621895.2300508,0,1,39
1761621895.2660508,4,1,31
1761621895.3030508,0,1,29
1761621895.3490508,1,-7,46
1761621895.3850508,0,-5,30
1761621895.4220507,-1,-3,28
1761621895.4600508,1,-3,36
1761621895.4960508,1,-9,33
1761621895.5330508,3,-4,46
1761621895.5700507,3,-2,39
1761621895.6090508,-6,5,37
1761621895.6450508,-7,2,40
1761621895.6820507,-5,1,31
1761621895.7200508,-3,0,39
1761621895.7560508,-2,-3,41
1761621895.7930508,-4,-1,29
1761621895.8310506,0,-4,28
1761621895.8690507,3,-7,36
1761621895.9050508,1,-8,36
1761621895.9420507,3,-7,37
1761621895.9810507,-5,-5,36
1761621896.0190508,0,-1,44
1761621896.0550506,6,-6,41
1761621896.0920508,5,-4,31
1761621896.1310508,2,-10,34
1761621896.1690507,-1,-1,40
1761621896.2050507,2,-1,24
1761621896.2420506,3,-4,21
1761621896.2810507,-3,-2,33
1761621896.3190508,2,-1,28
1761621896.3550508,-10,-1,32
1761621896.393051,-2,0,34
1761621896.4310508,-1,0,36
1761621896.4700508,-1,-5,34
1761621896.5060508,0,-4,44
1761621896.5430508,-4,-5,40
1761621896.5810506,1,-5,51
1761621896.6190507,5,-1,44
1761621896.6550508,6,-6,37
1761621896.6920507,0,-8,34
1761621896.7300508,0,-2,46
1761621896.7660508,0,-4,42
1761621896.8030508,8,1,37
1761621896.8410506,4,0,38
1761621896.8790507,-4,3,24
1761621896.9150507,0,4,31
1761621896.9520507,0,7,36
1761621896.9900508,0,-2,38
1761621897.0260508,2,-1,42
1761621897.0630507,-8,-2,36
1761621897.1020508,-6,-5,38
1761621897.1400506,-8,3,40
1761621897.176051,-2,-1,37
1761621897.2130508,5,-2,29
1761621897.2510507,1,-2,32
1761621897.2870507,-2,0,38
1761621897.3250508,-1,0,20
1761621897.3630507,-2,-6,33
1761621897.4020507,-4,4,30
1761621897.4400508,-2,0,30
1761621897.4760506,-2,-1,27
1761621897.5130508,0,3,29
1761621897.551051,-4,-5,40
1761621897.5900507,-1,-4,41
1761621897.6260507,0,0,30
1761621897.663051,-3,-1,38
1761621897.7020507,-2,-2,22
1761621897.7400508,5,0,28
1761621897.7760508,0,2,33
1761621897.8130507,-5,-1,40
1761621897.8520508,-2,1,37
1761621897.8900506,-4,6,33
1761621897.926051,-1,-3,33
1761621897.9630508,-5,-6,28
1761621898.0020506,0,-6,31
1761621898.0400507,-4,-3,35
1761621898.0760508,0,-1,29
1761621898.1130507,-1,-1,25
1761621898.1520507,1,3,35
1761621898.1900508,-2,-3,32
1761621898.2260506,-1,-5,33
1761621898.2650506,1,-3,38
1761621898.3020508,0,3,37
1761621898.3400507,-2,-1,32
1761621898.3760507,3,-6,28
1761621898.413051,-4,0,33
1761621898.4520507,-3,8,41
1761621898.4900508,0,7,30
1761621898.5260508,1,0,34
1761621898.5630507,-9,-1,36
1761621898.6020508,0,2,36
1761621898.6400506,3,-4,30
1761621898.676051,6,-6,23
1761621898.7130508,9,-1,32
1761621898.7510507,-8,4,41
1761621898.7870507,-7,1,39
1761621898.8250508,0,2,43
1761621898.8620508,1,0,48
1761621898.9000506,1,-1,43
1761621898.936051,3,-7,38
1761621898.9730508,1,-3,36
1761621899.0110507,7,0,39
1761621899.0470507,4,4,35
1761621899.084051,-4,-3,36
1761621899.1230507,-8,0,37
1761621899.1610508,-12,0,48
1761621899.1970508,-5,-2,40
1761621899.2340508,5,3,49
1761621899.2720506,-4,5,38
1761621899.3080506,1,-2,35
1761621899.3450508,-4,-6,37
1761621899.383051,0,-2,42
1761621899.4210508,5,-3,39
1761621899.4570508,5,-4,26
1761621899.4940507,1,-5,35
1761621899.5320508,0,-4,44
1761621899.5680506,-3,-4,45
1761621899.6060507,-2,-1,37
1761621899.6440508,5,-2,42
1761621899.6820507,1,0,30
1761621899.7180507,7,3,29
1761621899.755051,0,4,26
1761621899.7920508,0,-1,21
1761621899.8310506,0,0,23
1761621899.8670506,4,-4,19
1761621899.9040508,1,1,21
1761621899.9420507,1,0,26
1761621899.9780507,3,-8,18
1761621900.0150506,-2,4,17
1761621900.0520508,0,0,40
1761621900.0880508,-4,-1,34
1761621900.1260507,0,-3,41
1761621900.163051,4,-1,30
1761621900.2020507,0,4,23
1761621900.2380507,-4,0,33
1761621900.2750506,-4,-3,44
1761621900.3130507,-1,0,35
1761621900.3520508,0,1,34
1761621900.3880508,5,-6,22
1761621900.4250507,1,0,18
1761621900.4630508,-3,9,46
1761621900.5010507,-9,0,40
1761621900.5370507,-5,1,38
1761621900.5750508,-2,-6,45
1761621900.6130507,3,-5,28
1761621900.6520507,6,-5,34
1761621900.6880507,7,-4,38
1761621900.7250507,2,-2,31
1761621900.7630508,5,3,32
1761621900.801051,0,-4,41
1761621900.837051,-2,1,40
1761621900.8750508,0,-1,43
1761621900.913051,-2,-2,28
1761621900.9510508,6,2,37
1761621900.9870508,2,2,35
1761621901.0250506,7,-10,36
1761621901.0630507,-1,0,27
1761621901.1010506,-1,-4,31
1761621901.1370506,-1,-1,28
1761621901.1740508,2,1,32
1761621901.212051,0,-1,31
1761621901.2480507,-2,1,33
1761621901.2860508,5,0,37
1761621901.3230507,0,-8,41
1761621901.3620508,8,-1,29
1761621901.3980508,7,-1,30
1761621901.436051,3,0,28
1761621901.4740508,-1,0,32
1761621901.5120506,1,0,22
1761621901.5480506,2,-2,29
1761621901.5860507,-1,-5,26
1761621901.6240506,1,-4,21
1761621901.6620507,1,-4,30
1761621901.6980507,3,-1,32
1761621901.735051,-3,-2,29
1761621901.7740507,4,0,33
1761621901.8120508,-2,-4,40
1761621901.8480508,11,-9,29
1761621901.8850508,-2,-3,46
1761621901.9230506,-5,-5,46
1761621901.962051,-1,-3,36
1761621901.9980507,2,-2,33
1761621902.0350506,7,-3,29
1761621902.0730507,5,-3,36
1761621902.1090508,1,-2,36
1761621902.1460507,0,-1,25
1761621902.1830506,3,-3,30
1761621902.222051,4,-13,36
1761621902.258051,3,-11,29
1761621902.2950506,3,0,24
1761621902.3330507,5,-4,33
1761621902.3690507,-3,-3,38
1761621902.4060507,2,0,34
1761621902.4440508,-3,-12,39
1761621902.482051,2,1,44
1761621902.518051,2,6,32
1761621902.5560508,2,-3,35
1761621902.5940506,-1,-1,32
1761621902.6320508,0,-5,41
1761621902.6680508,0,0,37
1761621902.7050507,3,1,28
1761621902.7440507,2,0,29
1761621902.7820508,-7,3,30
1761621902.8180506,-3,3,30
1761621902.8560507,5,3,40
1761621902.8940508,1,5,28
1761621902.9320507,0,-1,33
1761621902.9680507,0,1,31
1761621903.005051,2,-1,37
1761621903.0440507,5,-5,31
1761621903.0820508,0,-1,24
1761621903.1180508,5,0,31
1761621903.1550508,6,1,41
1761621903.1940508,0,-2,36
1761621903.232051,4,-7,34
1761621903.268051,-2,-6,35
1761621903.3050506,-7,-2,37
1761621903.3440506,0,-2,40
1761621903.3820508,0,-1,25
1761621903.4180508,0,-3,37
1761621903.4550507,-2,-3,51
1761621903.4940507,4,-5,31
1761621903.5320508,2,-10,35
1761621903.5680506,6,-7,29
1761621903.6050508,1,-6,31
1761621903.643051,-3,-3,26
1761621903.6790507,-7,-5,37
1761621903.7170508,-5,-3,45
1761621903.7540507,2,-2,40
1761621903.791051,0,0,34
1761621903.8280506,-1,-1,38
1761621903.8670506,-1,0,53
1761621903.9040508,-6,-5,41
1761621903.9430506,-1,-4,34
1761621903.9790506,3,-2,32
1761621904.0170507,-1,-6,24
1761621904.0540507,-2,0,29
1761621904.0900507,0,3,31
1761621904.1280508,1,-3,33
1761621904.1650507,-4,-2,31
1761621904.2040508,-5,-5,35
1761621904.2400508,0,-1,43
1761621904.2770507,-7,-6,38
1761621904.3150508,-3,-8,35
1761621904.3540506,0,-11,27
1761621904.3900506,1,-6,36
1761621904.4270508,2,-3,35
1761621904.4650507,-1,0,33
1761621904.5030508,0,-1,39
1761621904.5390508,-1,-2,39
1761621904.5770507,2,1,25
1761621904.6150508,-3,2,25
1761621904.653051,-7,2,32
1761621904.689051,-4,3,35
1761621904.7270508,-1,-2,28
1761621904.7650506,-1,-1,30
1761621904.8040507,0,-9,38
1761621904.8400507,-1,-6,35
1761621904.8770506,0,-2,43
1761621904.9150507,-4,-2,38
1761621904.9540508,1,-1,32
1761621904.9900508,1,-2,39
1761621905.0270507,4,-1,31
1761621905.0650508,-2,-1,24
1761621905.1040506,-5,0,31
1761621905.1400506,-2,1,24
1761621905.1770508,0,0,34
1761621905.2150507,2,1,39
1761621905.2530508,3,1,27
1761621905.2890508,8,-4,29
1761621905.3270507,-3,-1,24
1761621905.3730507,4,-1,28
1761621905.4090507,1,-10,35
1761621905.4470508,-1,-1,38
1761621905.485051,3,-5,36
1761621905.5230508,2,-3,26
1761621905.5590508,0,0,30
1761621905.5960507,-4,-2,25
1761621905.6350508,2,-3,20
1761621905.6730506,0,-1,25
1761621905.709051,-1,-1,32
1761621905.7460508,3,0,26
1761621905.7840507,1,-6,39
1761621905.8200507,4,-3,38
1761621905.857051,2,-3,36
1761621905.8950508,0,-1,41
1761621905.9310508,0,-1,32
1761621905.9680507,-6,3,17
1761621906.005051,-2,3,22
1761621906.0420508,0,1,36
1761621906.0790508,3,0,33
1761621906.1160507,3,-5,32
1761621906.1550508,3,-7,39
1761621906.1910508,1,-3,40
1761621906.2290506,-2,-1,36
1761621906.2670507,-8,-7,32
1761621906.3050506,-2,-4,38
1761621906.3440506,-1,0,43
1761621906.380051,0,-1,36
1761621906.4180508,6,4,39
1761621906.4550507,4,0,38
1761621906.4910507,9,-8,28
1761621906.528051,3,-5,28
1761621906.5660508,-5,-1,34
1761621906.6050508,-5,-1,30
1761621906.6410508,-1,-6,39
1761621906.6780508,-9,1,39
1761621906.7160506,3,0,26
1761621906.7540507,9,-3,25
1761621906.7900507,3,4,39
1761621906.8280506,2,4,36
1761621906.8660507,0,0,35
1761621906.9040508,-4,-2,39
1761621906.9400508,-4,-1,32
1761621906.9780507,-2,0,28
1761621907.0160508,-7,-2,33
1761621907.0540507,-3,0,20
1761621907.0900507,0,1,22
1761621907.1280508,0,-4,19
1761621907.166051,-2,-1,28
1761621907.2050507,-1,-2,52
1761621907.2410507,-1,-3,48
1761621907.278051,-2,-5,43
1761621907.3170507,0,-2,42
1761621907.3550508,-2,-2,35
1761621907.3910508,-3,3,34
1761621907.4290507,3,0,29
1761621907.4660506,2,6,41
1761621907.505051,7,0,33
1761621907.5420508,1,-4,22
1761621907.5800507,2,0,29
1761621907.6180508,0,-3,26
1761621907.6560507,0,0,26
1761621907.6940508,-5,-7,26
1761621907.7300508,-2,-10,28
1761621907.768051,0,0,36
1761621907.8060508,-1,-6,30
1761621907.8440506,5,0,38
1761621907.880051,7,-2,39
1761621907.9170508,3,3,34
1761621907.9550507,-1,-1,40
1761621907.9910507,2,0,31
1761621908.028051,3,-5,44
1761621908.0670507,0,-9,36
1761621908.1050508,0,-2,53
1761621908.1410508,2,-4,38
1761621908.1780508,-5,-6,36
1761621908.2170508,0,-4,28
1761621908.255051,3,0,30
1761621908.291051,0,-2,39
1761621908.3280506,-3,1,44
1761621908.3660507,-1,0,31
1761621908.4020507,0,3,37
1761621908.439051,4,0,34
1761621908.4770508,0,-3,36
1761621908.5150506,-4,5,34
1761621908.5520508,0,3,34
1761621908.5890508,0,0,30
1761621908.6260507,5,-8,32
1761621908.6620507,0,2,39
1761621908.699051,-8,-4,36
1761621908.7370508,2,-5,30
1761621908.7750506,-1,0,31
1761621908.811051,2,2,30
1761621908.8480508,2,4,26
1761621908.8860507,2,2,38
1761621908.9220507,0,2,35
1761621908.9600508,4,5,39
1761621908.9970508,-1,-1,31
1761621909.0360508,4,-3,27
1761621909.0720508,7,-2,34
1761621909.1090508,-1,-1,29
1761621909.1470506,-2,-1,27
1761621909.186051,-1,-5,44
1761621909.222051,0,0,40
1761621909.2590508,0,1,52
1761621909.2970507,-1,2,47
1761621909.3350508,-7,2,36
1761621909.3710508,3,-5,27
1761621909.4080508,3,-3,34
1761621909.4460506,-7,-2,27
1761621909.482051,5,-4,38
1761621909.5190508,6,0,38
1761621909.5570507,-4,3,36
1761621909.5950508,-4,-4,28
1761621909.6310508,0,2,40
1761621909.6690507,-11,-5,37
1761621909.7070508,-4,-9,41
1761621909.745051,-6,-5,41
1761621909.7810507,-10,-1,32
1761621909.8190508,-7,0,24
1761621909.857051,-7,0,25
1761621909.8950508,0,4,25
1761621909.9310508,-2,0,39
1761621909.9690506,-8,-1,34
1761621910.0070508,-5,0,36
1761621910.0430508,0,-4,45
1761621910.0800507,5,-2,41
1761621910.1170506,2,3,27
1761621910.153051,1,-1,22
1761621910.1900508,-3,0,22
1761621910.2280507,-5,-1,26
1761621910.2670507,7,-2,26
1761621910.3030508,10,-4,36
1761621910.3400507,0,-5,43
1761621910.3770506,2,0,42
1761621910.413051,-1,1,36
1761621910.4500508,2,-8,43
1761621910.4880507,-4,-8,37
1761621910.5270507,5,3,35
1761621910.5630507,8,-5,31
1761621910.6010506,2,0,26
1761621910.6380508,-3,-5,30
1761621910.6770508,0,-5,32
1761621910.7130508,-8,-1,37
1761621910.7500508,-5,0,41
1761621910.788051,-6,0,26
1761621910.8260508,-11,-2,33
1761621910.8630507,-10,0,38
1761621910.9010508,-2,-2,46
1761621910.9380507,-4,0,40
1761621910.9760506,0,0,39
1761621911.0120506,0,-2,35
1761621911.0490508,0,-3,28
1761621911.087051,-3,3,35
1761621911.1230507,-9,0,36
1761621911.1600506,-5,0,30
1761621911.1980507,-3,-8,45
1761621911.2360508,2,-3,38
1761621911.2720506,8,-2,36
1761621911.3100507,2,1,34
1761621911.3480508,-3,-5,37
1761621911.3860507,-3,-2,36
1761621911.4220507,0,-2,31
1761621911.459051,0,-4,40
1761621911.4970508,4,-5,41
1761621911.5330508,-3,-1,36
1761621911.5710506,3,-2,32
1761621911.610051,-1,-3,29
1761621911.6480508,-3,2,15
1761621911.686051,1,-3,40
1761621911.722051,0,-3,27
1761621911.7590508,0,-1,31
1761621911.7970507,-7,2,35
1761621911.8330507,-2,-1,21
1761621911.8710508,-2,0,28
1761621911.9080508,1,0,24
1761621911.9470508,-2,-6,40
1761621911.9830508,0,-9,39
1761621912.0200508,-6,-4,41
1761621912.0590508,0,-12,25
1761621912.097051,-5,-1,33
1761621912.133051,-10,-1,32
1761621912.1710508,-7,-3,16
1761621912.209051,-3,-2,40
1761621912.2480507,0,0,43
1761621912.2840507,-1,-1,37
1761621912.3210506,-3,-6,28
1761621912.3590508,4,1,34
1761621912.3970506,1,-2,32
1761621912.4330506,0,-4,27
1761621912.4710507,-5,1,33
1761621912.508051,-8,1,30
1761621912.5470507,0,-3,40
1761621912.5830507,1,-2,24
1761621912.620051,4,-6,35
1761621912.6580508,2,-5,26
1761621912.6940508,0,-6,30
1761621912.7310507,-2,-5,40
1761621912.7690508,-8,0,45
1761621912.8080506,-9,-7,36
1761621912.8440506,-6,-5,38
1761621912.8810508,-2,1,39
1761621912.9180508,-3,3,29
1761621912.9540508,-2,12,31
1761621912.9910507,7,5,35
1761621913.0290508,5,-3,35
1761621913.0680506,0,-3,25
1761621913.1040506,3,-2,37
1761621913.1410508,7,-2,35
1761621913.1790507,-1,2,39
1761621913.2170508,1,-1,39
1761621913.2530508,0,1,39
1761621913.2900507,-5,0,40
1761621913.3280506,-3,0,45
1761621913.3640506,-6,0,38
1761621913.4010508,-2,1,31
1761621913.4400508,-4,0,30
1761621913.4780507,-1,4,31
1761621913.5140507,0,3,38
1761621913.551051,-2,0,38
1761621913.5890508,6,-6,40
1761621913.6270506,0,-6,36
1761621913.663051,6,-3,48
1761621913.7000508,0,0,39
1761621913.7390506,2,2,37
1761621913.7770507,6,-3,31
1761621913.8130507,2,-2,25
1761621913.8500507,4,-1,27
1761621913.8890507,4,-6,39
1761621913.9270508,2,-8,42
1761621913.9630508,-3,-4,48
1761621914.0000508,2,-3,37
1761621914.0390508,-5,-4,44
1761621914.0770507,6,-1,34
1761621914.1130507,7,-1,23
1761621914.1500506,3,-3,32
1761621914.189051,2,-6,35
1761621914.2270508,4,0,34
1761621914.2630508,1,2,32
1761621914.3000507,-2,-1,42
1761621914.3390508,-7,0,26
1761621914.3770506,-4,1,33
1761621914.413051,-2,3,32
1761621914.4500508,-1,1,34
1761621914.4890506,-5,-1,32
1761621914.5250506,-5,-3,36
1761621914.5630507,10,2,19
1761621914.6000507,3,-2,39
1761621914.6390507,-2,-1,41
1761621914.6750507,0,-4,47
1761621914.7130508,-1,-8,27
1761621914.7510507,-2,-7,31
1761621914.7900507,-3,0,38
1761621914.8280506,2,-1,35
1761621914.8640506,0,-2,32
1761621914.9010508,-1,-7,34
1761621914.9400508,3,-3,36
1761621914.9780507,2,0,42
1761621915.0140507,1,-3,40
1761621915.051051,-1,-9,35
1761621915.0890508,4,-5,31
1761621915.1280508,-10,-6,27
1761621915.1640508,-13,-11,46
1761621915.2010508,-9,-5,29
1761621915.2390506,-6,1,32
1761621915.278051,-4,-3,44
1761621915.314051,0,-1,51
1761621915.3510506,-4,0,45
1761621915.3950508,-3,0,30
1761621915.4330506,10,-1,36
1761621915.4700508,0,-6,30
1761621915.508051,-4,0,42
1761621915.5440507,10,-7,30
1761621915.5810506,2,0,25
1761621915.6190507,-5,-1,32
1761621915.6550508,-10,3,20
1761621915.6920507,0,0,28
1761621915.7300508,1,-6,37
1761621915.768051,-4,-13,37
1761621915.8040507,0,-6,38
1761621915.8410506,0,-8,28
1761621915.880051,-5,-7,21
1761621915.9180508,-6,-1,45
1761621915.9540508,-3,-3,26
1761621915.9910507,-9,-1,29
1761621916.0300508,-11,-7,33
1761621916.0680506,-5,-5,31
1761621916.1040506,0,2,31
1761621916.1410508,-1,0,36
1761621916.1800506,0,-1,31
1761621916.2180507,-6,-5,37
1761621916.2540507,-1,0,27
1761621916.291051,-5,-5,31
1761621916.3300507,0,-3,39
1761621916.3680508,8,-1,38
1761621916.4040508,1,-2,32
1761621916.4410508,0,-4,28
1761621916.4800508,-1,-8,33
1761621916.518051,0,-1,29
1761621916.5540507,0,-4,28
1761621916.5910506,-2,-2,36
1761621916.630051,1,2,35
1761621916.666051,1,-1,36
1761621916.7030506,2,-3,20
1761621916.7400508,0,-5,31
1761621916.7790508,-2,-10,32
1761621916.8150508,-2,-2,16
1761621916.8530507,0,1,21
1761621916.8900506,9,-2,26
1761621916.926051,4,6,27
1761621916.9630508,6,6,34
1761621917.0000508,2,1,28
1761621917.0390508,6,3,24
1761621917.0750508,5,-1,22
1761621917.1120508,-4,-3,19
1761621917.1500506,-3,1,21
1761621917.189051,0,3,32
1761621917.2250507,0,-1,35
1761621917.2640507,-8,3,28
1761621917.301051,2,0,32
1761621917.3390508,5,3,19
1761621917.3750508,5,0,35
1761621917.413051,-1,0,28
1761621917.4510508,-5,0,31
1761621917.4890506,-4,0,29
1761621917.5250506,-2,0,37
1761621917.564051,-3,0,26
1761621917.6010506,3,2,37
1761621917.6390507,5,-9,29
1761621917.6750507,3,-4,39
1761621917.712051,-2,-1,38
1761621917.7510507,3,3,37
1761621917.7890508,1,0,36
1761621917.8260508,2,1,32
1761621917.8630507,2,-3,40
1761621917.9010508,0,1,36
1761621917.939051,2,-3,44
1761621917.9750507,0,0,44
1761621918.0130508,0,0,40
1761621918.051051,-4,-1,44
1761621918.0900507,0,-6,33
1761621918.1260507,1,-3,29
1761621918.163051,0,0,38
1761621918.2010508,-5,-6,30
1761621918.2390506,-7,-2,29
1761621918.2750506,-7,-1,34
1761621918.314051,0,4,34
1761621918.3510506,0,2,41
1761621918.3890507,0,-5,36
1761621918.4250507,0,0,36
1761621918.462051,0,3,26
1761621918.5000508,-2,-1,22
1761621918.5360508,-4,1,20
1761621918.5730507,-3,-4,34
1761621918.6110508,-4,0,31
1761621918.6490507,-1,3,22
1761621918.6850507,-1,0,27
1761621918.7230508,-2,-1,31
1761621918.7610507,-2,-2,27
1761621918.8000507,-2,-8,28
1761621918.8360507,-5,-6,26
1761621918.8730507,0,-1,31
1761621918.9110508,0,1,39
1761621918.9470508,0,2,36
1761621918.9840508,-7,0,32
1761621919.0210507,-6,3,35
1761621919.0600507,-7,-2,26
1761621919.0960507,-4,-1,20
1761621919.1340508,0,-4,42
1761621919.1720507,-7,1,32
1761621919.2110507,-3,-1,37
1761621919.2470508,2,-5,36
1761621919.2840507,-5,-12,38
1761621919.3230507,-5,-7,35
1761621919.3610508,-8,-2,25
1761621919.3970506,-7,0,36
1761621919.4340508,-12,-10,37
1761621919.472051,-9,-9,22
1761621919.5110507,-2,-4,33
1761621919.5470507,-9,-3,33
1761621919.584051,-7,-3,40
1761621919.6220508,1,-4,32
1761621919.6610508,1,-4,24
1761621919.6970508,-3,7,36
1761621919.7340508,-4,1,38
1761621919.7720506,-3,0,23
1761621919.811051,-1,-1,27
1761621919.847051,4,6,33
1761621919.8840508,1,2,39
1761621919.9220507,0,0,45
1761621919.9600508,-6,2,29
1761621919.9960508,-6,-3,36
1761621920.0330508,-4,-2,28
1761621920.0720508,5,-3,38
1761621920.110051,1,0,36
1761621920.1460507,-2,0,38
1761621920.1830506,0,-4,33
1761621920.222051,-4,-6,30
1761621920.2600508,-6,-8,34
1761621920.2960508,-6,-11,25
1761621920.3330507,1,-7,30
1761621920.3710508,0,-11,31
1761621920.4070508,5,-8,32
1761621920.4440508,0,0,42
1761621920.482051,1,-4,36
1761621920.5200508,-4,-6,34
1761621920.5560508,-3,-7,39
1761621920.5930507,1,1,38
1761621920.6310508,-1,-1,42
1761621920.6670508,4,-6,44
1761621920.7050507,-4,1,40
1761621920.7430508,-5,0,36
1761621920.7810507,-1,-4,33
1761621920.8170507,0,-2,46
1761621920.8540506,4,-5,36
1761621920.8920507,3,2,33
1761621920.9280508,-2,0,37
1761621920.9650507,3,-4,27
1761621921.0020506,4,-1,20
1761621921.041051,2,-7,31
1761621921.0770507,0,-3,29
1761621921.1140506,-5,2,36
1761621921.1520507,-10,-3,29
1761621921.1880507,-6,-2,33
1761621921.2250507,-12,-11,31
1761621921.2630508,-14,-6,36
1761621921.3020508,-5,-2,31
1761621921.3380508,2,-8,35
1761621921.3750508,0,0,40
1761621921.4120507,-2,2,36
1761621921.4480507,-5,0,40
1761621921.4860508,0,0,44
1761621921.5230508,3,0,42
1761621921.561051,2,0,33
1761621921.597051,4,1,33
1761621921.6340508,0,-1,27
1761621921.6720507,5,-6,26
1761621921.7080507,0,-2,30
1761621921.7460508,0,0,40
1761621921.7840507,1,0,35
1761621921.8220508,-2,7,46
1761621921.8580508,-8,4,44
1761621921.8970506,-6,-1,38
1761621921.9340508,0,-2,35
1761621921.972051,-4,4,33
1761621922.008051,-2,2,38
1761621922.0460508,0,-1,32
1761621922.084051,-7,-8,33
1761621922.1230507,-4,-9,40
1761621922.1610508,0,-3,30
1761621922.1970508,-3,-3,32
1761621922.2340508,-6,1,35
1761621922.2720506,-5,-4,37
1761621922.3080506,-4,-5,36
1761621922.3450508,0,4,29
1761621922.383051,-7,-3,36
1761621922.4210508,0,0,39
1761621922.4570508,0,-2,33
1761621922.4940507,0,-4,42
1761621922.5320508,-8,0,30
1761621922.5680506,-2,-1,42
1761621922.6060507,0,-1,45
1761621922.643051,-6,3,31
1761621922.6820507,0,2,42
1761621922.7180507,-4,2,44
1761621922.7560508,3,0,41
1761621922.7930508,1,0,37
1761621922.8310506,2,-2,30
1761621922.8670506,-2,-5,27
1761621922.9040508,-2,-2,21
1761621922.9430506,-7,2,34
1761621922.9810507,-5,2,31
1761621923.0170507,-5,1,42
1761621923.0540507,-1,1,45
1761621923.0920508,-5,5,34
1761621923.1280508,-3,0,45
1761621923.1650507,0,-7,36
1761621923.2030506,-1,0,30
1761621923.2390506,-3,0,39
1761621923.2770507,0,-5,27
1761621923.314051,7,0,30
1761621923.3520508,0,-2,23
1761621923.3880508,3,1,32
1761621923.4250507,4,2,26
1761621923.4630508,0,0,22
1761621923.4990506,1,-2,28
1761621923.5360508,-3,-4,29
1761621923.574051,3,-1,24
1761621923.6130507,5,-4,21
1761621923.6490507,2,-2,33
1761621923.686051,4,-5,33
1761621923.7230508,0,-8,39
1761621923.7590508,2,-7,38
1761621923.7960508,-2,-9,40
1761621923.834051,3,-10,37
1761621923.8720508,10,-4,33
1761621923.9080508,2,-6,32
1761621923.9450507,2,-1,33
1761621923.9830508,0,2,31
1761621924.0190508,4,5,33
1761621924.0560508,8,-5,33
1761621924.0940506,-2,-7,36
1761621924.1320508,0,-7,43
1761621924.1680508,-7,-4,31
1761621924.2060506,1,-4,42
1761621924.2440507,7,0,46
1761621924.2820508,0,-4,36
1761621924.3180506,-2,0,27
1761621924.3550508,3,-7,37
1761621924.3940508,6,-3,33
1761621924.4320507,0,-1,41
1761621924.4680507,-5,-4,50
1761621924.5060508,-1,-5,42
1761621924.5440507,2,-7,41
1761621924.5820508,6,-3,35
1761621924.6180508,6,-4,36
1761621924.6550508,7,-1,46
1761621924.6940508,0,-2,44
1761621924.732051,-4,-1,35
1761621924.768051,-7,-2,38
1761621924.8050506,8,0,36
1761621924.8430507,1,-3,30
1761621924.8790507,0,-1,30
1761621924.916051,-1,-2,36
1761621924.9540508,-5,-3,34
1761621924.9930508,-2,-4,37
1761621925.0290508,-4,-9,39
1761621925.0660508,-1,-7,27
1761621925.1040506,-1,-5,24
1761621925.143051,-3,0,27
1761621925.1790507,1,0,36
1761621925.2170508,-1,-4,37
1761621925.2540507,-5,-3,44
1761621925.2930508,-5,-4,30
1761621925.3290508,-4,-7,30
1761621925.3660507,-6,0,29
1761621925.4100506,-1,-4,24
1761621925.4480507,-2,0,39
1761621925.4860508,0,-1,41
1761621925.5240507,-4,-2,30
1761621925.5600507,-1,-2,33
1761621925.5980508,3,-4,30
1761621925.6350508,-1,-1,32
1761621925.6740508,-3,0,27
1761621925.7100508,-1,6,31
1761621925.7470508,5,3,25
1761621925.7840507,0,3,46
1761621925.8230507,-2,0,33
1761621925.8590508,-4,-5,46
1761621925.8960507,-8,-6,47
1761621925.9350507,-6,0,41
1761621925.9730508,0,0,37
1761621926.0090508,1,1,28
1761621926.0460508,8,-8,22
1761621926.084051,2,-6,27
1761621926.120051,2,4,35
1761621926.1570508,-2,3,35
1761621926.1950507,-1,1,31
1761621926.2330508,1,3,37
1761621926.2690508,-1,4,35
1761621926.3060508,-1,2,32
1761621926.3450508,0,-8,39
1761621926.383051,0,-5,36
1761621926.4190507,-4,-7,49
1761621926.4560506,-2,2,41
1761621926.495051,-3,2,33
1761621926.5330508,-7,0,44
1761621926.5690508,2,-9,39
1761621926.6060507,-1,-1,41
1761621926.6450508,4,0,31
1761621926.6830506,2,-4,33
1761621926.7190506,-2,0,31
1761621926.7560508,-1,-3,46
1761621926.7950506,2,-1,36
1761621926.8330507,-2,2,28
1761621926.8690507,0,2,33
1761621926.9060507,0,6,21
1761621926.9440508,0,3,27
1761621926.9800508,2,1,17
1761621927.0170507,6,8,32
1761621927.0550506,1,-2,32
1761621927.0930507,0,-5,35
1761621927.1290507,-5,-6,33
1761621927.166051,0,-3,34
1761621927.2040508,0,-1,28
1761621927.2400508,0,1,31
1761621927.278051,2,-3,30
1761621927.3160508,1,-4,32
1761621927.3540506,1,1,36
1761621927.3900506,-9,0,37
1761621927.4280508,-1,0,30
1761621927.4660506,0,-1,33
1761621927.505051,-1,1,44
1761621927.541051,3,0,36
1761621927.5780506,0,-4,38
1761621927.6160507,0,0,31
1761621927.6540508,3,-1,12
1761621927.6900508,0,-5,23
1761621927.7280507,-5,-3,36
1761621927.7660508,-10,0,32
1761621927.8050506,1,2,36
1761621927.8410506,2,-4,25
1761621927.8780508,-2,0,42
1761621927.9150507,3,-8,47
1761621927.9540508,1,-7,47
1761621927.9900508,-3,-2,39
1761621928.0270507,3,0,30
1761621928.0650508,-2,0,27
1761621928.1010506,2,-6,28
1761621928.1380508,-3,-9,38
1761621928.176051,-1,-1,33
1761621928.2150507,-4,-5,40
1761621928.2510507,1,-4,35
1761621928.288051,-9,-4,36
1761621928.3260508,0,-1,34
1761621928.3640506,4,-6,35
1761621928.4000506,12,0,36
1761621928.4370508,5,7,30
1761621928.4760506,1,2,28
1761621928.5140507,1,2,19
1761621928.5500507,0,3,28
1761621928.587051,-2,2,32
1761621928.6260507,0,1,23
1761621928.6640508,-6,1,27
1761621928.7000508,0,-4,38
1761621928.7370508,7,-2,36
1761621928.7760508,0,-6,52
1761621928.814051,-3,-2,39
1761621928.8500507,0,-2,36
1761621928.8880508,-3,3,31
1761621928.926051,3,6,31
1761621928.9640508,3,3,34
1761621929.0000508,5,1,28
1761621929.038051,6,-2,36
1761621929.0760508,2,-4,37
1761621929.1140506,-7,-4,29
1761621929.1500506,-5,-1,35
1761621929.1880507,0,5,43
1761621929.2260506,4,3,29
1761621929.2640507,-4,0,30
1761621929.301051,0,2,36
1761621929.3380508,-4,6,45
1761621929.3760507,-6,-2,21
1761621929.4140508,-6,-3,25
1761621929.4510508,-6,-6,25
1761621929.4880507,2,2,31
1761621929.5260508,1,2,39
1761621929.564051,0,-1,32
1761621929.6010506,5,-3,30
1761621929.6380508,0,-4,39
1761621929.676051,4,-5,45
1761621929.7150507,6,-10,36
1761621929.7510507,3,-7,34
1761621929.788051,0,-2,41
1761621929.8260508,0,-2,36
1761621929.8620508,3,4,31
1761621929.8990507,0,-6,41
1761621929.936051,3,-7,29
1761621929.972051,1,-4,28
1761621930.0100508,0,-3,32
1761621930.0470507,-4,-8,31
1761621930.0860507,2,-2,30
1761621930.1220508,-4,0,39
1761621930.1590507,6,1,38
1761621930.1970508,-1,-1,30
1761621930.2360508,-1,-1,38
1761621930.2720506,-1,0,32
1761621930.3090508,2,-5,32
1761621930.3460507,8,0,39
1761621930.3820508,-2,3,22
1761621930.4190507,-3,2,31
1761621930.4560506,4,-1,34
1761621930.495051,-1,-3,38
1761621930.5310507,-1,2,26
1761621930.5680506,-4,5,29
1761621930.607051,-2,0,30
1761621930.6450508,-1,8,29
1761621930.6810508,-2,0,39
1761621930.7180507,0,-2,38
1761621930.7570508,0,0,42
1761621930.7950506,-3,-4,29
1761621930.8310506,0,-1,34
1761621930.8680508,-4,-1,38
1761621930.9070508,0,-11,22
1761621930.9450507,-2,-6,23
1761621930.9810507,0,-2,27
1761621931.018051,-1,1,31
1761621931.0560508,11,0,32
1761621931.0920508,5,-1,36
1761621931.1290507,-2,2,44
1761621931.1670508,2,2,38
1761621931.2050507,-2,0,35
1761621931.2410507,3,-9,20
1761621931.278051,4,-5,27
1761621931.3170507,6,-5,24
1761621931.3550508,-6,-2,24
1761621931.3910508,0,-4,30
1761621931.4290507,5,-4,35
1761621931.4670508,-4,0,29
1761621931.505051,0,2,34
1761621931.541051,5,5,28
1761621931.5780506,1,-1,43
1761621931.6170506,-3,1,35
1761621931.6550508,-2,-1,30
1761621931.6910508,-2,0,34
1761621931.7290506,1,-1,41
1761621931.7670507,2,-7,38
1761621931.8030508,-2,-7,26
1761621931.8400507,2,-6,30
1761621931.8770506,-1,-5,28
1761621931.916051,0,-10,35
1761621931.9520507,0,-15,34
1761621931.9890506,-4,-5,28
1761621932.0270507,2,-8,30
1761621932.0630507,-3,-5,33
1761621932.1000507,-6,-4,21
1761621932.1380508,-5,-1,35
1761621932.1770508,-10,3,43
1761621932.2130508,-1,0,37
1761621932.2500508,0,-4,40
1761621932.288051,5,-2,42
1761621932.3270507,-5,-2,27
1761621932.3630507,-2,0,29
1761621932.4000506,0,0,36
1761621932.4380507,6,2,38
1761621932.4760506,4,-5,40
1761621932.5120506,0,-1,40
1761621932.5490508,5,0,31
1761621932.587051,-3,0,27
1761621932.6230507,-1,-2,30
1761621932.6610508,4,-3,31
1761621932.6980507,-3,-3,30
1761621932.7370508,-5,-7,29
1761621932.7730508,-2,-8,35
1761621932.8120508,3,3,38
1761621932.8490508,0,3,36
1761621932.8870506,-3,-7,33
1761621932.9230506,-1,-6,27
1761621932.9610507,-6,-7,32
1761621932.9990506,-1,-1,35
1761621933.038051,4,-1,33
1761621933.0760508,5,-9,39
1761621933.1120508,5,-1,36
1761621933.1490507,2,-6,37
1761621933.1870508,1,-2,37
1761621933.2230508,1,-3,34
1761621933.2600508,1,0,33
1761621933.2980506,2,-4,30
1761621933.3360507,-9,-1,38
1761621933.3720508,-6,0,32
1761621933.4100506,-10,3,37
1761621933.4480507,-3,0,29
1761621933.4860508,1,1,33
1761621933.5220506,-6,-3,25
1761621933.5590508,-3,-7,36
1761621933.5980508,-7,-1,44
1761621933.6360507,3,-8,31
1761621933.6720507,4,-5,30
1761621933.709051,7,-5,27
1761621933.7470508,0,0,41
1761621933.7840507,2,1,37
1761621933.8210506,0,-8,31
1761621933.8580508,-2,-7,24
1761621933.8970506,-3,-7,33
1761621933.9340508,0,-3,25
1761621933.9710507,-1,-3,36
1761621934.0090508,-3,-1,32
1761621934.0480506,8,0,40
1761621934.084051,9,-4,34
1761621934.1210508,-1,-1,28
1761621934.1590507,-2,-1,25
1761621934.1980507,-1,0,36
1761621934.2340508,-3,-1,27
1761621934.2710507,-4,-15,29
1761621934.3090508,1,-10,21
1761621934.347051,3,-3,19
1761621934.3840508,-3,-5,29
1761621934.4210508,4,0,27
1761621934.4580507,6,-2,21
1761621934.4940507,4,0,36
1761621934.5310507,4,-5,39
1761621934.5690508,-4,-10,41
1761621934.6080508,-3,-7,35
1761621934.6440508,-10,-6,27
1761621934.6810508,-4,-9,35
1761621934.7190506,0,-6,37
1761621934.758051,-2,-5,28
1761621934.7940507,-5,-4,29
1761621934.8310506,-7,-4,26
1761621934.8690507,0,-5,32
1761621934.9080508,3,-4,35
1761621934.9440508,0,-2,25
1761621934.9810507,-3,2,42
1761621935.0190508,0,-2,28
1761621935.0570507,4,0,50
1761621935.0930507,0,-3,40
1761621935.130051,1,-6,38
1761621935.1680508,-2,-3,38
1761621935.2040508,-7,-3,43
1761621935.2420506,1,-4,37
1761621935.2790508,-3,-2,35
1761621935.3180506,-6,-3,40
1761621935.3540506,2,-6,38
1761621935.3910508,4,0,33
1761621935.4370508,0,0,39
1761621935.4730508,4,0,42
1761621935.5100508,1,-4,29
1761621935.5490508,3,-3,40
1761621935.587051,-5,3,40
1761621935.6230507,1,-1,42
1761621935.6600506,-5,4,40
1761621935.6980507,-1,3,32
1761621935.7340508,-4,-1,31
1761621935.7710507,-3,0,29
1761621935.8090508,-7,-1,23
1761621935.847051,0,0,26
1761621935.8840508,1,0,31
1761621935.9210508,0,3,32
1761621935.959051,0,10,39
1761621935.9970508,-4,-3,32
1761621936.0340507,-3,2,36
1761621936.0710506,2,0,35
1761621936.1090508,0,2,27
1761621936.1450508,4,2,32
1761621936.1820507,2,-6,28
1761621936.2200508,-6,-5,28
1761621936.2590508,0,0,29
1761621936.2950506,3,-4,24
1761621936.3320508,1,-7,28
1761621936.3690507,-6,-5,30
1761621936.4080508,0,-5,29
1761621936.4440508,3,0,23
1761621936.4810507,4,0,37
1761621936.5190508,3,2,39
1761621936.5550506,0,0,34
1761621936.5920508,0,0,42
1761621936.6290507,4,0,39
1761621936.6650507,5,-5,30
1761621936.7020507,-7,1,34
1761621936.7400508,-11,-3,38
1761621936.7790508,-3,-1,45
1761621936.8150508,0,2,38
1761621936.8520508,0,1,39
1761621936.8890507,-1,-1,36
1761621936.9280508,6,3,25
1761621936.9640508,2,0,32
1761621937.0010507,3,0,38
1761621937.0390508,3,-7,33
1761621937.0750508,2,-5,33
1761621937.1120508,1,-3,31
1761621937.1500506,0,-3,29
1761621937.1880507,0,-11,39
1761621937.2240508,0,-2,38
1761621937.2620506,-9,1,42
1761621937.3000507,0,-4,34
1761621937.3380508,2,-3,36
1761621937.3740506,-2,-5,40
1761621937.4110508,-3,-8,33
1761621937.4500508,-5,1,27
1761621937.4880507,-10,1,34
1761621937.5240507,-3,5,33
1761621937.5620508,-6,-6,38
1761621937.6000507,3,0,42
1761621937.6380508,8,0,26
1761621937.6740508,0,0,37
1761621937.712051,-6,0,31
1761621937.7500508,-3,0,32
1761621937.788051,0,-1,36
1761621937.824051,-4,-3,40
1761621937.8620508,0,-3,33
1761621937.9000506,1,3,35
1761621937.9380507,1,5,44
1761621937.9740508,-5,0,38
1761621938.0110507,-2,-8,35
1761621938.0500507,-10,-4,30
1761621938.0880508,-6,-1,25
1761621938.1240506,6,-1,21
1761621938.1610508,-3,-2,38
1761621938.2000508,0,-2,39
1761621938.2380507,-1,-3,34
1761621938.2740507,-1,-3,26
1761621938.311051,-5,-10,28
1761621938.3500507,8,-9,30
1761621938.3860507,6,-3,28
1761621938.4230506,5,-5,39
1761621938.4600508,-2,-5,43
1761621938.4990506,0,0,44
1761621938.5350506,-1,0,35
1761621938.5720508,1,5,37
1761621938.610051,2,-3,33
1761621938.6490507,-2,-1,26
1761621938.6850507,0,-2,27
1761621938.7230508,-3,2,26
1761621938.7600508,-5,-4,24
1761621938.7990508,-1,-4,34
1761621938.8350508,5,-4,30
1761621938.8730507,9,-8,28
1761621938.9110508,2,-9,31
1761621938.949051,2,-3,32
1761621938.9860508,6,-6,40
1761621939.0230508,3,-3,32
1761621939.0620508,2,0,34
1761621939.1000507,2,0,28
1761621939.1360507,-2,2,31
1761621939.1730506,-2,3,35
1761621939.2110507,-2,1,41
1761621939.2490506,-2,0,40
1761621939.2850506,1,0,32
1761621939.3220508,0,0,35
1761621939.3610508,0,7,37
1761621939.3990507,-2,1,33
1761621939.4350507,1,2,30
1761621939.472051,-3,0,47
1761621939.5110507,3,2,34
1761621939.5490508,5,5,33
1761621939.5850508,2,-4,32
1761621939.6220508,1,0,36
1761621939.6600506,0,0,42
1761621939.6960506,0,-3,44
1761621939.7330508,6,2,34
1761621939.7710507,2,1,31
1761621939.8090508,4,4,31
1761621939.8450508,1,-2,45
1761621939.8820508,2,-2,46
1761621939.9210508,4,-3,41
1761621939.959051,0,2,30
1761621939.995051,0,-2,28
1761621940.0320508,-1,-3,40
1761621940.0710506,-6,-4,33
1761621940.1090508,2,-7,21
1761621940.1450508,5,-8,25
1761621940.1820507,2,-3,32
1761621940.2200508,0,-2,36
1761621940.2560508,2,0,39
1761621940.2930508,1,-1,25
1761621940.3310506,2,-3,25
1761621940.370051,-7,-1,35
1761621940.4060507,-1,-4,38
1761621940.4430506,-3,-4,30
1761621940.4810507,0,-5,45
1761621940.5200508,-1,-5,51
1761621940.5560508,5,2,37
1761621940.5930507,3,-1,39
1761621940.6310508,1,-2,44
1761621940.6670508,6,-4,34
1761621940.7040508,-6,0,28
1761621940.7410507,-1,1,28
1761621940.7800508,-3,-5,27
1761621940.8160508,-5,-5,32
1761621940.8530507,-3,-1,47
1761621940.8910508,-1,-3,35
1761621940.9300506,-1,0,38
1761621940.9660506,-4,-4,42
1761621941.0030508,-2,-3,33
1761621941.041051,0,0,32
1761621941.0770507,0,0,27
1761621941.1140506,-1,-4,48
1761621941.1520507,6,0,36
1761621941.1900508,0,-6,29
1761621941.2260506,3,1,22
1761621941.2640507,0,2,28
1761621941.3020508,-2,0,29
1761621941.3410506,-1,1,30
1761621941.3770506,-8,-5,34
1761621941.4140508,-10,-6,32
1761621941.4530506,-1,-9,43
1761621941.4910507,-3,0,48
1761621941.5270507,0,-4,39
1761621941.564051,0,2,35
1761621941.6020508,-2,-1,35
1761621941.6400506,-3,-9,40
1761621941.676051,1,-6,37
1761621941.7140508,0,-13,31
1761621941.7520506,-3,-5,31
1761621941.7900507,0,-1,24
1761621941.8260508,5,-1,33
1761621941.8630507,2,1,35
1761621941.9010508,4,4,29
1761621941.9370508,4,0,26
1761621941.9740508,7,-3,31
1761621942.0120506,0,6,32
1761621942.0500507,-3,-2,35
1761621942.0860507,0,-6,33
1761621942.1230507,-3,0,27
1761621942.1610508,-6,3,28
1761621942.1970508,1,-1,35
1761621942.235051,2,-4,24
1761621942.2720506,-1,2,28
1761621942.311051,0,0,37
1761621942.347051,-1,3,42
1761621942.3840508,5,4,35
1761621942.4220507,2,-5,44
1761621942.4600508,2,2,31
1761621942.4960508,0,6,33
1761621942.5330508,-5,1,29
1761621942.5710506,-5,-7,34
1761621942.607051,-5,4,30
1761621942.6440508,-8,7,18
1761621942.6820507,-3,2,21
1761621942.7180507,-3,8,29
1761621942.755051,5,-7,35
1761621942.7920508,10,-6,31
1761621942.8280506,0,-8,34
1761621942.8650508,0,-5,34
1761621942.903051,-2,-2,40
1761621942.9420507,7,-2,22
1761621942.9780507,1,-5,26
1761621943.0150506,0,-2,39
1761621943.0530508,6,-1,28
1761621943.0910506,0,-1,19
1761621943.1270506,-5,1,24
1761621943.1640508,-1,3,36
1761621943.2020507,-1,-5,34
1761621943.2410507,-2,-4,20
1761621943.2770507,-6,-3,30
1761621943.314051,2,0,29
1761621943.3520508,-1,-2,34
1761621943.3880508,1,-4,39
1761621943.426051,0,-1,33
1761621943.4640508,3,0,34
1761621943.5020506,-5,-4,29
1761621943.538051,5,1,32
1761621943.5750508,9,-1,28
1761621943.6130507,0,-4,30
1761621943.6510508,-2,-3,28
1761621943.6870508,3,-2,29
1761621943.7240508,0,-5,31
1761621943.7620506,0,1,32
1761621943.7980506,1,-2,40
1761621943.8350508,-1,-7,39
1761621943.8730507,-6,-2,35
1761621943.9120507,-2,0,35
1761621943.9480507,1,-2,30
1761621943.985051,-3,-3,46
1761621944.0230508,-2,1,36
1761621944.061051,-1,1,30
1761621944.097051,0,0,35
1761621944.1340508,1,2,47
1761621944.1720507,-1,-2,43
1761621944.209051,-4,-2,47
1761621944.2460508,0,-2,40
1761621944.2840507,6,-2,35
1761621944.3230507,6,-9,27
1761621944.3610508,1,-6,37
1761621944.3970506,-3,-6,38
1761621944.4340508,0,-3,32
1761621944.4730508,3,1,36
1761621944.5110507,-4,0,28
1761621944.5470507,-5,-8,27
1761621944.584051,-4,-8,33
1761621944.6230507,1,-11,35
1761621944.6610508,0,-6,27
1761621944.6970508,-1,5,28
1761621944.7340508,2,-2,37
1761621944.7730508,1,-9,35
1761621944.8090508,1,-11,38
1761621944.8460507,-4,-3,24
1761621944.8850508,-1,-3,26
1761621944.9230506,-1,0,20
1761621944.959051,-1,-3,26
1761621944.9980507,0,-6,23
1761621945.0350506,-2,-1,34
1761621945.0730507,5,3,43
1761621945.1090508,-1,-1,38
1761621945.1460507,-1,2,23
1761621945.1830506,-7,-4,28
1761621945.222051,-5,-5,30
1761621945.258051,0,-1,26
1761621945.2950506,-6,0,35
1761621945.3330507,-8,11,41
1761621945.3720508,-2,5,36
1761621945.4080508,0,3,31
1761621945.4540508,0,5,29
1761621945.4920506,3,-2,32
1761621945.528051,0,-7,43
1761621945.5650508,-3,-6,39
1761621945.6030507,1,0,37
1761621945.6420507,4,-5,36
1761621945.6780508,-3,2,36
1761621945.7150507,0,7,30
1761621945.7530508,3,5,33
1761621945.7890508,-1,2,33
1761621945.8260508,-1,-2,38
1761621945.8640506,-7,0,41
1761621945.9020507,-1,-3,46
1761621945.9380507,0,-4,44
1761621945.9750507,-1,-6,33
1761621946.0140507,-6,-5,35
1761621946.0520508,0,-9,39
1761621946.0880508,-3,-3,34
1761621946.1250508,-6,-3,32
1761621946.1640508,-4,-4,50
1761621946.2020507,8,1,34
1761621946.2380507,4,1,26
1761621946.2760508,1,-4,37
1761621946.314051,11,-4,36
1761621946.3520508,3,3,25
1761621946.3880508,1,1,32
1761621946.4250507,0,-8,37
1761621946.4630508,-5,-3,46
1761621946.4990506,-2,-5,42
1761621946.5390508,1,-1,38
1761621946.5760508,8,-6,30
1761621946.6140506,4,-5,32
1761621946.6520507,4,-3,27
1761621946.6880507,-4,-2,26
1761621946.7250507,4,0,29
1761621946.7630508,-2,1,32
1761621946.7990508,1,-3,20
1761621946.837051,-3,5,27
1761621946.8740506,-1,1,27
1761621946.913051,-5,0,36
1761621946.949051,2,2,30
1761621946.9870508,-3,-2,34
1761621947.0250506,2,0,38
1761621947.0630507,8,-1,37
1761621947.0990508,0,3,30
1761621947.1360507,0,-1,37
1761621947.1740508,2,3,40
1761621947.2100508,6,-2,31
1761621947.2470508,-7,-3,25
1761621947.2850506,-1,1,21
1761621947.3230507,1,0,36
1761621947.3590508,2,0,25
1761621947.3960507,3,2,17
1761621947.4340508,1,7,31
1761621947.4700508,-1,0,26
1761621947.5070508,-3,-11,29
1761621947.5450506,1,-6,32
1761621947.584051,1,-8,18
1761621947.620051,2,-8,34
1761621947.6570508,0,-4,29
1761621947.6950507,5,-2,31
1761621947.7330508,1,-1,39
1761621947.7690508,1,0,38
1761621947.8070507,-3,2,34
1761621947.8450508,1,2,37
1761621947.883051,-1,0,39
1761621947.9190507,-3,0,43
1761621947.9570508,0,-5,24
1761621947.995051,-7,-7,32
1761621948.0340507,0,1,38
1761621948.0700507,-6,-1,31
1761621948.1080508,7,-6,36
1761621948.1450508,2,3,42
1761621948.1830506,0,0,39
1761621948.2190506,2,1,29
1761621948.2560508,4,-7,41
1761621948.2940507,5,-5,36
1761621948.3300507,3,-4,31
1761621948.3670506,2,-3,43
1761621948.4050508,-5,-7,40
1761621948.4430506,-15,0,29
1761621948.4800508,-7,3,38
1761621948.5170507,4,1,31
1761621948.5550506,4,2,35
1761621948.5930507,8,3,36
1761621948.6290507,1,-2,32
1761621948.6670508,6,6,39
1761621948.7050507,3,-6,32
1761621948.7430508,4,5,40
1761621948.7800508,1,3,43
1761621948.8170507,1,1,46
1761621948.8550508,1,-2,42
1761621948.893051,-5,3,38
1761621948.9290507,-5,6,34
1761621948.9670508,-3,-1,39
1761621949.005051,-6,-2,28
1761621949.0440507,-7,0,26
1761621949.0800507,-2,-11,29
1761621949.1170506,4,-8,33
1761621949.1550508,4,-5,28
1761621949.1910508,1,-5,30
1761621949.2280507,-4,3,30
1761621949.2650506,-3,3,27
1761621949.3040507,-2,3,43
1761621949.3400507,2,4,28
1761621949.3770506,8,3,28
1761621949.4150507,6,-4,21
1761621949.4510508,2,-1,29
1761621949.4880507,-4,3,32
1761621949.5260508,-6,0,33
1761621949.564051,-3,-6,25
1761621949.6000507,3,-3,31
1761621949.6370506,-3,0,34
1761621949.6750507,0,0,38
1761621949.7110507,-1,-5,31
1761621949.7480507,0,-1,44
1761621949.7850506,0,-1,40
1761621949.8210506,-9,0,28
1761621949.8580508,0,0,40
1761621949.8950508,-2,-3,35
1761621949.9340508,-1,2,48
1761621949.9700508,-7,2,39
1761621950.0070508,0,0,45
1761621950.0450506,3,-10,43
1761621950.0810506,10,-7,37
1761621950.1190507,5,-8,24
1761621950.1570508,12,-6,31
1761621950.1950507,2,-2,27
1761621950.2310507,-4,-2,30
1761621950.2700508,7,4,35
1761621950.3070507,9,6,35
1761621950.3450508,3,-9,39
1761621950.3810508,7,-2,30
1761621950.4200506,-3,-1,31
1761621950.4570508,-4,0,32
1761621950.495051,-7,0,22
1761621950.5310507,-2,5,20
1761621950.5700507,0,1,24
1761621950.607051,4,2,19
1761621950.6450508,5,-1,19
1761621950.6810508,-1,-3,28
1761621950.7190506,2,-4,33
1761621950.7570508,-1,-5,31
1761621950.7950506,2,7,40
1761621950.8320508,-3,3,30
1761621950.870051,0,0,27
1761621950.9070508,7,-2,29
1761621950.9450507,1,1,33
1761621950.9810507,4,-6,30
1761621951.018051,-1,0,45
1761621951.0560508,0,-1,26
1761621951.0950508,-4,-9,25
1761621951.1310508,-7,-4,34
1761621951.1700506,0,-1,28
1761621951.2070508,-12,-6,18
1761621951.2460508,-5,-7,25
1761621951.2820508,-2,-4,28
1761621951.3200507,-2,-5,32
1761621951.3580508,1,2,34
1761621951.3960507,0,5,46
1761621951.4320507,1,6,48
1761621951.4690506,-8,-1,34
1761621951.5070508,-3,1,33
1761621951.5450506,0,0,25
1761621951.5810506,3,-2,26
1761621951.6180508,7,-6,13
1761621951.6560507,3,-6,14
1761621951.6920507,4,-5,19
1761621951.7290506,-5,-5,28
1761621951.7670507,1,-4,31
1761621951.8060508,8,-2,30
1761621951.8420508,1,-2,43
1761621951.8790507,4,-5,31
1761621951.916051,-2,3,28
1761621951.9520507,-7,0,36
1761621951.9890506,-4,5,37
1761621952.0270507,-3,-7,27
1761621952.0660508,0,-3,32
1761621952.1020508,0,-8,37
1761621952.1400506,-6,-6,40
1761621952.1770508,0,-2,44
1761621952.2150507,3,0,42
1761621952.2510507,-4,-3,49
1761621952.288051,4,-1,46
1761621952.3260508,8,5,36
1761621952.3620508,3,0,24
1761621952.3990507,-5,0,30
1761621952.4370508,-11,-2,30
1761621952.4750507,-3,-4,39
1761621952.5110507,1,-2,41
1761621952.5480506,-9,-1,35
1761621952.587051,-7,0,24
1761621952.6250508,-4,1,29
1761621952.6610508,-2,0,33
1761621952.6980507,-6,0,43
1761621952.7370508,0,-5,42
1761621952.7750506,-1,-6,39
1761621952.811051,1,-3,37
1761621952.8480508,-3,-3,28
1761621952.8870506,-9,-3,31
1761621952.9250507,0,0,21
1761621952.9610507,6,-6,32
1761621952.9980507,1,-6,37
1761621953.0360508,0,-1,36
1761621953.0720508,3,-5,39
1761621953.110051,0,-6,30
1761621953.1470506,-1,3,25
1761621953.1850507,-3,5,30
1761621953.2210507,-11,2,32
1761621953.258051,-6,4,28
1761621953.2960508,-1,2,39
1761621953.3320508,1,5,33
1761621953.3690507,-2,0,19
1761621953.4070508,-6,-1,39
1761621953.4430506,-4,-3,45
1761621953.4800508,-7,-3,27
1761621953.5190508,4,-10,36
1761621953.5570507,3,-3,40
1761621953.5930507,7,-5,37
1761621953.630051,5,-5,35
1761621953.6670508,3,-2,33
1761621953.7060506,0,0,33
1761621953.7420506,0,0,35
1761621953.7800508,-2,-5,36
1761621953.8190508,-6,-3,31
1761621953.857051,-2,-1,34
1761621953.893051,5,-5,31
1761621953.9300506,8,-4,33
1761621953.9680507,4,0,34
1761621954.0060508,0,0,32
1761621954.0420508,5,0,39
1761621954.0800507,3,-3,23
1761621954.1170506,-7,-1,26
1761621954.1560507,7,3,25
1761621954.1920507,-3,0,33
1761621954.2290506,0,2,34
1761621954.2670507,5,-4,32
1761621954.3030508,3,-3,46
1761621954.3400507,-4,-6,33
1761621954.3780508,-4,-4,31
1761621954.4170508,-10,1,32
1761621954.4530506,-2,3,52
1761621954.4900508,-3,5,47
1761621954.528051,0,-3,35
1761621954.5660508,-1,-4,36
1761621954.6020508,-1,-5,35
1761621954.6390507,-5,2,30
1761621954.6770508,-4,4,43
1761621954.7130508,0,-2,30
1761621954.7500508,4,0,31
1761621954.788051,1,2,39
1761621954.8260508,-2,0,30
1761621954.8620508,0,-7,26
1761621954.8990507,0,-5,36
1761621954.9380507,4,-2,30
1761621954.9760506,0,-3,26
1761621955.0120506,-4,-6,29
1761621955.0500507,-2,-2,38
1761621955.0880508,0,7,43
1761621955.1260507,1,4,34
1761621955.1620507,-2,3,21
1761621955.199051,5,3,17
1761621955.2370508,3,0,22
1761621955.2730508,-2,0,32
1761621955.3100507,-2,-3,42
1761621955.3480508,0,2,42
1761621955.3860507,-3,0,30
1761621955.4220507,-4,-3,37
1761621955.4680507,-2,-1,40
1761621955.5060508,1,-6,38
1761621955.5420508,5,-10,32
1761621955.5790508,6,-4,32
1761621955.6170506,5,-3,36
1761621955.653051,3,2,43
1761621955.6900508,0,4,35
1761621955.7280507,-5,-3,43
1761621955.7640507,-2,-8,41
1761621955.801051,-3,-6,47
1761621955.8390508,3,-3,48
1761621955.8770506,6,-7,27
1761621955.913051,6,-12,31
1761621955.9510508,0,-9,22
1761621955.9880507,0,-9,36
1761621956.0270507,-1,-5,29
1761621956.0630507,-5,-5,29
1761621956.1010506,-7,-2,29
1761621956.1390507,0,-4,38
1761621956.1770508,-4,-4,45
1761621956.2130508,-1,-4,37
1761621956.2500508,3,-7,34
1761621956.288051,0,0,31
1761621956.324051,5,0,30
1761621956.3620508,-1,-3,34
1761621956.3990507,3,-6,41
1761621956.4370508,0,-1,24
1761621956.4730508,-1,-4,32
1761621956.5100508,5,0,42
1761621956.5480506,0,5,39
1761621956.584051,-1,-1,40
1761621956.6210508,0,6,30
1761621956.6590507,1,0,28
1761621956.6970508,4,2,33
1761621956.7330508,6,1,33
1761621956.7710507,-2,0,36
1761621956.8090508,-2,0,38
1761621956.847051,-9,4,33
1761621956.883051,3,1,35
1761621956.9210508,4,-2,39
1761621956.959051,0,-8,41
1761621956.9970508,0,-4,27
1761621957.0330508,2,-1,25
1761621957.0710506,6,-9,26
1761621957.1090508,3,-5,24
1761621957.1470506,-2,0,22
1761621957.1840508,-9,-1,31
1761621957.2210507,-9,-6,26
1761621957.2590508,-1,-4,29
1761621957.2980506,-2,-4,24
1761621957.334051,0,-7,28
1761621957.3710508,5,-3,33
1761621957.4090507,4,0,38
1761621957.4470508,-4,-1,37
1761621957.4830508,-2,0,34
1761621957.5200508,-4,-1,29
1761621957.5590508,0,1,31
1761621957.597051,5,-2,33
1761621957.633051,-2,-5,45
1761621957.6710508,-2,-3,27
1761621957.709051,1,-3,41
1761621957.745051,0,-3,40
1761621957.7820508,-5,5,33
1761621957.8190508,-1,-3,40
1761621957.8580508,-2,-2,43
1761621957.8940508,-8,-1,33
1761621957.9320507,-11,0,29
1761621957.9690506,0,0,20
1761621958.005051,5,-1,19
1761621958.0430508,0,0,31
1761621958.0800507,-1,-2,34
1761621958.1190507,-5,3,30
1761621958.1550508,0,4,34
1761621958.1920507,-1,0,30
1761621958.2290506,-1,4,36
1761621958.2650506,6,-4,37
1761621958.3020508,5,0,40
1761621958.3390508,0,0,29
1761621958.3750508,-2,0,25
1761621958.413051,-2,-2,23
1761621958.4500508,5,-1,27
1761621958.4880507,2,-4,32
1761621958.5240507,1,-1,32
1761621958.561051,2,-5,42
1761621958.5990508,2,-2,46
1761621958.6350508,-3,0,37
1761621958.6720507,1,2,32
1761621958.7100508,-2,0,28
1761621958.7480507,-6,-2,35
1761621958.7840507,-3,-4,29
1761621958.8210506,-2,-1,34
1761621958.860051,-7,0,41
1761621958.8980508,7,-2,38
1761621958.9340508,1,-2,27
1761621958.9710507,1,-7,28
1761621959.0090508,-4,-4,43
1761621959.0450506,-11,-1,46
1761621959.0820508,-3,-6,30
1761621959.120051,-4,0,30
1761621959.1580508,0,0,31
1761621959.1940508,4,0,34
1761621959.232051,-5,-7,43
1761621959.2700508,-1,-8,33
1761621959.3090508,2,-2,33
1761621959.3450508,-1,0,32
1761621959.3820508,-4,2,42
1761621959.4200506,0,-2,37
1761621959.4580507,0,-4,27
1761621959.4940507,-1,-8,31
1761621959.5310507,-3,0,28
1761621959.5700507,1,5,26
1761621959.6080508,3,-1,29
1761621959.6440508,3,0,22
1761621959.6810508,-1,2,29
1761621959.7200508,1,0,34
1761621959.758051,3,1,28
1761621959.7940507,11,-5,39
1761621959.8310506,-1,-1,33
1761621959.870051,2,3,41
1761621959.9080508,-1,0,31
1761621959.9440508,-1,6,43
1761621959.9810507,0,-1,27
1761621960.0190508,1,-1,23
1761621960.0550506,-5,4,36
1761621960.0920508,-3,8,20
1761621960.130051,1,2,39
1761621960.166051,-4,0,40
1761621960.2030506,2,5,39
1761621960.2400508,0,-6,31
1761621960.2760508,5,-2,36
1761621960.3130507,0,0,41
1761621960.3500507,-2,3,41
1761621960.3860507,-6,0,31
1761621960.4230506,8,-4,39
1761621960.4600508,-3,-11,38
1761621960.4990506,-6,-1,41
1761621960.5350506,-5,-4,36
1761621960.5720508,0,-2,44
1761621960.610051,1,3,39
1761621960.6460507,-5,1,40
1761621960.6830506,-2,-2,27
1761621960.7210507,3,1,28
1761621960.7590508,11,2,34
1761621960.7950506,6,-3,33
1761621960.8320508,2,-5,35
1761621960.8710508,2,-7,38
1761621960.9090507,2,-1,37
1761621960.9450507,3,2,36
1761621960.982051,-6,-2,36
1761621961.0210507,2,-7,28
1761621961.0590508,2,-3,39
1761621961.0950508,2,1,35
1761621961.1320508,1,6,26
1761621961.1700506,0,2,27
1761621961.2060506,3,-1,22
1761621961.2430508,0,2,28
1761621961.2810507,-2,5,21
1761621961.3190508,-2,-1,29
1761621961.3550508,-13,-3,30
1761621961.393051,-4,2,23
1761621961.4310508,-4,-4,24
1761621961.4690506,1,-9,47
1761621961.505051,-1,-12,46
1761621961.5430508,0,-9,32
1761621961.5810506,2,-3,38
1761621961.6190507,-7,-5,31
1761621961.6550508,-2,3,33
1761621961.6930506,2,-1,54
1761621961.7310507,0,-3,42
1761621961.7700508,2,-2,28
1761621961.8060508,4,-4,26
1761621961.8430507,2,-2,30
1761621961.8810508,3,-3,35
1761621961.9190507,-1,-6,24
1761621961.9550507,-6,-11,21
1761621961.9930508,1,-3,29
1761621962.0310507,-2,-8,33
1761621962.0670507,0,-8,20
1761621962.1040506,-5,-3,36
1761621962.1420507,-6,0,35
1761621962.1800506,-2,1,43
1761621962.2160506,-1,-2,28
1761621962.2530508,-4,3,35
1761621962.291051,0,3,43
1761621962.3270507,4,-1,48
1761621962.3650508,2,-4,48
1761621962.4020507,-5,2,47
1761621962.4400508,0,0,41
1761621962.4760506,0,0,36
1761621962.5130508,-3,0,29
1761621962.551051,0,1,24
1761621962.587051,-4,-8,31
1761621962.6240506,-1,-1,31
1761621962.6620507,11,1,36
1761621962.7010508,8,1,35
1761621962.7370508,7,4,32
1761621962.7740507,7,5,28
1761621962.811051,6,0,24
1761621962.847051,7,-1,38
1761621962.8850508,-2,7,25
1761621962.9220507,-1,0,38
1761621962.9610507,7,0,35
1761621962.9970508,5,-4,29
1761621963.0340507,-2,0,30
1761621963.0720508,-1,0,37
1761621963.110051,-5,4,40
1761621963.1460507,0,6,42
1761621963.1830506,-3,0,30
1761621963.2210507,2,-6,34
1761621963.2570508,3,-7,36
1761621963.2940507,-3,-6,41
1761621963.3320508,-3,-6,32
1761621963.3710508,-4,-3,38
1761621963.4070508,-2,-3,45
1761621963.4450507,-1,0,41
1761621963.4830508,-2,1,32
1761621963.5210507,-3,-1,42
1761621963.5570507,1,-1,39
1761621963.5940506,7,-6,37
1761621963.6320508,5,2,24
1761621963.6700506,0,4,26
1761621963.7060506,-1,1,35
1761621963.7430508,1,2,37
1761621963.7820508,5,-3,41
1761621963.8200507,3,-3,27
1761621963.8560507,0,0,32
1761621963.893051,2,-3,42
1761621963.9320507,6,0,27
1761621963.9700508,0,-1,37
1761621964.0060508,2,-6,32
1761621964.0430508,-2,-1,29
1761621964.0820508,-2,0,29
1761621964.120051,-2,0,23
1761621964.1560507,0,2,32
1761621964.1930506,-1,5,28
1761621964.2310507,-1,3,37
1761621964.2670507,-1,4,43
1761621964.3040507,-1,-1,41
1761621964.3420508,3,-4,41
1761621964.3780508,-1,-3,40
1761621964.416051,4,-1,40
1761621964.4530506,0,0,36
1761621964.4910507,-6,0,43
1761621964.5270507,-8,3,27
1761621964.564051,-2,-4,34
1761621964.6020508,-1,-4,27
1761621964.6410508,4,2,35
1761621964.6770508,1,0,42
1761621964.7140508,-1,-1,40
1761621964.7520506,0,-9,38
1761621964.788051,1,-5,45
1761621964.8250508,4,-10,33
1761621964.8630507,10,-8,32
1761621964.9010508,-6,4,28
1761621964.9370508,0,0,33
1761621964.9750507,3,0,36
1761621965.0120506,4,-9,40
1761621965.0480506,2,-4,42
1761621965.0850508,-2,-1,49
1761621965.1230507,-4,-6,42
1761621965.1620507,-3,-2,39
1761621965.1980507,2,-3,49
1761621965.235051,-7,-10,36
1761621965.2730508,3,-9,35
1761621965.3120508,7,-4,27
1761621965.3480508,5,-2,34
1761621965.3850508,0,-1,19
1761621965.4230506,-3,0,33
1761621965.4610507,-8,0,33
1761621965.5060508,-6,0,36
1761621965.5430508,5,2,35
1761621965.5810506,5,-5,32
1761621965.6170506,2,-5,34
1761621965.6540508,-1,1,35
1761621965.6930506,1,-4,29
1761621965.7310507,4,-5,28
1761621965.7670507,6,2,37
1761621965.8040507,3,2,32
1761621965.8420508,2,0,27
1761621965.8780508,3,-2,34
1761621965.9150507,3,0,21
1761621965.9530506,1,0,25
1761621965.9910507,4,-1,29
1761621966.0270507,3,-7,25
1761621966.0650508,1,-5,26
1761621966.1030507,-2,-3,33
1761621966.1410508,9,2,39
1761621966.1770508,3,2,41
1761621966.2140508,4,-6,41
1761621966.2520506,-2,0,34
1761621966.288051,-3,-3,39
1761621966.3260508,-8,-4,30
1761621966.3640506,-3,-7,31
1761621966.403051,-1,1,38
1761621966.4410508,0,0,33
1761621966.4770508,-4,5,36
1761621966.5140507,0,0,30
1761621966.5520508,0,-1,32
1761621966.5880508,4,0,35
1761621966.6260507,3,-1,36
1761621966.663051,-6,0,34
1761621966.699051,-3,6,39
1761621966.7360508,2,-1,33
1761621966.7740507,3,-3,35
1761621966.8130507,0,0,35
1761621966.8490508,-9,1,23
1761621966.8860507,-8,-3,35
1761621966.9240508,-7,-4,37
1761621966.9630508,-1,0,46
1761621966.9990506,0,-4,39
1761621967.0360508,2,-3,37
1761621967.074051,-5,-4,30
1761621967.1130507,3,0,35
1761621967.1490507,-1,-4,38
1761621967.186051,0,-4,43
1761621967.2240508,0,-3,40
1761621967.2630508,4,-1,37
1761621967.2990508,2,-6,36
1761621967.3360507,-7,0,30
1761621967.3740506,-5,-7,22
1761621967.413051,-1,-1,26
1761621967.449051,-1,-2,34
1761621967.4860508,0,-1,32
1761621967.5240507,-8,0,28
1761621967.5620508,-12,6,33
1761621967.5980508,-5,0,37
1761621967.6360507,0,0,42
1761621967.6740508,-4,0,34
1761621967.712051,-1,0,45
1761621967.7480507,0,-3,42
1761621967.7850506,-2,0,34
1761621967.8230507,4,0,35
1761621967.8590508,6,-6,35
1761621967.8960507,1,-6,33
1761621967.9340508,0,0,31
1761621967.972051,2,0,34
1761621968.008051,-2,-5,35
1761621968.0450506,-3,-5,34
1761621968.084051,2,-2,37
1761621968.1220508,0,-3,40
1761621968.1580508,-2,-3,36
1761621968.1950507,7,-5,31
1761621968.2340508,2,-8,32
1761621968.2720506,1,0,35
1761621968.3080506,1,-7,36
1761621968.3460507,2,-1,27
1761621968.3840508,1,0,36
1761621968.4220507,-6,7,40
1761621968.4580507,-1,0,33
1761621968.4960508,-3,0,32
1761621968.5340507,-5,-11,30
1761621968.5700507,-8,-4,34
1761621968.607051,-3,-4,33
1761621968.6460507,0,-7,38
1761621968.6840508,-3,-9,40
1761621968.7200508,-1,-3,34
1761621968.7570508,-4,1,29
1761621968.7940507,0,0,24
1761621968.8300507,-3,4,29
1761621968.8670506,0,0,40
1761621968.9050508,0,-2,31
1761621968.9430506,-6,0,39
1761621968.9790506,0,2,37
1761621969.0160508,-1,1,39
1761621969.0540507,2,-7,29
1761621969.0900507,-2,-1,35
1761621969.1280508,1,-1,29
1761621969.166051,-1,-8,39
1761621969.2050507,-4,-3,32
1761621969.2430508,-1,1,38
1761621969.2790508,3,4,34
1761621969.3160508,8,1,30
1761621969.3540506,3,0,28
1761621969.3900506,2,-1,29
1761621969.4280508,-2,4,35
1761621969.4660506,3,1,48
1761621969.5040507,0,-4,29
1761621969.5400507,-4,-7,21
1761621969.5780506,-4,-3,27
1761621969.6160507,-7,-2,21
1761621969.6550508,-1,-10,28
1761621969.6930506,4,-7,35
1761621969.7290506,1,-1,30
1761621969.7660508,0,0,26
1761621969.8040507,1,1,43
1761621969.8400507,0,-1,42
1761621969.8770506,4,-8,37
1761621969.9150507,-9,2,31
1761621969.9530506,-5,-2,37
1761621969.9890506,11,0,32
1761621970.0260508,3,0,36
1761621970.064051,-1,0,29
1761621970.1000507,0,4,40
1761621970.1380508,0,1,36
1761621970.1750507,-1,0,39
1761621970.2130508,0,7,37
1761621970.2490506,1,2,44
1761621970.2860508,-1,-1,40
1761621970.3250508,-6,-7,28
1761621970.3630507,2,1,39
1761621970.3990507,0,-2,39
1761621970.436051,-7,0,31
1761621970.4740508,-7,0,33
1761621970.5100508,-3,1,35
1761621970.5480506,-1,0,34
1761621970.5860507,4,-1,31
1761621970.6240506,0,0,37
1761621970.6610508,0,0,26
1761621970.6980507,-2,1,38
1761621970.7360508,-2,-2,32
1761621970.7750506,1,0,29
1761621970.811051,-3,2,32
1761621970.8490508,-3,6,42
1761621970.8860507,0,-4,28
1761621970.9240508,-2,-11,36
1761621970.9600508,3,-12,23
1761621970.9970508,-3,-11,24
1761621971.0350506,0,-1,38
1761621971.074051,5,2,29
1761621971.110051,0,-3,34
1761621971.1490507,-8,-2,35
1761621971.186051,-6,-1,32
1761621971.2250507,-2,-4,30
1761621971.2610507,-2,-3,44
1761621971.2980506,5,0,33
1761621971.3350508,1,-8,38
1761621971.3740506,3,-9,40
1761621971.4100506,1,-9,31
1761621971.4470508,-4,-7,35
1761621971.485051,-4,-1,26
1761621971.5240507,-3,0,33
1761621971.5600507,-8,-1,33
1761621971.597051,2,-5,35
1761621971.6350508,1,2,26
1761621971.6710508,2,-7,24
1761621971.7080507,3,0,29
1761621971.7460508,2,-3,22
1761621971.7840507,-1,-2,21
1761621971.8200507,-2,-7,29
1761621971.8580508,0,-3,23
1761621971.8960507,7,-7,23
1761621971.9340508,2,-6,31
1761621971.9700508,0,-1,42
1761621972.008051,2,0,28
1761621972.0460508,1,5,35
1761621972.084051,1,-3,35
1761621972.120051,5,-1,37
1761621972.1580508,4,1,41
1761621972.1960506,0,0,29
1761621972.2340508,-7,-2,29
1761621972.2700508,-2,-7,35
1761621972.3080506,-7,-3,40
1761621972.3460507,-6,0,42
1761621972.3840508,0,0,29
1761621972.4200506,-1,-8,35
1761621972.4580507,4,-6,40
1761621972.4960508,-1,0,25
1761621972.5340507,2,-8,22
1761621972.5700507,2,-2,34
1761621972.607051,5,-7,32
1761621972.6460507,0,-9,32
1761621972.6840508,1,-1,45
1761621972.7200508,0,-2,37
1761621972.7570508,-1,3,25
1761621972.7960508,10,-6,19
1761621972.834051,2,0,27
1761621972.870051,-3,1,33
1761621972.9070508,-5,0,25
1761621972.9460506,1,2,41
1761621972.982051,3,1,44
1761621973.0190508,8,-4,36
1761621973.0560508,0,-4,24
1761621973.0950508,-8,0,24
1761621973.1310508,-7,-2,25
1761621973.1680508,1,5,27
1761621973.2060506,2,-6,20
1761621973.2420506,-3,-5,24
1761621973.2800508,6,1,27
1761621973.3170507,2,0,33
1761621973.3550508,4,1,38
1761621973.3910508,0,3,27
1761621973.4280508,4,-3,31
1761621973.4660506,4,0,33
1761621973.5020506,12,-1,33
1761621973.5390508,6,-4,31
1761621973.5760508,1,2,25
1761621973.6120508,0,1,24
1761621973.6490507,-4,-3,35
1761621973.6870508,0,-4,32
1761621973.7250507,-2,-3,27
1761621973.7610507,-3,-1,33
1761621973.7990508,2,-2,39
1761621973.837051,1,-4,50
1761621973.8750508,2,0,39
1761621973.9110508,5,-4,36
1761621973.949051,2,7,34
1761621973.9870508,-1,4,21
1761621974.0250506,-6,5,26
1761621974.061051,-2,2,33
1761621974.0980508,2,0,29
1761621974.1360507,2,-1,33
1761621974.1720507,10,-2,24
1761621974.209051,4,0,37
1761621974.2470508,3,-4,40
1761621974.2850506,6,0,37
1761621974.3210506,9,0,41
1761621974.3580508,6,3,34
1761621974.3960507,0,5,34
1761621974.4320507,0,6,33
1761621974.4690506,4,4,31
1761621974.5070508,-1,2,36
1761621974.5450506,4,6,35
1761621974.5810506,-4,0,24
1761621974.6180508,0,-1,34
1761621974.6570508,0,2,30
1761621974.6950507,6,3,35
1761621974.7310507,1,-3,35
1761621974.768051,0,-7,34
1761621974.8070507,0,-4,31
1761621974.8450508,-4,-1,37
1761621974.8810508,0,-1,36
1761621974.9180508,5,-5,31
1761621974.9570508,0,-2,39
1761621974.995051,0,-5,44
1761621975.0310507,0,-7,33
1761621975.0680506,3,-4,24
1761621975.107051,0,1,38
1761621975.143051,4,-1,34
1761621975.1800506,4,-1,43
1761621975.2180507,-2,6,40
1761621975.2570508,-2,-2,38
1761621975.2930508,4,0,24
1761621975.3300507,0,-3,42
1761621975.3670506,0,-1,37
1761621975.403051,-3,-3,31
1761621975.4410508,5,-3,25
1761621975.4780507,-3,0,30
1761621975.5220506,-5,-4,33
1761621975.5600507,0,-2,33
1761621975.5980508,5,1,34
1761621975.6360507,-5,3,41
1761621975.6720507,-3,-1,37
1761621975.7100508,3,2,40
1761621975.7470508,0,-7,41
1761621975.7830508,0,-10,35
1761621975.8200507,2,-3,33
1761621975.857051,0,2,34
1761621975.893051,0,-1,34
1761621975.9310508,-1,2,32
1761621975.9690506,-4,0,36
1761621976.0070508,-8,-1,36
1761621976.0430508,3,2,36
1761621976.0800507,2,4,29
1761621976.1180508,-7,-1,34
1761621976.1560507,0,-3,44
1761621976.1920507,-10,2,38
1761621976.2300508,-9,3,34
1761621976.268051,-4,-2,33
1761621976.3070507,0,-1,37
1761621976.3430507,5,2,35
1761621976.380051,5,-2,36
1761621976.4180508,-7,-2,32
1761621976.4570508,-3,-1,31
1761621976.4930508,-4,-6,28
1761621976.5300508,-9,-4,33
1761621976.5680506,3,-1,31
1761621976.607051,4,2,35
1761621976.643051,1,-3,40
1761621976.6800506,5,0,29
1761621976.7180507,2,1,31
1761621976.7560508,6,2,42
1761621976.7920508,3,-4,30
1761621976.8290508,14,-3,41
1761621976.8680508,0,-3,39
1761621976.9060507,2,-3,40
1761621976.9420507,-7,-3,27
1761621976.9800508,2,-3,28
1761621977.018051,12,-4,34
1761621977.0560508,-3,-6,29
1761621977.0920508,-7,-5,33
1761621977.1310508,-8,-5,32
1761621977.1680508,0,-3,28
1761621977.2070508,-1,-1,36
1761621977.2430508,-3,1,28
1761621977.2800508,-6,4,33
1761621977.3180506,-7,4,39
1761621977.3540506,-6,-1,26
1761621977.3910508,-2,-8,24
1761621977.4290507,-9,1,32
1761621977.4670508,0,-5,40
1761621977.5030508,2,-1,34
1761621977.5400507,-4,4,31
1761621977.5780506,2,0,27
1761621977.6140506,4,2,38
1761621977.6510508,-1,6,32
1761621977.689051,2,6,34
1761621977.7270508,0,6,24
1761621977.7630508,0,4,21
1761621977.8000507,0,-2,30
1761621977.8380508,-7,-10,32
1761621977.8740506,-7,-7,31
1761621977.9110508,-3,2,35
1761621977.949051,-2,-3,33
1761621977.9880507,5,2,36
1761621978.0240507,7,0,47
1761621978.061051,5,-3,34
1761621978.0990508,-4,-3,41
1761621978.1380508,4,-3,47
1761621978.1740508,0,-7,33
1761621978.2110507,3,0,28
1761621978.2490506,3,0,26
1761621978.2870507,1,-3,45
1761621978.3230507,2,-8,31
1761621978.360051,0,-10,38
1761621978.3990507,5,-3,41
1761621978.4370508,-1,10,44
1761621978.4730508,2,2,39
1761621978.5100508,-4,0,29
1761621978.5490508,1,8,26
1761621978.587051,-6,1,28
1761621978.6230507,0,-7,38
1761621978.6600506,2,-3,28
1761621978.699051,-1,-8,22
1761621978.7370508,6,-6,36
1761621978.7730508,4,-4,33
1761621978.8100507,-1,-4,22
1761621978.8490508,0,-4,38
1761621978.8870506,0,-6,34
1761621978.9230506,1,-7,37
1761621978.9600508,2,-1,39
1761621978.9990506,0,-1,37
1761621979.0370507,-2,0,42
1761621979.0730507,2,1,33
1761621979.110051,-1,-1,35
1761621979.1490507,2,3,38
1761621979.1870508,1,-3,32
1761621979.2230508,0,-5,29
1761621979.2600508,-2,-5,35
1761621979.2990508,0,-6,39
1761621979.337051,-5,-4,34
1761621979.3730507,-2,-11,24
1761621979.4100506,5,-8,29
1761621979.449051,0,0,31
1761621979.485051,6,0,26
1761621979.5220506,-1,-3,26
1761621979.5600507,-3,-3,36
1761621979.5990508,1,-2,31
1761621979.6350508,-1,-3,30
1761621979.6740508,-2,3,30
1761621979.7110507,1,0,41
1761621979.7490506,0,0,38
1761621979.7850506,2,0,42
1761621979.8220508,-4,-7,40
1761621979.860051,-6,-4,24
1761621979.8990507,-3,-1,38
1761621979.9350507,0,-5,26
1761621979.972051,0,-6,26
1761621980.0090508,0,5,20
1761621980.0450506,2,2,33
1761621980.0820508,-1,0,27
1761621980.1190507,1,4,28
1761621980.1550508,-5,2,30
1761621980.1920507,0,5,23
1761621980.2290506,-8,5,17
1761621980.268051,-5,-1,29
1761621980.3040507,-3,1,41
1761621980.3410506,0,8,33
1761621980.3790507,3,4,38
1761621980.4150507,0,0,41
1761621980.4520507,-6,-2,37
1761621980.4910507,-7,-3,37
1761621980.5290508,-4,2,28
1761621980.5650508,0,-2,31
1761621980.6020508,-3,-12,33
1761621980.6410508,-7,-4,36
1761621980.6790507,-5,1,36
1761621980.7150507,1,-1,39
1761621980.7520506,-1,-1,37
1761621980.791051,5,1,28
1761621980.8290508,1,-1,34
1761621980.8650508,-9,6,24
1761621980.9020507,-1,3,32
1761621980.9410508,-3,1,40
1761621980.9790506,-1,5,38
1761621981.0150506,0,0,32
1761621981.0520508,-5,1,32
1761621981.0900507,3,0,19
1761621981.1280508,1,-1,28
1761621981.1640508,-1,-5,27
1761621981.2010508,4,-8,29
1761621981.2400508,1,0,36
1761621981.278051,-8,-5,49
1761621981.314051,-6,-3,46
1761621981.3510506,-6,0,31
1761621981.3900506,-4,-7,23
1761621981.4280508,7,1,28
1761621981.4640508,0,0,34
1761621981.5010507,2,1,21
1761621981.5390508,6,3,35
1761621981.5750508,4,-1,36
1761621981.6120508,-1,-2,32
1761621981.6500506,1,-6,37
1761621981.686051,-3,-5,21
1761621981.7230508,2,-2,27
1761621981.7610507,1,-4,23
1761621981.7990508,5,-1,24
1761621981.8350508,5,-1,33
1761621981.8730507,-3,-3,32
1761621981.9120507,2,-4,21
1761621981.9500508,1,-3,33
1761621981.9860508,-5,-6,20
1761621982.0230508,-6,-1,20
1761621982.0620508,2,-4,39
1761621982.1000507,-4,0,24
1761621982.1360507,-4,4,29
1761621982.1730506,-5,-1,36
1761621982.2110507,0,0,28
1761621982.2490506,-1,0,38
1761621982.2850506,0,0,22
1761621982.3230507,0,-1,20
1761621982.360051,-5,-7,27
1761621982.3990507,-1,-1,33
1761621982.4350507,-1,1,34
1761621982.4730508,-2,0,30
1761621982.5110507,-2,-3,33
1761621982.5490508,-5,0,44
1761621982.5850508,6,1,42
1761621982.6230507,3,5,48
1761621982.6610508,4,-1,31
1761621982.699051,-5,0,29
1761621982.735051,-3,-7,46
1761621982.7730508,-2,3,43
1761621982.811051,0,2,31
1761621982.8490508,-1,-1,37
1761621982.8850508,0,3,29
1761621982.9230506,-3,5,43
1761621982.962051,-6,8,32
1761621983.0000508,0,-1,25
1761621983.0360508,-3,-5,26
1761621983.0730507,0,-3,28
1761621983.1110508,6,-4,31
1761621983.1490507,-1,-6,38
1761621983.1850507,5,-7,31
1761621983.2230508,2,-2,33
1761621983.2610507,1,3,35
1761621983.2990508,-2,-7,26
1761621983.3350508,0,2,34
1761621983.3730507,3,-2,34
1761621983.4110508,2,-6,28
1761621983.449051,1,3,24
1761621983.485051,-3,-4,23
1761621983.5230508,2,-6,41
1761621983.561051,4,-1,32
1761621983.5990508,-1,0,39
1761621983.6350508,-2,-5,45
1761621983.6730506,0,0,37
1761621983.7110507,-1,5,34
1761621983.7490506,0,1,29
1761621983.7850506,4,2,42
1761621983.8230507,-3,0,33
1761621983.8610508,-1,2,25
1761621983.8970506,-4,-2,31
1761621983.9350507,2,-4,32
1761621983.9730508,0,-1,33
1761621984.0110507,4,3,30
1761621984.0470507,10,-3,35
1761621984.084051,0,-4,38
1761621984.1210508,-3,3,37
1761621984.1570508,0,4,28
1761621984.1940508,8,4,30
1761621984.2310507,3,-4,35
1761621984.2670507,7,-2,31
1761621984.3040507,10,3,37
1761621984.3410506,5,-6,31
1761621984.380051,-1,-5,35
1761621984.416051,0,-5,39
1761621984.4530506,4,0,26
1761621984.4910507,10,1,23
1761621984.5270507,4,-1,23
1761621984.5660508,3,-5,30
1761621984.6030507,-5,-3,33
1761621984.6410508,-5,-6,28
1761621984.6800506,4,-3,29
1761621984.7160506,8,-4,34
1761621984.7530508,5,1,41
1761621984.791051,8,3,33
1761621984.8270507,2,0,34
1761621984.8640506,0,4,30
1761621984.9020507,-7,0,44
1761621984.9400508,0,-4,45
1761621984.9760506,-2,-2,42
1761621985.0130508,3,-4,33
1761621985.051051,0,-6,45
1761621985.087051,-1,4,50
1761621985.1250508,2,5,41
1761621985.1620507,-2,-1,31
1761621985.2010508,-8,3,31
1761621985.2370508,-9,-4,36
1761621985.2750506,-9,4,35
1761621985.3120508,-3,5,31
1761621985.3500507,0,-3,37
1761621985.3860507,0,11,30
1761621985.4230506,0,0,31
1761621985.4610507,-4,-1,31
1761621985.4970508,-1,0,34
1761621985.5430508,2,4,36
1761621985.5810506,0,7,28
1761621985.6170506,-4,9,39
1761621985.6550508,2,0,35
1761621985.6920507,2,-6,43
1761621985.7300508,1,3,27
1761621985.7660508,0,-2,35
1761621985.8030508,0,-5,34
1761621985.8410506,-4,0,35
1761621985.8780508,2,-3,50
1761621985.9150507,1,-4,36
1761621985.9520507,0,-6,32
1761621985.9910507,0,-5,25
1761621986.0270507,-7,2,34
1761621986.064051,0,0,40
1761621986.1020508,-1,0,36
1761621986.1380508,1,-6,24
1761621986.1750507,4,1,27
1761621986.2130508,-3,-3,57
1761621986.2510507,5,-3,59
1761621986.2870507,4,0,38
1761621986.324051,3,1,38
1761621986.3620508,8,0,31
1761621986.3980508,0,1,27
1761621986.4350507,1,-1,33
1761621986.472051,6,2,36
1761621986.508051,1,-1,35
1761621986.5450506,0,-3,38
1761621986.5830507,4,-7,30
1761621986.6220508,2,-1,22
1761621986.6580508,-3,0,21
1761621986.6960506,0,-9,30
1761621986.7330508,-4,0,40
1761621986.7710507,-2,1,50
1761621986.8070507,2,-2,41
1761621986.8440506,0,1,33
1761621986.8820508,3,-2,26
1761621986.9180508,-9,-4,27
1761621986.9550507,-2,5,37
1761621986.9930508,0,-4,27
1761621987.0310507,0,-8,28
1761621987.0670507,9,-10,32
1761621987.1050508,2,-6,25
1761621987.143051,-7,-6,29
1761621987.1810508,0,-2,31
1761621987.2170508,-6,4,38
1761621987.2540507,0,-2,42
1761621987.2930508,0,-7,44
1761621987.3310506,0,-4,33
1761621987.3670506,-1,-2,31
1761621987.4040508,-5,0,34
1761621987.4430506,-6,1,30
1761621987.4810507,4,1,43
1761621987.5170507,1,0,32
1761621987.5540507,3,5,33
1761621987.5920508,-1,1,44
1761621987.6280508,-6,2,43
1761621987.666051,-7,1,46
1761621987.7030506,-1,-2,46
1761621987.7420506,-12,0,34
1761621987.778051,-7,0,25
1761621987.8150508,-5,1,37
1761621987.8530507,-2,2,33
1761621987.8910508,-1,0,30
1761621987.9270508,-5,-1,24
1761621987.9660506,-4,-9,33
1761621988.0030508,3,-4,24
1761621988.041051,-1,3,28
1761621988.0770507,-1,0,28
1761621988.1150508,-2,-8,29
1761621988.153051,-7,-7,33
1761621988.1920507,1,-1,46
1761621988.2290506,4,-1,36
1761621988.2660508,0,0,35
1761621988.3030508,-2,1,39
1761621988.3390508,-3,2,36
1761621988.3760507,0,1,36
1761621988.413051,-1,-4,31
1761621988.4520507,3,-3,30
1761621988.4880507,0,-11,33
1761621988.5250506,0,-9,52
1761621988.5630507,2,-6,51
1761621988.5990508,0,4,39
1761621988.6360507,5,4,27
1761621988.6740508,3,-5,35
1761621988.712051,0,0,37
1761621988.7480507,3,-7,34
1761621988.7850506,1,0,27
1761621988.8230507,-4,-6,26
1761621988.8590508,-5,-7,25
1761621988.8960507,-7,-5,36
1761621988.9340508,-1,-1,35
1761621988.9730508,1,-1,36
1761621989.0090508,-5,0,33
1761621989.0460508,1,0,38
1761621989.084051,-4,-3,32
1761621989.1220508,2,0,43
1761621989.1580508,-2,-4,41
1761621989.1950507,0,-7,34
1761621989.2340508,-6,-4,31
1761621989.2720506,-9,-4,45
1761621989.3080506,-9,1,50
1761621989.3450508,0,4,45
1761621989.383051,0,-1,42
1761621989.4190507,8,-4,37
1761621989.4570508,0,-3,37
1761621989.4940507,-7,-1,33
1761621989.5330508,-3,-1,35
1761621989.5690508,-2,0,41
1761621989.607051,-6,-4,40
1761621989.6460507,-1,-3,36
1761621989.6840508,-1,-7,31
1761621989.722051,1,2,34
1761621989.758051,3,-5,33
1761621989.7950506,10,-1,36
1761621989.834051,-3,1,33
1761621989.8720508,-4,-1,24
1761621989.9080508,-5,0,34
1761621989.9460506,4,-2,36
1761621989.9840508,2,-5,40
1761621990.0220506,1,-7,42
1761621990.0580506,-1,-1,40
1761621990.0950508,-2,0,38
1761621990.1340508,-2,-8,36
1761621990.1720507,-4,-2,44
1761621990.2080507,0,-3,36
1761621990.245051,-1,-3,42
1761621990.2840507,-1,3,43
1761621990.3200507,-1,-2,47
1761621990.357051,1,1,32
1761621990.3940508,5,-2,34
1761621990.4300506,1,-10,30
1761621990.4670508,4,-4,35
1761621990.5040507,0,-9,30
1761621990.5430508,-4,-3,43
1761621990.5790508,0,-1,33
1761621990.6160507,-3,-1,39
1761621990.6540508,3,-1,28
1761621990.6930506,-2,1,34
1761621990.7290506,-6,-1,43
1761621990.7670507,0,-1,38
1761621990.8040507,0,-5,36
1761621990.8430507,-3,0,30
1761621990.8790507,5,-4,22
1761621990.9170508,-4,-5,40
1761621990.9550507,0,3,45
1761621990.9930508,0,-2,44
1761621991.0290508,-1,-4,36
1761621991.0670507,-1,9,28
1761621991.1040506,1,1,20
1761621991.143051,-2,-9,24
1761621991.1790507,-6,-7,37
1761621991.2160506,-1,-1,39
1761621991.255051,0,-3,40
1761621991.2930508,-1,-5,36
1761621991.3290508,0,-4,49
1761621991.3660507,-4,-2,36
1761621991.4050508,0,2,36
1761621991.4430506,-2,-1,47
1761621991.4790506,1,0,42
1761621991.5160508,-9,-3,36
1761621991.5550506,-9,0,33
1761621991.5930507,-1,-6,33
1761621991.6290507,1,-11,35
1761621991.6670508,3,-13,21
1761621991.7050507,5,-7,27
1761621991.7430508,0,-7,27
1761621991.7790508,0,-7,30
1761621991.8170507,-2,-2,33
1761621991.8550508,-4,-5,32
1761621991.8940508,-2,-4,36
1761621991.9300506,-1,-7,27
1761621991.9670508,-3,-12,35
1761621992.005051,-2,-5,36
1761621992.0440507,0,-5,39
1761621992.0800507,-6,0,29
1761621992.1170506,-1,0,30
1761621992.1550508,1,4,32
1761621992.1930506,-1,2,35
1761621992.2290506,-6,1,34
1761621992.2660508,5,0,37
1761621992.3040507,0,1,38
1761621992.3400507,7,-2,28
1761621992.3770506,8,-2,28
1761621992.4150507,4,-3,29
1761621992.4540508,-2,-2,39
1761621992.4900508,0,2,38
1761621992.528051,-1,-3,38
1761621992.5650508,-3,-1,33
1761621992.6040506,3,0,27
1761621992.6400506,0,-1,37
1761621992.6780508,-1,-3,47
1761621992.7150507,0,-8,43
1761621992.7510507,2,-3,47
1761621992.788051,6,-2,39
1761621992.8250508,-1,2,34
1761621992.8640506,1,5,36
1761621992.9000506,2,2,32
1761621992.9370508,0,-1,30
1761621992.9750507,-6,5,34
1761621993.0110507,-2,1,40
1761621993.0480506,-6,-1,30
1761621993.0860507,0,-5,39
1761621993.1250508,-2,0,37
1761621993.1610508,4,1,26
1761621993.1980507,0,-5,28
1761621993.235051,-3,-9,40
1761621993.2740507,-12,-5,36
1761621993.3100507,-10,-3,22
1761621993.3480508,-2,0,18
1761621993.3860507,-4,0,31
1761621993.4240508,0,1,34
1761621993.4600508,-3,-6,40
1761621993.4970508,-11,-5,28
1761621993.5360508,-6,-4,44
1761621993.574051,0,-1,46
1761621993.610051,-2,3,52
1761621993.6470506,2,5,46
1761621993.6850507,1,0,32
1761621993.7210507,3,0,33
1761621993.7590508,5,-2,33
1761621993.7960508,0,-2,43
1761621993.834051,2,0,35
1761621993.870051,3,-3,31
1761621993.9070508,0,-2,27
1761621993.9450507,-3,-7,31
1761621993.9810507,-8,-4,35
1761621994.0190508,-5,-3,32
1761621994.0570507,-8,-6,38
1761621994.0960507,-7,1,34
1761621994.1340508,0,-7,18
1761621994.1700506,1,-3,21
1761621994.2070508,-4,-13,32
1761621994.2460508,-5,-6,36
1761621994.2840507,-3,-2,38
1761621994.3200507,0,0,31
1761621994.357051,2,-1,20
1761621994.3960507,-2,0,25
1761621994.4340508,3,0,20
1761621994.4700508,-1,0,31
1761621994.5070508,0,-1,31
1761621994.5450506,5,-4,38
1761621994.5810506,-3,-1,38
1761621994.6190507,0,3,38
1761621994.6570508,5,4,35
1761621994.6950507,2,1,39
1761621994.7310507,-4,5,40
1761621994.7690508,0,1,37
1761621994.8070507,-1,0,35
1761621994.8460507,4,-5,37
1761621994.8820508,3,-4,35
1761621994.9190507,5,-8,31
1761621994.9570508,-2,3,37
1761621994.995051,-1,-2,36
1761621995.0310507,-4,2,22
1761621995.0680506,-9,0,29
1761621995.1060507,-4,-10,35
1761621995.1450508,-3,-8,28
1761621995.1810508,-3,-7,37
1761621995.2180507,-3,2,36
1761621995.2560508,-2,0,31
1761621995.2920508,-4,-4,22
1761621995.3300507,-7,-1,27
1761621995.3670506,1,1,38
1761621995.4050508,-4,4,28
1761621995.4410508,-3,8,30
1761621995.4780507,3,4,31
1761621995.5160508,3,-1,29
1761621995.5600507,2,0,39
1761621995.597051,2,-3,41
1761621995.6350508,-1,-1,44
1761621995.6720507,0,0,35
1761621995.709051,1,-1,35
1761621995.7470508,6,-2,42
1761621995.7850506,3,-4,38
1761621995.8210506,0,-5,49
1761621995.8580508,1,-7,40
1761621995.8970506,3,1,47
1761621995.9350507,-6,1,45
1761621995.9710507,0,1,48
1761621996.008051,-1,1,34
1761621996.0470507,0,4,37
1761621996.0850508,1,-2,39
1761621996.1210508,-2,4,36
1761621996.1590507,-6,-4,27
1761621996.1970508,-2,-14,26
1761621996.235051,2,0,46
1761621996.2710507,0,-1,40
1761621996.3090508,0,0,47
1761621996.347051,3,-1,31
1761621996.3850508,0,-5,27
1761621996.4210508,-1,-7,34
1761621996.459051,2,-1,37
1761621996.4970508,-7,-2,39
1761621996.5350506,-9,-8,36
1761621996.5710506,-2,-11,32
1761621996.6090508,0,-1,23
1761621996.6470506,2,3,37
1761621996.6850507,4,6,32
1761621996.7210507,4,0,34
1761621996.758051,2,-2,33
1761621996.7970507,-5,-2,31
1761621996.8330507,3,-4,32
1761621996.8710508,1,-4,33
1761621996.9080508,0,0,37
1761621996.9460506,-5,-3,32
1761621996.982051,-1,0,38
1761621997.0190508,-1,1,47
1761621997.0570507,5,1,33
1761621997.0930507,0,-3,40
1761621997.130051,3,-8,31
1761621997.1680508,3,-2,29
1761621997.2060506,0,0,29
1761621997.2420506,2,-3,29
1761621997.2790508,3,0,32
1761621997.3170507,1,2,39
1761621997.3530507,0,3,35
1761621997.3910508,11,-6,32
1761621997.4290507,7,-1,28
1761621997.4670508,0,-1,22
1761621997.5030508,2,-4,32
1761621997.541051,0,0,29
1761621997.5780506,-3,2,42
1761621997.6170506,-5,4,40
1761621997.653051,-5,4,36
1761621997.6910508,2,-2,37
1761621997.7290506,-3,-3,32
1761621997.768051,1,-7,30
1761621997.8060508,-1,-7,45
1761621997.8420508,2,1,47
1761621997.8790507,2,1,36
1761621997.9170508,0,0,32
1761621997.9530506,-5,-3,26
1761621997.9910507,0,-11,24
1761621998.028051,5,-8,32
1761621998.0660508,4,-2,40
1761621998.1020508,9,-8,41
1761621998.1390507,1,-2,35
1761621998.1770508,2,-1,46
1761621998.2130508,-4,-3,37
1761621998.2520506,0,-3,24
1761621998.2900507,-4,0,24
1761621998.3280506,-10,1,24
1761621998.3660507,-6,-3,36
1761621998.4020507,-3,-1,23
1761621998.439051,1,8,37
1761621998.4770508,1,0,37
1761621998.5130508,11,-1,36
1761621998.5500507,8,0,33
1761621998.5880508,3,-6,29
1761621998.6260507,1,-13,33
1761621998.6620507,-6,-7,37
1761621998.699051,2,-7,30
1761621998.7370508,5,0,27
1761621998.7730508,-3,-6,35
1761621998.8100507,0,-4,29
1761621998.8480508,1,-5,29
1761621998.8860507,9,-2,29
1761621998.9220507,-1,-5,33
1761621998.9600508,-4,-7,31
1761621998.9980507,3,-5,26
1761621999.0370507,-3,-5,34
1761621999.0730507,-1,-6,32
1761621999.110051,1,-2,38
1761621999.1480508,-3,-3,25
1761621999.1840508,0,-2,44
1761621999.2210507,-1,-6,46
1761621999.2590508,-6,-6,44
1761621999.2980506,3,-6,40
1761621999.334051,6,-1,40
1761621999.3710508,0,2,36
1761621999.4080508,3,7,32
1761621999.4440508,-2,2,21
1761621999.4810507,-3,1,33
1761621999.5190508,0,3,25
1761621999.5570507,-3,1,36
1761621999.5930507,-1,-3,46
1761621999.6310508,4,4,37
1761621999.6680508,-5,0,33
1761621999.7040508,-3,-3,42
1761621999.7430508,-6,-1,34
1761621999.7800508,1,-2,19
1761621999.8180506,9,2,24
1761621999.8540506,8,0,29
1761621999.8910508,0,0,31
1761621999.9290507,6,-2,36
1761621999.9670508,0,2,37
1761622000.0030508,-4,0,36
1761622000.0400507,-1,0,31
1761622000.0780506,-5,1,38
1761622000.1140506,-3,1,30
1761622000.1510508,0,0,33
1761622000.189051,1,-6,37
1761622000.2270508,-3,0,39
1761622000.2630508,4,0,36
1761622000.301051,-1,2,29
1761622000.3390508,1,0,41
1761622000.3770506,-5,0,25
1761622000.413051,-1,-1,35
1761622000.4510508,-1,0,35
1761622000.4890506,-3,1,33
1761622000.5270507,-6,-8,34
1761622000.5630507,-8,-5,32
1761622000.6000507,8,2,29
1761622000.6380508,4,1,33
1761622000.6740508,1,-1,32
1761622000.7110507,5,-6,24
1761622000.7490506,6,-3,14
1761622000.7870507,1,-4,32
1761622000.8230507,0,-7,22
1761622000.860051,0,-5,26
1761622000.8990507,-3,-5,30
1761622000.9370508,-2,0,36
1761622000.9730508,2,4,39
1761622001.0100508,4,6,32
1761622001.0480506,2,-5,37
1761622001.084051,0,0,36
1761622001.1210508,3,0,31
1761622001.1590507,1,2,36
1761622001.1950507,0,-3,34
1761622001.2340508,0,-1,42
1761622001.2710507,4,-4,40
1761622001.3090508,-5,4,39
1761622001.3450508,3,1,29
1761622001.383051,3,-2,34
1761622001.4210508,4,-1,31
1761622001.459051,1,3,36
1761622001.495051,0,0,30
1761622001.5330508,-3,-2,33
1761622001.5720508,-4,-2,26
1761622001.6090508,2,10,31
1761622001.6450508,2,5,30
1761622001.6820507,-6,-1,27
1761622001.7200508,-3,-2,32
1761622001.7590508,-3,1,40
1761622001.7950506,-3,0,31
1761622001.8320508,-4,-1,19
1761622001.870051,5,-1,25
1761622001.9080508,7,1,37
1761622001.9440508,3,1,29
1761622001.9810507,1,-2,32
1761622002.0190508,-1,3,33
1761622002.0550506,-3,-1,20
1761622002.0920508,1,-2,26
1761622002.130051,3,2,37
1761622002.1680508,2,3,38
1761622002.2040508,0,-2,39
1761622002.2410507,6,-2,35
1761622002.2800508,3,0,40
1761622002.3180506,2,3,42
1761622002.3540506,-2,0,35
1761622002.3910508,-5,1,33
1761622002.4290507,4,2,28
1761622002.4650507,-1,0,37
1761622002.5020506,-6,-3,41
1761622002.5400507,-3,7,42
1761622002.5780506,-8,0,36
1761622002.6140506,-10,-5,26
1761622002.6520507,4,2,30
1761622002.6900508,4,-3,34
1761622002.7280507,10,0,34
1761622002.7640507,8,0,30
1761622002.801051,3,2,27
1761622002.8390508,-1,2,19
1761622002.8750508,1,-1,20
1761622002.9120507,-1,0,27
1761622002.9500508,-1,7,30
1761622002.9890506,-2,-2,30
1761622003.0250506,0,-4,30
1761622003.0620508,0,-7,28
1761622003.1000507,1,-7,31
1761622003.1380508,-2,2,39
1761622003.1740508,-1,9,40
1761622003.2110507,-7,2,37
1761622003.2490506,-3,3,45
1761622003.2850506,1,2,39
1761622003.3220508,3,6,31
1761622003.360051,3,4,27
1761622003.3960507,-1,2,30
1761622003.4340508,-3,-4,33
1761622003.472051,-9,-5,29
1761622003.5100508,1,-9,45
1761622003.5490508,-2,-4,41
1761622003.5850508,-9,-9,49
1761622003.6220508,5,1,30
1761622003.6600506,2,1,35
1761622003.6960506,0,6,28
1761622003.7340508,4,-1,23
1761622003.7710507,0,1,30
1761622003.8090508,0,1,42
1761622003.8450508,7,1,49
1761622003.8820508,-1,0,40
1761622003.9200506,4,3,34
1761622003.9560506,1,-4,30
1761622003.9930508,-5,2,33
1761622004.0300508,2,4,26
1761622004.0690508,0,-6,33
1761622004.1050508,2,-3,33
1761622004.143051,1,-1,10
1761622004.1810508,-1,2,31
1761622004.2190506,8,-2,34
1761622004.255051,11,0,35
1761622004.2920508,9,6,30
1761622004.3300507,6,-2,17
1761622004.3660507,0,-7,28
1761622004.403051,-5,-2,32
1761622004.4410508,-3,-2,31
1761622004.4800508,3,1,36
1761622004.5160508,-3,-1,31
1761622004.5530508,-1,0,27
1761622004.5910506,0,-1,36
1761622004.6290507,4,0,28
1761622004.6650507,6,-2,31
1761622004.7030506,3,0,32
1761622004.7410507,3,-3,32
1761622004.7790508,0,3,29
1761622004.8160508,0,0,31
1761622004.8530507,5,3,30
1761622004.8910508,5,-3,27
1761622004.9290507,7,-7,39
1761622004.9650507,3,-2,38
1761622005.0030508,7,-4,27
1761622005.041051,0,-3,33
1761622005.0790508,3,1,37
1761622005.1160507,0,1,37
1761622005.153051,-5,-8,37
1761622005.1910508,-7,-1,44
1761622005.2300508,-6,1,37
1761622005.2660508,-8,2,28
1761622005.3030508,0,-4,20
1761622005.3410506,0,0,30
1761622005.3790507,1,-5,38
1761622005.4150507,2,-8,34
1761622005.4530506,0,-5,29
1761622005.4910507,-1,-3,26
1761622005.5290508,-5,-4,36
1761622005.5730507,-5,0,40
1761622005.6110508,6,-4,41
1761622005.6500506,-7,-5,44
1761622005.686051,-5,-3,46
1761622005.7230508,9,-1,46
1761622005.7620506,7,1,41
1761622005.8000507,4,0,43
1761622005.8360507,1,0,40
1761622005.8730507,5,-3,45
1761622005.9110508,5,-4,30
1761622005.9500508,9,-2,35
1761622005.9860508,5,0,28
1761622006.0230508,3,1,24
1761622006.061051,1,2,35
1761622006.097051,0,0,38
1761622006.1350508,3,0,37
1761622006.1720507,3,-2,40
1761622006.2100508,-3,-4,40
1761622006.2460508,-2,-3,34
1761622006.2830508,0,-1,41
1761622006.3210506,1,-3,29
1761622006.357051,-1,-5,35
1761622006.3950508,2,-1,39
1761622006.4330506,0,-7,36
1761622006.4710507,1,-1,37
1761622006.5070508,0,4,28
1761622006.5440507,0,-2,36
1761622006.5820508,1,-1,21
1761622006.620051,-1,-3,21
1761622006.6560507,-11,-2,32
1761622006.6940508,-4,2,36
1761622006.732051,0,-1,40
1761622006.7700508,-2,0,43
1761622006.8060508,-7,2,37
1761622006.8430507,-6,2,30
1761622006.8810508,0,-6,24
1761622006.9170508,-2,0,36
1761622006.9540508,5,-9,32
1761622006.9920506,1,-4,23
1761622007.0300508,-4,2,33
1761622007.0670507,-3,1,21
1761622007.1040506,-4,-4,28
1761622007.1420507,-1,1,32
1761622007.1810508,-4,-1,38
1761622007.2170508,-3,-4,43
1761622007.2540507,0,-3,30
1761622007.2920508,1,-8,35
1761622007.3300507,2,-2,35
1761622007.3660507,-1,0,31
1761622007.4040508,-1,-7,26
1761622007.4420507,0,0,33
1761622007.4800508,5,1,29
1761622007.5160508,8,-3,33
1761622007.5540507,3,-7,37
1761622007.5920508,4,-1,32
1761622007.6280508,-5,-1,37
1761622007.6670508,0,-2,44
1761622007.7040508,-2,-6,46
1761622007.7430508,1,0,37
1761622007.7810507,6,1,34
1761622007.8170507,3,0,39
1761622007.8540506,1,-4,35
1761622007.8920507,-6,-2,40
1761622007.9280508,-1,-4,41
1761622007.9660506,3,3,45
1761622008.0030508,0,3,41
1761622008.041051,1,0,41
1761622008.0770507,2,4,50
1761622008.1140506,-5,-2,42
1761622008.1520507,-1,-1,30
1761622008.1910508,9,-3,33
1761622008.2270508,6,0,36
1761622008.2640507,6,-4,40
1761622008.3020508,1,-4,30
1761622008.3380508,2,-1,37
1761622008.3750508,4,-1,33
1761622008.4120507,0,-3,26
1761622008.4480507,-7,4,40
1761622008.485051,-4,3,38
1761622008.5220506,0,0,30
1761622008.5580506,-6,-2,38
1761622008.597051,0,1,35
1761622008.6340508,-2,-1,38
1761622008.6730506,-9,3,38
1761622008.7110507,3,6,44
1761622008.7470508,0,6,25
1761622008.7840507,-8,7,31
1761622008.8220508,5,9,33
1761622008.8580508,0,1,31
1761622008.8950508,8,-3,40
1761622008.9330506,4,-3,36
1761622008.9710507,1,6,42
1761622009.0070508,-6,-1,37
1761622009.0440507,0,-3,27
1761622009.0820508,2,-3,34
1761622009.1180508,-1,-1,33
1761622009.1550508,0,-3,38
1761622009.1930506,-2,0,38
1761622009.2310507,-3,-9,40
1761622009.2670507,2,2,47
1761622009.3050506,-3,-1,41
1761622009.3430507,3,1,43
1761622009.3810508,-3,0,40
1761622009.4170508,-5,-1,43
1761622009.4550507,-7,-3,32
1761622009.4930508,-2,-7,26
1761622009.5320508,-7,-4,30
1761622009.5680506,-2,-7,27
1761622009.6050508,2,-6,31
1761622009.643051,5,-6,39
1761622009.6810508,0,-8,30
1761622009.7170508,-2,0,40
1761622009.7540507,-4,1,30
1761622009.7930508,-4,3,42
1761622009.8290508,-6,8,42
1761622009.8660507,-4,5,32
1761622009.9040508,-4,3,32
1761622009.9430506,-7,0,27
1761622009.9790506,-8,1,44
1761622010.0170507,-6,-8,37
1761622010.0550506,-6,-7,37
1761622010.0940506,5,-7,38
1761622010.1320508,-1,0,36
1761622010.1680508,1,-4,42
1761622010.2050507,2,-9,32
1761622010.2430508,-7,-7,33
1761622010.2790508,-1,-6,36
1761622010.3170507,-2,-4,40
1761622010.3550508,-5,-9,47
1761622010.3940508,-2,-2,39
1761622010.4320507,-1,2,30
1761622010.4680507,0,0,24
1761622010.505051,-6,5,27
1761622010.5430508,-1,1,34
1761622010.5790508,0,-10,22
1761622010.6170506,-7,-3,29
1761622010.6550508,-2,-2,23
1761622010.6940508,-2,-3,36
1761622010.732051,1,1,30
1761622010.768051,-3,2,29
1761622010.8050506,-5,4,32
1761622010.8440506,0,-2,24
1761622010.8820508,2,-6,25
1761622010.9180508,-1,-4,44
1761622010.9560506,-1,5,30
1761622010.9940507,-3,4,32
1761622011.0320508,1,-2,35
1761622011.0680506,0,-3,39
1761622011.1060507,0,-1,31
1761622011.1440508,-1,0,27
1761622011.1820507,1,-4,23
1761622011.2180507,0,1,32
1761622011.255051,-4,0,36
1761622011.2940507,-6,-3,36
1761622011.3320508,0,-7,33
1761622011.3690507,8,-1,29
1761622011.4060507,-5,-4,35
1761622011.4440508,-6,-1,33
1761622011.4830508,-7,-5,31
1761622011.5190508,-3,-2,35
1761622011.5560508,-6,-9,31
1761622011.5940506,-2,0,35
1761622011.633051,5,-1,28
1761622011.6690507,6,-1,29
1761622011.7060506,0,3,31
1761622011.7440507,0,-1,40
1761622011.7820508,0,0,39
1761622011.8180506,4,0,38
1761622011.8560507,-1,0,33
1761622011.8940508,-2,4,30
1761622011.9320507,6,-3,46
1761622011.9680507,5,-4,39
1761622012.005051,-1,-8,31
1761622012.0440507,-2,-4,28
1761622012.0800507,-5,2,32
1761622012.1180508,-2,7,36
1761622012.1550508,-3,2,24
1761622012.1930506,5,0,21
1761622012.2290506,4,-4,24
1761622012.2660508,-1,-5,18
1761622012.3040507,0,-5,25
1761622012.3400507,-4,-2,27
1761622012.3770506,-4,-1,32
1761622012.4150507,-9,-2,29
1761622012.4540508,3,-4,35
1761622012.4900508,4,-3,24
1761622012.5270507,-10,-6,20
1761622012.5650508,-1,0,34
1761622012.6040506,-2,0,29
1761622012.6400506,0,-10,32
1761622012.6770508,-1,-13,31
1761622012.7150507,-1,-5,26
1761622012.7540507,-3,0,28
1761622012.7900507,4,-5,25
1761622012.8270507,0,-4,39
1761622012.8650508,6,-3,41
1761622012.903051,0,3,32
1761622012.939051,4,1,38
1761622012.9760506,3,0,47
1761622013.0150506,5,2,39
1761622013.0530508,-3,3,36
1761622013.0890508,0,0,30
1761622013.1260507,0,0,32
1761622013.1650507,-2,2,29
1761622013.2040508,-14,-4,35
1761622013.2400508,-3,-2,32
1761622013.2770507,2,-5,44
1761622013.3150508,0,-2,34
1761622013.3530507,-2,-1,40
1761622013.3890507,-9,-7,43
1761622013.426051,1,-4,39
1761622013.4650507,1,-2,29
1761622013.5030508,2,6,39
1761622013.5390508,3,1,34
1761622013.5760508,3,-2,38
1761622013.6150508,1,-3,27
1761622013.653051,-9,-3,20
1761622013.689051,-7,-3,19
1761622013.7260506,-4,-2,23
1761622013.7650506,-1,-6,26
1761622013.8030508,3,-5,30
1761622013.8390508,0,-8,40
1761622013.8760507,-1,0,31
1761622013.9140508,1,0,41
1761622013.9500508,1,2,36
1761622013.9870508,0,-1,39
1761622014.0250506,0,0,40
1761622014.061051,3,1,31
1761622014.0980508,-11,-1,31
1761622014.1370506,-3,-9,39
1761622014.1750507,1,-5,30
1761622014.2110507,0,-1,34
1761622014.2480507,0,0,52
1761622014.2850506,-10,-3,41
1761622014.324051,0,-6,45
1761622014.360051,1,-2,46
1761622014.3980508,0,-7,44
1761622014.4350507,-5,-4,34
1761622014.4740508,-8,-8,47
1761622014.5100508,-4,-2,38
1761622014.5480506,0,-12,28
1761622014.5850508,-7,-5,17
1761622014.6240506,-7,-5,28
1761622014.6600506,0,-1,28
1761622014.6980507,1,0,31
1761622014.7360508,-1,0,27
1761622014.7740507,-1,-1,36
1761622014.8100507,-7,0,41
1761622014.8480508,3,-3,32
1761622014.8860507,3,-9,29
1761622014.9240508,-8,1,33
1761622014.9600508,-4,-1,31
1761622014.9980507,7,3,40
1761622015.0360508,3,-6,26
1761622015.074051,-1,-5,27
1761622015.110051,0,-2,34
1761622015.1480508,1,-7,39
1761622015.186051,1,-1,30
1761622015.2240508,0,0,37
1761622015.2600508,-1,1,34
1761622015.2980506,9,-1,31
1761622015.3360507,0,-2,33
1761622015.3740506,-2,0,32
1761622015.4100506,0,-6,30
1761622015.4480507,-4,-6,25
1761622015.4860508,-2,2,37
1761622015.5240507,-7,2,39
1761622015.5600507,1,0,39
1761622015.6060507,0,3,39
1761622015.6440508,-4,-9,33
1761622015.6800506,-4,-9,29
1761622015.7170508,-3,0,45
1761622015.755051,-1,2,36
1761622015.791051,0,2,33
1761622015.8280506,-1,-7,31
1761622015.8670506,-1,-4,41
1761622015.9050508,0,-8,30
1761622015.9410508,4,-5,25
1761622015.9780507,-2,5,38
1761622016.0160508,-8,-6,34
1761622016.0540507,-1,2,35
1761622016.0900507,1,0,54
1761622016.1270506,3,-3,44
1761622016.166051,-3,-3,39
1761622016.2040508,0,0,43
1761622016.2400508,9,-4,44
1761622016.2770507,1,-5,35
1761622016.3160508,0,1,41
1761622016.3520508,1,0,34
1761622016.3910508,-2,-6,36
1761622016.4280508,2,-2,38
1761622016.4660506,-4,-2,38
1761622016.505051,-3,-4,50
1761622016.541051,4,-4,27
1761622016.5780506,8,-4,37
1761622016.6160507,7,1,38
1761622016.6520507,5,-4,40
1761622016.6900508,2,-4,32
1761622016.7280507,2,0,26
1761622016.7660508,1,-2,27
1761622016.8020508,-1,-4,34
1761622016.8410506,-1,-6,47
1761622016.8780508,-3,-6,43
1761622016.916051,-6,-5,28
1761622016.9550507,-6,-4,28
1761622016.9910507,-4,-13,35
1761622017.028051,1,-4,30
1761622017.0660508,-5,-4,42
1761622017.1020508,0,-4,35
1761622017.1390507,-4,-4,33
1761622017.1770508,-4,-5,22
1761622017.2160506,-9,-2,32
1761622017.2520506,-9,1,36
1761622017.2900507,2,0,31
1761622017.3270507,-2,1,47
1761622017.3650508,-4,0,39
1761622017.4010508,-7,3,34
1761622017.4380507,-6,0,28
1761622017.4760506,-3,-1,39
1761622017.5120506,0,7,36
1761622017.5490508,-4,-2,44
1761622017.587051,-4,1,37
1761622017.6260507,-2,-3,38
1761622017.6620507,-4,0,41
1761622017.699051,0,-4,37
1761622017.7370508,0,-2,35
1761622017.7760508,0,2,39
1761622017.8120508,3,0,39
1761622017.8490508,-3,-1,43
1761622017.8880508,-2,0,31
1761622017.926051,4,-7,32
1761622017.962051,0,-6,29
1761622017.9990506,1,-5,33
1761622018.0370507,-5,1,29
1761622018.0750508,7,-5,26
1761622018.1110508,2,0,21
1761622018.1490507,7,-2,32
1761622018.1870508,0,-1,39
1761622018.2250507,0,-2,42
1761622018.2610507,2,1,29
1761622018.2990508,0,1,40
1761622018.337051,1,-4,34
1761622018.3750508,-4,-6,23
1761622018.4110508,1,-1,27
1761622018.449051,-4,0,34
1761622018.4870508,6,-2,27
1761622018.5230508,-2,-1,31
1761622018.561051,3,1,28
1761622018.5990508,1,0,16
1761622018.6370506,0,-9,30
1761622018.6730506,-5,0,36
1761622018.7100508,0,-2,42
1761622018.7470508,-1,-12,38
1761622018.7860508,-1,-3,26
1761622018.8220508,-4,0,34
1761622018.8590508,3,-7,28
1761622018.8970506,-2,-4,36
1761622018.9330506,-2,6,33
1761622018.9700508,-3,0,37
1761622019.0070508,-2,-2,34
1761622019.0460508,0,-3,32
1761622019.0820508,-3,-3,27
1761622019.120051,-2,-5,30
1761622019.1580508,-7,-3,35
1761622019.1970508,-2,-9,30
1761622019.2330508,0,1,40
1761622019.2700508,0,3,40
1761622019.3070507,-1,2,28
1761622019.3460507,-9,4,38
1761622019.3820508,-5,3,39
1761622019.4190507,0,-3,39
1761622019.4580507,-1,-3,21
1761622019.4960508,6,-7,33
1761622019.5320508,6,-4,32
1761622019.5690508,4,-2,34
1761622019.6080508,-3,-6,40
1761622019.6460507,0,-7,39
1761622019.6820507,0,-12,33
1761622019.7190506,0,-2,41
1761622019.758051,-5,2,34
1761622019.7960508,-4,-1,28
1761622019.8320508,-3,-3,27
1761622019.870051,-3,-1,30
1761622019.9090507,-1,2,29
1761622019.9470508,0,1,27
1761622019.9830508,4,1,35
1761622020.0200508,0,-6,34
1761622020.0580506,-7,-3,35
1761622020.0960507,0,-9,34
1761622020.1320508,5,-9,31
1761622020.1690507,0,-3,24
1761622020.2080507,2,0,36
1761622020.2460508,5,4,38
1761622020.2820508,-1,1,26
1761622020.3190508,2,3,29
1761622020.357051,1,0,42
1761622020.393051,-6,-1,44
1761622020.4310508,3,-1,34
1761622020.4680507,1,-3,38
1761622020.5060508,-1,-4,34
1761622020.5420508,8,-8,35
1761622020.5790508,1,-3,38
1761622020.6170506,-2,3,36
1761622020.653051,-3,1,20
1761622020.6920507,-8,-1,23
1761622020.7290506,0,2,31
1761622020.7670507,0,1,20
1761622020.8030508,-1,2,25
1761622020.8420508,-3,0,28
1761622020.8790507,2,-4,32
1761622020.9170508,-3,2,37
1761622020.9540508,-6,0,32
1761622020.9910507,-2,0,27
1761622021.0290508,3,0,26
1761622021.0670507,1,2,35
1761622021.1030507,0,-3,25
1761622021.1400506,8,0,41
1761622021.1780508,-3,-3,31
1761622021.2140508,0,2,29
1761622021.2510507,3,-1,31
1761622021.2890508,-4,3,34
1761622021.3270507,-9,6,41
1761622021.3630507,-1,3,31
1761622021.4010508,1,15,40
1761622021.4380507,5,8,38
1761622021.4770508,3,0,32
1761622021.5130508,6,-3,42
1761622021.5500507,-1,-2,33
1761622021.5890508,0,0,34
1761622021.6270506,0,4,40
1761622021.663051,3,-2,41
1761622021.7000508,-1,-7,39
1761622021.7390506,5,3,39
1761622021.7770507,0,0,41
1761622021.8130507,-3,0,39
1761622021.8500507,-1,1,24
1761622021.8880508,0,0,28
1761622021.9240508,1,-3,31
1761622021.962051,1,-5,36
1761622022.0000508,4,-2,28
1761622022.038051,-1,-5,40
1761622022.074051,4,-4,42
1761622022.1130507,3,-3,28
1761622022.1500506,1,-5,37
1761622022.1880507,2,0,29
1761622022.2240508,-2,-5,31
1761622022.2610507,-9,-8,38
1761622022.2990508,2,-3,30
1761622022.337051,-4,-1,30
1761622022.3730507,-2,0,36
1761622022.4100506,3,-1,31
1761622022.4480507,2,-2,37
1761622022.4840508,-1,1,36
1761622022.5210507,-1,0,32
1761622022.5590508,-1,1,39
1761622022.597051,-5,2,28
1761622022.633051,-2,1,31
1761622022.6710508,-3,2,43
1761622022.709051,3,0,38
1761622022.7470508,-7,-1,38
1761622022.7830508,-3,-2,36
1761622022.8210506,9,-5,26
1761622022.8590508,0,-4,32
1761622022.8950508,-4,0,36
1761622022.9330506,0,-2,31
1761622022.9710507,-2,1,42
1761622023.0090508,-2,3,39
1761622023.0480506,1,1,32
1761622023.084051,1,2,34
1761622023.1210508,-4,0,30
1761622023.1590507,0,-3,32
1761622023.1950507,3,1,29
1761622023.2330508,4,-1,34
1761622023.2700508,2,0,42
1761622023.3080506,-2,-9,42
1761622023.3440506,-5,-2,46
1761622023.3810508,2,0,37
1761622023.4190507,0,-6,31
1761622023.4550507,-8,0,32
1761622023.4930508,-7,0,35
1761622023.5300508,-1,-2,38
1761622023.5690508,0,-5,38
1761622023.6050508,0,-9,34
1761622023.6420507,-2,-6,27
1761622023.6800506,7,-6,31
1761622023.7190506,-6,-1,47
1761622023.755051,0,-2,44
1761622023.7920508,3,-1,38
1761622023.8300507,0,0,31
1761622023.8680508,6,-5,36
1761622023.9040508,11,1,38
1761622023.9410508,1,4,48
1761622023.9790506,3,2,43
1761622024.0150506,1,5,28
1761622024.0520508,-1,3,29
1761622024.0900507,0,2,45
1761622024.1280508,-3,-2,28
1761622024.1640508,5,0,23
1761622024.2010508,-4,-2,25
1761622024.2400508,4,0,23
1761622024.278051,-4,0,31
1761622024.314051,6,2,39
1761622024.3510506,4,5,35
1761622024.3890507,5,9,36
1761622024.4250507,-1,0,31
1761622024.462051,-5,6,36
1761622024.5000508,-10,5,38
1761622024.538051,3,2,39
1761622024.5750508,4,-1,37
1761622024.6120508,0,-2,32
1761622024.6500506,-1,-6,25
1761622024.689051,3,-3,25
1761622024.7250507,4,-5,27
1761622024.7620506,6,-8,36
1761622024.8000507,-4,0,35
1761622024.8380508,1,-4,38
1761622024.8740506,-3,1,33
1761622024.9110508,-7,2,27
1761622024.949051,-8,4,34
1761622024.985051,-3,-8,34
1761622025.0220506,-1,-1,35
1761622025.0600507,2,-2,24
1761622025.0960507,-1,-6,22
1761622025.133051,-2,-2,24
1761622025.1710508,2,-7,31
1761622025.209051,4,0,29
1761622025.245051,1,-1,20
1761622025.2830508,-1,-3,28
1761622025.3220508,6,-2,39
1761622025.360051,-2,-2,37
1761622025.3960507,8,-4,39
1761622025.4330506,3,0,33
1761622025.4700508,4,-9,29
1761622025.5090508,-5,0,35
1761622025.5450506,-2,-1,33
1761622025.5830507,-2,1,36
1761622025.6290507,-4,1,34
1761622025.6650507,-4,-2,31
1761622025.7020507,1,-3,27
1761622025.7400508,6,-6,31
1761622025.7760508,6,-3,23
1761622025.8130507,-6,0,29
1761622025.8500507,-2,0,31
1761622025.8860507,4,-5,31
1761622025.9230506,-3,0,44
1761622025.9610507,0,7,36
1761622025.9990506,-3,3,28
1761622026.0350506,-1,5,26
1761622026.0720508,1,1,25
1761622026.110051,0,-3,15
1761622026.1460507,0,1,30
1761622026.1830506,-1,-3,31
1761622026.2210507,-2,-4,29
1761622026.2600508,-3,-10,41
1761622026.2960508,4,-9,41
1761622026.3330507,1,2,50
1761622026.3710508,0,-6,30
1761622026.4090507,2,-2,32
1761622026.4450507,-1,-3,32
1761622026.4830508,-1,-5,36
1761622026.5210507,-4,-5,39
1761622026.5600507,2,-3,23
1761622026.5960507,1,-7,31
1761622026.633051,1,-15,31
1761622026.6710508,4,-8,30
1761622026.709051,0,2,26
1761622026.745051,1,1,30
1761622026.7820508,5,-2,28
1761622026.8200507,0,1,32
1761622026.8560507,-1,0,31
1761622026.893051,0,-2,41
1761622026.9310508,-4,0,39
1761622026.9690506,1,0,32
1761622027.005051,-4,-1,28
1761622027.0420508,-5,0,30
1761622027.0810506,-5,-2,28
1761622027.1170506,-9,-5,31
1761622027.1540508,-2,-11,30
1761622027.1920507,1,-12,38
1761622027.2310507,1,-2,40
1761622027.2670507,0,4,34
1761622027.3040507,1,2,24
1761622027.3410506,2,3,35
1761622027.3770506,5,-2,37
1761622027.4140508,-2,-7,24
1761622027.4520507,-1,-8,31
1761622027.4910507,1,-8,35
1761622027.5270507,2,-12,40
1761622027.564051,9,-9,27
1761622027.6020508,6,-2,37
1761622027.6400506,1,-2,31
1761622027.676051,0,-2,36
1761622027.7130508,0,-1,35
1761622027.7510507,1,0,27
1761622027.7870507,-1,0,38
1761622027.824051,7,5,44
1761622027.8610508,-3,-4,34
1761622027.9000506,-7,-2,25
1761622027.936051,-4,-7,25
1761622027.9730508,-1,-4,28
1761622028.0120506,4,-5,29
1761622028.0500507,1,-3,34
1761622028.0860507,3,-3,28
1761622028.1240506,-9,-4,27
1761622028.1620507,0,-5,31
1761622028.2010508,3,0,31
1761622028.2370508,-2,-2,37
1761622028.2760508,-5,-7,24
1761622028.3130507,0,-5,30
1761622028.3510506,-2,-1,33
1761622028.3870506,3,2,40
1761622028.4240508,-5,0,36
1761622028.462051,-10,-3,42
1761622028.5000508,3,3,38
1761622028.5360508,4,-5,29
1761622028.5730507,2,-4,28
1761622028.6110508,1,-4,31
1761622028.6480508,9,-3,31
1761622028.6850507,3,-1,33
1761622028.722051,-1,0,37
1761622028.7600508,-4,6,34
1761622028.7960508,-2,0,37
1761622028.8350508,-1,-6,40
1761622028.8720508,-5,0,26
1761622028.9110508,3,-9,32
1761622028.9470508,-2,-6,43
1761622028.985051,-1,-7,41
1761622029.0230508,0,0,39
1761622029.061051,5,-2,38
1761622029.0980508,4,-6,34
1761622029.1350508,-5,-8,29
1761622029.1730506,-5,-6,21
1761622029.212051,-2,0,22
1761622029.2500508,3,0,21
1761622029.2860508,-3,0,27
1761622029.3230507,0,1,36
1761622029.3610508,2,-1,41
1761622029.3980508,5,-1,39
1761622029.4350507,2,-4,41
1761622029.472051,-4,-6,47
1761622029.5110507,-1,-7,45
1761622029.5480506,6,-4,28
1761622029.5850508,4,-9,36
1761622029.6220508,1,-5,29
1761622029.6580508,0,-4,34
1761622029.6950507,4,-7,33
1761622029.7330508,2,-7,40
1761622029.7710507,-3,0,37
1761622029.8070507,3,-5,43
1761622029.8450508,-4,-4,42
1761622029.883051,0,-5,45
1761622029.9220507,1,0,45
1761622029.9580507,-2,0,37
1761622029.995051,-2,-4,35
1761622030.0330508,-7,1,32
1761622030.0710506,-4,1,35
1761622030.107051,0,-3,40
1761622030.1440508,8,-3,31
1761622030.1820507,6,1,27
1761622030.2180507,2,-2,39
1761622030.255051,-4,-2,37
1761622030.2930508,1,-8,29
1761622030.3310506,0,-6,41
1761622030.3670506,2,-11,32
1761622030.4050508,0,-5,30
1761622030.4430506,1,-3,21
1761622030.4810507,5,4,30
1761622030.5170507,2,0,33
1761622030.5540507,7,-1,45
1761622030.5920508,2,-6,45
1761622030.6280508,3,-1,35
1761622030.6650507,1,1,40
1761622030.7030506,0,-2,35
1761622030.7410507,-1,2,30
1761622030.7770507,-6,-3,37
1761622030.814051,0,-2,39
1761622030.8530507,-5,1,31
1761622030.8910508,2,1,33
1761622030.9270508,3,0,24
1761622030.9640508,2,3,27
1761622031.0020506,8,3,29
1761622031.038051,6,0,35
1761622031.0750508,5,-3,30
1761622031.1130507,0,-3,37
1761622031.1510508,-4,2,38
1761622031.1870508,-5,-3,42
1761622031.2240508,-7,0,38
1761622031.2620506,0,-4,40
1761622031.2980506,-4,6,44
1761622031.3350508,0,7,38
1761622031.3730507,-2,-2,31
1761622031.4090507,-2,-5,42
1761622031.4460506,4,-4,41
1761622031.4840508,3,-3,40
1761622031.5230508,0,-4,22
1761622031.5590508,-2,-1,28
1761622031.5960507,4,0,34
1761622031.633051,3,-2,36
1761622031.6690507,1,-3,36
1761622031.7060506,0,-6,25
1761622031.7430508,0,-11,35
1761622031.7820508,7,-3,36
1761622031.8180506,6,1,36
1761622031.8550508,2,-3,40
1761622031.893051,1,-4,33
1761622031.9290507,0,0,34
1761622031.9660506,-2,-1,35
1761622032.0040507,-8,1,39
1761622032.0430508,-7,-1,38
1761622032.0790508,0,0,47
1761622032.1160507,0,0,50
1761622032.153051,-4,2,37
1761622032.1920507,-10,-2,41
1761622032.2280507,-6,-2,33
1761622032.2660508,1,-1,38
1761622032.3050506,4,0,39
1761622032.3430507,0,3,42
1761622032.3790507,0,-3,38
1761622032.416051,4,3,35
1761622032.4540508,-10,-3,39
1761622032.4920506,-3,-5,32
1761622032.528051,0,2,28
1761622032.5660508,-1,-5,41
1761622032.6040506,0,4,31
1761622032.643051,-7,-2,32
1761622032.6790507,-6,-1,27
1761622032.7160506,-11,-3,40
1761622032.7540507,2,-4,42
1761622032.7920508,6,0,32
1761622032.8280506,2,4,26
1761622032.8660507,-5,0,36
1761622032.9050508,-8,-4,27
1761622032.9430506,-1,-11,17
1761622032.9790506,7,4,35
1761622033.0160508,-1,-4,28
1761622033.0550506,1,-5,37
1761622033.0930507,0,-3,44
1761622033.1290507,-1,-3,46
1761622033.166051,-3,0,37
1761622033.2040508,1,-10,32
1761622033.2420506,-6,-1,26
1761622033.278051,-2,-6,32
1761622033.3160508,-7,-1,41
1761622033.3540506,-4,-5,30
1761622033.393051,-4,-3,37
1761622033.4290507,-8,-3,29
1761622033.4660506,-8,-4,30
1761622033.5040507,-8,0,44
1761622033.5430508,-8,2,43
1761622033.5790508,-4,-3,25
1761622033.6180508,4,1,42
1761622033.6550508,3,0,31
1761622033.6930506,4,4,37
1761622033.7290506,2,0,29
1761622033.7660508,0,4,23
1761622033.8040507,-2,3,28
1761622033.8400507,-5,3,28
1761622033.8780508,-3,4,30
1761622033.916051,2,-10,28
1761622033.9540508,-5,-6,31
1761622033.9900508,-8,-9,28
1761622034.028051,-4,3,41
1761622034.0660508,-7,-1,30
1761622034.1040506,-3,-4,27
1761622034.143051,0,2,24
1761622034.1790507,1,0,29
1761622034.2160506,-2,-10,24
1761622034.255051,-2,-7,31
1761622034.2930508,-3,-8,26
1761622034.3290508,-12,-1,41
1761622034.3660507,-9,1,34
1761622034.4040508,-4,-5,38
1761622034.4400508,-1,1,39
1761622034.4770508,3,-4,33
1761622034.5150506,3,-3,47
1761622034.5530508,5,-1,32
1761622034.5890508,0,0,16
1761622034.6260507,0,-8,25
1761622034.6650507,-1,-7,40
1761622034.7030506,9,-8,32
1761622034.7390506,0,-4,37
1761622034.7760508,-3,-3,32
1761622034.8150508,-3,-8,37
1761622034.8530507,-3,-11,31
1761622034.8890507,-4,-4,41
1761622034.926051,0,-1,37
1761622034.9640508,5,-6,34
1761622035.0000508,1,0,32
1761622035.0370507,0,0,27
1761622035.0750508,1,-1,23
1761622035.1130507,0,-5,31
1761622035.1490507,-9,-5,29
1761622035.1880507,0,-7,46
1761622035.2250507,3,-1,30
1761622035.2640507,-2,-4,27
1761622035.3000507,-1,1,31
1761622035.3380508,4,-4,43
1761622035.3750508,-4,-2,39
1761622035.4140508,-1,-3,42
1761622035.4500508,-4,0,27
1761622035.4870508,1,0,23
1761622035.5250506,-4,-2,46
1761622035.5630507,1,-3,39
1761622035.5990508,0,-2,35
1761622035.6450508,2,0,25
1761622035.6830506,4,-5,23
1761622035.7190506,3,-8,29
1761622035.7570508,-1,-2,31
1761622035.7950506,-1,-2,28
1761622035.834051,-7,3,33
1761622035.870051,-7,-4,32
1761622035.9070508,0,-2,31
1761622035.9450507,0,0,21
1761622035.9810507,0,-1,23
1761622036.018051,0,-5,24
1761622036.0550506,0,-8,30
1761622036.0910506,1,-1,22
1761622036.1280508,0,0,35
1761622036.166051,-2,-4,35
1761622036.2050507,-1,0,20
1761622036.2410507,-4,-5,30
1761622036.2790508,2,0,35
1761622036.3160508,6,-5,35
1761622036.3540506,3,-3,34
1761622036.3900506,-1,3,41
1761622036.4280508,2,0,40
1761622036.4660506,1,-2,36
1761622036.5040507,-1,0,31
1761622036.5400507,0,1,39
1761622036.5770507,0,0,35
1761622036.6150508,-6,1,34
1761622036.6510508,-1,0,30
1761622036.6880507,-10,0,37
1761622036.7260506,-6,1,28
1761622036.7640507,-2,1,33
1761622036.8000507,-1,2,40
1761622036.837051,-6,-3,24
1761622036.8760507,0,-3,29
1761622036.9140508,5,-4,35
1761622036.9500508,6,-4,34
1761622036.9870508,-3,-3,26
1761622037.0260508,-8,-1,23
1761622037.064051,-13,-9,25
1761622037.1000507,3,-7,33
1761622037.1370506,0,-5,37
1761622037.176051,-1,-2,19
1761622037.2140508,4,-2,35
1761622037.2500508,2,-3,26
1761622037.2870507,-2,6,27
1761622037.3260508,-6,0,23
1761622037.3640506,-3,-1,32
1761622037.4000506,-4,1,27
1761622037.4370508,0,1,21
1761622037.4760506,3,-3,24
1761622037.5140507,4,-4,21
1761622037.5500507,-3,-4,35
1761622037.587051,-5,0,30
1761622037.6260507,2,-5,22
1761622037.6640508,0,4,35
1761622037.7000508,-5,-1,41
1761622037.7370508,-8,-1,34
1761622037.7760508,-3,2,32
1761622037.814051,-4,-6,44
1761622037.8500507,0,-3,32
1761622037.8870506,4,2,30
1761622037.9250507,0,0,33
1761622037.9610507,-6,-3,37
1761622037.9990506,1,-1,31
1761622038.0360508,5,-2,33
1761622038.0720508,8,0,32
1761622038.1090508,7,0,34
1761622038.1460507,0,3,41
1761622038.1850507,0,2,32
1761622038.2210507,0,0,33
1761622038.258051,-5,-1,29
1761622038.2960508,0,-3,38
1761622038.3350508,0,-3,36
1761622038.3710508,6,-1,29
1761622038.4080508,0,-4,34
1761622038.4460506,3,0,18
1761622038.482051,-5,-5,22
1761622038.5200508,0,-3,33
1761622038.5580506,-1,-1,32
1761622038.597051,-1,-2,29
1761622038.6350508,-8,-6,30
1761622038.6710508,-8,3,21
1761622038.709051,-2,-2,32
1761622038.7470508,0,-5,29
1761622038.7850506,4,-8,26
1761622038.8210506,-3,-6,38
1761622038.8590508,4,0,31
1761622038.8970506,1,0,9
1761622038.9350507,6,-8,41
1761622038.9710507,0,-8,36
1761622039.0090508,0,-6,39
1761622039.0470507,3,0,46
1761622039.0850508,-2,-1,45
1761622039.1210508,1,0,40
1761622039.1580508,1,0,39
1761622039.1960506,7,-2,37
1761622039.232051,5,-2,35
1761622039.2700508,4,-1,34
1761622039.3070507,-3,-4,34
1761622039.3460507,-5,-3,35
1761622039.3820508,-5,0,41
1761622039.4200506,5,1,33
1761622039.4570508,0,1,29
1761622039.495051,-5,3,34
1761622039.5310507,0,6,37
1761622039.5680506,0,1,42
1761622039.6060507,-2,-3,33
1761622039.6420507,-10,-2,35
1761622039.6790507,0,4,31
1761622039.7170508,0,0,35
1761622039.755051,1,-4,30
1761622039.791051,-1,-1,31
1761622039.8280506,-2,-4,33
1761622039.8670506,0,0,35
1761622039.9050508,-3,-2,28
1761622039.9410508,-10,1,28
1761622039.9780507,-2,1,26
1761622040.0170507,-1,-2,27
1761622040.0530508,-6,-1,32
1761622040.0920508,0,-6,22
1761622040.1290507,5,0,33
1761622040.1670508,2,1,36
1761622040.2040508,4,-1,24
1761622040.2420506,2,3,51
1761622040.2790508,0,-1,30
1761622040.3170507,1,1,40
1761622040.3530507,5,-2,33
1761622040.3900506,3,0,38
1761622040.4270508,-1,-7,33
1761622040.4660506,3,-1,32
1761622040.5020506,4,2,40
1761622040.5390508,0,-5,33
1761622040.5770507,4,0,36
1761622040.6130507,3,0,35
1761622040.6510508,-2,0,38
1761622040.689051,0,0,40
1761622040.7270508,8,-3,34
1761622040.7630508,4,-1,35
1761622040.801051,0,-3,39
1761622040.8380508,8,-6,40
1761622040.8760507,-4,-2,38
1761622040.9120507,4,-1,41
1761622040.949051,4,6,34
1761622040.9870508,0,4,44
1761622041.0230508,-6,-1,37
1761622041.0600507,-1,1,28
1761622041.0980508,0,6,42
1761622041.1360507,0,3,40
1761622041.1720507,-3,-3,42
1761622041.209051,-1,-1,41
1761622041.2480507,3,-4,35
1761622041.2860508,6,9,37
1761622041.3220508,-5,2,37
1761622041.3590508,-5,2,22
1761622041.3980508,6,3,35
1761622041.436051,7,0,42
1761622041.472051,4,0,40
1761622041.5090508,-1,6,37
1761622041.5470507,-4,1,28
1761622041.5830507,0,0,29
1761622041.620051,3,2,43
1761622041.6590507,4,0,33
1761622041.6970508,1,-5,34
1761622041.7330508,3,-5,28
1761622041.7710507,-2,0,30
1761622041.8080506,-1,5,19
1761622041.847051,-6,-2,27
1761622041.883051,2,-1,27
1761622041.9210508,1,3,34
1761622041.9580507,-3,-4,25
1761622041.9970508,0,-7,31
1761622042.0330508,-1,1,38
1761622042.0700507,3,3,32
1761622042.1080508,-3,-4,44
1761622042.1470506,-5,1,41
1761622042.1830506,-12,0,36
1761622042.2210507,-4,-2,36
1761622042.2600508,-5,-2,32
1761622042.2980506,0,-1,43
1761622042.334051,-2,4,42
1761622042.3710508,-2,1,31
1761622042.4090507,-8,0,45
1761622042.4470508,-3,-2,40
1761622042.4830508,2,0,34
1761622042.5200508,4,3,29
1761622042.5580506,1,-8,29
1761622042.5940506,-1,0,20
1761622042.6310508,2,-4,28
1761622042.6690507,5,-1,27
1761622042.7070508,-6,3,29
1761622042.7430508,0,-3,36
1761622042.7800508,-3,-2,37
1761622042.8180506,-3,1,38
1761622042.857051,2,0,28
1761622042.893051,-1,6,24
1761622042.9300506,0,-1,31
1761622042.9680507,0,1,25
1761622043.0040507,-4,3,27
1761622043.0430508,4,2,34
1761622043.0800507,1,-3,36
1761622043.1180508,-2,3,38
1761622043.1540508,3,1,35
1761622043.1910508,1,0,35
1761622043.2290506,0,5,23
1761622043.2670507,-3,0,32
1761622043.3030508,-2,1,39
1761622043.3400507,-2,2,30
1761622043.3780508,-1,0,36
1761622043.4140508,-4,2,34
1761622043.4510508,-1,-5,30
1761622043.4890506,-4,-3,40
1761622043.528051,-1,1,26
1761622043.564051,-2,5,33
1761622043.6010506,-2,4,27
1761622043.6390507,2,3,29
1761622043.6770508,2,0,42
1761622043.7130508,3,-3,33
1761622043.7510507,2,0,17
1761622043.7890508,2,4,22
1761622043.8270507,-4,0,36
1761622043.8630507,2,-3,26
1761622043.9010508,2,5,26
1761622043.939051,-5,0,31
1761622043.9770508,-9,3,31
1761622044.0130508,-1,-1,34
1761622044.051051,-5,-2,41
1761622044.0890508,-5,-1,44
1761622044.1280508,-6,0,26
1761622044.1640508,-6,1,29
1761622044.2010508,-4,-5,31
1761622044.2390506,-2,-8,40
1761622044.278051,3,-3,31
1761622044.314051,-5,-1,39
1761622044.3510506,-1,0,37
1761622044.3890507,4,0,32
1761622044.4250507,-2,2,29
1761622044.462051,2,2,35
1761622044.4990506,4,2,35
1761622044.5350506,3,6,34
1761622044.5720508,1,4,39
1761622044.6090508,3,1,40
1761622044.6450508,-2,0,33
1761622044.6830506,0,-2,30
1761622044.7200508,2,3,25
1761622044.758051,1,2,23
1761622044.7940507,-1,-3,28
1761622044.8310506,5,-4,30
1761622044.8690507,9,2,37
1761622044.9050508,6,5,40
1761622044.9440508,3,3,37
1761622044.9810507,0,3,32
1761622045.0190508,-1,5,23
1761622045.0550506,0,4,26
1761622045.0930507,-4,2,24
1761622045.130051,-4,0,21
1761622045.1680508,0,5,31
1761622045.2040508,-1,4,34
1761622045.2410507,2,0,30
1761622045.2790508,3,1,31
1761622045.3150508,3,4,35
1761622045.3520508,0,0,43
1761622045.3900506,7,-2,42
1761622045.4280508,9,1,32
1761622045.4640508,0,3,38
1761622045.5020506,-6,3,41
1761622045.5400507,-9,0,27
1761622045.5780506,-9,3,25
1761622045.6140506,-3,1,14
1761622045.6600506,5,3,20
1761622045.6980507,4,-2,40
1761622045.7340508,-2,3,31
1761622045.7710507,-1,7,35
1761622045.8090508,6,-1,39
1761622045.8450508,5,3,40
1761622045.8820508,4,-1,28
1761622045.9200506,0,2,32
1761622045.9580507,-3,-1,35
1761622045.9940507,-12,-1,30
1761622046.0310507,-1,-7,25
1761622046.0700507,0,3,28
1761622046.1080508,-2,0,41
1761622046.1440508,4,-1,36
1761622046.1810508,4,1,31
1761622046.2200508,-1,6,37
1761622046.258051,0,3,30
1761622046.2940507,-2,3,30
1761622046.3310506,-6,-3,28
1761622046.370051,-3,1,30
1761622046.4080508,5,3,36
1761622046.4440508,0,3,36
1761622046.4810507,-1,2,24
1761622046.5200508,-1,5,44
1761622046.5580506,4,-4,31
1761622046.5940506,0,4,30
1761622046.6310508,-1,1,29
1761622046.6690507,0,6,36
1761622046.7050507,-3,1,34
1761622046.7420506,-2,-4,43
1761622046.7800508,-3,-3,38
1761622046.8190508,-3,-1,35
1761622046.8550508,0,2,37
1761622046.8920507,3,4,34
1761622046.9300506,3,4,23
1761622046.9660506,5,2,25
1761622047.0030508,0,0,32
1761622047.0400507,-3,2,39
1761622047.0760508,-1,3,34
1761622047.1130507,0,5,37
1761622047.1500506,-2,7,20
1761622047.189051,2,6,33
1761622047.2250507,-5,0,40
1761622047.2630508,0,-7,33
1761622047.3000507,-1,-2,37
1761622047.3390508,0,0,37
1761622047.3750508,3,-2,50
1761622047.413051,-3,-5,30
1761622047.4510508,0,1,34
1761622047.4890506,1,-9,32
1761622047.5250506,-2,-9,36
1761622047.5630507,-7,-2,28
1761622047.6010506,-2,1,31
1761622047.6390507,-1,5,39
1761622047.6750507,-3,11,33
1761622047.7130508,-5,5,27
1761622047.7510507,-2,0,24
1761622047.7890508,-2,-1,25
1761622047.8250508,2,-5,33
1761622047.8620508,-2,-3,31
1761622047.9010508,-5,-2,30
1761622047.939051,-2,3,31
1761622047.9750507,0,7,40
1761622048.0120506,0,-4,42
1761622048.051051,0,-5,39
1761622048.0890508,9,-6,33
1761622048.1250508,0,-5,32
1761622048.1620507,1,0,37
1761622048.2000508,6,-5,45
1761622048.2360508,2,5,37
1761622048.2730508,-2,4,39
1761622048.311051,3,0,32
1761622048.3490508,3,-1,37
1761622048.3850508,1,-3,30
1761622048.4220507,-5,0,40
1761622048.4600508,-5,-7,36
1761622048.4960508,0,-8,42
1761622048.5330508,1,-5,27
1761622048.5710506,-2,-1,31
1761622048.610051,-5,1,30
1761622048.6460507,-9,-2,30
1761622048.6830506,-3,1,42
1761622048.7210507,2,5,40
1761622048.7590508,0,1,34
1761622048.7950506,13,-1,29
1761622048.8320508,1,-4,27
1761622048.8710508,-1,-6,23
1761622048.9070508,3,-3,30
1761622048.9440508,-1,0,41
1761622048.9810507,-2,-2,30
1761622049.0200508,3,0,32
1761622049.0560508,-3,-3,23
1761622049.0930507,-3,4,29
1761622049.1310508,-7,3,39
1761622049.1670508,-5,-4,41
1761622049.2050507,1,-4,33
1761622049.2440507,-2,-3,33
1761622049.2810507,-4,0,32
1761622049.3170507,0,2,29
1761622049.3540506,-1,-4,38
1761622049.3920507,1,-2,44
1761622049.4300506,-1,1,41
1761622049.4660506,-4,-2,38
1761622049.5030508,-8,-1,35
1761622049.541051,-4,-2,34
1761622049.5800507,-4,-8,15
1761622049.6160507,0,-2,23
1761622049.653051,0,2,30
1761622049.6910508,1,-2,27
1761622049.7270508,0,-2,30
1761622049.7640507,2,-3,46
1761622049.8020508,1,-7,37
1761622049.8400507,2,-7,42
1761622049.8760507,0,-2,41
1761622049.9140508,2,1,35
1761622049.9520507,3,3,43
1761622049.9900508,3,-1,35
1761622050.0260508,1,-3,33
1761622050.064051,1,0,42
1761622050.1020508,-6,0,32
1761622050.1400506,-3,-1,39
1761622050.176051,-1,2,32
1761622050.2140508,0,0,24
1761622050.2520506,-8,0,36
1761622050.2900507,-1,1,26
1761622050.3260508,6,-3,31
1761622050.3630507,-6,-10,36
1761622050.4020507,-3,-7,29
1761622050.4400508,0,0,28
1761622050.4780507,0,3,30
1761622050.5150506,4,3,41
1761622050.5520508,2,-5,32
1761622050.5910506,-5,-3,29
1761622050.6270506,-4,-5,27
1761622050.6650507,0,-3,36
1761622050.7020507,-1,-4,25
1761622050.7410507,-6,-9,33
1761622050.7770507,-4,-10,28
1761622050.814051,-10,2,30
1761622050.8520508,-2,0,31
1761622050.8900506,-4,-5,23
1761622050.926051,-8,-9,31
1761622050.9630508,0,0,32
1761622051.0020506,4,3,37
1761622051.038051,-1,1,40
1761622051.0750508,-3,2,36
1761622051.1120508,-1,-1,42
1761622051.1510508,-3,1,35
1761622051.1870508,1,1,30
1761622051.2240508,0,0,37
1761622051.2620506,-3,-5,42
1761622051.2980506,-1,-1,38
1761622051.3350508,0,0,32
1761622051.3720508,0,-2,20
1761622051.4080508,1,-5,31
1761622051.4450507,-7,-1,25
1761622051.4830508,2,-5,30
1761622051.5220506,-3,4,30
1761622051.5580506,-2,0,25
1761622051.5950508,4,-3,43
1761622051.6320508,5,-5,35
1761622051.6680508,6,0,25
1761622051.7060506,-3,2,38
1761622051.7440507,-4,2,42
1761622051.7820508,-8,5,31
1761622051.8180506,-3,5,34
1761622051.8560507,-12,0,23
1761622051.893051,-2,0,31
1761622051.9310508,-2,0,31
1761622051.9670508,0,-4,31
1761622052.0040507,-2,0,26
1761622052.0430508,0,-10,30
1761622052.0810506,1,-6,35
1761622052.1170506,-4,0,42
1761622052.1540508,0,0,25
1761622052.1920507,0,-6,24
1761622052.2280507,-5,-6,18
1761622052.2650506,2,-3,28
1761622052.3030508,0,2,33
1761622052.3410506,7,-1,26
1761622052.3770506,10,-3,27
1761622052.4140508,-3,0,42
1761622052.4530506,-7,2,40
1761622052.4910507,-9,4,24
1761622052.5270507,-6,0,17
1761622052.564051,-3,-2,31
1761622052.6030507,-2,-2,35
1761622052.6410508,3,-6,35
1761622052.6770508,0,-2,34
1761622052.7140508,2,0,35
1761622052.7520506,-5,2,40
1761622052.788051,-4,-1,43
1761622052.8250508,-3,-4,56
1761622052.8630507,1,-1,31
1761622052.9010508,1,-6,32
1761622052.9370508,-5,-1,40
1761622052.9750507,0,-7,40
1761622053.0130508,-4,-4,37
1761622053.051051,-2,-9,40
1761622053.087051,-4,-8,30
1761622053.1250508,0,-7,38
1761622053.163051,6,-5,32
1761622053.199051,6,-2,32
1761622053.2360508,-9,-7,38
1761622053.2730508,-9,-2,43
1761622053.3120508,3,-4,38
1761622053.3480508,5,-4,40
1761622053.3850508,0,-1,38
1761622053.4230506,-1,2,36
1761622053.462051,3,1,43
1761622053.4980507,13,0,39
1761622053.5350506,4,-1,24
1761622053.5730507,-2,2,36
1761622053.6090508,4,7,42
1761622053.6460507,3,-6,31
1761622053.6840508,-6,-3,32
1761622053.7230508,1,-3,39
1761622053.7590508,-2,-4,35
1761622053.7970507,1,0,43
1761622053.834051,0,-4,29
1761622053.8720508,-2,-2,37
1761622053.9080508,-8,-2,39
1761622053.9460506,-8,-2,37
1761622053.9830508,-4,-7,37
1761622054.0220506,0,-6,31
1761622054.0580506,-1,-1,27
1761622054.0960507,0,-6,44
1761622054.1340508,-5,-3,40
1761622054.1720507,2,-5,34
1761622054.2080507,0,0,35
1761622054.2460508,-2,1,35
1761622054.2840507,-7,4,31
1761622054.3220508,-2,4,36
1761622054.3580508,-3,-3,34
1761622054.3950508,4,2,35
1761622054.4330506,2,-3,31
1761622054.4690506,3,-5,34
1761622054.5070508,0,-6,39
1761622054.5440507,4,-1,24
1761622054.5820508,2,-4,31
1761622054.6180508,0,-7,39
1761622054.6550508,0,-5,31
1761622054.6940508,-4,1,43
1761622054.732051,6,4,45
1761622054.768051,8,-1,38
1761622054.8050506,0,-1,34
1761622054.8430507,3,0,34
1761622054.8790507,6,7,40
1761622054.916051,0,-1,38
1761622054.9540508,2,-1,36
1761622054.9920506,-1,1,46
1761622055.028051,0,-4,41
1761622055.0650508,0,-3,45
1761622055.1040506,-3,1,35
1761622055.1420507,1,-5,30
1761622055.1780508,3,-3,34
1761622055.2150507,4,-4,25
1761622055.2540507,-1,0,35
1761622055.2920508,-8,-3,23
1761622055.3280506,-2,6,32
1761622055.3650508,0,7,41
1761622055.403051,-1,-2,24
1761622055.439051,-2,1,28
1761622055.4760506,-4,-2,33
1761622055.5140507,4,-5,42
1761622055.5530508,2,-3,39
1761622055.5890508,-5,0,40
1761622055.6260507,-1,-1,48
1761622055.6700506,4,-2,39
1761622055.709051,-4,-6,45
1761622055.7460508,-3,-6,42
1761622055.7840507,-5,-3,34
1761622055.8230507,3,-5,30
1761622055.8590508,-2,0,37
1761622055.8960507,0,0,40
1761622055.9340508,-5,-7,41
1761622055.9700508,-4,-7,38
1761622056.0090508,-9,-7,39
1761622056.0460508,-3,-2,34
1761622056.084051,-2,-3,21
1761622056.1230507,-8,-5,27
1761622056.1590507,-4,2,37
1761622056.1960506,-3,0,49
1761622056.235051,1,0,45
1761622056.2730508,2,-6,39
1761622056.3090508,3,0,33
1761622056.3460507,-5,-1,28
1761622056.3850508,-7,-2,36
1761622056.4230506,-7,-4,28
1761622056.459051,0,-2,39
1761622056.4960508,-5,-4,35
1761622056.5350506,1,-4,38
1761622056.5730507,3,-8,22
1761622056.6090508,0,-2,26
1761622056.6470506,1,0,34
1761622056.6850507,1,2,23
1761622056.7230508,0,-5,35
1761622056.7590508,6,-3,34
1761622056.7970507,-1,0,32
1761622056.8350508,-3,4,32
1761622056.8730507,-6,0,34
1761622056.9090507,-4,2,29
1761622056.9460506,0,0,30
1761622056.9840508,-4,1,25
1761622057.0200508,-4,-4,27
1761622057.0580506,-10,0,31
1761622057.0960507,-5,-4,50
1761622057.1350508,0,-2,34
1761622057.1730506,0,-3,41
1761622057.209051,-5,-4,45
1761622057.2460508,-3,-4,34
1761622057.2850506,2,-11,34
1761622057.3230507,-2,-5,39
1761622057.3590508,0,-11,36
1761622057.3970506,3,0,33
1761622057.4350507,3,-6,36
1761622057.4710507,8,-4,33
1761622057.508051,4,-5,41
1761622057.5450506,9,-2,23
1761622057.584051,2,0,34
1761622057.620051,-3,3,34
1761622057.6580508,4,-2,35
1761622057.6950507,-1,-8,43
1761622057.7340508,-3,-6,22
1761622057.7700508,-5,-6,20
1761622057.8080506,-6,1,32
1761622057.8450508,-3,0,31
1761622057.8840508,-4,2,36
1761622057.9200506,-2,-5,28
1761622057.9580507,3,-2,44
1761622057.995051,1,-2,34
1761622058.0340507,-3,-5,36
1761622058.0700507,-6,0,33
1761622058.1080508,-6,-2,42
1761622058.1470506,-5,-5,39
1761622058.1850507,-4,-7,32
1761622058.2210507,0,-2,36
1761622058.258051,4,-2,29
1761622058.2950506,3,-3,30
1761622058.334051,-3,-2,34
1761622058.370051,-4,-1,27
1761622058.4080508,-1,-2,25
1761622058.4460506,-9,-3,25
1761622058.485051,-2,-4,33
1761622058.5210507,-4,0,34
1761622058.5580506,0,1,24
1761622058.5960507,3,-1,38
1761622058.6340508,-4,-4,48
1761622058.6700506,-7,0,37
1761622058.7080507,1,-2,38
1761622058.7460508,1,0,41
1761622058.7840507,0,-1,39
1761622058.8200507,5,-1,33
1761622058.8580508,4,-6,40
1761622058.8970506,0,-5,34
1761622058.9350507,-2,-5,28
1761622058.9710507,-4,-3,35
1761622059.0100508,1,-3,48
1761622059.0470507,9,-3,33
1761622059.0850508,1,0,30
1761622059.1210508,-7,2,32
1761622059.1580508,4,1,34
1761622059.1960506,-1,2,42
1761622059.2340508,-3,-4,32
1761622059.2700508,0,0,30
1761622059.3080506,5,0,29
1761622059.3460507,4,-10,33
1761622059.3840508,-4,6,45
1761622059.4200506,0,-4,46
1761622059.4580507,-3,0,37
1761622059.4960508,-3,-11,31
1761622059.5340507,-10,-6,21
1761622059.5700507,-6,0,23
1761622059.6080508,-9,-6,36
1761622059.6460507,-3,0,29
1761622059.6820507,0,-3,23
1761622059.7190506,-2,-6,23
1761622059.7570508,-8,-1,29
1761622059.7960508,-5,0,39
1761622059.8320508,-11,0,34
1761622059.8690507,1,-7,31
1761622059.9060507,-7,-6,32
1761622059.9450507,1,-2,41
1761622059.9810507,5,-5,41
1761622060.018051,2,-4,37
1761622060.0560508,2,-1,34
1761622060.0920508,-2,5,33
1761622060.1290507,0,0,37
1761622060.1670508,2,-3,29
1761622060.2050507,-7,0,29
1761622060.2410507,0,6,25
1761622060.278051,-3,-1,31
1761622060.3160508,0,-1,42
1761622060.3520508,-2,-7,38
1761622060.3900506,-1,-3,39
1761622060.4270508,-4,-5,28
1761622060.4660506,0,-1,28
1761622060.5020506,1,2,24
1761622060.5390508,-2,-3,38
1761622060.5770507,-1,2,27
1761622060.6150508,2,-7,37
1761622060.6510508,-6,-9,37
1761622060.6880507,-9,-14,20
1761622060.7270508,-4,-2,15
1761622060.7650506,-5,-4,24
1761622060.801051,-4,-2,33
1761622060.8380508,-8,-1,27
1761622060.8770506,1,-1,41
1761622060.9150507,-2,-9,31
1761622060.9510508,-8,-10,29
1761622060.9880507,-2,-7,36
1761622061.0270507,1,-4,39
1761622061.0650508,0,0,37
1761622061.1010506,-4,-4,33
1761622061.1380508,-2,-1,35
1761622061.1770508,-9,-3,40
1761622061.2150507,-7,-6,39
1761622061.2510507,-5,-7,36
1761622061.288051,-2,-4,32
1761622061.3270507,-3,-3,29
1761622061.3650508,0,2,31
1761622061.4010508,3,0,29
1761622061.4380507,7,2,30
1761622061.4760506,0,-2,39
1761622061.5120506,1,-8,53
1761622061.5490508,-2,-9,44
1761622061.587051,2,-7,47
1761622061.6260507,-2,-1,38
1761622061.6620507,-4,-1,35
1761622061.7000508,-3,-6,43
1761622061.7380507,-5,0,28
1761622061.7770507,-7,-2,33
1761622061.8130507,0,-1,26
1761622061.8510506,-1,-3,18
1761622061.8890507,-1,-2,24
1761622061.9270508,-4,-8,36
1761622061.9660506,5,-3,33
1761622062.0020506,8,-4,43
1761622062.0390508,0,-2,37
1761622062.0770507,0,5,47
1761622062.1130507,0,5,54
1761622062.1500506,-9,0,30
1761622062.1880507,-7,-3,29
1761622062.2270508,-1,-4,29
1761622062.2630508,-1,0,29
1761622062.3000507,-3,-3,32
1761622062.3380508,2,-8,31
1761622062.3770506,0,-3,32
1761622062.413051,0,-8,25
1761622062.4500508,-4,-2,29
1761622062.4880507,1,0,35
1761622062.5260508,4,-2,33
1761622062.5620508,1,0,36
1761622062.6000507,-6,-8,26
1761622062.6380508,-5,-4,33
1761622062.6770508,0,-2,34
1761622062.7130508,5,-3,33
1761622062.7500508,3,-7,26
1761622062.788051,0,-9,42
1761622062.8260508,-4,-5,47
1761622062.8620508,-1,-4,29
1761622062.8990507,0,-4,31
1761622062.9370508,-2,-4,32
1761622062.9730508,2,-3,32
1761622063.0110507,5,3,26
1761622063.0480506,-2,0,39
1761622063.0860507,-1,0,40
1761622063.1220508,-5,0,48
1761622063.1590507,-5,0,33
1761622063.1970508,4,0,39
1761622063.2330508,0,-6,38
1761622063.2700508,-1,-5,25
1761622063.3080506,1,-1,38
1761622063.3460507,1,2,34
1761622063.3820508,1,-1,36
1761622063.4190507,0,-2,23
1761622063.4570508,-6,0,40
1761622063.4930508,-3,-1,29
1761622063.5300508,-3,-7,35
1761622063.5680506,0,2,25
1761622063.6060507,-1,-3,23
1761622063.6420507,3,-8,33
1761622063.6800506,1,-2,22
1761622063.7180507,1,0,27
1761622063.7560508,3,-6,30
1761622063.7930508,7,0,29
1761622063.8300507,1,0,22
1761622063.8680508,-7,-1,29
1761622063.9060507,1,0,39
1761622063.9420507,0,2,35
1761622063.9800508,-3,-5,25
1761622064.018051,2,-4,31
1761622064.0540507,-3,1,21
1761622064.0910506,6,-1,44
1761622064.1290507,0,0,44
1761622064.1670508,-6,-7,40
1761622064.2030506,-4,-5,34
1761622064.2410507,-5,-6,30
1761622064.278051,-4,-1,23
1761622064.3170507,-6,-2,27
1761622064.3530507,0,-1,25
1761622064.3910508,4,-2,26
1761622064.4280508,-1,-1,32
1761622064.4670508,-2,-3,28
1761622064.5030508,1,-4,31
1761622064.541051,2,-5,38
1761622064.5780506,2,-4,48
1761622064.6150508,0,-5,41
1761622064.6520507,2,0,35
1761622064.689051,0,-3,38
1761622064.7280507,0,6,39
1761622064.7640507,-3,1,36
1761622064.8020508,-6,0,22
1761622064.8390508,-2,-2,32
1761622064.8780508,-1,-7,39
1761622064.9150507,-1,-2,35
1761622064.9520507,0,-6,41
1761622064.9890506,1,-5,35
1761622065.0270507,0,1,34
1761622065.0630507,-4,-2,46
1761622065.1010506,-4,2,36
1761622065.1390507,2,0,39
1761622065.1770508,-5,-6,36
1761622065.2130508,-7,-3,39
1761622065.2510507,-4,-7,42
1761622065.2890508,3,-6,40
1761622065.3280506,1,-2,29
1761622065.3640506,6,2,30
1761622065.4010508,-5,9,24
1761622065.439051,-5,4,23
1761622065.4780507,-8,0,37
1761622065.5140507,-2,-2,36
1761622065.551051,0,0,37
1761622065.5890508,3,0,29
1761622065.6270506,6,-3,26
1761622065.663051,6,-3,28
1761622065.709051,-2,-8,23
1761622065.7470508,-3,-7,37
1761622065.7830508,-1,-10,39
1761622065.8200507,0,0,36
1761622065.8580508,-4,1,46
1761622065.8940508,-1,-6,39
1761622065.9310508,0,-2,28
1761622065.9690506,3,-4,36
1761622066.0070508,-4,-3,21
1761622066.0430508,-1,3,32
1761622066.0810506,0,0,31
1761622066.1190507,1,-2,43
1761622066.1550508,-2,-3,34
1761622066.1930506,-4,-5,33
1761622066.2310507,4,-7,41
1761622066.2690508,7,-6,34
1761622066.3050506,2,-3,29
1761622066.3420508,0,1,28
1761622066.3790507,0,6,24
1761622066.4150507,-2,6,33
1761622066.4530506,0,-7,33
1761622066.4910507,-4,-10,36
1761622066.5290508,-2,-5,26
1761622066.5680506,-3,-1,28
1761622066.6040506,-1,4,38
1761622066.6410508,-2,-4,42
1761622066.6790507,1,-2,40
1761622066.7150507,0,1,31
1761622066.7520506,0,0,25
1761622066.7900507,0,1,19
1761622066.8280506,1,3,37
1761622066.8640506,3,0,38
1761622066.9010508,-3,1,39
1761622066.939051,3,-4,42
1761622066.9780507,-3,-8,40
1761622067.0140507,4,-4,34
1761622067.051051,0,-5,41
1761622067.0890508,-2,-4,29
1761622067.1250508,0,-5,28
1761622067.1620507,0,-4,34
1761622067.2000508,1,-4,42
1761622067.2380507,-2,-6,33
1761622067.2750506,0,-8,47
1761622067.3120508,5,0,31
1761622067.3500507,-4,-2,28
1761622067.3880508,1,-2,33
1761622067.4240508,3,-3,24
1761622067.462051,-7,2,40
1761622067.5000508,-2,0,34
1761622067.538051,0,0,48
1761622067.574051,-4,-3,43
1761622067.6120508,-1,-8,29
1761622067.6500506,0,2,29
1761622067.6880507,0,6,29
1761622067.7240508,1,-3,23
1761622067.7610507,0,-1,29
1761622067.8000507,3,-6,32
1761622067.8380508,9,-5,36
1761622067.8750508,0,-5,38
1761622067.9120507,-1,1,19
1761622067.9500508,-3,1,41
1761622067.9880507,-4,-1,40
1761622068.0240507,-2,-3,36
1761622068.0620508,1,-6,34
1761622068.1000507,1,1,38
1761622068.1380508,-3,-6,36
1761622068.1740508,1,-5,34
1761622068.212051,0,-1,31
1761622068.2500508,-3,-5,28
1761622068.2860508,-2,-6,29
1761622068.3230507,-6,-7,32
1761622068.3610508,0,0,35
1761622068.3990507,1,0,28
1761622068.4350507,1,0,28
1761622068.472051,-1,2,26
1761622068.5100508,8,-2,36
1761622068.5460508,3,0,25
1761622068.5830507,4,-6,31
1761622068.620051,-7,-6,24
1761622068.6590507,-8,-1,27
1761622068.6950507,-5,1,23
1761622068.732051,7,-7,39
1761622068.7700508,3,-3,38
1761622068.8060508,0,-4,26
1761622068.8440506,3,0,32
1761622068.8820508,1,-2,44
1761622068.9200506,2,-6,31
1761622068.9560506,3,-6,36
1761622068.9940507,-2,-4,40
1761622069.0320508,-6,-4,34
1761622069.0700507,2,0,24
1761622069.1060507,-2,-2,28
1761622069.1440508,-8,0,19
1761622069.1810508,-2,4,26
1761622069.2200508,9,2,33
1761622069.2560508,6,1,39
1761622069.2940507,6,0,28
1761622069.3310506,7,1,26
1761622069.370051,3,0,24
1761622069.4060507,0,3,24
1761622069.4440508,3,0,28
1761622069.482051,-6,-3,41
1761622069.5200508,0,-5,38
1761622069.5560508,-3,5,36
1761622069.5940506,2,0,37
1761622069.6320508,0,1,37
1761622069.6700506,-2,-7,39
1761622069.7060506,3,-10,37
1761622069.7430508,-4,-3,24
1761622069.7810507,-2,4,33
1761622069.8200507,-3,-1,37
1761622069.8560507,-5,-4,44
1761622069.8940508,1,0,37
1761622069.9310508,1,0,37
1761622069.9700508,0,0,30
1761622070.0060508,2,3,24
1761622070.0430508,-3,-5,37
1761622070.0810506,-1,-5,37
1761622070.120051,-4,-3,36
1761622070.1560507,-8,0,38
1761622070.1930506,0,1,28
1761622070.2310507,2,-3,41
1761622070.2690508,-1,4,26
1761622070.3050506,1,-6,31
1761622070.3420508,-4,-9,30
1761622070.3810508,1,-11,38
1761622070.4170508,1,-9,40
1761622070.4540508,-2,-4,25
1761622070.4920506,6,-12,30
1761622070.5300508,3,-13,31
1761622070.5660508,5,-7,37
1761622070.6030507,-1,-1,29
1761622070.6410508,-1,1,26
1761622070.6770508,-6,-5,26
1761622070.7140508,-6,0,33
1761622070.7510507,-8,-1,33
1761622070.7900507,-1,0,37
1761622070.8260508,6,2,27
1761622070.8630507,1,3,30
1761622070.9010508,-2,1,25
1761622070.9370508,-4,-1,22
1761622070.9740508,-1,-2,30
1761622071.0130508,1,-3,37
1761622071.051051,-2,-1,40
1761622071.087051,-4,3,38
1761622071.1240506,-1,4,35
1761622071.1610508,1,0,37
1761622071.1970508,2,2,34
1761622071.2340508,-7,-3,33
1761622071.2720506,0,-4,41
1761622071.3100507,0,-6,35
1761622071.3460507,0,-10,29
1761622071.383051,8,-12,27
1761622071.4220507,3,-3,31
1761622071.4600508,2,-8,21
1761622071.4960508,4,-5,22
1761622071.5330508,-5,2,33
1761622071.5720508,-2,7,37
1761622071.610051,0,0,24
1761622071.6460507,5,4,24
1761622071.6830506,0,6,34
1761622071.7210507,-4,0,46
1761622071.7570508,-3,-5,37
1761622071.7950506,4,-1,33
1761622071.8320508,4,3,38
1761622071.870051,3,6,28
1761622071.9060507,-7,0,27
1761622071.9430506,-3,0,35
1761622071.9810507,-1,0,38
1761622072.0170507,-8,2,27
1761622072.0540507,3,2,31
1761622072.0920508,-1,-4,27
1761622072.130051,3,-11,30
1761622072.166051,-2,2,25
1761622072.2040508,12,1,46
1761622072.2420506,5,-4,46
1761622072.2800508,0,2,38
1761622072.3160508,1,4,41
1761622072.3530507,-1,2,41
1761622072.3910508,-3,-2,31
1761622072.4270508,2,-2,28
1761622072.4640508,4,-4,28
1761622072.5020506,2,0,26
1761622072.5400507,2,-2,30
1761622072.5760508,4,-2,36
1761622072.6130507,-4,-3,32
1761622072.6520507,3,-1,33
1761622072.6880507,-2,-1,29
1761622072.7250507,0,4,45
1761622072.7620506,-2,6,35
1761622072.7980506,0,0,31
1761622072.8350508,-2,1,33
1761622072.8720508,5,0,29
1761622072.9080508,4,0,37
1761622072.9450507,0,0,39
1761622072.982051,1,-5,36
1761622073.018051,1,0,35
1761622073.0550506,8,-8,48
1761622073.0920508,3,-2,42
1761622073.1310508,-4,6,35
1761622073.1670508,2,2,35
1761622073.2040508,0,2,32
1761622073.2420506,-1,-3,37
1761622073.278051,-4,1,31
1761622073.3160508,-1,0,24
1761622073.3540506,-6,-1,31
1761622073.3920507,-1,1,25
1761622073.4310508,-1,-2,25
1761622073.4670508,-3,-1,33
1761622073.505051,-12,1,47
1761622073.5430508,-12,-4,39
1761622073.5810506,-3,2,34
1761622073.6180508,0,0,45
1761622073.6550508,7,0,33
1761622073.6930506,-1,1,36
1761622073.7310507,0,-4,30
1761622073.7670507,0,-8,28
1761622073.8050506,5,-5,26
1761622073.8430507,2,0,29
1761622073.8810508,0,0,32
1761622073.9180508,-2,-1,25
1761622073.9550507,0,3,29
1761622073.9930508,0,-1,22
1761622074.0310507,1,-10,23
1761622074.0670507,5,-4,37
1761622074.1040506,1,0,33
1761622074.1420507,-4,-2,35
1761622074.1790507,1,5,25
1761622074.2160506,1,0,24
1761622074.2530508,-2,-5,20
1761622074.2920508,-1,0,20
1761622074.3280506,-3,0,34
1761622074.3660507,-3,2,30
1761622074.403051,0,-3,33
1761622074.4410508,1,0,24
1761622074.4770508,-2,0,25
1761622074.5140507,-8,-5,40
1761622074.5530508,-1,1,33
1761622074.5910506,-1,8,34
1761622074.6270506,1,6,41
1761622074.6640508,-3,0,36
1761622074.7020507,-8,-4,38
1761622074.7380507,-6,-8,34
1761622074.7750506,-3,-7,30
1761622074.8130507,8,-6,26
1761622074.8520508,-3,-7,48
1761622074.8880508,0,-6,40
1761622074.9250507,2,-5,31
1761622074.9630508,-4,-3,26
1761622074.9990506,-3,2,30
1761622075.0360508,7,7,33
1761622075.0730507,-4,-4,35
1761622075.1120508,0,0,35
1761622075.1480508,-3,2,38
1761622075.1850507,-2,1,39
1761622075.2230508,2,-5,35
1761622075.2600508,9,0,43
1761622075.2970507,3,0,33
1761622075.334051,-2,-3,27
1761622075.3730507,5,-2,44
1761622075.4090507,4,-7,32
1761622075.4460506,0,-2,36
1761622075.4840508,-2,-2,32
1761622075.5230508,-3,0,21
1761622075.5590508,1,1,34
1761622075.5960507,-2,-1,35
1761622075.6340508,-1,-2,32
1761622075.6730506,-3,5,40
1761622075.7170508,-5,3,30
1761622075.755051,-5,-1,36
1761622075.7940507,-2,0,26
1761622075.8320508,-7,4,28
1761622075.8680508,0,1,33
1761622075.9050508,2,0,31
1761622075.9430506,-3,-3,25
1761622075.9790506,-1,-2,30
1761622076.0160508,-2,2,29
1761622076.0540507,-1,1,43
1761622076.0920508,0,0,51
1761622076.1280508,5,0,38
1761622076.1650507,0,-4,32
1761622076.2040508,-2,-3,56
1761622076.2420506,-8,-6,51
1761622076.278051,-1,-6,41
1761622076.3150508,-2,-4,36
1761622076.3540506,-7,-1,32
1761622076.3920507,-7,1,36
1761622076.4280508,-4,1,38
1761622076.4650507,-4,0,54
1761622076.5030508,-3,-3,30
1761622076.5390508,-6,-2,25
1761622076.5770507,-2,0,25
1761622076.6140506,-8,-6,25
1761622076.653051,-1,0,29
1761622076.689051,-1,-1,29
1761622076.7270508,-8,-1,28
1761622076.7640507,1,0,29
1761622076.8020508,-1,1,37
1761622076.8380508,4,3,43
1761622076.8750508,5,-4,35
1761622076.9140508,0,-6,31
1761622076.9500508,-2,-3,26
1761622076.9870508,0,1,31
1761622077.0240507,3,5,40
1761622077.0630507,0,-2,36
1761622077.0990508,1,0,38
1761622077.1370506,6,-1,30
1761622077.1740508,-2,-2,41
1761622077.2130508,2,-7,28
1761622077.2490506,-4,2,24
1761622077.2870507,1,-1,33
1761622077.3250508,0,-2,27
1761622077.3630507,7,1,39
1761622077.3990507,0,0,24
1761622077.4380507,3,-5,44
1761622077.4750507,7,-2,38
1761622077.5130508,7,0,25
1761622077.5490508,-1,-3,23
1761622077.587051,-7,-5,32
1761622077.6250508,-5,-7,34
1761622077.6640508,-6,-2,24
1761622077.7000508,-2,-3,26
1761622077.7380507,-2,-5,37
1761622077.7770507,-1,0,37
1761622077.814051,6,-3,42
1761622077.8530507,4,3,37
1761622077.8890507,5,-1,37
1761622077.9270508,2,-4,24
1761622077.9650507,0,-2,43
1761622078.0030508,0,-8,33
1761622078.0390508,-5,-8,28
1761622078.0760508,3,-3,24
1761622078.1150508,8,-5,28
1761622078.153051,-1,-3,31
1761622078.189051,-4,-7,28
1761622078.2270508,-1,-1,29
1761622078.2650506,-6,1,33
1761622078.3030508,0,0,37
1761622078.3390508,2,10,30
1761622078.3770506,-2,8,40
1761622078.4150507,9,0,41
1761622078.4530506,1,-14,30
1761622078.4890506,0,-6,32
1761622078.5260508,1,-4,29
1761622078.5650508,0,-2,29
1761622078.6030507,-4,0,23
1761622078.6390507,-2,-1,23
1761622078.6770508,7,6,34
1761622078.7150507,-1,-7,37
1761622078.7530508,-5,1,29
1761622078.7890508,-3,-10,32
1761622078.8260508,1,1,30
1761622078.8650508,0,-3,33
1761622078.903051,-8,-2,43
1761622078.939051,-10,-1,32
1761622078.9770508,-3,-1,33
1761622079.0150506,0,2,26
1761622079.0530508,-7,-7,40
1761622079.0890508,-6,-7,30
1761622079.1260507,2,-5,28
1761622079.1650507,4,-3,33
1761622079.2010508,0,-4,38
1761622079.2390506,0,-1,39
1761622079.2760508,0,-1,33
1761622079.3150508,0,-3,37
1761622079.3520508,9,0,35
1761622079.3890507,11,-5,26
1761622079.426051,0,-2,30
1761622079.4650507,6,-9,33
1761622079.5010507,-7,-6,39
1761622079.5390508,2,1,38
1761622079.5760508,0,9,40
1761622079.6150508,-7,2,41
1761622079.6510508,-1,0,35
1761622079.6880507,-3,3,31
1761622079.7260506,0,-3,48
1761622079.7650506,0,-11,33
1761622079.801051,0,-6,46
1761622079.8380508,-4,-1,48
1761622079.8760507,0,-2,28
1761622079.9150507,0,2,31
1761622079.9510508,0,0,34
1761622079.9880507,0,-1,22
1761622080.0250506,1,0,33
1761622080.061051,0,-2,34
1761622080.0980508,2,0,36
1761622080.1360507,3,-5,38
1761622080.1740508,-4,1,37
1761622080.2100508,-5,-3,26
1761622080.2470508,-2,-4,32
1761622080.2860508,-4,-5,27
1761622080.324051,0,0,19
1761622080.360051,-2,-5,30
1761622080.3970506,8,-4,34
1761622080.4350507,0,-6,38
1761622080.4710507,-2,-5,41
1761622080.5100508,-3,-4,46
1761622080.5470507,-2,-7,36
1761622080.5860507,7,-1,33
1761622080.6240506,8,4,45
1761622080.6600506,0,3,28
1761622080.6970508,0,2,42
1761622080.735051,-5,0,41
1761622080.7710507,1,-1,40
1761622080.8080506,1,-3,39
1761622080.8460507,7,-3,26
1761622080.8850508,5,-5,23
1761622080.9210508,-3,-3,26
1761622080.9580507,-3,-1,27
1761622080.9970508,0,6,38
1761622081.0350506,1,-1,37
1761622081.0710506,-4,4,37
1761622081.1080508,-10,3,46
1761622081.1460507,-4,7,41
1761622081.1850507,0,1,46
1761622081.2210507,5,7,43
1761622081.258051,-3,-2,39
1761622081.2960508,0,-1,31
1761622081.3350508,-6,-3,37
1761622081.3710508,-1,0,32
1761622081.4080508,-7,0,28
1761622081.4460506,-10,-4,44
1761622081.485051,1,1,30
1761622081.5210507,3,2,37
1761622081.5580506,0,5,25
1761622081.5960507,2,8,33
1761622081.6320508,0,0,27
1761622081.6710508,-7,1,22
1761622081.7080507,0,4,24
1761622081.7460508,10,3,21
1761622081.7820508,3,4,28
1761622081.8200507,3,0,35
1761622081.857051,-2,-1,47
1761622081.8960507,-5,0,39
1761622081.9320507,-5,0,46
1761622081.9700508,-6,3,45
1761622082.0070508,-6,2,19
1761622082.0460508,2,-7,25
1761622082.0820508,3,-4,33
1761622082.120051,-1,-7,39
1761622082.1580508,-8,-3,35
1761622082.1970508,-8,-3,40
1761622082.235051,-5,-6,36
1761622082.2710507,-1,-8,26
1761622082.3080506,-3,-1,30
1761622082.347051,3,-7,34
1761622082.3850508,-5,-4,30
1761622082.4210508,-4,-3,36
1761622082.4580507,-5,-6,32
1761622082.4970508,-1,2,35
1761622082.5350506,-4,0,30
1761622082.5710506,-5,-7,23
1761622082.6080508,0,-7,29
1761622082.6470506,2,-6,39
1761622082.6850507,-3,-7,34
1761622082.7210507,1,-8,32
1761622082.758051,-8,-1,33
1761622082.7970507,-2,-2,23
1761622082.8350508,3,-3,25
1761622082.8710508,0,-1,43
1761622082.9080508,-8,0,40
1761622082.9460506,-1,-3,39
1761622082.982051,-10,-5,30
1761622083.0200508,-6,-3,27
1761622083.0580506,-7,3,30
1761622083.0960507,0,-4,31
1761622083.1320508,-1,-4,31
1761622083.1700506,0,6,36
1761622083.2070508,7,1,39
1761622083.2460508,0,0,27
1761622083.2820508,4,1,31
1761622083.3190508,3,5,28
1761622083.357051,0,4,37
1761622083.393051,-2,-2,42
1761622083.4300506,2,0,48
1761622083.4670508,7,-7,35
1761622083.5060508,2,-4,35
1761622083.5420508,-4,0,26
1761622083.5800507,-5,3,31
1761622083.6170506,0,-4,36
1761622083.653051,-5,-1,31
1761622083.6900508,1,4,32
1761622083.7270508,3,-2,37
1761622083.7630508,-2,0,36
1761622083.801051,-7,1,35
1761622083.8380508,-1,2,43
1761622083.8760507,0,-10,34
1761622083.9120507,12,-4,27
1761622083.949051,4,-5,30
1761622083.9870508,-1,0,38
1761622084.0230508,6,-3,32
1761622084.0600507,4,3,32
1761622084.0980508,-3,-2,25
1761622084.1370506,-3,-12,35
1761622084.1730506,5,-7,35
1761622084.2100508,11,-4,42
1761622084.2480507,1,-5,43
1761622084.2870507,-5,0,33
1761622084.3230507,3,2,35
1761622084.360051,4,-6,38
1761622084.3980508,1,-2,39
1761622084.436051,-2,-1,56
1761622084.472051,3,-1,41
1761622084.5090508,-2,0,30
1761622084.5480506,-3,-3,34
1761622084.5860507,-2,1,28
1761622084.6220508,0,0,25
1761622084.6590507,4,0,40
1761622084.6970508,3,-5,31
1761622084.7330508,2,-4,26
1761622084.7710507,-1,1,30
1761622084.8080506,2,0,36
1761622084.8460507,-2,4,46
1761622084.883051,2,-4,44
1761622084.9200506,-3,0,43
1761622084.9580507,4,0,39
1761622084.9960508,8,0,33
1761622085.0320508,3,0,29
1761622085.0690508,2,-1,35
1761622085.107051,-9,-5,35
1761622085.143051,-7,-9,19
1761622085.1800506,0,-11,28
1761622085.2180507,1,-5,37
1761622085.2560508,-4,-4,46
1761622085.2930508,-4,-1,41
1761622085.3300507,6,0,31
1761622085.3680508,5,0,32
1761622085.4060507,0,-3,26
1761622085.4420507,1,-1,26
1761622085.4800508,2,0,32
1761622085.518051,0,-4,31
1761622085.5560508,4,-9,35
1761622085.5920508,7,-5,37
1761622085.630051,2,-2,25
1761622085.6680508,-3,-2,30
1761622085.7040508,-2,-6,37
1761622085.755051,1,-5,36
1761622085.791051,-2,-3,37
1761622085.8290508,-4,-5,31
1761622085.8680508,0,0,42
1761622085.9040508,0,0,36
1761622085.9410508,-6,1,34
1761622085.9800508,-3,2,39
1761622086.018051,-1,8,31
1761622086.0540507,-1,3,32
1761622086.0910506,4,9,24
1761622086.1280508,1,1,24
1761622086.1670508,0,1,34
1761622086.2030506,0,6,32
1761622086.2400508,-2,3,36
1761622086.278051,2,3,41
1761622086.314051,4,3,43
1761622086.3510506,-1,5,38
1761622086.3880508,-3,3,47
1761622086.4240508,3,0,53
1761622086.4610507,1,-3,50
1761622086.4980507,1,0,40
1761622086.5370507,0,2,36
1761622086.5730507,-1,1,27
1761622086.610051,-1,0,35
1761622086.6480508,-2,-2,34
1761622086.6840508,1,-8,37
1761622086.7210507,0,0,34
1761622086.7590508,1,0,39
1761622086.7970507,0,0,29
1761622086.8330507,-1,-6,32
1761622086.8710508,3,1,39
1761622086.9090507,0,-1,38
1761622086.9470508,6,2,37
1761622086.9830508,-10,-3,46
1761622087.0210507,-4,-5,40
1761622087.0590508,0,-6,33
1761622087.0980508,-1,-1,31
1761622087.1340508,-2,0,30
1761622087.1710508,-2,-4,37
1761622087.209051,2,-2,32
1761622087.2480507,0,1,29
1761622087.2840507,2,-5,32
1761622087.3210506,0,-2,36
1761622087.360051,0,-3,38
1761622087.3980508,3,-2,33
1761622087.4340508,2,0,36
1761622087.4710507,-4,0,32
1761622087.5090508,1,0,46
1761622087.5470507,-1,0,39
1761622087.5830507,-6,-6,39
1761622087.6210508,1,-4,46
1761622087.6590507,3,-1,30
1761622087.6970508,2,-1,30
1761622087.7330508,-7,-2,27
1761622087.7700508,-1,-2,39
1761622087.8090508,3,2,33
1761622087.847051,5,3,30
1761622087.883051,6,4,35
1761622087.9210508,4,3,44
1761622087.959051,-4,0,33
1761622087.995051,-4,0,29
1761622088.0340507,-2,6,31
1761622088.0710506,-7,-1,30
1761622088.1090508,-12,4,29
1761622088.1480508,0,-2,27
1761622088.1840508,-1,-3,29
1761622088.2210507,3,0,50
1761622088.2590508,0,-2,31
1761622088.2950506,-1,-3,32
1761622088.3330507,-2,-3,41
1761622088.3710508,-1,-6,39
1761622088.4090507,1,-4,32
1761622088.4480507,-1,-5,20
1761622088.4840508,0,-2,31
1761622088.5210507,0,5,40
1761622088.5590508,0,1,33
1761622088.5950508,-4,-5,41
1761622088.633051,-2,-4,43
1761622088.6710508,2,-8,45
1761622088.709051,-1,0,52
1761622088.745051,0,2,42
1761622088.7830508,0,8,35
1761622088.8200507,-1,-3,32
1761622088.8590508,4,0,31
1761622088.8950508,6,-2,36
1761622088.9320507,1,-8,36
1761622088.9700508,7,-8,35
1761622089.0090508,4,-3,22
1761622089.0450506,4,-1,26
1761622089.0820508,-2,0,30
1761622089.120051,-3,-3,33
1761622089.1590507,-4,2,32
1761622089.1950507,-4,-1,36
1761622089.232051,0,-7,35
1761622089.2700508,-2,-6,36
1761622089.3080506,0,-7,34
1761622089.3440506,3,-7,33
1761622089.3810508,0,-7,36
1761622089.4200506,-1,-2,30
1761622089.4580507,-5,-11,36
1761622089.4940507,-4,-10,22
1761622089.5320508,-3,-5,22
1761622089.5700507,4,0,32
1761622089.6090508,-2,6,35
1761622089.6450508,2,-1,35
1761622089.6820507,4,-6,26
1761622089.7200508,5,2,35
1761622089.7590508,0,-3,29
1761622089.7950506,-2,-4,23
1761622089.8330507,-9,-6,19
1761622089.8710508,-2,-6,24
1761622089.9100506,-1,-10,30
1761622089.9460506,-5,-2,29
1761622089.9830508,-5,4,32
1761622090.0210507,-8,-3,18
1761622090.0600507,-2,-2,19
1761622090.0960507,-1,-5,20
1761622090.133051,3,-5,32
1761622090.1700506,-2,-1,29
1761622090.209051,0,-6,35
1761622090.245051,-6,-2,35
1761622090.2820508,-1,0,29
1761622090.3200507,-1,0,25
1761622090.3560507,4,-4,29
1761622090.393051,1,0,29
1761622090.4300506,0,-4,21
1761622090.4660506,1,-1,32
1761622090.5030508,-6,1,50
1761622090.541051,2,5,49
1761622090.5790508,-1,0,36
1761622090.6150508,-3,-7,36
1761622090.6520507,-4,-8,33
1761622090.6900508,-2,-5,26
1761622090.7290506,1,1,31
1761622090.7650506,7,-4,40
1761622090.8020508,0,-5,36
1761622090.8400507,-5,1,29
1761622090.8760507,-10,5,26
1761622090.913051,-5,0,32
1761622090.9510508,-3,1,35
1761622090.9890506,-3,-7,28
1761622091.0260508,-5,-7,36
1761622091.0630507,-6,-11,33
1761622091.1010506,0,-3,32
1761622091.1390507,-11,-3,27
1761622091.1750507,-4,-1,30
1761622091.2130508,-6,-2,44
1761622091.2510507,-6,0,35
1761622091.2890508,0,-6,30
1761622091.3250508,-3,-5,29
1761622091.3630507,-7,-3,34
1761622091.4010508,-1,-2,27
1761622091.4400508,-3,-6,29
1761622091.4760506,-2,-9,36
1761622091.5130508,2,-10,37
1761622091.551051,-5,0,26
1761622091.5890508,5,-1,30
1761622091.6250508,9,2,27
1761622091.6620507,7,8,33
1761622091.7010508,-3,5,24
1761622091.7390506,-1,-3,32
1761622091.7750506,-4,-2,35
1761622091.8120508,1,3,38
1761622091.8500507,-10,1,35
1761622091.8860507,-6,0,38
1761622091.9230506,-2,1,27
1761622091.9610507,-6,-3,31
1761622092.0000508,-8,-3,24
1761622092.0360508,-6,-3,23
1761622092.0730507,1,2,23
1761622092.1110508,10,8,37
1761622092.1470506,4,16,33
1761622092.1840508,2,3,32
1761622092.2210507,1,1,44
1761622092.2570508,-1,-3,36
1761622092.2940507,-1,0,22
1761622092.3310506,2,-2,25
1761622092.370051,0,-1,31
1761622092.4060507,4,0,30
1761622092.4440508,5,-3,34
1761622092.4810507,-3,-2,34
1761622092.5200508,-1,-4,25
1761622092.5560508,-4,-3,30
1761622092.5940506,-2,-3,30
1761622092.633051,-2,0,36
1761622092.6710508,0,3,29
1761622092.7070508,-2,4,40
1761622092.7440507,-3,-4,30
1761622092.7820508,-3,-2,24
1761622092.8210506,-9,-4,32
1761622092.857051,-8,0,36
1761622092.8940508,-5,-2,36
1761622092.9320507,4,-3,26
1761622092.9710507,2,-7,32
1761622093.0070508,7,-3,38
1761622093.0440507,0,5,42
1761622093.0820508,6,-2,34
1761622093.120051,-1,-3,38
1761622093.1560507,-3,0,29
1761622093.1940508,-5,-5,32
1761622093.232051,-3,-6,41
1761622093.2710507,-1,0,40
1761622093.3070507,0,0,41
1761622093.3440506,-10,-1,31
1761622093.383051,-2,-10,39
1761622093.4210508,-4,-5,40
1761622093.4570508,-1,-1,36
1761622093.4940507,-5,-1,39
1761622093.5330508,-2,0,29
1761622093.5710506,-5,1,27
1761622093.607051,-3,0,32
1761622093.6440508,-7,-5,34
1761622093.6820507,-8,0,34
1761622093.7210507,-6,1,36
1761622093.7570508,-3,-1,31
1761622093.7940507,1,-4,37
1761622093.8320508,-8,-4,39
1761622093.8710508,1,3,28
1761622093.9070508,3,0,25
1761622093.9440508,-5,-1,33
1761622093.982051,-2,-8,46
1761622094.0210507,0,-7,30
1761622094.0570507,-7,-10,36
1761622094.0940506,1,5,35
1761622094.1320508,-1,2,40
1761622094.1700506,-4,0,34
1761622094.2060506,-3,-5,37
1761622094.2440507,6,3,42
1761622094.2820508,-1,1,38
1761622094.3180506,-7,0,40
1761622094.3550508,-1,4,35
1761622094.3920507,-8,4,45
1761622094.4280508,1,0,36
1761622094.4650507,0,1,37
1761622094.5020506,0,-6,39
1761622094.541051,-5,-11,38
1761622094.5770507,-5,-7,40
1761622094.6160507,-3,-6,42
1761622094.653051,-7,1,34
1761622094.6910508,-3,-2,38
1761622094.7270508,-2,-2,36
1761622094.7640507,3,2,29
1761622094.8020508,2,2,30
1761622094.8380508,0,-1,27
1761622094.8750508,3,-2,28
1761622094.9120507,-3,-1,37
1761622094.9510508,-2,-5,39
1761622094.9870508,-8,-8,32
1761622095.0250506,2,-7,35
1761622095.0620508,3,-2,35
1761622095.0980508,-2,0,36
1761622095.1360507,-6,0,28
1761622095.1730506,-8,0,34
1761622095.2110507,0,-4,25
1761622095.2470508,5,2,28
1761622095.2840507,3,3,32
1761622095.3220508,0,-7,34
1761622095.3580508,-1,-4,33
1761622095.3950508,0,1,37
1761622095.4330506,2,-6,32
1761622095.4710507,0,1,35
1761622095.5070508,-2,5,40
1761622095.5450506,0,1,40
1761622095.5830507,-1,2,33
1761622095.6210508,0,6,31
1761622095.6580508,0,-1,34
1761622095.6950507,1,1,26
1761622095.7330508,0,0,27
1761622095.778051,7,-3,31
1761622095.8160508,11,-2,26
1761622095.8530507,5,-2,33
1761622095.8910508,1,-7,36
1761622095.9270508,-1,0,37
1761622095.9640508,3,-1,33
1761622096.0020506,4,0,32
1761622096.038051,7,0,35
1761622096.0750508,5,3,30
1761622096.1130507,3,6,33
1761622096.1510508,2,0,27
1761622096.1870508,1,2,34
1761622096.2240508,-1,5,29
1761622096.2630508,0,-1,22
1761622096.301051,5,0,30
1761622096.337051,0,-2,31
1761622096.3740506,4,4,33
1761622096.4120507,2,5,32
1761622096.4480507,5,2,32
1761622096.4860508,3,-5,28
1761622096.5230508,5,-2,34
1761622096.5590508,0,-3,32
1761622096.5960507,-2,-3,37
1761622096.6340508,-2,3,35
1761622096.6730506,-6,0,34
1761622096.709051,-2,1,34
1761622096.7470508,1,1,26
1761622096.7840507,4,4,31
1761622096.8220508,0,0,7
1761622096.8580508,2,0,23
1761622096.8950508,-3,-4,29
1761622096.9330506,0,-4,32
1761622096.9690506,-8,0,37
1761622097.0060508,-3,3,35
1761622097.0430508,0,-1,32
1761622097.0790508,-2,0,34
1761622097.1160507,1,0,25
1761622097.153051,4,-3,40
1761622097.189051,0,-5,40
1761622097.2260506,-2,-9,41
1761622097.2640507,-3,-4,41
1761622097.3030508,-3,3,38
1761622097.3390508,-2,-4,26
1761622097.3780508,-4,0,40
1761622097.4150507,-2,1,36
1761622097.4530506,0,-2,33
1761622097.4890506,2,5,35
1761622097.5260508,12,1,33
1761622097.564051,-1,-3,18
1761622097.6020508,8,0,22
1761622097.6380508,3,-4,28
1761622097.676051,-12,0,24
1761622097.7150507,0,5,26
1761622097.7530508,1,3,31
1761622097.7890508,0,-3,20
1761622097.8260508,1,-3,33
1761622097.8640506,-4,-1,32
1761622097.9020507,0,-3,26
1761622097.9380507,0,-3,29
1761622097.9760506,1,-3,26
1761622098.0140507,6,3,39
1761622098.0520508,0,-8,35
1761622098.0880508,-4,-10,25
1761622098.1260507,-3,-2,38
1761622098.1640508,5,-6,33
1761622098.2030506,1,1,26
1761622098.2390506,1,-2,28
1761622098.2760508,7,4,37
1761622098.314051,14,-2,21
1761622098.3520508,6,2,24
1761622098.3880508,5,2,23
1761622098.426051,4,0,32
1761622098.4640508,8,4,43
1761622098.5020506,2,0,33
1761622098.538051,1,-2,37
1761622098.5760508,2,-4,29
1761622098.6140506,-1,0,43
1761622098.6500506,10,0,38
1761622098.6870508,12,0,42
1761622098.7240508,3,0,38
1761622098.7600508,5,4,38
1761622098.7970507,4,-1,27
1761622098.8350508,8,-5,35
1761622098.8730507,4,-3,40
1761622098.9100506,4,-2,40
1761622098.9470508,5,-1,25
1761622098.985051,0,0,28
1761622099.0230508,-2,-3,38
1761622099.0590508,-6,-1,33
1761622099.0980508,-2,0,36
1761622099.1350508,0,-3,44
1761622099.1730506,-5,-6,43
1761622099.209051,-1,0,32
1761622099.2470508,5,-7,22
1761622099.2840507,-5,-2,32
1761622099.3230507,-2,0,50
1761622099.3590508,-1,7,47
1761622099.3970506,-1,-1,48
1761622099.4350507,1,3,31
1761622099.4730508,3,1,33
1761622099.5090508,9,1,42
1761622099.5460508,4,0,34
1761622099.584051,4,-6,34
1761622099.620051,8,0,34
1761622099.6570508,2,1,41
1761622099.6950507,0,0,43
1761622099.7330508,-1,0,31
1761622099.7690508,6,7,39
1761622099.8060508,-4,1,36
1761622099.8450508,6,-5,35
1761622099.883051,2,-8,23
1761622099.9190507,0,-5,22
1761622099.9570508,5,-12,20
1761622099.995051,2,-5,33
1761622100.0330508,2,-1,29
1761622100.0690508,-8,9,35
1761622100.1060507,-4,7,37
1761622100.1450508,0,6,38
1761622100.1830506,4,0,35
1761622100.2190506,0,-2,38
1761622100.2560508,0,3,37
1761622100.2950506,-4,-1,34
1761622100.3330507,-4,-5,24
1761622100.3690507,-1,-4,26
1761622100.4060507,0,0,28
1761622100.4440508,0,3,32
1761622100.4810507,0,3,31
1761622100.518051,-4,0,27
1761622100.5560508,0,2,41
1761622100.5940506,1,-3,45
1761622100.630051,0,-2,35
1761622100.6670508,1,-2,37
1761622100.7050507,1,-7,28
1761622100.7430508,-2,-11,28
1761622100.7790508,-2,-8,32
1761622100.8170507,0,-2,33
1761622100.8550508,0,1,27
1761622100.8910508,-2,4,31
1761622100.9280508,5,6,36
1761622100.9650507,3,0,41
1761622101.0010507,0,-1,38
1761622101.038051,5,-2,44
1761622101.0760508,6,-14,40
1761622101.1150508,3,-7,39
1761622101.1510508,-2,-2,44
1761622101.1880507,-1,1,31
1761622101.2260506,0,-1,27
1761622101.2640507,2,-2,27
1761622101.3000507,3,-3,38
1761622101.337051,0,0,33
1761622101.3750508,-4,-3,45
1761622101.4110508,-4,-5,43
1761622101.4480507,0,-5,26
1761622101.485051,5,-7,42
1761622101.5210507,6,-10,31
1761622101.5590508,1,-7,29
1761622101.5960507,2,3,26
1761622101.6350508,-6,4,29
1761622101.6710508,-1,-1,39
1761622101.709051,0,-2,35
1761622101.7460508,2,-5,34
1761622101.7850506,7,-1,29
1761622101.8210506,7,0,45
1761622101.8590508,-5,0,34
1761622101.8960507,1,2,36
1761622101.9340508,0,5,32
1761622101.9700508,-5,0,34
1761622102.0070508,-4,-4,28
1761622102.0460508,-10,-3,32
1761622102.084051,0,-3,36
1761622102.120051,-5,3,31
1761622102.1570508,-5,3,27
1761622102.1950507,-12,-2,38
1761622102.2310507,-4,1,49
1761622102.268051,-1,3,33
1761622102.3060508,-6,5,33
1761622102.3440506,-11,5,34
1761622102.380051,-3,-1,42
1761622102.4170508,-1,-2,30
1761622102.4560506,2,0,35
1761622102.4940507,6,-2,38
1761622102.5300508,1,0,31
1761622102.5670507,-3,4,33
1761622102.6050508,-6,5,36
1761622102.6410508,-3,6,36
1761622102.6780508,-5,2,37
1761622102.7160506,0,1,34
1761622102.7540507,-4,-6,34
1761622102.7900507,3,-7,31
1761622102.8270507,5,-3,43
1761622102.8650508,6,3,38
1761622102.9010508,7,5,32
1761622102.9380507,2,3,40
1761622102.9760506,1,0,39
1761622103.0120506,3,1,26
1761622103.0500507,-2,3,28
1761622103.087051,-4,3,36
1761622103.1250508,0,-4,48
1761622103.1610508,0,-1,43
1761622103.1980507,-7,2,26
1761622103.2360508,-1,5,34
1761622103.2720506,-2,7,33
1761622103.3090508,-3,6,32
1761622103.3460507,3,5,31
1761622103.3820508,-5,2,41
1761622103.4190507,-7,0,32
1761622103.4570508,-1,-5,37
1761622103.4960508,3,-5,40
1761622103.5320508,-7,-4,45
1761622103.5690508,0,-6,36
1761622103.607051,0,5,36
1761622103.6450508,0,-1,40
1761622103.6810508,1,-7,30
1761622103.7180507,-2,-2,34
1761622103.7570508,-3,-2,35
1761622103.7950506,-7,0,36
1761622103.8310506,-6,4,34
1761622103.8680508,-6,1,33
1761622103.9060507,-5,-4,41
1761622103.9420507,-10,0,42
1761622103.9790506,3,-1,37
1761622104.018051,6,3,37
1761622104.0560508,1,-9,44
1761622104.0920508,2,-10,38
1761622104.1290507,6,0,31
1761622104.1670508,-5,1,22
1761622104.2050507,-12,0,39
1761622104.2410507,1,-6,30
1761622104.278051,10,0,29
1761622104.3170507,-1,1,37
1761622104.3550508,-3,0,37
1761622104.3910508,4,-3,29
1761622104.4280508,0,0,31
1761622104.4670508,0,-7,30
1761622104.505051,0,-2,41
1761622104.541051,-2,0,32
1761622104.5790508,-6,0,33
1761622104.6170506,-7,-4,25
1761622104.6550508,-4,-3,36
1761622104.6910508,1,-7,38
1761622104.7280507,0,-6,45
1761622104.7660508,0,-1,34
1761622104.8020508,-2,-3,27
1761622104.8390508,-5,-4,42
1761622104.8770506,-6,-3,29
1761622104.916051,-1,-3,39
1761622104.9520507,4,-5,30
1761622104.9890506,0,-1,28
1761622105.0270507,9,-3,45
1761622105.0650508,-2,-6,40
1761622105.1010506,0,-1,55
1761622105.1380508,3,-4,45
1761622105.176051,1,-6,33
1761622105.212051,-3,-3,31
1761622105.2510507,4,-5,38
1761622105.288051,3,-6,49
1761622105.3270507,1,1,43
1761622105.3630507,-1,-1,27
1761622105.4000506,2,-2,18
1761622105.4370508,0,1,30
1761622105.4730508,-7,0,30
1761622105.5100508,-7,-1,26
1761622105.5480506,-8,-5,27
1761622105.587051,-8,-3,32
1761622105.6230507,0,-4,24
1761622105.6600506,1,-4,23
1761622105.6980507,0,-5,25
1761622105.7370508,-5,1,35
1761622105.7800508,0,-1,37
1761622105.8190508,4,2,34
1761622105.857051,-1,-6,36
1761622105.893051,4,1,30
1761622105.9310508,0,1,42
1761622105.9680507,2,-2,22
1761622106.0060508,0,0,34
1761622106.0420508,1,7,32
1761622106.0790508,3,1,32
1761622106.1180508,-2,-9,37
1761622106.1560507,-3,1,38
1761622106.1920507,-9,2,39
1761622106.2290506,-2,-1,38
1761622106.268051,-1,-6,38
1761622106.3060508,-2,-3,31
1761622106.3420508,-1,-4,36
1761622106.380051,-6,-2,30
1761622106.4180508,0,-1,22
1761622106.4560506,1,0,33
1761622106.4920506,3,-3,41
1761622106.5300508,-4,-7,43
1761622106.5680506,-8,-3,33
1761622106.607051,0,5,40
1761622106.643051,-2,0,36
1761622106.6800506,-2,-6,43
1761622106.7180507,-5,3,40
1761622106.7560508,-2,3,30
1761622106.7920508,-4,-2,34
1761622106.8300507,4,-5,39
1761622106.8680508,-3,-5,35
1761622106.9070508,-11,3,32
1761622106.9430506,-9,0,25
1761622106.9800508,-5,-4,30
1761622107.018051,0,-8,19
1761622107.0560508,1,-3,37
1761622107.0930507,0,-2,34
1761622107.130051,1,2,37
1761622107.1680508,-3,-1,30
1761622107.2060506,-6,-1,34
1761622107.2420506,1,-1,28
1761622107.2800508,-10,-2,28
1761622107.3180506,-5,1,47
1761622107.3540506,2,-3,44
1761622107.3920507,6,5,37
1761622107.4290507,1,0,30
1761622107.4670508,1,-5,29
1761622107.5030508,5,-1,36
1761622107.5400507,-2,0,47
1761622107.5780506,-4,0,34
1761622107.6140506,-3,0,29
1761622107.6510508,-5,-6,31
1761622107.689051,0,-2,28
1761622107.7270508,2,-5,26
1761622107.7630508,-2,-2,19
1761622107.8000507,-5,-3,21
1761622107.8380508,-3,0,29
1761622107.8770506,-9,-1,22
1761622107.913051,-2,-6,26
1761622107.9500508,-4,-2,30
1761622107.9880507,1,3,28
1761622108.0270507,-6,0,23
1761622108.0630507,-6,3,28
1761622108.1000507,-3,-2,49
1761622108.1380508,0,-3,37
1761622108.1770508,-4,-6,36
1761622108.2130508,0,-6,37
1761622108.2500508,4,-9,37
1761622108.2890508,4,-4,40
1761622108.3270507,-3,0,41
1761622108.3630507,-2,1,33
1761622108.4000506,-1,-4,42
1761622108.439051,1,2,29
1761622108.4770508,2,6,29
1761622108.5130508,2,-3,33
1761622108.5500507,2,0,21
1761622108.5880508,2,0,20
1761622108.6240506,0,3,21
1761622108.6610508,-2,3,28
1761622108.699051,-7,3,31
1761622108.7380507,-5,1,32
1761622108.7740507,-6,-4,33
1761622108.811051,1,-3,32
1761622108.8490508,-3,-3,33
1761622108.8870506,4,-7,29
1761622108.9230506,1,-4,33
1761622108.9610507,6,-3,18
1761622108.9990506,0,-6,21
1761622109.0370507,4,-6,30
1761622109.0730507,-5,-1,28
1761622109.1110508,0,-12,30
1761622109.1490507,2,-13,42
1761622109.1870508,-8,-6,42
1761622109.2230508,-2,0,29
1761622109.2610507,1,0,26
1761622109.2990508,1,1,36
1761622109.337051,0,0,31
1761622109.3740506,0,4,25
1761622109.4110508,-1,0,27
1761622109.449051,-1,1,31
1761622109.485051,0,-2,35
1761622109.5220506,-4,0,30
1761622109.5590508,-5,-1,37
1761622109.5980508,0,2,30
1761622109.6340508,-1,1,42
1761622109.6710508,5,0,43
1761622109.709051,1,-5,23
1761622109.745051,2,-5,35
1761622109.7820508,4,-4,29
1761622109.8190508,4,-6,39
1761622109.8550508,1,-3,40
1761622109.8920507,2,0,29
1761622109.9290507,-6,2,27
1761622109.9680507,-7,-3,43
1761622110.0040507,-4,-5,36
1761622110.0420508,-1,-6,35
1761622110.0810506,-2,-4,37
1761622110.1190507,-1,1,22
1761622110.1550508,-1,-6,26
1761622110.1930506,3,-5,29
1761622110.2310507,-2,-6,32
1761622110.2690508,-6,0,33
1761622110.3050506,-6,8,30
1761622110.3420508,-6,0,35
1761622110.380051,0,0,31
1761622110.4180508,4,4,30
1761622110.4540508,7,-4,36
1761622110.4910507,-1,0,36
1761622110.5290508,-2,5,20
1761622110.5650508,0,0,24
1761622110.6020508,-2,-1,32
1761622110.6400506,-6,2,20
1761622110.6790507,-4,-4,33
1761622110.7150507,1,-6,36
1761622110.7520506,0,-10,35
1761622110.7900507,-1,-4,32
1761622110.8280506,5,-7,36
1761622110.8640506,4,-6,30
1761622110.9020507,-2,-2,32
1761622110.9400508,-2,0,31
1761622110.9780507,0,0,22
1761622111.0140507,-4,0,27
1761622111.0520508,-3,4,25
1761622111.0900507,-1,1,33
1761622111.1280508,-4,-2,45
1761622111.1640508,-1,-7,40
1761622111.2020507,0,0,38
1761622111.2400508,3,2,24
1761622111.278051,3,3,25
1761622111.314051,7,1,31
1761622111.3510506,0,-2,35
1761622111.3890507,-5,3,26
1761622111.4250507,-6,4,33
1761622111.462051,-3,0,29
1761622111.5000508,9,-5,29
1761622111.538051,-3,-8,26
1761622111.574051,-2,-5,27
1761622111.6110508,-4,0,36
1761622111.6500506,-8,-1,34
1761622111.686051,0,-5,30
1761622111.7240508,7,0,36
1761622111.7610507,7,1,40
1761622111.7990508,-3,-2,29
1761622111.8350508,-4,-6,24
1761622111.8720508,3,-11,29
1761622111.9100506,5,-2,40
1761622111.9460506,-3,-4,36
1761622111.9840508,1,-6,39
1761622112.0220506,-3,-1,45
1761622112.0600507,-6,3,32
1761622112.0990508,-7,-5,34
1761622112.1350508,-2,-8,23
1761622112.1740508,0,-6,26
1761622112.2110507,1,-9,33
1761622112.2490506,2,1,40
1761622112.2850506,5,-1,32
1761622112.3220508,2,0,25
1761622112.360051,0,0,34
1761622112.3960507,0,0,37
1761622112.4340508,-3,3,30
1761622112.472051,0,-1,26
1761622112.5100508,-2,4,30
1761622112.5460508,0,-2,36
1761622112.584051,-3,2,37
1761622112.6220508,0,7,39
1761622112.6600506,0,-2,33
1761622112.6960506,0,0,36
1761622112.7340508,0,0,25
1761622112.7710507,-1,0,31
1761622112.8100507,3,-1,32
1761622112.847051,5,-2,33
1761622112.8840508,4,-3,25
1761622112.9220507,-4,0,27
1761622112.9600508,-9,-5,39
1761622112.9960508,0,-2,35
1761622113.0330508,0,2,21
1761622113.0710506,1,1,26
1761622113.1090508,1,-4,20
1761622113.1450508,-4,-5,27
1761622113.1830506,4,0,27
1761622113.2210507,7,-3,41
1761622113.2590508,3,-7,34
1761622113.2950506,-1,0,34
1761622113.3330507,-6,1,38
1761622113.3710508,-3,2,37
1761622113.4090507,0,2,30
1761622113.4450507,3,1,33
1761622113.4830508,1,3,30
1761622113.5210507,-5,5,38
1761622113.5590508,0,0,28
1761622113.5950508,0,1,37
1761622113.6320508,-8,1,20
1761622113.6700506,0,-6,23
1761622113.7060506,4,-6,24
1761622113.7430508,0,-6,37
1761622113.7810507,-3,-2,22
1761622113.8200507,1,-1,26
1761622113.8560507,-9,-7,42
1761622113.8940508,-2,-2,23
1761622113.9320507,4,-1,32
1761622113.9700508,4,-4,34
1761622114.0060508,1,-5,30
1761622114.0440507,4,0,30
1761622114.0810506,6,5,35
1761622114.1170506,1,-4,30
1761622114.1540508,-4,-1,33
1761622114.1920507,-12,0,45
1761622114.2310507,-3,0,39
1761622114.2670507,-5,0,33
1761622114.3040507,-1,0,40
1761622114.3420508,-1,0,35
1761622114.380051,-1,-6,31
1761622114.416051,-2,0,40
1761622114.4530506,-4,-6,36
1761622114.4910507,4,1,24
1761622114.5270507,2,4,34
1761622114.564051,1,0,29
1761622114.6010506,5,-6,32
1761622114.6400506,6,-1,39
1761622114.676051,2,3,56
1761622114.7130508,-4,2,31
1761622114.7510507,5,0,19
1761622114.7870507,-2,0,20
1761622114.824051,0,2,14
1761622114.8620508,0,-2,20
1761622114.9000506,0,-6,25
1761622114.936051,0,1,26
1761622114.9730508,-3,11,33
1761622115.0120506,-4,-1,32
1761622115.0500507,-1,-8,34
1761622115.0860507,0,-11,32
1761622115.1230507,9,-3,34
1761622115.1620507,3,-2,29
1761622115.2000508,2,1,23
1761622115.2360508,2,-3,37
1761622115.2730508,0,0,36
1761622115.311051,-8,0,32
1761622115.3480508,2,-1,27
1761622115.3850508,-6,-2,30
1761622115.4230506,-2,-10,32
1761622115.462051,6,-3,30
1761622115.5000508,-1,6,32
1761622115.5360508,4,-9,40
1761622115.5730507,0,-2,32
1761622115.6110508,0,-2,14
1761622115.6480508,-4,-5,27
1761622115.6850507,-1,-3,25
1761622115.7230508,4,-4,30
1761622115.7610507,5,-1,35
1761622115.8050506,1,-1,27
1761622115.8440506,2,-2,23
1761622115.8820508,0,0,34
1761622115.9200506,10,2,37
1761622115.9560506,4,-2,24
1761622115.9940507,1,0,32
1761622116.0320508,2,-1,29
1761622116.0680506,-1,-5,24
1761622116.1050508,-4,-5,40
1761622116.1440508,-5,-1,25
1761622116.1820507,-9,-5,36
1761622116.2180507,-6,-2,36
1761622116.255051,2,-4,21
1761622116.2920508,-6,0,24
1761622116.3280506,-6,-2,31
1761622116.3660507,-4,4,40
1761622116.4040508,-8,0,36
1761622116.4420507,-3,-5,40
1761622116.4810507,1,-6,34
1761622116.5170507,1,2,29
1761622116.5540507,1,1,26
1761622116.5920508,-5,0,25
1761622116.6280508,-14,5,35
1761622116.6650507,-7,0,38
1761622116.7020507,-4,-3,39
1761622116.7410507,0,1,30
1761622116.7770507,-2,5,32
1761622116.814051,-2,-4,27
1761622116.8530507,0,-5,32
1761622116.8910508,1,-1,41
1761622116.9270508,-5,-3,38
1761622116.9640508,-4,0,27
1761622117.0020506,-2,0,25
1761622117.038051,-1,0,36
1761622117.0750508,-2,-1,28
1761622117.1130507,0,-2,41
1761622117.1510508,2,-4,24
1761622117.1870508,12,-2,42
1761622117.2250507,5,-3,40
1761622117.2630508,3,-2,48
1761622117.301051,-6,-8,36
1761622117.337051,-3,-11,31
1761622117.3750508,4,-4,35
1761622117.413051,0,-4,45
1761622117.4510508,-4,4,33
1761622117.4870508,-1,4,33
1761622117.5250506,-4,0,28
1761622117.5630507,-3,0,36
1761622117.6010506,-4,2,35
1761622117.6370506,2,-1,39
1761622117.6750507,3,-2,42
1761622117.7130508,0,-4,26
1761622117.7510507,0,-1,27
1761622117.7870507,0,-7,31
1761622117.8250508,1,1,34
1761622117.8630507,-2,2,23
1761622117.9010508,-3,0,19
1761622117.9370508,-3,-2,14
1761622117.9750507,1,-3,21
1761622118.0130508,0,-7,23
1761622118.051051,-6,-1,36
1761622118.087051,2,-1,28
1761622118.1250508,9,1,33
1761622118.163051,3,0,32
1761622118.2010508,7,-10,28
1761622118.2370508,3,-3,44
1761622118.2750506,-4,0,41
1761622118.3130507,0,-4,34
1761622118.3490508,4,-5,42
1761622118.3870506,-4,-5,33
1761622118.4250507,-3,-2,25
1761622118.4640508,-1,-9,25
1761622118.5020506,-5,-1,36
1761622118.538051,0,-3,26
1761622118.5750508,-7,-5,33
1761622118.6130507,-8,6,32
1761622118.6490507,-5,-4,40
1761622118.6870508,-2,-10,30
1761622118.7250507,0,-7,42
1761622118.7630508,0,0,29
1761622118.8000507,3,-1,28
1761622118.837051,-3,1,28
1761622118.8750508,2,0,28
1761622118.913051,-2,-1,29
1761622118.949051,3,-2,24
1761622118.9870508,-1,-3,30
1761622119.0250506,-5,-1,24
1761622119.064051,-2,-5,36
1761622119.1020508,1,-6,35
1761622119.1380508,0,-9,33
1761622119.1750507,-1,-9,31
1761622119.2140508,0,-1,30
1761622119.2520506,2,3,31
1761622119.288051,-1,4,32
1761622119.3250508,-1,7,38
1761622119.3630507,-2,8,33
1761622119.3990507,0,4,27
1761622119.436051,5,-5,26
1761622119.4740508,8,0,28
1761622119.5120506,0,-10,25
1761622119.5480506,0,-7,27
1761622119.5850508,0,0,36
1761622119.6230507,-5,-2,27
1761622119.6590507,-4,-1,31
1761622119.6960506,3,-5,27
1761622119.7340508,2,-4,33
1761622119.7720506,-1,-3,42
1761622119.8080506,-1,-3,35
1761622119.8460507,7,0,27
1761622119.8840508,3,-2,30
1761622119.9220507,2,0,27
1761622119.9580507,-1,-2,27
1761622119.9960508,-4,-7,23
1761622120.0340507,0,-9,40
1761622120.0730507,1,-10,27
1761622120.1090508,1,-5,33
1761622120.1460507,3,-1,30
1761622120.1840508,4,3,22
1761622120.222051,0,-4,39
1761622120.258051,-4,0,39
1761622120.2970507,0,0,17
1761622120.334051,-4,0,34
1761622120.370051,5,-3,29
1761622120.4070508,7,-3,32
1761622120.4440508,-8,-7,41
1761622120.4830508,0,-1,41
1761622120.5190508,8,-7,34
1761622120.5560508,4,-4,31
1761622120.5940506,0,4,36
1761622120.630051,6,6,42
1761622120.6670508,0,1,40
1761622120.7040508,4,0,33
1761622120.7400508,3,-3,34
1761622120.7770507,-3,2,32
1761622120.814051,3,-2,34
1761622120.8500507,3,-8,33
1761622120.8870506,0,0,33
1761622120.9250507,3,5,36
1761622120.9630508,8,2,35
1761622120.9990506,6,-2,28
1761622121.0360508,-1,-2,37
1761622121.074051,2,1,28
1761622121.110051,0,2,27
1761622121.1470506,-2,-3,31
1761622121.1850507,5,-4,26
1761622121.2230508,11,-3,22
1761622121.2590508,6,-6,32
1761622121.2960508,6,-2,31
1761622121.334051,9,0,37
1761622121.370051,3,-4,38
1761622121.4070508,5,-6,44
1761622121.4450507,-2,-2,32
1761622121.4830508,0,-1,40
1761622121.5190508,3,-1,40
1761622121.5560508,1,-4,32
1761622121.5940506,6,-3,41
1761622121.630051,-2,0,23
1761622121.6680508,2,2,26
1761622121.7050507,3,-1,22
1761622121.7430508,-1,1,26
1761622121.7790508,2,7,29
1761622121.8160508,5,1,32
1761622121.8540506,-1,-8,31
1761622121.8900506,-6,-4,36
1761622121.9270508,-4,3,42
1761622121.9650507,0,1,44
1761622122.0030508,1,2,38
1761622122.0400507,1,-1,30
1761622122.0770507,2,-4,36
1761622122.1150508,-4,-1,35
1761622122.153051,3,-1,36
1761622122.1900508,2,-2,37
1761622122.2270508,2,-2,38
1761622122.2650506,0,2,37
1761622122.3030508,-3,0,27
1761622122.3390508,0,0,25
1761622122.3770506,5,-3,35
1761622122.4150507,0,-3,33
1761622122.4510508,-2,0,36
1761622122.4880507,0,-1,30
1761622122.5270507,6,-8,32
1761622122.5650508,2,-2,22
1761622122.6010506,6,-3,32
1761622122.6380508,-1,1,36
1761622122.6750507,2,2,36
1761622122.7140508,7,0,23
1761622122.7500508,0,-3,24
1761622122.7870507,-2,-1,29
1761622122.8250508,-5,0,31
1761622122.8610508,1,-3,38
1761622122.8980508,-4,-6,14
1761622122.936051,-4,-4,21
1761622122.9750507,-1,-6,27
1761622123.0110507,2,-4,23
1761622123.0480506,0,-5,27
1761622123.0860507,1,-4,37
1761622123.1240506,-3,0,40
1761622123.1600506,-1,-4,43
1761622123.1980507,5,-5,36
1761622123.235051,5,-7,39
1761622123.2710507,-6,0,46
1761622123.3090508,4,-8,34
1761622123.3460507,-7,-5,38
1761622123.3850508,-6,-5,34
1761622123.4210508,-4,-2,38
1761622123.459051,1,1,26
1761622123.4960508,-5,0,41
1761622123.5340507,-3,-2,37
1761622123.5700507,2,-5,43
1761622123.607051,6,-3,32
1761622123.6450508,7,-1,32
1761622123.6810508,4,-2,35
1761622123.7180507,-6,-4,42
1761622123.7560508,-1,-7,42
1761622123.7950506,6,-1,35
1761622123.8310506,0,-6,27
1761622123.8680508,2,1,32
1761622123.9060507,1,-6,32
1761622123.9440508,-5,0,25
1761622123.9800508,0,-2,25
1761622124.0170507,3,-8,37
1761622124.0560508,3,-3,38
1761622124.0940506,-1,-5,42
1761622124.130051,-11,4,36
1761622124.1670508,-8,1,33
1761622124.2050507,-6,-3,20
1761622124.2410507,-10,-15,28
1761622124.278051,-2,-6,38
1761622124.3160508,-1,-8,40
1761622124.3550508,1,-8,30
1761622124.3910508,0,-2,37
1761622124.4280508,-4,-1,30
1761622124.4660506,-2,-8,32
1761622124.505051,-7,-3,39
1761622124.541051,5,-2,28
1761622124.5780506,2,-8,48
1761622124.6160507,3,1,34
1761622124.6520507,2,4,40
1761622124.689051,1,-6,40
1761622124.7260506,-1,1,33
1761622124.7650506,-7,-3,34
1761622124.801051,-3,4,43
1761622124.8380508,-1,2,36
1761622124.8760507,-2,-1,32
1761622124.9150507,1,0,29
1761622124.9510508,1,-3,34
1761622124.9880507,0,0,26
1761622125.0260508,-4,-2,18
1761622125.0650508,-1,-2,32
1761622125.1010506,3,-3,45
1761622125.1380508,-8,-4,41
1761622125.176051,-3,-3,31
1761622125.2150507,-1,2,29
1761622125.2510507,-5,-4,43
1761622125.288051,0,-6,31
1761622125.3260508,-5,-9,31
1761622125.3620508,-10,-5,32
1761622125.3990507,2,0,37
1761622125.436051,0,1,29
1761622125.472051,-8,2,37
1761622125.5100508,-3,0,36
1761622125.5470507,4,0,35
1761622125.5850508,-5,-2,32
1761622125.6210508,-7,-7,37
1761622125.6580508,-6,1,39
1761622125.6970508,-7,-1,37
1761622125.735051,-8,-4,42
1761622125.7710507,-10,-1,32
1761622125.8170507,1,-1,38
1761622125.8550508,-2,3,38
1761622125.8910508,0,0,38
1761622125.9280508,-7,-5,30
1761622125.9670508,0,-6,43
1761622126.005051,-1,-4,40
1761622126.041051,0,-7,31
1761622126.0780506,-1,-1,31
1761622126.1170506,0,-3,36
1761622126.1550508,5,1,41
1761622126.1910508,-5,6,41
1761622126.2280507,5,5,43
1761622126.2660508,0,3,43
1761622126.3020508,-8,0,35
1761622126.3400507,-3,2,22
1761622126.3790507,0,0,30
1761622126.4170508,-5,-2,33
1761622126.4550507,-11,-2,31
1761622126.4910507,-9,0,41
1761622126.5290508,-10,2,44
1761622126.5670507,-2,3,30
1761622126.6050508,-3,-4,39
1761622126.6420507,-4,-1,35
1761622126.6790507,-3,-1,40
1761622126.7170508,4,-4,43
1761622126.7560508,12,2,41
1761622126.7920508,10,-6,41
1761622126.8290508,-2,-2,38
1761622126.8670506,-6,-5,23
1761622126.9060507,-5,-3,34
1761622126.9420507,3,-5,48
1761622126.9790506,5,0,21
1761622127.0170507,-1,2,28
1761622127.0530508,-1,4,28
1761622127.0900507,-5,-6,18
1761622127.1280508,4,-2,23
1761622127.1670508,6,-3,32
1761622127.2030506,5,0,21
1761622127.2400508,6,5,18
1761622127.2770507,1,6,32
1761622127.3130507,3,9,38
1761622127.3500507,0,0,33
1761622127.3870506,-1,-5,26
1761622127.426051,-2,-5,27
1761622127.462051,1,3,34
1761622127.4990506,-4,3,33
1761622127.5370507,-1,-3,31
1761622127.5760508,1,-7,31
1761622127.6120508,0,-2,40
1761622127.6490507,3,3,41
1761622127.6870508,1,5,37
1761622127.7230508,-1,5,25
1761622127.7610507,1,4,31
1761622127.7980506,1,5,21
1761622127.837051,-5,8,20
1761622127.8730507,-9,0,15
1761622127.9110508,-2,1,27
1761622127.949051,-6,1,29
1761622127.9870508,-3,-2,27
1761622128.0230508,-2,0,37
1761622128.0600507,2,2,44
1761622128.0980508,-4,0,25
1761622128.1360507,-1,2,19
1761622128.1720507,4,-7,28
1761622128.209051,-1,-1,39
1761622128.2480507,0,-5,31
1761622128.2860508,-1,0,29
1761622128.3220508,0,0,39
1761622128.3590508,-6,-3,36
1761622128.3980508,-5,2,32
1761622128.436051,-3,4,37
1761622128.472051,0,0,31
1761622128.5090508,4,-4,38
1761622128.5480506,-2,-1,32
1761622128.5860507,-4,-1,21
1761622128.6220508,0,-1,20
1761622128.6590507,-3,-5,20
1761622128.6980507,-2,-9,27
1761622128.7360508,-3,-10,38
1761622128.7720506,-3,-6,40
1761622128.8090508,0,0,43
1761622128.847051,-3,-4,33
1761622128.883051,-1,2,35
1761622128.9200506,-2,3,30
1761622128.9580507,0,-6,40
1761622128.9940507,5,-2,37
1761622129.0310507,1,1,34
1761622129.0680506,-2,-3,31
1761622129.107051,-6,0,31
1761622129.143051,-9,-5,40
1761622129.1800506,-3,1,26
1761622129.2180507,4,2,37
1761622129.2540507,9,-1,34
1761622129.291051,1,0,31
1761622129.3290508,-1,-9,33
1761622129.3680508,2,-1,30
1761622129.4040508,0,-3,47
1761622129.4410508,5,2,39
1761622129.4790506,0,1,41
1761622129.5170507,-1,0,39
1761622129.5530508,2,-3,31
1761622129.5900507,1,-3,47
1761622129.6280508,-10,-2,44
1761622129.6640508,-9,-7,52
1761622129.7010508,-10,-6,28
1761622129.7390506,-2,-3,35
1761622129.778051,-1,6,37
1761622129.814051,-3,0,38
1761622129.8510506,3,1,35
1761622129.8890507,-6,2,30
1761622129.9270508,-1,-1,32
1761622129.9630508,-5,8,29
1761622130.0000508,-8,0,30
1761622130.038051,-6,0,26
1761622130.074051,0,-8,43
1761622130.1110508,0,-8,33
1761622130.1490507,-3,-2,30
1761622130.1870508,3,5,37
1761622130.2230508,-7,-2,38
1761622130.2600508,0,1,37
1761622130.2980506,-4,2,35
1761622130.334051,0,-1,38
1761622130.3710508,-9,-1,29
1761622130.4090507,-4,-4,39
1761622130.4480507,-4,0,40
1761622130.4840508,0,-3,32
1761622130.5220506,-3,-4,26
1761622130.5600507,0,-10,21
1761622130.5990508,-8,-12,23
1761622130.6370506,2,-8,39
1761622130.6730506,4,-3,29
1761622130.7110507,-4,0,35
1761622130.7490506,-2,1,34
1761622130.7870507,-1,0,44
1761622130.8230507,-6,-3,33
1761622130.8610508,-10,0,37
1761622130.8990507,3,4,39
1761622130.9370508,0,1,36
1761622130.9730508,-5,-1,30
1761622131.0110507,-3,0,37
1761622131.0490508,0,2,32
1761622131.087051,0,5,33
1761622131.1230507,3,0,35
1761622131.1600506,-3,-1,33
1761622131.199051,6,7,38
1761622131.235051,7,6,44
1761622131.2720506,6,7,35
1761622131.3090508,0,-4,37
1761622131.3450508,2,0,23
1761622131.3820508,-2,-6,27
1761622131.4200506,-1,-1,29
1761622131.459051,0,-3,34
1761622131.495051,0,-3,42
1761622131.5320508,-2,1,46
1761622131.5690508,5,4,28
1761622131.6050508,0,-3,28
1761622131.6420507,0,-4,36
1761622131.6800506,-1,-3,33
1761622131.7190506,0,0,42
1761622131.755051,-6,-5,39
1761622131.7920508,-10,-4,45
1761622131.8300507,0,-4,40
1761622131.8680508,3,-3,33
1761622131.9040508,-1,-3,36
1761622131.9420507,-5,-4,48
1761622131.9800508,-1,-3,26
1761622132.0190508,4,-2,26
1761622132.0550506,3,-7,25
1761622132.0920508,4,0,31
1761622132.130051,1,0,29
1761622132.1680508,-2,2,42
1761622132.2050507,-3,5,33
1761622132.2420506,-3,6,33
1761622132.2800508,1,0,37
1761622132.3180506,2,0,32
1761622132.3540506,2,-1,29
1761622132.3910508,9,2,27
1761622132.4290507,3,-6,29
1761622132.4650507,1,-2,26
1761622132.5030508,-2,-1,33
1761622132.5400507,1,-1,34
1761622132.5780506,4,-3,25
1761622132.6140506,0,1,30
1761622132.6510508,1,-3,39
1761622132.6900508,0,9,35
1761622132.7280507,6,0,35
1761622132.7640507,0,-3,33
1761622132.801051,2,-9,23
1761622132.8390508,0,-5,32
1761622132.8750508,-5,-9,41
1761622132.9120507,-1,-7,41
1761622132.9500508,2,-7,37
1761622132.9890506,6,-7,44
1761622133.0250506,0,0,40
1761622133.0620508,0,0,32
1761622133.1000507,0,-5,37
1761622133.1380508,8,-3,32
1761622133.1740508,4,-2,29
1761622133.212051,-6,-7,33
1761622133.2500508,0,-5,30
1761622133.2860508,-3,-3,38
1761622133.3230507,0,2,20
1761622133.360051,-3,1,29
1761622133.3960507,0,1,38
1761622133.4330506,-5,-6,36
1761622133.4710507,-7,8,44
1761622133.5090508,-7,1,27
1761622133.5450506,-5,1,38
1761622133.5820508,1,-4,39
1761622133.620051,-2,-1,48
1761622133.6560507,-2,2,37
1761622133.6940508,4,4,23
1761622133.7310507,6,3,35
1761622133.7700508,7,-1,49
1761622133.8060508,-2,-1,42
1761622133.8430507,5,2,45
1761622133.8810508,-4,0,41
1761622133.9190507,4,-6,50
1761622133.9550507,3,-4,40
1761622133.9920506,0,-6,30
1761622134.0300508,-5,-2,34
1761622134.0660508,0,-1,30
1761622134.1030507,-6,-7,27
1761622134.1420507,4,-9,43
1761622134.1800506,-1,-9,43
1761622134.2190506,4,-3,34
1761622134.255051,4,-3,30
1761622134.2920508,1,1,31
1761622134.3300507,1,0,29
1761622134.3660507,0,0,31
1761622134.403051,5,0,37
1761622134.4410508,-3,-2,29
1761622134.4790506,-6,-6,32
1761622134.5150506,0,-2,30
1761622134.5520508,-6,2,35
1761622134.5900507,-8,-4,35
1761622134.6260507,-4,-1,32
1761622134.663051,2,0,31
1761622134.7010508,6,0,34
1761622134.7390506,0,0,28
1761622134.7750506,-2,4,37
1761622134.8120508,-2,-2,32
1761622134.8510506,0,0,33
1761622134.8890507,-1,7,33
1761622134.9250507,-8,-2,38
1761622134.962051,1,-6,42
1761622135.0000508,2,-3,40
1761622135.0360508,1,-1,27
1761622135.0730507,2,0,32
1761622135.1110508,5,0,29
1761622135.1490507,0,-3,34
1761622135.1850507,1,-6,23
1761622135.2240508,-3,-4,24
1761622135.2610507,-3,3,39
1761622135.2990508,1,-2,36
1761622135.3350508,1,-6,30
1761622135.3740506,-2,2,24
1761622135.4110508,3,2,29
1761622135.4470508,-2,8,32
1761622135.4840508,0,2,33
1761622135.5210507,-1,0,34
1761622135.5570507,-2,5,39
1761622135.5940506,0,0,38
1761622135.6310508,2,0,31
1761622135.6670508,1,1,18
1761622135.7040508,2,0,25
1761622135.7410507,-5,-1,34
1761622135.7800508,2,0,34
1761622135.824051,6,-3,34
1761622135.8630507,0,-6,36
1761622135.9010508,0,-1,41
1761622135.9370508,-4,-2,42
1761622135.9740508,2,-4,47
1761622136.0110507,-2,-3,34
1761622136.0500507,9,-9,29
1761622136.0860507,4,-7,39
1761622136.1230507,-1,-11,25
1761622136.1610508,-7,-3,24
1761622136.2000508,-6,1,27
1761622136.2360508,-5,-2,39
1761622136.2730508,1,0,31
1761622136.311051,8,0,29
1761622136.347051,0,-11,26
1761622136.3840508,1,-6,31
1761622136.4220507,6,-1,32
1761622136.4600508,-3,-2,44
1761622136.4960508,1,-6,40
1761622136.5330508,1,0,35
1761622136.5710506,-7,-8,37
1761622136.607051,-7,-9,42
1761622136.6440508,2,-11,40
1761622136.6820507,0,-3,31
1761622136.7200508,-2,-6,37
1761622136.7560508,0,-3,41
1761622136.7940507,0,-4,33
1761622136.8320508,4,-9,35
1761622136.870051,-1,-2,40
1761622136.9070508,1,-3,30
1761622136.9440508,3,-1,32
1761622136.982051,-1,-9,33
1761622137.0210507,1,-6,37
1761622137.0570507,-8,-9,31
1761622137.0940506,2,-5,40
1761622137.1320508,0,-6,48
1761622137.1700506,3,-9,42
1761622137.2060506,-4,-3,33
1761622137.2440507,-4,-6,33
1761622137.2820508,4,-2,22
1761622137.3200507,3,-1,35
1761622137.3560507,-1,5,31
1761622137.393051,3,0,33
1761622137.4310508,-3,0,39
1761622137.4670508,-3,-3,37
1761622137.5040507,1,-1,38
1761622137.5420508,0,-7,41
1761622137.5800507,0,-9,30
1761622137.6160507,5,-7,27
1761622137.653051,3,0,25
1761622137.6910508,1,-1,32
1761622137.7270508,-4,2,30
1761622137.7640507,-1,-3,33
1761622137.8020508,-12,0,48
1761622137.8410506,0,3,27
1761622137.8770506,-2,0,31
1761622137.9140508,-5,-7,46
1761622137.9520507,-7,-2,39
1761622137.9910507,3,-5,51
1761622138.0270507,1,0,48
1761622138.064051,-1,6,34
1761622138.1020508,5,6,40
1761622138.1380508,2,1,34
1761622138.1750507,0,-6,32
1761622138.212051,-9,-1,33
1761622138.2510507,-3,-2,42
1761622138.2870507,-7,0,31
1761622138.324051,-4,-1,32
1761622138.3620508,-13,-6,21
1761622138.4010508,-12,3,26
1761622138.4370508,-11,-1,31
1761622138.4750507,-9,0,31
1761622138.5120506,0,-3,23
1761622138.5480506,2,0,36
1761622138.5850508,1,0,34
1761622138.6230507,0,-3,33
1761622138.6610508,0,-2,38
1761622138.6970508,0,1,39
1761622138.7340508,-6,-6,32
1761622138.7730508,0,-3,32
1761622138.811051,2,-7,48
1761622138.847051,5,-1,38
1761622138.8840508,-5,-8,37
1761622138.9230506,2,-7,30
1761622138.9610507,0,-4,21
1761622138.9970508,7,-1,27
1761622139.0340507,-4,-3,28
1761622139.0730507,1,-6,30
1761622139.1110508,-2,3,27
1761622139.1470506,-2,-2,27
1761622139.1840508,0,-1,28
1761622139.2230508,10,8,27
1761622139.2610507,7,2,21
1761622139.2970507,2,-1,34
1761622139.334051,-2,0,26
1761622139.3730507,-9,-1,31
1761622139.4110508,1,-3,31
1761622139.4470508,3,-8,32
1761622139.4840508,6,1,34
1761622139.5220506,3,-9,44
1761622139.5580506,-1,-4,27
1761622139.5950508,-2,-2,29
1761622139.633051,-3,-1,33
1761622139.6720507,0,-1,34
1761622139.7080507,1,-6,40
1761622139.745051,4,-1,37
1761622139.7830508,1,-1,28
1761622139.8190508,6,0,31
1761622139.8560507,1,0,25
1761622139.893051,1,0,32
1761622139.9290507,0,-3,35
1761622139.9660506,-6,-3,24
1761622140.005051,7,-12,31
1761622140.0430508,-1,-2,40
1761622140.0790508,-3,-4,30
1761622140.1180508,0,6,48
1761622140.1560507,-3,2,28
1761622140.1930506,6,5,34
1761622140.2290506,4,0,35
1761622140.2660508,1,-4,39
1761622140.3030508,-1,-5,40
1761622140.3420508,2,0,30
1761622140.3780508,2,0,32
1761622140.4150507,7,3,29
1761622140.4530506,0,-4,45
1761622140.4890506,-2,1,40
1761622140.5260508,-1,-3,29
1761622140.564051,0,3,14
1761622140.6030507,-2,4,30
1761622140.6390507,-5,-1,36
1761622140.676051,-2,-4,32
1761622140.7140508,-1,-7,34
1761622140.7530508,0,-2,39
1761622140.7890508,-8,3,35
1761622140.8260508,-7,0,33
1761622140.8640506,-4,0,33
1761622140.9020507,-3,-2,35
1761622140.9380507,2,-3,32
1761622140.9750507,-3,-3,27
1761622141.0140507,-2,-2,29
1761622141.0520508,0,-9,30
1761622141.0880508,0,-3,20
1761622141.1250508,-2,0,29
1761622141.1640508,-6,-4,48
1761622141.2020507,-6,0,39
1761622141.2380507,4,-3,34
1761622141.2750506,3,2,45
1761622141.3130507,1,2,27
1761622141.3490508,-2,1,35
1761622141.3860507,3,-5,28
1761622141.4240508,-5,2,32
1761622141.462051,5,-2,37
1761622141.4980507,-4,-8,38
1761622141.5350506,0,-4,35
1761622141.5730507,4,-2,41
1761622141.6090508,3,-11,23
1761622141.6460507,-1,-2,42
1761622141.6840508,4,0,25
1761622141.722051,3,-1,29
1761622141.758051,-1,-1,43
1761622141.7960508,1,5,43
1761622141.834051,1,7,27
1761622141.8720508,7,1,28
1761622141.9080508,-2,-2,22
1761622141.9460506,0,0,33
1761622141.9840508,6,-11,37
1761622142.0200508,2,-9,27
1761622142.0570507,0,-7,40
1761622142.0940506,-2,-9,34
1761622142.133051,5,0,31
1761622142.1690507,-2,-3,33
1761622142.2070508,2,-7,37
1761622142.2440507,-4,-11,25
1761622142.2830508,-3,-2,22
1761622142.3190508,1,-6,32
1761622142.357051,-8,-5,29
1761622142.3940508,-6,-6,36
1761622142.4330506,-3,-3,23
1761622142.4690506,-1,-3,23
1761622142.5070508,5,-4,31
1761622142.5440507,1,-3,35
1761622142.5830507,-7,-1,38
1761622142.6190507,-5,4,34
1761622142.6560507,-3,-2,50
1761622142.6940508,-4,-4,40
1761622142.7330508,-1,-5,33
1761622142.7690508,1,1,25
1761622142.8070507,3,0,27
1761622142.8440506,-1,4,32
1761622142.880051,-2,0,39
1761622142.9180508,-4,2,41
1761622142.9550507,0,-1,37
1761622142.9930508,-6,-1,41
1761622143.0290508,-1,0,39
1761622143.0660508,5,0,31
1761622143.1040506,4,0,28
1761622143.1400506,-2,0,28
1761622143.1770508,-3,4,26
1761622143.2150507,-5,4,22
1761622143.2530508,0,-3,27
1761622143.2890508,-3,-4,41
1761622143.3260508,7,-8,40
1761622143.3650508,1,0,39
1761622143.403051,1,-3,42
1761622143.439051,-7,-8,33
1761622143.4770508,0,-3,41
1761622143.5150506,-5,-4,45
1761622143.5530508,7,-1,48
1761622143.5890508,0,0,38
1761622143.6260507,7,0,36
1761622143.6640508,0,-3,25
1761622143.7000508,1,-2,34
1761622143.7370508,1,-1,23
1761622143.7750506,-4,-6,22
1761622143.8130507,1,8,41
1761622143.8490508,-3,3,23
1761622143.8860507,10,1,35
1761622143.9240508,4,0,38
1761622143.9600508,-2,-1,40
1761622143.9970508,-1,-4,31
1761622144.0350506,-12,-2,32
1761622144.074051,-6,3,28
1761622144.110051,1,2,25
1761622144.1470506,-3,0,30
1761622144.1850507,-2,-5,39
1761622144.2240508,-3,-6,38
1761622144.2600508,0,4,41
1761622144.2970507,1,3,49
1761622144.3350508,-2,2,41
1761622144.3710508,1,-4,41
1761622144.4080508,4,0,29
1761622144.4450507,2,-2,31
1761622144.4810507,7,0,26
1761622144.518051,0,-1,24
1761622144.5550506,-1,-1,36
1761622144.5940506,-3,2,30
1761622144.630051,4,1,37
1761622144.6670508,1,1,35
1761622144.7050507,0,-1,50
1761622144.7410507,-1,4,44
1761622144.778051,-6,4,47
1761622144.8150508,-3,0,48
1761622144.8540506,1,-3,35
1761622144.8900506,2,-2,42
1761622144.9280508,2,3,47
1761622144.9650507,1,0,33
1761622145.0010507,0,1,36
1761622145.038051,6,3,26
1761622145.0760508,3,-2,28
1761622145.1140506,-6,1,39
1761622145.1500506,-7,-1,32
1761622145.1870508,-1,7,25
1761622145.2250507,5,-1,31
1761622145.2610507,11,-3,38
1761622145.2980506,5,0,32
1761622145.3360507,4,-1,20
1761622145.3750508,5,-2,27
1761622145.4110508,2,-7,39
1761622145.4480507,1,-4,39
1761622145.4870508,0,1,37
1761622145.5250506,1,-2,35
1761622145.561051,-2,-6,35
1761622145.5980508,-4,2,27
1761622145.6360507,-4,7,26
1761622145.6750507,-6,0,34
1761622145.7110507,-1,-6,34
1761622145.7490506,-3,-6,32
1761622145.7870507,0,0,29
1761622145.8310506,-3,-6,45
1761622145.8690507,-2,-4,38
1761622145.9070508,6,0,25
1761622145.9450507,0,-1,22
1761622145.9810507,8,-12,28
1761622146.0190508,5,-3,37
1761622146.0570507,8,-4,35
1761622146.0950508,-5,0,35
1761622146.1310508,-4,-1,36
1761622146.1690507,5,0,38
1761622146.2060506,10,0,15
1761622146.245051,0,-4,27
1761622146.2810507,1,-1,31
1761622146.3180506,0,-4,27
1761622146.3560507,-1,-3,23
1761622146.3920507,5,-2,22
1761622146.4290507,-4,-6,26
1761622146.4670508,-8,2,26
1761622146.505051,-5,0,26
1761622146.541051,1,-3,33
1761622146.5780506,6,-3,31
1761622146.6160507,8,-6,32
1761622146.6520507,12,-3,40
1761622146.689051,0,-5,35
1761622146.7260506,1,-2,35
1761622146.7620506,0,-4,26
1761622146.7990508,1,0,35
1761622146.8360507,0,2,42
1761622146.8720508,-8,3,42
1761622146.9090507,-3,-2,28
1761622146.9470508,2,-5,38
1761622146.985051,0,-3,36
1761622147.0210507,0,-5,30
1761622147.0580506,0,0,39
1761622147.0960507,0,0,35
1761622147.1320508,-4,0,30
1761622147.1700506,-7,-4,23
1761622147.2080507,-10,-5,32
1761622147.2470508,1,0,30
1761622147.2850506,-2,-2,30
1761622147.3210506,-5,0,34
1761622147.3580508,-4,-3,26
1761622147.3970506,-2,-7,36
1761622147.4350507,-2,-3,30
1761622147.4710507,-2,3,34
1761622147.5090508,0,1,32
1761622147.5470507,3,4,32
1761622147.5850508,4,4,32
1761622147.6210508,1,7,33
1761622147.6580508,0,-4,46
1761622147.6970508,0,1,26
1761622147.735051,-4,0,35
1761622147.7710507,-1,0,38
1761622147.8080506,0,1,30
1761622147.8460507,1,-4,34
1761622147.8820508,-3,2,31
1761622147.9200506,-4,0,29
1761622147.9580507,1,5,28
1761622147.9960508,2,3,35
1761622148.0320508,-3,4,42
1761622148.0700507,-10,3,39
1761622148.1080508,-2,5,37
1761622148.1470506,1,-7,43
1761622148.1850507,0,0,35
1761622148.2210507,0,-3,31
1761622148.258051,-3,-3,35
1761622148.2970507,-7,4,41
1761622148.3350508,2,-1,36
1761622148.3710508,0,-3,30
1761622148.4080508,-1,-5,31
1761622148.4470508,-4,-10,22
1761622148.4830508,1,0,20
1761622148.5200508,4,-7,31
1761622148.5580506,1,-3,28
1761622148.5960507,-1,7,37
1761622148.6320508,-1,2,36
1761622148.6690507,-2,2,29
1761622148.7070508,-5,1,31
1761622148.7430508,2,-1,24
1761622148.7800508,0,0,23
1761622148.8170507,0,-1,33
1761622148.8530507,0,-2,34
1761622148.8900506,0,1,27
1761622148.9270508,1,1,34
1761622148.9630508,0,-4,44
1761622149.0000508,4,-8,29
1761622149.038051,3,1,28
1761622149.0760508,1,-2,26
1761622149.1120508,8,-7,30
1761622149.1490507,10,-3,26
1761622149.1870508,2,-1,27
1761622149.2260506,3,-3,44
1761622149.2620506,-5,0,45
1761622149.2990508,-4,-6,55
1761622149.337051,-7,-4,41
1761622149.3760507,-3,-1,45
1761622149.4120507,-5,-4,36
1761622149.449051,4,-6,39
1761622149.4880507,-3,-2,27
1761622149.5260508,-4,-2,33
1761622149.5620508,-1,2,40
1761622149.5990508,2,1,38
1761622149.6370506,3,-7,43
1761622149.6730506,-3,-5,41
1761622149.7100508,1,-2,37
1761622149.7480507,5,-5,45
1761622149.7860508,1,-3,37
1761622149.8220508,7,-1,42
1761622149.860051,1,-3,34
1761622149.8980508,2,0,37
1761622149.936051,1,3,29
1761622149.972051,0,1,40
1761622150.0100508,0,1,33
1761622150.0480506,-1,4,37
1761622150.0860507,-4,1,28
1761622150.1220508,-4,0,30
1761622150.1590507,-6,-5,29
1761622150.1980507,-1,-1,14
1761622150.2360508,-4,-2,28
1761622150.2720506,0,-3,32
1761622150.3090508,-5,0,24
1761622150.3480508,2,-10,32
1761622150.3860507,-2,-6,34
1761622150.4220507,-2,1,25
1761622150.4600508,-4,4,24
1761622150.4980507,-2,4,38
1761622150.5360508,1,-6,33
1761622150.5720508,-10,-5,37
1761622150.610051,0,2,40
1761622150.6480508,4,5,32
1761622150.6840508,1,0,28
1761622150.7210507,-6,3,29
1761622150.758051,0,0,38
1761622150.7940507,3,2,37
1761622150.8310506,-3,0,32
1761622150.8680508,6,0,31
1761622150.9070508,-4,-7,38
1761622150.9430506,5,-3,37
1761622150.9800508,1,0,37
1761622151.018051,-3,-5,24
1761622151.0550506,0,-8,36
1761622151.0920508,3,-3,37
1761622151.1290507,6,-8,40
1761622151.1680508,0,-11,49
1761622151.2040508,-10,-4,46
1761622151.2420506,-2,-7,37
1761622151.2800508,2,-1,26
1761622151.3190508,0,-2,21
1761622151.357051,-5,3,23
1761622151.3940508,-10,0,28
1761622151.4310508,-2,-2,29
1761622151.4690506,7,-5,29
1761622151.508051,0,-4,28
1761622151.5440507,-9,0,42
1761622151.5810506,0,-4,44
1761622151.6190507,-2,-2,34
1761622151.6570508,-6,1,32
1761622151.6940508,-3,0,25
1761622151.7310507,-6,1,33
1761622151.7690508,-4,0,35
1761622151.8070507,-1,-6,30
1761622151.8430507,-4,-5,25
1761622151.880051,-5,-4,32
1761622151.9190507,0,-3,29
1761622151.9570508,-7,1,29
1761622151.9930508,-5,-3,25
1761622152.0310507,0,-1,29
1761622152.0690508,2,0,38
1761622152.107051,7,3,33
1761622152.143051,0,1,23
1761622152.1810508,-8,3,25
1761622152.2190506,-3,-1,25
1761622152.2570508,-7,-8,30
1761622152.2930508,1,-4,22
1761622152.3310506,5,3,19
1761622152.3690507,-1,-2,28
1761622152.4070508,-8,-2,23
1761622152.4430506,0,-3,37
1761622152.4810507,0,-1,50
1761622152.5190508,-7,0,35
1761622152.5570507,-3,-6,43
1761622152.5940506,-1,-7,50
1761622152.6310508,-3,0,39
1761622152.6690507,-6,-1,38
1761622152.7070508,0,0,33
1761622152.7430508,2,1,30
1761622152.7800508,-5,-4,31
1761622152.8190508,-3,0,23
1761622152.8550508,-2,-6,26
1761622152.8920507,0,-3,33
1761622152.9290507,2,-6,33
1761622152.9680507,2,-2,30
1761622153.0040507,0,-4,30
1761622153.041051,-7,-1,29
1761622153.0790508,0,2,24
1761622153.1150508,-8,0,29
1761622153.153051,-8,3,31
1761622153.1900508,-7,1,32
1761622153.2280507,-1,-2,34
1761622153.2640507,-3,-3,34
1761622153.301051,1,0,41
1761622153.3390508,8,-3,42
1761622153.3750508,3,-13,37
1761622153.4120507,-4,-1,28
1761622153.4500508,5,-6,27
1761622153.4890506,1,-2,33
1761622153.5250506,1,-2,39
1761622153.5630507,-1,4,20
1761622153.6010506,2,1,21
1761622153.6390507,10,-3,21
1761622153.6750507,0,-9,33
1761622153.7130508,3,-2,35
1761622153.7500508,6,-1,30
1761622153.7890508,-4,-3,30
1761622153.8250508,-1,-4,25
1761622153.8630507,-5,-6,22
1761622153.9010508,-6,-3,32
1761622153.9400508,-2,-1,37
1761622153.9780507,-2,5,36
1761622154.0140507,2,0,32
1761622154.051051,3,1,34
1761622154.0890508,5,-3,31
1761622154.1250508,6,-10,39
1761622154.1620507,0,-2,27
1761622154.2000508,0,-1,26
1761622154.2380507,0,2,30
1761622154.2740507,0,1,35
1761622154.311051,0,0,45
1761622154.3500507,-1,-2,27
1761622154.3880508,-2,-2,40
1761622154.4240508,1,-4,36
1761622154.4610507,-3,-3,52
1761622154.5000508,-4,4,31
1761622154.538051,-1,0,31
1761622154.574051,0,-1,34
1761622154.6110508,5,-5,42
1761622154.6490507,-5,2,29
1761622154.6850507,1,3,41
1761622154.7230508,-6,0,31
1761622154.7610507,0,-1,41
1761622154.7990508,-4,-1,36
1761622154.8350508,-8,-2,32
1761622154.8730507,0,2,27
1761622154.9110508,-1,-6,26
1761622154.949051,3,-1,34
1761622154.985051,6,0,40
1761622155.0230508,11,6,34
1761622155.061051,-2,2,28
1761622155.0990508,4,3,32
1761622155.1360507,6,-1,33
1761622155.1730506,-1,0,32
1761622155.2110507,2,-2,40
1761622155.2490506,7,0,34
1761622155.2860508,2,0,32
1761622155.3230507,-4,2,39
1761622155.360051,-7,0,27
1761622155.3990507,4,-1,30
1761622155.436051,2,-1,27
1761622155.472051,2,-4,34
1761622155.5110507,3,0,34
1761622155.5490508,-2,2,33
1761622155.5860507,1,2,37
1761622155.6230507,2,1,35
1761622155.6610508,0,1,30
1761622155.699051,-5,6,39
1761622155.735051,0,2,31
1761622155.7720506,1,-5,35
1761622155.8100507,0,-5,31
1761622155.8540506,-1,-4,33
1761622155.8920507,-3,1,35
1761622155.9310508,0,3,30
1761622155.9690506,2,0,32
1761622156.005051,3,0,28
1761622156.0420508,3,-3,28
1761622156.0800507,6,-5,32
1761622156.1160507,3,-4,32
1761622156.153051,3,-5,40
1761622156.1910508,3,-6,40
1761622156.2290506,3,0,31
1761622156.2650506,0,0,35
1761622156.3030508,-4,2,31
1761622156.3410506,-13,0,36
1761622156.3790507,-5,-4,25
1761622156.4150507,0,0,26
1761622156.4520507,-3,-3,19
1761622156.4910507,2,0,25
1761622156.5290508,6,-1,32
1761622156.5650508,7,5,41
1761622156.6020508,2,3,32
1761622156.6400506,4,0,33
1761622156.676051,1,-2,39
1761622156.7140508,-6,-3,42
1761622156.7510507,-1,-3,32
1761622156.7900507,-1,0,17
1761622156.8260508,3,0,21
1761622156.8630507,-2,1,27
1761622156.9010508,-5,-7,38
1761622156.9400508,-7,-7,29
1761622156.9770508,-7,-3,38
1761622157.0140507,-3,0,37
1761622157.051051,-2,-3,31
1761622157.0900507,4,-2,23
1761622157.1260507,2,-6,24
1761622157.1640508,-4,-4,26
1761622157.2010508,-3,-1,32
1761622157.2400508,0,2,32
1761622157.2760508,-2,6,27
1761622157.3130507,-1,4,33
1761622157.3510506,-5,5,37
1761622157.3870506,-1,0,24
1761622157.4240508,-5,1,41
1761622157.462051,-3,-7,32
1761622157.5010507,0,-2,35
1761622157.5370507,-4,6,35
1761622157.574051,1,-3,38
1761622157.6120508,-3,-3,35
1761622157.6510508,0,-5,27
1761622157.6870508,2,-5,40
1761622157.7240508,2,-9,28
1761622157.7620506,-4,-2,25
1761622157.801051,-5,-2,29
1761622157.837051,2,0,39
1761622157.8740506,0,0,42
1761622157.9120507,-1,5,41
1761622157.9510508,-2,5,44
1761622157.9870508,-2,0,43
1761622158.0250506,-1,-8,37
1761622158.0620508,-4,-2,26
1761622158.1010506,-1,-1,31
1761622158.1370506,-2,-1,20
1761622158.1750507,2,-6,30
1761622158.212051,8,-1,48
1761622158.2510507,0,1,41
1761622158.2870507,3,-1,43
1761622158.3250508,-1,3,36
1761622158.3630507,-1,-1,32
1761622158.4020507,-2,0,36
1761622158.4400508,-8,4,38
1761622158.4760506,10,4,36
1761622158.5130508,0,-3,35
1761622158.5520508,-5,2,39
1761622158.5900507,1,-2,30
1761622158.6260507,-2,-2,31
1761622158.663051,0,-5,22
1761622158.7020507,4,-4,27
1761622158.7400508,8,1,30
1761622158.7760508,4,-1,19
1761622158.8130507,3,-5,33
1761622158.8510506,10,-2,36
1761622158.8870506,5,0,22
1761622158.9250507,-3,0,31
1761622158.962051,-2,0,28
1761622159.0010507,-1,2,32
1761622159.0370507,1,-4,39
1761622159.0750508,-2,-2,30
1761622159.1130507,-1,-5,28
1761622159.1520507,-1,-2,24
1761622159.1900508,0,0,38
1761622159.2260506,4,0,28
1761622159.2630508,1,-4,35
1761622159.301051,2,-3,34
1761622159.337051,-3,-3,24
1761622159.3750508,-1,0,27
1761622159.413051,-5,-5,22
1761622159.4520507,-6,-4,24
1761622159.4880507,-4,-6,26
1761622159.5250506,-2,-8,34
1761622159.5630507,-3,0,41
1761622159.6020508,2,-1,33
1761622159.6380508,-5,3,26
1761622159.6750507,2,0,31
1761622159.7130508,3,-2,36
1761622159.7510507,-7,-3,28
1761622159.7870507,-4,0,28
1761622159.824051,0,2,34
1761622159.8620508,0,-1,30
1761622159.8980508,-2,-1,32
1761622159.9350507,-3,-4,18
1761622159.9730508,3,-1,28
1761622160.0120506,0,-3,30
1761622160.0480506,3,-2,25
1761622160.0850508,0,-1,26
1761622160.1230507,0,-2,36
1761622160.1620507,0,-4,39
1761622160.1980507,1,-8,40
1761622160.235051,-1,-4,30
1761622160.2730508,6,-1,34
1761622160.311051,7,0,36
1761622160.347051,4,-1,27
1761622160.3850508,1,-2,29
1761622160.4230506,0,-8,20
1761622160.4610507,5,7,36
1761622160.4970508,-2,6,35
1761622160.5350506,5,1,20
1761622160.5730507,0,-7,19
1761622160.6110508,3,-5,25
1761622160.6470506,1,-7,19
1761622160.6840508,6,-3,30
1761622160.7230508,0,-1,26
1761622160.7610507,0,-8,42
1761622160.7970507,1,-5,44
1761622160.834051,0,-2,40
1761622160.8730507,3,-1,41
1761622160.9110508,3,-1,34
1761622160.9470508,-1,-1,33
1761622160.9840508,0,-2,20
1761622161.0230508,0,2,25
1761622161.061051,3,7,20
1761622161.097051,0,6,31
1761622161.1340508,-6,0,28
1761622161.1730506,2,-6,30
1761622161.2110507,-1,-3,39
1761622161.2470508,3,2,28
1761622161.2840507,2,1,32
1761622161.3220508,0,-3,39
1761622161.3580508,2,-3,47
1761622161.3960507,4,-5,40
1761622161.4330506,4,-7,38
1761622161.4690506,4,-5,35
1761622161.5060508,0,-8,39
1761622161.5440507,-1,-5,33
1761622161.5830507,0,-2,36
1761622161.6190507,3,-5,33
1761622161.6560507,6,-4,27
1761622161.6940508,5,0,40
1761622161.7330508,-1,2,40
1761622161.7690508,-5,-2,29
1761622161.8060508,0,-5,32
1761622161.8440506,2,-2,35
1761622161.8820508,-4,-3,37
1761622161.9180508,0,0,27
1761622161.9550507,-1,2,25
1761622161.9930508,0,-3,27
1761622162.0290508,2,-3,31
1761622162.0660508,0,-4,28
1761622162.1030507,-1,2,28
1761622162.1420507,-9,1,30
1761622162.1780508,2,-1,20
1761622162.2150507,-1,-12,36
1761622162.2530508,-2,0,36
1761622162.2890508,-10,1,37
1761622162.3270507,-1,2,39
1761622162.3640506,2,0,33
1761622162.4020507,1,0,30
1761622162.4380507,-4,-2,31
1761622162.4750507,-3,-3,27
1761622162.5140507,-4,-9,22
1761622162.5520508,-4,-1,27
1761622162.5880508,1,-4,34
1761622162.6250508,-4,-5,38
1761622162.6640508,-5,4,36
1761622162.7020507,-3,-2,29
1761622162.7380507,-3,-2,30
1761622162.7760508,3,-4,23
1761622162.814051,0,-4,28
1761622162.8520508,4,0,20
1761622162.8880508,0,2,23
1761622162.9250507,-1,1,29
1761622162.9630508,0,3,40
1761622162.9990506,-2,6,34
1761622163.0360508,5,-3,37
1761622163.074051,-4,-2,38
1761622163.1120508,1,-2,33
1761622163.1480508,-6,-1,29
1761622163.186051,4,2,29
1761622163.2240508,0,-7,37
1761622163.2620506,0,-1,28
1761622163.2980506,-2,-1,35
1761622163.3360507,-8,-2,30
1761622163.3750508,-10,4,27
1761622163.413051,-3,-2,33
1761622163.449051,-1,0,34
1761622163.4860508,4,-9,29
1761622163.5240507,2,0,36
1761622163.5620508,4,0,32
1761622163.5980508,0,0,33
1761622163.6360507,0,-5,31
1761622163.6740508,-5,1,43
1761622163.7130508,-2,0,40
1761622163.7490506,1,-3,30
1761622163.7860508,2,-5,32
1761622163.824051,3,3,34
1761622163.860051,-5,0,35
1761622163.8970506,-2,-1,27
1761622163.9350507,0,6,32
1761622163.9730508,9,5,29
1761622164.0090508,4,-1,26
1761622164.0460508,0,0,31
1761622164.084051,-8,-6,41
1761622164.120051,0,0,29
1761622164.1580508,-6,-3,35
1761622164.1950507,0,1,28
1761622164.2330508,-4,-3,37
1761622164.2700508,-4,-2,39
1761622164.3070507,-6,1,36
1761622164.3450508,1,-7,35
1761622164.3840508,3,-9,28
1761622164.4200506,-2,-1,27
1761622164.4570508,-4,-5,36
1761622164.495051,0,-2,43
1761622164.5330508,2,-4,40
1761622164.5690508,10,-5,44
1761622164.607051,3,-4,36
1761622164.6450508,1,-3,38
1761622164.6830506,0,-4,29
1761622164.7190506,2,-8,26
1761622164.758051,0,-7,34
1761622164.7950506,-4,-6,45
1761622164.834051,0,4,39
1761622164.870051,3,2,44
1761622164.9080508,0,3,44
1761622164.9450507,-1,3,37
1761622164.9830508,3,0,37
1761622165.0190508,7,-4,39
1761622165.0560508,0,-3,38
1761622165.0940506,3,-2,39
1761622165.130051,-1,4,40
1761622165.1670508,-7,5,42
1761622165.2050507,-2,2,31
1761622165.2430508,1,-6,38
1761622165.2790508,4,-9,21
1761622165.3170507,3,-6,38
1761622165.3550508,1,-1,32
1761622165.393051,3,-5,36
1761622165.4290507,0,0,41
1761622165.4670508,-5,-7,38
1761622165.505051,2,0,35
1761622165.5430508,2,0,37
1761622165.5790508,9,-4,38
1761622165.6160507,5,1,40
1761622165.6540508,-10,-5,31
1761622165.6900508,-10,-7,31
1761622165.7280507,-2,-3,25
1761622165.7650506,-1,-5,32
1761622165.8040507,1,1,41
1761622165.8400507,-4,0,40
1761622165.8860507,-2,1,32
1761622165.9240508,-2,-2,40
1761622165.9600508,0,1,32
1761622165.9970508,0,6,24
1761622166.0350506,5,2,33
1761622166.0710506,0,2,31
1761622166.1090508,3,2,38
1761622166.1460507,-4,8,28
1761622166.1840508,0,0,36
1761622166.2200508,0,0,40
1761622166.258051,0,4,37
1761622166.2950506,1,0,29
1761622166.3310506,6,-2,43
1761622166.370051,3,0,32
1761622166.4070508,-3,0,19
1761622166.4450507,-4,0,31
1761622166.4810507,-2,-1,24
1761622166.518051,0,-1,20
1761622166.5550506,-1,6,38
1761622166.5910506,1,4,49
1761622166.6280508,10,2,33
1761622166.666051,-2,-4,33
1761622166.7040508,-2,-1,37
1761622166.7400508,5,-4,37
1761622166.7770507,-1,0,31
1761622166.8160508,0,-7,38
1761622166.8540506,-8,0,35
1761622166.8900506,-2,1,36
1761622166.9280508,0,-1,28
1761622166.9660506,-3,1,36
1761622167.0040507,0,0,31
1761622167.0400507,-5,0,31
1761622167.0780506,-1,3,32
1761622167.1160507,5,2,15
1761622167.1540508,3,-7,21
1761622167.1900508,-2,-7,24
1761622167.2280507,-4,-7,23
1761622167.2660508,0,0,35
1761622167.3040507,-2,3,36
1761622167.3400507,0,1,29
1761622167.3770506,1,-1,32
1761622167.4150507,-3,-3,41
1761622167.4510508,0,-2,38
1761622167.4880507,1,-1,36
1761622167.5260508,1,-1,33
1761622167.5650508,3,-4,42
1761622167.6010506,-1,0,27
1761622167.6390507,-7,-7,25
1761622167.6770508,-2,7,24
1761622167.7150507,-6,-1,20
1761622167.7510507,-9,0,26
1761622167.7890508,0,4,21
1761622167.8260508,-2,1,26
1761622167.8640506,-6,1,35
1761622167.9000506,0,2,35
1761622167.9370508,-6,-1,27
1761622167.9760506,8,-6,27
1761622168.0120506,7,-2,26
1761622168.0490508,3,-5,36
1761622168.0860507,1,-3,33
1761622168.1220508,-1,-3,29
1761622168.1590507,5,0,37
1761622168.1960506,10,-5,41
1761622168.232051,-2,4,34
1761622168.2690508,-2,0,37
1761622168.3060508,-5,-6,32
1761622168.3460507,2,-3,40
1761622168.3820508,2,-4,27
1761622168.4190507,1,-4,44
1761622168.4570508,-4,0,35
1761622168.495051,-5,0,39
1761622168.5310507,-1,0,30
1761622168.5680506,-6,0,42
1761622168.607051,-6,1,38
1761622168.6450508,-5,-3,40
1761622168.6820507,0,-8,29
1761622168.7190506,0,-2,24
1761622168.7570508,2,0,29
1761622168.7950506,0,0,29
1761622168.8310506,-2,-1,35
1761622168.8690507,1,3,34
1761622168.9070508,-1,0,37
1761622168.9450507,0,-3,31
1761622168.9810507,0,-1,26
1761622169.0190508,7,-4,33
1761622169.0570507,5,-9,37
1761622169.0950508,2,-2,31
1761622169.1310508,1,5,31
1761622169.1690507,-2,0,30
1761622169.2070508,-7,0,30
1761622169.245051,4,6,30
1761622169.2820508,5,8,27
1761622169.3190508,-2,1,33
1761622169.357051,0,4,28
1761622169.3950508,0,0,43
1761622169.4310508,2,-5,39
1761622169.4690506,8,-6,33
1761622169.5070508,2,-6,37
1761622169.5450506,-1,0,38
1761622169.5810506,-3,-3,40
1761622169.6190507,-4,-8,39
1761622169.6570508,0,-5,38
1761622169.6950507,-2,0,30
1761622169.7310507,-1,-5,32
1761622169.7690508,-4,-1,27
1761622169.8070507,-6,-1,35
1761622169.8460507,-5,-1,39
1761622169.8820508,-7,-3,35
1761622169.9190507,0,-7,16
1761622169.9570508,0,0,19
1761622169.995051,0,1,30
1761622170.0310507,-3,0,33
1761622170.0680506,-2,0,30
1761622170.107051,0,-4,32
1761622170.143051,5,-2,36
1761622170.1800506,7,-5,35
1761622170.2170508,3,-8,37
1761622170.2530508,-3,-3,48
1761622170.291051,0,3,37
1761622170.3280506,0,3,35
1761622170.3660507,-4,-6,39
1761622170.4020507,-4,-5,38
1761622170.439051,-4,0,37
1761622170.4770508,-5,-2,35
1761622170.5130508,0,-3,36
1761622170.5500507,0,-3,19
1761622170.587051,1,-4,35
1761622170.6230507,-2,1,30
1761622170.6600506,-1,7,36
1761622170.6980507,1,-8,21
1761622170.7360508,-1,-6,27
1761622170.7720506,0,-4,32
1761622170.8090508,1,2,30
1761622170.847051,1,-2,26
1761622170.883051,-2,0,35
1761622170.9210508,-6,3,34
1761622170.9580507,1,4,30
1761622170.9960508,-2,-5,26
1761622171.0320508,-5,0,24
1761622171.0690508,5,0,33
1761622171.107051,8,-2,24
1761622171.143051,7,0,40
1761622171.1800506,6,-7,36
1761622171.2180507,0,-6,33
1761622171.2560508,5,-3,38
1761622171.2920508,1,0,50
1761622171.3290508,-7,1,32
1761622171.3680508,0,-2,32
1761622171.4060507,-4,-2,40
1761622171.4420507,-4,-5,31
1761622171.4790506,0,-7,36
1761622171.5170507,7,-4,28
1761622171.5530508,0,-4,27
1761622171.5920508,0,-2,27
1761622171.6290507,0,-1,36
1761622171.6670508,-4,0,37
1761622171.7030506,-2,-2,32
1761622171.7410507,-5,0,28
1761622171.7790508,1,3,26
1761622171.8170507,-5,4,25
1761622171.8530507,0,0,15
1761622171.8910508,0,-5,19
1761622171.9290507,-1,1,28
1761622171.9680507,-3,5,26
1761622172.0060508,0,2,20
1761622172.0420508,-1,0,28
1761622172.0790508,-1,1,25
1761622172.1170506,0,-1,28
1761622172.153051,4,5,25
1761622172.1920507,5,0,30
1761622172.2290506,0,2,18
1761622172.2670507,0,-2,16
1761622172.3030508,2,-2,23
1761622172.3400507,7,-1,28
1761622172.3780508,5,0,28
1761622172.4170508,0,-5,31
1761622172.4530506,3,0,34
1761622172.4900508,1,-1,32
1761622172.528051,-5,-7,39
1761622172.564051,-1,3,28
1761622172.6010506,-4,-2,30
1761622172.6390507,2,-7,49
1761622172.6770508,2,-4,40
1761622172.7140508,1,-3,24
1761622172.7510507,0,-2,29
1761622172.7890508,5,3,41
1761622172.8270507,0,-9,45
1761622172.8640506,0,-2,36
1761622172.9010508,7,-4,32
1761622172.9380507,2,-2,28
1761622172.9740508,0,0,29
1761622173.0110507,1,0,33
1761622173.0490508,1,-3,46
1761622173.0880508,1,0,43
1761622173.1240506,0,-1,34
1761622173.1610508,-5,0,27
1761622173.199051,-4,-6,32
1761622173.2380507,5,-6,40
1761622173.2740507,0,-2,30
1761622173.311051,-4,0,29
1761622173.3490508,-6,1,35
1761622173.3870506,2,-3,41
1761622173.4230506,-2,-4,33
1761622173.4610507,1,-3,29
1761622173.4990506,1,-3,44
1761622173.5370507,-3,-3,39
1761622173.5730507,-3,-5,36
1761622173.6110508,0,-10,36
1761622173.6490507,2,-5,39
1761622173.6870508,2,-6,34
1761622173.7230508,-2,-12,44
1761622173.7610507,4,-7,21
1761622173.7990508,-3,2,21
1761622173.837051,-4,-1,25
1761622173.8740506,-2,1,32
1761622173.9110508,-2,4,42
1761622173.949051,1,-10,32
1761622173.9870508,0,-1,41
1761622174.0230508,0,1,39
1761622174.0600507,4,-6,35
1761622174.0980508,0,-6,31
1761622174.1340508,-7,-9,29
1761622174.1710508,-4,-1,29
1761622174.209051,-9,0,36
1761622174.2470508,0,2,35
1761622174.2830508,0,-2,37
1761622174.3200507,0,1,35
1761622174.3580508,-1,6,37
1761622174.3940508,-4,-3,42
1761622174.4320507,-7,-4,31
1761622174.4710507,1,0,39
1761622174.5090508,-5,3,29
1761622174.5450506,0,2,40
1761622174.5820508,0,-4,44
1761622174.6190507,1,-4,41
1761622174.6550508,-3,0,38
1761622174.6920507,1,-5,43
1761622174.7300508,-6,0,45
1761622174.768051,0,3,32
1761622174.8040507,-4,7,23
1761622174.8410506,-1,2,26
1761622174.8790507,-2,0,28
1761622174.9150507,-3,-8,32
1761622174.9530506,-10,0,35
1761622174.9910507,-2,-3,41
1761622175.0290508,0,-5,33
1761622175.0680506,1,-10,37
1761622175.1040506,2,-7,43
1761622175.1410508,2,-7,32
1761622175.1790507,-2,-4,37
1761622175.2150507,-2,-8,29
1761622175.2530508,0,0,36
1761622175.2900507,2,-2,34
1761622175.3280506,-5,3,29
1761622175.3640506,0,2,34
1761622175.4010508,-5,-1,34
1761622175.4400508,0,-4,43
1761622175.4780507,2,0,38
1761622175.5140507,-2,-1,45
1761622175.551051,7,6,45
1761622175.5890508,1,0,50
1761622175.6250508,-6,-4,35
1761622175.663051,-6,-3,34
1761622175.7000508,-9,-5,30
1761622175.7390506,-8,-3,27
1761622175.7750506,-3,-2,19
1761622175.8120508,-9,-2,23
1761622175.8500507,-3,3,32
1761622175.8940508,0,-1,24
1761622175.9330506,5,-3,27
1761622175.9710507,5,-3,34
1761622176.0090508,-1,0,37
1761622176.0460508,0,-7,26
1761622176.0830507,2,-6,29
1761622176.120051,2,0,33
1761622176.1580508,6,-3,21
1761622176.1940508,2,-6,18
1761622176.2310507,4,-3,29
1761622176.2700508,9,-12,30
1761622176.3080506,0,-4,34
1761622176.3440506,3,-3,43
1761622176.3820508,6,-2,28
1761622176.4200506,12,-5,28
1761622176.459051,7,-13,34
1761622176.4960508,0,-8,35
1761622176.5330508,2,6,32
1761622176.5700507,5,0,35
1761622176.6060507,5,-3,26
1761622176.643051,8,-2,37
1761622176.6810508,4,-4,44
1761622176.7190506,3,-5,38
1761622176.755051,0,-2,33
1761622176.7920508,-3,1,37
1761622176.8300507,0,3,34
1761622176.8660507,1,3,23
1761622176.903051,1,-2,27
1761622176.9410508,-4,-1,33
1761622176.9800508,-3,0,30
1761622177.0160508,-4,-7,35
1761622177.0530508,4,-4,45
1761622177.0900507,3,1,40
1761622177.1260507,-1,-1,38
1761622177.1640508,-4,0,35
1761622177.2020507,4,3,37
1761622177.2400508,-1,2,33
1761622177.2760508,0,-2,31
1761622177.314051,0,-1,33
1761622177.3510506,-4,0,24
1761622177.3890507,-1,-5,23
1761622177.4250507,3,-3,17
1761622177.462051,8,0,32
1761622177.5000508,-6,0,45
1761622177.5360508,-5,-4,40
1761622177.5730507,-2,-2,40
1761622177.6120508,-1,-6,27
1761622177.6500506,1,-7,23
1761622177.686051,-1,-4,32
1761622177.7240508,-10,3,34
1761622177.7620506,-7,-2,48
1761622177.8000507,-5,-7,30
1761622177.8360507,3,0,37
1761622177.8730507,3,-1,37
1761622177.9120507,10,0,22
1761622177.9500508,3,1,36
1761622177.9860508,0,1,32
1761622178.0230508,5,3,38
1761622178.061051,0,0,29
1761622178.0990508,-6,4,32
1761622178.1350508,-1,-1,37
1761622178.1730506,-1,5,34
1761622178.2110507,-5,7,37
1761622178.2490506,4,-2,29
1761622178.2850506,5,-1,30
1761622178.3230507,-1,-2,32
1761622178.3620508,-1,-5,19
1761622178.4000506,-5,-7,29
1761622178.436051,3,-6,24
1761622178.4730508,-1,1,26
1761622178.5110507,0,4,36
1761622178.5490508,-4,2,41
1761622178.5850508,-7,-1,36
1761622178.6230507,-5,-3,38
1761622178.6610508,-2,-2,37
1761622178.7000508,1,-1,15
1761622178.7360508,-1,-5,18
1761622178.7730508,0,0,26
1761622178.811051,-1,-5,34
1761622178.847051,-4,0,25
1761622178.8840508,-3,-2,21
1761622178.9220507,-1,-5,22
1761622178.9610507,0,-8,34
1761622178.9970508,5,-1,36
1761622179.0340507,6,4,26
1761622179.0710506,-2,4,22
1761622179.110051,-11,-3,34
1761622179.1460507,-3,-3,35
1761622179.1830506,6,2,39
1761622179.2210507,11,-3,28
1761622179.2570508,1,-3,29
1761622179.2950506,0,-4,37
1761622179.3320508,0,-1,44
1761622179.370051,-3,-2,31
1761622179.4060507,-4,-1,31
1761622179.4440508,-4,-9,46
1761622179.482051,-7,-6,32
1761622179.5210507,-4,-1,40
1761622179.5570507,-7,-3,34
1761622179.5940506,0,-9,28
1761622179.6320508,0,-5,23
1761622179.6700506,4,-2,24
1761622179.7060506,3,1,35
1761622179.7430508,-1,1,32
1761622179.7810507,1,4,32
1761622179.8170507,2,3,27
1761622179.8540506,1,1,40
1761622179.8920507,-6,0,25
1761622179.9300506,-1,4,30
1761622179.9660506,-12,5,30
1761622180.0040507,-4,5,30
1761622180.0420508,0,0,39
1761622180.0810506,1,-5,28
1761622180.1170506,2,-5,30
1761622180.1540508,2,-4,25
1761622180.1920507,0,0,39
1761622180.2300508,-11,4,28
1761622180.2660508,-2,1,37
1761622180.3030508,4,-3,41
1761622180.3410506,3,1,39
1761622180.3770506,-4,-3,32
1761622180.4150507,-2,-4,29
1761622180.4530506,0,-2,37
1761622180.4910507,-9,-2,43
1761622180.5270507,-3,-9,41
1761622180.5650508,2,-5,32
1761622180.6020508,-1,-4,43
1761622180.6410508,-2,-3,37
1761622180.6770508,-2,-3,50
1761622180.7150507,0,2,26
1761622180.7520506,3,1,36
1761622180.7900507,-2,0,27
1761622180.8260508,-6,0,31
1761622180.8630507,-9,-4,40
1761622180.9020507,-5,0,32
1761622180.9400508,3,-5,33
1761622180.9760506,1,-1,36
1761622181.0130508,4,0,30
1761622181.051051,3,-2,31
1761622181.087051,2,3,31
1761622181.1240506,0,0,33
1761622181.1620507,-1,8,36
1761622181.1980507,0,2,34
1761622181.235051,2,1,28
1761622181.2720506,-1,-5,38
1761622181.311051,2,2,36
1761622181.347051,0,2,32
1761622181.3850508,4,9,32
1761622181.4220507,6,0,31
1761622181.4580507,0,0,29
1761622181.4960508,-4,6,37
1761622181.5340507,0,4,26
1761622181.5720508,-4,-3,33
1761622181.6080508,-2,6,40
1761622181.6460507,-6,0,34
1761622181.6830506,1,1,32
1761622181.7210507,5,0,21
1761622181.7570508,-2,2,16
1761622181.7940507,-4,4,31
1761622181.8320508,-1,1,38
1761622181.8680508,-1,8,35
1761622181.9050508,0,0,29
1761622181.9430506,-2,0,46
1761622181.9810507,0,-6,37
1761622182.0170507,-3,0,29
1761622182.0550506,-3,-2,19
1761622182.0940506,0,-2,21
1761622182.1320508,1,-3,24
1761622182.1680508,2,-1,34
1761622182.2050507,-12,0,39
1761622182.2430508,0,2,37
1761622182.2810507,-2,2,29
1761622182.3170507,1,-2,27
1761622182.3550508,2,1,22
1761622182.393051,-1,-1,23
1761622182.4310508,1,-1,19
1761622182.4670508,9,0,26
1761622182.505051,-2,-6,38
1761622182.5430508,8,-2,36
1761622182.5810506,5,2,33
1761622182.6170506,-1,2,31
1761622182.6540508,-4,0,31
1761622182.6930506,-2,0,38
1761622182.7310507,0,6,46
1761622182.7670507,0,3,37
1761622182.8050506,2,1,31
1761622182.8430507,1,0,31
1761622182.8810508,-6,1,33
1761622182.9170508,-5,-3,32
1761622182.9550507,-8,0,24
1761622182.9930508,-3,-1,41
1761622183.0310507,-6,0,44
1761622183.0670507,-9,0,34
1761622183.1050508,-1,-2,33
1761622183.143051,-2,-2,41
1761622183.1790507,0,0,38
1761622183.2160506,-1,-2,34
1761622183.2540507,0,-1,34
1761622183.2920508,2,-1,26
1761622183.3280506,12,-2,28
1761622183.3650508,10,8,28
1761622183.403051,6,1,34
1761622183.439051,9,-2,37
1761622183.4760506,4,1,33
1761622183.5130508,3,-3,38
1761622183.5520508,-1,-10,47
1761622183.5880508,-1,-8,42
1761622183.6250508,-3,-2,35
1761622183.663051,-5,-4,36
1761622183.7020507,-6,-6,29
1761622183.7380507,-6,-5,34
1761622183.7750506,-6,-3,32
1761622183.8130507,-5,-2,31
1761622183.8520508,-4,1,35
1761622183.8880508,-1,2,30
1761622183.9250507,0,0,26
1761622183.9630508,-4,0,28
1761622183.9990506,-1,-1,28
1761622184.0360508,1,1,37
1761622184.074051,4,0,21
1761622184.1120508,-1,3,34
1761622184.1480508,-2,-6,38
1761622184.186051,0,-7,39
1761622184.2240508,2,-4,38
1761622184.2620506,-2,0,40
1761622184.2980506,1,4,25
1761622184.3360507,4,5,33
1761622184.3740506,-3,2,36
1761622184.4120507,-2,1,38
1761622184.4480507,-1,2,30
1761622184.4860508,4,-2,38
1761622184.5240507,-4,-2,33
1761622184.5620508,0,0,30
1761622184.5980508,-3,3,42
1761622184.6360507,4,0,39
1761622184.6740508,3,-7,34
1761622184.712051,0,-2,41
1761622184.7490506,4,-2,42
1761622184.7860508,2,-7,42
1761622184.824051,-2,-5,48
1761622184.8620508,-7,-8,32
1761622184.8990507,-7,-4,27
1761622184.936051,-6,-1,33
1761622184.9740508,-7,-5,29
1761622185.0130508,-1,-3,22
1761622185.0490508,-2,-1,31
1761622185.087051,-7,-1,36
1761622185.1260507,2,-5,27
1761622185.1640508,0,0,32
1761622185.2020507,0,3,30
1761622185.2380507,2,2,26
1761622185.2760508,0,-5,25
1761622185.314051,5,1,37
1761622185.3500507,4,-1,42
1761622185.3870506,-4,-2,31
1761622185.426051,-2,-2,32
1761622185.4640508,1,0,30
1761622185.5000508,5,0,23
1761622185.5370507,1,0,37
1761622185.574051,-4,0,33
1761622185.610051,-5,1,31
1761622185.6470506,-4,1,44
1761622185.6840508,7,-3,39
1761622185.7200508,-1,3,41
1761622185.7570508,-3,-1,39
1761622185.7950506,2,-5,42
1761622185.834051,2,-8,31
1761622185.870051,-1,0,32
1761622185.916051,2,-4,28
1761622185.9540508,0,-3,28
1761622185.9900508,3,-1,21
1761622186.0290508,-4,-1,20
1761622186.0670507,-3,-2,28
1761622186.1040506,-2,4,38
1761622186.1400506,-7,0,35
1761622186.1770508,-4,-8,33
1761622186.2150507,-2,-9,40
1761622186.2540507,-1,-7,28
1761622186.2900507,2,-6,42
1761622186.3270507,3,-5,37
1761622186.3650508,4,-5,43
1761622186.403051,8,-5,40
1761622186.439051,7,-1,36
1761622186.4760506,4,-3,31
1761622186.5150506,4,-10,34
1761622186.5530508,2,-1,40
1761622186.5890508,-2,0,35
1761622186.6260507,0,-7,44
1761622186.6640508,2,-5,39
1761622186.7000508,5,-4,36
1761622186.7370508,5,0,28
1761622186.7750506,0,-1,27
1761622186.8130507,1,-2,29
1761622186.8490508,1,-2,34
1761622186.8860507,-1,-8,23
1761622186.9250507,-1,-7,33
1761622186.9630508,0,0,42
1761622186.9990506,2,-4,34
1761622187.0370507,2,5,27
1761622187.0750508,1,2,35
1761622187.1130507,-3,6,25
1761622187.1490507,-4,-1,30
1761622187.1870508,0,-1,40
1761622187.2250507,-3,3,35
1761622187.2630508,-7,2,32
1761622187.2990508,-10,4,45
1761622187.3360507,-1,4,43
1761622187.3740506,0,2,33
1761622187.4100506,-3,0,31
1761622187.4480507,5,3,25
1761622187.4860508,0,-2,28
1761622187.5250506,6,-1,37
1761622187.561051,8,-9,38
1761622187.5980508,5,-5,35
1761622187.6360507,0,-6,23
1761622187.6740508,0,-5,31
1761622187.7100508,-3,-4,28
1761622187.7490506,-2,5,31
1761622187.7860508,0,1,31
1761622187.824051,3,2,22
1761622187.860051,1,2,25
1761622187.8980508,0,1,29
1761622187.936051,-2,-6,23
1761622187.9740508,-2,-3,39
1761622188.0100508,0,2,37
1761622188.0480506,-2,-4,34
1761622188.0860507,-2,-6,32
1761622188.1250508,0,-7,42
1761622188.1610508,3,-6,43
1761622188.199051,0,-2,34
1761622188.2360508,-1,-9,26
1761622188.2750506,0,-9,18
1761622188.311051,-4,-2,26
1761622188.3490508,0,-13,23
1761622188.3860507,-5,-3,26
1761622188.4250507,-2,-5,25
1761622188.4610507,-7,-7,20
1761622188.4990506,-1,-3,34
1761622188.5360508,6,-4,40
1761622188.5750508,0,0,46
1761622188.6110508,3,-2,31
1761622188.6480508,0,-3,24
1761622188.686051,-6,0,24
1761622188.7240508,7,0,42
1761622188.7600508,-1,0,37
1761622188.7970507,-2,6,33
1761622188.8350508,-4,-4,32
1761622188.8710508,-4,0,35
1761622188.9080508,0,-8,31
1761622188.9460506,1,-7,26
1761622188.9840508,8,-9,21
1761622189.0200508,3,-4,25
1761622189.0570507,0,-5,33
1761622189.0960507,6,3,37
1761622189.1340508,10,-4,24
1761622189.1700506,7,-6,24
1761622189.2070508,-2,2,21
1761622189.245051,2,-2,28
1761622189.2810507,2,-8,37
1761622189.3180506,-3,-4,34
1761622189.3560507,1,-3,39
1761622189.3940508,-1,1,34
1761622189.4300506,-2,0,36
1761622189.4670508,-2,-5,39
1761622189.5060508,3,-5,28
1761622189.5440507,5,-3,32
1761622189.5800507,0,-2,33
1761622189.6180508,-2,-5,45
1761622189.6560507,-2,0,38
1761622189.6940508,4,-2,45
1761622189.7300508,0,1,41
1761622189.768051,2,1,29
1761622189.8060508,-2,-5,26
1761622189.8420508,-4,-9,31
1761622189.880051,-6,-4,32
1761622189.9180508,-4,1,30
1761622189.9560506,-6,0,45
1761622189.9920506,-4,-1,40
1761622190.0290508,1,1,30
1761622190.0660508,0,0,32
1761622190.1020508,-1,-3,31
1761622190.1390507,1,1,43
1761622190.1770508,2,6,48
1761622190.2150507,-1,6,31
1761622190.2510507,-7,5,29
1761622190.288051,-4,1,32
1761622190.3260508,-7,0,39
1761622190.3630507,-1,-2,39
1761622190.4000506,2,-5,30
1761622190.4370508,1,-6,27
1761622190.4750507,-4,-6,33
1761622190.5110507,5,-6,28
1761622190.5480506,0,-3,32
1761622190.5860507,3,0,43
1761622190.6220508,4,2,45
1761622190.6590507,1,1,33
1761622190.6970508,-1,-1,36
1761622190.735051,2,2,24
1761622190.7710507,-3,5,27
1761622190.8100507,-6,2,24
1761622190.847051,3,2,23
1761622190.8850508,2,-2,41
1761622190.9210508,0,-2,36
1761622190.9580507,-3,-9,30
1761622190.9970508,11,-10,30
1761622191.0350506,0,-1,30
1761622191.0710506,3,2,34
1761622191.1080508,-11,-1,20
1761622191.1470506,-4,-3,27
1761622191.1850507,-3,1,37
1761622191.2210507,-5,0,40
1761622191.258051,-3,-5,42
1761622191.2970507,-2,0,24
1761622191.3350508,3,0,34
1761622191.3710508,4,2,26
1761622191.4080508,2,1,39
1761622191.4460506,1,1,33
1761622191.482051,-1,-5,27
1761622191.5200508,0,-3,29
1761622191.5580506,-3,-1,37
1761622191.597051,2,-3,37
1761622191.6350508,-2,-1,27
1761622191.6710508,-5,0,31
1761622191.7080507,1,-7,28
1761622191.7460508,-5,-3,30
1761622191.7820508,-3,-6,40
1761622191.8200507,4,-6,35
1761622191.8580508,2,-1,30
1761622191.8960507,-5,-3,39
1761622191.9320507,-4,-1,32
1761622191.9700508,-5,-2,40
1761622192.008051,-1,-4,32
1761622192.0470507,-2,-3,41
1761622192.0830507,1,-3,28
1761622192.1210508,1,-7,27
1761622192.1580508,5,-2,28
1761622192.1960506,-2,0,32
1761622192.232051,-2,0,35
1761622192.2690508,3,2,24
1761622192.3070507,-1,-2,45
1761622192.3430507,-1,-3,37
1761622192.380051,0,-4,27
1761622192.4170508,-1,-4,29
1761622192.4560506,-4,-4,21
1761622192.4920506,-5,0,30
1761622192.5300508,-2,0,30
1761622192.5670507,0,1,37
1761622192.6030507,1,5,35
1761622192.6410508,1,0,39
1761622192.6780508,0,-1,33
1761622192.7160506,-1,-2,30
1761622192.7520506,-3,-2,32
1761622192.7890508,-4,-7,37
1761622192.8280506,-7,-4,47
1761622192.8660507,-4,2,40
1761622192.9020507,-7,1,38
1761622192.939051,2,-2,42
1761622192.9770508,0,0,47
1761622193.0130508,-3,0,45
1761622193.0500507,0,-5,38
1761622193.0880508,3,0,41
1761622193.1260507,-3,1,34
1761622193.163051,-1,3,35
1761622193.2000508,0,-3,34
1761622193.2380507,-1,0,34
1761622193.2760508,-3,1,33
1761622193.3120508,-3,-3,30
1761622193.3500507,0,1,25
1761622193.3880508,3,4,34
1761622193.426051,5,1,25
1761622193.462051,7,5,31
1761622193.4990506,7,0,44
1761622193.5370507,5,-3,36
1761622193.5730507,0,-8,32
1761622193.610051,0,-6,26
1761622193.6480508,4,-1,33
1761622193.6870508,3,-4,33
1761622193.7230508,3,-4,40
1761622193.7610507,1,-5,43
1761622193.7980506,3,-4,37
1761622193.837051,0,6,41
1761622193.8730507,-1,2,33
1761622193.9110508,0,-2,26
1761622193.9480507,0,0,38
1761622193.9840508,5,-1,37
1761622194.0210507,0,-3,41
1761622194.0580506,-3,4,36
1761622194.0940506,-5,2,36
1761622194.1320508,-1,6,40
1761622194.1690507,-4,-1,20
1761622194.2080507,11,-1,29
1761622194.2440507,7,1,44
1761622194.2810507,-1,0,34
1761622194.3180506,-1,1,36
1761622194.3540506,0,0,31
1761622194.3910508,-3,0,31
1761622194.4290507,-5,-5,37
1761622194.4680507,-4,0,27
1761622194.5040507,-2,3,22
1761622194.541051,-3,-2,34
1761622194.5790508,-2,-6,29
1761622194.6180508,-9,-9,33
1761622194.6540508,-4,-3,39
1761622194.6910508,0,-1,34
1761622194.7280507,0,-4,32
1761622194.7640507,0,2,34
1761622194.801051,5,1,33
1761622194.8390508,2,7,33
1761622194.8770506,-2,1,36
1761622194.913051,-8,-7,34
1761622194.9510508,2,-5,26
1761622194.9890506,-1,-4,31
1761622195.0270507,-7,-4,34
1761622195.0630507,-11,-1,31
1761622195.1010506,-4,-6,27
1761622195.1390507,5,-5,20
1761622195.1770508,-5,-5,29
1761622195.2130508,-7,-1,26
1761622195.2500508,-2,6,25
1761622195.288051,-3,1,34
1761622195.324051,-7,4,37
1761622195.3620508,-8,0,26
1761622195.3990507,4,-9,39
1761622195.4370508,0,-1,37
1761622195.4730508,1,0,46
1761622195.5100508,-3,2,43
1761622195.5480506,5,-4,26
1761622195.584051,0,-7,34
1761622195.6210508,6,-5,38
1761622195.6590507,-4,-6,37
1761622195.6970508,-10,-6,35
1761622195.7330508,-10,0,31
1761622195.7700508,-14,3,29
1761622195.8090508,1,-1,35
1761622195.847051,0,-3,35
1761622195.883051,2,-7,36
1761622195.9290507,0,0,39
1761622195.9670508,1,3,32
1761622196.0030508,4,4,40
1761622196.041051,-1,5,39
1761622196.0790508,-10,2,31
1761622196.1170506,1,-7,36
1761622196.153051,9,-6,31
1761622196.1910508,0,-2,28
1761622196.2290506,-3,-3,24
1761622196.2650506,5,-7,33
1761622196.3020508,1,0,30
1761622196.3390508,4,0,35
1761622196.3750508,0,3,30
1761622196.4120507,2,-4,24
1761622196.449051,3,-8,32
1761622196.4880507,-1,-2,26
1761622196.5240507,-2,2,33
1761622196.561051,-1,2,27
1761622196.5990508,3,0,36
1761622196.6350508,6,0,42
1761622196.6720507,3,-2,37
1761622196.7110507,1,-3,30
1761622196.7490506,0,1,42
1761622196.7850506,0,1,38
1761622196.8220508,2,2,32
1761622196.8590508,-4,-1,22
1761622196.8980508,-10,-4,20
1761622196.9340508,-2,0,31
1761622196.972051,-1,-3,34
1761622197.0100508,-1,-8,39
1761622197.0490508,5,-4,31
1761622197.0850508,2,-1,34
1761622197.1220508,-5,-6,37
1761622197.1600506,0,-3,42
1761622197.199051,2,-5,37
1761622197.235051,8,-4,32
1761622197.2720506,8,-1,41
1761622197.3100507,0,-1,40
1761622197.3480508,-3,0,41
1761622197.3840508,-1,-3,37
1761622197.4220507,11,0,30
1761622197.4600508,3,1,34
1761622197.4980507,-3,0,31
1761622197.5340507,6,5,20
1761622197.5720508,1,0,35
1761622197.610051,-1,4,32
1761622197.6480508,-2,-3,27
1761622197.6840508,0,-5,25
1761622197.722051,2,3,36
1761622197.7600508,0,-2,41
1761622197.7980506,5,5,47
1761622197.834051,0,-1,35
1761622197.8720508,0,-1,34
1761622197.9100506,4,7,31
1761622197.9480507,6,-2,25
1761622197.9840508,1,2,33
1761622198.0220506,-2,0,38
1761622198.061051,0,2,37
1761622198.0990508,-5,2,42
1761622198.1350508,-1,0,24
1761622198.1720507,6,-3,27
1761622198.2100508,8,-5,38
1761622198.2480507,9,-6,30
1761622198.2840507,3,0,31
1761622198.3210506,-3,0,26
1761622198.3590508,1,-1,34
1761622198.3950508,-6,-1,39
1761622198.4320507,-5,-2,32
1761622198.4700508,0,-5,35
1761622198.5060508,0,-2,33
1761622198.5430508,0,0,35
1761622198.5800507,-4,0,29
1761622198.6190507,6,-7,12
1761622198.6550508,-3,0,23
1761622198.6920507,5,4,33
1761622198.7300508,7,5,27
1761622198.7660508,-2,0,24
1761622198.8030508,1,3,33
1761622198.8400507,0,3,38
1761622198.8760507,4,3,37
1761622198.913051,4,0,35
1761622198.9500508,2,1,30
1761622198.9890506,-5,0,29
1761622199.0250506,-2,-3,33
1761622199.0620508,-3,-3,34
1761622199.1000507,-3,-3,35
1761622199.1390507,0,-5,36
1761622199.1750507,-3,-3,45
1761622199.212051,1,0,39
1761622199.2500508,-3,-1,51
1761622199.2860508,-3,5,39
1761622199.3230507,-2,-5,38
1761622199.3610508,1,4,40
1761622199.3990507,4,1,40
1761622199.4350507,5,-4,33
1761622199.4730508,3,0,38
1761622199.5110507,1,-1,27
1761622199.5490508,-8,-1,44
1761622199.5850508,-4,0,37
1761622199.6230507,-2,3,29
1761622199.6610508,-4,0,33
1761622199.699051,4,-2,35
1761622199.7360508,2,-1,30
1761622199.7730508,-9,-4,37
1761622199.811051,-5,-5,24
1761622199.8500507,-5,-4,32
1761622199.8860507,-3,0,31
1761622199.9230506,-3,-2,35
1761622199.9610507,2,-5,29
1761622199.9990506,2,-3,35
1761622200.0350506,-2,-6,40
1761622200.0730507,1,-6,33
1761622200.1110508,-2,-4,32
1761622200.1490507,0,8,30
1761622200.1850507,-1,0,28
1761622200.2230508,1,1,37
1761622200.2610507,-2,-6,32
1761622200.2990508,6,-3,31
1761622200.3350508,0,-6,25
1761622200.3730507,-2,-3,36
1761622200.4110508,-4,-3,33
1761622200.4500508,-5,-1,36
1761622200.4860508,-4,-3,41
1761622200.5230508,1,1,39
1761622200.561051,12,-1,40
1761622200.597051,-5,0,45
1761622200.6340508,0,-2,31
1761622200.6710508,-2,-5,35
1761622200.7100508,-6,3,22
1761622200.7460508,-4,0,25
1761622200.7830508,0,-3,40
1761622200.8210506,4,-6,32
1761622200.857051,8,-3,43
1761622200.8940508,-2,-6,28
1761622200.9320507,-1,-4,24
1761622200.9710507,1,0,35
1761622201.0070508,3,0,35
1761622201.0450506,6,-3,34
1761622201.0820508,0,-4,39
1761622201.120051,-3,-1,36
1761622201.1560507,-2,-3,44
1761622201.1930506,-3,-7,26
1761622201.2310507,0,1,29
1761622201.2670507,5,-7,25
1761622201.3040507,6,-3,34
1761622201.3420508,-1,0,37
1761622201.380051,-5,-1,39
1761622201.416051,1,1,45
1761622201.4540508,2,1,32
1761622201.4920506,0,0,42
1761622201.5300508,-3,2,33
1761622201.5660508,-6,1,37
1761622201.6040506,-6,-5,32
1761622201.6420507,-6,-8,44
1761622201.6810508,-7,-9,33
1761622201.7170508,-1,-5,26
1761622201.7540507,-4,-1,34
1761622201.7930508,0,0,31
1761622201.8320508,12,-2,22
1761622201.870051,7,-2,20
1761622201.9060507,0,0,27
1761622201.9430506,10,-3,36
1761622201.982051,0,-6,32
1761622202.0200508,3,-8,37
1761622202.0560508,-7,-6,33
1761622202.0930507,0,1,39
1761622202.1310508,-10,-2,24
1761622202.1670508,-7,1,22
1761622202.2040508,-4,4,34
1761622202.2420506,-2,3,33
1761622202.2800508,4,4,27
1761622202.3160508,4,3,32
1761622202.3540506,-3,-1,35
1761622202.393051,0,-2,31
1761622202.4310508,-7,7,39
1761622202.4670508,-4,5,35
1761622202.5040507,2,-3,30
1761622202.5420508,1,-4,33
1761622202.5800507,0,0,29
1761622202.6160507,-1,5,32
1761622202.6540508,-4,-5,21
1761622202.6930506,-2,-8,35
1761622202.7310507,0,-3,28
1761622202.7670507,-5,3,20
1761622202.8040507,0,-7,32
1761622202.8420508,-1,-3,38
1761622202.8810508,-5,-3,34
1761622202.9170508,-2,-6,43
1761622202.9540508,0,-4,25
1761622202.9920506,1,-4,13
1761622203.0310507,-1,0,19
1761622203.0670507,-4,-2,23
1761622203.1050508,3,2,33
1761622203.1420507,-3,-2,41
1761622203.1810508,-4,-6,29
1761622203.2170508,-3,-7,30
1761622203.255051,4,0,24
1761622203.2920508,2,0,30
1761622203.3280506,1,0,32
1761622203.3650508,4,0,30
1761622203.4020507,3,-1,21
1761622203.4380507,4,0,25
1761622203.4750507,-3,-2,35
1761622203.5130508,-5,0,22
1761622203.551051,2,0,35
1761622203.587051,-5,0,35
1761622203.6240506,-6,-4,35
1761622203.663051,-8,-7,32
1761622203.7010508,-4,-5,28
1761622203.7370508,-7,-4,31
1761622203.7740507,-6,0,16
1761622203.8120508,-1,0,31
1761622203.8480508,0,0,40
1761622203.8850508,0,2,33
1761622203.9230506,-3,-4,38
1761622203.9610507,1,-1,33
1761622203.9970508,0,-6,33
1761622204.0340507,-2,-3,41
1761622204.0730507,-2,2,31
1761622204.1110508,-6,0,27
1761622204.1470506,-1,-4,33
1761622204.1840508,2,-4,28
1761622204.2230508,0,-4,35
1761622204.2610507,-2,0,44
1761622204.2970507,-2,1,39
1761622204.334051,0,-2,21
1761622204.3730507,0,-3,37
1761622204.4110508,2,-1,34
1761622204.4470508,3,-6,36
1761622204.4840508,-5,-2,36
1761622204.5230508,-6,-3,37
1761622204.561051,-3,-3,31
1761622204.597051,-4,-5,36
1761622204.6340508,-3,-3,38
1761622204.6730506,-1,-3,41
1761622204.7110507,1,-1,36
1761622204.7470508,5,-5,26
1761622204.7840507,3,-4,27
1761622204.8220508,-2,-3,24
1761622204.8580508,-13,-1,31
1761622204.8960507,-2,0,28
1761622204.9330506,0,6,20
1761622204.9690506,0,2,25
1761622205.0060508,1,1,20
1761622205.0430508,0,0,25
1761622205.0790508,0,-1,36
1761622205.1160507,-1,-9,34
1761622205.1540508,-3,-3,29
1761622205.1930506,0,-2,48
1761622205.2290506,-1,-3,33
1761622205.2660508,-2,-7,39
1761622205.3040507,-1,0,36
1761622205.3430507,-1,-2,33
1761622205.3790507,3,0,34
1761622205.416051,-3,-4,36
1761622205.4540508,-2,-2,34
1761622205.4930508,-6,1,36
1761622205.5290508,0,1,40
1761622205.5660508,2,-1,41
1761622205.6030507,-2,-1,34
1761622205.6420507,0,1,25
1761622205.6780508,-2,0,22
1761622205.7150507,-7,-7,22
1761622205.7540507,-2,-9,23
1761622205.7920508,-5,-6,31
1761622205.8280506,-4,-4,33
1761622205.8650508,2,0,33
1761622205.9040508,3,-3,32
1761622205.9480507,4,-2,31
1761622205.9860508,1,-1,27
1761622206.0240507,0,-1,23
1761622206.0630507,11,0,31
1761622206.0990508,5,0,17
1761622206.1360507,3,3,25
1761622206.1740508,7,0,27
1761622206.212051,5,5,23
1761622206.2480507,-5,10,22
1761622206.2860508,0,3,36
1761622206.324051,-3,0,46
1761622206.3620508,-5,0,36
1761622206.3980508,0,0,40
1761622206.436051,1,0,36
1761622206.4740508,0,-8,29
1761622206.5120506,-1,-6,21
1761622206.5480506,-4,-2,30
1761622206.5860507,-3,4,32
1761622206.6240506,-2,3,19
1761622206.6620507,-4,1,27
1761622206.6980507,-8,6,28
1761622206.7360508,-1,3,33
1761622206.7740507,0,5,31
1761622206.8120508,4,-2,27
1761622206.8480508,-1,0,29
1761622206.8860507,-4,-6,33
1761622206.9250507,1,-5,28
1761622206.9630508,1,-2,22
1761622206.9990506,-4,-4,27
1761622207.0370507,-4,1,35
1761622207.0750508,-8,-3,35
1761622207.1140506,-2,-3,34
1761622207.1500506,-7,0,41
1761622207.1870508,-5,-1,36
1761622207.2250507,-12,-3,35
1761622207.2640507,-9,0,38
1761622207.3000507,-10,0,38
1761622207.337051,-1,0,46
1761622207.3740506,2,1,47
1761622207.4100506,2,-3,38
1761622207.449051,3,-2,33
1761622207.4860508,-4,-4,38
1761622207.5240507,1,-5,42
1761622207.5630507,-2,0,37
1761622207.5990508,3,-1,26
1761622207.6360507,0,1,29
1761622207.6740508,-6,0,25
1761622207.7100508,-3,1,33
1761622207.7470508,-1,3,30
1761622207.7840507,-11,-4,42
1761622207.8230507,-14,-6,37
1761622207.8590508,-13,-4,30
1761622207.8970506,-10,-1,28
1761622207.9350507,-2,0,27
1761622207.9730508,-2,0,21
1761622208.0090508,1,0,36
1761622208.0460508,2,-3,27
1761622208.0850508,5,0,26
1761622208.1230507,2,-2,29
1761622208.1590507,0,-1,43
1761622208.1960506,6,-2,40
1761622208.2340508,-3,1,41
1761622208.2700508,-2,-1,36
1761622208.3080506,-5,0,42
1761622208.3450508,5,0,50
1761622208.383051,-3,4,41
1761622208.4190507,0,0,33
1761622208.4560506,0,-1,30
1761622208.4940507,-3,1,40
1761622208.5300508,0,-2,44
1761622208.5670507,0,-3,45
1761622208.6050508,0,2,42
1761622208.643051,-4,-7,47
1761622208.6790507,-3,-6,33
1761622208.7160506,-3,-7,32
1761622208.755051,3,-5,43
1761622208.7930508,-4,1,37
1761622208.8290508,-4,0,41
1761622208.8660507,-1,0,38
1761622208.9050508,0,-1,30
1761622208.9430506,2,0,30
1761622208.9790506,7,6,34
1761622209.0160508,0,-4,28
1761622209.0550506,2,-6,38
1761622209.0910506,0,0,27
1761622209.1280508,-6,0,23
1761622209.166051,3,0,37
1761622209.2040508,0,0,31
1761622209.2400508,2,-2,42
1761622209.2770507,0,-6,37
1761622209.3150508,-3,-1,36
1761622209.3510506,-4,8,38
1761622209.3880508,-8,0,40
1761622209.4250507,-3,0,26
1761622209.4610507,2,2,32
1761622209.4980507,-2,-3,42
1761622209.5370507,5,-5,42
1761622209.5750508,0,-2,39
1761622209.6110508,-5,3,34
1761622209.6480508,-1,3,37
1761622209.686051,-5,0,36
1761622209.7250507,-3,-11,30
1761622209.7610507,0,-6,35
1761622209.7980506,-3,-4,35
1761622209.8360507,-1,-7,32
1761622209.8750508,0,-5,38
1761622209.9110508,-4,-3,25
1761622209.9480507,-6,-2,28
1761622209.9860508,-6,-4,40
1761622210.0250506,0,-1,37
1761622210.061051,0,-3,34
1761622210.0980508,-7,4,24
1761622210.1360507,-6,3,34
1761622210.1740508,0,0,38
1761622210.2100508,-7,-7,43
1761622210.2470508,-1,-2,41
1761622210.2860508,0,-4,44
1761622210.324051,9,-1,34
1761622210.360051,2,0,41
1761622210.3970506,3,-4,36
1761622210.436051,-2,4,26
1761622210.4740508,0,0,27
1761622210.5100508,5,-6,31
1761622210.5470507,1,-4,31
1761622210.5860507,2,1,24
1761622210.6240506,2,0,25
1761622210.6600506,0,-1,39
1761622210.6970508,0,-3,25
1761622210.7360508,-2,-3,34
1761622210.7740507,4,-4,43
1761622210.8100507,-1,-3,39
1761622210.847051,3,-9,38
1761622210.8860507,5,-5,42
1761622210.9240508,2,0,40
1761622210.9600508,2,6,34
1761622210.9970508,3,5,27
1761622211.0360508,0,-2,21
1761622211.074051,-3,-9,37
1761622211.110051,-1,2,38
1761622211.1480508,-6,-5,28
1761622211.186051,0,-7,27
1761622211.2240508,2,-9,38
1761622211.2600508,-1,-5,24
1761622211.2980506,0,-7,20
1761622211.3360507,3,-3,24
1761622211.3720508,4,-1,30
1761622211.4090507,2,-7,26
1761622211.4470508,2,-6,32
1761622211.4860508,-4,-6,24
1761622211.5220506,-5,-1,28
1761622211.5590508,0,2,28
1761622211.5960507,4,2,41
1761622211.6320508,0,0,27
1761622211.6700506,0,-4,32
1761622211.7070508,2,-6,30
1761622211.745051,2,-2,33
1761622211.7810507,1,-4,39
1761622211.8180506,-1,-7,41
1761622211.857051,9,0,36
1761622211.8950508,1,0,39
1761622211.9310508,2,-2,37
1761622211.9700508,-6,-3,36
1761622212.0070508,-3,1,37
1761622212.0450506,-2,0,30
1761622212.0810506,1,3,32
1761622212.1180508,-1,-3,36
1761622212.1560507,0,0,37
1761622212.1920507,3,3,35
1761622212.2290506,7,-3,30
1761622212.2670507,8,2,26
1761622212.3050506,2,5,30
1761622212.3410506,4,7,33
1761622212.3780508,2,-7,25
1761622212.4170508,1,1,40
1761622212.4550507,0,0,40
1761622212.4910507,3,1,43
1761622212.528051,1,2,32
1761622212.5660508,0,-2,27
1761622212.6020508,2,-2,29
1761622212.6400506,0,-2,44
1761622212.6770508,0,-1,29
1761622212.7150507,-2,0,31
1761622212.7510507,0,2,32
1761622212.788051,4,-4,35
1761622212.8270507,8,-8,45
1761622212.8650508,8,-6,32
1761622212.9010508,4,-2,30
1761622212.9400508,-3,4,15
1761622212.9770508,0,7,21
1761622213.0150506,-4,3,24
1761622213.051051,-3,0,31
1761622213.0890508,-2,4,30
1761622213.1270506,-5,-6,28
1761622213.166051,0,-11,30
1761622213.2020507,0,-3,32
1761622213.2400508,0,0,39
1761622213.2770507,1,0,46
1761622213.3150508,-3,-7,44
1761622213.3510506,-6,-5,36
1761622213.3890507,2,-2,20
1761622213.4270508,1,-6,20
1761622213.4630508,-2,-7,29
1761622213.5010507,4,-10,36
1761622213.538051,1,-7,32
1761622213.5770507,-7,-7,21
1761622213.6130507,1,-1,23
1761622213.6510508,3,0,30
1761622213.6880507,-2,-2,25
1761622213.7270508,-4,-10,24
1761622213.7630508,-3,-1,32
1761622213.801051,-4,1,21
1761622213.8390508,1,-2,19
1761622213.8770506,1,-1,23
1761622213.913051,-1,2,26
1761622213.9510508,-8,0,38
1761622213.9880507,-1,-6,33
1761622214.0270507,-2,-8,39
1761622214.0630507,-5,-12,41
1761622214.1010506,0,-5,37
1761622214.1380508,0,0,33
1761622214.176051,1,3,30
1761622214.212051,2,-2,32
1761622214.2490506,0,-3,31
1761622214.2870507,3,6,36
1761622214.3230507,3,4,24
1761622214.360051,8,-4,29
1761622214.3990507,0,-6,26
1761622214.4370508,-2,-3,25
1761622214.4730508,0,-5,35
1761622214.5100508,5,-8,33
1761622214.5480506,0,-9,34
1761622214.5860507,2,-9,46
1761622214.6220508,-1,-2,44
1761622214.6590507,-1,-7,37
1761622214.6980507,0,-4,39
1761622214.7360508,-3,-1,37
1761622214.7720506,-5,-3,40
1761622214.8090508,4,0,29
1761622214.847051,1,-3,29
1761622214.883051,8,-6,25
1761622214.9200506,0,-5,24
1761622214.9580507,-2,-9,36
1761622214.9960508,2,-6,40
1761622215.0320508,1,-4,32
1761622215.0690508,4,4,31
1761622215.107051,-4,-4,40
1761622215.143051,1,-2,33
1761622215.1800506,2,-8,32
1761622215.2180507,2,-2,30
1761622215.2560508,0,-1,24
1761622215.2920508,5,-3,36
1761622215.3290508,2,1,31
1761622215.3670506,6,1,36
1761622215.403051,5,-11,23
1761622215.4400508,4,2,25
1761622215.4780507,5,2,34
1761622215.5160508,10,4,40
1761622215.5520508,5,-2,32
1761622215.5890508,6,-5,41
1761622215.6270506,4,-3,33
1761622215.663051,1,-2,30
1761622215.7010508,2,1,30
1761622215.7380507,0,-7,34
1761622215.7740507,-1,-3,39
1761622215.811051,11,0,38
1761622215.8480508,6,3,32
1761622215.8870506,2,0,36
1761622215.9230506,0,0,27
1761622215.9690506,-2,0,38
1761622216.0070508,1,-1,32
1761622216.0430508,7,-6,35
1761622216.0800507,1,2,37
1761622216.1180508,4,-8,30
1761622216.1570508,0,1,38
1761622216.1930506,-3,0,34
1761622216.2300508,5,-8,30
1761622216.268051,3,-2,23
1761622216.3040507,-1,0,42
1761622216.3420508,-2,1,30
1761622216.3790507,-4,0,28
1761622216.4170508,-2,0,32
1761622216.4530506,3,0,33
1761622216.4900508,-5,-5,35
1761622216.5290508,-3,-5,29
1761622216.5670507,-2,-1,22
1761622216.6030507,3,-2,39
1761622216.6400506,0,-3,29
1761622216.6780508,4,-5,28
1761622216.7140508,2,-8,25
1761622216.7510507,5,-10,25
1761622216.7890508,-2,-4,40
1761622216.8270507,-3,-2,36
1761622216.8630507,-2,-7,33
1761622216.9010508,0,-2,37
1761622216.939051,15,2,37
1761622216.9770508,3,1,29
1761622217.0130508,0,-1,30
1761622217.051051,1,0,28
1761622217.0890508,6,1,25
1761622217.1270506,4,1,15
1761622217.163051,3,2,17
1761622217.2010508,-13,0,33
1761622217.2390506,0,1,33
1761622217.2770507,0,-1,35
1761622217.314051,-5,1,21
1761622217.3510506,-4,-2,36
1761622217.3890507,-5,-7,38
1761622217.4280508,-3,0,38
1761622217.4640508,4,0,34
1761622217.5010507,1,-2,30
1761622217.5390508,-4,-1,32
1761622217.5770507,0,-6,45
1761622217.6130507,0,2,46
1761622217.6510508,0,4,42
1761622217.689051,-5,-5,32
1761622217.7270508,-3,-4,34
1761622217.7630508,0,-2,43
1761622217.801051,0,-4,47
1761622217.8400507,2,-6,39
1761622217.8780508,-2,-3,44
1761622217.9140508,3,2,36
1761622217.9510508,5,-2,34
1761622217.9890506,3,3,29
1761622218.0250506,2,6,34
1761622218.0620508,-4,-2,37
1761622218.1000507,-1,0,27
1761622218.1380508,-1,-2,30
1761622218.1740508,-2,3,36
1761622218.2110507,-3,4,37
1761622218.2490506,-6,-2,31
1761622218.288051,-2,-5,43
1761622218.324051,-2,-3,38
1761622218.3610508,-8,-4,40
1761622218.3990507,-7,0,38
1761622218.4380507,-12,2,38
1761622218.4750507,-6,-1,37
1761622218.5120506,-6,-7,41
1761622218.5500507,-8,-5,40
1761622218.5890508,-7,-5,42
1761622218.6250508,2,3,43
1761622218.6620507,-5,2,30
1761622218.7000508,-2,-4,39
1761622218.7380507,-5,-2,24
1761622218.7740507,-2,-2,20
1761622218.811051,0,-4,28
1761622218.8490508,-4,-2,37
1761622218.8850508,-5,-4,41
1761622218.9230506,1,-8,37
1761622218.9600508,7,-2,38
1761622218.9980507,0,-5,36
1761622219.0340507,-6,-2,33
1761622219.0720508,-10,-9,36
1761622219.110051,-3,-6,37
1761622219.1490507,0,-6,36
1761622219.1850507,-4,0,34
1761622219.222051,-6,5,32
1761622219.2600508,-7,4,29
1761622219.2990508,2,-2,30
1761622219.3350508,2,-1,31
1761622219.3720508,1,0,28
1761622219.4100506,1,1,35
1761622219.4480507,3,5,36
1761622219.4840508,2,1,28
1761622219.5210507,3,1,38
1761622219.5600507,1,-4,28
1761622219.5980508,-6,-1,24
1761622219.6340508,-4,-2,28
1761622219.6730506,2,0,30
1761622219.7100508,0,1,31
1761622219.7480507,4,2,27
1761622219.7840507,1,2,30
1761622219.8210506,2,-4,26
1761622219.860051,4,-1,37
1761622219.8960507,0,8,45
1761622219.9340508,1,-4,38
1761622219.9710507,0,-1,40
1761622220.0090508,0,2,30
1761622220.0450506,6,4,22
1761622220.0820508,3,4,24
1761622220.120051,7,7,24
1761622220.1560507,5,-2,40
1761622220.1930506,-8,-6,30
1761622220.232051,-3,-6,31
1761622220.2700508,0,-2,31
1761622220.3060508,-7,4,42
1761622220.3430507,-4,-4,39
1761622220.3820508,-7,-3,35
1761622220.4200506,-3,-1,40
1761622220.4560506,-2,-5,32
1761622220.4930508,7,-5,24
1761622220.5300508,7,2,29
1761622220.5660508,5,-4,36
1761622220.6030507,-8,-5,29
1761622220.6410508,-3,0,35
1761622220.6790507,-5,-4,34
1761622220.7150507,0,-10,22
1761622220.7520506,-5,-2,30
1761622220.791051,-5,-3,26
1761622220.8290508,5,0,38
1761622220.8650508,0,6,31
1761622220.9020507,1,1,31
1761622220.9400508,5,0,35
1761622220.9760506,-1,4,35
1761622221.0130508,-6,-2,42
1761622221.051051,-9,0,39
1761622221.0890508,-6,3,39
1761622221.1250508,3,6,39
1761622221.1620507,-4,-2,32
1761622221.2010508,-7,-9,39
1761622221.2390506,-5,-4,26
1761622221.2750506,-4,3,32
1761622221.3120508,-5,0,26
1761622221.3500507,0,-2,27
1761622221.3860507,0,-2,36
1761622221.4230506,2,-4,30
1761622221.4610507,-2,-4,42
1761622221.4990506,-1,5,40
1761622221.5350506,-2,0,41
1761622221.5730507,1,-4,31
1761622221.6110508,4,-1,33
1761622221.6490507,3,-6,34
1761622221.6850507,2,-8,31
1761622221.7230508,6,-9,29
1761622221.7610507,6,-8,35
1761622221.7990508,2,0,25
1761622221.8350508,3,-1,43
1761622221.8720508,-3,8,43
1761622221.9110508,-9,2,28
1761622221.949051,-3,1,34
1761622221.985051,-3,1,34
1761622222.0220506,-3,3,32
1761622222.061051,-9,0,28
1761622222.097051,-9,3,30
1761622222.1340508,-6,1,36
1761622222.1710508,-5,4,25
1761622222.2070508,-2,-1,25
1761622222.245051,-1,-7,27
1761622222.2830508,1,0,31
1761622222.3210506,-1,3,41
1761622222.357051,0,-3,37
1761622222.3940508,-7,0,25
1761622222.4310508,0,3,46
1761622222.4670508,6,2,38
1761622222.5040507,0,0,45
1761622222.5420508,2,-1,44
1761622222.5800507,6,-10,35
1761622222.6160507,3,-4,27
1761622222.653051,0,-5,25
1761622222.6910508,-3,5,38
1761622222.7270508,-5,1,40
1761622222.7640507,-7,3,30
1761622222.801051,1,3,33
1761622222.837051,2,-2,38
1761622222.8750508,7,0,31
1761622222.9120507,3,1,33
1761622222.9500508,-2,0,37
1761622222.9860508,1,-5,29
1761622223.0230508,-6,-8,48
1761622223.0620508,-3,-2,38
1761622223.1000507,-5,-1,40
1761622223.1360507,2,-7,34
1761622223.1730506,0,-6,26
1761622223.2110507,-4,-3,24
1761622223.2470508,-4,1,23
1761622223.2840507,0,-2,33
1761622223.3220508,-3,-2,31
1761622223.360051,-7,1,28
1761622223.3960507,-7,-2,32
1761622223.4340508,-1,-5,28
1761622223.4730508,-2,-4,31
1761622223.5110507,-2,-5,34
1761622223.5470507,0,-2,32
1761622223.584051,0,0,37
1761622223.6220508,0,-7,26
1761622223.6600506,-8,-5,35
1761622223.6960506,-1,-9,45
1761622223.7340508,-2,-2,44
1761622223.7720506,-11,-3,34
1761622223.811051,-4,-2,29
1761622223.847051,-2,0,32
1761622223.8840508,-2,-4,30
1761622223.9220507,-2,-9,40
1761622223.9610507,0,-5,44
1761622223.9970508,3,-1,31
1761622224.0340507,-2,1,28
1761622224.0720508,1,-9,28
1761622224.110051,0,3,34
1761622224.1460507,-7,8,35
1761622224.1840508,-4,-4,40
1761622224.222051,-7,-2,42
1761622224.2610507,-10,4,23
1761622224.2970507,-4,1,29
1761622224.334051,0,-2,32
1761622224.3720508,0,-3,34
1761622224.4080508,-5,5,38
1761622224.4450507,-2,3,41
1761622224.4830508,-1,4,31
1761622224.5210507,-3,0,34
1761622224.5570507,5,1,44
1761622224.5940506,-4,-4,36
1761622224.6320508,0,0,29
1761622224.6680508,0,0,42
1761622224.7050507,0,-2,34
1761622224.7430508,-2,-3,28
1761622224.7820508,-1,-3,37
1761622224.8180506,-1,-1,27
1761622224.8550508,0,-2,32
1761622224.893051,-12,0,25
1761622224.9310508,-2,-1,31
1761622224.9670508,-4,-1,44
1761622225.005051,5,0,44
1761622225.0420508,5,-6,46
1761622225.0780506,4,-2,47
1761622225.1150508,8,1,51
1761622225.1520507,4,-3,39
1761622225.1910508,-5,-3,31
1761622225.2270508,-4,-1,34
1761622225.2640507,-4,6,22
1761622225.3020508,-5,7,17
1761622225.3380508,-3,2,11
1761622225.3750508,-1,0,25
1761622225.413051,1,0,23
1761622225.4510508,2,-4,23
1761622225.4870508,1,-4,27
1761622225.5250506,10,-2,21
1761622225.5630507,0,-2,26
1761622225.6010506,4,-4,37
1761622225.6370506,10,-2,31
1761622225.6740508,8,-1,24
1761622225.712051,0,1,41
1761622225.7490506,0,1,32
1761622225.7860508,9,-3,21
1761622225.8230507,-2,1,31
1761622225.8610508,3,1,23
1761622225.8970506,1,2,32
1761622225.9340508,-1,1,37
1761622225.9780507,-3,0,32
1761622226.0160508,0,5,25
1761622226.0530508,1,2,40
1761622226.0910506,-7,4,23
1761622226.1270506,-2,4,27
1761622226.1640508,-4,-1,27
1761622226.2030506,-1,-1,32
1761622226.2410507,1,-4,28
1761622226.2770507,0,0,37
1761622226.314051,-2,-3,31
1761622226.3530507,-3,-5,36
1761622226.3910508,3,-2,31
1761622226.4270508,1,-2,38
1761622226.4650507,-1,-6,39
1761622226.5030508,0,-4,25
1761622226.5420508,-3,-8,33
1761622226.5780506,3,-3,20
1761622226.6150508,0,1,20
1761622226.653051,-1,-1,26
1761622226.689051,0,-2,35
1761622226.7270508,-3,-1,35
1761622226.7650506,-5,0,28
1761622226.8030508,-4,-3,29
1761622226.8420508,-1,-3,30
1761622226.8780508,-2,0,33
1761622226.916051,-1,3,37
1761622226.9530506,4,2,25
1761622226.9900508,-2,1,26
1761622227.0270507,-4,-2,33
1761622227.0650508,-2,-2,33
1761622227.1030507,-6,4,27
1761622227.1400506,-5,0,24
1761622227.1770508,-1,1,29
1761622227.2140508,-1,2,40
1761622227.2520506,1,-5,36
1761622227.288051,-2,6,44
1761622227.3250508,-3,4,35
1761622227.3640506,-9,-2,26
1761622227.4020507,-3,-3,39
1761622227.4380507,0,-4,36
1761622227.4750507,2,-5,34
1761622227.5130508,1,-4,34
1761622227.5490508,2,-1,25
1761622227.5860507,0,-1,33
1761622227.6240506,1,1,37
1761622227.6620507,-2,-1,42
1761622227.699051,-1,-1,40
1761622227.7360508,-2,-2,40
1761622227.7740507,-3,3,34
1761622227.8120508,1,7,33
1761622227.8490508,1,5,30
1761622227.8860507,-3,4,34
1761622227.9240508,-2,1,30
1761622227.962051,-2,1,33
1761622227.9990506,0,-1,35
1761622228.0360508,-5,-11,35
1761622228.074051,-5,-3,40
1761622228.1130507,-2,-8,39
1761622228.1490507,2,-7,33
1761622228.186051,-1,5,26
1761622228.2240508,2,4,31
1761622228.2620506,-3,5,27
1761622228.2980506,0,8,37
1761622228.3360507,1,0,35
1761622228.3740506,3,-2,35
1761622228.4120507,8,-4,36
1761622228.4480507,-4,-2,39
1761622228.4860508,-6,-4,39
1761622228.5240507,-6,-9,35
1761622228.5630507,2,-9,44
1761622228.5990508,1,0,43
1761622228.6360507,-2,-1,36
1761622228.6740508,-3,-1,27
1761622228.7130508,0,0,24
1761622228.7490506,-3,0,20
1761622228.7860508,0,3,25
1761622228.824051,0,-2,29
1761622228.860051,2,-1,25
1761622228.8970506,0,0,38
1761622228.9340508,5,-1,27
1761622228.9700508,3,-7,25
1761622229.0070508,-4,0,31
1761622229.0440507,0,2,39
1761622229.0800507,3,4,43
1761622229.1170506,-11,4,36
1761622229.1540508,-6,0,38
1761622229.1930506,-3,-4,37
1761622229.2290506,-6,-8,38
1761622229.2660508,0,-1,36
1761622229.3040507,-4,4,32
1761622229.3400507,-7,0,31
1761622229.3770506,1,4,30
1761622229.4140508,0,1,31
1761622229.4500508,0,2,43
1761622229.4870508,-5,11,30
1761622229.5240507,-1,3,34
1761622229.5600507,1,2,41
1761622229.597051,1,1,31
1761622229.6350508,-5,-2,40
1761622229.6740508,-5,-3,31
1761622229.7100508,-5,1,30
1761622229.7470508,-4,-1,29
1761622229.7860508,-1,1,35
1761622229.824051,1,-3,40
1761622229.860051,6,-3,43
1761622229.8970506,2,4,43
1761622229.9350507,3,1,41
1761622229.9730508,2,5,31
1761622230.0090508,-7,1,39
1761622230.0460508,-7,-1,27
1761622230.0850508,-9,-5,36
1761622230.1230507,-5,-1,33
1761622230.1590507,0,-2,36
1761622230.1960506,0,-7,39
1761622230.235051,2,7,44
1761622230.2730508,2,-1,46
1761622230.3090508,7,-8,34
1761622230.3460507,4,0,28
1761622230.3840508,5,-3,39
1761622230.4200506,4,-5,37
1761622230.4570508,0,-2,35
1761622230.495051,-4,0,33
1761622230.5330508,-5,-2,24
1761622230.5690508,-2,-3,31
1761622230.6060507,-5,1,30
1761622230.6450508,-1,4,30
1761622230.6830506,-7,0,28
1761622230.7190506,-4,0,30
1761622230.7560508,-4,-1,41
1761622230.7950506,-2,-5,31
1761622230.8310506,-3,0,35
1761622230.8680508,-5,0,31
1761622230.9050508,-1,-2,28
1761622230.9440508,-3,0,30
1761622230.9800508,2,4,30
1761622231.018051,0,0,35
1761622231.0550506,8,-8,29
1761622231.0940506,5,-5,26
1761622231.130051,1,-3,38
1761622231.1680508,-4,-6,38
1761622231.2070508,-3,0,34
1761622231.245051,-5,2,34
1761622231.2810507,-8,-4,30
1761622231.3190508,-8,0,28
1761622231.357051,0,-4,20
1761622231.3950508,-4,0,30
1761622231.4310508,0,-1,29
1761622231.4680507,-4,-1,30
1761622231.5070508,0,0,29
1761622231.5450506,-13,-1,37
1761622231.5810506,-6,-4,43
1761622231.6180508,-10,-8,35
1761622231.6560507,-5,-10,27
1761622231.6950507,4,-11,31
1761622231.7340508,-1,0,43
1761622231.7700508,0,1,29
1761622231.8070507,-1,1,29
1761622231.8460507,-7,-4,34
1761622231.8840508,-6,-1,39
1761622231.9200506,-3,0,45
1761622231.9570508,4,-7,36
1761622231.995051,-2,0,30
1761622232.0310507,0,-3,22
1761622232.0680506,0,4,20
1761622232.1060507,-1,2,29
1761622232.1440508,-8,1,18
1761622232.1800506,-1,2,24
1761622232.2180507,7,1,27
1761622232.2560508,7,-2,39
1761622232.2940507,7,-1,38
1761622232.3300507,3,-7,37
1761622232.3680508,2,-8,43
1761622232.4060507,1,1,37
1761622232.4440508,0,0,39
1761622232.4800508,-1,0,47
1761622232.518051,2,-5,42
1761622232.5560508,-1,0,36
1761622232.5940506,-4,-3,21
1761622232.630051,-1,1,35
1761622232.6680508,1,6,37
1761622232.7060506,4,2,39
1761622232.7440507,10,-1,29
1761622232.7800508,8,-2,41
1761622232.8180506,0,-6,39
1761622232.8560507,2,1,24
1761622232.8940508,-3,0,36
1761622232.9300506,-7,-2,32
1761622232.9680507,8,2,31
1761622233.0060508,2,-1,37
1761622233.0420508,-3,-2,35
1761622233.0790508,0,-2,41
1761622233.1160507,3,-7,47
1761622233.1520507,2,-6,47
1761622233.189051,3,-5,43
1761622233.2260506,-1,-7,32
1761622233.2650506,-7,-4,27
1761622233.301051,0,3,39
1761622233.3380508,0,3,24
1761622233.3760507,0,2,28
1761622233.4150507,1,3,41
1761622233.4510508,8,-3,38
1761622233.4880507,-3,-1,24
1761622233.5260508,1,0,31
1761622233.5620508,4,4,33
1761622233.5990508,11,-2,30
1761622233.6370506,4,-1,25
1761622233.6750507,5,0,26
1761622233.7110507,7,-8,32
1761622233.7480507,4,-14,42
1761622233.7860508,7,4,37
1761622233.8220508,2,7,43
1761622233.8590508,0,-4,49
1761622233.8970506,3,-4,39
1761622233.9350507,4,-2,34
1761622233.9710507,2,-3,33
1761622234.008051,5,-1,37
1761622234.0460508,1,-3,34
1761622234.0820508,-7,0,35
1761622234.120051,-3,-3,25
1761622234.1580508,2,-3,34
1761622234.1960506,4,-3,48
1761622234.232051,-2,-1,38
1761622234.2700508,1,4,29
1761622234.3080506,1,5,30
1761622234.3460507,-2,0,26
1761622234.3820508,2,-1,37
1761622234.4200506,3,0,38
1761622234.4570508,4,-3,30
1761622234.4960508,3,-3,23
1761622234.5320508,0,1,16
1761622234.5700507,-10,3,29
1761622234.6080508,-3,0,29
1761622234.6460507,0,-3,42
1761622234.6820507,0,-2,41
1761622234.7200508,-2,-2,29
1761622234.758051,-2,-5,33
1761622234.7970507,4,-2,35
1761622234.8350508,7,-5,39
1761622234.8710508,2,-5,29
1761622234.9080508,-1,-3,34
1761622234.9470508,-5,-4,24
1761622234.985051,4,0,20
1761622235.0210507,10,-6,23
1761622235.0580506,2,-10,37
1761622235.0960507,-1,-4,35
1761622235.1320508,1,2,33
1761622235.1690507,3,4,36
1761622235.2070508,-2,-5,32
1761622235.2430508,-3,-1,35
1761622235.2800508,-4,-3,38
1761622235.3180506,-5,0,38
1761622235.3560507,0,2,26
1761622235.3920507,-1,2,32
1761622235.4290507,-4,-9,35
1761622235.4670508,0,1,35
1761622235.5030508,-6,0,41
1761622235.5400507,5,-4,36
1761622235.5780506,0,0,33
1761622235.6160507,4,-3,37
1761622235.6520507,4,-2,34
1761622235.6900508,0,3,40
1761622235.7270508,0,0,35
1761622235.7660508,0,4,39
1761622235.8020508,0,4,31
1761622235.8400507,0,-1,27
1761622235.8780508,-6,-1,14
1761622235.916051,3,3,19
1761622235.9520507,6,0,32
1761622235.9980507,3,0,31
1761622236.0360508,-3,0,34
1761622236.0720508,-5,-1,28
1761622236.110051,-1,2,34
1761622236.1480508,-2,-3,46
1761622236.1870508,-7,-4,39
1761622236.2230508,-2,-5,27
1761622236.2600508,1,-11,27
1761622236.2980506,2,-11,38
1761622236.337051,-1,0,30
1761622236.3730507,-4,2,28
1761622236.4100506,-7,-2,27
1761622236.4480507,-4,-3,35
1761622236.4870508,0,-3,31
1761622236.5230508,-1,-5,27
1761622236.561051,-6,-5,28
1761622236.5990508,-4,-4,38
1761622236.6380508,-5,-10,24
1761622236.676051,2,-10,27
1761622236.712051,4,-2,28
1761622236.7490506,0,0,30
1761622236.7870507,-6,-12,32
1761622236.8230507,-9,-4,32
1761622236.860051,1,-5,39
1761622236.8980508,0,-9,36
1761622236.936051,6,-5,42
1761622236.972051,-4,6,30
1761622237.0090508,-7,-2,29
1761622237.0480506,-5,7,33
1761622237.0860507,0,2,35
1761622237.1220508,6,-1,42
1761622237.1590507,6,-4,29
1761622237.1980507,2,-3,22
1761622237.2360508,-5,-1,35
1761622237.2720506,-4,2,46
1761622237.3100507,-6,-12,46
1761622237.3480508,-2,-2,35
1761622237.3870506,1,1,37
1761622237.4240508,0,3,31
1761622237.462051,-1,0,30
1761622237.4990506,-2,-6,24
1761622237.538051,-3,-1,24
1761622237.574051,-1,-1,28
1761622237.6120508,0,-7,28
1761622237.6490507,-12,-4,31
1761622237.6880507,0,-5,31
1761622237.7240508,5,-4,37
1761622237.7620506,1,-6,26
1761622237.7990508,7,-11,46
1761622237.837051,4,-10,38
1761622237.8730507,-5,0,29
1761622237.9110508,-4,2,35
1761622237.949051,-3,-4,30
1761622237.9880507,0,-4,34
1761622238.0240507,0,-1,32
1761622238.061051,-2,-8,29
1761622238.0990508,-6,-1,43
1761622238.1380508,-11,2,34
1761622238.1740508,-3,2,33
1761622238.2110507,0,3,32
1761622238.2490506,-3,4,36
1761622238.2870507,0,-3,32
1761622238.3230507,-1,0,38
1761622238.3620508,1,3,29
1761622238.3990507,1,0,36
1761622238.4370508,0,-2,35
1761622238.4730508,1,-4,36
1761622238.5110507,5,-4,36
1761622238.5490508,3,-2,30
1761622238.587051,0,1,43
1761622238.6230507,-1,2,41
1761622238.6610508,-2,6,41
1761622238.699051,0,2,34
1761622238.7370508,9,5,41
1761622238.7730508,5,1,33
1761622238.811051,0,-3,33
1761622238.8490508,-5,2,37
1761622238.8870506,-2,0,29
1761622238.9230506,-2,-5,42
1761622238.9610507,-9,0,34
1761622238.9990506,-1,0,46
1761622239.038051,0,7,43
1761622239.074051,2,6,32
1761622239.1120508,6,0,37
1761622239.1490507,-4,1,35
1761622239.1870508,0,-2,22
1761622239.2230508,0,0,17
1761622239.2620506,-3,-4,25
1761622239.2990508,-1,3,38
1761622239.337051,0,0,30
1761622239.3730507,-6,-4,41
1761622239.4110508,0,-12,38
1761622239.449051,0,-3,38
1761622239.4880507,3,3,37
1761622239.5240507,2,5,25
1761622239.5620508,8,1,30
1761622239.5990508,10,0,43
1761622239.6350508,-5,-6,43
1761622239.6720507,4,-1,34
1761622239.709051,-1,3,24
1761622239.7480507,3,-1,36
1761622239.7840507,5,1,39
1761622239.8210506,5,-1,30
1761622239.8590508,-5,0,32
1761622239.8950508,-3,-5,30
1761622239.9320507,0,-7,30
1761622239.9700508,0,0,22
1761622240.008051,1,-1,29
1761622240.0440507,3,0,35
1761622240.0810506,3,-3,34
1761622240.1190507,2,-4,35
1761622240.1550508,3,-7,27
1761622240.1920507,-6,-3,31
1761622240.2300508,0,-7,25
1761622240.2690508,-4,-5,22
1761622240.3050506,-9,-9,33
1761622240.3420508,4,-2,32
1761622240.380051,0,-6,36
1761622240.4180508,0,-5,37
1761622240.4540508,-3,-2,33
1761622240.4910507,0,-1,28
1761622240.5290508,-1,0,35
1761622240.5650508,3,2,31
1761622240.6030507,9,0,31
1761622240.6400506,4,7,31
1761622240.6790507,0,3,36
1761622240.7150507,1,-4,35
1761622240.7530508,1,-5,37
1761622240.7920508,6,-5,45
1761622240.8300507,2,-5,43
1761622240.8680508,3,-3,30
1761622240.9040508,0,-3,44
1761622240.9410508,-3,-6,41
1761622240.9800508,-4,-1,26
1761622241.018051,9,4,26
1761622241.0540507,0,0,36
1761622241.0910506,6,4,29
1761622241.1290507,9,0,34
1761622241.1650507,7,-3,19
1761622241.2030506,8,0,34
1761622241.2400508,11,0,38
1761622241.278051,4,2,31
1761622241.314051,-2,2,42
1761622241.3510506,0,1,34
1761622241.3890507,-7,0,32
1761622241.4250507,-5,-1,34
1761622241.462051,0,0,34
1761622241.5000508,-2,-7,32
1761622241.538051,3,-3,26
1761622241.574051,-2,4,30
1761622241.6120508,7,4,21
1761622241.6500506,0,3,30
1761622241.686051,-1,-5,31
1761622241.7230508,3,-6,25
1761622241.7610507,-3,0,25
1761622241.7990508,-2,-1,31
1761622241.8350508,-1,0,34
1761622241.8720508,0,-4,38
1761622241.9100506,-6,0,38
1761622241.9460506,-3,-2,36
1761622241.9830508,1,-5,35
1761622242.0200508,3,-2,40
1761622242.0560508,3,-1,35
1761622242.0930507,5,1,31
1761622242.130051,1,-3,33
1761622242.166051,0,-1,41
1761622242.2030506,-4,-1,33
1761622242.2410507,2,4,36
1761622242.2790508,0,4,40
1761622242.3150508,0,2,32
1761622242.3520508,-3,2,31
1761622242.3900506,-3,-3,34
1761622242.4290507,5,-1,38
1761622242.4650507,4,-3,38
1761622242.5020506,0,2,35
1761622242.5400507,1,2,33
1761622242.5760508,-3,-3,43
1761622242.6130507,4,0,31
1761622242.6510508,0,1,37
1761622242.689051,-5,-2,34
1761622242.7250507,0,-1,29
1761622242.7620506,3,-1,31
1761622242.801051,3,1,35
1761622242.8390508,0,-1,30
1761622242.8750508,-1,2,41
1761622242.913051,0,7,41
1761622242.9510508,4,-1,42
1761622242.9890506,1,-2,41
1761622243.0250506,0,-4,40
1761622243.0630507,6,-1,43
1761622243.1010506,2,4,36
1761622243.1390507,-1,-4,35
1761622243.1750507,-1,-4,38
1761622243.212051,-1,1,33
1761622243.2500508,-1,-4,37
1761622243.2860508,-2,-3,36
1761622243.3230507,-5,4,36
1761622243.3610508,0,-3,32
1761622243.3990507,-7,0,43
1761622243.4350507,1,6,39
1761622243.472051,1,5,32
1761622243.5100508,-1,0,35
1761622243.5460508,0,9,26
1761622243.5830507,-6,0,33
1761622243.6210508,-9,1,31
1761622243.6590507,-3,-1,25
1761622243.6950507,4,-1,33
1761622243.732051,1,-6,26
1761622243.7710507,4,1,25
1761622243.8070507,4,-2,39
1761622243.8450508,5,0,40
1761622243.8820508,-3,-2,30
1761622243.9210508,0,-3,27
1761622243.9570508,-4,0,24
1761622243.9940507,-7,0,45
1761622244.0320508,-5,-4,55
1761622244.0710506,-3,3,48
1761622244.107051,-1,2,41
1761622244.1440508,4,-3,38
1761622244.1810508,5,-3,40
1761622244.2170508,-1,2,42
1761622244.255051,-8,0,37
1761622244.2920508,0,-1,38
1761622244.3300507,0,-1,36
1761622244.3660507,-1,-1,45
1761622244.4050508,-1,-1,45
1761622244.4430506,6,0,31
1761622244.4810507,8,3,31
1761622244.5170507,2,-8,32
1761622244.5550506,-2,-7,23
1761622244.5920508,-5,4,32
1761622244.630051,6,4,41
1761622244.666051,2,-5,31
1761622244.7050507,-1,-4,33
1761622244.7430508,1,-2,33
1761622244.7810507,-8,7,15
1761622244.8170507,-5,2,30
1761622244.8540506,2,-5,42
1761622244.893051,5,-7,35
1761622244.9310508,-3,-2,33
1761622244.9670508,-3,-5,33
1761622245.0040507,4,-2,25
1761622245.0430508,3,0,26
1761622245.0810506,0,0,21
1761622245.1170506,-4,0,26
1761622245.1540508,-12,1,37
1761622245.1920507,-6,0,39
1761622245.2300508,0,1,27
1761622245.2660508,2,-1,39
1761622245.3030508,7,0,23
1761622245.3410506,-2,2,39
1761622245.3770506,4,0,36
1761622245.4140508,-4,0,28
1761622245.4520507,-4,0,32
1761622245.4900508,0,-1,10
1761622245.5260508,-5,4,25
1761622245.5630507,0,0,34
1761622245.6010506,-4,-6,35
1761622245.6370506,-3,5,36
1761622245.6740508,-6,-8,43
1761622245.712051,-3,3,30
1761622245.7510507,3,0,27
1761622245.7870507,3,-5,29
1761622245.824051,0,-3,23
1761622245.8620508,5,0,33
1761622245.9000506,6,-3,37
1761622245.936051,-2,0,29
1761622245.9730508,-1,-4,29
1761622246.018051,0,-1,24
1761622246.0550506,2,-7,26
1761622246.0930507,0,-4,27
1761622246.1310508,6,-6,30
1761622246.1680508,0,-5,37
1761622246.2050507,0,-3,30
1761622246.2420506,-3,-3,33
1761622246.2810507,-3,-2,28
1761622246.3170507,-2,-1,40
1761622246.3540506,1,-2,29
1761622246.3920507,6,1,24
1761622246.4280508,6,-4,32
1761622246.4650507,10,-6,32
1761622246.5020506,3,0,36
1761622246.538051,0,-6,31
1761622246.5760508,0,1,34
1761622246.6130507,0,2,35
1761622246.6510508,3,5,20
1761622246.6870508,-2,4,17
1761622246.7240508,0,3,32
1761622246.7620506,0,0,39
1761622246.7980506,-6,6,33
1761622246.8350508,-6,5,30
1761622246.8730507,0,-2,36
1761622246.9110508,1,-2,34
1761622246.9470508,3,-2,31
1761622246.985051,-3,1,27
1761622247.0230508,-3,0,40
1761622247.061051,2,-2,39
1761622247.097051,-1,-3,30
1761622247.1350508,-6,1,30
1761622247.1730506,-2,-4,25
1761622247.2110507,1,-5,41
1761622247.2470508,2,-2,31
1761622247.2850506,3,-11,38
1761622247.3230507,-3,1,38
1761622247.3610508,-6,3,31
1761622247.3970506,-8,0,18
1761622247.4350507,0,-4,30
1761622247.4730508,5,-5,20
1761622247.5110507,3,-4,24
1761622247.5470507,0,-5,36
1761622247.584051,0,3,39
1761622247.6230507,4,5,34
1761622247.6610508,3,-6,25
1761622247.6970508,-6,0,23
1761622247.735051,-5,0,34
1761622247.7730508,-7,0,32
1761622247.811051,0,-7,32
1761622247.847051,1,1,31
1761622247.8850508,-2,0,38
1761622247.9230506,2,-1,33
1761622247.9610507,-4,0,36
1761622247.9970508,3,3,34
1761622248.0350506,1,3,30
1761622248.0730507,3,0,29
1761622248.1090508,-3,-4,40
1761622248.1470506,-6,-3,46
1761622248.1850507,-3,4,32
1761622248.2230508,-3,4,41
1761622248.2590508,-2,0,35
1761622248.2960508,-4,8,45
1761622248.3330507,-3,-4,40
1761622248.3720508,-7,0,25
1761622248.4080508,4,0,37
1761622248.4460506,6,-1,30
1761622248.4830508,3,-8,40
1761622248.5190508,-2,-2,37
1761622248.5560508,-3,4,30
1761622248.5930507,5,5,25
1761622248.6290507,5,-4,28
1761622248.666051,5,0,36
1761622248.7040508,4,8,30
1761622248.7420506,3,6,43
1761622248.778051,0,-1,34
1761622248.8150508,0,-2,27
1761622248.8530507,-1,0,25
1761622248.8890507,1,-2,33
1761622248.926051,5,-4,34
1761622248.9630508,-1,-8,40
1761622249.0020506,4,-7,29
1761622249.038051,3,-5,29
1761622249.0750508,-3,1,47
1761622249.1140506,1,4,39
1761622249.1520507,0,2,26
1761622249.1880507,1,0,22
1761622249.2260506,-8,-1,34
1761622249.2640507,-7,-1,29
1761622249.3020508,-2,-5,18
1761622249.3380508,-6,-7,20
1761622249.3760507,-10,-8,29
1761622249.4140508,-6,0,25
1761622249.4520507,-5,-1,45
1761622249.4880507,-10,0,49
1761622249.5260508,-3,8,45
1761622249.564051,1,6,45
1761622249.6020508,4,7,30
1761622249.6380508,-3,0,22
1761622249.6750507,4,-1,28
1761622249.7140508,3,-1,44
1761622249.7520506,1,2,35
1761622249.788051,0,0,35
1761622249.8250508,0,0,35
1761622249.8630507,-1,0,20
1761622249.8990507,1,10,33
1761622249.9370508,-2,1,25
1761622249.9740508,-1,0,27
1761622250.0130508,1,-6,31
1761622250.0490508,-4,-2,26
1761622250.087051,-3,-3,21
1761622250.1250508,-5,-4,34
1761622250.1640508,-4,-1,32
1761622250.2020507,-4,-4,36
1761622250.2380507,-4,-3,42
1761622250.2760508,-9,-6,40
1761622250.314051,-5,-5,45
1761622250.3530507,8,0,43
1761622250.3890507,2,-1,44
1761622250.426051,-4,9,43
1761622250.4640508,5,-2,35
1761622250.5000508,0,-8,39
1761622250.5370507,0,-3,33
1761622250.5750508,5,-6,35
1761622250.6130507,4,-3,34
1761622250.6490507,-1,-6,27
1761622250.6870508,-2,-1,35
1761622250.7250507,-2,-12,39
1761622250.7640507,6,-1,40
1761622250.8000507,2,-3,33
1761622250.837051,-2,-4,42
1761622250.8750508,-3,-8,28
1761622250.9140508,1,2,42
1761622250.9500508,0,-3,41
1761622250.9870508,-5,8,31
1761622251.0240507,-2,4,36
1761622251.0600507,-1,0,28
1761622251.097051,-3,0,32
1761622251.1340508,-3,0,39
1761622251.1730506,-2,-2,34
1761622251.209051,-2,0,28
1761622251.2460508,-7,6,43
1761622251.2840507,6,-1,27
1761622251.3200507,2,-3,29
1761622251.3580508,2,1,34
1761622251.3950508,5,0,35
1761622251.4340508,0,0,36
1761622251.4700508,-3,-2,37
1761622251.5090508,0,6,28
1761622251.5460508,0,-1,36
1761622251.584051,-3,-4,40
1761622251.620051,0,3,40
1761622251.6580508,-8,1,36
1761622251.6960506,0,1,37
1761622251.7340508,-4,-2,37
1761622251.7710507,-2,-5,23
1761622251.8080506,6,-5,21
1761622251.8460507,-3,2,35
1761622251.8850508,0,3,29
1761622251.9230506,-2,-3,31
1761622251.959051,0,0,37
1761622251.9960508,-2,-1,43
1761622252.0350506,3,-5,48
1761622252.0730507,-10,-3,54
1761622252.1090508,1,1,43
1761622252.1460507,5,-1,38
1761622252.1840508,-1,-3,40
1761622252.2200508,-6,-1,37
1761622252.258051,-5,-6,35
1761622252.2960508,5,0,20
1761622252.334051,2,-5,25
1761622252.370051,-3,-5,25
1761622252.4080508,-1,-6,30
1761622252.4460506,0,1,29
1761622252.4840508,-3,0,34
1761622252.5200508,2,0,33
1761622252.5570507,3,-6,44
1761622252.5950508,4,-9,37
1761622252.6310508,0,-3,38
1761622252.6680508,0,2,39
1761622252.7050507,-4,-1,25
1761622252.7440507,2,0,28
1761622252.7800508,0,0,28
1761622252.8170507,-4,-4,40
1761622252.8550508,1,-2,25
1761622252.8910508,0,-2,29
1761622252.9280508,0,-3,34
1761622252.9660506,-2,2,41
1761622253.0040507,8,0,34
1761622253.0400507,4,0,31
1761622253.0770507,-9,4,32
1761622253.1150508,-7,4,25
1761622253.1510508,-3,2,27
1761622253.1880507,0,3,32
1761622253.2250507,-5,2,36
1761622253.2640507,0,-2,30
1761622253.3000507,-3,-5,38
1761622253.337051,-10,-2,39
1761622253.3760507,5,-3,26
1761622253.4140508,-4,0,21
1761622253.4500508,-1,-3,32
1761622253.4880507,0,0,29
1761622253.5260508,-1,-2,39
1761622253.564051,2,1,33
1761622253.6000507,-9,-2,25
1761622253.6380508,-7,-5,26
1761622253.676051,8,-6,29
1761622253.7140508,0,-1,42
1761622253.7500508,-1,0,40
1761622253.788051,2,0,32
1761622253.8260508,0,-4,35
1761622253.8640506,-1,1,39
1761622253.9000506,3,4,48
1761622253.9370508,2,0,44
1761622253.9750507,3,-6,34
1761622254.0110507,13,-7,44
1761622254.0480506,4,-1,45
1761622254.0860507,3,-7,34
1761622254.1240506,0,-9,40
1761622254.1600506,-3,-12,35
1761622254.1970508,-1,-7,36
1761622254.2360508,-2,0,37
1761622254.2740507,3,5,34
1761622254.3100507,-4,-6,45
1761622254.3480508,0,-6,42
1761622254.3860507,-2,-7,20
1761622254.4250507,-7,-2,28
1761622254.4610507,-4,-4,32
1761622254.4980507,-1,-9,38
1761622254.5360508,-1,-5,27
1761622254.5750508,4,0,22
1761622254.6110508,-2,-2,23
1761622254.6480508,-9,-4,34
1761622254.686051,-11,-5,37
1761622254.7250507,0,-2,35
1761622254.7610507,4,4,41
1761622254.7980506,-4,0,31
1761622254.8360507,0,-7,36
1761622254.8720508,-5,-8,36
1761622254.9100506,-1,-2,24
1761622254.9480507,4,0,44
1761622254.9860508,6,-3,35
1761622255.0220506,9,-7,32
1761622255.0590508,3,0,28
1761622255.0960507,-1,-1,20
1761622255.1350508,-2,-4,21
1761622255.1710508,1,-6,23
1761622255.2080507,-6,-7,31
1761622255.2460508,-4,-4,35
1761622255.2850506,-3,-5,37
1761622255.3210506,6,2,39
1761622255.3580508,8,3,29
1761622255.3960507,0,0,36
1761622255.4320507,0,0,40
1761622255.4690506,5,1,33
1761622255.5070508,3,3,23
1761622255.5450506,5,2,30
1761622255.5810506,11,8,27
1761622255.6190507,5,4,38
1761622255.6570508,-1,-1,32
1761622255.6950507,1,0,33
1761622255.7310507,1,0,27
1761622255.768051,-1,-1,26
1761622255.8070507,-2,-6,35
1761622255.8450508,-5,-4,40
1761622255.8810508,-3,-1,33
1761622255.9200506,2,-1,27
1761622255.9570508,-1,0,33
1761622255.995051,-8,0,26
1761622256.0390508,-4,1,31
1761622256.0770507,-5,0,33
1761622256.1160507,0,-3,16
1761622256.1520507,-6,-11,25
1761622256.189051,0,3,25
1761622256.2270508,-1,2,30
1761622256.2650506,-1,-5,35
1761622256.301051,-5,-3,30
1761622256.3390508,-5,7,29
1761622256.3770506,4,9,33
1761622256.416051,1,3,30
1761622256.4520507,-4,0,24
1761622256.4890506,-1,-1,29
1761622256.5270507,1,-2,35
1761622256.5660508,-3,-5,25
1761622256.6020508,-8,-1,30
1761622256.6390507,-7,-3,34
1761622256.6770508,-1,-8,30
1761622256.7160506,-5,-5,30
1761622256.7520506,-3,-7,26
1761622256.7890508,3,-3,28
1761622256.8270507,-3,-7,29
1761622256.8630507,3,-11,39
1761622256.9010508,-7,-5,39
1761622256.939051,3,-4,37
1761622256.9770508,3,2,33
1761622257.0130508,3,0,40
1761622257.051051,-5,-3,40
1761622257.0890508,-2,-1,33
1761622257.1270506,-3,-3,28
1761622257.166051,-6,-5,17
1761622257.2020507,-5,-4,29
1761622257.2390506,5,0,29
1761622257.2770507,2,8,29
1761622257.3130507,5,9,29
1761622257.3510506,2,0,24
1761622257.3880508,-4,-5,17
1761622257.4270508,1,-4,24
1761622257.4630508,-1,-6,35
1761622257.5020506,4,-3,40
1761622257.5400507,12,4,35
1761622257.5770507,4,-6,36
1761622257.6130507,-1,-3,27
1761622257.6510508,5,0,37
1761622257.689051,2,10,42
1761622257.7270508,8,2,31
1761622257.7630508,8,6,30
1761622257.8000507,0,1,47
1761622257.8380508,-1,0,29
1761622257.8760507,2,0,33
1761622257.9120507,-2,1,39
1761622257.9500508,-9,-4,29
1761622257.9880507,0,-6,30
1761622258.0270507,0,-1,40
1761622258.0630507,-2,2,22
1761622258.1000507,-1,3,24
1761622258.1380508,-9,2,32
1761622258.176051,0,-5,24
1761622258.212051,0,-3,27
1761622258.2500508,0,-4,37
1761622258.288051,-6,-2,44
1761622258.3260508,-4,-2,30
1761622258.3620508,-5,-1,29
1761622258.4000506,2,1,31
1761622258.4380507,2,-1,33
1761622258.4760506,0,-3,33
1761622258.5120506,-3,-3,33
1761622258.5500507,-3,4,30
1761622258.5880508,-2,4,25
1761622258.6260507,-3,-7,27
1761622258.6620507,-4,-6,24
1761622258.7000508,-13,-1,26
1761622258.7390506,-5,-5,32
1761622258.7770507,0,-2,26
1761622258.8130507,0,-6,26
1761622258.8510506,7,-8,33
1761622258.8880508,6,-1,15
1761622258.9240508,0,0,28
1761622258.9610507,4,2,27
1761622258.9980507,1,-3,33
1761622259.0340507,0,0,41
1761622259.0710506,-10,-3,38
1761622259.1090508,-5,-6,29
1761622259.1480508,-5,-5,29
1761622259.1840508,-5,-6,29
1761622259.222051,1,-10,25
1761622259.2590508,3,0,23
1761622259.2970507,3,5,37
1761622259.3330507,-3,2,36
1761622259.370051,0,1,36
1761622259.4080508,0,2,34
1761622259.4440508,7,-5,40
1761622259.4810507,0,-1,28
1761622259.518051,-5,1,34
1761622259.5540507,-6,-3,34
1761622259.5920508,-2,-4,43
1761622259.630051,1,-1,41
1761622259.6680508,-2,-4,32
1761622259.7040508,-5,-6,35
1761622259.7420506,-1,-7,23
1761622259.7800508,-2,-1,40
1761622259.8190508,-1,-7,38
1761622259.857051,2,-3,43
1761622259.893051,-4,-1,32
1761622259.9300506,-1,3,26
1761622259.9680507,-1,7,32
1761622260.005051,1,3,32
1761622260.0420508,-6,0,37
1761622260.0800507,-6,-1,48
1761622260.1180508,-2,-3,32
1761622260.1540508,0,-5,25
1761622260.1910508,0,-6,19
1761622260.2290506,-1,-4,32
1761622260.268051,-5,-11,36
1761622260.3040507,3,-7,35
1761622260.3420508,9,0,44
1761622260.3790507,1,-4,40
1761622260.4180508,-3,2,38
1761622260.4540508,0,-7,38
1761622260.4910507,2,-7,30
1761622260.5290508,2,-1,23
1761622260.5670507,0,4,36
1761622260.6030507,-3,0,35
1761622260.6400506,-6,0,32
1761622260.6790507,-4,1,42
1761622260.7170508,-9,0,36
1761622260.7530508,4,0,39
1761622260.7900507,8,-2,41
1761622260.8290508,1,6,33
1761622260.8670506,-2,2,37
1761622260.903051,-2,-4,36
1761622260.9410508,0,0,33
1761622260.9790506,2,1,33
1761622261.0170507,0,4,29
1761622261.0530508,-3,7,41
1761622261.0900507,1,0,37
1761622261.1280508,-5,-2,37
1761622261.1640508,-6,-4,40
1761622261.2010508,2,-3,30
1761622261.2390506,5,0,40
1761622261.2750506,0,-4,38
1761622261.3130507,-12,-1,32
1761622261.3500507,-7,-3,37
1761622261.3890507,-4,-4,38
1761622261.4250507,-1,-1,38
1761622261.4630508,-2,0,33
1761622261.5010507,0,0,48
1761622261.5390508,2,-1,37
1761622261.5750508,7,-6,37
1761622261.6130507,4,-1,45
1761622261.6500506,0,-1,30
1761622261.6880507,-2,-4,23
1761622261.7240508,1,-5,28
1761622261.7610507,-1,-4,41
1761622261.8000507,2,2,31
1761622261.8380508,0,1,40
1761622261.8740506,0,-5,39
1761622261.9110508,7,-5,31
1761622261.949051,1,-5,38
1761622261.985051,-1,-7,39
1761622262.0220506,1,-1,40
1761622262.0600507,0,2,37
1761622262.0980508,1,0,35
1761622262.1340508,6,5,28
1761622262.1720507,-2,8,30
1761622262.2100508,-14,-3,37
1761622262.2480507,0,-5,29
1761622262.2840507,0,3,33
1761622262.3210506,11,0,30
1761622262.3590508,4,-6,33
1761622262.3950508,-2,2,29
1761622262.4330506,0,1,34
1761622262.4700508,3,-3,33
1761622262.508051,3,-7,41
1761622262.5440507,2,-1,30
1761622262.5810506,1,-6,34
1761622262.6190507,-4,-2,35
1761622262.6560507,-8,3,31
1761622262.6930506,-4,0,30
1761622262.7310507,-10,3,31
1761622262.7690508,-11,0,34
1761622262.8050506,0,0,33
1761622262.8420508,-6,-5,35
1761622262.880051,-2,-3,39
1761622262.9190507,-3,1,35
1761622262.9550507,-2,-8,21
1761622262.9930508,-6,5,38
1761622263.0310507,0,-4,32
1761622263.0690508,5,1,39
1761622263.1050508,4,3,37
1761622263.1420507,-3,0,24
1761622263.1800506,-5,2,40
1761622263.2180507,6,-2,36
1761622263.2540507,5,3,36
1761622263.291051,1,3,28
1761622263.3290508,6,-5,33
1761622263.3650508,7,-2,30
1761622263.4020507,-1,-2,28
1761622263.4400508,-1,0,36
1761622263.4790506,11,3,37
1761622263.5150506,4,2,33
1761622263.5520508,0,4,34
1761622263.5900507,3,9,25
1761622263.6260507,1,5,24
1761622263.6640508,-1,0,36
1761622263.7020507,-3,-4,33
1761622263.7400508,1,2,38
1761622263.7760508,0,3,35
1761622263.814051,1,2,27
1761622263.8510506,-7,-6,34
1761622263.8900506,1,-5,42
1761622263.926051,9,2,42
1761622263.9640508,0,2,31
1761622264.0010507,7,0,30
1761622264.0390508,1,0,31
1761622264.0750508,-1,0,30
1761622264.1120508,0,-2,27
1761622264.1500506,-8,0,31
1761622264.186051,-8,3,28
1761622264.2230508,-10,1,22
1761622264.2610507,-1,5,28
1761622264.2990508,6,0,24
1761622264.3350508,-5,-1,25
1761622264.3730507,3,0,26
1761622264.4110508,-1,2,25
1761622264.449051,4,0,31
1761622264.4860508,3,3,23
1761622264.5230508,0,-2,36
1761622264.561051,-2,-7,33
1761622264.6000507,-5,-5,42
1761622264.6360507,1,-7,34
1761622264.6730506,2,-1,23
1761622264.7110507,8,0,26
1761622264.7490506,6,-1,31
1761622264.7850506,7,-7,33
1761622264.8220508,0,1,30
1761622264.860051,0,0,37
1761622264.8960507,-1,-10,41
1761622264.9330506,-3,-3,24
1761622264.9710507,-2,-1,31
1761622265.0100508,-2,0,31
1761622265.0460508,3,6,31
1761622265.0830507,4,3,44
1761622265.1210508,5,-6,32
1761622265.1590507,-2,-5,28
1761622265.1950507,1,-5,22
1761622265.232051,-2,-2,17
1761622265.2710507,1,4,25
1761622265.3090508,-7,3,24
1761622265.3450508,-5,-4,34
1761622265.3820508,-4,1,23
1761622265.4200506,-1,-1,27
1761622265.4560506,1,-5,25
1761622265.4930508,3,0,34
1761622265.5310507,-1,0,29
1761622265.5670507,-1,-5,33
1761622265.6050508,-6,-2,36
1761622265.643051,2,-5,32
1761622265.6810508,-1,-4,34
1761622265.7170508,-2,-5,29
1761622265.7540507,0,-7,33
1761622265.791051,4,-3,32
1761622265.8280506,0,0,41
1761622265.8650508,4,-7,32
1761622265.9020507,0,1,50
1761622265.9400508,-1,1,37
1761622265.9760506,-6,-1,28
1761622266.0130508,-10,0,36
1761622266.0570507,-3,0,40
1761622266.0950508,1,-1,45
1761622266.133051,-4,0,37
1761622266.1710508,0,-7,34
1761622266.2070508,1,-6,38
1761622266.2440507,-3,1,35
1761622266.2810507,-3,3,33
1761622266.3170507,0,3,36
1761622266.3540506,2,-6,22
1761622266.3920507,0,0,39
1761622266.4300506,-1,-2,42
1761622266.4660506,0,1,29
1761622266.5040507,-10,0,29
1761622266.5420508,-8,-6,30
1761622266.5800507,2,-1,18
1761622266.6160507,1,0,24
1761622266.653051,-8,0,40
1761622266.6920507,-4,-5,34
1761622266.7300508,0,2,36
1761622266.7660508,1,0,30
1761622266.8030508,1,1,43
1761622266.8410506,-2,-1,43
1761622266.8770506,0,1,25
1761622266.9140508,0,-1,24
1761622266.9520507,9,0,26
1761622266.9900508,6,-5,22
1761622267.0260508,0,-3,41
1761622267.064051,-2,-6,37
1761622267.1020508,-7,-14,31
1761622267.1400506,-6,-9,35
1761622267.176051,-4,-10,47
1761622267.2140508,0,0,40
1761622267.2520506,3,-5,38
1761622267.2900507,-1,-3,30
1761622267.3260508,-2,-6,39
1761622267.3640506,-1,1,34
1761622267.4020507,11,-1,36
1761622267.4400508,3,-4,46
1761622267.4770508,2,0,44
1761622267.5140507,7,-2,33
1761622267.5520508,-1,-6,32
1761622267.5880508,0,0,30
1761622267.6250508,0,0,29
1761622267.6620507,4,1,36
1761622267.6980507,0,1,36
1761622267.735051,0,-3,28
1761622267.7720506,4,-2,26
1761622267.8080506,3,1,32
1761622267.8450508,3,0,29
1761622267.8820508,-3,-2,32
1761622267.9210508,1,-4,23
1761622267.9570508,6,-4,23
1761622267.9940507,0,-2,13
1761622268.0320508,2,-3,28
1761622268.0680506,2,1,33
1761622268.1050508,-5,-2,23
1761622268.143051,0,-1,37
1761622268.1820507,-2,-1,41
1761622268.2180507,-4,-6,25
1761622268.255051,0,-6,33
1761622268.2920508,3,0,27
1761622268.3280506,5,0,29
1761622268.3650508,-10,0,25
1761622268.403051,-1,-8,20
1761622268.4420507,-3,-1,23
1761622268.4780507,-3,-7,32
1761622268.5150506,-4,-13,41
1761622268.5530508,0,-5,44
1761622268.5910506,0,0,27
1761622268.6270506,6,2,26
1761622268.6640508,2,0,28
1761622268.7020507,-4,4,43
1761622268.7380507,-7,2,29
1761622268.7750506,-4,-6,24
1761622268.814051,-2,-5,26
1761622268.8520508,-1,-2,32
1761622268.8880508,1,-2,41
1761622268.9250507,-2,-1,35
1761622268.9630508,1,-1,33
1761622269.0020506,-2,0,26
1761622269.038051,5,0,40
1761622269.0750508,7,-6,36
1761622269.1130507,5,-7,51
1761622269.1510508,11,0,39
1761622269.1870508,1,-5,38
1761622269.2240508,-7,0,37
1761622269.2630508,3,0,37
1761622269.301051,0,-6,22
1761622269.337051,-2,-1,31
1761622269.3740506,-2,2,36
1761622269.413051,-1,0,35
1761622269.4510508,5,-2,30
1761622269.4870508,8,-1,31
1761622269.5250506,3,-4,30
1761622269.5630507,-4,0,17
1761622269.6010506,0,-11,26
1761622269.6370506,2,-4,30
1761622269.6740508,3,-4,35
1761622269.7130508,-4,-3,39
1761622269.7490506,-3,-4,32
1761622269.7870507,-5,-2,29
1761622269.8260508,-2,-5,29
1761622269.8630507,4,-5,32
1761622269.8990507,-2,0,37
1761622269.936051,7,-4,26
1761622269.9740508,0,-3,23
1761622270.0130508,2,-1,28
1761622270.0490508,2,-6,32
1761622270.087051,-1,-6,23
1761622270.1240506,1,0,25
1761622270.1620507,-5,-8,26
1761622270.1980507,-8,-7,25
1761622270.2360508,-4,0,22
1761622270.2740507,-3,-6,19
1761622270.3130507,-3,-6,27
1761622270.3490508,0,-3,28
1761622270.3860507,0,-4,34
1761622270.4230506,2,0,26
1761622270.459051,-3,-2,38
1761622270.4960508,0,0,26
1761622270.5330508,3,-4,34
1761622270.5720508,8,0,25
1761622270.6080508,1,4,27
1761622270.6460507,2,6,33
1761622270.6840508,-1,11,27
1761622270.722051,2,2,34
1761622270.758051,3,4,38
1761622270.7950506,3,0,41
1761622270.8330507,-1,-7,41
1761622270.8690507,4,-3,27
1761622270.9060507,9,-2,33
1761622270.9440508,-3,2,40
1761622270.982051,0,1,23
1761622271.018051,0,0,18
1761622271.0560508,-1,0,21
1761622271.0940506,-4,0,44
1761622271.1320508,-7,-2,38
1761622271.1680508,3,-1,37
1761622271.2050507,4,-2,37
1761622271.2430508,-1,0,50
1761622271.2790508,4,0,45
1761622271.3160508,0,1,38
1761622271.3540506,-4,-2,34
1761622271.3920507,-6,-2,41
1761622271.4280508,1,0,35
1761622271.4650507,4,-1,38
1761622271.5030508,-1,-3,44
1761622271.5390508,0,-4,35
1761622271.5760508,0,0,28
1761622271.6140506,-1,0,32
1761622271.6520507,-2,2,36
1761622271.6880507,-1,4,28
1761622271.7250507,6,0,26
1761622271.7630508,0,-3,35
1761622271.7990508,-4,-3,35
1761622271.8360507,-1,-2,22
1761622271.8750508,-3,-3,22
1761622271.913051,-2,1,30
1761622271.949051,-1,0,30
1761622271.9860508,0,0,27
1761622272.0240507,-6,-1,31
1761622272.0600507,0,-6,26
1761622272.097051,-3,0,31
1761622272.1350508,-5,-5,24
1761622272.1740508,-11,-6,31
1761622272.2100508,-8,-7,37
1761622272.2470508,-2,-9,42
1761622272.2850506,-1,-8,35
1761622272.324051,4,-4,36
1761622272.360051,2,-6,27
1761622272.3970506,3,-2,32
1761622272.4350507,-8,-3,35
1761622272.4740508,4,-5,34
1761622272.5100508,5,-7,33
1761622272.5470507,-4,-6,29
1761622272.5850508,-1,-6,32
1761622272.6240506,0,-6,37
1761622272.6600506,0,1,42
1761622272.6980507,-4,-7,38
1761622272.735051,-1,-3,32
1761622272.7740507,3,-6,28
1761622272.8100507,0,-4,33
1761622272.8480508,0,-5,31
1761622272.8850508,-1,-5,23
1761622272.9240508,-10,-4,26
1761622272.9600508,-5,0,35
1761622272.9970508,-4,0,31
1761622273.0350506,2,5,31
1761622273.0730507,-2,3,36
1761622273.1090508,-7,3,35
1761622273.1460507,0,0,42
1761622273.1840508,-9,0,34
1761622273.2200508,-8,1,32
1761622273.2570508,-5,-4,25
1761622273.2950506,-2,2,36
1761622273.3330507,4,-9,32
1761622273.3690507,1,-6,50
1761622273.4070508,-6,-1,34
1761622273.4450507,-4,1,35
1761622273.4830508,-5,0,38
1761622273.5190508,3,-6,40
1761622273.5560508,-1,-3,29
1761622273.5950508,2,-4,32
1761622273.633051,-4,0,43
1761622273.6690507,-5,0,39
1761622273.7060506,-2,-6,36
1761622273.745051,0,-6,49
1761622273.7830508,5,-3,30
1761622273.8200507,1,-4,35
1761622273.857051,0,-3,35
1761622273.8950508,-5,-2,30
1761622273.9330506,1,-2,42
1761622273.9690506,0,-3,34
1761622274.0060508,-2,0,20
1761622274.0450506,-1,-1,35
1761622274.0810506,5,-3,25
1761622274.1180508,0,0,26
1761622274.1550508,0,-6,34
1761622274.1910508,1,-8,35
1761622274.2280507,-2,-3,34
1761622274.2660508,1,-8,31
1761622274.3040507,0,-4,27
1761622274.3400507,0,-2,34
1761622274.3770506,-3,1,39
1761622274.4150507,3,-2,28
1761622274.4510508,0,-2,26
1761622274.4880507,0,-1,26
1761622274.5250506,0,0,40
1761622274.564051,8,0,29
1761622274.6000507,7,-8,43
1761622274.6370506,0,-3,30
1761622274.6750507,-2,-4,39
1761622274.7110507,2,-5,42
1761622274.7480507,-3,0,38
1761622274.7860508,-6,-3,26
1761622274.8250508,6,-3,28
1761622274.8610508,0,0,33
1761622274.8980508,0,-7,34
1761622274.936051,-5,-6,22
1761622274.9750507,0,-1,28
1761622275.0110507,2,-6,37
1761622275.0480506,0,0,25
1761622275.0860507,-3,10,22
1761622275.1240506,0,0,24
1761622275.1600506,2,-7,25
1761622275.1980507,3,-8,34
1761622275.2360508,4,-6,32
1761622275.2740507,2,-8,35
1761622275.3100507,-7,-5,34
1761622275.3480508,1,-2,30
1761622275.3860507,-4,-4,33
1761622275.4250507,-6,-5,39
1761622275.4610507,-8,-8,38
1761622275.4990506,0,-4,31
1761622275.5360508,-7,-8,42
1761622275.5750508,-6,-6,39
1761622275.6110508,0,-7,25
1761622275.6480508,0,-10,33
1761622275.686051,0,-4,25
1761622275.7240508,0,-1,26
1761622275.7600508,-3,-5,36
1761622275.7990508,-5,-7,41
1761622275.8360507,-8,-4,28
1761622275.8750508,-7,1,30
1761622275.9110508,2,7,28
1761622275.949051,0,6,38
1761622275.9860508,-6,2,33
1761622276.0240507,-3,-5,35
1761622276.0680506,0,1,37
1761622276.1060507,-2,6,35
1761622276.1450508,-4,0,35
1761622276.1810508,-1,5,41
1761622276.2180507,2,0,37
1761622276.2560508,8,6,30
1761622276.2920508,5,1,26
1761622276.3290508,3,-4,36
1761622276.3660507,2,0,29
1761622276.4020507,4,-1,31
1761622276.439051,3,-2,31
1761622276.4760506,-1,0,28
1761622276.5120506,0,0,32
1761622276.5490508,2,6,33
1761622276.5860507,2,0,29
1761622276.6250508,-7,4,39
1761622276.6610508,-7,5,30
1761622276.6980507,4,6,37
1761622276.7360508,2,-6,26
1761622276.7720506,-4,-5,30
1761622276.8100507,1,4,41
1761622276.847051,4,4,28
1761622276.8850508,1,2,24
1761622276.9210508,0,2,31
1761622276.9580507,-3,-1,37
1761622276.9960508,4,-4,29
1761622277.0350506,4,2,32
1761622277.0710506,-1,5,33
1761622277.1080508,0,-3,31
1761622277.1470506,8,2,39
1761622277.1850507,-2,-3,34
1761622277.2210507,4,-2,36
1761622277.258051,-2,-6,29
1761622277.2970507,-1,-6,37
1761622277.3350508,2,-2,33
1761622277.3710508,2,-2,25
1761622277.4080508,-1,-2,26
1761622277.4470508,-5,1,29
1761622277.485051,0,-11,31
1761622277.5210507,-2,-9,39
1761622277.5580506,-7,-5,43
1761622277.597051,-6,-4,36
1761622277.6350508,-5,-4,43
1761622277.6710508,-6,-4,46
1761622277.7080507,-1,0,27
1761622277.7460508,-1,-6,21
1761622277.7820508,0,-5,30
1761622277.8190508,-3,0,30
1761622277.857051,0,-2,21
1761622277.8950508,-5,1,15
1761622277.9310508,-5,0,23
1761622277.9680507,-5,0,32
1761622278.0060508,-5,-6,38
1761622278.0420508,-8,0,37
1761622278.0790508,-2,-5,38
1761622278.1170506,-3,-5,37
1761622278.1560507,-6,2,32
1761622278.1920507,-7,1,27
1761622278.2290506,-12,1,32
1761622278.2670507,0,-4,34
1761622278.3060508,3,0,41
1761622278.3420508,-2,-1,32
1761622278.3790507,-3,-1,41
1761622278.4170508,6,-5,34
1761622278.4560506,4,-1,39
1761622278.4920506,-1,-3,42
1761622278.5290508,-3,0,36
1761622278.5670507,3,2,34
1761622278.6030507,9,5,27
1761622278.6400506,3,-4,28
1761622278.6780508,0,-7,35
1761622278.7170508,3,-4,35
1761622278.7530508,-3,-4,38
1761622278.791051,4,-1,33
1761622278.8280506,0,-9,33
1761622278.8660507,2,0,31
1761622278.9020507,0,-2,30
1761622278.939051,-3,-2,30
1761622278.9770508,-5,0,33
1761622279.0160508,0,3,43
1761622279.0520508,0,0,42
1761622279.0890508,-2,-1,32
1761622279.1280508,0,0,31
1761622279.166051,-2,2,34
1761622279.2020507,-1,0,40
1761622279.2390506,2,2,31
1761622279.2770507,1,-1,39
1761622279.3130507,4,-10,27
1761622279.3500507,-1,-4,21
1761622279.3880508,0,3,27
1761622279.4270508,1,-2,29
1761622279.4630508,1,-5,34
1761622279.5000508,-2,-8,34
1761622279.538051,-4,-6,36
1761622279.5770507,1,-1,40
1761622279.6130507,-2,-2,36
1761622279.6510508,-4,-7,33
1761622279.6880507,-1,-4,36
1761622279.7270508,0,-2,15
1761622279.7630508,0,-8,26
1761622279.8000507,-3,-11,33
1761622279.8380508,-7,-8,33
1761622279.8770506,-4,1,33
1761622279.913051,2,-1,28
1761622279.9500508,-3,-4,41
1761622279.9880507,0,-1,32
1761622280.0270507,4,0,31
1761622280.0630507,2,-5,29
1761622280.1000507,3,1,28
1761622280.1380508,-10,-2,34
1761622280.176051,-2,0,27
1761622280.212051,-6,1,25
1761622280.2490506,-3,-2,29
1761622280.288051,-1,0,27
1761622280.3260508,-3,-7,26
1761622280.3620508,2,-2,48
1761622280.4000506,-5,-1,41
1761622280.4380507,-5,-1,38
1761622280.4770508,3,-3,41
1761622280.5130508,-3,-4,31
1761622280.5500507,0,-7,25
1761622280.5880508,1,-11,35
1761622280.6240506,4,-7,37
1761622280.6610508,2,-5,33
1761622280.6980507,3,-4,26
1761622280.7340508,0,1,27
1761622280.7710507,5,-7,23
1761622280.8090508,-2,-8,26
1761622280.8480508,1,0,31
1761622280.8840508,-2,2,31
1761622280.9210508,2,1,39
1761622280.959051,0,-1,31
1761622280.9970508,-2,-3,37
1761622281.0330508,2,-2,19
1761622281.0710506,-3,0,20
1761622281.1090508,-5,-2,34
1761622281.1480508,-2,-3,46
1761622281.1840508,3,-3,43
1761622281.2210507,0,-4,37
1761622281.2590508,0,0,33
1761622281.2970507,-2,0,43
1761622281.3330507,3,-1,45
1761622281.3710508,4,-4,41
1761622281.4090507,-6,3,34
1761622281.4470508,0,0,31
1761622281.4830508,-1,0,29
1761622281.5200508,-2,-3,27
1761622281.5590508,-5,5,36
1761622281.597051,0,4,39
1761622281.633051,1,2,33
1761622281.6700506,2,1,27
1761622281.7080507,0,0,28
1761622281.7440507,0,-5,35
1761622281.7810507,0,0,40
1761622281.8190508,-4,-2,36
1761622281.857051,-7,1,30
1761622281.893051,1,4,45
1761622281.9300506,0,-3,36
1761622281.9680507,2,-5,33
1761622282.0040507,0,-10,33
1761622282.0420508,13,-2,28
1761622282.0790508,10,-5,43
1761622282.1180508,4,-4,39
1761622282.1540508,5,-4,36
1761622282.1920507,7,-5,28
1761622282.2290506,3,-2,38
1761622282.268051,3,-2,46
1761622282.3040507,0,-2,37
1761622282.3420508,-2,-9,29
1761622282.380051,0,-4,19
1761622282.4190507,-2,-7,32
1761622282.4570508,5,-3,29
1761622282.4930508,4,8,31
1761622282.5300508,3,-2,37
1761622282.5690508,-11,-6,32
1761622282.607051,-11,-6,29
1761622282.643051,-1,-1,30
1761622282.6800506,0,-6,30
1761622282.7180507,-2,-5,43
1761622282.7540507,0,0,39
1761622282.7920508,-6,-8,31
1761622282.8300507,0,-16,26
1761622282.8690507,0,-5,35
1761622282.9050508,0,-3,18
1761622282.9420507,-2,-4,32
1761622282.9810507,8,-6,31
1761622283.0190508,3,-2,35
1761622283.0550506,5,-8,30
1761622283.0920508,1,-7,35
1761622283.1290507,-9,-3,45
1761622283.1680508,3,-3,40
1761622283.2040508,1,-3,36
1761622283.2420506,3,0,38
1761622283.2790508,1,-5,37
1761622283.3150508,-1,-7,28
1761622283.3520508,0,-2,37
1761622283.3900506,-6,-4,37
1761622283.4280508,-9,-5,35
1761622283.4640508,-7,0,29
1761622283.5010507,1,3,36
1761622283.5390508,4,0,34
1761622283.5750508,0,2,31
1761622283.6130507,4,5,32
1761622283.6500506,5,0,33
1761622283.689051,5,1,33
1761622283.7250507,4,-5,38
1761622283.7630508,-1,-3,39
1761622283.801051,-5,7,41
1761622283.8390508,5,-4,22
1761622283.8750508,0,-3,24
1761622283.9120507,-1,-5,20
1761622283.9500508,2,-3,15
1761622283.9890506,0,0,29
1761622284.0250506,-2,-3,27
1761622284.0630507,-2,0,21
1761622284.1010506,-4,-3,36
1761622284.1400506,-1,-3,43
1761622284.1780508,-2,-4,37
1761622284.2140508,0,-6,21
1761622284.2510507,-2,-3,32
1761622284.2900507,3,1,34
1761622284.3280506,0,2,29
1761622284.3640506,-2,-1,23
1761622284.4010508,-1,-2,28
1761622284.4400508,-4,-5,37
1761622284.4780507,-4,-4,44
1761622284.5140507,-3,-1,42
1761622284.551051,0,-6,35
1761622284.5900507,-3,-3,32
1761622284.6280508,-7,-6,18
1761622284.6640508,1,-5,27
1761622284.7010508,0,2,34
1761622284.7390506,-3,1,35
1761622284.7750506,-8,-3,36
1761622284.8120508,-7,2,36
1761622284.8500507,-5,-3,37
1761622284.8890507,3,-2,41
1761622284.9250507,1,1,31
1761622284.962051,2,-3,22
1761622285.0000508,1,-8,34
1761622285.0390508,0,0,18
1761622285.0750508,0,-2,36
1761622285.1120508,-3,-5,29
1761622285.1500506,0,-3,28
1761622285.189051,8,-1,40
1761622285.2250507,-2,0,27
1761622285.2620506,-6,4,35
1761622285.3000507,-1,7,24
1761622285.3360507,-2,0,22
1761622285.3730507,0,-1,28
1761622285.4100506,8,5,32
1761622285.4460506,9,8,31
1761622285.4830508,-1,-3,31
1761622285.5210507,5,0,35
1761622285.5590508,-2,-2,33
1761622285.5950508,2,1,35
1761622285.6320508,-4,-5,27
1761622285.6710508,-4,0,27
1761622285.709051,-8,-2,39
1761622285.745051,-5,0,34
1761622285.7820508,-4,-6,35
1761622285.8210506,0,0,37
1761622285.8590508,-1,2,34
1761622285.8950508,-4,4,30
1761622285.9320507,0,4,18
1761622285.9700508,-5,3,47
1761622286.0060508,1,-3,47
1761622286.0430508,-2,-1,21
1761622286.0890508,12,0,35
1761622286.1250508,11,1,26
1761622286.163051,9,3,29
1761622286.2010508,-1,4,31
1761622286.2390506,-2,-2,23
1761622286.2750506,0,1,24
1761622286.3130507,-7,4,40
1761622286.3510506,-1,0,29
1761622286.3890507,-2,-3,28
1761622286.4250507,0,-10,32
1761622286.462051,0,-8,39
1761622286.5010507,7,1,37
1761622286.5390508,-1,-4,39
1761622286.5750508,-1,-3,39
1761622286.6120508,0,-3,25
1761622286.6510508,-8,-7,31
1761622286.689051,0,-9,33
1761622286.7250507,3,-14,35
1761622286.7620506,9,-2,38
1761622286.801051,-3,-2,38
1761622286.8390508,6,-1,38
1761622286.8750508,0,1,40
1761622286.913051,-4,-2,41
1761622286.9510508,1,-9,33
1761622286.9890506,-2,-1,32
1761622287.0250506,0,-6,34
1761622287.0630507,7,-3,29
1761622287.1010506,0,-3,32
1761622287.1370506,9,-3,33
1761622287.1740508,0,-3,27
1761622287.2110507,3,-7,33
1761622287.2470508,-3,-4,32
1761622287.2840507,-3,-2,30
1761622287.3220508,-8,-6,28
1761622287.3610508,-8,-4,36
1761622287.3970506,1,-1,38
1761622287.4340508,-1,-1,41
1761622287.472051,-1,-5,37
1761622287.5110507,3,-1,34
1761622287.5470507,0,-2,36
1761622287.584051,0,0,27
1761622287.6210508,0,0,38
1761622287.6570508,1,-4,35
1761622287.6940508,7,-1,43
1761622287.732051,0,-2,34
1761622287.7700508,1,1,23
1761622287.8060508,0,0,23
1761622287.8430507,2,-3,18
1761622287.8810508,-5,-5,17
1761622287.9170508,-3,-5,21
1761622287.9550507,1,-1,37
1761622287.9920506,0,1,37
1761622288.0300508,0,-5,43
1761622288.0660508,1,0,35
1761622288.1030507,0,0,49
1761622288.1410508,1,0,34
1761622288.1770508,-5,2,44
1761622288.2150507,-3,-2,39
1761622288.2530508,4,-3,38
1761622288.291051,7,0,41
1761622288.3270507,-5,-3,42
1761622288.3660507,0,-5,38
1761622288.403051,-9,-4,33
1761622288.4420507,-3,-2,29
1761622288.4800508,4,0,23
1761622288.5160508,10,-2,21
1761622288.5530508,3,-8,29
1761622288.5910506,2,1,37
1761622288.6270506,2,-3,26
1761622288.6640508,11,-3,28
1761622288.7020507,4,-6,33
1761622288.7400508,-1,-3,31
1761622288.7760508,-2,-1,47
1761622288.814051,-2,-6,39
1761622288.8520508,-4,-2,30
1761622288.8910508,0,3,33
1761622288.9270508,0,-2,36
1761622288.9640508,-3,0,37
1761622289.0020506,-1,-2,27
1761622289.0400507,-3,0,28
1761622289.0760508,-2,3,35
1761622289.1130507,-1,1,35
1761622289.1510508,0,-3,36
1761622289.1870508,1,-6,33
1761622289.2250507,3,-3,38
1761622289.2620506,0,-6,33
1761622289.301051,0,5,31
1761622289.337051,0,-7,24
1761622289.3740506,1,-4,21
1761622289.4120507,0,-2,29
1761622289.4480507,-3,1,25
1761622289.485051,-5,0,34
1761622289.5230508,-5,-2,35
1761622289.5620508,-7,-5,22
1761622289.5980508,2,-1,24
1761622289.6350508,1,3,24
1761622289.6730506,-1,1,28
1761622289.7110507,-1,3,30
1761622289.7470508,-2,4,29
1761622289.7840507,5,1,44
1761622289.8220508,3,0,29
1761622289.8580508,3,2,23
1761622289.8950508,-1,0,34
1761622289.9320507,-1,0,33
1761622289.9680507,5,1,28
1761622290.0060508,3,0,32
1761622290.0430508,5,-3,39
1761622290.0810506,-4,-6,48
1761622290.1170506,1,-7,36
1761622290.1540508,-1,4,39
1761622290.1920507,6,1,40
1761622290.2280507,6,1,29
1761622290.2650506,-6,2,30
1761622290.3030508,4,-2,44
1761622290.3410506,6,-3,44
1761622290.3770506,1,2,33
1761622290.4140508,0,0,38
1761622290.4520507,-2,-1,42
1761622290.4880507,0,3,45
1761622290.5250506,-4,3,31
1761622290.5630507,0,3,18
1761622290.6010506,0,-6,29
1761622290.6370506,7,-6,21
1761622290.6740508,5,0,28
1761622290.712051,0,-3,45
1761622290.7480507,4,-4,40
1761622290.7850506,-1,5,34
1761622290.8230507,-1,0,35
1761622290.8610508,-4,4,33
1761622290.8970506,0,0,42
1761622290.9340508,0,7,32
1761622290.972051,-1,9,31
1761622291.008051,1,1,31
1761622291.0450506,7,3,23
1761622291.0830507,4,2,32
1761622291.1210508,-2,-2,29
1761622291.1570508,0,-2,29
1761622291.1950507,5,-8,36
1761622291.2330508,11,-7,40
1761622291.2710507,-3,1,34
1761622291.3070507,-3,3,32
1761622291.3450508,7,1,32
1761622291.383051,6,2,20
1761622291.4200506,6,-6,19
1761622291.4570508,-2,-5,29
1761622291.495051,1,0,33
1761622291.5330508,2,-2,39
1761622291.5690508,1,-1,39
1761622291.6060507,-5,1,33
1761622291.6440508,-2,-1,33
1761622291.6830506,2,-2,49
1761622291.7190506,-2,3,51
1761622291.7570508,0,4,37
1761622291.7940507,-5,3,19
1761622291.8320508,-7,5,29
1761622291.8680508,-2,1,35
1761622291.9050508,2,0,31
1761622291.9430506,3,0,27
1761622291.9790506,-3,-3,37
1761622292.0160508,1,-6,36
1761622292.0530508,1,-7,35
1761622292.0890508,0,-8,31
1761622292.1260507,1,0,25
1761622292.163051,2,0,28
1761622292.199051,-2,2,42
1761622292.2360508,6,0,42
1761622292.2730508,0,-1,42
1761622292.3090508,-10,0,39
1761622292.3460507,-5,1,33
1761622292.3840508,6,0,37
1761622292.4220507,6,0,33
1761622292.4580507,-2,1,48
1761622292.495051,0,-4,33
1761622292.5330508,3,-5,31
1761622292.5690508,1,-8,32
1761622292.607051,10,-4,23
1761622292.6440508,5,0,30
1761622292.6820507,2,2,25
1761622292.7180507,5,1,21
1761622292.755051,0,-1,19
1761622292.7930508,1,0,25
1761622292.8290508,7,-2,30
1761622292.8660507,1,-3,39
1761622292.9040508,0,-3,35
1761622292.9420507,2,-3,34
1761622292.9780507,1,-2,27
1761622293.0150506,2,0,26
1761622293.0530508,2,1,27
1761622293.0890508,0,0,34
1761622293.1260507,5,-10,28
1761622293.1640508,8,-10,34
1761622293.2020507,-2,-7,42
1761622293.2380507,-5,-4,37
1761622293.2760508,5,-3,29
1761622293.314051,-4,-5,25
1761622293.3530507,-2,1,19
1761622293.3890507,1,-3,26
1761622293.426051,0,-2,21
1761622293.4640508,3,1,21
1761622293.5020506,0,0,29
1761622293.538051,-1,0,30
1761622293.5750508,6,-8,33
1761622293.6130507,0,3,34
1761622293.6490507,-5,4,32
1761622293.686051,4,-2,37
1761622293.7240508,-5,-8,39
1761622293.7630508,-2,0,34
1761622293.7990508,-2,4,44
1761622293.8360507,-4,-3,30
1761622293.8740506,1,-2,29
1761622293.913051,-1,0,20
1761622293.949051,-6,-3,23
1761622293.9860508,-7,-2,29
1761622294.0240507,-4,-4,35
1761622294.0630507,-1,0,38
1761622294.0990508,0,-4,40
1761622294.1360507,5,-5,32
1761622294.1740508,5,-5,44
1761622294.2100508,-8,2,36
1761622294.2470508,-3,5,36
1761622294.2840507,-1,8,30
1761622294.3200507,2,6,31
1761622294.357051,1,1,26
1761622294.3940508,-5,-6,31
1761622294.4330506,-11,3,26
1761622294.4690506,-2,0,22
1761622294.5060508,-3,1,29
1761622294.5450506,-7,1,29
1761622294.5830507,-5,0,31
1761622294.6190507,-2,-8,29
1761622294.6560507,-5,-2,26
1761622294.6950507,0,-4,26
1761622294.7330508,0,2,42
1761622294.7690508,-3,-1,35
1761622294.8060508,0,-8,28
1761622294.8440506,0,-5,37
1761622294.880051,1,-5,45
1761622294.9170508,2,-4,37
1761622294.9550507,2,-2,36
1761622294.9930508,-2,6,39
1761622295.0290508,-1,2,33
1761622295.0660508,2,5,32
1761622295.1050508,-11,8,37
1761622295.143051,0,-1,30
1761622295.1790507,-1,0,37
1761622295.2160506,-1,-2,32
1761622295.255051,2,2,29
1761622295.2930508,2,-2,37
1761622295.3290508,-1,3,32
1761622295.3660507,-6,4,28
1761622295.4050508,0,-1,32
1761622295.4430506,-2,8,26
1761622295.4790506,-7,1,36
1761622295.5160508,-5,-2,31
1761622295.5550506,0,2,45
1761622295.5930507,-8,0,52
1761622295.6290507,-4,-1,36
1761622295.666051,-5,-1,25
1761622295.7050507,-8,-9,39
1761622295.7410507,-6,-1,43
1761622295.778051,0,2,37
1761622295.8150508,3,-2,33
1761622295.8530507,0,0,32
1761622295.8890507,7,6,40
1761622295.926051,2,1,33
1761622295.9640508,5,7,33
1761622296.0000508,2,4,35
1761622296.0370507,6,0,45
1761622296.0750508,-10,1,51
1761622296.1180508,-2,2,32
1761622296.1560507,1,0,36
1761622296.1940508,2,1,29
1761622296.2300508,5,2,43
1761622296.268051,2,-2,34
1761622296.3050506,-1,1,14
1761622296.3410506,-3,5,10
1761622296.3780508,-3,4,27
1761622296.4150507,7,1,37
1761622296.4510508,1,3,29
1761622296.4880507,-2,1,27
1761622296.5260508,-2,3,30
1761622296.564051,3,2,26
1761622296.6000507,0,-1,25
1761622296.6370506,0,-1,34
1761622296.676051,0,-3,25
1761622296.7140508,-12,2,36
1761622296.7500508,-6,0,33
1761622296.7870507,0,-4,40
1761622296.8250508,-4,-6,33
1761622296.8610508,-3,-6,42
1761622296.8980508,-3,0,30
1761622296.936051,1,2,29
1761622296.9740508,0,1,45
1761622297.0100508,3,-5,29
1761622297.0470507,-3,-10,34
1761622297.0860507,-7,-7,31
1761622297.1240506,0,0,27
1761622297.1600506,0,-3,38
1761622297.1980507,-2,0,26
1761622297.2360508,-1,3,32
1761622297.2740507,3,0,25
1761622297.3100507,4,2,31
1761622297.347051,2,2,40
1761622297.3850508,0,-1,37
1761622297.4210508,-7,-1,28
1761622297.459051,-2,0,32
1761622297.4960508,6,1,41
1761622297.5340507,0,-2,48
1761622297.5700507,0,0,38
1761622297.607051,0,-2,43
1761622297.6450508,-5,-1,34
1761622297.6810508,-1,0,29
1761622297.7190506,-4,-4,31
1761622297.7570508,3,0,31
1761622297.7950506,3,-1,33
1761622297.8310506,-1,-3,28
1761622297.8680508,-8,0,27
1761622297.9060507,-10,-1,29
1761622297.9450507,-3,1,30
1761622297.9810507,5,0,37
1761622298.018051,-1,-5,33
1761622298.0560508,5,0,34
1761622298.0920508,1,-4,39
1761622298.1290507,-6,0,38
1761622298.166051,-2,-1,27
1761622298.2050507,-4,0,39
1761622298.2410507,-8,3,26
1761622298.2790508,-6,-4,34
1761622298.3170507,-2,-2,39
1761622298.3560507,2,0,36
1761622298.3920507,-1,1,28
1761622298.4290507,4,-2,26
1761622298.4660506,2,3,33
1761622298.5020506,3,-2,31
1761622298.5390508,5,0,24
1761622298.5760508,-2,-1,25
1761622298.6150508,-5,-2,30
1761622298.6510508,-4,-2,29
1761622298.6880507,2,0,32
1761622298.7260506,1,0,32
1761622298.7620506,6,-2,37
1761622298.7990508,-1,-2,31
1761622298.8380508,2,0,43
1761622298.8760507,1,-1,26
1761622298.9120507,6,-1,31
1761622298.949051,10,-3,39
1761622298.9870508,4,4,32
1761622299.0250506,2,-1,29
1761622299.061051,-3,-10,42
1761622299.0980508,0,-1,36
1761622299.1370506,3,0,38
1761622299.1750507,3,0,35
1761622299.2110507,0,3,30
1761622299.2480507,-7,-1,27
1761622299.2870507,1,1,32
1761622299.3250508,0,-2,34
1761622299.3610508,2,0,36
1761622299.3980508,-8,-1,37
1761622299.4370508,-1,-10,31
1761622299.4750507,1,-8,40
1761622299.5110507,0,-6,29
1761622299.5480506,-2,-4,33
1761622299.587051,-6,0,29
1761622299.6250508,-5,-11,29
1761622299.6610508,5,-7,35
1761622299.699051,2,-2,35
1761622299.7370508,0,0,39
1761622299.7750506,-2,4,26
1761622299.811051,0,-2,33
1761622299.8480508,4,4,28
1761622299.8870506,-3,1,28
1761622299.9250507,1,1,24
1761622299.9610507,-2,5,25
1761622299.9980507,0,7,34
1761622300.0360508,4,5,33
1761622300.0720508,5,3,39
1761622300.1090508,-2,-4,19
1761622300.1470506,-4,2,31
1761622300.1830506,-4,0,27
1761622300.2200508,-6,0,24
1761622300.258051,-4,2,28
1761622300.2960508,0,7,26
1761622300.3320508,1,4,27
1761622300.3690507,2,4,45
1761622300.4070508,3,-2,45
1761622300.4430506,-1,5,40
1761622300.4800508,-1,1,32
1761622300.5170507,2,-6,23
1761622300.5560508,3,-8,25
1761622300.5920508,0,-1,33
1761622300.6290507,-2,-1,27
1761622300.6670508,6,-2,35
1761622300.7060506,-2,-1,31
1761622300.7420506,-1,-4,39
1761622300.7790508,5,0,39
1761622300.8170507,-11,0,23
1761622300.8530507,-1,-2,26
1761622300.8910508,0,-3,25
1761622300.9280508,0,4,22
1761622300.9660506,2,-2,26
1761622301.0020506,3,0,30
1761622301.0390508,2,2,25
1761622301.0770507,1,4,34
1761622301.1130507,6,7,36
1761622301.1500506,2,-6,25
1761622301.1880507,0,-5,28
1761622301.2260506,-3,-2,27
1761622301.2620506,-4,-6,38
1761622301.3000507,-4,-9,27
1761622301.3380508,1,-2,30
1761622301.3760507,0,-5,24
1761622301.4120507,-2,0,31
1761622301.4500508,0,2,36
1761622301.4880507,2,0,39
1761622301.5260508,0,3,33
1761622301.5620508,5,-2,22
1761622301.6000507,-6,-3,37
1761622301.6380508,-3,-6,36
1761622301.676051,2,-6,26
1761622301.712051,-3,-5,19
1761622301.7500508,-2,-4,36
1761622301.788051,-8,-2,29
1761622301.8260508,-8,-2,38
1761622301.8620508,-7,0,26
1761622301.9000506,0,-5,33
1761622301.9380507,1,-1,36
1761622301.9760506,1,0,43
1761622302.0120506,-2,-1,42
1761622302.0490508,-8,-3,37
1761622302.0880508,2,-1,35
1761622302.1260507,-1,-3,24
1761622302.1620507,-3,-7,23
1761622302.199051,-3,-5,31
1761622302.2380507,2,5,29
1761622302.2740507,-2,1,37
1761622302.311051,-2,3,29
1761622302.3480508,1,0,21
1761622302.3840508,0,-2,33
1761622302.4210508,2,6,28
1761622302.4580507,0,-2,37
1761622302.4970508,0,-3,39
1761622302.5330508,-3,1,37
1761622302.5700507,3,-4,38
1761622302.6080508,-3,6,25
1761622302.6440508,-6,1,42
1761622302.6810508,-6,-4,33
1761622302.7200508,1,-7,38
1761622302.758051,0,-3,27
1761622302.7940507,-1,-8,18
1761622302.8310506,-4,-6,26
1761622302.870051,4,-2,34
1761622302.9080508,1,0,39
1761622302.9440508,4,3,30
1761622302.9810507,3,-3,40
1761622303.0190508,3,-1,45
1761622303.0580506,-4,-3,36
1761622303.0940506,-6,-2,35
1761622303.1310508,-5,-7,30
1761622303.1700506,-7,1,43
1761622303.2080507,0,-3,30
1761622303.2440507,2,-2,34
1761622303.2810507,-2,0,41
1761622303.3190508,-1,1,43
1761622303.357051,2,5,39
1761622303.393051,4,0,34
1761622303.4300506,-2,0,35
1761622303.4690506,-2,1,22
1761622303.5070508,3,0,26
1761622303.5430508,2,2,21
1761622303.5800507,-2,1,26
1761622303.6190507,1,0,29
1761622303.6570508,-4,0,32
1761622303.6930506,-2,0,38
1761622303.7300508,3,-3,30
1761622303.7690508,2,-5,29
1761622303.8070507,8,-1,29
1761622303.8430507,0,-2,35
1761622303.880051,0,0,27
1761622303.9190507,1,0,28
1761622303.9570508,-2,-4,35
1761622303.9930508,-6,-6,24
1761622304.0300508,-13,-4,37
1761622304.0690508,-6,-5,46
1761622304.107051,-10,0,37
1761622304.143051,-1,0,25
1761622304.1800506,-5,2,31
1761622304.2190506,-4,1,19
1761622304.2570508,1,3,32
1761622304.2930508,0,1,42
1761622304.3300507,-9,-2,36
1761622304.3690507,-7,-2,35
1761622304.4050508,0,4,38
1761622304.4430506,4,0,25
1761622304.4810507,7,-3,38
1761622304.5190508,-1,0,28
1761622304.5550506,-2,0,32
1761622304.5920508,3,0,41
1761622304.6290507,1,0,41
1761622304.6650507,0,-3,31
1761622304.7020507,-5,4,38
1761622304.7400508,6,-1,29
1761622304.778051,2,0,34
1761622304.814051,1,-2,36
1761622304.8510506,0,-3,30
1761622304.8890507,-2,-4,36
1761622304.9280508,1,1,28
1761622304.9640508,-5,1,22
1761622305.0010507,0,-6,30
1761622305.0390508,-2,0,35
1761622305.0750508,4,-9,32
1761622305.1120508,1,-6,41
1761622305.1500506,7,1,35
1761622305.189051,-1,4,41
1761622305.2250507,-6,0,31
1761622305.2620506,-6,-1,30
1761622305.3000507,-1,1,30
1761622305.3380508,-4,-9,33
1761622305.3740506,-7,4,30
1761622305.4110508,-4,1,36
1761622305.449051,3,-7,24
1761622305.485051,1,-3,26
1761622305.5220506,1,-3,40
1761622305.5600507,6,0,33
1761622305.5980508,-5,5,29
1761622305.6340508,2,1,31
1761622305.6710508,-2,-2,30
1761622305.7100508,-6,-1,35
1761622305.7480507,-5,0,38
1761622305.7840507,-5,1,29
1761622305.8210506,0,3,21
1761622305.8590508,2,1,39
1761622305.8950508,-1,-5,40
1761622305.9320507,-4,1,38
1761622305.9700508,-3,-1,33
1761622306.0090508,-6,0,34
1761622306.0450506,-3,-1,34
1761622306.0820508,-2,4,20
1761622306.1280508,-2,-1,28
1761622306.1640508,-3,-3,33
1761622306.2010508,-3,1,43
1761622306.2400508,0,-2,33
1761622306.278051,0,-3,41
1761622306.314051,3,0,31
1761622306.3510506,-1,0,37
1761622306.3890507,0,-1,27
1761622306.4250507,-4,0,21
1761622306.462051,-5,0,45
1761622306.5000508,0,1,31
1761622306.538051,-1,2,35
1761622306.574051,-3,0,37
1761622306.6110508,2,-2,28
1761622306.6500506,4,-3,33
1761622306.686051,0,-4,29
1761622306.7230508,-1,-4,34
1761622306.7610507,3,3,30
1761622306.7990508,-4,0,34
1761622306.8350508,0,0,33
1761622306.8720508,-4,2,27
1761622306.9100506,-1,-4,28
1761622306.949051,-6,-1,32
1761622306.985051,-3,-1,34
1761622307.0220506,0,-1,39
1761622307.0600507,6,3,38
1761622307.0960507,6,1,44
1761622307.133051,0,0,43
1761622307.1700506,2,-2,38
1761622307.209051,2,0,34
1761622307.245051,-3,-7,28
1761622307.2820508,8,-11,42
1761622307.3200507,5,-5,41
1761622307.3560507,0,-4,33
1761622307.3940508,-1,-6,39
1761622307.4320507,0,-4,40
1761622307.4710507,2,0,42
1761622307.5090508,3,0,32
1761622307.5450506,-1,-3,33
1761622307.5820508,0,-9,39
1761622307.620051,4,-2,35
1761622307.6560507,6,-1,28
1761622307.6940508,0,-3,43
1761622307.732051,-1,-6,36
1761622307.7710507,2,-7,32
1761622307.8090508,-3,-6,40
1761622307.8450508,-5,1,37
1761622307.8820508,2,-5,28
1761622307.9200506,4,0,34
1761622307.9560506,0,-1,17
1761622307.9940507,-4,0,25
1761622308.0310507,-4,0,29
1761622308.0690508,-3,2,41
1761622308.1050508,-2,5,30
1761622308.1420507,-3,-1,33
1761622308.1810508,-10,-3,37
1761622308.2190506,7,-6,27
1761622308.255051,0,-10,45
1761622308.2920508,-3,-11,39
1761622308.3310506,7,-3,32
1761622308.3690507,5,0,41
1761622308.4050508,0,4,36
1761622308.4420507,-3,4,41
1761622308.4810507,2,4,35
1761622308.5190508,-4,5,27
1761622308.5550506,-4,4,35
1761622308.5920508,-5,1,35
1761622308.630051,-1,0,24
1761622308.666051,0,0,26
1761622308.7030506,-7,-6,32
1761622308.7410507,-4,-8,42
1761622308.7800508,-4,-2,38
1761622308.8160508,-4,-5,38
1761622308.8530507,-2,-5,41
1761622308.8910508,0,-2,41
1761622308.9270508,1,-1,43
1761622308.9640508,2,0,36
1761622309.0010507,6,-2,26
1761622309.0370507,-5,-10,31
1761622309.074051,1,-1,32
1761622309.1110508,0,-1,31
1761622309.1470506,-4,-1,33
1761622309.1840508,-2,-1,31
1761622309.222051,-3,-8,41
1761622309.2610507,-4,-5,37
1761622309.2970507,0,-1,37
1761622309.334051,0,-9,44
1761622309.3720508,-1,-10,29
1761622309.4110508,0,-1,25
1761622309.4470508,-1,-6,35
1761622309.4840508,-4,0,33
1761622309.5210507,4,0,21
1761622309.5570507,8,2,25
1761622309.5940506,6,-1,28
1761622309.6320508,-3,-2,34
1761622309.6700506,0,0,36
1761622309.7070508,1,0,23
1761622309.7440507,5,-4,16
1761622309.7820508,2,-4,31
1761622309.8200507,-4,-5,29
1761622309.8560507,5,-3,45
1761622309.893051,-4,-3,33
1761622309.9320507,-5,-2,43
1761622309.9700508,2,3,36
1761622310.0060508,7,5,30
1761622310.0430508,6,-4,35
1761622310.0820508,5,-3,41
1761622310.120051,9,-1,32
1761622310.1570508,4,-2,22
1761622310.1940508,0,-1,33
1761622310.232051,1,2,35
1761622310.2700508,-3,0,26
1761622310.3070507,-5,0,29
1761622310.3440506,-1,-3,22
1761622310.3820508,0,-1,26
1761622310.4200506,-6,0,34
1761622310.4560506,0,-4,31
1761622310.4930508,-5,-10,30
1761622310.5320508,2,-5,26
1761622310.5700507,0,-1,31
1761622310.6060507,0,-2,28
1761622310.6440508,-4,-4,24
1761622310.6820507,-1,0,29
1761622310.7200508,-7,-4,39
1761622310.7560508,0,-5,36
1761622310.7930508,3,-7,32
1761622310.8310506,-3,0,35
1761622310.8670506,-3,-6,35
1761622310.9050508,5,0,42
1761622310.9420507,2,0,42
1761622310.9780507,-1,-4,50
1761622311.0150506,2,-1,32
1761622311.0520508,0,-9,31
1761622311.0880508,0,-2,28
1761622311.1250508,-1,-1,26
1761622311.1640508,-4,-4,36
1761622311.2020507,0,-1,35
1761622311.2380507,2,-4,31
1761622311.2750506,1,4,30
1761622311.3120508,4,-8,27
1761622311.3510506,-2,-10,30
1761622311.3870506,0,-9,29
1761622311.4240508,4,-5,37
1761622311.462051,2,-11,30
1761622311.4980507,5,-4,40
1761622311.5350506,-3,-2,30
1761622311.5730507,4,0,41
1761622311.6110508,-3,-2,41
1761622311.6470506,0,0,41
1761622311.6840508,-1,-7,37
1761622311.722051,3,-4,26
1761622311.7610507,-2,-3,37
1761622311.7970507,0,-4,35
1761622311.834051,2,-3,35
1761622311.8730507,8,3,20
1761622311.9110508,9,2,31
1761622311.9470508,0,2,35
1761622311.9840508,3,2,35
1761622312.0220506,-2,-3,13
1761622312.0580506,-9,-3,19
1761622312.0960507,-4,0,31
1761622312.1340508,-5,-6,23
1761622312.1730506,4,-1,34
1761622312.2110507,4,-4,30
1761622312.2470508,-3,-8,32
1761622312.2840507,-8,-8,40
1761622312.3230507,-2,4,29
1761622312.3610508,3,-3,33
1761622312.3970506,5,-5,30
1761622312.4340508,0,1,35
1761622312.472051,4,-4,31
1761622312.508051,-1,0,39
1761622312.5470507,6,0,41
1761622312.584051,2,-4,32
1761622312.6220508,12,-7,27
1761622312.6580508,2,0,29
1761622312.6950507,4,0,30
1761622312.7330508,-1,0,27
1761622312.7710507,-7,1,31
1761622312.8070507,-1,1,31
1761622312.8440506,0,-6,29
1761622312.8820508,-2,-6,36
1761622312.9180508,0,0,27
1761622312.9550507,5,-2,19
1761622312.9930508,-2,-12,36
1761622313.0320508,2,-4,28
1761622313.0680506,-4,2,35
1761622313.1050508,-7,3,31
1761622313.1440508,-2,-2,37
1761622313.1830506,-3,-6,29
1761622313.2190506,3,-8,31
1761622313.2560508,0,-5,33
1761622313.2930508,6,-7,32
1761622313.3290508,7,-5,37
1761622313.3670506,1,6,37
1761622313.4040508,7,0,37
1761622313.4420507,0,-2,33
1761622313.4780507,3,-1,36
1761622313.5150506,-2,0,39
1761622313.5530508,0,0,19
1761622313.5890508,-3,-3,15
1761622313.6260507,-6,-8,24
1761622313.6650507,1,-14,36
1761622313.7030506,1,-7,32
1761622313.7390506,-2,0,33
1761622313.7760508,0,-8,30
1761622313.8130507,2,-5,34
1761622313.8490508,-2,-7,25
1761622313.8860507,-3,-5,40
1761622313.9240508,-9,-5,29
1761622313.9630508,-3,-4,43
1761622313.9990506,1,0,38
1761622314.0360508,3,5,24
1761622314.074051,-1,2,17
1761622314.1120508,4,-2,24
1761622314.1480508,6,-4,31
1761622314.1850507,-1,-5,30
1761622314.2240508,-4,-3,36
1761622314.2620506,0,-3,31
1761622314.2980506,-5,0,33
1761622314.3350508,-4,0,30
1761622314.3730507,2,3,24
1761622314.4090507,-5,-7,20
1761622314.4460506,0,-2,27
1761622314.4840508,-7,3,22
1761622314.5220506,-3,4,27
1761622314.5580506,-2,3,17
1761622314.5950508,0,1,25
1761622314.6340508,1,-2,35
1761622314.6720507,0,0,35
1761622314.7080507,-3,-5,37
1761622314.745051,-7,-6,24
1761622314.7840507,-1,-7,23
1761622314.8220508,0,0,31
1761622314.8580508,0,-3,31
1761622314.8950508,0,-3,31
1761622314.9340508,-5,-7,28
1761622314.972051,-1,-3,30
1761622315.008051,8,-1,36
1761622315.0450506,4,0,45
1761622315.084051,4,-2,37
1761622315.1220508,5,-3,44
1761622315.1580508,4,0,30
1761622315.1950507,2,0,29
1761622315.2340508,3,4,28
1761622315.2700508,0,2,30
1761622315.3090508,1,-5,27
1761622315.3460507,0,-5,39
1761622315.3840508,1,-2,37
1761622315.4200506,-2,-1,36
1761622315.4570508,5,-4,26
1761622315.4940507,-3,-4,39
1761622315.5330508,1,-4,37
1761622315.5690508,5,-6,29
1761622315.6060507,-3,-7,30
1761622315.6440508,-1,-6,31
1761622315.6830506,7,-4,28
1761622315.7190506,9,-1,30
1761622315.7560508,2,-2,36
1761622315.7940507,1,-9,36
1761622315.8300507,-1,-8,44
1761622315.8680508,4,-4,41
1761622315.9050508,-1,-10,30
1761622315.9440508,3,0,25
1761622315.9800508,0,1,31
1761622316.0170507,4,0,37
1761622316.0540507,6,-2,15
1761622316.0900507,0,-2,33
1761622316.1360507,6,0,39
1761622316.1740508,6,1,34
1761622316.2100508,4,0,33
1761622316.2470508,-7,-7,22
1761622316.2850506,5,-2,40
1761622316.3230507,3,0,39
1761622316.3590508,0,-7,34
1761622316.3960507,0,0,32
1761622316.4340508,-8,-5,38
1761622316.4700508,-4,0,40
1761622316.5070508,-4,-2,31
1761622316.5460508,-7,-8,38
1761622316.584051,-6,-8,44
1761622316.620051,-1,-2,42
1761622316.6570508,-5,0,35
1761622316.6950507,4,-5,37
1761622316.7340508,3,2,28
1761622316.7700508,1,0,32
1761622316.8070507,0,1,24
1761622316.8450508,-1,0,20
1761622316.883051,4,2,35
1761622316.9190507,3,1,25
1761622316.9570508,5,-4,35
1761622316.9960508,4,0,35
1761622317.0340507,1,-1,25
1761622317.0700507,4,-2,29
1761622317.107051,5,0,25
1761622317.1450508,-8,-4,31
1761622317.1830506,1,-1,30
1761622317.2190506,1,-1,24
1761622317.2560508,0,-4,31
1761622317.2940507,5,-1,25
1761622317.3300507,2,-3,26
1761622317.3680508,2,-3,28
1761622317.4050508,3,0,33
1761622317.4410508,-2,-2,35
1761622317.4780507,-9,0,38
1761622317.5160508,-6,-2,35
1761622317.5550506,-4,7,41
1761622317.5910506,4,4,25
1761622317.6280508,4,2,38
1761622317.666051,-3,-2,21
1761622317.7050507,-1,-3,28
1761622317.7410507,-3,1,38
1761622317.778051,-3,-5,40
1761622317.8160508,0,-3,38
1761622317.8540506,0,2,36
1761622317.8900506,-2,-1,37
1761622317.9280508,0,6,32
1761622317.9660506,0,1,42
1761622318.0040507,1,-2,35
1761622318.0400507,5,4,38
1761622318.0770507,8,3,28
1761622318.1150508,4,-2,25
1761622318.1510508,5,4,27
1761622318.1880507,4,-2,34
1761622318.2250507,9,-2,28
1761622318.2640507,0,-2,31
1761622318.3000507,5,3,35
1761622318.337051,1,4,45
1761622318.3750508,-3,-4,42
1761622318.4110508,-4,-6,32
1761622318.449051,-2,-2,31
1761622318.4870508,-3,-6,25
1761622318.5260508,-2,-4,28
1761622318.564051,-2,-3,22
1761622318.6000507,6,-2,27
1761622318.6380508,-1,-4,32
1761622318.676051,-2,3,31
1761622318.7140508,-7,0,46
1761622318.7500508,0,-1,36
1761622318.7870507,-2,1,29
1761622318.8260508,-5,0,23
1761622318.8640506,-6,-8,26
1761622318.9000506,-2,-9,34
1761622318.9380507,0,-3,34
1761622318.9760506,-4,0,39
1761622319.0140507,-6,0,27
1761622319.0500507,0,0,39
1761622319.087051,3,-5,30
1761622319.1260507,1,1,34
1761622319.1640508,1,-5,38
1761622319.2000508,-7,-2,37
1761622319.2370508,-4,0,43
1761622319.2760508,-6,-2,22
1761622319.314051,-9,2,23
1761622319.3500507,-2,2,20
1761622319.3870506,5,6,33
1761622319.4250507,8,0,31
1761622319.4610507,0,-4,36
1761622319.4990506,-6,-1,33
1761622319.538051,-5,1,43
1761622319.5760508,0,-4,42
1761622319.6120508,-1,-5,38
1761622319.6490507,0,-8,31
1761622319.686051,0,-5,26
1761622319.722051,0,-4,29
1761622319.7590508,0,-5,28
1761622319.7970507,4,3,33
1761622319.8350508,0,3,39
1761622319.8710508,-1,0,32
1761622319.9080508,-3,2,28
1761622319.9470508,-5,7,27
1761622319.985051,2,0,24
1761622320.0210507,5,-7,28
1761622320.0580506,2,-9,28
1761622320.0960507,8,0,46
1761622320.1320508,-4,2,31
1761622320.1690507,2,-3,44
1761622320.2070508,-4,-6,37
1761622320.2460508,-2,-3,24
1761622320.2820508,0,-2,37
1761622320.3200507,-1,-2,31
1761622320.3580508,-5,-4,32
1761622320.3960507,0,-5,26
1761622320.4350507,5,-3,35
1761622320.4710507,4,-7,38
1761622320.508051,-1,-3,32
1761622320.5470507,0,-9,32
1761622320.5850508,-4,-9,36
1761622320.6210508,-4,-4,38
1761622320.6590507,0,-5,34
1761622320.6970508,0,0,35
1761622320.735051,3,-5,38
1761622320.7710507,0,-2,34
1761622320.8080506,-5,-3,27
1761622320.847051,1,-2,36
1761622320.8850508,-3,-1,37
1761622320.9210508,-3,-3,33
1761622320.9580507,-7,-4,35
1761622320.9970508,4,-5,36
1761622321.0350506,-5,-3,32
1761622321.0710506,-4,0,26
1761622321.1080508,1,4,35
1761622321.1460507,-1,2,38
1761622321.1820507,-3,-5,37
1761622321.2190506,3,1,37
1761622321.2570508,-2,0,28
1761622321.2950506,-5,0,30
1761622321.3310506,-3,-4,38
1761622321.3680508,0,-6,39
1761622321.4060507,0,-4,27
1761622321.4420507,0,-2,26
1761622321.4800508,1,1,38
1761622321.5170507,-1,-1,39
1761622321.5560508,0,-3,37
1761622321.5920508,-4,5,42
1761622321.630051,-1,3,33
1761622321.6670508,-3,4,30
1761622321.7030506,-5,0,34
1761622321.7410507,-6,-8,33
1761622321.778051,-4,-3,40
1761622321.8170507,1,0,36
1761622321.8550508,-2,0,36
1761622321.8910508,3,0,38
1761622321.9280508,-7,-3,49
1761622321.9670508,-6,-2,42
1761622322.0030508,-4,-5,35
1761622322.0400507,-10,3,36
1761622322.0780506,-2,0,33
1761622322.1160507,-9,-1,36
1761622322.1520507,7,-5,26
1761622322.1900508,3,-1,34
1761622322.2280507,-3,4,42
1761622322.2660508,-9,1,37
1761622322.3020508,-2,4,42
1761622322.3400507,1,-1,32
1761622322.3780508,-2,-1,39
1761622322.4170508,3,-4,39
1761622322.4530506,-3,-3,37
1761622322.4910507,0,-1,34
1761622322.5290508,1,0,32
1761622322.5670507,-3,-2,37
1761622322.6030507,0,5,33
1761622322.6410508,5,0,34
1761622322.6780508,-3,-5,30
1761622322.7170508,2,-1,37
1761622322.7530508,0,-3,36
1761622322.791051,-3,-5,43
1761622322.8280506,-5,-8,42
1761622322.8670506,4,-5,37
1761622322.903051,0,-2,30
1761622322.9400508,0,-1,43
1761622322.9780507,-6,2,32
1761622323.0160508,-5,4,49
1761622323.0520508,-2,5,33
1761622323.0890508,-5,2,40
1761622323.1270506,-2,5,32
1761622323.163051,-5,0,26
1761622323.2000508,0,-3,39
1761622323.2380507,-3,-6,39
1761622323.2760508,3,-3,46
1761622323.3120508,-6,-2,41
1761622323.3500507,-5,3,29
1761622323.3880508,-3,-4,25
1761622323.426051,-7,-5,29
1761622323.462051,-4,-3,44
1761622323.5000508,4,9,39
1761622323.538051,-2,4,21
1761622323.5760508,0,5,30
1761622323.6130507,5,9,30
1761622323.6500506,2,4,23
1761622323.6880507,-1,0,29
1761622323.7260506,-11,-4,30
1761622323.7620506,-7,-5,29
1761622323.8000507,0,-8,33
1761622323.8380508,9,0,23
1761622323.8740506,4,0,36
1761622323.9110508,1,4,43
1761622323.9480507,6,-1,28
1761622323.9840508,1,-2,34
1761622324.0210507,1,-7,30
1761622324.0580506,5,-4,29
1761622324.0940506,-2,-5,39
1761622324.1320508,3,-8,35
1761622324.1710508,3,-4,39
1761622324.2080507,3,-3,28
1761622324.2440507,4,-6,28
1761622324.2810507,3,-5,27
1761622324.3180506,0,-4,43
1761622324.357051,1,-5,42
1761622324.393051,6,-5,49
1761622324.4300506,0,0,44
1761622324.4680507,0,2,36
1761622324.5040507,8,6,34
1761622324.541051,0,0,36
1761622324.5780506,6,-8,30
1761622324.6140506,-1,-4,34
1761622324.6520507,5,-2,26
1761622324.689051,13,-8,25
1761622324.7270508,9,-7,39
1761622324.7630508,1,-1,49
1761622324.8000507,-1,-8,40
1761622324.8390508,-8,-6,42
1761622324.8770506,5,0,38
1761622324.913051,0,-4,38
1761622324.9500508,-1,-1,35
1761622324.9890506,-6,-3,51
1761622325.0270507,2,-5,44
1761622325.0630507,4,-5,46
1761622325.1000507,4,0,44
1761622325.1380508,0,1,29
1761622325.1740508,1,-3,27
1761622325.2110507,4,-3,30
1761622325.2490506,3,-3,40
1761622325.2870507,-1,-4,31
1761622325.3230507,0,-2,38
1761622325.360051,3,-1,39
1761622325.3990507,4,-1,29
1761622325.4370508,5,-7,35
1761622325.4730508,1,-7,30
1761622325.5100508,-1,-5,27
1761622325.5490508,-5,0,31
1761622325.587051,-11,-2,32
1761622325.6230507,-7,-4,23
1761622325.6600506,1,-5,41
1761622325.699051,1,-5,34
1761622325.7370508,-2,-5,40
1761622325.7730508,0,-1,22
1761622325.8100507,0,0,32
1761622325.8490508,-5,-1,31
1761622325.8870506,-8,-8,26
1761622325.9230506,0,-11,32
1761622325.9600508,0,2,32
1761622325.9990506,-4,-3,29
1761622326.0350506,-4,-6,28
1761622326.0730507,-2,-3,29
1761622326.1110508,6,-5,26
1761622326.1570508,5,0,27
1761622326.1930506,4,-4,21
1761622326.2310507,-1,0,26
1761622326.2700508,-1,2,23
1761622326.3080506,-4,-5,31
1761622326.3440506,0,-5,36
1761622326.3810508,0,0,32
1761622326.4190507,-9,-5,27
1761622326.4550507,-8,0,42
1761622326.4920506,1,1,36
1761622326.5290508,-2,0,25
1761622326.5650508,4,-1,26
1761622326.6020508,6,-2,23
1761622326.6400506,5,-8,24
1761622326.6780508,-3,2,36
1761622326.7140508,0,0,30
1761622326.7510507,2,2,37
1761622326.7890508,0,4,23
1761622326.8250508,-7,-4,22
1761622326.8620508,1,-1,23
1761622326.9000506,0,-9,27
1761622326.939051,-1,-6,31
1761622326.9750507,-1,-10,34
1761622327.0120506,2,-9,43
1761622327.0500507,-2,-14,39
1761622327.0880508,2,-6,40
1761622327.1240506,-7,2,36
1761622327.1610508,-6,-5,31
1761622327.2000508,-4,0,27
1761622327.2380507,-9,-7,33
1761622327.2740507,-1,-5,32
1761622327.311051,1,0,30
1761622327.3490508,1,2,24
1761622327.3850508,0,3,27
1761622327.4220507,1,-2,37
1761622327.4600508,-1,-1,33
1761622327.4980507,2,-1,42
1761622327.5340507,-7,3,34
1761622327.5720508,1,-1,28
1761622327.610051,-3,0,39
1761622327.6480508,1,-4,32
1761622327.6840508,10,1,37
1761622327.722051,2,1,35
1761622327.7600508,1,-5,40
1761622327.7990508,2,-6,28
1761622327.8350508,-5,-4,32
1761622327.8730507,0,-7,37
1761622327.9100506,3,-10,34
1761622327.949051,4,-8,34
1761622327.985051,4,-7,29
1761622328.0230508,0,-2,32
1761622328.0600507,-2,1,32
1761622328.0990508,4,0,41
1761622328.1350508,7,-2,40
1761622328.1720507,5,-4,38
1761622328.2100508,0,3,22
1761622328.2460508,0,1,27
1761622328.2830508,1,-4,30
1761622328.3200507,-4,1,27
1761622328.3590508,-1,0,31
1761622328.3950508,-5,0,33
1761622328.4320507,0,10,30
1761622328.4700508,0,1,39
1761622328.5060508,-1,2,30
1761622328.5430508,1,0,31
1761622328.5810506,0,-8,31
1761622328.6190507,0,-9,42
1761622328.6550508,-7,-3,33
1761622328.6930506,-10,-6,23
1761622328.7310507,-2,-6,26
1761622328.7700508,1,-3,22
1761622328.8060508,-7,0,27
1761622328.8430507,-2,0,34
1761622328.8810508,0,-3,38
1761622328.9190507,-2,-4,23
1761622328.9550507,2,-6,23
1761622328.9920506,0,-5,25
1761622329.0300508,-4,2,29
1761622329.0660508,-5,0,31
1761622329.1030507,0,-1,32
1761622329.1400506,5,-2,31
1761622329.176051,10,-4,34
1761622329.2140508,-2,-6,34
1761622329.2520506,-6,-3,30
1761622329.291051,-3,-4,36
1761622329.3290508,-5,-6,31
1761622329.3650508,5,-2,34
1761622329.4020507,1,-6,33
1761622329.4410508,2,-1,37
1761622329.4790506,1,-3,29
1761622329.5150506,-2,0,41
1761622329.5520508,-2,-4,38
1761622329.5910506,-6,-1,34
1761622329.6290507,2,0,39
1761622329.6650507,0,-2,29
1761622329.7030506,-3,-7,28
1761622329.7410507,0,-4,33
1761622329.7790508,2,-4,37
1761622329.8150508,0,2,31
1761622329.8530507,0,-1,29
1761622329.8910508,3,-2,32
1761622329.9290507,3,-6,30
1761622329.9650507,-1,6,36
1761622330.0020506,0,2,42
1761622330.0400507,4,0,30
1761622330.0760508,2,0,29
1761622330.1140506,0,-3,29
1761622330.1510508,3,-3,35
1761622330.1900508,2,-3,31
1761622330.2260506,-2,-3,28
1761622330.2640507,-2,-5,33
1761622330.3020508,7,-3,36
1761622330.3410506,3,-6,31
1761622330.3790507,5,0,32
1761622330.4150507,9,-1,30
1761622330.4520507,-3,5,36
1761622330.4910507,0,2,35
1761622330.5270507,2,-7,30
1761622330.564051,-5,-2,31
1761622330.6020508,-6,-8,34
1761622330.6410508,-6,-5,36
1761622330.6770508,-5,-5,28
1761622330.7140508,0,-8,27
1761622330.7510507,-4,-6,32
1761622330.7900507,-4,-3,29
1761622330.8260508,-4,-13,31
1761622330.8640506,1,-3,25
1761622330.9010508,-3,-3,25
1761622330.9400508,0,1,30
1761622330.9760506,1,2,34
1761622331.0140507,2,-2,22
1761622331.051051,2,-4,25
1761622331.087051,-2,-8,33
1761622331.1240506,-4,-12,34
1761622331.1620507,-4,-6,34
1761622331.2010508,-7,-3,28
1761622331.2370508,-9,-8,34
1761622331.2740507,-2,-10,31
1761622331.3120508,3,-3,35
1761622331.3510506,-1,-6,46
1761622331.3870506,-3,-1,35
1761622331.4240508,-2,-2,26
1761622331.462051,0,-5,32
1761622331.5010507,-7,-4,22
1761622331.5370507,-6,0,29
1761622331.574051,-3,-2,33
1761622331.6120508,2,3,36
1761622331.6500506,5,4,37
1761622331.686051,0,2,41
1761622331.7230508,2,-5,27
1761622331.7610507,3,0,29
1761622331.7970507,-2,-3,25
1761622331.8360507,-2,0,34
1761622331.8730507,4,-4,29
1761622331.9110508,1,0,35
1761622331.9470508,0,-4,30
1761622331.9860508,3,0,29
1761622332.0230508,-3,3,39
1761622332.061051,2,3,34
1761622332.097051,2,6,30
1761622332.1340508,0,0,31
1761622332.1720507,-4,-8,41
1761622332.2100508,7,3,34
1761622332.2460508,8,1,28
1761622332.2830508,6,-3,36
1761622332.3220508,-5,-4,33
1761622332.360051,-4,-1,35
1761622332.3960507,-2,-7,34
1761622332.4350507,-1,0,26
1761622332.4730508,0,0,32
1761622332.5110507,1,-4,36
1761622332.5470507,-1,3,27
1761622332.584051,0,0,32
1761622332.6220508,0,-2,37
1761622332.6580508,-6,-3,34
1761622332.6950507,4,3,43
1761622332.732051,1,-5,30
1761622332.768051,0,-1,24
1761622332.8060508,2,-7,24
1761622332.8430507,-3,-6,29
1761622332.8820508,-4,-10,43
1761622332.9180508,-3,0,41
1761622332.9550507,-5,-2,45
1761622332.9930508,-8,-3,34
1761622333.0320508,-1,2,30
1761622333.0680506,1,-2,24
1761622333.1060507,6,4,45
1761622333.143051,5,3,37
1761622333.1810508,0,-5,24
1761622333.2170508,0,-1,21
1761622333.2540507,2,-3,28
1761622333.2920508,2,0,35
1761622333.3280506,-8,-3,31
1761622333.3650508,-6,-9,28
1761622333.403051,3,-2,34
1761622333.4410508,0,-7,29
1761622333.4770508,1,-10,33
1761622333.5150506,0,-3,37
1761622333.5530508,1,5,42
1761622333.5910506,3,2,41
1761622333.6270506,3,0,41
1761622333.6650507,-1,3,44
1761622333.7030506,4,0,31
1761622333.7410507,-2,-2,44
1761622333.7770507,0,2,39
1761622333.8150508,1,1,29
1761622333.8530507,-1,1,29
1761622333.8910508,-3,-4,33
1761622333.9280508,-3,3,34
1761622333.9650507,7,2,24
1761622334.0030508,3,-1,36
1761622334.041051,1,1,29
1761622334.0770507,-3,-4,31
1761622334.1150508,-3,1,39
1761622334.153051,-2,-1,33
1761622334.1920507,-4,-7,33
1761622334.2280507,0,-1,33
1761622334.2650506,2,0,28
1761622334.3030508,-2,-11,44
1761622334.3410506,1,-4,42
1761622334.3770506,-7,-4,34
1761622334.4150507,0,-9,26
1761622334.4530506,-2,-9,29
1761622334.4910507,-3,3,26
1761622334.5270507,0,2,18
1761622334.5650508,0,0,21
1761622334.6030507,2,-6,25
1761622334.6410508,-4,-3,28
1761622334.6770508,-7,-5,38
1761622334.7150507,0,-1,33
1761622334.7530508,4,-5,39
1761622334.7890508,-3,2,33
1761622334.8260508,-4,-2,30
1761622334.8650508,-2,-4,34
1761622334.903051,1,1,35
1761622334.939051,5,2,35
1761622334.9760506,4,0,38
1761622335.0130508,2,-2,41
1761622335.0490508,0,0,36
1761622335.0860507,5,-1,34
1761622335.1230507,11,0,34
1761622335.1590507,11,-6,31
1761622335.1970508,4,0,41
1761622335.2340508,-5,-3,31
1761622335.2730508,-12,-1,29
1761622335.3090508,-11,-5,33
1761622335.347051,-4,-4,29
1761622335.3860507,-2,-2,38
1761622335.4230506,3,-1,27
1761622335.459051,1,0,41
1761622335.4970508,-2,-10,27
1761622335.5350506,1,1,37
1761622335.5730507,1,1,43
1761622335.6090508,0,-3,39
1761622335.6470506,0,-1,34
1761622335.6840508,1,-3,37
1761622335.7230508,-2,3,30
1761622335.7590508,0,0,26
1761622335.7970507,1,0,39
1761622335.834051,-3,1,38
1761622335.8730507,-2,-4,24
1761622335.9090507,3,-4,27
1761622335.9470508,-5,-2,30
1761622335.985051,-4,-1,32
1761622336.0240507,-6,-8,26
1761622336.0620508,-1,-4,28
1761622336.0980508,0,-4,28
1761622336.1350508,-3,-2,18
1761622336.1790507,-3,6,27
1761622336.2170508,7,0,28
1761622336.2560508,5,-4,35
1761622336.2940507,5,2,26
1761622336.3320508,1,-3,26
1761622336.3680508,0,-2,26
1761622336.4050508,-8,0,25
1761622336.4430506,-3,2,42
1761622336.4790506,-2,-4,37
1761622336.5160508,9,-9,32
1761622336.5540507,16,2,36
1761622336.5920508,6,0,34
1761622336.6280508,10,2,21
1761622336.6650507,-1,-3,41
1761622336.7040508,0,-10,33
1761622336.7420506,0,-5,47
1761622336.778051,1,-6,31
1761622336.8150508,7,-6,21
1761622336.8530507,3,-1,23
1761622336.8890507,1,-3,36
1761622336.926051,4,3,34
1761622336.9640508,2,-1,30
1761622337.0000508,-1,2,34
1761622337.038051,0,6,25
1761622337.0750508,9,2,34
1761622337.1130507,8,3,37
1761622337.1490507,10,0,37
1761622337.186051,2,-4,31
1761622337.2240508,0,-9,31
1761622337.2600508,-2,0,29
1761622337.2970507,-5,-2,30
1761622337.3350508,0,-2,25
1761622337.3740506,-7,4,35
1761622337.4100506,-6,1,30
1761622337.4470508,-8,4,32
1761622337.4840508,4,3,38
1761622337.5200508,7,2,27
1761622337.5570507,5,2,29
1761622337.5940506,11,-1,25
1761622337.633051,1,5,19
1761622337.6690507,5,2,39
1761622337.7060506,2,5,39
1761622337.7440507,-6,-4,32
1761622337.7800508,-7,2,27
1761622337.8180506,-6,-1,18
1761622337.8560507,3,-6,30
1761622337.8940508,5,-6,34
1761622337.9310508,10,-4,27
1761622337.9680507,0,-1,28
1761622338.005051,8,-3,20
1761622338.0430508,11,3,29
1761622338.0790508,6,0,36
1761622338.1160507,2,-4,30
1761622338.1540508,6,-4,28
1761622338.1900508,3,-4,28
1761622338.2270508,9,-2,23
1761622338.2650506,-5,-8,35
1761622338.3040507,0,-2,31
1761622338.3400507,-3,4,33
1761622338.3770506,1,-6,31
1761622338.4150507,2,-1,25
1761622338.4530506,2,0,14
1761622338.4890506,2,-5,14
1761622338.5260508,0,-5,29
1761622338.5650508,5,-7,27
1761622338.6030507,-3,4,30
1761622338.6390507,4,-1,37
1761622338.676051,8,-6,39
1761622338.7150507,4,-2,26
1761622338.7530508,2,-3,28
1761622338.7890508,-1,0,29
1761622338.8260508,0,0,29
1761622338.8650508,-2,-2,41
1761622338.903051,0,-7,42
1761622338.939051,3,-3,33
1761622338.9760506,8,5,29
1761622339.0150506,9,0,34
1761622339.051051,0,0,30
1761622339.0880508,-2,-5,30
1761622339.1260507,4,0,35
1761622339.1650507,-1,1,46
1761622339.2010508,4,2,33
1761622339.2390506,8,0,37
1761622339.2760508,2,4,32
1761622339.3150508,7,-2,37
1761622339.3510506,4,-1,37
1761622339.3900506,-3,1,28
1761622339.4270508,-1,-6,37
1761622339.4660506,1,-2,32
1761622339.5040507,6,2,38
1761622339.5400507,2,-7,27
1761622339.5770507,-2,-7,35
1761622339.6150508,-2,-1,35
1761622339.6540508,-9,1,33
1761622339.6900508,-11,4,30
1761622339.7270508,-2,-4,34
1761622339.7650506,1,-3,39
1761622339.8040507,0,0,43
1761622339.8400507,-6,-6,35
1761622339.8770506,4,-1,35
1761622339.916051,-2,0,27
1761622339.9540508,-4,-4,37
1761622339.9900508,3,3,34
1761622340.0270507,-6,1,35
1761622340.0650508,0,-2,36
1761622340.1010506,2,-6,35
1761622340.1390507,0,-8,39
1761622340.1770508,-2,-2,36
1761622340.2160506,-2,2,47
1761622340.2540507,0,3,43
1761622340.2900507,0,-1,43
1761622340.3270507,3,0,33
1761622340.3650508,0,5,34
1761622340.4010508,-1,0,39
1761622340.439051,-6,-5,26
1761622340.4770508,-5,-3,31
1761622340.5160508,-2,2,40
1761622340.5540507,-2,-2,37
1761622340.5900507,-7,-2,34
1761622340.6270506,3,-5,35
1761622340.666051,-1,0,35
1761622340.7040508,-7,-5,31
1761622340.7400508,-2,-2,26
1761622340.7770507,0,-2,33
1761622340.8160508,3,-4,32
1761622340.8540506,1,-2,26
1761622340.8900506,-5,-1,31
1761622340.9270508,-2,-2,43
1761622340.9660506,-3,0,40
1761622341.0040507,-5,0,27
1761622341.0400507,0,0,33
1761622341.0770507,-6,-4,36
1761622341.1160507,2,2,31
1761622341.1540508,-3,-3,41
1761622341.1900508,-7,-8,32
1761622341.2270508,3,-7,35
1761622341.2660508,0,-3,34
1761622341.3020508,0,4,24
1761622341.3390508,0,-3,30
1761622341.3770506,1,-1,29
1761622341.416051,-7,-4,24
1761622341.4520507,-4,-1,26
1761622341.4890506,3,-11,31
1761622341.5270507,2,-1,25
1761622341.5660508,-8,-7,34
1761622341.6020508,-5,-7,32
1761622341.6390507,-2,-1,25
1761622341.6770508,0,3,27
1761622341.7160506,1,-7,37
1761622341.7520506,-4,-5,34
1761622341.7890508,-4,1,44
1761622341.8260508,0,1,35
1761622341.8620508,5,1,39
1761622341.9000506,-5,2,37
1761622341.9380507,-1,-1,29
1761622341.9760506,3,1,27
1761622342.0130508,2,0,39
1761622342.0500507,0,2,36
1761622342.087051,-1,-5,31
1761622342.1260507,-1,0,27
1761622342.1620507,-5,-3,39
1761622342.2000508,-2,-1,28
1761622342.2380507,0,-3,33
1761622342.2760508,-4,-1,27
1761622342.3120508,-4,0,29
1761622342.3490508,1,-10,33
1761622342.3870506,3,-6,36
1761622342.426051,3,4,35
1761622342.462051,0,0,37
1761622342.4990506,0,-3,30
1761622342.5370507,0,-2,31
1761622342.5760508,-4,-8,39
1761622342.6120508,-3,-13,42
1761622342.6500506,-2,-6,33
1761622342.6880507,0,-6,33
1761622342.7260506,-3,0,23
1761622342.7620506,-11,1,36
1761622342.8000507,-4,2,27
1761622342.837051,-8,-6,27
1761622342.8760507,1,-3,24
1761622342.9120507,-4,1,24
1761622342.9500508,-7,-10,24
1761622342.9870508,-2,-5,48
1761622343.0260508,1,-3,31
1761622343.0620508,1,-4,30
1761622343.0990508,0,0,22
1761622343.1370506,2,2,21
1761622343.1750507,11,0,26
1761622343.2110507,3,-2,33
1761622343.2490506,4,-3,36
1761622343.288051,-1,-2,32
1761622343.3260508,4,0,35
1761622343.3620508,5,-5,37
1761622343.3990507,-3,0,27
1761622343.4370508,-6,-4,27
1761622343.4730508,-7,-5,28
1761622343.5110507,-7,-2,50
1761622343.5490508,1,0,37
1761622343.587051,1,-9,35
1761622343.6230507,0,-6,40
1761622343.6610508,-1,-6,39
1761622343.699051,-10,-1,39
1761622343.7380507,-7,-1,34
1761622343.7760508,-6,1,31
1761622343.8120508,-4,0,37
1761622343.8490508,-1,1,32
1761622343.8870506,0,-8,36
1761622343.9230506,-6,-1,34
1761622343.9600508,-6,-4,31
1761622343.9980507,-8,-3,39
1761622344.0370507,-6,-2,45
1761622344.0730507,-4,-3,46
1761622344.110051,0,-5,43
1761622344.1470506,-1,-8,38
1761622344.186051,4,-2,34
1761622344.222051,-1,3,25
1761622344.2590508,-6,-5,25
1761622344.2970507,-2,-7,41
1761622344.3360507,-4,4,27
1761622344.3720508,-5,-3,30
1761622344.4100506,0,-6,28
1761622344.4480507,7,-1,20
1761622344.4860508,-6,-8,42
1761622344.5220506,-3,-5,36
1761622344.5590508,-13,-3,30
1761622344.5980508,-8,-6,30
1761622344.6360507,-5,-1,28
1761622344.6720507,0,-2,27
1761622344.709051,-5,-2,24
1761622344.7480507,1,2,31
1761622344.7860508,-1,-1,40
1761622344.8220508,-7,-2,39
1761622344.8590508,-2,5,36
1761622344.8970506,-8,1,37
1761622344.9330506,-5,-4,34
1761622344.9700508,-5,-5,40
1761622345.008051,-6,-1,39
1761622345.0470507,-5,0,27
1761622345.0830507,3,-2,31
1761622345.120051,1,-2,28
1761622345.1580508,2,-5,40
1761622345.1960506,-1,-8,32
1761622345.232051,1,-10,28
1761622345.2690508,2,-2,45
1761622345.3080506,-1,-7,27
1761622345.3460507,-1,4,16
1761622345.3820508,-2,3,34
1761622345.4190507,-11,-5,34
1761622345.4580507,5,-11,31
1761622345.4960508,8,-9,38
1761622345.5320508,6,0,33
1761622345.5690508,-4,-3,31
1761622345.6080508,6,0,26
1761622345.6440508,2,-2,22
1761622345.6810508,-3,0,34
1761622345.7180507,0,3,32
1761622345.7540507,0,-4,29
1761622345.791051,-6,-3,31
1761622345.8290508,-6,3,27
1761622345.8670506,-8,0,29
1761622345.903051,-3,-5,29
1761622345.9410508,-1,-7,27
1761622345.9790506,2,-2,26
1761622346.0170507,-1,0,35
1761622346.0530508,1,0,38
1761622346.0910506,0,2,29
1761622346.1280508,-3,0,32
1761622346.1670508,-3,-4,33
1761622346.2110507,1,1,32
1761622346.2490506,-4,-6,28
1761622346.288051,-2,-7,31
1761622346.324051,-2,0,35
1761622346.3610508,-5,5,27
1761622346.3980508,-4,2,41
1761622346.4340508,-2,0,37
1761622346.4710507,2,2,34
1761622346.5090508,-2,-1,30
1761622346.5470507,-2,-3,26
1761622346.5830507,-6,-3,28
1761622346.6210508,0,2,25
1761622346.6590507,-7,-2,29
1761622346.6970508,-4,-4,41
1761622346.7330508,2,-5,42
1761622346.7710507,6,-5,26
1761622346.8090508,0,-4,24
1761622346.847051,7,2,31
1761622346.883051,3,4,31
1761622346.9200506,-5,5,36
1761622346.959051,5,-1,36
1761622346.9970508,8,-3,36
1761622347.0330508,5,-3,30
1761622347.0720508,-1,-8,43
1761622347.1090508,-1,-5,30
1761622347.1480508,5,-6,34
1761622347.1840508,8,-4,47
1761622347.2210507,8,3,49
1761622347.2590508,4,0,28
1761622347.2970507,-2,-6,27
1761622347.3330507,-3,0,26
1761622347.370051,2,-4,31
1761622347.4090507,-2,3,35
1761622347.4470508,-1,0,34
1761622347.4830508,-4,-6,33
1761622347.5210507,-5,-2,28
1761622347.5590508,-8,0,39
1761622347.5980508,-8,-7,32
1761622347.6340508,-5,-11,41
1761622347.6710508,2,-3,36
1761622347.709051,2,-5,24
1761622347.7480507,-3,-1,25
1761622347.7840507,-8,-4,29
1761622347.8230507,-3,0,28
1761622347.860051,-2,-6,15
1761622347.8990507,0,-10,27
1761622347.9350507,3,0,25
1761622347.972051,0,2,31
1761622348.0090508,-3,-1,28
1761622348.0480506,6,-4,41
1761622348.084051,0,-2,31
1761622348.1210508,0,0,33
1761622348.1590507,-2,-2,28
1761622348.1950507,-6,0,33
1761622348.232051,-7,-1,31
1761622348.2700508,-9,-6,32
1761622348.3090508,-4,0,37
1761622348.3450508,-1,-3,42
1761622348.3820508,0,-1,37
1761622348.4200506,-5,0,32
1761622348.459051,-9,6,27
1761622348.495051,-3,2,27
1761622348.5320508,-1,-1,33
1761622348.5700507,-4,2,38
1761622348.6080508,0,3,44
1761622348.6440508,4,0,42
1761622348.6820507,-4,-3,19
1761622348.7200508,-3,-6,29
1761622348.758051,8,-1,25
1761622348.7940507,-2,1,31
1761622348.8320508,5,0,33
1761622348.870051,0,-1,37
1761622348.9080508,1,-6,22
1761622348.9440508,-6,-2,31
1761622348.982051,-5,-2,22
1761622349.0200508,-4,-4,32
1761622349.0580506,4,-1,28
1761622349.0940506,1,-2,39
1761622349.1310508,-4,-2,35
1761622349.1700506,4,-7,35
1761622349.2080507,-4,-2,42
1761622349.2440507,-5,0,39
1761622349.2810507,-3,-5,35
1761622349.3200507,-3,7,39
1761622349.3580508,3,2,38
1761622349.3940508,2,-5,35
1761622349.4320507,5,-5,38
1761622349.4700508,-4,-11,39
1761622349.508051,2,-3,33
1761622349.5440507,0,-6,43
1761622349.5820508,3,-1,44
1761622349.620051,0,-4,45
1761622349.6580508,5,-1,25
1761622349.6940508,0,-1,26
1761622349.7310507,2,-7,25
1761622349.7700508,0,1,39
1761622349.8080506,-3,-4,26
1761622349.8440506,-3,4,25
1761622349.8810508,-1,0,26
1761622349.9200506,3,1,41
1761622349.9560506,0,-3,29
1761622349.9930508,5,1,35
1761622350.0300508,-4,0,31
1761622350.0690508,0,-1,49
1761622350.1050508,3,3,39
1761622350.1420507,7,-3,29
1761622350.1800506,-3,6,28
1761622350.2160506,-8,-3,32
1761622350.2530508,1,0,24
1761622350.2900507,-3,-4,32
1761622350.3290508,4,-1,30
1761622350.3650508,-1,-2,33
1761622350.403051,2,-1,38
1761622350.4400508,0,0,35
1761622350.4760506,2,3,25
1761622350.5130508,5,9,40
1761622350.551051,-1,1,21
1761622350.5890508,-6,0,23
1761622350.6250508,-6,0,21
1761622350.6620507,-7,5,24
1761622350.7000508,-6,-4,27
1761622350.7360508,-1,-3,40
1761622350.7740507,6,-9,33
1761622350.811051,3,0,46
1761622350.8490508,2,4,31
1761622350.8850508,0,1,31
1761622350.9220507,6,-1,26
1761622350.9600508,0,-3,42
1761622350.9960508,5,-1,35
1761622351.0330508,-3,-1,32
1761622351.0710506,-5,0,29
1761622351.110051,-7,0,29
1761622351.1460507,-8,-3,26
1761622351.1830506,-2,0,33
1761622351.2210507,1,1,30
1761622351.2590508,-1,-3,33
1761622351.2950506,0,-6,34
1761622351.3320508,-1,-3,26
1761622351.3710508,2,0,27
1761622351.4090507,0,-1,26
1761622351.4450507,-1,0,25
1761622351.4830508,-5,0,33
1761622351.5210507,-8,3,35
1761622351.5590508,-1,0,30
1761622351.5950508,-6,-3,32
1761622351.633051,-1,-4,22
1761622351.6710508,10,0,22
1761622351.709051,6,-1,26
1761622351.745051,-4,0,26
1761622351.7830508,0,-2,20
1761622351.8210506,2,-9,30
1761622351.8590508,-1,-1,28
1761622351.8950508,-5,-1,37
1761622351.9330506,-7,-6,33
1761622351.9710507,-5,-7,37
1761622352.0090508,1,-4,30
1761622352.0450506,-5,-1,21
1761622352.0830507,-8,3,27
1761622352.1210508,-4,-4,24
1761622352.1570508,0,5,21
1761622352.1940508,-2,0,25
1761622352.2310507,-5,0,27
1761622352.2670507,0,2,27
1761622352.3040507,4,-4,29
1761622352.3410506,0,1,22
1761622352.3770506,2,-3,15
1761622352.4140508,-3,-3,26
1761622352.4520507,3,-3,30
1761622352.4900508,-4,-2,41
1761622352.5260508,3,-3,32
1761622352.5630507,-1,-2,34
1761622352.6010506,1,-4,21
1761622352.6370506,0,-4,21
1761622352.6740508,1,6,30
1761622352.7110507,1,-4,31
1761622352.7470508,6,-3,30
1761622352.7850506,6,0,30
1761622352.8220508,6,3,34
1761622352.860051,3,1,35
1761622352.8960507,3,1,35
1761622352.9330506,0,1,24
1761622352.9710507,-3,4,26
1761622353.0070508,-4,-3,34
1761622353.0450506,0,-1,37
1761622353.0830507,0,-2,42
1761622353.1210508,5,-4,52
1761622353.1570508,2,-4,45
1761622353.1940508,-1,-11,35
1761622353.232051,-2,-9,29
1761622353.2710507,1,-3,33
1761622353.3070507,-7,2,31
1761622353.3440506,0,4,26
1761622353.3820508,3,-3,30
1761622353.4200506,-2,-2,47
1761622353.4560506,2,-2,42
1761622353.4930508,0,-1,39
1761622353.5320508,-1,-9,35
1761622353.5700507,0,-3,42
1761622353.6060507,2,0,39
1761622353.643051,-2,0,39
1761622353.6810508,-10,2,30
1761622353.7170508,-11,1,23
1761622353.7540507,-3,-4,37
1761622353.7920508,5,0,36
1761622353.8310506,2,2,34
1761622353.8670506,6,6,29
1761622353.9040508,4,6,36
1761622353.9420507,-3,6,33
1761622353.9800508,0,-1,36
1761622354.0160508,4,-4,46
1761622354.0540507,10,1,38
1761622354.0920508,10,3,34
1761622354.130051,2,2,30
1761622354.166051,7,4,38
1761622354.2040508,-1,-7,39
1761622354.2420506,1,1,38
1761622354.278051,-2,7,30
1761622354.3150508,5,-1,37
1761622354.3540506,4,-1,34
1761622354.3920507,-2,-1,36
1761622354.4280508,0,1,33
1761622354.4650507,-2,0,39
1761622354.5030508,0,-6,39
1761622354.5420508,-4,-3,41
1761622354.5780506,-1,-1,45
1761622354.6150508,-5,2,43
1761622354.6520507,-2,0,31
1761622354.6880507,-4,-2,32
1761622354.7260506,2,-2,32
1761622354.7630508,-6,0,38
1761622354.801051,9,-6,35
1761622354.837051,6,0,28
1761622354.8750508,-2,-1,29
1761622354.9120507,-7,-7,34
1761622354.9510508,-5,-1,31
1761622354.9870508,-2,0,35
1761622355.0240507,2,-4,47
1761622355.0620508,0,-4,38
1761622355.0980508,0,-3,40
1761622355.1360507,5,-4,21
1761622355.1730506,2,-1,21
1761622355.2110507,-5,-6,34
1761622355.2470508,4,-7,39
1761622355.2840507,2,-6,34
1761622355.3220508,0,-1,25
1761622355.3580508,-2,0,29
1761622355.3960507,0,3,29
1761622355.4340508,-3,-5,37
1761622355.472051,-4,-5,24
1761622355.508051,-2,-7,23
1761622355.5450506,1,-4,38
1761622355.5830507,0,4,35
1761622355.6210508,-5,0,44
1761622355.6570508,-7,1,41
1761622355.6940508,2,-4,34
1761622355.732051,6,-5,34
1761622355.768051,2,4,39
1761622355.8050506,1,-1,34
1761622355.8430507,9,0,32
1761622355.8810508,0,3,34
1761622355.9170508,-7,-2,36
1761622355.9550507,0,-6,21
1761622355.9930508,-4,-3,38
1761622356.0310507,3,0,36
1761622356.0670507,3,2,31
1761622356.1050508,4,-3,27
1761622356.143051,-2,2,27
1761622356.1810508,-4,-2,33
1761622356.2250507,-3,1,26
1761622356.2630508,-9,4,33
1761622356.301051,-2,0,36
1761622356.337051,6,0,37
1761622356.3740506,-4,-4,34
1761622356.413051,-3,-1,42
1761622356.449051,0,3,26
1761622356.4860508,-5,-1,35
1761622356.5240507,-8,-1,32
1761622356.5630507,-1,-1,35
1761622356.5990508,-2,4,38
1761622356.6360507,-4,3,28
1761622356.6730506,-5,1,31
1761622356.712051,-4,0,34
1761622356.7480507,-3,2,28
1761622356.7850506,-2,-4,40
1761622356.8230507,-4,2,37
1761622356.8620508,-7,5,41
1761622356.8980508,-8,1,28
1761622356.9350507,4,-2,28
1761622356.9730508,3,0,35
1761622357.0120506,0,3,35
1761622357.0480506,0,-1,30
1761622357.0850508,0,0,24
1761622357.1230507,-4,0,24
1761622357.1590507,-1,2,27
1761622357.1960506,4,3,42
1761622357.2330508,-2,-7,34
1761622357.2720506,-3,-9,31
1761622357.3080506,0,-11,21
1761622357.3450508,-6,-6,41
1761622357.3840508,-5,-5,37
1761622357.4220507,0,-9,31
1761622357.4580507,0,-7,35
1761622357.495051,2,0,30
1761622357.5330508,-2,-2,34
1761622357.5690508,-2,-1,32
1761622357.6060507,-2,-6,31
1761622357.6440508,-10,-3,19
1761622357.6830506,-1,-3,25
1761622357.7190506,0,-2,27
1761622357.7560508,0,-2,25
1761622357.7940507,-7,3,34
1761622357.8320508,4,2,32
1761622357.8680508,10,0,40
1761622357.9050508,2,-4,39
1761622357.9430506,-3,2,36
1761622357.9790506,-4,-6,27
1761622358.0160508,-16,-6,30
1761622358.0540507,-6,2,36
1761622358.0920508,0,0,29
1761622358.1280508,-3,-7,41
1761622358.1650507,0,-2,35
1761622358.2030506,0,-2,18
1761622358.2390506,1,1,20
1761622358.2760508,-5,1,33
1761622358.314051,0,5,27
1761622358.3520508,0,-3,40
1761622358.3880508,0,-3,35
1761622358.4250507,3,0,30
1761622358.4630508,-4,-11,23
1761622358.4990506,-4,-4,35
1761622358.5370507,1,1,25
1761622358.574051,4,1,33
1761622358.6130507,-5,-7,30
1761622358.6490507,-3,-2,33
1761622358.686051,0,-3,29
1761622358.7240508,-1,-10,37
1761622358.7600508,-7,-6,30
1761622358.7970507,-3,2,29
1761622358.834051,3,-2,39
1761622358.8730507,3,-3,41
1761622358.9090507,-6,-6,38
1761622358.9470508,0,0,34
1761622358.9840508,1,1,41
1761622359.0200508,0,5,32
1761622359.0570507,-5,5,36
1761622359.0950508,3,-9,35
1761622359.133051,3,-6,35
1761622359.1690507,6,-7,33
1761622359.2060506,-2,-6,42
1761622359.2440507,-5,0,46
1761622359.2800508,-9,-3,31
1761622359.3170507,2,3,30
1761622359.3540506,9,0,32
1761622359.3900506,-1,-5,27
1761622359.4280508,-7,0,17
1761622359.4650507,-4,-3,36
1761622359.5040507,-3,-3,32
1761622359.5400507,-5,4,35
1761622359.5770507,-3,2,26
1761622359.6150508,0,2,37
1761622359.653051,-3,-1,37
1761622359.689051,-3,4,39
1761622359.7260506,0,3,27
1761622359.7650506,1,2,24
1761622359.8030508,1,0,26
1761622359.8390508,-1,-5,38
1761622359.8760507,6,-5,33
1761622359.9150507,2,-4,37
1761622359.9530506,6,-1,31
1761622359.9890506,12,0,39
1761622360.0260508,-2,0,38
1761622360.0650508,2,3,30
1761622360.1030507,-2,-3,27
1761622360.1390507,0,-7,36
1761622360.1770508,4,0,34
1761622360.2150507,1,4,28
1761622360.2530508,-4,0,35
1761622360.2890508,0,-1,34
1761622360.3260508,4,-6,44
1761622360.3640506,-9,-4,36
1761622360.4000506,-4,-7,29
1761622360.4380507,1,-6,33
1761622360.4770508,-1,-3,29
1761622360.5150506,-1,-9,46
1761622360.5530508,1,-5,33
1761622360.5890508,3,0,31
1761622360.6260507,0,-1,39
1761622360.6650507,0,-6,44
1761622360.7010508,2,-2,41
1761622360.7380507,8,0,31
1761622360.7750506,4,4,28
1761622360.814051,0,-4,33
1761622360.8500507,0,-5,28
1761622360.8870506,-1,-2,34
1761622360.9250507,-1,-2,32
1761622360.9640508,4,-1,31
1761622361.0000508,0,-4,29
1761622361.0370507,2,-2,39
1761622361.0750508,3,0,39
1761622361.1110508,-4,-5,37
1761622361.1480508,-2,-2,29
1761622361.186051,-7,0,33
1761622361.2250507,-5,0,33
1761622361.2610507,-1,4,29
1761622361.2980506,-4,-1,48
1761622361.3360507,1,-1,36
1761622361.3750508,-1,-1,31
1761622361.4110508,-7,-1,31
1761622361.4480507,-6,-3,34
1761622361.4860508,-10,-6,38
1761622361.5250506,-3,-4,27
1761622361.561051,-2,-7,29
1761622361.5980508,-8,-6,25
1761622361.6360507,-1,-11,30
1761622361.6750507,-7,0,32
1761622361.7110507,-2,-3,32
1761622361.7480507,4,-2,36
1761622361.7860508,4,0,35
1761622361.824051,-3,-6,39
1761622361.860051,-6,-5,39
1761622361.8970506,-3,0,35
1761622361.936051,-1,1,31
1761622361.9740508,-1,-8,38
1761622362.0100508,-2,0,24
1761622362.0470507,0,0,31
1761622362.0860507,1,1,30
1761622362.1240506,5,4,32
1761622362.1600506,0,1,26
1761622362.1970508,-5,1,30
1761622362.2360508,1,1,41
1761622362.2740507,4,0,28
1761622362.3100507,0,-3,31
1761622362.347051,-1,-4,26
1761622362.3860507,-6,-2,29
1761622362.4240508,-2,-3,34
1761622362.4600508,2,-4,26
1761622362.4980507,-2,-8,30
1761622362.5360508,-6,0,27
1761622362.574051,-1,4,31
1761622362.610051,7,0,18
1761622362.6470506,1,0,24
1761622362.6850507,0,2,33
1761622362.7210507,0,0,17
1761622362.758051,0,2,31
1761622362.7960508,-1,-3,17
1761622362.834051,2,-3,35
1761622362.870051,-2,-2,42
1761622362.9080508,3,-3,31
1761622362.9460506,7,-3,32
1761622362.982051,7,0,32
1761622363.0190508,-10,-1,43
1761622363.0580506,-3,-3,40
1761622363.0960507,4,0,42
1761622363.1320508,-3,1,36
1761622363.1690507,-1,-2,34
1761622363.2070508,0,-4,29
1761622363.2460508,-5,-7,39
1761622363.2820508,0,-5,39
1761622363.3190508,-2,-1,30
1761622363.3580508,5,-5,32
1761622363.3960507,2,-2,23
1761622363.4320507,0,1,24
1761622363.4690506,-7,1,33
1761622363.5070508,1,-1,17
1761622363.5460508,0,0,27
1761622363.5820508,-6,-2,40
1761622363.6190507,-5,-6,27
1761622363.6580508,-2,-1,29
1761622363.6960506,1,-1,32
1761622363.732051,4,1,33
1761622363.7690508,5,-1,34
1761622363.8070507,-3,-9,39
1761622363.8450508,-3,-1,30
1761622363.8810508,-3,-3,27
1761622363.9180508,-6,-4,33
1761622363.9570508,-4,1,24
1761622363.995051,-3,1,34
1761622364.0310507,-12,-5,36
1761622364.0680506,-5,-1,32
1761622364.107051,-3,-1,38
1761622364.1450508,5,-9,38
1761622364.1810508,2,-1,32
1761622364.2180507,-4,-2,38
1761622364.2570508,-1,0,40
1761622364.2950506,-4,-2,38
1761622364.3310506,2,1,40
1761622364.3680508,-1,2,40
1761622364.4060507,1,0,41
1761622364.4420507,0,2,36
1761622364.4790506,0,0,37
1761622364.5170507,-2,-1,43
1761622364.5550506,-1,0,34
1761622364.5910506,6,2,26
1761622364.6280508,-7,0,32
1761622364.666051,1,-2,33
1761622364.7020507,3,-5,21
1761622364.7400508,9,-2,26
1761622364.778051,0,4,30
1761622364.8160508,-7,-3,27
1761622364.8520508,-6,-3,27
1761622364.8900506,-3,1,33
1761622364.9270508,-4,0,22
1761622364.9660506,-3,-1,36
1761622365.0020506,1,0,38
1761622365.0390508,-1,0,35
1761622365.0770507,5,2,18
1761622365.1130507,0,0,25
1761622365.1500506,2,0,23
1761622365.1870508,-1,0,30
1761622365.2230508,-6,-1,28
1761622365.2610507,0,-7,21
1761622365.2990508,-2,-4,32
1761622365.337051,1,1,34
1761622365.3730507,2,5,32
1761622365.4100506,1,-1,29
1761622365.4480507,2,-6,28
1761622365.4860508,3,-1,25
1761622365.5220506,7,0,28
1761622365.5590508,4,9,34
1761622365.597051,1,2,33
1761622365.633051,-5,-4,40
1761622365.6700506,-3,3,32
1761622365.7070508,3,0,28
1761622365.7430508,-5,3,37
1761622365.7800508,1,-4,33
1761622365.8180506,-6,-2,30
1761622365.857051,-3,-4,28
1761622365.893051,-7,-4,37
1761622365.9300506,3,-10,40
1761622365.9680507,-3,0,50
1761622366.0060508,-5,-4,32
1761622366.0420508,-1,-3,34
1761622366.0790508,0,-7,40
1761622366.1180508,-1,-7,36
1761622366.1560507,-6,-5,43
1761622366.1920507,4,-6,29
1761622366.2380507,10,-2,39
1761622366.2760508,4,1,38
1761622366.3120508,2,0,35
1761622366.3490508,-2,-1,32
1761622366.3880508,-4,0,37
1761622366.426051,1,0,37
1761622366.462051,0,0,30
1761622366.4990506,2,0,23
1761622366.5370507,10,4,31
1761622366.5730507,1,1,37
1761622366.610051,1,3,48
1761622366.6480508,3,-4,35
1761622366.686051,3,0,37
1761622366.722051,0,0,38
1761622366.7590508,-1,5,39
1761622366.7980506,8,3,35
1761622366.8360507,1,-7,34
1761622366.8720508,-11,-1,31
1761622366.9100506,-10,3,30
1761622366.9480507,-5,0,24
1761622366.9860508,1,3,25
1761622367.0220506,0,0,29
1761622367.0600507,1,-7,19
1761622367.0980508,0,-8,29
1761622367.1360507,-9,-8,33
1761622367.1720507,-5,-4,23
1761622367.2100508,-5,1,29
1761622367.2480507,-5,-3,36
1761622367.2840507,0,-8,33
1761622367.3210506,-1,-4,30
1761622367.360051,2,1,25
1761622367.3980508,-1,3,34
1761622367.4340508,-9,3,35
1761622367.4710507,-9,-6,23
1761622367.5090508,-8,-5,34
1761622367.5480506,-5,-7,45
1761622367.584051,0,0,37
1761622367.6210508,0,0,38
1761622367.6580508,-2,-6,34
1761622367.6970508,5,-6,30
1761622367.7330508,9,0,29
1761622367.7700508,5,0,45
1761622367.8080506,4,-4,28
1761622367.8440506,0,0,26
1761622367.8810508,5,3,30
1761622367.9180508,-3,-4,46
1761622367.9570508,0,-1,43
1761622367.9930508,1,1,36
1761622368.0310507,3,0,39
1761622368.0680506,7,0,39
1761622368.1040506,7,1,28
1761622368.1420507,-1,-1,35
1761622368.1810508,-1,-4,18
1761622368.2190506,0,-4,33
1761622368.2570508,-1,-1,39
1761622368.2930508,1,-5,38
1761622368.3310506,-2,0,43
1761622368.3690507,9,-1,35
1761622368.4070508,4,0,35
1761622368.4430506,6,-1,32
1761622368.4800508,1,-1,25
1761622368.5190508,3,-5,36
1761622368.5570507,-4,-5,36
1761622368.5930507,-1,0,37
1761622368.630051,-5,0,33
1761622368.6690507,-7,0,35
1761622368.7070508,-8,0,41
1761622368.7430508,-9,-2,33
1761622368.7810507,-12,0,27
1761622368.8190508,-7,8,26
1761622368.857051,-7,0,24
1761622368.893051,-5,-1,37
1761622368.9300506,0,-2,37
1761622368.9690506,-3,0,15
1761622369.0070508,0,-8,28
1761622369.0430508,-2,-1,32
1761622369.0800507,-3,-3,32
1761622369.1190507,4,-1,27
1761622369.1570508,0,-1,39
1761622369.1930506,0,0,43
1761622369.2300508,3,3,39
1761622369.268051,2,0,37
1761622369.3040507,-1,1,46
1761622369.3410506,-1,-3,40
1761622369.3790507,-1,0,38
1761622369.4180508,-3,-2,31
1761622369.4540508,-2,-3,22
1761622369.4910507,4,-3,20
1761622369.5290508,1,3,24
1761622369.5650508,1,6,29
1761622369.6020508,0,-6,17
1761622369.6390507,-8,1,27
1761622369.6750507,-4,-1,28
1761622369.7130508,-5,-2,38
1761622369.7510507,1,-2,43
1761622369.7890508,5,-4,43
1761622369.8250508,0,-1,40
1761622369.8620508,2,-3,44
1761622369.8990507,-6,2,36
1761622369.9350507,1,-2,31
1761622369.972051,-5,-7,34
1761622370.0100508,2,-5,46
1761622370.0490508,-2,-1,36
1761622370.0850508,-2,-8,30
1761622370.1230507,0,-2,34
1761622370.1610508,-2,-3,32
1761622370.199051,0,0,22
1761622370.235051,-3,0,37
1761622370.2720506,0,-2,39
1761622370.3100507,5,-7,32
1761622370.3480508,2,-4,38
1761622370.3840508,3,-7,36
1761622370.4210508,1,-7,26
1761622370.459051,1,0,24
1761622370.495051,-6,-6,34
1761622370.5320508,2,-4,35
1761622370.5700507,-5,0,30
1761622370.6080508,-5,-4,27
1761622370.6440508,3,-7,43
1761622370.6820507,-1,-10,38
1761622370.7200508,0,-5,47
1761622370.758051,4,-11,38
1761622370.7940507,3,0,34
1761622370.8310506,0,-1,31
1761622370.8690507,1,2,29
1761622370.9050508,-3,-2,35
1761622370.9430506,-1,1,40
1761622370.9800508,-3,1,25
1761622371.0190508,-2,0,25
1761622371.0550506,-1,0,33
1761622371.0920508,6,-13,36
1761622371.130051,-7,-9,38
1761622371.1680508,-5,-2,32
1761622371.2040508,-4,-4,30
1761622371.2410507,-2,0,38
1761622371.2790508,-3,-4,33
1761622371.3150508,-2,-2,37
1761622371.3530507,5,0,43
1761622371.3900506,-3,0,32
1761622371.4280508,-3,0,34
1761622371.4640508,-6,0,32
1761622371.5010507,-4,0,32
1761622371.5390508,6,0,33
1761622371.5750508,1,0,39
1761622371.6120508,0,-1,28
1761622371.6500506,-3,-6,41
1761622371.689051,1,-5,38
1761622371.7250507,2,-9,34
1761622371.7620506,-1,-6,33
1761622371.8000507,7,0,32
1761622371.8360507,11,0,30
1761622371.8730507,5,2,33
1761622371.9100506,0,-2,41
1761622371.9460506,-1,-4,25
1761622371.9830508,0,-4,32
1761622372.0210507,4,-2,36
1761622372.0600507,-3,-5,30
1761622372.0960507,5,-5,31
1761622372.133051,0,-1,29
1761622372.1700506,-2,0,27
1761622372.2060506,1,-4,24
1761622372.2440507,0,-3,22
1761622372.2820508,5,-7,9
1761622372.3200507,4,-7,32
1761622372.3560507,7,-5,34
1761622372.3940508,1,-4,36
1761622372.4320507,2,0,32
1761622372.4700508,1,3,37
1761622372.5060508,-4,-4,26
1761622372.5440507,-4,-4,31
1761622372.5820508,-1,-8,30
1761622372.6210508,6,1,25
1761622372.6590507,-3,0,26
1761622372.6950507,3,-2,33
1761622372.732051,2,-7,28
1761622372.7700508,1,-1,29
1761622372.8060508,2,-6,27
1761622372.8430507,5,-1,30
1761622372.8810508,0,-1,30
1761622372.9190507,-1,-5,38
1761622372.9550507,-8,-4,24
1761622372.9920506,-3,-4,38
1761622373.0310507,0,0,37
1761622373.0690508,-4,4,27
1761622373.1050508,-4,0,29
1761622373.1420507,-4,-3,28
1761622373.1810508,-2,0,38
1761622373.2190506,0,-3,36
1761622373.255051,-1,-2,40
1761622373.2930508,3,-3,28
1761622373.3310506,0,-9,28
1761622373.3690507,1,-8,29
1761622373.4050508,-1,0,32
1761622373.4430506,-3,-4,41
1761622373.4810507,-2,-8,31
1761622373.5190508,0,-10,34
1761622373.5550506,-1,-4,34
1761622373.5930507,-2,-6,35
1761622373.6310508,-2,-3,26
1761622373.6670508,-1,-2,34
1761622373.7040508,-5,-1,33
1761622373.7420506,1,-2,24
1761622373.7810507,0,-1,32
1761622373.8170507,-3,0,32
1761622373.8540506,-5,-4,36
1761622373.8920507,-3,-1,32
1761622373.9310508,-2,-4,46
1761622373.9680507,0,0,46
1761622374.005051,2,2,42
1761622374.0420508,0,0,30
1761622374.0810506,-6,-2,36
1761622374.1170506,0,0,36
1761622374.1540508,4,0,33
1761622374.1910508,6,-3,42
1761622374.2300508,0,0,36
1761622374.2660508,2,-5,41
1761622374.3030508,4,0,37
1761622374.3410506,7,-2,43
1761622374.3770506,4,0,36
1761622374.4140508,-2,-4,32
1761622374.4520507,0,0,32
1761622374.4900508,-4,-2,29
1761622374.5260508,-1,0,33
1761622374.564051,-3,-6,22
1761622374.6020508,10,-3,28
1761622374.6400506,0,-9,35
1761622374.676051,-4,-8,40
1761622374.7140508,-3,1,36
1761622374.7520506,-1,-1,34
1761622374.791051,-3,-3,32
1761622374.8270507,-3,-8,40
1761622374.8640506,-1,-10,40
1761622374.9020507,0,-1,40
1761622374.9400508,-6,0,50
1761622374.9760506,-3,-1,43
1761622375.0140507,2,-3,36
1761622375.0520508,-5,-3,37
1761622375.0900507,0,-6,41
1761622375.1260507,2,-9,50
1761622375.1640508,5,-6,50
1761622375.2020507,5,0,35
1761622375.2400508,0,1,35
1761622375.2760508,8,0,35
1761622375.314051,6,-5,43
1761622375.3520508,0,1,28
1761622375.3900506,-7,-2,36
1761622375.426051,-2,-4,40
1761622375.4630508,-4,-6,28
1761622375.5020506,1,-7,41
1761622375.5400507,2,-2,35
1761622375.5760508,6,-2,34
1761622375.6130507,3,-1,23
1761622375.6520507,1,5,21
1761622375.6900508,4,7,26
1761622375.7260506,5,0,20
1761622375.7630508,4,4,29
1761622375.801051,2,-3,21
1761622375.837051,4,-2,31
1761622375.8740506,1,-4,43
1761622375.9120507,-2,-5,35
1761622375.9480507,-8,0,36
1761622375.985051,0,8,35
1761622376.0220506,4,4,41
1761622376.0580506,-2,-1,25
1761622376.0960507,0,0,36
1761622376.1340508,1,-5,46
1761622376.1720507,-1,-9,33
1761622376.2080507,-4,0,24
1761622376.2590508,-8,0,26
1761622376.2950506,2,-3,25
1761622376.3320508,-3,0,30
1761622376.3710508,2,-7,27
1761622376.4070508,1,-1,41
1761622376.4440508,-2,-5,37
1761622376.482051,2,1,23
1761622376.518051,1,1,12
1761622376.5560508,1,-2,29
1761622376.5930507,0,-3,28
1761622376.6310508,10,-1,33
1761622376.6670508,3,-5,32
1761622376.7050507,5,-1,27
1761622376.7420506,5,0,24
1761622376.7810507,3,0,39
1761622376.8170507,5,3,37
1761622376.8540506,-3,-1,35
1761622376.893051,5,-3,35
1761622376.9310508,-7,-2,32
1761622376.9670508,-1,0,32
1761622377.005051,1,-4,42
1761622377.0430508,1,-2,41
1761622377.0820508,-4,0,25
1761622377.1180508,-2,-1,37
1761622377.1550508,-3,-6,27
1761622377.1930506,-7,-9,24
1761622377.232051,0,-8,31
1761622377.268051,1,-3,27
1761622377.3050506,4,0,27
1761622377.3430507,0,-3,20
1761622377.3810508,-8,2,32
1761622377.4170508,-5,4,32
1761622377.4550507,6,-2,31
1761622377.4930508,6,-4,22
1761622377.5310507,-11,-4,31
1761622377.5670507,-3,-4,29
1761622377.6050508,8,0,16
1761622377.643051,2,-5,29
1761622377.6810508,1,-3,27
1761622377.7170508,-7,2,28
1761622377.755051,1,0,28
1761622377.7930508,-3,0,32
1761622377.8310506,0,2,28
1761622377.8670506,0,1,33
1761622377.9040508,-2,-4,35
1761622377.9430506,2,2,34
1761622377.9790506,0,-1,27
1761622378.0160508,0,-1,32
1761622378.0530508,1,2,37
1761622378.0890508,1,4,35
1761622378.1260507,-3,4,34
1761622378.1640508,-5,2,24
1761622378.2030506,-6,-5,33
1761622378.2390506,-2,-3,36
1761622378.2760508,-1,1,36
1761622378.314051,-4,-4,38
1761622378.3530507,-2,-6,28
1761622378.3890507,1,-5,35
1761622378.426051,0,-1,33
1761622378.4640508,1,-1,27
1761622378.5030508,1,0,36
1761622378.5390508,2,-4,33
1761622378.5760508,0,-4,29
1761622378.6140506,1,4,36
1761622378.6520507,0,1,41
1761622378.6880507,-2,-2,33
1761622378.7250507,-2,-2,27
1761622378.7630508,-6,0,28
1761622378.7990508,-3,-2,24
1761622378.837051,-4,0,27
1761622378.8740506,0,0,35
1761622378.9120507,3,0,32
1761622378.9480507,4,0,28
1761622378.9860508,-4,-2,21
1761622379.0240507,4,0,27
1761622379.0620508,7,0,33
1761622379.0980508,4,0,43
1761622379.1360507,-2,0,36
1761622379.1740508,8,-3,33
1761622379.212051,3,-3,37
1761622379.2480507,3,-4,30
1761622379.2860508,0,-5,34
1761622379.324051,5,-2,38
1761622379.3620508,4,-11,33
1761622379.3980508,3,-6,27
1761622379.4350507,-5,0,33
1761622379.4740508,-11,0,47
1761622379.5120506,-1,-6,43
1761622379.5480506,-4,0,41
1761622379.587051,1,0,50
1761622379.6240506,4,-5,45
1761622379.663051,2,-4,40
1761622379.699051,0,-3,39
1761622379.7360508,2,0,38
1761622379.7740507,-7,0,33
1761622379.8120508,-3,0,27
1761622379.8480508,-3,-4,30
1761622379.8870506,-2,-8,26
1761622379.9240508,-3,-4,23
1761622379.9630508,-7,-8,20
1761622379.9990506,0,0,26
1761622380.0360508,-7,-2,28
1761622380.074051,-5,-1,23
1761622380.1130507,0,-5,29
1761622380.1490507,2,-4,30
1761622380.186051,-12,-7,32
1761622380.2250507,-8,-8,34
1761622380.2630508,-7,-7,32
1761622380.2990508,-4,-7,38
1761622380.3360507,-6,-6,25
1761622380.3750508,-3,-1,35
1761622380.413051,-9,3,35
1761622380.449051,1,-5,36
1761622380.4860508,-7,-3,38
1761622380.5250506,-5,-5,39
1761622380.5630507,2,-8,30
1761622380.5990508,0,-2,28
1761622380.6360507,1,5,26
1761622380.6740508,-2,0,28
1761622380.7100508,-2,0,32
1761622380.7470508,0,-3,28
1761622380.7840507,0,-1,35
1761622380.8200507,-1,-2,44
1761622380.857051,4,1,32
1761622380.8950508,1,-4,42
1761622380.9330506,2,7,30
1761622380.9690506,2,5,26
1761622381.008051,2,2,18
1761622381.0450506,3,7,33
1761622381.0830507,1,3,30
1761622381.1190507,4,0,31
1761622381.1570508,0,0,41
1761622381.1950507,-5,-9,25
1761622381.2330508,0,-9,36
1761622381.2690508,1,-5,42
1761622381.3070507,1,-4,16
1761622381.3450508,7,1,34
1761622381.3840508,-1,-1,31
1761622381.4200506,-1,-2,29
1761622381.4570508,3,-8,16
1761622381.495051,2,-2,23
1761622381.5330508,-2,4,42
1761622381.5690508,-3,-1,39
1761622381.607051,-2,1,38
1761622381.6450508,-10,-8,28
1761622381.6830506,-4,0,37
1761622381.7190506,2,-2,37
1761622381.7570508,3,-3,41
1761622381.7950506,2,-2,38
1761622381.8330507,6,-1,35
1761622381.8690507,2,4,31
1761622381.9060507,0,4,34
1761622381.9440508,8,-4,36
1761622381.9800508,2,-4,37
1761622382.018051,4,1,38
1761622382.0550506,-1,6,33
1761622382.0930507,3,-6,37
1761622382.1290507,4,-3,38
1761622382.166051,2,-3,24
1761622382.2050507,0,1,33
1761622382.2430508,0,-1,35
1761622382.2790508,5,0,31
1761622382.3160508,-2,-1,30
1761622382.3550508,3,1,44
1761622382.3910508,1,-2,45
1761622382.4280508,-1,3,54
1761622382.4650507,-3,1,49
1761622382.5040507,8,-4,36
1761622382.5400507,1,0,42
1761622382.5770507,0,-4,31
1761622382.6150508,-3,-2,38
1761622382.6510508,0,0,37
1761622382.6880507,2,0,29
1761622382.7260506,-9,1,34
1761622382.7640507,1,0,41
1761622382.8000507,-1,-4,45
1761622382.8380508,0,0,37
1761622382.8760507,-5,0,27
1761622382.9140508,-7,-3,34
1761622382.9500508,-5,3,34
1761622382.9880507,-10,4,28
1761622383.0260508,-10,6,25
1761622383.064051,-8,3,18
1761622383.1010506,-8,1,25
1761622383.1380508,-2,-2,26
1761622383.176051,5,-5,21
1761622383.2140508,1,-3,31
1761622383.2500508,0,3,23
1761622383.2870507,-2,-4,25
1761622383.3260508,-3,-6,29
1761622383.3640506,-1,-4,37
1761622383.4000506,-2,-3,36
1761622383.4380507,-4,-9,38
1761622383.4760506,1,-4,34
1761622383.5140507,0,0,34
1761622383.5500507,-1,1,32
1761622383.5880508,-3,3,35
1761622383.6260507,-1,1,39
1761622383.6640508,-4,-6,40
1761622383.7000508,-3,0,52
1761622383.7380507,0,-3,26
1761622383.7760508,0,0,25
1761622383.814051,-3,7,37
1761622383.8500507,-1,-1,33
1761622383.8880508,6,-5,39
1761622383.926051,2,-4,27
1761622383.9640508,-2,1,27
1761622384.0000508,-2,2,27
1761622384.0370507,-3,-4,37
1761622384.0760508,-1,-6,38
1761622384.1140506,5,0,36
1761622384.1500506,0,0,38
1761622384.1870508,-3,5,37
1761622384.2260506,1,-3,30
1761622384.2640507,2,-9,38
1761622384.3000507,-7,-8,32
1761622384.3380508,3,-6,26
1761622384.3760507,5,0,28
1761622384.4140508,-4,-7,40
1761622384.4500508,-6,-8,33
1761622384.4870508,-4,-8,35
1761622384.5260508,-4,0,38
1761622384.5620508,1,0,37
1761622384.5990508,3,-4,24
1761622384.6360507,-1,5,34
1761622384.6740508,-5,-1,37
1761622384.7110507,-6,0,32
1761622384.7480507,-3,2,32
1761622384.7860508,-6,-6,25
1761622384.8250508,-1,-9,28
1761622384.8610508,-4,4,32
1761622384.8990507,6,0,22
1761622384.936051,-2,-1,32
1761622384.9750507,2,-1,34
1761622385.0110507,-8,-2,38
1761622385.0490508,-1,0,32
1761622385.0860507,-5,-3,33
1761622385.1250508,0,0,25
1761622385.1610508,-4,-2,26
1761622385.199051,0,-1,36
1761622385.2360508,1,-2,36
1761622385.2750506,-3,-7,42
1761622385.311051,1,-3,37
1761622385.3490508,4,-2,35
1761622385.3860507,5,0,38
1761622385.4220507,5,1,38
1761622385.459051,-1,0,27
1761622385.4970508,0,1,33
1761622385.5350506,4,2,41
1761622385.5710506,6,-2,37
1761622385.6090508,0,0,32
1761622385.6470506,0,-4,32
1761622385.6850507,3,5,27
1761622385.7210507,2,0,32
1761622385.758051,0,0,26
1761622385.7960508,1,-2,30
1761622385.8320508,-2,-1,36
1761622385.870051,-1,-5,46
1761622385.9080508,7,-4,24
1761622385.9460506,3,-10,34
1761622385.982051,0,-4,26
1761622386.0190508,6,-2,31
1761622386.0570507,-5,-3,37
1761622386.0960507,-4,-8,29
1761622386.1320508,4,-5,29
1761622386.1700506,0,0,28
1761622386.2070508,-2,-2,28
1761622386.2460508,-6,-5,25
1761622386.291051,-3,0,30
1761622386.3280506,1,-1,25
1761622386.3660507,-2,1,33
1761622386.4020507,-7,3,38
1761622386.4400508,0,1,32
1761622386.4780507,0,-3,33
1761622386.5160508,0,-2,40
1761622386.5520508,-6,-1,34
1761622386.5890508,0,-3,41
1761622386.6270506,4,-4,35
1761622386.663051,3,0,33
1761622386.7000508,-2,0,51
1761622386.7370508,1,-1,43
1761622386.7730508,2,-2,41
1761622386.811051,3,-2,42
1761622386.8500507,4,0,44
1761622386.8870506,8,-6,34
1761622386.9230506,3,-1,41
1761622386.9600508,0,-2,45
1761622386.9980507,0,-2,43
1761622387.0360508,1,-2,44
1761622387.0720508,0,0,44
1761622387.1090508,-11,-5,32
1761622387.1470506,1,1,40
1761622387.186051,6,-3,27
1761622387.222051,10,4,27
1761622387.2590508,5,0,33
1761622387.2970507,6,-5,32
1761622387.3330507,-3,-2,19
1761622387.3710508,3,1,33
1761622387.4080508,5,-5,30
1761622387.4460506,5,2,30
1761622387.482051,2,1,25
1761622387.5190508,0,-11,29
1761622387.5570507,-7,5,37
1761622387.5940506,-3,2,41
1761622387.6310508,0,4,46
1761622387.6690507,1,5,41
1761622387.7070508,-4,-2,32
1761622387.7430508,-4,-3,22
1761622387.7810507,0,-10,37
1761622387.8190508,8,-5,47
1761622387.857051,0,-2,36
1761622387.893051,0,5,34
1761622387.9300506,-1,-6,33
1761622387.9680507,0,-2,32
1761622388.0060508,0,3,34
1761622388.0420508,0,0,33
1761622388.0790508,9,-3,40
1761622388.1170506,2,-4,31
1761622388.153051,1,-3,23
1761622388.1900508,5,-3,33
1761622388.2280507,-1,-3,35
1761622388.2660508,5,0,28
1761622388.3020508,-4,-1,24
1761622388.3400507,0,6,36
1761622388.3780508,0,5,31
1761622388.416051,-3,2,47
1761622388.4520507,5,0,46
1761622388.4890506,0,-1,44
1761622388.528051,-3,-5,36
1761622388.5660508,0,-9,33
1761622388.6020508,0,-4,30
1761622388.6390507,0,2,28
1761622388.6780508,3,-7,23
1761622388.7160506,2,-2,22
1761622388.7520506,4,-1,29
1761622388.7890508,4,-6,36
1761622388.8280506,-3,-2,37
1761622388.8640506,3,-4,33
1761622388.9010508,0,2,29
1761622388.9380507,0,-5,27
1761622388.9740508,0,-5,41
1761622389.0110507,4,-4,39
1761622389.0490508,6,-2,26
1761622389.0880508,2,-6,22
1761622389.1240506,0,-3,23
1761622389.1610508,0,-8,17
1761622389.199051,-7,-6,31
1761622389.2380507,2,0,26
1761622389.2740507,8,1,18
1761622389.311051,-4,-6,22
1761622389.3490508,-1,0,31
1761622389.3880508,-9,-4,24
1761622389.4240508,-9,-2,22
1761622389.462051,-3,0,36
1761622389.5010507,-1,-4,36
1761622389.538051,0,0,28
1761622389.574051,9,0,29
1761622389.6110508,0,6,37
1761622389.6480508,0,0,33
1761622389.6840508,0,2,28
1761622389.7210507,1,-2,32
1761622389.7590508,0,1,39
1761622389.7970507,6,-6,30
1761622389.8330507,-3,-2,40
1761622389.870051,4,-2,41
1761622389.9080508,-2,-5,35
1761622389.9440508,-2,-5,31
1761622389.982051,-1,-6,40
1761622390.0200508,2,-1,31
1761622390.0580506,2,-2,39
1761622390.0940506,2,0,33
1761622390.1310508,4,1,32
1761622390.1690507,-1,-4,26
1761622390.2070508,0,-2,37
1761622390.2430508,-1,0,40
1761622390.2800508,-8,-4,33
1761622390.3190508,-6,-4,36
1761622390.357051,3,2,35
1761622390.393051,1,2,39
1761622390.4300506,7,6,26
1761622390.4680507,5,-1,24
1761622390.5040507,0,-1,30
1761622390.541051,-1,-9,24
1761622390.5790508,-2,-3,24
1761622390.6180508,2,-8,27
1761622390.6540508,0,-4,26
1761622390.6910508,8,1,32
1761622390.7290506,-5,-5,26
1761622390.7670507,-2,-2,34
1761622390.8030508,-6,-3,32
1761622390.8400507,-6,-2,39
1761622390.8790507,-6,-1,32
1761622390.9170508,0,-3,41
1761622390.9530506,0,-1,41
1761622390.9900508,-5,-2,39
1761622391.0290508,-3,-5,32
1761622391.0650508,-9,-2,38
1761622391.1020508,2,-9,40
1761622391.1390507,-1,-9,35
1761622391.1780508,3,1,31
1761622391.2140508,6,-8,38
1761622391.2520506,-1,-1,38
1761622391.2890508,-6,0,32
1761622391.3250508,-5,-6,32
1761622391.3630507,-2,2,24
1761622391.4000506,-2,7,39
1761622391.439051,-2,-2,38
1761622391.4750507,4,-2,33
1761622391.5120506,2,-10,41
1761622391.5500507,-4,-9,34
1761622391.5890508,5,-6,35
1761622391.6250508,2,-3,45
1761622391.6620507,1,-5,47
1761622391.699051,-3,-1,34
1761622391.7380507,4,-5,31
1761622391.7740507,2,-6,35
1761622391.811051,0,-2,25
1761622391.8490508,-2,5,32
1761622391.8850508,2,-4,32
1761622391.9220507,9,-2,27
1761622391.959051,5,-5,36
1761622391.9980507,6,-5,28
1761622392.0340507,0,-8,24
1761622392.0710506,-8,-6,26
1761622392.110051,-3,-3,32
1761622392.1480508,3,-2,36
1761622392.1840508,-1,-1,23
1761622392.2210507,-9,-2,34
1761622392.2600508,0,2,33
1761622392.2980506,1,3,32
1761622392.334051,5,-5,45
1761622392.3710508,-2,-2,34
1761622392.4100506,-3,1,28
1761622392.4480507,0,-4,32
1761622392.4840508,-2,-2,21
1761622392.5210507,4,0,25
1761622392.5590508,0,4,31
1761622392.5950508,-2,5,35
1761622392.6320508,-1,3,35
1761622392.6700506,-2,-5,27
1761622392.709051,-2,-5,34
1761622392.745051,3,-3,35
1761622392.7820508,1,1,31
1761622392.8200507,-5,0,35
1761622392.8580508,1,-2,39
1761622392.8940508,5,-6,27
1761622392.9310508,-2,-8,29
1761622392.9700508,-6,-7,33
1761622393.008051,-4,-5,18
1761622393.0440507,0,-5,19
1761622393.0810506,3,-10,30
1761622393.1190507,-1,-3,37
1761622393.1550508,7,-5,35
1761622393.1920507,0,0,32
1761622393.2300508,2,0,27
1761622393.2660508,0,0,29
1761622393.3030508,0,-2,33
1761622393.3400507,0,-5,21
1761622393.3760507,4,-5,34
1761622393.413051,0,3,37
1761622393.4500508,-2,-3,28
1761622393.4890506,0,0,28
1761622393.5250506,-7,-1,27
1761622393.5630507,-8,0,24
1761622393.6010506,-5,-3,32
1761622393.6400506,0,-6,32
1761622393.676051,1,1,45
1761622393.7140508,0,1,38
1761622393.7510507,0,-5,35
1761622393.7890508,-2,-1,39
1761622393.8250508,1,0,40
1761622393.8630507,0,2,37
1761622393.9000506,-1,6,38
1761622393.939051,4,5,35
1761622393.9750507,0,2,38
1761622394.0130508,0,-3,26
1761622394.0500507,0,-2,31
1761622394.0860507,0,-4,33
1761622394.1230507,-8,-1,36
1761622394.1610508,-7,-2,30
1761622394.2000508,2,-1,37
1761622394.2360508,-7,2,35
1761622394.2730508,4,-6,32
1761622394.311051,6,-1,37
1761622394.3490508,3,-4,45
1761622394.3850508,5,-6,39
1761622394.4220507,0,-3,26
1761622394.4600508,2,-5,38
1761622394.4960508,1,-5,36
1761622394.5340507,7,0,32
1761622394.5720508,4,0,30
1761622394.610051,-5,-5,37
1761622394.6460507,-10,1,30
1761622394.6840508,-7,-1,29
1761622394.722051,0,0,32
1761622394.7610507,-2,-9,36
1761622394.7990508,-2,-3,31
1761622394.8350508,-6,-2,42
1761622394.8720508,-1,1,36
1761622394.9100506,-5,4,22
1761622394.9460506,-3,2,26
1761622394.9830508,-7,0,35
1761622395.0210507,0,-1,45
1761622395.0590508,4,-3,37
1761622395.0950508,-2,-8,33
1761622395.1320508,-9,-2,36
1761622395.1710508,0,0,26
1761622395.209051,0,0,28
1761622395.245051,0,0,30
1761622395.2820508,-6,7,27
1761622395.3210506,2,-1,26
1761622395.357051,4,-3,32
1761622395.3940508,0,5,37
1761622395.4320507,2,3,35
1761622395.4700508,5,3,33
1761622395.5060508,4,-1,23
1761622395.5430508,-2,-2,43
1761622395.5810506,-6,3,48
1761622395.620051,3,1,44
1761622395.6560507,2,0,49
1761622395.6930506,2,0,39
1761622395.7310507,5,3,39
1761622395.7670507,-1,-2,33
1761622395.8040507,3,-4,36
1761622395.8420508,2,3,34
1761622395.8810508,-4,8,40
1761622395.9170508,1,9,44
1761622395.9540508,-8,10,38
1761622395.9920506,-7,0,36
1761622396.0310507,3,0,29
1761622396.0670507,1,1,38
1761622396.1040506,0,1,36
1761622396.1410508,1,2,39
1761622396.1770508,2,-1,38
1761622396.2140508,-2,-6,38
1761622396.2520506,1,-4,34
1761622396.2960508,0,-2,43
1761622396.334051,0,-5,29
1761622396.3720508,-6,-8,23
1761622396.4110508,0,0,23
1761622396.4470508,-1,-2,34
1761622396.485051,-10,-3,40
1761622396.5230508,-3,0,37
1761622396.561051,2,4,33
1761622396.597051,5,3,29
1761622396.6340508,0,-3,29
1761622396.6720507,1,5,36
1761622396.7100508,0,-2,35
1761622396.7460508,2,2,35
1761622396.7830508,1,5,25
1761622396.8210506,5,3,15
1761622396.857051,3,0,28
1761622396.8950508,1,-6,30
1761622396.9320507,1,-1,36
1761622396.9700508,-2,5,20
1761622397.0060508,0,4,19
1761622397.0430508,-3,0,35
1761622397.0810506,0,-5,25
1761622397.1170506,-2,-3,29
1761622397.1540508,-1,0,23
1761622397.1920507,-4,4,22
1761622397.2300508,0,0,30
1761622397.2660508,-6,-1,26
1761622397.3040507,-3,-3,29
1761622397.3420508,-6,-5,38
1761622397.380051,-6,1,37
1761622397.416051,-7,8,43
1761622397.4540508,-5,4,26
1761622397.4920506,0,3,22
1761622397.5300508,3,8,30
1761622397.5660508,2,6,31
1761622397.6030507,-2,-3,35
1761622397.6420507,-4,5,36
1761622397.6800506,-5,5,33
1761622397.7160506,-2,5,38
1761622397.7530508,-5,8,35
1761622397.791051,-3,1,51
1761622397.8270507,-5,-1,47
1761622397.8650508,-2,-2,40
1761622397.903051,0,5,38
1761622397.9410508,-4,6,47
1761622397.9770508,-2,-2,41
1761622398.0140507,-7,0,36
1761622398.0520508,0,2,40
1761622398.0880508,0,0,31
1761622398.1250508,2,-7,37
1761622398.1620507,15,-3,38
1761622398.2010508,3,-10,27
1761622398.2370508,0,-6,32
1761622398.2750506,1,0,30
1761622398.3120508,0,6,49
1761622398.3480508,-4,-2,45
1761622398.3860507,-1,1,33
1761622398.4250507,0,1,33
1761622398.4630508,-1,4,42
1761622398.5010507,-3,3,22
1761622398.5370507,-1,0,28
1761622398.5750508,-1,2,34
1761622398.6130507,-5,0,33
1761622398.6510508,5,-6,37
1761622398.6880507,4,-11,34
1761622398.7250507,-1,0,25
1761622398.7630508,1,2,34
1761622398.801051,0,4,37
1761622398.8380508,-4,1,37
1761622398.8750508,0,-4,40
1761622398.913051,-4,4,26
1761622398.9510508,-3,8,29
1761622398.9880507,0,0,29
1761622399.0250506,0,0,18
1761622399.0630507,-2,8,28
1761622399.1010506,-4,1,26
1761622399.1370506,-2,-6,28
1761622399.1750507,-6,-9,41
1761622399.2130508,0,-3,41
1761622399.2510507,0,-1,33
1761622399.2870507,1,5,35
1761622399.3250508,11,-5,26
1761622399.3630507,4,-3,27
1761622399.4010508,-7,-1,36
1761622399.4370508,-3,2,39
1761622399.4750507,-10,-2,25
1761622399.5130508,-1,0,29
1761622399.551051,7,-2,27
1761622399.587051,3,-1,27
1761622399.6250508,4,-1,38
1761622399.663051,-1,-2,35
1761622399.699051,-1,0,31
1761622399.7360508,1,5,35
1761622399.7730508,3,-4,32
1761622399.8120508,-5,-2,31
1761622399.8480508,-5,-3,25
1761622399.8850508,-3,-2,24
1761622399.9230506,0,0,20
1761622399.959051,0,-2,29
1761622399.9960508,-2,-1,34
1761622400.0340507,-5,-2,40
1761622400.0730507,-5,0,31
1761622400.1090508,3,0,42
1761622400.1460507,0,-1,33
1761622400.1830506,1,0,38
1761622400.2190506,0,1,35
1761622400.2560508,-4,0,33
1761622400.2930508,6,-3,36
1761622400.3320508,6,-3,32
1761622400.3680508,1,1,23
1761622400.4050508,4,1,24
1761622400.4430506,0,-1,41
1761622400.4790506,0,2,37
1761622400.5160508,-1,0,31
1761622400.5540507,-1,7,40
1761622400.5930507,6,-1,32
1761622400.6290507,-1,2,31
1761622400.666051,2,-1,29
1761622400.7040508,6,1,32
1761622400.7420506,3,2,25
1761622400.778051,9,6,27
1761622400.8150508,2,0,33
1761622400.8530507,-4,-3,34
1761622400.8890507,5,1,35
1761622400.926051,-3,2,35
1761622400.9640508,0,0,43
1761622401.0020506,-1,-1,39
1761622401.038051,6,0,41
1761622401.0750508,3,4,35
1761622401.1130507,-1,2,26
1761622401.1490507,0,7,29
1761622401.186051,10,7,28
1761622401.2240508,2,0,36
1761622401.2620506,6,5,31
1761622401.2980506,2,-1,30
1761622401.3350508,-4,-1,27
1761622401.3740506,-5,0,43
1761622401.4120507,-6,-2,44
1761622401.4480507,-7,0,41
1761622401.485051,0,0,34
1761622401.5230508,-1,-3,28
1761622401.5590508,0,-1,36
1761622401.5960507,-5,-3,40
1761622401.6340508,-10,4,32
1761622401.6720507,-11,-6,35
1761622401.7080507,-5,4,31
1761622401.7460508,-6,4,31
1761622401.7840507,-2,1,30
1761622401.8220508,0,-3,41
1761622401.8580508,-2,0,36
1761622401.8950508,-7,0,27
1761622401.9340508,1,-1,28
1761622401.9700508,3,-3,37
1761622402.0070508,-5,-2,26
1761622402.0460508,0,-8,25
1761622402.084051,3,-1,28
1761622402.120051,4,-2,36
1761622402.1580508,1,-5,37
1761622402.1950507,7,-4,38
1761622402.2330508,0,-3,37
1761622402.2690508,2,-7,37
1761622402.3070507,1,-2,35
1761622402.3460507,-1,0,30
1761622402.3840508,-3,-1,22
1761622402.4200506,0,-5,32
1761622402.4570508,-1,-4,42
1761622402.4960508,-1,-2,43
1761622402.5340507,-1,-2,39
1761622402.5700507,0,-3,44
1761622402.607051,1,-1,33
1761622402.6450508,0,-3,38
1761622402.6840508,0,-2,39
1761622402.7200508,-2,-6,39
1761622402.7570508,2,0,32
1761622402.7950506,4,5,36
1761622402.8330507,4,0,36
1761622402.8690507,1,0,30
1761622402.9060507,-2,-2,34
1761622402.9450507,1,0,32
1761622402.9830508,-1,2,35
1761622403.0190508,3,4,34
1761622403.0560508,1,4,32
1761622403.0940506,2,2,36
1761622403.130051,1,3,33
1761622403.1670508,1,-2,31
1761622403.2050507,2,-5,33
1761622403.2430508,0,-10,36
1761622403.2790508,-4,-7,30
1761622403.3160508,1,-4,41
1761622403.3540506,-5,-3,29
1761622403.3900506,-5,7,40
1761622403.4270508,0,3,37
1761622403.4650507,0,7,31
1761622403.5030508,6,-1,42
1761622403.5390508,1,2,41
1761622403.5760508,-1,-1,45
1761622403.6150508,0,-2,30
1761622403.653051,5,0,15
1761622403.689051,3,-3,24
1761622403.7260506,0,-7,26
1761622403.7650506,-4,-8,27
1761622403.8030508,0,0,24
1761622403.8390508,0,-1,24
1761622403.8760507,2,-3,27
1761622403.9150507,-2,-3,33
1761622403.9530506,-6,-2,34
1761622403.9890506,4,3,20
1761622404.0260508,-3,-2,29
1761622404.0650508,0,-5,24
1761622404.1010506,1,-3,27
1761622404.1380508,2,-4,21
1761622404.176051,-4,-8,44
1761622404.2150507,-1,-5,38
1761622404.2510507,0,-4,36
1761622404.288051,1,-3,27
1761622404.3260508,2,0,37
1761622404.3650508,3,-1,37
1761622404.4010508,4,-7,35
1761622404.4380507,-1,-4,29
1761622404.4760506,2,-1,22
1761622404.5150506,0,-3,30
1761622404.551051,-1,-7,28
1761622404.5880508,0,-6,43
1761622404.6260507,0,0,34
1761622404.6640508,4,-2,31
1761622404.7000508,2,3,33
1761622404.7370508,-4,7,19
1761622404.7750506,-6,5,21
1761622404.814051,-2,-3,38
1761622404.8500507,-2,-2,41
1761622404.8870506,-5,-2,30
1761622404.926051,0,4,26
1761622404.9640508,0,0,26
1761622405.0000508,-9,0,32
1761622405.0370507,-1,2,24
1761622405.0760508,-5,0,28
1761622405.1140506,2,-3,33
1761622405.1500506,4,-6,42
1761622405.1870508,11,-5,35
1761622405.2260506,5,-6,33
1761622405.2640507,3,0,32
1761622405.3000507,1,-4,36
1761622405.337051,3,-4,24
1761622405.3760507,1,-7,31
1761622405.4140508,-6,-8,46
1761622405.4500508,0,-1,40
1761622405.4870508,4,-2,32
1761622405.5260508,3,-5,32
1761622405.564051,0,-1,28
1761622405.6000507,0,3,33
1761622405.6370506,0,1,29
1761622405.6750507,-1,0,34
1761622405.7110507,2,6,36
1761622405.7490506,3,-4,29
1761622405.7860508,10,4,30
1761622405.824051,-4,4,31
1761622405.860051,-7,-4,31
1761622405.8980508,0,-3,33
1761622405.936051,0,-9,40
1761622405.9740508,1,0,39
1761622406.0100508,4,-10,34
1761622406.0470507,-7,-6,32
1761622406.0860507,-4,2,21
1761622406.1240506,0,2,24
1761622406.1600506,1,0,40
1761622406.1970508,3,-2,42
1761622406.235051,2,-2,35
1761622406.2710507,2,-2,42
1761622406.3170507,3,-6,35
1761622406.3550508,3,-1,33
1761622406.3910508,-3,-3,39
1761622406.4290507,1,-3,26
1761622406.4660506,2,-1,38
1761622406.505051,-2,0,40
1761622406.541051,0,3,32
1761622406.5790508,8,5,28
1761622406.6160507,0,1,31
1761622406.6520507,-6,-2,37
1761622406.689051,0,-6,34
1761622406.7260506,3,-1,29
1761622406.7650506,0,-2,28
1761622406.801051,-1,2,30
1761622406.8380508,-7,-1,32
1761622406.8760507,5,-3,34
1761622406.9150507,-7,-2,40
1761622406.9510508,-1,-4,41
1761622406.9880507,2,-2,37
1761622407.0260508,-3,-4,35
1761622407.0620508,-3,0,33
1761622407.0990508,10,0,23
1761622407.1370506,5,2,32
1761622407.1750507,-1,9,31
1761622407.2110507,0,6,35
1761622407.2480507,6,1,38
1761622407.2860508,0,-1,31
1761622407.3220508,1,0,35
1761622407.3590508,-4,-2,35
1761622407.3970506,8,-4,39
1761622407.4350507,-2,-6,34
1761622407.4710507,-2,-1,32
1761622407.508051,-5,-2,16
1761622407.5470507,-3,0,28
1761622407.5850508,-2,-3,28
1761622407.6210508,-6,-7,28
1761622407.6580508,0,-7,28
1761622407.6970508,0,-2,36
1761622407.735051,0,-6,35
1761622407.7710507,2,0,28
1761622407.8080506,2,-2,31
1761622407.8460507,-2,3,30
1761622407.8820508,-2,2,30
1761622407.9190507,1,-5,26
1761622407.9570508,2,0,31
1761622407.995051,-1,5,45
1761622408.0310507,-4,5,38
1761622408.0680506,0,-1,25
1761622408.107051,-2,-12,35
1761622408.1450508,4,-5,37
1761622408.1810508,5,-7,40
1761622408.2180507,0,-1,40
1761622408.2570508,0,-4,34
1761622408.2950506,0,-3,33
1761622408.3310506,0,-8,40
1761622408.3680508,2,-2,48
1761622408.4070508,10,-4,42
1761622408.4430506,5,-4,45
1761622408.4800508,0,-8,36
1761622408.518051,-8,-5,38
1761622408.5570507,-14,3,34
1761622408.5930507,-3,7,29
1761622408.630051,-8,-2,28
1761622408.6680508,-4,-2,15
1761622408.7070508,0,-6,28
1761622408.7430508,4,-7,33
1761622408.7820508,-4,-5,24
1761622408.8190508,-2,1,20
1761622408.857051,0,-1,23
1761622408.893051,7,1,28
1761622408.9300506,-1,3,30
1761622408.9680507,-3,-3,37
1761622409.0070508,-2,-5,31
1761622409.0430508,0,-3,34
1761622409.0820508,8,-4,30
1761622409.1190507,-2,6,38
1761622409.1570508,5,-2,42
1761622409.1930506,6,1,43
1761622409.2300508,0,0,32
1761622409.268051,7,-6,35
1761622409.3060508,6,-1,35
1761622409.3420508,2,-2,28
1761622409.3790507,-4,-1,35
1761622409.4180508,-14,4,30
1761622409.4560506,-7,0,22
1761622409.4920506,2,0,34
1761622409.5290508,7,1,26
1761622409.5670507,9,-1,26
1761622409.6030507,1,0,46
1761622409.6400506,-1,5,44
1761622409.6780508,5,4,36
1761622409.7160506,0,-4,34
1761622409.7520506,-4,-1,33
1761622409.7890508,-6,-2,39
1761622409.8280506,-3,-2,33
1761622409.8660507,2,-2,39
1761622409.9020507,9,2,38
1761622409.939051,4,-2,48
1761622409.9770508,3,-9,36
1761622410.0130508,0,-3,34
1761622410.051051,-3,-3,32
1761622410.0890508,-4,4,39
1761622410.1270506,1,3,36
1761622410.163051,0,-5,36
1761622410.2000508,8,1,31
1761622410.2380507,-3,0,21
1761622410.2760508,7,8,30
1761622410.3120508,0,7,46
1761622410.3490508,0,8,47
1761622410.3870506,0,7,36
1761622410.4230506,4,0,37
1761622410.4600508,-3,0,31
1761622410.4980507,-1,2,33
1761622410.5360508,-7,0,39
1761622410.5720508,-16,1,34
1761622410.6090508,-3,3,30
1761622410.6470506,-4,2,35
1761622410.6830506,-1,-5,39
1761622410.7200508,1,4,33
1761622410.758051,0,2,26
1761622410.7940507,-1,6,24
1761622410.8320508,1,1,25
1761622410.8690507,3,0,31
1761622410.9070508,1,0,26
1761622410.9430506,0,2,24
1761622410.982051,7,0,29
1761622411.0190508,6,0,28
1761622411.0570507,7,-1,43
1761622411.0930507,6,-3,36
1761622411.130051,2,-5,28
1761622411.1680508,2,2,35
1761622411.2040508,3,0,35
1761622411.2410507,1,0,43
1761622411.278051,7,-1,39
1761622411.314051,1,-2,41
1761622411.3510506,3,0,43
1761622411.3880508,-6,-4,26
1761622411.4270508,1,-4,18
1761622411.4630508,9,5,23
1761622411.5000508,2,-2,30
1761622411.538051,0,-2,40
1761622411.574051,-5,1,43
1761622411.6120508,5,-2,31
1761622411.6490507,-4,-1,48
1761622411.6880507,5,5,50
1761622411.7240508,-6,-3,39
1761622411.7620506,-7,-1,36
1761622411.7990508,2,-3,35
1761622411.837051,7,1,43
1761622411.8730507,1,-3,30
1761622411.9100506,-3,-6,27
1761622411.949051,-5,-5,22
1761622411.9870508,-6,-4,30
1761622412.0230508,0,-2,27
1761622412.061051,-1,0,34
1761622412.0990508,-1,-2,32
1761622412.1380508,2,-2,27
1761622412.1740508,-3,1,26
1761622412.2110507,3,-1,28
1761622412.2490506,-1,4,30
1761622412.2870507,-5,0,36
1761622412.3230507,-6,2,29
1761622412.3620508,0,0,33
1761622412.3990507,3,-5,28
1761622412.4370508,-5,-6,25
1761622412.4730508,-1,0,25
1761622412.5110507,-5,-11,36
1761622412.5490508,-2,-5,32
1761622412.5880508,7,-3,25
1761622412.6240506,6,-2,37
1761622412.6610508,3,0,32
1761622412.699051,-2,-4,37
1761622412.735051,5,-1,39
1761622412.7730508,-1,1,37
1761622412.8100507,2,-1,41
1761622412.8490508,1,7,25
1761622412.8850508,3,1,23
1761622412.9230506,1,2,33
1761622412.9600508,0,-1,36
1761622412.9990506,1,0,39
1761622413.0350506,-4,3,41
1761622413.0730507,6,-1,31
1761622413.110051,4,-4,30
1761622413.1490507,-1,-4,36
1761622413.1850507,-1,2,44
1761622413.222051,-4,3,33
1761622413.2590508,7,0,44
1761622413.2950506,1,0,37
1761622413.3320508,0,-5,23
1761622413.370051,2,0,30
1761622413.4080508,0,2,26
1761622413.4440508,-5,1,27
1761622413.4810507,-2,1,37
1761622413.5200508,-1,2,33
1761622413.5580506,1,6,34
1761622413.5940506,4,1,39
1761622413.6310508,-4,1,39
1761622413.6690507,0,-9,26
1761622413.7050507,-7,-3,32
1761622413.7430508,-1,6,31
1761622413.7810507,-4,0,39
1761622413.8190508,0,0,39
1761622413.8550508,-8,3,49
1761622413.8920507,0,0,47
1761622413.9300506,-1,1,31
1761622413.9680507,-1,0,35
1761622414.0040507,0,0,34
1761622414.0420508,1,-1,29
1761622414.0800507,-8,-1,24
1761622414.1180508,-3,-5,27
1761622414.1540508,5,-1,29
1761622414.1910508,-1,-3,29
1761622414.2300508,-6,2,40
1761622414.268051,-2,4,35
1761622414.3040507,-2,1,42
1761622414.3410506,-6,3,35
1761622414.380051,-4,-1,26
1761622414.4180508,-8,4,24
1761622414.4550507,-5,5,35
1761622414.4920506,-3,7,27
1761622414.5300508,-2,1,22
1761622414.5680506,-5,1,37
1761622414.6040506,-6,1,42
1761622414.6420507,0,0,36
1761622414.6800506,3,0,35
1761622414.7180507,-1,1,35
1761622414.7540507,-2,0,41
1761622414.791051,-4,1,40
1761622414.8300507,-2,0,31
1761622414.8660507,0,-6,35
1761622414.903051,-6,6,29
1761622414.9410508,1,-1,19
1761622414.9790506,2,-1,27
1761622415.0150506,4,-2,26
1761622415.0520508,1,-2,25
1761622415.0900507,3,-3,24
1761622415.1260507,1,0,22
1761622415.163051,0,-2,29
1761622415.2000508,0,1,39
1761622415.2360508,-2,4,35
1761622415.2740507,0,0,29
1761622415.311051,-2,-5,25
1761622415.3500507,0,2,34
1761622415.3860507,6,-1,32
1761622415.4240508,-3,0,18
1761622415.462051,1,-10,37
1761622415.5000508,-3,-7,39
1761622415.5360508,0,-6,29
1761622415.5730507,0,-1,36
1761622415.610051,-3,1,23
1761622415.6460507,2,-2,26
1761622415.6840508,-6,0,29
1761622415.7210507,0,0,26
1761622415.7590508,6,-3,31
1761622415.7950506,5,-2,36
1761622415.8320508,2,-2,32
1761622415.8710508,0,0,31
1761622415.9090507,-1,3,42
1761622415.9450507,-5,2,33
1761622415.982051,1,4,33
1761622416.0200508,-2,0,23
1761622416.0560508,1,-5,18
1761622416.0930507,0,1,26
1761622416.1310508,1,-3,28
1761622416.1690507,6,2,27
1761622416.2050507,1,2,37
1761622416.2430508,-6,3,31
1761622416.2810507,-7,-2,28
1761622416.3260508,-1,0,40
1761622416.3640506,1,0,39
1761622416.4010508,6,-4,29
1761622416.4400508,4,4,27
1761622416.4760506,3,4,38
1761622416.5130508,0,0,32
1761622416.551051,-2,0,31
1761622416.5890508,-2,0,27
1761622416.6250508,1,-1,36
1761622416.6620507,-3,-3,39
1761622416.7010508,-3,0,37
1761622416.7390506,3,3,36
1761622416.7750506,1,2,45
1761622416.8120508,2,3,39
1761622416.8500507,1,0,33
1761622416.8860507,1,2,33
1761622416.9230506,2,2,34
1761622416.9610507,2,3,37
1761622416.9970508,-3,1,36
1761622417.0340507,-1,-2,27
1761622417.0720508,-3,-3,36
1761622417.1110508,5,2,36
1761622417.1470506,11,5,37
1761622417.1840508,-6,1,45
1761622417.2210507,-5,-1,30
1761622417.2600508,-6,0,25
1761622417.2960508,-8,0,35
1761622417.3330507,-4,-2,42
1761622417.3710508,0,0,37
1761622417.4070508,-6,0,36
1761622417.4440508,-2,-1,27
1761622417.482051,-3,0,32
1761622417.5200508,-10,0,27
1761622417.5560508,-2,1,20
1761622417.5930507,-2,-5,24
1761622417.6310508,-6,0,15
1761622417.6670508,0,-5,25
1761622417.7040508,3,-6,37
1761622417.7420506,0,-1,32
1761622417.7800508,-1,3,32
1761622417.8160508,-4,-2,37
1761622417.8540506,-6,3,33
1761622417.8920507,-7,1,43
1761622417.9310508,-3,-3,36
1761622417.9670508,1,-3,28
1761622418.0040507,0,-5,37
1761622418.0420508,2,-3,32
1761622418.0800507,5,-6,35
1761622418.1170506,2,-3,34
1761622418.1540508,-2,0,29
1761622418.1920507,-11,5,30
1761622418.2300508,0,-3,33
1761622418.2660508,0,-3,33
1761622418.3030508,-2,-5,37
1761622418.3420508,1,-4,36
1761622418.380051,1,3,37
1761622418.416051,7,0,37
1761622418.4530506,2,-2,32
1761622418.4910507,7,-9,24
1761622418.5270507,-3,1,41
1761622418.564051,1,2,24
1761622418.6020508,6,-1,33
1761622418.6400506,2,0,29
1761622418.676051,2,0,32
1761622418.7130508,-5,4,36
1761622418.7510507,-1,0,32
1761622418.7870507,-1,0,30
1761622418.824051,-6,3,36
1761622418.8620508,-2,0,39
1761622418.9010508,0,0,41
1761622418.9370508,0,-7,30
1761622418.9740508,-3,-3,44
1761622419.0120506,-3,-8,39
1761622419.051051,0,-3,34
1761622419.087051,6,-8,33
1761622419.1240506,-2,-8,30
1761622419.1620507,-4,1,37
1761622419.1980507,7,-6,34
1761622419.235051,4,-2,32
1761622419.2730508,-6,2,27
1761622419.3120508,0,-1,30
1761622419.3480508,1,3,38
1761622419.3860507,0,5,24
1761622419.4240508,1,1,27
1761622419.462051,5,1,34
1761622419.4990506,5,3,33
1761622419.5360508,1,-1,43
1761622419.5730507,0,-2,38
1761622419.6120508,3,3,29
1761622419.6480508,0,0,38
1761622419.6850507,1,1,35
1761622419.722051,3,0,23
1761622419.758051,0,0,28
1761622419.7950506,-2,0,30
1761622419.8320508,1,-7,27
1761622419.8680508,-2,2,28
1761622419.9050508,-4,4,37
1761622419.9430506,4,6,31
1761622419.9810507,2,3,33
1761622420.0170507,-4,-6,42
1761622420.0550506,-7,-6,37
1761622420.0930507,-1,-1,37
1761622420.1320508,0,-3,30
1761622420.1680508,3,5,35
1761622420.2050507,6,3,24
1761622420.2430508,1,0,29
1761622420.2810507,-3,1,27
1761622420.3170507,-2,1,38
1761622420.3540506,2,6,44
1761622420.3920507,2,-3,37
1761622420.4280508,0,0,39
1761622420.4650507,-2,3,33
1761622420.5030508,-4,1,39
1761622420.541051,-2,-7,36
1761622420.5770507,-1,-2,37
1761622420.6140506,-1,-1,39
1761622420.653051,-3,-4,40
1761622420.6910508,2,-6,49
1761622420.7270508,0,-3,43
1761622420.7640507,-2,-3,40
1761622420.8030508,-2,1,30
1761622420.8410506,1,-1,38
1761622420.8770506,1,0,41
1761622420.9140508,0,0,48
1761622420.9520507,2,0,48
1761622420.9880507,0,1,40
1761622421.0250506,5,0,31
1761622421.0630507,-3,-5,38
1761622421.1010506,5,-2,40
1761622421.1370506,6,-7,31
1761622421.1750507,-6,-1,22
1761622421.2130508,0,1,22
1761622421.2510507,0,0,26
1761622421.2870507,-4,0,27
1761622421.324051,-3,0,29
1761622421.3630507,3,0,32
1761622421.4010508,6,-2,39
1761622421.4370508,4,-4,35
1761622421.4750507,1,-7,30
1761622421.5130508,2,1,32
1761622421.5490508,2,-2,46
1761622421.5860507,0,2,36
1761622421.6250508,-4,-1,24
1761622421.663051,1,4,25
1761622421.699051,-1,-2,22
1761622421.7360508,1,2,24
1761622421.7730508,-2,6,28
1761622421.8120508,7,2,38
1761622421.8480508,7,5,37
1761622421.8850508,-5,-4,33
1761622421.9240508,-3,1,32
1761622421.962051,5,3,40
1761622421.9980507,16,-5,32
1761622422.0350506,11,-5,31
1761622422.0730507,-2,-2,31
1761622422.1090508,-5,-3,40
1761622422.1460507,-4,-1,35
1761622422.1840508,-3,-7,26
1761622422.2230508,9,-3,30
1761622422.2590508,0,-2,25
1761622422.2960508,0,-1,40
1761622422.334051,-1,-7,33
1761622422.3720508,2,-6,32
1761622422.4090507,5,-7,34
1761622422.4460506,0,-3,30
1761622422.4840508,0,-2,33
1761622422.5220506,-3,-3,45
1761622422.5580506,4,-7,35
1761622422.5960507,5,-2,32
1761622422.6340508,1,-2,27
1761622422.6720507,-8,-2,28
1761622422.7080507,-2,-7,34
1761622422.7460508,3,-2,31
1761622422.7840507,-3,0,42
1761622422.8220508,2,-3,39
1761622422.8580508,-3,0,34
1761622422.8960507,-6,0,26
1761622422.9340508,0,0,27
1761622422.972051,-1,8,30
1761622423.008051,-2,-1,29
1761622423.0460508,-2,-11,27
1761622423.084051,-1,-5,37
1761622423.1220508,0,-3,36
1761622423.1580508,0,-1,32
1761622423.1950507,3,-1,34
1761622423.2340508,1,0,32
1761622423.2720506,5,0,27
1761622423.3080506,7,0,21
1761622423.3450508,2,1,23
1761622423.3840508,1,0,35
1761622423.4220507,0,-1,52
1761622423.4580507,1,0,43
1761622423.495051,3,-2,25
1761622423.5330508,0,-4,26
1761622423.5700507,-4,0,32
1761622423.607051,-4,-3,26
1761622423.6450508,-3,-3,34
1761622423.6840508,1,-2,34
1761622423.7200508,4,-6,34
1761622423.7570508,-8,0,34
1761622423.7950506,-5,-2,34
1761622423.834051,1,-9,45
1761622423.870051,-2,0,41
1761622423.9070508,-8,-2,36
1761622423.9450507,-5,0,33
1761622423.9840508,7,0,22
1761622424.0200508,9,-5,19
1761622424.0570507,1,3,27
1761622424.0950508,0,-2,34
1761622424.133051,0,-10,24
1761622424.1690507,-6,-7,26
1761622424.2070508,-3,1,24
1761622424.245051,4,3,32
1761622424.2830508,3,3,40
1761622424.3190508,-3,2,45
1761622424.3560507,0,-4,44
1761622424.3950508,0,-1,45
1761622424.4330506,-7,3,38
1761622424.4690506,-10,-9,43
1761622424.5070508,-6,-5,34
1761622424.5450506,-3,-4,35
1761622424.584051,0,-4,45
1761622424.620051,1,-2,39
1761622424.6570508,7,0,45
1761622424.6950507,3,1,41
1761622424.7330508,3,-2,25
1761622424.7690508,0,5,28
1761622424.8060508,-7,-4,34
1761622424.8450508,-7,-1,31
1761622424.883051,-1,0,29
1761622424.9190507,-3,-3,29
1761622424.9570508,-6,-1,38
1761622424.995051,-2,0,37
1761622425.0330508,0,0,38
1761622425.0690508,9,0,29
1761622425.1060507,4,7,41
1761622425.1440508,6,4,37
1761622425.1800506,-1,1,38
1761622425.2170508,-7,2,40
1761622425.255051,-1,-5,38
1761622425.2940507,-3,-3,36
1761622425.3300507,-8,0,36
1761622425.3670506,-2,-3,33
1761622425.4050508,-1,-1,27
1761622425.4440508,-5,-1,26
1761622425.4800508,0,-5,35
1761622425.5170507,5,-3,40
1761622425.5550506,-1,2,42
1761622425.5930507,8,-4,31
1761622425.6290507,8,-2,42
1761622425.6670508,0,1,38
1761622425.7050507,-2,-5,42
1761622425.7410507,1,0,31
1761622425.778051,4,5,27
1761622425.8150508,7,-1,19
1761622425.8510506,10,-1,22
1761622425.8880508,3,-2,26
1761622425.9250507,-3,0,34
1761622425.9640508,3,-8,26
1761622426.0000508,5,-2,39
1761622426.0370507,5,-1,49
1761622426.0750508,4,-4,35
1761622426.1140506,4,0,31
1761622426.1500506,1,4,27
1761622426.1870508,3,0,27
1761622426.2250507,10,-2,24
1761622426.2610507,8,1,26
1761622426.2980506,2,3,34
1761622426.3440506,2,-2,30
1761622426.380051,3,-8,30
1761622426.4180508,8,-10,29
1761622426.4550507,5,-6,28
1761622426.4940507,-5,-9,46
1761622426.5300508,-1,0,44
1761622426.5670507,7,1,40
1761622426.6050508,-6,-3,32
1761622426.6410508,-3,0,29
1761622426.6780508,-4,-1,37
1761622426.7160506,0,1,33
1761622426.7540507,-10,2,36
1761622426.7900507,-1,2,39
1761622426.8280506,0,-3,45
1761622426.8660507,2,-6,36
1761622426.9040508,2,-2,45
1761622426.9400508,2,-5,39
1761622426.9770508,0,-8,33
1761622427.0160508,1,-7,32
1761622427.0540507,1,3,35
1761622427.0900507,-4,2,45
1761622427.1280508,0,-9,45
1761622427.166051,0,-8,40
1761622427.2040508,-9,-8,34
1761622427.2400508,-2,-9,44
1761622427.2770507,5,-8,37
1761622427.3160508,0,0,29
1761622427.3540506,0,1,20
1761622427.3900506,2,-2,15
1761622427.4270508,-1,0,30
1761622427.4660506,1,-6,31
1761622427.5040507,-4,2,28
1761622427.5400507,5,-6,24
1761622427.5770507,6,-2,31
1761622427.6150508,2,-1,18
1761622427.6510508,1,5,27
1761622427.6880507,4,-8,28
1761622427.7260506,-4,-4,49
1761622427.7640507,2,4,42
1761622427.8000507,-4,-5,38
1761622427.837051,0,-2,35
1761622427.8750508,2,-3,35
1761622427.9110508,2,1,36
1761622427.949051,0,0,34
1761622427.9860508,-6,0,43
1761622428.0220506,-8,-1,31
1761622428.0590508,8,-1,29
1761622428.0960507,7,-3,26
1761622428.1320508,3,1,23
1761622428.1690507,-1,3,27
1761622428.2070508,-2,1,32
1761622428.245051,0,1,30
1761622428.2810507,-2,0,29
1761622428.3180506,-5,-1,36
1761622428.3560507,-2,-11,27
1761622428.3950508,-2,-4,32
1761622428.4310508,2,1,35
1761622428.4690506,-5,0,27
1761622428.5070508,2,-6,33
1761622428.5450506,-3,-4,37
1761622428.5810506,-7,-2,33
1761622428.620051,-7,4,33
1761622428.6570508,1,0,37
1761622428.6950507,-2,-2,30
1761622428.7310507,1,4,31
1761622428.768051,-5,1,28
1761622428.8060508,4,-1,47
1761622428.8450508,2,-6,32
1761622428.8810508,5,-3,39
1761622428.9190507,1,-4,33
1761622428.9570508,0,-2,36
1761622428.995051,8,3,35
1761622429.0310507,5,0,40
1761622429.0680506,1,0,38
1761622429.107051,0,-1,42
1761622429.1450508,3,-1,34
1761622429.1810508,0,-5,42
1761622429.2200508,-2,-5,43
1761622429.258051,-1,-4,41
1761622429.2960508,-2,-2,37
1761622429.3320508,0,-9,31
1761622429.3690507,0,-4,31
1761622429.4070508,-1,-8,22
1761622429.4460506,-1,3,29
1761622429.482051,5,1,43
1761622429.5190508,5,-1,38
1761622429.5570507,-2,-4,37
1761622429.5960507,-1,-1,21
1761622429.6320508,1,-2,31
1761622429.6690507,1,-8,37
1761622429.7070508,-6,-4,43
1761622429.745051,0,-6,39
1761622429.7810507,3,-2,39
1761622429.8180506,1,-1,23
1761622429.857051,-5,-1,31
1761622429.8950508,-6,-3,34
1761622429.9310508,-2,-1,39
1761622429.9680507,1,-5,29
1761622430.0060508,-1,-2,39
1761622430.0420508,-9,3,26
1761622430.0790508,-5,5,26
1761622430.1170506,-4,1,30
1761622430.153051,-5,2,24
1761622430.1900508,13,-7,34
1761622430.2280507,3,0,30
1761622430.2660508,2,-3,22
1761622430.3020508,-4,-4,30
1761622430.3400507,-1,-8,45
1761622430.3780508,0,-2,30
1761622430.4170508,2,-5,41
1761622430.4530506,2,-6,35
1761622430.4900508,3,-6,37
1761622430.5290508,12,-3,37
1761622430.5670507,5,-2,29
1761622430.6030507,-4,0,23
1761622430.6400506,1,0,21
1761622430.6770508,5,-6,19
1761622430.7140508,6,-4,28
1761622430.7510507,5,0,29
1761622430.788051,-4,-3,23
1761622430.8270507,-3,0,28
1761622430.8630507,-3,0,33
1761622430.9010508,1,-3,36
1761622430.9380507,0,0,41
1761622430.9760506,2,-3,40
1761622431.0120506,0,-5,24
1761622431.0490508,-4,-3,25
1761622431.0880508,-6,-3,29
1761622431.1260507,1,-1,29
1761622431.1620507,-2,-1,28
1761622431.2010508,-4,-10,23
1761622431.2390506,1,-4,29
1761622431.2770507,1,0,36
1761622431.314051,1,1,33
1761622431.3510506,0,-1,40
1761622431.3890507,0,-5,35
1761622431.4270508,-3,-3,37
1761622431.4630508,8,2,38
1761622431.5000508,-6,-8,41
1761622431.538051,-1,-4,42
1761622431.5770507,-1,-1,39
1761622431.6130507,-5,-9,47
1761622431.6500506,0,-4,43
1761622431.689051,3,-11,30
1761622431.7270508,0,2,33
1761622431.7630508,-5,0,36
1761622431.8000507,0,3,31
1761622431.8380508,1,-8,26
1761622431.8760507,6,-11,24
1761622431.9120507,10,-11,24
1761622431.9500508,0,-4,27
1761622431.9880507,-5,0,34
1761622432.0260508,0,-7,32
1761622432.0620508,2,-6,41
1761622432.1000507,0,-5,33
1761622432.1380508,-5,-4,36
1761622432.176051,0,-1,33
1761622432.212051,-1,4,33
1761622432.2500508,6,-3,30
1761622432.288051,1,0,32
1761622432.324051,-2,-4,30
1761622432.3620508,-4,0,29
1761622432.4000506,0,0,30
1761622432.4380507,0,-3,36
1761622432.4740508,-3,2,40
1761622432.5110507,3,4,27
1761622432.5480506,-7,-5,31
1761622432.587051,6,-3,30
1761622432.6230507,1,4,38
1761622432.6600506,7,0,40
1761622432.6980507,0,-2,45
1761622432.7340508,0,0,35
1761622432.7710507,1,4,39
1761622432.8080506,2,-1,28
1761622432.8440506,2,-3,34
1761622432.8820508,1,0,24
1761622432.9190507,4,-2,40
1761622432.9570508,0,3,41
1761622432.9930508,1,4,36
1761622433.0300508,-2,0,41
1761622433.0680506,-1,4,35
1761622433.1040506,-7,0,26
1761622433.1420507,0,0,34
1761622433.1790507,1,-1,31
1761622433.2180507,-5,-3,39
1761622433.2540507,0,-7,37
1761622433.291051,-4,-6,35
1761622433.3290508,3,-5,23
1761622433.3680508,0,-1,20
1761622433.4040508,-1,0,28
1761622433.4420507,-1,1,24
1761622433.4790506,7,1,26
1761622433.5170507,0,-4,40
1761622433.5530508,-4,3,42
1761622433.5900507,-9,-5,42
1761622433.6290507,-13,4,32
1761622433.6670508,-7,1,32
1761622433.7030506,-9,-2,34
1761622433.7400508,-7,1,28
1761622433.7790508,8,-5,31
1761622433.8170507,5,-6,29
1761622433.8530507,5,-7,32
1761622433.8900506,3,-7,42
1761622433.9280508,-4,-6,42
1761622433.9640508,-1,-4,33
1761622434.0010507,1,-4,30
1761622434.0390508,7,-7,39
1761622434.0770507,1,-2,36
1761622434.1130507,4,-4,26
1761622434.1510508,3,1,40
1761622434.189051,-4,2,39
1761622434.2270508,0,4,42
1761622434.2630508,-5,-2,44
1761622434.301051,-1,1,37
1761622434.3390508,7,3,32
1761622434.3750508,2,1,36
1761622434.4120507,-7,0,31
1761622434.449051,0,-9,46
1761622434.485051,4,-4,32
1761622434.5220506,-1,-3,26
1761622434.5600507,-2,-2,34
1761622434.5990508,0,-3,28
1761622434.6350508,0,-5,35
1761622434.6720507,4,1,32
1761622434.709051,6,-3,38
1761622434.745051,1,-2,41
1761622434.7820508,-5,1,29
1761622434.8200507,-5,2,27
1761622434.8590508,0,-4,28
1761622434.8950508,0,-3,29
1761622434.9330506,0,0,28
1761622434.9700508,0,-5,37
1761622435.008051,0,-5,41
1761622435.0440507,2,-7,29
1761622435.0810506,-6,-7,26
1761622435.120051,-4,3,34
1761622435.1580508,0,0,23
1761622435.1940508,0,-5,19
1761622435.2310507,-4,-5,22
1761622435.2700508,-5,-6,25
1761622435.3080506,0,-1,32
1761622435.3440506,-2,8,38
1761622435.3810508,-3,4,29
1761622435.4190507,-7,2,21
1761622435.4550507,-8,-4,19
1761622435.4920506,-5,-6,26
1761622435.5300508,-3,-9,31
1761622435.5690508,1,-4,32
1761622435.6050508,7,-3,25
1761622435.643051,11,3,31
1761622435.6800506,-1,-1,30
1761622435.7190506,-1,3,28
1761622435.755051,-7,2,28
1761622435.7930508,2,1,36
1761622435.8300507,2,-10,28
1761622435.8680508,3,-1,28
1761622435.9040508,0,0,23
1761622435.9410508,-1,-2,25
1761622435.9800508,5,-4,30
1761622436.018051,-7,-1,35
1761622436.0540507,-3,-3,22
1761622436.0910506,-1,-4,26
1761622436.130051,-3,-3,35
1761622436.1680508,1,-1,36
1761622436.2040508,0,0,25
1761622436.2410507,-1,2,28
1761622436.2790508,0,0,29
1761622436.3150508,1,-3,32
1761622436.3610508,-6,-6,28
1761622436.3990507,1,-6,41
1761622436.436051,1,1,38
1761622436.4730508,-1,0,32
1761622436.5110507,-7,-6,33
1761622436.5500507,-5,-4,43
1761622436.5860507,0,0,49
1761622436.6240506,-2,-4,34
1761622436.6610508,-8,0,41
1761622436.699051,-4,0,33
1761622436.735051,0,-1,39
1761622436.7730508,-4,-3,32
1761622436.8100507,2,-3,31
1761622436.8490508,-3,-3,29
1761622436.8850508,0,-4,28
1761622436.9220507,7,-2,25
1761622436.9600508,3,-5,32
1761622436.9960508,2,-6,29
1761622437.0340507,0,-5,36
1761622437.0710506,-3,0,45
1761622437.1090508,-8,-2,43
1761622437.1450508,-3,-4,37
1761622437.1820507,-9,0,27
1761622437.2200508,-9,-1,28
1761622437.2560508,1,1,33
1761622437.2940507,-3,-2,37
1761622437.3320508,-1,-4,42
1761622437.370051,0,-2,33
1761622437.4090507,1,-5,32
1761622437.4450507,0,-12,35
1761622437.482051,-1,-3,31
1761622437.5210507,-5,0,31
1761622437.5590508,8,-6,31
1761622437.5950508,5,-5,34
1761622437.6320508,3,-1,36
1761622437.6710508,-6,2,35
1761622437.709051,0,-4,42
1761622437.745051,2,-6,30
1761622437.7820508,-1,-3,31
1761622437.8210506,0,0,34
1761622437.8590508,1,-6,31
1761622437.8950508,4,-3,35
1761622437.9330506,-7,-6,34
1761622437.9710507,-4,-6,39
1761622438.0090508,-9,-3,47
1761622438.0450506,0,-2,37
1761622438.0830507,-2,1,37
1761622438.1210508,-11,4,33
1761622438.1590507,-1,-4,29
1761622438.1950507,-7,-6,39
1761622438.232051,-6,-1,38
1761622438.2710507,-2,2,38
1761622438.3090508,-5,5,29
1761622438.3450508,-1,2,40
1761622438.3820508,-3,8,31
1761622438.4210508,-6,3,27
1761622438.459051,-3,0,26
1761622438.495051,0,0,17
1761622438.5320508,6,0,19
1761622438.5710506,-5,1,24
1761622438.6090508,0,-1,34
1761622438.6450508,-4,-2,24
1761622438.6820507,-8,-1,26
1761622438.7210507,0,5,35
1761622438.7570508,1,3,42
1761622438.7950506,4,0,40
1761622438.8320508,0,1,31
1761622438.8710508,-3,-1,35
1761622438.9070508,1,-2,39
1761622438.9450507,-3,-6,36
1761622438.9830508,0,-4,23
1761622439.0220506,3,-1,35
1761622439.0600507,-10,4,32
1761622439.0960507,-5,-1,36
1761622439.1340508,0,1,34
1761622439.1710508,3,-9,30
1761622439.2100508,4,-7,37
1761622439.2460508,-1,-8,41
1761622439.2830508,5,0,35
1761622439.3210506,3,-4,30
1761622439.357051,-2,3,42
1761622439.3950508,-10,0,46
1761622439.4320507,-1,1,44
1761622439.4700508,-2,0,30
1761622439.5060508,0,-1,31
1761622439.5430508,-3,0,41
1761622439.5810506,-2,1,32
1761622439.6170506,0,3,27
1761622439.6540508,-2,0,32
1761622439.6920507,0,-1,20
1761622439.7300508,1,-1,23
1761622439.7660508,0,-8,23
1761622439.8040507,1,-5,37
1761622439.8420508,-5,-5,30
1761622439.880051,-4,-3,34
1761622439.916051,0,-4,34
1761622439.9540508,4,0,30
1761622439.9920506,-1,-2,21
1761622440.0300508,7,-1,27
1761622440.0660508,3,0,31
1761622440.1040506,1,3,28
1761622440.1420507,5,0,33
1761622440.1800506,-2,-1,30
1761622440.2160506,-6,0,34
1761622440.2530508,-6,1,35
1761622440.291051,-5,-6,32
1761622440.3270507,-5,-1,30
1761622440.3650508,-3,-2,42
1761622440.403051,3,-6,35
1761622440.4410508,-4,-3,27
1761622440.4770508,0,-1,28
1761622440.5140507,-2,-2,25
1761622440.5520508,0,1,39
1761622440.5900507,10,4,39
1761622440.6260507,1,0,39
1761622440.663051,-3,3,46
1761622440.7020507,-2,-4,40
1761622440.7400508,-5,3,30
1761622440.7760508,0,1,32
1761622440.8130507,-3,4,27
1761622440.8520508,1,7,25
1761622440.8900506,-4,2,27
1761622440.926051,4,0,33
1761622440.9630508,5,1,28
1761622441.0020506,3,1,35
1761622441.038051,2,1,35
1761622441.0750508,1,-5,35
1761622441.1120508,-1,-2,36
1761622441.1510508,-2,-6,35
1761622441.1870508,-6,-5,37
1761622441.2240508,3,0,35
1761622441.2620506,1,-7,36
1761622441.2980506,1,-5,33
1761622441.3350508,-4,-1,25
1761622441.3730507,-6,-6,28
1761622441.4120507,-4,-1,35
1761622441.4480507,4,7,33
1761622441.485051,1,1,29
1761622441.5220506,-2,-2,35
1761622441.561051,-3,2,29
1761622441.597051,0,1,27
1761622441.6340508,7,-3,26
1761622441.6720507,-4,1,49
1761622441.7110507,0,-4,50
1761622441.7470508,0,-8,48
1761622441.7840507,-3,-2,44
1761622441.8230507,2,2,37
1761622441.8610508,5,0,24
1761622441.8970506,4,-6,34
1761622441.9340508,-1,-5,39
1761622441.9730508,1,-2,25
1761622442.0110507,0,-2,39
1761622442.0470507,-1,0,29
1761622442.084051,3,-2,33
1761622442.1230507,-6,0,34
1761622442.1610508,3,0,29
1761622442.1970508,-5,-6,25
1761622442.235051,-5,-1,38
1761622442.2730508,1,1,25
1761622442.3120508,3,-1,22
1761622442.3480508,4,1,28
1761622442.3850508,1,1,40
1761622442.4230506,3,4,45
1761622442.4610507,4,-2,31
1761622442.4970508,1,0,33
1761622442.5340507,-1,-7,33
1761622442.5730507,-7,-4,29
1761622442.6110508,1,-2,35
1761622442.6470506,-4,-1,38
1761622442.6850507,-6,1,35
1761622442.7230508,-1,-4,30
1761622442.7620506,2,-13,28
1761622442.7980506,1,-6,37
1761622442.8350508,-1,-2,37
1761622442.8740506,8,5,50
1761622442.9120507,3,-2,33
1761622442.9480507,-6,-5,28
1761622442.985051,-13,-3,33
1761622443.0230508,-6,-2,35
1761622443.0620508,0,-7,35
1761622443.0980508,-3,1,40
1761622443.1350508,0,-3,38
1761622443.1730506,-3,-1,46
1761622443.212051,2,-2,32
1761622443.2480507,2,-1,33
1761622443.2850506,5,-4,26
1761622443.3230507,0,0,26
1761622443.3590508,0,-2,38
1761622443.3970506,8,-3,37
1761622443.436051,6,0,27
1761622443.4730508,5,0,40
1761622443.5090508,0,0,38
1761622443.5460508,0,-4,42
1761622443.584051,0,-1,23
1761622443.6220508,0,-6,23
1761622443.6580508,1,-11,30
1761622443.6950507,-6,-4,30
1761622443.7330508,-7,-5,35
1761622443.7720506,1,0,33
1761622443.8080506,-4,-3,36
1761622443.8450508,0,1,47
1761622443.883051,-7,0,31
1761622443.9190507,-5,2,28
1761622443.9560506,0,1,31
1761622443.9940507,1,0,33
1761622444.0320508,2,3,38
1761622444.0680506,0,2,25
1761622444.1050508,3,-1,36
1761622444.143051,1,-1,43
1761622444.1790507,2,7,29
1761622444.2160506,7,4,26
1761622444.2540507,0,-4,28
1761622444.2920508,0,-2,42
1761622444.3280506,12,-3,40
1761622444.3650508,7,-3,36
1761622444.403051,1,-1,35
1761622444.439051,9,-4,36
1761622444.4760506,3,-5,28
1761622444.5140507,-2,-6,19
1761622444.5530508,0,0,20
1761622444.5890508,-3,-2,34
1761622444.6260507,5,-4,38
1761622444.6640508,-1,-3,24
1761622444.7030506,-3,-1,24
1761622444.7390506,0,-5,40
1761622444.7760508,-3,-6,30
1761622444.814051,-7,-3,30
1761622444.8530507,0,-1,28
1761622444.8890507,3,-3,37
1761622444.926051,0,-5,37
1761622444.9640508,1,-5,34
1761622445.0020506,0,-2,41
1761622445.038051,2,-3,34
1761622445.0760508,0,-5,40
1761622445.1140506,0,1,26
1761622445.1500506,4,2,34
1761622445.1870508,0,6,28
1761622445.2240508,-8,3,28
1761622445.2600508,-5,-7,35
1761622445.2980506,3,2,34
1761622445.3350508,2,-1,32
1761622445.3730507,-4,1,27
1761622445.4090507,-3,0,32
1761622445.4460506,8,-1,34
1761622445.4840508,-1,-11,24
1761622445.5230508,2,-12,20
1761622445.5590508,5,-6,16
1761622445.5960507,-4,-1,11
1761622445.6340508,-1,-1,27
1761622445.6730506,-1,3,28
1761622445.709051,4,1,33
1761622445.7460508,2,-6,36
1761622445.7840507,-2,-3,33
1761622445.8200507,0,2,38
1761622445.857051,0,-1,25
1761622445.8940508,0,-5,39
1761622445.9330506,-6,-6,35
1761622445.9690506,0,1,50
1761622446.0060508,-5,-1,40
1761622446.0450506,-1,3,37
1761622446.0830507,-5,3,37
1761622446.1190507,-2,-3,28
1761622446.1560507,-3,0,30
1761622446.1940508,7,-1,22
1761622446.2300508,8,-3,23
1761622446.2670507,1,0,39
1761622446.3050506,4,5,39
1761622446.3430507,-5,2,42
1761622446.3870506,3,-4,24
1761622446.426051,9,6,25
1761622446.4640508,-3,6,36
1761622446.5000508,0,2,40
1761622446.5370507,-7,0,34
1761622446.5750508,5,1,25
1761622446.6130507,4,4,31
1761622446.6490507,-1,-4,29
1761622446.6870508,-3,0,29
1761622446.7250507,-3,3,26
1761622446.7630508,0,1,20
1761622446.7990508,2,-6,26
1761622446.8360507,6,1,19
1761622446.8740506,2,-4,31
1761622446.9100506,-2,-2,41
1761622446.9480507,-2,2,39
1761622446.985051,-3,2,46
1761622447.0230508,-2,7,45
1761622447.0590508,-3,1,33
1761622447.0960507,1,3,35
1761622447.1350508,-5,1,37
1761622447.1730506,-4,-4,24
1761622447.209051,-3,-5,39
1761622447.2460508,1,-9,29
1761622447.2840507,-1,-8,29
1761622447.3200507,1,0,27
1761622447.357051,0,-5,28
1761622447.3950508,-5,-5,28
1761622447.4310508,-1,0,30
1761622447.4680507,1,-1,38
1761622447.505051,1,2,33
1761622447.541051,4,-2,29
1761622447.5780506,9,4,38
1761622447.6150508,10,4,41
1761622447.6510508,-3,2,40
1761622447.6880507,-5,0,31
1761622447.7250507,-4,2,35
1761622447.7610507,-3,-6,43
1761622447.7980506,0,-6,36
1761622447.8350508,-3,0,37
1761622447.8710508,-1,-1,34
1761622447.9090507,2,-3,39
1761622447.9470508,3,-5,37
1761622447.985051,5,0,33
1761622448.0210507,3,0,30
1761622448.0590508,-1,-2,33
1761622448.0980508,-2,-5,25
1761622448.1350508,-3,-1,22
1761622448.1740508,-4,-4,23
1761622448.2100508,2,-1,24
1761622448.2480507,3,1,26
1761622448.2860508,-8,3,34
1761622448.324051,-6,3,41
1761622448.360051,-8,-2,33
1761622448.3970506,-6,-5,25
1761622448.436051,-2,1,23
1761622448.4740508,-1,-4,19
1761622448.5100508,-2,-8,36
1761622448.5470507,-5,-8,28
1761622448.5860507,-7,-6,25
1761622448.6240506,0,1,21
1761622448.6600506,4,-5,23
1761622448.6980507,8,6,37
1761622448.7360508,1,0,47
1761622448.7740507,-6,0,30
1761622448.8100507,-4,3,32
1761622448.847051,-5,6,41
1761622448.8850508,-2,2,25
1761622448.9210508,-5,2,26
1761622448.9580507,6,0,36
1761622448.9960508,12,3,33
1761622449.0340507,6,-5,30
1761622449.0700507,9,-6,23
1761622449.107051,9,1,40
1761622449.1460507,13,1,41
1761622449.1840508,8,0,40
1761622449.2200508,4,1,26
1761622449.258051,-1,0,43
1761622449.2960508,1,1,40
1761622449.334051,-1,7,37
1761622449.370051,-8,2,24
1761622449.4070508,-5,1,29
1761622449.4460506,-1,2,25
1761622449.4840508,2,8,30
1761622449.5200508,-1,-2,41
1761622449.5570507,0,0,32
1761622449.5960507,-7,3,43
1761622449.6340508,-5,-3,29
1761622449.6700506,0,-2,22
1761622449.7070508,6,-1,32
1761622449.7460508,-3,-5,27
1761622449.7820508,-2,-4,29
1761622449.8190508,2,-3,26
1761622449.857051,2,0,25
1761622449.8950508,2,-1,35
1761622449.9310508,-1,0,39
1761622449.9680507,1,-4,33
1761622450.0060508,0,3,31
1761622450.0420508,-5,3,45
1761622450.0790508,0,-2,39
1761622450.1170506,-8,-4,35
1761622450.1560507,-5,-6,31
1761622450.1920507,2,0,26
1761622450.2290506,-1,5,32
1761622450.2660508,-2,1,43
1761622450.3050506,-1,1,43
1761622450.3410506,5,2,47
1761622450.3790507,5,-1,31
1761622450.4170508,1,3,35
1761622450.4550507,-1,-3,30
1761622450.4910507,-6,-7,32
1761622450.528051,-4,0,30
1761622450.5670507,-1,-5,32
1761622450.6050508,-3,-7,38
1761622450.6410508,-3,1,35
1761622450.6780508,3,6,24
1761622450.7160506,0,5,45
1761622450.7520506,5,2,38
1761622450.7900507,-1,-2,28
1761622450.8280506,5,-2,32
1761622450.8660507,0,0,38
1761622450.9020507,0,-2,32
1761622450.9400508,6,0,34
1761622450.9780507,7,-1,32
1761622451.0170507,4,-3,36
1761622451.0550506,6,-1,40
1761622451.0910506,0,2,31
1761622451.1280508,4,-4,31
1761622451.1670508,8,-4,28
1761622451.2050507,-3,-2,28
1761622451.2410507,-3,1,33
1761622451.278051,5,6,21
1761622451.3160508,5,6,25
1761622451.3520508,0,2,32
1761622451.3890507,1,1,33
1761622451.4270508,0,0,34
1761622451.4650507,1,-5,29
1761622451.5010507,-2,-5,39
1761622451.538051,4,-2,33
1761622451.5760508,2,2,32
1761622451.6120508,1,1,39
1761622451.6490507,0,1,40
1761622451.6870508,0,0,28
1761622451.7230508,4,0,27
1761622451.7600508,7,-1,40
1761622451.7970507,3,-2,45
1761622451.8330507,-4,-6,36
1761622451.870051,-3,-2,26
1761622451.9080508,-4,1,33
1761622451.9460506,-1,1,27
1761622451.982051,0,1,23
1761622452.0200508,0,-4,26
1761622452.0570507,0,2,19
1761622452.0930507,1,-2,30
1761622452.1310508,-3,2,39
1761622452.1680508,-2,-1,37
1761622452.2070508,0,0,36
1761622452.2440507,-8,-1,35
1761622452.2810507,-3,-2,25
1761622452.3190508,-3,1,33
1761622452.357051,1,0,26
1761622452.3940508,1,0,23
1761622452.4310508,4,-6,25
1761622452.4680507,3,-2,33
1761622452.5070508,0,-8,34
1761622452.5430508,-4,-4,29
1761622452.5810506,-3,-3,35
1761622452.6190507,6,-3,30
1761622452.6570508,5,2,29
1761622452.6930506,0,-4,32
1761622452.7310507,0,-5,36
1761622452.7690508,-6,-5,27
1761622452.8070507,0,-3,38
1761622452.8430507,2,-6,30
1761622452.880051,0,3,31
1761622452.9180508,-4,0,25
1761622452.9560506,-2,1,35
1761622452.9920506,0,-3,28
1761622453.0300508,1,3,26
1761622453.0680506,-2,-3,36
1761622453.1060507,8,3,37
1761622453.1420507,4,2,42
1761622453.1800506,-1,-6,31
1761622453.2180507,0,-5,39
1761622453.2570508,7,-1,38
1761622453.2930508,1,-5,39
1761622453.3300507,2,-2,33
1761622453.3680508,3,4,40
1761622453.4060507,0,5,40
1761622453.4420507,4,6,30
1761622453.4800508,-6,1,33
1761622453.518051,5,0,41
1761622453.5560508,2,-1,32
1761622453.5920508,3,-3,25
1761622453.6290507,-1,5,20
1761622453.6670508,-6,4,29
1761622453.7030506,-11,1,40
1761622453.7400508,0,0,23
1761622453.778051,2,-3,27
1761622453.814051,5,0,29
1761622453.8510506,5,-2,29
1761622453.8880508,-1,-3,30
1761622453.9270508,-2,-1,35
1761622453.9630508,0,-6,28
1761622454.0000508,0,-5,29
1761622454.038051,-10,0,36
1761622454.074051,-2,0,26
1761622454.1110508,3,2,30
1761622454.1490507,0,2,38
1761622454.1870508,0,2,45
1761622454.2230508,0,0,42
1761622454.2600508,1,0,31
1761622454.2980506,-2,-5,30
1761622454.334051,-9,0,28
1761622454.3720508,0,0,23
1761622454.4090507,1,-3,36
1761622454.4470508,5,-6,18
1761622454.4830508,2,-2,27
1761622454.5200508,-6,-2,46
1761622454.5580506,5,-2,35
1761622454.5940506,-1,0,27
1761622454.6310508,-1,-12,36
1761622454.6690507,1,-4,29
1761622454.7070508,-1,0,34
1761622454.7430508,4,1,28
1761622454.7800508,3,-5,28
1761622454.8180506,1,-2,29
1761622454.8540506,-1,0,18
1761622454.8910508,7,-3,21
1761622454.9290507,-1,-7,41
1761622454.9670508,-4,-6,29
1761622455.0030508,-2,-6,28
1761622455.0400507,-1,-1,40
1761622455.0790508,0,0,30
1761622455.1170506,-13,-1,25
1761622455.153051,-13,6,22
1761622455.1910508,-1,9,13
1761622455.2290506,-4,5,26
1761622455.2670507,-2,2,22
1761622455.3030508,-4,3,29
1761622455.3410506,5,0,28
1761622455.3790507,3,1,26
1761622455.4170508,0,-7,30
1761622455.4530506,2,-5,32
1761622455.4900508,0,-8,34
1761622455.5290508,0,-10,33
1761622455.5670507,-3,-4,38
1761622455.6030507,-4,-3,36
1761622455.6400506,-1,0,35
1761622455.6780508,8,3,34
1761622455.7140508,2,-2,29
1761622455.7510507,3,-4,29
1761622455.7890508,4,4,41
1761622455.8270507,1,0,46
1761622455.8630507,1,1,42
1761622455.9010508,0,-2,36
1761622455.939051,0,0,35
1761622455.9750507,10,3,36
1761622456.0120506,8,-2,40
1761622456.0500507,-3,-5,35
1761622456.0890508,-3,1,29
1761622456.1250508,1,-2,24
1761622456.1620507,0,-1,19
1761622456.2010508,3,4,27
1761622456.2390506,-1,2,25
1761622456.2750506,-3,-4,31
1761622456.3120508,-4,-5,39
1761622456.3500507,-6,-5,45
1761622456.3940508,1,0,27
1761622456.4310508,-2,-1,33
1761622456.4690506,0,4,44
1761622456.508051,2,-2,29
1761622456.5440507,0,0,23
1761622456.5810506,-9,-5,41
1761622456.6190507,0,-5,37
1761622456.6580508,-11,-5,30
1761622456.6940508,4,-5,31
1761622456.7310507,0,-4,44
1761622456.7690508,2,-7,38
1761622456.8050506,4,-5,35
1761622456.8430507,7,0,30
1761622456.8810508,9,-2,48
1761622456.9190507,4,1,39
1761622456.9550507,0,-2,25
1761622456.9930508,5,0,34
1761622457.0300508,5,-5,32
1761622457.0680506,0,0,31
1761622457.1040506,8,0,39
1761622457.1410508,2,-1,38
1761622457.1790507,-3,-4,43
1761622457.2150507,-4,-3,33
1761622457.2520506,-4,0,31
1761622457.2900507,-7,1,32
1761622457.3280506,-6,-2,31
1761622457.3640506,-2,-1,32
1761622457.4020507,0,3,34
1761622457.4400508,0,1,40
1761622457.4780507,-3,2,44
1761622457.5140507,1,-3,40
1761622457.5520508,-6,0,36
1761622457.5900507,-6,1,33
1761622457.6280508,-7,1,32
1761622457.6640508,-1,1,27
1761622457.7010508,1,3,31
1761622457.7390506,-3,-3,41
1761622457.7750506,-3,0,28
1761622457.8120508,0,2,28
1761622457.8500507,0,-3,33
1761622457.8880508,-8,-1,21
1761622457.9240508,-3,-2,24
1761622457.9610507,-1,0,30
1761622458.0000508,1,0,46
1761622458.038051,-1,4,42
1761622458.074051,-4,3,27
1761622458.1110508,-1,-7,29
1761622458.1500506,0,-3,26
1761622458.186051,-4,-6,28
1761622458.2230508,0,-2,26
1761622458.2610507,5,1,35
1761622458.2990508,-5,0,43
1761622458.3350508,2,4,26
1761622458.3720508,-6,0,34
1761622458.4100506,1,2,32
1761622458.4460506,-5,2,32
1761622458.4830508,5,6,31
1761622458.5210507,3,0,30
1761622458.5600507,2,-4,35
1761622458.5960507,0,-6,33
1761622458.633051,-1,-3,25
1761622458.6710508,-3,-4,27
1761622458.7100508,4,-2,33
1761622458.7460508,2,-2,32
1761622458.7830508,-2,1,31
1761622458.8200507,6,-3,32
1761622458.8560507,-2,-4,26
1761622458.8940508,-5,0,36
1761622458.9310508,7,4,29
1761622458.9690506,5,-1,26
1761622459.005051,-3,-2,33
1761622459.0440507,0,-3,23
1761622459.0810506,4,0,31
1761622459.1190507,-1,-5,37
1761622459.1550508,5,-5,46
1761622459.1930506,3,-4,44
1761622459.2310507,0,0,37
1761622459.2690508,4,2,37
1761622459.3050506,3,5,27
1761622459.3420508,-3,-2,18
1761622459.3810508,0,0,37
1761622459.4190507,1,-4,32
1761622459.4550507,0,3,31
1761622459.4930508,-3,-6,29
1761622459.5310507,-3,3,35
1761622459.5700507,-4,-5,34
1761622459.6060507,-1,-4,33
1761622459.6440508,-9,-5,39
1761622459.6820507,-1,0,21
1761622459.7200508,-4,0,36
1761622459.7560508,0,6,29
1761622459.7930508,6,-1,29
1761622459.8310506,-1,0,25
1761622459.8690507,1,0,27
1761622459.9050508,7,-1,29
1761622459.9420507,-3,0,19
1761622459.9800508,-8,-7,23
1761622460.0160508,-6,0,44
1761622460.0530508,-1,3,38
1761622460.0910506,2,-2,29
1761622460.1290507,3,-4,32
1761622460.1650507,2,-1,21
1761622460.2030506,6,-2,36
1761622460.2410507,8,-1,31
1761622460.2790508,5,-5,30
1761622460.3150508,0,-1,39
1761622460.3530507,5,1,37
1761622460.3910508,-2,-2,44
1761622460.4290507,-2,2,39
1761622460.4650507,-4,3,40
1761622460.5030508,-5,2,37
1761622460.541051,-2,1,34
1761622460.5800507,2,6,38
1761622460.6160507,5,1,36
1761622460.653051,-8,2,33
1761622460.6910508,1,1,25
1761622460.7270508,0,4,21
1761622460.7640507,-3,-4,33
1761622460.8020508,-6,4,27
1761622460.8400507,-7,6,29
1761622460.8760507,-4,0,36
1761622460.913051,-2,-4,39
1761622460.9510508,-3,-4,34
1761622460.9900508,-2,1,30
1761622461.0260508,1,4,30
1761622461.0630507,0,0,30
1761622461.1010506,-7,-2,41
1761622461.1370506,1,2,27
1761622461.1740508,0,-8,42
1761622461.212051,2,-10,36
1761622461.2510507,-2,1,42
1761622461.2870507,2,5,36
1761622461.3250508,1,-2,23
1761622461.3630507,1,0,26
1761622461.4010508,-11,-2,23
1761622461.4370508,-3,3,26
1761622461.4750507,-5,7,30
1761622461.5120506,-2,-3,32
1761622461.551051,0,-3,39
1761622461.587051,0,-3,30
1761622461.6250508,2,-11,24
1761622461.663051,6,-5,28
1761622461.7010508,3,-1,41
1761622461.7370508,-2,-6,27
1761622461.7750506,-9,-2,48
1761622461.8130507,2,1,33
1761622461.8510506,-1,-2,26
1761622461.8870506,-4,1,31
1761622461.9240508,-8,-6,34
1761622461.962051,0,-3,42
1761622462.0000508,6,-3,35
1761622462.0360508,6,-2,27
1761622462.0730507,1,-5,30
1761622462.1110508,3,-1,31
1761622462.1470506,3,3,27
1761622462.1840508,-2,1,31
1761622462.2230508,2,-1,29
1761622462.2610507,1,0,35
1761622462.2970507,0,4,42
1761622462.334051,0,-9,39
1761622462.3720508,2,-2,32
1761622462.4100506,4,-2,26
1761622462.4460506,10,-7,34
1761622462.4830508,-1,-8,35
1761622462.5220506,4,-1,24
1761622462.5580506,2,0,26
1761622462.597051,0,-1,33
1761622462.6340508,1,-5,42
1761622462.6720507,0,-1,41
1761622462.7110507,-1,-5,44
1761622462.7470508,-11,-2,46
1761622462.7850506,-1,-1,37
1761622462.8230507,-6,-1,31
1761622462.8620508,-3,-1,40
1761622462.8980508,4,-4,44
1761622462.9350507,3,1,35
1761622462.972051,0,0,35
1761622463.008051,0,-1,20
1761622463.0450506,4,-1,40
1761622463.0820508,-1,-2,34
1761622463.1210508,-2,-2,40
1761622463.1570508,-2,-1,40
1761622463.1940508,3,4,41
1761622463.232051,-1,5,42
1761622463.268051,1,2,34
1761622463.3050506,6,-5,26
1761622463.3420508,8,0,31
1761622463.3810508,0,-1,34
1761622463.4170508,-2,2,30
1761622463.4540508,3,-7,27
1761622463.4920506,4,0,21
1761622463.528051,2,-2,24
1761622463.5650508,3,-4,34
1761622463.6030507,3,4,37
1761622463.6410508,0,3,29
1761622463.6770508,2,-6,25
1761622463.7150507,-1,-1,27
1761622463.7530508,1,-6,31
1761622463.791051,0,-5,27
1761622463.8270507,-3,-15,28
1761622463.8640506,-3,-5,21
1761622463.903051,3,-8,20
1761622463.9410508,-3,-9,29
1761622463.9770508,-5,-8,30
1761622464.0140507,-6,-5,36
1761622464.0530508,-3,0,34
1761622464.0910506,0,0,38
1761622464.1270506,7,-1,38
1761622464.1640508,-2,-2,40
1761622464.2030506,0,-7,38
1761622464.2410507,-1,-4,36
1761622464.2770507,0,-5,39
1761622464.314051,-8,-3,34
1761622464.3530507,4,-2,34
1761622464.3910508,0,-7,22
1761622464.4270508,9,-4,29
1761622464.4640508,1,-3,27
1761622464.5020506,0,-1,27
1761622464.538051,1,-2,33
1761622464.5750508,-6,-10,29
1761622464.6130507,-4,4,33
1761622464.6490507,-2,-6,34
1761622464.686051,0,-3,21
1761622464.7250507,-1,2,26
1761622464.7630508,-5,-1,31
1761622464.7990508,-11,3,28
1761622464.8360507,-4,-6,36
1761622464.8740506,-4,-5,43
1761622464.913051,1,-4,27
1761622464.949051,3,-4,24
1761622464.9860508,4,4,30
1761622465.0230508,2,1,26
1761622465.0590508,1,8,23
1761622465.0960507,-4,-3,35
1761622465.1340508,-6,-3,26
1761622465.1730506,0,-4,24
1761622465.209051,5,0,42
1761622465.2460508,-4,-5,37
1761622465.2840507,1,1,38
1761622465.3220508,-8,-1,39
1761622465.3580508,-2,-7,37
1761622465.3950508,3,-7,23
1761622465.4330506,1,-2,28
1761622465.472051,2,0,27
1761622465.508051,-2,0,30
1761622465.5450506,2,1,39
1761622465.5830507,2,-1,37
1761622465.6190507,1,-2,37
1761622465.6560507,-4,5,23
1761622465.6940508,-4,6,18
1761622465.732051,5,0,32
1761622465.768051,8,0,36
1761622465.8050506,3,-2,35
1761622465.8440506,-1,-2,30
1761622465.8820508,0,-4,33
1761622465.9180508,1,-4,31
1761622465.9550507,2,-2,44
1761622465.9940507,0,1,38
1761622466.0320508,2,1,40
1761622466.0680506,0,0,42
1761622466.1050508,9,3,37
1761622466.143051,6,-6,43
1761622466.1790507,0,-4,37
1761622466.2160506,4,-5,35
1761622466.2540507,5,0,42
1761622466.2920508,0,0,36
1761622466.3280506,-3,-3,31
1761622466.3660507,-5,-5,28
1761622466.4120507,-6,-7,31
1761622466.4480507,-4,-3,31
1761622466.4860508,-2,-1,33
1761622466.5240507,-4,-6,41
1761622466.5620508,-2,1,29
1761622466.5980508,-2,6,32
1761622466.6350508,4,3,32
1761622466.6730506,2,0,32
1761622466.709051,3,-3,34
1761622466.7460508,1,2,39
1761622466.7840507,0,6,34
1761622466.8200507,-2,3,33
1761622466.8580508,1,0,30
1761622466.8950508,0,2,39
1761622466.9340508,1,0,40
1761622466.9700508,-2,-3,46
1761622467.0070508,-5,-2,41
1761622467.0450506,-1,-7,45
1761622467.084051,7,6,42
1761622467.120051,4,3,45
1761622467.1570508,2,0,31
1761622467.1940508,-4,2,29
1761622467.2300508,-3,0,24
1761622467.268051,0,-3,41
1761622467.3050506,-9,-1,34
1761622467.3440506,0,-4,34
1761622467.380051,0,-3,41
1761622467.4170508,1,-7,37
1761622467.4550507,6,-1,32
1761622467.4940507,6,-4,35
1761622467.5300508,8,-4,34
1761622467.5670507,9,0,46
1761622467.6040506,7,-3,25
1761622467.643051,3,-7,25
1761622467.6790507,0,-4,22
1761622467.7170508,-1,1,37
1761622467.755051,2,0,35
1761622467.7930508,1,-4,36
1761622467.8290508,7,-5,38
1761622467.8660507,2,-4,40
1761622467.9040508,1,-8,34
1761622467.9400508,-1,2,27
1761622467.9770508,-6,0,28
1761622468.0150506,2,1,31
1761622468.0530508,-2,-2,35
1761622468.0890508,5,1,42
1761622468.1260507,4,0,48
1761622468.1640508,8,3,38
1761622468.2000508,7,0,42
1761622468.2370508,2,0,42
1761622468.2750506,-3,-4,34
1761622468.3130507,-5,-5,33
1761622468.3490508,-2,0,35
1761622468.3860507,2,-2,21
1761622468.4250507,1,1,21
1761622468.4630508,3,-4,41
1761622468.4990506,9,-6,38
1761622468.5370507,7,3,31
1761622468.5750508,2,0,34
1761622468.6130507,0,-10,38
1761622468.6490507,-2,-3,37
1761622468.686051,-1,0,39
1761622468.7240508,-2,0,27
1761622468.7600508,2,-8,18
1761622468.7980506,-6,-4,32
1761622468.8360507,0,0,34
1761622468.8740506,5,-4,36
1761622468.9100506,12,1,36
1761622468.9470508,-4,0,41
1761622468.985051,2,-8,40
1761622469.0210507,-4,1,29
1761622469.0580506,3,0,38
1761622469.0950508,0,-2,28
1761622469.1310508,2,-1,27
1761622469.1680508,3,7,32
1761622469.2060506,-2,2,23
1761622469.245051,-1,-2,24
1761622469.2810507,-5,-1,36
1761622469.3180506,-11,-2,37
1761622469.3560507,-4,-2,36
1761622469.3950508,2,-11,34
1761622469.4310508,-7,-5,31
1761622469.4680507,-3,-12,37
1761622469.5060508,0,0,33
1761622469.5450506,0,0,37
1761622469.5810506,0,-2,36
1761622469.6180508,-2,0,28
1761622469.6560507,1,-4,28
1761622469.6950507,-1,-5,23
1761622469.7310507,3,0,31
1761622469.768051,-1,1,41
1761622469.8050506,-5,-1,29
1761622469.8440506,-4,0,21
1761622469.880051,-1,0,27
1761622469.9170508,1,-1,19
1761622469.9550507,3,-1,41
1761622469.9910507,2,-5,33
1761622470.0290508,2,6,34
1761622470.0660508,3,5,27
1761622470.1040506,-3,-1,32
1761622470.1400506,-4,0,24
1761622470.1770508,0,-2,26
1761622470.2150507,0,-3,25
1761622470.2510507,4,3,22
1761622470.288051,0,-2,30
1761622470.3260508,1,0,35
1761622470.3640506,7,0,37
1761622470.4000506,6,-1,33
1761622470.4370508,7,-5,42
1761622470.4750507,1,2,38
1761622470.5110507,1,0,40
1761622470.5480506,0,-2,37
1761622470.587051,-3,0,23
1761622470.6250508,-4,-1,20
1761622470.6610508,0,2,43
1761622470.6980507,-5,1,27
1761622470.7360508,-4,0,29
1761622470.7740507,2,0,20
1761622470.8100507,1,-2,28
1761622470.847051,1,0,33
1761622470.8850508,-1,-3,47
1761622470.9210508,0,1,30
1761622470.9580507,1,-4,34
1761622470.9960508,-5,1,30
1761622471.0340507,-3,-1,33
1761622471.0700507,-2,-3,35
1761622471.107051,-6,1,46
1761622471.1460507,0,0,31
1761622471.1820507,-6,3,40
1761622471.2190506,-8,0,35
1761622471.2560508,-1,-2,29
1761622471.2950506,-3,-3,34
1761622471.3310506,1,1,33
1761622471.3690507,-6,-2,34
1761622471.4070508,3,-1,33
1761622471.4460506,5,0,40
1761622471.482051,0,-3,45
1761622471.5190508,-6,-5,39
1761622471.5570507,0,0,34
1761622471.5960507,-2,5,25
1761622471.6320508,-1,-3,32
1761622471.6710508,-5,-6,25
1761622471.7080507,1,-8,32
1761622471.7470508,-4,-12,39
1761622471.7850506,4,-7,41
1761622471.8210506,4,-6,26
1761622471.8580508,-2,2,26
1761622471.8960507,-3,-2,21
1761622471.9320507,-3,-2,12
1761622471.9700508,-4,2,18
1761622472.0070508,-3,-2,39
1761622472.0460508,-1,3,39
1761622472.0820508,-3,4,33
1761622472.1210508,-2,8,33
1761622472.1580508,7,7,31
1761622472.1970508,1,0,33
1761622472.235051,-5,-3,37
1761622472.2710507,3,-2,32
1761622472.3080506,0,1,27
1761622472.347051,2,0,27
1761622472.3850508,-1,-6,41
1761622472.4210508,-2,-3,28
1761622472.4580507,-3,-4,36
1761622472.4970508,1,-2,40
1761622472.5350506,4,1,30
1761622472.5710506,-2,-8,29
1761622472.6080508,-3,-2,47
1761622472.6470506,1,-2,34
1761622472.6850507,-4,1,30
1761622472.7210507,-6,3,31
1761622472.758051,-8,-2,42
1761622472.7970507,2,0,37
1761622472.8350508,6,-1,37
1761622472.8710508,3,3,33
1761622472.9080508,3,-1,41
1761622472.9470508,0,7,34
1761622472.985051,2,0,28
1761622473.0210507,-4,2,33
1761622473.0580506,-4,1,41
1761622473.097051,1,-2,25
1761622473.1350508,-8,3,26
1761622473.1710508,-10,-1,28
1761622473.2080507,-7,-2,27
1761622473.2470508,-4,1,34
1761622473.2830508,-1,1,22
1761622473.3210506,-2,-3,39
1761622473.3590508,-6,0,45
1761622473.3970506,-2,0,40
1761622473.436051,0,-6,35
1761622473.472051,0,3,34
1761622473.5090508,-6,-3,24
1761622473.5470507,-4,-4,32
1761622473.5860507,-6,-2,37
1761622473.6220508,-4,-5,34
1761622473.6590507,-2,-4,40
1761622473.6970508,6,-5,24
1761622473.7330508,6,2,25
1761622473.7700508,-5,-4,23
1761622473.8080506,-6,-5,30
1761622473.847051,-4,-6,26
1761622473.883051,-6,-4,22
1761622473.9200506,0,0,28
1761622473.9570508,2,-2,35
1761622473.9930508,-9,2,31
1761622474.0300508,0,6,22
1761622474.0670507,5,7,31
1761622474.1060507,1,-2,23
1761622474.1420507,-3,-4,23
1761622474.1790507,-2,0,39
1761622474.2170508,-8,2,40
1761622474.2530508,-5,4,28
1761622474.2900507,-2,-3,30
1761622474.3290508,3,0,29
1761622474.3670506,1,-1,44
1761622474.403051,-2,-5,39
1761622474.4400508,0,-5,41
1761622474.4780507,0,-5,37
1761622474.5160508,6,-7,41
1761622474.5520508,-4,-1,38
1761622474.5890508,-2,-6,40
1761622474.6280508,-2,0,30
1761622474.666051,2,-7,20
1761622474.7020507,4,-5,21
1761622474.7390506,-2,-2,26
1761622474.778051,-6,-7,24
1761622474.8160508,-1,-4,30
1761622474.8520508,-1,0,33
1761622474.8890507,-3,-3,23
1761622474.9280508,0,4,28
1761622474.9660506,2,-3,30
1761622475.0020506,5,-7,30
1761622475.0390508,3,-2,36
1761622475.0780506,5,-2,37
1761622475.1160507,2,-3,49
1761622475.1520507,0,-3,39
1761622475.189051,0,-4,27
1761622475.2270508,-6,-5,27
1761622475.2630508,0,3,18
1761622475.3000507,3,4,20
1761622475.3380508,8,2,31
1761622475.3760507,9,0,31
1761622475.4120507,-6,-3,29
1761622475.4500508,-6,-4,28
1761622475.4880507,2,-6,33
1761622475.5240507,3,-7,35
1761622475.561051,-2,-1,24
1761622475.5990508,-8,1,16
1761622475.6380508,-7,-1,9
1761622475.6740508,-7,-1,25
1761622475.7110507,1,0,29
1761622475.7480507,3,-4,28
1761622475.7840507,-4,3,30
1761622475.8210506,-4,-5,31
1761622475.8590508,1,-4,28
1761622475.8980508,0,-1,27
1761622475.9340508,4,-1,46
1761622475.9710507,-6,-2,34
1761622476.0090508,7,6,31
1761622476.0470507,1,4,34
1761622476.0830507,0,4,31
1761622476.120051,-14,2,34
1761622476.1580508,-5,0,27
1761622476.1940508,0,-9,32
1761622476.2310507,-7,-9,27
1761622476.2690508,-2,0,32
1761622476.3080506,-5,1,36
1761622476.3440506,1,1,37
1761622476.3810508,-4,0,38
1761622476.4270508,0,-3,34
1761622476.4640508,-4,3,34
1761622476.5020506,4,0,16
1761622476.5390508,-2,0,27
1761622476.5770507,-5,-3,38
1761622476.6130507,-1,1,36
1761622476.6500506,-4,-1,37
1761622476.689051,-5,-5,36
1761622476.7270508,-1,-4,28
1761622476.7630508,-2,-2,21
1761622476.801051,-2,-7,24
1761622476.8390508,5,-2,24
1761622476.8770506,0,0,35
1761622476.9140508,-6,3,29
1761622476.9510508,-14,3,38
1761622476.9890506,-7,0,29
1761622477.028051,-2,-8,30
1761622477.064051,0,-5,27
1761622477.1010506,1,-6,37
1761622477.1390507,2,0,33
1761622477.1770508,-5,-9,34
1761622477.2130508,-7,-6,31
1761622477.2510507,-11,2,20
1761622477.2890508,-7,-1,27
1761622477.3280506,-6,0,34
1761622477.3640506,0,-2,36
1761622477.4020507,-1,-6,31
1761622477.439051,1,-9,26
1761622477.4770508,3,1,35
1761622477.5130508,3,-3,36
1761622477.5500507,5,-2,27
1761622477.5880508,3,-3,28
1761622477.6240506,8,2,28
1761622477.6620507,1,-1,27
1761622477.7000508,7,1,36
1761622477.7380507,-1,3,30
1761622477.7740507,-5,0,30
1761622477.811051,-6,-4,36
1761622477.8490508,-2,-4,28
1761622477.8880508,3,-5,35
1761622477.9240508,1,0,29
1761622477.9610507,-1,0,35
1761622477.9990506,0,-1,36
1761622478.0350506,2,-3,32
1761622478.0720508,-4,0,36
1761622478.110051,-1,-4,38
1761622478.1490507,0,1,35
1761622478.1850507,1,-3,45
1761622478.222051,-1,0,36
1761622478.2600508,-1,0,39
1761622478.2980506,6,0,32
1761622478.3350508,2,-5,35
1761622478.3720508,3,-3,45
1761622478.4090507,-4,-6,27
1761622478.4480507,-5,-1,35
1761622478.4840508,-4,-2,33
1761622478.5220506,-1,-7,38
1761622478.5600507,2,3,31
1761622478.5980508,-2,-5,31
1761622478.6340508,-4,-4,25
1761622478.6720507,1,-5,28
1761622478.7100508,1,-2,34
1761622478.7480507,0,0,40
1761622478.7840507,0,-2,40
1761622478.8220508,1,-6,40
1761622478.860051,-5,-4,34
1761622478.8980508,0,-6,26
1761622478.9350507,-2,-5,31
1761622478.972051,-2,-4,39
1761622479.0100508,5,1,37
1761622479.0480506,7,0,29
1761622479.084051,6,2,31
1761622479.1210508,0,1,40
1761622479.1600506,1,3,42
1761622479.1980507,1,3,38
1761622479.2340508,0,8,36
1761622479.2710507,3,4,31
1761622479.3090508,-2,-2,31
1761622479.3450508,0,-7,31
1761622479.383051,-1,-6,29
1761622479.4200506,4,-2,31
1761622479.4580507,0,-3,29
1761622479.4940507,-7,-7,34
1761622479.5310507,1,-6,35
1761622479.5700507,4,0,38
1761622479.6080508,0,7,28
1761622479.6440508,0,-5,31
1761622479.6810508,-8,1,24
1761622479.7200508,1,-4,38
1761622479.758051,0,-5,31
1761622479.7940507,0,2,31
1761622479.8320508,1,7,30
1761622479.870051,-1,2,20
1761622479.9060507,-7,3,20
1761622479.9430506,0,-4,21
1761622479.9800508,-3,1,32
1761622480.0170507,-2,6,27
1761622480.0540507,-3,2,37
1761622480.0910506,1,0,36
1761622480.1290507,-4,-1,34
1761622480.1650507,-1,0,36
1761622480.2020507,-4,3,27
1761622480.2400508,-5,0,30
1761622480.2760508,-4,0,38
1761622480.3130507,-3,-7,40
1761622480.3510506,0,-7,36
1761622480.3890507,-6,4,35
1761622480.4250507,-3,-1,29
1761622480.462051,6,-1,38
1761622480.5000508,4,0,40
1761622480.5360508,2,0,41
1761622480.574051,-1,-3,28
1761622480.6110508,-5,-1,27
1761622480.6500506,-6,0,23
1761622480.686051,-4,0,24
1761622480.7230508,5,0,23
1761622480.7610507,3,-1,32
1761622480.7990508,2,4,46
1761622480.8350508,6,0,39
1761622480.8720508,7,-4,33
1761622480.9100506,11,-1,41
1761622480.9460506,4,-3,31
1761622480.9840508,-2,-2,25
1761622481.0210507,0,6,30
1761622481.0590508,3,0,32
1761622481.0950508,0,-1,32
1761622481.1320508,6,1,35
1761622481.1710508,2,0,37
1761622481.209051,-1,-3,36
1761622481.245051,0,1,41
1761622481.2820508,-3,1,42
1761622481.3210506,-8,1,36
1761622481.3590508,-2,1,27
1761622481.3950508,0,-1,26
1761622481.4320507,-3,3,27
1761622481.4710507,0,1,34
1761622481.5090508,4,3,33
1761622481.5450506,7,3,30
1761622481.5820508,14,1,33
1761622481.6210508,5,-3,26
1761622481.6590507,5,-5,31
1761622481.6950507,1,-6,35
1761622481.732051,0,0,37
1761622481.7700508,3,2,39
1761622481.8060508,0,-4,28
1761622481.8430507,-1,-8,38
1761622481.8810508,-4,0,37
1761622481.9170508,-5,-1,34
1761622481.9540508,-1,-5,32
1761622481.9920506,-3,1,23
1761622482.0310507,-2,2,23
1761622482.0670507,-1,5,33
1761622482.1040506,3,2,30
1761622482.1420507,8,-5,24
1761622482.1810508,3,-2,24
1761622482.2170508,-2,-2,29
1761622482.255051,0,-9,27
1761622482.2930508,-3,-10,30
1761622482.3310506,0,-1,32
1761622482.3670506,-8,-8,39
1761622482.4040508,1,-3,40
1761622482.4410508,-5,-1,39
1761622482.4800508,1,-2,38
1761622482.5160508,-3,-4,34
1761622482.5540507,-5,-7,33
1761622482.5920508,0,0,36
1761622482.630051,-6,3,29
1761622482.666051,-4,2,27
1761622482.7030506,5,0,26
1761622482.7410507,1,1,31
1761622482.7770507,-2,1,35
1761622482.814051,-1,2,31
1761622482.8510506,-3,-5,40
1761622482.8900506,2,-6,30
1761622482.926051,1,-2,36
1761622482.9640508,-1,-1,35
1761622483.0030508,0,-2,36
1761622483.041051,0,0,39
1761622483.0770507,-2,9,42
1761622483.1140506,2,-5,32
1761622483.1520507,3,1,21
1761622483.1900508,2,0,29
1761622483.2260506,-5,-7,23
1761622483.2630508,1,0,27
1761622483.301051,-3,2,37
1761622483.337051,3,0,32
1761622483.3740506,-1,-1,30
1761622483.4120507,3,-1,36
1761622483.4500508,3,0,34
1761622483.4860508,-2,4,28
1761622483.5230508,-3,2,26
1761622483.5620508,0,0,25
1761622483.6000507,4,0,34
1761622483.6360507,-4,-2,41
1761622483.6740508,-2,-5,40
1761622483.712051,-4,1,36
1761622483.7500508,-3,0,36
1761622483.7860508,-2,0,36
1761622483.824051,1,0,37
1761622483.8620508,7,-2,40
1761622483.9000506,12,-3,38
1761622483.936051,8,1,35
1761622483.9740508,2,2,22
1761622484.0120506,4,4,30
1761622484.0500507,7,-3,32
1761622484.0860507,9,0,34
1761622484.1230507,5,3,46
1761622484.1620507,5,6,28
1761622484.1980507,2,2,35
1761622484.235051,4,2,43
1761622484.2720506,10,-3,39
1761622484.3080506,8,-2,35
1761622484.3450508,2,2,39
1761622484.3820508,2,1,33
1761622484.4180508,-2,0,35
1761622484.4560506,2,0,27
1761622484.4930508,-3,-3,25
1761622484.5320508,1,0,27
1761622484.5680506,-10,-3,25
1761622484.6060507,-10,1,24
1761622484.6450508,-10,-3,29
1761622484.6820507,3,-8,37
1761622484.7180507,-1,-3,30
1761622484.7560508,-6,-9,29
1761622484.7940507,-2,-2,31
1761622484.8320508,6,-2,25
1761622484.8710508,5,2,25
1761622484.9070508,2,-1,24
1761622484.9440508,3,2,22
1761622484.982051,1,4,28
1761622485.018051,-4,3,29
1761622485.0550506,8,1,32
1761622485.0930507,2,-3,36
1761622485.1310508,-8,-6,30
1761622485.1670508,-4,-3,36
1761622485.2040508,4,-4,33
1761622485.2430508,0,-2,36
1761622485.2810507,-3,-8,43
1761622485.3170507,-3,0,30
1761622485.3550508,-2,-3,38
1761622485.393051,-9,-4,38
1761622485.4310508,-4,1,36
1761622485.4670508,-4,4,36
1761622485.505051,1,2,50
1761622485.5430508,0,0,46
1761622485.5810506,-1,-2,40
1761622485.6170506,5,-2,45
1761622485.6550508,2,0,29
1761622485.6930506,4,0,26
1761622485.7310507,0,1,32
1761622485.7670507,-4,0,41
1761622485.8050506,-4,0,26
1761622485.8430507,6,-6,27
1761622485.8810508,1,3,25
1761622485.9170508,3,-1,23
1761622485.9540508,2,-2,37
1761622485.9930508,-6,-1,33
1761622486.0310507,-9,1,34
1761622486.0670507,2,3,26
1761622486.1040506,3,-6,32
1761622486.143051,6,0,31
1761622486.1810508,-5,0,20
1761622486.2170508,-3,-2,26
1761622486.2540507,-4,-3,32
1761622486.2930508,-8,0,39
1761622486.3290508,2,3,32
1761622486.3660507,2,4,36
1761622486.403051,3,0,41
1761622486.4470508,3,-8,37
1761622486.485051,0,-8,40
1761622486.5230508,1,0,40
1761622486.5590508,0,0,42
1761622486.597051,0,1,28
1761622486.6340508,-2,1,32
1761622486.6720507,-3,0,41
1761622486.7080507,-6,-2,31
1761622486.7460508,-1,-3,28
1761622486.7840507,-2,-2,30
1761622486.8230507,-4,-3,38
1761622486.8590508,2,2,41
1761622486.8970506,4,0,37
1761622486.9340508,1,-11,32
1761622486.972051,-4,-6,32
1761622487.008051,0,-4,31
1761622487.0460508,0,-5,29
1761622487.0830507,0,0,33
1761622487.1190507,1,-2,37
1761622487.1560507,-3,5,33
1761622487.1930506,4,0,37
1761622487.2290506,3,-2,35
1761622487.2660508,6,0,29
1761622487.3040507,-3,-3,38
1761622487.3420508,0,-3,31
1761622487.3780508,-1,-2,29
1761622487.416051,-7,1,32
1761622487.4540508,-5,-5,41
1761622487.4920506,-8,2,41
1761622487.528051,-8,8,30
1761622487.5650508,3,4,31
1761622487.6030507,1,3,26
1761622487.6390507,0,6,19
1761622487.676051,0,-2,28
1761622487.7150507,2,3,31
1761622487.7530508,9,-1,38
1761622487.7890508,5,-7,35
1761622487.8260508,-4,-8,27
1761622487.8640506,-6,0,41
1761622487.9020507,-4,2,32
1761622487.9380507,-2,-3,29
1761622487.9760506,-6,2,39
1761622488.0140507,1,6,27
1761622488.0520508,1,-2,38
1761622488.0880508,4,3,40
1761622488.1260507,-1,-5,45
1761622488.1640508,1,0,38
1761622488.2020507,0,4,35
1761622488.2380507,0,1,30
1761622488.2760508,-1,-4,23
1761622488.314051,0,-4,30
1761622488.3530507,6,-13,29
1761622488.3890507,0,-4,32
1761622488.426051,-4,-5,23
1761622488.4650507,-1,1,18
1761622488.5030508,11,1,28
1761622488.5390508,7,-2,38
1761622488.5780506,8,0,35
1761622488.6150508,7,-5,37
1761622488.653051,2,-9,34
1761622488.689051,-5,-3,32
1761622488.7260506,-2,-1,43
1761622488.7640507,-4,-6,37
1761622488.8030508,-7,-2,32
1761622488.8390508,0,-1,30
1761622488.8760507,-4,-3,37
1761622488.9140508,0,3,39
1761622488.9500508,-6,0,31
1761622488.9870508,-4,0,31
1761622489.0240507,-1,0,31
1761622489.0630507,-6,0,29
1761622489.0990508,-4,-2,32
1761622489.1360507,-3,0,29
1761622489.1740508,-5,-1,29
1761622489.2100508,-2,-3,30
1761622489.2480507,-4,0,40
1761622489.2860508,-8,-4,39
1761622489.3250508,7,2,43
1761622489.3630507,3,0,32
1761622489.3990507,-4,1,33
1761622489.436051,0,-4,29
1761622489.4740508,1,0,30
1761622489.5100508,5,1,37
1761622489.5470507,-4,0,44
1761622489.5860507,-3,0,34
1761622489.6250508,3,-1,40
1761622489.663051,5,-5,22
1761622489.699051,2,-4,25
1761622489.7370508,-4,-6,29
1761622489.7750506,4,1,32
1761622489.8130507,1,-2,27
1761622489.8490508,1,-4,31
1761622489.8860507,1,1,31
1761622489.9240508,1,-5,31
1761622489.9600508,-3,1,34
1761622489.9970508,-3,2,28
1761622490.0350506,0,-2,35
1761622490.0730507,0,-3,37
1761622490.1090508,4,2,34
1761622490.1460507,-1,-6,22
1761622490.1850507,-2,-2,30
1761622490.2230508,-5,-4,31
1761622490.2590508,0,0,28
1761622490.2960508,3,4,27
1761622490.334051,-4,3,28
1761622490.370051,1,0,41
1761622490.4070508,7,-2,32
1761622490.4450507,4,-4,30
1761622490.4840508,6,0,28
1761622490.5200508,10,0,29
1761622490.5570507,-2,-3,37
1761622490.5950508,5,0,36
1761622490.6340508,5,-2,36
1761622490.6700506,4,5,37
1761622490.7070508,5,0,39
1761622490.745051,6,-1,26
1761622490.7810507,11,-5,35
1761622490.8190508,1,-5,31
1761622490.8560507,-5,6,30
1761622490.8940508,3,2,32
1761622490.9300506,0,0,33
1761622490.9670508,0,-8,30
1761622491.005051,7,-2,30
1761622491.041051,-1,2,29
1761622491.0780506,1,-2,31
1761622491.1150508,-1,-6,34
1761622491.1540508,0,0,43
1761622491.1900508,0,-7,38
1761622491.2270508,6,0,23
1761622491.2650506,4,7,36
1761622491.301051,-6,-1,42
1761622491.3380508,-5,0,33
1761622491.3750508,-2,0,30
1761622491.4110508,-2,-7,24
1761622491.4480507,2,-5,37
1761622491.485051,10,-3,37
1761622491.5210507,7,-1,27
1761622491.5580506,0,0,27
1761622491.5960507,8,-6,32
1761622491.6340508,1,-2,36
1761622491.6700506,1,3,31
1761622491.7070508,-1,-5,28
1761622491.7460508,4,1,32
1761622491.7840507,-3,2,38
1761622491.8200507,-6,3,35
1761622491.857051,6,-4,32
1761622491.8950508,6,1,30
1761622491.9310508,0,1,40
1761622491.9680507,-2,-4,33
1761622492.0060508,-2,-8,34
1761622492.0450506,0,-7,30
1761622492.0810506,5,-5,36
1761622492.1180508,2,-4,25
1761622492.1560507,-1,-3,42
1761622492.1940508,-3,-3,31
1761622492.2300508,-5,0,25
1761622492.2670507,-2,0,27
1761622492.3060508,1,-2,27
1761622492.3440506,4,-7,33
1761622492.380051,2,-3,32
1761622492.4170508,1,-5,27
1761622492.4550507,-1,-2,36
1761622492.4910507,2,-3,26
1761622492.528051,6,0,33
1761622492.5660508,-3,3,36
1761622492.6040506,-4,0,39
1761622492.6400506,-4,-2,36
1761622492.6780508,-2,3,32
1761622492.7160506,-1,-5,31
1761622492.7540507,0,0,12
1761622492.7900507,-2,3,18
1761622492.8280506,0,0,32
1761622492.8660507,1,0,31
1761622492.9020507,0,-3,36
1761622492.939051,11,-2,30
1761622492.9760506,2,2,36
1761622493.0120506,0,0,42
1761622493.0490508,-2,3,30
1761622493.0860507,8,2,20
1761622493.1220508,3,-6,30
1761622493.1590507,4,-8,27
1761622493.1970508,0,-7,38
1761622493.235051,0,1,39
1761622493.2710507,-2,4,32
1761622493.3080506,-1,0,35
1761622493.3460507,0,0,19
1761622493.3820508,0,-3,28
1761622493.4190507,8,4,28
1761622493.4560506,2,9,39
1761622493.4920506,-2,1,32
1761622493.5290508,0,0,28
1761622493.5660508,-2,0,25
1761622493.6020508,0,1,26
1761622493.6390507,-3,-3,28
1761622493.6770508,2,1,40
1761622493.7150507,1,-5,32
1761622493.7510507,-1,-1,24
1761622493.7890508,-4,-3,32
1761622493.8270507,-5,-5,43
1761622493.8660507,1,0,33
1761622493.9020507,1,-3,29
1761622493.939051,5,-3,36
1761622493.9770508,-1,-1,34
1761622494.0160508,0,-3,40
1761622494.0520508,3,-1,32
1761622494.0890508,0,-3,35
1761622494.1270506,0,-4,43
1761622494.1650507,-2,-1,32
1761622494.2010508,-7,5,36
1761622494.2390506,1,1,42
1761622494.2770507,0,0,40
1761622494.3150508,0,-2,31
1761622494.3510506,-1,3,28
1761622494.3890507,-1,1,30
1761622494.4270508,-3,0,36
1761622494.4660506,1,-5,32
1761622494.5020506,7,-7,36
1761622494.5390508,0,-2,32
1761622494.5770507,0,1,31
1761622494.6150508,-1,0,38
1761622494.6510508,-5,1,33
1761622494.689051,0,7,39
1761622494.7270508,-9,2,29
1761622494.7650506,-3,1,30
1761622494.801051,-3,-1,26
1761622494.8380508,-4,-2,25
1761622494.8770506,-5,-3,27
1761622494.9150507,3,0,42
1761622494.9510508,0,1,40
1761622494.9880507,-1,-5,33
1761622495.0270507,-3,-2,23
1761622495.0630507,6,-3,24
1761622495.1000507,2,0,33
1761622495.1370506,2,4,31
1761622495.1730506,9,9,31
1761622495.2100508,5,-2,26
1761622495.2470508,0,-1,37
1761622495.2830508,2,-2,33
1761622495.3210506,-2,-1,36
1761622495.3580508,4,-2,42
1761622495.3960507,2,0,34
1761622495.4320507,-3,-3,32
1761622495.4700508,-5,-11,28
1761622495.508051,-1,3,30
1761622495.5460508,0,-1,38
1761622495.5820508,-2,0,36
1761622495.620051,-1,0,34
1761622495.6580508,7,-5,35
1761622495.6960506,0,0,37
1761622495.732051,-4,4,37
1761622495.7710507,3,6,32
1761622495.8080506,-1,4,28
1761622495.8460507,-2,0,34
1761622495.8820508,-1,-2,37
1761622495.9190507,1,-7,33
1761622495.9580507,4,-2,34
1761622495.9960508,1,-7,35
1761622496.0320508,-8,-2,37
1761622496.0690508,3,-3,48
1761622496.107051,0,0,37
1761622496.143051,-5,-4,36
1761622496.1810508,-3,0,39
1761622496.2180507,-5,-3,38
1761622496.2570508,-5,1,22
1761622496.2930508,-2,0,31
1761622496.3300507,-2,-4,26
1761622496.3680508,0,-2,26
1761622496.4060507,0,-3,23
1761622496.4500508,-1,0,25
1761622496.4890506,0,6,29
1761622496.5270507,8,6,27
1761622496.5630507,7,-4,22
1761622496.6000507,4,5,36
1761622496.6380508,3,-1,40
1761622496.676051,-4,1,43
1761622496.712051,-4,-2,40
1761622496.7500508,-3,0,33
1761622496.788051,1,-1,28
1761622496.8260508,-4,-2,29
1761622496.8620508,-6,-5,26
1761622496.9010508,-1,-3,26
1761622496.9380507,1,-4,34
1761622496.9760506,-7,-5,31
1761622497.0120506,-4,-3,32
1761622497.0490508,-4,-5,26
1761622497.0880508,-6,-1,35
1761622497.1240506,0,-4,41
1761622497.1610508,6,-2,32
1761622497.1980507,0,-5,27
1761622497.2340508,0,-8,20
1761622497.2710507,3,-6,18
1761622497.3100507,4,0,26
1761622497.3480508,0,-7,25
1761622497.3850508,-1,0,28
1761622497.4230506,-1,2,24
1761622497.4600508,3,4,33
1761622497.4980507,-2,4,22
1761622497.5340507,-3,1,23
1761622497.5710506,0,2,31
1761622497.6090508,4,-2,45
1761622497.6480508,0,-4,40
1761622497.6840508,-2,-7,41
1761622497.7230508,-9,-8,41
1761622497.7600508,2,-8,29
1761622497.7980506,-6,-2,28
1761622497.834051,0,0,33
1761622497.8710508,0,0,28
1761622497.9090507,2,-2,26
1761622497.9480507,12,0,36
1761622497.985051,1,0,37
1761622498.0220506,-1,0,45
1761622498.0600507,-2,7,35
1761622498.0990508,-2,-3,16
1761622498.1370506,0,0,25
1761622498.1730506,5,-1,29
1761622498.2110507,2,-2,30
1761622498.2490506,2,-2,43
1761622498.2870507,-2,0,36
1761622498.3230507,-6,-4,26
1761622498.3610508,-2,-2,28
1761622498.3990507,0,-2,42
1761622498.4380507,4,-1,44
1761622498.4740508,5,-8,37
1761622498.5110507,2,-2,37
1761622498.5490508,0,-5,24
1761622498.587051,-9,-6,47
1761622498.6230507,-5,-8,33
1761622498.6610508,0,-9,38
1761622498.699051,-3,-16,36
1761622498.7370508,-4,-4,28
1761622498.7730508,-4,-3,33
1761622498.811051,1,-3,30
1761622498.8490508,0,-6,38
1761622498.8870506,-6,4,34
1761622498.9230506,-3,3,26
1761622498.9600508,-1,0,25
1761622498.9980507,-3,4,30
1761622499.0340507,3,0,31
1761622499.0710506,-2,0,37
1761622499.1090508,-5,-3,38
1761622499.1480508,-4,-3,40
1761622499.1840508,-1,2,29
1761622499.2210507,-3,1,35
1761622499.2590508,-2,4,25
1761622499.2950506,1,0,26
1761622499.3320508,-1,-4,26
1761622499.370051,0,-4,32
1761622499.4090507,3,1,27
1761622499.4450507,0,5,32
1761622499.482051,2,0,45
1761622499.5190508,-3,-2,34
1761622499.5580506,-2,3,35
1761622499.5940506,-1,-3,38
1761622499.6310508,1,-5,36
1761622499.6690507,-1,-6,45
1761622499.7080507,-5,1,45
1761622499.7440507,2,2,39
1761622499.7820508,3,5,41
1761622499.8190508,-3,2,28
1761622499.8550508,1,-3,38
1761622499.8920507,-2,-3,30
1761622499.9300506,8,-8,32
1761622499.9690506,5,-1,30
1761622500.005051,-3,-2,30
1761622500.0420508,4,2,29
1761622500.0790508,3,0,24
1761622500.1150508,-3,3,23
1761622500.153051,-2,-5,31
1761622500.1910508,0,2,32
1761622500.2290506,-7,0,26
1761622500.2650506,-4,0,29
1761622500.3020508,-8,-5,36
1761622500.3400507,2,1,41
1761622500.3790507,5,1,41
1761622500.4150507,4,-2,44
1761622500.4520507,4,0,30
1761622500.4900508,-2,-1,26
1761622500.528051,1,0,23
1761622500.564051,0,3,29
1761622500.6010506,3,2,34
1761622500.6390507,-9,-4,46
1761622500.6750507,-3,0,36
1761622500.7130508,1,-4,32
1761622500.7500508,0,-4,31
1761622500.788051,1,-5,32
1761622500.824051,-3,0,39
1761622500.8620508,-1,1,37
1761622500.9000506,2,0,25
1761622500.9380507,1,-4,34
1761622500.9740508,9,-8,37
1761622501.0120506,7,-4,32
1761622501.0500507,2,8,32
1761622501.0880508,-3,5,35
1761622501.1240506,-2,0,28
1761622501.1620507,0,-6,27
1761622501.2000508,11,-1,32
1761622501.2390506,5,1,26
1761622501.2750506,-4,0,33
1761622501.3120508,2,0,42
1761622501.3500507,-1,3,31
1761622501.3880508,-1,-9,21
1761622501.4240508,0,2,28
1761622501.4610507,0,4,34
1761622501.4990506,-5,-8,29
1761622501.5350506,-1,-3,41
1761622501.5730507,10,0,36
1761622501.610051,12,2,35
1761622501.6460507,1,11,34
1761622501.6830506,-4,-1,36
1761622501.7210507,-2,2,34
1761622501.7590508,9,-2,36
1761622501.7950506,0,-1,45
1761622501.8320508,-7,-8,30
1761622501.870051,-2,-1,28
1761622501.9090507,-5,-1,31
1761622501.9450507,-4,-8,26
1761622501.982051,-2,-7,30
1761622502.0200508,-1,-3,39
1761622502.0590508,0,-1,39
1761622502.0950508,-2,-2,27
1761622502.1320508,-2,-5,44
1761622502.1700506,-2,6,43
1761622502.2060506,-10,0,35
1761622502.2430508,-7,-4,31
1761622502.2810507,0,0,49
1761622502.3190508,-7,0,23
1761622502.3550508,-3,-1,26
1761622502.393051,6,-2,33
1761622502.4310508,3,-7,39
1761622502.4690506,-6,-1,40
1761622502.505051,-6,-5,30
1761622502.5430508,-7,-7,27
1761622502.5810506,-4,-14,32
1761622502.620051,-3,-10,36
1761622502.6560507,1,-2,29
1761622502.6930506,2,-7,16
1761622502.7310507,-2,1,35
1761622502.7690508,-1,-5,36
1761622502.8050506,5,-2,27
1761622502.8430507,-2,-5,25
1761622502.8810508,0,-5,36
1761622502.9190507,1,-5,38
1761622502.9550507,-4,-9,43
1761622502.9930508,0,2,31
1761622503.0310507,0,0,33
1761622503.0690508,6,-9,30
1761622503.1050508,-1,-8,33
1761622503.143051,2,-6,34
1761622503.1810508,6,1,39
1761622503.2190506,2,-2,27
1761622503.255051,-2,-4,39
1761622503.2920508,2,-6,41
1761622503.3310506,3,-6,34
1761622503.3690507,-3,-5,25
1761622503.4050508,-3,-1,21
1761622503.4420507,-10,-5,31
1761622503.4810507,-6,-4,28
1761622503.5190508,0,-11,36
1761622503.5550506,-1,-8,43
1761622503.5920508,0,-5,44
1761622503.630051,3,-3,36
1761622503.666051,0,-1,39
1761622503.7030506,0,-10,46
1761622503.7410507,-4,-8,33
1761622503.7800508,-4,-3,27
1761622503.8160508,-4,3,27
1761622503.8540506,8,-4,21
1761622503.8910508,1,-5,25
1761622503.9270508,1,-7,31
1761622503.9640508,5,-3,33
1761622504.0010507,5,-5,38
1761622504.0370507,-3,-7,30
1761622504.0750508,-8,-4,21
1761622504.1130507,0,-4,42
1761622504.1510508,0,0,44
1761622504.1870508,-2,1,40
1761622504.2250507,4,-4,31
1761622504.2630508,-5,-4,27
1761622504.301051,-3,-4,41
1761622504.3400507,-9,-3,24
1761622504.3760507,0,-7,22
1761622504.413051,-1,-4,22
1761622504.4510508,-2,-6,26
1761622504.4900508,-2,1,35
1761622504.5260508,-6,-2,24
1761622504.5630507,-1,-2,40
1761622504.6020508,1,0,29
1761622504.6400506,0,-5,28
1761622504.676051,-4,-8,26
1761622504.7130508,-5,1,28
1761622504.7510507,0,0,30
1761622504.7870507,3,-2,31
1761622504.8250508,-5,1,31
1761622504.8620508,3,1,26
1761622504.9000506,-4,7,42
1761622504.936051,-5,3,48
1761622504.9740508,2,-1,28
1761622505.0120506,0,0,28
1761622505.0500507,3,-3,29
1761622505.0860507,0,-3,33
1761622505.1240506,-1,-4,31
1761622505.163051,1,-3,22
1761622505.2010508,3,3,22
1761622505.2370508,2,0,26
1761622505.2740507,1,2,32
1761622505.3120508,-4,-2,26
1761622505.3500507,0,0,30
1761622505.3860507,2,-1,36
1761622505.4240508,-7,1,35
1761622505.462051,0,4,34
1761622505.5000508,4,6,34
1761622505.5360508,-1,0,34
1761622505.574051,-2,-5,35
1761622505.6120508,1,-1,34
1761622505.6500506,0,1,26
1761622505.686051,0,1,33
1761622505.7230508,3,-2,25
1761622505.7610507,-5,-4,34
1761622505.7970507,6,-1,35
1761622505.834051,5,-4,24
1761622505.8720508,5,-2,21
1761622505.9080508,5,-7,35
1761622505.9450507,-1,-2,35
1761622505.9830508,1,-4,43
1761622506.0220506,3,1,36
1761622506.0580506,-2,2,23
1761622506.0950508,-5,-2,24
1761622506.1340508,-3,-3,30
1761622506.1720507,-6,1,29
1761622506.2080507,0,0,33
1761622506.245051,3,-3,23
1761622506.2820508,0,2,21
1761622506.3180506,-2,1,24
1761622506.3550508,3,-1,30
1761622506.393051,-2,-2,25
1761622506.4320507,-2,-2,34
1761622506.4760506,0,0,36
1761622506.5150506,0,-1,40
1761622506.5520508,-10,-3,32
1761622506.5910506,-5,0,39
1761622506.6270506,-4,0,39
1761622506.6640508,-7,-2,40
1761622506.7030506,-3,-5,37
1761622506.7410507,3,-5,36
1761622506.7770507,-6,-2,24
1761622506.814051,-5,2,26
1761622506.8520508,-4,-4,33
1761622506.8880508,-4,-6,42
1761622506.9270508,0,0,38
1761622506.9640508,-1,-5,39
1761622507.0030508,3,5,35
1761622507.041051,3,-2,23
1761622507.0770507,3,0,29
1761622507.1140506,3,0,35
1761622507.1520507,-4,0,30
1761622507.1880507,1,1,33
1761622507.2250507,3,1,28
1761622507.2630508,3,-1,26
1761622507.301051,6,-4,22
1761622507.337051,-1,-7,29
1761622507.3740506,0,-3,33
1761622507.4120507,0,6,31
1761622507.4480507,-5,5,35
1761622507.485051,2,0,29
1761622507.5230508,3,0,33
1761622507.561051,0,0,32
1761622507.597051,-9,-2,46
1761622507.6350508,-6,0,37
1761622507.6730506,-7,-5,27
1761622507.7110507,2,1,30
1761622507.7470508,0,2,29
1761622507.7850506,-7,2,27
1761622507.8230507,0,0,32
1761622507.8610508,1,0,35
1761622507.8970506,2,1,35
1761622507.9350507,2,0,35
1761622507.9730508,-1,-3,39
1761622508.0090508,0,-4,42
1761622508.0460508,2,-1,35
1761622508.084051,0,-3,31
1761622508.1220508,1,-1,20
1761622508.1580508,-3,0,19
1761622508.1950507,1,-1,34
1761622508.2330508,1,0,28
1761622508.2690508,0,-5,29
1761622508.3060508,6,-3,36
1761622508.3430507,-1,-3,38
1761622508.3820508,-2,-5,23
1761622508.4180508,-5,-2,36
1761622508.4550507,-1,-4,30
1761622508.4930508,0,0,25
1761622508.5290508,6,0,12
1761622508.5660508,6,1,28
1761622508.6040506,2,1,32
1761622508.6420507,3,-1,20
1761622508.6780508,4,1,24
1761622508.7160506,0,-8,36
1761622508.7530508,1,5,37
1761622508.7920508,0,4,28
1761622508.8280506,1,0,31
1761622508.8650508,1,-4,30
1761622508.9040508,1,3,31
1761622508.9420507,2,-2,27
1761622508.9780507,1,-3,35
1761622509.0160508,0,-4,35
1761622509.0540507,0,-3,29
1761622509.0920508,2,-10,33
1761622509.1280508,-3,-4,23
1761622509.1650507,2,-3,28
1761622509.2040508,1,0,31
1761622509.2420506,1,-9,43
1761622509.278051,3,-7,40
1761622509.3150508,2,-4,32
1761622509.3540506,2,-4,30
1761622509.3920507,-2,-6,22
1761622509.4280508,0,-1,21
1761622509.4650507,3,-4,39
1761622509.5030508,6,-2,38
1761622509.5390508,5,4,32
1761622509.5760508,4,4,41
1761622509.6140506,1,0,39
1761622509.6520507,-1,0,42
1761622509.6880507,5,3,25
1761622509.7250507,-4,-5,34
1761622509.7640507,-10,-6,31
1761622509.8020508,-6,1,21
1761622509.8380508,-5,0,25
1761622509.8750508,-3,-4,35
1761622509.9140508,0,-2,30
1761622509.9520507,-1,-5,30
1761622509.9880507,0,-7,28
1761622510.0250506,-1,1,35
1761622510.064051,-1,-1,29
1761622510.1000507,1,-6,33
1761622510.1370506,-1,6,32
1761622510.1740508,0,5,27
1761622510.2130508,0,-1,35
1761622510.2490506,5,-2,29
1761622510.2870507,-4,3,30
1761622510.324051,-7,-3,32
1761622510.3630507,-6,0,26
1761622510.3990507,-6,-5,24
1761622510.436051,0,-10,19
1761622510.4740508,0,-1,23
1761622510.5130508,-2,6,39
1761622510.5490508,-2,-4,34
1761622510.5860507,4,1,38
1761622510.6240506,0,0,30
1761622510.6600506,-1,-1,26
1761622510.6970508,0,-1,29
1761622510.735051,0,3,32
1761622510.7730508,-7,-3,27
1761622510.8090508,-5,3,24
1761622510.8460507,-5,2,22
1761622510.8840508,-5,-7,21
1761622510.9230506,0,3,33
1761622510.959051,2,0,36
1761622510.9960508,1,0,42
1761622511.0350506,2,-8,34
1761622511.0730507,0,-2,32
1761622511.1090508,-1,-5,26
1761622511.1470506,6,-4,39
1761622511.1850507,3,-5,26
1761622511.2230508,4,1,28
1761622511.2590508,2,-2,28
1761622511.2970507,0,0,27
1761622511.3350508,1,-5,35
1761622511.3730507,2,-7,29
1761622511.4090507,-4,-3,35
1761622511.4470508,-8,-4,43
1761622511.485051,-6,-5,44
1761622511.5240507,0,-1,36
1761622511.5600507,-1,-5,41
1761622511.597051,-7,-2,33
1761622511.6350508,1,-5,35
1761622511.6730506,8,-6,29
1761622511.709051,0,-2,30
1761622511.7460508,-5,-6,27
1761622511.7850506,3,-9,30
1761622511.8230507,2,-9,35
1761622511.8590508,0,-2,30
1761622511.8960507,-5,-2,39
1761622511.9350507,-1,-10,32
1761622511.9730508,4,-4,32
1761622512.0090508,-2,0,37
1761622512.0460508,0,0,30
1761622512.084051,1,1,28
1761622512.120051,-2,-1,27
1761622512.1580508,-3,-3,21
1761622512.1960506,-8,0,25
1761622512.2340508,-7,0,30
1761622512.2710507,0,0,26
1761622512.3080506,-9,1,23
1761622512.3460507,2,-3,35
1761622512.3840508,9,0,32
1761622512.4210508,1,-5,31
1761622512.4580507,0,-5,42
1761622512.4960508,-4,-3,37
1761622512.5350506,-2,1,41
1761622512.5710506,2,-5,46
1761622512.6080508,4,-4,33
1761622512.6450508,-6,4,34
1761622512.6810508,6,5,28
1761622512.7190506,0,5,38
1761622512.7560508,3,1,39
1761622512.7940507,-9,0,27
1761622512.8300507,0,1,24
1761622512.8670506,7,4,25
1761622512.9050508,3,0,41
1761622512.9410508,0,-5,37
1761622512.9780507,-3,-4,37
1761622513.0160508,0,-4,20
1761622513.0550506,8,-4,15
1761622513.0910506,2,-1,26
1761622513.1280508,1,-3,36
1761622513.166051,1,0,38
1761622513.2040508,-3,-2,42
1761622513.2400508,0,1,30
1761622513.2770507,4,0,46
1761622513.3150508,6,-5,35
1761622513.3510506,0,-2,33
1761622513.3880508,-3,6,25
1761622513.426051,-4,8,23
1761622513.4650507,0,2,22
1761622513.5010507,8,-6,32
1761622513.538051,0,-3,33
1761622513.5760508,0,-7,21
1761622513.6140506,4,0,33
1761622513.6500506,6,0,36
1761622513.6880507,2,0,32
1761622513.7260506,-3,0,18
1761622513.7640507,-1,-5,29
1761622513.8000507,-4,-8,36
1761622513.8380508,-7,-9,26
1761622513.8760507,6,-4,28
1761622513.9150507,1,-2,37
1761622513.9510508,-4,-3,26
1761622513.9880507,-2,-4,32
1761622514.0260508,3,-7,27
1761622514.0650508,0,-1,39
1761622514.1010506,4,5,36
1761622514.1400506,0,-1,36
1761622514.1770508,7,-6,51
1761622514.2150507,3,3,40
1761622514.2510507,-6,0,40
1761622514.2890508,-3,-6,32
1761622514.3270507,-4,-3,31
1761622514.3660507,-2,0,20
1761622514.4040508,0,1,28
1761622514.4400508,0,1,23
1761622514.4770508,5,1,27
1761622514.5150506,-5,-5,32
1761622514.551051,-4,-11,36
1761622514.5890508,4,-4,42
1761622514.6270506,1,-2,33
1761622514.666051,-2,-4,44
1761622514.7020507,-9,-3,36
1761622514.7390506,-4,1,40
1761622514.7760508,-1,-4,39
1761622514.8150508,2,-3,28
1761622514.8510506,0,0,33
1761622514.8890507,4,4,32
1761622514.926051,0,-1,35
1761622514.962051,0,1,29
1761622515.0000508,4,-1,27
1761622515.0370507,0,0,35
1761622515.0750508,-1,-4,45
1761622515.1110508,3,-16,42
1761622515.1480508,-1,-3,39
1761622515.1880507,0,-4,23
1761622515.2260506,-5,0,28
1761622515.2620506,-2,2,36
1761622515.3000507,-4,-5,37
1761622515.3380508,-4,-1,32
1761622515.3770506,3,0,40
1761622515.4150507,8,-1,36
1761622515.4510508,8,-2,38
1761622515.4880507,1,0,33
1761622515.5270507,1,-1,27
1761622515.5650508,-1,-5,41
1761622515.6010506,-3,-1,33
1761622515.6390507,0,-3,28
1761622515.6770508,-1,0,33
1761622515.7150507,-6,4,27
1761622515.7510507,0,2,27
1761622515.788051,-1,0,31
1761622515.8270507,1,-1,42
1761622515.8650508,-2,-1,32
1761622515.9010508,-3,-4,44
1761622515.9380507,-2,0,47
1761622515.9760506,0,4,30
1761622516.0120506,1,1,38
1761622516.0490508,-9,-8,33
1761622516.087051,-10,-1,39
1761622516.1260507,0,1,33
1761622516.1620507,3,1,32
1761622516.199051,11,-1,31
1761622516.2370508,-1,4,29
1761622516.2750506,2,7,19
1761622516.311051,2,2,25
1761622516.3490508,4,1,28
1761622516.3870506,7,0,29
1761622516.4250507,4,0,33
1761622516.4610507,1,2,32
1761622516.5070508,0,-6,35
1761622516.5450506,0,-4,31
1761622516.5820508,0,-1,31
1761622516.6190507,-5,-4,32
1761622516.6570508,-5,-1,44
1761622516.6960506,-7,-3,37
1761622516.732051,-5,-1,31
1761622516.7690508,-7,2,35
1761622516.8070507,2,-3,30
1761622516.8430507,4,1,37
1761622516.880051,1,3,39
1761622516.9180508,-4,0,38
1761622516.9560506,3,4,38
1761622516.9920506,5,-4,34
1761622517.0300508,-4,-3,32
1761622517.0680506,-6,-1,29
1761622517.1060507,0,-1,32
1761622517.1420507,-6,-1,36
1761622517.1790507,2,-5,34
1761622517.2170508,3,-1,41
1761622517.2560508,10,4,29
1761622517.2920508,2,0,30
1761622517.3290508,-1,1,32
1761622517.3670506,-5,0,26
1761622517.403051,0,-2,24
1761622517.4400508,-2,-7,23
1761622517.4780507,-1,-4,29
1761622517.5170507,-2,-10,35
1761622517.5530508,-3,-3,22
1761622517.5910506,-1,-9,21
1761622517.6290507,-3,-4,28
1761622517.6680508,-1,-5,25
1761622517.7060506,2,-7,37
1761622517.7420506,1,-11,35
1761622517.7790508,2,-12,39
1761622517.8180506,2,-2,43
1761622517.8560507,-2,-3,34
1761622517.8920507,-5,0,37
1761622517.9290507,5,-2,27
1761622517.9680507,7,-12,28
1761622518.0060508,-3,-9,35
1761622518.0420508,-1,-3,38
1761622518.0790508,0,-4,40
1761622518.1180508,0,1,39
1761622518.1560507,-3,2,21
1761622518.1920507,-5,1,30
1761622518.2290506,0,1,40
1761622518.2670507,4,0,35
1761622518.3030508,3,6,41
1761622518.3400507,3,0,44
1761622518.3780508,0,-2,29
1761622518.416051,0,-4,31
1761622518.4520507,-1,-3,31
1761622518.4890506,-3,-3,33
1761622518.528051,-7,-5,37
1761622518.5660508,-5,-1,35
1761622518.6020508,2,0,34
1761622518.6390507,0,-11,37
1761622518.6770508,0,3,26
1761622518.7130508,-1,4,36
1761622518.7510507,-8,6,40
1761622518.7890508,4,6,33
1761622518.8270507,1,-5,24
1761622518.8630507,3,-9,26
1761622518.9000506,2,-1,22
1761622518.9380507,0,-6,23
1761622518.9770508,2,-4,26
1761622519.0130508,-2,-3,35
1761622519.0500507,-2,-2,27
1761622519.0880508,1,1,35
1761622519.1270506,9,3,31
1761622519.163051,3,-1,29
1761622519.2000508,12,3,44
1761622519.2380507,1,-1,38
1761622519.2740507,2,-2,31
1761622519.311051,1,-1,29
1761622519.3480508,2,-2,29
1761622519.3840508,8,-2,21
1761622519.4210508,5,-1,40
1761622519.4580507,-2,-1,42
1761622519.4970508,8,0,28
1761622519.5330508,0,-1,35
1761622519.5700507,0,-2,24
1761622519.6080508,3,-1,25
1761622519.6440508,6,4,33
1761622519.6810508,6,0,20
1761622519.7190506,-6,2,24
1761622519.7570508,3,-2,25
1761622519.7930508,-2,0,31
1761622519.8310506,-6,-5,33
1761622519.8690507,2,-1,42
1761622519.9070508,3,0,28
1761622519.9430506,1,-5,32
1761622519.9800508,-7,-5,35
1761622520.0190508,-7,-1,36
1761622520.0570507,-11,-1,38
1761622520.0930507,-1,-1,38
1761622520.1310508,-1,-2,29
1761622520.1690507,2,-1,17
1761622520.2070508,0,0,37
1761622520.2430508,0,-2,27
1761622520.2800508,-3,-5,40
1761622520.3190508,-2,-2,33
1761622520.357051,-3,0,32
1761622520.393051,0,-9,29
1761622520.4300506,4,-4,35
1761622520.4680507,4,4,38
1761622520.5040507,9,0,27
1761622520.541051,3,-2,35
1761622520.5790508,-3,0,44
1761622520.6170506,-3,2,40
1761622520.653051,4,3,35
1761622520.6900508,8,-1,29
1761622520.7280507,4,-2,32
1761622520.7640507,4,0,33
1761622520.801051,-1,-7,26
1761622520.8390508,-4,-7,23
1761622520.8780508,-1,0,33
1761622520.9140508,-2,-1,24
1761622520.9510508,-4,0,24
1761622520.9890506,-6,-1,37
1761622521.0250506,-4,0,42
1761622521.0620508,-1,-1,30
1761622521.1000507,-7,-1,22
1761622521.1390507,-3,0,28
1761622521.1750507,-5,-3,24
1761622521.2130508,0,-2,34
1761622521.2500508,-2,-2,29
1761622521.2890508,1,-2,27
1761622521.3260508,1,-6,33
1761622521.3630507,4,-6,29
1761622521.4000506,0,0,27
1761622521.4380507,-4,2,40
1761622521.4740508,-4,-2,36
1761622521.5110507,-3,-4,30
1761622521.5490508,6,-1,35
1761622521.5880508,-7,-3,36
1761622521.6240506,-5,8,27
1761622521.6610508,-6,8,27
1761622521.699051,-5,2,17
1761622521.735051,4,-2,30
1761622521.7720506,4,-6,41
1761622521.8090508,0,-2,38
1761622521.8480508,-1,-1,25
1761622521.8840508,1,0,31
1761622521.9210508,7,4,33
1761622521.959051,7,0,30
1761622521.995051,0,4,29
1761622522.0320508,-3,-5,36
1761622522.0700507,3,-4,30
1761622522.1080508,-5,-1,34
1761622522.1440508,-5,-5,38
1761622522.1820507,-3,-5,32
1761622522.2200508,-7,-3,27
1761622522.2590508,5,-5,27
1761622522.2950506,1,-8,22
1761622522.3320508,0,-6,33
1761622522.370051,2,-2,33
1761622522.4080508,4,2,30
1761622522.4440508,6,3,45
1761622522.4810507,1,-4,35
1761622522.5190508,0,0,36
1761622522.5550506,-4,3,43
1761622522.5920508,0,-3,33
1761622522.630051,-6,-4,30
1761622522.6690507,1,0,31
1761622522.7050507,6,0,28
1761622522.7420506,0,0,41
1761622522.7800508,6,-3,44
1761622522.8180506,2,-2,36
1761622522.8540506,2,-6,35
1761622522.8920507,2,-8,30
1761622522.9300506,7,-12,34
1761622522.9680507,-2,0,24
1761622523.0040507,-7,6,27
1761622523.041051,4,4,35
1761622523.0800507,8,-4,27
1761622523.1160507,6,1,33
1761622523.153051,2,1,27
1761622523.1900508,-4,7,34
1761622523.2260506,-5,3,33
1761622523.2630508,-3,9,28
1761622523.301051,6,0,40
1761622523.3390508,4,-1,26
1761622523.3750508,0,-3,32
1761622523.4120507,0,0,41
1761622523.4500508,-7,-5,22
1761622523.4860508,-4,-2,36
1761622523.5240507,-2,-4,22
1761622523.5620508,-2,-2,20
1761622523.6000507,-1,0,20
1761622523.6390507,-4,5,27
1761622523.6750507,-5,4,29
1761622523.7130508,2,0,33
1761622523.7500508,5,0,32
1761622523.7890508,-4,0,37
1761622523.8250508,1,-1,40
1761622523.8630507,0,-1,39
1761622523.9000506,4,-2,37
1761622523.939051,-1,1,30
1761622523.9750507,-7,0,30
1761622524.0120506,-7,3,31
1761622524.0500507,-5,2,40
1761622524.0860507,4,0,47
1761622524.1230507,-5,0,43
1761622524.1610508,2,1,32
1761622524.199051,1,1,42
1761622524.235051,-3,-1,34
1761622524.2720506,-1,0,31
1761622524.3100507,1,5,39
1761622524.3460507,-4,11,38
1761622524.383051,-2,1,34
1761622524.4210508,6,-2,30
1761622524.459051,6,0,30
1761622524.495051,5,0,41
1761622524.5320508,4,2,36
1761622524.5700507,0,3,37
1761622524.6060507,-2,-2,43
1761622524.6450508,-2,-3,21
1761622524.6820507,-3,-4,29
1761622524.7210507,-2,-2,33
1761622524.7590508,-7,-7,33
1761622524.7950506,-5,-6,38
1761622524.8320508,-5,-3,44
1761622524.8710508,-3,-4,39
1761622524.9090507,7,-12,39
1761622524.9450507,-3,-2,30
1761622524.982051,1,-4,21
1761622525.0210507,7,0,26
1761622525.0590508,-1,6,25
1761622525.0950508,0,4,33
1761622525.1320508,-1,-1,35
1761622525.1710508,-3,-6,25
1761622525.209051,-2,-5,19
1761622525.245051,-6,-1,23
1761622525.2820508,5,-3,33
1761622525.3200507,-2,0,25
1761622525.3560507,-2,3,32
1761622525.3940508,-2,-6,26
1761622525.4320507,-7,-5,27
1761622525.4710507,-4,-1,32
1761622525.5070508,2,0,33
1761622525.5440507,-1,-3,37
1761622525.5820508,4,0,33
1761622525.620051,5,0,43
1761622525.6560507,2,2,35
1761622525.6930506,-3,-2,42
1761622525.7310507,-4,1,41
1761622525.7670507,0,1,41
1761622525.8040507,1,-6,29
1761622525.8420508,5,-5,27
1761622525.8810508,-2,0,35
1761622525.9170508,2,1,25
1761622525.9540508,-5,5,28
1761622525.9920506,-3,2,39
1761622526.0300508,-1,-3,40
1761622526.0660508,-5,0,36
1761622526.1030507,-1,1,32
1761622526.1410508,-3,4,29
1761622526.1770508,2,-3,37
1761622526.2150507,-3,0,40
1761622526.2530508,0,-7,48
1761622526.291051,-1,-2,41
1761622526.3270507,-3,4,32
1761622526.3650508,1,3,33
1761622526.4020507,1,0,44
1761622526.4410508,0,-8,37
1761622526.4770508,1,-9,40
1761622526.5230508,0,-1,43
1761622526.561051,1,0,38
1761622526.597051,0,0,21
1761622526.6340508,-4,0,25
1761622526.6720507,0,-5,34
1761622526.7100508,-2,-4,41
1761622526.7460508,-2,-11,30
1761622526.7830508,-3,-5,22
1761622526.8220508,-1,-6,32
1761622526.860051,-3,-5,31
1761622526.8960507,6,-4,34
1761622526.9330506,0,-4,31
1761622526.972051,0,-7,37
1761622527.0100508,-3,-2,34
1761622527.0460508,-5,0,33
1761622527.084051,-3,-4,35
1761622527.1220508,2,-2,27
1761622527.1600506,5,2,41
1761622527.1960506,-3,0,34
1761622527.2340508,-3,-4,15
1761622527.2720506,0,-5,25
1761622527.311051,2,0,31
1761622527.347051,5,-3,32
1761622527.3840508,2,-4,34
1761622527.4220507,2,-8,32
1761622527.4580507,0,0,37
1761622527.495051,3,-1,20
1761622527.5320508,1,-1,32
1761622527.5680506,0,2,35
1761622527.6050508,-3,5,36
1761622527.643051,-5,-2,27
1761622527.6820507,-9,2,36
1761622527.7180507,-3,-2,26
1761622527.7560508,0,1,32
1761622527.7930508,6,0,34
1761622527.8310506,4,6,25
1761622527.8670506,1,2,35
1761622527.9040508,-3,-1,37
1761622527.9420507,-1,1,31
1761622527.9780507,3,-4,40
1761622528.0150506,2,2,43
1761622528.0520508,-5,-3,44
1761622528.0910506,0,-6,36
1761622528.1270506,-4,-4,27
1761622528.1640508,0,-5,28
1761622528.2020507,0,-6,29
1761622528.2380507,0,3,34
1761622528.2750506,-3,6,27
1761622528.3120508,0,-3,41
1761622528.3510506,0,-4,35
1761622528.3870506,4,0,25
1761622528.4240508,1,1,35
1761622528.462051,1,-1,13
1761622528.4980507,-1,-2,20
1761622528.5350506,0,4,35
1761622528.5730507,0,2,26
1761622528.6110508,-5,-2,34
1761622528.6470506,-1,2,23
1761622528.6850507,2,0,31
1761622528.7230508,0,3,30
1761622528.7610507,7,-4,35
1761622528.7970507,2,-5,35
1761622528.834051,0,-2,26
1761622528.8730507,3,0,34
1761622528.9110508,0,-2,39
1761622528.9470508,-3,-1,30
1761622528.9840508,-2,5,36
1761622529.0230508,0,-1,44
1761622529.061051,0,0,26
1761622529.097051,-3,-2,36
1761622529.1350508,-4,0,26
1761622529.1740508,0,-3,45
1761622529.212051,-3,-9,45
1761622529.2490506,2,-9,42
1761622529.2860508,1,-10,38
1761622529.3230507,4,-9,38
1761622529.3610508,0,-3,40
1761622529.3970506,0,-4,44
1761622529.4340508,-2,-2,31
1761622529.4730508,2,-2,27
1761622529.5110507,-5,-1,39
1761622529.5470507,-1,-4,28
1761622529.584051,-5,-2,33
1761622529.6230507,-2,-1,32
1761622529.6590507,-5,-2,34
1761622529.6960506,-6,7,34
1761622529.7340508,-6,13,45
1761622529.7720506,-1,3,39
1761622529.8080506,0,0,32
1761622529.8450508,-7,-1,25
1761622529.883051,2,-5,30
1761622529.9190507,6,-3,37
1761622529.9560506,6,0,37
1761622529.9930508,-4,-8,30
1761622530.0320508,0,-5,25
1761622530.0680506,-1,-1,40
1761622530.1060507,-3,-11,38
1761622530.1440508,-2,-8,32
1761622530.1830506,3,-2,33
1761622530.2190506,3,-1,32
1761622530.2560508,-4,0,39
1761622530.2940507,0,-4,40
1761622530.3320508,0,0,34
1761622530.3680508,-1,1,42
1761622530.4050508,-1,-5,33
1761622530.4430506,0,-3,38
1761622530.482051,3,0,46
1761622530.518051,0,-1,39
1761622530.5550506,-5,-8,35
1761622530.5940506,-5,-7,26
1761622530.6320508,-3,0,35
1761622530.6680508,-2,2,37
1761622530.7050507,11,2,30
1761622530.7430508,3,1,26
1761622530.7790508,-3,-1,31
1761622530.8160508,3,-6,22
1761622530.8540506,4,-4,23
1761622530.893051,0,1,32
1761622530.9290507,-5,-2,34
1761622530.9670508,-4,-2,40
1761622531.0040507,3,0,45
1761622531.0420508,5,0,39
1761622531.0780506,1,-1,45
1761622531.1150508,-6,-1,44
1761622531.1540508,-3,0,34
1761622531.1920507,0,0,41
1761622531.2280507,-1,-5,39
1761622531.2660508,3,1,42
1761622531.3040507,0,-1,40
1761622531.3420508,-7,-2,34
1761622531.3780508,-6,-1,34
1761622531.416051,-7,8,32
1761622531.4540508,-3,2,39
1761622531.4920506,5,-3,27
1761622531.528051,0,-5,28
1761622531.5660508,1,-4,36
1761622531.6040506,1,0,41
1761622531.6420507,7,-3,41
1761622531.6790507,3,-4,45
1761622531.7160506,7,-5,31
1761622531.7540507,0,-2,28
1761622531.7900507,5,-5,20
1761622531.8270507,0,5,31
1761622531.8640506,5,0,34
1761622531.9000506,0,0,36
1761622531.9370508,-1,-6,34
1761622531.9750507,6,-1,36
1761622532.0140507,7,-3,27
1761622532.0500507,5,-2,33
1761622532.0880508,-3,3,29
1761622532.1250508,4,-1,20
1761622532.163051,4,-3,13
1761622532.199051,5,-2,25
1761622532.2370508,0,-9,27
1761622532.2750506,-2,-1,29
1761622532.314051,-4,-1,34
1761622532.3500507,-1,0,23
1761622532.3880508,2,-4,25
1761622532.4250507,6,-5,39
1761622532.4630508,-2,-1,36
1761622532.4990506,1,-3,21
1761622532.5370507,2,2,28
1761622532.574051,5,0,28
1761622532.610051,0,-4,32
1761622532.6480508,0,2,40
1761622532.6850507,-3,3,32
1761622532.7230508,0,0,37
1761622532.7590508,-1,-5,38
1761622532.7960508,2,-9,36
1761622532.8350508,-2,-5,42
1761622532.8730507,-2,1,34
1761622532.9090507,-3,-6,36
1761622532.9460506,-5,1,29
1761622532.9840508,-4,-5,34
1761622533.0200508,0,-3,30
1761622533.0570507,0,-3,27
1761622533.0950508,1,-5,21
1761622533.133051,-6,-2,22
1761622533.1690507,-5,-5,35
1761622533.2060506,8,-7,29
1761622533.2440507,9,4,14
1761622533.2800508,2,-2,25
1761622533.3170507,-1,2,24
1761622533.3550508,-3,3,28
1761622533.393051,0,3,37
1761622533.4290507,0,0,34
1761622533.4660506,-3,-3,41
1761622533.505051,0,-3,37
1761622533.5430508,-13,0,33
1761622533.5790508,-4,8,32
1761622533.6160507,0,0,23
1761622533.6540508,-1,-5,43
1761622533.6900508,0,-8,38
1761622533.7280507,4,-6,39
1761622533.7650506,-1,-6,41
1761622533.8040507,-1,1,37
1761622533.8400507,-9,-4,42
1761622533.8780508,0,2,23
1761622533.9150507,-8,-1,29
1761622533.9540508,1,2,30
1761622533.9900508,0,1,32
1761622534.0270507,-1,-5,25
1761622534.0650508,-2,-1,36
1761622534.1040506,-2,-1,37
1761622534.1400506,-1,5,41
1761622534.1770508,2,7,39
1761622534.2150507,0,-3,30
1761622534.2510507,-2,-1,32
1761622534.288051,0,-8,35
1761622534.3250508,4,-5,37
1761622534.3620508,6,0,29
1761622534.3990507,0,0,27
1761622534.436051,0,-1,38
1761622534.4750507,-1,0,35
1761622534.5110507,-5,3,36
1761622534.5490508,-10,-7,37
1761622534.587051,-10,-5,43
1761622534.6250508,-3,0,31
1761622534.6610508,-3,-7,36
1761622534.6980507,-3,-5,23
1761622534.7370508,-8,-1,22
1761622534.7750506,-5,0,23
1761622534.811051,1,-5,26
1761622534.8480508,2,-2,41
1761622534.8860507,-4,-5,33
1761622534.9250507,-2,-4,42
1761622534.9610507,-1,-3,30
1761622534.9980507,1,-2,27
1761622535.0370507,4,1,29
1761622535.0750508,6,0,22
1761622535.1110508,-1,-2,18
1761622535.1480508,-2,0,32
1761622535.186051,0,-2,39
1761622535.2240508,0,0,33
1761622535.2600508,-4,-1,32
1761622535.2980506,1,-1,28
1761622535.3360507,5,-2,18
1761622535.3740506,-1,-1,31
1761622535.4100506,-3,1,36
1761622535.4480507,3,-6,26
1761622535.4860508,-3,1,39
1761622535.5240507,0,0,30
1761622535.5600507,-9,0,26
1761622535.5980508,1,0,29
1761622535.6360507,3,-2,38
1761622535.6740508,-7,1,26
1761622535.7100508,-4,-7,31
1761622535.7470508,-2,-2,25
1761622535.7860508,-1,2,16
1761622535.824051,0,1,23
1761622535.860051,-5,-1,33
1761622535.8970506,-3,-1,38
1761622535.936051,7,-10,39
1761622535.9740508,-5,-7,34
1761622536.0100508,-5,0,41
1761622536.0470507,7,-4,33
1761622536.0860507,2,-7,32
1761622536.1220508,0,-7,23
1761622536.1590507,9,-6,26
1761622536.1970508,5,-3,21
1761622536.235051,0,-4,27
1761622536.2710507,-1,-4,29
1761622536.3080506,-5,-5,31
1761622536.347051,0,-2,42
1761622536.3850508,-1,2,40
1761622536.4210508,-5,-2,43
1761622536.4580507,-5,-3,35
1761622536.4970508,-6,-7,29
1761622536.5400507,-1,-3,29
1761622536.5790508,-3,2,29
1761622536.6160507,0,0,40
1761622536.6520507,-2,2,39
1761622536.689051,-7,2,34
1761622536.7270508,0,0,24
1761622536.7650506,5,-1,30
1761622536.801051,2,4,33
1761622536.8380508,2,0,28
1761622536.8760507,6,8,46
1761622536.9120507,5,0,40
1761622536.949051,-2,-3,36
1761622536.9870508,2,2,47
1761622537.0250506,2,2,38
1761622537.061051,2,-2,43
1761622537.0980508,0,-6,33
1761622537.1370506,5,-4,42
1761622537.1750507,0,-1,27
1761622537.2110507,-1,0,36
1761622537.2480507,-2,-5,23
1761622537.2870507,0,-5,26
1761622537.3250508,0,-6,28
1761622537.3610508,2,-9,27
1761622537.3980508,7,0,39
1761622537.436051,3,-4,36
1761622537.472051,-2,-1,24
1761622537.5090508,-1,-1,29
1761622537.5470507,0,4,24
1761622537.5860507,0,-2,30
1761622537.6220508,1,-3,34
1761622537.6590507,1,-4,32
1761622537.6970508,1,-7,48
1761622537.735051,-4,-3,35
1761622537.7710507,-1,-9,39
1761622537.8080506,3,0,31
1761622537.8460507,-7,0,37
1761622537.8820508,-2,-9,38
1761622537.9190507,-1,-6,36
1761622537.9570508,1,0,34
1761622537.995051,0,-6,28
1761622538.0320508,-6,-3,28
1761622538.0690508,-2,-8,34
1761622538.107051,-3,-10,26
1761622538.1460507,5,-1,37
1761622538.1820507,4,0,32
1761622538.2190506,1,2,41
1761622538.2570508,6,0,31
1761622538.2930508,3,0,35
1761622538.3300507,5,3,38
1761622538.3670506,1,-4,36
1761622538.403051,2,0,34
1761622538.4400508,1,-2,33
1761622538.4770508,-1,0,36
1761622538.5130508,-4,0,40
1761622538.551051,-10,-4,24
1761622538.5900507,-2,-3,24
1761622538.6270506,-1,-2,33
1761622538.666051,1,2,17
1761622538.7020507,2,-5,23
1761622538.7390506,2,-5,27
1761622538.7770507,3,-4,30
1761622538.8130507,6,-3,30
1761622538.8510506,-1,-2,33
1761622538.8900506,0,-5,31
1761622538.9270508,0,-1,32
1761622538.9630508,0,-4,33
1761622539.0010507,-4,-4,27
1761622539.0400507,3,1,31
1761622539.0770507,-2,1,34
1761622539.1130507,0,0,26
1761622539.1500506,-1,-2,32
1761622539.1880507,-3,-2,27
1761622539.2270508,-6,-6,42
1761622539.2630508,-6,0,44
1761622539.3000507,-3,-9,35
1761622539.3380508,0,-1,39
1761622539.3770506,-1,-3,27
1761622539.413051,2,0,24
1761622539.4500508,5,-1,19
1761622539.4880507,1,0,36
1761622539.5260508,1,-2,35
1761622539.5620508,-3,1,31
1761622539.6000507,3,-1,33
1761622539.6380508,-4,-6,32
1761622539.676051,-8,0,39
1761622539.712051,-2,3,34
1761622539.7500508,4,-1,33
1761622539.788051,3,2,22
1761622539.8260508,-3,6,36
1761622539.8620508,-3,-3,39
1761622539.8990507,0,-6,32
1761622539.9380507,0,4,39
1761622539.9760506,2,-3,40
1761622540.0120506,2,0,41
1761622540.0500507,-2,-4,29
1761622540.0880508,4,-7,26
1761622540.1260507,0,-3,21
1761622540.1620507,5,-4,33
1761622540.199051,3,-3,34
1761622540.2370508,-1,2,31
1761622540.2730508,1,-1,25
1761622540.3100507,-4,-2,31
1761622540.3480508,-1,1,37
1761622540.3870506,-4,0,38
1761622540.4230506,0,0,37
1761622540.4600508,-4,0,34
1761622540.4980507,-1,1,33
1761622540.5370507,0,4,29
1761622540.5730507,-2,2,40
1761622540.610051,1,5,41
1761622540.6480508,4,-9,37
1761622540.6840508,1,-12,33
1761622540.7210507,-1,1,20
1761622540.7590508,-2,4,20
1761622540.7970507,3,3,22
1761622540.8330507,-2,0,30
1761622540.8710508,-2,-2,38
1761622540.9090507,-2,0,31
1761622540.9470508,-8,4,23
1761622540.9830508,0,3,25
1761622541.0200508,1,2,37
1761622541.0580506,2,0,30
1761622541.0940506,-1,6,38
1761622541.1310508,-2,0,33
1761622541.1680508,-4,-5,25
1761622541.2070508,-3,-4,29
1761622541.2430508,3,-2,35
1761622541.2800508,-6,-4,23
1761622541.3190508,-1,2,31
1761622541.357051,-3,0,25
1761622541.393051,6,-3,27
1761622541.4300506,2,-4,38
1761622541.4680507,2,-5,26
1761622541.5040507,6,-6,28
1761622541.541051,6,2,30
1761622541.5790508,-2,0,41
1761622541.6170506,0,0,27
1761622541.653051,-1,2,47
1761622541.6910508,-1,4,41
1761622541.7290506,-1,-2,41
1761622541.7670507,1,0,45
1761622541.8030508,-1,1,35
1761622541.8400507,-5,0,37
1761622541.8790507,2,-9,35
1761622541.9170508,4,0,32
1761622541.9530506,5,-1,39
1761622541.9900508,4,3,34
1761622542.028051,-2,-1,42
1761622542.064051,-2,-5,31
1761622542.1020508,0,-2,30
1761622542.1390507,0,-3,35
1761622542.1770508,0,-3,32
1761622542.2130508,1,0,36
1761622542.2500508,-2,0,34
1761622542.288051,0,-3,36
1761622542.324051,4,-1,34
1761622542.3620508,2,0,32
1761622542.3990507,0,4,41
1761622542.4370508,6,3,26
1761622542.4730508,-2,1,24
1761622542.5100508,0,2,40
1761622542.5480506,3,-1,33
1761622542.584051,5,0,25
1761622542.6210508,6,-2,30
1761622542.6590507,0,0,20
1761622542.6950507,-1,-5,20
1761622542.7330508,0,-3,26
1761622542.7710507,-3,2,23
1761622542.8090508,-3,-5,21
1761622542.8450508,-4,1,34
1761622542.8820508,-2,2,34
1761622542.9200506,1,-3,32
1761622542.9580507,3,3,45
1761622542.9940507,2,2,34
1761622543.0310507,4,0,39
1761622543.0690508,-4,0,43
1761622543.1050508,1,-2,42
1761622543.1420507,-5,-4,40
1761622543.1800506,0,-3,25
1761622543.2190506,-1,0,32
1761622543.255051,0,-2,25
1761622543.2920508,-1,-6,31
1761622543.3300507,-3,-4,23
1761622543.3690507,-1,5,27
1761622543.4050508,5,4,28
1761622543.4420507,8,-3,31
1761622543.4800508,2,3,34
1761622543.518051,2,6,32
1761622543.5540507,4,5,32
1761622543.5910506,3,0,35
1761622543.6290507,1,6,31
1761622543.6650507,-1,5,31
1761622543.7030506,-3,3,22
1761622543.7400508,4,-2,43
1761622543.778051,0,0,29
1761622543.814051,-3,3,31
1761622543.8510506,-2,-3,33
1761622543.8900506,5,6,26
1761622543.9280508,9,5,25
1761622543.9640508,3,0,41
1761622544.0010507,8,-1,34
1761622544.0400507,-1,-5,34
1761622544.0780506,-3,-4,26
1761622544.1140506,6,-3,31
1761622544.1510508,-4,-2,35
1761622544.1900508,-6,-1,36
1761622544.2280507,3,5,31
1761622544.2640507,-1,2,44
1761622544.301051,1,2,47
1761622544.3400507,6,0,49
1761622544.3780508,3,-2,40
1761622544.4140508,5,-2,43
1761622544.4510508,-3,-6,35
1761622544.4900508,-2,-8,35
1761622544.528051,-6,-3,29
1761622544.564051,-16,-2,44
1761622544.6010506,-1,4,41
1761622544.6400506,-3,-2,40
1761622544.6780508,-1,1,38
1761622544.7140508,1,-2,37
1761622544.7520506,12,-1,37
1761622544.791051,0,3,41
1761622544.8290508,-2,-1,46
1761622544.8650508,-7,-4,40
1761622544.9020507,-2,-4,19
1761622544.9400508,1,-6,27
1761622544.9760506,-7,-2,33
1761622545.0140507,-7,5,25
1761622545.0520508,2,-3,29
1761622545.0900507,0,-2,24
1761622545.1290507,0,-4,31
1761622545.1650507,-4,-5,35
1761622545.2020507,0,-5,36
1761622545.2400508,3,-6,37
1761622545.2760508,0,2,35
1761622545.3130507,7,-4,37
1761622545.3500507,3,-4,26
1761622545.3860507,2,7,28
1761622545.4230506,-1,3,22
1761622545.4600508,-4,-1,22
1761622545.4990506,2,0,29
1761622545.5350506,-3,1,29
1761622545.5720508,4,0,38
1761622545.610051,2,1,29
1761622545.6460507,-4,-3,26
1761622545.6830506,-3,4,33
1761622545.7210507,-1,2,31
1761622545.7590508,-3,-8,35
1761622545.7950506,0,-4,36
1761622545.8320508,4,6,37
1761622545.870051,-6,0,30
1761622545.9060507,-7,4,20
1761622545.9430506,-3,-2,26
1761622545.9810507,-5,3,31
1761622546.0190508,-7,-2,18
1761622546.0550506,0,0,31
1761622546.0920508,0,0,51
1761622546.130051,-3,-1,33
1761622546.166051,-4,2,40
1761622546.2030506,-5,-1,25
1761622546.2410507,-2,-1,35
1761622546.2800508,-7,-4,31
1761622546.3160508,7,1,32
1761622546.3530507,1,0,38
1761622546.3910508,2,-7,41
1761622546.4290507,-1,1,35
1761622546.4650507,3,1,36
1761622546.5020506,6,0,40
1761622546.5470507,-4,-1,36
1761622546.584051,-13,0,38
1761622546.6220508,1,1,32
1761622546.6610508,-1,-4,45
1761622546.699051,8,-5,37
1761622546.735051,2,0,31
1761622546.7720506,1,0,29
1761622546.811051,-5,1,36
1761622546.847051,-3,2,42
1761622546.8840508,-1,6,39
1761622546.9210508,2,-2,33
1761622546.9570508,6,-4,31
1761622546.9940507,-2,-6,34
1761622547.0320508,-8,-4,42
1761622547.0710506,-4,0,38
1761622547.107051,0,2,36
1761622547.1440508,5,2,27
1761622547.1810508,-2,6,24
1761622547.2200508,-4,4,27
1761622547.2560508,-1,0,25
1761622547.2930508,2,-1,29
1761622547.3310506,-6,3,31
1761622547.3670506,-4,0,33
1761622547.4040508,-3,2,28
1761622547.4420507,-2,0,34
1761622547.4810507,3,-1,35
1761622547.5170507,3,-2,32
1761622547.5540507,1,1,23
1761622547.5920508,-1,4,42
1761622547.6310508,2,-5,34
1761622547.6670508,0,-4,23
1761622547.7040508,-1,-1,28
1761622547.7420506,-2,0,22
1761622547.7800508,7,1,34
1761622547.8160508,2,-1,32
1761622547.8530507,3,0,36
1761622547.8910508,0,-9,29
1761622547.9270508,0,-4,35
1761622547.9640508,0,-8,34
1761622548.0020506,1,1,38
1761622548.0400507,3,2,50
1761622548.0760508,1,2,40
1761622548.1130507,-2,3,42
1761622548.1520507,3,0,26
1761622548.1900508,5,3,24
1761622548.2260506,2,2,25
1761622548.2630508,0,0,30
1761622548.3020508,3,0,36
1761622548.3400507,-3,3,24
1761622548.3760507,3,8,30
1761622548.413051,-6,2,32
1761622548.4520507,4,3,33
1761622548.4900508,1,0,29
1761622548.5260508,4,3,35
1761622548.5630507,8,-4,35
1761622548.6020508,-1,-2,32
1761622548.6400506,-4,-4,34
1761622548.676051,3,-4,35
1761622548.7140508,4,-3,34
1761622548.7520506,0,-2,32
1761622548.791051,1,-2,28
1761622548.8270507,3,-4,23
1761622548.8640506,-5,-3,31
1761622548.9020507,-4,-3,28
1761622548.9410508,3,-2,31
1761622548.9770508,0,0,33
1761622549.0140507,0,0,35
1761622549.0520508,2,-1,35
1761622549.0880508,-3,0,35
1761622549.1250508,1,0,44
1761622549.1620507,1,0,34
1761622549.1980507,1,-2,30
1761622549.235051,-1,1,34
1761622549.2720506,1,-5,40
1761622549.3080506,5,1,33
1761622549.3450508,4,0,43
1761622549.383051,1,-1,33
1761622549.4210508,0,3,43
1761622549.4570508,4,4,39
1761622549.4940507,3,10,39
1761622549.5320508,-1,1,37
1761622549.5680506,5,-3,46
1761622549.6050508,6,2,40
1761622549.6420507,4,-2,35
1761622549.6780508,9,0,36
1761622549.7150507,-1,3,25
1761622549.7530508,3,-3,33
1761622549.7920508,2,0,28
1761622549.8280506,2,-9,26
1761622549.8650508,-1,-8,31
1761622549.9040508,0,-1,41
1761622549.9420507,-2,-8,33
1761622549.9780507,0,-4,34
1761622550.0150506,4,-6,41
1761622550.0530508,4,-9,40
1761622550.0910506,1,-9,31
1761622550.1270506,-1,-4,36
1761622550.1640508,-1,-1,31
1761622550.2030506,-9,-8,28
1761622550.2410507,-7,-8,20
1761622550.2770507,0,-6,19
1761622550.314051,3,-2,35
1761622550.3520508,-3,-6,31
1761622550.3880508,-7,0,40
1761622550.4250507,-2,0,25
1761622550.4630508,1,-1,30
1761622550.5010507,0,-4,34
1761622550.5370507,2,-3,36
1761622550.5750508,2,-2,45
1761622550.6130507,0,1,28
1761622550.6510508,-3,0,33
1761622550.6870508,-5,-6,31
1761622550.7240508,-2,-4,38
1761622550.7630508,-1,-2,29
1761622550.801051,-4,3,33
1761622550.837051,-1,0,39
1761622550.8740506,1,-2,27
1761622550.913051,-2,-8,14
1761622550.9510508,-3,0,35
1761622550.9870508,-1,0,35
1761622551.0240507,-2,-2,35
1761622551.0630507,-1,0,35
1761622551.1010506,1,5,39
1761622551.1370506,-2,2,34
1761622551.1740508,0,-2,30
1761622551.2130508,-7,6,28
1761622551.2490506,-8,3,38
1761622551.2870507,-3,0,41
1761622551.3250508,-3,0,29
1761622551.3640506,-3,0,35
1761622551.4020507,-5,5,26
1761622551.4380507,-5,-3,29
1761622551.4760506,6,-6,24
1761622551.5130508,4,0,27
1761622551.5490508,3,2,30
1761622551.5860507,-2,0,27
1761622551.6240506,-3,0,34
1761622551.6620507,-1,8,24
1761622551.6980507,2,1,28
1761622551.735051,-1,-2,33
1761622551.7730508,0,3,29
1761622551.8090508,4,-4,28
1761622551.8460507,9,-7,37
1761622551.8840508,1,-1,33
1761622551.9220507,0,1,34
1761622551.9580507,3,0,30
1761622551.995051,0,-2,40
1761622552.0330508,5,0,39
1761622552.0690508,1,0,33
1761622552.1060507,1,-1,41
1761622552.1440508,0,-4,52
1761622552.1820507,-8,-1,53
1761622552.2180507,-5,-4,39
1761622552.2560508,-2,0,43
1761622552.2950506,3,-5,47
1761622552.3330507,7,0,35
1761622552.3690507,5,-3,43
1761622552.4060507,3,-4,31
1761622552.4440508,5,-7,22
1761622552.482051,2,-7,35
1761622552.518051,-2,-8,36
1761622552.5550506,5,-4,33
1761622552.5930507,0,-5,27
1761622552.6290507,2,-5,25
1761622552.666051,-1,3,26
1761622552.7040508,1,-1,39
1761622552.7420506,3,-1,28
1761622552.778051,2,-1,30
1761622552.8160508,-2,0,21
1761622552.8540506,-7,-3,36
1761622552.8920507,-3,-3,35
1761622552.9280508,0,3,38
1761622552.9650507,0,-5,50
1761622553.0040507,-4,-2,36
1761622553.0420508,0,-5,41
1761622553.0790508,0,-10,43
1761622553.1160507,2,1,34
1761622553.1540508,1,2,33
1761622553.1920507,0,1,35
1761622553.2280507,2,-13,34
1761622553.2660508,2,-6,33
1761622553.3040507,0,2,21
1761622553.3420508,-6,-5,37
1761622553.3780508,3,-9,35
1761622553.4150507,3,-11,30
1761622553.4540508,1,-2,33
1761622553.4900508,7,0,27
1761622553.5270507,0,5,28
1761622553.5650508,-1,-4,44
1761622553.6040506,5,-2,31
1761622553.6400506,3,0,27
1761622553.6770508,0,1,27
1761622553.7150507,-2,2,33
1761622553.7540507,-2,-5,19
1761622553.7900507,-6,-10,25
1761622553.8270507,0,-2,25
1761622553.8650508,2,-2,36
1761622553.9040508,3,0,35
1761622553.9400508,1,-9,25
1761622553.9770508,-3,-5,29
1761622554.0150506,2,0,35
1761622554.0530508,8,4,39
1761622554.0890508,6,0,37
1761622554.1260507,1,1,43
1761622554.1640508,-1,-5,24
1761622554.2000508,-3,4,25
1761622554.2380507,0,5,30
1761622554.2750506,-3,-1,24
1761622554.314051,0,1,27
1761622554.3500507,-1,2,35
1761622554.3880508,-1,0,35
1761622554.4250507,-3,0,35
1761622554.4630508,2,1,34
1761622554.4990506,-4,-2,43
1761622554.5370507,0,-1,27
1761622554.5750508,-4,0,31
1761622554.6130507,-1,7,33
1761622554.6490507,-1,0,30
1761622554.6870508,-4,1,28
1761622554.7250507,0,-4,41
1761622554.7630508,13,-7,37
1761622554.7990508,3,-2,35
1761622554.837051,-3,5,33
1761622554.8750508,-8,0,15
1761622554.913051,-7,0,32
1761622554.949051,-3,0,28
1761622554.9860508,5,-3,29
1761622555.0250506,1,-3,33
1761622555.0630507,0,-6,28
1761622555.0990508,0,2,35
1761622555.1360507,2,0,32
1761622555.1740508,1,-3,38
1761622555.2100508,-3,-2,32
1761622555.2480507,1,-1,43
1761622555.2850506,-2,1,39
1761622555.3230507,1,3,23
1761622555.3590508,1,-2,36
1761622555.3960507,-5,0,40
1761622555.4340508,-2,0,30
1761622555.4700508,-4,2,29
1761622555.508051,4,-3,31
1761622555.5450506,2,-5,28
1761622555.584051,1,3,25
1761622555.620051,-7,3,33
1761622555.6570508,-7,-2,29
1761622555.6950507,1,-4,28
1761622555.7310507,-2,-1,24
1761622555.7690508,-1,-9,24
1761622555.8070507,2,-4,35
1761622555.8450508,3,-3,30
1761622555.8810508,6,-1,33
1761622555.9180508,5,-6,18
1761622555.9560506,4,-4,25
1761622555.9940507,-4,0,23
1761622556.0300508,0,-3,18
1761622556.0670507,-4,0,28
1761622556.1050508,-2,-3,28
1761622556.1440508,6,-6,39
1761622556.1800506,2,-10,31
1761622556.2180507,1,-9,24
1761622556.255051,2,-3,17
1761622556.291051,3,-2,24
1761622556.3280506,1,-4,32
1761622556.3660507,2,-2,36
1761622556.4040508,3,0,21
1761622556.4400508,0,-7,31
1761622556.4770508,0,3,30
1761622556.5150506,5,-2,35
1761622556.5590508,2,-2,29
1761622556.597051,0,1,22
1761622556.6360507,4,2,32
1761622556.6740508,2,4,8
1761622556.7100508,1,2,18
1761622556.7470508,-4,5,19
1761622556.7860508,4,0,29
1761622556.824051,4,-1,24
1761622556.860051,2,-2,29
1761622556.8970506,5,0,41
1761622556.936051,-2,-5,36
1761622556.9740508,0,-6,42
1761622557.0100508,-4,-4,27
1761622557.0470507,6,-1,31
1761622557.0860507,2,0,40
1761622557.1240506,0,4,39
1761622557.1600506,6,-1,41
1761622557.1970508,0,0,42
1761622557.235051,2,1,26
1761622557.2710507,-5,3,33
1761622557.3080506,-1,3,31
1761622557.3460507,0,0,33
1761622557.3840508,-3,-6,50
1761622557.4200506,-6,-2,44
1761622557.4570508,-3,0,34
1761622557.4960508,-1,-5,32
1761622557.5340507,-5,0,36
1761622557.5700507,0,3,29
1761622557.607051,2,2,39
1761622557.6450508,-1,0,34
1761622557.6810508,0,-1,34
1761622557.7190506,0,4,29
1761622557.7560508,7,2,29
1761622557.7920508,-2,-3,31
1761622557.8290508,0,-1,31
1761622557.8660507,-4,-1,29
1761622557.9050508,2,2,32
1761622557.9410508,1,-3,36
1761622557.9790506,4,-3,33
1761622558.0160508,0,-4,44
1761622558.0520508,0,-5,39
1761622558.0890508,-3,-6,41
1761622558.1270506,0,-2,43
1761622558.166051,6,2,45
1761622558.2020507,-4,3,34
1761622558.2390506,1,1,31
1761622558.2760508,1,1,38
1761622558.3120508,7,3,41
1761622558.3500507,5,2,34
1761622558.3870506,2,0,38
1761622558.4250507,0,-3,30
1761622558.4610507,-2,0,33
1761622558.4980507,1,2,33
1761622558.5360508,-2,4,36
1761622558.5720508,-3,-1,26
1761622558.6090508,-7,-1,34
1761622558.6470506,-1,-4,28
1761622558.686051,-7,-5,21
1761622558.722051,-4,3,26
1761622558.7600508,0,3,34
1761622558.7970507,-1,-4,25
1761622558.8360507,-4,-2,22
1761622558.8720508,4,-5,39
1761622558.9100506,0,-2,44
1761622558.9470508,-2,-3,37
1761622558.9860508,-12,2,31
1761622559.0220506,-4,2,30
1761622559.0600507,-7,1,31
1761622559.097051,0,-4,24
1761622559.1350508,1,-4,22
1761622559.1710508,6,-6,32
1761622559.2080507,0,-1,29
1761622559.2460508,3,0,35
1761622559.2820508,2,-7,35
1761622559.3190508,2,-4,33
1761622559.357051,1,6,32
1761622559.3950508,6,2,31
1761622559.4310508,10,0,23
1761622559.4680507,2,-2,35
1761622559.5070508,1,-3,38
1761622559.5450506,0,-6,31
1761622559.5810506,4,0,25
1761622559.6180508,-4,0,33
1761622559.6560507,-4,10,26
1761622559.6920507,0,2,32
1761622559.7290506,0,-3,34
1761622559.7670507,7,-1,36
1761622559.8060508,9,-3,32
1761622559.8420508,-2,-6,28
1761622559.8810508,-8,-4,27
1761622559.9180508,-1,1,39
1761622559.9560506,-4,0,33
1761622559.9920506,-1,0,28
1761622560.0300508,0,3,36
1761622560.0670507,3,5,35
1761622560.1060507,3,-2,30
1761622560.1420507,-3,-2,35
1761622560.1800506,3,0,35
1761622560.2170508,-3,0,31
1761622560.2530508,-2,-3,32
1761622560.291051,-1,-4,28
1761622560.3290508,1,-1,32
1761622560.3670506,5,-1,34
1761622560.403051,2,-1,39
1761622560.4400508,0,-2,39
1761622560.4780507,-5,4,50
1761622560.5160508,1,-1,39
1761622560.5520508,1,0,41
1761622560.5890508,0,-1,45
1761622560.6270506,-5,-1,42
1761622560.666051,3,-4,45
1761622560.7020507,-2,0,38
1761622560.7390506,-3,-3,30
1761622560.7770507,-10,-3,27
1761622560.8160508,0,-3,23
1761622560.8520508,1,1,33
1761622560.8890507,0,-4,23
1761622560.9270508,-8,0,25
1761622560.9630508,-1,0,37
1761622561.0000508,0,-4,37
1761622561.038051,1,-4,35
1761622561.0760508,0,-2,35
1761622561.1120508,-3,0,30
1761622561.1490507,6,-7,29
1761622561.1870508,9,0,35
1761622561.2230508,5,0,34
1761622561.2600508,1,6,31
1761622561.2980506,-2,0,30
1761622561.337051,-2,3,32
1761622561.3730507,0,-3,26
1761622561.4110508,-7,-8,37
1761622561.449051,-1,0,31
1761622561.4870508,-4,-3,39
1761622561.5240507,-1,-7,46
1761622561.561051,6,2,38
1761622561.5980508,-2,5,25
1761622561.6360507,-4,4,27
1761622561.6720507,-3,0,35
1761622561.709051,-2,6,44
1761622561.7470508,0,-4,35
1761622561.7830508,1,-8,43
1761622561.8200507,3,4,35
1761622561.8580508,2,2,28
1761622561.8960507,-4,-4,32
1761622561.9320507,3,0,31
1761622561.9690506,0,-5,29
1761622562.0070508,-3,-3,33
1761622562.0430508,0,-1,32
1761622562.0800507,0,-12,32
1761622562.1180508,-3,-8,36
1761622562.1540508,0,-4,41
1761622562.1910508,3,-4,40
1761622562.2300508,0,0,46
1761622562.268051,-1,-3,36
1761622562.3040507,4,-3,48
1761622562.3410506,5,3,41
1761622562.3780508,-2,-3,39
1761622562.4170508,-4,1,44
1761622562.4530506,-3,3,34
1761622562.4900508,-9,4,39
1761622562.528051,0,1,34
1761622562.564051,0,0,28
1761622562.6010506,-1,-3,48
1761622562.6390507,5,1,44
1761622562.6770508,5,5,32
1761622562.7130508,6,2,41
1761622562.7510507,6,1,45
1761622562.788051,7,1,37
1761622562.824051,-1,0,37
1761622562.8610508,-2,-2,31
1761622562.8990507,-2,0,26
1761622562.9380507,-4,2,30
1761622562.9740508,-5,4,32
1761622563.0110507,-2,1,30
1761622563.0490508,6,-3,29
1761622563.087051,2,-1,28
1761622563.1230507,6,1,33
1761622563.1600506,4,3,33
1761622563.1980507,4,4,41
1761622563.2340508,2,-1,30
1761622563.2710507,2,-4,39
1761622563.3090508,3,-6,36
1761622563.347051,7,-2,28
1761622563.383051,7,-5,28
1761622563.4200506,1,-4,33
1761622563.459051,-5,-1,48
1761622563.4970508,9,3,47
1761622563.5330508,5,0,28
1761622563.5700507,0,-5,22
1761622563.6080508,-2,6,27
1761622563.6440508,1,1,30
1761622563.6810508,-1,0,34
1761622563.7190506,0,-2,31
1761622563.7570508,1,-3,43
1761622563.7930508,3,-7,42
1761622563.8300507,-5,6,40
1761622563.8690507,-2,6,22
1761622563.9070508,-7,0,31
1761622563.9430506,-2,1,28
1761622563.9810507,-3,-5,29
1761622564.0190508,-4,-4,29
1761622564.0580506,1,2,25
1761622564.0940506,0,6,23
1761622564.1310508,-2,3,24
1761622564.1690507,-6,-6,23
1761622564.2080507,-5,-9,42
1761622564.2440507,-2,-1,32
1761622564.2820508,-9,2,29
1761622564.3190508,-5,0,31
1761622564.3580508,-2,1,26
1761622564.3940508,3,3,30
1761622564.4310508,3,-4,39
1761622564.4690506,0,1,34
1761622564.505051,-5,-7,39
1761622564.5430508,1,0,48
1761622564.5800507,-1,-3,52
1761622564.6190507,-4,-2,29
1761622564.6550508,0,0,38
1761622564.6920507,-2,1,35
1761622564.7290506,-3,-1,40
1761622564.768051,0,-1,37
1761622564.8040507,-4,1,35
1761622564.8420508,-6,-2,35
1761622564.8790507,3,1,24
1761622564.9150507,5,-3,29
1761622564.9520507,-2,3,27
1761622564.9890506,0,-5,36
1761622565.0250506,0,-3,33
1761622565.0630507,-1,-2,17
1761622565.1010506,-2,4,21
1761622565.1390507,9,3,36
1761622565.176051,-4,-1,33
1761622565.2130508,0,1,34
1761622565.2500508,1,-3,30
1761622565.2890508,5,-5,29
1761622565.3250508,-4,0,34
1761622565.3620508,-2,-4,24
1761622565.4000506,-8,-6,31
1761622565.439051,-4,-4,34
1761622565.4750507,-2,-4,28
1761622565.5120506,2,-9,38
1761622565.5500507,3,-9,42
1761622565.5890508,-2,-2,35
1761622565.6250508,-2,-1,32
1761622565.6620507,-3,-6,28
1761622565.7000508,1,-3,32
1761622565.7390506,0,3,34
1761622565.7750506,3,4,27
1761622565.8120508,-5,9,31
1761622565.8500507,2,5,28
1761622565.8880508,0,0,30
1761622565.9240508,-2,-1,36
1761622565.962051,0,-1,31
1761622566.0000508,-4,1,36
1761622566.038051,0,7,38
1761622566.074051,0,3,31
1761622566.1110508,1,0,35
1761622566.1490507,2,7,31
1761622566.1850507,3,3,28
1761622566.222051,2,-8,43
1761622566.2600508,4,-7,28
1761622566.2980506,1,-7,35
1761622566.334051,-2,2,30
1761622566.3710508,-1,-1,28
1761622566.4100506,-1,-4,36
1761622566.4460506,2,5,31
1761622566.4840508,3,-4,30
1761622566.5210507,6,3,33
1761622566.5650508,1,9,33
1761622566.6020508,-4,0,32
1761622566.6400506,-11,-4,36
1761622566.676051,-8,-2,34
1761622566.7130508,1,0,35
1761622566.7500508,-1,0,24
1761622566.7860508,-1,-1,27
1761622566.8230507,5,-7,30
1761622566.860051,0,-4,11
1761622566.8990507,-4,2,16
1761622566.9350507,-5,1,16
1761622566.9730508,-4,-3,22
1761622567.0100508,1,-3,28
1761622567.0460508,0,-1,27
1761622567.0830507,1,-1,28
1761622567.1210508,-9,-9,27
1761622567.1600506,1,-4,30
1761622567.1960506,7,-3,30
1761622567.2330508,0,0,36
1761622567.2710507,0,11,28
1761622567.3090508,-1,7,23
1761622567.3450508,-1,6,32
1761622567.3820508,-1,-3,29
1761622567.4210508,-1,0,27
1761622567.459051,-5,-1,21
1761622567.495051,-6,-6,21
1761622567.5320508,0,-4,20
1761622567.5710506,-1,1,33
1761622567.6090508,-3,-4,32
1761622567.6450508,-3,-3,27
1761622567.6830506,0,-7,32
1761622567.7210507,0,-2,27
1761622567.7590508,2,-3,29
1761622567.7950506,-3,-8,33
1761622567.8330507,1,-10,32
1761622567.8710508,-6,-3,41
1761622567.9090507,-4,-2,30
1761622567.9450507,-7,-1,37
1761622567.9830508,-5,-3,39
1761622568.0210507,2,5,29
1761622568.0600507,-3,2,36
1761622568.0960507,-5,4,38
1761622568.133051,-6,2,33
1761622568.1710508,4,4,31
1761622568.209051,-4,0,28
1761622568.245051,1,0,31
1761622568.2820508,-6,-3,34
1761622568.3210506,-8,2,28
1761622568.3590508,2,-2,27
1761622568.3950508,0,0,38
1761622568.4320507,1,-2,23
1761622568.4710507,2,1,28
1761622568.5090508,4,-1,39
1761622568.5450506,-3,-1,35
1761622568.5820508,-4,2,41
1761622568.620051,-3,1,34
1761622568.6560507,6,5,27
1761622568.6930506,-5,-6,27
1761622568.7310507,6,0,18
1761622568.7670507,0,-1,27
1761622568.8040507,-6,-2,37
1761622568.8420508,0,6,39
1761622568.880051,0,-2,42
1761622568.916051,0,-1,35
1761622568.9530506,1,1,33
1761622568.9910507,2,0,34
1761622569.0270507,4,0,42
1761622569.064051,-2,0,38
1761622569.1010506,-5,-3,28
1761622569.1400506,-8,-3,23
1761622569.176051,1,-5,23
1761622569.2130508,-4,-2,28
1761622569.2510507,-4,1,29
1761622569.2900507,-2,0,28
1761622569.3260508,-2,0,26
1761622569.3630507,-3,-6,20
1761622569.4010508,-6,-9,22
1761622569.4400508,-6,-6,36
1761622569.4760506,2,0,27
1761622569.5130508,1,2,31
1761622569.551051,0,0,24
1761622569.587051,1,4,27
1761622569.6250508,0,1,34
1761622569.6620507,-1,-6,29
1761622569.7010508,3,-5,34
1761622569.7370508,-2,-1,42
1761622569.7750506,-2,3,28
1761622569.8130507,-9,5,22
1761622569.8510506,-3,-5,41
1761622569.8870506,1,1,35
1761622569.9250507,-2,2,38
1761622569.962051,-4,-4,39
1761622570.0010507,-4,-2,43
1761622570.0370507,-2,0,32
1761622570.0750508,-2,-1,31
1761622570.1130507,-5,-5,35
1761622570.1520507,7,-8,41
1761622570.1900508,-3,-1,25
1761622570.2260506,-1,1,27
1761622570.2630508,-2,-1,37
1761622570.3020508,0,2,28
1761622570.3400507,8,-3,28
1761622570.3760507,3,-6,32
1761622570.413051,2,0,30
1761622570.4520507,0,-5,32
1761622570.4900508,0,0,32
1761622570.5260508,-4,3,46
1761622570.5630507,0,2,31
1761622570.6010506,2,-1,24
1761622570.6370506,-2,0,35
1761622570.6740508,-4,-4,30
1761622570.712051,-5,0,28
1761622570.7480507,-5,1,27
1761622570.7850506,-3,4,29
1761622570.824051,-2,2,21
1761622570.8620508,-3,4,26
1761622570.8980508,2,1,29
1761622570.9350507,5,-7,32
1761622570.972051,1,-1,38
1761622571.0110507,-2,0,38
1761622571.0470507,0,-2,34
1761622571.084051,5,-4,30
1761622571.1220508,1,-3,33
1761622571.1580508,6,-2,36
1761622571.1950507,0,0,43
1761622571.232051,-2,3,28
1761622571.268051,-8,2,31
1761622571.3050506,0,-4,41
1761622571.3430507,2,1,37
1761622571.3810508,0,0,27
1761622571.4170508,-4,-7,24
1761622571.4540508,-5,-7,30
1761622571.4920506,-2,-2,27
1761622571.5310507,-8,-1,31
1761622571.5670507,2,6,27
1761622571.6040506,1,-2,42
1761622571.6420507,-8,2,37
1761622571.6780508,0,2,35
1761622571.7150507,-4,3,39
1761622571.7530508,0,0,33
1761622571.791051,-2,-2,37
1761622571.8280506,-1,0,40
1761622571.8650508,6,1,38
1761622571.903051,1,-1,32
1761622571.9410508,1,-1,24
1761622571.9770508,4,-1,38
1761622572.0140507,4,-1,44
1761622572.0520508,7,-8,41
1761622572.0880508,1,0,32
1761622572.1260507,2,-2,22
1761622572.163051,-1,1,28
1761622572.2010508,6,-6,28
1761622572.2370508,4,-1,35
1761622572.2740507,3,-2,37
1761622572.3120508,0,-1,41
1761622572.3480508,3,2,31
1761622572.3850508,2,1,37
1761622572.4230506,3,1,30
1761622572.4610507,-3,2,33
1761622572.4970508,-3,0,33
1761622572.5340507,1,7,35
1761622572.5720508,2,0,32
1761622572.6080508,-3,-2,37
1761622572.6450508,-8,-2,25
1761622572.6830506,-3,-5,28
1761622572.722051,1,-2,35
1761622572.758051,0,0,39
1761622572.7950506,-1,6,41
1761622572.8330507,-3,1,41
1761622572.8690507,0,0,44
1761622572.9060507,-6,-6,41
1761622572.9440508,-8,-2,28
1761622572.9830508,-3,0,34
1761622573.0190508,-3,1,48
1761622573.0560508,-4,0,48
1761622573.0940506,-3,0,33
1761622573.1320508,1,-3,27
1761622573.1680508,3,-6,39
1761622573.2050507,5,-5,40
1761622573.2430508,1,2,32
1761622573.2790508,0,1,28
1761622573.3160508,5,-2,51
1761622573.3530507,-1,-2,39
1761622573.3920507,-2,-9,35
1761622573.4280508,4,-4,32
1761622573.4650507,-2,0,30
1761622573.5030508,0,1,43
1761622573.5390508,0,-3,37
1761622573.5760508,0,-2,38
1761622573.6130507,-3,-3,32
1761622573.6520507,0,2,30
1761622573.6880507,-3,1,37
1761622573.7250507,-1,-2,25
1761622573.7640507,2,2,32
1761622573.8020508,-1,0,38
1761622573.8380508,0,2,45
1761622573.8750508,-7,-3,46
1761622573.9140508,-5,-4,40
1761622573.9520507,-3,-2,32
1761622573.9880507,-3,0,44
1761622574.0250506,3,-1,37
1761622574.0630507,0,-3,38
1761622574.0990508,3,-1,35
1761622574.1360507,-2,0,35
1761622574.1740508,4,0,40
1761622574.212051,3,2,40
1761622574.2480507,9,3,37
1761622574.2850506,10,2,38
1761622574.324051,6,-4,44
1761622574.3620508,0,0,27
1761622574.3980508,-1,-1,33
1761622574.4350507,1,-5,34
1761622574.4740508,-1,0,36
1761622574.5120506,-3,3,27
1761622574.5480506,2,0,28
1761622574.5850508,3,-6,19
1761622574.6240506,6,-6,36
1761622574.6620507,1,-1,27
1761622574.6980507,8,-2,37
1761622574.735051,0,-1,31
1761622574.7730508,4,-2,29
1761622574.8090508,6,-4,23
1761622574.8460507,2,-1,24
1761622574.8840508,4,-2,32
1761622574.9230506,-4,-9,39
1761622574.959051,2,-6,39
1761622574.9960508,-3,-4,36
1761622575.0340507,-3,-2,43
1761622575.0730507,0,0,29
1761622575.1090508,0,-3,35
1761622575.1460507,0,-2,27
1761622575.1840508,0,-6,28
1761622575.2200508,-1,-6,27
1761622575.2570508,1,-2,55
1761622575.2940507,6,-2,55
1761622575.3330507,0,-8,46
1761622575.3690507,-8,-3,28
1761622575.4060507,4,3,37
1761622575.4440508,2,4,42
1761622575.4800508,-2,0,30
1761622575.5170507,4,0,31
1761622575.5540507,7,-3,28
1761622575.5930507,2,-7,24
1761622575.6290507,4,0,31
1761622575.666051,0,2,51
1761622575.7040508,-5,-2,39
1761622575.7430508,-1,-4,30
1761622575.7790508,1,0,25
1761622575.8160508,-2,0,27
1761622575.8540506,0,-5,24
1761622575.8900506,0,-4,28
1761622575.9270508,-3,-3,35
1761622575.9650507,1,-3,34
1761622576.0040507,-7,-1,35
1761622576.0400507,-1,-2,32
1761622576.0770507,-2,-1,29
1761622576.1150508,1,0,30
1761622576.153051,9,0,32
1761622576.189051,6,-3,34
1761622576.2270508,-1,-3,32
1761622576.2650506,0,-4,24
1761622576.3030508,0,-10,34
1761622576.3390508,-1,-2,37
1761622576.3770506,1,-3,48
1761622576.4150507,-5,-3,40
1761622576.4530506,-7,0,31
1761622576.4890506,0,-1,38
1761622576.5260508,-3,0,30
1761622576.5700507,-4,6,38
1761622576.6090508,-1,0,42
1761622576.6470506,5,4,25
1761622576.6850507,-2,-1,33
1761622576.7230508,-3,2,31
1761622576.7590508,-9,1,26
1761622576.7970507,-8,0,31
1761622576.8350508,0,2,29
1761622576.8730507,-1,2,21
1761622576.9090507,4,-5,30
1761622576.9470508,3,2,29
1761622576.985051,0,-2,34
1761622577.0230508,-4,-3,35
1761622577.0590508,-2,-6,40
1761622577.097051,-3,-2,31
1761622577.1360507,-2,2,22
1761622577.1740508,-5,2,22
1761622577.2100508,-3,3,27
1761622577.2470508,4,-2,31
1761622577.2860508,-1,0,33
1761622577.324051,-1,0,27
1761622577.360051,0,-4,32
1761622577.3970506,-1,0,42
1761622577.4350507,-2,-3,30
1761622577.4710507,-2,2,35
1761622577.508051,2,0,35
1761622577.5450506,-5,-3,37
1761622577.584051,4,-4,42
1761622577.620051,9,1,44
1761622577.6570508,8,-4,37
1761622577.6950507,-3,-6,34
1761622577.7310507,-1,-4,50
1761622577.768051,-1,-6,37
1761622577.8060508,3,-7,36
1761622577.8450508,-5,-7,29
1761622577.8810508,-6,-3,29
1761622577.9200506,-8,-8,26
1761622577.9570508,-3,-9,23
1761622577.9960508,7,-3,36
1761622578.0340507,2,-1,33
1761622578.0700507,0,-4,23
1761622578.107051,5,-5,31
1761622578.1450508,-1,-1,29
1761622578.1810508,4,3,34
1761622578.2190506,-1,3,31
1761622578.2560508,2,-1,42
1761622578.2940507,0,0,31
1761622578.3300507,3,-6,29
1761622578.3670506,-1,-5,34
1761622578.4060507,-8,7,32
1761622578.4440508,2,5,21
1761622578.4800508,1,-4,24
1761622578.5170507,0,0,34
1761622578.5550506,2,3,35
1761622578.5910506,5,-1,34
1761622578.6280508,-1,0,33
1761622578.666051,-4,5,36
1761622578.7040508,-4,1,31
1761622578.7400508,-8,3,41
1761622578.7770507,-7,-2,39
1761622578.8160508,4,-6,37
1761622578.8540506,-4,-2,31
1761622578.8900506,3,-2,34
1761622578.9270508,1,-3,37
1761622578.9660506,-9,-4,34
1761622579.0040507,0,-5,40
1761622579.0400507,2,-5,39
1761622579.0770507,-1,-1,34
1761622579.1160507,3,-2,32
1761622579.1540508,-5,-3,31
1761622579.1900508,-1,0,32
1761622579.2270508,-10,0,22
1761622579.2650506,-1,1,34
1761622579.301051,-1,-3,27
1761622579.3390508,2,-2,30
1761622579.3760507,-3,1,20
1761622579.4120507,-7,-3,34
1761622579.449051,-2,-1,20
1761622579.4870508,1,2,25
1761622579.5250506,7,6,36
1761622579.561051,0,2,36
1761622579.5990508,-2,-1,33
1761622579.6370506,-2,0,33
1761622579.6750507,-3,0,33
1761622579.7110507,-1,-4,37
1761622579.7480507,0,-1,29
1761622579.7860508,0,2,17
1761622579.8220508,-2,-9,29
1761622579.8590508,-8,-8,38
1761622579.8970506,-2,0,36
1761622579.9350507,-4,-3,34
1761622579.972051,3,-2,42
1761622580.0090508,2,0,38
1761622580.0470507,-1,-5,39
1761622580.0860507,1,-5,42
1761622580.1220508,1,-4,35
1761622580.1590507,1,0,32
1761622580.1970508,1,1,30
1761622580.235051,-3,0,26
1761622580.2710507,2,-1,29
1761622580.3090508,1,0,32
1761622580.347051,2,-9,31
1761622580.3850508,1,-7,33
1761622580.4210508,0,-5,25
1761622580.459051,6,3,41
1761622580.4970508,5,-2,42
1761622580.5350506,6,-11,38
1761622580.5710506,-2,-5,42
1761622580.6080508,0,0,33
1761622580.6460507,6,0,36
1761622580.6820507,4,0,45
1761622580.7190506,0,-2,38
1761622580.7570508,0,0,36
1761622580.7950506,4,3,44
1761622580.8310506,0,0,33
1761622580.8690507,2,-1,36
1761622580.9070508,4,-5,33
1761622580.9450507,-5,-1,40
1761622580.9810507,2,-1,31
1761622581.0190508,1,-5,47
1761622581.0570507,5,-2,27
1761622581.0950508,0,-7,36
1761622581.1310508,-6,-4,31
1761622581.1690507,-4,-1,38
1761622581.2070508,5,-5,38
1761622581.2460508,1,-4,33
1761622581.2820508,0,-8,39
1761622581.3190508,6,-5,30
1761622581.357051,1,-5,25
1761622581.3950508,-2,-5,27
1761622581.4310508,0,-5,23
1761622581.4680507,1,-8,31
1761622581.5070508,1,-3,34
1761622581.5430508,-1,-1,36
1761622581.5800507,0,-1,31
1761622581.6170506,0,0,29
1761622581.653051,6,-6,30
1761622581.6900508,4,-4,40
1761622581.7270508,4,0,47
1761622581.7630508,-3,-3,43
1761622581.8000507,-5,-9,37
1761622581.8380508,1,0,31
1761622581.8760507,2,0,27
1761622581.9120507,5,0,25
1761622581.949051,0,0,32
1761622581.9870508,0,-2,26
1761622582.0230508,-3,0,25
1761622582.0600507,0,-1,34
1761622582.097051,0,2,30
1761622582.133051,0,0,32
1761622582.1700506,0,6,30
1761622582.2070508,2,-2,34
1761622582.2430508,3,-2,33
1761622582.2810507,0,-3,40
1761622582.3180506,-6,-4,34
1761622582.357051,-4,-2,29
1761622582.393051,-4,-4,35
1761622582.4310508,-2,0,38
1761622582.4680507,0,-1,32
1761622582.5070508,4,0,37
1761622582.5430508,2,-2,42
1761622582.5800507,6,-9,44
1761622582.6180508,0,-10,31
1761622582.6560507,2,-9,37
1761622582.6920507,6,-5,38
1761622582.7290506,-1,-8,38
1761622582.768051,-6,6,28
1761622582.8060508,5,-2,28
1761622582.8420508,2,0,33
1761622582.880051,7,-5,38
1761622582.9180508,11,-13,44
1761622582.9560506,4,-5,37
1761622582.9920506,0,-4,37
1761622583.0290508,-3,3,31
1761622583.0680506,0,-2,29
1761622583.1060507,6,5,32
1761622583.1420507,1,4,31
1761622583.1790507,0,0,33
1761622583.2180507,2,0,39
1761622583.2560508,-2,-1,25
1761622583.2920508,0,-1,24
1761622583.3290508,6,-4,34
1761622583.3680508,-6,-2,35
1761622583.4060507,2,0,37
1761622583.4420507,2,-7,34
1761622583.4790506,-2,-5,37
1761622583.518051,2,0,26
1761622583.5560508,1,0,30
1761622583.5920508,3,-2,33
1761622583.6290507,-1,0,36
1761622583.6670508,-9,0,42
1761622583.7030506,-3,3,36
1761622583.7400508,-7,1,31
1761622583.778051,-3,1,23
1761622583.814051,0,0,31
1761622583.8510506,0,-2,34
1761622583.8880508,1,1,24
1761622583.9270508,-2,6,36
1761622583.9630508,-2,5,30
1761622584.0020506,-3,2,27
1761622584.0390508,-4,-8,29
1761622584.0780506,0,-8,14
1761622584.1140506,-1,-1,36
1761622584.1510508,0,-6,35
1761622584.1880507,-7,-4,36
1761622584.2270508,4,-10,29
1761622584.2630508,3,-7,37
1761622584.3000507,-7,-5,36
1761622584.3380508,3,-2,31
1761622584.3770506,0,-6,31
1761622584.413051,-1,-3,28
1761622584.4500508,4,-1,39
1761622584.4880507,2,0,34
1761622584.5240507,-1,0,30
1761622584.561051,3,-7,15
1761622584.5980508,1,0,16
1761622584.6340508,3,-3,26
1761622584.6710508,-4,-2,28
1761622584.709051,-4,-5,30
1761622584.7480507,-2,2,27
1761622584.7840507,-5,3,38
1761622584.8210506,6,-1,32
1761622584.8590508,10,0,20
1761622584.8970506,1,5,33
1761622584.9330506,0,-2,34
1761622584.9700508,-9,-2,40
1761622585.0090508,0,-9,47
1761622585.0470507,4,-7,51
1761622585.0830507,0,-5,48
1761622585.1210508,4,-7,39
1761622585.1590507,0,-2,47
1761622585.1970508,0,3,31
1761622585.2340508,-2,0,35
1761622585.2710507,-2,-5,33
1761622585.3090508,0,-6,38
1761622585.347051,-4,-6,37
1761622585.383051,0,-4,40
1761622585.4210508,-7,-2,17
1761622585.459051,2,-4,21
1761622585.4970508,0,3,24
1761622585.5330508,0,0,34
1761622585.5700507,0,-1,41
1761622585.6090508,-2,-4,41
1761622585.6470506,-4,-2,22
1761622585.6830506,0,-4,29
1761622585.7200508,-2,1,30
1761622585.758051,1,5,25
1761622585.7940507,-2,-1,38
1761622585.8320508,-1,-3,24
1761622585.870051,5,-3,30
1761622585.9080508,-1,0,31
1761622585.9440508,-3,-11,29
1761622585.982051,-5,-4,31
1761622586.0200508,-3,-4,29
1761622586.0590508,-4,-2,33
1761622586.0950508,2,-2,25
1761622586.1320508,-3,0,16
1761622586.1700506,-2,-4,33
1761622586.209051,-1,-5,33
1761622586.245051,7,4,40
1761622586.2820508,-3,0,37
1761622586.3200507,-2,5,31
1761622586.3580508,1,-2,26
1761622586.3940508,-6,0,27
1761622586.4320507,0,-1,41
1761622586.4690506,0,4,37
1761622586.505051,-6,-3,38
1761622586.5420508,-5,4,39
1761622586.5880508,1,2,25
1761622586.6240506,0,6,32
1761622586.6620507,0,0,42
1761622586.699051,8,1,35
1761622586.735051,6,7,39
1761622586.7720506,1,3,41
1761622586.8100507,2,1,32
1761622586.8480508,0,4,42
1761622586.8840508,0,0,31
1761622586.9210508,-1,-5,46
1761622586.9600508,3,-2,35
1761622586.9980507,0,0,33
1761622587.0340507,-5,-4,38
1761622587.0710506,-6,-8,31
1761622587.110051,-3,-5,32
1761622587.1480508,-8,-4,40
1761622587.1840508,-5,-1,27
1761622587.2210507,1,-1,35
1761622587.2590508,-6,2,39
1761622587.2950506,-7,-3,26
1761622587.3330507,5,-8,28
1761622587.370051,1,-8,31
1761622587.4080508,2,-4,33
1761622587.4440508,0,-2,32
1761622587.4810507,-1,-1,28
1761622587.5200508,-7,-4,17
1761622587.5580506,3,-4,24
1761622587.5940506,8,-4,36
1761622587.6310508,0,-2,34
1761622587.6700506,-4,-6,32
1761622587.7080507,2,0,38
1761622587.7440507,-3,-6,32
1761622587.7810507,6,-6,33
1761622587.8190508,0,-1,28
1761622587.8550508,-3,-5,26
1761622587.893051,-2,0,37
1761622587.9310508,-5,-3,36
1761622587.9690506,-8,-2,21
1761622588.005051,-2,-2,13
1761622588.0440507,2,0,25
1761622588.0810506,6,-10,30
1761622588.120051,-9,-11,29
1761622588.1560507,-11,-3,25
1761622588.1940508,-4,1,23
1761622588.2310507,13,0,34
1761622588.2690508,0,3,37
1761622588.3050506,-6,2,37
1761622588.3420508,-2,-2,31
1761622588.380051,-2,-2,38
1761622588.4190507,-7,-1,36
1761622588.4550507,1,0,26
1761622588.4920506,1,-6,34
1761622588.5300508,1,-2,28
1761622588.5660508,0,-6,43
1761622588.6040506,-4,-9,32
1761622588.6410508,5,-5,36
1761622588.6790507,-2,-2,42
1761622588.7150507,0,-6,33
1761622588.7520506,-1,2,40
1761622588.7900507,-3,0,35
1761622588.8290508,-2,2,31
1761622588.8650508,0,-4,36
1761622588.9020507,-7,-6,39
1761622588.9410508,0,0,35
1761622588.9790506,1,5,35
1761622589.0150506,-4,8,30
1761622589.0520508,0,6,33
1761622589.0910506,-1,7,27
1761622589.1290507,-6,1,24
1761622589.1650507,-1,2,38
1761622589.2020507,4,3,38
1761622589.2410507,-2,-6,44
1761622589.2790508,-5,-2,40
1761622589.3150508,-12,-1,44
1761622589.3520508,1,0,39
1761622589.3910508,-1,2,41
1761622589.4290507,-2,-4,25
1761622589.4650507,0,-1,24
1761622589.5020506,6,-7,17
1761622589.541051,5,-4,28
1761622589.5790508,-6,-4,29
1761622589.6150508,-4,-2,31
1761622589.6520507,-2,2,26
1761622589.6910508,2,4,32
1761622589.7290506,3,3,47
1761622589.7650506,-4,1,34
1761622589.8030508,-1,-2,37
1761622589.8410506,2,4,31
1761622589.880051,1,0,39
1761622589.916051,-4,0,38
1761622589.9530506,-4,0,38
1761622589.9910507,2,0,40
1761622590.0290508,-1,0,45
1761622590.0650508,-6,1,44
1761622590.1040506,-5,0,44
1761622590.1410508,3,2,39
1761622590.1770508,10,0,37
1761622590.2150507,6,0,33
1761622590.2520506,0,-1,36
1761622590.2900507,0,-6,39
1761622590.3260508,-6,1,27
1761622590.3630507,0,0,40
1761622590.4010508,-2,9,27
1761622590.4370508,2,5,26
1761622590.4740508,-4,-2,28
1761622590.5130508,2,0,27
1761622590.551051,-2,1,34
1761622590.587051,-2,1,30
1761622590.6240506,-10,-2,37
1761622590.6620507,0,0,33
1761622590.7000508,-1,1,32
1761622590.7360508,-1,0,21
1761622590.7730508,2,-4,36
1761622590.811051,8,-2,28
1761622590.8500507,-3,-1,21
1761622590.8860507,2,-6,27
1761622590.9230506,2,-8,34
1761622590.9610507,8,-5,27
1761622590.9970508,4,-1,43
1761622591.0340507,-8,-8,42
1761622591.0730507,-1,-7,35
1761622591.1110508,3,-6,20
1761622591.1470506,0,-8,24
1761622591.1840508,0,1,35
1761622591.222051,-2,-3,28
1761622591.2600508,9,0,28
1761622591.2960508,5,-9,35
1761622591.3330507,-2,-5,36
1761622591.3720508,0,0,32
1761622591.4100506,-2,0,22
1761622591.4460506,-4,-8,25
1761622591.4830508,1,0,40
1761622591.5220506,-6,-11,37
1761622591.5600507,-2,-1,39
1761622591.5960507,2,0,42
1761622591.633051,-1,-9,46
1761622591.6720507,-1,-2,35
1761622591.7100508,-6,-1,28
1761622591.7460508,-4,-3,29
1761622591.7850506,-7,2,33
1761622591.8220508,-1,4,30
1761622591.860051,0,0,26
1761622591.8960507,0,-1,33
1761622591.9340508,1,-5,36
1761622591.972051,1,0,41
1761622592.0100508,0,2,29
1761622592.0460508,6,0,27
1761622592.084051,12,-5,40
1761622592.1220508,3,-9,33
1761622592.1610508,0,0,33
1761622592.1970508,2,5,21
1761622592.2340508,0,0,21
1761622592.2720506,8,2,38
1761622592.3100507,5,-2,32
1761622592.3460507,4,-7,31
1761622592.3840508,0,-7,29
1761622592.4220507,-2,-3,28
1761622592.4580507,3,0,32
1761622592.495051,2,3,41
1761622592.5320508,-1,2,40
1761622592.5680506,-5,1,31
1761622592.6050508,-3,-2,17
1761622592.643051,2,-9,34
1761622592.6810508,-7,-6,37
1761622592.7170508,0,-6,29
1761622592.755051,1,0,34
1761622592.7930508,0,-2,33
1761622592.8310506,0,-5,36
1761622592.8670506,3,-4,46
1761622592.9040508,-4,-1,33
1761622592.9420507,0,-6,34
1761622592.9810507,2,-6,28
1761622593.0170507,0,-4,25
1761622593.0540507,1,-4,29
1761622593.0920508,-1,-3,30
1761622593.1280508,-1,2,29
1761622593.166051,-6,2,39
1761622593.2030506,-3,10,34
1761622593.2410507,0,8,35
1761622593.2770507,-9,4,51
1761622593.314051,-2,-9,44
1761622593.3530507,-6,-8,45
1761622593.3910508,-4,2,35
1761622593.4280508,-4,2,38
1761622593.4650507,6,0,44
1761622593.5030508,-5,1,32
1761622593.541051,0,0,36
1761622593.5780506,0,2,30
1761622593.6150508,-3,0,32
1761622593.653051,4,2,37
1761622593.6910508,5,0,34
1761622593.7270508,5,0,27
1761622593.7640507,3,4,37
1761622593.8020508,-6,-2,32
1761622593.8380508,-4,-2,25
1761622593.8750508,-2,-2,35
1761622593.913051,-1,4,34
1761622593.9510508,-5,1,38
1761622593.9870508,-3,0,40
1761622594.0240507,6,-9,42
1761622594.0620508,-4,-7,41
1761622594.0980508,-2,-3,28
1761622594.1350508,-2,-2,38
1761622594.1730506,-5,1,21
1761622594.212051,0,-8,34
1761622594.2480507,-5,0,32
1761622594.2860508,-8,-4,29
1761622594.324051,2,-1,25
1761622594.3620508,7,-7,24
1761622594.3980508,2,-5,33
1761622594.436051,0,-8,32
1761622594.4740508,-3,-4,39
1761622594.5130508,-3,1,31
1761622594.5490508,-5,2,22
1761622594.5860507,-3,0,36
1761622594.6230507,-5,0,25
1761622594.6590507,0,0,38
1761622594.6960506,1,2,37
1761622594.7340508,1,3,40
1761622594.7720506,-3,3,39
1761622594.8080506,3,0,38
1761622594.8450508,0,0,34
1761622594.883051,0,1,41
1761622594.9190507,-3,1,35
1761622594.9560506,-4,-2,29
1761622594.9940507,3,-6,34
1761622595.0320508,-1,-3,26
1761622595.0680506,-6,-2,19
1761622595.1060507,-4,-1,20
1761622595.1440508,1,2,23
1761622595.1820507,10,-4,31
1761622595.2180507,8,4,28
1761622595.255051,1,0,30
1761622595.2930508,1,-3,36
1761622595.3290508,1,-3,27
1761622595.3660507,0,0,37
1761622595.4040508,0,-2,32
1761622595.4430506,-3,-2,32
1761622595.4800508,-2,0,32
1761622595.5170507,11,-3,36
1761622595.5550506,2,0,47
1761622595.5930507,-1,-1,27
1761622595.6290507,4,0,36
1761622595.666051,-1,4,27
1761622595.7040508,0,1,31
1761622595.7420506,-6,4,22
1761622595.778051,-3,3,22
1761622595.8150508,-4,3,38
1761622595.8530507,-2,3,26
1761622595.8890507,-4,6,28
1761622595.926051,-3,-4,21
1761622595.9640508,-3,-7,29
1761622596.0030508,-1,-3,20
1761622596.0390508,6,-5,28
1761622596.0760508,3,-1,36
1761622596.1140506,6,-4,38
1761622596.1520507,-2,0,39
1761622596.1880507,-1,-4,41
1761622596.2250507,4,1,35
1761622596.2640507,0,7,39
1761622596.3020508,6,-3,36
1761622596.3380508,8,-1,40
1761622596.3750508,-2,-7,36
1761622596.4140508,-5,1,32
1761622596.4520507,-6,-3,29
1761622596.4880507,3,-1,36
1761622596.5250506,-6,4,29
1761622596.564051,-4,1,31
1761622596.6080508,-1,-1,38
1761622596.6460507,0,-8,32
1761622596.6840508,0,1,35
1761622596.7200508,3,-2,22
1761622596.7570508,2,0,28
1761622596.7950506,7,-1,23
1761622596.8330507,8,0,36
1761622596.8690507,6,2,42
1761622596.9060507,2,4,26
1761622596.9440508,-7,-4,21
1761622596.9800508,-2,1,24
1761622597.018051,0,-2,22
1761622597.0550506,-5,2,28
1761622597.0930507,-1,8,33
1761622597.1290507,-3,11,37
1761622597.1670508,-7,5,31
1761622597.2060506,2,6,30
1761622597.2440507,-5,1,35
1761622597.2800508,2,2,34
1761622597.3170507,6,-1,38
1761622597.3550508,-1,-6,39
1761622597.3940508,5,0,36
1761622597.4300506,2,0,35
1761622597.4670508,4,-4,41
1761622597.505051,5,-7,42
1761622597.5430508,2,-2,37
1761622597.5790508,4,-3,41
1761622597.6160507,0,-6,42
1761622597.6550508,7,0,41
1761622597.6930506,3,1,36
1761622597.7290506,0,-4,28
1761622597.7660508,-1,-1,26
1761622597.8050506,-2,-5,37
1761622597.8430507,-2,-6,31
1761622597.8790507,-10,-5,25
1761622597.916051,-2,-11,33
1761622597.9550507,-7,-5,35
1761622597.9930508,1,-3,37
1761622598.0290508,0,-2,34
1761622598.0660508,3,-1,31
1761622598.1040506,3,0,40
1761622598.1400506,4,-1,39
1761622598.1770508,2,-7,29
1761622598.2150507,-1,-8,31
1761622598.2540507,-10,1,32
1761622598.2900507,-3,-6,31
1761622598.3270507,-5,-1,34
1761622598.3650508,-3,-3,35
1761622598.4040508,3,-1,18
1761622598.4400508,7,-1,31
1761622598.4770508,7,1,33
1761622598.5150506,6,-2,33
1761622598.5530508,10,0,32
1761622598.5890508,3,0,29
1761622598.6260507,-2,0,29
1761622598.6640508,4,7,31
1761622598.7000508,1,3,26
1761622598.7370508,1,0,33
1761622598.7750506,-7,2,42
1761622598.8130507,-9,-2,36
1761622598.8500507,-4,-3,33
1761622598.8880508,-4,1,25
1761622598.9250507,-3,2,25
1761622598.9610507,-6,-1,15
1761622598.9990506,-5,0,26
1761622599.0370507,2,-1,27
1761622599.0750508,-6,-3,33
1761622599.1110508,-1,-4,32
1761622599.1490507,1,-6,26
1761622599.186051,10,-7,33
1761622599.2250507,2,-3,33
1761622599.2610507,3,-1,25
1761622599.2990508,-1,-4,29
1761622599.337051,-9,1,36
1761622599.3750508,-1,-4,36
1761622599.4110508,1,-1,19
1761622599.4480507,-5,-7,32
1761622599.4860508,-6,-5,22
1761622599.5250506,-4,-8,36
1761622599.561051,-2,-13,36
1761622599.5980508,0,-10,38
1761622599.6350508,2,-5,43
1761622599.6710508,3,0,30
1761622599.709051,0,3,39
1761622599.7460508,1,2,33
1761622599.7840507,0,1,35
1761622599.8200507,-7,-1,26
1761622599.857051,0,-3,28
1761622599.8950508,0,-6,24
1761622599.9310508,0,-4,40
1761622599.9680507,-1,-2,28
1761622600.0060508,-2,-6,25
1761622600.0450506,2,-1,31
1761622600.0810506,2,2,36
1761622600.1180508,-5,1,24
1761622600.1560507,4,-8,29
1761622600.1940508,1,1,44
1761622600.2300508,4,7,28
1761622600.2670507,-6,1,34
1761622600.3050506,-1,4,40
1761622600.3410506,-5,2,35
1761622600.3790507,-2,-1,28
1761622600.4170508,-4,1,29
1761622600.4550507,-1,0,34
1761622600.4920506,5,0,34
1761622600.5290508,0,-6,39
1761622600.5670507,0,-6,39
1761622600.6060507,0,-3,33
1761622600.6440508,5,2,27
1761622600.6800506,3,-6,40
1761622600.7170508,0,-2,32
1761622600.7560508,2,-2,25
1761622600.7940507,-7,-5,22
1761622600.8300507,0,-4,30
1761622600.8680508,6,4,37
1761622600.9060507,4,9,36
1761622600.9440508,8,0,32
1761622600.9800508,2,-2,33
1761622601.0170507,1,0,28
1761622601.0550506,0,-1,35
1761622601.0910506,0,-1,30
1761622601.1290507,9,3,29
1761622601.166051,3,0,28
1761622601.2020507,3,-4,35
1761622601.2390506,2,-5,34
1761622601.2770507,1,1,34
1761622601.3150508,-1,1,34
1761622601.3510506,-5,3,26
1761622601.3890507,-5,-4,40
1761622601.4270508,4,-2,32
1761622601.4650507,2,0,37
1761622601.5010507,4,-1,29
1761622601.538051,6,1,26
1761622601.5760508,-3,2,30
1761622601.6150508,-6,1,23
1761622601.6510508,-2,-1,31
1761622601.689051,2,0,48
1761622601.7260506,-1,6,43
1761622601.7650506,1,6,21
1761622601.801051,1,0,23
1761622601.8390508,6,-5,27
1761622601.8760507,1,-6,22
1761622601.9150507,0,-1,32
1761622601.9510508,-3,-4,38
1761622601.9880507,-5,0,35
1761622602.0270507,0,-1,36
1761622602.0650508,-2,-1,27
1761622602.1010506,5,0,35
1761622602.1380508,1,-7,33
1761622602.1770508,-3,-2,29
1761622602.2150507,-6,-1,43
1761622602.2510507,-1,-1,41
1761622602.288051,13,3,29
1761622602.3260508,5,-5,27
1761622602.3620508,3,-2,39
1761622602.4000506,3,-1,40
1761622602.4370508,2,7,28
1761622602.4750507,5,0,22
1761622602.5110507,-1,-3,29
1761622602.5480506,-5,0,41
1761622602.587051,-2,0,49
1761622602.6250508,2,-1,24
1761622602.6610508,-1,-2,29
1761622602.6980507,-2,0,23
1761622602.7370508,3,-2,39
1761622602.7750506,1,0,27
1761622602.811051,0,-3,25
1761622602.8480508,0,2,37
1761622602.8870506,2,-3,32
1761622602.9250507,2,0,37
1761622602.9610507,6,0,30
1761622602.9980507,5,1,19
1761622603.0370507,6,-1,41
1761622603.0750508,0,0,33
1761622603.1110508,0,1,32
1761622603.1480508,4,-6,14
1761622603.1870508,-3,-2,31
1761622603.2230508,0,2,35
1761622603.2610507,1,-3,35
1761622603.2990508,-3,-5,30
1761622603.3380508,3,-5,33
1761622603.3760507,4,1,32
1761622603.4120507,1,-2,30
1761622603.449051,-10,-3,28
1761622603.4880507,-1,-6,31
1761622603.5260508,5,-5,29
1761622603.5620508,0,-4,21
1761622603.5990508,-4,-3,29
1761622603.6380508,2,-1,14
1761622603.676051,-1,-6,31
1761622603.712051,-1,0,32
1761622603.7490506,0,2,36
1761622603.7870507,0,-1,36
1761622603.8230507,-5,1,32
1761622603.860051,-3,0,32
1761622603.8980508,-8,-7,37
1761622603.9370508,0,-1,35
1761622603.9730508,4,1,36
1761622604.0100508,1,-4,28
1761622604.0480506,5,0,37
1761622604.0860507,0,2,22
1761622604.1220508,1,-1,28
1761622604.1590507,7,0,32
1761622604.1970508,8,0,30
1761622604.2330508,9,-10,24
1761622604.2700508,0,-9,22
1761622604.3080506,2,-3,32
1761622604.3460507,-2,-5,32
1761622604.3820508,-4,1,27
1761622604.4190507,-1,4,33
1761622604.4570508,2,3,33
1761622604.4930508,4,-1,26
1761622604.5300508,-6,1,38
1761622604.5680506,-8,-5,31
1761622604.6060507,-12,3,22
1761622604.643051,-2,-2,33
1761622604.6800506,-6,-9,36
1761622604.7190506,-9,-7,41
1761622604.7570508,0,-3,30
1761622604.7930508,0,-2,30
1761622604.8300507,1,3,41
1761622604.8680508,-3,-3,37
1761622604.9060507,0,-4,37
1761622604.9420507,0,2,48
1761622604.9790506,-2,2,32
1761622605.0170507,-1,4,24
1761622605.0530508,-1,1,33
1761622605.0900507,-6,4,27
1761622605.1280508,-8,1,26
1761622605.166051,-1,0,21
1761622605.2020507,5,3,31
1761622605.2390506,2,0,36
1761622605.2770507,3,3,29
1761622605.3130507,-1,-1,29
1761622605.3500507,2,2,37
1761622605.3880508,1,-2,31
1761622605.4240508,-5,-2,34
1761622605.4610507,-4,1,34
1761622605.4980507,4,-1,23
1761622605.5340507,0,1,22
1761622605.5710506,-5,-2,32
1761622605.6090508,0,4,26
1761622605.6470506,-4,0,34
1761622605.6830506,-1,-2,44
1761622605.7200508,0,1,29
1761622605.758051,-3,-4,37
1761622605.7940507,-3,1,47
1761622605.8310506,0,-2,31
1761622605.8680508,-3,6,31
1761622605.9040508,-7,2,38
1761622605.9410508,0,-1,34
1761622605.9780507,0,3,29
1761622606.0140507,-3,1,26
1761622606.051051,0,8,32
1761622606.0880508,2,4,31
1761622606.1240506,7,-3,32
1761622606.1610508,-1,-7,34
1761622606.199051,-2,-8,31
1761622606.2380507,-4,0,37
1761622606.2740507,-1,1,32
1761622606.311051,-3,3,39
1761622606.3490508,2,-5,34
1761622606.3870506,0,-5,32
1761622606.4230506,0,0,38
1761622606.4600508,-2,-4,39
1761622606.4990506,4,0,43
1761622606.5370507,-8,0,31
1761622606.5730507,1,-6,24
1761622606.6190507,0,-6,37
1761622606.6570508,7,-4,27
1761622606.6930506,8,-3,27
1761622606.7300508,7,-9,26
1761622606.7690508,8,-7,22
1761622606.8070507,0,-3,21
1761622606.8430507,-1,-3,36
1761622606.8820508,0,-1,43
1761622606.9190507,6,1,29
1761622606.9570508,-1,7,20
1761622606.9940507,3,5,25
1761622607.0310507,-2,-6,29
1761622607.0690508,-8,-3,35
1761622607.1080508,-6,1,32
1761622607.1440508,-4,-4,48
1761622607.1820507,-1,3,40
1761622607.2190506,-2,-3,34
1761622607.258051,4,-3,38
1761622607.2940507,3,-7,31
1761622607.3310506,9,-6,30
1761622607.3690507,5,5,35
1761622607.4070508,5,0,37
1761622607.4430506,3,0,33
1761622607.4810507,-4,-4,27
1761622607.5190508,0,-4,36
1761622607.5550506,-5,-7,30
1761622607.5920508,5,4,22
1761622607.6290507,7,-2,31
1761622607.6650507,1,-2,30
1761622607.7020507,-4,9,31
1761622607.7400508,-2,-8,30
1761622607.7790508,1,0,31
1761622607.8150508,2,-1,25
1761622607.8520508,-8,-7,30
1761622607.8900506,-5,0,36
1761622607.9280508,-1,-4,41
1761622607.9640508,-5,-2,39
1761622608.0020506,-5,-3,35
1761622608.0400507,-10,4,31
1761622608.0780506,-3,2,30
1761622608.1140506,2,3,21
1761622608.1510508,-3,4,21
1761622608.189051,-8,-6,29
1761622608.2250507,-12,-2,37
1761622608.2630508,-5,4,34
1761622608.3000507,-5,10,29
1761622608.3380508,3,-1,37
1761622608.3740506,1,-5,35
1761622608.4110508,4,-2,40
1761622608.449051,-11,-2,42
1761622608.485051,3,-1,35
1761622608.5220506,13,-4,40
1761622608.5600507,5,-7,35
1761622608.5980508,3,1,22
1761622608.6340508,1,3,16
1761622608.6720507,0,1,21
1761622608.7100508,4,-1,37
1761622608.7480507,7,0,38
1761622608.7840507,-1,-5,34
1761622608.8220508,-4,-3,26
1761622608.860051,-6,3,27
1761622608.8980508,0,-6,34
1761622608.9340508,-3,-2,43
1761622608.9710507,-5,5,36
1761622609.0100508,-2,0,34
1761622609.0480506,-8,-4,25
1761622609.084051,4,-3,34
1761622609.1210508,4,-6,36
1761622609.1590507,3,0,32
1761622609.1950507,0,-2,35
1761622609.232051,-1,-5,27
1761622609.2710507,-5,-5,37
1761622609.3090508,-6,0,31
1761622609.3450508,2,0,35
1761622609.3820508,-1,-4,29
1761622609.4200506,-2,-8,42
1761622609.459051,1,-4,33
1761622609.495051,2,-4,31
1761622609.5330508,0,-2,30
1761622609.5700507,0,-3,24
1761622609.6090508,-3,-3,37
1761622609.6450508,-2,-7,38
1761622609.6840508,1,-1,40
1761622609.7210507,4,1,37
1761622609.7590508,2,1,35
1761622609.7950506,2,0,32
1761622609.8320508,4,2,28
1761622609.870051,3,-3,26
1761622609.9060507,-7,-5,21
1761622609.9440508,-7,-3,28
1761622609.982051,-6,0,18
1761622610.0200508,-3,-1,27
1761622610.0590508,-1,1,33
1761622610.0960507,0,3,32
1761622610.133051,-2,1,38
1761622610.1700506,-4,-1,39
1761622610.209051,-1,5,35
1761622610.245051,0,-1,31
1761622610.2830508,0,-11,26
1761622610.3200507,12,-6,35
1761622610.3590508,3,-4,36
1761622610.3950508,-5,-6,35
1761622610.4330506,-4,-10,41
1761622610.4710507,6,-7,41
1761622610.5100508,-3,-3,33
1761622610.5460508,0,-3,32
1761622610.5830507,4,-10,35
1761622610.6210508,3,-2,36
1761622610.6590507,-1,0,25
1761622610.6950507,-5,-6,26
1761622610.7330508,-6,-8,37
1761622610.7710507,-5,-2,35
1761622610.8100507,-4,-7,30
1761622610.8460507,-3,-13,32
1761622610.8840508,-2,-1,39
1761622610.9220507,-5,3,25
1761622610.9600508,4,-3,38
1761622610.9960508,2,-3,36
1761622611.0330508,3,0,30
1761622611.0710506,1,-3,28
1761622611.1090508,-1,-2,30
1761622611.1450508,-2,-3,24
1761622611.1830506,0,-6,38
1761622611.2210507,0,-7,32
1761622611.2590508,2,-5,34
1761622611.2950506,-2,-1,38
1761622611.3320508,3,0,41
1761622611.370051,-2,-3,30
1761622611.4060507,4,-2,27
1761622611.4430506,4,-5,33
1761622611.482051,-3,-4,32
1761622611.5200508,-5,2,38
1761622611.5560508,-7,4,40
1761622611.5930507,3,0,39
1761622611.6310508,-5,2,39
1761622611.6690507,2,-3,33
1761622611.7050507,-1,0,31
1761622611.7430508,2,-3,34
1761622611.7810507,1,3,30
1761622611.8190508,7,2,19
1761622611.8550508,4,-7,30
1761622611.893051,-4,-5,29
1761622611.9310508,-11,-5,34
1761622611.9700508,-8,0,36
1761622612.0060508,-1,-1,29
1761622612.0430508,0,-7,38
1761622612.0810506,3,-3,41
1761622612.1170506,3,0,41
1761622612.1540508,0,0,36
1761622612.1910508,0,-1,39
1761622612.2270508,-3,-1,39
1761622612.2640507,-8,-2,32
1761622612.3020508,-1,-3,38
1761622612.3410506,0,-7,32
1761622612.3770506,1,-5,36
1761622612.4140508,-1,3,33
1761622612.4510508,0,-3,26
1761622612.4900508,0,-4,25
1761622612.5260508,-3,-1,30
1761622612.5630507,-2,-3,13
1761622612.6010506,-9,3,28
1761622612.6370506,-1,1,36
1761622612.6750507,-1,2,23
1761622612.712051,-4,-2,30
1761622612.7510507,3,-3,41
1761622612.7870507,-2,0,48
1761622612.8250508,3,1,27
1761622612.8620508,0,3,33
1761622612.9000506,1,-2,45
1761622612.936051,-4,0,41
1761622612.9730508,-9,2,31
1761622613.0120506,-5,0,37
1761622613.0500507,-2,-4,33
1761622613.0860507,0,-9,37
1761622613.1230507,5,-5,37
1761622613.1610508,0,0,44
1761622613.1970508,2,-2,38
1761622613.235051,-2,-7,38
1761622613.2730508,-1,-5,38
1761622613.3120508,-2,1,38
1761622613.3500507,-9,1,45
1761622613.3860507,-8,1,42
1761622613.4240508,-2,-2,26
1761622613.462051,0,-4,15
1761622613.5000508,-1,-8,18
1761622613.5360508,0,-11,24
1761622613.574051,6,-2,22
1761622613.6120508,0,-2,36
1761622613.6500506,0,1,30
1761622613.686051,0,4,35
1761622613.7230508,-1,-1,37
1761622613.7620506,1,-8,28
1761622613.8000507,6,1,41
1761622613.8360507,8,3,43
1761622613.8730507,2,-4,28
1761622613.9120507,0,-2,30
1761622613.9500508,0,-3,34
1761622613.9860508,5,-2,31
1761622614.0230508,2,-11,30
1761622614.0620508,2,-6,33
1761622614.0980508,-7,-4,29
1761622614.1350508,-4,-2,20
1761622614.1730506,-7,-4,34
1761622614.212051,3,-1,36
1761622614.2480507,4,-1,30
1761622614.2850506,-3,-2,46
1761622614.3230507,0,-1,36
1761622614.3620508,5,3,41
1761622614.3980508,1,-3,35
1761622614.436051,4,-9,33
1761622614.4740508,-2,-9,36
1761622614.5130508,0,-10,45
1761622614.551051,4,-4,43
1761622614.587051,-1,-2,33
1761622614.6260507,-3,2,24
1761622614.663051,-7,0,36
1761622614.7010508,-8,-5,37
1761622614.7370508,-5,-1,25
1761622614.7740507,-3,-5,32
1761622614.8120508,0,1,26
1761622614.8480508,5,3,36
1761622614.8860507,3,7,26
1761622614.9230506,9,-1,30
1761622614.962051,7,-1,26
1761622614.9980507,0,-2,31
1761622615.0360508,3,-4,27
1761622615.074051,2,-2,34
1761622615.1120508,2,-3,39
1761622615.1480508,2,1,36
1761622615.186051,5,-5,30
1761622615.2240508,5,-8,38
1761622615.2630508,-1,-11,39
1761622615.301051,-2,-7,37
1761622615.337051,-1,-1,32
1761622615.3740506,5,0,19
1761622615.413051,-1,-3,26
1761622615.4510508,0,1,27
1761622615.4870508,5,2,32
1761622615.5240507,1,-13,27
1761622615.5630507,8,-5,32
1761622615.6010506,7,-2,39
1761622615.6370506,0,-5,35
1761622615.6740508,3,-2,35
1761622615.7130508,1,-2,38
1761622615.7510507,-3,3,42
1761622615.7870507,-7,3,42
1761622615.824051,3,7,35
1761622615.8630507,-3,-2,33
1761622615.9010508,-12,-6,17
1761622615.9370508,-1,-2,25
1761622615.9740508,0,3,26
1761622616.0130508,-4,0,34
1761622616.051051,0,-7,33
1761622616.087051,-2,-1,38
1761622616.1240506,-8,-4,38
1761622616.163051,1,-6,27
1761622616.199051,0,0,40
1761622616.2360508,-5,0,34
1761622616.2730508,4,3,24
1761622616.3090508,0,0,24
1761622616.3460507,-5,-10,32
1761622616.3850508,-5,-6,26
1761622616.4230506,2,-4,31
1761622616.4600508,5,4,31
1761622616.4970508,6,-2,31
1761622616.5340507,-1,-8,38
1761622616.5730507,2,-9,34
1761622616.6090508,3,-5,31
1761622616.6550508,1,4,34
1761622616.6930506,-6,3,48
1761622616.7290506,-11,3,40
1761622616.7660508,-3,1,29
1761622616.8040507,2,4,24
1761622616.8420508,7,1,26
1761622616.8780508,0,-2,32
1761622616.9150507,1,-4,33
1761622616.9530506,1,-2,34
1761622616.9890506,-2,-1,37
1761622617.0270507,-1,-2,42
1761622617.064051,5,-4,30
1761622617.1020508,11,-5,34
1761622617.1380508,3,-1,40
1761622617.1750507,0,-1,34
1761622617.2140508,-3,0,34
1761622617.2520506,-4,-1,38
1761622617.288051,-3,0,42
1761622617.3250508,-2,-3,23
1761622617.3640506,-3,0,41
1761622617.4020507,-3,0,42
1761622617.4380507,-3,-3,35
1761622617.4750507,-1,-1,26
1761622617.5140507,2,-3,25
1761622617.5520508,1,-3,38
1761622617.5880508,4,-1,37
1761622617.6250508,8,6,31
1761622617.6640508,-2,3,28
1761622617.7020507,4,2,38
1761622617.7380507,1,-3,24
1761622617.7750506,1,-2,26
1761622617.814051,3,0,38
1761622617.8520508,3,-6,37
1761622617.8880508,1,-1,32
1761622617.926051,0,-2,34
1761622617.9640508,0,0,28
1761622618.0020506,-3,6,29
1761622618.038051,-5,0,33
1761622618.0760508,0,7,28
1761622618.1140506,0,2,31
1761622618.1520507,4,-1,26
1761622618.1880507,-2,2,26
1761622618.2250507,-6,0,34
1761622618.2640507,1,0,27
1761622618.3020508,3,-1,28
1761622618.3380508,8,1,27
1761622618.3750508,-1,-2,36
1761622618.4140508,2,-4,36
1761622618.4500508,-1,-1,43
1761622618.4870508,-3,1,38
1761622618.5240507,2,1,37
1761622618.5600507,9,1,34
1761622618.5980508,8,0,34
1761622618.6350508,-2,-3,24
1761622618.6740508,-1,-1,27
1761622618.7100508,0,-6,30
1761622618.7470508,4,-2,40
1761622618.7850506,-2,0,41
1761622618.8230507,-6,4,28
1761622618.8590508,-7,0,24
1761622618.8960507,3,-2,27
1761622618.9340508,-4,-3,33
1761622618.9700508,-1,0,34
1761622619.0070508,-1,-1,39
1761622619.0450506,9,-1,33
1761622619.0830507,11,1,36
1761622619.1190507,4,0,37
1761622619.1560507,7,-6,34
1761622619.1940508,3,-5,32
1761622619.2300508,5,-4,22
1761622619.2670507,-3,-9,27
1761622619.3050506,-5,0,34
1761622619.3430507,2,0,25
1761622619.3790507,0,-4,42
1761622619.416051,-1,-1,47
1761622619.4550507,0,0,34
1761622619.4930508,4,0,31
1761622619.5290508,3,-5,31
1761622619.5660508,-1,-5,29
1761622619.6050508,-3,5,39
1761622619.643051,0,2,39
1761622619.6790507,0,0,23
1761622619.7160506,-3,1,36
1761622619.7540507,-6,0,28
1761622619.7900507,-1,0,24
1761622619.8280506,-9,-6,33
1761622619.8650508,-8,3,26
1761622619.903051,-3,-1,23
1761622619.939051,-7,0,38
1761622619.9760506,-3,2,44
1761622620.0150506,-5,-9,44
1761622620.0530508,-2,3,49
1761622620.0890508,0,0,38
1761622620.1260507,-6,-1,32
1761622620.1650507,0,3,35
1761622620.2030506,-4,10,40
1761622620.2390506,-7,1,32
1761622620.2770507,-1,-2,36
1761622620.3150508,-1,4,41
1761622620.3530507,0,2,39
1761622620.3890507,5,-2,44
1761622620.4270508,-5,2,45
1761622620.4650507,-4,3,40
1761622620.5010507,-3,0,36
1761622620.538051,8,0,28
1761622620.5750508,2,-4,30
1761622620.6130507,-1,-4,31
1761622620.6490507,-6,-2,28
1761622620.686051,-5,-3,25
1761622620.7250507,2,2,41
1761622620.7630508,-4,-5,37
1761622620.8000507,-3,-5,30
1761622620.837051,1,4,34
1761622620.8750508,4,3,48
1761622620.9110508,-5,0,44
1761622620.949051,-2,0,34
1761622620.9860508,2,0,33
1761622621.0240507,0,1,41
1761622621.0600507,-6,-2,34
1761622621.097051,-3,8,43
1761622621.1350508,0,0,26
1761622621.1710508,-4,0,28
1761622621.2080507,-1,-2,29
1761622621.2460508,-3,-1,27
1761622621.2850506,-2,-7,31
1761622621.3220508,0,-6,35
1761622621.3590508,1,-7,27
1761622621.3960507,8,-2,32
1761622621.4350507,-2,-1,33
1761622621.472051,-8,1,34
1761622621.5090508,2,3,29
1761622621.5460508,-3,0,21
1761622621.584051,3,-1,22
1761622621.620051,3,2,25
1761622621.6570508,-2,-3,17
1761622621.6960506,-2,-6,44
1761622621.7340508,-7,4,36
1761622621.7700508,-3,-1,40
1761622621.8070507,1,-5,27
1761622621.8450508,-1,-6,26
1761622621.8810508,1,-5,34
1761622621.9190507,5,0,33
1761622621.9570508,-1,8,24
1761622621.995051,-4,7,39
1761622622.0310507,-4,1,30
1761622622.0690508,-7,-2,25
1761622622.107051,0,5,32
1761622622.1450508,0,4,34
1761622622.1810508,-3,2,25
1761622622.2190506,-2,0,18
1761622622.2560508,0,0,20
1761622622.2940507,-5,5,35
1761622622.3300507,-1,7,35
1761622622.3670506,3,8,31
1761622622.4050508,2,3,30
1761622622.4410508,-3,2,40
1761622622.4790506,0,1,49
1761622622.5160508,6,0,30
1761622622.5540507,5,-3,40
1761622622.5900507,-1,3,35
1761622622.6270506,-4,1,46
1761622622.666051,0,3,37
1761622622.7020507,0,0,24
1761622622.7390506,1,-5,36
1761622622.7760508,-4,0,26
1761622622.8120508,-8,-1,28
1761622622.8500507,3,0,29
1761622622.8870506,1,-1,34
1761622622.9250507,4,3,39
1761622622.9610507,-1,2,29
1761622622.9980507,-4,1,46
1761622623.0370507,0,1,30
1761622623.0750508,-2,0,29
1761622623.1110508,-5,-2,39
1761622623.1480508,0,-3,38
1761622623.186051,5,3,31
1761622623.222051,0,2,32
1761622623.2590508,3,-6,34
1761622623.2960508,3,-1,39
1761622623.3320508,0,-4,30
1761622623.3690507,0,-6,31
1761622623.4070508,-5,-5,43
1761622623.4460506,-3,-7,33
1761622623.482051,-2,-9,26
1761622623.5190508,-5,-10,23
1761622623.5570507,0,-4,33
1761622623.5950508,6,-3,28
1761622623.6320508,4,5,24
1761622623.6690507,3,0,26
1761622623.7070508,0,-7,38
1761622623.745051,6,-1,35
1761622623.7810507,3,0,33
1761622623.8180506,4,0,39
1761622623.857051,-5,-7,28
1761622623.8950508,-1,0,33
1761622623.9310508,2,0,20
1761622623.9680507,0,-1,19
1761622624.0070508,0,-3,24
1761622624.0450506,-3,-10,22
1761622624.0810506,-5,-7,26
1761622624.1180508,6,0,34
1761622624.1560507,4,4,34
1761622624.1920507,3,4,26
1761622624.2300508,4,-5,31
1761622624.2670507,5,-2,36
1761622624.3050506,4,-4,28
1761622624.3410506,0,-7,24
1761622624.3780508,2,-9,28
1761622624.4170508,-6,5,27
1761622624.4550507,-2,0,27
1761622624.4910507,1,-2,40
1761622624.528051,1,0,34
1761622624.5660508,-4,0,24
1761622624.6020508,-2,-3,33
1761622624.6400506,-8,2,38
1761622624.6780508,5,5,32
1761622624.7160506,2,0,24
1761622624.7520506,6,8,37
1761622624.7900507,0,-3,32
1761622624.8280506,-2,0,38
1761622624.8660507,1,2,50
1761622624.9020507,0,0,41
1761622624.9400508,0,-9,39
1761622624.9770508,0,-2,39
1761622625.0160508,-2,-1,39
1761622625.0520508,-2,2,31
1761622625.0900507,3,0,31
1761622625.1270506,0,4,31
1761622625.166051,5,0,32
1761622625.2020507,0,-4,27
1761622625.2390506,0,-9,29
1761622625.2770507,2,-2,34
1761622625.3130507,0,2,40
1761622625.3500507,-2,5,31
1761622625.3880508,-1,1,33
1761622625.426051,2,-1,39
1761622625.462051,-6,-9,39
1761622625.4990506,5,-1,35
1761622625.5370507,-7,0,44
1761622625.5730507,-5,-1,35
1761622625.610051,0,1,22
1761622625.6470506,-3,2,33
1761622625.686051,0,-4,39
1761622625.722051,0,-2,30
1761622625.7590508,-3,1,25
1761622625.7970507,-2,0,36
1761622625.8330507,-3,1,31
1761622625.870051,0,-4,39
1761622625.9080508,14,-2,30
1761622625.9460506,10,0,34
1761622625.982051,0,0,41
1761622626.0200508,2,-6,27
1761622626.0580506,1,-6,28
1761622626.0960507,-2,-5,42
1761622626.1320508,-5,0,42
1761622626.1690507,-4,-2,35
1761622626.2080507,-4,4,33
1761622626.2460508,-8,4,37
1761622626.2820508,-6,3,43
1761622626.3190508,-2,2,29
1761622626.3580508,0,-1,32
1761622626.3960507,4,-3,28
1761622626.4320507,5,-3,31
1761622626.4700508,-1,1,34
1761622626.508051,-5,0,37
1761622626.5460508,-8,-6,38
1761622626.5820508,-7,-4,34
1761622626.620051,-6,1,29
1761622626.666051,-1,-2,36
1761622626.7020507,-5,-1,47
1761622626.7400508,1,-6,34
1761622626.778051,3,-5,27
1761622626.8160508,1,-5,30
1761622626.8520508,-3,-3,32
1761622626.8890507,-1,0,31
1761622626.9270508,4,0,21
1761622626.9630508,-3,3,33
1761622627.0010507,1,-2,42
1761622627.038051,-2,4,36
1761622627.074051,-1,2,41
1761622627.1110508,-6,-3,42
1761622627.1490507,-6,1,35
1761622627.1870508,1,-1,36
1761622627.2230508,0,-2,37
1761622627.2600508,1,0,36
1761622627.2980506,6,0,24
1761622627.334051,1,-1,28
1761622627.3720508,-3,1,30
1761622627.4090507,-2,-5,33
1761622627.4480507,-4,4,33
1761622627.4840508,-2,8,28
1761622627.5220506,2,0,19
1761622627.5590508,-3,-5,23
1761622627.5980508,-5,0,22
1761622627.6340508,-4,1,29
1761622627.6720507,0,6,26
1761622627.709051,-5,0,33
1761622627.7480507,1,3,26
1761622627.7840507,-2,3,27
1761622627.8210506,2,11,38
1761622627.8580508,-2,3,35
1761622627.8970506,0,4,40
1761622627.9330506,-4,-2,37
1761622627.972051,-2,-3,38
1761622628.0090508,0,-2,31
1761622628.0470507,-1,3,33
1761622628.0830507,-2,2,36
1761622628.1220508,0,-2,31
1761622628.1590507,2,-5,38
1761622628.1970508,0,-2,36
1761622628.2330508,1,-2,30
1761622628.2710507,-3,-1,31
1761622628.3090508,2,0,42
1761622628.347051,4,-1,40
1761622628.383051,4,0,28
1761622628.4200506,-10,3,32
1761622628.459051,-2,5,28
1761622628.4970508,1,0,29
1761622628.5330508,7,8,30
1761622628.5700507,-2,8,34
1761622628.6090508,-1,3,42
1761622628.6470506,3,0,44
1761622628.6830506,11,0,39
1761622628.7200508,0,0,30
1761622628.7590508,0,4,29
1761622628.7970507,-6,2,35
1761622628.8330507,-5,0,31
1761622628.8720508,0,-1,25
1761622628.9090507,-1,-5,17
1761622628.9480507,-6,-9,31
1761622628.9840508,-3,-8,31
1761622629.0210507,1,-5,32
1761622629.0590508,-5,-3,34
1761622629.097051,0,-6,28
1761622629.133051,3,-3,32
1761622629.1700506,-2,-10,33
1761622629.209051,0,-10,29
1761622629.245051,1,0,24
1761622629.2820508,0,-4,33
1761622629.3200507,-2,2,36
1761622629.3590508,0,5,30
1761622629.3950508,-2,3,32
1761622629.4320507,-2,-4,38
1761622629.4700508,3,1,31
1761622629.5090508,4,1,37
1761622629.5450506,5,-1,32
1761622629.5820508,1,1,37
1761622629.6190507,0,4,35
1761622629.6550508,2,5,44
1761622629.6920507,0,-9,40
1761622629.7300508,2,-2,44
1761622629.768051,-1,-9,34
1761622629.8040507,-3,0,24
1761622629.8410506,0,2,35
1761622629.8790507,-3,-2,30
1761622629.9150507,0,5,33
1761622629.9520507,-2,2,29
1761622629.9890506,0,0,24
1761622630.0250506,-3,-3,31
1761622630.0620508,-2,1,30
1761622630.1000507,-2,-8,25
1761622630.1380508,3,-1,36
1761622630.1740508,-1,1,29
1761622630.2110507,-4,3,32
1761622630.2490506,-2,2,24
1761622630.2850506,-1,-1,43
1761622630.3220508,-3,-3,25
1761622630.360051,-5,0,22
1761622630.3990507,0,1,24
1761622630.4350507,4,0,25
1761622630.472051,-6,-4,33
1761622630.5100508,0,-2,36
1761622630.5480506,-1,0,30
1761622630.584051,-6,-4,28
1761622630.6210508,-6,-5,39
1761622630.6600506,0,-4,41
1761622630.6980507,4,0,47
1761622630.7340508,1,-1,29
1761622630.7710507,-2,5,28
1761622630.8090508,-6,0,30
1761622630.8450508,-5,-4,42
1761622630.8820508,0,-4,43
1761622630.9200506,2,0,41
1761622630.959051,3,2,41
1761622630.995051,-2,-2,30
1761622631.0320508,-1,2,30
1761622631.0700507,-4,-1,32
1761622631.1080508,0,-6,38
1761622631.1440508,3,-5,37
1761622631.1810508,0,3,34
1761622631.2190506,-2,-4,26
1761622631.255051,1,-5,27
1761622631.2920508,4,0,41
1761622631.3300507,-3,-1,37
1761622631.3660507,4,-5,38
1761622631.403051,0,-5,38
1761622631.4410508,-7,-1,46
1761622631.4800508,-2,4,35
1761622631.5160508,-6,0,33
1761622631.5530508,5,0,26
1761622631.5900507,8,1,24
1761622631.6260507,3,1,35
1761622631.663051,-5,0,38
1761622631.7010508,-6,2,42
1761622631.7390506,0,-1,34
1761622631.7750506,0,-1,27
1761622631.8120508,-2,-2,21
1761622631.8500507,-6,0,33
1761622631.8890507,-4,0,30
1761622631.9250507,3,-4,38
1761622631.962051,3,-6,32
1761622632.0000508,-1,-4,38
1761622632.0390508,4,-2,44
1761622632.0760508,-3,0,49
1761622632.1130507,-4,-1,35
1761622632.1510508,-4,-5,43
1761622632.1900508,-1,-2,42
1761622632.2260506,-5,0,41
1761622632.2630508,0,-3,35
1761622632.301051,8,-8,33
1761622632.3390508,5,-14,38
1761622632.3750508,1,-12,34
1761622632.4120507,5,-6,39
1761622632.4500508,0,6,39
1761622632.4860508,0,-4,43
1761622632.5230508,2,-1,35
1761622632.561051,-6,-3,31
1761622632.5990508,0,-1,33
1761622632.6350508,7,-1,30
1761622632.6720507,1,-3,30
1761622632.7100508,3,0,24
1761622632.7460508,0,0,36
1761622632.7830508,1,0,36
1761622632.8210506,-1,5,35
1761622632.8590508,5,0,39
1761622632.8950508,1,4,28
1761622632.9330506,3,4,30
1761622632.9710507,-6,3,22
1761622633.0090508,0,-3,27
1761622633.0450506,1,-2,31
1761622633.0830507,-1,-4,26
1761622633.1210508,4,3,37
1761622633.1590507,5,5,33
1761622633.1950507,2,1,35
1761622633.2330508,-2,-4,33
1761622633.2710507,-5,-3,37
1761622633.3090508,-2,0,19
1761622633.3450508,-1,0,17
1761622633.383051,3,-3,28
1761622633.4210508,3,-3,25
1761622633.459051,2,-5,41
1761622633.495051,0,-5,30
1761622633.5320508,1,-5,33
1761622633.5710506,1,-5,33
1761622633.607051,7,3,29
1761622633.6440508,-6,-1,32
1761622633.6820507,0,-4,30
1761622633.7210507,0,-11,31
1761622633.7570508,3,-2,35
1761622633.7950506,0,-1,28
1761622633.8330507,-5,3,28
1761622633.8710508,-1,0,26
1761622633.9070508,-1,-5,38
1761622633.9450507,-6,-7,31
1761622633.9830508,-7,-6,31
1761622634.0210507,-4,-3,28
1761622634.0600507,-7,2,23
1761622634.0960507,-5,8,23
1761622634.133051,3,3,27
1761622634.1710508,3,1,35
1761622634.2070508,2,2,39
1761622634.2440507,2,1,38
1761622634.2810507,-8,2,32
1761622634.3200507,-3,3,34
1761622634.3560507,-8,1,35
1761622634.393051,-1,-2,45
1761622634.4320507,-4,1,48
1761622634.4700508,3,1,33
1761622634.5060508,2,-5,39
1761622634.5430508,0,-1,29
1761622634.5810506,0,2,38
1761622634.6170506,2,0,49
1761622634.6540508,0,3,34
1761622634.6920507,-2,0,23
1761622634.7300508,-3,0,36
1761622634.7670507,0,0,37
1761622634.8040507,-2,-2,47
1761622634.8420508,-3,-3,43
1761622634.8810508,2,-5,34
1761622634.9170508,9,-3,29
1761622634.9540508,5,0,36
1761622634.9920506,6,2,45
1761622635.0300508,3,2,43
1761622635.0660508,-2,0,40
1761622635.1040506,3,-3,42
1761622635.1420507,4,5,30
1761622635.1800506,-3,3,25
1761622635.2160506,-2,0,23
1761622635.2540507,-1,-9,38
1761622635.2920508,2,-8,43
1761622635.3310506,1,-3,29
1761622635.3670506,-1,-2,29
1761622635.4040508,2,-2,21
1761622635.4420507,-11,-10,27
1761622635.4810507,-8,-4,31
1761622635.5170507,-11,-2,29
1761622635.5540507,-5,0,28
1761622635.5920508,-2,0,30
1761622635.6280508,-5,1,39
1761622635.6650507,0,0,40
1761622635.7030506,5,3,39
1761622635.7410507,3,-1,31
1761622635.7770507,-2,1,26
1761622635.814051,-4,-2,38
1761622635.8520508,-4,-2,35
1761622635.8910508,0,2,31
1761622635.9270508,5,0,32
1761622635.9650507,-2,-2,24
1761622636.0030508,1,2,40
1761622636.041051,2,-2,35
1761622636.0770507,-2,-5,36
1761622636.1140506,0,-6,27
1761622636.1520507,7,-2,34
1761622636.1880507,7,1,37
1761622636.2250507,5,5,29
1761622636.2620506,-2,2,43
1761622636.2980506,-5,5,30
1761622636.3350508,4,0,37
1761622636.3720508,-1,-3,36
1761622636.4110508,0,1,25
1761622636.4470508,2,-3,22
1761622636.4840508,0,3,30
1761622636.5220506,0,-3,30
1761622636.5580506,0,-5,29
1761622636.5960507,3,-3,31
1761622636.633051,1,0,22
1761622636.6770508,-5,-7,24
1761622636.7150507,-5,-4,36
1761622636.7530508,0,-3,46
1761622636.7920508,-8,-2,40
1761622636.8280506,-8,3,36
1761622636.8650508,4,0,28
1761622636.903051,4,0,24
1761622636.9410508,5,-4,34
1761622636.9770508,4,-2,31
1761622637.0140507,0,-5,12
1761622637.0520508,11,-3,23
1761622637.0880508,10,-2,26
1761622637.1250508,0,-7,32
1761622637.163051,0,1,27
1761622637.2010508,2,-3,33
1761622637.2370508,4,1,34
1761622637.2740507,-4,-3,36
1761622637.3130507,-3,0,33
1761622637.3510506,-4,-3,37
1761622637.3870506,3,0,35
1761622637.4240508,0,-8,34
1761622637.4630508,1,-6,35
1761622637.5010507,3,-7,32
1761622637.5370507,4,-2,44
1761622637.574051,0,-7,39
1761622637.6130507,2,-9,36
1761622637.6510508,8,-3,25
1761622637.6870508,5,0,33
1761622637.7240508,1,-7,42
1761622637.7630508,-1,-4,29
1761622637.7990508,4,-10,32
1761622637.8360507,-1,-5,30
1761622637.8740506,-2,-3,32
1761622637.913051,-5,-2,33
1761622637.949051,1,-1,28
1761622637.9860508,0,-5,21
1761622638.0230508,11,-4,33
1761622638.0600507,5,2,27
1761622638.097051,2,4,36
1761622638.1340508,0,-6,31
1761622638.1720507,-2,-2,37
1761622638.2080507,-1,0,33
1761622638.2470508,1,0,34
1761622638.2840507,-2,0,36
1761622638.3220508,3,2,37
1761622638.3590508,3,4,36
1761622638.3960507,-1,-1,37
1761622638.4340508,2,-2,38
1761622638.472051,6,-1,35
1761622638.508051,-2,-5,34
1761622638.5460508,0,-1,31
1761622638.584051,-3,-4,23
1761622638.6230507,-3,-4,31
1761622638.6590507,-2,-4,40
1761622638.6970508,4,0,42
1761622638.7340508,4,0,23
1761622638.7720506,0,-1,33
1761622638.8080506,1,-7,39
1761622638.8460507,-1,0,37
1761622638.8840508,-2,-2,30
1761622638.9220507,3,1,38
1761622638.9580507,0,5,27
1761622638.9960508,4,2,41
1761622639.0340507,3,4,42
1761622639.0720508,-1,-4,33
1761622639.1080508,0,-6,29
1761622639.1460507,2,-4,27
1761622639.1840508,4,-2,31
1761622639.2230508,6,-4,39
1761622639.2590508,0,-8,39
1761622639.2960508,-2,-8,37
1761622639.334051,-4,2,32
1761622639.3730507,0,-3,31
1761622639.4090507,-4,-7,36
1761622639.4460506,-2,-4,33
1761622639.4840508,-3,0,42
1761622639.5230508,2,-15,43
1761622639.5590508,-2,-6,23
1761622639.5960507,0,-4,27
1761622639.6340508,-9,0,33
1761622639.6720507,-1,3,43
1761622639.7080507,-6,2,30
1761622639.745051,-2,0,31
1761622639.7830508,1,0,34
1761622639.8190508,1,0,30
1761622639.8560507,10,2,25
1761622639.8940508,3,-3,30
1761622639.9330506,2,2,21
1761622639.9700508,0,1,30
1761622640.0070508,-8,-5,30
1761622640.0450506,-6,-4,36
1761622640.084051,-3,-8,38
1761622640.120051,3,-12,33
1761622640.1570508,1,-14,41
1761622640.1950507,3,-2,31
1761622640.2330508,5,-1,32
1761622640.2690508,7,-2,28
1761622640.3060508,1,0,34
1761622640.3440506,-2,-3,23
1761622640.380051,-1,-6,24
1761622640.4180508,-1,-3,24
1761622640.4560506,3,2,36
1761622640.4940507,0,1,40
1761622640.5300508,1,0,38
1761622640.5670507,-1,-2,27
1761622640.6050508,3,-7,31
1761622640.643051,3,-13,33
1761622640.6790507,2,-5,44
1761622640.7160506,-2,-2,38
1761622640.7540507,2,-3,31
1761622640.7900507,-3,0,29
1761622640.8270507,-2,-1,32
1761622640.8650508,-2,-7,34
1761622640.9040508,4,-2,27
1761622640.9400508,-5,-3,32
1761622640.9770508,-11,-3,38
1761622641.0150506,-7,-2,41
1761622641.0540507,-1,-12,35
1761622641.0900507,2,-10,36
1761622641.1270506,-2,-2,39
1761622641.166051,-2,-3,27
1761622641.2040508,0,0,36
1761622641.2400508,0,-2,31
1761622641.2770507,-1,4,26
1761622641.3150508,3,0,32
1761622641.3530507,-2,0,30
1761622641.3890507,0,1,36
1761622641.426051,-5,6,37
1761622641.4650507,-3,6,29
1761622641.5030508,-4,0,26
1761622641.5390508,-5,-7,30
1761622641.5760508,-4,1,25
1761622641.6150508,7,2,28
1761622641.653051,7,-5,21
1761622641.689051,6,-6,17
1761622641.7260506,0,-6,28
1761622641.7650506,-3,-7,41
1761622641.8030508,0,-6,29
1761622641.8390508,-1,4,24
1761622641.8760507,-2,-3,45
1761622641.9150507,12,-6,40
1761622641.9530506,-2,-9,39
1761622641.9890506,1,-3,28
1761622642.0260508,-4,-9,22
1761622642.0650508,-4,-4,25
1761622642.1030507,0,0,18
1761622642.1390507,-7,-2,26
1761622642.176051,-4,-3,32
1761622642.2150507,2,-3,31
1761622642.2510507,-1,-3,42
1761622642.288051,2,-2,29
1761622642.3250508,-3,-1,37
1761622642.3640506,-1,2,30
1761622642.4000506,-6,8,34
1761622642.4380507,-4,5,45
1761622642.4750507,-1,-2,33
1761622642.5140507,0,0,31
1761622642.5500507,0,0,16
1761622642.587051,3,-2,25
1761622642.6250508,1,0,27
1761622642.6610508,-3,-2,23
1761622642.699051,-2,-5,30
1761622642.7360508,0,-7,36
1761622642.7750506,1,-6,29
1761622642.811051,2,0,28
1761622642.8480508,5,7,33
1761622642.8850508,-1,5,22
1761622642.9240508,-4,2,20
1761622642.9600508,-4,2,27
1761622642.9970508,1,8,26
1761622643.0350506,3,0,25
1761622643.0710506,7,0,40
1761622643.1080508,0,0,29
1761622643.1460507,0,-5,34
1761622643.1840508,0,1,25
1761622643.2200508,0,4,21
1761622643.2570508,-1,1,21
1761622643.2960508,-6,-3,40
1761622643.334051,-8,4,33
1761622643.370051,1,2,34
1761622643.4070508,7,3,24
1761622643.4450507,0,2,24
1761622643.4810507,0,-2,32
1761622643.5190508,-1,-4,36
1761622643.5570507,2,0,40
1761622643.5950508,-3,-2,41
1761622643.6310508,2,-6,40
1761622643.6680508,1,-4,38
1761622643.7060506,-3,-7,38
1761622643.7440507,-3,-1,41
1761622643.7800508,-2,-4,36
1761622643.8170507,3,-2,38
1761622643.8550508,0,-1,29
1761622643.8910508,-5,4,36
1761622643.9280508,-1,-2,44
1761622643.9660506,-4,-1,42
1761622644.005051,0,1,40
1761622644.041051,-2,-1,52
1761622644.0790508,1,0,39
1761622644.1170506,2,0,34
1761622644.1550508,3,-2,28
1761622644.1910508,9,-2,31
1761622644.2290506,9,3,40
1761622644.2670507,10,4,38
1761622644.3050506,4,5,27
1761622644.3410506,0,0,27
1761622644.3790507,-4,-2,30
1761622644.4170508,0,-2,32
1761622644.4550507,2,-2,40
1761622644.4910507,3,-6,36
1761622644.528051,0,-2,39
1761622644.5660508,0,-4,36
1761622644.6050508,1,-3,38
1761622644.6410508,3,-2,29
1761622644.6790507,-6,6,27
1761622644.7160506,1,3,40
1761622644.7520506,-7,0,32
1761622644.7890508,-8,-1,31
1761622644.8270507,2,-2,36
1761622644.8650508,-1,-3,27
1761622644.9010508,0,-5,34
1761622644.9380507,-3,1,35
1761622644.9760506,-1,-4,35
1761622645.0150506,5,-2,35
1761622645.051051,0,-2,35
1761622645.0880508,-2,-1,36
1761622645.1260507,-7,-2,29
1761622645.1650507,-5,-3,21
1761622645.2010508,0,-4,32
1761622645.2380507,-9,0,28
1761622645.2760508,-1,-3,30
1761622645.3120508,-2,-1,30
1761622645.3490508,2,-4,37
1761622645.3870506,4,-6,36
1761622645.4250507,-1,-1,30
1761622645.4610507,2,5,30
1761622645.4980507,3,8,25
1761622645.5360508,7,5,27
1761622645.5720508,1,5,34
1761622645.6090508,4,4,40
1761622645.6470506,2,-2,44
1761622645.6850507,-4,0,28
1761622645.7210507,-2,-1,31
1761622645.758051,-1,0,23
1761622645.7960508,0,-2,20
1761622645.8320508,-2,-2,35
1761622645.870051,-3,3,32
1761622645.9070508,-3,-2,36
1761622645.9460506,7,-7,25
1761622645.9830508,3,-7,23
1761622646.0200508,6,-8,25
1761622646.0570507,4,-4,30
1761622646.0950508,1,-4,30
1761622646.1310508,4,-8,41
1761622646.1680508,7,-6,38
1761622646.2060506,1,-7,29
1761622646.2420506,0,-3,24
1761622646.2800508,-5,0,23
1761622646.3180506,0,-1,42
1761622646.3560507,3,3,35
1761622646.3920507,1,2,25
1761622646.4290507,3,-6,26
1761622646.4670508,1,4,30
1761622646.5030508,-3,4,30
1761622646.5400507,4,-2,42
1761622646.5770507,5,1,40
1761622646.6130507,1,-2,36
1761622646.6500506,1,-3,26
1761622646.6960506,4,-4,30
1761622646.732051,5,-2,33
1761622646.7690508,-1,-9,32
1761622646.8070507,2,-2,31
1761622646.8430507,1,-5,32
1761622646.880051,-4,-6,27
1761622646.9180508,-3,-4,29
1761622646.9570508,-1,1,38
1761622646.9930508,-6,-2,30
1761622647.0300508,-4,0,36
1761622647.0680506,-2,-2,38
1761622647.107051,3,0,35
1761622647.143051,0,2,35
1761622647.1800506,0,-7,35
1761622647.2170508,0,-8,24
1761622647.2560508,4,-2,36
1761622647.2930508,1,-4,36
1761622647.3300507,-1,-3,33
1761622647.3680508,-3,-3,35
1761622647.4070508,0,-1,29
1761622647.4430506,1,-4,33
1761622647.4800508,0,0,27
1761622647.518051,-1,-5,33
1761622647.5560508,3,1,41
1761622647.5920508,10,-5,44
1761622647.6290507,2,-2,34
1761622647.6670508,0,-3,38
1761622647.7030506,4,-2,37
1761622647.7410507,0,-6,31
1761622647.778051,6,-3,31
1761622647.8160508,0,-6,39
1761622647.8520508,-3,-10,33
1761622647.8890507,-2,0,38
1761622647.9270508,-3,-4,38
1761622647.9630508,-7,1,31
1761622648.0000508,-3,1,34
1761622648.038051,-4,-12,26
1761622648.0770507,-1,0,25
1761622648.1130507,0,2,30
1761622648.1500506,-2,-8,29
1761622648.1880507,0,-4,30
1761622648.2260506,-7,0,34
1761622648.2620506,-1,6,39
1761622648.2990508,0,0,38
1761622648.337051,-1,1,30
1761622648.3730507,5,-1,33
1761622648.4100506,2,-1,31
1761622648.4480507,-3,-3,46
1761622648.4870508,1,-3,38
1761622648.5230508,0,-2,25
1761622648.5600507,-8,-11,35
1761622648.5980508,-7,-6,38
1761622648.6370506,-6,-6,36
1761622648.6730506,11,3,26
1761622648.7100508,-2,4,22
1761622648.7480507,4,0,26
1761622648.7840507,5,4,26
1761622648.8220508,2,-4,28
1761622648.860051,-3,-3,35
1761622648.8980508,-2,1,33
1761622648.9370508,-3,3,45
1761622648.9730508,-6,-2,36
1761622649.0100508,-11,-2,33
1761622649.0480506,-2,0,33
1761622649.087051,-3,0,41
1761622649.1230507,-6,5,38
1761622649.1600506,-5,0,45
1761622649.1980507,-5,-3,31
1761622649.2370508,-2,4,41
1761622649.2730508,0,-1,32
1761622649.3100507,-2,-7,35
1761622649.3480508,7,-8,24
1761622649.3870506,-1,-4,20
1761622649.4230506,-11,-1,26
1761622649.4600508,-10,3,39
1761622649.4980507,-6,2,38
1761622649.5340507,-7,0,34
1761622649.5710506,-6,0,31
1761622649.6090508,-1,1,34
1761622649.6470506,-2,0,34
1761622649.6830506,-4,0,36
1761622649.7200508,-6,-3,29
1761622649.7590508,0,0,35
1761622649.7970507,2,-1,22
1761622649.8330507,1,-4,25
1761622649.870051,-7,2,34
1761622649.9090507,4,3,34
1761622649.9470508,-6,2,42
1761622649.9830508,-8,0,27
1761622650.0200508,4,-2,33
1761622650.0580506,0,2,33
1761622650.0940506,-1,-2,31
1761622650.1320508,0,-5,38
1761622650.1700506,-2,-4,33
1761622650.209051,3,-7,40
1761622650.2470508,0,-3,30
1761622650.2830508,1,-1,33
1761622650.3200507,0,-5,36
1761622650.3580508,-2,-8,31
1761622650.3940508,-3,0,38
1761622650.4320507,0,-7,35
1761622650.4700508,-1,2,24
1761622650.508051,0,-6,32
1761622650.5450506,3,-9,34
1761622650.5820508,-2,-5,34
1761622650.620051,0,0,33
1761622650.6580508,0,-3,34
1761622650.6940508,-5,-4,26
1761622650.7330508,-1,-5,31
1761622650.7710507,0,-8,37
1761622650.8090508,-10,-5,30
1761622650.8450508,-6,-1,29
1761622650.8820508,-7,-3,32
1761622650.9200506,5,0,30
1761622650.959051,14,0,24
1761622650.995051,4,2,27
1761622651.0320508,6,0,44
1761622651.0690508,-4,-2,41
1761622651.1080508,1,0,43
1761622651.1440508,2,0,31
1761622651.1810508,5,0,30
1761622651.2190506,0,1,40
1761622651.255051,3,3,38
1761622651.2930508,0,0,34
1761622651.3300507,0,-1,35
1761622651.3680508,-7,1,34
1761622651.4040508,-8,4,29
1761622651.4410508,-4,1,33
1761622651.4800508,-3,0,34
1761622651.518051,0,0,32
1761622651.5540507,2,3,38
1761622651.5910506,-1,2,26
1761622651.6290507,5,2,34
1761622651.6650507,7,-5,42
1761622651.7020507,3,0,33
1761622651.7400508,-4,-3,39
1761622651.778051,-5,0,42
1761622651.814051,-7,3,40
1761622651.8510506,-8,2,43
1761622651.8890507,-2,-2,46
1761622651.9250507,-3,-9,46
1761622651.962051,-2,-5,42
1761622652.0010507,-8,-5,35
1761622652.0390508,-11,-1,37
1761622652.0750508,-3,-2,41
1761622652.1120508,-6,0,38
1761622652.1500506,-2,-5,43
1761622652.1880507,-4,-5,34
1761622652.2240508,-3,-3,28
1761622652.2620506,-11,-4,30
1761622652.3000507,-4,-4,24
1761622652.3390508,1,-4,28
1761622652.3750508,-1,0,39
1761622652.4120507,0,-2,41
1761622652.4500508,0,0,31
1761622652.4880507,7,2,21
1761622652.5240507,2,5,34
1761622652.561051,4,-1,35
1761622652.5990508,0,-7,42
1761622652.6350508,-4,-9,41
1761622652.6720507,-7,-5,37
1761622652.7100508,0,-1,30
1761622652.7480507,-1,-2,22
1761622652.7840507,2,0,31
1761622652.8220508,1,6,26
1761622652.860051,-5,5,31
1761622652.8980508,1,-4,28
1761622652.9340508,0,1,33
1761622652.972051,7,-2,34
1761622653.0100508,-3,-2,36
1761622653.0460508,-8,-1,33
1761622653.084051,-7,-5,39
1761622653.1220508,-7,-3,32
1761622653.1610508,1,0,31
1761622653.199051,4,-3,34
1761622653.235051,4,3,24
1761622653.2720506,-1,4,39
1761622653.3100507,-4,0,43
1761622653.3460507,-6,-3,41
1761622653.3840508,-10,0,32
1761622653.4220507,-6,3,48
1761622653.4600508,-2,-1,37
1761622653.4960508,-11,0,37
1761622653.5340507,-4,-4,31
1761622653.5720508,-4,-1,25
1761622653.6110508,-1,0,31
1761622653.6490507,2,-3,26
1761622653.6850507,-2,5,33
1761622653.7230508,0,0,30
1761622653.7600508,1,-3,31
1761622653.7960508,2,-7,35
1761622653.8330507,4,-7,31
1761622653.8710508,3,-2,30
1761622653.9090507,1,-2,22
1761622653.9450507,-2,-4,24
1761622653.982051,0,-4,27
1761622654.0200508,-5,1,34
1761622654.0560508,0,-2,39
1761622654.0930507,-5,5,35
1761622654.1320508,0,5,38
1761622654.1700506,4,2,39
1761622654.2060506,1,-1,40
1761622654.2430508,-3,0,26
1761622654.2810507,-1,3,32
1761622654.3190508,-10,-4,35
1761622654.3550508,-4,-2,40
1761622654.393051,-1,1,29
1761622654.4310508,1,5,33
1761622654.4700508,0,0,31
1761622654.5060508,7,-2,26
1761622654.5430508,6,0,37
1761622654.5820508,14,-2,30
1761622654.620051,5,2,31
1761622654.6560507,-4,-6,34
1761622654.6940508,-6,0,40
1761622654.7310507,-5,-1,30
1761622654.7700508,-3,-6,37
1761622654.8060508,-1,1,29
1761622654.8430507,1,-2,24
1761622654.8810508,0,-2,31
1761622654.9200506,-4,0,35
1761622654.9560506,-3,0,37
1761622654.9930508,5,0,27
1761622655.0310507,-5,-7,33
1761622655.0700507,-5,-2,29
1761622655.1060507,8,-9,34
1761622655.143051,-2,-2,29
1761622655.1810508,-1,2,37
1761622655.2200508,0,1,37
1761622655.2560508,5,-3,35
1761622655.2930508,3,-4,33
1761622655.3310506,4,-3,32
1761622655.3670506,1,-2,24
1761622655.4040508,-3,-1,29
1761622655.4420507,-2,4,35
1761622655.4800508,3,1,33
1761622655.5160508,0,-4,42
1761622655.5530508,1,-1,40
1761622655.5910506,1,0,52
1761622655.6270506,7,2,36
1761622655.6650507,3,-3,35
1761622655.7020507,-4,-8,35
1761622655.7410507,1,-4,28
1761622655.7770507,-1,-1,22
1761622655.8150508,-3,6,28
1761622655.8520508,-3,-4,31
1761622655.8910508,2,6,27
1761622655.9270508,0,-2,35
1761622655.9650507,5,-3,32
1761622656.0020506,-1,-7,36
1761622656.041051,-4,1,36
1761622656.0770507,2,8,37
1761622656.1150508,-1,2,38
1761622656.1540508,9,1,32
1761622656.1920507,10,0,25
1761622656.2300508,7,4,20
1761622656.2660508,1,5,26
1761622656.3030508,-3,5,33
1761622656.3410506,-5,0,42
1761622656.3770506,0,-6,35
1761622656.4140508,0,-5,31
1761622656.4530506,0,-4,43
1761622656.4910507,-1,-2,38
1761622656.5270507,0,-2,34
1761622656.564051,-3,-2,29
1761622656.6020508,0,-1,35
1761622656.6410508,-4,-10,25
1761622656.6770508,0,-6,35
1761622656.7230508,0,-7,29
1761622656.7610507,1,-10,33
1761622656.7970507,0,-1,32
1761622656.834051,-5,-6,31
1761622656.8720508,1,0,33
1761622656.9100506,-1,3,35
1761622656.9460506,2,-1,37
1761622656.9840508,0,-7,32
1761622657.0220506,0,-10,40
1761622657.0600507,-2,-7,33
1761622657.0960507,0,-7,38
1761622657.133051,0,-9,33
1761622657.1710508,0,-4,36
1761622657.2070508,-3,-6,39
1761622657.2440507,5,-3,39
1761622657.2820508,3,-9,43
1761622657.3180506,3,0,41
1761622657.3550508,-1,-5,40
1761622657.393051,-4,-2,32
1761622657.4320507,-1,0,32
1761622657.4680507,-5,-1,28
1761622657.505051,2,2,32
1761622657.5420508,6,-4,34
1761622657.5780506,5,-6,39
1761622657.6150508,3,-7,39
1761622657.6520507,-2,-7,43
1761622657.6910508,-3,-6,37
1761622657.7270508,0,0,39
1761622657.7640507,5,-2,33
1761622657.8020508,7,2,37
1761622657.8390508,0,-6,30
1761622657.8760507,-2,1,30
1761622657.913051,0,-7,36
1761622657.9510508,7,0,40
1761622657.9870508,0,-5,44
1761622658.0240507,2,-4,39
1761622658.0620508,2,-1,45
1761622658.0980508,1,-3,47
1761622658.1350508,2,0,43
1761622658.1720507,-2,-2,35
1761622658.2110507,-8,-2,35
1761622658.2470508,1,-3,33
1761622658.2850506,4,0,23
1761622658.3230507,2,-3,25
1761622658.3610508,0,-2,34
1761622658.3970506,1,0,32
1761622658.4340508,5,-8,34
1761622658.4730508,-5,0,28
1761622658.5110507,1,3,32
1761622658.5470507,2,-1,27
1761622658.584051,-7,0,32
1761622658.6220508,-3,-4,38
1761622658.6580508,4,-6,38
1761622658.6950507,-8,0,41
1761622658.7330508,-5,3,36
1761622658.7710507,5,-1,41
1761622658.8070507,2,1,41
1761622658.8440506,-1,1,22
1761622658.8820508,3,3,25
1761622658.9180508,1,-3,36
1761622658.9550507,0,-5,40
1761622658.9930508,0,-7,32
1761622659.0310507,3,1,38
1761622659.0680506,-3,-1,37
1761622659.1050508,-2,0,30
1761622659.143051,0,-2,40
1761622659.1810508,3,-3,34
1761622659.2170508,1,2,26
1761622659.2540507,1,-4,21
1761622659.2930508,-2,-4,40
1761622659.3310506,-2,-3,28
1761622659.3670506,2,-3,24
1761622659.4050508,-3,-7,28
1761622659.4430506,4,-12,27
1761622659.482051,2,-3,38
1761622659.518051,2,1,28
1761622659.5550506,0,6,43
1761622659.5930507,4,4,31
1761622659.6290507,0,2,44
1761622659.666051,-1,-6,34
1761622659.7040508,-4,-7,25
1761622659.7430508,-1,-4,35
1761622659.7790508,0,0,32
1761622659.8160508,4,0,31
1761622659.8530507,-3,0,28
1761622659.8890507,-9,-5,28
1761622659.9270508,1,-8,30
1761622659.9640508,-3,-7,33
1761622660.0030508,2,-3,29
1761622660.0390508,-4,-1,31
1761622660.0760508,-6,3,28
1761622660.1130507,0,1,28
1761622660.1490507,1,2,27
1761622660.186051,2,0,30
1761622660.2240508,-6,0,37
1761622660.2620506,0,2,29
1761622660.2980506,0,3,24
1761622660.3350508,6,2,33
1761622660.3730507,5,-3,43
1761622660.4090507,-4,-6,41
1761622660.4470508,0,-2,39
1761622660.485051,2,-5,31
1761622660.5230508,1,-4,33
1761622660.5590508,0,-2,34
1761622660.597051,6,-5,32
1761622660.6350508,7,-5,33
1761622660.6730506,0,-3,28
1761622660.709051,0,-6,36
1761622660.7460508,0,-2,33
1761622660.7840507,1,-1,36
1761622660.8220508,0,-4,32
1761622660.8580508,2,-2,22
1761622660.8950508,9,-4,27
1761622660.9330506,7,-7,35
1761622660.9690506,13,-4,36
1761622661.0060508,-6,0,14
1761622661.0440507,-1,-7,25
1761622661.0830507,5,-4,35
1761622661.1190507,2,3,39
1761622661.1560507,1,-2,44
1761622661.1940508,7,0,33
1761622661.232051,-3,-9,38
1761622661.268051,-5,0,32
1761622661.3050506,-2,5,37
1761622661.3440506,0,-1,47
1761622661.3820508,6,-5,33
1761622661.4180508,0,-4,29
1761622661.4550507,-3,-2,21
1761622661.4940507,3,4,32
1761622661.5320508,-1,0,35
1761622661.5680506,4,-1,39
1761622661.6050508,2,0,46
1761622661.6440508,5,0,31
1761622661.6800506,-4,-6,26
1761622661.7170508,-11,-6,23
1761622661.755051,-1,-4,30
1761622661.7940507,1,-3,34
1761622661.8300507,-4,-9,35
1761622661.8670506,-7,-7,35
1761622661.9050508,-5,-2,31
1761622661.9440508,2,-8,30
1761622661.9800508,-5,-5,29
1761622662.0170507,-1,-4,36
1761622662.0550506,1,-3,38
1761622662.0930507,3,-2,35
1761622662.1290507,3,-2,38
1761622662.1670508,-2,-8,43
1761622662.2040508,6,-2,35
1761622662.2400508,3,-2,40
1761622662.2770507,0,-3,32
1761622662.314051,-9,-3,36
1761622662.3530507,-6,-4,23
1761622662.3890507,0,0,35
1761622662.426051,1,0,40
1761622662.4640508,1,0,34
1761622662.5000508,0,-1,28
1761622662.538051,0,0,33
1761622662.5750508,3,-6,29
1761622662.6130507,6,-5,22
1761622662.6490507,5,-3,30
1761622662.686051,-1,0,34
1761622662.7240508,6,1,35
1761622662.7600508,6,-7,32
1761622662.7970507,5,-1,43
1761622662.8350508,0,-5,40
1761622662.8730507,1,-2,42
1761622662.9090507,-1,-2,34
1761622662.9460506,-1,-4,38
1761622662.985051,0,-4,34
1761622663.0230508,-1,0,32
1761622663.0590508,1,-6,44
1761622663.0960507,1,1,33
1761622663.1340508,2,0,40
1761622663.1700506,0,0,40
1761622663.2070508,-1,0,32
1761622663.245051,2,-6,36
1761622663.2830508,-2,-6,37
1761622663.3190508,-9,-3,37
1761622663.3560507,1,-7,38
1761622663.3940508,-1,0,33
1761622663.4300506,-3,-3,33
1761622663.4680507,-1,-1,38
1761622663.505051,-6,0,31
1761622663.5430508,0,3,36
1761622663.5790508,1,-1,28
1761622663.6160507,0,1,31
1761622663.6540508,-1,0,36
1761622663.6900508,4,0,39
1761622663.7270508,-4,-2,36
1761622663.7650506,4,0,37
1761622663.801051,-5,-9,42
1761622663.8380508,1,-9,30
1761622663.8750508,3,-11,31
1761622663.9140508,0,-3,28
1761622663.9500508,-3,-12,41
1761622663.9870508,-6,-4,35
1761622664.0250506,-1,-5,35
1761622664.064051,0,3,28
1761622664.1000507,2,0,27
1761622664.1370506,1,-2,20
1761622664.1750507,6,-4,29
1761622664.2110507,0,-10,35
1761622664.2480507,0,0,33
1761622664.2850506,0,-5,36
1761622664.3210506,-3,-5,39
1761622664.3580508,0,0,43
1761622664.3950508,-8,-1,41
1761622664.4340508,-4,0,38
1761622664.4700508,2,5,33
1761622664.5070508,1,0,41
1761622664.5450506,-8,6,39
1761622664.5810506,-10,0,27
1761622664.6180508,-9,-3,36
1761622664.6560507,2,-3,39
1761622664.6950507,3,-3,39
1761622664.7310507,-1,-5,35
1761622664.768051,0,-7,36
1761622664.8060508,4,-5,29
1761622664.8440506,3,2,39
1761622664.880051,-8,0,33
1761622664.9170508,-7,0,34
1761622664.9550507,0,-2,38
1761622664.9910507,-4,-5,47
1761622665.0300508,4,-3,37
1761622665.0670507,0,-1,37
1761622665.1050508,1,-1,36
1761622665.1410508,-2,-4,44
1761622665.1790507,-1,-1,39
1761622665.2170508,0,-3,24
1761622665.255051,-2,-5,29
1761622665.291051,0,-6,49
1761622665.3300507,10,-3,28
1761622665.3670506,4,2,32
1761622665.4050508,0,-7,27
1761622665.4410508,-2,-8,30
1761622665.4800508,-1,-7,32
1761622665.5170507,-4,1,36
1761622665.5560508,0,0,24
1761622665.5940506,-7,-4,34
1761622665.630051,-3,0,34
1761622665.6670508,-4,-8,43
1761622665.7060506,-2,-1,37
1761622665.7440507,3,-5,34
1761622665.7800508,0,-2,22
1761622665.8170507,-3,-1,35
1761622665.8560507,1,-5,33
1761622665.8940508,0,-6,27
1761622665.9300506,0,-3,31
1761622665.9670508,3,-5,33
1761622666.0060508,0,-4,30
1761622666.0420508,3,-4,28
1761622666.0790508,3,0,24
1761622666.1160507,5,-2,28
1761622666.1520507,1,0,33
1761622666.1900508,2,-5,25
1761622666.2270508,5,-8,38
1761622666.2660508,5,-4,15
1761622666.3030508,5,-2,15
1761622666.3400507,-6,-6,28
1761622666.3780508,5,-10,22
1761622666.416051,2,4,33
1761622666.4520507,-8,5,26
1761622666.4890506,-3,8,33
1761622666.5270507,9,1,32
1761622666.5650508,4,-1,33
1761622666.6010506,-5,-2,31
1761622666.6380508,1,-3,27
1761622666.676051,1,-5,27
1761622666.712051,5,-2,29
1761622666.758051,-3,-3,31
1761622666.7960508,-4,5,29
1761622666.8320508,-1,-2,26
1761622666.870051,0,0,39
1761622666.9070508,-2,1,30
1761622666.9460506,-3,-4,30
1761622666.982051,1,-1,22
1761622667.0190508,-3,2,25
1761622667.0570507,0,0,32
1761622667.0950508,0,-2,41
1761622667.1310508,-4,1,25
1761622667.1680508,-5,0,32
1761622667.2070508,1,3,42
1761622667.245051,8,-2,41
1761622667.2810507,1,9,42
1761622667.3190508,6,1,28
1761622667.357051,3,-5,33
1761622667.3950508,-2,-8,21
1761622667.4310508,0,-3,24
1761622667.4680507,-2,-4,31
1761622667.5070508,-3,0,35
1761622667.5450506,-6,-5,36
1761622667.5810506,-7,0,35
1761622667.6180508,-1,3,25
1761622667.6570508,-3,-2,23
1761622667.6950507,1,-2,27
1761622667.7310507,-2,-4,27
1761622667.768051,3,-1,23
1761622667.8070507,6,-1,30
1761622667.8450508,4,4,34
1761622667.8810508,3,1,32
1761622667.9180508,1,-6,29
1761622667.9570508,0,-1,29
1761622667.995051,6,-2,29
1761622668.0310507,4,-2,30
1761622668.0680506,-1,2,41
1761622668.107051,1,1,40
1761622668.143051,1,-2,44
1761622668.1820507,10,-5,29
1761622668.2190506,1,-8,38
1761622668.2570508,3,-6,25
1761622668.2930508,-1,2,33
1761622668.3300507,-8,6,35
1761622668.3680508,0,4,37
1761622668.4060507,-2,-2,31
1761622668.4420507,3,0,34
1761622668.4790506,0,5,32
1761622668.5170507,-2,3,48
1761622668.5530508,-6,3,38
1761622668.5900507,-7,4,38
1761622668.6290507,-5,-3,13
1761622668.6670508,-5,-3,20
1761622668.7030506,-1,-1,30
1761622668.7400508,-3,-1,26
1761622668.778051,-3,0,27
1761622668.8170507,-4,1,26
1761622668.8530507,-5,1,23
1761622668.8900506,-1,-3,29
1761622668.9290507,4,0,48
1761622668.9670508,2,6,31
1761622669.0030508,0,2,31
1761622669.0400507,1,-1,27
1761622669.0780506,-2,-3,40
1761622669.1160507,2,1,32
1761622669.1520507,0,-5,30
1761622669.189051,1,6,24
1761622669.2270508,-2,0,42
1761622669.2630508,2,-8,26
1761622669.3000507,3,-4,23
1761622669.3380508,4,0,33
1761622669.3760507,5,4,23
1761622669.4120507,0,0,32
1761622669.4500508,0,0,31
1761622669.4880507,-1,-3,33
1761622669.5260508,2,-4,34
1761622669.5620508,4,-3,35
1761622669.5990508,3,0,39
1761622669.6370506,2,0,30
1761622669.6730506,5,0,33
1761622669.7100508,1,3,29
1761622669.7480507,-4,-5,35
1761622669.7870507,-2,0,30
1761622669.8230507,-4,-4,31
1761622669.860051,0,-1,38
1761622669.8980508,1,-3,35
1761622669.936051,1,-5,34
1761622669.972051,3,-3,32
1761622670.0090508,7,-5,37
1761622670.0470507,9,0,39
1761622670.0830507,5,-4,39
1761622670.120051,4,-2,36
1761622670.1580508,4,5,37
1761622670.1960506,3,-4,30
1761622670.232051,-3,-11,26
1761622670.2700508,0,-5,38
1761622670.3080506,1,-4,37
1761622670.3440506,0,-5,39
1761622670.3820508,-2,-2,36
1761622670.4200506,-8,4,38
1761622670.4580507,-5,-1,29
1761622670.4970508,2,-2,33
1761622670.5330508,3,-2,32
1761622670.5700507,-5,2,36
1761622670.6080508,-6,0,30
1761622670.6440508,0,3,42
1761622670.6810508,4,-4,34
1761622670.7180507,-2,3,22
1761622670.7540507,1,-1,36
1761622670.791051,1,-1,40
1761622670.8280506,5,-2,41
1761622670.8670506,0,-2,37
1761622670.903051,5,0,31
1761622670.9400508,2,0,33
1761622670.9780507,0,-3,30
1761622671.0140507,5,1,29
1761622671.051051,-3,0,31
1761622671.0890508,0,1,39
1761622671.1280508,-1,1,33
1761622671.1640508,0,2,26
1761622671.2010508,-2,0,24
1761622671.2390506,-1,1,20
1761622671.2770507,-2,4,31
1761622671.3130507,-3,4,30
1761622671.3500507,0,2,29
1761622671.3880508,-1,0,42
1761622671.4240508,1,0,32
1761622671.4610507,-10,1,26
1761622671.4990506,-7,-1,31
1761622671.5370507,-2,-1,39
1761622671.5730507,4,-2,29
1761622671.610051,0,0,34
1761622671.6480508,-2,0,31
1761622671.6840508,-6,2,29
1761622671.7210507,-2,-4,27
1761622671.7590508,-6,-2,18
1761622671.7980506,0,-4,30
1761622671.834051,6,-9,31
1761622671.8710508,1,0,33
1761622671.9090507,-8,1,32
1761622671.9470508,-1,-9,29
1761622671.9830508,4,-5,40
1761622672.0200508,6,-4,40
1761622672.0580506,5,-6,32
1761622672.0940506,6,-4,31
1761622672.1320508,3,3,29
1761622672.1690507,-4,-4,32
1761622672.2080507,-8,-3,32
1761622672.2440507,-4,-4,31
1761622672.2820508,-7,-8,42
1761622672.3190508,-2,-4,45
1761622672.3580508,0,1,29
1761622672.3940508,3,-9,28
1761622672.4310508,5,-4,38
1761622672.4690506,3,1,43
1761622672.505051,0,-5,38
1761622672.5430508,3,-5,37
1761622672.5800507,-2,4,23
1761622672.6190507,-1,5,27
1761622672.6550508,-4,-1,33
1761622672.6930506,-3,-3,32
1761622672.7310507,0,-2,38
1761622672.7690508,-3,-4,29
1761622672.8080506,1,-6,27
1761622672.8440506,3,-8,26
1761622672.8810508,5,-8,25
1761622672.9190507,5,-3,24
1761622672.9550507,7,-5,36
1761622672.9930508,1,-4,36
1761622673.0320508,-5,-8,38
1761622673.0690508,-1,-5,34
1761622673.1080508,1,-2,33
1761622673.1440508,-2,0,35
1761622673.1820507,3,-1,38
1761622673.2190506,-6,2,32
1761622673.255051,-3,0,30
1761622673.2920508,-6,-7,30
1761622673.3300507,0,-2,23
1761622673.3690507,1,-3,34
1761622673.4050508,2,-6,43
1761622673.4420507,-3,0,36
1761622673.4800508,-2,0,30
1761622673.518051,0,0,38
1761622673.5540507,-4,-4,36
1761622673.5910506,3,-3,47
1761622673.630051,10,-7,42
1761622673.6680508,0,3,38
1761622673.7040508,4,1,36
1761622673.7420506,-1,-2,34
1761622673.7800508,1,-7,32
1761622673.8180506,2,0,33
1761622673.8540506,-1,3,21
1761622673.8920507,1,9,26
1761622673.9300506,0,9,32
1761622673.9680507,-2,2,41
1761622674.0040507,0,3,38
1761622674.0420508,3,-7,33
1761622674.0800507,0,-3,33
1761622674.1180508,1,-2,41
1761622674.1540508,0,-3,30
1761622674.1910508,-5,-3,33
1761622674.2300508,-5,-3,40
1761622674.268051,-4,0,35
1761622674.3040507,-4,0,31
1761622674.3420508,0,0,39
1761622674.380051,-1,1,33
1761622674.4180508,-6,-3,33
1761622674.4540508,-7,-1,29
1761622674.4920506,-6,-2,34
1761622674.5300508,-11,0,32
1761622674.5680506,-1,-8,36
1761622674.6040506,-3,-4,38
1761622674.6410508,1,0,37
1761622674.6790507,-2,-1,42
1761622674.7150507,-3,-4,45
1761622674.7530508,-5,-4,45
1761622674.791051,-3,-1,32
1761622674.8300507,-4,0,25
1761622674.8670506,-7,-1,30
1761622674.9040508,-11,-4,32
1761622674.9420507,0,-6,35
1761622674.9800508,1,6,39
1761622675.0160508,2,0,31
1761622675.0540507,0,-4,32
1761622675.0910506,2,-7,39
1761622675.1290507,0,0,37
1761622675.1650507,-3,0,31
1761622675.2020507,4,3,38
1761622675.2400508,-5,-9,33
1761622675.2760508,3,-7,36
1761622675.3130507,8,4,31
1761622675.3500507,8,-4,32
1761622675.3890507,-2,-6,22
1761622675.4250507,-7,6,35
1761622675.4630508,3,4,40
1761622675.5010507,5,4,33
1761622675.5390508,2,-2,41
1761622675.5750508,0,-2,40
1761622675.6120508,-2,0,44
1761622675.6500506,-2,1,29
1761622675.6870508,-2,-2,27
1761622675.7250507,0,-2,38
1761622675.7620506,4,-3,42
1761622675.801051,0,2,36
1761622675.8390508,-10,-3,39
1761622675.8750508,-3,7,28
1761622675.9120507,-3,5,34
1761622675.9500508,1,3,42
1761622675.9860508,3,7,46
1761622676.0230508,-2,1,30
1761622676.061051,-2,-2,20
1761622676.0990508,-3,-6,27
1761622676.1350508,1,-3,30
1761622676.1720507,-1,0,33
1761622676.2100508,2,0,23
1761622676.2460508,1,-1,25
1761622676.2830508,-2,5,32
1761622676.3210506,-7,0,28
1761622676.3590508,0,0,31
1761622676.3960507,-2,-2,28
1761622676.4330506,-1,-2,42
1761622676.4710507,0,-5,43
1761622676.5100508,-1,-1,47
1761622676.5460508,-2,-6,33
1761622676.5830507,3,-7,33
1761622676.6210508,-2,0,33
1761622676.6590507,1,0,45
1761622676.6950507,-6,-1,43
1761622676.732051,2,-2,38
1761622676.7770507,4,-2,40
1761622676.814051,1,-4,40
1761622676.8520508,-6,-5,37
1761622676.8910508,-2,0,38
1761622676.9270508,0,0,28
1761622676.9640508,-1,0,32
1761622677.0020506,0,1,40
1761622677.0400507,2,-3,39
1761622677.0760508,4,-7,29
1761622677.1130507,6,4,23
1761622677.1510508,5,1,30
1761622677.1870508,-5,0,39
1761622677.2250507,-5,-3,34
1761622677.2630508,0,-4,40
1761622677.301051,2,-8,34
1761622677.337051,0,-5,38
1761622677.3760507,0,-4,35
1761622677.413051,0,-6,38
1761622677.4510508,-6,-4,24
1761622677.4870508,0,2,22
1761622677.5240507,-1,-6,29
1761622677.5620508,-6,-8,30
1761622677.6010506,3,-1,41
1761622677.6370506,3,-7,35
1761622677.6740508,-3,3,30
1761622677.712051,-1,-1,29
1761622677.7500508,3,-2,34
1761622677.7860508,0,-4,29
1761622677.8230507,1,0,20
1761622677.8610508,0,-4,31
1761622677.8970506,10,0,30
1761622677.9350507,0,-1,36
1761622677.972051,3,-1,34
1761622678.0110507,6,-7,30
1761622678.0470507,-7,-1,30
1761622678.084051,0,-5,29
1761622678.1220508,2,-2,44
1761622678.1600506,2,6,45
1761622678.1960506,0,-4,40
1761622678.2340508,-6,1,41
1761622678.2720506,5,-2,29
1761622678.3100507,9,-3,32
1761622678.3460507,7,-2,33
1761622678.383051,-2,-8,31
1761622678.4220507,1,-2,37
1761622678.4600508,7,4,42
1761622678.4960508,3,-2,43
1761622678.5330508,0,1,27
1761622678.5710506,1,-6,41
1761622678.607051,3,-10,38
1761622678.6440508,-1,2,39
1761622678.6820507,2,-2,35
1761622678.7200508,2,-3,29
1761622678.7560508,5,-1,20
1761622678.7930508,-8,-2,27
1761622678.8320508,1,4,34
1761622678.870051,1,-2,26
1761622678.9060507,3,-1,32
1761622678.9430506,0,-5,24
1761622678.9810507,4,-3,24
1761622679.0170507,3,0,33
1761622679.0550506,4,-2,32
1761622679.0930507,-4,-1,22
1761622679.1320508,-4,-5,27
1761622679.1680508,2,5,30
1761622679.2050507,0,-8,43
1761622679.2420506,0,-5,39
1761622679.2810507,2,-5,36
1761622679.3170507,-1,0,37
1761622679.3550508,0,-8,34
1761622679.3920507,-1,-8,29
1761622679.4310508,3,-8,32
1761622679.4670508,6,-9,37
1761622679.505051,-6,2,31
1761622679.5420508,-7,4,36
1761622679.5810506,-7,-3,27
1761622679.6170506,0,-1,25
1761622679.6540508,4,1,27
1761622679.6920507,4,1,38
1761622679.7280507,4,2,38
1761622679.7650506,-1,1,36
1761622679.8030508,1,-1,47
1761622679.8410506,-4,3,34
1761622679.8770506,0,5,32
1761622679.9140508,-3,3,29
1761622679.9520507,2,4,29
1761622679.9880507,3,-4,25
1761622680.0260508,3,-3,28
1761622680.064051,-3,-9,37
1761622680.1030507,0,-2,21
1761622680.1410508,4,-5,27
1761622680.1770508,2,-3,35
1761622680.2140508,4,2,13
1761622680.2520506,-3,-5,26
1761622680.288051,-4,-2,47
1761622680.3260508,0,-10,37
1761622680.3640506,8,-9,29
1761622680.403051,4,-8,23
1761622680.4410508,2,-6,24
1761622680.4770508,5,-3,39
1761622680.5140507,2,-8,37
1761622680.5530508,2,-4,37
1761622680.5910506,1,-1,33
1761622680.6270506,3,-1,27
1761622680.6640508,2,2,28
1761622680.7020507,4,-3,23
1761622680.7380507,5,3,29
1761622680.7750506,2,-2,21
1761622680.8130507,0,2,32
1761622680.8510506,3,2,25
1761622680.8870506,6,2,35
1761622680.9240508,0,-2,22
1761622680.962051,-2,0,36
1761622680.9980507,1,1,34
1761622681.0350506,-1,0,32
1761622681.0730507,6,1,34
1761622681.1090508,1,-1,30
1761622681.1460507,4,-2,24
1761622681.1830506,-6,-3,38
1761622681.222051,-2,2,36
1761622681.258051,-4,-5,30
1761622681.2960508,-4,-2,26
1761622681.3330507,-6,0,27
1761622681.3690507,2,0,29
1761622681.4060507,-2,-8,35
1761622681.4440508,-3,-4,34
1761622681.4830508,0,3,24
1761622681.5190508,-4,-1,21
1761622681.5570507,0,-3,27
1761622681.5940506,4,1,20
1761622681.6320508,-8,-3,24
1761622681.6680508,-6,-8,23
1761622681.7060506,-14,-6,22
1761622681.7440507,-6,-1,36
1761622681.7830508,-6,0,40
1761622681.8190508,-9,2,39
1761622681.8560507,-4,0,34
1761622681.893051,-3,-3,30
1761622681.9320507,-2,-1,38
1761622681.9680507,4,7,29
1761622682.005051,3,-1,35
1761622682.0430508,3,-3,48
1761622682.0790508,0,-2,44
1761622682.1170506,0,0,32
1761622682.1540508,0,-3,33
1761622682.1920507,3,-1,31
1761622682.2280507,-1,-6,26
1761622682.2650506,0,0,33
1761622682.3030508,6,-4,35
1761622682.3390508,-3,-4,39
1761622682.3770506,3,-3,43
1761622682.4150507,-1,0,43
1761622682.4530506,-5,-1,32
1761622682.4890506,-1,0,33
1761622682.5260508,5,1,20
1761622682.564051,4,1,24
1761622682.6020508,8,-3,37
1761622682.6380508,8,0,31
1761622682.6750507,5,0,38
1761622682.7130508,-2,3,22
1761622682.7490506,-2,0,32
1761622682.7860508,3,2,39
1761622682.824051,-4,-1,49
1761622682.8620508,-2,0,32
1761622682.8980508,-2,3,38
1761622682.9350507,0,0,28
1761622682.9740508,-1,0,34
1761622683.0120506,2,9,29
1761622683.0480506,1,3,26
1761622683.0850508,-2,-6,32
1761622683.1240506,0,1,31
1761622683.1620507,1,0,33
1761622683.1980507,0,0,22
1761622683.235051,4,-3,19
1761622683.2740507,1,-1,38
1761622683.3100507,-3,1,41
1761622683.347051,-2,-1,37
1761622683.3850508,2,1,27
1761622683.4230506,0,0,26
1761622683.459051,0,-1,35
1761622683.4960508,1,0,23
1761622683.5340507,0,-2,32
1761622683.5700507,0,-6,25
1761622683.607051,-3,-2,25
1761622683.6450508,4,0,46
1761622683.6830506,0,7,31
1761622683.7190506,3,4,32
1761622683.7560508,-1,12,27
1761622683.7940507,-6,-3,34
1761622683.8300507,-8,-2,39
1761622683.8670506,-3,-1,31
1761622683.9050508,-8,-2,37
1761622683.9440508,-9,-2,34
1761622683.9800508,0,-1,30
1761622684.0170507,0,-3,37
1761622684.0550506,-7,-3,29
1761622684.0940506,-5,-2,34
1761622684.130051,2,-3,29
1761622684.1670508,0,-6,27
1761622684.2050507,1,0,25
1761622684.2430508,-1,-12,27
1761622684.2790508,-5,-8,31
1761622684.3160508,-3,1,33
1761622684.3540506,3,0,39
1761622684.3900506,1,-2,29
1761622684.4270508,-1,5,31
1761622684.4650507,0,0,46
1761622684.5030508,0,5,29
1761622684.5390508,-2,2,30
1761622684.5760508,-6,2,35
1761622684.6140506,0,1,30
1761622684.6500506,1,0,33
1761622684.6870508,-6,-2,35
1761622684.7250507,0,-5,29
1761622684.7640507,2,-3,24
1761622684.8000507,-1,-6,41
1761622684.837051,0,-11,40
1761622684.8750508,2,-6,26
1761622684.913051,0,-2,14
1761622684.949051,0,-4,20
1761622684.9860508,5,0,28
1761622685.0240507,10,-2,22
1761622685.0600507,6,-2,30
1761622685.0980508,4,5,33
1761622685.1350508,-3,-2,39
1761622685.1740508,-2,-5,41
1761622685.2100508,2,-4,26
1761622685.2480507,-1,3,31
1761622685.2850506,-3,2,17
1761622685.324051,-11,-10,29
1761622685.360051,-6,0,31
1761622685.3980508,-15,5,42
1761622685.4350507,-9,8,32
1761622685.4710507,-5,3,48
1761622685.508051,-3,4,40
1761622685.5450506,-1,-1,37
1761622685.584051,6,2,47
1761622685.620051,5,0,49
1761622685.6570508,4,-2,38
1761622685.6950507,5,-6,36
1761622685.7310507,-4,2,32
1761622685.768051,-8,-2,30
1761622685.8060508,-3,-5,28
1761622685.8450508,-6,0,33
1761622685.8810508,-9,-1,31
1761622685.9190507,-3,5,32
1761622685.9560506,1,4,29
1761622685.9940507,2,-3,39
1761622686.0300508,0,-4,34
1761622686.0670507,-4,-7,39
1761622686.1060507,-2,0,31
1761622686.1440508,-2,-2,37
1761622686.1800506,-10,0,30
1761622686.2170508,2,7,33
1761622686.255051,2,2,38
1761622686.291051,0,4,29
1761622686.3280506,1,3,31
1761622686.3660507,0,1,35
1761622686.4040508,4,-2,35
1761622686.4400508,-1,-3,39
1761622686.4770508,-4,-6,39
1761622686.5160508,3,1,40
1761622686.5540507,0,1,37
1761622686.5900507,5,-1,42
1761622686.6270506,-2,2,26
1761622686.6650507,8,-5,30
1761622686.7010508,9,-2,33
1761622686.7380507,10,-2,26
1761622686.7840507,6,-5,38
1761622686.8200507,0,-1,35
1761622686.8580508,0,8,34
1761622686.8960507,3,1,26
1761622686.9340508,-4,-3,20
1761622686.9700508,-4,1,17
1761622687.0070508,4,1,26
1761622687.0450506,6,-3,36
1761622687.0810506,-2,-5,30
1761622687.1190507,-2,-2,30
1761622687.1570508,6,-7,34
1761622687.1950507,7,-3,24
1761622687.2310507,5,1,34
1761622687.2690508,3,9,30
1761622687.3060508,1,6,35
1761622687.3440506,5,0,33
1761622687.380051,-3,-2,26
1761622687.4190507,2,1,21
1761622687.4570508,-3,4,39
1761622687.495051,-3,0,37
1761622687.5310507,3,4,32
1761622687.5680506,2,-2,38
1761622687.6060507,1,-3,40
1761622687.6420507,2,-8,27
1761622687.6790507,-6,0,34
1761622687.7160506,-3,-5,16
1761622687.755051,3,-7,27
1761622687.791051,0,-6,21
1761622687.8280506,5,3,22
1761622687.8660507,8,0,26
1761622687.9020507,1,1,37
1761622687.939051,0,-1,39
1761622687.9770508,4,-4,35
1761622688.0150506,7,-4,31
1761622688.051051,4,2,25
1761622688.0880508,3,6,34
1761622688.1260507,12,2,39
1761622688.1620507,8,7,31
1761622688.199051,9,7,38
1761622688.2360508,3,-8,30
1761622688.2720506,-4,-4,32
1761622688.3090508,-9,-3,43
1761622688.3480508,-4,2,27
1761622688.3860507,-5,0,33
1761622688.4220507,-2,1,38
1761622688.459051,-3,4,30
1761622688.4970508,2,0,28
1761622688.5360508,6,5,31
1761622688.5720508,-2,1,33
1761622688.6090508,-2,-3,35
1761622688.6470506,0,-1,31
1761622688.686051,-10,-3,27
1761622688.722051,-8,0,27
1761622688.7610507,-3,-2,23
1761622688.7980506,2,2,36
1761622688.8360507,2,2,26
1761622688.8720508,3,1,34
1761622688.9100506,3,2,36
1761622688.9470508,0,-5,39
1761622688.9860508,0,-3,31
1761622689.0220506,-2,0,32
1761622689.0600507,-3,-5,31
1761622689.0980508,3,-4,26
1761622689.1360507,0,-13,28
1761622689.1720507,1,-8,34
1761622689.2100508,-7,-7,29
1761622689.2480507,-10,-9,38
1761622689.2870507,-6,-7,37
1761622689.3250508,6,0,23
1761622689.3610508,2,0,26
1761622689.3980508,0,8,21
1761622689.436051,4,2,21
1761622689.472051,0,-3,40
1761622689.5100508,2,-3,39
1761622689.5470507,-1,0,45
1761622689.5850508,0,-2,37
1761622689.6210508,-3,1,34
1761622689.6580508,0,0,39
1761622689.6960506,4,-6,24
1761622689.732051,0,-4,25
1761622689.7690508,0,0,38
1761622689.8070507,3,3,30
1761622689.8450508,0,-1,20
1761622689.8810508,0,0,31
1761622689.9190507,0,-4,24
1761622689.9570508,-2,3,39
1761622689.9930508,-4,-3,35
1761622690.0310507,-1,-1,31
1761622690.0690508,1,2,27
1761622690.107051,1,-5,24
1761622690.143051,2,-2,30
1761622690.1810508,2,-1,44
1761622690.2190506,3,5,32
1761622690.2570508,0,0,31
1761622690.2930508,-1,-2,27
1761622690.3310506,-2,-12,43
1761622690.3690507,-4,-8,39
1761622690.4070508,-2,4,29
1761622690.4460506,9,-2,22
1761622690.482051,12,-1,29
1761622690.5190508,4,1,21
1761622690.5570507,3,-1,40
1761622690.5930507,-1,1,33
1761622690.6310508,-1,-3,29
1761622690.6690507,0,1,24
1761622690.7070508,-4,0,22
1761622690.7430508,0,0,21
1761622690.7800508,-7,-1,33
1761622690.8180506,0,-1,32
1761622690.8560507,3,2,28
1761622690.8920507,4,4,34
1761622690.9290507,-4,2,39
1761622690.9670508,6,8,42
1761622691.0030508,5,3,34
1761622691.0400507,1,-2,27
1761622691.0780506,3,1,26
1761622691.1160507,0,1,28
1761622691.1520507,-3,0,37
1761622691.189051,0,-7,34
1761622691.2270508,1,-1,34
1761622691.2630508,0,-1,25
1761622691.301051,4,0,42
1761622691.3380508,1,-6,31
1761622691.3760507,-5,-1,28
1761622691.4120507,-8,1,29
1761622691.449051,-2,-1,37
1761622691.4880507,-1,-2,35
1761622691.5260508,3,-3,37
1761622691.5620508,2,-5,31
1761622691.5990508,0,-5,29
1761622691.6370506,-8,0,25
1761622691.6730506,-3,2,22
1761622691.7110507,0,0,25
1761622691.7480507,-1,8,27
1761622691.7860508,11,-1,27
1761622691.8220508,5,-2,38
1761622691.8590508,2,0,43
1761622691.8970506,-1,0,41
1761622691.9330506,6,4,41
1761622691.9700508,5,-6,34
1761622692.008051,2,0,31
1761622692.0440507,2,-4,34
1761622692.0810506,4,-8,38
1761622692.1190507,6,-7,29
1761622692.1580508,2,2,33
1761622692.1940508,-2,3,36
1761622692.2310507,-1,1,35
1761622692.268051,-6,1,27
1761622692.3040507,-8,1,33
1761622692.3420508,-7,-4,35
1761622692.3790507,-2,-5,26
1761622692.4180508,2,-4,47
1761622692.4540508,0,1,39
1761622692.4910507,-4,-3,29
1761622692.5290508,0,-4,40
1761622692.5680506,-4,-10,38
1761622692.6040506,0,-6,41
1761622692.6410508,-2,0,31
1761622692.6780508,5,0,24
1761622692.7140508,1,-7,29
1761622692.7510507,-3,-7,35
1761622692.7890508,0,-3,35
1761622692.8270507,-2,0,22
1761622692.8630507,-5,-1,25
1761622692.9000506,-5,-3,29
1761622692.939051,-11,0,23
1761622692.9770508,-6,0,31
1761622693.0130508,-3,1,27
1761622693.0500507,3,0,22
1761622693.0880508,-1,0,32
1761622693.1240506,-1,1,33
1761622693.1620507,8,3,30
1761622693.199051,9,-2,33
1761622693.2380507,1,-1,22
1761622693.2740507,-3,-1,27
1761622693.3120508,-3,-1,17
1761622693.3500507,3,0,26
1761622693.3880508,0,1,27
1761622693.4240508,0,-4,27
1761622693.462051,-9,0,32
1761622693.4990506,3,1,24
1761622693.5370507,6,0,26
1761622693.5730507,-6,-1,38
1761622693.610051,-1,-2,35
1761622693.6490507,-2,-3,34
1761622693.6870508,0,3,27
1761622693.7230508,1,0,33
1761622693.7600508,-3,2,29
1761622693.7980506,-3,-5,39
1761622693.834051,0,-4,39
1761622693.8710508,0,-1,26
1761622693.9090507,1,1,32
1761622693.9470508,8,-5,23
1761622693.9830508,5,-6,24
1761622694.0210507,-4,2,35
1761622694.0590508,-4,-2,29
1761622694.097051,1,-5,30
1761622694.133051,0,-6,30
1761622694.1710508,10,-3,20
1761622694.2100508,-3,-2,35
1761622694.2480507,1,-8,39
1761622694.2840507,-1,0,38
1761622694.3210506,0,-1,40
1761622694.3590508,-1,1,28
1761622694.3960507,0,0,30
1761622694.4330506,-5,0,37
1761622694.4710507,0,-10,33
1761622694.5090508,-5,-2,35
1761622694.5460508,-1,-4,32
1761622694.5830507,5,-3,25
1761622694.6210508,-1,1,25
1761622694.6590507,2,-3,30
1761622694.6950507,3,-4,29
1761622694.7330508,4,0,23
1761622694.7710507,0,8,32
1761622694.8090508,2,-4,29
1761622694.8450508,4,-2,34
1761622694.883051,2,2,37
1761622694.9210508,0,2,44
1761622694.959051,1,-2,27
1761622694.995051,1,0,34
1761622695.0320508,0,1,28
1761622695.0700507,0,-3,28
1761622695.1080508,-3,-5,26
1761622695.1440508,-2,-4,18
1761622695.1810508,0,0,25
1761622695.2190506,-3,-1,28
1761622695.255051,0,1,37
1761622695.2920508,-1,3,32
1761622695.3300507,-3,0,43
1761622695.3680508,-5,-4,32
1761622695.4040508,-2,-3,32
1761622695.4410508,0,-9,40
1761622695.4800508,-1,0,48
1761622695.518051,0,-3,40
1761622695.5540507,-2,-6,27
1761622695.5910506,7,-6,27
1761622695.6290507,1,0,37
1761622695.6650507,0,3,28
1761622695.7030506,-8,2,36
1761622695.7400508,0,-6,35
1761622695.778051,8,1,24
1761622695.814051,2,1,26
1761622695.8510506,3,-4,29
1761622695.8890507,6,-3,37
1761622695.9250507,0,-5,38
1761622695.9630508,3,1,36
1761622696.0000508,0,0,39
1761622696.038051,-1,-2,31
1761622696.074051,3,-1,34
1761622696.1110508,-1,-8,37
1761622696.1500506,-7,-2,41
1761622696.1880507,-2,-9,32
1761622696.2240508,0,-7,42
1761622696.2610507,0,-10,34
1761622696.2990508,-6,-7,37
1761622696.3350508,0,-2,22
1761622696.3720508,0,1,23
1761622696.4100506,-5,-2,38
1761622696.4480507,-1,-7,42
1761622696.485051,4,4,38
1761622696.5220506,4,1,32
1761622696.5600507,-1,0,31
1761622696.5960507,4,0,29
1761622696.633051,-7,2,33
1761622696.6700506,-1,-2,32
1761622696.709051,0,0,35
1761622696.745051,-5,0,21
1761622696.791051,-3,0,27
1761622696.8290508,-8,3,24
1761622696.8650508,-6,6,23
1761622696.903051,-6,-3,25
1761622696.9400508,-3,-2,21
1761622696.9790506,-6,-1,33
1761622697.0150506,-4,-3,28
1761622697.0520508,-6,-7,37
1761622697.0900507,-6,-6,43
1761622697.1290507,1,-4,39
1761622697.1650507,-3,-7,38
1761622697.2020507,-4,-7,39
1761622697.2410507,3,-3,30
1761622697.2790508,4,-4,32
1761622697.3150508,6,-7,35
1761622697.3530507,-4,-7,35
1761622697.3910508,6,-13,38
1761622697.4290507,2,-3,35
1761622697.4650507,7,-6,31
1761622697.5020506,0,1,37
1761622697.5400507,-6,-1,34
1761622697.5760508,-2,0,31
1761622697.6130507,0,-2,39
1761622697.6510508,-3,-2,35
1761622697.6900508,0,4,44
1761622697.7260506,-7,9,36
1761622697.7630508,-3,3,33
1761622697.801051,-4,-5,30
1761622697.8390508,-2,-8,31
1761622697.8750508,-1,-1,40
1761622697.9120507,2,3,36
1761622697.9500508,-2,0,35
1761622697.9870508,0,0,36
1761622698.0240507,-4,-7,43
1761622698.0620508,-4,0,40
1761622698.1000507,-2,6,35
1761622698.1360507,-3,5,43
1761622698.1740508,-2,2,49
1761622698.2110507,0,3,39
1761622698.2490506,5,0,36
1761622698.2850506,3,-2,26
1761622698.3220508,0,-3,31
1761622698.360051,0,-5,21
1761622698.3960507,-5,-11,24
1761622698.4340508,-1,-5,34
1761622698.472051,3,-9,23
1761622698.5100508,6,-2,34
1761622698.5470507,3,3,34
1761622698.584051,1,0,20
1761622698.6210508,2,-3,25
1761622698.6570508,-4,2,24
1761622698.6950507,-6,4,35
1761622698.732051,0,0,38
1761622698.7700508,0,0,48
1761622698.8060508,-3,1,41
1761622698.8430507,0,0,37
1761622698.8810508,-1,-1,33
1761622698.9170508,-3,-5,41
1761622698.9540508,-5,-5,34
1761622698.9920506,-4,0,34
1761622699.0310507,2,-6,42
1761622699.0670507,-2,-4,39
1761622699.1040506,0,-1,37
1761622699.1420507,2,-1,30
1761622699.1800506,-3,-5,30
1761622699.2160506,2,-3,28
1761622699.2540507,-3,-1,39
1761622699.291051,0,-6,31
1761622699.3270507,-2,-4,18
1761622699.3640506,3,1,34
1761622699.4020507,-2,1,44
1761622699.4400508,2,-3,37
1761622699.4760506,4,-4,31
1761622699.5140507,-3,0,32
1761622699.5520508,0,0,28
1761622699.5900507,-3,2,35
1761622699.6260507,-9,4,32
1761622699.6640508,0,-1,37
1761622699.7020507,-2,-2,29
1761622699.7400508,-6,-6,32
1761622699.7760508,-4,-5,30
1761622699.8130507,-3,-2,27
1761622699.8520508,1,-6,30
1761622699.8900506,-3,-3,18
1761622699.926051,-5,-1,21
1761622699.9640508,0,-4,29
1761622700.0020506,-4,-1,28
1761622700.041051,1,-4,29
1761622700.0770507,1,0,26
1761622700.1140506,3,4,34
1761622700.1520507,3,4,30
1761622700.1900508,0,0,40
1761622700.2260506,-3,2,38
1761622700.2640507,-3,3,31
1761622700.3020508,-4,-1,27
1761622700.3400507,-10,-5,34
1761622700.3760507,-7,0,33
1761622700.4140508,5,5,22
1761622700.4520507,3,1,22
1761622700.4900508,10,4,25
1761622700.5260508,4,-3,27
1761622700.564051,4,5,19
1761622700.6020508,4,-6,27
1761622700.6380508,0,-5,32
1761622700.6750507,2,-5,34
1761622700.712051,-3,-7,42
1761622700.7510507,0,-6,46
1761622700.7870507,5,0,32
1761622700.824051,3,0,42
1761622700.8620508,-5,-4,45
1761622700.8980508,0,-3,51
1761622700.9350507,-3,-2,41
1761622700.9730508,-4,6,33
1761622701.0110507,-4,0,37
1761622701.0480506,-7,-4,32
1761622701.0850508,-9,-2,25
1761622701.1230507,-5,-2,31
1761622701.1620507,-1,-9,31
1761622701.1980507,1,-5,33
1761622701.235051,-5,-3,35
1761622701.2730508,0,3,30
1761622701.311051,-3,-4,27
1761622701.347051,4,1,28
1761622701.3840508,-2,-7,19
1761622701.4220507,-3,0,35
1761622701.4580507,1,5,36
1761622701.4960508,1,0,36
1761622701.5330508,-3,-4,28
1761622701.5720508,1,-1,47
1761622701.6080508,6,0,34
1761622701.6460507,3,0,32
1761622701.6830506,0,4,34
1761622701.7210507,0,-5,30
1761622701.7570508,-3,0,25
1761622701.7940507,-1,-3,31
1761622701.8330507,-1,-5,38
1761622701.8710508,-1,-7,26
1761622701.9070508,-4,2,29
1761622701.9440508,1,0,24
1761622701.982051,-3,7,23
1761622702.018051,0,-1,32
1761622702.0550506,1,-5,43
1761622702.0930507,-5,-8,35
1761622702.1310508,3,-4,27
1761622702.1670508,-1,-1,31
1761622702.2040508,-1,1,22
1761622702.2430508,1,1,25
1761622702.2810507,-2,-4,30
1761622702.3170507,-3,-4,36
1761622702.3540506,4,1,34
1761622702.393051,0,2,33
1761622702.4310508,-9,3,29
1761622702.4670508,-6,0,27
1761622702.505051,-4,-1,26
1761622702.5430508,-5,0,23
1761622702.5810506,-4,6,35
1761622702.6170506,0,1,31
1761622702.6550508,-1,0,38
1761622702.6930506,2,0,32
1761622702.7290506,2,-3,39
1761622702.7660508,3,0,25
1761622702.8030508,-1,0,38
1761622702.8390508,6,-1,40
1761622702.8760507,6,-3,36
1761622702.913051,-2,4,30
1761622702.949051,-2,6,35
1761622702.9860508,1,2,43
1761622703.0230508,-1,0,41
1761622703.0590508,-9,-1,38
1761622703.0960507,-2,-6,39
1761622703.1340508,0,-7,31
1761622703.1730506,4,-7,32
1761622703.209051,5,-3,24
1761622703.2460508,2,1,30
1761622703.2830508,-3,-9,28
1761622703.3220508,-1,0,36
1761622703.3580508,0,0,36
1761622703.3960507,6,-1,26
1761622703.4330506,2,0,29
1761622703.4690506,7,-2,23
1761622703.5070508,-3,-7,40
1761622703.5450506,0,-8,36
1761622703.5830507,-2,0,20
1761622703.6190507,0,-2,33
1761622703.6570508,4,1,42
1761622703.6950507,14,-5,37
1761622703.7330508,7,0,37
1761622703.7690508,4,0,37
1761622703.8070507,0,-8,41
1761622703.8440506,-4,-2,42
1761622703.883051,0,-2,49
1761622703.9190507,-3,0,43
1761622703.9570508,0,0,44
1761622703.9940507,6,2,44
1761622704.0330508,2,2,32
1761622704.0690508,4,0,36
1761622704.1060507,0,3,34
1761622704.1440508,5,0,40
1761622704.1820507,-5,-2,35
1761622704.2180507,-2,-6,22
1761622704.2560508,0,-2,31
1761622704.2940507,0,-1,26
1761622704.3320508,-4,-9,36
1761622704.3680508,0,-5,26
1761622704.4050508,3,-6,39
1761622704.4430506,0,-2,35
1761622704.4800508,2,0,36
1761622704.5170507,4,1,35
1761622704.5540507,-4,-2,44
1761622704.5930507,1,-2,36
1761622704.630051,2,2,28
1761622704.6670508,-7,-2,26
1761622704.7050507,-4,0,33
1761622704.7440507,3,1,37
1761622704.7820508,4,0,33
1761622704.8180506,1,1,43
1761622704.8550508,0,0,33
1761622704.893051,1,0,31
1761622704.9290507,1,-5,33
1761622704.9670508,-4,-3,37
1761622705.005051,-6,-9,17
1761622705.0440507,0,-6,23
1761622705.0800507,1,1,23
1761622705.1170506,1,4,21
1761622705.1540508,0,2,32
1761622705.1900508,4,2,35
1761622705.2270508,-2,-2,45
1761622705.2650506,-1,-2,44
1761622705.3040507,0,-3,42
1761622705.3400507,2,4,45
1761622705.3770506,0,4,29
1761622705.4140508,-3,-3,38
1761622705.4530506,-7,-5,30
1761622705.4890506,-7,0,35
1761622705.5260508,0,-6,35
1761622705.564051,3,-4,26
1761622705.6000507,-2,0,38
1761622705.6370506,-8,3,26
1761622705.676051,-3,5,27
1761622705.7140508,1,-1,27
1761622705.7500508,12,-5,19
1761622705.7870507,4,-1,37
1761622705.8250508,0,-3,19
1761622705.8630507,3,-7,22
1761622705.8990507,-2,-3,21
1761622705.9370508,0,-1,33
1761622705.9750507,4,-6,37
1761622706.0130508,4,-2,25
1761622706.0490508,-2,-7,31
1761622706.0860507,-4,-6,33
1761622706.1250508,-2,-5,39
1761622706.163051,5,-1,30
1761622706.199051,4,-7,45
1761622706.2370508,4,-6,28
1761622706.2750506,0,-8,26
1761622706.3130507,4,-6,37
1761622706.3500507,-3,-4,38
1761622706.3870506,-5,-1,31
1761622706.4250507,-1,-8,30
1761622706.4640508,-1,-4,23
1761622706.5000508,-2,-1,27
1761622706.5370507,-1,-1,29
1761622706.5750508,-1,0,14
1761622706.6140506,7,-3,37
1761622706.6500506,0,-2,38
1761622706.6870508,-3,-5,31
1761622706.7250507,-3,-2,33
1761622706.7640507,-1,-5,31
1761622706.8080506,0,-6,28
1761622706.8460507,6,3,31
1761622706.8850508,-8,-6,27
1761622706.9230506,-4,-10,22
1761622706.959051,-4,-7,23
1761622706.9970508,1,-1,47
1761622707.0350506,8,-3,32
1761622707.0730507,11,-4,39
1761622707.1090508,9,-1,40
1761622707.1460507,3,-2,39
1761622707.1840508,-4,2,47
1761622707.2200508,-1,-3,36
1761622707.2570508,-5,-2,30
1761622707.2950506,-11,-4,25
1761622707.334051,-10,0,32
1761622707.370051,-1,2,39
1761622707.4070508,0,-5,31
1761622707.4450507,-2,-5,35
1761622707.4810507,-7,-6,33
1761622707.518051,3,-1,32
1761622707.5550506,9,3,30
1761622707.5910506,2,0,34
1761622707.6280508,1,2,30
1761622707.6650507,1,0,33
1761622707.7010508,4,-3,32
1761622707.7380507,0,1,21
1761622707.7750506,-4,0,28
1761622707.811051,-1,-2,28
1761622707.8480508,4,-7,30
1761622707.8860507,-5,3,39
1761622707.9240508,-1,-5,39
1761622707.9600508,5,-1,38
1761622707.9970508,3,-6,35
1761622708.0360508,-1,-10,37
1761622708.074051,-1,-3,37
1761622708.110051,0,-4,30
1761622708.1470506,2,-3,18
1761622708.186051,3,0,26
1761622708.2240508,-2,-5,22
1761622708.2600508,-9,-8,31
1761622708.2970507,3,-5,41
1761622708.3350508,8,-5,36
1761622708.3710508,-3,-6,23
1761622708.4090507,-6,0,36
1761622708.4470508,0,-11,25
1761622708.4860508,4,0,19
1761622708.5240507,0,5,28
1761622708.5600507,0,5,33
1761622708.597051,1,2,38
1761622708.6350508,0,3,35
1761622708.6710508,-5,-3,33
1761622708.709051,-8,-2,32
1761622708.7470508,-4,-3,37
1761622708.7860508,-8,-3,38
1761622708.824051,-3,-2,28
1761622708.860051,-3,-1,38
1761622708.8970506,0,-5,37
1761622708.936051,-6,-4,26
1761622708.9740508,-1,0,31
1761622709.0100508,-2,0,31
1761622709.0470507,-5,-3,33
1761622709.0860507,-3,0,28
1761622709.1240506,-5,0,33
1761622709.1600506,-1,-2,31
1761622709.199051,-2,-7,39
1761622709.2360508,2,-1,31
1761622709.2750506,-6,-3,21
1761622709.311051,0,-2,14
1761622709.3480508,3,0,24
1761622709.3860507,1,-1,24
1761622709.4220507,4,5,29
1761622709.4600508,-1,-5,35
1761622709.4980507,10,-5,47
1761622709.5360508,0,5,49
1761622709.5720508,-1,1,36
1761622709.610051,-2,-2,39
1761622709.6490507,-2,-4,44
1761622709.686051,3,-1,31
1761622709.722051,4,0,29
1761622709.7600508,0,-1,20
1761622709.7970507,0,2,28
1761622709.8350508,-7,-2,20
1761622709.8710508,-5,-1,26
1761622709.9080508,-1,-7,27
1761622709.9460506,-1,-9,35
1761622709.985051,-1,3,36
1761622710.0210507,0,5,30
1761622710.0580506,6,3,35
1761622710.0960507,2,4,36
1761622710.1320508,4,1,32
1761622710.1690507,-3,0,39
1761622710.2080507,0,-6,43
1761622710.2460508,-3,-3,45
1761622710.2820508,1,-7,32
1761622710.3190508,8,-2,51
1761622710.357051,2,-5,36
1761622710.3950508,-3,-8,31
1761622710.4310508,-8,-10,33
1761622710.4680507,-5,-9,26
1761622710.5070508,2,-3,44
1761622710.5450506,-1,-2,38
1761622710.5810506,3,1,38
1761622710.6180508,2,-1,35
1761622710.6560507,4,-1,38
1761622710.6920507,0,-3,32
1761622710.7290506,1,2,26
1761622710.7670507,-1,6,25
1761622710.8050506,-3,1,27
1761622710.8410506,-1,-2,32
1761622710.8790507,-8,0,35
1761622710.9170508,-1,2,30
1761622710.9550507,0,7,30
1761622710.9910507,4,3,31
1761622711.028051,5,3,34
1761622711.0670507,0,-1,34
1761622711.1050508,1,4,35
1761622711.1410508,-1,-1,23
1761622711.1780508,-6,-3,30
1761622711.2170508,-2,-5,32
1761622711.255051,2,-7,31
1761622711.291051,0,-1,20
1761622711.3280506,3,-6,24
1761622711.3670506,-7,-5,33
1761622711.403051,3,0,30
1761622711.4400508,1,0,33
1761622711.4770508,3,4,27
1761622711.5130508,-3,-4,31
1761622711.5500507,-1,-6,43
1761622711.5880508,-2,-6,38
1761622711.6270506,0,0,35
1761622711.663051,0,-3,29
1761622711.7000508,4,0,36
1761622711.7370508,5,-3,29
1761622711.7730508,0,-2,28
1761622711.8100507,0,0,34
1761622711.847051,-6,-3,39
1761622711.8860507,-7,-4,29
1761622711.9220507,-5,7,38
1761622711.959051,-2,7,28
1761622711.9970508,-7,7,29
1761622712.0330508,-2,3,41
1761622712.0700507,4,0,31
1761622712.107051,0,1,46
1761622712.143051,5,3,37
1761622712.1800506,0,4,31
1761622712.2170508,-2,-1,27
1761622712.2560508,-2,3,33
1761622712.2920508,4,-2,35
1761622712.3290508,3,2,17
1761622712.3670506,5,1,25
1761622712.403051,0,-3,22
1761622712.4400508,0,-4,24
1761622712.4790506,3,-2,33
1761622712.5170507,2,-1,20
1761622712.5530508,-7,-1,28
1761622712.5900507,7,0,40
1761622712.6280508,2,-3,38
1761622712.666051,-2,-2,37
1761622712.7020507,-5,-1,36
1761622712.7390506,2,3,34
1761622712.7770507,2,7,31
1761622712.8130507,4,2,28
1761622712.8500507,1,0,28
1761622712.8880508,1,5,29
1761622712.926051,-4,1,33
1761622712.962051,-6,2,21
1761622712.9990506,-2,-1,23
1761622713.038051,-6,-6,32
1761622713.0760508,-1,-4,26
1761622713.1120508,-1,2,29
1761622713.1490507,0,3,24
1761622713.1870508,-2,-3,30
1761622713.2230508,-3,0,34
1761622713.2610507,-4,6,27
1761622713.2980506,-1,-2,37
1761622713.337051,-4,1,37
1761622713.3730507,-8,1,39
1761622713.4110508,-7,4,38
1761622713.4480507,-6,3,35
1761622713.4860508,3,-8,34
1761622713.5220506,1,-6,32
1761622713.5590508,-5,6,26
1761622713.5980508,-3,3,35
1761622713.6340508,2,0,40
1761622713.6710508,3,-4,40
1761622713.709051,4,-3,27
1761622713.7480507,-3,7,33
1761622713.7840507,-1,2,34
1761622713.8210506,2,1,39
1761622713.8590508,1,1,33
1761622713.8970506,-3,4,28
1761622713.9330506,-1,2,35
1761622713.9700508,-4,5,24
1761622714.008051,2,-5,30
1761622714.0440507,2,-3,34
1761622714.0820508,-3,-4,35
1761622714.120051,1,0,42
1761622714.1580508,0,3,27
1761622714.1940508,11,0,17
1761622714.232051,1,-3,41
1761622714.2690508,3,5,47
1761622714.3070507,6,-2,30
1761622714.3430507,1,-3,35
1761622714.380051,-2,-4,28
1761622714.4180508,0,2,26
1761622714.4540508,6,6,34
1761622714.4910507,0,-2,33
1761622714.5290508,-6,0,39
1761622714.5670507,0,0,38
1761622714.6030507,0,-2,37
1761622714.6400506,-5,-5,39
1761622714.6790507,-7,-2,34
1761622714.7170508,4,7,39
1761622714.7530508,0,6,34
1761622714.7900507,4,2,26
1761622714.8280506,-3,-5,27
1761622714.8640506,-4,-3,29
1761622714.9020507,-9,-1,25
1761622714.9400508,0,2,23
1761622714.9790506,6,1,23
1761622715.0170507,-4,-2,34
1761622715.0530508,0,3,25
1761622715.0910506,1,-1,30
1761622715.1290507,2,3,21
1761622715.1670508,-4,-1,32
1761622715.2030506,-2,11,37
1761622715.2400508,-2,2,30
1761622715.2790508,2,0,33
1761622715.3170507,4,-1,40
1761622715.3530507,7,5,34
1761622715.3910508,-3,2,30
1761622715.4290507,-1,-1,25
1761622715.4670508,8,3,33
1761622715.5030508,6,-3,36
1761622715.5400507,1,3,40
1761622715.5790508,-1,-4,34
1761622715.6170506,-3,0,45
1761622715.653051,-2,-3,40
1761622715.6910508,2,5,40
1761622715.7290506,-6,0,28
1761622715.7650506,-4,-4,27
1761622715.8020508,-6,-5,41
1761622715.8410506,2,-1,31
1761622715.8790507,2,-5,24
1761622715.9150507,4,0,31
1761622715.9520507,0,0,30
1761622715.9890506,1,0,36
1761622716.0250506,6,-4,31
1761622716.0630507,3,-3,23
1761622716.1000507,10,-7,30
1761622716.1380508,1,-4,27
1761622716.1740508,4,2,38
1761622716.2110507,3,-3,31
1761622716.2490506,3,5,41
1761622716.2850506,3,-1,39
1761622716.3230507,1,-2,38
1761622716.3610508,1,-1,42
1761622716.3990507,2,-10,41
1761622716.4350507,0,-4,36
1761622716.472051,-2,-7,37
1761622716.5100508,1,0,40
1761622716.5480506,-5,-2,39
1761622716.584051,-3,-1,33
1761622716.6210508,-4,1,22
1761622716.6590507,-3,-2,33
1761622716.6950507,2,0,38
1761622716.732051,-5,-4,28
1761622716.7700508,1,-3,41
1761622716.814051,1,-4,46
1761622716.8520508,-4,-3,34
1761622716.8910508,-7,-4,31
1761622716.9290507,-8,-4,33
1761622716.9650507,-2,-6,23
1761622717.0020506,-4,1,21
1761622717.041051,6,0,33
1761622717.0790508,5,-7,29
1761622717.1150508,5,-1,27
1761622717.1520507,1,0,27
1761622717.1900508,4,-1,33
1761622717.2290506,1,2,30
1761622717.2650506,-2,-2,30
1761622717.3020508,0,-2,29
1761622717.3400507,-6,0,34
1761622717.3780508,-3,0,36
1761622717.4140508,-1,-1,40
1761622717.4520507,2,4,37
1761622717.4900508,-4,-6,28
1761622717.528051,-3,-12,34
1761622717.564051,-5,-5,41
1761622717.6020508,4,-3,32
1761622717.6400506,5,-1,38
1761622717.6780508,7,0,49
1761622717.7140508,4,-8,35
1761622717.7510507,3,-5,31
1761622717.7890508,4,-8,35
1761622717.8250508,0,-5,30
1761622717.8630507,-1,-4,26
1761622717.9010508,-1,0,28
1761622717.939051,6,-3,35
1761622717.9750507,8,1,35
1761622718.0130508,1,2,35
1761622718.0500507,1,-6,30
1761622718.0860507,-1,0,39
1761622718.1230507,-3,-3,31
1761622718.1610508,2,0,28
1761622718.199051,2,2,30
1761622718.235051,5,3,23
1761622718.2720506,0,3,33
1761622718.3100507,-1,1,32
1761622718.3460507,-4,0,27
1761622718.383051,-6,0,26
1761622718.4210508,-4,0,30
1761622718.459051,-4,1,20
1761622718.495051,1,6,24
1761622718.5320508,0,0,24
1761622718.5700507,-3,-1,36
1761622718.6060507,-3,-3,29
1761622718.6440508,5,0,37
1761622718.6810508,5,-2,50
1761622718.7200508,6,-2,33
1761622718.7560508,-6,2,34
1761622718.7930508,-4,-2,29
1761622718.8310506,-9,-4,35
1761622718.870051,-6,1,46
1761622718.9060507,4,-1,49
1761622718.9440508,-5,2,40
1761622718.982051,0,0,41
1761622719.0200508,4,-10,43
1761622719.0560508,7,-3,33
1761622719.0940506,-4,-2,39
1761622719.1320508,0,0,31
1761622719.1700506,-4,0,27
1761622719.2060506,-1,1,21
1761622719.2440507,2,2,29
1761622719.2820508,4,-5,36
1761622719.3200507,3,-7,33
1761622719.3560507,3,-8,34
1761622719.3940508,-3,-3,33
1761622719.4330506,-4,-2,28
1761622719.4710507,-4,-3,26
1761622719.5090508,-6,-3,29
1761622719.5450506,1,4,34
1761622719.5820508,-2,2,31
1761622719.6210508,-8,-3,29
1761622719.6590507,0,-4,33
1761622719.6950507,0,-11,40
1761622719.732051,-2,-7,39
1761622719.7710507,3,3,41
1761622719.8090508,8,2,41
1761622719.8450508,3,0,34
1761622719.8820508,3,-11,35
1761622719.9210508,2,-3,38
1761622719.959051,2,-3,39
1761622719.995051,-2,-8,43
1761622720.0330508,2,0,29
1761622720.0710506,-4,-2,33
1761622720.107051,0,0,39
1761622720.1440508,-6,-7,30
1761622720.1830506,-4,2,40
1761622720.2210507,2,-1,34
1761622720.2570508,3,2,32
1761622720.2940507,6,-2,36
1761622720.3310506,1,0,29
1761622720.3670506,1,-6,36
1761622720.4040508,1,0,34
1761622720.4420507,0,-4,41
1761622720.4800508,0,-3,36
1761622720.5160508,1,-4,31
1761622720.5530508,-2,-5,31
1761622720.5910506,-6,0,37
1761622720.630051,-1,0,42
1761622720.666051,-2,-1,26
1761622720.7040508,-4,0,28
1761622720.7410507,-1,3,32
1761622720.7800508,1,6,33
1761622720.8160508,6,-2,38
1761622720.8530507,2,-1,46
1761622720.8910508,5,-7,31
1761622720.9270508,4,-2,14
1761622720.9650507,0,0,16
1761622721.0020506,0,0,24
1761622721.0400507,4,0,37
1761622721.0760508,0,-4,39
1761622721.1130507,0,1,23
1761622721.1510508,7,-6,35
1761622721.1870508,2,0,34
1761622721.2250507,0,1,40
1761622721.2620506,9,-6,28
1761622721.3000507,-3,-3,27
1761622721.3360507,-4,-2,32
1761622721.3730507,-7,-9,41
1761622721.4120507,-5,0,36
1761622721.4500508,-3,5,32
1761622721.4860508,-1,-2,38
1761622721.5230508,-4,-1,36
1761622721.5620508,0,-2,22
1761622721.6000507,1,-3,25
1761622721.6360507,0,-1,37
1761622721.6730506,-1,0,29
1761622721.7110507,2,-6,27
1761622721.7470508,-3,-3,35
1761622721.7860508,2,-1,29
1761622721.8230507,1,-7,36
1761622721.8610508,-3,-1,38
1761622721.8970506,-2,-1,36
1761622721.9350507,1,-3,35
1761622721.9730508,3,0,36
1761622722.0110507,-1,4,32
1761622722.0470507,-6,0,39
1761622722.084051,4,3,32
1761622722.1220508,0,2,40
1761622722.1600506,1,2,36
1761622722.1960506,0,2,30
1761622722.2330508,-1,0,34
1761622722.2710507,-3,1,39
1761622722.3070507,0,1,31
1761622722.3450508,-4,3,26
1761622722.3820508,-4,4,40
1761622722.4180508,0,2,50
1761622722.4550507,2,1,44
1761622722.4930508,0,0,43
1761622722.5310507,1,4,47
1761622722.5670507,3,1,40
1761622722.6040506,1,0,33
1761622722.6420507,9,-3,29
1761622722.6780508,11,1,27
1761622722.7150507,8,0,31
1761622722.7520506,3,-2,25
1761622722.788051,0,-4,25
1761622722.8260508,0,-3,34
1761622722.8640506,2,-7,27
1761622722.9020507,-1,-3,37
1761622722.9410508,-1,-2,30
1761622722.9770508,0,-2,45
1761622723.0140507,-7,1,34
1761622723.0520508,-8,1,27
1761622723.0880508,-5,-2,25
1761622723.1260507,-7,-7,32
1761622723.1640508,1,1,40
1761622723.2030506,-1,0,39
1761622723.2410507,-8,0,32
1761622723.2770507,4,-3,21
1761622723.314051,4,-3,25
1761622723.3530507,5,-4,24
1761622723.3910508,7,-4,37
1761622723.4270508,0,-2,36
1761622723.4640508,-5,-1,34
1761622723.5030508,-6,2,28
1761622723.541051,8,-1,32
1761622723.5780506,1,4,33
1761622723.6150508,0,6,42
1761622723.653051,3,-6,39
1761622723.6910508,2,0,28
1761622723.7270508,0,2,26
1761622723.7640507,-4,7,33
1761622723.8030508,-1,4,29
1761622723.8410506,1,0,38
1761622723.8770506,0,-4,29
1761622723.9140508,0,-2,27
1761622723.9520507,0,0,30
1761622723.9880507,-4,1,26
1761622724.0260508,1,5,37
1761622724.0630507,5,-7,36
1761622724.1010506,-2,-4,50
1761622724.1370506,1,-6,44
1761622724.1740508,5,2,45
1761622724.212051,-6,-3,42
1761622724.2480507,0,0,39
1761622724.2850506,2,-1,31
1761622724.3230507,7,-5,33
1761622724.3610508,3,-3,45
1761622724.3970506,-2,0,43
1761622724.4340508,-2,3,26
1761622724.4730508,0,-5,41
1761622724.5090508,0,-5,33
1761622724.5460508,-2,0,26
1761622724.5830507,-1,5,44
1761622724.6190507,-8,0,34
1761622724.6570508,-3,-1,23
1761622724.6940508,0,-6,21
1761622724.732051,-1,0,34
1761622724.768051,0,0,25
1761622724.8050506,2,0,30
1761622724.8430507,-2,-6,22
1761622724.8790507,-6,-3,18
1761622724.9170508,-3,0,36
1761622724.9550507,7,3,38
1761622724.9930508,-2,-1,30
1761622725.0290508,-3,-7,37
1761622725.0670507,-1,-8,36
1761622725.1050508,0,-10,27
1761622725.143051,1,-4,36
1761622725.1790507,-2,-5,36
1761622725.2170508,1,-4,35
1761622725.255051,1,-5,43
1761622725.2930508,-7,-4,35
1761622725.3290508,5,2,31
1761622725.3680508,3,-3,30
1761622725.4050508,6,-4,39
1761622725.4430506,5,-5,45
1761622725.4790506,4,-6,45
1761622725.5170507,2,4,29
1761622725.5540507,3,-2,30
1761622725.5930507,-4,-3,20
1761622725.6290507,0,-2,24
1761622725.666051,-4,1,27
1761622725.7040508,4,-7,39
1761622725.7420506,0,0,27
1761622725.778051,1,1,24
1761622725.8150508,2,-1,24
1761622725.8540506,0,0,26
1761622725.8920507,4,0,40
1761622725.9280508,2,-1,50
1761622725.9660506,-6,-3,47
1761622726.0040507,-2,3,40
1761622726.0430508,7,2,29
1761622726.0790508,1,2,34
1761622726.1160507,-1,-3,35
1761622726.1540508,-2,1,22
1761622726.1930506,2,-5,41
1761622726.2290506,1,-1,29
1761622726.2660508,0,-7,37
1761622726.3040507,-4,1,30
1761622726.3420508,-3,2,21
1761622726.3780508,-1,3,28
1761622726.4150507,1,-7,29
1761622726.4530506,-1,0,37
1761622726.4890506,-5,0,32
1761622726.5270507,-3,-1,34
1761622726.5650508,0,-13,37
1761622726.6030507,-1,-5,25
1761622726.6390507,-1,-6,30
1761622726.6770508,2,3,17
1761622726.7140508,5,-1,38
1761622726.7500508,11,0,42
1761622726.7870507,1,0,43
1761622726.8330507,0,-2,35
1761622726.8690507,0,-2,36
1761622726.9070508,-3,4,41
1761622726.9450507,0,3,37
1761622726.9830508,-4,-5,31
1761622727.0190508,0,-1,36
1761622727.0560508,-1,-7,23
1761622727.0940506,-9,0,17
1761622727.130051,-8,-3,33
1761622727.1680508,-11,-7,36
1761622727.2060506,-4,-2,35
1761622727.2440507,-2,0,21
1761622727.2810507,-1,-4,23
1761622727.3180506,-2,0,31
1761622727.3560507,2,0,38
1761622727.3940508,-6,0,39
1761622727.4300506,-3,3,34
1761622727.4670508,3,0,44
1761622727.505051,3,-1,27
1761622727.5430508,3,1,27
1761622727.5790508,-1,-1,42
1761622727.6170506,3,2,25
1761622727.6550508,5,0,35
1761622727.6930506,2,-1,32
1761622727.7290506,5,-5,39
1761622727.7670507,12,-4,28
1761622727.8050506,3,-5,30
1761622727.8430507,1,3,37
1761622727.8790507,1,5,33
1761622727.916051,0,5,33
1761622727.9540508,0,11,36
1761622727.9900508,5,5,33
1761622728.0270507,-3,5,32
1761622728.0650508,-7,1,33
1761622728.1030507,0,-1,41
1761622728.1390507,2,-2,39
1761622728.176051,2,3,39
1761622728.2140508,0,1,33
1761622728.2500508,-2,-3,32
1761622728.2870507,-3,-3,43
1761622728.3250508,1,-4,42
1761622728.3640506,0,0,37
1761622728.4000506,1,-1,31
1761622728.4370508,6,-2,32
1761622728.4760506,-3,-3,39
1761622728.5140507,0,-1,33
1761622728.5500507,4,-6,37
1761622728.587051,-6,1,40
1761622728.6260507,0,-3,23
1761622728.6640508,-6,-1,29
1761622728.7000508,4,4,35
1761622728.7370508,-1,4,25
1761622728.7760508,-1,0,17
1761622728.814051,2,-2,38
1761622728.8500507,0,-3,42
1761622728.8870506,0,6,33
1761622728.9250507,3,6,36
1761622728.9610507,0,5,22
1761622728.9990506,5,3,31
1761622729.0360508,4,5,29
1761622729.074051,-5,7,28
1761622729.110051,1,1,26
1761622729.1470506,0,1,34
1761622729.1850507,2,1,30
1761622729.2210507,3,0,31
1761622729.258051,8,-3,27
1761622729.2950506,1,-6,34
1761622729.3310506,0,-2,38
1761622729.3680508,-8,0,30
1761622729.4050508,1,5,29
1761622729.4410508,0,4,29
1761622729.4780507,-1,-3,28
1761622729.5160508,-9,3,24
1761622729.5550506,-7,0,34
1761622729.5910506,-4,-2,33
1761622729.6280508,1,3,31
1761622729.666051,0,-2,38
1761622729.7040508,-3,2,31
1761622729.7400508,1,-2,29
1761622729.7770507,-4,-7,42
1761622729.8160508,2,0,37
1761622729.8540506,2,5,33
1761622729.8900506,-6,-5,36
1761622729.9280508,-9,-2,19
1761622729.9660506,-7,0,42
1761622730.005051,-9,-2,40
1761622730.041051,-2,1,42
1761622730.0780506,1,4,42
1761622730.1160507,3,-7,34
1761622730.1540508,6,-6,43
1761622730.1900508,10,-9,31
1761622730.2270508,4,3,22
1761622730.2660508,6,1,30
1761622730.3040507,10,4,33
1761622730.3400507,4,-1,30
1761622730.3770506,1,6,39
1761622730.4150507,8,-3,43
1761622730.4510508,7,0,37
1761622730.4880507,-7,3,38
1761622730.5260508,-9,0,34
1761622730.5650508,-6,-2,33
1761622730.6010506,-1,0,34
1761622730.6380508,-2,-8,25
1761622730.676051,1,-7,31
1761622730.7140508,9,-2,34
1761622730.7500508,1,-2,39
1761622730.7870507,2,2,49
1761622730.8250508,-1,-4,38
1761622730.8610508,-4,-7,29
1761622730.8990507,-6,-7,32
1761622730.9370508,0,-3,42
1761622730.9750507,1,6,31
1761622731.0110507,-8,6,37
1761622731.0480506,0,-2,35
1761622731.0860507,0,2,40
1761622731.1250508,3,-2,47
1761622731.1610508,-2,-3,37
1761622731.199051,1,4,33
1761622731.2360508,7,0,37
1761622731.2750506,5,-6,28
1761622731.311051,-2,-10,34
1761622731.3480508,5,-4,28
1761622731.3860507,3,4,32
1761622731.4250507,2,0,27
1761622731.4610507,4,-2,33
1761622731.4980507,6,-6,32
1761622731.5360508,4,1,30
1761622731.5750508,-4,0,24
1761622731.6110508,-9,3,25
1761622731.6480508,-6,6,39
1761622731.686051,-5,2,40
1761622731.722051,-3,0,40
1761622731.7590508,0,6,38
1761622731.7970507,-2,6,32
1761622731.8350508,-3,3,30
1761622731.8710508,-4,-3,31
1761622731.9090507,-5,-9,24
1761622731.9470508,0,-3,21
1761622731.985051,5,-1,35
1761622732.0210507,10,5,38
1761622732.0590508,4,0,34
1761622732.097051,-3,1,28
1761622732.1350508,-3,-10,32
1761622732.1710508,1,-1,27
1761622732.2080507,5,-2,32
1761622732.2470508,7,-2,47
1761622732.2850506,-3,0,55
1761622732.3210506,0,3,36
1761622732.3580508,5,0,37
1761622732.3960507,5,-2,36
1761622732.4320507,8,-5,32
1761622732.4690506,3,-4,37
1761622732.5070508,1,-9,40
1761622732.5450506,0,1,38
1761622732.5810506,1,-4,40
1761622732.6180508,3,0,37
1761622732.6560507,1,-1,33
1761622732.6920507,0,-2,38
1761622732.7290506,6,-1,33
1761622732.7670507,0,0,34
1761622732.8050506,-2,0,27
1761622732.8410506,-2,0,26
1761622732.8780508,0,-3,34
1761622732.916051,1,0,43
1761622732.9520507,4,0,45
1761622732.9890506,5,-4,40
1761622733.0270507,0,-1,27
1761622733.0630507,2,0,23
1761622733.1000507,2,-1,19
1761622733.1370506,3,-2,29
1761622733.176051,-2,-1,27
1761622733.212051,-3,4,34
1761622733.2490506,-3,-1,35
1761622733.2870507,6,-3,43
1761622733.3260508,7,2,33
1761622733.3620508,3,0,45
1761622733.3990507,-7,-8,32
1761622733.4380507,0,-3,26
1761622733.4760506,-2,-5,30
1761622733.5120506,-3,-8,34
1761622733.5500507,-7,-2,45
1761622733.5880508,0,-1,48
1761622733.6260507,-7,-7,37
1761622733.6620507,-6,-2,37
1761622733.699051,1,1,46
1761622733.7370508,-1,1,30
1761622733.7730508,-3,0,32
1761622733.811051,-11,-2,24
1761622733.8490508,-9,-4,20
1761622733.8880508,0,-1,17
1761622733.926051,2,5,16
1761622733.962051,0,-7,27
1761622733.9990506,-3,-3,23
1761622734.038051,0,-1,14
1761622734.0760508,-3,0,26
1761622734.1120508,-3,3,33
1761622734.1490507,3,9,44
1761622734.1870508,0,2,41
1761622734.2230508,11,-6,31
1761622734.2620506,7,-9,32
1761622734.2990508,4,-6,23
1761622734.337051,5,-1,30
1761622734.3730507,4,0,35
1761622734.4100506,0,0,23
1761622734.4480507,0,0,33
1761622734.4860508,-6,0,41
1761622734.5220506,-10,0,33
1761622734.5590508,-1,-5,29
1761622734.5980508,6,-2,30
1761622734.6360507,4,-4,30
1761622734.6720507,0,-3,33
1761622734.709051,-3,0,38
1761622734.7470508,0,-1,41
1761622734.7830508,0,-4,40
1761622734.8210506,0,-5,39
1761622734.8580508,0,-5,32
1761622734.8960507,1,4,41
1761622734.9320507,-2,3,30
1761622734.9690506,-6,-1,34
1761622735.008051,4,4,44
1761622735.0460508,0,-7,46
1761622735.0820508,-3,1,34
1761622735.1190507,3,5,21
1761622735.1570508,3,5,28
1761622735.1930506,4,2,42
1761622735.2310507,5,-5,43
1761622735.2690508,2,-4,33
1761622735.3070507,-3,4,31
1761622735.3430507,-7,-2,31
1761622735.380051,-2,-3,33
1761622735.4180508,6,-5,30
1761622735.4570508,5,1,33
1761622735.4930508,-1,-2,38
1761622735.5310507,0,0,33
1761622735.5680506,-5,-1,32
1761622735.607051,1,0,41
1761622735.643051,-3,0,35
1761622735.6810508,0,-3,41
1761622735.7190506,4,0,30
1761622735.7570508,-5,-1,40
1761622735.7930508,-6,3,42
1761622735.8310506,-5,0,31
1761622735.8690507,-4,3,22
1761622735.9080508,-7,0,40
1761622735.9440508,-7,0,52
1761622735.9810507,2,6,27
1761622736.0190508,-3,0,20
1761622736.0570507,-5,1,25
1761622736.0930507,4,0,42
1761622736.130051,5,-3,30
1761622736.1680508,-2,-1,31
1761622736.2040508,-1,0,27
1761622736.2410507,-5,0,22
1761622736.2790508,-1,-4,34
1761622736.3170507,8,-7,25
1761622736.3540506,6,-7,36
1761622736.3910508,2,-6,34
1761622736.4290507,0,-6,27
1761622736.4670508,4,-8,32
1761622736.5030508,3,-3,20
1761622736.541051,-1,-6,30
1761622736.5790508,4,4,35
1761622736.6170506,2,-3,36
1761622736.653051,-2,-3,34
1761622736.6910508,-3,-1,36
1761622736.7290506,-7,-6,26
1761622736.768051,-3,-8,31
1761622736.8040507,-2,-5,31
1761622736.8500507,-1,-4,37
1761622736.8880508,2,-7,40
1761622736.9240508,0,-4,33
1761622736.9610507,0,0,34
1761622736.9990506,2,-6,48
1761622737.0370507,-4,-7,38
1761622737.0730507,0,-4,31
1761622737.110051,2,-5,29
1761622737.1480508,1,-5,38
1761622737.1840508,-6,-1,33
1761622737.222051,-5,-2,24
1761622737.2600508,-2,0,22
1761622737.2980506,0,-3,30
1761622737.334051,-8,-5,26
1761622737.3720508,-3,-7,35
1761622737.4110508,2,1,23
1761622737.449051,-2,1,31
1761622737.485051,-2,7,41
1761622737.5220506,4,-2,27
1761622737.5590508,-2,-3,21
1761622737.5980508,0,4,31
1761622737.6340508,-1,-6,33
1761622737.6720507,10,0,38
1761622737.709051,2,-6,36
1761622737.7480507,0,-2,41
1761622737.7840507,0,-3,38
1761622737.8220508,-4,-4,44
1761622737.8610508,-1,3,33
1761622737.8990507,0,-3,39
1761622737.9350507,3,0,43
1761622737.972051,1,-2,37
1761622738.0090508,4,-1,41
1761622738.0450506,0,-3,38
1761622738.0820508,0,-3,31
1761622738.120051,-5,0,35
1761622738.1580508,-1,-1,33
1761622738.1940508,0,3,31
1761622738.2310507,3,-3,24
1761622738.2690508,-1,-5,26
1761622738.3050506,5,0,30
1761622738.3420508,-1,-3,20
1761622738.380051,-4,-2,33
1761622738.4190507,-4,-2,35
1761622738.4550507,3,4,31
1761622738.4920506,-2,-6,25
1761622738.5300508,-1,-1,24
1761622738.5690508,-4,-4,28
1761622738.6050508,-3,0,28
1761622738.6420507,-1,-1,32
1761622738.6810508,1,0,31
1761622738.7190506,2,-2,35
1761622738.755051,0,0,29
1761622738.7920508,3,-2,16
1761622738.8300507,0,1,26
1761622738.8680508,-2,0,24
1761622738.9040508,-1,2,36
1761622738.9410508,0,0,47
1761622738.9800508,0,0,43
1761622739.018051,6,-4,30
1761622739.0540507,4,-5,35
1761622739.0910506,7,-4,25
1761622739.130051,8,-2,33
1761622739.1680508,1,0,32
1761622739.2040508,-2,6,34
1761622739.2410507,3,-5,38
1761622739.2790508,5,-2,39
1761622739.3150508,-5,-1,35
1761622739.3520508,2,3,29
1761622739.3900506,4,2,20
1761622739.4280508,0,0,31
1761622739.4640508,3,-1,27
1761622739.5010507,-1,1,37
1761622739.5390508,-1,0,35
1761622739.5760508,-1,2,37
1761622739.6130507,-2,0,32
1761622739.6500506,-1,-3,37
1761622739.689051,-5,-1,36
1761622739.7250507,-3,-1,36
1761622739.7630508,-2,6,37
1761622739.801051,-7,-1,49
1761622739.8400507,-1,-2,43
1761622739.8760507,0,-5,30
1761622739.913051,2,-9,36
1761622739.9510508,0,-5,34
1761622739.9890506,1,4,21
1761622740.0250506,1,0,28
1761622740.0620508,3,-10,23
1761622740.1000507,1,-8,28
1761622740.1360507,0,-2,41
1761622740.1730506,0,0,42
1761622740.2100508,0,2,48
1761622740.2460508,-4,3,35
1761622740.2830508,-4,5,22
1761622740.3210506,-3,3,38
1761622740.3590508,-4,-2,30
1761622740.3960507,5,3,38
1761622740.4330506,1,6,41
1761622740.4710507,-7,-4,41
1761622740.5100508,0,1,36
1761622740.5460508,-3,-2,41
1761622740.584051,0,-4,33
1761622740.6210508,-2,0,35
1761622740.6590507,-3,-2,27
1761622740.6950507,0,0,35
1761622740.732051,1,2,32
1761622740.7700508,1,0,29
1761622740.8060508,0,2,31
1761622740.8430507,-2,2,31
1761622740.8810508,2,-4,31
1761622740.9190507,-6,-5,39
1761622740.9550507,-10,-1,47
1761622740.9920506,1,0,43
1761622741.0300508,0,0,38
1761622741.0660508,4,0,36
1761622741.1040506,3,-4,27
1761622741.1410508,-1,7,29
1761622741.1790507,0,0,33
1761622741.2150507,0,-2,34
1761622741.2520506,-3,0,29
1761622741.2900507,-1,-6,32
1761622741.3260508,-7,-6,26
1761622741.3630507,-9,-4,22
1761622741.4020507,-5,2,26
1761622741.4400508,0,-7,25
1761622741.4760506,-1,-5,21
1761622741.5130508,0,-5,21
1761622741.551051,-6,0,31
1761622741.5890508,-4,-2,31
1761622741.6250508,0,2,33
1761622741.6620507,-8,0,32
1761622741.7000508,0,-5,39
1761622741.7360508,-1,-2,36
1761622741.7730508,-3,0,29
1761622741.811051,-5,-2,47
1761622741.847051,0,-1,42
1761622741.8850508,3,6,31
1761622741.9220507,0,-3,40
1761622741.9610507,1,-1,30
1761622741.9970508,2,0,43
1761622742.0340507,0,-1,46
1761622742.0720508,5,1,33
1761622742.110051,0,-3,36
1761622742.1460507,5,-7,35
1761622742.1830506,2,-3,35
1761622742.222051,3,5,37
1761622742.2600508,3,0,25
1761622742.2960508,9,2,20
1761622742.3330507,0,3,26
1761622742.3710508,0,8,19
1761622742.4070508,-2,6,27
1761622742.4450507,-4,0,26
1761622742.482051,-2,-4,31
1761622742.5210507,0,-1,29
1761622742.5570507,3,0,25
1761622742.5950508,0,0,24
1761622742.633051,2,-14,39
1761622742.6710508,3,-3,41
1761622742.7070508,4,-6,36
1761622742.7460508,0,-6,25
1761622742.7830508,6,-4,26
1761622742.8210506,3,-4,26
1761622742.857051,-3,-6,39
1761622742.8940508,-3,-2,31
1761622742.9320507,6,-7,30
1761622742.9710507,0,-7,35
1761622743.0070508,0,0,36
1761622743.0460508,6,0,42
1761622743.0830507,9,0,39
1761622743.1210508,-3,2,24
1761622743.1570508,-2,-3,23
1761622743.1950507,5,-11,37
1761622743.2330508,3,-9,35
1761622743.2710507,3,-8,45
1761622743.3070507,0,-3,37
1761622743.3440506,4,0,31
1761622743.3820508,-4,-5,34
1761622743.4200506,-3,-4,44
1761622743.4560506,7,-6,41
1761622743.4930508,5,2,34
1761622743.5310507,2,-2,29
1761622743.5670507,6,6,45
1761622743.6040506,4,0,30
1761622743.6420507,2,-4,47
1761622743.6800506,-1,4,38
1761622743.7160506,-1,0,27
1761622743.7530508,-5,-1,31
1761622743.7920508,-5,0,32
1761622743.8280506,-3,0,37
1761622743.8650508,-7,-1,30
1761622743.903051,0,2,36
1761622743.9410508,-2,-1,32
1761622743.9770508,-2,5,30
1761622744.0140507,-4,2,34
1761622744.0520508,2,3,30
1761622744.0880508,-4,0,26
1761622744.1250508,0,0,33
1761622744.163051,-2,1,27
1761622744.2010508,3,-2,32
1761622744.2370508,-2,3,34
1761622744.2740507,0,-3,32
1761622744.3120508,0,1,25
1761622744.3480508,1,7,39
1761622744.3850508,-1,-5,33
1761622744.4230506,1,-3,43
1761622744.462051,3,3,30
1761622744.4980507,3,3,34
1761622744.5350506,-1,0,39
1761622744.5720508,-1,-6,34
1761622744.6110508,4,6,32
1761622744.6470506,8,0,37
1761622744.6840508,1,-9,36
1761622744.722051,-7,-6,34
1761622744.7610507,-2,-4,39
1761622744.7970507,-2,2,44
1761622744.834051,2,2,50
1761622744.8720508,2,-3,41
1761622744.9080508,3,-7,37
1761622744.9460506,-2,-4,32
1761622744.9840508,1,3,29
1761622745.0220506,5,6,29
1761622745.0580506,1,-1,32
1761622745.0960507,-7,-4,38
1761622745.1340508,-2,0,37
1761622745.1720507,-3,0,32
1761622745.2080507,-2,-6,31
1761622745.2460508,5,-1,27
1761622745.2830508,-6,1,37
1761622745.3210506,-5,1,45
1761622745.357051,-3,0,40
1761622745.3940508,-4,1,45
1761622745.4320507,0,1,43
1761622745.4680507,0,-4,40
1761622745.505051,-6,0,46
1761622745.5430508,-7,-7,42
1761622745.5810506,0,3,37
1761622745.6170506,-3,1,45
1761622745.6540508,3,6,42
1761622745.6920507,3,3,41
1761622745.7280507,-4,-1,35
1761622745.7650506,1,1,36
1761622745.8030508,2,0,32
1761622745.8410506,5,-1,31
1761622745.8770506,3,0,32
1761622745.9140508,6,0,33
1761622745.9520507,5,2,31
1761622745.9880507,4,6,31
1761622746.0250506,5,-1,42
1761622746.0630507,0,1,50
1761622746.0990508,-2,0,42
1761622746.1360507,0,-4,34
1761622746.1740508,2,-6,40
1761622746.212051,-7,1,44
1761622746.2480507,0,-2,38
1761622746.2860508,4,-5,26
1761622746.324051,-3,-5,32
1761622746.3630507,-5,-7,20
1761622746.3990507,-5,-3,20
1761622746.436051,7,-3,48
1761622746.4750507,0,0,36
1761622746.5130508,2,6,35
1761622746.5490508,-5,1,33
1761622746.5860507,5,0,43
1761622746.6240506,3,-5,37
1761622746.6620507,-4,0,42
1761622746.6980507,-7,3,43
1761622746.7360508,4,0,36
1761622746.7730508,0,4,32
1761622746.8120508,-8,0,34
1761622746.8560507,-3,-2,30
1761622746.8950508,5,-7,31
1761622746.9330506,4,-8,24
1761622746.9690506,8,-6,25
1761622747.0070508,0,-7,36
1761622747.0450506,0,0,39
1761622747.0830507,2,4,37
1761622747.1190507,0,7,35
1761622747.1570508,1,2,39
1761622747.1940508,-2,-1,27
1761622747.2330508,0,1,33
1761622747.2690508,6,-1,33
1761622747.3070507,6,-1,25
1761622747.3440506,0,1,23
1761622747.383051,1,-3,27
1761622747.4190507,-1,-5,38
1761622747.4570508,0,-4,36
1761622747.4940507,2,-9,38
1761622747.5330508,4,-4,35
1761622747.5690508,2,3,25
1761622747.6060507,5,-1,32
1761622747.6440508,9,0,24
1761622747.6830506,1,0,31
1761622747.7190506,-4,3,27
1761622747.7570508,0,-1,28
1761622747.7940507,9,-3,46
1761622747.8330507,9,-4,38
1761622747.8690507,9,-1,24
1761622747.9070508,3,0,29
1761622747.9450507,0,-6,33
1761622747.9840508,-3,-2,20
1761622748.0220506,-1,-14,25
1761622748.0580506,-1,-6,27
1761622748.0950508,1,-10,30
1761622748.133051,-3,-4,32
1761622748.1690507,0,-5,33
1761622748.2060506,3,1,34
1761622748.2440507,-7,-7,22
1761622748.2800508,-8,0,30
1761622748.3170507,-5,-2,27
1761622748.3550508,-8,-8,33
1761622748.3940508,0,-4,44
1761622748.4300506,-3,-6,40
1761622748.4680507,-9,-2,26
1761622748.5070508,-4,3,16
1761622748.5440507,0,0,24
1761622748.5800507,1,0,37
1761622748.6170506,2,1,38
1761622748.6540508,0,-4,44
1761622748.6900508,0,5,49
1761622748.7280507,0,-2,42
1761622748.7650506,2,2,28
1761622748.8030508,-1,3,21
1761622748.8390508,-2,-3,36
1761622748.8770506,-2,-1,40
1761622748.9150507,-6,0,50
1761622748.9540508,0,0,39
1761622748.9900508,-1,-2,50
1761622749.0270507,10,0,45
1761622749.064051,5,-5,40
1761622749.1030507,3,0,32
1761622749.1390507,0,-3,28
1761622749.176051,-1,1,24
1761622749.2140508,-3,-2,37
1761622749.2500508,2,-2,38
1761622749.2870507,4,1,33
1761622749.3250508,4,3,33
1761622749.3630507,1,-2,28
1761622749.3990507,0,-3,29
1761622749.4370508,-2,-1,37
1761622749.4750507,-3,3,32
1761622749.5140507,5,0,27
1761622749.5500507,0,4,29
1761622749.587051,5,0,40
1761622749.6250508,-5,-1,31
1761622749.663051,-14,3,25
1761622749.699051,-11,0,39
1761622749.7370508,-1,-4,30
1761622749.7750506,-3,-1,38
1761622749.814051,1,0,26
1761622749.8500507,-4,-1,38
1761622749.8870506,-6,0,30
1761622749.9250507,0,0,21
1761622749.9630508,5,-3,34
1761622750.0000508,-2,-3,33
1761622750.0370507,-3,2,29
1761622750.0750508,-7,0,26
1761622750.1130507,-5,-2,28
1761622750.1490507,-3,-4,17
1761622750.1870508,-5,3,29
1761622750.2250507,0,-2,45
1761622750.2630508,0,-4,31
1761622750.2990508,2,-2,26
1761622750.337051,-3,2,25
1761622750.3750508,0,-5,29
1761622750.4110508,-6,0,21
1761622750.4480507,-2,0,24
1761622750.4870508,-3,-4,29
1761622750.5250506,-4,-3,34
1761622750.561051,3,-4,30
1761622750.5980508,-1,0,24
1761622750.6350508,2,0,40
1761622750.6710508,0,4,34
1761622750.7080507,-1,5,22
1761622750.745051,-2,0,36
1761622750.7810507,0,-6,39
1761622750.8180506,6,0,30
1761622750.8550508,0,1,32
1761622750.8940508,0,0,34
1761622750.9300506,0,1,25
1761622750.9670508,-1,0,33
1761622751.005051,0,7,38
1761622751.041051,0,1,29
1761622751.0780506,2,2,19
1761622751.1150508,0,-2,29
1761622751.1510508,2,0,31
1761622751.1880507,7,0,33
1761622751.2250507,8,0,34
1761622751.2610507,4,1,28
1761622751.2980506,4,3,32
1761622751.3360507,0,0,30
1761622751.3740506,-2,3,36
1761622751.4100506,-7,0,32
1761622751.4470508,2,0,35
1761622751.4860508,-2,0,30
1761622751.5240507,-6,3,27
1761622751.5600507,-9,1,33
1761622751.597051,-1,4,32
1761622751.6360507,-3,-4,39
1761622751.6740508,-3,-1,21
1761622751.7100508,2,-4,36
1761622751.7470508,-2,-10,41
1761622751.7860508,7,-9,40
1761622751.824051,1,0,18
1761622751.860051,1,-7,35
1761622751.8970506,-2,-3,27
1761622751.936051,5,-3,35
1761622751.9740508,1,-6,30
1761622752.0100508,2,-3,35
1761622752.0470507,5,0,28
1761622752.0860507,4,0,35
1761622752.1240506,0,-4,38
1761622752.1600506,1,1,25
1761622752.1970508,-1,-2,22
1761622752.2360508,0,-2,26
1761622752.2740507,-1,-2,38
1761622752.3100507,-5,0,42
1761622752.347051,-1,-7,25
1761622752.3860507,-5,-7,30
1761622752.4240508,7,-6,28
1761622752.4600508,0,3,28
1761622752.4970508,0,0,21
1761622752.5360508,3,-4,26
1761622752.5720508,0,-3,25
1761622752.6090508,-6,-6,24
1761622752.6470506,-11,0,43
1761622752.686051,-7,0,37
1761622752.722051,-5,-3,32
1761622752.7590508,-9,-5,43
1761622752.7970507,-1,-3,38
1761622752.8360507,0,-3,39
1761622752.8720508,-1,0,32
1761622752.9090507,0,0,24
1761622752.9460506,-3,-1,33
1761622752.985051,7,1,37
1761622753.0210507,1,4,39
1761622753.0590508,-4,-5,40
1761622753.097051,-1,1,25
1761622753.1360507,3,0,33
1761622753.1720507,1,-2,34
1761622753.209051,-1,0,31
1761622753.2470508,3,4,43
1761622753.2860508,3,-4,43
1761622753.3220508,-3,-6,31
1761622753.3590508,-1,-4,35
1761622753.3970506,-3,-4,34
1761622753.436051,0,-2,34
1761622753.472051,-1,-1,43
1761622753.5090508,0,-5,36
1761622753.5470507,-2,-7,35
1761622753.5850508,8,-2,31
1761622753.6210508,6,0,25
1761622753.6590507,-8,5,40
1761622753.6970508,-1,-3,23
1761622753.735051,3,-2,37
1761622753.7710507,1,-5,34
1761622753.8080506,0,-5,36
1761622753.8460507,0,-5,33
1761622753.8820508,0,-1,41
1761622753.9200506,0,0,28
1761622753.9570508,2,0,36
1761622753.995051,6,3,36
1761622754.0310507,4,2,42
1761622754.0680506,-3,-1,35
1761622754.107051,0,0,35
1761622754.1450508,-1,-1,23
1761622754.1810508,-2,4,26
1761622754.2180507,-1,0,32
1761622754.2560508,-6,-3,25
1761622754.2920508,-2,0,25
1761622754.3290508,-3,-3,19
1761622754.3670506,-3,-2,24
1761622754.4060507,-6,-2,31
1761622754.4420507,0,-1,22
1761622754.4790506,2,-3,35
1761622754.5170507,1,-9,47
1761622754.5550506,6,0,48
1761622754.5910506,3,-3,24
1761622754.6280508,5,-3,31
1761622754.666051,4,-1,32
1761622754.7020507,-1,-1,40
1761622754.7400508,-3,-4,42
1761622754.778051,-4,1,37
1761622754.8160508,-5,-3,21
1761622754.8520508,-4,0,19
1761622754.8890507,2,-5,26
1761622754.9270508,0,-4,25
1761622754.9630508,-1,0,41
1761622755.0000508,2,1,31
1761622755.0370507,5,-4,20
1761622755.0760508,-3,2,33
1761622755.1120508,-4,-5,33
1761622755.1490507,-9,-2,35
1761622755.1870508,-5,0,26
1761622755.2230508,-1,-2,27
1761622755.2610507,3,5,37
1761622755.2980506,1,-10,34
1761622755.3360507,4,-3,41
1761622755.3720508,-2,0,35
1761622755.4090507,0,-3,25
1761622755.4470508,-2,-7,24
1761622755.4830508,-1,-4,29
1761622755.5200508,3,-4,38
1761622755.5570507,2,-6,29
1761622755.5930507,-2,-1,27
1761622755.630051,1,-2,31
1761622755.6680508,-2,-8,37
1761622755.7070508,3,5,46
1761622755.7430508,1,1,46
1761622755.7800508,-8,8,32
1761622755.8180506,0,0,25
1761622755.8560507,-2,-7,30
1761622755.8920507,0,-6,33
1761622755.9300506,-2,3,27
1761622755.9680507,1,1,17
1761622756.0060508,4,1,26
1761622756.0420508,4,-2,34
1761622756.0790508,1,-2,38
1761622756.1170506,-2,-1,38
1761622756.153051,-2,1,31
1761622756.1900508,-3,-3,43
1761622756.2280507,-5,0,38
1761622756.2660508,-11,6,44
1761622756.3020508,-8,1,35
1761622756.3390508,-6,3,30
1761622756.3770506,-5,-5,27
1761622756.413051,-1,-2,24
1761622756.4500508,-11,4,30
1761622756.4880507,-6,7,37
1761622756.5270507,-4,2,40
1761622756.5630507,-2,3,34
1761622756.6000507,-6,4,31
1761622756.6380508,-3,-3,46
1761622756.676051,-2,3,38
1761622756.712051,1,5,30
1761622756.7490506,8,1,29
1761622756.7870507,4,-3,29
1761622756.8230507,0,5,30
1761622756.8690507,-2,0,38
1761622756.9070508,0,5,47
1761622756.9430506,-2,3,35
1761622756.9800508,-7,3,35
1761622757.018051,-2,4,35
1761622757.0570507,-4,1,34
1761622757.0930507,-8,1,29
1761622757.130051,-4,4,30
1761622757.1680508,-9,-1,32
1761622757.2070508,-1,-3,39
1761622757.2430508,0,-4,31
1761622757.2800508,-2,-4,23
1761622757.3180506,-2,-8,26
1761622757.357051,-6,-3,46
1761622757.393051,-4,4,44
1761622757.4310508,-4,7,30
1761622757.4680507,2,2,28
1761622757.5040507,3,-8,34
1761622757.541051,-5,0,33
1761622757.5780506,-7,-5,30
1761622757.6170506,-1,3,30
1761622757.653051,-7,-3,31
1761622757.6900508,0,4,39
1761622757.7280507,-9,2,45
1761622757.7640507,-2,-3,32
1761622757.8020508,2,-4,35
1761622757.8390508,-3,-3,32
1761622757.8780508,-11,-2,30
1761622757.9140508,-9,-1,26
1761622757.9520507,-7,-6,37
1761622757.9900508,2,-3,30
1761622758.0290508,-5,1,18
1761622758.0670507,-7,2,31
1761622758.1030507,-7,-1,42
1761622758.1400506,-4,3,33
1761622758.1790507,-7,-4,25
1761622758.2170508,-3,-3,22
1761622758.2530508,0,4,31
1761622758.291051,6,-4,37
1761622758.3290508,-8,-1,32
1761622758.3670506,-5,-1,31
1761622758.403051,-4,-3,37
1761622758.4410508,-9,-6,29
1761622758.4790506,-2,-9,32
1761622758.5170507,0,-9,43
1761622758.5530508,-1,-2,26
1761622758.5910506,0,2,33
1761622758.6290507,-5,1,27
1761622758.6670508,-4,3,23
1761622758.7030506,0,-2,29
1761622758.7400508,-3,2,31
1761622758.7790508,-8,1,26
1761622758.8170507,-3,6,33
1761622758.8530507,-8,4,25
1761622758.8910508,-9,4,30
1761622758.9290507,-4,10,33
1761622758.9650507,-7,5,27
1761622759.0030508,-3,5,28
1761622759.041051,5,1,22
1761622759.0790508,-2,-4,39
1761622759.1150508,0,-2,39
1761622759.1520507,-5,0,35
1761622759.1900508,-7,-3,44
1761622759.2280507,4,-3,42
1761622759.2640507,11,0,30
1761622759.3020508,0,0,38
1761622759.3390508,1,-4,34
1761622759.3750508,4,-3,34
1761622759.4120507,4,-9,36
1761622759.4500508,3,-7,39
1761622759.4880507,-3,-5,46
1761622759.5240507,4,-2,37
1761622759.561051,-1,5,32
1761622759.5990508,1,7,35
1761622759.6350508,-4,5,20
1761622759.6720507,-6,-5,22
1761622759.7100508,-2,2,32
1761622759.7480507,0,0,34
1761622759.7840507,1,-2,26
1761622759.8210506,3,0,33
1761622759.8590508,4,3,39
1761622759.8950508,5,-1,25
1761622759.9320507,1,0,26
1761622759.9700508,3,0,35
1761622760.008051,1,-5,27
1761622760.0440507,0,-6,20
1761622760.0810506,-1,-7,37
1761622760.120051,-1,-5,29
1761622760.1580508,3,-5,38
1761622760.1940508,-1,-7,44
1761622760.2310507,0,-4,39
1761622760.2700508,0,0,40
1761622760.3080506,0,-7,39
1761622760.3440506,-3,-5,20
1761622760.3810508,0,-2,13
1761622760.4200506,-1,-1,24
1761622760.4580507,-1,6,26
1761622760.4940507,-8,-1,32
1761622760.5310507,-2,0,37
1761622760.5700507,2,-1,26
1761622760.6080508,3,-4,26
1761622760.6440508,0,-4,23
1761622760.6810508,-2,-6,19
1761622760.7200508,0,1,18
1761622760.758051,0,-5,28
1761622760.7940507,-3,-2,26
1761622760.8310506,-5,1,14
1761622760.870051,3,-3,27
1761622760.9080508,7,-4,28
1761622760.9440508,-1,-6,21
1761622760.9810507,5,2,28
1761622761.0200508,3,-1,36
1761622761.0580506,-2,0,28
1761622761.0940506,0,5,32
1761622761.1310508,-4,1,36
1761622761.1700506,2,-3,27
1761622761.2060506,-2,2,16
1761622761.2440507,-1,6,25
1761622761.2820508,10,-6,30
1761622761.3200507,1,-7,30
1761622761.3560507,4,0,27
1761622761.3950508,3,0,38
1761622761.4320507,-5,0,40
1761622761.4700508,-3,-2,36
1761622761.5060508,-7,-4,41
1761622761.5430508,-8,4,39
1761622761.5800507,-2,1,33
1761622761.6160507,-10,0,31
1761622761.6540508,-5,8,34
1761622761.6920507,0,2,34
1761622761.7300508,-3,-6,34
1761622761.7660508,1,0,40
1761622761.8030508,-1,3,30
1761622761.8410506,3,6,27
1761622761.8790507,-2,0,22
1761622761.9150507,-10,-1,17
1761622761.9530506,3,0,32
1761622761.9900508,-1,3,33
1761622762.0260508,5,0,30
1761622762.0630507,2,0,31
1761622762.1010506,-1,-7,46
1761622762.1390507,3,-10,40
1761622762.1750507,4,-5,36
1761622762.212051,0,-2,27
1761622762.2500508,0,-2,26
1761622762.2860508,0,3,23
1761622762.324051,0,0,29
1761622762.3610508,-7,0,32
1761622762.4000506,-5,-3,34
1761622762.436051,-5,-2,40
1761622762.4750507,-5,-4,29
1761622762.5120506,4,3,29
1761622762.5500507,3,6,31
1761622762.5860507,-4,0,30
1761622762.6230507,-12,5,40
1761622762.6610508,3,2,28
1761622762.699051,-2,-10,34
1761622762.735051,-2,-10,31
1761622762.7720506,-1,-5,27
1761622762.811051,-5,-7,35
1761622762.8490508,-2,-3,32
1761622762.8850508,2,-9,23
1761622762.9220507,-6,-3,29
1761622762.9610507,-2,-2,37
1761622762.9990506,1,-7,32
1761622763.0350506,-4,-1,29
1761622763.0730507,0,-7,27
1761622763.1110508,0,-1,28
1761622763.1500506,-9,-2,24
1761622763.186051,2,6,34
1761622763.2230508,-5,0,35
1761622763.2610507,-4,-1,39
1761622763.3000507,3,-1,27
1761622763.3360507,4,-2,27
1761622763.3730507,2,1,35
1761622763.4110508,0,3,31
1761622763.4470508,-8,4,32
1761622763.4840508,-4,0,33
1761622763.5220506,1,-6,32
1761622763.561051,3,-8,35
1761622763.597051,-1,0,44
1761622763.6340508,-2,-3,38
1761622763.6720507,1,-1,17
1761622763.7100508,0,-4,29
1761622763.7460508,-7,-4,31
1761622763.7840507,-1,-6,32
1761622763.8220508,0,-6,28
1761622763.8610508,1,-6,20
1761622763.8970506,-2,-1,24
1761622763.9340508,-3,4,32
1761622763.9710507,-1,0,30
1761622764.0100508,-5,-2,25
1761622764.0460508,-2,-3,23
1761622764.0830507,4,1,38
1761622764.1210508,2,-4,40
1761622764.1570508,0,3,33
1761622764.1940508,2,7,34
1761622764.232051,1,-1,34
1761622764.2700508,-2,-1,33
1761622764.3060508,-5,0,33
1761622764.3430507,1,0,35
1761622764.3810508,0,3,37
1761622764.4170508,0,6,32
1761622764.4550507,-2,1,36
1761622764.4920506,3,-3,36
1761622764.5300508,2,1,28
1761622764.5660508,-2,0,31
1761622764.6030507,-9,7,41
1761622764.6410508,-2,-3,29
1761622764.6770508,-3,-2,37
1761622764.7140508,-1,2,36
1761622764.7520506,6,3,23
1761622764.7900507,0,-1,32
1761622764.8260508,4,-5,33
1761622764.8630507,-3,-4,27
1761622764.9020507,0,-2,30
1761622764.9400508,8,-5,36
1761622764.9760506,-1,-1,46
1761622765.0130508,0,-2,34
1761622765.051051,1,-2,33
1761622765.087051,-7,0,42
1761622765.1240506,-1,-1,44
1761622765.163051,-6,-1,36
1761622765.2010508,-7,-6,29
1761622765.2370508,-3,-1,37
1761622765.2740507,-4,-2,35
1761622765.3120508,-1,2,39
1761622765.3510506,-6,2,33
1761622765.3870506,0,-4,40
1761622765.4240508,0,0,36
1761622765.462051,-3,-5,38
1761622765.4980507,-4,2,46
1761622765.5350506,-2,2,33
1761622765.5720508,-3,3,28
1761622765.6080508,-4,1,32
1761622765.6450508,3,0,27
1761622765.6820507,0,-2,31
1761622765.7210507,0,-3,43
1761622765.7570508,-1,-2,26
1761622765.7950506,4,-1,42
1761622765.8320508,2,-5,36
1761622765.8710508,2,-1,36
1761622765.9070508,2,-2,28
1761622765.9440508,7,1,26
1761622765.982051,0,-3,32
1761622766.018051,-4,-1,34
1761622766.0550506,-1,0,37
1761622766.0920508,0,0,31
1761622766.1280508,-2,3,38
1761622766.1650507,-3,0,26
1761622766.2020507,-8,3,33
1761622766.2410507,-2,0,41
1761622766.2770507,-5,-2,30
1761622766.314051,-6,-3,34
1761622766.3520508,-2,4,35
1761622766.3910508,0,3,30
1761622766.4270508,2,-7,19
1761622766.4640508,1,-1,32
1761622766.5020506,-1,0,40
1761622766.538051,-8,-2,31
1761622766.5750508,0,-8,36
1761622766.6130507,6,-5,32
1761622766.6510508,6,0,39
1761622766.6870508,7,1,38
1761622766.7250507,0,-5,26
1761622766.7630508,0,0,28
1761622766.801051,5,7,28
1761622766.837051,3,7,33
1761622766.883051,4,0,29
1761622766.9210508,-1,0,32
1761622766.9570508,0,5,36
1761622766.9940507,0,5,29
1761622767.0320508,-6,5,31
1761622767.0680506,-6,0,33
1761622767.1060507,0,-2,28
1761622767.143051,2,-5,32
1761622767.1810508,0,-12,33
1761622767.2170508,8,-4,32
1761622767.2540507,8,-6,32
1761622767.2920508,-2,-8,21
1761622767.3280506,1,1,26
1761622767.3650508,-3,0,26
1761622767.403051,0,3,32
1761622767.4410508,6,-4,35
1761622767.4770508,6,-9,43
1761622767.5140507,2,-1,36
1761622767.5520508,2,4,32
1761622767.5880508,0,11,37
1761622767.6250508,-11,10,35
1761622767.663051,0,0,40
1761622767.699051,0,-2,38
1761622767.7360508,4,-4,29
1761622767.7740507,4,4,33
1761622767.8130507,2,9,39
1761622767.8490508,-2,3,26
1761622767.8860507,1,-2,24
1761622767.9230506,-2,-7,32
1761622767.962051,0,-5,32
1761622767.9980507,-1,-5,35
1761622768.0360508,-3,-5,32
1761622768.0730507,-6,-3,29
1761622768.1120508,0,0,38
1761622768.1480508,3,-2,36
1761622768.186051,4,1,38
1761622768.2230508,7,0,31
1761622768.2590508,-3,1,41
1761622768.2960508,0,-4,39
1761622768.334051,-2,4,32
1761622768.3730507,1,2,34
1761622768.4090507,0,-6,38
1761622768.4460506,-6,-6,33
1761622768.4840508,-4,-12,16
1761622768.5230508,-2,-4,31
1761622768.5590508,0,-5,30
1761622768.5960507,-2,0,36
1761622768.6340508,-2,-8,22
1761622768.6720507,-6,-3,44
1761622768.7080507,2,5,37
1761622768.7460508,5,-4,29
1761622768.7840507,-6,0,27
1761622768.8220508,2,-1,30
1761622768.8580508,0,-2,23
1761622768.8960507,0,2,28
1761622768.9340508,0,-4,28
1761622768.972051,-1,-6,34
1761622769.008051,2,-2,24
1761622769.0460508,3,4,35
1761622769.084051,2,0,33
1761622769.1220508,5,-2,41
1761622769.1580508,7,-3,34
1761622769.1950507,0,-5,32
1761622769.2330508,-5,-1,42
1761622769.2690508,-5,-9,41
1761622769.3070507,-12,-5,26
1761622769.3450508,-3,-3,30
1761622769.3840508,0,-9,38
1761622769.4220507,4,-5,40
1761622769.4580507,-1,-7,43
1761622769.495051,5,-3,37
1761622769.5340507,0,-5,40
1761622769.5720508,-3,-8,29
1761622769.6080508,-1,-3,35
1761622769.6460507,0,-4,40
1761622769.6840508,-7,6,47
1761622769.722051,4,7,37
1761622769.758051,0,0,41
1761622769.7950506,-2,-4,26
1761622769.834051,1,-1,27
1761622769.8720508,4,-4,30
1761622769.9080508,2,3,39
1761622769.9460506,1,0,33
1761622769.9840508,6,5,32
1761622770.0200508,2,0,42
1761622770.0570507,-5,0,42
1761622770.0950508,-3,1,36
1761622770.133051,-8,5,33
1761622770.1700506,2,-2,37
1761622770.2070508,-2,-3,40
1761622770.245051,0,3,30
1761622770.2830508,3,0,28
1761622770.3190508,4,0,39
1761622770.3560507,-7,-3,28
1761622770.3950508,1,0,41
1761622770.4330506,4,3,40
1761622770.4690506,3,1,39
1761622770.5060508,-4,1,21
1761622770.5440507,4,7,31
1761622770.5810506,7,0,41
1761622770.6180508,5,1,35
1761622770.6560507,4,4,41
1761622770.6940508,8,0,41
1761622770.7300508,3,0,32
1761622770.7670507,2,-9,31
1761622770.8050506,3,-2,24
1761622770.8430507,1,0,26
1761622770.8790507,4,0,23
1761622770.916051,-2,-3,19
1761622770.9550507,-3,2,18
1761622770.9930508,-3,6,28
1761622771.0290508,3,3,32
1761622771.0660508,-1,-2,27
1761622771.1050508,-4,-1,31
1761622771.143051,1,2,40
1761622771.1790507,-1,-1,42
1761622771.2160506,-2,-2,33
1761622771.255051,0,-2,31
1761622771.2930508,1,-5,23
1761622771.3290508,-1,-1,26
1761622771.3660507,0,0,27
1761622771.4040508,-1,-2,30
1761622771.4400508,-3,5,24
1761622771.4770508,-3,-4,24
1761622771.5150506,0,1,28
1761622771.5530508,-5,-6,30
1761622771.5890508,-1,-4,34
1761622771.6260507,0,0,29
1761622771.6650507,6,6,31
1761622771.7030506,4,4,26
1761622771.7390506,5,2,23
1761622771.7760508,2,0,25
1761622771.814051,3,-4,28
1761622771.8500507,-3,-4,27
1761622771.8880508,-7,3,29
1761622771.9250507,-7,-6,29
1761622771.9640508,-2,-1,31
1761622772.0000508,0,-1,33
1761622772.038051,-4,4,41
1761622772.0750508,-5,5,31
1761622772.1110508,1,0,27
1761622772.1480508,-1,-1,27
1761622772.186051,0,-3,37
1761622772.2250507,8,-5,39
1761622772.2610507,-1,-2,33
1761622772.2990508,-4,-4,31
1761622772.3380508,0,-4,37
1761622772.3750508,0,0,36
1761622772.4110508,-3,-1,46
1761622772.4480507,-1,0,39
1761622772.485051,-1,-2,23
1761622772.5240507,0,-2,23
1761622772.5600507,2,-1,40
1761622772.5980508,-3,1,39
1761622772.6350508,-6,3,22
1761622772.6740508,-3,4,24
1761622772.7100508,-2,-2,29
1761622772.7480507,5,-1,37
1761622772.7860508,4,-2,28
1761622772.8250508,-5,-6,25
1761622772.8610508,-4,0,32
1761622772.8980508,-7,0,29
1761622772.936051,0,-1,31
1761622772.9740508,2,1,35
1761622773.0100508,0,2,37
1761622773.0470507,0,0,47
1761622773.0850508,-4,-2,38
1761622773.1210508,-8,-2,46
1761622773.1590507,-2,-3,32
1761622773.1970508,-2,0,28
1761622773.235051,0,-1,38
1761622773.2720506,1,-1,29
1761622773.3090508,-6,-3,38
1761622773.347051,8,-1,27
1761622773.3860507,0,0,32
1761622773.4240508,2,-4,30
1761622773.4600508,0,1,19
1761622773.4980507,0,9,28
1761622773.5360508,0,2,25
1761622773.574051,3,0,32
1761622773.610051,2,-1,23
1761622773.6470506,-3,-2,36
1761622773.686051,-4,-5,32
1761622773.7240508,2,2,36
1761622773.7600508,7,-1,39
1761622773.7970507,9,-6,36
1761622773.8350508,6,0,32
1761622773.8710508,-9,4,31
1761622773.9090507,-5,0,32
1761622773.9470508,-6,2,30
1761622773.985051,3,-2,33
1761622774.0210507,0,-4,35
1761622774.0580506,4,6,23
1761622774.0960507,6,-1,30
1761622774.1340508,3,-5,33
1761622774.1700506,-4,-4,28
1761622774.2080507,3,-3,31
1761622774.2460508,4,7,28
1761622774.2820508,2,1,29
1761622774.3190508,-4,-1,40
1761622774.357051,0,0,34
1761622774.3950508,2,2,30
1761622774.4310508,11,2,38
1761622774.4680507,5,0,25
1761622774.5060508,2,5,26
1761622774.5420508,4,0,27
1761622774.5790508,-5,-3,19
1761622774.6170506,2,-5,16
1761622774.6550508,6,0,22
1761622774.6910508,-4,5,28
1761622774.7280507,-3,0,27
1761622774.7660508,0,0,26
1761622774.8050506,-3,1,28
1761622774.8410506,-5,-1,38
1761622774.8790507,2,4,35
1761622774.916051,-2,-2,30
1761622774.9550507,1,-8,30
1761622774.9910507,8,-7,32
1761622775.0290508,0,-3,30
1761622775.0670507,0,0,32
1761622775.1050508,-2,-8,31
1761622775.1410508,5,-2,37
1761622775.1790507,2,-4,34
1761622775.2170508,0,-3,30
1761622775.255051,-2,-2,29
1761622775.2920508,-3,-1,26
1761622775.3290508,-4,-6,28
1761622775.3680508,-4,-6,34
1761622775.4060507,1,-3,33
1761622775.4420507,5,1,44
1761622775.4790506,2,-2,34
1761622775.5170507,1,0,28
1761622775.5550506,-1,-5,39
1761622775.5910506,-8,0,39
1761622775.6280508,0,0,25
1761622775.6670508,-2,3,42
1761622775.7050507,-1,-2,33
1761622775.7410507,-7,-5,32
1761622775.778051,-5,-2,36
1761622775.8170507,-1,-3,27
1761622775.8550508,1,-5,24
1761622775.8910508,2,-9,36
1761622775.9280508,6,0,33
1761622775.9670508,-2,0,50
1761622776.005051,3,-5,44
1761622776.041051,1,-3,31
1761622776.0780506,-5,-7,33
1761622776.1170506,-5,2,24
1761622776.1550508,2,-2,29
1761622776.1910508,0,-1,34
1761622776.2280507,-5,-2,20
1761622776.2670507,1,0,26
1761622776.3030508,3,-1,33
1761622776.3400507,2,-1,35
1761622776.3770506,0,-2,30
1761622776.413051,-4,-2,20
1761622776.4510508,2,-3,30
1761622776.4890506,0,-3,44
1761622776.5270507,0,5,43
1761622776.5630507,0,1,39
1761622776.6000507,3,0,33
1761622776.6370506,1,-3,35
1761622776.6730506,-2,0,32
1761622776.7110507,0,-13,33
1761622776.7480507,3,2,36
1761622776.7860508,3,0,32
1761622776.8220508,11,2,33
1761622776.8590508,3,-2,39
1761622776.903051,3,-1,29
1761622776.9410508,-1,-1,34
1761622776.9790506,-3,0,37
1761622777.0170507,-6,-1,38
1761622777.0560508,-8,0,33
1761622777.0920508,-6,0,32
1761622777.130051,-4,6,22
1761622777.1690507,-4,0,28
1761622777.2070508,3,0,25
1761622777.2430508,5,-5,24
1761622777.2800508,3,1,45
1761622777.3180506,-12,-4,34
1761622777.3560507,-3,2,24
1761622777.3920507,-2,-4,36
1761622777.4290507,-4,1,32
1761622777.4680507,-1,-4,40
1761622777.5060508,-3,2,37
1761622777.5420508,-2,-2,32
1761622777.5790508,6,-1,35
1761622777.6180508,3,1,32
1761622777.6560507,0,3,35
1761622777.6920507,0,-3,39
1761622777.7290506,0,4,26
1761622777.7670507,0,0,33
1761622777.8030508,-3,4,26
1761622777.8410506,0,-3,37
1761622777.8780508,7,-13,38
1761622777.916051,-2,-11,35
1761622777.9520507,-5,-2,41
1761622777.9910507,-4,-3,34
1761622778.028051,0,2,29
1761622778.0660508,-4,-8,50
1761622778.1020508,-3,0,42
1761622778.1390507,4,2,43
1761622778.1770508,-2,4,30
1761622778.2130508,5,2,44
1761622778.2520506,1,1,36
1761622778.2890508,0,-6,23
1761622778.3270507,3,-2,33
1761622778.3660507,-5,0,34
1761622778.4020507,1,3,35
1761622778.439051,-1,1,38
1761622778.4770508,-2,1,29
1761622778.5130508,-2,1,30
1761622778.5520508,4,-3,29
1761622778.5890508,6,1,40
1761622778.6270506,4,-1,33
1761622778.663051,-3,-5,33
1761622778.7010508,-5,0,25
1761622778.7390506,-10,5,27
1761622778.778051,-2,4,29
1761622778.814051,-1,0,35
1761622778.8520508,0,-2,28
1761622778.8890507,-3,-4,29
1761622778.9280508,-3,1,29
1761622778.9640508,-3,4,31
1761622779.0010507,-7,-1,28
1761622779.0390508,2,1,38
1761622779.0780506,4,2,34
1761622779.1140506,4,1,33
1761622779.1510508,6,0,31
1761622779.1880507,4,0,38
1761622779.2240508,1,0,37
1761622779.2620506,0,0,38
1761622779.2990508,-3,3,37
1761622779.337051,-1,4,30
1761622779.3730507,-5,-4,37
1761622779.4100506,-6,1,25
1761622779.4480507,-1,-4,31
1761622779.4840508,-3,1,34
1761622779.5210507,4,4,28
1761622779.5590508,0,3,33
1761622779.597051,5,3,44
1761622779.633051,2,-1,34
1761622779.6700506,5,-3,30
1761622779.7080507,2,-4,28
1761622779.7440507,-1,-9,29
1761622779.7810507,0,1,36
1761622779.8190508,0,-4,31
1761622779.857051,0,-4,37
1761622779.893051,6,0,31
1761622779.9300506,2,-1,28
1761622779.9690506,-3,0,35
1761622780.0070508,1,-2,33
1761622780.0430508,5,-6,36
1761622780.0810506,4,3,23
1761622780.1190507,-4,2,26
1761622780.1570508,0,1,33
1761622780.1930506,0,5,42
1761622780.2300508,-1,0,30
1761622780.2690508,-4,2,35
1761622780.3070507,-7,0,34
1761622780.3430507,-1,-1,32
1761622780.380051,-1,4,19
1761622780.4190507,-1,-3,22
1761622780.4570508,-3,5,30
1761622780.4930508,-9,-3,33
1761622780.5300508,-4,-4,22
1761622780.5690508,-4,-8,28
1761622780.607051,0,0,42
1761622780.643051,2,2,32
1761622780.6800506,1,0,25
1761622780.7190506,2,-5,34
1761622780.755051,1,0,37
1761622780.7920508,1,-4,36
1761622780.8290508,-4,-3,35
1761622780.8680508,-2,-1,29
1761622780.9040508,-4,3,27
1761622780.9420507,-3,-1,21
1761622780.9790506,-1,-3,26
1761622781.018051,2,-6,36
1761622781.0540507,3,-3,27
1761622781.0920508,-1,0,21
1761622781.130051,-2,-5,39
1761622781.1690507,1,0,35
1761622781.2050507,0,6,33
1761622781.2420506,0,6,37
1761622781.2790508,0,8,37
1761622781.3150508,0,4,43
1761622781.3520508,-9,-1,21
1761622781.3900506,-2,5,35
1761622781.4280508,-2,-3,34
1761622781.4640508,-9,1,27
1761622781.5020506,-7,1,27
1761622781.5400507,-5,-7,35
1761622781.5790508,0,-7,39
1761622781.6150508,0,-1,41
1761622781.6520507,0,-2,37
1761622781.6900508,-4,0,41
1761622781.7290506,-2,6,33
1761622781.7650506,1,0,32
1761622781.8020508,1,0,33
1761622781.8400507,0,0,30
1761622781.8780508,-1,-1,33
1761622781.9140508,-4,-2,45
1761622781.9520507,-4,-1,34
1761622781.9900508,-9,-1,28
1761622782.0290508,-8,-1,21
1761622782.0650508,-2,-4,23
1761622782.1020508,-4,-2,36
1761622782.1400506,3,-2,30
1761622782.1790507,1,0,37
1761622782.2150507,0,-3,42
1761622782.2520506,-1,2,41
1761622782.2900507,5,-7,37
1761622782.3290508,3,0,36
1761622782.3650508,-4,-5,31
1761622782.4020507,-4,-6,26
1761622782.4400508,-1,2,22
1761622782.4780507,4,-1,20
1761622782.5140507,5,0,30
1761622782.5520508,2,-6,28
1761622782.5900507,2,0,19
1761622782.6280508,2,-2,37
1761622782.6650507,2,-5,32
1761622782.7020507,3,4,30
1761622782.7400508,-3,-1,40
1761622782.7760508,4,0,35
1761622782.8130507,-3,-4,32
1761622782.8510506,9,-10,41
1761622782.8890507,5,-7,38
1761622782.9250507,0,-2,36
1761622782.962051,0,-3,34
1761622783.0000508,6,-1,34
1761622783.0360508,1,-3,28
1761622783.0730507,4,-4,34
1761622783.1110508,4,-2,24
1761622783.1490507,-3,-2,39
1761622783.1850507,-1,-9,34
1761622783.222051,-3,-7,40
1761622783.2600508,-9,-1,31
1761622783.2990508,-4,2,28
1761622783.3350508,0,2,35
1761622783.3720508,9,2,27
1761622783.4100506,1,2,29
1761622783.4460506,-2,8,39
1761622783.4830508,0,2,30
1761622783.5200508,0,-2,30
1761622783.5560508,-3,5,32
1761622783.5940506,-1,0,31
1761622783.6310508,2,-3,34
1761622783.6700506,-5,1,31
1761622783.7060506,-1,5,37
1761622783.7440507,-4,0,38
1761622783.7810507,0,-1,36
1761622783.8200507,7,0,23
1761622783.8560507,0,-7,28
1761622783.8940508,1,-2,37
1761622783.9320507,0,1,37
1761622783.9700508,0,0,36
1761622784.0060508,0,1,33
1761622784.0440507,-1,-4,35
1761622784.0820508,1,-1,34
1761622784.1210508,0,-1,37
1761622784.1590507,2,-1,27
1761622784.1950507,9,-3,24
1761622784.232051,4,0,20
1761622784.2700508,6,-6,21
1761622784.3060508,-3,-3,26
1761622784.3440506,-4,2,16
1761622784.3810508,0,0,22
1761622784.4190507,-4,2,35
1761622784.4550507,-8,-2,26
1761622784.4920506,-1,-1,33
1761622784.5310507,3,-3,35
1761622784.5690508,3,-3,25
1761622784.6050508,6,0,26
1761622784.6420507,1,-4,31
1761622784.6800506,0,-7,27
1761622784.7160506,4,-5,32
1761622784.7530508,-2,-1,37
1761622784.7920508,8,-1,35
1761622784.8300507,4,-1,34
1761622784.8660507,-5,-2,36
1761622784.9040508,-2,0,40
1761622784.9410508,1,1,51
1761622784.9800508,-1,-2,42
1761622785.0160508,-4,1,29
1761622785.0530508,-5,-2,26
1761622785.0920508,0,-4,31
1761622785.130051,4,1,43
1761622785.166051,0,-3,23
1761622785.2030506,-4,-4,23
1761622785.2420506,-2,-3,23
1761622785.2800508,-5,-3,36
1761622785.3160508,0,0,37
1761622785.3530507,5,1,29
1761622785.3910508,5,-4,30
1761622785.4270508,2,-4,31
1761622785.4640508,1,1,24
1761622785.5010507,-4,1,25
1761622785.5370507,-1,0,27
1761622785.574051,-2,-1,27
1761622785.6120508,-1,-5,26
1761622785.6510508,1,0,29
1761622785.6870508,0,-7,39
1761622785.7240508,3,-4,28
1761622785.7620506,0,8,28
1761622785.8000507,-1,3,32
1761622785.8360507,6,7,25
1761622785.8730507,8,-1,22
1761622785.9110508,9,-1,25
1761622785.9470508,0,2,31
1761622785.985051,-4,5,28
1761622786.0230508,0,0,26
1761622786.061051,2,0,24
1761622786.097051,5,0,29
1761622786.1350508,8,2,40
1761622786.1720507,0,3,35
1761622786.2100508,-1,-2,26
1761622786.2460508,-5,2,23
1761622786.2830508,-14,3,30
1761622786.3210506,2,8,26
1761622786.357051,-1,0,32
1761622786.3940508,0,0,30
1761622786.4320507,6,-1,38
1761622786.4700508,10,-3,36
1761622786.5060508,0,-1,21
1761622786.5430508,-7,-4,42
1761622786.5820508,0,-6,33
1761622786.620051,-2,3,33
1761622786.6560507,-6,0,30
1761622786.6930506,0,1,35
1761622786.7310507,0,2,32
1761622786.7670507,1,4,24
1761622786.8040507,-5,4,39
1761622786.8420508,-14,0,34
1761622786.880051,0,0,32
1761622786.9250507,0,0,45
1761622786.962051,1,-2,30
1761622787.0010507,2,-2,36
1761622787.0370507,-5,-2,32
1761622787.0750508,-6,5,24
1761622787.1120508,-3,4,32
1761622787.1480508,1,4,33
1761622787.1850507,1,-7,27
1761622787.2230508,-3,5,23
1761622787.2610507,2,2,32
1761622787.2970507,8,4,38
1761622787.3350508,-6,4,37
1761622787.3730507,0,-4,29
1761622787.4110508,0,1,22
1761622787.4470508,2,0,41
1761622787.485051,0,1,23
1761622787.5220506,-6,-10,20
1761622787.561051,-7,-3,37
1761622787.597051,-5,-3,26
1761622787.6350508,1,-1,40
1761622787.6730506,1,-6,39
1761622787.7110507,-1,1,38
1761622787.7470508,0,-2,39
1761622787.7860508,2,-2,43
1761622787.8230507,-3,-2,25
1761622787.8620508,-3,-1,23
1761622787.8990507,-2,2,35
1761622787.936051,2,0,40
1761622787.9730508,2,-3,26
1761622788.0120506,4,-4,24
1761622788.0480506,4,-2,38
1761622788.0860507,1,-4,34
1761622788.1230507,2,1,33
1761622788.1610508,8,-3,24
1761622788.1970508,3,-6,28
1761622788.2340508,0,-5,38
1761622788.2720506,5,-4,20
1761622788.3080506,2,-1,20
1761622788.3450508,1,1,23
1761622788.383051,2,1,25
1761622788.4210508,-7,9,21
1761622788.4570508,4,0,29
1761622788.495051,0,0,36
1761622788.5330508,-4,6,24
1761622788.5710506,0,-1,24
1761622788.6080508,0,-9,24
1761622788.6450508,-1,-1,25
1761622788.6830506,5,2,35
1761622788.7210507,-7,4,40
1761622788.7570508,-3,0,41
1761622788.7950506,-9,0,45
1761622788.8330507,-6,2,47
1761622788.8710508,0,-7,45
1761622788.9070508,2,1,35
1761622788.9450507,-4,0,30
1761622788.9830508,-1,0,26
1761622789.0210507,-4,0,22
1761622789.0570507,-2,7,34
1761622789.0950508,1,10,36
1761622789.133051,-5,-7,33
1761622789.1710508,-2,-1,32
1761622789.2070508,-7,-5,21
1761622789.245051,0,-2,31
1761622789.2830508,2,-1,22
1761622789.3190508,-6,2,34
1761622789.3560507,-2,2,35
1761622789.3940508,0,2,30
1761622789.4320507,-7,4,27
1761622789.4680507,0,-3,37
1761622789.505051,-6,3,38
1761622789.5430508,2,2,43
1761622789.5790508,-2,2,44
1761622789.6160507,-1,3,43
1761622789.653051,-5,4,36
1761622789.689051,0,-4,41
1761622789.7260506,3,0,35
1761622789.7630508,6,0,39
1761622789.8020508,5,-7,35
1761622789.8380508,2,0,36
1761622789.8750508,4,-1,41
1761622789.913051,1,-3,22
1761622789.949051,0,0,21
1761622789.9860508,0,0,31
1761622790.0230508,-1,3,37
1761622790.0590508,5,5,51
1761622790.0960507,0,9,40
1761622790.1340508,-4,4,21
1761622790.1720507,2,0,27
1761622790.2080507,3,-6,24
1761622790.245051,2,-5,32
1761622790.2840507,0,0,28
1761622790.3220508,8,0,32
1761622790.3580508,8,-2,30
1761622790.3950508,1,-1,29
1761622790.4330506,-3,-2,35
1761622790.4690506,-1,-3,29
1761622790.5060508,8,8,29
1761622790.5440507,1,4,30
1761622790.5820508,0,5,50
1761622790.6180508,4,2,49
1761622790.6550508,3,3,38
1761622790.6940508,-7,-4,29
1761622790.732051,-13,1,20
1761622790.768051,-4,0,28
1761622790.8050506,-5,-2,23
1761622790.8440506,-4,-2,22
1761622790.8820508,2,0,29
1761622790.9180508,5,-5,24
1761622790.9550507,5,0,23
1761622790.9940507,0,0,25
1761622791.0320508,-2,0,37
1761622791.0680506,2,-1,27
1761622791.1050508,1,2,27
1761622791.1440508,1,2,31
1761622791.1820507,-6,-2,46
1761622791.2180507,0,2,40
1761622791.255051,-8,-1,47
1761622791.2940507,0,-7,30
1761622791.3320508,3,-3,34
1761622791.3680508,3,-1,27
1761622791.4050508,2,0,27
1761622791.4440508,-3,-3,33
1761622791.4800508,2,0,34
1761622791.5190508,7,0,27
1761622791.5560508,-1,-3,42
1761622791.5950508,5,-2,37
1761622791.633051,-2,4,28
1761622791.6690507,5,-1,31
1761622791.7060506,-2,-3,38
1761622791.745051,-2,0,33
1761622791.7830508,3,0,35
1761622791.8190508,0,0,38
1761622791.8560507,2,1,47
1761622791.8940508,1,-2,48
1761622791.9300506,-5,1,38
1761622791.9690506,-7,0,35
1761622792.0060508,-7,-3,32
1761622792.0450506,-3,-2,30
1761622792.0830507,-5,0,26
1761622792.1190507,1,2,30
1761622792.1560507,6,1,36
1761622792.1940508,-2,1,30
1761622792.2300508,0,0,42
1761622792.268051,-1,-6,34
1761622792.3060508,5,-9,25
1761622792.3440506,8,4,34
1761622792.380051,7,2,27
1761622792.4180508,4,-2,34
1761622792.4560506,-1,6,44
1761622792.4940507,4,1,38
1761622792.5300508,0,-7,27
1761622792.5670507,-3,-7,26
1761622792.6050508,0,-4,40
1761622792.6440508,-7,4,41
1761622792.6800506,-1,1,29
1761622792.7180507,0,-7,32
1761622792.7560508,9,1,35
1761622792.7940507,5,-1,34
1761622792.8300507,5,0,31
1761622792.8670506,3,-5,42
1761622792.9050508,2,-4,36
1761622792.9430506,1,-7,41
1761622792.9790506,7,-6,42
1761622793.0160508,3,-8,37
1761622793.0550506,0,-1,31
1761622793.0930507,0,1,25
1761622793.1290507,0,6,41
1761622793.1670508,-1,-2,39
1761622793.2050507,0,-6,37
1761622793.2440507,-5,0,46
1761622793.2800508,-8,-2,38
1761622793.3190508,-7,-3,39
1761622793.3560507,-4,1,36
1761622793.3940508,0,-6,36
1761622793.4300506,1,-7,30
1761622793.4680507,0,-6,36
1761622793.5060508,4,-7,37
1761622793.5440507,8,-5,27
1761622793.5800507,5,-4,33
1761622793.6190507,0,1,38
1761622793.6560507,-2,-5,29
1761622793.6950507,0,0,22
1761622793.7310507,8,0,27
1761622793.768051,8,-3,34
1761622793.8060508,-5,-4,25
1761622793.8450508,-9,-4,22
1761622793.8810508,0,-2,28
1761622793.9180508,5,0,21
1761622793.9550507,-4,0,28
1761622793.9940507,-5,-2,27
1761622794.0300508,-2,-2,35
1761622794.0670507,-3,-2,30
1761622794.1050508,-1,-1,34
1761622794.1440508,-6,-6,31
1761622794.1800506,-1,0,31
1761622794.2170508,-6,7,37
1761622794.255051,0,-1,41
1761622794.2940507,-1,6,34
1761622794.3300507,0,0,28
1761622794.3690507,4,-2,28
1761622794.4060507,8,-6,35
1761622794.4440508,-7,-2,36
1761622794.4800508,-2,-4,30
1761622794.5190508,2,0,27
1761622794.5560508,1,-2,33
1761622794.5940506,8,-2,43
1761622794.630051,7,2,46
1761622794.6670508,0,-1,34
1761622794.7050507,0,1,26
1761622794.7410507,-1,6,33
1761622794.778051,-2,-4,35
1761622794.8160508,-4,0,39
1761622794.8540506,-4,-6,36
1761622794.8900506,-3,0,31
1761622794.9280508,-2,0,40
1761622794.9660506,-2,2,30
1761622795.0040507,4,2,40
1761622795.0400507,0,0,35
1761622795.0770507,-2,-1,20
1761622795.1160507,1,-1,38
1761622795.1540508,0,0,36
1761622795.1900508,-1,4,20
1761622795.2280507,-5,2,32
1761622795.2660508,-2,-4,27
1761622795.3040507,-2,-6,34
1761622795.3400507,0,-4,37
1761622795.3780508,-2,-5,39
1761622795.416051,-5,-3,26
1761622795.4550507,0,2,35
1761622795.4910507,2,2,26
1761622795.528051,-5,1,34
1761622795.5660508,0,0,29
1761622795.6040506,4,-2,28
1761622795.6400506,0,-5,37
1761622795.6780508,-4,-1,33
1761622795.7160506,-3,2,29
1761622795.7520506,-5,-1,31
1761622795.7890508,7,0,39
1761622795.8260508,-2,-3,41
1761622795.8650508,12,0,38
1761622795.9010508,1,6,27
1761622795.9380507,-2,0,34
1761622795.9760506,2,-1,27
1761622796.0120506,1,-7,32
1761622796.0490508,6,-4,40
1761622796.0860507,4,-7,35
1761622796.1250508,6,-5,42
1761622796.1610508,4,-3,29
1761622796.1980507,5,-1,30
1761622796.2360508,17,5,38
1761622796.2720506,12,6,36
1761622796.3100507,3,0,36
1761622796.347051,2,-4,42
1761622796.3850508,-2,-12,29
1761622796.4210508,-3,-1,30
1761622796.4580507,-3,-9,35
1761622796.4960508,4,-1,41
1761622796.5350506,12,-2,40
1761622796.5710506,2,-8,36
1761622796.6080508,7,-1,40
1761622796.6460507,-4,4,39
1761622796.6820507,-2,-3,33
1761622796.7190506,3,3,32
1761622796.7570508,-3,1,22
1761622796.7950506,0,3,36
1761622796.8310506,0,3,35
1761622796.8680508,-1,2,31
1761622796.9070508,-7,-1,30
1761622796.9510508,0,0,31
1761622796.9890506,-2,4,30
1761622797.0270507,-2,1,29
1761622797.0650508,6,1,18
1761622797.1010506,-1,4,32
1761622797.1380508,1,13,34
1761622797.176051,2,0,32
1761622797.212051,-4,0,29
1761622797.2490506,-9,0,40
1761622797.2870507,0,1,32
1761622797.3250508,1,-1,35
1761622797.3610508,-1,2,36
1761622797.3990507,-4,6,23
1761622797.4370508,-3,0,22
1761622797.4750507,2,0,24
1761622797.5110507,2,-1,25
1761622797.5480506,2,0,37
1761622797.5860507,9,1,37
1761622797.6220508,10,2,31
1761622797.6590507,0,0,33
1761622797.6970508,-2,0,32
1761622797.735051,8,-4,29
1761622797.7710507,-2,-3,32
1761622797.8080506,-3,-3,41
1761622797.847051,-5,-6,31
1761622797.8850508,-1,3,29
1761622797.9210508,0,5,32
1761622797.9580507,-3,3,21
1761622797.9960508,-4,-1,17
1761622798.0320508,-1,-8,23
1761622798.0690508,4,-5,31
1761622798.107051,2,3,30
1761622798.143051,4,-3,37
1761622798.1800506,-3,1,27
1761622798.2170508,-2,2,29
1761622798.2560508,0,-3,31
1761622798.2920508,2,-3,29
1761622798.3290508,-4,-6,31
1761622798.3670506,-1,-6,33
1761622798.4060507,-5,2,46
1761622798.4420507,-3,-7,33
1761622798.4790506,0,0,39
1761622798.5170507,-5,-1,28
1761622798.5530508,-7,-1,29
1761622798.5910506,-5,2,39
1761622798.6280508,-5,0,38
1761622798.666051,-1,1,50
1761622798.7020507,-2,-5,28
1761622798.7390506,3,-4,36
1761622798.778051,3,-4,26
1761622798.8160508,3,1,29
1761622798.8520508,2,3,23
1761622798.8890507,2,-1,36
1761622798.9270508,1,0,39
1761622798.9630508,4,0,30
1761622799.0010507,3,3,29
1761622799.0390508,0,1,31
1761622799.0780506,0,-2,29
1761622799.1160507,-6,3,35
1761622799.1520507,-2,4,32
1761622799.189051,-3,7,39
1761622799.2270508,-9,1,37
1761622799.2630508,-9,5,34
1761622799.301051,9,0,35
1761622799.3380508,0,0,31
1761622799.3770506,-1,-2,31
1761622799.413051,2,0,27
1761622799.4510508,-4,8,41
1761622799.4880507,6,3,30
1761622799.5270507,4,0,28
1761622799.5630507,1,-1,32
1761622799.6000507,-4,-4,38
1761622799.6380508,-5,-6,30
1761622799.6770508,-6,0,34
1761622799.7130508,-6,-4,37
1761622799.7510507,2,0,24
1761622799.788051,-1,-5,37
1761622799.8270507,-2,-1,35
1761622799.8630507,6,-3,28
1761622799.9000506,7,-2,24
1761622799.9380507,10,1,27
1761622799.9770508,0,-3,36
1761622800.0130508,-4,1,27
1761622800.0500507,10,-1,23
1761622800.0880508,0,-2,20
1761622800.1240506,1,-2,21
1761622800.1610508,-6,-3,18
1761622800.199051,-2,5,29
1761622800.2370508,0,-5,35
1761622800.2730508,-1,-4,36
1761622800.311051,4,4,30
1761622800.3490508,0,3,28
1761622800.3870506,2,3,30
1761622800.4230506,0,-7,23
1761622800.4610507,1,-6,31
1761622800.4980507,-3,-9,25
1761622800.5370507,-6,-2,29
1761622800.5730507,-1,-3,34
1761622800.6110508,-2,-1,40
1761622800.6480508,5,-2,33
1761622800.6870508,7,0,30
1761622800.7230508,3,2,18
1761622800.7610507,-1,1,31
1761622800.7990508,-3,-2,24
1761622800.837051,3,-4,53
1761622800.8730507,3,0,37
1761622800.9110508,-2,-3,28
1761622800.949051,3,2,21
1761622800.9870508,5,-1,32
1761622801.0230508,0,0,38
1761622801.061051,-6,2,24
1761622801.0990508,-8,-2,34
1761622801.1370506,-2,0,29
1761622801.1730506,0,-1,37
1761622801.2110507,-5,-8,31
1761622801.2490506,2,-3,25
1761622801.2870507,5,-5,26
1761622801.3230507,6,-7,35
1761622801.360051,8,-6,22
1761622801.3990507,11,0,26
1761622801.4370508,2,0,25
1761622801.4730508,-4,0,31
1761622801.5110507,7,-1,42
1761622801.5490508,-2,-2,37
1761622801.587051,-8,-10,30
1761622801.6230507,-5,-4,32
1761622801.6610508,-4,-7,36
1761622801.699051,3,-7,29
1761622801.7380507,6,-3,29
1761622801.7740507,0,-5,26
1761622801.811051,-2,1,27
1761622801.8490508,1,0,25
1761622801.8870506,-3,-1,37
1761622801.9230506,2,-6,38
1761622801.9610507,-1,-3,28
1761622801.9990506,-1,0,39
1761622802.0370507,3,0,35
1761622802.0730507,0,-2,32
1761622802.1110508,-5,-2,42
1761622802.1490507,-1,-2,34
1761622802.1880507,-3,-3,36
1761622802.2240508,-7,6,40
1761622802.2610507,2,0,41
1761622802.2990508,4,-1,28
1761622802.3350508,-3,1,22
1761622802.3720508,-2,-1,35
1761622802.4110508,-6,-4,38
1761622802.449051,-2,-3,41
1761622802.485051,2,6,39
1761622802.5220506,3,0,28
1761622802.5590508,0,0,31
1761622802.5950508,-1,2,32
1761622802.6320508,3,-2,25
1761622802.6690507,7,0,32
1761622802.7050507,2,0,32
1761622802.7430508,3,3,37
1761622802.7800508,-2,2,32
1761622802.8190508,4,6,25
1761622802.8550508,-1,1,34
1761622802.893051,0,-2,28
1761622802.9300506,1,-2,30
1761622802.9680507,5,-5,39
1761622803.0040507,4,-3,29
1761622803.041051,2,-1,19
1761622803.0790508,-2,-4,22
1761622803.1180508,6,0,31
1761622803.1540508,6,-4,34
1761622803.1910508,2,-3,30
1761622803.2300508,-1,-3,21
1761622803.268051,3,0,21
1761622803.3040507,-2,-1,23
1761622803.3420508,-8,-5,30
1761622803.380051,-3,-1,27
1761622803.4190507,-4,-6,35
1761622803.4550507,-2,-5,36
1761622803.4930508,0,-7,44
1761622803.5300508,-1,0,32
1761622803.5690508,-4,2,28
1761622803.6050508,-1,1,33
1761622803.643051,0,0,23
1761622803.6800506,0,-3,39
1761622803.7180507,0,0,39
1761622803.7540507,2,-2,29
1761622803.791051,6,5,38
1761622803.8290508,0,-1,35
1761622803.8650508,0,0,40
1761622803.9020507,-1,-2,28
1761622803.9410508,1,-2,23
1761622803.9790506,2,1,16
1761622804.0150506,0,2,32
1761622804.0520508,4,-1,33
1761622804.0900507,-1,6,27
1761622804.1280508,4,-5,21
1761622804.1640508,3,-10,24
1761622804.2010508,3,-8,28
1761622804.2400508,1,-5,42
1761622804.278051,-4,-1,29
1761622804.314051,-4,-1,31
1761622804.3510506,-3,-8,23
1761622804.3900506,-5,-1,28
1761622804.4280508,-1,0,19
1761622804.4640508,0,-2,24
1761622804.5010507,1,-1,31
1761622804.5400507,0,5,34
1761622804.5760508,9,6,34
1761622804.6140506,7,0,26
1761622804.6510508,0,0,34
1761622804.689051,-2,-1,32
1761622804.7250507,0,-4,23
1761622804.7620506,2,-1,31
1761622804.8000507,2,-2,30
1761622804.8360507,2,-3,24
1761622804.8730507,-2,0,35
1761622804.9100506,-1,-6,31
1761622804.949051,2,-3,25
1761622804.985051,0,-5,40
1761622805.0220506,-2,0,39
1761622805.0600507,-1,-3,34
1761622805.0990508,-1,3,37
1761622805.1350508,0,2,36
1761622805.1720507,-5,1,41
1761622805.2100508,1,-4,34
1761622805.2490506,2,0,22
1761622805.2850506,-2,-8,30
1761622805.3220508,0,-3,32
1761622805.360051,4,2,24
1761622805.3960507,0,3,33
1761622805.4330506,-6,7,29
1761622805.4710507,6,-4,28
1761622805.5090508,0,-5,24
1761622805.5450506,0,-2,36
1761622805.5820508,0,-8,43
1761622805.620051,0,-3,30
1761622805.6560507,0,0,30
1761622805.6930506,-4,-1,32
1761622805.7310507,-3,-6,33
1761622805.7700508,-1,-3,31
1761622805.8060508,-7,-4,35
1761622805.8430507,-3,-4,23
1761622805.8810508,-8,-6,33
1761622805.9200506,0,-15,24
1761622805.9560506,4,-5,27
1761622805.9930508,5,-6,18
1761622806.0310507,1,-2,16
1761622806.0690508,1,1,29
1761622806.1050508,-1,-4,34
1761622806.143051,-1,-4,24
1761622806.1810508,6,-3,40
1761622806.2200508,-2,-7,34
1761622806.2560508,-2,-4,31
1761622806.2930508,-4,-3,39
1761622806.3320508,0,-8,32
1761622806.370051,-1,-1,38
1761622806.4060507,-5,0,43
1761622806.4430506,-1,-2,39
1761622806.4810507,-2,-3,36
1761622806.5200508,2,-7,31
1761622806.5560508,0,-6,35
1761622806.5930507,-5,0,35
1761622806.6310508,-6,-3,32
1761622806.6690507,0,1,37
1761622806.7050507,0,-9,36
1761622806.7430508,-7,-8,26
1761622806.7820508,-2,-2,43
1761622806.8200507,-6,-7,34
1761622806.8560507,-8,-9,37
1761622806.893051,1,-5,33
1761622806.9310508,-3,-6,25
1761622806.9750507,-1,0,27
1761622807.0140507,-4,-3,33
1761622807.051051,-6,-5,20
1761622807.0900507,0,-5,21
1761622807.1260507,-4,-2,19
1761622807.1650507,-3,-1,22
1761622807.2020507,-7,-3,41
1761622807.2410507,0,-1,44
1761622807.2770507,3,2,36
1761622807.314051,-4,1,30
1761622807.3510506,4,0,30
1761622807.3870506,1,1,37
1761622807.4240508,-1,0,39
1761622807.4610507,0,0,32
1761622807.5000508,2,-3,28
1761622807.5360508,-5,0,33
1761622807.5730507,-2,-4,36
1761622807.6120508,4,0,34
1761622807.6500506,0,-2,40
1761622807.686051,-5,-4,48
1761622807.7230508,-2,3,36
1761622807.7610507,3,-2,36
1761622807.7970507,2,-3,27
1761622807.834051,-2,-5,35
1761622807.8720508,-6,6,29
1761622807.9110508,-4,0,32
1761622807.9470508,-1,1,33
1761622807.9840508,-5,-1,27
1761622808.0220506,3,-8,37
1761622808.061051,0,-11,25
1761622808.097051,1,-9,29
1761622808.1340508,5,-6,18
1761622808.1720507,9,-5,37
1761622808.2100508,-2,6,34
1761622808.2460508,1,1,40
1761622808.2830508,1,4,30
1761622808.3210506,13,3,32
1761622808.357051,1,0,35
1761622808.3950508,-3,1,23
1761622808.4320507,-5,-4,25
1761622808.4710507,-3,-3,23
1761622808.5070508,-1,0,13
1761622808.5450506,0,2,15
1761622808.5820508,0,-8,32
1761622808.620051,-4,0,34
1761622808.6560507,-7,0,36
1761622808.6930506,-5,-10,24
1761622808.732051,2,-5,31
1761622808.768051,-3,-12,38
1761622808.8050506,-3,-3,26
1761622808.8430507,1,-8,25
1761622808.8820508,-2,-8,27
1761622808.9180508,1,-2,19
1761622808.9550507,4,-7,21
1761622808.9930508,1,3,29
1761622809.0310507,5,7,28
1761622809.0670507,0,5,35
1761622809.1040506,1,0,26
1761622809.1420507,1,-6,29
1761622809.1780508,6,-4,29
1761622809.2150507,-3,0,32
1761622809.2530508,-6,0,37
1761622809.2920508,-3,2,22
1761622809.3280506,-4,2,29
1761622809.3660507,-2,1,37
1761622809.403051,0,0,12
1761622809.4410508,7,-3,22
1761622809.4770508,6,-5,24
1761622809.5140507,0,-4,37
1761622809.5520508,-2,0,36
1761622809.5880508,2,-1,41
1761622809.6250508,2,-1,32
1761622809.6620507,-6,-7,43
1761622809.7010508,-7,-9,31
1761622809.7370508,0,-4,23
1761622809.7740507,2,1,38
1761622809.8120508,2,4,44
1761622809.8480508,-1,1,22
1761622809.8850508,-2,7,30
1761622809.9230506,-4,-2,31
1761622809.962051,-5,0,35
1761622809.9980507,-7,-1,32
1761622810.0350506,-5,2,33
1761622810.0730507,1,1,36
1761622810.1110508,-4,-2,34
1761622810.1470506,-4,-1,32
1761622810.186051,-3,-7,23
1761622810.2230508,0,-1,23
1761622810.2610507,-1,2,33
1761622810.2970507,-4,1,39
1761622810.334051,-1,5,30
1761622810.3720508,0,3,36
1761622810.4080508,3,0,44
1761622810.4450507,4,-1,43
1761622810.4830508,2,-1,39
1761622810.5210507,-3,-3,38
1761622810.5570507,-5,-1,34
1761622810.5950508,-2,-5,36
1761622810.633051,3,0,27
1761622810.6710508,5,-1,25
1761622810.7070508,-6,-3,26
1761622810.745051,-7,0,22
1761622810.7830508,-9,0,29
1761622810.8210506,1,-1,33
1761622810.857051,-4,-2,31
1761622810.8950508,-2,0,21
1761622810.9330506,-2,0,25
1761622810.9690506,-6,4,33
1761622811.0060508,0,0,18
1761622811.0430508,3,-5,30
1761622811.0790508,-4,2,26
1761622811.1160507,-10,0,23
1761622811.153051,-5,-2,32
1761622811.1920507,-2,2,37
1761622811.2280507,2,0,42
1761622811.2650506,-3,0,44
1761622811.3030508,-3,9,39
1761622811.3400507,-5,11,32
1761622811.3770506,7,10,33
1761622811.4140508,-1,1,33
1761622811.4520507,-2,1,30
1761622811.4880507,1,-3,33
1761622811.5250506,0,0,30
1761622811.5630507,-7,-9,40
1761622811.5990508,-1,-9,32
1761622811.6360507,2,-7,20
1761622811.6730506,1,-8,30
1761622811.709051,8,-2,28
1761622811.7460508,-4,3,31
1761622811.7830508,3,4,36
1761622811.8190508,6,0,37
1761622811.8560507,3,-2,31
1761622811.8940508,8,-6,30
1761622811.9330506,1,2,30
1761622811.9690506,5,4,34
1761622812.0060508,-3,0,26
1761622812.0450506,-4,2,27
1761622812.0830507,-7,0,33
1761622812.1190507,-4,6,28
1761622812.1560507,-8,8,29
1761622812.1950507,-1,4,27
1761622812.2330508,-3,-1,33
1761622812.2690508,-3,-4,41
1761622812.3070507,-5,-7,32
1761622812.3450508,-4,-2,31
1761622812.3840508,0,-1,30
1761622812.4220507,3,3,29
1761622812.4580507,-2,0,31
1761622812.495051,-11,-3,29
1761622812.5340507,-3,-12,31
1761622812.5720508,-2,-7,41
1761622812.6080508,-2,-1,35
1761622812.6450508,0,-3,47
1761622812.6830506,0,-5,32
1761622812.7190506,-3,-1,38
1761622812.7560508,-13,-4,43
1761622812.7950506,-4,-7,33
1761622812.8330507,-7,0,27
1761622812.8690507,2,2,35
1761622812.9060507,-6,1,38
1761622812.9450507,-7,-6,30
1761622812.9830508,0,0,36
1761622813.0190508,2,-1,33
1761622813.0560508,-1,2,26
1761622813.0940506,3,-2,20
1761622813.133051,1,0,32
1761622813.1690507,-1,-1,31
1761622813.2060506,1,-3,35
1761622813.2440507,6,2,30
1761622813.2800508,-2,-5,31
1761622813.3180506,-8,6,31
1761622813.3560507,-7,1,17
1761622813.3940508,-3,-2,38
1761622813.4330506,-10,-6,30
1761622813.4690506,-5,-7,30
1761622813.5060508,-5,-7,22
1761622813.5440507,7,-2,28
1761622813.5800507,3,-7,30
1761622813.6180508,0,-2,36
1761622813.6550508,0,4,36
1761622813.6930506,-7,2,44
1761622813.7290506,-5,0,32
1761622813.7660508,-7,-2,30
1761622813.8040507,1,-2,30
1761622813.8400507,0,-3,34
1761622813.8770506,-5,2,37
1761622813.9150507,-13,-1,26
1761622813.9530506,-2,0,32
1761622813.9890506,-3,0,33
1761622814.0270507,-3,0,38
1761622814.0650508,-10,-1,41
1761622814.1030507,-2,-2,29
1761622814.1390507,1,-9,22
1761622814.1770508,-7,-1,22
1761622814.2160506,-6,3,11
1761622814.2540507,2,1,27
1761622814.2900507,0,0,32
1761622814.3270507,2,1,25
1761622814.3650508,0,2,25
1761622814.403051,0,-7,35
1761622814.439051,-1,-3,40
1761622814.4770508,-3,0,29
1761622814.5150506,0,-4,35
1761622814.5530508,7,-8,40
1761622814.5890508,7,-3,36
1761622814.6270506,-5,-5,40
1761622814.666051,-8,0,33
1761622814.7040508,2,-4,34
1761622814.7400508,0,-2,24
1761622814.7770507,1,-11,34
1761622814.8150508,0,-5,30
1761622814.8530507,0,0,40
1761622814.8890507,-1,-4,37
1761622814.9270508,-2,-3,27
1761622814.9660506,7,0,36
1761622815.0040507,1,-1,29
1761622815.0400507,0,-5,26
1761622815.0770507,3,-4,26
1761622815.1150508,-5,1,27
1761622815.1540508,8,2,37
1761622815.1900508,12,5,33
1761622815.2270508,6,5,41
1761622815.2650506,1,3,29
1761622815.3030508,-2,-7,36
1761622815.3390508,-6,-3,43
1761622815.3770506,-3,0,33
1761622815.4150507,-2,0,26
1761622815.4510508,-3,-6,34
1761622815.4890506,0,2,38
1761622815.5260508,-1,7,24
1761622815.564051,1,9,31
1761622815.6000507,-1,-2,29
1761622815.6370506,-2,4,31
1761622815.6750507,1,-6,23
1761622815.7110507,3,-8,27
1761622815.7480507,7,-2,27
1761622815.7860508,7,-2,34
1761622815.8250508,-2,4,23
1761622815.8610508,-8,0,26
1761622815.8980508,-4,-6,31
1761622815.936051,-2,-5,30
1761622815.9750507,-6,-3,29
1761622816.0110507,-8,-2,28
1761622816.0480506,-13,9,25
1761622816.0860507,-3,4,23
1761622816.1240506,-4,2,23
1761622816.1600506,-10,-10,27
1761622816.1970508,-8,-3,29
1761622816.2360508,1,-5,39
1761622816.2740507,-3,3,38
1761622816.3100507,0,-5,46
1761622816.347051,-2,0,28
1761622816.3860507,6,0,40
1761622816.4240508,5,-2,33
1761622816.4600508,0,1,35
1761622816.4970508,0,0,45
1761622816.5360508,-2,5,32
1761622816.574051,2,-2,34
1761622816.610051,0,4,35
1761622816.6470506,-4,3,22
1761622816.6850507,-2,7,34
1761622816.7210507,-3,5,38
1761622816.7590508,-4,0,46
1761622816.7960508,0,0,34
1761622816.834051,0,1,36
1761622816.870051,-1,-3,45
1761622816.9070508,-2,3,40
1761622816.9450507,2,1,34
1761622816.9880507,-1,-3,20
1761622817.0260508,2,2,39
1761622817.064051,5,3,42
1761622817.1000507,0,3,33
1761622817.1370506,1,0,22
1761622817.1750507,-3,-3,27
1761622817.2110507,1,1,38
1761622817.2480507,2,4,49
1761622817.2860508,9,-4,35
1761622817.324051,5,0,38
1761622817.360051,0,-1,34
1761622817.3970506,1,2,35
1761622817.436051,-8,3,38
1761622817.472051,-4,3,36
1761622817.5090508,-6,3,29
1761622817.5470507,0,-6,30
1761622817.5850508,7,0,37
1761622817.6210508,5,-2,31
1761622817.6590507,9,-1,29
1761622817.6960506,3,2,28
1761622817.732051,2,-2,30
1761622817.7690508,5,1,34
1761622817.8060508,-4,7,36
1761622817.8450508,-3,0,45
1761622817.8810508,3,3,47
1761622817.9190507,-3,-4,32
1761622817.9570508,-3,0,20
1761622817.995051,0,3,24
1761622818.0310507,-3,1,19
1761622818.0690508,-5,-3,25
1761622818.107051,0,0,22
1761622818.1450508,-1,4,32
1761622818.1810508,3,0,21
1761622818.2190506,1,0,32
1761622818.2560508,2,-2,40
1761622818.2920508,3,-4,31
1761622818.3290508,7,-4,19
1761622818.3670506,8,3,21
1761622818.4060507,2,6,29
1761622818.4420507,-3,3,40
1761622818.4790506,6,3,40
1761622818.5170507,-1,3,23
1761622818.5550506,0,-7,32
1761622818.5910506,-5,-8,32
1761622818.6280508,-1,-4,34
1761622818.6670508,-2,-9,26
1761622818.7050507,0,-2,30
1761622818.7410507,-2,-2,32
1761622818.778051,-2,0,22
1761622818.8160508,3,5,23
1761622818.8520508,0,0,30
1761622818.8890507,-1,-4,39
1761622818.9270508,0,-2,46
1761622818.9650507,0,-4,30
1761622819.0010507,0,1,28
1761622819.038051,-6,4,36
1761622819.0760508,1,6,45
1761622819.1120508,-8,7,35
1761622819.1490507,-4,2,35
1761622819.1870508,-2,5,32
1761622819.2250507,4,6,31
1761622819.2610507,1,3,23
1761622819.2980506,-2,0,18
1761622819.3360507,-2,-1,26
1761622819.3720508,-1,-2,35
1761622819.4090507,3,-4,36
1761622819.4470508,1,1,33
1761622819.485051,0,0,33
1761622819.5210507,2,0,26
1761622819.5580506,3,4,40
1761622819.5960507,10,-5,51
1761622819.6320508,4,0,33
1761622819.6690507,-1,0,27
1761622819.7070508,-2,0,27
1761622819.7430508,4,-1,36
1761622819.7800508,2,-2,37
1761622819.8170507,10,-4,34
1761622819.8530507,3,0,28
1761622819.8900506,-7,3,33
1761622819.9280508,-1,-5,24
1761622819.9670508,6,0,28
1761622820.0030508,0,3,33
1761622820.0400507,-1,3,25
1761622820.0780506,3,-5,43
1761622820.1160507,8,0,40
1761622820.1520507,5,-3,32
1761622820.1900508,-1,0,29
1761622820.2280507,3,-1,39
1761622820.2660508,0,2,33
1761622820.3020508,2,0,42
1761622820.3390508,0,2,28
1761622820.3770506,-1,-4,29
1761622820.413051,2,-4,25
1761622820.4510508,1,1,25
1761622820.4880507,-11,-2,27
1761622820.5270507,-3,-3,26
1761622820.5630507,-2,-4,43
1761622820.6010506,4,4,30
1761622820.6380508,4,0,31
1761622820.676051,2,1,25
1761622820.712051,-3,0,19
1761622820.7490506,0,2,30
1761622820.7870507,3,4,30
1761622820.8230507,0,-4,26
1761622820.860051,10,-2,34
1761622820.8980508,1,-3,40
1761622820.936051,5,2,25
1761622820.972051,3,-3,31
1761622821.0090508,0,0,35
1761622821.0470507,0,2,33
1761622821.0830507,2,-5,30
1761622821.120051,-5,-2,30
1761622821.1580508,-5,-4,30
1761622821.1970508,-2,-5,21
1761622821.2330508,0,-2,32
1761622821.2700508,2,-4,28
1761622821.3080506,9,1,28
1761622821.3460507,5,-4,31
1761622821.3820508,0,-3,36
1761622821.4190507,1,-9,30
1761622821.4570508,6,-7,37
1761622821.4930508,9,0,31
1761622821.5300508,10,0,26
1761622821.5680506,4,-3,17
1761622821.6060507,-1,-1,19
1761622821.6420507,-2,0,26
1761622821.6800506,-6,-4,39
1761622821.7180507,1,3,32
1761622821.7560508,3,-4,26
1761622821.7920508,0,-1,34
1761622821.8300507,-5,7,34
1761622821.8680508,-7,4,32
1761622821.9040508,-2,5,29
1761622821.9410508,0,4,24
1761622821.9780507,-1,-2,32
1761622822.0170507,-3,-1,35
1761622822.0530508,-2,1,34
1761622822.0900507,-5,-1,26
1761622822.1280508,2,0,26
1761622822.1640508,0,-1,25
1761622822.2010508,0,-6,35
1761622822.2380507,-2,-8,32
1761622822.2770507,-6,-7,36
1761622822.3130507,-2,-4,34
1761622822.3500507,-2,-5,29
1761622822.3880508,0,-10,29
1761622822.4240508,3,-6,23
1761622822.462051,1,-5,23
1761622822.4990506,-3,-4,33
1761622822.538051,0,-3,28
1761622822.574051,1,-1,26
1761622822.6120508,1,0,27
1761622822.6490507,7,-7,26
1761622822.6870508,1,0,23
1761622822.7230508,0,-1,32
1761622822.7600508,0,-1,32
1761622822.7990508,-3,-4,28
1761622822.837051,-4,-11,24
1761622822.8730507,0,-3,39
1761622822.9100506,0,-4,40
1761622822.949051,-1,-6,34
1761622822.9870508,-2,-5,32
1761622823.0230508,-8,0,33
1761622823.0600507,-2,8,32
1761622823.0980508,-3,3,32
1761622823.1340508,-1,2,31
1761622823.1710508,0,-2,29
1761622823.209051,0,-1,32
1761622823.2470508,2,-3,28
1761622823.2830508,14,0,39
1761622823.3200507,12,-10,35
1761622823.3590508,7,-3,41
1761622823.3970506,0,3,31
1761622823.4340508,-2,-2,26
1761622823.4710507,-11,-12,34
1761622823.5090508,-5,-11,30
1761622823.5480506,2,-3,33
1761622823.584051,1,0,40
1761622823.6210508,-11,-2,33
1761622823.6590507,-8,-2,33
1761622823.6980507,-2,-3,31
1761622823.7340508,3,-3,34
1761622823.7710507,0,-2,27
1761622823.8090508,-1,1,28
1761622823.847051,-2,-4,32
1761622823.8840508,2,-3,34
1761622823.9210508,6,2,37
1761622823.959051,0,-1,37
1761622823.9970508,-5,-8,34
1761622824.0340507,1,-6,45
1761622824.0710506,-1,-3,33
1761622824.1090508,-6,-7,33
1761622824.1480508,4,-10,33
1761622824.1840508,11,-6,24
1761622824.2210507,7,-4,28
1761622824.2590508,-5,-2,40
1761622824.2950506,-6,-5,37
1761622824.334051,-6,-3,32
1761622824.3710508,-2,-2,34
1761622824.4090507,6,0,26
1761622824.4450507,0,0,34
1761622824.4830508,-3,-2,44
1761622824.5210507,0,-3,41
1761622824.5590508,1,-4,42
1761622824.5950508,-1,-1,44
1761622824.6340508,-2,1,43
1761622824.6710508,-4,-3,30
1761622824.709051,-4,4,38
1761622824.7480507,-9,1,42
1761622824.7840507,-2,1,35
1761622824.8210506,-5,-3,38
1761622824.860051,-2,4,34
1761622824.8980508,-1,1,27
1761622824.9340508,-5,-1,27
1761622824.972051,-1,0,30
1761622825.0100508,-6,-4,24
1761622825.0480506,-5,-11,27
1761622825.084051,-2,4,41
1761622825.1210508,-1,3,33
1761622825.1590507,0,0,29
1761622825.1950507,0,-1,30
1761622825.232051,0,-1,34
1761622825.2700508,-7,0,32
1761622825.3080506,0,0,26
1761622825.3440506,3,-5,28
1761622825.3810508,-4,1,40
1761622825.4190507,-1,-4,36
1761622825.4550507,4,-6,39
1761622825.4930508,4,-7,36
1761622825.5300508,7,-3,41
1761622825.5680506,0,-1,42
1761622825.6040506,2,-2,39
1761622825.6410508,-1,2,34
1761622825.6800506,-2,2,40
1761622825.7180507,2,1,33
1761622825.7540507,0,4,30
1761622825.791051,-5,0,25
1761622825.8290508,-3,-1,34
1761622825.8650508,-5,5,32
1761622825.9020507,-5,-1,36
1761622825.9400508,0,-3,40
1761622825.9790506,1,3,40
1761622826.0150506,-8,7,35
1761622826.0520508,-7,0,35
1761622826.0900507,-3,-3,31
1761622826.1260507,-5,-2,21
1761622826.163051,-8,0,21
1761622826.2000508,0,-5,36
1761622826.2390506,0,-2,31
1761622826.2760508,0,0,35
1761622826.3130507,-4,-3,25
1761622826.3510506,-2,-6,26
1761622826.3900506,1,-5,38
1761622826.426051,1,-2,24
1761622826.4630508,-5,1,25
1761622826.5000508,2,2,30
1761622826.5390508,-3,-5,28
1761622826.5750508,-1,0,29
1761622826.6130507,0,-5,25
1761622826.6500506,2,-2,29
1761622826.689051,4,-2,30
1761622826.7250507,-4,-2,33
1761622826.7630508,-5,0,35
1761622826.8000507,2,-1,19
1761622826.8360507,-4,1,26
1761622826.8730507,0,1,32
1761622826.9100506,2,2,21
1761622826.9460506,1,1,30
1761622826.9920506,-2,-4,32
1761622827.0300508,4,-7,37
1761622827.0660508,-2,-3,34
1761622827.1030507,-6,-1,24
1761622827.1410508,-2,-2,34
1761622827.1800506,4,-1,32
1761622827.2160506,3,2,28
1761622827.2540507,1,-1,39
1761622827.291051,0,4,38
1761622827.3290508,3,5,25
1761622827.3650508,2,6,38
1761622827.4020507,-1,4,34
1761622827.4400508,0,0,36
1761622827.4760506,-2,6,41
1761622827.5130508,-7,-3,41
1761622827.551051,-2,0,46
1761622827.5900507,-6,-3,43
1761622827.6260507,-3,-5,36
1761622827.663051,0,-2,31
1761622827.7010508,3,-2,36
1761622827.7390506,2,-2,25
1761622827.7760508,2,-1,29
1761622827.8130507,0,-1,38
1761622827.8510506,0,2,40
1761622827.8890507,0,5,33
1761622827.926051,8,5,34
1761622827.9630508,5,3,33
1761622828.0010507,-1,2,34
1761622828.0390508,2,1,19
1761622828.0750508,3,-2,32
1761622828.1130507,4,1,37
1761622828.1510508,-1,3,45
1761622828.189051,3,0,38
1761622828.2250507,0,-2,34
1761622828.2630508,-6,-5,26
1761622828.301051,2,-8,20
1761622828.337051,1,-10,28
1761622828.3740506,-7,5,39
1761622828.4110508,0,5,39
1761622828.4470508,-8,0,40
1761622828.4840508,2,0,40
1761622828.5210507,-1,-6,26
1761622828.5600507,5,1,34
1761622828.5960507,3,-2,37
1761622828.633051,1,0,32
1761622828.6710508,1,5,34
1761622828.7070508,-7,7,31
1761622828.7440507,0,-1,35
1761622828.7810507,0,3,45
1761622828.8200507,0,3,39
1761622828.8560507,2,-5,30
1761622828.8940508,2,1,32
1761622828.9310508,-3,-9,32
1761622828.9700508,-5,2,35
1761622829.0060508,-5,1,40
1761622829.0440507,-1,-3,31
1761622829.0820508,0,1,20
1761622829.1210508,-4,-3,27
1761622829.1570508,0,-3,30
1761622829.1940508,-1,1,27
1761622829.232051,2,1,24
1761622829.2700508,2,-2,34
1761622829.3060508,-5,-2,24
1761622829.3440506,-5,5,33
1761622829.3820508,-3,0,33
1761622829.4200506,-6,-3,26
1761622829.4560506,-11,-3,33
1761622829.4940507,-15,0,32
1761622829.5320508,-6,4,39
1761622829.5700507,-3,-4,23
1761622829.6060507,-1,1,22
1761622829.6440508,0,-4,27
1761622829.6820507,0,2,30
1761622829.7200508,3,-1,37
1761622829.7560508,1,-5,32
1761622829.7940507,5,-9,28
1761622829.8320508,-5,-4,35
1761622829.870051,0,-6,34
1761622829.9060507,-4,-7,36
1761622829.9440508,-8,0,31
1761622829.982051,1,1,29
1761622830.0200508,7,-4,27
1761622830.0560508,9,-4,25
1761622830.0940506,2,-5,36
1761622830.1320508,-5,-6,33
1761622830.1700506,5,0,38
1761622830.2060506,-1,0,40
1761622830.2440507,2,5,31
1761622830.2820508,-4,0,49
1761622830.3200507,3,9,38
1761622830.3560507,5,4,32
1761622830.3940508,2,5,29
1761622830.4320507,6,-7,29
1761622830.4680507,-3,-4,29
1761622830.5060508,-1,-2,38
1761622830.5440507,2,0,27
1761622830.5820508,0,-6,31
1761622830.6180508,1,-3,30
1761622830.6550508,4,0,39
1761622830.6920507,4,-8,41
1761622830.7310507,1,-5,41
1761622830.7670507,2,2,34
1761622830.8040507,4,2,30
1761622830.8420508,-5,0,39
1761622830.8780508,1,-8,40
1761622830.9150507,-2,-6,36
1761622830.9530506,0,-3,40
1761622830.9910507,-3,-6,29
1761622831.0270507,0,-2,28
1761622831.0650508,2,1,28
1761622831.1030507,0,-2,28
1761622831.1410508,-3,0,33
1761622831.1770508,-4,0,46
1761622831.2150507,-1,0,34
1761622831.2530508,-2,-5,38
1761622831.2920508,-1,-2,24
1761622831.3280506,0,0,31
1761622831.3660507,-5,-2,26
1761622831.403051,-1,-5,33
1761622831.4420507,0,-7,36
1761622831.4780507,-5,0,29
1761622831.5150506,-2,0,28
1761622831.5530508,1,-8,22
1761622831.5910506,0,-4,31
1761622831.6270506,-5,-3,27
1761622831.6640508,-1,-8,24
1761622831.7030506,4,-4,26
1761622831.7410507,5,-1,33
1761622831.7770507,-2,-4,35
1761622831.814051,-7,-4,42
1761622831.8530507,-3,-2,51
1761622831.8910508,-1,-2,43
1761622831.9270508,3,-3,33
1761622831.9640508,-5,-5,36
1761622832.0030508,0,4,21
1761622832.041051,-1,4,24
1761622832.0770507,4,3,19
1761622832.1140506,3,-3,28
1761622832.153051,-1,3,26
1761622832.1910508,-3,1,31
1761622832.2270508,-6,-4,36
1761622832.2660508,-2,-7,30
1761622832.3030508,-2,-1,38
1761622832.3420508,0,-5,31
1761622832.3780508,-7,0,34
1761622832.416051,-4,-1,36
1761622832.4530506,-7,-2,29
1761622832.4920506,-3,-1,32
1761622832.528051,5,-1,39
1761622832.5650508,8,-4,45
1761622832.6030507,8,-6,29
1761622832.6390507,4,-2,27
1761622832.6770508,-1,3,26
1761622832.7140508,-6,-4,39
1761622832.7530508,-2,-5,30
1761622832.7890508,-5,-2,28
1761622832.8280506,3,-3,27
1761622832.8650508,5,-5,21
1761622832.903051,2,-2,41
1761622832.939051,2,-3,40
1761622832.9760506,9,-6,40
1761622833.0130508,4,-3,45
1761622833.0520508,11,0,37
1761622833.0880508,8,0,36
1761622833.1250508,1,-9,29
1761622833.163051,1,-3,34
1761622833.199051,-8,2,29
1761622833.2360508,0,3,25
1761622833.2730508,1,-1,24
1761622833.3090508,1,0,31
1761622833.3460507,2,1,29
1761622833.3840508,-1,-1,37
1761622833.4230506,-2,2,35
1761622833.459051,-6,3,35
1761622833.4960508,3,0,32
1761622833.5340507,-3,-2,25
1761622833.5720508,0,-5,20
1761622833.6080508,0,0,29
1761622833.6450508,0,3,31
1761622833.6830506,1,5,48
1761622833.7190506,1,-5,48
1761622833.7560508,1,4,43
1761622833.7940507,0,0,41
1761622833.8320508,-6,1,31
1761622833.8680508,0,1,27
1761622833.9050508,0,4,25
1761622833.9440508,-2,4,37
1761622833.982051,-7,-2,29
1761622834.018051,-2,3,39
1761622834.0550506,-4,1,27
1761622834.0940506,-3,0,44
1761622834.1320508,0,2,37
1761622834.1680508,1,4,25
1761622834.2050507,2,2,38
1761622834.2440507,-2,0,32
1761622834.2820508,0,4,38
1761622834.3180506,2,1,37
1761622834.3550508,1,-7,31
1761622834.3940508,-2,1,37
1761622834.4320507,-1,-2,35
1761622834.4680507,2,-3,41
1761622834.505051,1,0,37
1761622834.5440507,0,2,42
1761622834.5820508,-4,3,37
1761622834.6180508,-3,-3,27
1761622834.6550508,0,-3,34
1761622834.6940508,-3,-4,33
1761622834.7300508,0,-2,35
1761622834.7670507,-3,2,36
1761622834.8040507,-2,-1,30
1761622834.8430507,-2,1,31
1761622834.8790507,-5,9,27
1761622834.9170508,0,0,31
1761622834.9540508,-1,-1,33
1761622834.9930508,0,-6,35
1761622835.0290508,0,-2,30
1761622835.0670507,-1,-5,24
1761622835.1050508,2,3,30
1761622835.143051,-3,2,37
1761622835.1790507,0,-3,41
1761622835.2160506,0,0,32
1761622835.2540507,0,1,24
1761622835.2900507,3,-5,23
1761622835.3270507,3,-2,42
1761622835.3650508,3,-4,34
1761622835.403051,-3,-1,40
1761622835.439051,-6,1,30
1761622835.4760506,-3,2,29
1761622835.5140507,-7,-1,27
1761622835.5530508,1,0,27
1761622835.5890508,-6,-5,25
1761622835.6260507,-9,-4,28
1761622835.6650507,-9,0,33
1761622835.7030506,-3,0,18
1761622835.7390506,3,-3,28
1761622835.7770507,-2,-2,28
1761622835.8150508,-10,-5,43
1761622835.8530507,0,-1,28
1761622835.8890507,1,0,28
1761622835.926051,1,-2,29
1761622835.9650507,8,-2,28
1761622836.0030508,7,-3,36
1761622836.0390508,10,-10,32
1761622836.0770507,-3,-3,30
1761622836.1150508,0,6,33
1761622836.153051,2,0,41
1761622836.189051,2,-2,29
1761622836.2270508,-4,-2,35
1761622836.2650506,-4,6,32
1761622836.3030508,1,-2,22
1761622836.3390508,0,-1,12
1761622836.3770506,-6,1,20
1761622836.4150507,2,-2,27
1761622836.4530506,-2,2,26
1761622836.4890506,-6,1,29
1761622836.5270507,-2,-1,27
1761622836.5650508,-1,1,32
1761622836.6030507,-1,0,33
1761622836.6390507,1,0,34
1761622836.6770508,1,-2,41
1761622836.7150507,-1,-6,43
1761622836.7530508,-8,-8,31
1761622836.7900507,-4,-10,19
1761622836.8270507,0,-5,31
1761622836.8650508,-1,0,32
1761622836.9010508,-7,1,27
1761622836.9380507,-3,3,26
1761622836.9750507,0,0,27
1761622837.0190508,-1,0,24
1761622837.0570507,0,-1,35
1761622837.0960507,-3,-4,27
1761622837.1340508,1,-4,28
1761622837.1700506,5,0,19
1761622837.2070508,0,0,25
1761622837.245051,-6,1,28
1761622837.2810507,-10,-3,23
1761622837.3180506,0,-4,28
1761622837.3550508,2,-9,43
1761622837.3940508,-1,-2,32
1761622837.4300506,-7,-6,31
1761622837.4670508,-5,-5,28
1761622837.505051,-5,0,25
1761622837.541051,-4,-4,34
1761622837.5790508,2,0,29
1761622837.6160507,-2,0,17
1761622837.6540508,-3,-2,27
1761622837.6900508,0,-1,33
1761622837.7270508,-3,4,21
1761622837.7650506,-5,5,29
1761622837.801051,-1,-2,27
1761622837.8380508,0,1,29
1761622837.8760507,4,1,37
1761622837.9140508,4,0,26
1761622837.9500508,2,-8,27
1761622837.9870508,3,1,32
1761622838.0260508,-2,1,27
1761622838.064051,-6,1,29
1761622838.1000507,-3,-6,24
1761622838.1380508,0,-6,26
1761622838.176051,-1,-8,30
1761622838.2140508,-2,-1,38
1761622838.2500508,-3,-7,44
1761622838.2870507,-1,-1,43
1761622838.3260508,0,-2,31
1761622838.3640506,-4,-3,39
1761622838.4000506,-1,-5,25
1761622838.4370508,-6,-3,36
1761622838.4760506,1,-2,37
1761622838.5140507,-2,1,40
1761622838.5500507,-11,2,41
1761622838.587051,-8,4,43
1761622838.6260507,-3,5,33
1761622838.6640508,-7,-1,31
1761622838.7000508,-13,-5,25
1761622838.7370508,-1,1,36
1761622838.7760508,-4,-1,32
1761622838.814051,-3,-2,34
1761622838.8500507,1,0,33
1761622838.8870506,0,-2,34
1761622838.926051,0,-7,29
1761622838.9640508,-4,-1,30
1761622839.0000508,-1,3,32
1761622839.0370507,0,2,33
1761622839.0750508,5,-3,33
1761622839.1110508,3,2,34
1761622839.1490507,7,-1,21
1761622839.1870508,-4,2,14
1761622839.2260506,0,1,23
1761622839.2620506,3,-3,26
1761622839.2990508,0,-8,23
1761622839.3360507,0,-6,20
1761622839.3720508,-7,-2,28
1761622839.4090507,-2,-3,29
1761622839.4470508,1,0,34
1761622839.485051,4,2,32
1761622839.5210507,4,-2,34
1761622839.5580506,1,-11,30
1761622839.5960507,2,-3,30
1761622839.6320508,4,-3,30
1761622839.6690507,-1,-2,31
1761622839.7070508,3,0,29
1761622839.745051,1,-2,32
1761622839.7810507,-1,2,22
1761622839.8190508,5,-8,31
1761622839.8560507,-5,-5,28
1761622839.8950508,-1,-5,34
1761622839.9310508,-3,-6,28
1761622839.9680507,0,-8,44
1761622840.0060508,0,-3,31
1761622840.0420508,-3,-4,26
1761622840.0790508,-10,-4,19
1761622840.1170506,2,-9,21
1761622840.1550508,-4,2,30
1761622840.1910508,1,-5,28
1761622840.2280507,-3,1,25
1761622840.2660508,-9,0,36
1761622840.3020508,0,8,40
1761622840.3390508,0,6,34
1761622840.3770506,0,5,28
1761622840.4150507,-2,2,29
1761622840.4510508,0,0,32
1761622840.4880507,4,-3,41
1761622840.5270507,6,3,25
1761622840.5650508,0,-7,30
1761622840.6010506,0,-5,32
1761622840.6380508,-1,-7,32
1761622840.6770508,5,0,25
1761622840.7150507,0,-2,33
1761622840.7510507,5,-2,32
1761622840.788051,5,1,33
1761622840.8260508,4,5,43
1761622840.8620508,2,-2,45
1761622840.9000506,3,-3,40
1761622840.9380507,-5,-6,32
1761622840.9770508,0,-9,23
1761622841.0150506,-3,-7,15
1761622841.051051,1,-3,25
1761622841.0880508,-1,-5,29
1761622841.1270506,11,1,34
1761622841.1650507,0,-1,31
1761622841.2010508,0,4,33
1761622841.2380507,4,-2,22
1761622841.2770507,-2,1,36
1761622841.3130507,-1,1,35
1761622841.3500507,-5,0,40
1761622841.3870506,1,2,21
1761622841.4230506,-3,0,26
1761622841.4600508,0,-4,31
1761622841.4980507,-2,1,21
1761622841.5360508,1,-2,23
1761622841.5720508,6,1,23
1761622841.6090508,1,4,31
1761622841.6470506,2,2,21
1761622841.6830506,3,-6,44
1761622841.7200508,-2,-3,34
1761622841.758051,2,0,33
1761622841.7970507,3,-1,22
1761622841.8330507,2,-1,28
1761622841.870051,4,-8,35
1761622841.9070508,-4,0,31
1761622841.9430506,-1,-1,25
1761622841.9810507,-3,-5,28
1761622842.0190508,-7,-4,36
1761622842.0570507,3,1,35
1761622842.0930507,-3,8,49
1761622842.1310508,-2,0,38
1761622842.1690507,2,-9,32
1761622842.2080507,1,-5,39
1761622842.2460508,4,-4,47
1761622842.2820508,6,-2,38
1761622842.3190508,4,-10,34
1761622842.3580508,0,0,33
1761622842.3960507,0,2,33
1761622842.4320507,-3,-1,30
1761622842.4690506,0,-3,38
1761622842.508051,1,0,31
1761622842.5460508,-1,-8,36
1761622842.5820508,-8,-2,40
1761622842.6190507,3,1,39
1761622842.6580508,3,0,35
1761622842.6960506,3,0,37
1761622842.732051,4,3,34
1761622842.7690508,6,4,29
1761622842.8070507,5,-1,37
1761622842.8430507,7,5,42
1761622842.880051,2,1,34
1761622842.9180508,3,1,39
1761622842.9560506,3,7,39
1761622842.9920506,2,0,35
1761622843.0290508,0,4,35
1761622843.0670507,-3,1,43
1761622843.1030507,0,-1,33
1761622843.1400506,6,1,28
1761622843.1780508,0,-1,27
1761622843.2160506,-3,-3,30
1761622843.2520506,-2,-1,32
1761622843.2900507,-1,-1,37
1761622843.3290508,-3,-4,40
1761622843.3670506,-11,-2,44
1761622843.403051,-6,1,39
1761622843.4400508,-3,1,32
1761622843.4790506,0,3,29
1761622843.5170507,-9,5,35
1761622843.5530508,-1,3,35
1761622843.5910506,3,0,38
1761622843.6290507,-4,0,30
1761622843.6670508,-4,1,31
1761622843.7030506,2,-1,31
1761622843.7410507,-3,7,32
1761622843.778051,-9,-3,30
1761622843.8170507,-2,-5,33
1761622843.8530507,2,1,33
1761622843.8900506,3,5,28
1761622843.9290507,3,0,30
1761622843.9670508,-4,0,31
1761622844.0030508,0,-1,35
1761622844.041051,8,-2,25
1761622844.0780506,2,-4,29
1761622844.1140506,-1,0,28
1761622844.1510508,-11,-6,23
1761622844.189051,-1,-3,23
1761622844.2280507,-12,0,40
1761622844.2640507,0,-6,40
1761622844.301051,4,-4,26
1761622844.3390508,-3,-3,17
1761622844.3780508,-3,-2,31
1761622844.4140508,-5,0,22
1761622844.4510508,-8,-4,22
1761622844.4890506,5,1,18
1761622844.5270507,0,2,21
1761622844.5630507,-2,-1,26
1761622844.6000507,6,0,24
1761622844.6380508,0,-2,30
1761622844.6740508,-3,3,34
1761622844.712051,-4,10,27
1761622844.7490506,-1,4,24
1761622844.7870507,3,4,27
1761622844.8230507,5,1,31
1761622844.860051,2,-2,33
1761622844.8990507,-4,0,30
1761622844.9370508,-10,3,28
1761622844.9730508,-9,-2,29
1761622845.0120506,-4,-9,20
1761622845.0490508,-3,-2,26
1761622845.0880508,5,1,29
1761622845.1240506,5,2,32
1761622845.1610508,5,2,33
1761622845.199051,1,4,28
1761622845.2370508,3,2,33
1761622845.2730508,1,1,34
1761622845.3100507,9,-3,25
1761622845.3480508,4,-7,23
1761622845.3840508,1,4,26
1761622845.4210508,-5,7,33
1761622845.459051,0,-2,40
1761622845.4970508,6,-5,43
1761622845.5330508,3,-2,33
1761622845.5700507,3,-2,32
1761622845.6080508,8,-3,22
1761622845.6450508,4,-6,29
1761622845.6820507,-4,-1,33
1761622845.7200508,7,1,35
1761622845.758051,11,1,38
1761622845.7950506,5,5,30
1761622845.8320508,0,0,23
1761622845.8690507,3,0,19
1761622845.9080508,2,-5,30
1761622845.9440508,5,-8,28
1761622845.982051,-4,-6,33
1761622846.0200508,2,-1,39
1761622846.0590508,5,4,30
1761622846.0950508,10,-3,30
1761622846.1320508,-2,-3,29
1761622846.1700506,-2,5,33
1761622846.2080507,-1,0,34
1761622846.2440507,-9,0,38
1761622846.2810507,-4,1,36
1761622846.3190508,0,6,27
1761622846.3550508,-3,9,32
1761622846.393051,-4,0,43
1761622846.4300506,-4,-5,41
1761622846.4690506,-3,-2,39
1761622846.505051,0,0,39
1761622846.5420508,1,0,41
1761622846.5810506,-7,-5,37
1761622846.6190507,-10,0,32
1761622846.6550508,-2,-4,31
1761622846.6930506,-4,-9,27
1761622846.7310507,-5,-2,33
1761622846.7700508,-8,0,36
1761622846.8080506,-10,3,35
1761622846.8440506,-5,3,33
1761622846.8810508,0,-1,38
1761622846.9190507,0,-3,32
1761622846.9550507,6,4,37
1761622846.9920506,1,8,41
1761622847.038051,1,3,37
1761622847.074051,9,0,30
1761622847.1110508,2,0,19
1761622847.1490507,0,-8,15
1761622847.1850507,0,-4,29
1761622847.222051,6,-1,31
1761622847.2600508,4,5,31
1761622847.2980506,7,1,39
1761622847.334051,3,4,31
1761622847.3720508,6,-4,37
1761622847.4100506,-1,2,35
1761622847.4480507,-3,-3,41
1761622847.4840508,2,-5,35
1761622847.5220506,5,-6,34
1761622847.561051,3,-6,33
1761622847.5990508,-2,-2,22
1761622847.6350508,-2,-2,34
1761622847.6720507,0,-3,31
1761622847.7100508,-6,-10,26
1761622847.7460508,-4,-4,26
1761622847.7830508,-1,0,17
1761622847.8200507,5,-2,24
1761622847.8560507,2,0,32
1761622847.893051,-3,0,34
1761622847.9310508,5,-6,18
1761622847.9690506,10,0,21
1761622848.005051,5,-6,26
1761622848.0420508,1,-7,19
1761622848.0800507,-6,-1,32
1761622848.1160507,-8,-6,29
1761622848.153051,0,0,22
1761622848.1900508,1,-4,25
1761622848.2260506,-4,-2,32
1761622848.2640507,-5,-4,33
1761622848.3030508,0,2,28
1761622848.3400507,0,5,37
1761622848.3760507,3,0,38
1761622848.413051,0,-4,33
1761622848.4510508,-1,-3,38
1761622848.4900508,0,0,32
1761622848.5260508,-4,5,34
1761622848.5630507,-10,4,34
1761622848.6010506,-11,-4,31
1761622848.6400506,-4,-7,29
1761622848.676051,-2,0,30
1761622848.7130508,-3,0,38
1761622848.7510507,4,0,33
1761622848.7890508,-4,-1,30
1761622848.8250508,-4,0,21
1761622848.8620508,0,6,31
1761622848.9000506,4,2,36
1761622848.936051,3,5,29
1761622848.9730508,1,1,28
1761622849.0110507,-2,-5,27
1761622849.0490508,2,-2,39
1761622849.0850508,-5,0,22
1761622849.1230507,-1,1,24
1761622849.1610508,-5,1,29
1761622849.199051,-9,-4,33
1761622849.235051,2,-8,28
1761622849.2730508,0,-6,25
1761622849.311051,-4,0,29
1761622849.3490508,0,-6,36
1761622849.3850508,-2,4,42
1761622849.4230506,-2,7,32
1761622849.4610507,-1,4,26
1761622849.4990506,2,7,33
1761622849.5350506,2,6,34
1761622849.5720508,3,-1,46
1761622849.6110508,1,-4,40
1761622849.6490507,6,0,25
1761622849.6850507,7,-2,31
1761622849.722051,-4,-4,38
1761622849.7610507,-8,-2,36
1761622849.7990508,0,-3,28
1761622849.8350508,1,-7,34
1761622849.8720508,3,-3,33
1761622849.9110508,0,-3,38
1761622849.9470508,0,0,39
1761622849.9840508,-3,-6,46
1761622850.0220506,-6,8,45
1761622850.061051,-1,3,42
1761622850.097051,0,2,33
1761622850.1340508,0,2,33
1761622850.1710508,-2,-3,40
1761622850.2100508,0,-2,39
1761622850.2460508,-2,-5,32
1761622850.2840507,0,-4,14
1761622850.3210506,1,-4,20
1761622850.357051,1,-2,26
1761622850.3940508,-1,0,36
1761622850.4310508,0,1,20
1761622850.4670508,3,-3,41
1761622850.505051,0,-3,32
1761622850.5420508,-2,3,20
1761622850.5800507,3,5,28
1761622850.6160507,1,0,26
1761622850.653051,-3,6,38
1761622850.6910508,4,-5,36
1761622850.7270508,0,-5,35
1761622850.7640507,-3,-7,30
1761622850.8020508,13,-4,38
1761622850.8410506,4,-4,39
1761622850.8770506,3,-5,35
1761622850.9140508,0,-2,39
1761622850.9520507,1,-2,45
1761622850.9900508,-4,-1,35
1761622851.0260508,-4,0,34
1761622851.064051,0,0,30
1761622851.1020508,-4,-6,32
1761622851.1400506,-10,-5,33
1761622851.176051,0,-6,38
1761622851.2140508,-2,-10,32
1761622851.2520506,7,0,35
1761622851.2900507,3,0,37
1761622851.3260508,-4,0,33
1761622851.3640506,-5,-1,23
1761622851.4020507,-4,-7,37
1761622851.4400508,-4,1,25
1761622851.4760506,2,3,27
1761622851.5130508,2,0,41
1761622851.551051,0,-1,28
1761622851.587051,0,-4,20
1761622851.6240506,-4,2,28
1761622851.6620507,4,3,33
1761622851.7000508,-1,-2,26
1761622851.7360508,5,-2,31
1761622851.7730508,3,0,33
1761622851.811051,5,-2,38
1761622851.847051,8,2,35
1761622851.8840508,10,-3,31
1761622851.9220507,0,-5,19
1761622851.9600508,0,-2,36
1761622851.9960508,0,-8,25
1761622852.0330508,-6,-2,22
1761622852.0720508,3,-13,27
1761622852.1080508,-2,-8,27
1761622852.1460507,3,-8,34
1761622852.1830506,3,-2,37
1761622852.2210507,8,1,30
1761622852.2570508,4,5,19
1761622852.2940507,4,-4,19
1761622852.3320508,0,5,31
1761622852.3680508,-4,7,38
1761622852.4050508,-2,6,40
1761622852.4440508,-2,0,36
1761622852.482051,-2,-5,42
1761622852.518051,4,-9,34
1761622852.5550506,0,-5,37
1761622852.5920508,-7,-7,21
1761622852.6310508,-1,-4,23
1761622852.6670508,-3,-2,29
1761622852.7050507,6,0,32
1761622852.7420506,4,-3,44
1761622852.778051,2,1,46
1761622852.8150508,5,-1,29
1761622852.8530507,5,3,34
1761622852.8910508,10,5,37
1761622852.9270508,5,3,35
1761622852.9640508,1,3,37
1761622853.0020506,3,0,39
1761622853.038051,-1,-5,27
1761622853.0760508,1,-2,38
1761622853.1140506,-4,0,38
1761622853.1520507,-3,-4,42
1761622853.1880507,-4,-5,33
1761622853.2260506,-2,-6,28
1761622853.2640507,0,-1,37
1761622853.3020508,5,-3,41
1761622853.3380508,9,-5,38
1761622853.3770506,5,-4,35
1761622853.4140508,3,-3,30
1761622853.4520507,1,-3,36
1761622853.4890506,0,-3,34
1761622853.5260508,6,0,46
1761622853.5630507,3,-2,37
1761622853.6020508,2,5,40
1761622853.6380508,-3,-1,30
1761622853.676051,2,0,26
1761622853.7140508,1,-1,27
1761622853.7520506,-8,-7,30
1761622853.788051,-11,-1,31
1761622853.8260508,-10,0,38
1761622853.8640506,-2,-1,29
1761622853.903051,-5,5,23
1761622853.9410508,1,1,29
1761622853.9770508,0,-1,21
1761622854.0140507,-5,-1,21
1761622854.0530508,3,1,27
1761622854.0910506,-4,2,26
1761622854.1270506,-1,0,30
1761622854.1650507,-5,-5,25
1761622854.2030506,2,-8,27
1761622854.2390506,8,-8,35
1761622854.2760508,8,-8,45
1761622854.3130507,2,-10,27
1761622854.3490508,5,-4,38
1761622854.3860507,10,-6,32
1761622854.4230506,2,0,31
1761622854.462051,8,-2,29
1761622854.4980507,9,-3,34
1761622854.5350506,-2,-1,33
1761622854.5730507,6,-2,40
1761622854.6120508,0,0,40
1761622854.6480508,-4,0,38
1761622854.6850507,2,5,38
1761622854.7230508,4,0,28
1761622854.7590508,0,0,34
1761622854.7960508,9,2,32
1761622854.8330507,8,2,33
1761622854.8690507,1,-2,30
1761622854.9070508,6,1,40
1761622854.9440508,2,4,35
1761622854.982051,0,-2,26
1761622855.018051,-2,-3,24
1761622855.0550506,-3,5,24
1761622855.0930507,-7,4,26
1761622855.1290507,-3,0,34
1761622855.166051,0,-4,37
1761622855.2040508,-5,-10,42
1761622855.2420506,0,-3,40
1761622855.278051,-5,-7,41
1761622855.3150508,-4,0,31
1761622855.3530507,-3,-4,34
1761622855.3890507,-4,-1,37
1761622855.426051,-1,-7,32
1761622855.4650507,10,-6,38
1761622855.5030508,8,-4,36
1761622855.5390508,8,-1,38
1761622855.5760508,2,1,26
1761622855.6140506,-1,-4,34
1761622855.6520507,1,-9,30
1761622855.6880507,5,-3,37
1761622855.7250507,2,-6,37
1761622855.7630508,1,1,38
1761622855.7990508,4,2,44
1761622855.837051,-7,-7,50
1761622855.8740506,5,-2,37
1761622855.9120507,1,-7,39
1761622855.9480507,-2,-7,31
1761622855.985051,0,3,32
1761622856.0230508,2,0,34
1761622856.0590508,0,1,30
1761622856.097051,0,-2,32
1761622856.1340508,0,-1,31
1761622856.1720507,2,-3,35
1761622856.2080507,0,4,42
1761622856.245051,-6,-3,40
1761622856.2840507,-1,-10,34
1761622856.3220508,3,-3,35
1761622856.3580508,0,-2,35
1761622856.3950508,-2,-1,41
1761622856.4340508,-4,0,35
1761622856.4700508,-3,5,30
1761622856.5070508,-4,-4,41
1761622856.5450506,-4,-7,31
1761622856.584051,2,-4,32
1761622856.620051,4,-7,32
1761622856.6570508,4,0,14
1761622856.6950507,-4,2,11
1761622856.7330508,0,-1,24
1761622856.7690508,2,-5,38
1761622856.8060508,-4,-3,29
1761622856.8440506,-5,5,22
1761622856.880051,-13,1,21
1761622856.9180508,-4,0,23
1761622856.9560506,0,-4,25
1761622856.9940507,-2,-8,35
1761622857.0370507,-5,-8,38
1761622857.0750508,-2,-3,24
1761622857.1140506,-5,-4,21
1761622857.1500506,-6,-8,29
1761622857.1870508,-1,1,30
1761622857.2250507,3,4,26
1761622857.2630508,2,0,23
1761622857.2990508,3,0,14
1761622857.3360507,1,-3,30
1761622857.3740506,0,-6,29
1761622857.4110508,5,-1,52
1761622857.4480507,5,-1,42
1761622857.4860508,0,-6,33
1761622857.5240507,-4,-2,31
1761622857.5600507,2,-2,17
1761622857.597051,-5,3,28
1761622857.6350508,3,5,31
1761622857.6740508,-3,-1,32
1761622857.7100508,-5,-7,35
1761622857.7470508,-2,-2,30
1761622857.7850506,-10,3,30
1761622857.824051,1,3,22
1761622857.860051,0,3,17
1761622857.8970506,-2,-10,25
1761622857.9350507,-2,0,21
1761622857.9740508,-3,-2,44
1761622858.0100508,1,0,40
1761622858.0480506,-4,6,34
1761622858.0860507,0,0,25
1761622858.1240506,-1,-1,32
1761622858.1600506,0,2,33
1761622858.1970508,-1,-2,26
1761622858.235051,-3,1,35
1761622858.2740507,-2,1,33
1761622858.3100507,0,2,39
1761622858.3480508,-2,3,32
1761622858.3860507,-2,-1,35
1761622858.4250507,-3,-3,19
1761622858.4630508,1,-7,25
1761622858.4990506,0,1,34
1761622858.5360508,-2,0,24
1761622858.5750508,-1,5,33
1761622858.6110508,-3,2,35
1761622858.6480508,-3,3,35
1761622858.686051,-2,-3,28
1761622858.7250507,-3,0,21
1761622858.7610507,-2,-2,25
1761622858.7980506,-2,1,26
1761622858.8350508,1,-8,27
1761622858.8710508,2,-2,33
1761622858.9090507,0,-4,44
1761622858.9460506,1,-2,43
1761622858.9840508,0,0,37
1761622859.0200508,0,-2,39
1761622859.0570507,-6,-5,32
1761622859.0950508,-1,-7,25
1761622859.1340508,6,0,31
1761622859.1700506,3,-9,34
1761622859.2070508,0,-8,38
1761622859.245051,1,-2,32
1761622859.2810507,0,-4,28
1761622859.3180506,-4,-5,31
1761622859.3560507,0,-3,37
1761622859.3940508,1,-9,36
1761622859.4300506,1,-3,37
1761622859.4670508,-5,-1,26
1761622859.5060508,-1,-1,30
1761622859.5440507,-5,0,26
1761622859.5800507,-3,4,47
1761622859.6170506,-1,0,36
1761622859.6550508,9,-11,40
1761622859.6910508,4,-4,39
1761622859.7280507,-3,-5,36
1761622859.7660508,3,-14,35
1761622859.8050506,2,0,30
1761622859.8410506,3,5,25
1761622859.8790507,1,-2,36
1761622859.9170508,0,-2,29
1761622859.9550507,-1,-1,34
1761622859.9920506,8,6,36
1761622860.0290508,-2,1,33
1761622860.0670507,0,2,37
1761622860.1050508,-1,-1,24
1761622860.1410508,0,3,17
1761622860.1790507,0,-6,22
1761622860.2170508,0,-3,24
1761622860.2560508,7,-1,16
1761622860.2940507,-3,-5,34
1761622860.3300507,-1,-5,36
1761622860.3670506,6,-1,45
1761622860.4050508,0,-8,36
1761622860.4410508,4,-5,32
1761622860.4790506,8,-6,38
1761622860.5170507,5,-9,31
1761622860.5550506,0,-8,31
1761622860.5910506,-3,-7,31
1761622860.6290507,0,-7,37
1761622860.666051,-5,-3,27
1761622860.7050507,-4,2,39
1761622860.7410507,-6,0,39
1761622860.7790508,0,-5,32
1761622860.8170507,-2,0,31
1761622860.8560507,-4,0,43
1761622860.8920507,-7,1,40
1761622860.9290507,-6,0,26
1761622860.9660506,1,-1,33
1761622861.0060508,0,-1,31
1761622861.0420508,-3,-6,19
1761622861.0790508,0,-2,30
1761622861.1170506,-1,-9,34
1761622861.1550508,-2,-2,37
1761622861.1910508,0,0,37
1761622861.2280507,-7,-9,45
1761622861.2660508,-11,-4,31
1761622861.3050506,-3,-11,41
1761622861.3410506,-5,-5,40
1761622861.3780508,-2,-3,40
1761622861.416051,-4,0,30
1761622861.4550507,-9,0,38
1761622861.4910507,2,-1,31
1761622861.528051,-4,0,25
1761622861.5660508,-4,-5,30
1761622861.6020508,4,-8,26
1761622861.6400506,5,-1,36
1761622861.6770508,3,-11,42
1761622861.7150507,0,-6,40
1761622861.7510507,4,-2,40
1761622861.788051,-4,5,22
1761622861.8270507,-3,3,35
1761622861.8650508,-2,5,31
1761622861.9010508,3,1,31
1761622861.9380507,-6,5,32
1761622861.9760506,2,-1,16
1761622862.0120506,-1,-6,28
1761622862.0500507,-1,-2,21
1761622862.0880508,6,-1,23
1761622862.1260507,13,0,30
1761622862.1620507,3,3,32
1761622862.2000508,6,3,44
1761622862.2370508,3,3,41
1761622862.2750506,2,9,38
1761622862.311051,-2,5,32
1761622862.3480508,4,-9,31
1761622862.3870506,0,0,38
1761622862.4250507,0,1,28
1761622862.4610507,-6,2,28
1761622862.4980507,-4,-1,35
1761622862.5370507,1,0,45
1761622862.5750508,3,2,26
1761622862.6110508,-2,6,19
1761622862.6480508,-5,-3,26
1761622862.6870508,5,-4,33
1761622862.7250507,1,-7,32
1761622862.7610507,12,-7,27
1761622862.7980506,2,-2,31
1761622862.8360507,3,-8,35
1761622862.8720508,1,-8,41
1761622862.9090507,0,-3,34
1761622862.9470508,-5,-8,38
1761622862.9860508,-2,2,28
1761622863.0220506,1,0,27
1761622863.0590508,-1,1,39
1761622863.097051,-6,-4,34
1761622863.133051,-7,-2,41
1761622863.1700506,4,-6,40
1761622863.2070508,4,0,29
1761622863.2430508,-2,0,32
1761622863.2800508,4,0,38
1761622863.3170507,7,-3,26
1761622863.3530507,9,5,22
1761622863.3910508,7,-3,22
1761622863.4280508,1,3,36
1761622863.4660506,0,-1,35
1761622863.5020506,-9,3,33
1761622863.5390508,-1,3,37
1761622863.5770507,-5,0,31
1761622863.6130507,-6,-6,27
1761622863.6510508,2,0,22
1761622863.6880507,1,3,19
1761622863.7260506,1,7,39
1761622863.7620506,1,0,24
1761622863.7990508,1,0,25
1761622863.837051,1,0,40
1761622863.8730507,1,0,41
1761622863.9100506,4,7,44
1761622863.9480507,-1,2,37
1761622863.9860508,-1,-1,26
1761622864.0220506,5,-3,25
1761622864.0600507,6,-1,19
1761622864.0980508,3,-1,20
1761622864.1360507,-1,3,32
1761622864.1720507,2,1,30
1761622864.2100508,-6,-1,20
1761622864.2490506,-1,-1,36
1761622864.2870507,-4,0,36
1761622864.3230507,-10,1,42
1761622864.360051,-5,-1,30
1761622864.3980508,-4,-4,30
1761622864.4370508,-3,-5,25
1761622864.4730508,-1,0,24
1761622864.5100508,0,0,35
1761622864.5480506,3,3,30
1761622864.5860507,4,-9,29
1761622864.6220508,13,-9,32
1761622864.6590507,4,-4,43
1761622864.6970508,-4,-4,34
1761622864.7330508,-2,1,26
1761622864.7700508,0,0,34
1761622864.8080506,2,-2,34
1761622864.8460507,8,-9,28
1761622864.8820508,3,-2,23
1761622864.9190507,-5,5,28
1761622864.9580507,-5,2,26
1761622864.9960508,1,-3,33
1761622865.0320508,-2,-9,36
1761622865.0700507,-5,-6,30
1761622865.1080508,-7,-3,19
1761622865.1460507,-15,3,27
1761622865.1830506,-8,-5,25
1761622865.2200508,-5,0,33
1761622865.258051,4,-3,39
1761622865.2940507,5,-5,41
1761622865.3310506,2,-1,27
1761622865.3690507,4,1,29
1761622865.4070508,-2,4,28
1761622865.4430506,0,8,34
1761622865.4800508,2,4,23
1761622865.518051,0,-3,20
1761622865.5540507,-2,-10,33
1761622865.5910506,0,0,34
1761622865.6280508,1,2,41
1761622865.6640508,2,-3,40
1761622865.7010508,-2,-6,41
1761622865.7390506,-5,2,35
1761622865.7770507,0,-5,36
1761622865.8130507,-2,-10,38
1761622865.8510506,8,-6,29
1761622865.8890507,7,-4,20
1761622865.9270508,-3,0,32
1761622865.9630508,-5,2,24
1761622866.0000508,-3,0,31
1761622866.038051,-2,1,25
1761622866.074051,0,0,37
1761622866.1110508,3,-8,28
1761622866.1490507,0,-2,36
1761622866.1870508,4,-4,30
1761622866.2230508,0,-4,32
1761622866.2610507,2,-3,34
1761622866.2990508,1,0,31
1761622866.337051,-5,-1,22
1761622866.3730507,-2,-3,36
1761622866.4100506,3,-3,36
1761622866.4480507,1,-1,37
1761622866.4840508,5,0,32
1761622866.5210507,-1,-1,34
1761622866.5590508,-8,-4,28
1761622866.5980508,-3,-6,32
1761622866.6340508,-2,-3,25
1761622866.6710508,0,-1,25
1761622866.709051,-9,-4,31
1761622866.7470508,4,-7,22
1761622866.7830508,9,-5,30
1761622866.8210506,3,-14,28
1761622866.8590508,0,-5,33
1761622866.8970506,-5,-3,37
1761622866.9330506,0,-5,34
1761622866.9700508,-4,-2,34
1761622867.0090508,-3,4,28
1761622867.0530508,0,1,24
1761622867.0900507,-3,-6,29
1761622867.1290507,0,-5,31
1761622867.1670508,-8,0,26
1761622867.2030506,-10,0,32
1761622867.2400508,3,-3,32
1761622867.278051,-3,0,26
1761622867.314051,2,3,25
1761622867.3510506,-6,0,24
1761622867.3890507,-2,-1,32
1761622867.4250507,0,-4,31
1761622867.462051,2,-1,25
1761622867.5000508,2,4,24
1761622867.538051,7,0,30
1761622867.574051,3,-1,31
1761622867.6120508,4,-4,32
1761622867.6490507,0,-6,37
1761622867.6880507,5,-5,22
1761622867.7240508,2,1,32
1761622867.7610507,-3,-2,35
1761622867.7990508,0,0,37
1761622867.8380508,0,-1,40
1761622867.8740506,4,0,34
1761622867.9110508,-4,-6,30
1761622867.949051,-7,-5,32
1761622867.9880507,-4,1,35
1761622868.0240507,3,4,29
1761622868.061051,5,-4,28
1761622868.0990508,4,-3,35
1761622868.1350508,4,-6,32
1761622868.1730506,6,-4,26
1761622868.2100508,2,-1,20
1761622868.2490506,-4,-4,20
1761622868.2850506,-7,3,25
1761622868.3220508,-7,4,25
1761622868.360051,1,2,34
1761622868.3980508,-4,3,41
1761622868.4350507,-2,1,28
1761622868.472051,-3,0,37
1761622868.5100508,6,4,25
1761622868.5480506,9,-1,31
1761622868.584051,2,-10,34
1761622868.6210508,-4,-1,31
1761622868.6600506,-6,-7,22
1761622868.6980507,1,1,22
1761622868.7340508,1,-3,33
1761622868.7710507,-7,-6,38
1761622868.8100507,-7,1,39
1761622868.8480508,-6,-2,41
1761622868.8840508,0,3,45
1761622868.9210508,-2,0,30
1761622868.959051,0,0,26
1761622868.995051,-1,-4,34
1761622869.0320508,0,-6,39
1761622869.0700507,0,1,36
1761622869.1080508,-6,3,37
1761622869.1440508,-6,5,38
1761622869.1820507,0,5,29
1761622869.2200508,-5,5,26
1761622869.258051,-12,6,26
1761622869.2940507,-11,0,37
1761622869.3310506,-11,-8,40
1761622869.370051,0,-9,32
1761622869.4060507,-3,-9,22
1761622869.4440508,-2,-3,26
1761622869.482051,-5,-3,28
1761622869.5200508,3,-6,35
1761622869.5590508,6,-4,33
1761622869.5950508,0,-8,33
1761622869.6320508,0,2,20
1761622869.6700506,3,5,29
1761622869.7060506,-3,-2,33
1761622869.7430508,-3,-5,37
1761622869.7820508,-4,-3,45
1761622869.8200507,1,-3,32
1761622869.8560507,-5,0,27
1761622869.893051,-2,0,28
1761622869.9300506,0,-2,29
1761622869.9660506,5,5,30
1761622870.0030508,2,2,32
1761622870.0400507,4,1,43
1761622870.0760508,2,2,41
1761622870.1140506,10,-2,32
1761622870.1520507,4,3,35
1761622870.1900508,5,-1,28
1761622870.2260506,1,0,19
1761622870.2640507,7,6,23
1761622870.301051,8,-3,36
1761622870.3390508,-3,-7,31
1761622870.3750508,-2,-5,29
1761622870.4120507,-6,-1,37
1761622870.4510508,-1,-6,36
1761622870.4890506,-2,-3,37
1761622870.5250506,3,3,27
1761622870.5620508,8,-2,37
1761622870.6000507,7,0,32
1761622870.6360507,3,3,38
1761622870.6730506,4,-6,36
1761622870.7110507,5,-5,35
1761622870.7500508,5,-2,35
1761622870.7860508,-4,-8,39
1761622870.824051,-6,-6,31
1761622870.8620508,1,-5,21
1761622870.9000506,0,-7,41
1761622870.936051,-1,-1,34
1761622870.9740508,-4,-1,40
1761622871.0120506,2,-4,41
1761622871.0500507,3,-1,36
1761622871.0860507,-1,3,36
1761622871.1230507,0,5,35
1761622871.1610508,3,-5,34
1761622871.199051,0,-3,35
1761622871.235051,-1,-4,40
1761622871.2720506,0,-6,39
1761622871.311051,-6,-6,49
1761622871.3490508,3,-7,36
1761622871.3850508,-3,-6,23
1761622871.4220507,0,2,21
1761622871.4600508,-5,-3,27
1761622871.4960508,-1,0,31
1761622871.5330508,-1,1,36
1761622871.5710506,-2,-2,33
1761622871.607051,-2,3,40
1761622871.6440508,3,0,31
1761622871.6810508,-2,0,26
1761622871.7170508,7,1,26
1761622871.7540507,-5,-1,39
1761622871.7920508,-3,-9,29
1761622871.8310506,-2,-5,29
1761622871.8670506,1,-1,42
1761622871.9040508,-5,2,33
1761622871.9420507,-2,3,30
1761622871.9800508,-5,11,26
1761622872.0160508,-4,1,23
1761622872.0530508,4,0,24
1761622872.0910506,-3,8,30
1761622872.1270506,0,4,22
1761622872.1650507,-5,1,30
1761622872.2020507,2,1,40
1761622872.2400508,0,-4,39
1761622872.2760508,-3,0,24
1761622872.3130507,0,0,29
1761622872.3510506,-3,-4,29
1761622872.3870506,-4,-2,17
1761622872.4250507,3,-3,26
1761622872.4630508,-1,-7,21
1761622872.5010507,2,0,25
1761622872.538051,2,-5,24
1761622872.5750508,4,-1,24
1761622872.6130507,-2,-3,36
1761622872.6520507,3,0,29
1761622872.6900508,-3,-3,29
1761622872.7260506,-5,0,34
1761622872.7630508,-4,2,29
1761622872.801051,4,-1,32
1761622872.837051,10,3,36
1761622872.8750508,0,-3,31
1761622872.913051,-3,-3,23
1761622872.9520507,0,0,25
1761622872.9900508,-3,12,22
1761622873.0260508,3,0,29
1761622873.0630507,-3,2,34
1761622873.1020508,-6,1,28
1761622873.1400506,-6,5,24
1761622873.176051,-3,6,24
1761622873.2130508,-5,4,36
1761622873.2520506,-5,4,36
1761622873.2900507,-6,-5,16
1761622873.3260508,0,-2,27
1761622873.3630507,4,1,24
1761622873.4010508,0,2,28
1761622873.4370508,-2,1,32
1761622873.4740508,0,1,35
1761622873.5120506,4,0,36
1761622873.5500507,0,-3,40
1761622873.5860507,-2,-2,35
1761622873.6240506,-1,-6,37
1761622873.6620507,0,-1,30
1761622873.7010508,10,2,40
1761622873.7370508,3,3,25
1761622873.7750506,1,11,22
1761622873.8120508,-1,3,28
1761622873.8480508,2,-6,25
1761622873.8850508,-7,3,34
1761622873.9220507,-7,-4,26
1761622873.9610507,1,-2,38
1761622873.9970508,1,-4,27
1761622874.0340507,2,-1,29
1761622874.0720508,5,-4,32
1761622874.1080508,0,-7,31
1761622874.1450508,0,-10,13
1761622874.1830506,-1,-7,44
1761622874.222051,-3,-4,35
1761622874.258051,3,3,40
1761622874.2950506,-3,-4,44
1761622874.3330507,7,-3,40
1761622874.3710508,7,-4,31
1761622874.4070508,3,-3,28
1761622874.4440508,-1,-2,24
1761622874.482051,0,-5,35
1761622874.518051,2,0,31
1761622874.5550506,-2,6,25
1761622874.5930507,-2,-2,28
1761622874.6320508,6,-6,33
1761622874.6680508,11,-8,33
1761622874.7050507,0,-5,40
1761622874.7430508,1,0,43
1761622874.7810507,-2,4,39
1761622874.8170507,0,2,41
1761622874.8540506,0,3,34
1761622874.8920507,-2,3,35
1761622874.9280508,2,0,32
1761622874.9650507,8,-3,26
1761622875.0030508,7,-4,23
1761622875.041051,-4,2,35
1761622875.0770507,-3,1,30
1761622875.1140506,1,0,36
1761622875.1520507,1,0,36
1761622875.1880507,-1,0,37
1761622875.2250507,0,-1,45
1761622875.2630508,4,-2,32
1761622875.301051,1,3,37
1761622875.337051,2,3,47
1761622875.3750508,-2,0,25
1761622875.413051,2,1,22
1761622875.4510508,2,1,28
1761622875.4870508,0,5,30
1761622875.5240507,-1,-2,27
1761622875.5630507,1,-2,38
1761622875.6010506,5,0,35
1761622875.6370506,-1,0,35
1761622875.676051,-3,6,22
1761622875.7130508,2,-2,25
1761622875.7510507,0,1,37
1761622875.7870507,1,0,32
1761622875.824051,10,-7,31
1761622875.8620508,7,1,38
1761622875.8980508,1,-1,40
1761622875.9350507,-6,-3,33
1761622875.9730508,0,5,40
1761622876.0090508,0,1,40
1761622876.0460508,-5,-2,47
1761622876.084051,2,0,34
1761622876.1220508,4,-4,39
1761622876.1580508,1,2,40
1761622876.1950507,4,6,22
1761622876.2330508,3,5,32
1761622876.2690508,0,4,36
1761622876.3060508,-10,-7,46
1761622876.3440506,5,0,42
1761622876.3820508,1,-4,30
1761622876.4180508,2,-3,31
1761622876.4550507,1,-1,26
1761622876.4930508,0,-5,45
1761622876.5290508,3,-2,42
1761622876.5660508,6,0,33
1761622876.6030507,0,0,39
1761622876.6390507,0,-1,41
1761622876.6770508,3,0,36
1761622876.7140508,2,-2,36
1761622876.7520506,-2,0,44
1761622876.788051,4,-3,37
1761622876.8250508,2,-1,36
1761622876.8630507,4,-7,39
1761622876.8990507,11,0,34
1761622876.936051,-3,-7,37
1761622876.9740508,-4,1,44
1761622877.0130508,-3,-6,37
1761622877.0570507,-1,-6,50
1761622877.0950508,2,-8,26
1761622877.133051,0,-2,37
1761622877.1690507,-5,3,34
1761622877.2060506,-3,-1,27
1761622877.2440507,-8,1,34
1761622877.2820508,10,5,32
1761622877.3180506,5,6,30
1761622877.3550508,-1,-5,25
1761622877.3940508,-2,5,29
1761622877.4320507,6,0,33
1761622877.4680507,1,2,28
1761622877.505051,2,-3,40
1761622877.5440507,6,0,54
1761622877.5820508,-5,-5,43
1761622877.6180508,-1,-3,47
1761622877.6560507,-2,-4,36
1761622877.6940508,-3,0,21
1761622877.732051,-1,3,28
1761622877.768051,-7,-2,32
1761622877.8070507,-5,-6,29
1761622877.8440506,2,-5,27
1761622877.8820508,1,0,34
1761622877.9180508,0,-6,31
1761622877.9550507,-3,5,27
1761622877.9940507,0,-1,39
1761622878.0300508,-9,-3,34
1761622878.0680506,-12,-2,33
1761622878.1060507,0,-1,30
1761622878.1440508,1,1,15
1761622878.1800506,4,0,19
1761622878.2170508,-2,3,14
1761622878.2540507,0,3,18
1761622878.2900507,0,3,21
1761622878.3280506,-7,0,42
1761622878.3650508,0,-5,34
1761622878.403051,0,-1,28
1761622878.439051,-2,-1,27
1761622878.4760506,0,-3,41
1761622878.5140507,-7,-6,40
1761622878.5500507,0,-4,41
1761622878.587051,7,-4,41
1761622878.6240506,3,0,26
1761622878.6600506,0,3,25
1761622878.6970508,0,-7,29
1761622878.735051,-4,-9,33
1761622878.7740507,3,-9,36
1761622878.8100507,1,-5,34
1761622878.847051,1,3,33
1761622878.8840508,-1,4,28
1761622878.9200506,5,1,28
1761622878.9570508,2,0,37
1761622878.9940507,2,0,34
1761622879.0330508,-6,-4,33
1761622879.0690508,-6,-3,41
1761622879.1060507,-9,0,42
1761622879.1440508,-10,0,36
1761622879.1800506,1,1,32
1761622879.2170508,4,1,31
1761622879.255051,-7,0,34
1761622879.2930508,-9,3,44
1761622879.3290508,-5,0,36
1761622879.3670506,-8,0,34
1761622879.4050508,-6,-2,22
1761622879.4430506,-1,-7,42
1761622879.4790506,-4,-8,40
1761622879.5160508,4,-6,40
1761622879.5550506,2,0,35
1761622879.5930507,-2,8,37
1761622879.6290507,1,6,29
1761622879.666051,-2,-2,24
1761622879.7050507,0,1,27
1761622879.7430508,2,-4,31
1761622879.7790508,-6,-3,23
1761622879.8160508,-6,-4,35
1761622879.8550508,0,-4,30
1761622879.893051,5,-1,37
1761622879.9290507,4,1,31
1761622879.9660506,2,6,22
1761622880.0040507,0,5,26
1761622880.0400507,2,4,22
1761622880.0770507,-2,0,29
1761622880.1150508,5,0,39
1761622880.1510508,5,-1,42
1761622880.1880507,-4,1,45
1761622880.2250507,0,-3,42
1761622880.2640507,1,-2,36
1761622880.301051,3,0,33
1761622880.3380508,1,5,37
1761622880.3750508,4,-1,29
1761622880.4110508,4,-3,24
1761622880.4480507,-4,3,21
1761622880.4860508,-1,7,19
1761622880.5250506,6,0,34
1761622880.561051,0,-4,31
1761622880.5980508,0,-2,33
1761622880.6350508,-4,0,34
1761622880.6710508,3,0,20
1761622880.709051,1,-4,23
1761622880.7460508,5,0,20
1761622880.7840507,-4,1,22
1761622880.8200507,1,-3,29
1761622880.857051,0,1,32
1761622880.8950508,3,2,26
1761622880.9310508,0,5,21
1761622880.9680507,2,-6,23
1761622881.005051,0,-3,29
1761622881.041051,2,-7,24
1761622881.0790508,0,-6,45
1761622881.1160507,0,3,31
1761622881.1540508,0,0,32
1761622881.1900508,4,1,37
1761622881.2270508,-6,-6,33
1761622881.2660508,0,-2,35
1761622881.3040507,-8,7,35
1761622881.3400507,1,5,32
1761622881.3770506,3,-4,33
1761622881.416051,-3,-7,23
1761622881.4540508,0,0,21
1761622881.4900508,3,-4,29
1761622881.528051,1,-1,28
1761622881.5660508,3,0,27
1761622881.6040506,-3,-6,31
1761622881.6400506,1,2,25
1761622881.6780508,3,-4,39
1761622881.7160506,0,-5,31
1761622881.7540507,1,-6,22
1761622881.7900507,7,0,34
1761622881.8270507,1,-2,29
1761622881.8650508,0,-4,35
1761622881.9010508,4,-1,35
1761622881.939051,4,1,44
1761622881.9760506,4,-4,42
1761622882.0150506,1,-2,33
1761622882.051051,-1,0,31
1761622882.0880508,1,-3,21
1761622882.1270506,-5,-5,37
1761622882.1650507,-2,1,33
1761622882.2010508,-3,-3,31
1761622882.2390506,-1,3,25
1761622882.2760508,2,0,12
1761622882.314051,-11,-2,29
1761622882.3500507,1,0,31
1761622882.3870506,1,-2,37
1761622882.4250507,2,-7,29
1761622882.4610507,0,0,27
1761622882.4980507,-2,-1,29
1761622882.5360508,-2,3,38
1761622882.5720508,-6,-2,35
1761622882.610051,-7,-3,39
1761622882.6470506,-6,-1,21
1761622882.686051,0,-4,19
1761622882.722051,7,0,29
1761622882.7590508,5,-1,30
1761622882.7970507,1,-3,34
1761622882.8350508,7,-7,34
1761622882.8710508,0,-3,39
1761622882.9090507,5,-5,28
1761622882.9470508,6,3,32
1761622882.985051,6,-3,40
1761622883.0210507,-8,-6,37
1761622883.0590508,-12,-4,18
1761622883.097051,-14,-1,32
1761622883.1360507,-9,1,36
1761622883.1720507,1,-5,34
1761622883.209051,-6,-6,27
1761622883.2470508,1,0,31
1761622883.2850506,0,-3,34
1761622883.3210506,-5,-9,21
1761622883.3590508,-2,-2,36
1761622883.3970506,-6,-3,35
1761622883.436051,0,-2,35
1761622883.472051,-14,-1,37
1761622883.5090508,-3,0,35
1761622883.5470507,-3,4,29
1761622883.5850508,-10,1,21
1761622883.6210508,-3,1,29
1761622883.6580508,-4,-2,30
1761622883.6970508,2,-2,31
1761622883.735051,-5,-4,31
1761622883.7710507,-2,-4,36
1761622883.8080506,3,2,34
1761622883.847051,-12,2,28
1761622883.8850508,-9,-1,36
1761622883.9210508,0,0,39
1761622883.9580507,5,-5,35
1761622883.9970508,-2,0,44
1761622884.0350506,-4,-4,40
1761622884.0710506,0,-3,37
1761622884.1080508,-8,-2,36
1761622884.1470506,-1,1,41
1761622884.1850507,0,0,29
1761622884.2210507,2,-4,34
1761622884.258051,0,2,28
1761622884.2960508,4,4,36
1761622884.3320508,0,6,34
1761622884.370051,0,2,35
1761622884.4070508,-2,-6,29
1761622884.4460506,-3,-5,38
1761622884.482051,4,-5,28
1761622884.5200508,11,-4,20
1761622884.5570507,4,-4,24
1761622884.5960507,-4,-3,28
1761622884.6320508,-4,-4,31
1761622884.6690507,0,-2,30
1761622884.7070508,-3,-2,50
1761622884.7460508,-8,0,36
1761622884.7820508,-3,-2,42
1761622884.8190508,0,-7,33
1761622884.857051,-3,-4,27
1761622884.893051,-7,0,28
1761622884.9300506,-4,-1,37
1761622884.9690506,-1,-1,25
1761622885.0070508,-4,-5,32
1761622885.0430508,-3,-2,36
1761622885.0800507,1,5,35
1761622885.1170506,-2,0,34
1761622885.1540508,-1,-7,27
1761622885.1910508,9,-6,31
1761622885.2280507,6,-9,25
1761622885.2660508,-2,-5,40
1761622885.3020508,0,0,47
1761622885.3390508,-3,3,48
1761622885.3770506,1,1,39
1761622885.413051,0,-5,39
1761622885.4500508,4,-3,36
1761622885.4880507,8,-5,22
1761622885.5260508,0,-6,27
1761622885.5620508,4,2,23
1761622885.5990508,1,-3,24
1761622885.6370506,11,0,27
1761622885.6730506,8,-2,31
1761622885.7100508,0,2,35
1761622885.7480507,1,6,37
1761622885.7860508,2,-3,41
1761622885.8220508,4,4,36
1761622885.8590508,-8,-4,29
1761622885.8980508,0,0,41
1761622885.936051,-9,-1,21
1761622885.972051,-6,-3,31
1761622886.0090508,-5,3,42
1761622886.0480506,0,-6,38
1761622886.0860507,0,-3,33
1761622886.1220508,-6,-1,33
1761622886.1590507,-4,-3,32
1761622886.1980507,-4,-8,34
1761622886.2360508,2,-5,32
1761622886.2720506,2,0,41
1761622886.3090508,-2,1,29
1761622886.347051,0,1,28
1761622886.383051,0,-1,36
1761622886.4200506,1,0,30
1761622886.4580507,2,0,25
1761622886.4960508,-1,-3,19
1761622886.5320508,-3,2,24
1761622886.5690508,0,-3,42
1761622886.6080508,0,9,33
1761622886.6460507,4,0,33
1761622886.6820507,6,-1,31
1761622886.7190506,10,-3,39
1761622886.758051,2,-1,30
1761622886.7940507,0,0,41
1761622886.8310506,0,0,30
1761622886.8680508,0,-4,32
1761622886.9040508,-7,0,32
1761622886.9420507,-5,3,37
1761622886.9790506,2,1,40
1761622887.0170507,4,-4,27
1761622887.061051,-3,0,32
1761622887.1000507,-3,1,31
1761622887.1380508,-1,-2,37
1761622887.1740508,-4,-4,17
1761622887.2110507,0,0,34
1761622887.2480507,3,1,27
1761622887.2840507,-2,1,30
1761622887.3220508,-3,2,32
1761622887.3590508,2,2,27
1761622887.3970506,-3,-5,28
1761622887.4330506,-3,4,30
1761622887.4700508,-3,0,31
1761622887.508051,2,-6,30
1761622887.5470507,-2,-8,36
1761622887.5830507,3,-3,27
1761622887.620051,0,3,39
1761622887.6580508,1,-4,33
1761622887.6940508,2,-1,29
1761622887.7310507,0,-10,37
1761622887.7690508,7,-3,40
1761622887.8070507,6,-1,24
1761622887.8430507,4,6,32
1761622887.880051,0,4,39
1761622887.9180508,3,1,32
1761622887.9540508,-3,0,32
1761622887.9910507,-2,0,39
1761622888.0290508,-7,-6,43
1761622888.0670507,-2,-5,40
1761622888.1030507,3,-4,36
1761622888.143051,-4,-4,35
1761622888.1800506,1,-2,26
1761622888.2180507,0,0,29
1761622888.2540507,-1,6,25
1761622888.291051,-5,-2,30
1761622888.3290508,-2,0,31
1761622888.3670506,-2,-2,33
1761622888.403051,-4,0,36
1761622888.4410508,0,1,25
1761622888.4790506,3,-2,32
1761622888.5170507,10,-2,17
1761622888.5530508,11,1,24
1761622888.5910506,3,-8,33
1761622888.6290507,0,0,28
1761622888.6670508,-7,-3,32
1761622888.7030506,-2,-4,32
1761622888.7410507,-1,3,26
1761622888.7790508,-1,4,31
1761622888.8170507,-2,7,36
1761622888.8530507,4,1,33
1761622888.8900506,0,5,19
1761622888.9280508,-3,-2,26
1761622888.9640508,-1,-5,30
1761622889.0010507,2,-3,28
1761622889.0390508,1,-6,27
1761622889.0750508,0,-3,26
1761622889.1120508,9,0,30
1761622889.1490507,5,2,24
1761622889.1880507,-1,-2,33
1761622889.2240508,0,1,35
1761622889.2610507,-1,-5,35
1761622889.2990508,0,-3,41
1761622889.3350508,4,-1,53
1761622889.3730507,-3,-1,39
1761622889.4100506,-6,-1,45
1761622889.449051,-3,0,25
1761622889.485051,-4,0,24
1761622889.5230508,0,-1,38
1761622889.5600507,-3,2,29
1761622889.5980508,-4,1,34
1761622889.6340508,1,-4,32
1761622889.6710508,4,-5,36
1761622889.709051,-1,-7,31
1761622889.7480507,1,-6,39
1761622889.7840507,-5,-7,32
1761622889.8210506,-4,-7,36
1761622889.860051,0,-7,24
1761622889.8980508,0,-6,27
1761622889.9340508,10,-5,27
1761622889.9710507,0,-2,25
1761622890.0100508,0,5,26
1761622890.0480506,5,3,38
1761622890.084051,-2,1,35
1761622890.1210508,2,2,33
1761622890.1590507,-4,0,34
1761622890.1950507,-6,3,28
1761622890.2330508,-2,-1,29
1761622890.2710507,-5,0,40
1761622890.3100507,2,0,33
1761622890.3480508,5,3,25
1761622890.3840508,-1,-3,28
1761622890.4210508,-2,-7,41
1761622890.4600508,4,0,29
1761622890.4980507,1,-4,25
1761622890.5340507,1,-2,28
1761622890.5710506,-4,-1,31
1761622890.610051,-3,0,36
1761622890.6480508,0,-6,28
1761622890.6840508,-1,-6,25
1761622890.7210507,-1,-1,16
1761622890.7600508,0,7,36
1761622890.7980506,0,5,27
1761622890.834051,0,4,36
1761622890.8710508,0,-4,31
1761622890.9100506,5,-2,30
1761622890.9480507,0,-6,28
1761622890.9840508,-2,1,30
1761622891.0210507,5,-2,31
1761622891.0600507,6,-1,29
1761622891.0960507,5,3,31
1761622891.133051,0,0,39
1761622891.1700506,-3,1,32
1761622891.2060506,0,-3,28
1761622891.2440507,1,0,24
1761622891.2810507,6,-2,33
1761622891.3200507,-1,-2,32
1761622891.3560507,2,-5,23
1761622891.3940508,3,3,30
1761622891.4310508,-1,6,22
1761622891.4690506,0,2,33
1761622891.505051,0,0,35
1761622891.5420508,0,1,28
1761622891.5800507,-6,-1,37
1761622891.6160507,-7,0,36
1761622891.653051,-9,-2,33
1761622891.6910508,4,-1,44
1761622891.7290506,-1,0,32
1761622891.7650506,0,-7,34
1761622891.8020508,-1,-7,40
1761622891.8400507,0,-4,39
1761622891.8790507,0,-2,28
1761622891.9150507,0,6,25
1761622891.9520507,5,0,37
1761622891.9900508,9,-4,33
1761622892.0260508,3,0,31
1761622892.0630507,0,1,35
1761622892.1010506,3,-1,41
1761622892.1390507,0,-3,34
1761622892.1750507,0,2,37
1761622892.212051,0,1,42
1761622892.2510507,2,1,29
1761622892.2890508,-4,6,41
1761622892.3250508,4,7,43
1761622892.3620508,2,2,41
1761622892.4010508,-3,0,34
1761622892.439051,0,-6,32
1761622892.4750507,3,0,24
1761622892.5120506,1,4,27
1761622892.551051,-4,3,40
1761622892.5890508,2,-4,44
1761622892.6250508,5,-3,36
1761622892.6620507,1,0,25
1761622892.7010508,0,0,47
1761622892.7390506,2,-4,41
1761622892.7750506,3,-6,42
1761622892.8120508,2,-8,40
1761622892.8510506,2,-1,29
1761622892.8890507,-4,0,31
1761622892.9250507,-7,-2,40
1761622892.962051,-7,-1,33
1761622893.0010507,1,-5,29
1761622893.0390508,-2,-4,28
1761622893.0750508,3,-3,22
1761622893.1120508,-4,-2,28
1761622893.1510508,1,0,38
1761622893.1870508,2,0,36
1761622893.2240508,0,-8,28
1761622893.2610507,3,-7,34
1761622893.3000507,3,-2,31
1761622893.3360507,4,-8,35
1761622893.3730507,0,-5,30
1761622893.4110508,-8,0,30
1761622893.4470508,0,0,29
1761622893.4840508,0,-2,17
1761622893.5210507,4,-4,30
1761622893.5570507,0,2,20
1761622893.5950508,-4,0,35
1761622893.6320508,0,0,35
1761622893.6700506,3,-2,37
1761622893.7060506,-1,-7,32
1761622893.7430508,3,0,29
1761622893.7810507,5,3,27
1761622893.8170507,2,5,29
1761622893.8540506,2,-1,38
1761622893.8910508,1,-2,46
1761622893.9300506,-6,-4,42
1761622893.9660506,1,-1,32
1761622894.0030508,-7,-8,35
1761622894.041051,0,-4,33
1761622894.0770507,1,3,38
1761622894.1140506,0,0,39
1761622894.1520507,3,4,37
1761622894.1900508,6,0,32
1761622894.2260506,5,0,36
1761622894.2630508,3,-4,34
1761622894.3020508,1,0,37
1761622894.3400507,0,0,34
1761622894.3760507,-2,-3,30
1761622894.413051,10,-1,22
1761622894.4520507,9,-3,35
1761622894.4900508,3,-3,35
1761622894.5260508,1,0,26
1761622894.5630507,2,-7,32
1761622894.6010506,4,-2,28
1761622894.6370506,-5,-3,32
1761622894.6750507,-7,-1,27
1761622894.712051,1,-7,32
1761622894.7500508,-3,-6,27
1761622894.7860508,1,-2,27
1761622894.8230507,-4,-2,20
1761622894.8620508,-2,0,28
1761622894.9000506,0,7,29
1761622894.936051,2,2,27
1761622894.9730508,5,-3,32
1761622895.0110507,9,-6,30
1761622895.0470507,6,-1,26
1761622895.0850508,1,-1,25
1761622895.1220508,3,-5,33
1761622895.1610508,2,4,26
1761622895.1970508,-3,1,22
1761622895.235051,-4,-1,28
1761622895.2730508,-5,-2,22
1761622895.3120508,-5,-6,27
1761622895.3480508,-2,-7,25
1761622895.3860507,-3,-4,22
1761622895.4240508,-1,-5,26
1761622895.462051,1,2,30
1761622895.4980507,-3,0,31
1761622895.5350506,6,-1,28
1761622895.5730507,6,-1,34
1761622895.6120508,3,-9,31
1761622895.6480508,6,-1,39
1761622895.686051,-7,4,28
1761622895.7230508,-3,7,39
1761622895.7620506,0,0,35
1761622895.7980506,0,-4,32
1761622895.8350508,9,-3,35
1761622895.8720508,5,1,37
1761622895.9080508,1,-2,20
1761622895.9450507,-2,-7,36
1761622895.9830508,0,-8,34
1761622896.0210507,4,-2,34
1761622896.0570507,6,0,30
1761622896.0940506,7,-4,42
1761622896.1320508,1,2,39
1761622896.1680508,-6,2,30
1761622896.2050507,8,-4,22
1761622896.2420506,5,-5,22
1761622896.278051,1,0,34
1761622896.3150508,0,0,27
1761622896.3530507,-5,0,30
1761622896.3910508,-1,-2,19
1761622896.4270508,4,-4,34
1761622896.4650507,3,-5,31
1761622896.5030508,-1,-3,18
1761622896.541051,6,-11,19
1761622896.5770507,8,-13,38
1761622896.6160507,0,-12,34
1761622896.653051,-1,0,27
1761622896.6910508,4,3,27
1761622896.7270508,9,2,37
1761622896.7640507,6,1,26
1761622896.8030508,4,-7,25
1761622896.8410506,3,-6,40
1761622896.8770506,-3,2,31
1761622896.9150507,-3,-3,21
1761622896.9530506,-6,2,25
1761622896.9910507,-3,0,35
1761622897.0270507,-3,0,36
1761622897.0730507,-9,-2,46
1761622897.1110508,-4,2,30
1761622897.1470506,-6,3,33
1761622897.1840508,-7,0,30
1761622897.222051,-1,3,37
1761622897.258051,-1,1,35
1761622897.2960508,2,-3,24
1761622897.3330507,0,-7,22
1761622897.3710508,1,-1,24
1761622897.4070508,4,5,31
1761622897.4440508,-4,3,32
1761622897.4830508,-3,3,23
1761622897.5190508,2,8,27
1761622897.5560508,0,0,39
1761622897.5940506,-4,3,39
1761622897.633051,-3,1,45
1761622897.6690507,-1,-5,31
1761622897.7060506,3,2,36
1761622897.7430508,4,4,29
1761622897.7790508,-6,-4,29
1761622897.8160508,0,3,37
1761622897.8530507,1,-1,38
1761622897.8920507,6,0,42
1761622897.9280508,4,7,34
1761622897.9650507,0,0,40
1761622898.0030508,0,0,31
1761622898.0390508,-7,7,29
1761622898.0760508,-2,4,32
1761622898.1130507,-7,2,27
1761622898.1520507,-1,2,43
1761622898.1880507,-4,-2,39
1761622898.2250507,12,8,29
1761622898.2630508,12,-4,27
1761622898.2990508,-1,-3,39
1761622898.337051,7,-4,32
1761622898.3740506,-4,-6,34
1761622898.413051,0,0,31
1761622898.449051,0,-1,34
1761622898.4870508,-9,1,32
1761622898.5240507,-4,-9,30
1761622898.5630507,-3,-6,29
1761622898.5990508,-4,-6,29
1761622898.6370506,3,-7,29
1761622898.676051,0,-6,29
1761622898.7140508,3,0,23
1761622898.7520506,2,-6,27
1761622898.788051,2,-6,23
1761622898.8260508,1,-10,22
1761622898.8640506,0,-4,30
1761622898.9020507,-1,-5,24
1761622898.9380507,5,-4,36
1761622898.9760506,2,-4,26
1761622899.0140507,-2,2,27
1761622899.0520508,2,-5,25
1761622899.0880508,2,-10,28
1761622899.1260507,1,0,36
1761622899.1640508,-1,-1,32
1761622899.2020507,0,-6,24
1761622899.2380507,7,0,30
1761622899.2760508,13,-10,39
1761622899.314051,8,-9,27
1761622899.3520508,2,-7,23
1761622899.3880508,-3,-4,31
1761622899.426051,2,0,31
1761622899.4640508,5,0,37
1761622899.5020506,-2,-3,37
1761622899.538051,-8,0,44
1761622899.5760508,1,-1,48
1761622899.6140506,1,1,48
1761622899.6500506,-3,-2,41
1761622899.6870508,4,-6,44
1761622899.7260506,-4,-7,36
1761622899.7640507,1,-2,27
1761622899.8000507,2,0,23
1761622899.837051,3,-1,26
1761622899.8740506,0,3,32
1761622899.9100506,1,1,29
1761622899.9470508,3,-4,29
1761622899.9840508,-1,3,27
1761622900.0200508,-6,4,32
1761622900.0570507,0,-10,33
1761622900.0950508,2,-1,30
1761622900.133051,1,0,28
1761622900.1690507,0,-2,37
1761622900.2080507,0,-4,23
1761622900.245051,-2,-6,29
1761622900.2840507,0,-2,32
1761622900.3200507,0,0,33
1761622900.357051,0,0,38
1761622900.3950508,-2,5,34
1761622900.4330506,0,0,29
1761622900.4690506,3,-2,30
1761622900.5060508,3,6,30
1761622900.5440507,-1,-3,43
1761622900.5800507,1,-6,30
1761622900.6170506,-2,0,19
1761622900.6550508,2,0,27
1761622900.6930506,-7,-1,23
1761622900.7290506,-6,-9,30
1761622900.7670507,-1,0,31
1761622900.8050506,0,3,26
1761622900.8430507,1,0,36
1761622900.8790507,-2,-1,26
1761622900.916051,-4,2,32
1761622900.9540508,6,3,27
1761622900.9900508,-6,0,37
1761622901.028051,-6,1,28
1761622901.0650508,-7,0,28
1761622901.1030507,1,0,35
1761622901.1390507,-2,0,28
1761622901.176051,4,0,24
1761622901.2140508,1,-1,31
1761622901.2500508,0,-5,36
1761622901.288051,1,-6,36
1761622901.3260508,6,-1,35
1761622901.3640506,5,-7,37
1761622901.4000506,1,1,30
1761622901.4370508,0,-7,34
1761622901.4760506,3,-9,37
1761622901.5140507,-6,0,35
1761622901.5500507,0,0,32
1761622901.587051,-3,-2,27
1761622901.6260507,0,-6,28
1761622901.6640508,4,-1,38
1761622901.7000508,9,-4,39
1761622901.7370508,7,-2,36
1761622901.7750506,3,0,34
1761622901.8130507,0,2,23
1761622901.8490508,1,4,24
1761622901.8860507,-3,0,30
1761622901.9250507,6,-3,23
1761622901.9610507,10,-4,29
1761622901.9980507,6,-4,26
1761622902.0360508,1,-6,37
1761622902.074051,3,-6,35
1761622902.110051,6,-6,37
1761622902.1470506,6,-3,40
1761622902.1850507,-2,-1,35
1761622902.2210507,1,-4,23
1761622902.258051,-4,0,35
1761622902.2950506,0,-5,34
1761622902.3310506,0,-6,38
1761622902.3680508,-6,-4,24
1761622902.4060507,-1,3,36
1761622902.4440508,4,1,30
1761622902.4800508,-2,-3,31
1761622902.518051,-2,-2,35
1761622902.5560508,-8,-3,22
1761622902.5950508,-6,-1,23
1761622902.6310508,-5,-9,30
1761622902.6690507,4,-11,39
1761622902.7060506,-2,2,39
1761622902.7440507,1,0,39
1761622902.7800508,-9,-4,36
1761622902.8170507,-11,-5,36
1761622902.8560507,-7,-6,36
1761622902.8940508,-4,1,36
1761622902.9300506,-3,-3,33
1761622902.9670508,-6,2,34
1761622903.005051,-2,-1,33
1761622903.041051,-4,-2,30
1761622903.0780506,1,-2,34
1761622903.1160507,8,-4,30
1761622903.1540508,4,-4,44
1761622903.1900508,3,-7,39
1761622903.2280507,1,-6,29
1761622903.2660508,10,-6,33
1761622903.3040507,7,0,35
1761622903.3400507,2,0,37
1761622903.3780508,2,-3,42
1761622903.416051,0,3,30
1761622903.4540508,-1,-2,27
1761622903.4900508,0,-3,32
1761622903.528051,3,0,21
1761622903.5660508,2,-3,32
1761622903.6040506,0,-8,36
1761622903.6400506,2,-5,43
1761622903.6780508,-1,-2,29
1761622903.7160506,1,3,28
1761622903.7540507,-1,-9,32
1761622903.7900507,0,-9,32
1761622903.8280506,0,-5,38
1761622903.8660507,0,3,34
1761622903.9040508,8,1,38
1761622903.9400508,1,-6,40
1761622903.9780507,0,-4,28
1761622904.0160508,0,-6,32
1761622904.0520508,-3,-8,39
1761622904.0890508,-7,-5,29
1761622904.1270506,-2,0,41
1761622904.1650507,-3,-2,41
1761622904.2010508,0,1,35
1761622904.2380507,-1,0,24
1761622904.2760508,0,1,32
1761622904.3120508,-4,0,29
1761622904.3490508,0,10,38
1761622904.3860507,0,0,34
1761622904.4220507,3,-10,25
1761622904.4600508,-1,-5,29
1761622904.4980507,-2,-8,32
1761622904.5360508,-8,-7,30
1761622904.5750508,-4,-7,28
1761622904.6110508,-4,3,22
1761622904.6480508,-4,-2,32
1761622904.686051,-2,-2,30
1761622904.7250507,-2,-7,31
1761622904.7610507,-2,2,25
1761622904.7980506,-1,1,20
1761622904.8360507,0,1,32
1761622904.8720508,4,-3,27
1761622904.9090507,1,-4,29
1761622904.9470508,3,-8,30
1761622904.985051,2,-9,31
1761622905.0210507,0,-4,34
1761622905.0590508,6,-9,35
1761622905.097051,-5,1,35
1761622905.1350508,-10,2,37
1761622905.1710508,-8,1,39
1761622905.2080507,-1,0,28
1761622905.2470508,-6,0,40
1761622905.2850506,-7,-3,29
1761622905.3210506,-1,-3,36
1761622905.3580508,-2,-4,38
1761622905.3970506,0,-6,43
1761622905.4350507,-5,-4,49
1761622905.4710507,-8,-3,36
1761622905.508051,2,-6,37
1761622905.5470507,-2,-2,40
1761622905.5850508,3,0,38
1761622905.6210508,0,-1,24
1761622905.6590507,4,-2,30
1761622905.6970508,0,-4,36
1761622905.735051,1,-1,27
1761622905.7710507,-4,-7,31
1761622905.8090508,-1,-3,24
1761622905.847051,-3,-6,28
1761622905.8850508,-1,-4,30
1761622905.9210508,-5,-2,33
1761622905.959051,-1,-3,41
1761622905.9970508,-4,-2,33
1761622906.0350506,0,-5,39
1761622906.0710506,-2,1,37
1761622906.1090508,-2,-1,31
1761622906.1470506,3,-1,24
1761622906.1830506,0,-5,25
1761622906.2200508,0,-3,34
1761622906.2570508,0,-8,29
1761622906.2960508,6,-7,37
1761622906.3320508,1,-7,37
1761622906.370051,-2,0,32
1761622906.4070508,-4,1,37
1761622906.4430506,-7,-7,22
1761622906.4800508,-8,-7,34
1761622906.518051,-2,-6,41
1761622906.5570507,-1,-1,38
1761622906.5930507,0,8,28
1761622906.630051,2,1,31
1761622906.6670508,-1,4,19
1761622906.7030506,-3,-2,21
1761622906.7400508,-12,0,24
1761622906.7790508,-13,-1,33
1761622906.8170507,-2,0,38
1761622906.8530507,0,2,42
1761622906.8900506,-1,-2,31
1761622906.9290507,0,-3,23
1761622906.9670508,1,-6,35
1761622907.0030508,0,0,46
1761622907.0400507,-12,0,37
1761622907.0860507,-9,-1,27
1761622907.1220508,-4,-2,26
1761622907.1600506,-2,-1,26
1761622907.1980507,0,0,44
1761622907.2360508,-6,-2,30
1761622907.2720506,-6,0,21
1761622907.3090508,-5,-4,32
1761622907.3480508,7,-3,34
1761622907.3860507,4,8,35
1761622907.4220507,0,2,37
1761622907.459051,-4,-3,37
1761622907.4980507,3,0,33
1761622907.5360508,-1,-2,29
1761622907.5720508,-4,1,26
1761622907.6090508,2,2,29
1761622907.6470506,1,0,38
1761622907.6830506,-10,2,32
1761622907.7200508,-7,-3,29
1761622907.758051,-1,3,37
1761622907.7970507,-1,5,39
1761622907.8330507,-3,0,32
1761622907.870051,1,0,41
1761622907.9080508,0,-4,34
1761622907.9460506,2,-5,21
1761622907.982051,3,2,39
1761622908.0190508,6,0,32
1761622908.0570507,2,-6,38
1761622908.0930507,2,-3,40
1761622908.130051,4,1,37
1761622908.1680508,0,-2,44
1761622908.2060506,-2,-2,45
1761622908.2420506,1,5,42
1761622908.2790508,-1,-1,30
1761622908.3180506,-1,-4,31
1761622908.3540506,1,-4,29
1761622908.3920507,0,0,36
1761622908.4290507,1,-1,53
1761622908.4670508,-2,0,37
1761622908.5030508,-1,-2,38
1761622908.5400507,7,-3,33
1761622908.5780506,-4,0,27
1761622908.6140506,0,0,29
1761622908.6510508,4,-6,40
1761622908.689051,0,-3,35
1761622908.7280507,0,-8,39
1761622908.7640507,-3,-4,31
1761622908.8030508,6,0,33
1761622908.8400507,-5,-7,32
1761622908.8790507,1,-7,37
1761622908.9170508,0,-4,38
1761622908.9530506,-3,-4,28
1761622908.9900508,0,6,21
1761622909.028051,-3,0,19
1761622909.064051,0,-7,26
1761622909.1030507,6,-8,32
1761622909.1400506,2,0,29
1761622909.1780508,3,3,37
1761622909.2140508,-1,3,31
1761622909.2520506,-2,4,39
1761622909.2890508,-3,3,38
1761622909.3280506,-3,0,51
1761622909.3640506,-9,0,46
1761622909.4010508,-4,0,40
1761622909.439051,-1,-1,30
1761622909.4780507,0,-2,30
1761622909.5140507,2,0,33
1761622909.551051,-9,4,32
1761622909.5890508,-2,0,29
1761622909.6280508,0,2,26
1761622909.6640508,5,0,25
1761622909.7010508,1,11,26
1761622909.7390506,-3,0,23
1761622909.7770507,-3,0,24
1761622909.8130507,-7,4,29
1761622909.8510506,-6,2,33
1761622909.8890507,-8,-4,36
1761622909.9270508,-5,-1,36
1761622909.9630508,0,-2,44
1761622910.0000508,1,-2,38
1761622910.0390508,1,-3,42
1761622910.0770507,-6,-2,29
1761622910.1130507,-4,-3,40
1761622910.1500506,0,0,29
1761622910.1880507,0,-3,31
1761622910.2240508,2,-2,23
1761622910.2620506,0,-1,17
1761622910.2990508,2,-2,16
1761622910.3380508,4,2,28
1761622910.3740506,1,3,35
1761622910.4110508,0,2,32
1761622910.449051,1,0,31
1761622910.4870508,0,1,32
1761622910.5230508,-2,3,20
1761622910.5600507,-4,-1,32
1761622910.5990508,-6,-2,21
1761622910.6350508,-3,-2,29
1761622910.6720507,2,-3,42
1761622910.7100508,6,4,44
1761622910.7480507,3,-4,41
1761622910.7840507,2,0,43
1761622910.8220508,5,0,40
1761622910.860051,1,-3,35
1761622910.8980508,0,-6,31
1761622910.9350507,-4,-2,27
1761622910.9730508,0,-3,36
1761622911.0100508,-1,-7,25
1761622911.0490508,-3,0,37
1761622911.0850508,-5,0,39
1761622911.1230507,-1,-8,33
1761622911.1600506,0,0,35
1761622911.1980507,0,-2,29
1761622911.2340508,0,0,37
1761622911.2710507,6,-5,44
1761622911.3090508,-1,-2,44
1761622911.3450508,1,-4,41
1761622911.3820508,1,0,42
1761622911.4200506,3,0,44
1761622911.4580507,10,-5,48
1761622911.4940507,0,-1,32
1761622911.5310507,-1,-2,41
1761622911.5700507,-3,-1,31
1761622911.6080508,-2,-2,30
1761622911.6440508,-1,-4,40
1761622911.6820507,0,-8,33
1761622911.7200508,-2,2,31
1761622911.758051,-4,-3,40
1761622911.7940507,1,-3,37
1761622911.8320508,-4,-3,33
1761622911.870051,1,-2,35
1761622911.9080508,10,-2,31
1761622911.9440508,9,-2,29
1761622911.982051,-4,-1,37
1761622912.0200508,1,-2,35
1761622912.0580506,0,-7,34
1761622912.0940506,1,-8,30
1761622912.1320508,3,3,35
1761622912.1700506,5,3,33
1761622912.2080507,5,0,35
1761622912.2440507,1,5,38
1761622912.2820508,2,-2,41
1761622912.3200507,2,2,30
1761622912.3580508,5,7,32
1761622912.3940508,-3,2,33
1761622912.4310508,0,0,24
1761622912.4690506,-4,-6,36
1761622912.505051,4,-2,26
1761622912.5420508,0,-3,31
1761622912.5800507,3,2,40
1761622912.6180508,3,0,37
1761622912.6540508,4,0,35
1761622912.6910508,0,-4,33
1761622912.7290506,-1,-5,37
1761622912.7650506,-2,-1,36
1761622912.8020508,-9,4,29
1761622912.8400507,-1,-2,24
1761622912.8760507,-6,-1,27
1761622912.913051,-1,-2,32
1761622912.9510508,2,0,24
1761622912.9890506,3,-1,32
1761622913.0250506,-1,-6,27
1761622913.0630507,-7,5,26
1761622913.1000507,-1,2,36
1761622913.1360507,-2,2,32
1761622913.1730506,-1,1,31
1761622913.2110507,0,-1,19
1761622913.2490506,-5,-4,23
1761622913.2850506,-8,2,22
1761622913.3220508,-2,-4,15
1761622913.360051,0,-3,28
1761622913.3960507,-1,-4,32
1761622913.4330506,1,-6,44
1761622913.4710507,-3,-15,35
1761622913.5100508,-2,-6,33
1761622913.5460508,0,2,31
1761622913.5830507,0,-4,40
1761622913.6210508,0,-3,36
1761622913.6590507,0,1,34
1761622913.6950507,-6,0,30
1761622913.732051,-7,0,38
1761622913.7700508,-4,-2,44
1761622913.8060508,-2,-2,33
1761622913.8440506,-3,0,29
1761622913.8820508,-3,-1,30
1761622913.9210508,-8,-2,34
1761622913.959051,0,-2,33
1761622913.995051,-1,1,35
1761622914.0330508,3,0,35
1761622914.0710506,0,4,36
1761622914.1090508,-3,4,26
1761622914.1450508,0,3,30
1761622914.1840508,4,-2,30
1761622914.2210507,4,-3,29
1761622914.2590508,0,3,30
1761622914.2950506,0,-2,25
1761622914.3330507,0,1,16
1761622914.3710508,-6,1,24
1761622914.4090507,-7,-4,33
1761622914.4450507,-4,4,36
1761622914.4830508,9,2,24
1761622914.5210507,0,0,20
1761622914.5590508,-1,6,38
1761622914.5950508,7,6,37
1761622914.633051,11,0,37
1761622914.6710508,6,-1,33
1761622914.709051,-1,-4,30
1761622914.745051,-3,0,35
1761622914.7830508,0,0,38
1761622914.8210506,1,7,26
1761622914.857051,-5,-3,19
1761622914.8940508,2,0,33
1761622914.9310508,-2,-4,30
1761622914.9700508,4,-5,31
1761622915.0060508,2,-1,35
1761622915.0430508,-9,-2,26
1761622915.0810506,-2,-2,25
1761622915.120051,-4,-9,26
1761622915.1560507,2,-6,24
1761622915.1930506,-6,0,32
1761622915.2310507,-2,-3,28
1761622915.2670507,0,-3,33
1761622915.3040507,6,4,40
1761622915.3410506,-3,-1,33
1761622915.380051,-4,1,31
1761622915.416051,-2,0,37
1761622915.4530506,-1,1,20
1761622915.4910507,1,4,21
1761622915.5270507,-4,5,28
1761622915.564051,-5,0,33
1761622915.6020508,0,-1,24
1761622915.6400506,0,6,29
1761622915.676051,0,2,22
1761622915.7130508,1,-3,33
1761622915.7520506,0,1,24
1761622915.7900507,-5,-5,36
1761622915.8260508,4,-2,21
1761622915.8630507,-4,-1,31
1761622915.9020507,-5,-7,29
1761622915.9400508,0,-4,37
1761622915.9760506,1,-3,38
1761622916.0140507,-5,-3,36
1761622916.0520508,-2,-2,27
1761622916.0900507,1,-4,36
1761622916.1260507,0,0,33
1761622916.163051,0,-2,36
1761622916.2020507,0,-2,30
1761622916.2400508,6,0,25
1761622916.2760508,-4,-3,36
1761622916.3130507,-7,0,19
1761622916.3510506,0,-7,35
1761622916.3870506,-5,0,35
1761622916.4240508,-4,2,38
1761622916.462051,3,-2,27
1761622916.5000508,2,4,40
1761622916.5360508,0,0,41
1761622916.574051,-1,-4,34
1761622916.6120508,-7,4,50
1761622916.6510508,-6,0,38
1761622916.6870508,-11,3,34
1761622916.7240508,0,4,38
1761622916.7620506,2,0,47
1761622916.8000507,-1,-1,46
1761622916.8360507,-3,0,40
1761622916.8740506,3,4,44
1761622916.9120507,1,2,30
1761622916.9500508,1,1,29
1761622916.9860508,1,0,36
1761622917.0240507,-2,-5,31
1761622917.0630507,3,-4,39
1761622917.1060507,4,0,34
1761622917.143051,0,2,28
1761622917.1820507,-8,-6,28
1761622917.2180507,-9,0,23
1761622917.255051,-1,-2,29
1761622917.2930508,0,-1,37
1761622917.3320508,3,1,43
1761622917.3680508,0,0,41
1761622917.4050508,1,-4,37
1761622917.4420507,4,2,32
1761622917.4780507,-2,-1,25
1761622917.5150506,6,-3,24
1761622917.5540507,4,-6,29
1761622917.5920508,2,-2,39
1761622917.6280508,-1,-2,32
1761622917.666051,-2,5,38
1761622917.7030506,-3,-7,26
1761622917.7420506,4,-10,27
1761622917.778051,0,-1,32
1761622917.8150508,3,-2,43
1761622917.8530507,1,-3,29
1761622917.8910508,-1,-1,35
1761622917.9270508,-2,-1,45
1761622917.9650507,1,1,22
1761622918.0030508,-4,6,40
1761622918.041051,-3,1,37
1761622918.0770507,-3,-2,43
1761622918.1150508,3,-4,25
1761622918.153051,9,-3,31
1761622918.1920507,2,-5,38
1761622918.2280507,0,-6,38
1761622918.2660508,-6,-4,36
1761622918.3030508,-7,-5,33
1761622918.3420508,-2,0,27
1761622918.3780508,-1,3,26
1761622918.416051,0,4,39
1761622918.4530506,1,5,38
1761622918.4910507,0,0,35
1761622918.5270507,0,1,42
1761622918.564051,-5,-1,28
1761622918.6030507,-1,1,25
1761622918.6410508,0,-1,27
1761622918.6770508,0,-1,26
1761622918.7140508,1,-3,25
1761622918.7520506,-6,2,27
1761622918.788051,-5,0,26
1761622918.8250508,-4,-4,20
1761622918.8630507,-2,-4,24
1761622918.9020507,0,-1,29
1761622918.9380507,-7,2,25
1761622918.9750507,-6,0,36
1761622919.0130508,1,-7,24
1761622919.051051,4,-3,37
1761622919.087051,0,-1,31
1761622919.1250508,1,0,27
1761622919.163051,0,0,40
1761622919.199051,0,-3,27
1761622919.2370508,1,0,24
1761622919.2750506,-2,-1,39
1761622919.3130507,-6,0,40
1761622919.3490508,-1,-3,28
1761622919.3860507,7,-2,27
1761622919.4230506,5,0,30
1761622919.459051,2,1,35
1761622919.4960508,6,0,51
1761622919.5330508,-7,-1,36
1761622919.5720508,-2,-6,41
1761622919.6080508,6,2,29
1761622919.6450508,5,-7,37
1761622919.6830506,4,-6,44
1761622919.7190506,1,-5,45
1761622919.7560508,3,-2,43
1761622919.7940507,0,2,39
1761622919.8320508,0,-3,32
1761622919.8680508,-6,0,30
1761622919.9060507,-3,1,32
1761622919.9440508,0,-2,42
1761622919.982051,-3,0,21
1761622920.018051,-6,-2,30
1761622920.0560508,-4,5,31
1761622920.0940506,-7,2,32
1761622920.1320508,1,-1,34
1761622920.1680508,-1,0,29
1761622920.2060506,-5,-3,15
1761622920.2440507,-3,-2,29
1761622920.2830508,-8,1,25
1761622920.3190508,0,-1,23
1761622920.3560507,3,-1,27
1761622920.3940508,8,-3,37
1761622920.4320507,1,0,25
1761622920.4680507,4,0,26
1761622920.5060508,0,0,32
1761622920.5440507,3,7,36
1761622920.5820508,4,3,40
1761622920.6180508,7,1,35
1761622920.6560507,4,2,20
1761622920.6940508,-1,1,25
1761622920.732051,-2,-3,31
1761622920.768051,3,-5,27
1761622920.8060508,0,0,22
1761622920.8440506,2,0,23
1761622920.8820508,8,-1,24
1761622920.9180508,8,-4,32
1761622920.9560506,10,-8,30
1761622920.9940507,4,-1,35
1761622921.0320508,4,-6,37
1761622921.0680506,9,0,38
1761622921.1050508,5,-2,25
1761622921.143051,2,-13,25
1761622921.1790507,3,-8,25
1761622921.2160506,-2,-2,33
1761622921.2540507,0,-2,19
1761622921.2900507,-4,4,28
1761622921.3280506,-4,0,20
1761622921.3650508,-1,-3,29
1761622921.4040508,-1,0,28
1761622921.4400508,-3,-1,31
1761622921.4770508,1,1,25
1761622921.5140507,-1,3,24
1761622921.5530508,-1,1,23
1761622921.5890508,0,1,34
1761622921.6260507,3,4,22
1761622921.6640508,4,-5,38
1761622921.7000508,-3,3,26
1761622921.7370508,0,0,30
1761622921.7740507,2,-4,47
1761622921.8100507,-2,3,40
1761622921.847051,1,2,36
1761622921.8850508,7,2,31
1761622921.9230506,0,-2,32
1761622921.959051,-1,0,34
1761622921.9960508,2,1,37
1761622922.0340507,-5,3,18
1761622922.0700507,-5,6,22
1761622922.107051,-2,-2,36
1761622922.1450508,4,-9,33
1761622922.1840508,0,-5,32
1761622922.2200508,1,-4,28
1761622922.2570508,4,-1,30
1761622922.2950506,8,0,29
1761622922.3330507,9,-5,28
1761622922.3690507,6,-3,31
1761622922.4070508,-5,1,26
1761622922.4450507,2,2,30
1761622922.4830508,-4,-2,29
1761622922.5190508,-3,0,30
1761622922.5560508,-2,-1,35
1761622922.5950508,0,-3,30
1761622922.633051,-1,4,26
1761622922.6690507,-1,-1,32
1761622922.7070508,-1,0,27
1761622922.745051,0,0,25
1761622922.7830508,2,-1,28
1761622922.8190508,7,3,33
1761622922.857051,-10,0,29
1761622922.8950508,2,-9,31
1761622922.9330506,-7,2,40
1761622922.9690506,-3,1,38
1761622923.0060508,-2,0,32
1761622923.0440507,1,-2,38
1761622923.0800507,-7,0,32
1761622923.1170506,-4,-4,30
1761622923.1550508,-4,0,39
1761622923.1930506,-4,2,33
1761622923.2290506,-4,-1,25
1761622923.2660508,1,2,41
1761622923.3040507,6,2,31
1761622923.3400507,-2,3,32
1761622923.3770506,0,0,28
1761622923.4150507,3,-1,32
1761622923.4510508,-2,-4,39
1761622923.4890506,-4,0,45
1761622923.5270507,-6,-7,35
1761622923.5650508,-2,-7,32
1761622923.6040506,-2,-3,30
1761622923.6400506,-9,0,34
1761622923.6770508,-3,-3,40
1761622923.7150507,0,-4,37
1761622923.7510507,0,1,45
1761622923.788051,0,2,40
1761622923.8250508,4,-5,41
1761622923.8610508,-4,-6,34
1761622923.8990507,-4,2,33
1761622923.936051,0,-4,23
1761622923.9740508,0,-3,29
1761622924.0100508,3,-4,37
1761622924.0470507,7,-1,37
1761622924.0850508,1,0,30
1761622924.1210508,5,-5,29
1761622924.1580508,5,-6,24
1761622924.1960506,0,-9,29
1761622924.235051,0,-4,36
1761622924.2710507,3,-3,32
1761622924.3080506,0,-9,25
1761622924.3460507,4,-9,30
1761622924.3850508,4,3,36
1761622924.4210508,4,0,36
1761622924.4580507,-3,0,33
1761622924.4960508,0,4,28
1761622924.5340507,0,6,44
1761622924.5700507,0,-4,43
1761622924.607051,-5,0,40
1761622924.6460507,-2,0,26
1761622924.6840508,-10,5,24
1761622924.7200508,0,-5,24
1761622924.7570508,4,-11,33
1761622924.7960508,6,-5,25
1761622924.834051,6,-3,27
1761622924.870051,7,1,25
1761622924.9070508,-3,-3,33
1761622924.9460506,-2,-2,31
1761622924.9840508,-4,2,39
1761622925.0200508,3,-5,37
1761622925.0570507,2,0,23
1761622925.0960507,4,-1,27
1761622925.1340508,3,-2,30
1761622925.1700506,1,-8,29
1761622925.2080507,0,-6,38
1761622925.2460508,-2,-8,38
1761622925.2840507,-1,0,34
1761622925.3200507,2,-2,23
1761622925.3580508,1,0,33
1761622925.3960507,3,-5,33
1761622925.4340508,2,-5,31
1761622925.4700508,10,1,40
1761622925.5070508,-2,-5,31
1761622925.5460508,3,-5,35
1761622925.584051,-1,-1,29
1761622925.620051,0,-6,30
1761622925.6580508,3,-2,29
1761622925.6960506,-1,-1,46
1761622925.732051,-7,0,39
1761622925.7690508,2,0,40
1761622925.8060508,-2,-2,39
1761622925.8450508,-3,0,40
1761622925.8810508,0,-3,38
1761622925.9180508,6,0,36
1761622925.9560506,0,-2,35
1761622925.9920506,1,-4,36
1761622926.0290508,3,-1,40
1761622926.0670507,-1,0,32
1761622926.1050508,3,-1,38
1761622926.1410508,-2,-4,35
1761622926.1780508,1,-2,29
1761622926.2160506,-3,0,28
1761622926.2520506,1,-1,30
1761622926.2890508,4,-3,39
1761622926.3260508,5,-4,35
1761622926.3620508,0,-5,36
1761622926.3990507,-9,-3,35
1761622926.4370508,-1,-7,36
1761622926.4760506,-2,-7,38
1761622926.5120506,-4,-7,36
1761622926.5490508,-1,0,40
1761622926.587051,4,-5,31
1761622926.6250508,0,-5,20
1761622926.6610508,2,-2,21
1761622926.6980507,0,-1,38
1761622926.7360508,-3,-7,45
1761622926.7720506,1,4,39
1761622926.8090508,8,1,30
1761622926.847051,-2,0,33
1761622926.8850508,0,0,25
1761622926.9210508,0,0,27
1761622926.9580507,-6,-3,35
1761622926.9970508,-1,-2,18
1761622927.0350506,-4,-7,28
1761622927.0710506,1,-3,34
1761622927.1170506,0,-5,47
1761622927.1550508,4,2,28
1761622927.1910508,2,0,39
1761622927.2280507,3,-4,40
1761622927.2670507,-2,0,29
1761622927.3050506,1,0,26
1761622927.3410506,-2,0,29
1761622927.3780508,-8,9,30
1761622927.4170508,-3,0,39
1761622927.4550507,-2,-5,37
1761622927.4910507,1,0,34
1761622927.5290508,-3,-1,33
1761622927.5670507,0,2,32
1761622927.6050508,-2,2,39
1761622927.6410508,0,-1,26
1761622927.6790507,-4,2,30
1761622927.7170508,0,-4,37
1761622927.755051,-8,-7,37
1761622927.791051,-5,-5,36
1761622927.8280506,-4,-14,40
1761622927.8670506,-7,-6,40
1761622927.903051,-11,-9,25
1761622927.9410508,-6,-3,33
1761622927.9790506,-4,3,32
1761622928.018051,1,-2,30
1761622928.0560508,2,0,30
1761622928.0920508,1,1,31
1761622928.1290507,3,-4,30
1761622928.1670508,-5,-6,33
1761622928.2030506,-12,-11,39
1761622928.2420506,-4,-2,38
1761622928.2790508,3,-3,31
1761622928.3170507,3,0,37
1761622928.3530507,4,0,31
1761622928.3900506,2,-1,30
1761622928.4280508,0,1,23
1761622928.4660506,-1,2,27
1761622928.5020506,0,0,24
1761622928.5390508,4,-2,31
1761622928.5770507,-2,-10,21
1761622928.6130507,1,-7,35
1761622928.6500506,-1,6,33
1761622928.6880507,0,3,18
1761622928.7260506,3,0,17
1761622928.7620506,-6,3,38
1761622928.7990508,-3,8,33
1761622928.8380508,-3,-1,24
1761622928.8760507,-1,-9,31
1761622928.9120507,0,-11,33
1761622928.949051,0,0,43
1761622928.9870508,2,0,35
1761622929.0230508,0,-1,29
1761622929.0600507,-5,4,37
1761622929.0980508,-3,2,32
1761622929.1360507,-8,2,36
1761622929.1720507,-3,2,28
1761622929.209051,-2,0,24
1761622929.2480507,-3,2,32
1761622929.2860508,4,-4,15
1761622929.3220508,-3,-10,25
1761622929.3590508,-2,-10,25
1761622929.3980508,-2,-4,32
1761622929.436051,3,7,32
1761622929.472051,9,4,35
1761622929.5090508,0,1,48
1761622929.5470507,-3,-6,40
1761622929.5830507,0,-4,40
1761622929.6210508,-12,1,41
1761622929.6590507,-5,1,36
1761622929.6970508,1,-1,29
1761622929.7330508,-8,-5,35
1761622929.7710507,-8,1,31
1761622929.8090508,-5,-1,31
1761622929.847051,-4,2,34
1761622929.8840508,-11,-3,29
1761622929.9210508,0,-1,37
1761622929.959051,3,-3,27
1761622929.9970508,3,-5,27
1761622930.0330508,-1,-1,30
1761622930.0710506,-7,-5,27
1761622930.1090508,7,0,32
1761622930.1470506,4,-3,25
1761622930.1830506,0,-4,40
1761622930.2200508,-3,0,28
1761622930.258051,-1,-2,22
1761622930.2970507,-5,1,31
1761622930.3330507,-1,0,35
1761622930.370051,-1,-3,28
1761622930.4090507,-4,8,41
1761622930.4470508,0,4,32
1761622930.4830508,3,-5,34
1761622930.5200508,-2,6,38
1761622930.5580506,3,4,31
1761622930.5940506,-2,-1,34
1761622930.6310508,-3,4,30
1761622930.6680508,-2,8,34
1761622930.7040508,0,1,33
1761622930.7420506,-4,-1,26
1761622930.7790508,0,-2,33
1761622930.8170507,5,0,31
1761622930.8530507,4,-1,37
1761622930.8900506,0,-2,33
1761622930.9280508,-2,6,31
1761622930.9640508,-3,6,29
1761622931.0010507,2,1,12
1761622931.0390508,-1,4,22
1761622931.0770507,0,-1,35
1761622931.1130507,0,3,34
1761622931.1500506,-3,2,29
1761622931.189051,5,0,37
1761622931.2270508,2,2,28
1761622931.2630508,3,5,22
1761622931.3000507,4,0,28
1761622931.3380508,2,-6,19
1761622931.3740506,-1,-3,19
1761622931.4120507,-1,-4,18
1761622931.449051,0,-2,15
1761622931.4870508,0,0,31
1761622931.5230508,10,2,37
1761622931.5600507,7,-5,36
1761622931.5990508,4,5,35
1761622931.6370506,3,-1,24
1761622931.6730506,2,1,21
1761622931.7100508,10,-7,26
1761622931.7480507,-3,-3,24
1761622931.7840507,0,-2,30
1761622931.8210506,-2,1,43
1761622931.8590508,-4,-1,35
1761622931.8970506,7,-4,30
1761622931.9330506,2,-1,36
1761622931.9710507,-5,-9,35
1761622932.0090508,-7,-4,38
1761622932.0480506,-1,-5,41
1761622932.084051,4,0,37
1761622932.1210508,11,-8,35
1761622932.1590507,1,-11,41
1761622932.1950507,-3,-9,40
1761622932.232051,0,0,37
1761622932.2690508,0,0,42
1761622932.3050506,3,0,36
1761622932.3430507,0,2,31
1761622932.380051,2,1,28
1761622932.4180508,-2,4,26
1761622932.4540508,2,-5,29
1761622932.4910507,1,-1,32
1761622932.5290508,0,2,29
1761622932.5650508,0,0,34
1761622932.6020508,-4,0,26
1761622932.6410508,0,-4,30
1761622932.6790507,-8,-6,30
1761622932.7150507,-7,-4,31
1761622932.7520506,1,-9,35
1761622932.7900507,0,-11,25
1761622932.8280506,0,-6,27
1761622932.8640506,0,-6,31
1761622932.9020507,0,-4,40
1761622932.9400508,-3,-3,33
1761622932.9780507,3,-2,26
1761622933.0140507,7,-2,38
1761622933.0520508,2,-4,25
1761622933.0900507,-8,0,32
1761622933.1280508,1,0,27
1761622933.1640508,2,-5,40
1761622933.2020507,-2,-8,37
1761622933.2410507,-3,-5,36
1761622933.2790508,1,-3,31
1761622933.3150508,1,-4,40
1761622933.3520508,-3,-3,31
1761622933.3900506,0,-7,43
1761622933.4290507,-3,-5,30
1761622933.4650507,-1,-3,17
1761622933.5030508,-7,-6,29
1761622933.541051,-1,0,40
1761622933.5790508,-3,-2,37
1761622933.6150508,-11,0,33
1761622933.6520507,-3,-2,29
1761622933.6900508,-5,-7,21
1761622933.7290506,-11,-5,28
1761622933.7650506,-3,-3,42
1761622933.8020508,-5,-7,26
1761622933.8400507,0,-7,27
1761622933.8790507,-2,-3,35
1761622933.9150507,-1,2,22
1761622933.9520507,7,-5,34
1761622933.9900508,1,-3,37
1761622934.028051,0,-3,32
1761622934.064051,3,-2,34
1761622934.1010506,2,-4,36
1761622934.1390507,-3,-6,28
1761622934.1750507,0,-3,30
1761622934.212051,-4,-6,39
1761622934.2500508,-3,-3,36
1761622934.2890508,-3,-3,30
1761622934.3250508,0,-2,43
1761622934.3630507,-3,0,33
1761622934.4000506,-5,-1,28
1761622934.439051,0,-2,38
1761622934.4750507,-4,-2,41
1761622934.5120506,0,0,41
1761622934.5500507,-4,-2,37
1761622934.5860507,-7,-1,38
1761622934.6230507,0,0,25
1761622934.6600506,-4,-4,33
1761622934.699051,3,2,28
1761622934.735051,1,3,25
1761622934.7720506,0,0,28
1761622934.8100507,0,-3,32
1761622934.8460507,3,-4,33
1761622934.883051,1,-2,23
1761622934.9200506,-9,-1,31
1761622934.959051,3,-5,33
1761622934.995051,14,3,40
1761622935.0320508,1,1,39
1761622935.0700507,-3,2,40
1761622935.1060507,-1,1,35
1761622935.1440508,0,2,34
1761622935.1810508,2,-1,37
1761622935.2190506,0,-1,38
1761622935.255051,7,4,36
1761622935.2920508,3,-4,32
1761622935.3300507,-3,-6,24
1761622935.3660507,-2,-5,27
1761622935.403051,-6,0,31
1761622935.4410508,-1,-1,29
1761622935.4790506,0,-2,43
1761622935.5150506,5,0,39
1761622935.5520508,5,0,19
1761622935.5900507,-1,-3,27
1761622935.6260507,-3,-2,27
1761622935.663051,-2,2,31
1761622935.7010508,1,2,30
1761622935.7390506,1,3,36
1761622935.7750506,4,0,38
1761622935.8130507,1,-4,40
1761622935.8510506,-1,-5,38
1761622935.8900506,5,-1,25
1761622935.926051,2,-2,31
1761622935.9630508,-2,2,23
1761622936.0010507,-1,0,40
1761622936.0400507,6,-6,32
1761622936.0760508,5,-5,32
1761622936.1130507,0,1,31
1761622936.1520507,-6,4,35
1761622936.1900508,2,0,36
1761622936.2260506,3,-1,32
1761622936.2630508,-8,-4,37
1761622936.3020508,-5,-6,37
1761622936.3400507,0,-1,21
1761622936.3760507,1,2,24
1761622936.413051,1,-2,34
1761622936.4510508,7,-6,27
1761622936.4870508,-3,-14,19
1761622936.5250506,-5,-7,20
1761622936.5630507,0,-3,36
1761622936.6010506,0,-1,33
1761622936.6370506,2,1,32
1761622936.6740508,-1,-6,35
1761622936.712051,3,-7,31
1761622936.7510507,2,0,38
1761622936.7870507,-2,8,41
1761622936.824051,2,-5,32
1761622936.8610508,2,-3,45
1761622936.8970506,1,-8,24
1761622936.9340508,6,-7,38
1761622936.972051,6,-5,30
1761622937.0100508,2,-6,37
1761622937.0460508,-10,-3,31
1761622937.0830507,-4,-7,28
1761622937.1270506,5,-8,25
1761622937.1650507,8,-4,24
1761622937.2020507,4,-1,20
1761622937.2400508,0,2,36
1761622937.2760508,4,-6,33
1761622937.3130507,3,-7,27
1761622937.3510506,6,-8,23
1761622937.3870506,8,3,22
1761622937.4240508,1,0,26
1761622937.462051,-1,0,30
1761622937.5000508,0,-5,29
1761622937.5360508,5,0,24
1761622937.5730507,3,-7,36
1761622937.6110508,2,-7,38
1761622937.6470506,2,-6,34
1761622937.6850507,-4,-7,38
1761622937.7230508,-6,-5,31
1761622937.7620506,-1,-2,37
1761622937.8000507,4,-4,36
1761622937.8360507,-1,-2,33
1761622937.8740506,10,0,32
1761622937.9120507,6,-6,26
1761622937.9500508,-2,-4,30
1761622937.9860508,-2,-3,28
1761622938.0240507,0,-1,45
1761622938.0620508,0,3,42
1761622938.1000507,0,-6,42
1761622938.1360507,0,-3,43
1761622938.1740508,6,1,37
1761622938.212051,2,-5,32
1761622938.2500508,0,-4,29
1761622938.2860508,-6,0,42
1761622938.3250508,0,1,24
1761622938.3620508,-2,-10,30
1761622938.4010508,1,-10,34
1761622938.4370508,0,-4,33
1761622938.4750507,6,1,37
1761622938.5120506,-4,0,35
1761622938.5500507,0,4,33
1761622938.5860507,-2,-1,33
1761622938.6240506,7,-2,29
1761622938.6620507,10,0,21
1761622938.6980507,4,3,27
1761622938.735051,3,-3,26
1761622938.7730508,-1,-7,28
1761622938.8120508,4,0,37
1761622938.8480508,-2,-2,28
1761622938.8870506,0,-5,28
1761622938.9250507,-7,1,33
1761622938.962051,-2,-1,39
1761622939.0010507,2,2,37
1761622939.0370507,0,2,36
1761622939.0750508,1,-2,33
1761622939.1120508,4,-3,21
1761622939.1480508,2,0,30
1761622939.1850507,2,2,31
1761622939.222051,7,1,30
1761622939.2610507,4,-3,29
1761622939.2970507,-5,0,21
1761622939.334051,-1,0,24
1761622939.3720508,-9,3,29
1761622939.4080508,-4,-1,28
1761622939.4450507,0,0,42
1761622939.4840508,2,0,37
1761622939.5220506,-1,-7,28
1761622939.5580506,5,-6,32
1761622939.5950508,0,-15,36
1761622939.633051,-3,-5,44
1761622939.6710508,-5,-2,31
1761622939.7070508,4,-3,27
1761622939.7440507,0,-3,32
1761622939.7830508,-5,-2,28
1761622939.8210506,4,-8,36
1761622939.857051,0,-7,33
1761622939.8940508,4,0,44
1761622939.9330506,-6,-4,36
1761622939.9710507,1,-3,34
1761622940.0070508,-2,-6,24
1761622940.0440507,-4,-6,25
1761622940.0830507,-4,-7,21
1761622940.1210508,0,-4,20
1761622940.1570508,-7,-3,32
1761622940.1950507,0,-1,37
1761622940.2330508,2,-2,29
1761622940.2710507,5,-6,23
1761622940.3070507,-3,2,30
1761622940.3440506,-8,0,35
1761622940.383051,-1,1,37
1761622940.4210508,4,-2,34
1761622940.4570508,2,3,31
1761622940.4940507,-1,5,29
1761622940.5320508,-2,2,28
1761622940.5680506,-6,-1,29
1761622940.6060507,-9,-1,19
1761622940.6440508,-4,-3,35
1761622940.6830506,5,1,21
1761622940.7210507,1,-3,30
1761622940.7570508,-1,-2,27
1761622940.7940507,3,0,25
1761622940.8320508,2,-3,28
1761622940.8680508,11,3,26
1761622940.9060507,1,0,45
1761622940.9430506,1,1,40
1761622940.9790506,-2,-1,43
1761622941.0160508,-3,-4,48
1761622941.0540507,-1,-12,45
1761622941.0930507,0,-4,35
1761622941.1290507,-4,-4,35
1761622941.166051,0,1,32
1761622941.2040508,0,3,35
1761622941.2420506,-1,-2,38
1761622941.278051,0,0,19
1761622941.3160508,2,0,26
1761622941.3540506,-1,1,43
1761622941.3920507,-4,3,47
1761622941.4280508,-2,5,43
1761622941.4660506,-2,-5,36
1761622941.5040507,-4,-1,32
1761622941.5430508,2,1,34
1761622941.5790508,-2,-5,24
1761622941.6160507,6,-1,28
1761622941.6540508,0,-2,28
1761622941.6920507,-8,-4,37
1761622941.7280507,-1,-6,23
1761622941.7660508,-3,-6,36
1761622941.8040507,-10,0,35
1761622941.8420508,3,0,27
1761622941.8780508,-2,-3,30
1761622941.916051,-1,0,28
1761622941.9540508,-3,2,42
1761622941.9920506,-1,-7,32
1761622942.0290508,5,-4,29
1761622942.0660508,-9,-5,48
1761622942.1040506,-2,-1,41
1761622942.143051,-3,-3,17
1761622942.1790507,-14,-4,26
1761622942.2160506,-5,-2,32
1761622942.2540507,-5,0,37
1761622942.2920508,-6,1,36
1761622942.3280506,-10,4,30
1761622942.3660507,-3,5,36
1761622942.4040508,-2,4,41
1761622942.4420507,-1,2,40
1761622942.4780507,0,0,38
1761622942.5160508,3,-1,42
1761622942.5540507,6,-3,35
1761622942.5920508,-1,3,32
1761622942.6280508,-2,0,29
1761622942.6650507,0,0,23
1761622942.7030506,-1,-1,23
1761622942.7390506,0,0,23
1761622942.7760508,-3,-1,35
1761622942.814051,4,0,23
1761622942.8520508,2,0,28
1761622942.8880508,-5,5,34
1761622942.9250507,-2,-2,45
1761622942.9640508,3,-5,38
1761622943.0000508,1,-10,41
1761622943.0370507,-1,-6,30
1761622943.0750508,5,0,36
1761622943.1130507,3,0,35
1761622943.1490507,-2,-4,37
1761622943.186051,-1,-4,34
1761622943.2240508,-3,-6,28
1761622943.2630508,0,-3,27
1761622943.2990508,-6,0,22
1761622943.3360507,0,4,24
1761622943.3740506,-2,0,38
1761622943.4100506,-9,3,25
1761622943.4470508,-1,-1,29
1761622943.485051,-2,1,29
1761622943.5240507,-1,-3,28
1761622943.5600507,0,-1,38
1761622943.597051,-4,2,38
1761622943.6340508,-4,0,37
1761622943.6700506,-2,-2,28
1761622943.7070508,1,11,29
1761622943.745051,2,4,28
1761622943.7830508,4,10,32
1761622943.8190508,2,5,24
1761622943.8560507,6,1,33
1761622943.8940508,10,-4,32
1761622943.9300506,-1,-4,32
1761622943.9680507,-1,-9,36
1761622944.0060508,4,-3,30
1761622944.0450506,2,1,29
1761622944.0830507,4,-2,38
1761622944.1190507,0,-5,41
1761622944.1570508,3,-4,34
1761622944.1950507,2,-9,30
1761622944.2330508,0,-3,33
1761622944.2690508,-2,-8,45
1761622944.3060508,-2,-10,40
1761622944.3450508,-9,-9,47
1761622944.383051,-3,-5,41
1761622944.4190507,1,1,30
1761622944.4560506,1,-4,38
1761622944.4940507,0,-4,31
1761622944.5300508,0,-1,30
1761622944.5670507,0,1,33
1761622944.6050508,-7,-3,26
1761622944.643051,1,1,27
1761622944.6790507,-2,4,18
1761622944.7160506,4,-3,21
1761622944.755051,-2,-1,36
1761622944.7930508,-5,1,24
1761622944.8290508,-3,2,33
1761622944.8660507,-5,2,38
1761622944.9050508,-2,-2,31
1761622944.9430506,1,2,35
1761622944.9790506,4,1,34
1761622945.0160508,2,0,22
1761622945.0550506,-2,-4,29
1761622945.0910506,-3,-1,29
1761622945.1290507,-4,1,39
1761622945.166051,0,2,32
1761622945.2040508,0,7,30
1761622945.2400508,0,2,36
1761622945.2770507,-7,0,32
1761622945.3150508,2,0,27
1761622945.3510506,-3,-5,37
1761622945.3890507,-1,-3,24
1761622945.4270508,-2,-9,29
1761622945.4650507,-8,-1,34
1761622945.5040507,-4,-7,35
1761622945.5400507,0,-2,33
1761622945.5770507,-6,-6,28
1761622945.6150508,0,-4,30
1761622945.6540508,2,-1,22
1761622945.6900508,-7,0,30
1761622945.7270508,-6,-2,29
1761622945.7650506,-7,-2,26
1761622945.8040507,-3,-1,31
1761622945.8400507,-1,-8,37
1761622945.8770506,0,-7,24
1761622945.9150507,-5,-6,30
1761622945.9510508,-5,0,23
1761622945.9880507,6,4,24
1761622946.0260508,-3,-8,35
1761622946.064051,-6,-4,27
1761622946.1000507,2,-9,28
1761622946.1370506,0,-4,34
1761622946.176051,0,-2,32
1761622946.2140508,0,0,24
1761622946.2500508,3,-3,25
1761622946.2870507,0,0,31
1761622946.3250508,-2,-1,45
1761622946.3610508,5,3,43
1761622946.3980508,4,5,34
1761622946.436051,-2,7,30
1761622946.4740508,-1,-4,36
1761622946.5100508,-4,-4,32
1761622946.5480506,-4,-3,45
1761622946.5860507,-3,2,42
1761622946.6240506,-3,0,19
1761622946.6600506,4,-3,27
1761622946.6970508,-1,-2,24
1761622946.7360508,-1,-9,39
1761622946.7740507,0,-3,47
1761622946.8100507,-3,3,32
1761622946.847051,-7,-3,35
1761622946.8860507,-2,4,33
1761622946.9240508,-3,-2,30
1761622946.9600508,0,1,24
1761622946.9970508,-3,4,39
1761622947.0350506,-11,1,31
1761622947.0710506,-6,2,35
1761622947.1080508,1,-2,23
1761622947.1540508,6,-3,40
1761622947.1900508,2,-5,34
1761622947.2270508,-1,-4,29
1761622947.2660508,2,-5,28
1761622947.3020508,3,-9,24
1761622947.3390508,6,0,29
1761622947.3760507,2,-4,34
1761622947.4120507,2,-7,25
1761622947.4500508,1,-4,36
1761622947.4870508,0,-6,45
1761622947.5250506,-3,2,38
1761622947.561051,-4,2,42
1761622947.5980508,0,4,38
1761622947.6360507,3,4,35
1761622947.6720507,0,4,30
1761622947.7100508,3,-2,25
1761622947.7480507,1,-4,20
1761622947.7860508,4,-3,29
1761622947.8220508,6,3,37
1761622947.8590508,0,0,29
1761622947.8970506,2,-6,22
1761622947.9350507,-3,-3,38
1761622947.9710507,-3,-11,27
1761622948.008051,1,-6,31
1761622948.0460508,1,-2,30
1761622948.0820508,-2,-10,34
1761622948.1190507,8,-7,29
1761622948.1570508,0,-3,28
1761622948.1960506,3,-5,32
1761622948.232051,7,2,33
1761622948.2690508,9,-3,24
1761622948.3070507,-1,-5,42
1761622948.3460507,1,-7,37
1761622948.3820508,-2,-6,31
1761622948.4200506,2,-2,28
1761622948.4580507,2,0,42
1761622948.4960508,-2,0,29
1761622948.5320508,-1,3,25
1761622948.5690508,-3,-5,35
1761622948.607051,-3,-7,28
1761622948.6460507,0,-1,29
1761622948.6820507,-1,0,28
1761622948.7190506,0,-6,26
1761622948.7570508,-3,-12,23
1761622948.7960508,-1,-8,30
1761622948.8320508,-6,-9,21
1761622948.870051,-6,-5,27
1761622948.9070508,-2,-6,37
1761622948.9460506,-1,-5,27
1761622948.982051,1,2,37
1761622949.0190508,1,-1,31
1761622949.0570507,0,8,37
1761622949.0950508,1,-1,29
1761622949.1310508,0,6,35
1761622949.1680508,6,0,37
1761622949.2060506,7,-5,28
1761622949.2420506,3,0,33
1761622949.2790508,-4,1,26
1761622949.3170507,3,-3,34
1761622949.3550508,0,-6,36
1761622949.3910508,-3,-8,39
1761622949.4280508,2,-10,22
1761622949.4660506,0,0,25
1761622949.5030508,1,2,33
1761622949.5400507,9,-9,28
1761622949.5780506,0,-4,34
1761622949.6170506,0,1,33
1761622949.653051,-4,-6,36
1761622949.6900508,2,-4,43
1761622949.7280507,3,0,34
1761622949.7660508,2,1,37
1761622949.8020508,1,-11,32
1761622949.8390508,1,-6,28
1761622949.8770506,2,-2,30
1761622949.913051,4,7,27
1761622949.9500508,7,1,34
1761622949.9870508,4,-3,40
1761622950.0230508,10,1,36
1761622950.061051,3,-3,33
1761622950.0980508,0,-1,35
1761622950.1370506,0,0,32
1761622950.1730506,-1,1,40
1761622950.2110507,5,3,37
1761622950.2480507,-4,-2,43
1761622950.2870507,1,-2,39
1761622950.3230507,-5,-2,38
1761622950.3610508,0,-5,35
1761622950.3980508,-2,-1,38
1761622950.4370508,-4,0,32
1761622950.4730508,4,-2,23
1761622950.5110507,5,-6,38
1761622950.5500507,0,-4,31
1761622950.5880508,-1,0,41
1761622950.6260507,-6,-3,22
1761622950.6620507,-6,-2,36
1761622950.699051,-2,1,28
1761622950.7380507,-4,0,35
1761622950.7760508,1,-7,35
1761622950.8120508,2,0,32
1761622950.8490508,0,-1,29
1761622950.8880508,-1,0,35
1761622950.926051,-3,-1,34
1761622950.962051,-9,1,18
1761622951.0000508,1,1,27
1761622951.038051,-6,2,35
1761622951.0760508,1,0,24
1761622951.1120508,0,2,22
1761622951.1490507,-1,2,29
1761622951.1870508,-1,0,23
1761622951.2230508,0,-1,26
1761622951.2620506,3,-5,42
1761622951.2990508,7,-4,38
1761622951.337051,5,4,41
1761622951.3730507,2,1,44
1761622951.4100506,-10,0,44
1761622951.4480507,0,-9,29
1761622951.4860508,-1,1,28
1761622951.5220506,2,-5,19
1761622951.5590508,-7,-1,17
1761622951.5980508,-9,-2,28
1761622951.6360507,-5,-3,26
1761622951.6720507,-2,3,34
1761622951.709051,3,-4,29
1761622951.7470508,1,-7,38
1761622951.7830508,2,-9,34
1761622951.8200507,6,0,46
1761622951.8580508,-3,6,37
1761622951.8940508,-3,3,39
1761622951.9310508,0,-2,43
1761622951.9680507,-1,-2,43
1761622952.0070508,0,-2,35
1761622952.0440507,3,2,21
1761622952.0820508,5,0,39
1761622952.1190507,2,-5,38
1761622952.1580508,6,-3,43
1761622952.1940508,0,-3,39
1761622952.2310507,-1,2,42
1761622952.268051,4,3,38
1761622952.3040507,10,-4,35
1761622952.3410506,-1,-12,31
1761622952.3790507,-3,-3,28
1761622952.4180508,-5,0,32
1761622952.4540508,-1,-3,41
1761622952.4920506,-2,-2,30
1761622952.5300508,0,-7,30
1761622952.5680506,2,0,35
1761622952.6040506,0,1,31
1761622952.6410508,-4,-2,39
1761622952.6790507,0,3,35
1761622952.7170508,0,-4,29
1761622952.7530508,0,-5,33
1761622952.7900507,1,-5,33
1761622952.8280506,-2,-5,28
1761622952.8640506,0,-6,35
1761622952.9010508,0,-5,25
1761622952.939051,-1,-6,27
1761622952.9770508,0,-2,37
1761622953.0130508,-1,-1,34
1761622953.0520508,-2,0,35
1761622953.0890508,2,0,30
1761622953.1280508,-1,-6,24
1761622953.1640508,2,-7,35
1761622953.2010508,5,-3,27
1761622953.2390506,2,4,26
1761622953.2770507,0,0,23
1761622953.3130507,-4,0,29
1761622953.3510506,2,-5,30
1761622953.3890507,0,2,28
1761622953.4270508,4,-2,26
1761622953.4630508,1,-1,26
1761622953.5020506,2,0,29
1761622953.5390508,1,-3,32
1761622953.5780506,-1,-10,33
1761622953.6140506,-5,-5,25
1761622953.6510508,0,-1,27
1761622953.689051,0,-6,36
1761622953.7270508,1,-6,24
1761622953.7630508,-2,-1,30
1761622953.801051,1,-4,37
1761622953.8390508,1,-8,30
1761622953.8750508,0,-4,38
1761622953.9120507,4,-4,25
1761622953.9500508,7,-2,32
1761622953.9880507,2,-5,35
1761622954.0240507,-2,-2,24
1761622954.0620508,1,-2,32
1761622954.0990508,2,-3,24
1761622954.1350508,0,0,30
1761622954.1720507,2,0,27
1761622954.209051,-3,-4,31
1761622954.2480507,-10,2,33
1761622954.2840507,2,4,36
1761622954.3210506,-2,-4,41
1761622954.3590508,0,-6,36
1761622954.3950508,5,-11,35
1761622954.4320507,6,-2,40
1761622954.4690506,2,-1,41
1761622954.505051,4,0,45
1761622954.5430508,2,-6,43
1761622954.5810506,-2,1,35
1761622954.6190507,0,-3,33
1761622954.6550508,-3,-8,35
1761622954.6930506,1,-1,39
1761622954.7300508,0,0,28
1761622954.768051,0,1,25
1761622954.8040507,-13,-4,27
1761622954.8410506,-6,5,24
1761622954.8790507,-2,0,27
1761622954.9150507,3,-9,35
1761622954.9520507,0,-4,30
1761622954.9900508,3,1,25
1761622955.028051,-2,4,24
1761622955.0650508,0,2,29
1761622955.1020508,0,0,35
1761622955.1400506,-3,0,33
1761622955.1780508,-4,-3,31
1761622955.2140508,-4,-3,37
1761622955.2520506,-5,-3,31
1761622955.2900507,-5,3,17
1761622955.3290508,-7,4,28
1761622955.3650508,5,7,29
1761622955.4020507,2,1,35
1761622955.4400508,-3,0,35
1761622955.4780507,-6,0,40
1761622955.5140507,4,-6,39
1761622955.5520508,-2,-3,31
1761622955.5900507,-14,-2,38
1761622955.6280508,-7,-5,30
1761622955.6640508,-4,-1,42
1761622955.7010508,-4,0,26
1761622955.7400508,-1,0,19
1761622955.778051,-2,4,27
1761622955.814051,-1,-1,33
1761622955.8510506,0,-2,39
1761622955.8890507,5,-1,34
1761622955.9250507,1,-8,34
1761622955.962051,-6,0,29
1761622956.0010507,-6,-2,27
1761622956.0390508,-7,-1,37
1761622956.0750508,-5,0,42
1761622956.1130507,0,-4,37
1761622956.1510508,2,2,37
1761622956.189051,4,0,27
1761622956.2250507,0,3,32
1761622956.2630508,-8,8,27
1761622956.3000507,-2,0,26
1761622956.3390508,4,0,29
1761622956.3750508,0,0,34
1761622956.4120507,4,-1,25
1761622956.4510508,4,-2,28
1761622956.4890506,1,-5,26
1761622956.5250506,-2,0,31
1761622956.5620508,-4,0,25
1761622956.6000507,-2,2,29
1761622956.6390507,-4,1,36
1761622956.6750507,-5,4,19
1761622956.7130508,0,-5,19
1761622956.7510507,-3,-2,24
1761622956.7890508,-3,4,20
1761622956.8260508,3,6,21
1761622956.8630507,3,3,22
1761622956.9010508,-1,-1,30
1761622956.939051,0,2,35
1761622956.9750507,3,4,28
1761622957.0120506,-1,1,24
1761622957.051051,4,1,24
1761622957.0890508,-4,-5,30
1761622957.1250508,4,0,40
1761622957.1710508,0,-4,35
1761622957.209051,5,0,45
1761622957.245051,2,1,40
1761622957.2820508,5,2,36
1761622957.3200507,5,0,27
1761622957.3560507,10,-5,29
1761622957.393051,2,0,44
1761622957.4310508,4,2,40
1761622957.4690506,7,3,33
1761622957.505051,-3,0,30
1761622957.5420508,0,-2,32
1761622957.5800507,1,3,28
1761622957.6160507,4,1,28
1761622957.653051,2,-3,19
1761622957.6910508,0,-2,18
1761622957.7290506,-2,-1,30
1761622957.7650506,3,-2,26
1761622957.8020508,-1,-2,38
1761622957.8410506,0,4,40
1761622957.8790507,1,-3,35
1761622957.9150507,-7,-2,40
1761622957.9520507,2,-6,40
1761622957.9900508,4,-5,34
1761622958.0260508,5,2,30
1761622958.064051,-1,-3,30
1761622958.1010506,-1,-8,44
1761622958.1400506,0,-6,37
1761622958.176051,-4,1,44
1761622958.2140508,-1,-4,47
1761622958.2510507,-2,-7,36
1761622958.2900507,1,-5,31
1761622958.3260508,-2,1,28
1761622958.3630507,3,1,29
1761622958.4010508,-4,1,26
1761622958.4370508,-7,0,28
1761622958.4750507,-7,5,22
1761622958.5120506,-3,0,27
1761622958.5500507,0,1,33
1761622958.5860507,4,0,24
1761622958.6230507,2,-1,25
1761622958.6610508,3,0,36
1761622958.6970508,0,3,36
1761622958.7340508,-7,5,28
1761622958.7720506,-5,1,19
1761622958.811051,-5,-2,28
1761622958.847051,4,-8,33
1761622958.8840508,7,-1,34
1761622958.9210508,4,-3,39
1761622958.9600508,1,-2,36
1761622958.9960508,1,0,34
1761622959.0330508,4,2,38
1761622959.0710506,0,-3,31
1761622959.107051,1,0,30
1761622959.1440508,0,2,35
1761622959.1820507,-6,-7,28
1761622959.2210507,4,-1,24
1761622959.2570508,0,2,27
1761622959.2940507,-3,2,34
1761622959.3320508,-6,0,46
1761622959.370051,-4,0,40
1761622959.4060507,2,-7,25
1761622959.4430506,-3,0,20
1761622959.4810507,-3,0,25
1761622959.5170507,0,1,29
1761622959.5540507,-4,-5,34
1761622959.5920508,-6,-5,28
1761622959.6310508,-4,-5,29
1761622959.6670508,-3,-2,27
1761622959.7040508,-5,1,31
1761622959.7420506,-1,4,14
1761622959.7800508,4,3,29
1761622959.8160508,3,0,27
1761622959.8530507,2,0,33
1761622959.8920507,0,-1,23
1761622959.9300506,1,0,29
1761622959.9660506,7,4,28
1761622960.0030508,-1,3,33
1761622960.0420508,3,2,21
1761622960.0800507,3,-6,33
1761622960.1160507,1,0,30
1761622960.153051,0,-2,32
1761622960.1920507,-3,2,32
1761622960.2300508,0,-3,43
1761622960.2660508,2,0,41
1761622960.3030508,8,3,31
1761622960.3420508,-4,3,36
1761622960.3780508,1,0,30
1761622960.4150507,-4,0,35
1761622960.4520507,0,7,22
1761622960.4880507,0,-2,32
1761622960.5260508,0,-2,36
1761622960.5630507,1,2,32
1761622960.6010506,4,-1,35
1761622960.6370506,1,-4,43
1761622960.6740508,2,-5,29
1761622960.712051,0,0,23
1761622960.7480507,4,-4,22
1761622960.7860508,0,-4,33
1761622960.824051,0,-1,28
1761622960.8620508,1,-2,24
1761622960.8990507,-1,-6,31
1761622960.936051,-8,2,38
1761622960.9740508,0,-2,44
1761622961.0120506,-9,-7,24
1761622961.0480506,-6,-4,21
1761622961.0850508,0,-4,25
1761622961.1220508,-5,-2,24
1761622961.1610508,-1,-2,32
1761622961.1970508,0,-1,22
1761622961.2340508,-3,0,27
1761622961.2720506,0,5,33
1761622961.3080506,4,3,42
1761622961.3450508,0,0,40
1761622961.383051,1,0,40
1761622961.4210508,0,2,43
1761622961.4570508,1,0,37
1761622961.495051,0,-3,33
1761622961.5330508,4,2,40
1761622961.5710506,0,-3,25
1761622961.607051,-7,-3,30
1761622961.6450508,-5,0,22
1761622961.6830506,3,-2,29
1761622961.7210507,4,-9,33
1761622961.7570508,-5,-6,37
1761622961.7950506,6,1,30
1761622961.8330507,-1,-2,27
1761622961.8710508,-5,1,24
1761622961.9070508,-2,8,14
1761622961.9460506,-5,4,24
1761622961.9830508,-5,0,21
1761622962.0210507,2,-3,26
1761622962.0570507,1,0,30
1761622962.0940506,6,0,29
1761622962.133051,2,4,29
1761622962.1710508,-5,2,31
1761622962.2070508,-5,7,33
1761622962.245051,-2,1,34
1761622962.2830508,0,-1,28
1761622962.3210506,0,2,32
1761622962.357051,-3,-5,29
1761622962.3960507,-2,-7,27
1761622962.4330506,7,-1,40
1761622962.4690506,3,-1,38
1761622962.5070508,2,1,37
1761622962.5440507,-4,0,32
1761622962.5820508,-11,-2,28
1761622962.6180508,-7,-2,36
1761622962.6550508,-1,-2,25
1761622962.6930506,2,2,38
1761622962.7290506,-3,0,35
1761622962.7660508,0,4,25
1761622962.8030508,3,0,30
1761622962.8390508,-2,0,37
1761622962.8760507,2,0,26
1761622962.9140508,7,-3,29
1761622962.9520507,-7,-1,36
1761622962.9880507,-4,0,37
1761622963.0250506,-2,5,39
1761622963.0630507,-3,0,33
1761622963.0990508,-1,4,36
1761622963.1360507,-6,1,40
1761622963.1740508,-5,-4,24
1761622963.2130508,-3,-3,28
1761622963.2490506,0,-3,35
1761622963.2860508,1,-1,30
1761622963.3250508,2,3,36
1761622963.3630507,1,0,32
1761622963.3990507,0,-1,42
1761622963.436051,5,-7,32
1761622963.4750507,4,-5,24
1761622963.5130508,-4,-2,23
1761622963.5490508,1,0,30
1761622963.5860507,1,3,35
1761622963.6240506,-5,-2,43
1761622963.6620507,2,0,49
1761622963.6980507,-7,3,28
1761622963.7360508,-5,0,20
1761622963.7750506,0,-2,28
1761622963.8130507,1,2,44
1761622963.8490508,6,-4,30
1761622963.8860507,-6,-1,27
1761622963.9250507,1,0,28
1761622963.9630508,-3,-4,30
1761622963.9990506,2,-2,35
1761622964.0360508,0,-10,32
1761622964.074051,-7,-6,48
1761622964.1130507,-8,0,24
1761622964.1490507,0,0,24
1761622964.186051,1,1,31
1761622964.2240508,-2,-4,31
1761622964.2620506,-7,-6,25
1761622964.2980506,-3,-6,40
1761622964.3360507,0,6,45
1761622964.3740506,-1,-2,44
1761622964.4120507,-3,-2,41
1761622964.4480507,1,-2,37
1761622964.4860508,0,4,34
1761622964.5240507,0,2,34
1761622964.5620508,0,1,17
1761622964.5980508,2,2,27
1761622964.6350508,0,-5,33
1761622964.6730506,4,0,31
1761622964.709051,-1,-3,39
1761622964.7460508,-1,-5,45
1761622964.7840507,2,4,38
1761622964.8200507,-3,0,23
1761622964.857051,7,-1,37
1761622964.8940508,5,-10,24
1761622964.9330506,2,-4,40
1761622964.9690506,7,1,41
1761622965.0070508,11,2,34
1761622965.0440507,-3,-2,30
1761622965.0830507,-10,-1,26
1761622965.1190507,-3,-1,28
1761622965.1570508,-9,-2,27
1761622965.1950507,-3,-1,28
1761622965.2340508,0,-5,30
1761622965.2700508,0,1,36
1761622965.3070507,-1,0,24
1761622965.3440506,0,-5,31
1761622965.380051,-2,-16,32
1761622965.4170508,-3,-4,34
1761622965.4550507,-5,-2,31
1761622965.4940507,1,6,37
1761622965.5300508,2,2,36
1761622965.5670507,-2,0,25
1761622965.6050508,0,3,35
1761622965.643051,0,4,21
1761622965.6790507,2,3,16
1761622965.7160506,-2,2,19
1761622965.7540507,-5,-5,30
1761622965.7900507,3,-1,27
1761622965.8280506,5,0,34
1761622965.8660507,5,4,24
1761622965.9040508,3,-1,27
1761622965.9400508,-4,-2,38
1761622965.9780507,-1,-6,34
1761622966.0160508,-11,1,35
1761622966.0540507,6,-2,28
1761622966.0900507,-3,9,35
1761622966.1290507,4,0,34
1761622966.166051,1,-8,37
1761622966.2050507,-3,3,22
1761622966.2430508,-1,4,30
1761622966.2790508,1,0,46
1761622966.3160508,3,-5,29
1761622966.3540506,-6,0,32
1761622966.3900506,-4,2,39
1761622966.4270508,-2,4,37
1761622966.4650507,-3,2,33
1761622966.5030508,0,-3,29
1761622966.5390508,-5,-4,32
1761622966.5760508,-6,1,22
1761622966.6140506,3,9,19
1761622966.6500506,4,6,25
1761622966.6870508,-4,-1,20
1761622966.7250507,-3,2,24
1761622966.7610507,-3,0,29
1761622966.7980506,0,-2,24
1761622966.8350508,0,-4,37
1761622966.8710508,-1,0,46
1761622966.9090507,-2,-1,39
1761622966.9460506,-3,-6,33
1761622966.985051,-5,-6,47
1761622967.0210507,1,0,36
1761622967.0590508,2,2,19
1761622967.0960507,0,-3,28
1761622967.1340508,-6,-7,32
1761622967.1790507,-4,-3,23
1761622967.2170508,-8,-6,29
1761622967.255051,0,2,29
1761622967.291051,-8,-4,34
1761622967.3280506,-5,0,30
1761622967.3650508,-5,-3,28
1761622967.4040508,-1,-1,33
1761622967.4400508,0,2,44
1761622967.4780507,-1,-1,27
1761622967.5150506,-1,0,23
1761622967.551051,5,2,22
1761622967.5880508,-1,-4,25
1761622967.6260507,0,-5,34
1761622967.6640508,-4,-3,32
1761622967.7000508,-1,-2,33
1761622967.7380507,-8,-4,36
1761622967.7760508,-6,0,26
1761622967.814051,-6,3,26
1761622967.8500507,0,0,25
1761622967.8870506,-9,-8,34
1761622967.926051,-5,-5,27
1761622967.9640508,-11,4,31
1761622968.0000508,-5,-2,27
1761622968.0370507,1,1,25
1761622968.0750508,0,-2,33
1761622968.1110508,6,1,29
1761622968.1480508,3,0,41
1761622968.186051,-5,0,34
1761622968.2240508,-2,0,32
1761622968.2600508,4,2,29
1761622968.2970507,3,-1,25
1761622968.3350508,-1,-6,32
1761622968.3720508,-2,-1,42
1761622968.4090507,-3,-2,39
1761622968.4470508,-3,1,37
1761622968.485051,-5,0,34
1761622968.5210507,2,-7,26
1761622968.5590508,2,2,33
1761622968.5960507,1,-2,30
1761622968.6340508,4,-7,38
1761622968.6700506,7,-9,36
1761622968.7070508,4,-4,30
1761622968.745051,2,3,23
1761622968.7810507,1,-3,38
1761622968.8180506,4,0,32
1761622968.8560507,-2,-3,33
1761622968.8920507,-6,-1,34
1761622968.9290507,0,0,27
1761622968.9670508,7,-1,38
1761622969.005051,-4,-6,40
1761622969.041051,-5,-7,26
1761622969.0790508,-4,-1,28
1761622969.1170506,-9,1,30
1761622969.1550508,-2,0,22
1761622969.1910508,-3,0,38
1761622969.2280507,0,-3,30
1761622969.2660508,0,-6,24
1761622969.3020508,0,-3,28
1761622969.3390508,0,-2,32
1761622969.3760507,-2,2,28
1761622969.4120507,0,0,32
1761622969.4500508,0,0,21
1761622969.4870508,5,0,37
1761622969.5250506,-1,0,43
1761622969.561051,-1,1,35
1761622969.5990508,-10,-4,31
1761622969.6370506,-1,7,27
1761622969.676051,-7,-2,31
1761622969.712051,-5,-1,32
1761622969.7490506,-2,-3,37
1761622969.7870507,0,-9,29
1761622969.8260508,-3,-8,28
1761622969.8630507,0,-6,19
1761622969.9000506,1,1,22
1761622969.9370508,5,1,29
1761622969.9750507,6,-3,34
1761622970.0110507,-6,-4,29
1761622970.0500507,-8,-4,21
1761622970.087051,-2,-2,34
1761622970.1260507,-1,0,38
1761622970.1620507,0,-6,32
1761622970.199051,5,-6,39
1761622970.2370508,1,0,29
1761622970.2750506,-1,1,32
1761622970.311051,-1,0,30
1761622970.3490508,1,-4,32
1761622970.3870506,2,-6,43
1761622970.426051,6,1,40
1761622970.462051,-5,3,37
1761622970.5000508,6,0,32
1761622970.5370507,3,-3,31
1761622970.5750508,6,-3,35
1761622970.6110508,-1,-1,37
1761622970.6500506,8,1,34
1761622970.6870508,0,-6,36
1761622970.7250507,3,-6,37
1761622970.7610507,-1,2,42
1761622970.7990508,-3,-6,38
1761622970.837051,-3,-3,31
1761622970.8760507,0,0,35
1761622970.9120507,3,-1,35
1761622970.9500508,-1,-3,39
1761622970.9870508,-3,-2,32
1761622971.0260508,-1,-5,29
1761622971.0620508,1,0,26
1761622971.0990508,3,0,26
1761622971.1370506,1,-2,27
1761622971.1730506,-3,-4,36
1761622971.2100508,-7,-4,29
1761622971.2480507,-1,-3,38
1761622971.2870507,0,-6,29
1761622971.3230507,6,-2,37
1761622971.360051,7,0,35
1761622971.3970506,-2,-2,33
1761622971.436051,0,-3,42
1761622971.472051,2,-2,28
1761622971.5090508,-3,-1,23
1761622971.5470507,0,-3,35
1761622971.5830507,-4,-2,29
1761622971.620051,0,3,35
1761622971.6580508,-6,-2,43
1761622971.6970508,-5,-3,47
1761622971.7330508,-7,-1,40
1761622971.7700508,-2,-5,27
1761622971.8080506,0,0,28
1761622971.8460507,-2,1,26
1761622971.8820508,-3,2,33
1761622971.9190507,1,1,26
1761622971.9570508,-3,-1,34
1761622971.9930508,-4,2,24
1761622972.0300508,0,3,29
1761622972.0680506,3,2,37
1761622972.1060507,7,0,37
1761622972.1420507,10,-1,40
1761622972.1790507,0,-2,34
1761622972.2170508,1,-5,30
1761622972.2530508,-1,1,36
1761622972.291051,-6,2,23
1761622972.3280506,-7,0,21
1761622972.3670506,-2,1,37
1761622972.403051,-4,4,43
1761622972.4410508,-6,-4,33
1761622972.4790506,0,-1,32
1761622972.518051,-5,0,28
1761622972.5560508,-4,-8,23
1761622972.5920508,-2,-6,30
1761622972.6290507,-7,-2,39
1761622972.6680508,-13,-1,28
1761622972.7060506,-12,-5,35
1761622972.7420506,-6,-6,39
1761622972.7790508,-7,0,38
1761622972.8170507,-6,3,40
1761622972.8530507,0,0,37
1761622972.8900506,-3,-4,39
1761622972.9280508,-2,-3,41
1761622972.9670508,-7,5,33
1761622973.0030508,-13,5,24
1761622973.041051,-2,-2,28
1761622973.0790508,-1,0,26
1761622973.1180508,-4,1,36
1761622973.1560507,-1,0,42
1761622973.1920507,4,-4,35
1761622973.2290506,2,-3,40
1761622973.2670507,-5,-3,39
1761622973.3030508,-3,-4,36
1761622973.3410506,1,-5,28
1761622973.3790507,-5,-2,36
1761622973.4180508,0,-6,53
1761622973.4540508,-1,3,41
1761622973.4910507,0,-2,28
1761622973.528051,-5,-1,38
1761622973.5670507,-1,0,35
1761622973.6030507,1,1,22
1761622973.6400506,1,1,26
1761622973.6780508,-6,-2,30
1761622973.7140508,-5,-2,29
1761622973.7510507,7,-5,27
1761622973.788051,-6,-2,34
1761622973.8270507,-2,1,21
1761622973.8630507,-3,-4,33
1761622973.9010508,-4,-2,27
1761622973.939051,-1,-4,26
1761622973.9780507,-4,-2,36
1761622974.0140507,0,2,37
1761622974.051051,-8,-4,37
1761622974.0890508,0,0,40
1761622974.1270506,0,-4,38
1761622974.1640508,6,-7,21
1761622974.2010508,5,-5,22
1761622974.2390506,2,-1,25
1761622974.2770507,3,1,32
1761622974.3130507,1,-2,29
1761622974.3510506,-2,-3,32
1761622974.3890507,-2,0,33
1761622974.4270508,-9,5,28
1761622974.4630508,-6,1,28
1761622974.5010507,0,3,33
1761622974.5390508,13,5,29
1761622974.5770507,-4,2,43
1761622974.6130507,1,0,34
1761622974.6500506,-3,0,34
1761622974.689051,0,1,28
1761622974.7270508,1,-7,22
1761622974.7630508,-4,0,28
1761622974.8000507,-3,7,28
1761622974.8390508,-6,5,32
1761622974.8770506,0,1,33
1761622974.913051,-3,-2,35
1761622974.9510508,4,-3,29
1761622974.9890506,-1,1,22
1761622975.0270507,-1,-2,27
1761622975.0630507,-10,5,24
1761622975.1000507,-9,-1,24
1761622975.1390507,-5,-1,33
1761622975.1770508,-5,4,31
1761622975.2130508,-3,2,36
1761622975.2500508,-7,0,37
1761622975.2890508,-10,0,27
1761622975.3270507,-1,1,40
1761622975.3630507,1,0,32
1761622975.4000506,-2,-5,35
1761622975.439051,5,-3,39
1761622975.4750507,4,1,32
1761622975.5120506,1,0,21
1761622975.5490508,-1,0,19
1761622975.5850508,-2,7,33
1761622975.6220508,6,4,38
1761622975.6600506,8,-1,22
1761622975.6980507,9,0,28
1761622975.7340508,5,2,38
1761622975.7710507,-1,5,30
1761622975.8090508,-3,-2,22
1761622975.8450508,-1,-5,30
1761622975.8820508,-2,-3,28
1761622975.9200506,-4,0,25
1761622975.959051,-7,3,30
1761622975.995051,-5,-2,48
1761622976.0330508,0,-2,36
1761622976.0710506,0,1,35
1761622976.1090508,7,-3,36
1761622976.1450508,7,4,35
1761622976.1830506,-3,-4,32
1761622976.2210507,-10,-8,29
1761622976.2600508,0,-4,39
1761622976.2980506,-7,-6,37
1761622976.334051,0,-6,38
1761622976.3710508,7,-6,27
1761622976.4090507,4,3,26
1761622976.4450507,-8,-3,23
1761622976.4830508,-2,-5,20
1761622976.5210507,6,-6,22
1761622976.5590508,6,-5,29
1761622976.5950508,5,-3,29
1761622976.6320508,-1,0,30
1761622976.6700506,0,2,35
1761622976.7080507,-4,-5,28
1761622976.7440507,-1,1,37
1761622976.7810507,-5,-1,24
1761622976.8200507,-2,-5,32
1761622976.8580508,-7,-2,31
1761622976.8940508,-1,3,31
1761622976.9310508,1,0,39
1761622976.9690506,-3,0,46
1761622977.005051,0,-9,37
1761622977.0420508,-1,-7,31
1761622977.0800507,-2,-6,28
1761622977.1190507,0,1,23
1761622977.1550508,0,1,11
1761622977.2010508,-3,0,30
1761622977.2390506,2,-3,32
1761622977.2750506,3,-7,37
1761622977.3120508,2,-1,12
1761622977.3500507,1,0,22
1761622977.3880508,6,-1,36
1761622977.4240508,-4,-9,32
1761622977.4610507,4,-4,32
1761622977.4990506,4,-3,29
1761622977.5350506,7,1,40
1761622977.5720508,6,0,29
1761622977.610051,-4,-4,31
1761622977.6460507,-2,-6,30
1761622977.6840508,-2,1,33
1761622977.7210507,3,-8,48
1761622977.7600508,-3,-11,41
1761622977.7960508,-4,-5,36
1761622977.834051,0,-1,41
1761622977.8710508,-1,-1,23
1761622977.9100506,1,4,30
1761622977.9470508,3,1,33
1761622977.9840508,-8,-2,34
1761622978.0220506,3,-3,49
1761622978.0600507,0,2,30
1761622978.0960507,-3,2,22
1761622978.1340508,0,2,33
1761622978.1710508,0,-4,33
1761622978.209051,-1,-2,28
1761622978.245051,2,-9,35
1761622978.2820508,-3,-1,40
1761622978.3200507,-1,-3,40
1761622978.3590508,0,-5,38
1761622978.3950508,2,-4,43
1761622978.4330506,7,2,37
1761622978.4700508,2,1,36
1761622978.5090508,-1,0,30
1761622978.5450506,3,1,30
1761622978.5820508,0,1,31
1761622978.620051,7,1,28
1761622978.6560507,1,0,31
1761622978.6930506,1,0,18
1761622978.7310507,5,-3,25
1761622978.7690508,6,3,34
1761622978.8050506,3,4,32
1761622978.8420508,-1,-5,39
1761622978.8810508,-6,-1,45
1761622978.9190507,-7,-4,40
1761622978.9550507,-5,-4,34
1761622978.9930508,-8,-5,28
1761622979.0310507,0,3,29
1761622979.0690508,-1,4,33
1761622979.1050508,-5,4,37
1761622979.143051,2,4,41
1761622979.1810508,-1,-1,33
1761622979.2190506,1,1,25
1761622979.255051,0,0,30
1761622979.2920508,0,-1,45
1761622979.3310506,3,-1,32
1761622979.3690507,-1,-3,33
1761622979.4050508,-1,-10,27
1761622979.4430506,1,-5,33
1761622979.4810507,0,-5,34
1761622979.5190508,2,0,33
1761622979.5550506,1,-1,42
1761622979.5930507,-2,2,30
1761622979.6310508,1,-1,36
1761622979.6690507,0,0,36
1761622979.7050507,2,1,37
1761622979.7420506,5,2,43
1761622979.7800508,0,-2,35
1761622979.8160508,-2,3,32
1761622979.8530507,-4,-6,37
1761622979.8910508,0,-1,24
1761622979.9300506,1,-8,26
1761622979.9660506,-4,-9,34
1761622980.0030508,-1,-3,37
1761622980.041051,-7,3,28
1761622980.0770507,-4,4,18
1761622980.1140506,-4,-2,30
1761622980.1520507,-1,-5,32
1761622980.1910508,3,-4,23
1761622980.2270508,3,-3,42
1761622980.2640507,2,0,34
1761622980.301051,6,0,40
1761622980.337051,-1,1,28
1761622980.3750508,-6,-3,35
1761622980.4140508,-1,-4,29
1761622980.4510508,3,-7,32
1761622980.4870508,0,-4,37
1761622980.5250506,2,0,20
1761622980.5620508,1,3,20
1761622980.6000507,3,0,23
1761622980.6360507,0,2,32
1761622980.6730506,5,-3,31
1761622980.7110507,0,6,35
1761622980.7470508,-3,7,32
1761622980.7840507,-4,-2,38
1761622980.8220508,-1,0,46
1761622980.8610508,-2,2,48
1761622980.8970506,-7,0,44
1761622980.9340508,-12,5,36
1761622980.972051,-5,3,37
1761622981.0110507,0,-2,20
1761622981.0470507,-4,-11,30
1761622981.084051,3,-1,29
1761622981.1220508,0,-2,34
1761622981.1600506,6,4,41
1761622981.1960506,3,1,35
1761622981.2330508,5,-4,33
1761622981.2720506,0,-7,19
1761622981.3100507,-10,1,26
1761622981.347051,-2,2,18
1761622981.3840508,0,0,35
1761622981.4220507,6,0,28
1761622981.4600508,-1,-3,38
1761622981.4960508,-1,-1,38
1761622981.5340507,-3,0,35
1761622981.5720508,-6,-3,35
1761622981.6110508,-5,-1,20
1761622981.6470506,-2,-5,35
1761622981.6840508,-1,2,37
1761622981.722051,-2,2,33
1761622981.7600508,-4,-2,27
1761622981.7960508,-2,-2,22
1761622981.834051,3,-3,36
1761622981.8720508,-3,-4,33
1761622981.9100506,0,-5,38
1761622981.9460506,0,3,25
1761622981.9830508,0,-7,28
1761622982.0220506,-2,-4,32
1761622982.0580506,-3,-2,26
1761622982.0950508,0,-3,26
1761622982.1320508,-10,0,43
1761622982.1680508,-12,0,29
1761622982.2060506,2,-1,43
1761622982.2430508,0,0,38
1761622982.2810507,4,1,45
1761622982.3170507,4,-3,35
1761622982.3540506,-6,-4,26
1761622982.393051,0,0,34
1761622982.4310508,-5,-3,26
1761622982.4670508,1,-5,29
1761622982.5040507,2,-3,34
1761622982.5420508,-4,-3,34
1761622982.5810506,1,-4,44
1761622982.6170506,-1,2,42
1761622982.6540508,-4,0,42
1761622982.6920507,0,-7,56
1761622982.7280507,-3,-3,38
1761622982.7650506,0,-2,22
1761622982.8030508,-4,-7,30
1761622982.8420508,4,-2,28
1761622982.8780508,2,-1,36
1761622982.916051,-5,-2,37
1761622982.9540508,-5,0,28
1761622982.9920506,-6,1,29
1761622983.028051,1,-6,34
1761622983.0650508,3,-2,36
1761622983.1030507,-9,0,35
1761622983.1410508,0,1,31
1761622983.1770508,0,1,28
1761622983.2140508,1,2,30
1761622983.2520506,-4,-8,34
1761622983.288051,1,0,30
1761622983.3260508,-2,0,39
1761622983.3630507,-7,4,36
1761622983.4020507,-6,4,28
1761622983.4380507,-1,-1,29
1761622983.4760506,2,-5,33
1761622983.5130508,2,-3,30
1761622983.5520508,0,1,39
1761622983.5880508,-2,-2,34
1761622983.6260507,6,1,30
1761622983.663051,-2,-2,36
1761622983.7020507,3,1,31
1761622983.7390506,4,6,39
1761622983.7760508,2,2,23
1761622983.8130507,-2,7,32
1761622983.8510506,0,-5,28
1761622983.8870506,-2,1,29
1761622983.9240508,-3,1,31
1761622983.962051,-4,0,34
1761622983.9980507,1,0,33
1761622984.0350506,0,-2,32
1761622984.0730507,2,-1,35
1761622984.1090508,3,-10,34
1761622984.1460507,13,0,17
1761622984.1830506,1,4,26
1761622984.2190506,-6,3,28
1761622984.2560508,0,-1,24
1761622984.2930508,-2,1,20
1761622984.3320508,-1,-1,34
1761622984.3680508,-6,1,46
1761622984.4050508,-4,0,40
1761622984.4430506,5,-6,40
1761622984.4800508,-7,-5,38
1761622984.5170507,-3,-3,30
1761622984.5550506,-1,-2,22
1761622984.5930507,0,-9,25
1761622984.6320508,6,-3,21
1761622984.6680508,2,1,27
1761622984.7050507,0,-2,27
1761622984.7430508,-4,3,37
1761622984.7800508,0,2,26
1761622984.8170507,-4,5,22
1761622984.8550508,-3,-2,26
1761622984.893051,-6,-1,32
1761622984.9290507,0,-6,19
1761622984.9670508,0,0,21
1761622985.0040507,-1,0,40
1761622985.0430508,6,-2,35
1761622985.0790508,5,0,30
1761622985.1160507,1,-5,29
1761622985.1540508,-1,5,38
1761622985.1930506,0,13,34
1761622985.2290506,0,10,42
1761622985.2660508,-2,0,27
1761622985.3040507,-7,3,27
1761622985.3420508,-7,-2,25
1761622985.3780508,-3,0,32
1761622985.4150507,-3,-4,39
1761622985.4540508,-3,-5,34
1761622985.4920506,0,0,26
1761622985.528051,0,0,34
1761622985.5650508,-4,1,31
1761622985.6030507,1,2,28
1761622985.6390507,6,-4,34
1761622985.676051,0,-11,27
1761622985.7140508,-4,1,34
1761622985.7520506,-6,6,25
1761622985.788051,-5,0,33
1761622985.8250508,-8,-2,31
1761622985.8640506,-8,-4,45
1761622985.9020507,-1,-4,37
1761622985.9380507,-6,2,33
1761622985.9760506,6,5,43
1761622986.0140507,3,4,43
1761622986.0520508,-2,0,30
1761622986.0880508,-4,-5,29
1761622986.1250508,-7,4,31
1761622986.163051,-6,-2,34
1761622986.199051,3,-3,31
1761622986.2360508,-3,1,38
1761622986.2740507,-1,0,28
1761622986.3100507,2,-5,25
1761622986.3480508,8,-3,31
1761622986.3850508,5,-7,34
1761622986.4240508,3,-1,30
1761622986.4600508,-3,4,28
1761622986.4970508,-10,-2,35
1761622986.5350506,-2,-1,35
1761622986.574051,-3,-1,31
1761622986.610051,0,0,44
1761622986.6480508,2,-2,33
1761622986.686051,1,-5,33
1761622986.7240508,2,-2,31
1761622986.7600508,0,-3,29
1761622986.7980506,-9,0,23
1761622986.8360507,-2,-5,34
1761622986.8750508,-2,-2,40
1761622986.913051,-6,-4,38
1761622986.949051,4,-3,37
1761622986.9860508,0,4,34
1761622987.0240507,1,0,36
1761622987.0600507,-5,-4,34
1761622987.097051,0,3,34
1761622987.1350508,-1,6,42
1761622987.1730506,-2,-1,26
1761622987.2170508,0,-5,30
1761622987.255051,0,0,34
1761622987.2930508,4,-4,32
1761622987.3290508,6,0,32
1761622987.3660507,0,-2,33
1761622987.4040508,-3,3,35
1761622987.4400508,5,9,22
1761622987.4770508,0,0,33
1761622987.5150506,0,-4,37
1761622987.5530508,0,-1,29
1761622987.5890508,3,-8,26
1761622987.6270506,-3,-4,37
1761622987.6650507,-3,0,34
1761622987.7030506,0,2,36
1761622987.7390506,-12,0,49
1761622987.7770507,5,0,30
1761622987.8150508,9,-4,28
1761622987.8530507,6,2,39
1761622987.8890507,9,-4,29
1761622987.9270508,0,-3,27
1761622987.9650507,4,2,34
1761622988.0030508,2,-4,29
1761622988.0390508,0,-2,32
1761622988.0780506,0,1,37
1761622988.1150508,4,2,18
1761622988.153051,-3,-2,33
1761622988.189051,-5,2,34
1761622988.2270508,-3,0,34
1761622988.2650506,0,-1,37
1761622988.3030508,0,-8,22
1761622988.3390508,-3,-7,25
1761622988.3770506,1,1,39
1761622988.4150507,-2,-3,37
1761622988.4510508,0,-3,36
1761622988.4890506,-3,-6,31
1761622988.5270507,-5,-6,30
1761622988.5650508,7,1,34
1761622988.6010506,1,-2,27
1761622988.6390507,1,-3,37
1761622988.676051,-2,1,43
1761622988.7140508,-3,0,39
1761622988.7500508,0,-1,28
1761622988.7870507,1,-1,26
1761622988.8250508,3,3,30
1761622988.8640506,7,4,33
1761622988.9000506,-1,1,23
1761622988.9370508,2,-1,34
1761622988.9750507,4,-3,27
1761622989.0110507,0,-1,34
1761622989.0480506,-2,2,33
1761622989.0850508,-4,-1,18
1761622989.1240506,-4,1,29
1761622989.1600506,-6,-1,22
1761622989.1980507,-2,-1,23
1761622989.2360508,-7,-6,31
1761622989.2750506,0,-7,28
1761622989.311051,1,-6,32
1761622989.3490508,0,-2,26
1761622989.3860507,0,-6,33
1761622989.4250507,2,-6,24
1761622989.4610507,-2,0,26
1761622989.4980507,0,3,28
1761622989.5360508,5,2,33
1761622989.574051,0,-1,30
1761622989.610051,3,0,42
1761622989.6480508,1,1,37
1761622989.686051,0,-5,33
1761622989.7240508,5,-4,28
1761622989.7600508,-1,-3,37
1761622989.7980506,-3,-1,30
1761622989.8360507,0,-1,29
1761622989.8750508,0,-5,39
1761622989.9110508,-1,-5,32
1761622989.9480507,0,3,39
1761622989.9860508,0,-3,42
1761622990.0240507,1,3,33
1761622990.0600507,-2,1,37
1761622990.097051,0,0,28
1761622990.1350508,-1,-2,30
1761622990.1710508,0,-2,27
1761622990.2080507,3,-2,28
1761622990.2460508,0,-5,26
1761622990.2840507,3,-3,31
1761622990.3200507,-2,-3,37
1761622990.357051,-7,-1,38
1761622990.3960507,0,1,45
1761622990.4340508,-7,-1,36
1761622990.4700508,-5,-6,36
1761622990.5070508,2,-4,29
1761622990.5450506,-8,-3,28
1761622990.5810506,-5,-2,25
1761622990.6180508,2,-1,26
1761622990.6560507,2,6,17
1761622990.6920507,5,-2,31
1761622990.7290506,0,0,23
1761622990.7660508,-4,-6,22
1761622990.8050506,-4,-1,23
1761622990.8410506,8,-3,32
1761622990.8780508,0,-4,33
1761622990.916051,-1,-1,38
1761622990.9520507,3,-6,31
1761622990.9900508,-4,-7,17
1761622991.028051,-2,-7,35
1761622991.0660508,-2,-6,22
1761622991.1050508,-8,-4,20
1761622991.1410508,-3,-2,27
1761622991.1790507,-3,-6,29
1761622991.2170508,1,-5,22
1761622991.2560508,3,-3,39
1761622991.2920508,-3,-5,42
1761622991.3290508,-10,-6,43
1761622991.3670506,-4,-4,31
1761622991.4060507,0,0,29
1761622991.4420507,-5,-3,29
1761622991.4800508,0,-6,36
1761622991.5170507,0,-1,26
1761622991.5550506,0,-3,31
1761622991.5910506,-4,-9,33
1761622991.6290507,-1,0,49
1761622991.6670508,-10,-8,36
1761622991.7050507,-4,-10,34
1761622991.7410507,-4,1,42
1761622991.7790508,4,7,34
1761622991.8170507,1,3,33
1761622991.8550508,0,-3,24
1761622991.8910508,-6,0,30
1761622991.9290507,1,-7,31
1761622991.9670508,0,-5,31
1761622992.005051,-4,0,25
1761622992.041051,3,2,26
1761622992.0780506,0,-8,22
1761622992.1160507,-9,0,21
1761622992.1520507,-1,-3,33
1761622992.189051,-3,2,26
1761622992.2270508,-2,0,24
1761622992.2650506,2,-3,27
1761622992.301051,-1,-3,35
1761622992.3390508,-6,-8,33
1761622992.3770506,-3,-7,23
1761622992.416051,-1,-3,36
1761622992.4520507,2,0,45
1761622992.4890506,3,-1,44
1761622992.5270507,2,2,29
1761622992.5650508,-5,-1,27
1761622992.6010506,4,-3,33
1761622992.6380508,-2,0,33
1761622992.6770508,-1,3,28
1761622992.7130508,-4,-2,26
1761622992.7500508,2,-1,16
1761622992.7870507,4,1,35
1761622992.8230507,-2,-2,28
1761622992.860051,0,-1,21
1761622992.8970506,1,4,22
1761622992.9330506,-5,0,26
1761622992.9700508,4,0,35
1761622993.0070508,1,0,37
1761622993.0460508,-3,3,40
1761622993.0820508,-8,4,36
1761622993.1190507,-2,0,30
1761622993.1570508,0,0,31
1761622993.1930506,-4,-9,44
1761622993.2300508,-4,1,38
1761622993.2670507,-4,-3,34
1761622993.3060508,-5,-5,18
1761622993.3420508,3,-1,17
1761622993.3790507,1,3,25
1761622993.4170508,1,-1,34
1761622993.4530506,0,-2,35
1761622993.4900508,0,0,38
1761622993.528051,0,-2,39
1761622993.5660508,-5,0,27
1761622993.6020508,-3,-1,39
1761622993.6390507,2,-4,45
1761622993.6770508,0,4,41
1761622993.7130508,1,3,28
1761622993.7500508,0,0,23
1761622993.788051,2,0,38
1761622993.8260508,6,-5,28
1761622993.8620508,4,0,41
1761622993.8990507,-5,-5,28
1761622993.9380507,-1,0,36
1761622993.9760506,0,-1,42
1761622994.0120506,-3,-2,35
1761622994.0490508,4,-2,39
1761622994.0880508,2,-1,40
1761622994.1260507,2,-4,36
1761622994.1620507,0,-3,30
1761622994.199051,0,-3,38
1761622994.2380507,-4,0,32
1761622994.2760508,4,1,30
1761622994.3120508,3,-4,23
1761622994.3490508,-8,-3,18
1761622994.3880508,-2,-3,34
1761622994.426051,-5,0,33
1761622994.462051,-4,1,25
1761622994.4990506,0,2,39
1761622994.538051,-3,6,30
1761622994.5760508,-4,2,42
1761622994.6120508,2,-2,38
1761622994.6490507,-2,-1,23
1761622994.6880507,3,0,29
1761622994.7260506,1,-2,38
1761622994.7620506,1,-3,33
1761622994.7990508,8,0,29
1761622994.837051,3,0,33
1761622994.8730507,0,-7,32
1761622994.9110508,0,0,21
1761622994.949051,5,4,29
1761622994.9870508,10,0,49
1761622995.0230508,6,-2,36
1761622995.061051,-5,0,28
1761622995.0980508,2,1,24
1761622995.1340508,2,1,34
1761622995.1710508,6,-2,42
1761622995.209051,9,1,38
1761622995.2470508,1,4,34
1761622995.2830508,9,1,29
1761622995.3200507,3,-4,15
1761622995.3580508,-5,0,19
1761622995.3950508,1,-2,28
1761622995.4320507,0,-4,31
1761622995.4700508,0,-2,32
1761622995.508051,0,-6,30
1761622995.5440507,2,-3,37
1761622995.5810506,8,-3,36
1761622995.6180508,7,-6,42
1761622995.6540508,0,-2,45
1761622995.6920507,0,0,41
1761622995.7290506,-9,-8,34
1761622995.768051,-5,-4,31
1761622995.8040507,1,-2,23
1761622995.8410506,-2,-1,21
1761622995.8790507,-3,-1,30
1761622995.9180508,-5,1,33
1761622995.9540508,0,-2,30
1761622995.9910507,4,-2,34
1761622996.0290508,3,0,30
1761622996.0670507,1,4,23
1761622996.1030507,1,-3,19
1761622996.1400506,7,-5,31
1761622996.1790507,0,-1,26
1761622996.2170508,2,-2,28
1761622996.2530508,6,0,29
1761622996.2900507,0,4,29
1761622996.3280506,0,1,35
1761622996.3640506,5,1,35
1761622996.4010508,1,0,28
1761622996.439051,4,-4,31
1761622996.4770508,0,-7,37
1761622996.5130508,-3,-6,20
1761622996.551051,-2,-11,22
1761622996.5890508,-3,-1,25
1761622996.6280508,-1,-4,24
1761622996.6640508,-5,2,21
1761622996.7010508,0,5,32
1761622996.7390506,-6,0,36
1761622996.7770507,-6,0,35
1761622996.8130507,-10,-4,31
1761622996.8500507,3,-4,32
1761622996.8890507,1,0,23
1761622996.9270508,1,-2,30
1761622996.9630508,2,0,35
1761622997.0000508,6,-3,31
1761622997.0390508,2,-6,32
1761622997.0750508,1,-7,28
1761622997.1120508,4,3,33
1761622997.1490507,2,0,44
1761622997.1850507,0,10,42
1761622997.2360508,6,-2,41
1761622997.2720506,8,-4,39
1761622997.3100507,-1,-2,37
1761622997.3490508,-3,-6,27
1761622997.3850508,1,0,35
1761622997.4220507,5,-4,35
1761622997.4600508,6,-3,31
1761622997.4980507,-3,4,32
1761622997.5340507,-3,5,33
1761622997.5710506,-8,-1,35
1761622997.6090508,-2,-6,37
1761622997.6480508,4,1,26
1761622997.6840508,3,0,30
1761622997.7210507,3,8,28
1761622997.7590508,1,7,29
1761622997.7950506,-3,1,20
1761622997.8320508,2,7,27
1761622997.8690507,-1,5,32
1761622997.9050508,-1,-1,24
1761622997.9430506,3,-8,36
1761622997.9800508,-2,-4,35
1761622998.0190508,-6,-5,35
1761622998.0550506,-4,-9,44
1761622998.0920508,-1,-5,34
1761622998.130051,4,2,20
1761622998.1680508,4,-2,31
1761622998.2040508,-1,-2,31
1761622998.2410507,4,-2,29
1761622998.2790508,0,-4,28
1761622998.3150508,-4,0,23
1761622998.3520508,0,-1,32
1761622998.3900506,-4,-1,24
1761622998.4280508,3,3,35
1761622998.4640508,1,0,30
1761622998.5010507,4,5,33
1761622998.5390508,-3,-1,35
1761622998.5750508,3,4,39
1761622998.6120508,-2,-1,29
1761622998.6500506,5,3,33
1761622998.6880507,-1,0,32
1761622998.7240508,-1,-1,35
1761622998.7620506,1,-2,39
1761622998.8000507,0,4,34
1761622998.8380508,6,-1,32
1761622998.8740506,8,-2,28
1761622998.9110508,8,-3,38
1761622998.9500508,6,-4,36
1761622998.9880507,4,0,29
1761622999.0240507,-1,0,31
1761622999.061051,4,-4,41
1761622999.0990508,0,-5,36
1761622999.1350508,1,-6,30
1761622999.1720507,1,-3,27
1761622999.2100508,-3,-8,26
1761622999.2460508,0,-3,32
1761622999.2830508,6,-1,34
1761622999.3200507,-2,2,28
1761622999.3590508,2,-1,31
1761622999.3950508,0,-5,35
1761622999.4330506,5,1,37
1761622999.4700508,0,-2,35
1761622999.5060508,-8,-2,36
1761622999.5440507,-5,2,45
1761622999.5820508,-4,1,41
1761622999.620051,0,0,37
1761622999.6560507,-2,2,36
1761622999.6930506,0,0,29
1761622999.7300508,-3,-2,39
1761622999.7690508,2,5,41
1761622999.8050506,-7,10,32
1761622999.8430507,-4,0,33
1761622999.8820508,-2,0,33
1761622999.9200506,-6,-3,24
1761622999.9560506,-6,0,27
1761622999.9930508,0,-1,36
1761623000.0300508,-1,-2,37
1761623000.0690508,-2,1,28
1761623000.1050508,0,2,35
1761623000.1440508,-6,0,29
1761623000.1810508,-2,-6,37
1761623000.2200508,1,-7,37
1761623000.2560508,0,-3,30
1761623000.2930508,2,1,28
1761623000.3310506,-2,-3,37
1761623000.370051,0,-4,23
1761623000.4060507,-6,-2,37
1761623000.4440508,2,0,31
1761623000.4810507,4,-1,28
1761623000.5200508,4,4,20
1761623000.5560508,1,-4,33
1761623000.5940506,-2,-8,33
1761623000.6310508,-1,-9,44
1761623000.6700506,-1,0,33
1761623000.7060506,-1,-2,32
1761623000.7430508,-8,-3,28
1761623000.7810507,-2,-8,24
1761623000.8200507,-5,-4,22
1761623000.8560507,-2,-8,27
1761623000.8940508,-7,-5,24
1761623000.9320507,1,-6,28
1761623000.9710507,5,-5,29
1761623001.0090508,1,-3,35
1761623001.0450506,-5,-3,33
1761623001.0820508,3,2,38
1761623001.120051,0,-7,26
1761623001.1560507,-6,-1,22
1761623001.1940508,-1,1,20
1761623001.2310507,0,-1,31
1761623001.2690508,-4,3,31
1761623001.3050506,0,5,27
1761623001.3420508,-2,-2,27
1761623001.3810508,0,-3,30
1761623001.4170508,-9,1,21
1761623001.4540508,-3,-3,25
1761623001.4920506,3,1,27
1761623001.5300508,0,8,35
1761623001.5660508,0,3,33
1761623001.6030507,-3,4,33
1761623001.6410508,0,2,35
1761623001.6770508,4,3,34
1761623001.7140508,1,0,29
1761623001.7510507,-7,-4,32
1761623001.7900507,6,-2,36
1761623001.8260508,8,-3,35
1761623001.8630507,-2,2,33
1761623001.9010508,-1,0,30
1761623001.9370508,-8,-3,27
1761623001.9740508,-7,-5,20
1761623002.0120506,4,4,24
1761623002.0500507,6,2,23
1761623002.0860507,3,0,28
1761623002.1230507,-4,-2,23
1761623002.1610508,-4,0,30
1761623002.1970508,1,-3,33
1761623002.2340508,2,-5,26
1761623002.2720506,0,-4,34
1761623002.311051,0,-6,30
1761623002.347051,0,-5,26
1761623002.3840508,0,-2,31
1761623002.4220507,2,0,25
1761623002.4600508,0,-3,31
1761623002.4960508,-1,-4,30
1761623002.5340507,-8,-1,26
1761623002.5720508,12,10,19
1761623002.610051,10,3,38
1761623002.6460507,4,5,25
1761623002.6840508,0,2,31
1761623002.722051,3,-3,35
1761623002.7600508,3,0,38
1761623002.7960508,2,-1,42
1761623002.834051,-5,-3,35
1761623002.8730507,2,-1,31
1761623002.9110508,-5,-1,30
1761623002.9470508,-6,-4,33
1761623002.9840508,0,-1,24
1761623003.0220506,-3,0,28
1761623003.0600507,1,0,29
1761623003.0960507,5,-3,32
1761623003.1340508,-3,6,23
1761623003.1720507,4,3,35
1761623003.2100508,0,2,35
1761623003.2460508,3,3,27
1761623003.2830508,-8,-2,34
1761623003.3220508,2,-1,29
1761623003.360051,0,-2,40
1761623003.3960507,-4,-4,46
1761623003.4340508,-8,-3,32
1761623003.472051,-3,3,41
1761623003.508051,-1,-9,34
1761623003.5450506,-4,-9,41
1761623003.5830507,-2,-5,26
1761623003.6220508,0,2,28
1761623003.6580508,1,0,34
1761623003.6950507,0,3,34
1761623003.732051,-2,0,29
1761623003.768051,3,-3,30
1761623003.8050506,6,3,19
1761623003.8430507,6,5,25
1761623003.8810508,1,0,27
1761623003.9170508,-3,0,30
1761623003.9540508,-2,0,27
1761623003.9920506,-1,-3,35
1761623004.028051,4,-12,41
1761623004.0650508,4,-5,37
1761623004.1030507,-2,-3,26
1761623004.1420507,0,0,31
1761623004.1780508,0,-1,27
1761623004.2150507,-2,0,36
1761623004.2530508,6,-2,37
1761623004.291051,-4,-3,40
1761623004.3270507,-6,0,44
1761623004.3640506,-1,0,27
1761623004.403051,0,-3,26
1761623004.4410508,2,-2,26
1761623004.4770508,1,1,29
1761623004.5140507,0,-8,43
1761623004.5530508,0,-11,43
1761623004.5910506,3,-2,34
1761623004.6270506,9,-5,37
1761623004.6640508,3,-4,41
1761623004.7030506,0,-8,31
1761623004.7410507,-4,-10,36
1761623004.7770507,-4,-2,37
1761623004.814051,4,0,44
1761623004.8520508,9,0,35
1761623004.8880508,1,-2,35
1761623004.9250507,-3,-3,27
1761623004.9630508,5,-2,32
1761623005.0010507,2,-1,29
1761623005.0370507,3,-7,30
1761623005.074051,1,0,37
1761623005.1120508,-2,-5,43
1761623005.1480508,0,5,27
1761623005.1850507,3,3,29
1761623005.2230508,7,-2,29
1761623005.2610507,2,-2,43
1761623005.2970507,-4,-1,42
1761623005.3350508,-9,0,34
1761623005.3730507,-10,1,25
1761623005.4110508,5,-4,37
1761623005.4470508,0,-2,40
1761623005.485051,0,-2,29
1761623005.5230508,-1,1,29
1761623005.561051,-7,0,40
1761623005.597051,0,-2,41
1761623005.6350508,3,-3,27
1761623005.6730506,2,2,20
1761623005.709051,3,-4,37
1761623005.7460508,-3,-7,53
1761623005.7840507,-1,-4,37
1761623005.8230507,-1,-1,34
1761623005.8590508,1,-3,39
1761623005.8960507,-2,2,42
1761623005.9330506,-12,-1,35
1761623005.972051,-1,-9,26
1761623006.008051,6,-8,33
1761623006.0450506,5,0,30
1761623006.0830507,0,-5,36
1761623006.1190507,-5,2,33
1761623006.1560507,1,0,33
1761623006.1930506,4,-2,35
1761623006.2290506,2,2,34
1761623006.2660508,0,2,47
1761623006.3030508,1,1,31
1761623006.3390508,3,-5,23
1761623006.3760507,-3,-6,42
1761623006.4140508,4,4,34
1761623006.4520507,0,2,34
1761623006.4880507,5,5,40
1761623006.5260508,3,0,35
1761623006.564051,6,0,24
1761623006.6020508,5,0,22
1761623006.6380508,5,1,22
1761623006.6750507,3,-4,18
1761623006.7130508,-2,2,34
1761623006.7490506,1,2,27
1761623006.7870507,0,-5,29
1761623006.824051,0,-3,21
1761623006.8620508,0,2,32
1761623006.8980508,1,-2,34
1761623006.9350507,-1,-2,21
1761623006.9740508,-4,-7,21
1761623007.0120506,0,-7,43
1761623007.0480506,-4,-5,28
1761623007.0850508,-5,-7,28
1761623007.1240506,-2,-6,29
1761623007.1620507,2,-7,32
1761623007.1980507,-6,-8,24
1761623007.2440507,-2,-2,29
1761623007.2820508,11,-1,44
1761623007.3180506,9,-3,49
1761623007.3550508,2,0,27
1761623007.393051,0,5,35
1761623007.4290507,-4,1,26
1761623007.4660506,-7,1,35
1761623007.5040507,-2,4,31
1761623007.5420508,0,-1,22
1761623007.5780506,2,-4,29
1761623007.6160507,6,5,30
1761623007.6540508,1,5,33
1761623007.6920507,-1,0,27
1761623007.7280507,0,1,32
1761623007.7660508,1,0,34
1761623007.8040507,-2,0,33
1761623007.8400507,-1,3,36
1761623007.8770506,-5,0,22
1761623007.9140508,-6,0,24
1761623007.9500508,-5,4,40
1761623007.9870508,-5,2,31
1761623008.0240507,0,-1,39
1761623008.0600507,-1,-6,39
1761623008.097051,0,-11,28
1761623008.1340508,3,-4,39
1761623008.1700506,1,3,35
1761623008.2080507,5,2,33
1761623008.245051,1,-2,29
1761623008.2840507,0,0,37
1761623008.3200507,6,1,30
1761623008.357051,2,-2,36
1761623008.3940508,6,3,26
1761623008.4300506,3,-12,30
1761623008.4670508,0,-10,22
1761623008.505051,-4,-2,36
1761623008.5440507,-11,-3,27
1761623008.5800507,-8,1,34
1761623008.6170506,-2,0,36
1761623008.6550508,-1,-1,23
1761623008.6940508,-5,8,29
1761623008.7300508,0,0,28
1761623008.7670507,-7,-4,37
1761623008.8050506,-6,-11,33
1761623008.8430507,-6,-2,40
1761623008.8790507,-7,-4,38
1761623008.916051,-4,1,43
1761623008.9540508,5,0,37
1761623008.9900508,5,0,27
1761623009.0270507,0,3,33
1761623009.0650508,0,2,23
1761623009.1030507,2,7,29
1761623009.1390507,6,1,38
1761623009.176051,1,-5,32
1761623009.2140508,2,-5,27
1761623009.2500508,0,-3,19
1761623009.2870507,2,-1,35
1761623009.3250508,4,2,37
1761623009.3640506,0,-4,30
1761623009.4000506,0,-3,23
1761623009.4370508,-8,-3,31
1761623009.4750507,-4,-4,31
1761623009.5140507,2,0,31
1761623009.5500507,0,1,38
1761623009.5880508,-3,-1,40
1761623009.6250508,0,-2,42
1761623009.663051,-3,-6,33
1761623009.7000508,1,-1,30
1761623009.7370508,0,-2,44
1761623009.7750506,-2,-7,29
1761623009.814051,1,4,16
1761623009.8500507,2,-5,26
1761623009.8870506,-3,-7,25
1761623009.9250507,-1,-6,28
1761623009.9640508,0,-6,25
1761623010.0000508,3,-3,27
1761623010.0370507,7,-1,38
1761623010.0750508,1,0,32
1761623010.1110508,0,1,41
1761623010.1490507,1,-6,32
1761623010.186051,1,-4,32
1761623010.2250507,-7,1,30
1761623010.2610507,-9,-1,29
1761623010.2990508,-4,0,33
1761623010.3360507,4,-4,31
1761623010.3750508,-3,-1,34
1761623010.4110508,1,-3,26
1761623010.449051,2,0,32
1761623010.4860508,-4,-2,40
1761623010.5250506,-6,-3,34
1761623010.561051,2,0,30
1761623010.5990508,4,-3,37
1761623010.6360507,1,1,39
1761623010.6740508,0,0,30
1761623010.7100508,-2,0,21
1761623010.7470508,0,-1,34
1761623010.7850506,0,0,39
1761623010.8210506,2,7,31
1761623010.8580508,0,-5,28
1761623010.8960507,-7,0,30
1761623010.9340508,0,-1,34
1761623010.9700508,0,0,34
1761623011.0070508,4,1,33
1761623011.0450506,6,0,29
1761623011.0810506,0,-4,38
1761623011.1180508,-4,0,37
1761623011.1560507,0,-4,25
1761623011.1940508,3,2,29
1761623011.2300508,8,2,32
1761623011.2670507,5,-3,36
1761623011.3050506,2,-2,27
1761623011.3410506,1,-4,27
1761623011.3780508,4,0,28
1761623011.416051,3,0,35
1761623011.4540508,0,-4,32
1761623011.4900508,-4,-2,45
1761623011.528051,-1,1,37
1761623011.5660508,0,-3,18
1761623011.6040506,-6,-3,32
1761623011.6410508,-8,-2,29
1761623011.6780508,5,-3,38
1761623011.7160506,1,-1,32
1761623011.7540507,-5,-7,30
1761623011.7900507,-2,-9,31
1761623011.8280506,0,-5,23
1761623011.8660507,-3,-3,30
1761623011.9050508,-2,0,19
1761623011.9410508,-5,-1,13
1761623011.9780507,2,0,25
1761623012.0160508,4,0,27
1761623012.0540507,-1,-1,37
1761623012.0900507,0,-2,31
1761623012.1270506,-1,5,41
1761623012.1650507,7,2,29
1761623012.2010508,0,-1,29
1761623012.2390506,3,-5,39
1761623012.2760508,1,0,35
1761623012.3120508,6,-1,24
1761623012.3490508,-3,0,30
1761623012.3870506,1,1,23
1761623012.4250507,0,4,35
1761623012.4610507,1,-1,29
1761623012.4980507,-1,-3,34
1761623012.5360508,-1,-7,35
1761623012.5750508,0,-1,44
1761623012.6110508,1,2,41
1761623012.6480508,5,2,34
1761623012.686051,1,1,29
1761623012.722051,-8,-2,36
1761623012.7590508,-3,-2,21
1761623012.7970507,-5,0,18
1761623012.8360507,-1,0,32
1761623012.8720508,-6,-4,34
1761623012.9100506,-1,-6,35
1761623012.9480507,3,0,43
1761623012.9860508,5,5,28
1761623013.0220506,-1,0,32
1761623013.0590508,0,-2,39
1761623013.0980508,0,0,27
1761623013.1360507,-1,1,20
1761623013.1720507,-1,-1,26
1761623013.2100508,-2,-5,35
1761623013.2480507,0,-7,28
1761623013.2860508,0,-3,43
1761623013.3220508,-2,-3,43
1761623013.3590508,-7,-1,50
1761623013.3980508,6,1,44
1761623013.436051,3,-2,27
1761623013.472051,9,1,33
1761623013.5090508,1,-6,25
1761623013.5470507,5,-2,29
1761623013.5850508,4,-6,34
1761623013.6210508,5,-2,35
1761623013.6590507,-1,-3,41
1761623013.6970508,-2,-1,41
1761623013.735051,0,-2,40
1761623013.7710507,-4,2,46
1761623013.8080506,5,4,32
1761623013.8460507,-7,2,35
1761623013.8820508,-1,8,37
1761623013.9190507,-4,1,28
1761623013.9570508,1,-9,27
1761623013.995051,-4,5,27
1761623014.0310507,3,1,28
1761623014.0680506,0,3,27
1761623014.1060507,-4,2,25
1761623014.1420507,-10,5,23
1761623014.1790507,0,0,36
1761623014.2170508,0,0,41
1761623014.255051,-3,-1,32
1761623014.291051,-2,-1,40
1761623014.3290508,-3,-10,29
1761623014.3670506,0,-1,30
1761623014.403051,-5,-1,20
1761623014.4410508,0,-2,34
1761623014.4780507,2,-7,37
1761623014.5160508,0,6,41
1761623014.5520508,3,2,35
1761623014.5900507,-7,0,34
1761623014.6270506,2,1,23
1761623014.663051,1,2,18
1761623014.7000508,0,-1,35
1761623014.7370508,0,-1,30
1761623014.7760508,-2,3,32
1761623014.8120508,0,3,32
1761623014.8490508,1,-2,30
1761623014.8870506,-5,-4,27
1761623014.9230506,-3,0,25
1761623014.9600508,0,3,37
1761623014.9970508,6,5,37
1761623015.0330508,10,-1,38
1761623015.0700507,14,0,28
1761623015.107051,7,7,27
1761623015.143051,0,0,35
1761623015.1800506,8,0,42
1761623015.2170508,3,3,32
1761623015.2530508,6,-2,35
1761623015.2900507,0,-4,33
1761623015.3280506,1,-4,37
1761623015.3660507,0,0,36
1761623015.4020507,0,-4,36
1761623015.439051,-2,-6,41
1761623015.4780507,0,-8,41
1761623015.5160508,0,0,31
1761623015.5520508,2,-7,25
1761623015.5900507,0,-4,30
1761623015.6280508,1,0,22
1761623015.666051,5,6,35
1761623015.7020507,1,-2,36
1761623015.7390506,5,0,28
1761623015.7770507,0,-1,33
1761623015.8130507,-3,0,34
1761623015.8510506,-7,-9,43
1761623015.8890507,-3,-11,30
1761623015.9280508,-5,-3,36
1761623015.9660506,-2,-2,40
1761623016.0020506,-4,-2,33
1761623016.0390508,5,-1,41
1761623016.0770507,8,2,43
1761623016.1130507,4,3,32
1761623016.1500506,3,-4,28
1761623016.1880507,4,-6,38
1761623016.2260506,-3,0,36
1761623016.2620506,-6,-3,26
1761623016.2990508,2,0,47
1761623016.337051,1,0,33
1761623016.3730507,-10,-1,31
1761623016.4110508,-2,4,30
1761623016.4480507,-3,-2,38
1761623016.4870508,-5,0,30
1761623016.5230508,-5,2,29
1761623016.561051,3,0,25
1761623016.5980508,3,1,29
1761623016.6340508,-2,0,25
1761623016.6710508,1,-3,31
1761623016.7080507,5,2,34
1761623016.7440507,0,0,29
1761623016.7810507,2,2,43
1761623016.8180506,-4,0,44
1761623016.857051,0,-3,32
1761623016.893051,0,-1,27
1761623016.9300506,1,0,21
1761623016.9680507,0,-6,24
1761623017.0070508,2,-2,37
1761623017.0430508,-2,-7,25
1761623017.0800507,-4,0,36
1761623017.1180508,-2,0,34
1761623017.1540508,-2,-2,37
1761623017.1910508,0,-5,28
1761623017.2280507,3,-7,35
1761623017.2720506,0,-10,32
1761623017.311051,5,-2,25
1761623017.3480508,0,-9,25
1761623017.3840508,0,-5,31
1761623017.4210508,5,0,26
1761623017.459051,6,0,29
1761623017.4970508,6,0,33
1761623017.5330508,2,4,36
1761623017.5700507,7,-4,31
1761623017.6080508,1,-4,16
1761623017.6440508,0,1,22
1761623017.6810508,0,-1,25
1761623017.7190506,2,6,37
1761623017.7570508,0,0,35
1761623017.7930508,-5,-4,26
1761623017.8320508,-1,-7,25
1761623017.8690507,-3,-3,24
1761623017.9080508,2,3,19
1761623017.9440508,-2,0,26
1761623017.9810507,0,-5,29
1761623018.0190508,5,-6,43
1761623018.0570507,3,3,41
1761623018.0930507,-2,7,32
1761623018.1310508,4,0,38
1761623018.1690507,3,2,28
1761623018.2070508,1,-1,36
1761623018.2430508,2,0,32
1761623018.2800508,6,1,31
1761623018.3180506,7,-2,43
1761623018.3540506,1,-6,40
1761623018.3910508,-3,-7,36
1761623018.4290507,0,-2,31
1761623018.4670508,-2,0,31
1761623018.5030508,-6,0,31
1761623018.5400507,0,0,37
1761623018.5780506,0,-2,36
1761623018.6140506,-1,-2,35
1761623018.6510508,1,-5,39
1761623018.689051,-1,-1,33
1761623018.7250507,0,0,35
1761623018.7620506,4,0,35
1761623018.7990508,-3,0,35
1761623018.8350508,-1,3,34
1761623018.8720508,-5,-3,27
1761623018.9100506,5,-5,18
1761623018.9480507,-3,-5,33
1761623018.9840508,-4,-2,38
1761623019.0210507,-4,-6,34
1761623019.0590508,-5,-2,37
1761623019.0980508,2,-4,37
1761623019.1340508,-1,-1,33
1761623019.1710508,1,-2,37
1761623019.209051,-3,0,34
1761623019.245051,1,-10,28
1761623019.2820508,-2,3,29
1761623019.3190508,0,-1,25
1761623019.3550508,-2,3,33
1761623019.393051,-6,4,34
1761623019.4300506,-1,2,30
1761623019.4680507,-5,-6,24
1761623019.5040507,1,5,24
1761623019.5420508,3,3,25
1761623019.5790508,0,0,32
1761623019.6150508,0,6,29
1761623019.653051,2,-4,20
1761623019.6900508,1,-1,31
1761623019.7290506,-4,-2,55
1761623019.7650506,-3,0,46
1761623019.8030508,-1,-7,34
1761623019.8410506,-1,1,31
1761623019.880051,-4,6,23
1761623019.9180508,0,3,27
1761623019.9540508,3,3,32
1761623019.9910507,-4,5,37
1761623020.0300508,1,-2,26
1761623020.0680506,6,-3,19
1761623020.1040506,5,0,21
1761623020.1410508,-1,-1,34
1761623020.1800506,0,-1,30
1761623020.2180507,5,-2,33
1761623020.2540507,5,-2,32
1761623020.291051,2,0,39
1761623020.3290508,1,6,29
1761623020.3650508,-1,4,34
1761623020.403051,-1,3,34
1761623020.4410508,5,0,37
1761623020.4790506,2,-2,31
1761623020.5150506,3,2,29
1761623020.5520508,-7,0,21
1761623020.5900507,-6,-3,29
1761623020.6290507,-3,1,31
1761623020.6650507,1,5,30
1761623020.7020507,1,5,29
1761623020.7400508,-8,1,26
1761623020.778051,-11,1,33
1761623020.814051,-11,-1,33
1761623020.8510506,-3,0,31
1761623020.8900506,4,0,36
1761623020.926051,-1,-3,38
1761623020.9630508,-2,-1,42
1761623021.0010507,-2,-1,28
1761623021.0400507,-2,0,34
1761623021.0760508,-1,-1,28
1761623021.1130507,-4,0,41
1761623021.1500506,1,-10,39
1761623021.186051,-3,-5,42
1761623021.2230508,-4,-4,26
1761623021.2610507,-4,0,28
1761623021.3000507,2,-5,24
1761623021.3360507,8,0,21
1761623021.3730507,1,-10,29
1761623021.4100506,0,-6,27
1761623021.4460506,1,-4,36
1761623021.4830508,-5,-3,36
1761623021.5210507,-2,-8,31
1761623021.5600507,2,-5,37
1761623021.5960507,-1,-3,41
1761623021.633051,-3,-4,36
1761623021.6710508,2,-2,26
1761623021.7100508,1,-7,34
1761623021.7460508,-3,2,32
1761623021.7830508,0,4,34
1761623021.8210506,-1,4,30
1761623021.8590508,-1,1,33
1761623021.8950508,-6,-2,33
1761623021.9320507,-1,10,20
1761623021.9700508,0,5,19
1761623022.0060508,-4,1,31
1761623022.0430508,-9,-2,28
1761623022.0810506,0,-1,42
1761623022.120051,-8,-2,17
1761623022.1560507,-8,-8,25
1761623022.1930506,2,-5,32
1761623022.2310507,-7,5,35
1761623022.2690508,-4,-3,32
1761623022.3050506,0,-7,23
1761623022.3420508,2,-4,25
1761623022.380051,1,-2,27
1761623022.416051,-1,-3,31
1761623022.4540508,0,1,24
1761623022.4910507,-4,0,30
1761623022.5300508,3,-4,27
1761623022.5660508,9,-6,20
1761623022.6040506,8,-8,31
1761623022.6420507,-2,-1,26
1761623022.6810508,-1,-1,26
1761623022.7190506,3,0,30
1761623022.755051,0,2,29
1761623022.7920508,-3,0,30
1761623022.8310506,0,2,35
1761623022.8690507,-1,-2,34
1761623022.9050508,0,-3,34
1761623022.9420507,2,1,29
1761623022.9800508,1,-2,33
1761623023.0160508,-2,-3,32
1761623023.0530508,3,-2,25
1761623023.0910506,2,3,30
1761623023.1270506,-5,-3,37
1761623023.1640508,3,-5,36
1761623023.2010508,1,-5,29
1761623023.2370508,-4,-2,26
1761623023.2740507,3,0,32
1761623023.3120508,0,-4,26
1761623023.3500507,0,2,23
1761623023.3860507,-5,1,26
1761623023.4230506,-2,-4,26
1761623023.4610507,-5,-2,28
1761623023.5000508,4,-2,30
1761623023.5360508,8,0,30
1761623023.5730507,3,0,29
1761623023.6110508,0,-1,34
1761623023.6470506,-3,-2,33
1761623023.6840508,0,0,24
1761623023.7210507,3,3,29
1761623023.7570508,5,2,35
1761623023.7940507,3,0,32
1761623023.8310506,4,-4,33
1761623023.8670506,6,-2,43
1761623023.9050508,4,-9,39
1761623023.9420507,-1,-1,50
1761623023.9810507,-2,-3,29
1761623024.0170507,-3,-2,33
1761623024.0550506,4,-2,36
1761623024.0920508,3,-2,39
1761623024.1310508,-1,-4,33
1761623024.1670508,-3,-4,38
1761623024.2050507,0,-5,36
1761623024.2430508,1,-5,36
1761623024.2810507,6,-3,28
1761623024.3170507,0,-5,37
1761623024.3550508,1,-4,38
1761623024.393051,1,5,33
1761623024.4310508,3,6,35
1761623024.4670508,1,3,34
1761623024.505051,-1,-1,32
1761623024.5430508,3,-2,30
1761623024.5820508,3,3,21
1761623024.620051,2,0,22
1761623024.6560507,5,-2,19
1761623024.6930506,3,-1,20
1761623024.7310507,-8,-3,26
1761623024.7670507,-6,4,26
1761623024.8050506,-1,-4,22
1761623024.8430507,1,0,22
1761623024.8810508,0,1,30
1761623024.9170508,7,-1,37
1761623024.9550507,-8,-7,34
1761623024.9930508,1,-5,43
1761623025.0310507,0,-4,39
1761623025.0670507,-4,2,44
1761623025.1040506,0,-1,35
1761623025.1420507,-1,-1,36
1761623025.1780508,-3,-2,43
1761623025.2150507,1,-2,41
1761623025.2530508,0,-5,21
1761623025.2920508,-15,-8,25
1761623025.3280506,-11,-10,25
1761623025.3650508,-3,-12,37
1761623025.403051,-7,-3,29
1761623025.4420507,3,4,30
1761623025.4780507,-3,-6,25
1761623025.5150506,-1,-2,32
1761623025.5530508,-2,2,25
1761623025.5920508,-2,-3,33
1761623025.6280508,-3,-6,37
1761623025.6650507,-4,-6,28
1761623025.7030506,-1,-7,37
1761623025.7420506,-7,-9,36
1761623025.778051,-3,-4,34
1761623025.8150508,1,-4,26
1761623025.8520508,-7,5,25
1761623025.8880508,4,3,28
1761623025.9250507,-1,6,45
1761623025.962051,2,0,38
1761623025.9980507,0,-4,39
1761623026.0350506,6,-2,37
1761623026.0730507,5,-4,31
1761623026.1110508,6,-6,34
1761623026.1470506,11,-6,32
1761623026.1840508,7,0,35
1761623026.2230508,4,0,37
1761623026.2610507,8,-2,38
1761623026.2970507,1,-3,30
1761623026.334051,-3,0,27
1761623026.3720508,0,-8,28
1761623026.4080508,-7,0,36
1761623026.4450507,0,-7,42
1761623026.4830508,-5,0,23
1761623026.5220506,-2,-4,23
1761623026.5580506,1,-8,31
1761623026.5950508,4,-6,36
1761623026.633051,6,-9,40
1761623026.6710508,9,-6,34
1761623026.7070508,4,-4,36
1761623026.7440507,0,-5,33
1761623026.7830508,-9,-7,35
1761623026.8210506,-2,-1,31
1761623026.857051,-3,-4,27
1761623026.8940508,-2,-3,37
1761623026.9330506,-3,-2,51
1761623026.9710507,-1,-2,36
1761623027.0070508,3,-1,31
1761623027.0450506,4,1,47
1761623027.0830507,0,0,46
1761623027.1210508,1,1,42
1761623027.1570508,2,0,23
1761623027.1940508,2,-5,41
1761623027.2330508,6,2,38
1761623027.2770507,0,4,42
1761623027.314051,1,-2,27
1761623027.3530507,2,-6,28
1761623027.3890507,2,0,29
1761623027.426051,0,-2,35
1761623027.4640508,-4,-3,27
1761623027.5030508,-8,2,42
1761623027.5390508,-4,2,39
1761623027.5760508,0,1,35
1761623027.6140506,2,-5,49
1761623027.6520507,-4,-7,32
1761623027.6880507,1,-2,28
1761623027.7250507,5,0,24
1761623027.7630508,5,3,36
1761623027.7990508,-2,1,38
1761623027.8360507,8,-6,40
1761623027.8750508,3,-6,35
1761623027.913051,-1,-10,40
1761623027.949051,1,-5,48
1761623027.9860508,-1,0,35
1761623028.0230508,0,-4,30
1761623028.0590508,-4,-2,33
1761623028.0960507,-6,-5,35
1761623028.1340508,-1,-5,40
1761623028.1730506,-6,-4,38
1761623028.209051,-2,2,30
1761623028.2460508,3,-1,28
1761623028.2840507,1,-4,30
1761623028.3220508,6,-7,42
1761623028.3580508,2,-3,39
1761623028.3960507,2,5,28
1761623028.4340508,0,0,26
1761623028.472051,-5,-3,23
1761623028.508051,1,0,30
1761623028.5460508,1,1,40
1761623028.584051,2,0,45
1761623028.6220508,0,0,43
1761623028.6580508,-4,6,27
1761623028.6960506,-1,-2,42
1761623028.7340508,0,-5,29
1761623028.7720506,0,-8,17
1761623028.8080506,3,-9,27
1761623028.8450508,5,-3,39
1761623028.8840508,3,-6,29
1761623028.9220507,0,-3,25
1761623028.9580507,1,-3,28
1761623028.9960508,2,0,27
1761623029.0340507,0,-6,34
1761623029.0720508,3,-4,36
1761623029.1080508,1,0,27
1761623029.1450508,3,-1,30
1761623029.1840508,1,-4,29
1761623029.222051,13,-1,24
1761623029.258051,-1,1,22
1761623029.2960508,-2,-1,29
1761623029.334051,0,-5,33
1761623029.3720508,2,-4,33
1761623029.4080508,3,2,33
1761623029.4450507,3,0,24
1761623029.4840508,2,-1,27
1761623029.5200508,-3,3,24
1761623029.5570507,-3,0,31
1761623029.5950508,1,0,40
1761623029.633051,8,0,28
1761623029.6690507,3,-4,43
1761623029.7070508,1,-5,30
1761623029.745051,-2,3,33
1761623029.7830508,-2,-1,36
1761623029.8190508,-3,-1,32
1761623029.857051,0,-4,23
1761623029.8950508,3,-2,35
1761623029.9330506,0,-1,40
1761623029.9690506,3,0,37
1761623030.0070508,3,-2,23
1761623030.0440507,1,0,31
1761623030.0830507,-7,0,23
1761623030.1190507,-1,3,28
1761623030.1570508,-1,0,27
1761623030.1950507,-3,2,18
1761623030.2340508,7,-4,30
1761623030.2700508,5,-6,21
1761623030.3070507,-4,-7,29
1761623030.3450508,0,-3,24
1761623030.383051,10,3,32
1761623030.4190507,0,0,32
1761623030.4560506,1,0,44
1761623030.4940507,1,-2,38
1761623030.5300508,4,-7,33
1761623030.5670507,-1,-1,32
1761623030.6050508,7,-3,37
1761623030.643051,-1,-5,42
1761623030.6790507,-4,0,30
1761623030.7170508,-6,-1,33
1761623030.755051,-11,2,34
1761623030.7940507,-1,4,38
1761623030.8300507,-5,3,37
1761623030.8670506,1,1,38
1761623030.9050508,-2,-1,37
1761623030.9430506,2,-1,32
1761623030.9790506,2,0,31
1761623031.0160508,0,-4,35
1761623031.0550506,-6,-1,39
1761623031.0930507,-1,-8,39
1761623031.1290507,-7,-3,32
1761623031.1670508,-4,0,31
1761623031.2050507,3,-3,37
1761623031.2430508,0,1,34
1761623031.2790508,0,3,36
1761623031.3160508,6,2,23
1761623031.3540506,6,-9,48
1761623031.3900506,3,-11,23
1761623031.4270508,-5,-7,31
1761623031.4650507,-8,-7,24
1761623031.5040507,4,0,37
1761623031.5400507,7,-2,37
1761623031.5770507,-5,-3,32
1761623031.6150508,-4,-1,31
1761623031.6540508,-8,-6,39
1761623031.6900508,0,0,33
1761623031.7270508,3,7,31
1761623031.7650506,5,6,18
1761623031.801051,-2,1,38
1761623031.8380508,5,0,35
1761623031.8750508,-3,-2,36
1761623031.9140508,-6,0,16
1761623031.9500508,-4,0,38
1761623031.9870508,-3,5,22
1761623032.0250506,-3,8,36
1761623032.064051,2,2,31
1761623032.1000507,-2,0,31
1761623032.1370506,-8,-1,40
1761623032.1750507,-5,2,30
1761623032.2110507,-6,3,32
1761623032.2480507,-6,-7,26
1761623032.2860508,-4,-5,23
1761623032.3250508,-2,1,27
1761623032.3610508,-8,3,35
1761623032.3980508,-2,6,25
1761623032.4350507,-6,0,38
1761623032.4710507,0,0,32
1761623032.508051,-4,-4,32
1761623032.5460508,4,-1,28
1761623032.5850508,0,-9,33
1761623032.6210508,1,-2,32
1761623032.6580508,-1,-1,29
1761623032.6960506,-3,-3,30
1761623032.735051,-5,-3,29
1761623032.7710507,-5,1,38
1761623032.8080506,-1,-2,29
1761623032.8460507,-5,-7,18
1761623032.8850508,-5,-5,25
1761623032.9210508,-4,-1,23
1761623032.959051,-6,-4,31
1761623032.9980507,-2,4,25
1761623033.0360508,-3,-1,30
1761623033.074051,0,3,41
1761623033.110051,-1,3,27
1761623033.1480508,0,1,28
1761623033.186051,3,2,29
1761623033.2240508,-2,2,24
1761623033.2600508,-3,3,28
1761623033.2980506,-7,-4,18
1761623033.3360507,-3,-7,38
1761623033.3740506,0,-6,38
1761623033.4100506,1,0,36
1761623033.4480507,3,-3,36
1761623033.4860508,0,-2,34
1761623033.5240507,5,0,26
1761623033.5600507,-1,-6,27
1761623033.5980508,-10,-5,37
1761623033.6360507,-3,0,40
1761623033.6750507,4,6,34
1761623033.7110507,-1,2,38
1761623033.7480507,4,-5,25
1761623033.7860508,0,-3,26
1761623033.8220508,6,-5,25
1761623033.8590508,1,-3,30
1761623033.8960507,2,0,30
1761623033.9320507,1,1,29
1761623033.9690506,-1,6,39
1761623034.0070508,-1,0,43
1761623034.0450506,2,-5,35
1761623034.0810506,0,0,32
1761623034.1180508,1,-2,44
1761623034.1560507,5,0,34
1761623034.1920507,5,-4,24
1761623034.2300508,0,4,28
1761623034.2670507,-2,0,18
1761623034.3050506,-7,-5,36
1761623034.3410506,-2,0,42
1761623034.3780508,0,-4,37
1761623034.416051,-1,0,29
1761623034.4520507,-2,-1,32
1761623034.4890506,-1,-2,33
1761623034.5270507,7,4,33
1761623034.5650508,-2,4,30
1761623034.6010506,-3,5,37
1761623034.6380508,-1,0,38
1761623034.6770508,0,-4,29
1761623034.7150507,2,0,28
1761623034.7510507,-5,3,31
1761623034.788051,-8,5,28
1761623034.8270507,-9,-3,35
1761623034.8650508,-9,-4,33
1761623034.9010508,-1,-5,39
1761623034.9380507,-4,0,38
1761623034.9770508,3,6,40
1761623035.0150506,-3,-8,29
1761623035.051051,-3,-4,31
1761623035.0880508,-3,0,23
1761623035.1270506,0,0,37
1761623035.1650507,-9,-1,36
1761623035.2010508,-9,0,30
1761623035.2380507,-5,0,43
1761623035.2770507,-1,0,30
1761623035.3150508,-2,-7,24
1761623035.3510506,0,-3,21
1761623035.3880508,-2,-1,29
1761623035.4270508,4,3,32
1761623035.4650507,9,5,32
1761623035.5010507,1,0,29
1761623035.538051,3,1,24
1761623035.5770507,-5,3,35
1761623035.6150508,3,0,31
1761623035.6510508,0,0,32
1761623035.6880507,-1,0,42
1761623035.7270508,0,-2,37
1761623035.7650506,-3,-1,33
1761623035.801051,0,-1,28
1761623035.8380508,-3,0,27
1761623035.8770506,7,5,25
1761623035.9150507,0,6,25
1761623035.9510508,0,-2,32
1761623035.9880507,4,-5,31
1761623036.0270507,-4,-6,26
1761623036.0630507,-4,-1,25
1761623036.1010506,-5,1,38
1761623036.1390507,0,-3,40
1761623036.1770508,3,-5,28
1761623036.2130508,2,-5,33
1761623036.2510507,7,-3,47
1761623036.288051,3,-3,35
1761623036.3270507,-2,0,32
1761623036.3630507,-2,-1,38
1761623036.4020507,-10,1,32
1761623036.439051,0,1,36
1761623036.4770508,4,-3,24
1761623036.5130508,-2,3,33
1761623036.551051,-2,5,37
1761623036.5880508,-3,-1,34
1761623036.6270506,-5,1,19
1761623036.663051,0,0,27
1761623036.7000508,0,-2,38
1761623036.7370508,0,0,27
1761623036.7730508,-5,-3,33
1761623036.8100507,0,-8,29
1761623036.8480508,3,1,42
1761623036.8860507,0,-4,44
1761623036.9220507,0,-2,36
1761623036.9600508,-6,-2,40
1761623036.9980507,2,-5,31
1761623037.0370507,-5,-5,38
1761623037.0730507,-4,-1,34
1761623037.110051,-2,0,33
1761623037.1480508,3,0,30
1761623037.186051,1,-5,33
1761623037.222051,-7,-8,41
1761623037.2600508,-5,-1,27
1761623037.3060508,-2,-2,28
1761623037.3420508,-2,-3,21
1761623037.380051,-9,-1,41
1761623037.4180508,6,-4,35
1761623037.4570508,-1,-1,30
1761623037.4930508,1,-1,21
1761623037.5300508,1,-3,31
1761623037.5690508,3,-1,33
1761623037.607051,0,-8,27
1761623037.643051,-4,-4,33
1761623037.6810508,1,2,38
1761623037.7180507,1,0,34
1761623037.7560508,3,-3,22
1761623037.7920508,-3,0,22
1761623037.8290508,-7,4,26
1761623037.8680508,-4,-1,37
1761623037.9060507,-3,-2,37
1761623037.9420507,-3,2,31
1761623037.9790506,0,0,30
1761623038.0170507,-5,-2,39
1761623038.0530508,-3,-3,39
1761623038.0900507,-7,1,27
1761623038.1280508,1,-1,29
1761623038.1640508,0,-3,45
1761623038.2020507,-7,0,40
1761623038.2400508,1,-2,30
1761623038.278051,-1,-4,42
1761623038.314051,-2,-4,33
1761623038.3520508,0,1,27
1761623038.3900506,-3,2,35
1761623038.4280508,-1,-6,41
1761623038.4640508,0,-4,44
1761623038.5010507,-3,-1,37
1761623038.5390508,-1,2,36
1761623038.5780506,0,4,38
1761623038.6140506,-9,0,23
1761623038.6510508,0,0,30
1761623038.6880507,0,-3,38
1761623038.7240508,0,-7,28
1761623038.7620506,2,-2,31
1761623038.7990508,7,-2,27
1761623038.8380508,0,-5,29
1761623038.8740506,5,-3,41
1761623038.9120507,0,3,27
1761623038.949051,-8,0,30
1761623038.9880507,0,-6,37
1761623039.0240507,1,-4,37
1761623039.0620508,-3,-3,30
1761623039.1000507,-7,6,37
1761623039.1380508,-6,7,23
1761623039.1750507,-15,1,27
1761623039.212051,-6,2,28
1761623039.2490506,-8,-1,25
1761623039.288051,2,-6,23
1761623039.324051,-7,-9,27
1761623039.3620508,2,-1,27
1761623039.4000506,-6,0,24
1761623039.4380507,-8,-6,30
1761623039.4740508,0,-4,30
1761623039.5120506,1,3,30
1761623039.5500507,5,0,26
1761623039.5880508,0,0,24
1761623039.6240506,-2,-3,37
1761623039.6620507,-2,3,35
1761623039.699051,-1,-3,34
1761623039.7380507,0,-4,42
1761623039.7740507,6,-6,29
1761623039.811051,-1,4,20
1761623039.8490508,1,2,40
1761623039.8870506,-1,-2,42
1761623039.9230506,-1,8,36
1761623039.962051,-1,0,42
1761623040.0000508,-7,-4,46
1761623040.038051,-3,-4,32
1761623040.074051,0,-4,36
1761623040.1110508,5,-7,33
1761623040.1490507,-1,0,34
1761623040.1870508,-5,-3,46
1761623040.2230508,5,-6,40
1761623040.2610507,-2,0,32
1761623040.2990508,1,1,37
1761623040.337051,-1,0,43
1761623040.3730507,0,-5,38
1761623040.4110508,1,0,34
1761623040.449051,3,1,36
1761623040.485051,3,1,42
1761623040.5230508,3,-11,37
1761623040.561051,2,-2,34
1761623040.5990508,0,-1,36
1761623040.6350508,1,-4,30
1761623040.6720507,-2,-2,21
1761623040.7100508,3,-1,39
1761623040.7480507,4,-3,25
1761623040.7840507,7,-2,20
1761623040.8210506,-3,-4,26
1761623040.8590508,2,-4,39
1761623040.8980508,0,-4,34
1761623040.9340508,-4,-3,28
1761623040.9710507,-2,-3,35
1761623041.0090508,5,0,25
1761623041.0450506,5,1,31
1761623041.0820508,0,-3,45
1761623041.1190507,0,-5,39
1761623041.1550508,0,-2,22
1761623041.1920507,-1,0,36
1761623041.2300508,0,4,30
1761623041.268051,3,-7,36
1761623041.3040507,-5,1,32
1761623041.3410506,-1,-2,30
1761623041.380051,0,-4,18
1761623041.4180508,0,0,22
1761623041.4540508,-2,-3,39
1761623041.4910507,3,-2,45
1761623041.5290508,0,-2,34
1761623041.5650508,4,0,33
1761623041.6020508,2,1,28
1761623041.6400506,0,2,19
1761623041.6780508,-7,5,28
1761623041.7140508,-6,3,30
1761623041.7520506,0,4,35
1761623041.7900507,0,1,41
1761623041.8280506,-4,0,39
1761623041.8640506,4,-2,36
1761623041.9020507,0,-2,39
1761623041.9400508,-5,0,32
1761623041.9780507,-1,-3,37
1761623042.0140507,4,-4,37
1761623042.051051,0,-2,31
1761623042.0900507,-2,-5,33
1761623042.1280508,0,-5,30
1761623042.1640508,-3,-3,32
1761623042.2020507,-13,-10,32
1761623042.2410507,-10,-2,35
1761623042.2790508,0,0,28
1761623042.3150508,3,-1,27
1761623042.3520508,6,-5,35
1761623042.3900506,1,0,36
1761623042.426051,3,-1,35
1761623042.4630508,5,8,33
1761623042.5000508,9,1,38
1761623042.5360508,1,-3,31
1761623042.5730507,8,0,34
1761623042.6110508,6,-1,30
1761623042.6500506,7,-4,32
1761623042.686051,6,-2,42
1761623042.7230508,3,0,30
1761623042.7610507,-2,-1,28
1761623042.8000507,-2,-6,36
1761623042.8360507,2,-7,32
1761623042.8730507,-2,0,34
1761623042.9110508,0,-2,37
1761623042.949051,-2,4,36
1761623042.985051,4,-2,39
1761623043.0230508,3,-5,40
1761623043.061051,2,7,30
1761623043.0990508,-1,-2,40
1761623043.1350508,4,2,38
1761623043.1720507,2,0,38
1761623043.2100508,0,-5,40
1761623043.2460508,2,-5,39
1761623043.2840507,0,-2,43
1761623043.3220508,0,-2,37
1761623043.360051,1,-8,35
1761623043.3960507,1,-15,35
1761623043.4330506,1,-6,34
1761623043.4710507,-3,-2,30
1761623043.5090508,1,0,34
1761623043.5450506,1,-7,31
1761623043.5820508,2,0,33
1761623043.620051,1,-2,35
1761623043.6560507,1,0,32
1761623043.6930506,-2,-3,36
1761623043.7310507,1,-2,35
1761623043.7700508,4,-6,40
1761623043.8060508,5,-3,40
1761623043.8430507,4,-5,45
1761623043.8810508,-3,0,26
1761623043.9190507,-6,0,32
1761623043.9550507,-5,-9,31
1761623043.9920506,-2,-8,44
1761623044.0310507,0,-4,32
1761623044.0690508,1,0,19
1761623044.1050508,-5,-3,36
1761623044.1420507,-2,-1,45
1761623044.1810508,-8,-2,27
1761623044.2190506,-2,2,34
1761623044.255051,0,-3,33
1761623044.2920508,0,-5,36
1761623044.3310506,10,-5,33
1761623044.3690507,0,-4,20
1761623044.4050508,1,-2,24
1761623044.4420507,-3,3,23
1761623044.4810507,-7,4,28
1761623044.5190508,-2,1,31
1761623044.5550506,3,-6,24
1761623044.5920508,5,-1,27
1761623044.6310508,6,0,23
1761623044.6670508,0,-1,29
1761623044.7040508,0,-5,23
1761623044.7420506,2,-1,23
1761623044.7810507,0,-1,37
1761623044.8170507,-5,-3,31
1761623044.8540506,1,-7,34
1761623044.8910508,1,-5,32
1761623044.9270508,0,-4,30
1761623044.9640508,-6,-2,36
1761623045.0020506,-6,0,25
1761623045.0400507,-1,-2,39
1761623045.0760508,-7,0,33
1761623045.1130507,-2,0,32
1761623045.1510508,6,-3,31
1761623045.1870508,-1,-4,25
1761623045.2240508,-4,6,26
1761623045.2620506,-1,4,26
1761623045.301051,2,1,34
1761623045.337051,0,-3,25
1761623045.3740506,-1,-1,36
1761623045.413051,-3,0,17
1761623045.4510508,-3,-3,29
1761623045.4870508,-11,-1,33
1761623045.5240507,-6,3,33
1761623045.5620508,-4,0,27
1761623045.6000507,1,-1,26
1761623045.6360507,4,2,40
1761623045.6730506,6,-1,32
1761623045.712051,5,1,41
1761623045.7500508,-3,0,35
1761623045.7860508,-5,1,25
1761623045.8230507,1,-3,26
1761623045.8610508,-5,0,24
1761623045.8970506,0,6,27
1761623045.9340508,1,2,30
1761623045.972051,-4,4,28
1761623046.0100508,-5,0,25
1761623046.0460508,0,2,35
1761623046.0830507,-1,1,41
1761623046.1220508,-10,0,28
1761623046.1600506,3,-2,28
1761623046.1960506,4,3,25
1761623046.2330508,0,5,29
1761623046.2710507,0,-4,39
1761623046.3070507,-2,-7,29
1761623046.3450508,2,-6,27
1761623046.3820508,2,-1,28
1761623046.4200506,0,1,31
1761623046.4560506,3,-4,26
1761623046.4930508,4,-6,34
1761623046.5310507,4,-5,34
1761623046.5670507,-5,0,31
1761623046.6040506,-6,2,35
1761623046.6420507,1,0,32
1761623046.6800506,-1,1,24
1761623046.7160506,1,0,29
1761623046.7540507,2,-6,22
1761623046.7920508,-5,-10,29
1761623046.8300507,-5,-4,29
1761623046.8660507,-3,-6,32
1761623046.9040508,5,-1,31
1761623046.9420507,9,0,24
1761623046.9780507,7,-3,35
1761623047.0160508,0,-10,32
1761623047.0540507,-2,-4,25
1761623047.0920508,3,0,22
1761623047.1280508,3,0,43
1761623047.166051,-1,-2,42
1761623047.2040508,-6,2,38
1761623047.2420506,-7,-1,32
1761623047.278051,-10,0,31
1761623047.324051,-4,0,33
1761623047.3620508,2,5,26
1761623047.3980508,2,2,28
1761623047.436051,2,-5,38
1761623047.4740508,4,-3,31
1761623047.5120506,7,0,35
1761623047.5480506,1,-2,35
1761623047.5860507,8,0,30
1761623047.6230507,1,-2,45
1761623047.6620507,-1,0,32
1761623047.699051,3,0,28
1761623047.7360508,-1,-3,37
1761623047.7740507,0,1,36
1761623047.8120508,-1,-6,44
1761623047.8480508,1,-5,36
1761623047.8860507,1,-1,34
1761623047.9240508,4,-9,32
1761623047.9630508,6,-10,28
1761623048.0010507,-3,-8,27
1761623048.0370507,-1,-3,33
1761623048.074051,1,2,40
1761623048.1120508,-3,9,28
1761623048.1480508,-2,5,29
1761623048.1850507,-2,2,23
1761623048.2230508,1,0,32
1761623048.2610507,-2,-3,31
1761623048.2970507,-10,0,28
1761623048.334051,4,-4,31
1761623048.3720508,-3,-10,32
1761623048.4080508,1,-7,35
1761623048.4450507,0,-2,41
1761623048.4830508,2,-2,26
1761623048.5210507,8,0,32
1761623048.5570507,10,-7,36
1761623048.5950508,0,-7,27
1761623048.633051,-6,1,33
1761623048.6710508,7,5,26
1761623048.7070508,11,2,18
1761623048.745051,2,-4,39
1761623048.7830508,-4,1,31
1761623048.8210506,0,-3,21
1761623048.857051,3,-7,32
1761623048.8950508,-5,-1,37
1761623048.9330506,0,-2,28
1761623048.972051,0,-2,26
1761623049.008051,0,4,29
1761623049.0450506,-10,-2,37
1761623049.0830507,-3,-5,36
1761623049.1220508,3,-7,28
1761623049.1580508,5,-8,19
1761623049.1950507,-1,-1,18
1761623049.2330508,8,2,20
1761623049.2690508,0,0,28
1761623049.3060508,1,-1,38
1761623049.3430507,0,-2,30
1761623049.3790507,3,0,28
1761623049.416051,4,5,32
1761623049.4540508,2,7,27
1761623049.4920506,4,-1,34
1761623049.528051,5,0,21
1761623049.5660508,-3,5,32
1761623049.6040506,3,3,33
1761623049.6420507,3,1,40
1761623049.6780508,0,0,37
1761623049.7160506,4,2,36
1761623049.7530508,7,1,30
1761623049.7890508,5,0,22
1761623049.8260508,2,1,27
1761623049.8640506,3,2,24
1761623049.9020507,2,1,28
1761623049.9380507,2,3,35
1761623049.9760506,2,2,37
1761623050.0140507,-6,0,29
1761623050.0520508,-3,6,33
1761623050.0880508,1,3,32
1761623050.1260507,8,0,29
1761623050.1640508,1,-1,28
1761623050.2020507,1,-1,34
1761623050.2380507,4,-1,26
1761623050.2760508,-1,0,32
1761623050.314051,0,0,17
1761623050.3520508,4,-5,20
1761623050.3880508,9,-2,33
1761623050.426051,1,0,37
1761623050.4640508,1,-2,33
1761623050.5020506,2,-2,26
1761623050.538051,8,1,38
1761623050.5760508,0,0,43
1761623050.6140506,-1,0,37
1761623050.6520507,6,-3,32
1761623050.6880507,4,-4,27
1761623050.7260506,-4,-5,37
1761623050.7640507,9,-3,31
1761623050.8020508,7,-3,29
1761623050.8380508,1,-4,26
1761623050.8760507,3,-1,21
1761623050.9140508,1,0,27
1761623050.9520507,-2,0,31
1761623050.9880507,-7,0,35
1761623051.0260508,-1,4,39
1761623051.064051,4,5,47
1761623051.1020508,-2,1,51
1761623051.1380508,0,0,35
1761623051.176051,-6,-7,33
1761623051.2140508,-7,-3,31
1761623051.2500508,-1,-2,27
1761623051.2870507,-3,-1,23
1761623051.3260508,-1,-3,19
1761623051.3640506,0,2,18
1761623051.4000506,2,4,24
1761623051.4370508,2,-2,31
1761623051.4740508,-4,-1,20
1761623051.5130508,7,1,27
1761623051.5500507,0,0,29
1761623051.587051,0,0,31
1761623051.6240506,-8,-7,23
1761623051.663051,-3,-3,30
1761623051.699051,-2,2,39
1761623051.7360508,3,0,32
1761623051.7740507,0,-7,25
1761623051.8100507,3,1,23
1761623051.847051,-1,-2,31
1761623051.8850508,0,-4,41
1761623051.9240508,1,-10,27
1761623051.9600508,-1,-6,33
1761623051.9970508,-2,-2,30
1761623052.0350506,-1,0,17
1761623052.0730507,2,0,19
1761623052.1090508,1,0,25
1761623052.1460507,0,-7,28
1761623052.1840508,6,-4,23
1761623052.2200508,11,0,20
1761623052.2570508,3,0,19
1761623052.2950506,5,-3,20
1761623052.3330507,0,-2,35
1761623052.3690507,0,0,39
1761623052.4060507,0,1,43
1761623052.4450507,0,0,26
1761623052.4830508,2,-2,29
1761623052.5190508,3,2,33
1761623052.5560508,-1,0,38
1761623052.5950508,-8,-2,26
1761623052.633051,-5,0,18
1761623052.6690507,-5,2,23
1761623052.7060506,-3,3,36
1761623052.745051,3,1,33
1761623052.7830508,-3,1,31
1761623052.8190508,-4,-7,34
1761623052.8560507,-7,-6,32
1761623052.8950508,3,-5,36
1761623052.9330506,-8,0,41
1761623052.9690506,-3,3,41
1761623053.0060508,-5,-5,37
1761623053.0450506,-3,-4,22
1761623053.0830507,0,-3,30
1761623053.1190507,1,0,24
1761623053.1560507,-5,4,39
1761623053.1950507,2,-1,27
1761623053.2330508,4,6,21
1761623053.2690508,9,-1,29
1761623053.3060508,0,-2,32
1761623053.3450508,-2,3,38
1761623053.3810508,-5,3,37
1761623053.4180508,-7,0,32
1761623053.4550507,0,-3,49
1761623053.4910507,-1,-4,37
1761623053.5290508,-4,-3,32
1761623053.5670507,5,-3,35
1761623053.6050508,3,-1,27
1761623053.6410508,5,-1,31
1761623053.6790507,2,1,34
1761623053.7160506,-3,-4,35
1761623053.755051,0,-7,37
1761623053.791051,1,-3,33
1761623053.8280506,-3,-5,27
1761623053.8660507,0,2,39
1761623053.9040508,3,-5,35
1761623053.9400508,-2,-6,33
1761623053.9770508,0,-7,23
1761623054.0150506,6,-4,32
1761623054.051051,-2,3,35
1761623054.0880508,3,-4,41
1761623054.1250508,0,0,29
1761623054.1610508,4,-1,28
1761623054.1980507,-2,-6,25
1761623054.2360508,-3,2,26
1761623054.2750506,0,3,30
1761623054.311051,0,0,32
1761623054.3480508,-2,0,30
1761623054.3860507,-2,1,40
1761623054.4240508,-5,2,26
1761623054.4600508,-8,6,20
1761623054.4970508,0,1,23
1761623054.5350506,0,-4,31
1761623054.5710506,-1,-6,37
1761623054.6080508,-1,-5,37
1761623054.6460507,-8,-3,37
1761623054.6850507,0,-6,47
1761623054.7210507,1,-3,38
1761623054.758051,2,-9,34
1761623054.7960508,-7,-4,28
1761623054.8350508,0,1,34
1761623054.8710508,-6,0,23
1761623054.9080508,-2,3,21
1761623054.9460506,5,3,23
1761623054.9840508,2,1,27
1761623055.0200508,5,5,34
1761623055.0580506,3,0,30
1761623055.0960507,3,5,24
1761623055.1340508,-7,-1,26
1761623055.1700506,4,0,44
1761623055.2070508,1,-8,37
1761623055.2460508,6,1,35
1761623055.2840507,-1,-4,36
1761623055.3200507,1,0,33
1761623055.357051,0,-4,44
1761623055.3960507,2,-6,45
1761623055.4320507,3,3,41
1761623055.4700508,-3,2,25
1761623055.508051,-3,-3,31
1761623055.5470507,0,-5,32
1761623055.5850508,1,-6,27
1761623055.6210508,5,-4,43
1761623055.6580508,6,-1,41
1761623055.6960506,4,4,44
1761623055.732051,0,0,33
1761623055.7690508,0,1,38
1761623055.8060508,-6,0,41
1761623055.8450508,-2,0,25
1761623055.8810508,-2,-1,30
1761623055.9190507,4,-3,32
1761623055.9560506,5,2,32
1761623055.9920506,-3,-3,34
1761623056.0290508,-9,-3,37
1761623056.0670507,2,0,39
1761623056.1050508,-3,-5,27
1761623056.1410508,1,-5,22
1761623056.1780508,-5,-3,32
1761623056.2160506,-5,0,38
1761623056.2520506,-2,8,34
1761623056.2890508,-5,-2,33
1761623056.3270507,1,2,28
1761623056.3650508,0,-2,41
1761623056.4010508,1,6,39
1761623056.439051,5,9,33
1761623056.4770508,10,-5,25
1761623056.5150506,0,-3,32
1761623056.551051,10,-2,19
1761623056.5880508,0,-4,30
1761623056.6270506,-6,0,29
1761623056.6650507,-2,6,26
1761623056.7010508,-4,8,24
1761623056.7380507,-2,5,38
1761623056.7770507,-7,2,41
1761623056.8150508,-3,6,37
1761623056.8510506,0,0,40
1761623056.8880508,0,6,37
1761623056.926051,1,0,29
1761623056.962051,-1,6,33
1761623057.0000508,1,4,33
1761623057.0370507,2,0,43
1761623057.0750508,-2,3,37
1761623057.1110508,4,-1,33
1761623057.1480508,-1,3,32
1761623057.186051,-3,1,39
1761623057.222051,-4,5,29
1761623057.2590508,-1,-7,30
1761623057.2980506,-1,1,22
1761623057.3410506,2,-1,23
1761623057.3790507,-1,4,38
1761623057.4180508,4,-3,35
1761623057.4560506,0,-5,27
1761623057.4920506,1,-4,24
1761623057.5290508,-2,-7,38
1761623057.5680506,4,-3,42
1761623057.6060507,-1,-6,32
1761623057.6420507,2,0,36
1761623057.6790507,-10,1,37
1761623057.7170508,-5,-1,28
1761623057.7530508,-4,-2,25
1761623057.7900507,-7,1,26
1761623057.8270507,-6,3,26
1761623057.8660507,1,-2,27
1761623057.9020507,0,0,25
1761623057.939051,0,-2,23
1761623057.9770508,2,1,28
1761623058.0130508,3,3,23
1761623058.0500507,-1,2,26
1761623058.0880508,-9,-11,42
1761623058.1270506,-6,-2,23
1761623058.163051,-4,3,23
1761623058.2000508,-1,0,34
1761623058.2380507,-1,0,26
1761623058.2770507,-9,-3,36
1761623058.3130507,-4,-3,34
1761623058.3510506,3,-11,24
1761623058.3890507,-3,1,40
1761623058.4270508,-13,0,34
1761623058.4630508,-3,-6,36
1761623058.5010507,4,-4,28
1761623058.5390508,-1,-1,29
1761623058.5770507,-5,0,23
1761623058.6130507,-1,0,32
1761623058.6500506,4,0,36
1761623058.6880507,5,2,36
1761623058.7260506,5,-2,40
1761623058.7620506,0,3,33
1761623058.7990508,5,1,34
1761623058.837051,0,-3,37
1761623058.8730507,-4,-11,35
1761623058.9100506,0,2,34
1761623058.9480507,-2,-7,35
1761623058.9860508,0,-2,47
1761623059.0220506,-3,-1,37
1761623059.0590508,2,2,36
1761623059.097051,0,-7,35
1761623059.133051,-3,-4,38
1761623059.1700506,2,-4,31
1761623059.2080507,-1,-6,32
1761623059.2460508,7,-1,36
1761623059.2820508,5,-7,29
1761623059.3190508,1,1,33
1761623059.357051,4,1,30
1761623059.393051,0,0,26
1761623059.4300506,-5,-1,26
1761623059.4680507,0,-4,27
1761623059.5060508,0,8,31
1761623059.5420508,2,0,27
1761623059.5790508,-2,-4,26
1761623059.6180508,2,-4,32
1761623059.6560507,5,-2,25
1761623059.6920507,1,-1,28
1761623059.7290506,-4,7,38
1761623059.768051,4,-2,24
1761623059.8040507,5,2,25
1761623059.8420508,7,-3,35
1761623059.8790507,3,0,32
1761623059.9170508,6,-1,32
1761623059.9530506,9,0,39
1761623059.9900508,8,-2,31
1761623060.028051,-5,1,21
1761623060.064051,0,0,22
1761623060.1010506,-3,-6,26
1761623060.1390507,0,-3,17
1761623060.1770508,-5,0,17
1761623060.2130508,-6,0,28
1761623060.2500508,-7,-5,26
1761623060.288051,-3,-9,12
1761623060.3270507,-2,-6,21
1761623060.3630507,-1,-5,28
1761623060.4000506,4,0,36
1761623060.4380507,1,-2,33
1761623060.4740508,-4,0,30
1761623060.5120506,-2,1,32
1761623060.5490508,-2,2,42
1761623060.587051,-4,0,43
1761623060.6230507,-1,1,35
1761623060.6600506,-5,0,34
1761623060.6980507,-1,3,47
1761623060.7340508,3,5,40
1761623060.7710507,8,3,35
1761623060.8090508,0,7,32
1761623060.847051,8,-7,28
1761623060.883051,6,1,22
1761623060.9210508,0,0,22
1761623060.959051,3,6,25
1761623060.9970508,2,8,35
1761623061.0330508,0,-2,33
1761623061.0710506,-1,0,30
1761623061.1090508,-6,-5,26
1761623061.1470506,-3,-6,27
1761623061.1830506,0,-1,33
1761623061.2200508,-2,2,37
1761623061.2590508,0,3,27
1761623061.2970507,-7,-2,45
1761623061.3330507,-6,-5,30
1761623061.370051,1,0,43
1761623061.4080508,3,0,33
1761623061.4440508,5,4,36
1761623061.4810507,2,2,20
1761623061.5190508,-6,5,38
1761623061.5570507,-8,2,37
1761623061.5930507,0,5,30
1761623061.630051,3,0,20
1761623061.6680508,2,-1,24
1761623061.7040508,4,0,13
1761623061.7410507,-1,-2,33
1761623061.7790508,2,-7,24
1761623061.8180506,0,-8,27
1761623061.8540506,-4,-7,24
1761623061.8910508,-5,-3,33
1761623061.9290507,-4,-3,38
1761623061.9680507,-6,-3,26
1761623062.0040507,-5,-3,36
1761623062.041051,-5,-6,39
1761623062.0790508,5,-1,33
1761623062.1180508,7,-5,21
1761623062.1540508,4,-2,20
1761623062.1910508,0,-1,23
1761623062.2290506,7,0,21
1761623062.2650506,6,-3,38
1761623062.3020508,-6,-4,29
1761623062.3400507,-6,-5,33
1761623062.3790507,-4,-8,31
1761623062.4150507,-4,-4,20
1761623062.4520507,-7,-3,29
1761623062.4900508,-7,-7,34
1761623062.5290508,-7,6,39
1761623062.5650508,-5,0,34
1761623062.6030507,-2,4,34
1761623062.6400506,-2,1,35
1761623062.6790507,-2,-1,25
1761623062.7150507,5,0,31
1761623062.7520506,-9,-3,34
1761623062.7900507,-6,5,30
1761623062.8280506,-4,5,19
1761623062.8640506,0,-2,42
1761623062.9010508,2,0,31
1761623062.939051,4,2,27
1761623062.9750507,-5,-3,36
1761623063.0130508,0,-4,36
1761623063.051051,-1,-8,41
1761623063.0900507,-1,-2,33
1761623063.1280508,-5,0,38
1761623063.1640508,-1,9,25
1761623063.2010508,6,0,22
1761623063.2390506,-2,3,40
1761623063.2750506,0,1,42
1761623063.314051,0,-1,39
1761623063.3510506,-1,0,38
1761623063.3890507,0,3,23
1761623063.4250507,-1,1,22
1761623063.4640508,0,-2,48
1761623063.5010507,0,-4,29
1761623063.5390508,-12,-3,32
1761623063.5750508,-1,-2,23
1761623063.6130507,-9,-2,25
1761623063.6510508,-4,0,37
1761623063.689051,-7,-7,23
1761623063.7250507,-5,-5,29
1761623063.7640507,8,-5,25
1761623063.801051,5,-2,32
1761623063.8390508,10,-6,26
1761623063.8750508,5,-2,30
1761623063.9120507,0,-2,20
1761623063.9500508,-1,0,40
1761623063.9880507,0,-6,37
1761623064.0240507,0,-1,36
1761623064.061051,6,3,39
1761623064.0990508,4,0,33
1761623064.1350508,3,2,31
1761623064.1730506,10,0,37
1761623064.2100508,2,1,43
1761623064.2460508,0,-4,37
1761623064.2830508,-2,-8,34
1761623064.3210506,0,-4,36
1761623064.3590508,-1,-4,37
1761623064.3950508,-4,-5,41
1761623064.4330506,-4,0,39
1761623064.4710507,0,2,19
1761623064.5090508,6,2,20
1761623064.5450506,8,-2,22
1761623064.584051,-1,0,19
1761623064.6220508,-2,-2,25
1761623064.6600506,-2,-2,31
1761623064.699051,0,-3,26
1761623064.735051,-4,-1,37
1761623064.7730508,-3,0,42
1761623064.8100507,2,0,31
1761623064.8460507,-3,1,38
1761623064.883051,0,4,24
1761623064.9200506,-2,1,26
1761623064.9560506,7,1,26
1761623064.9930508,0,1,45
1761623065.0310507,4,9,46
1761623065.0690508,-1,2,38
1761623065.1050508,-6,3,40
1761623065.1420507,3,-3,36
1761623065.1800506,11,-3,34
1761623065.2160506,3,-3,41
1761623065.2540507,3,-3,29
1761623065.291051,3,2,17
1761623065.3290508,-7,-1,27
1761623065.3650508,-4,-2,25
1761623065.4020507,-6,-8,42
1761623065.4410508,-4,-6,35
1761623065.4790506,-2,-4,37
1761623065.5150506,-3,-5,26
1761623065.5520508,-3,-2,36
1761623065.5910506,-9,-1,30
1761623065.6290507,-7,-3,28
1761623065.6650507,-4,-7,25
1761623065.7020507,0,-10,32
1761623065.7400508,0,-4,33
1761623065.7760508,-2,-6,35
1761623065.8130507,0,-5,31
1761623065.8510506,0,-3,40
1761623065.8900506,1,-7,32
1761623065.926051,1,-5,39
1761623065.9630508,11,-2,38
1761623066.0010507,4,0,39
1761623066.0390508,8,0,19
1761623066.0750508,1,0,17
1761623066.1120508,2,1,30
1761623066.1500506,-1,-2,20
1761623066.186051,1,-4,31
1761623066.2230508,4,-3,29
1761623066.2610507,2,-5,37
1761623066.2970507,1,0,28
1761623066.334051,-1,2,39
1761623066.3720508,-1,3,44
1761623066.4100506,-2,-1,27
1761623066.4460506,1,0,35
1761623066.4830508,7,7,24
1761623066.5210507,4,6,37
1761623066.5570507,0,2,35
1761623066.5940506,7,0,43
1761623066.6310508,-6,3,33
1761623066.6700506,-3,-5,28
1761623066.7060506,0,-7,27
1761623066.7430508,6,-5,40
1761623066.7810507,6,-7,33
1761623066.8170507,3,-3,31
1761623066.8550508,-1,-3,27
1761623066.893051,-1,-2,40
1761623066.9310508,-2,-2,38
1761623066.9700508,-3,3,30
1761623067.0060508,-5,0,31
1761623067.0440507,0,-2,37
1761623067.0810506,4,5,34
1761623067.1170506,-1,4,34
1761623067.1540508,-6,-4,37
1761623067.1920507,-9,-2,27
1761623067.2310507,-4,-2,30
1761623067.2670507,0,0,23
1761623067.3040507,6,0,32
1761623067.3500507,6,-6,36
1761623067.3860507,0,-5,34
1761623067.4240508,-1,-9,36
1761623067.462051,1,-3,28
1761623067.5000508,6,0,36
1761623067.5360508,-1,0,36
1761623067.574051,-1,-6,41
1761623067.6120508,-7,-7,40
1761623067.6500506,2,-9,24
1761623067.686051,5,-3,25
1761623067.7230508,-3,6,26
1761623067.7610507,5,0,34
1761623067.7970507,5,2,32
1761623067.834051,6,4,26
1761623067.8720508,0,-4,31
1761623067.9100506,-2,-3,28
1761623067.9460506,-2,-4,31
1761623067.9830508,4,0,25
1761623068.0210507,0,0,36
1761623068.0570507,2,-2,29
1761623068.0940506,-3,-3,30
1761623068.1320508,-6,-2,39
1761623068.1710508,-7,2,34
1761623068.2070508,-6,7,24
1761623068.245051,-5,1,25
1761623068.2820508,-2,-3,30
1761623068.3210506,3,2,24
1761623068.357051,-4,2,30
1761623068.3950508,-3,2,25
1761623068.4320507,-8,5,20
1761623068.4680507,-6,-3,25
1761623068.505051,-13,-8,31
1761623068.5430508,1,2,42
1761623068.5810506,5,-5,34
1761623068.6170506,0,-1,43
1761623068.6540508,-8,-5,37
1761623068.6920507,-3,-3,30
1761623068.7310507,-1,-8,18
1761623068.7670507,1,-5,24
1761623068.8040507,-3,-8,28
1761623068.8420508,7,-2,33
1761623068.8780508,3,-3,36
1761623068.9150507,-3,0,22
1761623068.9540508,-5,0,40
1761623068.9920506,-4,2,39
1761623069.028051,0,-6,39
1761623069.0650508,8,2,36
1761623069.1020508,2,0,40
1761623069.1410508,-5,-3,28
1761623069.1770508,1,0,33
1761623069.2140508,3,-2,35
1761623069.2520506,0,0,29
1761623069.288051,-2,-6,30
1761623069.3260508,2,-7,32
1761623069.3640506,-3,-5,46
1761623069.4020507,-1,-2,33
1761623069.4410508,0,-2,36
1761623069.4770508,-2,0,28
1761623069.5140507,3,2,28
1761623069.5530508,-4,2,30
1761623069.5910506,-2,0,21
1761623069.6270506,-7,-5,25
1761623069.6640508,3,-5,33
1761623069.7030506,0,-5,27
1761623069.7410507,7,0,32
1761623069.7770507,3,1,32
1761623069.814051,4,-6,25
1761623069.8530507,5,0,30
1761623069.8910508,-5,1,35
1761623069.9270508,-7,2,42
1761623069.9640508,4,1,40
1761623070.0030508,2,0,35
1761623070.041051,6,2,34
1761623070.0770507,4,1,35
1761623070.1150508,0,0,31
1761623070.153051,0,1,29
1761623070.1910508,3,3,33
1761623070.2270508,0,-1,30
1761623070.2640507,-2,-1,34
1761623070.3030508,-1,-2,33
1761623070.3410506,3,-5,26
1761623070.3770506,4,-2,29
1761623070.4140508,6,-5,36
1761623070.4520507,3,1,29
1761623070.4880507,-4,4,39
1761623070.5250506,4,2,30
1761623070.5630507,5,0,23
1761623070.5990508,-1,-4,22
1761623070.6360507,-5,-7,26
1761623070.6740508,0,-4,25
1761623070.712051,5,3,25
1761623070.7480507,0,6,31
1761623070.7850506,-2,1,28
1761623070.8230507,6,0,29
1761623070.8590508,1,0,31
1761623070.8960507,-7,-7,23
1761623070.9340508,-4,-8,32
1761623070.9730508,-2,0,44
1761623071.0090508,0,0,36
1761623071.0460508,1,1,30
1761623071.0830507,1,3,26
1761623071.1190507,1,0,25
1761623071.1560507,-1,1,35
1761623071.1940508,2,-1,35
1761623071.232051,4,3,28
1761623071.268051,2,0,27
1761623071.3050506,-1,5,28
1761623071.3430507,8,0,30
1761623071.3790507,3,0,38
1761623071.416051,-1,-1,36
1761623071.4540508,5,-8,30
1761623071.4930508,6,-8,32
1761623071.5290508,7,-2,41
1761623071.5660508,10,-3,47
1761623071.6040506,5,-7,33
1761623071.6420507,-3,-6,36
1761623071.6780508,-3,-4,33
1761623071.7150507,0,0,44
1761623071.7540507,-3,2,39
1761623071.7920508,-3,4,34
1761623071.8280506,-2,3,23
1761623071.8650508,-3,5,36
1761623071.9040508,0,0,37
1761623071.9420507,8,7,30
1761623071.9780507,-2,0,33
1761623072.0150506,0,0,36
1761623072.0530508,1,0,43
1761623072.0890508,0,-6,34
1761623072.1260507,4,-1,41
1761623072.1640508,5,-7,33
1761623072.2020507,7,0,34
1761623072.2380507,-2,-5,32
1761623072.2760508,-3,0,31
1761623072.314051,6,-2,28
1761623072.3520508,0,4,29
1761623072.3880508,-1,5,25
1761623072.4250507,1,8,25
1761623072.4630508,-2,-2,31
1761623072.4990506,-2,-1,34
1761623072.5360508,2,0,30
1761623072.574051,6,-1,39
1761623072.6120508,4,-2,37
1761623072.6480508,0,-1,25
1761623072.686051,-1,-11,28
1761623072.7240508,-7,-5,37
1761623072.7630508,-5,-1,34
1761623072.7990508,-1,-7,35
1761623072.8360507,1,-1,46
1761623072.8740506,0,1,41
1761623072.9100506,3,1,25
1761623072.9470508,6,0,24
1761623072.9840508,5,-7,25
1761623073.0230508,-1,-4,33
1761623073.0590508,-7,4,43
1761623073.0960507,-4,8,27
1761623073.1340508,-1,0,34
1761623073.1700506,2,-1,35
1761623073.2080507,-1,-8,34
1761623073.2460508,-6,-6,48
1761623073.2840507,-1,-2,42
1761623073.3230507,-1,-5,29
1761623073.3590508,6,-1,32
1761623073.3970506,0,0,40
1761623073.4340508,-2,1,42
1761623073.4700508,-3,-3,40
1761623073.508051,0,2,32
1761623073.5450506,-8,2,30
1761623073.5830507,0,8,39
1761623073.6190507,4,7,30
1761623073.6560507,4,1,36
1761623073.6940508,0,-3,27
1761623073.7300508,-1,2,17
1761623073.7670507,-2,3,27
1761623073.8050506,-5,3,17
1761623073.8430507,-2,0,28
1761623073.8790507,4,-6,29
1761623073.9170508,-7,-1,34
1761623073.9560506,0,0,30
1761623073.9940507,2,0,30
1761623074.0300508,5,-1,14
1761623074.0670507,3,2,22
1761623074.1050508,6,4,27
1761623074.143051,4,4,39
1761623074.1790507,2,7,41
1761623074.2160506,6,0,29
1761623074.2540507,2,-2,28
1761623074.2900507,-1,-7,33
1761623074.3270507,-3,-2,33
1761623074.3650508,-3,0,36
1761623074.403051,0,-6,33
1761623074.439051,-3,0,34
1761623074.4760506,-7,0,37
1761623074.5140507,6,-3,21
1761623074.5500507,0,-1,28
1761623074.587051,3,-9,33
1761623074.6250508,8,-8,29
1761623074.663051,-4,-10,32
1761623074.699051,12,-8,40
1761623074.7360508,8,0,47
1761623074.7750506,5,-1,49
1761623074.8130507,-3,-1,32
1761623074.8490508,8,-4,32
1761623074.8860507,3,-1,31
1761623074.9250507,0,-2,32
1761623074.9610507,0,-1,33
1761623074.9980507,1,3,32
1761623075.0350506,2,1,33
1761623075.0710506,0,-3,28
1761623075.1090508,-6,-6,36
1761623075.1460507,1,-4,28
1761623075.1840508,3,4,32
1761623075.2200508,0,7,34
1761623075.2570508,3,1,33
1761623075.2950506,2,5,33
1761623075.3310506,0,0,32
1761623075.3680508,3,-4,30
1761623075.4050508,1,1,27
1761623075.4410508,0,1,45
1761623075.4780507,0,-4,43
1761623075.5160508,0,0,44
1761623075.5540507,-5,-1,40
1761623075.5900507,-9,-3,45
1761623075.6280508,-3,-6,47
1761623075.666051,0,-2,33
1761623075.7040508,1,-6,30
1761623075.7410507,2,-10,25
1761623075.778051,2,-6,23
1761623075.8160508,2,-2,23
1761623075.8550508,0,-5,36
1761623075.8910508,-8,-12,29
1761623075.9280508,-2,-6,33
1761623075.9660506,8,-5,29
1761623076.0040507,-1,0,32
1761623076.0400507,7,-4,40
1761623076.0770507,8,-6,31
1761623076.1150508,7,-4,36
1761623076.1510508,2,-4,36
1761623076.1880507,-3,-2,31
1761623076.2260506,0,-6,41
1761623076.2640507,5,-8,47
1761623076.3000507,9,-5,48
1761623076.3380508,8,-10,45
1761623076.3760507,3,-7,39
1761623076.4140508,0,-4,35
1761623076.4500508,-1,-4,36
1761623076.4870508,0,-10,32
1761623076.5260508,-3,0,33
1761623076.564051,3,-6,44
1761623076.6000507,0,0,43
1761623076.6370506,4,-1,33
1761623076.676051,2,1,35
1761623076.7140508,-3,0,32
1761623076.7500508,0,1,20
1761623076.7870507,0,0,31
1761623076.8250508,1,0,35
1761623076.8610508,3,1,37
1761623076.8990507,4,-9,35
1761623076.936051,-9,-2,34
1761623076.9750507,-8,1,31
1761623077.0110507,-7,0,33
1761623077.0490508,-6,-8,26
1761623077.0880508,5,-4,36
1761623077.1260507,0,-3,25
1761623077.1620507,2,1,36
1761623077.199051,2,-1,28
1761623077.2360508,4,0,42
1761623077.2720506,-2,4,28
1761623077.3090508,-3,4,36
1761623077.3550508,4,8,34
1761623077.3910508,7,1,32
1761623077.4280508,-2,-3,38
1761623077.4670508,3,4,33
1761623077.505051,-2,-4,37
1761623077.541051,-1,0,33
1761623077.5780506,-2,0,38
1761623077.6170506,1,3,30
1761623077.6550508,0,7,27
1761623077.6910508,0,2,28
1761623077.7280507,3,-4,29
1761623077.7660508,9,-4,39
1761623077.8020508,5,-6,39
1761623077.8390508,-1,2,42
1761623077.8760507,-7,-2,35
1761623077.9150507,-4,-6,27
1761623077.9510508,-1,0,37
1761623077.9880507,1,-3,26
1761623078.0260508,2,-1,28
1761623078.0620508,1,1,32
1761623078.0990508,3,4,43
1761623078.1370506,-1,-3,36
1761623078.176051,0,-8,30
1761623078.212051,1,-10,19
1761623078.2500508,3,-8,24
1761623078.2870507,3,-5,35
1761623078.3260508,0,-3,38
1761623078.3620508,3,-4,42
1761623078.4000506,-3,-7,34
1761623078.4370508,4,3,41
1761623078.4750507,2,0,31
1761623078.5110507,0,-3,39
1761623078.5500507,-5,-5,31
1761623078.587051,-4,-3,43
1761623078.6260507,-4,-5,42
1761623078.663051,2,-3,36
1761623078.7000508,-2,0,46
1761623078.7370508,-3,-3,35
1761623078.7760508,0,-2,27
1761623078.8130507,-7,-4,31
1761623078.8500507,-5,-4,29
1761623078.8880508,-2,-6,26
1761623078.9270508,3,0,43
1761623078.9650507,-1,0,31
1761623079.0010507,2,0,32
1761623079.038051,5,-2,39
1761623079.0760508,0,-1,34
1761623079.1120508,0,1,43
1761623079.1490507,3,2,31
1761623079.1870508,-1,-3,44
1761623079.2260506,4,6,28
1761623079.2620506,0,1,35
1761623079.2990508,1,-3,30
1761623079.337051,2,-1,26
1761623079.3730507,3,-5,29
1761623079.4100506,2,0,25
1761623079.4480507,-7,0,33
1761623079.4870508,-4,6,27
1761623079.5230508,3,0,27
1761623079.5600507,3,6,36
1761623079.5980508,2,0,43
1761623079.6360507,1,-3,47
1761623079.6720507,-2,0,40
1761623079.709051,-2,1,38
1761623079.7470508,-5,0,35
1761623079.7830508,0,-5,27
1761623079.8200507,1,-6,33
1761623079.857051,-1,-5,32
1761623079.8960507,0,3,32
1761623079.9320507,-1,3,29
1761623079.9690506,-1,0,27
1761623080.0070508,-4,0,31
1761623080.0430508,-1,2,24
1761623080.0810506,-2,-5,23
1761623080.120051,0,-2,20
1761623080.1580508,0,-4,37
1761623080.1960506,-5,-4,33
1761623080.232051,0,-3,32
1761623080.2700508,-4,-5,32
1761623080.3080506,-5,-5,32
1761623080.3460507,-2,0,38
1761623080.3820508,4,-5,36
1761623080.4190507,5,-9,39
1761623080.4580507,2,-5,22
1761623080.4960508,0,0,23
1761623080.5320508,-2,-7,30
1761623080.5700507,0,-4,26
1761623080.6080508,2,2,33
1761623080.6460507,-1,2,41
1761623080.6820507,0,6,39
1761623080.7190506,0,3,43
1761623080.7570508,4,0,40
1761623080.7930508,-3,2,22
1761623080.8310506,-4,0,21
1761623080.8680508,2,-2,33
1761623080.9070508,0,1,39
1761623080.9430506,0,3,30
1761623080.9810507,-2,0,32
1761623081.018051,-6,0,27
1761623081.0570507,0,-1,34
1761623081.0930507,2,-5,32
1761623081.1310508,4,3,44
1761623081.1680508,1,-2,37
1761623081.2070508,-8,1,33
1761623081.2430508,-7,7,21
1761623081.2810507,-1,-4,24
1761623081.3190508,1,-4,18
1761623081.3580508,7,-7,28
1761623081.3960507,-4,-1,21
1761623081.4320507,1,-2,25
1761623081.4690506,0,0,25
1761623081.5070508,1,0,29
1761623081.5430508,-4,0,32
1761623081.5810506,-1,3,30
1761623081.620051,-8,7,28
1761623081.6580508,-2,-5,33
1761623081.6940508,1,-4,40
1761623081.7310507,0,4,39
1761623081.768051,-5,8,32
1761623081.8040507,-5,1,41
1761623081.8410506,-6,12,41
1761623081.8780508,-9,8,29
1761623081.9170508,-9,2,33
1761623081.9530506,-4,1,17
1761623081.9900508,1,-5,17
1761623082.028051,0,1,27
1761623082.064051,2,8,29
1761623082.1010506,4,5,36
1761623082.1380508,-4,4,34
1761623082.1740508,-3,2,35
1761623082.212051,0,1,32
1761623082.2490506,-3,5,34
1761623082.2870507,0,1,26
1761623082.3230507,1,-3,25
1761623082.360051,0,-3,31
1761623082.3980508,-4,-7,36
1761623082.4340508,-10,-1,37
1761623082.472051,-2,-3,26
1761623082.5100508,-9,-6,32
1761623082.5490508,-3,-6,33
1761623082.587051,-2,-6,40
1761623082.6230507,-2,-4,26
1761623082.6600506,-9,1,38
1761623082.699051,-3,10,33
1761623082.7370508,0,5,34
1761623082.7730508,2,3,27
1761623082.8100507,1,-2,33
1761623082.8480508,-2,0,33
1761623082.8840508,2,5,37
1761623082.9220507,2,-4,42
1761623082.9600508,3,3,37
1761623082.9980507,-4,-5,35
1761623083.0340507,-10,-2,24
1761623083.0720508,-1,-1,31
1761623083.110051,0,0,36
1761623083.1480508,0,1,31
1761623083.1840508,-2,1,30
1761623083.2230508,0,-2,26
1761623083.2600508,-2,-1,35
1761623083.2990508,1,-2,37
1761623083.337051,0,-3,41
1761623083.3730507,1,-4,30
1761623083.4100506,11,-2,30
1761623083.4480507,9,-3,32
1761623083.4840508,1,-3,32
1761623083.5210507,5,0,31
1761623083.5590508,3,6,40
1761623083.5950508,3,2,36
1761623083.6320508,2,-2,38
1761623083.6690507,5,3,39
1761623083.7050507,6,-2,42
1761623083.7420506,-1,2,33
1761623083.7800508,-1,1,21
1761623083.8190508,0,-2,35
1761623083.8550508,0,-6,28
1761623083.8920507,-3,0,28
1761623083.9300506,-1,-1,18
1761623083.9690506,-1,0,28
1761623084.005051,7,3,32
1761623084.0420508,5,-1,27
1761623084.0800507,1,-3,36
1761623084.1190507,8,-1,25
1761623084.1550508,4,0,31
1761623084.1920507,6,1,30
1761623084.2300508,3,4,45
1761623084.2690508,2,4,43
1761623084.3050506,0,-1,38
1761623084.3420508,-3,-1,26
1761623084.380051,-1,0,27
1761623084.4190507,-4,-1,32
1761623084.4550507,-3,-1,34
1761623084.4920506,-5,-7,38
1761623084.5300508,0,-5,30
1761623084.5680506,0,0,31
1761623084.6040506,-2,1,36
1761623084.6410508,1,6,34
1761623084.6790507,2,6,33
1761623084.7150507,0,0,41
1761623084.7520506,0,-4,39
1761623084.7900507,0,0,30
1761623084.8280506,1,-2,31
1761623084.8640506,-5,1,30
1761623084.9010508,2,-3,28
1761623084.939051,5,0,16
1761623084.9750507,-1,-1,27
1761623085.0120506,0,3,33
1761623085.0500507,-4,4,25
1761623085.0880508,0,1,35
1761623085.1240506,1,1,34
1761623085.1610508,-3,4,30
1761623085.2000508,3,-2,40
1761623085.2380507,5,0,36
1761623085.2740507,6,-3,28
1761623085.311051,0,-9,21
1761623085.3500507,2,-4,28
1761623085.3880508,-3,-1,29
1761623085.4240508,-4,0,26
1761623085.4610507,-6,-7,40
1761623085.5000508,-4,0,43
1761623085.538051,0,4,33
1761623085.574051,0,2,38
1761623085.6110508,2,-3,35
1761623085.6490507,3,-4,31
1761623085.6850507,3,-1,27
1761623085.722051,2,-4,28
1761623085.7600508,-4,0,28
1761623085.7960508,-2,0,43
1761623085.8330507,2,1,31
1761623085.8710508,-1,1,29
1761623085.9090507,0,0,23
1761623085.9450507,-3,0,35
1761623085.982051,-2,7,37
1761623086.0200508,3,9,32
1761623086.0560508,0,10,33
1761623086.0930507,-2,-3,40
1761623086.1320508,-3,-3,38
1761623086.1700506,2,0,45
1761623086.2060506,1,0,33
1761623086.2430508,1,0,36
1761623086.2800508,0,3,36
1761623086.3160508,0,5,38
1761623086.3530507,-2,0,31
1761623086.3910508,1,-4,36
1761623086.4300506,-2,-1,24
1761623086.4660506,1,1,22
1761623086.5030508,4,-5,31
1761623086.541051,0,-3,39
1761623086.5790508,7,-5,24
1761623086.6150508,6,0,17
1761623086.6520507,0,4,30
1761623086.6900508,-7,4,34
1761623086.7260506,-6,0,28
1761623086.7630508,-3,2,32
1761623086.801051,-3,-1,32
1761623086.8390508,-1,2,37
1761623086.8750508,-1,0,36
1761623086.913051,-2,-2,14
1761623086.9510508,1,-1,31
1761623086.9900508,1,-2,31
1761623087.0260508,5,0,31
1761623087.0630507,-7,-1,22
1761623087.1010506,-2,-3,28
1761623087.1400506,2,-3,28
1761623087.176051,-4,-3,33
1761623087.2130508,5,-8,43
1761623087.2510507,4,-2,39
1761623087.2890508,-1,-4,33
1761623087.3250508,0,0,28
1761623087.3710508,0,-3,26
1761623087.4090507,0,4,28
1761623087.4450507,-5,1,27
1761623087.4830508,7,-2,46
1761623087.5210507,1,0,33
1761623087.5590508,-1,3,39
1761623087.5950508,-4,1,40
1761623087.6320508,5,5,39
1761623087.6700506,7,13,35
1761623087.7060506,0,-3,34
1761623087.7430508,-2,-1,40
1761623087.7810507,-4,-5,41
1761623087.8200507,-5,-2,33
1761623087.8560507,-8,5,30
1761623087.893051,-8,-2,27
1761623087.9310508,-12,0,41
1761623087.9700508,-7,0,31
1761623088.0060508,-1,1,23
1761623088.0430508,-7,-2,33
1761623088.0810506,-2,2,34
1761623088.1170506,1,4,36
1761623088.1540508,-6,-2,25
1761623088.1920507,-4,0,20
1761623088.2310507,-1,6,22
1761623088.2670507,-5,1,24
1761623088.3040507,-2,0,43
1761623088.3420508,-1,0,28
1761623088.3810508,-3,-7,33
1761623088.4170508,0,-6,25
1761623088.4540508,0,-1,25
1761623088.4910507,5,0,33
1761623088.5270507,1,-3,33
1761623088.5650508,-1,-3,35
1761623088.6020508,1,1,27
1761623088.6400506,7,-6,26
1761623088.676051,2,0,26
1761623088.7130508,0,-5,36
1761623088.7510507,1,-2,34
1761623088.7870507,-1,-1,33
1761623088.8250508,0,3,27
1761623088.8630507,1,0,33
1761623088.9010508,-5,-1,33
1761623088.9370508,-4,1,36
1761623088.9750507,-8,1,38
1761623089.0130508,-4,4,36
1761623089.051051,0,0,32
1761623089.087051,-6,0,38
1761623089.1250508,3,-5,39
1761623089.163051,-2,-14,45
1761623089.2020507,2,-7,36
1761623089.2400508,0,0,31
1761623089.2760508,0,-4,29
1761623089.3130507,6,-4,29
1761623089.3510506,2,-2,31
1761623089.3870506,3,1,30
1761623089.4240508,2,-5,28
1761623089.462051,0,-2,35
1761623089.5000508,-3,-2,45
1761623089.5360508,0,0,40
1761623089.5730507,0,-8,36
1761623089.6110508,3,1,27
1761623089.6470506,-1,0,35
1761623089.6840508,1,0,34
1761623089.722051,3,0,28
1761623089.7600508,6,2,37
1761623089.7960508,3,1,32
1761623089.8330507,2,1,40
1761623089.8720508,0,-2,32
1761623089.9100506,0,-2,20
1761623089.9460506,-2,-4,28
1761623089.9840508,6,-1,38
1761623090.0220506,1,0,41
1761623090.0580506,-3,0,33
1761623090.0960507,0,-4,28
1761623090.133051,-7,-1,20
1761623090.1720507,-6,2,37
1761623090.2080507,-4,-3,42
1761623090.2460508,-7,-9,31
1761623090.2840507,-9,1,34
1761623090.3220508,-1,3,44
1761623090.3580508,-1,-4,33
1761623090.3960507,-4,0,33
1761623090.4330506,-1,-1,29
1761623090.472051,6,3,35
1761623090.508051,0,2,34
1761623090.5460508,-5,-1,39
1761623090.584051,-1,-6,31
1761623090.6220508,-8,-11,35
1761623090.6610508,-2,-5,22
1761623090.6970508,0,-9,39
1761623090.7340508,4,-5,46
1761623090.7720506,-4,-2,32
1761623090.811051,-4,0,34
1761623090.847051,0,1,28
1761623090.8850508,0,1,30
1761623090.9220507,-9,3,19
1761623090.9580507,-13,-3,19
1761623090.9960508,-3,-5,40
1761623091.0340507,-5,0,40
1761623091.0730507,-1,0,40
1761623091.1110508,0,-5,40
1761623091.1470506,1,0,30
1761623091.1840508,1,-1,42
1761623091.2230508,1,-1,37
1761623091.2610507,3,4,32
1761623091.2970507,8,4,24
1761623091.334051,5,2,22
1761623091.3720508,-7,-1,27
1761623091.4080508,-7,3,24
1761623091.4460506,-10,0,27
1761623091.4830508,-9,-3,15
1761623091.5220506,0,1,34
1761623091.5580506,4,0,23
1761623091.5960507,4,0,34
1761623091.633051,5,-5,34
1761623091.6710508,8,2,40
1761623091.7070508,2,-2,31
1761623091.7440507,-1,3,40
1761623091.7820508,1,6,35
1761623091.8180506,4,4,36
1761623091.8550508,-2,1,30
1761623091.893051,-2,-1,31
1761623091.9310508,-2,-7,38
1761623091.9670508,-1,-4,33
1761623092.0040507,-3,-1,16
1761623092.0430508,-2,-1,30
1761623092.0810506,-4,-1,38
1761623092.1170506,-2,3,35
1761623092.1550508,-4,0,42
1761623092.1930506,-1,0,26
1761623092.2310507,-1,-3,30
1761623092.2670507,-8,-4,30
1761623092.3040507,0,-7,28
1761623092.3430507,-1,-6,24
1761623092.3810508,4,-2,41
1761623092.4170508,1,-1,35
1761623092.4540508,0,-1,20
1761623092.4930508,-6,6,37
1761623092.5290508,-3,4,38
1761623092.5670507,-5,2,39
1761623092.6050508,-8,-1,31
1761623092.643051,-3,5,26
1761623092.6820507,1,0,32
1761623092.7180507,2,3,40
1761623092.755051,3,4,37
1761623092.7930508,5,-1,26
1761623092.8290508,0,-7,40
1761623092.8660507,4,-4,34
1761623092.9050508,4,-1,32
1761623092.9430506,5,-2,29
1761623092.9790506,3,1,37
1761623093.0160508,4,0,30
1761623093.0530508,0,-1,34
1761623093.0890508,6,5,28
1761623093.1270506,3,0,26
1761623093.1640508,-4,1,38
1761623093.2020507,3,0,28
1761623093.2380507,0,0,34
1761623093.2750506,4,2,30
1761623093.3130507,4,-5,31
1761623093.3490508,3,3,35
1761623093.3860507,-1,-5,34
1761623093.4240508,-12,-2,39
1761623093.4630508,-3,3,27
1761623093.4990506,-2,1,28
1761623093.5370507,-4,-1,36
1761623093.5750508,0,-1,38
1761623093.6130507,-2,-3,26
1761623093.6490507,6,-1,29
1761623093.686051,-8,-7,33
1761623093.7240508,1,0,28
1761623093.7630508,0,0,25
1761623093.7990508,6,-6,23
1761623093.837051,-1,-7,29
1761623093.8750508,-2,-1,28
1761623093.9140508,6,-3,38
1761623093.9520507,-4,-3,32
1761623093.9880507,-7,-4,35
1761623094.0250506,0,-1,36
1761623094.0630507,0,0,26
1761623094.0990508,-3,-3,24
1761623094.1360507,-3,-2,28
1761623094.1740508,4,-2,29
1761623094.2130508,4,0,36
1761623094.2490506,0,-2,41
1761623094.288051,2,-8,46
1761623094.3250508,6,-3,30
1761623094.3630507,2,-3,32
1761623094.3990507,2,0,34
1761623094.436051,2,-2,18
1761623094.4740508,2,-4,18
1761623094.5130508,0,-6,27
1761623094.5490508,6,-4,32
1761623094.5860507,-3,-5,35
1761623094.6240506,1,-5,32
1761623094.663051,2,-6,35
1761623094.699051,6,-9,31
1761623094.7360508,5,-5,31
1761623094.7740507,-6,-1,29
1761623094.8100507,2,0,48
1761623094.847051,-1,0,38
1761623094.8840508,-2,1,35
1761623094.9200506,-2,0,34
1761623094.9570508,1,-3,24
1761623094.995051,3,-3,18
1761623095.0340507,0,-4,23
1761623095.0700507,0,-9,13
1761623095.107051,0,-8,34
1761623095.1450508,-3,-9,36
1761623095.1840508,-2,-7,42
1761623095.2200508,0,-2,38
1761623095.2570508,-2,-2,35
1761623095.2950506,-7,-1,31
1761623095.334051,4,1,37
1761623095.370051,-2,0,37
1761623095.4070508,-5,2,31
1761623095.4450507,0,0,23
1761623095.4830508,-4,0,39
1761623095.5190508,-6,1,38
1761623095.5560508,3,-2,33
1761623095.5940506,-1,-2,36
1761623095.630051,6,0,22
1761623095.6670508,7,3,30
1761623095.7050507,2,3,39
1761623095.7430508,1,4,38
1761623095.7790508,5,7,43
1761623095.8170507,1,0,32
1761623095.8550508,2,-1,42
1761623095.893051,-4,-5,42
1761623095.9290507,2,-2,32
1761623095.9660506,0,0,33
1761623096.0040507,0,-5,34
1761623096.0400507,3,-9,34
1761623096.0780506,-1,-6,23
1761623096.1160507,4,-11,33
1761623096.1540508,-1,0,34
1761623096.1900508,-4,1,40
1761623096.2280507,4,-2,43
1761623096.2660508,-1,-6,36
1761623096.3050506,-1,-5,39
1761623096.3430507,-7,-2,40
1761623096.3790507,-5,-5,53
1761623096.4170508,-7,-7,36
1761623096.4550507,0,0,39
1761623096.4930508,1,-5,32
1761623096.5290508,0,1,32
1761623096.5670507,3,-1,38
1761623096.6050508,-3,-2,38
1761623096.6410508,5,-4,34
1761623096.6780508,0,-2,32
1761623096.7150507,3,-8,26
1761623096.7540507,2,0,33
1761623096.7900507,-1,-4,21
1761623096.8280506,-4,0,32
1761623096.8650508,-4,0,16
1761623096.9040508,0,-3,23
1761623096.9400508,6,-7,32
1761623096.9780507,6,1,26
1761623097.0150506,-2,-3,23
1761623097.0540507,6,1,30
1761623097.0900507,5,-5,24
1761623097.1280508,3,0,27
1761623097.1650507,7,-1,31
1761623097.2010508,-1,4,29
1761623097.2380507,-1,2,39
1761623097.2750506,0,2,40
1761623097.311051,-2,-6,31
1761623097.3500507,1,-5,41
1761623097.3950508,-9,-1,33
1761623097.4310508,-7,-1,27
1761623097.4690506,-6,0,26
1761623097.5070508,-4,0,35
1761623097.5450506,0,-6,25
1761623097.5810506,0,-10,31
1761623097.6180508,3,0,34
1761623097.6560507,4,-4,37
1761623097.6940508,0,-8,24
1761623097.7300508,0,-6,34
1761623097.7670507,6,-1,29
1761623097.8050506,1,-1,32
1761623097.8410506,-2,-6,31
1761623097.8790507,-8,-9,43
1761623097.916051,-2,-6,36
1761623097.9550507,-4,-1,30
1761623097.9910507,6,-2,36
1761623098.028051,0,-4,41
1761623098.0660508,-4,-12,41
1761623098.1050508,6,-8,31
1761623098.1420507,6,-3,29
1761623098.1790507,-6,-8,31
1761623098.2170508,-1,-6,21
1761623098.2560508,1,-2,33
1761623098.2940507,-1,-3,34
1761623098.3300507,-4,-12,27
1761623098.3680508,2,-7,35
1761623098.4060507,-1,-2,27
1761623098.4440508,0,2,24
1761623098.4800508,0,-2,29
1761623098.5170507,-5,-4,36
1761623098.5560508,-5,-5,23
1761623098.5940506,0,3,26
1761623098.630051,0,4,33
1761623098.6670508,-1,0,35
1761623098.7050507,4,0,37
1761623098.7410507,-4,-4,43
1761623098.7790508,-10,-9,40
1761623098.8170507,-2,-5,31
1761623098.8560507,0,-7,27
1761623098.8920507,-1,-8,25
1761623098.9290507,0,-7,32
1761623098.9660506,-8,-2,36
1761623099.005051,-3,5,41
1761623099.0420508,1,1,37
1761623099.0790508,5,-3,39
1761623099.1160507,8,-13,37
1761623099.1520507,0,-1,22
1761623099.189051,0,1,27
1761623099.2270508,1,-5,29
1761623099.2650506,4,-4,29
1761623099.301051,4,-10,28
1761623099.3390508,3,-3,35
1761623099.3770506,-2,-8,34
1761623099.416051,-1,-2,29
1761623099.4520507,0,0,32
1761623099.4890506,2,-3,38
1761623099.5270507,1,0,33
1761623099.5650508,-3,1,19
1761623099.6020508,-2,-5,18
1761623099.6390507,0,-5,27
1761623099.6770508,-4,-6,22
1761623099.7160506,0,-1,32
1761623099.7520506,-3,-4,43
1761623099.7890508,0,-1,39
1761623099.8270507,2,-1,32
1761623099.8650508,-1,0,31
1761623099.9010508,3,-5,18
1761623099.9380507,0,-10,18
1761623099.9760506,0,-3,30
1761623100.0120506,-5,0,28
1761623100.0490508,-1,-1,28
1761623100.087051,-3,2,38
1761623100.1250508,-9,-1,29
1761623100.1610508,0,-3,46
1761623100.199051,0,0,43
1761623100.2370508,0,0,39
1761623100.2750506,-4,3,37
1761623100.311051,-1,1,28
1761623100.3480508,-3,-8,39
1761623100.3870506,0,-2,41
1761623100.4250507,-5,-4,29
1761623100.4610507,-2,-4,25
1761623100.4980507,2,-2,26
1761623100.5370507,-6,-6,32
1761623100.5750508,1,-7,41
1761623100.6110508,0,-2,26
1761623100.6490507,-1,-3,31
1761623100.6870508,0,-6,28
1761623100.7250507,0,0,36
1761623100.7610507,-2,-9,30
1761623100.7980506,-8,-9,28
1761623100.837051,0,-5,38
1761623100.8730507,4,-1,29
1761623100.9100506,2,-2,32
1761623100.9470508,-3,-3,28
1761623100.9860508,-9,-2,29
1761623101.0220506,-14,-6,27
1761623101.0600507,-4,-4,35
1761623101.0980508,0,-2,33
1761623101.1370506,3,1,33
1761623101.1730506,6,-1,35
1761623101.2100508,4,-4,44
1761623101.2470508,0,1,37
1761623101.2830508,5,0,39
1761623101.3200507,1,-1,42
1761623101.357051,2,0,35
1761623101.393051,-4,-2,39
1761623101.4320507,-6,-5,32
1761623101.4690506,0,0,35
1761623101.5070508,-4,4,33
1761623101.5460508,-6,-3,21
1761623101.5820508,-7,-8,31
1761623101.6190507,5,-1,25
1761623101.6570508,2,-2,32
1761623101.6960506,2,5,29
1761623101.732051,-2,1,37
1761623101.7690508,-1,2,38
1761623101.8070507,-3,-2,39
1761623101.8430507,0,0,30
1761623101.880051,3,0,35
1761623101.9180508,-2,0,35
1761623101.9560506,4,-4,27
1761623101.9920506,2,-4,26
1761623102.0290508,0,-5,33
1761623102.0670507,-2,0,36
1761623102.1030507,-2,3,45
1761623102.1410508,4,-1,33
1761623102.1780508,9,-2,27
1761623102.2160506,-2,-1,29
1761623102.2520506,-2,1,41
1761623102.2890508,-3,1,39
1761623102.3270507,-2,-1,24
1761623102.3630507,-1,-2,40
1761623102.4000506,-3,-2,32
1761623102.4380507,-4,0,32
1761623102.4770508,0,2,35
1761623102.5130508,-1,-5,32
1761623102.5500507,0,-4,19
1761623102.5880508,0,0,31
1761623102.6260507,-7,-1,28
1761623102.6620507,-2,-2,32
1761623102.7000508,-5,0,34
1761623102.7380507,-2,-3,29
1761623102.7770507,1,2,30
1761623102.8130507,7,3,34
1761623102.8500507,-1,0,36
1761623102.8880508,0,-7,29
1761623102.926051,8,-2,31
1761623102.962051,-1,2,33
1761623102.9990506,0,-1,28
1761623103.0370507,-5,0,29
1761623103.0730507,0,-1,25
1761623103.1110508,0,-2,31
1761623103.1480508,-2,-4,23
1761623103.1870508,-3,-1,33
1761623103.2230508,-1,3,30
1761623103.2610507,-2,0,35
1761623103.2980506,7,1,29
1761623103.334051,0,-3,39
1761623103.3710508,-6,2,42
1761623103.4090507,1,-3,37
1761623103.4470508,-7,-2,30
1761623103.4830508,-1,0,32
1761623103.5210507,-2,1,31
1761623103.5590508,-2,0,30
1761623103.597051,0,-4,35
1761623103.633051,3,-9,29
1761623103.6700506,1,-3,27
1761623103.7080507,2,-4,41
1761623103.7440507,6,1,34
1761623103.7810507,1,0,32
1761623103.8180506,-5,-8,35
1761623103.857051,-1,6,39
1761623103.893051,2,1,32
1761623103.9300506,0,-2,44
1761623103.9690506,-11,1,38
1761623104.0070508,-9,-3,35
1761623104.0430508,-7,-5,36
1761623104.0800507,-4,-7,29
1761623104.1190507,0,0,38
1761623104.1570508,-8,1,43
1761623104.1930506,-3,6,37
1761623104.2310507,-8,-3,34
1761623104.2690508,-7,0,44
1761623104.3070507,0,4,26
1761623104.3430507,-1,1,32
1761623104.380051,3,-7,26
1761623104.4190507,4,0,30
1761623104.4570508,-3,0,35
1761623104.4930508,-7,0,37
1761623104.5300508,-3,-5,38
1761623104.5690508,-1,-1,29
1761623104.607051,7,0,38
1761623104.643051,4,-5,35
1761623104.6800506,5,-1,34
1761623104.7190506,2,-9,43
1761623104.7570508,1,-5,38
1761623104.7930508,3,-4,39
1761623104.8310506,0,-3,44
1761623104.8690507,6,1,34
1761623104.9070508,4,-3,24
1761623104.9430506,0,0,18
1761623104.9810507,-1,-2,24
1761623105.0190508,-2,-7,39
1761623105.0570507,-3,-3,48
1761623105.0930507,-2,-3,33
1761623105.1310508,0,-6,42
1761623105.1690507,5,0,31
1761623105.2050507,1,2,36
1761623105.2420506,-4,-7,35
1761623105.2810507,-3,-6,34
1761623105.3190508,-6,0,37
1761623105.3550508,-4,-1,33
1761623105.393051,2,-3,36
1761623105.4300506,-2,1,40
1761623105.4690506,2,4,28
1761623105.505051,4,-7,23
1761623105.5420508,3,-9,36
1761623105.5790508,5,-2,25
1761623105.6150508,0,0,26
1761623105.6520507,-1,0,34
1761623105.689051,-7,1,34
1761623105.7280507,-2,4,22
1761623105.7640507,4,4,25
1761623105.801051,0,2,30
1761623105.8390508,2,-2,41
1761623105.8750508,3,-4,39
1761623105.913051,5,-4,31
1761623105.9510508,0,-8,22
1761623105.9890506,1,-7,28
1761623106.0250506,-3,-2,19
1761623106.064051,3,-1,16
1761623106.1010506,-5,6,34
1761623106.1390507,0,0,42
1761623106.1750507,-2,0,51
1761623106.2130508,5,0,40
1761623106.2500508,2,0,28
1761623106.288051,1,-3,28
1761623106.324051,-3,-3,23
1761623106.3610508,-2,1,20
1761623106.4000506,0,1,31
1761623106.4380507,9,-8,36
1761623106.4740508,6,-4,32
1761623106.5110507,3,-9,35
1761623106.5490508,4,4,20
1761623106.5850508,5,1,25
1761623106.6230507,5,1,32
1761623106.6600506,4,1,29
1761623106.6980507,1,-7,32
1761623106.7340508,-1,-8,36
1761623106.7710507,-1,-8,34
1761623106.8100507,2,-6,27
1761623106.8480508,-4,-5,34
1761623106.8840508,1,-5,30
1761623106.9210508,4,-4,29
1761623106.9600508,-1,1,25
1761623106.9980507,-2,-4,33
1761623107.0340507,-6,-1,36
1761623107.0710506,5,0,24
1761623107.1090508,1,0,35
1761623107.1450508,-2,-7,41
1761623107.1820507,-2,-1,31
1761623107.2200508,-2,0,27
1761623107.2590508,1,8,33
1761623107.2950506,-1,4,33
1761623107.334051,-2,-3,38
1761623107.3710508,0,-1,31
1761623107.4150507,6,-3,27
1761623107.4530506,3,3,38
1761623107.4900508,5,-1,27
1761623107.5290508,0,-3,26
1761623107.5650508,0,0,27
1761623107.6020508,-3,-2,21
1761623107.6400506,0,0,26
1761623107.676051,0,-1,30
1761623107.7130508,0,-10,24
1761623107.7510507,-1,0,35
1761623107.7890508,4,0,43
1761623107.8250508,1,0,39
1761623107.8620508,3,0,38
1761623107.9000506,-3,0,36
1761623107.936051,0,-1,36
1761623107.9730508,1,-7,35
1761623108.0100508,0,-7,33
1761623108.0460508,-2,-4,30
1761623108.084051,-3,-4,41
1761623108.1210508,-2,-7,40
1761623108.1600506,-1,-3,26
1761623108.1960506,-6,-1,28
1761623108.2340508,2,0,31
1761623108.2710507,3,3,35
1761623108.3090508,0,-3,40
1761623108.3450508,-7,3,29
1761623108.3820508,-1,3,28
1761623108.4200506,-5,4,25
1761623108.4560506,-6,-6,23
1761623108.4940507,-6,2,32
1761623108.5310507,0,0,35
1761623108.5690508,0,2,37
1761623108.6050508,2,-2,28
1761623108.643051,1,0,36
1761623108.6810508,6,4,43
1761623108.7190506,0,0,24
1761623108.755051,1,1,29
1761623108.7930508,0,-3,31
1761623108.8310506,0,-1,37
1761623108.8690507,0,1,32
1761623108.9060507,3,5,42
1761623108.9430506,2,7,30
1761623108.9810507,0,9,33
1761623109.0190508,7,8,42
1761623109.0550506,0,4,28
1761623109.0920508,5,1,35
1761623109.1310508,0,2,25
1761623109.1690507,-3,-5,25
1761623109.2060506,2,2,26
1761623109.2430508,-5,1,25
1761623109.2810507,-1,3,37
1761623109.3190508,5,5,28
1761623109.3550508,0,1,37
1761623109.393051,-4,2,29
1761623109.4310508,3,9,27
1761623109.4690506,8,10,34
1761623109.505051,3,3,30
1761623109.5430508,2,6,35
1761623109.5810506,-2,0,37
1761623109.6170506,0,-2,43
1761623109.6540508,0,0,35
1761623109.6910508,0,0,32
1761623109.7270508,0,-3,32
1761623109.7640507,1,-9,33
1761623109.801051,0,-1,32
1761623109.837051,-5,-2,45
1761623109.8740506,0,3,38
1761623109.9110508,-1,5,41
1761623109.9500508,0,0,29
1761623109.9860508,3,-3,30
1761623110.0230508,0,0,44
1761623110.061051,0,0,29
1761623110.097051,-1,-4,21
1761623110.1340508,0,-8,27
1761623110.1710508,2,2,33
1761623110.2070508,1,-2,24
1761623110.2440507,6,3,25
1761623110.2820508,5,0,33
1761623110.3200507,5,3,41
1761623110.3560507,4,-2,35
1761623110.393051,7,2,38
1761623110.4310508,2,0,34
1761623110.4670508,0,0,29
1761623110.5040507,2,-2,31
1761623110.5420508,-4,-3,35
1761623110.5800507,4,-1,45
1761623110.6160507,2,-6,37
1761623110.653051,0,2,36
1761623110.6920507,5,0,47
1761623110.7300508,-11,-3,29
1761623110.7660508,-4,0,34
1761623110.8030508,2,-2,39
1761623110.8420508,-10,1,29
1761623110.880051,-1,-4,23
1761623110.916051,-1,-3,35
1761623110.9530506,-8,-4,42
1761623110.9920506,-1,-9,28
1761623111.0300508,-5,-1,34
1761623111.0660508,-5,-3,32
1761623111.1030507,-3,-10,20
1761623111.1420507,7,0,26
1761623111.1800506,5,0,24
1761623111.2160506,2,-6,27
1761623111.2530508,2,-7,35
1761623111.2920508,0,-5,34
1761623111.3300507,-3,-4,31
1761623111.3660507,-4,-2,37
1761623111.403051,-7,-2,40
1761623111.4420507,-2,-1,47
1761623111.4800508,-13,-2,32
1761623111.5160508,1,7,41
1761623111.5530508,0,-1,34
1761623111.5920508,7,-3,26
1761623111.630051,5,-10,32
1761623111.666051,0,0,29
1761623111.7030506,4,-1,28
1761623111.7420506,4,-2,29
1761623111.778051,6,1,20
1761623111.8150508,-4,-4,27
1761623111.8530507,1,-8,34
1761623111.8920507,0,-3,25
1761623111.9280508,-5,-2,26
1761623111.9650507,-1,-2,35
1761623112.0040507,3,3,31
1761623112.0420508,-3,0,28
1761623112.0780506,-1,-6,32
1761623112.1150508,-2,-3,41
1761623112.153051,6,-1,31
1761623112.1920507,2,2,40
1761623112.2280507,8,0,29
1761623112.2650506,2,0,40
1761623112.3020508,4,0,29
1761623112.3380508,-1,-4,29
1761623112.3760507,0,-2,35
1761623112.413051,0,-2,30
1761623112.4510508,4,-1,31
1761623112.4870508,5,-4,38
1761623112.5240507,10,-2,35
1761623112.5620508,1,0,23
1761623112.5980508,-2,-3,30
1761623112.6350508,1,-1,36
1761623112.6730506,-2,1,30
1761623112.7110507,-1,7,25
1761623112.7470508,-7,4,25
1761623112.7840507,-8,4,28
1761623112.8220508,-4,5,19
1761623112.8580508,-8,-1,33
1761623112.8950508,3,2,23
1761623112.9330506,-3,-3,19
1761623112.9710507,-3,3,33
1761623113.0070508,-1,-8,32
1761623113.0450506,-1,-7,32
1761623113.0830507,-3,-4,18
1761623113.1220508,5,-2,20
1761623113.1580508,3,0,27
1761623113.1950507,4,0,30
1761623113.2330508,0,-1,27
1761623113.2710507,4,6,28
1761623113.3070507,2,-3,25
1761623113.3440506,-1,2,38
1761623113.3820508,-1,2,28
1761623113.4180508,5,0,32
1761623113.4550507,3,0,32
1761623113.4930508,5,0,29
1761623113.5310507,7,7,20
1761623113.5670507,2,3,32
1761623113.6050508,0,0,34
1761623113.643051,-4,5,36
1761623113.6810508,-1,0,30
1761623113.7170508,0,3,18
1761623113.7540507,-2,0,32
1761623113.7930508,2,0,41
1761623113.8290508,-3,-3,38
1761623113.8660507,0,0,52
1761623113.903051,3,0,22
1761623113.939051,-5,5,33
1761623113.9760506,-5,7,36
1761623114.0130508,0,8,29
1761623114.0490508,1,5,25
1761623114.087051,-3,7,24
1761623114.1240506,-2,4,26
1761623114.1620507,-1,0,21
1761623114.1980507,4,-2,35
1761623114.235051,-1,-6,30
1761623114.2730508,-1,-11,16
1761623114.3120508,2,-3,24
1761623114.3480508,1,-6,32
1761623114.3850508,5,-2,29
1761623114.4230506,-4,3,29
1761623114.459051,0,3,31
1761623114.4960508,-1,-1,24
1761623114.5340507,-5,2,28
1761623114.5720508,3,5,32
1761623114.6080508,2,-3,39
1761623114.6460507,0,3,43
1761623114.6830506,0,8,35
1761623114.7190506,3,3,30
1761623114.7570508,-1,1,22
1761623114.7950506,0,1,40
1761623114.834051,-12,0,28
1761623114.8720508,-2,-2,31
1761623114.9080508,11,-5,20
1761623114.9450507,0,-4,18
1761623114.9840508,2,5,25
1761623115.0220506,2,2,31
1761623115.0580506,-3,-3,27
1761623115.0960507,0,4,32
1761623115.1340508,3,-2,37
1761623115.1720507,-5,0,38
1761623115.2080507,0,3,43
1761623115.245051,-2,3,41
1761623115.2830508,-1,0,32
1761623115.3190508,-1,3,38
1761623115.357051,2,3,28
1761623115.3940508,3,-3,25
1761623115.4320507,0,-4,28
1761623115.4680507,-4,-6,24
1761623115.505051,0,0,43
1761623115.5430508,-1,1,39
1761623115.5790508,-4,-1,42
1761623115.6170506,1,7,35
1761623115.6540508,3,1,44
1761623115.6920507,7,-6,37
1761623115.7280507,5,-7,39
1761623115.7660508,3,0,39
1761623115.8040507,5,3,35
1761623115.8420508,0,0,43
1761623115.8780508,1,-5,32
1761623115.916051,-1,-3,27
1761623115.9540508,-2,0,34
1761623115.9930508,-1,-2,42
1761623116.0290508,-8,-4,36
1761623116.0660508,-5,1,36
1761623116.1040506,4,0,19
1761623116.1400506,-3,0,25
1761623116.1770508,-1,1,28
1761623116.2160506,-6,1,27
1761623116.2540507,-2,0,34
1761623116.2900507,-2,-6,39
1761623116.3270507,-3,-1,36
1761623116.3650508,0,-1,34
1761623116.4040508,-5,-6,37
1761623116.4400508,-2,-8,42
1761623116.4770508,3,-6,28
1761623116.5160508,6,1,36
1761623116.5540507,0,-3,37
1761623116.5900507,1,-2,22
1761623116.6270506,-2,0,32
1761623116.6640508,1,-2,35
1761623116.7000508,2,-3,32
1761623116.7370508,-2,-3,34
1761623116.7750506,-2,-6,20
1761623116.814051,0,1,35
1761623116.8500507,2,9,38
1761623116.8870506,3,4,28
1761623116.9240508,-2,0,37
1761623116.9630508,0,-6,51
1761623116.9990506,-1,-6,41
1761623117.0360508,-1,-5,39
1761623117.0750508,-3,0,32
1761623117.1130507,-5,-1,26
1761623117.1490507,0,0,27
1761623117.186051,3,0,29
1761623117.2240508,2,-2,25
1761623117.2600508,-2,-3,29
1761623117.2980506,-2,7,32
1761623117.3360507,-2,3,36
1761623117.3740506,-1,-1,25
1761623117.4180508,0,-2,17
1761623117.4560506,-13,1,25
1761623117.495051,-4,-3,32
1761623117.5330508,-5,-4,20
1761623117.5690508,-2,-6,37
1761623117.6060507,0,-3,33
1761623117.6440508,5,-5,27
1761623117.6800506,0,0,28
1761623117.7170508,-2,-3,27
1761623117.755051,2,5,27
1761623117.7930508,0,-3,25
1761623117.8290508,0,3,26
1761623117.8660507,1,0,37
1761623117.9040508,3,-4,30
1761623117.9400508,0,-7,47
1761623117.9770508,0,0,36
1761623118.0150506,-1,-3,29
1761623118.0530508,1,-1,31
1761623118.0890508,4,-1,42
1761623118.1260507,4,-5,38
1761623118.1650507,4,-5,37
1761623118.2010508,3,-9,42
1761623118.2390506,-1,-8,31
1761623118.2770507,-5,-6,29
1761623118.3150508,-3,0,36
1761623118.3510506,-11,-1,37
1761623118.3890507,-8,0,20
1761623118.426051,-5,0,20
1761623118.4640508,0,-2,19
1761623118.5000508,2,-4,27
1761623118.5370507,-2,1,33
1761623118.5750508,1,-2,28
1761623118.6110508,-2,-8,26
1761623118.6480508,-3,0,27
1761623118.686051,-2,0,31
1761623118.7250507,1,-3,39
1761623118.7610507,-6,1,31
1761623118.7980506,1,0,37
1761623118.8350508,4,-2,35
1761623118.8710508,5,4,28
1761623118.9080508,0,-3,41
1761623118.9450507,-3,-3,37
1761623118.9840508,1,-2,36
1761623119.0200508,-1,-1,32
1761623119.0570507,-2,0,48
1761623119.0950508,7,-2,34
1761623119.1310508,12,-2,34
1761623119.1680508,6,-8,24
1761623119.2070508,0,-6,27
1761623119.245051,0,-3,31
1761623119.2810507,-1,0,32
1761623119.3180506,6,-1,35
1761623119.3560507,-5,1,43
1761623119.3950508,-5,-2,45
1761623119.4310508,-3,0,34
1761623119.4680507,-1,-4,36
1761623119.5060508,-7,0,27
1761623119.5450506,-1,-1,35
1761623119.5810506,-7,0,22
1761623119.6180508,-1,-1,28
1761623119.6570508,-5,-3,33
1761623119.6950507,1,-2,26
1761623119.7310507,-4,-9,25
1761623119.768051,3,-3,24
1761623119.8060508,-1,0,29
1761623119.8440506,-4,4,25
1761623119.880051,-10,2,27
1761623119.9170508,0,0,28
1761623119.9560506,1,0,37
1761623119.9940507,-2,0,33
1761623120.0300508,-8,-4,36
1761623120.0680506,-6,0,34
1761623120.1060507,-2,-5,34
1761623120.1440508,-5,-4,29
1761623120.1800506,4,0,39
1761623120.2170508,-4,-7,36
1761623120.2560508,-4,-5,34
1761623120.2940507,-2,-6,35
1761623120.3300507,-5,-13,36
1761623120.3670506,2,-3,31
1761623120.4060507,-1,-3,29
1761623120.4420507,-4,-5,19
1761623120.4810507,0,-7,28
1761623120.518051,-3,-7,27
1761623120.5560508,3,-5,16
1761623120.5950508,1,-3,17
1761623120.6310508,7,-3,29
1761623120.6680508,-1,-4,39
1761623120.7060506,4,-5,21
1761623120.745051,6,-1,27
1761623120.7810507,8,-1,25
1761623120.8180506,5,0,32
1761623120.8560507,-3,-3,35
1761623120.8920507,2,0,23
1761623120.9290507,0,5,29
1761623120.9660506,-4,-2,38
1761623121.005051,-2,-1,33
1761623121.041051,-5,0,25
1761623121.0780506,3,-2,27
1761623121.1160507,1,-6,27
1761623121.1520507,-3,-1,28
1761623121.1900508,0,0,31
1761623121.2270508,3,4,35
1761623121.2650506,0,-1,38
1761623121.301051,-4,-6,40
1761623121.3380508,-2,-5,37
1761623121.3770506,5,-1,34
1761623121.4150507,4,10,26
1761623121.4510508,1,3,28
1761623121.4880507,2,0,28
1761623121.5260508,-6,-3,35
1761623121.5620508,1,-2,31
1761623121.6000507,-2,-1,40
1761623121.6380508,4,-4,41
1761623121.6770508,14,-2,32
1761623121.7150507,-1,0,29
1761623121.7510507,0,-4,38
1761623121.788051,5,0,32
1761623121.8260508,3,-1,35
1761623121.8620508,2,-4,37
1761623121.8990507,0,5,27
1761623121.9370508,1,-3,24
1761623121.9750507,-4,-5,35
1761623122.0110507,-1,-5,35
1761623122.0490508,0,0,46
1761623122.087051,0,3,43
1761623122.1250508,-4,4,28
1761623122.1610508,-11,-1,32
1761623122.199051,-2,0,32
1761623122.2370508,2,-7,35
1761623122.2750506,4,1,33
1761623122.311051,2,3,32
1761623122.3480508,-7,-1,37
1761623122.3870506,-4,2,38
1761623122.4250507,0,0,44
1761623122.4610507,9,-2,40
1761623122.4980507,1,0,34
1761623122.5360508,-5,-4,35
1761623122.5720508,-1,-3,43
1761623122.6090508,-4,2,36
1761623122.6470506,1,-2,29
1761623122.686051,-3,-4,26
1761623122.722051,-5,-5,46
1761623122.7600508,1,-1,25
1761623122.7970507,6,-3,29
1761623122.8330507,3,-1,30
1761623122.870051,7,-3,31
1761623122.9070508,7,3,32
1761623122.9460506,0,-1,41
1761623122.982051,0,-4,30
1761623123.0190508,0,-1,37
1761623123.0570507,2,-3,44
1761623123.0930507,0,-1,35
1761623123.130051,0,-3,27
1761623123.1670508,-1,-4,32
1761623123.2060506,3,0,28
1761623123.2420506,-7,2,26
1761623123.2800508,4,-1,33
1761623123.3170507,1,-2,38
1761623123.3530507,-1,1,32
1761623123.3900506,0,0,32
1761623123.4280508,-6,-1,31
1761623123.4660506,-5,-6,40
1761623123.5020506,-3,-3,31
1761623123.5390508,-5,-2,35
1761623123.5780506,-8,0,35
1761623123.6160507,-3,-4,40
1761623123.6520507,3,1,27
1761623123.689051,1,2,31
1761623123.7270508,0,-2,31
1761623123.7630508,-2,-1,32
1761623123.801051,3,-3,29
1761623123.8390508,2,-2,26
1761623123.8770506,-4,-1,31
1761623123.913051,-2,3,29
1761623123.9500508,0,-4,32
1761623123.9880507,-3,-2,29
1761623124.0260508,-3,0,22
1761623124.0620508,-3,-4,30
1761623124.0990508,3,-4,29
1761623124.1380508,4,3,30
1761623124.176051,-1,-2,25
1761623124.212051,-10,-3,29
1761623124.2490506,-3,-4,25
1761623124.288051,0,-7,25
1761623124.3260508,0,1,32
1761623124.3620508,-2,-2,38
1761623124.3990507,-5,1,33
1761623124.4380507,0,-1,38
1761623124.4760506,4,1,27
1761623124.5120506,0,-3,27
1761623124.5490508,7,-1,30
1761623124.5880508,1,0,41
1761623124.6260507,0,-2,41
1761623124.6620507,-2,0,40
1761623124.699051,0,-1,39
1761623124.7380507,-3,0,24
1761623124.7740507,4,1,28
1761623124.811051,-2,0,36
1761623124.8490508,-3,3,30
1761623124.8880508,0,0,33
1761623124.9240508,2,4,25
1761623124.962051,2,1,28
1761623124.9990506,2,1,42
1761623125.0370507,7,2,41
1761623125.0730507,0,-9,38
1761623125.1110508,-2,0,33
1761623125.1480508,5,-6,31
1761623125.1870508,1,-7,34
1761623125.2230508,-2,7,37
1761623125.2620506,-1,-5,18
1761623125.2990508,-2,3,33
1761623125.3380508,-3,-3,36
1761623125.3740506,-2,-6,38
1761623125.4120507,-3,-2,31
1761623125.4510508,2,-3,32
1761623125.4880507,-3,-7,31
1761623125.5270507,-8,2,25
1761623125.5630507,-5,1,34
1761623125.6010506,-1,-2,32
1761623125.6390507,-5,0,26
1761623125.6770508,-2,2,37
1761623125.7130508,0,1,32
1761623125.7500508,3,-1,33
1761623125.7890508,2,1,33
1761623125.8270507,4,0,36
1761623125.8630507,5,-2,39
1761623125.9010508,5,0,24
1761623125.939051,1,-2,29
1761623125.9770508,0,0,18
1761623126.0130508,-2,2,34
1761623126.0500507,2,0,29
1761623126.0880508,6,-3,29
1761623126.1250508,5,-1,34
1761623126.1620507,-11,0,32
1761623126.199051,-2,1,38
1761623126.2370508,-10,-4,35
1761623126.2730508,-4,-4,31
1761623126.3100507,0,-1,33
1761623126.3480508,1,0,35
1761623126.3840508,-2,0,38
1761623126.4210508,-5,-6,41
1761623126.459051,-5,3,36
1761623126.4970508,-1,1,31
1761623126.5340507,1,-4,29
1761623126.5710506,2,-8,34
1761623126.6090508,0,-5,30
1761623126.6470506,3,1,24
1761623126.6830506,0,-5,15
1761623126.7200508,0,-4,26
1761623126.7590508,2,1,19
1761623126.7970507,-2,2,36
1761623126.8330507,-2,4,33
1761623126.8710508,-1,-2,16
1761623126.9090507,5,0,27
1761623126.9450507,2,-4,37
1761623126.982051,2,-2,35
1761623127.0190508,2,4,31
1761623127.0550506,6,-2,32
1761623127.0920508,0,-7,21
1761623127.1290507,4,-2,43
1761623127.1650507,0,-4,36
1761623127.2020507,4,-6,39
1761623127.2390506,4,4,24
1761623127.278051,0,4,32
1761623127.314051,2,4,37
1761623127.3520508,-2,3,46
1761623127.3890507,-3,-3,24
1761623127.4330506,5,-11,24
1761623127.4710507,-1,0,31
1761623127.5090508,0,0,36
1761623127.5450506,-4,1,22
1761623127.5820508,-1,0,25
1761623127.6190507,1,-7,26
1761623127.6550508,-2,-7,34
1761623127.6920507,-3,-2,28
1761623127.7300508,0,-1,26
1761623127.768051,-2,0,27
1761623127.8040507,-3,-1,23
1761623127.8410506,6,-2,26
1761623127.8790507,-4,2,20
1761623127.9150507,-1,-5,28
1761623127.9520507,0,4,37
1761623127.9900508,9,1,34
1761623128.028051,2,-1,32
1761623128.064051,-3,-1,32
1761623128.1020508,3,2,31
1761623128.1400506,0,0,36
1761623128.1780508,0,-1,22
1761623128.2140508,-1,-4,36
1761623128.2520506,0,-4,23
1761623128.2900507,-1,-1,19
1761623128.3280506,1,-6,32
1761623128.3640506,-2,3,43
1761623128.4020507,-4,0,47
1761623128.4400508,0,0,39
1761623128.4780507,8,-6,36
1761623128.5140507,6,2,39
1761623128.5520508,1,-2,40
1761623128.5900507,0,-2,36
1761623128.6280508,-4,0,26
1761623128.6640508,-4,3,28
1761623128.7020507,-4,-6,32
1761623128.7400508,7,3,27
1761623128.778051,0,-7,26
1761623128.814051,2,-6,39
1761623128.8510506,0,-5,34
1761623128.8890507,-2,0,33
1761623128.9250507,0,4,40
1761623128.962051,3,3,30
1761623129.0000508,5,-5,30
1761623129.0360508,4,-5,33
1761623129.0730507,3,5,33
1761623129.110051,7,2,25
1761623129.1460507,2,-5,34
1761623129.1830506,2,0,38
1761623129.2200508,3,3,33
1761623129.2560508,-1,-1,32
1761623129.2940507,-3,1,40
1761623129.3310506,2,2,46
1761623129.3690507,0,1,28
1761623129.4050508,-1,-6,34
1761623129.4430506,2,-3,37
1761623129.4810507,4,1,25
1761623129.5190508,0,4,21
1761623129.5550506,3,8,42
1761623129.5930507,-4,0,41
1761623129.6310508,-1,0,30
1761623129.6690507,4,-3,29
1761623129.7050507,6,-6,32
1761623129.7420506,5,-7,45
1761623129.7800508,3,-10,35
1761623129.8160508,3,-4,35
1761623129.8530507,-5,-5,49
1761623129.8910508,1,0,36
1761623129.9290507,-1,-1,29
1761623129.9650507,9,-3,28
1761623130.0030508,3,1,25
1761623130.041051,3,3,21
1761623130.0790508,1,-8,22
1761623130.1150508,0,-5,33
1761623130.153051,-2,-4,35
1761623130.1910508,2,-5,28
1761623130.2290506,3,5,28
1761623130.2650506,1,0,33
1761623130.3020508,3,-1,31
1761623130.3410506,12,4,20
1761623130.3790507,-3,0,33
1761623130.4150507,1,0,28
1761623130.4520507,9,-2,25
1761623130.4910507,0,-8,30
1761623130.5290508,7,3,44
1761623130.5650508,6,4,29
1761623130.6020508,6,-5,23
1761623130.6410508,0,3,25
1761623130.6790507,-1,4,26
1761623130.7150507,2,5,31
1761623130.7520506,7,0,27
1761623130.7900507,1,-8,26
1761623130.8260508,-3,0,34
1761623130.8630507,2,0,34
1761623130.9010508,-6,-7,36
1761623130.9400508,-4,2,31
1761623130.9760506,4,-5,21
1761623131.0140507,-9,1,27
1761623131.051051,-1,2,30
1761623131.0890508,-4,-2,38
1761623131.1250508,0,-4,35
1761623131.1640508,-6,4,29
1761623131.2010508,-2,0,31
1761623131.2370508,-1,-4,20
1761623131.2750506,0,-2,33
1761623131.3120508,-2,-2,28
1761623131.3510506,-4,0,37
1761623131.3870506,-7,0,38
1761623131.4250507,-10,-3,29
1761623131.4630508,-1,3,34
1761623131.5010507,-7,-5,21
1761623131.5400507,-2,2,29
1761623131.5760508,-1,-3,25
1761623131.6130507,-2,-8,28
1761623131.6510508,2,-5,32
1761623131.6900508,-5,-2,36
1761623131.7260506,-6,3,25
1761623131.7630508,-1,-3,35
1761623131.801051,5,-2,32
1761623131.8400507,3,0,45
1761623131.8760507,0,0,26
1761623131.913051,0,-6,32
1761623131.9510508,-1,-1,44
1761623131.9870508,-2,0,29
1761623132.0260508,9,-4,27
1761623132.0630507,1,-4,29
1761623132.1020508,0,-4,32
1761623132.1400506,6,-6,31
1761623132.176051,0,-5,34
1761623132.2130508,3,-5,36
1761623132.2510507,-3,0,48
1761623132.2870507,0,0,41
1761623132.3260508,1,0,35
1761623132.3630507,-2,-3,28
1761623132.4020507,1,-3,27
1761623132.4400508,0,-2,24
1761623132.4760506,2,-1,28
1761623132.5130508,5,-4,35
1761623132.5520508,-1,-5,34
1761623132.5900507,-4,-9,32
1761623132.6260507,-3,-2,25
1761623132.663051,1,-5,33
1761623132.7020507,-1,2,31
1761623132.7400508,0,-3,35
1761623132.7760508,0,-2,26
1761623132.8130507,0,-5,34
1761623132.8510506,-2,-6,34
1761623132.8870506,-5,-3,31
1761623132.9250507,-4,-3,27
1761623132.9630508,11,-4,28
1761623133.0010507,0,-1,37
1761623133.0370507,0,-2,33
1761623133.0760508,-3,-3,34
1761623133.1130507,1,0,34
1761623133.1510508,-2,-2,38
1761623133.1870508,-2,-7,25
1761623133.2240508,-6,1,31
1761623133.2620506,1,-5,19
1761623133.3000507,-1,-1,23
1761623133.3360507,-1,-2,41
1761623133.3740506,4,4,35
1761623133.4120507,-1,5,39
1761623133.4480507,-3,8,39
1761623133.485051,-2,-2,33
1761623133.5230508,-5,-3,18
1761623133.5620508,3,0,19
1761623133.5980508,1,0,20
1761623133.6350508,-3,2,12
1761623133.6720507,-6,0,32
1761623133.7110507,-1,2,28
1761623133.7470508,3,2,27
1761623133.7850506,3,-4,32
1761623133.8230507,-3,-3,32
1761623133.8620508,-4,-4,41
1761623133.8980508,-3,0,46
1761623133.9350507,-9,3,40
1761623133.972051,-9,7,25
1761623134.008051,-5,3,41
1761623134.0450506,-10,0,39
1761623134.0830507,-2,-9,34
1761623134.1220508,1,-2,35
1761623134.1580508,-4,-2,30
1761623134.1950507,-2,0,32
1761623134.2330508,-6,-1,25
1761623134.2720506,-5,-1,29
1761623134.3080506,0,4,25
1761623134.3450508,-3,-1,36
1761623134.383051,-3,2,36
1761623134.4210508,-2,1,33
1761623134.4570508,0,-1,27
1761623134.4960508,0,-3,36
1761623134.5330508,-3,8,26
1761623134.5710506,-3,0,28
1761623134.607051,-1,-6,31
1761623134.6460507,-3,1,36
1761623134.6830506,-2,-8,35
1761623134.722051,-4,-8,44
1761623134.758051,-12,0,36
1761623134.7950506,-5,-4,30
1761623134.8330507,2,2,33
1761623134.8720508,-3,0,30
1761623134.9080508,0,-2,27
1761623134.9450507,2,0,33
1761623134.9830508,-1,5,42
1761623135.0210507,-9,2,37
1761623135.0570507,-3,-1,35
1761623135.0950508,1,1,36
1761623135.133051,0,1,47
1761623135.1710508,0,4,36
1761623135.2070508,2,-4,31
1761623135.2440507,-1,-4,22
1761623135.2830508,2,-5,29
1761623135.3210506,-2,-3,35
1761623135.357051,0,0,40
1761623135.3940508,0,2,27
1761623135.4320507,-4,0,35
1761623135.4680507,-2,0,34
1761623135.505051,3,0,27
1761623135.5430508,0,-3,23
1761623135.5790508,1,4,39
1761623135.6160507,3,-4,44
1761623135.653051,-1,-1,48
1761623135.6920507,-4,1,36
1761623135.7280507,0,-1,40
1761623135.7660508,-4,0,39
1761623135.8040507,-5,-8,29
1761623135.8430507,5,0,31
1761623135.8790507,5,1,32
1761623135.9170508,2,3,23
1761623135.9550507,4,2,25
1761623135.9930508,4,-4,25
1761623136.0290508,4,-1,30
1761623136.0670507,-3,-5,30
1761623136.1050508,-4,-4,21
1761623136.143051,-11,-2,26
1761623136.1820507,-10,-2,37
1761623136.2180507,-5,-5,24
1761623136.255051,-3,0,19
1761623136.2930508,-2,4,28
1761623136.3290508,-1,1,29
1761623136.3660507,0,1,38
1761623136.4040508,7,4,42
1761623136.4420507,5,0,27
1761623136.4780507,-5,0,42
1761623136.5150506,2,-2,34
1761623136.5530508,-3,-1,24
1761623136.5890508,5,-4,32
1761623136.6260507,0,0,25
1761623136.6640508,-2,-6,25
1761623136.7020507,-1,0,36
1761623136.7380507,0,-8,33
1761623136.7750506,-2,-3,44
1761623136.814051,-6,0,39
1761623136.8520508,1,-3,32
1761623136.8880508,-4,-8,37
1761623136.9250507,-3,-7,16
1761623136.9640508,2,-1,20
1761623137.0020506,4,0,30
1761623137.038051,-5,-3,37
1761623137.0750508,0,-5,41
1761623137.1130507,-2,-4,34
1761623137.1490507,3,1,33
1761623137.186051,-1,4,29
1761623137.2240508,-2,1,30
1761623137.2620506,5,0,26
1761623137.2980506,3,-1,29
1761623137.3350508,6,0,30
1761623137.3740506,8,0,26
1761623137.4120507,2,5,36
1761623137.4550507,4,-2,37
1761623137.4940507,-5,0,38
1761623137.5320508,-10,-3,29
1761623137.5680506,-7,-4,37
1761623137.6060507,0,-5,30
1761623137.6440508,3,-4,40
1761623137.6800506,2,-3,45
1761623137.7170508,4,0,40
1761623137.7540507,1,3,39
1761623137.7900507,-3,-1,40
1761623137.8270507,-6,0,31
1761623137.8650508,-1,-1,28
1761623137.9040508,0,-10,36
1761623137.9400508,3,-4,29
1761623137.9770508,-6,-3,37
1761623138.0150506,-4,-7,25
1761623138.0540507,-7,-5,29
1761623138.0900507,-6,-5,24
1761623138.1270506,-8,-5,33
1761623138.1650507,-10,0,23
1761623138.2030506,-3,4,33
1761623138.2390506,-4,-1,39
1761623138.2770507,-7,0,30
1761623138.3150508,0,1,32
1761623138.3530507,0,3,29
1761623138.3890507,0,0,36
1761623138.426051,-3,-2,35
1761623138.4640508,-1,3,33
1761623138.5000508,0,10,38
1761623138.5370507,-3,2,35
1761623138.5750508,1,-4,26
1761623138.6130507,0,2,28
1761623138.6490507,-2,0,34
1761623138.686051,1,-5,33
1761623138.7250507,-2,-1,33
1761623138.7630508,0,-1,30
1761623138.7990508,-3,1,26
1761623138.837051,-7,-3,20
1761623138.8750508,-8,-1,32
1761623138.913051,2,-1,31
1761623138.949051,9,-2,28
1761623138.9860508,1,0,35
1761623139.0250506,4,0,21
1761623139.0630507,-4,-5,18
1761623139.0990508,-8,-5,36
1761623139.1360507,-5,0,33
1761623139.1750507,-1,-1,32
1761623139.2130508,-3,0,25
1761623139.2490506,-4,1,23
1761623139.2860508,-2,3,21
1761623139.324051,0,7,34
1761623139.360051,-3,7,32
1761623139.3980508,-1,-7,33
1761623139.4370508,9,-4,36
1761623139.4750507,10,-2,37
1761623139.5130508,3,0,34
1761623139.5490508,-4,1,33
1761623139.587051,0,0,30
1761623139.6250508,4,-1,33
1761623139.663051,-2,-4,29
1761623139.699051,2,0,29
1761623139.7370508,3,-1,30
1761623139.7750506,-11,-7,31
1761623139.8120508,-5,-4,34
1761623139.8490508,-1,-3,33
1761623139.8870506,-3,-2,44
1761623139.9250507,0,-5,38
1761623139.9610507,3,-7,34
1761623139.9990506,2,-7,34
1761623140.0360508,-3,-2,28
1761623140.0750508,2,0,22
1761623140.1110508,-2,-3,21
1761623140.1490507,-3,0,35
1761623140.186051,-6,-8,30
1761623140.2250507,-8,-4,27
1761623140.2610507,-6,-8,26
1761623140.2990508,-8,-3,30
1761623140.337051,11,-4,32
1761623140.3750508,9,-6,19
1761623140.4110508,6,-5,18
1761623140.449051,1,-1,29
1761623140.4860508,0,-5,30
1761623140.5240507,0,-4,36
1761623140.5600507,-4,-1,29
1761623140.597051,-5,3,36
1761623140.6360507,-12,-1,36
1761623140.6740508,1,4,20
1761623140.7100508,-11,3,30
1761623140.7470508,-1,-2,35
1761623140.7860508,-1,-3,41
1761623140.824051,0,0,34
1761623140.860051,-3,5,30
1761623140.8970506,0,7,32
1761623140.9350507,0,4,32
1761623140.9710507,-1,-2,27
1761623141.0090508,-8,0,27
1761623141.0470507,-7,1,29
1761623141.0850508,-7,0,33
1761623141.1210508,-3,0,28
1761623141.1580508,3,-3,41
1761623141.1960506,3,-7,45
1761623141.235051,-2,-6,30
1761623141.2710507,3,-1,31
1761623141.3080506,-3,0,32
1761623141.3460507,-3,2,25
1761623141.3840508,-4,-4,31
1761623141.4200506,-4,-4,29
1761623141.4570508,3,3,42
1761623141.495051,0,1,42
1761623141.5310507,0,2,30
1761623141.5680506,0,1,28
1761623141.6060507,4,-2,29
1761623141.6440508,0,-2,31
1761623141.6800506,-2,-2,24
1761623141.7180507,-2,-1,30
1761623141.7560508,-3,-6,38
1761623141.7950506,0,-10,28
1761623141.8310506,0,-7,38
1761623141.8680508,-3,-6,37
1761623141.9060507,4,-4,31
1761623141.9420507,3,3,26
1761623141.9800508,-3,0,26
1761623142.018051,-1,-6,26
1761623142.0560508,-7,-3,29
1761623142.0920508,-13,-1,31
1761623142.130051,-5,-2,28
1761623142.1680508,-3,-4,32
1761623142.2060506,0,-1,26
1761623142.245051,4,2,37
1761623142.2810507,1,2,27
1761623142.3190508,-5,-2,38
1761623142.3560507,-3,-3,28
1761623142.3950508,0,0,29
1761623142.4310508,0,-5,26
1761623142.4680507,2,-8,32
1761623142.5060508,0,0,33
1761623142.5420508,-1,-3,38
1761623142.5800507,0,-6,34
1761623142.6170506,-6,-3,35
1761623142.6560507,-2,4,35
1761623142.6920507,3,-1,41
1761623142.7300508,6,2,36
1761623142.7670507,3,0,42
1761623142.8060508,5,-1,33
1761623142.8420508,0,-6,33
1761623142.880051,3,-12,40
1761623142.9170508,1,-4,37
1761623142.9560506,3,-4,24
1761623142.9920506,0,0,29
1761623143.0300508,2,-4,47
1761623143.0690508,-2,0,23
1761623143.107051,-14,0,31
1761623143.1450508,3,-4,38
1761623143.1810508,-4,-2,34
1761623143.2190506,-2,0,34
1761623143.2570508,0,-5,35
1761623143.2950506,3,-3,34
1761623143.3310506,2,-8,39
1761623143.3680508,2,0,25
1761623143.4060507,0,1,32
1761623143.4420507,-1,3,33
1761623143.4800508,0,5,31
1761623143.5170507,-4,4,28
1761623143.5560508,1,-2,33
1761623143.5920508,-2,-1,26
1761623143.630051,0,0,25
1761623143.6670508,-4,-3,38
1761623143.7060506,-9,-2,36
1761623143.7420506,-3,-7,27
1761623143.7800508,3,3,33
1761623143.8170507,3,-1,45
1761623143.8560507,-1,-1,41
1761623143.8920507,0,-4,42
1761623143.9300506,-4,-3,32
1761623143.9690506,-4,6,26
1761623144.0070508,0,6,29
1761623144.0450506,-3,3,16
1761623144.0810506,0,-1,31
1761623144.1190507,-3,-8,31
1761623144.1570508,-1,0,38
1761623144.1930506,5,0,40
1761623144.2300508,1,-7,41
1761623144.2670507,-1,0,33
1761623144.3030508,4,-2,44
1761623144.3400507,0,-3,34
1761623144.3780508,3,2,29
1761623144.416051,2,-2,37
1761623144.4520507,5,-2,42
1761623144.4890506,0,0,31
1761623144.5270507,1,0,23
1761623144.5630507,-5,1,35
1761623144.6020508,0,-5,36
1761623144.6390507,0,-3,38
1761623144.6770508,0,-10,25
1761623144.7130508,0,-5,27
1761623144.7510507,-5,0,21
1761623144.7890508,-3,2,35
1761623144.8270507,-3,3,40
1761623144.8630507,2,-2,35
1761623144.9010508,-4,-4,26
1761623144.939051,-10,-2,30
1761623144.9770508,-5,0,22
1761623145.0160508,-4,-1,33
1761623145.0520508,-11,-5,32
1761623145.0890508,0,-3,39
1761623145.1270506,1,4,41
1761623145.163051,2,0,27
1761623145.2000508,12,0,39
1761623145.2380507,9,4,30
1761623145.2760508,3,0,33
1761623145.3120508,1,0,28
1761623145.3490508,-6,2,25
1761623145.3870506,-5,0,23
1761623145.4230506,-5,2,32
1761623145.4610507,-3,0,30
1761623145.4980507,0,-1,36
1761623145.5360508,-1,-3,23
1761623145.5720508,-6,-1,22
1761623145.6090508,1,0,20
1761623145.6470506,-5,-2,39
1761623145.6840508,-2,-4,35
1761623145.7210507,-6,1,28
1761623145.758051,-5,-8,26
1761623145.7970507,2,-2,35
1761623145.8330507,-3,0,24
1761623145.8710508,-2,3,28
1761623145.9080508,1,2,28
1761623145.9460506,1,-1,23
1761623145.982051,-2,0,22
1761623146.0190508,0,0,29
1761623146.0570507,1,0,27
1761623146.0930507,-2,-1,19
1761623146.1310508,-7,-3,24
1761623146.1690507,-4,-5,18
1761623146.2080507,-5,-1,29
1761623146.2460508,0,-4,33
1761623146.2820508,-1,-1,34
1761623146.3190508,-5,-2,25
1761623146.3580508,2,-8,29
1761623146.3940508,-4,-10,41
1761623146.4310508,6,0,45
1761623146.4680507,-2,3,48
1761623146.5070508,-3,4,35
1761623146.5430508,-6,1,40
1761623146.5800507,0,-6,50
1761623146.6180508,3,-3,51
1761623146.6540508,2,-1,39
1761623146.6920507,0,2,31
1761623146.7300508,1,0,38
1761623146.768051,2,-5,31
1761623146.8040507,0,-3,45
1761623146.8430507,2,-1,33
1761623146.880051,0,-5,25
1761623146.9180508,-4,1,17
1761623146.9540508,4,-3,21
1761623146.9910507,0,0,21
1761623147.028051,3,0,23
1761623147.064051,4,-1,22
1761623147.1010506,4,-5,27
1761623147.1390507,4,-2,30
1761623147.1770508,6,0,22
1761623147.2130508,-3,0,27
1761623147.2510507,0,0,32
1761623147.2890508,-1,0,29
1761623147.3270507,-7,1,22
1761623147.3630507,-6,-9,20
1761623147.4010508,-3,-5,26
1761623147.439051,-3,-2,30
1761623147.4830508,-6,-4,31
1761623147.5210507,0,0,31
1761623147.5590508,0,2,33
1761623147.597051,-3,6,31
1761623147.633051,2,5,29
1761623147.6710508,3,0,32
1761623147.709051,0,-1,33
1761623147.7470508,-1,-7,32
1761623147.7830508,2,-2,32
1761623147.8210506,2,-3,36
1761623147.8590508,0,0,27
1761623147.8970506,0,0,23
1761623147.9330506,-8,3,24
1761623147.9710507,-3,6,37
1761623148.0090508,-4,-5,40
1761623148.0470507,-7,4,36
1761623148.0830507,-5,2,32
1761623148.1210508,3,1,44
1761623148.1590507,-4,-1,20
1761623148.1970508,0,1,30
1761623148.2330508,3,0,26
1761623148.2710507,1,-3,20
1761623148.3090508,-2,0,28
1761623148.347051,-2,0,41
1761623148.383051,-6,4,39
1761623148.4210508,-5,3,26
1761623148.459051,-11,-1,35
1761623148.495051,-10,-5,31
1761623148.5320508,-2,-7,34
1761623148.5700507,1,-8,31
1761623148.6080508,3,-6,28
1761623148.6440508,5,-2,31
1761623148.6820507,-1,-2,44
1761623148.7190506,-5,-1,32
1761623148.758051,0,4,32
1761623148.7940507,3,-6,24
1761623148.8320508,5,0,33
1761623148.8690507,0,1,32
1761623148.9050508,1,-4,21
1761623148.9420507,4,-7,24
1761623148.9800508,3,-3,26
1761623149.018051,-1,-10,31
1761623149.0540507,0,-9,26
1761623149.0920508,3,-7,28
1761623149.130051,-7,-2,30
1761623149.1690507,3,2,31
1761623149.2050507,0,-4,30
1761623149.2420506,-5,-4,32
1761623149.2800508,-10,-2,35
1761623149.3190508,-1,-3,33
1761623149.3550508,0,-2,23
1761623149.3920507,0,-9,28
1761623149.4300506,2,-7,28
1761623149.4680507,2,-8,27
1761623149.5040507,0,0,22
1761623149.541051,2,-1,36
1761623149.5790508,0,3,27
1761623149.6150508,0,0,27
1761623149.653051,0,5,31
1761623149.6900508,-1,5,33
1761623149.7280507,-3,1,25
1761623149.7640507,-3,4,34
1761623149.801051,-6,1,30
1761623149.8390508,6,-2,37
1761623149.8750508,1,0,30
1761623149.9120507,-5,0,34
1761623149.9500508,4,-7,36
1761623149.9880507,3,-2,28
1761623150.0240507,1,-2,33
1761623150.061051,-1,-8,25
1761623150.1000507,-2,-5,27
1761623150.1380508,1,-3,33
1761623150.1740508,1,-2,39
1761623150.212051,0,-2,37
1761623150.2500508,8,-8,36
1761623150.288051,0,-3,37
1761623150.324051,5,-3,28
1761623150.3620508,3,-3,24
1761623150.4000506,3,1,23
1761623150.4380507,-1,-1,23
1761623150.4740508,2,0,30
1761623150.5120506,0,0,28
1761623150.5500507,-1,3,33
1761623150.5860507,-1,1,27
1761623150.6230507,-3,-5,21
1761623150.6620507,0,-4,32
1761623150.7000508,0,-6,40
1761623150.7360508,-3,-8,39
1761623150.7730508,-5,-7,40
1761623150.8120508,5,-7,38
1761623150.8500507,0,-4,42
1761623150.8860507,1,-1,41
1761623150.9230506,-2,-2,40
1761623150.9610507,4,6,24
1761623151.0000508,-1,5,24
1761623151.0360508,2,0,37
1761623151.0730507,0,-4,24
1761623151.110051,-2,-2,32
1761623151.1490507,6,-2,17
1761623151.1850507,0,-1,32
1761623151.222051,6,0,28
1761623151.2600508,2,-2,34
1761623151.2960508,2,6,26
1761623151.3330507,0,-2,33
1761623151.370051,4,-6,38
1761623151.4090507,-3,-7,29
1761623151.4450507,-4,-1,25
1761623151.482051,-2,-3,40
1761623151.5210507,-2,2,26
1761623151.5590508,-10,-5,29
1761623151.5950508,-2,-1,32
1761623151.6320508,5,-4,30
1761623151.6710508,4,-3,25
1761623151.709051,-1,0,37
1761623151.745051,4,2,38
1761623151.7820508,1,-3,38
1761623151.8210506,-7,0,34
1761623151.8590508,-3,-3,40
1761623151.8950508,0,-7,39
1761623151.9330506,1,-2,40
1761623151.9710507,-2,-7,27
1761623152.0090508,2,-9,27
1761623152.0450506,0,-3,38
1761623152.0830507,0,-3,28
1761623152.1210508,-1,-6,24
1761623152.1590507,2,-4,26
1761623152.1950507,2,-6,14
1761623152.2330508,5,-1,23
1761623152.2710507,5,1,23
1761623152.3090508,0,1,30
1761623152.3450508,0,-4,20
1761623152.383051,3,-3,28
1761623152.4210508,-4,0,43
1761623152.459051,0,-2,41
1761623152.4960508,-6,-4,38
1761623152.5330508,0,1,22
1761623152.5710506,1,1,26
1761623152.6090508,-1,-7,41
1761623152.6460507,0,-5,41
1761623152.6830506,0,-4,40
1761623152.7210507,3,-5,32
1761623152.7590508,2,-6,29
1761623152.7950506,1,-4,31
1761623152.8330507,4,-4,34
1761623152.8710508,5,-2,38
1761623152.9070508,-3,4,38
1761623152.9440508,5,-2,27
1761623152.9810507,2,1,28
1761623153.0170507,-5,0,21
1761623153.0540507,-2,4,31
1761623153.0910506,-7,6,25
1761623153.1270506,-7,0,30
1761623153.1650507,0,-5,28
1761623153.2030506,-10,-9,27
1761623153.2410507,-5,-1,34
1761623153.2800508,4,1,46
1761623153.3160508,2,-2,37
1761623153.3540506,3,0,38
1761623153.3910508,0,-2,30
1761623153.4270508,-4,-3,34
1761623153.4650507,-2,-1,31
1761623153.5040507,2,2,29
1761623153.541051,0,0,23
1761623153.5770507,0,-7,40
1761623153.6150508,-2,-11,37
1761623153.653051,-5,-2,32
1761623153.6920507,3,0,31
1761623153.7300508,0,1,29
1761623153.7660508,3,-2,38
1761623153.8030508,4,0,35
1761623153.8410506,7,-3,36
1761623153.8770506,-2,0,42
1761623153.9150507,0,4,38
1761623153.9520507,3,0,40
1761623153.9900508,9,-4,41
1761623154.0260508,3,-3,25
1761623154.0630507,9,-7,30
1761623154.1010506,3,-13,28
1761623154.1370506,7,-9,30
1761623154.1740508,1,-4,39
1761623154.2130508,0,-4,30
1761623154.2510507,-5,-6,36
1761623154.2870507,-1,-8,35
1761623154.324051,0,-1,30
1761623154.3620508,-7,-1,30
1761623154.4000506,-9,0,34
1761623154.436051,-5,1,28
1761623154.4730508,-4,4,31
1761623154.5110507,0,-11,42
1761623154.5470507,2,-5,36
1761623154.584051,5,-5,24
1761623154.6220508,0,-6,37
1761623154.6600506,1,1,34
1761623154.6960506,7,8,39
1761623154.7330508,2,1,37
1761623154.7710507,0,2,27
1761623154.8070507,0,2,28
1761623154.8440506,7,-3,21
1761623154.8820508,5,-2,23
1761623154.9210508,4,-1,22
1761623154.9570508,-2,-8,32
1761623154.9940507,0,-8,35
1761623155.0320508,1,-1,41
1761623155.0680506,-1,2,34
1761623155.1050508,-12,1,25
1761623155.1420507,-2,1,38
1761623155.1780508,-4,-1,38
1761623155.2160506,0,0,42
1761623155.255051,-14,-3,31
1761623155.2920508,-5,-4,21
1761623155.3310506,-4,0,35
1761623155.3670506,-4,-3,28
1761623155.4050508,-2,0,31
1761623155.4420507,-5,1,22
1761623155.4810507,0,0,26
1761623155.5170507,-1,0,13
1761623155.5550506,-9,-4,17
1761623155.5920508,0,-2,31
1761623155.6280508,2,-8,26
1761623155.666051,-7,-3,25
1761623155.7040508,-1,-6,25
1761623155.7420506,-7,-6,38
1761623155.7810507,-3,-2,36
1761623155.8170507,-4,-2,34
1761623155.8540506,-2,-10,30
1761623155.8920507,5,-3,38
1761623155.9280508,-2,-2,32
1761623155.9660506,1,0,37
1761623156.0030508,-3,-8,25
1761623156.0420508,-5,-5,37
1761623156.0780506,-7,-4,40
1761623156.1160507,2,1,39
1761623156.153051,-6,0,28
1761623156.1920507,1,-5,33
1761623156.2280507,3,3,33
1761623156.2660508,6,-2,37
1761623156.3030508,-3,0,34
1761623156.3420508,0,-2,27
1761623156.3780508,-4,-3,20
1761623156.416051,-6,-3,26
1761623156.4550507,0,0,34
1761623156.4930508,3,-3,29
1761623156.5310507,-5,-2,21
1761623156.5670507,-6,-2,32
1761623156.6050508,-4,-2,31
1761623156.643051,0,-5,32
1761623156.6810508,3,5,33
1761623156.7170508,-2,3,21
1761623156.7540507,1,1,18
1761623156.7920508,1,-3,25
1761623156.8280506,-2,-8,32
1761623156.8660507,3,-11,27
1761623156.903051,-3,0,34
1761623156.9410508,3,2,27
1761623156.9770508,2,4,30
1761623157.0140507,3,0,30
1761623157.0520508,0,0,25
1761623157.0880508,2,-3,33
1761623157.1250508,11,0,27
1761623157.163051,1,4,27
1761623157.199051,2,-1,25
1761623157.2370508,1,-2,35
1761623157.2740507,0,0,30
1761623157.3120508,5,2,34
1761623157.3480508,-3,-2,42
1761623157.3850508,-6,-4,45
1761623157.4230506,-3,4,37
1761623157.459051,-4,0,46
1761623157.5100508,-10,-5,40
1761623157.5460508,0,2,25
1761623157.5830507,-3,-1,39
1761623157.6220508,2,7,27
1761623157.6580508,3,0,22
1761623157.6950507,4,1,25
1761623157.7330508,0,-1,35
1761623157.7690508,2,2,42
1761623157.8060508,-5,3,30
1761623157.8440506,-4,4,19
1761623157.8820508,-1,3,26
1761623157.9180508,-6,4,27
1761623157.9560506,-1,0,24
1761623157.9940507,-3,5,32
1761623158.0320508,-2,-1,31
1761623158.0680506,-7,-4,35
1761623158.1050508,-1,-1,34
1761623158.1440508,-1,-4,39
1761623158.1820507,-2,0,40
1761623158.2180507,-2,-1,35
1761623158.255051,-6,-3,31
1761623158.2940507,-9,-1,26
1761623158.3320508,0,-2,27
1761623158.3680508,0,-8,37
1761623158.4060507,-1,-6,35
1761623158.4440508,-4,-5,37
1761623158.482051,-3,-8,46
1761623158.518051,-2,-1,37
1761623158.5550506,-5,2,37
1761623158.5940506,0,0,33
1761623158.6320508,-5,0,33
1761623158.6680508,5,-2,40
1761623158.7060506,3,0,29
1761623158.7440507,-5,-2,30
1761623158.7820508,-1,-6,16
1761623158.8180506,0,-4,26
1761623158.8550508,-1,-7,32
1761623158.8940508,-4,0,40
1761623158.9320507,1,-2,45
1761623158.9680507,6,0,41
1761623159.0060508,11,-7,37
1761623159.0440507,2,0,46
1761623159.0820508,-6,-2,36
1761623159.1180508,-4,2,31
1761623159.1550508,-2,-3,32
1761623159.1940508,-4,8,28
1761623159.2300508,0,2,30
1761623159.2670507,3,0,29
1761623159.3040507,7,-2,30
1761623159.3400507,3,-1,30
1761623159.3770506,3,0,36
1761623159.4140508,1,1,31
1761623159.4500508,3,2,38
1761623159.4870508,-2,0,39
1761623159.5250506,2,-2,29
1761623159.5630507,3,-7,20
1761623159.5990508,0,0,33
1761623159.6360507,5,0,25
1761623159.6740508,-2,-4,26
1761623159.7100508,-7,-1,24
1761623159.7470508,-4,0,33
1761623159.7840507,1,-1,38
1761623159.8200507,-7,-2,42
1761623159.8580508,2,-4,44
1761623159.8960507,3,6,35
1761623159.9340508,-5,5,31
1761623159.9700508,-2,2,40
1761623160.008051,-1,-6,46
1761623160.0460508,0,-1,44
1761623160.084051,-2,0,30
1761623160.1230507,-4,-1,35
1761623160.1590507,2,-2,36
1761623160.1960506,-4,-3,33
1761623160.235051,-5,-8,25
1761623160.2730508,-1,0,32
1761623160.3090508,-1,-2,25
1761623160.3460507,-3,0,28
1761623160.3850508,-5,0,22
1761623160.4230506,-1,-4,36
1761623160.459051,-2,0,36
1761623160.4960508,-7,-2,33
1761623160.5350506,-6,-4,24
1761623160.5730507,-4,-1,31
1761623160.6090508,-2,-4,34
1761623160.6470506,-5,-8,35
1761623160.6850507,0,6,28
1761623160.7240508,0,2,28
1761623160.7600508,1,-1,30
1761623160.7970507,4,0,25
1761623160.8350508,-1,1,36
1761623160.8730507,4,1,27
1761623160.9090507,-2,-6,35
1761623160.9460506,4,0,39
1761623160.9840508,4,-1,29
1761623161.0200508,7,4,38
1761623161.0570507,-1,1,42
1761623161.0950508,-6,-3,41
1761623161.133051,-11,1,35
1761623161.1690507,-2,2,37
1761623161.2060506,-6,-2,41
1761623161.245051,-3,-2,36
1761623161.2830508,-7,0,39
1761623161.3190508,-7,0,34
1761623161.3560507,3,-8,28
1761623161.3950508,4,-4,35
1761623161.4310508,4,-8,42
1761623161.4680507,0,2,45
1761623161.505051,0,0,33
1761623161.541051,10,0,28
1761623161.5780506,-1,-1,28
1761623161.6160507,2,-5,24
1761623161.6540508,-1,0,33
1761623161.6910508,-4,-1,41
1761623161.7280507,-1,-2,29
1761623161.7660508,-4,4,32
1761623161.8040507,0,-2,39
1761623161.8400507,0,0,44
1761623161.8770506,-3,4,35
1761623161.9150507,-4,-1,31
1761623161.9510508,5,-1,38
1761623161.9880507,-6,4,31
1761623162.0250506,-1,3,32
1761623162.064051,3,1,19
1761623162.1000507,5,-1,24
1761623162.1370506,5,1,29
1761623162.1750507,-2,1,34
1761623162.2110507,-4,6,33
1761623162.2480507,-2,1,28
1761623162.2860508,-4,0,24
1761623162.3250508,-3,5,33
1761623162.3610508,3,3,31
1761623162.3980508,0,0,25
1761623162.436051,0,-3,27
1761623162.4740508,-1,5,40
1761623162.5100508,-1,10,28
1761623162.5470507,-2,0,34
1761623162.5860507,0,0,35
1761623162.6240506,-2,-4,28
1761623162.6600506,-3,2,22
1761623162.6970508,-4,0,33
1761623162.7360508,0,2,40
1761623162.7740507,-1,3,38
1761623162.8100507,2,-1,31
1761623162.847051,0,1,33
1761623162.8850508,-5,1,30
1761623162.9210508,0,-3,26
1761623162.9580507,5,-2,29
1761623162.9960508,-5,-6,33
1761623163.0340507,6,0,28
1761623163.0700507,3,-4,34
1761623163.1080508,3,-8,40
1761623163.1460507,1,0,37
1761623163.1840508,-6,-4,34
1761623163.2200508,-4,-4,35
1761623163.258051,-3,-5,39
1761623163.2960508,0,-12,24
1761623163.334051,-3,-8,33
1761623163.370051,6,-5,43
1761623163.4080508,-1,-5,43
1761623163.4460506,1,-7,34
1761623163.4840508,0,-3,37
1761623163.5200508,3,6,45
1761623163.5570507,8,3,40
1761623163.5950508,0,-1,36
1761623163.6310508,-7,1,31
1761623163.6690507,1,4,21
1761623163.7070508,0,0,40
1761623163.745051,7,0,28
1761623163.7810507,0,-4,28
1761623163.8190508,-3,-5,28
1761623163.857051,3,-3,25
1761623163.8960507,-3,-5,28
1761623163.9320507,5,-1,27
1761623163.9690506,8,-2,24
1761623164.0060508,8,-1,27
1761623164.0420508,9,-1,39
1761623164.0790508,5,-7,25
1761623164.1170506,1,-7,41
1761623164.1550508,0,0,33
1761623164.1910508,2,-2,40
1761623164.2290506,2,0,32
1761623164.2670507,2,-1,32
1761623164.3050506,-4,3,41
1761623164.3410506,0,5,35
1761623164.3780508,6,-1,30
1761623164.4170508,7,6,24
1761623164.4550507,0,4,26
1761623164.4910507,7,-1,22
1761623164.5290508,-4,-2,18
1761623164.5670507,0,-3,30
1761623164.6050508,-3,-3,41
1761623164.6410508,1,-4,31
1761623164.6780508,6,1,31
1761623164.7160506,-1,4,25
1761623164.7520506,0,1,25
1761623164.7890508,-2,3,31
1761623164.8270507,0,2,31
1761623164.8650508,0,0,38
1761623164.9010508,0,1,45
1761623164.9380507,0,-6,36
1761623164.9770508,3,1,30
1761623165.0150506,5,4,20
1761623165.051051,7,-3,26
1761623165.0880508,-1,-5,30
1761623165.1270506,2,-7,38
1761623165.1650507,-1,-5,32
1761623165.2010508,-1,-6,16
1761623165.2380507,0,-1,19
1761623165.2760508,0,-7,18
1761623165.3120508,0,-5,30
1761623165.3490508,3,1,48
1761623165.3870506,-2,-4,41
1761623165.4250507,-6,-5,40
1761623165.4610507,-8,2,39
1761623165.4980507,-4,-6,35
1761623165.5370507,4,-5,33
1761623165.5750508,3,-5,26
1761623165.6110508,0,-2,31
1761623165.6480508,-2,-10,29
1761623165.6870508,4,-2,25
1761623165.7250507,6,0,26
1761623165.7610507,4,3,33
1761623165.7980506,1,0,32
1761623165.8360507,7,-3,35
1761623165.8720508,4,2,41
1761623165.9090507,4,4,43
1761623165.9470508,6,-5,42
1761623165.9830508,-3,0,45
1761623166.0200508,4,-4,30
1761623166.0570507,1,-6,46
1761623166.0930507,-1,-6,43
1761623166.130051,0,-5,45
1761623166.1680508,-1,-3,31
1761623166.2060506,-4,-1,41
1761623166.2420506,1,5,35
1761623166.2790508,1,5,40
1761623166.3170507,1,4,40
1761623166.3530507,1,5,49
1761623166.3900506,0,1,25
1761623166.4290507,0,2,24
1761623166.4670508,0,2,34
1761623166.5030508,1,3,33
1761623166.5400507,5,-2,32
1761623166.5780506,4,-2,40
1761623166.6170506,0,-4,46
1761623166.653051,0,-6,31
1761623166.6910508,-2,-3,41
1761623166.7290506,-1,-5,29
1761623166.768051,6,-1,21
1761623166.8060508,13,-1,29
1761623166.8420508,7,0,36
1761623166.8790507,0,-2,37
1761623166.9180508,2,-4,33
1761623166.9560506,2,-2,32
1761623166.9920506,2,2,29
1761623167.0290508,1,-2,32
1761623167.0680506,-2,-5,29
1761623167.1060507,-2,-3,34
1761623167.1420507,0,-3,27
1761623167.1800506,-4,-5,30
1761623167.2180507,-2,-4,29
1761623167.2570508,3,0,36
1761623167.2930508,-4,0,38
1761623167.3300507,-5,-2,31
1761623167.3680508,-1,0,36
1761623167.4060507,-4,-2,38
1761623167.4420507,-3,-2,31
1761623167.4800508,7,0,18
1761623167.5260508,10,-2,36
1761623167.5620508,-1,1,33
1761623167.5990508,1,2,34
1761623167.6380508,4,1,30
1761623167.676051,5,0,30
1761623167.712051,3,4,27
1761623167.7490506,2,1,27
1761623167.788051,4,-2,20
1761623167.8260508,-2,0,23
1761623167.8620508,1,0,38
1761623167.8990507,0,2,26
1761623167.9380507,-5,-1,33
1761623167.9740508,-7,2,38
1761623168.0120506,-6,2,35
1761623168.051051,1,-1,37
1761623168.0880508,-3,0,28
1761623168.1270506,0,1,26
1761623168.163051,-4,-4,17
1761623168.2000508,1,1,22
1761623168.2380507,-2,4,31
1761623168.2740507,6,-1,36
1761623168.3120508,3,-2,35
1761623168.3490508,3,-1,37
1761623168.3880508,4,-2,27
1761623168.4240508,3,-5,24
1761623168.4630508,-6,-5,22
1761623168.5000508,0,-4,24
1761623168.538051,4,0,33
1761623168.574051,5,-4,31
1761623168.6130507,4,0,32
1761623168.6500506,-4,-5,29
1761623168.6880507,-4,-7,29
1761623168.7270508,-1,-5,27
1761623168.7630508,-4,-6,35
1761623168.8000507,0,-4,31
1761623168.8390508,1,0,42
1761623168.8770506,-3,-4,35
1761623168.913051,-8,-2,34
1761623168.9500508,-6,0,39
1761623168.9890506,-3,1,38
1761623169.0270507,2,-3,34
1761623169.0630507,0,1,29
1761623169.1000507,-1,-1,36
1761623169.1390507,2,-7,31
1761623169.1770508,8,-2,29
1761623169.2130508,-2,-2,29
1761623169.2500508,7,-3,34
1761623169.2890508,8,-1,35
1761623169.3270507,1,3,37
1761623169.3630507,-1,4,34
1761623169.4000506,1,3,37
1761623169.439051,2,-4,30
1761623169.4770508,8,-2,43
1761623169.5130508,0,1,43
1761623169.5500507,6,0,35
1761623169.5890508,0,-4,42
1761623169.6270506,-1,1,28
1761623169.663051,4,0,36
1761623169.7000508,-2,-9,37
1761623169.7390506,2,-3,33
1761623169.7770507,-2,0,32
1761623169.8130507,-1,-5,36
1761623169.8500507,-1,-3,44
1761623169.8890507,0,-4,43
1761623169.9270508,-1,-3,20
1761623169.9630508,2,0,33
1761623170.0000508,0,-1,30
1761623170.0390508,-3,-2,42
1761623170.0770507,1,-3,42
1761623170.1130507,0,1,43
1761623170.1500506,-2,2,29
1761623170.189051,-5,-5,38
1761623170.2250507,-1,-2,31
1761623170.2630508,8,-2,31
1761623170.301051,-4,-4,43
1761623170.3400507,3,-2,38
1761623170.3780508,0,-3,30
1761623170.4140508,0,-10,33
1761623170.4510508,-1,0,31
1761623170.4890506,6,1,34
1761623170.5250506,5,-4,33
1761623170.5620508,2,-3,27
1761623170.5990508,-2,-1,34
1761623170.6380508,-7,-5,35
1761623170.6740508,-2,-7,31
1761623170.712051,-5,-1,30
1761623170.7500508,-4,-5,36
1761623170.7890508,-4,0,34
1761623170.8250508,0,3,32
1761623170.8640506,0,2,32
1761623170.9010508,-5,-5,23
1761623170.9400508,2,-4,25
1761623170.9780507,-2,-7,32
1761623171.0140507,5,-3,24
1761623171.051051,4,-3,22
1761623171.0890508,0,8,30
1761623171.1250508,2,0,36
1761623171.163051,0,-3,35
1761623171.2000508,-11,-4,27
1761623171.2390506,-10,-7,30
1761623171.2750506,-5,-1,35
1761623171.3130507,-2,0,28
1761623171.3510506,-8,-12,31
1761623171.3900506,-1,-7,38
1761623171.4280508,4,-6,35
1761623171.4640508,1,1,34
1761623171.5010507,1,-4,32
1761623171.5400507,6,-1,14
1761623171.5780506,-6,-1,26
1761623171.6140506,-6,1,31
1761623171.6510508,0,-2,27
1761623171.6900508,2,-1,35
1761623171.7280507,-1,1,25
1761623171.7640507,0,-7,28
1761623171.801051,-1,3,34
1761623171.8400507,1,-2,35
1761623171.8780508,0,-6,35
1761623171.9140508,0,-6,25
1761623171.9520507,-4,-1,16
1761623171.9900508,-3,-1,14
1761623172.028051,0,-2,20
1761623172.064051,-4,0,30
1761623172.1010506,-8,0,39
1761623172.1400506,5,-6,34
1761623172.1780508,4,-1,21
1761623172.2140508,7,0,25
1761623172.2510507,5,-3,37
1761623172.2900507,1,0,32
1761623172.3260508,-8,-6,22
1761623172.3640506,-4,0,24
1761623172.4020507,2,0,34
1761623172.4400508,0,3,44
1761623172.4760506,3,0,44
1761623172.5130508,9,1,40
1761623172.5500507,2,2,45
1761623172.5860507,-4,1,42
1761623172.6240506,-7,4,23
1761623172.6610508,-8,0,32
1761623172.699051,-1,-2,23
1761623172.735051,5,-2,36
1761623172.7720506,3,-3,52
1761623172.8100507,-6,1,42
1761623172.8460507,-6,3,42
1761623172.883051,-5,4,32
1761623172.9200506,-9,-2,34
1761623172.959051,-6,1,42
1761623172.995051,-3,4,31
1761623173.0320508,5,2,37
1761623173.0700507,1,0,34
1761623173.1060507,5,-2,20
1761623173.143051,0,1,20
1761623173.1810508,0,-5,17
1761623173.2190506,2,-2,28
1761623173.255051,-6,0,33
1761623173.2920508,0,-3,41
1761623173.3300507,-1,0,28
1761623173.3660507,1,-3,31
1761623173.403051,4,-2,30
1761623173.4410508,-1,2,30
1761623173.4800508,3,2,28
1761623173.5160508,-3,-4,29
1761623173.5530508,6,2,28
1761623173.5910506,-2,2,30
1761623173.6290507,1,2,45
1761623173.6650507,-3,-1,44
1761623173.7020507,4,0,47
1761623173.7400508,0,1,32
1761623173.7760508,7,-2,40
1761623173.814051,0,2,33
1761623173.8510506,1,2,30
1761623173.8890507,-2,0,33
1761623173.9250507,2,-5,26
1761623173.962051,0,2,30
1761623174.0000508,2,-2,30
1761623174.0360508,5,-2,18
1761623174.0730507,5,-1,38
1761623174.1110508,0,0,34
1761623174.1490507,3,-3,36
1761623174.1850507,4,0,38
1761623174.2230508,-2,3,31
1761623174.2610507,-6,-1,33
1761623174.2990508,-4,0,32
1761623174.3350508,-2,-2,30
1761623174.3730507,-6,-2,31
1761623174.4110508,-2,-4,29
1761623174.4500508,0,-7,24
1761623174.4860508,3,-2,34
1761623174.5230508,1,1,41
1761623174.561051,4,5,36
1761623174.597051,0,5,32
1761623174.6340508,-1,0,34
1761623174.6710508,1,0,24
1761623174.7070508,-4,0,21
1761623174.7440507,0,1,22
1761623174.7820508,4,-11,25
1761623174.8200507,1,-6,34
1761623174.8560507,-2,0,38
1761623174.893051,-2,0,40
1761623174.9310508,-1,0,38
1761623174.9700508,0,0,29
1761623175.0060508,-7,1,19
1761623175.0430508,5,3,18
1761623175.0810506,0,-6,28
1761623175.1170506,0,-1,31
1761623175.1550508,-4,0,29
1761623175.1920507,1,-1,36
1761623175.2300508,6,6,29
1761623175.2660508,0,4,39
1761623175.3030508,0,1,33
1761623175.3410506,-1,-6,36
1761623175.3770506,-2,0,40
1761623175.4150507,-4,-3,38
1761623175.4530506,-2,1,38
1761623175.4920506,-1,0,32
1761623175.5300508,-3,0,35
1761623175.5660508,-7,1,26
1761623175.6030507,-2,-2,45
1761623175.6420507,-3,0,34
1761623175.6800506,7,-5,33
1761623175.7160506,2,-9,34
1761623175.7530508,-6,-1,29
1761623175.7920508,5,-3,26
1761623175.8300507,4,-4,33
1761623175.8660507,-3,-6,30
1761623175.903051,-4,-5,27
1761623175.9420507,0,-2,24
1761623175.9800508,1,0,25
1761623176.0160508,2,-7,33
1761623176.0530508,0,-6,28
1761623176.0920508,0,-4,32
1761623176.130051,2,6,42
1761623176.166051,0,3,28
1761623176.2040508,0,-3,32
1761623176.2420506,-1,-6,38
1761623176.2800508,-2,-9,22
1761623176.3160508,1,-8,37
1761623176.3530507,0,3,30
1761623176.3920507,0,0,26
1761623176.4300506,-1,3,27
1761623176.4660506,-2,6,33
1761623176.5040507,-4,-1,30
1761623176.5420508,-9,1,34
1761623176.5780506,4,1,37
1761623176.6150508,-5,-2,29
1761623176.653051,-4,-3,30
1761623176.6920507,5,2,29
1761623176.7280507,4,3,33
1761623176.7650506,0,-1,37
1761623176.8020508,9,-4,33
1761623176.8390508,-3,-5,19
1761623176.8760507,-7,0,32
1761623176.913051,-3,-1,21
1761623176.9520507,1,1,30
1761623176.9880507,2,5,36
1761623177.0260508,0,2,30
1761623177.0630507,-3,-6,38
1761623177.1020508,0,-4,32
1761623177.1380508,0,-6,33
1761623177.176051,7,0,27
1761623177.2130508,8,-4,21
1761623177.2510507,9,4,30
1761623177.2870507,2,0,30
1761623177.324051,2,-5,28
1761623177.3620508,3,-7,25
1761623177.3980508,2,-1,45
1761623177.4350507,-1,0,37
1761623177.4730508,4,3,35
1761623177.5110507,-2,-3,37
1761623177.5560508,0,-3,48
1761623177.5930507,0,-1,35
1761623177.6310508,2,-1,31
1761623177.6670508,-5,-3,35
1761623177.7040508,-3,-3,35
1761623177.7430508,0,-4,43
1761623177.7810507,-8,-5,29
1761623177.8170507,-5,0,28
1761623177.8540506,6,-4,20
1761623177.8920507,7,-1,26
1761623177.9280508,1,0,32
1761623177.9650507,2,2,31
1761623178.0030508,0,0,35
1761623178.041051,0,-2,38
1761623178.0770507,1,0,31
1761623178.1140506,1,-3,44
1761623178.1520507,0,-3,31
1761623178.1880507,-4,-1,26
1761623178.2250507,-5,-3,37
1761623178.2640507,5,-2,36
1761623178.3020508,5,1,30
1761623178.3380508,3,1,34
1761623178.3750508,1,-4,50
1761623178.413051,-1,-2,41
1761623178.4510508,0,-1,37
1761623178.4870508,-4,0,35
1761623178.5250506,-3,-1,40
1761623178.5630507,-1,-5,36
1761623178.6020508,-7,0,29
1761623178.6380508,0,-2,40
1761623178.6750507,-8,3,36
1761623178.7130508,-5,3,22
1761623178.7510507,3,-2,44
1761623178.7870507,1,-2,41
1761623178.8250508,2,-1,40
1761623178.8630507,-5,0,36
1761623178.8990507,-2,0,41
1761623178.936051,5,6,31
1761623178.9730508,13,-9,39
1761623179.0090508,9,-6,39
1761623179.0460508,3,-3,37
1761623179.084051,2,-6,40
1761623179.1220508,0,-3,31
1761623179.1580508,-4,0,32
1761623179.1950507,-6,2,27
1761623179.2330508,-6,6,32
1761623179.2690508,-2,7,30
1761623179.3060508,2,0,37
1761623179.3440506,-6,-3,37
1761623179.3820508,-6,-5,27
1761623179.4180508,-1,-5,34
1761623179.4550507,-3,0,31
1761623179.4930508,-3,-3,22
1761623179.5290508,-3,5,26
1761623179.5670507,-3,-3,25
1761623179.6050508,-2,-1,24
1761623179.643051,-10,-9,27
1761623179.6820507,-4,-1,25
1761623179.7180507,-2,-2,23
1761623179.755051,-3,1,35
1761623179.7930508,-3,1,32
1761623179.8290508,-6,-1,29
1761623179.8660507,0,-4,45
1761623179.9040508,-2,-5,28
1761623179.9420507,-5,-3,33
1761623179.9780507,-6,0,37
1761623180.0150506,0,5,30
1761623180.0530508,-7,-2,24
1761623180.0890508,0,-4,35
1761623180.1260507,0,-7,37
1761623180.1640508,0,-4,37
1761623180.2020507,-2,-4,30
1761623180.2380507,1,-8,36
1761623180.2760508,-4,-4,25
1761623180.314051,-4,0,36
1761623180.3530507,0,3,43
1761623180.3890507,-2,4,32
1761623180.426051,-4,-6,42
1761623180.4650507,0,2,38
1761623180.5030508,3,4,40
1761623180.5390508,0,11,41
1761623180.5760508,3,-2,36
1761623180.6140506,1,0,46
1761623180.6520507,6,3,38
1761623180.6880507,13,-2,35
1761623180.7260506,1,0,19
1761623180.7640507,-2,1,34
1761623180.8020508,1,5,35
1761623180.8380508,0,2,30
1761623180.8760507,4,-1,31
1761623180.9140508,5,1,34
1761623180.9520507,3,-5,34
1761623180.9880507,-10,-2,27
1761623181.0260508,-5,3,22
1761623181.064051,2,2,32
1761623181.1000507,2,-2,31
1761623181.1370506,-6,-5,21
1761623181.1750507,-4,-2,31
1761623181.2140508,-3,-3,36
1761623181.2500508,-1,-2,42
1761623181.288051,-1,-3,35
1761623181.3260508,1,0,25
1761623181.3640506,-5,-3,33
1761623181.4000506,1,-3,25
1761623181.4370508,-2,0,22
1761623181.4740508,1,-6,43
1761623181.5100508,4,-2,27
1761623181.5470507,4,4,25
1761623181.584051,1,-1,25
1761623181.620051,2,-1,34
1761623181.6570508,-1,0,42
1761623181.6950507,5,-5,42
1761623181.7330508,8,-6,47
1761623181.7690508,2,-6,31
1761623181.8060508,-1,2,39
1761623181.8440506,1,-4,36
1761623181.880051,-8,-2,34
1761623181.9190507,2,0,21
1761623181.9560506,6,1,30
1761623181.9940507,0,-2,30
1761623182.0300508,0,-3,31
1761623182.0680506,6,5,40
1761623182.1060507,1,-1,30
1761623182.1440508,-7,3,41
1761623182.1800506,0,-8,37
1761623182.2170508,4,0,35
1761623182.255051,-10,-1,27
1761623182.2930508,-1,-6,29
1761623182.3290508,-4,-4,27
1761623182.3660507,3,5,19
1761623182.4040508,-1,2,33
1761623182.4400508,5,1,36
1761623182.4770508,7,-7,32
1761623182.5160508,-1,-2,26
1761623182.5540507,0,-1,25
1761623182.5900507,3,1,34
1761623182.6280508,0,1,36
1761623182.666051,0,1,44
1761623182.7040508,2,0,32
1761623182.7400508,4,6,29
1761623182.778051,1,0,39
1761623182.8160508,-3,0,32
1761623182.8540506,5,5,32
1761623182.8900506,7,5,26
1761623182.9280508,-1,-3,27
1761623182.9650507,2,4,25
1761623183.0030508,1,0,38
1761623183.0390508,-2,2,38
1761623183.0760508,-7,0,35
1761623183.1140506,-2,0,43
1761623183.1500506,2,1,43
1761623183.1870508,6,-1,39
1761623183.2250507,-4,-1,43
1761623183.2610507,-5,-5,27
1761623183.2980506,1,-3,34
1761623183.3360507,2,-9,41
1761623183.3740506,0,-5,42
1761623183.4100506,-4,-6,40
1761623183.449051,-6,0,40
1761623183.4860508,0,0,38
1761623183.5240507,1,0,33
1761623183.5600507,0,0,32
1761623183.597051,3,2,26
1761623183.6350508,0,6,28
1761623183.6710508,8,-2,20
1761623183.7080507,8,-7,33
1761623183.745051,2,-1,44
1761623183.7810507,3,0,35
1761623183.8180506,-8,-2,41
1761623183.8560507,-5,-8,36
1761623183.8950508,-3,-4,28
1761623183.9310508,0,1,35
1761623183.9680507,-1,8,24
1761623184.0060508,3,0,25
1761623184.0440507,3,-2,42
1761623184.0800507,-2,-3,36
1761623184.1180508,-5,-9,26
1761623184.1560507,-4,-7,20
1761623184.1950507,-1,2,23
1761623184.2310507,-3,4,26
1761623184.268051,-2,-4,29
1761623184.3060508,3,0,35
1761623184.3440506,-2,1,38
1761623184.380051,3,-8,23
1761623184.4180508,3,-5,25
1761623184.4560506,0,-6,27
1761623184.495051,-1,-4,26
1761623184.5310507,-3,-2,34
1761623184.5680506,-1,1,35
1761623184.6060507,-4,-5,32
1761623184.6440508,1,-2,24
1761623184.6800506,0,-1,34
1761623184.7170508,5,-1,29
1761623184.755051,1,1,23
1761623184.791051,-5,0,27
1761623184.8280506,-3,2,43
1761623184.8660507,-4,0,31
1761623184.9040508,6,-3,29
1761623184.9400508,-5,2,37
1761623184.9770508,-3,-5,42
1761623185.0160508,3,1,35
1761623185.0540507,3,-4,26
1761623185.0900507,0,0,21
1761623185.1270506,-1,0,26
1761623185.1650507,-3,-10,28
1761623185.2020507,-5,-1,37
1761623185.2390506,5,0,28
1761623185.2770507,4,0,25
1761623185.3150508,1,0,23
1761623185.3510506,0,1,26
1761623185.3890507,-5,0,34
1761623185.4270508,1,1,31
1761623185.4650507,1,9,22
1761623185.5010507,9,3,26
1761623185.538051,1,-2,39
1761623185.5760508,1,-2,30
1761623185.6120508,-4,-1,29
1761623185.6490507,-11,3,30
1761623185.686051,5,2,32
1761623185.722051,6,1,33
1761623185.7590508,0,0,38
1761623185.7960508,-8,1,42
1761623185.8320508,0,0,43
1761623185.870051,0,3,42
1761623185.9070508,-5,1,31
1761623185.9450507,10,-3,30
1761623185.9810507,7,-2,31
1761623186.018051,1,-5,27
1761623186.0570507,0,-1,32
1761623186.0950508,-3,1,32
1761623186.1310508,0,2,31
1761623186.1680508,5,5,36
1761623186.2060506,-2,7,41
1761623186.2420506,-4,-2,33
1761623186.2790508,-2,0,39
1761623186.3170507,-4,-1,32
1761623186.3550508,-5,-1,40
1761623186.3920507,5,6,31
1761623186.4290507,7,-3,33
1761623186.4670508,-3,1,28
1761623186.505051,-1,0,29
1761623186.5420508,0,3,34
1761623186.5790508,-4,0,34
1761623186.6170506,0,-1,39
1761623186.6550508,-7,-3,31
1761623186.6910508,3,1,30
1761623186.7290506,-2,-9,33
1761623186.7670507,2,-6,34
1761623186.8050506,7,-8,18
1761623186.8410506,4,2,31
1761623186.8790507,0,0,40
1761623186.9170508,0,1,31
1761623186.9550507,8,-7,40
1761623186.9910507,-1,-3,42
1761623187.0290508,-1,-5,34
1761623187.0670507,-3,1,39
1761623187.1060507,-5,-3,39
1761623187.1420507,1,-7,38
1761623187.1790507,3,-4,37
1761623187.2170508,-5,-8,39
1761623187.255051,-8,-3,35
1761623187.291051,-8,0,34
1761623187.3290508,-11,-7,44
1761623187.3670506,-12,-10,40
1761623187.4060507,6,-4,37
1761623187.4420507,6,-4,42
1761623187.4790506,-4,0,28
1761623187.5170507,1,-1,26
1761623187.5620508,0,-5,33
1761623187.6000507,0,0,25
1761623187.6370506,4,-1,35
1761623187.6730506,-3,0,35
1761623187.7100508,-1,-3,37
1761623187.7480507,-4,-5,42
1761623187.7870507,0,4,37
1761623187.8230507,-4,3,32
1761623187.860051,-2,0,30
1761623187.8970506,0,3,32
1761623187.9330506,0,-3,41
1761623187.9700508,9,-2,36
1761623188.0070508,6,-3,38
1761623188.0430508,5,-3,38
1761623188.0800507,0,-5,34
1761623188.1180508,1,3,32
1761623188.1560507,5,0,37
1761623188.1920507,13,-2,36
1761623188.2290506,7,0,38
1761623188.2670507,8,-4,30
1761623188.3030508,3,-2,25
1761623188.3400507,0,-4,34
1761623188.3780508,-1,-2,33
1761623188.416051,0,-4,37
1761623188.4520507,-1,3,40
1761623188.4890506,-3,2,31
1761623188.528051,-5,0,24
1761623188.5660508,1,-2,23
1761623188.6020508,1,-8,22
1761623188.6390507,-1,-4,44
1761623188.6780508,-2,-1,34
1761623188.7160506,3,-7,20
1761623188.7520506,2,2,25
1761623188.7890508,2,5,18
1761623188.8270507,8,-2,35
1761623188.8630507,4,-3,37
1761623188.9000506,8,-5,47
1761623188.9380507,-4,3,47
1761623188.9760506,-1,0,37
1761623189.0120506,-4,-3,35
1761623189.0500507,3,-8,38
1761623189.0880508,0,-5,23
1761623189.1260507,4,-3,23
1761623189.1620507,5,-3,34
1761623189.2000508,2,-1,37
1761623189.2380507,0,-3,25
1761623189.2760508,0,-7,32
1761623189.3120508,-7,-7,22
1761623189.3500507,3,0,20
1761623189.3880508,4,-6,35
1761623189.426051,11,-2,27
1761623189.462051,6,-1,31
1761623189.5000508,9,-7,19
1761623189.538051,3,-5,35
1761623189.574051,-1,-1,32
1761623189.6120508,-1,0,31
1761623189.6490507,0,-7,31
1761623189.6880507,-4,0,28
1761623189.7240508,-2,0,39
1761623189.7620506,0,4,29
1761623189.8000507,4,6,40
1761623189.8380508,-1,2,35
1761623189.8740506,0,-6,42
1761623189.9120507,-5,-3,35
1761623189.9500508,-2,-4,32
1761623189.9880507,0,-5,29
1761623190.0250506,-3,-2,28
1761623190.0620508,-2,-4,40
1761623190.1000507,-1,-2,41
1761623190.1380508,0,-3,38
1761623190.1740508,-1,-4,28
1761623190.212051,-1,3,26
1761623190.2490506,0,-5,32
1761623190.2870507,0,-7,18
1761623190.3230507,4,-4,24
1761623190.360051,1,0,28
1761623190.3980508,-6,8,32
1761623190.4340508,-4,5,26
1761623190.4710507,-6,10,24
1761623190.508051,1,7,35
1761623190.5440507,3,0,23
1761623190.5810506,-4,-4,18
1761623190.6190507,-4,0,27
1761623190.6580508,-7,2,32
1761623190.6940508,-2,3,36
1761623190.7310507,-3,0,18
1761623190.7690508,0,5,20
1761623190.8070507,-2,2,25
1761623190.8430507,8,3,26
1761623190.880051,5,-7,34
1761623190.9190507,-3,-8,36
1761623190.9570508,0,-3,30
1761623190.9930508,0,-2,32
1761623191.0300508,-2,1,23
1761623191.0690508,-3,2,27
1761623191.107051,4,1,41
1761623191.143051,-4,0,41
1761623191.1810508,-1,-1,33
1761623191.2190506,2,2,43
1761623191.2570508,-1,0,34
1761623191.2930508,7,-3,23
1761623191.3310506,4,0,33
1761623191.3690507,0,6,30
1761623191.4070508,0,-3,38
1761623191.4430506,-2,0,35
1761623191.4810507,-1,-5,25
1761623191.5190508,3,0,35
1761623191.5570507,3,-3,34
1761623191.5930507,0,-10,32
1761623191.630051,2,-5,33
1761623191.6690507,-1,-1,36
1761623191.7050507,0,4,32
1761623191.7420506,0,0,28
1761623191.7790508,2,-5,31
1761623191.8180506,-2,-2,39
1761623191.8540506,1,0,27
1761623191.8910508,0,-3,31
1761623191.9290507,-2,-3,25
1761623191.9650507,6,-3,27
1761623192.0020506,6,-5,31
1761623192.0390508,1,-6,35
1761623192.0780506,1,-5,31
1761623192.1140506,1,-3,37
1761623192.1510508,5,-3,30
1761623192.189051,7,-2,35
1761623192.2250507,4,-6,28
1761623192.2620506,0,-1,42
1761623192.2990508,-3,-1,27
1761623192.3380508,-5,0,28
1761623192.3740506,-8,-6,32
1761623192.4110508,-3,-2,34
1761623192.449051,-9,-2,33
1761623192.4880507,-5,-1,30
1761623192.5240507,-5,3,39
1761623192.561051,-5,1,38
1761623192.6000507,-1,8,46
1761623192.6380508,0,-4,38
1761623192.6740508,-2,-1,42
1761623192.7110507,-3,-4,40
1761623192.7500508,-7,-1,32
1761623192.788051,0,6,33
1761623192.824051,1,3,33
1761623192.8610508,0,-2,37
1761623192.9000506,5,0,38
1761623192.9380507,1,-2,27
1761623192.9740508,0,-2,34
1761623193.0110507,2,-3,36
1761623193.0490508,0,-1,28
1761623193.0850508,1,-5,35
1761623193.1220508,2,-8,43
1761623193.1600506,3,-1,40
1761623193.1980507,0,0,32
1761623193.2340508,-11,-2,27
1761623193.2710507,-5,0,40
1761623193.3090508,1,0,38
1761623193.3450508,4,2,43
1761623193.3820508,2,6,43
1761623193.4200506,0,-3,38
1761623193.4580507,-1,3,35
1761623193.4940507,-2,3,38
1761623193.5310507,10,0,30
1761623193.5700507,-2,-1,29
1761623193.6080508,-5,-5,32
1761623193.6440508,-6,-5,26
1761623193.6820507,-5,-1,23
1761623193.7200508,1,1,36
1761623193.758051,-6,-5,40
1761623193.7940507,-1,-4,36
1761623193.8310506,-8,-3,29
1761623193.870051,5,-2,28
1761623193.9060507,2,6,41
1761623193.9430506,-3,1,35
1761623193.9800508,4,-1,30
1761623194.0160508,9,-2,32
1761623194.0530508,3,11,46
1761623194.0900507,-3,-1,35
1761623194.1290507,-5,-10,26
1761623194.1650507,-1,-6,32
1761623194.2020507,0,-4,38
1761623194.2400508,5,-2,29
1761623194.2760508,0,3,32
1761623194.3130507,-4,-6,37
1761623194.3510506,-5,-4,41
1761623194.3900506,1,-8,42
1761623194.426051,4,-1,41
1761623194.4650507,5,-2,44
1761623194.5020506,4,-2,29
1761623194.5400507,7,0,27
1761623194.5760508,1,3,30
1761623194.6130507,0,0,30
1761623194.6500506,0,-1,44
1761623194.686051,-2,0,35
1761623194.7240508,-8,0,33
1761623194.7610507,-2,-3,30
1761623194.8000507,0,-2,33
1761623194.8360507,0,-1,31
1761623194.8730507,-8,1,30
1761623194.9110508,-4,-4,34
1761623194.9500508,2,-6,32
1761623194.9860508,3,-3,41
1761623195.0230508,5,-2,49
1761623195.061051,10,0,33
1761623195.0990508,4,-3,30
1761623195.1350508,-1,-2,34
1761623195.1720507,-1,-4,30
1761623195.2110507,5,-3,24
1761623195.2490506,-2,0,28
1761623195.2850506,2,-3,38
1761623195.3220508,-1,-7,42
1761623195.3610508,0,-3,33
1761623195.3990507,1,-6,22
1761623195.4350507,-4,-5,33
1761623195.472051,-5,-6,30
1761623195.5110507,-5,-1,44
1761623195.5490508,-7,-2,39
1761623195.5850508,-4,0,36
1761623195.6220508,-6,-10,36
1761623195.6610508,-2,-3,25
1761623195.7000508,7,-2,30
1761623195.7360508,5,-2,34
1761623195.7730508,5,0,35
1761623195.811051,1,0,26
1761623195.8490508,2,-1,27
1761623195.8850508,0,-6,22
1761623195.9220507,-2,-4,25
1761623195.9610507,-6,-3,33
1761623195.9990506,-1,-4,33
1761623196.0350506,0,-5,27
1761623196.0730507,0,1,33
1761623196.1110508,-1,-6,40
1761623196.1490507,1,-2,35
1761623196.1850507,0,4,35
1761623196.222051,-1,8,40
1761623196.2610507,-2,1,33
1761623196.2970507,-3,-2,36
1761623196.3350508,1,-4,41
1761623196.3730507,-5,2,42
1761623196.4110508,-5,0,38
1761623196.4470508,2,-1,34
1761623196.4840508,-1,5,40
1761623196.5220506,0,0,41
1761623196.561051,-2,-2,38
1761623196.597051,8,-1,36
1761623196.6350508,6,-8,45
1761623196.6720507,-1,-5,34
1761623196.7110507,5,4,38
1761623196.7470508,-4,4,39
1761623196.7840507,-4,-4,33
1761623196.8230507,-2,-1,39
1761623196.8610508,-3,-2,51
1761623196.8970506,-3,0,47
1761623196.9340508,-11,2,41
1761623196.9710507,-4,-2,38
1761623197.0100508,-1,0,29
1761623197.0460508,-5,5,34
1761623197.084051,-2,3,27
1761623197.1220508,0,3,38
1761623197.1600506,0,-2,25
1761623197.1960506,-3,-1,38
1761623197.2330508,2,0,33
1761623197.2710507,1,-1,32
1761623197.3070507,4,-1,28
1761623197.3440506,-8,-6,44
1761623197.3820508,-2,-2,37
1761623197.4210508,6,-2,31
1761623197.4570508,4,-2,22
1761623197.4940507,-2,-1,29
1761623197.5320508,1,-3,21
1761623197.5760508,7,-6,32
1761623197.6140506,0,-2,32
1761623197.6520507,-1,-1,37
1761623197.6900508,-6,0,36
1761623197.7260506,-6,1,43
1761623197.7630508,-6,2,32
1761623197.8020508,2,2,26
1761623197.8400507,-1,-6,29
1761623197.8760507,-10,3,31
1761623197.913051,-2,1,22
1761623197.9520507,-1,-8,24
1761623197.9900508,-5,-2,35
1761623198.0260508,-5,2,37
1761623198.064051,0,1,38
1761623198.1020508,3,1,31
1761623198.1400506,3,-3,34
1761623198.176051,-1,0,36
1761623198.2130508,-3,-3,27
1761623198.2520506,-3,-5,29
1761623198.288051,-11,-7,28
1761623198.3260508,0,-2,36
1761623198.3630507,-1,1,31
1761623198.4010508,0,1,32
1761623198.4370508,3,5,36
1761623198.4740508,4,-1,30
1761623198.5120506,-1,2,36
1761623198.5480506,0,-1,17
1761623198.5850508,11,-3,24
1761623198.6220508,2,-4,32
1761623198.6610508,-2,0,32
1761623198.6970508,0,0,39
1761623198.7340508,0,1,43
1761623198.7720506,-1,3,35
1761623198.8080506,-3,1,33
1761623198.8450508,-4,-1,41
1761623198.883051,-6,-6,31
1761623198.9220507,-9,-7,38
1761623198.9580507,-6,-6,43
1761623198.995051,-11,-2,37
1761623199.0330508,-7,0,32
1761623199.0710506,0,-3,29
1761623199.107051,1,2,27
1761623199.1440508,0,0,38
1761623199.1830506,-1,-2,38
1761623199.2210507,-2,0,31
1761623199.2570508,3,-9,19
1761623199.2950506,-3,-8,29
1761623199.3330507,9,3,27
1761623199.3710508,7,2,33
1761623199.4070508,0,2,29
1761623199.4440508,-3,0,31
1761623199.4830508,-2,-7,26
1761623199.5210507,6,-5,34
1761623199.5570507,7,0,31
1761623199.5950508,-1,-1,28
1761623199.633051,8,0,29
1761623199.6710508,1,-3,39
1761623199.7070508,-3,-8,25
1761623199.7440507,0,-3,33
1761623199.7830508,-3,-1,32
1761623199.8210506,-2,-6,37
1761623199.8580508,-6,-5,34
1761623199.8950508,-11,-8,31
1761623199.9330506,-3,-10,29
1761623199.972051,-4,-5,35
1761623200.008051,-3,-2,34
1761623200.0450506,-1,0,33
1761623200.0830507,0,-2,27
1761623200.1210508,1,-6,24
1761623200.1570508,1,-2,24
1761623200.1950507,4,-2,20
1761623200.2330508,-11,0,30
1761623200.2710507,2,-1,31
1761623200.3070507,-1,-3,30
1761623200.3450508,-1,-1,34
1761623200.383051,1,-1,27
1761623200.4190507,0,-4,19
1761623200.4570508,4,-3,15
1761623200.4940507,1,-5,33
1761623200.5320508,0,-1,27
1761623200.5680506,1,-2,26
1761623200.6050508,-1,1,25
1761623200.643051,2,1,23
1761623200.6790507,-1,0,27
1761623200.7160506,0,-1,37
1761623200.7530508,2,0,30
1761623200.7890508,8,0,27
1761623200.8260508,-2,4,36
1761623200.8630507,0,4,27
1761623200.8990507,2,3,30
1761623200.936051,0,-1,41
1761623200.9740508,3,1,36
1761623201.0120506,-6,-1,38
1761623201.0480506,-5,-3,32
1761623201.0850508,-5,-6,32
1761623201.1230507,0,-5,34
1761623201.1590507,2,-9,37
1761623201.1960506,5,3,37
1761623201.2330508,9,0,40
1761623201.2690508,0,-3,39
1761623201.3070507,-1,-5,36
1761623201.3460507,-1,0,37
1761623201.3840508,-3,1,26
1761623201.4220507,2,1,28
1761623201.4580507,4,-3,31
1761623201.495051,4,1,34
1761623201.5330508,0,-2,32
1761623201.5690508,6,2,34
1761623201.607051,6,3,37
1761623201.6440508,-8,0,16
1761623201.6820507,-1,0,25
1761623201.7180507,-7,0,24
1761623201.755051,0,2,35
1761623201.7930508,-7,-1,39
1761623201.8290508,-3,4,46
1761623201.8660507,4,-4,34
1761623201.9040508,-1,-4,22
1761623201.9420507,-3,0,35
1761623201.9780507,1,0,34
1761623202.0160508,8,3,39
1761623202.0540507,0,0,30
1761623202.0920508,-3,0,25
1761623202.1280508,4,2,27
1761623202.1650507,0,-3,31
1761623202.2030506,1,-1,41
1761623202.2390506,1,-2,29
1761623202.2760508,4,0,32
1761623202.314051,4,-5,29
1761623202.3520508,0,-5,30
1761623202.3880508,-2,-2,40
1761623202.4250507,5,0,32
1761623202.4630508,4,4,30
1761623202.4990506,6,0,38
1761623202.5360508,5,5,33
1761623202.574051,3,-1,35
1761623202.610051,6,6,38
1761623202.6480508,0,2,34
1761623202.6850507,4,2,40
1761623202.7240508,0,1,27
1761623202.7600508,2,-2,35
1761623202.7980506,0,-4,36
1761623202.8360507,-5,-5,32
1761623202.8740506,-3,2,28
1761623202.913051,-4,-2,31
1761623202.949051,4,9,31
1761623202.9860508,3,6,33
1761623203.0240507,-2,0,31
1761623203.0600507,0,-3,39
1761623203.097051,0,-2,31
1761623203.1340508,-3,0,32
1761623203.1710508,0,-1,36
1761623203.2080507,0,-1,26
1761623203.245051,-2,-2,25
1761623203.2840507,0,-2,29
1761623203.3200507,-7,-1,42
1761623203.3580508,3,1,38
1761623203.3950508,5,0,30
1761623203.4330506,-4,-4,31
1761623203.4690506,-5,-4,33
1761623203.5060508,-6,-5,27
1761623203.5450506,3,-3,33
1761623203.5830507,3,-5,28
1761623203.6190507,3,-2,40
1761623203.6560507,4,-3,25
1761623203.6940508,-1,0,33
1761623203.7300508,0,0,31
1761623203.7670507,1,1,29
1761623203.8050506,0,-5,31
1761623203.8430507,-4,-2,27
1761623203.8790507,-2,-1,31
1761623203.916051,-1,-2,32
1761623203.9550507,7,-12,46
1761623203.9930508,-6,3,39
1761623204.0290508,-1,-1,28
1761623204.0660508,0,-1,34
1761623204.1040506,-2,-5,36
1761623204.1400506,1,-1,35
1761623204.1770508,-2,0,33
1761623204.2150507,1,1,28
1761623204.2530508,3,-8,46
1761623204.2890508,-7,-11,44
1761623204.3270507,1,0,34
1761623204.3650508,-2,2,38
1761623204.403051,-3,-4,37
1761623204.439051,2,-5,31
1761623204.4780507,-4,-6,23
1761623204.5150506,3,-9,12
1761623204.5530508,2,-2,27
1761623204.5890508,-2,0,32
1761623204.6280508,5,0,34
1761623204.6650507,0,-2,33
1761623204.7010508,-3,-11,24
1761623204.7390506,2,5,30
1761623204.7770507,-1,7,43
1761623204.8150508,0,2,34
1761623204.8510506,6,-1,31
1761623204.8890507,-3,-2,21
1761623204.9280508,6,-2,32
1761623204.9650507,0,0,32
1761623205.0010507,-1,0,35
1761623205.0390508,-4,-1,33
1761623205.0780506,0,2,39
1761623205.1150508,0,1,38
1761623205.1510508,-2,3,36
1761623205.189051,-9,-5,33
1761623205.2270508,0,-6,28
1761623205.2650506,-3,-10,23
1761623205.301051,0,-1,37
1761623205.3390508,2,-1,33
1761623205.3760507,6,0,40
1761623205.4140508,0,0,31
1761623205.4500508,2,-4,32
1761623205.4880507,-6,-9,43
1761623205.5250506,0,-4,49
1761623205.564051,3,-6,40
1761623205.6000507,0,-4,38
1761623205.6370506,-5,6,35
1761623205.6750507,1,8,31
1761623205.7110507,-3,5,31
1761623205.7480507,-2,6,46
1761623205.7860508,4,3,46
1761623205.824051,6,-6,39
1761623205.860051,2,0,42
1761623205.8970506,-5,-1,43
1761623205.936051,1,1,35
1761623205.9740508,-8,0,27
1761623206.0100508,4,4,29
1761623206.0480506,1,-2,32
1761623206.0860507,8,-2,44
1761623206.1240506,3,1,42
1761623206.1600506,0,2,41
1761623206.1970508,-8,-4,31
1761623206.2360508,-1,0,35
1761623206.2740507,2,-1,19
1761623206.3100507,2,8,27
1761623206.347051,-7,0,42
1761623206.3860507,-1,1,32
1761623206.4240508,1,0,36
1761623206.4600508,0,0,29
1761623206.4970508,-4,-4,39
1761623206.5360508,-3,-7,42
1761623206.574051,-5,1,43
1761623206.610051,-2,0,46
1761623206.6480508,-6,-2,37
1761623206.686051,-7,0,36
1761623206.7240508,4,3,38
1761623206.7600508,5,-6,28
1761623206.7980506,-1,6,22
1761623206.8360507,4,0,25
1761623206.8720508,2,1,38
1761623206.9090507,3,-4,42
1761623206.9460506,6,-1,42
1761623206.982051,4,2,41
1761623207.0190508,2,-1,38
1761623207.0570507,0,-2,28
1761623207.0950508,8,1,30
1761623207.1310508,6,1,20
1761623207.1680508,0,1,28
1761623207.2060506,-6,-5,22
1761623207.2420506,0,0,23
1761623207.2790508,6,-3,32
1761623207.3160508,0,1,45
1761623207.3520508,0,5,32
1761623207.3890507,0,-2,27
1761623207.4270508,1,0,48
1761623207.4650507,0,0,44
1761623207.5010507,3,0,44
1761623207.538051,6,-1,41
1761623207.5820508,-1,0,41
1761623207.620051,-2,2,28
1761623207.6580508,7,-1,33
1761623207.6960506,1,-4,28
1761623207.732051,-1,0,24
1761623207.7690508,-3,-4,31
1761623207.8070507,3,-4,27
1761623207.8450508,0,0,43
1761623207.8810508,0,-2,39
1761623207.9180508,-1,5,35
1761623207.9560506,0,0,39
1761623207.9920506,-4,-4,27
1761623208.0290508,2,-5,25
1761623208.0670507,9,-7,32
1761623208.1050508,-3,-6,16
1761623208.1410508,3,-5,15
1761623208.1790507,-2,-2,32
1761623208.2170508,2,1,34
1761623208.2560508,2,-1,39
1761623208.2920508,5,-12,48
1761623208.3290508,5,0,39
1761623208.3670506,9,-3,39
1761623208.4050508,3,-1,38
1761623208.4410508,0,-1,33
1761623208.4780507,0,-3,34
1761623208.5160508,1,5,29
1761623208.5530508,7,3,28
1761623208.5900507,-1,3,30
1761623208.6270506,-2,-1,33
1761623208.666051,8,-1,39
1761623208.7030506,1,-3,29
1761623208.7400508,8,-7,37
1761623208.7770507,0,-7,22
1761623208.8150508,-4,0,28
1761623208.8510506,-1,-3,21
1761623208.8880508,-2,4,24
1761623208.926051,4,1,28
1761623208.962051,0,2,29
1761623208.9990506,-7,-4,26
1761623209.0370507,-2,0,27
1761623209.0730507,0,2,36
1761623209.110051,-1,0,38
1761623209.1470506,-3,2,35
1761623209.186051,-3,-1,35
1761623209.222051,1,0,34
1761623209.2590508,8,0,27
1761623209.2970507,4,-4,37
1761623209.3330507,-1,-3,30
1761623209.370051,-3,0,23
1761623209.4070508,-2,-6,31
1761623209.4460506,-2,11,39
1761623209.482051,-3,10,36
1761623209.5190508,-5,6,24
1761623209.5570507,4,5,31
1761623209.5930507,-1,6,33
1761623209.630051,3,2,33
1761623209.6680508,-2,1,35
1761623209.7070508,0,-5,37
1761623209.7440507,-9,0,36
1761623209.7810507,-4,-1,40
1761623209.8190508,1,-6,39
1761623209.857051,-1,2,37
1761623209.893051,-2,3,38
1761623209.9300506,3,1,26
1761623209.9680507,5,0,37
1761623210.0060508,2,-4,42
1761623210.0420508,0,-4,38
1761623210.0790508,-2,-5,30
1761623210.1180508,4,0,31
1761623210.1560507,-5,6,27
1761623210.1920507,-3,1,22
1761623210.2300508,0,5,32
1761623210.268051,-2,2,45
1761623210.3060508,1,-3,21
1761623210.3420508,4,-2,34
1761623210.3790507,7,-6,37
1761623210.4170508,2,-4,29
1761623210.4530506,0,-6,23
1761623210.4900508,1,0,26
1761623210.528051,1,-8,27
1761623210.5660508,-3,-8,34
1761623210.6030507,-2,-9,34
1761623210.6400506,5,-6,36
1761623210.6780508,2,0,28
1761623210.7160506,6,-3,36
1761623210.7530508,0,0,28
1761623210.7900507,-2,-7,37
1761623210.8280506,-9,-3,25
1761623210.8670506,-7,-2,21
1761623210.903051,-4,0,33
1761623210.9400508,-3,2,36
1761623210.9780507,-1,4,33
1761623211.0160508,-2,-5,29
1761623211.0530508,0,2,33
1761623211.0900507,1,-1,20
1761623211.1280508,5,-5,35
1761623211.166051,8,-5,29
1761623211.2020507,7,-9,30
1761623211.2400508,8,-7,28
1761623211.278051,5,-5,28
1761623211.314051,1,-1,22
1761623211.3510506,0,-9,21
1761623211.3880508,1,-2,24
1761623211.4240508,2,-1,41
1761623211.4610507,0,-4,23
1761623211.4980507,2,-1,31
1761623211.5340507,5,-6,29
1761623211.5720508,-2,-3,34
1761623211.6110508,-5,-5,31
1761623211.6480508,2,-11,36
1761623211.6840508,1,-12,39
1761623211.722051,1,-4,41
1761623211.7600508,7,-2,31
1761623211.7980506,11,1,33
1761623211.834051,9,-2,46
1761623211.8710508,2,-10,47
1761623211.9080508,0,0,34
1761623211.9440508,0,0,45
1761623211.9810507,0,-4,39
1761623212.018051,-3,-7,33
1761623212.0570507,-2,-9,40
1761623212.0930507,-4,-6,38
1761623212.1310508,-5,-2,36
1761623212.1690507,1,-2,35
1761623212.2070508,-1,-1,30
1761623212.2440507,0,-5,35
1761623212.2810507,-1,-2,31
1761623212.3200507,4,-1,29
1761623212.3580508,0,-7,26
1761623212.3940508,3,-2,37
1761623212.4310508,-1,-9,27
1761623212.4700508,2,-3,29
1761623212.508051,2,-7,39
1761623212.5440507,0,-10,37
1761623212.5810506,-4,-6,34
1761623212.620051,1,-4,43
1761623212.6580508,5,4,35
1761623212.6940508,-1,4,28
1761623212.7310507,1,0,36
1761623212.7690508,0,-1,46
1761623212.8070507,0,-7,43
1761623212.8430507,-4,-5,29
1761623212.8810508,-1,-4,38
1761623212.9190507,1,-1,42
1761623212.9570508,4,0,26
1761623212.9930508,4,-6,27
1761623213.0310507,4,-2,26
1761623213.0690508,3,-6,20
1761623213.107051,6,-4,26
1761623213.143051,2,5,36
1761623213.1800506,0,4,25
1761623213.2180507,0,0,31
1761623213.2540507,-6,-4,28
1761623213.291051,-5,-2,25
1761623213.3290508,-4,0,28
1761623213.3650508,2,-3,23
1761623213.4020507,0,-6,40
1761623213.4400508,0,-3,43
1761623213.4780507,4,-1,34
1761623213.5140507,-1,-6,33
1761623213.551051,-6,0,26
1761623213.5890508,-3,2,34
1761623213.6250508,0,1,27
1761623213.663051,0,-6,30
1761623213.7000508,2,-8,26
1761623213.7380507,9,-8,42
1761623213.7740507,3,-4,39
1761623213.811051,1,3,44
1761623213.8490508,-3,-6,36
1761623213.8850508,0,1,28
1761623213.9220507,9,3,30
1761623213.959051,5,1,24
1761623213.9980507,5,-2,27
1761623214.0340507,4,-4,33
1761623214.0720508,1,-4,34
1761623214.110051,3,2,33
1761623214.1480508,0,-3,24
1761623214.1840508,-8,0,26
1761623214.222051,2,2,34
1761623214.2600508,4,-3,17
1761623214.2980506,-1,2,34
1761623214.334051,3,5,35
1761623214.3710508,4,-1,30
1761623214.4090507,-1,1,34
1761623214.4450507,-4,-3,27
1761623214.4830508,5,-8,28
1761623214.5200508,1,-1,37
1761623214.5590508,-3,-1,33
1761623214.5950508,3,-4,32
1761623214.6320508,-2,-1,39
1761623214.6700506,-4,0,37
1761623214.7080507,0,2,45
1761623214.7440507,-6,1,38
1761623214.7820508,-13,-5,32
1761623214.8200507,-6,-4,41
1761623214.8590508,-7,-4,41
1761623214.8950508,1,2,36
1761623214.9320507,-7,0,29
1761623214.9700508,-6,-2,28
1761623215.0090508,1,-2,19
1761623215.0450506,2,1,28
1761623215.0820508,3,1,36
1761623215.120051,0,0,38
1761623215.1580508,-4,-2,29
1761623215.1940508,2,-8,30
1761623215.232051,-2,-6,30
1761623215.2700508,-2,-2,26
1761623215.3080506,0,-2,30
1761623215.3440506,1,0,24
1761623215.3810508,-3,1,26
1761623215.4200506,0,-4,28
1761623215.4580507,0,-6,40
1761623215.4940507,0,0,41
1761623215.5310507,1,-7,23
1761623215.5700507,1,3,37
1761623215.6080508,-4,0,37
1761623215.6440508,-4,1,37
1761623215.6810508,0,-3,33
1761623215.7190506,3,0,33
1761623215.755051,4,-4,23
1761623215.7920508,2,1,41
1761623215.8300507,0,1,44
1761623215.8660507,0,0,39
1761623215.903051,6,5,30
1761623215.9400508,0,-2,41
1761623215.9790506,-2,-4,40
1761623216.0150506,-4,0,33
1761623216.0520508,-2,-2,40
1761623216.0900507,4,-8,37
1761623216.1260507,4,-8,31
1761623216.163051,-4,-10,25
1761623216.2010508,6,-8,25
1761623216.2390506,0,-3,37
1761623216.2750506,-3,0,41
1761623216.3120508,-6,-2,40
1761623216.3500507,-5,-8,23
1761623216.3890507,-4,-10,33
1761623216.4250507,-6,-5,36
1761623216.462051,-5,-4,43
1761623216.5010507,0,-7,30
1761623216.5390508,4,-5,34
1761623216.5750508,6,-3,25
1761623216.6120508,-2,-6,29
1761623216.6510508,-4,0,41
1761623216.689051,0,-2,27
1761623216.7250507,0,0,26
1761623216.7620506,-3,-3,27
1761623216.801051,0,2,27
1761623216.8390508,-3,-7,32
1761623216.8750508,-3,-4,36
1761623216.913051,4,-5,28
1761623216.9510508,3,-2,32
1761623216.9890506,0,3,26
1761623217.0250506,6,4,40
1761623217.0630507,6,9,29
1761623217.1010506,4,2,23
1761623217.1390507,-1,-1,31
1761623217.1750507,0,-4,21
1761623217.212051,0,-4,33
1761623217.2500508,1,-4,31
1761623217.2860508,8,-3,33
1761623217.324051,-3,-1,40
1761623217.3630507,-5,1,37
1761623217.4010508,1,1,36
1761623217.439051,0,0,32
1761623217.4750507,1,-7,35
1761623217.5130508,3,-3,30
1761623217.551051,-4,-8,34
1761623217.5950508,2,-4,29
1761623217.633051,3,1,27
1761623217.6710508,-1,1,37
1761623217.709051,2,-2,29
1761623217.745051,-3,1,35
1761623217.7830508,-7,5,46
1761623217.8210506,-1,-2,27
1761623217.857051,1,-2,35
1761623217.8950508,0,-5,40
1761623217.9330506,-3,0,30
1761623217.9710507,-5,-2,25
1761623218.0070508,-5,0,30
1761623218.0450506,-6,3,33
1761623218.0830507,0,-2,28
1761623218.1210508,1,8,25
1761623218.1570508,-8,7,28
1761623218.1940508,-9,-1,44
1761623218.2330508,-6,1,48
1761623218.2710507,-4,-3,35
1761623218.3070507,-8,4,41
1761623218.3440506,0,0,41
1761623218.3810508,-6,-2,35
1761623218.4200506,-3,-9,32
1761623218.4560506,-5,-9,30
1761623218.4930508,9,-10,36
1761623218.5310507,1,0,36
1761623218.5670507,4,4,40
1761623218.6040506,0,1,31
1761623218.6420507,2,6,36
1761623218.6800506,-4,0,39
1761623218.7160506,-14,0,40
1761623218.7530508,-3,4,35
1761623218.7920508,3,2,39
1761623218.8300507,-2,-1,42
1761623218.8660507,-2,-2,38
1761623218.903051,-3,-7,42
1761623218.9420507,-3,-2,37
1761623218.9800508,-2,-3,35
1761623219.0160508,2,-1,32
1761623219.0530508,4,0,35
1761623219.0920508,-8,-2,30
1761623219.130051,-5,-6,32
1761623219.166051,-4,-3,36
1761623219.2040508,-5,-2,25
1761623219.2420506,2,1,34
1761623219.2800508,-4,-7,26
1761623219.3160508,0,-8,30
1761623219.3530507,1,-7,33
1761623219.3920507,-2,-8,21
1761623219.4300506,-3,-4,26
1761623219.4660506,3,0,20
1761623219.5030508,0,0,35
1761623219.541051,-7,2,35
1761623219.5770507,1,-6,39
1761623219.6140506,0,-1,29
1761623219.6520507,-4,0,20
1761623219.6900508,6,-8,35
1761623219.7260506,1,-3,29
1761623219.7630508,-3,-1,32
1761623219.8020508,-8,-1,29
1761623219.8380508,-10,-2,30
1761623219.8750508,-1,0,34
1761623219.9120507,3,1,34
1761623219.9480507,-5,-1,23
1761623219.985051,-2,2,38
1761623220.0230508,3,2,33
1761623220.061051,3,0,37
1761623220.097051,3,-1,39
1761623220.1340508,2,0,30
1761623220.1720507,2,5,23
1761623220.2080507,1,1,29
1761623220.245051,0,-1,20
1761623220.2830508,1,1,29
1761623220.3220508,-4,-4,39
1761623220.3580508,0,0,31
1761623220.3960507,0,3,25
1761623220.4330506,0,-1,31
1761623220.472051,0,-2,26
1761623220.508051,0,-1,24
1761623220.5460508,0,-3,34
1761623220.5830507,-4,-4,51
1761623220.6220508,3,-7,42
1761623220.6580508,-2,-10,34
1761623220.6960506,-1,-1,35
1761623220.7340508,6,-4,31
1761623220.7720506,-1,-6,32
1761623220.8080506,-10,-9,32
1761623220.8460507,-7,2,18
1761623220.8840508,-3,-3,22
1761623220.9230506,3,-1,29
1761623220.9610507,-2,3,27
1761623220.9980507,0,0,30
1761623221.0350506,0,1,33
1761623221.0730507,-3,2,35
1761623221.1110508,2,3,27
1761623221.1470506,1,-3,29
1761623221.1850507,-6,0,29
1761623221.2230508,-1,-1,25
1761623221.2610507,6,1,26
1761623221.2970507,0,0,32
1761623221.334051,0,0,33
1761623221.3720508,-3,-3,26
1761623221.4080508,-1,2,38
1761623221.4460506,-6,0,35
1761623221.4830508,-6,1,34
1761623221.5220506,-1,-1,42
1761623221.5580506,0,-5,32
1761623221.5950508,-4,4,29
1761623221.633051,2,-2,32
1761623221.6710508,3,-6,35
1761623221.7070508,6,-6,41
1761623221.7440507,4,3,36
1761623221.7820508,3,0,27
1761623221.8180506,-4,0,35
1761623221.8550508,-8,-8,29
1761623221.893051,0,1,26
1761623221.9310508,-1,4,32
1761623221.9670508,-10,-3,32
1761623222.0040507,-5,1,25
1761623222.0430508,-2,2,37
1761623222.0790508,-3,4,40
1761623222.1180508,-3,-7,35
1761623222.1550508,0,-9,34
1761623222.1930506,-1,-4,24
1761623222.2290506,1,0,35
1761623222.2670507,6,-5,38
1761623222.3050506,-2,-3,31
1761623222.3430507,0,-2,21
1761623222.3820508,0,2,39
1761623222.4180508,0,-3,29
1761623222.4550507,1,-4,35
1761623222.4930508,6,-2,36
1761623222.5320508,0,-3,24
1761623222.5680506,-5,-3,29
1761623222.6050508,-9,-7,36
1761623222.6440508,-1,-4,39
1761623222.6820507,0,0,42
1761623222.7180507,1,-2,41
1761623222.755051,-2,-1,35
1761623222.7930508,0,0,32
1761623222.8290508,0,-3,29
1761623222.8660507,2,-2,33
1761623222.903051,0,-3,34
1761623222.9420507,-4,-2,27
1761623222.9780507,-5,2,35
1761623223.0150506,-3,-4,36
1761623223.0540507,1,-2,31
1761623223.0920508,-5,-7,37
1761623223.1280508,-9,-2,33
1761623223.1650507,0,0,29
1761623223.2030506,0,-3,27
1761623223.2390506,-3,0,35
1761623223.2760508,1,0,35
1761623223.314051,0,-4,22
1761623223.3520508,1,-5,33
1761623223.3880508,-9,0,39
1761623223.426051,0,2,32
1761623223.4640508,-1,4,26
1761623223.5020506,-3,0,21
1761623223.538051,-2,-2,17
1761623223.5760508,2,0,28
1761623223.6140506,6,0,26
1761623223.6520507,-2,-4,38
1761623223.6880507,3,0,47
1761623223.7250507,5,-2,37
1761623223.7640507,5,0,19
1761623223.8020508,0,0,42
1761623223.8380508,1,0,38
1761623223.8750508,-9,2,30
1761623223.913051,-5,-3,34
1761623223.949051,-1,-1,35
1761623223.9870508,-2,0,39
1761623224.0240507,-5,7,33
1761623224.0630507,0,0,33
1761623224.0990508,-4,-3,28
1761623224.1360507,5,-4,39
1761623224.1740508,-6,-6,35
1761623224.212051,-5,-1,42
1761623224.2480507,4,0,28
1761623224.2860508,-1,-6,35
1761623224.324051,-5,-2,29
1761623224.360051,-4,6,28
1761623224.3980508,-2,1,32
1761623224.436051,-2,1,36
1761623224.4740508,-8,-1,34
1761623224.5130508,-7,-8,25
1761623224.5490508,3,-1,40
1761623224.5860507,-1,2,30
1761623224.6240506,4,0,26
1761623224.6600506,-1,-2,42
1761623224.6980507,-1,6,31
1761623224.735051,3,1,42
1761623224.7740507,-5,-1,46
1761623224.8100507,-4,2,39
1761623224.847051,7,2,44
1761623224.8860507,2,0,32
1761623224.9240508,-8,-6,31
1761623224.9600508,-14,-3,22
1761623224.9980507,-1,-3,36
1761623225.0360508,3,-2,40
1761623225.074051,0,-3,46
1761623225.110051,3,-3,39
1761623225.1480508,0,-1,29
1761623225.186051,3,-6,42
1761623225.2240508,0,0,43
1761623225.2610507,-4,5,41
1761623225.2980506,-7,-2,33
1761623225.3360507,-2,-4,38
1761623225.3750508,1,-9,27
1761623225.413051,12,-8,27
1761623225.4500508,9,-1,24
1761623225.4870508,5,-1,32
1761623225.5250506,3,-7,32
1761623225.564051,4,-3,26
1761623225.6000507,-6,-7,22
1761623225.6370506,-2,-1,20
1761623225.6750507,-3,-1,28
1761623225.7140508,-1,-6,29
1761623225.7500508,0,0,23
1761623225.7870507,-9,0,30
1761623225.8250508,-9,0,42
1761623225.8630507,-2,-4,26
1761623225.8990507,-4,-8,31
1761623225.9370508,-2,-10,29
1761623225.9750507,0,0,41
1761623226.0130508,0,0,37
1761623226.0490508,-3,0,38
1761623226.087051,0,2,41
1761623226.1250508,-8,-2,39
1761623226.163051,-11,0,29
1761623226.199051,-10,0,42
1761623226.2360508,-17,-7,32
1761623226.2750506,-13,3,32
1761623226.3130507,-2,0,37
1761623226.3490508,0,0,30
1761623226.3860507,-6,2,28
1761623226.4240508,0,-5,21
1761623226.4600508,-7,-3,20
1761623226.4970508,-1,4,25
1761623226.5350506,1,3,33
1761623226.5710506,0,4,27
1761623226.6090508,1,-4,37
1761623226.6460507,-5,-6,34
1761623226.6850507,-1,-1,34
1761623226.7210507,-8,-1,32
1761623226.758051,-3,0,30
1761623226.7960508,6,0,23
1761623226.834051,5,3,38
1761623226.870051,4,-2,24
1761623226.9070508,-2,-12,40
1761623226.9460506,-3,-1,33
1761623226.9840508,-6,0,31
1761623227.0200508,-2,-2,36
1761623227.0570507,3,0,38
1761623227.0950508,-7,-4,28
1761623227.1310508,-5,-4,44
1761623227.1690507,-7,1,38
1761623227.2060506,0,7,38
1761623227.2440507,-1,1,35
1761623227.2800508,-1,-4,30
1761623227.3170507,1,-7,34
1761623227.3550508,1,-1,34
1761623227.3910508,0,-1,29
1761623227.4280508,1,3,37
1761623227.4660506,1,6,32
1761623227.5040507,-4,0,33
1761623227.5400507,-3,-2,37
1761623227.5780506,-4,-2,42
1761623227.6240506,4,-5,33
1761623227.6600506,0,-4,35
1761623227.6980507,2,-6,30
1761623227.7370508,-1,3,44
1761623227.7750506,-2,6,35
1761623227.811051,-2,5,34
1761623227.8490508,0,0,40
1761623227.8860507,5,-2,30
1761623227.9250507,5,-5,36
1761623227.9610507,1,2,31
1761623227.9980507,1,0,38
1761623228.0360508,-3,-2,36
1761623228.0750508,-5,3,26
1761623228.1110508,-6,-4,23
1761623228.1480508,2,6,27
1761623228.186051,3,1,33
1761623228.2240508,-2,-5,26
1761623228.2600508,-10,0,35
1761623228.2970507,-3,-1,24
1761623228.3360507,3,-2,29
1761623228.3740506,-12,1,18
1761623228.4100506,-5,1,25
1761623228.4470508,-5,4,18
1761623228.485051,0,2,18
1761623228.5210507,0,1,25
1761623228.5580506,8,5,31
1761623228.5960507,5,4,22
1761623228.6320508,2,0,33
1761623228.6710508,0,-4,34
1761623228.7080507,-7,-6,29
1761623228.7470508,-6,-9,21
1761623228.7850506,-5,0,35
1761623228.8210506,-4,4,40
1761623228.8580508,2,-5,23
1761623228.8960507,0,-4,39
1761623228.9350507,-4,2,29
1761623228.9710507,5,2,34
1761623229.008051,-6,-1,29
1761623229.0470507,-6,2,36
1761623229.0850508,-6,4,33
1761623229.1210508,0,6,27
1761623229.1590507,4,4,43
1761623229.1960506,4,0,37
1761623229.232051,0,-3,35
1761623229.2690508,-4,-1,27
1761623229.3070507,-2,5,37
1761623229.3450508,8,-3,41
1761623229.3810508,2,-2,34
1761623229.4180508,0,-2,32
1761623229.4560506,0,-4,33
1761623229.4920506,-5,-7,35
1761623229.5290508,-3,-6,41
1761623229.5670507,4,-2,27
1761623229.6050508,3,7,27
1761623229.6410508,2,11,29
1761623229.6780508,8,4,26
1761623229.7160506,-4,-4,33
1761623229.7520506,7,6,44
1761623229.7890508,3,-2,44
1761623229.8270507,5,0,34
1761623229.8650508,-1,-2,23
1761623229.9010508,-3,-9,24
1761623229.9380507,-4,-3,20
1761623229.9770508,-2,3,30
1761623230.0150506,1,0,37
1761623230.051051,0,6,31
1761623230.0890508,7,3,32
1761623230.1270506,0,-7,41
1761623230.1650507,-1,-2,26
1761623230.2010508,-9,0,16
1761623230.2380507,-4,-1,24
1761623230.2770507,2,1,21
1761623230.3150508,-1,7,24
1761623230.3510506,-4,0,26
1761623230.3880508,0,-2,30
1761623230.4270508,-2,-11,36
1761623230.4650507,0,0,39
1761623230.5010507,-4,-1,45
1761623230.538051,-5,-4,29
1761623230.5770507,1,-3,29
1761623230.6150508,-2,-7,28
1761623230.6510508,1,-1,29
1761623230.6880507,-1,-3,25
1761623230.7270508,0,-3,27
1761623230.7630508,3,-2,31
1761623230.8000507,3,-3,25
1761623230.8380508,-3,-1,22
1761623230.8770506,-2,-5,28
1761623230.913051,2,-2,40
1761623230.9500508,0,0,46
1761623230.9870508,1,-2,43
1761623231.0230508,4,-3,38
1761623231.0600507,-5,-3,28
1761623231.0980508,-2,0,39
1761623231.1370506,2,4,35
1761623231.1730506,7,4,36
1761623231.2100508,0,2,42
1761623231.2470508,2,0,28
1761623231.2830508,-2,0,36
1761623231.3200507,-2,-6,30
1761623231.3580508,0,2,30
1761623231.3960507,2,-4,34
1761623231.4320507,0,-3,30
1761623231.4700508,0,1,32
1761623231.5070508,-2,2,32
1761623231.5460508,2,3,32
1761623231.5820508,0,5,31
1761623231.620051,-4,6,25
1761623231.6580508,-6,-1,32
1761623231.6960506,0,0,25
1761623231.732051,-4,-8,34
1761623231.7700508,0,-6,33
1761623231.8080506,-3,-3,29
1761623231.8460507,-6,-4,34
1761623231.8820508,-5,-2,30
1761623231.9200506,-1,2,26
1761623231.9580507,-2,0,21
1761623231.9960508,5,1,23
1761623232.0320508,5,0,36
1761623232.0700507,2,2,29
1761623232.1080508,4,0,18
1761623232.1460507,2,-2,27
1761623232.1820507,0,-1,32
1761623232.2200508,0,-3,46
1761623232.258051,0,-6,41
1761623232.2960508,-1,-8,34
1761623232.3320508,0,-2,28
1761623232.370051,1,-1,38
1761623232.4080508,0,0,30
1761623232.4460506,2,3,21
1761623232.482051,0,3,22
1761623232.5200508,4,-2,27
1761623232.5580506,4,-3,42
1761623232.5960507,-2,-6,53
1761623232.6320508,0,-4,41
1761623232.6690507,0,1,31
1761623232.7070508,2,0,22
1761623232.7430508,2,0,31
1761623232.7800508,3,-1,27
1761623232.8180506,1,-4,28
1761623232.8540506,0,-1,24
1761623232.8910508,0,3,20
1761623232.9280508,12,-3,32
1761623232.9670508,6,-3,37
1761623233.0030508,3,1,29
1761623233.0400507,-2,4,36
1761623233.0780506,-8,-3,44
1761623233.1170506,-1,2,26
1761623233.153051,-1,3,28
1761623233.1900508,0,-3,26
1761623233.2280507,4,-2,31
1761623233.2640507,2,-1,38
1761623233.301051,5,-1,32
1761623233.3380508,3,4,42
1761623233.3740506,3,9,40
1761623233.4110508,-2,-1,33
1761623233.4500508,-3,-9,32
1761623233.4880507,-7,-7,34
1761623233.5240507,-3,-3,36
1761623233.561051,-1,-7,32
1761623233.5990508,0,0,35
1761623233.6380508,1,-4,26
1761623233.6740508,3,-5,25
1761623233.7110507,11,-5,30
1761623233.7500508,3,-6,39
1761623233.788051,1,-8,38
1761623233.824051,9,-2,41
1761623233.8620508,3,-6,40
1761623233.8990507,-3,0,24
1761623233.9380507,0,-5,32
1761623233.9740508,1,-8,30
1761623234.0110507,0,-10,35
1761623234.0490508,5,0,27
1761623234.087051,5,3,20
1761623234.1240506,2,-3,24
1761623234.1620507,7,-4,33
1761623234.199051,0,-2,32
1761623234.2370508,0,-1,27
1761623234.2730508,1,0,25
1761623234.3100507,6,3,29
1761623234.3480508,4,-2,26
1761623234.3840508,-1,-2,29
1761623234.4210508,3,5,28
1761623234.459051,3,3,29
1761623234.4970508,-3,-4,30
1761623234.5330508,-1,-1,35
1761623234.5700507,3,-2,23
1761623234.6090508,0,-6,35
1761623234.6470506,3,2,33
1761623234.6830506,-4,-2,30
1761623234.7200508,0,3,22
1761623234.758051,-3,-4,31
1761623234.7940507,0,3,27
1761623234.8310506,-6,0,35
1761623234.8690507,-7,0,46
1761623234.9070508,2,-4,40
1761623234.9430506,5,-7,38
1761623234.9800508,2,5,38
1761623235.018051,-1,3,36
1761623235.0540507,1,3,36
1761623235.0920508,3,2,29
1761623235.1290507,-5,1,40
1761623235.1650507,-3,6,37
1761623235.2020507,-2,2,45
1761623235.2400508,5,2,40
1761623235.278051,0,-1,44
1761623235.314051,7,1,46
1761623235.3510506,0,0,33
1761623235.3890507,-3,2,37
1761623235.4250507,-1,-2,30
1761623235.462051,1,-2,30
1761623235.5000508,-9,-5,35
1761623235.5390508,-1,-2,41
1761623235.5750508,-2,4,35
1761623235.6120508,-5,-2,36
1761623235.6500506,0,-2,35
1761623235.689051,2,0,30
1761623235.7250507,6,-5,21
1761623235.7620506,1,-2,26
1761623235.8000507,-1,0,21
1761623235.8390508,-1,-6,23
1761623235.8750508,0,-2,30
1761623235.9120507,7,-1,35
1761623235.9500508,0,0,28
1761623235.9880507,3,0,35
1761623236.0240507,0,-1,28
1761623236.0620508,0,0,31
1761623236.1000507,2,0,32
1761623236.1380508,0,-2,28
1761623236.1740508,-4,0,33
1761623236.2110507,0,-7,32
1761623236.2490506,-9,-7,39
1761623236.2850506,-4,2,33
1761623236.3220508,-4,1,26
1761623236.360051,-5,-2,24
1761623236.3980508,-8,6,25
1761623236.4340508,-6,-4,20
1761623236.4710507,-3,5,30
1761623236.5090508,2,-3,28
1761623236.5450506,6,-2,30
1761623236.5820508,2,-7,31
1761623236.620051,1,0,37
1761623236.6580508,-3,-1,39
1761623236.6940508,-6,-8,50
1761623236.7310507,8,-3,34
1761623236.7700508,2,-4,20
1761623236.8080506,8,-2,31
1761623236.8440506,8,-5,36
1761623236.8810508,7,-1,31
1761623236.9200506,7,-3,32
1761623236.9580507,3,-6,36
1761623236.9940507,3,-7,32
1761623237.0320508,4,0,33
1761623237.0700507,1,4,28
1761623237.1080508,1,-3,28
1761623237.1440508,1,-4,41
1761623237.1820507,-2,-6,34
1761623237.2200508,-4,6,40
1761623237.2560508,-3,-2,29
1761623237.2930508,0,-1,17
1761623237.3300507,-6,-1,23
1761623237.3690507,0,3,31
1761623237.4050508,0,-2,39
1761623237.4420507,3,0,45
1761623237.4800508,-3,-2,36
1761623237.5160508,0,3,33
1761623237.5530508,3,6,18
1761623237.5900507,-1,0,28
1761623237.6340508,-4,-2,44
1761623237.6720507,-4,2,46
1761623237.7100508,-6,7,40
1761623237.7460508,-6,5,49
1761623237.7840507,-3,-2,39
1761623237.8220508,2,-5,29
1761623237.860051,0,5,25
1761623237.8960507,9,-3,30
1761623237.9330506,0,0,36
1761623237.9700508,-5,2,27
1761623238.0060508,2,-1,29
1761623238.0430508,1,-3,45
1761623238.0810506,1,3,45
1761623238.1190507,-3,-1,41
1761623238.1550508,7,-1,44
1761623238.1920507,4,-1,41
1761623238.2310507,0,-1,33
1761623238.2690508,-2,-3,38
1761623238.3050506,2,-7,38
1761623238.3430507,0,-4,40
1761623238.3810508,6,-3,37
1761623238.4190507,-2,-4,37
1761623238.4550507,-4,0,29
1761623238.4940507,-5,4,27
1761623238.5310507,2,-4,28
1761623238.5690508,-5,-7,32
1761623238.6050508,-4,-5,27
1761623238.643051,0,-4,39
1761623238.6810508,0,-5,37
1761623238.7190506,2,0,35
1761623238.755051,2,1,32
1761623238.7930508,8,-4,35
1761623238.8310506,0,-3,41
1761623238.8690507,2,-3,37
1761623238.9050508,7,6,37
1761623238.9430506,1,0,29
1761623238.9810507,9,0,37
1761623239.0190508,1,-1,23
1761623239.0550506,4,-3,25
1761623239.0930507,2,0,32
1761623239.1310508,-1,-6,29
1761623239.1690507,-6,1,26
1761623239.2050507,-7,-1,28
1761623239.2430508,-1,0,30
1761623239.2810507,-1,0,35
1761623239.3170507,4,-4,31
1761623239.3540506,-4,0,32
1761623239.3910508,-2,-2,33
1761623239.4300506,-2,2,31
1761623239.4670508,-8,2,28
1761623239.5040507,1,-7,35
1761623239.541051,-4,-2,32
1761623239.5800507,0,-4,35
1761623239.6160507,0,0,30
1761623239.6540508,1,-6,41
1761623239.6910508,3,-7,31
1761623239.7300508,0,0,27
1761623239.7660508,6,-4,40
1761623239.8030508,0,0,43
1761623239.8410506,5,0,40
1761623239.8770506,5,-1,39
1761623239.9140508,2,0,29
1761623239.9510508,0,1,30
1761623239.9870508,1,5,31
1761623240.0250506,-4,5,27
1761623240.0620508,-1,2,26
1761623240.1000507,1,2,32
1761623240.1360507,1,-2,21
1761623240.1730506,3,-5,15
1761623240.2110507,0,-6,19
1761623240.2470508,-3,-3,22
1761623240.2850506,-5,-5,22
1761623240.3230507,-3,0,35
1761623240.3610508,-2,1,46
1761623240.3970506,-3,1,42
1761623240.4340508,0,4,37
1761623240.472051,-5,-2,38
1761623240.5100508,1,0,36
1761623240.5460508,2,-1,30
1761623240.5830507,0,-2,38
1761623240.6210508,2,7,29
1761623240.6570508,-2,2,29
1761623240.6940508,-9,-3,47
1761623240.732051,-6,-11,36
1761623240.7710507,0,0,24
1761623240.8070507,0,-4,31
1761623240.8450508,0,6,31
1761623240.8820508,-4,6,31
1761623240.9210508,-4,-1,41
1761623240.9570508,-4,-1,42
1761623240.995051,0,0,35
1761623241.0320508,-4,-4,30
1761623241.0710506,-1,-1,35
1761623241.107051,1,-5,31
1761623241.1450508,0,4,39
1761623241.1820507,-4,0,42
1761623241.2210507,-1,-3,32
1761623241.2570508,1,-3,29
1761623241.2950506,-1,-3,20
1761623241.3330507,-2,-2,31
1761623241.3720508,-1,-2,36
1761623241.4100506,1,-4,35
1761623241.4460506,1,-2,30
1761623241.4830508,-1,4,35
1761623241.5210507,-5,1,37
1761623241.5570507,-7,1,28
1761623241.5950508,5,-3,41
1761623241.6320508,-5,-4,32
1761623241.6710508,-5,-7,34
1761623241.7070508,-5,0,37
1761623241.745051,0,1,36
1761623241.7820508,0,1,26
1761623241.8180506,-3,-10,32
1761623241.8560507,5,0,29
1761623241.893051,1,-3,26
1761623241.9310508,-5,-6,21
1761623241.9670508,0,-6,27
1761623242.0040507,-7,-5,39
1761623242.0420508,-2,-9,40
1761623242.0810506,0,-7,38
1761623242.1170506,-5,2,30
1761623242.1540508,-6,-10,29
1761623242.1920507,1,-3,36
1761623242.2280507,8,-7,31
1761623242.2650506,0,-7,43
1761623242.3020508,4,-9,21
1761623242.3380508,5,-6,10
1761623242.3750508,-8,0,23
1761623242.4140508,-7,3,38
1761623242.4520507,0,1,40
1761623242.4880507,2,-5,45
1761623242.5250506,-4,0,47
1761623242.564051,2,1,41
1761623242.6020508,5,-1,28
1761623242.6380508,0,2,28
1761623242.676051,0,-7,32
1761623242.7140508,5,-7,27
1761623242.7520506,0,-9,25
1761623242.788051,-1,0,27
1761623242.8250508,3,-1,29
1761623242.8630507,0,-1,33
1761623242.9020507,0,-1,32
1761623242.9380507,0,-6,36
1761623242.9760506,-7,-9,26
1761623243.0140507,-5,-2,29
1761623243.0530508,2,-4,32
1761623243.0910506,2,-6,35
1761623243.1270506,2,-6,36
1761623243.1650507,5,0,37
1761623243.2030506,1,3,37
1761623243.2410507,-1,-3,34
1761623243.2770507,1,-3,25
1761623243.314051,-2,-1,22
1761623243.3530507,1,-2,43
1761623243.3910508,4,-9,31
1761623243.4270508,-2,-4,31
1761623243.4650507,-2,1,29
1761623243.5030508,-7,4,39
1761623243.541051,-7,2,34
1761623243.5770507,-7,1,28
1761623243.6140506,-7,3,32
1761623243.6520507,-1,-4,29
1761623243.6880507,-3,-3,31
1761623243.7260506,-2,5,25
1761623243.7640507,-3,-4,25
1761623243.8030508,-4,-1,34
1761623243.8390508,-3,-3,27
1761623243.8770506,0,-2,19
1761623243.9140508,2,1,25
1761623243.9520507,-7,1,31
1761623243.9880507,-10,-5,26
1761623244.0260508,2,-8,40
1761623244.064051,1,-9,28
1761623244.1030507,-4,-4,31
1761623244.1400506,0,-4,27
1761623244.1770508,4,0,21
1761623244.2140508,2,-5,26
1761623244.2530508,-4,-1,36
1761623244.2890508,-7,2,35
1761623244.3260508,12,0,36
1761623244.3650508,10,-1,22
1761623244.403051,1,2,39
1761623244.439051,-1,2,40
1761623244.4770508,6,0,29
1761623244.5150506,2,5,27
1761623244.5530508,2,-8,29
1761623244.5890508,2,-6,38
1761623244.6260507,1,1,27
1761623244.6640508,2,-4,32
1761623244.7020507,3,0,39
1761623244.7380507,5,-1,32
1761623244.7750506,2,-3,39
1761623244.8130507,0,-9,38
1761623244.8490508,-4,0,36
1761623244.8860507,-1,-5,38
1761623244.9240508,-7,-4,37
1761623244.9630508,1,-2,29
1761623244.9990506,1,-5,35
1761623245.0360508,0,-1,34
1761623245.0750508,-2,-6,45
1761623245.1130507,-3,-1,37
1761623245.1490507,-4,0,34
1761623245.186051,-4,-2,39
1761623245.2240508,-2,1,25
1761623245.2630508,-3,1,33
1761623245.2990508,0,-2,36
1761623245.3360507,1,-1,24
1761623245.3740506,-2,0,32
1761623245.4120507,1,-1,24
1761623245.4480507,3,0,25
1761623245.485051,-3,-8,46
1761623245.5240507,0,-7,25
1761623245.5620508,-1,-9,31
1761623245.5980508,-6,-10,29
1761623245.6360507,0,-7,32
1761623245.6740508,0,-1,32
1761623245.712051,-6,-1,29
1761623245.7480507,-4,-5,38
1761623245.7850506,-4,-4,45
1761623245.824051,-10,1,40
1761623245.860051,0,1,32
1761623245.8970506,-7,-3,33
1761623245.9350507,-2,0,35
1761623245.9740508,-8,-4,24
1761623246.0100508,-5,-2,25
1761623246.0470507,-1,-2,25
1761623246.0850508,1,-4,34
1761623246.1230507,-3,-2,37
1761623246.1590507,0,-2,22
1761623246.1960506,-1,-8,23
1761623246.2340508,1,3,35
1761623246.2700508,-1,-2,37
1761623246.3080506,0,4,37
1761623246.3460507,0,-2,28
1761623246.3840508,6,-4,32
1761623246.4200506,1,-4,25
1761623246.4580507,-4,-5,24
1761623246.4970508,-4,-7,32
1761623246.5340507,0,-4,18
1761623246.5700507,4,-6,24
1761623246.6080508,9,1,30
1761623246.6450508,2,-4,36
1761623246.6840508,-2,-6,40
1761623246.7200508,0,0,40
1761623246.7570508,0,1,45
1761623246.7950506,1,1,43
1761623246.8330507,2,-2,43
1761623246.8690507,3,0,32
1761623246.9060507,1,2,32
1761623246.9440508,4,-3,30
1761623246.9800508,4,-9,26
1761623247.0170507,-6,1,30
1761623247.0550506,0,-7,27
1761623247.0930507,2,0,28
1761623247.1290507,7,0,38
1761623247.166051,5,0,33
1761623247.2050507,2,-6,36
1761623247.2430508,0,3,44
1761623247.2790508,1,-5,37
1761623247.3170507,-6,-3,30
1761623247.3550508,-2,2,36
1761623247.393051,0,-5,30
1761623247.4290507,-6,-6,29
1761623247.4670508,0,-7,31
1761623247.505051,0,-5,29
1761623247.5430508,-1,-3,35
1761623247.5790508,4,0,42
1761623247.6160507,-4,0,28
1761623247.6600506,-3,2,25
1761623247.6980507,7,1,23
1761623247.735051,1,-3,28
1761623247.7730508,-4,-2,25
1761623247.8090508,-3,1,31
1761623247.847051,-1,-1,42
1761623247.8850508,0,-2,35
1761623247.9230506,-4,-4,36
1761623247.959051,-6,2,30
1761623247.9960508,1,2,36
1761623248.0340507,2,-2,47
1761623248.0700507,0,-3,35
1761623248.107051,-4,3,43
1761623248.1450508,-1,0,36
1761623248.1810508,0,1,32
1761623248.2190506,-4,-8,27
1761623248.2560508,2,-3,31
1761623248.2940507,-5,-4,30
1761623248.3300507,-2,-6,29
1761623248.3670506,-1,2,38
1761623248.4050508,8,-1,36
1761623248.4440508,1,-3,36
1761623248.4800508,-1,-2,38
1761623248.5170507,-2,-7,33
1761623248.5550506,-3,-6,35
1761623248.5940506,-2,-6,36
1761623248.630051,2,0,35
1761623248.6670508,0,0,27
1761623248.7050507,-1,2,47
1761623248.7410507,-3,-2,43
1761623248.778051,4,4,29
1761623248.8150508,2,-1,28
1761623248.8540506,6,-7,21
1761623248.8900506,2,0,24
1761623248.9280508,-3,-3,25
1761623248.9660506,-5,-1,24
1761623249.0040507,-5,0,24
1761623249.0400507,1,-4,21
1761623249.0780506,1,-6,25
1761623249.1160507,0,-1,33
1761623249.1540508,2,-2,29
1761623249.1900508,3,-2,34
1761623249.2270508,0,-2,26
1761623249.2660508,-1,0,42
1761623249.3040507,-8,-5,31
1761623249.3400507,-3,-4,31
1761623249.3770506,-9,-2,22
1761623249.416051,0,-7,33
1761623249.4540508,3,-3,35
1761623249.4900508,3,-6,43
1761623249.5270507,9,-3,28
1761623249.5660508,-2,-1,32
1761623249.6040506,3,2,30
1761623249.6400506,1,-4,31
1761623249.6770508,-10,-1,43
1761623249.7160506,1,2,36
1761623249.7540507,-1,2,34
1761623249.7900507,0,-3,34
1761623249.8270507,7,-1,27
1761623249.8650508,-2,-8,27
1761623249.9010508,0,-12,29
1761623249.939051,-8,-5,33
1761623249.9770508,-9,0,22
1761623250.0150506,2,-2,32
1761623250.051051,-1,-5,38
1761623250.0890508,-3,-1,34
1761623250.1270506,-5,-4,28
1761623250.166051,-12,-1,28
1761623250.2020507,-4,-5,27
1761623250.2390506,0,-2,36
1761623250.2770507,0,-6,46
1761623250.3160508,0,-4,44
1761623250.3520508,4,-4,42
1761623250.3890507,0,-4,31
1761623250.426051,-4,0,29
1761623250.462051,0,2,31
1761623250.5000508,5,-3,32
1761623250.5370507,0,-6,30
1761623250.5750508,-1,-5,34
1761623250.6110508,-3,-3,45
1761623250.6480508,-1,1,37
1761623250.686051,-3,0,32
1761623250.722051,6,-5,26
1761623250.7590508,0,0,34
1761623250.7960508,-4,4,38
1761623250.8320508,1,0,33
1761623250.8690507,2,1,21
1761623250.9060507,0,0,31
1761623250.9420507,0,-3,36
1761623250.9790506,-4,-11,31
1761623251.0170507,0,-2,36
1761623251.0550506,-5,-3,29
1761623251.0910506,-2,-8,34
1761623251.1280508,5,-4,37
1761623251.166051,-1,-5,30
1761623251.2020507,2,-2,33
1761623251.2400508,0,-2,34
1761623251.278051,-11,2,32
1761623251.3160508,-5,6,34
1761623251.3520508,-10,-1,40
1761623251.3900506,-6,1,36
1761623251.4280508,5,-4,29
1761623251.4660506,5,0,37
1761623251.5020506,3,0,28
1761623251.5390508,1,-4,29
1761623251.5770507,0,0,38
1761623251.6150508,1,1,32
1761623251.6510508,-4,6,38
1761623251.6880507,-1,-2,33
1761623251.7270508,-1,5,36
1761623251.7650506,-3,0,31
1761623251.801051,0,3,31
1761623251.8380508,-3,6,26
1761623251.8760507,2,2,33
1761623251.9120507,-3,1,32
1761623251.949051,-4,-3,34
1761623251.9870508,-1,1,48
1761623252.0250506,0,-1,45
1761623252.061051,2,-12,41
1761623252.0980508,1,-11,33
1761623252.1370506,2,-8,38
1761623252.1750507,-3,0,30
1761623252.2110507,-2,-5,33
1761623252.2480507,-1,2,33
1761623252.2870507,0,6,42
1761623252.3230507,-2,1,34
1761623252.360051,1,4,37
1761623252.3970506,-1,0,39
1761623252.436051,0,-1,35
1761623252.472051,-5,-2,35
1761623252.5100508,-2,-1,37
1761623252.5470507,-4,5,32
1761623252.5830507,3,-1,36
1761623252.620051,3,-6,37
1761623252.6580508,1,-2,43
1761623252.6960506,5,-2,32
1761623252.732051,0,-2,24
1761623252.7700508,4,2,27
1761623252.8070507,-2,0,30
1761623252.8460507,-3,0,36
1761623252.8820508,-3,0,41
1761623252.9200506,0,0,20
1761623252.9570508,0,-3,21
1761623252.9960508,3,-3,28
1761623253.0320508,1,0,34
1761623253.0700507,2,0,23
1761623253.107051,2,-5,23
1761623253.1460507,0,-8,28
1761623253.1820507,2,-4,33
1761623253.2200508,0,0,28
1761623253.258051,0,0,30
1761623253.2960508,6,-4,24
1761623253.3320508,0,-3,19
1761623253.370051,-2,-2,30
1761623253.4080508,-2,0,27
1761623253.4470508,-6,-6,28
1761623253.4830508,0,1,31
1761623253.5200508,-8,1,34
1761623253.5590508,0,4,40
1761623253.597051,-1,1,41
1761623253.633051,0,-3,28
1761623253.6700506,0,-3,25
1761623253.7080507,1,-2,29
1761623253.7470508,4,6,33
1761623253.7830508,-3,3,28
1761623253.8200507,4,0,31
1761623253.8580508,2,0,30
1761623253.8960507,6,-2,25
1761623253.9320507,8,-1,30
1761623253.9690506,6,1,32
1761623254.0070508,2,3,24
1761623254.0430508,3,0,36
1761623254.0810506,0,-2,28
1761623254.1180508,1,1,31
1761623254.1570508,-4,-3,29
1761623254.1930506,-4,3,23
1761623254.2310507,0,-7,29
1761623254.2690508,-2,-1,34
1761623254.3080506,-4,-1,32
1761623254.3460507,1,-3,30
1761623254.3820508,3,-1,30
1761623254.4190507,1,1,42
1761623254.4570508,4,1,32
1761623254.4930508,2,0,37
1761623254.5300508,-1,-1,37
1761623254.5680506,-2,-3,35
1761623254.607051,0,-6,40
1761623254.643051,-1,-1,38
1761623254.6810508,0,-1,33
1761623254.7180507,1,-3,44
1761623254.7570508,5,1,40
1761623254.7930508,-1,-4,35
1761623254.8300507,5,-1,37
1761623254.8680508,6,-5,28
1761623254.9040508,5,-3,42
1761623254.9410508,3,1,35
1761623254.9780507,3,-6,25
1761623255.0170507,-1,-2,26
1761623255.0530508,-1,-1,37
1761623255.0910506,-3,0,38
1761623255.1280508,1,-5,20
1761623255.1640508,5,0,30
1761623255.2010508,5,-2,33
1761623255.2390506,5,1,39
1761623255.2770507,2,0,33
1761623255.3130507,-2,0,38
1761623255.3500507,-3,2,39
1761623255.3880508,-1,-1,28
1761623255.4270508,-7,-5,30
1761623255.4630508,2,-3,32
1761623255.5010507,0,0,30
1761623255.5390508,0,-2,17
1761623255.5770507,0,8,15
1761623255.6130507,1,2,31
1761623255.6510508,6,2,22
1761623255.689051,2,-5,28
1761623255.7270508,0,0,31
1761623255.7630508,-6,-4,31
1761623255.8000507,0,-9,26
1761623255.8390508,-3,-6,32
1761623255.8770506,-5,0,39
1761623255.913051,0,0,34
1761623255.9500508,-6,0,32
1761623255.9890506,2,-1,27
1761623256.0270507,2,-6,22
1761623256.0630507,2,0,22
1761623256.1000507,-2,0,31
1761623256.1380508,-12,2,38
1761623256.1740508,-7,-5,35
1761623256.212051,3,-2,29
1761623256.2490506,-2,2,28
1761623256.2870507,0,0,32
1761623256.3230507,-3,-2,34
1761623256.360051,-2,-2,30
1761623256.3990507,6,-6,25
1761623256.4370508,3,-1,34
1761623256.4730508,-1,0,38
1761623256.5100508,0,-3,37
1761623256.5480506,0,2,34
1761623256.584051,-7,-1,23
1761623256.6220508,-14,-9,26
1761623256.6600506,-3,-7,33
1761623256.699051,-7,-6,36
1761623256.735051,-2,2,42
1761623256.7720506,0,3,32
1761623256.8090508,-4,-1,32
1761623256.8480508,-3,2,36
1761623256.8840508,-4,0,30
1761623256.9220507,-2,1,34
1761623256.9600508,1,0,24
1761623256.9980507,1,-1,32
1761623257.0340507,-3,-4,31
1761623257.0730507,-1,2,35
1761623257.110051,4,3,21
1761623257.1480508,0,1,23
1761623257.1840508,-4,-1,37
1761623257.222051,-1,-2,33
1761623257.2600508,-3,-2,34
1761623257.2990508,6,-1,46
1761623257.3350508,-1,0,31
1761623257.3720508,-1,7,32
1761623257.4100506,1,5,35
1761623257.449051,1,-1,32
1761623257.485051,3,0,32
1761623257.5220506,-1,-1,36
1761623257.5600507,-4,0,29
1761623257.5990508,0,1,35
1761623257.6350508,0,4,39
1761623257.6810508,9,-1,35
1761623257.7190506,9,-5,26
1761623257.755051,6,3,22
1761623257.7930508,0,2,33
1761623257.8310506,2,2,39
1761623257.8690507,-4,1,25
1761623257.9050508,6,2,27
1761623257.9420507,4,-1,33
1761623257.9800508,-3,2,32
1761623258.018051,2,-6,30
1761623258.0540507,5,0,28
1761623258.0910506,-3,2,21
1761623258.1290507,-7,0,32
1761623258.1650507,-3,-5,25
1761623258.2020507,-1,-2,35
1761623258.2400508,-3,-3,34
1761623258.2790508,-2,3,33
1761623258.3150508,1,3,26
1761623258.3520508,4,0,28
1761623258.3900506,2,0,38
1761623258.4280508,-2,-6,39
1761623258.4640508,-6,0,44
1761623258.5010507,1,-1,43
1761623258.5390508,-6,-3,35
1761623258.5750508,-11,0,36
1761623258.6130507,-10,-4,32
1761623258.6500506,-8,-7,20
1761623258.689051,-1,0,16
1761623258.7250507,-5,-4,39
1761623258.7630508,0,-3,30
1761623258.801051,7,-6,35
1761623258.8390508,0,0,35
1761623258.8750508,5,-6,29
1761623258.913051,2,-3,29
1761623258.9500508,-3,-1,25
1761623258.9890506,-4,-4,30
1761623259.0250506,-1,-4,33
1761623259.0620508,-2,-5,34
1761623259.1000507,-2,-9,37
1761623259.1390507,-2,0,20
1761623259.1750507,4,0,34
1761623259.2130508,-1,-2,35
1761623259.2500508,-4,-4,36
1761623259.2890508,0,-7,35
1761623259.3250508,-2,-3,35
1761623259.3620508,-4,-1,44
1761623259.4000506,-4,0,35
1761623259.436051,-4,3,34
1761623259.4730508,0,3,32
1761623259.5100508,-4,0,22
1761623259.5460508,-2,0,23
1761623259.5830507,-4,0,27
1761623259.6210508,-6,2,44
1761623259.6590507,-10,1,33
1761623259.6950507,0,0,36
1761623259.732051,-2,-1,36
1761623259.7710507,0,-4,39
1761623259.8090508,0,0,31
1761623259.8450508,1,2,35
1761623259.8820508,0,-4,34
1761623259.9200506,-2,-7,20
1761623259.9570508,0,-5,22
1761623259.9940507,0,1,31
1761623260.0320508,-1,-2,22
1761623260.0710506,-3,-2,24
1761623260.1090508,-3,0,24
1761623260.1450508,-2,0,26
1761623260.1820507,1,2,26
1761623260.2200508,1,5,33
1761623260.2560508,4,6,32
1761623260.2930508,-1,-1,15
1761623260.3310506,3,-3,15
1761623260.3690507,7,-10,18
1761623260.4050508,0,-2,16
1761623260.4420507,2,0,34
1761623260.4800508,1,4,36
1761623260.5160508,2,1,31
1761623260.5530508,0,-1,25
1761623260.5910506,0,-8,37
1761623260.6290507,4,-3,31
1761623260.6650507,2,2,37
1761623260.7020507,-2,5,28
1761623260.7410507,-5,6,34
1761623260.7790508,-4,7,30
1761623260.8150508,-1,-6,36
1761623260.8520508,0,3,38
1761623260.8900506,-3,-2,22
1761623260.926051,-7,0,39
1761623260.9640508,-2,2,36
1761623261.0010507,-1,5,30
1761623261.0370507,0,4,39
1761623261.074051,-8,0,40
1761623261.1120508,0,0,43
1761623261.1500506,0,0,37
1761623261.186051,3,0,32
1761623261.2240508,-10,0,28
1761623261.2620506,-7,-3,35
1761623261.301051,-5,-2,39
1761623261.337051,0,0,34
1761623261.3750508,-3,-1,34
1761623261.4120507,1,-6,32
1761623261.4510508,-6,-9,47
1761623261.4880507,-9,-8,38
1761623261.5250506,2,0,38
1761623261.5620508,0,-1,31
1761623261.6000507,4,-4,28
1761623261.6360507,2,0,40
1761623261.6740508,1,-6,28
1761623261.7110507,0,-5,35
1761623261.7500508,-1,-9,45
1761623261.7860508,1,-3,37
1761623261.824051,3,-2,30
1761623261.8620508,0,4,27
1761623261.9000506,-1,-2,33
1761623261.936051,6,-3,35
1761623261.9740508,4,-10,48
1761623262.0120506,-1,-1,45
1761623262.0500507,2,-8,31
1761623262.0860507,9,-2,30
1761623262.1240506,2,10,29
1761623262.1620507,1,1,26
1761623262.2000508,1,4,35
1761623262.2360508,-2,2,40
1761623262.2730508,-1,3,24
1761623262.311051,6,0,33
1761623262.347051,0,-5,30
1761623262.3840508,-2,-7,38
1761623262.4220507,-5,-4,28
1761623262.4610507,6,-2,21
1761623262.4970508,4,-3,31
1761623262.5340507,0,-7,42
1761623262.5720508,0,-5,31
1761623262.610051,-2,1,31
1761623262.6460507,0,-4,39
1761623262.6830506,4,5,39
1761623262.7210507,1,0,26
1761623262.7570508,3,-4,24
1761623262.7940507,6,0,26
1761623262.8320508,0,0,34
1761623262.870051,0,-6,40
1761623262.9060507,2,-4,35
1761623262.9430506,7,0,36
1761623262.9810507,3,-7,37
1761623263.0170507,-5,0,25
1761623263.0540507,-3,2,28
1761623263.0920508,-1,1,27
1761623263.1310508,-3,2,22
1761623263.1670508,-5,0,24
1761623263.2040508,-2,-7,26
1761623263.2420506,-4,-5,38
1761623263.2810507,0,-1,29
1761623263.3170507,0,-6,31
1761623263.3540506,-7,-2,29
1761623263.393051,0,0,31
1761623263.4310508,-1,-5,31
1761623263.4670508,-2,-5,24
1761623263.5040507,0,-4,25
1761623263.5430508,1,-4,30
1761623263.5810506,-4,0,35
1761623263.6170506,2,-5,39
1761623263.6540508,5,-7,34
1761623263.6930506,2,4,36
1761623263.7310507,-2,0,25
1761623263.7670507,7,3,24
1761623263.8040507,7,-2,32
1761623263.8420508,2,-4,31
1761623263.8780508,7,0,32
1761623263.9150507,8,3,36
1761623263.9520507,5,3,36
1761623263.9880507,8,-2,39
1761623264.0250506,-2,-3,35
1761623264.0630507,5,-6,37
1761623264.1010506,5,1,36
1761623264.1370506,0,3,27
1761623264.1750507,-3,0,31
1761623264.2130508,3,3,23
1761623264.2510507,3,0,35
1761623264.2870507,1,0,32
1761623264.324051,3,-1,36
1761623264.3620508,-4,-3,35
1761623264.3980508,-4,-7,35
1761623264.4350507,2,7,39
1761623264.4730508,1,-5,31
1761623264.5110507,4,4,27
1761623264.5470507,0,5,38
1761623264.584051,-5,-5,25
1761623264.6230507,-3,-7,26
1761623264.6610508,-5,0,21
1761623264.6970508,-3,-1,22
1761623264.7340508,-3,5,32
1761623264.7720506,-5,4,23
1761623264.8080506,-6,-3,36
1761623264.8450508,-3,-2,42
1761623264.883051,-4,0,35
1761623264.9220507,2,-2,31
1761623264.9580507,-1,-3,38
1761623264.9960508,1,0,44
1761623265.0340507,-4,-1,41
1761623265.0730507,0,-1,31
1761623265.1110508,0,0,47
1761623265.1470506,-4,-2,37
1761623265.1840508,-4,-6,40
1761623265.2230508,-9,0,21
1761623265.2590508,-1,0,34
1761623265.2960508,-3,-3,33
1761623265.334051,0,0,33
1761623265.3720508,0,0,50
1761623265.4080508,-1,-9,33
1761623265.4450507,1,-8,33
1761623265.4830508,-4,-5,36
1761623265.5190508,-2,-6,20
1761623265.5560508,5,-4,29
1761623265.5930507,-3,0,36
1761623265.6290507,-2,0,36
1761623265.666051,0,0,26
1761623265.7030506,-3,1,30
1761623265.7390506,-3,0,27
1761623265.7760508,-3,-4,40
1761623265.814051,0,-3,35
1761623265.8520508,-3,0,44
1761623265.8880508,-1,3,39
1761623265.9270508,-3,-2,41
1761623265.9640508,-1,-6,25
1761623266.0030508,5,1,38
1761623266.0390508,-13,2,38
1761623266.0760508,-6,-1,32
1761623266.1140506,2,-10,33
1761623266.153051,0,-5,43
1761623266.189051,0,-4,31
1761623266.2260506,-1,0,33
1761623266.2640507,-3,-11,26
1761623266.3030508,-4,-6,38
1761623266.3390508,6,-4,38
1761623266.3760507,0,1,38
1761623266.4140508,-7,2,22
1761623266.4520507,-12,-2,37
1761623266.4880507,-2,-6,41
1761623266.5260508,0,5,45
1761623266.564051,1,-1,32
1761623266.6020508,9,-1,37
1761623266.6380508,10,-3,42
1761623266.676051,1,-2,48
1761623266.7140508,-5,-4,39
1761623266.7530508,1,-6,28
1761623266.7890508,-4,-1,39
1761623266.8270507,-5,-5,44
1761623266.8640506,-5,-6,34
1761623266.903051,-5,1,37
1761623266.939051,2,3,37
1761623266.9760506,1,0,37
1761623267.0140507,8,2,29
1761623267.0520508,2,-8,20
1761623267.0880508,3,-6,22
1761623267.1250508,-1,-1,34
1761623267.1640508,-2,-3,26
1761623267.2020507,-1,0,27
1761623267.2380507,1,-3,28
1761623267.2760508,8,-2,19
1761623267.314051,8,-4,28
1761623267.3520508,9,0,27
1761623267.3880508,-4,1,28
1761623267.426051,-5,1,43
1761623267.4640508,2,0,39
1761623267.5000508,4,3,41
1761623267.5370507,-3,4,53
1761623267.574051,0,8,40
1761623267.610051,-2,7,36
1761623267.6470506,-2,6,37
1761623267.6930506,5,0,31
1761623267.7290506,0,3,26
1761623267.7660508,-3,0,31
1761623267.8040507,2,-1,38
1761623267.8430507,0,-1,33
1761623267.8790507,0,-7,34
1761623267.916051,3,0,31
1761623267.9540508,2,3,29
1761623267.9900508,9,1,40
1761623268.0270507,3,-2,36
1761623268.064051,5,6,35
1761623268.1000507,5,6,33
1761623268.1370506,-2,7,28
1761623268.1740508,-1,2,30
1761623268.2100508,0,4,21
1761623268.2470508,-1,-4,32
1761623268.2850506,-1,-2,29
1761623268.324051,-5,-2,42
1761623268.360051,0,-3,38
1761623268.3970506,4,4,29
1761623268.4350507,6,5,41
1761623268.4730508,3,2,29
1761623268.5090508,-1,-7,28
1761623268.5460508,3,-1,35
1761623268.584051,5,0,34
1761623268.620051,2,1,48
1761623268.6570508,12,-3,42
1761623268.6950507,5,0,41
1761623268.7330508,0,-4,29
1761623268.7690508,-2,-3,22
1761623268.8060508,-8,-7,32
1761623268.8450508,-4,0,43
1761623268.883051,2,-6,46
1761623268.9190507,2,2,38
1761623268.9570508,-6,0,35
1761623268.995051,-7,-7,36
1761623269.0330508,0,-8,37
1761623269.0690508,3,-6,27
1761623269.1060507,-1,0,32
1761623269.1440508,4,2,33
1761623269.1800506,3,-4,25
1761623269.2170508,0,3,42
1761623269.255051,5,0,26
1761623269.2930508,4,0,24
1761623269.3290508,-1,-3,29
1761623269.3660507,0,-7,29
1761623269.4040508,-2,-6,34
1761623269.4400508,3,-4,20
1761623269.4770508,0,-3,34
1761623269.5150506,-6,1,38
1761623269.5530508,-2,-1,30
1761623269.5890508,-9,-2,36
1761623269.6260507,4,-5,43
1761623269.6640508,4,-7,33
1761623269.7000508,5,-4,31
1761623269.7370508,5,-2,27
1761623269.7750506,2,0,32
1761623269.811051,4,-7,29
1761623269.8480508,4,-4,25
1761623269.8850508,6,-4,25
1761623269.9210508,3,-8,30
1761623269.959051,3,-2,30
1761623269.9960508,-1,-2,33
1761623270.0350506,0,-4,49
1761623270.0710506,5,-2,34
1761623270.1080508,2,0,29
1761623270.1450508,5,-1,27
1761623270.1810508,3,-8,31
1761623270.2180507,2,-6,44
1761623270.255051,7,0,33
1761623270.291051,10,3,36
1761623270.3280506,8,3,32
1761623270.3650508,10,4,28
1761623270.4010508,3,0,30
1761623270.4380507,4,5,34
1761623270.4770508,-1,5,30
1761623270.5150506,-3,0,23
1761623270.551051,6,0,34
1761623270.5880508,2,0,27
1761623270.6270506,0,1,29
1761623270.6650507,-8,-7,29
1761623270.7010508,-5,-4,35
1761623270.7390506,-8,-1,34
1761623270.7770507,-4,1,28
1761623270.8160508,0,3,23
1761623270.8540506,6,0,31
1761623270.8900506,3,-8,28
1761623270.9280508,3,-3,35
1761623270.9660506,8,-2,37
1761623271.0040507,3,0,31
1761623271.041051,3,-1,25
1761623271.0780506,0,-6,28
1761623271.1160507,5,-2,32
1761623271.1540508,4,-1,20
1761623271.1900508,-1,-3,28
1761623271.2270508,2,-5,31
1761623271.2660508,2,-3,25
1761623271.3040507,-5,-5,37
1761623271.3400507,0,-7,44
1761623271.3780508,-6,-6,32
1761623271.416051,-5,-3,42
1761623271.4550507,0,1,31
1761623271.4910507,-1,5,29
1761623271.528051,-1,2,32
1761623271.5660508,3,0,33
1761623271.6040506,0,1,33
1761623271.6400506,3,-1,29
1761623271.6780508,0,2,22
1761623271.7160506,0,2,34
1761623271.7520506,-5,2,28
1761623271.7890508,-2,-2,31
1761623271.8270507,0,-4,25
1761623271.8650508,-1,-1,24
1761623271.9010508,1,0,27
1761623271.939051,0,-1,39
1761623271.9760506,4,3,27
1761623272.0120506,0,-4,33
1761623272.0490508,4,-1,41
1761623272.087051,2,0,29
1761623272.1250508,-2,0,20
1761623272.1610508,-4,-7,14
1761623272.199051,-7,-4,24
1761623272.2370508,-1,-3,26
1761623272.2760508,0,-2,43
1761623272.3120508,-9,-2,40
1761623272.3490508,2,-5,48
1761623272.3860507,-2,-5,39
1761623272.4250507,7,-5,28
1761623272.4610507,5,-2,19
1761623272.4980507,-2,2,33
1761623272.5360508,0,4,36
1761623272.5720508,3,0,22
1761623272.6090508,-7,-6,33
1761623272.6470506,-1,-8,35
1761623272.686051,-7,-13,25
1761623272.722051,-7,-8,28
1761623272.7590508,-3,-2,35
1761623272.7970507,2,1,28
1761623272.8350508,1,0,22
1761623272.8710508,-1,0,21
1761623272.9080508,-3,1,24
1761623272.9460506,1,1,34
1761623272.982051,1,0,40
1761623273.0190508,0,0,32
1761623273.0570507,0,-4,28
1761623273.0950508,1,-8,36
1761623273.1310508,0,-8,35
1761623273.1690507,-2,-6,32
1761623273.2070508,0,-4,26
1761623273.245051,2,0,21
1761623273.2810507,-2,-5,20
1761623273.3190508,9,-1,39
1761623273.357051,-4,0,34
1761623273.3950508,2,0,31
1761623273.4310508,-1,9,34
1761623273.4690506,-3,2,29
1761623273.5070508,-5,-2,35
1761623273.5450506,0,-4,30
1761623273.5810506,0,0,31
1761623273.6190507,0,-1,36
1761623273.6570508,3,-7,21
1761623273.6950507,0,1,28
1761623273.7310507,-1,1,22
1761623273.7690508,-1,-3,41
1761623273.8070507,-3,1,44
1761623273.8450508,1,5,26
1761623273.8820508,-10,0,31
1761623273.9190507,-11,3,30
1761623273.9570508,0,-2,26
1761623273.9930508,-4,-5,25
1761623274.0300508,2,-5,24
1761623274.0680506,-1,3,29
1761623274.107051,-2,0,32
1761623274.143051,8,6,30
1761623274.1800506,0,2,34
1761623274.2170508,0,-4,33
1761623274.2530508,0,0,36
1761623274.2900507,-2,1,34
1761623274.3270507,-4,1,32
1761623274.3630507,3,1,15
1761623274.4000506,3,0,20
1761623274.4370508,6,-2,33
1761623274.4760506,-4,-2,34
1761623274.5120506,2,-3,26
1761623274.5500507,-2,-8,30
1761623274.5880508,-6,-2,26
1761623274.6270506,-3,-2,28
1761623274.663051,0,0,27
1761623274.7000508,0,-3,24
1761623274.7380507,1,0,21
1761623274.7760508,-4,2,28
1761623274.8120508,-4,0,24
1761623274.8500507,5,0,22
1761623274.8880508,-1,-3,30
1761623274.926051,-4,0,28
1761623274.962051,0,0,22
1761623275.0000508,-5,1,34
1761623275.038051,-7,0,23
1761623275.0760508,-3,-2,23
1761623275.1120508,2,-3,16
1761623275.1500506,-5,-3,27
1761623275.1880507,7,-7,23
1761623275.2270508,11,-6,30
1761623275.2630508,3,-2,27
1761623275.3000507,-1,-3,27
1761623275.3380508,1,1,27
1761623275.3760507,3,5,25
1761623275.4120507,9,1,26
1761623275.449051,0,0,13
1761623275.4870508,-2,-6,34
1761623275.5230508,0,1,37
1761623275.5600507,-1,-2,33
1761623275.5980508,-2,-9,22
1761623275.6370506,0,0,28
1761623275.6730506,0,3,18
1761623275.7110507,5,1,32
1761623275.7480507,-3,0,28
1761623275.7860508,1,-3,34
1761623275.8220508,1,0,28
1761623275.8590508,-3,-4,30
1761623275.8980508,1,0,27
1761623275.936051,3,-6,27
1761623275.972051,3,-5,36
1761623276.0090508,2,-7,31
1761623276.0470507,1,0,28
1761623276.0830507,0,0,30
1761623276.120051,3,-4,34
1761623276.1580508,-2,-1,22
1761623276.1970508,-5,-7,22
1761623276.2330508,-6,-9,33
1761623276.2700508,-7,-9,30
1761623276.3080506,-3,-3,43
1761623276.347051,-3,-4,26
1761623276.383051,-1,-4,28
1761623276.4200506,1,-6,24
1761623276.4580507,-1,-2,35
1761623276.4970508,0,-1,35
1761623276.5330508,2,-3,36
1761623276.5700507,0,-7,33
1761623276.6080508,0,-4,30
1761623276.6440508,4,-6,34
1761623276.6810508,1,-1,35
1761623276.7190506,1,-2,28
1761623276.758051,5,-2,41
1761623276.7940507,4,7,36
1761623276.8310506,0,2,27
1761623276.8680508,6,-3,36
1761623276.9070508,3,-1,29
1761623276.9430506,-2,1,26
1761623276.9800508,0,1,34
1761623277.018051,-1,0,32
1761623277.0540507,0,-4,38
1761623277.0910506,-6,-3,27
1761623277.130051,-1,-6,26
1761623277.1680508,-1,-8,20
1761623277.2040508,4,-4,14
1761623277.2410507,-7,-5,22
1761623277.2800508,-4,0,24
1761623277.3180506,-1,-1,42
1761623277.3540506,-2,-2,33
1761623277.3910508,-1,7,33
1761623277.4290507,-6,3,38
1761623277.4670508,0,-2,39
1761623277.5030508,-1,1,34
1761623277.541051,-8,-1,28
1761623277.5790508,0,0,30
1761623277.6170506,-1,-1,29
1761623277.653051,-2,-1,27
1761623277.699051,-4,0,21
1761623277.7370508,-7,1,27
1761623277.7730508,0,-1,31
1761623277.8100507,-2,4,35
1761623277.8490508,5,1,28
1761623277.8870506,3,1,36
1761623277.9230506,3,0,36
1761623277.9600508,-12,-1,37
1761623277.9990506,-2,3,37
1761623278.0370507,0,-3,37
1761623278.0730507,-1,3,46
1761623278.110051,-3,5,20
1761623278.1490507,0,-6,19
1761623278.1870508,-1,-7,28
1761623278.2230508,3,-5,34
1761623278.2600508,0,-5,37
1761623278.2990508,-1,-2,30
1761623278.3350508,1,0,29
1761623278.3720508,-6,-3,28
1761623278.4100506,-1,-3,44
1761623278.449051,-6,-4,37
1761623278.485051,-2,-4,35
1761623278.5220506,4,1,27
1761623278.5590508,0,1,37
1761623278.5950508,1,1,35
1761623278.633051,1,-3,30
1761623278.6700506,0,0,29
1761623278.7080507,-4,2,22
1761623278.7440507,-4,2,33
1761623278.7810507,1,5,28
1761623278.8190508,-3,0,38
1761623278.8550508,-6,0,39
1761623278.8920507,6,5,26
1761623278.9290507,4,2,30
1761623278.9650507,0,1,31
1761623279.0020506,6,3,28
1761623279.0390508,0,0,33
1761623279.0750508,0,-6,37
1761623279.1120508,-1,-1,34
1761623279.1500506,10,4,35
1761623279.1880507,8,0,41
1761623279.2240508,-6,0,24
1761623279.2610507,-4,-5,26
1761623279.3000507,0,-1,29
1761623279.3380508,-1,-5,34
1761623279.3740506,-3,2,27
1761623279.4120507,-6,-7,33
1761623279.4500508,-6,2,29
1761623279.4880507,-2,-1,20
1761623279.5240507,0,-2,34
1761623279.5620508,-4,-2,33
1761623279.6000507,-5,2,30
1761623279.6380508,0,1,32
1761623279.6740508,1,3,33
1761623279.7110507,-6,2,27
1761623279.7500508,-8,1,38
1761623279.788051,-4,6,27
1761623279.824051,4,0,21
1761623279.8610508,0,-5,22
1761623279.9000506,4,-5,32
1761623279.9380507,7,-4,26
1761623279.9740508,-4,-2,35
1761623280.0120506,3,-2,30
1761623280.0500507,1,2,33
1761623280.0880508,8,1,30
1761623280.1240506,-2,0,37
1761623280.1620507,3,0,38
1761623280.2000508,-1,2,35
1761623280.2380507,-2,0,35
1761623280.2740507,-9,6,23
1761623280.3120508,-10,-5,31
1761623280.3500507,-8,-8,27
1761623280.3880508,3,-6,35
1761623280.4240508,7,-3,35
1761623280.462051,7,-3,33
1761623280.5000508,1,-7,22
1761623280.5360508,2,0,32
1761623280.5730507,-6,-2,29
1761623280.6120508,2,6,22
1761623280.6500506,-1,-1,24
1761623280.686051,4,-6,30
1761623280.7230508,7,-4,24
1761623280.7600508,3,-1,22
1761623280.7990508,0,0,36
1761623280.8350508,2,-2,36
1761623280.8720508,-2,0,22
1761623280.9100506,-4,-4,18
1761623280.949051,1,-6,25
1761623280.985051,-1,-9,23
1761623281.0230508,-6,-15,32
1761623281.0620508,-4,-2,28
1761623281.1000507,-2,0,25
1761623281.1360507,0,0,30
1761623281.1730506,5,-3,32
1761623281.2110507,-2,-4,20
1761623281.2500508,-6,-3,21
1761623281.2860508,0,-2,32
1761623281.3230507,0,4,29
1761623281.3610508,0,0,24
1761623281.3990507,0,-10,33
1761623281.4350507,5,0,43
1761623281.472051,0,0,31
1761623281.5100508,-3,2,27
1761623281.5460508,5,5,27
1761623281.584051,4,0,21
1761623281.6210508,-2,-4,30
1761623281.6600506,0,0,30
1761623281.6960506,2,2,23
1761623281.7330508,3,-4,30
1761623281.7710507,6,-4,26
1761623281.8100507,4,-2,29
1761623281.8460507,0,0,34
1761623281.883051,1,0,34
1761623281.9220507,3,-8,24
1761623281.9600508,0,-3,31
1761623281.9960508,6,-3,24
1761623282.0330508,5,-6,28
1761623282.0710506,3,-5,25
1761623282.1090508,3,-1,25
1761623282.1450508,1,-1,26
1761623282.1820507,3,0,38
1761623282.2200508,-6,2,36
1761623282.2560508,-2,3,39
1761623282.2930508,-1,-1,26
1761623282.3310506,0,-10,32
1761623282.3690507,0,-4,32
1761623282.4050508,0,0,27
1761623282.4420507,-2,2,36
1761623282.4810507,-4,-2,41
1761623282.5170507,1,-1,38
1761623282.5550506,4,-5,30
1761623282.5920508,5,-7,27
1761623282.6310508,1,1,28
1761623282.6670508,3,3,37
1761623282.7040508,1,-1,29
1761623282.7420506,7,-3,22
1761623282.7810507,1,5,23
1761623282.8170507,-4,-3,32
1761623282.8550508,-6,-7,38
1761623282.893051,-7,-1,29
1761623282.9310508,-1,3,28
1761623282.9670508,-9,-3,34
1761623283.0040507,-4,-2,31
1761623283.0420508,-2,3,25
1761623283.0800507,-3,0,34
1761623283.1160507,-2,-1,38
1761623283.1540508,-5,4,32
1761623283.1920507,-4,0,31
1761623283.2300508,2,3,28
1761623283.2660508,-4,7,28
1761623283.3030508,-4,1,36
1761623283.3410506,-6,0,34
1761623283.3770506,-11,3,35
1761623283.4140508,-5,-5,33
1761623283.4520507,-2,-4,33
1761623283.4910507,-2,-5,24
1761623283.5270507,-6,4,22
1761623283.564051,-2,-1,29
1761623283.6020508,2,-8,31
1761623283.6400506,-6,-4,45
1761623283.676051,-3,0,49
1761623283.7140508,0,3,34
1761623283.7520506,0,0,42
1761623283.7900507,-4,-1,39
1761623283.8260508,7,-9,28
1761623283.8640506,6,-1,25
1761623283.9020507,-3,0,24
1761623283.9400508,-4,-4,29
1761623283.9760506,-2,-3,28
1761623284.0140507,3,-8,35
1761623284.0520508,3,0,37
1761623284.0900507,0,-1,31
1761623284.1270506,-5,-8,27
1761623284.1640508,1,0,34
1761623284.2020507,4,2,39
1761623284.2400508,0,5,39
1761623284.2770507,-2,0,34
1761623284.314051,-2,1,29
1761623284.3520508,0,0,29
1761623284.3900506,1,0,33
1761623284.426051,8,-1,22
1761623284.4640508,11,3,12
1761623284.5020506,5,-4,33
1761623284.5400507,-2,3,37
1761623284.5760508,1,10,37
1761623284.6140506,-3,-5,33
1761623284.6520507,1,5,30
1761623284.6880507,-1,3,31
1761623284.7250507,0,1,31
1761623284.7620506,-3,4,29
1761623284.7980506,-3,6,26
1761623284.8350508,2,1,31
1761623284.8720508,-1,5,23
1761623284.9080508,1,1,31
1761623284.9450507,0,-8,24
1761623284.9830508,-9,-9,28
1761623285.0220506,-5,-5,30
1761623285.0580506,-4,-1,31
1761623285.0950508,0,-3,25
1761623285.133051,-2,-2,30
1761623285.1720507,0,-1,23
1761623285.2080507,4,-1,24
1761623285.245051,5,0,24
1761623285.2820508,1,-5,29
1761623285.3180506,-5,2,34
1761623285.3550508,-1,2,37
1761623285.393051,-2,-5,30
1761623285.4310508,3,5,27
1761623285.4670508,-1,5,29
1761623285.505051,1,-2,26
1761623285.5430508,3,0,29
1761623285.5810506,4,-7,28
1761623285.6170506,-7,-3,27
1761623285.6540508,0,-1,31
1761623285.6930506,2,3,34
1761623285.7310507,0,6,24
1761623285.7670507,-4,4,38
1761623285.8040507,-1,2,37
1761623285.8420508,-6,-4,35
1761623285.8780508,0,-2,28
1761623285.9170508,-2,-2,18
1761623285.9540508,0,-4,31
1761623285.9920506,0,-3,33
1761623286.028051,-6,5,25
1761623286.0670507,3,-7,39
1761623286.1040506,3,0,30
1761623286.1420507,5,0,33
1761623286.1780508,7,-3,32
1761623286.2170508,-3,-4,23
1761623286.2540507,-1,-5,42
1761623286.2930508,5,-1,34
1761623286.3310506,0,-1,39
1761623286.3670506,3,-2,39
1761623286.4040508,0,-4,35
1761623286.4420507,-9,-11,27
1761623286.4780507,-6,-7,33
1761623286.5170507,-5,-5,38
1761623286.5540507,3,-7,43
1761623286.5920508,3,-7,37
1761623286.6280508,2,-5,42
1761623286.6650507,-5,0,32
1761623286.7030506,2,3,43
1761623286.7410507,-2,0,39
1761623286.7770507,-4,2,37
1761623286.814051,-5,-4,33
1761623286.8530507,-6,-3,20
1761623286.8890507,-4,-3,27
1761623286.926051,-1,-8,28
1761623286.9640508,6,-9,35
1761623287.0030508,2,-8,31
1761623287.0390508,4,-2,34
1761623287.0760508,-1,-4,35
1761623287.1140506,1,0,38
1761623287.153051,-5,4,22
1761623287.189051,-5,-1,32
1761623287.2260506,4,5,20
1761623287.2630508,3,1,25
1761623287.3000507,1,2,22
1761623287.337051,-2,0,37
1761623287.3740506,-3,-3,34
1761623287.413051,5,-4,39
1761623287.449051,5,-1,36
1761623287.4860508,-1,2,31
1761623287.5240507,-3,0,40
1761623287.5620508,-4,-2,26
1761623287.5980508,-4,-2,29
1761623287.6350508,-6,-1,32
1761623287.6730506,-1,-1,27
1761623287.7170508,-2,3,28
1761623287.7560508,1,-9,40
1761623287.7930508,2,-11,28
1761623287.8320508,-5,-8,33
1761623287.8690507,-3,-3,30
1761623287.9060507,8,-3,32
1761623287.9440508,6,-5,35
1761623287.982051,-6,-3,36
1761623288.018051,-4,0,19
1761623288.0560508,-4,-1,29
1761623288.0940506,-6,-2,21
1761623288.133051,-1,-3,25
1761623288.1690507,1,-1,38
1761623288.2060506,-8,1,40
1761623288.2440507,-2,1,28
1761623288.2830508,-4,1,44
1761623288.3190508,-6,-1,41
1761623288.3560507,1,-1,27
1761623288.3940508,0,2,30
1761623288.4320507,-1,-7,37
1761623288.4680507,3,2,31
1761623288.505051,3,4,30
1761623288.5430508,-5,-1,28
1761623288.5790508,5,4,29
1761623288.6160507,6,2,33
1761623288.6540508,9,-5,31
1761623288.6920507,0,-2,31
1761623288.7280507,2,-8,32
1761623288.7660508,2,-6,29
1761623288.8040507,0,-7,26
1761623288.8420508,1,-10,33
1761623288.8780508,0,-16,42
1761623288.9150507,-4,-7,36
1761623288.9540508,0,-4,38
1761623288.9920506,-3,-4,32
1761623289.028051,3,-5,29
1761623289.0660508,3,-1,26
1761623289.1040506,1,-4,29
1761623289.1400506,0,-2,33
1761623289.1770508,1,-2,27
1761623289.2140508,6,-8,32
1761623289.2500508,2,-6,35
1761623289.2870507,-3,-2,31
1761623289.3250508,-13,-3,30
1761623289.3640506,0,-2,32
1761623289.4000506,-4,2,32
1761623289.4370508,0,0,31
1761623289.4740508,-8,-2,25
1761623289.5130508,0,-4,18
1761623289.5490508,-2,-3,31
1761623289.5860507,-6,-3,36
1761623289.6240506,-4,0,28
1761623289.663051,-1,-2,36
1761623289.699051,-6,0,32
1761623289.7360508,-13,-4,31
1761623289.7740507,-1,-1,39
1761623289.8130507,1,-6,35
1761623289.8490508,1,-5,31
1761623289.8860507,4,-10,26
1761623289.9240508,8,0,29
1761623289.9600508,5,4,32
1761623289.9970508,-8,0,33
1761623290.0350506,-3,-5,42
1761623290.0730507,5,-7,32
1761623290.1090508,6,-5,26
1761623290.1460507,2,-4,17
1761623290.1850507,-1,0,28
1761623290.2230508,3,2,26
1761623290.2590508,0,-2,38
1761623290.2960508,-3,-9,34
1761623290.3350508,-5,-9,33
1761623290.3730507,-3,1,25
1761623290.4090507,-3,-1,42
1761623290.4460506,-4,-1,29
1761623290.485051,-3,-1,36
1761623290.5230508,5,-1,31
1761623290.5590508,7,-3,34
1761623290.597051,3,2,44
1761623290.6350508,1,1,36
1761623290.6730506,-2,-5,42
1761623290.709051,-3,-5,40
1761623290.7460508,1,-8,23
1761623290.7850506,2,-4,34
1761623290.8230507,-6,-6,26
1761623290.8590508,-2,-6,25
1761623290.8970506,5,-1,30
1761623290.9350507,0,-2,27
1761623290.9740508,2,-3,38
1761623291.0100508,3,0,32
1761623291.0470507,-2,-7,36
1761623291.0850508,0,-1,21
1761623291.1240506,4,0,27
1761623291.1600506,0,-7,19
1761623291.1970508,0,-7,33
1761623291.235051,0,-7,33
1761623291.2710507,2,2,35
1761623291.3080506,1,-4,29
1761623291.347051,-1,-1,22
1761623291.3850508,-3,0,34
1761623291.4210508,0,-3,35
1761623291.4580507,0,1,36
1761623291.495051,2,-4,28
1761623291.5310507,5,-5,24
1761623291.5680506,4,-5,20
1761623291.6050508,2,-3,38
1761623291.6440508,2,-4,31
1761623291.6800506,6,0,34
1761623291.7170508,-5,-3,34
1761623291.755051,2,-8,30
1761623291.7940507,-2,-3,32
1761623291.8300507,-2,-2,35
1761623291.8670506,-2,-6,39
1761623291.9050508,9,0,30
1761623291.9410508,5,0,38
1761623291.9780507,4,0,26
1761623292.0150506,0,0,26
1761623292.051051,1,2,18
1761623292.0880508,1,2,33
1761623292.1260507,-2,7,31
1761623292.1640508,-4,3,38
1761623292.2000508,-1,-3,37
1761623292.2370508,-6,-3,36
1761623292.2760508,-3,0,33
1761623292.314051,-11,-1,21
1761623292.3500507,-10,-4,20
1761623292.3870506,-7,-7,29
1761623292.426051,-8,-5,31
1761623292.4640508,-4,-3,21
1761623292.5000508,1,-5,27
1761623292.5390508,2,-3,24
1761623292.5760508,4,-7,37
1761623292.6140506,0,-2,28
1761623292.6500506,2,-10,29
1761623292.6880507,1,-5,26
1761623292.7260506,-1,-11,30
1761623292.7650506,0,-8,39
1761623292.801051,-5,-8,30
1761623292.8390508,1,-1,34
1761623292.8760507,0,-2,31
1761623292.9140508,-1,-3,32
1761623292.9500508,2,8,33
1761623292.9870508,-7,-3,37
1761623293.0260508,-3,-5,28
1761623293.064051,-4,-6,30
1761623293.1000507,-7,0,33
1761623293.1370506,-6,-2,34
1761623293.176051,-11,1,37
1761623293.2140508,1,-1,29
1761623293.2510507,0,1,36
1761623293.288051,4,0,46
1761623293.3260508,1,-5,45
1761623293.3650508,-3,0,44
1761623293.4010508,-2,-4,36
1761623293.4380507,6,-1,34
1761623293.4760506,9,-4,23
1761623293.5150506,3,0,33
1761623293.551051,3,0,28
1761623293.5880508,4,-4,35
1761623293.6270506,-1,0,36
1761623293.6650507,-3,0,34
1761623293.7010508,-10,4,37
1761623293.7380507,1,11,38
1761623293.7760508,3,5,35
1761623293.8120508,3,1,34
1761623293.8490508,1,-3,46
1761623293.8860507,-3,2,41
1761623293.9220507,-8,0,36
1761623293.959051,-2,2,23
1761623293.9960508,0,-3,25
1761623294.0320508,2,10,22
1761623294.0690508,-1,5,35
1761623294.107051,0,3,39
1761623294.1450508,-1,4,35
1761623294.1810508,0,4,34
1761623294.2180507,-2,2,34
1761623294.2560508,-3,0,22
1761623294.2920508,2,5,29
1761623294.3290508,-5,5,35
1761623294.3670506,-2,0,34
1761623294.4060507,-2,6,27
1761623294.4420507,-1,3,26
1761623294.4790506,0,4,33
1761623294.5170507,0,2,32
1761623294.5550506,0,-3,37
1761623294.5910506,-1,-1,34
1761623294.630051,0,3,26
1761623294.6670508,-10,3,23
1761623294.7060506,-1,0,33
1761623294.7420506,0,6,35
1761623294.7800508,-3,5,25
1761623294.8170507,0,7,39
1761623294.8560507,1,3,33
1761623294.8920507,2,-3,29
1761623294.9300506,1,3,38
1761623294.9670508,-5,-9,45
1761623295.0060508,-4,1,21
1761623295.0420508,-3,-2,22
1761623295.0800507,3,-2,29
1761623295.1180508,0,-3,27
1761623295.1570508,-6,-4,33
1761623295.1950507,-2,0,39
1761623295.2310507,13,-2,31
1761623295.268051,-1,1,27
1761623295.3060508,8,-4,23
1761623295.3420508,4,-6,26
1761623295.380051,8,-8,31
1761623295.4180508,3,-6,37
1761623295.4560506,1,-2,25
1761623295.4920506,0,-1,30
1761623295.5300508,-2,-1,45
1761623295.5670507,2,-3,26
1761623295.6060507,9,0,26
1761623295.6420507,8,-3,34
1761623295.6800506,2,0,39
1761623295.7180507,-3,9,42
1761623295.7560508,-5,2,44
1761623295.7920508,-3,2,42
1761623295.8290508,5,0,35
1761623295.8680508,-4,1,37
1761623295.9060507,0,-1,24
1761623295.9420507,0,0,20
1761623295.9790506,3,-1,36
1761623296.0170507,0,-1,30
1761623296.0530508,-1,1,32
1761623296.0900507,5,-1,28
1761623296.1270506,6,-6,37
1761623296.163051,0,-2,35
1761623296.2000508,0,0,39
1761623296.2370508,2,-1,35
1761623296.2760508,4,0,33
1761623296.3120508,5,1,32
1761623296.3500507,6,3,29
1761623296.3870506,-2,4,33
1761623296.426051,-7,-2,40
1761623296.462051,0,2,28
1761623296.4990506,-5,6,24
1761623296.5370507,0,-1,23
1761623296.5730507,2,-2,33
1761623296.610051,-1,2,36
1761623296.6480508,-3,0,29
1761623296.686051,-3,0,24
1761623296.722051,-4,1,28
1761623296.7600508,1,-3,22
1761623296.7980506,0,-2,35
1761623296.8360507,-4,-4,43
1761623296.8720508,0,3,42
1761623296.9090507,0,0,35
1761623296.9480507,1,-1,28
1761623296.9860508,0,3,31
1761623297.0220506,0,-2,40
1761623297.0600507,0,-6,34
1761623297.0980508,-3,0,29
1761623297.1360507,-3,0,34
1761623297.1720507,6,-2,33
1761623297.2100508,6,6,34
1761623297.2480507,0,6,30
1761623297.2860508,-4,3,35
1761623297.3220508,-6,0,31
1761623297.360051,-9,-6,39
1761623297.3980508,-7,0,46
1761623297.436051,-3,-2,44
1761623297.472051,-2,0,43
1761623297.5090508,-2,-3,38
1761623297.5480506,5,0,40
1761623297.5860507,-9,0,36
1761623297.6220508,-1,0,36
1761623297.6590507,-2,-2,37
1761623297.6980507,-4,0,29
1761623297.7420506,-3,0,33
1761623297.7810507,4,-1,36
1761623297.8180506,-5,-1,37
1761623297.857051,0,1,37
1761623297.893051,-1,6,31
1761623297.9310508,-7,2,40
1761623297.9680507,0,-4,39
1761623298.0070508,0,0,34
1761623298.0430508,5,1,47
1761623298.0810506,0,-7,45
1761623298.1180508,3,-1,40
1761623298.1540508,-2,-2,31
1761623298.1920507,0,-3,35
1761623298.2290506,-7,-10,30
1761623298.268051,-5,-5,28
1761623298.3040507,-8,-1,43
1761623298.3420508,0,-3,32
1761623298.3790507,0,-5,29
1761623298.4170508,-4,-6,37
1761623298.4530506,-2,-4,28
1761623298.4900508,2,0,29
1761623298.528051,3,5,25
1761623298.564051,-4,3,40
1761623298.6010506,-3,-1,31
1761623298.6400506,0,-2,14
1761623298.6780508,-7,-2,29
1761623298.7140508,0,-3,41
1761623298.7510507,-3,0,32
1761623298.7890508,-2,0,36
1761623298.8270507,-2,-2,23
1761623298.8630507,-4,-5,30
1761623298.9010508,-4,0,30
1761623298.939051,0,0,29
1761623298.9770508,-1,0,25
1761623299.0130508,0,1,26
1761623299.0500507,1,-1,43
1761623299.0890508,7,0,33
1761623299.1280508,-2,3,30
1761623299.1640508,-2,0,30
1761623299.2010508,-2,0,27
1761623299.2390506,-6,0,30
1761623299.2770507,-1,-5,28
1761623299.314051,-5,-1,19
1761623299.3510506,-3,-4,25
1761623299.3890507,-1,-3,32
1761623299.4280508,2,-8,26
1761623299.4640508,10,-1,32
1761623299.5010507,4,-1,34
1761623299.5390508,-2,2,33
1761623299.5770507,-5,0,13
1761623299.6130507,4,-3,27
1761623299.6500506,9,-7,21
1761623299.689051,3,0,20
1761623299.7270508,0,0,31
1761623299.7630508,0,6,27
1761623299.8000507,-3,1,20
1761623299.8390508,-5,5,25
1761623299.8750508,0,1,29
1761623299.9120507,-1,-1,19
1761623299.9500508,4,2,24
1761623299.9880507,4,1,35
1761623300.0240507,0,0,38
1761623300.061051,-4,-2,44
1761623300.0990508,-1,-2,24
1761623300.1380508,-1,3,16
1761623300.1740508,-6,1,20
1761623300.2110507,0,-1,38
1761623300.2490506,7,0,28
1761623300.2850506,-3,-5,27
1761623300.3230507,-1,0,28
1761623300.360051,0,0,35
1761623300.3980508,4,-2,24
1761623300.4340508,2,-5,19
1761623300.4710507,0,-1,33
1761623300.5090508,0,2,25
1761623300.5450506,-1,0,30
1761623300.5830507,7,-2,31
1761623300.6210508,0,-1,13
1761623300.6590507,4,0,25
1761623300.6950507,0,2,23
1761623300.7340508,0,-3,26
1761623300.7710507,9,-4,30
1761623300.8090508,5,-8,38
1761623300.8450508,8,-2,33
1761623300.8820508,0,0,36
1761623300.9200506,0,-2,26
1761623300.9580507,1,-6,30
1761623300.9940507,3,-1,23
1761623301.0310507,-11,-5,29
1761623301.0700507,-8,-5,37
1761623301.1080508,-8,-8,43
1761623301.1440508,-9,-4,29
1761623301.1810508,-1,-4,35
1761623301.2200508,0,1,35
1761623301.258051,0,0,45
1761623301.2940507,-1,-3,22
1761623301.3310506,0,0,22
1761623301.3690507,-5,-9,34
1761623301.4050508,-4,-3,39
1761623301.4430506,3,-7,34
1761623301.4810507,3,-1,21
1761623301.5190508,1,-7,24
1761623301.5550506,3,0,25
1761623301.5920508,-3,-3,37
1761623301.630051,0,0,23
1761623301.6680508,0,-8,32
1761623301.7040508,-2,-4,41
1761623301.7420506,-5,7,27
1761623301.7800508,-2,2,28
1761623301.8190508,-4,-5,28
1761623301.8550508,7,-4,25
1761623301.893051,0,-6,22
1761623301.9300506,-5,-12,43
1761623301.9690506,3,-9,42
1761623302.005051,-1,-13,27
1761623302.0430508,0,-2,39
1761623302.0800507,-3,-6,23
1761623302.1190507,-1,-1,32
1761623302.1550508,-1,-3,37
1761623302.1930506,4,0,40
1761623302.2300508,2,0,39
1761623302.2660508,2,-2,38
1761623302.3030508,1,-1,34
1761623302.3410506,1,-4,32
1761623302.3790507,-2,-5,27
1761623302.4150507,-6,0,34
1761623302.4520507,2,5,9
1761623302.4900508,0,-2,22
1761623302.5260508,0,-3,32
1761623302.5630507,-1,-1,32
1761623302.6010506,1,1,28
1761623302.6390507,-1,-3,32
1761623302.6750507,1,-6,36
1761623302.712051,1,2,43
1761623302.7500508,0,3,36
1761623302.7860508,5,2,37
1761623302.8230507,1,3,34
1761623302.860051,-1,-3,30
1761623302.8990507,-7,-5,32
1761623302.9350507,-7,-4,27
1761623302.972051,0,-8,42
1761623303.0110507,3,-8,34
1761623303.0490508,0,-5,36
1761623303.0850508,-6,-5,45
1761623303.1220508,-6,-1,27
1761623303.1610508,-10,-5,29
1761623303.199051,-2,0,24
1761623303.235051,-5,-1,30
1761623303.2720506,0,-5,34
1761623303.311051,2,-4,27
1761623303.3490508,2,-2,35
1761623303.3850508,6,2,32
1761623303.4220507,-5,-6,37
1761623303.4610507,-7,-5,28
1761623303.4990506,-3,2,29
1761623303.5350506,-5,-3,23
1761623303.5720508,-3,-2,35
1761623303.6110508,-5,-5,31
1761623303.6490507,-5,1,35
1761623303.6850507,3,-2,33
1761623303.722051,6,2,28
1761623303.7600508,-2,-1,28
1761623303.7960508,-3,3,36
1761623303.8330507,-3,0,35
1761623303.8710508,-1,3,22
1761623303.9090507,-1,-6,39
1761623303.9450507,1,0,31
1761623303.982051,5,1,27
1761623304.0200508,3,-5,30
1761623304.0560508,0,-3,36
1761623304.0930507,7,-6,27
1761623304.1310508,1,-1,33
1761623304.1670508,7,-1,37
1761623304.2040508,0,0,19
1761623304.2410507,9,-1,31
1761623304.2770507,0,0,30
1761623304.314051,5,0,25
1761623304.3510506,-5,0,32
1761623304.3870506,1,-1,36
1761623304.4240508,1,4,31
1761623304.462051,3,-3,24
1761623304.5000508,4,-4,40
1761623304.5360508,0,1,40
1761623304.5730507,-2,-6,32
1761623304.6110508,-4,-2,32
1761623304.6500506,0,-7,33
1761623304.686051,1,-5,27
1761623304.7230508,3,-2,25
1761623304.7610507,2,3,30
1761623304.8000507,2,-1,32
1761623304.8360507,-3,-4,31
1761623304.8730507,-4,-2,35
1761623304.9110508,-2,0,43
1761623304.9500508,4,0,25
1761623304.9860508,7,0,27
1761623305.0230508,1,-2,28
1761623305.061051,2,0,29
1761623305.1000507,-2,4,26
1761623305.1360507,-5,2,34
1761623305.1730506,-6,-1,44
1761623305.212051,-2,4,29
1761623305.2500508,0,0,35
1761623305.2860508,-3,-6,33
1761623305.3230507,-5,-6,27
1761623305.3620508,1,-5,28
1761623305.4000506,-5,3,31
1761623305.4370508,-1,1,30
1761623305.4740508,-3,-6,36
1761623305.5120506,-4,-1,31
1761623305.551051,-1,5,26
1761623305.587051,-7,-4,27
1761623305.6250508,-10,-1,28
1761623305.6640508,-1,0,36
1761623305.7020507,-8,-2,34
1761623305.7400508,-3,-4,36
1761623305.7760508,0,-4,38
1761623305.814051,-4,0,30
1761623305.8520508,-1,-3,36
1761623305.8900506,0,-2,29
1761623305.926051,-2,-4,35
1761623305.9630508,-3,0,37
1761623306.0010507,1,-2,34
1761623306.0370507,-2,-7,26
1761623306.0750508,0,-8,38
1761623306.1120508,2,-7,39
1761623306.1500506,0,-2,31
1761623306.186051,0,-2,38
1761623306.2230508,-4,-4,29
1761623306.2620506,3,-10,16
1761623306.3000507,2,-7,26
1761623306.3360507,0,-9,21
1761623306.3730507,6,-5,29
1761623306.4110508,-4,-4,36
1761623306.4470508,1,-7,42
1761623306.4840508,1,1,40
1761623306.5220506,-3,6,38
1761623306.5580506,-1,0,31
1761623306.5960507,3,0,33
1761623306.633051,-3,-2,34
1761623306.6720507,0,-3,32
1761623306.7080507,-3,-4,31
1761623306.7460508,7,0,27
1761623306.7830508,3,-1,37
1761623306.8220508,2,-7,22
1761623306.8580508,-2,-1,45
1761623306.8960507,0,-1,39
1761623306.9330506,-2,0,29
1761623306.972051,-6,-7,25
1761623307.008051,2,-2,34
1761623307.0450506,0,-7,30
1761623307.0830507,1,3,42
1761623307.1210508,5,-1,33
1761623307.1570508,0,0,23
1761623307.1940508,-3,-1,23
1761623307.2330508,0,-12,30
1761623307.2710507,4,-3,29
1761623307.3070507,3,-1,32
1761623307.3440506,3,2,39
1761623307.3820508,5,1,33
1761623307.4180508,4,9,30
1761623307.4560506,-1,7,38
1761623307.4930508,-4,3,34
1761623307.5310507,-5,2,35
1761623307.5670507,-8,0,35
1761623307.6040506,-7,0,33
1761623307.643051,-2,-6,40
1761623307.6810508,-3,-1,40
1761623307.7170508,-6,2,33
1761623307.7630508,1,0,34
1761623307.801051,1,2,29
1761623307.837051,-3,-3,29
1761623307.8750508,-3,-2,27
1761623307.913051,-3,0,25
1761623307.9520507,1,-4,38
1761623307.9880507,4,-1,42
1761623308.0250506,1,-3,39
1761623308.0630507,0,-7,41
1761623308.1010506,-2,-1,42
1761623308.1370506,0,1,41
1761623308.1750507,0,-2,34
1761623308.2130508,-1,-7,31
1761623308.2520506,2,0,26
1761623308.288051,-3,-8,38
1761623308.3270507,6,-4,33
1761623308.3640506,0,2,34
1761623308.4020507,5,5,28
1761623308.4380507,1,5,34
1761623308.4750507,3,-4,35
1761623308.5130508,6,-5,26
1761623308.5490508,1,-4,35
1761623308.5860507,3,0,32
1761623308.6230507,0,-7,33
1761623308.6590507,0,-1,32
1761623308.6960506,6,-4,30
1761623308.7330508,-1,0,33
1761623308.7690508,1,0,28
1761623308.8060508,1,-3,29
1761623308.8440506,3,-1,30
1761623308.8820508,1,-1,29
1761623308.9180508,0,-2,37
1761623308.9550507,0,1,36
1761623308.9930508,-2,0,29
1761623309.0290508,0,-3,25
1761623309.0660508,-1,-1,31
1761623309.1040506,-3,-3,27
1761623309.143051,-10,0,24
1761623309.1790507,-3,-5,27
1761623309.2170508,-3,-2,26
1761623309.255051,0,-7,17
1761623309.2930508,-1,-6,26
1761623309.3290508,-7,-10,30
1761623309.3670506,1,-3,28
1761623309.4040508,-4,-4,22
1761623309.4430506,-8,-4,38
1761623309.4790506,-5,-5,33
1761623309.5170507,-6,-3,43
1761623309.5550506,-4,0,39
1761623309.5940506,0,2,32
1761623309.6320508,-1,1,20
1761623309.6680508,0,-2,32
1761623309.7050507,-5,3,44
1761623309.7430508,0,3,38
1761623309.7790508,0,-2,32
1761623309.8170507,4,-4,30
1761623309.8540506,-3,-2,32
1761623309.893051,2,-4,41
1761623309.9290507,0,-3,33
1761623309.9670508,-3,-7,33
1761623310.005051,-4,-5,27
1761623310.0440507,-2,-2,44
1761623310.0820508,1,-3,48
1761623310.1180508,-2,-3,43
1761623310.1550508,-1,-2,39
1761623310.1940508,-5,0,27
1761623310.232051,-2,0,24
1761623310.268051,-1,-7,21
1761623310.3050506,0,1,42
1761623310.3430507,6,-3,22
1761623310.3790507,2,-5,28
1761623310.4170508,-6,0,32
1761623310.4540508,-3,0,27
1761623310.4930508,-3,1,22
1761623310.5290508,-5,-6,29
1761623310.5670507,0,-6,39
1761623310.6050508,-1,-4,37
1761623310.6440508,4,-1,40
1761623310.6800506,4,0,28
1761623310.7170508,-4,1,17
1761623310.7540507,-2,-6,24
1761623310.7930508,-4,-12,32
1761623310.8290508,0,-10,34
1761623310.8660507,0,-4,18
1761623310.9040508,0,-2,28
1761623310.9430506,-1,1,37
1761623310.9790506,-5,2,29
1761623311.0160508,-4,-5,36
1761623311.0540507,-7,-8,20
1761623311.0930507,-1,-12,29
1761623311.1290507,-3,-10,34
1761623311.1670508,-1,1,30
1761623311.2050507,-2,-11,24
1761623311.2440507,-11,-6,36
1761623311.2800508,2,-1,29
1761623311.3170507,-2,0,32
1761623311.3540506,3,-2,28
1761623311.3910508,1,-4,34
1761623311.4280508,2,-2,25
1761623311.4650507,-5,-4,22
1761623311.5040507,0,-5,20
1761623311.5400507,-6,-3,30
1761623311.5780506,-6,-1,33
1761623311.6160507,0,1,37
1761623311.6540508,3,-5,38
1761623311.6900508,2,-2,36
1761623311.7280507,0,-4,16
1761623311.7660508,8,-6,25
1761623311.8040507,4,-2,27
1761623311.8400507,0,0,30
1761623311.8780508,0,-5,31
1761623311.916051,-2,-6,26
1761623311.9540508,-2,-8,41
1761623311.9910507,-9,-1,35
1761623312.028051,-4,4,29
1761623312.0660508,-1,0,41
1761623312.1040506,0,-1,20
1761623312.1400506,-5,-2,25
1761623312.1770508,-2,-2,26
1761623312.2160506,-1,-5,25
1761623312.2540507,2,-1,38
1761623312.2900507,3,-4,34
1761623312.3270507,-2,0,29
1761623312.3650508,0,0,26
1761623312.403051,-3,-1,39
1761623312.439051,-2,-4,34
1761623312.4770508,-2,0,33
1761623312.5160508,-2,3,25
1761623312.5540507,-4,-3,28
1761623312.5900507,0,-2,36
1761623312.6270506,-1,2,39
1761623312.6650507,-5,0,40
1761623312.7030506,0,-4,37
1761623312.7390506,0,-3,39
1761623312.7770507,-2,-4,30
1761623312.8150508,3,-6,35
1761623312.8540506,-5,-2,42
1761623312.8900506,-2,-2,47
1761623312.9270508,-1,-8,28
1761623312.9650507,1,1,22
1761623313.0010507,1,2,31
1761623313.038051,2,-5,36
1761623313.0750508,0,-5,30
1761623313.1140506,1,-5,27
1761623313.1500506,0,-2,41
1761623313.1870508,1,-3,35
1761623313.2250507,-8,-3,29
1761623313.2610507,-2,0,33
1761623313.2980506,0,-3,34
1761623313.3350508,-1,0,33
1761623313.3740506,2,1,31
1761623313.4100506,4,-5,37
1761623313.4480507,-3,-2,31
1761623313.4860508,0,0,38
1761623313.5240507,0,-1,30
1761623313.5600507,-6,-5,28
1761623313.5980508,-2,-4,26
1761623313.6360507,-9,-1,36
1761623313.6750507,-6,-1,28
1761623313.7110507,-7,-2,31
1761623313.7480507,-8,-7,37
1761623313.7870507,-4,-8,27
1761623313.8250508,0,0,29
1761623313.8610508,-8,1,24
1761623313.8980508,-5,-2,33
1761623313.9370508,0,-1,32
1761623313.9750507,4,-7,22
1761623314.0110507,5,-3,27
1761623314.0480506,3,2,28
1761623314.0860507,-1,-1,31
1761623314.1240506,6,-1,21
1761623314.1600506,10,-1,32
1761623314.1970508,-1,-1,27
1761623314.2360508,-9,-3,26
1761623314.2740507,-4,3,21
1761623314.3100507,-2,0,27
1761623314.347051,-4,-2,42
1761623314.3860507,0,-3,35
1761623314.4240508,-4,-2,30
1761623314.4600508,-7,-5,32
1761623314.4970508,-11,2,37
1761623314.5350506,-7,2,41
1761623314.5710506,-2,-1,36
1761623314.6090508,0,-7,39
1761623314.6460507,3,-7,31
1761623314.6850507,7,0,23
1761623314.7210507,3,-1,31
1761623314.7590508,6,-7,32
1761623314.7960508,4,0,36
1761623314.834051,-2,0,31
1761623314.870051,-3,-5,29
1761623314.9070508,0,-7,30
1761623314.9460506,4,-4,31
1761623314.9840508,-2,0,34
1761623315.0200508,-4,-2,26
1761623315.0570507,3,0,31
1761623315.0950508,2,1,33
1761623315.1310508,1,1,35
1761623315.1690507,-3,-1,32
1761623315.2070508,-2,-6,21
1761623315.2460508,3,0,31
1761623315.2820508,1,0,32
1761623315.3190508,-4,-1,38
1761623315.357051,-1,0,31
1761623315.3960507,10,-6,27
1761623315.4320507,2,-8,27
1761623315.4690506,-1,1,25
1761623315.5070508,4,2,37
1761623315.5460508,-1,-2,33
1761623315.5820508,-1,-1,26
1761623315.620051,0,-5,38
1761623315.6580508,3,-7,38
1761623315.6960506,8,-12,36
1761623315.732051,3,-8,40
1761623315.7690508,7,-4,38
1761623315.8060508,9,-4,27
1761623315.8420508,3,-8,33
1761623315.8790507,2,-4,30
1761623315.9180508,-3,-5,29
1761623315.9560506,-5,-8,32
1761623315.9920506,-10,-7,26
1761623316.0300508,-12,0,36
1761623316.0670507,-6,0,26
1761623316.1050508,2,-2,27
1761623316.1410508,0,-3,22
1761623316.1790507,-3,1,41
1761623316.2170508,-2,4,36
1761623316.255051,3,-1,25
1761623316.291051,3,-4,21
1761623316.3290508,-4,4,39
1761623316.3670506,-6,-3,20
1761623316.4050508,1,0,23
1761623316.4410508,0,1,33
1761623316.4790506,4,-3,38
1761623316.5170507,-2,1,40
1761623316.5550506,0,1,25
1761623316.5910506,3,0,28
1761623316.6290507,5,0,25
1761623316.6670508,5,-2,21
1761623316.7050507,8,-4,21
1761623316.7410507,10,-5,21
1761623316.7790508,-1,0,15
1761623316.8170507,-4,3,27
1761623316.8560507,0,1,33
1761623316.8920507,0,6,27
1761623316.9290507,0,-2,33
1761623316.9670508,0,0,25
1761623317.005051,2,-1,27
1761623317.041051,0,-4,37
1761623317.0790508,-5,-1,25
1761623317.1170506,-12,-4,34
1761623317.1560507,1,-7,30
1761623317.1920507,4,-5,22
1761623317.2290506,0,-4,38
1761623317.2670507,2,-1,35
1761623317.3030508,0,5,28
1761623317.3400507,-1,-3,28
1761623317.3780508,-3,2,44
1761623317.416051,-1,-5,40
1761623317.4520507,-7,3,24
1761623317.4890506,-2,-1,19
1761623317.5270507,1,0,36
1761623317.5630507,1,-1,31
1761623317.6000507,1,-6,28
1761623317.6370506,4,2,42
1761623317.6730506,-5,-6,37
1761623317.7100508,-3,-1,37
1761623317.7480507,3,1,24
1761623317.7920508,-2,4,30
1761623317.8310506,-6,-1,37
1761623317.8680508,-2,-1,38
1761623317.9070508,-1,1,43
1761623317.9430506,-3,-3,46
1761623317.9810507,3,-2,38
1761623318.018051,-3,1,33
1761623318.0560508,-8,-1,28
1761623318.0920508,4,-7,23
1761623318.1290507,0,-9,28
1761623318.1670508,-5,-2,29
1761623318.2030506,-8,0,34
1761623318.2400508,-9,0,33
1761623318.278051,0,2,28
1761623318.3160508,0,-1,35
1761623318.3520508,0,0,35
1761623318.3890507,5,1,28
1761623318.4270508,-1,3,42
1761623318.4630508,3,-8,37
1761623318.5020506,-2,-5,41
1761623318.5390508,0,-2,32
1761623318.5780506,1,2,38
1761623318.6160507,6,1,35
1761623318.6520507,4,-3,33
1761623318.689051,1,-4,25
1761623318.7270508,-5,2,17
1761623318.7630508,-4,-4,23
1761623318.801051,-7,-1,27
1761623318.8390508,-7,4,33
1761623318.8780508,-4,-6,31
1761623318.916051,-2,-2,33
1761623318.9520507,-2,0,39
1761623318.9890506,2,-7,41
1761623319.0270507,2,1,37
1761623319.0630507,-2,0,40
1761623319.1000507,-5,5,24
1761623319.1380508,-5,1,31
1761623319.1770508,6,-5,34
1761623319.2130508,2,-4,27
1761623319.2500508,0,-2,23
1761623319.288051,-2,5,26
1761623319.3270507,-5,4,42
1761623319.3630507,0,-3,30
1761623319.4010508,-4,-2,31
1761623319.439051,-8,0,30
1761623319.4780507,0,-10,32
1761623319.5140507,-5,-3,24
1761623319.551051,-9,-7,32
1761623319.5890508,0,-5,28
1761623319.6270506,-3,-2,39
1761623319.663051,-2,4,43
1761623319.7010508,0,4,42
1761623319.7380507,0,-2,26
1761623319.7770507,2,0,23
1761623319.8130507,-2,0,26
1761623319.8500507,-1,-1,27
1761623319.8880508,-4,2,33
1761623319.9270508,0,5,26
1761623319.9630508,3,4,26
1761623320.0000508,1,1,37
1761623320.038051,-6,2,36
1761623320.074051,2,-4,28
1761623320.1120508,2,0,27
1761623320.1490507,10,0,26
1761623320.1870508,4,0,26
1761623320.2230508,3,1,41
1761623320.2600508,-3,-8,31
1761623320.2990508,-9,-3,40
1761623320.337051,-1,-2,35
1761623320.3730507,-3,0,34
1761623320.4100506,-3,-3,33
1761623320.449051,0,0,45
1761623320.4870508,-7,-3,38
1761623320.5230508,5,0,30
1761623320.5600507,6,-3,29
1761623320.5990508,2,1,22
1761623320.6370506,-1,1,32
1761623320.6730506,3,0,34
1761623320.7100508,9,-8,43
1761623320.7490506,9,0,35
1761623320.7870507,7,-1,38
1761623320.8230507,4,0,34
1761623320.860051,0,2,27
1761623320.8980508,6,-1,19
1761623320.9340508,4,-2,30
1761623320.972051,2,2,44
1761623321.0090508,-2,3,23
1761623321.0470507,-5,4,19
1761623321.0830507,-4,2,30
1761623321.120051,0,-4,43
1761623321.1580508,-2,-2,40
1761623321.1940508,-4,-1,38
1761623321.2310507,0,0,28
1761623321.2690508,4,10,30
1761623321.3070507,-4,-6,36
1761623321.3430507,-2,-4,40
1761623321.3810508,-3,1,32
1761623321.4190507,-3,0,34
1761623321.4570508,-6,5,33
1761623321.4930508,-9,0,35
1761623321.5310507,-1,-3,34
1761623321.5690508,-2,0,37
1761623321.6080508,-2,3,41
1761623321.6440508,-2,6,38
1761623321.6810508,-6,5,31
1761623321.7190506,-8,-1,23
1761623321.755051,-2,-6,20
1761623321.7930508,-9,-3,39
1761623321.8310506,3,-4,30
1761623321.8690507,0,0,23
1761623321.9050508,1,1,33
1761623321.9420507,0,2,43
1761623321.9790506,1,1,46
1761623322.0150506,2,-3,27
1761623322.0520508,2,-3,37
1761623322.0900507,0,2,32
1761623322.1280508,1,4,34
1761623322.1640508,3,0,34
1761623322.2010508,0,0,31
1761623322.2390506,-4,0,33
1761623322.2750506,-11,0,34
1761623322.3130507,-2,-9,44
1761623322.3500507,-1,-7,45
1761623322.3890507,-8,-9,28
1761623322.4250507,-1,-10,35
1761623322.462051,-3,-6,33
1761623322.5000508,-2,-4,34
1761623322.5390508,1,-1,24
1761623322.5750508,0,0,28
1761623322.6130507,-8,0,26
1761623322.6500506,0,4,38
1761623322.6880507,0,-3,31
1761623322.7240508,2,-5,34
1761623322.7610507,-3,-3,37
1761623322.8000507,-1,-9,34
1761623322.8380508,-12,1,45
1761623322.8740506,-11,-8,51
1761623322.9110508,-7,-8,36
1761623322.9500508,3,-4,34
1761623322.9880507,4,0,36
1761623323.0240507,0,1,36
1761623323.061051,-4,0,35
1761623323.1000507,-4,0,24
1761623323.1380508,1,-3,20
1761623323.1740508,0,-6,31
1761623323.2110507,5,0,33
1761623323.2500508,-5,0,39
1761623323.288051,0,-3,37
1761623323.324051,-6,-1,39
1761623323.3610508,-3,-3,32
1761623323.4000506,-4,-3,27
1761623323.4380507,-5,-1,27
1761623323.4740508,1,5,31
1761623323.5110507,-3,-2,45
1761623323.5500507,2,-1,38
1761623323.5880508,-1,-2,40
1761623323.6240506,-6,1,36
1761623323.6610508,3,5,37
1761623323.7000508,2,0,32
1761623323.7360508,-4,-3,31
1761623323.7750506,-8,-3,29
1761623323.8120508,0,0,25
1761623323.8500507,-1,3,22
1761623323.8860507,9,4,43
1761623323.9250507,1,2,33
1761623323.962051,-4,-4,24
1761623324.0000508,-1,-3,34
1761623324.0390508,0,-2,38
1761623324.0750508,-3,-2,34
1761623324.1130507,1,-5,26
1761623324.1510508,5,-3,23
1761623324.1900508,-4,-3,31
1761623324.2260506,-11,-1,31
1761623324.2640507,-2,8,38
1761623324.301051,1,3,32
1761623324.3390508,-2,5,35
1761623324.3750508,1,-1,36
1761623324.4120507,1,3,31
1761623324.4500508,3,8,26
1761623324.4860508,2,10,30
1761623324.5230508,-2,2,27
1761623324.5600507,-2,0,23
1761623324.5960507,-1,-2,31
1761623324.633051,-3,0,33
1761623324.6710508,-6,-1,31
1761623324.709051,-3,-1,30
1761623324.745051,-1,-7,28
1761623324.7830508,-1,-7,38
1761623324.8210506,-9,0,40
1761623324.8590508,-6,-4,42
1761623324.8950508,-9,-2,40
1761623324.9330506,-2,-5,38
1761623324.9710507,5,-3,36
1761623325.0090508,0,-2,38
1761623325.0450506,-4,0,34
1761623325.0820508,-3,0,41
1761623325.120051,-1,-2,33
1761623325.1560507,4,-7,30
1761623325.1930506,-3,-2,37
1761623325.2310507,-1,-4,32
1761623325.2700508,2,1,29
1761623325.3060508,1,0,31
1761623325.3430507,5,4,34
1761623325.3810508,-1,-4,40
1761623325.4190507,4,2,24
1761623325.4550507,-1,0,24
1761623325.4920506,0,0,23
1761623325.5300508,0,-1,34
1761623325.5660508,0,-2,34
1761623325.6030507,-1,-3,21
1761623325.6410508,-3,-3,24
1761623325.6800506,-5,-1,43
1761623325.7160506,-5,-3,40
1761623325.7530508,-2,-5,42
1761623325.791051,-1,3,34
1761623325.8270507,-8,4,30
1761623325.8640506,-5,0,33
1761623325.9020507,-5,3,40
1761623325.9400508,0,-7,42
1761623325.9760506,0,-1,38
1761623326.0130508,3,0,47
1761623326.0520508,2,-3,43
1761623326.0900507,5,-6,35
1761623326.1260507,7,0,30
1761623326.163051,3,-1,34
1761623326.2020507,1,4,35
1761623326.2400508,-7,7,36
1761623326.2760508,-8,8,40
1761623326.3130507,-5,0,33
1761623326.3510506,2,-1,29
1761623326.3870506,1,5,25
1761623326.4240508,-3,-3,35
1761623326.4610507,-9,-1,36
1761623326.5000508,5,-5,29
1761623326.5360508,2,-1,24
1761623326.5730507,5,-6,23
1761623326.6110508,4,2,33
1761623326.6470506,2,3,37
1761623326.6840508,0,-4,36
1761623326.722051,4,-4,28
1761623326.7600508,3,1,31
1761623326.7960508,-1,4,29
1761623326.834051,1,0,27
1761623326.8720508,8,0,25
1761623326.9100506,-6,2,20
1761623326.9460506,-2,-4,30
1761623326.9840508,1,-1,25
1761623327.0220506,8,0,36
1761623327.0600507,5,2,33
1761623327.0960507,4,-4,41
1761623327.133051,4,-4,30
1761623327.1710508,2,-1,25
1761623327.2070508,7,-1,27
1761623327.2440507,0,2,28
1761623327.2820508,-2,0,34
1761623327.3200507,0,-7,41
1761623327.3560507,1,-7,37
1761623327.3940508,-5,2,30
1761623327.4320507,-6,-1,45
1761623327.4700508,-3,-4,33
1761623327.5060508,2,0,33
1761623327.5430508,-5,-7,31
1761623327.5820508,-6,1,28
1761623327.620051,-3,0,30
1761623327.6560507,-1,4,32
1761623327.6940508,6,3,32
1761623327.732051,5,-1,27
1761623327.7700508,-2,-5,31
1761623327.814051,0,0,27
1761623327.8520508,5,-5,28
1761623327.8900506,-1,4,42
1761623327.926051,0,0,31
1761623327.9630508,-3,-6,28
1761623328.0020506,-2,-6,27
1761623328.038051,1,-2,30
1761623328.0760508,1,0,22
1761623328.1130507,0,-2,19
1761623328.1510508,0,-6,23
1761623328.1870508,-2,-1,22
1761623328.2240508,1,3,25
1761623328.2620506,-3,1,24
1761623328.2980506,-1,1,35
1761623328.3350508,0,-1,35
1761623328.3730507,-2,-3,38
1761623328.4120507,2,-3,31
1761623328.4480507,-3,0,36
1761623328.485051,-2,-1,34
1761623328.5240507,4,-2,34
1761623328.5620508,-5,-12,36
1761623328.5980508,0,-1,38
1761623328.6350508,-6,4,30
1761623328.6720507,-4,0,26
1761623328.7110507,1,0,29
1761623328.7470508,2,-5,41
1761623328.7840507,1,-7,32
1761623328.8220508,0,0,37
1761623328.8580508,4,-2,42
1761623328.8950508,3,-3,33
1761623328.9330506,6,-1,41
1761623328.9710507,-2,2,31
1761623329.0070508,6,-1,22
1761623329.0440507,0,-4,21
1761623329.0820508,0,-5,28
1761623329.1180508,-1,0,26
1761623329.1550508,6,-6,27
1761623329.1930506,0,0,28
1761623329.2310507,5,-2,34
1761623329.2670507,-3,-8,37
1761623329.3040507,-4,-3,41
1761623329.3430507,-1,-4,40
1761623329.3810508,2,-6,43
1761623329.4170508,5,-3,34
1761623329.4540508,1,-4,26
1761623329.4920506,0,0,43
1761623329.528051,5,0,50
1761623329.5650508,1,-6,27
1761623329.6030507,-1,-4,36
1761623329.6420507,4,-1,28
1761623329.6780508,0,-5,29
1761623329.7150507,0,-9,27
1761623329.7530508,0,-3,31
1761623329.791051,-1,0,15
1761623329.8270507,-4,-3,31
1761623329.8640506,-1,-5,25
1761623329.903051,0,-3,41
1761623329.9410508,5,-4,30
1761623329.9770508,3,-5,28
1761623330.0150506,1,-6,23
1761623330.0530508,-4,0,33
1761623330.0910506,0,0,29
1761623330.1270506,-2,0,28
1761623330.1640508,-2,-3,27
1761623330.2030506,-1,1,24
1761623330.2390506,-7,2,28
1761623330.2760508,3,-8,32
1761623330.3130507,-4,-2,30
1761623330.3520508,1,-4,39
1761623330.3880508,-5,-4,39
1761623330.4250507,-5,-6,33
1761623330.4630508,0,0,29
1761623330.4990506,1,1,33
1761623330.5360508,3,-4,31
1761623330.5730507,-4,-5,36
1761623330.6120508,1,0,40
1761623330.6480508,0,2,36
1761623330.6850507,-7,2,38
1761623330.7230508,0,0,32
1761623330.7590508,-2,-2,28
1761623330.7960508,2,-1,30
1761623330.8330507,1,-2,32
1761623330.8720508,0,-1,23
1761623330.9080508,0,0,33
1761623330.9450507,-4,7,41
1761623330.9830508,-2,7,34
1761623331.0220506,-2,2,28
1761623331.0580506,-1,1,14
1761623331.0950508,1,-1,13
1761623331.1340508,3,-4,24
1761623331.1720507,1,0,31
1761623331.2080507,0,-1,25
1761623331.2460508,0,0,20
1761623331.2840507,2,-1,28
1761623331.3220508,0,0,24
1761623331.3580508,-2,4,33
1761623331.3950508,2,1,30
1761623331.4330506,2,9,34
1761623331.4690506,9,9,26
1761623331.5060508,0,4,39
1761623331.5440507,0,4,32
1761623331.5820508,-3,3,27
1761623331.6180508,-4,6,25
1761623331.6550508,-4,4,24
1761623331.6940508,-1,-1,31
1761623331.732051,-2,-1,36
1761623331.768051,0,0,28
1761623331.8050506,-5,-3,48
1761623331.8440506,-3,-6,29
1761623331.8820508,-3,-8,37
1761623331.9180508,-2,-7,37
1761623331.9550507,2,-1,28
1761623331.9930508,-2,3,40
1761623332.0290508,-4,3,34
1761623332.0660508,0,1,30
1761623332.1040506,-3,1,21
1761623332.1420507,0,3,28
1761623332.1780508,-4,1,28
1761623332.2150507,-3,2,30
1761623332.2530508,-2,0,35
1761623332.2890508,-4,-5,32
1761623332.3260508,5,2,30
1761623332.3640506,-4,-4,42
1761623332.4000506,-8,-3,35
1761623332.4370508,4,-3,30
1761623332.4740508,0,-2,42
1761623332.5130508,6,0,32
1761623332.5490508,9,-1,36
1761623332.5860507,6,1,25
1761623332.6240506,-4,-4,33
1761623332.6600506,-3,-5,31
1761623332.6970508,-2,0,10
1761623332.7340508,4,4,21
1761623332.7700508,0,-3,36
1761623332.8070507,-1,0,45
1761623332.8450508,-3,0,30
1761623332.883051,-3,1,20
1761623332.9190507,-1,0,24
1761623332.9560506,1,-2,33
1761623332.9940507,4,-4,26
1761623333.0300508,4,0,19
1761623333.0670507,-3,4,27
1761623333.1040506,0,-2,31
1761623333.143051,-1,1,24
1761623333.1790507,-3,-2,25
1761623333.2160506,-1,1,28
1761623333.2540507,1,1,37
1761623333.2900507,0,0,35
1761623333.3270507,10,2,29
1761623333.3650508,6,-3,29
1761623333.403051,6,0,39
1761623333.439051,0,0,28
1761623333.4770508,-5,-6,28
1761623333.5150506,3,-8,29
1761623333.5530508,2,-3,33
1761623333.5890508,1,-2,39
1761623333.6260507,-5,-1,30
1761623333.6650507,-9,0,31
1761623333.7030506,6,-7,38
1761623333.7390506,1,-9,38
1761623333.7760508,7,-9,37
1761623333.814051,0,0,41
1761623333.8500507,-1,-4,33
1761623333.8880508,5,0,32
1761623333.9250507,3,4,25
1761623333.9640508,2,1,18
1761623334.0000508,1,0,25
1761623334.0370507,1,0,33
1761623334.0750508,-2,6,33
1761623334.1130507,-15,4,20
1761623334.1490507,-11,2,32
1761623334.186051,-8,-8,36
1761623334.2250507,-2,-2,30
1761623334.2630508,1,-4,22
1761623334.2990508,-2,-6,27
1761623334.3360507,-5,0,35
1761623334.3750508,-4,8,39
1761623334.413051,2,4,33
1761623334.449051,4,-4,30
1761623334.4860508,-5,-4,19
1761623334.5250506,-3,2,26
1761623334.561051,5,0,25
1761623334.5980508,2,5,34
1761623334.6350508,-6,-4,35
1761623334.6740508,-2,-1,38
1761623334.7100508,-7,4,46
1761623334.7470508,-3,0,41
1761623334.7850506,3,-4,26
1761623334.8210506,3,1,28
1761623334.8580508,-3,0,31
1761623334.8950508,-1,-3,36
1761623334.9340508,2,1,39
1761623334.9700508,3,3,42
1761623335.0070508,7,3,28
1761623335.0450506,9,-8,16
1761623335.0810506,3,-1,27
1761623335.1190507,0,0,33
1761623335.1560507,-6,-3,26
1761623335.1950507,0,-5,30
1761623335.2310507,-8,-15,33
1761623335.2690508,-2,-5,24
1761623335.3070507,2,-2,38
1761623335.3450508,-1,-1,35
1761623335.3810508,0,0,34
1761623335.4180508,5,-2,21
1761623335.4560506,-1,2,21
1761623335.4940507,0,3,18
1761623335.5300508,3,-2,32
1761623335.5670507,0,1,25
1761623335.6050508,-1,-5,25
1761623335.6410508,2,0,34
1761623335.6780508,1,-1,32
1761623335.7160506,1,-12,42
1761623335.7540507,0,-4,34
1761623335.7900507,1,-2,38
1761623335.8270507,2,1,33
1761623335.8650508,-1,11,43
1761623335.9010508,-1,7,39
1761623335.9380507,9,4,48
1761623335.9760506,-3,0,33
1761623336.0140507,-3,1,30
1761623336.0500507,-7,1,31
1761623336.087051,-4,0,34
1761623336.1260507,0,0,41
1761623336.1640508,0,1,26
1761623336.2000508,-6,0,22
1761623336.2370508,8,-1,25
1761623336.2760508,-2,-2,24
1761623336.314051,1,0,38
1761623336.3500507,-4,0,27
1761623336.3870506,-4,0,22
1761623336.426051,-8,-4,31
1761623336.4640508,-3,1,24
1761623336.5000508,-5,1,22
1761623336.538051,-1,6,39
1761623336.5760508,-8,-1,41
1761623336.6120508,-9,-1,34
1761623336.6490507,-4,-4,44
1761623336.6880507,0,-5,38
1761623336.7260506,4,-8,46
1761623336.7620506,0,-7,51
1761623336.7990508,2,-2,33
1761623336.8380508,1,-4,26
1761623336.8760507,-2,-6,27
1761623336.9150507,1,-7,28
1761623336.9510508,-3,-4,33
1761623336.9880507,-1,4,42
1761623337.0260508,0,0,37
1761623337.0620508,-1,3,28
1761623337.1000507,-2,2,29
1761623337.1380508,-3,-2,31
1761623337.176051,-3,0,30
1761623337.212051,-3,3,23
1761623337.2490506,-5,0,36
1761623337.2860508,-3,2,32
1761623337.3250508,-1,0,39
1761623337.3610508,-5,5,35
1761623337.3980508,7,5,28
1761623337.436051,5,-1,40
1761623337.472051,4,-3,37
1761623337.5090508,4,-6,30
1761623337.5470507,8,-10,34
1761623337.5850508,-1,-13,25
1761623337.6210508,0,-2,30
1761623337.6590507,-5,3,29
1761623337.6970508,-3,-4,21
1761623337.735051,0,-2,34
1761623337.7720506,-3,-7,27
1761623337.8170507,3,-1,37
1761623337.8550508,0,0,41
1761623337.8910508,-2,-5,41
1761623337.9280508,-2,-4,37
1761623337.9670508,8,-10,32
1761623338.005051,0,-2,32
1761623338.041051,-2,-1,42
1761623338.0780506,-2,0,24
1761623338.1160507,-2,-2,23
1761623338.1520507,-1,0,31
1761623338.189051,0,9,23
1761623338.2270508,1,-1,17
1761623338.2650506,-2,4,22
1761623338.301051,2,7,30
1761623338.3380508,0,3,36
1761623338.3770506,-7,5,34
1761623338.4150507,-7,-2,29
1761623338.4510508,1,-2,33
1761623338.4890506,-3,6,33
1761623338.5270507,-7,1,33
1761623338.5650508,-8,-3,30
1761623338.6010506,2,3,25
1761623338.6390507,3,0,42
1761623338.6770508,4,1,31
1761623338.7150507,6,1,33
1761623338.7510507,-2,11,25
1761623338.7890508,-4,-1,27
1761623338.8270507,0,-1,35
1761623338.8630507,0,-4,45
1761623338.9000506,2,-1,35
1761623338.939051,2,7,28
1761623338.9770508,-4,4,34
1761623339.0130508,0,-7,31
1761623339.051051,3,-4,31
1761623339.0890508,6,-5,31
1761623339.1270506,7,0,32
1761623339.163051,1,0,31
1761623339.2000508,2,2,40
1761623339.2370508,0,-7,44
1761623339.2760508,-1,-8,33
1761623339.3120508,0,-1,25
1761623339.3490508,3,-3,30
1761623339.3870506,3,0,43
1761623339.4230506,2,5,41
1761623339.4600508,1,0,31
1761623339.4970508,2,1,31
1761623339.5330508,-1,0,35
1761623339.5700507,-2,-2,19
1761623339.6080508,-1,0,29
1761623339.6460507,2,1,34
1761623339.6820507,-6,-3,25
1761623339.7200508,4,-2,30
1761623339.758051,0,-5,40
1761623339.7960508,3,-1,43
1761623339.8320508,2,-1,35
1761623339.8690507,1,-9,40
1761623339.9070508,1,-3,36
1761623339.9430506,-3,5,43
1761623339.9800508,-5,-5,31
1761623340.018051,-7,-1,34
1761623340.0570507,-1,-8,44
1761623340.0930507,-1,-6,28
1761623340.1310508,1,-3,17
1761623340.1680508,5,0,24
1761623340.2060506,4,-5,19
1761623340.2420506,0,-2,28
1761623340.2790508,1,2,34
1761623340.3170507,0,4,31
1761623340.3530507,1,-6,29
1761623340.3900506,-7,-9,16
1761623340.4280508,1,0,30
1761623340.4660506,-2,0,31
1761623340.5020506,-3,0,26
1761623340.5400507,-4,3,29
1761623340.5780506,-2,2,31
1761623340.6160507,0,-1,23
1761623340.6520507,1,-2,24
1761623340.6900508,-1,-7,25
1761623340.7280507,3,-2,25
1761623340.7660508,-1,4,31
1761623340.8020508,-10,1,30
1761623340.8400507,6,6,26
1761623340.8780508,-1,-4,25
1761623340.916051,5,-1,28
1761623340.9520507,5,4,24
1761623340.9900508,3,0,20
1761623341.028051,-1,-3,39
1761623341.064051,-2,0,46
1761623341.1010506,0,-7,46
1761623341.1390507,5,-1,39
1761623341.1780508,0,-3,36
1761623341.2140508,1,-1,30
1761623341.2510507,-1,-6,34
1761623341.2890508,3,-9,36
1761623341.3280506,-2,-9,35
1761623341.3640506,4,-3,30
1761623341.4010508,0,-2,23
1761623341.4380507,-3,3,29
1761623341.4770508,-6,0,36
1761623341.5130508,-4,-3,36
1761623341.551051,4,-2,35
1761623341.5880508,8,4,31
1761623341.6240506,2,-1,30
1761623341.6610508,1,-3,33
1761623341.6980507,0,-9,29
1761623341.7340508,9,-3,21
1761623341.7710507,1,-2,34
1761623341.8090508,3,-3,32
1761623341.847051,4,1,33
1761623341.883051,-2,-1,29
1761623341.9200506,0,5,31
1761623341.9580507,4,-1,33
1761623341.9940507,0,-9,20
1761623342.0310507,-1,-1,18
1761623342.0690508,-6,-5,27
1761623342.1080508,-1,-2,25
1761623342.1440508,-1,-5,31
1761623342.1810508,1,-1,32
1761623342.2190506,-4,-2,27
1761623342.2570508,7,4,22
1761623342.2930508,3,2,18
1761623342.3300507,-1,2,24
1761623342.3680508,2,2,28
1761623342.4040508,2,5,28
1761623342.4410508,3,-2,37
1761623342.4790506,3,4,30
1761623342.5170507,4,-3,32
1761623342.5530508,-4,0,27
1761623342.5900507,3,-2,35
1761623342.6290507,-4,-1,30
1761623342.6670508,0,-5,34
1761623342.7030506,1,-4,37
1761623342.7410507,-1,1,32
1761623342.7790508,0,0,33
1761623342.8170507,8,4,40
1761623342.8530507,9,1,44
1761623342.8910508,3,-8,34
1761623342.9290507,1,-3,35
1761623342.9670508,-4,-3,41
1761623343.0030508,0,1,33
1761623343.041051,-1,0,39
1761623343.0790508,-5,0,40
1761623343.1150508,-5,-2,37
1761623343.153051,1,1,34
1761623343.1910508,-2,2,32
1761623343.2290506,1,0,29
1761623343.2650506,-2,-4,14
1761623343.3020508,-5,1,20
1761623343.3390508,-4,-3,27
1761623343.3780508,-2,0,29
1761623343.4140508,-4,-4,21
1761623343.4510508,0,-6,30
1761623343.4890506,1,-3,27
1761623343.5250506,2,-3,39
1761623343.5620508,6,-5,27
1761623343.5990508,0,-5,25
1761623343.6380508,1,-7,37
1761623343.6740508,0,-4,35
1761623343.7110507,0,-3,27
1761623343.7490506,0,-1,28
1761623343.7850506,2,6,33
1761623343.8220508,4,0,20
1761623343.860051,-4,5,39
1761623343.8990507,-10,-1,30
1761623343.9350507,-11,-2,31
1761623343.972051,-4,-6,32
1761623344.0100508,-8,-7,35
1761623344.0490508,0,-2,40
1761623344.0850508,-3,-1,32
1761623344.1220508,0,-3,29
1761623344.1600506,-3,4,37
1761623344.199051,3,-3,30
1761623344.235051,2,-4,37
1761623344.2720506,4,0,32
1761623344.3100507,1,-5,31
1761623344.3480508,0,-10,35
1761623344.3840508,0,-9,38
1761623344.4210508,3,-1,34
1761623344.459051,5,-4,34
1761623344.495051,-1,-3,36
1761623344.5330508,2,-8,26
1761623344.5700507,-6,-5,34
1761623344.6090508,-5,4,29
1761623344.6450508,-1,0,31
1761623344.6820507,6,-4,32
1761623344.7200508,0,-2,18
1761623344.758051,1,-10,19
1761623344.7940507,-3,-8,30
1761623344.8310506,-4,-3,36
1761623344.870051,-2,-6,33
1761623344.9080508,-1,-6,32
1761623344.9440508,0,-6,27
1761623344.9810507,-3,-5,27
1761623345.0200508,-3,-5,32
1761623345.0580506,-4,-5,29
1761623345.0940506,0,-3,25
1761623345.1310508,0,-8,27
1761623345.1690507,-6,-7,22
1761623345.2050507,-3,-2,30
1761623345.2430508,-3,0,36
1761623345.2800508,0,2,37
1761623345.3160508,1,-4,36
1761623345.3530507,1,-2,38
1761623345.3900506,0,-5,30
1761623345.4290507,1,-1,27
1761623345.4650507,-1,-6,26
1761623345.5020506,1,-1,27
1761623345.5400507,-5,-4,32
1761623345.5790508,0,3,42
1761623345.6150508,0,1,38
1761623345.6520507,-2,0,31
1761623345.6900508,-3,-4,34
1761623345.7260506,-8,9,29
1761623345.7630508,6,1,36
1761623345.8000507,0,-2,36
1761623345.8360507,-5,0,39
1761623345.8730507,-4,-6,31
1761623345.9110508,0,-2,19
1761623345.949051,0,-1,25
1761623345.985051,6,-3,32
1761623346.0230508,-5,-7,28
1761623346.061051,0,-1,34
1761623346.0990508,-11,2,45
1761623346.1350508,0,2,34
1761623346.1720507,-5,4,26
1761623346.2100508,1,-6,32
1761623346.2460508,0,-1,33
1761623346.2830508,1,-7,39
1761623346.3210506,-1,0,40
1761623346.3590508,1,1,24
1761623346.3950508,-4,0,29
1761623346.4320507,-5,5,32
1761623346.4700508,4,3,31
1761623346.5060508,6,4,21
1761623346.5430508,12,0,31
1761623346.5810506,5,-1,37
1761623346.6190507,4,-2,34
1761623346.6550508,3,-3,39
1761623346.6920507,0,1,30
1761623346.7300508,4,-1,23
1761623346.7660508,11,-1,25
1761623346.8040507,-6,1,24
1761623346.8410506,-10,0,30
1761623346.8790507,7,1,30
1761623346.9150507,0,2,23
1761623346.9520507,-4,7,28
1761623346.9900508,-9,-3,31
1761623347.0260508,-3,0,27
1761623347.0630507,-11,3,32
1761623347.1010506,-4,-1,31
1761623347.1390507,0,-6,43
1761623347.1750507,-2,-3,29
1761623347.2130508,4,1,33
1761623347.2510507,1,0,25
1761623347.2890508,6,0,31
1761623347.3250508,1,-2,34
1761623347.3630507,-4,-10,34
1761623347.4010508,-6,-3,30
1761623347.4400508,0,1,25
1761623347.4760506,2,5,29
1761623347.5130508,0,6,23
1761623347.551051,0,2,39
1761623347.587051,-3,8,28
1761623347.6240506,-6,0,44
1761623347.6620507,-2,1,44
1761623347.7000508,-5,0,46
1761623347.7360508,-1,-3,33
1761623347.7730508,0,-2,35
1761623347.8180506,-8,-1,29
1761623347.8550508,-1,-8,22
1761623347.893051,-1,-2,27
1761623347.9310508,5,2,38
1761623347.9670508,3,2,33
1761623348.005051,0,1,26
1761623348.0420508,-4,-2,38
1761623348.0810506,3,-5,31
1761623348.1170506,5,-5,28
1761623348.1540508,-4,0,13
1761623348.1910508,-1,-1,19
1761623348.2300508,2,0,22
1761623348.2660508,1,3,32
1761623348.3030508,-4,1,36
1761623348.3420508,-4,1,34
1761623348.380051,1,-6,30
1761623348.416051,-2,-1,33
1761623348.4530506,1,1,23
1761623348.4920506,0,1,44
1761623348.5300508,-6,-8,22
1761623348.5660508,-2,-4,24
1761623348.6030507,-7,-4,27
1761623348.6420507,0,0,20
1761623348.6800506,7,2,25
1761623348.7160506,7,1,32
1761623348.7530508,-1,-3,36
1761623348.7920508,-4,-6,30
1761623348.8300507,-5,1,30
1761623348.8660507,-7,-1,29
1761623348.9050508,-4,0,32
1761623348.9420507,0,4,34
1761623348.9800508,6,0,31
1761623349.0160508,5,4,34
1761623349.0530508,-6,-1,37
1761623349.0920508,-2,0,43
1761623349.130051,-2,1,30
1761623349.1670508,-4,1,29
1761623349.2040508,2,-5,26
1761623349.2420506,-2,0,19
1761623349.2800508,-2,1,37
1761623349.3160508,1,-1,35
1761623349.3540506,-3,-5,39
1761623349.3920507,6,-6,36
1761623349.4310508,-2,-2,41
1761623349.4670508,0,-2,40
1761623349.5040507,-3,-3,38
1761623349.5420508,0,-2,35
1761623349.5810506,1,-4,28
1761623349.6170506,-3,-5,24
1761623349.6550508,-7,0,28
1761623349.6920507,-4,-9,31
1761623349.7310507,-8,-7,27
1761623349.7670507,-5,-4,23
1761623349.8050506,-5,-5,21
1761623349.8440506,-4,0,37
1761623349.8820508,-3,-4,17
1761623349.9180508,0,-2,26
1761623349.9560506,5,-5,24
1761623349.9940507,7,-3,24
1761623350.0320508,2,-4,30
1761623350.0680506,1,-8,34
1761623350.1060507,5,-2,31
1761623350.1440508,2,-5,18
1761623350.1820507,4,-6,27
1761623350.2180507,9,-1,35
1761623350.2560508,-2,5,35
1761623350.2940507,3,0,38
1761623350.3320508,0,0,27
1761623350.3680508,-3,1,27
1761623350.4050508,3,-2,25
1761623350.4420507,-3,0,26
1761623350.4810507,2,-5,37
1761623350.5170507,0,1,29
1761623350.5540507,-7,2,38
1761623350.5920508,1,4,35
1761623350.6280508,4,5,23
1761623350.6650507,3,0,35
1761623350.7030506,3,0,27
1761623350.7410507,1,0,36
1761623350.7770507,1,2,29
1761623350.8150508,0,-4,31
1761623350.8530507,1,-5,41
1761623350.8910508,2,0,23
1761623350.9280508,0,2,25
1761623350.9650507,4,0,31
1761623351.0030508,9,0,28
1761623351.041051,0,-1,31
1761623351.0770507,-5,-2,23
1761623351.1150508,-4,-6,33
1761623351.153051,-5,-4,21
1761623351.1920507,3,0,22
1761623351.2280507,-2,5,23
1761623351.2650506,-7,14,24
1761623351.3030508,-4,5,30
1761623351.3410506,0,0,29
1761623351.3770506,0,1,40
1761623351.4140508,-2,3,39
1761623351.4530506,-1,-2,35
1761623351.4910507,0,-1,30
1761623351.5270507,-1,0,34
1761623351.5650508,-2,1,42
1761623351.6030507,0,0,24
1761623351.6410508,-2,-5,28
1761623351.6770508,0,-2,22
1761623351.7150507,-1,0,29
1761623351.7530508,-6,1,32
1761623351.7890508,-7,0,34
1761623351.8280506,-4,-1,31
1761623351.8650508,0,2,34
1761623351.903051,5,2,16
1761623351.939051,4,-3,26
1761623351.9760506,-3,-1,32
1761623352.0140507,2,3,45
1761623352.0520508,-5,3,34
1761623352.0880508,1,-1,42
1761623352.1250508,-3,0,48
1761623352.163051,0,4,35
1761623352.199051,-3,-6,43
1761623352.2360508,8,-3,39
1761623352.2740507,5,2,30
1761623352.3120508,1,2,17
1761623352.3480508,7,-1,24
1761623352.3860507,3,-5,25
1761623352.4230506,6,-1,23
1761623352.459051,-2,-1,30
1761623352.4970508,-3,1,29
1761623352.5340507,-5,-5,27
1761623352.5730507,-6,-3,27
1761623352.6090508,2,-3,27
1761623352.6470506,2,-5,19
1761623352.686051,-2,-4,34
1761623352.7240508,2,-6,23
1761623352.7620506,3,-3,36
1761623352.7980506,-4,-4,33
1761623352.8360507,1,-3,31
1761623352.8740506,2,1,16
1761623352.9120507,-2,-4,28
1761623352.9480507,-7,-2,28
1761623352.985051,-7,-1,25
1761623353.0240507,-1,3,29
1761623353.0620508,-1,-1,30
1761623353.0980508,4,-1,38
1761623353.1350508,5,0,38
1761623353.1730506,8,-5,32
1761623353.209051,1,-2,28
1761623353.2460508,0,-1,28
1761623353.2840507,0,-8,21
1761623353.3220508,6,-3,30
1761623353.3580508,4,-1,30
1761623353.3950508,-1,0,34
1761623353.4340508,1,-3,24
1761623353.472051,1,-3,31
1761623353.508051,5,-2,25
1761623353.5450506,1,-2,27
1761623353.584051,-4,-5,15
1761623353.6220508,-4,-7,28
1761623353.6580508,0,-5,26
1761623353.6960506,2,-1,36
1761623353.7340508,0,0,40
1761623353.7720506,-1,-1,32
1761623353.8080506,-1,-5,40
1761623353.8460507,2,1,26
1761623353.8840508,3,1,33
1761623353.9200506,0,-1,28
1761623353.9570508,0,-5,30
1761623353.9940507,-7,-1,30
1761623354.0330508,-6,-8,28
1761623354.0690508,0,-6,20
1761623354.107051,0,-3,25
1761623354.1440508,-3,-3,42
1761623354.1830506,-4,-2,40
1761623354.2190506,0,-2,49
1761623354.2560508,3,-3,39
1761623354.2940507,4,-4,33
1761623354.3300507,-6,-6,29
1761623354.3670506,0,0,34
1761623354.4040508,-1,-1,31
1761623354.4430506,0,0,32
1761623354.4790506,-3,-3,32
1761623354.5170507,1,-4,23
1761623354.5540507,4,-6,31
1761623354.5900507,-1,-8,39
1761623354.6270506,-5,-4,35
1761623354.6650507,-3,0,25
1761623354.7030506,-4,-1,27
1761623354.7390506,-7,1,27
1761623354.7760508,-4,-1,35
1761623354.814051,4,5,40
1761623354.8500507,-1,-2,52
1761623354.8880508,-2,0,42
1761623354.9250507,-1,-1,23
1761623354.9640508,-2,0,31
1761623355.0000508,0,0,32
1761623355.0370507,0,-4,27
1761623355.0750508,-3,-5,21
1761623355.1130507,2,-2,21
1761623355.1490507,6,0,15
1761623355.186051,2,-1,21
1761623355.2240508,4,0,40
1761623355.2600508,-3,-5,45
1761623355.2970507,-2,-1,28
1761623355.3350508,-4,0,35
1761623355.3740506,4,0,24
1761623355.4100506,0,0,26
1761623355.4470508,-3,-5,26
1761623355.485051,7,-2,31
1761623355.5230508,3,1,20
1761623355.5590508,5,-4,19
1761623355.597051,-3,2,33
1761623355.6350508,-1,3,39
1761623355.6730506,0,2,33
1761623355.709051,-2,0,28
1761623355.7470508,1,4,29
1761623355.7850506,5,-1,29
1761623355.8230507,2,-3,30
1761623355.8590508,0,-4,32
1761623355.8970506,-6,0,31
1761623355.9350507,-2,1,27
1761623355.9730508,4,0,20
1761623356.0090508,4,-1,22
1761623356.0460508,4,-2,24
1761623356.0850508,11,-4,29
1761623356.1230507,4,-7,38
1761623356.1590507,0,-1,26
1761623356.1960506,-8,1,29
1761623356.235051,0,-1,32
1761623356.2720506,3,-2,32
1761623356.3090508,2,3,31
1761623356.347051,1,0,32
1761623356.3850508,6,-6,32
1761623356.4210508,6,1,28
1761623356.459051,-2,4,26
1761623356.4960508,-6,-1,32
1761623356.5350506,-4,-5,17
1761623356.5710506,-1,-3,22
1761623356.6080508,-2,-1,30
1761623356.6460507,4,-5,28
1761623356.6840508,-7,-13,31
1761623356.7200508,-3,-7,21
1761623356.7570508,-11,-2,19
1761623356.7960508,-4,-6,27
1761623356.834051,2,0,38
1761623356.870051,0,0,39
1761623356.9070508,1,-1,31
1761623356.9450507,0,1,30
1761623356.9810507,3,0,27
1761623357.018051,-7,2,27
1761623357.0560508,-3,2,28
1761623357.0940506,-2,0,29
1761623357.130051,-1,2,32
1761623357.1680508,-1,0,20
1761623357.2060506,-1,0,26
1761623357.2440507,0,-1,24
1761623357.2800508,-2,-3,23
1761623357.3180506,-4,6,32
1761623357.3560507,5,-2,37
1761623357.3940508,-4,-6,32
1761623357.4300506,0,-1,38
1761623357.4680507,-6,-3,39
1761623357.5060508,-3,-2,32
1761623357.5440507,-3,1,37
1761623357.5810506,0,0,31
1761623357.6180508,-6,6,35
1761623357.6560507,0,0,36
1761623357.6940508,8,-5,40
1761623357.7300508,-1,-1,33
1761623357.768051,7,0,29
1761623357.8060508,3,2,32
1761623357.8500507,3,-3,37
1761623357.8890507,-3,0,29
1761623357.926051,-1,-1,41
1761623357.9650507,-2,0,37
1761623358.0010507,0,0,35
1761623358.038051,8,0,24
1761623358.0760508,1,0,26
1761623358.1140506,-6,-2,20
1761623358.1500506,-4,-3,18
1761623358.1880507,-2,0,29
1761623358.2260506,5,0,31
1761623358.2620506,0,-2,34
1761623358.3000507,-3,-4,31
1761623358.3390508,0,-5,27
1761623358.3760507,0,-2,38
1761623358.4150507,4,-4,33
1761623358.4510508,1,-6,35
1761623358.4880507,-5,-1,31
1761623358.5260508,-9,-8,38
1761623358.5650508,3,0,23
1761623358.6010506,1,-1,31
1761623358.6380508,0,0,37
1761623358.676051,-8,-1,26
1761623358.712051,1,-5,33
1761623358.7490506,-2,0,34
1761623358.7860508,0,4,37
1761623358.8220508,0,1,30
1761623358.860051,-3,-5,30
1761623358.8970506,-1,5,44
1761623358.936051,-2,5,27
1761623358.972051,3,0,20
1761623359.0090508,2,-1,26
1761623359.0460508,3,6,28
1761623359.0850508,-1,0,25
1761623359.1210508,5,5,29
1761623359.1580508,5,8,30
1761623359.1960506,4,0,38
1761623359.232051,0,0,29
1761623359.2690508,0,-7,30
1761623359.3070507,-6,-7,23
1761623359.3450508,-6,-2,27
1761623359.3810508,-3,-4,28
1761623359.4190507,0,-1,31
1761623359.4570508,2,-6,28
1761623359.495051,2,-4,31
1761623359.5310507,0,-4,27
1761623359.5680506,3,-2,38
1761623359.607051,-1,5,23
1761623359.6450508,-6,1,20
1761623359.6810508,-7,-4,21
1761623359.7190506,-1,-5,29
1761623359.7570508,-2,-3,28
1761623359.7960508,2,-1,30
1761623359.8320508,-3,-3,30
1761623359.8690507,-9,-1,37
1761623359.9070508,-2,-2,39
1761623359.9460506,-2,-6,23
1761623359.982051,0,-2,26
1761623360.0190508,1,-4,27
1761623360.0570507,4,-1,26
1761623360.0950508,5,-8,30
1761623360.1310508,1,-3,34
1761623360.1680508,-6,1,23
1761623360.2060506,-1,-9,30
1761623360.2420506,1,-5,26
1761623360.2810507,1,-4,24
1761623360.3180506,-3,-2,26
1761623360.357051,-4,2,25
1761623360.393051,-1,-8,44
1761623360.4310508,-3,-6,36
1761623360.4680507,-2,-5,29
1761623360.5070508,-3,1,28
1761623360.5430508,-6,-4,35
1761623360.5800507,-2,-1,37
1761623360.6180508,0,-3,23
1761623360.6560507,-3,8,32
1761623360.6920507,-8,3,26
1761623360.7290506,-1,0,35
1761623360.7670507,-2,-1,39
1761623360.8030508,-1,-7,43
1761623360.8400507,-6,-1,26
1761623360.8780508,-2,-1,24
1761623360.9170508,-3,1,29
1761623360.9530506,-1,2,31
1761623360.9910507,-3,0,28
1761623361.028051,2,0,37
1761623361.0660508,0,4,38
1761623361.1020508,-2,-1,38
1761623361.1390507,0,-3,23
1761623361.1770508,-2,-4,30
1761623361.2160506,0,0,39
1761623361.2520506,-2,-1,36
1761623361.291051,-5,-7,43
1761623361.3280506,-2,0,41
1761623361.3660507,-6,-4,38
1761623361.4020507,-2,2,30
1761623361.439051,0,9,29
1761623361.4770508,-5,3,38
1761623361.5130508,-1,5,36
1761623361.5500507,-4,0,35
1761623361.5880508,0,-2,36
1761623361.6270506,-6,-7,24
1761623361.663051,-6,-4,27
1761623361.7000508,-1,-1,31
1761623361.7380507,-1,-4,35
1761623361.7770507,-1,-5,18
1761623361.8130507,-7,0,29
1761623361.8500507,0,-4,27
1761623361.8880508,1,-5,34
1761623361.926051,3,-4,31
1761623361.962051,0,-1,35
1761623362.0000508,2,4,33
1761623362.038051,-1,1,38
1761623362.0760508,-3,1,37
1761623362.1120508,-1,1,40
1761623362.1500506,0,0,37
1761623362.1880507,3,0,26
1761623362.2260506,1,-1,32
1761623362.2620506,-1,0,26
1761623362.2990508,2,-3,31
1761623362.3380508,-1,-3,25
1761623362.3760507,3,4,25
1761623362.4120507,6,1,19
1761623362.449051,0,0,28
1761623362.4870508,-4,-3,37
1761623362.5230508,-4,-4,41
1761623362.5600507,5,0,31
1761623362.5980508,3,-3,29
1761623362.6340508,5,-7,23
1761623362.6710508,0,-6,30
1761623362.7080507,0,-7,30
1761623362.7440507,1,-7,30
1761623362.7810507,7,-7,39
1761623362.8190508,5,-5,32
1761623362.857051,1,-4,31
1761623362.893051,10,-9,43
1761623362.9310508,1,4,36
1761623362.9690506,6,-3,42
1761623363.0070508,0,-3,24
1761623363.0430508,0,1,15
1761623363.0800507,1,8,19
1761623363.1180508,0,0,34
1761623363.1540508,0,-4,29
1761623363.1920507,-7,4,30
1761623363.2290506,0,5,20
1761623363.2670507,-1,-3,25
1761623363.3030508,0,0,31
1761623363.3400507,-2,-1,31
1761623363.3780508,-9,-5,31
1761623363.4170508,-2,-4,27
1761623363.4530506,3,-1,25
1761623363.4900508,3,-5,38
1761623363.528051,2,-1,42
1761623363.564051,5,-2,38
1761623363.6010506,-3,4,34
1761623363.6390507,3,0,30
1761623363.6770508,-5,2,33
1761623363.7130508,-4,1,33
1761623363.7510507,3,5,30
1761623363.7890508,1,-1,28
1761623363.8270507,0,-1,30
1761623363.8630507,2,-1,19
1761623363.9010508,0,-9,29
1761623363.939051,-2,-4,38
1761623363.9770508,-8,-6,32
1761623364.0130508,3,2,29
1761623364.051051,1,1,39
1761623364.0890508,0,4,25
1761623364.1270506,1,7,32
1761623364.163051,2,5,22
1761623364.2000508,-2,0,28
1761623364.2390506,9,-2,29
1761623364.2770507,6,-5,31
1761623364.3130507,0,2,34
1761623364.3500507,-4,-5,30
1761623364.3890507,0,-3,34
1761623364.4270508,-1,0,29
1761623364.4630508,-1,-8,33
1761623364.5010507,4,-2,38
1761623364.5390508,6,-2,34
1761623364.5770507,0,1,25
1761623364.6130507,1,-2,29
1761623364.6500506,-4,0,39
1761623364.6880507,-4,0,37
1761623364.7240508,-9,-4,45
1761623364.7620506,-4,-4,28
1761623364.8000507,3,2,36
1761623364.8380508,0,-1,44
1761623364.8740506,-9,-2,28
1761623364.9110508,-4,0,11
1761623364.949051,1,-4,23
1761623364.985051,0,-3,25
1761623365.0220506,7,3,24
1761623365.0590508,2,0,23
1761623365.0950508,-1,6,33
1761623365.1320508,2,2,34
1761623365.1700506,6,-5,30
1761623365.209051,0,2,32
1761623365.245051,0,5,28
1761623365.2820508,-2,0,36
1761623365.3200507,-8,-1,35
1761623365.3590508,-1,-4,38
1761623365.3950508,-7,-3,33
1761623365.4320507,2,-8,28
1761623365.4700508,7,-1,20
1761623365.508051,-4,1,23
1761623365.5440507,1,0,22
1761623365.5810506,-1,-4,20
1761623365.6190507,-2,2,30
1761623365.6550508,0,3,33
1761623365.6930506,5,-3,21
1761623365.7300508,-6,0,24
1761623365.768051,0,0,37
1761623365.8040507,-2,7,31
1761623365.8410506,5,5,32
1761623365.8790507,-2,9,33
1761623365.9150507,-1,5,31
1761623365.9520507,0,4,37
1761623365.9900508,1,-3,36
1761623366.028051,1,-8,16
1761623366.064051,2,-3,14
1761623366.1020508,6,0,28
1761623366.1400506,2,-1,27
1761623366.1780508,3,-6,23
1761623366.2140508,0,-2,37
1761623366.2520506,-13,-8,46
1761623366.2900507,-9,-6,39
1761623366.3280506,-4,-4,40
1761623366.3640506,-5,3,39
1761623366.4010508,2,6,40
1761623366.439051,1,4,22
1761623366.4750507,2,-3,16
1761623366.5120506,1,-1,30
1761623366.5500507,0,0,19
1761623366.5880508,-5,0,22
1761623366.6240506,-2,0,31
1761623366.6620507,-5,2,21
1761623366.7000508,6,2,22
1761623366.7380507,1,2,26
1761623366.7740507,0,7,25
1761623366.8120508,-2,7,37
1761623366.8500507,-9,-1,28
1761623366.8860507,-3,3,26
1761623366.9230506,1,-2,14
1761623366.9600508,-2,0,19
1761623366.9960508,1,0,30
1761623367.0330508,0,-5,26
1761623367.0710506,7,-1,29
1761623367.1090508,-1,-6,28
1761623367.1450508,1,-1,33
1761623367.1830506,0,-1,40
1761623367.2210507,-3,-1,32
1761623367.2600508,-2,0,28
1761623367.2960508,1,-1,34
1761623367.3330507,-3,1,36
1761623367.3710508,-8,-2,29
1761623367.4100506,-7,1,28
1761623367.4460506,-1,-2,29
1761623367.4830508,4,-7,32
1761623367.5210507,4,4,23
1761623367.5590508,3,4,38
1761623367.5960507,4,3,33
1761623367.633051,-2,6,30
1761623367.6710508,3,6,32
1761623367.709051,7,6,35
1761623367.7460508,6,-1,33
1761623367.7830508,-2,-8,33
1761623367.8210506,3,-1,40
1761623367.8650508,2,-6,21
1761623367.903051,8,-2,31
1761623367.9420507,-3,-9,27
1761623367.9800508,-2,-5,33
1761623368.0160508,-6,1,29
1761623368.0530508,1,1,29
1761623368.0910506,1,-5,30
1761623368.1290507,4,-3,21
1761623368.1650507,2,-4,29
1761623368.2020507,-5,2,35
1761623368.2410507,-5,-1,28
1761623368.2790508,-1,-4,35
1761623368.3150508,0,-4,44
1761623368.3520508,0,2,41
1761623368.3900506,7,1,40
1761623368.4270508,3,0,37
1761623368.4640508,-2,-12,19
1761623368.5020506,0,-9,24
1761623368.541051,3,0,40
1761623368.5790508,4,-5,35
1761623368.6150508,5,2,32
1761623368.6520507,1,-3,25
1761623368.6910508,-4,0,37
1761623368.7290506,2,2,33
1761623368.7650506,3,0,35
1761623368.8020508,8,2,34
1761623368.8400507,-1,0,25
1761623368.8760507,0,1,25
1761623368.913051,-6,0,26
1761623368.9510508,-3,2,34
1761623368.9890506,1,2,41
1761623369.0260508,-5,-1,38
1761623369.0630507,1,0,43
1761623369.1010506,0,1,39
1761623369.1370506,-4,1,35
1761623369.1740508,-1,4,32
1761623369.2110507,8,0,34
1761623369.2470508,6,-7,35
1761623369.2840507,6,4,40
1761623369.3210506,2,2,32
1761623369.357051,0,1,35
1761623369.3940508,2,-3,37
1761623369.4310508,9,-2,31
1761623369.4700508,5,-1,28
1761623369.5060508,3,-2,39
1761623369.5430508,4,0,39
1761623369.5810506,-7,-3,36
1761623369.620051,-5,-1,39
1761623369.6560507,4,-4,35
1761623369.6940508,4,-3,41
1761623369.7310507,3,-10,25
1761623369.7670507,0,-11,30
1761623369.8050506,0,-1,34
1761623369.8420508,0,4,33
1761623369.880051,2,0,28
1761623369.916051,6,2,29
1761623369.9530506,2,0,31
1761623369.9920506,-5,2,35
1761623370.0300508,2,0,36
1761623370.0660508,-3,0,24
1761623370.1030507,-2,0,37
1761623370.1410508,-1,0,34
1761623370.1770508,2,0,28
1761623370.2140508,5,1,35
1761623370.2520506,3,1,33
1761623370.2900507,-1,5,40
1761623370.3260508,-1,-1,36
1761623370.3640506,-4,0,36
1761623370.4020507,-9,1,46
1761623370.4400508,-3,0,35
1761623370.4760506,7,1,28
1761623370.5130508,0,-6,26
1761623370.551051,6,-1,21
1761623370.587051,4,-2,26
1761623370.6240506,-3,-1,31
1761623370.6620507,-3,-1,33
1761623370.7010508,-2,-4,31
1761623370.7370508,-4,-3,42
1761623370.7740507,4,-5,35
1761623370.8120508,-5,-10,27
1761623370.8500507,-3,-2,26
1761623370.8860507,-7,3,27
1761623370.9230506,-9,-6,32
1761623370.962051,1,-1,30
1761623371.0000508,-2,-4,34
1761623371.0360508,1,-4,33
1761623371.0730507,1,0,31
1761623371.1110508,-5,-2,37
1761623371.1470506,-7,6,29
1761623371.1840508,-3,-6,44
1761623371.222051,0,-3,39
1761623371.258051,-7,-3,31
1761623371.2960508,-9,4,32
1761623371.334051,-8,6,23
1761623371.3720508,-6,2,29
1761623371.4080508,0,-4,34
1761623371.4460506,-2,-2,29
1761623371.485051,-1,0,29
1761623371.5220506,0,-5,32
1761623371.5580506,0,-7,32
1761623371.597051,0,-4,32
1761623371.6340508,-2,3,39
1761623371.6720507,-1,1,33
1761623371.7080507,-2,-6,12
1761623371.745051,-1,-8,28
1761623371.7830508,-1,-9,39
1761623371.8220508,3,0,34
1761623371.8580508,5,4,38
1761623371.8950508,1,-1,31
1761623371.9330506,-1,1,49
1761623371.9710507,-2,0,37
1761623372.0070508,0,0,37
1761623372.0440507,2,1,30
1761623372.0820508,-1,0,25
1761623372.1180508,4,-5,30
1761623372.1550508,4,0,42
1761623372.1930506,0,-1,31
1761623372.2310507,-13,-6,36
1761623372.2670507,-3,-10,38
1761623372.3050506,0,-6,32
1761623372.3430507,0,-2,31
1761623372.3810508,-1,2,30
1761623372.4170508,1,-9,28
1761623372.4550507,2,-4,33
1761623372.4930508,0,-5,34
1761623372.5310507,0,2,16
1761623372.5670507,1,-7,29
1761623372.6050508,-1,-8,29
1761623372.643051,0,-12,23
1761623372.6810508,-3,-8,30
1761623372.7170508,-3,-9,31
1761623372.755051,1,0,37
1761623372.7930508,6,0,27
1761623372.8310506,0,-5,25
1761623372.8670506,-5,0,22
1761623372.9050508,-2,0,26
1761623372.9430506,1,-2,25
1761623372.9810507,0,-3,39
1761623373.0170507,-1,1,43
1761623373.0550506,1,0,34
1761623373.0930507,0,-6,34
1761623373.1310508,-7,-6,28
1761623373.1670508,-1,-6,26
1761623373.2050507,-1,0,25
1761623373.2430508,-4,-5,29
1761623373.2810507,1,-3,38
1761623373.3170507,-6,0,33
1761623373.3550508,-5,-1,33
1761623373.3940508,0,1,35
1761623373.4320507,2,-5,31
1761623373.4680507,-8,-2,24
1761623373.505051,0,-8,28
1761623373.5430508,0,-8,31
1761623373.5790508,-7,0,29
1761623373.6160507,-3,2,40
1761623373.653051,-7,0,31
1761623373.689051,-10,-1,32
1761623373.7280507,-3,5,38
1761623373.7650506,-3,-3,26
1761623373.8030508,-2,-2,24
1761623373.8420508,2,-2,31
1761623373.8780508,-5,-6,36
1761623373.9150507,-3,-3,26
1761623373.9530506,-3,-8,21
1761623373.9920506,5,-5,25
1761623374.028051,2,-5,32
1761623374.0650508,-1,-3,33
1761623374.1030507,-7,-1,33
1761623374.1420507,-2,-7,21
1761623374.1780508,-2,-3,33
1761623374.2150507,-4,-6,26
1761623374.2530508,-10,3,31
1761623374.2920508,1,-3,31
1761623374.3280506,-1,-5,25
1761623374.3650508,0,-3,38
1761623374.403051,-3,-4,41
1761623374.439051,-3,-3,29
1761623374.4760506,-5,-3,22
1761623374.5140507,-5,-3,30
1761623374.5530508,-8,-7,29
1761623374.5890508,0,-3,38
1761623374.6260507,-6,-1,40
1761623374.6640508,-3,-2,27
1761623374.7030506,-5,6,23
1761623374.7390506,-2,5,26
1761623374.7760508,-4,0,29
1761623374.814051,3,-5,33
1761623374.8520508,2,-1,25
1761623374.8880508,-6,0,34
1761623374.9250507,-6,0,27
1761623374.9640508,-1,0,34
1761623375.0020506,0,-5,37
1761623375.038051,-2,-2,32
1761623375.0760508,1,-5,35
1761623375.1140506,-1,-3,23
1761623375.1520507,2,0,25
1761623375.1880507,7,-2,23
1761623375.2260506,0,2,26
1761623375.2640507,0,0,33
1761623375.3020508,3,0,34
1761623375.3380508,6,-6,31
1761623375.3760507,7,6,38
1761623375.4140508,7,0,30
1761623375.4520507,1,-2,31
1761623375.4880507,6,-4,27
1761623375.5260508,1,5,28
1761623375.564051,-3,0,30
1761623375.6000507,-10,0,28
1761623375.6370506,0,-6,34
1761623375.6740508,-6,0,35
1761623375.7100508,-4,-5,42
1761623375.7480507,1,-7,40
1761623375.7850506,4,-2,46
1761623375.824051,0,1,27
1761623375.860051,0,3,40
1761623375.8970506,-4,-4,39
1761623375.9350507,-9,0,37
1761623375.9730508,-1,0,25
1761623376.0090508,-7,-6,26
1761623376.0460508,-5,2,36
1761623376.084051,0,0,38
1761623376.120051,-1,2,27
1761623376.1570508,-1,3,25
1761623376.1940508,-6,5,34
1761623376.2330508,-1,-1,39
1761623376.2690508,1,-1,30
1761623376.3070507,3,-2,31
1761623376.3450508,-6,2,30
1761623376.3840508,-1,1,25
1761623376.4200506,-4,-2,36
1761623376.4570508,-7,-2,29
1761623376.495051,-10,-5,21
1761623376.5340507,-7,0,30
1761623376.5700507,-4,-3,35
1761623376.607051,-10,-1,35
1761623376.6450508,-4,-3,22
1761623376.6840508,3,-1,30
1761623376.7200508,-2,-3,29
1761623376.7570508,-4,-2,22
1761623376.7950506,-5,-3,29
1761623376.834051,-4,-6,35
1761623376.870051,-2,-5,17
1761623376.9080508,-1,-4,33
1761623376.9460506,2,-8,27
1761623376.985051,-2,-6,30
1761623377.0230508,3,-5,31
1761623377.0590508,-2,-1,39
1761623377.0960507,-6,1,30
1761623377.1350508,-10,0,36
1761623377.1730506,0,-2,29
1761623377.209051,2,-4,28
1761623377.2460508,-2,0,26
1761623377.2840507,1,-3,23
1761623377.3200507,-3,-4,29
1761623377.357051,0,-2,30
1761623377.3950508,3,7,35
1761623377.4330506,8,-3,35
1761623377.4690506,2,0,41
1761623377.5060508,1,0,37
1761623377.5450506,0,7,36
1761623377.5830507,-4,6,37
1761623377.6190507,-2,2,35
1761623377.6560507,3,-5,31
1761623377.6950507,5,-3,30
1761623377.7310507,4,-3,34
1761623377.768051,0,0,31
1761623377.8050506,1,3,32
1761623377.8410506,-3,-4,30
1761623377.8920507,0,1,23
1761623377.9280508,9,2,26
1761623377.9650507,1,-2,32
1761623378.0040507,-1,4,34
1761623378.0400507,-2,3,24
1761623378.0770507,-6,0,22
1761623378.1150508,-4,-2,27
1761623378.1540508,0,0,32
1761623378.1900508,-1,1,35
1761623378.2270508,0,-5,25
1761623378.2650506,-5,-4,28
1761623378.3040507,1,3,37
1761623378.3400507,1,2,33
1761623378.3770506,5,-5,27
1761623378.4150507,-1,-6,42
1761623378.4540508,-5,-1,37
1761623378.4900508,2,0,44
1761623378.5270507,-1,0,33
1761623378.5650508,-9,-4,29
1761623378.6040506,-1,-2,33
1761623378.6400506,0,-1,31
1761623378.6770508,12,-1,39
1761623378.7160506,8,0,39
1761623378.7540507,0,-1,35
1761623378.7900507,-8,-3,37
1761623378.8270507,3,1,37
1761623378.8650508,-3,-5,31
1761623378.9010508,-4,-4,32
1761623378.939051,-3,-2,29
1761623378.9780507,-2,3,21
1761623379.0160508,4,-1,33
1761623379.0540507,6,2,32
1761623379.0900507,4,-5,37
1761623379.1270506,4,-2,29
1761623379.1650507,-2,-2,39
1761623379.2010508,0,0,32
1761623379.2380507,9,2,42
1761623379.2760508,-1,0,35
1761623379.314051,0,-4,33
1761623379.3500507,4,1,32
1761623379.3870506,-1,0,28
1761623379.4250507,3,0,27
1761623379.4610507,3,-8,31
1761623379.4990506,1,0,32
1761623379.5360508,-5,-1,28
1761623379.5750508,-6,-4,34
1761623379.6120508,-9,1,39
1761623379.6490507,-1,4,41
1761623379.686051,0,1,30
1761623379.7240508,-6,-8,31
1761623379.7600508,2,0,40
1761623379.7970507,5,-3,39
1761623379.8350508,0,-15,36
1761623379.8710508,-2,-12,36
1761623379.9080508,0,0,41
1761623379.9460506,-1,-5,35
1761623379.982051,2,-9,33
1761623380.0200508,8,-7,32
1761623380.0580506,6,-7,39
1761623380.0960507,-4,-6,35
1761623380.1320508,0,1,37
1761623380.1690507,-6,0,31
1761623380.2060506,5,-6,37
1761623380.245051,0,-3,16
1761623380.2810507,4,-5,25
1761623380.3180506,-3,-10,29
1761623380.3560507,0,-11,35
1761623380.3920507,-1,-6,30
1761623380.4290507,-4,-4,33
1761623380.4670508,-7,-3,38
1761623380.5060508,1,1,29
1761623380.5420508,-4,2,29
1761623380.5790508,-6,0,29
1761623380.6160507,-8,-1,34
1761623380.6550508,-2,-5,37
1761623380.6910508,0,-7,36
1761623380.7280507,-1,-5,26
1761623380.7660508,5,-3,31
1761623380.8020508,-1,0,25
1761623380.8400507,-5,-4,33
1761623380.8790507,-5,2,31
1761623380.9170508,-5,0,31
1761623380.9550507,-6,-1,36
1761623380.9910507,-4,-2,28
1761623381.028051,7,-2,34
1761623381.0660508,3,-7,37
1761623381.1020508,1,-7,34
1761623381.1390507,0,-5,32
1761623381.1770508,0,-4,40
1761623381.2150507,-9,-4,31
1761623381.2510507,-5,-4,28
1761623381.288051,0,-4,29
1761623381.3260508,-1,0,29
1761623381.3620508,-3,-2,37
1761623381.4000506,0,2,39
1761623381.4370508,-3,1,39
1761623381.4750507,1,0,28
1761623381.5110507,5,-2,20
1761623381.5480506,0,-6,27
1761623381.5860507,0,-7,22
1761623381.6220508,0,-4,38
1761623381.6590507,-7,0,24
1761623381.6970508,0,4,27
1761623381.735051,-1,3,30
1761623381.7710507,-11,2,26
1761623381.8080506,-3,3,31
1761623381.847051,-5,-2,38
1761623381.8850508,-1,-6,32
1761623381.9210508,7,-3,37
1761623381.959051,0,-6,34
1761623381.9970508,6,-5,31
1761623382.0350506,-6,5,27
1761623382.0710506,-3,3,44
1761623382.1090508,-5,9,31
1761623382.1470506,1,-4,34
1761623382.1830506,7,-8,37
1761623382.2200508,3,-1,39
1761623382.258051,-1,0,31
1761623382.2960508,-5,-6,26
1761623382.3320508,-5,-2,30
1761623382.370051,5,3,28
1761623382.4080508,3,2,29
1761623382.4460506,6,-9,36
1761623382.482051,-4,-7,32
1761623382.5190508,2,-6,22
1761623382.5570507,-2,-9,33
1761623382.5930507,0,-2,45
1761623382.630051,0,8,35
1761623382.6670508,-5,7,23
1761623382.7030506,-1,4,30
1761623382.7410507,8,2,33
1761623382.7790508,5,-6,31
1761623382.8170507,-1,-5,30
1761623382.8560507,7,-1,28
1761623382.8920507,-2,-2,23
1761623382.9290507,-1,-4,29
1761623382.9680507,5,2,20
1761623383.0060508,3,4,36
1761623383.0420508,-6,6,33
1761623383.0800507,-2,0,26
1761623383.1180508,-3,-1,31
1761623383.1560507,1,0,35
1761623383.1920507,-5,-1,36
1761623383.2300508,4,-1,22
1761623383.268051,8,-5,36
1761623383.3060508,4,-2,34
1761623383.3420508,0,0,37
1761623383.3790507,5,2,32
1761623383.4170508,8,-5,26
1761623383.4530506,-1,-8,33
1761623383.4900508,-2,-9,42
1761623383.528051,-3,-14,39
1761623383.5670507,-3,-7,35
1761623383.6030507,-1,0,41
1761623383.6400506,0,2,38
1761623383.6780508,1,2,31
1761623383.7160506,-4,3,36
1761623383.7520506,-1,7,32
1761623383.7900507,0,3,42
1761623383.8280506,4,0,33
1761623383.8660507,5,-4,24
1761623383.9020507,4,-5,33
1761623383.9400508,-1,-1,32
1761623383.9780507,0,2,48
1761623384.0160508,-7,0,37
1761623384.0520508,-3,0,30
1761623384.0900507,2,0,40
1761623384.1280508,0,-3,27
1761623384.166051,-7,-4,26
1761623384.2020507,-2,-3,23
1761623384.2390506,-4,-6,18
1761623384.278051,0,1,21
1761623384.3160508,1,4,29
1761623384.3520508,1,9,35
1761623384.3900506,1,4,39
1761623384.4280508,1,-3,40
1761623384.4640508,8,-2,30
1761623384.5010507,1,-1,17
1761623384.538051,8,8,25
1761623384.574051,0,3,29
1761623384.6110508,0,0,23
1761623384.6480508,-4,2,23
1761623384.6870508,1,0,25
1761623384.7230508,3,-3,37
1761623384.7610507,9,0,33
1761623384.7980506,9,-1,42
1761623384.834051,0,-2,28
1761623384.8710508,1,0,26
1761623384.9090507,-2,-1,32
1761623384.9480507,-7,0,33
1761623384.9840508,0,-8,38
1761623385.0210507,-4,-3,36
1761623385.0590508,-5,-4,37
1761623385.0980508,-3,0,33
1761623385.1340508,2,4,25
1761623385.1710508,4,1,29
1761623385.209051,4,-1,37
1761623385.2470508,1,-3,22
1761623385.2830508,3,0,22
1761623385.3200507,5,-1,21
1761623385.3580508,7,0,26
1761623385.3940508,4,3,37
1761623385.4310508,0,-2,38
1761623385.4690506,2,-4,35
1761623385.5070508,3,-2,25
1761623385.5430508,0,-2,27
1761623385.5800507,-3,1,42
1761623385.6180508,-3,0,39
1761623385.6540508,5,-1,34
1761623385.6910508,5,-2,19
1761623385.7290506,7,-4,33
1761623385.7670507,0,-3,25
1761623385.8030508,-1,-5,33
1761623385.8410506,7,-9,39
1761623385.8790507,7,1,41
1761623385.9170508,-1,0,38
1761623385.9530506,0,-4,27
1761623385.9900508,1,-7,25
1761623386.0290508,-1,0,26
1761623386.0670507,-4,0,33
1761623386.1030507,4,-3,31
1761623386.1410508,3,1,34
1761623386.1790507,2,-1,28
1761623386.2170508,6,-5,33
1761623386.2530508,-6,-7,39
1761623386.2900507,-1,-2,34
1761623386.3290508,0,-4,28
1761623386.3670506,-2,-4,30
1761623386.403051,0,-3,33
1761623386.4400508,1,-5,31
1761623386.4780507,3,2,26
1761623386.5140507,-1,-4,30
1761623386.551051,0,1,21
1761623386.5890508,-13,0,32
1761623386.6250508,-9,0,36
1761623386.6620507,-2,0,39
1761623386.699051,-1,-2,37
1761623386.7380507,6,1,35
1761623386.7740507,9,4,30
1761623386.8120508,0,2,36
1761623386.8490508,-1,1,26
1761623386.8880508,-1,-6,25
1761623386.9240508,6,-7,30
1761623386.962051,8,-4,28
1761623386.9990506,2,-2,29
1761623387.0350506,0,4,37
1761623387.0720508,3,-3,34
1761623387.1090508,2,-4,43
1761623387.1450508,5,0,35
1761623387.1830506,-10,0,31
1761623387.2200508,-9,-1,29
1761623387.2590508,4,-1,25
1761623387.2950506,2,0,33
1761623387.3320508,-1,-1,30
1761623387.370051,0,-6,27
1761623387.4080508,-1,2,43
1761623387.4440508,-2,2,40
1761623387.482051,2,0,35
1761623387.5200508,0,-1,31
1761623387.5580506,0,-6,33
1761623387.5940506,2,-1,35
1761623387.6310508,0,-7,35
1761623387.6690507,-4,-5,37
1761623387.7050507,-2,-9,30
1761623387.7420506,-6,-6,34
1761623387.7800508,-1,1,31
1761623387.8180506,-3,-10,32
1761623387.8540506,0,0,40
1761623387.9000506,6,-2,37
1761623387.9380507,2,-4,32
1761623387.9740508,-2,-5,29
1761623388.0110507,2,-7,34
1761623388.0490508,0,-3,19
1761623388.0850508,0,0,31
1761623388.1220508,2,-5,38
1761623388.1600506,0,-2,38
1761623388.1980507,0,-3,28
1761623388.2340508,-4,-1,26
1761623388.2710507,1,-4,23
1761623388.3090508,-6,-4,27
1761623388.3450508,-3,-6,28
1761623388.3820508,-1,-3,26
1761623388.4200506,-6,-5,33
1761623388.459051,-9,-5,35
1761623388.495051,-1,-4,37
1761623388.5320508,-4,-3,31
1761623388.5710506,8,-3,40
1761623388.6090508,4,-1,28
1761623388.6450508,-1,-1,28
1761623388.6820507,-1,-1,24
1761623388.7200508,-2,-6,26
1761623388.7590508,5,4,33
1761623388.7950506,-5,-3,31
1761623388.8330507,-3,6,28
1761623388.8710508,-6,2,23
1761623388.9090507,-4,0,20
1761623388.9450507,3,-3,36
1761623388.9830508,-1,-5,41
1761623389.0210507,2,0,42
1761623389.0590508,2,0,34
1761623389.0950508,-5,-3,35
1761623389.1320508,-3,2,27
1761623389.1700506,0,1,41
1761623389.2060506,1,0,33
1761623389.2430508,-4,0,24
1761623389.2800508,0,-1,20
1761623389.3160508,2,1,20
1761623389.3530507,2,-1,29
1761623389.3900506,-1,-5,29
1761623389.4290507,3,-4,31
1761623389.4650507,1,1,25
1761623389.5030508,2,0,25
1761623389.541051,6,6,33
1761623389.5790508,1,7,28
1761623389.6150508,-2,-1,32
1761623389.6520507,4,-3,30
1761623389.6900508,-3,-3,23
1761623389.7270508,0,-3,21
1761623389.7640507,8,-1,25
1761623389.801051,6,-4,32
1761623389.8390508,6,-1,41
1761623389.8750508,1,1,38
1761623389.9120507,-4,0,29
1761623389.9500508,0,-3,36
1761623389.9860508,4,1,36
1761623390.0230508,1,-4,30
1761623390.061051,0,1,26
1761623390.0990508,8,0,32
1761623390.1350508,2,-1,32
1761623390.1720507,4,3,26
1761623390.2100508,7,2,40
1761623390.2460508,0,0,32
1761623390.2830508,-7,0,24
1761623390.3210506,1,0,28
1761623390.3590508,-4,0,14
1761623390.3950508,4,-2,17
1761623390.4320507,3,2,33
1761623390.4710507,0,0,31
1761623390.5090508,-2,-1,27
1761623390.5450506,-1,0,37
1761623390.5820508,-5,1,41
1761623390.620051,-4,-2,21
1761623390.6560507,-2,-3,22
1761623390.6930506,2,-1,17
1761623390.7310507,-2,0,25
1761623390.7670507,0,-3,23
1761623390.8040507,5,7,31
1761623390.8410506,-2,2,37
1761623390.8770506,3,-1,26
1761623390.9140508,3,-1,33
1761623390.9520507,2,-3,31
1761623390.9900508,-2,-6,45
1761623391.0260508,-3,-1,30
1761623391.0630507,7,-9,32
1761623391.1010506,8,-8,29
1761623391.1400506,5,-3,34
1761623391.176051,-3,-1,33
1761623391.2130508,-5,-1,35
1761623391.2520506,-5,3,31
1761623391.2900507,-1,3,32
1761623391.3260508,0,0,24
1761623391.3630507,5,-10,21
1761623391.4010508,4,-9,27
1761623391.4370508,-7,-7,24
1761623391.4750507,-2,-5,38
1761623391.5130508,1,-5,39
1761623391.551051,0,-4,32
1761623391.587051,-5,-4,28
1761623391.6250508,-1,-1,19
1761623391.663051,-6,-4,27
1761623391.7020507,-1,-5,27
1761623391.7400508,-4,2,30
1761623391.7760508,-4,1,35
1761623391.8130507,-10,3,18
1761623391.8510506,-2,-3,25
1761623391.8870506,7,-2,21
1761623391.9250507,5,-2,26
1761623391.962051,0,-5,27
1761623392.0000508,-3,-2,30
1761623392.0360508,-1,-6,32
1761623392.0730507,1,-6,40
1761623392.1120508,-1,-3,35
1761623392.1500506,0,-2,30
1761623392.186051,1,-1,39
1761623392.2230508,0,-2,38
1761623392.2610507,-2,1,38
1761623392.2970507,-1,1,32
1761623392.3350508,0,4,38
1761623392.3730507,0,-1,41
1761623392.4100506,-2,-5,39
1761623392.4460506,1,4,37
1761623392.4830508,0,0,41
1761623392.5210507,-5,-3,31
1761623392.5570507,-6,-3,35
1761623392.5940506,-9,-8,35
1761623392.6320508,0,-5,29
1761623392.6710508,1,-3,29
1761623392.7070508,0,0,25
1761623392.745051,0,-6,32
1761623392.7820508,-1,0,39
1761623392.8210506,4,0,33
1761623392.857051,5,-3,45
1761623392.8940508,3,2,44
1761623392.9320507,1,-2,38
1761623392.9680507,0,0,30
1761623393.005051,-8,5,22
1761623393.0420508,-2,0,28
1761623393.0780506,0,-4,33
1761623393.1160507,-3,-5,48
1761623393.1540508,-3,1,27
1761623393.1920507,0,-5,32
1761623393.2310507,8,-1,35
1761623393.2670507,1,-3,31
1761623393.3050506,0,3,40
1761623393.3420508,3,-2,42
1761623393.3780508,-1,-6,33
1761623393.416051,-2,-2,31
1761623393.4540508,1,-3,38
1761623393.4920506,-2,-6,37
1761623393.528051,0,0,34
1761623393.5660508,3,0,15
1761623393.6040506,2,0,39
1761623393.6420507,0,-8,41
1761623393.6780508,4,0,35
1761623393.7160506,-8,6,32
1761623393.7530508,3,-1,33
1761623393.7920508,-2,0,34
1761623393.8280506,0,-4,31
1761623393.8660507,0,0,29
1761623393.9040508,0,0,27
1761623393.9420507,4,0,31
1761623393.9780507,6,3,26
1761623394.0160508,0,1,30
1761623394.0530508,5,-1,32
1761623394.0910506,2,4,23
1761623394.1270506,-2,2,28
1761623394.1650507,1,-5,37
1761623394.2030506,-4,-3,34
1761623394.2410507,4,2,20
1761623394.2770507,0,-3,27
1761623394.3150508,-2,-1,27
1761623394.3530507,-8,1,30
1761623394.3920507,0,0,40
1761623394.4280508,3,-2,26
1761623394.4650507,-4,-2,24
1761623394.5040507,0,0,40
1761623394.5420508,4,0,40
1761623394.5780506,3,1,32
1761623394.6150508,0,0,24
1761623394.653051,-2,-4,32
1761623394.6910508,-2,-3,29
1761623394.7270508,5,4,25
1761623394.7650506,-2,-1,33
1761623394.8030508,0,-2,33
1761623394.8410506,-10,0,35
1761623394.8770506,0,4,41
1761623394.9150507,-1,-2,42
1761623394.9530506,0,0,31
1761623394.9910507,1,0,35
1761623395.0270507,0,3,42
1761623395.0650508,3,-3,30
1761623395.1030507,6,5,33
1761623395.1390507,1,0,34
1761623395.176051,-2,-3,30
1761623395.2140508,1,0,30
1761623395.2520506,2,2,33
1761623395.288051,5,-3,42
1761623395.3250508,7,0,37
1761623395.3630507,-1,-1,28
1761623395.3990507,-3,-4,32
1761623395.436051,-4,2,36
1761623395.4730508,1,0,32
1761623395.5090508,4,-4,36
1761623395.5460508,7,-2,20
1761623395.584051,-9,0,28
1761623395.6220508,-1,0,35
1761623395.6580508,1,0,34
1761623395.6950507,1,-1,28
1761623395.7330508,0,1,48
1761623395.7690508,-1,0,35
1761623395.8060508,7,1,38
1761623395.8430507,5,1,46
1761623395.8790507,1,-6,33
1761623395.916051,0,2,25
1761623395.9540508,4,-6,38
1761623395.9920506,2,1,35
1761623396.028051,2,-4,33
1761623396.0660508,1,-6,40
1761623396.1040506,3,0,41
1761623396.1420507,1,1,28
1761623396.1780508,-4,-3,40
1761623396.2160506,-5,-4,34
1761623396.255051,-3,-2,21
1761623396.2930508,6,-7,26
1761623396.3290508,-1,-5,27
1761623396.3660507,-2,-9,37
1761623396.4040508,-2,-10,27
1761623396.4430506,-3,-1,36
1761623396.4790506,1,4,30
1761623396.5160508,0,0,31
1761623396.5540507,-3,0,35
1761623396.5920508,-3,2,35
1761623396.6280508,-4,6,30
1761623396.666051,0,8,29
1761623396.7040508,-11,1,26
1761623396.7420506,-7,2,28
1761623396.778051,-3,0,22
1761623396.8160508,1,-1,29
1761623396.8540506,1,-2,23
1761623396.8920507,5,-9,34
1761623396.9280508,0,-7,27
1761623396.9660506,4,-5,39
1761623397.0040507,2,1,42
1761623397.0420508,2,7,32
1761623397.0780506,-3,2,34
1761623397.1160507,-2,2,31
1761623397.1540508,3,1,34
1761623397.1920507,-2,-5,24
1761623397.2280507,-1,-3,39
1761623397.2660508,-3,-3,37
1761623397.3040507,-6,-3,23
1761623397.3430507,0,-3,32
1761623397.3790507,6,-2,31
1761623397.416051,0,-5,41
1761623397.4540508,-2,-1,32
1761623397.4930508,4,0,23
1761623397.5290508,7,0,28
1761623397.5660508,5,-2,25
1761623397.6040506,6,-2,30
1761623397.6400506,0,1,27
1761623397.6770508,4,0,25
1761623397.7140508,-5,-1,26
1761623397.7530508,-10,1,37
1761623397.7890508,1,1,39
1761623397.8260508,-2,5,25
1761623397.8640506,5,1,24
1761623397.9080508,6,-5,28
1761623397.9460506,3,0,35
1761623397.9840508,0,1,30
1761623398.0200508,-2,1,36
1761623398.0580506,5,2,36
1761623398.0950508,1,-1,36
1761623398.1340508,-8,-5,36
1761623398.1700506,-4,-4,30
1761623398.2080507,0,0,25
1761623398.245051,-4,0,43
1761623398.2830508,2,-1,40
1761623398.3190508,4,1,25
1761623398.3560507,-3,-3,36
1761623398.3950508,-2,0,33
1761623398.4330506,1,0,35
1761623398.4690506,-3,0,31
1761623398.5060508,0,0,36
1761623398.5440507,2,-2,26
1761623398.5800507,0,-7,32
1761623398.6170506,-2,1,27
1761623398.6550508,-3,0,41
1761623398.6930506,-3,3,43
1761623398.7290506,0,1,40
1761623398.7670507,-3,-6,36
1761623398.8050506,6,0,31
1761623398.8430507,-1,-3,27
1761623398.8790507,-4,-1,24
1761623398.9170508,0,5,26
1761623398.9550507,0,1,31
1761623398.9930508,-9,0,34
1761623399.0290508,-1,-2,36
1761623399.0670507,-6,-2,34
1761623399.1050508,0,2,30
1761623399.1440508,1,0,34
1761623399.1800506,1,-4,37
1761623399.2170508,-7,-9,41
1761623399.255051,4,-4,36
1761623399.2930508,9,1,26
1761623399.3290508,3,2,33
1761623399.3660507,-4,-6,39
1761623399.4050508,-1,-3,35
1761623399.4410508,-4,-7,35
1761623399.4780507,5,-7,29
1761623399.5160508,0,-6,27
1761623399.5540507,0,0,40
1761623399.5900507,-2,0,27
1761623399.6270506,3,0,28
1761623399.6650507,3,-1,29
1761623399.7010508,6,-3,24
1761623399.7380507,3,0,31
1761623399.7750506,-2,2,30
1761623399.811051,-6,-1,25
1761623399.8490508,-7,3,32
1761623399.8860507,-3,8,27
1761623399.9240508,0,3,33
1761623399.9600508,-9,-2,40
1761623399.9970508,3,-1,27
1761623400.0350506,3,-1,36
1761623400.074051,4,-2,34
1761623400.110051,4,1,41
1761623400.1470506,-5,-2,28
1761623400.186051,-1,-1,30
1761623400.2240508,-6,0,34
1761623400.2600508,-1,-1,26
1761623400.2970507,1,2,23
1761623400.3350508,2,6,23
1761623400.3710508,1,5,29
1761623400.4090507,2,-1,37
1761623400.4460506,13,-7,26
1761623400.4840508,5,-4,24
1761623400.5200508,3,3,25
1761623400.5570507,2,0,32
1761623400.5950508,1,1,28
1761623400.6310508,0,6,31
1761623400.6680508,-2,4,37
1761623400.7060506,0,-2,40
1761623400.7440507,1,3,35
1761623400.7800508,-2,6,25
1761623400.8180506,0,0,46
1761623400.8560507,4,4,41
1761623400.8940508,-6,6,43
1761623400.9300506,-2,-1,37
1761623400.9680507,-6,-5,36
1761623401.0060508,3,-3,24
1761623401.0450506,3,-4,39
1761623401.0810506,2,-6,24
1761623401.1190507,2,-2,39
1761623401.1570508,-5,0,35
1761623401.1960506,-3,0,25
1761623401.2340508,0,1,31
1761623401.2700508,-1,0,31
1761623401.3070507,5,0,23
1761623401.3450508,-2,1,34
1761623401.3810508,3,0,31
1761623401.4180508,0,0,30
1761623401.4560506,2,3,32
1761623401.4920506,0,1,33
1761623401.5290508,0,5,32
1761623401.5660508,-1,6,37
1761623401.6050508,-1,-1,32
1761623401.6410508,2,-5,34
1761623401.6780508,-3,1,28
1761623401.7160506,6,-3,40
1761623401.7520506,4,-6,45
1761623401.791051,5,-5,37
1761623401.8280506,0,-2,39
1761623401.8660507,1,-3,31
1761623401.9020507,0,-7,24
1761623401.9400508,-1,-5,34
1761623401.9780507,5,-2,29
1761623402.0160508,1,-5,37
1761623402.0520508,-2,5,35
1761623402.0900507,-3,-1,37
1761623402.1280508,-2,3,35
1761623402.1670508,-9,0,34
1761623402.2050507,5,0,32
1761623402.2410507,1,-8,33
1761623402.278051,3,0,30
1761623402.3160508,11,-5,42
1761623402.3520508,-1,-5,29
1761623402.3910508,-8,0,21
1761623402.4280508,-8,0,18
1761623402.4660506,0,7,39
1761623402.5020506,0,1,42
1761623402.5390508,4,-1,36
1761623402.5770507,3,-5,34
1761623402.6150508,-2,2,38
1761623402.6510508,5,2,44
1761623402.6880507,7,-4,32
1761623402.7260506,8,0,35
1761623402.7620506,0,0,31
1761623402.7990508,0,-1,38
1761623402.837051,0,0,37
1761623402.8750508,-1,-5,32
1761623402.9110508,3,-7,24
1761623402.9480507,0,-7,31
1761623402.9870508,-3,-1,22
1761623403.0250506,-3,-3,21
1761623403.061051,-12,1,28
1761623403.0980508,-3,4,27
1761623403.1370506,4,0,14
1761623403.1750507,7,1,29
1761623403.2110507,4,0,22
1761623403.2480507,-3,0,30
1761623403.2870507,0,0,27
1761623403.3250508,0,2,32
1761623403.3610508,0,1,30
1761623403.3980508,-9,4,36
1761623403.4370508,-2,-2,33
1761623403.4750507,0,0,37
1761623403.5110507,0,0,35
1761623403.5480506,9,-11,23
1761623403.5860507,0,-9,43
1761623403.6220508,0,-2,34
1761623403.6590507,-5,-1,32
1761623403.6970508,2,3,37
1761623403.7330508,-1,0,41
1761623403.7700508,-5,6,30
1761623403.8090508,-4,0,20
1761623403.847051,-5,-3,26
1761623403.883051,-4,1,24
1761623403.9200506,-7,-1,33
1761623403.9580507,-1,-2,30
1761623403.9970508,-1,0,29
1761623404.0330508,-5,-3,37
1761623404.0700507,-2,-5,33
1761623404.1080508,4,-5,38
1761623404.1460507,3,0,28
1761623404.1820507,2,-7,27
1761623404.2200508,1,0,35
1761623404.2570508,-5,-3,30
1761623404.2960508,1,0,41
1761623404.3320508,0,-1,33
1761623404.370051,6,-4,37
1761623404.4070508,3,-4,23
1761623404.4460506,-2,-3,28
1761623404.482051,-7,4,37
1761623404.5200508,0,-1,33
1761623404.5570507,-5,2,33
1761623404.5960507,-1,-1,26
1761623404.6320508,-1,-2,34
1761623404.6690507,-5,6,31
1761623404.7080507,-2,-2,34
1761623404.7460508,1,-2,32
1761623404.7820508,0,3,30
1761623404.8190508,-6,0,12
1761623404.857051,1,-2,27
1761623404.893051,-2,-4,33
1761623404.9300506,1,-3,24
1761623404.9680507,-3,0,27
1761623405.0060508,3,-4,33
1761623405.0420508,1,-4,45
1761623405.0790508,-3,1,38
1761623405.1180508,-11,1,31
1761623405.1560507,-2,-2,27
1761623405.1920507,1,0,34
1761623405.2290506,4,3,33
1761623405.2670507,-1,-5,25
1761623405.3030508,2,-3,17
1761623405.3400507,-1,-4,25
1761623405.3780508,-5,-7,30
1761623405.4170508,-1,-5,34
1761623405.4530506,1,4,39
1761623405.4900508,1,10,36
1761623405.528051,5,2,24
1761623405.5660508,2,-2,39
1761623405.6020508,2,1,36
1761623405.6390507,4,-2,32
1761623405.6770508,-5,1,39
1761623405.7130508,-1,-2,39
1761623405.7500508,-4,-1,41
1761623405.788051,-2,-1,38
1761623405.8270507,0,-4,29
1761623405.8630507,-5,-7,26
1761623405.9010508,0,-5,33
1761623405.939051,-1,1,29
1761623405.9770508,-4,10,29
1761623406.0130508,-6,0,38
1761623406.0500507,5,-1,36
1761623406.0880508,3,-5,32
1761623406.1240506,-1,-7,31
1761623406.1610508,2,0,30
1761623406.1980507,-3,0,29
1761623406.2340508,-5,0,25
1761623406.2710507,-1,5,36
1761623406.3090508,-1,1,33
1761623406.3480508,-4,-2,35
1761623406.3840508,-3,-7,39
1761623406.4230506,-4,-3,37
1761623406.4600508,-4,-12,37
1761623406.4980507,0,-4,32
1761623406.5340507,-1,-7,29
1761623406.5710506,-3,-2,39
1761623406.6090508,0,-2,33
1761623406.6470506,-2,-5,34
1761623406.6830506,-1,1,33
1761623406.7200508,-3,4,23
1761623406.7590508,0,7,20
1761623406.7970507,4,0,32
1761623406.8330507,4,-4,30
1761623406.870051,0,0,45
1761623406.9080508,-11,-4,34
1761623406.9440508,-9,0,32
1761623406.9810507,1,-3,31
1761623407.0190508,0,0,30
1761623407.0570507,2,2,27
1761623407.0930507,0,3,33
1761623407.1310508,0,-5,32
1761623407.1690507,-2,0,23
1761623407.2070508,0,4,32
1761623407.2430508,4,-2,15
1761623407.2800508,4,-1,24
1761623407.3190508,-2,2,25
1761623407.357051,0,-5,30
1761623407.393051,2,-6,24
1761623407.4310508,-9,-2,27
1761623407.4700508,-11,0,28
1761623407.508051,-5,-1,37
1761623407.5440507,-5,-2,37
1761623407.5810506,1,-6,27
1761623407.6190507,-2,-7,36
1761623407.6570508,-7,0,36
1761623407.6930506,-5,0,32
1761623407.7310507,-3,-4,26
1761623407.7690508,-8,0,34
1761623407.8080506,-4,2,35
1761623407.8440506,-2,4,28
1761623407.8810508,0,-2,24
1761623407.9280508,1,-8,20
1761623407.9640508,-3,1,25
1761623408.0020506,2,1,43
1761623408.0390508,3,-9,33
1761623408.0750508,0,1,38
1761623408.1120508,6,4,41
1761623408.1490507,7,1,34
1761623408.1850507,3,0,30
1761623408.222051,-1,-10,31
1761623408.2610507,2,-2,36
1761623408.2990508,-4,-2,36
1761623408.3350508,-1,-3,32
1761623408.3720508,-6,1,36
1761623408.4100506,-1,-2,38
1761623408.449051,7,-12,37
1761623408.485051,5,-1,46
1761623408.5220506,-7,2,28
1761623408.5590508,-3,-8,29
1761623408.5980508,1,0,36
1761623408.6340508,1,2,31
1761623408.6710508,3,0,35
1761623408.709051,-1,0,35
1761623408.745051,1,-1,33
1761623408.7820508,-2,0,46
1761623408.8190508,1,-3,36
1761623408.8550508,4,-4,25
1761623408.8920507,-3,-6,37
1761623408.9300506,3,3,26
1761623408.9680507,2,-7,37
1761623409.0040507,3,1,28
1761623409.041051,3,-1,31
1761623409.0790508,1,-3,16
1761623409.1150508,6,0,24
1761623409.1520507,0,0,29
1761623409.1900508,-4,3,33
1761623409.2280507,-17,3,32
1761623409.2640507,-9,0,30
1761623409.301051,-7,-2,30
1761623409.3400507,1,4,39
1761623409.3790507,1,-6,28
1761623409.4150507,-1,-6,35
1761623409.4520507,0,-4,33
1761623409.4900508,1,-5,38
1761623409.528051,1,-2,26
1761623409.564051,0,3,28
1761623409.6010506,-2,5,26
1761623409.6390507,7,7,28
1761623409.6750507,3,-3,31
1761623409.712051,5,0,27
1761623409.7500508,1,7,22
1761623409.788051,3,-2,28
1761623409.824051,3,-3,28
1761623409.8610508,-5,-8,28
1761623409.9000506,-3,-8,34
1761623409.9380507,4,-7,29
1761623409.9740508,1,-3,25
1761623410.0110507,1,-1,45
1761623410.0500507,4,-3,33
1761623410.0880508,3,1,29
1761623410.1240506,-1,-5,31
1761623410.1620507,4,-5,26
1761623410.2000508,7,0,21
1761623410.2360508,0,0,27
1761623410.2730508,-2,0,34
1761623410.3120508,-1,-6,38
1761623410.3500507,-5,2,32
1761623410.3860507,-3,-2,38
1761623410.4230506,-8,0,37
1761623410.4600508,-3,6,31
1761623410.4990506,0,5,30
1761623410.5350506,1,-1,25
1761623410.5730507,-5,-4,36
1761623410.6110508,-10,0,44
1761623410.6490507,-2,-3,31
1761623410.6850507,2,-2,23
1761623410.722051,-5,-4,28
1761623410.7600508,3,-1,34
1761623410.7990508,-4,1,24
1761623410.8350508,-6,3,28
1761623410.8720508,-1,0,26
1761623410.9100506,3,1,29
1761623410.9460506,-1,2,31
1761623410.9830508,0,5,37
1761623411.0210507,0,-5,30
1761623411.0590508,4,-8,37
1761623411.0950508,-6,-4,44
1761623411.133051,-5,-1,38
1761623411.1710508,-3,-3,37
1761623411.2100508,-6,-6,18
1761623411.2460508,-6,-2,26
1761623411.2830508,-11,-6,31
1761623411.3210506,-3,-1,43
1761623411.360051,1,0,36
1761623411.3960507,-5,2,31
1761623411.4330506,2,1,21
1761623411.4710507,0,-7,25
1761623411.5090508,-1,-3,24
1761623411.5450506,-3,-2,29
1761623411.5830507,1,-6,29
1761623411.6210508,-5,-4,41
1761623411.6590507,-1,1,35
1761623411.6950507,-2,0,38
1761623411.7330508,-1,4,29
1761623411.7710507,3,2,29
1761623411.8090508,2,1,33
1761623411.8450508,4,1,30
1761623411.8820508,6,-5,27
1761623411.9200506,1,0,31
1761623411.9560506,2,-3,30
1761623411.9930508,5,0,35
1761623412.0310507,4,-2,33
1761623412.0690508,1,-4,38
1761623412.1050508,-8,-1,42
1761623412.1420507,-3,0,34
1761623412.1810508,1,-7,26
1761623412.2190506,-1,-2,38
1761623412.255051,-5,-5,41
1761623412.2920508,0,-3,33
1761623412.3300507,1,-3,31
1761623412.3660507,1,0,33
1761623412.4040508,0,7,23
1761623412.4410508,2,-4,29
1761623412.4770508,7,-3,31
1761623412.5140507,-8,-2,32
1761623412.5520508,0,-5,27
1761623412.5910506,-1,-2,28
1761623412.6270506,5,-2,19
1761623412.6640508,8,-5,20
1761623412.7020507,9,-2,32
1761623412.7400508,11,-4,28
1761623412.7760508,7,-1,30
1761623412.8130507,1,2,38
1761623412.8510506,1,5,41
1761623412.8870506,-7,-2,28
1761623412.9240508,-16,-1,36
1761623412.962051,-7,-6,43
1761623413.0010507,-3,-9,42
1761623413.0370507,2,-1,31
1761623413.074051,3,4,29
1761623413.1110508,4,5,26
1761623413.1500506,2,0,20
1761623413.186051,3,0,28
1761623413.2230508,0,0,25
1761623413.2610507,2,-5,29
1761623413.2970507,7,-3,27
1761623413.334051,-1,-3,29
1761623413.3720508,2,-2,30
1761623413.4110508,-5,3,28
1761623413.4470508,-6,0,27
1761623413.4840508,-1,1,33
1761623413.5220506,-1,3,22
1761623413.5600507,1,1,27
1761623413.5960507,0,1,30
1761623413.6340508,-1,0,20
1761623413.6720507,0,-3,37
1761623413.7100508,1,-5,38
1761623413.7460508,-3,0,34
1761623413.7840507,0,0,32
1761623413.8220508,0,3,34
1761623413.860051,-6,-7,34
1761623413.8960507,-5,-2,29
1761623413.9340508,-7,-2,30
1761623413.9730508,-6,2,28
1761623414.0110507,0,0,37
1761623414.0470507,4,0,32
1761623414.084051,0,0,27
1761623414.1220508,3,0,37
1761623414.1600506,-1,-7,27
1761623414.1960506,3,-7,26
1761623414.2330508,-1,-4,29
1761623414.2720506,0,1,30
1761623414.3100507,1,2,35
1761623414.3460507,5,2,24
1761623414.383051,0,1,35
1761623414.4210508,4,1,24
1761623414.4570508,1,-4,33
1761623414.4940507,0,-6,24
1761623414.5320508,-3,0,22
1761623414.5680506,3,-7,30
1761623414.6050508,5,-6,27
1761623414.6420507,-3,-3,35
1761623414.6810508,1,-2,42
1761623414.7170508,0,-2,36
1761623414.7540507,6,0,32
1761623414.7920508,0,2,36
1761623414.8280506,-5,1,36
1761623414.8660507,-7,2,29
1761623414.9050508,-10,2,29
1761623414.9420507,-2,9,24
1761623414.9780507,0,7,24
1761623415.0150506,4,-1,28
1761623415.0530508,11,-3,35
1761623415.0910506,2,2,34
1761623415.1270506,-1,0,24
1761623415.1640508,-4,-3,22
1761623415.2020507,2,-2,27
1761623415.2380507,1,-2,28
1761623415.2750506,-6,0,26
1761623415.3120508,-4,-2,30
1761623415.3510506,-8,-5,33
1761623415.3870506,-4,-3,30
1761623415.4240508,4,0,28
1761623415.462051,-2,3,45
1761623415.4980507,-1,4,38
1761623415.5350506,-1,4,25
1761623415.5730507,-2,-3,30
1761623415.6110508,-10,0,36
1761623415.6470506,-3,-2,47
1761623415.6850507,-1,-1,38
1761623415.7230508,1,0,29
1761623415.7610507,1,0,35
1761623415.7970507,6,1,20
1761623415.8350508,1,0,29
1761623415.8730507,3,0,34
1761623415.9110508,-4,-3,36
1761623415.9470508,1,5,40
1761623415.9840508,0,2,31
1761623416.0220506,-2,0,35
1761623416.0580506,1,2,43
1761623416.0950508,-3,-6,44
1761623416.133051,-4,-4,40
1761623416.1720507,-10,-1,32
1761623416.2080507,-3,0,39
1761623416.245051,-5,-1,35
1761623416.2830508,1,-7,30
1761623416.3210506,-2,-6,24
1761623416.357051,-2,-1,32
1761623416.3950508,6,-4,35
1761623416.4330506,6,-2,27
1761623416.4710507,4,0,41
1761623416.5070508,1,4,41
1761623416.5440507,3,-5,41
1761623416.5820508,0,-3,34
1761623416.6180508,-4,3,40
1761623416.6550508,-1,0,35
1761623416.6940508,0,4,45
1761623416.732051,7,0,37
1761623416.768051,1,-1,38
1761623416.8050506,-2,-3,40
1761623416.8430507,-1,4,40
1761623416.8820508,2,3,37
1761623416.9180508,-1,0,31
1761623416.9550507,0,6,20
1761623416.9930508,2,0,27
1761623417.0290508,0,-1,36
1761623417.0660508,2,-5,15
1761623417.1030507,2,-4,29
1761623417.1390507,9,-5,38
1761623417.176051,-1,-6,44
1761623417.2140508,-1,-3,43
1761623417.2530508,-4,-3,37
1761623417.2890508,-10,-1,40
1761623417.3260508,-2,-3,27
1761623417.3640506,-3,-10,27
1761623417.403051,-4,-4,38
1761623417.439051,-1,-2,36
1761623417.4780507,-1,1,27
1761623417.5150506,0,0,33
1761623417.5530508,0,-4,32
1761623417.5890508,1,-1,28
1761623417.6260507,2,8,38
1761623417.6640508,2,-2,42
1761623417.7020507,-3,-7,33
1761623417.7380507,-1,-10,32
1761623417.7750506,8,-8,32
1761623417.814051,-1,-2,28
1761623417.8520508,0,-5,32
1761623417.8880508,1,1,28
1761623417.9340508,-8,0,31
1761623417.972051,0,4,38
1761623418.008051,-5,-3,34
1761623418.0460508,-2,0,39
1761623418.084051,8,2,35
1761623418.1220508,3,3,29
1761623418.1580508,1,-7,29
1761623418.1950507,0,1,31
1761623418.2330508,-1,-2,27
1761623418.2690508,0,0,26
1761623418.3060508,1,0,24
1761623418.3440506,-6,0,36
1761623418.3820508,-3,-3,35
1761623418.4180508,0,0,36
1761623418.4550507,6,1,33
1761623418.4940507,3,3,28
1761623418.5320508,-5,2,28
1761623418.5680506,-3,0,26
1761623418.6050508,0,7,26
1761623418.643051,0,1,29
1761623418.6790507,0,-3,33
1761623418.7160506,-6,-6,47
1761623418.7540507,-5,-4,23
1761623418.7930508,-9,-3,31
1761623418.8290508,3,3,34
1761623418.8660507,-1,0,36
1761623418.9040508,-6,3,34
1761623418.9400508,-6,0,45
1761623418.9770508,-7,1,44
1761623419.0160508,-7,0,39
1761623419.0540507,5,0,41
1761623419.0900507,1,0,30
1761623419.1270506,3,3,29
1761623419.1640508,0,-6,24
1761623419.2000508,1,0,37
1761623419.2370508,7,-12,36
1761623419.2750506,0,-6,35
1761623419.3130507,-1,-2,45
1761623419.3490508,1,1,32
1761623419.3860507,6,-4,30
1761623419.4240508,9,-5,28
1761623419.4600508,-2,-3,25
1761623419.4980507,3,-6,28
1761623419.5360508,-6,-8,33
1761623419.574051,-1,-1,40
1761623419.6130507,-3,-6,34
1761623419.6490507,-4,-3,36
1761623419.686051,-1,-1,27
1761623419.7250507,0,1,19
1761623419.7630508,0,-1,16
1761623419.7990508,6,-3,25
1761623419.837051,-3,-2,29
1761623419.8750508,0,-1,32
1761623419.913051,2,0,35
1761623419.949051,17,4,40
1761623419.9860508,9,3,30
1761623420.0240507,6,7,38
1761623420.0600507,5,6,25
1761623420.097051,0,8,20
1761623420.1350508,-4,4,25
1761623420.1740508,-2,4,26
1761623420.2100508,1,2,32
1761623420.2470508,5,-2,42
1761623420.2850506,0,-3,28
1761623420.3230507,-1,-1,18
1761623420.3590508,0,0,35
1761623420.3960507,1,-2,29
1761623420.4340508,2,-1,37
1761623420.4700508,-2,-3,36
1761623420.5070508,-1,-2,44
1761623420.5460508,1,-4,26
1761623420.584051,0,-3,31
1761623420.620051,1,-2,28
1761623420.6570508,-4,4,31
1761623420.6960506,-6,0,31
1761623420.7340508,-6,-2,25
1761623420.7700508,-9,-2,30
1761623420.8070507,-1,-6,32
1761623420.8460507,-5,-2,25
1761623420.8840508,-3,-2,38
1761623420.9200506,-4,-5,30
1761623420.9570508,-6,-2,18
1761623420.995051,0,0,20
1761623421.0310507,0,-8,31
1761623421.0690508,-3,-5,33
1761623421.107051,-6,7,27
1761623421.1450508,1,-4,33
1761623421.1840508,-2,-1,27
1761623421.2200508,-3,-4,40
1761623421.2570508,-6,-2,29
1761623421.2950506,2,0,39
1761623421.334051,-5,-1,32
1761623421.370051,0,-2,38
1761623421.4070508,-4,-6,37
1761623421.4450507,-6,-3,35
1761623421.4840508,1,1,31
1761623421.5200508,1,-3,40
1761623421.5570507,0,-7,33
1761623421.5950508,1,-4,30
1761623421.6310508,5,2,34
1761623421.6690507,-1,4,26
1761623421.7060506,-1,0,30
1761623421.7440507,-1,0,35
1761623421.7800508,6,4,40
1761623421.8170507,-1,7,39
1761623421.8550508,-4,4,33
1761623421.8910508,-1,0,31
1761623421.9280508,-1,-4,26
1761623421.9660506,6,0,24
1761623422.0040507,3,-3,29
1761623422.0400507,0,-9,29
1761623422.0780506,-1,-3,36
1761623422.1160507,6,-4,30
1761623422.1540508,3,-2,39
1761623422.1900508,3,2,29
1761623422.2270508,0,0,31
1761623422.2650506,5,0,38
1761623422.301051,10,-1,44
1761623422.3380508,1,2,55
1761623422.3760507,-5,0,42
1761623422.4140508,1,-1,24
1761623422.4500508,-3,1,21
1761623422.4880507,0,-1,18
1761623422.5260508,-1,0,26
1761623422.564051,7,-1,32
1761623422.6000507,-2,-6,39
1761623422.6380508,3,2,30
1761623422.676051,0,0,31
1761623422.7140508,-3,-5,38
1761623422.7500508,-5,-1,37
1761623422.788051,-4,2,33
1761623422.8260508,4,2,31
1761623422.8640506,-5,4,38
1761623422.9000506,-5,2,34
1761623422.9370508,-1,-4,29
1761623422.9760506,0,0,34
1761623423.0140507,7,-4,28
1761623423.051051,8,0,22
1761623423.0880508,-1,-2,22
1761623423.1270506,-4,2,31
1761623423.1650507,-4,2,35
1761623423.2010508,0,0,40
1761623423.2380507,0,1,27
1761623423.2760508,1,-6,36
1761623423.3120508,3,-6,28
1761623423.3490508,0,-3,32
1761623423.3870506,0,-3,35
1761623423.4250507,-2,-5,29
1761623423.4610507,5,0,25
1761623423.4980507,-5,1,28
1761623423.5360508,0,-7,27
1761623423.5720508,-6,-10,33
1761623423.6090508,3,-7,39
1761623423.6460507,2,-6,35
1761623423.6820507,2,0,38
1761623423.7200508,2,6,28
1761623423.7570508,-2,1,20
1761623423.7960508,0,-2,31
1761623423.8320508,-3,1,26
1761623423.8690507,-1,1,29
1761623423.9060507,-1,-3,23
1761623423.9450507,-2,-3,39
1761623423.9810507,-4,-2,33
1761623424.018051,-1,0,38
1761623424.0560508,0,1,37
1761623424.0920508,0,0,45
1761623424.1290507,2,-3,33
1761623424.1680508,3,-7,27
1761623424.2060506,4,-4,38
1761623424.2420506,7,-6,33
1761623424.2790508,0,-3,29
1761623424.3170507,1,-8,33
1761623424.3550508,-1,-3,37
1761623424.3910508,3,-1,38
1761623424.4280508,2,-1,29
1761623424.4660506,0,0,26
1761623424.5020506,2,-3,31
1761623424.5390508,1,-6,27
1761623424.5770507,0,3,32
1761623424.6150508,1,-1,30
1761623424.6510508,3,-6,24
1761623424.6880507,2,0,33
1761623424.7260506,6,0,32
1761623424.7620506,0,0,32
1761623424.7990508,0,-2,28
1761623424.837051,8,0,25
1761623424.8750508,9,2,23
1761623424.9110508,9,1,22
1761623424.9480507,-1,-1,35
1761623424.9870508,3,1,30
1761623425.0250506,-4,-6,33
1761623425.061051,-9,3,27
1761623425.0980508,0,0,38
1761623425.1360507,1,2,33
1761623425.1720507,-3,2,30
1761623425.209051,2,-3,24
1761623425.2480507,-4,-3,37
1761623425.2860508,2,-1,40
1761623425.3220508,1,0,20
1761623425.3590508,-4,0,41
1761623425.3970506,2,0,21
1761623425.4330506,0,5,23
1761623425.4700508,-2,-1,32
1761623425.508051,-6,-1,42
1761623425.5470507,-2,0,37
1761623425.5830507,1,-2,40
1761623425.6210508,-1,0,42
1761623425.6600506,0,-4,37
1761623425.6970508,-1,0,40
1761623425.7330508,-6,0,25
1761623425.7710507,-8,3,26
1761623425.8080506,-5,-2,24
1761623425.847051,3,0,25
1761623425.883051,2,0,31
1761623425.9200506,-5,5,25
1761623425.9570508,1,-3,35
1761623425.9930508,-5,-5,34
1761623426.0300508,-4,-2,33
1761623426.0690508,-3,0,35
1761623426.107051,-8,-1,37
1761623426.143051,-3,0,29
1761623426.1800506,1,-1,34
1761623426.2180507,1,7,25
1761623426.2560508,5,0,33
1761623426.2920508,7,0,26
1761623426.3290508,0,-5,30
1761623426.3670506,-2,-5,42
1761623426.403051,-4,-3,35
1761623426.4410508,1,0,29
1761623426.4780507,3,-8,36
1761623426.5170507,0,-3,31
1761623426.5530508,4,0,39
1761623426.5900507,3,0,40
1761623426.6280508,1,2,28
1761623426.666051,0,4,33
1761623426.7020507,0,0,32
1761623426.7390506,-8,-1,30
1761623426.778051,-4,3,21
1761623426.8160508,4,10,22
1761623426.8520508,-4,7,31
1761623426.8900506,-4,-9,29
1761623426.9280508,3,0,32
1761623426.9660506,0,-1,17
1761623427.0020506,-2,3,22
1761623427.0400507,0,-1,36
1761623427.0780506,-3,-2,35
1761623427.1160507,-3,-2,18
1761623427.1520507,-2,0,36
1761623427.189051,4,-7,34
1761623427.2280507,5,-1,27
1761623427.2660508,-1,0,34
1761623427.3020508,2,0,38
1761623427.3400507,8,2,24
1761623427.3780508,6,0,22
1761623427.416051,0,0,42
1761623427.4520507,0,-2,37
1761623427.4890506,-4,1,34
1761623427.5270507,-7,-9,35
1761623427.5630507,-2,-6,30
1761623427.6000507,0,-4,29
1761623427.6380508,3,0,25
1761623427.6740508,1,0,32
1761623427.7110507,3,-2,30
1761623427.7480507,-11,-5,36
1761623427.7870507,-1,0,43
1761623427.8230507,-5,7,39
1761623427.860051,3,6,35
1761623427.8980508,0,6,30
1761623427.9420507,2,-2,41
1761623427.9800508,-4,1,31
1761623428.018051,-2,-2,26
1761623428.0540507,-2,1,31
1761623428.0910506,0,3,37
1761623428.1280508,-1,3,29
1761623428.1640508,-7,3,34
1761623428.2010508,0,-3,26
1761623428.2380507,-1,6,32
1761623428.2740507,1,3,26
1761623428.311051,0,7,24
1761623428.3480508,-4,2,29
1761623428.3870506,-6,-6,34
1761623428.4230506,-6,-6,38
1761623428.4610507,0,-4,37
1761623428.5000508,-5,0,29
1761623428.538051,4,0,48
1761623428.574051,0,1,41
1761623428.6110508,0,5,33
1761623428.6490507,4,0,32
1761623428.6870508,10,0,37
1761623428.7230508,1,-1,38
1761623428.7600508,-2,-2,32
1761623428.7990508,-3,0,28
1761623428.837051,1,0,25
1761623428.8730507,0,-2,33
1761623428.9100506,3,-3,32
1761623428.9480507,-5,0,28
1761623428.9840508,-1,0,23
1761623429.0210507,3,0,27
1761623429.0590508,9,-2,36
1761623429.097051,11,0,37
1761623429.133051,0,1,29
1761623429.1710508,3,0,32
1761623429.209051,5,2,31
1761623429.2470508,2,-3,39
1761623429.2830508,8,-2,28
1761623429.3210506,5,-3,32
1761623429.3590508,1,1,31
1761623429.3970506,-3,3,42
1761623429.4330506,-6,5,41
1761623429.4700508,-3,-1,32
1761623429.5090508,-1,-11,26
1761623429.5450506,2,-5,39
1761623429.5820508,0,-3,35
1761623429.620051,-5,-2,22
1761623429.6590507,-6,-8,24
1761623429.6950507,-1,-2,37
1761623429.732051,4,-7,40
1761623429.7690508,0,-4,33
1761623429.8080506,5,2,21
1761623429.8440506,0,-1,20
1761623429.8810508,2,2,35
1761623429.9190507,4,3,26
1761623429.9550507,-1,0,31
1761623429.9920506,-1,-4,39
1761623430.0300508,1,0,27
1761623430.0690508,3,-3,36
1761623430.1050508,-3,-1,35
1761623430.1420507,5,-3,39
1761623430.1790507,3,0,25
1761623430.2150507,0,2,28
1761623430.2520506,-3,5,29
1761623430.2890508,4,5,34
1761623430.3250508,3,3,34
1761623430.3620508,-3,3,31
1761623430.3990507,-1,0,28
1761623430.4380507,-1,-2,29
1761623430.4740508,-4,-2,42
1761623430.5110507,-3,0,38
1761623430.5500507,1,3,33
1761623430.5880508,2,-4,32
1761623430.6240506,5,-7,36
1761623430.6610508,11,-2,34
1761623430.7000508,8,3,40
1761623430.7380507,5,3,34
1761623430.7740507,2,7,32
1761623430.811051,-3,5,30
1761623430.8490508,-4,0,41
1761623430.8850508,0,-6,38
1761623430.9220507,-3,-5,34
1761623430.9600508,0,-7,31
1761623430.9980507,0,-1,27
1761623431.0340507,1,-3,40
1761623431.0720508,-2,-5,38
1761623431.110051,5,-2,29
1761623431.1480508,-8,-8,26
1761623431.1840508,-2,-1,27
1761623431.222051,-8,4,32
1761623431.2600508,-2,2,26
1761623431.2980506,-4,-4,37
1761623431.334051,-5,-1,36
1761623431.3710508,1,0,41
1761623431.4090507,0,-1,33
1761623431.4450507,-5,-8,26
1761623431.4830508,6,2,21
1761623431.5210507,7,1,36
1761623431.5590508,-3,-4,39
1761623431.5950508,0,0,38
1761623431.633051,3,-2,42
1761623431.6720507,2,-5,37
1761623431.7100508,1,2,37
1761623431.7460508,-4,0,35
1761623431.7830508,0,-4,31
1761623431.8210506,0,-3,25
1761623431.860051,-4,-1,21
1761623431.8960507,1,0,39
1761623431.9330506,0,-1,30
1761623431.9700508,0,-4,46
1761623432.0060508,0,0,37
1761623432.0430508,6,0,33
1761623432.0810506,-8,0,38
1761623432.1190507,-8,0,29
1761623432.1550508,-8,1,40
1761623432.1930506,-11,0,24
1761623432.2300508,-1,-2,32
1761623432.2690508,4,-3,41
1761623432.3060508,-3,0,35
1761623432.3430507,3,0,24
1761623432.380051,8,2,28
1761623432.416051,6,-3,27
1761623432.4530506,0,-6,29
1761623432.4900508,-1,-4,24
1761623432.5290508,-4,-11,21
1761623432.5650508,2,-13,34
1761623432.6020508,9,-4,32
1761623432.6400506,1,0,40
1761623432.676051,-1,0,32
1761623432.7130508,0,-2,28
1761623432.7510507,0,-1,37
1761623432.7890508,5,3,32
1761623432.8250508,3,4,32
1761623432.8620508,-6,10,36
1761623432.9010508,-1,1,34
1761623432.939051,1,-1,34
1761623432.9750507,0,0,38
1761623433.0120506,0,-6,28
1761623433.051051,-5,-4,25
1761623433.0890508,-5,-4,28
1761623433.1250508,-3,-3,38
1761623433.1620507,-4,3,30
1761623433.2010508,-2,5,33
1761623433.2390506,-2,2,16
1761623433.2750506,3,0,23
1761623433.3120508,5,-1,34
1761623433.3500507,-3,3,30
1761623433.3860507,-7,1,21
1761623433.4230506,-3,6,29
1761623433.4610507,3,3,29
1761623433.4990506,5,2,19
1761623433.5350506,-3,1,21
1761623433.5730507,-7,0,20
1761623433.6110508,2,1,30
1761623433.6490507,4,-7,29
1761623433.6850507,2,-6,30
1761623433.722051,4,-6,36
1761623433.7610507,1,-1,23
1761623433.7990508,-2,0,27
1761623433.8350508,-4,1,27
1761623433.8730507,1,0,25
1761623433.9110508,2,-3,27
1761623433.9470508,0,-2,26
1761623433.9840508,3,-11,26
1761623434.0220506,1,-7,26
1761623434.0600507,-4,-3,33
1761623434.0960507,0,1,33
1761623434.1340508,-2,-2,26
1761623434.1730506,-6,3,27
1761623434.2110507,-2,-1,37
1761623434.2470508,-4,3,31
1761623434.2840507,-6,1,30
1761623434.3220508,5,0,27
1761623434.360051,7,-4,24
1761623434.3960507,0,-1,31
1761623434.4340508,0,4,18
1761623434.4710507,-1,7,24
1761623434.5100508,-3,2,26
1761623434.5460508,-2,-1,30
1761623434.584051,-9,-5,23
1761623434.6220508,-3,-1,32
1761623434.6610508,-2,3,31
1761623434.6970508,3,0,34
1761623434.7340508,1,-7,23
1761623434.7710507,-2,-2,29
1761623434.8100507,-4,1,18
1761623434.8460507,-9,-2,19
1761623434.883051,-9,-1,23
1761623434.9220507,-4,-1,28
1761623434.9600508,0,-2,37
1761623434.9960508,0,-2,37
1761623435.0330508,2,-10,27
1761623435.0710506,-6,-7,30
1761623435.107051,-1,-12,20
1761623435.1440508,0,0,31
1761623435.1820507,0,-6,36
1761623435.2200508,0,-1,33
1761623435.2560508,0,-6,35
1761623435.2930508,0,-2,50
1761623435.3310506,0,0,45
1761623435.3670506,-2,0,33
1761623435.4040508,0,-4,29
1761623435.4420507,0,-6,36
1761623435.4800508,0,-8,28
1761623435.5160508,-2,-5,27
1761623435.5530508,5,-8,26
1761623435.5910506,3,-6,22
1761623435.6270506,0,-3,37
1761623435.6640508,-6,-3,23
1761623435.7020507,1,0,25
1761623435.7400508,1,-2,27
1761623435.7760508,1,-3,30
1761623435.8130507,5,-3,31
1761623435.8510506,0,-1,43
1761623435.8870506,3,-1,38
1761623435.9240508,-2,-1,36
1761623435.962051,2,-7,32
1761623436.0000508,-2,-5,32
1761623436.0360508,-1,-3,31
1761623436.0730507,-3,0,39
1761623436.1120508,-2,-5,26
1761623436.1480508,-3,-2,31
1761623436.1850507,0,-3,33
1761623436.2230508,2,-2,33
1761623436.2610507,4,0,23
1761623436.2970507,-2,0,22
1761623436.3350508,6,2,25
1761623436.3720508,8,1,22
1761623436.4110508,2,0,25
1761623436.4470508,1,5,32
1761623436.485051,4,-3,28
1761623436.5220506,3,-1,24
1761623436.561051,-5,1,26
1761623436.597051,-5,-4,23
1761623436.6350508,-1,-2,38
1761623436.6740508,-8,-6,25
1761623436.712051,-8,-9,37
1761623436.7480507,-7,0,28
1761623436.7850506,-2,-8,28
1761623436.8230507,11,-8,34
1761623436.8610508,5,0,24
1761623436.8970506,4,0,23
1761623436.9340508,-2,5,34
1761623436.972051,-4,-6,46
1761623437.0110507,-3,-1,32
1761623437.0470507,-6,1,29
1761623437.084051,-1,-2,29
1761623437.1230507,-3,1,25
1761623437.1610508,-4,3,29
1761623437.1970508,1,0,33
1761623437.2340508,-2,0,40
1761623437.2720506,-2,-1,35
1761623437.3080506,0,-4,35
1761623437.3450508,-6,1,27
1761623437.383051,3,-2,30
1761623437.4210508,1,-1,22
1761623437.4570508,0,2,31
1761623437.495051,5,4,26
1761623437.5330508,1,-5,38
1761623437.5710506,0,-1,33
1761623437.607051,4,0,29
1761623437.6450508,3,-3,22
1761623437.6830506,-4,-3,30
1761623437.7210507,-6,-4,29
1761623437.7570508,-8,-1,24
1761623437.7940507,0,-3,37
1761623437.8330507,-5,-1,31
1761623437.8710508,0,-5,30
1761623437.9070508,-2,0,30
1761623437.9530506,-5,3,32
1761623437.9910507,0,0,43
1761623438.0270507,1,0,37
1761623438.064051,-5,0,40
1761623438.1020508,-10,-5,32
1761623438.1380508,-5,-2,28
1761623438.1750507,-1,-2,28
1761623438.2130508,0,5,32
1761623438.2490506,-4,5,39
1761623438.2860508,4,4,35
1761623438.3230507,-3,2,29
1761623438.3620508,0,0,29
1761623438.3980508,0,-1,26
1761623438.436051,-7,-4,27
1761623438.4740508,-3,3,42
1761623438.5130508,1,3,43
1761623438.5490508,5,-3,30
1761623438.5860507,5,-3,28
1761623438.6230507,5,0,30
1761623438.6620507,1,-2,28
1761623438.6980507,-3,-5,36
1761623438.7360508,1,-5,35
1761623438.7740507,2,0,39
1761623438.8120508,8,3,35
1761623438.8480508,1,0,28
1761623438.8850508,0,2,30
1761623438.9230506,0,-4,24
1761623438.959051,-6,-3,26
1761623438.9960508,-1,0,35
1761623439.0340507,-7,0,31
1761623439.0720508,-3,-4,41
1761623439.1090508,1,-6,39
1761623439.1460507,1,-9,31
1761623439.1830506,0,-3,27
1761623439.222051,-4,-3,34
1761623439.258051,0,0,22
1761623439.2950506,-1,1,31
1761623439.334051,-8,-2,27
1761623439.3720508,3,-3,26
1761623439.4080508,-4,0,28
1761623439.4460506,-3,-3,37
1761623439.4840508,-2,2,23
1761623439.5220506,-3,2,25
1761623439.5580506,-3,0,24
1761623439.5960507,-2,2,34
1761623439.6340508,-5,1,29
1761623439.6720507,-1,-3,31
1761623439.7080507,-6,0,35
1761623439.745051,0,-1,41
1761623439.7840507,-2,-8,34
1761623439.8220508,0,0,35
1761623439.8580508,2,0,32
1761623439.8950508,-4,4,32
1761623439.9340508,2,5,25
1761623439.972051,-1,-3,34
1761623440.008051,-1,-1,24
1761623440.0460508,-6,-9,28
1761623440.084051,0,-3,33
1761623440.1220508,-1,-8,25
1761623440.1580508,0,-2,25
1761623440.1950507,1,-6,43
1761623440.2340508,-13,-5,39
1761623440.2720506,-12,-2,43
1761623440.3080506,-7,-3,42
1761623440.3460507,-2,-3,45
1761623440.3850508,-1,6,30
1761623440.4230506,-4,-2,26
1761623440.459051,-6,6,23
1761623440.4970508,-4,2,32
1761623440.5350506,1,-5,25
1761623440.5730507,-5,-7,32
1761623440.610051,-4,0,27
1761623440.6470506,-5,4,29
1761623440.6840508,-9,1,46
1761623440.7200508,3,-6,37
1761623440.7570508,4,-5,35
1761623440.7950506,4,3,23
1761623440.8330507,-4,0,32
1761623440.8690507,-7,-5,35
1761623440.9060507,-8,-3,20
1761623440.9440508,-3,-4,37
1761623440.9830508,-2,-6,30
1761623441.0190508,-2,-7,28
1761623441.0570507,-2,-3,26
1761623441.0950508,4,-2,30
1761623441.133051,0,2,16
1761623441.1690507,-3,0,32
1761623441.2060506,0,-1,27
1761623441.2440507,-1,-4,31
1761623441.2800508,-5,-2,18
1761623441.3170507,0,0,27
1761623441.3550508,-1,0,36
1761623441.393051,0,0,29
1761623441.4290507,-8,5,32
1761623441.4660506,1,4,28
1761623441.5040507,4,0,30
1761623441.5400507,4,-2,41
1761623441.5770507,-3,-1,28
1761623441.6150508,-3,1,38
1761623441.653051,2,0,32
1761623441.689051,5,2,24
1761623441.7270508,4,-1,11
1761623441.7650506,2,-3,25
1761623441.8030508,1,4,40
1761623441.8390508,3,4,35
1761623441.8760507,4,4,27
1761623441.9140508,2,-8,27
1761623441.9500508,-4,-5,36
1761623441.9880507,0,0,31
1761623442.0250506,0,-5,28
1761623442.064051,-6,-7,35
1761623442.1000507,-6,-8,30
1761623442.1380508,0,3,28
1761623442.176051,-4,1,35
1761623442.2140508,-2,-1,25
1761623442.2500508,-1,0,29
1761623442.288051,6,0,27
1761623442.3250508,-1,3,24
1761623442.3640506,-2,2,30
1761623442.4000506,0,-1,28
1761623442.4370508,-7,-1,34
1761623442.4750507,3,0,27
1761623442.5130508,7,0,32
1761623442.5490508,-1,0,38
1761623442.5860507,-3,-1,26
1761623442.6250508,-2,-2,31
1761623442.6610508,2,-1,35
1761623442.6980507,-4,-4,24
1761623442.7360508,5,-2,36
1761623442.7750506,-2,-1,31
1761623442.811051,0,0,31
1761623442.8480508,4,-1,45
1761623442.8850508,3,-3,35
1761623442.9210508,-3,0,36
1761623442.9580507,-9,-3,34
1761623442.9960508,3,2,38
1761623443.0340507,-5,-1,34
1761623443.0700507,-2,3,36
1761623443.107051,4,-3,31
1761623443.1450508,1,0,32
1761623443.1810508,0,-4,24
1761623443.2180507,0,-4,21
1761623443.255051,5,1,37
1761623443.291051,4,2,30
1761623443.3280506,0,0,36
1761623443.3650508,0,-5,33
1761623443.4010508,4,-4,30
1761623443.439051,1,4,38
1761623443.4760506,5,-4,32
1761623443.5150506,0,3,31
1761623443.551051,5,2,39
1761623443.5890508,-1,2,36
1761623443.6270506,0,-1,32
1761623443.6650507,-6,-3,25
1761623443.7010508,-9,-4,27
1761623443.7390506,-7,-8,29
1761623443.7770507,-2,1,30
1761623443.8160508,0,3,34
1761623443.8540506,6,-5,27
1761623443.8900506,4,-8,35
1761623443.9270508,4,-5,30
1761623443.9650507,-3,-7,31
1761623444.0010507,-10,-6,31
1761623444.0390508,-2,-4,24
1761623444.0770507,4,-2,28
1761623444.1160507,-4,-5,34
1761623444.1540508,-1,-2,30
1761623444.1900508,4,-1,21
1761623444.2270508,3,-3,25
1761623444.2650506,-1,-4,26
1761623444.301051,2,-4,37
1761623444.3380508,6,-2,42
1761623444.3760507,1,-3,26
1761623444.4140508,2,-4,31
1761623444.4500508,1,-5,20
1761623444.4870508,8,-8,40
1761623444.5260508,6,-10,40
1761623444.564051,0,-8,27
1761623444.6000507,-3,-7,29
1761623444.6380508,5,-1,23
1761623444.676051,3,2,18
1761623444.7140508,-5,1,35
1761623444.7500508,-6,2,40
1761623444.7870507,0,1,35
1761623444.8260508,-7,-4,42
1761623444.8620508,-4,-4,31
1761623444.8990507,0,-2,33
1761623444.936051,2,4,24
1761623444.972051,4,2,40
1761623445.0090508,3,1,34
1761623445.0460508,-1,4,32
1761623445.0820508,0,-2,31
1761623445.1190507,-5,-5,38
1761623445.1570508,-8,-9,37
1761623445.1960506,-1,-1,33
1761623445.232051,-1,-1,45
1761623445.2700508,-5,-4,37
1761623445.3070507,-2,-2,41
1761623445.3460507,-3,-3,36
1761623445.3820508,-5,0,41
1761623445.4200506,4,2,36
1761623445.4570508,-8,0,34
1761623445.495051,0,-1,28
1761623445.5310507,0,3,32
1761623445.5680506,-3,-8,36
1761623445.6060507,-3,0,25
1761623445.6420507,3,0,28
1761623445.6790507,1,-3,44
1761623445.7170508,-2,-4,42
1761623445.755051,-2,-11,32
1761623445.791051,0,-1,30
1761623445.8280506,2,-1,42
1761623445.8660507,-9,-5,31
1761623445.9020507,-1,-1,29
1761623445.9400508,-6,0,34
1761623445.9780507,2,-2,32
1761623446.0160508,1,1,38
1761623446.0520508,3,4,35
1761623446.0890508,4,6,28
1761623446.1270506,-2,5,23
1761623446.1650507,3,0,31
1761623446.2010508,0,-1,41
1761623446.2380507,2,-13,38
1761623446.2770507,0,-7,35
1761623446.3150508,5,-2,32
1761623446.3510506,4,-2,37
1761623446.3880508,3,-5,36
1761623446.4270508,-2,-7,23
1761623446.4650507,-4,-4,34
1761623446.5010507,-4,2,41
1761623446.5390508,2,-4,39
1761623446.5770507,9,-1,32
1761623446.6150508,5,-6,30
1761623446.6520507,-1,-3,39
1761623446.689051,12,-5,38
1761623446.7270508,10,-3,37
1761623446.7650506,-1,-2,32
1761623446.801051,-4,4,31
1761623446.8390508,-4,1,44
1761623446.8770506,-2,-4,39
1761623446.913051,1,-4,33
1761623446.9500508,0,-3,30
1761623446.9880507,-3,6,35
1761623447.0270507,4,2,28
1761623447.064051,-1,0,24
1761623447.1010506,-4,0,33
1761623447.1380508,-2,-1,30
1761623447.1770508,4,5,29
1761623447.2130508,6,5,30
1761623447.2500508,-3,-5,33
1761623447.288051,-1,2,35
1761623447.3270507,1,-2,30
1761623447.3630507,4,-5,32
1761623447.4000506,-5,-3,41
1761623447.4380507,0,0,35
1761623447.4760506,0,-5,33
1761623447.5120506,0,-3,29
1761623447.5490508,0,1,30
1761623447.587051,-4,1,36
1761623447.6230507,6,-2,33
1761623447.6600506,2,-4,33
1761623447.6970508,2,0,29
1761623447.7330508,-8,-6,31
1761623447.7700508,0,-4,40
1761623447.8080506,0,0,33
1761623447.8460507,-1,4,20
1761623447.8820508,-3,-1,25
1761623447.9200506,-7,2,31
1761623447.9660506,0,0,32
1761623448.0030508,4,-1,35
1761623448.0400507,7,1,32
1761623448.0780506,2,5,28
1761623448.1160507,4,0,32
1761623448.1520507,5,-6,29
1761623448.1900508,4,-5,28
1761623448.2280507,-6,-3,34
1761623448.2660508,-6,3,44
1761623448.3020508,-7,1,38
1761623448.3400507,-3,-2,37
1761623448.3780508,-4,-2,32
1761623448.416051,-9,-2,33
1761623448.4520507,-4,8,30
1761623448.4900508,0,2,31
1761623448.528051,0,7,30
1761623448.5660508,8,2,38
1761623448.6020508,2,-6,22
1761623448.6390507,6,-6,32
1761623448.6780508,7,-3,29
1761623448.7160506,3,-2,36
1761623448.7520506,-9,0,30
1761623448.7890508,4,-1,33
1761623448.8280506,0,-3,26
1761623448.8660507,-3,6,23
1761623448.9020507,3,0,26
1761623448.939051,-1,0,24
1761623448.9780507,2,0,27
1761623449.0160508,1,-2,29
1761623449.0520508,1,-6,31
1761623449.0890508,0,-3,33
1761623449.1270506,-6,2,40
1761623449.163051,2,0,26
1761623449.2000508,-4,-2,30
1761623449.2380507,0,4,28
1761623449.2770507,-2,3,39
1761623449.3130507,-2,1,34
1761623449.3500507,1,-3,40
1761623449.3880508,4,-7,26
1761623449.4240508,2,-5,23
1761623449.4610507,1,-5,31
1761623449.4980507,-8,2,27
1761623449.5340507,-5,4,26
1761623449.5710506,2,-3,28
1761623449.6090508,0,-7,28
1761623449.6470506,3,-3,23
1761623449.6830506,3,0,39
1761623449.7200508,-14,4,26
1761623449.758051,-4,0,25
1761623449.7940507,1,-2,27
1761623449.8320508,1,-5,25
1761623449.8690507,-1,-4,16
1761623449.9080508,-4,-4,25
1761623449.9440508,-7,0,26
1761623449.982051,-8,-5,34
1761623450.0190508,0,-4,39
1761623450.0570507,5,-2,34
1761623450.0930507,-2,-7,36
1761623450.130051,-4,-5,42
1761623450.1690507,-3,-2,42
1761623450.2070508,-4,-3,45
1761623450.2430508,-9,-7,37
1761623450.2810507,-3,-4,36
1761623450.3190508,-1,0,38
1761623450.357051,-7,-3,27
1761623450.393051,-5,-10,33
1761623450.4320507,-1,-9,28
1761623450.4690506,-3,-7,28
1761623450.508051,3,-1,29
1761623450.5440507,-2,1,26
1761623450.5810506,2,3,29
1761623450.6190507,7,-4,34
1761623450.6570508,-4,3,39
1761623450.6930506,2,-3,35
1761623450.7300508,2,-3,26
1761623450.7690508,-7,0,25
1761623450.8070507,-1,-3,37
1761623450.8430507,-7,-2,18
1761623450.8810508,0,0,24
1761623450.9190507,0,-3,28
1761623450.9570508,2,-9,31
1761623450.9930508,6,-7,41
1761623451.0310507,9,0,14
1761623451.0690508,0,-3,37
1761623451.107051,1,-8,26
1761623451.143051,1,-3,33
1761623451.1800506,-1,-10,31
1761623451.2190506,-1,-4,35
1761623451.255051,-2,0,29
1761623451.2920508,1,-4,21
1761623451.3290508,0,-3,27
1761623451.3670506,0,-6,25
1761623451.4040508,-6,3,26
1761623451.4410508,-6,7,27
1761623451.4790506,0,0,30
1761623451.5150506,1,5,25
1761623451.5530508,4,4,27
1761623451.5900507,2,-1,34
1761623451.6280508,-1,-4,35
1761623451.6640508,-4,1,25
1761623451.7010508,2,-1,28
1761623451.7390506,-3,-1,31
1761623451.7750506,2,1,31
1761623451.8120508,1,-4,30
1761623451.8500507,-1,-4,38
1761623451.8880508,-6,2,35
1761623451.9240508,-3,-6,28
1761623451.962051,1,-4,37
1761623451.9990506,0,1,33
1761623452.0350506,4,-1,36
1761623452.0720508,-5,-3,36
1761623452.110051,-4,-2,30
1761623452.1490507,5,3,29
1761623452.1850507,0,-4,28
1761623452.2230508,-2,-5,31
1761623452.2610507,7,2,24
1761623452.2990508,0,2,26
1761623452.3350508,-5,1,33
1761623452.3730507,-5,5,29
1761623452.4110508,-5,-5,29
1761623452.4500508,1,1,40
1761623452.4880507,5,0,30
1761623452.5240507,3,1,20
1761623452.561051,0,8,22
1761623452.5990508,-5,0,38
1761623452.6350508,-8,-3,31
1761623452.6730506,5,-6,24
1761623452.7110507,5,-5,23
1761623452.7500508,2,-3,22
1761623452.788051,0,-6,34
1761623452.824051,-3,-5,32
1761623452.8610508,-6,-4,46
1761623452.9000506,-3,2,33
1761623452.9380507,-2,1,29
1761623452.9740508,1,0,49
1761623453.0110507,-3,-7,37
1761623453.0500507,2,-4,32
1761623453.0880508,-4,-4,27
1761623453.1240506,0,-2,23
1761623453.1610508,4,-5,28
1761623453.199051,1,4,33
1761623453.235051,-1,1,43
1761623453.2720506,0,-1,28
1761623453.3100507,2,-7,36
1761623453.3480508,1,-6,29
1761623453.3840508,-3,-10,27
1761623453.4210508,0,-2,32
1761623453.459051,-2,-7,27
1761623453.495051,2,-5,21
1761623453.5320508,0,2,28
1761623453.5700507,-6,-1,28
1761623453.6060507,-3,-11,28
1761623453.643051,0,0,14
1761623453.6800506,-1,-10,31
1761623453.7190506,-3,6,25
1761623453.755051,-4,2,26
1761623453.7930508,0,1,36
1761623453.8300507,0,0,26
1761623453.8660507,1,0,36
1761623453.903051,-4,-1,42
1761623453.9410508,-2,3,39
1761623453.9800508,-4,3,40
1761623454.0160508,-7,5,37
1761623454.0530508,-6,6,26
1761623454.0900507,0,1,34
1761623454.1260507,-1,-4,30
1761623454.1640508,-2,1,29
1761623454.2010508,-6,0,21
1761623454.2400508,0,-2,18
1761623454.2760508,1,7,31
1761623454.3130507,-5,0,40
1761623454.3510506,0,-5,21
1761623454.3890507,-5,-4,29
1761623454.4250507,-7,-6,25
1761623454.462051,5,-3,23
1761623454.5000508,0,-10,24
1761623454.5360508,-5,-6,23
1761623454.574051,-4,0,32
1761623454.6120508,-6,-2,27
1761623454.6510508,-8,1,41
1761623454.689051,-6,-4,38
1761623454.7250507,3,-2,28
1761623454.7620506,3,-7,36
1761623454.8000507,-3,-3,24
1761623454.8360507,1,4,23
1761623454.8730507,-2,-1,24
1761623454.9110508,-4,-5,40
1761623454.9500508,0,-7,43
1761623454.9860508,0,0,33
1761623455.0230508,-5,3,29
1761623455.061051,-11,4,38
1761623455.0990508,-5,0,29
1761623455.1350508,-5,7,22
1761623455.1720507,-8,0,24
1761623455.2100508,-2,-1,34
1761623455.2460508,-2,-3,36
1761623455.2830508,1,-5,31
1761623455.3210506,2,1,25
1761623455.3590508,2,0,25
1761623455.3950508,-2,-2,25
1761623455.4320507,3,-4,31
1761623455.4710507,-1,-3,34
1761623455.5090508,-4,-13,29
1761623455.5450506,-2,-7,30
1761623455.5820508,0,2,39
1761623455.620051,2,-1,28
1761623455.6560507,3,-1,29
1761623455.6940508,1,-6,26
1761623455.7310507,0,0,35
1761623455.7670507,2,2,31
1761623455.8040507,0,0,24
1761623455.8410506,2,2,29
1761623455.8770506,3,0,20
1761623455.9140508,-4,5,30
1761623455.9520507,-4,0,30
1761623455.9900508,-11,0,30
1761623456.0260508,-6,-3,24
1761623456.0630507,-1,5,34
1761623456.1010506,-1,1,26
1761623456.1370506,-1,0,31
1761623456.176051,0,0,33
1761623456.2130508,-3,2,30
1761623456.2510507,0,5,30
1761623456.2870507,2,4,39
1761623456.324051,-2,1,42
1761623456.3610508,-7,-2,33
1761623456.4000506,-8,-1,28
1761623456.436051,-4,2,30
1761623456.4730508,-3,-2,27
1761623456.5120506,-3,-3,30
1761623456.5500507,-7,0,37
1761623456.5860507,3,0,34
1761623456.6230507,1,3,37
1761623456.6610508,1,-7,38
1761623456.6970508,-6,-6,36
1761623456.7340508,0,-6,23
1761623456.7720506,-3,-1,35
1761623456.8100507,-3,0,37
1761623456.8460507,-1,0,38
1761623456.8840508,-2,0,39
1761623456.9220507,3,0,25
1761623456.9600508,3,-3,37
1761623456.9960508,-6,-4,31
1761623457.0340507,-7,1,32
1761623457.0720508,-3,2,37
1761623457.110051,0,0,35
1761623457.1460507,5,0,32
1761623457.1830506,0,0,18
1761623457.2210507,-4,-7,24
1761623457.2570508,-6,-7,35
1761623457.2950506,-2,1,34
1761623457.3320508,-3,2,44
1761623457.370051,1,2,36
1761623457.4060507,-2,-2,26
1761623457.4430506,-4,-7,34
1761623457.482051,-5,5,38
1761623457.5200508,-2,0,38
1761623457.5560508,-2,-3,35
1761623457.5930507,1,4,27
1761623457.6310508,0,4,45
1761623457.6670508,0,1,44
1761623457.7050507,0,0,45
1761623457.7420506,-1,0,32
1761623457.778051,-2,-4,39
1761623457.8150508,5,0,42
1761623457.8530507,3,-7,39
1761623457.8920507,-7,0,31
1761623457.9280508,-2,1,30
1761623457.9790506,-1,0,31
1761623458.0150506,-1,-4,39
1761623458.0530508,2,-5,40
1761623458.0910506,-3,3,36
1761623458.1270506,-2,3,33
1761623458.1640508,2,2,38
1761623458.2020507,0,5,32
1761623458.2380507,-8,4,34
1761623458.2750506,0,-1,27
1761623458.3120508,-1,0,36
1761623458.3480508,-2,-2,31
1761623458.3850508,-4,3,29
1761623458.4220507,0,4,25
1761623458.4580507,0,0,30
1761623458.495051,-1,-6,36
1761623458.5330508,2,-5,31
1761623458.5720508,0,1,26
1761623458.6080508,0,1,32
1761623458.6450508,2,-3,40
1761623458.6830506,0,4,29
1761623458.7210507,0,-2,32
1761623458.7570508,-1,-2,41
1761623458.7940507,-1,-3,39
1761623458.8330507,-9,1,29
1761623458.8710508,3,4,35
1761623458.9070508,2,1,34
1761623458.9440508,0,4,20
1761623458.982051,-1,0,22
1761623459.018051,1,-2,29
1761623459.0560508,2,4,31
1761623459.0940506,2,-5,24
1761623459.1320508,-4,-5,26
1761623459.1680508,-5,-3,19
1761623459.2060506,-4,2,31
1761623459.2430508,-3,1,38
1761623459.2820508,-1,5,32
1761623459.3180506,0,1,27
1761623459.357051,3,-3,26
1761623459.3940508,-1,-2,26
1761623459.4330506,4,-4,31
1761623459.4710507,3,-5,39
1761623459.5070508,4,-5,39
1761623459.5440507,3,-5,33
1761623459.5830507,8,-2,35
1761623459.6210508,1,-1,31
1761623459.6570508,0,-5,40
1761623459.6940508,-5,-4,31
1761623459.7330508,1,-8,14
1761623459.7710507,3,-2,25
1761623459.8070507,4,-6,25
1761623459.8440506,-4,-5,35
1761623459.883051,-4,-4,31
1761623459.9190507,-2,-3,29
1761623459.9570508,-1,0,35
1761623459.9940507,6,0,29
1761623460.0330508,8,-8,36
1761623460.0690508,6,-3,29
1761623460.1080508,3,0,35
1761623460.1450508,-3,-4,27
1761623460.1840508,-12,0,22
1761623460.222051,-6,0,30
1761623460.258051,0,-5,30
1761623460.2950506,9,0,21
1761623460.3330507,0,0,24
1761623460.3690507,0,0,29
1761623460.4060507,-2,0,29
1761623460.4430506,-8,0,34
1761623460.4800508,-1,-2,24
1761623460.5170507,-2,0,32
1761623460.5550506,1,4,31
1761623460.5930507,0,8,38
1761623460.6290507,-7,6,32
1761623460.666051,5,-2,28
1761623460.7030506,-1,-2,26
1761623460.7420506,1,2,41
1761623460.778051,-1,-2,36
1761623460.8160508,-2,-1,29
1761623460.8540506,-1,8,29
1761623460.893051,0,0,28
1761623460.9290507,-4,0,38
1761623460.9660506,-10,0,42
1761623461.0040507,-6,-3,51
1761623461.0420508,0,-1,34
1761623461.0780506,-1,2,33
1761623461.1160507,-2,0,34
1761623461.1540508,0,-5,34
1761623461.1920507,-2,-7,30
1761623461.2280507,4,-1,30
1761623461.2660508,2,-3,24
1761623461.3040507,-1,-9,25
1761623461.3420508,-9,-2,30
1761623461.3780508,-3,-3,29
1761623461.416051,-3,3,35
1761623461.4540508,-4,-1,42
1761623461.4920506,0,0,36
1761623461.528051,0,0,35
1761623461.5650508,-4,0,30
1761623461.6030507,-3,-5,35
1761623461.6390507,-4,2,42
1761623461.676051,-3,3,36
1761623461.7140508,8,-3,30
1761623461.7520506,5,-4,43
1761623461.788051,1,3,41
1761623461.8260508,-2,6,35
1761623461.8640506,-5,0,36
1761623461.9020507,-5,5,35
1761623461.9380507,-8,4,44
1761623461.9750507,3,0,28
1761623462.0130508,-2,-2,28
1761623462.0490508,0,-5,31
1761623462.0860507,-5,-8,29
1761623462.1240506,-3,-3,41
1761623462.163051,-1,-5,32
1761623462.199051,-4,-1,28
1761623462.2370508,0,-7,38
1761623462.2750506,-6,-3,42
1761623462.314051,-4,-2,40
1761623462.3500507,0,-8,32
1761623462.3870506,2,-2,39
1761623462.426051,3,4,41
1761623462.4640508,-8,6,36
1761623462.5000508,-7,2,40
1761623462.538051,0,-1,33
1761623462.5750508,0,0,24
1761623462.6130507,3,5,19
1761623462.6490507,4,1,21
1761623462.686051,7,0,24
1761623462.7240508,-2,1,29
1761623462.7600508,2,0,35
1761623462.7970507,-10,7,28
1761623462.834051,1,5,35
1761623462.870051,-2,3,35
1761623462.9070508,-3,-5,30
1761623462.9450507,0,0,27
1761623462.9830508,-8,-1,44
1761623463.0190508,0,-1,37
1761623463.0560508,-4,-3,29
1761623463.0950508,2,-2,29
1761623463.133051,-6,-9,28
1761623463.1690507,-3,-5,28
1761623463.2060506,-1,-7,42
1761623463.245051,-6,-8,36
1761623463.2830508,-8,0,35
1761623463.3190508,-4,0,34
1761623463.357051,7,-9,37
1761623463.3950508,0,-8,32
1761623463.4330506,-5,-2,24
1761623463.4690506,-6,-1,35
1761623463.5060508,2,-1,40
1761623463.5450506,-3,-9,42
1761623463.5830507,-4,-2,31
1761623463.6190507,0,-5,38
1761623463.6570508,-1,-5,27
1761623463.6950507,-1,-2,31
1761623463.7330508,-5,1,41
1761623463.7690508,0,-2,43
1761623463.8070507,3,1,34
1761623463.8450508,-1,-2,27
1761623463.883051,-1,2,29
1761623463.9190507,0,-3,26
1761623463.9560506,-1,1,23
1761623463.995051,4,2,25
1761623464.0330508,0,-4,24
1761623464.0690508,1,-3,23
1761623464.1060507,2,0,36
1761623464.1440508,-6,-1,38
1761623464.1800506,-2,-3,31
1761623464.2180507,0,2,29
1761623464.2560508,-5,1,28
1761623464.2940507,0,0,40
1761623464.3300507,1,-5,29
1761623464.3680508,2,1,39
1761623464.4050508,0,-1,37
1761623464.4440508,-3,2,35
1761623464.4800508,0,3,41
1761623464.518051,7,-4,36
1761623464.5550506,5,-6,47
1761623464.5940506,2,-9,43
1761623464.630051,-2,-2,43
1761623464.6680508,-1,0,38
1761623464.7060506,6,-2,34
1761623464.7440507,4,-2,26
1761623464.7800508,4,-1,37
1761623464.8180506,2,-1,35
1761623464.8550508,4,-2,37
1761623464.8940508,0,-3,41
1761623464.9300506,0,-1,40
1761623464.9670508,-1,0,37
1761623465.005051,-2,6,29
1761623465.041051,0,0,31
1761623465.0780506,3,-2,36
1761623465.1150508,0,1,28
1761623465.1510508,-2,0,37
1761623465.1880507,-5,-1,38
1761623465.2260506,7,-6,33
1761623465.2640507,3,0,36
1761623465.3000507,0,-4,39
1761623465.337051,-12,-16,36
1761623465.3760507,-2,-1,32
1761623465.4140508,4,-2,32
1761623465.4500508,2,0,26
1761623465.4870508,2,-7,31
1761623465.5250506,2,-1,30
1761623465.561051,-4,0,24
1761623465.5980508,2,-3,16
1761623465.6360507,0,-2,34
1761623465.6750507,-1,-4,24
1761623465.7110507,-6,1,25
1761623465.7480507,4,-1,33
1761623465.7870507,3,5,21
1761623465.8250508,0,2,21
1761623465.8610508,-1,1,30
1761623465.8980508,-1,-5,28
1761623465.936051,2,0,21
1761623465.9740508,2,-6,24
1761623466.0110507,0,-8,23
1761623466.0480506,-4,-6,17
1761623466.0860507,2,-6,22
1761623466.1240506,0,-1,25
1761623466.1600506,1,-4,32
1761623466.1970508,-1,-4,25
1761623466.2360508,0,-3,39
1761623466.2740507,3,-11,38
1761623466.3100507,0,-2,25
1761623466.347051,3,0,35
1761623466.3850508,4,0,20
1761623466.4210508,-3,-7,15
1761623466.459051,8,-2,26
1761623466.4970508,3,-2,27
1761623466.5350506,2,2,35
1761623466.5710506,-2,0,38
1761623466.6080508,2,0,35
1761623466.6460507,1,2,30
1761623466.6820507,0,-4,29
1761623466.7190506,1,0,33
1761623466.7560508,1,-3,20
1761623466.7950506,1,1,31
1761623466.8310506,2,4,31
1761623466.8680508,5,5,35
1761623466.9060507,6,4,37
1761623466.9420507,1,4,40
1761623466.9790506,-7,1,31
1761623467.0170507,-5,-3,33
1761623467.0560508,-13,-7,33
1761623467.0920508,-1,1,34
1761623467.1290507,-1,-1,28
1761623467.1670508,-1,-3,31
1761623467.2060506,-7,-1,26
1761623467.2420506,-4,2,31
1761623467.2790508,-4,0,29
1761623467.3170507,0,-10,25
1761623467.3550508,0,-7,36
1761623467.3910508,-3,0,29
1761623467.4280508,-8,2,26
1761623467.4670508,-7,2,29
1761623467.505051,0,2,19
1761623467.541051,4,1,32
1761623467.5790508,-2,-9,24
1761623467.6170506,3,-6,28
1761623467.6550508,1,-2,38
1761623467.6910508,-5,-1,36
1761623467.7280507,-8,7,41
1761623467.7660508,0,-3,34
1761623467.8020508,-7,-5,29
1761623467.8390508,0,-3,25
1761623467.8770506,-3,-7,23
1761623467.9150507,-1,-3,23
1761623467.9520507,-13,-3,40
1761623467.9980507,-6,-1,27
1761623468.0360508,-5,-4,29
1761623468.0720508,3,-9,28
1761623468.1090508,4,0,21
1761623468.1470506,5,-7,30
1761623468.1850507,-2,0,29
1761623468.2210507,3,-2,39
1761623468.258051,9,0,29
1761623468.2960508,1,0,38
1761623468.3320508,3,0,41
1761623468.3690507,2,-3,35
1761623468.4070508,2,-5,35
1761623468.4450507,-4,-1,41
1761623468.4810507,-12,-1,45
1761623468.518051,-2,-3,33
1761623468.5570507,-3,-13,29
1761623468.5930507,-3,1,34
1761623468.630051,-7,2,41
1761623468.6670508,2,-1,38
1761623468.7060506,2,-2,36
1761623468.7420506,4,5,28
1761623468.7790508,0,-2,32
1761623468.8170507,-2,-13,35
1761623468.8530507,1,-7,32
1761623468.8900506,1,-3,26
1761623468.9270508,-3,1,32
1761623468.9630508,-3,1,30
1761623469.0000508,-5,-1,28
1761623469.038051,-7,4,34
1761623469.0770507,-3,-1,30
1761623469.1130507,0,-1,34
1761623469.1500506,3,-1,22
1761623469.1870508,3,-4,29
1761623469.2260506,2,-8,22
1761623469.2620506,2,-4,31
1761623469.3000507,0,1,23
1761623469.3390508,-2,0,38
1761623469.3770506,-6,2,38
1761623469.413051,0,-6,41
1761623469.4500508,2,-1,25
1761623469.4880507,4,-1,28
1761623469.5270507,0,-1,27
1761623469.5630507,-1,-2,35
1761623469.6010506,2,1,31
1761623469.6380508,2,0,34
1761623469.676051,-1,-6,33
1761623469.7130508,-6,2,32
1761623469.7500508,-1,0,42
1761623469.788051,2,-2,37
1761623469.8260508,0,0,36
1761623469.8620508,-2,-3,43
1761623469.9000506,2,-5,25
1761623469.9380507,-2,0,37
1761623469.9760506,-2,0,19
1761623470.0120506,-1,-3,31
1761623470.0500507,-1,0,33
1761623470.0880508,0,-7,22
1761623470.1270506,-4,-5,30
1761623470.163051,0,-4,28
1761623470.2000508,-2,-2,29
1761623470.2380507,2,-3,29
1761623470.2760508,0,-4,21
1761623470.3120508,-4,0,19
1761623470.3490508,-3,0,26
1761623470.3870506,6,-5,27
1761623470.4230506,12,-6,29
1761623470.4610507,4,-2,37
1761623470.4980507,-3,1,39
1761623470.5360508,5,-1,35
1761623470.5720508,7,-3,23
1761623470.6090508,0,-4,22
1761623470.6480508,2,-4,26
1761623470.6840508,0,-4,29
1761623470.722051,-2,-3,27
1761623470.7610507,-4,0,27
1761623470.7980506,2,-7,35
1761623470.834051,-1,-6,27
1761623470.8720508,3,-1,23
1761623470.9090507,-8,-4,29
1761623470.9480507,3,-4,19
1761623470.9840508,6,-6,27
1761623471.0220506,-4,-3,26
1761623471.061051,-2,-1,35
1761623471.0980508,0,0,35
1761623471.1340508,-3,2,45
1761623471.1720507,-3,2,32
1761623471.2100508,-1,2,38
1761623471.2480507,-4,-5,29
1761623471.2840507,-7,-6,30
1761623471.3220508,3,0,25
1761623471.360051,2,-5,27
1761623471.3980508,-2,-2,17
1761623471.4340508,0,0,25
1761623471.472051,-6,-3,24
1761623471.5100508,0,0,34
1761623471.5480506,-1,-1,41
1761623471.584051,8,0,31
1761623471.6220508,-3,-3,36
1761623471.6600506,-2,-3,32
1761623471.699051,0,0,28
1761623471.7370508,6,1,35
1761623471.7730508,-1,3,35
1761623471.8100507,1,-3,31
1761623471.8480508,-6,1,35
1761623471.8840508,-12,-2,36
1761623471.9210508,-6,4,39
1761623471.959051,0,7,32
1761623471.9970508,7,0,34
1761623472.0330508,1,0,37
1761623472.0700507,-7,-2,38
1761623472.1090508,-5,0,31
1761623472.1470506,0,2,31
1761623472.1830506,-1,-1,24
1761623472.2200508,1,-1,29
1761623472.2590508,1,0,23
1761623472.2970507,10,-5,43
1761623472.3330507,10,0,40
1761623472.370051,5,7,36
1761623472.4080508,10,0,34
1761623472.4440508,4,-7,25
1761623472.482051,4,-4,32
1761623472.5190508,1,3,37
1761623472.5570507,2,-4,33
1761623472.5940506,0,0,37
1761623472.6310508,-5,2,36
1761623472.6690507,-7,3,33
1761623472.7080507,2,0,48
1761623472.7440507,1,0,48
1761623472.7810507,3,-4,41
1761623472.8190508,6,-3,34
1761623472.8550508,-4,1,31
1761623472.8920507,-2,0,43
1761623472.9290507,-3,-6,34
1761623472.9680507,-1,4,31
1761623473.0040507,3,-5,21
1761623473.041051,8,1,24
1761623473.0790508,5,-3,25
1761623473.1150508,10,5,31
1761623473.1520507,1,-1,35
1761623473.1900508,9,-2,38
1761623473.2280507,2,0,37
1761623473.2640507,0,0,43
1761623473.301051,-2,4,32
1761623473.3390508,-4,2,34
1761623473.3750508,-3,0,36
1761623473.4120507,-1,4,38
1761623473.4500508,0,5,34
1761623473.4880507,-1,5,27
1761623473.5240507,-1,5,27
1761623473.561051,-4,0,23
1761623473.5990508,-2,1,23
1761623473.6350508,3,2,28
1761623473.6720507,-2,-5,34
1761623473.7100508,0,-4,27
1761623473.7490506,-6,-4,25
1761623473.7850506,-3,-3,27
1761623473.8230507,0,7,32
1761623473.860051,-5,1,20
1761623473.8990507,13,4,24
1761623473.9350507,6,2,35
1761623473.972051,4,-3,32
1761623474.0100508,-3,-1,30
1761623474.0480506,-7,-7,41
1761623474.084051,-9,0,40
1761623474.1210508,-4,0,41
1761623474.1600506,0,0,37
1761623474.1980507,1,-4,34
1761623474.2340508,6,-2,33
1761623474.2720506,3,-7,24
1761623474.3100507,-2,2,32
1761623474.3480508,-1,5,40
1761623474.3840508,-8,4,40
1761623474.4220507,-1,0,33
1761623474.4600508,8,4,41
1761623474.4980507,3,0,20
1761623474.5340507,4,4,25
1761623474.5720508,-1,0,34
1761623474.610051,4,2,38
1761623474.6480508,4,4,42
1761623474.6840508,2,-5,31
1761623474.722051,12,3,31
1761623474.7600508,5,-1,32
1761623474.7980506,-3,-4,34
1761623474.834051,-5,-4,43
1761623474.8720508,-4,-8,34
1761623474.9100506,0,-6,48
1761623474.9480507,-3,-2,28
1761623474.9840508,0,-1,26
1761623475.0210507,2,4,30
1761623475.0600507,1,1,31
1761623475.0980508,-4,0,37
1761623475.1340508,-8,0,35
1761623475.1710508,-9,-6,30
1761623475.2100508,-4,0,36
1761623475.2460508,0,-4,27
1761623475.2840507,0,-2,33
1761623475.3210506,-3,-5,26
1761623475.360051,-6,3,33
1761623475.3960507,1,2,47
1761623475.4340508,1,-1,34
1761623475.472051,0,7,32
1761623475.5100508,4,3,32
1761623475.5460508,1,1,48
1761623475.5830507,3,5,36
1761623475.620051,6,5,40
1761623475.6590507,-1,-2,33
1761623475.6950507,0,6,39
1761623475.7340508,0,4,21
1761623475.7710507,3,0,20
1761623475.8090508,-5,7,16
1761623475.8450508,-9,0,30
1761623475.883051,-6,5,24
1761623475.9210508,-2,0,25
1761623475.959051,0,8,24
1761623475.995051,-5,-5,29
1761623476.0340507,5,-4,38
1761623476.0710506,4,-6,40
1761623476.110051,2,-2,34
1761623476.1460507,-3,-3,28
1761623476.1830506,-6,3,25
1761623476.2210507,-3,-3,25
1761623476.2600508,9,0,38
1761623476.2960508,7,-3,42
1761623476.3330507,2,-2,47
1761623476.3710508,2,-4,37
1761623476.4090507,0,1,39
1761623476.4450507,0,-1,42
1761623476.4830508,0,0,36
1761623476.5210507,4,2,35
1761623476.5590508,-4,-2,30
1761623476.5950508,-6,6,35
1761623476.633051,-3,-3,33
1761623476.6710508,-8,2,28
1761623476.709051,-1,-3,33
1761623476.745051,-6,-3,28
1761623476.7830508,1,0,30
1761623476.8210506,-9,-7,28
1761623476.8590508,-3,-5,30
1761623476.8950508,0,-2,34
1761623476.9330506,2,-2,33
1761623476.9710507,-1,0,30
1761623477.0100508,2,4,27
1761623477.0460508,0,-1,43
1761623477.0830507,5,0,36
1761623477.1210508,0,-4,31
1761623477.1570508,-4,2,40
1761623477.1940508,-8,0,45
1761623477.2310507,3,2,43
1761623477.2670507,2,-1,39
1761623477.3040507,0,0,23
1761623477.3420508,-3,1,31
1761623477.380051,3,-3,39
1761623477.416051,0,2,25
1761623477.4530506,5,5,45
1761623477.4910507,-3,-2,31
1761623477.5270507,-2,-6,35
1761623477.5650508,2,-3,32
1761623477.6020508,5,1,38
1761623477.6400506,2,-2,39
1761623477.676051,-2,-1,41
1761623477.7130508,3,-3,32
1761623477.7510507,-5,-1,29
1761623477.7870507,0,-2,35
1761623477.824051,1,1,26
1761623477.8610508,1,-3,26
1761623477.8970506,5,-3,19
1761623477.9340508,4,1,26
1761623477.972051,1,0,21
1761623478.0160508,5,0,26
1761623478.0530508,2,3,20
1761623478.0910506,2,0,27
1761623478.1270506,0,-1,32
1761623478.1640508,0,1,25
1761623478.2020507,-2,0,38
1761623478.2400508,2,-1,18
1761623478.2760508,-3,-2,34
1761623478.314051,-6,0,25
1761623478.3520508,-1,-2,30
1761623478.3910508,0,-4,22
1761623478.4270508,1,1,29
1761623478.4640508,-1,-10,29
1761623478.5020506,0,-11,23
1761623478.541051,2,-8,30
1761623478.5770507,3,-2,35
1761623478.6140506,5,0,34
1761623478.6520507,14,-1,32
1761623478.6900508,12,-3,29
1761623478.7260506,4,2,36
1761623478.7630508,3,-2,35
1761623478.8020508,-1,0,35
1761623478.8400507,2,-3,30
1761623478.8760507,-2,-3,40
1761623478.9140508,1,-1,33
1761623478.9520507,1,1,31
1761623478.9900508,4,-4,37
1761623479.0260508,1,-2,41
1761623479.0630507,2,-4,32
1761623479.1020508,2,2,31
1761623479.1400506,3,-1,20
1761623479.176051,2,0,27
1761623479.2130508,0,4,26
1761623479.2520506,-3,0,40
1761623479.288051,6,4,27
1761623479.3250508,1,0,29
1761623479.3620508,0,2,41
1761623479.3980508,-4,6,34
1761623479.4350507,2,0,34
1761623479.472051,4,-6,42
1761623479.5110507,2,0,41
1761623479.5470507,4,-3,30
1761623479.584051,0,-4,28
1761623479.6220508,0,-6,35
1761623479.6610508,3,3,24
1761623479.6970508,3,2,29
1761623479.7340508,1,0,34
1761623479.7720506,-1,3,28
1761623479.8080506,-7,3,43
1761623479.8450508,-6,-3,30
1761623479.883051,3,1,32
1761623479.9210508,9,0,27
1761623479.9570508,7,1,30
1761623479.995051,2,3,28
1761623480.0330508,0,7,24
1761623480.0710506,3,2,25
1761623480.107051,-1,-1,26
1761623480.1450508,-4,-5,34
1761623480.1830506,-4,4,28
1761623480.2210507,-3,-2,36
1761623480.2570508,-4,-2,30
1761623480.2940507,-2,3,40
1761623480.3320508,0,-3,40
1761623480.3680508,1,3,30
1761623480.4050508,-2,-4,36
1761623480.4430506,0,1,34
1761623480.4810507,-3,0,22
1761623480.5170507,0,3,26
1761623480.5540507,2,2,33
1761623480.5920508,0,6,28
1761623480.6280508,1,3,34
1761623480.6650507,-2,-8,29
1761623480.7030506,4,-3,27
1761623480.7410507,-7,0,23
1761623480.7770507,-4,0,23
1761623480.8150508,5,-1,27
1761623480.8530507,0,0,45
1761623480.8910508,0,1,33
1761623480.9270508,4,-1,31
1761623480.9640508,0,-5,39
1761623481.0030508,-3,6,38
1761623481.041051,1,-2,36
1761623481.0770507,0,0,35
1761623481.1140506,2,-3,37
1761623481.153051,10,2,53
1761623481.1910508,3,0,42
1761623481.2270508,3,0,43
1761623481.2640507,-2,-5,44
1761623481.3030508,-3,-2,31
1761623481.3410506,2,-3,36
1761623481.3770506,-1,0,31
1761623481.4140508,-1,0,34
1761623481.4530506,0,-1,22
1761623481.4910507,3,-3,25
1761623481.5270507,2,-2,20
1761623481.564051,2,-2,37
1761623481.6030507,-3,-2,41
1761623481.6390507,7,-1,35
1761623481.676051,5,0,40
1761623481.7130508,1,-2,33
1761623481.7520506,3,-2,25
1761623481.788051,6,-2,22
1761623481.8260508,0,1,30
1761623481.8630507,-3,0,20
1761623481.8990507,-4,-3,18
1761623481.9370508,0,-3,14
1761623481.9740508,-1,-2,30
1761623482.0130508,1,0,30
1761623482.0490508,3,5,24
1761623482.087051,7,-5,19
1761623482.1240506,5,-2,31
1761623482.1620507,-6,-4,24
1761623482.1980507,-2,-2,33
1761623482.2360508,5,0,32
1761623482.2730508,4,-2,34
1761623482.3090508,-1,9,21
1761623482.3460507,0,4,27
1761623482.383051,-1,-2,34
1761623482.4220507,0,2,15
1761623482.4580507,0,-1,18
1761623482.495051,4,1,33
1761623482.5330508,-5,0,31
1761623482.5700507,-8,0,22
1761623482.607051,0,-6,27
1761623482.6450508,0,-6,17
1761623482.6830506,2,-5,35
1761623482.7190506,-7,-2,30
1761623482.7560508,0,-2,28
1761623482.7940507,-1,0,24
1761623482.8320508,-2,3,31
1761623482.8680508,0,0,26
1761623482.9050508,-4,0,34
1761623482.9440508,-7,1,42
1761623482.982051,7,-2,27
1761623483.018051,5,0,25
1761623483.0550506,1,-3,25
1761623483.0930507,-4,1,43
1761623483.1290507,-3,-4,45
1761623483.166051,-4,-7,33
1761623483.2050507,2,1,27
1761623483.2430508,-1,3,39
1761623483.2790508,-3,0,45
1761623483.3160508,-10,0,38
1761623483.3550508,-4,6,37
1761623483.393051,2,0,44
1761623483.4290507,1,2,39
1761623483.4660506,4,7,35
1761623483.5040507,1,-4,32
1761623483.5420508,-8,-2,37
1761623483.5780506,0,0,31
1761623483.6150508,2,-5,36
1761623483.653051,-8,-5,41
1761623483.689051,0,-2,44
1761623483.7270508,2,-4,37
1761623483.7640507,0,-2,32
1761623483.8000507,-3,0,34
1761623483.837051,0,0,36
1761623483.8750508,-3,5,30
1761623483.9140508,-7,0,14
1761623483.9500508,-10,0,25
1761623483.9880507,3,-1,31
1761623484.0250506,0,0,26
1761623484.0630507,0,4,36
1761623484.0990508,-3,-1,27
1761623484.1370506,2,0,40
1761623484.1740508,2,2,35
1761623484.2100508,3,4,38
1761623484.2480507,5,2,39
1761623484.2850506,4,2,40
1761623484.3230507,-4,3,32
1761623484.3590508,-4,1,32
1761623484.3960507,4,0,38
1761623484.4340508,-5,4,42
1761623484.4700508,-3,-1,29
1761623484.5070508,-2,-3,28
1761623484.5450506,-4,-2,34
1761623484.584051,-9,2,29
1761623484.620051,0,3,36
1761623484.6570508,-4,5,38
1761623484.6950507,0,-3,39
1761623484.7330508,4,0,34
1761623484.7690508,3,-2,25
1761623484.8060508,-5,-6,31
1761623484.8450508,0,-5,29
1761623484.883051,-4,-6,20
1761623484.9190507,-2,-2,26
1761623484.9560506,-11,0,38
1761623484.9940507,-5,-1,45
1761623485.0300508,0,-2,35
1761623485.0670507,-3,0,37
1761623485.1050508,-7,-4,44
1761623485.143051,-4,5,34
1761623485.1790507,-1,4,20
1761623485.2160506,5,1,31
1761623485.2540507,1,-2,31
1761623485.2900507,-2,-2,37
1761623485.3270507,-3,1,25
1761623485.3650508,-3,1,42
1761623485.403051,-3,-1,36
1761623485.439051,-5,1,27
1761623485.4760506,-7,-3,34
1761623485.5150506,-1,-6,33
1761623485.5530508,0,-5,31
1761623485.5890508,0,-9,25
1761623485.6260507,2,-8,29
1761623485.6650507,-1,0,30
1761623485.7030506,-5,-4,28
1761623485.7390506,-9,1,27
1761623485.7760508,0,0,36
1761623485.8150508,1,-7,39
1761623485.8510506,-3,-6,26
1761623485.8880508,2,1,27
1761623485.9250507,0,-1,26
1761623485.9630508,0,-4,26
1761623485.9990506,2,-1,35
1761623486.0360508,8,0,30
1761623486.074051,4,-5,41
1761623486.110051,-2,-7,34
1761623486.1470506,-3,1,38
1761623486.1850507,-4,1,37
1761623486.2210507,2,2,35
1761623486.258051,9,-4,31
1761623486.2950506,2,-4,31
1761623486.3310506,-2,-4,43
1761623486.3680508,0,1,33
1761623486.4050508,7,1,33
1761623486.4410508,6,-2,43
1761623486.4790506,5,4,38
1761623486.5160508,4,-4,30
1761623486.5540507,3,1,26
1761623486.5900507,0,2,30
1761623486.6270506,-5,-6,39
1761623486.666051,4,0,39
1761623486.7040508,-4,0,41
1761623486.7400508,0,0,35
1761623486.7770507,0,-3,36
1761623486.8150508,-8,-1,31
1761623486.8510506,0,-3,23
1761623486.8890507,9,-3,43
1761623486.926051,4,5,30
1761623486.9640508,0,-6,33
1761623487.0000508,0,-1,21
1761623487.038051,-4,-2,27
1761623487.0760508,-1,-5,29
1761623487.1150508,-6,-1,27
1761623487.1510508,0,0,22
1761623487.189051,6,0,28
1761623487.2260506,3,0,28
1761623487.2640507,-2,4,22
1761623487.3000507,-2,-2,29
1761623487.337051,0,-1,36
1761623487.3750508,-3,1,44
1761623487.4110508,-1,-2,38
1761623487.4500508,-4,-3,31
1761623487.4870508,-6,-14,29
1761623487.5260508,-6,-10,28
1761623487.564051,-1,-7,36
1761623487.6000507,2,-5,47
1761623487.6370506,4,-5,28
1761623487.6750507,3,-6,13
1761623487.7110507,6,-4,18
1761623487.7480507,7,-14,33
1761623487.7860508,0,-9,27
1761623487.8250508,4,-2,22
1761623487.8610508,2,0,21
1761623487.8980508,10,0,31
1761623487.936051,0,2,27
1761623487.9740508,-2,-2,21
1761623488.018051,-2,-2,25
1761623488.0570507,-1,-6,39
1761623488.0950508,3,-14,44
1761623488.1310508,-2,-8,31
1761623488.1690507,0,-6,28
1761623488.2060506,-1,0,32
1761623488.2420506,0,-3,31
1761623488.2800508,-2,5,29
1761623488.3170507,5,5,34
1761623488.3550508,4,3,30
1761623488.3910508,9,8,22
1761623488.4280508,6,0,33
1761623488.4660506,3,-8,27
1761623488.5020506,-4,-4,33
1761623488.5400507,-1,-7,27
1761623488.5780506,3,3,25
1761623488.6160507,0,1,27
1761623488.6520507,2,-2,26
1761623488.6900508,5,-4,21
1761623488.7280507,2,-5,19
1761623488.7670507,0,5,18
1761623488.8050506,3,0,13
1761623488.8410506,0,0,24
1761623488.8780508,-1,-2,31
1761623488.9170508,0,-7,34
1761623488.9550507,6,3,26
1761623488.9910507,3,-2,33
1761623489.028051,1,5,27
1761623489.0670507,0,6,27
1761623489.1050508,-3,0,27
1761623489.1410508,-9,1,27
1761623489.1780508,-11,1,27
1761623489.2170508,0,3,31
1761623489.255051,-2,0,25
1761623489.291051,-5,-8,30
1761623489.3280506,-4,-1,35
1761623489.3670506,-3,-5,37
1761623489.4050508,3,0,29
1761623489.4410508,-3,1,24
1761623489.4780507,-3,-3,38
1761623489.5170507,-5,-6,27
1761623489.5550506,8,-2,34
1761623489.5910506,0,-2,32
1761623489.6280508,3,0,32
1761623489.6670508,-4,-3,27
1761623489.7050507,0,-3,35
1761623489.7410507,-1,-2,38
1761623489.778051,-8,0,32
1761623489.8170507,-3,0,24
1761623489.8550508,0,2,33
1761623489.8910508,-1,-1,29
1761623489.9280508,-5,4,33
1761623489.9670508,-12,-1,47
1761623490.005051,2,-5,48
1761623490.041051,-2,-5,40
1761623490.0780506,-7,-1,33
1761623490.1170506,1,-1,34
1761623490.153051,-5,-5,30
1761623490.1910508,1,-6,27
1761623490.2280507,2,0,33
1761623490.2660508,-6,-1,18
1761623490.3020508,2,-2,12
1761623490.3390508,3,-5,11
1761623490.3770506,-2,-4,37
1761623490.413051,-8,-1,35
1761623490.4500508,-5,-3,39
1761623490.4890506,3,-4,39
1761623490.5270507,-2,-9,32
1761623490.5630507,0,-10,22
1761623490.6000507,-3,-13,34
1761623490.6380508,-14,-8,33
1761623490.6770508,-5,-6,33
1761623490.7130508,-1,-7,31
1761623490.7500508,-4,-4,22
1761623490.7890508,-2,-5,32
1761623490.8270507,-4,-5,35
1761623490.8630507,-7,-5,33
1761623490.9000506,-1,-3,35
1761623490.9380507,0,0,29
1761623490.9760506,-3,1,21
1761623491.0120506,-2,-1,32
1761623491.0500507,-9,2,29
1761623491.0880508,-2,-3,32
1761623491.1260507,4,-6,25
1761623491.1620507,0,-2,31
1761623491.2000508,3,-7,37
1761623491.2380507,2,-9,30
1761623491.2760508,0,-1,30
1761623491.3120508,3,-4,29
1761623491.3500507,6,-1,25
1761623491.3880508,-5,-6,30
1761623491.4270508,-3,-5,29
1761623491.4630508,-4,0,26
1761623491.5000508,1,-3,32
1761623491.538051,2,-5,37
1761623491.5760508,9,-5,42
1761623491.6120508,0,-1,28
1761623491.6490507,0,-3,30
1761623491.6870508,0,-4,34
1761623491.7230508,5,-1,24
1761623491.7600508,-1,0,25
1761623491.7980506,4,-5,26
1761623491.8360507,-1,-3,39
1761623491.8720508,0,-3,39
1761623491.9100506,0,-9,32
1761623491.9480507,-6,-11,37
1761623491.9860508,-2,-8,35
1761623492.0230508,-1,-7,24
1761623492.0600507,-5,-3,30
1761623492.0980508,-7,-7,22
1761623492.1370506,-12,-2,28
1761623492.1730506,-2,0,26
1761623492.2100508,5,-12,35
1761623492.2480507,3,-11,38
1761623492.2860508,3,-3,35
1761623492.3220508,-1,-1,32
1761623492.360051,-5,-3,20
1761623492.3980508,-2,3,31
1761623492.4370508,-3,4,41
1761623492.4730508,-2,0,29
1761623492.5100508,2,-2,22
1761623492.5480506,0,0,30
1761623492.584051,0,-1,31
1761623492.6220508,2,-6,40
1761623492.6590507,4,-7,44
1761623492.6980507,0,0,29
1761623492.7340508,-3,-4,37
1761623492.7720506,0,0,23
1761623492.8090508,-7,-3,25
1761623492.8480508,-3,0,26
1761623492.8840508,-1,-4,21
1761623492.9220507,-4,0,25
1761623492.959051,5,0,27
1761623492.9970508,4,1,23
1761623493.0330508,10,-2,29
1761623493.0700507,1,-3,35
1761623493.1080508,-2,0,24
1761623493.1440508,-5,-8,28
1761623493.1810508,3,-2,28
1761623493.2190506,2,0,18
1761623493.2570508,3,-5,28
1761623493.2930508,-2,-1,28
1761623493.3300507,3,6,25
1761623493.3690507,5,0,23
1761623493.4070508,-4,-4,33
1761623493.4430506,-6,-13,33
1761623493.4800508,-4,-7,38
1761623493.5190508,-12,-1,40
1761623493.5570507,3,-8,37
1761623493.5930507,-3,-5,35
1761623493.630051,2,-6,33
1761623493.6690507,0,2,30
1761623493.7070508,-6,0,29
1761623493.7430508,-1,1,29
1761623493.7800508,1,2,31
1761623493.8190508,-5,-1,30
1761623493.857051,-2,1,28
1761623493.893051,0,2,22
1761623493.9300506,5,9,33
1761623493.9690506,-1,0,42
1761623494.0070508,-3,-4,27
1761623494.0430508,-4,-4,31
1761623494.0800507,0,2,35
1761623494.1190507,-6,7,26
1761623494.1570508,1,4,32
1761623494.1930506,-5,0,26
1761623494.2300508,1,-4,27
1761623494.2690508,0,-4,26
1761623494.3070507,0,-4,29
1761623494.3430507,7,-7,34
1761623494.380051,2,-1,39
1761623494.4190507,0,2,23
1761623494.4550507,-1,1,35
1761623494.4930508,1,0,23
1761623494.5300508,3,-3,35
1761623494.5690508,2,-4,24
1761623494.6050508,4,6,29
1761623494.643051,6,3,34
1761623494.6800506,-1,-4,35
1761623494.7190506,-3,-3,29
1761623494.755051,-4,4,36
1761623494.7930508,-4,3,45
1761623494.8300507,-1,8,34
1761623494.8680508,8,6,32
1761623494.9040508,-3,6,35
1761623494.9410508,-2,1,36
1761623494.9790506,0,0,32
1761623495.0150506,-4,2,29
1761623495.0520508,2,0,31
1761623495.0900507,5,3,22
1761623495.1280508,6,0,33
1761623495.1640508,2,3,36
1761623495.2020507,0,2,24
1761623495.2390506,1,0,27
1761623495.2750506,-1,3,26
1761623495.3120508,-5,3,16
1761623495.3500507,-7,1,31
1761623495.3880508,4,8,30
1761623495.4240508,5,0,32
1761623495.462051,-1,2,31
1761623495.5000508,3,6,33
1761623495.538051,-5,0,33
1761623495.5750508,0,-1,33
1761623495.6120508,4,5,24
1761623495.6500506,-4,1,23
1761623495.6880507,-6,-2,38
1761623495.7240508,-3,-7,29
1761623495.7620506,0,0,32
1761623495.8000507,-5,1,24
1761623495.8380508,-3,3,22
1761623495.8740506,0,3,38
1761623495.9110508,1,0,27
1761623495.949051,4,1,37
1761623495.985051,3,-1,37
1761623496.0230508,4,0,37
1761623496.0600507,1,-10,42
1761623496.0980508,3,-9,22
1761623496.1340508,7,-7,49
1761623496.1710508,0,-9,31
1761623496.209051,3,0,18
1761623496.245051,-2,-1,12
1761623496.2820508,-6,0,34
1761623496.3200507,4,-3,24
1761623496.3580508,2,-1,28
1761623496.3940508,0,-3,33
1761623496.4310508,0,1,23
1761623496.4700508,4,4,20
1761623496.508051,0,-7,27
1761623496.5440507,-4,-6,31
1761623496.5810506,0,-2,26
1761623496.620051,-4,0,34
1761623496.6560507,2,-3,25
1761623496.6940508,5,4,36
1761623496.7310507,1,-1,33
1761623496.7700508,1,-1,41
1761623496.8060508,2,-9,36
1761623496.8440506,4,0,34
1761623496.8810508,-6,-2,31
1761623496.9200506,3,2,40
1761623496.9560506,9,-1,49
1761623496.9940507,7,0,40
1761623497.0310507,0,6,38
1761623497.0700507,-3,-1,28
1761623497.1060507,-2,-3,30
1761623497.1440508,2,-1,29
1761623497.1810508,1,-3,30
1761623497.2190506,2,-3,25
1761623497.255051,-7,0,22
1761623497.2920508,3,1,28
1761623497.3300507,1,-1,29
1761623497.3660507,9,0,35
1761623497.403051,6,-5,33
1761623497.4400508,2,-6,43
1761623497.4790506,-2,0,33
1761623497.5150506,-1,0,28
1761623497.5530508,3,0,36
1761623497.5910506,6,0,33
1761623497.6290507,-4,1,36
1761623497.6650507,8,-2,24
1761623497.7030506,5,3,29
1761623497.7410507,4,5,38
1761623497.7790508,-2,4,35
1761623497.8150508,-4,3,27
1761623497.8530507,-7,-4,26
1761623497.8910508,-7,0,20
1761623497.9300506,5,4,38
1761623497.9660506,0,-1,31
1761623498.0030508,9,0,35
1761623498.0490508,-4,7,18
1761623498.0850508,-6,5,16
1761623498.1220508,-6,-1,34
1761623498.1610508,1,1,32
1761623498.199051,9,-1,24
1761623498.235051,3,-5,27
1761623498.2720506,0,2,36
1761623498.3100507,-1,-5,28
1761623498.3460507,0,1,35
1761623498.383051,-1,2,34
1761623498.4210508,0,0,34
1761623498.4600508,-1,0,39
1761623498.4960508,-2,5,38
1761623498.5330508,0,1,18
1761623498.5710506,2,10,28
1761623498.6090508,0,0,23
1761623498.6450508,-1,0,34
1761623498.6820507,3,-3,33
1761623498.7210507,-2,2,29
1761623498.7570508,-2,-1,13
1761623498.7950506,4,-2,30
1761623498.8320508,-2,0,39
1761623498.8710508,-3,-1,38
1761623498.9070508,0,-1,40
1761623498.9450507,7,-2,41
1761623498.982051,4,-2,44
1761623499.0210507,2,0,41
1761623499.0570507,-6,3,37
1761623499.0950508,0,3,32
1761623499.1320508,3,-1,38
1761623499.1700506,0,-2,41
1761623499.2060506,4,-2,39
1761623499.2430508,4,-5,48
1761623499.2810507,-8,-5,38
1761623499.3170507,-5,-7,33
1761623499.3540506,0,-7,33
1761623499.3910508,5,-3,29
1761623499.4300506,7,-4,31
1761623499.4660506,0,-6,34
1761623499.5040507,4,-4,46
1761623499.541051,1,-1,31
1761623499.5800507,-1,0,33
1761623499.6160507,1,4,19
1761623499.6540508,0,-5,35
1761623499.6920507,4,-2,25
1761623499.7300508,7,0,41
1761623499.7660508,8,0,26
1761623499.8040507,-3,0,26
1761623499.8420508,0,0,28
1761623499.880051,-6,-4,48
1761623499.916051,-7,-4,41
1761623499.9540508,0,-5,32
1761623499.9920506,0,3,42
1761623500.0300508,1,-2,30
1761623500.0660508,9,0,32
1761623500.1040506,1,-6,29
1761623500.143051,2,-3,29
1761623500.1810508,-5,0,21
1761623500.2170508,-5,-5,29
1761623500.2540507,4,-3,35
1761623500.2920508,0,2,34
1761623500.3300507,0,5,27
1761623500.3660507,0,2,26
1761623500.403051,0,4,30
1761623500.4410508,0,-3,38
1761623500.4770508,-2,2,41
1761623500.5140507,2,-1,35
1761623500.5520508,5,-3,33
1761623500.5900507,5,-1,22
1761623500.6260507,-1,1,22
1761623500.663051,1,2,35
1761623500.7020507,0,2,36
1761623500.7400508,0,2,33
1761623500.7760508,-3,2,29
1761623500.814051,-4,1,25
1761623500.8520508,-4,-2,24
1761623500.8900506,-4,0,38
1761623500.926051,-4,-4,30
1761623500.9640508,-3,-4,28
1761623501.0020506,-1,-7,28
1761623501.041051,0,-1,27
1761623501.0770507,-4,0,41
1761623501.1140506,-1,-4,22
1761623501.1520507,-6,0,31
1761623501.1910508,2,3,35
1761623501.2270508,-1,-2,18
1761623501.2650506,3,-6,21
1761623501.3030508,4,-3,22
1761623501.3410506,2,0,40
1761623501.3770506,-6,0,33
1761623501.4140508,0,3,30
1761623501.4520507,6,-1,27
1761623501.4880507,0,1,25
1761623501.5260508,-4,3,36
1761623501.5630507,5,-2,36
1761623501.6020508,-6,1,34
1761623501.6380508,-1,1,36
1761623501.676051,-2,0,28
1761623501.7130508,1,-6,34
1761623501.7510507,-8,-2,29
1761623501.7870507,0,-2,30
1761623501.824051,0,-7,30
1761623501.8620508,2,-2,36
1761623501.8980508,0,-6,35
1761623501.9350507,0,0,22
1761623501.9730508,-3,-4,25
1761623502.0110507,2,0,38
1761623502.0470507,-3,0,30
1761623502.0850508,5,2,39
1761623502.1230507,-1,5,36
1761623502.1610508,6,5,35
1761623502.1970508,1,2,35
1761623502.2340508,1,-4,25
1761623502.2730508,-3,-8,18
1761623502.311051,0,-5,22
1761623502.347051,-6,0,31
1761623502.3840508,1,-5,29
1761623502.4230506,0,0,40
1761623502.4610507,2,-4,44
1761623502.4970508,1,-5,41
1761623502.5340507,0,-7,35
1761623502.5730507,-5,0,41
1761623502.6110508,-2,0,37
1761623502.6470506,-3,-5,29
1761623502.6840508,2,-4,26
1761623502.7230508,-4,2,32
1761623502.7610507,-5,-2,36
1761623502.7970507,-2,-4,26
1761623502.8350508,0,-1,39
1761623502.8730507,0,-5,29
1761623502.9110508,5,-4,38
1761623502.9470508,6,-8,23
1761623502.9840508,-4,-9,20
1761623503.0230508,-2,0,27
1761623503.061051,3,-1,34
1761623503.097051,2,-6,39
1761623503.1340508,7,-6,37
1761623503.1730506,6,-2,31
1761623503.209051,0,-2,30
1761623503.2470508,0,0,24
1761623503.2840507,-8,-5,30
1761623503.3230507,1,-3,27
1761623503.3590508,-2,0,27
1761623503.3970506,-5,-1,18
1761623503.4350507,5,0,25
1761623503.4730508,0,5,40
1761623503.5090508,0,0,41
1761623503.5470507,0,-4,39
1761623503.584051,0,-2,41
1761623503.6220508,0,-2,34
1761623503.6580508,0,-3,38
1761623503.6950507,-7,-5,38
1761623503.7330508,1,-3,34
1761623503.7690508,-1,3,43
1761623503.8060508,-6,0,34
1761623503.8440506,-9,2,31
1761623503.8820508,-3,1,45
1761623503.9180508,-2,-5,36
1761623503.9560506,-4,-5,35
1761623503.995051,1,0,33
1761623504.0330508,-1,-4,29
1761623504.0690508,2,-9,28
1761623504.1060507,-1,-3,26
1761623504.1440508,-1,-1,26
1761623504.1830506,2,1,33
1761623504.2190506,-4,-3,39
1761623504.2560508,-4,-1,36
1761623504.2940507,2,1,30
1761623504.3320508,3,0,28
1761623504.3680508,3,-4,30
1761623504.4060507,-6,-2,28
1761623504.4440508,-1,-3,31
1761623504.4830508,-1,-6,30
1761623504.5190508,-3,-4,33
1761623504.5560508,-6,-6,44
1761623504.5940506,-7,2,30
1761623504.6320508,-4,-7,31
1761623504.6680508,1,-3,34
1761623504.7050507,1,2,36
1761623504.7430508,4,-4,35
1761623504.7790508,1,-4,31
1761623504.8160508,5,-3,30
1761623504.8540506,-10,0,25
1761623504.8920507,-7,-1,19
1761623504.9280508,0,-4,26
1761623504.9660506,-6,-6,19
1761623505.0040507,-5,-4,26
1761623505.0430508,-5,-3,30
1761623505.0790508,3,-2,41
1761623505.1160507,3,5,37
1761623505.1540508,4,5,30
1761623505.1920507,-1,-3,33
1761623505.2280507,-10,2,34
1761623505.2660508,-11,0,33
1761623505.3040507,-4,7,31
1761623505.3400507,-3,3,35
1761623505.3770506,7,4,26
1761623505.4140508,-1,-1,32
1761623505.4530506,-1,-1,41
1761623505.4890506,0,-6,39
1761623505.5260508,-3,0,28
1761623505.564051,0,-1,27
1761623505.6000507,10,4,35
1761623505.6380508,-2,-2,46
1761623505.6750507,-7,-2,34
1761623505.7140508,0,0,30
1761623505.7500508,3,0,31
1761623505.788051,-5,-10,41
1761623505.8250508,-1,-5,34
1761623505.8640506,7,-7,29
1761623505.9000506,0,-7,30
1761623505.9370508,-2,0,28
1761623505.9750507,-1,4,28
1761623506.0130508,-5,-3,31
1761623506.0490508,-1,-3,25
1761623506.0860507,-1,0,34
1761623506.1240506,-4,-2,34
1761623506.163051,-4,-4,33
1761623506.199051,1,-5,29
1761623506.2360508,-7,-8,21
1761623506.2750506,-7,-2,24
1761623506.3130507,-5,2,33
1761623506.3490508,-3,0,33
1761623506.3860507,5,0,25
1761623506.4250507,6,2,35
1761623506.4630508,0,6,35
1761623506.4990506,2,0,45
1761623506.5360508,6,-2,46
1761623506.5750508,-5,-9,41
1761623506.6130507,-11,-4,29
1761623506.6490507,-4,0,34
1761623506.686051,4,-2,31
1761623506.7250507,-2,0,34
1761623506.7630508,-10,1,30
1761623506.7990508,-2,-6,30
1761623506.8360507,1,-8,22
1761623506.8750508,-5,-1,20
1761623506.913051,0,-2,25
1761623506.949051,-4,-5,26
1761623506.9860508,-2,3,22
1761623507.0250506,-5,0,35
1761623507.0630507,3,0,44
1761623507.0990508,6,-3,37
1761623507.1360507,-1,-10,43
1761623507.1750507,-1,3,39
1761623507.2130508,3,-1,37
1761623507.2490506,2,-4,36
1761623507.2860508,0,3,17
1761623507.3250508,1,0,28
1761623507.3630507,2,-3,34
1761623507.3990507,-2,-7,33
1761623507.436051,1,5,27
1761623507.4750507,1,-8,35
1761623507.5110507,-4,-2,34
1761623507.5490508,-3,0,38
1761623507.587051,-1,4,18
1761623507.6250508,-1,-5,40
1761623507.6640508,-2,-1,24
1761623507.7000508,0,1,35
1761623507.7370508,-2,0,25
1761623507.7750506,-1,-1,38
1761623507.811051,3,-5,38
1761623507.8490508,-1,-1,29
1761623507.8870506,0,-5,26
1761623507.926051,-1,-5,35
1761623507.9640508,-4,-6,35
1761623508.0000508,-4,-7,29
1761623508.0370507,-3,-8,33
1761623508.0810506,0,1,42
1761623508.1180508,0,-4,29
1761623508.1560507,2,-4,21
1761623508.1940508,-2,0,38
1761623508.2300508,-7,-9,40
1761623508.268051,0,-7,28
1761623508.3060508,1,-5,27
1761623508.3440506,-6,-5,33
1761623508.380051,2,1,28
1761623508.4170508,-3,0,32
1761623508.4560506,-2,3,32
1761623508.4940507,4,0,33
1761623508.5300508,0,-1,31
1761623508.5680506,3,0,26
1761623508.6060507,5,-3,29
1761623508.6440508,6,0,33
1761623508.6800506,0,-2,33
1761623508.7170508,-2,-3,33
1761623508.7560508,4,-5,33
1761623508.7940507,0,-5,23
1761623508.8300507,0,-2,23
1761623508.8680508,2,2,25
1761623508.9060507,1,-3,31
1761623508.9440508,0,0,31
1761623508.9800508,1,-3,18
1761623509.018051,2,-2,27
1761623509.0560508,0,-7,22
1761623509.0940506,-2,-3,20
1761623509.130051,-2,0,29
1761623509.1680508,-8,-1,32
1761623509.2060506,-5,0,29
1761623509.245051,-10,1,29
1761623509.2810507,-10,-6,24
1761623509.3180506,-4,-3,19
1761623509.3560507,-3,3,18
1761623509.3950508,-2,1,31
1761623509.4310508,2,-3,23
1761623509.4680507,6,-2,22
1761623509.5060508,2,4,29
1761623509.5440507,-3,-6,26
1761623509.5800507,-2,-7,31
1761623509.6180508,0,-2,22
1761623509.6560507,1,-5,21
1761623509.6940508,2,-9,23
1761623509.7300508,1,-7,17
1761623509.7670507,1,-10,33
1761623509.8060508,3,-2,29
1761623509.8420508,0,-6,32
1761623509.880051,-6,-1,24
1761623509.9170508,0,-3,36
1761623509.9560506,-2,0,28
1761623509.9920506,0,1,24
1761623510.0290508,0,-3,21
1761623510.0660508,0,1,31
1761623510.1020508,-1,-2,35
1761623510.1390507,0,-3,29
1761623510.1770508,2,-9,29
1761623510.2160506,-3,1,39
1761623510.2520506,2,-1,36
1761623510.2890508,0,-5,26
1761623510.3260508,-1,-5,24
1761623510.3650508,0,6,26
1761623510.4010508,4,6,29
1761623510.4380507,6,8,29
1761623510.4770508,3,4,28
1761623510.5150506,1,-2,31
1761623510.5520508,2,-7,31
1761623510.5890508,1,-7,35
1761623510.6270506,5,-6,33
1761623510.6650507,0,-8,35
1761623510.7010508,2,-10,37
1761623510.7380507,-9,-2,36
1761623510.7770507,-7,-4,31
1761623510.8150508,-7,-4,36
1761623510.8510506,-6,1,29
1761623510.8880508,-7,1,43
1761623510.9270508,1,5,38
1761623510.9650507,-1,3,35
1761623511.0010507,-6,0,32
1761623511.038051,-7,0,23
1761623511.0770507,-7,0,27
1761623511.1150508,-3,3,39
1761623511.1510508,0,0,41
1761623511.1880507,0,-4,27
1761623511.2270508,0,-7,19
1761623511.2650506,-7,-2,26
1761623511.301051,0,1,27
1761623511.3380508,4,3,22
1761623511.3770506,4,2,29
1761623511.4150507,2,-2,25
1761623511.4510508,6,4,20
1761623511.4880507,9,-2,26
1761623511.5270507,8,7,31
1761623511.5650508,1,0,19
1761623511.6010506,1,0,33
1761623511.6380508,1,-4,31
1761623511.676051,1,3,32
1761623511.712051,-6,4,17
1761623511.7490506,-8,0,24
1761623511.7870507,0,2,36
1761623511.8230507,0,0,46
1761623511.860051,-2,-5,38
1761623511.8980508,-6,-2,23
1761623511.9370508,3,2,29
1761623511.9730508,-2,1,31
1761623512.0100508,0,-1,29
1761623512.0470507,6,-5,33
1761623512.0830507,-1,0,34
1761623512.120051,-2,3,33
1761623512.1570508,-2,3,29
1761623512.1960506,2,0,31
1761623512.232051,-2,-5,33
1761623512.2690508,4,-3,27
1761623512.3070507,3,-1,36
1761623512.3460507,-10,0,33
1761623512.3820508,-8,5,23
1761623512.4190507,-2,2,26
1761623512.4570508,-2,0,20
1761623512.4930508,4,6,28
1761623512.5300508,-4,-2,18
1761623512.5680506,1,2,32
1761623512.6060507,-2,-6,29
1761623512.6420507,-7,-8,25
1761623512.6790507,-7,-3,26
1761623512.7180507,-8,-2,30
1761623512.7560508,-2,0,32
1761623512.7920508,1,0,35
1761623512.8290508,-1,-5,31
1761623512.8680508,-1,-4,37
1761623512.9060507,-4,-5,34
1761623512.9420507,-6,-1,43
1761623512.9790506,-12,3,41
1761623513.0170507,-1,0,33
1761623513.0530508,-1,1,22
1761623513.0900507,1,3,38
1761623513.1280508,2,-1,27
1761623513.166051,-2,0,28
1761623513.2020507,0,0,34
1761623513.2390506,-6,2,28
1761623513.278051,0,4,31
1761623513.3160508,-1,2,40
1761623513.3520508,-5,4,34
1761623513.3890507,1,2,29
1761623513.4270508,-1,-5,33
1761623513.4630508,3,-7,26
1761623513.5000508,3,4,26
1761623513.538051,-2,0,27
1761623513.5760508,4,-2,36
1761623513.6120508,-1,-1,33
1761623513.6500506,-3,0,36
1761623513.6880507,-7,0,38
1761623513.7260506,0,0,37
1761623513.7620506,-1,0,30
1761623513.8000507,0,-8,38
1761623513.8380508,-1,-5,39
1761623513.8760507,-6,-5,36
1761623513.9120507,-1,-6,42
1761623513.9500508,2,0,47
1761623513.9880507,0,0,35
1761623514.0240507,6,-6,24
1761623514.061051,1,-2,33
1761623514.0980508,2,3,24
1761623514.1340508,5,1,20
1761623514.1710508,2,-1,16
1761623514.209051,1,6,20
1761623514.2470508,-5,6,25
1761623514.2840507,1,4,19
1761623514.3210506,6,-2,34
1761623514.3590508,3,-1,29
1761623514.3970506,8,3,32
1761623514.4330506,3,0,26
1761623514.4710507,-2,0,27
1761623514.508051,-7,-2,40
1761623514.5470507,-9,-2,24
1761623514.5830507,-9,-1,25
1761623514.6210508,-4,0,31
1761623514.6580508,7,7,38
1761623514.6940508,6,3,28
1761623514.7310507,9,-1,21
1761623514.7690508,2,-5,34
1761623514.8080506,1,-4,29
1761623514.8440506,-7,1,25
1761623514.8810508,-2,0,27
1761623514.9190507,-1,-6,33
1761623514.9570508,-2,-9,28
1761623514.9930508,-2,0,41
1761623515.0300508,-1,1,30
1761623515.0680506,0,0,21
1761623515.1040506,0,-2,25
1761623515.1410508,0,-2,26
1761623515.1790507,-1,-6,24
1761623515.2170508,-1,-1,31
1761623515.2530508,-7,-2,33
1761623515.291051,2,0,29
1761623515.3290508,3,0,24
1761623515.3670506,-2,-2,24
1761623515.403051,-4,1,36
1761623515.4410508,4,2,38
1761623515.4790506,3,2,44
1761623515.5170507,-1,1,31
1761623515.5530508,-1,0,28
1761623515.5910506,-3,-4,40
1761623515.6290507,3,-5,33
1761623515.6680508,-4,1,38
1761623515.7040508,-5,-1,37
1761623515.7410507,-2,1,44
1761623515.7790508,-6,-3,30
1761623515.8180506,-4,-7,36
1761623515.8540506,1,-6,28
1761623515.8910508,4,-4,25
1761623515.9290507,0,-4,30
1761623515.9670508,-1,-2,32
1761623516.0030508,-4,6,23
1761623516.041051,3,-2,22
1761623516.0790508,-12,2,38
1761623516.1150508,-9,10,26
1761623516.1520507,-7,3,35
1761623516.1900508,0,-3,33
1761623516.2290506,-6,-4,23
1761623516.2650506,-9,-7,23
1761623516.3020508,-2,-3,31
1761623516.3400507,-4,-2,34
1761623516.3790507,0,-1,36
1761623516.4150507,0,4,39
1761623516.4520507,-5,0,34
1761623516.4890506,-3,-8,29
1761623516.528051,-3,-2,32
1761623516.564051,-3,-2,36
1761623516.6020508,1,-1,34
1761623516.6390507,0,-4,37
1761623516.6750507,-3,0,27
1761623516.712051,7,-4,28
1761623516.7490506,-6,-2,28
1761623516.788051,-7,-6,42
1761623516.824051,-3,-4,25
1761623516.8610508,-7,-5,42
1761623516.8990507,-7,-3,32
1761623516.9380507,-2,7,33
1761623516.9740508,4,1,42
1761623517.0110507,-3,-2,38
1761623517.0500507,-3,-1,41
1761623517.0880508,2,0,28
1761623517.1240506,2,0,24
1761623517.1610508,-4,0,32
1761623517.199051,-8,5,43
1761623517.235051,-1,2,45
1761623517.2720506,7,3,30
1761623517.3100507,0,1,29
1761623517.3480508,-14,1,26
1761623517.3840508,-8,5,24
1761623517.4210508,0,-3,30
1761623517.459051,3,2,30
1761623517.495051,3,-2,24
1761623517.5320508,2,4,30
1761623517.5700507,0,6,31
1761623517.6080508,-1,10,24
1761623517.6440508,1,3,33
1761623517.6810508,1,2,17
1761623517.7190506,3,2,30
1761623517.755051,0,0,33
1761623517.7920508,0,-4,16
1761623517.8300507,7,0,41
1761623517.8680508,3,2,23
1761623517.9040508,-3,-1,28
1761623517.9420507,0,2,25
1761623517.9800508,-3,1,23
1761623518.018051,-3,-5,33
1761623518.0540507,-1,2,34
1761623518.1000507,9,0,21
1761623518.1380508,1,-4,25
1761623518.1740508,-1,-4,14
1761623518.212051,0,-3,26
1761623518.2500508,-2,-5,37
1761623518.2860508,-4,-5,29
1761623518.3230507,5,-8,21
1761623518.360051,2,-5,26
1761623518.3960507,7,-2,31
1761623518.4330506,4,1,26
1761623518.4700508,6,2,28
1761623518.5060508,1,2,29
1761623518.5430508,0,-7,35
1761623518.5800507,-1,4,44
1761623518.6160507,-3,-2,31
1761623518.6540508,-5,0,37
1761623518.6910508,-6,1,31
1761623518.7290506,-3,1,33
1761623518.7650506,0,6,29
1761623518.8020508,3,0,14
1761623518.8400507,2,3,23
1761623518.8760507,-2,-1,20
1761623518.9140508,0,0,25
1761623518.9510508,5,0,33
1761623518.9890506,1,-6,31
1761623519.0250506,0,-4,25
1761623519.0620508,-8,-1,37
1761623519.1000507,-12,1,36
1761623519.1390507,-8,-6,30
1761623519.1750507,-5,-1,26
1761623519.212051,2,1,25
1761623519.2500508,-2,3,39
1761623519.2860508,0,2,42
1761623519.3230507,0,2,39
1761623519.3610508,-2,-6,39
1761623519.3990507,-8,-3,35
1761623519.4350507,-5,-1,36
1761623519.472051,0,-2,33
1761623519.5110507,-1,1,24
1761623519.5490508,-1,-2,34
1761623519.5850508,2,-1,26
1761623519.6220508,1,0,24
1761623519.6600506,-2,-1,34
1761623519.6960506,-2,0,26
1761623519.7330508,-8,0,34
1761623519.7710507,-3,2,37
1761623519.8090508,-4,-3,32
1761623519.8450508,-2,0,29
1761623519.883051,2,2,35
1761623519.9210508,2,0,36
1761623519.959051,-9,0,23
1761623519.995051,-6,3,23
1761623520.0320508,-1,1,39
1761623520.0710506,4,3,37
1761623520.1090508,3,3,38
1761623520.1450508,7,1,29
1761623520.1820507,-4,0,31
1761623520.2210507,1,7,32
1761623520.2590508,0,2,37
1761623520.2950506,4,-3,28
1761623520.3320508,0,1,25
1761623520.370051,4,4,25
1761623520.4060507,7,8,30
1761623520.4430506,2,0,32
1761623520.4810507,2,-1,39
1761623520.5170507,-1,-7,27
1761623520.5540507,-3,-3,26
1761623520.5920508,-1,-1,29
1761623520.6310508,-6,-1,30
1761623520.6670508,0,1,32
1761623520.7040508,-3,-3,33
1761623520.7420506,0,0,29
1761623520.7800508,-3,3,28
1761623520.8160508,0,6,31
1761623520.8530507,2,3,30
1761623520.8910508,-7,2,31
1761623520.9270508,-3,3,29
1761623520.9640508,2,-5,36
1761623521.0010507,7,-2,26
1761623521.0370507,5,1,41
1761623521.0750508,5,0,35
1761623521.1120508,0,6,27
1761623521.1500506,-1,-4,37
1761623521.186051,-1,-1,34
1761623521.2250507,8,-1,31
1761623521.2620506,7,-10,30
1761623521.301051,2,-2,38
1761623521.337051,1,-4,37
1761623521.3740506,1,-2,31
1761623521.4120507,0,4,14
1761623521.4500508,-7,-3,17
1761623521.4860508,-6,-2,17
1761623521.5240507,-1,3,23
1761623521.5620508,2,3,19
1761623521.6000507,-3,10,23
1761623521.6360507,-3,-2,29
1761623521.6740508,-7,-4,22
1761623521.712051,0,-2,25
1761623521.7500508,1,0,28
1761623521.7860508,-2,-5,25
1761623521.824051,-2,0,18
1761623521.8620508,-9,-1,28
1761623521.9000506,-11,4,21
1761623521.936051,-8,6,26
1761623521.9730508,2,-1,28
1761623522.0110507,7,0,26
1761623522.0470507,3,-1,34
1761623522.084051,3,1,33
1761623522.1220508,0,0,21
1761623522.1600506,0,0,29
1761623522.1960506,-6,-3,31
1761623522.2330508,-5,-10,34
1761623522.2720506,-6,0,28
1761623522.3100507,4,-5,26
1761623522.3460507,-1,-1,33
1761623522.383051,7,0,39
1761623522.4210508,1,-3,39
1761623522.4570508,-4,-2,30
1761623522.495051,-8,-8,33
1761623522.5340507,-6,4,37
1761623522.5720508,8,1,36
1761623522.6080508,4,4,32
1761623522.6450508,1,1,40
1761623522.6820507,4,0,36
1761623522.7180507,0,6,39
1761623522.755051,1,4,32
1761623522.7930508,0,0,30
1761623522.8310506,4,0,32
1761623522.8670506,0,-5,31
1761623522.9050508,-3,-1,37
1761623522.9420507,1,1,31
1761623522.9780507,4,-4,33
1761623523.0150506,2,-4,34
1761623523.0520508,-4,-6,27
1761623523.0910506,0,-5,33
1761623523.1270506,-1,-9,42
1761623523.1640508,-1,-3,34
1761623523.2020507,1,-6,28
1761623523.2380507,-3,-9,37
1761623523.2750506,-5,-4,30
1761623523.3130507,-9,-4,32
1761623523.3520508,-9,-1,41
1761623523.3880508,4,-4,38
1761623523.4250507,-2,5,40
1761623523.462051,-3,-4,25
1761623523.5010507,2,1,11
1761623523.5370507,-3,0,24
1761623523.574051,-3,0,42
1761623523.6120508,-9,-7,41
1761623523.6490507,-1,-7,35
1761623523.686051,1,-5,34
1761623523.7230508,0,-5,25
1761623523.7620506,-2,-5,27
1761623523.7990508,-3,-5,25
1761623523.8360507,-2,0,25
1761623523.8730507,0,-4,46
1761623523.9120507,-2,6,39
1761623523.9480507,6,4,35
1761623523.985051,2,-2,27
1761623524.0240507,5,3,49
1761623524.0620508,0,-4,35
1761623524.0980508,0,-2,25
1761623524.1360507,0,0,22
1761623524.1740508,0,2,24
1761623524.212051,0,-5,38
1761623524.2480507,-5,0,32
1761623524.2850506,-3,5,30
1761623524.324051,1,4,30
1761623524.3620508,0,-1,25
1761623524.3980508,-1,0,33
1761623524.4350507,-2,-2,30
1761623524.4730508,1,-4,34
1761623524.5110507,-3,-2,38
1761623524.5470507,-4,-2,31
1761623524.5850508,-1,-3,23
1761623524.6230507,-4,-8,39
1761623524.6620507,-6,3,31
1761623524.6980507,-4,-1,36
1761623524.735051,2,0,39
1761623524.7730508,-5,-3,30
1761623524.811051,-4,0,38
1761623524.847051,7,-3,32
1761623524.8850508,2,-8,39
1761623524.9230506,-1,-9,35
1761623524.962051,-7,-3,28
1761623524.9980507,0,-2,23
1761623525.0350506,0,-1,26
1761623525.0730507,1,-2,30
1761623525.1120508,7,0,24
1761623525.1480508,7,-1,28
1761623525.1850507,1,-5,24
1761623525.2230508,1,0,26
1761623525.2590508,6,0,40
1761623525.2960508,2,-7,34
1761623525.3330507,0,-6,30
1761623525.3690507,0,0,13
1761623525.4060507,7,-6,29
1761623525.4430506,4,-2,39
1761623525.4790506,6,1,34
1761623525.5160508,3,0,33
1761623525.5540507,0,2,38
1761623525.5920508,2,-5,36
1761623525.6280508,-1,-3,29
1761623525.6650507,0,-1,22
1761623525.7030506,2,6,36
1761623525.7390506,4,1,37
1761623525.7770507,6,0,31
1761623525.814051,3,-3,36
1761623525.8530507,2,-3,37
1761623525.8890507,7,0,37
1761623525.926051,0,7,35
1761623525.9640508,-1,0,38
1761623526.0020506,-2,-6,22
1761623526.038051,4,-7,34
1761623526.0750508,0,1,39
1761623526.1130507,-3,7,33
1761623526.1490507,3,1,31
1761623526.186051,-1,-2,16
1761623526.2250507,2,-2,35
1761623526.2630508,4,-6,32
1761623526.2990508,8,-3,30
1761623526.3360507,2,3,24
1761623526.3740506,-1,3,31
1761623526.4120507,-3,-4,28
1761623526.4480507,-2,-6,23
1761623526.4860508,1,-11,34
1761623526.5240507,3,-6,35
1761623526.5620508,8,-11,41
1761623526.5980508,7,-5,47
1761623526.6360507,5,-1,45
1761623526.6740508,-6,0,26
1761623526.7130508,1,0,29
1761623526.7490506,5,4,33
1761623526.7860508,8,-6,41
1761623526.824051,-2,-3,25
1761623526.8620508,-4,0,38
1761623526.8980508,4,4,39
1761623526.9350507,3,-4,26
1761623526.9730508,-3,0,16
1761623527.0090508,6,-6,18
1761623527.0460508,-2,-2,22
1761623527.084051,-3,0,25
1761623527.1230507,-15,-2,30
1761623527.1590507,-11,-2,31
1761623527.1960506,-1,-3,31
1761623527.2340508,-1,-1,38
1761623527.2730508,3,4,37
1761623527.3090508,8,-2,46
1761623527.347051,2,0,49
1761623527.3840508,-5,-5,33
1761623527.4230506,-2,1,38
1761623527.459051,0,-1,40
1761623527.4960508,-2,-4,31
1761623527.5340507,-6,-4,30
1761623527.5730507,-3,-3,31
1761623527.6090508,0,0,25
1761623527.6460507,0,-4,34
1761623527.6840508,-7,-5,37
1761623527.7200508,0,0,42
1761623527.7570508,-1,-4,36
1761623527.7950506,-3,-1,43
1761623527.834051,-3,0,32
1761623527.870051,-3,-5,32
1761623527.9080508,0,-4,29
1761623527.9450507,1,-5,22
1761623527.9830508,1,2,25
1761623528.0190508,4,-1,29
1761623528.0560508,-5,2,24
1761623528.1000507,-1,-3,26
1761623528.1380508,9,-4,30
1761623528.176051,2,-7,35
1761623528.2140508,2,-7,44
1761623528.2500508,0,0,36
1761623528.2870507,9,0,38
1761623528.3250508,5,-6,45
1761623528.3630507,2,-1,29
1761623528.3990507,0,-3,26
1761623528.4370508,3,1,41
1761623528.4750507,0,-1,34
1761623528.5130508,5,-3,34
1761623528.5490508,2,-4,37
1761623528.587051,3,0,27
1761623528.6250508,6,2,42
1761623528.663051,-9,5,37
1761623528.699051,-8,6,30
1761623528.7370508,-6,-1,24
1761623528.7750506,-5,-3,34
1761623528.814051,-10,-3,35
1761623528.8500507,-5,-3,26
1761623528.8890507,-2,-4,29
1761623528.926051,0,-7,23
1761623528.9640508,-1,-1,20
1761623529.0000508,-2,-6,33
1761623529.0370507,-1,-6,17
1761623529.0750508,0,0,36
1761623529.1110508,4,1,35
1761623529.1480508,0,-6,28
1761623529.186051,-3,-8,32
1761623529.2250507,2,0,25
1761623529.2610507,0,3,24
1761623529.2980506,0,-5,25
1761623529.3360507,3,-1,34
1761623529.3740506,0,3,27
1761623529.4100506,-1,-3,23
1761623529.4470508,6,-6,34
1761623529.485051,6,-3,41
1761623529.5210507,6,0,36
1761623529.5580506,3,0,38
1761623529.5950508,3,-1,30
1761623529.6340508,5,1,26
1761623529.6700506,4,1,31
1761623529.7070508,6,0,30
1761623529.745051,-3,-5,14
1761623529.7810507,-2,-4,18
1761623529.8180506,5,1,28
1761623529.8550508,1,-3,29
1761623529.8940508,3,2,18
1761623529.9300506,7,-6,32
1761623529.9670508,6,-7,35
1761623530.0060508,2,0,29
1761623530.0440507,1,-6,26
1761623530.0800507,0,-5,36
1761623530.1180508,-4,-7,24
1761623530.1560507,-1,-3,34
1761623530.1940508,-2,-4,34
1761623530.2300508,-3,-2,41
1761623530.2670507,-3,-6,32
1761623530.3060508,-2,-6,36
1761623530.3440506,-1,0,33
1761623530.380051,-2,3,31
1761623530.4170508,-3,-3,29
1761623530.4560506,-5,-2,30
1761623530.4940507,0,-3,31
1761623530.5300508,4,-3,27
1761623530.5670507,2,0,32
1761623530.6060507,0,3,41
1761623530.6440508,0,0,38
1761623530.6800506,-2,-1,33
1761623530.7170508,-3,1,24
1761623530.7560508,0,-4,24
1761623530.7940507,0,-7,28
1761623530.8300507,7,0,27
1761623530.8670506,5,0,11
1761623530.9060507,5,-5,18
1761623530.9440508,0,-2,18
1761623530.9800508,-4,-4,17
1761623531.0170507,0,-4,22
1761623531.0560508,5,1,25
1761623531.0940506,4,1,17
1761623531.130051,9,-8,33
1761623531.1670508,4,-7,35
1761623531.2050507,-2,-8,36
1761623531.2410507,-7,-5,30
1761623531.278051,-6,0,26
1761623531.3160508,4,-4,25
1761623531.3520508,-8,-8,25
1761623531.3890507,3,-8,40
1761623531.426051,-1,1,37
1761623531.462051,-3,-1,35
1761623531.4990506,-7,-8,30
1761623531.5370507,-7,-5,32
1761623531.5760508,-10,-2,25
1761623531.6120508,-7,2,30
1761623531.6490507,0,-6,28
1761623531.6870508,3,-10,34
1761623531.7250507,12,-4,38
1761623531.7610507,7,-4,42
1761623531.7980506,8,-1,35
1761623531.8360507,14,-3,22
1761623531.8750508,0,0,30
1761623531.9120507,2,0,30
1761623531.949051,-3,5,32
1761623531.9870508,0,-3,26
1761623532.0250506,-9,-4,31
1761623532.061051,-3,-2,35
1761623532.0990508,-4,-5,34
1761623532.1370506,-7,-3,38
1761623532.176051,-5,-7,30
1761623532.212051,0,-11,33
1761623532.2490506,-2,-6,29
1761623532.2870507,2,-4,30
1761623532.3250508,-2,-1,24
1761623532.3610508,0,0,38
1761623532.3980508,2,0,30
1761623532.436051,7,0,36
1761623532.472051,0,4,38
1761623532.5090508,7,3,42
1761623532.5470507,10,-3,31
1761623532.5850508,5,-3,31
1761623532.6210508,2,1,29
1761623532.6580508,1,-3,25
1761623532.6960506,2,-1,37
1761623532.732051,1,3,37
1761623532.7690508,1,3,34
1761623532.8070507,3,-1,31
1761623532.8450508,-2,-1,33
1761623532.8810508,-1,-1,33
1761623532.9190507,-1,-2,34
1761623532.9580507,1,-5,27
1761623532.9960508,-1,-1,29
1761623533.0320508,-1,-6,27
1761623533.0690508,-1,-2,35
1761623533.1080508,0,-6,30
1761623533.1460507,0,0,30
1761623533.1820507,0,-1,22
1761623533.2210507,0,-7,33
1761623533.258051,0,-2,28
1761623533.2960508,-6,-3,33
1761623533.3320508,-2,-6,30
1761623533.3690507,-1,3,34
1761623533.4080508,-3,-2,25
1761623533.4460506,-3,-2,18
1761623533.482051,4,-4,32
1761623533.5200508,1,0,26
1761623533.5570507,-3,-1,23
1761623533.5960507,3,-6,23
1761623533.6320508,3,-4,22
1761623533.6690507,-2,-1,22
1761623533.7070508,-3,-7,42
1761623533.7460508,0,-7,28
1761623533.7820508,-6,1,34
1761623533.8190508,-3,-3,29
1761623533.857051,-5,-2,34
1761623533.8960507,1,-3,25
1761623533.9320507,1,0,32
1761623533.9690506,1,-2,39
1761623534.0070508,0,1,31
1761623534.0430508,5,-1,28
1761623534.0810506,5,0,28
1761623534.1180508,6,-1,21
1761623534.1560507,-2,1,17
1761623534.1920507,-4,4,20
1761623534.2290506,-11,0,11
1761623534.2670507,-6,5,25
1761623534.3030508,4,1,28
1761623534.3400507,3,0,34
1761623534.3780508,4,0,28
1761623534.416051,0,0,30
1761623534.4520507,4,-12,34
1761623534.4890506,-1,-6,27
1761623534.528051,-2,-8,34
1761623534.5660508,-3,0,32
1761623534.6020508,1,-4,30
1761623534.6390507,-4,-2,24
1761623534.6780508,-2,1,31
1761623534.7160506,0,-2,20
1761623534.7520506,-5,-4,16
1761623534.7890508,-4,-8,27
1761623534.8280506,-6,-1,39
1761623534.8660507,2,-4,29
1761623534.9020507,2,-4,27
1761623534.939051,-2,2,34
1761623534.9770508,-6,6,29
1761623535.0130508,-5,-1,32
1761623535.0500507,-1,7,29
1761623535.0880508,5,3,25
1761623535.1260507,0,4,31
1761623535.163051,-3,-3,24
1761623535.2000508,1,1,30
1761623535.2380507,2,-1,21
1761623535.2760508,2,-7,34
1761623535.3120508,1,-5,32
1761623535.3490508,-2,-8,38
1761623535.3880508,-9,-6,38
1761623535.426051,1,-6,23
1761623535.462051,3,0,37
1761623535.4990506,-4,0,38
1761623535.538051,0,-7,33
1761623535.5760508,-1,2,40
1761623535.6120508,4,2,29
1761623535.6490507,2,-1,28
1761623535.6870508,-3,2,30
1761623535.7230508,0,0,27
1761623535.7600508,-3,6,27
1761623535.7980506,2,3,45
1761623535.834051,5,3,32
1761623535.8710508,-1,-3,30
1761623535.9090507,-11,-2,20
1761623535.9480507,-10,-1,22
1761623535.9840508,-6,5,30
1761623536.0210507,0,3,34
1761623536.0580506,1,-11,20
1761623536.097051,0,-8,28
1761623536.133051,1,-5,30
1761623536.1700506,1,1,30
1761623536.2080507,-4,6,25
1761623536.2440507,4,5,29
1761623536.2810507,0,-1,17
1761623536.3180506,0,3,26
1761623536.3540506,0,-3,25
1761623536.393051,-4,1,20
1761623536.4300506,3,1,38
1761623536.4680507,1,1,26
1761623536.5040507,-2,2,29
1761623536.541051,-8,-3,38
1761623536.5790508,-11,1,22
1761623536.6180508,-3,-4,34
1761623536.6540508,1,0,23
1761623536.6910508,0,-1,26
1761623536.7290506,6,4,38
1761623536.7670507,-3,-4,33
1761623536.8030508,-2,-2,40
1761623536.8400507,0,0,23
1761623536.8780508,0,-5,35
1761623536.9140508,-1,-4,34
1761623536.9510508,-2,-6,33
1761623536.9900508,0,-3,31
1761623537.028051,-4,-3,29
1761623537.064051,-3,7,24
1761623537.1010506,-3,4,33
1761623537.1400506,-3,-6,36
1761623537.1780508,0,0,41
1761623537.2140508,0,-1,38
1761623537.2510507,0,-4,32
1761623537.2890508,1,2,34
1761623537.3270507,-1,4,33
1761623537.3630507,7,-2,34
1761623537.4000506,0,-2,35
1761623537.4380507,0,3,31
1761623537.4740508,-7,6,26
1761623537.5110507,-1,4,26
1761623537.5490508,1,2,28
1761623537.587051,4,0,43
1761623537.6230507,-1,10,37
1761623537.6600506,-5,6,30
1761623537.699051,-2,0,37
1761623537.735051,7,0,31
1761623537.7720506,0,-1,28
1761623537.8090508,-4,-4,30
1761623537.8480508,2,-3,32
1761623537.8840508,8,0,33
1761623537.9210508,-2,-4,37
1761623537.959051,-3,-4,20
1761623537.9980507,1,2,26
1761623538.0340507,-6,6,35
1761623538.0710506,-2,7,27
1761623538.1160507,2,4,33
1761623538.1540508,-5,8,31
1761623538.1910508,-3,-5,31
1761623538.2290506,-5,-5,39
1761623538.268051,4,-2,23
1761623538.3040507,-4,-5,30
1761623538.3410506,-3,0,33
1761623538.3790507,-7,0,22
1761623538.4150507,-3,0,21
1761623538.4520507,-5,-1,16
1761623538.4900508,2,4,22
1761623538.5290508,3,-1,24
1761623538.5650508,0,-3,37
1761623538.6020508,3,0,31
1761623538.6390507,1,8,19
1761623538.6750507,3,0,20
1761623538.712051,7,2,16
1761623538.7500508,7,-4,23
1761623538.788051,-5,4,25
1761623538.824051,4,1,35
1761623538.8610508,-4,6,26
1761623538.8990507,-2,-2,27
1761623538.9350507,-1,3,19
1761623538.972051,0,3,20
1761623539.0100508,-5,-1,34
1761623539.0490508,-3,-6,35
1761623539.0850508,1,0,33
1761623539.1230507,0,2,27
1761623539.1600506,2,-4,24
1761623539.199051,-2,-6,26
1761623539.235051,-3,-1,28
1761623539.2720506,-1,1,19
1761623539.3100507,2,2,20
1761623539.3480508,7,2,31
1761623539.3840508,4,0,31
1761623539.4210508,2,5,30
1761623539.459051,5,-1,34
1761623539.495051,7,0,38
1761623539.5330508,-6,0,48
1761623539.5700507,-6,0,47
1761623539.6080508,0,-5,30
1761623539.6440508,4,-2,26
1761623539.6810508,4,-5,29
1761623539.7200508,-2,0,32
1761623539.758051,3,3,28
1761623539.7940507,0,-8,21
1761623539.8310506,-3,-7,39
1761623539.870051,0,0,31
1761623539.9060507,-12,-5,35
1761623539.9440508,0,-3,36
1761623539.982051,1,0,37
1761623540.0200508,-2,5,35
1761623540.0560508,-8,1,28
1761623540.0940506,-3,0,35
1761623540.1310508,0,-1,33
1761623540.1700506,2,-3,42
1761623540.2060506,-1,-3,46
1761623540.2440507,-2,-4,31
1761623540.2820508,10,2,33
1761623540.3200507,8,-2,29
1761623540.3560507,-1,-5,38
1761623540.3940508,0,-7,46
1761623540.4320507,-7,-3,37
1761623540.4700508,-7,-3,29
1761623540.5060508,-7,-5,35
1761623540.5440507,1,-2,17
1761623540.5810506,2,1,25
1761623540.6190507,8,1,29
1761623540.6550508,1,1,28
1761623540.6920507,0,2,29
1761623540.7300508,-5,-6,35
1761623540.7660508,-10,-6,28
1761623540.8040507,-1,-3,31
1761623540.8420508,5,-1,34
1761623540.880051,3,-4,46
1761623540.916051,-3,1,37
1761623540.9530506,-10,2,38
1761623540.9920506,-4,-1,36
1761623541.0300508,-5,-2,39
1761623541.0660508,-2,0,37
1761623541.1030507,-4,-4,24
1761623541.1410508,-12,7,11
1761623541.1790507,-7,-1,16
1761623541.2150507,0,-5,20
1761623541.2520506,-4,-2,25
1761623541.291051,-8,-6,30
1761623541.3290508,-5,-7,39
1761623541.3650508,9,-7,23
1761623541.4020507,-3,-2,28
1761623541.4410508,0,-5,35
1761623541.4800508,0,-6,42
1761623541.5160508,1,-8,41
1761623541.5530508,2,-4,31
1761623541.5910506,1,-2,41
1761623541.6290507,0,-2,30
1761623541.6650507,-1,-1,35
1761623541.7020507,3,0,31
1761623541.7400508,-2,-1,28
1761623541.7760508,-2,-2,22
1761623541.8130507,2,-5,19
1761623541.8510506,1,-2,28
1761623541.8890507,6,-2,27
1761623541.9250507,7,-6,38
1761623541.9630508,5,-5,29
1761623542.0010507,0,1,35
1761623542.0370507,2,-2,30
1761623542.074051,0,2,23
1761623542.1110508,-1,1,31
1761623542.1470506,0,3,29
1761623542.1840508,3,-1,30
1761623542.2210507,-1,-4,34
1761623542.2600508,3,-3,28
1761623542.2960508,0,-3,25
1761623542.3330507,-6,-3,27
1761623542.3710508,1,-3,29
1761623542.4070508,0,-7,31
1761623542.4450507,-7,-5,18
1761623542.4830508,2,-4,17
1761623542.5210507,1,-6,27
1761623542.5570507,-2,-2,34
1761623542.5950508,-1,-1,22
1761623542.633051,8,1,24
1761623542.6710508,1,-4,31
1761623542.7070508,-1,-4,33
1761623542.745051,-6,-6,33
1761623542.7830508,-3,-7,33
1761623542.8210506,-4,-6,30
1761623542.860051,-1,-6,21
1761623542.8960507,6,-3,22
1761623542.9330506,5,2,21
1761623542.9710507,0,0,27
1761623543.0070508,-5,2,30
1761623543.0440507,2,2,24
1761623543.0820508,2,0,37
1761623543.120051,4,-2,35
1761623543.1560507,4,-4,30
1761623543.1930506,-2,-3,31
1761623543.232051,-4,-4,37
1761623543.2700508,1,-8,38
1761623543.3060508,2,-4,32
1761623543.3430507,1,0,30
1761623543.3810508,2,0,28
1761623543.4170508,1,1,31
1761623543.4550507,9,-4,21
1761623543.4920506,6,-5,33
1761623543.5300508,-2,-7,37
1761623543.5660508,3,-2,30
1761623543.6030507,8,-7,29
1761623543.6410508,-6,3,35
1761623543.6770508,-10,2,33
1761623543.7140508,3,4,46
1761623543.7520506,-1,-2,39
1761623543.7900507,0,2,40
1761623543.8260508,0,0,30
1761623543.8630507,-4,-6,37
1761623543.9020507,-2,-8,33
1761623543.9400508,-5,-6,42
1761623543.9770508,-6,-2,32
1761623544.0140507,-11,1,27
1761623544.0520508,6,0,28
1761623544.0900507,2,1,41
1761623544.1260507,3,-3,34
1761623544.1640508,-1,-5,43
1761623544.2020507,-1,-5,43
1761623544.2380507,2,-2,43
1761623544.2750506,5,-3,37
1761623544.3130507,0,2,28
1761623544.3510506,2,-3,34
1761623544.3870506,-2,-4,19
1761623544.4240508,9,-3,19
1761623544.462051,0,-3,34
1761623544.4980507,-3,-1,22
1761623544.5350506,-2,3,32
1761623544.5730507,-1,-4,25
1761623544.6120508,-6,-5,27
1761623544.6480508,0,-2,18
1761623544.6850507,-1,-2,43
1761623544.7230508,1,1,27
1761623544.7610507,0,-5,26
1761623544.7970507,0,-5,23
1761623544.834051,0,-7,31
1761623544.8720508,1,-3,19
1761623544.9080508,-2,-6,26
1761623544.9460506,-4,-1,25
1761623544.9840508,3,-5,35
1761623545.0220506,-2,0,31
1761623545.0580506,-2,-3,35
1761623545.0960507,5,-2,36
1761623545.133051,-2,-4,39
1761623545.1720507,-1,-1,43
1761623545.2080507,4,-6,39
1761623545.245051,-2,0,41
1761623545.2830508,4,-8,39
1761623545.3210506,4,-10,41
1761623545.357051,3,0,30
1761623545.3940508,0,2,25
1761623545.4320507,1,-5,32
1761623545.4680507,0,-1,42
1761623545.5060508,1,-2,38
1761623545.5440507,1,-3,38
1761623545.5830507,-1,-4,34
1761623545.6210508,0,-6,26
1761623545.6570508,7,-6,33
1761623545.6940508,0,-7,39
1761623545.7330508,-8,-5,33
1761623545.7710507,-2,0,18
1761623545.8070507,-5,2,34
1761623545.8440506,-2,-3,28
1761623545.883051,-5,-2,29
1761623545.9210508,-4,-3,31
1761623545.9570508,-7,-1,35
1761623545.995051,-8,-3,36
1761623546.0330508,-4,-6,31
1761623546.0710506,3,2,37
1761623546.107051,2,-1,41
1761623546.1450508,6,-2,38
1761623546.1830506,2,0,37
1761623546.2210507,8,-9,24
1761623546.2570508,-3,-4,36
1761623546.2950506,-5,-1,45
1761623546.3330507,-4,-2,32
1761623546.3690507,-8,0,27
1761623546.4060507,-11,-7,23
1761623546.4440508,-6,1,22
1761623546.4830508,0,5,31
1761623546.5190508,-3,-2,32
1761623546.5570507,0,-3,38
1761623546.5950508,1,-6,29
1761623546.633051,-1,0,36
1761623546.6700506,-5,-4,33
1761623546.7070508,0,1,37
1761623546.745051,4,5,42
1761623546.7830508,2,2,31
1761623546.8200507,0,-5,23
1761623546.857051,-1,0,33
1761623546.8940508,-11,0,34
1761623546.9330506,-8,-3,42
1761623546.9690506,3,-4,33
1761623547.0060508,0,-9,24
1761623547.0430508,-8,-9,29
1761623547.0820508,-10,0,35
1761623547.1180508,-2,3,32
1761623547.1550508,-2,3,31
1761623547.1930506,-9,-4,28
1761623547.2290506,-8,-2,28
1761623547.2660508,-2,-2,27
1761623547.3040507,-3,-2,35
1761623547.3430507,-8,0,33
1761623547.3790507,-4,2,31
1761623547.416051,-5,1,31
1761623547.4540508,-2,-4,39
1761623547.4920506,0,0,43
1761623547.528051,-1,-4,31
1761623547.5660508,2,2,35
1761623547.6040506,0,0,29
1761623547.6420507,-2,-8,31
1761623547.6780508,0,1,25
1761623547.7160506,-1,1,34
1761623547.7540507,0,8,33
1761623547.7920508,-8,1,35
1761623547.8280506,-3,3,33
1761623547.8660507,-9,0,30
1761623547.9040508,-11,-10,40
1761623547.9420507,-8,0,33
1761623547.9780507,-7,-3,33
1761623548.0160508,-7,-8,28
1761623548.0540507,-3,-6,27
1761623548.0930507,0,-2,37
1761623548.1370506,4,3,40
1761623548.1750507,2,2,41
1761623548.2130508,-3,2,23
1761623548.2490506,-1,-3,29
1761623548.2860508,-4,3,32
1761623548.324051,3,0,28
1761623548.3620508,5,2,20
1761623548.3980508,0,1,20
1761623548.4350507,0,0,30
1761623548.4740508,0,0,27
1761623548.5100508,0,0,23
1761623548.5480506,-5,0,36
1761623548.5850508,2,-3,32
1761623548.6240506,-1,-7,37
1761623548.6600506,-2,-1,25
1761623548.6980507,-5,1,26
1761623548.7360508,-8,-1,28
1761623548.7740507,-7,0,30
1761623548.8100507,-4,-4,27
1761623548.8480508,-11,0,32
1761623548.8850508,2,-3,28
1761623548.9240508,1,-6,31
1761623548.9600508,-1,-1,35
1761623548.9970508,3,-1,33
1761623549.0340507,1,-2,19
1761623549.0700507,-6,-3,28
1761623549.1080508,-5,-7,46
1761623549.1460507,-1,-2,32
1761623549.1840508,-5,0,29
1761623549.2230508,-4,-9,33
1761623549.2590508,-3,-3,25
1761623549.2970507,-5,-1,34
1761623549.3350508,-5,-1,26
1761623549.3740506,6,0,25
1761623549.4100506,0,-2,29
1761623549.4470508,1,-1,33
1761623549.485051,0,0,31
1761623549.5230508,-8,3,29
1761623549.5590508,0,-6,28
1761623549.5960507,-2,-7,23
1761623549.6350508,-3,-7,30
1761623549.6730506,-5,-6,26
1761623549.709051,-3,-1,24
1761623549.7470508,-1,-8,23
1761623549.7850506,1,-7,22
1761623549.8230507,2,3,34
1761623549.8590508,4,-1,18
1761623549.8970506,3,-3,18
1761623549.9350507,2,-2,19
1761623549.9730508,-5,-6,36
1761623550.0090508,-3,-4,26
1761623550.0470507,-7,0,38
1761623550.0850508,5,1,42
1761623550.1230507,2,-3,42
1761623550.1590507,3,-7,27
1761623550.1970508,-2,-1,37
1761623550.235051,4,-1,36
1761623550.2730508,2,-6,48
1761623550.3090508,-1,-10,30
1761623550.3460507,6,-2,26
1761623550.3850508,8,-6,26
1761623550.4230506,0,-8,28
1761623550.459051,0,-9,31
1761623550.4960508,4,-2,30
1761623550.5350506,-3,-3,34
1761623550.5730507,1,-2,38
1761623550.6090508,0,-7,33
1761623550.6470506,0,-3,28
1761623550.6850507,0,-2,32
1761623550.7230508,1,0,14
1761623550.7590508,2,-5,23
1761623550.7970507,0,5,20
1761623550.8350508,6,2,33
1761623550.8710508,3,1,28
1761623550.9080508,-2,-1,28
1761623550.9460506,1,-1,38
1761623550.9840508,6,-2,31
1761623551.0200508,2,-5,35
1761623551.0570507,5,-6,25
1761623551.0950508,-2,2,33
1761623551.1310508,3,-1,42
1761623551.1680508,0,1,37
1761623551.2050507,-5,-1,42
1761623551.2440507,-3,0,25
1761623551.2800508,-4,-3,24
1761623551.3180506,-3,0,34
1761623551.3560507,-4,0,36
1761623551.3940508,-2,-12,26
1761623551.4310508,-3,-6,26
1761623551.4680507,4,-3,33
1761623551.505051,4,-10,31
1761623551.541051,-5,-3,31
1761623551.5780506,1,0,27
1761623551.6160507,3,1,25
1761623551.6540508,2,0,33
1761623551.6900508,0,0,38
1761623551.7270508,7,0,32
1761623551.7650506,4,-6,35
1761623551.801051,-10,-8,25
1761623551.8380508,-2,-1,36
1761623551.8760507,2,-6,22
1761623551.9140508,0,-11,28
1761623551.9500508,-2,-6,31
1761623551.9870508,0,-7,31
1761623552.0260508,0,5,40
1761623552.064051,3,-6,27
1761623552.1000507,-1,-3,22
1761623552.1370506,1,0,30
1761623552.1750507,6,3,37
1761623552.2110507,2,1,32
1761623552.2480507,0,0,27
1761623552.2860508,-5,2,26
1761623552.324051,-1,-4,32
1761623552.360051,-5,-4,31
1761623552.3980508,5,-2,34
1761623552.436051,1,-7,39
1761623552.4740508,0,-4,40
1761623552.5100508,0,4,33
1761623552.5470507,-2,6,26
1761623552.5860507,-3,-3,26
1761623552.6240506,0,-3,27
1761623552.6600506,-2,-5,26
1761623552.6980507,0,-5,23
1761623552.7360508,5,-6,33
1761623552.7740507,1,-4,36
1761623552.8100507,-1,-5,32
1761623552.8480508,-3,-13,43
1761623552.8860507,-1,-6,34
1761623552.9240508,4,-7,37
1761623552.9600508,-2,-10,34
1761623552.9970508,0,-3,29
1761623553.0360508,-6,-4,31
1761623553.0720508,-9,-4,34
1761623553.1090508,-5,3,41
1761623553.1470506,-4,3,32
1761623553.186051,10,-3,40
1761623553.222051,3,-1,29
1761623553.2590508,2,-5,33
1761623553.2970507,-4,-3,32
1761623553.3360507,-10,-3,40
1761623553.3720508,-8,-5,49
1761623553.4100506,-1,-1,41
1761623553.4470508,4,-3,38
1761623553.4860508,0,-11,31
1761623553.5220506,5,-4,25
1761623553.5600507,1,-5,31
1761623553.597051,2,-1,36
1761623553.6350508,-3,-1,30
1761623553.6710508,3,1,15
1761623553.7080507,2,-1,26
1761623553.7460508,-10,0,31
1761623553.7820508,-4,0,28
1761623553.8190508,0,6,33
1761623553.857051,-3,2,26
1761623553.8950508,-3,0,22
1761623553.9310508,2,0,33
1761623553.9690506,-7,-5,39
1761623554.0070508,-5,0,39
1761623554.0450506,-4,2,29
1761623554.0810506,-4,-3,25
1761623554.1190507,-1,1,36
1761623554.1570508,3,-4,28
1761623554.1950507,0,0,33
1761623554.2310507,7,4,40
1761623554.268051,3,-3,32
1761623554.3070507,9,-2,23
1761623554.3450508,1,0,28
1761623554.3810508,3,0,25
1761623554.4180508,1,-1,25
1761623554.4570508,-2,-3,31
1761623554.495051,3,1,34
1761623554.5310507,5,-1,46
1761623554.5690508,3,5,33
1761623554.607051,4,7,35
1761623554.6450508,-10,-3,25
1761623554.6810508,-1,-6,17
1761623554.7190506,7,-3,37
1761623554.7570508,-4,-2,43
1761623554.7950506,4,-4,43
1761623554.8310506,0,0,41
1761623554.8690507,1,5,38
1761623554.9070508,-1,3,23
1761623554.9450507,1,2,33
1761623554.9810507,-1,-1,22
1761623555.018051,-2,-4,29
1761623555.0570507,1,-2,27
1761623555.0930507,-5,-3,28
1761623555.130051,-10,0,19
1761623555.1680508,-4,-4,29
1761623555.2070508,4,7,38
1761623555.2430508,5,4,49
1761623555.2800508,0,-6,48
1761623555.3180506,9,2,43
1761623555.3560507,8,2,25
1761623555.3920507,2,2,20
1761623555.4290507,-9,0,32
1761623555.4670508,0,4,33
1761623555.5030508,-2,3,25
1761623555.5400507,-6,-6,37
1761623555.5780506,-2,0,27
1761623555.6160507,-1,-7,24
1761623555.6520507,5,-9,31
1761623555.689051,2,0,39
1761623555.7270508,9,2,36
1761623555.7630508,2,3,29
1761623555.8000507,0,0,33
1761623555.837051,0,-4,26
1761623555.8730507,-1,-2,34
1761623555.9100506,-9,-1,35
1761623555.9480507,-4,-2,38
1761623555.9870508,-2,-2,27
1761623556.0230508,4,0,38
1761623556.0600507,-4,-2,36
1761623556.0980508,-2,-2,37
1761623556.1370506,8,-5,40
1761623556.1730506,5,-2,39
1761623556.2110507,0,-1,33
1761623556.2480507,-11,-4,37
1761623556.2870507,-3,-7,36
1761623556.324051,2,-6,39
1761623556.3610508,3,-1,39
1761623556.3980508,4,-2,33
1761623556.436051,0,-1,30
1761623556.472051,2,2,42
1761623556.5090508,-2,2,39
1761623556.5480506,-2,-4,45
1761623556.5860507,-5,0,31
1761623556.6220508,1,-4,34
1761623556.6600506,-2,1,36
1761623556.6980507,3,0,28
1761623556.7360508,7,-4,37
1761623556.7720506,7,-6,35
1761623556.8100507,-2,-5,32
1761623556.8480508,-4,0,25
1761623556.8860507,-6,-2,27
1761623556.9220507,1,-3,30
1761623556.9610507,-1,0,38
1761623556.9980507,-8,-4,34
1761623557.0370507,-4,1,34
1761623557.0730507,1,2,27
1761623557.110051,6,-5,28
1761623557.1480508,0,2,28
1761623557.1870508,-2,-3,34
1761623557.2230508,-2,0,34
1761623557.2600508,-3,-5,23
1761623557.2980506,-2,-1,26
1761623557.337051,2,-6,37
1761623557.3730507,1,-4,31
1761623557.4100506,4,5,26
1761623557.4480507,4,-1,40
1761623557.4840508,0,-2,36
1761623557.5210507,6,-3,46
1761623557.5580506,5,0,29
1761623557.5940506,1,6,31
1761623557.6310508,0,3,35
1761623557.6690507,-2,2,31
1761623557.7080507,-2,-1,36
1761623557.7440507,3,-3,29
1761623557.7810507,1,-13,29
1761623557.8190508,0,-4,34
1761623557.857051,0,1,33
1761623557.893051,-4,4,32
1761623557.9300506,0,2,26
1761623557.9680507,-6,-3,32
1761623558.0040507,-3,0,31
1761623558.041051,0,-2,29
1761623558.0790508,7,1,37
1761623558.1170506,-2,-2,40
1761623558.1620507,-3,1,26
1761623558.2000508,-8,6,33
1761623558.2380507,0,-3,25
1761623558.2740507,-3,4,31
1761623558.3120508,0,-4,20
1761623558.3490508,0,-2,30
1761623558.3870506,3,3,35
1761623558.4230506,-4,1,44
1761623558.4600508,0,-7,35
1761623558.4990506,-2,-4,26
1761623558.5370507,1,0,40
1761623558.5730507,-4,0,38
1761623558.610051,-3,2,34
1761623558.6480508,-5,-1,19
1761623558.6840508,-5,-4,18
1761623558.722051,0,0,20
1761623558.7590508,5,-7,26
1761623558.7970507,0,-7,32
1761623558.8330507,2,-1,44
1761623558.8710508,-2,-2,43
1761623558.9090507,-5,3,39
1761623558.9470508,4,-1,33
1761623558.9830508,11,-5,28
1761623559.0210507,8,-4,27
1761623559.0590508,6,3,27
1761623559.097051,0,4,25
1761623559.133051,3,0,29
1761623559.1710508,0,6,33
1761623559.209051,-1,2,33
1761623559.2470508,4,0,28
1761623559.2830508,3,-2,38
1761623559.3200507,-3,0,26
1761623559.3590508,1,0,26
1761623559.3950508,3,0,32
1761623559.4320507,0,-3,34
1761623559.4700508,0,4,34
1761623559.508051,-2,0,27
1761623559.5440507,-5,-8,32
1761623559.5820508,0,0,36
1761623559.620051,1,-1,22
1761623559.6580508,-8,-2,31
1761623559.6940508,-3,0,18
1761623559.732051,3,-2,32
1761623559.7700508,-1,2,35
1761623559.8080506,6,-2,40
1761623559.8440506,3,-8,44
1761623559.8810508,4,-5,35
1761623559.9190507,-2,-3,36
1761623559.9550507,0,0,32
1761623559.9920506,-7,0,21
1761623560.0300508,-7,5,39
1761623560.0680506,-3,0,34
1761623560.1040506,2,-2,31
1761623560.1410508,5,0,18
1761623560.1790507,0,-4,32
1761623560.2150507,-3,-2,20
1761623560.2520506,-4,-4,20
1761623560.2900507,-6,2,27
1761623560.3290508,0,2,30
1761623560.3650508,1,2,24
1761623560.4020507,-1,0,21
1761623560.4400508,3,-2,40
1761623560.4780507,11,1,37
1761623560.5140507,3,0,28
1761623560.551051,6,4,24
1761623560.5890508,1,2,32
1761623560.6250508,-1,-1,23
1761623560.663051,-1,-3,28
1761623560.7010508,-1,-3,40
1761623560.7400508,-5,-6,31
1761623560.778051,-9,-2,27
1761623560.814051,-7,-3,42
1761623560.8520508,-7,-3,33
1761623560.8900506,-3,1,33
1761623560.9280508,0,-5,39
1761623560.9640508,-2,1,31
1761623561.0020506,-8,-1,37
1761623561.0400507,1,-1,41
1761623561.0780506,2,-6,38
1761623561.1140506,0,-2,32
1761623561.1520507,-6,-6,29
1761623561.1900508,-10,1,27
1761623561.2280507,-7,4,34
1761623561.2640507,3,0,41
1761623561.301051,0,-4,34
1761623561.3400507,3,1,35
1761623561.3780508,2,-3,33
1761623561.4140508,2,-1,19
1761623561.4520507,4,-3,27
1761623561.4900508,9,-3,29
1761623561.5260508,3,-2,24
1761623561.5630507,4,4,36
1761623561.6000507,5,-3,33
1761623561.6390507,1,-4,26
1761623561.6750507,-3,-6,38
1761623561.712051,-5,0,37
1761623561.7510507,-1,4,39
1761623561.7890508,-3,6,26
1761623561.8250508,4,-1,26
1761623561.8620508,1,-4,28
1761623561.9000506,1,-4,41
1761623561.939051,-8,-8,34
1761623561.9750507,-1,-4,36
1761623562.0120506,5,-3,34
1761623562.0500507,0,-1,21
1761623562.0890508,-8,0,33
1761623562.1260507,0,-3,36
1761623562.1640508,-3,0,38
1761623562.2010508,-1,2,33
1761623562.2390506,-6,0,37
1761623562.2750506,-3,5,32
1761623562.3130507,-6,-2,32
1761623562.3510506,-1,2,35
1761623562.3890507,0,5,40
1761623562.4250507,5,3,30
1761623562.4630508,-3,-1,34
1761623562.5010507,0,2,32
1761623562.5390508,0,0,23
1761623562.5750508,-1,1,32
1761623562.6130507,-2,-3,29
1761623562.6510508,0,0,32
1761623562.689051,-5,-1,25
1761623562.7250507,-2,-3,19
1761623562.7630508,-4,-3,33
1761623562.801051,-4,-4,32
1761623562.8400507,-1,1,28
1761623562.8760507,-4,0,25
1761623562.913051,-6,-2,37
1761623562.9510508,0,2,28
1761623562.9890506,1,-7,26
1761623563.0250506,4,-4,32
1761623563.0620508,5,-2,43
1761623563.1010506,0,4,33
1761623563.1390507,5,-2,38
1761623563.1750507,-1,-3,34
1761623563.2130508,3,-5,24
1761623563.2510507,9,-1,30
1761623563.2890508,9,-2,33
1761623563.3250508,1,-4,30
1761623563.3630507,1,0,39
1761623563.4010508,1,-2,35
1761623563.439051,0,-1,44
1761623563.4750507,-2,2,32
1761623563.5120506,0,1,31
1761623563.5500507,2,-7,33
1761623563.5860507,2,-3,34
1761623563.6240506,0,-6,26
1761623563.6620507,2,-4,26
1761623563.7000508,8,-2,33
1761623563.7360508,7,-3,23
1761623563.7730508,-8,-5,34
1761623563.811051,-1,0,41
1761623563.8500507,3,-6,31
1761623563.8860507,0,-10,34
1761623563.9230506,-4,-1,34
1761623563.9610507,-1,-7,33
1761623564.0000508,-2,-4,30
1761623564.0360508,-4,-8,24
1761623564.0730507,2,-2,38
1761623564.1110508,3,-3,31
1761623564.1470506,1,8,27
1761623564.1840508,5,1,32
1761623564.2210507,0,2,36
1761623564.2570508,6,-4,26
1761623564.2940507,-3,2,20
1761623564.3310506,7,1,27
1761623564.3670506,3,2,28
1761623564.4040508,3,0,25
1761623564.4410508,1,4,23
1761623564.4770508,1,0,28
1761623564.5140507,5,-2,35
1761623564.5520508,1,-4,26
1761623564.5910506,0,-4,31
1761623564.6270506,1,-12,41
1761623564.666051,-7,-3,30
1761623564.7030506,-3,-4,35
1761623564.7420506,-5,-5,20
1761623564.7800508,-1,-2,33
1761623564.8160508,-6,0,34
1761623564.8530507,-2,-4,28
1761623564.8920507,2,-1,32
1761623564.9300506,-4,4,34
1761623564.9660506,-3,4,41
1761623565.0030508,-9,-3,33
1761623565.0420508,-2,0,32
1761623565.0800507,-2,-1,34
1761623565.1160507,1,0,34
1761623565.153051,1,-3,34
1761623565.1920507,-2,-2,26
1761623565.2300508,-1,0,32
1761623565.2660508,2,0,23
1761623565.3030508,3,-1,23
1761623565.3420508,-1,-1,23
1761623565.380051,-5,-2,24
1761623565.416051,2,0,28
1761623565.4530506,10,0,30
1761623565.4920506,11,4,14
1761623565.5300508,3,8,19
1761623565.5660508,8,0,21
1761623565.6030507,-4,1,19
1761623565.6420507,-2,-1,28
1761623565.6800506,-2,3,27
1761623565.7160506,-3,1,33
1761623565.7530508,-2,5,38
1761623565.7920508,-1,2,38
1761623565.8280506,1,2,38
1761623565.8670506,-1,1,29
1761623565.9040508,-4,1,21
1761623565.9430506,-7,-1,26
1761623565.9810507,0,-4,32
1761623566.0170507,0,1,22
1761623566.0540507,6,2,40
1761623566.0920508,-4,2,24
1761623566.1280508,-4,0,23
1761623566.166051,-8,4,33
1761623566.2040508,-5,-2,37
1761623566.2420506,0,1,30
1761623566.278051,0,0,38
1761623566.3160508,-5,-3,34
1761623566.3540506,-5,1,39
1761623566.393051,-5,0,46
1761623566.4310508,-5,4,32
1761623566.4670508,-4,6,14
1761623566.5040507,-3,1,25
1761623566.5420508,-4,-1,25
1761623566.5810506,-3,-8,33
1761623566.6170506,5,-4,32
1761623566.6540508,3,-3,33
1761623566.6920507,7,0,32
1761623566.7280507,1,-1,20
1761623566.7650506,-2,-6,26
1761623566.8030508,-4,1,24
1761623566.8410506,-4,4,34
1761623566.8770506,0,2,35
1761623566.9150507,0,0,37
1761623566.9530506,0,0,39
1761623566.9910507,-1,-4,22
1761623567.0270507,-3,-8,30
1761623567.0650508,1,-1,26
1761623567.1030507,0,5,41
1761623567.1410508,0,0,23
1761623567.1770508,3,-1,35
1761623567.2140508,1,2,38
1761623567.2520506,-3,-4,19
1761623567.288051,2,-4,34
1761623567.3260508,-4,-4,32
1761623567.3650508,-2,4,34
1761623567.403051,1,0,19
1761623567.4410508,0,-3,32
1761623567.4770508,-6,-1,25
1761623567.5140507,-2,0,23
1761623567.5530508,2,10,34
1761623567.5910506,-4,2,22
1761623567.6270506,-1,5,19
1761623567.6640508,2,-3,24
1761623567.7030506,6,-4,37
1761623567.7410507,7,-3,32
1761623567.7770507,2,-8,42
1761623567.814051,0,-3,26
1761623567.8530507,-1,-4,31
1761623567.8910508,-7,1,28
1761623567.9270508,3,3,30
1761623567.9640508,1,1,23
1761623568.0020506,5,2,31
1761623568.038051,8,0,37
1761623568.0750508,0,-4,31
1761623568.1130507,2,0,38
1761623568.1490507,-1,-5,31
1761623568.2000508,-2,-8,38
1761623568.2360508,-9,-7,35
1761623568.2740507,-4,-5,29
1761623568.3130507,-4,1,30
1761623568.3490508,-2,0,36
1761623568.3860507,0,-3,36
1761623568.4230506,8,0,28
1761623568.459051,-1,-3,36
1761623568.4960508,-6,0,43
1761623568.5330508,0,2,18
1761623568.5690508,2,4,25
1761623568.6060507,3,0,21
1761623568.6440508,-4,-6,22
1761623568.6830506,0,0,32
1761623568.7190506,-4,-2,31
1761623568.7570508,0,0,29
1761623568.7940507,6,0,11
1761623568.8320508,8,6,25
1761623568.8680508,6,-2,35
1761623568.9050508,-5,-6,46
1761623568.9440508,-1,-2,39
1761623568.982051,2,-1,31
1761623569.018051,11,-1,36
1761623569.0550506,-2,-2,41
1761623569.0940506,-3,-2,27
1761623569.1320508,-3,0,28
1761623569.1680508,-3,-5,30
1761623569.2050507,0,-3,34
1761623569.2430508,-7,-9,28
1761623569.2790508,-11,-11,31
1761623569.3160508,-2,0,34
1761623569.3540506,-1,4,33
1761623569.3920507,-3,4,28
1761623569.4280508,-1,-2,31
1761623569.4650507,-5,-5,38
1761623569.5040507,-1,-6,25
1761623569.5420508,0,-4,28
1761623569.5780506,-6,-8,24
1761623569.6160507,1,-9,36
1761623569.6540508,-1,-3,33
1761623569.6930506,5,-1,41
1761623569.7290506,5,1,36
1761623569.7670507,-6,3,28
1761623569.8040507,-2,3,24
1761623569.8420508,-1,1,31
1761623569.8780508,5,-3,24
1761623569.9150507,-3,0,46
1761623569.9540508,-3,-3,42
1761623569.9920506,0,-3,30
1761623570.028051,2,0,28
1761623570.0650508,-7,-2,37
1761623570.1040506,0,-4,31
1761623570.1400506,4,-6,30
1761623570.1770508,-1,-2,30
1761623570.2150507,-7,0,36
1761623570.2540507,-10,2,31
1761623570.2900507,-2,0,18
1761623570.3270507,-5,5,21
1761623570.3640506,0,0,28
1761623570.4000506,5,-7,36
1761623570.4380507,0,-7,34
1761623570.4750507,1,2,48
1761623570.5130508,-4,2,33
1761623570.5490508,3,-3,21
1761623570.587051,7,-4,29
1761623570.6240506,7,0,37
1761623570.663051,6,2,35
1761623570.699051,5,1,46
1761623570.7370508,-2,1,41
1761623570.7740507,-2,1,39
1761623570.8100507,-1,-2,39
1761623570.8480508,1,-3,34
1761623570.8850508,0,1,34
1761623570.9230506,5,4,22
1761623570.959051,5,3,25
1761623570.9960508,2,-1,26
1761623571.0340507,-4,-7,26
1761623571.0710506,-7,0,33
1761623571.1080508,-1,0,30
1761623571.1460507,1,-1,29
1761623571.1840508,-2,0,21
1761623571.2200508,2,0,15
1761623571.2570508,2,-2,27
1761623571.2950506,1,-6,38
1761623571.3330507,4,-1,39
1761623571.3690507,7,-6,40
1761623571.4060507,5,-2,37
1761623571.4440508,3,0,43
1761623571.4800508,3,3,37
1761623571.5170507,9,2,29
1761623571.5550506,0,5,26
1761623571.5930507,6,0,33
1761623571.6290507,4,0,32
1761623571.666051,-5,-3,26
1761623571.7050507,-1,-2,23
1761623571.7430508,0,-1,20
1761623571.7790508,-6,2,28
1761623571.8160508,-1,-4,35
1761623571.8550508,-5,0,37
1761623571.8940508,0,-5,27
1761623571.9300506,2,-5,29
1761623571.9680507,-1,-2,41
1761623572.0060508,-1,-5,43
1761623572.0450506,10,-4,33
1761623572.0830507,-1,-1,37
1761623572.1190507,-1,0,20
1761623572.1560507,-2,-8,28
1761623572.1950507,0,-1,24
1761623572.2330508,1,-4,34
1761623572.2690508,7,-1,32
1761623572.3070507,-4,-4,29
1761623572.3450508,-4,3,31
1761623572.3810508,-3,0,38
1761623572.4180508,-3,-3,36
1761623572.4560506,-4,0,34
1761623572.4940507,5,3,34
1761623572.5300508,1,1,22
1761623572.5670507,17,0,27
1761623572.6050508,0,1,24
1761623572.6410508,4,0,37
1761623572.6790507,2,1,42
1761623572.7160506,-4,-3,36
1761623572.755051,-5,0,37
1761623572.791051,-1,3,41
1761623572.8290508,5,0,39
1761623572.8660507,9,-4,36
1761623572.9040508,2,0,42
1761623572.9400508,2,3,36
1761623572.9770508,0,0,34
1761623573.0150506,4,-3,31
1761623573.051051,4,-2,34
1761623573.0890508,-6,3,24
1761623573.1260507,-1,1,28
1761623573.1640508,-3,1,29
1761623573.2000508,0,2,39
1761623573.2370508,-2,-1,35
1761623573.2760508,-4,-1,32
1761623573.314051,-2,5,36
1761623573.3500507,-2,-5,32
1761623573.3870506,-2,5,27
1761623573.4250507,1,-3,24
1761623573.4610507,-2,1,26
1761623573.4980507,-1,0,21
1761623573.5370507,-5,4,22
1761623573.5750508,-3,6,18
1761623573.6110508,-9,0,29
1761623573.6480508,4,4,32
1761623573.686051,1,1,42
1761623573.7240508,-4,-6,39
1761623573.7600508,1,-8,40
1761623573.7970507,1,-2,31
1761623573.8350508,-4,-3,28
1761623573.8710508,5,2,29
1761623573.9080508,1,-2,30
1761623573.9460506,0,-4,31
1761623573.9840508,0,0,25
1761623574.0200508,-7,-1,36
1761623574.0580506,-4,1,49
1761623574.0960507,-5,-1,32
1761623574.1340508,-4,-4,26
1761623574.1700506,-4,-2,26
1761623574.2070508,2,0,29
1761623574.245051,6,-3,32
1761623574.2810507,8,-4,33
1761623574.3180506,0,-2,41
1761623574.3560507,8,2,34
1761623574.3940508,5,2,43
1761623574.4300506,3,-1,40
1761623574.4670508,5,-1,36
1761623574.505051,2,-1,31
1761623574.541051,0,-4,28
1761623574.5780506,-3,1,38
1761623574.6160507,3,2,30
1761623574.6520507,3,-3,33
1761623574.689051,2,-5,37
1761623574.7270508,6,-6,41
1761623574.7650506,3,0,34
1761623574.801051,2,-4,30
1761623574.8380508,1,-1,37
1761623574.8760507,-1,-3,36
1761623574.9120507,-4,-1,33
1761623574.949051,0,1,40
1761623574.9860508,4,0,32
1761623575.0250506,-1,-5,36
1761623575.061051,1,2,40
1761623575.0990508,5,1,35
1761623575.1360507,-4,-2,40
1761623575.1750507,-4,-5,30
1761623575.2110507,-3,4,29
1761623575.2480507,2,-1,34
1761623575.2860508,1,-1,24
1761623575.3220508,3,0,17
1761623575.3590508,5,0,24
1761623575.3970506,0,-5,34
1761623575.4350507,-1,-9,33
1761623575.4710507,-4,-6,36
1761623575.5090508,0,-4,39
1761623575.5470507,1,6,41
1761623575.5850508,2,2,38
1761623575.6210508,-5,1,26
1761623575.6580508,1,6,29
1761623575.6960506,-3,1,22
1761623575.732051,-2,1,31
1761623575.7690508,0,4,37
1761623575.8070507,3,1,37
1761623575.8450508,1,2,47
1761623575.8810508,-6,-1,31
1761623575.9180508,-7,9,34
1761623575.9560506,-4,6,31
1761623575.9920506,-6,-1,31
1761623576.0290508,4,-2,24
1761623576.0670507,-1,2,14
1761623576.1050508,5,-1,30
1761623576.1410508,-2,-7,31
1761623576.1790507,0,-1,27
1761623576.2170508,-1,3,22
1761623576.255051,1,3,29
1761623576.291051,5,1,31
1761623576.3280506,-1,2,28
1761623576.3660507,6,-1,49
1761623576.4020507,-5,1,30
1761623576.439051,0,0,43
1761623576.4770508,7,1,39
1761623576.5150506,-2,3,27
1761623576.551051,0,5,32
1761623576.5880508,4,11,28
1761623576.6260507,0,10,33
1761623576.6620507,3,4,30
1761623576.699051,-1,2,28
1761623576.7370508,-5,4,22
1761623576.7730508,-4,0,32
1761623576.8100507,-5,8,35
1761623576.8480508,4,-1,43
1761623576.8870506,2,4,36
1761623576.9230506,-1,0,23
1761623576.9600508,7,-5,33
1761623576.9970508,6,-8,16
1761623577.0330508,-2,-2,23
1761623577.0700507,3,-5,32
1761623577.107051,8,1,26
1761623577.143051,-2,-3,27
1761623577.1800506,1,-3,35
1761623577.2190506,-4,0,32
1761623577.2570508,-5,0,34
1761623577.2930508,-1,-3,36
1761623577.3300507,-7,-1,32
1761623577.3680508,0,-2,35
1761623577.4070508,0,0,21
1761623577.4430506,0,-1,21
1761623577.4800508,-2,1,33
1761623577.518051,-6,9,36
1761623577.5570507,-7,0,41
1761623577.5930507,-6,1,37
1761623577.630051,1,4,18
1761623577.6680508,-5,0,32
1761623577.7060506,0,4,26
1761623577.7420506,2,3,33
1761623577.7790508,3,0,35
1761623577.8170507,0,3,32
1761623577.8530507,5,-2,38
1761623577.8900506,0,-2,38
1761623577.9280508,-6,0,26
1761623577.9660506,-6,-2,38
1761623578.0020506,-4,-4,39
1761623578.0390508,2,-3,37
1761623578.0780506,-4,-7,39
1761623578.1160507,-4,-6,26
1761623578.1520507,-7,-6,37
1761623578.1980507,-3,-5,35
1761623578.2360508,4,-3,35
1761623578.2720506,1,-5,41
1761623578.3090508,3,-1,31
1761623578.347051,-3,-3,48
1761623578.383051,-1,-10,48
1761623578.4200506,-12,-3,43
1761623578.4580507,-7,-5,36
1761623578.4970508,0,0,44
1761623578.5330508,1,-1,39
1761623578.5700507,2,0,33
1761623578.6080508,0,-5,31
1761623578.6460507,3,-4,30
1761623578.6820507,2,6,35
1761623578.7190506,4,-1,39
1761623578.758051,0,5,35
1761623578.7940507,2,-2,32
1761623578.8310506,-6,-4,37
1761623578.870051,-1,-3,33
1761623578.9080508,2,5,30
1761623578.9440508,8,-3,24
1761623578.9810507,5,3,23
1761623579.018051,5,-2,29
1761623579.0540507,-3,-4,37
1761623579.0910506,-3,1,39
1761623579.1290507,-2,1,30
1761623579.1670508,-4,0,28
1761623579.2030506,0,-2,30
1761623579.2400508,0,-7,34
1761623579.278051,7,2,36
1761623579.314051,-1,0,42
1761623579.3520508,-3,-2,44
1761623579.3910508,3,0,24
1761623579.4280508,3,0,27
1761623579.4640508,2,-4,43
1761623579.5010507,2,-2,31
1761623579.538051,-3,-3,35
1761623579.5770507,6,3,34
1761623579.6130507,6,0,40
1761623579.6500506,4,2,31
1761623579.6880507,0,-3,29
1761623579.7240508,1,-4,34
1761623579.7620506,-3,-7,46
1761623579.8000507,-2,8,34
1761623579.8380508,0,6,26
1761623579.8740506,3,1,31
1761623579.9110508,0,-5,28
1761623579.949051,-1,-8,29
1761623579.9880507,6,0,22
1761623580.0240507,0,-1,18
1761623580.0620508,-3,-3,24
1761623580.0990508,-1,-3,34
1761623580.1380508,1,-1,32
1761623580.1740508,5,3,38
1761623580.212051,-4,4,37
1761623580.2490506,-6,-1,46
1761623580.288051,-2,1,37
1761623580.324051,0,2,38
1761623580.3610508,5,-4,36
1761623580.3990507,-1,-2,40
1761623580.4370508,0,1,31
1761623580.4740508,-1,3,26
1761623580.5110507,2,-6,43
1761623580.5490508,7,0,44
1761623580.587051,7,-3,27
1761623580.6230507,4,2,26
1761623580.6600506,-1,0,40
1761623580.6980507,2,9,26
1761623580.7340508,-5,-1,27
1761623580.7710507,0,-4,21
1761623580.8090508,-3,-1,29
1761623580.847051,-7,-6,29
1761623580.883051,2,0,35
1761623580.9200506,-4,-2,43
1761623580.959051,-1,-2,30
1761623580.995051,2,-5,28
1761623581.0320508,0,-1,32
1761623581.0700507,8,6,36
1761623581.1080508,2,-10,33
1761623581.1450508,5,-5,35
1761623581.1820507,0,-3,31
1761623581.2200508,8,-1,42
1761623581.258051,5,-2,30
1761623581.2940507,2,-6,33
1761623581.3310506,2,-8,28
1761623581.3690507,1,-3,32
1761623581.4050508,5,0,39
1761623581.4420507,1,-4,40
1761623581.4790506,-3,0,35
1761623581.5150506,-4,1,33
1761623581.5530508,4,-1,34
1761623581.5900507,7,1,20
1761623581.6280508,1,1,39
1761623581.6640508,0,0,28
1761623581.7010508,1,-4,25
1761623581.7390506,-5,-7,35
1761623581.7750506,-5,-1,33
1761623581.8130507,-5,0,22
1761623581.8500507,-8,-3,30
1761623581.8890507,-7,-7,40
1761623581.9250507,-6,1,36
1761623581.9630508,-6,-3,28
1761623582.0000508,-8,-1,33
1761623582.0390508,-8,3,29
1761623582.0750508,-8,1,34
1761623582.1120508,-9,-5,46
1761623582.1500506,-15,0,40
1761623582.1880507,-5,0,34
1761623582.2240508,-3,-4,36
1761623582.2610507,4,-3,37
1761623582.2990508,1,-1,42
1761623582.3350508,9,-5,29
1761623582.3720508,2,-6,22
1761623582.4100506,3,-4,43
1761623582.4480507,7,-3,38
1761623582.4840508,1,-5,34
1761623582.5210507,-1,2,34
1761623582.5590508,2,10,40
1761623582.5950508,3,0,38
1761623582.6340508,5,-2,32
1761623582.6710508,1,-4,25
1761623582.709051,0,1,22
1761623582.745051,-2,1,28
1761623582.7820508,-5,0,28
1761623582.8200507,2,0,32
1761623582.8580508,8,-10,23
1761623582.8940508,2,-4,25
1761623582.9310508,-9,-4,33
1761623582.9700508,-5,-11,33
1761623583.008051,0,-6,19
1761623583.0440507,0,-7,27
1761623583.0810506,9,-6,33
1761623583.1190507,7,-4,34
1761623583.1550508,8,-6,32
1761623583.1920507,0,-2,34
1761623583.2300508,-1,-5,29
1761623583.2660508,4,-4,38
1761623583.3030508,1,-3,34
1761623583.3400507,2,-9,36
1761623583.3760507,-3,-2,36
1761623583.4140508,-5,0,33
1761623583.4510508,0,-1,29
1761623583.4890506,-3,1,39
1761623583.5250506,0,1,33
1761623583.5620508,-7,0,39
1761623583.6000507,2,2,31
1761623583.6390507,6,-1,33
1761623583.6750507,-2,-6,27
1761623583.7140508,-5,-8,40
1761623583.7510507,-1,-3,43
1761623583.7900507,-4,-1,29
1761623583.8260508,2,0,27
1761623583.8640506,0,-6,26
1761623583.9010508,-2,-6,19
1761623583.9400508,-1,-1,40
1761623583.9760506,4,0,28
1761623584.0130508,1,1,23
1761623584.051051,-6,-6,18
1761623584.0900507,0,0,26
1761623584.1260507,2,-2,21
1761623584.163051,5,0,24
1761623584.2010508,8,-4,35
1761623584.2390506,0,2,40
1761623584.2750506,0,0,42
1761623584.3130507,-8,-2,35
1761623584.3510506,-3,-7,38
1761623584.3900506,-6,0,32
1761623584.426051,-2,-1,28
1761623584.4630508,-4,-1,23
1761623584.5010507,3,1,21
1761623584.5400507,3,5,23
1761623584.5760508,-4,1,25
1761623584.6130507,-7,-6,35
1761623584.6510508,-3,-3,45
1761623584.6900508,0,0,37
1761623584.7260506,6,-4,40
1761623584.7630508,0,-5,42
1761623584.801051,9,0,37
1761623584.8390508,3,-2,30
1761623584.8750508,-8,3,34
1761623584.913051,0,-7,36
1761623584.9510508,0,-10,33
1761623584.9890506,-1,-9,30
1761623585.0250506,1,-1,28
1761623585.0620508,0,2,35
1761623585.1000507,3,-1,27
1761623585.1360507,0,-6,26
1761623585.1740508,-2,-1,29
1761623585.2110507,-2,2,25
1761623585.2500508,-7,1,38
1761623585.2860508,-7,-2,30
1761623585.324051,-1,2,33
1761623585.3620508,-1,0,22
1761623585.4000506,1,0,41
1761623585.436051,0,-2,41
1761623585.4730508,-1,-3,30
1761623585.5110507,-1,-1,37
1761623585.5500507,-3,5,40
1761623585.5860507,1,-4,41
1761623585.6230507,0,-6,32
1761623585.6610508,2,-6,41
1761623585.6980507,-1,-7,31
1761623585.735051,-1,-2,36
1761623585.7730508,3,-6,38
1761623585.811051,2,0,37
1761623585.847051,3,-7,40
1761623585.8840508,-4,-5,28
1761623585.9220507,0,-8,35
1761623585.9610507,4,-5,31
1761623585.9970508,-2,1,26
1761623586.0340507,-7,3,24
1761623586.0710506,-5,0,31
1761623586.107051,-2,1,35
1761623586.1440508,0,0,43
1761623586.1820507,-5,0,39
1761623586.2200508,-1,2,36
1761623586.2570508,-5,0,42
1761623586.2940507,6,2,40
1761623586.3320508,2,0,31
1761623586.370051,4,-1,22
1761623586.4060507,0,5,30
1761623586.4430506,0,3,19
1761623586.482051,-2,0,27
1761623586.5200508,1,2,34
1761623586.5560508,0,0,26
1761623586.5930507,-5,0,26
1761623586.6320508,9,2,27
1761623586.6700506,-1,3,26
1761623586.7060506,-3,-3,18
1761623586.7430508,3,4,16
1761623586.7810507,0,-1,28
1761623586.8170507,6,3,26
1761623586.8550508,5,0,34
1761623586.8920507,4,-3,21
1761623586.9300506,6,4,20
1761623586.9660506,-2,2,25
1761623587.0030508,2,1,27
1761623587.041051,0,-2,18
1761623587.0770507,12,-5,26
1761623587.1160507,9,-4,34
1761623587.153051,5,-2,40
1761623587.1920507,-3,0,34
1761623587.2300508,3,-4,31
1761623587.2660508,7,-2,32
1761623587.3030508,4,0,22
1761623587.3410506,7,1,30
1761623587.3770506,9,-2,29
1761623587.4150507,3,-2,28
1761623587.4530506,7,3,30
1761623587.4920506,4,-4,27
1761623587.528051,0,-6,27
1761623587.5650508,-1,-8,18
1761623587.6030507,-3,-10,25
1761623587.6420507,-4,-9,25
1761623587.6780508,0,0,27
1761623587.7150507,-1,-4,39
1761623587.7530508,-2,2,38
1761623587.7920508,-2,0,36
1761623587.8280506,-2,-5,36
1761623587.8650508,0,-4,28
1761623587.9020507,0,-2,27
1761623587.9380507,0,0,25
1761623587.9760506,-3,-2,35
1761623588.0130508,0,-5,31
1761623588.051051,-2,-9,41
1761623588.087051,-3,-1,31
1761623588.1240506,-5,0,33
1761623588.1620507,-7,-3,30
1761623588.2060506,-13,4,24
1761623588.2440507,-2,4,21
1761623588.2820508,-6,-2,29
1761623588.3210506,-5,-6,26
1761623588.357051,-4,-1,34
1761623588.3940508,0,-1,32
1761623588.4320507,0,5,27
1761623588.4680507,-3,8,26
1761623588.5060508,-5,-2,39
1761623588.5430508,-2,1,37
1761623588.5810506,-6,0,25
1761623588.6170506,-3,0,41
1761623588.6540508,-3,-3,31
1761623588.6930506,6,-2,40
1761623588.7310507,2,-1,37
1761623588.7670507,3,0,29
1761623588.8040507,2,0,37
1761623588.8420508,1,0,44
1761623588.8780508,-2,-2,35
1761623588.9170508,-7,3,26
1761623588.9540508,-3,6,21
1761623588.9930508,-2,3,26
1761623589.0310507,4,4,16
1761623589.0670507,3,4,30
1761623589.1040506,-3,1,32
1761623589.143051,-2,2,31
1761623589.1810508,-7,-4,30
1761623589.2170508,1,-6,37
1761623589.2540507,-9,2,39
1761623589.2930508,-4,-1,33
1761623589.3310506,0,-3,30
1761623589.3670506,-3,-6,28
1761623589.4050508,-3,-4,31
1761623589.4430506,1,-1,43
1761623589.4810507,0,-6,33
1761623589.5170507,-5,-6,31
1761623589.5540507,2,-8,46
1761623589.5930507,0,-5,35
1761623589.6290507,0,2,32
1761623589.666051,0,-3,24
1761623589.7030506,1,-7,27
1761623589.7390506,7,-2,31
1761623589.7760508,2,-2,31
1761623589.814051,1,-1,37
1761623589.8530507,-1,-3,33
1761623589.8890507,0,5,30
1761623589.926051,0,2,33
1761623589.9640508,10,7,33
1761623590.0020506,7,2,31
1761623590.038051,4,-2,36
1761623590.0750508,7,3,22
1761623590.1130507,-1,-7,29
1761623590.1490507,-2,0,26
1761623590.186051,-3,0,32
1761623590.2230508,-3,4,42
1761623590.2620506,-5,-3,25
1761623590.2980506,-5,-5,35
1761623590.3360507,1,-5,18
1761623590.3730507,4,-4,19
1761623590.4120507,0,-2,22
1761623590.4480507,0,-3,27
1761623590.485051,-1,4,19
1761623590.5230508,0,0,21
1761623590.5590508,-2,0,26
1761623590.5960507,3,5,28
1761623590.6340508,0,1,27
1761623590.6720507,1,-1,40
1761623590.7080507,0,-4,32
1761623590.745051,-1,-5,26
1761623590.7840507,-3,-2,21
1761623590.8220508,2,0,30
1761623590.8580508,-6,-3,36
1761623590.8950508,-4,0,27
1761623590.9330506,-6,2,22
1761623590.9690506,-2,4,26
1761623591.0060508,2,0,37
1761623591.0440507,-4,2,27
1761623591.0820508,-7,1,24
1761623591.1180508,-4,2,12
1761623591.1550508,-3,3,16
1761623591.1940508,-11,6,29
1761623591.232051,-8,6,33
1761623591.268051,-6,-1,28
1761623591.3050506,-1,2,42
1761623591.3440506,8,0,37
1761623591.3820508,2,2,30
1761623591.4180508,0,-3,31
1761623591.4550507,2,0,23
1761623591.4940507,5,-8,33
1761623591.5320508,0,0,38
1761623591.5680506,-3,-1,37
1761623591.6050508,-1,0,40
1761623591.6440508,-5,-4,25
1761623591.6820507,-2,-2,34
1761623591.7180507,-2,-1,33
1761623591.755051,-4,8,29
1761623591.7940507,1,0,32
1761623591.8300507,0,0,28
1761623591.8670506,-3,1,32
1761623591.9050508,-1,-5,39
1761623591.9440508,-2,-2,17
1761623591.9800508,-1,1,23
1761623592.018051,-2,-1,27
1761623592.0560508,-8,0,34
1761623592.0940506,-5,9,32
1761623592.130051,-2,0,21
1761623592.1690507,-4,-3,33
1761623592.2080507,0,-11,26
1761623592.245051,0,-3,32
1761623592.2830508,-2,0,27
1761623592.3190508,-5,1,26
1761623592.3560507,-3,1,25
1761623592.3950508,-3,0,16
1761623592.4330506,-4,0,30
1761623592.4690506,-4,3,26
1761623592.5060508,-3,-6,35
1761623592.5450506,-1,-7,35
1761623592.5830507,-4,-5,24
1761623592.6190507,-2,-6,23
1761623592.6560507,-9,-3,40
1761623592.6950507,-6,-4,21
1761623592.7330508,0,1,31
1761623592.7690508,-6,-3,39
1761623592.8060508,0,-1,41
1761623592.8450508,0,1,37
1761623592.883051,-3,0,33
1761623592.9190507,-1,-2,35
1761623592.9560506,-3,-11,35
1761623592.995051,-3,-10,34
1761623593.0330508,1,-3,26
1761623593.0690508,4,-5,35
1761623593.1060507,4,-2,31
1761623593.1450508,4,-5,26
1761623593.1830506,1,-9,23
1761623593.2190506,1,-10,23
1761623593.2560508,-7,-7,33
1761623593.2950506,-6,-6,40
1761623593.3330507,-4,-5,43
1761623593.3690507,0,2,37
1761623593.4060507,4,0,41
1761623593.4450507,0,0,30
1761623593.4830508,1,0,33
1761623593.5190508,5,-1,35
1761623593.5560508,1,-7,32
1761623593.5950508,-3,-1,37
1761623593.633051,0,0,32
1761623593.6690507,1,3,30
1761623593.7060506,-1,2,31
1761623593.745051,-3,-4,40
1761623593.7830508,-4,-2,37
1761623593.8190508,-4,0,25
1761623593.8560507,4,1,37
1761623593.8950508,2,3,36
1761623593.9310508,5,0,31
1761623593.9680507,6,-7,33
1761623594.005051,7,0,25
1761623594.041051,0,1,32
1761623594.0780506,-3,0,26
1761623594.1150508,2,3,25
1761623594.1510508,8,-3,33
1761623594.1880507,0,0,28
1761623594.2260506,3,-1,26
1761623594.2640507,0,1,33
1761623594.3000507,-8,-6,41
1761623594.337051,-10,1,42
1761623594.3750508,-3,-1,30
1761623594.4110508,2,-4,33
1761623594.449051,2,2,37
1761623594.4860508,-1,1,35
1761623594.5250506,-2,0,27
1761623594.561051,6,-2,28
1761623594.5980508,4,-2,23
1761623594.6360507,3,-6,30
1761623594.6750507,0,-6,41
1761623594.7110507,-2,-3,37
1761623594.7490506,-2,0,33
1761623594.7860508,4,1,26
1761623594.824051,7,-2,20
1761623594.860051,6,1,32
1761623594.8970506,7,6,38
1761623594.9350507,1,4,40
1761623594.9710507,1,2,28
1761623595.008051,-3,-4,42
1761623595.0460508,-2,-2,29
1761623595.0850508,0,-9,28
1761623595.1210508,4,-4,35
1761623595.1580508,4,-4,32
1761623595.1960506,-2,-3,27
1761623595.2340508,1,-8,36
1761623595.2700508,-4,-9,34
1761623595.3070507,-3,-7,32
1761623595.3460507,-3,3,32
1761623595.3840508,3,3,27
1761623595.4200506,-6,5,18
1761623595.4570508,3,-3,25
1761623595.4960508,6,0,30
1761623595.5340507,0,-1,29
1761623595.5700507,-1,-1,25
1761623595.607051,-1,-1,19
1761623595.6460507,7,-1,23
1761623595.6840508,-1,-6,36
1761623595.7200508,0,-1,37
1761623595.7570508,-1,-2,21
1761623595.7960508,0,1,31
1761623595.834051,0,2,34
1761623595.870051,-4,2,21
1761623595.9070508,1,-3,39
1761623595.9450507,2,-5,28
1761623595.9810507,-1,-1,22
1761623596.018051,0,0,22
1761623596.0560508,2,3,23
1761623596.0920508,5,1,31
1761623596.1290507,2,0,23
1761623596.166051,1,2,29
1761623596.2050507,4,-3,31
1761623596.2410507,2,0,35
1761623596.2790508,2,0,40
1761623596.3160508,0,0,40
1761623596.3550508,8,0,22
1761623596.3910508,6,0,40
1761623596.4290507,0,-5,37
1761623596.4660506,-6,0,28
1761623596.505051,-2,5,34
1761623596.541051,-2,0,40
1761623596.5790508,-2,-9,25
1761623596.6170506,4,0,20
1761623596.6550508,0,1,24
1761623596.6910508,0,2,17
1761623596.7280507,-6,-1,27
1761623596.7660508,-10,0,20
1761623596.8050506,-7,5,18
1761623596.8410506,-7,-1,37
1761623596.8780508,0,-2,30
1761623596.916051,0,-4,30
1761623596.9550507,-6,3,32
1761623596.9910507,-7,0,25
1761623597.028051,-7,4,35
1761623597.0660508,-4,-2,29
1761623597.1020508,-5,-3,27
1761623597.1390507,-8,0,22
1761623597.1770508,4,4,27
1761623597.2150507,-4,1,24
1761623597.2510507,-3,-2,27
1761623597.2890508,-6,-4,22
1761623597.3280506,0,-6,28
1761623597.3660507,2,-4,33
1761623597.4020507,3,-1,25
1761623597.439051,14,2,28
1761623597.4770508,0,1,24
1761623597.5150506,0,0,29
1761623597.551051,1,3,36
1761623597.5880508,-2,2,24
1761623597.6270506,-2,0,15
1761623597.6650507,1,4,24
1761623597.7010508,0,1,27
1761623597.7380507,8,-1,37
1761623597.7770507,8,-6,36
1761623597.8150508,7,-5,36
1761623597.8510506,9,-4,34
1761623597.8880508,-3,0,30
1761623597.926051,-1,-2,27
1761623597.962051,-2,4,31
1761623597.9990506,-3,1,28
1761623598.0370507,-2,1,31
1761623598.0750508,-9,0,25
1761623598.1110508,-6,3,26
1761623598.1480508,3,-2,32
1761623598.1870508,5,0,33
1761623598.2300508,-4,-2,31
1761623598.268051,-1,2,38
1761623598.3060508,-1,-1,23
1761623598.3420508,-3,0,36
1761623598.380051,-5,2,32
1761623598.4180508,2,5,41
1761623598.4560506,-7,3,35
1761623598.4920506,-3,-1,33
1761623598.5290508,-3,0,37
1761623598.5670507,-3,-3,34
1761623598.6030507,-3,-8,24
1761623598.6400506,2,-1,34
1761623598.6770508,2,-6,26
1761623598.7130508,6,-5,35
1761623598.7500508,6,0,30
1761623598.788051,8,0,34
1761623598.8260508,-4,3,27
1761623598.8620508,-9,-3,33
1761623598.8990507,-1,-2,32
1761623598.9370508,-1,0,29
1761623598.9730508,-4,3,41
1761623599.0100508,-1,4,23
1761623599.0470507,3,0,29
1761623599.0830507,0,-1,31
1761623599.120051,-1,0,29
1761623599.1580508,5,-4,21
1761623599.1960506,4,-2,30
1761623599.232051,3,-2,39
1761623599.2690508,7,0,36
1761623599.3080506,3,-7,37
1761623599.3460507,2,-11,31
1761623599.3820508,-1,-2,28
1761623599.4200506,-4,-4,26
1761623599.4580507,-4,-2,27
1761623599.4960508,0,-3,26
1761623599.5320508,-2,1,35
1761623599.5690508,-3,-3,30
1761623599.6080508,-2,-8,35
1761623599.6460507,1,6,36
1761623599.6820507,0,2,32
1761623599.7190506,-5,1,34
1761623599.7570508,-6,-4,34
1761623599.7930508,0,-5,29
1761623599.8310506,4,-5,37
1761623599.8690507,5,-2,27
1761623599.9070508,-2,0,35
1761623599.9430506,-7,-3,26
1761623599.9810507,0,-2,28
1761623600.0200508,-10,2,26
1761623600.0580506,-1,2,35
1761623600.0960507,-3,0,42
1761623600.1320508,0,-2,43
1761623600.1690507,1,2,34
1761623600.2070508,-2,6,32
1761623600.2430508,2,-4,27
1761623600.2800508,-7,-3,35
1761623600.3180506,2,-4,39
1761623600.357051,-2,-5,31
1761623600.393051,-6,0,33
1761623600.4300506,-8,2,37
1761623600.4680507,-12,0,40
1761623600.5040507,-4,-6,32
1761623600.541051,-2,-4,32
1761623600.5790508,1,-8,35
1761623600.6180508,2,-1,36
1761623600.6540508,0,1,33
1761623600.6910508,-5,7,28
1761623600.7280507,-1,0,14
1761623600.7640507,-3,2,32
1761623600.801051,1,1,29
1761623600.8380508,8,0,26
1761623600.8740506,3,2,34
1761623600.9110508,0,-2,44
1761623600.9480507,-4,-8,39
1761623600.9870508,-3,-6,30
1761623601.0230508,-4,-2,25
1761623601.061051,-7,0,21
1761623601.0980508,0,-4,36
1761623601.1340508,7,-5,23
1761623601.1710508,4,1,31
1761623601.2080507,-1,1,40
1761623601.2440507,-2,-1,35
1761623601.2820508,-8,5,33
1761623601.3210506,-4,-4,41
1761623601.3590508,-6,0,32
1761623601.3970506,3,-8,28
1761623601.4330506,8,-1,32
1761623601.4700508,6,2,34
1761623601.508051,11,4,26
1761623601.5440507,7,0,32
1761623601.5820508,-1,-5,29
1761623601.6210508,-4,0,27
1761623601.6590507,-5,1,24
1761623601.6970508,-2,-2,32
1761623601.7330508,-4,0,26
1761623601.7700508,0,-1,29
1761623601.8090508,-6,3,32
1761623601.847051,-4,4,27
1761623601.883051,0,4,33
1761623601.9200506,-2,3,39
1761623601.959051,-1,-6,26
1761623601.9970508,-1,-7,21
1761623602.0330508,2,-8,27
1761623602.0700507,2,-2,30
1761623602.1080508,-1,0,31
1761623602.1440508,-3,4,41
1761623602.1810508,-4,1,33
1761623602.2190506,5,1,35
1761623602.2570508,4,0,37
1761623602.2930508,6,0,34
1761623602.3300507,9,5,28
1761623602.3680508,7,-4,27
1761623602.4040508,2,0,27
1761623602.4420507,0,-3,27
1761623602.4800508,-5,0,23
1761623602.518051,-2,1,26
1761623602.5550506,1,6,35
1761623602.5920508,-3,1,32
1761623602.6290507,-10,2,40
1761623602.6650507,-3,1,30
1761623602.7020507,6,0,41
1761623602.7400508,4,-6,32
1761623602.778051,1,-1,33
1761623602.814051,0,3,31
1761623602.8510506,-4,3,34
1761623602.8890507,-2,4,19
1761623602.9250507,-4,-2,27
1761623602.962051,0,-1,31
1761623603.0000508,2,-4,30
1761623603.0390508,3,1,32
1761623603.0750508,0,0,30
1761623603.1120508,1,3,36
1761623603.1490507,-1,0,52
1761623603.1850507,0,-2,31
1761623603.222051,7,-8,23
1761623603.2600508,8,-8,26
1761623603.2980506,2,-3,30
1761623603.334051,0,-4,34
1761623603.3720508,-3,-8,29
1761623603.4090507,-1,-8,26
1761623603.4480507,-3,-5,29
1761623603.4840508,0,-2,26
1761623603.5210507,2,0,28
1761623603.5600507,0,2,37
1761623603.5980508,4,8,32
1761623603.6340508,1,2,32
1761623603.6720507,0,-5,24
1761623603.7100508,0,-8,36
1761623603.7480507,0,-4,38
1761623603.7840507,-2,-2,35
1761623603.8220508,0,3,30
1761623603.860051,-4,1,47
1761623603.8980508,4,2,36
1761623603.9340508,0,5,29
1761623603.9710507,5,0,30
1761623604.0090508,-2,-2,36
1761623604.0450506,-7,4,40
1761623604.0830507,-1,8,33
1761623604.1210508,0,2,31
1761623604.1590507,-6,3,34
1761623604.1950507,-5,1,25
1761623604.2330508,2,6,32
1761623604.2700508,-3,5,33
1761623604.3090508,4,-1,26
1761623604.3450508,3,-3,31
1761623604.3820508,8,-3,35
1761623604.4200506,6,0,38
1761623604.4580507,5,3,42
1761623604.4940507,5,5,29
1761623604.5310507,-2,9,28
1761623604.5690508,5,0,34
1761623604.6050508,-3,-7,30
1761623604.6420507,0,-6,27
1761623604.6800506,4,1,30
1761623604.7180507,7,-1,28
1761623604.7540507,9,-3,32
1761623604.791051,5,5,27
1761623604.8290508,1,6,26
1761623604.8660507,-1,7,27
1761623604.903051,0,1,19
1761623604.9400508,-2,-3,28
1761623604.9790506,0,-4,37
1761623605.0150506,-1,-1,34
1761623605.0520508,2,0,25
1761623605.0900507,2,6,25
1761623605.1260507,0,0,28
1761623605.163051,-2,0,27
1761623605.2000508,-1,-4,31
1761623605.2390506,7,2,31
1761623605.2750506,-1,3,31
1761623605.3120508,-2,-3,36
1761623605.3500507,-1,-1,26
1761623605.3890507,-4,-3,20
1761623605.4250507,-6,0,14
1761623605.4630508,5,0,19
1761623605.5000508,1,-6,25
1761623605.5360508,2,0,32
1761623605.5730507,2,-4,35
1761623605.610051,-5,7,28
1761623605.6490507,-8,3,30
1761623605.6850507,-3,0,19
1761623605.722051,-2,-2,32
1761623605.7610507,-7,1,34
1761623605.7990508,-3,0,39
1761623605.8350508,-3,5,42
1761623605.8730507,-4,5,28
1761623605.9110508,3,3,31
1761623605.949051,2,-5,25
1761623605.985051,-7,-2,26
1761623606.0230508,-11,0,29
1761623606.061051,0,-8,45
1761623606.0990508,-4,0,26
1761623606.1350508,1,0,25
1761623606.1720507,0,-1,18
1761623606.2110507,0,-2,28
1761623606.2490506,-2,-4,21
1761623606.2850506,-2,-5,38
1761623606.3220508,-3,0,33
1761623606.3610508,4,1,44
1761623606.3990507,5,-3,39
1761623606.4350507,7,-4,22
1761623606.472051,8,3,18
1761623606.5100508,0,0,27
1761623606.5460508,2,0,32
1761623606.5830507,4,2,33
1761623606.6210508,6,-1,35
1761623606.6590507,8,0,37
1761623606.6950507,-2,2,34
1761623606.732051,0,-3,30
1761623606.7700508,-6,-2,26
1761623606.8060508,-7,-5,27
1761623606.8440506,-7,-7,33
1761623606.8820508,4,-5,33
1761623606.9210508,4,-1,36
1761623606.9570508,2,3,34
1761623606.9940507,-2,0,46
1761623607.0310507,-6,1,44
1761623607.0670507,-5,-2,41
1761623607.1040506,5,-1,36
1761623607.1410508,6,-3,32
1761623607.1770508,2,-8,16
1761623607.2140508,-1,-5,15
1761623607.2520506,-6,-11,30
1761623607.291051,-2,-10,32
1761623607.3270507,5,-3,22
1761623607.3640506,5,-3,24
1761623607.4010508,0,-2,24
1761623607.4370508,-5,0,26
1761623607.4740508,-2,2,33
1761623607.5110507,0,-9,24
1761623607.5470507,-4,-4,24
1761623607.5850508,-2,1,36
1761623607.6220508,-3,1,40
1761623607.6610508,-3,-4,33
1761623607.6970508,-6,-4,32
1761623607.735051,-6,-2,38
1761623607.7730508,0,1,36
1761623607.811051,2,0,27
1761623607.847051,0,-1,21
1761623607.8850508,-4,6,34
1761623607.9220507,1,-2,31
1761623607.9610507,-4,0,28
1761623607.9970508,-4,4,25
1761623608.0350506,-5,-6,24
1761623608.074051,4,3,34
1761623608.1120508,0,5,32
1761623608.1500506,0,8,39
1761623608.186051,-4,4,36
1761623608.2240508,-1,5,15
1761623608.2670507,0,1,35
1761623608.3040507,-4,-3,30
1761623608.3420508,-4,-2,36
1761623608.3810508,-6,-9,36
1761623608.4170508,0,0,34
1761623608.4540508,3,0,26
1761623608.4920506,5,-3,36
1761623608.5300508,6,-1,34
1761623608.5660508,0,-4,35
1761623608.6040506,-1,2,33
1761623608.6420507,0,0,21
1761623608.6800506,-7,-3,20
1761623608.7160506,3,0,30
1761623608.7530508,-1,-5,32
1761623608.7920508,2,-3,28
1761623608.8300507,0,-7,37
1761623608.8670506,5,-1,29
1761623608.9040508,0,-1,44
1761623608.9420507,-9,-7,31
1761623608.9810507,0,-6,35
1761623609.0170507,-2,-8,21
1761623609.0540507,1,0,29
1761623609.0920508,7,6,22
1761623609.1280508,1,-1,27
1761623609.1650507,0,0,31
1761623609.2020507,-4,-7,25
1761623609.2410507,2,0,20
1761623609.2770507,3,2,44
1761623609.314051,4,-6,37
1761623609.3520508,-3,-2,36
1761623609.3910508,2,0,34
1761623609.4270508,1,-6,34
1761623609.4640508,1,-2,36
1761623609.5020506,2,0,27
1761623609.538051,3,2,40
1761623609.5750508,0,-1,37
1761623609.6130507,1,-6,41
1761623609.6510508,2,-4,33
1761623609.6870508,3,-8,33
1761623609.7250507,0,-6,44
1761623609.7620506,0,-4,32
1761623609.7980506,5,-2,32
1761623609.8360507,1,-7,36
1761623609.8740506,0,-7,36
1761623609.9120507,4,-4,33
1761623609.9480507,-2,3,25
1761623609.9860508,1,2,34
1761623610.0240507,0,2,24
1761623610.0620508,-3,0,35
1761623610.0980508,-2,7,34
1761623610.1360507,0,0,21
1761623610.1730506,0,1,34
1761623610.2110507,0,-4,46
1761623610.2470508,5,7,35
1761623610.2840507,-8,0,30
1761623610.3220508,-3,1,25
1761623610.3580508,-6,-2,42
1761623610.3960507,-4,-1,34
1761623610.4340508,5,-2,19
1761623610.472051,6,1,27
1761623610.508051,0,4,26
1761623610.5450506,-5,1,39
1761623610.5830507,0,-1,49
1761623610.6210508,7,0,45
1761623610.6570508,7,3,42
1761623610.6940508,0,-7,31
1761623610.732051,0,-4,38
1761623610.768051,-4,-4,35
1761623610.8050506,-1,-3,30
1761623610.8430507,-6,-5,29
1761623610.8820508,-1,0,35
1761623610.9180508,1,3,32
1761623610.9550507,0,2,22
1761623610.9930508,-3,-3,23
1761623611.0310507,-2,-5,36
1761623611.0670507,0,-1,32
1761623611.1040506,1,-2,37
1761623611.143051,-3,-1,34
1761623611.1810508,-4,-1,29
1761623611.2170508,-4,-4,42
1761623611.255051,-8,2,34
1761623611.2930508,-5,0,22
1761623611.3290508,-3,0,26
1761623611.3660507,2,0,18
1761623611.403051,-1,0,22
1761623611.439051,0,-1,34
1761623611.4760506,1,-6,40
1761623611.5130508,-6,1,30
1761623611.5490508,-1,-2,43
1761623611.587051,5,-7,34
1761623611.6240506,4,5,32
1761623611.6620507,6,-5,32
1761623611.6980507,5,-6,32
1761623611.735051,-1,-9,25
1761623611.7730508,-2,-2,33
1761623611.8120508,-1,3,36
1761623611.8480508,0,-3,34
1761623611.8850508,-6,-2,33
1761623611.9230506,-4,-9,30
1761623611.962051,-2,3,34
1761623611.9980507,0,4,34
1761623612.0350506,3,6,44
1761623612.0730507,0,-5,37
1761623612.1090508,0,-1,32
1761623612.1470506,0,0,23
1761623612.1850507,-1,0,34
1761623612.2230508,3,-3,20
1761623612.2590508,8,-6,29
1761623612.2970507,4,0,25
1761623612.334051,4,1,31
1761623612.3720508,-2,-2,36
1761623612.4080508,-3,2,36
1761623612.4450507,-1,5,33
1761623612.4840508,5,2,36
1761623612.5220506,-5,1,25
1761623612.5580506,0,-1,31
1761623612.5950508,6,0,17
1761623612.633051,0,-6,27
1761623612.6690507,-7,-2,30
1761623612.7060506,0,-7,33
1761623612.7440507,1,6,26
1761623612.7820508,3,4,23
1761623612.8190508,-1,4,21
1761623612.8560507,0,1,20
1761623612.8940508,-7,-3,25
1761623612.9320507,3,1,35
1761623612.9690506,2,-3,25
1761623613.0060508,-5,-1,41
1761623613.0440507,-5,-10,37
1761623613.0830507,-1,-2,38
1761623613.1190507,-6,0,33
1761623613.1560507,-2,-3,23
1761623613.1940508,-2,0,29
1761623613.2330508,1,-5,19
1761623613.2690508,4,-3,31
1761623613.3060508,-1,-2,35
1761623613.3440506,-2,4,31
1761623613.383051,-2,0,25
1761623613.4190507,1,-3,27
1761623613.4560506,0,0,40
1761623613.4940507,0,0,35
1761623613.5300508,-1,-1,37
1761623613.5670507,2,-3,36
1761623613.6050508,2,-3,35
1761623613.6440508,0,-1,31
1761623613.6800506,4,-3,32
1761623613.7170508,5,2,31
1761623613.755051,0,4,36
1761623613.7930508,4,-5,25
1761623613.8290508,-1,-2,25
1761623613.8670506,-9,-8,32
1761623613.9050508,-1,0,26
1761623613.9430506,0,-5,36
1761623613.9800508,0,-1,27
1761623614.0170507,-3,3,37
1761623614.0550506,4,-4,24
1761623614.0930507,0,-4,30
1761623614.1290507,2,-7,30
1761623614.166051,-4,-2,28
1761623614.2040508,-2,-6,41
1761623614.2430508,-2,-6,30
1761623614.2790508,-6,-4,23
1761623614.3160508,-8,0,29
1761623614.3540506,-2,0,33
1761623614.3900506,7,-3,32
1761623614.4270508,0,1,36
1761623614.4650507,-2,-2,30
1761623614.5030508,0,-3,34
1761623614.5390508,3,-4,42
1761623614.5760508,-1,-1,29
1761623614.6150508,4,-8,36
1761623614.653051,1,-8,40
1761623614.689051,-6,-11,37
1761623614.7260506,1,-5,23
1761623614.7640507,0,-1,28
1761623614.8000507,-1,4,28
1761623614.837051,0,4,34
1761623614.8750508,-5,-2,43
1761623614.913051,-3,-2,33
1761623614.949051,-4,-2,27
1761623614.9860508,-4,-3,28
1761623615.0250506,1,-6,18
1761623615.0630507,-3,-1,27
1761623615.0990508,-3,2,33
1761623615.1360507,-1,6,28
1761623615.1750507,4,2,29
1761623615.2130508,1,3,33
1761623615.2490506,0,1,31
1761623615.2870507,4,4,35
1761623615.3250508,3,2,35
1761623615.3630507,-1,7,42
1761623615.3990507,2,3,39
1761623615.4370508,-1,-2,30
1761623615.4750507,9,3,41
1761623615.5110507,-3,2,38
1761623615.5480506,0,0,18
1761623615.5850508,-2,-6,36
1761623615.6240506,0,-4,42
1761623615.6600506,4,-1,33
1761623615.6970508,3,-1,33
1761623615.735051,0,-3,28
1761623615.7710507,-8,-3,27
1761623615.8080506,-2,-2,24
1761623615.8460507,3,-3,31
1761623615.8840508,-4,4,28
1761623615.9200506,-6,3,22
1761623615.9570508,0,0,22
1761623615.995051,-5,0,29
1761623616.0310507,-1,5,32
1761623616.0680506,0,1,30
1761623616.1060507,0,-1,38
1761623616.1440508,0,-3,43
1761623616.1800506,3,-2,37
1761623616.2170508,-4,-6,27
1761623616.255051,-9,-3,25
1761623616.2940507,-5,3,33
1761623616.3310506,-7,-3,29
1761623616.3680508,-4,-2,27
1761623616.4060507,-2,0,16
1761623616.4440508,-4,-4,21
1761623616.4800508,2,-1,22
1761623616.5170507,-2,2,29
1761623616.5550506,1,4,27
1761623616.5910506,-3,2,39
1761623616.6290507,-1,2,41
1761623616.666051,-1,-3,31
1761623616.7050507,4,7,28
1761623616.7410507,-3,6,28
1761623616.7790508,2,5,22
1761623616.8160508,-2,-1,27
1761623616.8550508,4,2,33
1761623616.8910508,1,0,32
1761623616.9290507,0,2,23
1761623616.9660506,4,0,37
1761623617.0040507,-2,-9,22
1761623617.0400507,-5,-4,25
1761623617.0770507,0,-4,24
1761623617.1150508,0,-3,35
1761623617.1510508,2,-5,26
1761623617.1880507,6,-3,29
1761623617.2260506,0,-5,41
1761623617.2640507,0,0,32
1761623617.3000507,-5,-3,18
1761623617.3380508,1,4,16
1761623617.3760507,2,-3,23
1761623617.4140508,2,0,34
1761623617.4500508,2,1,38
1761623617.4880507,-4,0,32
1761623617.5260508,0,-4,22
1761623617.564051,-3,0,24
1761623617.6000507,-3,-4,27
1761623617.6380508,0,2,31
1761623617.676051,-2,-1,26
1761623617.712051,-8,-5,33
1761623617.7490506,-4,0,41
1761623617.7870507,0,5,41
1761623617.8260508,1,2,23
1761623617.8620508,0,3,26
1761623617.8990507,-3,-1,23
1761623617.9370508,-2,-5,34
1761623617.9760506,-4,1,20
1761623618.0120506,-3,5,18
1761623618.0500507,-4,0,27
1761623618.0880508,4,-2,31
1761623618.1260507,0,-6,32
1761623618.1620507,-1,-7,31
1761623618.199051,-2,-3,37
1761623618.2370508,-2,0,31
1761623618.2810507,5,1,25
1761623618.3190508,4,-2,28
1761623618.3580508,0,-1,32
1761623618.3960507,1,-2,33
1761623618.4320507,-1,-4,46
1761623618.4690506,2,-7,40
1761623618.5070508,5,-1,32
1761623618.5450506,-1,-1,30
1761623618.5810506,-4,0,31
1761623618.6190507,-2,-5,25
1761623618.6570508,2,-3,30
1761623618.6960506,0,7,33
1761623618.732051,0,-5,24
1761623618.7690508,-1,1,21
1761623618.8070507,0,3,31
1761623618.8450508,0,-1,31
1761623618.8810508,0,-2,22
1761623618.9190507,0,0,25
1761623618.9570508,0,3,23
1761623618.995051,0,4,28
1761623619.0310507,1,3,24
1761623619.0680506,-2,2,34
1761623619.1060507,7,2,27
1761623619.1420507,3,1,27
1761623619.1790507,-4,3,30
1761623619.2170508,-1,-5,41
1761623619.2560508,-5,-3,43
1761623619.2920508,3,0,40
1761623619.3290508,2,-4,35
1761623619.3670506,2,-5,43
1761623619.4050508,3,-4,36
1761623619.4410508,5,-4,38
1761623619.4780507,1,1,32
1761623619.5160508,2,-4,29
1761623619.5520508,-4,-8,40
1761623619.5890508,2,-2,44
1761623619.6270506,0,1,48
1761623619.6650507,0,-6,35
1761623619.7010508,2,-8,33
1761623619.7380507,4,-3,34
1761623619.7770507,8,3,28
1761623619.8150508,2,7,40
1761623619.8510506,2,2,30
1761623619.8880508,1,2,24
1761623619.9270508,4,4,22
1761623619.9630508,4,1,37
1761623620.0000508,7,2,34
1761623620.0370507,9,-4,32
1761623620.0760508,-2,-5,21
1761623620.1120508,0,-8,27
1761623620.1490507,-5,0,32
1761623620.1870508,-3,-1,27
1761623620.2230508,0,0,25
1761623620.2600508,5,0,34
1761623620.2970507,10,0,11
1761623620.3330507,4,-1,33
1761623620.370051,5,-2,21
1761623620.4080508,7,-4,27
1761623620.4460506,3,-4,22
1761623620.4830508,5,1,31
1761623620.5200508,1,0,28
1761623620.5580506,0,5,31
1761623620.5960507,-2,0,37
1761623620.633051,0,4,33
1761623620.6700506,4,-2,23
1761623620.7080507,-4,-1,20
1761623620.7470508,0,0,27
1761623620.7830508,-1,3,30
1761623620.8200507,-2,1,29
1761623620.8580508,-3,6,29
1761623620.8960507,-8,5,25
1761623620.9320507,5,7,32
1761623620.9690506,-1,5,32
1761623621.0070508,0,3,34
1761623621.0430508,3,-1,30
1761623621.0800507,1,6,34
1761623621.1180508,-4,3,38
1761623621.1560507,-14,-3,32
1761623621.1920507,-3,-2,28
1761623621.2290506,-3,0,43
1761623621.2670507,0,1,30
1761623621.3030508,0,3,36
1761623621.3400507,-4,-7,30
1761623621.3780508,5,-8,22
1761623621.416051,0,-3,32
1761623621.4520507,5,-4,17
1761623621.4900508,5,-8,27
1761623621.528051,-3,-3,22
1761623621.5660508,-4,2,24
1761623621.6020508,-3,3,33
1761623621.6400506,2,2,21
1761623621.6780508,1,2,23
1761623621.7160506,5,5,30
1761623621.7520506,1,1,28
1761623621.7900507,4,2,43
1761623621.8280506,0,2,38
1761623621.8660507,0,-1,31
1761623621.9020507,0,2,26
1761623621.939051,-4,1,32
1761623621.9780507,-5,1,29
1761623622.0140507,1,-6,20
1761623622.051051,-1,-6,28
1761623622.0890508,1,1,27
1761623622.1270506,2,-3,28
1761623622.163051,-7,-2,33
1761623622.2000508,-7,-3,30
1761623622.2380507,-1,-1,29
1761623622.2770507,1,-3,36
1761623622.3130507,0,-10,27
1761623622.3500507,-4,-4,31
1761623622.3880508,-2,2,33
1761623622.4270508,0,-1,33
1761623622.4630508,1,-4,31
1761623622.5000508,15,1,38
1761623622.538051,0,1,37
1761623622.574051,1,1,28
1761623622.6110508,-5,-3,31
1761623622.6490507,4,0,28
1761623622.6870508,3,0,33
1761623622.7230508,2,3,37
1761623622.7610507,2,-4,40
1761623622.7980506,4,0,31
1761623622.834051,2,2,25
1761623622.8710508,-2,9,33
1761623622.9090507,-4,10,29
1761623622.9470508,-5,2,36
1761623622.9830508,1,6,32
1761623623.0200508,-2,3,43
1761623623.0590508,-6,-3,39
1761623623.097051,0,-4,41
1761623623.133051,0,-1,35
1761623623.1700506,-4,3,36
1761623623.2080507,3,4,22
1761623623.2440507,0,-4,29
1761623623.2810507,5,0,25
1761623623.3190508,-6,2,30
1761623623.357051,-2,4,18
1761623623.393051,-1,-1,15
1761623623.4300506,1,-5,18
1761623623.4680507,-3,-8,28
1761623623.5040507,-3,-8,29
1761623623.541051,-7,5,31
1761623623.5790508,-6,-2,33
1761623623.6170506,0,-5,36
1761623623.653051,0,0,41
1761623623.6910508,-5,-1,31
1761623623.7290506,-5,-4,37
1761623623.7670507,4,-6,33
1761623623.8030508,0,-2,23
1761623623.8410506,0,-3,31
1761623623.8790507,-5,0,26
1761623623.9170508,-3,-4,31
1761623623.9530506,2,-1,22
1761623623.9910507,3,4,26
1761623624.0290508,0,2,31
1761623624.0670507,-2,0,41
1761623624.1030507,4,0,31
1761623624.1410508,-3,0,31
1761623624.1790507,5,-5,23
1761623624.2150507,-5,-4,29
1761623624.2530508,3,-3,35
1761623624.2900507,3,-4,21
1761623624.3290508,3,-2,27
1761623624.3650508,6,-2,27
1761623624.403051,2,-3,34
1761623624.4410508,-6,-5,35
1761623624.4790506,-3,0,31
1761623624.5150506,0,3,34
1761623624.5520508,-3,0,25
1761623624.5900507,-7,-2,27
1761623624.6290507,-11,-1,29
1761623624.6650507,-4,0,29
1761623624.7020507,-5,3,28
1761623624.7400508,-4,0,33
1761623624.778051,0,-8,31
1761623624.814051,0,0,30
1761623624.8510506,-4,-5,38
1761623624.8890507,-4,-8,37
1761623624.9280508,0,2,29
1761623624.9640508,5,2,28
1761623625.0010507,4,-1,35
1761623625.0390508,3,-3,42
1761623625.0750508,8,-7,41
1761623625.1120508,-5,-1,39
1761623625.1500506,-7,-2,34
1761623625.189051,7,-3,38
1761623625.2250507,0,-6,30
1761623625.2620506,1,-8,32
1761623625.3000507,0,-12,31
1761623625.3380508,3,-3,40
1761623625.3750508,0,0,46
1761623625.4120507,2,-5,38
1761623625.4500508,0,-2,37
1761623625.4880507,-2,-1,43
1761623625.5250506,-4,-4,43
1761623625.5620508,-3,1,32
1761623625.6000507,-8,-4,36
1761623625.6380508,3,3,31
1761623625.6740508,-12,-1,29
1761623625.712051,-6,-3,20
1761623625.7500508,-5,-2,31
1761623625.7890508,0,-3,32
1761623625.8250508,-7,-4,25
1761623625.8620508,0,-1,25
1761623625.9000506,-1,3,38
1761623625.9380507,-4,0,21
1761623625.9740508,-1,-1,27
1761623626.0120506,6,-5,35
1761623626.0500507,-1,7,34
1761623626.0880508,0,0,35
1761623626.1240506,1,-2,29
1761623626.1610508,1,-4,35
1761623626.2000508,0,-7,26
1761623626.2380507,4,-8,24
1761623626.2740507,2,-1,23
1761623626.3120508,1,-6,24
1761623626.3500507,-1,-5,41
1761623626.3860507,-5,0,35
1761623626.4230506,1,-1,29
1761623626.462051,0,-5,34
1761623626.5000508,1,-1,19
1761623626.5360508,4,-4,18
1761623626.5730507,0,-7,30
1761623626.6110508,-2,-4,37
1761623626.6500506,1,2,30
1761623626.686051,2,2,28
1761623626.7230508,-1,0,26
1761623626.7610507,2,-4,29
1761623626.8000507,-5,-3,24
1761623626.8360507,-7,0,30
1761623626.8740506,-3,1,31
1761623626.9110508,0,2,33
1761623626.949051,7,0,24
1761623626.9860508,2,0,28
1761623627.0230508,1,0,36
1761623627.061051,1,-9,25
1761623627.0990508,-3,-1,26
1761623627.1350508,3,-3,32
1761623627.1720507,3,-1,29
1761623627.2100508,3,-3,26
1761623627.2460508,7,-1,21
1761623627.2830508,1,-3,24
1761623627.3210506,-3,1,25
1761623627.3590508,-2,2,32
1761623627.3950508,1,-3,34
1761623627.4320507,-2,4,27
1761623627.4710507,4,-3,26
1761623627.5090508,4,0,24
1761623627.5450506,-6,-1,28
1761623627.5820508,0,-2,27
1761623627.620051,6,0,33
1761623627.6560507,1,-10,28
1761623627.6930506,0,0,30
1761623627.7310507,-4,0,31
1761623627.7690508,3,4,22
1761623627.8050506,-2,3,26
1761623627.8420508,3,6,33
1761623627.880051,-3,6,30
1761623627.916051,3,5,33
1761623627.9540508,-1,0,28
1761623627.9910507,-1,-5,20
1761623628.0300508,-3,-1,26
1761623628.0660508,3,-3,29
1761623628.1040506,-4,1,31
1761623628.1410508,-3,-3,27
1761623628.1800506,-3,-3,24
1761623628.2160506,1,1,22
1761623628.2540507,-4,4,20
1761623628.3000507,-1,-2,31
1761623628.3360507,7,-2,32
1761623628.3740506,-2,0,35
1761623628.4110508,2,-1,36
1761623628.4500508,0,4,35
1761623628.4860508,3,-3,33
1761623628.5230508,6,-8,32
1761623628.561051,0,-7,34
1761623628.6000507,4,-3,31
1761623628.6360507,0,0,42
1761623628.6730506,0,-7,32
1761623628.7110507,2,-9,29
1761623628.7500508,1,-10,28
1761623628.7860508,0,-4,23
1761623628.8230507,1,-1,15
1761623628.8610508,-3,3,27
1761623628.8970506,-5,-5,21
1761623628.9340508,-1,3,29
1761623628.972051,0,6,46
1761623629.0100508,1,1,41
1761623629.0460508,2,3,37
1761623629.0830507,3,0,34
1761623629.1210508,1,-1,31
1761623629.1570508,-2,-6,29
1761623629.1950507,-2,-1,26
1761623629.2340508,1,-8,20
1761623629.2710507,-2,-9,30
1761623629.3100507,0,-4,33
1761623629.3460507,4,-10,28
1761623629.3840508,3,-5,29
1761623629.4210508,5,0,25
1761623629.4570508,5,-3,32
1761623629.495051,8,-4,27
1761623629.5320508,-6,-1,41
1761623629.5710506,-2,1,35
1761623629.607051,-9,0,32
1761623629.6450508,-2,0,25
1761623629.6820507,-1,-8,35
1761623629.7210507,-5,-8,31
1761623629.7570508,-1,-11,34
1761623629.7950506,-2,-7,18
1761623629.8330507,-3,-1,13
1761623629.8720508,-4,0,20
1761623629.9100506,-3,-1,23
1761623629.9460506,-4,-7,33
1761623629.9830508,-8,-2,30
1761623630.0220506,5,-2,36
1761623630.0600507,0,0,34
1761623630.0960507,4,-8,34
1761623630.133051,4,2,21
1761623630.1710508,4,-4,24
1761623630.2070508,-1,-1,46
1761623630.245051,3,-3,31
1761623630.2820508,1,0,23
1761623630.3200507,3,-5,16
1761623630.3560507,2,-4,21
1761623630.393051,1,0,35
1761623630.4320507,7,5,29
1761623630.4700508,6,1,20
1761623630.5060508,-1,-2,29
1761623630.5430508,-9,-1,31
1761623630.5820508,-8,4,34
1761623630.620051,-1,3,23
1761623630.6560507,-2,0,35
1761623630.6930506,1,-2,39
1761623630.7310507,-7,-3,33
1761623630.7670507,-12,0,29
1761623630.8040507,-2,0,23
1761623630.8420508,3,-9,29
1761623630.8780508,8,-4,35
1761623630.9150507,5,0,33
1761623630.9520507,0,-1,41
1761623630.9880507,2,3,31
1761623631.0250506,0,6,43
1761623631.0620508,-2,-5,41
1761623631.1010506,3,-4,31
1761623631.1370506,-3,-2,30
1761623631.1740508,-2,-5,24
1761623631.212051,2,-1,32
1761623631.2480507,3,-4,30
1761623631.2850506,0,0,43
1761623631.3220508,-2,0,33
1761623631.3580508,-6,1,32
1761623631.3950508,0,0,36
1761623631.4320507,3,-6,31
1761623631.4710507,1,3,30
1761623631.5070508,-9,0,28
1761623631.5440507,-1,-4,41
1761623631.5820508,0,2,34
1761623631.6180508,-3,0,30
1761623631.6550508,-1,-4,33
1761623631.6930506,4,1,34
1761623631.7310507,4,0,28
1761623631.7670507,-2,2,31
1761623631.8050506,-4,1,38
1761623631.8430507,-9,-3,33
1761623631.8810508,-12,0,32
1761623631.9170508,-7,1,41
1761623631.9550507,-4,-2,29
1761623631.9930508,4,-3,32
1761623632.0310507,-4,-1,30
1761623632.0670507,-8,0,20
1761623632.1040506,-5,-4,37
1761623632.143051,0,3,26
1761623632.1810508,-5,-3,28
1761623632.2170508,-9,-6,34
1761623632.2540507,-8,-2,26
1761623632.2930508,6,3,34
1761623632.3310506,7,-3,45
1761623632.3670506,0,0,43
1761623632.4050508,-5,-2,25
1761623632.4430506,-1,1,30
1761623632.4810507,3,5,35
1761623632.5170507,16,0,29
1761623632.5550506,0,-6,24
1761623632.5930507,-6,-4,26
1761623632.6310508,2,1,28
1761623632.6670508,-3,0,34
1761623632.7050507,5,0,30
1761623632.7430508,0,-3,31
1761623632.7810507,7,-9,23
1761623632.8170507,1,-2,19
1761623632.8550508,3,1,21
1761623632.893051,9,3,38
1761623632.9290507,2,2,43
1761623632.9660506,0,-6,38
1761623633.0040507,1,0,46
1761623633.0420508,3,1,31
1761623633.0780506,2,-5,22
1761623633.1150508,-2,0,31
1761623633.153051,7,-1,30
1761623633.189051,-4,-1,31
1761623633.2260506,-4,-3,32
1761623633.2630508,-2,8,39
1761623633.2990508,3,3,32
1761623633.3360507,-5,-2,35
1761623633.3740506,6,-6,32
1761623633.4120507,5,-2,32
1761623633.4480507,5,-11,38
1761623633.485051,2,-1,35
1761623633.5230508,0,-3,34
1761623633.5590508,-3,2,43
1761623633.5960507,3,3,32
1761623633.633051,-13,-6,34
1761623633.6720507,-15,-5,35
1761623633.7080507,-2,-3,30
1761623633.745051,-3,2,31
1761623633.7840507,-7,2,30
1761623633.8220508,-4,1,33
1761623633.8580508,-5,-5,29
1761623633.8950508,-3,-11,29
1761623633.9340508,4,-3,24
1761623633.972051,2,-3,27
1761623634.008051,2,-6,38
1761623634.0450506,6,-4,36
1761623634.0830507,2,0,27
1761623634.1190507,-1,-5,35
1761623634.1570508,-2,1,31
1761623634.1940508,2,-2,30
1761623634.2330508,-1,1,22
1761623634.2690508,3,0,24
1761623634.3060508,1,0,35
1761623634.3440506,4,1,37
1761623634.3820508,1,-1,29
1761623634.4180508,-1,-4,33
1761623634.4560506,3,-6,34
1761623634.4940507,2,4,32
1761623634.5320508,8,-3,33
1761623634.5680506,5,-3,32
1761623634.6050508,7,-1,47
1761623634.6440508,7,-13,33
1761623634.6820507,6,-11,33
1761623634.7180507,-1,-12,30
1761623634.755051,-6,-8,18
1761623634.7940507,-2,-5,19
1761623634.8320508,0,-1,26
1761623634.8690507,1,2,41
1761623634.9060507,-6,3,29
1761623634.9440508,-5,-5,36
1761623634.982051,-2,0,34
1761623635.018051,1,-5,27
1761623635.0560508,5,-7,18
1761623635.0940506,3,-9,25
1761623635.1320508,1,-7,24
1761623635.1680508,3,-6,22
1761623635.2050507,-5,-8,24
1761623635.2440507,1,-8,17
1761623635.2800508,6,-3,31
1761623635.3180506,10,3,36
1761623635.3560507,0,1,35
1761623635.3940508,0,1,38
1761623635.4300506,2,-6,36
1761623635.4680507,0,2,46
1761623635.505051,-1,0,41
1761623635.5440507,3,1,31
1761623635.5800507,-4,4,39
1761623635.6180508,-6,-3,34
1761623635.6560507,-5,-3,35
1761623635.6940508,-5,-6,32
1761623635.7330508,-4,-3,35
1761623635.7690508,0,-2,29
1761623635.8070507,-3,1,34
1761623635.8440506,-8,0,34
1761623635.883051,-6,-6,34
1761623635.9190507,-5,-8,38
1761623635.9570508,1,-2,32
1761623635.995051,0,-6,33
1761623636.0330508,-4,-8,28
1761623636.0690508,0,-9,38
1761623636.107051,0,0,23
1761623636.1450508,-3,-2,29
1761623636.1830506,0,-2,29
1761623636.2190506,-4,2,20
1761623636.2570508,-9,-5,29
1761623636.2950506,-1,-1,31
1761623636.334051,1,-4,22
1761623636.370051,0,-1,19
1761623636.4070508,-5,-4,26
1761623636.4450507,-3,-4,32
1761623636.4840508,-2,-5,35
1761623636.5200508,2,-1,42
1761623636.5570507,-4,-2,38
1761623636.5950508,0,-4,32
1761623636.633051,0,-8,36
1761623636.6690507,-1,-2,40
1761623636.7070508,4,0,33
1761623636.745051,1,0,35
1761623636.7830508,-12,7,24
1761623636.8190508,-2,-1,22
1761623636.857051,2,-1,30
1761623636.8950508,-3,-3,28
1761623636.9330506,6,-7,33
1761623636.9690506,9,-2,24
1761623637.0070508,2,3,24
1761623637.0450506,7,1,22
1761623637.0830507,2,-5,31
1761623637.1190507,-1,-5,27
1761623637.1570508,-4,2,29
1761623637.1950507,6,-1,30
1761623637.2330508,0,-4,39
1761623637.2690508,-3,-3,27
1761623637.3070507,-8,-3,25
1761623637.3450508,-4,-2,32
1761623637.3840508,0,-8,34
1761623637.4200506,0,-7,24
1761623637.4570508,-3,-10,27
1761623637.495051,2,-8,33
1761623637.5340507,-5,-9,40
1761623637.5700507,-1,-10,36
1761623637.607051,-3,-3,31
1761623637.6460507,3,2,41
1761623637.6840508,3,-3,33
1761623637.7200508,1,-4,32
1761623637.7570508,5,0,44
1761623637.7950506,-3,-1,32
1761623637.8310506,-9,4,29
1761623637.8690507,3,3,25
1761623637.9070508,1,2,34
1761623637.9450507,1,-2,39
1761623637.9810507,-7,3,36
1761623638.018051,-5,0,28
1761623638.0550506,1,-4,24
1761623638.0910506,0,2,32
1761623638.1280508,1,4,31
1761623638.166051,-1,-2,35
1761623638.2040508,-1,6,24
1761623638.2400508,0,5,27
1761623638.2770507,3,0,39
1761623638.3210506,-5,0,30
1761623638.3590508,0,-1,37
1761623638.3980508,2,-8,38
1761623638.436051,4,0,33
1761623638.4740508,1,4,27
1761623638.5100508,0,3,33
1761623638.5480506,1,0,37
1761623638.5860507,-5,2,31
1761623638.6240506,-1,2,23
1761623638.6600506,0,4,35
1761623638.6980507,-2,1,27
1761623638.7360508,2,0,24
1761623638.7740507,-3,5,36
1761623638.8100507,0,-2,41
1761623638.8480508,-1,0,36
1761623638.8860507,-3,3,33
1761623638.9250507,-4,-7,40
1761623638.9610507,1,-5,25
1761623638.9980507,-1,-1,19
1761623639.0360508,-5,-1,35
1761623639.0750508,6,-1,33
1761623639.1110508,0,5,44
1761623639.1480508,-5,5,43
1761623639.186051,3,-5,36
1761623639.2240508,2,3,23
1761623639.2600508,3,-1,22
1761623639.2970507,0,-6,34
1761623639.3350508,-14,-8,35
1761623639.3710508,-4,-5,45
1761623639.4090507,-7,-1,41
1761623639.4470508,-3,-3,31
1761623639.4860508,0,0,22
1761623639.5220506,9,-5,23
1761623639.5590508,0,-7,13
1761623639.5960507,-2,-3,26
1761623639.6350508,-1,0,24
1761623639.6710508,0,1,16
1761623639.7080507,2,-6,18
1761623639.7460508,-10,-4,18
1761623639.7820508,2,-3,27
1761623639.8200507,3,0,29
1761623639.8580508,0,0,26
1761623639.8960507,-1,2,39
1761623639.9320507,0,-4,32
1761623639.9690506,-5,-5,32
1761623640.0070508,-3,-2,38
1761623640.0460508,0,5,30
1761623640.0820508,-3,0,47
1761623640.1190507,-7,1,39
1761623640.1560507,1,3,32
1761623640.1920507,1,0,42
1761623640.2300508,1,1,36
1761623640.2670507,2,-3,30
1761623640.3050506,-4,-8,30
1761623640.3410506,-1,-7,32
1761623640.3780508,3,7,36
1761623640.416051,4,0,33
1761623640.4520507,9,0,33
1761623640.4900508,5,-2,36
1761623640.528051,2,0,32
1761623640.5660508,-1,4,20
1761623640.6020508,-2,2,27
1761623640.6400506,0,-2,33
1761623640.6770508,-3,0,24
1761623640.7160506,1,0,34
1761623640.7520506,-1,3,31
1761623640.7900507,-3,0,31
1761623640.8270507,-2,-2,38
1761623640.8660507,-4,-4,33
1761623640.9020507,-5,-6,27
1761623640.9400508,1,-3,38
1761623640.9780507,-1,-5,33
1761623641.0170507,0,-1,39
1761623641.0550506,0,-2,44
1761623641.0910506,-5,0,45
1761623641.1280508,4,0,22
1761623641.166051,5,1,26
1761623641.2020507,-1,4,31
1761623641.2400508,-1,0,36
1761623641.278051,1,0,34
1761623641.3160508,0,-1,31
1761623641.3520508,0,-7,24
1761623641.3900506,0,-2,33
1761623641.4280508,2,-5,37
1761623641.4670508,0,-5,28
1761623641.5030508,4,-3,35
1761623641.541051,4,-4,29
1761623641.5780506,0,-4,26
1761623641.6170506,-4,4,28
1761623641.653051,-1,3,33
1761623641.6910508,-9,0,36
1761623641.7280507,-2,-9,32
1761623641.7670507,2,-5,24
1761623641.8030508,0,-4,29
1761623641.8400507,0,0,39
1761623641.8770506,2,-1,35
1761623641.913051,-1,-1,34
1761623641.9510508,-9,-8,36
1761623641.9890506,-1,-2,30
1761623642.0270507,0,3,29
1761623642.0630507,0,-4,34
1761623642.1010506,-1,-3,35
1761623642.1380508,0,7,37
1761623642.176051,0,6,33
1761623642.212051,1,1,29
1761623642.2490506,8,-3,32
1761623642.2870507,0,-1,34
1761623642.3230507,-3,0,38
1761623642.360051,-4,-1,32
1761623642.3980508,-1,0,31
1761623642.436051,1,-2,35
1761623642.472051,-4,-1,36
1761623642.5090508,-11,0,31
1761623642.5470507,-3,-1,29
1761623642.5830507,-2,0,34
1761623642.620051,-1,2,39
1761623642.6580508,-4,-3,38
1761623642.6960506,0,-3,37
1761623642.732051,-4,-2,46
1761623642.7710507,-2,-1,29
1761623642.8090508,2,7,40
1761623642.847051,0,2,37
1761623642.883051,4,-5,33
1761623642.9200506,0,-5,29
1761623642.9580507,-3,-5,34
1761623642.9960508,4,5,37
1761623643.0320508,5,0,33
1761623643.0700507,2,-7,32
1761623643.1080508,-4,-3,33
1761623643.1470506,-1,-1,37
1761623643.1830506,2,0,40
1761623643.2200508,6,0,35
1761623643.258051,5,2,24
1761623643.2960508,7,2,32
1761623643.3320508,5,-1,43
1761623643.370051,-8,-4,35
1761623643.4080508,-6,0,29
1761623643.4470508,-9,-9,33
1761623643.4830508,-2,-5,32
1761623643.5200508,-1,-3,26
1761623643.5580506,-4,-5,34
1761623643.597051,-1,0,21
1761623643.633051,-1,-9,28
1761623643.6720507,1,-9,33
1761623643.709051,4,-7,29
1761623643.7470508,0,-2,25
1761623643.7830508,-2,-1,26
1761623643.8200507,-9,-7,31
1761623643.8580508,-6,-4,39
1761623643.8970506,0,-6,23
1761623643.9330506,2,-5,28
1761623643.9700508,5,-6,35
1761623644.008051,0,-6,31
1761623644.0440507,5,-6,30
1761623644.0810506,4,-8,42
1761623644.1190507,5,-3,43
1761623644.1580508,6,0,35
1761623644.1940508,6,-6,36
1761623644.2310507,0,-9,18
1761623644.268051,2,-2,25
1761623644.3040507,0,-9,24
1761623644.3420508,3,-11,37
1761623644.3790507,1,-7,35
1761623644.4170508,-3,-8,23
1761623644.4530506,-4,-3,28
1761623644.4920506,0,-1,32
1761623644.5290508,0,-7,30
1761623644.5670507,-3,-4,29
1761623644.6030507,1,1,31
1761623644.6410508,-4,-7,25
1761623644.6790507,-11,-9,28
1761623644.7180507,0,-5,16
1761623644.7540507,0,-6,30
1761623644.7920508,0,-2,29
1761623644.8290508,4,2,34
1761623644.8670506,2,2,35
1761623644.903051,-5,5,44
1761623644.9410508,-6,-3,33
1761623644.9790506,3,-1,32
1761623645.0170507,-3,1,38
1761623645.0530508,-9,0,28
1761623645.0900507,0,-3,21
1761623645.1280508,0,2,18
1761623645.1640508,-1,0,29
1761623645.2010508,-9,-7,27
1761623645.2390506,-5,0,37
1761623645.2770507,-4,1,32
1761623645.314051,-2,3,31
1761623645.3510506,3,2,28
1761623645.3890507,6,-1,25
1761623645.4270508,6,-7,38
1761623645.4630508,3,-8,45
1761623645.5000508,1,-8,42
1761623645.5390508,-3,-9,35
1761623645.5770507,0,-2,29
1761623645.6130507,0,-7,30
1761623645.6500506,3,0,27
1761623645.6880507,-2,0,23
1761623645.7240508,0,0,19
1761623645.7610507,4,1,29
1761623645.7990508,-1,-2,41
1761623645.8350508,0,-5,41
1761623645.8720508,-6,-3,37
1761623645.9100506,-1,-4,28
1761623645.949051,-5,-3,27
1761623645.985051,-6,5,26
1761623646.0220506,-3,-1,38
1761623646.0600507,0,1,37
1761623646.0980508,2,-5,32
1761623646.1340508,-2,-9,28
1761623646.1720507,-4,-5,32
1761623646.209051,-2,-2,32
1761623646.2480507,-5,-6,32
1761623646.2840507,3,-5,33
1761623646.3210506,-6,-3,35
1761623646.3590508,-2,-3,21
1761623646.3980508,-5,1,30
1761623646.4340508,0,4,46
1761623646.4710507,5,2,42
1761623646.5090508,-3,-1,31
1761623646.5450506,3,-2,36
1761623646.5830507,5,-8,25
1761623646.620051,3,-10,30
1761623646.6590507,6,-8,35
1761623646.6950507,12,0,36
1761623646.7330508,7,-6,27
1761623646.7700508,4,3,24
1761623646.8090508,3,-1,44
1761623646.8450508,3,5,39
1761623646.8820508,-3,0,24
1761623646.9200506,-3,0,25
1761623646.9580507,4,-3,24
1761623646.9940507,-1,3,27
1761623647.0310507,0,-5,29
1761623647.0690508,4,-7,22
1761623647.1060507,1,-4,29
1761623647.143051,-2,-5,32
1761623647.1810508,-5,-5,38
1761623647.2200508,-5,0,35
1761623647.258051,-6,-10,35
1761623647.2940507,-12,-6,42
1761623647.3310506,-2,-1,42
1761623647.370051,0,-4,37
1761623647.4080508,1,1,31
1761623647.4440508,-1,0,31
1761623647.4810507,0,-1,35
1761623647.5190508,4,1,34
1761623647.5550506,2,-4,30
1761623647.5920508,3,-4,32
1761623647.630051,-4,-5,31
1761623647.6690507,-1,3,19
1761623647.7050507,0,0,30
1761623647.7430508,-4,2,27
1761623647.7800508,-2,0,28
1761623647.8180506,-3,-6,28
1761623647.8540506,1,0,41
1761623647.8910508,-6,1,39
1761623647.9290507,1,0,33
1761623647.9650507,1,-4,34
1761623648.0020506,-5,-4,35
1761623648.0400507,-7,-6,37
1761623648.0790508,-6,-1,35
1761623648.1150508,0,0,33
1761623648.1520507,-8,3,35
1761623648.1900508,0,-2,33
1761623648.2260506,-2,-2,43
1761623648.2630508,-4,-3,36
1761623648.3020508,-4,-3,30
1761623648.3450508,-4,-5,28
1761623648.383051,-3,-5,24
1761623648.4210508,-2,-4,25
1761623648.4600508,0,-1,32
1761623648.4960508,-5,1,22
1761623648.5330508,-3,0,30
1761623648.5700507,2,0,21
1761623648.6090508,-11,0,29
1761623648.6450508,-9,-2,27
1761623648.6820507,2,1,26
1761623648.7200508,5,-3,39
1761623648.7560508,-1,0,37
1761623648.7930508,-2,0,29
1761623648.8310506,-4,-4,31
1761623648.870051,4,-1,23
1761623648.9060507,1,-1,18
1761623648.9430506,-1,-1,27
1761623648.9810507,1,-2,33
1761623649.0200508,0,-6,32
1761623649.0560508,0,-2,41
1761623649.0930507,3,-1,22
1761623649.1310508,2,-3,37
1761623649.1690507,2,5,39
1761623649.2050507,-6,-1,40
1761623649.2430508,-9,-4,38
1761623649.2810507,1,-2,36
1761623649.3200507,0,2,29
1761623649.3560507,-5,3,37
1761623649.393051,-2,-4,22
1761623649.4310508,0,-2,23
1761623649.4700508,-1,-2,32
1761623649.5060508,-3,-3,36
1761623649.5430508,0,0,36
1761623649.5810506,-4,-2,31
1761623649.6190507,-1,0,31
1761623649.6550508,-3,1,27
1761623649.6920507,-6,-3,23
1761623649.7310507,-4,-3,23
1761623649.7690508,-1,2,31
1761623649.8050506,-4,4,41
1761623649.8430507,-7,4,36
1761623649.8810508,-5,0,34
1761623649.9190507,0,0,29
1761623649.9550507,-2,-4,36
1761623649.9920506,-3,-7,49
1761623650.0310507,-4,-1,41
1761623650.0690508,-6,0,39
1761623650.1050508,-8,0,39
1761623650.1420507,-2,2,33
1761623650.1810508,-4,9,38
1761623650.2170508,-1,4,41
1761623650.2540507,-1,0,36
1761623650.291051,-2,0,23
1761623650.3270507,1,2,27
1761623650.3650508,-1,5,24
1761623650.4020507,-1,3,25
1761623650.4400508,2,0,35
1761623650.4760506,-3,-2,22
1761623650.5130508,7,-1,29
1761623650.551051,-4,-2,32
1761623650.587051,-1,-2,32
1761623650.6250508,-5,-1,33
1761623650.663051,0,0,33
1761623650.7010508,0,-4,31
1761623650.7370508,3,-3,35
1761623650.7740507,-3,-4,37
1761623650.8120508,3,-7,25
1761623650.8500507,2,-2,27
1761623650.8860507,4,-3,21
1761623650.9230506,-1,-6,22
1761623650.9610507,6,-1,32
1761623651.0000508,0,-2,26
1761623651.0360508,-2,-3,22
1761623651.0730507,3,-2,27
1761623651.1110508,0,0,35
1761623651.1470506,-1,1,26
1761623651.1840508,4,-6,30
1761623651.222051,8,3,31
1761623651.2600508,2,2,20
1761623651.2960508,1,1,30
1761623651.334051,-4,0,32
1761623651.3720508,5,0,36
1761623651.4100506,3,0,39
1761623651.4460506,1,0,31
1761623651.4840508,2,-3,24
1761623651.5220506,-4,1,24
1761623651.5600507,0,-4,14
1761623651.5960507,-3,-4,26
1761623651.6340508,-3,-1,23
1761623651.6720507,0,-7,25
1761623651.7110507,3,-2,33
1761623651.7470508,0,5,46
1761623651.7840507,3,-1,43
1761623651.8230507,5,6,48
1761623651.8610508,1,5,38
1761623651.8970506,-1,1,30
1761623651.9340508,-4,0,41
1761623651.972051,3,-3,26
1761623652.0100508,2,-1,26
1761623652.0460508,-2,2,29
1761623652.084051,-5,0,26
1761623652.1220508,-3,0,32
1761623652.1600506,2,-1,36
1761623652.1960506,5,-3,31
1761623652.2340508,8,-3,22
1761623652.2720506,0,-2,39
1761623652.3100507,-7,-6,30
1761623652.3460507,0,-6,24
1761623652.3840508,-7,-7,17
1761623652.4220507,-6,-8,26
1761623652.4610507,-3,-2,19
1761623652.4970508,-2,0,17
1761623652.5340507,8,-4,22
1761623652.5720508,8,0,28
1761623652.6080508,5,-7,31
1761623652.6460507,0,0,26
1761623652.6830506,3,0,25
1761623652.7210507,-2,-2,26
1761623652.7570508,-7,-4,26
1761623652.7940507,6,-6,33
1761623652.8320508,0,-4,34
1761623652.8680508,-3,-1,27
1761623652.9050508,-10,2,32
1761623652.9430506,0,-1,29
1761623652.9810507,1,-2,33
1761623653.0170507,1,0,40
1761623653.0540507,-1,-2,34
1761623653.0920508,5,-3,36
1761623653.1310508,-5,-2,30
1761623653.1670508,-6,0,31
1761623653.2040508,-1,-4,31
1761623653.2430508,3,-5,41
1761623653.2810507,6,-7,44
1761623653.3170507,0,-3,36
1761623653.3540506,-10,-4,27
1761623653.393051,-6,-5,32
1761623653.4310508,1,-12,28
1761623653.4670508,8,-10,35
1761623653.5040507,3,-2,44
1761623653.5430508,-6,-3,35
1761623653.5810506,-5,-4,27
1761623653.6170506,0,-1,22
1761623653.6540508,-3,-6,37
1761623653.6930506,2,-4,22
1761623653.7310507,3,1,27
1761623653.7670507,0,-5,30
1761623653.8040507,-2,-8,27
1761623653.8430507,-4,-8,33
1761623653.8810508,4,-8,30
1761623653.9170508,0,-1,35
1761623653.9540508,0,1,42
1761623653.9920506,5,0,42
1761623654.028051,1,-3,40
1761623654.0660508,0,6,38
1761623654.1030507,-1,6,32
1761623654.1410508,1,0,32
1761623654.1770508,0,2,36
1761623654.2140508,0,4,28
1761623654.2520506,0,0,28
1761623654.288051,-4,-1,27
1761623654.3260508,-4,-1,26
1761623654.3640506,2,0,27
1761623654.4020507,1,7,28
1761623654.4380507,0,0,34
1761623654.4760506,-4,5,38
1761623654.5130508,-2,4,40
1761623654.5490508,4,1,45
1761623654.5860507,1,-1,27
1761623654.6230507,3,-3,43
1761623654.6590507,-5,-1,50
1761623654.6970508,2,0,45
1761623654.735051,3,-4,28
1761623654.7730508,8,3,32
1761623654.8090508,5,2,21
1761623654.8460507,0,-3,20
1761623654.883051,0,2,25
1761623654.9190507,-1,-2,34
1761623654.9560506,-4,5,30
1761623654.9930508,-4,0,19
1761623655.0320508,2,3,23
1761623655.0680506,0,0,20
1761623655.1050508,-1,-7,24
1761623655.143051,-2,2,31
1761623655.1820507,5,-2,34
1761623655.2180507,2,0,24
1761623655.2560508,2,-3,20
1761623655.2940507,-4,0,25
1761623655.3320508,-6,0,24
1761623655.3690507,-3,0,31
1761623655.4060507,-1,4,34
1761623655.4440508,2,0,21
1761623655.482051,3,-8,14
1761623655.518051,2,-4,31
1761623655.5550506,-1,2,46
1761623655.5940506,-2,-3,39
1761623655.6320508,2,-1,31
1761623655.6680508,4,-2,24
1761623655.7050507,0,-1,29
1761623655.7440507,-1,4,20
1761623655.7820508,3,-5,29
1761623655.8180506,1,-1,31
1761623655.8560507,0,-2,26
1761623655.8940508,0,-4,33
1761623655.9320507,0,0,38
1761623655.9680507,0,0,30
1761623656.005051,-2,0,35
1761623656.0440507,-1,2,41
1761623656.0820508,-4,0,31
1761623656.1180508,-6,0,37
1761623656.1560507,0,0,33
1761623656.1940508,1,0,34
1761623656.232051,-5,-1,31
1761623656.268051,-5,-3,34
1761623656.3060508,1,-7,28
1761623656.3440506,-4,-2,23
1761623656.383051,-1,-1,37
1761623656.4190507,-2,-3,48
1761623656.4560506,5,-6,40
1761623656.4940507,0,-6,36
1761623656.5320508,-2,0,32
1761623656.5680506,0,-2,32
1761623656.6050508,6,5,20
1761623656.643051,-5,-2,34
1761623656.6790507,0,1,34
1761623656.7160506,-1,0,33
1761623656.7540507,5,3,30
1761623656.7900507,1,4,36
1761623656.8280506,-4,-1,38
1761623656.8650508,0,0,38
1761623656.903051,0,3,31
1761623656.939051,-7,2,34
1761623656.9770508,0,-5,43
1761623657.0150506,0,0,36
1761623657.0530508,6,0,30
1761623657.0890508,0,-3,28
1761623657.1260507,0,-1,39
1761623657.1640508,0,-4,36
1761623657.2030506,5,9,29
1761623657.2390506,-4,4,24
1761623657.2760508,-5,-3,26
1761623657.314051,2,-9,26
1761623657.3530507,3,0,37
1761623657.3890507,0,-6,42
1761623657.4270508,2,-2,32
1761623657.4650507,5,-2,31
1761623657.5030508,6,-1,34
1761623657.5390508,-1,0,39
1761623657.5770507,-6,2,33
1761623657.6150508,2,0,33
1761623657.653051,1,-6,31
1761623657.689051,0,-6,30
1761623657.7280507,0,-1,43
1761623657.7650506,-1,-1,36
1761623657.8040507,3,2,32
1761623657.8400507,6,-1,29
1761623657.8780508,0,0,31
1761623657.9150507,3,-3,26
1761623657.9530506,3,-2,30
1761623657.9890506,-3,-2,28
1761623658.0270507,-8,2,18
1761623658.0650508,-10,-5,25
1761623658.1030507,-7,-3,38
1761623658.1390507,1,-2,20
1761623658.1770508,4,-4,38
1761623658.2150507,5,0,35
1761623658.2530508,1,-1,32
1761623658.2890508,-2,0,32
1761623658.3270507,-5,2,14
1761623658.3730507,-4,3,24
1761623658.4090507,-1,4,33
1761623658.4470508,0,-1,23
1761623658.485051,3,-2,29
1761623658.5230508,3,-4,35
1761623658.5590508,-4,0,37
1761623658.5960507,-3,4,31
1761623658.6340508,2,-4,35
1761623658.6700506,-3,0,36
1761623658.7070508,-3,-1,25
1761623658.745051,-3,1,25
1761623658.7810507,-7,3,30
1761623658.8190508,-7,3,21
1761623658.8560507,-1,0,25
1761623658.8950508,-14,3,25
1761623658.9310508,0,3,32
1761623658.9680507,0,-5,26
1761623659.005051,0,-6,37
1761623659.041051,0,0,42
1761623659.0780506,-4,-3,35
1761623659.1160507,-5,-12,36
1761623659.1550508,0,-4,33
1761623659.1910508,-4,-3,37
1761623659.2280507,0,-3,32
1761623659.2650506,-1,0,29
1761623659.3040507,-1,-3,29
1761623659.3400507,8,-1,32
1761623659.3770506,2,0,28
1761623659.4150507,0,-3,35
1761623659.4510508,0,6,23
1761623659.4880507,-3,-4,32
1761623659.5260508,0,-4,32
1761623659.564051,-3,-1,38
1761623659.6010506,0,-6,43
1761623659.6380508,0,0,39
1761623659.6750507,-3,4,33
1761623659.7140508,-6,0,28
1761623659.7500508,3,0,32
1761623659.788051,-1,1,36
1761623659.8260508,4,0,19
1761623659.8640506,2,-3,30
1761623659.9000506,0,3,19
1761623659.9380507,-5,-2,38
1761623659.9760506,-2,-3,27
1761623660.0140507,-8,0,29
1761623660.0500507,-9,-5,29
1761623660.0880508,-3,-6,13
1761623660.1260507,0,-1,22
1761623660.1640508,-1,-5,27
1761623660.2000508,3,3,16
1761623660.2370508,9,-5,14
1761623660.2760508,-2,-9,18
1761623660.314051,-5,-3,22
1761623660.3500507,-1,2,32
1761623660.3880508,-2,0,36
1761623660.426051,-3,7,39
1761623660.4640508,-2,6,32
1761623660.5000508,0,-4,47
1761623660.538051,-4,6,29
1761623660.5760508,0,-2,34
1761623660.6140506,-7,-6,23
1761623660.6500506,-9,1,22
1761623660.6870508,0,2,26
1761623660.7260506,2,-2,24
1761623660.7640507,0,0,33
1761623660.8000507,-3,-2,31
1761623660.8380508,-2,-6,30
1761623660.8760507,-3,-6,41
1761623660.9150507,-10,-7,38
1761623660.9510508,1,-9,36
1761623660.9880507,3,2,36
1761623661.0260508,6,-2,30
1761623661.0620508,0,-1,34
1761623661.0990508,7,-6,31
1761623661.1370506,3,-3,38
1761623661.1750507,2,-4,23
1761623661.2110507,-5,-1,26
1761623661.2480507,0,1,33
1761623661.2860508,-2,5,31
1761623661.3220508,-1,3,34
1761623661.3590508,-4,1,34
1761623661.3960507,-5,2,35
1761623661.4350507,-5,2,34
1761623661.4710507,-8,-4,40
1761623661.508051,-8,3,31
1761623661.5460508,-7,3,38
1761623661.5850508,-3,0,36
1761623661.6210508,-2,1,25
1761623661.6590507,-7,0,36
1761623661.6960506,-2,4,35
1761623661.735051,-1,-3,37
1761623661.7710507,-2,-2,36
1761623661.8090508,0,0,38
1761623661.8460507,-6,5,32
1761623661.8820508,-6,-2,26
1761623661.9200506,-7,-2,38
1761623661.9580507,-1,-3,28
1761623661.9970508,-7,-4,31
1761623662.0350506,-2,0,31
1761623662.0710506,1,1,36
1761623662.1090508,-3,-5,35
1761623662.1470506,0,-10,36
1761623662.1850507,-2,-5,41
1761623662.2210507,7,-2,44
1761623662.258051,0,-3,31
1761623662.2970507,-4,-6,34
1761623662.3350508,0,0,39
1761623662.3710508,4,-2,32
1761623662.4080508,3,-4,21
1761623662.4460506,-3,-2,30
1761623662.482051,1,-1,37
1761623662.5190508,-2,1,24
1761623662.5570507,6,5,33
1761623662.5960507,-4,0,36
1761623662.6320508,-4,2,38
1761623662.6690507,-1,4,34
1761623662.7070508,-4,7,34
1761623662.745051,1,4,32
1761623662.7810507,-3,7,33
1761623662.8180506,-1,-2,28
1761623662.857051,1,-3,17
1761623662.8950508,-2,1,27
1761623662.9310508,1,1,22
1761623662.9680507,-2,-8,31
1761623663.0070508,-3,-7,40
1761623663.0450506,3,0,33
1761623663.0810506,0,-7,38
1761623663.1180508,2,4,39
1761623663.1560507,-3,5,46
1761623663.1920507,0,-1,36
1761623663.2290506,-2,0,44
1761623663.2670507,5,2,30
1761623663.3030508,-2,1,28
1761623663.3400507,5,0,27
1761623663.3770506,9,5,30
1761623663.413051,4,2,28
1761623663.4500508,3,2,28
1761623663.4870508,2,-6,38
1761623663.5260508,1,0,30
1761623663.5620508,0,-3,23
1761623663.5990508,0,-5,34
1761623663.6370506,-2,4,30
1761623663.676051,1,0,27
1761623663.712051,0,-7,22
1761623663.7490506,1,-5,30
1761623663.7870507,0,0,29
1761623663.8230507,3,-3,31
1761623663.860051,-3,-1,36
1761623663.8980508,1,0,38
1761623663.936051,0,0,25
1761623663.972051,0,-3,33
1761623664.0090508,-2,-7,35
1761623664.0480506,-3,-3,36
1761623664.0860507,-4,-2,24
1761623664.1220508,1,0,27
1761623664.1590507,0,-4,26
1761623664.1980507,-1,0,37
1761623664.2360508,3,0,31
1761623664.2720506,-1,-1,25
1761623664.3100507,-1,-3,44
1761623664.3480508,-2,-1,36
1761623664.3860507,-1,-3,30
1761623664.4220507,-4,-4,35
1761623664.4600508,-3,-9,20
1761623664.4980507,3,-1,21
1761623664.5360508,5,1,25
1761623664.5720508,-4,7,28
1761623664.610051,0,2,29
1761623664.6480508,-1,1,24
1761623664.686051,10,-4,14
1761623664.722051,3,-4,16
1761623664.7600508,-1,-3,27
1761623664.7980506,-6,-8,27
1761623664.8360507,-2,0,26
1761623664.8720508,-5,-3,28
1761623664.9090507,6,-4,41
1761623664.9480507,2,0,47
1761623664.9860508,-5,0,35
1761623665.0220506,-1,3,31
1761623665.0590508,0,-1,30
1761623665.097051,-2,0,31
1761623665.133051,3,-1,42
1761623665.1710508,-4,-2,22
1761623665.209051,0,-3,27
1761623665.2470508,-2,2,34
1761623665.2830508,0,0,30
1761623665.3210506,1,-9,31
1761623665.3580508,-5,-3,34
1761623665.3970506,2,-4,26
1761623665.4330506,4,-3,24
1761623665.4710507,5,-2,22
1761623665.508051,6,-6,28
1761623665.5470507,10,-4,38
1761623665.5830507,3,-4,31
1761623665.6210508,-4,1,26
1761623665.6580508,10,0,39
1761623665.6970508,3,0,46
1761623665.7330508,-1,-2,33
1761623665.7710507,-6,-3,29
1761623665.8090508,0,-4,43
1761623665.8480508,3,7,39
1761623665.8840508,-1,-1,38
1761623665.9210508,0,1,29
1761623665.9580507,0,2,43
1761623665.9970508,-6,-5,36
1761623666.0330508,-5,-6,28
1761623666.0700507,7,-14,30
1761623666.1080508,-3,-9,30
1761623666.1440508,1,-7,28
1761623666.1810508,11,2,23
1761623666.2190506,-3,-1,16
1761623666.2570508,1,-9,32
1761623666.2930508,9,0,41
1761623666.3300507,0,-2,26
1761623666.3690507,1,-5,19
1761623666.4070508,-2,0,42
1761623666.4430506,-3,3,52
1761623666.4810507,-7,1,43
1761623666.5190508,-8,0,51
1761623666.5570507,-1,-2,38
1761623666.5930507,-3,-5,36
1761623666.6310508,-4,-2,33
1761623666.6690507,-5,-2,36
1761623666.7080507,3,3,36
1761623666.7440507,-4,3,40
1761623666.7810507,-13,-5,34
1761623666.8190508,-4,-2,24
1761623666.8580508,-6,-4,17
1761623666.8940508,-5,-4,32
1761623666.9310508,1,-4,27
1761623666.9690506,0,-5,25
1761623667.0070508,4,0,28
1761623667.0430508,0,-6,23
1761623667.0800507,0,-1,29
1761623667.1190507,3,-5,32
1761623667.1570508,-2,-3,30
1761623667.1930506,1,-4,26
1761623667.2310507,-2,0,22
1761623667.2700508,-2,-1,23
1761623667.3080506,5,-1,39
1761623667.3440506,-2,0,40
1761623667.3810508,-7,3,35
1761623667.4200506,-7,3,30
1761623667.4580507,-3,3,38
1761623667.4940507,-4,-3,35
1761623667.5310507,1,-4,28
1761623667.5690508,-2,-8,26
1761623667.607051,-2,-3,18
1761623667.643051,-5,-3,19
1761623667.6800506,1,-1,25
1761623667.7180507,-5,1,26
1761623667.7540507,3,-3,34
1761623667.791051,2,-5,36
1761623667.8290508,3,-5,51
1761623667.8650508,1,-12,33
1761623667.9020507,0,-8,34
1761623667.9400508,0,1,24
1761623667.9780507,1,-4,23
1761623668.0140507,7,-3,28
1761623668.0520508,9,-4,17
1761623668.0890508,3,5,23
1761623668.1250508,3,3,16
1761623668.1620507,11,-7,16
1761623668.2000508,-4,-1,32
1761623668.2390506,-5,-5,38
1761623668.2750506,-5,1,37
1761623668.3120508,-4,-3,43
1761623668.3500507,-2,-3,44
1761623668.3940508,-6,-6,35
1761623668.4330506,0,-9,34
1761623668.4700508,2,-4,29
1761623668.508051,13,-6,36
1761623668.5450506,9,-6,33
1761623668.5820508,0,6,28
1761623668.620051,-2,0,29
1761623668.6580508,-4,-2,24
1761623668.6940508,-5,-7,28
1761623668.7310507,-4,-3,33
1761623668.7700508,-1,-7,19
1761623668.8080506,5,-10,32
1761623668.8440506,3,-5,40
1761623668.8820508,7,-4,39
1761623668.9200506,3,0,38
1761623668.9580507,-9,-1,23
1761623668.9940507,0,0,27
1761623669.0310507,-3,-3,36
1761623669.0700507,-6,-2,34
1761623669.1080508,-5,0,28
1761623669.1440508,2,4,21
1761623669.1820507,2,0,36
1761623669.2200508,2,0,30
1761623669.258051,-2,-5,29
1761623669.2950506,-1,-6,33
1761623669.3320508,3,-2,33
1761623669.370051,-1,3,26
1761623669.4080508,-5,4,23
1761623669.4440508,-1,1,31
1761623669.4810507,-1,-2,20
1761623669.5200508,1,1,18
1761623669.5580506,2,-3,23
1761623669.5940506,-3,-1,24
1761623669.6320508,-5,-1,22
1761623669.6700506,-2,2,39
1761623669.709051,-2,0,38
1761623669.745051,-4,-9,36
1761623669.7820508,-6,-8,39
1761623669.8200507,0,-1,45
1761623669.8590508,-1,2,34
1761623669.8950508,-5,-3,22
1761623669.9330506,-3,-9,29
1761623669.9710507,-2,-6,23
1761623670.0100508,0,0,32
1761623670.0460508,-4,0,29
1761623670.0830507,-6,-6,34
1761623670.1210508,6,-1,30
1761623670.1590507,0,0,37
1761623670.1950507,-9,4,38
1761623670.232051,-3,0,24
1761623670.2700508,5,1,27
1761623670.3060508,11,-4,29
1761623670.3440506,6,-1,38
1761623670.3820508,-2,-6,31
1761623670.4210508,1,-3,28
1761623670.459051,1,0,21
1761623670.495051,1,1,34
1761623670.5320508,-4,-1,24
1761623670.5710506,-5,0,26
1761623670.6090508,0,1,33
1761623670.6450508,-1,-2,35
1761623670.6820507,-2,1,35
1761623670.7200508,0,1,38
1761623670.7560508,1,-2,29
1761623670.7930508,3,-5,28
1761623670.8310506,-3,1,33
1761623670.870051,0,0,26
1761623670.9070508,-8,2,32
1761623670.9440508,-6,1,33
1761623670.9810507,-5,1,30
1761623671.0210507,-1,-1,21
1761623671.0590508,0,-9,27
1761623671.0950508,11,-5,23
1761623671.1320508,0,4,28
1761623671.1700506,0,5,28
1761623671.2060506,-2,5,40
1761623671.2440507,-1,1,30
1761623671.2810507,3,-1,19
1761623671.3190508,0,0,28
1761623671.3550508,1,-1,37
1761623671.3920507,-3,-2,29
1761623671.4310508,-4,0,26
1761623671.4690506,-2,-5,35
1761623671.505051,-1,-2,38
1761623671.5420508,-9,-5,35
1761623671.5810506,-3,3,25
1761623671.6190507,-9,3,35
1761623671.6550508,-7,-3,32
1761623671.6920507,-1,7,33
1761623671.7300508,-1,-3,37
1761623671.7660508,-8,-2,37
1761623671.8030508,0,2,40
1761623671.8410506,0,-3,45
1761623671.8770506,-1,-1,34
1761623671.9140508,0,-1,36
1761623671.9510508,3,-4,29
1761623671.9880507,0,1,20
1761623672.0250506,2,0,21
1761623672.0620508,5,-6,26
1761623672.1000507,-4,-6,28
1761623672.1360507,0,-6,35
1761623672.1730506,2,-2,34
1761623672.2110507,1,0,34
1761623672.2470508,-4,3,44
1761623672.2840507,-5,-1,41
1761623672.3220508,1,5,21
1761623672.360051,0,2,26
1761623672.3960507,-7,5,27
1761623672.4330506,-6,0,32
1761623672.4710507,0,-8,37
1761623672.5070508,9,1,35
1761623672.5440507,0,0,27
1761623672.5810506,2,1,26
1761623672.6170506,0,0,28
1761623672.6550508,0,-1,33
1761623672.6920507,0,-6,35
1761623672.7300508,-3,-9,20
1761623672.7660508,4,-1,15
1761623672.8030508,-3,-2,23
1761623672.8420508,-1,-2,17
1761623672.880051,-2,-5,26
1761623672.916051,5,-8,35
1761623672.9530506,3,-4,40
1761623672.9910507,1,-11,34
1761623673.0270507,3,-10,20
1761623673.0650508,12,-2,25
1761623673.1030507,8,-4,31
1761623673.1410508,3,1,31
1761623673.1770508,5,-5,26
1761623673.2150507,0,-2,28
1761623673.2530508,2,-6,29
1761623673.2920508,3,-4,18
1761623673.3300507,0,-1,22
1761623673.3660507,8,-2,30
1761623673.403051,0,-6,34
1761623673.4410508,0,0,18
1761623673.4770508,0,0,27
1761623673.5150506,0,1,22
1761623673.5520508,1,5,24
1761623673.5900507,0,7,17
1761623673.6260507,3,0,26
1761623673.663051,5,-5,28
1761623673.7010508,4,-3,28
1761623673.7370508,-4,-12,32
1761623673.7740507,-1,-6,32
1761623673.8120508,0,0,28
1761623673.8500507,-3,-2,43
1761623673.8860507,-4,0,37
1761623673.9240508,-3,-1,35
1761623673.962051,0,-2,37
1761623674.0010507,6,2,37
1761623674.0370507,12,3,30
1761623674.074051,0,0,29
1761623674.1120508,2,-1,26
1761623674.1480508,-3,1,28
1761623674.1870508,-1,1,25
1761623674.2240508,-6,-9,30
1761623674.2630508,-1,-6,22
1761623674.301051,-2,0,25
1761623674.337051,0,0,27
1761623674.3740506,0,-4,30
1761623674.4120507,0,-3,26
1761623674.4480507,0,0,41
1761623674.485051,2,-1,33
1761623674.5220506,2,-1,28
1761623674.5580506,1,2,33
1761623674.5960507,-8,0,24
1761623674.633051,-6,1,39
1761623674.6710508,-2,-9,28
1761623674.7070508,-13,-7,31
1761623674.745051,2,0,29
1761623674.7820508,-1,2,25
1761623674.8210506,-7,0,31
1761623674.857051,-8,2,31
1761623674.8940508,-6,1,33
1761623674.9320507,-6,0,31
1761623674.9680507,0,0,33
1761623675.005051,-3,-1,38
1761623675.0430508,6,0,32
1761623675.0810506,-2,1,33
1761623675.1170506,-1,2,25
1761623675.1550508,4,3,22
1761623675.1930506,3,3,30
1761623675.2310507,4,1,25
1761623675.2670507,2,0,25
1761623675.3050506,0,-4,30
1761623675.3430507,-1,-2,38
1761623675.3810508,2,3,32
1761623675.4170508,1,0,34
1761623675.4550507,0,-4,46
1761623675.4930508,-7,3,33
1761623675.5310507,-4,3,32
1761623675.5670507,-2,2,30
1761623675.6050508,3,5,36
1761623675.643051,1,3,32
1761623675.6810508,1,-3,36
1761623675.7170508,2,-3,32
1761623675.7540507,-1,1,29
1761623675.7930508,4,6,30
1761623675.8310506,0,-1,28
1761623675.8670506,0,-1,29
1761623675.9050508,4,6,30
1761623675.9430506,2,-3,28
1761623675.9810507,-1,-2,30
1761623676.0170507,-11,0,38
1761623676.0550506,-6,2,37
1761623676.0930507,3,2,36
1761623676.1310508,-4,-7,42
1761623676.1670508,7,0,37
1761623676.2040508,5,-1,38
1761623676.2430508,5,3,41
1761623676.2790508,-2,1,39
1761623676.3170507,0,-2,27
1761623676.3540506,-4,2,23
1761623676.393051,2,-2,33
1761623676.4290507,1,-8,28
1761623676.4670508,1,5,38
1761623676.505051,-3,3,46
1761623676.5430508,6,7,41
1761623676.5790508,1,0,29
1761623676.6160507,-3,0,33
1761623676.653051,-12,0,45
1761623676.6920507,-7,3,38
1761623676.7280507,0,2,33
1761623676.7650506,2,0,39
1761623676.8030508,-4,0,27
1761623676.8390508,-3,0,27
1761623676.8760507,-1,-4,33
1761623676.9140508,0,-4,30
1761623676.9520507,0,-6,31
1761623676.9880507,8,-2,34
1761623677.0250506,0,2,30
1761623677.0630507,-6,2,29
1761623677.0990508,-7,2,31
1761623677.1360507,-5,1,30
1761623677.1740508,-6,-7,36
1761623677.2130508,-8,0,27
1761623677.2490506,-8,-3,25
1761623677.2860508,-5,-5,40
1761623677.324051,0,0,31
1761623677.3620508,4,0,30
1761623677.3980508,1,-3,24
1761623677.436051,5,-2,38
1761623677.4740508,1,-2,45
1761623677.5120506,1,0,49
1761623677.5480506,-5,1,36
1761623677.5850508,-1,0,39
1761623677.6230507,2,-2,48
1761623677.6590507,1,1,37
1761623677.6960506,0,-2,38
1761623677.7340508,-2,-2,31
1761623677.7720506,-4,-8,45
1761623677.8080506,-4,-6,36
1761623677.8460507,2,-1,37
1761623677.8840508,0,0,38
1761623677.9220507,3,-1,23
1761623677.9580507,3,0,27
1761623677.9960508,2,-3,38
1761623678.0340507,0,0,50
1761623678.0720508,2,1,34
1761623678.1080508,-1,6,34
1761623678.1450508,-4,1,31
1761623678.1840508,-1,6,43
1761623678.2200508,1,5,35
1761623678.2570508,0,-2,34
1761623678.2940507,4,-10,34
1761623678.3300507,-6,-5,38
1761623678.3670506,4,0,37
1761623678.413051,-5,-5,31
1761623678.4500508,1,0,32
1761623678.4870508,-1,0,36
1761623678.5250506,-6,-1,38
1761623678.564051,-3,4,42
1761623678.6000507,-3,9,44
1761623678.6370506,1,1,36
1761623678.6740508,-2,2,28
1761623678.7100508,1,0,28
1761623678.7470508,2,0,21
1761623678.7840507,-1,1,32
1761623678.8200507,-7,1,33
1761623678.857051,-2,2,37
1761623678.8950508,-12,-4,28
1761623678.9330506,1,7,40
1761623678.9690506,-1,0,27
1761623679.0070508,2,2,39
1761623679.0440507,-2,-3,27
1761623679.0830507,5,-7,35
1761623679.1190507,5,0,37
1761623679.1570508,7,-1,38
1761623679.1950507,0,-2,30
1761623679.2330508,-7,-1,35
1761623679.2690508,-11,-2,30
1761623679.3070507,-4,-8,31
1761623679.3460507,-8,0,33
1761623679.3840508,-2,0,29
1761623679.4200506,-8,0,31
1761623679.4570508,-4,-2,22
1761623679.495051,-3,-3,25
1761623679.5340507,-2,-7,26
1761623679.5700507,1,-4,18
1761623679.607051,2,0,19
1761623679.6450508,-10,-2,26
1761623679.6830506,-3,-2,33
1761623679.7190506,-1,-3,33
1761623679.7570508,-1,-2,28
1761623679.7960508,1,-3,24
1761623679.834051,-3,-5,28
1761623679.870051,2,-10,22
1761623679.9070508,2,0,28
1761623679.9450507,9,-3,34
1761623679.9830508,8,1,33
1761623680.0190508,2,4,27
1761623680.0570507,-1,-2,32
1761623680.0950508,4,0,30
1761623680.133051,2,-1,27
1761623680.1690507,4,0,40
1761623680.2070508,2,-1,30
1761623680.245051,2,0,16
1761623680.2830508,3,-2,28
1761623680.3190508,1,-1,23
1761623680.357051,-8,-7,30
1761623680.3960507,-4,-7,36
1761623680.4340508,-3,-3,27
1761623680.4700508,-4,-1,25
1761623680.5070508,-3,5,21
1761623680.5460508,-3,-4,31
1761623680.584051,-7,-4,25
1761623680.620051,1,-6,28
1761623680.6570508,-4,2,39
1761623680.6950507,-5,3,34
1761623680.7310507,0,3,28
1761623680.768051,2,1,36
1761623680.8050506,-4,-1,42
1761623680.8440506,-4,0,25
1761623680.880051,2,-2,19
1761623680.9170508,0,0,35
1761623680.9550507,0,1,43
1761623680.9910507,-4,2,44
1761623681.0290508,-2,-2,23
1761623681.0660508,0,7,39
1761623681.1040506,0,-3,35
1761623681.1400506,0,3,41
1761623681.1770508,-1,-1,40
1761623681.2150507,5,0,37
1761623681.2510507,3,1,24
1761623681.288051,-6,-3,19
1761623681.3260508,-1,-8,25
1761623681.3650508,3,-3,22
1761623681.4010508,-2,-6,29
1761623681.4380507,-3,-7,28
1761623681.4760506,1,-1,45
1761623681.5140507,3,-5,32
1761623681.5500507,-4,-3,34
1761623681.5880508,-2,-8,38
1761623681.6260507,4,-10,40
1761623681.6640508,1,-10,37
1761623681.7000508,6,-4,35
1761623681.7380507,9,-1,28
1761623681.7760508,9,-1,38
1761623681.814051,2,-7,32
1761623681.8500507,0,-3,31
1761623681.8870506,-2,-3,29
1761623681.926051,2,-7,31
1761623681.9640508,-7,-7,45
1761623682.0000508,-8,-4,40
1761623682.0370507,-5,-5,36
1761623682.0760508,-5,-3,39
1761623682.1140506,0,-1,41
1761623682.1500506,2,-1,29
1761623682.1870508,-4,6,35
1761623682.2260506,-10,3,27
1761623682.2640507,0,0,36
1761623682.3000507,0,-4,36
1761623682.337051,0,0,29
1761623682.3750508,-2,-2,18
1761623682.4110508,-2,-5,33
1761623682.4480507,3,0,37
1761623682.4860508,4,0,28
1761623682.5240507,-1,-1,25
1761623682.5600507,0,2,27
1761623682.597051,0,0,26
1761623682.6350508,2,1,23
1761623682.6710508,1,-3,24
1761623682.7080507,-2,-1,31
1761623682.7460508,7,-4,30
1761623682.7820508,6,3,40
1761623682.8190508,11,0,39
1761623682.8560507,0,1,23
1761623682.8920507,0,2,26
1761623682.9290507,-2,-7,32
1761623682.9670508,6,-8,38
1761623683.005051,0,-4,32
1761623683.041051,-6,-1,30
1761623683.0780506,0,1,22
1761623683.1160507,-5,-1,26
1761623683.1550508,-2,-5,33
1761623683.1910508,-6,0,29
1761623683.2280507,15,5,52
1761623683.2660508,2,2,32
1761623683.3020508,2,1,31
1761623683.3390508,0,-6,42
1761623683.3770506,-2,-4,38
1761623683.416051,1,-3,19
1761623683.4520507,0,-7,22
1761623683.4890506,2,1,21
1761623683.5270507,-7,0,31
1761623683.5650508,1,4,25
1761623683.6010506,4,-1,31
1761623683.6390507,-3,7,32
1761623683.6770508,1,-5,35
1761623683.7150507,-2,-4,27
1761623683.7510507,-2,3,23
1761623683.7890508,-4,2,27
1761623683.8280506,-5,-1,32
1761623683.8660507,-1,1,34
1761623683.9020507,-1,1,28
1761623683.939051,-1,-3,31
1761623683.9770508,2,-1,27
1761623684.0150506,0,-3,35
1761623684.051051,0,-1,34
1761623684.0890508,-5,-1,35
1761623684.1270506,-10,-2,31
1761623684.166051,-3,-3,27
1761623684.2020507,0,-1,31
1761623684.2390506,0,4,31
1761623684.2770507,5,0,36
1761623684.3150508,0,0,38
1761623684.3510506,-1,3,34
1761623684.3890507,1,-1,33
1761623684.4270508,0,-4,37
1761623684.4650507,0,-7,29
1761623684.5010507,-4,-8,28
1761623684.5390508,-6,-3,22
1761623684.5770507,0,-2,24
1761623684.6160507,1,-2,24
1761623684.6520507,1,0,35
1761623684.689051,0,-2,42
1761623684.7270508,4,-2,32
1761623684.7650506,0,3,30
1761623684.801051,4,1,29
1761623684.8380508,-6,-4,33
1761623684.8770506,-3,0,31
1761623684.913051,-3,-6,24
1761623684.9500508,-10,0,26
1761623684.9870508,-4,0,26
1761623685.0230508,-1,0,35
1761623685.0600507,-1,4,36
1761623685.0980508,-5,0,32
1761623685.1360507,0,2,28
1761623685.1720507,4,-5,36
1761623685.209051,3,-4,29
1761623685.2470508,0,0,34
1761623685.2830508,-3,-6,27
1761623685.3210506,-5,-5,24
1761623685.3590508,-6,-3,30
1761623685.3970506,-3,1,33
1761623685.4330506,-2,6,37
1761623685.4700508,-3,-6,32
1761623685.508051,-5,-7,37
1761623685.5470507,-7,-1,24
1761623685.5830507,-2,0,26
1761623685.620051,3,0,25
1761623685.6580508,7,-5,20
1761623685.6960506,5,3,25
1761623685.732051,-3,0,21
1761623685.7690508,10,-1,23
1761623685.8070507,0,-2,41
1761623685.8430507,-1,-4,36
1761623685.8810508,2,1,37
1761623685.9180508,0,0,34
1761623685.9560506,0,-2,28
1761623685.9920506,6,-4,27
1761623686.0290508,-7,-4,34
1761623686.0680506,-7,-9,27
1761623686.1060507,-1,-3,28
1761623686.1420507,-2,-3,37
1761623686.1790507,-4,-2,30
1761623686.2180507,9,-4,24
1761623686.2560508,5,-2,26
1761623686.2920508,9,-4,36
1761623686.3290508,1,0,32
1761623686.3670506,1,-4,29
1761623686.403051,0,-2,33
1761623686.4400508,-6,5,34
1761623686.4780507,-7,2,46
1761623686.5160508,-7,-2,30
1761623686.5520508,-9,0,33
1761623686.5890508,-2,5,26
1761623686.6280508,-3,-1,37
1761623686.666051,-10,3,41
1761623686.7020507,5,2,31
1761623686.7390506,2,1,40
1761623686.7770507,-8,-2,31
1761623686.8130507,-4,-8,41
1761623686.8500507,0,-3,51
1761623686.8880508,-1,0,26
1761623686.9270508,0,-7,32
1761623686.9630508,-6,-9,25
1761623687.0010507,-1,2,25
1761623687.038051,-2,-7,37
1761623687.0770507,-3,-4,38
1761623687.1130507,-4,0,40
1761623687.1500506,-3,-4,34
1761623687.1880507,1,-3,33
1761623687.2240508,0,1,26
1761623687.2610507,1,3,24
1761623687.2980506,0,6,24
1761623687.334051,-2,1,23
1761623687.3710508,-2,4,29
1761623687.4080508,4,-1,34
1761623687.4470508,5,-6,32
1761623687.4830508,0,-8,30
1761623687.5210507,0,0,30
1761623687.5580506,6,-7,30
1761623687.5940506,-6,4,31
1761623687.6310508,-4,-1,39
1761623687.6690507,-4,-7,43
1761623687.7080507,1,-7,35
1761623687.7440507,2,-3,35
1761623687.7810507,0,4,33
1761623687.8190508,-2,-2,28
1761623687.857051,-1,1,26
1761623687.893051,4,-1,25
1761623687.9300506,-1,-1,31
1761623687.9690506,-5,1,29
1761623688.0070508,-8,-3,29
1761623688.0430508,-6,-3,28
1761623688.0800507,-5,-5,24
1761623688.1190507,-1,5,29
1761623688.1570508,5,-1,29
1761623688.1930506,1,-4,40
1761623688.2300508,-8,-3,31
1761623688.2690508,-4,-3,26
1761623688.3070507,-2,-5,34
1761623688.3430507,3,-8,30
1761623688.380051,2,-2,30
1761623688.4240508,8,-3,38
1761623688.462051,0,-2,47
1761623688.5000508,8,6,35
1761623688.538051,1,9,32
1761623688.574051,0,2,32
1761623688.6110508,2,5,25
1761623688.6490507,0,-8,31
1761623688.6870508,1,-2,25
1761623688.7230508,-2,1,16
1761623688.7600508,-5,-8,35
1761623688.7990508,-6,-2,32
1761623688.837051,-5,-3,36
1761623688.8730507,-2,-2,33
1761623688.9100506,-2,1,34
1761623688.9480507,-7,2,31
1761623688.985051,0,0,26
1761623689.0220506,-4,1,37
1761623689.0590508,-1,0,35
1761623689.0980508,-4,-1,31
1761623689.1340508,-3,1,34
1761623689.1720507,-1,-1,39
1761623689.2100508,-10,0,24
1761623689.2490506,1,0,36
1761623689.2850506,7,0,34
1761623689.3220508,10,4,22
1761623689.3590508,3,4,36
1761623689.3950508,-2,0,45
1761623689.4320507,4,-2,36
1761623689.4700508,-10,-4,35
1761623689.5090508,-6,-4,37
1761623689.5450506,-8,-8,34
1761623689.5820508,-2,2,24
1761623689.620051,-1,-1,29
1761623689.6590507,-4,1,32
1761623689.6950507,-9,-2,39
1761623689.732051,-7,-5,43
1761623689.7700508,0,-1,34
1761623689.8080506,0,-7,30
1761623689.8440506,0,-2,28
1761623689.8810508,-6,-2,38
1761623689.9200506,1,-4,33
1761623689.9580507,0,0,39
1761623689.9940507,-1,-4,37
1761623690.0320508,-2,1,30
1761623690.0700507,-6,3,35
1761623690.1090508,-7,-4,31
1761623690.1450508,-7,-3,32
1761623690.1820507,-2,0,27
1761623690.2200508,3,-6,28
1761623690.258051,0,-1,34
1761623690.2940507,-5,1,24
1761623690.3310506,-7,0,31
1761623690.3690507,-1,-3,31
1761623690.4050508,-1,-3,35
1761623690.4420507,-4,-7,29
1761623690.4800508,0,-3,19
1761623690.518051,-4,-4,25
1761623690.5540507,-4,-9,24
1761623690.5910506,-2,0,30
1761623690.630051,4,-2,32
1761623690.6680508,-1,2,32
1761623690.7040508,4,1,26
1761623690.7410507,7,-4,35
1761623690.7800508,-1,-2,33
1761623690.8180506,-3,-1,25
1761623690.8540506,5,0,19
1761623690.8920507,0,1,21
1761623690.9300506,-3,-2,32
1761623690.9680507,2,-2,31
1761623691.0040507,-2,-3,28
1761623691.041051,3,-6,23
1761623691.0800507,-1,-1,25
1761623691.1180508,-7,-3,30
1761623691.1540508,-3,-3,36
1761623691.1910508,-3,2,40
1761623691.2300508,3,-4,35
1761623691.2660508,3,-5,31
1761623691.3040507,0,1,20
1761623691.3410506,7,0,26
1761623691.3790507,5,-8,25
1761623691.4150507,6,2,28
1761623691.4520507,9,0,37
1761623691.4900508,6,6,24
1761623691.5260508,0,-1,21
1761623691.5630507,0,-2,33
1761623691.6000507,3,-2,29
1761623691.6390507,1,0,25
1761623691.6750507,-1,-8,36
1761623691.712051,-1,-3,28
1761623691.7500508,-5,-3,31
1761623691.7890508,-1,-5,42
1761623691.8250508,-8,0,36
1761623691.8620508,-9,-9,41
1761623691.9000506,1,0,43
1761623691.936051,0,2,36
1761623691.9730508,-3,-1,41
1761623692.0110507,-6,0,31
1761623692.0500507,-3,-3,37
1761623692.0860507,2,0,39
1761623692.1230507,3,1,38
1761623692.1610508,-4,1,44
1761623692.199051,-7,-4,37
1761623692.235051,-9,0,28
1761623692.2730508,1,-2,44
1761623692.311051,3,0,32
1761623692.3490508,-1,2,23
1761623692.3850508,0,0,23
1761623692.4230506,-9,6,44
1761623692.4610507,-4,1,37
1761623692.4990506,3,6,24
1761623692.5350506,-5,2,31
1761623692.5730507,0,2,34
1761623692.6110508,-1,-1,44
1761623692.6490507,-1,0,32
1761623692.6850507,2,-6,35
1761623692.722051,1,-2,39
1761623692.7610507,-2,3,36
1761623692.7990508,1,-2,28
1761623692.8350508,5,-4,29
1761623692.8720508,-2,0,37
1761623692.9100506,2,-1,37
1761623692.9460506,6,2,36
1761623692.9830508,4,-5,41
1761623693.0210507,-5,-10,37
1761623693.0590508,0,-4,36
1761623693.0950508,-3,0,30
1761623693.1320508,-3,-1,26
1761623693.1710508,-7,-2,25
1761623693.209051,1,0,31
1761623693.245051,1,-5,41
1761623693.2820508,0,-4,34
1761623693.3210506,-2,-6,32
1761623693.357051,-1,-6,34
1761623693.3940508,-6,-3,41
1761623693.4320507,3,-4,35
1761623693.4700508,9,-6,36
1761623693.5060508,3,0,31
1761623693.5440507,4,2,31
1761623693.5820508,-8,2,14
1761623693.620051,1,-2,30
1761623693.6560507,0,-4,37
1761623693.6930506,1,0,35
1761623693.7310507,0,1,45
1761623693.7670507,3,1,30
1761623693.8040507,1,5,24
1761623693.8420508,6,-2,35
1761623693.880051,4,0,32
1761623693.916051,3,-9,36
1761623693.9530506,-1,-9,31
1761623693.9910507,7,0,23
1761623694.0270507,-6,-6,30
1761623694.064051,0,-5,29
1761623694.1010506,0,-4,31
1761623694.1370506,0,-4,28
1761623694.1740508,0,-5,26
1761623694.2110507,0,0,31
1761623694.2470508,-2,0,27
1761623694.2840507,-4,-1,27
1761623694.3220508,-2,-6,21
1761623694.3610508,-8,-5,33
1761623694.3970506,-9,-2,35
1761623694.4340508,0,1,26
1761623694.472051,-3,-1,35
1761623694.5100508,-6,-2,31
1761623694.5460508,1,-5,38
1761623694.584051,5,-3,27
1761623694.6220508,4,0,19
1761623694.6600506,3,0,25
1761623694.6960506,-2,-2,39
1761623694.7340508,-3,2,32
1761623694.7720506,2,0,25
1761623694.8100507,0,-4,36
1761623694.8460507,2,-8,33
1761623694.8840508,-1,-9,32
1761623694.9230506,3,-7,26
1761623694.9610507,4,-10,31
1761623694.9970508,2,-8,33
1761623695.0340507,-2,0,32
1761623695.0720508,1,5,28
1761623695.110051,-4,0,44
1761623695.1460507,2,0,46
1761623695.1830506,0,-1,42
1761623695.2210507,-8,-2,32
1761623695.2570508,-3,1,40
1761623695.2940507,-2,0,38
1761623695.3320508,2,-1,37
1761623695.370051,5,-4,35
1761623695.4060507,-5,-2,36
1761623695.4430506,-1,0,33
1761623695.4810507,4,-3,34
1761623695.5170507,-2,-2,29
1761623695.5540507,-7,-4,38
1761623695.5930507,0,-4,31
1761623695.6310508,2,0,31
1761623695.6670508,0,-1,29
1761623695.7040508,-6,-5,41
1761623695.7430508,-7,3,28
1761623695.7810507,1,3,28
1761623695.8170507,-4,-4,28
1761623695.8560507,0,0,42
1761623695.893051,-8,1,38
1761623695.9310508,-6,-9,37
1761623695.9670508,-5,-11,42
1761623696.0040507,-2,-2,32
1761623696.0420508,-3,-10,32
1761623696.0810506,-7,2,26
1761623696.1170506,2,0,31
1761623696.1540508,-2,1,24
1761623696.1920507,-5,3,30
1761623696.2280507,-2,5,31
1761623696.2650506,-1,0,33
1761623696.3020508,-4,-3,35
1761623696.3410506,2,-2,28
1761623696.3770506,5,0,26
1761623696.4140508,0,-6,35
1761623696.4520507,-1,-4,37
1761623696.4880507,4,-5,30
1761623696.5250506,-2,-2,32
1761623696.5630507,0,0,38
1761623696.6010506,-1,-1,36
1761623696.6370506,-2,-2,29
1761623696.6740508,-1,-3,32
1761623696.7130508,-1,-5,18
1761623696.7510507,-2,-2,32
1761623696.7870507,-1,0,33
1761623696.8250508,0,-2,36
1761623696.8630507,-4,4,26
1761623696.9010508,-7,3,25
1761623696.9370508,-5,-5,23
1761623696.9740508,7,-2,30
1761623697.0120506,6,-3,33
1761623697.0480506,1,-4,33
1761623697.0850508,7,-9,33
1761623697.1230507,0,-7,33
1761623697.1610508,-4,-1,41
1761623697.1970508,2,1,47
1761623697.2340508,2,0,35
1761623697.2730508,0,-3,33
1761623697.311051,2,0,31
1761623697.347051,4,-4,30
1761623697.3840508,-1,-2,34
1761623697.4230506,1,-6,27
1761623697.4610507,0,-1,25
1761623697.4970508,-1,-7,40
1761623697.5340507,0,-3,34
1761623697.5720508,-3,-5,34
1761623697.6080508,2,-2,31
1761623697.6450508,-4,-1,29
1761623697.6830506,-8,-3,42
1761623697.722051,-4,-3,38
1761623697.758051,-1,-9,39
1761623697.7950506,0,-2,34
1761623697.8330507,-1,-3,40
1761623697.8690507,-2,-2,34
1761623697.9060507,1,-7,39
1761623697.9430506,-3,1,39
1761623697.982051,-5,-7,31
1761623698.018051,-4,-7,30
1761623698.0550506,1,0,36
1761623698.0930507,1,-2,26
1761623698.1290507,2,-2,17
1761623698.166051,11,-2,29
1761623698.2050507,8,-1,30
1761623698.2430508,-3,0,29
1761623698.2790508,4,-5,28
1761623698.3170507,1,-2,27
1761623698.3540506,-2,-1,37
1761623698.393051,-1,0,40
1761623698.4370508,-2,-2,34
1761623698.4750507,4,-9,20
1761623698.5130508,-7,0,24
1761623698.5490508,1,-1,35
1761623698.5860507,4,-2,23
1761623698.6240506,1,-2,20
1761623698.6620507,1,-4,18
1761623698.6980507,-1,-10,24
1761623698.7360508,0,-5,31
1761623698.7740507,6,-7,40
1761623698.8130507,2,-7,36
1761623698.8490508,1,0,30
1761623698.8860507,-2,6,39
1761623698.9240508,-1,-5,36
1761623698.9630508,0,-5,28
1761623698.9990506,-1,-2,38
1761623699.0370507,0,-6,36
1761623699.0750508,-2,-2,43
1761623699.1140506,3,-4,37
1761623699.1520507,-3,-7,34
1761623699.1880507,4,-7,29
1761623699.2250507,5,-11,34
1761623699.2630508,5,-4,36
1761623699.2990508,5,-3,29
1761623699.3360507,3,-3,25
1761623699.3740506,4,-2,31
1761623699.4120507,0,1,38
1761623699.4480507,-2,0,39
1761623699.4870508,5,-4,26
1761623699.5240507,2,2,34
1761623699.5620508,0,1,32
1761623699.5980508,-3,-1,32
1761623699.6360507,0,-4,24
1761623699.6740508,-5,-4,30
1761623699.712051,0,-2,26
1761623699.7480507,0,-3,31
1761623699.7850506,-5,-2,42
1761623699.824051,0,-7,39
1761623699.860051,2,-5,36
1761623699.8980508,4,-8,44
1761623699.9370508,-2,-2,33
1761623699.9740508,-4,-6,27
1761623700.0130508,1,-5,29
1761623700.0490508,-1,0,33
1761623700.087051,0,1,23
1761623700.1240506,0,-3,28
1761623700.1600506,2,-6,23
1761623700.1980507,-2,-8,32
1761623700.2370508,4,2,30
1761623700.2740507,3,-8,38
1761623700.3100507,0,-3,33
1761623700.3480508,7,-17,32
1761623700.3850508,-1,-12,26
1761623700.4240508,0,-3,26
1761623700.4600508,-6,-10,34
1761623700.4980507,1,-1,39
1761623700.5350506,0,-5,27
1761623700.574051,1,-4,34
1761623700.610051,0,-4,22
1761623700.6480508,-6,-1,21
1761623700.6870508,-8,0,23
1761623700.7240508,3,-1,30
1761623700.7600508,4,2,25
1761623700.7970507,-1,-4,26
1761623700.8350508,2,0,27
1761623700.8730507,2,1,36
1761623700.9090507,10,-2,42
1761623700.9460506,0,-1,30
1761623700.9840508,0,-6,31
1761623701.0200508,2,0,21
1761623701.0570507,3,-1,27
1761623701.0950508,2,1,33
1761623701.133051,1,-3,32
1761623701.1690507,-1,-5,31
1761623701.2060506,-6,0,31
1761623701.245051,-2,-1,32
1761623701.2830508,0,-5,26
1761623701.3190508,0,-3,37
1761623701.3560507,0,7,36
1761623701.3940508,-2,3,37
1761623701.4300506,3,-1,37
1761623701.4680507,6,-2,41
1761623701.505051,9,-6,33
1761623701.5430508,2,-8,30
1761623701.5790508,-1,-9,35
1761623701.6160507,3,-3,44
1761623701.6550508,3,2,29
1761623701.6930506,-1,2,31
1761623701.7290506,3,3,30
1761623701.7660508,-9,-9,35
1761623701.8050506,0,4,39
1761623701.8430507,-1,0,33
1761623701.8790507,-8,-7,34
1761623701.916051,-3,-4,22
1761623701.9550507,0,-1,30
1761623701.9930508,-3,-1,31
1761623702.0290508,0,-7,36
1761623702.0660508,1,-9,32
1761623702.1040506,1,-9,30
1761623702.1400506,6,-8,34
1761623702.1780508,-1,-6,30
1761623702.2150507,5,-2,31
1761623702.2510507,2,-4,44
1761623702.288051,-1,0,36
1761623702.3250508,-1,-11,34
1761623702.3640506,3,-5,32
1761623702.4000506,1,-1,41
1761623702.4380507,2,-1,38
1761623702.4750507,0,-4,20
1761623702.5110507,-5,-1,34
1761623702.5480506,0,-1,32
1761623702.5850508,-3,-5,21
1761623702.6240506,3,-2,22
1761623702.6600506,-1,0,39
1761623702.6980507,-4,-1,39
1761623702.7360508,-10,-8,25
1761623702.7750506,-5,-1,35
1761623702.811051,0,0,27
1761623702.8480508,3,-1,31
1761623702.8860507,2,-5,31
1761623702.9240508,0,-4,29
1761623702.9600508,-4,0,33
1761623702.9970508,-8,0,38
1761623703.0360508,-7,-1,42
1761623703.074051,2,0,44
1761623703.110051,2,8,33
1761623703.1470506,-1,0,40
1761623703.186051,-4,3,26
1761623703.2240508,-4,1,30
1761623703.2600508,-8,1,29
1761623703.2980506,0,-11,29
1761623703.3360507,1,2,32
1761623703.3740506,7,-2,32
1761623703.4110508,4,0,28
1761623703.4480507,-6,-5,35
1761623703.4860508,0,-3,39
1761623703.5240507,-1,1,40
1761623703.561051,-4,0,40
1761623703.5980508,0,-6,30
1761623703.6360507,4,-5,33
1761623703.6740508,-6,1,46
1761623703.7100508,3,-6,26
1761623703.7480507,1,5,29
1761623703.7860508,-4,0,41
1761623703.824051,2,-1,46
1761623703.860051,4,2,42
1761623703.8980508,3,0,37
1761623703.936051,4,1,43
1761623703.9740508,1,1,34
1761623704.0100508,1,4,30
1761623704.0470507,2,0,29
1761623704.0850508,3,-8,39
1761623704.1210508,-7,-3,27
1761623704.1580508,3,4,29
1761623704.1960506,-3,-6,28
1761623704.235051,-2,0,33
1761623704.2710507,0,-4,38
1761623704.3080506,-1,-1,36
1761623704.3460507,2,0,28
1761623704.3820508,-1,0,25
1761623704.4200506,0,-4,26
1761623704.4570508,-7,0,23
1761623704.495051,0,-5,38
1761623704.5310507,-7,3,29
1761623704.5680506,-4,5,30
1761623704.6060507,1,-1,25
1761623704.6420507,1,0,32
1761623704.6790507,0,1,23
1761623704.7170508,-1,-8,32
1761623704.755051,5,-3,19
1761623704.791051,6,1,31
1761623704.8290508,3,4,38
1761623704.8660507,0,8,27
1761623704.9050508,2,0,32
1761623704.9410508,0,-2,37
1761623704.9790506,4,0,29
1761623705.0160508,2,-3,34
1761623705.0550506,0,-3,29
1761623705.0910506,0,-3,29
1761623705.1290507,-1,3,37
1761623705.1670508,-1,2,40
1761623705.2050507,-5,0,34
1761623705.2410507,-5,1,29
1761623705.2790508,-5,0,44
1761623705.3170507,1,-1,45
1761623705.3550508,-2,-4,46
1761623705.3910508,-7,-2,34
1761623705.4290507,-4,-1,30
1761623705.4670508,-3,0,27
1761623705.505051,-7,0,22
1761623705.541051,-4,-2,14
1761623705.5790508,-7,0,22
1761623705.6170506,0,-4,29
1761623705.6550508,0,-4,30
1761623705.6910508,-1,-5,24
1761623705.7290506,-10,2,27
1761623705.7670507,-10,0,45
1761623705.8050506,-5,4,43
1761623705.8410506,-6,7,33
1761623705.880051,-6,9,43
1761623705.9170508,1,-6,39
1761623705.9550507,-6,-5,41
1761623705.9910507,6,0,38
1761623706.028051,0,2,26
1761623706.0660508,0,-2,33
1761623706.1020508,3,0,25
1761623706.1390507,-12,-3,28
1761623706.1770508,3,-5,30
1761623706.2150507,3,-6,35
1761623706.2510507,6,-2,25
1761623706.288051,-1,-3,32
1761623706.3270507,8,2,25
1761623706.3630507,-2,0,14
1761623706.4000506,-5,-4,22
1761623706.4380507,2,-4,19
1761623706.4760506,4,0,30
1761623706.5120506,0,-2,30
1761623706.5490508,-9,0,34
1761623706.587051,-5,-2,39
1761623706.6260507,0,0,32
1761623706.6620507,5,-7,40
1761623706.699051,5,-4,38
1761623706.7370508,0,0,34
1761623706.7730508,6,0,34
1761623706.8100507,2,-5,32
1761623706.847051,5,-6,34
1761623706.883051,-4,-2,37
1761623706.9210508,-6,-4,30
1761623706.959051,-7,5,24
1761623706.9970508,-2,-1,23
1761623707.0360508,0,-4,33
1761623707.0720508,6,-1,29
1761623707.1090508,-2,-1,29
1761623707.1470506,-2,-3,36
1761623707.186051,-1,-1,32
1761623707.222051,-3,-5,40
1761623707.2590508,-6,-1,25
1761623707.2980506,-5,-3,31
1761623707.3360507,-9,5,31
1761623707.3720508,-4,4,31
1761623707.4090507,-1,6,24
1761623707.4470508,0,-6,25
1761623707.4830508,6,1,28
1761623707.5200508,4,4,35
1761623707.5580506,-1,-6,24
1761623707.5960507,3,-5,29
1761623707.6320508,-2,-2,36
1761623707.6690507,-5,1,23
1761623707.7070508,-1,0,19
1761623707.7430508,-4,0,32
1761623707.7800508,-6,3,33
1761623707.8180506,0,0,38
1761623707.8560507,-2,-1,36
1761623707.8920507,-2,-2,26
1761623707.9290507,-7,1,24
1761623707.9670508,-9,1,34
1761623708.0030508,-7,0,34
1761623708.0400507,-1,0,28
1761623708.0780506,-5,-3,39
1761623708.1170506,-3,-5,28
1761623708.153051,-6,0,28
1761623708.1900508,-5,2,21
1761623708.2290506,0,-7,28
1761623708.2670507,1,-3,33
1761623708.3030508,3,-5,33
1761623708.3400507,-4,-5,34
1761623708.3790507,-4,-7,21
1761623708.4170508,-7,-10,25
1761623708.4610507,-8,-3,29
1761623708.4990506,-1,2,30
1761623708.538051,4,4,36
1761623708.574051,-5,0,29
1761623708.6110508,-3,-3,37
1761623708.6490507,-3,-2,37
1761623708.6880507,1,1,27
1761623708.7240508,2,2,30
1761623708.7610507,1,0,40
1761623708.7980506,4,-3,44
1761623708.834051,4,-4,38
1761623708.8710508,-7,-4,29
1761623708.9090507,-3,-3,29
1761623708.9480507,0,0,34
1761623708.9840508,0,-6,33
1761623709.0210507,-8,0,23
1761623709.0580506,-1,0,25
1761623709.097051,-1,-1,15
1761623709.133051,-8,-4,21
1761623709.1700506,2,-8,22
1761623709.2080507,-5,-7,37
1761623709.2440507,-3,-2,33
1761623709.2810507,-1,-1,23
1761623709.3190508,7,0,29
1761623709.357051,2,-6,25
1761623709.393051,-10,-3,30
1761623709.4310508,-2,1,30
1761623709.4690506,0,-2,42
1761623709.5070508,4,1,27
1761623709.5430508,5,-5,39
1761623709.5800507,-5,0,38
1761623709.6190507,0,2,38
1761623709.6570508,5,-3,34
1761623709.6930506,1,3,26
1761623709.7310507,4,-7,38
1761623709.7690508,1,-4,35
1761623709.8070507,-1,-10,25
1761623709.8440506,2,-6,24
1761623709.8810508,-5,-1,33
1761623709.9190507,-6,-4,24
1761623709.9580507,0,0,30
1761623709.9940507,-2,-1,22
1761623710.0320508,-2,1,26
1761623710.0690508,-7,-4,28
1761623710.1080508,-2,-5,29
1761623710.1440508,-10,-4,31
1761623710.1810508,-8,-4,35
1761623710.2190506,3,-1,45
1761623710.2570508,2,3,32
1761623710.2930508,2,3,32
1761623710.3300507,2,0,28
1761623710.3690507,1,3,31
1761623710.4070508,0,1,35
1761623710.4430506,1,-3,25
1761623710.482051,0,1,27
1761623710.5190508,1,-3,28
1761623710.5570507,0,4,27
1761623710.5930507,4,-2,40
1761623710.630051,2,-2,32
1761623710.6680508,-1,-1,31
1761623710.7040508,-6,-5,33
1761623710.7410507,-7,-3,21
1761623710.7790508,-6,-3,26
1761623710.8180506,0,0,30
1761623710.8540506,2,0,26
1761623710.8910508,2,1,36
1761623710.9290507,0,-7,34
1761623710.9650507,1,-3,30
1761623711.0020506,5,-9,36
1761623711.0390508,3,-3,23
1761623711.0780506,8,-4,24
1761623711.1140506,0,2,33
1761623711.1510508,0,2,21
1761623711.189051,-7,-3,29
1761623711.2250507,-9,-2,27
1761623711.2620506,-5,-9,38
1761623711.3000507,2,-3,26
1761623711.3380508,0,-2,32
1761623711.3740506,-2,0,44
1761623711.4110508,-1,-4,37
1761623711.449051,1,0,43
1761623711.485051,8,-7,38
1761623711.5220506,0,-3,34
1761623711.561051,1,-4,40
1761623711.5990508,-1,-4,32
1761623711.6350508,-3,-2,42
1761623711.6740508,-5,-2,35
1761623711.7110507,0,-3,31
1761623711.7490506,3,-6,35
1761623711.7850506,7,-3,30
1761623711.8220508,-1,0,26
1761623711.860051,-12,-7,24
1761623711.8980508,-10,0,43
1761623711.9340508,-2,2,29
1761623711.9710507,9,0,42
1761623712.0090508,7,2,25
1761623712.0450506,3,3,31
1761623712.0820508,1,-2,35
1761623712.120051,-2,0,37
1761623712.1580508,7,2,31
1761623712.1940508,0,0,33
1761623712.2310507,4,-3,23
1761623712.2690508,5,-5,41
1761623712.3050506,9,2,42
1761623712.3420508,1,0,22
1761623712.380051,1,-3,32
1761623712.4180508,2,0,33
1761623712.4540508,-10,-3,38
1761623712.4910507,-6,-1,44
1761623712.5300508,5,-5,40
1761623712.5680506,2,-4,32
1761623712.6040506,-5,-2,29
1761623712.6410508,-1,9,32
1761623712.6790507,0,4,32
1761623712.7150507,-1,-2,30
1761623712.7520506,0,0,33
1761623712.7900507,2,-2,21
1761623712.8260508,0,0,27
1761623712.8630507,1,-3,31
1761623712.9000506,-5,4,39
1761623712.939051,4,1,39
1761623712.9750507,2,-3,36
1761623713.0130508,1,-12,20
1761623713.0500507,8,-9,20
1761623713.0860507,0,-2,27
1761623713.1230507,-3,-8,30
1761623713.1610508,-6,-3,45
1761623713.2000508,-3,0,47
1761623713.2360508,-8,0,34
1761623713.2730508,0,1,42
1761623713.3100507,-6,-6,37
1761623713.3490508,1,-4,32
1761623713.3850508,1,0,41
1761623713.4220507,2,6,43
1761623713.4600508,-3,1,32
1761623713.4960508,-7,-8,30
1761623713.5330508,-5,-7,40
1761623713.5710506,-6,-1,24
1761623713.610051,-3,-4,22
1761623713.6460507,2,0,23
1761623713.6830506,-4,-2,35
1761623713.7210507,-5,1,34
1761623713.7600508,0,4,29
1761623713.7960508,-1,-2,25
1761623713.8330507,1,0,26
1761623713.8710508,-2,-2,25
1761623713.9090507,-2,-1,33
1761623713.9450507,-5,-2,25
1761623713.9830508,0,-2,29
1761623714.0210507,-6,-3,34
1761623714.0590508,0,3,37
1761623714.0950508,5,-1,36
1761623714.133051,-1,-4,37
1761623714.1710508,0,-3,34
1761623714.2100508,3,-5,28
1761623714.2460508,3,-2,37
1761623714.2830508,3,-4,49
1761623714.3210506,-11,-3,27
1761623714.360051,-7,-8,32
1761623714.3960507,3,-5,27
1761623714.4330506,-2,-6,38
1761623714.4710507,3,-4,30
1761623714.5090508,-8,6,27
1761623714.5450506,-7,2,26
1761623714.5830507,2,1,35
1761623714.6210508,-5,0,23
1761623714.6590507,-4,-6,21
1761623714.6950507,1,-6,26
1761623714.7330508,-3,-1,26
1761623714.7710507,-2,4,32
1761623714.8100507,3,0,22
1761623714.8460507,5,-3,22
1761623714.883051,2,-6,27
1761623714.9210508,-4,-7,28
1761623714.9600508,-1,-2,37
1761623714.9960508,1,-4,39
1761623715.0340507,4,3,44
1761623715.0710506,2,-1,30
1761623715.107051,3,-6,25
1761623715.1440508,-3,0,38
1761623715.1810508,2,-7,41
1761623715.2170508,1,-2,36
1761623715.2540507,-4,2,37
1761623715.2920508,-4,2,39
1761623715.3310506,11,-6,46
1761623715.3670506,-1,-4,43
1761623715.4040508,5,0,26
1761623715.4410508,5,3,28
1761623715.4770508,-3,-1,34
1761623715.5140507,-6,-3,27
1761623715.5520508,1,2,29
1761623715.5900507,5,-3,29
1761623715.6260507,0,-1,28
1761623715.6640508,-3,3,32
1761623715.7010508,-3,4,30
1761623715.7370508,-1,-2,30
1761623715.7760508,-2,0,36
1761623715.814051,-4,-4,31
1761623715.8510506,0,0,27
1761623715.8870506,-12,-6,29
1761623715.9240508,0,3,32
1761623715.962051,4,1,32
1761623716.0000508,-4,3,36
1761623716.0360508,3,0,28
1761623716.0730507,7,-4,37
1761623716.1120508,3,-1,28
1761623716.1500506,8,-6,31
1761623716.186051,4,1,32
1761623716.2230508,4,-2,40
1761623716.2610507,-4,-3,38
1761623716.2970507,-8,-6,28
1761623716.334051,3,-4,26
1761623716.3720508,-1,-2,43
1761623716.4100506,-6,3,40
1761623716.4460506,-4,-1,37
1761623716.4830508,-7,-2,42
1761623716.5220506,0,-1,38
1761623716.5600507,-5,0,31
1761623716.5960507,0,-2,45
1761623716.633051,3,9,45
1761623716.6710508,-2,-3,42
1761623716.7070508,6,-5,29
1761623716.7440507,-1,-7,30
1761623716.7830508,-7,0,32
1761623716.8210506,-1,1,38
1761623716.857051,7,0,28
1761623716.8940508,4,0,29
1761623716.9320507,1,4,33
1761623716.9710507,-6,1,22
1761623717.0070508,-5,2,22
1761623717.0450506,1,-2,25
1761623717.0820508,-3,0,30
1761623717.120051,-6,-1,29
1761623717.1560507,0,1,33
1761623717.1930506,1,0,27
1761623717.2310507,-4,3,26
1761623717.2670507,-1,0,29
1761623717.3050506,-3,1,31
1761623717.3420508,5,-1,30
1761623717.3780508,-2,2,27
1761623717.4150507,7,2,33
1761623717.4520507,0,1,31
1761623717.4880507,-1,0,36
1761623717.5250506,-1,-2,41
1761623717.5630507,-2,5,33
1761623717.6010506,-2,1,29
1761623717.6370506,0,4,42
1761623717.6740508,0,-1,50
1761623717.712051,-3,1,34
1761623717.7480507,-9,-4,39
1761623717.7860508,-3,-2,29
1761623717.8250508,-2,-14,29
1761623717.8630507,0,-7,37
1761623717.9010508,4,0,33
1761623717.9370508,2,6,39
1761623717.9750507,2,6,28
1761623718.0130508,9,-4,32
1761623718.051051,-1,2,31
1761623718.087051,-2,-1,32
1761623718.1250508,-2,4,35
1761623718.163051,-2,0,24
1761623718.2010508,5,1,26
1761623718.2370508,1,-3,30
1761623718.2740507,-2,0,31
1761623718.3130507,-9,0,28
1761623718.3510506,-2,0,30
1761623718.3870506,-4,4,38
1761623718.4250507,-1,0,35
1761623718.4680507,-3,-5,43
1761623718.5060508,7,-6,42
1761623718.5440507,0,-5,46
1761623718.5830507,2,-2,40
1761623718.6210508,10,1,32
1761623718.6570508,-1,-5,29
1761623718.6940508,3,-6,40
1761623718.732051,0,5,25
1761623718.768051,0,1,33
1761623718.8050506,1,-2,24
1761623718.8430507,4,0,30
1761623718.8810508,-4,-3,36
1761623718.9170508,-6,0,31
1761623718.9540508,4,0,21
1761623718.9920506,5,-2,21
1761623719.028051,1,-5,29
1761623719.0650508,-2,-3,35
1761623719.1030507,1,2,39
1761623719.1410508,-1,-1,34
1761623719.1770508,-7,-6,37
1761623719.2140508,-1,0,29
1761623719.2520506,2,2,30
1761623719.288051,0,3,24
1761623719.3250508,0,3,22
1761623719.3630507,5,0,22
1761623719.3990507,1,-4,27
1761623719.436051,-3,-2,32
1761623719.4740508,3,-4,24
1761623719.5130508,3,-2,33
1761623719.5490508,0,6,39
1761623719.5860507,-1,3,21
1761623719.6230507,-8,6,23
1761623719.6590507,4,0,25
1761623719.6960506,-2,-3,41
1761623719.7340508,-8,-7,41
1761623719.7730508,-10,2,33
1761623719.8090508,-7,-5,38
1761623719.847051,-1,-1,27
1761623719.8850508,1,3,35
1761623719.9230506,2,-4,38
1761623719.959051,-3,3,49
1761623719.9970508,1,5,40
1761623720.0340507,-1,0,39
1761623720.0730507,4,-5,35
1761623720.1090508,-7,0,29
1761623720.1470506,2,-2,25
1761623720.1840508,0,-1,19
1761623720.222051,-1,1,26
1761623720.258051,-8,-3,25
1761623720.2950506,-11,-6,14
1761623720.334051,0,3,35
1761623720.3720508,5,1,45
1761623720.4080508,0,0,34
1761623720.4450507,-1,0,29
1761623720.4830508,-5,2,34
1761623720.5190508,-2,2,41
1761623720.5570507,0,2,25
1761623720.5950508,0,-1,29
1761623720.633051,-2,3,24
1761623720.6690507,-4,2,13
1761623720.7070508,-2,2,26
1761623720.745051,0,0,26
1761623720.7830508,-4,-5,23
1761623720.8200507,1,2,31
1761623720.857051,4,-3,34
1761623720.8940508,2,2,32
1761623720.9320507,0,3,34
1761623720.9680507,5,-2,43
1761623721.005051,0,-5,36
1761623721.0430508,1,-5,35
1761623721.0790508,8,-5,26
1761623721.1160507,-1,6,25
1761623721.1540508,5,3,28
1761623721.1920507,1,0,34
1761623721.2280507,-4,4,38
1761623721.2650506,5,-2,37
1761623721.3030508,-5,2,39
1761623721.3390508,-9,-5,40
1761623721.3760507,-7,-3,38
1761623721.4140508,0,-2,35
1761623721.4520507,3,2,35
1761623721.4880507,3,4,34
1761623721.5250506,1,0,42
1761623721.564051,-4,0,36
1761623721.6000507,-4,-7,25
1761623721.6370506,-5,-1,35
1761623721.6750507,0,-1,41
1761623721.7140508,-1,-3,30
1761623721.7500508,-4,-5,39
1761623721.7870507,-5,-2,22
1761623721.8250508,-6,-3,29
1761623721.8640506,-6,4,42
1761623721.9000506,7,4,32
1761623721.9370508,8,0,31
1761623721.9740508,-9,0,36
1761623722.0100508,-6,0,33
1761623722.0470507,-4,7,38
1761623722.084051,2,0,29
1761623722.1230507,4,0,34
1761623722.1590507,8,2,32
1761623722.1960506,0,3,20
1761623722.2340508,5,-1,36
1761623722.2700508,1,0,40
1761623722.3070507,4,0,19
1761623722.3440506,1,-9,25
1761623722.383051,2,-3,41
1761623722.4190507,-1,-1,35
1761623722.4570508,0,0,39
1761623722.495051,-1,-1,36
1761623722.5330508,0,-5,31
1761623722.5690508,-5,2,30
1761623722.6060507,2,-8,38
1761623722.6440508,2,4,34
1761623722.6800506,0,-4,30
1761623722.7170508,1,-2,42
1761623722.755051,-2,1,39
1761623722.7940507,1,0,29
1761623722.8300507,5,3,29
1761623722.8670506,-5,-2,30
1761623722.9060507,-7,1,28
1761623722.9440508,0,-4,21
1761623722.9800508,5,-4,33
1761623723.0170507,1,-5,33
1761623723.0550506,2,-3,26
1761623723.0930507,1,-10,22
1761623723.1290507,0,-4,37
1761623723.166051,-1,5,26
1761623723.2040508,-4,2,24
1761623723.2400508,-1,0,25
1761623723.2770507,-5,0,39
1761623723.3150508,0,-4,26
1761623723.3530507,1,-7,26
1761623723.3890507,1,1,34
1761623723.426051,8,-5,34
1761623723.4640508,1,-2,33
1761623723.5000508,0,-4,33
1761623723.538051,0,0,31
1761623723.5750508,0,-6,38
1761623723.6110508,-3,-4,45
1761623723.6480508,-7,-2,27
1761623723.686051,-4,-11,17
1761623723.7250507,-3,-11,27
1761623723.7610507,2,-9,34
1761623723.7980506,5,-1,36
1761623723.8350508,2,-2,22
1761623723.8740506,2,-3,45
1761623723.9100506,-3,-2,36
1761623723.9470508,0,-6,32
1761623723.985051,-1,-4,41
1761623724.0210507,-4,-6,31
1761623724.0580506,4,-4,28
1761623724.0960507,0,2,30
1761623724.1340508,-5,-3,23
1761623724.1700506,0,-4,26
1761623724.2070508,0,-2,26
1761623724.245051,2,-2,16
1761623724.2810507,4,0,29
1761623724.3190508,-6,-3,28
1761623724.3560507,-4,-3,31
1761623724.3950508,0,0,35
1761623724.4310508,-1,-7,38
1761623724.4680507,-4,-7,21
1761623724.5060508,2,1,24
1761623724.5440507,-2,-1,16
1761623724.5800507,1,-2,23
1761623724.6170506,-3,-5,28
1761623724.6560507,1,2,11
1761623724.6940508,-1,-1,15
1761623724.7300508,-3,2,22
1761623724.7670507,0,0,30
1761623724.8050506,5,-2,31
1761623724.8410506,0,1,30
1761623724.8780508,3,-3,23
1761623724.916051,-2,-2,24
1761623724.9550507,3,-7,37
1761623724.9910507,5,-9,30
1761623725.028051,-3,-6,22
1761623725.0660508,1,-5,37
1761623725.1050508,3,-1,29
1761623725.1410508,0,1,33
1761623725.1780508,0,-4,20
1761623725.2160506,4,0,28
1761623725.255051,-2,3,31
1761623725.291051,0,2,33
1761623725.3280506,3,1,46
1761623725.3660507,-6,1,43
1761623725.4040508,-3,1,48
1761623725.4400508,2,1,30
1761623725.4770508,2,-3,29
1761623725.5150506,-5,0,28
1761623725.551051,4,0,29
1761623725.5880508,5,3,37
1761623725.6260507,4,1,39
1761623725.6640508,2,0,35
1761623725.7000508,1,0,31
1761623725.7370508,-2,5,33
1761623725.7750506,0,3,31
1761623725.811051,3,0,33
1761623725.8480508,1,4,34
1761623725.8860507,0,4,38
1761623725.9220507,0,0,36
1761623725.959051,2,2,31
1761623725.9960508,-6,-3,36
1761623726.0350506,-7,0,21
1761623726.0710506,0,6,34
1761623726.1090508,-7,9,43
1761623726.1460507,-3,10,47
1761623726.1820507,-3,5,37
1761623726.2200508,0,0,35
1761623726.2570508,-1,2,37
1761623726.2960508,0,0,39
1761623726.3320508,-4,-5,37
1761623726.370051,-5,-3,37
1761623726.4080508,0,-7,43
1761623726.4460506,-1,0,37
1761623726.482051,-5,2,28
1761623726.5200508,-3,-7,29
1761623726.5580506,8,-1,20
1761623726.5960507,5,-4,30
1761623726.6320508,4,0,31
1761623726.6700506,2,-3,31
1761623726.7070508,7,-2,24
1761623726.745051,7,0,25
1761623726.7810507,0,2,28
1761623726.8180506,0,0,33
1761623726.8560507,-8,-5,32
1761623726.8920507,-9,-6,27
1761623726.9290507,-4,-1,21
1761623726.9670508,1,3,26
1761623727.005051,-2,0,29
1761623727.041051,4,-4,35
1761623727.0780506,3,2,27
1761623727.1160507,0,-2,41
1761623727.1520507,-4,2,38
1761623727.189051,-6,-2,30
1761623727.2270508,-5,-1,21
1761623727.2660508,0,0,25
1761623727.3020508,1,0,33
1761623727.3390508,5,-7,24
1761623727.3770506,4,-1,30
1761623727.4150507,6,0,25
1761623727.4510508,-2,4,26
1761623727.4880507,0,-4,27
1761623727.5260508,1,-5,23
1761623727.5620508,-5,0,27
1761623727.5990508,-4,-7,43
1761623727.6380508,4,-2,43
1761623727.676051,1,-3,40
1761623727.712051,-3,0,41
1761623727.7490506,4,-6,30
1761623727.7870507,1,-2,42
1761623727.8250508,5,-3,30
1761623727.8610508,0,-9,32
1761623727.8980508,2,0,34
1761623727.9370508,-1,1,39
1761623727.9730508,0,1,30
1761623728.0100508,0,1,28
1761623728.0470507,2,2,30
1761623728.0830507,2,0,29
1761623728.1210508,5,3,35
1761623728.1580508,3,1,29
1761623728.1960506,0,4,30
1761623728.232051,5,4,36
1761623728.2690508,6,2,37
1761623728.3070507,-1,-1,29
1761623728.3430507,4,1,29
1761623728.380051,8,-6,36
1761623728.4180508,3,-1,50
1761623728.4560506,-1,-2,54
1761623728.5000508,1,0,37
1761623728.5370507,-2,-6,39
1761623728.5760508,-1,-11,31
1761623728.6120508,4,-3,27
1761623728.6490507,1,-1,30
1761623728.6870508,-1,-1,28
1761623728.7260506,0,-1,36
1761623728.7620506,3,-3,21
1761623728.7990508,-4,0,37
1761623728.837051,-2,-1,35
1761623728.8730507,6,-7,27
1761623728.9100506,6,-10,35
1761623728.9480507,-1,-7,29
1761623728.9860508,-7,-3,32
1761623729.0220506,-4,-4,28
1761623729.0600507,1,1,31
1761623729.0980508,1,5,35
1761623729.1360507,2,3,30
1761623729.1720507,-1,0,23
1761623729.209051,6,-1,30
1761623729.2470508,0,-1,29
1761623729.2830508,2,-5,32
1761623729.3210506,1,-2,43
1761623729.3580508,0,3,35
1761623729.3960507,1,-3,20
1761623729.4320507,-3,-5,23
1761623729.4690506,-2,-8,27
1761623729.508051,1,-5,16
1761623729.5460508,0,-1,25
1761623729.5820508,-5,-4,29
1761623729.6190507,0,3,30
1761623729.6570508,2,-6,24
1761623729.6930506,-1,-4,36
1761623729.7300508,-4,1,24
1761623729.768051,-7,-7,37
1761623729.8060508,-4,-6,34
1761623729.8420508,2,-7,25
1761623729.8790507,-1,2,23
1761623729.9170508,-2,3,20
1761623729.9530506,-4,0,18
1761623729.9900508,0,5,22
1761623730.028051,-3,-5,33
1761623730.0660508,-3,-6,35
1761623730.1020508,-2,0,24
1761623730.1410508,5,-1,31
1761623730.1780508,0,-1,40
1761623730.2140508,-4,1,43
1761623730.2520506,0,-1,39
1761623730.2890508,-2,1,35
1761623730.3280506,-8,0,24
1761623730.3640506,-4,4,26
1761623730.4020507,-3,4,34
1761623730.439051,1,1,28
1761623730.4770508,-9,0,39
1761623730.5130508,-3,-1,39
1761623730.5500507,1,0,27
1761623730.5880508,3,-1,31
1761623730.6240506,6,-3,32
1761623730.6610508,-2,-7,36
1761623730.7000508,-1,5,31
1761623730.7380507,-2,2,34
1761623730.7740507,-2,0,37
1761623730.811051,-3,0,33
1761623730.8480508,-2,-1,36
1761623730.8870506,-4,-4,34
1761623730.9230506,2,-6,43
1761623730.9600508,-1,-3,34
1761623730.9980507,0,-1,31
1761623731.0340507,-1,2,39
1761623731.0710506,-1,-5,35
1761623731.1090508,-6,-5,34
1761623731.1480508,-3,-3,25
1761623731.1840508,0,-2,30
1761623731.2210507,0,4,19
1761623731.2590508,0,-3,31
1761623731.2970507,-8,3,25
1761623731.3330507,-10,0,23
1761623731.370051,-4,2,31
1761623731.4080508,-10,0,33
1761623731.4440508,-5,3,28
1761623731.4810507,-4,0,27
1761623731.5190508,4,-2,36
1761623731.5570507,-1,-5,24
1761623731.5930507,0,-2,36
1761623731.630051,-6,-3,35
1761623731.6690507,0,-3,33
1761623731.7070508,-5,-8,30
1761623731.7430508,-4,0,40
1761623731.7800508,-5,0,29
1761623731.8190508,1,-2,37
1761623731.857051,8,-5,36
1761623731.893051,5,-8,40
1761623731.9300506,1,-5,31
1761623731.9690506,7,-7,34
1761623732.0070508,-4,4,42
1761623732.0430508,-4,2,30
1761623732.0800507,1,0,30
1761623732.1190507,5,-5,25
1761623732.1570508,-8,-2,35
1761623732.1940508,-1,2,33
1761623732.2310507,3,3,46
1761623732.2690508,0,-1,34
1761623732.3050506,1,-1,23
1761623732.3440506,7,0,29
1761623732.3810508,6,-1,33
1761623732.4190507,4,-7,34
1761623732.4560506,5,-4,45
1761623732.4940507,-1,0,37
1761623732.5310507,1,-3,30
1761623732.5690508,-4,0,34
1761623732.6050508,-4,-1,24
1761623732.6440508,0,-2,35
1761623732.6810508,-1,-10,30
1761623732.7190506,-7,-1,32
1761623732.758051,-4,0,31
1761623732.7940507,-7,-4,32
1761623732.8310506,3,-1,31
1761623732.8690507,3,-5,21
1761623732.9050508,3,-2,30
1761623732.9430506,0,-2,35
1761623732.9800508,0,-2,26
1761623733.0190508,-2,0,36
1761623733.0550506,-9,-1,32
1761623733.0920508,1,3,32
1761623733.1290507,3,-5,31
1761623733.166051,-1,-1,30
1761623733.2030506,-1,-5,26
1761623733.2410507,-7,-1,35
1761623733.2800508,-2,-3,37
1761623733.3180506,2,-6,28
1761623733.3540506,7,-3,24
1761623733.3920507,7,0,26
1761623733.4300506,-4,-4,34
1761623733.4690506,0,-4,27
1761623733.505051,4,-3,35
1761623733.5420508,1,1,26
1761623733.5800507,-4,-5,31
1761623733.6180508,-1,-1,36
1761623733.6540508,-3,0,30
1761623733.6910508,-1,0,36
1761623733.7300508,2,3,39
1761623733.768051,-2,0,49
1761623733.8040507,1,-1,41
1761623733.8410506,0,-6,33
1761623733.8790507,0,-7,38
1761623733.9150507,2,1,33
1761623733.9520507,4,-5,31
1761623733.9900508,0,-7,36
1761623734.028051,-4,2,36
1761623734.064051,-6,0,30
1761623734.1010506,-3,-3,26
1761623734.1400506,-4,-8,24
1761623734.1780508,-2,-3,32
1761623734.2140508,0,0,23
1761623734.2510507,5,-1,33
1761623734.2890508,1,0,29
1761623734.3250508,0,-1,29
1761623734.3620508,0,-13,27
1761623734.4000506,3,0,17
1761623734.436051,2,-3,22
1761623734.4730508,8,-4,25
1761623734.5110507,-2,-6,27
1761623734.5500507,0,-4,30
1761623734.5860507,1,-1,35
1761623734.6230507,-4,-3,35
1761623734.6610508,1,0,36
1761623734.699051,-1,-4,32
1761623734.735051,-7,-4,23
1761623734.7730508,-7,-9,34
1761623734.8100507,-5,-8,28
1761623734.8490508,-2,-6,32
1761623734.8850508,-1,-11,31
1761623734.9230506,-3,-4,32
1761623734.9600508,-2,0,30
1761623734.9960508,2,5,30
1761623735.0330508,1,4,23
1761623735.0700507,-5,1,24
1761623735.1060507,0,-1,31
1761623735.143051,-4,1,33
1761623735.1800506,0,6,33
1761623735.2190506,-1,-2,22
1761623735.255051,3,-2,21
1761623735.2920508,0,0,20
1761623735.3300507,-3,-3,23
1761623735.3660507,1,-2,26
1761623735.403051,1,-3,32
1761623735.4410508,3,2,23
1761623735.4790506,0,5,30
1761623735.5150506,0,-1,28
1761623735.5530508,-5,-2,29
1761623735.5910506,-6,2,23
1761623735.6290507,-3,-3,24
1761623735.6650507,5,-4,15
1761623735.7020507,8,-2,21
1761623735.7410507,-2,0,31
1761623735.7790508,-9,-2,30
1761623735.8150508,-7,-1,25
1761623735.8530507,-1,-4,30
1761623735.8910508,-1,-4,35
1761623735.9300506,-5,-2,32
1761623735.9660506,-6,-3,35
1761623736.0030508,-1,0,35
1761623736.041051,-5,1,32
1761623736.0790508,-1,0,30
1761623736.1150508,4,-3,30
1761623736.1520507,0,0,19
1761623736.1900508,1,-6,20
1761623736.2260506,3,-5,27
1761623736.2630508,5,2,28
1761623736.301051,0,-3,27
1761623736.3390508,-2,-9,29
1761623736.3750508,0,-10,31
1761623736.413051,-1,-7,39
1761623736.4510508,-2,-1,40
1761623736.4900508,6,-1,41
1761623736.5260508,-8,-4,39
1761623736.5630507,0,-3,33
1761623736.6010506,3,-3,36
1761623736.6370506,0,-3,34
1761623736.6740508,5,0,30
1761623736.7110507,4,2,21
1761623736.7470508,3,3,24
1761623736.7840507,-2,1,33
1761623736.8210506,-1,1,29
1761623736.860051,-11,2,27
1761623736.8960507,1,0,29
1761623736.9330506,-2,1,19
1761623736.9710507,-5,-1,22
1761623737.0070508,-2,0,38
1761623737.0440507,1,-7,35
1761623737.0810506,-8,0,31
1761623737.1170506,2,-2,30
1761623737.1540508,-3,-2,34
1761623737.1920507,-4,0,37
1761623737.2310507,-3,-7,38
1761623737.2670507,7,-6,40
1761623737.3040507,3,-3,34
1761623737.3420508,-2,-5,22
1761623737.3810508,5,-4,30
1761623737.4170508,6,-7,23
1761623737.4540508,-3,-2,21
1761623737.4920506,1,-2,27
1761623737.5310507,-3,1,22
1761623737.5670507,1,2,34
1761623737.6040506,3,3,33
1761623737.6420507,6,-1,41
1761623737.6800506,2,1,38
1761623737.7160506,0,-1,29
1761623737.7530508,4,2,33
1761623737.791051,-4,3,35
1761623737.8270507,-4,0,32
1761623737.8640506,7,-7,28
1761623737.9020507,0,-2,35
1761623737.9400508,7,4,36
1761623737.9760506,0,2,33
1761623738.0130508,0,5,25
1761623738.0520508,-10,-2,30
1761623738.0900507,-2,0,33
1761623738.1260507,0,2,33
1761623738.163051,1,2,26
1761623738.2020507,-1,4,19
1761623738.2400508,0,0,35
1761623738.2760508,2,-2,27
1761623738.3130507,0,-4,31
1761623738.3520508,-3,-2,43
1761623738.3900506,0,1,41
1761623738.426051,-3,-7,45
1761623738.4640508,-3,-4,33
1761623738.5100508,-1,3,30
1761623738.5460508,-7,-3,36
1761623738.5830507,2,-7,41
1761623738.6220508,-2,-2,31
1761623738.6600506,-3,-6,20
1761623738.6960506,-6,-4,23
1761623738.7330508,5,0,28
1761623738.7710507,1,-3,34
1761623738.8070507,1,-11,30
1761623738.8440506,-4,-2,27
1761623738.8820508,-7,0,31
1761623738.9210508,1,-3,39
1761623738.9570508,2,-3,37
1761623738.9940507,2,-5,35
1761623739.0320508,0,3,31
1761623739.0680506,1,-3,36
1761623739.1050508,0,-7,33
1761623739.1420507,-3,-2,24
1761623739.1810508,-3,-2,20
1761623739.2170508,1,2,12
1761623739.2540507,9,-2,26
1761623739.2920508,2,1,38
1761623739.3280506,3,0,36
1761623739.3650508,-2,-5,38
1761623739.403051,-1,-2,32
1761623739.4420507,-1,-5,32
1761623739.4780507,-7,0,31
1761623739.5160508,4,-3,23
1761623739.5530508,-1,-1,32
1761623739.5920508,0,-2,31
1761623739.6280508,0,-1,32
1761623739.6650507,2,0,33
1761623739.7030506,4,-5,38
1761623739.7410507,1,-1,38
1761623739.7770507,-4,-9,37
1761623739.814051,3,-1,32
1761623739.8530507,4,3,31
1761623739.8910508,3,-1,27
1761623739.9270508,-2,-4,26
1761623739.9640508,0,-3,36
1761623740.0030508,0,3,43
1761623740.041051,-2,0,35
1761623740.0770507,4,-1,37
1761623740.1140506,-6,2,32
1761623740.153051,0,13,31
1761623740.1910508,0,12,43
1761623740.2270508,6,4,34
1761623740.2640507,1,-4,39
1761623740.3030508,2,3,38
1761623740.3410506,7,-1,40
1761623740.3770506,2,-2,42
1761623740.4140508,0,-3,30
1761623740.4530506,6,-11,41
1761623740.4910507,2,-3,31
1761623740.5270507,-9,-5,30
1761623740.564051,-4,1,22
1761623740.6030507,-9,-2,35
1761623740.6410508,-13,-6,27
1761623740.6770508,-2,-2,33
1761623740.7150507,2,0,37
1761623740.7530508,7,-7,32
1761623740.791051,7,2,28
1761623740.8270507,-4,-2,34
1761623740.8650508,-3,3,24
1761623740.903051,3,3,37
1761623740.939051,1,0,30
1761623740.9760506,-4,-2,34
1761623741.0140507,2,-3,29
1761623741.0530508,2,-4,34
1761623741.0890508,-1,-1,35
1761623741.1260507,-8,9,39
1761623741.1650507,-9,1,42
1761623741.2030506,-6,4,47
1761623741.2390506,-4,3,38
1761623741.2760508,-5,0,39
1761623741.3130507,-8,-6,46
1761623741.3520508,5,5,44
1761623741.3880508,0,0,49
1761623741.4250507,-7,1,40
1761623741.4630508,0,2,43
1761623741.4990506,-1,-1,39
1761623741.5370507,3,3,27
1761623741.574051,-1,7,34
1761623741.6130507,0,3,29
1761623741.6490507,0,0,31
1761623741.686051,-3,-6,37
1761623741.7240508,-1,-4,34
1761623741.7630508,-3,-1,32
1761623741.7990508,2,4,31
1761623741.8360507,0,-10,30
1761623741.8740506,-4,1,23
1761623741.9120507,-3,1,29
1761623741.9480507,-8,0,37
1761623741.985051,0,2,31
1761623742.0230508,-4,0,24
1761623742.0590508,-4,0,29
1761623742.0960507,-4,-5,28
1761623742.1340508,-4,0,27
1761623742.1720507,-9,-1,30
1761623742.2080507,-4,0,28
1761623742.245051,-3,2,39
1761623742.2830508,-6,4,33
1761623742.3190508,-1,-4,37
1761623742.3560507,2,-6,30
1761623742.3940508,4,6,42
1761623742.4320507,0,4,33
1761623742.4680507,-1,1,31
1761623742.505051,8,-5,36
1761623742.5440507,4,-4,22
1761623742.5820508,10,-4,30
1761623742.6180508,3,0,31
1761623742.6550508,1,1,32
1761623742.6930506,2,1,31
1761623742.7290506,-4,-5,34
1761623742.7670507,4,-9,30
1761623742.8040507,2,-7,18
1761623742.8430507,1,0,17
1761623742.8790507,-5,-3,23
1761623742.916051,-3,-1,27
1761623742.9540508,-6,3,29
1761623742.9920506,-7,2,32
1761623743.028051,-7,0,35
1761623743.0650508,-6,0,25
1761623743.1030507,0,-1,31
1761623743.1390507,0,-4,27
1761623743.176051,4,0,40
1761623743.2140508,1,5,37
1761623743.2500508,2,3,32
1761623743.2870507,0,0,33
1761623743.3250508,7,-6,40
1761623743.3630507,0,-4,27
1761623743.3990507,0,-8,31
1761623743.436051,4,0,32
1761623743.4740508,0,0,30
1761623743.5100508,2,1,35
1761623743.5470507,1,-3,31
1761623743.584051,1,-2,29
1761623743.620051,1,0,28
1761623743.6570508,3,1,42
1761623743.6940508,3,0,30
1761623743.7300508,5,-2,24
1761623743.7670507,-2,0,34
1761623743.8040507,-11,-1,19
1761623743.8430507,-2,0,21
1761623743.8790507,0,4,32
1761623743.916051,-6,-2,31
1761623743.9540508,-1,-2,25
1761623743.9930508,-5,1,24
1761623744.0290508,-6,0,30
1761623744.0660508,4,0,18
1761623744.1040506,0,0,31
1761623744.1400506,-1,2,36
1761623744.1770508,0,-2,33
1761623744.2150507,-9,-1,32
1761623744.2530508,0,-3,29
1761623744.2890508,0,-9,39
1761623744.3260508,-3,0,36
1761623744.3650508,0,1,38
1761623744.403051,1,-4,32
1761623744.439051,1,0,39
1761623744.4760506,-2,-9,21
1761623744.5150506,-1,-3,25
1761623744.5530508,1,-2,27
1761623744.5890508,-4,0,33
1761623744.6260507,-1,1,42
1761623744.6640508,-1,0,35
1761623744.7010508,-2,-7,42
1761623744.7380507,6,-3,36
1761623744.7750506,3,-1,47
1761623744.8130507,3,0,48
1761623744.8490508,2,-1,35
1761623744.8860507,-3,-1,29
1761623744.9250507,1,-1,38
1761623744.9630508,0,2,37
1761623744.9990506,-4,-5,34
1761623745.0360508,-3,0,36
1761623745.074051,-1,-6,35
1761623745.110051,-4,0,34
1761623745.1470506,-2,-7,31
1761623745.1850507,-7,-2,33
1761623745.2240508,-10,-7,31
1761623745.2610507,0,-3,38
1761623745.2980506,0,-6,31
1761623745.3350508,9,-2,41
1761623745.3710508,2,-5,33
1761623745.4080508,3,0,36
1761623745.4450507,-2,0,31
1761623745.4810507,1,2,33
1761623745.518051,-4,6,36
1761623745.5550506,-1,1,43
1761623745.5910506,-7,0,42
1761623745.6280508,-6,0,33
1761623745.666051,-3,2,22
1761623745.7050507,6,-9,34
1761623745.7410507,6,-8,34
1761623745.778051,4,-2,26
1761623745.8150508,-3,2,25
1761623745.8540506,-3,-7,36
1761623745.8900506,2,0,41
1761623745.9270508,7,-8,40
1761623745.9650507,6,1,38
1761623746.0010507,0,1,38
1761623746.038051,-7,-1,44
1761623746.0760508,-6,0,40
1761623746.1150508,-1,1,28
1761623746.1510508,0,-4,31
1761623746.1880507,-3,-6,23
1761623746.2260506,-9,-3,28
1761623746.2650506,-5,0,19
1761623746.301051,4,3,28
1761623746.3380508,4,-2,16
1761623746.3760507,-6,-4,26
1761623746.4150507,1,-8,23
1761623746.4510508,-1,-4,31
1761623746.4890506,0,-5,29
1761623746.5260508,-2,-5,36
1761623746.5650508,-13,-3,40
1761623746.6010506,-4,-1,40
1761623746.6380508,0,-2,34
1761623746.676051,2,0,42
1761623746.7140508,-6,-4,35
1761623746.7500508,-2,0,36
1761623746.7870507,-1,-5,31
1761623746.8260508,-6,3,35
1761623746.8640506,1,0,30
1761623746.9000506,0,-5,25
1761623746.9370508,0,-1,37
1761623746.9750507,6,0,32
1761623747.0110507,7,0,28
1761623747.0480506,2,0,35
1761623747.0860507,2,3,24
1761623747.1240506,0,0,24
1761623747.1600506,8,2,28
1761623747.1970508,4,-2,34
1761623747.235051,5,-3,37
1761623747.2710507,3,2,32
1761623747.3080506,2,3,33
1761623747.3460507,0,0,32
1761623747.3840508,2,0,18
1761623747.4200506,-2,-1,26
1761623747.4580507,1,-5,23
1761623747.4960508,-3,5,27
1761623747.5320508,2,-2,22
1761623747.5690508,3,0,32
1761623747.6060507,0,1,28
1761623747.6420507,-5,4,32
1761623747.6800506,0,-1,24
1761623747.7170508,-4,3,29
1761623747.755051,-5,2,21
1761623747.791051,0,-2,21
1761623747.8290508,0,-2,23
1761623747.8670506,-1,0,21
1761623747.9050508,5,-5,26
1761623747.9410508,5,0,35
1761623747.9800508,5,-5,26
1761623748.0170507,0,-4,35
1761623748.0560508,0,4,37
1761623748.0920508,-2,-1,40
1761623748.130051,-7,-5,38
1761623748.1690507,-2,-6,27
1761623748.2060506,3,-9,31
1761623748.2420506,-1,-5,17
1761623748.2790508,0,2,32
1761623748.3170507,3,0,25
1761623748.3550508,-3,-2,34
1761623748.3910508,-10,1,39
1761623748.4290507,-3,2,24
1761623748.4670508,-2,3,26
1761623748.5110507,-6,-8,41
1761623748.5490508,-2,-3,36
1761623748.587051,0,-2,35
1761623748.6260507,0,0,34
1761623748.6620507,4,0,26
1761623748.699051,-2,-6,31
1761623748.7370508,5,-3,26
1761623748.7750506,-1,0,40
1761623748.811051,4,0,33
1761623748.8480508,7,-5,35
1761623748.8870506,-2,-5,30
1761623748.9250507,0,0,30
1761623748.9610507,-4,3,32
1761623748.9980507,3,-3,36
1761623749.0360508,4,-4,29
1761623749.0720508,7,-4,27
1761623749.1090508,7,2,33
1761623749.1470506,-5,2,25
1761623749.1850507,2,-2,34
1761623749.222051,-2,1,34
1761623749.2590508,8,2,30
1761623749.2970507,6,-4,30
1761623749.3350508,-1,-5,39
1761623749.3710508,4,-10,38
1761623749.4100506,1,-5,50
1761623749.4470508,-5,-6,32
1761623749.4860508,-2,-3,33
1761623749.5220506,-1,0,33
1761623749.5600507,3,-2,35
1761623749.597051,5,-3,37
1761623749.633051,2,-1,37
1761623749.6700506,0,-3,36
1761623749.7070508,-2,-1,25
1761623749.7460508,0,1,32
1761623749.7820508,-6,4,33
1761623749.8190508,-3,1,34
1761623749.857051,0,-7,35
1761623749.893051,0,1,25
1761623749.9300506,-2,-5,20
1761623749.9680507,0,-1,24
1761623750.0060508,-7,-2,28
1761623750.0420508,-1,-1,32
1761623750.0790508,0,5,41
1761623750.1170506,4,-2,34
1761623750.153051,-3,-1,28
1761623750.1910508,0,-4,37
1761623750.2280507,1,0,33
1761623750.2660508,-3,-6,44
1761623750.3020508,2,-2,42
1761623750.3390508,2,1,35
1761623750.3780508,4,-1,36
1761623750.416051,1,3,27
1761623750.4520507,1,-3,31
1761623750.4900508,-7,6,29
1761623750.528051,2,-1,36
1761623750.5660508,-1,-1,22
1761623750.6020508,-3,-1,31
1761623750.6400506,0,0,34
1761623750.6780508,-1,-2,39
1761623750.7160506,-3,-3,37
1761623750.7520506,-2,0,22
1761623750.7890508,2,-7,37
1761623750.8280506,5,-2,28
1761623750.8660507,0,-4,35
1761623750.9020507,-1,2,32
1761623750.939051,5,-3,35
1761623750.9770508,5,-6,36
1761623751.0130508,-1,-5,32
1761623751.051051,4,-1,36
1761623751.0890508,0,-1,37
1761623751.1270506,-3,-5,33
1761623751.163051,-6,0,32
1761623751.2000508,-4,2,26
1761623751.2380507,-1,3,23
1761623751.2760508,-4,2,34
1761623751.3120508,-2,0,26
1761623751.3490508,-1,3,26
1761623751.3870506,-1,6,30
1761623751.4230506,-2,-1,24
1761623751.4600508,1,2,25
1761623751.4980507,1,0,27
1761623751.5360508,-4,-1,37
1761623751.5720508,-4,0,40
1761623751.6090508,-6,-4,34
1761623751.6480508,-7,0,32
1761623751.6840508,-8,1,36
1761623751.7210507,-3,0,35
1761623751.758051,2,4,34
1761623751.7950506,1,1,29
1761623751.8320508,0,-7,42
1761623751.8690507,0,0,28
1761623751.9070508,-10,5,37
1761623751.9430506,-4,0,24
1761623751.9800508,0,-5,27
1761623752.018051,-7,-4,30
1761623752.0540507,-2,-1,25
1761623752.0910506,1,0,33
1761623752.1280508,1,1,27
1761623752.1640508,0,0,21
1761623752.2010508,0,1,26
1761623752.2380507,-5,-2,17
1761623752.2770507,-2,-6,27
1761623752.3130507,-3,-7,24
1761623752.3500507,-7,-4,27
1761623752.3880508,-2,-4,36
1761623752.4270508,1,4,22
1761623752.4630508,-5,0,39
1761623752.5000508,0,-2,31
1761623752.538051,0,-8,39
1761623752.574051,6,-7,33
1761623752.6110508,6,0,24
1761623752.6490507,0,-2,27
1761623752.6870508,1,4,37
1761623752.7230508,-1,1,39
1761623752.7620506,2,-2,36
1761623752.7990508,1,-1,35
1761623752.837051,-1,-2,26
1761623752.8730507,-5,-4,32
1761623752.9110508,-3,-2,21
1761623752.949051,-2,1,25
1761623752.9870508,0,2,32
1761623753.0230508,-4,1,25
1761623753.061051,0,-3,32
1761623753.0990508,0,-1,33
1761623753.1370506,-1,0,35
1761623753.1730506,6,-5,36
1761623753.2110507,5,3,39
1761623753.2490506,2,-6,35
1761623753.2870507,-6,-3,33
1761623753.3230507,-8,-5,43
1761623753.3610508,3,0,34
1761623753.3990507,-4,-3,29
1761623753.4370508,-3,-6,37
1761623753.4730508,2,2,31
1761623753.5100508,-2,-4,43
1761623753.5490508,2,-3,31
1761623753.587051,-5,-5,24
1761623753.6230507,-6,-4,28
1761623753.6610508,0,-6,26
1761623753.699051,-2,-5,24
1761623753.7380507,1,-7,28
1761623753.7740507,-4,-9,36
1761623753.811051,-6,-3,30
1761623753.8490508,3,-2,25
1761623753.8870506,-2,-8,27
1761623753.9230506,0,-10,25
1761623753.9610507,6,3,30
1761623753.9990506,4,2,40
1761623754.0350506,3,-3,31
1761623754.0720508,-3,0,43
1761623754.1090508,-3,5,43
1761623754.1450508,-2,7,35
1761623754.1830506,-2,0,27
1761623754.2200508,-1,1,25
1761623754.258051,8,1,30
1761623754.2940507,3,0,35
1761623754.3310506,3,-1,33
1761623754.3690507,-1,-6,38
1761623754.4080508,-4,-9,27
1761623754.4440508,0,-5,25
1761623754.4830508,0,-4,32
1761623754.5200508,-9,4,24
1761623754.5590508,-2,5,28
1761623754.5950508,-5,10,27
1761623754.6320508,3,2,26
1761623754.6690507,6,-1,29
1761623754.7080507,4,3,34
1761623754.7440507,1,1,26
1761623754.7830508,0,5,25
1761623754.8200507,-5,0,31
1761623754.8580508,0,5,42
1761623754.8940508,0,5,39
1761623754.9330506,3,4,30
1761623754.9700508,0,3,25
1761623755.008051,8,-2,23
1761623755.0440507,0,-7,37
1761623755.0820508,0,-2,43
1761623755.120051,0,-2,39
1761623755.1580508,1,-1,28
1761623755.1950507,-2,-7,36
1761623755.232051,1,-10,47
1761623755.2700508,5,-8,30
1761623755.3080506,7,-4,30
1761623755.3440506,1,0,34
1761623755.3820508,-1,1,34
1761623755.4200506,0,1,45
1761623755.4580507,0,2,27
1761623755.4940507,2,3,22
1761623755.5310507,1,-7,26
1761623755.5690508,8,-6,36
1761623755.6050508,3,-5,45
1761623755.643051,3,-1,35
1761623755.6800506,-2,3,30
1761623755.7180507,-3,-3,30
1761623755.7540507,-7,0,45
1761623755.791051,-10,-2,46
1761623755.8300507,-4,-4,42
1761623755.8680508,-1,-6,35
1761623755.9040508,0,-4,42
1761623755.9410508,5,-9,31
1761623755.9790506,-3,-5,37
1761623756.0150506,-9,-4,46
1761623756.0530508,-1,-1,36
1761623756.0910506,-4,2,39
1761623756.1290507,0,-6,41
1761623756.1650507,5,-7,45
1761623756.2020507,0,-4,31
1761623756.2400508,-4,-2,27
1761623756.2760508,-5,0,28
1761623756.314051,-2,-10,27
1761623756.3510506,0,-2,35
1761623756.3890507,0,2,28
1761623756.4250507,1,-1,47
1761623756.462051,2,2,38
1761623756.5000508,1,12,20
1761623756.5360508,3,6,31
1761623756.5730507,-3,3,31
1761623756.610051,6,-2,42
1761623756.6460507,1,-4,48
1761623756.6830506,0,0,44
1761623756.7200508,-1,2,37
1761623756.7590508,5,4,36
1761623756.7950506,6,-2,28
1761623756.834051,8,6,32
1761623756.8710508,5,0,28
1761623756.9090507,-7,1,36
1761623756.9450507,-2,0,28
1761623756.982051,0,-3,37
1761623757.0210507,-2,-9,34
1761623757.0590508,0,0,27
1761623757.0950508,2,-7,30
1761623757.133051,10,0,25
1761623757.1710508,5,-3,19
1761623757.209051,1,-4,44
1761623757.245051,-2,-5,35
1761623757.2830508,-3,-4,29
1761623757.3210506,-1,1,28
1761623757.360051,2,2,31
1761623757.3960507,2,-1,34
1761623757.4330506,-3,-6,29
1761623757.4710507,2,-5,22
1761623757.5100508,2,1,36
1761623757.5460508,4,-2,34
1761623757.5830507,1,-1,34
1761623757.6210508,-1,-5,29
1761623757.6590507,-2,-4,26
1761623757.6950507,-3,-3,33
1761623757.7330508,-1,1,34
1761623757.7710507,-4,3,31
1761623757.8090508,-1,-2,27
1761623757.8450508,-7,-1,40
1761623757.8820508,-11,-4,30
1761623757.9210508,-10,-8,31
1761623757.959051,-9,-4,22
1761623757.995051,-2,-2,18
1761623758.0320508,-7,1,16
1761623758.0710506,-3,-1,24
1761623758.1090508,6,-7,22
1761623758.1450508,7,-6,35
1761623758.1830506,9,-1,21
1761623758.2210507,-1,-4,38
1761623758.2570508,-3,-6,36
1761623758.2940507,-7,-7,29
1761623758.3320508,-4,3,30
1761623758.370051,0,-5,26
1761623758.4060507,-2,-2,39
1761623758.4440508,-4,0,41
1761623758.4810507,7,4,39
1761623758.5250506,3,-6,31
1761623758.5630507,4,-4,25
1761623758.6010506,8,-7,39
1761623758.6400506,3,0,40
1761623758.676051,2,1,38
1761623758.7130508,7,0,35
1761623758.7510507,1,-1,29
1761623758.7870507,0,5,40
1761623758.824051,0,-1,41
1761623758.8610508,0,-3,21
1761623758.8970506,-5,-2,25
1761623758.9340508,-2,-2,30
1761623758.972051,-4,-6,17
1761623759.0110507,-1,0,23
1761623759.0470507,3,0,25
1761623759.0850508,8,0,36
1761623759.1220508,5,5,29
1761623759.1600506,-2,-3,38
1761623759.1960506,2,5,37
1761623759.2340508,-10,-3,20
1761623759.2720506,5,-8,24
1761623759.3100507,11,-8,33
1761623759.3460507,5,-4,35
1761623759.3840508,0,-6,41
1761623759.4220507,-2,-6,36
1761623759.4610507,-8,3,30
1761623759.4970508,1,4,26
1761623759.5340507,-6,6,24
1761623759.5720508,-2,5,26
1761623759.6110508,8,2,33
1761623759.6470506,5,2,28
1761623759.6840508,0,2,34
1761623759.722051,-3,0,27
1761623759.7610507,0,-1,38
1761623759.7970507,-3,-3,35
1761623759.834051,1,-7,36
1761623759.8720508,4,-1,29
1761623759.9100506,1,-7,34
1761623759.9460506,3,-2,32
1761623759.9840508,0,2,32
1761623760.0220506,-2,-2,33
1761623760.0600507,1,-2,28
1761623760.0960507,-1,0,30
1761623760.1340508,1,0,23
1761623760.1720507,2,5,21
1761623760.2100508,-1,-4,31
1761623760.2460508,8,-4,28
1761623760.2840507,2,2,33
1761623760.3220508,6,2,26
1761623760.360051,0,0,30
1761623760.3960507,4,-6,33
1761623760.4340508,3,-6,27
1761623760.472051,1,-4,33
1761623760.508051,-1,-5,30
1761623760.5450506,-3,-6,32
1761623760.5830507,-6,-5,31
1761623760.6220508,-10,-1,35
1761623760.6580508,-2,-1,31
1761623760.6950507,-3,2,34
1761623760.732051,12,4,30
1761623760.768051,8,1,32
1761623760.8050506,-7,1,35
1761623760.8430507,-1,0,34
1761623760.8810508,-3,0,30
1761623760.9170508,-1,-3,29
1761623760.9540508,-9,0,36
1761623760.9920506,-1,-2,29
1761623761.028051,-2,-1,34
1761623761.0660508,0,4,32
1761623761.1030507,3,0,32
1761623761.1410508,0,0,18
1761623761.1770508,3,-7,10
1761623761.2140508,-3,-8,31
1761623761.2520506,-7,0,38
1761623761.291051,0,1,38
1761623761.3270507,-5,7,35
1761623761.3640506,-1,-2,39
1761623761.403051,0,0,43
1761623761.4410508,1,1,33
1761623761.4770508,3,-1,23
1761623761.5150506,-2,-4,28
1761623761.5530508,-5,1,31
1761623761.5910506,-9,-1,37
1761623761.6270506,0,-4,32
1761623761.6650507,0,-2,31
1761623761.7030506,2,-3,32
1761623761.7420506,-3,-2,34
1761623761.778051,1,0,33
1761623761.8150508,6,-1,32
1761623761.8530507,-2,0,39
1761623761.8910508,-5,1,37
1761623761.9270508,-5,0,33
1761623761.9650507,-2,0,24
1761623762.0030508,-1,-4,34
1761623762.041051,-2,0,30
1761623762.0770507,-4,-3,37
1761623762.1150508,7,-4,32
1761623762.153051,1,0,28
1761623762.1920507,0,0,29
1761623762.2280507,-2,-2,25
1761623762.2660508,-5,0,27
1761623762.3040507,0,-1,39
1761623762.3420508,4,-2,44
1761623762.3780508,8,0,37
1761623762.4150507,7,2,24
1761623762.4530506,2,0,41
1761623762.4910507,7,-1,33
1761623762.5270507,3,-1,28
1761623762.5650508,-2,1,26
1761623762.6030507,2,0,23
1761623762.6390507,5,3,28
1761623762.676051,2,-5,31
1761623762.7140508,2,-5,33
1761623762.7530508,2,-3,31
1761623762.7890508,2,-8,25
1761623762.8260508,8,4,26
1761623762.8630507,0,-1,24
1761623762.8990507,-4,-7,32
1761623762.9370508,0,-5,19
1761623762.9740508,5,-6,29
1761623763.0130508,3,-9,34
1761623763.0490508,-6,-6,32
1761623763.087051,2,-3,25
1761623763.1240506,4,0,22
1761623763.1620507,4,-3,34
1761623763.1980507,1,-3,33
1761623763.2360508,-1,-4,27
1761623763.2740507,-6,-4,43
1761623763.3130507,-2,4,43
1761623763.3490508,-1,2,28
1761623763.3870506,0,-4,19
1761623763.4240508,-1,-3,23
1761623763.4630508,5,-5,25
1761623763.4990506,3,-6,24
1761623763.5360508,-3,0,28
1761623763.574051,-2,-2,42
1761623763.6120508,0,0,33
1761623763.6480508,-2,-4,40
1761623763.686051,0,-5,35
1761623763.7240508,7,-1,34
1761623763.7620506,0,-4,32
1761623763.7980506,12,-4,34
1761623763.8360507,5,-11,25
1761623763.8740506,6,-3,34
1761623763.913051,5,5,24
1761623763.949051,-1,-1,27
1761623763.9860508,-1,-5,37
1761623764.0240507,-1,-4,24
1761623764.0630507,-8,-1,38
1761623764.0990508,-5,-5,35
1761623764.1370506,-4,-1,34
1761623764.1750507,4,-4,26
1761623764.2140508,3,-5,22
1761623764.2520506,-2,-5,28
1761623764.288051,3,-3,30
1761623764.3250508,0,-8,38
1761623764.3630507,5,0,40
1761623764.3990507,0,-3,36
1761623764.436051,1,-4,39
1761623764.4740508,-6,-7,37
1761623764.5130508,-12,5,27
1761623764.5490508,3,2,36
1761623764.5860507,0,-4,34
1761623764.6240506,-4,0,27
1761623764.6620507,-1,-2,35
1761623764.6980507,1,-2,23
1761623764.735051,-2,-5,19
1761623764.7740507,0,-5,28
1761623764.8100507,5,0,27
1761623764.847051,0,2,33
1761623764.8840508,2,-4,24
1761623764.9230506,0,1,41
1761623764.959051,8,-5,40
1761623764.9960508,0,-4,22
1761623765.0340507,-3,-4,25
1761623765.0730507,1,0,33
1761623765.1090508,-3,-4,27
1761623765.1470506,-1,-3,24
1761623765.1850507,-5,-10,18
1761623765.2240508,0,-3,29
1761623765.2600508,-4,-2,30
1761623765.2970507,-3,-3,38
1761623765.3350508,3,-2,34
1761623765.3740506,-2,3,36
1761623765.4100506,-7,-1,37
1761623765.4480507,-1,-3,42
1761623765.4860508,-2,-7,36
1761623765.5240507,-2,-5,25
1761623765.5630507,0,0,28
1761623765.5990508,-5,-1,17
1761623765.6370506,-2,-3,19
1761623765.6750507,-1,0,33
1761623765.7130508,0,0,38
1761623765.7490506,-4,0,39
1761623765.788051,-1,-1,30
1761623765.8250508,-7,-1,21
1761623765.8640506,-2,-2,18
1761623765.9000506,-1,-8,30
1761623765.9380507,-2,1,32
1761623765.9770508,2,5,34
1761623766.0150506,-2,2,31
1761623766.0530508,-1,-4,36
1761623766.0890508,1,-1,29
1761623766.1270506,7,1,38
1761623766.1650507,-1,0,32
1761623766.2030506,5,1,35
1761623766.2390506,3,-2,37
1761623766.2770507,7,-6,41
1761623766.3150508,3,-2,39
1761623766.3530507,-2,2,28
1761623766.3890507,-1,0,31
1761623766.426051,2,-9,44
1761623766.4640508,3,-5,43
1761623766.5000508,2,-1,39
1761623766.5370507,4,-5,30
1761623766.5750508,0,-1,39
1761623766.6140506,2,-1,34
1761623766.6500506,0,-1,29
1761623766.6870508,3,-2,33
1761623766.7250507,-5,-4,23
1761623766.7630508,-3,-6,27
1761623766.7990508,0,-1,24
1761623766.8360507,9,0,34
1761623766.8740506,0,-3,23
1761623766.9110508,5,0,25
1761623766.9480507,-1,-11,15
1761623766.9860508,-6,-1,21
1761623767.0250506,1,-2,17
1761623767.061051,5,0,24
1761623767.0980508,7,-5,34
1761623767.1350508,0,1,32
1761623767.1710508,11,4,29
1761623767.2080507,-2,6,34
1761623767.2460508,-2,6,34
1761623767.2840507,-11,0,23
1761623767.3200507,-6,-1,26
1761623767.3580508,-4,-1,35
1761623767.3960507,-3,-6,18
1761623767.4350507,4,-1,29
1761623767.4710507,5,0,27
1761623767.508051,-1,3,30
1761623767.5460508,-6,4,30
1761623767.5850508,0,0,30
1761623767.6210508,-9,-4,30
1761623767.6580508,-6,4,31
1761623767.6950507,-1,0,34
1761623767.7310507,8,4,22
1761623767.768051,-3,7,27
1761623767.8060508,-3,2,27
1761623767.8440506,-5,-4,39
1761623767.880051,0,-5,35
1761623767.9170508,6,-6,34
1761623767.9560506,-1,-7,41
1761623767.9940507,3,-2,37
1761623768.0300508,-3,2,48
1761623768.0670507,1,0,42
1761623768.1060507,0,-1,31
1761623768.1440508,6,-1,38
1761623768.1800506,2,1,32
1761623768.2180507,-3,-3,37
1761623768.2560508,-7,-1,33
1761623768.2940507,0,0,29
1761623768.3300507,-2,-4,35
1761623768.3680508,0,3,40
1761623768.4060507,-2,1,39
1761623768.4440508,1,2,39
1761623768.4800508,1,0,32
1761623768.5170507,-5,-5,35
1761623768.561051,-3,-11,47
1761623768.5990508,1,-3,46
1761623768.6360507,-3,0,29
1761623768.6750507,-2,-1,28
1761623768.7110507,-1,0,25
1761623768.7480507,8,-2,31
1761623768.7860508,-2,-2,37
1761623768.8250508,-6,-2,30
1761623768.8610508,-1,-4,27
1761623768.8990507,0,1,36
1761623768.936051,4,-3,31
1761623768.9740508,3,3,33
1761623769.0100508,-1,-9,34
1761623769.0470507,-3,-7,28
1761623769.0860507,-2,-2,35
1761623769.1220508,0,-8,46
1761623769.1590507,-9,-1,38
1761623769.1970508,-2,-6,37
1761623769.2360508,0,-7,42
1761623769.2720506,0,1,47
1761623769.3090508,2,0,42
1761623769.347051,-2,3,43
1761623769.3850508,-12,4,33
1761623769.4210508,-3,-3,34
1761623769.4580507,0,-3,36
1761623769.4960508,1,-2,31
1761623769.5320508,1,1,38
1761623769.5690508,0,-6,39
1761623769.6060507,-1,0,46
1761623769.6450508,1,-1,40
1761623769.6810508,6,-3,46
1761623769.7180507,2,1,39
1761623769.7560508,2,-3,36
1761623769.7920508,4,0,28
1761623769.8290508,0,2,27
1761623769.8660507,-1,-5,23
1761623769.9050508,-6,-1,39
1761623769.9410508,1,-2,43
1761623769.9780507,-1,3,38
1761623770.0170507,0,0,53
1761623770.0550506,-7,-7,39
1761623770.0910506,-3,-5,40
1761623770.1290507,3,1,37
1761623770.1670508,3,0,41
1761623770.2050507,0,-9,36
1761623770.2410507,-2,-10,27
1761623770.2790508,0,-2,41
1761623770.3170507,0,0,22
1761623770.3550508,-9,0,23
1761623770.3910508,-8,-8,25
1761623770.4290507,-1,-1,29
1761623770.4670508,2,2,26
1761623770.505051,3,0,28
1761623770.541051,3,3,20
1761623770.5790508,1,-3,33
1761623770.6170506,0,-4,29
1761623770.6550508,0,-2,33
1761623770.6910508,1,3,44
1761623770.7280507,-2,2,36
1761623770.7670507,-4,3,32
1761623770.8050506,-9,-3,40
1761623770.8410506,-4,3,34
1761623770.8780508,3,1,36
1761623770.9170508,-3,1,30
1761623770.9550507,-1,0,24
1761623770.9910507,1,-3,30
1761623771.028051,5,0,30
1761623771.0670507,0,0,26
1761623771.1050508,4,-4,41
1761623771.1410508,-2,-3,32
1761623771.1790507,0,-2,35
1761623771.2170508,-3,1,40
1761623771.2530508,-1,0,46
1761623771.2900507,-5,-3,32
1761623771.3280506,-3,-6,29
1761623771.3670506,-5,-3,29
1761623771.403051,-2,-3,27
1761623771.4400508,-9,0,31
1761623771.4780507,-1,2,30
1761623771.5170507,-4,-3,28
1761623771.5530508,4,-2,27
1761623771.5900507,7,-7,33
1761623771.6280508,4,0,34
1761623771.666051,0,-6,36
1761623771.7020507,9,-4,37
1761623771.7400508,4,0,22
1761623771.7770507,1,0,40
1761623771.8160508,0,0,38
1761623771.8520508,0,6,41
1761623771.8890507,0,0,30
1761623771.9270508,-7,-4,25
1761623771.9630508,-1,-6,23
1761623772.0000508,0,-3,28
1761623772.0370507,-2,-6,26
1761623772.0760508,0,1,26
1761623772.1120508,-2,4,26
1761623772.1500506,-2,-1,40
1761623772.1880507,0,-4,27
1761623772.2260506,0,0,29
1761623772.2620506,3,0,26
1761623772.3000507,-6,-5,39
1761623772.3380508,1,-4,42
1761623772.3760507,-3,-3,34
1761623772.4120507,-8,-2,38
1761623772.4500508,-7,-3,32
1761623772.4880507,3,-6,30
1761623772.5260508,0,0,36
1761623772.5630507,2,0,37
1761623772.6000507,-5,-1,39
1761623772.6380508,-12,-6,33
1761623772.6770508,-3,0,33
1761623772.7130508,-2,-3,27
1761623772.7500508,0,0,47
1761623772.788051,0,-6,37
1761623772.8260508,3,-1,47
1761623772.8620508,0,1,41
1761623772.8990507,5,-3,37
1761623772.9370508,5,0,32
1761623772.9730508,0,-5,35
1761623773.0100508,-15,-3,37
1761623773.0480506,-6,-9,37
1761623773.087051,-7,-5,27
1761623773.1230507,0,0,31
1761623773.1600506,-2,1,37
1761623773.1980507,-1,-1,37
1761623773.2360508,-4,-2,33
1761623773.2720506,-1,-11,29
1761623773.3090508,-1,-6,31
1761623773.3480508,-1,0,42
1761623773.3840508,-4,-4,38
1761623773.4210508,7,-2,41
1761623773.459051,-2,0,33
1761623773.4970508,-3,7,37
1761623773.5330508,5,6,28
1761623773.5700507,12,-4,42
1761623773.6080508,3,-2,29
1761623773.6440508,0,-3,23
1761623773.6820507,-7,4,25
1761623773.7200508,-6,5,29
1761623773.758051,0,1,35
1761623773.7940507,-11,0,33
1761623773.8310506,-11,0,26
1761623773.8680508,-8,10,28
1761623773.9070508,-4,0,26
1761623773.9430506,-1,8,26
1761623773.9800508,-2,1,31
1761623774.018051,-3,-6,29
1761623774.0540507,-3,-8,28
1761623774.0920508,0,-3,29
1761623774.1290507,1,0,28
1761623774.1670508,4,-5,36
1761623774.2030506,-2,0,31
1761623774.2400508,6,0,28
1761623774.278051,3,-3,31
1761623774.314051,-4,3,23
1761623774.3510506,-1,0,27
1761623774.3890507,5,-6,26
1761623774.4280508,3,-1,32
1761623774.4640508,2,0,38
1761623774.5010507,-1,-3,36
1761623774.5390508,2,4,47
1761623774.5770507,0,2,36
1761623774.6130507,3,4,28
1761623774.6510508,-1,1,25
1761623774.689051,-3,1,22
1761623774.7270508,-3,-3,35
1761623774.7630508,-3,-6,34
1761623774.8000507,3,0,29
1761623774.8380508,5,2,23
1761623774.8740506,3,-5,23
1761623774.9110508,-1,-4,39
1761623774.949051,-3,0,41
1761623774.9870508,3,-2,39
1761623775.0230508,0,-5,21
1761623775.0600507,-4,-11,37
1761623775.0990508,-5,-6,28
1761623775.1370506,-6,-2,31
1761623775.1730506,-5,-6,35
1761623775.2100508,-4,3,43
1761623775.2480507,-7,0,32
1761623775.2840507,-3,2,39
1761623775.3210506,1,-1,42
1761623775.3590508,3,-7,27
1761623775.3970506,-2,-2,24
1761623775.4330506,-6,4,26
1761623775.472051,-7,3,29
1761623775.5100508,3,0,34
1761623775.5480506,-3,0,31
1761623775.584051,0,-5,26
1761623775.6210508,-3,-10,35
1761623775.6590507,-1,-1,31
1761623775.6980507,-1,2,24
1761623775.7340508,-1,0,24
1761623775.7710507,-2,-3,37
1761623775.8090508,0,-4,38
1761623775.8480508,7,1,23
1761623775.8840508,1,-2,20
1761623775.9210508,-3,-9,21
1761623775.959051,0,-2,35
1761623775.9980507,0,-4,30
1761623776.0340507,0,0,27
1761623776.0710506,4,0,27
1761623776.1090508,1,-3,24
1761623776.1450508,1,2,34
1761623776.1820507,-1,4,38
1761623776.2190506,0,3,45
1761623776.255051,0,5,38
1761623776.2920508,-2,6,36
1761623776.3300507,-6,4,30
1761623776.3680508,1,3,35
1761623776.4040508,1,1,31
1761623776.4410508,1,-5,31
1761623776.4790506,-11,4,33
1761623776.5150506,-12,-1,37
1761623776.5530508,-8,-3,26
1761623776.5910506,-4,1,9
1761623776.6290507,2,0,19
1761623776.6650507,-13,-6,29
1761623776.7020507,-11,-4,25
1761623776.7400508,5,-5,34
1761623776.778051,-2,-3,31
1761623776.814051,5,-3,29
1761623776.8510506,0,0,39
1761623776.8890507,3,3,34
1761623776.9250507,0,-1,27
1761623776.962051,2,-7,35
1761623777.0000508,5,-1,35
1761623777.038051,-1,3,28
1761623777.074051,-1,1,22
1761623777.1110508,1,0,39
1761623777.1490507,2,-7,30
1761623777.1850507,3,-5,20
1761623777.222051,-4,-6,26
1761623777.2600508,-1,-4,33
1761623777.2990508,0,0,31
1761623777.3350508,4,4,37
1761623777.3720508,0,2,32
1761623777.4100506,0,3,28
1761623777.4480507,-4,0,35
1761623777.4840508,-5,-5,40
1761623777.5220506,0,-5,43
1761623777.561051,0,-6,35
1761623777.5990508,-4,-2,30
1761623777.6350508,-3,-2,28
1761623777.6720507,-8,-3,28
1761623777.7100508,-8,6,37
1761623777.7460508,-8,-3,30
1761623777.7830508,-4,2,34
1761623777.8200507,3,0,47
1761623777.8560507,0,-3,56
1761623777.8940508,0,-3,39
1761623777.9310508,2,5,22
1761623777.9690506,-6,-1,32
1761623778.005051,0,-6,34
1761623778.0440507,-1,2,27
1761623778.0810506,-5,1,29
1761623778.120051,0,0,30
1761623778.1560507,7,-5,33
1761623778.1940508,3,-6,40
1761623778.2310507,4,-7,37
1761623778.2690508,3,2,37
1761623778.3050506,2,0,35
1761623778.3430507,-5,-4,39
1761623778.3810508,-3,0,33
1761623778.4200506,1,-4,26
1761623778.4560506,-3,2,29
1761623778.4930508,0,5,31
1761623778.5300508,3,0,23
1761623778.574051,-7,-1,29
1761623778.6120508,0,-1,28
1761623778.6500506,-3,-2,33
1761623778.686051,-7,-5,31
1761623778.7240508,0,1,31
1761623778.7610507,-2,-5,34
1761623778.8000507,1,0,34
1761623778.8360507,6,-6,29
1761623778.8730507,6,-8,22
1761623778.9110508,5,-2,38
1761623778.949051,-1,1,38
1761623778.985051,-1,3,40
1761623779.0230508,4,1,31
1761623779.061051,-1,4,36
1761623779.0990508,-4,1,29
1761623779.1350508,2,3,38
1761623779.1720507,-1,-4,38
1761623779.2110507,3,-2,26
1761623779.2490506,-1,0,28
1761623779.2860508,1,-4,40
1761623779.3230507,3,-3,33
1761623779.3610508,-4,-8,27
1761623779.4000506,-5,-4,33
1761623779.436051,-1,-8,33
1761623779.4730508,0,-5,39
1761623779.5110507,-9,-3,36
1761623779.5490508,1,-2,29
1761623779.5850508,0,0,33
1761623779.6220508,-4,2,35
1761623779.6610508,0,-2,33
1761623779.699051,1,1,40
1761623779.735051,5,1,39
1761623779.7730508,1,-4,36
1761623779.811051,6,-2,25
1761623779.8500507,9,-4,34
1761623779.8860507,8,-4,30
1761623779.9230506,9,1,21
1761623779.9610507,6,-7,33
1761623779.9970508,1,-3,33
1761623780.0340507,-2,-6,35
1761623780.0720508,7,-1,29
1761623780.1110508,2,-6,25
1761623780.1470506,-5,0,29
1761623780.1840508,3,0,41
1761623780.222051,5,0,40
1761623780.2600508,7,-1,46
1761623780.2960508,3,-7,37
1761623780.334051,2,-3,28
1761623780.3710508,0,4,32
1761623780.4080508,2,0,38
1761623780.4450507,10,0,36
1761623780.482051,0,-7,29
1761623780.5200508,-9,-2,37
1761623780.5560508,-2,0,22
1761623780.5940506,-5,-2,27
1761623780.6320508,1,2,39
1761623780.6700506,5,-2,31
1761623780.7060506,-1,-6,37
1761623780.7440507,0,-3,38
1761623780.7820508,2,0,47
1761623780.8200507,1,-1,50
1761623780.8560507,3,-3,37
1761623780.8940508,1,-7,37
1761623780.9320507,0,-4,34
1761623780.9700508,-1,-4,28
1761623781.0060508,-1,0,30
1761623781.0440507,4,-1,30
1761623781.0820508,3,-4,31
1761623781.120051,4,-2,22
1761623781.1560507,4,-2,24
1761623781.1930506,-2,0,31
1761623781.232051,6,-2,24
1761623781.2700508,-2,1,19
1761623781.3060508,4,5,20
1761623781.3440506,2,-3,27
1761623781.3820508,3,-2,41
1761623781.4200506,5,2,36
1761623781.4560506,8,7,29
1761623781.4930508,6,4,22
1761623781.5310507,4,2,32
1761623781.5670507,-3,-1,27
1761623781.6050508,-4,0,37
1761623781.6420507,-4,-2,37
1761623781.6810508,0,-5,26
1761623781.7180507,-3,-1,41
1761623781.755051,-4,-8,32
1761623781.7930508,4,-7,37
1761623781.8310506,1,-3,41
1761623781.8680508,2,-8,39
1761623781.9050508,1,-3,34
1761623781.9420507,3,2,24
1761623781.9780507,2,4,35
1761623782.0150506,-10,-4,25
1761623782.0530508,-3,-2,22
1761623782.0920508,-2,-14,43
1761623782.1280508,-3,-5,39
1761623782.166051,2,0,42
1761623782.2030506,2,6,47
1761623782.2410507,-4,4,30
1761623782.2770507,-6,0,33
1761623782.3150508,-1,3,23
1761623782.3520508,-6,0,27
1761623782.3880508,-3,1,43
1761623782.4250507,-12,-2,34
1761623782.4630508,-7,-4,18
1761623782.5020506,-2,-3,27
1761623782.538051,-7,-5,16
1761623782.5760508,-6,0,24
1761623782.6130507,-3,-1,36
1761623782.6520507,-4,3,29
1761623782.6880507,-4,3,21
1761623782.7250507,-2,4,29
1761623782.7630508,-1,-5,22
1761623782.8020508,-4,-4,21
1761623782.8380508,0,-3,38
1761623782.8760507,0,-2,42
1761623782.913051,2,-2,35
1761623782.9510508,-2,0,32
1761623782.9870508,1,-3,32
1761623783.0240507,7,-4,31
1761623783.0620508,-3,-9,33
1761623783.0980508,-6,0,41
1761623783.1350508,-3,-4,33
1761623783.1730506,0,-4,40
1761623783.2110507,0,-6,28
1761623783.2470508,0,1,24
1761623783.2840507,2,-1,34
1761623783.3220508,4,-3,26
1761623783.3580508,6,-5,33
1761623783.3950508,-2,0,35
1761623783.4330506,0,7,39
1761623783.4710507,-6,-2,41
1761623783.5070508,4,-2,32
1761623783.5450506,4,-4,36
1761623783.5830507,3,3,23
1761623783.6210508,1,-2,21
1761623783.6570508,-2,-1,29
1761623783.6940508,-3,4,30
1761623783.732051,-7,2,34
1761623783.7690508,-10,-3,35
1761623783.8060508,0,0,28
1761623783.8430507,0,0,33
1761623783.8810508,1,-1,29
1761623783.9170508,3,0,34
1761623783.9540508,0,0,32
1761623783.9920506,-1,-4,37
1761623784.028051,2,0,41
1761623784.0650508,6,1,30
1761623784.1030507,0,4,27
1761623784.1390507,-2,-10,26
1761623784.176051,-4,0,26
1761623784.2140508,-3,-4,36
1761623784.2530508,-1,0,38
1761623784.2890508,3,2,35
1761623784.3270507,-2,-4,38
1761623784.3640506,1,-6,33
1761623784.4020507,4,-2,35
1761623784.4380507,4,-4,36
1761623784.4750507,-1,4,34
1761623784.5130508,1,-3,30
1761623784.5490508,2,-3,25
1761623784.5860507,5,1,30
1761623784.6230507,-1,-4,34
1761623784.6620507,-3,-4,33
1761623784.6980507,-6,-1,35
1761623784.7360508,-11,3,43
1761623784.7730508,0,0,51
1761623784.8090508,-8,-5,36
1761623784.8460507,4,0,38
1761623784.8840508,2,-1,26
1761623784.9220507,6,-3,21
1761623784.9580507,6,-1,31
1761623784.9970508,1,-7,30
1761623785.0340507,2,-4,39
1761623785.0730507,-1,-2,32
1761623785.1090508,-1,-5,34
1761623785.1470506,3,-5,30
1761623785.1840508,2,-4,26
1761623785.2230508,-1,0,19
1761623785.2590508,-1,0,23
1761623785.2960508,-2,3,22
1761623785.334051,1,2,36
1761623785.3730507,6,0,37
1761623785.4090507,2,1,34
1761623785.4460506,6,0,24
1761623785.4840508,3,1,37
1761623785.5220506,-1,0,24
1761623785.5580506,-6,0,34
1761623785.5950508,-4,-5,35
1761623785.6340508,1,-6,40
1761623785.6720507,-3,-2,43
1761623785.7080507,-1,-2,35
1761623785.745051,-7,-4,29
1761623785.7840507,-8,-3,30
1761623785.8220508,-1,1,27
1761623785.8580508,0,-2,30
1761623785.8950508,-1,0,33
1761623785.9330506,7,-3,30
1761623785.9690506,0,3,26
1761623786.0070508,-4,-2,22
1761623786.0450506,0,2,31
1761623786.0830507,0,2,37
1761623786.1190507,-7,4,36
1761623786.1560507,2,-4,31
1761623786.1940508,6,-4,35
1761623786.232051,4,0,43
1761623786.268051,-3,1,40
1761623786.3050506,1,5,26
1761623786.3430507,0,-3,28
1761623786.3790507,-4,3,24
1761623786.4170508,0,1,32
1761623786.4540508,4,1,40
1761623786.4900508,0,0,45
1761623786.5270507,3,0,26
1761623786.5650508,0,-1,30
1761623786.6030507,3,0,25
1761623786.6390507,4,-3,32
1761623786.676051,-1,-9,28
1761623786.7150507,-2,-8,30
1761623786.7530508,-3,-4,41
1761623786.7890508,0,-2,29
1761623786.8270507,-1,-5,32
1761623786.8650508,0,-5,37
1761623786.903051,5,-4,40
1761623786.9400508,1,0,38
1761623786.9770508,5,2,33
1761623787.0140507,3,0,33
1761623787.0500507,-1,5,41
1761623787.087051,0,-4,28
1761623787.1240506,0,0,33
1761623787.1600506,1,4,42
1761623787.1970508,6,1,34
1761623787.235051,5,0,29
1761623787.2730508,3,2,34
1761623787.3090508,5,3,27
1761623787.347051,-2,-6,37
1761623787.3850508,0,-6,35
1761623787.4240508,-3,-7,34
1761623787.4600508,-1,-3,33
1761623787.4970508,0,-6,24
1761623787.5350506,-5,-2,18
1761623787.5730507,5,-2,39
1761623787.6090508,5,-15,35
1761623787.6460507,9,-3,27
1761623787.6840508,0,0,26
1761623787.7200508,0,-1,31
1761623787.758051,-2,-4,36
1761623787.7960508,-5,-5,33
1761623787.8350508,-1,-4,26
1761623787.8730507,9,-3,33
1761623787.9090507,7,-7,21
1761623787.9460506,4,-1,23
1761623787.9840508,-1,0,19
1761623788.0200508,12,3,27
1761623788.0580506,6,-2,33
1761623788.0950508,0,2,39
1761623788.133051,-1,-5,35
1761623788.1690507,-1,-1,29
1761623788.2060506,0,5,31
1761623788.2440507,6,1,30
1761623788.2800508,6,1,33
1761623788.3170507,-3,-2,37
1761623788.3550508,4,-2,22
1761623788.393051,2,-5,29
1761623788.4290507,0,0,15
1761623788.4660506,0,-4,31
1761623788.5040507,2,-5,33
1761623788.5400507,-1,-8,28
1761623788.5860507,3,-4,23
1761623788.6240506,7,-4,36
1761623788.6600506,3,-4,44
1761623788.699051,5,-4,40
1761623788.7360508,0,-5,44
1761623788.7740507,1,-5,42
1761623788.8100507,-2,-5,39
1761623788.8480508,-2,4,24
1761623788.8850508,0,5,18
1761623788.9210508,5,2,25
1761623788.9580507,0,0,26
1761623788.995051,0,-4,25
1761623789.0340507,-1,-4,30
1761623789.0700507,5,-12,15
1761623789.107051,3,-5,28
1761623789.1460507,3,-3,30
1761623789.1840508,0,1,14
1761623789.2200508,3,-4,18
1761623789.2590508,1,0,33
1761623789.2960508,-3,0,35
1761623789.3350508,-3,1,24
1761623789.3710508,-1,1,28
1761623789.4090507,-2,-2,33
1761623789.4460506,2,-5,32
1761623789.4840508,0,-5,26
1761623789.5200508,-1,-2,23
1761623789.5570507,7,-4,32
1761623789.5950508,-2,0,29
1761623789.6310508,-3,0,31
1761623789.6680508,-3,-2,35
1761623789.7060506,3,3,29
1761623789.7440507,0,0,21
1761623789.7800508,-4,3,30
1761623789.8170507,0,-6,40
1761623789.8550508,-6,-1,29
1761623789.8910508,-5,1,31
1761623789.9280508,1,2,24
1761623789.9660506,1,3,30
1761623790.0040507,3,2,43
1761623790.0400507,-3,6,45
1761623790.0770507,4,7,34
1761623790.1150508,4,11,37
1761623790.1510508,3,9,34
1761623790.1880507,-1,-1,25
1761623790.2260506,6,-1,24
1761623790.2640507,2,-2,27
1761623790.3000507,4,-4,31
1761623790.337051,-2,-5,26
1761623790.3760507,2,0,28
1761623790.4140508,8,-5,34
1761623790.4500508,8,-4,29
1761623790.4870508,4,-2,24
1761623790.5250506,1,-6,28
1761623790.561051,-2,-5,32
1761623790.5990508,1,-1,33
1761623790.6370506,0,-10,36
1761623790.6750507,1,-6,40
1761623790.7110507,5,-1,30
1761623790.7490506,0,-1,26
1761623790.7870507,-3,-3,33
1761623790.8260508,-2,-8,33
1761623790.8620508,0,-4,31
1761623790.8990507,2,-6,33
1761623790.936051,-5,0,45
1761623790.9750507,-8,-4,38
1761623791.0110507,-7,1,39
1761623791.0490508,0,-6,39
1761623791.0860507,-7,-1,38
1761623791.1250508,-3,3,35
1761623791.1610508,3,6,23
1761623791.199051,5,0,33
1761623791.2360508,-2,-1,36
1761623791.2750506,0,0,35
1761623791.311051,-4,1,34
1761623791.3490508,1,3,27
1761623791.3860507,0,7,31
1761623791.4220507,5,6,33
1761623791.459051,5,4,33
1761623791.4970508,1,-8,38
1761623791.5350506,10,-9,44
1761623791.5710506,0,-6,48
1761623791.6080508,5,-5,42
1761623791.6460507,0,-6,40
1761623791.6820507,1,-4,41
1761623791.7190506,5,-4,36
1761623791.7570508,5,-7,28
1761623791.7950506,4,-3,31
1761623791.8310506,0,-6,33
1761623791.8680508,0,-3,34
1761623791.9060507,1,0,27
1761623791.9420507,5,-1,28
1761623791.9790506,4,-7,19
1761623792.0170507,6,-5,16
1761623792.0550506,8,-3,31
1761623792.0910506,0,-1,32
1761623792.1280508,2,-3,35
1761623792.1670508,4,0,34
1761623792.2050507,-8,4,21
1761623792.2410507,-6,-1,30
1761623792.2790508,0,-2,24
1761623792.3170507,-2,0,25
1761623792.3560507,-7,-2,36
1761623792.3920507,-1,0,29
1761623792.4290507,0,-7,27
1761623792.4670508,-3,-2,35
1761623792.505051,-6,-13,28
1761623792.541051,-5,0,29
1761623792.5780506,1,-2,27
1761623792.6170506,-4,4,29
1761623792.6550508,0,-1,21
1761623792.6910508,1,-2,32
1761623792.7280507,-4,-6,28
1761623792.7670507,4,-12,22
1761623792.8030508,2,-5,28
1761623792.8400507,0,-1,42
1761623792.8770506,-1,6,27
1761623792.913051,0,7,22
1761623792.9510508,-7,5,25
1761623792.9880507,0,-1,16
1761623793.0270507,2,0,27
1761623793.0630507,1,2,30
1761623793.1000507,2,2,37
1761623793.1370506,0,0,37
1761623793.1730506,-4,0,34
1761623793.2100508,-2,0,28
1761623793.2470508,-2,7,35
1761623793.2860508,5,5,33
1761623793.3220508,0,-4,25
1761623793.3590508,0,-6,24
1761623793.3970506,-4,-5,28
1761623793.4330506,-7,4,38
1761623793.4700508,-7,-1,39
1761623793.508051,-4,1,31
1761623793.5460508,-2,1,34
1761623793.5820508,-5,1,33
1761623793.6190507,-3,3,33
1761623793.6570508,0,-5,33
1761623793.6930506,-3,0,34
1761623793.7310507,3,-5,48
1761623793.768051,3,0,42
1761623793.8060508,0,0,30
1761623793.8420508,2,1,31
1761623793.8790507,-1,7,38
1761623793.9180508,-1,-1,34
1761623793.9560506,-1,-1,32
1761623793.9920506,1,-5,33
1761623794.0290508,1,-9,33
1761623794.0680506,-6,-5,34
1761623794.1060507,1,0,47
1761623794.1420507,-8,-6,32
1761623794.1800506,0,-2,25
1761623794.2180507,-7,-6,29
1761623794.2560508,-1,-5,37
1761623794.2920508,-3,0,35
1761623794.3300507,-1,8,39
1761623794.3680508,-1,3,28
1761623794.4060507,-7,-1,29
1761623794.4420507,0,-5,27
1761623794.4790506,3,-4,40
1761623794.518051,-1,-8,33
1761623794.5560508,3,2,34
1761623794.5920508,-2,-4,27
1761623794.6290507,-3,0,25
1761623794.6680508,-6,-1,22
1761623794.7060506,-10,-3,27
1761623794.7420506,-5,0,25
1761623794.7790508,-1,-1,28
1761623794.8180506,5,-1,28
1761623794.8560507,8,-1,37
1761623794.8920507,2,-1,24
1761623794.9290507,-2,-9,29
1761623794.9680507,1,-3,32
1761623795.0040507,1,0,41
1761623795.041051,-8,0,50
1761623795.0790508,-8,2,45
1761623795.1170506,1,-2,27
1761623795.153051,0,3,28
1761623795.1910508,1,7,32
1761623795.2280507,-6,4,34
1761623795.2640507,-1,-7,29
1761623795.3020508,8,-2,40
1761623795.3390508,1,-4,42
1761623795.3780508,7,-3,39
1761623795.4140508,1,3,37
1761623795.4510508,2,-1,45
1761623795.4890506,2,3,38
1761623795.5270507,5,-8,39
1761623795.5630507,1,-2,31
1761623795.6020508,3,0,37
1761623795.6390507,0,-1,34
1761623795.6780508,-4,-1,41
1761623795.7140508,0,-2,34
1761623795.7510507,11,0,30
1761623795.788051,4,0,34
1761623795.824051,4,1,29
1761623795.8610508,-8,-1,36
1761623795.8990507,-1,-8,34
1761623795.9380507,3,0,29
1761623795.9740508,-3,3,36
1761623796.0110507,0,3,27
1761623796.0490508,-3,2,26
1761623796.087051,-1,-2,34
1761623796.1230507,-2,5,35
1761623796.1600506,-2,6,34
1761623796.1980507,-2,-1,36
1761623796.2340508,0,-1,36
1761623796.2710507,-8,-1,28
1761623796.3090508,-3,7,40
1761623796.3480508,-3,-1,39
1761623796.3840508,0,-1,33
1761623796.4220507,3,2,30
1761623796.4600508,3,-2,30
1761623796.4990506,-3,-2,27
1761623796.5370507,-7,-9,26
1761623796.5730507,-1,1,28
1761623796.610051,-4,2,31
1761623796.6480508,-5,0,20
1761623796.6840508,4,0,22
1761623796.7210507,2,6,31
1761623796.7590508,2,-2,22
1761623796.7970507,0,0,20
1761623796.8330507,3,-3,25
1761623796.870051,5,-5,32
1761623796.9080508,4,0,26
1761623796.9440508,4,-4,26
1761623796.9810507,0,-4,25
1761623797.0190508,-1,-2,37
1761623797.0570507,0,1,36
1761623797.0930507,-1,-1,35
1761623797.130051,-6,3,37
1761623797.1690507,-5,2,32
1761623797.2050507,-2,2,42
1761623797.2420506,-4,-3,24
1761623797.2800508,-4,-5,40
1761623797.3190508,-5,-2,23
1761623797.3550508,-1,-1,28
1761623797.3920507,-1,-1,34
1761623797.4300506,6,2,25
1761623797.4690506,7,6,35
1761623797.505051,2,1,31
1761623797.5420508,0,5,32
1761623797.5790508,-5,-1,34
1761623797.6180508,-12,0,29
1761623797.6540508,-6,-3,25
1761623797.6920507,-1,-7,32
1761623797.7290506,-1,-2,33
1761623797.768051,2,-6,25
1761623797.8040507,2,0,28
1761623797.8420508,5,-3,24
1761623797.8790507,0,1,41
1761623797.9150507,4,-3,39
1761623797.9520507,-3,-1,30
1761623797.9900508,-2,-2,33
1761623798.0290508,-6,0,28
1761623798.0650508,-5,-5,27
1761623798.1020508,-8,-8,37
1761623798.1400506,-5,2,43
1761623798.1780508,-5,-2,38
1761623798.2140508,-7,1,34
1761623798.2520506,-9,-4,32
1761623798.2900507,-8,-12,29
1761623798.3290508,0,-6,35
1761623798.3650508,3,-9,35
1761623798.4020507,9,-3,23
1761623798.4400508,2,-2,22
1761623798.4790506,-4,4,13
1761623798.5150506,0,0,29
1761623798.5520508,-4,0,21
1761623798.5980508,0,0,27
1761623798.6340508,-1,4,29
1761623798.6710508,-1,2,26
1761623798.709051,1,-1,27
1761623798.745051,-3,-7,24
1761623798.7830508,0,-8,27
1761623798.8200507,-6,-8,29
1761623798.8590508,2,-2,35
1761623798.8950508,1,-7,36
1761623798.9320507,5,-3,31
1761623798.9700508,4,-1,33
1761623799.008051,2,-2,29
1761623799.0440507,0,0,30
1761623799.0820508,2,-2,23
1761623799.120051,0,-3,32
1761623799.1580508,-1,-2,35
1761623799.1940508,-6,-3,36
1761623799.232051,0,-5,30
1761623799.2700508,3,2,35
1761623799.3060508,1,2,29
1761623799.3430507,12,9,21
1761623799.380051,3,5,24
1761623799.416051,1,4,26
1761623799.4530506,5,0,29
1761623799.4900508,0,-4,33
1761623799.5290508,-5,-8,21
1761623799.5650508,-1,-3,34
1761623799.6020508,-8,0,31
1761623799.6400506,-5,-1,29
1761623799.676051,-2,0,25
1761623799.7130508,0,-7,29
1761623799.7500508,1,-1,33
1761623799.7860508,0,0,32
1761623799.8230507,2,-8,33
1761623799.8610508,5,-3,34
1761623799.8990507,0,-2,36
1761623799.9350507,-5,-4,37
1761623799.972051,-9,-1,44
1761623800.0100508,-2,1,33
1761623800.0460508,4,2,29
1761623800.084051,0,2,34
1761623800.1210508,0,-1,26
1761623800.1590507,-7,0,37
1761623800.1950507,-1,2,35
1761623800.232051,-1,-3,30
1761623800.2710507,-4,-1,33
1761623800.3090508,-1,-2,24
1761623800.3450508,-6,-1,22
1761623800.3820508,-4,-3,33
1761623800.4210508,0,0,42
1761623800.459051,0,4,25
1761623800.495051,1,2,32
1761623800.5320508,-5,5,29
1761623800.5700507,4,-2,33
1761623800.6060507,8,-1,32
1761623800.643051,1,-2,39
1761623800.6810508,10,-3,35
1761623800.7200508,11,-4,25
1761623800.7560508,1,-2,28
1761623800.7930508,0,-6,35
1761623800.8310506,-4,0,29
1761623800.870051,0,0,26
1761623800.9060507,-6,0,26
1761623800.9430506,-2,-3,34
1761623800.9810507,-3,1,31
1761623801.0200508,-2,5,26
1761623801.0560508,1,3,25
1761623801.0930507,0,-3,26
1761623801.1310508,3,-1,28
1761623801.1690507,2,-9,31
1761623801.2050507,-4,0,23
1761623801.2430508,1,0,28
1761623801.2810507,2,-9,29
1761623801.3190508,4,1,30
1761623801.3550508,-3,0,24
1761623801.393051,-4,-2,34
1761623801.4310508,-7,-1,30
1761623801.4670508,-3,-4,29
1761623801.5040507,-3,2,33
1761623801.541051,2,0,25
1761623801.5770507,-4,-3,22
1761623801.6140506,0,-2,31
1761623801.6510508,-2,-3,26
1761623801.6900508,-3,-2,30
1761623801.7260506,6,4,28
1761623801.7630508,1,4,26
1761623801.801051,-2,0,30
1761623801.837051,-2,-3,31
1761623801.8740506,3,-9,33
1761623801.9120507,-4,-7,29
1761623801.9510508,-2,-1,35
1761623801.9870508,-1,-5,40
1761623802.0240507,-1,-3,35
1761623802.0620508,-7,1,29
1761623802.1000507,-5,-2,24
1761623802.1360507,-1,5,23
1761623802.1730506,0,2,34
1761623802.2110507,0,-2,32
1761623802.2470508,3,-1,33
1761623802.2840507,-3,-4,34
1761623802.3220508,-1,-3,20
1761623802.3610508,-3,-1,26
1761623802.3970506,-3,5,22
1761623802.4340508,1,-2,35
1761623802.472051,0,-1,32
1761623802.5100508,-3,2,40
1761623802.5460508,-4,2,29
1761623802.5830507,4,0,29
1761623802.6210508,7,2,32
1761623802.6570508,6,-5,37
1761623802.6940508,5,-3,34
1761623802.732051,2,0,30
1761623802.7700508,-9,-1,26
1761623802.8060508,-8,-6,31
1761623802.8440506,-3,-3,38
1761623802.8820508,5,-2,33
1761623802.9210508,1,9,28
1761623802.9570508,6,4,22
1761623802.9940507,9,5,27
1761623803.0320508,-1,4,35
1761623803.0700507,1,-1,34
1761623803.1060507,1,-7,40
1761623803.143051,2,-3,31
1761623803.1810508,-6,1,46
1761623803.2170508,-5,-2,43
1761623803.255051,2,4,33
1761623803.2920508,1,7,32
1761623803.3300507,-8,-1,31
1761623803.3660507,-11,0,37
1761623803.403051,-3,-4,33
1761623803.4420507,0,0,31
1761623803.4800508,-1,1,36
1761623803.5160508,-6,0,42
1761623803.5530508,-6,-2,31
1761623803.5920508,-3,-4,40
1761623803.6280508,0,-4,32
1761623803.6650507,0,-8,22
1761623803.7030506,1,-1,34
1761623803.7410507,2,4,42
1761623803.7770507,0,1,48
1761623803.814051,-1,2,34
1761623803.8520508,0,6,25
1761623803.8880508,0,-2,33
1761623803.9250507,-2,0,37
1761623803.962051,0,3,37
1761623803.9980507,-2,-5,39
1761623804.0350506,2,0,36
1761623804.0720508,-1,-4,26
1761623804.1110508,-1,0,22
1761623804.1470506,4,3,20
1761623804.1840508,0,2,30
1761623804.222051,7,6,37
1761623804.258051,8,0,35
1761623804.2960508,5,-3,25
1761623804.3330507,0,0,35
1761623804.3710508,2,2,28
1761623804.4070508,-2,2,27
1761623804.4440508,0,-1,39
1761623804.482051,-1,0,36
1761623804.5210507,0,-2,51
1761623804.5570507,-1,2,33
1761623804.5940506,-4,-5,28
1761623804.633051,0,-3,20
1761623804.6710508,-3,-8,37
1761623804.7070508,-1,-2,35
1761623804.7440507,-5,-7,24
1761623804.7830508,-6,-2,30
1761623804.8210506,0,-4,22
1761623804.857051,1,-4,25
1761623804.8940508,0,-8,30
1761623804.9320507,-1,1,29
1761623804.9680507,6,6,23
1761623805.005051,-6,0,22
1761623805.0430508,0,-4,34
1761623805.0810506,-1,-2,41
1761623805.1170506,0,0,46
1761623805.1540508,0,-6,52
1761623805.1920507,-1,0,40
1761623805.2280507,-3,-3,43
1761623805.2650506,0,-2,37
1761623805.3030508,-7,1,28
1761623805.3410506,-9,2,32
1761623805.3770506,-8,-3,24
1761623805.4140508,-6,4,23
1761623805.4520507,-2,5,30
1761623805.4880507,0,0,40
1761623805.5250506,0,5,34
1761623805.5630507,1,5,43
1761623805.6010506,-2,7,50
1761623805.6380508,3,0,43
1761623805.676051,-4,0,41
1761623805.7130508,-1,1,30
1761623805.7490506,3,4,34
1761623805.7860508,-1,-1,31
1761623805.824051,4,-1,36
1761623805.8620508,0,1,31
1761623805.8980508,0,-5,30
1761623805.9350507,-1,-4,42
1761623805.9730508,-4,-1,32
1761623806.0120506,-2,-5,25
1761623806.0480506,-6,-7,29
1761623806.0850508,4,-1,35
1761623806.1230507,5,-1,26
1761623806.1590507,-4,4,31
1761623806.1960506,-4,2,20
1761623806.2340508,-7,0,30
1761623806.2730508,-11,2,31
1761623806.3090508,-11,-7,28
1761623806.3460507,-2,0,25
1761623806.3840508,1,3,31
1761623806.4220507,-3,-3,30
1761623806.4580507,2,2,31
1761623806.495051,-2,0,35
1761623806.5330508,-5,-1,32
1761623806.5720508,-2,2,35
1761623806.6080508,-5,-2,29
1761623806.6450508,-2,-5,34
1761623806.6840508,-2,-6,27
1761623806.722051,7,-6,31
1761623806.758051,-1,-10,25
1761623806.7950506,-6,-2,30
1761623806.834051,-2,2,24
1761623806.8720508,-3,3,36
1761623806.9090507,-1,1,41
1761623806.9460506,-3,0,35
1761623806.9840508,4,0,33
1761623807.0220506,-3,-1,32
1761623807.0580506,1,-3,41
1761623807.0950508,-4,2,38
1761623807.133051,1,6,38
1761623807.1690507,3,2,29
1761623807.2060506,-10,-1,24
1761623807.2440507,-6,-3,34
1761623807.2830508,-9,-3,26
1761623807.3190508,-2,-1,30
1761623807.3560507,5,-5,29
1761623807.3940508,0,-6,39
1761623807.4320507,4,0,30
1761623807.4680507,1,0,35
1761623807.5060508,-8,1,31
1761623807.5440507,0,-3,32
1761623807.5820508,-1,-2,26
1761623807.6180508,0,3,31
1761623807.6560507,2,-1,32
1761623807.6940508,-1,1,32
1761623807.732051,1,-7,30
1761623807.768051,0,-5,23
1761623807.8050506,0,-3,35
1761623807.8430507,0,0,25
1761623807.8790507,-2,-2,22
1761623807.916051,-1,-2,26
1761623807.9540508,-11,-4,28
1761623807.9930508,-2,-3,26
1761623808.0290508,2,-1,37
1761623808.0660508,-2,-4,27
1761623808.1040506,7,-3,31
1761623808.143051,-5,3,37
1761623808.1790507,-1,3,34
1761623808.2160506,-6,0,29
1761623808.2540507,-4,6,35
1761623808.2900507,-3,2,23
1761623808.3280506,3,1,35
1761623808.3650508,3,-2,34
1761623808.403051,1,-3,21
1761623808.439051,0,6,30
1761623808.4760506,4,6,28
1761623808.5140507,6,-5,25
1761623808.5500507,2,-2,46
1761623808.5880508,-2,-8,34
1761623808.6340508,-4,0,31
1761623808.6700506,1,-1,40
1761623808.7070508,4,6,33
1761623808.745051,0,-4,31
1761623808.7830508,-2,0,32
1761623808.8190508,4,-4,38
1761623808.8560507,0,0,30
1761623808.8940508,4,0,30
1761623808.9300506,2,0,41
1761623808.9670508,-1,1,28
1761623809.0060508,-3,0,33
1761623809.0440507,4,0,30
1761623809.0800507,2,-4,29
1761623809.1170506,-1,-2,32
1761623809.1550508,-6,2,40
1761623809.1940508,-4,3,35
1761623809.2310507,-6,-3,42
1761623809.268051,-1,4,38
1761623809.3050506,0,0,30
1761623809.3430507,1,0,32
1761623809.3790507,-4,2,32
1761623809.416051,-3,13,31
1761623809.4540508,-2,0,24
1761623809.4900508,0,0,27
1761623809.5270507,-1,1,32
1761623809.5650508,-7,-1,37
1761623809.6030507,3,-2,33
1761623809.6390507,2,2,32
1761623809.6770508,-2,1,33
1761623809.7150507,-1,5,16
1761623809.7530508,0,-1,26
1761623809.7890508,0,-3,18
1761623809.8260508,4,-6,30
1761623809.8650508,4,-5,26
1761623809.903051,0,-13,38
1761623809.939051,-1,-6,31
1761623809.9770508,-4,0,40
1761623810.0150506,-6,5,40
1761623810.0530508,-5,-7,39
1761623810.0890508,-4,-1,26
1761623810.1260507,-4,-1,35
1761623810.1650507,5,-2,26
1761623810.2010508,3,1,26
1761623810.2380507,0,3,25
1761623810.2750506,-5,-5,21
1761623810.314051,4,1,20
1761623810.3500507,0,-2,25
1761623810.3870506,-2,-2,36
1761623810.4250507,-4,0,31
1761623810.4610507,5,-4,30
1761623810.4990506,0,0,26
1761623810.5360508,0,1,36
1761623810.574051,3,-2,40
1761623810.610051,0,-6,26
1761623810.6470506,1,1,32
1761623810.6850507,-5,1,33
1761623810.722051,0,-3,32
1761623810.7590508,-2,0,34
1761623810.7970507,-1,-1,27
1761623810.8350508,1,0,21
1761623810.8710508,-6,-4,24
1761623810.9080508,-4,0,34
1761623810.9450507,-4,2,34
1761623810.9810507,-3,7,27
1761623811.018051,0,0,28
1761623811.0560508,-2,0,32
1761623811.0940506,2,0,29
1761623811.130051,9,0,31
1761623811.1670508,1,0,39
1761623811.2050507,2,1,29
1761623811.2410507,4,4,32
1761623811.278051,4,2,33
1761623811.3160508,2,2,42
1761623811.3540506,-5,5,37
1761623811.3900506,1,2,40
1761623811.4270508,-7,1,41
1761623811.4650507,-1,1,34
1761623811.5010507,-3,2,27
1761623811.5390508,-5,0,22
1761623811.5770507,-1,2,31
1761623811.6150508,6,1,40
1761623811.6510508,6,1,40
1761623811.6880507,-5,2,37
1761623811.7260506,3,0,35
1761623811.7640507,3,-3,38
1761623811.8000507,2,-2,35
1761623811.837051,-5,0,34
1761623811.8750508,0,0,39
1761623811.9110508,0,-3,36
1761623811.949051,0,-7,35
1761623811.9860508,1,0,43
1761623812.0240507,0,2,29
1761623812.0600507,0,-10,31
1761623812.097051,-2,-6,35
1761623812.1360507,-3,1,45
1761623812.1740508,2,5,31
1761623812.2100508,-1,3,30
1761623812.2470508,-1,0,34
1761623812.2850506,-1,-3,23
1761623812.3210506,-6,-7,23
1761623812.3590508,3,-13,41
1761623812.3970506,0,-8,29
1761623812.4350507,0,-7,28
1761623812.4710507,3,0,26
1761623812.508051,-1,-4,23
1761623812.5460508,-1,-3,27
1761623812.5850508,0,-8,31
1761623812.6210508,1,-3,21
1761623812.6580508,4,-11,29
1761623812.6960506,4,-4,35
1761623812.732051,0,-5,42
1761623812.7690508,-1,-5,51
1761623812.8070507,5,-1,36
1761623812.8450508,-2,0,27
1761623812.8810508,-7,-7,38
1761623812.9180508,-3,0,35
1761623812.9560506,1,0,32
1761623812.9920506,4,2,29
1761623813.0290508,4,-2,29
1761623813.0660508,-2,-1,37
1761623813.1050508,-4,-2,29
1761623813.1410508,8,-7,34
1761623813.1780508,4,-6,35
1761623813.2160506,-6,-6,36
1761623813.2520506,-11,-3,39
1761623813.2890508,-1,-3,29
1761623813.3270507,3,-6,28
1761623813.3650508,-6,2,34
1761623813.4010508,-1,-1,33
1761623813.4380507,-1,-2,33
1761623813.4770508,-3,-3,35
1761623813.5150506,5,-8,35
1761623813.551051,1,-1,29
1761623813.5880508,0,1,33
1761623813.6260507,0,3,43
1761623813.6620507,2,-1,30
1761623813.699051,4,3,31
1761623813.7370508,0,3,36
1761623813.7750506,3,-2,23
1761623813.811051,7,-1,26
1761623813.8480508,-2,-1,30
1761623813.8870506,-3,0,23
1761623813.9250507,0,-6,21
1761623813.9610507,-2,-2,29
1761623813.9980507,-5,-1,40
1761623814.0370507,1,-3,28
1761623814.0750508,1,-4,26
1761623814.1110508,0,0,33
1761623814.1480508,-7,-2,39
1761623814.1870508,7,0,26
1761623814.2250507,0,-3,35
1761623814.2610507,-2,2,23
1761623814.2980506,9,-2,38
1761623814.3360507,2,-7,32
1761623814.3720508,-1,3,41
1761623814.4100506,6,2,35
1761623814.4470508,9,2,32
1761623814.4830508,2,-4,36
1761623814.5210507,0,-4,28
1761623814.5580506,-4,-11,17
1761623814.597051,-2,-8,24
1761623814.633051,-5,-7,30
1761623814.6710508,2,0,33
1761623814.7080507,10,1,32
1761623814.7460508,7,9,29
1761623814.7820508,11,-1,33
1761623814.8190508,0,0,28
1761623814.857051,3,0,32
1761623814.893051,8,-4,33
1761623814.9300506,1,2,34
1761623814.9670508,-2,2,31
1761623815.0060508,-3,-3,30
1761623815.0420508,1,-5,31
1761623815.0800507,2,-2,25
1761623815.1170506,-2,-1,34
1761623815.1560507,-5,-2,26
1761623815.1920507,1,3,28
1761623815.2290506,-5,-4,33
1761623815.2670507,-6,-3,44
1761623815.3060508,-3,2,43
1761623815.3420508,-5,-2,45
1761623815.3810508,-3,2,36
1761623815.4190507,3,0,29
1761623815.4570508,3,-3,38
1761623815.4930508,0,0,30
1761623815.5310507,-5,-2,34
1761623815.5690508,-2,-4,32
1761623815.6080508,5,-2,40
1761623815.6460507,0,0,26
1761623815.6820507,0,-1,28
1761623815.7190506,0,2,23
1761623815.7570508,4,-2,42
1761623815.7930508,-3,-1,33
1761623815.8310506,-5,-6,30
1761623815.8690507,-3,-9,29
1761623815.9080508,-2,-7,33
1761623815.9460506,-7,-4,31
1761623815.982051,0,-3,30
1761623816.0200508,4,2,40
1761623816.0580506,-3,-5,41
1761623816.0960507,0,-6,27
1761623816.1320508,-3,4,22
1761623816.1690507,-1,2,26
1761623816.2070508,1,3,38
1761623816.2430508,-2,0,32
1761623816.2810507,1,0,36
1761623816.3180506,2,-3,28
1761623816.3560507,-3,0,30
1761623816.3920507,0,4,35
1761623816.4290507,-3,-3,36
1761623816.4680507,0,0,34
1761623816.5060508,0,-3,26
1761623816.5420508,3,-7,25
1761623816.5790508,1,-2,31
1761623816.6180508,4,-1,32
1761623816.6540508,-3,-1,28
1761623816.6910508,0,-9,30
1761623816.7290506,0,-5,28
1761623816.7670507,0,-6,16
1761623816.8030508,4,-4,28
1761623816.8400507,0,1,29
1761623816.8780508,-2,-4,38
1761623816.9140508,-7,-3,17
1761623816.9510508,-3,0,33
1761623816.9890506,-2,-5,28
1761623817.028051,4,-5,34
1761623817.064051,11,-10,24
1761623817.1010506,-2,-9,33
1761623817.1390507,0,-1,26
1761623817.1770508,-1,6,33
1761623817.2130508,-2,0,37
1761623817.2510507,-5,0,35
1761623817.288051,-1,-2,27
1761623817.3270507,-8,-7,32
1761623817.3630507,2,0,29
1761623817.4010508,-4,-3,31
1761623817.4380507,-1,-2,23
1761623817.4770508,0,-7,21
1761623817.5130508,2,-3,28
1761623817.5500507,2,0,24
1761623817.5880508,-4,-7,28
1761623817.6240506,-2,-14,37
1761623817.6620507,-4,-5,28
1761623817.7000508,-3,-6,30
1761623817.7390506,-6,0,32
1761623817.7770507,-10,-1,35
1761623817.8130507,0,-5,37
1761623817.8510506,-3,0,33
1761623817.8890507,0,1,20
1761623817.9270508,-6,1,21
1761623817.9630508,-5,1,28
1761623818.0010507,3,1,31
1761623818.0390508,3,-4,31
1761623818.0770507,0,-4,30
1761623818.1130507,0,-2,38
1761623818.1510508,-4,2,32
1761623818.189051,0,-4,30
1761623818.2270508,-5,1,33
1761623818.2630508,-4,3,31
1761623818.3000507,3,1,22
1761623818.3380508,0,-3,26
1761623818.3740506,0,-7,27
1761623818.4110508,0,-1,31
1761623818.449051,0,-6,30
1761623818.4870508,0,-5,23
1761623818.5230508,-1,2,33
1761623818.561051,3,7,23
1761623818.5990508,-5,-1,19
1761623818.6420507,2,0,24
1761623818.6790507,-4,0,29
1761623818.7180507,1,3,25
1761623818.7540507,-1,1,20
1761623818.791051,3,-1,27
1761623818.8290508,0,0,37
1761623818.8650508,-1,-3,30
1761623818.9020507,0,0,31
1761623818.939051,-8,-4,26
1761623818.9780507,0,-2,22
1761623819.0140507,-3,3,33
1761623819.0520508,0,8,38
1761623819.0890508,1,-1,31
1761623819.1250508,-1,-4,32
1761623819.1620507,6,-3,38
1761623819.2000508,5,1,35
1761623819.2380507,-1,-2,36
1761623819.2740507,-1,0,42
1761623819.311051,-1,-2,36
1761623819.3500507,1,0,31
1761623819.3880508,3,-5,30
1761623819.4240508,0,-1,31
1761623819.4610507,-1,-2,29
1761623819.5000508,0,-8,30
1761623819.538051,-1,-1,28
1761623819.574051,-5,-2,35
1761623819.6120508,2,0,28
1761623819.6500506,3,-3,28
1761623819.6880507,1,-2,27
1761623819.7240508,3,0,29
1761623819.7620506,-3,1,32
1761623819.8000507,-2,-2,31
1761623819.8380508,5,-6,38
1761623819.8740506,-3,-3,24
1761623819.9120507,3,1,34
1761623819.9500508,2,4,32
1761623819.9880507,1,6,35
1761623820.0240507,2,6,25
1761623820.061051,1,-1,27
1761623820.1000507,-1,-1,30
1761623820.1380508,-5,0,36
1761623820.1740508,-4,1,43
1761623820.212051,-1,-8,24
1761623820.2500508,5,0,28
1761623820.288051,1,-1,35
1761623820.3250508,0,-1,35
1761623820.3620508,1,-3,19
1761623820.4000506,0,-2,29
1761623820.4380507,0,0,31
1761623820.4740508,4,4,43
1761623820.5110507,3,4,34
1761623820.5500507,-3,-4,34
1761623820.5880508,0,-4,27
1761623820.6240506,3,-5,36
1761623820.6610508,0,0,31
1761623820.699051,-5,1,30
1761623820.735051,-3,0,30
1761623820.7730508,0,-7,30
1761623820.8100507,-1,3,31
1761623820.8480508,-9,-2,22
1761623820.8840508,-6,0,23
1761623820.9210508,4,-4,34
1761623820.959051,2,-3,38
1761623820.995051,2,-2,39
1761623821.0320508,-1,-5,28
1761623821.0700507,-1,0,38
1761623821.1060507,0,-4,37
1761623821.143051,2,-4,42
1761623821.1810508,0,-5,43
1761623821.2190506,-5,5,37
1761623821.255051,1,0,38
1761623821.2930508,4,0,27
1761623821.3300507,10,0,33
1761623821.3660507,5,-2,37
1761623821.403051,-2,2,36
1761623821.4410508,2,-5,31
1761623821.4790506,-2,-11,35
1761623821.5150506,-1,-9,38
1761623821.5520508,-1,-16,25
1761623821.5910506,0,-4,25
1761623821.6290507,0,0,23
1761623821.6650507,5,-10,36
1761623821.7020507,0,0,27
1761623821.7400508,11,-5,21
1761623821.7760508,8,0,31
1761623821.8130507,-1,-7,32
1761623821.8510506,-9,0,42
1761623821.8900506,-4,5,40
1761623821.926051,-5,3,34
1761623821.9630508,-5,6,32
1761623822.0010507,0,-3,40
1761623822.0400507,-1,-6,40
1761623822.0760508,-4,-4,41
1761623822.1130507,-8,0,26
1761623822.1510508,5,0,23
1761623822.189051,7,-4,35
1761623822.2250507,-8,-1,36
1761623822.2620506,0,3,36
1761623822.3000507,5,4,38
1761623822.3360507,0,6,37
1761623822.3730507,-1,-1,44
1761623822.4110508,0,3,33
1761623822.449051,0,0,24
1761623822.485051,0,-3,23
1761623822.5220506,5,-4,26
1761623822.5600507,4,0,37
1761623822.5960507,3,-1,37
1761623822.633051,-1,3,34
1761623822.6710508,-7,-6,31
1761623822.7100508,0,-6,26
1761623822.7460508,4,-3,31
1761623822.7830508,0,-2,27
1761623822.8210506,-10,-5,34
1761623822.8590508,-2,-3,43
1761623822.8950508,2,-1,36
1761623822.9320507,0,-3,29
1761623822.9700508,-6,-2,34
1761623823.0060508,0,1,24
1761623823.0430508,-15,-4,32
1761623823.0810506,-4,-4,40
1761623823.120051,-1,0,37
1761623823.1560507,1,3,23
1761623823.1930506,0,-6,23
1761623823.2310507,3,-6,44
1761623823.2670507,3,-8,42
1761623823.3040507,1,1,30
1761623823.3420508,3,-2,34
1761623823.380051,3,2,31
1761623823.416051,1,-2,35
1761623823.4550507,-4,-2,33
1761623823.4920506,-1,1,26
1761623823.5300508,-5,4,25
1761623823.5660508,-4,7,31
1761623823.6030507,-5,2,24
1761623823.6410508,0,0,24
1761623823.6770508,-3,0,33
1761623823.7140508,2,-8,22
1761623823.7510507,-1,-5,24
1761623823.7900507,-2,-2,29
1761623823.8260508,0,-4,31
1761623823.8630507,1,-1,28
1761623823.9010508,0,-3,34
1761623823.9370508,-1,-6,34
1761623823.9750507,0,0,33
1761623824.0120506,4,-3,36
1761623824.0500507,-3,0,38
1761623824.0860507,-5,3,30
1761623824.1230507,3,-3,31
1761623824.1610508,0,3,37
1761623824.1970508,5,2,41
1761623824.2340508,-4,3,34
1761623824.2720506,-4,0,29
1761623824.3100507,0,-2,18
1761623824.3460507,-5,-3,29
1761623824.3840508,1,-3,22
1761623824.4220507,0,0,22
1761623824.4600508,-2,-6,31
1761623824.4970508,-6,-12,35
1761623824.5340507,2,-4,23
1761623824.5720508,4,-4,23
1761623824.610051,-1,-8,31
1761623824.6460507,2,-5,21
1761623824.6840508,9,-4,31
1761623824.722051,7,-4,35
1761623824.7600508,7,-5,31
1761623824.7960508,1,-3,24
1761623824.8330507,4,-2,22
1761623824.8720508,5,-3,39
1761623824.9100506,0,0,25
1761623824.9460506,4,0,26
1761623824.9840508,5,0,38
1761623825.0220506,-5,-3,33
1761623825.0600507,5,1,37
1761623825.0960507,4,-2,32
1761623825.133051,2,-5,31
1761623825.1720507,-4,-2,30
1761623825.2080507,-4,-5,38
1761623825.245051,-1,-7,39
1761623825.2830508,-3,1,39
1761623825.3210506,5,2,31
1761623825.357051,-4,5,40
1761623825.3940508,-6,1,32
1761623825.4320507,0,2,33
1761623825.4680507,0,2,34
1761623825.505051,-6,-4,28
1761623825.5430508,0,-7,36
1761623825.5820508,0,-2,32
1761623825.6180508,-3,0,26
1761623825.6550508,4,6,35
1761623825.6930506,1,-4,32
1761623825.7310507,4,-8,35
1761623825.7670507,-2,-6,33
1761623825.8050506,3,-2,40
1761623825.8420508,4,-5,46
1761623825.8780508,-3,-8,33
1761623825.9150507,-1,-8,28
1761623825.9530506,2,7,28
1761623825.9910507,0,-1,33
1761623826.0270507,-4,-8,31
1761623826.0650508,0,2,19
1761623826.1020508,6,0,28
1761623826.1410508,-3,-1,38
1761623826.1770508,1,1,37
1761623826.2150507,1,0,20
1761623826.2530508,2,0,26
1761623826.291051,0,0,28
1761623826.3270507,1,-7,28
1761623826.3640506,5,-9,19
1761623826.4020507,9,-3,43
1761623826.4380507,2,-5,29
1761623826.4750507,5,-10,44
1761623826.5130508,1,-4,36
1761623826.551051,0,-4,28
1761623826.587051,0,-9,31
1761623826.6250508,0,0,34
1761623826.663051,3,8,38
1761623826.7010508,1,0,27
1761623826.7380507,1,8,31
1761623826.7750506,1,5,32
1761623826.8130507,1,3,31
1761623826.8510506,5,-1,34
1761623826.8870506,0,-2,40
1761623826.9250507,3,-9,25
1761623826.9630508,1,-5,26
1761623827.0010507,-10,0,39
1761623827.0370507,0,-4,36
1761623827.074051,3,5,38
1761623827.1120508,2,0,36
1761623827.1480508,-1,3,31
1761623827.186051,-4,0,38
1761623827.2240508,5,-5,27
1761623827.2630508,-1,-5,33
1761623827.301051,-7,0,34
1761623827.337051,-5,1,38
1761623827.3740506,-8,1,27
1761623827.413051,0,0,31
1761623827.449051,0,-2,33
1761623827.4860508,1,-3,33
1761623827.5230508,-2,0,36
1761623827.5590508,0,0,32
1761623827.5960507,0,-7,42
1761623827.633051,3,-8,31
1761623827.6720507,-10,-1,26
1761623827.7080507,-6,-2,20
1761623827.745051,-1,-9,30
1761623827.7830508,-1,-1,26
1761623827.8220508,2,-3,32
1761623827.8580508,1,1,38
1761623827.8950508,0,-1,30
1761623827.9330506,6,-6,34
1761623827.9690506,3,-6,33
1761623828.0060508,0,4,33
1761623828.0430508,0,0,29
1761623828.0790508,-4,-2,29
1761623828.1170506,0,2,37
1761623828.1540508,6,-5,34
1761623828.1930506,2,1,31
1761623828.2290506,-4,2,32
1761623828.2660508,0,2,29
1761623828.3040507,8,-3,31
1761623828.3420508,7,-2,34
1761623828.3780508,4,-6,29
1761623828.4150507,-2,0,14
1761623828.4540508,3,0,29
1761623828.4920506,6,-4,41
1761623828.528051,1,-5,42
1761623828.5650508,1,-1,33
1761623828.6030507,0,-2,35
1761623828.6470506,0,2,24
1761623828.6850507,0,0,28
1761623828.7230508,1,0,29
1761623828.7590508,2,2,37
1761623828.7960508,-4,2,33
1761623828.834051,0,1,38
1761623828.8730507,-3,-2,30
1761623828.9090507,-7,-2,31
1761623828.9460506,-3,1,38
1761623828.9840508,5,1,29
1761623829.0220506,3,-4,33
1761623829.0580506,0,-3,43
1761623829.0950508,1,-1,30
1761623829.1340508,-2,-1,23
1761623829.1720507,1,-2,35
1761623829.2080507,2,-7,37
1761623829.245051,4,-2,32
1761623829.2830508,6,-6,35
1761623829.3190508,3,-9,27
1761623829.3560507,0,-4,29
1761623829.3940508,0,-1,39
1761623829.4330506,1,0,42
1761623829.4690506,0,2,40
1761623829.5060508,-5,-1,32
1761623829.5440507,-5,-9,25
1761623829.5830507,-4,0,21
1761623829.6190507,5,-2,25
1761623829.6560507,1,0,35
1761623829.6940508,0,-3,28
1761623829.7300508,-1,-5,33
1761623829.7670507,-3,-3,28
1761623829.8060508,-6,-6,33
1761623829.8440506,-6,-1,39
1761623829.880051,-9,-8,41
1761623829.9170508,-2,-4,33
1761623829.9550507,-2,-4,42
1761623829.9940507,1,-4,42
1761623830.0300508,2,-7,35
1761623830.0670507,0,-1,40
1761623830.1040506,-4,1,32
1761623830.1400506,4,-1,41
1761623830.1770508,6,1,36
1761623830.2140508,4,4,31
1761623830.2500508,4,2,30
1761623830.2870507,3,3,39
1761623830.324051,1,-3,36
1761623830.3630507,0,0,36
1761623830.3990507,-3,-6,37
1761623830.436051,-1,0,36
1761623830.4740508,-1,5,27
1761623830.5100508,-2,1,24
1761623830.5470507,1,0,26
1761623830.5850508,4,2,33
1761623830.6230507,4,3,28
1761623830.6590507,0,0,32
1761623830.6960506,-8,-2,33
1761623830.735051,0,-3,27
1761623830.7730508,3,-2,32
1761623830.8090508,-2,3,25
1761623830.847051,0,-4,29
1761623830.8850508,-2,1,26
1761623830.9230506,-2,5,34
1761623830.959051,-1,3,33
1761623830.9970508,-1,-6,25
1761623831.0350506,-1,1,32
1761623831.0730507,3,-9,30
1761623831.1090508,5,-3,30
1761623831.1460507,-1,2,31
1761623831.1840508,-5,0,26
1761623831.2200508,-1,0,29
1761623831.258051,-2,-1,24
1761623831.2960508,-1,-2,15
1761623831.3350508,5,-6,30
1761623831.3730507,-7,-1,31
1761623831.4090507,0,1,32
1761623831.4460506,5,-4,28
1761623831.4840508,-4,0,44
1761623831.5200508,-1,0,50
1761623831.5580506,0,-3,55
1761623831.5960507,-3,0,34
1761623831.6340508,-3,-6,29
1761623831.6700506,-2,-2,33
1761623831.7070508,-1,1,18
1761623831.745051,-2,-8,20
1761623831.7810507,-4,-6,22
1761623831.8180506,0,-3,34
1761623831.8560507,0,-3,39
1761623831.8940508,0,2,27
1761623831.9300506,0,-6,25
1761623831.9670508,1,-6,32
1761623832.005051,-5,-2,35
1761623832.0440507,-7,2,26
1761623832.0800507,-3,-3,39
1761623832.1170506,-5,0,29
1761623832.1550508,-3,1,27
1761623832.1910508,5,0,33
1761623832.2280507,-1,1,27
1761623832.2660508,0,-8,36
1761623832.3040507,5,-4,37
1761623832.3400507,-1,-11,31
1761623832.3780508,0,-6,29
1761623832.416051,-1,-9,33
1761623832.4550507,-1,-6,27
1761623832.4910507,-4,-3,40
1761623832.5290508,-7,2,26
1761623832.5670507,-8,-1,34
1761623832.6050508,-7,-6,29
1761623832.6420507,-11,-8,33
1761623832.6790507,-7,-5,38
1761623832.7170508,-1,-1,40
1761623832.7560508,-4,-3,42
1761623832.7940507,8,-6,37
1761623832.8300507,0,0,22
1761623832.8670506,-4,0,26
1761623832.9060507,-1,4,19
1761623832.9440508,3,2,41
1761623832.9800508,2,0,36
1761623833.0170507,-1,5,34
1761623833.0560508,6,0,26
1761623833.0940506,-4,-1,33
1761623833.130051,2,-5,34
1761623833.1670508,1,0,40
1761623833.2050507,2,-9,36
1761623833.2410507,-1,-1,41
1761623833.2790508,0,-6,35
1761623833.3160508,-3,-1,32
1761623833.3550508,-5,0,27
1761623833.3910508,-8,-1,23
1761623833.4290507,-2,0,31
1761623833.4660506,-2,4,29
1761623833.5040507,-1,1,22
1761623833.5400507,1,0,29
1761623833.5780506,3,0,25
1761623833.6160507,1,0,28
1761623833.6540508,2,5,31
1761623833.6900508,9,0,21
1761623833.7270508,1,-4,19
1761623833.7650506,-3,-3,20
1761623833.801051,-7,1,23
1761623833.8380508,-3,0,26
1761623833.8760507,3,-6,36
1761623833.9120507,2,-3,36
1761623833.949051,1,8,40
1761623833.9860508,7,7,42
1761623834.0220506,5,4,40
1761623834.0590508,3,-2,33
1761623834.0960507,4,-9,32
1761623834.1320508,-4,-9,22
1761623834.1700506,1,-5,21
1761623834.2070508,-6,-7,30
1761623834.2460508,-9,-3,48
1761623834.2820508,-5,1,34
1761623834.3190508,3,1,32
1761623834.3560507,-4,8,32
1761623834.3950508,-6,0,20
1761623834.4310508,-2,-3,21
1761623834.4680507,-1,-8,38
1761623834.5070508,1,-5,46
1761623834.5450506,9,-2,44
1761623834.5810506,0,-1,34
1761623834.6180508,-1,-1,38
1761623834.6570508,-1,-5,43
1761623834.6950507,3,-5,33
1761623834.7310507,3,0,23
1761623834.7690508,5,-4,28
1761623834.8070507,5,-1,29
1761623834.8450508,4,-3,33
1761623834.8820508,4,-3,29
1761623834.9190507,3,-4,41
1761623834.9570508,1,-3,24
1761623834.995051,1,-3,34
1761623835.0310507,1,-2,36
1761623835.0690508,0,0,24
1761623835.107051,0,1,23
1761623835.1450508,4,5,35
1761623835.1810508,0,0,32
1761623835.2180507,4,0,31
1761623835.2570508,6,-3,26
1761623835.2950506,2,-3,36
1761623835.3310506,-3,-2,41
1761623835.3690507,0,-4,39
1761623835.4070508,0,0,38
1761623835.4450507,-1,-1,33
1761623835.482051,-1,-3,32
1761623835.5190508,0,3,25
1761623835.5570507,-4,0,24
1761623835.5950508,3,-1,34
1761623835.6310508,1,0,38
1761623835.6690507,0,-3,36
1761623835.7070508,7,-5,17
1761623835.745051,2,3,17
1761623835.7810507,0,1,26
1761623835.8180506,-1,8,32
1761623835.857051,1,2,36
1761623835.8950508,-2,-3,24
1761623835.9310508,-6,-3,22
1761623835.9680507,6,-1,28
1761623836.0060508,7,-4,44
1761623836.0420508,-8,-6,36
1761623836.0800507,-11,-6,33
1761623836.1180508,-6,0,41
1761623836.1560507,-6,3,40
1761623836.1920507,-6,-1,28
1761623836.2290506,-1,-4,31
1761623836.268051,0,-6,42
1761623836.3060508,0,-7,29
1761623836.3420508,2,-2,35
1761623836.3790507,-2,4,39
1761623836.4170508,6,4,38
1761623836.4530506,0,3,43
1761623836.4910507,4,4,44
1761623836.528051,1,-1,51
1761623836.5660508,11,1,50
1761623836.6020508,-2,0,36
1761623836.6400506,-7,4,35
1761623836.6770508,3,1,15
1761623836.7130508,-4,-2,25
1761623836.7510507,1,-2,31
1761623836.788051,1,-5,30
1761623836.8260508,1,2,30
1761623836.8620508,2,-2,15
1761623836.8990507,3,-7,10
1761623836.9370508,0,3,30
1761623836.9730508,-1,-3,33
1761623837.0110507,1,-4,30
1761623837.0490508,3,-8,27
1761623837.087051,1,-5,37
1761623837.1230507,-3,2,38
1761623837.1610508,-4,-1,30
1761623837.199051,2,-4,37
1761623837.2370508,-4,0,26
1761623837.2730508,0,2,35
1761623837.3100507,2,4,30
1761623837.3480508,-3,4,32
1761623837.3860507,1,0,33
1761623837.4220507,1,-2,30
1761623837.459051,-1,3,40
1761623837.4970508,0,0,30
1761623837.5330508,7,0,34
1761623837.5710506,5,-7,47
1761623837.6080508,6,6,38
1761623837.6460507,5,2,42
1761623837.6820507,-4,3,41
1761623837.7200508,-1,0,29
1761623837.758051,3,-6,28
1761623837.7960508,7,-4,43
1761623837.8320508,3,-6,43
1761623837.8710508,-1,2,33
1761623837.9080508,-6,6,49
1761623837.9460506,-2,0,35
1761623837.982051,0,0,29
1761623838.0190508,-5,-7,39
1761623838.0580506,5,-4,36
1761623838.0960507,1,-1,29
1761623838.1320508,-4,0,24
1761623838.1690507,1,-5,42
1761623838.2080507,-8,-1,31
1761623838.2440507,-5,-8,38
1761623838.2820508,2,-4,31
1761623838.3190508,1,-2,38
1761623838.357051,-2,-3,31
1761623838.393051,-2,-2,31
1761623838.4300506,2,-6,35
1761623838.4680507,1,-6,30
1761623838.5040507,-5,1,21
1761623838.541051,1,-2,27
1761623838.5780506,0,-7,30
1761623838.6140506,0,-3,21
1761623838.6600506,2,-3,12
1761623838.6980507,0,-1,20
1761623838.7340508,-3,-5,38
1761623838.7710507,1,-7,42
1761623838.8080506,-1,0,27
1761623838.8440506,-2,-3,30
1761623838.8820508,1,-4,32
1761623838.9200506,-1,0,47
1761623838.9580507,-1,-3,36
1761623838.9940507,-1,0,32
1761623839.0310507,-2,-1,31
1761623839.0690508,2,0,32
1761623839.107051,0,3,29
1761623839.143051,1,1,24
1761623839.1800506,4,2,26
1761623839.2180507,0,2,19
1761623839.2540507,4,1,28
1761623839.291051,-9,-2,35
1761623839.3290508,4,-3,36
1761623839.3670506,-4,6,33
1761623839.403051,-3,7,34
1761623839.4400508,-2,1,27
1761623839.4780507,-5,-2,37
1761623839.5140507,3,-1,30
1761623839.5530508,-1,-10,36
1761623839.5900507,-2,-5,37
1761623839.6290507,0,-10,27
1761623839.6670508,-4,-9,28
1761623839.7030506,-7,-4,33
1761623839.7410507,-3,2,33
1761623839.7790508,-3,0,23
1761623839.8170507,-8,0,33
1761623839.8530507,-2,-2,31
1761623839.8900506,2,0,28
1761623839.9280508,-1,-3,34
1761623839.9640508,0,-1,20
1761623840.0020506,-9,-2,21
1761623840.0400507,-11,4,30
1761623840.0780506,1,-8,31
1761623840.1140506,-1,-4,31
1761623840.1520507,2,4,37
1761623840.1900508,-1,-1,31
1761623840.2280507,-4,-3,30
1761623840.2640507,4,-7,37
1761623840.301051,1,2,31
1761623840.3390508,4,1,29
1761623840.3750508,4,-3,38
1761623840.4120507,2,-6,32
1761623840.4500508,-3,-10,34
1761623840.4890506,-4,-2,27
1761623840.5250506,-4,-1,33
1761623840.5620508,-1,-5,30
1761623840.6000507,-4,-5,29
1761623840.6390507,0,-2,25
1761623840.6750507,-6,2,29
1761623840.712051,-3,-1,36
1761623840.7500508,-4,-2,40
1761623840.7890508,-9,1,60
1761623840.8250508,-4,-3,55
1761623840.8620508,-6,-6,46
1761623840.9000506,-3,-4,28
1761623840.939051,0,-3,33
1761623840.9750507,-2,-1,30
1761623841.0120506,6,-3,29
1761623841.0500507,3,-6,13
1761623841.0890508,3,0,13
1761623841.1250508,2,3,19
1761623841.1620507,4,-1,21
1761623841.199051,0,-1,22
1761623841.235051,1,2,22
1761623841.2720506,-5,3,33
1761623841.3100507,0,0,28
1761623841.3480508,1,0,28
1761623841.3840508,1,-6,19
1761623841.4210508,0,-3,24
1761623841.459051,8,-7,26
1761623841.495051,1,-5,27
1761623841.5320508,-7,-4,28
1761623841.5700507,-1,-1,32
1761623841.6090508,-2,-5,22
1761623841.6450508,-5,-5,27
1761623841.6820507,-6,0,34
1761623841.7200508,0,0,37
1761623841.758051,-1,-1,43
1761623841.7940507,4,0,40
1761623841.8310506,0,-2,42
1761623841.870051,-3,-4,46
1761623841.9080508,1,-6,37
1761623841.9440508,-3,0,44
1761623841.9810507,-9,-3,41
1761623842.0200508,-1,0,21
1761623842.0580506,-5,2,41
1761623842.0940506,0,-1,29
1761623842.1310508,-9,1,25
1761623842.1690507,-1,-7,27
1761623842.2050507,-5,-3,27
1761623842.2420506,-7,0,40
1761623842.2800508,-1,-4,41
1761623842.3180506,2,-6,27
1761623842.3540506,0,-5,25
1761623842.3910508,-2,-5,22
1761623842.4300506,-5,-1,31
1761623842.4680507,2,-5,25
1761623842.5040507,3,0,17
1761623842.541051,-1,-2,31
1761623842.5800507,-5,-4,29
1761623842.6160507,-2,0,23
1761623842.6540508,-4,-1,28
1761623842.6920507,0,-8,27
1761623842.7300508,-3,-3,45
1761623842.7660508,-2,-1,40
1761623842.8030508,-2,-4,37
1761623842.8410506,-2,-4,39
1761623842.880051,0,-3,42
1761623842.916051,1,0,40
1761623842.9530506,3,1,37
1761623842.9900508,0,0,32
1761623843.0260508,-1,-11,28
1761623843.064051,-1,-9,30
1761623843.1020508,2,-2,43
1761623843.1400506,0,-3,23
1761623843.176051,5,-2,28
1761623843.2140508,3,2,19
1761623843.2510507,-2,3,28
1761623843.2890508,-8,4,36
1761623843.3250508,-5,6,27
1761623843.3620508,0,2,42
1761623843.4000506,6,0,36
1761623843.436051,-1,4,38
1761623843.4740508,0,0,37
1761623843.5120506,-6,3,27
1761623843.5500507,-5,3,34
1761623843.5860507,-9,4,26
1761623843.6230507,-2,-3,30
1761623843.6610508,-6,-3,40
1761623843.7000508,0,3,40
1761623843.7360508,-3,0,21
1761623843.7730508,1,-2,26
1761623843.811051,-5,-2,34
1761623843.8500507,0,3,22
1761623843.8860507,-1,-3,22
1761623843.9240508,2,0,22
1761623843.962051,-2,0,31
1761623844.0010507,-3,0,38
1761623844.0390508,-3,0,27
1761623844.0750508,5,0,38
1761623844.1120508,2,-1,29
1761623844.1500506,-3,3,29
1761623844.1870508,2,2,22
1761623844.2250507,-3,-2,21
1761623844.2620506,-5,0,27
1761623844.3000507,-8,2,28
1761623844.3360507,-6,1,32
1761623844.3730507,-3,-8,37
1761623844.4110508,1,-8,33
1761623844.4500508,-1,-4,33
1761623844.4860508,-2,-1,38
1761623844.5240507,-6,3,29
1761623844.5630507,-2,4,39
1761623844.6010506,-5,0,26
1761623844.6390507,1,-2,22
1761623844.6750507,0,-3,27
1761623844.7130508,7,-3,23
1761623844.7510507,3,0,34
1761623844.7870507,7,-3,35
1761623844.824051,4,-3,31
1761623844.8610508,8,-5,26
1761623844.8970506,1,-11,30
1761623844.9350507,4,-9,36
1761623844.972051,0,2,36
1761623845.0100508,4,3,36
1761623845.0460508,-2,4,33
1761623845.0830507,-2,2,22
1761623845.1210508,-5,-2,29
1761623845.1600506,-5,-6,32
1761623845.1960506,-2,-1,22
1761623845.2330508,-1,0,16
1761623845.2710507,-4,-1,21
1761623845.3100507,-3,0,29
1761623845.3460507,-5,-9,29
1761623845.383051,-5,-10,33
1761623845.4210508,-1,-7,25
1761623845.4600508,0,0,34
1761623845.4960508,0,-1,32
1761623845.5330508,-3,5,29
1761623845.5720508,-1,0,38
1761623845.610051,0,-3,30
1761623845.6460507,-3,3,36
1761623845.6830506,1,-3,40
1761623845.7210507,-1,3,39
1761623845.7570508,-3,2,40
1761623845.7940507,-1,-1,27
1761623845.8320508,-5,4,21
1761623845.8710508,0,4,36
1761623845.9070508,-3,1,46
1761623845.9440508,-1,-1,40
1761623845.9830508,5,0,36
1761623846.0210507,0,-2,32
1761623846.0570507,-3,-1,38
1761623846.0950508,3,5,31
1761623846.133051,-2,-3,28
1761623846.1710508,1,-3,33
1761623846.2070508,3,0,29
1761623846.2440507,2,4,29
1761623846.2820508,1,-4,40
1761623846.3200507,0,0,36
1761623846.3560507,0,-4,45
1761623846.393051,1,2,32
1761623846.4310508,1,-3,32
1761623846.4670508,-1,-2,37
1761623846.5040507,-7,1,30
1761623846.5420508,2,-9,30
1761623846.5800507,-4,-4,27
1761623846.6160507,-1,0,27
1761623846.653051,-4,-2,32
1761623846.6920507,-3,-5,34
1761623846.7300508,4,-3,32
1761623846.7660508,0,-8,38
1761623846.8030508,-8,-4,34
1761623846.8420508,2,0,27
1761623846.8780508,-3,2,38
1761623846.9150507,-7,4,36
1761623846.9520507,-6,1,34
1761623846.9880507,0,0,29
1761623847.0250506,0,-6,35
1761623847.0620508,0,-9,29
1761623847.0980508,1,-2,29
1761623847.1350508,-6,-9,44
1761623847.1730506,-3,-6,33
1761623847.212051,-2,-4,34
1761623847.2480507,0,0,29
1761623847.2850506,-2,-8,19
1761623847.3230507,3,-15,25
1761623847.3620508,1,1,24
1761623847.3980508,5,-5,25
1761623847.4350507,0,-4,33
1761623847.4740508,1,-2,29
1761623847.5120506,4,-2,20
1761623847.5480506,1,-2,21
1761623847.5850508,-4,-3,25
1761623847.6240506,0,0,28
1761623847.6620507,-2,-5,32
1761623847.6980507,0,0,23
1761623847.735051,-1,10,30
1761623847.7730508,0,6,19
1761623847.811051,-1,0,40
1761623847.847051,2,0,29
1761623847.8840508,2,-2,29
1761623847.9230506,5,-6,44
1761623847.9610507,10,-1,39
1761623847.9970508,2,-1,27
1761623848.0340507,-2,-6,18
1761623848.0730507,-1,-4,24
1761623848.1110508,4,0,19
1761623848.1470506,-1,-6,19
1761623848.1850507,0,-2,25
1761623848.2230508,0,-6,30
1761623848.2620506,0,-5,30
1761623848.2980506,0,1,31
1761623848.3350508,6,-2,31
1761623848.3730507,-5,-2,24
1761623848.4110508,0,3,26
1761623848.4470508,3,0,33
1761623848.4840508,-2,-1,31
1761623848.5230508,-3,-16,32
1761623848.561051,-6,-3,30
1761623848.597051,-1,1,21
1761623848.6340508,0,0,34
1761623848.6780508,3,-3,22
1761623848.7160506,6,-3,38
1761623848.7530508,5,-5,30
1761623848.791051,2,0,31
1761623848.8270507,6,0,36
1761623848.8640506,2,-5,34
1761623848.9020507,0,-5,40
1761623848.9380507,-3,2,39
1761623848.9750507,-5,-11,30
1761623849.0130508,0,-6,29
1761623849.0490508,0,-4,37
1761623849.0860507,0,-1,32
1761623849.1230507,0,-5,40
1761623849.1590507,4,0,35
1761623849.1960506,6,1,26
1761623849.2330508,2,3,36
1761623849.2690508,1,1,32
1761623849.3060508,-5,0,37
1761623849.3430507,-1,-4,28
1761623849.3820508,-2,1,20
1761623849.4180508,-4,-2,29
1761623849.4550507,-4,-7,31
1761623849.4930508,-6,-5,40
1761623849.5320508,-6,1,35
1761623849.5680506,0,-7,22
1761623849.6050508,-4,-5,26
1761623849.643051,1,0,24
1761623849.6790507,0,0,25
1761623849.7160506,-3,0,35
1761623849.7540507,1,-2,28
1761623849.7920508,0,4,36
1761623849.8280506,0,0,22
1761623849.8660507,1,-8,28
1761623849.9040508,-2,0,20
1761623849.9430506,-1,-1,25
1761623849.9790506,5,-9,34
1761623850.0170507,-1,-5,40
1761623850.0550506,-3,-6,40
1761623850.0940506,-5,-3,35
1761623850.1320508,0,-8,27
1761623850.1680508,2,-10,25
1761623850.2050507,-4,-12,33
1761623850.2440507,0,-2,26
1761623850.2820508,-1,0,25
1761623850.3180506,4,1,33
1761623850.3550508,1,-6,20
1761623850.393051,3,4,19
1761623850.4300506,0,5,28
1761623850.4670508,-3,-6,27
1761623850.505051,-6,-8,25
1761623850.5440507,-3,1,20
1761623850.5820508,1,4,24
1761623850.6180508,4,0,27
1761623850.6550508,4,-2,26
1761623850.6930506,-2,-2,26
1761623850.7290506,-3,1,33
1761623850.7670507,-5,0,28
1761623850.8050506,-2,0,40
1761623850.8430507,4,-2,35
1761623850.8790507,0,5,31
1761623850.916051,-4,3,27
1761623850.9550507,-2,3,31
1761623850.9930508,0,5,28
1761623851.0290508,-11,3,37
1761623851.0660508,-5,2,34
1761623851.1040506,1,-1,44
1761623851.1420507,-1,-2,32
1761623851.1780508,-2,-8,34
1761623851.2150507,-2,-3,26
1761623851.2540507,0,-2,36
1761623851.2900507,2,-4,40
1761623851.3280506,0,-1,33
1761623851.3650508,0,6,27
1761623851.403051,3,1,38
1761623851.439051,1,-3,34
1761623851.4760506,1,-1,30
1761623851.5140507,3,5,38
1761623851.5500507,2,-2,43
1761623851.5880508,0,-3,33
1761623851.6250508,2,-1,33
1761623851.663051,-3,-7,30
1761623851.699051,-5,-2,42
1761623851.7360508,-3,-1,40
1761623851.7750506,-6,-1,26
1761623851.8130507,4,-1,27
1761623851.8490508,5,-3,27
1761623851.8860507,9,-4,33
1761623851.9240508,9,-8,35
1761623851.9600508,8,-4,35
1761623851.9970508,1,-1,35
1761623852.0350506,0,5,38
1761623852.0730507,-4,1,32
1761623852.1090508,-2,1,33
1761623852.1460507,7,0,32
1761623852.1840508,5,-9,19
1761623852.2200508,-4,-4,27
1761623852.258051,-3,0,33
1761623852.2950506,1,-3,37
1761623852.334051,4,-7,34
1761623852.3710508,4,0,30
1761623852.4080508,-1,-1,22
1761623852.4460506,7,5,29
1761623852.4840508,2,5,37
1761623852.5200508,3,1,24
1761623852.5580506,2,13,23
1761623852.5950508,-1,4,30
1761623852.633051,-4,-1,36
1761623852.6690507,0,0,39
1761623852.7060506,-1,0,32
1761623852.7440507,-3,1,36
1761623852.7800508,0,4,29
1761623852.8170507,-1,1,29
1761623852.8550508,-8,-1,29
1761623852.893051,-5,-1,24
1761623852.9290507,-3,4,34
1761623852.9660506,-6,0,36
1761623853.0040507,-3,-4,25
1761623853.0400507,0,-5,26
1761623853.0770507,-4,0,29
1761623853.1150508,-3,0,38
1761623853.153051,0,2,36
1761623853.189051,-1,3,45
1761623853.2280507,-1,0,37
1761623853.2650506,-7,0,39
1761623853.301051,2,0,49
1761623853.3390508,6,1,32
1761623853.3760507,-5,-3,33
1761623853.4150507,-4,-4,28
1761623853.4510508,-7,1,28
1761623853.4890506,0,6,37
1761623853.5260508,2,3,42
1761623853.564051,4,-1,23
1761623853.6000507,0,-1,25
1761623853.6370506,1,-2,28
1761623853.6750507,9,4,32
1761623853.7110507,0,-2,29
1761623853.7480507,0,0,37
1761623853.7850506,-3,-1,44
1761623853.824051,1,-1,44
1761623853.860051,-2,-3,43
1761623853.8980508,-1,-6,34
1761623853.936051,5,0,36
1761623853.9740508,-4,2,34
1761623854.0100508,-7,-1,34
1761623854.0470507,-8,-1,34
1761623854.0850508,-2,-4,39
1761623854.1240506,-1,1,42
1761623854.1600506,0,-6,37
1761623854.1980507,-2,-5,42
1761623854.2360508,3,-4,32
1761623854.2740507,4,5,27
1761623854.3100507,2,3,28
1761623854.3480508,-1,-3,18
1761623854.3860507,2,-9,32
1761623854.4240508,-4,-10,22
1761623854.4600508,0,-2,24
1761623854.4980507,-11,-1,27
1761623854.5360508,0,-3,34
1761623854.574051,4,0,20
1761623854.610051,-3,4,28
1761623854.6470506,0,0,32
1761623854.6850507,1,5,37
1761623854.7210507,1,5,31
1761623854.758051,-3,0,35
1761623854.7970507,-1,0,33
1761623854.8360507,-7,-4,20
1761623854.8740506,5,-4,32
1761623854.9100506,5,-7,38
1761623854.9480507,2,-1,30
1761623854.9860508,0,-3,35
1761623855.0240507,3,-6,32
1761623855.0600507,2,-11,31
1761623855.097051,8,-10,34
1761623855.1350508,1,0,32
1761623855.1710508,6,-3,31
1761623855.209051,5,-3,28
1761623855.2470508,0,0,31
1761623855.2850506,1,-7,29
1761623855.3210506,2,-7,35
1761623855.3580508,0,-5,25
1761623855.3960507,-4,0,27
1761623855.4340508,-8,2,29
1761623855.4700508,-7,3,35
1761623855.5070508,0,-4,33
1761623855.5450506,-3,-8,26
1761623855.5810506,-6,-5,30
1761623855.6190507,-2,-2,26
1761623855.6560507,-2,4,40
1761623855.6950507,-2,0,38
1761623855.7310507,7,3,33
1761623855.7690508,0,2,36
1761623855.8060508,3,-1,30
1761623855.8420508,2,4,32
1761623855.880051,4,7,40
1761623855.9170508,1,0,45
1761623855.9550507,-4,0,38
1761623855.9910507,0,0,34
1761623856.0290508,-7,0,37
1761623856.0670507,-10,1,25
1761623856.1060507,-11,-2,36
1761623856.1420507,-8,1,35
1761623856.1790507,0,-3,15
1761623856.2170508,-2,-9,35
1761623856.2560508,2,-1,36
1761623856.2920508,3,-4,17
1761623856.3300507,2,0,26
1761623856.3670506,-3,-2,22
1761623856.4060507,-8,-1,27
1761623856.4420507,-13,-2,30
1761623856.4790506,-3,2,41
1761623856.5170507,-1,2,33
1761623856.5550506,1,-2,33
1761623856.5910506,5,-3,33
1761623856.6280508,1,-4,31
1761623856.6670508,6,1,32
1761623856.7050507,-7,1,32
1761623856.7410507,-4,2,36
1761623856.778051,1,-2,43
1761623856.8160508,-7,-9,37
1761623856.8520508,3,-5,46
1761623856.8890507,3,0,30
1761623856.9270508,-9,-8,25
1761623856.9650507,0,-5,18
1761623857.0010507,6,-6,23
1761623857.038051,2,-4,26
1761623857.0770507,3,-2,36
1761623857.1150508,1,-1,31
1761623857.1510508,-2,-3,41
1761623857.189051,1,0,31
1761623857.2270508,5,-4,37
1761623857.2650506,0,4,26
1761623857.301051,-7,2,38
1761623857.3380508,2,2,34
1761623857.3760507,-9,5,24
1761623857.4120507,-3,-2,31
1761623857.449051,0,5,38
1761623857.4870508,-4,2,41
1761623857.5250506,-5,-1,25
1761623857.561051,-10,2,24
1761623857.5980508,-1,-2,32
1761623857.6370506,-7,-9,32
1761623857.6730506,-13,-2,34
1761623857.7110507,-1,-4,31
1761623857.7490506,6,-1,33
1761623857.7870507,3,-7,28
1761623857.8230507,1,-5,24
1761623857.8610508,4,-3,24
1761623857.8980508,5,-2,20
1761623857.936051,6,2,29
1761623857.972051,5,1,33
1761623858.0090508,-5,-1,37
1761623858.0470507,4,0,21
1761623858.0830507,-2,-3,35
1761623858.120051,-8,3,36
1761623858.1580508,-10,-1,36
1761623858.1970508,-1,-7,33
1761623858.2330508,6,-3,27
1761623858.2700508,2,-3,37
1761623858.3090508,-4,0,25
1761623858.347051,3,4,41
1761623858.383051,-3,0,36
1761623858.4210508,6,3,32
1761623858.4580507,-5,4,34
1761623858.4960508,4,-3,32
1761623858.5320508,4,1,22
1761623858.5690508,0,0,23
1761623858.607051,0,2,35
1761623858.643051,0,-5,33
1761623858.689051,-2,-4,28
1761623858.7270508,0,1,34
1761623858.7630508,-2,-5,38
1761623858.8000507,4,-3,40
1761623858.8380508,8,0,40
1761623858.8760507,0,-3,29
1761623858.9120507,3,-6,36
1761623858.949051,5,0,37
1761623858.9870508,2,0,29
1761623859.0230508,4,0,43
1761623859.0600507,-4,4,33
1761623859.0980508,-4,-4,34
1761623859.1370506,0,-1,35
1761623859.1730506,3,-3,34
1761623859.2100508,1,-4,38
1761623859.2480507,0,-2,33
1761623859.2870507,0,-2,34
1761623859.3230507,3,-9,31
1761623859.360051,0,-6,30
1761623859.3980508,-8,-3,38
1761623859.4370508,1,-5,34
1761623859.4730508,-2,5,24
1761623859.5100508,-1,2,27
1761623859.5480506,-6,4,37
1761623859.5860507,-4,-2,36
1761623859.6220508,-5,0,28
1761623859.6610508,-2,-8,36
1761623859.6980507,-7,-8,24
1761623859.7370508,0,-6,29
1761623859.7730508,-1,-6,22
1761623859.8100507,1,0,29
1761623859.8480508,-5,3,26
1761623859.8840508,-9,-3,34
1761623859.9210508,-8,3,40
1761623859.9580507,-5,-1,26
1761623859.9970508,-6,-2,25
1761623860.0330508,-5,-1,24
1761623860.0700507,-4,-13,36
1761623860.1080508,-6,-5,33
1761623860.1470506,-9,-8,37
1761623860.1830506,5,0,42
1761623860.2200508,-2,0,27
1761623860.258051,9,-4,34
1761623860.2940507,4,-6,33
1761623860.3310506,-1,-10,28
1761623860.3690507,-5,-2,29
1761623860.4080508,0,-3,29
1761623860.4440508,-1,1,26
1761623860.4810507,3,2,33
1761623860.518051,8,4,25
1761623860.5540507,4,-4,28
1761623860.5910506,4,-3,16
1761623860.6280508,1,-7,19
1761623860.6640508,0,-2,30
1761623860.7020507,0,-3,36
1761623860.7410507,-4,4,31
1761623860.7790508,-2,-4,35
1761623860.8170507,-2,-4,37
1761623860.8530507,10,0,38
1761623860.8900506,1,2,37
1761623860.9280508,-3,-5,15
1761623860.9640508,1,-11,23
1761623861.0010507,-7,-8,25
1761623861.0390508,-5,-10,26
1761623861.0780506,0,-6,21
1761623861.1140506,-6,-1,34
1761623861.1510508,-10,2,24
1761623861.189051,0,-2,37
1761623861.2270508,2,0,28
1761623861.2630508,-6,3,31
1761623861.3000507,0,-3,30
1761623861.3390508,-2,-5,26
1761623861.3770506,-1,-2,29
1761623861.413051,-5,-5,19
1761623861.4510508,-6,0,22
1761623861.4890506,0,-1,25
1761623861.5270507,5,0,28
1761623861.5630507,2,-1,31
1761623861.6000507,1,0,30
1761623861.6380508,0,2,28
1761623861.6740508,-6,7,27
1761623861.7110507,-3,1,17
1761623861.7490506,3,1,25
1761623861.7870507,-8,6,35
1761623861.824051,0,5,36
1761623861.8610508,1,3,21
1761623861.8990507,0,-3,23
1761623861.9350507,2,-9,31
1761623861.972051,0,-7,23
1761623862.0090508,0,-4,34
1761623862.0480506,-3,4,28
1761623862.084051,3,-1,40
1761623862.1210508,4,-1,38
1761623862.1590507,5,-7,45
1761623862.1980507,6,-2,31
1761623862.2340508,6,2,40
1761623862.2710507,8,-3,34
1761623862.3100507,-1,-6,29
1761623862.3480508,-6,-9,41
1761623862.3850508,-5,-12,30
1761623862.4220507,-3,-8,35
1761623862.4600508,-2,-2,37
1761623862.4990506,-2,-5,38
1761623862.5350506,-2,0,31
1761623862.5720508,7,-4,31
1761623862.6090508,5,-1,31
1761623862.6480508,6,0,25
1761623862.6840508,7,-1,37
1761623862.722051,2,-3,32
1761623862.7600508,-1,3,46
1761623862.7980506,-3,-1,25
1761623862.834051,4,-1,17
1761623862.8710508,6,2,34
1761623862.9090507,-6,0,30
1761623862.9450507,-5,2,34
1761623862.982051,0,1,34
1761623863.0200508,0,5,37
1761623863.0580506,0,3,27
1761623863.0940506,9,2,31
1761623863.1320508,3,2,19
1761623863.1700506,2,-1,32
1761623863.2080507,0,-5,37
1761623863.2440507,-3,-1,31
1761623863.2810507,2,4,34
1761623863.3190508,-4,4,42
1761623863.3550508,-10,2,35
1761623863.3920507,-2,3,27
1761623863.4300506,-5,-1,34
1761623863.4680507,2,3,28
1761623863.5040507,4,-4,23
1761623863.5420508,-2,-3,25
1761623863.5800507,-4,-4,27
1761623863.6190507,-11,-4,24
1761623863.6550508,4,-1,29
1761623863.6930506,-1,-7,41
1761623863.732051,1,1,37
1761623863.7700508,1,0,33
1761623863.8080506,2,3,21
1761623863.8440506,1,1,29
1761623863.8820508,1,-2,28
1761623863.9200506,-6,0,17
1761623863.9580507,-1,-4,34
1761623863.9940507,1,-11,32
1761623864.0320508,-5,-7,26
1761623864.0700507,-4,0,38
1761623864.1080508,-8,-1,40
1761623864.1440508,-4,3,42
1761623864.1820507,-3,-5,35
1761623864.2200508,-4,1,28
1761623864.2560508,-4,-3,31
1761623864.2940507,6,-2,40
1761623864.3320508,-3,-2,42
1761623864.370051,0,4,35
1761623864.4060507,-3,-1,33
1761623864.4430506,-4,0,22
1761623864.4800508,-2,-1,34
1761623864.5190508,0,1,36
1761623864.5550506,-1,4,34
1761623864.5930507,-6,2,29
1761623864.630051,-8,2,37
1761623864.666051,-8,3,27
1761623864.7030506,-8,4,23
1761623864.7410507,-4,6,29
1761623864.7800508,2,6,30
1761623864.8160508,1,7,32
1761623864.8530507,0,2,39
1761623864.8900506,-5,-1,49
1761623864.9290507,-7,1,35
1761623864.9650507,-7,0,22
1761623865.0020506,3,-3,29
1761623865.0400507,6,-6,27
1761623865.0760508,10,-2,30
1761623865.1130507,3,-2,33
1761623865.1510508,5,1,31
1761623865.189051,2,-1,32
1761623865.2250507,6,3,35
1761623865.2620506,-9,0,48
1761623865.3000507,-1,-6,37
1761623865.3360507,0,-4,29
1761623865.3730507,0,0,28
1761623865.4110508,1,-5,28
1761623865.449051,0,-5,36
1761623865.485051,1,3,38
1761623865.5220506,-1,2,38
1761623865.561051,4,-2,39
1761623865.5990508,9,-1,30
1761623865.6350508,5,0,33
1761623865.6720507,0,0,36
1761623865.7110507,5,1,43
1761623865.7490506,1,-3,33
1761623865.7850506,0,-10,29
1761623865.8220508,0,-5,39
1761623865.860051,3,0,42
1761623865.8960507,4,0,32
1761623865.9330506,-1,-7,28
1761623865.9710507,-2,-9,28
1761623866.0100508,0,5,30
1761623866.0460508,-5,7,31
1761623866.084051,0,1,35
1761623866.1210508,2,-5,29
1761623866.1590507,0,1,37
1761623866.1950507,-2,0,33
1761623866.232051,0,-2,32
1761623866.2700508,0,-2,34
1761623866.3060508,0,-4,31
1761623866.3430507,-1,-4,39
1761623866.3810508,0,-6,37
1761623866.4200506,7,-7,33
1761623866.4560506,3,-2,24
1761623866.4930508,2,-1,32
1761623866.5310507,-3,-5,38
1761623866.5670507,0,-4,42
1761623866.6040506,-5,0,34
1761623866.6410508,5,2,30
1761623866.6770508,-1,-1,35
1761623866.7150507,-6,-1,41
1761623866.7520506,-5,-3,25
1761623866.791051,8,-4,36
1761623866.8270507,3,4,34
1761623866.8650508,0,-1,32
1761623866.9020507,-2,1,40
1761623866.9400508,-1,4,32
1761623866.9760506,0,0,39
1761623867.0130508,-1,3,37
1761623867.051051,4,1,39
1761623867.087051,0,3,33
1761623867.1250508,-10,-1,28
1761623867.163051,-10,-8,27
1761623867.2020507,-6,-3,31
1761623867.2400508,-7,-5,43
1761623867.2760508,-9,-5,40
1761623867.3130507,0,-6,33
1761623867.3510506,-4,-1,25
1761623867.3870506,1,-2,31
1761623867.4240508,-4,0,28
1761623867.462051,3,0,27
1761623867.5000508,-4,0,19
1761623867.5360508,-8,1,13
1761623867.5730507,-2,3,18
1761623867.6110508,-1,3,38
1761623867.6470506,-5,1,35
1761623867.6840508,4,-3,27
1761623867.722051,3,-6,27
1761623867.7600508,0,-1,35
1761623867.7960508,-8,-5,27
1761623867.834051,-4,0,24
1761623867.8720508,-7,-2,30
1761623867.9110508,-7,-3,25
1761623867.9470508,-1,1,30
1761623867.9840508,-8,-3,34
1761623868.0220506,-5,-5,27
1761623868.061051,-4,-3,35
1761623868.097051,0,5,32
1761623868.1340508,0,-3,28
1761623868.1720507,1,0,26
1761623868.2100508,0,0,27
1761623868.2460508,-5,-2,38
1761623868.2840507,2,6,40
1761623868.3220508,0,1,32
1761623868.360051,-5,-3,26
1761623868.3960507,-3,-1,38
1761623868.4340508,2,-4,27
1761623868.472051,0,-5,25
1761623868.5100508,0,-5,31
1761623868.5460508,1,-4,22
1761623868.584051,-2,0,41
1761623868.6220508,-5,-4,42
1761623868.6580508,0,-2,32
1761623868.709051,-3,-5,33
1761623868.745051,-13,3,33
1761623868.7820508,-10,0,38
1761623868.8210506,-12,-7,34
1761623868.857051,-1,-4,29
1761623868.8940508,6,-1,33
1761623868.9320507,8,1,44
1761623868.9680507,5,-3,34
1761623869.005051,6,-4,28
1761623869.0420508,4,3,32
1761623869.0780506,2,4,39
1761623869.1150508,-4,-2,33
1761623869.153051,1,-2,32
1761623869.1910508,1,-4,20
1761623869.2270508,0,-2,29
1761623869.2640507,-2,-5,45
1761623869.3020508,0,-2,34
1761623869.3380508,0,-1,46
1761623869.3750508,1,-1,24
1761623869.413051,-1,2,25
1761623869.4520507,-4,-3,32
1761623869.4880507,-2,-1,26
1761623869.5260508,1,-1,26
1761623869.5630507,-9,-6,26
1761623869.6020508,0,-6,34
1761623869.6380508,2,0,30
1761623869.6750507,2,-7,25
1761623869.7130508,0,-1,25
1761623869.7510507,-2,-1,31
1761623869.7870507,-5,-2,26
1761623869.8250508,-3,-1,44
1761623869.8630507,0,0,31
1761623869.9020507,-7,1,29
1761623869.9380507,-1,6,26
1761623869.9750507,0,-1,32
1761623870.0130508,0,-3,33
1761623870.051051,-1,-5,33
1761623870.087051,-3,-1,32
1761623870.1250508,4,5,31
1761623870.163051,7,2,16
1761623870.2010508,0,-3,29
1761623870.2370508,0,-7,35
1761623870.2740507,-4,-3,31
1761623870.3130507,1,-7,35
1761623870.3510506,4,-4,34
1761623870.3870506,2,-2,35
1761623870.4250507,-1,3,30
1761623870.4630508,6,-4,32
1761623870.5020506,-1,-7,34
1761623870.538051,5,-6,32
1761623870.5750508,3,-6,29
1761623870.6130507,-1,-4,34
1761623870.6490507,0,-1,40
1761623870.686051,5,-3,32
1761623870.7230508,4,-12,21
1761623870.7590508,3,-1,18
1761623870.7960508,8,1,28
1761623870.834051,1,0,37
1761623870.8720508,1,4,35
1761623870.9080508,0,-3,17
1761623870.9450507,0,-1,26
1761623870.9830508,3,-7,24
1761623871.0190508,7,-2,35
1761623871.0570507,6,-2,34
1761623871.0940506,5,-6,26
1761623871.1320508,3,-1,32
1761623871.1680508,-2,2,34
1761623871.2050507,3,5,42
1761623871.2430508,0,1,33
1761623871.2790508,-2,-3,24
1761623871.3160508,-2,-5,32
1761623871.3540506,-5,-12,29
1761623871.393051,-1,-7,33
1761623871.4290507,-4,-6,33
1761623871.4660506,0,-6,36
1761623871.5030508,-1,2,35
1761623871.5390508,-11,-7,31
1761623871.5770507,-8,-8,26
1761623871.6150508,-2,0,22
1761623871.6540508,0,-2,25
1761623871.6920507,-3,-2,30
1761623871.7280507,-2,-2,35
1761623871.7650506,4,0,29
1761623871.8040507,-7,0,24
1761623871.8420508,1,-7,31
1761623871.8780508,0,-2,39
1761623871.916051,4,-3,32
1761623871.9540508,0,-4,23
1761623871.9920506,-2,1,27
1761623872.028051,0,-4,29
1761623872.0660508,0,0,34
1761623872.1040506,0,4,34
1761623872.1420507,4,-1,29
1761623872.1780508,-3,0,37
1761623872.2160506,4,5,30
1761623872.2540507,-2,0,28
1761623872.2920508,3,0,28
1761623872.3280506,-1,-3,33
1761623872.3660507,0,-8,38
1761623872.4040508,-6,-4,24
1761623872.4420507,-1,0,30
1761623872.4780507,3,-3,28
1761623872.5160508,3,-3,38
1761623872.5540507,1,0,44
1761623872.5920508,7,-2,36
1761623872.6280508,1,-6,49
1761623872.666051,-1,-2,31
1761623872.7040508,1,1,42
1761623872.7420506,0,0,36
1761623872.778051,-1,-1,32
1761623872.8160508,-8,1,34
1761623872.8540506,0,3,34
1761623872.8900506,5,0,30
1761623872.9270508,2,3,41
1761623872.9640508,-3,1,29
1761623873.0000508,0,6,36
1761623873.0370507,0,-3,32
1761623873.074051,0,1,40
1761623873.110051,8,3,36
1761623873.1470506,0,-5,29
1761623873.1850507,6,-1,31
1761623873.2230508,3,-3,24
1761623873.2590508,1,-2,27
1761623873.2960508,0,-4,28
1761623873.334051,3,1,36
1761623873.370051,-5,3,26
1761623873.4070508,-1,1,15
1761623873.4440508,0,-5,16
1761623873.4830508,-9,-5,22
1761623873.5190508,-11,-12,28
1761623873.5560508,0,-9,29
1761623873.5940506,2,-11,36
1761623873.630051,1,-9,33
1761623873.6680508,0,-10,37
1761623873.7050507,4,-2,31
1761623873.7440507,6,-2,34
1761623873.7800508,0,-1,32
1761623873.8180506,-1,-7,28
1761623873.8560507,3,-8,27
1761623873.8940508,-4,-4,23
1761623873.9300506,-7,-6,30
1761623873.9680507,4,-4,36
1761623874.005051,8,-12,30
1761623874.0440507,2,-1,29
1761623874.0800507,-5,0,40
1761623874.1170506,-8,-10,38
1761623874.1550508,0,-2,34
1761623874.1940508,3,-5,28
1761623874.2300508,3,-4,32
1761623874.2670507,0,-1,26
1761623874.3050506,-1,-1,27
1761623874.3430507,3,0,31
1761623874.3790507,0,0,31
1761623874.416051,5,-2,31
1761623874.4540508,6,-8,33
1761623874.4900508,0,-6,33
1761623874.528051,-1,-1,25
1761623874.5660508,2,-1,28
1761623874.6040506,0,1,42
1761623874.6400506,-2,3,24
1761623874.6780508,1,4,24
1761623874.7150507,0,1,33
1761623874.7530508,9,-1,39
1761623874.7890508,6,-9,37
1761623874.8260508,-1,-5,36
1761623874.8650508,-6,-6,41
1761623874.9010508,-5,-9,34
1761623874.939051,-2,-4,34
1761623874.9770508,-1,-4,29
1761623875.0150506,-2,0,33
1761623875.051051,-4,0,25
1761623875.0880508,9,-3,26
1761623875.1250508,-2,2,34
1761623875.1610508,-7,-1,32
1761623875.1980507,-7,5,34
1761623875.235051,-6,-3,30
1761623875.2740507,-3,-1,32
1761623875.3100507,-3,0,34
1761623875.347051,-5,0,23
1761623875.3850508,-7,-4,32
1761623875.4240508,0,1,31
1761623875.4600508,0,-2,29
1761623875.4970508,0,-5,38
1761623875.5350506,2,-2,44
1761623875.5710506,0,-5,39
1761623875.6080508,-6,-1,35
1761623875.6460507,-3,-2,35
1761623875.6850507,-4,-4,37
1761623875.7210507,0,-3,24
1761623875.758051,0,-9,33
1761623875.7950506,3,-6,31
1761623875.8310506,0,-6,41
1761623875.8690507,0,-2,36
1761623875.9060507,5,-3,38
1761623875.9440508,3,0,34
1761623875.9800508,4,3,33
1761623876.0170507,0,2,32
1761623876.0550506,-5,-1,42
1761623876.0910506,-2,-2,37
1761623876.1290507,0,0,30
1761623876.166051,9,-5,33
1761623876.2050507,2,-5,35
1761623876.2410507,5,-6,38
1761623876.278051,2,-3,40
1761623876.3160508,-4,-3,47
1761623876.3540506,0,-3,42
1761623876.3900506,1,-4,48
1761623876.4280508,-3,1,33
1761623876.4660506,-8,4,38
1761623876.5040507,-6,4,35
1761623876.5400507,5,0,31
1761623876.5770507,2,-5,32
1761623876.6160507,-1,-2,26
1761623876.6540508,-3,-8,16
1761623876.6900508,-1,-7,19
1761623876.7270508,-3,-4,26
1761623876.7660508,4,0,25
1761623876.8040507,3,1,24
1761623876.8400507,-3,-2,27
1761623876.8770506,-6,-5,36
1761623876.916051,2,-5,26
1761623876.9540508,0,0,29
1761623876.9900508,-4,5,32
1761623877.0270507,-1,-1,28
1761623877.0660508,3,-3,27
1761623877.1040506,3,-1,37
1761623877.1410508,-1,3,37
1761623877.1780508,-7,-5,21
1761623877.2170508,-4,2,26
1761623877.255051,-7,-1,43
1761623877.291051,-1,2,42
1761623877.3280506,-2,1,45
1761623877.3660507,-4,1,32
1761623877.4020507,-5,0,31
1761623877.4400508,-4,0,36
1761623877.4780507,-2,0,34
1761623877.5160508,1,0,44
1761623877.5520508,1,0,35
1761623877.5890508,2,-5,35
1761623877.6280508,2,-4,25
1761623877.666051,-3,1,23
1761623877.7020507,-6,0,39
1761623877.7410507,-6,1,34
1761623877.778051,-6,-4,35
1761623877.8160508,-8,-8,26
1761623877.8550508,-2,-3,33
1761623877.8910508,-2,-6,32
1761623877.9290507,-2,-7,33
1761623877.9670508,0,-6,30
1761623878.005051,-4,1,28
1761623878.041051,-4,-1,33
1761623878.0790508,1,-4,25
1761623878.1170506,-5,0,37
1761623878.1550508,-3,-2,41
1761623878.1910508,-2,-7,33
1761623878.2290506,-4,-5,28
1761623878.2670507,-3,-4,22
1761623878.3060508,3,0,25
1761623878.3420508,-5,1,26
1761623878.3790507,1,-4,33
1761623878.4170508,-4,-2,25
1761623878.4550507,2,-1,34
1761623878.4910507,6,-2,42
1761623878.5290508,2,-3,32
1761623878.5670507,-2,0,26
1761623878.6050508,-2,7,28
1761623878.6420507,7,-4,30
1761623878.6790507,1,-6,27
1761623878.7250507,-7,-6,23
1761623878.7610507,-1,-4,29
1761623878.7980506,-3,0,28
1761623878.837051,7,0,27
1761623878.8750508,4,-1,34
1761623878.9110508,6,0,44
1761623878.9480507,2,2,35
1761623878.9870508,-1,0,45
1761623879.0250506,-9,-5,28
1761623879.061051,-7,-4,36
1761623879.0980508,3,2,38
1761623879.1370506,-2,0,33
1761623879.1730506,-7,2,31
1761623879.212051,-5,-2,35
1761623879.2490506,-9,-3,25
1761623879.2870507,0,-2,26
1761623879.3260508,3,-2,39
1761623879.3620508,-1,-2,31
1761623879.3990507,7,0,29
1761623879.4370508,2,-3,39
1761623879.4730508,2,-4,40
1761623879.5120506,5,-4,26
1761623879.5490508,-1,1,39
1761623879.587051,0,-4,41
1761623879.6230507,-1,-4,32
1761623879.6600506,-5,-3,32
1761623879.6980507,3,-4,32
1761623879.7370508,-3,-5,34
1761623879.7730508,-1,-4,41
1761623879.811051,0,-8,40
1761623879.8490508,2,-1,40
1761623879.8870506,0,-4,20
1761623879.9230506,2,-2,22
1761623879.9610507,3,8,29
1761623879.9980507,1,0,30
1761623880.0370507,-2,-1,16
1761623880.0730507,-2,-4,18
1761623880.110051,-3,-1,28
1761623880.1480508,1,1,27
1761623880.1870508,5,-3,30
1761623880.2230508,5,2,26
1761623880.2610507,-3,5,31
1761623880.2980506,-12,1,30
1761623880.337051,-7,3,31
1761623880.3730507,-1,0,39
1761623880.4110508,0,0,36
1761623880.4480507,0,0,28
1761623880.4870508,-2,2,35
1761623880.5230508,-6,4,40
1761623880.561051,4,3,38
1761623880.5980508,0,1,30
1761623880.6370506,4,0,40
1761623880.6730506,0,-7,32
1761623880.7110507,0,-2,29
1761623880.7490506,0,0,39
1761623880.7870507,1,7,32
1761623880.8230507,0,3,33
1761623880.8610508,8,-1,30
1761623880.8990507,0,8,31
1761623880.9370508,0,1,29
1761623880.9730508,2,0,30
1761623881.0110507,2,-6,23
1761623881.0500507,-6,-2,23
1761623881.0880508,-7,-1,34
1761623881.1260507,4,-3,21
1761623881.1620507,6,-8,26
1761623881.199051,3,-10,24
1761623881.2370508,3,-5,21
1761623881.2730508,3,-2,35
1761623881.311051,-3,0,32
1761623881.3480508,3,0,31
1761623881.3840508,6,0,37
1761623881.4210508,2,-5,30
1761623881.459051,-6,-2,33
1761623881.4970508,-4,1,21
1761623881.5330508,-7,-2,30
1761623881.5700507,0,-2,35
1761623881.6080508,0,0,35
1761623881.6460507,-2,-1,33
1761623881.6820507,-5,-8,35
1761623881.7200508,0,-4,30
1761623881.758051,-7,-1,36
1761623881.7940507,0,-2,37
1761623881.8310506,0,0,38
1761623881.8680508,-6,0,37
1761623881.9070508,-1,5,26
1761623881.9430506,1,2,31
1761623881.9800508,5,6,41
1761623882.018051,0,4,22
1761623882.0540507,-3,7,28
1761623882.0910506,-1,2,29
1761623882.1290507,-5,-2,30
1761623882.1680508,0,2,32
1761623882.2040508,-1,4,31
1761623882.2410507,5,5,30
1761623882.2790508,3,1,26
1761623882.3170507,-3,0,31
1761623882.3530507,-3,0,27
1761623882.3910508,-10,0,30
1761623882.4290507,0,-4,31
1761623882.4670508,-1,7,21
1761623882.5030508,0,0,24
1761623882.5400507,4,-3,28
1761623882.5790508,3,-1,41
1761623882.6170506,4,6,37
1761623882.653051,0,2,33
1761623882.6900508,4,-4,26
1761623882.7290506,1,-7,24
1761623882.7670507,0,-8,31
1761623882.8030508,4,-9,29
1761623882.8400507,-7,-1,36
1761623882.8790507,0,-8,37
1761623882.9170508,-1,-4,24
1761623882.9530506,-4,-2,18
1761623882.9910507,4,0,31
1761623883.0290508,0,-9,29
1761623883.0670507,6,-5,35
1761623883.1030507,8,-2,34
1761623883.1400506,2,2,34
1761623883.1790507,2,-1,30
1761623883.2170508,2,2,45
1761623883.2530508,-2,0,35
1761623883.291051,0,2,38
1761623883.3290508,0,1,36
1761623883.3670506,-1,2,33
1761623883.4040508,2,-5,34
1761623883.4410508,-4,-6,30
1761623883.4790506,-3,5,30
1761623883.518051,-6,0,45
1761623883.5540507,0,1,39
1761623883.5910506,-1,6,25
1761623883.6290507,1,5,36
1761623883.6650507,0,5,31
1761623883.7020507,0,7,33
1761623883.7390506,2,9,31
1761623883.7760508,-2,6,25
1761623883.8130507,-7,-1,24
1761623883.8510506,-5,-2,26
1761623883.8890507,0,0,35
1761623883.9250507,0,1,34
1761623883.9630508,3,5,34
1761623884.0000508,-1,-2,26
1761623884.0390508,-3,0,26
1761623884.0750508,-2,1,28
1761623884.1120508,0,-7,24
1761623884.1500506,-2,-3,31
1761623884.189051,4,-4,36
1761623884.2250507,-2,2,37
1761623884.2630508,-12,0,38
1761623884.3000507,0,0,30
1761623884.3380508,1,0,41
1761623884.3740506,0,-2,44
1761623884.4120507,0,0,44
1761623884.449051,-7,1,35
1761623884.4880507,-4,-3,34
1761623884.5240507,-5,-4,35
1761623884.5630507,-2,1,39
1761623884.6000507,-3,-2,33
1761623884.6390507,0,-7,35
1761623884.6750507,0,-6,31
1761623884.712051,-3,-2,31
1761623884.7500508,0,1,31
1761623884.788051,5,-9,23
1761623884.824051,-3,-8,45
1761623884.8620508,-1,-2,42
1761623884.9000506,1,-3,41
1761623884.939051,-1,2,43
1761623884.9750507,-5,0,31
1761623885.0120506,-1,0,25
1761623885.0500507,0,-6,25
1761623885.0880508,-3,0,21
1761623885.1240506,2,4,36
1761623885.1620507,4,1,38
1761623885.2000508,0,-2,31
1761623885.2380507,3,0,30
1761623885.2740507,1,1,19
1761623885.3120508,1,-5,26
1761623885.3510506,9,0,27
1761623885.3890507,8,0,34
1761623885.4250507,8,3,36
1761623885.462051,2,0,34
1761623885.5000508,3,-6,27
1761623885.538051,0,-8,29
1761623885.574051,-3,-5,28
1761623885.6120508,-1,2,28
1761623885.6500506,-1,5,35
1761623885.689051,-5,0,33
1761623885.7250507,1,0,44
1761623885.7620506,-5,-4,31
1761623885.8000507,0,-4,39
1761623885.8390508,-2,-3,34
1761623885.8750508,-2,-2,36
1761623885.9120507,-3,-3,43
1761623885.9500508,-6,0,34
1761623885.9890506,-9,0,32
1761623886.0250506,-5,2,31
1761623886.0620508,0,1,25
1761623886.1000507,0,3,35
1761623886.1360507,-2,-3,32
1761623886.1740508,0,-5,34
1761623886.2110507,0,-7,38
1761623886.2500508,-4,-3,38
1761623886.2860508,0,-8,25
1761623886.3230507,0,-3,37
1761623886.360051,4,-5,32
1761623886.3960507,2,-2,38
1761623886.4330506,0,3,22
1761623886.4710507,-4,3,38
1761623886.5090508,1,5,27
1761623886.5450506,-2,-7,20
1761623886.5830507,-8,-6,26
1761623886.6210508,-2,-4,31
1761623886.6600506,8,-2,36
1761623886.6960506,5,0,28
1761623886.7330508,4,-3,20
1761623886.7710507,0,-1,16
1761623886.8090508,7,0,26
1761623886.8450508,12,-2,29
1761623886.883051,3,-6,24
1761623886.9210508,-2,-6,19
1761623886.9600508,0,0,43
1761623886.9960508,-4,-3,39
1761623887.0330508,0,0,42
1761623887.0710506,-2,-1,20
1761623887.1090508,0,-6,39
1761623887.1450508,-1,-1,40
1761623887.1820507,0,-5,30
1761623887.2200508,3,-13,31
1761623887.2560508,-1,-4,33
1761623887.2930508,0,-5,31
1761623887.3310506,-8,0,38
1761623887.3690507,4,6,50
1761623887.4050508,8,-1,32
1761623887.4420507,2,2,30
1761623887.4800508,-5,-3,28
1761623887.5160508,1,-4,30
1761623887.5530508,2,2,31
1761623887.5910506,0,-4,26
1761623887.6290507,-10,1,42
1761623887.6650507,-2,-1,37
1761623887.7030506,0,-6,43
1761623887.7410507,2,3,35
1761623887.7790508,-2,-4,40
1761623887.8150508,1,1,32
1761623887.8530507,-10,-1,23
1761623887.8910508,1,1,33
1761623887.9270508,0,-1,30
1761623887.9640508,1,-1,25
1761623888.0010507,3,0,27
1761623888.0370507,6,3,38
1761623888.074051,2,3,31
1761623888.1110508,1,0,34
1761623888.1470506,-3,2,24
1761623888.1840508,-4,-8,27
1761623888.222051,5,-7,38
1761623888.2610507,-2,3,26
1761623888.2970507,-1,0,38
1761623888.334051,2,-6,50
1761623888.3720508,-5,3,47
1761623888.4100506,-9,1,35
1761623888.4470508,-2,5,25
1761623888.4840508,0,1,30
1761623888.5220506,9,-3,25
1761623888.5600507,6,5,30
1761623888.5960507,-9,3,25
1761623888.6340508,-5,-1,32
1761623888.6720507,-7,-9,33
1761623888.7110507,3,-2,30
1761623888.755051,1,-2,25
1761623888.7940507,1,0,21
1761623888.8320508,-7,-6,25
1761623888.870051,-1,-3,34
1761623888.9060507,-7,-3,31
1761623888.9440508,0,-5,26
1761623888.982051,3,0,28
1761623889.0200508,2,2,30
1761623889.0560508,1,1,25
1761623889.0930507,0,0,30
1761623889.1310508,2,0,20
1761623889.1670508,3,0,19
1761623889.2040508,-4,-1,25
1761623889.2420506,1,-6,26
1761623889.2810507,-1,-5,31
1761623889.3170507,0,1,24
1761623889.3540506,-5,-4,33
1761623889.3920507,0,0,35
1761623889.4310508,1,-4,26
1761623889.4670508,3,-3,31
1761623889.5040507,-5,-5,32
1761623889.5420508,-3,-1,32
1761623889.5810506,-2,-4,23
1761623889.6170506,1,-1,28
1761623889.6540508,-3,-2,30
1761623889.6920507,-7,-2,37
1761623889.7310507,-2,0,27
1761623889.7670507,0,-1,22
1761623889.8040507,-4,1,26
1761623889.8420508,-5,0,28
1761623889.8810508,3,8,33
1761623889.9170508,-9,2,35
1761623889.9540508,-1,1,31
1761623889.9920506,-1,0,36
1761623890.0300508,0,0,40
1761623890.0660508,-1,1,37
1761623890.1040506,-5,2,37
1761623890.1420507,0,-2,33
1761623890.1780508,2,2,28
1761623890.2150507,-3,-1,34
1761623890.2530508,-3,0,38
1761623890.2920508,-4,-7,37
1761623890.3280506,-1,0,33
1761623890.3650508,-1,2,30
1761623890.4020507,-6,2,38
1761623890.4380507,-4,1,38
1761623890.4750507,-2,1,26
1761623890.5120506,-3,-2,34
1761623890.551051,-4,-6,25
1761623890.587051,0,-1,25
1761623890.6240506,-4,-4,23
1761623890.6620507,0,-7,35
1761623890.6980507,-6,3,29
1761623890.735051,-2,0,29
1761623890.7720506,1,-5,35
1761623890.8080506,-1,-1,22
1761623890.8450508,0,-3,22
1761623890.883051,-2,0,30
1761623890.9220507,0,0,33
1761623890.9580507,2,5,36
1761623890.995051,1,-2,37
1761623891.0330508,3,-2,35
1761623891.0710506,-1,-1,43
1761623891.107051,3,2,34
1761623891.1440508,-1,0,38
1761623891.1830506,2,0,32
1761623891.2210507,-1,-1,32
1761623891.2570508,-2,-1,31
1761623891.2940507,0,-11,40
1761623891.3330507,0,-3,24
1761623891.3710508,-4,-2,26
1761623891.4070508,-1,4,38
1761623891.4440508,4,6,27
1761623891.4830508,0,3,20
1761623891.5210507,6,4,36
1761623891.5570507,0,3,36
1761623891.5950508,-2,0,46
1761623891.633051,-1,-1,26
1761623891.6710508,-2,1,34
1761623891.7070508,-1,6,37
1761623891.745051,-3,1,34
1761623891.7830508,1,1,28
1761623891.8210506,8,2,27
1761623891.857051,0,-2,28
1761623891.8940508,-3,2,19
1761623891.9330506,-2,1,27
1761623891.9710507,-3,4,27
1761623892.0070508,-3,0,26
1761623892.0440507,2,-2,21
1761623892.0830507,2,2,28
1761623892.1210508,-3,1,26
1761623892.1570508,-1,-1,27
1761623892.1940508,0,-2,20
1761623892.2330508,0,0,21
1761623892.2690508,-7,-3,24
1761623892.3060508,-3,-10,34
1761623892.3450508,-6,-2,23
1761623892.383051,1,-11,26
1761623892.4190507,-3,-4,38
1761623892.4560506,7,-5,35
1761623892.4940507,6,-7,24
1761623892.5330508,-2,-4,21
1761623892.5690508,-5,-2,38
1761623892.6060507,0,-1,25
1761623892.643051,3,4,25
1761623892.6820507,0,3,26
1761623892.7180507,-4,-6,29
1761623892.7560508,3,-4,33
1761623892.7950506,5,0,30
1761623892.8330507,0,6,31
1761623892.8690507,3,-4,20
1761623892.9060507,7,-5,22
1761623892.9430506,5,-2,31
1761623892.982051,4,-3,35
1761623893.018051,4,0,27
1761623893.0560508,0,-3,23
1761623893.0940506,-4,4,29
1761623893.1320508,6,0,25
1761623893.1680508,1,1,28
1761623893.2050507,-5,-1,29
1761623893.2440507,2,6,16
1761623893.2820508,1,4,20
1761623893.3180506,2,-2,40
1761623893.3550508,3,-7,30
1761623893.393051,-1,-4,26
1761623893.4290507,0,-7,26
1761623893.4660506,-5,-5,45
1761623893.5040507,-2,-2,41
1761623893.5430508,-3,0,27
1761623893.5790508,0,-5,10
1761623893.6160507,4,-1,27
1761623893.6540508,2,3,28
1761623893.6920507,-1,1,43
1761623893.7280507,-3,-12,34
1761623893.7660508,4,-5,35
1761623893.8040507,1,1,28
1761623893.8420508,0,2,35
1761623893.8780508,3,0,33
1761623893.9150507,-1,-1,37
1761623893.9540508,0,-5,53
1761623893.9920506,-1,-6,30
1761623894.028051,-2,0,31
1761623894.0650508,0,-3,32
1761623894.1040506,-1,-1,31
1761623894.1420507,-7,-6,28
1761623894.1790507,0,-3,29
1761623894.2160506,8,-1,40
1761623894.2540507,2,-5,29
1761623894.2920508,-4,-3,34
1761623894.3280506,-3,-4,30
1761623894.3660507,-1,6,35
1761623894.4040508,-4,6,26
1761623894.4400508,-3,2,28
1761623894.4770508,0,-7,25
1761623894.5150506,-1,-3,25
1761623894.5540507,0,1,25
1761623894.5900507,2,4,36
1761623894.6270506,-6,0,26
1761623894.666051,-5,-8,38
1761623894.7040508,-4,-4,27
1761623894.7400508,1,0,38
1761623894.7770507,3,3,34
1761623894.814051,-6,4,38
1761623894.8500507,-3,6,27
1761623894.8880508,0,2,24
1761623894.9250507,6,-4,42
1761623894.9630508,4,-2,25
1761623894.9990506,-3,1,23
1761623895.0360508,-4,0,26
1761623895.074051,-4,9,43
1761623895.1130507,-2,-3,33
1761623895.1490507,-1,-2,34
1761623895.186051,8,-4,29
1761623895.2240508,0,-6,32
1761623895.2600508,4,0,35
1761623895.2980506,1,-1,36
1761623895.3350508,3,0,54
1761623895.3730507,-7,0,30
1761623895.4090507,4,1,26
1761623895.4460506,-1,-3,37
1761623895.485051,0,-2,30
1761623895.5230508,-4,0,30
1761623895.5590508,-6,-5,24
1761623895.5960507,0,5,25
1761623895.6340508,6,0,19
1761623895.6700506,7,-4,23
1761623895.7070508,1,-6,34
1761623895.745051,1,-1,20
1761623895.7830508,4,1,35
1761623895.8190508,3,-3,22
1761623895.857051,-8,0,21
1761623895.8950508,0,-9,33
1761623895.9330506,-1,-10,31
1761623895.9690506,0,0,30
1761623896.0070508,8,1,28
1761623896.0450506,5,-4,44
1761623896.0830507,3,0,32
1761623896.1190507,-1,1,26
1761623896.1570508,-3,5,25
1761623896.1960506,-4,-6,36
1761623896.2340508,-5,2,37
1761623896.2700508,-11,4,36
1761623896.3070507,3,0,39
1761623896.3450508,-4,-3,27
1761623896.383051,2,-2,26
1761623896.4190507,5,0,24
1761623896.4570508,-2,5,36
1761623896.495051,-1,0,32
1761623896.5330508,-3,2,31
1761623896.5690508,-4,-1,33
1761623896.607051,-5,-6,38
1761623896.6450508,1,-5,34
1761623896.6840508,2,-8,28
1761623896.7200508,-1,0,37
1761623896.7570508,-2,0,43
1761623896.7950506,-7,0,42
1761623896.8310506,-2,-1,39
1761623896.8690507,-6,-2,36
1761623896.9070508,-8,2,44
1761623896.9450507,-6,-2,35
1761623896.9810507,0,-2,33
1761623897.018051,11,2,25
1761623897.0550506,6,0,26
1761623897.0910506,0,0,26
1761623897.1280508,-2,-1,36
1761623897.166051,1,-1,21
1761623897.2040508,-7,-1,24
1761623897.2400508,-2,0,35
1761623897.278051,-2,-4,43
1761623897.3160508,-3,-2,29
1761623897.3550508,-2,3,47
1761623897.3910508,-4,0,44
1761623897.4290507,0,3,34
1761623897.4660506,-3,-1,29
1761623897.505051,0,-4,34
1761623897.541051,1,-6,32
1761623897.5780506,-2,2,24
1761623897.6160507,-3,1,23
1761623897.6550508,-3,-7,27
1761623897.6910508,-2,0,29
1761623897.7280507,-3,3,29
1761623897.7660508,-3,3,26
1761623897.8040507,-5,0,16
1761623897.8400507,-5,1,28
1761623897.8770506,4,-2,16
1761623897.9150507,0,-4,32
1761623897.9510508,1,-7,41
1761623897.9880507,-3,-4,20
1761623898.0260508,0,-1,25
1761623898.0650508,1,-6,27
1761623898.1010506,1,-4,31
1761623898.1390507,-6,3,15
1761623898.176051,-1,-12,30
1761623898.2150507,-1,-6,29
1761623898.2510507,0,-2,26
1761623898.2890508,-2,0,25
1761623898.3260508,0,1,29
1761623898.3640506,-1,2,24
1761623898.4000506,0,4,34
1761623898.4370508,-2,-5,33
1761623898.4760506,0,-9,34
1761623898.5140507,-4,0,31
1761623898.5500507,-7,4,34
1761623898.587051,0,3,34
1761623898.6250508,-8,2,33
1761623898.6610508,-1,-8,39
1761623898.699051,0,0,36
1761623898.7360508,0,-1,39
1761623898.7800508,0,0,38
1761623898.8180506,1,-3,37
1761623898.8560507,0,-4,30
1761623898.8920507,-2,-2,31
1761623898.9290507,-3,3,31
1761623898.9670508,-7,-1,49
1761623899.0060508,-4,0,42
1761623899.0420508,5,-3,32
1761623899.0800507,0,-5,35
1761623899.1170506,-1,-3,45
1761623899.1560507,-2,3,33
1761623899.1920507,-6,-1,35
1761623899.2290506,0,-2,36
1761623899.2670507,-8,-1,27
1761623899.3060508,-5,1,32
1761623899.3420508,0,-4,30
1761623899.3790507,-6,-1,35
1761623899.4170508,0,0,41
1761623899.4550507,-4,-4,44
1761623899.4910507,-4,1,38
1761623899.5290508,-7,-10,35
1761623899.5670507,-5,-4,23
1761623899.6050508,3,-3,26
1761623899.6410508,-2,-2,23
1761623899.6790507,-2,0,27
1761623899.7170508,-4,4,31
1761623899.755051,-5,3,41
1761623899.7920508,-6,5,33
1761623899.8290508,-2,-4,33
1761623899.8670506,-4,-3,28
1761623899.9060507,-2,0,35
1761623899.9420507,-3,-3,28
1761623899.9790506,-2,-6,24
1761623900.0170507,4,0,27
1761623900.0550506,5,-4,31
1761623900.0910506,-3,-2,26
1761623900.1290507,3,-3,30
1761623900.1670508,-6,-5,15
1761623900.2060506,-2,0,21
1761623900.2420506,-2,-1,19
1761623900.2790508,-2,0,36
1761623900.3170507,-1,2,29
1761623900.3550508,-1,0,40
1761623900.3910508,1,-1,38
1761623900.4280508,7,0,23
1761623900.4660506,-1,4,30
1761623900.5020506,0,1,33
1761623900.5390508,-5,5,26
1761623900.5770507,1,3,34
1761623900.6150508,-1,0,30
1761623900.6510508,0,-2,42
1761623900.6880507,-5,-3,40
1761623900.7270508,-9,-1,29
1761623900.7650506,0,0,28
1761623900.801051,0,-2,35
1761623900.8380508,0,-6,40
1761623900.8770506,6,-4,38
1761623900.9150507,0,1,29
1761623900.9510508,-1,2,23
1761623900.9880507,4,7,25
1761623901.0260508,7,0,25
1761623901.0620508,2,-4,15
1761623901.0990508,0,-3,23
1761623901.1370506,-2,-9,35
1761623901.176051,-4,-4,31
1761623901.212051,-2,-5,32
1761623901.2490506,1,0,29
1761623901.2870507,8,-5,32
1761623901.3230507,3,-4,33
1761623901.360051,0,0,28
1761623901.3970506,2,2,27
1761623901.4330506,-4,0,28
1761623901.4700508,-3,4,20
1761623901.508051,0,2,32
1761623901.5460508,1,-3,31
1761623901.5820508,7,-10,27
1761623901.6190507,1,-7,40
1761623901.6570508,4,-7,43
1761623901.6930506,0,-6,30
1761623901.7300508,-2,0,33
1761623901.768051,-1,0,30
1761623901.8060508,-1,8,33
1761623901.8420508,3,-3,37
1761623901.8790507,-4,-2,32
1761623901.9180508,0,-6,33
1761623901.9560506,-4,-5,27
1761623901.9920506,-5,-1,31
1761623902.0300508,4,-6,41
1761623902.0680506,2,2,28
1761623902.1060507,1,-1,28
1761623902.1420507,5,0,27
1761623902.1790507,4,-1,26
1761623902.2170508,2,-3,20
1761623902.2530508,0,0,32
1761623902.2900507,2,-5,28
1761623902.3280506,5,-1,35
1761623902.3660507,-2,7,25
1761623902.4020507,0,5,28
1761623902.439051,0,7,35
1761623902.4770508,0,8,36
1761623902.5140507,0,4,41
1761623902.551051,8,-7,43
1761623902.5880508,1,-6,39
1761623902.6260507,8,-4,37
1761623902.6620507,2,-8,41
1761623902.699051,-2,-11,27
1761623902.7380507,2,1,27
1761623902.7760508,-2,-2,37
1761623902.8120508,-2,-6,38
1761623902.8490508,-2,1,26
1761623902.8870506,-2,1,33
1761623902.9230506,4,-7,35
1761623902.9610507,1,-4,34
1761623902.9980507,7,5,34
1761623903.0340507,-2,-1,34
1761623903.0710506,-3,1,38
1761623903.110051,0,-1,39
1761623903.1480508,9,-3,36
1761623903.1840508,7,-2,31
1761623903.2210507,5,-1,27
1761623903.258051,-2,3,36
1761623903.2940507,-4,-9,39
1761623903.3310506,0,-4,43
1761623903.3680508,8,-10,37
1761623903.4070508,2,-3,31
1761623903.4430506,0,-1,25
1761623903.4810507,3,-1,20
1761623903.518051,3,-2,31
1761623903.5570507,8,0,20
1761623903.5930507,10,0,38
1761623903.630051,2,0,33
1761623903.6680508,-2,4,40
1761623903.7040508,-4,0,33
1761623903.7420506,2,0,28
1761623903.7790508,2,-6,38
1761623903.8180506,3,-3,36
1761623903.8540506,-7,-3,28
1761623903.8920507,0,0,36
1761623903.9290507,2,-4,30
1761623903.9670508,2,-3,30
1761623904.0030508,-3,-4,37
1761623904.0400507,0,-1,32
1761623904.0780506,7,2,33
1761623904.1140506,2,2,33
1761623904.1510508,1,4,26
1761623904.189051,5,-5,23
1761623904.2270508,-1,0,29
1761623904.2630508,1,0,21
1761623904.3000507,-8,0,23
1761623904.3390508,1,-2,28
1761623904.3770506,4,-3,35
1761623904.413051,0,-1,27
1761623904.4510508,-4,-8,32
1761623904.4900508,2,1,30
1761623904.528051,-1,2,38
1761623904.564051,-1,3,30
1761623904.6010506,-1,3,26
1761623904.6400506,-3,3,40
1761623904.6780508,0,-3,24
1761623904.7140508,1,-8,27
1761623904.7510507,-1,2,27
1761623904.7890508,-3,-6,18
1761623904.8270507,-4,-2,41
1761623904.8630507,-7,-7,30
1761623904.9000506,0,-3,25
1761623904.939051,-1,3,29
1761623904.9770508,2,-8,38
1761623905.0130508,3,-7,37
1761623905.0500507,-1,-2,45
1761623905.0890508,-11,-3,42
1761623905.1270506,0,0,36
1761623905.163051,-3,-5,38
1761623905.2010508,0,-2,36
1761623905.2390506,1,6,30
1761623905.2750506,3,1,38
1761623905.3120508,6,-3,37
1761623905.3500507,-2,-3,26
1761623905.3890507,10,-11,33
1761623905.4250507,-2,-6,32
1761623905.4640508,0,0,35
1761623905.5010507,-1,0,37
1761623905.5390508,-1,1,28
1761623905.5750508,4,1,26
1761623905.6120508,1,-3,36
1761623905.6490507,1,-5,33
1761623905.6880507,5,0,32
1761623905.7240508,6,4,40
1761623905.7610507,0,6,27
1761623905.7990508,7,1,32
1761623905.8350508,4,-4,28
1761623905.8730507,2,-2,35
1761623905.9100506,-1,-3,28
1761623905.949051,1,-3,35
1761623905.985051,3,-7,25
1761623906.0230508,2,-2,22
1761623906.0600507,2,2,16
1761623906.0980508,0,0,21
1761623906.1340508,0,3,32
1761623906.1710508,8,-8,27
1761623906.2100508,9,-6,21
1761623906.2480507,5,0,35
1761623906.2840507,4,-2,42
1761623906.3210506,7,-5,38
1761623906.360051,0,-6,34
1761623906.3980508,1,-5,24
1761623906.4340508,0,-4,29
1761623906.4710507,-1,-1,27
1761623906.5100508,3,3,30
1761623906.5480506,0,1,29
1761623906.584051,-7,2,36
1761623906.6210508,0,0,29
1761623906.6590507,1,-1,29
1761623906.6950507,3,-6,23
1761623906.7330508,4,-2,28
1761623906.7710507,0,-6,37
1761623906.8100507,2,-3,35
1761623906.8480508,-2,-7,37
1761623906.8840508,-1,-8,40
1761623906.9210508,-3,-2,37
1761623906.9600508,0,3,45
1761623906.9980507,1,-1,44
1761623907.0340507,-3,1,40
1761623907.0710506,0,-6,35
1761623907.110051,4,0,34
1761623907.1480508,2,-3,33
1761623907.1840508,0,-2,26
1761623907.2210507,9,1,30
1761623907.2590508,-1,-3,27
1761623907.2950506,0,-4,30
1761623907.3320508,2,2,38
1761623907.370051,-4,8,42
1761623907.4060507,0,-1,28
1761623907.4430506,-1,-3,25
1761623907.4810507,1,-4,33
1761623907.5190508,0,0,21
1761623907.5550506,5,0,21
1761623907.5920508,7,-3,26
1761623907.630051,0,-8,37
1761623907.6670508,-2,-2,36
1761623907.7040508,0,0,31
1761623907.7420506,4,4,34
1761623907.7800508,2,3,40
1761623907.8160508,0,-2,34
1761623907.8530507,0,3,40
1761623907.8900506,-4,7,31
1761623907.926051,1,1,34
1761623907.9630508,0,-1,30
1761623908.0000508,3,3,20
1761623908.0360508,9,1,29
1761623908.0730507,1,-2,24
1761623908.110051,-5,-6,36
1761623908.1490507,-5,-4,26
1761623908.1850507,-3,-3,19
1761623908.2230508,-5,-2,24
1761623908.2610507,-9,-3,25
1761623908.3000507,-4,-2,23
1761623908.3360507,8,4,27
1761623908.3730507,5,-7,30
1761623908.4110508,-1,0,34
1761623908.449051,-3,0,41
1761623908.485051,-1,-4,31
1761623908.5220506,-8,-1,29
1761623908.561051,-4,-5,33
1761623908.5990508,0,-1,35
1761623908.6350508,-4,2,33
1761623908.6720507,-7,0,32
1761623908.7110507,-4,1,41
1761623908.7490506,0,-3,39
1761623908.7930508,0,0,39
1761623908.8310506,-2,-7,22
1761623908.870051,-5,-8,29
1761623908.9060507,-6,-5,25
1761623908.9440508,-8,-5,28
1761623908.982051,3,1,35
1761623909.0200508,8,1,29
1761623909.0560508,4,0,32
1761623909.0930507,0,0,45
1761623909.1310508,4,-6,31
1761623909.1690507,0,-2,36
1761623909.2050507,-7,-2,32
1761623909.2430508,-4,-5,27
1761623909.2810507,-4,-1,33
1761623909.3200507,-7,6,30
1761623909.3560507,-1,1,29
1761623909.393051,-4,-2,30
1761623909.4310508,-2,0,39
1761623909.4700508,1,0,35
1761623909.5060508,2,0,27
1761623909.5430508,-9,-2,25
1761623909.5810506,-2,-5,24
1761623909.620051,0,-6,30
1761623909.6560507,0,-9,35
1761623909.6930506,-2,-6,28
1761623909.7310507,2,0,18
1761623909.7670507,3,6,21
1761623909.8040507,0,1,21
1761623909.8410506,0,0,28
1761623909.8770506,-2,3,25
1761623909.9140508,-3,-1,20
1761623909.9520507,-11,2,33
1761623909.9900508,-5,1,41
1761623910.0260508,1,-2,41
1761623910.064051,6,2,45
1761623910.1010506,2,-6,35
1761623910.1370506,2,-3,25
1761623910.1750507,-5,2,36
1761623910.212051,-6,0,37
1761623910.2500508,5,-1,33
1761623910.2860508,0,2,30
1761623910.3230507,10,-2,40
1761623910.3610508,5,0,29
1761623910.3970506,0,5,25
1761623910.4340508,7,-6,29
1761623910.4730508,8,-7,33
1761623910.5110507,3,-2,33
1761623910.5470507,0,3,29
1761623910.584051,-6,0,34
1761623910.6220508,-3,1,37
1761623910.6600506,0,1,42
1761623910.6960506,-2,1,34
1761623910.7330508,-7,-2,46
1761623910.7720506,-9,-5,44
1761623910.8100507,-3,-1,41
1761623910.8460507,0,-2,33
1761623910.8840508,-3,-2,35
1761623910.9220507,0,-8,31
1761623910.9610507,1,-3,41
1761623910.9970508,0,0,31
1761623911.0340507,-9,-1,43
1761623911.0720508,-8,0,38
1761623911.1110508,-7,-1,43
1761623911.1470506,-6,-2,35
1761623911.1840508,1,-7,26
1761623911.222051,1,-2,25
1761623911.2600508,-4,-1,31
1761623911.2960508,0,-1,30
1761623911.334051,-3,0,49
1761623911.3720508,-2,-1,28
1761623911.4100506,-5,2,24
1761623911.4460506,-3,0,36
1761623911.4840508,1,5,29
1761623911.5220506,0,-4,32
1761623911.5600507,1,-7,31
1761623911.5960507,1,0,37
1761623911.633051,-6,-3,29
1761623911.6720507,-1,1,35
1761623911.7080507,0,4,29
1761623911.745051,-4,4,32
1761623911.7820508,-11,3,27
1761623911.8180506,-7,5,39
1761623911.8560507,1,-3,44
1761623911.893051,-1,-2,33
1761623911.9320507,-3,2,31
1761623911.9680507,-5,-2,30
1761623912.0060508,3,0,30
1761623912.0430508,1,2,37
1761623912.0810506,9,-3,31
1761623912.1170506,3,0,33
1761623912.1540508,2,-1,27
1761623912.1920507,2,-4,31
1761623912.2280507,-1,-4,22
1761623912.2660508,-1,0,26
1761623912.3030508,-2,-3,36
1761623912.3420508,1,0,41
1761623912.3780508,3,-1,30
1761623912.4170508,1,-6,33
1761623912.4540508,0,-2,34
1761623912.4920506,5,-3,32
1761623912.528051,10,-2,27
1761623912.5650508,7,-2,42
1761623912.6030507,6,2,28
1761623912.6410508,0,0,25
1761623912.6770508,2,-2,15
1761623912.7140508,-5,-2,26
1761623912.7530508,-1,-1,35
1761623912.791051,-2,-4,34
1761623912.8270507,-6,2,47
1761623912.8640506,1,1,24
1761623912.9020507,6,0,30
1761623912.939051,-1,0,30
1761623912.9760506,3,-3,23
1761623913.0130508,3,4,30
1761623913.051051,0,1,27
1761623913.087051,0,-3,35
1761623913.1240506,-3,-1,37
1761623913.163051,-7,-2,39
1761623913.2010508,0,0,34
1761623913.2370508,-1,1,38
1761623913.2740507,-6,4,26
1761623913.3120508,-2,-2,23
1761623913.3480508,-2,-2,25
1761623913.3860507,-2,-1,34
1761623913.4240508,0,-6,44
1761623913.4630508,3,-7,34
1761623913.5010507,4,-5,31
1761623913.5370507,3,-3,29
1761623913.574051,2,-12,26
1761623913.6120508,5,0,30
1761623913.6480508,3,-6,33
1761623913.6850507,6,-1,20
1761623913.7230508,5,0,37
1761623913.7610507,-3,2,24
1761623913.7970507,-4,3,31
1761623913.834051,-1,-1,22
1761623913.8730507,-4,-5,23
1761623913.9090507,2,-1,25
1761623913.9460506,1,-2,38
1761623913.9830508,-1,1,44
1761623914.0190508,-3,3,33
1761623914.0570507,-4,3,24
1761623914.0950508,-7,-1,32
1761623914.133051,1,2,42
1761623914.1690507,-2,3,39
1761623914.2070508,0,-2,32
1761623914.2440507,0,-2,34
1761623914.2820508,-1,-3,33
1761623914.3180506,0,-4,32
1761623914.3550508,-1,-6,34
1761623914.393051,-2,-6,32
1761623914.4320507,8,-7,35
1761623914.4680507,2,1,26
1761623914.505051,-9,0,24
1761623914.5430508,-8,6,23
1761623914.5790508,-7,0,25
1761623914.6160507,0,-6,31
1761623914.6550508,5,-7,36
1761623914.6930506,1,0,32
1761623914.7290506,3,-4,26
1761623914.7660508,-1,-1,30
1761623914.8050506,2,-2,15
1761623914.8430507,6,-6,23
1761623914.8790507,5,-1,26
1761623914.916051,-2,-5,41
1761623914.9550507,1,-1,24
1761623914.9930508,6,-1,33
1761623915.0290508,4,0,35
1761623915.0660508,-3,0,28
1761623915.1040506,1,-4,29
1761623915.1420507,0,2,35
1761623915.1780508,0,-1,36
1761623915.2150507,-3,1,35
1761623915.2540507,-4,3,35
1761623915.2920508,-5,-4,29
1761623915.3280506,1,-5,37
1761623915.3650508,-1,-2,24
1761623915.4040508,3,-3,25
1761623915.4420507,2,-7,28
1761623915.4780507,-5,-1,35
1761623915.5160508,-1,-2,37
1761623915.5550506,-3,6,26
1761623915.5930507,1,-7,39
1761623915.6290507,0,-6,31
1761623915.666051,-2,-1,28
1761623915.7040508,4,0,34
1761623915.7420506,2,-6,20
1761623915.778051,-6,-5,23
1761623915.8160508,-4,-3,27
1761623915.8540506,-2,-1,32
1761623915.893051,-4,2,32
1761623915.9290507,6,4,40
1761623915.9660506,7,-4,35
1761623916.0040507,0,5,30
1761623916.0400507,-1,-4,27
1761623916.0770507,5,-2,27
1761623916.1140506,0,-6,26
1761623916.1500506,-3,-2,24
1761623916.1870508,0,0,16
1761623916.2250507,1,5,31
1761623916.2630508,-3,0,50
1761623916.2990508,-2,2,38
1761623916.3360507,-1,-1,33
1761623916.3740506,-7,-3,36
1761623916.413051,-9,-1,32
1761623916.449051,-6,5,28
1761623916.4860508,-1,4,35
1761623916.5240507,0,-2,29
1761623916.5600507,3,-3,27
1761623916.597051,-1,1,30
1761623916.6340508,-7,3,41
1761623916.6700506,-9,1,31
1761623916.7080507,-9,-1,32
1761623916.7460508,0,6,30
1761623916.7840507,0,5,27
1761623916.8200507,0,0,34
1761623916.857051,-1,6,39
1761623916.8950508,-2,5,22
1761623916.9330506,-4,1,25
1761623916.9690506,2,-2,27
1761623917.0060508,5,-2,10
1761623917.0440507,1,2,31
1761623917.0800507,-2,-1,28
1761623917.1180508,-2,-2,33
1761623917.1560507,-6,0,36
1761623917.1940508,-3,-3,36
1761623917.2300508,-3,-3,33
1761623917.268051,-3,1,22
1761623917.3060508,-7,-3,17
1761623917.3450508,1,1,20
1761623917.383051,-5,4,24
1761623917.4190507,-1,-5,22
1761623917.4560506,-6,0,22
1761623917.4940507,-3,-5,26
1761623917.5300508,7,1,29
1761623917.5670507,-1,-1,36
1761623917.6050508,-5,1,27
1761623917.643051,-2,1,31
1761623917.6790507,-7,0,26
1761623917.7160506,-10,-4,33
1761623917.755051,-8,-6,47
1761623917.7930508,1,-5,29
1761623917.8290508,3,0,33
1761623917.8660507,0,-2,28
1761623917.9040508,-4,0,34
1761623917.9400508,-1,4,38
1761623917.9770508,0,-3,36
1761623918.0150506,1,2,23
1761623918.0530508,-1,-1,26
1761623918.0890508,-5,-3,38
1761623918.1280508,2,-4,39
1761623918.1650507,5,4,43
1761623918.2010508,1,-1,40
1761623918.2390506,-5,-1,33
1761623918.278051,-2,0,35
1761623918.3150508,-6,-1,30
1761623918.3540506,1,-6,32
1761623918.3900506,3,4,44
1761623918.4280508,4,1,19
1761623918.4650507,-2,-3,19
1761623918.5040507,0,-4,34
1761623918.5400507,0,-2,37
1761623918.5780506,0,-4,31
1761623918.6150508,0,-3,31
1761623918.6510508,-1,-2,23
1761623918.689051,-4,-4,22
1761623918.7280507,-3,0,33
1761623918.7650506,-1,0,18
1761623918.8090508,-4,-6,25
1761623918.847051,1,-3,21
1761623918.8850508,0,1,23
1761623918.9210508,0,-4,22
1761623918.9580507,0,-2,24
1761623918.995051,-2,2,37
1761623919.0310507,1,5,32
1761623919.0680506,2,1,31
1761623919.1060507,0,5,37
1761623919.1440508,-1,5,28
1761623919.1800506,-3,2,29
1761623919.2170508,-2,1,36
1761623919.2560508,2,-3,42
1761623919.2940507,0,0,46
1761623919.3300507,-4,0,36
1761623919.3670506,-5,0,32
1761623919.4060507,-4,-6,43
1761623919.4440508,-6,0,38
1761623919.4800508,-6,-2,46
1761623919.5170507,-8,-1,44
1761623919.5560508,-8,0,29
1761623919.5940506,-5,-6,30
1761623919.630051,0,-8,35
1761623919.6670508,-5,-6,24
1761623919.7060506,-1,-2,23
1761623919.7440507,-5,-4,32
1761623919.7800508,0,-5,25
1761623919.8170507,8,-3,34
1761623919.8560507,2,-10,40
1761623919.8940508,6,-9,38
1761623919.9300506,0,-6,32
1761623919.9670508,-4,-1,33
1761623920.0060508,-1,2,29
1761623920.0440507,0,0,32
1761623920.0800507,2,-1,27
1761623920.1170506,2,-4,23
1761623920.1560507,0,-2,28
1761623920.1940508,-1,2,23
1761623920.2300508,4,-2,26
1761623920.268051,-1,-4,26
1761623920.3060508,-2,-1,20
1761623920.3420508,-1,0,19
1761623920.3790507,1,-5,24
1761623920.4180508,3,4,27
1761623920.4560506,3,0,29
1761623920.4920506,0,-3,20
1761623920.5290508,1,-6,24
1761623920.5660508,2,-1,28
1761623920.6020508,-1,-5,15
1761623920.6400506,-1,-3,26
1761623920.6780508,-2,-5,27
1761623920.7160506,-5,4,28
1761623920.7520506,-7,0,23
1761623920.7890508,0,0,25
1761623920.8260508,1,-4,34
1761623920.8620508,2,-6,24
1761623920.8990507,5,2,22
1761623920.9370508,1,4,33
1761623920.9750507,7,2,38
1761623921.0110507,10,0,26
1761623921.0480506,3,-1,41
1761623921.0860507,5,-5,42
1761623921.1220508,1,-2,37
1761623921.1600506,-9,-5,40
1761623921.1970508,-8,-3,38
1761623921.2360508,1,-1,26
1761623921.2720506,9,-4,29
1761623921.3100507,0,0,25
1761623921.347051,2,1,26
1761623921.3850508,0,-3,28
1761623921.4210508,-1,-2,29
1761623921.4600508,4,-4,38
1761623921.4970508,1,0,35
1761623921.5350506,2,-6,44
1761623921.5710506,1,-3,41
1761623921.6080508,0,-3,29
1761623921.6460507,-6,1,29
1761623921.6820507,2,-2,33
1761623921.7190506,0,-1,33
1761623921.7570508,6,-4,29
1761623921.7950506,10,-1,46
1761623921.8310506,5,-4,34
1761623921.8690507,4,-12,33
1761623921.9070508,-1,-9,24
1761623921.9450507,3,-8,23
1761623921.9810507,3,0,28
1761623922.018051,0,6,37
1761623922.0560508,-6,0,23
1761623922.0920508,0,3,29
1761623922.130051,-3,4,36
1761623922.1670508,1,0,31
1761623922.2050507,-5,0,30
1761623922.2410507,3,-3,27
1761623922.278051,0,-2,33
1761623922.3160508,-1,-1,43
1761623922.3520508,2,-2,29
1761623922.3890507,6,0,34
1761623922.4270508,2,1,37
1761623922.4630508,1,-5,36
1761623922.5000508,8,-4,45
1761623922.538051,7,-5,27
1761623922.5770507,0,0,25
1761623922.6130507,0,-2,34
1761623922.6500506,10,2,31
1761623922.6870508,0,0,28
1761623922.7230508,-1,3,30
1761623922.7610507,0,4,33
1761623922.7980506,-1,6,35
1761623922.8360507,0,6,58
1761623922.8720508,-3,-1,43
1761623922.9090507,-1,0,24
1761623922.9470508,-11,-2,27
1761623922.9830508,-4,-6,38
1761623923.0200508,-2,-5,33
1761623923.0580506,2,-4,29
1761623923.0960507,2,-1,40
1761623923.1320508,4,0,36
1761623923.1700506,-2,-3,30
1761623923.2080507,-2,0,29
1761623923.2470508,2,-1,32
1761623923.2830508,6,0,25
1761623923.3200507,-1,-7,26
1761623923.3580508,-2,2,26
1761623923.3960507,3,3,29
1761623923.4320507,0,-1,34
1761623923.4700508,-1,-4,32
1761623923.5090508,0,-3,41
1761623923.5470507,0,-7,22
1761623923.5830507,-2,-1,30
1761623923.620051,1,-1,33
1761623923.6580508,8,-4,35
1761623923.6960506,-2,-4,35
1761623923.732051,-11,-1,35
1761623923.7700508,-1,-3,41
1761623923.8090508,1,1,35
1761623923.847051,8,-4,36
1761623923.883051,9,-6,34
1761623923.9200506,3,1,42
1761623923.9580507,7,6,26
1761623923.9960508,-4,-1,29
1761623924.0320508,-5,-7,40
1761623924.0700507,2,3,36
1761623924.1080508,-2,1,35
1761623924.1460507,-11,-3,27
1761623924.1820507,-11,-10,35
1761623924.2200508,-1,-3,28
1761623924.2590508,-6,-2,40
1761623924.2970507,0,-5,26
1761623924.3330507,-6,-4,29
1761623924.370051,-5,0,26
1761623924.4080508,-3,3,29
1761623924.4460506,-1,-3,37
1761623924.482051,2,-2,41
1761623924.5200508,0,0,39
1761623924.5580506,-4,-1,34
1761623924.5940506,-2,0,35
1761623924.6310508,-4,-1,24
1761623924.6690507,2,-2,26
1761623924.7070508,-7,0,29
1761623924.7430508,-3,-7,26
1761623924.7800508,2,-8,31
1761623924.8180506,1,-5,25
1761623924.8540506,2,-10,28
1761623924.8920507,-6,-7,21
1761623924.9290507,-5,3,30
1761623924.9670508,-5,4,27
1761623925.0030508,2,-4,28
1761623925.0400507,6,-7,35
1761623925.0780506,2,-1,28
1761623925.1140506,4,0,22
1761623925.1510508,3,0,19
1761623925.189051,1,3,16
1761623925.2270508,0,-7,32
1761623925.2630508,-2,-3,41
1761623925.3000507,-1,0,36
1761623925.3380508,-1,2,30
1761623925.3740506,3,3,36
1761623925.4120507,2,2,19
1761623925.449051,2,0,35
1761623925.4870508,0,-6,22
1761623925.5230508,-1,-6,27
1761623925.561051,-6,-5,35
1761623925.5990508,-2,3,35
1761623925.6380508,-4,1,30
1761623925.6750507,-6,1,26
1761623925.712051,-4,0,38
1761623925.7490506,3,1,34
1761623925.7870507,5,6,34
1761623925.8230507,5,2,41
1761623925.860051,-2,3,39
1761623925.8980508,3,4,36
1761623925.9340508,2,0,32
1761623925.9710507,-6,1,33
1761623926.0090508,0,3,29
1761623926.0470507,-9,-1,36
1761623926.0830507,-10,-1,27
1761623926.1210508,-4,-4,26
1761623926.1590507,-2,-1,36
1761623926.1980507,0,-4,33
1761623926.2340508,2,-8,48
1761623926.2710507,0,-2,34
1761623926.3090508,-4,-2,31
1761623926.347051,2,-8,32
1761623926.383051,-4,-9,27
1761623926.4210508,-1,0,36
1761623926.459051,1,-1,24
1761623926.4970508,-2,-3,36
1761623926.5330508,-2,0,30
1761623926.5700507,-3,1,29
1761623926.6090508,-3,1,28
1761623926.6470506,-5,8,29
1761623926.6830506,-3,2,23
1761623926.7200508,-8,0,32
1761623926.7590508,-13,0,32
1761623926.7950506,-6,-4,43
1761623926.8320508,-2,-3,37
1761623926.870051,-7,2,37
1761623926.9090507,3,0,31
1761623926.9450507,9,-1,31
1761623926.982051,0,-1,32
1761623927.0190508,0,0,33
1761623927.0550506,0,1,28
1761623927.0930507,3,-3,29
1761623927.130051,-5,-2,41
1761623927.1690507,-9,1,39
1761623927.2050507,-3,1,34
1761623927.2420506,-4,-2,29
1761623927.2800508,-6,0,28
1761623927.3190508,-3,-2,39
1761623927.3550508,0,-1,34
1761623927.3920507,7,-7,28
1761623927.4290507,0,-7,34
1761623927.4650507,5,-2,38
1761623927.5020506,8,0,32
1761623927.5390508,-3,-3,30
1761623927.5780506,0,0,25
1761623927.6140506,-4,-3,38
1761623927.6520507,1,-6,40
1761623927.6900508,-5,-5,43
1761623927.7280507,-10,3,41
1761623927.7640507,-2,2,51
1761623927.8020508,2,3,41
1761623927.8400507,2,-4,34
1761623927.8780508,0,-3,32
1761623927.9140508,1,0,36
1761623927.9520507,0,2,51
1761623927.9900508,-5,-5,47
1761623928.028051,-2,-3,41
1761623928.064051,-3,1,37
1761623928.1020508,-2,3,37
1761623928.1400506,0,-1,36
1761623928.1780508,-3,-1,29
1761623928.2140508,0,-1,32
1761623928.2520506,3,-6,32
1761623928.2900507,4,-10,31
1761623928.3290508,0,-2,28
1761623928.3650508,-5,4,31
1761623928.4020507,-8,-2,30
1761623928.4410508,1,-1,33
1761623928.4790506,0,-5,36
1761623928.5150506,0,0,41
1761623928.5520508,0,1,46
1761623928.5900507,-1,2,41
1761623928.6280508,0,-3,40
1761623928.6640508,3,0,32
1761623928.7010508,0,9,37
1761623928.7390506,-3,7,30
1761623928.7750506,-6,3,35
1761623928.8210506,-2,-1,39
1761623928.8590508,1,0,45
1761623928.8950508,-4,4,35
1761623928.9330506,-3,-6,34
1761623928.9700508,0,1,27
1761623929.0060508,-2,0,17
1761623929.0440507,4,0,25
1761623929.0810506,0,-5,31
1761623929.1190507,-6,-2,35
1761623929.1550508,-2,-9,31
1761623929.1930506,2,-8,32
1761623929.2310507,-5,3,29
1761623929.2700508,0,-3,33
1761623929.3060508,-1,-9,39
1761623929.3430507,4,-4,35
1761623929.3810508,-1,-2,29
1761623929.4200506,-2,-4,23
1761623929.4560506,-1,-9,32
1761623929.4940507,-2,1,31
1761623929.5310507,1,0,25
1761623929.5690508,-4,-1,31
1761623929.6050508,1,-1,23
1761623929.6420507,5,0,25
1761623929.6800506,-1,-1,36
1761623929.7160506,2,0,43
1761623929.7530508,-8,1,39
1761623929.7900507,-6,-3,38
1761623929.8290508,-2,-2,38
1761623929.8650508,-1,0,31
1761623929.903051,2,0,30
1761623929.9410508,0,-3,29
1761623929.9790506,-1,-5,30
1761623930.0150506,8,-7,32
1761623930.0530508,0,-4,29
1761623930.0910506,0,-2,28
1761623930.1290507,2,-4,42
1761623930.166051,-4,-4,40
1761623930.2030506,-5,-3,35
1761623930.2410507,-5,0,30
1761623930.2790508,-1,2,25
1761623930.3160508,-5,1,28
1761623930.3530507,-3,-3,28
1761623930.3910508,-1,3,34
1761623930.4300506,6,0,33
1761623930.4660506,11,0,25
1761623930.5030508,5,0,24
1761623930.541051,3,2,18
1761623930.5790508,-1,8,29
1761623930.6160507,-4,3,31
1761623930.653051,2,-2,33
1761623930.6910508,0,-5,29
1761623930.7290506,-2,-2,33
1761623930.7660508,-1,0,39
1761623930.8030508,-3,0,37
1761623930.8410506,-3,-3,37
1761623930.8790507,-2,-5,40
1761623930.916051,0,0,33
1761623930.9530506,0,-6,36
1761623930.9910507,0,-3,33
1761623931.0290508,-7,-7,42
1761623931.0650508,-1,-5,42
1761623931.1030507,-5,-4,41
1761623931.1410508,0,-4,37
1761623931.1770508,1,5,29
1761623931.2140508,-7,1,24
1761623931.2510507,-6,0,30
1761623931.2870507,-3,-2,39
1761623931.324051,-3,1,35
1761623931.3620508,7,1,31
1761623931.4000506,-2,1,42
1761623931.436051,0,0,36
1761623931.4740508,2,-1,33
1761623931.5110507,-1,1,27
1761623931.5470507,0,0,31
1761623931.584051,-2,0,40
1761623931.6210508,3,-2,42
1761623931.6600506,0,1,35
1761623931.6960506,0,-7,29
1761623931.7330508,-6,-7,32
1761623931.7710507,-3,-3,38
1761623931.8100507,-2,-6,37
1761623931.8460507,-2,-9,31
1761623931.883051,3,-6,42
1761623931.9210508,7,-8,37
1761623931.9570508,2,-7,27
1761623931.9940507,3,0,38
1761623932.0320508,-8,-3,39
1761623932.0700507,-4,1,30
1761623932.1060507,-5,-3,30
1761623932.1440508,-7,-5,32
1761623932.1820507,2,-4,21
1761623932.2210507,-5,0,26
1761623932.2570508,-6,-7,33
1761623932.2940507,11,0,27
1761623932.3320508,0,-2,30
1761623932.370051,2,-2,35
1761623932.4060507,3,4,26
1761623932.4430506,0,3,27
1761623932.4810507,7,-2,32
1761623932.5170507,3,-2,29
1761623932.5540507,-5,-1,23
1761623932.5920508,1,0,34
1761623932.630051,2,-5,31
1761623932.666051,-2,-3,28
1761623932.7040508,-1,3,34
1761623932.7420506,0,4,34
1761623932.7800508,0,-2,48
1761623932.8160508,-2,-3,38
1761623932.8530507,2,2,29
1761623932.8910508,3,3,36
1761623932.9270508,3,5,40
1761623932.9640508,6,-4,35
1761623933.0030508,3,-5,32
1761623933.041051,7,-4,14
1761623933.0770507,6,-5,23
1761623933.1140506,1,4,25
1761623933.1520507,-5,2,37
1761623933.1900508,-2,3,31
1761623933.2260506,0,6,23
1761623933.2630508,4,6,32
1761623933.301051,1,-1,29
1761623933.337051,0,-7,28
1761623933.3740506,6,-7,33
1761623933.4120507,-4,-9,23
1761623933.4510508,-7,-3,39
1761623933.4870508,-3,1,39
1761623933.5240507,2,-3,42
1761623933.5620508,4,0,41
1761623933.5980508,-3,0,45
1761623933.6350508,-4,-2,36
1761623933.6730506,-1,-5,31
1761623933.712051,0,-1,23
1761623933.7480507,0,-8,30
1761623933.7850506,-2,-3,23
1761623933.8230507,-6,-1,26
1761623933.8620508,1,6,33
1761623933.8980508,-1,-3,30
1761623933.9350507,-1,-7,35
1761623933.9730508,-1,-3,34
1761623934.0120506,0,2,34
1761623934.0480506,-6,1,39
1761623934.0850508,-6,1,25
1761623934.1220508,-10,-6,30
1761623934.1610508,2,-10,24
1761623934.1970508,0,-8,31
1761623934.235051,3,-6,29
1761623934.2730508,1,-4,34
1761623934.311051,0,-8,30
1761623934.347051,3,-8,21
1761623934.3850508,0,7,20
1761623934.4230506,-11,1,40
1761623934.4610507,-10,1,48
1761623934.4970508,-1,-2,33
1761623934.5350506,-4,-5,35
1761623934.5730507,-2,1,35
1761623934.6110508,4,-1,32
1761623934.6470506,4,-3,29
1761623934.6850507,-1,-10,34
1761623934.7230508,0,3,29
1761623934.7610507,2,5,41
1761623934.7970507,2,4,30
1761623934.8350508,1,0,22
1761623934.8730507,1,-3,31
1761623934.9110508,5,-1,26
1761623934.9470508,1,-1,35
1761623934.985051,-4,-7,38
1761623935.0240507,-5,-3,30
1761623935.0620508,3,-1,29
1761623935.0980508,7,-5,30
1761623935.1350508,-1,-1,37
1761623935.1730506,1,6,20
1761623935.2110507,1,3,31
1761623935.2470508,0,-3,25
1761623935.2850506,-4,3,35
1761623935.3230507,-1,-4,36
1761623935.3610508,-10,-5,38
1761623935.3970506,-7,2,26
1761623935.4350507,-2,1,23
1761623935.4730508,-7,4,19
1761623935.5090508,-6,0,26
1761623935.5460508,-8,0,42
1761623935.5830507,6,-5,37
1761623935.6190507,2,-3,24
1761623935.6560507,-2,0,30
1761623935.6930506,5,-3,31
1761623935.732051,0,-3,28
1761623935.768051,2,-2,23
1761623935.8050506,0,-5,25
1761623935.8430507,-7,0,32
1761623935.8790507,-1,0,38
1761623935.916051,7,-1,30
1761623935.9540508,2,-7,27
1761623935.9920506,-2,0,32
1761623936.028051,-8,6,32
1761623936.0650508,-6,5,36
1761623936.1030507,0,4,24
1761623936.1390507,0,0,36
1761623936.1770508,5,-1,37
1761623936.2150507,5,0,33
1761623936.2530508,-1,0,26
1761623936.2890508,-2,0,34
1761623936.3260508,-6,-3,27
1761623936.3640506,-1,-9,24
1761623936.403051,0,0,33
1761623936.439051,-1,0,34
1761623936.4770508,-7,-3,27
1761623936.5150506,0,2,26
1761623936.5530508,0,-3,33
1761623936.5890508,1,0,31
1761623936.6280508,4,-2,31
1761623936.6650507,0,-3,26
1761623936.7030506,2,0,26
1761623936.7390506,5,4,36
1761623936.7760508,0,0,34
1761623936.814051,4,-6,44
1761623936.8520508,0,0,40
1761623936.8880508,-4,-5,37
1761623936.9250507,2,-10,22
1761623936.9640508,4,1,28
1761623937.0020506,7,-4,17
1761623937.038051,4,-6,31
1761623937.0750508,3,-1,34
1761623937.1140506,-8,-2,23
1761623937.1520507,0,-1,30
1761623937.1880507,-1,-6,29
1761623937.2250507,-12,-6,25
1761623937.2640507,-10,3,34
1761623937.3020508,-6,5,47
1761623937.3380508,-4,1,42
1761623937.3750508,-1,1,35
1761623937.413051,1,-4,27
1761623937.449051,-2,0,17
1761623937.4860508,-1,0,27
1761623937.5240507,4,-6,32
1761623937.5620508,4,-5,40
1761623937.5980508,4,-3,36
1761623937.6360507,-1,-2,29
1761623937.6740508,-3,-6,30
1761623937.7130508,1,-4,25
1761623937.7490506,0,0,35
1761623937.7860508,1,-3,29
1761623937.824051,2,-1,28
1761623937.860051,3,-2,27
1761623937.8970506,-1,-3,29
1761623937.9350507,-1,-2,41
1761623937.9740508,0,5,29
1761623938.0100508,2,-2,33
1761623938.0470507,-8,-3,25
1761623938.0850508,0,-6,27
1761623938.1230507,8,-3,27
1761623938.1590507,3,-7,33
1761623938.1960506,1,-7,25
1761623938.2340508,-1,-12,22
1761623938.2700508,1,-6,25
1761623938.3070507,-1,-8,39
1761623938.3450508,0,0,34
1761623938.383051,3,0,27
1761623938.4190507,0,0,22
1761623938.4560506,6,-8,39
1761623938.4940507,6,-6,30
1761623938.5330508,0,-1,34
1761623938.5690508,0,3,52
1761623938.607051,-2,1,40
1761623938.6450508,0,-4,41
1761623938.6830506,1,-12,36
1761623938.7190506,4,-7,36
1761623938.7560508,-2,-4,33
1761623938.7950506,-4,4,28
1761623938.8390508,0,0,28
1761623938.8760507,-5,0,23
1761623938.9150507,6,4,21
1761623938.9530506,6,-2,31
1761623938.9890506,4,0,35
1761623939.0260508,4,-2,17
1761623939.064051,4,-2,13
1761623939.1000507,6,-4,20
1761623939.1380508,-2,-4,30
1761623939.176051,-5,-6,39
1761623939.2140508,-5,-4,36
1761623939.2500508,-2,-4,33
1761623939.2870507,5,-1,26
1761623939.3250508,-6,1,26
1761623939.3630507,-1,0,25
1761623939.3990507,-3,-1,26
1761623939.4370508,0,2,29
1761623939.4750507,-7,-2,31
1761623939.5130508,1,2,23
1761623939.5490508,2,7,27
1761623939.587051,-6,3,29
1761623939.6250508,-7,5,33
1761623939.663051,-4,0,28
1761623939.699051,-4,-1,30
1761623939.7370508,-5,-1,25
1761623939.7750506,0,0,33
1761623939.8130507,3,1,27
1761623939.8490508,0,1,25
1761623939.8870506,2,4,31
1761623939.9250507,-4,-8,32
1761623939.9610507,-5,-7,35
1761623939.9980507,-3,-4,31
1761623940.0360508,-3,2,19
1761623940.074051,-1,-2,30
1761623940.110051,0,-3,44
1761623940.1470506,0,-7,29
1761623940.1850507,5,-4,23
1761623940.2210507,1,-3,26
1761623940.258051,5,-7,27
1761623940.2960508,0,-3,29
1761623940.334051,0,-6,29
1761623940.370051,3,-1,29
1761623940.4080508,-1,-4,25
1761623940.4460506,3,-1,25
1761623940.485051,0,5,26
1761623940.5210507,-5,3,32
1761623940.5580506,-1,1,25
1761623940.5950508,1,0,29
1761623940.6310508,-6,2,35
1761623940.6680508,3,1,32
1761623940.7060506,3,0,22
1761623940.7440507,11,3,25
1761623940.7800508,2,0,23
1761623940.8170507,-1,0,24
1761623940.8550508,1,-5,27
1761623940.8910508,-4,-6,36
1761623940.9280508,-1,3,38
1761623940.9660506,3,1,33
1761623941.005051,10,1,26
1761623941.041051,13,4,30
1761623941.0780506,0,1,33
1761623941.1160507,-1,2,42
1761623941.1540508,-12,-7,54
1761623941.1900508,-8,-1,46
1761623941.2280507,2,2,48
1761623941.2660508,-6,4,39
1761623941.3040507,-9,-1,37
1761623941.3400507,-5,0,35
1761623941.3780508,-8,-1,31
1761623941.416051,-5,1,38
1761623941.4550507,0,0,37
1761623941.4910507,-1,-4,19
1761623941.528051,0,-2,22
1761623941.5660508,0,-1,30
1761623941.6040506,-7,-3,35
1761623941.6400506,-6,1,39
1761623941.6770508,-8,0,32
1761623941.7150507,-3,0,29
1761623941.7510507,-5,1,31
1761623941.7890508,-3,2,32
1761623941.8260508,-15,4,36
1761623941.8650508,-4,6,32
1761623941.9010508,4,4,29
1761623941.9380507,-2,-1,28
1761623941.9760506,-2,-3,33
1761623942.0150506,0,-6,16
1761623942.051051,-6,-1,26
1761623942.0890508,0,-3,23
1761623942.1270506,5,-2,34
1761623942.1650507,4,-5,37
1761623942.2010508,-5,4,30
1761623942.2390506,4,-2,38
1761623942.2760508,3,-4,29
1761623942.3120508,6,3,36
1761623942.3490508,-1,5,33
1761623942.3860507,2,-6,21
1761623942.4220507,0,1,24
1761623942.4600508,-1,0,25
1761623942.4970508,2,0,28
1761623942.5350506,-5,-3,22
1761623942.5710506,-4,-3,26
1761623942.6080508,5,0,29
1761623942.6460507,-3,2,26
1761623942.6820507,0,0,29
1761623942.7190506,0,0,30
1761623942.7560508,-7,3,30
1761623942.7920508,-4,-1,29
1761623942.8290508,2,0,26
1761623942.8670506,0,-2,24
1761623942.9050508,0,-2,36
1761623942.9410508,-5,1,40
1761623942.9780507,0,1,38
1761623943.0160508,-2,4,34
1761623943.0520508,1,-2,31
1761623943.0890508,1,-1,35
1761623943.1270506,1,-4,39
1761623943.1650507,-11,-5,45
1761623943.2010508,-5,3,33
1761623943.2380507,-2,5,37
1761623943.2760508,0,-1,29
1761623943.3120508,0,0,25
1761623943.3490508,-2,0,38
1761623943.3870506,-6,3,43
1761623943.4250507,-11,2,40
1761623943.4610507,-5,1,34
1761623943.4980507,0,0,38
1761623943.5360508,1,-5,33
1761623943.5720508,-3,-6,40
1761623943.610051,0,2,38
1761623943.6470506,5,4,39
1761623943.6850507,3,0,32
1761623943.7210507,-1,3,40
1761623943.758051,-2,0,27
1761623943.7970507,1,0,33
1761623943.8350508,3,0,27
1761623943.8710508,2,-4,31
1761623943.9080508,-3,0,36
1761623943.9470508,-9,-3,29
1761623943.985051,-3,1,41
1761623944.0210507,5,1,38
1761623944.0580506,-5,2,36
1761623944.0960507,-9,6,38
1761623944.1320508,-1,4,33
1761623944.1690507,-4,0,48
1761623944.2070508,-2,-1,28
1761623944.2430508,-2,1,26
1761623944.2810507,-2,-3,30
1761623944.3190508,-5,-3,40
1761623944.357051,-7,-1,37
1761623944.3960507,0,0,35
1761623944.4320507,3,-1,36
1761623944.4690506,2,-2,38
1761623944.5070508,0,-1,32
1761623944.5430508,-4,1,23
1761623944.5800507,-3,-3,38
1761623944.6180508,0,8,31
1761623944.6560507,1,2,28
1761623944.6920507,3,2,27
1761623944.7290506,4,-7,38
1761623944.7670507,-6,0,41
1761623944.8030508,0,3,29
1761623944.8400507,-3,-5,36
1761623944.8780508,-1,3,35
1761623944.9170508,-8,0,37
1761623944.9530506,-6,-3,35
1761623944.9900508,1,-1,32
1761623945.028051,2,-5,27
1761623945.0660508,0,-3,35
1761623945.1020508,0,-3,34
1761623945.1400506,-1,0,33
1761623945.1780508,1,-1,39
1761623945.2160506,-4,-2,46
1761623945.2530508,-4,0,34
1761623945.2900507,-3,-7,19
1761623945.3280506,-5,-2,27
1761623945.3670506,-13,0,17
1761623945.403051,-6,-1,29
1761623945.4400508,1,0,28
1761623945.4780507,5,0,26
1761623945.5160508,5,-7,45
1761623945.5520508,0,0,37
1761623945.5890508,0,-1,31
1761623945.6280508,-4,-2,29
1761623945.666051,-4,-1,26
1761623945.7030506,-6,0,30
1761623945.7400508,-4,0,31
1761623945.778051,1,-2,32
1761623945.8160508,2,0,40
1761623945.8520508,0,6,35
1761623945.8900506,2,-1,39
1761623945.9280508,-1,0,26
1761623945.9660506,-5,1,30
1761623946.0030508,2,8,34
1761623946.0400507,1,0,34
1761623946.0780506,4,1,32
1761623946.1160507,1,-4,43
1761623946.1520507,5,-1,33
1761623946.1900508,3,1,23
1761623946.2280507,-1,0,21
1761623946.2640507,-2,0,34
1761623946.301051,4,1,41
1761623946.3380508,-2,4,37
1761623946.3740506,-2,4,32
1761623946.4110508,0,-7,33
1761623946.4480507,6,-6,36
1761623946.4840508,4,-1,37
1761623946.5220506,-1,-2,27
1761623946.561051,2,-3,23
1761623946.5980508,7,-4,37
1761623946.6340508,5,-2,44
1761623946.6720507,-5,-1,26
1761623946.7110507,-6,-5,23
1761623946.7480507,-6,-1,27
1761623946.7870507,-5,0,40
1761623946.8230507,1,2,36
1761623946.860051,-5,0,37
1761623946.8980508,-5,-4,30
1761623946.9370508,2,-5,37
1761623946.9730508,-1,-6,26
1761623947.0100508,1,0,24
1761623947.0480506,-6,-4,26
1761623947.084051,0,-2,32
1761623947.1220508,-9,4,30
1761623947.1590507,1,-1,34
1761623947.1970508,1,-7,28
1761623947.2330508,1,-5,25
1761623947.2700508,-6,-6,28
1761623947.3090508,-5,0,27
1761623947.347051,-7,-1,25
1761623947.383051,0,-1,30
1761623947.4200506,2,-2,38
1761623947.4580507,0,-2,22
1761623947.4940507,-4,1,30
1761623947.5310507,-6,3,29
1761623947.5690508,0,-5,35
1761623947.607051,0,-5,31
1761623947.643051,-4,-3,26
1761623947.6810508,1,-5,31
1761623947.7190506,0,-4,35
1761623947.7570508,1,0,43
1761623947.7930508,0,-3,39
1761623947.8300507,2,0,40
1761623947.8690507,-7,-1,31
1761623947.9070508,0,2,24
1761623947.9430506,-2,2,15
1761623947.9810507,2,-2,24
1761623948.0190508,0,-4,28
1761623948.0570507,-1,-2,33
1761623948.0930507,3,3,29
1761623948.1310508,-6,-4,32
1761623948.1690507,2,-6,40
1761623948.2070508,2,0,29
1761623948.2430508,1,-4,31
1761623948.2800508,-3,-8,33
1761623948.3190508,0,-2,21
1761623948.357051,-2,-4,23
1761623948.393051,-3,1,29
1761623948.4300506,-2,2,30
1761623948.4690506,2,0,24
1761623948.505051,3,-4,31
1761623948.5420508,2,-5,28
1761623948.5800507,0,-5,34
1761623948.6190507,-2,0,34
1761623948.6550508,-4,-1,40
1761623948.6930506,-1,5,38
1761623948.7300508,3,3,45
1761623948.7690508,2,3,38
1761623948.8050506,3,-3,32
1761623948.8510506,-2,-3,31
1761623948.8890507,2,0,25
1761623948.9250507,4,-5,33
1761623948.9630508,-3,3,28
1761623949.0000508,-3,0,34
1761623949.038051,0,-9,39
1761623949.074051,2,-9,31
1761623949.1110508,3,-3,22
1761623949.1490507,1,-8,31
1761623949.1880507,-8,-14,33
1761623949.2240508,-5,-12,36
1761623949.2610507,-3,-5,37
1761623949.3000507,-2,-10,38
1761623949.3380508,0,-7,27
1761623949.3740506,1,-6,25
1761623949.4110508,5,3,25
1761623949.449051,-1,-5,42
1761623949.485051,4,-3,31
1761623949.5220506,0,-6,33
1761623949.5600507,-5,-7,25
1761623949.5980508,-2,-2,36
1761623949.6340508,-3,-1,41
1761623949.6720507,4,0,29
1761623949.7100508,3,0,29
1761623949.7480507,-2,-3,39
1761623949.7840507,-2,-4,27
1761623949.8220508,-2,-4,33
1761623949.8610508,-1,-6,32
1761623949.8990507,2,-4,33
1761623949.9350507,-8,-5,33
1761623949.972051,-4,-2,27
1761623950.0110507,10,-5,34
1761623950.0490508,-2,-2,28
1761623950.0850508,-2,-5,24
1761623950.1220508,-1,0,28
1761623950.1600506,-3,-2,28
1761623950.1980507,4,-1,37
1761623950.2340508,-2,-4,29
1761623950.2720506,-5,-3,21
1761623950.311051,-6,-3,32
1761623950.3490508,-12,2,32
1761623950.3850508,-9,0,23
1761623950.4220507,-2,-4,29
1761623950.4600508,2,0,18
1761623950.4980507,-4,2,24
1761623950.5340507,-3,-3,31
1761623950.5720508,-2,3,19
1761623950.610051,0,-6,31
1761623950.6460507,5,1,30
1761623950.6830506,-2,0,37
1761623950.7200508,4,1,24
1761623950.7560508,4,0,35
1761623950.7930508,7,6,24
1761623950.8300507,2,0,33
1761623950.8660507,4,-10,27
1761623950.903051,-4,-6,34
1761623950.9410508,-5,0,43
1761623950.9800508,-5,1,28
1761623951.0160508,3,0,31
1761623951.0530508,-3,0,42
1761623951.0900507,-5,-4,34
1761623951.1290507,-2,-1,33
1761623951.1650507,6,-5,40
1761623951.2030506,-4,0,34
1761623951.2400508,0,-4,33
1761623951.2760508,-1,-8,26
1761623951.3130507,-1,3,25
1761623951.3500507,3,3,29
1761623951.3860507,7,-7,26
1761623951.4230506,-6,-1,28
1761623951.4610507,1,1,30
1761623951.4990506,5,0,33
1761623951.5350506,4,0,38
1761623951.5720508,-3,0,27
1761623951.610051,-5,-3,28
1761623951.6460507,1,-2,34
1761623951.6830506,-3,2,28
1761623951.7210507,1,-2,25
1761623951.7590508,-3,-2,25
1761623951.7950506,-1,-8,33
1761623951.8320508,0,-5,26
1761623951.870051,0,-4,27
1761623951.9060507,1,5,28
1761623951.9440508,0,7,32
1761623951.9810507,2,-2,35
1761623952.0190508,1,-6,32
1761623952.0550506,-9,2,22
1761623952.0920508,-3,-1,24
1761623952.1310508,7,-6,32
1761623952.1690507,-3,-3,23
1761623952.2050507,1,-3,29
1761623952.2420506,0,-3,34
1761623952.2810507,9,2,31
1761623952.3190508,-8,-2,41
1761623952.3550508,-5,-1,38
1761623952.393051,-8,-4,41
1761623952.4310508,-2,0,40
1761623952.4700508,-7,-6,36
1761623952.5060508,-1,0,28
1761623952.5430508,-2,0,39
1761623952.5810506,0,0,32
1761623952.6190507,0,1,27
1761623952.6550508,5,7,28
1761623952.6920507,-3,0,32
1761623952.7310507,0,-5,24
1761623952.7670507,-5,3,28
1761623952.8050506,0,6,28
1761623952.8430507,-2,5,28
1761623952.8810508,3,0,26
1761623952.9170508,0,0,35
1761623952.9540508,-1,-8,41
1761623952.9920506,-2,0,36
1761623953.0300508,-6,2,31
1761623953.0660508,-4,-3,33
1761623953.1040506,0,-1,20
1761623953.1410508,2,-2,36
1761623953.1800506,-3,4,33
1761623953.2160506,-5,0,31
1761623953.2530508,-5,0,31
1761623953.291051,1,3,33
1761623953.3270507,-1,0,33
1761623953.3640506,-1,0,28
1761623953.4010508,-1,-6,35
1761623953.4400508,0,-6,30
1761623953.4760506,-1,-8,39
1761623953.5130508,-4,-9,35
1761623953.5520508,-4,-5,31
1761623953.5900507,-3,-4,28
1761623953.6260507,0,-1,38
1761623953.663051,-1,2,40
1761623953.7010508,-1,-2,32
1761623953.7370508,-3,0,26
1761623953.7740507,-1,2,24
1761623953.8120508,-9,0,22
1761623953.8500507,-5,-9,34
1761623953.8860507,-3,0,31
1761623953.9230506,-3,-1,39
1761623953.962051,-3,-2,37
1761623954.0010507,1,-4,39
1761623954.0370507,1,0,31
1761623954.074051,0,3,28
1761623954.1120508,-2,-1,27
1761623954.1500506,-3,-1,38
1761623954.186051,-7,2,35
1761623954.2230508,-3,-5,28
1761623954.2620506,6,7,18
1761623954.3000507,-5,9,22
1761623954.3360507,4,3,29
1761623954.3730507,2,-6,29
1761623954.4120507,-3,-3,41
1761623954.4500508,2,-1,28
1761623954.4860508,2,0,26
1761623954.5230508,3,1,19
1761623954.561051,-1,-2,22
1761623954.597051,0,0,18
1761623954.6340508,6,-2,25
1761623954.6720507,3,3,29
1761623954.7100508,2,-4,23
1761623954.7460508,0,-2,33
1761623954.7830508,0,0,34
1761623954.8210506,2,-2,35
1761623954.857051,3,0,36
1761623954.8940508,11,-6,29
1761623954.9320507,4,-3,32
1761623954.9680507,-5,4,29
1761623955.005051,-5,-5,24
1761623955.0430508,1,-4,33
1761623955.0820508,0,0,29
1761623955.1180508,2,2,33
1761623955.1550508,-1,3,26
1761623955.1930506,-11,0,24
1761623955.232051,-8,-7,31
1761623955.268051,-5,-2,22
1761623955.3050506,-2,-4,34
1761623955.3430507,-3,0,30
1761623955.3820508,-3,0,34
1761623955.4180508,0,4,37
1761623955.4550507,-7,-2,47
1761623955.4940507,-9,6,43
1761623955.5320508,5,7,31
1761623955.5680506,-1,-2,26
1761623955.6050508,-7,-2,36
1761623955.6440508,2,1,32
1761623955.6820507,0,1,34
1761623955.7180507,-2,-3,31
1761623955.7560508,0,-3,37
1761623955.7940507,4,-2,38
1761623955.8320508,2,-6,41
1761623955.8680508,3,-9,32
1761623955.9050508,7,-1,36
1761623955.9430506,-1,0,30
1761623955.9810507,-5,3,33
1761623956.0170507,0,-3,36
1761623956.0550506,2,3,40
1761623956.0930507,-4,-3,35
1761623956.1310508,2,-4,31
1761623956.1670508,5,0,34
1761623956.2050507,-8,-2,26
1761623956.2430508,-9,-2,40
1761623956.2820508,-3,6,30
1761623956.3180506,2,4,29
1761623956.3550508,2,5,28
1761623956.393051,-5,1,33
1761623956.4310508,-6,0,35
1761623956.4670508,-7,-6,21
1761623956.505051,-1,-8,29
1761623956.5430508,-8,-7,22
1761623956.5820508,-6,2,25
1761623956.6180508,-7,4,30
1761623956.6550508,1,0,28
1761623956.6930506,-3,-3,33
1761623956.7310507,-6,-6,35
1761623956.7670507,-3,-5,31
1761623956.8050506,0,2,32
1761623956.8430507,-6,4,31
1761623956.8810508,-1,-8,32
1761623956.9170508,0,-6,44
1761623956.9550507,-2,0,32
1761623956.9930508,1,-2,32
1761623957.0310507,0,-1,27
1761623957.0670507,-4,2,20
1761623957.1050508,0,0,28
1761623957.143051,3,2,20
1761623957.1790507,4,-7,22
1761623957.2160506,5,-1,32
1761623957.2530508,-1,-9,22
1761623957.2920508,0,-3,33
1761623957.3280506,-4,0,35
1761623957.3650508,3,-2,36
1761623957.403051,-2,-3,32
1761623957.439051,2,-1,22
1761623957.4760506,1,-8,38
1761623957.5130508,0,-7,31
1761623957.5490508,4,-13,28
1761623957.5860507,0,-4,36
1761623957.6230507,-3,-5,32
1761623957.6620507,2,-1,40
1761623957.6980507,-2,0,35
1761623957.735051,6,0,33
1761623957.7730508,2,1,34
1761623957.8090508,3,-2,32
1761623957.8460507,0,-1,41
1761623957.8840508,0,-1,38
1761623957.9230506,-3,-7,29
1761623957.959051,0,2,24
1761623957.9960508,-1,4,25
1761623958.0340507,-12,0,30
1761623958.0730507,-4,-4,36
1761623958.1090508,-2,0,26
1761623958.1460507,-4,-2,37
1761623958.1840508,7,-2,29
1761623958.2230508,0,-2,29
1761623958.2590508,-3,-6,28
1761623958.2960508,-4,7,35
1761623958.334051,1,-3,38
1761623958.3720508,-2,-3,33
1761623958.4080508,0,-6,19
1761623958.4450507,1,-1,35
1761623958.4830508,-7,-11,40
1761623958.5190508,-3,-12,33
1761623958.5570507,-5,-5,35
1761623958.5950508,-1,-4,31
1761623958.6340508,7,-1,39
1761623958.6720507,2,1,44
1761623958.7080507,-2,0,40
1761623958.745051,-5,-1,33
1761623958.7840507,-9,-3,33
1761623958.8220508,-7,0,39
1761623958.8660507,-8,-2,34
1761623958.9040508,-7,0,31
1761623958.9430506,0,1,30
1761623958.9790506,-5,0,38
1761623959.0160508,0,-2,22
1761623959.0540507,1,-2,33
1761623959.0920508,-4,0,29
1761623959.1280508,-3,-3,21
1761623959.1650507,-1,-5,24
1761623959.2040508,0,0,21
1761623959.2400508,4,-1,23
1761623959.2770507,-3,-7,34
1761623959.3150508,-3,-4,34
1761623959.3540506,1,-5,37
1761623959.3900506,3,-5,35
1761623959.4270508,-4,2,37
1761623959.4640508,-2,-4,18
1761623959.5030508,2,0,29
1761623959.5390508,3,-4,31
1761623959.5760508,2,0,35
1761623959.6140506,6,-1,35
1761623959.6500506,2,-7,23
1761623959.6880507,1,-7,37
1761623959.7250507,5,-7,41
1761623959.7630508,-1,-6,30
1761623959.7990508,2,0,27
1761623959.8360507,3,-1,40
1761623959.8740506,1,-3,32
1761623959.9100506,-2,0,37
1761623959.9480507,-14,0,28
1761623959.985051,-2,5,36
1761623960.0240507,-4,-5,41
1761623960.0600507,0,-2,27
1761623960.097051,5,1,29
1761623960.1350508,3,-2,35
1761623960.1730506,0,3,26
1761623960.209051,-1,0,23
1761623960.2460508,-1,1,33
1761623960.2850506,0,-1,43
1761623960.3230507,-5,-3,35
1761623960.3590508,0,-2,30
1761623960.3970506,2,0,31
1761623960.4350507,1,5,36
1761623960.4730508,4,2,41
1761623960.5100508,-2,-5,34
1761623960.5470507,0,0,32
1761623960.5850508,-1,0,39
1761623960.6230507,-2,2,42
1761623960.6590507,-4,1,37
1761623960.6960506,-2,-3,34
1761623960.735051,-6,-2,46
1761623960.7730508,-5,-1,37
1761623960.8090508,-5,2,30
1761623960.8460507,-2,-1,36
1761623960.8850508,-2,2,33
1761623960.9230506,-4,-2,22
1761623960.959051,0,-6,19
1761623960.9970508,-5,-10,30
1761623961.0360508,9,-4,32
1761623961.074051,2,8,31
1761623961.110051,5,4,32
1761623961.1470506,-1,1,32
1761623961.1850507,-1,1,35
1761623961.2230508,5,-5,37
1761623961.2590508,0,-2,23
1761623961.2960508,4,-4,21
1761623961.3350508,1,-1,30
1761623961.3710508,2,-6,35
1761623961.4080508,6,2,29
1761623961.4460506,0,0,35
1761623961.485051,2,7,32
1761623961.5210507,3,-1,39
1761623961.5580506,4,3,40
1761623961.5950508,-6,3,28
1761623961.6310508,0,0,29
1761623961.6680508,-4,2,31
1761623961.7060506,-9,3,30
1761623961.7440507,-8,5,17
1761623961.7800508,-13,1,27
1761623961.8170507,-1,2,12
1761623961.8550508,2,3,15
1761623961.8910508,-5,-2,32
1761623961.9300506,-7,-2,30
1761623961.9670508,2,0,26
1761623962.005051,3,-3,30
1761623962.041051,3,-10,35
1761623962.0780506,2,-6,30
1761623962.1150508,-5,-4,37
1761623962.1540508,0,2,32
1761623962.1900508,-1,0,34
1761623962.2270508,1,0,34
1761623962.2650506,-1,-1,26
1761623962.301051,1,-1,23
1761623962.3380508,1,9,25
1761623962.3760507,-4,-1,28
1761623962.4140508,0,-5,31
1761623962.4500508,-8,-3,27
1761623962.4880507,2,0,33
1761623962.5260508,6,-2,30
1761623962.5650508,6,-6,42
1761623962.6010506,1,-3,34
1761623962.6390507,1,0,38
1761623962.6770508,0,-5,28
1761623962.7150507,11,-3,38
1761623962.7510507,6,-1,37
1761623962.7890508,7,-1,39
1761623962.8260508,4,-1,32
1761623962.8640506,1,3,30
1761623962.9000506,3,4,35
1761623962.9370508,5,4,22
1761623962.9750507,-3,-2,21
1761623963.0110507,4,7,27
1761623963.0480506,3,1,24
1761623963.0860507,0,0,32
1761623963.1240506,-3,3,28
1761623963.1600506,-3,0,31
1761623963.1970508,-9,-8,39
1761623963.2360508,-7,-7,32
1761623963.2740507,-3,-6,35
1761623963.3100507,-5,-1,27
1761623963.347051,-2,1,25
1761623963.3850508,-5,-2,30
1761623963.4210508,3,-1,32
1761623963.4580507,1,6,33
1761623963.4960508,-1,-7,32
1761623963.5320508,0,-5,31
1761623963.5690508,1,-4,28
1761623963.6060507,-9,-3,25
1761623963.6450508,-4,3,23
1761623963.6810508,-1,-1,33
1761623963.7180507,0,2,30
1761623963.7560508,3,-5,23
1761623963.7920508,-2,-7,24
1761623963.8300507,0,-6,39
1761623963.8670506,8,-2,35
1761623963.9050508,3,-1,43
1761623963.9410508,3,-4,36
1761623963.9780507,-8,1,34
1761623964.0160508,6,5,40
1761623964.0520508,0,3,40
1761623964.0890508,-1,0,37
1761623964.1260507,-5,-6,43
1761623964.1650507,-5,-4,44
1761623964.2010508,-3,-2,28
1761623964.2390506,-2,1,23
1761623964.2760508,3,5,31
1761623964.3120508,2,4,33
1761623964.3490508,0,-4,35
1761623964.3870506,5,-1,29
1761623964.4250507,6,4,31
1761623964.4610507,-1,5,33
1761623964.4980507,-4,3,33
1761623964.5360508,-2,3,17
1761623964.5720508,-4,4,20
1761623964.610051,0,0,33
1761623964.6470506,11,-1,40
1761623964.6850507,-2,-1,29
1761623964.7210507,0,-3,33
1761623964.758051,0,-2,43
1761623964.7960508,-4,0,43
1761623964.8320508,-4,-4,37
1761623964.8690507,0,5,20
1761623964.9070508,-7,7,32
1761623964.9450507,-1,8,30
1761623964.9810507,2,2,33
1761623965.018051,0,1,43
1761623965.0560508,3,2,36
1761623965.0920508,4,-2,41
1761623965.130051,-2,-7,40
1761623965.1680508,-2,-8,28
1761623965.2060506,2,-4,36
1761623965.2420506,5,4,29
1761623965.2800508,7,0,16
1761623965.3180506,4,-5,24
1761623965.3560507,1,0,33
1761623965.393051,4,-7,31
1761623965.4300506,-4,-1,36
1761623965.4680507,5,-1,28
1761623965.5060508,0,0,22
1761623965.5430508,0,-3,22
1761623965.5800507,0,-5,24
1761623965.6170506,1,-6,21
1761623965.6560507,-1,1,28
1761623965.6920507,-2,-1,34
1761623965.7290506,-2,-11,31
1761623965.768051,12,-6,30
1761623965.8060508,7,-7,32
1761623965.8420508,2,-4,35
1761623965.8790507,0,-5,34
1761623965.9170508,-1,0,37
1761623965.9530506,0,9,37
1761623965.9900508,-9,1,48
1761623966.028051,-4,-2,43
1761623966.0670507,0,-4,42
1761623966.1030507,-1,4,42
1761623966.1400506,0,7,38
1761623966.1780508,0,0,41
1761623966.2160506,0,0,37
1761623966.2520506,1,-4,36
1761623966.2900507,-1,1,24
1761623966.3280506,-2,-11,23
1761623966.3670506,-3,-4,31
1761623966.403051,0,-4,33
1761623966.4400508,-1,1,31
1761623966.4790506,-4,0,32
1761623966.5170507,3,1,42
1761623966.5540507,3,-5,35
1761623966.5920508,2,2,33
1761623966.6290507,-4,0,26
1761623966.6670508,-1,1,32
1761623966.7030506,0,-1,39
1761623966.7410507,4,-2,35
1761623966.778051,6,0,31
1761623966.8160508,1,-10,31
1761623966.8520508,-4,-3,23
1761623966.8900506,2,-3,21
1761623966.9280508,1,-2,33
1761623966.9670508,0,3,38
1761623967.0030508,0,-1,34
1761623967.041051,-3,1,38
1761623967.0790508,5,-2,34
1761623967.1170506,2,-1,29
1761623967.153051,6,1,39
1761623967.1900508,1,0,31
1761623967.2280507,-2,7,30
1761623967.2660508,1,0,32
1761623967.3020508,0,0,35
1761623967.3390508,-2,0,31
1761623967.3780508,-4,0,29
1761623967.416051,-1,-4,29
1761623967.4520507,-2,0,29
1761623967.4890506,-4,0,35
1761623967.5270507,-3,0,28
1761623967.5630507,0,4,30
1761623967.6000507,0,3,36
1761623967.6380508,-3,0,38
1761623967.676051,2,1,36
1761623967.712051,0,6,37
1761623967.7490506,0,0,27
1761623967.7870507,0,3,24
1761623967.8230507,-7,6,17
1761623967.8610508,-2,0,29
1761623967.8990507,0,-7,32
1761623967.9370508,1,2,30
1761623967.9730508,4,0,28
1761623968.0110507,1,-9,28
1761623968.0490508,5,-6,27
1761623968.087051,3,-12,32
1761623968.1230507,-1,-4,33
1761623968.1620507,4,4,44
1761623968.199051,4,2,36
1761623968.2370508,-3,0,33
1761623968.2730508,5,-1,34
1761623968.311051,5,0,40
1761623968.3480508,6,-1,38
1761623968.3870506,0,0,37
1761623968.4230506,0,0,35
1761623968.4600508,1,0,38
1761623968.4980507,4,-1,42
1761623968.5340507,1,0,34
1761623968.5710506,2,2,31
1761623968.6090508,-4,0,30
1761623968.6470506,-4,0,34
1761623968.6830506,0,-2,41
1761623968.7210507,4,-6,27
1761623968.7590508,-4,-1,36
1761623968.7970507,0,2,38
1761623968.8330507,2,2,21
1761623968.8790507,15,-2,29
1761623968.9170508,3,-7,22
1761623968.9530506,-10,-9,36
1761623968.9920506,-9,-4,44
1761623969.0290508,-7,-3,32
1761623969.0680506,3,-2,35
1761623969.1040506,-2,4,30
1761623969.1420507,-1,-4,30
1761623969.1790507,1,0,30
1761623969.2170508,3,0,35
1761623969.2530508,1,-4,31
1761623969.2900507,3,-5,33
1761623969.3290508,-1,-10,33
1761623969.3670506,-6,-1,30
1761623969.403051,2,5,29
1761623969.4400508,2,5,39
1761623969.4780507,1,-7,42
1761623969.5140507,1,-1,35
1761623969.5520508,0,-1,37
1761623969.5890508,1,2,36
1761623969.6270506,-2,0,32
1761623969.663051,3,4,34
1761623969.7010508,1,0,24
1761623969.7390506,1,4,30
1761623969.7770507,-1,-11,32
1761623969.8130507,2,-1,31
1761623969.8510506,-3,-3,16
1761623969.8890507,6,1,13
1761623969.9270508,3,0,19
1761623969.9630508,0,2,21
1761623970.0010507,1,7,32
1761623970.0390508,5,-4,32
1761623970.0750508,4,-1,35
1761623970.1120508,2,0,35
1761623970.1490507,5,2,34
1761623970.1850507,2,-1,33
1761623970.222051,0,-1,27
1761623970.2600508,3,4,29
1761623970.2980506,3,7,30
1761623970.334051,-2,0,37
1761623970.3710508,6,3,16
1761623970.4090507,9,-1,39
1761623970.4450507,5,0,37
1761623970.482051,4,1,26
1761623970.5190508,-3,0,30
1761623970.5550506,0,4,24
1761623970.5920508,1,-5,23
1761623970.6290507,8,-2,25
1761623970.6650507,4,3,23
1761623970.7030506,3,2,38
1761623970.7400508,5,-6,27
1761623970.778051,3,-9,26
1761623970.814051,-1,-5,28
1761623970.8510506,0,-4,37
1761623970.8890507,-1,0,23
1761623970.9250507,-5,-3,36
1761623970.962051,-7,0,29
1761623971.0000508,-7,0,29
1761623971.0390508,-8,1,39
1761623971.0750508,-3,3,36
1761623971.1120508,-8,1,38
1761623971.1500506,-1,3,31
1761623971.1880507,-8,1,30
1761623971.2240508,1,0,35
1761623971.2620506,0,0,28
1761623971.3000507,1,0,34
1761623971.3380508,8,-6,30
1761623971.3740506,4,-5,25
1761623971.4110508,0,0,30
1761623971.449051,0,-5,22
1761623971.485051,-4,0,19
1761623971.5220506,-1,-1,32
1761623971.5600507,-3,-3,30
1761623971.5990508,5,-9,25
1761623971.6350508,2,-1,29
1761623971.6720507,2,2,29
1761623971.7100508,-4,-2,24
1761623971.7480507,-7,-4,34
1761623971.7840507,-1,-2,36
1761623971.8210506,0,0,27
1761623971.8590508,-5,-4,38
1761623971.8950508,-3,-3,31
1761623971.9320507,0,-1,37
1761623971.9700508,6,-2,30
1761623972.008051,2,0,38
1761623972.0440507,2,1,29
1761623972.0810506,6,-4,29
1761623972.120051,-1,-7,34
1761623972.1560507,2,-5,37
1761623972.1940508,4,-4,24
1761623972.232051,0,-10,23
1761623972.2710507,5,-1,36
1761623972.3090508,1,3,21
1761623972.3450508,-4,-3,26
1761623972.3820508,-5,-2,26
1761623972.4210508,-5,-4,32
1761623972.459051,-4,0,30
1761623972.495051,-1,0,38
1761623972.5320508,-5,-5,16
1761623972.5710506,-3,0,26
1761623972.6090508,0,-1,27
1761623972.6450508,7,-9,25
1761623972.6820507,5,-5,32
1761623972.7210507,6,1,29
1761623972.7590508,6,-1,28
1761623972.7950506,-3,-1,26
1761623972.8320508,-6,0,40
1761623972.870051,-1,0,31
1761623972.9060507,0,2,31
1761623972.9440508,3,3,40
1761623972.9810507,-3,-3,34
1761623973.0200508,-8,-1,34
1761623973.0560508,-5,-6,33
1761623973.0940506,1,-3,36
1761623973.1320508,-5,-3,35
1761623973.1710508,-2,0,31
1761623973.209051,-4,-2,41
1761623973.245051,-4,2,38
1761623973.2820508,-6,4,29
1761623973.3200507,-2,1,36
1761623973.3560507,-5,8,26
1761623973.3940508,0,8,30
1761623973.4310508,-5,0,22
1761623973.4700508,0,-2,24
1761623973.5060508,0,-4,38
1761623973.5440507,-1,-1,42
1761623973.5820508,-1,0,44
1761623973.620051,0,-1,39
1761623973.6560507,0,-7,24
1761623973.6950507,3,-6,34
1761623973.732051,4,-4,36
1761623973.7700508,3,2,36
1761623973.8060508,0,5,39
1761623973.8430507,-4,-1,32
1761623973.8810508,-9,0,31
1761623973.9200506,-3,-1,29
1761623973.9560506,0,0,33
1761623973.9940507,-2,-5,31
1761623974.0320508,-3,-8,35
1761623974.0710506,-2,-9,32
1761623974.1090508,-4,0,34
1761623974.1450508,2,-6,37
1761623974.1820507,1,-7,30
1761623974.2210507,3,-3,33
1761623974.2590508,2,3,29
1761623974.2950506,-1,0,31
1761623974.3320508,2,0,26
1761623974.370051,7,1,26
1761623974.4060507,-1,-4,28
1761623974.4430506,0,-9,19
1761623974.4810507,2,-5,28
1761623974.5200508,-5,-2,37
1761623974.5560508,-3,-4,39
1761623974.5950508,0,-10,39
1761623974.6320508,-6,-2,26
1761623974.6710508,-7,1,25
1761623974.7070508,-7,0,25
1761623974.745051,-3,-6,20
1761623974.7830508,-4,-4,21
1761623974.8210506,0,-4,16
1761623974.8580508,5,-7,29
1761623974.8950508,-2,0,22
1761623974.9320507,-4,1,29
1761623974.9700508,-4,3,36
1761623975.0060508,1,0,36
1761623975.0430508,0,-3,33
1761623975.0810506,3,1,23
1761623975.1170506,4,0,42
1761623975.1540508,3,7,40
1761623975.1910508,3,-1,36
1761623975.2270508,1,0,39
1761623975.2640507,-1,-2,31
1761623975.3020508,4,2,29
1761623975.3400507,-2,-2,20
1761623975.3760507,-9,-2,19
1761623975.413051,-6,-9,20
1761623975.4520507,0,3,24
1761623975.4900508,-1,-2,16
1761623975.5260508,-1,0,8
1761623975.5630507,-5,-1,32
1761623975.6020508,-5,-2,29
1761623975.6400506,-2,-2,35
1761623975.6770508,0,-3,30
1761623975.7140508,-5,1,33
1761623975.7520506,-3,0,30
1761623975.791051,0,-9,37
1761623975.8270507,-5,-1,37
1761623975.8640506,-7,1,29
1761623975.9020507,-1,2,31
1761623975.9400508,3,1,21
1761623975.9760506,-2,-1,25
1761623976.0140507,0,-2,29
1761623976.0520508,0,-9,19
1761623976.0900507,-4,1,23
1761623976.1260507,-4,-4,28
1761623976.1640508,4,-1,30
1761623976.2020507,2,-5,34
1761623976.2400508,4,-2,32
1761623976.2760508,2,0,36
1761623976.3130507,0,-2,40
1761623976.3510506,-9,0,32
1761623976.3870506,-5,0,29
1761623976.4240508,0,0,29
1761623976.462051,4,-1,31
1761623976.4980507,3,1,34
1761623976.5350506,0,-4,33
1761623976.5730507,5,2,38
1761623976.6110508,7,-2,36
1761623976.6470506,4,1,40
1761623976.6850507,-4,0,38
1761623976.722051,-8,0,41
1761623976.7610507,5,-3,37
1761623976.7970507,0,-2,34
1761623976.8350508,3,-5,19
1761623976.8740506,-3,-2,32
1761623976.9120507,-6,-6,20
1761623976.9480507,0,-13,26
1761623976.985051,1,-4,23
1761623977.0220506,-3,-2,42
1761623977.061051,-5,-5,36
1761623977.097051,-2,-4,28
1761623977.1350508,-3,3,32
1761623977.1720507,2,1,32
1761623977.2080507,5,-5,25
1761623977.245051,1,-6,29
1761623977.2830508,3,-1,28
1761623977.3210506,10,-3,35
1761623977.357051,2,-1,26
1761623977.3940508,-2,4,35
1761623977.4320507,2,2,36
1761623977.4680507,7,0,38
1761623977.505051,-2,-4,27
1761623977.5430508,-1,-4,31
1761623977.5820508,2,-3,25
1761623977.6180508,2,0,23
1761623977.6550508,5,-2,22
1761623977.6940508,0,0,23
1761623977.732051,-1,-2,28
1761623977.768051,0,1,31
1761623977.8050506,6,0,40
1761623977.8430507,-2,2,28
1761623977.8810508,4,3,21
1761623977.9170508,0,0,31
1761623977.9540508,1,-1,39
1761623977.9920506,0,-7,40
1761623978.028051,0,-6,39
1761623978.0660508,5,-3,36
1761623978.1030507,0,1,27
1761623978.1410508,0,-2,36
1761623978.1770508,5,4,35
1761623978.2140508,0,6,35
1761623978.2520506,0,5,30
1761623978.288051,1,-5,31
1761623978.3260508,1,-5,28
1761623978.3630507,-4,0,30
1761623978.4020507,-5,-4,36
1761623978.4380507,0,-5,31
1761623978.4750507,-1,-5,30
1761623978.5130508,3,-1,40
1761623978.5520508,6,4,33
1761623978.5880508,-1,3,41
1761623978.6250508,0,-1,25
1761623978.663051,5,-9,21
1761623978.699051,-3,-3,35
1761623978.7360508,-4,-1,42
1761623978.7740507,0,-2,31
1761623978.8120508,1,4,33
1761623978.8480508,-4,1,29
1761623978.8940508,-1,3,38
1761623978.9320507,7,-2,35
1761623978.9680507,5,-6,29
1761623979.005051,7,1,33
1761623979.0430508,-2,2,28
1761623979.0790508,-3,1,26
1761623979.1160507,7,0,17
1761623979.153051,3,0,19
1761623979.189051,-1,0,34
1761623979.2270508,0,1,43
1761623979.2640507,6,-1,34
1761623979.3020508,-2,-4,29
1761623979.3380508,-4,-4,33
1761623979.3750508,0,-2,40
1761623979.413051,3,-1,37
1761623979.449051,2,-2,29
1761623979.4860508,1,-3,20
1761623979.5240507,4,-1,23
1761623979.5620508,4,1,32
1761623979.5980508,5,-1,25
1761623979.6360507,3,-4,18
1761623979.6740508,3,-9,27
1761623979.712051,4,2,37
1761623979.7480507,0,5,30
1761623979.7850506,3,-4,32
1761623979.824051,0,0,38
1761623979.8620508,2,-5,41
1761623979.8980508,2,0,33
1761623979.9350507,3,5,41
1761623979.9740508,0,-8,26
1761623980.0120506,0,-9,36
1761623980.0480506,-1,0,41
1761623980.0850508,-1,0,23
1761623980.1230507,0,3,43
1761623980.1590507,-2,0,29
1761623980.1960506,0,-5,43
1761623980.2340508,2,2,36
1761623980.2720506,-5,-8,33
1761623980.3080506,-5,-8,34
1761623980.3460507,2,3,16
1761623980.3850508,2,-5,29
1761623980.4230506,0,2,35
1761623980.459051,2,5,42
1761623980.4960508,-3,0,33
1761623980.5350506,1,7,41
1761623980.5730507,0,1,33
1761623980.6090508,-2,-1,33
1761623980.6460507,3,2,39
1761623980.6840508,-2,-1,30
1761623980.722051,4,-1,44
1761623980.758051,0,-2,30
1761623980.7950506,2,-8,23
1761623980.8330507,-1,-1,40
1761623980.8690507,0,0,27
1761623980.9060507,0,0,21
1761623980.9440508,1,-8,28
1761623980.9800508,-2,-9,20
1761623981.018051,0,-2,27
1761623981.0560508,6,5,44
1761623981.0940506,2,3,46
1761623981.130051,3,4,30
1761623981.1680508,-2,0,34
1761623981.2050507,3,0,39
1761623981.2430508,7,0,27
1761623981.2790508,0,-5,28
1761623981.3160508,2,2,28
1761623981.3540506,6,0,38
1761623981.3900506,8,-2,28
1761623981.4270508,1,-3,25
1761623981.4640508,-3,-9,26
1761623981.5030508,-7,-4,28
1761623981.5390508,-3,-7,29
1761623981.5760508,-2,-5,30
1761623981.6140506,0,-1,29
1761623981.6500506,-5,0,31
1761623981.6870508,-5,4,17
1761623981.7250507,-11,0,23
1761623981.7630508,-9,-2,33
1761623981.7990508,-2,-1,39
1761623981.8360507,0,-1,29
1761623981.8750508,4,-9,29
1761623981.913051,0,-11,26
1761623981.949051,0,-4,26
1761623981.9870508,-1,5,31
1761623982.0250506,-2,-5,30
1761623982.0630507,-10,-5,36
1761623982.0990508,-3,-7,34
1761623982.1370506,3,-4,29
1761623982.1750507,-1,-2,34
1761623982.2130508,9,-2,27
1761623982.2490506,8,-2,36
1761623982.2860508,0,-2,36
1761623982.3250508,5,-4,20
1761623982.3630507,0,-7,23
1761623982.3990507,1,-5,26
1761623982.4370508,3,-9,24
1761623982.4750507,3,-4,30
1761623982.5130508,6,1,36
1761623982.5490508,-7,0,33
1761623982.587051,-5,-3,22
1761623982.6250508,-1,-2,31
1761623982.6640508,-1,2,28
1761623982.7000508,2,2,25
1761623982.7380507,5,-2,30
1761623982.7750506,-4,-2,26
1761623982.814051,-1,2,34
1761623982.8500507,-5,0,38
1761623982.8870506,-4,0,39
1761623982.9250507,-3,3,36
1761623982.9610507,0,-5,38
1761623982.9990506,0,-2,46
1761623983.0370507,2,3,40
1761623983.0750508,1,1,32
1761623983.1110508,-5,3,28
1761623983.1490507,-1,-4,36
1761623983.1870508,0,-4,34
1761623983.2250507,3,1,28
1761623983.2610507,-2,-7,34
1761623983.2990508,-4,2,28
1761623983.3360507,4,3,20
1761623983.3740506,-3,3,27
1761623983.4100506,-2,-3,32
1761623983.4470508,0,-8,34
1761623983.485051,0,-5,28
1761623983.5210507,-1,0,28
1761623983.5580506,-3,-2,33
1761623983.597051,7,-2,32
1761623983.6350508,0,-2,30
1761623983.6710508,-2,-6,25
1761623983.7080507,-6,-6,32
1761623983.7460508,1,-3,30
1761623983.7850506,-2,2,38
1761623983.8210506,-5,0,30
1761623983.8580508,2,-2,32
1761623983.8960507,-1,-11,34
1761623983.9340508,1,-9,31
1761623983.9710507,0,4,35
1761623984.008051,-1,3,30
1761623984.0460508,0,1,30
1761623984.084051,-7,-3,36
1761623984.120051,-4,-1,32
1761623984.1570508,4,-1,36
1761623984.1950507,5,-7,43
1761623984.2310507,-9,-7,48
1761623984.268051,-5,4,40
1761623984.3060508,0,0,37
1761623984.3440506,4,0,27
1761623984.380051,5,5,26
1761623984.4170508,8,-4,22
1761623984.4550507,-3,4,33
1761623984.4910507,-4,0,37
1761623984.528051,-4,-4,33
1761623984.5660508,-3,-6,30
1761623984.6050508,-2,-4,29
1761623984.6410508,0,0,30
1761623984.6780508,1,0,32
1761623984.7160506,4,-2,40
1761623984.7540507,3,-2,33
1761623984.7900507,9,-8,39
1761623984.8270507,4,-6,38
1761623984.8660507,-10,-2,36
1761623984.9040508,-4,-3,30
1761623984.9400508,0,-3,32
1761623984.9770508,0,-6,27
1761623985.0160508,1,0,32
1761623985.0540507,1,0,23
1761623985.0900507,1,-3,12
1761623985.1270506,-7,-6,17
1761623985.166051,4,-1,27
1761623985.2020507,4,0,40
1761623985.2390506,-3,3,31
1761623985.2770507,1,0,40
1761623985.3160508,2,4,38
1761623985.3520508,-3,1,30
1761623985.3890507,-1,-3,33
1761623985.4270508,0,2,27
1761623985.4650507,0,0,29
1761623985.5010507,2,0,29
1761623985.538051,5,-2,22
1761623985.5760508,0,-3,19
1761623985.6120508,-5,-1,26
1761623985.6490507,-7,3,26
1761623985.686051,-5,6,30
1761623985.7250507,-10,5,30
1761623985.7610507,-10,0,26
1761623985.7980506,-1,4,28
1761623985.8360507,-6,1,30
1761623985.8720508,-7,3,21
1761623985.9090507,-5,-6,22
1761623985.9470508,-1,-9,38
1761623985.9860508,0,-7,21
1761623986.0220506,1,-3,28
1761623986.0590508,0,-2,32
1761623986.097051,0,-2,24
1761623986.1350508,-2,-1,27
1761623986.1710508,-2,2,20
1761623986.2080507,1,7,22
1761623986.2460508,6,-3,32
1761623986.2820508,2,0,31
1761623986.3190508,-5,0,36
1761623986.357051,-5,0,27
1761623986.3950508,-5,2,29
1761623986.4310508,1,2,24
1761623986.4680507,2,1,30
1761623986.5060508,2,2,30
1761623986.5420508,4,-1,30
1761623986.5790508,2,-3,28
1761623986.6170506,-5,-1,29
1761623986.6550508,7,-1,34
1761623986.6910508,1,1,35
1761623986.7280507,5,-5,29
1761623986.7670507,2,-3,24
1761623986.8050506,5,1,36
1761623986.8410506,0,-3,30
1761623986.8780508,-2,-1,24
1761623986.9170508,-8,7,23
1761623986.9550507,-2,1,27
1761623986.9910507,-4,-3,29
1761623987.028051,-1,2,41
1761623987.0660508,3,2,41
1761623987.1020508,-1,-6,35
1761623987.1390507,4,-5,30
1761623987.1770508,0,0,27
1761623987.2150507,-4,0,35
1761623987.2510507,-6,0,35
1761623987.288051,-6,0,25
1761623987.3260508,-1,-8,36
1761623987.3620508,1,-2,28
1761623987.3990507,-4,-7,26
1761623987.4370508,-3,0,33
1761623987.4730508,1,6,41
1761623987.5100508,-7,5,39
1761623987.5470507,-3,0,49
1761623987.5830507,-1,-3,48
1761623987.6210508,-1,1,25
1761623987.6580508,1,-1,23
1761623987.6970508,4,-4,32
1761623987.7330508,2,3,31
1761623987.7700508,4,1,35
1761623987.8070507,7,-1,40
1761623987.8430507,0,3,26
1761623987.880051,-3,1,25
1761623987.9190507,-2,6,32
1761623987.9570508,-10,0,30
1761623987.9930508,-2,0,29
1761623988.0300508,-1,3,37
1761623988.0670507,-3,5,27
1761623988.1060507,1,4,32
1761623988.1420507,0,7,34
1761623988.1800506,-7,1,33
1761623988.2180507,-5,0,39
1761623988.2560508,-1,-4,28
1761623988.2920508,-6,-2,23
1761623988.3300507,0,2,27
1761623988.3680508,-3,1,32
1761623988.4060507,-2,-1,32
1761623988.4420507,-1,-2,32
1761623988.4800508,-1,-7,32
1761623988.5190508,0,-5,21
1761623988.5570507,-1,-2,39
1761623988.5930507,0,-5,28
1761623988.630051,5,-6,29
1761623988.6680508,8,-6,23
1761623988.7060506,0,0,35
1761623988.7420506,0,-5,34
1761623988.7790508,5,2,30
1761623988.8170507,4,1,42
1761623988.8530507,0,-2,31
1761623988.8990507,-2,1,35
1761623988.9370508,-5,-2,30
1761623988.9730508,0,1,30
1761623989.0100508,0,2,29
1761623989.0480506,0,4,25
1761623989.0860507,2,-6,24
1761623989.1220508,9,-4,30
1761623989.1590507,0,-8,32
1761623989.1970508,-4,-9,26
1761623989.2330508,-1,-2,27
1761623989.2700508,-6,-5,28
1761623989.3080506,0,-7,34
1761623989.347051,0,-6,19
1761623989.383051,0,-2,20
1761623989.4200506,0,-5,22
1761623989.4580507,5,0,27
1761623989.4970508,-3,-8,42
1761623989.5330508,-1,-11,35
1761623989.5700507,-6,-3,37
1761623989.6080508,-3,0,32
1761623989.6470506,0,-1,31
1761623989.6830506,0,0,32
1761623989.7200508,-2,-2,34
1761623989.758051,-2,-5,30
1761623989.7970507,-3,-5,29
1761623989.8330507,-4,-6,31
1761623989.870051,0,-5,29
1761623989.9080508,6,-3,22
1761623989.9440508,6,-4,32
1761623989.9810507,2,-1,31
1761623990.018051,5,5,25
1761623990.0540507,-5,5,30
1761623990.0910506,-12,3,37
1761623990.1290507,-1,4,33
1761623990.1670508,-1,0,36
1761623990.2030506,0,1,37
1761623990.2400508,-4,-5,38
1761623990.278051,-6,-4,37
1761623990.3170507,0,-1,25
1761623990.3530507,-2,-3,33
1761623990.3910508,-1,-9,33
1761623990.4290507,-1,-2,30
1761623990.4680507,-3,4,25
1761623990.5040507,0,-3,30
1761623990.5420508,-7,-1,21
1761623990.5790508,-2,0,33
1761623990.6170506,-1,8,29
1761623990.653051,-5,4,29
1761623990.6910508,1,-1,25
1761623990.7290506,3,-2,20
1761623990.768051,3,0,13
1761623990.8040507,1,-8,22
1761623990.8410506,5,-2,29
1761623990.8790507,4,-3,34
1761623990.9170508,7,4,19
1761623990.9530506,8,-3,23
1761623990.9900508,-4,2,17
1761623991.0290508,-4,-5,30
1761623991.0670507,-2,-8,22
1761623991.1030507,2,-7,26
1761623991.1400506,0,0,36
1761623991.1780508,3,1,29
1761623991.2140508,1,-7,27
1761623991.2510507,4,-4,32
1761623991.2890508,6,-1,33
1761623991.3270507,9,-5,42
1761623991.3630507,0,0,42
1761623991.4000506,4,-7,38
1761623991.439051,2,-7,47
1761623991.4770508,4,-8,43
1761623991.5130508,0,-8,43
1761623991.5500507,-6,0,34
1761623991.5890508,2,0,30
1761623991.6250508,2,0,37
1761623991.6620507,2,2,16
1761623991.699051,1,-3,26
1761623991.735051,4,0,30
1761623991.7720506,3,1,28
1761623991.8090508,-1,1,34
1761623991.8480508,-4,-5,25
1761623991.8840508,-7,-6,23
1761623991.9210508,1,-7,29
1761623991.959051,-2,-10,25
1761623991.995051,2,-4,21
1761623992.0320508,5,-6,32
1761623992.0690508,0,-1,36
1761623992.1080508,0,3,27
1761623992.1440508,7,7,26
1761623992.1810508,3,3,36
1761623992.2190506,3,4,24
1761623992.255051,-6,2,29
1761623992.2930508,-12,0,30
1761623992.3300507,0,-1,30
1761623992.3680508,0,-2,41
1761623992.4040508,-2,0,38
1761623992.4410508,-4,-7,32
1761623992.4800508,4,-10,32
1761623992.518051,2,-7,33
1761623992.5540507,-7,-2,29
1761623992.5910506,-8,0,28
1761623992.630051,-7,2,31
1761623992.6680508,-1,3,39
1761623992.7040508,0,-4,26
1761623992.7410507,6,0,36
1761623992.7790508,1,-1,29
1761623992.8150508,-3,-3,23
1761623992.8520508,-8,-3,30
1761623992.8900506,2,-4,34
1761623992.9290507,0,-5,33
1761623992.9650507,-1,-1,34
1761623993.0020506,-4,-8,32
1761623993.0400507,-3,2,25
1761623993.0790508,4,3,29
1761623993.1150508,-1,4,34
1761623993.1540508,-11,0,34
1761623993.1910508,2,-2,39
1761623993.2290506,-3,5,40
1761623993.2650506,5,-5,40
1761623993.3020508,8,-4,31
1761623993.3410506,1,2,28
1761623993.3790507,-3,0,33
1761623993.4150507,2,0,42
1761623993.4520507,-2,2,28
1761623993.4900508,4,0,31
1761623993.528051,1,5,26
1761623993.564051,-1,3,34
1761623993.6010506,-2,0,31
1761623993.6390507,-1,-5,24
1761623993.6750507,8,0,27
1761623993.712051,0,-5,32
1761623993.7500508,0,0,39
1761623993.7860508,0,-5,39
1761623993.8230507,-3,-4,32
1761623993.8610508,-2,-1,38
1761623993.9000506,1,-1,34
1761623993.936051,1,-8,34
1761623993.9730508,0,-6,32
1761623994.0110507,-10,5,34
1761623994.0490508,-1,7,43
1761623994.0850508,0,4,37
1761623994.1220508,7,4,33
1761623994.1600506,6,2,29
1761623994.1960506,-2,-5,27
1761623994.2340508,-2,-7,28
1761623994.2720506,3,0,20
1761623994.3100507,0,0,35
1761623994.3460507,-4,-2,30
1761623994.383051,-9,0,38
1761623994.4200506,-2,-2,35
1761623994.459051,-6,-1,49
1761623994.495051,-5,4,42
1761623994.5330508,-5,4,34
1761623994.5700507,-2,3,31
1761623994.6060507,-6,5,34
1761623994.6440508,-1,-1,24
1761623994.6820507,-9,-1,28
1761623994.7210507,-8,4,18
1761623994.7590508,2,2,27
1761623994.7950506,2,3,28
1761623994.8330507,-4,-3,26
1761623994.8710508,2,-2,24
1761623994.9090507,-3,2,30
1761623994.9450507,3,-5,37
1761623994.9830508,1,2,32
1761623995.0210507,2,3,32
1761623995.0590508,-3,-8,31
1761623995.0950508,-6,-1,35
1761623995.1320508,-13,-1,25
1761623995.1710508,-1,0,41
1761623995.209051,2,1,37
1761623995.245051,-1,4,43
1761623995.2820508,-5,-3,31
1761623995.3210506,-4,-3,32
1761623995.3590508,1,-1,39
1761623995.3950508,2,0,17
1761623995.4320507,0,-6,28
1761623995.4700508,3,-6,25
1761623995.5060508,0,-8,23
1761623995.5430508,-5,0,26
1761623995.5810506,-4,-6,26
1761623995.620051,0,-1,31
1761623995.6560507,0,0,27
1761623995.6930506,3,-6,27
1761623995.7310507,0,-1,29
1761623995.7690508,0,3,27
1761623995.8050506,2,0,32
1761623995.8420508,2,3,34
1761623995.880051,1,1,22
1761623995.916051,9,4,29
1761623995.9530506,0,4,36
1761623995.9910507,-3,-3,40
1761623996.0270507,-1,3,37
1761623996.064051,-3,0,32
1761623996.1020508,-1,1,27
1761623996.1410508,2,-1,21
1761623996.1770508,2,-7,22
1761623996.2140508,-1,-2,32
1761623996.2520506,-3,2,28
1761623996.291051,-1,0,30
1761623996.3270507,-3,4,34
1761623996.3640506,-1,6,29
1761623996.4010508,-4,0,22
1761623996.4370508,-5,-1,46
1761623996.4740508,-6,-6,38
1761623996.5120506,-1,0,32
1761623996.5500507,-5,-3,27
1761623996.5860507,-6,1,31
1761623996.6230507,2,-1,34
1761623996.6610508,-2,-3,43
1761623996.6970508,-4,-2,40
1761623996.7340508,3,1,38
1761623996.7710507,-1,4,20
1761623996.8070507,-3,2,37
1761623996.8440506,-6,-3,28
1761623996.8820508,3,-2,23
1761623996.9210508,7,3,29
1761623996.9570508,0,3,32
1761623996.9940507,-4,-2,30
1761623997.0320508,-2,-6,27
1761623997.0710506,0,0,37
1761623997.107051,2,3,35
1761623997.1440508,0,-1,35
1761623997.1820507,-2,-1,40
1761623997.2210507,2,5,33
1761623997.2570508,2,4,39
1761623997.2940507,-6,2,38
1761623997.3320508,3,1,28
1761623997.370051,-5,4,28
1761623997.4060507,-5,0,25
1761623997.4430506,-4,0,27
1761623997.4810507,2,-8,23
1761623997.5170507,-1,-3,28
1761623997.5550506,-3,-4,39
1761623997.5930507,-1,0,31
1761623997.6310508,1,0,36
1761623997.6670508,-2,0,36
1761623997.7040508,-4,1,18
1761623997.7420506,5,-1,20
1761623997.7800508,1,-5,31
1761623997.8160508,-3,1,40
1761623997.8530507,3,0,42
1761623997.8910508,1,-3,25
1761623997.9270508,10,0,21
1761623997.9640508,-1,-2,34
1761623998.0020506,-4,-1,31
1761623998.041051,-1,8,29
1761623998.0770507,-1,9,32
1761623998.1140506,-1,1,27
1761623998.1520507,-9,6,26
1761623998.1880507,-3,5,25
1761623998.2260506,-2,-3,28
1761623998.2650506,-2,3,35
1761623998.3020508,-5,-3,34
1761623998.3410506,0,-9,29
1761623998.3770506,0,-5,22
1761623998.4140508,-8,0,20
1761623998.4520507,-4,-6,40
1761623998.4910507,-6,0,48
1761623998.5270507,-8,0,35
1761623998.564051,1,-1,33
1761623998.6020508,-3,-1,26
1761623998.6410508,-2,0,33
1761623998.6770508,0,5,33
1761623998.7150507,0,7,28
1761623998.7520506,1,-2,36
1761623998.788051,1,-1,29
1761623998.8250508,6,0,17
1761623998.8620508,3,-2,31
1761623998.9060507,2,-4,23
1761623998.9440508,-4,4,15
1761623998.9830508,6,0,31
1761623999.0210507,-3,-3,27
1761623999.0570507,-9,1,33
1761623999.0940506,-1,0,34
1761623999.1320508,0,-1,36
1761623999.1680508,-3,3,34
1761623999.2050507,-6,2,33
1761623999.2430508,-4,4,36
1761623999.2810507,-1,4,39
1761623999.3170507,-3,4,29
1761623999.3540506,4,6,31
1761623999.3930507,10,0,35
1761623999.4310508,10,-2,30
1761623999.4670508,6,2,27
1761623999.5040507,-1,2,17
1761623999.5430508,-4,2,32
1761623999.5810506,0,5,25
1761623999.6170506,0,5,40
1761623999.6540508,2,-2,38
1761623999.6930506,1,-3,42
1761623999.7310507,-1,0,37
1761623999.7670507,3,1,32
1761623999.8040507,-3,-6,25
1761623999.8430507,-4,-6,21
1761623999.8810508,2,-4,27
1761623999.9170508,3,0,29
1761623999.9550507,-2,-6,24
1761623999.9930508,-7,-3,25
